Gene A,Gene B,Label,Score,Precision,Recall,False Positive Rate
YDR001C,YFR004W,0,3.939405,0.0,0.0,0.00010002000635722652
YDR214W,YDL010W,0,3.9165344,0.0,0.0,0.00020004001271445304
YBR204C,YJR059W,0,3.8261976,0.0,0.0,0.0003000600263476372
YOR155C,YMR004W,0,3.71278,0.0,0.0,0.0004000800254289061
YBL101C,YKL126W,1,3.5757663,0.20000000298023224,0.0009980039903894067,0.0004000800254289061
YGR194C,YDL010W,0,3.3534472,0.1666666716337204,0.0009980039903894067,0.000500100024510175
YDR059C,YGR167W,1,3.2914217,0.2857142984867096,0.0019960079807788134,0.000500100024510175
YNL159C,YDR329C,0,3.2443485,0.25,0.0019960079807788134,0.0006001200526952744
YNL241C,YNL084C,0,3.1863441,0.2222222238779068,0.0019960079807788134,0.0007001400226727128
YBR214W,YJR125C,1,3.1744251,0.30000001192092896,0.002994012087583542,0.0007001400226727128
YCL034W,YKL126W,1,3.169842,0.3636363744735718,0.003992015961557627,0.0007001400226727128
YGL181W,YJR125C,1,3.150261,0.4166666567325592,0.004990019835531712,0.0007001400226727128
YOR036W,YLR025W,0,3.0756555,0.38461539149284363,0.004990019835531712,0.0008001600508578122
YGR277C,YDL025C,0,3.0663097,0.3571428656578064,0.004990019835531712,0.0009001800208352506
YLL039C,YBR173C,0,3.0631008,0.3333333432674408,0.004990019835531712,0.00100020004902035
YBR214W,YLR396C,0,3.0552201,0.3125,0.004990019835531712,0.0011002200189977884
YDR069C,YBR059C,1,3.0522294,0.3529411852359772,0.005988024175167084,0.0011002200189977884
YCL034W,YHR114W,1,3.0508037,0.3888888955116272,0.006986028049141169,0.0011002200189977884
YPR165W,YPR025C,0,3.0284166,0.3684210479259491,0.006986028049141169,0.0012002401053905487
YNR001C,YOL031C,0,3.0272775,0.3499999940395355,0.006986028049141169,0.0013002600753679872
YKR014C,YBL007C,1,3.0215025,0.380952388048172,0.007984031923115253,0.0013002600753679872
YIR003W,YOR124C,0,3.0206087,0.3636363744735718,0.007984031923115253,0.0014002800453454256
YDR329C,YGR088W,0,2.9894412,0.3478260934352875,0.007984031923115253,0.001500300015322864
YGL181W,YKL126W,1,2.9819176,0.375,0.008982036262750626,0.001500300015322864
YKL126W,YJR125C,1,2.9551082,0.4000000059604645,0.009980039671063423,0.001500300015322864
YBL041W,YBR056W,0,2.9352202,0.38461539149284363,0.009980039671063423,0.0016003201017156243
YBR229C,YNL006W,0,2.8889985,0.37037035822868347,0.009980039671063423,0.0017003400716930628
YER035W,YJR044C,0,2.868482,0.3571428656578064,0.009980039671063423,0.0018003600416705012
YLR206W,YJR125C,1,2.7781563,0.37931033968925476,0.010978044010698795,0.0018003600416705012
YER103W,YGL233W,0,2.754326,0.36666667461395264,0.010978044010698795,0.0019003801280632615
YGR284C,YJL036W,0,2.7448635,0.35483869910240173,0.010978044010698795,0.0020004000980407
YBR207W,YGR167W,1,2.724813,0.375,0.011976048350334167,0.0020004000980407
YKR014C,YML029W,0,2.696517,0.3636363744735718,0.011976048350334167,0.0021004201844334602
YER053C,YPR108W,0,2.6930733,0.3529411852359772,0.011976048350334167,0.002200440037995577
YNL084C,YKR014C,1,2.6863031,0.37142857909202576,0.012974051758646965,0.002200440037995577
YKL126W,YBR059C,1,2.6861782,0.3888888955116272,0.013972056098282337,0.002200440037995577
YMR135C,YBR199W,0,2.6814156,0.37837839126586914,0.013972056098282337,0.002300460124388337
YIL117C,YIL155C,0,2.6466885,0.3684210479259491,0.013972056098282337,0.0024004802107810974
YDR069C,YJR125C,1,2.6287034,0.38461539149284363,0.014970059506595135,0.0024004802107810974
YOR173W,YLL029W,0,2.6286404,0.375,0.014970059506595135,0.002500500064343214
YHR104W,YJL053W,0,2.6253457,0.3658536672592163,0.014970059506595135,0.0026005201507359743
YDR503C,YLL039C,0,2.612252,0.3571428656578064,0.014970059506595135,0.002700540004298091
YBR109C,YHR016C,1,2.595629,0.3720930218696594,0.015968063846230507,0.002700540004298091
YDR519W,YMR197C,0,2.5917392,0.3636363744735718,0.015968063846230507,0.002800560090690851
YPR029C,YPR024W,0,2.582724,0.35555556416511536,0.015968063846230507,0.0029005801770836115
YGL203C,YGL010W,0,2.5822449,0.3478260934352875,0.015968063846230507,0.003000600030645728
YCL032W,YAL017W,0,2.5770135,0.3404255211353302,0.015968063846230507,0.0031006201170384884
YOR245C,YDR368W,0,2.5754344,0.3333333432674408,0.015968063846230507,0.0032006402034312487
YFL048C,YAL055W,0,2.5640604,0.3265306055545807,0.015968063846230507,0.0033006600569933653
YJL204C,YBR059C,1,2.564004,0.3400000035762787,0.016966067254543304,0.0033006600569933653
YCL043C,YKL208W,0,2.5379086,0.3333333432674408,0.016966067254543304,0.0034006801433861256
YLR337C,YOR089C,1,2.533145,0.3461538553237915,0.01796407252550125,0.0034006801433861256
YKR014C,YPR165W,1,2.529862,0.35849055647850037,0.01896207593381405,0.0034006801433861256
YBR082C,YKL100C,0,2.5115805,0.35185185074806213,0.01896207593381405,0.003500700229778886
YBR035C,YLR270W,0,2.5065246,0.34545454382896423,0.01896207593381405,0.0036007200833410025
YGR167W,YJL154C,0,2.4877148,0.3392857015132904,0.01896207593381405,0.0037007401697337627
YAL016W,YOL133W,0,2.4837115,0.3333333432674408,0.01896207593381405,0.003800760256126523
YIR006C,YMR109W,1,2.463621,0.3448275923728943,0.019960079342126846,0.003800760256126523
YPL020C,YPL154C,0,2.4634566,0.33898305892944336,0.019960079342126846,0.0039007801096886396
YNL154C,YNL243W,1,2.4558055,0.3499999940395355,0.020958084613084793,0.0039007801096886396
YCR009C,YBR109C,1,2.450714,0.3606557250022888,0.02195608802139759,0.0039007801096886396
YGL181W,YOR008C,1,2.437439,0.3709677457809448,0.022954091429710388,0.0039007801096886396
YKL179C,YKL210W,0,2.4321473,0.3650793731212616,0.022954091429710388,0.0040008001960814
YJL034W,YGR048W,0,2.4319623,0.359375,0.022954091429710388,0.0041008200496435165
YGL181W,YPR165W,1,2.4178207,0.3692307770252228,0.023952096700668335,0.0041008200496435165
YBL007C,YGR167W,1,2.4057994,0.3787878751754761,0.024950100108981133,0.0041008200496435165
YPR165W,YNR035C,1,2.400652,0.38805970549583435,0.02594810351729393,0.0041008200496435165
YGL203C,YLR270W,0,2.3924704,0.38235294818878174,0.02594810351729393,0.0042008403688669205
YLR206W,YKL126W,1,2.384162,0.3913043439388275,0.026946106925606728,0.0042008403688669205
YJR155W,YNL115C,0,2.3722246,0.3857142925262451,0.026946106925606728,0.004300860222429037
YKR014C,YIL041W,1,2.3616295,0.39436620473861694,0.027944112196564674,0.004300860222429037
YNL243W,YJL204C,1,2.358714,0.4027777910232544,0.028942115604877472,0.004300860222429037
YDL190C,YPR107C,0,2.3578486,0.39726027846336365,0.028942115604877472,0.004400880075991154
YDR059C,YBR109C,1,2.3468928,0.4054054021835327,0.02994011901319027,0.004400880075991154
YDR264C,YBR059C,1,2.3381782,0.41333332657814026,0.030938124284148216,0.004400880075991154
YDR490C,YPR165W,1,2.33696,0.42105263471603394,0.031936127692461014,0.004400880075991154
YDR059C,YAL017W,0,2.331086,0.41558441519737244,0.031936127692461014,0.004500900395214558
YFL039C,YGR167W,1,2.3209877,0.42307692766189575,0.03293413296341896,0.004500900395214558
YGR198W,YGL181W,1,2.312995,0.4303797483444214,0.03393213450908661,0.004500900395214558
YIR022W,YMR250W,0,2.3026593,0.42500001192092896,0.03393213450908661,0.004600920248776674
YCL034W,YPR165W,1,2.2938564,0.43209877610206604,0.034930139780044556,0.004600920248776674
YNL297C,YPR165W,1,2.2935314,0.4390243887901306,0.0359281450510025,0.004600920248776674
YNR035C,YKL126W,1,2.2868266,0.4457831382751465,0.03692614659667015,0.004600920248776674
YPL188W,YOL151W,0,2.2844324,0.4404761791229248,0.03692614659667015,0.004700940102338791
YMR315W,YOL088C,0,2.2831528,0.43529412150382996,0.03692614659667015,0.004800960421562195
YHR114W,YJR125C,1,2.2797284,0.44186046719551086,0.0379241518676281,0.004800960421562195
YCL034W,YOR109W,1,2.2705212,0.4482758641242981,0.038922157138586044,0.004800960421562195
YDL142C,YPL240C,0,2.265161,0.4431818127632141,0.038922157138586044,0.0049009802751243114
YOR256C,YOR076C,0,2.2579165,0.43820226192474365,0.038922157138586044,0.005001000128686428
YFR015C,YFL048C,0,2.2491145,0.4333333373069763,0.038922157138586044,0.005101019982248545
YNL336W,YKL064W,0,2.2351198,0.4285714328289032,0.038922157138586044,0.005201040301471949
YLR191W,YDL022W,0,2.2340279,0.42391303181648254,0.038922157138586044,0.005301060155034065
YBL019W,YOR020C,0,2.2329173,0.4193548262119293,0.038922157138586044,0.005401080008596182
YBR207W,YOR089C,1,2.2293048,0.42553192377090454,0.03992015868425369,0.005401080008596182
YHR161C,YBR214W,1,2.2253332,0.43157893419265747,0.04091816395521164,0.005401080008596182
YCL034W,YOR008C,1,2.2248473,0.4375,0.041916169226169586,0.005401080008596182
YNL084C,YPR165W,1,2.2192554,0.44329896569252014,0.042914170771837234,0.005401080008596182
YOR219C,YOR299W,0,2.2102547,0.43877550959587097,0.042914170771837234,0.005501100327819586
YMR311C,YDR162C,0,2.2053657,0.4343434274196625,0.042914170771837234,0.005601120181381702
YIR006C,YBL007C,1,2.2040615,0.4399999976158142,0.04391217604279518,0.005601120181381702
YOR230W,YFL054C,0,2.1944542,0.4356435537338257,0.04391217604279518,0.005701140034943819
YDR264C,YBR214W,1,2.1933255,0.44117647409439087,0.04491018131375313,0.005701140034943819
YNR008W,YNL321W,0,2.188225,0.43689319491386414,0.04491018131375313,0.005801160354167223
YER103W,YGL071W,0,2.1754656,0.4326923191547394,0.04491018131375313,0.00590118020772934
YLR206W,YLR109W,0,2.1750488,0.4285714328289032,0.04491018131375313,0.006001200061291456
YDR503C,YIL112W,0,2.173934,0.4245283007621765,0.04491018131375313,0.00610122038051486
YPL152W,YNL264C,0,2.1672764,0.420560747385025,0.04491018131375313,0.006201240234076977
YNL325C,YNL015W,0,2.1606486,0.4166666567325592,0.04491018131375313,0.006301260087639093
YLR028C,YAL055W,0,2.155311,0.4128440320491791,0.04491018131375313,0.006401280406862497
YKR003W,YPL004C,1,2.1365867,0.41818180680274963,0.045908182859420776,0.006401280406862497
YOR299W,YDR084C,0,2.135321,0.4144144058227539,0.045908182859420776,0.006501300260424614
YKR003W,YBL007C,1,2.1297371,0.4196428656578064,0.04690618813037872,0.006501300260424614
YDR129C,YCL034W,1,2.114521,0.4247787594795227,0.04790419340133667,0.006501300260424614
YGL181W,YOR131C,0,2.101698,0.42105263471603394,0.04790419340133667,0.006601320113986731
YGR086C,YBR273C,0,2.101476,0.417391300201416,0.04790419340133667,0.0067013404332101345
YMR135C,YKR018C,0,2.1009824,0.4137931168079376,0.04790419340133667,0.006801360286772251
YDR074W,YML121W,0,2.098139,0.41025641560554504,0.04790419340133667,0.006901380140334368
YPL059W,YMR170C,0,2.0951953,0.4067796468734741,0.04790419340133667,0.007001400459557772
YML049C,YNL305C,0,2.0811362,0.40336135029792786,0.04790419340133667,0.007101420313119888
YIL168W,YPR028W,0,2.0807943,0.4000000059604645,0.04790419340133667,0.007201440166682005
YER035W,YBL105C,0,2.069232,0.39669421315193176,0.04790419340133667,0.007301460485905409
YOR332W,YCL033C,0,2.062573,0.39344263076782227,0.04790419340133667,0.0074014803394675255
YGL121C,YHR012W,0,2.062521,0.39024388790130615,0.04790419340133667,0.007501500193029642
YCL034W,YDR264C,1,2.0617964,0.39516130089759827,0.04890219494700432,0.007501500193029642
YDR264C,YBL047C,1,2.0601811,0.4000000059604645,0.049900200217962265,0.007501500193029642
YIR034C,YIR036C,0,2.0567584,0.3968254029750824,0.049900200217962265,0.007601520512253046
YHR161C,YHR001W,1,2.055549,0.4015747904777527,0.05089820176362991,0.007601520512253046
YDR059C,YKL126W,1,2.054499,0.40625,0.05189620703458786,0.007601520512253046
YKL179C,YDR358W,0,2.042442,0.40310078859329224,0.05189620703458786,0.007701540365815163
YOR155C,YOR256C,0,2.039556,0.4000000059604645,0.05189620703458786,0.007801560219377279
YPR165W,YKL126W,1,2.030004,0.40458014607429504,0.05289421230554581,0.007801560219377279
YCR093W,YNL077W,0,2.0299253,0.4015151560306549,0.05289421230554581,0.007901580072939396
YDR059C,YNR035C,1,2.0232432,0.4060150384902954,0.053892213851213455,0.007901580072939396
YBR109C,YBL101C,1,2.0186837,0.41044774651527405,0.0548902191221714,0.007901580072939396
YJL024C,YHR104W,0,2.0072122,0.40740740299224854,0.0548902191221714,0.0080016003921628
YPL270W,YAL055W,0,2.005432,0.40441176295280457,0.0548902191221714,0.008101620711386204
YKR014C,YDR059C,1,2.0000176,0.40875911712646484,0.05588822439312935,0.008101620711386204
YDR388W,YKL119C,0,1.9964833,0.4057970941066742,0.05588822439312935,0.008201640099287033
YHR001W,YJR125C,1,1.9920502,0.4100719392299652,0.056886225938797,0.008201640099287033
YDR085C,YKL015W,0,1.9908311,0.40714284777641296,0.056886225938797,0.008301660418510437
YPR165W,YDR069C,1,1.9865496,0.41134750843048096,0.057884231209754944,0.008301660418510437
YGL181W,YHR114W,1,1.9791002,0.4154929518699646,0.05888223648071289,0.008301660418510437
YCL052C,YMR100W,0,1.9781911,0.41258740425109863,0.05888223648071289,0.008401680737733841
YCL032W,YKR066C,0,1.9748659,0.4097222089767456,0.05888223648071289,0.00850170012563467
YBR080C,YDL110C,0,1.9741621,0.40689656138420105,0.05888223648071289,0.008601720444858074
YNL084C,YBL007C,1,1.9658971,0.4109589159488678,0.05988023802638054,0.008601720444858074
YMR029C,YOR353C,0,1.9603786,0.40816327929496765,0.05988023802638054,0.008701740764081478
YHR161C,YGL181W,1,1.960341,0.4121621549129486,0.060878243297338486,0.008701740764081478
YDR155C,YDR196C,0,1.95871,0.4093959629535675,0.060878243297338486,0.008801760151982307
YNL297C,YBR214W,1,1.9565785,0.41333332657814026,0.06187624856829643,0.008801760151982307
YNL336W,YHR082C,0,1.9516611,0.41059601306915283,0.06187624856829643,0.008901780471205711
YNL267W,YDL161W,0,1.9433746,0.40789473056793213,0.06187624856829643,0.009001800790429115
YKL195W,YBL101C,0,1.9420741,0.40522876381874084,0.06187624856829643,0.009101820178329945
YDL019C,YOR089C,1,1.9284568,0.40909090638160706,0.06287425011396408,0.009101820178329945
YBR024W,YCL047C,0,1.9270418,0.40645161271095276,0.06287425011396408,0.009201840497553349
YPL042C,YOR356W,0,1.9243884,0.4038461446762085,0.06287425011396408,0.009301860816776752
YGL156W,YBR234C,0,1.918994,0.4012738764286041,0.06287425011396408,0.009401880204677582
YDL052C,YDR051C,0,1.9088259,0.3987341821193695,0.06287425011396408,0.009501900523900986
YFL038C,YGR077C,0,1.9086006,0.3962264060974121,0.06287425011396408,0.00960192084312439
YFL010W-A,YLL001W,0,1.9044764,0.39375001192092896,0.06287425011396408,0.009701940231025219
YGL133W,YML128C,0,1.8973732,0.3913043439388275,0.06287425011396408,0.009801960550248623
YHR016C,YJR125C,1,1.8941123,0.395061731338501,0.06387225538492203,0.009801960550248623
YDR264C,YPR165W,1,1.891047,0.3987730145454407,0.06487026065587997,0.009801960550248623
YBR109C,YCL034W,1,1.8862619,0.40243902802467346,0.06586826592683792,0.009801960550248623
YCL034W,YHR135C,1,1.8835177,0.4060606062412262,0.06686626374721527,0.009801960550248623
YDR058C,YNL331C,0,1.8814712,0.40361446142196655,0.06686626374721527,0.009901979938149452
YDL010W,YBR241C,0,1.8733115,0.401197612285614,0.06686626374721527,0.010002000257372856
YER012W,YBR183W,0,1.8666086,0.3988095223903656,0.06686626374721527,0.01010202057659626
YGR209C,YGR033C,0,1.8640618,0.3964497148990631,0.06686626374721527,0.01020203996449709
YHR114W,YGR241C,1,1.8634214,0.4000000059604645,0.06786426901817322,0.01020203996449709
YHR161C,YGR086C,1,1.8630474,0.4035087823867798,0.06886227428913116,0.01020203996449709
YGR194C,YOR076C,0,1.8619885,0.4011628031730652,0.06886227428913116,0.010302060283720493
YKL013C,YDL021W,0,1.8603461,0.3988439440727234,0.06886227428913116,0.010402080602943897
YOR374W,YBR059C,0,1.8580215,0.3965517282485962,0.06886227428913116,0.010502099990844727
YDR238C,YJL101C,0,1.8575363,0.3942857086658478,0.06886227428913116,0.01060212031006813
YDR129C,YOR327C,1,1.8573738,0.39772728085517883,0.06986027956008911,0.01060212031006813
YJL221C,YBR290W,0,1.8570303,0.395480215549469,0.06986027956008911,0.010702140629291534
YDR533C,YMR070W,0,1.8561084,0.3932584226131439,0.06986027956008911,0.010802160017192364
YGR198W,YOR109W,1,1.8522749,0.3966480493545532,0.07085828483104706,0.010802160017192364
YKR014C,YDR129C,1,1.8474844,0.4000000059604645,0.071856290102005,0.010802160017192364
YKL165C,YKL094W,0,1.8463762,0.3977900445461273,0.071856290102005,0.010902180336415768
YBR235W,YKR018C,0,1.8395352,0.3956044018268585,0.071856290102005,0.011002200655639172
YGR241C,YGR086C,1,1.8379852,0.3989070951938629,0.07285428792238235,0.011002200655639172
YDR512C,YOL068C,0,1.8366641,0.39673912525177,0.07285428792238235,0.011102220043540001
YDR388W,YHR114W,1,1.8355182,0.4000000059604645,0.0738522931933403,0.011102220043540001
YPR108W,YPR028W,0,1.8344673,0.3978494703769684,0.0738522931933403,0.011202240362763405
YNL084C,YOR329C,1,1.8315105,0.4010695219039917,0.07485029846429825,0.011202240362763405
YJR022W,YKL189W,0,1.8310624,0.3989361822605133,0.07485029846429825,0.011302260681986809
YBR216C,YMR173W,0,1.8237576,0.3968254029750824,0.07485029846429825,0.011402280069887638
YER103W,YDL019C,0,1.8233094,0.3947368562221527,0.07485029846429825,0.011502300389111042
YBR109C,YIL041W,1,1.8223671,0.39790576696395874,0.0758483037352562,0.011502300389111042
YOL158C,YMR083W,0,1.8210711,0.3958333432674408,0.0758483037352562,0.011602320708334446
YBR058C,YKL091C,0,1.8197452,0.393782377243042,0.0758483037352562,0.011702340096235275
YIR003W,YOR003W,0,1.8196042,0.39175257086753845,0.0758483037352562,0.01180236041545868
YMR109W,YBL101C,1,1.8187941,0.3948718011379242,0.07684630900621414,0.01180236041545868
YJR125C,YDR202C,0,1.8175699,0.3928571343421936,0.07684630900621414,0.011902380734682083
YLR178C,YPR023C,0,1.8171213,0.39086294174194336,0.07684630900621414,0.012002400122582912
YOR382W,YHR012W,0,1.812819,0.3888888955116272,0.07684630900621414,0.012102420441806316
YER012W,YBL102W,0,1.811481,0.38693466782569885,0.07684630900621414,0.01220244076102972
YOR142W,YBL099W,0,1.8027563,0.38499999046325684,0.07684630900621414,0.01230246014893055
YNL020C,YPR165W,1,1.7998462,0.38805970549583435,0.07784431427717209,0.01230246014893055
YFL048C,YBR288C,0,1.7994035,0.3861386179924011,0.07784431427717209,0.012402480468153954
YJR051W,YOR014W,0,1.799273,0.3842364549636841,0.07784431427717209,0.012502500787377357
YOL151W,YDR371W,0,1.7955043,0.38235294818878174,0.07784431427717209,0.012602520175278187
YNL241C,YKL130C,0,1.7947623,0.3804877996444702,0.07784431427717209,0.01270254049450159
YCR009C,YBL007C,1,1.7929693,0.38349515199661255,0.07884231209754944,0.01270254049450159
YNL265C,YDL146W,0,1.7927029,0.38164252042770386,0.07884231209754944,0.012802560813724995
YBR055C,YNL212W,0,1.7919997,0.3798076808452606,0.07884231209754944,0.012902580201625824
YPR023C,YHR135C,0,1.791076,0.3779904246330261,0.07884231209754944,0.013002600520849228
YDR229W,YNL134C,0,1.7891904,0.3761904835700989,0.07884231209754944,0.013102620840072632
YDR487C,YML126C,0,1.7817087,0.3744075894355774,0.07884231209754944,0.013202640227973461
YPL196W,YHR171W,0,1.7790977,0.37264150381088257,0.07884231209754944,0.013302660547196865
YHL019C,YJL036W,0,1.7789755,0.3708920180797577,0.07884231209754944,0.013402680866420269
YIR022W,YGL181W,0,1.7773159,0.36915886402130127,0.07884231209754944,0.013502700254321098
YHR008C,YJR138W,0,1.7752634,0.367441862821579,0.07884231209754944,0.013602720573544502
YDR388W,YJR125C,1,1.7734051,0.37037035822868347,0.07984031736850739,0.013602720573544502
YCR030C,YNR007C,0,1.7725041,0.36866360902786255,0.07984031736850739,0.013702740892767906
YNL274C,YNL129W,0,1.7665219,0.3669724762439728,0.07984031736850739,0.013802760280668736
YML007W,YOL064C,0,1.7629296,0.3652968108654022,0.07984031736850739,0.01390278059989214
YEL013W,YFL038C,0,1.7627727,0.3636363744735718,0.07984031736850739,0.014002800919115543
YPR165W,YDL161W,1,1.7621524,0.3665158450603485,0.08083832263946533,0.014002800919115543
YCR066W,YIR039C,0,1.760164,0.36486485600471497,0.08083832263946533,0.014102820307016373
YDR453C,YHL034C,0,1.7599165,0.3632287085056305,0.08083832263946533,0.014202840626239777
YDR069C,YJL204C,1,1.7579463,0.3660714328289032,0.08183632791042328,0.014202840626239777
YER061C,YJL149W,0,1.7577531,0.36444443464279175,0.08183632791042328,0.01430286094546318
YIL114C,YNL073W,0,1.7569295,0.36283186078071594,0.08183632791042328,0.01440288033336401
YDL019C,YGR086C,1,1.7565266,0.36563876271247864,0.08283433318138123,0.01440288033336401
YOR008C,YGR086C,1,1.7559853,0.3684210479259491,0.08383233845233917,0.01440288033336401
YBL101C,YMR173W,0,1.7519989,0.36681222915649414,0.08383233845233917,0.014502900652587414
YIL088C,YKL208W,0,1.7496088,0.365217387676239,0.08383233845233917,0.014602920971810818
YGR008C,YGL224C,0,1.746114,0.3636363744735718,0.08383233845233917,0.014702940359711647
YMR090W,YBR059C,0,1.7401836,0.36206895112991333,0.08383233845233917,0.014802960678935051
YJL213W,YCL047C,0,1.7387835,0.3605150282382965,0.08383233845233917,0.014902980998158455
YLR079W,YPL214C,0,1.7374086,0.3589743673801422,0.08383233845233917,0.015003000386059284
YPL195W,YNL322C,0,1.7349513,0.3574468195438385,0.08383233845233917,0.015103020705282688
YLR144C,YKR039W,0,1.7316005,0.35593220591545105,0.08383233845233917,0.015203041024506092
YCR030C,YHR161C,0,1.7314605,0.3544303774833679,0.08383233845233917,0.015303060412406921
YKL103C,YHR161C,0,1.7294533,0.3529411852359772,0.08383233845233917,0.015403080731630325
YIR006C,YNL243W,1,1.7277833,0.35564854741096497,0.08483033627271652,0.015403080731630325
YOL071W,YGR277C,0,1.7271433,0.3541666567325592,0.08483033627271652,0.01550310105085373
YKR014C,YOR329C,1,1.7261546,0.35684648156166077,0.08582834154367447,0.01550310105085373
YDL020C,YPR185W,0,1.7198479,0.35537189245224,0.08582834154367447,0.015603120438754559
YIL010W,YBR241C,0,1.7169282,0.3539094626903534,0.08582834154367447,0.015703139826655388
YKR003W,YIL041W,1,1.711617,0.35655736923217773,0.08682634681463242,0.015703139826655388
YDR264C,YDR069C,1,1.7083647,0.359183669090271,0.08782435208559036,0.015703139826655388
YCL034W,YBL101C,1,1.706759,0.36178863048553467,0.08882235735654831,0.015703139826655388
YAL053W,YKL094W,0,1.7053025,0.36032387614250183,0.08882235735654831,0.015803160145878792
YGR167W,YOR162C,0,1.7048017,0.3588709533214569,0.08882235735654831,0.015903180465102196
YCL034W,YJR125C,1,1.7039434,0.3614457845687866,0.08982036262750626,0.015903180465102196
YGR026W,YGL234W,0,1.7034547,0.36000001430511475,0.08982036262750626,0.0160032007843256
YNL169C,YNL098C,0,1.7008724,0.3585657477378845,0.08982036262750626,0.016103221103549004
YOL071W,YNL238W,0,1.6998248,0.3571428656578064,0.08982036262750626,0.016203241422772408
YLR378C,YHR064C,0,1.6967227,0.35573121905326843,0.08982036262750626,0.016303259879350662
YOR036W,YDL095W,0,1.6965172,0.35433071851730347,0.08982036262750626,0.016403280198574066
YDR452W,YDR169C,0,1.6956446,0.3529411852359772,0.08982036262750626,0.01650330051779747
YIL105C,YGL131C,0,1.69549,0.3515625,0.08982036262750626,0.016603320837020874
YDL161W,YBL047C,1,1.693784,0.3540855944156647,0.0908183604478836,0.016603320837020874
YHR030C,YHR176W,0,1.6917934,0.3527131676673889,0.0908183604478836,0.016703341156244278
YDR069C,YAL030W,1,1.687474,0.35521236062049866,0.09181636571884155,0.016703341156244278
YBR215W,YIR038C,0,1.6854042,0.35384616255760193,0.09181636571884155,0.016803361475467682
YGL181W,YJL204C,1,1.682121,0.3563218414783478,0.0928143709897995,0.016803361475467682
YKL022C,YDR262W,0,1.6803324,0.3549618422985077,0.0928143709897995,0.016903379932045937
YOL064C,YGL037C,0,1.6800053,0.35361215472221375,0.0928143709897995,0.01700340025126934
YMR311C,YMR186W,0,1.6788304,0.35227271914482117,0.0928143709897995,0.017103420570492744
YOR176W,YDR486C,0,1.6753654,0.350943386554718,0.0928143709897995,0.01720344088971615
YKL186C,YMR173W,0,1.670694,0.34962406754493713,0.0928143709897995,0.017303461208939552
YLR119W,YIL041W,0,1.6696202,0.3483146131038666,0.0928143709897995,0.017403481528162956
YNL293W,YLR142W,0,1.6693039,0.3470149338245392,0.0928143709897995,0.01750349998474121
YOR008C,YKL126W,1,1.665595,0.34944239258766174,0.09381237626075745,0.01750349998474121
YPR073C,YPL094C,0,1.6646256,0.3481481373310089,0.09381237626075745,0.017603520303964615
YHR008C,YGR033C,0,1.6645856,0.3468634784221649,0.09381237626075745,0.01770354062318802
YGR209C,YDR379W,0,1.6642783,0.34558823704719543,0.09381237626075745,0.017803560942411423
YCR023C,YJL002C,0,1.6621494,0.3443223536014557,0.09381237626075745,0.017903581261634827
YPL228W,YIL135C,0,1.659352,0.34306567907333374,0.09381237626075745,0.01800360158085823
YLL043W,YGL161C,0,1.6567904,0.3418181836605072,0.09381237626075745,0.018103620037436485
YHR001W,YOR109W,1,1.6553589,0.3442029058933258,0.0948103815317154,0.018103620037436485
YDR059C,YPL124W,0,1.6552705,0.34296029806137085,0.0948103815317154,0.01820364035665989
YHR188C,YHL004W,0,1.653973,0.3417266309261322,0.0948103815317154,0.018303660675883293
YDR411C,YML109W,0,1.648151,0.3405017852783203,0.0948103815317154,0.018403680995106697
YOR322C,YGR086C,1,1.6474835,0.34285715222358704,0.09580838680267334,0.018403680995106697
YPR165W,YDR177W,1,1.6443958,0.3451957404613495,0.09680638462305069,0.018403680995106697
YDL115C,YJL164C,0,1.6401039,0.3439716398715973,0.09680638462305069,0.0185037013143301
YMR172W,YJR044C,0,1.638489,0.3427561819553375,0.09680638462305069,0.018603721633553505
YHR016C,YHR114W,1,1.6361469,0.34507042169570923,0.09780438989400864,0.018603721633553505
YDR036C,YJL030W,0,1.6359097,0.34385964274406433,0.09780438989400864,0.01870374009013176
YNL330C,YLR447C,0,1.6345441,0.3426573574542999,0.09780438989400864,0.018803760409355164
YGL206C,YPL004C,1,1.6326723,0.3449477255344391,0.09880239516496658,0.018803760409355164
YKL103C,YML038C,0,1.6292715,0.34375,0.09880239516496658,0.018903780728578568
YKL190W,YDR077W,0,1.6256977,0.3425605595111847,0.09880239516496658,0.01900380104780197
YJR036C,YLR370C,0,1.6247582,0.341379314661026,0.09880239516496658,0.019103821367025375
YDL101C,YDL054C,0,1.6199622,0.34020617604255676,0.09880239516496658,0.01920384168624878
YBL007C,YNL154C,1,1.6186924,0.34246575832366943,0.09980040043592453,0.01920384168624878
YDR368W,YOR070C,0,1.617589,0.3412969410419464,0.09980040043592453,0.019303860142827034
YBR302C,YEL058W,0,1.6173286,0.3401360511779785,0.09980040043592453,0.019403880462050438
YKR014C,YBR207W,1,1.6145074,0.3423728942871094,0.10079840570688248,0.019403880462050438
YLL019C,YOR197W,0,1.6106668,0.34121620655059814,0.10079840570688248,0.019503900781273842
YBL050W,YER022W,0,1.609892,0.3400673270225525,0.10079840570688248,0.019603921100497246
YKR014C,YOR008C,1,1.6097866,0.34228187799453735,0.10179640352725983,0.019603921100497246
YDR264C,YOR109W,1,1.6070993,0.34448161721229553,0.10279440879821777,0.019603921100497246
YJR098C,YER046W,0,1.6000447,0.34333333373069763,0.10279440879821777,0.01970394141972065
YBR287W,YBR105C,0,1.5991896,0.342192679643631,0.10279440879821777,0.019803959876298904
YDR059C,YDL019C,1,1.5988429,0.34437087178230286,0.10379241406917572,0.019803959876298904
YDL103C,YPL154C,0,1.5984102,0.3432343304157257,0.10379241406917572,0.01990398019552231
YGR198W,YBR059C,1,1.5964271,0.34539473056793213,0.10479041934013367,0.01990398019552231
YJL048C,YHR135C,0,1.5951815,0.3442623019218445,0.10479041934013367,0.020004000514745712
YCR030C,YJR009C,0,1.5950387,0.343137264251709,0.10479041934013367,0.020104020833969116
YOR173W,YLR034C,0,1.5934998,0.34201955795288086,0.10479041934013367,0.02020404115319252
YGR101W,YOR299W,0,1.592124,0.34090909361839294,0.10479041934013367,0.020304061472415924
YHR001W,YAL030W,1,1.5897547,0.3430420756340027,0.10578842461109161,0.020304061472415924
YDR306C,YOR215C,0,1.5895896,0.34193548560142517,0.10578842461109161,0.02040407992899418
YIR006C,YCL034W,1,1.5894252,0.34405145049095154,0.10678642988204956,0.02040407992899418
YFL013C,YOL113W,0,1.5890746,0.34294870495796204,0.10678642988204956,0.020504100248217583
YMR135C,YDR371W,0,1.5887308,0.3418530225753784,0.10678642988204956,0.020604120567440987
YOR329C,YML121W,0,1.5824485,0.3407643437385559,0.10678642988204956,0.02070414088666439
YFL041W,YOL028C,0,1.5819604,0.33968254923820496,0.10678642988204956,0.020804161205887794
YIR006C,YJR125C,1,1.5819569,0.3417721390724182,0.10778442770242691,0.020804161205887794
YNL229C,YNL304W,0,1.5814767,0.34069401025772095,0.10778442770242691,0.0209041815251112
YBR207W,YHR016C,1,1.580646,0.34276729822158813,0.10878243297338486,0.0209041815251112
YKR003W,YIR006C,1,1.5769144,0.3448275923728943,0.1097804382443428,0.0209041815251112
YIL065C,YGL207W,0,1.5764588,0.34375,0.1097804382443428,0.021004199981689453
YMR037C,YDR533C,0,1.5760626,0.34267911314964294,0.1097804382443428,0.021104220300912857
YGR241C,YOR089C,1,1.573237,0.3447204828262329,0.11077844351530075,0.021104220300912857
YER013W,YJL053W,0,1.5730803,0.34365326166152954,0.11077844351530075,0.02120424062013626
YDR304C,YOR208W,0,1.5713952,0.34259259700775146,0.11077844351530075,0.021304260939359665
YGR167W,YJL204C,1,1.5710216,0.3446153700351715,0.1117764487862587,0.021304260939359665
YFL038C,YNL305C,0,1.5691578,0.34355828166007996,0.1117764487862587,0.02140428125858307
YGL141W,YDR486C,0,1.5686549,0.34250763058662415,0.1117764487862587,0.021504301577806473
YNL241C,YBR281C,0,1.5658951,0.3414634168148041,0.1117764487862587,0.021604320034384727
YKL103C,YPL110C,0,1.5643321,0.3404255211353302,0.1117764487862587,0.02170434035360813
YBR068C,YOR076C,0,1.5632861,0.3393939435482025,0.1117764487862587,0.021804360672831535
YNR006W,YPR081C,0,1.559032,0.33836859464645386,0.1117764487862587,0.02190438099205494
YNL020C,YDR069C,1,1.558516,0.34036144614219666,0.11277445405721664,0.02190438099205494
YPL204W,YDR058C,0,1.5566511,0.33933934569358826,0.11277445405721664,0.022004401311278343
YDL132W,YMR047C,0,1.5562999,0.33832335472106934,0.11277445405721664,0.022104421630501747
YLR225C,YIL088C,0,1.5561967,0.3373134434223175,0.11277445405721664,0.022204440087080002
YHR112C,YML121W,0,1.5555758,0.3363095223903656,0.11277445405721664,0.022304460406303406
YCR012W,YGL153W,0,1.5543354,0.33531156182289124,0.11277445405721664,0.02240448072552681
YHR008C,YKR048C,0,1.5541731,0.334319531917572,0.11277445405721664,0.022504501044750214
YDR032C,YIL135C,0,1.5512033,0.3333333432674408,0.11277445405721664,0.022604521363973618
YEL055C,YAL023C,0,1.5507658,0.3323529362678528,0.11277445405721664,0.02270454168319702
YJR086W,YGL207W,0,1.5487518,0.331378310918808,0.11277445405721664,0.022804560139775276
YKL073W,YPL154C,0,1.5427089,0.33040934801101685,0.11277445405721664,0.02290458045899868
YGR209C,YDR090C,0,1.5406752,0.32944607734680176,0.11277445405721664,0.023004600778222084
YKL188C,YFR003C,0,1.5369196,0.32848837971687317,0.11277445405721664,0.023104621097445488
YLR109W,YOR128C,0,1.5358317,0.3275362253189087,0.11277445405721664,0.023204641416668892
YOL004W,YBR214W,0,1.5311277,0.32658958435058594,0.11277445405721664,0.023304661735892296
YHR074W,YGR241C,0,1.5308654,0.3256484270095825,0.11277445405721664,0.02340468019247055
YDL019C,YLR170C,0,1.529216,0.3247126340866089,0.11277445405721664,0.023504700511693954
YLR109W,YJL140W,0,1.5292014,0.3237822353839874,0.11277445405721664,0.02360472083091736
YNL093W,YHR114W,1,1.5260494,0.3257142901420593,0.113772451877594,0.02360472083091736
YCR094W,YHR016C,1,1.5260442,0.3276353180408478,0.11477045714855194,0.02360472083091736
YOR008C,YBL047C,1,1.5251541,0.3295454680919647,0.11576846241950989,0.02360472083091736
YDR313C,YDR436W,0,1.5221168,0.32861191034317017,0.11576846241950989,0.023704741150140762
YDR031W,YMR315W,0,1.521555,0.32768362760543823,0.11576846241950989,0.023804761469364166
YML012W,YCL043C,0,1.5179019,0.32676056027412415,0.11576846241950989,0.02390478178858757
YDR129C,YBR059C,1,1.5173415,0.32865169644355774,0.11676646769046783,0.02390478178858757
YDR155C,YDR104C,0,1.5171001,0.32773110270500183,0.11676646769046783,0.024004800245165825
YKL091C,YDR242W,0,1.5161563,0.3268156349658966,0.11676646769046783,0.02410482056438923
YMR264W,YLR164W,0,1.5144162,0.32590529322624207,0.11676646769046783,0.024204840883612633
YGR076C,YJL099W,0,1.512543,0.32499998807907104,0.11676646769046783,0.024304861202836037
YGL047W,YJL140W,0,1.5096123,0.32409971952438354,0.11676646769046783,0.02440488152205944
YLR356W,YAL055W,0,1.5095541,0.3232044279575348,0.11676646769046783,0.024504901841282845
YCL034W,YDR069C,1,1.5085664,0.325068861246109,0.11776447296142578,0.024504901841282845
YOR256C,YPL085W,0,1.507729,0.3241758346557617,0.11776447296142578,0.0246049202978611
YNL326C,YKL013C,0,1.5067248,0.3232876658439636,0.11776447296142578,0.024704940617084503
YDR254W,YKL189W,0,1.5035844,0.3224043846130371,0.11776447296142578,0.024804960936307907
YGR295C,YER094C,0,1.5032173,0.3215258717536926,0.11776447296142578,0.02490498125553131
YLL029W,YDL137W,0,1.5021682,0.32065218687057495,0.11776447296142578,0.025005001574754715
YDR032C,YIL035C,0,1.5002875,0.31978321075439453,0.11776447296142578,0.02510502189397812
YOR138C,YDR229W,0,1.500246,0.318918913602829,0.11776447296142578,0.025205040350556374
YGL181W,YDR264C,1,1.4983,0.3207547068595886,0.11876247823238373,0.025205040350556374
YDR058C,YDL193W,0,1.4968123,0.3198924660682678,0.11876247823238373,0.025305060669779778
YER073W,YFL029C,0,1.4960719,0.3190348446369171,0.11876247823238373,0.02540508098900318
YNL267W,YMR092C,0,1.4960172,0.3181818127632141,0.11876247823238373,0.025505101308226585
YBR207W,YDR129C,1,1.4955283,0.3199999928474426,0.11976047605276108,0.025505101308226585
YKL010C,YML032C,0,1.4911346,0.3191489279270172,0.11976047605276108,0.02560512162744999
YDR260C,YFR052W,0,1.4882764,0.3183023929595947,0.11976047605276108,0.025705141946673393
YPR023C,YOR290C,0,1.4876859,0.3174603283405304,0.11976047605276108,0.025805160403251648
YOR037W,YBR199W,0,1.48544,0.31662270426750183,0.11976047605276108,0.025905180722475052
YDR258C,YBL084C,0,1.483816,0.31578946113586426,0.11976047605276108,0.026005201041698456
YLR086W,YPR021C,0,1.4837798,0.31496062874794006,0.11976047605276108,0.02610522136092186
YER035W,YKL206C,0,1.4835031,0.3141361176967621,0.11976047605276108,0.026205241680145264
YGR086C,YNL261W,0,1.4821299,0.3133159279823303,0.11976047605276108,0.02630526013672352
YBR227C,YJL020C,0,1.4795718,0.3125,0.11976047605276108,0.026405280455946922
YDL019C,YHR114W,1,1.4790959,0.3142857253551483,0.12075848132371902,0.026405280455946922
YGL181W,YNL243W,1,1.4752853,0.31606218218803406,0.12175648659467697,0.026405280455946922
YPL087W,YOR056C,0,1.4740367,0.31524547934532166,0.12175648659467697,0.026505300775170326
YDR489W,YAL060W,0,1.4725298,0.3144329786300659,0.12175648659467697,0.02660532109439373
YOR347C,YHR082C,0,1.4689411,0.31362468004226685,0.12175648659467697,0.026705341413617134
YDL097C,YHR027C,0,1.4669987,0.31282052397727966,0.12175648659467697,0.026805361732840538
YOR323C,YKL007W,0,1.4663327,0.3120204508304596,0.12175648659467697,0.026905380189418793
YER118C,YBL016W,0,1.4656359,0.31122449040412903,0.12175648659467697,0.027005400508642197
YDR258C,YBR228W,0,1.4648427,0.3104325830936432,0.12175648659467697,0.0271054208278656
YCR009C,YGR086C,1,1.4609191,0.312182754278183,0.12275449186563492,0.0271054208278656
YIL101C,YDL058W,0,1.4563609,0.3113923966884613,0.12275449186563492,0.027205441147089005
YMR170C,YML038C,0,1.4562334,0.31060606241226196,0.12275449186563492,0.02730546146631241
YGL181W,YOR109W,1,1.4558914,0.3123425841331482,0.12375249713659286,0.02730546146631241
YDL161W,YBR059C,1,1.4543973,0.31407034397125244,0.12475050240755081,0.02730546146631241
YJL204C,YKL126W,1,1.4514549,0.31578946113586426,0.12574850022792816,0.02730546146631241
YIR006C,YHR135C,1,1.4490305,0.3174999952316284,0.1267465054988861,0.02730546146631241
YPR165W,YGL130W,0,1.4489298,0.3167082369327545,0.1267465054988861,0.027405481785535812
YMR030W,YLL050C,0,1.4482334,0.3159204125404358,0.1267465054988861,0.027505500242114067
YDR313C,YLR109W,0,1.4471933,0.31513646245002747,0.1267465054988861,0.02760552056133747
YLR371W,YDL161W,1,1.4468712,0.31683167815208435,0.12774451076984406,0.02760552056133747
YLR371W,YBR214W,1,1.4455874,0.3185185194015503,0.128742516040802,0.02760552056133747
YGR239C,YNL134C,0,1.4455785,0.3177340030670166,0.128742516040802,0.027705540880560875
YKR062W,YIL135C,0,1.4432182,0.3169533312320709,0.128742516040802,0.02780556119978428
YDR153C,YOR389W,0,1.4412525,0.31617647409439087,0.128742516040802,0.027905581519007683
YPR072W,YNL092W,0,1.4379853,0.31540343165397644,0.128742516040802,0.028005601838231087
YBL007C,YPL004C,1,1.4367511,0.31707316637039185,0.12974052131175995,0.028005601838231087
YJR058C,YBR198C,0,1.4366751,0.31630170345306396,0.12974052131175995,0.02810562029480934
YIL048W,YPR165W,1,1.4343817,0.3179611563682556,0.1307385265827179,0.02810562029480934
YNL026W,YER016W,0,1.4341277,0.3171912729740143,0.1307385265827179,0.028205640614032745
YMR197C,YDL108W,0,1.4340216,0.3164251148700714,0.1307385265827179,0.02830566093325615
YEL050C,YPR103W,0,1.4281793,0.3156626522541046,0.1307385265827179,0.028405681252479553
YHR135C,YNL243W,1,1.4280672,0.3173076808452606,0.13173653185367584,0.028405681252479553
YBL047C,YOR109W,1,1.4277687,0.3189448416233063,0.1327345371246338,0.028405681252479553
YCR066W,YGL227W,0,1.4276428,0.3181818127632141,0.1327345371246338,0.028505701571702957
YDR490C,YDR388W,1,1.4256916,0.31980907917022705,0.13373252749443054,0.028505701571702957
YNL154C,YHR016C,1,1.4252868,0.3214285671710968,0.1347305327653885,0.028505701571702957
YKL203C,YOR291W,0,1.4246812,0.3206650912761688,0.1347305327653885,0.02860572189092636
YKR003W,YGL181W,1,1.4242318,0.3222748935222626,0.13572853803634644,0.02860572189092636
YOL062C,YDL099W,0,1.4239737,0.32151299715042114,0.13572853803634644,0.028705740347504616
YBL084C,YNL305C,0,1.423553,0.3207547068595886,0.13572853803634644,0.02880576066672802
YDR484W,YMR004W,0,1.4229828,0.3199999928474426,0.13572853803634644,0.028905780985951424
YCR009C,YBL047C,1,1.4211705,0.32159623503685,0.13672654330730438,0.028905780985951424
YKL096W,YDR310C,0,1.4208736,0.3208431005477905,0.13672654330730438,0.029005801305174828
YIR006C,YOR043W,1,1.4208453,0.322429895401001,0.13772454857826233,0.029005801305174828
YLL019C,YDL210W,0,1.420527,0.3216783106327057,0.13772454857826233,0.02910582162439823
YNL084C,YGR086C,1,1.4192494,0.3232558071613312,0.13872255384922028,0.02910582162439823
YOR230W,YNR007C,0,1.4192173,0.32250580191612244,0.13872255384922028,0.029205841943621635
YJL093C,YOL113W,0,1.4155822,0.32175925374031067,0.13872255384922028,0.02930586040019989
YCR009C,YIR006C,1,1.4130716,0.32332563400268555,0.13972055912017822,0.02930586040019989
YLR034C,YKL094W,0,1.4125503,0.32258063554763794,0.13972055912017822,0.029405880719423294
YLR348C,YDR155C,0,1.4122959,0.3218390941619873,0.13972055912017822,0.029505901038646698
YHR001W,YNL154C,1,1.4117825,0.3233945071697235,0.14071856439113617,0.029505901038646698
YMR109W,YDR069C,1,1.4112521,0.32494279742240906,0.14171656966209412,0.029505901038646698
YBR204C,YBL078C,0,1.4082403,0.32420089840888977,0.14171656966209412,0.029605921357870102
YCL034W,YMR109W,1,1.4067646,0.3257403075695038,0.14271457493305206,0.029605921357870102
YHR200W,YER017C,0,1.4064355,0.32499998807907104,0.14271457493305206,0.029705941677093506
YLR120C,YPL096W,0,1.4034851,0.3242630362510681,0.14271457493305206,0.02980596199631691
YJR149W,YPR036W,0,1.4015634,0.3235294222831726,0.14271457493305206,0.029905980452895164
YML118W,YLR142W,0,1.400281,0.32279908657073975,0.14271457493305206,0.03000600077211857
YKR003W,YDL161W,1,1.3979292,0.3243243098258972,0.14371258020401,0.03000600077211857
YDR479C,YOR174W,0,1.3963635,0.32359549403190613,0.14371258020401,0.030106021091341972
YMR316W,YPL196W,0,1.3961426,0.3228699564933777,0.14371258020401,0.030206041410565376
YLR209C,YDR239C,0,1.3933372,0.3221476376056671,0.14371258020401,0.03030606172978878
YIR022W,YLR148W,0,1.3933194,0.3214285671710968,0.14371258020401,0.030406082049012184
YOR374W,YER185W,0,1.3923389,0.320712685585022,0.14371258020401,0.03050610050559044
YER021W,YDL054C,0,1.3911757,0.3199999928474426,0.14371258020401,0.030606120824813843
YNL331C,YGR144W,0,1.3910577,0.3192904591560364,0.14371258020401,0.030706141144037247
YGR263C,YDL044C,0,1.3902063,0.3185840845108032,0.14371258020401,0.03080616146326065
YDR129C,YDR490C,1,1.389972,0.32008829712867737,0.14471058547496796,0.03080616146326065
YJR014W,YDL127W,0,1.3898504,0.31938326358795166,0.14471058547496796,0.030906181782484055
YGR071C,YOL003C,0,1.3883212,0.3186813294887543,0.14471058547496796,0.03100620210170746
YOR244W,YNL115C,0,1.3857198,0.3179824650287628,0.14471058547496796,0.031106220558285713
YGR163W,YER035W,0,1.3845949,0.3172866404056549,0.14471058547496796,0.031206240877509117
YHR072W,YIL034C,0,1.3836861,0.31659388542175293,0.14471058547496796,0.03130626305937767
YBR177C,YMR097C,0,1.3832877,0.3159041404724121,0.14471058547496796,0.031406279653310776
YMR090W,YGR284C,0,1.3829172,0.31521740555763245,0.14471058547496796,0.03150629997253418
YMR170C,YNR006W,0,1.3818135,0.31453362107276917,0.14471058547496796,0.031606320291757584
YCR027C,YNL015W,0,1.377563,0.31385281682014465,0.14471058547496796,0.03170634061098099
YPL089C,YGR167W,0,1.3768641,0.31317493319511414,0.14471058547496796,0.03180636093020439
YKL129C,YKL203C,1,1.3760507,0.3146551847457886,0.1457085758447647,0.03180636093020439
YIL117C,YER161C,0,1.375402,0.31397849321365356,0.1457085758447647,0.031906381249427795
YDR129C,YGR241C,1,1.3747443,0.31545063853263855,0.14670658111572266,0.031906381249427795
YDR242W,YER150W,0,1.3747343,0.31477516889572144,0.14670658111572266,0.0320064015686512
YDR069C,YOR322C,1,1.3733652,0.3162393271923065,0.1477045863866806,0.0320064015686512
YDR129C,YGL181W,1,1.3729469,0.3176972270011902,0.14870259165763855,0.0320064015686512
YFR003C,YDL059C,0,1.3722787,0.31702128052711487,0.14870259165763855,0.0321064218878746
YJR006W,YHR018C,0,1.3696642,0.31634819507598877,0.14870259165763855,0.03220644220709801
YNL085W,YFL029C,0,1.3692942,0.3156779706478119,0.14870259165763855,0.03230646252632141
YMR083W,YOL133W,0,1.3691404,0.31501057744026184,0.14870259165763855,0.032406482845544815
YPR026W,YKL064W,0,1.368701,0.31434598565101624,0.14870259165763855,0.03250649943947792
YBR109C,YDL161W,1,1.3686664,0.31578946113586426,0.1497005969285965,0.03250649943947792
YMR112C,YLR201C,0,1.3683138,0.31512606143951416,0.1497005969285965,0.032606519758701324
YDR264C,YFL039C,1,1.366267,0.31656184792518616,0.15069860219955444,0.032606519758701324
YPR165W,YBL041W,0,1.3649447,0.3158995807170868,0.15069860219955444,0.03270654007792473
YGL130W,YBR014C,0,1.3635437,0.3152400851249695,0.15069860219955444,0.03280656039714813
YPL004C,YLR206W,1,1.363523,0.3166666626930237,0.1516966074705124,0.03280656039714813
YBR026C,YOL060C,0,1.3625906,0.3160083293914795,0.1516966074705124,0.032906580716371536
YDR388W,YAL030W,1,1.361324,0.317427396774292,0.15269461274147034,0.032906580716371536
YKR014C,YOR181W,1,1.3601248,0.3188405930995941,0.15369261801242828,0.032906580716371536
YPL186C,YGR288W,0,1.3595957,0.3181818127632141,0.15369261801242828,0.03300660103559494
YDR479C,YOL044W,0,1.3585671,0.3175257742404938,0.15369261801242828,0.033106621354818344
YKR003W,YOR109W,1,1.3575873,0.3189300298690796,0.15469062328338623,0.033106621354818344
YOL049W,YLR070C,0,1.3561499,0.3182751536369324,0.15469062328338623,0.03320664167404175
YPL004C,YJR125C,1,1.3548993,0.3196721374988556,0.15568862855434418,0.03320664167404175
YGL047W,YGR154C,0,1.3546813,0.3190183937549591,0.15568862855434418,0.03330666199326515
YER185W,YMR173W,0,1.3527687,0.3183673322200775,0.15568862855434418,0.033406682312488556
YKR014C,YKR003W,1,1.3524427,0.3197556138038635,0.15668663382530212,0.033406682312488556
YGL206C,YKL126W,1,1.3513554,0.3211382031440735,0.15768462419509888,0.033406682312488556
YDR093W,YIL095W,1,1.3503317,0.32251521944999695,0.15868262946605682,0.033406682312488556
YIL117C,YDR432W,0,1.3489119,0.3218623399734497,0.15868262946605682,0.03350670263171196
YNL154C,YJR125C,1,1.3466918,0.3232323229312897,0.15968063473701477,0.03350670263171196
YLR119W,YBR039W,0,1.3458712,0.32258063554763794,0.15968063473701477,0.033606722950935364
YOR327C,YJR125C,1,1.3457747,0.3239436745643616,0.16067864000797272,0.033606722950935364
YBR207W,YGL181W,1,1.3455595,0.3253012001514435,0.16167664527893066,0.033606722950935364
YLR136C,YPL214C,0,1.3450882,0.32464930415153503,0.16167664527893066,0.03370673954486847
YOR371C,YKL067W,0,1.3450797,0.3240000009536743,0.16167664527893066,0.03380675986409187
YGR234W,YPL273W,0,1.34465,0.32335329055786133,0.16167664527893066,0.03390678018331528
YDR285W,YGL157W,0,1.3437161,0.32270917296409607,0.16167664527893066,0.03400680050253868
YKR003W,YGR086C,1,1.3434663,0.32405567169189453,0.1626746505498886,0.03400680050253868
YGL150C,YLR309C,0,1.3431573,0.32341268658638,0.1626746505498886,0.034106820821762085
YHR001W,YOR008C,1,1.3421608,0.32475247979164124,0.16367265582084656,0.034106820821762085
YJL203W,YOR014W,0,1.3412918,0.3241106867790222,0.16367265582084656,0.03420684114098549
YDR490C,YMR109W,1,1.3412135,0.3254437744617462,0.1646706610918045,0.03420684114098549
YPL059W,YAL061W,0,1.3374928,0.3248031437397003,0.1646706610918045,0.03430686146020889
YIL065C,YHL044W,0,1.3335936,0.324165016412735,0.1646706610918045,0.0344068817794323
YIL023C,YER053C,0,1.3306506,0.3235294222831726,0.1646706610918045,0.0345069020986557
YMR109W,YER166W,1,1.3298019,0.32485324144363403,0.16566866636276245,0.0345069020986557
YOR128C,YER087W,0,1.3286356,0.32421875,0.16566866636276245,0.034606922417879105
YNR075W,YHR016C,1,1.3282797,0.3255360722541809,0.1666666716337204,0.034606922417879105
YOR329C,YDR177W,1,1.3269546,0.32684823870658875,0.16766467690467834,0.034606922417879105
YIL023C,YDL147W,0,1.3268371,0.3262135982513428,0.16766467690467834,0.03470694273710251
YOR327C,YOR155C,0,1.326705,0.3255814015865326,0.16766467690467834,0.03480696305632591
YNL306W,YKR087C,0,1.3261988,0.3249516487121582,0.16766467690467834,0.03490697965025902
YMR169C,YLR283W,0,1.3251848,0.3243243098258972,0.16766467690467834,0.03500699996948242
YBR109C,YGL206C,1,1.3248281,0.3256261944770813,0.1686626672744751,0.03500699996948242
YER045C,YER044C,0,1.3247929,0.32499998807907104,0.1686626672744751,0.035107020288705826
YBL022C,YFL013C,0,1.3221855,0.3243761956691742,0.1686626672744751,0.03520704060792923
YPR075C,YIL108W,0,1.3217533,0.32375478744506836,0.1686626672744751,0.035307060927152634
YER045C,YDR265W,0,1.3214464,0.32313576340675354,0.1686626672744751,0.03540708124637604
YPL096W,YDR058C,0,1.3201097,0.32251909375190735,0.1686626672744751,0.03550710156559944
YCL034W,YLR337C,1,1.3188357,0.32380953431129456,0.16966067254543304,0.03550710156559944
YDL195W,YNL106C,0,1.3186346,0.32319390773773193,0.16966067254543304,0.035607121884822845
YBR198C,YBR014C,0,1.3182981,0.32258063554763794,0.16966067254543304,0.03570714220404625
YDR255C,YJR099W,0,1.315593,0.3219696879386902,0.16966067254543304,0.03580716252326965
YDR173C,YBR082C,0,1.3152055,0.32136106491088867,0.16966067254543304,0.03590718284249306
YML028W,YBL040C,0,1.3139343,0.3207547068595886,0.16966067254543304,0.03600720316171646
YKR003W,YNR035C,1,1.3138909,0.32203391194343567,0.170658677816391,0.03600720316171646
YMR314W,YLR090W,0,1.3127416,0.3214285671710968,0.170658677816391,0.03610721975564957
YGL181W,YPL004C,1,1.3122163,0.32270169258117676,0.17165668308734894,0.03610721975564957
YAL017W,YPR145W,0,1.3081968,0.32209739089012146,0.17165668308734894,0.03620724007487297
YEL041W,YOL089C,0,1.3079646,0.32149532437324524,0.17165668308734894,0.036307260394096375
YBR159W,YGL003C,0,1.3077585,0.3208955228328705,0.17165668308734894,0.03640728071331978
YOL064C,YJL020C,0,1.3070157,0.3202979564666748,0.17165668308734894,0.03650730103254318
YDL147W,YMR293C,0,1.3045852,0.3197025954723358,0.17165668308734894,0.036607321351766586
YPR032W,YGR199W,0,1.2983638,0.3191094696521759,0.17165668308734894,0.03670734167098999
YJL112W,YLR109W,0,1.2980378,0.3185185194015503,0.17165668308734894,0.036807361990213394
YBR207W,YNR035C,1,1.2971848,0.319778174161911,0.17265468835830688,0.036807361990213394
YBL101C,YOR008C,1,1.296426,0.32103320956230164,0.17365269362926483,0.036807361990213394
YKL179C,YGR062C,0,1.2955881,0.32044199109077454,0.17365269362926483,0.0369073823094368
YLL010C,YOR124C,0,1.2938156,0.31985294818878174,0.17365269362926483,0.0370074026286602
YDR293C,YPL110C,0,1.2916213,0.31926605105400085,0.17365269362926483,0.037107422947883606
YJL171C,YOR148C,0,1.2913792,0.3186813294887543,0.17365269362926483,0.03720744326710701
YOL151W,YLR176C,0,1.2911158,0.3180987238883972,0.17365269362926483,0.037307459861040115
YIR022W,YOL100W,0,1.2892594,0.3175182342529297,0.17365269362926483,0.03740748018026352
YER026C,YDR470C,0,1.2890248,0.3169398903846741,0.17365269362926483,0.03750750049948692
YIR006C,YDR264C,1,1.2888274,0.3181818127632141,0.17465069890022278,0.03750750049948692
YNL336W,YNL297C,0,1.2886268,0.3176043629646301,0.17465069890022278,0.03760752081871033
YKR003W,YML001W,1,1.2871504,0.3188405930995941,0.17564870417118073,0.03760752081871033
YJL176C,YGL038C,0,1.2863544,0.3182640075683594,0.17564870417118073,0.03770754113793373
YNL015W,YPL155C,0,1.2844949,0.31768953800201416,0.17564870417118073,0.037807561457157135
YOR043W,YGR086C,1,1.2824502,0.318918913602829,0.17664670944213867,0.037807561457157135
YBL075C,YML054C,0,1.282115,0.3183453381061554,0.17664670944213867,0.03790758177638054
YLR337C,YGR086C,1,1.281555,0.31956911087036133,0.17764471471309662,0.03790758177638054
YDR400W,YDR211W,0,1.2800834,0.3189964294433594,0.17764471471309662,0.03800760209560394
YBL046W,YCR020C,0,1.2798939,0.3184257745742798,0.17764471471309662,0.03810762241482735
YCL034W,YKL129C,1,1.279027,0.3196428716182709,0.17864271998405457,0.03810762241482735
YLR166C,YLL001W,0,1.2781354,0.3190730810165405,0.17864271998405457,0.03820764273405075
YBR207W,YBL007C,1,1.2759777,0.3202846944332123,0.1796407252550125,0.03820764273405075
YDL225W,YLR028C,0,1.2738299,0.31971579790115356,0.1796407252550125,0.038307663053274155
YHR063C,YKR018C,0,1.2728742,0.3191489279270172,0.1796407252550125,0.03840768337249756
YGL206C,YMR109W,1,1.2725047,0.32035398483276367,0.18063871562480927,0.03840768337249756
YDR219C,YHR043C,0,1.272286,0.31978797912597656,0.18063871562480927,0.038507699966430664
YCL055W,YJL123C,0,1.271248,0.3192239999771118,0.18063871562480927,0.03860772028565407
YMR114C,YGR135W,0,1.2691793,0.31866195797920227,0.18063871562480927,0.03870774060487747
YDR369C,YAL055W,0,1.2690349,0.3181019425392151,0.18063871562480927,0.038807760924100876
YER068W,YLR151C,0,1.2688649,0.3175438642501831,0.18063871562480927,0.03890778124332428
YGL208W,YLR166C,0,1.2666588,0.3169877529144287,0.18063871562480927,0.039007801562547684
YMR013C,YNR040W,0,1.2616574,0.3164335787296295,0.18063871562480927,0.03910782188177109
YDR264C,YHR135C,1,1.2606349,0.3176265358924866,0.1816367208957672,0.03910782188177109
YPL091W,YNL149C,0,1.2582742,0.31707316637039185,0.1816367208957672,0.03920784220099449
YHL047C,YIR038C,0,1.2581676,0.3165217339992523,0.1816367208957672,0.039307862520217896
YOL151W,YNL261W,0,1.2576921,0.3159722089767456,0.1816367208957672,0.0394078828394413
YPL017C,YLR188W,0,1.2575147,0.3154246211051941,0.1816367208957672,0.0395079031586647
YPL230W,YGL047W,0,1.2571294,0.3148788809776306,0.1816367208957672,0.03960791975259781
YER119C,YAL055W,0,1.2569541,0.31433504819869995,0.1816367208957672,0.03970794007182121
YDL103C,YKL193C,0,1.2535462,0.3137930929660797,0.1816367208957672,0.03980796039104462
YGR223C,YCR026C,0,1.2496973,0.3132530152797699,0.1816367208957672,0.03990798071026802
YJL151C,YPR098C,0,1.2490649,0.3127147853374481,0.1816367208957672,0.040008001029491425
YHR016C,YER021W,0,1.2485157,0.312178373336792,0.1816367208957672,0.04010802134871483
YKR104W,YDL110C,0,1.2478864,0.3116438388824463,0.1816367208957672,0.04020804166793823
YJR064W,YBR243C,0,1.2464753,0.31111112236976624,0.1816367208957672,0.040308061987161636
YBR166C,YGR223C,0,1.2459462,0.31058019399642944,0.1816367208957672,0.04040808230638504
YKL218C,YDR486C,0,1.2454089,0.3100511133670807,0.1816367208957672,0.040508102625608444
YNR001C,YBL061C,0,1.2426037,0.3095238208770752,0.1816367208957672,0.04060812294483185
YMR193W,YDL077C,0,1.2408929,0.30899831652641296,0.1816367208957672,0.04070814326405525
YMR109W,YBL007C,1,1.2395144,0.3101694881916046,0.18263472616672516,0.04070814326405525
YCR088W,YHR027C,0,1.2389712,0.3096446692943573,0.18263472616672516,0.04080815985798836
YGL208W,YDR532C,0,1.2389301,0.30912160873413086,0.18263472616672516,0.04090818017721176
YKR014C,YHR016C,1,1.2375896,0.31028667092323303,0.1836327314376831,0.04090818017721176
YKR003W,YMR109W,1,1.2372457,0.31144779920578003,0.18463073670864105,0.04090818017721176
YDR129C,YAL026C,1,1.2367685,0.3126050531864166,0.185628741979599,0.04090818017721176
YML116W,YDR353W,0,1.2362688,0.3120805323123932,0.185628741979599,0.041008200496435165
YBR068C,YER022W,0,1.2352928,0.311557799577713,0.185628741979599,0.04110822081565857
YDL161W,YLR337C,1,1.232559,0.3127090334892273,0.18662674725055695,0.04110822081565857
YEL037C,YIL135C,0,1.2322859,0.31218698620796204,0.18662674725055695,0.04120824113488197
YOR142W,YDR117C,0,1.2320266,0.31166666746139526,0.18662674725055695,0.04130826145410538
YIR007W,YFR041C,0,1.231811,0.311148077249527,0.18662674725055695,0.04140828177332878
YGL084C,YLR389C,0,1.2311614,0.3106312155723572,0.18662674725055695,0.041508302092552185
YGR263C,YLR170C,0,1.2310159,0.31011608242988586,0.18662674725055695,0.04160832241177559
YDR202C,YDR420W,0,1.2308017,0.30960264801979065,0.18662674725055695,0.04170834273099899
YDR036C,YGL254W,0,1.2292154,0.30909091234207153,0.18662674725055695,0.0418083630502224
YEL013W,YBL055C,0,1.2290773,0.30858084559440613,0.18662674725055695,0.0419083833694458
YKL017C,YKL085W,0,1.2290442,0.3080724775791168,0.18662674725055695,0.042008399963378906
YNL008C,YBR024W,0,1.2270467,0.3075657784938812,0.18662674725055695,0.04210842028260231
YJL204C,YJR125C,1,1.2268026,0.3087027966976166,0.1876247525215149,0.04210842028260231
YOL033W,YIL143C,0,1.2264216,0.3081967234611511,0.1876247525215149,0.042208440601825714
YDR532C,YPL154C,0,1.2261255,0.3076923191547394,0.1876247525215149,0.04230846092104912
YDR331W,YNL098C,0,1.2234795,0.30718955397605896,0.1876247525215149,0.04240848124027252
YBL064C,YBR167C,0,1.2205876,0.30668842792510986,0.1876247525215149,0.042508501559495926
YNL084C,YGR167W,1,1.2192223,0.30781757831573486,0.18862275779247284,0.042508501559495926
YEL002C,YBL011W,0,1.2188202,0.3073170781135559,0.18862275779247284,0.04260852187871933
YMR173W,YBR222C,0,1.2161777,0.3068181872367859,0.18862275779247284,0.042708542197942734
YGR026W,YMR036C,0,1.2158327,0.3063209056854248,0.18862275779247284,0.04280856251716614
YPL019C,YER118C,0,1.2147272,0.30582523345947266,0.18862275779247284,0.04290858283638954
YCR011C,YMR043W,0,1.2143444,0.30533117055892944,0.18862275779247284,0.043008603155612946
YIL076W,YJR033C,0,1.2142748,0.30483871698379517,0.18862275779247284,0.04310862347483635
YOR208W,YKL220C,0,1.2115779,0.30434781312942505,0.18862275779247284,0.043208640068769455
YOR219C,YDR104C,0,1.2102835,0.30385851860046387,0.18862275779247284,0.04330866038799286
YDR408C,YCL043C,0,1.210094,0.30337077379226685,0.18862275779247284,0.04340868070721626
YHR001W,YBL047C,1,1.2083421,0.3044871687889099,0.1896207630634308,0.04340868070721626
YDR118W,YJL108C,0,1.2065408,0.30399999022483826,0.1896207630634308,0.04350870102643967
YGR002C,YER053C,0,1.204185,0.30351439118385315,0.1896207630634308,0.04360872134566307
YCR017C,YLR212C,0,1.2030545,0.3030303120613098,0.1896207630634308,0.043708741664886475
YCL043C,YJL157C,0,1.2029325,0.30254778265953064,0.1896207630634308,0.04380876198410988
YDR214W,YJR059W,0,1.2027409,0.30206677317619324,0.1896207630634308,0.04390878230333328
YDR129C,YOR089C,1,1.20204,0.30317461490631104,0.19061876833438873,0.04390878230333328
YGL210W,YOL062C,0,1.2011534,0.3026941418647766,0.19061876833438873,0.044008802622556686
YLR034C,YOR074C,0,1.2006688,0.30221518874168396,0.19061876833438873,0.04410882294178009
YMR244C-A,YGR246C,0,1.1990273,0.3017377555370331,0.19061876833438873,0.044208843261003494
YCL057W,YPR094W,0,1.1990271,0.301261842250824,0.19061876833438873,0.0443088635802269
YER020W,YOR043W,0,1.1982294,0.30078738927841187,0.19061876833438873,0.044408880174160004
YMR135C,YDR348C,0,1.1979682,0.30031445622444153,0.19061876833438873,0.04450890049338341
YDR306C,YNL073W,0,1.1978621,0.2998430132865906,0.19061876833438873,0.04460892081260681
YOL006C,YIL023C,0,1.1978323,0.2993730306625366,0.19061876833438873,0.044708941131830215
YNL177C,YOR261C,0,1.1977661,0.29890453815460205,0.19061876833438873,0.04480896145105362
YDR508C,YML070W,0,1.1974273,0.2984375059604645,0.19061876833438873,0.04490898177027702
YPL180W,YKL208W,0,1.1972916,0.2979719042778015,0.19061876833438873,0.04500900208950043
YDR353W,YKL112W,0,1.1968893,0.29750779271125793,0.19061876833438873,0.04510902240872383
YNL281W,YJL225C,0,1.1967541,0.29704511165618896,0.19061876833438873,0.045209042727947235
YKL046C,YDR142C,0,1.1955729,0.2965838611125946,0.19061876833438873,0.04530906304717064
YPL004C,YNR075W,1,1.1941845,0.29767441749572754,0.19161677360534668,0.04530906304717064
YBR122C,YKL208W,0,1.1938107,0.297213613986969,0.19161677360534668,0.04540908336639404
YBL047C,YOR089C,1,1.1930007,0.2982998490333557,0.19261476397514343,0.04540908336639404
YNR035C,YOR175C,0,1.1929181,0.297839492559433,0.19261476397514343,0.04550909996032715
YML038C,YCL040W,0,1.1925628,0.29738059639930725,0.19261476397514343,0.04560912027955055
YGR065C,YLR133W,0,1.1925604,0.29692307114601135,0.19261476397514343,0.045709140598773956
YMR022W,YLR128W,0,1.1917561,0.29646697640419006,0.19261476397514343,0.04580916091799736
YKL003C,YCR023C,0,1.1911721,0.296012282371521,0.19261476397514343,0.045909181237220764
YDR051C,YDR151C,0,1.1909888,0.29555895924568176,0.19261476397514343,0.04600920155644417
YGR074W,YDR084C,0,1.1906383,0.29510703682899475,0.19261476397514343,0.04610922187566757
YJR010W,YIL042C,0,1.1902058,0.2946564853191376,0.19261476397514343,0.046209242194890976
YML130C,YDR251W,0,1.1895981,0.29420730471611023,0.19261476397514343,0.04630926251411438
YNL084C,YOR327C,1,1.188175,0.2952815890312195,0.19361276924610138,0.04630926251411438
YPL240C,YJL139C,0,1.1852314,0.29483282566070557,0.19361276924610138,0.046409282833337784
YDR129C,YGR167W,1,1.184297,0.29590287804603577,0.19461077451705933,0.046409282833337784
YDR177W,YJR125C,1,1.1832917,0.2969697117805481,0.19560877978801727,0.046409282833337784
YIL101C,YGL160W,0,1.182648,0.2965204119682312,0.19560877978801727,0.04650930315256119
YHR209W,YPL024W,0,1.1824677,0.29607251286506653,0.19560877978801727,0.04660932347178459
YDR362C,YIL111W,0,1.1821288,0.2956259548664093,0.19560877978801727,0.0467093400657177
YFL039C,YDL161W,1,1.182051,0.29668673872947693,0.19660678505897522,0.0467093400657177
YFL029C,YNL305C,0,1.1790829,0.29624059796333313,0.19660678505897522,0.0468093603849411
YBL019W,YEL064C,0,1.1788816,0.2957957983016968,0.19660678505897522,0.046909380704164505
YHR114W,YOR109W,1,1.1782634,0.29685157537460327,0.19760479032993317,0.046909380704164505
YDR067C,YDR342C,0,1.1781037,0.29640719294548035,0.19760479032993317,0.04700940102338791
YJL138C,YMR202W,0,1.1762075,0.2959641218185425,0.19760479032993317,0.04710942134261131
YPL240C,YGL121C,0,1.1760356,0.29552239179611206,0.19760479032993317,0.04720944166183472
YLL023C,YHR174W,0,1.175452,0.2950819730758667,0.19760479032993317,0.04730946198105812
YLR371W,YIL041W,1,1.175103,0.2961309552192688,0.1986027956008911,0.04730946198105812
YGL153W,YOL082W,0,1.1747322,0.2956909239292145,0.1986027956008911,0.047409482300281525
YFL034C-B,YBR221C,0,1.1724827,0.2952522337436676,0.1986027956008911,0.04750950261950493
YLR142W,YGL161C,0,1.1715834,0.2948148250579834,0.1986027956008911,0.04760952293872833
YJL112W,YKR018C,0,1.1711837,0.29437869787216187,0.1986027956008911,0.047709543257951736
YPR094W,YLR289W,0,1.1708171,0.2939438819885254,0.1986027956008911,0.04780956357717514
YER095W,YBR290W,0,1.169274,0.2935103178024292,0.1986027956008911,0.047909580171108246
YKL176C,YPR127W,0,1.1682327,0.29307806491851807,0.1986027956008911,0.04800960049033165
YML001W,YBR059C,1,1.1668227,0.29411765933036804,0.19960080087184906,0.04800960049033165
YBL046W,YKL013C,0,1.1666262,0.29368576407432556,0.19960080087184906,0.048109620809555054
YBR109C,YOR329C,1,1.1663535,0.294721394777298,0.200598806142807,0.048109620809555054
YDL165W,YIL162W,0,1.1650276,0.29428988695144653,0.200598806142807,0.04820964112877846
YMR098C,YOL062C,0,1.164641,0.29385966062545776,0.200598806142807,0.04830966144800186
YDR436W,YAR015W,0,1.1646398,0.2934306561946869,0.200598806142807,0.048409681767225266
YAL026C,YOR109W,1,1.163827,0.294460654258728,0.20159681141376495,0.048409681767225266
YGR010W,YGL178W,0,1.1625681,0.2940320372581482,0.20159681141376495,0.04850970208644867
YDR058C,YLR320W,0,1.161834,0.29360464215278625,0.20159681141376495,0.04860972240567207
YAL016W,YKL130C,0,1.1614602,0.293178528547287,0.20159681141376495,0.04870974272489548
YNL300W,YDL025C,0,1.1603081,0.2927536368370056,0.20159681141376495,0.04880976304411888
YNR035C,YGL234W,0,1.1593783,0.29232996702194214,0.20159681141376495,0.048909783363342285
YEL011W,YBR167C,0,1.159131,0.29190751910209656,0.20159681141376495,0.04900980368256569
YNL032W,YHR016C,1,1.1588552,0.2929292917251587,0.2025948166847229,0.04900980368256569
YLR109W,YDL107W,0,1.1577277,0.29250720143318176,0.2025948166847229,0.049109820276498795
YKL129C,YJL204C,1,1.1565343,0.29352518916130066,0.20359280705451965,0.049109820276498795
YER103W,YKR067W,0,1.1544874,0.2931034564971924,0.20359280705451965,0.0492098405957222
YCR088W,YFR045W,0,1.1522071,0.2926829159259796,0.20359280705451965,0.0493098609149456
YMR263W,YDL019C,0,1.1520019,0.29226359724998474,0.20359280705451965,0.049409881234169006
YHR001W,YKL203C,1,1.1506385,0.2932761013507843,0.2045908123254776,0.049409881234169006
YNL224C,YBR290W,0,1.1503677,0.2928571403026581,0.2045908123254776,0.04950990155339241
YDR264C,YIL010W,0,1.1485199,0.29243937134742737,0.2045908123254776,0.049609921872615814
YNL084C,YHR001W,1,1.1482682,0.2934472858905792,0.20558881759643555,0.049609921872615814
YOR244W,YDR456W,0,1.147315,0.29302987456321716,0.20558881759643555,0.04970994219183922
YDR071C,YKR042W,0,1.1463734,0.2926136255264282,0.20558881759643555,0.04980996251106262
YOL034W,YDR001C,0,1.1461427,0.2921985685825348,0.20558881759643555,0.049909982830286026
YIL162W,YGL039W,0,1.1459516,0.29178470373153687,0.20558881759643555,0.05001000314950943
YDR490C,YFL039C,1,1.1424211,0.2927864193916321,0.2065868228673935,0.05001000314950943
YDL161W,YOR089C,1,1.1405617,0.29378530383110046,0.20758482813835144,0.05001000314950943
YDR329C,YDR410C,0,1.1362388,0.29337093234062195,0.20758482813835144,0.050110023468732834
YBR214W,YOR008C,1,1.1349199,0.2943662106990814,0.2085828334093094,0.050110023468732834
YNL271C,YOL082W,0,1.1342413,0.29395216703414917,0.2085828334093094,0.05021004378795624
YJR040W,YJL153C,0,1.1315665,0.2935393154621124,0.2085828334093094,0.05031006038188934
YDL015C,YNL049C,0,1.1315382,0.2931276261806488,0.2085828334093094,0.05041008070111275
YGR188C,YMR160W,0,1.1306022,0.2927170991897583,0.2085828334093094,0.05051010102033615
YPL096W,YLR005W,0,1.1303344,0.29230770468711853,0.2085828334093094,0.050610121339559555
YOR034C,YHR135C,1,1.1301517,0.29329609870910645,0.20958083868026733,0.050610121339559555
YMR139W,YER175C,0,1.1297283,0.29288703203201294,0.20958083868026733,0.05071014165878296
YHR116W,YDR379W,0,1.1290926,0.29247909784317017,0.20958083868026733,0.05081016197800636
YEL038W,YJR121W,0,1.1285425,0.2920723259449005,0.20958083868026733,0.05091018229722977
YKR003W,YGL190C,0,1.1275734,0.2916666567325592,0.20958083868026733,0.05101020261645317
YLR216C,YGL100W,0,1.1265333,0.291262149810791,0.20958083868026733,0.051110222935676575
YDR258C,YJL020C,0,1.1264757,0.2908587157726288,0.20958083868026733,0.05121024325489998
YOR327C,YGR167W,1,1.1250626,0.2918395698070526,0.21057884395122528,0.05121024325489998
YHR178W,YBR006W,0,1.1247119,0.29143646359443665,0.21057884395122528,0.05131026357412338
YBR235W,YLR439W,0,1.1240437,0.2910344898700714,0.21057884395122528,0.051410283893346786
YLR206W,YKL208W,0,1.1235604,0.2906336188316345,0.21057884395122528,0.05151030048727989
YNL116W,YNL134C,0,1.1222942,0.290233850479126,0.21057884395122528,0.051610320806503296
YGR241C,YKL126W,1,1.1198902,0.29120880365371704,0.21157684922218323,0.051610320806503296
YBR105C,YNL134C,0,1.1177671,0.2908093333244324,0.21157684922218323,0.0517103411257267
YJR086W,YJR029W,0,1.1168553,0.29041096568107605,0.21157684922218323,0.051810361444950104
YNL229C,YDR479C,0,1.1143184,0.2900136709213257,0.21157684922218323,0.05191038176417351
YBL007C,YJL204C,1,1.1132072,0.2909836173057556,0.21257485449314117,0.05191038176417351
YNL274C,YIR018W,0,1.1132016,0.2905866205692291,0.21257485449314117,0.05201040208339691
YJR125C,YPR094W,0,1.1127834,0.290190726518631,0.21257485449314117,0.052110422402620316
YBL103C,YPR023C,0,1.1106253,0.2897959053516388,0.21257485449314117,0.05221044272184372
YDL010W,YNR010W,0,1.1093585,0.28940218687057495,0.21257485449314117,0.05231046304106712
YDR177W,YAL043C,0,1.1092645,0.2890095114707947,0.21257485449314117,0.05241048336029053
YGR240C,YGR262C,0,1.1084306,0.288617879152298,0.21257485449314117,0.05251050367951393
YOL060C,YOR285W,0,1.1041408,0.2882273197174072,0.21257485449314117,0.05261052027344704
YCL034W,YGR198W,1,1.103509,0.2891891896724701,0.21357285976409912,0.05261052027344704
YLL009C,YJL030W,0,1.1025114,0.2887989282608032,0.21357285976409912,0.05271054059267044
YKL011C,YAL060W,0,1.1023777,0.2884097099304199,0.21357285976409912,0.052810560911893845
YLR024C,YDL022W,0,1.1013887,0.2880215346813202,0.21357285976409912,0.05291058123111725
YNL274C,YEL071W,0,1.100534,0.28763440251350403,0.21357285976409912,0.05301060155034065
YML007W,YMR186W,0,1.100183,0.28724831342697144,0.21357285976409912,0.053110621869564056
YNL274C,YOR246C,0,1.0987945,0.2868632674217224,0.21357285976409912,0.05321064218878746
YKL203C,YBR059C,1,1.0981241,0.28781792521476746,0.21457086503505707,0.05321064218878746
YLR371W,YJL204C,1,1.0978994,0.28877004981040955,0.21556885540485382,0.05321064218878746
YNL229C,YLR389C,0,1.0971398,0.2883845269680023,0.21556885540485382,0.053310662508010864
YPR165W,YML001W,1,1.0963289,0.2893333435058594,0.21656686067581177,0.053310662508010864
YGR157W,YPL002C,0,1.0961492,0.28894805908203125,0.21656686067581177,0.05341068282723427
YKL090W,YDR085C,0,1.0947657,0.2885638177394867,0.21656686067581177,0.05351070314645767
YOR324C,YGR284C,0,1.0945636,0.2881806194782257,0.21656686067581177,0.053610723465681076
YDL161W,YDR069C,1,1.0941439,0.28912466764450073,0.21756486594676971,0.053610723465681076
YNR075W,YGR086C,1,1.0934533,0.2900662124156952,0.21856287121772766,0.053610723465681076
YNL272C,YMR278W,0,1.0923221,0.289682537317276,0.21856287121772766,0.05371074378490448
YEL037C,YPL118W,0,1.0917468,0.289299875497818,0.21856287121772766,0.053810760378837585
YGL119W,YDR296W,0,1.0916132,0.2889181971549988,0.21856287121772766,0.05391078069806099
YKR068C,YPL214C,0,1.0914627,0.28853756189346313,0.21856287121772766,0.05401080101728439
YJR056C,YOR347C,0,1.0906873,0.2881578803062439,0.21856287121772766,0.0541108213365078
YBR072W,YOL054W,0,1.0893654,0.2877792418003082,0.21856287121772766,0.0542108416557312
YPL031C,YIR009W,0,1.0890685,0.28740158677101135,0.21856287121772766,0.054310861974954605
YJR051W,YBR004C,0,1.088801,0.28702491521835327,0.21856287121772766,0.05441088229417801
YOR122C,YFL048C,0,1.0882657,0.286649227142334,0.21856287121772766,0.05451090261340141
YGR209C,YOR216C,0,1.0881599,0.2862745225429535,0.21856287121772766,0.05461092293262482
YPL031C,YGR135W,0,1.087741,0.2859007716178894,0.21856287121772766,0.05471094325184822
YJR161C,YMR033W,0,1.0875041,0.2855280339717865,0.21856287121772766,0.054810963571071625
YDR498C,YGR206W,0,1.0871507,0.28515625,0.21856287121772766,0.05491098389029503
YDR090C,YDL054C,0,1.0865453,0.2847854495048523,0.21856287121772766,0.055011000484228134
YGR048W,YOR043W,0,1.0862803,0.2844155728816986,0.21856287121772766,0.05511102080345154
YNL304W,YOR020C,0,1.0862141,0.2840466797351837,0.21856287121772766,0.05521104112267494
YPL069C,YOL062C,0,1.0856686,0.2836787700653076,0.21856287121772766,0.055311061441898346
YDR051C,YBR264C,0,1.0849224,0.28331178426742554,0.21856287121772766,0.05541108176112175
YDR270W,YGL200C,0,1.0844408,0.2829457223415375,0.21856287121772766,0.055511102080345154
YDR388W,YKL129C,1,1.0840061,0.28387096524238586,0.2195608764886856,0.055511102080345154
YFL047W,YOL062C,0,1.0837836,0.2835051417350769,0.2195608764886856,0.05561112239956856
YBL045C,YML051W,0,1.0826988,0.28314027190208435,0.2195608764886856,0.05571114271879196
YML071C,YJL101C,0,1.0820589,0.2827763557434082,0.2195608764886856,0.055811163038015366
YBR073W,YAR002C-A,0,1.0802059,0.2824133634567261,0.2195608764886856,0.05591118335723877
YCR053W,YKL094W,0,1.0800788,0.28205129504203796,0.2195608764886856,0.05601120367646217
YOR327C,YPR165W,1,1.0800447,0.2829705476760864,0.22055888175964355,0.05601120367646217
YHR057C,YPR081C,0,1.0794306,0.28260868787765503,0.22055888175964355,0.05611122399568558
YPL087W,YFL048C,0,1.0792708,0.28224775195121765,0.22055888175964355,0.05621124058961868
YGL059W,YHR028C,0,1.0771159,0.2818877696990967,0.22055888175964355,0.05631126090884209
YLR066W,YDR533C,0,1.0769515,0.28152865171432495,0.22055888175964355,0.05641128122806549
YGL017W,YNR001C,0,1.073783,0.28117048740386963,0.22055888175964355,0.056511301547288895
YDR456W,YNL191W,0,1.0728817,0.28081321716308594,0.22055888175964355,0.0566113218665123
YMR068W,YOL117W,0,1.0728364,0.2804568409919739,0.22055888175964355,0.0567113421857357
YDR071C,YOR323C,0,1.0727534,0.28010138869285583,0.22055888175964355,0.056811362504959106
YBR068C,YJR021C,0,1.0723884,0.2797468304634094,0.22055888175964355,0.05691138282418251
YJR025C,YBL078C,0,1.0710204,0.27939316630363464,0.22055888175964355,0.057011403143405914
YJL081C,YNL312W,0,1.0693303,0.2790403962135315,0.22055888175964355,0.05711142346262932
YLR138W,YDR238C,0,1.0690601,0.2786885201931,0.22055888175964355,0.05721144378185272
YBR018C,YNL077W,0,1.0682265,0.2783375382423401,0.22055888175964355,0.057311464101076126
YLL028W,YMR297W,0,1.067502,0.27798742055892944,0.22055888175964355,0.05741148069500923
YKL157W,YJR045C,0,1.0673484,0.27763819694519043,0.22055888175964355,0.057511501014232635
YNR047W,YBR237W,0,1.0671744,0.27728983759880066,0.22055888175964355,0.05761152133345604
YPL089C,YPL003W,0,1.0664858,0.27694234251976013,0.22055888175964355,0.05771154165267944
YER088C,YJL099W,0,1.0647693,0.27659574151039124,0.22055888175964355,0.05781156197190285
YMR256C,YBR139W,0,1.0637943,0.2762500047683716,0.22055888175964355,0.05791158229112625
YMR109W,YGR241C,1,1.0635263,0.27715355157852173,0.2215568870306015,0.05791158229112625
YDR097C,YDR487C,0,1.0629671,0.2768079936504364,0.2215568870306015,0.058011602610349655
YDR313C,YOR030W,0,1.0624571,0.27646327018737793,0.2215568870306015,0.05811162292957306
YIL105C,YPL195W,0,1.0598177,0.2761194109916687,0.2215568870306015,0.05821164324879646
YGL071W,YDL007W,0,1.0594959,0.27577638626098633,0.2215568870306015,0.05831166356801987
YGL206C,YGR167W,1,1.0593928,0.27667492628097534,0.22255489230155945,0.05831166356801987
YBR229C,YDR214W,0,1.0589695,0.2763320803642273,0.22255489230155945,0.05841168388724327
YNL243W,YPL145C,1,1.0588969,0.2772277295589447,0.2235528975725174,0.05841168388724327
YGR209C,YJR040W,0,1.0587234,0.2768850326538086,0.2235528975725174,0.058511700481176376
YDL029W,YDR167W,0,1.0581862,0.27654320001602173,0.2235528975725174,0.05861172080039978
YPR185W,YML091C,0,1.0572195,0.2762022316455841,0.2235528975725174,0.058711741119623184
YLR251W,YPL055C,0,1.0570745,0.27586206793785095,0.2235528975725174,0.05881176143884659
YDR129C,YLR206W,1,1.055515,0.276752769947052,0.22455090284347534,0.05881176143884659
YGL133W,YOR226C,0,1.0550289,0.2764127850532532,0.22455090284347534,0.05891178175806999
YMR054W,YGR198W,0,1.0538158,0.2760736048221588,0.22455090284347534,0.059011802077293396
YKR003W,YPR165W,1,1.0538014,0.2769607901573181,0.2255489081144333,0.059011802077293396
YOR374W,YLR005W,0,1.0534785,0.2766217887401581,0.2255489081144333,0.0591118223965168
YBL019W,YMR067C,0,1.051619,0.2762836217880249,0.2255489081144333,0.059211842715740204
YNR032W,YOR215C,0,1.0505072,0.2759462893009186,0.2255489081144333,0.05931186303496361
YNR008W,YOR179C,0,1.0477339,0.2756097614765167,0.2255489081144333,0.05941188335418701
YKR001C,YMR097C,0,1.0476551,0.2752740681171417,0.2255489081144333,0.059511903673410416
YOR054C,YLR225C,0,1.0463376,0.2749391794204712,0.2255489081144333,0.05961192399263382
YNL304W,YCR011C,0,1.0454564,0.2746050953865051,0.2255489081144333,0.059711940586566925
YBR059C,YPR028W,0,1.0447619,0.2742718458175659,0.2255489081144333,0.05981196090579033
YBR160W,YPR019W,0,1.0441935,0.2739394009113312,0.2255489081144333,0.05991198122501373
YGR268C,YOL089C,0,1.0406826,0.2736077606678009,0.2255489081144333,0.06001200154423714
YLL009C,YOR075W,0,1.040459,0.2732768952846527,0.2255489081144333,0.06011202186346054
YDL029W,YAL021C,0,1.0373937,0.27294686436653137,0.2255489081144333,0.060212042182683945
YDR534C,YBR096W,0,1.0370339,0.2726176083087921,0.2255489081144333,0.06031206250190735
YAR042W,YJR125C,1,1.0367571,0.2734939754009247,0.22654691338539124,0.06031206250190735
YPR185W,YGL150C,0,1.036577,0.27316486835479736,0.22654691338539124,0.06041208282113075
YCL025C,YGR277C,0,1.0363724,0.2728365361690521,0.22654691338539124,0.060512103140354156
YDR059C,YBL047C,1,1.0361172,0.2737094759941101,0.227544903755188,0.060512103140354156
YDR264C,YHR179W,0,1.035172,0.2733812928199768,0.227544903755188,0.06061212345957756
YNL274C,YNL331C,0,1.0347084,0.2730538845062256,0.227544903755188,0.060712143778800964
YER022W,YIL041W,0,1.0339017,0.27272728085517883,0.227544903755188,0.06081216409802437
YDL127W,YOR340C,0,1.0324311,0.2724014222621918,0.227544903755188,0.060912180691957474
YOR327C,YKL126W,1,1.0321281,0.2732696831226349,0.22854290902614594,0.060912180691957474
YLR206W,YOR329C,1,1.0315771,0.27413588762283325,0.22954091429710388,0.060912180691957474
YFR044C,YER008C,0,1.030107,0.2738095223903656,0.22954091429710388,0.06101220101118088
YKL168C,YDR453C,0,1.0285661,0.2734839618206024,0.22954091429710388,0.06111222133040428
YAL026C,YML001W,1,1.0272115,0.27434679865837097,0.23053891956806183,0.06111222133040428
YMR114C,YBL076C,0,1.0266676,0.27402135729789734,0.23053891956806183,0.061212241649627686
YPR189W,YJL153C,0,1.026174,0.2736966907978058,0.23053891956806183,0.06131226196885109
YOR162C,YGL206C,0,1.0237358,0.2733727693557739,0.23053891956806183,0.06141228228807449
YOR327C,YKL129C,1,1.0236424,0.2742316722869873,0.23153692483901978,0.06141228228807449
YNL297C,YDR069C,1,1.0232534,0.2750885486602783,0.23253493010997772,0.06141228228807449
YCR009C,YBR207W,1,1.023092,0.275943398475647,0.23353293538093567,0.06141228228807449
YPL148C,YDL099W,0,1.0230342,0.27561837434768677,0.23353293538093567,0.0615123026072979
YKL168C,YEL069C,0,1.0228707,0.27529412508010864,0.23353293538093567,0.0616123229265213
YDL017W,YMR250W,0,1.0226072,0.2749706208705902,0.23353293538093567,0.061712343245744705
YLR113W,YMR202W,0,1.021635,0.27464789152145386,0.23353293538093567,0.06181236356496811
YPL208W,YNL006W,0,1.0209299,0.2743259072303772,0.23353293538093567,0.06191238388419151
YKL135C,YBR067C,0,1.0194304,0.2740046977996826,0.23353293538093567,0.06201240420341492
YBR109C,YNL032W,1,1.018956,0.27485379576683044,0.23453094065189362,0.06201240420341492
YDR173C,YNR047W,0,1.0184696,0.2745327055454254,0.23453094065189362,0.06211242079734802
YHR123W,YGL020C,0,1.0176039,0.2742123603820801,0.23453094065189362,0.062212441116571426
YDR388W,YHR016C,1,1.0174814,0.2750582695007324,0.23552894592285156,0.062212441116571426
YOL031C,YGR185C,0,1.0173407,0.274738073348999,0.23552894592285156,0.06231246143579483
YMR256C,YML131W,0,1.0170269,0.27441859245300293,0.23552894592285156,0.062412481755018234
YOR329C,YDR065W,0,1.0166767,0.2740998864173889,0.23552894592285156,0.06251250207424164
YGR247W,YNL270C,0,1.0163308,0.2737818956375122,0.23552894592285156,0.06261252611875534
YHR019C,YJR065C,0,1.0162774,0.2734646499156952,0.23552894592285156,0.06271254271268845
YHR156C,YLL019C,0,1.0157466,0.27314814925193787,0.23552894592285156,0.06281255930662155
YBR059C,YKL167C,0,1.0156512,0.27283236384391785,0.23552894592285156,0.06291258335113525
YPR185W,YDL044C,0,1.0153004,0.2725173234939575,0.23552894592285156,0.06301259994506836
YER086W,YJR105W,0,1.0149946,0.2722029983997345,0.23552894592285156,0.06311262398958206
YCL032W,YNR008W,0,1.0145046,0.2718893885612488,0.23552894592285156,0.06321264058351517
YKL222C,YMR284W,0,1.0144882,0.27157652378082275,0.23552894592285156,0.06331266462802887
YNL219C,YJL203W,0,1.0139595,0.27126437425613403,0.23552894592285156,0.06341268122196198
YGL134W,YDR058C,0,1.0127654,0.2709529399871826,0.23552894592285156,0.06351270526647568
YBR239C,YLR174W,0,1.0122173,0.2706421911716461,0.23552894592285156,0.06361272186040878
YKL130C,YNR061C,0,1.0121698,0.2703321874141693,0.23552894592285156,0.06371274590492249
YBR026C,YML042W,0,1.0120013,0.2700228691101074,0.23552894592285156,0.06381276249885559
YJL170C,YJL156C,0,1.0108919,0.2697142958641052,0.23552894592285156,0.0639127790927887
YDR423C,YGL019W,0,1.0108453,0.26940637826919556,0.23552894592285156,0.0640128031373024
YPR204W,YNR035C,0,1.0106834,0.2690992057323456,0.23552894592285156,0.0641128197312355
YGR238C,YIR034C,0,1.0106577,0.2687927186489105,0.23552894592285156,0.0642128437757492
YJR144W,YCL033C,0,1.0096548,0.2684869170188904,0.23552894592285156,0.06431286036968231
YOL038W,YBL037W,0,1.0086501,0.26818183064460754,0.23552894592285156,0.06441288441419601
YOR187W,YHR083W,0,1.0081043,0.26787739992141724,0.23552894592285156,0.06451290100812912
YFR008W,YNL127W,0,1.0073825,0.26757368445396423,0.23552894592285156,0.06461292505264282
YBL064C,YEL029C,0,1.0061318,0.26727065443992615,0.23552894592285156,0.06471294164657593
YDR388W,YCR009C,1,1.0055532,0.2680995464324951,0.2365269511938095,0.06471294164657593
YNL291C,YPL204W,0,1.0053682,0.2677966058254242,0.2365269511938095,0.06481296569108963
YGR065C,YPL118W,0,1.0048219,0.2674943506717682,0.2365269511938095,0.06491298228502274
YNR074C,YOR076C,0,1.0039608,0.2671927809715271,0.2365269511938095,0.06501299887895584
YLL019C,YLR368W,0,1.0037346,0.2668918967247009,0.2365269511938095,0.06511302292346954
YBL007C,YHR016C,1,1.0023822,0.26771652698516846,0.23752495646476746,0.06511302292346954
YOR128C,YNL305C,0,1.0022503,0.26741573214530945,0.23752495646476746,0.06521303951740265
YBR159W,YML118W,0,1.0012,0.26711559295654297,0.23752495646476746,0.06531306356191635
YJL100W,YLR151C,0,1.0003588,0.2668161392211914,0.23752495646476746,0.06541308015584946
YNL300W,YIR012W,0,1.0003221,0.26651737093925476,0.23752495646476746,0.06551310420036316
YFL038C,YMR304W,0,0.99941444,0.26621922850608826,0.23752495646476746,0.06561312079429626
YNR036C,YHL016C,0,0.9990144,0.26592180132865906,0.23752495646476746,0.06571314483880997
YBR081C,YBR052C,0,0.9977591,0.265625,0.23752495646476746,0.06581316143274307
YPR047W,YML048W,0,0.99733806,0.26532888412475586,0.23752495646476746,0.06591318547725677
YER068W,YGR023W,0,0.99725974,0.26503339409828186,0.23752495646476746,0.06601320207118988
YDR531W,YPR081C,0,0.9971638,0.2647385895252228,0.23752495646476746,0.06611322611570358
YDL190C,YER119C,0,0.99678373,0.2644444406032562,0.23752495646476746,0.06621324270963669
YBR214W,YHR073W,1,0.9964218,0.26526081562042236,0.2385229468345642,0.06621324270963669
YBL007C,YGR241C,1,0.99614954,0.26607540249824524,0.23952095210552216,0.06621324270963669
YER078C,YJL149W,0,0.99436927,0.2657807171344757,0.23952095210552216,0.0663132593035698
YNL008C,YKR087C,0,0.99243903,0.2654867172241211,0.23952095210552216,0.0664132833480835
YKR090W,YMR004W,0,0.99239385,0.265193372964859,0.23952095210552216,0.0665132999420166
YHR074W,YHR012W,0,0.99132466,0.26490065455436707,0.23952095210552216,0.0666133239865303
YGL119W,YJR051W,0,0.99089813,0.26460859179496765,0.23952095210552216,0.06671334058046341
YJR006W,YJL102W,0,0.9907944,0.26431718468666077,0.23952095210552216,0.06681336462497711
YOR043W,YHR135C,1,0.99073434,0.2651265263557434,0.2405189573764801,0.06681336462497711
YKR022C,YIL111W,0,0.9906719,0.2648351788520813,0.2405189573764801,0.06691338121891022
YER070W,YOR098C,0,0.9886929,0.26454445719718933,0.2405189573764801,0.06701340526342392
YPR171W,YGR086C,1,0.988045,0.265350878238678,0.24151696264743805,0.06701340526342392
YKL195W,YDL010W,0,0.98619854,0.2650602459907532,0.24151696264743805,0.06711342185735703
YLR378C,YJL187C,0,0.98582053,0.2647702395915985,0.24151696264743805,0.06721344590187073
YAR008W,YAL043C,0,0.98549616,0.2644808888435364,0.24151696264743805,0.06731346249580383
YDR388W,YLR034C,0,0.9851284,0.264192134141922,0.24151696264743805,0.06741347908973694
YAL012W,YBL106C,0,0.98511887,0.26390403509140015,0.24151696264743805,0.06751350313425064
YMR080C,YLR183C,0,0.98430026,0.26361656188964844,0.24151696264743805,0.06761351972818375
YPR021C,YOR368W,0,0.98417985,0.26332971453666687,0.24151696264743805,0.06771354377269745
YLR206W,YHR001W,1,0.983304,0.26413044333457947,0.242514967918396,0.06771354377269745
YGL174W,YKL100C,0,0.9827688,0.2638436555862427,0.242514967918396,0.06781356036663055
YGL181W,YIL041W,1,0.982738,0.2646420896053314,0.24351297318935394,0.06781356036663055
YAL005C,YNL115C,0,0.98073184,0.2643553614616394,0.24351297318935394,0.06791358441114426
YGL037C,YKR019C,0,0.9801432,0.26406925916671753,0.24351297318935394,0.06801360100507736
YOR115C,YDL178W,0,0.9799131,0.2637837827205658,0.24351297318935394,0.06811362504959106
YKR003W,YOR329C,1,0.9795096,0.26457881927490234,0.2445109784603119,0.06811362504959106
YOR329C,YPL145C,1,0.97814274,0.2653721570968628,0.24550898373126984,0.06811362504959106
YLR270W,YJL213W,0,0.97778726,0.26508620381355286,0.24550898373126984,0.06821364164352417
YDR388W,YBL047C,1,0.9759171,0.26587727665901184,0.24650698900222778,0.06821364164352417
YDL107W,YEL009C,0,0.9752631,0.2655913829803467,0.24650698900222778,0.06831366568803787
YDR054C,YLR170C,0,0.9750904,0.26530611515045166,0.24650698900222778,0.06841368228197098
YOL088C,YLR203C,0,0.97189987,0.2650214731693268,0.24650698900222778,0.06851370632648468
YDL020C,YML095C,0,0.97126865,0.26473739743232727,0.24650698900222778,0.06861372292041779
YKR002W,YDR103W,0,0.9712311,0.2644539475440979,0.24650698900222778,0.06871373951435089
YLR237W,YKR039W,0,0.97086453,0.26417112350463867,0.24650698900222778,0.0688137635588646
YKR014C,YLR337C,1,0.97082925,0.2649572789669037,0.24750499427318573,0.0688137635588646
YBL036C,YBR214W,0,0.97048604,0.26467448472976685,0.24750499427318573,0.0689137801527977
YIR034C,YAL023C,0,0.96857834,0.26439231634140015,0.24750499427318573,0.0690138041973114
YBR109C,YOR008C,1,0.9684086,0.2651757299900055,0.24850299954414368,0.0690138041973114
YER012W,YPR182W,0,0.9683256,0.26489362120628357,0.24850299954414368,0.0691138207912445
YNL207W,YHR188C,0,0.9682975,0.2646121084690094,0.24850299954414368,0.06921384483575821
YJL074C,YOR347C,0,0.96689534,0.26433122158050537,0.24850299954414368,0.06931386142969131
YML132W,YML058W,0,0.96666145,0.2640509009361267,0.24850299954414368,0.06941388547420502
YBR203W,YML054C,0,0.966161,0.2637711763381958,0.24850299954414368,0.06951390206813812
YOR362C,YOR030W,0,0.965343,0.26349207758903503,0.24850299954414368,0.06961392611265182
YOR028C,YGR194C,0,0.96406555,0.26321354508399963,0.24850299954414368,0.06971394270658493
YPL204W,YJL006C,0,0.96358573,0.2629355788230896,0.24850299954414368,0.06981395930051804
YKR029C,YMR293C,0,0.96341705,0.2626582384109497,0.24850299954414368,0.06991398334503174
YNL009W,YMR137C,0,0.9631647,0.2623814642429352,0.24850299954414368,0.07001399993896484
YGL209W,YMR315W,0,0.9624269,0.262105256319046,0.24850299954414368,0.07011402398347855
YBR102C,YDR307W,0,0.96198463,0.2618296444416046,0.24850299954414368,0.07021404057741165
YGR271W,YCR069W,0,0.9613012,0.26155462861061096,0.24850299954414368,0.07031406462192535
YBR207W,YHR001W,1,0.96115255,0.26232948899269104,0.24950100481510162,0.07031406462192535
YLL023C,YGL145W,0,0.9609574,0.2620545029640198,0.24950100481510162,0.07041408121585846
YNL093W,YOR089C,1,0.9598484,0.26282721757888794,0.25049901008605957,0.07041408121585846
YOR173W,YHR117W,0,0.9593291,0.26255229115486145,0.25049901008605957,0.07051410526037216
YMR314W,YPR140W,0,0.9575856,0.2622779607772827,0.25049901008605957,0.07061412185430527
YER122C,YCR002C,0,0.95536613,0.26200416684150696,0.25049901008605957,0.07071414589881897
YOL016C,YDR151C,0,0.95469165,0.26173096895217896,0.25049901008605957,0.07081416249275208
YMR302C,YNL085W,0,0.95468736,0.2614583373069763,0.25049901008605957,0.07091418653726578
YJL091C,YNL305C,0,0.95458806,0.26118627190589905,0.25049901008605957,0.07101420313119888
YDR425W,YDR077W,0,0.9543631,0.26091477274894714,0.25049901008605957,0.07111421972513199
YGL208W,YGL172W,0,0.9513589,0.2606438100337982,0.25049901008605957,0.07121424376964569
YDR239C,YBR056W,0,0.9503974,0.26037344336509705,0.25049901008605957,0.0713142603635788
YAL026C,YDL161W,1,0.9496119,0.2611398994922638,0.2514970004558563,0.0713142603635788
YJL210W,YDL236W,0,0.9494548,0.260869562625885,0.2514970004558563,0.0714142844080925
YMR090W,YNL298W,0,0.9482089,0.2605997920036316,0.2514970004558563,0.0715143010020256
YKL003C,YJR137C,0,0.9477817,0.26033058762550354,0.2514970004558563,0.0716143250465393
YAR015W,YJL210W,0,0.9475508,0.26006191968917847,0.2514970004558563,0.07171434164047241
YIR006C,YDR069C,1,0.9465623,0.2608247399330139,0.25249502062797546,0.07171434164047241
YOR194C,YGR101W,0,0.94609535,0.2605561316013336,0.25249502062797546,0.07181436568498611
YPL123C,YKL212W,0,0.94550705,0.2602880597114563,0.25249502062797546,0.07191438227891922
YIR007W,YGR033C,0,0.94507575,0.26002055406570435,0.25249502062797546,0.07201440632343292
YLR240W,YGL011C,0,0.9450277,0.25975358486175537,0.25249502062797546,0.07211442291736603
YHR030C,YBR215W,0,0.94496346,0.25948718190193176,0.25249502062797546,0.07221443951129913
YNR035C,YDR177W,1,0.9433799,0.2602458894252777,0.2534930109977722,0.07221443951129913
YMR092C,YJR104C,0,0.9432249,0.2599795162677765,0.2534930109977722,0.07231446355581284
YHR181W,YGL213C,0,0.94259965,0.25971370935440063,0.2534930109977722,0.07241448014974594
YGR036C,YBL040C,0,0.9415573,0.25944840908050537,0.2534930109977722,0.07251450419425964
YPR165W,YHR135C,1,0.9402189,0.2602040767669678,0.25449103116989136,0.07251450419425964
YLR452C,YJR076C,0,0.93948424,0.2599388360977173,0.25449103116989136,0.07261452078819275
YDR490C,YGR086C,1,0.93942475,0.2606924772262573,0.2554890215396881,0.07261452078819275
YIL041W,YPL154C,0,0.9392512,0.2604272663593292,0.2554890215396881,0.07271454483270645
YKL091C,YDL239C,0,0.9384837,0.2601625919342041,0.2554890215396881,0.07281456142663956
YPL089C,YDR497C,0,0.935254,0.25989848375320435,0.2554890215396881,0.07291458547115326
YMR109W,YPL004C,1,0.9340421,0.26064908504486084,0.25648701190948486,0.07291458547115326
YEL050C,YOR075W,0,0.93377185,0.26038500666618347,0.25648701190948486,0.07301460206508636
YLR295C,YJL044C,0,0.933455,0.2601214647293091,0.25648701190948486,0.07311462610960007
YER022W,YDR202C,0,0.9331286,0.2598584294319153,0.25648701190948486,0.07321464270353317
YMR169C,YGR177C,0,0.9326961,0.25959596037864685,0.25648701190948486,0.07331465929746628
YGR222W,YMR043W,0,0.93233633,0.259333997964859,0.25648701190948486,0.07341468334197998
YKR098C,YOR131C,0,0.9314946,0.25907257199287415,0.25648701190948486,0.07351469993591309
YPR185W,YBL089W,0,0.93104255,0.25881168246269226,0.25648701190948486,0.07361472398042679
YGR086C,YBR059C,1,0.9297854,0.2595573365688324,0.257485032081604,0.07361472398042679
YDR129C,YDR177W,1,0.9288609,0.26030150055885315,0.25848302245140076,0.07361472398042679
YIL097W,YNL050C,0,0.92852116,0.26004016399383545,0.25848302245140076,0.0737147405743599
YGR231C,YOR275C,0,0.9276149,0.25977933406829834,0.25848302245140076,0.0738147646188736
YJR107W,YDL165W,0,0.9273745,0.2595190405845642,0.25848302245140076,0.0739147812128067
YNL219C,YIL128W,0,0.9269569,0.25925925374031067,0.25848302245140076,0.0740148052573204
YNR032W,YOL094C,0,0.92662024,0.2590000033378601,0.25848302245140076,0.07411482185125351
YBR133C,YNL010W,0,0.9262022,0.25874125957489014,0.25848302245140076,0.07421484589576721
YMR169C,YJR010C-A,0,0.92599213,0.25848302245140076,0.25848302245140076,0.07431486248970032
YAL042W,YDR307W,0,0.9248383,0.25822532176971436,0.25848302245140076,0.07441488653421402
YPR072W,YPL113C,0,0.9239317,0.25796812772750854,0.25848302245140076,0.07451490312814713
YDR059C,YNL154C,1,0.9219185,0.2587064802646637,0.2594810426235199,0.07451490312814713
YOR155C,YNR013C,0,0.921553,0.2584493160247803,0.2594810426235199,0.07461491972208023
YAL008W,YDR167W,0,0.9203812,0.25819265842437744,0.2594810426235199,0.07471494376659393
YOR208W,YOR039W,0,0.91967463,0.2579365074634552,0.2594810426235199,0.07481496036052704
YOR219C,YER020W,0,0.91960907,0.25768086314201355,0.2594810426235199,0.07491498440504074
YPL148C,YJL151C,0,0.9190552,0.2574257552623749,0.2594810426235199,0.07501500099897385
YOR181W,YBL047C,1,0.9187987,0.25816023349761963,0.26047903299331665,0.07501500099897385
YBR207W,YKL129C,1,0.91835046,0.25889328122138977,0.2614770531654358,0.07501500099897385
YEL060C,YPL152W,0,0.91812277,0.2586376965045929,0.2614770531654358,0.07511502504348755
YAR042W,YJL204C,1,0.9166868,0.2593688368797302,0.26247504353523254,0.07511502504348755
YBR229C,YLL039C,0,0.9166291,0.2591133117675781,0.26247504353523254,0.07521504163742065
YPR113W,YPL160W,0,0.91656756,0.25885826349258423,0.26247504353523254,0.07531506568193436
YGR198W,YER166W,1,0.9162338,0.25958701968193054,0.2634730637073517,0.07531506568193436
YOR327C,YLR371W,1,0.91622686,0.26031434535980225,0.26447105407714844,0.07531506568193436
YIL046W,YJR155W,0,0.9153236,0.2600588798522949,0.26447105407714844,0.07541508227586746
YAL053W,YDL109C,0,0.9136447,0.2598039209842682,0.26447105407714844,0.07551510632038116
YLR356W,YNR023W,0,0.91349435,0.25954946875572205,0.26447105407714844,0.07561512291431427
YEL029C,YDL045C,0,0.9126413,0.2592954933643341,0.26447105407714844,0.07571513950824738
YLR418C,YDR038C,0,0.90906537,0.25904202461242676,0.26447105407714844,0.07581516355276108
YDR077W,YDR162C,0,0.90861094,0.2587890625,0.26447105407714844,0.07591518014669418
YNL003C,YMR099C,0,0.9080539,0.25853657722473145,0.26447105407714844,0.07601520419120789
YBL093C,YDR533C,0,0.90761924,0.2582845985889435,0.26447105407714844,0.07611522078514099
YGL156W,YKR018C,0,0.9042926,0.2580330967903137,0.26447105407714844,0.0762152448296547
YLR386W,YLR297W,0,0.904078,0.25778210163116455,0.26447105407714844,0.0763152614235878
YCR023C,YIL034C,0,0.9040526,0.2575315833091736,0.26447105407714844,0.0764152854681015
YOR298W,YKL007W,0,0.9035635,0.2572815418243408,0.26447105407714844,0.0765153020620346
YBR068C,YDR379W,0,0.9019606,0.25703200697898865,0.26447105407714844,0.07661532610654831
YMR288W,YAR027W,0,0.90155745,0.2567829489707947,0.26447105407714844,0.07671534270048141
YJL071W,YJR076C,0,0.90083146,0.2565343677997589,0.26447105407714844,0.07681536674499512
YHR043C,YKL073W,0,0.9008305,0.25628626346588135,0.26447105407714844,0.07691538333892822
YPL020C,YKL059C,0,0.9007385,0.256038635969162,0.26447105407714844,0.07701539993286133
YJR017C,YCR017C,0,0.9006809,0.2557915151119232,0.26447105407714844,0.07711542397737503
YDR093W,YJR125C,1,0.9006132,0.2565091550350189,0.2654690742492676,0.07711542397737503
YLR216C,YBR203W,0,0.90041924,0.25626203417778015,0.2654690742492676,0.07721544057130814
YHR027C,YJL225C,0,0.90026486,0.2560153901576996,0.2654690742492676,0.07731546461582184
YDL174C,YKL001C,0,0.9000343,0.2557692229747772,0.2654690742492676,0.07741548120975494
YHR123W,YER119C,0,0.899647,0.25552353262901306,0.2654690742492676,0.07751550525426865
YDR093W,YIL041W,1,0.89934385,0.25623801350593567,0.26646706461906433,0.07751550525426865
YMR086W,YLR025W,0,0.89888513,0.2559923231601715,0.26646706461906433,0.07761552184820175
YLR088W,YMR251W-A,0,0.8984971,0.25574713945388794,0.26646706461906433,0.07771554589271545
YJL133W,YKR014C,0,0.8984463,0.2555024027824402,0.26646706461906433,0.07781556248664856
YMR316W,YHL024W,0,0.89732075,0.25525811314582825,0.26646706461906433,0.07791558653116226
YDR231C,YPL154C,0,0.89681196,0.2550143301486969,0.26646706461906433,0.07801560312509537
YML072C,YJL139C,0,0.89646053,0.25477099418640137,0.26646706461906433,0.07811561971902847
YHL004W,YIL044C,0,0.896364,0.25452813506126404,0.26646706461906433,0.07821564376354218
YIL113W,YLR064W,0,0.8960091,0.2542857229709625,0.26646706461906433,0.07831566035747528
YKL193C,YLR100W,0,0.89459324,0.2540437579154968,0.26646706461906433,0.07841568440198898
YMR086W,YMR067C,0,0.89333844,0.25380226969718933,0.26646706461906433,0.07851570099592209
YDR400W,YPR024W,0,0.8918077,0.25356125831604004,0.26646706461906433,0.07861572504043579
YAL016W,YLR319C,0,0.89166415,0.25332069396972656,0.26646706461906433,0.0787157416343689
YDR059C,YCR094W,1,0.89156616,0.25402843952178955,0.2674650549888611,0.0787157416343689
YPR165W,YCR053W,1,0.89115596,0.2547348439693451,0.2684630751609802,0.0787157416343689
YLR381W,YDR487C,0,0.8908986,0.2544938623905182,0.2684630751609802,0.0788157656788826
YDR520C,YMR315W,0,0.8908713,0.2542532980442047,0.2684630751609802,0.0789157822728157
YLR447C,YMR115W,0,0.89061856,0.25401321053504944,0.2684630751609802,0.0790158063173294
YML129C,YDL077C,0,0.8898529,0.25377357006073,0.2684630751609802,0.07911582291126251
YGR086C,YBR122C,0,0.88932216,0.2535344064235687,0.2684630751609802,0.07921583950519562
YDR477W,YIL088C,0,0.8889339,0.2532956600189209,0.2684630751609802,0.07931586354970932
YLR304C,YMR011W,0,0.8886163,0.2530573904514313,0.2684630751609802,0.07941588014364243
YBL036C,YDR393W,0,0.88852835,0.2528195381164551,0.2684630751609802,0.07951590418815613
YKL035W,YMR038C,0,0.8880038,0.2525821626186371,0.2684630751609802,0.07961592078208923
YKL170W,YKL140W,0,0.8877108,0.2523452043533325,0.2684630751609802,0.07971594482660294
YGL185C,YPR160W,0,0.8868669,0.25210872292518616,0.2684630751609802,0.07981596142053604
YGR179C,YMR298W,0,0.8860384,0.2518726587295532,0.2684630751609802,0.07991598546504974
YOR182C,YPL249C,0,0.88602877,0.2516370415687561,0.2684630751609802,0.08001600205898285
YKL034W,YLR395C,0,0.8859829,0.2514018714427948,0.2684630751609802,0.08011602610349655
YGL206C,YEL027W,1,0.8854083,0.2521008551120758,0.269461065530777,0.08011602610349655
YNL177C,YHR074W,0,0.8847821,0.2518656849861145,0.269461065530777,0.08021604269742966
YER001W,YNL273W,0,0.88420236,0.2516309320926666,0.269461065530777,0.08031606674194336
YDR264C,YPL145C,1,0.8838608,0.25232774019241333,0.2704590857028961,0.08031606674194336
YOR007C,YKR065C,0,0.8837321,0.25209301710128784,0.2704590857028961,0.08041608333587646
YER117W,YHR072W,0,0.8827491,0.25185874104499817,0.2704590857028961,0.08051609992980957
YFL039C,YER166W,1,0.88247323,0.25255340337753296,0.27145707607269287,0.08051609992980957
YPL059W,YJL225C,0,0.881598,0.2523190975189209,0.27145707607269287,0.08061612397432327
YNL007C,YNL172W,0,0.88094556,0.25208526849746704,0.27145707607269287,0.08071614056825638
YKL107W,YIL143C,0,0.88038564,0.2518518567085266,0.27145707607269287,0.08081616461277008
YPL011C,YDL015C,0,0.8802879,0.2516188621520996,0.27145707607269287,0.08091618120670319
YKL130C,YPR145W,0,0.8793988,0.2513863146305084,0.27145707607269287,0.08101620525121689
YBL022C,YDL193W,0,0.8792591,0.25115421414375305,0.27145707607269287,0.08111622184515
YPR091C,YOR299W,0,0.87802887,0.2509225010871887,0.27145707607269287,0.0812162458896637
YIL124W,YPL218W,0,0.8778529,0.2506912350654602,0.27145707607269287,0.0813162624835968
YLR370C,YDL110C,0,0.8768072,0.2504604160785675,0.27145707607269287,0.0814162865281105
YHR175W,YDR380W,0,0.87667966,0.25022998452186584,0.27145707607269287,0.08151630312204361
YGL181W,YDR069C,1,0.87659633,0.2509191036224365,0.272455096244812,0.08151630312204361
YLR095C,YGR255C,0,0.87515044,0.25068870186805725,0.272455096244812,0.08161631971597672
YPL069C,YOL113W,0,0.87414086,0.2504587173461914,0.272455096244812,0.08171634376049042
YLR133W,YPL214C,0,0.87401927,0.250229150056839,0.272455096244812,0.08181636035442352
YER119C,YFL039C,0,0.8733082,0.25,0.272455096244812,0.08191638439893723
YDR059C,YBR214W,1,0.8731506,0.2506861984729767,0.27345308661460876,0.08191638439893723
YDR164C,YOL082W,0,0.8722193,0.2504570484161377,0.27345308661460876,0.08201640099287033
YBR109C,YDL231C,1,0.87179923,0.2511415481567383,0.2744511067867279,0.08201640099287033
YCL027W,YDL010W,0,0.8715215,0.2509123980998993,0.2744511067867279,0.08211642503738403
YOR211C,YNL241C,0,0.8705118,0.2506836950778961,0.2744511067867279,0.08221644163131714
YJR134C,YOR256C,0,0.87033355,0.250455379486084,0.2744511067867279,0.08231646567583084
YOR329C,YBL047C,1,0.87015855,0.2511374056339264,0.27544909715652466,0.08231646567583084
YNL154C,YGR167W,1,0.86977863,0.2518181800842285,0.2764471173286438,0.08231646567583084
YMR037C,YDL021W,0,0.8695252,0.25158947706222534,0.2764471173286438,0.08241648226976395
YJR044C,YOR347C,0,0.8689239,0.2513611614704132,0.2764471173286438,0.08251650631427765
YKL193C,YER162C,0,0.8686806,0.2511332631111145,0.2764471173286438,0.08261652290821075
YBL046W,YLR080W,0,0.8678868,0.2509058117866516,0.2764471173286438,0.08271654695272446
YGL229C,YDR137W,0,0.86678386,0.25067874789237976,0.2764471173286438,0.08281656354665756
YNL020C,YKL129C,1,0.8653836,0.25135624408721924,0.27744510769844055,0.08281656354665756
YCL038C,YLR045C,0,0.86445534,0.2511291801929474,0.27744510769844055,0.08291658014059067
YBR109C,YBL007C,1,0.86360943,0.25180506706237793,0.2784431278705597,0.08291658014059067
YGL122C,YMR244C-A,0,0.8628192,0.2515780031681061,0.2784431278705597,0.08301660418510437
YBL067C,YER096W,0,0.8626946,0.25135135650634766,0.2784431278705597,0.08311662077903748
YKL124W,YLL062C,0,0.86191034,0.25112512707710266,0.2784431278705597,0.08321664482355118
YPR178W,YLR025W,0,0.8611182,0.2508992850780487,0.2784431278705597,0.08331666141748428
YNL297C,YGR086C,1,0.8607511,0.2515723407268524,0.27944111824035645,0.08331666141748428
YDR490C,YGR167W,1,0.85964274,0.25224417448043823,0.2804391086101532,0.08331666141748428
YDR507C,YJR093C,0,0.8595303,0.25201794505119324,0.2804391086101532,0.08341668546199799
YOR017W,YIL031W,0,0.8594442,0.2517921030521393,0.2804391086101532,0.08351670205593109
YDR056C,YGR184C,0,0.8583864,0.25156670808792114,0.2804391086101532,0.0836167261004448
YBR052C,YMR276W,0,0.8574127,0.25134167075157166,0.2804391086101532,0.0837167426943779
YGL181W,YAL030W,1,0.85707647,0.2520107328891754,0.28143712878227234,0.0837167426943779
YLR270W,YGL086W,0,0.85640824,0.2517857253551483,0.28143712878227234,0.0838167667388916
YPL048W,YDL115C,0,0.8551339,0.25156110525131226,0.28143712878227234,0.08391678333282471
YPR004C,YFL008W,0,0.85485715,0.2513369023799896,0.28143712878227234,0.08401679992675781
YDR476C,YNL049C,0,0.8541608,0.25111308693885803,0.28143712878227234,0.08411682397127151
YHL019C,YIL162W,0,0.8536014,0.25088968873023987,0.28143712878227234,0.08421684056520462
YNL335W,YIL143C,0,0.8532866,0.25066667795181274,0.28143712878227234,0.08431686460971832
YKL125W,YDL024C,0,0.85289407,0.25044405460357666,0.28143712878227234,0.08441688120365143
YOR043W,YJR125C,1,0.8526052,0.25110915303230286,0.2824351191520691,0.08441688120365143
YDR264C,YDR093W,1,0.85166997,0.25177305936813354,0.28343313932418823,0.08441688120365143
YMR263W,YOL038W,0,0.8508598,0.2515500485897064,0.28343313932418823,0.08451690524816513
YDL005C,YPR098C,0,0.850701,0.25132742524147034,0.28343313932418823,0.08461692184209824
YBR052C,YCR089W,0,0.8505137,0.2511052191257477,0.28343313932418823,0.08471694588661194
YGR091W,YGL161C,0,0.8504175,0.25088340044021606,0.28343313932418823,0.08481696248054504
YGL032C,YLR264W,0,0.84999967,0.2506619691848755,0.28343313932418823,0.08491698652505875
YNL208W,YDR147W,0,0.8499488,0.25044092535972595,0.28343313932418823,0.08501700311899185
YBL037W,YEL012W,0,0.8484727,0.25022026896476746,0.28343313932418823,0.08511701971292496
YMR030W,YOL060C,0,0.84794307,0.25,0.28343313932418823,0.08521704375743866
YCL033C,YPR200C,0,0.84652966,0.24978011846542358,0.28343313932418823,0.08531706035137177
YNL154C,YML001W,1,0.84616756,0.2504393756389618,0.284431129693985,0.08531706035137177
YFR007W,YIR007W,0,0.8457141,0.2502194941043854,0.284431129693985,0.08541708439588547
YDR332W,YIL117C,0,0.8443225,0.25,0.284431129693985,0.08551710098981857
YML049C,YHR098C,0,0.842697,0.24978089332580566,0.284431129693985,0.08561712503433228
YDR387C,YIL050W,0,0.84130275,0.24956217408180237,0.284431129693985,0.08571714162826538
YNL219C,YBR033W,0,0.8407077,0.24934382736682892,0.284431129693985,0.08581716567277908
YNL272C,YDR393W,0,0.8406497,0.2491258680820465,0.284431129693985,0.08591718226671219
YNL336W,YDR059C,0,0.84032583,0.24890829622745514,0.284431129693985,0.08601720631122589
YMR092C,YGL236C,0,0.8401457,0.24869109690189362,0.284431129693985,0.086117222905159
YDR311W,YHR104W,0,0.8394644,0.24847428500652313,0.284431129693985,0.0862172469496727
YNR050C,YEL034W,0,0.8390629,0.2482578456401825,0.284431129693985,0.0863172635436058
YML074C,YBR035C,0,0.8388591,0.2480417788028717,0.284431129693985,0.08641728013753891
YGR222W,YGL011C,0,0.83806574,0.24782608449459076,0.284431129693985,0.08651730418205261
YNR054C,YMR315W,0,0.83771807,0.24761077761650085,0.284431129693985,0.08661732077598572
YER045C,YDL146W,0,0.83763665,0.2473958283662796,0.284431129693985,0.08671734482049942
YDR056C,YKL038W,0,0.8369831,0.2471812665462494,0.284431129693985,0.08681736141443253
YOR043W,YBR214W,1,0.8360483,0.24783362448215485,0.2854291498661041,0.08681736141443253
YNL032W,YOR008C,1,0.83536184,0.24848484992980957,0.2864271402359009,0.08681736141443253
YDL127W,YDR267C,0,0.8351804,0.24826990067958832,0.2864271402359009,0.08691738545894623
YDR093W,YOR109W,1,0.83515584,0.24891962110996246,0.28742516040802,0.08691738545894623
YGR023W,YIL063C,0,0.83490884,0.24870465695858002,0.28742516040802,0.08701740205287933
YDL008W,YDR486C,0,0.8336523,0.2484900802373886,0.28742516040802,0.08711742609739304
YJL052W,YER104W,0,0.8333117,0.24827586114406586,0.28742516040802,0.08721744269132614
YLR395C,YDL193W,0,0.8329826,0.24806201457977295,0.28742516040802,0.08731746673583984
YAL005C,YFL038C,0,0.8324966,0.2478485405445099,0.28742516040802,0.08741748332977295
YOR044W,YMR250W,0,0.832039,0.24763542413711548,0.28742516040802,0.08751749992370605
YKL112W,YOL016C,0,0.83200645,0.24742268025875092,0.28742516040802,0.08761752396821976
YKL157W,YAL044C,0,0.8317971,0.247210294008255,0.28742516040802,0.08771754056215286
YOR173W,YLR105C,0,0.83113503,0.24699828028678894,0.28742516040802,0.08781756460666656
YOR036W,YPL028W,0,0.8310154,0.24678663909435272,0.28742516040802,0.08791758120059967
YDL195W,YDL045C,0,0.8305911,0.24657534062862396,0.28742516040802,0.08801760524511337
YLR270W,YDR196C,0,0.83049923,0.24636441469192505,0.28742516040802,0.08811762183904648
YPR162C,YER120W,0,0.8297944,0.2461538463830948,0.28742516040802,0.08821764588356018
YBR281C,YJL103C,0,0.8291687,0.24594363570213318,0.28742516040802,0.08831766247749329
YOR389W,YOL070C,0,0.82906616,0.24573378264904022,0.28742516040802,0.08841768652200699
YJL184W,YER026C,0,0.8289685,0.2455243021249771,0.28742516040802,0.0885177031159401
YBR231C,YNR006W,0,0.8286494,0.24531516432762146,0.28742516040802,0.0886177271604538
YDR067C,YJL149W,0,0.8285516,0.24510638415813446,0.28742516040802,0.0887177437543869
YGR222W,YKL092C,0,0.8271907,0.2448979616165161,0.28742516040802,0.08881776034832001
YPR165W,YOR043W,1,0.8269756,0.24553950130939484,0.2884231507778168,0.08881776034832001
YHR057C,YJR076C,0,0.82570815,0.2453310638666153,0.2884231507778168,0.08891778439283371
YNL084C,YLR206W,1,0.82551455,0.24597115814685822,0.2894211709499359,0.08891778439283371
YIR022W,YKR042W,0,0.8254703,0.24576270580291748,0.2894211709499359,0.08901780098676682
YKL168C,YGL137W,0,0.82462615,0.2455546110868454,0.2894211709499359,0.08911782503128052
YBR109C,YCR053W,1,0.8238772,0.24619288742542267,0.29041916131973267,0.08911782503128052
YLR381W,YOR020C,0,0.8237977,0.2459847778081894,0.29041916131973267,0.08921784162521362
YPR165W,YPR048W,0,0.8235967,0.24577702581882477,0.29041916131973267,0.08931786566972733
YER157W,YER141W,0,0.8233968,0.2455696165561676,0.29041916131973267,0.08941788226366043
YOR353C,YBR278W,0,0.8229452,0.2453625649213791,0.29041916131973267,0.08951790630817413
YDL159W,YEL050C,0,0.82228374,0.24515585601329803,0.29041916131973267,0.08961792290210724
YLR371W,YGR167W,1,0.8220935,0.2457912415266037,0.2914171516895294,0.08961792290210724
YBL060W,YFL021W,0,0.82193136,0.24558451771736145,0.2914171516895294,0.08971794694662094
YNL230C,YPR052C,0,0.8215836,0.24537815153598785,0.2914171516895294,0.08981796354055405
YHR101C,YLR107W,0,0.8208579,0.24517212808132172,0.2914171516895294,0.08991798013448715
YGL173C,YBR126C,0,0.8201197,0.24496644735336304,0.2914171516895294,0.09001800417900085
YOR279C,YBR286W,0,0.8179753,0.24476110935211182,0.2914171516895294,0.09011802077293396
YPR181C,YLR270W,0,0.81593734,0.24455611407756805,0.2914171516895294,0.09021804481744766
YDR069C,YDR177W,1,0.8158088,0.24518828094005585,0.29241517186164856,0.09021804481744766
YOL093W,YDL236W,0,0.81365854,0.2449832707643509,0.29241517186164856,0.09031806141138077
YLL023C,YMR089C,0,0.8134861,0.2447786182165146,0.29241517186164856,0.09041808545589447
YNL267W,YOR092W,0,0.813372,0.24457429349422455,0.29241517186164856,0.09051810204982758
YOL034W,YOL030W,0,0.812138,0.24437031149864197,0.29241517186164856,0.09061812609434128
YNL007C,YER147C,0,0.81186736,0.24416667222976685,0.29241517186164856,0.09071814268827438
YMR300C,YLL039C,0,0.8116169,0.243963360786438,0.29241517186164856,0.09081816673278809
YDR052C,YJL116C,0,0.81112766,0.2437603920698166,0.29241517186164856,0.09091818332672119
YOL123W,YGR124W,0,0.8105796,0.24355776607990265,0.29241517186164856,0.0910181999206543
YOL064C,YNR020C,0,0.81045103,0.24335548281669617,0.29241517186164856,0.091118223965168
YDR388W,YKL126W,1,0.8104227,0.2439834028482437,0.2934131622314453,0.091118223965168
YDR258C,YIL143C,0,0.8102573,0.24378108978271484,0.2934131622314453,0.0912182405591011
YHR004C,YDL036C,0,0.81007874,0.24357911944389343,0.2934131622314453,0.09131826460361481
YLR371W,YHR001W,1,0.80975866,0.2442052960395813,0.29441118240356445,0.09131826460361481
YCR037C,YDR262W,0,0.80940396,0.2440033107995987,0.29441118240356445,0.09141828119754791
YMR167W,YNL093W,0,0.80828285,0.24380165338516235,0.29441118240356445,0.09151830524206161
YAL063C,YPR149W,0,0.8079193,0.24360032379627228,0.29441118240356445,0.09161832183599472
YBR207W,YDR177W,1,0.80670106,0.2442244291305542,0.2954091727733612,0.09161832183599472
YNL224C,YPR026W,0,0.8066633,0.24402308464050293,0.2954091727733612,0.09171834588050842
YLR178C,YNL275W,0,0.80627,0.24382208287715912,0.2954091727733612,0.09181836247444153
YBL046W,YAR027W,0,0.80625176,0.24362139403820038,0.2954091727733612,0.09191838651895523
YHR172W,YOL071W,0,0.8056591,0.2434210479259491,0.2954091727733612,0.09201840311288834
YKL160W,YGR284C,0,0.80520123,0.24322102963924408,0.2954091727733612,0.09211842715740204
YEL037C,YHR104W,0,0.80509,0.24302133917808533,0.2954091727733612,0.09221844375133514
YIL078W,YJL225C,0,0.8050159,0.24282199144363403,0.2954091727733612,0.09231846034526825
YJL046W,YOR099W,0,0.8040692,0.2426229566335678,0.2954091727733612,0.09241848438978195
YDR197W,YJL165C,0,0.80374014,0.24242424964904785,0.2954091727733612,0.09251850098371506
YPR171W,YPL145C,1,0.8035712,0.2430441826581955,0.29640719294548035,0.09251850098371506
YDR368W,YOL066C,0,0.80270696,0.24284546077251434,0.29640719294548035,0.09261852502822876
YDR392W,YPR080W,0,0.80261695,0.24264705181121826,0.29640719294548035,0.09271854162216187
YNL297C,YOR327C,1,0.80241543,0.243265300989151,0.2974051833152771,0.09271854162216187
YBL007C,YDL019C,1,0.8020477,0.24388255178928375,0.29840320348739624,0.09271854162216187
YLR165C,YPL020C,0,0.80152726,0.24368378520011902,0.29840320348739624,0.09281856566667557
YBR302C,YOR251C,0,0.80088353,0.24348534643650055,0.29840320348739624,0.09291858226060867
YER147C,YGR010W,0,0.7998217,0.24328722059726715,0.29840320348739624,0.09301860630512238
YLR071C,YMR184W,0,0.79928875,0.2430894374847412,0.29840320348739624,0.09311862289905548
YGR229C,YGR092W,0,0.7991068,0.24289195239543915,0.29840320348739624,0.09321864694356918
YOR155C,YEL071W,0,0.7988906,0.24269481003284454,0.29840320348739624,0.09331866353750229
YDL004W,YBR170C,0,0.79799044,0.24249796569347382,0.29840320348739624,0.0934186801314354
YMR112C,YFL033C,0,0.7968663,0.24230146408081055,0.29840320348739624,0.0935187041759491
YIL080W,YML128C,0,0.7963592,0.24210526049137115,0.29840320348739624,0.0936187207698822
YJL046W,YGR157W,0,0.7952731,0.24190938472747803,0.29840320348739624,0.0937187448143959
YDL161W,YCR053W,1,0.7949764,0.2425222247838974,0.299401193857193,0.0937187448143959
YLR266C,YGR239C,0,0.79469967,0.24232633411884308,0.299401193857193,0.09381876140832901
YMR228W,YPR098C,0,0.79316306,0.24213075637817383,0.299401193857193,0.09391878545284271
YNL073W,YBR230C,0,0.792945,0.24193547666072845,0.299401193857193,0.09401880204677582
YDR156W,YOR315W,0,0.7928712,0.24174052476882935,0.299401193857193,0.09411882609128952
YCL027W,YGL173C,0,0.7920246,0.2415459007024765,0.299401193857193,0.09421884268522263
YOR329C,YKL126W,1,0.7919718,0.24215607345104218,0.30039921402931213,0.09421884268522263
YML116W,YLR439W,0,0.7917223,0.24196141958236694,0.30039921402931213,0.09431886672973633
YIL048W,YOR109W,1,0.79134166,0.24257028102874756,0.3013972043991089,0.09431886672973633
YMR152W,YGL169W,0,0.79129636,0.24237559735774994,0.3013972043991089,0.09441888332366943
YJL048C,YOR355W,0,0.7903179,0.24218124151229858,0.3013972043991089,0.09451890736818314
YDR242W,YKL013C,0,0.78987336,0.2419871836900711,0.3013972043991089,0.09461892396211624
YLR155C,YDL097C,0,0.78965056,0.2417934387922287,0.3013972043991089,0.09471894055604935
YOR007C,YHR112C,0,0.7891402,0.24160000681877136,0.3013972043991089,0.09481896460056305
YKL212W,YOR202W,0,0.78855884,0.2414068728685379,0.3013972043991089,0.09491898119449615
YGR198W,YNL305C,0,0.7879427,0.24121405184268951,0.3013972043991089,0.09501900523900986
YOL145C,YOR128C,0,0.7876662,0.2410215437412262,0.3013972043991089,0.09511902183294296
YBL006C,YFR052W,0,0.7871709,0.24082934856414795,0.3013972043991089,0.09521904587745667
YDR032C,YDL008W,0,0.78668934,0.24063745141029358,0.3013972043991089,0.09531906247138977
YOR209C,YGL186C,0,0.7866633,0.24044586718082428,0.3013972043991089,0.09541908651590347
YAL013W,YFR045W,0,0.78652346,0.24025458097457886,0.3013972043991089,0.09551910310983658
YJL206C,YPL103C,0,0.7860317,0.2400635927915573,0.3013972043991089,0.09561912715435028
YDR236C,YPL053C,0,0.78524864,0.23987291753292084,0.3013972043991089,0.09571914374828339
YLR081W,YMR210W,0,0.78433096,0.23968254029750824,0.3013972043991089,0.09581916034221649
YCR094W,YDR394W,0,0.7835957,0.23949246108531952,0.3013972043991089,0.0959191843867302
YER021W,YOR030W,0,0.78350645,0.23930269479751587,0.3013972043991089,0.0960192009806633
YNL212W,YDL006W,0,0.78278404,0.2391132265329361,0.3013972043991089,0.096119225025177
YOR329C,YJL204C,1,0.7802837,0.23971518874168396,0.30239519476890564,0.096119225025177
YLR283W,YJL042W,0,0.7801775,0.2395256906747818,0.30239519476890564,0.09621924161911011
YLL028W,YJL192C,0,0.77952236,0.23933649063110352,0.30239519476890564,0.09631926566362381
YGL157W,YLR395C,0,0.77949214,0.2391475886106491,0.30239519476890564,0.09641928225755692
YER096W,YDR123C,0,0.7788791,0.23895898461341858,0.30239519476890564,0.09651930630207062
YNL039W,YIL076W,0,0.77820724,0.23877067863941193,0.30239519476890564,0.09661932289600372
YGL128C,YBR237W,0,0.77741814,0.23858267068862915,0.30239519476890564,0.09671934694051743
YDL142C,YDR267C,0,0.77708,0.23839496076107025,0.30239519476890564,0.09681936353445053
YBL101C,YBR214W,1,0.7770038,0.23899370431900024,0.3033932149410248,0.09681936353445053
YCL034W,YOR322C,1,0.77694875,0.23959150910377502,0.30439120531082153,0.09681936353445053
YBR026C,YNL092W,0,0.77665204,0.23940345644950867,0.30439120531082153,0.09691938757896423
YOR008C,YPL145C,1,0.776396,0.23999999463558197,0.3053892254829407,0.09691938757896423
YAL005C,YLR020C,0,0.77578795,0.23981191217899323,0.3053892254829407,0.09701940417289734
YGR255C,YBL017C,0,0.7754608,0.23962411284446716,0.3053892254829407,0.09711942076683044
YNR074C,YGL155W,0,0.77493405,0.23943662643432617,0.3053892254829407,0.09721944481134415
YKR003W,YLR206W,1,0.7748569,0.24003127217292786,0.3063872158527374,0.09721944481134415
YDL128W,YBR185C,0,0.7747917,0.23984375596046448,0.3063872158527374,0.09731946140527725
YPR091C,YHR123W,0,0.77452433,0.23965652287006378,0.3063872158527374,0.09741948544979095
YMR289W,YJL141C,0,0.773051,0.23946957290172577,0.3063872158527374,0.09751950204372406
YML012W,YLR099C,0,0.7724197,0.23928293585777283,0.3063872158527374,0.09761952608823776
YNL093W,YKL126W,1,0.77165306,0.23987539112567902,0.30738523602485657,0.09761952608823776
YER130C,YLL055W,0,0.7711605,0.2396887093782425,0.30738523602485657,0.09771954268217087
YOL152W,YIR038C,0,0.77087355,0.23950232565402985,0.30738523602485657,0.09781956672668457
YLL039C,YKL064W,0,0.76942503,0.23931623995304108,0.30738523602485657,0.09791958332061768
YDR202C,YBR173C,0,0.76932275,0.239130437374115,0.30738523602485657,0.09801960736513138
YPL042C,YOL082W,0,0.76922095,0.2389449179172516,0.30738523602485657,0.09811962395906448
YLR350W,YMR127C,0,0.76865804,0.23875969648361206,0.30738523602485657,0.09821964055299759
YFR019W,YNR010W,0,0.76777744,0.23857474327087402,0.30738523602485657,0.09831966459751129
YNL052W,YCR097W,0,0.7669857,0.23839008808135986,0.30738523602485657,0.0984196811914444
YDR373W,YDR103W,0,0.7662173,0.2382057160139084,0.30738523602485657,0.0985197052359581
YLL023C,YDR376W,0,0.7644349,0.2380216419696808,0.30738523602485657,0.0986197218298912
YCL027W,YOL108C,0,0.7634942,0.23783783614635468,0.30738523602485657,0.09871974587440491
YGR065C,YDL108W,0,0.76323986,0.23765432834625244,0.30738523602485657,0.09881976246833801
YKR069W,YMR304W,0,0.76311135,0.2374710887670517,0.30738523602485657,0.09891978651285172
YBR068C,YLL054C,0,0.7623415,0.23728813230991364,0.30738523602485657,0.09901980310678482
YDR456W,YLR396C,0,0.762307,0.23710545897483826,0.30738523602485657,0.09911982715129852
YBR236C,YMR022W,0,0.7591615,0.23692308366298676,0.30738523602485657,0.09921984374523163
YPL145C,YOR109W,1,0.7587905,0.2375096082687378,0.3083832263946533,0.09921984374523163
YDR012W,YCL024W,0,0.75866336,0.2373271882534027,0.3083832263946533,0.09931986033916473
YPR030W,YNL305C,0,0.75862986,0.2371450513601303,0.3083832263946533,0.09941988438367844
YDR093W,YOR043W,1,0.7586278,0.23773005604743958,0.30938124656677246,0.09941988438367844
YPR181C,YOR033C,0,0.7580204,0.2375478893518448,0.30938124656677246,0.09951990097761154
YCL057W,YLR148W,0,0.7572336,0.23736600577831268,0.30938124656677246,0.09961992502212524
YKR080W,YKR046C,0,0.75718045,0.23718439042568207,0.30938124656677246,0.09971994161605835
YPL194W,YAR027W,0,0.75637734,0.23700305819511414,0.30938124656677246,0.09981996566057205
YGR096W,YHR174W,0,0.7562932,0.2368219941854477,0.30938124656677246,0.09991998225450516
YAL014C,YOR126C,0,0.7561139,0.23664122819900513,0.30938124656677246,0.10002000629901886
YKL073W,YOR020C,0,0.75544447,0.23646071553230286,0.30938124656677246,0.10012002289295197
YGR132C,YKL126W,0,0.7552862,0.23628048598766327,0.30938124656677246,0.10022004693746567
YPL032C,YGR086C,1,0.7548262,0.2368621528148651,0.3103792369365692,0.10022004693746567
YJR013W,YLR134W,0,0.7541289,0.23668189346790314,0.3103792369365692,0.10032006353139877
YMR060C,YDL099W,0,0.75337064,0.23650190234184265,0.3103792369365692,0.10042008757591248
YKR003W,YJL204C,1,0.75299823,0.23708206415176392,0.31137725710868835,0.10042008757591248
YDR388W,YMR109W,1,0.7527534,0.23766134679317474,0.3123752474784851,0.10042008757591248
YCR094W,YPL004C,1,0.75205743,0.23823975026607513,0.31337326765060425,0.10042008757591248
YLL028W,YGR028W,0,0.75197583,0.2380591332912445,0.31337326765060425,0.10052010416984558
YLL027W,YAL055W,0,0.7518048,0.23787878453731537,0.31337326765060425,0.10062012076377869
YNL326C,YNL052W,0,0.75174654,0.2376987189054489,0.31337326765060425,0.10072014480829239
YEL037C,YPL208W,0,0.75166804,0.23751890659332275,0.31337326765060425,0.1008201614022255
YDL044C,YPL103C,0,0.7509435,0.23733937740325928,0.31337326765060425,0.1009201854467392
YPL118W,YLR238W,0,0.75024307,0.2371601164340973,0.31337326765060425,0.1010202020406723
YNL212W,YAR014C,0,0.74943984,0.23698113858699799,0.31337326765060425,0.101120226085186
YKL171W,YDR518W,0,0.7489242,0.23680241405963898,0.31337326765060425,0.10122024267911911
YGR032W,YLL029W,0,0.7484781,0.23662395775318146,0.31337326765060425,0.10132026672363281
YIL076W,YLR201C,0,0.74765277,0.23644578456878662,0.31337326765060425,0.10142028331756592
YLR119W,YJL100W,0,0.7472341,0.23626786470413208,0.31337326765060425,0.10152030736207962
YCL045C,YMR298W,0,0.74712145,0.23609022796154022,0.31337326765060425,0.10162032395601273
YKR003W,YHR016C,1,0.7467134,0.23666416108608246,0.314371258020401,0.10162032395601273
YIL048W,YIL041W,1,0.7464476,0.23723722994327545,0.31536924839019775,0.10162032395601273
YMR087W,YOR014W,0,0.74607503,0.23705926537513733,0.31536924839019775,0.10172034054994583
YNL039W,YOR054C,0,0.74579954,0.2368815541267395,0.31536924839019775,0.10182036459445953
YKL112W,YGR218W,0,0.7449582,0.23670412600040436,0.31536924839019775,0.10192038118839264
YNL239W,YNR013C,0,0.7439573,0.2365269511938095,0.31536924839019775,0.10202040523290634
YKL010C,YDR393W,0,0.7436134,0.23635004460811615,0.31536924839019775,0.10212042182683945
YDR388W,YLR206W,1,0.7434074,0.2369207739830017,0.3163672685623169,0.10212042182683945
YIL021W,YLR297W,0,0.7433597,0.23674383759498596,0.3163672685623169,0.10222044587135315
YPR079W,YNR040W,0,0.7425119,0.2365671694278717,0.3163672685623169,0.10232046246528625
YCR027C,YJL020C,0,0.74220705,0.23639075458049774,0.3163672685623169,0.10242048650979996
YMR052W,YOR153W,0,0.74189234,0.23621460795402527,0.3163672685623169,0.10252050310373306
YMR189W,YHR043C,0,0.7407226,0.2360387146472931,0.3163672685623169,0.10262052714824677
YOR226C,YKL126W,0,0.74070585,0.2358630895614624,0.3163672685623169,0.10272054374217987
YJR125C,YCR003W,0,0.74055076,0.2356877326965332,0.3163672685623169,0.10282056778669357
YBR258C,YBR173C,0,0.7404636,0.2355126291513443,0.3163672685623169,0.10292058438062668
YOL007C,YOR123C,0,0.74006003,0.23533779382705688,0.3163672685623169,0.10302060097455978
YML008C,YJL041W,0,0.737573,0.23516321182250977,0.3163672685623169,0.10312062501907349
YJR103W,YKL222C,0,0.73679495,0.23498888313770294,0.3163672685623169,0.10322064161300659
YDL142C,YPR019W,0,0.73625255,0.2348148077726364,0.3163672685623169,0.1033206656575203
YBL045C,YOR196C,0,0.73578703,0.23464100062847137,0.3163672685623169,0.1034206822514534
YOR230W,YDR532C,0,0.73530155,0.23446746170520782,0.3163672685623169,0.1035207062959671
YLR389C,YMR136W,0,0.7349086,0.23429416120052338,0.3163672685623169,0.10362072288990021
YHR016C,YDR177W,1,0.7343652,0.2348596751689911,0.31736525893211365,0.10362072288990021
YFL045C,YDR423C,0,0.7342826,0.23468634486198425,0.31736525893211365,0.10372074693441391
YOR292C,YDR062W,0,0.733989,0.2345132678747177,0.31736525893211365,0.10382076352834702
YKR029C,YKR086W,0,0.7336547,0.23434045910835266,0.31736525893211365,0.10392078757286072
YCL027W,YNL030W,0,0.73297936,0.2341678887605667,0.31736525893211365,0.10402080416679382
YGL077C,YFR045W,0,0.73261535,0.23399558663368225,0.31736525893211365,0.10412082076072693
YNL241C,YGL010W,0,0.7324685,0.2338235229253769,0.31736525893211365,0.10422084480524063
YDR508C,YPL139C,0,0.73128754,0.23365172743797302,0.31736525893211365,0.10432086139917374
YBR068C,YLR170C,0,0.73099583,0.23348017036914825,0.31736525893211365,0.10442088544368744
YHR043C,YJL073W,0,0.7308354,0.23330888152122498,0.31736525893211365,0.10452090203762054
YOR317W,YOL145C,0,0.73056054,0.2331378310918808,0.31736525893211365,0.10462092608213425
YCR096C,YPL103C,0,0.7303772,0.23296703398227692,0.31736525893211365,0.10472094267606735
YMR276W,YCR026C,0,0.7300461,0.23279649019241333,0.31736525893211365,0.10482096672058105
YJL050W,YBR234C,0,0.7290048,0.23262618482112885,0.31736525893211365,0.10492098331451416
YLR066W,YBR229C,0,0.7289654,0.23245614767074585,0.31736525893211365,0.10502100735902786
YDL147W,YJR001W,0,0.7285038,0.23228633403778076,0.31736525893211365,0.10512102395296097
YDR405W,YML111W,0,0.7270195,0.23211678862571716,0.31736525893211365,0.10522104054689407
YNL032W,YPL145C,1,0.7258792,0.23267687857151031,0.3183632791042328,0.10522104054689407
YJR045C,YEL056W,0,0.7255606,0.23250728845596313,0.3183632791042328,0.10532106459140778
YNR035C,YNL106C,0,0.72516644,0.23233795166015625,0.3183632791042328,0.10542108118534088
YJL159W,YJL042W,0,0.7246773,0.23216885328292847,0.3183632791042328,0.10552110522985458
YOR329C,YOR109W,1,0.72460103,0.2327272742986679,0.31936126947402954,0.10552110522985458
YDL128W,YFR028C,0,0.7243008,0.23255814611911774,0.31936126947402954,0.10562112182378769
YDR358W,YLR035C,0,0.7242887,0.23238925635814667,0.31936126947402954,0.10572114586830139
YDR456W,YGR252W,0,0.7242371,0.2322206050157547,0.31936126947402954,0.1058211624622345
YKL001C,YOL005C,0,0.7239782,0.23205220699310303,0.31936126947402954,0.1059211865067482
YDR086C,YDR074W,0,0.7237066,0.23188406229019165,0.31936126947402954,0.1060212031006813
YDR264C,YDR527W,0,0.7229488,0.23171614110469818,0.31936126947402954,0.10612122714519501
YEL022W,YNR010W,0,0.72248423,0.231548473238945,0.31936126947402954,0.10622124373912811
YNL208W,YMR043W,0,0.72190154,0.23138105869293213,0.31936126947402954,0.10632126778364182
YDL097C,YOR070C,0,0.7217886,0.23121386766433716,0.31936126947402954,0.10642128437757492
YMR314W,YDR097C,0,0.721353,0.23104692995548248,0.31936126947402954,0.10652130097150803
YMR054W,YMR017W,0,0.7208918,0.2308802306652069,0.31936126947402954,0.10662132501602173
YBR026C,YDR524C,0,0.7208062,0.23071376979351044,0.31936126947402954,0.10672134160995483
YPL112C,YML029W,0,0.7202127,0.23054754734039307,0.31936126947402954,0.10682136565446854
YFR003C,YNL077W,0,0.7193134,0.2303815633058548,0.31936126947402954,0.10692138224840164
YLR408C,YJL099W,0,0.718848,0.23021583259105682,0.31936126947402954,0.10702140629291534
YML072C,YDR266C,0,0.71817434,0.23005032539367676,0.31936126947402954,0.10712142288684845
YDL052C,YDR011W,0,0.717793,0.2298850566148758,0.31936126947402954,0.10722144693136215
YMR251W-A,YER011W,0,0.7176671,0.22972002625465393,0.31936126947402954,0.10732146352529526
YDR141C,YFR003C,0,0.7156521,0.22955523431301117,0.31936126947402954,0.10742148756980896
YMR054W,YLR095C,0,0.7151308,0.2293906807899475,0.31936126947402954,0.10752150416374207
YKL163W,YFR042W,0,0.7146417,0.22922636568546295,0.31936126947402954,0.10762152075767517
YGR091W,YDR214W,0,0.7143451,0.2290622740983963,0.31936126947402954,0.10772154480218887
YOR150W,YHR027C,0,0.7138778,0.22889842092990875,0.31936126947402954,0.10782156139612198
YER103W,YGL054C,0,0.7137461,0.2287348061800003,0.31936126947402954,0.10792158544063568
YPL112C,YHR017W,0,0.71333635,0.22857142984867096,0.31936126947402954,0.10802160203456879
YHR016C,YOR109W,1,0.7125594,0.22912205755710602,0.3203592896461487,0.10802160203456879
YOR348C,YML005W,0,0.71218324,0.2289586365222931,0.3203592896461487,0.10812162607908249
YNL020C,YGR167W,1,0.71158135,0.2295081913471222,0.32135728001594543,0.10812162607908249
YIL046W,YOR221C,0,0.7110452,0.22934472560882568,0.32135728001594543,0.1082216426730156
YHR114W,YAL030W,1,0.70957136,0.22989323735237122,0.3223553001880646,0.1082216426730156
YDR304C,YKL170W,0,0.70921177,0.22972972691059113,0.3223553001880646,0.1083216667175293
YDR037W,YNR007C,0,0.70885026,0.22956645488739014,0.3223553001880646,0.1084216833114624
YNL297C,YML001W,1,0.70852345,0.23011364042758942,0.32335329055786133,0.1084216833114624
YLR071C,YML128C,0,0.70756537,0.22995032370090485,0.32335329055786133,0.1085217073559761
YCL043C,YGL026C,0,0.7068557,0.22978723049163818,0.32335329055786133,0.10862172394990921
YDR207C,YEL004W,0,0.706675,0.22962437570095062,0.32335329055786133,0.10872174799442291
YMR119W,YMR165C,0,0.70598525,0.22946175932884216,0.32335329055786133,0.10882176458835602
YPL240C,YPR144C,0,0.7057286,0.2292993664741516,0.32335329055786133,0.10892178118228912
YGR239C,YKL093W,0,0.7056252,0.22913719713687897,0.32335329055786133,0.10902180522680283
YIR006C,YAR042W,1,0.7051707,0.22968198359012604,0.32435131072998047,0.10902180522680283
YER125W,YJR125C,1,0.7047604,0.23022599518299103,0.3253493010997772,0.10902180522680283
YPL066W,YDL198C,0,0.7047361,0.2300635129213333,0.3253493010997772,0.10912182182073593
YLL028W,YPR198W,0,0.70463324,0.2299012690782547,0.3253493010997772,0.10922184586524963
YPL202C,YNL128W,0,0.70462835,0.229739248752594,0.3253493010997772,0.10932186245918274
YHR001W,YOR322C,1,0.70450336,0.23028169572353363,0.326347291469574,0.10932186245918274
YBL021C,YDR084C,0,0.7039709,0.23011963069438934,0.326347291469574,0.10942188650369644
YDR059C,YML001W,1,0.7026922,0.2306610345840454,0.3273453116416931,0.10942188650369644
YOR007C,YIL034C,0,0.70263904,0.23049893975257874,0.3273453116416931,0.10952190309762955
YLR089C,YNR023W,0,0.7023637,0.23033708333969116,0.3273453116416931,0.10962192714214325
YCR009C,YOR089C,1,0.70154667,0.23087719082832336,0.32834330201148987,0.10962192714214325
YCL057W,YDR034C,0,0.7009162,0.2307152897119522,0.32834330201148987,0.10972194373607635
YFL036W,YIL063C,0,0.70088553,0.23055361211299896,0.32834330201148987,0.10982196778059006
YBR150C,YDR065W,0,0.6999532,0.23039215803146362,0.32834330201148987,0.10992198437452316
YBL055C,YGR239C,0,0.6996789,0.2302309274673462,0.32834330201148987,0.11002200096845627
YBR159W,YNL069C,0,0.69953334,0.23006993532180786,0.32834330201148987,0.11012202501296997
YFL062W,YGL166W,0,0.69937,0.22990915179252625,0.32834330201148987,0.11022204160690308
YHL019C,YGL254W,0,0.6990106,0.22974860668182373,0.32834330201148987,0.11032206565141678
YDR118W,YER170W,0,0.6985084,0.22958827018737793,0.32834330201148987,0.11042208224534988
YOR265W,YOR386W,0,0.69837254,0.22942817211151123,0.32834330201148987,0.11052210628986359
YBR057C,YLR370C,0,0.6978935,0.22926829755306244,0.32834330201148987,0.11062212288379669
YJL178C,YGL207W,0,0.69781506,0.22910863161087036,0.32834330201148987,0.1107221469283104
YER120W,YOR075W,0,0.697778,0.22894920408725739,0.32834330201148987,0.1108221635222435
YLR350W,YDL216C,0,0.69749355,0.22878998517990112,0.32834330201148987,0.1109221875667572
YLR127C,YBL040C,0,0.6967264,0.22863098978996277,0.32834330201148987,0.11102220416069031
YNL175C,YPL256C,0,0.69597936,0.22847221791744232,0.32834330201148987,0.11112222075462341
YIR006C,YOR008C,1,0.6959157,0.22900763154029846,0.329341322183609,0.11112222075462341
YGR026W,YKL046C,0,0.6956597,0.22884881496429443,0.329341322183609,0.11122224479913712
YDR093W,YHR073W,1,0.6947432,0.22938323020935059,0.33033931255340576,0.11122224479913712
YJR066W,YJL140W,0,0.6943029,0.22922438383102417,0.33033931255340576,0.11132226139307022
YNL272C,YFR004W,0,0.69258475,0.22906574606895447,0.33033931255340576,0.11142228543758392
YAL017W,YBR115C,0,0.69155836,0.22890733182430267,0.33033931255340576,0.11152230203151703
YDR208W,YNR010W,0,0.69125986,0.2287491410970688,0.33033931255340576,0.11162232607603073
YHR200W,YLR187W,0,0.6912194,0.2285911589860916,0.33033931255340576,0.11172234266996384
YNL129W,YPR029C,0,0.6904482,0.22843340039253235,0.33033931255340576,0.11182236671447754
YMR227C,YIL111W,0,0.6889861,0.228275865316391,0.33033931255340576,0.11192238330841064
YDR456W,YBR177C,0,0.6880356,0.22811853885650635,0.33033931255340576,0.11202240735292435
YGR238C,YOL008W,0,0.6877127,0.2279614359140396,0.33033931255340576,0.11212242394685745
YHR207C,YDR197W,0,0.68766344,0.2278045415878296,0.33033931255340576,0.11222244799137115
YEL017C-A,YNL084C,0,0.6864147,0.22764787077903748,0.33033931255340576,0.11232246458530426
YKR090W,YJR005W,0,0.6860641,0.22749140858650208,0.33033931255340576,0.11242248117923737
YEL020C,YJL139C,0,0.685918,0.22733516991138458,0.33033931255340576,0.11252250522375107
YIL111W,YDL067C,0,0.6856376,0.2271791398525238,0.33033931255340576,0.11262252181768417
YNL304W,YPL053C,0,0.68552196,0.22702331840991974,0.33033931255340576,0.11272254586219788
YLR206W,YDL207W,0,0.6850336,0.22686772048473358,0.33033931255340576,0.11282256245613098
YKL041W,YAL054C,0,0.6844003,0.22671233117580414,0.33033931255340576,0.11292258650064468
YPR149W,YLR272C,0,0.6842614,0.2265571504831314,0.33033931255340576,0.11302260309457779
YGR002C,YGR171C,0,0.68382514,0.2264021933078766,0.33033931255340576,0.11312262713909149
YKL165C,YLR418C,0,0.6837369,0.22624742984771729,0.33033931255340576,0.1132226437330246
YHR181W,YDR341C,0,0.6832376,0.2260928899049759,0.33033931255340576,0.1133226677775383
YLR070C,YMR127C,0,0.68319774,0.2259385734796524,0.33033931255340576,0.1134226843714714
YGL119W,YJL072C,0,0.6825036,0.22578445076942444,0.33033931255340576,0.11352270096540451
YPR102C,YGR035C,0,0.6822765,0.22563053667545319,0.33033931255340576,0.11362272500991821
YHR001W,YDR043C,0,0.6820731,0.22547684609889984,0.33033931255340576,0.11372274160385132
YJL093C,YNL208W,0,0.6818945,0.22532334923744202,0.33033931255340576,0.11382276564836502
YIR006C,YLR206W,1,0.68164945,0.22585034370422363,0.3313373327255249,0.11382276564836502
YBR286W,YMR247C,0,0.6813949,0.22569680213928223,0.3313373327255249,0.11392278224229813
YBL016W,YBR126C,0,0.6809219,0.22554348409175873,0.3313373327255249,0.11402280628681183
YJL125C,YIL041W,0,0.68053055,0.22539035975933075,0.3313373327255249,0.11412282288074493
YPR189W,YER020W,0,0.6803087,0.22523744404315948,0.3313373327255249,0.11422284692525864
YBR018C,YKR009C,0,0.6796446,0.22508475184440613,0.3313373327255249,0.11432286351919174
YOR386W,YDR432W,0,0.6789042,0.2249322533607483,0.3313373327255249,0.11442288756370544
YIR006C,YOR329C,1,0.6785277,0.22545701265335083,0.33233532309532166,0.11442288756370544
YLR040C,YER124C,0,0.6782339,0.2253044694662094,0.33233532309532166,0.11452290415763855
YIR006C,YBL047C,1,0.6768829,0.22582826018333435,0.3333333432674408,0.11452290415763855
YOR322C,YIL041W,1,0.67674404,0.22635135054588318,0.33433133363723755,0.11452290415763855
YHR039C,YDR170C,0,0.67590964,0.22619850933551788,0.33433133363723755,0.11462292820215225
YKR055W,YGR263C,0,0.67525077,0.2260458767414093,0.33433133363723755,0.11472294479608536
YHR044C,YPL101W,0,0.675196,0.22589345276355743,0.33433133363723755,0.11482296139001846
YNL326C,YPL119C,0,0.67478365,0.22574123740196228,0.33433133363723755,0.11492298543453217
YMR114C,YJL004C,0,0.6742666,0.22558923065662384,0.33433133363723755,0.11502300202846527
YHR073W,YEL027W,1,0.673446,0.22611036896705627,0.3353293538093567,0.11502300202846527
YBL007C,YHR073W,1,0.6733848,0.2266308069229126,0.33632734417915344,0.11502300202846527
YBR077C,YDL066W,0,0.6728642,0.2264784872531891,0.33632734417915344,0.11512302607297897
YLR130C,YMR311C,0,0.6726769,0.22632639110088348,0.33632734417915344,0.11522304266691208
YNL257C,YOL070C,0,0.67244065,0.2261745035648346,0.33632734417915344,0.11532306671142578
YML085C,YLR197W,0,0.6721976,0.22602280974388123,0.33632734417915344,0.11542308330535889
YJL092W,YMR223W,0,0.67210054,0.22587130963802338,0.33632734417915344,0.11552310734987259
YDR490C,YOR329C,1,0.67170995,0.2263898253440857,0.3373253345489502,0.11552310734987259
YMR189W,YBR166C,0,0.6714418,0.22623828053474426,0.3373253345489502,0.1156231239438057
YLR262C,YMR271C,0,0.67123085,0.22608695924282074,0.3373253345489502,0.1157231479883194
YHR003C,YER017C,0,0.66979724,0.22593583166599274,0.3373253345489502,0.1158231645822525
YLR034C,YJR006W,0,0.6689936,0.22578489780426025,0.3373253345489502,0.11592318117618561
YLR070C,YDR017C,0,0.66895854,0.22563417255878448,0.3373253345489502,0.11602320522069931
YNL085W,YDR099W,0,0.66859996,0.22548365592956543,0.3373253345489502,0.11612322181463242
YIL103W,YAR027W,0,0.66765505,0.2253333330154419,0.3373253345489502,0.11622324585914612
YJL108C,YMR278W,0,0.6673249,0.22518320381641388,0.3373253345489502,0.11632326245307922
YNL032W,YNR035C,1,0.66622305,0.2256990671157837,0.33832335472106934,0.11632326245307922
YOR329C,YCR028C,1,0.66583943,0.2262142449617386,0.3393213450908661,0.11632326245307922
YNL283C,YNR067C,0,0.6658193,0.2260638326406479,0.3393213450908661,0.11642328649759293
YNL093W,YOR109W,1,0.664977,0.22657807171344757,0.34031936526298523,0.11642328649759293
YGL256W,YLR020C,0,0.6642414,0.22642762959003448,0.34031936526298523,0.11652330309152603
YOR348C,YNL044W,0,0.6637466,0.22627736628055573,0.34031936526298523,0.11662332713603973
YLR373C,YDL017W,0,0.6631555,0.22612732648849487,0.34031936526298523,0.11672334372997284
YKR009C,YGR010W,0,0.6627557,0.22597746551036835,0.34031936526298523,0.11682336777448654
YIL171W,YER022W,0,0.6625495,0.22582781314849854,0.34031936526298523,0.11692338436841965
YCR009C,YDR177W,1,0.6619669,0.2263401746749878,0.341317355632782,0.11692338436841965
YIL039W,YOR175C,0,0.66187805,0.2261904776096344,0.341317355632782,0.11702340096235275
YOR374W,YNL147W,0,0.66178864,0.22604097425937653,0.341317355632782,0.11712342500686646
YDR388W,YHR073W,1,0.6617625,0.22655217349529266,0.3423153758049011,0.11712342500686646
YBR196C,YJR076C,0,0.66125655,0.2264026403427124,0.3423153758049011,0.11722344160079956
YGR002C,YLR070C,0,0.66112626,0.22625330090522766,0.3423153758049011,0.11732346564531326
YOL026C,YIR005W,0,0.66100234,0.22610415518283844,0.3423153758049011,0.11742348223924637
YPL007C,YKL137W,0,0.66072935,0.22595520317554474,0.3423153758049011,0.11752350628376007
YNL257C,YCL047C,0,0.66019696,0.22580644488334656,0.3423153758049011,0.11762352287769318
YBR207W,YNL154C,1,0.66017306,0.22631579637527466,0.3433133661746979,0.11762352287769318
YGR198W,YGR241C,1,0.6599996,0.22682446241378784,0.344311386346817,0.11762352287769318
YNL084C,YCR094W,1,0.6597936,0.2273324579000473,0.34530937671661377,0.11762352287769318
YHR161C,YNL020C,1,0.65930104,0.22783978283405304,0.3463073968887329,0.11762352287769318
YGL236C,YJL014W,0,0.6592767,0.22769029438495636,0.3463073968887329,0.11772354692220688
YKL089W,YMR303C,0,0.65894663,0.227540984749794,0.3463073968887329,0.11782356351613998
YJL079C,YJL172W,0,0.6588048,0.22739186882972717,0.3463073968887329,0.11792358756065369
YGL181W,YEL027W,1,0.6580683,0.22789783775806427,0.34730538725852966,0.11792358756065369
YOR353C,YGL141W,0,0.6573672,0.22774869203567505,0.34730538725852966,0.11802360415458679
YLR035C,YKL100C,0,0.6572406,0.22759974002838135,0.34730538725852966,0.1181236281991005
YPL091W,YMR008C,0,0.65514433,0.22745098173618317,0.34730538725852966,0.1182236447930336
YOL086C,YBR253W,0,0.65504575,0.2273024171590805,0.34730538725852966,0.1183236613869667
YOR181W,YHR001W,1,0.6546538,0.22780679166316986,0.3483034074306488,0.1183236613869667
YDR077W,YJL140W,0,0.6542573,0.22765818238258362,0.3483034074306488,0.11842368543148041
YIL048W,YGR241C,1,0.6527318,0.22816166281700134,0.34930139780044556,0.11842368543148041
YJL108C,YDR376W,0,0.65220124,0.2280130237340927,0.34930139780044556,0.11852370202541351
YNL032W,YDR069C,1,0.6506524,0.228515625,0.3502993881702423,0.11852370202541351
YNL083W,YER045C,0,0.65053105,0.2283669412136078,0.3502993881702423,0.11862372606992722
YML069W,YPR127W,0,0.65050423,0.2282184660434723,0.3502993881702423,0.11872374266386032
YNL084C,YPL145C,1,0.6504928,0.22871994972229004,0.35129740834236145,0.11872374266386032
YDR415C,YMR099C,0,0.64943546,0.22857142984867096,0.35129740834236145,0.11882376670837402
YLR266C,YBR196C,0,0.6486329,0.2284231036901474,0.35129740834236145,0.11892378330230713
YAL026C,YPR165W,1,0.64818454,0.2289234697818756,0.3522953987121582,0.11892378330230713
YER078C,YIL074C,0,0.6479974,0.22877511382102966,0.3522953987121582,0.11902380734682083
YPL099C,YLR038C,0,0.6479888,0.22862693667411804,0.3522953987121582,0.11912382394075394
YAL013W,YGR284C,0,0.6478629,0.22847896814346313,0.3522953987121582,0.11922384798526764
YNL261W,YDL236W,0,0.6474262,0.22833117842674255,0.3522953987121582,0.11932386457920074
YPL195W,YHR060W,0,0.6470064,0.2281835824251175,0.3522953987121582,0.11942388117313385
YPL027W,YOR131C,0,0.6468308,0.22803618013858795,0.3522953987121582,0.11952390521764755
YGL250W,YBR020W,0,0.6463199,0.22788895666599274,0.3522953987121582,0.11962392181158066
YDR140W,YJR029W,0,0.64569205,0.22774194180965424,0.3522953987121582,0.11972394585609436
YLR107W,YNL044W,0,0.64435935,0.22759510576725006,0.3522953987121582,0.11982396245002747
YDL168W,YIL136W,0,0.64427066,0.2274484485387802,0.3522953987121582,0.11992398649454117
YHR174W,YHR171W,0,0.6442274,0.22730199992656708,0.3522953987121582,0.12002400308847427
YBR035C,YNL099C,0,0.64394546,0.22715573012828827,0.3522953987121582,0.12012402713298798
YDR051C,YAL024C,0,0.6439317,0.2270096391439438,0.3522953987121582,0.12022404372692108
YHR030C,YMR047C,0,0.64366937,0.22686375677585602,0.3522953987121582,0.12032406777143478
YNL035C,YGR257C,0,0.64314073,0.22671805322170258,0.3522953987121582,0.12042408436536789
YMR092C,YOL075C,0,0.6430676,0.22657252848148346,0.3522953987121582,0.12052410840988159
YMR020W,YMR231W,0,0.6424145,0.22642719745635986,0.3522953987121582,0.1206241250038147
YHR119W,YIL108W,0,0.6411717,0.2262820452451706,0.3522953987121582,0.1207241415977478
YMR054W,YBR240C,0,0.64110875,0.22613708674907684,0.3522953987121582,0.1208241656422615
YIR006C,YDL019C,1,0.64040124,0.2266325205564499,0.35329341888427734,0.1208241656422615
YML132W,YPL055C,0,0.6398651,0.22648751735687256,0.35329341888427734,0.12092418223619461
YPR025C,YAL023C,0,0.6397073,0.22634270787239075,0.35329341888427734,0.12102420628070831
YER173W,YPL159C,0,0.63964796,0.22619807720184326,0.35329341888427734,0.12112422287464142
YNL297C,YMR109W,1,0.6385742,0.22669221460819244,0.3542914092540741,0.12112422287464142
YDR085C,YJL225C,0,0.63843143,0.22654753923416138,0.3542914092540741,0.12122424691915512
YLR141W,YMR044W,0,0.63833225,0.22640305757522583,0.3542914092540741,0.12132426351308823
YBR066C,YGR133W,0,0.6382316,0.2262587696313858,0.3542914092540741,0.12142428755760193
YNL020C,YIR006C,1,0.6379342,0.22675159573554993,0.35528942942619324,0.12142428755760193
YOL066C,YOR014W,0,0.63756526,0.22660726308822632,0.35528942942619324,0.12152430415153503
YMR109W,YBR214W,1,0.6365209,0.2270992398262024,0.35628741979599,0.12152430415153503
YKR048C,YLR132C,0,0.6363939,0.2269548624753952,0.35628741979599,0.12162432819604874
YDR358W,YMR223W,0,0.63625276,0.22681067883968353,0.35628741979599,0.12172434478998184
YFR006W,YER153C,0,0.63596666,0.2266666740179062,0.35628741979599,0.12182436138391495
YLR371W,YGR241C,1,0.63590753,0.2271573543548584,0.35728543996810913,0.12182436138391495
YIL044C,YBR222C,0,0.63578206,0.22701331973075867,0.35728543996810913,0.12192438542842865
YLL039C,YBR253W,0,0.6352354,0.22686944901943207,0.35728543996810913,0.12202440202236176
YIL168W,YMR284W,0,0.6349391,0.226725772023201,0.35728543996810913,0.12212442606687546
YKL205W,YMR008C,0,0.63480365,0.22658227384090424,0.35728543996810913,0.12222444266080856
YDR129C,YOR109W,1,0.63459677,0.22707147896289825,0.3582834303379059,0.12222444266080856
YNL298W,YDR074W,0,0.63436514,0.22692793607711792,0.3582834303379059,0.12232446670532227
YDR462W,YOR124C,0,0.6342863,0.2267845869064331,0.3582834303379059,0.12242448329925537
YBR173C,YLR298C,0,0.6331518,0.22664141654968262,0.3582834303379059,0.12252450734376907
YOR353C,YLR203C,0,0.63267666,0.22649842500686646,0.3582834303379059,0.12262452393770218
YDR231C,YGR006W,0,0.6324233,0.22635561227798462,0.3582834303379059,0.12272454798221588
YNL297C,YJL204C,1,0.63219506,0.22684310376644135,0.359281450510025,0.12272454798221588
YOR043W,YNR049C,0,0.63173574,0.22670024633407593,0.359281450510025,0.12282456457614899
YPR167C,YFR015C,0,0.63161254,0.22655758261680603,0.359281450510025,0.12292458862066269
YJR152W,YGR222W,0,0.63135123,0.22641509771347046,0.359281450510025,0.1230246052145958
YBL088C,YKR028W,0,0.6312839,0.2262727916240692,0.359281450510025,0.1231246218085289
YNL297C,YCR079W,0,0.6309022,0.2261306494474411,0.359281450510025,0.1232246458530426
YKR094C,YDR158W,0,0.630759,0.2259887009859085,0.359281450510025,0.12332466244697571
YER147C,YBL061C,0,0.63005567,0.22584693133831024,0.359281450510025,0.12342468649148941
YMR054W,YLR084C,0,0.6291299,0.2257053256034851,0.359281450510025,0.12352470308542252
YGL181W,YIL095W,1,0.6290502,0.2261904776096344,0.3602794408798218,0.12352470308542252
YDR177W,YGR086C,1,0.62882465,0.22667501866817474,0.36127743124961853,0.12352470308542252
YFL054C,YOR198C,0,0.62867147,0.22653315961360931,0.36127743124961853,0.12362472712993622
YDL168W,YDL129W,0,0.6283844,0.2263914942741394,0.36127743124961853,0.12372474372386932
YDR387C,YGR192C,0,0.6279517,0.22624999284744263,0.36127743124961853,0.12382476776838303
YER068W,YJL060W,0,0.62775105,0.22610868513584137,0.36127743124961853,0.12392478436231613
YNL020C,YNR035C,1,0.627693,0.22659176588058472,0.36227545142173767,0.12392478436231613
YHR161C,YLR371W,1,0.627236,0.22707423567771912,0.3632734417915344,0.12392478436231613
YMR285C,YHR112C,0,0.62720287,0.22693267464637756,0.3632734417915344,0.12402480840682983
YDR194C,YIL074C,0,0.6271753,0.22679127752780914,0.3632734417915344,0.12412482500076294
YCL052C,YOL065C,0,0.6271096,0.22665005922317505,0.3632734417915344,0.12422484159469604
YCR094W,YNR035C,1,0.62694633,0.22713130712509155,0.36427146196365356,0.12422484159469604
YJL082W,YER150W,0,0.62666106,0.22699004411697388,0.36427146196365356,0.12432486563920975
YBL064C,YBR291C,0,0.6266033,0.22684897482395172,0.36427146196365356,0.12442488223314285
YOR034C,YOR008C,1,0.62652135,0.22732919454574585,0.3652694523334503,0.12442488223314285
YOL026C,YBR008C,0,0.62637365,0.2271880805492401,0.3652694523334503,0.12452490627765656
YHR135C,YBR214W,1,0.62631077,0.22766749560832977,0.36626747250556946,0.12452490627765656
YFL018C,YNL127W,0,0.6258471,0.22752635180950165,0.36626747250556946,0.12462492287158966
YKR003W,YDR177W,1,0.6253086,0.22800496220588684,0.3672654628753662,0.12462492287158966
YNL297C,YAL026C,1,0.62530786,0.22848297655582428,0.36826348304748535,0.12462492287158966
YMR316W,YOR298W,0,0.624998,0.22834157943725586,0.36826348304748535,0.12472494691610336
YDR171W,YHR134W,0,0.6240118,0.22820037603378296,0.36826348304748535,0.12482496351003647
YOR327C,YLR337C,1,0.6231427,0.22867737710475922,0.3692614734172821,0.12482496351003647
YBR302C,YKL124W,0,0.6222929,0.22853612899780273,0.3692614734172821,0.12492498755455017
YBR109C,YHR114W,1,0.6222472,0.22901234030723572,0.37025949358940125,0.12492498755455017
YER161C,YMR272C,0,0.6222351,0.22887106239795685,0.37025949358940125,0.12502500414848328
YLR274W,YIL108W,0,0.6203622,0.2287299633026123,0.37025949358940125,0.12512502074241638
YJL171C,YJL100W,0,0.61961275,0.2285890281200409,0.37025949358940125,0.12522505223751068
YJR149W,YAR031W,0,0.6195296,0.2284482717514038,0.37025949358940125,0.1253250688314438
YER054C,YDR067C,0,0.6185219,0.22830769419670105,0.37025949358940125,0.1254250854253769
YPL249C,YDR418W,0,0.61785436,0.22816728055477142,0.37025949358940125,0.12552510201931
YBR192W,YCR023C,0,0.6172722,0.22802704572677612,0.37025949358940125,0.1256251186132431
YOR275C,YLR404W,0,0.61691946,0.22788697481155396,0.37025949358940125,0.1257251501083374
YDL128W,YBR176W,0,0.6168606,0.2277470827102661,0.37025949358940125,0.1258251667022705
YPL145C,YGR241C,1,0.6166224,0.2282208651304245,0.371257483959198,0.1258251667022705
YOR034C,YBR214W,1,0.61637634,0.22869405150413513,0.37225547432899475,0.1258251667022705
YCR088W,YJL160C,0,0.6159304,0.2285539209842682,0.37225547432899475,0.1259251832962036
YLL038C,YGR086C,1,0.6158419,0.22902633249759674,0.3732534945011139,0.1259251832962036
YDR254W,YDR531W,0,0.61557806,0.2288861721754074,0.3732534945011139,0.12602519989013672
YKL034W,YPL042C,0,0.615554,0.2287461757659912,0.3732534945011139,0.12612523138523102
YER089C,YOL030W,0,0.615349,0.22860635817050934,0.3732534945011139,0.12622524797916412
YBR177C,YPL159C,0,0.6148741,0.2284667044878006,0.3732534945011139,0.12632526457309723
YNL197C,YGL079W,0,0.6146159,0.22832722961902618,0.3732534945011139,0.12642528116703033
YNL297C,YDR264C,1,0.61449707,0.228798046708107,0.37425148487091064,0.12642528116703033
YDR258C,YOR198C,0,0.6143007,0.2286585420370102,0.37425148487091064,0.12652529776096344
YGR198W,YPL159C,0,0.614115,0.22851920127868652,0.37425148487091064,0.12662532925605774
YJR093C,YLR208W,0,0.613637,0.228380024433136,0.37425148487091064,0.12672534584999084
YGR274C,YML131W,0,0.6132933,0.22824102640151978,0.37425148487091064,0.12682536244392395
YML072C,YBL041W,0,0.6130787,0.2281021922826767,0.37425148487091064,0.12692537903785706
YHR101C,YDL198C,0,0.61289644,0.22796352207660675,0.37425148487091064,0.12702541053295135
YKR014C,YOR043W,1,0.61201036,0.2284325659275055,0.3752495050430298,0.12702541053295135
YNL280C,YER055C,0,0.6117732,0.22829386591911316,0.3752495050430298,0.12712542712688446
YNL306W,YOL054W,0,0.6117269,0.22815534472465515,0.3752495050430298,0.12722544372081757
YJL165C,YPL151C,0,0.6113497,0.22801697254180908,0.3752495050430298,0.12732546031475067
YOL108C,YLL041C,0,0.6105528,0.22787879407405853,0.3752495050430298,0.12742549180984497
YCR028C,YIR037W,0,0.6099198,0.22774076461791992,0.3752495050430298,0.12752550840377808
YML085C,YPL007C,0,0.60978925,0.22760289907455444,0.3752495050430298,0.12762552499771118
YGL160W,YLL003W,0,0.6092267,0.2274652123451233,0.3752495050430298,0.1277255415916443
YDR314C,YMR278W,0,0.60879064,0.22732768952846527,0.3752495050430298,0.1278255581855774
YBR227C,YDR090C,0,0.6087729,0.22719033062458038,0.3752495050430298,0.1279255896806717
YGL001C,YJL063C,0,0.6085412,0.22705313563346863,0.3752495050430298,0.1280256062746048
YOL146W,YHR104W,0,0.6081162,0.2269161194562912,0.3752495050430298,0.1281256228685379
YBR139W,YMR228W,0,0.6078353,0.2267792522907257,0.3752495050430298,0.128225639462471
YLL038C,YBR214W,1,0.6077642,0.22724533081054688,0.37624749541282654,0.128225639462471
YDL007W,YDL017W,0,0.6069191,0.227108433842659,0.37624749541282654,0.1283256709575653
YOR109W,YBR059C,1,0.6067034,0.22757375240325928,0.3772455155849457,0.1283256709575653
YFL039C,YDR069C,1,0.6066005,0.2280385047197342,0.37824350595474243,0.1283256709575653
YHL007C,YJR058C,0,0.6053029,0.2279013842344284,0.37824350595474243,0.1284256875514984
YNL012W,YDL146W,0,0.6051689,0.22776442766189575,0.37824350595474243,0.12852570414543152
YKL117W,YLR371W,0,0.6048273,0.22762763500213623,0.37824350595474243,0.12862572073936462
YIL124W,YMR011W,0,0.6045664,0.22749099135398865,0.37824350595474243,0.12872575223445892
YDR093W,YAL030W,1,0.6033889,0.22795440256595612,0.3792415261268616,0.12872575223445892
YOR373W,YGL178W,0,0.6016929,0.22781774401664734,0.3792415261268616,0.12882576882839203
YAR027W,YDL059C,0,0.6012254,0.2276812493801117,0.3792415261268616,0.12892578542232513
YDL020C,YNL006W,0,0.60052764,0.227544903755188,0.3792415261268616,0.12902580201625824
YLR399C,YJL213W,0,0.6002578,0.2274087369441986,0.3792415261268616,0.12912581861019135
YCL010C,YOL107W,0,0.60007834,0.22727273404598236,0.3792415261268616,0.12922585010528564
YER020W,YGL155W,0,0.5997636,0.22713688015937805,0.3792415261268616,0.12932586669921875
YKR028W,YJR066W,0,0.59817463,0.22700119018554688,0.3792415261268616,0.12942588329315186
YPL177C,YLL029W,0,0.5976434,0.22686567902565002,0.3792415261268616,0.12952589988708496
YML115C,YPR160W,0,0.5976427,0.2267303168773651,0.3792415261268616,0.12962593138217926
YOR008C,YAL030W,1,0.5973246,0.22719141840934753,0.3802395164966583,0.12962593138217926
YGR198W,YDR264C,1,0.5967499,0.22765196859836578,0.38123753666877747,0.12962593138217926
YNL306W,YPR024W,0,0.5967095,0.22751638293266296,0.38123753666877747,0.12972594797611237
YCL008C,YBR110W,0,0.59633577,0.22738094627857208,0.38123753666877747,0.12982596457004547
YHR004C,YKL178C,0,0.59562874,0.22724568843841553,0.38123753666877747,0.12992598116397858
YLR079W,YMR159C,0,0.5955688,0.2271105796098709,0.38123753666877747,0.13002599775791168
YDL226C,YAL038W,0,0.59547323,0.22697563469409943,0.38123753666877747,0.13012602925300598
YLR153C,YDL165W,0,0.59547114,0.22684085369110107,0.38123753666877747,0.1302260458469391
YNL091W,YER094C,0,0.59520286,0.22670623660087585,0.38123753666877747,0.1303260624408722
YOR327C,YBL047C,1,0.59499764,0.22716489434242249,0.3822355270385742,0.1303260624408722
YGR037C,YMR093W,0,0.59469026,0.22703023254871368,0.3822355270385742,0.1304260790348053
YOR288C,YOL156W,0,0.5941254,0.22689573466777802,0.3822355270385742,0.1305261105298996
YMR054W,YHL034C,0,0.5938068,0.22676140069961548,0.3822355270385742,0.1306261271238327
YPL095C,YBR281C,0,0.5937179,0.22662721574306488,0.3822355270385742,0.1307261437177658
YDR069C,YHR135C,1,0.5933635,0.22708456218242645,0.38323354721069336,0.1307261437177658
YPR047W,YIR006C,0,0.592826,0.22695034742355347,0.38323354721069336,0.1308261603116989
YIL035C,YDL185W,0,0.5927266,0.2268162965774536,0.38323354721069336,0.1309261918067932
YNL035C,YGR255C,0,0.5923612,0.2266824096441269,0.38323354721069336,0.13102620840072632
YNL331C,YDR096W,0,0.5923322,0.2265486717224121,0.38323354721069336,0.13112622499465942
YDR534C,YGR012W,0,0.5918501,0.22641509771347046,0.38323354721069336,0.13122624158859253
YMR071C,YOR074C,0,0.59172183,0.22628167271614075,0.38323354721069336,0.13132625818252563
YPR187W,YLL039C,0,0.59103405,0.22614841163158417,0.38323354721069336,0.13142628967761993
YBR198C,YDR050C,0,0.5907573,0.22601529955863953,0.38323354721069336,0.13152630627155304
YBR074W,YGL256W,0,0.5899837,0.22588235139846802,0.38323354721069336,0.13162632286548615
YGR020C,YLR342W,0,0.5899122,0.22574955224990845,0.38323354721069336,0.13172633945941925
YDR462W,YDR267C,0,0.5897383,0.225616917014122,0.38323354721069336,0.13182637095451355
YPR125W,YJL073W,0,0.5895771,0.2254844456911087,0.38323354721069336,0.13192638754844666
YIL160C,YEL063C,0,0.58876395,0.22535210847854614,0.38323354721069336,0.13202640414237976
YJL071W,YBR170C,0,0.588235,0.2252199351787567,0.38323354721069336,0.13212642073631287
YOR208W,YLR376C,0,0.5881829,0.22508792579174042,0.38323354721069336,0.13222645223140717
YDR293C,YLR274W,0,0.5872371,0.22495606541633606,0.38323354721069336,0.13232646882534027
YOR007C,YJL005W,0,0.5866887,0.22482435405254364,0.38323354721069336,0.13242648541927338
YGR183C,YLR144C,0,0.5866747,0.22469280660152435,0.38323354721069336,0.13252650201320648
YER125W,YIL041W,1,0.5866288,0.22514620423316956,0.3842315375804901,0.13252650201320648
YGR086C,YPL055C,0,0.5863787,0.2250146120786667,0.3842315375804901,0.1326265186071396
YMR308C,YFR003C,0,0.5853393,0.22488318383693695,0.3842315375804901,0.1327265501022339
YGR062C,YPL008W,0,0.5847428,0.22475190460681915,0.3842315375804901,0.132826566696167
YDR067C,YDL040C,0,0.58417904,0.2246207743883133,0.3842315375804901,0.1329265832901001
YDR253C,YMR013C,0,0.58413935,0.22448979318141937,0.3842315375804901,0.1330265998840332
YIR032C,YPL055C,0,0.5839647,0.22435897588729858,0.3842315375804901,0.1331266313791275
YPL148C,YDR047W,0,0.58395684,0.22422830760478973,0.3842315375804901,0.1332266479730606
YKR022C,YPL273W,0,0.5838996,0.22409778833389282,0.3842315375804901,0.1333266645669937
YLR151C,YER021W,0,0.5829671,0.22396741807460785,0.3842315375804901,0.13342668116092682
YKL210W,YKL222C,0,0.58286834,0.223837211728096,0.3842315375804901,0.13352671265602112
YMR233W,YDR326C,0,0.58174455,0.2237071543931961,0.3842315375804901,0.13362672924995422
YER125W,YLR371W,1,0.58071816,0.22415795922279358,0.38522952795028687,0.13362672924995422
YLL028W,YGL022W,0,0.5799139,0.2240278571844101,0.38522952795028687,0.13372674584388733
YOL060C,YOR328W,0,0.5798988,0.22389791905879974,0.38522952795028687,0.13382676243782043
YIL135C,YGR282C,0,0.57956064,0.22376811504364014,0.38522952795028687,0.13392677903175354
YJR044C,YFR008W,0,0.57869333,0.22363847494125366,0.38522952795028687,0.13402681052684784
YNL020C,YDR264C,1,0.57787454,0.22408801317214966,0.386227548122406,0.13402681052684784
YJL093C,YIL114C,0,0.57590103,0.2239583283662796,0.386227548122406,0.13412682712078094
YPR025C,YDR239C,0,0.5754588,0.22382880747318268,0.386227548122406,0.13422684371471405
YKR065C,YNL053W,0,0.57487404,0.2236994206905365,0.386227548122406,0.13432686030864716
YOL049W,YOR326W,0,0.57476074,0.22357019782066345,0.386227548122406,0.13442689180374146
YMR020W,YOR301W,0,0.57464755,0.22344110906124115,0.386227548122406,0.13452690839767456
YGR241C,YOR109W,1,0.5744676,0.22388921678066254,0.38722553849220276,0.13452690839767456
YGR175C,YOL151W,0,0.5743995,0.22376009821891785,0.38722553849220276,0.13462692499160767
YMR100W,YBR290W,0,0.57438576,0.2236311286687851,0.38722553849220276,0.13472694158554077
YLR209C,YMR189W,0,0.57356226,0.22350230813026428,0.38722553849220276,0.13482695817947388
YIL103W,YIL140W,0,0.5734067,0.2233736366033554,0.38722553849220276,0.13492698967456818
YML042W,YMR251W-A,0,0.572443,0.22324511408805847,0.38722553849220276,0.13502700626850128
YGR276C,YNL027W,0,0.5723926,0.22311674058437347,0.38722553849220276,0.1351270228624344
YIL135C,YHR174W,0,0.571367,0.22298850119113922,0.38722553849220276,0.1352270394563675
YLR099C,YJR047C,0,0.5700207,0.2228604257106781,0.38722553849220276,0.1353270709514618
YDL111C,YDR380W,0,0.5698843,0.22273248434066772,0.38722553849220276,0.1354270875453949
YGL055W,YHL033C,0,0.5689821,0.22260470688343048,0.38722553849220276,0.135527104139328
YKL065C,YGL178W,0,0.56865084,0.22247706353664398,0.38722553849220276,0.1356271207332611
YPL122C,YOR198C,0,0.56826246,0.22234956920146942,0.38722553849220276,0.1357271522283554
YEL034W,YKL012W,0,0.56719196,0.2222222238779068,0.38722553849220276,0.1358271688222885
YHR028C,YPL060W,0,0.5670402,0.22209501266479492,0.38722553849220276,0.13592718541622162
YER161C,YLR330W,0,0.5665038,0.22196796536445618,0.38722553849220276,0.13602720201015472
YIR028W,YGL190C,0,0.56624174,0.22184105217456818,0.38722553849220276,0.13612721860408783
YMR204C,YER141W,0,0.5660968,0.22171428799629211,0.38722553849220276,0.13622725009918213
YDR155C,YDL216C,0,0.5660236,0.2215876579284668,0.38722553849220276,0.13632726669311523
YPL217C,YPL154C,0,0.5660047,0.2214611917734146,0.38722553849220276,0.13642728328704834
YGR087C,YNL206C,0,0.5646285,0.22133485972881317,0.38722553849220276,0.13652729988098145
YGL232W,YFR003C,0,0.5642147,0.22120866179466248,0.38722553849220276,0.13662733137607574
YGL153W,YIL035C,0,0.56407523,0.2210826277732849,0.38722553849220276,0.13672734797000885
YDL020C,YDR480W,0,0.563864,0.2209567129611969,0.38722553849220276,0.13682736456394196
YLR191W,YPR006C,0,0.56373066,0.22083096206188202,0.38722553849220276,0.13692738115787506
YIL015W,YPL157W,0,0.56344926,0.22070534527301788,0.38722553849220276,0.13702741265296936
YBR087W,YBR145W,0,0.5633596,0.22057987749576569,0.38722553849220276,0.13712742924690247
YPL099C,YBR289W,0,0.5632894,0.22045454382896423,0.38722553849220276,0.13722744584083557
YJL158C,YJL025W,0,0.56218714,0.22032935917377472,0.38722553849220276,0.13732746243476868
YDR109C,YDR107C,0,0.5620583,0.22020430862903595,0.38722553849220276,0.13742747902870178
YPL084W,YNL147W,0,0.5620275,0.22007940709590912,0.38722553849220276,0.13752751052379608
YOL030W,YOL016C,0,0.56155074,0.21995465457439423,0.38722553849220276,0.1376275271177292
YMR008C,YBR136W,0,0.5607597,0.21983002126216888,0.38722553849220276,0.1377275437116623
YBR281C,YGR255C,0,0.56055236,0.21970555186271667,0.38722553849220276,0.1378275603055954
YPL206C,YPR191W,0,0.5605488,0.2195812165737152,0.38722553849220276,0.1379275918006897
YPL023C,YBR105C,0,0.56036574,0.2194570153951645,0.38722553849220276,0.1380276083946228
YHL002W,YOL088C,0,0.5602968,0.2193329632282257,0.38722553849220276,0.1381276249885559
YJR040W,YKL173W,0,0.559735,0.21920904517173767,0.38722553849220276,0.138227641582489
YPL089C,YOR141C,0,0.55926144,0.21908526122570038,0.38722553849220276,0.13832765817642212
YOR034C,YDL161W,1,0.5592463,0.21952596306800842,0.3882235586643219,0.13832765817642212
YKL049C,YDL138W,0,0.55923146,0.21940214931964874,0.3882235586643219,0.13842768967151642
YOL108C,YOR317W,0,0.5588579,0.2192784696817398,0.3882235586643219,0.13852770626544952
YGL153W,YGL026C,0,0.5587233,0.21915492415428162,0.3882235586643219,0.13862772285938263
YGR189C,YKL206C,0,0.55872107,0.21903152763843536,0.3882235586643219,0.13872773945331573
YGR086C,YOL043C,0,0.5582197,0.21890826523303986,0.3882235586643219,0.13882777094841003
YMR244C-A,YPR200C,0,0.55816436,0.2187851518392563,0.3882235586643219,0.13892778754234314
YKL012W,YFL057C,0,0.5580262,0.21866217255592346,0.3882235586643219,0.13902780413627625
YAL026C,YGR241C,1,0.55801845,0.21910113096237183,0.38922154903411865,0.13902780413627625
YDL097C,YER017C,0,0.55746996,0.21897810697555542,0.38922154903411865,0.13912782073020935
YOR142W,YBR102C,0,0.557269,0.21885521709918976,0.38922154903411865,0.13922785222530365
YFL039C,YNL098C,0,0.5572529,0.21873247623443604,0.38922154903411865,0.13932786881923676
YNL084C,YBR215W,0,0.55707324,0.21860986948013306,0.38922154903411865,0.13942788541316986
YDR059C,YHR073W,1,0.55639565,0.21904762089252472,0.3902195692062378,0.13942788541316986
YAL001C,YOR321W,0,0.55616343,0.21892496943473816,0.3902195692062378,0.13952790200710297
YHL004W,YPR181C,0,0.55490655,0.21880246698856354,0.3902195692062378,0.13962791860103607
YJR015W,YBR135W,0,0.5543719,0.21868008375167847,0.3902195692062378,0.13972795009613037
YKR003W,YOR322C,1,0.5542,0.21911682188510895,0.39121755957603455,0.13972795009613037
YCR052W,YOR176W,0,0.5538418,0.2189944088459015,0.39121755957603455,0.13982796669006348
YPL273W,YNL044W,0,0.55381227,0.21887214481830597,0.39121755957603455,0.13992798328399658
YER125W,YGL181W,1,0.55327165,0.2193080335855484,0.3922155797481537,0.13992798328399658
YNL093W,YER111C,0,0.5521663,0.2191857248544693,0.3922155797481537,0.1400279998779297
YHR019C,YDL129W,0,0.5517002,0.21906355023384094,0.3922155797481537,0.140128031373024
YDL198C,YDR084C,0,0.5515015,0.21894150972366333,0.3922155797481537,0.1402280479669571
YMR288W,YJL149W,0,0.5514703,0.21881960332393646,0.3922155797481537,0.1403280645608902
YLR178C,YNL331C,0,0.5510154,0.21869783103466034,0.3922155797481537,0.1404280811548233
YKL035W,YLR453C,0,0.5509049,0.21857619285583496,0.3922155797481537,0.1405281126499176
YGL060W,YLR040C,0,0.5500352,0.21845470368862152,0.3922155797481537,0.1406281292438507
YAL061W,YOR231W,0,0.54996294,0.21833333373069763,0.3922155797481537,0.1407281458377838
YGL130W,YGL160W,0,0.5481659,0.2182120978832245,0.3922155797481537,0.14082816243171692
YPL132W,YLR278C,0,0.54756683,0.21809101104736328,0.3922155797481537,0.14092817902565002
YJL092W,YJR112W,0,0.5465467,0.21797004342079163,0.3922155797481537,0.14102821052074432
YAL044C,YDL165W,0,0.5464998,0.2178492248058319,0.3922155797481537,0.14112822711467743
YGR132C,YLR033W,0,0.5452827,0.21772852540016174,0.3922155797481537,0.14122824370861053
YBL050W,YML075C,0,0.54415005,0.21760797500610352,0.3922155797481537,0.14132826030254364
YBR122C,YDR267C,0,0.5430864,0.21748754382133484,0.3922155797481537,0.14142829179763794
YPL236C,YFL033C,0,0.5425502,0.2173672616481781,0.3922155797481537,0.14152830839157104
YDR171W,YNR073C,0,0.54211783,0.2172470986843109,0.3922155797481537,0.14162832498550415
YLR369W,YOL031C,0,0.5420993,0.21712706983089447,0.3922155797481537,0.14172834157943726
YDL019C,YAL030W,1,0.5420649,0.217559352517128,0.39321357011795044,0.14172834157943726
YEL020C,YLR066W,0,0.5415677,0.21743929386138916,0.39321357011795044,0.14182837307453156
YDR351W,YDR508C,0,0.54151136,0.21731935441493988,0.39321357011795044,0.14192838966846466
YHR030C,YNL312W,0,0.5413817,0.21719956398010254,0.39321357011795044,0.14202840626239777
YOL157C,YNL134C,0,0.54122114,0.21707989275455475,0.39321357011795044,0.14212842285633087
YNL208W,YDL198C,0,0.5412034,0.2169603556394577,0.39321357011795044,0.14222843945026398
YNL026W,YOR133W,0,0.5410457,0.2168409526348114,0.39321357011795044,0.14232847094535828
YNL279W,YLR421C,0,0.5410116,0.21672166883945465,0.39321357011795044,0.14242848753929138
YOR301W,YDR429C,0,0.5405899,0.21660253405570984,0.39321357011795044,0.1425285041332245
YDR085C,YOL147C,0,0.54014075,0.21648351848125458,0.39321357011795044,0.1426285207271576
YOR327C,YJL204C,1,0.54004586,0.21691378951072693,0.3942115902900696,0.1426285207271576
YDR085C,YDR376W,0,0.538763,0.21679472923278809,0.3942115902900696,0.1427285522222519
YDR405W,YOL057W,0,0.5381735,0.2166758030653,0.3942115902900696,0.142828568816185
YER125W,YMR109W,1,0.5381512,0.21710526943206787,0.39520958065986633,0.142828568816185
YJR015W,YJL010C,0,0.5378107,0.2169862985610962,0.39520958065986633,0.1429285854101181
YHR191C,YJR026W,0,0.5376128,0.21686747670173645,0.39520958065986633,0.1430286020040512
YNL093W,YJL204C,1,0.5358908,0.21729610860347748,0.3962075710296631,0.1430286020040512
YPL163C,YER021W,0,0.53496206,0.21717724204063416,0.3962075710296631,0.14312861859798431
YNL267W,YGR084C,0,0.53446275,0.21705849468708038,0.3962075710296631,0.1432286500930786
YLR350W,YJL203W,0,0.5337048,0.21693989634513855,0.3962075710296631,0.14332866668701172
YPL069C,YLR327C,0,0.53366333,0.21682140231132507,0.3962075710296631,0.14342868328094482
YDR264C,YMR303C,0,0.5335216,0.21670305728912354,0.3962075710296631,0.14352869987487793
YHR119W,YER103W,0,0.53306293,0.21658483147621155,0.3962075710296631,0.14362873136997223
YKR002W,YJR107W,0,0.5330596,0.2164667397737503,0.3962075710296631,0.14372874796390533
YJR086W,YNL307C,0,0.53284824,0.2163487672805786,0.3962075710296631,0.14382876455783844
YBR024W,YJL065C,0,0.53246105,0.21623094379901886,0.3962075710296631,0.14392878115177155
YBR199W,YDL028C,0,0.53223646,0.21611322462558746,0.3962075710296631,0.14402881264686584
YMR184W,YAL039C,0,0.5320835,0.215995654463768,0.3962075710296631,0.14412882924079895
YMR037C,YDR186C,0,0.5315597,0.2158781886100769,0.3962075710296631,0.14422884583473206
YNL188W,YOL089C,0,0.53130203,0.21576087176799774,0.3962075710296631,0.14432886242866516
YJL042W,YBL105C,0,0.5309129,0.21564367413520813,0.3962075710296631,0.14442887902259827
YMR134W,YOL158C,0,0.5302346,0.21552659571170807,0.3962075710296631,0.14452891051769257
YFR055W,YMR315W,0,0.52990645,0.21540965139865875,0.3962075710296631,0.14462892711162567
YCR002C,YPL158C,0,0.5292971,0.21529284119606018,0.3962075710296631,0.14472894370555878
YDL021W,YPL153C,0,0.5287156,0.21517615020275116,0.3962075710296631,0.14482896029949188
YHR067W,YHR176W,0,0.52840924,0.21505959331989288,0.3962075710296631,0.14492899179458618
YDL161W,YPL145C,1,0.5277111,0.21548457443714142,0.3972055912017822,0.14492899179458618
YOR336W,YDL126C,0,0.5266107,0.21536795794963837,0.3972055912017822,0.1450290083885193
YOR257W,YNR050C,0,0.5255096,0.21525149047374725,0.3972055912017822,0.1451290249824524
YCR066W,YNL223W,0,0.5254028,0.2151351422071457,0.3972055912017822,0.1452290415763855
YLR389C,YMR202W,0,0.5250681,0.21501891314983368,0.3972055912017822,0.1453290730714798
YLR178C,YBR115C,0,0.52482957,0.21490280330181122,0.3972055912017822,0.1454290896654129
YJR022W,YLR070C,0,0.52459836,0.2147868275642395,0.3972055912017822,0.145529106259346
YER007W,YBR052C,0,0.5243846,0.21467098593711853,0.3972055912017822,0.1456291228532791
YOR329C,YBL101C,1,0.52430403,0.21509434282779694,0.398203581571579,0.1456291228532791
YDR069C,YNL243W,1,0.52427846,0.21551723778247833,0.3992016017436981,0.1456291228532791
YPL113C,YNL160W,0,0.5237637,0.21540118753910065,0.3992016017436981,0.14572913944721222
YMR309C,YOR070C,0,0.52290297,0.2152852565050125,0.3992016017436981,0.14582917094230652
YDL195W,YLR172C,0,0.522788,0.21516944468021393,0.3992016017436981,0.14592918753623962
YMR285C,YPL096W,0,0.5220033,0.2150537669658661,0.3992016017436981,0.14602920413017273
YBR055C,YJR059W,0,0.52138877,0.2149382084608078,0.3992016017436981,0.14612922072410583
YGL156W,YDR488C,0,0.5213736,0.21482276916503906,0.3992016017436981,0.14622925221920013
YBR058C,YDR352W,0,0.5204343,0.21470746397972107,0.3992016017436981,0.14632926881313324
YLL038C,YAL030W,1,0.51980853,0.21512874960899353,0.4001995921134949,0.14632926881313324
YNL084C,YGR241C,1,0.5193255,0.21554960310459137,0.401197612285614,0.14632926881313324
YDL080C,YPL066W,0,0.5190512,0.21543408930301666,0.401197612285614,0.14642928540706635
YGR063C,YHL034C,0,0.5188835,0.2153186947107315,0.401197612285614,0.14652930200099945
YCR023C,YOR221C,0,0.518531,0.2152034193277359,0.401197612285614,0.14662931859493256
YOR327C,YLR206W,1,0.5184589,0.21562333405017853,0.40219560265541077,0.14662931859493256
YJR034W,YGL166W,0,0.5183285,0.21550801396369934,0.40219560265541077,0.14672935009002686
YNL154C,YGR258C,0,0.51781565,0.2153928428888321,0.40219560265541077,0.14682936668395996
YDR338C,YOL031C,0,0.51778495,0.2152777761220932,0.40219560265541077,0.14692938327789307
YIL097W,YDR266C,0,0.51751524,0.21516284346580505,0.40219560265541077,0.14702939987182617
YCL034W,YOR181W,1,0.5170715,0.21558164060115814,0.4031936228275299,0.14702939987182617
YJL108C,YDL205C,0,0.51704013,0.2154666632413864,0.4031936228275299,0.14712943136692047
YBL088C,YGL237C,0,0.516606,0.21535180509090424,0.4031936228275299,0.14722944796085358
YFL038C,YJL203W,0,0.51643264,0.2152370810508728,0.4031936228275299,0.14732946455478668
YOR127W,YDL146W,0,0.51595426,0.21512247622013092,0.4031936228275299,0.1474294811487198
YOR293W,YDL045C,0,0.51555127,0.2150079756975174,0.4031936228275299,0.1475295126438141
YCR009C,YPR165W,1,0.5151868,0.2154255360364914,0.40419161319732666,0.1475295126438141
YKR014C,YEL027W,1,0.5147586,0.21584263443946838,0.4051896333694458,0.1475295126438141
YHR143W-A,YBR234C,0,0.5137935,0.21572795510292053,0.4051896333694458,0.1476295292377472
YCR053W,YDR177W,1,0.513687,0.21614445745944977,0.40618762373924255,0.1476295292377472
YML012W,YNL219C,0,0.5136632,0.21602971851825714,0.40618762373924255,0.1477295458316803
YOR231W,YJL154C,0,0.5134409,0.21591511368751526,0.40618762373924255,0.1478295624256134
YMR241W,YGL253W,0,0.5132477,0.21580064296722412,0.40618762373924255,0.1479295790195465
YLR206W,YIR002C,0,0.5130137,0.21568627655506134,0.40618762373924255,0.1480296105146408
YML029W,YNL110C,0,0.5125375,0.2155720293521881,0.40618762373924255,0.1481296271085739
YJL159W,YIL048W,0,0.51244867,0.21545791625976562,0.40618762373924255,0.14822964370250702
YIL048W,YHR135C,1,0.5121748,0.21587301790714264,0.4071856141090393,0.14822964370250702
YGR008C,YML114C,0,0.51122916,0.21575886011123657,0.4071856141090393,0.14832966029644012
YFL033C,YIL121W,0,0.51110274,0.21564482152462006,0.4071856141090393,0.14842969179153442
YPL023C,YHR147C,0,0.51106536,0.2155309021472931,0.4071856141090393,0.14852970838546753
YFL039C,YGR241C,1,0.5099441,0.21594509482383728,0.40818363428115845,0.14852970838546753
YOR035C,YOL070C,0,0.50902236,0.21583113074302673,0.40818363428115845,0.14862972497940063
YKL125W,YJL149W,0,0.5084372,0.21571730077266693,0.40818363428115845,0.14872974157333374
YDR140W,YGR282C,0,0.50842446,0.21560359001159668,0.40818363428115845,0.14882977306842804
YKR001C,YKL130C,0,0.5082879,0.21548998355865479,0.40818363428115845,0.14892978966236115
YGL181W,YML001W,1,0.5072858,0.21590310335159302,0.4091816246509552,0.14892978966236115
YPL164C,YJR091C,0,0.50727046,0.21578946709632874,0.4091816246509552,0.14902980625629425
YMR044W,YOR180C,0,0.5072422,0.2156759649515152,0.4091816246509552,0.14912982285022736
YDL232W,YBR067C,0,0.50694585,0.21556256711483002,0.4091816246509552,0.14922983944416046
YBR185C,YNR074C,0,0.506759,0.2154492884874344,0.4091816246509552,0.14932987093925476
YLR308W,YJL178C,0,0.5060077,0.2153361290693283,0.4091816246509552,0.14942988753318787
YKR002W,YNL306W,0,0.5058937,0.21522310376167297,0.4091816246509552,0.14952990412712097
YNR049C,YPR127W,0,0.5057585,0.215110182762146,0.4091816246509552,0.14962992072105408
YMR150C,YBL092W,0,0.50517976,0.21499738097190857,0.4091816246509552,0.14972995221614838
YLR206W,YBR059C,1,0.5051359,0.2154088020324707,0.41017964482307434,0.14972995221614838
YOR322C,YOR008C,1,0.5051323,0.2158198058605194,0.4111776351928711,0.14972995221614838
YBR271W,YLR142W,0,0.5047227,0.21570681035518646,0.4111776351928711,0.14982996881008148
YOR374W,YCR077C,0,0.50471795,0.21559393405914307,0.4111776351928711,0.1499299854040146
YER088C,YIR008C,0,0.5039062,0.21548117697238922,0.4111776351928711,0.1500300019979477
YOL119C,YPL106C,0,0.50388086,0.21536852419376373,0.4111776351928711,0.1501300185918808
YPL004C,YCR053W,1,0.5035586,0.21577847003936768,0.41217565536499023,0.1501300185918808
YPL083C,YAL061W,0,0.5034418,0.215665802359581,0.41217565536499023,0.1502300500869751
YDR498C,YKL067W,0,0.50044906,0.21555323898792267,0.41217565536499023,0.1503300666809082
YPR165W,YBL047C,1,0.4994564,0.21596243977546692,0.413173645734787,0.1503300666809082
YKL213C,YJL206C,0,0.49890554,0.2158498466014862,0.413173645734787,0.1504300832748413
YDL190C,YBL060W,0,0.4978631,0.21573735773563385,0.413173645734787,0.15053009986877441
YPR032W,YOL030W,0,0.4970206,0.21562500298023224,0.413173645734787,0.1506301313638687
YPL196W,YJL113W,0,0.49592292,0.21551275253295898,0.413173645734787,0.15073014795780182
YLR308W,YHR027C,0,0.49564207,0.21540062129497528,0.413173645734787,0.15083016455173492
YDR173C,YGR279C,0,0.49528706,0.21528860926628113,0.413173645734787,0.15093018114566803
YCR009C,YLR337C,1,0.49457836,0.21569646894931793,0.41417166590690613,0.15093018114566803
YLL038C,YDR264C,1,0.49408436,0.21610389649868011,0.4151696562767029,0.15093018114566803
YDL161W,YOR322C,1,0.4932089,0.21651090681552887,0.416167676448822,0.15093018114566803
YHR161C,YBR109C,1,0.49299443,0.216917484998703,0.4171656668186188,0.15093018114566803
YDR402C,YER153C,0,0.49275726,0.21680498123168945,0.4171656668186188,0.15103021264076233
YNR045W,YIL114C,0,0.4923622,0.21669258177280426,0.4171656668186188,0.15113022923469543
YJL093C,YGR284C,0,0.49225378,0.2165803164243698,0.4171656668186188,0.15123024582862854
YGL128C,YJR089W,0,0.49225283,0.21646815538406372,0.4171656668186188,0.15133026242256165
YOR246C,YOL041C,0,0.49184763,0.21635611355304718,0.4171656668186188,0.15143027901649475
YJL172W,YGL131C,0,0.49147075,0.216244176030159,0.4171656668186188,0.15153031051158905
YML029W,YPR190C,0,0.4911946,0.21613237261772156,0.4171656668186188,0.15163032710552216
YOR099W,YPR198W,0,0.49055874,0.21602067351341248,0.4171656668186188,0.15173034369945526
YIL113W,YJL140W,0,0.49038315,0.21590909361839294,0.4171656668186188,0.15183036029338837
YKL001C,YGL084C,0,0.49012423,0.21579761803150177,0.4171656668186188,0.15193039178848267
YDR324C,YPL094C,0,0.49011493,0.21568627655506134,0.4171656668186188,0.15203040838241577
YKL010C,YJR036C,0,0.4898659,0.21557503938674927,0.4171656668186188,0.15213042497634888
YPL074W,YDR409W,0,0.48915446,0.21546392142772675,0.4171656668186188,0.15223044157028198
YLL040C,YGL019W,0,0.48908126,0.21535290777683258,0.4171656668186188,0.15233047306537628
YLR064W,YJR033C,0,0.4883892,0.21524201333522797,0.4171656668186188,0.1524304896593094
YBR109C,YIR006C,1,0.48798537,0.2156459093093872,0.4181636869907379,0.1524304896593094
YDL207W,YIL074C,0,0.48776233,0.2155349850654602,0.4181636869907379,0.1525305062532425
YPL134C,YDL246C,0,0.48693955,0.21542416512966156,0.4181636869907379,0.1526305228471756
YBR152W,YKL001C,0,0.48665762,0.21531346440315247,0.4181636869907379,0.1527305394411087
YPL004C,YBR214W,1,0.48623395,0.21571648120880127,0.41916167736053467,0.1527305394411087
YDR169C,YKR087C,0,0.48621994,0.2156057506799698,0.41916167736053467,0.152830570936203
YDL170W,YDR294C,0,0.48553962,0.21549512445926666,0.41916167736053467,0.1529305875301361
YER130C,YDR240C,0,0.48519063,0.2153846174478531,0.41916167736053467,0.1530306041240692
YGR074W,YKL198C,0,0.48484588,0.21527421474456787,0.41916167736053467,0.15313062071800232
YNR041C,YIL021W,0,0.48445725,0.2151639312505722,0.41916167736053467,0.15323065221309662
YNL231C,YBR221C,0,0.48437953,0.2150537669658661,0.41916167736053467,0.15333066880702972
YDR197W,YNL186W,0,0.48410356,0.21494370698928833,0.41916167736053467,0.15343068540096283
YFL034C-B,YLR191W,0,0.48400003,0.21483376622200012,0.41916167736053467,0.15353070199489594
YML028W,YMR146C,0,0.48372447,0.21472392976284027,0.41916167736053467,0.15363073348999023
YBR175W,YOR014W,0,0.48365194,0.21461421251296997,0.41916167736053467,0.15373075008392334
YJR126C,YKL116C,0,0.48338544,0.21450459957122803,0.41916167736053467,0.15383076667785645
YLR024C,YJL092W,0,0.48212588,0.21439510583877563,0.41916167736053467,0.15393078327178955
YPL145C,YBL047C,1,0.48185152,0.21479591727256775,0.4201596677303314,0.15393078327178955
YHR051W,YBR222C,0,0.48179477,0.21468637883663177,0.4201596677303314,0.15403079986572266
YBL064C,YER171W,0,0.48127556,0.21457695960998535,0.4201596677303314,0.15413083136081696
YML078W,YDR210W,0,0.4809941,0.21446764469146729,0.4201596677303314,0.15423084795475006
YER101C,YOL089C,0,0.48066998,0.21435844898223877,0.4201596677303314,0.15433086454868317
YMR200W,YMR136W,0,0.48058832,0.2142493575811386,0.4201596677303314,0.15443088114261627
YDR337W,YFL034C-B,0,0.4804839,0.214140385389328,0.4201596677303314,0.15453091263771057
YML078W,YOL089C,0,0.47951782,0.21403151750564575,0.4201596677303314,0.15463092923164368
YLR158C,YLL019C,0,0.4777925,0.21392276883125305,0.4201596677303314,0.15473094582557678
YOR304C-A,YER144C,0,0.47667998,0.2138141244649887,0.4201596677303314,0.1548309624195099
YGR014W,YKR044W,0,0.47658837,0.21370558440685272,0.4201596677303314,0.154930979013443
YHR135C,YDL019C,1,0.4760456,0.2141045182943344,0.42115768790245056,0.154930979013443
YOR118W,YDR006C,0,0.4759909,0.21399594843387604,0.42115768790245056,0.1550310105085373
YJL102W,YGL010W,0,0.47530353,0.21388748288154602,0.42115768790245056,0.1551310271024704
YBL101C,YDL231C,1,0.4751411,0.2142857164144516,0.4221556782722473,0.1551310271024704
YLR034C,YAR014C,0,0.47431266,0.2141772210597992,0.4221556782722473,0.1552310436964035
YBL093C,YER020W,0,0.47377568,0.21406883001327515,0.4221556782722473,0.1553310602903366
YOR245C,YOL104C,0,0.4732955,0.21396054327487946,0.4221556782722473,0.1554310917854309
YMR109W,YDR177W,1,0.4728943,0.21435794234275818,0.42315369844436646,0.1554310917854309
YNL289W,YGR227W,0,0.47270972,0.2142496258020401,0.42315369844436646,0.155531108379364
YNL297C,YNL321W,0,0.47253096,0.21414141356945038,0.42315369844436646,0.15563112497329712
YOR043W,YOR109W,1,0.47235692,0.214538112282753,0.4241516888141632,0.15563112497329712
YCR009C,YKR038C,0,0.47206783,0.21442987024784088,0.4241516888141632,0.15573114156723022
YOL027C,YOR386W,0,0.47125936,0.21432173252105713,0.4241516888141632,0.15583117306232452
YJR119C,YJL143W,0,0.47058797,0.21421371400356293,0.4241516888141632,0.15593118965625763
YOL128C,YHL040C,0,0.47024727,0.21410579979419708,0.4241516888141632,0.15603120625019073
YHR168W,YOL117W,0,0.47007096,0.2139979898929596,0.4241516888141632,0.15613122284412384
YLR121C,YLR088W,0,0.4698727,0.21389028429985046,0.4241516888141632,0.15623123943805695
YKR003W,YDR264C,1,0.46959215,0.2142857164144516,0.42514970898628235,0.15623123943805695
YKL168C,YGR227W,0,0.4693271,0.21417798101902008,0.42514970898628235,0.15633127093315125
YBR135W,YBR241C,0,0.469262,0.21407034993171692,0.42514970898628235,0.15643128752708435
YCR042C,YLR208W,0,0.46892053,0.2139628380537033,0.42514970898628235,0.15653130412101746
YDR077W,YDR330W,0,0.46888268,0.21385541558265686,0.42514970898628235,0.15663132071495056
YJR040W,YNR010W,0,0.46840602,0.21374811232089996,0.42514970898628235,0.15673135221004486
YBR021W,YAR002C-A,0,0.46837533,0.21364092826843262,0.42514970898628235,0.15683136880397797
YJR068W,YDR251W,0,0.4677075,0.21353383362293243,0.42514970898628235,0.15693138539791107
YLR170C,YKR022C,0,0.46727663,0.2134268581867218,0.42514970898628235,0.15703140199184418
YBR035C,YMR146C,0,0.46609312,0.21331998705863953,0.42514970898628235,0.15713143348693848
YDR051C,YNL220W,0,0.46603107,0.2132132202386856,0.42514970898628235,0.15723145008087158
YNL208W,YLR154C,0,0.46582842,0.21310655772686005,0.42514970898628235,0.1573314666748047
YLR459W,YFL023W,0,0.46503723,0.21299999952316284,0.42514970898628235,0.1574314832687378
YBR297W,YAL034W-A,0,0.46460617,0.2128935605287552,0.42514970898628235,0.1575314998626709
YKR003W,YHR073W,1,0.46454883,0.21328671276569366,0.4261476993560791,0.1575314998626709
YGL112C,YPL094C,0,0.464446,0.21318022906780243,0.4261476993560791,0.1576315313577652
YDR388W,YGR241C,1,0.46365,0.21357285976409912,0.42714571952819824,0.1576315313577652
YBR026C,YGR116W,0,0.46342558,0.2134663313627243,0.42714571952819824,0.1577315479516983
YPR196W,YDR103W,0,0.46341443,0.21335992217063904,0.42714571952819824,0.1578315645456314
YPR005C,YBR059C,0,0.46333706,0.21325361728668213,0.42714571952819824,0.15793158113956451
YGR276C,YGL065C,0,0.46330297,0.21314741671085358,0.42714571952819824,0.1580316126346588
YNL044W,YLR186W,0,0.46200275,0.21304132044315338,0.42714571952819824,0.15813162922859192
YCR093W,YNL124W,0,0.46188593,0.21293532848358154,0.42714571952819824,0.15823164582252502
YBL101C,YGR241C,1,0.46162498,0.21332670748233795,0.428143709897995,0.15823164582252502
YBR241C,YMR005W,0,0.4615019,0.21322067081928253,0.428143709897995,0.15833166241645813
YJL113W,YER008C,0,0.46132016,0.21311475336551666,0.428143709897995,0.15843167901039124
YDR270W,YBL055C,0,0.46051276,0.21300894021987915,0.428143709897995,0.15853171050548553
YOL140W,YNL128W,0,0.46042794,0.21290323138237,0.428143709897995,0.15863172709941864
YOR035C,YBL005W-A,0,0.4600147,0.212797611951828,0.428143709897995,0.15873174369335175
YKR037C,YIR038C,0,0.4585145,0.21269211173057556,0.428143709897995,0.15883176028728485
YER003C,YKL094W,0,0.45782083,0.21258671581745148,0.428143709897995,0.15893179178237915
YGR271W,YCR002C,0,0.45771068,0.21248142421245575,0.428143709897995,0.15903180837631226
YNL248C,YCR069W,0,0.45748466,0.21237623691558838,0.428143709897995,0.15913182497024536
YER106W,YPL078C,0,0.45716512,0.21227115392684937,0.428143709897995,0.15923184156417847
YBL076C,YBR056W,0,0.45661366,0.2121661752462387,0.428143709897995,0.15933187305927277
YLR419W,YCR023C,0,0.45609546,0.2120613008737564,0.428143709897995,0.15943188965320587
YER052C,YDR307W,0,0.45595986,0.21195651590824127,0.428143709897995,0.15953190624713898
YDL202W,YJR004C,0,0.4544717,0.21185185015201569,0.428143709897995,0.15963192284107208
YKL093W,YLL061W,0,0.4543627,0.21174728870391846,0.428143709897995,0.1597319394350052
YBR039W,YPR198W,0,0.4540189,0.2116428166627884,0.428143709897995,0.1598319709300995
YPL230W,YKR048C,0,0.45393884,0.21153846383094788,0.428143709897995,0.1599319875240326
YHR030C,YKL011C,0,0.45391744,0.21143420040607452,0.428143709897995,0.1600320041179657
YCR009C,YLR342W,1,0.4538616,0.21182265877723694,0.42914173007011414,0.1600320041179657
YOR237W,YGR056W,0,0.4537654,0.2117183655500412,0.42914173007011414,0.1601320207118988
YOL016C,YLR453C,0,0.45362413,0.21161417663097382,0.42914173007011414,0.1602320522069931
YBR280C,YLR163C,0,0.45360243,0.2115100771188736,0.42914173007011414,0.1603320688009262
YDR498C,YDR453C,0,0.45304358,0.21140609681606293,0.42914173007011414,0.16043208539485931
YKL034W,YDR362C,0,0.45265806,0.21130220592021942,0.42914173007011414,0.16053210198879242
YHR107C,YEL022W,0,0.45264816,0.21119843423366547,0.42914173007011414,0.16063213348388672
YGR074W,YJL176C,0,0.45210552,0.21109475195407867,0.42914173007011414,0.16073215007781982
YOL157C,YLR399C,0,0.45009303,0.21099117398262024,0.42914173007011414,0.16083216667175293
YPL064C,YDL130W-A,0,0.44913238,0.21088768541812897,0.42914173007011414,0.16093218326568604
YER086W,YOL127W,0,0.448394,0.21078431606292725,0.42914173007011414,0.16103219985961914
YOR217W,YDR511W,0,0.44829422,0.2106810361146927,0.42914173007011414,0.16113223135471344
YBR167C,YJL221C,0,0.44673806,0.2105778604745865,0.42914173007011414,0.16123224794864655
YDR129C,YNL032W,1,0.44633853,0.21096426248550415,0.4301397204399109,0.16123224794864655
YIR037W,YDR147W,0,0.44579512,0.21086105704307556,0.4301397204399109,0.16133226454257965
YOL119C,YGR198W,0,0.4438666,0.21075794100761414,0.4301397204399109,0.16143228113651276
YOR323C,YNR013C,0,0.4432819,0.21065492928028107,0.4301397204399109,0.16153231263160706
YHR067W,YNL223W,0,0.44282508,0.21055202186107635,0.4301397204399109,0.16163232922554016
YCL033C,YOL067C,0,0.44272387,0.21044921875,0.4301397204399109,0.16173234581947327
YDR512C,YDL084W,0,0.44271886,0.2103465050458908,0.4301397204399109,0.16183236241340637
YMR293C,YJR033C,0,0.442613,0.21024389564990997,0.4301397204399109,0.16193239390850067
YBR276C,YHR135C,0,0.4421972,0.2101413905620575,0.4301397204399109,0.16203241050243378
YER166W,YOR109W,1,0.44147164,0.21052631735801697,0.43113771080970764,0.16203241050243378
YDR490C,YBR059C,1,0.4409474,0.2109108567237854,0.4321357309818268,0.16203241050243378
YGR207C,YGL241W,0,0.4404009,0.2108081728219986,0.4321357309818268,0.16213242709636688
YPR026W,YDR376W,0,0.44013917,0.21070559322834015,0.4321357309818268,0.1622324436903
YNL079C,YIL044C,0,0.4399854,0.21060311794281006,0.4321357309818268,0.1623324602842331
YPR073C,YAL031C,0,0.4399445,0.21050073206424713,0.4321357309818268,0.1624324917793274
YDR534C,YGL134W,0,0.43974036,0.21039845049381256,0.4321357309818268,0.1625325083732605
YHR135C,YOR008C,1,0.4397143,0.21078193187713623,0.43313372135162354,0.1625325083732605
YKL157W,YJL115W,0,0.43955076,0.21067960560321808,0.43313372135162354,0.1626325249671936
YFL039C,YBR059C,1,0.439489,0.21106259524822235,0.4341317415237427,0.1626325249671936
YNR035C,YDL231C,1,0.4392768,0.21144519746303558,0.43512973189353943,0.1626325249671936
YGL200C,YIL040W,0,0.439057,0.2113427072763443,0.43512973189353943,0.1627325415611267
YJR019C,YGR198W,0,0.43788487,0.21124030649662018,0.43512973189353943,0.162832573056221
YMR315W,YPL028W,0,0.43740058,0.21113801002502441,0.43512973189353943,0.1629325896501541
YOR142W,YMR165C,0,0.43608832,0.211035817861557,0.43512973189353943,0.16303260624408722
YER119C,YLR113W,0,0.4358939,0.21093371510505676,0.43512973189353943,0.16313262283802032
YGR081C,YOL107W,0,0.43589306,0.21083171665668488,0.43512973189353943,0.16323263943195343
YLR133W,YLR453C,0,0.43570244,0.21072982251644135,0.43512973189353943,0.16333267092704773
YDR388W,YCL034W,1,0.43465889,0.21111111342906952,0.43612775206565857,0.16333267092704773
YHR046C,YHL040C,0,0.43432498,0.2110091745853424,0.43612775206565857,0.16343268752098083
YHR102W,YBR022W,0,0.43424398,0.21090734004974365,0.43612775206565857,0.16353270411491394
YAL053W,YMR284W,0,0.43394637,0.21080559492111206,0.43612775206565857,0.16363272070884705
YJL138C,YDR410C,0,0.43388414,0.21070395410060883,0.43612775206565857,0.16373275220394135
YDR293C,YKL055C,0,0.43374074,0.21060240268707275,0.43612775206565857,0.16383276879787445
YBL050W,YOL136C,0,0.4332164,0.21050097048282623,0.43612775206565857,0.16393278539180756
YJL092W,YBL076C,0,0.43283433,0.21039961278438568,0.43612775206565857,0.16403280198574066
YIL138C,YIL080W,0,0.43271017,0.2102983593940735,0.43612775206565857,0.16413283348083496
YBR041W,YKR038C,0,0.43163025,0.21019721031188965,0.43612775206565857,0.16423285007476807
YDL171C,YAR027W,0,0.43131244,0.21009615063667297,0.43612775206565857,0.16433286666870117
YKL107W,YLR301W,0,0.43118316,0.20999519526958466,0.43612775206565857,0.16443288326263428
YKL073W,YEL041W,0,0.4311545,0.2098943293094635,0.43612775206565857,0.16453289985656738
YPL246C,YCR042C,0,0.43070358,0.2097935676574707,0.43612775206565857,0.16463293135166168
YIR005W,YMR104C,0,0.43066007,0.20969289541244507,0.43612775206565857,0.1647329479455948
YBR297W,YGR157W,0,0.4304905,0.2095923274755478,0.43612775206565857,0.1648329645395279
YNL243W,YDL231C,1,0.43008137,0.20997123420238495,0.4371257424354553,0.1648329645395279
YPL087W,YBR044C,0,0.42998815,0.2098706215620041,0.4371257424354553,0.164932981133461
YMR022W,YGR166W,0,0.42926484,0.2097701132297516,0.4371257424354553,0.1650330126285553
YDL168W,YOL070C,0,0.4292152,0.20966969430446625,0.4371257424354553,0.1651330292224884
YDR457W,YGL037C,0,0.4290526,0.20956937968730927,0.4371257424354553,0.1652330458164215
YBR109C,YNL154C,1,0.42897773,0.2099473923444748,0.43812376260757446,0.1652330458164215
YDR353W,YPR063C,0,0.42893237,0.20984703302383423,0.43812376260757446,0.16533306241035461
YDL082W,YBR096W,0,0.42843533,0.20974677801132202,0.43812376260757446,0.1654330939054489
YOR176W,YNL050C,0,0.42744887,0.20964661240577698,0.43812376260757446,0.16553311049938202
YKL034W,YDR460W,0,0.4268806,0.2095465362071991,0.43812376260757446,0.16563312709331512
YLR182W,YIR017C,0,0.42635393,0.20944656431674957,0.43812376260757446,0.16573314368724823
YNL290W,YNL115C,0,0.426054,0.2093466818332672,0.43812376260757446,0.16583316028118134
YPL032C,YDR069C,1,0.42601717,0.2097235471010208,0.4391217529773712,0.16583316028118134
YPR043W,YGR154C,0,0.4251095,0.20962363481521606,0.4391217529773712,0.16593319177627563
YOR066W,YNL302C,0,0.42502445,0.20952381193637848,0.4391217529773712,0.16603320837020874
YGR041W,YFR008W,0,0.42383575,0.20942407846450806,0.4391217529773712,0.16613322496414185
YDR264C,YOR098C,0,0.4237579,0.209324449300766,0.4391217529773712,0.16623324155807495
YBR098W,YGL241W,0,0.4233595,0.2092249095439911,0.4391217529773712,0.16633327305316925
YKL107W,YGL100W,0,0.42314672,0.20912547409534454,0.4391217529773712,0.16643328964710236
YBR103W,YLR095C,0,0.4231161,0.20902612805366516,0.4391217529773712,0.16653330624103546
YNL032W,YHR114W,1,0.42308605,0.2094017118215561,0.44011977314949036,0.16653330624103546
YHR016C,YLR136C,0,0.42296648,0.20930232107639313,0.44011977314949036,0.16663332283496857
YAL009W,YPL196W,0,0.4229014,0.20920303463935852,0.44011977314949036,0.16673333942890167
YJR051W,YLR192C,0,0.42237097,0.20910383760929108,0.44011977314949036,0.16683337092399597
YBL034C,YCR011C,0,0.4217031,0.209004744887352,0.44011977314949036,0.16693338751792908
YOR378W,YFR045W,0,0.42167878,0.20890572667121887,0.44011977314949036,0.16703340411186218
YJR090C,YBR008C,0,0.42160422,0.2088068127632141,0.44011977314949036,0.1671334207057953
YIL083C,YJL166W,0,0.42078745,0.2087080031633377,0.44011977314949036,0.1672334522008896
YPR152C,YDR084C,0,0.42060244,0.20860926806926727,0.44011977314949036,0.1673334687948227
YEL020C,YAL031C,0,0.42000508,0.2085106372833252,0.44011977314949036,0.1674334853887558
YDR353W,YPL038W,0,0.41993785,0.20841209590435028,0.44011977314949036,0.1675335019826889
YGR225W,YKL178C,0,0.41944897,0.20831365883350372,0.44011977314949036,0.1676335334777832
YDL142C,YLR372W,0,0.4191141,0.20821529626846313,0.44011977314949036,0.1677335500717163
YLR380W,YML005W,0,0.41896164,0.2081170380115509,0.44011977314949036,0.16783356666564941
YPR028W,YPL068C,0,0.4188689,0.20801886916160583,0.44011977314949036,0.16793358325958252
YIL067C,YPL232W,0,0.41881764,0.20792078971862793,0.44011977314949036,0.16803359985351562
YLR310C,YDL236W,0,0.417817,0.20782281458377838,0.44011977314949036,0.16813363134860992
YGR048W,YNL316C,0,0.41634268,0.2077249139547348,0.44011977314949036,0.16823364794254303
YNL020C,YOR109W,1,0.41621864,0.2080979347229004,0.4411177635192871,0.16823364794254303
YKR030W,YNL264C,0,0.416039,0.20800000429153442,0.4411177635192871,0.16833366453647614
YDR499W,YPL015C,0,0.41589677,0.20790216326713562,0.4411177635192871,0.16843368113040924
YML052W,YCR053W,1,0.41581398,0.20827455818653107,0.44211575388908386,0.16843368113040924
YLR332W,YKR038C,0,0.41580266,0.20817668735980988,0.44211575388908386,0.16853371262550354
YPL089C,YGL136C,0,0.41507423,0.20807890594005585,0.44211575388908386,0.16863372921943665
YNL003C,YDR043C,0,0.41483778,0.20798121392726898,0.44211575388908386,0.16873374581336975
YDR371W,YGR154C,0,0.41468573,0.20788362622261047,0.44211575388908386,0.16883376240730286
YJL155C,YIL009C-A,0,0.4142223,0.20778611302375793,0.44211575388908386,0.16893379390239716
YOR356W,YIL039W,0,0.4139641,0.20768870413303375,0.44211575388908386,0.16903381049633026
YDR436W,YHL024W,0,0.413895,0.20759138464927673,0.44211575388908386,0.16913382709026337
YBL021C,YIL114C,0,0.41317558,0.20749413967132568,0.44211575388908386,0.16923384368419647
YPL252C,YBL092W,0,0.41294527,0.207396999001503,0.44211575388908386,0.16933386027812958
YNL271C,YBR229C,0,0.41284716,0.20729994773864746,0.44211575388908386,0.16943389177322388
YDR027C,YPL181W,0,0.41281557,0.2072030007839203,0.44211575388908386,0.16953390836715698
YOR346W,YGL038C,0,0.41242647,0.20710612833499908,0.44211575388908386,0.1696339249610901
YLR153C,YGR023W,0,0.41225588,0.20700934529304504,0.44211575388908386,0.1697339415550232
YMR068W,YOR131C,0,0.4122392,0.20691265165805817,0.44211575388908386,0.1698339730501175
YDR362C,YDR033W,0,0.41187632,0.20681606233119965,0.44211575388908386,0.1699339896440506
YPL007C,YPL258C,0,0.41161603,0.2067195475101471,0.44211575388908386,0.1700340062379837
YBR120C,YOR221C,0,0.41154897,0.2066231369972229,0.44211575388908386,0.1701340228319168
YIL080W,YGR116W,0,0.41146672,0.20652680099010468,0.44211575388908386,0.17023403942584991
YOR292C,YPR122W,0,0.41096961,0.2064305692911148,0.44211575388908386,0.1703340709209442
YBL055C,YLL055W,0,0.41040426,0.2063344269990921,0.44211575388908386,0.17043408751487732
YPL096W,YOL120C,0,0.410326,0.20623835921287537,0.44211575388908386,0.17053410410881042
YPL177C,YGL168W,0,0.41030574,0.206142395734787,0.44211575388908386,0.17063412070274353
YGL128C,YER111C,0,0.40999186,0.20604650676250458,0.44211575388908386,0.17073415219783783
YDR461W,YKR018C,0,0.40973067,0.20595072209835052,0.44211575388908386,0.17083416879177094
YNR041C,YHR102W,0,0.4093308,0.20585501194000244,0.44211575388908386,0.17093418538570404
YFL010W-A,YDR030C,0,0.40889966,0.20575940608978271,0.44211575388908386,0.17103420197963715
YIL026C,YKL189W,0,0.40889174,0.20566387474536896,0.44211575388908386,0.17113423347473145
YMR139W,YGL241W,0,0.40825915,0.20556844770908356,0.44211575388908386,0.17123425006866455
YFL044C,YPR181C,0,0.40797603,0.20547309517860413,0.44211575388908386,0.17133426666259766
YDL147W,YMR043W,0,0.407763,0.20537784695625305,0.44211575388908386,0.17143428325653076
YPL196W,YHR134W,0,0.4075867,0.20528267323970795,0.44211575388908386,0.17153429985046387
YAL012W,YKR067W,0,0.4072507,0.20518758893013,0.44211575388908386,0.17163433134555817
YGL185C,YDR483W,0,0.40669847,0.20509259402751923,0.44211575388908386,0.17173434793949127
YNR039C,YHR001W,0,0.40606403,0.2049976885318756,0.44211575388908386,0.17183436453342438
YFL052W,YGL168W,0,0.4059155,0.20490287244319916,0.44211575388908386,0.17193438112735748
YNL241C,YMR298W,0,0.40585053,0.20480813086032867,0.44211575388908386,0.17203441262245178
YLR086W,YDR156W,0,0.40493196,0.20471349358558655,0.44211575388908386,0.1721344292163849
YBL099W,YDR170C,0,0.40464926,0.2046189308166504,0.44211575388908386,0.172234445810318
YLR251W,YPL101W,0,0.4044521,0.2045244723558426,0.44211575388908386,0.1723344624042511
YGR292W,YBR287W,0,0.4043194,0.20443008840084076,0.44211575388908386,0.1724344938993454
YER020W,YDL095W,0,0.40352702,0.2043357938528061,0.44211575388908386,0.1725345104932785
YNL121C,YLR304C,0,0.40251034,0.2042415887117386,0.44211575388908386,0.1726345270872116
YKL127W,YAL060W,0,0.4019301,0.20414745807647705,0.44211575388908386,0.17273454368114471
YLR206W,YNL243W,1,0.40117472,0.2045140415430069,0.443113774061203,0.17273454368114471
YNR049C,YDL112W,0,0.4004922,0.20441989600658417,0.443113774061203,0.17283456027507782
YGL013C,YPR200C,0,0.40035087,0.2043258100748062,0.443113774061203,0.17293459177017212
YMR218C,YPL028W,0,0.4002735,0.20423182845115662,0.443113774061203,0.17303460836410522
YLR389C,YOR355W,0,0.39981014,0.20413793623447418,0.443113774061203,0.17313462495803833
YER106W,YEL054C,0,0.39925587,0.20404411852359772,0.443113774061203,0.17323464155197144
YLR421C,YPL099C,0,0.39902896,0.20395039021968842,0.443113774061203,0.17333467304706573
YJL141C,YMR005W,0,0.39896643,0.20385675132274628,0.443113774061203,0.17343468964099884
YGR227W,YNL185C,0,0.3988499,0.2037631869316101,0.443113774061203,0.17353470623493195
YPL009C,YPR166C,0,0.3987553,0.2036697268486023,0.443113774061203,0.17363472282886505
YBR044C,YOL068C,0,0.39864343,0.20357634127140045,0.443113774061203,0.17373475432395935
YIL083C,YBR278W,0,0.39853173,0.20348304510116577,0.443113774061203,0.17383477091789246
YER183C,YPR185W,0,0.39829957,0.20338982343673706,0.443113774061203,0.17393478751182556
YOL137W,YOR317W,0,0.39824587,0.2032967060804367,0.443113774061203,0.17403480410575867
YNR075W,YER166W,1,0.3968438,0.20366132259368896,0.44411176443099976,0.17403480410575867
YLL002W,YPL031C,0,0.3966869,0.20356816053390503,0.44411176443099976,0.17413482069969177
YDR252W,YMR030W,0,0.3964032,0.20347507297992706,0.44411176443099976,0.17423485219478607
YFL039C,YHR001W,1,0.39601648,0.20383912324905396,0.4451097846031189,0.17423485219478607
YPR204W,YGL191W,0,0.3956884,0.2037460058927536,0.4451097846031189,0.17433486878871918
YLR381W,YAL058W,0,0.39526844,0.20365296304225922,0.4451097846031189,0.17443488538265228
YBR214W,YML001W,1,0.39498204,0.20401643216609955,0.44610777497291565,0.17443488538265228
YOR123C,YNL310C,0,0.3945164,0.20392335951328278,0.44610777497291565,0.1745349019765854
YJR010W,YMR161W,0,0.39364845,0.20383037626743317,0.44610777497291565,0.1746349334716797
YGL223C,YDR320C,0,0.39326882,0.20373746752738953,0.44610777497291565,0.1747349500656128
YJR125C,YGR062C,0,0.393147,0.20364464819431305,0.44610777497291565,0.1748349666595459
YMR267W,YOR360C,0,0.3931017,0.20355191826820374,0.44610777497291565,0.174934983253479
YMR300C,YDR476C,0,0.39280915,0.2034592628479004,0.44610777497291565,0.1750349998474121
YPL246C,YFL047W,0,0.39209664,0.2033666968345642,0.44610777497291565,0.1751350313425064
YNL209W,YGR286C,0,0.3916219,0.2032742202281952,0.44610777497291565,0.17523504793643951
YIR007W,YOR290C,0,0.39154422,0.20318181812763214,0.44610777497291565,0.17533506453037262
YJR001W,YDL108W,0,0.39141285,0.20308950543403625,0.44610777497291565,0.17543508112430573
YCR009C,YDL231C,1,0.3907053,0.20345140993595123,0.4471057951450348,0.17543508112430573
YDR170C,YDL045C,0,0.3906471,0.20335905253887177,0.4471057951450348,0.17553511261940002
YOL094C,YER017C,0,0.3899833,0.20326678454875946,0.4471057951450348,0.17563512921333313
YDR129C,YOR043W,1,0.38993043,0.20362812280654907,0.44810378551483154,0.17563512921333313
YPR185W,YER030W,0,0.3897351,0.20353581011295319,0.44810378551483154,0.17573514580726624
YMR121C,YDL144C,0,0.38930863,0.20344358682632446,0.44810378551483154,0.17583516240119934
YDR226W,YJR033C,0,0.38844615,0.2033514529466629,0.44810378551483154,0.17593519389629364
YDR478W,YOR347C,0,0.3881222,0.2032593935728073,0.44810378551483154,0.17603521049022675
YAL043C,YMR161W,0,0.38783175,0.20316742360591888,0.44810378551483154,0.17613522708415985
YOR205C,YNL160W,0,0.3873973,0.20307552814483643,0.44810378551483154,0.17623524367809296
YKR018C,YBL010C,0,0.38717055,0.20298372209072113,0.44810378551483154,0.17633526027202606
YNR040W,YGR092W,0,0.3869574,0.202892005443573,0.44810378551483154,0.17643529176712036
YJR019C,YLR433C,0,0.3862579,0.20280036330223083,0.44810378551483154,0.17653530836105347
YNR001C,YGR262C,0,0.38577563,0.20270881056785583,0.44810378551483154,0.17663532495498657
YDL147W,YDL008W,0,0.38575333,0.2026173323392868,0.44810378551483154,0.17673534154891968
YEL034W,YBR096W,0,0.3855459,0.20252592861652374,0.44810378551483154,0.17683537304401398
YPL200W,YPR107C,0,0.38534224,0.20243462920188904,0.44810378551483154,0.17693538963794708
YDR059C,YEL027W,1,0.38488328,0.20279404520988464,0.4491018056869507,0.17693538963794708
YOR336W,YHR017W,0,0.3847208,0.20270270109176636,0.4491018056869507,0.1770354062318802
YGL173C,YCR023C,0,0.38439918,0.20261143147945404,0.4491018056869507,0.1771354228258133
YDR211W,YAL017W,0,0.38379723,0.2025202512741089,0.4491018056869507,0.1772354543209076
YDL216C,YJL171C,0,0.38367665,0.2024291455745697,0.4491018056869507,0.1773354709148407
YOL006C,YMR250W,0,0.38343287,0.20233812928199768,0.4491018056869507,0.1774354875087738
YDR177W,YKL126W,1,0.38282663,0.20269663631916046,0.45009979605674744,0.1774354875087738
YOR187W,YDL141W,0,0.3824644,0.20260557532310486,0.45009979605674744,0.1775355041027069
YGL100W,YBL017C,0,0.38232648,0.20251458883285522,0.45009979605674744,0.17763552069664001
YPL202C,YPL065W,0,0.38218665,0.20242369174957275,0.45009979605674744,0.17773555219173431
YIL140W,YDL077C,0,0.38118815,0.20233288407325745,0.45009979605674744,0.17783556878566742
YNR050C,YPL228W,0,0.3805198,0.2022421509027481,0.45009979605674744,0.17793558537960052
YLL015W,YKR094C,0,0.3798235,0.20215150713920593,0.45009979605674744,0.17803560197353363
YKL144C,YDL021W,0,0.37886608,0.20206093788146973,0.45009979605674744,0.17813563346862793
YMR109W,YNL245C,0,0.3783003,0.2019704431295395,0.45009979605674744,0.17823565006256104
YGR261C,YOR368W,0,0.37785983,0.20188003778457642,0.45009979605674744,0.17833566665649414
YFR006W,YER162C,0,0.3768949,0.2017897069454193,0.45009979605674744,0.17843568325042725
YPL206C,YEL077C,0,0.37665498,0.20169946551322937,0.45009979605674744,0.17853569984436035
YDL142C,YDR527W,0,0.37607646,0.2016092985868454,0.45009979605674744,0.17863573133945465
YOR324C,YCR079W,0,0.3760509,0.2015192061662674,0.45009979605674744,0.17873574793338776
YLR154C,YBL078C,0,0.37600768,0.20142920315265656,0.45009979605674744,0.17883576452732086
YGR163W,YFL039C,0,0.37594914,0.20133928954601288,0.45009979605674744,0.17893578112125397
YOR141C,YKR066C,0,0.37593436,0.20124943554401398,0.45009979605674744,0.17903581261634827
YLR332W,YGR086C,0,0.37585402,0.20115968585014343,0.45009979605674744,0.17913582921028137
YAL042W,YGR008C,0,0.37572086,0.20106999576091766,0.45009979605674744,0.17923584580421448
YOR008C,YCR053W,1,0.37561095,0.20142602920532227,0.4510978162288666,0.17923584580421448
YBR234C,YKR094C,0,0.37552387,0.2013363093137741,0.4510978162288666,0.17933586239814758
YER001W,YIL115C,0,0.37521517,0.20124666392803192,0.4510978162288666,0.17943589389324188
YER013W,YJL153C,0,0.37464523,0.2011570930480957,0.4510978162288666,0.179535910487175
YNL082W,YPL190C,0,0.37435067,0.20106761157512665,0.4510978162288666,0.1796359270811081
YCL045C,YNR022C,0,0.3740118,0.20097821950912476,0.4510978162288666,0.1797359436750412
YKL213C,YLR371W,0,0.37397897,0.20088888704776764,0.4510978162288666,0.1798359602689743
YNL258C,YNL001W,0,0.37382406,0.20079964399337769,0.4510978162288666,0.1799359917640686
YKL129C,YBR059C,1,0.37342435,0.20115453004837036,0.45209580659866333,0.1799359917640686
YFR009W,YJL073W,0,0.3732723,0.20106524229049683,0.45209580659866333,0.1800360083580017
YBR281C,YML034W,0,0.37282228,0.20097604393959045,0.45209580659866333,0.18013602495193481
YCR079W,YDL077C,0,0.3725201,0.20088692009449005,0.45209580659866333,0.18023604154586792
YOL109W,YDR411C,0,0.3723917,0.20079787075519562,0.45209580659866333,0.18033607304096222
YPR033C,YDR349C,0,0.37222576,0.20070891082286835,0.45209580659866333,0.18043608963489532
YBR160W,YDL147W,0,0.37123227,0.20062001049518585,0.45209580659866333,0.18053610622882843
YBR207W,YBR059C,1,0.37080616,0.20097388327121735,0.45309382677078247,0.18053610622882843
YJL065C,YAL032C,0,0.37040514,0.20088495314121246,0.45309382677078247,0.18063612282276154
YCR066W,YHR174W,0,0.3697263,0.20079611241817474,0.45309382677078247,0.18073615431785583
YJL065C,YPR127W,0,0.36923027,0.2007073312997818,0.45309382677078247,0.18083617091178894
YOR356W,YKL173W,0,0.36904764,0.2006186544895172,0.45309382677078247,0.18093618750572205
YOR257W,YMR071C,0,0.3689028,0.2005300372838974,0.45309382677078247,0.18103620409965515
YDL231C,YGR086C,1,0.3687151,0.20088300108909607,0.4540918171405792,0.18103620409965515
YDR457W,YNL097C,0,0.3686757,0.20079435408115387,0.4540918171405792,0.18113622069358826
YKL171W,YMR088C,0,0.36848032,0.20070578157901764,0.4540918171405792,0.18123625218868256
YNL084C,YPR171W,1,0.36806285,0.20105819404125214,0.455089807510376,0.18123625218868256
YGR172C,YOR209C,0,0.36803716,0.20096959173679352,0.455089807510376,0.18133626878261566
YNL267W,YLR121C,0,0.3679514,0.20088106393814087,0.455089807510376,0.18143628537654877
YKL067W,YCR043C,0,0.36794472,0.200792595744133,0.455089807510376,0.18153630197048187
YJR098C,YHL034C,0,0.36792397,0.20070423185825348,0.455089807510376,0.18163633346557617
YAL026C,YAL030W,1,0.36775404,0.2010558694601059,0.4560878276824951,0.18163633346557617
YJR107W,YPL244C,0,0.3676918,0.2009674608707428,0.4560878276824951,0.18173635005950928
YIL171W,YGL244W,0,0.36755705,0.20087912678718567,0.4560878276824951,0.18183636665344238
YGR101W,YNR069C,0,0.36696124,0.2007908672094345,0.4560878276824951,0.1819363832473755
YHL009C,YPL103C,0,0.36688864,0.20070268213748932,0.4560878276824951,0.1820363998413086
YDR418W,YOR067C,0,0.36678368,0.2006145715713501,0.4560878276824951,0.1821364313364029
YIL050W,YFL041W,0,0.36663353,0.20052655041217804,0.4560878276824951,0.182236447930336
YPR171W,YGR167W,1,0.3665017,0.20087718963623047,0.45708581805229187,0.182236447930336
YDR264C,YNR075W,1,0.36630613,0.20122753083705902,0.458083838224411,0.182236447930336
YNL336W,YKL130C,0,0.36617392,0.20113934576511383,0.458083838224411,0.1823364645242691
YBL009W,YOR067C,0,0.36614943,0.2010512501001358,0.458083838224411,0.1824364811182022
YJR088C,YER090W,0,0.36577356,0.20096322894096375,0.458083838224411,0.1825365126132965
YGL234W,YJL004C,0,0.3651533,0.20087526738643646,0.458083838224411,0.18263652920722961
YNL020C,YHR001W,1,0.3644911,0.20122484862804413,0.45908182859420776,0.18263652920722961
YKL195W,YKL059C,0,0.364482,0.20113685727119446,0.45908182859420776,0.18273654580116272
YPR026W,YPL079W,0,0.36440647,0.20104895532131195,0.45908182859420776,0.18283656239509583
YJR134C,YJL137C,0,0.36438203,0.20096111297607422,0.45908182859420776,0.18293659389019012
YGR163W,YDL143W,0,0.36418706,0.20087336003780365,0.45908182859420776,0.18303661048412323
YFL047W,YNL322C,0,0.36412382,0.20078568160533905,0.45908182859420776,0.18313662707805634
YOL033W,YBL085W,0,0.36392093,0.20069807767868042,0.45908182859420776,0.18323664367198944
YKR003W,YHR135C,1,0.3638848,0.2010466605424881,0.4600798487663269,0.18323664367198944
YGL014W,YOR003W,0,0.36343986,0.20095902681350708,0.4600798487663269,0.18333666026592255
YGL047W,YNL172W,0,0.36273086,0.20087145268917084,0.4600798487663269,0.18343669176101685
YBL075C,YJL210W,0,0.36268193,0.20078396797180176,0.4600798487663269,0.18353670835494995
YOL140W,YBL078C,0,0.36222667,0.20069655776023865,0.4600798487663269,0.18363672494888306
YHR016C,YMR276W,0,0.3617339,0.2006092220544815,0.4600798487663269,0.18373674154281616
YOL072W,YGR258C,0,0.36140382,0.20052196085453033,0.4600798487663269,0.18383677303791046
YCL011C,YOR360C,0,0.36136693,0.20043478906154633,0.4600798487663269,0.18393678963184357
YNL314W,YPR108W,0,0.3611068,0.2003476768732071,0.4600798487663269,0.18403680622577667
YER141W,YFL037W,0,0.3604353,0.20026063919067383,0.4600798487663269,0.18413682281970978
YKL161C,YLL003W,0,0.36030024,0.20017369091510773,0.4600798487663269,0.18423685431480408
YHL047C,YOR229W,0,0.35936815,0.2000868022441864,0.4600798487663269,0.18433687090873718
YOR322C,YNL243W,1,0.35897833,0.20043383538722992,0.46107783913612366,0.18433687090873718
YIL109C,YGR128C,0,0.35873866,0.2003469169139862,0.46107783913612366,0.1844368875026703
YGL089C,YGR225W,0,0.35872936,0.20026007294654846,0.46107783913612366,0.1845369040966034
YCR033W,YDL025C,0,0.3581549,0.2001733034849167,0.46107783913612366,0.1846369206905365
YGL003C,YBR241C,0,0.35811538,0.20008662343025208,0.46107783913612366,0.1847369521856308
YER078C,YBL061C,0,0.35753793,0.20000000298023224,0.46107783913612366,0.1848369687795639
YAL012W,YDL065C,0,0.35749686,0.19991345703601837,0.46107783913612366,0.184936985373497
YNL058C,YNL049C,0,0.3572449,0.19982698559761047,0.46107783913612366,0.18503700196743011
YBL101C,YML001W,1,0.35712332,0.20017293095588684,0.4620758593082428,0.18503700196743011
YOL038W,YDR497C,0,0.35673964,0.20008642971515656,0.4620758593082428,0.18513703346252441
YER055C,YHR147C,0,0.35667062,0.20000000298023224,0.4620758593082428,0.18523705005645752
YGR089W,YLR064W,0,0.35585517,0.1999136507511139,0.4620758593082428,0.18533706665039062
YIR035C,YGR124W,0,0.35542876,0.19982735812664032,0.4620758593082428,0.18543708324432373
YHR079C,YIL140W,0,0.35540646,0.1997411549091339,0.4620758593082428,0.18553711473941803
YBL069W,YLR057W,0,0.35526872,0.19965502619743347,0.4620758593082428,0.18563713133335114
YKL012W,YOR076C,0,0.35463357,0.199568971991539,0.4620758593082428,0.18573714792728424
YGR128C,YJL187C,0,0.35453212,0.1994829773902893,0.4620758593082428,0.18583716452121735
YFR007W,YDR497C,0,0.35443205,0.19939707219600677,0.4620758593082428,0.18593718111515045
YPL181W,YDR117C,0,0.35367227,0.1993112415075302,0.4620758593082428,0.18603721261024475
YML130C,YLR332W,0,0.35365325,0.19922547042369843,0.4620758593082428,0.18613722920417786
YJR017C,YLR237W,0,0.35356545,0.1991397887468338,0.4620758593082428,0.18623724579811096
YPR165W,YMR289W,0,0.35350376,0.19905416667461395,0.4620758593082428,0.18633726239204407
YGL179C,YKR048C,0,0.35346258,0.19896863400936127,0.4620758593082428,0.18643729388713837
YHR188C,YKL139W,0,0.3534137,0.19888316094875336,0.4620758593082428,0.18653731048107147
YOR022C,YHR057C,0,0.35268295,0.19879776239395142,0.4620758593082428,0.18663732707500458
YPL096W,YNL256W,0,0.35232466,0.19871245324611664,0.4620758593082428,0.18673734366893768
YKL129C,YLR371W,1,0.3522694,0.19905619323253632,0.46307384967803955,0.18673734366893768
YPR032W,YJL140W,0,0.35106373,0.19897083938121796,0.46307384967803955,0.1868373602628708
YLR219W,YJR016C,0,0.35063696,0.19888556003570557,0.46307384967803955,0.1869373917579651
YDR251W,YNL050C,0,0.35019863,0.19880034029483795,0.46307384967803955,0.1870374083518982
YGR125W,YBR222C,0,0.3491797,0.1987152099609375,0.46307384967803955,0.1871374249458313
YER046W,YLR208W,0,0.34877962,0.19863013923168182,0.46307384967803955,0.1872374415397644
YJR031C,YOR297C,0,0.34861207,0.19854514300823212,0.46307384967803955,0.1873374730348587
YGL054C,YJL153C,0,0.34860492,0.19846022129058838,0.46307384967803955,0.1874374896287918
YPL032C,YEL002C,0,0.34849894,0.1983753740787506,0.46307384967803955,0.18753750622272491
YPR185W,YNR060W,0,0.34842753,0.1982906013727188,0.46307384967803955,0.18763752281665802
YDR229W,YDL040C,0,0.34816325,0.1982058882713318,0.46307384967803955,0.18773755431175232
YML085C,YJR086W,0,0.34786862,0.19812126457691193,0.46307384967803955,0.18783757090568542
YML009C,YBR019C,0,0.3471809,0.19803670048713684,0.46307384967803955,0.18793758749961853
YNL122C,YOL054W,0,0.34656394,0.19795222580432892,0.46307384967803955,0.18803760409355164
YKL171W,YPL066W,0,0.3464595,0.19786781072616577,0.46307384967803955,0.18813762068748474
YDR155C,YDR022C,0,0.34619582,0.1977834552526474,0.46307384967803955,0.18823765218257904
YIL041W,YHR073W,1,0.34529662,0.19812527298927307,0.4640718698501587,0.18823765218257904
YDR093W,YHR001W,1,0.3452807,0.19846677780151367,0.46506986021995544,0.18823765218257904
YOL117W,YHL040C,0,0.34500045,0.19838228821754456,0.46506986021995544,0.18833766877651215
YGR071C,YPL147W,0,0.3444025,0.1982978731393814,0.46506986021995544,0.18843768537044525
YBL093C,YIR023W,0,0.34434468,0.19821353256702423,0.46506986021995544,0.18853770196437836
YGR198W,YAL030W,1,0.34080976,0.19855442643165588,0.4660678505897522,0.18853770196437836
YDL192W,YDR058C,0,0.34026873,0.19847004115581512,0.4660678505897522,0.18863773345947266
YOL155C,YOL088C,0,0.3402403,0.19838573038578033,0.4660678505897522,0.18873775005340576
YPL268W,YML043C,0,0.34023076,0.19830147922039032,0.4660678505897522,0.18883776664733887
YJL171C,YGL044C,0,0.34014708,0.19821731746196747,0.4660678505897522,0.18893778324127197
YBR074W,YDR364C,0,0.34010917,0.1981332153081894,0.4660678505897522,0.18903781473636627
YLR342W,YML052W,1,0.33987176,0.19847328960895538,0.46706587076187134,0.18903781473636627
YDR457W,YLR327C,0,0.3391739,0.19838914275169373,0.46706587076187134,0.18913783133029938
YGL022W,YEL041W,0,0.3391391,0.19830508530139923,0.46706587076187134,0.18923784792423248
YLR371W,YGR086C,1,0.338786,0.19864463806152344,0.4680638611316681,0.18923784792423248
YDL164C,YNL177C,0,0.33818573,0.19856053590774536,0.4680638611316681,0.1893378645181656
YOR323C,YKR080W,0,0.33723253,0.19847650825977325,0.4680638611316681,0.1894378811120987
YFR031C,YDR443C,0,0.33487666,0.19839255511760712,0.4680638611316681,0.189537912607193
YOR080W,YNL102W,0,0.3347032,0.19830866158008575,0.4680638611316681,0.1896379292011261
YJR078W,YAL023C,0,0.33468938,0.19822485744953156,0.4680638611316681,0.1897379457950592
YER013W,YNL259C,0,0.33458924,0.19814111292362213,0.4680638611316681,0.1898379623889923
YKL203C,YAL030W,1,0.33458,0.19847972691059113,0.46906188130378723,0.1898379623889923
YNL326C,YHR060W,0,0.33450758,0.19839595258235931,0.46906188130378723,0.1899379938840866
YCR011C,YLR424W,0,0.33415973,0.19831223785877228,0.46906188130378723,0.19003801047801971
YNL032W,YGL181W,1,0.333807,0.19865036010742188,0.470059871673584,0.19003801047801971
YER125W,YNL032W,1,0.33370847,0.1989881992340088,0.4710578918457031,0.19003801047801971
YPL072W,YJR161C,0,0.3336019,0.19890433549880981,0.4710578918457031,0.19013802707195282
YJL073W,YOL103W,0,0.33353943,0.198820561170578,0.4710578918457031,0.19023804366588593
YMR186W,YGL172W,0,0.3329478,0.19873684644699097,0.4710578918457031,0.19033806025981903
YHR184W,YMR160W,0,0.33275753,0.1986531913280487,0.4710578918457031,0.19043809175491333
YPR171W,YOR089C,1,0.33252507,0.1989903301000595,0.4720558822154999,0.19043809175491333
YBR207W,YDL019C,1,0.33247894,0.19932717084884644,0.473053902387619,0.19043809175491333
YIR006C,YPL145C,1,0.33244878,0.19966372847557068,0.47405189275741577,0.19043809175491333
YIR014W,YCL055W,0,0.33230436,0.19957983493804932,0.47405189275741577,0.19053810834884644
YOL072W,YIL114C,0,0.3315375,0.19949601590633392,0.47405189275741577,0.19063812494277954
YPL009C,YOL018C,0,0.33118486,0.1994122564792633,0.47405189275741577,0.19073814153671265
YJL073W,YPL228W,0,0.3305084,0.19932857155799866,0.47405189275741577,0.19083817303180695
YGL209W,YNL087W,0,0.3303396,0.19924496114253998,0.47405189275741577,0.19093818962574005
YDR313C,YLL062C,0,0.33019853,0.19916142523288727,0.47405189275741577,0.19103820621967316
YDR331W,YHR057C,0,0.32997352,0.19907794892787933,0.47405189275741577,0.19113822281360626
YPL059W,YJL097W,0,0.32981163,0.19899454712867737,0.47405189275741577,0.19123825430870056
YLR337C,YCR053W,1,0.32976294,0.19932998716831207,0.4750499129295349,0.19123825430870056
YNL106C,YIL027C,0,0.32961106,0.19924654066562653,0.4750499129295349,0.19133827090263367
YIR006C,YBR059C,1,0.32918227,0.1995815932750702,0.47604790329933167,0.19133827090263367
YDR477W,YOR131C,0,0.32839334,0.19949811697006226,0.47604790329933167,0.19143828749656677
YGR278W,YDR477W,0,0.3282277,0.1994147151708603,0.47604790329933167,0.19153830409049988
YOR028C,YDL059C,0,0.32705897,0.1993313878774643,0.47604790329933167,0.19163832068443298
YOR256C,YNL256W,0,0.32689703,0.19924812018871307,0.47604790329933167,0.19173835217952728
YAL005C,YGR185C,0,0.32650638,0.19916492700576782,0.47604790329933167,0.1918383687734604
YKL035W,YHR002W,0,0.32637036,0.19908180832862854,0.47604790329933167,0.1919383853673935
YKL210W,YMR026C,0,0.3263098,0.19899874925613403,0.47604790329933167,0.1920384019613266
YOR155C,YFL022C,0,0.32627726,0.1989157646894455,0.47604790329933167,0.1921384334564209
YBL041W,YHR099W,0,0.32576817,0.19883283972740173,0.47604790329933167,0.192238450050354
YLL023C,YGR047C,0,0.32543564,0.19875000417232513,0.47604790329933167,0.1923384666442871
YMR288W,YLR270W,0,0.32428235,0.1986672282218933,0.47604790329933167,0.19243848323822021
YKL090W,YGR238C,0,0.32403266,0.19858451187610626,0.47604790329933167,0.19253851473331451
YFR046C,YPR107C,0,0.32386947,0.19850187003612518,0.47604790329933167,0.19263853132724762
YNL021W,YIL162W,0,0.32386315,0.19841930270195007,0.47604790329933167,0.19273854792118073
YLR043C,YBL010C,0,0.32286692,0.19833679497241974,0.47604790329933167,0.19283856451511383
YLR371W,YDR093W,1,0.3227539,0.19866998493671417,0.4770458936691284,0.19283856451511383
YER002W,YDL222C,0,0.32258737,0.19858744740486145,0.4770458936691284,0.19293858110904694
YIL076W,YIL006W,0,0.322582,0.1985049843788147,0.4770458936691284,0.19303861260414124
YKR066C,YCR033W,0,0.3222583,0.19842258095741272,0.4770458936691284,0.19313862919807434
YNL084C,YIL095W,1,0.32214135,0.1987551897764206,0.47804391384124756,0.19313862919807434
YNL037C,YMR089C,0,0.3220876,0.19867275655269623,0.47804391384124756,0.19323864579200745
YGR222W,YBL050W,0,0.32138908,0.19859038293361664,0.47804391384124756,0.19333866238594055
YHR152W,YIL049W,0,0.32135493,0.19850808382034302,0.47804391384124756,0.19343869388103485
YHR129C,YDL095W,0,0.32115245,0.19842584431171417,0.47804391384124756,0.19353871047496796
YJL137C,YAR014C,0,0.32050717,0.1983436793088913,0.47804391384124756,0.19363872706890106
YDR017C,YFR042W,0,0.32038635,0.1982615888118744,0.47804391384124756,0.19373874366283417
YIL124W,YOL071W,0,0.3203249,0.19817955791950226,0.47804391384124756,0.19383877515792847
YOR143C,YPL002C,0,0.32012898,0.1980976015329361,0.47804391384124756,0.19393879175186157
YEL055C,YDR294C,0,0.32000327,0.1980157047510147,0.47804391384124756,0.19403880834579468
YER174C,YDL008W,0,0.31994826,0.1979338824748993,0.47804391384124756,0.19413882493972778
YOR373W,YNL003C,0,0.319592,0.19785211980342865,0.47804391384124756,0.1942388415336609
YKR061W,YGR192C,0,0.3195184,0.19777043163776398,0.47804391384124756,0.1943388730287552
YDR456W,YMR012W,0,0.31803805,0.19768881797790527,0.47804391384124756,0.1944388896226883
YDL147W,YER042W,0,0.31803375,0.19760726392269135,0.47804391384124756,0.1945389062166214
YDR523C,YLR026C,0,0.31803274,0.1975257694721222,0.47804391384124756,0.1946389228105545
YNL159C,YJL010C,0,0.31800234,0.197444349527359,0.47804391384124756,0.1947389543056488
YBR081C,YLL015W,0,0.31781417,0.1973630040884018,0.47804391384124756,0.1948389708995819
YHR063C,YLR038C,0,0.3172623,0.19728171825408936,0.47804391384124756,0.19493898749351501
YDL225W,YBR008C,0,0.3172031,0.1972004920244217,0.47804391384124756,0.19503900408744812
YMR054W,YOL070C,0,0.31705302,0.19711934030056,0.47804391384124756,0.19513902068138123
YBR072W,YDR518W,0,0.31648344,0.19703826308250427,0.47804391384124756,0.19523905217647552
YBR068C,YGR169C,0,0.31594568,0.19695723056793213,0.47804391384124756,0.19533906877040863
YGR223C,YGR072W,0,0.3155071,0.19687628746032715,0.47804391384124756,0.19543908536434174
YNL112W,YPL195W,0,0.31542832,0.19679540395736694,0.47804391384124756,0.19553910195827484
YNL015W,YNL169C,0,0.31412107,0.1967145800590515,0.47804391384124756,0.19563913345336914
YJL073W,YGL190C,0,0.31408423,0.19663383066654205,0.47804391384124756,0.19573915004730225
YCL052C,YDR081C,0,0.31400663,0.19655314087867737,0.47804391384124756,0.19583916664123535
YLR342W,YPR165W,1,0.31393027,0.1968826949596405,0.4790419042110443,0.19583916664123535
YNL297C,YJL008C,0,0.31383282,0.19680197536945343,0.4790419042110443,0.19593918323516846
YBL057C,YBL091C-A,0,0.31377763,0.19672131538391113,0.4790419042110443,0.19603921473026276
YML005W,YOR124C,0,0.31366336,0.1966407150030136,0.4790419042110443,0.19613923132419586
YCR094W,YAR042W,1,0.3134644,0.19696970283985138,0.48003992438316345,0.19613923132419586
YBR109C,YPL145C,1,0.3130523,0.19729840755462646,0.4810379147529602,0.19613923132419586
YJR017C,YIL072W,0,0.31298,0.1972176730632782,0.4810379147529602,0.19623924791812897
YJR056C,YDR229W,0,0.31290108,0.1971370130777359,0.4810379147529602,0.19633926451206207
YOL100W,YGL241W,0,0.3128131,0.19705641269683838,0.4810379147529602,0.19643928110599518
YDR358W,YNL009W,0,0.3127222,0.19697588682174683,0.4810379147529602,0.19653931260108948
YKR003W,YAL030W,1,0.31254184,0.1973039209842682,0.48203593492507935,0.19653931260108948
YNL032W,YLR371W,1,0.3122548,0.19763168692588806,0.4830339252948761,0.19653931260108948
YDL222C,YGR288W,0,0.31204253,0.19755102694034576,0.4830339252948761,0.19663932919502258
YOL111C,YKL189W,0,0.31130427,0.19747042655944824,0.4830339252948761,0.1967393457889557
YBR207W,YER125W,1,0.31129903,0.1977977156639099,0.48403194546699524,0.1967393457889557
YAL026C,YOR043W,1,0.3112827,0.1981247514486313,0.485029935836792,0.1967393457889557
YHR188C,YCR048W,0,0.3108657,0.19804401695728302,0.485029935836792,0.1968393623828888
YGL035C,YJL099W,0,0.310781,0.19796334207057953,0.485029935836792,0.1969393938779831
YDL103C,YDL207W,0,0.31072694,0.197882741689682,0.485029935836792,0.1970394104719162
YLR386W,YMR100W,0,0.31033355,0.19780220091342926,0.485029935836792,0.1971394270658493
YBR173C,YKL021C,0,0.31014073,0.1977217197418213,0.485029935836792,0.1972394436597824
YFL048C,YOL070C,0,0.30977654,0.1976413130760193,0.485029935836792,0.1973394751548767
YMR171C,YOR122C,0,0.30943298,0.19756098091602325,0.485029935836792,0.19743949174880981
YPL274W,YDR211W,0,0.30933875,0.1974806934595108,0.485029935836792,0.19753950834274292
YBR037C,YLR100W,0,0.3087288,0.19740048050880432,0.485029935836792,0.19763952493667603
YGR227W,YJL073W,0,0.3085372,0.1973203420639038,0.485029935836792,0.19773954153060913
YGR172C,YAR002C-A,0,0.30838007,0.19724026322364807,0.485029935836792,0.19783957302570343
YBL103C,YHR045W,0,0.30835104,0.1971602439880371,0.485029935836792,0.19793958961963654
YNL230C,YIL063C,0,0.3079939,0.19708029925823212,0.485029935836792,0.19803960621356964
YKR002W,YBR073W,0,0.30784607,0.1970003992319107,0.485029935836792,0.19813962280750275
YPL048W,YKL195W,0,0.30767143,0.19692058861255646,0.485029935836792,0.19823965430259705
YDR093W,YOR322C,1,0.3069504,0.19724585115909576,0.48602795600891113,0.19823965430259705
YNL335W,YJL048C,0,0.30669677,0.19716599583625793,0.48602795600891113,0.19833967089653015
YML085C,YLL022C,0,0.30644774,0.19708620011806488,0.48602795600891113,0.19843968749046326
YCR098C,YML005W,0,0.30634648,0.1970064789056778,0.48602795600891113,0.19853970408439636
YFL018C,YGL050W,0,0.3061908,0.1969268023967743,0.48602795600891113,0.19863972067832947
YER185W,YLR080W,0,0.30618852,0.19684721529483795,0.48602795600891113,0.19873975217342377
YBL093C,YGR023W,0,0.305695,0.1967676728963852,0.48602795600891113,0.19883976876735687
YOL066C,YPL003W,0,0.30518222,0.1966882050037384,0.48602795600891113,0.19893978536128998
YGL208W,YOR144C,0,0.3044896,0.1966087967157364,0.48602795600891113,0.19903980195522308
YGL169W,YCL047C,0,0.3042634,0.19652946293354034,0.48602795600891113,0.19913983345031738
YML025C,YPL103C,0,0.30315024,0.19645018875598907,0.48602795600891113,0.1992398500442505
YPR026W,YHR067W,0,0.30309212,0.19637097418308258,0.48602795600891113,0.1993398666381836
YOR125C,YKR101W,0,0.30272043,0.19629181921482086,0.48602795600891113,0.1994398832321167
YHR045W,YER046W,0,0.30204034,0.1962127387523651,0.48602795600891113,0.199539914727211
YOR085W,YHR107C,0,0.30198902,0.19613370299339294,0.48602795600891113,0.1996399313211441
YLR262C,YAR035W,0,0.30163962,0.19605475664138794,0.48602795600891113,0.1997399479150772
YHR039C,YKL209C,0,0.30150384,0.19597585499286652,0.48602795600891113,0.19983996450901031
YNL159C,YKR103W,0,0.3014077,0.19589702785015106,0.48602795600891113,0.19993998110294342
YJL130C,YGL225W,0,0.30120045,0.19581826031208038,0.48602795600891113,0.20004001259803772
YGL174W,YDL120W,0,0.30112255,0.19573955237865448,0.48602795600891113,0.20014002919197083
YGL191W,YML077W,0,0.30101413,0.19566090404987335,0.48602795600891113,0.20024004578590393
YML078W,YLR309C,0,0.3006605,0.1955823302268982,0.48602795600891113,0.20034006237983704
YER054C,YJR086W,0,0.30055523,0.1955038160085678,0.48602795600891113,0.20044009387493134
YAL026C,YGL206C,1,0.30051863,0.19582664966583252,0.4870259463787079,0.20044009387493134
YKL091C,YOL090W,0,0.3001641,0.19574809074401855,0.4870259463787079,0.20054011046886444
YGR177C,YPL017C,0,0.30009633,0.19566960632801056,0.4870259463787079,0.20064012706279755
YDL127W,YPL266W,0,0.29891837,0.19559118151664734,0.4870259463787079,0.20074014365673065
YLR272C,YCL038C,0,0.29832953,0.1955128163099289,0.4870259463787079,0.20084017515182495
YBR280C,YJL047C,0,0.29804736,0.19543452560901642,0.4870259463787079,0.20094019174575806
YDR456W,YCR057C,0,0.29769623,0.19535627961158752,0.4870259463787079,0.20104020833969116
YMR311C,YLR057W,0,0.29648268,0.1952781081199646,0.4870259463787079,0.20114022493362427
YDR182W,YDL214C,0,0.29637676,0.19519999623298645,0.4870259463787079,0.20124024152755737
YHR135C,YML052W,1,0.29617137,0.1955217868089676,0.488023966550827,0.20124024152755737
YGR281W,YPL181W,0,0.2960813,0.19544364511966705,0.488023966550827,0.20134027302265167
YDR541C,YOR057W,0,0.29599446,0.1953655630350113,0.488023966550827,0.20144028961658478
YIR035C,YML014W,0,0.29566514,0.1952875405550003,0.488023966550827,0.20154030621051788
YHR209W,YIL128W,0,0.2953843,0.1952095776796341,0.488023966550827,0.201640322804451
YOR317W,YDL188C,0,0.29518938,0.19513168931007385,0.488023966550827,0.2017403542995453
YIL138C,YKL163W,0,0.29515624,0.1950538456439972,0.488023966550827,0.2018403708934784
YCL008C,YJR127C,0,0.29504085,0.1949760764837265,0.488023966550827,0.2019403874874115
YLR399C,YDL231C,0,0.2946142,0.19489836692810059,0.488023966550827,0.2020404040813446
YKR008W,YDR194C,0,0.29415697,0.19482071697711945,0.488023966550827,0.2021404206752777
YBL067C,YIL160C,0,0.2936386,0.19474312663078308,0.488023966550827,0.202240452170372
YDR462W,YLR246W,0,0.2933634,0.19466561079025269,0.488023966550827,0.20234046876430511
YDR036C,YOL103W,0,0.29334456,0.19458813965320587,0.488023966550827,0.20244048535823822
YGR167W,YBR278W,0,0.2933252,0.19451074302196503,0.488023966550827,0.20254050195217133
YER125W,YNR035C,1,0.29326022,0.1948310136795044,0.4890219569206238,0.20254050195217133
YDR490C,YOR008C,1,0.29324043,0.19515103101730347,0.49001994729042053,0.20254050195217133
YOL151W,YMR094W,0,0.29317868,0.19507350027561188,0.49001994729042053,0.20264053344726562
YDL214C,YOL082W,0,0.2927888,0.19499602913856506,0.49001994729042053,0.20274055004119873
YBR020W,YDL104C,0,0.29272377,0.19491861760616302,0.49001994729042053,0.20284056663513184
YOR245C,YBL076C,0,0.2923358,0.19484126567840576,0.49001994729042053,0.20294058322906494
YDL007W,YFL053W,0,0.29212493,0.19476398825645447,0.49001994729042053,0.20304061472415924
YFL018C,YGR276C,0,0.29193705,0.19468675553798676,0.49001994729042053,0.20314063131809235
YDR129C,YGL206C,1,0.2918691,0.19500593841075897,0.4910179674625397,0.20314063131809235
YHL019C,YMR188C,0,0.29156733,0.19492869079113007,0.4910179674625397,0.20324064791202545
YGL059W,YJR017C,0,0.29127324,0.19485148787498474,0.4910179674625397,0.20334066450595856
YDR362C,YPL057C,0,0.29117602,0.1947743445634842,0.4910179674625397,0.20344068109989166
YHR181W,YGR200C,0,0.2908911,0.1946972757577896,0.4910179674625397,0.20354071259498596
YIL042C,YGR058W,0,0.29081225,0.1946202516555786,0.4910179674625397,0.20364072918891907
YHR191C,YNL117W,0,0.29058892,0.19454330205917358,0.4910179674625397,0.20374074578285217
YPL218W,YDR461W,0,0.28954917,0.19446639716625214,0.4910179674625397,0.20384076237678528
YBR132C,YNL064C,0,0.28953874,0.19438956677913666,0.4910179674625397,0.20394079387187958
YDL192W,YAR031W,0,0.2886992,0.19431279599666595,0.4910179674625397,0.20404081046581268
YKL022C,YKL152C,0,0.2883948,0.19423608481884003,0.4910179674625397,0.2041408270597458
YER073W,YHR101C,0,0.28839362,0.19415943324565887,0.4910179674625397,0.2042408436536789
YLR145W,YNL088W,0,0.28804708,0.1940828412771225,0.4910179674625397,0.2043408751487732
YGR063C,YJR064W,0,0.28794658,0.1940063089132309,0.4910179674625397,0.2044408917427063
YLR342W,YPL103C,0,0.28683877,0.19392983615398407,0.4910179674625397,0.2045409083366394
YPL032C,YER166W,1,0.2868266,0.19424743950366974,0.4920159578323364,0.2045409083366394
YIR006C,YAL030W,1,0.28645372,0.1945647895336151,0.49301397800445557,0.2045409083366394
YDR285W,YGL150C,0,0.2860937,0.19448818266391754,0.49301397800445557,0.2046409249305725
YDR508C,YGL234W,0,0.2857893,0.19441165030002594,0.49301397800445557,0.20474094152450562
YKL017C,YPR113W,0,0.2857834,0.19433516263961792,0.49301397800445557,0.20484097301959991
YDR191W,YMR150C,0,0.2853474,0.19425874948501587,0.49301397800445557,0.20494098961353302
YHR065C,YDR214W,0,0.2850886,0.1941823959350586,0.49301397800445557,0.20504100620746613
YPL015C,YKL055C,0,0.28500432,0.1941060870885849,0.49301397800445557,0.20514102280139923
YOR216C,YJL030W,0,0.28479803,0.19402985274791718,0.49301397800445557,0.20524105429649353
YFL022C,YNL097C,0,0.28444278,0.19395367801189423,0.49301397800445557,0.20534107089042664
YGL122C,YER046W,0,0.2843811,0.19387754797935486,0.49301397800445557,0.20544108748435974
YGL148W,YPL154C,0,0.28433746,0.19380149245262146,0.49301397800445557,0.20554110407829285
YOR209C,YGR012W,0,0.2841611,0.19372549653053284,0.49301397800445557,0.20564113557338715
YGR271W,YOR128C,0,0.28411907,0.1936495453119278,0.49301397800445557,0.20574115216732025
YNL093W,YBR059C,1,0.283966,0.19396552443504333,0.4940119683742523,0.20574115216732025
YLR337C,YDL231C,1,0.28395867,0.19428123533725739,0.49500998854637146,0.20574115216732025
YBR006W,YLR027C,0,0.28394526,0.1942051649093628,0.49500998854637146,0.20584116876125336
YGL084C,YGR255C,0,0.28365964,0.19412915408611298,0.49500998854637146,0.20594118535518646
YPL019C,YDR419W,0,0.283602,0.19405320286750793,0.49500998854637146,0.20604120194911957
YPR080W,YDR143C,0,0.2834466,0.19397731125354767,0.49500998854637146,0.20614123344421387
YGR163W,YPL110C,0,0.28337234,0.19390147924423218,0.49500998854637146,0.20624125003814697
YGL206C,YBL101C,1,0.28272927,0.19421648979187012,0.4960079789161682,0.20624125003814697
YDR288W,YKL096W-A,0,0.2822668,0.19414062798023224,0.4960079789161682,0.20634126663208008
YBR074W,YJR056C,0,0.28166062,0.19406482577323914,0.4960079789161682,0.20644128322601318
YNR001C,YLR440C,0,0.28150934,0.19398906826972961,0.4960079789161682,0.20654131472110748
YMR135C,YCL066W,0,0.28147358,0.19391338527202606,0.4960079789161682,0.2066413313150406
YER166W,YOR089C,1,0.28076422,0.19422776997089386,0.49700599908828735,0.2066413313150406
YNR036C,YLR099C,0,0.28036076,0.19415204226970673,0.49700599908828735,0.2067413479089737
YDR310C,YMR271C,0,0.28033984,0.19407638907432556,0.49700599908828735,0.2068413645029068
YLR312W-A,YGL130W,0,0.27999806,0.19400078058242798,0.49700599908828735,0.2069413810968399
YOL060C,YDR283C,0,0.27997065,0.19392523169517517,0.49700599908828735,0.2070414125919342
YLL055W,YMR188C,0,0.2797901,0.19384974241256714,0.49700599908828735,0.2071414291858673
YCR009C,YER166W,1,0.27951998,0.19416342675685883,0.4980039894580841,0.2071414291858673
YNL177C,YPR182W,0,0.27922338,0.1940879076719284,0.4980039894580841,0.20724144577980042
YBL004W,YDR238C,0,0.27897674,0.19401244819164276,0.4980039894580841,0.20734146237373352
YML001W,YHR073W,1,0.2786665,0.19432568550109863,0.49900200963020325,0.20734146237373352
YLR450W,YER175C,0,0.27792126,0.1942501962184906,0.49900200963020325,0.20744149386882782
YIL067C,YLR077W,0,0.277905,0.19417475163936615,0.49900200963020325,0.20754151046276093
YCR004C,YJR098C,0,0.2776916,0.19409938156604767,0.49900200963020325,0.20764152705669403
YOL104C,YLR160C,0,0.27760595,0.19402405619621277,0.49900200963020325,0.20774154365062714
YBL055C,YJL225C,0,0.27741128,0.19394879043102264,0.49900200963020325,0.20784157514572144
YMR199W,YDL198C,0,0.2770213,0.1938735991716385,0.49900200963020325,0.20794159173965454
YLR130C,YPL106C,0,0.2763083,0.19379845261573792,0.49900200963020325,0.20804160833358765
YMR223W,YDL206W,0,0.27614397,0.19372336566448212,0.49900200963020325,0.20814162492752075
YPL029W,YDL008W,0,0.27605164,0.1936483383178711,0.49900200963020325,0.20824164152145386
YIL051C,YGL051W,0,0.27596605,0.19357337057590485,0.49900200963020325,0.20834167301654816
YDR400W,YAL001C,0,0.2755329,0.19349844753742218,0.49900200963020325,0.20844168961048126
YML110C,YOL165C,0,0.2753502,0.19342359900474548,0.49900200963020325,0.20854170620441437
YGL256W,YKL208W,0,0.27530986,0.19334879517555237,0.49900200963020325,0.20864172279834747
YKL085W,YLR272C,0,0.27480155,0.19327406585216522,0.49900200963020325,0.20874175429344177
YDL142C,YFR037C,0,0.27476972,0.19319938123226166,0.49900200963020325,0.20884177088737488
YIR033W,YOR149C,0,0.2746241,0.19312475621700287,0.49900200963020325,0.20894178748130798
YER185W,YNR007C,0,0.27415043,0.19305019080638885,0.49900200963020325,0.2090418040752411
YOR043W,YNL154C,1,0.27363586,0.19336163997650146,0.5,0.2090418040752411
YDR013W,YBR036C,0,0.27341157,0.19328702986240387,0.5,0.2091418355703354
YOR033C,YBL105C,0,0.2729233,0.19321249425411224,0.5,0.2092418521642685
YLR305C,YPL151C,0,0.27241755,0.1931380033493042,0.5,0.2093418687582016
YBR207W,YHR114W,1,0.2722078,0.19344894587993622,0.5009980201721191,0.2093418687582016
YCR027C,YOR375C,0,0.272017,0.1933744251728058,0.5009980201721191,0.2094418853521347
YNR075W,YJR125C,1,0.27193946,0.19368502497673035,0.5019959807395935,0.2094418853521347
YJL081C,YKL085W,0,0.27193433,0.19361047446727753,0.5019959807395935,0.2095419019460678
YDR373W,YGL013C,0,0.27191693,0.1935359686613083,0.5019959807395935,0.2096419334411621
YIL171W,YER012W,0,0.271815,0.19346153736114502,0.5019959807395935,0.20974195003509521
YLR206W,YKL129C,1,0.27177322,0.193771630525589,0.5029940009117126,0.20974195003509521
YDR197W,YNL160W,0,0.27164364,0.19369715452194214,0.5029940009117126,0.20984196662902832
YER160C,YGR284C,0,0.27124006,0.19362273812294006,0.5029940009117126,0.20994198322296143
YAL061W,YDR221W,0,0.27113295,0.19354838132858276,0.5029940009117126,0.21004201471805573
YIR010W,YDR530C,0,0.27080375,0.19347408413887024,0.5029940009117126,0.21014203131198883
YJR078W,YBR082C,0,0.27066594,0.1933998465538025,0.5029940009117126,0.21024204790592194
YLL040C,YDR013W,0,0.27065182,0.19332566857337952,0.5029940009117126,0.21034206449985504
YDL021W,YOR077W,0,0.27035064,0.19325153529644012,0.5029940009117126,0.21044208109378815
YER185W,YIR007W,0,0.2702577,0.1931774616241455,0.5029940009117126,0.21054211258888245
YJR055W,YPL167C,0,0.27019435,0.19310344755649567,0.5029940009117126,0.21064212918281555
YDR107C,YIR011C,0,0.26926017,0.1930294930934906,0.5029940009117126,0.21074214577674866
YNL082W,YIL040W,0,0.26908594,0.19295558333396912,0.5029940009117126,0.21084216237068176
YLR071C,YLR136C,0,0.26878434,0.1928817480802536,0.5029940009117126,0.21094219386577606
YHR143W,YPL002C,0,0.26848215,0.19280795753002167,0.5029940009117126,0.21104221045970917
YGR059W,YDR416W,0,0.2682343,0.1927342265844345,0.5029940009117126,0.21114222705364227
YML066C,YBR221C,0,0.26810956,0.19266055524349213,0.5029940009117126,0.21124224364757538
YBL076C,YGL166W,0,0.26789534,0.19258692860603333,0.5029940009117126,0.21134227514266968
YDR378C,YDR247W,0,0.2671951,0.1925133615732193,0.5029940009117126,0.21144229173660278
YHR019C,YPR029C,0,0.26687127,0.19243986904621124,0.5029940009117126,0.2115423083305359
YDR072C,YMR100W,0,0.26662344,0.19236640632152557,0.5029940009117126,0.211642324924469
YDR490C,YBL101C,1,0.26630855,0.19267454743385315,0.5039920210838318,0.211642324924469
YNR056C,YMR044W,0,0.26568586,0.1926010698080063,0.5039920210838318,0.2117423415184021
YOR142W,YDR043C,0,0.26556897,0.192527636885643,0.5039920210838318,0.2118423730134964
YIL021W,YPL103C,0,0.26542723,0.1924542635679245,0.5039920210838318,0.2119423896074295
YBL064C,YAL024C,0,0.26517367,0.19238094985485077,0.5039920210838318,0.2120424062013626
YEL013W,YPR049C,0,0.26504958,0.19230769574642181,0.5039920210838318,0.21214242279529572
YER119C,YBR167C,0,0.2648781,0.19223448634147644,0.5039920210838318,0.21224245429039001
YJR158W,YNL254C,0,0.26446885,0.19216133654117584,0.5039920210838318,0.21234247088432312
YLR272C,YDL188C,0,0.26396298,0.19208824634552002,0.5039920210838318,0.21244248747825623
YDL059C,YBR001C,0,0.2637807,0.19201521575450897,0.5039920210838318,0.21254250407218933
YER172C,YDR043C,0,0.26362175,0.1919422298669815,0.5039920210838318,0.21264253556728363
YGL013C,YPL232W,0,0.2628531,0.19186930358409882,0.5039920210838318,0.21274255216121674
YHR135C,YER166W,1,0.2628507,0.1921762228012085,0.5049900412559509,0.21274255216121674
YDL006W,YNL312W,0,0.2626304,0.19210326671600342,0.5049900412559509,0.21284256875514984
YDR508C,YDR006C,0,0.26247203,0.19203035533428192,0.5049900412559509,0.21294258534908295
YDR499W,YOL082W,0,0.26246142,0.1919575184583664,0.5049900412559509,0.21304260194301605
YOR043W,YHR143W,0,0.26236314,0.19188471138477325,0.5049900412559509,0.21314263343811035
YDR476C,YCL047C,0,0.2620694,0.19181197881698608,0.5049900412559509,0.21324265003204346
YOR256C,YLR191W,0,0.2616307,0.1917392909526825,0.5049900412559509,0.21334266662597656
YGR023W,YMR267W,0,0.2615602,0.19166666269302368,0.5049900412559509,0.21344268321990967
YKR003W,YBR059C,1,0.2612124,0.1919727325439453,0.5059880018234253,0.21344268321990967
YJL207C,YDL095W,0,0.2606302,0.1919000744819641,0.5059880018234253,0.21354271471500397
YOR181W,YFL039C,1,0.25976318,0.19220583140850067,0.5069860219955444,0.21354271471500397
YMR079W,YPL256C,0,0.2597497,0.1921331286430359,0.5069860219955444,0.21364273130893707
YGL022W,YER133W,0,0.25974536,0.19206048548221588,0.5069860219955444,0.21374274790287018
YDR211W,YPR029C,0,0.2594496,0.19198790192604065,0.5069860219955444,0.21384276449680328
YPL084W,YGR023W,0,0.25925583,0.1919153779745102,0.5069860219955444,0.21394279599189758
YOR215C,YOL103W,0,0.25908452,0.19184289872646332,0.5069860219955444,0.2140428125858307
YPL088W,YJL085W,0,0.25879538,0.19177047908306122,0.5069860219955444,0.2141428291797638
YOR149C,YGR191W,0,0.25854486,0.1916981190443039,0.5069860219955444,0.2142428457736969
YDR522C,YJR104C,0,0.25846756,0.19162580370903015,0.5069860219955444,0.21434286236763
YMR281W,YOR224C,0,0.2583813,0.19155354797840118,0.5069860219955444,0.2144428938627243
YLR106C,YJR065C,0,0.25835907,0.1914813369512558,0.5069860219955444,0.2145429104566574
YPL196W,YNL273W,0,0.25759792,0.19140920042991638,0.5069860219955444,0.21464292705059052
YAL053W,YOR171C,0,0.25739604,0.19133709371089935,0.5069860219955444,0.21474294364452362
YOR323C,YIR036C,0,0.2573775,0.1912650614976883,0.5069860219955444,0.21484297513961792
YPL042C,YOL072W,0,0.25734425,0.19119307398796082,0.5069860219955444,0.21494299173355103
YDR490C,YOR109W,1,0.2573402,0.19149737060070038,0.5079840421676636,0.21494299173355103
YLL023C,YNL153C,0,0.2572627,0.1914253532886505,0.5079840421676636,0.21504300832748413
YGL216W,YDR337W,0,0.25621003,0.19135338068008423,0.5079840421676636,0.21514302492141724
YCL034W,YCR053W,1,0.2558186,0.19165727496147156,0.5089820623397827,0.21514302492141724
YDR402C,YDR477W,0,0.25575703,0.19158527255058289,0.5089820623397827,0.21524304151535034
YPL060W,YLR160C,0,0.25546557,0.191513329744339,0.5089820623397827,0.21534307301044464
YDR207C,YGR067C,0,0.25460303,0.19144144654273987,0.5089820623397827,0.21544308960437775
YKR028W,YJL141C,0,0.25413257,0.19136960804462433,0.5089820623397827,0.21554310619831085
YJR007W,YAL031C,0,0.25401932,0.19129782915115356,0.5089820623397827,0.21564312279224396
YIL048W,YHR016C,1,0.253985,0.19160105288028717,0.5099800229072571,0.21564312279224396
YNL147W,YOR070C,0,0.25393486,0.19152922928333282,0.5099800229072571,0.21574315428733826
YBR150C,YBR132C,0,0.25368196,0.19145748019218445,0.5099800229072571,0.21584317088127136
YHL009C,YML091C,0,0.2534625,0.19138576090335846,0.5099800229072571,0.21594318747520447
YOR123C,YCR048W,0,0.25338668,0.19131411612033844,0.5099800229072571,0.21604320406913757
YNL112W,YCL038C,0,0.2531957,0.191242516040802,0.5099800229072571,0.21614323556423187
YJR103W,YGL079W,0,0.25280702,0.19117097556591034,0.5099800229072571,0.21624325215816498
YPL091W,YDL033C,0,0.25265712,0.19109947979450226,0.5099800229072571,0.21634326875209808
YJR155W,YAL010C,0,0.25261098,0.19102804362773895,0.5099800229072571,0.2164432853460312
YCL043C,YFR021W,0,0.25214446,0.19095665216445923,0.5099800229072571,0.2165433019399643
YGL020C,YGR171C,0,0.25157958,0.19088532030582428,0.5099800229072571,0.2166433334350586
YPL032C,YDL019C,1,0.25112104,0.19118745625019073,0.5109780430793762,0.2166433334350586
YGR076C,YDL070W,0,0.24968265,0.1911160945892334,0.5109780430793762,0.2167433500289917
YNL032W,YAL030W,1,0.24915211,0.19141791760921478,0.5119760632514954,0.2167433500289917
YBR036C,YBR022W,0,0.2490332,0.19134651124477386,0.5119760632514954,0.2168433666229248
YJL002C,YJR137C,0,0.24877347,0.19127516448497772,0.5119760632514954,0.2169433832168579
YER044C,YGR112W,0,0.24844767,0.19120387732982635,0.5119760632514954,0.2170434147119522
YCR004C,YNR069C,0,0.24795513,0.19113263487815857,0.5119760632514954,0.21714343130588531
YNL281W,YBR156C,0,0.24785893,0.19106145203113556,0.5119760632514954,0.21724344789981842
YDR332W,YHR176W,0,0.2475823,0.19099031388759613,0.5119760632514954,0.21734346449375153
YLR034C,YNL012W,0,0.24745126,0.19091923534870148,0.5119760632514954,0.21744349598884583
YPL241C,YOR362C,0,0.24744768,0.1908482164144516,0.5119760632514954,0.21754351258277893
YHR135C,YBL101C,1,0.24633996,0.19114913046360016,0.5129740238189697,0.21754351258277893
YNL039W,YDR486C,0,0.24631451,0.1910780668258667,0.5129740238189697,0.21764352917671204
YEL038W,YCL057W,0,0.24582504,0.19100706279277802,0.5129740238189697,0.21774354577064514
YDR096W,YJL149W,0,0.24562703,0.1909361034631729,0.5129740238189697,0.21784356236457825
YCR094W,YGR198W,1,0.24467237,0.19123654067516327,0.5139720439910889,0.21784356236457825
YDR266C,YGR221C,0,0.24427997,0.19116555154323578,0.5139720439910889,0.21794359385967255
YML065W,YEL047C,0,0.24403448,0.19109462201595306,0.5139720439910889,0.21804361045360565
YOR181W,YKL126W,1,0.2439609,0.1913946568965912,0.514970064163208,0.21804361045360565
YKL095W,YLR246W,0,0.24393182,0.19132369756698608,0.514970064163208,0.21814362704753876
YDL019C,YIL129C,0,0.24384187,0.19125278294086456,0.514970064163208,0.21824364364147186
YLR136C,YOR196C,0,0.24377073,0.19118191301822662,0.514970064163208,0.21834367513656616
YLR145W,YER094C,0,0.24319197,0.19111111760139465,0.514970064163208,0.21844369173049927
YAL026C,YCL034W,1,0.24299364,0.1914105862379074,0.5159680843353271,0.21844369173049927
YDR400W,YDR097C,0,0.24299075,0.19133974611759186,0.5159680843353271,0.21854370832443237
YDR378C,YOL165C,0,0.24283715,0.19126896560192108,0.5159680843353271,0.21864372491836548
YER118C,YJR139C,0,0.24277015,0.1911982297897339,0.5159680843353271,0.21874374151229858
YER096W,YOL064C,0,0.24275057,0.19112753868103027,0.5159680843353271,0.21884377300739288
YLR309C,YJR004C,0,0.24257492,0.19105690717697144,0.5159680843353271,0.218943789601326
YNL314W,YGR218W,0,0.24204867,0.19098633527755737,0.5159680843353271,0.2190438061952591
YMR164C,YOL054W,0,0.24200182,0.1909158080816269,0.5159680843353271,0.2191438227891922
YGR240C,YPR042C,0,0.24182956,0.19084532558918,0.5159680843353271,0.2192438542842865
YDR032C,YGL026C,0,0.24163581,0.19077490270137787,0.5159680843353271,0.2193438708782196
YHL040C,YLR186W,0,0.24134152,0.19070453941822052,0.5159680843353271,0.2194438874721527
YOR181W,YOR008C,1,0.2411447,0.1910029500722885,0.5169660449028015,0.2194438874721527
YMR112C,YHR028C,0,0.240696,0.19093254208564758,0.5169660449028015,0.21954390406608582
YER078C,YGL068W,0,0.24067546,0.19086219370365143,0.5169660449028015,0.21964393556118011
YMR288W,YBR286W,0,0.24063532,0.19079189002513885,0.5169660449028015,0.21974395215511322
YOR327C,YNL154C,1,0.23905106,0.19108983874320984,0.5179640650749207,0.21974395215511322
YHR077C,YMR044W,0,0.23904924,0.19101950526237488,0.5179640650749207,0.21984396874904633
YPR072W,YNL339C,0,0.23903768,0.1909492313861847,0.5179640650749207,0.21994398534297943
YFR005C,YER011W,0,0.23885928,0.1908790022134781,0.5179640650749207,0.22004400193691254
YDL146W,YOR368W,0,0.23846976,0.19080881774425507,0.5179640650749207,0.22014403343200684
YDR487C,YDR267C,0,0.23828165,0.19073869287967682,0.5179640650749207,0.22024405002593994
YBR068C,YNL308C,0,0.2380056,0.19066862761974335,0.5179640650749207,0.22034406661987305
YJR082C,YOL058W,0,0.2379698,0.19059860706329346,0.5179640650749207,0.22044408321380615
YLL040C,YGR096W,0,0.23748748,0.19052863121032715,0.5179640650749207,0.22054411470890045
YNR035C,YPR036W,0,0.23679624,0.19045871496200562,0.5179640650749207,0.22064413130283356
YLR038C,YLR446W,0,0.2367901,0.19038884341716766,0.5179640650749207,0.22074414789676666
YDR457W,YCR028C-A,0,0.23664318,0.1903190314769745,0.5179640650749207,0.22084416449069977
YBR230C,YDL024C,0,0.2365856,0.1902492642402649,0.5179640650749207,0.22094419598579407
YNL092W,YCR042C,0,0.23640595,0.19017955660820007,0.5179640650749207,0.22104421257972717
YOR246C,YMR079W,0,0.23626556,0.19010989367961884,0.5179640650749207,0.22114422917366028
YDR096W,YLR100W,0,0.23585264,0.19004027545452118,0.5179640650749207,0.22124424576759338
YJL144W,YOR125C,0,0.23579614,0.1899707168340683,0.5179640650749207,0.2213442623615265
YBL075C,YDL180W,0,0.23578389,0.189901202917099,0.5179640650749207,0.2214442938566208
YKR002W,YDR054C,0,0.2356488,0.18983174860477448,0.5179640650749207,0.2215443104505539
YKL017C,YAL054C,0,0.23504032,0.18976233899593353,0.5179640650749207,0.221644327044487
YDL229W,YLR182W,0,0.23500519,0.18969298899173737,0.5179640650749207,0.2217443436384201
YOR085W,YDR511W,0,0.23444341,0.1896236687898636,0.5179640650749207,0.2218443751335144
YOR176W,YBR223C,0,0.23436801,0.18955442309379578,0.5179640650749207,0.2219443917274475
YDR240C,YAL044C,0,0.23415737,0.18948520720005035,0.5179640650749207,0.22204440832138062
YCR102C,YDR307W,0,0.23399769,0.1894160658121109,0.5179640650749207,0.22214442491531372
YDR490C,YDR264C,1,0.2338339,0.1897117793560028,0.5189620852470398,0.22214442491531372
YOL016C,YPL227C,0,0.23361726,0.18964259326457977,0.5189620852470398,0.22224444150924683
YDL217C,YMR202W,0,0.23357122,0.1895734667778015,0.5189620852470398,0.22234447300434113
YOR382W,YDR076W,0,0.23267512,0.18950437009334564,0.5189620852470398,0.22244448959827423
YHR044C,YPL236C,0,0.23200087,0.18943533301353455,0.5189620852470398,0.22254450619220734
YCR030C,YOR322C,0,0.23195796,0.18936635553836823,0.5189620852470398,0.22264452278614044
YPR163C,YBR126C,0,0.23139463,0.18929742276668549,0.5189620852470398,0.22274455428123474
YOL075C,YKL163W,0,0.23128064,0.18922853469848633,0.5189620852470398,0.22284457087516785
YDL188C,YDR349C,0,0.2311558,0.18915969133377075,0.5189620852470398,0.22294458746910095
YMR023C,YGR189C,0,0.23086415,0.18909090757369995,0.5189620852470398,0.22304460406303406
YEL020C,YJL129C,0,0.23076706,0.18902216851711273,0.5189620852470398,0.22314463555812836
YDR046C,YBL003C,0,0.23037474,0.1889534890651703,0.5189620852470398,0.22324465215206146
YFR018C,YDL120W,0,0.2300149,0.18888485431671143,0.5189620852470398,0.22334466874599457
YPR140W,YER039C,0,0.22940125,0.18881626427173615,0.5189620852470398,0.22344468533992767
YML071C,YLR119W,0,0.22927962,0.18874773383140564,0.5189620852470398,0.22354470193386078
YER166W,YKL203C,1,0.22887747,0.1890420913696289,0.5199601054191589,0.22354470193386078
YOR362C,YNL302C,0,0.22879665,0.18897351622581482,0.5199601054191589,0.22364473342895508
YBL020W,YIL034C,0,0.22841363,0.1889050006866455,0.5199601054191589,0.22374475002288818
YBR302C,YDL028C,0,0.2276781,0.18883652985095978,0.5199601054191589,0.2238447666168213
YDR216W,YHR057C,0,0.22710167,0.18876811861991882,0.5199601054191589,0.2239447832107544
YPR031W,YDL206W,0,0.2267075,0.18869975209236145,0.5199601054191589,0.2240448147058487
YLR394W,YPL088W,0,0.22651194,0.18863143026828766,0.5199601054191589,0.2241448312997818
YPR022C,YNL117W,0,0.22587757,0.18856315314769745,0.5199601054191589,0.2242448478937149
YBR041W,YAR015W,0,0.22570877,0.18849493563175201,0.5199601054191589,0.224344864487648
YKL144C,YGR192C,0,0.22502719,0.18842676281929016,0.5199601054191589,0.2244448959827423
YLR272C,YDL185W,0,0.2250248,0.1883586347103119,0.5199601054191589,0.22454491257667542
YBR006W,YLR208W,0,0.22453456,0.1882905662059784,0.5199601054191589,0.22464492917060852
YNL101W,YNL088W,0,0.22418718,0.18822254240512848,0.5199601054191589,0.22474494576454163
YOR181W,YGR167W,1,0.22404371,0.18851570785045624,0.5209580659866333,0.22474494576454163
YBR001C,YBL068W,0,0.22382759,0.18844765424728394,0.5209580659866333,0.22484496235847473
YNL259C,YGR186W,0,0.22349457,0.18837964534759521,0.5209580659866333,0.22494499385356903
YMR068W,YKL148C,0,0.22306918,0.18831168115139008,0.5209580659866333,0.22504501044750214
YBR183W,YJL090C,0,0.22286512,0.1882437765598297,0.5209580659866333,0.22514502704143524
YPR023C,YKR059W,0,0.22270192,0.18817591667175293,0.5209580659866333,0.22524504363536835
YML014W,YJL192C,0,0.22265153,0.18810810148715973,0.5209580659866333,0.22534507513046265
YCR043C,YPL270W,0,0.2225077,0.1880403459072113,0.5209580659866333,0.22544509172439575
YNL325C,YGL083W,0,0.2222908,0.18797263503074646,0.5209580659866333,0.22554510831832886
YJL116C,YDR067C,0,0.22195314,0.1879049688577652,0.5209580659866333,0.22564512491226196
YNL258C,YJL063C,0,0.22147466,0.18783734738826752,0.5209580659866333,0.22574515640735626
YCR068W,YBL046W,0,0.22134934,0.1877697855234146,0.5209580659866333,0.22584517300128937
YAL008W,YHR174W,0,0.22133486,0.1877022683620453,0.5209580659866333,0.22594518959522247
YKL113C,YPR028W,0,0.22107063,0.18763479590415955,0.5209580659866333,0.22604520618915558
YOR174W,YMR287C,0,0.22078456,0.18756736814975739,0.5209580659866333,0.22614522278308868
YPL082C,YBR223C,0,0.22037633,0.1875,0.5209580659866333,0.22624525427818298
YMR218C,YLR467W,0,0.22034036,0.1874326765537262,0.5209580659866333,0.2263452708721161
YLL038C,YAR042W,1,0.21933915,0.18772433698177338,0.5219560861587524,0.2263452708721161
YDL137W,YEL022W,0,0.21901838,0.18765698373317719,0.5219560861587524,0.2264452874660492
YJL123C,YAL032C,0,0.21890615,0.18758967518806458,0.5219560861587524,0.2265453040599823
YGR251W,YBL016W,0,0.21850167,0.18752241134643555,0.5219560861587524,0.2266453355550766
YMR199W,YMR247C,0,0.21844392,0.1874551922082901,0.5219560861587524,0.2267453521490097
YER045C,YMR145C,0,0.2183222,0.18738803267478943,0.5219560861587524,0.2268453687429428
YER161C,YGR249W,0,0.21828209,0.18732091784477234,0.5219560861587524,0.22694538533687592
YPL163C,YML024W,0,0.21785931,0.18725384771823883,0.5219560861587524,0.22704540193080902
YOR190W,YGL254W,0,0.21733268,0.1871868222951889,0.5219560861587524,0.22714543342590332
YNL257C,YHR134W,0,0.21725412,0.18711985647678375,0.5219560861587524,0.22724545001983643
YGR075C,YCL027W,0,0.21708561,0.18705293536186218,0.5219560861587524,0.22734546661376953
YER169W,YGR140W,0,0.21638386,0.1869860589504242,0.5219560861587524,0.22744548320770264
YJL074C,YNL131W,0,0.21633254,0.1869192272424698,0.5219560861587524,0.22754551470279694
YGL051W,YOR291W,0,0.21631767,0.18685244023799896,0.5219560861587524,0.22764553129673004
YNL020C,YPL145C,1,0.21583273,0.18714286386966705,0.5229541063308716,0.22764553129673004
YLR301W,YLR289W,0,0.21565713,0.18707604706287384,0.5229541063308716,0.22774554789066315
YDL207W,YMR145C,0,0.21531056,0.1870092749595642,0.5229541063308716,0.22784556448459625
YNL079C,YML049C,0,0.21524744,0.18694256246089935,0.5229541063308716,0.22794559597969055
YOR067C,YIR038C,0,0.21517794,0.18687589466571808,0.5229541063308716,0.22804561257362366
YEL013W,YMR283C,0,0.21501051,0.18680927157402039,0.5229541063308716,0.22814562916755676
YPL218W,YNR051C,0,0.21483074,0.18674269318580627,0.5229541063308716,0.22824564576148987
YJL093C,YPL055C,0,0.21464913,0.18667615950107574,0.5229541063308716,0.22834566235542297
YLR386W,YNL305C,0,0.21446241,0.18660968542099,0.5229541063308716,0.22844569385051727
YBR123C,YBR072W,0,0.21441178,0.18654325604438782,0.5229541063308716,0.22854571044445038
YCL033C,YBR291C,0,0.21397056,0.18647687137126923,0.5229541063308716,0.22864572703838348
YDR171W,YGR251W,0,0.21392615,0.18641053140163422,0.5229541063308716,0.2287457436323166
YHR123W,YMR078C,0,0.21370302,0.1863442361354828,0.5229541063308716,0.2288457751274109
YLR274W,YOR389W,0,0.21358375,0.18627800047397614,0.5229541063308716,0.228945791721344
YPR041W,YBL091C-A,0,0.21357475,0.18621179461479187,0.5229541063308716,0.2290458083152771
YDR402C,YER088C,0,0.2133965,0.18614564836025238,0.5229541063308716,0.2291458249092102
YDL064W,YLR132C,0,0.2132736,0.18607954680919647,0.5229541063308716,0.2292458564043045
YOR327C,YOR181W,1,0.21222346,0.18636848032474518,0.523952066898346,0.2292458564043045
YOR034C,YJR125C,1,0.21193199,0.18665720522403717,0.5249500870704651,0.2292458564043045
YCR094W,YGR241C,1,0.21172045,0.18694572150707245,0.5259481072425842,0.2292458564043045
YAL058W,YIL121W,0,0.21160589,0.18687942624092102,0.5259481072425842,0.2293458729982376
YJL114W,YBL105C,0,0.21130385,0.18681319057941437,0.5259481072425842,0.22944588959217072
YBL097W,YGL084C,0,0.2111011,0.1867469847202301,0.5259481072425842,0.22954590618610382
YOL043C,YMR058W,0,0.21109353,0.1866808384656906,0.5259481072425842,0.22964592278003693
YDR416W,YIL157C,0,0.21102266,0.1866147369146347,0.5259481072425842,0.22974595427513123
YHR161C,YER166W,1,0.21052478,0.18690265715122223,0.5269461274147034,0.22974595427513123
YMR106C,YBL075C,0,0.21037452,0.18683651089668274,0.5269461274147034,0.22984597086906433
YGR184C,YNL316C,0,0.210326,0.18677042424678802,0.5269461274147034,0.22994598746299744
YKL168C,YLR300W,0,0.21004169,0.1867043823003769,0.5269461274147034,0.23004600405693054
YPL087W,YLL015W,0,0.20961346,0.18663838505744934,0.5269461274147034,0.23014603555202484
YGL229C,YPR124W,0,0.20914714,0.18657243251800537,0.5269461274147034,0.23024605214595795
YDL132W,YMR319C,0,0.20899637,0.18650653958320618,0.5269461274147034,0.23034606873989105
YPL069C,YDL066W,0,0.20881377,0.18644067645072937,0.5269461274147034,0.23044608533382416
YKL010C,YJL095W,0,0.20851044,0.18637487292289734,0.5269461274147034,0.23054610192775726
YOR288C,YDR170C,0,0.2083387,0.1863090991973877,0.5269461274147034,0.23064613342285156
YOL117W,YKL015W,0,0.20822667,0.18624338507652283,0.5269461274147034,0.23074615001678467
YLR332W,YMR204C,0,0.20782314,0.18617771565914154,0.5269461274147034,0.23084616661071777
YGR070W,YKL143W,0,0.20769136,0.18611209094524384,0.5269461274147034,0.23094618320465088
YLR381W,YEL002C,0,0.20733099,0.1860465109348297,0.5269461274147034,0.23104621469974518
YLR164W,YBL105C,0,0.20696221,0.18598097562789917,0.5269461274147034,0.23114623129367828
YGL051W,YGR092W,0,0.20686011,0.1859154999256134,0.5269461274147034,0.2312462478876114
YKL041W,YGL040C,0,0.20672084,0.18585005402565002,0.5269461274147034,0.2313462644815445
YDL195W,YOR085W,0,0.20669033,0.18578465282917023,0.5269461274147034,0.2314462959766388
YLR450W,YKL003C,0,0.20663525,0.1857193112373352,0.5269461274147034,0.2315463125705719
YBL058W,YJL225C,0,0.20639466,0.18565401434898376,0.5269461274147034,0.231646329164505
YGL206C,YOR089C,1,0.20632257,0.18594025075435638,0.5279440879821777,0.231646329164505
YBR087W,YNL220W,0,0.20617716,0.18587490916252136,0.5279440879821777,0.2317463457584381
YPR043W,YDL101C,0,0.20565791,0.18580962717533112,0.5279440879821777,0.23184636235237122
YDR358W,YPL024W,0,0.20546465,0.18574437499046326,0.5279440879821777,0.23194639384746552
YBR253W,YGL010W,0,0.20538501,0.18567918241024017,0.5279440879821777,0.23204641044139862
YNL135C,YMR008C,0,0.2041937,0.18561403453350067,0.5279440879821777,0.23214642703533173
YAR010C,YMR071C,0,0.20392002,0.18554893136024475,0.5279440879821777,0.23224644362926483
YBR207W,YNL020C,1,0.2037635,0.18583449721336365,0.5289421081542969,0.23224644362926483
YGR275W,YER095W,0,0.20354818,0.18576936423778534,0.5289421081542969,0.23234647512435913
YCR023C,YER095W,0,0.20350085,0.1857042759656906,0.5289421081542969,0.23244649171829224
YPR171W,YOR237W,1,0.20335631,0.18598949909210205,0.529940128326416,0.23244649171829224
YGL077C,YNR013C,0,0.20324467,0.18592436611652374,0.529940128326416,0.23254650831222534
YBR145W,YGL180W,0,0.20244543,0.1858592927455902,0.529940128326416,0.23264652490615845
YDR067C,YKR009C,0,0.20210667,0.18579426407814026,0.529940128326416,0.23274655640125275
YIL031W,YMR008C,0,0.20166938,0.1857292801141739,0.529940128326416,0.23284657299518585
YGL014W,YJR033C,0,0.20134716,0.1856643408536911,0.529940128326416,0.23294658958911896
YDL132W,YOR326W,0,0.20082249,0.1855994462966919,0.529940128326416,0.23304660618305206
YHR019C,YKL112W,0,0.20059334,0.18553459644317627,0.529940128326416,0.23314662277698517
YDR001C,YPR191W,0,0.20034997,0.18546979129314423,0.529940128326416,0.23324665427207947
YDR236C,YDR297W,0,0.2003028,0.18540503084659576,0.529940128326416,0.23334667086601257
YLL002W,YJR015W,0,0.20013858,0.18534031510353088,0.529940128326416,0.23344668745994568
YHR051W,YER087W,0,0.19971345,0.18527564406394958,0.529940128326416,0.23354670405387878
YGR037C,YLR226W,0,0.19899116,0.18521101772785187,0.529940128326416,0.23364673554897308
YOL090W,YLL033W,0,0.19836698,0.18514643609523773,0.529940128326416,0.2337467521429062
YNL293W,YIL177C,0,0.1977681,0.18508191406726837,0.529940128326416,0.2338467687368393
YDL080C,YDR082W,0,0.19697095,0.1850174218416214,0.529940128326416,0.2339467853307724
YDL020C,YDL200C,0,0.19644646,0.184952974319458,0.529940128326416,0.2340468019247055
YPL163C,YLR106C,0,0.19633381,0.1848885864019394,0.529940128326416,0.2341468334197998
YGR167W,YLR337C,1,0.19607602,0.18517228960990906,0.5309381484985352,0.2341468334197998
YMR109W,YKL129C,1,0.19606133,0.1854558140039444,0.5319361090660095,0.2341468334197998
YPL181W,YMR099C,0,0.19605474,0.18539130687713623,0.5319361090660095,0.2342468500137329
YNR027W,YDR536W,0,0.1950473,0.18532684445381165,0.5319361090660095,0.23434686660766602
YBR074W,YLL003W,0,0.19475566,0.18526242673397064,0.5319361090660095,0.23444688320159912
YFR046C,YOL075C,0,0.1945257,0.18519805371761322,0.5319361090660095,0.23454691469669342
YER012W,YOL145C,0,0.19443773,0.18513372540473938,0.5319361090660095,0.23464693129062653
YKL164C,YAL054C,0,0.1943916,0.18506944179534912,0.5319361090660095,0.23474694788455963
YOR056C,YKL035W,0,0.1941952,0.18500520288944244,0.5319361090660095,0.23484696447849274
YDR164C,YLR210W,0,0.19410501,0.18494100868701935,0.5319361090660095,0.23494699597358704
YLR309C,YER069W,0,0.19365983,0.18487685918807983,0.5319361090660095,0.23504701256752014
YPR185W,YGR076C,0,0.19353528,0.1848127543926239,0.5319361090660095,0.23514702916145325
YPL246C,YGR109C,0,0.19331588,0.18474869430065155,0.5319361090660095,0.23524704575538635
YLR332W,YNL304W,0,0.19327252,0.18468467891216278,0.5319361090660095,0.23534706234931946
YGL062W,YGR157W,0,0.1930965,0.1846207082271576,0.5319361090660095,0.23544709384441376
YNL053W,YGL051W,0,0.19304083,0.184556782245636,0.5319361090660095,0.23554711043834686
YGL250W,YOL146W,0,0.19255231,0.18449290096759796,0.5319361090660095,0.23564712703227997
YKR014C,YER125W,1,0.19237895,0.18477508425712585,0.5329341292381287,0.23564712703227997
YMR130W,YBR213W,0,0.19202904,0.18471117317676544,0.5329341292381287,0.23574714362621307
YDR229W,YPL160W,0,0.19143744,0.1846473067998886,0.5329341292381287,0.23584717512130737
YHR119W,YHR207C,0,0.19108109,0.18458347022533417,0.5329341292381287,0.23594719171524048
YBL021C,YJR059W,0,0.19067107,0.1845196932554245,0.5329341292381287,0.23604720830917358
YJL092W,YLR371W,0,0.1904908,0.1844559609889984,0.5329341292381287,0.2361472249031067
YEL064C,YHR067W,0,0.1904627,0.18439225852489471,0.5329341292381287,0.236247256398201
YIL157C,YBR097W,0,0.18979351,0.1843286156654358,0.5329341292381287,0.2363472729921341
YML012W,YPL144W,0,0.18974005,0.18426501750946045,0.5329341292381287,0.2364472895860672
YDL159W,YNL087W,0,0.1890785,0.1842014491558075,0.5329341292381287,0.2365473061800003
YPL023C,YNL079C,0,0.18890874,0.18413792550563812,0.5329341292381287,0.2366473227739334
YKL129C,YOR109W,1,0.18866049,0.1844191700220108,0.5339321494102478,0.2366473227739334
YCR028C,YML104C,0,0.18860258,0.18435561656951904,0.5339321494102478,0.2367473542690277
YJR057W,YKL216W,0,0.18840878,0.18429210782051086,0.5339321494102478,0.23684737086296082
YAL029C,YMR036C,0,0.18785815,0.18422864377498627,0.5339321494102478,0.23694738745689392
YBL026W,YLR151C,0,0.18781705,0.18416523933410645,0.5339321494102478,0.23704740405082703
YDR369C,YGL130W,0,0.18774195,0.184101864695549,0.5339321494102478,0.23714743554592133
YOL019W,YOL101C,0,0.18612166,0.18403853476047516,0.5339321494102478,0.23724745213985443
YHL009C,YCR097W,0,0.18611161,0.1839752346277237,0.5339321494102478,0.23734746873378754
YDL195W,YEL022W,0,0.18583067,0.183911994099617,0.5339321494102478,0.23744748532772064
YJR151C,YMR321C,0,0.18569861,0.1838487982749939,0.5339321494102478,0.23754751682281494
YGL237C,YNR002C,0,0.1856563,0.18378564715385437,0.5339321494102478,0.23764753341674805
YJR149W,YLL003W,0,0.18565403,0.18372252583503723,0.5339321494102478,0.23774755001068115
YOR194C,YNL268W,0,0.1844066,0.18365946412086487,0.5339321494102478,0.23784756660461426
YER003C,YNR013C,0,0.18410812,0.1835964322090149,0.5339321494102478,0.23794758319854736
YPL032C,YMR109W,1,0.1836669,0.18387649953365326,0.5349301099777222,0.23794758319854736
YGL236C,YOR115C,0,0.18292837,0.1838134378194809,0.5349301099777222,0.23804761469364166
YNL311C,YHR102W,0,0.18278189,0.1837504357099533,0.5349301099777222,0.23814763128757477
YPL048W,YML029W,0,0.18210976,0.1836874634027481,0.5349301099777222,0.23824764788150787
YCR092C,YDR194C,0,0.18192367,0.1836245357990265,0.5349301099777222,0.23834766447544098
YGL229C,YOL090W,0,0.18185924,0.18356163799762726,0.5349301099777222,0.23844769597053528
YDL103C,YNL225C,0,0.18172787,0.1834987998008728,0.5349301099777222,0.23854771256446838
YMR289W,YGL244W,0,0.18048044,0.18343600630760193,0.5349301099777222,0.2386477291584015
YKL179C,YFL034C-B,0,0.1803901,0.18337324261665344,0.5349301099777222,0.2387477457523346
YKL042W,YLR410W,0,0.17963125,0.18331053853034973,0.5349301099777222,0.2388477623462677
YBR236C,YHR082C,0,0.179406,0.1832478642463684,0.5349301099777222,0.238947793841362
YNL230C,YER151C,0,0.17921369,0.18318523466587067,0.5349301099777222,0.2390478104352951
YKL096W,YIL142W,0,0.17910759,0.1831226497888565,0.5349301099777222,0.2391478270292282
YMR134W,YLR100W,0,0.17857544,0.18306010961532593,0.5349301099777222,0.23924784362316132
YJR064W,YNL079C,0,0.17854424,0.18299761414527893,0.5349301099777222,0.23934787511825562
YPL194W,YHR200W,0,0.17809893,0.18293514847755432,0.5349301099777222,0.23944789171218872
YNL283C,YDL225W,0,0.17802604,0.1828727424144745,0.5349301099777222,0.23954790830612183
YPL249C,YGR061C,0,0.1778843,0.18281036615371704,0.5349301099777222,0.23964792490005493
YPL032C,YOR109W,1,0.17720343,0.1830889880657196,0.5359281301498413,0.23964792490005493
YKR008W,YDL077C,0,0.17716931,0.18302658200263977,0.5359281301498413,0.23974795639514923
YFL024C,YPR152C,0,0.17704819,0.18296422064304352,0.5359281301498413,0.23984797298908234
YPL177C,YDR393W,0,0.17703198,0.18290190398693085,0.5359281301498413,0.23994798958301544
YNL037C,YER091C,0,0.17691891,0.18283963203430176,0.5359281301498413,0.24004800617694855
YEL060C,YEL036C,0,0.1765498,0.18277740478515625,0.5359281301498413,0.24014802277088165
YLL038C,YBL047C,1,0.17641239,0.18305546045303345,0.5369261503219604,0.24014802277088165
YJR137C,YMR088C,0,0.17597066,0.18299320340156555,0.5369261503219604,0.24024805426597595
YLR268W,YJL158C,0,0.17596956,0.18293097615242004,0.5369261503219604,0.24034807085990906
YOR391C,YDL161W,0,0.17577933,0.18286879360675812,0.5369261503219604,0.24044808745384216
YIL047C,YLR099C,0,0.17574172,0.18280665576457977,0.5369261503219604,0.24054810404777527
YDR534C,YJL042W,0,0.17522685,0.182744562625885,0.5369261503219604,0.24064813554286957
YER147C,YDL047W,0,0.17499314,0.18268251419067383,0.5369261503219604,0.24074815213680267
YLR307W,YPR166C,0,0.17476965,0.18262049555778503,0.5369261503219604,0.24084816873073578
YMR227C,YFR007W,0,0.17453508,0.18255853652954102,0.5369261503219604,0.24094818532466888
YPL123C,YNL147W,0,0.17449589,0.18249660730361938,0.5369261503219604,0.24104821681976318
YKR097W,YGR192C,0,0.1744741,0.18243472278118134,0.5369261503219604,0.2411482334136963
YGL047W,YLR182W,0,0.17439799,0.18237288296222687,0.5369261503219604,0.2412482500076294
YGR074W,YDR077W,0,0.17436747,0.18231108784675598,0.5369261503219604,0.2413482666015625
YMR163C,YOR076C,0,0.17405312,0.18224932253360748,0.5369261503219604,0.2414482831954956
YOR367W,YKL167C,0,0.1739911,0.18218760192394257,0.5369261503219604,0.2415483146905899
YDR497C,YMR079W,0,0.1730616,0.18212592601776123,0.5369261503219604,0.241648331284523
YLR077W,YCR024C-A,0,0.1717621,0.18206429481506348,0.5369261503219604,0.24174834787845612
YOR142W,YNL169C,0,0.17156927,0.1820027083158493,0.5369261503219604,0.24184836447238922
YIL088C,YMR210W,0,0.17130701,0.18194115161895752,0.5369261503219604,0.24194839596748352
YLR056W,YGL181W,1,0.17130367,0.18221771717071533,0.5379241704940796,0.24194839596748352
YAL009W,YBR160W,0,0.1709532,0.18215613067150116,0.5379241704940796,0.24204841256141663
YDR400W,YHR039C-A,0,0.17090623,0.18209458887577057,0.5379241704940796,0.24214842915534973
YFL034C-B,YNL220W,0,0.17035712,0.18203309178352356,0.5379241704940796,0.24224844574928284
YIL084C,YOR230W,0,0.17014648,0.18197163939476013,0.5379241704940796,0.24234846234321594
YJL170C,YLR272C,0,0.16999923,0.18191023170948029,0.5379241704940796,0.24244849383831024
YNL020C,YNR075W,1,0.16985445,0.18218623101711273,0.538922131061554,0.24244849383831024
YCR102C,YCR068W,0,0.1696624,0.1821247935295105,0.538922131061554,0.24254851043224335
YGL153W,YOR171C,0,0.16945677,0.18206338584423065,0.538922131061554,0.24264852702617645
YOR028C,YLR429W,0,0.16932411,0.1820020228624344,0.538922131061554,0.24274854362010956
YLR139C,YLR274W,0,0.16908918,0.1819407045841217,0.538922131061554,0.24284857511520386
YHR004C,YPL101W,0,0.1683992,0.1818794161081314,0.538922131061554,0.24294859170913696
YDL122W,YJL029C,0,0.1683258,0.1818181872367859,0.538922131061554,0.24304860830307007
YMR201C,YJL072C,0,0.16813527,0.18175698816776276,0.538922131061554,0.24314862489700317
YNL154C,YHR114W,1,0.16781215,0.18203230202198029,0.5399201512336731,0.24314862489700317
YOL004W,YDL188C,0,0.16729061,0.18197107315063477,0.5399201512336731,0.24324865639209747
YDL107W,YML114C,0,0.16657387,0.18190988898277283,0.5399201512336731,0.24334867298603058
YLR224W,YLR148W,0,0.16548987,0.18184873461723328,0.5399201512336731,0.24344868957996368
YKL086W,YJR093C,0,0.16527645,0.1817876398563385,0.5399201512336731,0.2435487061738968
YDR153C,YBL017C,0,0.1650512,0.1817265748977661,0.5399201512336731,0.2436487227678299
YDR081C,YLL050C,0,0.164522,0.1816655546426773,0.5399201512336731,0.2437487542629242
YEL020C,YMR083W,0,0.16446976,0.1816045641899109,0.5399201512336731,0.2438487708568573
YLR172C,YKL055C,0,0.16446106,0.18154361844062805,0.5399201512336731,0.2439487874507904
YMR172W,YNR041C,0,0.16428404,0.1814827173948288,0.5399201512336731,0.2440488040447235
YMR080C,YMR033W,0,0.16427253,0.18142186105251312,0.5399201512336731,0.2441488355398178
YKR068C,YHR140W,0,0.16418348,0.18136104941368103,0.5399201512336731,0.24424885213375092
YKR003W,YNL032W,1,0.16386704,0.18163539469242096,0.5409181714057922,0.24424885213375092
YNL093W,YNL087W,0,0.16379999,0.18157453835010529,0.5409181714057922,0.24434886872768402
YHR161C,YDR388W,1,0.16359533,0.18184863030910492,0.5419161915779114,0.24434886872768402
YCL027W,YJL102W,0,0.16341375,0.18178774416446686,0.5419161915779114,0.24444888532161713
YPL163C,YKR104W,0,0.16333191,0.18172690272331238,0.5419161915779114,0.24454891681671143
YGL249W,YKL035W,0,0.16308247,0.18166610598564148,0.5419161915779114,0.24464893341064453
YMR116C,YJR040W,0,0.16250871,0.18160535395145416,0.5419161915779114,0.24474895000457764
YDR421W,YGR287C,0,0.16227405,0.18154463171958923,0.5419161915779114,0.24484896659851074
YIL170W,YNL009W,0,0.16110374,0.18148395419120789,0.5419161915779114,0.24494898319244385
YNL007C,YPL134C,0,0.16107638,0.18142332136631012,0.5419161915779114,0.24504901468753815
YDL033C,YDR342C,0,0.16038139,0.18136271834373474,0.5419161915779114,0.24514903128147125
YBR265W,YNL281W,0,0.16008352,0.18130217492580414,0.5419161915779114,0.24524904787540436
YLR430W,YPL124W,0,0.1599615,0.18124166131019592,0.5419161915779114,0.24534906446933746
YHR004C,YGR180C,0,0.15993394,0.1811811774969101,0.5419161915779114,0.24544909596443176
YMR171C,YPL147W,0,0.15980507,0.18112075328826904,0.5419161915779114,0.24554911255836487
YHR135C,YOR237W,1,0.15979676,0.1813938021659851,0.5429141521453857,0.24554911255836487
YCL057W,YML058W,0,0.15977164,0.18133333325386047,0.5429141521453857,0.24564912915229797
YHL022C,YJL143W,0,0.15950008,0.18127290904521942,0.5429141521453857,0.24574914574623108
YDR506C,YLR113W,0,0.15942703,0.18121252954006195,0.5429141521453857,0.24584917724132538
YER061C,YLR383W,0,0.15926988,0.18115217983722687,0.5429141521453857,0.24594919383525848
YGL234W,YLR286C,0,0.15906252,0.18109187483787537,0.5429141521453857,0.2460492104291916
YPR103W,YJL113W,0,0.158821,0.18103161454200745,0.5429141521453857,0.2461492270231247
YBL112C,YDL006W,0,0.15867014,0.18097138404846191,0.5429141521453857,0.2462492436170578
YHR086W,YJR058C,0,0.15804644,0.18091121315956116,0.5429141521453857,0.2463492751121521
YNR067C,YLR100W,0,0.15796246,0.1808510571718216,0.5429141521453857,0.2464492917060852
YDR210W,YLR238W,0,0.15770228,0.1807909607887268,0.5429141521453857,0.2465493083000183
YIL074C,YBL010C,0,0.15733258,0.1807308942079544,0.5429141521453857,0.24664932489395142
YNR018W,YNL307C,0,0.15684442,0.1806708723306656,0.5429141521453857,0.24674935638904572
YNL297C,YIR006C,1,0.15664439,0.18094289302825928,0.5439121723175049,0.24674935638904572
YMR289W,YJL087C,0,0.15645532,0.18088284134864807,0.5439121723175049,0.24684937298297882
YGL051W,YBR172C,0,0.15612401,0.18082281947135925,0.5439121723175049,0.24694938957691193
YIR025W,YER078C,0,0.15610342,0.1807628571987152,0.5439121723175049,0.24704940617084503
YBR227C,YNL079C,0,0.15573995,0.18070292472839355,0.5439121723175049,0.24714942276477814
YKL161C,YCR073C,0,0.15562908,0.1806430220603943,0.5439121723175049,0.24724945425987244
YNL093W,YPL145C,1,0.15542732,0.180914506316185,0.544910192489624,0.24724945425987244
YLR350W,YER118C,0,0.15533723,0.18085458874702454,0.544910192489624,0.24734947085380554
YGR256W,YDR121W,0,0.15533455,0.18079470098018646,0.544910192489624,0.24744948744773865
YGL145W,YOL027C,0,0.15522094,0.18073485791683197,0.544910192489624,0.24754950404167175
YNL219C,YAL029C,0,0.15504934,0.18067504465579987,0.544910192489624,0.24764953553676605
YKR055W,YNL064C,0,0.15500359,0.18061527609825134,0.544910192489624,0.24774955213069916
YDL127W,YGL011C,0,0.15479217,0.1805555522441864,0.544910192489624,0.24784956872463226
YAL053W,YDL165W,0,0.15476535,0.18049587309360504,0.544910192489624,0.24794958531856537
YBL067C,YHR001W,0,0.15426509,0.18043622374534607,0.544910192489624,0.24804961681365967
YMR189W,YAL031C,0,0.15418865,0.18037660419940948,0.544910192489624,0.24814963340759277
YOL119C,YLR369W,0,0.15388812,0.18031704425811768,0.544910192489624,0.24824965000152588
YDL005C,YDL210W,0,0.15329556,0.18025751411914825,0.544910192489624,0.24834966659545898
YMR152W,YLR344W,0,0.15309088,0.18019801378250122,0.544910192489624,0.2484496831893921
YJR119C,YLR423C,0,0.1530144,0.18013857305049896,0.544910192489624,0.2485497146844864
YOR354C,YMR251W-A,0,0.15268235,0.1800791621208191,0.544910192489624,0.2486497312784195
YNL093W,YNL297C,1,0.15256564,0.18034948408603668,0.5459082126617432,0.2486497312784195
YKL195W,YGR199W,0,0.15218587,0.18029004335403442,0.5459082126617432,0.2487497478723526
YGL185C,YKL020C,0,0.15210108,0.18023064732551575,0.5459082126617432,0.2488497644662857
YDR067C,YLR446W,0,0.1520216,0.18017128109931946,0.5459082126617432,0.24894979596138
YGR241C,YEL027W,1,0.15170829,0.1804412305355072,0.5469061732292175,0.24894979596138
YHR018C,YOL130W,0,0.15166996,0.18038183450698853,0.5469061732292175,0.2490498125553131
YOL094C,YPL124W,0,0.151071,0.18032246828079224,0.5469061732292175,0.24914982914924622
YNR051C,YGR276C,0,0.150649,0.18026316165924072,0.5469061732292175,0.24924984574317932
YAR042W,YPL145C,1,0.15034686,0.18053272366523743,0.5479041934013367,0.24924984574317932
YGR049W,YMR276W,0,0.15019788,0.18047337234020233,0.5479041934013367,0.24934987723827362
YGL216W,YDL078C,0,0.15018757,0.18041406571865082,0.5479041934013367,0.24944989383220673
YMR189W,YGR112W,0,0.14993136,0.1803547888994217,0.5479041934013367,0.24954991042613983
YLR219W,YDR266C,0,0.14989989,0.18029557168483734,0.5479041934013367,0.24964992702007294
YDL161W,YIL095W,1,0.14959304,0.18056467175483704,0.5489022135734558,0.24964992702007294
YLR048W,YDL216C,0,0.14940898,0.1805054098367691,0.5489022135734558,0.24974994361400604
YDR224C,YBL076C,0,0.14919157,0.18044619262218475,0.5489022135734558,0.24984997510910034
YLR126C,YMR127C,0,0.14861567,0.1803870052099228,0.5489022135734558,0.24994999170303345
YBR287W,YDL140C,0,0.14858197,0.1803278625011444,0.5489022135734558,0.25005000829696655
YCL025C,YHR034C,0,0.14842503,0.1802687644958496,0.5489022135734558,0.25015002489089966
YPR091C,YBR201W,0,0.14825337,0.1802096962928772,0.5489022135734558,0.25025004148483276
YOL146W,YBR073W,0,0.1481042,0.18015067279338837,0.5489022135734558,0.25035005807876587
YER125W,YHR001W,1,0.14789273,0.18041911721229553,0.5499001741409302,0.25035005807876587
YDR118W,YMR166C,0,0.14771809,0.18036006391048431,0.5499001741409302,0.25045010447502136
YKL034W,YPL139C,0,0.14766167,0.18030104041099548,0.5499001741409302,0.25055012106895447
YDL128W,YHR057C,0,0.14748098,0.18024206161499023,0.5499001741409302,0.2506501376628876
YJL156C,YDL101C,0,0.14727755,0.18018312752246857,0.5499001741409302,0.2507501542568207
YHR160C,YLR395C,0,0.14721863,0.1801242232322693,0.5499001741409302,0.2508501708507538
YLR419W,YMR071C,0,0.1467814,0.1800653636455536,0.5499001741409302,0.2509501874446869
YBR035C,YIL113W,0,0.14662181,0.18000653386116028,0.5499001741409302,0.25105020403862
YHR051W,YPL274W,0,0.14661665,0.17994774878025055,0.5499001741409302,0.2511502206325531
YPR058W,YLR016C,0,0.14637189,0.1798889935016632,0.5499001741409302,0.2512502372264862
YCL030C,YOL062C,0,0.14602844,0.17983028292655945,0.5499001741409302,0.2513502836227417
YOL125W,YLR016C,0,0.14577131,0.17977161705493927,0.5499001741409302,0.2514503002166748
YML001W,YGR086C,1,0.14566807,0.18003913760185242,0.5508981943130493,0.2514503002166748
YER185W,YAL014C,0,0.14553423,0.17998044192790985,0.5508981943130493,0.2515503168106079
YKL082C,YEL047C,0,0.14471127,0.17992177605628967,0.5508981943130493,0.251650333404541
YNL297C,YPR171W,1,0.14462976,0.18018898367881775,0.5518962144851685,0.251650333404541
YJL203W,YOR070C,0,0.14437188,0.18013028800487518,0.5518962144851685,0.2517503499984741
YKR101W,YEL062W,0,0.14436148,0.1800716370344162,0.5518962144851685,0.2518503665924072
YHR076W,YLR113W,0,0.14412992,0.1800130158662796,0.5518962144851685,0.25195038318634033
YLL038C,YNL243W,1,0.14378814,0.18027985095977783,0.5528942346572876,0.25195038318634033
YDR364C,YOR162C,0,0.14333446,0.18022121489048004,0.5528942346572876,0.25205039978027344
YPL032C,YBL007C,1,0.14317863,0.18048781156539917,0.553892195224762,0.25205039978027344
YNL191W,YJR127C,0,0.14290933,0.1804291307926178,0.553892195224762,0.25215041637420654
YBR280C,YOR003W,0,0.14282767,0.18037049472332,0.553892195224762,0.25225046277046204
YMR030W,YEL004W,0,0.14266397,0.1803118884563446,0.553892195224762,0.25235047936439514
YLR310C,YJL102W,0,0.14229839,0.18025332689285278,0.553892195224762,0.25245049595832825
YGL208W,YIR039C,0,0.14219378,0.18019481003284454,0.553892195224762,0.25255051255226135
YNR036C,YBL011W,0,0.14184515,0.1801363229751587,0.553892195224762,0.25265052914619446
YDR174W,YHR044C,0,0.14118992,0.18007786571979523,0.553892195224762,0.25275054574012756
YOR317W,YNL003C,0,0.14020313,0.18001946806907654,0.553892195224762,0.25285056233406067
YGR227W,YMR179W,0,0.13959788,0.17996108531951904,0.553892195224762,0.2529505789279938
YLR178C,YDR065W,0,0.13905282,0.17990276217460632,0.553892195224762,0.2530505955219269
YNL039W,YOR074C,0,0.1390407,0.1798444539308548,0.553892195224762,0.2531506419181824
YBL067C,YNR002C,0,0.13843893,0.17978620529174805,0.553892195224762,0.2532506585121155
YDR358W,YEL054C,0,0.13838182,0.17972798645496368,0.553892195224762,0.2533506751060486
YPL274W,YHL019C,0,0.13661091,0.1796697974205017,0.553892195224762,0.2534506916999817
YDL070W,YBR122C,0,0.13658284,0.17961165308952332,0.553892195224762,0.2535507082939148
YGL245W,YNL134C,0,0.13645329,0.1795535385608673,0.553892195224762,0.2536507248878479
YHL040C,YER165W,0,0.13626404,0.17949546873569489,0.553892195224762,0.253750741481781
YNL154C,YOR322C,1,0.13573562,0.17976075410842896,0.5548902153968811,0.253750741481781
YNL270C,YDR529C,0,0.13543169,0.17970265448093414,0.5548902153968811,0.2538507580757141
YNL099C,YBR173C,0,0.13502799,0.17964458465576172,0.5548902153968811,0.2539508044719696
YPL129W,YPL246C,0,0.13483997,0.17958655953407288,0.5548902153968811,0.2540508210659027
YLR133W,YMR013C,0,0.1340184,0.17952857911586761,0.5548902153968811,0.2541508376598358
YGR067C,YOL082W,0,0.13381301,0.17947062849998474,0.5548902153968811,0.2542508542537689
YOL137W,YPR023C,0,0.13354711,0.17941270768642426,0.5548902153968811,0.254350870847702
YNL297C,YKR061W,0,0.13349287,0.17935483157634735,0.5548902153968811,0.25445088744163513
YBL045C,YIR015W,0,0.13342552,0.17929700016975403,0.5548902153968811,0.25455090403556824
YJL170C,YGL244W,0,0.1329328,0.1792391985654831,0.5548902153968811,0.25465092062950134
YKL096W-A,YDR046C,0,0.1329106,0.17918144166469574,0.5548902153968811,0.25475093722343445
YMR315W,YML091C,0,0.13265641,0.17912371456623077,0.5548902153968811,0.25485098361968994
YGR059W,YER125W,0,0.13251714,0.1790660172700882,0.5548902153968811,0.25495100021362305
YEL077C,YPL046C,0,0.13235857,0.1790083646774292,0.5548902153968811,0.25505101680755615
YPL032C,YAL026C,1,0.13231163,0.1792726069688797,0.5558882355690002,0.25505101680755615
YMR224C,YDR142C,0,0.13198136,0.17921492457389832,0.5558882355690002,0.25515103340148926
YDR205W,YLR278C,0,0.131837,0.1791572868824005,0.5558882355690002,0.25525104999542236
YNL049C,YGR171C,0,0.13182007,0.1790996789932251,0.5558882355690002,0.25535106658935547
YDR085C,YOR083W,0,0.1318159,0.17904211580753326,0.5558882355690002,0.2554510831832886
YMR139W,YOR386W,0,0.13127948,0.17898458242416382,0.5558882355690002,0.2555510997772217
YMR039C,YOR349W,0,0.13113461,0.17892707884311676,0.5558882355690002,0.2556511163711548
YML001W,YIL041W,1,0.13071404,0.1791907548904419,0.5568862557411194,0.2556511163711548
YNR045W,YGL090W,0,0.13037728,0.17913322150707245,0.5568862557411194,0.2557511627674103
YIL094C,YGR223C,0,0.13021158,0.17907573282718658,0.5568862557411194,0.2558511793613434
YER075C,YHR082C,0,0.13004814,0.1790182888507843,0.5568862557411194,0.2559511959552765
YDL114W,YPL095C,0,0.12971418,0.1789608746767044,0.5568862557411194,0.2560512125492096
YGR008C,YDL121C,0,0.12963651,0.1789034903049469,0.5568862557411194,0.2561512291431427
YPL194W,YIR013C,0,0.12959449,0.17884615063667297,0.5568862557411194,0.2562512457370758
YHL027W,YGR077C,0,0.12946545,0.17878885567188263,0.5568862557411194,0.2563512623310089
YNL252C,YGL065C,0,0.12882565,0.17873157560825348,0.5568862557411194,0.256451278924942
YER068W,YOL026C,0,0.12879841,0.1786743551492691,0.5568862557411194,0.2565512955188751
YNR075W,YKL126W,1,0.12852289,0.17893725633621216,0.5578842163085938,0.2565512955188751
YLR071C,YDR313C,0,0.12842076,0.1788800060749054,0.5578842163085938,0.2566513419151306
YIL127C,YKL007W,0,0.12811421,0.17882277071475983,0.5578842163085938,0.2567513585090637
YIL048W,YBR207W,1,0.12790649,0.1790853887796402,0.5588822364807129,0.2567513585090637
YJR036C,YGL071W,0,0.12789075,0.17902813851833344,0.5588822364807129,0.2568513751029968
YLR174W,YDL164C,0,0.1269374,0.17897091805934906,0.5588822364807129,0.25695139169692993
YAL025C,YGL077C,0,0.12666588,0.17891374230384827,0.5588822364807129,0.25705140829086304
YNL291C,YLR155C,0,0.12627886,0.17885659635066986,0.5588822364807129,0.25715142488479614
YKR003W,YLR188W,0,0.12621348,0.17879949510097504,0.5588822364807129,0.25725144147872925
YKL218C,YHR059W,0,0.12502392,0.1787424236536026,0.5588822364807129,0.25735145807266235
YGR049W,YIL080W,0,0.12462519,0.17868538200855255,0.5588822364807129,0.25745150446891785
YIL126W,YEL060C,0,0.1245615,0.17862838506698608,0.5588822364807129,0.25755152106285095
YDR252W,YML025C,0,0.12251447,0.1785714328289032,0.5588822364807129,0.25765153765678406
YCR079W,YOR231W,0,0.12213917,0.1785145103931427,0.5588822364807129,0.25775155425071716
YLL002W,YML019W,0,0.12194495,0.1784576177597046,0.5588822364807129,0.25785157084465027
YJR014W,YLR446W,0,0.121680364,0.17840076982975006,0.5588822364807129,0.2579515874385834
YNL163C,YLR291C,0,0.12127717,0.17834395170211792,0.5588822364807129,0.2580516040325165
YDR126W,YLR136C,0,0.12108563,0.17828716337680817,0.5588822364807129,0.2581516206264496
YOR181W,YCR028C,1,0.120753095,0.1785486936569214,0.559880256652832,0.2581516206264496
YHR043C,YDR263C,0,0.12072672,0.17849189043045044,0.559880256652832,0.2582516372203827
YMR071C,YBL010C,0,0.12044977,0.17843511700630188,0.559880256652832,0.2583516836166382
YAL026C,YLR342W,1,0.12036578,0.17869634926319122,0.5608782172203064,0.2583516836166382
YMR289W,YPL252C,0,0.12019889,0.17863954603672028,0.5608782172203064,0.2584517002105713
YKR018C,YER055C,0,0.119874105,0.17858277261257172,0.5608782172203064,0.2585517168045044
YGL134W,YDR371W,0,0.11987285,0.17852604389190674,0.5608782172203064,0.2586517333984375
YDR058C,YNL088W,0,0.119589075,0.17846935987472534,0.5608782172203064,0.2587517499923706
YMR087W,YIL063C,0,0.118742034,0.17841270565986633,0.5608782172203064,0.2588517665863037
YOR007C,YDR139C,0,0.118493244,0.1783560812473297,0.5608782172203064,0.2589517831802368
YDR140W,YHL002W,0,0.11829914,0.17829948663711548,0.5608782172203064,0.2590517997741699
YAL014C,YEL056W,0,0.11820395,0.17824293673038483,0.5608782172203064,0.259151816368103
YOR075W,YFL037W,0,0.11785962,0.17818643152713776,0.5608782172203064,0.2592518627643585
YLR312W-A,YLR414C,0,0.117687926,0.17812995612621307,0.5608782172203064,0.2593518793582916
YIL105C,YER021W,0,0.11742531,0.17807351052761078,0.5608782172203064,0.25945189595222473
YOR028C,YNL197C,0,0.11723851,0.17801710963249207,0.5608782172203064,0.25955191254615784
YDR018C,YNR003C,0,0.1170228,0.17796073853969574,0.5608782172203064,0.25965192914009094
YNL093W,YOR329C,1,0.11654581,0.1782209575176239,0.5618762373924255,0.25965192914009094
YDR460W,YGL226C-A,0,0.1159281,0.1781645566225052,0.5618762373924255,0.25975194573402405
YMR054W,YDR038C,0,0.11571066,0.17810820043087006,0.5618762373924255,0.25985196232795715
YOL033W,YOR283W,0,0.11567165,0.17805185914039612,0.5618762373924255,0.25995197892189026
YPL274W,YLR047C,0,0.11534263,0.17799557745456696,0.5618762373924255,0.26005199551582336
YDL232W,YEL052W,0,0.11523901,0.177939310669899,0.5618762373924255,0.26015204191207886
YHL019C,YBL068W,0,0.11515097,0.1778831034898758,0.5618762373924255,0.26025205850601196
YNL236W,YLR191W,0,0.1150928,0.1778269112110138,0.5618762373924255,0.26035207509994507
YCR083W,YER051W,0,0.11494057,0.17777076363563538,0.5618762373924255,0.2604520916938782
YIL083C,YLR297W,0,0.114920005,0.17771464586257935,0.5618762373924255,0.2605521082878113
YDR155C,YOR310C,0,0.11460854,0.1776585727930069,0.5618762373924255,0.2606521248817444
YNL032W,YOR109W,1,0.11418848,0.1779179871082306,0.5628742575645447,0.2606521248817444
YDL179W,YMR257C,0,0.11369212,0.17786186933517456,0.5628742575645447,0.2607521414756775
YDR288W,YNL306W,0,0.11308892,0.1778057962656021,0.5628742575645447,0.2608521580696106
YER035W,YJR144W,0,0.11289708,0.17774976789951324,0.5628742575645447,0.2609522044658661
YMR314W,YMR032W,0,0.112527356,0.17769375443458557,0.5628742575645447,0.2610522210597992
YMR092C,YJL177W,0,0.112483755,0.17763780057430267,0.5628742575645447,0.2611522376537323
YMR285C,YKL007W,0,0.11225332,0.17758186161518097,0.5628742575645447,0.2612522542476654
YBL050W,YNL050C,0,0.11217858,0.17752596735954285,0.5628742575645447,0.2613522708415985
YKR068C,YEL071W,0,0.112041995,0.1774701029062271,0.5628742575645447,0.2614522874355316
YER144C,YGL224C,0,0.111939296,0.17741428315639496,0.5628742575645447,0.2615523040294647
YOL112W,YNL327W,0,0.111672565,0.1773584932088852,0.5628742575645447,0.2616523206233978
YGL163C,YOR138C,0,0.111610666,0.17730273306369781,0.5628742575645447,0.26175233721733093
YNL039W,YOR140W,0,0.111169115,0.17724701762199402,0.5628742575645447,0.2618523836135864
YMR323W,YER045C,0,0.11116882,0.1771913319826126,0.5628742575645447,0.26195240020751953
YDL222C,YOR179C,0,0.11114107,0.1771356761455536,0.5628742575645447,0.26205241680145264
YDL190C,YFL041W,0,0.110945344,0.17708006501197815,0.5628742575645447,0.26215243339538574
YDR104C,YLR403W,0,0.110503435,0.1770244836807251,0.5628742575645447,0.26225244998931885
YML087C,YHR098C,0,0.11025949,0.17696893215179443,0.5628742575645447,0.26235246658325195
YOR329C,YML001W,1,0.110179305,0.17722709476947784,0.5638722777366638,0.26235246658325195
YOR181W,YJR127C,0,0.11014436,0.177171528339386,0.5638722777366638,0.26245248317718506
YNL229C,YKL206C,0,0.10955721,0.17711599171161652,0.5638722777366638,0.26255249977111816
YLR172C,YCR048W,0,0.10951646,0.17706048488616943,0.5638722777366638,0.26265251636505127
YEL050C,YDR404C,0,0.1094584,0.17700500786304474,0.5638722777366638,0.26275256276130676
YOL004W,YER052C,0,0.1093058,0.17694957554340363,0.5638722777366638,0.26285257935523987
YOR034C,YMR109W,1,0.10865703,0.17720726132392883,0.5648702383041382,0.26285257935523987
YKL109W,YDL080C,0,0.10831888,0.17715179920196533,0.5648702383041382,0.262952595949173
YBL074C,YJL156C,0,0.10826944,0.17709636688232422,0.5648702383041382,0.2630526125431061
YLR364W,YDR238C,0,0.10816015,0.1770409792661667,0.5648702383041382,0.2631526291370392
YEL011W,YHR098C,0,0.10784936,0.17698562145233154,0.5648702383041382,0.2632526457309723
YMR312W,YDL035C,0,0.10776679,0.1769302934408188,0.5648702383041382,0.2633526623249054
YBL106C,YOR174W,0,0.107538015,0.17687499523162842,0.5648702383041382,0.2634526789188385
YEL064C,YNL305C,0,0.10719521,0.17681974172592163,0.5648702383041382,0.263552725315094
YCR028C,YOR109W,1,0.10592787,0.17707683145999908,0.5658682584762573,0.263552725315094
YDR129C,YAR042W,1,0.105903134,0.1773337423801422,0.5668662786483765,0.263552725315094
YAL008W,YPL196W,0,0.10577758,0.17727839946746826,0.5668662786483765,0.2636527419090271
YBR068C,YBR236C,0,0.1054243,0.1772230863571167,0.5668662786483765,0.2637527585029602
YDR378C,YGR194C,0,0.10511072,0.17716780304908752,0.5668662786483765,0.2638527750968933
YBR196C,YOR150W,0,0.10488638,0.17711256444454193,0.5668662786483765,0.2639527916908264
YNL035C,YKR067W,0,0.104457065,0.17705735564231873,0.5668662786483765,0.2640528082847595
YMR163C,YPR194C,0,0.10141499,0.1770021766424179,0.5668662786483765,0.2641528248786926
YDR436W,YPR190C,0,0.1009977,0.17694704234600067,0.5668662786483765,0.26425284147262573
YDR402C,YOR239W,0,0.100885585,0.17689193785190582,0.5668662786483765,0.26435285806655884
YBR087W,YIR034C,0,0.10065779,0.17683686316013336,0.5668662786483765,0.26445290446281433
YOR064C,YDR476C,0,0.1003467,0.1767818182706833,0.5668662786483765,0.26455292105674744
YMR198W,YFR013W,0,0.10029404,0.1767268180847168,0.5668662786483765,0.26465293765068054
YLR337C,YBL047C,1,0.100271836,0.17698289453983307,0.5678642988204956,0.26465293765068054
YKR003W,YER125W,1,0.099932626,0.1772388070821762,0.56886225938797,0.26465293765068054
YGL150C,YFL037W,0,0.099864095,0.17718371748924255,0.56886225938797,0.26475295424461365
YLR042C,YPL083C,0,0.09968671,0.1771286576986313,0.56886225938797,0.26485297083854675
YLR295C,YJR059W,0,0.09965049,0.1770736277103424,0.56886225938797,0.26495298743247986
YKL164C,YHR002W,0,0.09946473,0.17701862752437592,0.56886225938797,0.26505300402641296
YPL252C,YBL017C,0,0.098302424,0.176963672041893,0.56886225938797,0.26515302062034607
YER068W,YPR066W,0,0.098112896,0.17690874636173248,0.56886225938797,0.2652530372142792
YGR198W,YBL007C,1,0.09755571,0.17716413736343384,0.5698602795600891,0.2652530372142792
YHR043C,YJR155W,0,0.097548574,0.17710918188095093,0.5698602795600891,0.26535308361053467
YCL010C,YDL069C,0,0.0974064,0.1770542562007904,0.5698602795600891,0.2654531002044678
YHL004W,YGL125W,0,0.09727262,0.17699937522411346,0.5698602795600891,0.2655531167984009
YPL174C,YJL060W,0,0.097132996,0.1769445240497589,0.5698602795600891,0.265653133392334
YOR231W,YER021W,0,0.09701069,0.17688971757888794,0.5698602795600891,0.2657531499862671
YIR015W,YNL127W,0,0.09699382,0.17683492600917816,0.5698602795600891,0.2658531665802002
YFR046C,YML131W,0,0.096854165,0.17678017914295197,0.5698602795600891,0.2659531831741333
YKR014C,YDL231C,1,0.09662144,0.17703497409820557,0.5708582997322083,0.2659531831741333
YGL210W,YGR023W,0,0.096452385,0.17698019742965698,0.5708582997322083,0.2660531997680664
YDR156W,YOL060C,0,0.09592892,0.1769254505634308,0.5708582997322083,0.2661532163619995
YKL071W,YER111C,0,0.09592645,0.17687074840068817,0.5708582997322083,0.266253262758255
YFR051C,YGL257C,0,0.09587839,0.17681607604026794,0.5708582997322083,0.2663532793521881
YGR222W,YDL193W,0,0.09567867,0.1767614334821701,0.5708582997322083,0.2664532959461212
YGL209W,YNR061C,0,0.09511675,0.17670682072639465,0.5708582997322083,0.2665533125400543
YMR189W,YBL006C,0,0.09503086,0.17665225267410278,0.5708582997322083,0.2666533291339874
YOR348C,YIL110W,0,0.094996005,0.1765977144241333,0.5708582997322083,0.26675334572792053
YFL041W,YDL047W,0,0.09459932,0.1765432059764862,0.5708582997322083,0.26685336232185364
YKL024C,YLR151C,0,0.09451781,0.1764887422323227,0.5708582997322083,0.26695337891578674
YDR126W,YMR210W,0,0.0943992,0.17643429338932037,0.5708582997322083,0.26705342531204224
YDR097C,YOR149C,0,0.0942314,0.17637988924980164,0.5708582997322083,0.26715344190597534
YKL130C,YLR439W,0,0.094051346,0.17632552981376648,0.5708582997322083,0.26725345849990845
YIL105C,YKL109W,0,0.09398173,0.17627118527889252,0.5708582997322083,0.26735347509384155
YMR302C,YPL072W,0,0.093971655,0.17621688544750214,0.5708582997322083,0.26745349168777466
YDR069C,YDR093W,1,0.093772545,0.1764705926179886,0.5718562602996826,0.26745349168777466
YBL022C,YLR287C-A,0,0.09317914,0.17641626298427582,0.5718562602996826,0.26755350828170776
YAL053W,YLR467W,0,0.09272823,0.17636196315288544,0.5718562602996826,0.26765352487564087
YOR361C,YFR004W,0,0.09267129,0.17630769312381744,0.5718562602996826,0.267753541469574
YER020W,YKL055C,0,0.09266104,0.17625346779823303,0.5718562602996826,0.2678535580635071
YJL123C,YNL223W,0,0.092511535,0.17619925737380981,0.5718562602996826,0.2679536044597626
YIR022W,YBR156C,0,0.09201628,0.17614509165287018,0.5718562602996826,0.2680536210536957
YLR014C,YIL140W,0,0.09183431,0.17609097063541412,0.5718562602996826,0.2681536376476288
YJR066W,YFL024C,0,0.091294646,0.17603686451911926,0.5718562602996826,0.2682536542415619
YOR094W,YMR236W,0,0.09119555,0.17598280310630798,0.5718562602996826,0.268353670835495
YDL114W,YER141W,0,0.09032379,0.1759287714958191,0.5718562602996826,0.2684536874294281
YHL047C,YPR156C,0,0.09020701,0.1758747696876526,0.5718562602996826,0.2685537040233612
YHR076W,YBR258C,0,0.089649364,0.17582079768180847,0.5718562602996826,0.2686537206172943
YOR336W,YGR276C,0,0.089431494,0.17576687037944794,0.5718562602996826,0.2687537372112274
YOR257W,YBR150C,0,0.08923285,0.1757129728794098,0.5718562602996826,0.2688537836074829
YDL181W,YCL040W,0,0.088960394,0.17565910518169403,0.5718562602996826,0.268953800201416
YLR205C,YIL042C,0,0.08895509,0.17560526728630066,0.5718562602996826,0.2690538167953491
YLR040C,YJL187C,0,0.08889671,0.17555147409439087,0.5718562602996826,0.2691538333892822
YLR424W,YBR223C,0,0.0886828,0.17549769580364227,0.5718562602996826,0.26925384998321533
YCR009C,YLR371W,1,0.087766096,0.17575015127658844,0.5728542804718018,0.26925384998321533
YBR109C,YGR198W,1,0.08756246,0.17600244283676147,0.5738523006439209,0.26925384998321533
YNR035C,YCR053W,1,0.08724333,0.17625458538532257,0.57485032081604,0.26925384998321533
YDR492W,YGL259W,0,0.08705132,0.17620067298412323,0.57485032081604,0.26935386657714844
YER141W,YBR067C,0,0.08697894,0.17614679038524628,0.57485032081604,0.26945388317108154
YER088C,YBR287W,0,0.08694321,0.1760929375886917,0.57485032081604,0.26955389976501465
YGR059W,YGR200C,0,0.08655666,0.17603911459445953,0.57485032081604,0.26965391635894775
YDL132W,YMR042W,0,0.08572087,0.17598533630371094,0.57485032081604,0.26975396275520325
YHR018C,YNL339C,0,0.08559792,0.17593158781528473,0.57485032081604,0.26985397934913635
YNL093W,YNL020C,1,0.085529804,0.17618320882320404,0.5758482813835144,0.26985397934913635
YKL042W,YBL017C,0,0.08535378,0.17612943053245544,0.5758482813835144,0.26995399594306946
YHR001W,YAR042W,1,0.085075766,0.17638084292411804,0.5768463015556335,0.26995399594306946
YOL072W,YLL003W,0,0.084568575,0.17632703483104706,0.5768463015556335,0.27005401253700256
YGR278W,YGR048W,0,0.08420502,0.17627325654029846,0.5768463015556335,0.27015402913093567
YER019C-A,YDR131C,0,0.083585605,0.17621950805187225,0.5768463015556335,0.2702540457248688
YCR030C,YBR221C,0,0.08325215,0.17616580426692963,0.5768463015556335,0.2703540623188019
YLL013C,YPL196W,0,0.08319165,0.1761121302843094,0.5768463015556335,0.270454078912735
YGR104C,YJR036C,0,0.08264221,0.17605848610401154,0.5768463015556335,0.2705541253089905
YOR127W,YOR039W,0,0.0822563,0.17600487172603607,0.5768463015556335,0.2706541419029236
YLR403W,YEL016C,0,0.0821051,0.175951287150383,0.5768463015556335,0.2707541584968567
YLR035C,YDR180W,0,0.08201899,0.1758977472782135,0.5768463015556335,0.2708541750907898
YPL110C,YLR371W,0,0.081969485,0.1758442372083664,0.5768463015556335,0.2709541916847229
YKL203C,YJR125C,1,0.08189322,0.1760948896408081,0.5778443217277527,0.2709541916847229
YHR001W,YCR053W,1,0.08166954,0.17634539306163788,0.5788423418998718,0.2709541916847229
YDR421W,YPR190C,0,0.08163875,0.1762917935848236,0.5788423418998718,0.271054208278656
YIL046W,YNL128W,0,0.081338435,0.17623822391033173,0.5788423418998718,0.2711542248725891
YNL093W,YNL154C,1,0.081284255,0.17648845911026,0.5798403024673462,0.2711542248725891
YNL069C,YBR092C,0,0.08107363,0.17643485963344574,0.5798403024673462,0.2712542414665222
YBR276C,YMR115W,0,0.07996699,0.17638130486011505,0.5798403024673462,0.2713542580604553
YER073W,YJR082C,0,0.079469666,0.17632776498794556,0.5798403024673462,0.2714543044567108
YKL176C,YJL149W,0,0.07937348,0.17627426981925964,0.5798403024673462,0.2715543210506439
YPL187W,YMR203W,0,0.07931535,0.17622080445289612,0.5798403024673462,0.271654337644577
YDL129W,YOL001W,0,0.07928817,0.17616736888885498,0.5798403024673462,0.27175435423851013
YDL019C,YIL095W,1,0.078920275,0.17641709744930267,0.5808383226394653,0.27175435423851013
YNL078W,YER168C,0,0.078586936,0.17636363208293915,0.5808383226394653,0.27185437083244324
YBR026C,YBR067C,0,0.078296766,0.1763102114200592,0.5808383226394653,0.27195438742637634
YGL013C,YGR036C,0,0.077814385,0.17625682055950165,0.5808383226394653,0.27205440402030945
YGR175C,YJL034W,0,0.07673128,0.17620344460010529,0.5808383226394653,0.27215442061424255
YIR011C,YLR035C,0,0.07620245,0.1761501282453537,0.5808383226394653,0.27225443720817566
YMR198W,YNL047C,0,0.075943455,0.1760968267917633,0.5808383226394653,0.27235448360443115
YDR420W,YGL226C-A,0,0.075678006,0.1760435551404953,0.5808383226394653,0.27245450019836426
YLR314C,YOR326W,0,0.07559572,0.17599032819271088,0.5808383226394653,0.27255451679229736
YNL159C,YNL169C,0,0.075557336,0.17593711614608765,0.5808383226394653,0.27265453338623047
YOR034C,YDR059C,1,0.07554512,0.17618615925312042,0.5818363428115845,0.27265453338623047
YOL075C,YMR186W,0,0.07491417,0.176132932305336,0.5818363428115845,0.2727545499801636
YNL327W,YDR107C,0,0.07470845,0.17607973515987396,0.5818363428115845,0.2728545665740967
YLR163C,YDR291W,0,0.07465258,0.17602656781673431,0.5818363428115845,0.2729545831680298
YPL244C,YMR293C,0,0.07439844,0.17597344517707825,0.5818363428115845,0.2730545997619629
YEL064C,YEL030W,0,0.074272364,0.17592033743858337,0.5818363428115845,0.273154616355896
YKR068C,YLR086W,0,0.07424024,0.17586727440357208,0.5818363428115845,0.2732546627521515
YGR279C,YIL142W,0,0.07394417,0.17581424117088318,0.5818363428115845,0.2733546793460846
YDR304C,YPR056W,0,0.07367846,0.17576122283935547,0.5818363428115845,0.2734546959400177
YMR189W,YBR289W,0,0.07351591,0.17570826411247253,0.5818363428115845,0.2735547125339508
YNR041C,YPL046C,0,0.07299186,0.1756553202867508,0.5818363428115845,0.2736547291278839
YPR171W,YOR109W,1,0.07279663,0.17590361833572388,0.5828343033790588,0.2736547291278839
YPL268W,YMR013C,0,0.07274981,0.17585064470767975,0.5828343033790588,0.273754745721817
YKL103C,YLR203C,0,0.072646245,0.1757977157831192,0.5828343033790588,0.2738547623157501
YDL074C,YPR160W,0,0.07262705,0.17574480175971985,0.5828343033790588,0.2739547789096832
YGL051W,YKL198C,0,0.07190584,0.17569193243980408,0.5828343033790588,0.2740548253059387
YER078C,YOR070C,0,0.07186176,0.1756390929222107,0.5828343033790588,0.2741548418998718
YBR036C,YJL113W,0,0.07170905,0.1755862832069397,0.5828343033790588,0.27425485849380493
YCR079W,YBR296C,0,0.071613416,0.17553351819515228,0.5828343033790588,0.27435487508773804
YGL209W,YOL133W,0,0.07130709,0.17548076808452606,0.5828343033790588,0.27445489168167114
YLR373C,YNR015W,0,0.070986524,0.17542806267738342,0.5828343033790588,0.27455490827560425
YGR068C,YDR371W,0,0.070607245,0.17537537217140198,0.5828343033790588,0.27465492486953735
YER150W,YMR145C,0,0.07057978,0.1753227263689041,0.5828343033790588,0.27475494146347046
YDL030W,YDR411C,0,0.07033272,0.17527011036872864,0.5828343033790588,0.27485495805740356
YML112W,YJL213W,0,0.06987657,0.17521752417087555,0.5828343033790588,0.27495500445365906
YPL174C,YBL037W,0,0.06984113,0.17516496777534485,0.5828343033790588,0.27505502104759216
YOR274W,YOL058W,0,0.06970386,0.17511244118213654,0.5828343033790588,0.27515503764152527
YNL154C,YEL027W,1,0.06967442,0.17535971105098724,0.583832323551178,0.27515503764152527
YAR007C,YGL257C,0,0.06959216,0.17530716955661774,0.583832323551178,0.2752550542354584
YJL200C,YNL090W,0,0.06882787,0.17525464296340942,0.583832323551178,0.2753550708293915
YER125W,YGL206C,1,0.068512246,0.17550164461135864,0.5848303437232971,0.2753550708293915
YAL042W,YDR054C,0,0.0675164,0.17544910311698914,0.5848303437232971,0.2754550874233246
YNL088W,YGR255C,0,0.06727061,0.17539659142494202,0.5848303437232971,0.2755551040172577
YNL093W,YJR125C,1,0.06720485,0.17564332485198975,0.5858283638954163,0.2755551040172577
YMR227C,YLR066W,0,0.06703292,0.17559078335762024,0.5858283638954163,0.2756551206111908
YJR125C,YLR275W,0,0.06660499,0.17553827166557312,0.5858283638954163,0.2757551372051239
YHR001W,YNL243W,1,0.06651513,0.17578475177288055,0.5868263244628906,0.2757551372051239
YBR205W,YKL125W,0,0.066293284,0.17573221027851105,0.5868263244628906,0.2758551836013794
YDR018C,YDR495C,0,0.06593673,0.17567971348762512,0.5868263244628906,0.2759552001953125
YDR313C,YKL139W,0,0.065925315,0.17562724649906158,0.5868263244628906,0.2760552167892456
YOR181W,YIL041W,1,0.065774396,0.17587339878082275,0.5878243446350098,0.2760552167892456
YKL011C,YLR399C,0,0.06573926,0.17582090198993683,0.5878243446350098,0.2761552333831787
YCL008C,YDR121W,0,0.06566168,0.1757684201002121,0.5878243446350098,0.2762552499771118
YDR051C,YLR228C,0,0.06565024,0.17571599781513214,0.5878243446350098,0.2763552665710449
YHL018W,YML006C,0,0.0654743,0.17566359043121338,0.5878243446350098,0.276455283164978
YNL092W,YMR044W,0,0.0651229,0.175611212849617,0.5878243446350098,0.27655529975891113
YLR206W,YDR177W,1,0.06511457,0.17585693299770355,0.5888223648071289,0.27655529975891113
YAL031C,YMR166C,0,0.065090016,0.1758045256137848,0.5888223648071289,0.27665531635284424
YLR206W,YFL039C,1,0.06500395,0.17605005204677582,0.589820384979248,0.27665531635284424
YHR167W,YDR368W,0,0.064942196,0.17599761486053467,0.589820384979248,0.27675536274909973
YEL071W,YER019W,0,0.06471147,0.1759452223777771,0.589820384979248,0.27685537934303284
YFL052W,YDR529C,0,0.06466253,0.17589285969734192,0.589820384979248,0.27695539593696594
YDL103C,YBL060W,0,0.0641491,0.17584052681922913,0.589820384979248,0.27705541253089905
YIL048W,YBR109C,1,0.063745186,0.1760856658220291,0.5908183455467224,0.27705541253089905
YDR496C,YHR001W,0,0.06357582,0.17603330314159393,0.5908183455467224,0.27715542912483215
YDL084W,YNL316C,0,0.06267917,0.17598097026348114,0.5908183455467224,0.27725544571876526
YKL084W,YDR043C,0,0.06261094,0.17592868208885193,0.5908183455467224,0.27735546231269836
YKL146W,YHR013C,0,0.062243983,0.1758764088153839,0.5908183455467224,0.27745547890663147
YGR203W,YBR177C,0,0.06210713,0.17582418024539948,0.5908183455467224,0.27755552530288696
YPR091C,YNR054C,0,0.061821774,0.17577196657657623,0.5908183455467224,0.27765554189682007
YPL246C,YLR103C,0,0.061617896,0.17571979761123657,0.5908183455467224,0.2777555584907532
YMR228W,YGL054C,0,0.06160067,0.1756676584482193,0.5908183455467224,0.2778555750846863
YFR046C,YEL071W,0,0.061518878,0.17561554908752441,0.5908183455467224,0.2779555916786194
YGR264C,YLL050C,0,0.06131552,0.17556346952915192,0.5908183455467224,0.2780556082725525
YBL021C,YIL140W,0,0.06106828,0.1755114197731018,0.5908183455467224,0.2781556248664856
YOR034C,YLR056W,1,0.06070642,0.17575578391551971,0.5918163657188416,0.2781556248664856
YDR416W,YCL043C,0,0.06067781,0.17570370435714722,0.5918163657188416,0.2782556414604187
YDL099W,YJL002C,0,0.060290128,0.1756516546010971,0.5918163657188416,0.2783556580543518
YEL030W,YLR003C,0,0.060264632,0.17559964954853058,0.5918163657188416,0.2784557044506073
YDL231C,YOR109W,1,0.060217783,0.17584370076656342,0.5928143858909607,0.2784557044506073
YJL036W,YML025C,0,0.059620246,0.1757916510105133,0.5928143858909607,0.2785557210445404
YJR026W,YOR025W,0,0.05948378,0.17573964595794678,0.5928143858909607,0.2786557376384735
YGR295C,YGR092W,0,0.05922486,0.17568767070770264,0.5928143858909607,0.2787557542324066
YPL065W,YJR043C,0,0.059038833,0.17563572525978088,0.5928143858909607,0.2788557708263397
YOR043W,YAL030W,1,0.0588962,0.17587940394878387,0.5938123464584351,0.2788557708263397
YHR043C,YOR306C,0,0.058664426,0.17582742869853973,0.5938123464584351,0.2789557874202728
YJL137C,YJR029W,0,0.058649555,0.17577548325061798,0.5938123464584351,0.27905580401420593
YLR080W,YOL103W,0,0.058207944,0.17572356760501862,0.5938123464584351,0.27915582060813904
YDR130C,YGR085C,0,0.058121607,0.17567168176174164,0.5938123464584351,0.27925583720207214
YER054C,YMR094W,0,0.058112115,0.17561984062194824,0.5938123464584351,0.27935588359832764
YNL290W,YMR163C,0,0.058007106,0.17556801438331604,0.5938123464584351,0.27945590019226074
YHL020C,YER157W,0,0.057572424,0.17551621794700623,0.5938123464584351,0.27955591678619385
YGR023W,YGR145W,0,0.057394683,0.17546446621418,0.5938123464584351,0.27965593338012695
YDR130C,YJR113C,0,0.057311594,0.17541272938251495,0.5938123464584351,0.27975594997406006
YLL051C,YCR060W,0,0.05700262,0.1753610372543335,0.5938123464584351,0.27985596656799316
YDR062W,YNL134C,0,0.056811348,0.17530937492847443,0.5938123464584351,0.27995598316192627
YLR266C,YEL016C,0,0.05624345,0.17525772750377655,0.5938123464584351,0.2800559997558594
YDL033C,YFR018C,0,0.056009308,0.17520612478256226,0.5938123464584351,0.2801560163497925
YLR348C,YDL067C,0,0.055813715,0.17515455186367035,0.5938123464584351,0.280256062746048
YPR171W,YNL243W,1,0.055771068,0.17539729177951813,0.5948103666305542,0.280256062746048
YAL029C,YPR107C,0,0.05559729,0.17534568905830383,0.5948103666305542,0.2803560793399811
YIL095W,YHR114W,1,0.055467203,0.1755882352590561,0.5958083868026733,0.2803560793399811
YKR035W-A,YOL016C,0,0.055160373,0.1755366027355194,0.5958083868026733,0.2804560959339142
YHR028C,YLR308W,0,0.054848,0.1754850149154663,0.5958083868026733,0.2805561125278473
YDR411C,YBR156C,0,0.054785863,0.1754334419965744,0.5958083868026733,0.2806561291217804
YEL065W,YKL100C,0,0.05475591,0.17538189888000488,0.5958083868026733,0.2807561457157135
YDL195W,YGL233W,0,0.05455038,0.17533040046691895,0.5958083868026733,0.2808561623096466
YHR001W,YEL027W,1,0.054449156,0.17557251453399658,0.5968064069747925,0.2808561623096466
YMR202W,YGR108W,0,0.05442275,0.17552098631858826,0.5968064069747925,0.2809561789035797
YGR101W,YCR067C,0,0.05440785,0.17546948790550232,0.5968064069747925,0.2810562252998352
YCR079W,YNL220W,0,0.054405913,0.17541800439357758,0.5968064069747925,0.2811562418937683
YDR141C,YER089C,0,0.05304791,0.1753665655851364,0.5968064069747925,0.2812562584877014
YIL097W,YLR070C,0,0.052844867,0.17531515657901764,0.5968064069747925,0.2813562750816345
YMR161W,YIR017C,0,0.05279842,0.17526377737522125,0.5968064069747925,0.2814562916755676
YEL055C,YPR036W,0,0.05250074,0.17521242797374725,0.5968064069747925,0.28155630826950073
YGR158C,YMR022W,0,0.05249302,0.17516110837459564,0.5968064069747925,0.28165632486343384
YDR423C,YLR446W,0,0.05243446,0.17510980367660522,0.5968064069747925,0.28175634145736694
YPL152W,YLR151C,0,0.05240856,0.1750585436820984,0.5968064069747925,0.28185635805130005
YOR034C,YBL101C,1,0.052378938,0.1752999722957611,0.5978043675422668,0.28185635805130005
YGR258C,YGR241C,0,0.052349195,0.17524868249893188,0.5978043675422668,0.28195640444755554
YPL196W,YGR084C,0,0.051445737,0.17519742250442505,0.5978043675422668,0.28205642104148865
YOL013C,YHR042W,0,0.05137472,0.1751461923122406,0.5978043675422668,0.28215643763542175
YPR047W,YFL008W,0,0.051305085,0.17509500682353973,0.5978043675422668,0.28225645422935486
YNR011C,YFL029C,0,0.051236928,0.17504383623600006,0.5978043675422668,0.28235647082328796
YDR056C,YGL136C,0,0.050860614,0.17499269545078278,0.5978043675422668,0.28245648741722107
YGR295C,YIL061C,0,0.050564393,0.17494158446788788,0.5978043675422668,0.2825565040111542
YPL086C,YPL212C,0,0.05029355,0.17489051818847656,0.5978043675422668,0.2826565206050873
YML037C,YDR267C,0,0.0502128,0.17483946681022644,0.5978043675422668,0.2827565371990204
YDL047W,YOL065C,0,0.050136432,0.1747884452342987,0.5978043675422668,0.2828565835952759
YHR175W,YLR047C,0,0.05010876,0.17473745346069336,0.5978043675422668,0.282956600189209
YNL191W,YOR010C,0,0.05007747,0.1746864914894104,0.5978043675422668,0.2830566167831421
YIL097W,YGR072W,0,0.049628735,0.17463557422161102,0.5978043675422668,0.2831566333770752
YPL091W,YHR032W,0,0.049608037,0.17458467185497284,0.5978043675422668,0.2832566499710083
YCR030C,YEL043W,0,0.049499765,0.17453379929065704,0.5978043675422668,0.2833566665649414
YMR319C,YPR119W,0,0.049473062,0.17448295652866364,0.5978043675422668,0.2834566831588745
YBR074W,YIL083C,0,0.049183726,0.17443214356899261,0.5978043675422668,0.2835566997528076
YDR331W,YDR453C,0,0.049156353,0.17438137531280518,0.5978043675422668,0.2836567461490631
YDL059C,YEL062W,0,0.049125925,0.17433062195777893,0.5978043675422668,0.2837567627429962
YJR126C,YGR262C,0,0.049041227,0.17427989840507507,0.5978043675422668,0.2838567793369293
YCR066W,YIL140W,0,0.048973754,0.1742292046546936,0.5978043675422668,0.2839567959308624
YOR327C,YKL203C,1,0.048965678,0.17446932196617126,0.598802387714386,0.2839567959308624
YKL129C,YCR028C,1,0.04880868,0.17470930516719818,0.5998004078865051,0.2839567959308624
YKL163W,YDR376W,0,0.0487542,0.17465853691101074,0.5998004078865051,0.28405681252479553
YOR344C,YPL231W,0,0.048729435,0.1746077835559845,0.5998004078865051,0.28415682911872864
YDR072C,YPL158C,0,0.048628315,0.17455707490444183,0.5998004078865051,0.28425684571266174
YBR196C,YGL227W,0,0.048293784,0.17450638115406036,0.5998004078865051,0.28435686230659485
YNL232W,YIL088C,0,0.04825248,0.17445573210716248,0.5998004078865051,0.28445687890052795
YLR264W,YBR095C,0,0.047594294,0.17440511286258698,0.5998004078865051,0.28455692529678345
YJL207C,YOR076C,0,0.047422513,0.17435450851917267,0.5998004078865051,0.28465694189071655
YBR037C,YDR195W,0,0.04734151,0.17430394887924194,0.5998004078865051,0.28475695848464966
YGL206C,YBR214W,1,0.047124624,0.1745433509349823,0.6007984280586243,0.28475695848464966
YLR278C,YPR081C,0,0.04690297,0.174492746591568,0.6007984280586243,0.28485697507858276
YNL289W,YLL061W,0,0.046388388,0.17444218695163727,0.6007984280586243,0.28495699167251587
YJL139C,YLR404W,0,0.045407653,0.17439165711402893,0.6007984280586243,0.285057008266449
YJR044C,YGL038C,0,0.044907287,0.17434115707874298,0.6007984280586243,0.2851570248603821
YBR251W,YPR056W,0,0.044737414,0.17429067194461823,0.6007984280586243,0.2852570414543152
YIL080W,YLR399C,0,0.044478163,0.17424023151397705,0.6007984280586243,0.2853570580482483
YBR031W,YBR052C,0,0.043702886,0.17418982088565826,0.6007984280586243,0.2854571044445038
YMR014W,YOR299W,0,0.043656126,0.17413942515850067,0.6007984280586243,0.2855571210384369
YDR400W,YGL017W,0,0.043549985,0.17408907413482666,0.6007984280586243,0.28565713763237
YER113C,YPL214C,0,0.04354216,0.17403873801231384,0.6007984280586243,0.2857571542263031
YNL020C,YHR073W,1,0.043188974,0.17427745461463928,0.6017963886260986,0.2857571542263031
YKL090W,YOL100W,0,0.042806372,0.17422710359096527,0.6017963886260986,0.2858571708202362
YLL040C,YHR178W,0,0.042763546,0.17417678236961365,0.6017963886260986,0.2859571874141693
YER044C,YOL133W,0,0.04269916,0.17412647604942322,0.6017963886260986,0.2860572040081024
YPL104W,YER061C,0,0.042666808,0.17407621443271637,0.6017963886260986,0.2861572206020355
YKL165C,YLL040C,0,0.042634577,0.17402596771717072,0.6017963886260986,0.28625723719596863
YIL026C,YDR067C,0,0.042567775,0.17397576570510864,0.6017963886260986,0.2863572835922241
YGR032W,YJL115W,0,0.04237394,0.17392557859420776,0.6017963886260986,0.2864573001861572
YEL011W,YLR414C,0,0.04225962,0.17387543618679047,0.6017963886260986,0.28655731678009033
YOR269W,YGL038C,0,0.0421329,0.17382530868053436,0.6017963886260986,0.28665733337402344
YBR152W,YPR004C,0,0.042086378,0.17377521097660065,0.6017963886260986,0.28675734996795654
YOR212W,YDR003W,0,0.041995212,0.1737251579761505,0.6017963886260986,0.28685736656188965
YKL146W,YHR045W,0,0.041476175,0.17367511987686157,0.6017963886260986,0.28695738315582275
YER073W,YPL104W,0,0.041403353,0.17362511157989502,0.6017963886260986,0.28705739974975586
YOR255W,YGR215W,0,0.041075632,0.17357513308525085,0.6017963886260986,0.28715744614601135
YAR071W,YML046W,0,0.040598556,0.17352518439292908,0.6017963886260986,0.28725746273994446
YBL112C,YCR102C,0,0.04035385,0.1734752655029297,0.6017963886260986,0.28735747933387756
YAL012W,YHR178W,0,0.039357617,0.1734253615140915,0.6017963886260986,0.28745749592781067
YDR177W,YJL204C,1,0.039254844,0.17366302013397217,0.6027944087982178,0.28745749592781067
YER013W,YOR381W,0,0.039207682,0.17361310124397278,0.6027944087982178,0.2875575125217438
YIL039W,YBR040W,0,0.038841918,0.17356321215629578,0.6027944087982178,0.2876575291156769
YPL096W,YBR203W,0,0.03862582,0.17351335287094116,0.6027944087982178,0.28775754570961
YMR216C,YOR175C,0,0.038113296,0.17346352338790894,0.6027944087982178,0.2878575623035431
YGR027C,YGR048W,0,0.037913054,0.1734137237071991,0.6027944087982178,0.2879575788974762
YBL052C,YPL259C,0,0.03713292,0.17336395382881165,0.6027944087982178,0.2880576252937317
YKL107W,YOR301W,0,0.036457494,0.1733141988515854,0.6027944087982178,0.2881576418876648
YJR161C,YIL129C,0,0.03643903,0.1732644885778427,0.6027944087982178,0.2882576584815979
YDL107W,YKR061W,0,0.03615819,0.17321479320526123,0.6027944087982178,0.288357675075531
YHR028C,YGR171C,0,0.035875723,0.17316514253616333,0.6027944087982178,0.2884576916694641
YNL084C,YLL038C,1,0.035773963,0.1734021157026291,0.6037924289703369,0.2884576916694641
YJL141C,YNL307C,0,0.035668448,0.1733524352312088,0.6037924289703369,0.2885577082633972
YDL155W,YDR484W,0,0.035649702,0.1733027845621109,0.6037924289703369,0.2886577248573303
YDR093W,YBL075C,0,0.035227567,0.1732531487941742,0.6037924289703369,0.2887577414512634
YOR089C,YHR073W,1,0.03521757,0.17348983883857727,0.6047903895378113,0.2887577414512634
YGL001C,YML022W,0,0.035194993,0.17344018816947937,0.6047903895378113,0.28885775804519653
YLR385C,YJL213W,0,0.034749806,0.17339055240154266,0.6047903895378113,0.288957804441452
YOR317W,YEL004W,0,0.034355,0.17334096133708954,0.6047903895378113,0.28905782103538513
YGL212W,YKR086W,0,0.03415133,0.1732913851737976,0.6047903895378113,0.28915783762931824
YIL109C,YJR064W,0,0.03394057,0.17324185371398926,0.6047903895378113,0.28925785422325134
YDL069C,YDR404C,0,0.03368862,0.1731923371553421,0.6047903895378113,0.28935787081718445
YBR097W,YBR290W,0,0.03364508,0.17314285039901733,0.6047903895378113,0.28945788741111755
YGL011C,YCR010C,0,0.03351833,0.17309340834617615,0.6047903895378113,0.28955790400505066
YDL168W,YML005W,0,0.033482715,0.17304398119449615,0.6047903895378113,0.28965792059898376
YOR317W,YNL312W,0,0.033100978,0.17299456894397736,0.6047903895378113,0.28975793719291687
YPL283C,YHR064C,0,0.03253372,0.17294520139694214,0.6047903895378113,0.28985798358917236
YNL217W,YOL127W,0,0.0325336,0.1728958636522293,0.6047903895378113,0.28995800018310547
YBR055C,YNL071W,0,0.032349065,0.17284655570983887,0.6047903895378113,0.2900580167770386
YMR139W,YLR385C,0,0.032207176,0.17279726266860962,0.6047903895378113,0.2901580333709717
YBR179C,YLR389C,0,0.03145553,0.17274799942970276,0.6047903895378113,0.2902580499649048
YLL045C,YJL154C,0,0.03120552,0.17269878089427948,0.6047903895378113,0.2903580665588379
YMR134W,YGL128C,0,0.03049694,0.1726495772600174,0.6047903895378113,0.290458083152771
YHR178W,YOL049W,0,0.030447975,0.1726004034280777,0.6047903895378113,0.2905580997467041
YMR068W,YPL083C,0,0.029899582,0.1725512593984604,0.6047903895378113,0.2906581461429596
YNL032W,YDR264C,1,0.029597059,0.17278678715229034,0.6057884097099304,0.2906581461429596
YHR044C,YHR079C-A,0,0.029571846,0.17273762822151184,0.6057884097099304,0.2907581627368927
YDR069C,YHR016C,1,0.029526368,0.17297297716140747,0.6067864298820496,0.2907581627368927
YBR123C,YCR008W,0,0.029506281,0.17292377352714539,0.6067864298820496,0.2908581793308258
YMR123W,YJR016C,0,0.02946882,0.17287461459636688,0.6067864298820496,0.2909581959247589
YPR165W,YGR241C,1,0.029283747,0.1731097251176834,0.6077844500541687,0.2909581959247589
YHR161C,YDR264C,1,0.02925317,0.1733447015285492,0.6087824106216431,0.2909581959247589
YDR166C,YLR309C,0,0.029152706,0.17329545319080353,0.6087824106216431,0.291058212518692
YOR257W,YDR404C,0,0.029074043,0.17324623465538025,0.6087824106216431,0.2911582291126251
YNL008C,YPL029W,0,0.028680548,0.17319704592227936,0.6087824106216431,0.2912582457065582
YCR068W,YML062C,0,0.028352395,0.17314788699150085,0.6087824106216431,0.29135826230049133
YDR519W,YEL016C,0,0.0282567,0.17309875786304474,0.6087824106216431,0.29145827889442444
YOL056W,YDL217C,0,0.027984515,0.17304964363574982,0.6087824106216431,0.29155832529067993
YOR007C,YMR116C,0,0.027703837,0.17300057411193848,0.6087824106216431,0.29165834188461304
YOL006C,YMR304W,0,0.027384445,0.17295151948928833,0.6087824106216431,0.29175835847854614
YEL056W,YBR179C,0,0.027383253,0.17290249466896057,0.6087824106216431,0.29185837507247925
YOR028C,YJR092W,0,0.027064994,0.1728534996509552,0.6087824106216431,0.29195839166641235
YDL019C,YHR073W,1,0.026999697,0.17308782041072845,0.6097804307937622,0.29195839166641235
YPL252C,YBR142W,0,0.026901498,0.1730387955904007,0.6097804307937622,0.29205840826034546
YKL071W,YGR262C,0,0.026499912,0.17298980057239532,0.6097804307937622,0.29215842485427856
YNL052W,YNL088W,0,0.026458547,0.17294085025787354,0.6097804307937622,0.29225844144821167
YNL125C,YLR321C,0,0.02610828,0.17289189994335175,0.6097804307937622,0.2923584580421448
YIL048W,YLR206W,1,0.025987163,0.17312587797641754,0.6107784509658813,0.2923584580421448
YMR298W,YFR031C,0,0.02586028,0.17307692766189575,0.6107784509658813,0.29245850443840027
YBR074W,YFL047W,0,0.025507227,0.17302799224853516,0.6107784509658813,0.2925585210323334
YKL203C,YOR089C,1,0.025374725,0.17326173186302185,0.6117764711380005,0.2925585210323334
YHR039C,YMR112C,0,0.02489385,0.17321276664733887,0.6117764711380005,0.2926585376262665
YPL032C,YIR006C,1,0.024794504,0.17344632744789124,0.6127744317054749,0.2926585376262665
YPL177C,YAR008W,0,0.024189502,0.17339734733104706,0.6127744317054749,0.2927585542201996
YMR240C,YJR033C,0,0.024004176,0.17334839701652527,0.6127744317054749,0.2928585708141327
YHR181W,YDR226W,0,0.02375777,0.17329946160316467,0.6127744317054749,0.2929585874080658
YLR224W,YLR286C,0,0.023612157,0.17325057089328766,0.6127744317054749,0.2930586040019989
YER004W,YLR453C,0,0.023373738,0.17320169508457184,0.6127744317054749,0.293158620595932
YDR304C,YNL314W,0,0.023238674,0.1731528490781784,0.6127744317054749,0.2932586371898651
YDR411C,YMR283C,0,0.023084685,0.17310403287410736,0.6127744317054749,0.2933586835861206
YLR077W,YIL128W,0,0.022903249,0.1730552464723587,0.6127744317054749,0.2934587001800537
YML078W,YCL026C-A,0,0.022779718,0.17300647497177124,0.6127744317054749,0.2935587167739868
YOR278W,YNL316C,0,0.022599176,0.17295774817466736,0.6127744317054749,0.2936587333679199
YGL050W,YPL057C,0,0.022118509,0.17290903627872467,0.6127744317054749,0.293758749961853
YGL106W,YDR221W,0,0.022027,0.17286035418510437,0.6127744317054749,0.29385876655578613
YAR066W,YMR284W,0,0.021102414,0.17281170189380646,0.6127744317054749,0.29395878314971924
YNL092W,YER190W,0,0.020654693,0.17276307940483093,0.6127744317054749,0.29405879974365234
YGL200C,YIL129C,0,0.020204544,0.1727144867181778,0.6127744317054749,0.29415884613990784
YIL177C,YOL103W,0,0.020118862,0.17266592383384705,0.6127744317054749,0.29425886273384094
YOR251C,YOR162C,0,0.01985778,0.1726173758506775,0.6127744317054749,0.29435887932777405
YOR077W,YEL002C,0,0.019731209,0.17256885766983032,0.6127744317054749,0.29445889592170715
YHR119W,YDR216W,0,0.019553006,0.17252036929130554,0.6127744317054749,0.29455891251564026
YGR241C,YJR089W,0,0.019286022,0.17247191071510315,0.6127744317054749,0.29465892910957336
YDR264C,YHR073W,1,0.019117102,0.1727042943239212,0.613772451877594,0.29465892910957336
YPR005C,YKL092C,0,0.018727079,0.17265580594539642,0.613772451877594,0.29475894570350647
YCR053W,YBL047C,1,0.018506244,0.17288801074028015,0.6147704720497131,0.29475894570350647
YNL163C,YGL200C,0,0.018100798,0.17283950746059418,0.6147704720497131,0.2948589622974396
YLR421C,YOR046C,0,0.018079907,0.1727910190820694,0.6147704720497131,0.2949589788913727
YDL204W,YPL085W,0,0.017885834,0.1727425754070282,0.6147704720497131,0.2950590252876282
YBL082C,YLR433C,0,0.017395154,0.1726941466331482,0.6147704720497131,0.2951590418815613
YHR172W,YER150W,0,0.01737611,0.17264573276042938,0.6147704720497131,0.2952590584754944
YJL157C,YHR104W,0,0.01728426,0.17259736359119415,0.6147704720497131,0.2953590750694275
YKR018C,YDR167W,0,0.017225534,0.1725490242242813,0.6147704720497131,0.2954590916633606
YGL232W,YDL140C,0,0.016781464,0.17250069975852966,0.6147704720497131,0.2955591082572937
YLR309C,YML091C,0,0.01671052,0.1724524050951004,0.6147704720497131,0.2956591248512268
YBR128C,YOR212W,0,0.016430259,0.17240414023399353,0.6147704720497131,0.2957591414451599
YCR011C,YER065C,0,0.016292378,0.17235590517520905,0.6147704720497131,0.295859158039093
YOL117W,YPL047W,0,0.016042605,0.17230768501758575,0.6147704720497131,0.2959592044353485
YOL108C,YOL045W,0,0.015749946,0.17225950956344604,0.6147704720497131,0.2960592210292816
YNR040W,YLR225C,0,0.015628919,0.17221134901046753,0.6147704720497131,0.2961592376232147
YLR270W,YLL032C,0,0.015315741,0.1721632182598114,0.6147704720497131,0.2962592542171478
YOR098C,YIL027C,0,0.015309647,0.17211511731147766,0.6147704720497131,0.29635927081108093
YKR105C,YPL186C,0,0.015202418,0.1720670461654663,0.6147704720497131,0.29645928740501404
YLR429W,YBR196C,0,0.0148932785,0.17201898992061615,0.6147704720497131,0.29655930399894714
YHR016C,YGR061C,0,0.014343664,0.17197096347808838,0.6147704720497131,0.29665932059288025
YGR026W,YOR071C,0,0.013850078,0.171922966837883,0.6147704720497131,0.29675933718681335
YJR059W,YMR202W,0,0.013674423,0.171875,0.6147704720497131,0.29685938358306885
YPR163C,YLR348C,0,0.013669908,0.1718270629644394,0.6147704720497131,0.29695940017700195
YEL020C,YBR056W,0,0.013526395,0.17177914083003998,0.6147704720497131,0.29705941677093506
YCL034W,YBR129C,0,0.013495728,0.17173124849796295,0.6147704720497131,0.29715943336486816
YNL335W,YAR031W,0,0.013347983,0.1716833859682083,0.6147704720497131,0.29725944995880127
YPR079W,YKL086W,0,0.013223693,0.17163555324077606,0.6147704720497131,0.2973594665527344
YLR214W,YKL025C,0,0.013037592,0.1715877503156662,0.6147704720497131,0.2974594831466675
YMR098C,YNL268W,0,0.012748644,0.17153996229171753,0.6147704720497131,0.2975594997406006
YIL095W,YPL145C,1,0.012688205,0.1717706024646759,0.6157684922218323,0.2975594997406006
YCR028C,YJR125C,1,0.012619004,0.17200110852718353,0.6167664527893066,0.2975594997406006
YDR081C,YDR443C,0,0.012590095,0.1719532608985901,0.6167664527893066,0.2976595461368561
YAR019C,YNL131W,0,0.012461513,0.17190542817115784,0.6167664527893066,0.2977595627307892
YDR238C,YER055C,0,0.01215443,0.17185762524604797,0.6167664527893066,0.2978595793247223
YLR078C,YKR101W,0,0.0116867125,0.1718098372220993,0.6167664527893066,0.2979595959186554
YEL050C,YDR411C,0,0.011375472,0.17176209390163422,0.6167664527893066,0.2980596125125885
YNL257C,YPL237W,0,0.011256516,0.17171436548233032,0.6167664527893066,0.2981596291065216
YFL045C,YLR441C,0,0.01117821,0.17166666686534882,0.6167664527893066,0.2982596457004547
YML123C,YNL087W,0,0.011160418,0.1716189980506897,0.6167664527893066,0.2983596622943878
YGL004C,YOL107W,0,0.010494992,0.17157134413719177,0.6167664527893066,0.2984596788883209
YBR244W,YDR113C,0,0.010464683,0.17152373492717743,0.6167664527893066,0.2985597252845764
YNL314W,YML109W,0,0.010407925,0.17147614061832428,0.6167664527893066,0.2986597418785095
YNR028W,YNL281W,0,0.0103119165,0.17142857611179352,0.6167664527893066,0.2987597584724426
YDR140W,YJR010C-A,0,0.010188773,0.17138102650642395,0.6167664527893066,0.29885977506637573
YHR028C,YLR423C,0,0.009927183,0.17133352160453796,0.6167664527893066,0.29895979166030884
YKL112W,YOR099W,0,0.009854063,0.17128603160381317,0.6167664527893066,0.29905980825424194
YPR080W,YDR126W,0,0.009178594,0.17123857140541077,0.6167664527893066,0.29915982484817505
YPR162C,YHR044C,0,0.008988038,0.17119114100933075,0.6167664527893066,0.29925984144210815
YOL049W,YBR039W,0,0.008708581,0.17114372551441193,0.6167664527893066,0.29935985803604126
YKL130C,YGR238C,0,0.008523837,0.1710963398218155,0.6167664527893066,0.29945990443229675
YDL143W,YOL133W,0,0.007413432,0.17104898393154144,0.6167664527893066,0.29955992102622986
YOR034C,YGR198W,1,0.0074112415,0.17127835750579834,0.6177644729614258,0.29955992102622986
YKR055W,YDR226W,0,0.0073575526,0.1712309867143631,0.6177644729614258,0.29965993762016296
YMR289W,YOR005C,0,0.0069677383,0.17118363082408905,0.6177644729614258,0.29975995421409607
YDR046C,YBR008C,0,0.0065973997,0.1711363047361374,0.6177644729614258,0.2998599708080292
YER125W,YKR058W,0,0.006535545,0.17108899354934692,0.6177644729614258,0.2999599874019623
YAL001C,YOR008C,0,0.006182015,0.17104172706604004,0.6177644729614258,0.3000600039958954
YCR026C,YEL016C,0,0.0060929656,0.17099447548389435,0.6177644729614258,0.3001600205898285
YEL037C,YBR244W,0,0.006002441,0.17094725370407104,0.6177644729614258,0.3002600371837616
YCL032W,YMR159C,0,0.0059595555,0.17090006172657013,0.6177644729614258,0.3003600835800171
YJL100W,YOL103W,0,0.005948752,0.1708528846502304,0.6177644729614258,0.3004601001739502
YPR171W,YFL039C,1,0.005894944,0.17108167707920074,0.6187624931335449,0.3004601001739502
YKL129C,YDR177W,1,0.005858749,0.17131035029888153,0.6197604537010193,0.3004601001739502
YHR086W,YMR194W,0,0.0054819137,0.17126309871673584,0.6197604537010193,0.3005601167678833
YPL032C,YCR053W,1,0.0054672956,0.1714915931224823,0.6207584738731384,0.3005601167678833
YHR114W,YHR073W,1,0.0054607987,0.17171995341777802,0.6217564940452576,0.3005601167678833
YBR026C,YBL028C,0,0.0049826056,0.17167264223098755,0.6217564940452576,0.3006601333618164
YFR021W,YGL226C-A,0,0.0048540235,0.17162534594535828,0.6217564940452576,0.3007601499557495
YHR214C-B,YLR064W,0,0.0047496706,0.1715780794620514,0.6217564940452576,0.3008601665496826
YKL173W,YBR200W,0,0.004713908,0.1715308427810669,0.6217564940452576,0.3009601831436157
YJR066W,YBL055C,0,0.003966525,0.1714836210012436,0.6217564940452576,0.30106019973754883
YIR033W,YIL046W,0,0.0038851947,0.17143642902374268,0.6217564940452576,0.3011602461338043
YJR161C,YEL062W,0,0.0029996186,0.17138926684856415,0.6217564940452576,0.3012602627277374
YCL034W,YPL151C,0,0.0029967874,0.171342134475708,0.6217564940452576,0.30136027932167053
YJR015W,YDR191W,0,0.0027920753,0.17129501700401306,0.6217564940452576,0.30146029591560364
YJL090C,YPL275W,0,0.0023079813,0.1712479442358017,0.6217564940452576,0.30156031250953674
YNL093W,YIL095W,1,0.0021934956,0.17147567868232727,0.6227545142173767,0.30156031250953674
YDR093W,YOR008C,1,0.0014217347,0.1717032939195633,0.6237524747848511,0.30156031250953674
YPL149W,YPR009W,0,0.0013989508,0.17165613174438477,0.6237524747848511,0.30166032910346985
YJL136C,YDL232W,0,0.0012761205,0.17160899937152863,0.6237524747848511,0.30176034569740295
YGR089W,YPL232W,0,0.001259312,0.17156189680099487,0.6237524747848511,0.30186036229133606
YOR188W,YJL137C,0,0.0011730194,0.1715148240327835,0.6237524747848511,0.30196037888526917
YDL200C,YDL101C,0,0.0010107309,0.17146776616573334,0.6237524747848511,0.30206042528152466
YER056C-A,YDL147W,0,0.00078965724,0.17142073810100555,0.6237524747848511,0.30216044187545776
YCR030C,YGR216C,0,0.00076933205,0.17137372493743896,0.6237524747848511,0.30226045846939087
YDR402C,YNL162W,0,0.0006071478,0.17132675647735596,0.6237524747848511,0.302360475063324
YNL084C,YDL231C,1,0.0005082786,0.1715538501739502,0.6247504949569702,0.302360475063324
YHR042W,YBR278W,0,0.00044341385,0.1715068519115448,0.6247504949569702,0.3024604916572571
YDL078C,YNL261W,0,0.0003273338,0.1714598685503006,0.6247504949569702,0.3025605082511902
YHR183W,YHR083W,0,0.000293985,0.17141292989253998,0.6247504949569702,0.3026605248451233
YOR307C,YGL124C,0,0.0001821369,0.17136600613594055,0.6247504949569702,0.3027605414390564
YCL024W,YBL020W,0,4.658103e-05,0.17131909728050232,0.6247504949569702,0.3028605580329895
YBL045C,YCR017C,0,-0.00015024841,0.17127223312854767,0.6247504949569702,0.302960604429245
YMR083W,YNL305C,0,-0.0010195822,0.1712253838777542,0.6247504949569702,0.3030606210231781
YBR057C,YMR284W,0,-0.001200527,0.17117856442928314,0.6247504949569702,0.3031606376171112
YER153C,YLR287C-A,0,-0.0012274832,0.17113175988197327,0.6247504949569702,0.3032606542110443
YOR313C,YOR388C,0,-0.0015715808,0.17108500003814697,0.6247504949569702,0.3033606708049774
YOR336W,YEL020C,0,-0.001965478,0.17103825509548187,0.6247504949569702,0.3034606873989105
YDR314C,YLR192C,0,-0.0022805184,0.17099152505397797,0.6247504949569702,0.30356070399284363
YMR319C,YBR240C,0,-0.0023306608,0.17094483971595764,0.6247504949569702,0.30366072058677673
YGL062W,YNL256W,0,-0.0024834424,0.1708981692790985,0.6247504949569702,0.3037607669830322
YOR371C,YPR164W,0,-0.0030053407,0.17085152864456177,0.6247504949569702,0.30386078357696533
YBR207W,YOR322C,1,-0.0030877292,0.17107775807380676,0.6257485151290894,0.30386078357696533
YDR186C,YDL212W,0,-0.0032208115,0.17103110253810883,0.6257485151290894,0.30396080017089844
YNL331C,YNL146W,0,-0.003320396,0.17098446190357208,0.6257485151290894,0.30406081676483154
YGL128C,YFR028C,0,-0.0033771843,0.17093783617019653,0.6257485151290894,0.30416083335876465
YDR388W,YNL032W,1,-0.0035414845,0.17116381227970123,0.6267465353012085,0.30416083335876465
YGR271W,YDR131C,0,-0.0038280934,0.1711171716451645,0.6267465353012085,0.30426084995269775
YCL025C,YDR486C,0,-0.004016906,0.17107054591178894,0.6267465353012085,0.30436086654663086
YMR304W,YFL037W,0,-0.0042697936,0.17102396488189697,0.6267465353012085,0.30446088314056396
YIL094C,YFL031W,0,-0.0043548495,0.1709773987531662,0.6267465353012085,0.30456089973449707
YCL034W,YNL243W,1,-0.00485906,0.17120304703712463,0.6277444958686829,0.30456089973449707
YPL032C,YDR264C,1,-0.0050301403,0.17142857611179352,0.628742516040802,0.30456089973449707
YDR488C,YJR161C,0,-0.0053090006,0.17138193547725677,0.628742516040802,0.30466094613075256
YAL026C,YPR171W,1,-0.0053657144,0.17160728573799133,0.6297405362129211,0.30466094613075256
YBL079W,YJR029W,0,-0.005370423,0.1715606302022934,0.6297405362129211,0.30476096272468567
YAL044C,YOL027C,0,-0.005862385,0.17151400446891785,0.6297405362129211,0.3048609793186188
YLR153C,YKL208W,0,-0.0060934573,0.1714673936367035,0.6297405362129211,0.3049609959125519
YOR034C,YPL004C,1,-0.0064695925,0.17169247567653656,0.6307384967803955,0.3049609959125519
YGR189C,YML104C,0,-0.006517783,0.171645849943161,0.6307384967803955,0.305061012506485
YNL084C,YNR075W,1,-0.007262945,0.17187075316905975,0.6317365169525146,0.305061012506485
YNL085W,YMR017W,0,-0.007477209,0.17182409763336182,0.6317365169525146,0.3051610291004181
YCR040W,YPR073C,0,-0.007558018,0.17177747189998627,0.6317365169525146,0.3052610456943512
YMR282C,YAR002C-A,0,-0.008075044,0.1717308759689331,0.6317365169525146,0.3053610622882843
YHL032C,YKL007W,0,-0.008434132,0.17168429493904114,0.6317365169525146,0.3054610788822174
YJL047C,YPL128C,0,-0.008569732,0.17163774371147156,0.6317365169525146,0.3055611252784729
YOR034C,YBL007C,1,-0.008612812,0.17186228930950165,0.6327345371246338,0.3055611252784729
YCR083W,YNL050C,0,-0.008695856,0.17181572318077087,0.6327345371246338,0.305661141872406
YMR218C,YNL336W,0,-0.009257719,0.1717691719532013,0.6327345371246338,0.3057611584663391
YGL059W,YPL051W,0,-0.009502724,0.1717226505279541,0.6327345371246338,0.3058611750602722
YNR008W,YLR309C,0,-0.009662002,0.1716761440038681,0.6327345371246338,0.3059611916542053
YIR003W,YLR188W,0,-0.009821251,0.1716296672821045,0.6327345371246338,0.3060612082481384
YKL017C,YFR046C,0,-0.009892017,0.17158322036266327,0.6327345371246338,0.30616122484207153
YCL063W,YOR386W,0,-0.00995934,0.17153680324554443,0.6327345371246338,0.30626124143600464
YDR487C,YMR150C,0,-0.010154143,0.1714904010295868,0.6327345371246338,0.30636125802993774
YOR034C,YCL034W,1,-0.0105062425,0.1717144399881363,0.6337325572967529,0.30636125802993774
YOR147W,YER112W,0,-0.011115432,0.17166802287101746,0.6337325572967529,0.30646130442619324
YGR198W,YBR245C,0,-0.011447355,0.17162162065505981,0.6337325572967529,0.30656132102012634
YHL004W,YNL316C,0,-0.011822239,0.17157524824142456,0.6337325572967529,0.30666133761405945
YHL018W,YKL086W,0,-0.012270018,0.1715289056301117,0.6337325572967529,0.30676135420799255
YMR071C,YER008C,0,-0.012307808,0.17148257791996002,0.6337325572967529,0.30686137080192566
YOR007C,YER170W,0,-0.012377486,0.17143628001213074,0.6337325572967529,0.30696138739585876
YFR015C,YGR221C,0,-0.013662919,0.17139001190662384,0.6337325572967529,0.30706140398979187
YHR001W,YNL115C,0,-0.013924167,0.17134377360343933,0.6337325572967529,0.307161420583725
YOR212W,YJR010C-A,0,-0.013985977,0.17129755020141602,0.6337325572967529,0.30726146697998047
YGR035C,YGL160W,0,-0.0145178735,0.1712513417005539,0.6337325572967529,0.3073614835739136
YML001W,YAR042W,1,-0.014677241,0.17147478461265564,0.6347305178642273,0.3073614835739136
YMR236W,YOL147C,0,-0.014807776,0.17142857611179352,0.6347305178642273,0.3074615001678467
YER125W,YNL243W,1,-0.014841542,0.17165184020996094,0.6357285380363464,0.3074615001678467
YML012W,YGR239C,0,-0.015655473,0.17160560190677643,0.6357285380363464,0.3075615167617798
YPR103W,YPR127W,0,-0.015796006,0.1715593785047531,0.6357285380363464,0.3076615333557129
YOR118W,YGR124W,0,-0.015903369,0.17151319980621338,0.6357285380363464,0.307761549949646
YOR292C,YDL155W,0,-0.015938625,0.17146702110767365,0.6357285380363464,0.3078615665435791
YMR086W,YMR061W,0,-0.016159266,0.1714208871126175,0.6357285380363464,0.3079615831375122
YOR367W,YGL094C,0,-0.016193524,0.17137476801872253,0.6357285380363464,0.3080615997314453
YNR003C,YJL171C,0,-0.016345501,0.17132867872714996,0.6357285380363464,0.3081616461277008
YGR012W,YPR001W,0,-0.016663916,0.1712826043367386,0.6357285380363464,0.3082616627216339
YNL280C,YLR278C,0,-0.016861722,0.1712365597486496,0.6357285380363464,0.308361679315567
YCR027C,YNL138W,0,-0.016986124,0.171190544962883,0.6357285380363464,0.3084616959095001
YLR401C,YKL174C,0,-0.017304018,0.1711445450782776,0.6357285380363464,0.3085617125034332
YGR227W,YNL254C,0,-0.017316714,0.17109857499599457,0.6357285380363464,0.30866172909736633
YFL004W,YLR132C,0,-0.017842576,0.17105263471603394,0.6357285380363464,0.30876174569129944
YCL033C,YPR104C,0,-0.017915353,0.1710067093372345,0.6357285380363464,0.30886176228523254
YGL150C,YBL092W,0,-0.017926112,0.17096081376075745,0.6357285380363464,0.30896177887916565
YKL160W,YGR006W,0,-0.018134981,0.17091494798660278,0.6357285380363464,0.30906182527542114
YOR043W,YGR241C,1,-0.018285245,0.17113733291625977,0.6367265582084656,0.30906182527542114
YFL050C,YIL088C,0,-0.018418938,0.1710914522409439,0.6367265582084656,0.30916184186935425
YOL105C,YKR025W,0,-0.018537253,0.17104557156562805,0.6367265582084656,0.30926185846328735
YMR208W,YNR002C,0,-0.018692806,0.17099973559379578,0.6367265582084656,0.30936187505722046
YMR106C,YOR036W,0,-0.018698126,0.1709539145231247,0.6367265582084656,0.30946189165115356
YJR014W,YGR124W,0,-0.018755913,0.170908123254776,0.6367265582084656,0.30956190824508667
YOR261C,YLR191W,0,-0.018963411,0.1708623468875885,0.6367265582084656,0.3096619248390198
YCR033W,YPL066W,0,-0.019385055,0.1708166003227234,0.6367265582084656,0.3097619414329529
YAL026C,YLL038C,1,-0.019489452,0.17103853821754456,0.6377245783805847,0.3097619414329529
YNL125C,YIL177C,0,-0.019739494,0.17099277675151825,0.6377245783805847,0.309861958026886
YER068W,YOL030W,0,-0.020133868,0.17094703018665314,0.6377245783805847,0.3099620044231415
YDL047W,YLR138W,0,-0.020273566,0.1709013134241104,0.6377245783805847,0.3100620210170746
YDR085C,YDR158W,0,-0.020412222,0.17085561156272888,0.6377245783805847,0.3101620376110077
YGL136C,YIR028W,0,-0.02041813,0.17080993950366974,0.6377245783805847,0.3102620542049408
YDR489W,YLR307W,0,-0.02106087,0.17076429724693298,0.6377245783805847,0.3103620707988739
YPR004C,YHR216W,0,-0.02122821,0.17071866989135742,0.6377245783805847,0.310462087392807
YDR082W,YOR297C,0,-0.02146031,0.17067307233810425,0.6377245783805847,0.3105621039867401
YGR121C,YDR138W,0,-0.021917865,0.17062750458717346,0.6377245783805847,0.3106621205806732
YCR093W,YOR368W,0,-0.022324398,0.17058195173740387,0.6377245783805847,0.3107621669769287
YKL171W,YJL172W,0,-0.022635296,0.17053642868995667,0.6377245783805847,0.3108621835708618
YJR077C,YJL149W,0,-0.022973046,0.17049093544483185,0.6377245783805847,0.3109622001647949
YIL124W,YMR094W,0,-0.023147777,0.17044545710086823,0.6377245783805847,0.311062216758728
YLR013W,YLR318W,0,-0.0234548,0.1703999936580658,0.6377245783805847,0.31116223335266113
YNL093W,YIR006C,1,-0.02345641,0.17062117159366608,0.6387225389480591,0.31116223335266113
YIL095W,YKL126W,1,-0.023814842,0.1708422154188156,0.6397205591201782,0.31116223335266113
YPR005C,YBR160W,0,-0.02382876,0.1707966923713684,0.6397205591201782,0.31126224994659424
YDR182W,YPL212C,0,-0.024637058,0.1707511991262436,0.6397205591201782,0.31136226654052734
YJL011C,YMR104C,0,-0.024916992,0.17070572078227997,0.6397205591201782,0.31146228313446045
YNL254C,YNR023W,0,-0.024984747,0.17066027224063873,0.6397205591201782,0.31156229972839355
YGR215W,YIL095W,0,-0.025010563,0.17061485350131989,0.6397205591201782,0.31166234612464905
YLR419W,YLR144C,0,-0.02506122,0.17056944966316223,0.6397205591201782,0.31176236271858215
YDR419W,YAL020C,0,-0.02506797,0.17052407562732697,0.6397205591201782,0.31186237931251526
YDR356W,YGR135W,0,-0.025620997,0.1704787164926529,0.6397205591201782,0.31196239590644836
YER120W,YOR256C,0,-0.026205301,0.1704334020614624,0.6397205591201782,0.31206241250038147
YHR167W,YCR017C,0,-0.026301235,0.1703880876302719,0.6397205591201782,0.3121624290943146
YGL147C,YDR294C,0,-0.026398554,0.170342817902565,0.6397205591201782,0.3122624456882477
YPR191W,YPR021C,0,-0.026835658,0.1702975630760193,0.6397205591201782,0.3123624622821808
YGL090W,YNL225C,0,-0.027087137,0.17025232315063477,0.6397205591201782,0.3124624788761139
YML058W-A,YJR089W,0,-0.027135432,0.17020711302757263,0.6397205591201782,0.3125625252723694
YHR094C,YDR382W,0,-0.027141497,0.17016193270683289,0.6397205591201782,0.3126625418663025
YJR015W,YBR276C,0,-0.027273431,0.17011676728725433,0.6397205591201782,0.3127625584602356
YJL082W,YNL297C,0,-0.027733266,0.17007163166999817,0.6397205591201782,0.3128625750541687
YJL198W,YOL019W,0,-0.028165355,0.1700265258550644,0.6397205591201782,0.3129625916481018
YKR024C,YJL121C,0,-0.028171137,0.1699814349412918,0.6397205591201782,0.3130626082420349
YMR109W,YAL030W,1,-0.028429583,0.17020148038864136,0.6407185792922974,0.3130626082420349
YBL067C,YIL121W,0,-0.028714642,0.17015637457370758,0.6407185792922974,0.313162624835968
YDR052C,YMR284W,0,-0.02931033,0.170111283659935,0.6407185792922974,0.3132626414299011
YGR108W,YGL241W,0,-0.029369399,0.1700662225484848,0.6407185792922974,0.31336265802383423
YPR181C,YFL041W,0,-0.030212171,0.170021191239357,0.6407185792922974,0.3134627044200897
YHR123W,YBR127C,0,-0.030468062,0.16997617483139038,0.6407185792922974,0.3135627210140228
YNL243W,YGR086C,1,-0.030687168,0.17019587755203247,0.6417165398597717,0.3135627210140228
YDR129C,YOR322C,1,-0.030758679,0.170415461063385,0.6427145600318909,0.3135627210140228
YJL010C,YBR214W,0,-0.031418696,0.17037037014961243,0.6427145600318909,0.31366273760795593
YHR215W,YGR221C,0,-0.03169678,0.17032530903816223,0.6427145600318909,0.31376275420188904
YOR099W,YAL010C,0,-0.03182724,0.17028027772903442,0.6427145600318909,0.31386277079582214
YOR292C,YBR176W,0,-0.03185557,0.1702352613210678,0.6427145600318909,0.31396278738975525
YBR031W,YER095W,0,-0.03215359,0.17019027471542358,0.6427145600318909,0.31406280398368835
YER083C,YML088W,0,-0.03216906,0.17014530301094055,0.6427145600318909,0.31416282057762146
YDR510W,YGL160W,0,-0.03217691,0.1701003760099411,0.6427145600318909,0.31426286697387695
YER154W,YGR020C,0,-0.032342263,0.17005544900894165,0.6427145600318909,0.31436288356781006
YDR466W,YDR222W,0,-0.032525763,0.17001056671142578,0.6427145600318909,0.31446290016174316
YKL119C,YGR200C,0,-0.032643452,0.1699656844139099,0.6427145600318909,0.31456291675567627
YMR029C,YML110C,0,-0.032917097,0.16992084681987762,0.6427145600318909,0.3146629333496094
YLL040C,YGR061C,0,-0.033379413,0.16987602412700653,0.6427145600318909,0.3147629499435425
YDR011W,YDR088C,0,-0.033445045,0.16983121633529663,0.6427145600318909,0.3148629665374756
YIL160C,YLR459W,0,-0.03365326,0.1697864532470703,0.6427145600318909,0.3149629831314087
YOR039W,YHL027W,0,-0.03381701,0.169741690158844,0.6427145600318909,0.3150629997253418
YDR174W,YHR129C,0,-0.034307554,0.16969697177410126,0.6427145600318909,0.3151630461215973
YER027C,YBL074C,0,-0.034486607,0.16965226829051971,0.6427145600318909,0.3152630627155304
YOR127W,YLR359W,0,-0.034536287,0.16960757970809937,0.6427145600318909,0.3153630793094635
YLR418C,YNL021W,0,-0.034777537,0.1695629209280014,0.6427145600318909,0.3154630959033966
YOR288C,YCR010C,0,-0.03566408,0.16951829195022583,0.6427145600318909,0.3155631124973297
YNL121C,YDR137W,0,-0.036140725,0.16947367787361145,0.6427145600318909,0.3156631290912628
YDL049C,YBR201W,0,-0.036376625,0.16942909359931946,0.6427145600318909,0.3157631456851959
YGL077C,YKL198C,0,-0.036421373,0.16938453912734985,0.6427145600318909,0.31586316227912903
YJR151C,YGL211W,0,-0.03664857,0.16933999955654144,0.6427145600318909,0.31596317887306213
YBR213W,YDR497C,0,-0.037458718,0.16929547488689423,0.6427145600318909,0.3160632252693176
YBR127C,YDR320C,0,-0.037490867,0.1692509800195694,0.6427145600318909,0.31616324186325073
YBR074W,YLR225C,0,-0.03790717,0.16920651495456696,0.6427145600318909,0.31626325845718384
YGR014W,YFL066C,0,-0.038222127,0.1691620647907257,0.6427145600318909,0.31636327505111694
YNL227C,YIL041W,1,-0.038284197,0.16938024759292603,0.64371258020401,0.31636327505111694
YNL152W,YLR421C,0,-0.03830219,0.16933578252792358,0.64371258020401,0.31646329164505005
YHL044W,YDR047W,0,-0.03842227,0.16929133236408234,0.64371258020401,0.31656330823898315
YGL079W,YBR126C,0,-0.038823858,0.16924691200256348,0.64371258020401,0.31666332483291626
YLR270W,YBR136W,0,-0.03940738,0.169202521443367,0.64371258020401,0.31676334142684937
YGL200C,YNL131W,0,-0.039466806,0.16915814578533173,0.64371258020401,0.31686335802078247
YOL086C,YNR069C,0,-0.040063426,0.16911378502845764,0.64371258020401,0.31696340441703796
YGR171C,YAL055W,0,-0.040622935,0.16906946897506714,0.64371258020401,0.31706342101097107
YGL254W,YNL006W,0,-0.041560598,0.16902515292167664,0.64371258020401,0.3171634376049042
YHR077C,YDR116C,0,-0.04175763,0.16898088157176971,0.64371258020401,0.3172634541988373
YJR013W,YBR179C,0,-0.041788623,0.1689366102218628,0.64371258020401,0.3173634707927704
YNL242W,YIL021W,0,-0.042043023,0.16889238357543945,0.64371258020401,0.3174634873867035
YOR288C,YCR072C,0,-0.042084828,0.1688481718301773,0.64371258020401,0.3175635039806366
YMR276W,YOL057W,0,-0.042273015,0.16880397498607635,0.64371258020401,0.3176635205745697
YDR258C,YLR274W,0,-0.04229191,0.1687598079442978,0.64371258020401,0.3177635669708252
YDR129C,YEL027W,1,-0.042295843,0.16897724568843842,0.6447106003761292,0.3177635669708252
YIL050W,YHR058C,0,-0.0423142,0.16893304884433746,0.6447106003761292,0.3178635835647583
YDR423C,YGL021W,0,-0.04247585,0.1688888818025589,0.6447106003761292,0.3179636001586914
YMR049C,YLR066W,0,-0.042667553,0.16884474456310272,0.6447106003761292,0.3180636167526245
YHR175W,YEL061C,0,-0.042712092,0.16880062222480774,0.6447106003761292,0.3181636333465576
YBR265W,YGR056W,0,-0.042845875,0.16875652968883514,0.6447106003761292,0.3182636499404907
YNL037C,YDR034C,0,-0.043015286,0.16871245205402374,0.6447106003761292,0.31836366653442383
YNL272C,YLR291C,0,-0.04306063,0.16866840422153473,0.6447106003761292,0.31846368312835693
YLR071C,YOL064C,0,-0.043305643,0.1686243861913681,0.6447106003761292,0.31856369972229004
YDL047W,YBL030C,0,-0.043428853,0.16858038306236267,0.6447106003761292,0.31866374611854553
YIL048W,YPL145C,1,-0.04384926,0.16879728436470032,0.6457085609436035,0.31866374611854553
YLR135W,YPL104W,0,-0.043907568,0.1687532663345337,0.6457085609436035,0.31876376271247864
YDL133C-A,YGL186C,0,-0.0439851,0.16870926320552826,0.6457085609436035,0.31886377930641174
YNL212W,YJL006C,0,-0.044018105,0.16866527497768402,0.6457085609436035,0.31896379590034485
YJR065C,YDL185W,0,-0.044151396,0.16862131655216217,0.6457085609436035,0.31906381249427795
YPL241C,YMR197C,0,-0.04431753,0.1685773879289627,0.6457085609436035,0.31916382908821106
YBR098W,YHR161C,0,-0.044470876,0.16853347420692444,0.6457085609436035,0.31926384568214417
YHR109W,YOR275C,0,-0.0444725,0.16848959028720856,0.6457085609436035,0.31936386227607727
YBR273C,YBR142W,0,-0.044491112,0.16844572126865387,0.6457085609436035,0.3194638788700104
YIL015W,YKL015W,0,-0.044705197,0.16840186715126038,0.6457085609436035,0.31956392526626587
YDL085W,YOL068C,0,-0.045501783,0.16835805773735046,0.6457085609436035,0.319663941860199
YBL047C,YGR086C,1,-0.04553537,0.16857440769672394,0.6467065811157227,0.319663941860199
YNL046W,YMR146C,0,-0.045695305,0.16853055357933044,0.6467065811157227,0.3197639584541321
YJL066C,YLL054C,0,-0.046031877,0.16848674416542053,0.6467065811157227,0.3198639750480652
YMR162C,YJR137C,0,-0.04643248,0.16844294965267181,0.6467065811157227,0.3199639916419983
YDL190C,YLR040C,0,-0.046451896,0.1683991700410843,0.6467065811157227,0.3200640082359314
YKR014C,YLL038C,1,-0.04648809,0.1686152219772339,0.6477046012878418,0.3200640082359314
YLR134W,YIR018W,0,-0.04659909,0.16857142746448517,0.6477046012878418,0.3201640248298645
YOR356W,YKL025C,0,-0.046875283,0.16852764785289764,0.6477046012878418,0.3202640414237976
YLR066W,YBR215W,0,-0.04709661,0.1684838980436325,0.6477046012878418,0.3203640580177307
YOL100W,YBL098W,0,-0.047444776,0.16844017803668976,0.6477046012878418,0.3204641044139862
YDL014W,YDR130C,0,-0.047602832,0.1683964729309082,0.6477046012878418,0.3205641210079193
YHR094C,YDR254W,0,-0.047763288,0.16835278272628784,0.6477046012878418,0.3206641376018524
YNR012W,YLR028C,0,-0.04788111,0.16830912232398987,0.6477046012878418,0.3207641541957855
YGR286C,YCR077C,0,-0.048171476,0.16826549172401428,0.6477046012878418,0.32086417078971863
YDR298C,YOL158C,0,-0.049076304,0.1682218760251999,0.6477046012878418,0.32096418738365173
YHR050W,YJR029W,0,-0.049377397,0.16817829012870789,0.6477046012878418,0.32106420397758484
YDR346C,YKL193C,0,-0.04938084,0.16813471913337708,0.6477046012878418,0.32116422057151794
YKL190W,YJR101W,0,-0.049425416,0.16809116303920746,0.6477046012878418,0.32126426696777344
YBR128C,YKL084W,0,-0.050405428,0.16804763674736023,0.6477046012878418,0.32136428356170654
YGL206C,YNL032W,1,-0.05074559,0.1682630032300949,0.6487026214599609,0.32136428356170654
YPR026W,YJL178C,0,-0.050868392,0.1682194620370865,0.6487026214599609,0.32146430015563965
YJR159W,YDR167W,0,-0.05120723,0.16817593574523926,0.6487026214599609,0.32156431674957275
YKR098C,YIL076W,0,-0.05127074,0.16813243925571442,0.6487026214599609,0.32166433334350586
YBR042C,YGL190C,0,-0.051287413,0.16808895766735077,0.6487026214599609,0.32176434993743896
YPL188W,YLR425W,0,-0.051595777,0.1680455058813095,0.6487026214599609,0.32186436653137207
YCR014C,YCR081W,0,-0.05168116,0.16800206899642944,0.6487026214599609,0.3219643831253052
YFL055W,YNL309W,0,-0.051690623,0.16795866191387177,0.6487026214599609,0.3220643997192383
YMR030W,YLL042C,0,-0.051986396,0.16791526973247528,0.6487026214599609,0.3221644461154938
YDR322W,YNL220W,0,-0.051997215,0.16787190735340118,0.6487026214599609,0.3222644627094269
YER138C,YNL158W,0,-0.05249095,0.16782855987548828,0.6487026214599609,0.32236447930336
YKL065C,YDR419W,0,-0.052610636,0.16778524219989777,0.6487026214599609,0.3224644958972931
YMR273C,YIL050W,0,-0.05272545,0.16774193942546844,0.6487026214599609,0.3225645124912262
YDR191W,YDR481C,0,-0.05342166,0.16769865155220032,0.6487026214599609,0.3226645290851593
YMR172W,YGL173C,0,-0.05352646,0.16765540838241577,0.6487026214599609,0.3227645456790924
YNL107W,YLL055W,0,-0.053938247,0.16761216521263123,0.6487026214599609,0.3228645622730255
YFL024C,YBL091C-A,0,-0.05405496,0.16756896674633026,0.6487026214599609,0.3229645788669586
YOR181W,YDR264C,1,-0.054145,0.16778349876403809,0.6497005820274353,0.3229645788669586
YDR099W,YOR043W,0,-0.054504633,0.16774027049541473,0.6497005820274353,0.3230646252632141
YBR135W,YGL226C-A,0,-0.055211812,0.16769705712795258,0.6497005820274353,0.3231646418571472
YJR088C,YBL057C,0,-0.055243865,0.1676538735628128,0.6497005820274353,0.3232646584510803
YOR344C,YIL128W,0,-0.055287376,0.16761070489883423,0.6497005820274353,0.3233646750450134
YPL024W,YBR286W,0,-0.055577755,0.16756756603717804,0.6497005820274353,0.32346469163894653
YCR053W,YIL004C,0,-0.055813,0.16752444207668304,0.6497005820274353,0.32356470823287964
YHR104W,YJL129C,0,-0.056172594,0.16748134791851044,0.6497005820274353,0.32366472482681274
YDL159W,YMR136W,0,-0.05617766,0.16743826866149902,0.6497005820274353,0.32376474142074585
YBR183W,YLR370C,0,-0.05680187,0.16739521920681,0.6497005820274353,0.32386478781700134
YLR447C,YDR453C,0,-0.056946263,0.16735218465328217,0.6497005820274353,0.32396480441093445
YLR133W,YBL098W,0,-0.0571713,0.16730917990207672,0.6497005820274353,0.32406482100486755
YPL091W,YAL003W,0,-0.057279184,0.16726619005203247,0.6497005820274353,0.32416483759880066
YER068W,YDL084W,0,-0.057767883,0.16722321510314941,0.6497005820274353,0.32426485419273376
YJL108C,YPR031W,0,-0.05795852,0.16718026995658875,0.6497005820274353,0.32436487078666687
YMR109W,YDL231C,1,-0.057979614,0.16739410161972046,0.6506986021995544,0.32436487078666687
YDL161W,YOL067C,0,-0.058112115,0.1673511266708374,0.6506986021995544,0.3244648873806
YGR189C,YBR056W,0,-0.05840896,0.16730818152427673,0.6506986021995544,0.3245649039745331
YOL112W,YOR084W,0,-0.058474362,0.16726526618003845,0.6506986021995544,0.3246649205684662
YKR045C,YPL158C,0,-0.058525622,0.16722236573696136,0.6506986021995544,0.3247649669647217
YLR134W,YGL011C,0,-0.058917053,0.16717948019504547,0.6506986021995544,0.3248649835586548
YBR098W,YHR091C,0,-0.05904217,0.16713662445545197,0.6506986021995544,0.3249650001525879
YMR315W,YLL036C,0,-0.059136584,0.16709379851818085,0.6506986021995544,0.325065016746521
YGR198W,YKL203C,1,-0.059365854,0.16730719804763794,0.6516966223716736,0.325065016746521
YNL131W,YDL140C,0,-0.05939474,0.16726434230804443,0.6516966223716736,0.3251650333404541
YOR375C,YER061C,0,-0.059869543,0.16722151637077332,0.6516966223716736,0.3252650499343872
YDR205W,YAL043C,0,-0.061152786,0.1671787053346634,0.6516966223716736,0.3253650665283203
YHR121W,YNL321W,0,-0.061250106,0.16713590919971466,0.6516966223716736,0.3254650831222534
YAL016W,YOR303W,0,-0.061645493,0.16709314286708832,0.6516966223716736,0.3255650997161865
YLL043W,YDR034C,0,-0.062218577,0.16705039143562317,0.6516966223716736,0.325665146112442
YER020W,YNR021W,0,-0.06226197,0.1670076698064804,0.6516966223716736,0.3257651627063751
YGL032C,YOR030W,0,-0.06265086,0.16696497797966003,0.6516966223716736,0.3258651793003082
YJL082W,YDL161W,0,-0.062851354,0.16692228615283966,0.6516966223716736,0.32596519589424133
YJR066W,YGR263C,0,-0.06285475,0.16687963902950287,0.6516966223716736,0.32606521248817444
YPR030W,YGR072W,0,-0.06330148,0.16683699190616608,0.6516966223716736,0.32616522908210754
YBR120C,YMR160W,0,-0.06343718,0.16679437458515167,0.6516966223716736,0.32626524567604065
YDR506C,YFL038C,0,-0.06368012,0.16675178706645966,0.6516966223716736,0.32636526226997375
YJR045C,YGR286C,0,-0.063696,0.16670921444892883,0.6516966223716736,0.32646527886390686
YBR282W,YBR258C,0,-0.06379625,0.1666666716337204,0.6516966223716736,0.32656532526016235
YHR164C,YJL008C,0,-0.06401865,0.16662414371967316,0.6516966223716736,0.32666534185409546
YPL048W,YPL103C,0,-0.064325884,0.1665816307067871,0.6516966223716736,0.32676535844802856
YPR178W,YDL040C,0,-0.064475015,0.16653914749622345,0.6516966223716736,0.32686537504196167
YIL099W,YJL172W,0,-0.06482749,0.16649667918682098,0.6516966223716736,0.3269653916358948
YBR068C,YOR294W,0,-0.06498517,0.1664542406797409,0.6516966223716736,0.3270654082298279
YOR128C,YCR008W,0,-0.06505318,0.16641183197498322,0.6516966223716736,0.327165424823761
YOR155C,YDL101C,0,-0.06519838,0.16636942327022552,0.6516966223716736,0.3272654414176941
YDR387C,YER124C,0,-0.06600743,0.16632704436779022,0.6516966223716736,0.3273654878139496
YKL041W,YIL031W,0,-0.06655328,0.1662846952676773,0.6516966223716736,0.3274655044078827
YOR329C,YNR046W,0,-0.06662364,0.16624236106872559,0.6516966223716736,0.3275655210018158
YNL267W,YKL178C,0,-0.066653326,0.16620005667209625,0.6516966223716736,0.3276655375957489
YER091C,YGR125W,0,-0.06672642,0.1661577671766281,0.6516966223716736,0.327765554189682
YCR046C,YJR076C,0,-0.066814974,0.16611549258232117,0.6516966223716736,0.3278655707836151
YDR411C,YOL157C,0,-0.066970006,0.1660732477903366,0.6516966223716736,0.3279655873775482
YKR018C,YMR271C,0,-0.06743403,0.16603101789951324,0.6516966223716736,0.3280656039714813
YPL240C,YBR298C,0,-0.067435876,0.16598881781101227,0.6516966223716736,0.32816562056541443
YOL033W,YDR524C,0,-0.0682092,0.16594663262367249,0.6516966223716736,0.3282656669616699
YPL096W,YBR067C,0,-0.06828386,0.1659044772386551,0.6516966223716736,0.328365683555603
YDL097C,YOR351C,0,-0.06841521,0.1658623367547989,0.6516966223716736,0.32846570014953613
YMR024W,YPR152C,0,-0.06862159,0.16582021117210388,0.6516966223716736,0.32856571674346924
YPL230W,YPR070W,0,-0.06870569,0.16577811539173126,0.6516966223716736,0.32866573333740234
YAL024C,YDL150W,0,-0.06870881,0.16573603451251984,0.6516966223716736,0.32876574993133545
YFR055W,YOL110W,0,-0.069207385,0.1656939834356308,0.6516966223716736,0.32886576652526855
YLR359W,YOR215C,0,-0.06964071,0.16565194725990295,0.6516966223716736,0.32896578311920166
YLR077W,YPR080W,0,-0.069857076,0.1656099408864975,0.6516966223716736,0.32906579971313477
YDL121C,YBL003C,0,-0.070314825,0.16556794941425323,0.6516966223716736,0.32916584610939026
YLR077W,YFL029C,0,-0.07035887,0.16552598774433136,0.6516966223716736,0.32926586270332336
YKL129C,YNL243W,1,-0.070408046,0.16573745012283325,0.652694582939148,0.32926586270332336
YHR027C,YGL086W,0,-0.07057996,0.165695458650589,0.652694582939148,0.32936587929725647
YJL122W,YPL273W,0,-0.0707639,0.16565349698066711,0.652694582939148,0.3294658958911896
YLL043W,YBR145W,0,-0.07109496,0.16561155021190643,0.652694582939148,0.3295659124851227
YEL060C,YPL042C,0,-0.071366385,0.16556961834430695,0.652694582939148,0.3296659290790558
YDR492W,YHR160C,0,-0.071389176,0.16552771627902985,0.652694582939148,0.3297659456729889
YER114C,YML010W,0,-0.07155299,0.16548582911491394,0.652694582939148,0.329865962266922
YGR105W,YGL047W,0,-0.071747854,0.16544397175312042,0.652694582939148,0.3299659788608551
YMR168C,YLR110C,0,-0.0726663,0.1654021292924881,0.652694582939148,0.3300660252571106
YCL052C,YKL221W,0,-0.073041156,0.16536030173301697,0.652694582939148,0.3301660418510437
YJR025C,YDL184C,0,-0.07310408,0.16531850397586823,0.652694582939148,0.3302660584449768
YJR045C,YIL073C,0,-0.07321249,0.16527672111988068,0.652694582939148,0.3303660750389099
YER082C,YLR105C,0,-0.073255196,0.16523496806621552,0.652694582939148,0.330466091632843
YLR182W,YOL152W,0,-0.073607095,0.16519322991371155,0.652694582939148,0.3305661082267761
YGR271W,YOR375C,0,-0.07371445,0.16515152156352997,0.652694582939148,0.33066612482070923
YKL179C,YNL122C,0,-0.07375036,0.16510982811450958,0.652694582939148,0.33076614141464233
YLL043W,YIL027C,0,-0.07377885,0.1650681495666504,0.652694582939148,0.3308661878108978
YER070W,YKL181W,0,-0.07415943,0.1650265008211136,0.652694582939148,0.33096620440483093
YGR274C,YPR119W,0,-0.07468954,0.16498486697673798,0.652694582939148,0.33106622099876404
YKL165C,YDL019C,0,-0.07479283,0.16494324803352356,0.652694582939148,0.33116623759269714
YGR175C,YNR035C,0,-0.0748356,0.16490165889263153,0.652694582939148,0.33126625418663025
YBR074W,YCL047C,0,-0.07515,0.1648600995540619,0.652694582939148,0.33136627078056335
YPL084W,YPL192C,0,-0.07518539,0.16481855511665344,0.652694582939148,0.33146628737449646
YOL090W,YCR079W,0,-0.075543776,0.1647770255804062,0.652694582939148,0.33156630396842957
YDL171C,YBR139W,0,-0.076333776,0.16473551094532013,0.652694582939148,0.33166632056236267
YOL105C,YML018C,0,-0.07692543,0.16469402611255646,0.652694582939148,0.33176636695861816
YBL113C,YMR297W,0,-0.07732731,0.16465257108211517,0.652694582939148,0.33186638355255127
YLR024C,YPR191W,0,-0.07763505,0.16461113095283508,0.652694582939148,0.3319664001464844
YNL020C,YML052W,1,-0.07782093,0.1648213416337967,0.6536926031112671,0.3319664001464844
YBL090W,YBL017C,0,-0.07799274,0.1647798717021942,0.6536926031112671,0.3320664167404175
YLR130C,YIL111W,0,-0.078201294,0.16473843157291412,0.6536926031112671,0.3321664333343506
YBR109C,YER166W,1,-0.07830623,0.1649484485387802,0.6546906232833862,0.3321664333343506
YER166W,YHR073W,1,-0.07848358,0.16515837609767914,0.6556886434555054,0.3321664333343506
YOL064C,YJL073W,0,-0.07872878,0.16511686146259308,0.6556886434555054,0.3322664499282837
YDR453C,YBL010C,0,-0.07878264,0.1650753766298294,0.6556886434555054,0.3323664665222168
YGR071C,YPL017C,0,-0.078805,0.16503390669822693,0.6556886434555054,0.3324664831161499
YPL007C,YOR061W,0,-0.079069495,0.16499246656894684,0.6556886434555054,0.332566499710083
YLR088W,YGR195W,0,-0.07976402,0.16495104134082794,0.6556886434555054,0.3326665461063385
YHR042W,YOR348C,0,-0.07989402,0.16490964591503143,0.6556886434555054,0.3327665627002716
YMR008C,YPL249C,0,-0.07993747,0.16486825048923492,0.6556886434555054,0.3328665792942047
YNL061W,YIL015W,0,-0.07999774,0.164826899766922,0.6556886434555054,0.3329665958881378
YMR216C,YJR121W,0,-0.08058393,0.16478554904460907,0.6556886434555054,0.3330666124820709
YNL283C,YGR282C,0,-0.08068468,0.16474422812461853,0.6556886434555054,0.33316662907600403
YDR180W,YPL214C,0,-0.080809265,0.16470293700695038,0.6556886434555054,0.33326664566993713
YIL088C,YFR037C,0,-0.08096109,0.16466166079044342,0.6556886434555054,0.33336666226387024
YIR037W,YKL174C,0,-0.081578776,0.16462039947509766,0.6556886434555054,0.33346667885780334
YBR274W,YGL253W,0,-0.08198113,0.16457915306091309,0.6556886434555054,0.33356672525405884
YPR035W,YCL063W,0,-0.08221029,0.1645379364490509,0.6556886434555054,0.33366674184799194
YOR100C,YGR106C,0,-0.0823953,0.1644967496395111,0.6556886434555054,0.33376675844192505
YDR020C,YPR001W,0,-0.0826558,0.1644555628299713,0.6556886434555054,0.33386677503585815
YPL220W,YHL024W,0,-0.0826624,0.1644144207239151,0.6556886434555054,0.33396679162979126
YNR027W,YHR121W,0,-0.08286743,0.1643732786178589,0.6556886434555054,0.33406680822372437
YPL227C,YDL022W,0,-0.083179966,0.16433216631412506,0.6556886434555054,0.33416682481765747
YCR054C,YBL040C,0,-0.08354333,0.16429106891155243,0.6556886434555054,0.3342668414115906
YMR306W,YBL089W,0,-0.083730265,0.16425000131130219,0.6556886434555054,0.33436688780784607
YDR032C,YNL096C,0,-0.083773986,0.16420894861221313,0.6556886434555054,0.3344669044017792
YEL011W,YGL033W,0,-0.08383356,0.16416791081428528,0.6556886434555054,0.3345669209957123
YBR236C,YDL082W,0,-0.08384934,0.1641269028186798,0.6556886434555054,0.3346669375896454
YOL140W,YOR077W,0,-0.08391309,0.16408590972423553,0.6556886434555054,0.3347669541835785
YHR135C,YDL231C,1,-0.08420734,0.16429463028907776,0.6566866040229797,0.3347669541835785
YDR079W,YMR238W,0,-0.08435519,0.1642536222934723,0.6566866040229797,0.3348669707775116
YGR198W,YML052W,1,-0.084481314,0.16446219384670258,0.6576846241950989,0.3348669707775116
YGR188C,YLR262C,0,-0.08456765,0.16442115604877472,0.6576846241950989,0.3349669873714447
YGR076C,YLR160C,0,-0.08483295,0.16438014805316925,0.6576846241950989,0.3350670039653778
YLR356W,YPL244C,0,-0.08494659,0.16433915495872498,0.6576846241950989,0.3351670205593109
YPL249C,YPL153C,0,-0.08496842,0.1642981767654419,0.6576846241950989,0.3352670669555664
YDR363W,YDR207C,0,-0.08592351,0.1642572283744812,0.6576846241950989,0.3353670835494995
YPL129W,YBR026C,0,-0.08598624,0.1642162948846817,0.6576846241950989,0.3354671001434326
YOR122C,YLR278C,0,-0.086045295,0.1641753911972046,0.6576846241950989,0.3355671167373657
YGR278W,YML121W,0,-0.08618357,0.16413450241088867,0.6576846241950989,0.33566713333129883
YNL230C,YBR126C,0,-0.08623865,0.16409362852573395,0.6576846241950989,0.33576714992523193
YEL038W,YPL033C,0,-0.087176874,0.16405276954174042,0.6576846241950989,0.33586716651916504
YGL090W,YER125W,0,-0.087740466,0.16401194036006927,0.6576846241950989,0.33596718311309814
YDR339C,YDR197W,0,-0.08788921,0.16397114098072052,0.6576846241950989,0.33606719970703125
YPL005W,YDR006C,0,-0.08816652,0.16393034160137177,0.6576846241950989,0.33616724610328674
YIL021W,YDL002C,0,-0.08834666,0.1638895869255066,0.6576846241950989,0.33626726269721985
YOR216C,YMR060C,0,-0.08875196,0.16384883224964142,0.6576846241950989,0.33636727929115295
YPR048W,YGR144W,0,-0.088809535,0.16380810737609863,0.6576846241950989,0.33646729588508606
YGL229C,YIR034C,0,-0.088966176,0.16376739740371704,0.6576846241950989,0.33656731247901917
YPL208W,YNL058C,0,-0.08901898,0.16372670233249664,0.6576846241950989,0.33666732907295227
YJL034W,YDL231C,0,-0.08903913,0.16368603706359863,0.6576846241950989,0.3367673456668854
YDL161W,YMR070W,0,-0.08914409,0.16364538669586182,0.6576846241950989,0.3368673622608185
YAR007C,YDR137W,0,-0.089427695,0.1636047661304474,0.6576846241950989,0.3369673788547516
YOL088C,YIL134W,0,-0.08967827,0.16356416046619415,0.6576846241950989,0.3370674252510071
YIL111W,YDL070W,0,-0.089799464,0.1635235697031021,0.6576846241950989,0.3371674418449402
YAL033W,YMR099C,0,-0.09096949,0.16348300874233246,0.6576846241950989,0.3372674584388733
YDR129C,YNR075W,1,-0.09109031,0.1636904776096344,0.658682644367218,0.3372674584388733
YGR071C,YGL026C,0,-0.091179594,0.16364988684654236,0.658682644367218,0.3373674750328064
YMR256C,YPR127W,0,-0.09158374,0.1636093258857727,0.658682644367218,0.3374674916267395
YLR024C,YGR084C,0,-0.09160313,0.16356877982616425,0.658682644367218,0.3375675082206726
YOR150W,YCR079W,0,-0.09160347,0.16352824866771698,0.658682644367218,0.3376675248146057
YIL026C,YJR057W,0,-0.09163274,0.1634877324104309,0.658682644367218,0.3377675414085388
YDR322C-A,YKR104W,0,-0.09179227,0.16344724595546722,0.658682644367218,0.3378675878047943
YLL042C,YLR368W,0,-0.09191191,0.16340678930282593,0.658682644367218,0.3379676043987274
YLR020C,YNL039W,0,-0.09198128,0.16336633265018463,0.658682644367218,0.3380676209926605
YDR385W,YBR288C,0,-0.09268444,0.16332590579986572,0.658682644367218,0.33816763758659363
YLR109W,YDL127W,0,-0.09333281,0.1632855087518692,0.658682644367218,0.33826765418052673
YDR478W,YDR511W,0,-0.09353067,0.16324511170387268,0.658682644367218,0.33836767077445984
YIL103W,YJL159W,0,-0.093631804,0.16320474445819855,0.658682644367218,0.33846768736839294
YBR215W,YMR188C,0,-0.09366329,0.1631644070148468,0.658682644367218,0.33856770396232605
YER138C,YOR349W,0,-0.09389621,0.16312406957149506,0.658682644367218,0.33866772055625916
YDL197C,YDR363W,0,-0.09395735,0.1630837619304657,0.658682644367218,0.33876776695251465
YDR448W,YJR022W,0,-0.09417713,0.16304348409175873,0.658682644367218,0.33886778354644775
YPR121W,YDL198C,0,-0.09436439,0.16300320625305176,0.658682644367218,0.33896780014038086
YDR186C,YDR461W,0,-0.09450291,0.16296295821666718,0.658682644367218,0.33906781673431396
YOR349W,YNL306W,0,-0.0945483,0.16292273998260498,0.658682644367218,0.33916783332824707
YDR156W,YOR313C,0,-0.09468198,0.16288252174854279,0.658682644367218,0.3392678499221802
YCL045C,YDL065C,0,-0.094741374,0.16284233331680298,0.658682644367218,0.3393678665161133
YER138C,YGR121C,0,-0.09559633,0.16280217468738556,0.658682644367218,0.3394678831100464
YGL119W,YLR225C,0,-0.095692575,0.16276201605796814,0.658682644367218,0.3395678997039795
YPL223C,YHR156C,0,-0.09589416,0.1627218872308731,0.658682644367218,0.339667946100235
YNL258C,YGL023C,0,-0.09617303,0.16268178820610046,0.658682644367218,0.3397679626941681
YOR047C,YNL172W,0,-0.096326366,0.16264168918132782,0.658682644367218,0.3398679792881012
YER101C,YMR143W,0,-0.096415594,0.16260161995887756,0.658682644367218,0.3399679958820343
YOL021C,YGL084C,0,-0.09668997,0.1625615805387497,0.658682644367218,0.3400680124759674
YHR215W,YHR206W,0,-0.09701326,0.16252154111862183,0.658682644367218,0.3401680290699005
YPR167C,YMR194W,0,-0.09719916,0.16248153150081635,0.658682644367218,0.3402680456638336
YNR003C,YBR097W,0,-0.09727694,0.16244155168533325,0.658682644367218,0.3403680622577667
YML132W,YKL067W,0,-0.09750749,0.16240157186985016,0.658682644367218,0.34046807885169983
YNL210W,YGL039W,0,-0.09776099,0.16236162185668945,0.658682644367218,0.3405681252479553
YNL008C,YHR191C,0,-0.0978695,0.16232168674468994,0.658682644367218,0.3406681418418884
YER150W,YBR238C,0,-0.09791531,0.16228178143501282,0.658682644367218,0.34076815843582153
YHR032W,YOR221C,0,-0.0979218,0.1622418910264969,0.658682644367218,0.34086817502975464
YGR158C,YLR136C,0,-0.09883501,0.16220201551914215,0.658682644367218,0.34096819162368774
YPL029W,YPR182W,0,-0.09918451,0.1621621549129486,0.658682644367218,0.34106820821762085
YFR029W,YJL030W,0,-0.09943005,0.16212232410907745,0.658682644367218,0.34116822481155396
YOR311C,YDR231C,0,-0.0996265,0.1620825082063675,0.658682644367218,0.34126824140548706
YKL017C,YMR188C,0,-0.09977259,0.16204272210597992,0.658682644367218,0.34136828780174255
YEL016C,YBR008C,0,-0.09981491,0.16200295090675354,0.658682644367218,0.34146830439567566
YDR387C,YBR061C,0,-0.100314796,0.16196319460868835,0.658682644367218,0.34156832098960876
YJL092W,YLR032W,0,-0.1004224,0.16192345321178436,0.658682644367218,0.34166833758354187
YDR298C,YGL172W,0,-0.10056473,0.16188374161720276,0.658682644367218,0.341768354177475
YKR098C,YLL042C,0,-0.100670174,0.16184404492378235,0.658682644367218,0.3418683707714081
YPL030W,YER042W,0,-0.10073887,0.16180436313152313,0.658682644367218,0.3419683873653412
YER169W,YEL016C,0,-0.10100056,0.1617647111415863,0.658682644367218,0.3420684039592743
YFR032C-A,YJL225C,0,-0.10106702,0.16172507405281067,0.658682644367218,0.3421684205532074
YBR159W,YBR057C,0,-0.10146813,0.16168545186519623,0.658682644367218,0.3422684669494629
YPL265W,YLR380W,0,-0.101480365,0.16164584457874298,0.658682644367218,0.342368483543396
YFL047W,YPR192W,0,-0.10158323,0.16160626709461212,0.658682644367218,0.3424685001373291
YDR067C,YGR277C,0,-0.102445796,0.16156670451164246,0.658682644367218,0.3425685167312622
YPL019C,YMR311C,0,-0.10267986,0.16152717173099518,0.658682644367218,0.3426685333251953
YMR165C,YLR160C,0,-0.103061505,0.1614876389503479,0.658682644367218,0.3427685499191284
YBL017C,YER087W,0,-0.103096664,0.161448135972023,0.658682644367218,0.3428685665130615
YMR297W,YLR433C,0,-0.103296235,0.1614086627960205,0.658682644367218,0.34296858310699463
YER166W,YEL027W,1,-0.10363841,0.16161368787288666,0.6596806645393372,0.34296858310699463
YLR024C,YNL072W,0,-0.10469787,0.16157418489456177,0.6596806645393372,0.34306859970092773
YNL291C,YGR156W,0,-0.10496658,0.16153469681739807,0.6596806645393372,0.3431686460971832
YLR364W,YNR039C,0,-0.10565074,0.16149523854255676,0.6596806645393372,0.34326866269111633
YNL169C,YLR038C,0,-0.10634799,0.16145579516887665,0.6596806645393372,0.34336867928504944
YER007W,YPL103C,0,-0.106448755,0.16141636669635773,0.6596806645393372,0.34346869587898254
YMR154C,YDL078C,0,-0.10686599,0.161376953125,0.6596806645393372,0.34356871247291565
YDR258C,YLR151C,0,-0.10701676,0.16133756935596466,0.6596806645393372,0.34366872906684875
YNL208W,YGR229C,0,-0.10792786,0.16129820048809052,0.6596806645393372,0.34376874566078186
YHR117W,YJR005W,0,-0.108272724,0.16125884652137756,0.6596806645393372,0.34386876225471497
YNL302C,YOR067C,0,-0.10870764,0.1612195074558258,0.6596806645393372,0.34396880865097046
YBL076C,YDR162C,0,-0.10873305,0.16118019819259644,0.6596806645393372,0.34406882524490356
YLR056W,YDR059C,1,-0.10905592,0.1613846868276596,0.6606786251068115,0.34406882524490356
YPR018W,YOR298C-A,0,-0.109140016,0.16134536266326904,0.6606786251068115,0.34416884183883667
YNR018W,YLR032W,0,-0.10916376,0.16130603849887848,0.6606786251068115,0.3442688584327698
YKL109W,YJR058C,0,-0.10920547,0.1612667441368103,0.6606786251068115,0.3443688750267029
YBR133C,YMR044W,0,-0.109276146,0.16122746467590332,0.6606786251068115,0.344468891620636
YML123C,YBR156C,0,-0.10960306,0.16118821501731873,0.6606786251068115,0.3445689082145691
YLL038C,YIL041W,1,-0.10966639,0.16139240562915802,0.6616766452789307,0.3445689082145691
YOR362C,YNL021W,0,-0.10996105,0.16135312616825104,0.6616766452789307,0.3446689248085022
YDR531W,YDL127W,0,-0.110404894,0.16131386160850525,0.6616766452789307,0.3447689414024353
YPL194W,YOR368W,0,-0.1105143,0.16127462685108185,0.6616766452789307,0.3448689877986908
YJL203W,YCL050C,0,-0.11071177,0.16123540699481964,0.6616766452789307,0.3449690043926239
YHR076W,YKR001C,0,-0.11076987,0.16119620203971863,0.6616766452789307,0.345069020986557
YPR026W,YNR013C,0,-0.111236826,0.16115702688694,0.6616766452789307,0.3451690375804901
YBR083W,YJL066C,0,-0.111487344,0.16111786663532257,0.6616766452789307,0.3452690541744232
YER027C,YPR190C,0,-0.11159547,0.16107872128486633,0.6616766452789307,0.3453690707683563
YML027W,YKL001C,0,-0.112206474,0.1610395908355713,0.6616766452789307,0.34546908736228943
YDR131C,YDL054C,0,-0.11232795,0.16100049018859863,0.6616766452789307,0.34556910395622253
YPL111W,YBL061C,0,-0.11246209,0.16096140444278717,0.6616766452789307,0.34566912055015564
YOR307C,YNL231C,0,-0.11270863,0.1609223335981369,0.6616766452789307,0.34576916694641113
YNL311C,YGL011C,0,-0.11278559,0.16088327765464783,0.6616766452789307,0.34586918354034424
YNL311C,YGR087C,0,-0.113572404,0.16084425151348114,0.6616766452789307,0.34596920013427734
YPR138C,YKL167C,0,-0.11385529,0.16080524027347565,0.6616766452789307,0.34606921672821045
YDR411C,YNL309W,0,-0.11411498,0.16076624393463135,0.6616766452789307,0.34616923332214355
YLR300W,YLR340W,0,-0.11450727,0.16072727739810944,0.6616766452789307,0.34626924991607666
YGR194C,YJR147W,0,-0.11471389,0.16068831086158752,0.6616766452789307,0.34636926651000977
YLL051C,YIL035C,0,-0.11477676,0.1606493890285492,0.6616766452789307,0.34646928310394287
YLR071C,YLR160C,0,-0.115039304,0.16061046719551086,0.6616766452789307,0.346569299697876
YJL156C,YOR351C,0,-0.115223065,0.16057156026363373,0.6616766452789307,0.34666934609413147
YLL038C,YDL231C,1,-0.115324885,0.1607748121023178,0.6626746654510498,0.34666934609413147
YIL112W,YDL215C,0,-0.1153549,0.16073590517044067,0.6626746654510498,0.3467693626880646
YDR058C,YBR247C,0,-0.11653289,0.16069699823856354,0.6626746654510498,0.3468693792819977
YOR382W,YGR116W,0,-0.11673163,0.1606581211090088,0.6626746654510498,0.3469693958759308
YHR117W,YDR342C,0,-0.11701913,0.16061925888061523,0.6626746654510498,0.3470694124698639
YNR027W,YFR005C,0,-0.11804028,0.16058041155338287,0.6626746654510498,0.347169429063797
YBR186W,YJL060W,0,-0.118315145,0.1605415791273117,0.6626746654510498,0.3472694456577301
YAL009W,YMR216C,0,-0.11833322,0.16050277650356293,0.6626746654510498,0.3473694622516632
YLR158C,YKL096W,0,-0.11858253,0.16046398878097534,0.6626746654510498,0.3474695086479187
YLR133W,YJL073W,0,-0.11863798,0.16042523086071014,0.6626746654510498,0.3475695252418518
YLR206W,YDR093W,1,-0.11869331,0.16062802076339722,0.6636726260185242,0.3475695252418518
YLR390W,YOR131C,0,-0.118725374,0.16058923304080963,0.6636726260185242,0.3476695418357849
YGL163C,YER099C,0,-0.11915393,0.16055046021938324,0.6636726260185242,0.347769558429718
YER018C,YBL046W,0,-0.11927235,0.16051170229911804,0.6636726260185242,0.3478695750236511
YEL056W,YNR021W,0,-0.12022488,0.16047297418117523,0.6636726260185242,0.34796959161758423
YOL038W,YNL088W,0,-0.120296404,0.16043426096439362,0.6636726260185242,0.34806960821151733
YHR191C,YPR102C,0,-0.120657876,0.1603955626487732,0.6636726260185242,0.34816962480545044
YPL223C,YER169W,0,-0.12072809,0.16035687923431396,0.6636726260185242,0.34826964139938354
YPR091C,YIL067C,0,-0.12076856,0.16031822562217712,0.6636726260185242,0.34836968779563904
YJL138C,YOL013C,0,-0.12098807,0.16027958691120148,0.6636726260185242,0.34846970438957214
YPR073C,YDR488C,0,-0.12174852,0.16024096310138702,0.6636726260185242,0.34856972098350525
YNL239W,YLL041C,0,-0.12209876,0.16020235419273376,0.6636726260185242,0.34866973757743835
YGL071W,YDL047W,0,-0.122283295,0.1601637750864029,0.6636726260185242,0.34876975417137146
YEL009C,YPL167C,0,-0.12232436,0.16012521088123322,0.6636726260185242,0.34886977076530457
YDR170C,YGR157W,0,-0.122385755,0.16008666157722473,0.6636726260185242,0.34896978735923767
YLR353W,YIL115C,0,-0.12306149,0.16004814207553864,0.6636726260185242,0.3490698039531708
YJR044C,YIL131C,0,-0.12340553,0.16000962257385254,0.6636726260185242,0.3491698205471039
YDR143C,YJR016C,0,-0.124014825,0.15997113287448883,0.6636726260185242,0.3492698669433594
YLR312W-A,YML065W,0,-0.12405406,0.15993265807628632,0.6636726260185242,0.3493698835372925
YCR088W,YOR290C,0,-0.12409845,0.159894198179245,0.6636726260185242,0.3494699001312256
YLR079W,YHR001W,0,-0.12413357,0.15985576808452606,0.6636726260185242,0.3495699167251587
YGR295C,YDL236W,0,-0.124375656,0.15981735289096832,0.6636726260185242,0.3496699333190918
YOR327C,YDL019C,1,-0.124556795,0.16001921892166138,0.6646706461906433,0.3496699333190918
YLR373C,YGL257C,0,-0.124681994,0.15998078882694244,0.6646706461906433,0.3497699499130249
YAL005C,YNL009W,0,-0.124881364,0.1599423587322235,0.6646706461906433,0.349869966506958
YNL297C,YOR008C,1,-0.12495314,0.16014406085014343,0.6656686663627625,0.349869966506958
YBR196C,YBR093C,0,-0.12503211,0.1601056158542633,0.6656686663627625,0.3499699831008911
YOR354C,YGL168W,0,-0.12503476,0.16006720066070557,0.6656686663627625,0.3500699996948242
YLR332W,YDR349C,0,-0.12504527,0.16002878546714783,0.6656686663627625,0.3501700460910797
YMR269W,YNL098C,0,-0.1252254,0.15999040007591248,0.6656686663627625,0.3502700626850128
YCL034W,YKL038W,0,-0.12528782,0.1599520444869995,0.6656686663627625,0.3503700792789459
YHR051W,YDR411C,0,-0.12538572,0.15991368889808655,0.6656686663627625,0.35047009587287903
YOR269W,YMR052W,0,-0.12562801,0.15987536311149597,0.6656686663627625,0.35057011246681213
YNR061C,YPR160W,0,-0.12570836,0.1598370522260666,0.6656686663627625,0.35067012906074524
YGL206C,YOR109W,1,-0.12576608,0.16003833711147308,0.6666666865348816,0.35067012906074524
YOR150W,YHR161C,0,-0.12588651,0.1599999964237213,0.6666666865348816,0.35077014565467834
YCR055C,YBR104W,0,-0.12749715,0.15996168553829193,0.6666666865348816,0.35087016224861145
YML032C,YJL166W,0,-0.12760237,0.15992338955402374,0.6666666865348816,0.35097020864486694
YIR025W,YKL015W,0,-0.12776247,0.15988510847091675,0.6666666865348816,0.35107022523880005
YMR281W,YNL248C,0,-0.12827031,0.15984685719013214,0.6666666865348816,0.35117024183273315
YML065W,YPR198W,0,-0.12832902,0.15980860590934753,0.6666666865348816,0.35127025842666626
YOR073W,YLR032W,0,-0.12861104,0.15977038443088531,0.6666666865348816,0.35137027502059937
YOR216C,YJR093C,0,-0.12946011,0.15973219275474548,0.6666666865348816,0.35147029161453247
YGR216C,YCR067C,0,-0.12976225,0.15969400107860565,0.6666666865348816,0.3515703082084656
YGR133W,YJL123C,0,-0.12985829,0.15965582430362701,0.6666666865348816,0.3516703248023987
YML052W,YMR217W,0,-0.1302356,0.15961767733097076,0.6666666865348816,0.3517703413963318
YDR129C,YKL129C,1,-0.13051997,0.15981844067573547,0.667664647102356,0.3517703413963318
YNL053W,YHR099W,0,-0.13121296,0.15978027880191803,0.667664647102356,0.3518703877925873
YOR361C,YDR352W,0,-0.13131878,0.15974211692810059,0.667664647102356,0.3519704043865204
YCR088W,YDL153C,0,-0.13139501,0.15970398485660553,0.667664647102356,0.3520704209804535
YML123C,YBL050W,0,-0.13203211,0.15966586768627167,0.667664647102356,0.3521704375743866
YLL032C,YJL101C,0,-0.1321143,0.1596277803182602,0.667664647102356,0.3522704541683197
YPL098C,YNL134C,0,-0.13232233,0.15958969295024872,0.667664647102356,0.3523704707622528
YDR415C,YOR290C,0,-0.13236703,0.15955163538455963,0.667664647102356,0.3524704873561859
YBR287W,YPL256C,0,-0.13297541,0.15951359272003174,0.667664647102356,0.352570503950119
YEL071W,YPL151C,0,-0.13322093,0.15947556495666504,0.667664647102356,0.3526705205440521
YJR013W,YOR124C,0,-0.13344306,0.15943756699562073,0.667664647102356,0.3527705669403076
YER099C,YDR484W,0,-0.13356447,0.15939956903457642,0.667664647102356,0.3528705835342407
YEL065W,YCL008C,0,-0.13391188,0.1593616008758545,0.667664647102356,0.35297060012817383
YOR205C,YGR088W,0,-0.13419981,0.15932364761829376,0.667664647102356,0.35307061672210693
YEL060C,YLR136C,0,-0.13422705,0.15928570926189423,0.667664647102356,0.35317063331604004
YDR206W,YDL217C,0,-0.1343786,0.15924780070781708,0.667664647102356,0.35327064990997314
YKL165C,YOR085W,0,-0.13438645,0.15920990705490112,0.667664647102356,0.35337066650390625
YGR223C,YGL030W,0,-0.13465102,0.15917201340198517,0.667664647102356,0.35347068309783936
YDR452W,YJR040W,0,-0.13492574,0.1591341644525528,0.667664647102356,0.35357069969177246
YAL038W,YMR240C,0,-0.13536645,0.15909631550312042,0.667664647102356,0.35367074608802795
YPL148C,YGR222W,0,-0.13556989,0.15905848145484924,0.667664647102356,0.35377076268196106
YBL058W,YIL083C,0,-0.13565664,0.15902067720890045,0.667664647102356,0.35387077927589417
YER114C,YPL066W,0,-0.13599183,0.15898288786411285,0.667664647102356,0.35397079586982727
YIL134W,YCR068W,0,-0.13606936,0.15894511342048645,0.667664647102356,0.3540708124637604
YNL032W,YNL154C,1,-0.13618359,0.15914489328861237,0.6686626672744751,0.3540708124637604
YBR294W,YIR039C,0,-0.13619642,0.15910710394382477,0.6686626672744751,0.3541708290576935
YMR199W,YOR073W,0,-0.13658424,0.15906932950019836,0.6686626672744751,0.3542708456516266
YNL078W,YGL203C,0,-0.13777004,0.15903156995773315,0.6686626672744751,0.3543708622455597
YKR030W,YOR278W,0,-0.13785005,0.15899382531642914,0.6686626672744751,0.3544709086418152
YKL157W,YLR172C,0,-0.13815261,0.1589561104774475,0.6686626672744751,0.3545709252357483
YLR332W,YAL013W,0,-0.13846363,0.15891841053962708,0.6686626672744751,0.3546709418296814
YBR296C,YHL044W,0,-0.13892326,0.15888072550296783,0.6686626672744751,0.3547709584236145
YKL119C,YBR097W,0,-0.13904713,0.1588430553674698,0.6686626672744751,0.3548709750175476
YGL181W,YOR181W,1,-0.13932422,0.15904243290424347,0.6696606874465942,0.3548709750175476
YCR002C,YNL148C,0,-0.1394444,0.15900473296642303,0.6696606874465942,0.3549709916114807
YMR159C,YGL222C,0,-0.1395389,0.158967062830925,0.6696606874465942,0.3550710082054138
YBL074C,YPL003W,0,-0.13968888,0.15892942249774933,0.6696606874465942,0.3551710247993469
YFR007W,YHR077C,0,-0.13991196,0.15889178216457367,0.6696606874465942,0.35527104139328003
YKR003W,YOR005C,0,-0.1400322,0.1588541716337204,0.6696606874465942,0.3553710877895355
YPL206C,YBR136W,0,-0.140137,0.15881656110286713,0.6696606874465942,0.35547110438346863
YPL148C,YDR383C,0,-0.14021513,0.15877898037433624,0.6696606874465942,0.35557112097740173
YKL206C,YIL080W,0,-0.1403548,0.15874142944812775,0.6696606874465942,0.35567113757133484
YOL125W,YCL045C,0,-0.14043266,0.15870387852191925,0.6696606874465942,0.35577115416526794
YHR135C,YCR053W,1,-0.14059389,0.15890280902385712,0.6706587076187134,0.35577115416526794
YER119C,YBR098W,0,-0.14062586,0.15886524319648743,0.6706587076187134,0.35587117075920105
YOL124C,YAL054C,0,-0.14065185,0.15882770717144012,0.6706587076187134,0.35597118735313416
YLL012W,YDR472W,0,-0.14089221,0.15879017114639282,0.6706587076187134,0.35607120394706726
YBR159W,YDL028C,0,-0.14146462,0.1587526649236679,0.6706587076187134,0.35617122054100037
YJR110W,YNL117W,0,-0.14167047,0.158715158700943,0.6706587076187134,0.35627126693725586
YFR021W,YMR044W,0,-0.14184357,0.15867768228054047,0.6706587076187134,0.35637128353118896
YDL213C,YML131W,0,-0.14276366,0.15864022076129913,0.6706587076187134,0.35647130012512207
YLR042C,YHL036W,0,-0.14281617,0.1586027890443802,0.6706587076187134,0.3565713167190552
YKR013W,YDL055C,0,-0.14285958,0.15856535732746124,0.6706587076187134,0.3566713333129883
YCR028C,YHR016C,1,-0.1428852,0.1587638556957245,0.6716566681861877,0.3566713333129883
YKL053C-A,YGL134W,0,-0.14307307,0.15872640907764435,0.6716566681861877,0.3567713499069214
YKR020W,YLR389C,0,-0.14327152,0.1586889922618866,0.6716566681861877,0.3568713665008545
YPL244C,YDR014W,0,-0.1438395,0.15865157544612885,0.6716566681861877,0.3569713830947876
YNL293W,YDL198C,0,-0.1440254,0.15861418843269348,0.6716566681861877,0.3570713996887207
YIL170W,YNR006W,0,-0.14408112,0.1585768163204193,0.6716566681861877,0.3571714460849762
YJR053W,YJR144W,0,-0.1441465,0.15853945910930634,0.6716566681861877,0.3572714626789093
YOR123C,YNR020C,0,-0.14450274,0.15850211679935455,0.6716566681861877,0.3573714792728424
YER025W,YGR010W,0,-0.14508358,0.15846480429172516,0.6716566681861877,0.3574714958667755
YGR240C,YKL041W,0,-0.14575489,0.15842749178409576,0.6716566681861877,0.3575715124607086
YIR014W,YML128C,0,-0.14576466,0.15839020907878876,0.6716566681861877,0.3576715290546417
YDR302W,YPL256C,0,-0.14578097,0.15835294127464294,0.6716566681861877,0.35777154564857483
YNL274C,YDR032C,0,-0.14598103,0.15831568837165833,0.6716566681861877,0.35787156224250793
YOR034C,YOR181W,1,-0.14606203,0.1585136353969574,0.6726546883583069,0.35787156224250793
YCL063W,YKL152C,0,-0.14609586,0.15847636759281158,0.6726546883583069,0.3579716086387634
YLR178C,YKR061W,0,-0.14611599,0.15843911468982697,0.6726546883583069,0.35807162523269653
YAL038W,YMR298W,0,-0.14621015,0.15840187668800354,0.6726546883583069,0.35817164182662964
YGR209C,YLR308W,0,-0.14714588,0.1583646684885025,0.6726546883583069,0.35827165842056274
YER118C,YCR012W,0,-0.14745359,0.15832746028900146,0.6726546883583069,0.35837167501449585
YJR001W,YCR039C,0,-0.1475008,0.15829028189182281,0.6726546883583069,0.35847169160842896
YOR322C,YOR109W,1,-0.147546,0.15848790109157562,0.673652708530426,0.35847169160842896
YJR013W,YGR108W,0,-0.14782761,0.15845070779323578,0.673652708530426,0.35857170820236206
YHR042W,YOR150W,0,-0.14790802,0.15841351449489594,0.673652708530426,0.35867172479629517
YPL151C,YHR135C,0,-0.14792828,0.15837635099887848,0.673652708530426,0.35877174139022827
YOL097C,YJR051W,0,-0.14800684,0.15833920240402222,0.673652708530426,0.35887178778648376
YOR332W,YEL002C,0,-0.14805914,0.15830206871032715,0.673652708530426,0.35897180438041687
YCR097W,YBR001C,0,-0.1480659,0.15826494991779327,0.673652708530426,0.35907182097435
YBR227C,YCR092C,0,-0.14861253,0.1582278460264206,0.673652708530426,0.3591718375682831
YAL001C,YBR092C,0,-0.14878833,0.1581907719373703,0.673652708530426,0.3592718541622162
YHR161C,YPR171W,1,-0.14900199,0.15838800370693207,0.6746506690979004,0.3592718541622162
YOR116C,YOL008W,0,-0.1491224,0.1583508998155594,0.6746506690979004,0.3593718707561493
YGL203C,YDR260C,0,-0.14948402,0.1583138108253479,0.6746506690979004,0.3594718873500824
YIL125W,YNL001W,0,-0.14973684,0.1582767516374588,0.6746506690979004,0.3595719039440155
YDR298C,YGR068C,0,-0.15007128,0.1582397073507309,0.6746506690979004,0.3596719205379486
YCR094W,YKL129C,1,-0.15012206,0.15843670070171356,0.6756486892700195,0.3596719205379486
YDL207W,YOR126C,0,-0.1504171,0.15839962661266327,0.6756486892700195,0.3597719669342041
YER026C,YGR194C,0,-0.15064271,0.15836256742477417,0.6756486892700195,0.3598719835281372
YBR282W,YIL083C,0,-0.15126668,0.15832553803920746,0.6756486892700195,0.3599720001220703
YNR075W,YIL041W,1,-0.15199928,0.1585223227739334,0.6766467094421387,0.3599720001220703
YDR067C,YPR194C,0,-0.15201621,0.1584852784872055,0.6766467094421387,0.3600720167160034
YLR069C,YGL186C,0,-0.15209202,0.1584482342004776,0.6766467094421387,0.3601720333099365
YLR066W,YHR164C,0,-0.15227923,0.15841121971607208,0.6766467094421387,0.36027204990386963
YNL032W,YBR214W,1,-0.15250716,0.15860779583454132,0.6776447296142578,0.36027204990386963
YBL034C,YLR201C,0,-0.1526281,0.1585707664489746,0.6776447296142578,0.36037206649780273
YKL180W,YBL098W,0,-0.1527558,0.1585337370634079,0.6776447296142578,0.36047208309173584
YER044C,YDR214W,0,-0.1530679,0.15849673748016357,0.6776447296142578,0.36057209968566895
YEL036C,YML029W,0,-0.15347023,0.15845973789691925,0.6776447296142578,0.36067214608192444
YDR205W,YOR124C,0,-0.15355693,0.15842276811599731,0.6776447296142578,0.36077216267585754
YDR322W,YPL005W,0,-0.15391564,0.15838581323623657,0.6776447296142578,0.36087217926979065
YKL125W,YOR035C,0,-0.15429328,0.15834887325763702,0.6776447296142578,0.36097219586372375
YJL103C,YLL003W,0,-0.1545974,0.15831196308135986,0.6776447296142578,0.36107221245765686
YDR313C,YAL058W,0,-0.15476899,0.1582750529050827,0.6776447296142578,0.36117222905158997
YLR097C,YLR096W,0,-0.15478548,0.15823817253112793,0.6776447296142578,0.36127224564552307
YOR367W,YMR114C,0,-0.15480474,0.15820130705833435,0.6776447296142578,0.3613722622394562
YGL220W,YDR194C,0,-0.15483408,0.15816445648670197,0.6776447296142578,0.36147230863571167
YJR032W,YHR176W,0,-0.15484561,0.15812762081623077,0.6776447296142578,0.3615723252296448
YOR188W,YER012W,0,-0.15528898,0.15809080004692078,0.6776447296142578,0.3616723418235779
YDR093W,YGR086C,1,-0.15538374,0.15828678011894226,0.6786426901817322,0.3616723418235779
YKL182W,YDL039C,0,-0.15541373,0.15824994444847107,0.6786426901817322,0.361772358417511
YHL009C,YDR126W,0,-0.155448,0.15821312367916107,0.6786426901817322,0.3618723750114441
YOR329C,YGL026C,0,-0.15545915,0.15817631781101227,0.6786426901817322,0.3619723916053772
YAL031C,YLR246W,0,-0.1556855,0.15813954174518585,0.6786426901817322,0.3620724081993103
YPL050C,YMR251W-A,0,-0.15641399,0.15810276567935944,0.6786426901817322,0.3621724247932434
YKL010C,YEL021W,0,-0.15681253,0.1580660194158554,0.6786426901817322,0.3622724413871765
YGR059W,YJL085W,0,-0.15684739,0.15802928805351257,0.6786426901817322,0.362372487783432
YAR044W,YDL161W,1,-0.15730102,0.1582249104976654,0.6796407103538513,0.362372487783432
YOL067C,YLR459W,0,-0.15756987,0.15818814933300018,0.6796407103538513,0.3624725043773651
YER144C,YKL116C,0,-0.15764615,0.15815141797065735,0.6796407103538513,0.3625725209712982
YFR042W,YNR070W,0,-0.15805234,0.1581147015094757,0.6796407103538513,0.3626725375652313
YIL135C,YDL065C,0,-0.15855785,0.15807799994945526,0.6796407103538513,0.36277255415916443
YOR279C,YOR242C,0,-0.15881108,0.158041313290596,0.6796407103538513,0.36287257075309753
YNR054C,YBR214W,0,-0.15894462,0.15800464153289795,0.6796407103538513,0.36297258734703064
YHR140W,YLR207W,0,-0.15906356,0.15796798467636108,0.6796407103538513,0.36307260394096375
YLR381W,YDL039C,0,-0.15920459,0.1579313576221466,0.6796407103538513,0.36317262053489685
YGR014W,YLR433C,0,-0.15967435,0.15789473056793213,0.6796407103538513,0.36327266693115234
YEL077C,YIR009W,0,-0.15997359,0.15785813331604004,0.6796407103538513,0.36337268352508545
YFL039C,YLR380W,0,-0.16001879,0.15782155096530914,0.6796407103538513,0.36347270011901855
YNL289W,YDL122W,0,-0.1602074,0.15778498351573944,0.6796407103538513,0.36357271671295166
YML036W,YNL304W,0,-0.16021328,0.15774843096733093,0.6796407103538513,0.36367273330688477
YER006W,YCR017C,0,-0.16023295,0.1577119082212448,0.6796407103538513,0.36377274990081787
YJL138C,YIL138C,0,-0.16094662,0.1576753854751587,0.6796407103538513,0.363872766494751
YLR005W,YDR131C,0,-0.16117711,0.15763889253139496,0.6796407103538513,0.3639727830886841
YBR067C,YIL006W,0,-0.1612725,0.15760239958763123,0.6796407103538513,0.3640727996826172
YBR006W,YPR001W,0,-0.16129129,0.15756593644618988,0.6796407103538513,0.3641728460788727
YOR037W,YMR043W,0,-0.16136958,0.15752948820590973,0.6796407103538513,0.3642728626728058
YLR270W,YBR179C,0,-0.1614327,0.15749305486679077,0.6796407103538513,0.3643728792667389
YLR033W,YKR020W,0,-0.16153358,0.1574566513299942,0.6796407103538513,0.364472895860672
YOL006C,YLL023C,0,-0.16186528,0.15742024779319763,0.6796407103538513,0.3645729124546051
YGR145W,YBL017C,0,-0.16192637,0.15738387405872345,0.6796407103538513,0.3646729290485382
YMR231W,YGL048C,0,-0.16200666,0.15734750032424927,0.6796407103538513,0.3647729456424713
YDR519W,YLR371W,0,-0.1621796,0.15731115639209747,0.6796407103538513,0.3648729622364044
YPR171W,YBL017C,0,-0.16286638,0.15727482736110687,0.6796407103538513,0.3649730086326599
YGL191W,YKL166C,0,-0.1628839,0.15723851323127747,0.6796407103538513,0.365073025226593
YGL044C,YER065C,0,-0.16309263,0.15720221400260925,0.6796407103538513,0.3651730418205261
YER166W,YDL019C,1,-0.16309589,0.15739671885967255,0.6806387305259705,0.3651730418205261
YNL280C,YPR101W,0,-0.16325293,0.15736040472984314,0.6806387305259705,0.36527305841445923
YDL170W,YOR354C,0,-0.16367523,0.15732410550117493,0.6806387305259705,0.36537307500839233
YBR014C,YML049C,0,-0.16393289,0.1572878211736679,0.6806387305259705,0.36547309160232544
YOR219C,YOR100C,0,-0.16412546,0.15725155174732208,0.6806387305259705,0.36557310819625854
YER125W,YKL129C,1,-0.16413917,0.15744583308696747,0.6816367506980896,0.36557310819625854
YMR316W,YMR019W,0,-0.16483687,0.15740954875946045,0.6816367506980896,0.36567312479019165
YBR210W,YER099C,0,-0.16496393,0.15737327933311462,0.6816367506980896,0.36577314138412476
YML112W,YIL070C,0,-0.1649669,0.15733702480793,0.6816367506980896,0.36587318778038025
YDR093W,YCR028C,1,-0.1651196,0.15753109753131866,0.682634711265564,0.36587318778038025
YGL002W,YPL055C,0,-0.16549768,0.15749481320381165,0.682634711265564,0.36597320437431335
YDL029W,YKR013W,0,-0.16552679,0.15745855867862701,0.682634711265564,0.36607322096824646
YPL270W,YMR203W,0,-0.16566052,0.15742231905460358,0.682634711265564,0.36617323756217957
YML033W,YDR320C,0,-0.16568978,0.15738610923290253,0.682634711265564,0.36627325415611267
YGL200C,YLR371W,0,-0.16656314,0.15734989941120148,0.682634711265564,0.3663732707500458
YGR216C,YGR180C,0,-0.16694124,0.15731370449066162,0.682634711265564,0.3664732873439789
YBR104W,YIR036C,0,-0.16695721,0.15727753937244415,0.682634711265564,0.366573303937912
YNR017W,YIL159W,0,-0.1677118,0.15724137425422668,0.682634711265564,0.3666733205318451
YDR418W,YFL010W-A,0,-0.1677437,0.1572052389383316,0.682634711265564,0.3667733669281006
YDR418W,YGL201C,0,-0.16806054,0.15716911852359772,0.682634711265564,0.3668733835220337
YIL050W,YDR245W,0,-0.16836078,0.15713301301002502,0.682634711265564,0.3669734001159668
YHR050W,YPL020C,0,-0.16853616,0.15709692239761353,0.682634711265564,0.3670734167098999
YGL187C,YJL204C,0,-0.16869302,0.15706084668636322,0.682634711265564,0.367173433303833
YDR334W,YKL212W,0,-0.16881527,0.1570248007774353,0.682634711265564,0.3672734498977661
YMR198W,YDR369C,0,-0.16889313,0.15698875486850739,0.682634711265564,0.3673734664916992
YMR241W,YNL101W,0,-0.16919965,0.15695272386074066,0.682634711265564,0.3674734830856323
YBR237W,YFL062W,0,-0.16958103,0.15691672265529633,0.682634711265564,0.3675735294818878
YMR052W,YDR143C,0,-0.16961768,0.15688073635101318,0.682634711265564,0.3676735460758209
YAL026C,YCR028C,1,-0.17001742,0.15707406401634216,0.6836327314376831,0.3676735460758209
YMR305C,YNR018W,0,-0.17022048,0.15703806281089783,0.6836327314376831,0.36777356266975403
YOR208W,YGR227W,0,-0.17048724,0.1570020616054535,0.6836327314376831,0.36787357926368713
YNL009W,YMR075W,0,-0.17070974,0.15696609020233154,0.6836327314376831,0.36797359585762024
YNL177C,YBR177C,0,-0.17090549,0.1569301187992096,0.6836327314376831,0.36807361245155334
YBR030W,YDL222C,0,-0.17106815,0.15689417719841003,0.6836327314376831,0.36817362904548645
YGR279C,YLR421C,0,-0.17119397,0.15685825049877167,0.6836327314376831,0.36827364563941956
YHL004W,YLR305C,0,-0.17130314,0.1568223387002945,0.6836327314376831,0.36837366223335266
YJR057W,YLR376C,0,-0.17152216,0.1567864567041397,0.6836327314376831,0.36847370862960815
YMR305C,YGR002C,0,-0.17171614,0.15675057470798492,0.6836327314376831,0.36857372522354126
YDL161W,YML052W,1,-0.1721478,0.15694348514080048,0.6846307516098022,0.36857372522354126
YKL028W,YPR002W,0,-0.17225693,0.1569075882434845,0.6846307516098022,0.36867374181747437
YCL036W,YPL273W,0,-0.17259188,0.1568717062473297,0.6846307516098022,0.36877375841140747
YJL158C,YLR016C,0,-0.17461754,0.15683585405349731,0.6846307516098022,0.3688737750053406
YML115C,YFL009W,0,-0.17485611,0.15680000185966492,0.6846307516098022,0.3689737915992737
YMR113W,YBR215W,0,-0.17498478,0.1567641645669937,0.6846307516098022,0.3690738081932068
YHR215W,YDR031W,0,-0.17532231,0.1567283570766449,0.6846307516098022,0.3691738247871399
YKR035W-A,YMR038C,0,-0.17545453,0.15669254958629608,0.6846307516098022,0.369273841381073
YIL023C,YGL050W,0,-0.17547731,0.15665677189826965,0.6846307516098022,0.3693738877773285
YKL001C,YLR383W,0,-0.17596246,0.15662100911140442,0.6846307516098022,0.3694739043712616
YKL220C,YOR070C,0,-0.17651688,0.15658526122570038,0.6846307516098022,0.3695739209651947
YDR146C,YKL007W,0,-0.17669459,0.15654951333999634,0.6846307516098022,0.3696739375591278
YHR047C,YDL150W,0,-0.1771118,0.15651381015777588,0.6846307516098022,0.3697739541530609
YKL103C,YPR004C,0,-0.17716374,0.15647810697555542,0.6846307516098022,0.369873970746994
YMR307W,YBR156C,0,-0.17734666,0.15644241869449615,0.6846307516098022,0.3699739873409271
YOL026C,YNL095C,0,-0.17744648,0.15640674531459808,0.6846307516098022,0.37007400393486023
YOR043W,YKL203C,1,-0.1775876,0.1565990447998047,0.6856287717819214,0.37007400393486023
YER153C,YHL004W,0,-0.17761785,0.15656335651874542,0.6856287717819214,0.37017402052879333
YJR125C,YDR139C,0,-0.17786834,0.15652768313884735,0.6856287717819214,0.37027406692504883
YPR049C,YDR221W,0,-0.17824097,0.15649202466011047,0.6856287717819214,0.37037408351898193
YNL314W,YKR009C,0,-0.1787274,0.1564563810825348,0.6856287717819214,0.37047410011291504
YAL047C,YLR090W,0,-0.1788585,0.1564207673072815,0.6856287717819214,0.37057411670684814
YCL027W,YCL014W,0,-0.1795667,0.1563851535320282,0.6856287717819214,0.37067413330078125
YJL106W,YBR120C,0,-0.17960618,0.1563495695590973,0.6856287717819214,0.37077414989471436
YGR134W,YPR056W,0,-0.17971313,0.15631400048732758,0.6856287717819214,0.37087416648864746
YKL112W,YOR298C-A,0,-0.18042137,0.15627843141555786,0.6856287717819214,0.37097418308258057
YKL025C,YNR070W,0,-0.18046768,0.15624289214611053,0.6856287717819214,0.37107422947883606
YPR201W,YPR081C,0,-0.18054457,0.1562073677778244,0.6856287717819214,0.37117424607276917
YDR073W,YOL117W,0,-0.1805653,0.15617185831069946,0.6856287717819214,0.37127426266670227
YBR123C,YFR044C,0,-0.18074335,0.15613636374473572,0.6856287717819214,0.3713742792606354
YGR113W,YOL117W,0,-0.18074912,0.15610088407993317,0.6856287717819214,0.3714742958545685
YFL044C,YMR272C,0,-0.18081145,0.1560654193162918,0.6856287717819214,0.3715743124485016
YHL027W,YLR226W,0,-0.18089731,0.15602998435497284,0.6856287717819214,0.3716743290424347
YDR219C,YGL124C,0,-0.1809909,0.15599454939365387,0.6856287717819214,0.3717743456363678
YDL132W,YPL074W,0,-0.18115123,0.1559591442346573,0.6856287717819214,0.3718743622303009
YIL084C,YBR097W,0,-0.18116456,0.1559237390756607,0.6856287717819214,0.3719744086265564
YDR076W,YBR204C,0,-0.18119256,0.1558883637189865,0.6856287717819214,0.3720744252204895
YPR184W,YGR262C,0,-0.18133281,0.15585298836231232,0.6856287717819214,0.3721744418144226
YGL208W,YJL213W,0,-0.18136634,0.1558176428079605,0.6856287717819214,0.3722744584083557
YHR065C,YCR017C,0,-0.18143913,0.1557823121547699,0.6856287717819214,0.3723744750022888
YKR042W,YLR144C,0,-0.18166496,0.15574699640274048,0.6856287717819214,0.3724744915962219
YJR125C,YGR105W,0,-0.18187033,0.15571169555187225,0.6856287717819214,0.37257450819015503
YIL126W,YOR178C,0,-0.18211272,0.15567640960216522,0.6856287717819214,0.37267452478408813
YBR175W,YJL141C,0,-0.18213554,0.15564113855361938,0.6856287717819214,0.37277454137802124
YGR222W,YBR238C,0,-0.18219914,0.15560588240623474,0.6856287717819214,0.37287458777427673
YNL258C,YOL068C,0,-0.18315019,0.15557065606117249,0.6856287717819214,0.37297460436820984
YDR077W,YGR091W,0,-0.18322591,0.15553542971611023,0.6856287717819214,0.37307462096214294
YDL002C,YNL006W,0,-0.18330108,0.15550023317337036,0.6856287717819214,0.37317463755607605
YLR316C,YNL261W,0,-0.1840687,0.1554650366306305,0.6856287717819214,0.37327465415000916
YNR073C,YMR251W-A,0,-0.18429251,0.155429869890213,0.6856287717819214,0.37337467074394226
YPL022W,YMR296C,0,-0.18467717,0.15539470314979553,0.6856287717819214,0.37347468733787537
YEL038W,YJR105W,0,-0.18510945,0.15535956621170044,0.6856287717819214,0.37357470393180847
YGR287C,YBR231C,0,-0.18514049,0.15532444417476654,0.6856287717819214,0.3736747205257416
YJL125C,YMR163C,0,-0.18522027,0.15528933703899384,0.6856287717819214,0.37377476692199707
YMR281W,YGR249W,0,-0.1852587,0.15525422990322113,0.6856287717819214,0.3738747835159302
YBR068C,YCR073C,0,-0.18587358,0.1552191525697708,0.6856287717819214,0.3739748001098633
YGL119W,YGL145W,0,-0.1858878,0.1551840901374817,0.6856287717819214,0.3740748167037964
YMR224C,YNL331C,0,-0.18604355,0.15514905750751495,0.6856287717819214,0.3741748332977295
YMR130W,YEL071W,0,-0.18640922,0.15511402487754822,0.6856287717819214,0.3742748498916626
YGR285C,YNL316C,0,-0.18641478,0.15507900714874268,0.6856287717819214,0.3743748664855957
YER175C,YOR298W,0,-0.18689887,0.15504400432109833,0.6856287717819214,0.3744748830795288
YPR160W,YKL174C,0,-0.18764219,0.15500903129577637,0.6856287717819214,0.3745749294757843
YLR033W,YGL150C,0,-0.18790197,0.1549740582704544,0.6856287717819214,0.3746749460697174
YLR237W,YDL210W,0,-0.18792453,0.15493910014629364,0.6856287717819214,0.3747749626636505
YMR013C,YER061C,0,-0.18794899,0.15490417182445526,0.6856287717819214,0.3748749792575836
YER172C,YDL130W-A,0,-0.18830538,0.15486925840377808,0.6856287717819214,0.3749749958515167
YKL053C-A,YGL124C,0,-0.18850596,0.1548343449831009,0.6856287717819214,0.37507501244544983
YBL019W,YOR304C-A,0,-0.18864152,0.1547994613647461,0.6856287717819214,0.37517502903938293
YLR427W,YMR296C,0,-0.18891677,0.1547645926475525,0.6856287717819214,0.37527504563331604
YDR031W,YAR002C-A,0,-0.18892081,0.1547297239303589,0.6856287717819214,0.37537506222724915
YJL073W,YLR090W,0,-0.18899097,0.15469488501548767,0.6856287717819214,0.37547510862350464
YJL093C,YJL091C,0,-0.1892667,0.15466006100177765,0.6856287717819214,0.37557512521743774
YGR047C,YKL092C,0,-0.18928318,0.15462525188922882,0.6856287717819214,0.37567514181137085
YPL007C,YHR023W,0,-0.18957736,0.1545904576778412,0.6856287717819214,0.37577515840530396
YDR402C,YOL070C,0,-0.18969186,0.15455567836761475,0.6856287717819214,0.37587517499923706
YDR457W,YOL145C,0,-0.18995236,0.1545209139585495,0.6856287717819214,0.37597519159317017
YMR094W,YGL161C,0,-0.19046515,0.15448616445064545,0.6856287717819214,0.37607520818710327
YPL005W,YGR108W,0,-0.19056855,0.15445144474506378,0.6856287717819214,0.3761752247810364
YJR155W,YLR208W,0,-0.19080614,0.15441672503948212,0.6856287717819214,0.3762752413749695
YJR077C,YFL041W,0,-0.19095172,0.15438202023506165,0.6856287717819214,0.376375287771225
YDR408C,YJL166W,0,-0.19108213,0.15434733033180237,0.6856287717819214,0.3764753043651581
YBR030W,YLR270W,0,-0.19111629,0.15431267023086548,0.6856287717819214,0.3765753209590912
YFL024C,YGR056W,0,-0.19123726,0.1542780101299286,0.6856287717819214,0.3766753375530243
YLR394W,YPL046C,0,-0.19125985,0.1542433798313141,0.6856287717819214,0.3767753541469574
YBR080C,YGR041W,0,-0.19141221,0.15420874953269958,0.6856287717819214,0.3768753707408905
YCR094W,YEL027W,1,-0.1918493,0.15439856052398682,0.6866267323493958,0.3768753707408905
YDR128W,YJL145W,0,-0.19216813,0.15436391532421112,0.6866267323493958,0.3769753873348236
YMR029C,YNL138W,0,-0.19223805,0.1543292999267578,0.6866267323493958,0.3770754039287567
YEL046C,YDR330W,0,-0.1924416,0.1542946845293045,0.6866267323493958,0.3771754205226898
YOR224C,YER017C,0,-0.19256508,0.1542600840330124,0.6866267323493958,0.3772754669189453
YLR020C,YER150W,0,-0.19268997,0.15422551333904266,0.6866267323493958,0.3773754835128784
YKL003C,YML124C,0,-0.19316883,0.15419094264507294,0.6866267323493958,0.3774755001068115
YPL208W,YIL140W,0,-0.19321127,0.1541564017534256,0.6866267323493958,0.37757551670074463
YIL095W,YAL030W,1,-0.19362193,0.15434588491916656,0.6876247525215149,0.37757551670074463
YKR003W,YKL129C,1,-0.19366227,0.15453527867794037,0.688622772693634,0.37757551670074463
YDR490C,YNR075W,1,-0.19366825,0.154724583029747,0.6896207332611084,0.37757551670074463
YOR131C,YOL091W,0,-0.19401368,0.1546899527311325,0.6896207332611084,0.37767553329467773
YOL075C,YDL185W,0,-0.19413698,0.154655322432518,0.6896207332611084,0.37777554988861084
YKL193C,YGL148W,0,-0.19415064,0.1546207219362259,0.6896207332611084,0.37787556648254395
YAL061W,YNR018W,0,-0.19443943,0.15458613634109497,0.6896207332611084,0.37797558307647705
YBR133C,YNL189W,0,-0.1944607,0.15455155074596405,0.6896207332611084,0.37807562947273254
YNL281W,YGL237C,0,-0.1945123,0.15451699495315552,0.6896207332611084,0.37817564606666565
YDR520C,YPR042C,0,-0.19501553,0.15448245406150818,0.6896207332611084,0.37827566266059875
YKL004W,YMR068W,0,-0.19525851,0.15444792807102203,0.6896207332611084,0.37837567925453186
YIL080W,YPR011C,0,-0.19529007,0.1544134020805359,0.6896207332611084,0.37847569584846497
YHR179W,YMR159C,0,-0.19544747,0.15437890589237213,0.6896207332611084,0.37857571244239807
YOR232W,YPR127W,0,-0.19547512,0.15434442460536957,0.6896207332611084,0.3786757290363312
YAL005C,YNL256W,0,-0.19551736,0.1543099582195282,0.6896207332611084,0.3787757456302643
YLR373C,YML087C,0,-0.195542,0.15427550673484802,0.6896207332611084,0.3788757622241974
YJR077C,YDR531W,0,-0.1962568,0.15424107015132904,0.6896207332611084,0.3789758086204529
YJR086W,YPL252C,0,-0.1963438,0.15420664846897125,0.6896207332611084,0.379075825214386
YCL075W,YMR189W,0,-0.19645976,0.15417224168777466,0.6896207332611084,0.3791758418083191
YOR234C,YJL019W,0,-0.1970392,0.15413784980773926,0.6896207332611084,0.3792758584022522
YNR061C,YHR041C,0,-0.19712597,0.15410347282886505,0.6896207332611084,0.3793758749961853
YPR042C,YGL163C,0,-0.19720535,0.15406912565231323,0.6896207332611084,0.3794758915901184
YER173W,YNL070W,0,-0.19775164,0.1540347784757614,0.6896207332611084,0.3795759081840515
YNL093W,YKL203C,1,-0.1978718,0.15422330796718597,0.6906187534332275,0.3795759081840515
YNL270C,YNL307C,0,-0.1979755,0.15418894588947296,0.6906187534332275,0.3796759247779846
YPL204W,YLR026C,0,-0.19812103,0.15415459871292114,0.6906187534332275,0.3797759413719177
YGL245W,YLL003W,0,-0.19813146,0.15412026643753052,0.6906187534332275,0.3798759877681732
YMR204C,YER111C,0,-0.198314,0.1540859490633011,0.6906187534332275,0.3799760043621063
YOR141C,YML069W,0,-0.19880927,0.15405164659023285,0.6906187534332275,0.38007602095603943
YDL015C,YGR199W,0,-0.19885969,0.1540173590183258,0.6906187534332275,0.38017603754997253
YLR371W,YBL101C,1,-0.19886722,0.15420560538768768,0.6916167736053467,0.38017603754997253
YHR070W,YDR443C,0,-0.19924484,0.15417130291461945,0.6916167736053467,0.38027605414390564
YCR096C,YBR106W,0,-0.19954534,0.1541370153427124,0.6916167736053467,0.38037607073783875
YOR094W,YGR002C,0,-0.20003869,0.15410272777080536,0.6916167736053467,0.38047608733177185
YBL045C,YDL170W,0,-0.20020342,0.1540684700012207,0.6916167736053467,0.38057610392570496
YKL008C,YAR014C,0,-0.2002338,0.15403422713279724,0.6916167736053467,0.38067612051963806
YDL202W,YER021W,0,-0.20083053,0.15399999916553497,0.6916167736053467,0.38077616691589355
YJL074C,YDR214W,0,-0.20113546,0.1539657860994339,0.6916167736053467,0.38087618350982666
YOR197W,YGL039W,0,-0.20165576,0.15393158793449402,0.6916167736053467,0.38097620010375977
YDR492W,YGL095C,0,-0.2019505,0.15389740467071533,0.6916167736053467,0.38107621669769287
YMR291W,YOR228C,0,-0.20196958,0.15386323630809784,0.6916167736053467,0.381176233291626
YLR395C,YNL202W,0,-0.20198359,0.15382908284664154,0.6916167736053467,0.3812762498855591
YCR053W,YDR307W,0,-0.20201714,0.15379494428634644,0.6916167736053467,0.3813762664794922
YKR103W,YOL017W,0,-0.20214354,0.15376082062721252,0.6916167736053467,0.3814762830734253
YOR037W,YGR172C,0,-0.20220117,0.1537267118692398,0.6916167736053467,0.3815763294696808
YBR109C,YML001W,1,-0.20224951,0.15391439199447632,0.6926147937774658,0.3815763294696808
YNL080C,YGR084C,0,-0.20257483,0.1538802683353424,0.6926147937774658,0.3816763460636139
YBR150C,YIL177C,0,-0.20258005,0.1538461595773697,0.6926147937774658,0.381776362657547
YMR047C,YGR112W,0,-0.20260224,0.15381205081939697,0.6926147937774658,0.3818763792514801
YOR299W,YPR018W,0,-0.20266265,0.15377797186374664,0.6926147937774658,0.3819763958454132
YHL019C,YNL227C,0,-0.20299153,0.1537439078092575,0.6926147937774658,0.3820764124393463
YMR014W,YJL170C,0,-0.20302835,0.15370985865592957,0.6926147937774658,0.3821764290332794
YLR098C,YBR135W,0,-0.20312653,0.15367582440376282,0.6926147937774658,0.3822764456272125
YPR178W,YNL014W,0,-0.20432946,0.15364180505275726,0.6926147937774658,0.38237646222114563
YOR301W,YPR113W,0,-0.20439996,0.1536077857017517,0.6926147937774658,0.3824765086174011
YOR329C,YIL095W,1,-0.20440458,0.15379509329795837,0.6936127543449402,0.3824765086174011
YBL058W,YOR229W,0,-0.20459814,0.15376105904579163,0.6936127543449402,0.38257652521133423
YDR216W,YIL159W,0,-0.20483483,0.15372705459594727,0.6936127543449402,0.38267654180526733
YKL067W,YEL070W,0,-0.20487832,0.1536930501461029,0.6936127543449402,0.38277655839920044
YKL175W,YPL231W,0,-0.20493206,0.15365907549858093,0.6936127543449402,0.38287657499313354
YDR363W,YDL229W,0,-0.20540017,0.15362511575222015,0.6936127543449402,0.38297659158706665
YLR240W,YIR028W,0,-0.20598315,0.15359115600585938,0.6936127543449402,0.38307660818099976
YDR069C,YNR075W,1,-0.20647807,0.15377816557884216,0.6946107745170593,0.38307660818099976
YOL004W,YFL002C,0,-0.20665938,0.15374420583248138,0.6946107745170593,0.38317662477493286
YOR308C,YJL141C,0,-0.2074812,0.1537102460861206,0.6946107745170593,0.38327664136886597
YMR210W,YIL129C,0,-0.207626,0.15367630124092102,0.6946107745170593,0.38337668776512146
YNL252C,YNR060W,0,-0.20774843,0.15364238619804382,0.6946107745170593,0.38347670435905457
YJL151C,YEL062W,0,-0.20780899,0.15360847115516663,0.6946107745170593,0.38357672095298767
YCR094W,YBR059C,1,-0.2078153,0.15379522740840912,0.6956087946891785,0.38357672095298767
YGL190C,YCL036W,0,-0.20792471,0.15376131236553192,0.6956087946891785,0.3836767375469208
YOL136C,YNL010W,0,-0.20813768,0.15372739732265472,0.6956087946891785,0.3837767541408539
YFL036W,YIL004C,0,-0.20815851,0.15369349718093872,0.6956087946891785,0.383876770734787
YOR315W,YLR106C,0,-0.20819335,0.1536596119403839,0.6956087946891785,0.3839767873287201
YLR225C,YER019C-A,0,-0.20825845,0.1536257416009903,0.6956087946891785,0.3840768039226532
YPR108W,YDR420W,0,-0.20829445,0.15359188616275787,0.6956087946891785,0.3841768205165863
YOR215C,YBR288C,0,-0.20863445,0.15355804562568665,0.6956087946891785,0.3842768669128418
YFL004W,YBR104W,0,-0.20893295,0.1535242348909378,0.6956087946891785,0.3843768835067749
YNL262W,YOR226C,0,-0.2090531,0.15349042415618896,0.6956087946891785,0.384476900100708
YNL169C,YIL020C,0,-0.20941295,0.15345662832260132,0.6956087946891785,0.3845769166946411
YOL064C,YOL123W,0,-0.20955937,0.15342284739017487,0.6956087946891785,0.3846769332885742
YJR125C,YHR073W,1,-0.21028496,0.15360915660858154,0.6966068148612976,0.3846769332885742
YHR117W,YJL024C,0,-0.21042751,0.1535753607749939,0.6966068148612976,0.3847769498825073
YNR032W,YAL062W,0,-0.21103017,0.15354157984256744,0.6966068148612976,0.38487696647644043
YGL254W,YKL025C,0,-0.2112217,0.15350781381130219,0.6966068148612976,0.38497698307037354
YOL064C,YGL170C,0,-0.21144915,0.15347404778003693,0.6966068148612976,0.38507702946662903
YPL149W,YGL180W,0,-0.21153216,0.15344031155109406,0.6966068148612976,0.38517704606056213
YLL022C,YGR207C,0,-0.2117003,0.15340659022331238,0.6966068148612976,0.38527706265449524
YIL083C,YLL035W,0,-0.21171509,0.1533728837966919,0.6966068148612976,0.38537707924842834
YKL089W,YLR262C,0,-0.21204497,0.1533391922712326,0.6966068148612976,0.38547709584236145
YDL202W,YKL064W,0,-0.21210922,0.1533055156469345,0.6966068148612976,0.38557711243629456
YER001W,YMR291W,0,-0.21220106,0.1532718539237976,0.6966068148612976,0.38567712903022766
YDR488C,YLR164W,0,-0.21237442,0.1532382071018219,0.6966068148612976,0.38577714562416077
YOR373W,YOL129W,0,-0.21241309,0.1532045602798462,0.6966068148612976,0.38587716221809387
YOL030W,YLR372W,0,-0.21258652,0.15317094326019287,0.6966068148612976,0.38597720861434937
YJL090C,YKL208W,0,-0.21269418,0.15313734114170074,0.6966068148612976,0.38607722520828247
YKL027W,YKR028W,0,-0.21338573,0.1531037539243698,0.6966068148612976,0.3861772418022156
YLR342W,YDL161W,1,-0.21340999,0.15328946709632874,0.697604775428772,0.3861772418022156
YGR183C,YEL055C,0,-0.21350653,0.1532558649778366,0.697604775428772,0.3862772583961487
YLL009C,YPL020C,0,-0.2136382,0.15322227776050568,0.697604775428772,0.3863772749900818
YJR103W,YAL024C,0,-0.21417028,0.15318869054317474,0.697604775428772,0.3864772915840149
YPL276W,YDR051C,0,-0.21417977,0.1531551331281662,0.697604775428772,0.386577308177948
YBR081C,YHR140W,0,-0.21424358,0.15312157571315765,0.697604775428772,0.3866773247718811
YPL047W,YPR164W,0,-0.21434565,0.1530880481004715,0.697604775428772,0.3867773413658142
YHR211W,YNL236W,0,-0.21437998,0.15305452048778534,0.697604775428772,0.3868773877620697
YNL232W,YBR044C,0,-0.21441366,0.15302102267742157,0.697604775428772,0.3869774043560028
YDR113C,YPL092W,0,-0.2153201,0.1529875248670578,0.697604775428772,0.3870774209499359
YEL031W,YOR229W,0,-0.21580313,0.15295404195785522,0.697604775428772,0.387177437543869
YNR047W,YDR497C,0,-0.21586305,0.15292058885097504,0.697604775428772,0.3872774541378021
YDR182W,YNL212W,0,-0.21596862,0.15288713574409485,0.697604775428772,0.38737747073173523
YKR098C,YOR167C,0,-0.21600841,0.15285371243953705,0.697604775428772,0.38747748732566833
YBR257W,YIR023W,0,-0.21678984,0.15282028913497925,0.697604775428772,0.38757750391960144
YDR252W,YCR077C,0,-0.21712627,0.15278688073158264,0.697604775428772,0.38767755031585693
YHR062C,YMR052W,0,-0.21713136,0.15275350213050842,0.697604775428772,0.38777756690979004
YDR118W,YOR356W,0,-0.21737929,0.1527201235294342,0.697604775428772,0.38787758350372314
YLL002W,YOR149C,0,-0.21758752,0.15268675982952118,0.697604775428772,0.38797760009765625
YOR368W,YOR291W,0,-0.2178078,0.15265341103076935,0.697604775428772,0.38807761669158936
YBR258C,YMR161W,0,-0.2184192,0.1526200920343399,0.697604775428772,0.38817763328552246
YBL101W-B,YMR115W,0,-0.21853252,0.15258677303791046,0.697604775428772,0.38827764987945557
YPR162C,YJL060W,0,-0.21856757,0.1525534689426422,0.697604775428772,0.38837766647338867
YGL170C,YNR061C,0,-0.21858177,0.15252017974853516,0.697604775428772,0.3884776830673218
YER098W,YKL184W,0,-0.21860082,0.1524869054555893,0.697604775428772,0.38857772946357727
YDL191W,YKL101W,0,-0.21863523,0.15245364606380463,0.697604775428772,0.3886777460575104
YGL229C,YNL178W,0,-0.21865438,0.15242041647434235,0.697604775428772,0.3887777626514435
YKR062W,YBR008C,0,-0.21893774,0.15238718688488007,0.697604775428772,0.3888777792453766
YLR304C,YLR405W,0,-0.21894534,0.15235397219657898,0.697604775428772,0.3889777958393097
YFL010W-A,YIL110W,0,-0.21988876,0.1523207724094391,0.697604775428772,0.3890778124332428
YMR150C,YLR321C,0,-0.2204127,0.1522875875234604,0.697604775428772,0.3891778290271759
YOR298W,YBL057C,0,-0.22086693,0.15225441753864288,0.697604775428772,0.389277845621109
YDR410C,YJL134W,0,-0.22095853,0.15222124755382538,0.697604775428772,0.3893778622150421
YJR078W,YDR334W,0,-0.2209969,0.15218810737133026,0.697604775428772,0.3894779086112976
YFL039C,YHR114W,1,-0.22116956,0.15237265825271606,0.6986027956008911,0.3894779086112976
YPR149W,YAR003W,0,-0.22130586,0.15233950316905975,0.6986027956008911,0.3895779252052307
YHR178W,YDR404C,0,-0.2213341,0.15230634808540344,0.6986027956008911,0.3896779417991638
YDL019C,YEL027W,1,-0.22152677,0.1524907499551773,0.6996008157730103,0.3896779417991638
YOR321W,YOR246C,0,-0.22158056,0.152457594871521,0.6996008157730103,0.3897779583930969
YPR171W,YNL020C,1,-0.2216016,0.1526418775320053,0.7005987763404846,0.3897779583930969
YFL034C-A,YNL021W,0,-0.22160795,0.1526086926460266,0.7005987763404846,0.38987797498703003
YDL019C,YPL132W,0,-0.22213443,0.1525755226612091,0.7005987763404846,0.38997799158096313
YGR238C,YGR140W,0,-0.22275835,0.1525423675775528,0.7005987763404846,0.39007800817489624
YJL117W,YGR155W,0,-0.22308657,0.15250922739505768,0.7005987763404846,0.39017802476882935
YLR342W,YGR086C,1,-0.22332908,0.15269331634044647,0.7015967965126038,0.39017802476882935
YCR040W,YAL010C,0,-0.22340974,0.15266014635562897,0.7015967965126038,0.39027804136276245
YNL159C,YMR291W,0,-0.2236904,0.15262700617313385,0.7015967965126038,0.39037808775901794
YOR122C,YKL222C,0,-0.22376956,0.15259388089179993,0.7015967965126038,0.39047810435295105
YER054C,YIL061C,0,-0.22415718,0.1525607705116272,0.7015967965126038,0.39057812094688416
YOL092W,YBR097W,0,-0.22418134,0.15252766013145447,0.7015967965126038,0.39067813754081726
YLR427W,YHR027C,0,-0.22451499,0.15249457955360413,0.7015967965126038,0.39077815413475037
YCL025C,YER174C,0,-0.22485371,0.15246149897575378,0.7015967965126038,0.39087817072868347
YIL134W,YDR214W,0,-0.22536707,0.15242844820022583,0.7015967965126038,0.3909781873226166
YPR043W,YDR198C,0,-0.22538415,0.15239539742469788,0.7015967965126038,0.3910782039165497
YDR159W,YBR282W,0,-0.22539878,0.1523623764514923,0.7015967965126038,0.3911782503128052
YGL099W,YDR369C,0,-0.225479,0.15232935547828674,0.7015967965126038,0.3912782669067383
YDR093W,YNL154C,1,-0.22561738,0.15251299738883972,0.7025948166847229,0.3912782669067383
YER131W,YKL055C,0,-0.22578022,0.15247996151447296,0.7025948166847229,0.3913782835006714
YLR009W,YEL004W,0,-0.22627367,0.1524469405412674,0.7025948166847229,0.3914783000946045
YNL032W,YGR241C,1,-0.22656117,0.15263043344020844,0.703592836856842,0.3914783000946045
YLR105C,YLR050C,0,-0.22673824,0.15259739756584167,0.703592836856842,0.3915783166885376
YGR085C,YOR246C,0,-0.22713022,0.1525643765926361,0.703592836856842,0.3916783332824707
YBL113C,YCL011C,0,-0.2273281,0.15253137052059174,0.703592836856842,0.3917783498764038
YER095W,YBR172C,0,-0.22737361,0.15249837934970856,0.703592836856842,0.3918783664703369
YNL236W,YHR056C,0,-0.22758304,0.15246540307998657,0.703592836856842,0.39197838306427
YPL122C,YIL155C,0,-0.22758542,0.1524324268102646,0.703592836856842,0.3920784294605255
YBR282W,YNR061C,0,-0.2278227,0.152399480342865,0.703592836856842,0.3921784460544586
YMR167W,YLR027C,0,-0.22832826,0.1523665487766266,0.703592836856842,0.3922784626483917
YOR144C,YMR168C,0,-0.22843222,0.15233361721038818,0.703592836856842,0.39237847924232483
YIR002C,YPL158C,0,-0.22851837,0.15230071544647217,0.703592836856842,0.39247849583625793
YNL270C,YOL017W,0,-0.22861159,0.15226781368255615,0.703592836856842,0.39257851243019104
YNL119W,YJL062W,0,-0.22882645,0.15223494172096252,0.703592836856842,0.39267852902412415
YBR129C,YLR337W,0,-0.22902511,0.1522020697593689,0.703592836856842,0.39277854561805725
YNL291C,YDR318W,0,-0.22968489,0.15216922760009766,0.703592836856842,0.39287856221199036
YLR130C,YGR037C,0,-0.22969095,0.15213638544082642,0.703592836856842,0.39297860860824585
YMR150C,YIR009W,0,-0.22989391,0.15210355818271637,0.703592836856842,0.39307862520217896
YBR192W,YIL050W,0,-0.23004161,0.15207074582576752,0.703592836856842,0.39317864179611206
YER125W,YCR094W,1,-0.23022388,0.15225361287593842,0.7045907974243164,0.39317864179611206
YBR164C,YPR043W,0,-0.23056959,0.15222078561782837,0.7045907974243164,0.39327865839004517
YKL088W,YMR164C,0,-0.23060188,0.15218797326087952,0.7045907974243164,0.39337867498397827
YJR001W,YNL096C,0,-0.23108773,0.15215517580509186,0.7045907974243164,0.3934786915779114
YMR152W,YML027W,0,-0.23114419,0.1521223932504654,0.7045907974243164,0.3935787081718445
YMR295C,YKL221W,0,-0.23132716,0.15208961069583893,0.7045907974243164,0.3936787247657776
YIR033W,YEL036C,0,-0.23137526,0.15205685794353485,0.7045907974243164,0.3937787413597107
YOR205C,YLL003W,0,-0.23180622,0.15202412009239197,0.7045907974243164,0.3938787877559662
YOL016C,YIL142W,0,-0.23182783,0.15199138224124908,0.7045907974243164,0.3939788043498993
YDR425W,YNL270C,0,-0.2318305,0.1519586741924286,0.7045907974243164,0.3940788209438324
YMR305C,YDR038C,0,-0.23290497,0.1519259810447693,0.7045907974243164,0.3941788375377655
YOR034C,YKR003W,1,-0.23316497,0.15210843086242676,0.7055888175964355,0.3941788375377655
YOR292C,YDL142C,0,-0.23358001,0.15207570791244507,0.7055888175964355,0.3942788541316986
YIL082W-A,YNL316C,0,-0.23378748,0.15204301476478577,0.7055888175964355,0.3943788707256317
YLR398C,YIL063C,0,-0.23383877,0.15201032161712646,0.7055888175964355,0.3944788873195648
YLR139C,YFR029W,0,-0.23384826,0.15197764337062836,0.7055888175964355,0.3945789039134979
YHL016C,YGR096W,0,-0.23401017,0.15194498002529144,0.7055888175964355,0.3946789503097534
YMR244C-A,YPL134C,0,-0.23437358,0.15191233158111572,0.7055888175964355,0.3947789669036865
YDR191W,YBL101W-B,0,-0.2344421,0.1518796980381012,0.7055888175964355,0.39487898349761963
YIL067C,YKL182W,0,-0.23471306,0.15184707939624786,0.7055888175964355,0.39497900009155273
YLR034C,YKL175W,0,-0.23502578,0.15181447565555573,0.7055888175964355,0.39507901668548584
YPR168W,YHR105W,0,-0.23525652,0.15178188681602478,0.7055888175964355,0.39517903327941895
YAL012W,YIL155C,0,-0.23616607,0.15174929797649384,0.7055888175964355,0.39527904987335205
YMR023C,YHL008C,0,-0.23626564,0.15171673893928528,0.7055888175964355,0.39537906646728516
YHR207C,YCR097W,0,-0.23651965,0.15168419480323792,0.7055888175964355,0.39547908306121826
YOR327C,YOR322C,1,-0.23680289,0.151866152882576,0.7065868377685547,0.39547908306121826
YGR287C,YDL204W,0,-0.2369911,0.15183357894420624,0.7065868377685547,0.39557912945747375
YOL049W,YNL254C,0,-0.23703772,0.15180103480815887,0.7065868377685547,0.39567914605140686
YML030W,YOL091W,0,-0.23717189,0.1517684906721115,0.7065868377685547,0.39577916264533997
YPR121W,YAR002C-A,0,-0.23739633,0.15173596143722534,0.7065868377685547,0.39587917923927307
YKL053C-A,YNL148C,0,-0.23762017,0.15170344710350037,0.7065868377685547,0.3959791958332062
YER120W,YOR017W,0,-0.2378387,0.15167094767093658,0.7065868377685547,0.3960792124271393
YMR086W,YHR039C-A,0,-0.23818727,0.151638463139534,0.7065868377685547,0.3961792290210724
YOL027C,YIL080W,0,-0.23822674,0.1516059935092926,0.7065868377685547,0.3962792456150055
YEL037C,YJR009C,0,-0.23858404,0.1515735387802124,0.7065868377685547,0.3963792622089386
YKL053C-A,YER090W,0,-0.23875058,0.1515410989522934,0.7065868377685547,0.3964793086051941
YML095C,YBL050W,0,-0.2390472,0.15150867402553558,0.7065868377685547,0.3965793251991272
YDR258C,YBL066C,0,-0.23924114,0.15147624909877777,0.7065868377685547,0.3966793417930603
YGR156W,YPR025C,0,-0.23947047,0.15144385397434235,0.7065868377685547,0.3967793583869934
YMR208W,YML111W,0,-0.23947544,0.15141145884990692,0.7065868377685547,0.3968793749809265
YDR363W,YLR398C,0,-0.23950666,0.15137909352779388,0.7065868377685547,0.3969793915748596
YDR400W,YLR010C,0,-0.23976177,0.15134672820568085,0.7065868377685547,0.3970794081687927
YPL124W,YPL151C,0,-0.240128,0.151314377784729,0.7065868377685547,0.39717942476272583
YER012W,YDR006C,0,-0.2401813,0.15128205716609955,0.7065868377685547,0.39727944135665894
YCR066W,YCR023C,0,-0.2404457,0.1512497365474701,0.7065868377685547,0.39737948775291443
YIL160C,YJL002C,0,-0.24073179,0.15121743083000183,0.7065868377685547,0.39747950434684753
YHR129C,YMR203W,0,-0.24076031,0.15118514001369476,0.7065868377685547,0.39757952094078064
YMR186W,YOL107W,0,-0.2408363,0.1511528640985489,0.7065868377685547,0.39767953753471375
YDR254W,YOR339C,0,-0.24088071,0.1511206030845642,0.7065868377685547,0.39777955412864685
YDR191W,YML126C,0,-0.24107116,0.15108834207057953,0.7065868377685547,0.39787957072257996
YBL060W,YBL089W,0,-0.24122545,0.15105611085891724,0.7065868377685547,0.39797958731651306
YPR002W,YGL030W,0,-0.24124691,0.15102389454841614,0.7065868377685547,0.39807960391044617
YOR007C,YJL160C,0,-0.24144275,0.15099167823791504,0.7065868377685547,0.39817965030670166
YHR186C,YOL045W,0,-0.24247153,0.15095949172973633,0.7065868377685547,0.39827966690063477
YBL023C,YOR125C,0,-0.24264729,0.15092730522155762,0.7065868377685547,0.39837968349456787
YNL008C,YJL115W,0,-0.24284491,0.1508951336145401,0.7065868377685547,0.398479700088501
YDL143W,YIR039C,0,-0.24340792,0.15086299180984497,0.7065868377685547,0.3985797166824341
YGL245W,YML048W,0,-0.24346101,0.15083085000514984,0.7065868377685547,0.3986797332763672
YPL089C,YJR010W,0,-0.243464,0.1507987231016159,0.7065868377685547,0.3987797498703003
YAL001C,YGL255W,0,-0.24350509,0.15076661109924316,0.7065868377685547,0.3988797664642334
YGL112C,YLR214W,0,-0.24359265,0.15073451399803162,0.7065868377685547,0.3989797830581665
YOL110W,YKR104W,0,-0.24431409,0.15070243179798126,0.7065868377685547,0.399079829454422
YDR479C,YLR300W,0,-0.24446663,0.1506703495979309,0.7065868377685547,0.3991798460483551
YDR059C,YGR241C,1,-0.24479331,0.1508510708808899,0.7075848579406738,0.3991798460483551
YNL020C,YHR135C,1,-0.24516048,0.1510317027568817,0.7085828185081482,0.3991798460483551
YLL051C,YDR369C,0,-0.24519868,0.15099957585334778,0.7085828185081482,0.3992798626422882
YDR018C,YJR093C,0,-0.24530306,0.15096746385097504,0.7085828185081482,0.3993798792362213
YCL075W,YLR016C,0,-0.24545178,0.1509353667497635,0.7085828185081482,0.3994798958301544
YGR239C,YKL064W,0,-0.24558409,0.15090329945087433,0.7085828185081482,0.3995799124240875
YMR019W,YNL281W,0,-0.24562185,0.15087123215198517,0.7085828185081482,0.39967992901802063
YDR182W,YMR224C,0,-0.24572693,0.1508391797542572,0.7085828185081482,0.39977994561195374
YEL037C,YOL027C,0,-0.24607565,0.15080714225769043,0.7085828185081482,0.39987996220588684
YNR075W,YDR177W,1,-0.24622945,0.15098747611045837,0.7095808386802673,0.39987996220588684
YDR177W,YGL065C,0,-0.24623124,0.1509554088115692,0.7095808386802673,0.39998000860214233
YMR086W,YLR045C,0,-0.24660328,0.15092337131500244,0.7095808386802673,0.40008002519607544
YKR030W,YDR058C,0,-0.24662529,0.15089133381843567,0.7095808386802673,0.40018004179000854
YDR103W,YOR038C,0,-0.24704577,0.15085932612419128,0.7095808386802673,0.40028005838394165
YJR001W,YGL103W,0,-0.24714378,0.1508273184299469,0.7095808386802673,0.40038007497787476
YMR058W,YBR082C,0,-0.2471819,0.1507953405380249,0.7095808386802673,0.40048009157180786
YOR034C,YGR167W,1,-0.24724416,0.15097540616989136,0.7105788588523865,0.40048009157180786
YMR122W-A,YDL148C,0,-0.24746546,0.15094339847564697,0.7105788588523865,0.40058010816574097
YOL007C,YGR140W,0,-0.24772252,0.15091140568256378,0.7105788588523865,0.4006801247596741
YPL131W,YOR386W,0,-0.24806409,0.15087942779064178,0.7105788588523865,0.4007801413536072
YIR007W,YOL149W,0,-0.24819078,0.15084746479988098,0.7105788588523865,0.40088018774986267
YGR280C,YIR038C,0,-0.24871852,0.15081550180912018,0.7105788588523865,0.4009802043437958
YOR375C,YGL224C,0,-0.24885531,0.15078356862068176,0.7105788588523865,0.4010802209377289
YLL038C,YLR371W,1,-0.249121,0.15096336603164673,0.7115768194198608,0.4010802209377289
YDR059C,YNL243W,1,-0.24913941,0.15114310383796692,0.71257483959198,0.4010802209377289
YLR342W,YJR125C,1,-0.24919264,0.15132275223731995,0.7135728597640991,0.4010802209377289
YIR033W,YLR128W,0,-0.2491964,0.15129072964191437,0.7135728597640991,0.401180237531662
YMR200W,YBR012W-B,0,-0.24955459,0.15125872194766998,0.7135728597640991,0.4012802541255951
YGR264C,YER141W,0,-0.24960174,0.1512267291545868,0.7135728597640991,0.4013802707195282
YGR037C,YJL065C,0,-0.24990995,0.1511947512626648,0.7135728597640991,0.4014802873134613
YDR368W,YGR140W,0,-0.24997602,0.151162788271904,0.7135728597640991,0.4015803039073944
YDR233C,YDL239C,0,-0.24999382,0.15113084018230438,0.7135728597640991,0.4016803503036499
YGL220W,YER101C,0,-0.25037223,0.15109890699386597,0.7135728597640991,0.401780366897583
YNL083W,YDR529C,0,-0.25041038,0.15106697380542755,0.7135728597640991,0.4018803834915161
YNL326C,YDR103W,0,-0.25061804,0.15103507041931152,0.7135728597640991,0.4019804000854492
YKL205W,YNL264C,0,-0.25069115,0.1510031670331955,0.7135728597640991,0.4020804166793823
YKL020C,YML006C,0,-0.25116172,0.15097127854824066,0.7135728597640991,0.40218043327331543
YMR079W,YAL035W,0,-0.2514211,0.15093941986560822,0.7135728597640991,0.40228044986724854
YEL060C,YGR027C,0,-0.2517646,0.15090756118297577,0.7135728597640991,0.40238046646118164
YAL021C,YHL044W,0,-0.25185716,0.15087571740150452,0.7135728597640991,0.40248048305511475
YGR143W,YBR264C,0,-0.252548,0.15084388852119446,0.7135728597640991,0.40258052945137024
YMR288W,YHR176W,0,-0.2526211,0.1508120596408844,0.7135728597640991,0.40268054604530334
YKR019C,YKL212W,0,-0.25277007,0.15078026056289673,0.7135728597640991,0.40278056263923645
YDR073W,YNR074C,0,-0.25289422,0.15074847638607025,0.7135728597640991,0.40288057923316956
YGR002C,YGL213C,0,-0.25291693,0.15071669220924377,0.7135728597640991,0.40298059582710266
YPL095C,YBL002W,0,-0.25295353,0.15068493783473969,0.7135728597640991,0.40308061242103577
YJL172W,YMR203W,0,-0.25343418,0.1506531834602356,0.7135728597640991,0.40318062901496887
YPR185W,YHR143W,0,-0.25384283,0.1506214439868927,0.7135728597640991,0.403280645608902
YKL035W,YJL158C,0,-0.25394434,0.150589719414711,0.7135728597640991,0.4033806622028351
YDL078C,YGL038C,0,-0.25426883,0.1505580097436905,0.7135728597640991,0.4034807085990906
YLR208W,YBL010C,0,-0.25452054,0.15052631497383118,0.7135728597640991,0.4035807251930237
YCR094W,YKL203C,1,-0.2547449,0.15070511400699615,0.7145708799362183,0.4035807251930237
YBR205W,YDR116C,0,-0.25480944,0.15067340433597565,0.7145708799362183,0.4036807417869568
YER114C,YMR201C,0,-0.25489563,0.15064169466495514,0.7145708799362183,0.4037807583808899
YDR388W,YAR044W,1,-0.25510126,0.15082035958766937,0.7155688405036926,0.4037807583808899
YER068W,YNL138W,0,-0.25540295,0.15078864991664886,0.7155688405036926,0.403880774974823
YOR094W,YNL223W,0,-0.25558648,0.15075694024562836,0.7155688405036926,0.4039807915687561
YPL270W,YML025C,0,-0.25559372,0.15072524547576904,0.7155688405036926,0.4040808081626892
YER125W,YER166W,1,-0.25573367,0.15090374648571014,0.7165668606758118,0.4040808081626892
YEL058W,YIL168W,0,-0.2563395,0.15087203681468964,0.7165668606758118,0.4041808247566223
YDR233C,YBR223C,0,-0.25640398,0.15084034204483032,0.7165668606758118,0.4042808413505554
YFR009W,YOL019W,0,-0.25677407,0.150808647274971,0.7165668606758118,0.4043808877468109
YAL060W,YGL211W,0,-0.2568876,0.15077698230743408,0.7165668606758118,0.404480904340744
YGR048W,YDL156W,0,-0.25689745,0.15074533224105835,0.7165668606758118,0.4045809209346771
YBR026C,YBL005W-A,0,-0.2569288,0.15071368217468262,0.7165668606758118,0.40468093752861023
YCL057W,YOR118W,0,-0.25693887,0.15068206191062927,0.7165668606758118,0.40478095412254333
YBL060W,YCR081W,0,-0.25720787,0.15065044164657593,0.7165668606758118,0.40488097071647644
YLR276C,YFL066C,0,-0.2579016,0.15061883628368378,0.7165668606758118,0.40498098731040955
YOR344C,YLR225C,0,-0.25804943,0.15058724582195282,0.7165668606758118,0.40508100390434265
YBR207W,YKL203C,1,-0.25814465,0.15076535940170288,0.7175648808479309,0.40508100390434265
YIL150C,YOR124C,0,-0.25819707,0.15073375403881073,0.7175648808479309,0.40518105030059814
YOR269W,YFR004W,0,-0.25846237,0.15070216357707977,0.7175648808479309,0.40528106689453125
YOR230W,YBR072W,0,-0.2586428,0.15067057311534882,0.7175648808479309,0.40538108348846436
YHR161C,YAR044W,1,-0.25909644,0.15084852278232574,0.71856290102005,0.40538108348846436
YNL258C,YLR025W,0,-0.2592391,0.1508169323205948,0.71856290102005,0.40548110008239746
YPL145C,YHR073W,1,-0.25969088,0.15099476277828217,0.7195608615875244,0.40548110008239746
YJR112W,YJL166W,0,-0.25993246,0.15096314251422882,0.7195608615875244,0.40558111667633057
YBL018C,YJR127C,0,-0.26004368,0.15093155205249786,0.7195608615875244,0.40568113327026367
YKR054C,YKL167C,0,-0.26011044,0.1508999615907669,0.7195608615875244,0.4057811498641968
YFR001W,YPR004C,0,-0.26051787,0.15086838603019714,0.7195608615875244,0.4058811664581299
YDR216W,YEL026W,0,-0.2605428,0.15083682537078857,0.7195608615875244,0.405981183052063
YER022W,YKL059C,0,-0.26121986,0.15080526471138,0.7195608615875244,0.4060812294483185
YBR244W,YOR126C,0,-0.26148587,0.15077373385429382,0.7195608615875244,0.4061812460422516
YNL035C,YGR028W,0,-0.26160377,0.15074221789836884,0.7195608615875244,0.4062812626361847
YPR165W,YGL147C,0,-0.2616104,0.15071070194244385,0.7195608615875244,0.4063812792301178
YGL123W,YDR363W-A,0,-0.26164567,0.15067920088768005,0.7195608615875244,0.4064812958240509
YBL074C,YDL077C,0,-0.26250872,0.15064772963523865,0.7195608615875244,0.406581312417984
YDR450W,YDR153C,0,-0.2629096,0.15061625838279724,0.7195608615875244,0.4066813290119171
YDR418W,YNL086W,0,-0.263207,0.15058480203151703,0.7195608615875244,0.4067813456058502
YKL181W,YBR008C,0,-0.26341426,0.15055334568023682,0.7195608615875244,0.4068813621997833
YKL092C,YDR030C,0,-0.2634892,0.150521919131279,0.7195608615875244,0.4069814085960388
YER073W,YPL128C,0,-0.2636574,0.15049050748348236,0.7195608615875244,0.4070814251899719
YIL101C,YOR285W,0,-0.26373124,0.15045909583568573,0.7195608615875244,0.40718144178390503
YBR210W,YLR321C,0,-0.2643876,0.1504277139902115,0.7195608615875244,0.40728145837783813
YMR136W,YDL109C,0,-0.26459247,0.15039633214473724,0.7195608615875244,0.40738147497177124
YML036W,YML066C,0,-0.2653879,0.1503649652004242,0.7195608615875244,0.40748149156570435
YCL025C,YHR013C,0,-0.2653972,0.15033361315727234,0.7195608615875244,0.40758150815963745
YDR191W,YPR156C,0,-0.26549256,0.15030227601528168,0.7195608615875244,0.40768152475357056
YER185W,YDR059C,0,-0.26595348,0.15027093887329102,0.7195608615875244,0.40778157114982605
YER002W,YEL036C,0,-0.26613164,0.15023963153362274,0.7195608615875244,0.40788158774375916
YNL289W,YHR179W,0,-0.2661717,0.15020833909511566,0.7195608615875244,0.40798160433769226
YOL125W,YDR347W,0,-0.2662049,0.15017704665660858,0.7195608615875244,0.40808162093162537
YKL168C,YDR332W,0,-0.2662897,0.1501457691192627,0.7195608615875244,0.40818163752555847
YGL259W,YPL214C,0,-0.2664352,0.150114506483078,0.7195608615875244,0.4082816541194916
YDL204W,YJR086W,0,-0.26697773,0.1500832587480545,0.7195608615875244,0.4083816707134247
YIL109C,YLR386W,0,-0.26827538,0.1500520259141922,0.7195608615875244,0.4084816873073578
YDR116C,YML049C,0,-0.26886177,0.1500208079814911,0.7195608615875244,0.4085817039012909
YNL242W,YBR237W,0,-0.26910445,0.14998960494995117,0.7195608615875244,0.4086817502975464
YPR151C,YPL031C,0,-0.2695688,0.14995840191841125,0.7195608615875244,0.4087817668914795
YML025C,YDL127W,0,-0.2697732,0.14992721378803253,0.7195608615875244,0.4088817834854126
YNL106C,YJL194W,0,-0.269817,0.1498960554599762,0.7195608615875244,0.4089818000793457
YEL015W,YPR058W,0,-0.2703722,0.14986489713191986,0.7195608615875244,0.4090818166732788
YKL078W,YBR082C,0,-0.2708966,0.14983375370502472,0.7195608615875244,0.4091818332672119
YKR013W,YMR190C,0,-0.27097988,0.14980262517929077,0.7195608615875244,0.409281849861145
YJR022W,YGR067C,0,-0.2710498,0.14977149665355682,0.7195608615875244,0.4093818664550781
YDR408C,YIL065C,0,-0.27147746,0.14974039793014526,0.7195608615875244,0.40948188304901123
YKL074C,YMR080C,0,-0.27212387,0.1497092992067337,0.7195608615875244,0.4095819294452667
YMR097C,YDR147W,0,-0.2722274,0.14967823028564453,0.7195608615875244,0.40968194603919983
YKL053C-A,YMR004W,0,-0.27232575,0.14964716136455536,0.7195608615875244,0.40978196263313293
YCL032W,YPL131W,0,-0.27247554,0.14961610734462738,0.7195608615875244,0.40988197922706604
YDR388W,YNL227C,1,-0.2725919,0.14979253709316254,0.7205588817596436,0.40988197922706604
YMR097C,YLR016C,0,-0.27279478,0.14976145327091217,0.7205588817596436,0.40998199582099915
YPL066W,YPR198W,0,-0.27290338,0.1497303992509842,0.7205588817596436,0.41008201241493225
YMR075W,YPL232W,0,-0.27290905,0.1496993601322174,0.7205588817596436,0.41018202900886536
YDL205C,YDR247W,0,-0.27298313,0.14966832101345062,0.7205588817596436,0.41028204560279846
YPR189W,YPR119W,0,-0.27298748,0.14963731169700623,0.7205588817596436,0.41038206219673157
YDR346C,YGR167W,0,-0.27305394,0.14960630238056183,0.7205588817596436,0.41048210859298706
YJL190C,YBR213W,0,-0.27330846,0.14957530796527863,0.7205588817596436,0.41058212518692017
YBR239C,YAL055W,0,-0.27351677,0.14954432845115662,0.7205588817596436,0.41068214178085327
YLR386W,YGL224C,0,-0.27376884,0.1495133638381958,0.7205588817596436,0.4107821583747864
YDR481C,YEL059C-A,0,-0.2739336,0.14948239922523499,0.7205588817596436,0.4108821749687195
YKL108W,YCR046C,0,-0.27432778,0.14945146441459656,0.7205588817596436,0.4109821915626526
YDR018C,YGR109C,0,-0.274742,0.14942052960395813,0.7205588817596436,0.4110822081565857
YPR151C,YLR151C,0,-0.27478653,0.1493896096944809,0.7205588817596436,0.4111822247505188
YCR028C,YJR017C,0,-0.27488524,0.14935870468616486,0.7205588817596436,0.4112822711467743
YGL212W,YDR131C,0,-0.275057,0.14932781457901,0.7205588817596436,0.4113822877407074
YPR119W,YPR152C,0,-0.27532822,0.14929693937301636,0.7205588817596436,0.4114823043346405
YNL093W,YNR075W,1,-0.2753878,0.14947281777858734,0.7215569019317627,0.4114823043346405
YMR122W-A,YKL216W,0,-0.2755162,0.1494419127702713,0.7215569019317627,0.4115823209285736
YGL022W,YOR171C,0,-0.2755263,0.14941103756427765,0.7215569019317627,0.4116823375225067
YLR056W,YLR206W,1,-0.27563447,0.1495867818593979,0.7225548624992371,0.4116823375225067
YDR254W,YDR058C,0,-0.2757631,0.14955587685108185,0.7225548624992371,0.4117823541164398
YMR122W-A,YER008C,0,-0.27621198,0.149524986743927,0.7225548624992371,0.4118823707103729
YNR045W,YLL029W,0,-0.27622682,0.14949411153793335,0.7225548624992371,0.41198238730430603
YAR044W,YHR175W,0,-0.2768165,0.1494632512331009,0.7225548624992371,0.41208240389823914
YOR329C,YOR237W,1,-0.27744976,0.1496388018131256,0.7235528826713562,0.41208240389823914
YDR129C,YAR044W,1,-0.2774629,0.14981427788734436,0.7245509028434753,0.41208240389823914
YAR002C-A,YNL245C,0,-0.2775191,0.14978337287902832,0.7245509028434753,0.41218245029449463
YMR271C,YBL105C,0,-0.2777299,0.14975246787071228,0.7245509028434753,0.41228246688842773
YER125W,YKL126W,1,-0.27808404,0.14992782473564148,0.7255489230155945,0.41228246688842773
YOR008C,YEL027W,1,-0.27810234,0.15010309219360352,0.7265468835830688,0.41228246688842773
YML071C,YMR121C,0,-0.27833176,0.1500721573829651,0.7265468835830688,0.41238248348236084
YML125C,YBR297W,0,-0.27834314,0.15004122257232666,0.7265468835830688,0.41248250007629395
YOR089C,YBR288C,0,-0.27839106,0.15001030266284943,0.7265468835830688,0.41258251667022705
YLR034C,YDL121C,0,-0.27841902,0.1499793976545334,0.7265468835830688,0.41268253326416016
YKL160W,YER022W,0,-0.2784622,0.14994850754737854,0.7265468835830688,0.41278254985809326
YGL205W,YDL200C,0,-0.2785697,0.1499176323413849,0.7265468835830688,0.41288256645202637
YOR130C,YGL157W,0,-0.27860913,0.14988675713539124,0.7265468835830688,0.4129825830459595
YOL151W,YER145C,0,-0.27928144,0.14985591173171997,0.7265468835830688,0.41308262944221497
YBR207W,YDR264C,1,-0.27944994,0.15003086626529694,0.727544903755188,0.41308262944221497
YAL003W,YOR196C,0,-0.27971902,0.15000000596046448,0.727544903755188,0.41318264603614807
YNL243W,YML052W,1,-0.27997905,0.15017485618591309,0.7285429239273071,0.41318264603614807
YGL232W,YIL121W,0,-0.28002846,0.15014398097991943,0.7285429239273071,0.4132826626300812
YOR269W,YML124C,0,-0.2803976,0.15011310577392578,0.7285429239273071,0.4133826792240143
YDL030W,YBR083W,0,-0.28125057,0.15008223056793213,0.7285429239273071,0.4134826958179474
YGR177C,YGR252W,0,-0.28145462,0.15005138516426086,0.7285429239273071,0.4135827124118805
YNL259C,YOL070C,0,-0.28190404,0.1500205546617508,0.7285429239273071,0.4136827290058136
YGL083W,YPR025C,0,-0.28209877,0.14998972415924072,0.7285429239273071,0.4137827455997467
YPR079W,YDL227C,0,-0.28255868,0.14995890855789185,0.7285429239273071,0.4138827621936798
YMR122W-A,YNL147W,0,-0.28259432,0.14992812275886536,0.7285429239273071,0.4139828085899353
YPL256C,YER017C,0,-0.28263503,0.14989733695983887,0.7285429239273071,0.4140828251838684
YLR319C,YDL054C,0,-0.28308105,0.14986655116081238,0.7285429239273071,0.4141828417778015
YDR363W,YHR072W,0,-0.28328705,0.14983579516410828,0.7285429239273071,0.4142828583717346
YOL021C,YMR203W,0,-0.28382927,0.14980505406856537,0.7285429239273071,0.4143828749656677
YDL104C,YFL013C,0,-0.2840138,0.14977431297302246,0.7285429239273071,0.41448289155960083
YML027W,YML043C,0,-0.2843858,0.14974358677864075,0.7285429239273071,0.41458290815353394
YBR229C,YEL003W,0,-0.28462422,0.14971287548542023,0.7285429239273071,0.41468292474746704
YBL058W,YML066C,0,-0.28465068,0.1496821790933609,0.7285429239273071,0.41478297114372253
YJL141C,YOR360C,0,-0.2850759,0.14965149760246277,0.7285429239273071,0.41488298773765564
YJL018W,YBR022W,0,-0.2854188,0.14962083101272583,0.7285429239273071,0.41498300433158875
YER051W,YOR092W,0,-0.28560498,0.1495901644229889,0.7285429239273071,0.41508302092552185
YJR144W,YDR470C,0,-0.28561425,0.14955951273441315,0.7285429239273071,0.41518303751945496
YPR121W,YER013W,0,-0.2857231,0.1495288759469986,0.7285429239273071,0.41528305411338806
YPR149W,YGL084C,0,-0.28640044,0.14949825406074524,0.7285429239273071,0.41538307070732117
YJL144W,YOL157C,0,-0.28650123,0.14946764707565308,0.7285429239273071,0.4154830873012543
YML058W-A,YOR028C,0,-0.2867164,0.1494370549917221,0.7285429239273071,0.4155831038951874
YGR188C,YKL206C,0,-0.28678292,0.14940646290779114,0.7285429239273071,0.41568315029144287
YDR492W,YDL047W,0,-0.28718093,0.14937590062618256,0.7285429239273071,0.415783166885376
YBL007C,YBR214W,1,-0.2871827,0.1495499163866043,0.7295409440994263,0.415783166885376
YOR190W,YMR077C,0,-0.28726465,0.14951932430267334,0.7295409440994263,0.4158831834793091
YLR020C,YDR153C,0,-0.28730762,0.14948874711990356,0.7295409440994263,0.4159832000732422
YOL075C,YIR006C,0,-0.2873321,0.14945818483829498,0.7295409440994263,0.4160832166671753
YKR020W,YDR376W,0,-0.28736472,0.1494276374578476,0.7295409440994263,0.4161832332611084
YPL232W,YCR010C,0,-0.28746888,0.1493971049785614,0.7295409440994263,0.4162832498550415
YNL280C,YNL256W,0,-0.28769743,0.1493665724992752,0.7295409440994263,0.4163832664489746
YDR425W,YER091C,0,-0.2881276,0.1493360549211502,0.7295409440994263,0.4164832830429077
YGR240C,YHR079C,0,-0.28836685,0.1493055522441864,0.7295409440994263,0.4165833294391632
YAL043C,YOR071C,0,-0.28850612,0.1492750644683838,0.7295409440994263,0.4166833460330963
YGL013C,YML046W,0,-0.28876984,0.14924459159374237,0.7295409440994263,0.4167833626270294
YDR120C,YOR301W,0,-0.28881842,0.14921411871910095,0.7295409440994263,0.4168833792209625
YIR005W,YIL063C,0,-0.28887564,0.14918367564678192,0.7295409440994263,0.41698339581489563
YBL113C,YEL031W,0,-0.28891617,0.1491532325744629,0.7295409440994263,0.41708341240882874
YNL119W,YJL019W,0,-0.28906298,0.14912280440330505,0.7295409440994263,0.41718342900276184
YCR081W,YPR011C,0,-0.2894293,0.1490923911333084,0.7295409440994263,0.41728344559669495
YML015C,YLR229C,0,-0.2899929,0.14906199276447296,0.7295409440994263,0.41738346219062805
YKL119C,YDL129W,0,-0.29010254,0.1490315943956375,0.7295409440994263,0.41748350858688354
YJR129C,YBR056W,0,-0.2902425,0.14900122582912445,0.7295409440994263,0.41758352518081665
YPL271W,YJL087C,0,-0.2903301,0.1489708572626114,0.7295409440994263,0.41768354177474976
YDL231C,YOR089C,1,-0.29038295,0.149144247174263,0.7305389046669006,0.41768354177474976
YLL013C,YGR285C,0,-0.29043472,0.14911387860774994,0.7305389046669006,0.41778355836868286
YBR176W,YMR180C,0,-0.29052913,0.14908351004123688,0.7305389046669006,0.41788357496261597
YCR094W,YML025C,0,-0.29054618,0.14905314147472382,0.7305389046669006,0.4179835915565491
YNR075W,YDL019C,1,-0.29062468,0.1492263823747635,0.7315369248390198,0.4179835915565491
YLL013C,YGR255C,0,-0.290632,0.14919601380825043,0.7315369248390198,0.4180836081504822
YER133W,YHR007C,0,-0.29106668,0.14916564524173737,0.7315369248390198,0.4181836247444153
YBR205W,YDR419W,0,-0.29115504,0.1491353064775467,0.7315369248390198,0.4182836711406708
YCR004C,YLR453C,0,-0.29161388,0.14910496771335602,0.7315369248390198,0.4183836877346039
YDR027C,YGR013W,0,-0.29163402,0.14907464385032654,0.7315369248390198,0.418483704328537
YLL038C,YCR094W,1,-0.2920999,0.1492476612329483,0.7325349450111389,0.418483704328537
YBL101C,YOR322C,1,-0.2921151,0.1494206190109253,0.7335329055786133,0.418483704328537
YOR047C,YOR348C,0,-0.2921415,0.14939025044441223,0.7335329055786133,0.4185837209224701
YDR403W,YER051W,0,-0.29239088,0.14935988187789917,0.7335329055786133,0.4186837375164032
YOR033C,YDL085W,0,-0.29245877,0.1493295431137085,0.7335329055786133,0.4187837541103363
YOL155C,YNL232W,0,-0.29247677,0.14929920434951782,0.7335329055786133,0.4188837707042694
YER125W,YOR237W,1,-0.2927087,0.1494719684123993,0.7345309257507324,0.4188837707042694
YNL154C,YPL145C,1,-0.29297757,0.149644672870636,0.7355289459228516,0.4188837707042694
YKL205W,YHL040C,0,-0.29316893,0.14961428940296173,0.7355289459228516,0.4189837872982025
YDR388W,YOR237W,1,-0.29351115,0.14978688955307007,0.7365269660949707,0.4189837872982025
YPL046C,YIR038C,0,-0.29351425,0.14975649118423462,0.7365269660949707,0.4190838038921356
YPR031W,YLR362W,0,-0.2936507,0.14972610771656036,0.7365269660949707,0.4191838502883911
YNL026W,YNL128W,0,-0.2937932,0.1496957391500473,0.7365269660949707,0.4192838668823242
YJR104C,YOR020C,0,-0.29386324,0.14966538548469543,0.7365269660949707,0.4193838834762573
YBR030W,YMR238W,0,-0.29397815,0.14963503181934357,0.7365269660949707,0.41948390007019043
YHR031C,YDR084C,0,-0.2941423,0.1496047079563141,0.7365269660949707,0.41958391666412354
YCR046C,YLR393W,0,-0.29441714,0.1495743840932846,0.7365269660949707,0.41968393325805664
YOR212W,YLR148W,0,-0.29449674,0.14954407513141632,0.7365269660949707,0.41978394985198975
YGR256W,YOL040C,0,-0.2953056,0.14951378107070923,0.7365269660949707,0.41988396644592285
YBR082C,YGL030W,0,-0.29537386,0.14948348701000214,0.7365269660949707,0.41998398303985596
YGR062C,YER082C,0,-0.2954542,0.14945322275161743,0.7365269660949707,0.42008402943611145
YLR337W,YDR177W,1,-0.29550773,0.14962543547153473,0.7375249266624451,0.42008402943611145
YBR216C,YIR033W,0,-0.2960142,0.14959514141082764,0.7375249266624451,0.42018404603004456
YPL246C,YER018C,0,-0.29608804,0.14956486225128174,0.7375249266624451,0.42028406262397766
YGR087C,YLR330W,0,-0.29620022,0.14953459799289703,0.7375249266624451,0.42038407921791077
YLR165C,YDR488C,0,-0.296444,0.14950434863567352,0.7375249266624451,0.42048409581184387
YNL154C,YKR002W,0,-0.29645574,0.1494741141796112,0.7375249266624451,0.420584112405777
YBR294W,YIL157C,0,-0.29687864,0.1494438797235489,0.7375249266624451,0.4206841289997101
YMR290C,YDL206W,0,-0.2968858,0.14941366016864777,0.7375249266624451,0.4207841455936432
YBL106C,YBR115C,0,-0.29694602,0.14938347041606903,0.7375249266624451,0.4208841621875763
YLR158C,YLR098C,0,-0.29697627,0.1493532806634903,0.7375249266624451,0.4209842085838318
YOL165C,YCL061C,0,-0.29768747,0.14932309091091156,0.7375249266624451,0.4210842251777649
YDR072C,YBR022W,0,-0.29811728,0.1492929309606552,0.7375249266624451,0.421184241771698
YBR294W,YLR208W,0,-0.29877,0.14926277101039886,0.7375249266624451,0.4212842583656311
YMR276W,YML032C,0,-0.29884177,0.1492326259613037,0.7375249266624451,0.4213842749595642
YOR204W,YOL057W,0,-0.29898834,0.14920251071453094,0.7375249266624451,0.4214842915534973
YDL080C,YBR129C,0,-0.299361,0.14917238056659698,0.7375249266624451,0.4215843081474304
YLR025W,YPL139C,0,-0.2996716,0.1491422802209854,0.7375249266624451,0.4216843247413635
YCR043C,YJR029W,0,-0.29969886,0.14911217987537384,0.7375249266624451,0.421784371137619
YDL214C,YKL172W,0,-0.29970634,0.14908210933208466,0.7375249266624451,0.4218843877315521
YOR310C,YDR376W,0,-0.30010653,0.14905203878879547,0.7375249266624451,0.42198440432548523
YNR012W,YIR018W,0,-0.30055285,0.14902198314666748,0.7375249266624451,0.42208442091941833
YDR310C,YHR023W,0,-0.300646,0.14899194240570068,0.7375249266624451,0.42218443751335144
YAL012W,YOR148C,0,-0.30074137,0.1489619016647339,0.7375249266624451,0.42228445410728455
YPL220W,YBL002W,0,-0.3008517,0.14893187582492828,0.7375249266624451,0.42238447070121765
YIL002C,YPL128C,0,-0.3008616,0.14890187978744507,0.7375249266624451,0.42248448729515076
YML095C,YJL063C,0,-0.30145854,0.14887188374996185,0.7375249266624451,0.42258450388908386
YDR490C,YML001W,1,-0.3015728,0.14904330670833588,0.7385229468345642,0.42258450388908386
YNL030W,YAL021C,0,-0.30162692,0.14901329576969147,0.7385229468345642,0.42268455028533936
YOR066W,YBR057C,0,-0.3017373,0.14898328483104706,0.7385229468345642,0.42278456687927246
YKL211C,YGL010W,0,-0.30173862,0.14895330369472504,0.7385229468345642,0.42288458347320557
YPR043W,YOR180C,0,-0.3018986,0.14892332255840302,0.7385229468345642,0.42298460006713867
YNL136W,YLR208W,0,-0.3022884,0.1488933563232422,0.7385229468345642,0.4230846166610718
YLR342W,YFL039C,1,-0.30362695,0.1490645706653595,0.7395209670066833,0.4230846166610718
YLR308W,YJL176C,0,-0.30369496,0.14903458952903748,0.7395209670066833,0.4231846332550049
YER014C-A,YCL057C-A,0,-0.30372012,0.14900462329387665,0.7395209670066833,0.423284649848938
YML058W-A,YDL097C,0,-0.30390185,0.14897467195987701,0.7395209670066833,0.4233846664428711
YNR075W,YOR237W,1,-0.3039182,0.1491457223892212,0.7405189871788025,0.4233846664428711
YBR105C,YDL109C,0,-0.30399764,0.14911575615406036,0.7405189871788025,0.4234846830368042
YER130C,YFR013W,0,-0.30414307,0.14908578991889954,0.7405189871788025,0.4235847294330597
YHR178W,YML085C,0,-0.30427802,0.1490558385848999,0.7405189871788025,0.4236847460269928
YOR373W,YLR144C,0,-0.30442315,0.14902590215206146,0.7405189871788025,0.4237847626209259
YDR466W,YFR041C,0,-0.30469573,0.14899598062038422,0.7405189871788025,0.423884779214859
YNR041C,YLR157C,0,-0.30552167,0.14896607398986816,0.7405189871788025,0.4239847958087921
YLR410W,YGL237C,0,-0.30558524,0.1489361673593521,0.7405189871788025,0.4240848124027252
YLR174W,YDL212W,0,-0.30562747,0.14890627562999725,0.7405189871788025,0.4241848289966583
YIL065C,YLL022C,0,-0.30579555,0.1488763988018036,0.7405189871788025,0.42428484559059143
YDR077W,YDL025C,0,-0.30598724,0.14884653687477112,0.7405189871788025,0.42438486218452454
YJR082C,YMR038C,0,-0.30616918,0.14881668984889984,0.7405189871788025,0.42448490858078003
YEL062W,YPL028W,0,-0.30642927,0.14878684282302856,0.7405189871788025,0.42458492517471313
YHR119W,YPL187W,0,-0.30645704,0.14875701069831848,0.7405189871788025,0.42468494176864624
YNR016C,YGR084C,0,-0.30657268,0.1487271934747696,0.7405189871788025,0.42478495836257935
YDL075W,YPL187W,0,-0.3066436,0.1486973911523819,0.7405189871788025,0.42488497495651245
YGL014W,YCL033C,0,-0.30696166,0.1486676037311554,0.7405189871788025,0.42498499155044556
YIR035C,YLR126C,0,-0.30730665,0.1486378163099289,0.7405189871788025,0.42508500814437866
YDR033W,YKR087C,0,-0.30736315,0.14860805869102478,0.7405189871788025,0.42518502473831177
YBR183W,YPL192C,0,-0.30745214,0.14857830107212067,0.7405189871788025,0.42528507113456726
YCL008C,YGR275W,0,-0.30758834,0.14854854345321655,0.7405189871788025,0.42538508772850037
YHR123W,YFL002C,0,-0.30762488,0.14851881563663483,0.7405189871788025,0.42548510432243347
YDL239C,YIR009W,0,-0.3081594,0.1484890878200531,0.7405189871788025,0.4255851209163666
YBR077C,YAL010C,0,-0.30825555,0.14845938980579376,0.7405189871788025,0.4256851375102997
YMR312W,YGL257C,0,-0.30850902,0.14842969179153442,0.7405189871788025,0.4257851541042328
YJL125C,YCL008C,0,-0.3085153,0.14839999377727509,0.7405189871788025,0.4258851706981659
YDR038C,YHR057C,0,-0.30856955,0.14837032556533813,0.7405189871788025,0.425985187292099
YHR135C,YNR075W,1,-0.3087988,0.14854058623313904,0.7415169477462769,0.425985187292099
YAR066W,YML046W,0,-0.3091284,0.1485108882188797,0.7415169477462769,0.4260852038860321
YCL008C,YBR067C,0,-0.3092032,0.14848122000694275,0.7415169477462769,0.4261852502822876
YDR073W,YKL208W,0,-0.30961698,0.1484515517950058,0.7415169477462769,0.4262852668762207
YNL311C,YOR037W,0,-0.30972368,0.14842189848423004,0.7415169477462769,0.4263852834701538
YMR061W,YAL047C,0,-0.30974102,0.14839224517345428,0.7415169477462769,0.4264853000640869
YDR113C,YLR300W,0,-0.30979425,0.14836262166500092,0.7415169477462769,0.42658531665802
YPL148C,YNL256W,0,-0.30982882,0.14833299815654755,0.7415169477462769,0.4266853332519531
YNL300W,YCR089W,0,-0.3102104,0.14830338954925537,0.7415169477462769,0.42678534984588623
YNR067C,YOL057W,0,-0.31023568,0.1482737958431244,0.7415169477462769,0.42688536643981934
YKR102W,YOL089C,0,-0.31031615,0.1482442170381546,0.7415169477462769,0.42698538303375244
YNR028W,YML114C,0,-0.31036294,0.14821463823318481,0.7415169477462769,0.42708542943000793
YJL020C,YJL157C,0,-0.31038737,0.14818507432937622,0.7415169477462769,0.42718544602394104
YNL099C,YJL073W,0,-0.31064475,0.14815554022789001,0.7415169477462769,0.42728546261787415
YBR031W,YNL309W,0,-0.31070954,0.14812599122524261,0.7415169477462769,0.42738547921180725
YKR013W,YLR009W,0,-0.31131583,0.1480964720249176,0.7415169477462769,0.42748549580574036
YNL009W,YEL070W,0,-0.31140834,0.1480669528245926,0.7415169477462769,0.42758551239967346
YKR105C,YKL206C,0,-0.31162286,0.14803746342658997,0.7415169477462769,0.42768552899360657
YDL115C,YOR033C,0,-0.31209838,0.14800797402858734,0.7415169477462769,0.4277855455875397
YLR391W,YGR264C,0,-0.31215793,0.14797848463058472,0.7415169477462769,0.42788559198379517
YCR102C,YNL146W,0,-0.31222767,0.14794902503490448,0.7415169477462769,0.42798560857772827
YBR133C,YDL184C,0,-0.31223035,0.14791956543922424,0.7415169477462769,0.4280856251716614
YCR034W,YMR221C,0,-0.31242478,0.1478901207447052,0.7415169477462769,0.4281856417655945
YHR094C,YKR042W,0,-0.31250894,0.14786069095134735,0.7415169477462769,0.4282856583595276
YDR446W,YEL026W,0,-0.31271565,0.1478312760591507,0.7415169477462769,0.4283856749534607
YDR252W,YAL033W,0,-0.3129171,0.14780187606811523,0.7415169477462769,0.4284856915473938
YHR136C,YNL177C,0,-0.31339675,0.14777247607707977,0.7415169477462769,0.4285857081413269
YIR033W,YER070W,0,-0.31346184,0.1477430909872055,0.7415169477462769,0.42868572473526
YBL052C,YER091C,0,-0.31350613,0.14771372079849243,0.7415169477462769,0.4287857711315155
YOR210W,YNL309W,0,-0.313685,0.14768435060977936,0.7415169477462769,0.4288857877254486
YLR071C,YOR178C,0,-0.31393775,0.14765501022338867,0.7415169477462769,0.4289858043193817
YML024W,YGL013C,0,-0.31394285,0.14762566983699799,0.7415169477462769,0.4290858209133148
YOR188W,YPR023C,0,-0.31407326,0.1475963443517685,0.7415169477462769,0.4291858375072479
YDR180W,YKL059C,0,-0.31434697,0.1475670337677002,0.7415169477462769,0.42928585410118103
YLR056W,YBR214W,1,-0.31471044,0.1477362960577011,0.742514967918396,0.42928585410118103
YGR087C,YDL015C,0,-0.314723,0.14770697057247162,0.742514967918396,0.42938587069511414
YGL011C,YIL027C,0,-0.31500584,0.14767764508724213,0.742514967918396,0.42948588728904724
YMR097C,YIL162W,0,-0.31551182,0.14764834940433502,0.742514967918396,0.42958590388298035
YMR016C,YKL222C,0,-0.31593832,0.14761905372142792,0.742514967918396,0.42968595027923584
YKL129C,YNR035C,1,-0.31663564,0.1477881371974945,0.7435129880905151,0.42968595027923584
YGR014W,YBR283C,0,-0.31671357,0.1477588266134262,0.7435129880905151,0.42978596687316895
YLR133W,YOR321W,0,-0.31683242,0.1477295309305191,0.7435129880905151,0.42988598346710205
YIL143C,YBL030C,0,-0.31693655,0.147700235247612,0.7435129880905151,0.42998600006103516
YPL023C,YJR113C,0,-0.31712306,0.1476709544658661,0.7435129880905151,0.43008601665496826
YMR281W,YDR331W,0,-0.3175481,0.14764170348644257,0.7435129880905151,0.43018603324890137
YNL243W,YOR237W,1,-0.31758106,0.14781057834625244,0.7445109486579895,0.43018603324890137
YNL175C,YHR072W,0,-0.31773752,0.14778129756450653,0.7445109486579895,0.4302860498428345
YKL203C,YHR073W,1,-0.31777734,0.14795008301734924,0.7455089688301086,0.4302860498428345
YBR207W,YOR237W,1,-0.31788066,0.14811880886554718,0.7465069890022278,0.4302860498428345
YPL170W,YPL281C,0,-0.31800452,0.1480894833803177,0.7465069890022278,0.4303860664367676
YHR001W,YOR237W,1,-0.31812152,0.14825811982154846,0.7475050091743469,0.4303860664367676
YBR093C,YEL059C-A,0,-0.31836393,0.14822877943515778,0.7475050091743469,0.4304860830307007
YLR042C,YCL030C,0,-0.31885904,0.1481994390487671,0.7475050091743469,0.4305861294269562
YOL064C,YBR192W,0,-0.31905562,0.1481701284646988,0.7475050091743469,0.4306861460208893
YNR004W,YBL099W,0,-0.31914377,0.1481408178806305,0.7475050091743469,0.4307861626148224
YJR040W,YDR172W,0,-0.31943136,0.1481115221977234,0.7475050091743469,0.4308861792087555
YDL043C,YKL073W,0,-0.31959814,0.14808224141597748,0.7475050091743469,0.4309861958026886
YMR190C,YDL045W-A,0,-0.3202716,0.14805297553539276,0.7475050091743469,0.4310862123966217
YMR204C,YJR021C,0,-0.32064182,0.14802370965480804,0.7475050091743469,0.4311862289905548
YPL275W,YML052W,0,-0.32083994,0.14799447357654572,0.7475050091743469,0.4312862455844879
YBR080C,YGR058W,0,-0.3210938,0.1479652374982834,0.7475050091743469,0.4313862919807434
YCR094W,YOR329C,1,-0.32141644,0.1481335163116455,0.7485029697418213,0.4313862919807434
YPL194W,YJL091C,0,-0.32142395,0.14810426533222198,0.7485029697418213,0.4314863085746765
YKL020C,YBR297W,0,-0.32158688,0.14807502925395966,0.7485029697418213,0.4315863251686096
YBR235W,YML052W,0,-0.32164878,0.14804579317569733,0.7485029697418213,0.4316863417625427
YMR089C,YPR006C,0,-0.32167405,0.1480165719985962,0.7485029697418213,0.43178635835647583
YNL304W,YPR168W,0,-0.32170725,0.14798736572265625,0.7485029697418213,0.43188637495040894
YNL129W,YDL065C,0,-0.3217277,0.1479581743478775,0.7485029697418213,0.43198639154434204
YIL016W,YGL155W,0,-0.3223496,0.14792899787425995,0.7485029697418213,0.43208640813827515
YJL221C,YLR393W,0,-0.32266605,0.1478998214006424,0.7485029697418213,0.43218642473220825
YIL009C-A,YOR351C,0,-0.32289085,0.14787065982818604,0.7485029697418213,0.43228647112846375
YBR057C,YOL158C,0,-0.32314295,0.14784151315689087,0.7485029697418213,0.43238648772239685
YBL101W-B,YER046W,0,-0.32338333,0.1478123813867569,0.7485029697418213,0.43248650431632996
YOL138C,YLR142W,0,-0.32343203,0.14778324961662292,0.7485029697418213,0.43258652091026306
YDR253C,YLR369W,0,-0.3238598,0.14775413274765015,0.7485029697418213,0.43268653750419617
YPR083W,YMR163C,0,-0.3239423,0.14772503077983856,0.7485029697418213,0.4327865540981293
YNL151C,YBR158W,0,-0.32408178,0.14769594371318817,0.7485029697418213,0.4328865706920624
YLR337W,YER166W,1,-0.3241158,0.1478637456893921,0.7495009899139404,0.4328865706920624
YJL117W,YOL003C,0,-0.32450047,0.1478346437215805,0.7495009899139404,0.4329865872859955
YDL036C,YLR099C,0,-0.32513994,0.14780555665493011,0.7495009899139404,0.4330866038799286
YKL025C,YDR320C,0,-0.32538068,0.14777646958827972,0.7495009899139404,0.4331866502761841
YHR018C,YOR346W,0,-0.32548308,0.14774739742279053,0.7495009899139404,0.4332866668701172
YJR029W,YOR233W,0,-0.32562608,0.14771832525730133,0.7495009899139404,0.4333866834640503
YHR061C,YKL100C,0,-0.32585764,0.14768928289413452,0.7495009899139404,0.4334867000579834
YKL090W,YIL101C,0,-0.32611912,0.1476602405309677,0.7495009899139404,0.4335867166519165
YBL037W,YDR030C,0,-0.3262455,0.1476312130689621,0.7495009899139404,0.4336867332458496
YKL095W,YPL155C,0,-0.32629406,0.14760220050811768,0.7495009899139404,0.4337867498397827
YNR040W,YCL066W,0,-0.32647163,0.14757320284843445,0.7495009899139404,0.4338867664337158
YPR026W,YDR222W,0,-0.3265584,0.14754420518875122,0.7495009899139404,0.4339867830276489
YKL096W-A,YJL149W,0,-0.32671058,0.1475152224302292,0.7495009899139404,0.4340868294239044
YJR086W,YPL066W,0,-0.32686794,0.14748625457286835,0.7495009899139404,0.4341868460178375
YER147C,YEL077C,0,-0.32695752,0.1474573016166687,0.7495009899139404,0.43428686261177063
YHR175W,YNL197C,0,-0.32707566,0.14742834866046906,0.7495009899139404,0.43438687920570374
YJR044C,YHL024W,0,-0.3275025,0.1473994106054306,0.7495009899139404,0.43448689579963684
YER118C,YOL031C,0,-0.3276996,0.14737048745155334,0.7495009899139404,0.43458691239356995
YGL169W,YNR047W,0,-0.32783753,0.14734157919883728,0.7495009899139404,0.43468692898750305
YEL031W,YOR140W,0,-0.32785565,0.14731267094612122,0.7495009899139404,0.43478694558143616
YJL079C,YBR019C,0,-0.3278798,0.14728377759456635,0.7495009899139404,0.43488699197769165
YLR130C,YPR072W,0,-0.32805055,0.14725489914417267,0.7495009899139404,0.43498700857162476
YDR156W,YGR188C,0,-0.32915762,0.14722603559494019,0.7495009899139404,0.43508702516555786
YNL291C,YBR228W,0,-0.33030757,0.1471971720457077,0.7495009899139404,0.43518704175949097
YJL134W,YGR038W,0,-0.33072063,0.1471683382987976,0.7495009899139404,0.4352870583534241
YLR265C,YDR164C,0,-0.3308897,0.1471395045518875,0.7495009899139404,0.4353870749473572
YLR418C,YBL009W,0,-0.3309193,0.14711067080497742,0.7495009899139404,0.4354870915412903
YBL019W,YGR272C,0,-0.33102322,0.1470818668603897,0.7495009899139404,0.4355871081352234
YPL145C,YDL231C,1,-0.3314157,0.14724887907505035,0.7504990100860596,0.4355871081352234
YML093W,YLR380W,0,-0.33150905,0.14722004532814026,0.7504990100860596,0.4356871247291565
YKL209C,YNL185C,0,-0.33159274,0.14719122648239136,0.7504990100860596,0.435787171125412
YBR145W,YJR009C,0,-0.33219066,0.14716242253780365,0.7504990100860596,0.4358871877193451
YDR291W,YER161C,0,-0.33219266,0.14713363349437714,0.7504990100860596,0.4359872043132782
YDR388W,YLR342W,1,-0.33239013,0.14730046689510345,0.7514970302581787,0.4359872043132782
YBL067C,YNR061C,0,-0.33251047,0.14727166295051575,0.7514970302581787,0.4360872209072113
YJR145C,YMR208W,0,-0.33254567,0.14724285900592804,0.7514970302581787,0.4361872375011444
YNL032W,YOR181W,1,-0.33266723,0.1474095731973648,0.7524949908256531,0.4361872375011444
YOL155C,YDR052C,0,-0.33268416,0.1473807692527771,0.7524949908256531,0.4362872540950775
YBR042C,YNL049C,0,-0.33269662,0.1473519653081894,0.7524949908256531,0.4363872706890106
YJR137C,YGL166W,0,-0.33284903,0.14732317626476288,0.7524949908256531,0.4364872872829437
YDR044W,YOL033W,0,-0.3330621,0.14729438722133636,0.7524949908256531,0.43658730387687683
YBR280C,YHR025W,0,-0.3332659,0.14726562798023224,0.7524949908256531,0.4366873502731323
YFL045C,YBR275C,0,-0.3336408,0.1472368687391281,0.7524949908256531,0.43678736686706543
YBR282W,YCR070W,0,-0.3338223,0.14720812439918518,0.7524949908256531,0.43688738346099854
YDR177W,YEL041W,0,-0.33413762,0.14717938005924225,0.7524949908256531,0.43698740005493164
YNL154C,YML052W,1,-0.33415794,0.14734582602977753,0.7534930109977722,0.43698740005493164
YIR033W,YMR044W,0,-0.33446336,0.1473170667886734,0.7534930109977722,0.43708741664886475
YJR010W,YLR318W,0,-0.3345508,0.14728833734989166,0.7534930109977722,0.43718743324279785
YAR019C,YDR376W,0,-0.33460534,0.14725960791110992,0.7534930109977722,0.43728744983673096
YMR180C,YLR226W,0,-0.33511996,0.14723089337348938,0.7534930109977722,0.43738746643066406
YCR094W,YNL154C,1,-0.33515018,0.14739716053009033,0.7544910311698914,0.43738746643066406
YBR132C,YOR269W,0,-0.33523703,0.1473684161901474,0.7544910311698914,0.43748748302459717
YPR186C,YBR136W,0,-0.33589667,0.14733970165252686,0.7544910311698914,0.43758752942085266
YNL244C,YOR377W,0,-0.33628035,0.1473109871149063,0.7544910311698914,0.43768754601478577
YML052W,YDL231C,1,-0.33648917,0.14747710525989532,0.7554890513420105,0.43768754601478577
YBR030W,YJR001W,0,-0.33658043,0.14744839072227478,0.7554890513420105,0.43778756260871887
YHL018W,YGR222W,0,-0.33674023,0.14741967618465424,0.7554890513420105,0.437887579202652
YNL092W,YLR425W,0,-0.33676523,0.1473909616470337,0.7554890513420105,0.4379875957965851
YPR075C,YNL231C,0,-0.33677968,0.14736227691173553,0.7554890513420105,0.4380876123905182
YER051W,YMR011W,0,-0.33680356,0.14733359217643738,0.7554890513420105,0.4381876289844513
YOR337W,YML034W,0,-0.33685774,0.14730492234230042,0.7554890513420105,0.4382876455783844
YPL274W,YDR486C,0,-0.33691597,0.14727626740932465,0.7554890513420105,0.4383876919746399
YDR368W,YER019C-A,0,-0.33696312,0.14724761247634888,0.7554890513420105,0.438487708568573
YBR040W,YCR071C,0,-0.33699626,0.1472189873456955,0.7554890513420105,0.4385877251625061
YDR253C,YPL237W,0,-0.33704773,0.14719036221504211,0.7554890513420105,0.4386877417564392
YBR166C,YIL122W,0,-0.33720225,0.14716173708438873,0.7554890513420105,0.4387877583503723
YPR171W,YML052W,1,-0.33723736,0.1473274976015091,0.7564870119094849,0.4387877583503723
YGL086W,YLR110C,0,-0.33772317,0.1472988724708557,0.7564870119094849,0.4388877749443054
YDR313C,YGR072W,0,-0.33811766,0.14727024734020233,0.7564870119094849,0.4389877915382385
YOL030W,YOL157C,0,-0.33835748,0.14724165201187134,0.7564870119094849,0.43908780813217163
YIL105C,YIL004C,0,-0.3384731,0.14721305668354034,0.7564870119094849,0.43918782472610474
YGL224C,YPL016W,0,-0.33896402,0.14718446135520935,0.7564870119094849,0.43928787112236023
YBR021W,YJL213W,0,-0.33945698,0.14715589582920074,0.7564870119094849,0.43938788771629333
YHL007C,YDL015C,0,-0.33959526,0.14712733030319214,0.7564870119094849,0.43948790431022644
YAL022C,YMR077C,0,-0.339696,0.14709877967834473,0.7564870119094849,0.43958792090415955
YHL009C,YPR019W,0,-0.33994225,0.1470702439546585,0.7564870119094849,0.43968793749809265
YDR293C,YER144C,0,-0.34014833,0.1470417082309723,0.7564870119094849,0.43978795409202576
YAR002C-A,YPL015C,0,-0.34051222,0.14701318740844727,0.7564870119094849,0.43988797068595886
YDR144C,YDL141W,0,-0.340779,0.14698468148708344,0.7564870119094849,0.43998798727989197
YAR044W,YFL039C,1,-0.3408553,0.14715005457401276,0.757485032081604,0.43998798727989197
YOR269W,YBR156C,0,-0.34106183,0.14712153375148773,0.757485032081604,0.4400880038738251
YOL016C,YNL256W,0,-0.34114963,0.1470930278301239,0.757485032081604,0.44018805027008057
YGR203W,YER101C,0,-0.34125736,0.14706452190876007,0.757485032081604,0.44028806686401367
YHR191C,YBR170C,0,-0.3414333,0.14703603088855743,0.757485032081604,0.4403880834579468
YFR045W,YPR198W,0,-0.3415472,0.147007554769516,0.757485032081604,0.4404881000518799
YML033W,YER026C,0,-0.3415687,0.14697907865047455,0.757485032081604,0.440588116645813
YNL093W,YLR206W,1,-0.3416425,0.14714424312114716,0.7584830522537231,0.440588116645813
YHR161C,YGL206C,1,-0.3422774,0.1473093330860138,0.7594810128211975,0.440588116645813
YDR489W,YCL003W,0,-0.3422892,0.14728082716464996,0.7594810128211975,0.4406881332397461
YJR137C,YPR152C,0,-0.34241974,0.14725232124328613,0.7594810128211975,0.4407881498336792
YGL004C,YPR021C,0,-0.34272456,0.1472238302230835,0.7594810128211975,0.4408881664276123
YER048C,YDR050C,0,-0.34278834,0.14719535410404205,0.7594810128211975,0.4409881830215454
YPL048W,YHR007C,0,-0.34283692,0.1471668928861618,0.7594810128211975,0.4410882294178009
YPL202C,YNL078W,0,-0.3434317,0.14713843166828156,0.7594810128211975,0.441188246011734
YMR197C,YCR060W,0,-0.3444633,0.1471100002527237,0.7594810128211975,0.4412882626056671
YMR060C,YGR157W,0,-0.3450306,0.14708156883716583,0.7594810128211975,0.4413882791996002
YKR035W-A,YFL054C,0,-0.34506994,0.14705313742160797,0.7594810128211975,0.4414882957935333
YNL242W,YGL094C,0,-0.34551233,0.1470247358083725,0.7594810128211975,0.44158831238746643
YER087C-A,YLR238W,0,-0.34586185,0.14699633419513702,0.7594810128211975,0.44168832898139954
YLR244C,YDL231C,0,-0.34591526,0.14696794748306274,0.7594810128211975,0.44178834557533264
YBL097W,YDR460W,0,-0.34626603,0.14693956077098846,0.7594810128211975,0.44188839197158813
YNR001C,YNL095C,0,-0.3469149,0.14691120386123657,0.7594810128211975,0.44198840856552124
YGL051W,YDR158W,0,-0.34694058,0.14688284695148468,0.7594810128211975,0.44208842515945435
YML097C,YOR240W,0,-0.34716845,0.1468544900417328,0.7594810128211975,0.44218844175338745
YNL093W,YLR056W,1,-0.3474767,0.14701910316944122,0.7604790329933167,0.44218844175338745
YKL089W,YEL016C,0,-0.34747908,0.14699074625968933,0.7604790329933167,0.44228845834732056
YJR017C,YGR249W,0,-0.34813705,0.14696238934993744,0.7604790329933167,0.44238847494125366
YKL120W,YPR107C,0,-0.34829468,0.14693404734134674,0.7604790329933167,0.44248849153518677
YLR337W,YAR042W,1,-0.34843248,0.14709851145744324,0.7614770531654358,0.44248849153518677
YHR064C,YEL061C,0,-0.3488388,0.14707015454769135,0.7614770531654358,0.4425885081291199
YHR003C,YFR046C,0,-0.34899396,0.14704181253910065,0.7614770531654358,0.442688524723053
YJL011C,YLR337W,0,-0.34906512,0.14701348543167114,0.7614770531654358,0.44278857111930847
YNL152W,YDR349C,0,-0.34907937,0.14698517322540283,0.7614770531654358,0.4428885877132416
YDL099W,YOR010C,0,-0.34929454,0.14695686101913452,0.7614770531654358,0.4429886043071747
YCL043C,YOL101C,0,-0.34938514,0.1469285637140274,0.7614770531654358,0.4430886209011078
YBL112C,YML091C,0,-0.3495617,0.1469002664089203,0.7614770531654358,0.4431886374950409
YGR105W,YAL038W,0,-0.34968036,0.14687199890613556,0.7614770531654358,0.443288654088974
YGR183C,YPL174C,0,-0.34979475,0.14684373140335083,0.7614770531654358,0.4433886706829071
YOL006C,YKL055C,0,-0.3500409,0.1468154639005661,0.7614770531654358,0.4434886872768402
YLR419W,YGR268C,0,-0.3510335,0.14678722620010376,0.7614770531654358,0.4435887038707733
YOR269W,YLR035C,0,-0.3510769,0.14675898849964142,0.7614770531654358,0.4436887502670288
YNL224C,YHR153C,0,-0.35136455,0.14673076570034027,0.7614770531654358,0.4437887668609619
YJR004C,YGL103W,0,-0.35191786,0.14670255780220032,0.7614770531654358,0.443888783454895
YLR396C,YER087W,0,-0.35216874,0.14667434990406036,0.7614770531654358,0.4439888000488281
YDL164C,YDR255C,0,-0.35227934,0.1466461718082428,0.7614770531654358,0.44408881664276123
YNR003C,YDR085C,0,-0.35230535,0.14661797881126404,0.7614770531654358,0.44418883323669434
YOR228C,YML040W,0,-0.35238707,0.14658981561660767,0.7614770531654358,0.44428884983062744
YKL146W,YBR129C,0,-0.3525694,0.1465616524219513,0.7614770531654358,0.44438886642456055
YNR075W,YEL027W,1,-0.3529933,0.14672556519508362,0.7624750733375549,0.44438886642456055
YDL188C,YCL036W,0,-0.353047,0.14669738709926605,0.7624750733375549,0.44448888301849365
YFL044C,YIL066C,0,-0.35335302,0.14666922390460968,0.7624750733375549,0.44458892941474915
YJR149W,YMR070W,0,-0.35373294,0.1466410756111145,0.7624750733375549,0.44468894600868225
YOL128C,YNL115C,0,-0.35439748,0.14661292731761932,0.7624750733375549,0.44478896260261536
YGL077C,YDR238C,0,-0.35462403,0.14658480882644653,0.7624750733375549,0.44488897919654846
YHR124W,YBR179C,0,-0.3547807,0.14655669033527374,0.7624750733375549,0.44498899579048157
YGL254W,YOL027C,0,-0.3547988,0.14652857184410095,0.7624750733375549,0.4450890123844147
YHR039C,YGR169C,0,-0.35485113,0.14650048315525055,0.7624750733375549,0.4451890289783478
YDR184C,YDL206W,0,-0.35512596,0.14647239446640015,0.7624750733375549,0.4452890455722809
YOR356W,YDR014W,0,-0.35554028,0.14644432067871094,0.7624750733375549,0.4453890919685364
YMR277W,YHR175W,0,-0.35559368,0.14641624689102173,0.7624750733375549,0.4454891085624695
YOR162C,YMR005W,0,-0.35627216,0.1463882029056549,0.7624750733375549,0.4455891251564026
YHR211W,YGR285C,0,-0.35635453,0.14636015892028809,0.7624750733375549,0.4456891417503357
YGL065C,YLR187W,0,-0.35642925,0.14633211493492126,0.7624750733375549,0.4457891583442688
YPR149W,YHR167W,0,-0.35663247,0.14630410075187683,0.7624750733375549,0.4458891749382019
YJL198W,YLR128W,0,-0.35678133,0.1462760865688324,0.7624750733375549,0.445989191532135
YKR002W,YAL034W-A,0,-0.35700732,0.14624808728694916,0.7624750733375549,0.4460892081260681
YPL188W,YMR077C,0,-0.35731575,0.1462201029062271,0.7624750733375549,0.4461892247200012
YEL056W,YLR306W,0,-0.3579681,0.14619211852550507,0.7624750733375549,0.4462892711162567
YPL227C,YPR160W,0,-0.35840744,0.1461641490459442,0.7624750733375549,0.4463892877101898
YGR052W,YDR119W,0,-0.3588996,0.14613619446754456,0.7624750733375549,0.4464893043041229
YNL291C,YDL138W,0,-0.3592015,0.1461082398891449,0.7624750733375549,0.44658932089805603
YFR005C,YGL158W,0,-0.3592825,0.14608030021190643,0.7624750733375549,0.44668933749198914
YGR002C,YIL125W,0,-0.35929692,0.14605237543582916,0.7624750733375549,0.44678935408592224
YDR221W,YJL187C,0,-0.35945517,0.14602446556091309,0.7624750733375549,0.44688937067985535
YCL031C,YOR075W,0,-0.35950777,0.145996555685997,0.7624750733375549,0.44698938727378845
YLR394W,YCL030C,0,-0.3596931,0.14596866071224213,0.7624750733375549,0.44708940386772156
YER125W,YBR059C,1,-0.3597321,0.14613179862499237,0.7634730339050293,0.44708940386772156
YGR188C,YDL204W,0,-0.3597657,0.1461038887500763,0.7634730339050293,0.44718945026397705
YCR037C,YPL157W,0,-0.35988736,0.1460759937763214,0.7634730339050293,0.44728946685791016
YER027C,YNL149C,0,-0.36018747,0.14604811370372772,0.7634730339050293,0.44738948345184326
YER075C,YDR006C,0,-0.36047566,0.14602023363113403,0.7634730339050293,0.44748950004577637
YCR094W,YNL227C,1,-0.36052996,0.14618320763111115,0.7644710540771484,0.44748950004577637
YHR172W,YBL105C,0,-0.36086017,0.14615531265735626,0.7644710540771484,0.4475895166397095
YMR273C,YFL066C,0,-0.36098707,0.14612743258476257,0.7644710540771484,0.4476895332336426
YLR009W,YDR342C,0,-0.36098874,0.14609956741333008,0.7644710540771484,0.4477895498275757
YMR311C,YHL009C,0,-0.36104506,0.14607170224189758,0.7644710540771484,0.4478895664215088
YDR388W,YER166W,1,-0.36118343,0.14623451232910156,0.7654690742492676,0.4478895664215088
YOR175C,YDR221W,0,-0.3613069,0.14620663225650787,0.7654690742492676,0.4479896128177643
YMR276W,YOL068C,0,-0.3614186,0.14617876708507538,0.7654690742492676,0.4480896294116974
YPR079W,YIL091C,0,-0.3614242,0.14615091681480408,0.7654690742492676,0.4481896460056305
YGR105W,YBR287W,0,-0.3615692,0.14612306654453278,0.7654690742492676,0.4482896625995636
YLR337W,YLR371W,1,-0.3617192,0.14628571271896362,0.7664670944213867,0.4482896625995636
YGR274C,YKR090W,0,-0.3620238,0.14625786244869232,0.7664670944213867,0.4483896791934967
YER089C,YML018C,0,-0.3621887,0.14623001217842102,0.7664670944213867,0.4484896957874298
YIL143C,YNL027W,0,-0.36245692,0.1462021768093109,0.7664670944213867,0.4485897123813629
YDR228C,YPR049C,0,-0.36293462,0.1461743414402008,0.7664670944213867,0.448689728975296
YOR306C,YLR186W,0,-0.3631298,0.1461465209722519,0.7664670944213867,0.4487897455692291
YBR026C,YBL005W-B,0,-0.3632725,0.14611871540546417,0.7664670944213867,0.4488897919654846
YJR082C,YPR166C,0,-0.36336476,0.14609092473983765,0.7664670944213867,0.4489898085594177
YLR163C,YLR201C,0,-0.36347347,0.14606314897537231,0.7664670944213867,0.44908982515335083
YKR055W,YLR291C,0,-0.36370537,0.14603537321090698,0.7664670944213867,0.44918984174728394
YLR141W,YPL078C,0,-0.36386073,0.14600759744644165,0.7664670944213867,0.44928985834121704
YMR119W,YMR176W,0,-0.36406255,0.1459798514842987,0.7664670944213867,0.44938987493515015
YOR017W,YLR028C,0,-0.36457732,0.14595210552215576,0.7664670944213867,0.44948989152908325
YOR338W,YDL146W,0,-0.364797,0.145924374461174,0.7664670944213867,0.44958990812301636
YBL098W,YIL035C,0,-0.36518282,0.14589665830135345,0.7664670944213867,0.44968992471694946
YDR013W,YDR074W,0,-0.3660102,0.1458689421415329,0.7664670944213867,0.44978997111320496
YMR172W,YBR129C,0,-0.36618355,0.14584124088287354,0.7664670944213867,0.44988998770713806
YBR115C,YJL063C,0,-0.36647677,0.14581355452537537,0.7664670944213867,0.44999000430107117
YKL206C,YNL162W,0,-0.36649293,0.1457858830690384,0.7664670944213867,0.4500900208950043
YGR154C,YLR026C,0,-0.36661512,0.14575821161270142,0.7664670944213867,0.4501900374889374
YKL168C,YLR029C,0,-0.36680204,0.14573055505752563,0.7664670944213867,0.4502900540828705
YMR165C,YKL049C,0,-0.3668093,0.14570289850234985,0.7664670944213867,0.4503900706768036
YML130C,YOR098C,0,-0.36735976,0.14567527174949646,0.7664670944213867,0.4504900872707367
YJL047C,YLL005C,0,-0.36773938,0.14564764499664307,0.7664670944213867,0.4505901038646698
YGR096W,YLR016C,0,-0.36775845,0.14562001824378967,0.7664670944213867,0.4506901502609253
YER162C,YOR140W,0,-0.36791015,0.14559242129325867,0.7664670944213867,0.4507901668548584
YGR009C,YGR128C,0,-0.3679589,0.14556482434272766,0.7664670944213867,0.4508901834487915
YPR111W,YER114C,0,-0.36872363,0.14553724229335785,0.7664670944213867,0.4509902000427246
YLR106C,YDL136W,0,-0.36924106,0.14550966024398804,0.7664670944213867,0.4510902166366577
YPL072W,YFL029C,0,-0.36935097,0.14548209309577942,0.7664670944213867,0.4511902332305908
YHR183W,YJL042W,0,-0.3694241,0.145454540848732,0.7664670944213867,0.4512902498245239
YOR301W,YLL039C,0,-0.36970407,0.14542700350284576,0.7664670944213867,0.45139026641845703
YKL097W-A,YLR439W,0,-0.36996365,0.14539946615695953,0.7664670944213867,0.4514903128147125
YPL087W,YDL067C,0,-0.3700505,0.1453719437122345,0.7664670944213867,0.45159032940864563
YBR198C,YCR071C,0,-0.3700757,0.14534443616867065,0.7664670944213867,0.45169034600257874
YHR003C,YKL222C,0,-0.3701296,0.1453169286251068,0.7664670944213867,0.45179036259651184
YCR020W-B,YDR131C,0,-0.37014166,0.14528945088386536,0.7664670944213867,0.45189037919044495
YNL053W,YNL135C,0,-0.37040198,0.1452619582414627,0.7664670944213867,0.45199039578437805
YHR161C,YOR109W,1,-0.37053007,0.14542360603809357,0.7674650549888611,0.45199039578437805
YOR194C,YGR246C,0,-0.3707446,0.14539609849452972,0.7674650549888611,0.45209041237831116
YJR051W,YFL023W,0,-0.37076306,0.14536862075328827,0.7674650549888611,0.45219042897224426
YMR006C,YBL017C,0,-0.37079263,0.14534114301204681,0.7674650549888611,0.45229044556617737
YLR337W,YDR264C,1,-0.37083942,0.14550264179706573,0.7684630751609802,0.45229044556617737
YHR181W,YHR059W,0,-0.37105453,0.14547514915466309,0.7684630751609802,0.45239049196243286
YHR031C,YDL202W,0,-0.37105674,0.14544767141342163,0.7684630751609802,0.45249050855636597
YGR089W,YML069W,0,-0.37106192,0.14542020857334137,0.7684630751609802,0.4525905251502991
YML008C,YDR266C,0,-0.3711254,0.1453927457332611,0.7684630751609802,0.4526905417442322
YGL232W,YJL165C,0,-0.37125298,0.14536529779434204,0.7684630751609802,0.4527905583381653
YER087C-A,YLR097C,0,-0.37191045,0.14533786475658417,0.7684630751609802,0.4528905749320984
YDR388W,YNR075W,1,-0.37260747,0.14549915492534637,0.7694610953330994,0.4528905749320984
YJR057W,YMR047C,0,-0.37263882,0.1454716920852661,0.7694610953330994,0.4529905915260315
YHR050W,YDR536W,0,-0.3728094,0.14544425904750824,0.7694610953330994,0.4530906081199646
YNL330C,YOL092W,0,-0.3730898,0.14541682600975037,0.7694610953330994,0.4531906247138977
YPR103W,YJL191W,0,-0.37330544,0.1453894078731537,0.7694610953330994,0.4532906711101532
YDR129C,YOR008C,1,-0.373573,0.14555053412914276,0.7704590559005737,0.4532906711101532
YMR233W,YDR324C,0,-0.37359983,0.1455230861902237,0.7704590559005737,0.4533906877040863
YKR013W,YIL026C,0,-0.37414354,0.14549566805362701,0.7704590559005737,0.4534907042980194
YLR467W,YNL312W,0,-0.37445134,0.14546824991703033,0.7704590559005737,0.4535907208919525
YPR022C,YHR047C,0,-0.37459403,0.14544084668159485,0.7704590559005737,0.4536907374858856
YPL236C,YJR043C,0,-0.3749091,0.14541344344615936,0.7704590559005737,0.4537907540798187
YDR221W,YFR028C,0,-0.37493902,0.14538607001304626,0.7704590559005737,0.45389077067375183
YGR252W,YLR368W,0,-0.3753624,0.14535869657993317,0.7704590559005737,0.45399078726768494
YDL020C,YIL031W,0,-0.37546593,0.14533132314682007,0.7704590559005737,0.45409080386161804
YDL056W,YEL062W,0,-0.37547946,0.14530396461486816,0.7704590559005737,0.45419085025787354
YDR363W,YMR316W,0,-0.37563878,0.14527662098407745,0.7704590559005737,0.45429086685180664
YIR006C,YOR327C,1,-0.3758493,0.14543743431568146,0.7714570760726929,0.45429086685180664
YKL116C,YNL138W,0,-0.37621588,0.14541007578372955,0.7714570760726929,0.45439088344573975
YHR089C,YDR170C,0,-0.3764011,0.14538273215293884,0.7714570760726929,0.45449090003967285
YKL182W,YOR098C,0,-0.3765921,0.14535540342330933,0.7714570760726929,0.45459091663360596
YOL071W,YJR028W,0,-0.37674883,0.1453280746936798,0.7714570760726929,0.45469093322753906
YLR370C,YDL061C,0,-0.3768993,0.1453007459640503,0.7714570760726929,0.45479094982147217
YLL045C,YJR144W,0,-0.376922,0.14527344703674316,0.7714570760726929,0.4548909664154053
YBR297W,YIL131C,0,-0.37716562,0.14524614810943604,0.7714570760726929,0.45499101281166077
YDR402C,YDR248C,0,-0.37772453,0.1452188640832901,0.7714570760726929,0.45509102940559387
YEL030W,YLL062C,0,-0.3780505,0.14519158005714417,0.7714570760726929,0.455191045999527
YGR087C,YNL035C,0,-0.37869614,0.14516432583332062,0.7714570760726929,0.4552910625934601
YNL327W,YLR224W,0,-0.3787328,0.14513705670833588,0.7714570760726929,0.4553910791873932
YPL022W,YGR058W,0,-0.37892598,0.14510981738567352,0.7714570760726929,0.4554910957813263
YPL155C,YGR203W,0,-0.37895322,0.14508257806301117,0.7714570760726929,0.4555911123752594
YOR386W,YPL212C,0,-0.37953758,0.14505535364151,0.7714570760726929,0.4556911289691925
YOR098C,YNR013C,0,-0.3795457,0.14502814412117004,0.7714570760726929,0.4557911455631256
YJR077C,YBR073W,0,-0.37996438,0.14500093460083008,0.7714570760726929,0.4558911919593811
YLR337W,YER125W,1,-0.38008934,0.14516128599643707,0.772455096244812,0.4558911919593811
YNL280C,YDR414C,0,-0.38021195,0.1451340764760971,0.772455096244812,0.4559912085533142
YOR039W,YOR356W,0,-0.380813,0.14510686695575714,0.772455096244812,0.4560912251472473
YBR035C,YER044C,0,-0.38082528,0.14507965743541718,0.772455096244812,0.4561912417411804
YNL079C,YGL055W,0,-0.38103038,0.1450524777173996,0.772455096244812,0.4562912583351135
YJL112W,YJR013W,0,-0.38109553,0.14502529799938202,0.772455096244812,0.45639127492904663
YKL171W,YML112W,0,-0.3811495,0.14499813318252563,0.772455096244812,0.45649129152297974
YKR062W,YKL188C,0,-0.38176286,0.14497096836566925,0.772455096244812,0.45659130811691284
YBL101W-B,YAL022C,0,-0.38260335,0.14494381844997406,0.772455096244812,0.45669132471084595
YML007W,YNL052W,0,-0.38328886,0.14491668343544006,0.772455096244812,0.45679137110710144
YBL019W,YKL004W,0,-0.38346028,0.14488954842090607,0.772455096244812,0.45689138770103455
YNL329C,YDR184C,0,-0.38368058,0.14486244320869446,0.772455096244812,0.45699140429496765
YOR386W,YBR142W,0,-0.3841715,0.14483532309532166,0.772455096244812,0.45709142088890076
YKL129C,YDL231C,1,-0.38438654,0.14499531686306,0.7734531164169312,0.45709142088890076
YBL089W,YHL036W,0,-0.38442653,0.1449681967496872,0.7734531164169312,0.45719143748283386
YLR350W,YNL186W,0,-0.38454646,0.14494109153747559,0.7734531164169312,0.45729145407676697
YBR068C,YOR071C,0,-0.3849482,0.14491398632526398,0.7734531164169312,0.4573914706707001
YAL039C,YDR369C,0,-0.38496014,0.14488689601421356,0.7734531164169312,0.4574914872646332
YBL026W,YOR299W,0,-0.3850131,0.14485980570316315,0.7734531164169312,0.4575915038585663
YDR182W,YOR069W,0,-0.38517696,0.14483274519443512,0.7734531164169312,0.4576915502548218
YEL029C,YKR039W,0,-0.3854802,0.1448056846857071,0.7734531164169312,0.4577915668487549
YKL222C,YGL137W,0,-0.38567746,0.14477862417697906,0.7734531164169312,0.457891583442688
YLR056W,YHR073W,1,-0.38597617,0.1449383646249771,0.7744510769844055,0.457891583442688
YPR005C,YHL047C,0,-0.3860491,0.14491130411624908,0.7744510769844055,0.4579916000366211
YGL200C,YFR028C,0,-0.38605863,0.14488424360752106,0.7744510769844055,0.4580916166305542
YOR085W,YDR326C,0,-0.38640767,0.14485719799995422,0.7744510769844055,0.4581916332244873
YDL004W,YGL153W,0,-0.38650578,0.14483016729354858,0.7744510769844055,0.4582916498184204
YPL090C,YDR229W,0,-0.38656664,0.14480313658714294,0.7744510769844055,0.4583916664123535
YFL009W,YGR058W,0,-0.38668853,0.1447761207818985,0.7744510769844055,0.458491712808609
YNL069C,YBR179C,0,-0.3867119,0.14474911987781525,0.7744510769844055,0.4585917294025421
YMR016C,YCL063W,0,-0.38740295,0.144722118973732,0.7744510769844055,0.4586917459964752
YFL034C-B,YDL074C,0,-0.38766602,0.14469513297080994,0.7744510769844055,0.4587917625904083
YNL099C,YIL095W,0,-0.387677,0.14466816186904907,0.7744510769844055,0.45889177918434143
YLR201C,YLR097C,0,-0.38777047,0.1446411907672882,0.7744510769844055,0.45899179577827454
YJR082C,YJR144W,0,-0.3882038,0.14461423456668854,0.7744510769844055,0.45909181237220764
YOR034C,YPL145C,1,-0.38839304,0.14477361738681793,0.7754490971565247,0.45909181237220764
YGL055W,YOL082W,0,-0.38856298,0.14474664628505707,0.7754490971565247,0.45919182896614075
YML008C,YJR070C,0,-0.38863164,0.1447196900844574,0.7754490971565247,0.45929184556007385
YAL022C,YIR034C,0,-0.38877618,0.14469273388385773,0.7754490971565247,0.45939189195632935
YHR052W,YIL076W,0,-0.3892222,0.14466579258441925,0.7754490971565247,0.45949190855026245
YNL093W,YDL231C,1,-0.3893152,0.1448250114917755,0.7764471173286438,0.45949190855026245
YML027W,YNL073W,0,-0.38951892,0.14479807019233704,0.7764471173286438,0.45959192514419556
YJR088C,YPR113W,0,-0.3900565,0.14477111399173737,0.7764471173286438,0.45969194173812866
YLR080W,YBR221C,0,-0.39020395,0.14474418759346008,0.7764471173286438,0.45979195833206177
YGL122C,YLR170C,0,-0.39031976,0.1447172611951828,0.7764471173286438,0.4598919749259949
YMR302C,YDR389W,0,-0.39033908,0.1446903496980667,0.7764471173286438,0.459991991519928
YGR261C,YPR194C,0,-0.39035183,0.14466343820095062,0.7764471173286438,0.4600920081138611
YPL249C,YCR075C,0,-0.3909427,0.14463655650615692,0.7764471173286438,0.4601920247077942
YCR097W,YNL050C,0,-0.39098942,0.14460965991020203,0.7764471173286438,0.4602920711040497
YDR293C,YNL110C,0,-0.39128727,0.14458279311656952,0.7764471173286438,0.4603920876979828
YOR304C-A,YOR391C,0,-0.39129376,0.144555926322937,0.7764471173286438,0.4604921042919159
YGL019W,YBR293W,0,-0.3913101,0.1445290744304657,0.7764471173286438,0.460592120885849
YPR171W,YLR371W,1,-0.39175892,0.1446879655122757,0.7774451375007629,0.460592120885849
YPL271W,YGR071C,0,-0.39230675,0.1446610987186432,0.7774451375007629,0.4606921374797821
YDR207C,YKL096W-A,0,-0.3928566,0.14463423192501068,0.7774451375007629,0.4607921540737152
YMR104C,YEL059C-A,0,-0.39324802,0.14460739493370056,0.7774451375007629,0.4608921706676483
YLR207W,YNL001W,0,-0.3932945,0.14458054304122925,0.7774451375007629,0.4609921872615814
YNL158W,YDR090C,0,-0.39505577,0.14455372095108032,0.7774451375007629,0.4610922038555145
YPL084W,YDL049C,0,-0.3956023,0.1445268988609314,0.7774451375007629,0.46119225025177
YHR184W,YPR056W,0,-0.3959036,0.14450009167194366,0.7774451375007629,0.4612922668457031
YLR158C,YDR363W,0,-0.3963722,0.14447329938411713,0.7774451375007629,0.46139228343963623
YNL053W,YGL254W,0,-0.39656693,0.1444465070962906,0.7774451375007629,0.46149230003356934
YHR062C,YDL077C,0,-0.39672768,0.14441972970962524,0.7774451375007629,0.46159231662750244
YPL148C,YLR042C,0,-0.3967455,0.1443929523229599,0.7774451375007629,0.46169233322143555
YOR382W,YOR118W,0,-0.3970821,0.14436618983745575,0.7774451375007629,0.46179234981536865
YML069W,YEL062W,0,-0.3973406,0.1443394422531128,0.7774451375007629,0.46189236640930176
YDL008W,YOL003C,0,-0.39773303,0.14431270956993103,0.7774451375007629,0.46199241280555725
YLR385C,YLR105C,0,-0.3979662,0.14428597688674927,0.7774451375007629,0.46209242939949036
YOL147C,YJL209W,0,-0.3979826,0.1442592591047287,0.7774451375007629,0.46219244599342346
YJR021C,YMR043W,0,-0.39818805,0.14423255622386932,0.7774451375007629,0.46229246258735657
YGR216C,YPR001W,0,-0.39906538,0.14420585334300995,0.7774451375007629,0.4623924791812897
YMR122W-A,YOL070C,0,-0.39907867,0.14417916536331177,0.7774451375007629,0.4624924957752228
YPL249C-A,YPR156C,0,-0.39911705,0.1441524773836136,0.7774451375007629,0.4625925123691559
YGL210W,YGR206W,0,-0.39947468,0.1441258043050766,0.7774451375007629,0.462692528963089
YPR132W,YPL154C,0,-0.39957356,0.1440991461277008,0.7774451375007629,0.4627925455570221
YOR326W,YML014W,0,-0.3997841,0.1440725028514862,0.7774451375007629,0.4628925919532776
YJL114W,YDR134C,0,-0.39979982,0.1440458595752716,0.7774451375007629,0.4629926085472107
YIL139C,YOR265W,0,-0.40016854,0.1440192312002182,0.7774451375007629,0.4630926251411438
YDR351W,YIR021W,0,-0.40114242,0.1439926028251648,0.7774451375007629,0.4631926417350769
YDR071C,YIL168W,0,-0.40119064,0.14396598935127258,0.7774451375007629,0.46329265832901
YIL112W,YER058W,0,-0.401349,0.14393939077854156,0.7774451375007629,0.4633926749229431
YDR001C,YPR181C,0,-0.40149474,0.14391280710697174,0.7774451375007629,0.4634926915168762
YER130C,YER111C,0,-0.40163958,0.14388622343540192,0.7774451375007629,0.4635927081108093
YPR156C,YHR039C-B,0,-0.4016676,0.1438596546649933,0.7774451375007629,0.46369272470474243
YML126C,YAL060W,0,-0.4018339,0.14383308589458466,0.7774451375007629,0.4637927711009979
YGL173C,YBL005W-B,0,-0.4018352,0.14380653202533722,0.7774451375007629,0.46389278769493103
YKL193C,YBR092C,0,-0.40207893,0.14377999305725098,0.7774451375007629,0.46399280428886414
YNL078W,YER058W,0,-0.4022143,0.14375345408916473,0.7774451375007629,0.46409282088279724
YPL283C,YIL035C,0,-0.40230757,0.14372693002223969,0.7774451375007629,0.46419283747673035
YER056C-A,YER019W,0,-0.40234607,0.14370042085647583,0.7774451375007629,0.46429285407066345
YER126C,YOR348C,0,-0.402368,0.14367392659187317,0.7774451375007629,0.46439287066459656
YOL138C,YLR305C,0,-0.40243167,0.1436474323272705,0.7774451375007629,0.46449288725852966
YJL114W,YKL178C,0,-0.40248173,0.14362093806266785,0.7774451375007629,0.46459290385246277
YLR364W,YBL076C,0,-0.40257943,0.14359447360038757,0.7774451375007629,0.46469295024871826
YNL330C,YDL052C,0,-0.40266347,0.1435680091381073,0.7774451375007629,0.46479296684265137
YNL122C,YIL170W,0,-0.40277517,0.14354154467582703,0.7774451375007629,0.4648929834365845
YBR074W,YBR001C,0,-0.40285444,0.14351511001586914,0.7774451375007629,0.4649930000305176
YGR023W,YOR202W,0,-0.40314865,0.14348867535591125,0.7774451375007629,0.4650930166244507
YPR167C,YLR401C,0,-0.40354264,0.14346224069595337,0.7774451375007629,0.4651930332183838
YLL051C,YKL189W,0,-0.4035982,0.14343583583831787,0.7774451375007629,0.4652930498123169
YCR011C,YDR170C,0,-0.40381646,0.14340943098068237,0.7774451375007629,0.46539306640625
YML072C,YBR009C,0,-0.4038416,0.14338302612304688,0.7774451375007629,0.4654931128025055
YMR023C,YCR080W,0,-0.40385908,0.14335663616657257,0.7774451375007629,0.4655931293964386
YBR052C,YFL033C,0,-0.4043383,0.14333026111125946,0.7774451375007629,0.4656931459903717
YLR337W,YBR241C,0,-0.40525454,0.14330390095710754,0.7774451375007629,0.4657931625843048
YCL043C,YGR191W,0,-0.4058653,0.14327754080295563,0.7774451375007629,0.4658931791782379
YBR084W,YOR244W,0,-0.40588397,0.1432511955499649,0.7774451375007629,0.465993195772171
YPR096C,YKL135C,0,-0.40599966,0.14322485029697418,0.7774451375007629,0.4660932123661041
YMR292W,YFR033C,0,-0.4062792,0.14319853484630585,0.7774451375007629,0.46619322896003723
YDL141W,YNR013C,0,-0.40642726,0.14317220449447632,0.7774451375007629,0.46629324555397034
YIR025W,YJR135W-A,0,-0.4064567,0.14314590394496918,0.7774451375007629,0.46639329195022583
YDR046C,YHR102W,0,-0.4065082,0.14311960339546204,0.7774451375007629,0.46649330854415894
YHR215W,YNL122C,0,-0.40669715,0.1430933177471161,0.7774451375007629,0.46659332513809204
YKL222C,YJR057W,0,-0.40673816,0.14306703209877014,0.7774451375007629,0.46669334173202515
YCL060C,YPL119C,0,-0.40674967,0.1430407613515854,0.7774451375007629,0.46679335832595825
YGL119W,YLR154C,0,-0.40679842,0.14301450550556183,0.7774451375007629,0.46689337491989136
YPL032C,YNL154C,1,-0.40708715,0.14317180216312408,0.7784430980682373,0.46689337491989136
YNR067C,YML129C,0,-0.40782195,0.14314553141593933,0.7784430980682373,0.46699339151382446
YML032C,YLR016C,0,-0.40786022,0.14311926066875458,0.7784430980682373,0.46709340810775757
YBR207W,YDR093W,1,-0.40822935,0.14327646791934967,0.7794411182403564,0.46709340810775757
YGL257C,YBL024W,0,-0.40862066,0.14325018227100372,0.7794411182403564,0.4671934247016907
YNL271C,YIL143C,0,-0.40878177,0.14322391152381897,0.7794411182403564,0.46729347109794617
YDR177W,YPL094C,0,-0.40909207,0.1431976556777954,0.7794411182403564,0.4673934876918793
YPR035W,YBR297W,0,-0.40964305,0.14317139983177185,0.7794411182403564,0.4674935042858124
YLR369W,YBR066C,0,-0.40965867,0.14314515888690948,0.7794411182403564,0.4675935208797455
YLR297W,YMR295C,0,-0.41016394,0.1431189328432083,0.7794411182403564,0.4676935374736786
YMR300C,YLR423C,0,-0.41055846,0.14309270679950714,0.7794411182403564,0.4677935540676117
YMR170C,YER124C,0,-0.41093493,0.14306649565696716,0.7794411182403564,0.4678935706615448
YER125W,YNL227C,1,-0.41154307,0.14322344958782196,0.7804391384124756,0.4678935706615448
YFR055W,YKR062W,0,-0.41164315,0.1431972235441208,0.7804391384124756,0.4679935872554779
YML052W,YGR086C,1,-0.411888,0.14335408806800842,0.78143709897995,0.4679935872554779
YOR242C,YGL237C,0,-0.411992,0.14332784712314606,0.78143709897995,0.468093603849411
YDR240C,YGL012W,0,-0.41214055,0.1433016061782837,0.78143709897995,0.4681936502456665
YGR013W,YOR071C,0,-0.41241962,0.1432753950357437,0.78143709897995,0.4682936668395996
YGL183C,YJL081C,0,-0.41310155,0.14324918389320374,0.78143709897995,0.4683936834335327
YBR081C,YBR215W,0,-0.4131921,0.14322297275066376,0.78143709897995,0.4684937000274658
YGR035C,YPL051W,0,-0.41325283,0.14319677650928497,0.78143709897995,0.4685937166213989
YER026C,YOL138C,0,-0.41337878,0.14317059516906738,0.78143709897995,0.46869373321533203
YNR072W,YOR075W,0,-0.41340107,0.143144428730011,0.78143709897995,0.46879374980926514
YOR058C,YDL010W,0,-0.41372377,0.1431182622909546,0.78143709897995,0.46889376640319824
YOL038W,YMR217W,0,-0.4143579,0.1430921107530594,0.78143709897995,0.46899381279945374
YLR319C,YLR291C,0,-0.41457754,0.14306595921516418,0.78143709897995,0.46909382939338684
YOR373W,YJL176C,0,-0.41483873,0.14303982257843018,0.78143709897995,0.46919384598731995
YBR227C,YNL225C,0,-0.41500437,0.14301370084285736,0.78143709897995,0.46929386258125305
YIR033W,YOL089C,0,-0.41520423,0.14298757910728455,0.78143709897995,0.46939387917518616
YIR014W,YLR414C,0,-0.41529453,0.14296147227287292,0.78143709897995,0.46949389576911926
YBR257W,YFR019W,0,-0.41553426,0.1429353803396225,0.78143709897995,0.46959391236305237
YDR186C,YJR121W,0,-0.4156251,0.14290928840637207,0.78143709897995,0.4696939289569855
YBR109C,YAR044W,1,-0.41573185,0.1430656909942627,0.7824351191520691,0.4696939289569855
YHR004C,YBL010C,0,-0.41575933,0.14303958415985107,0.7824351191520691,0.4697939455509186
YKL143W,YGL227W,0,-0.4158668,0.14301349222660065,0.7824351191520691,0.4698939919471741
YDR082W,YPL155C,0,-0.41591245,0.1429874151945114,0.7824351191520691,0.4699940085411072
YER160C,YMR257C,0,-0.4162197,0.14296133816242218,0.7824351191520691,0.4700940251350403
YCR028C,YLR170C,0,-0.4163609,0.14293527603149414,0.7824351191520691,0.4701940417289734
YML052W,YJR125C,1,-0.4164281,0.14309149980545044,0.7834331393241882,0.4701940417289734
YNL032W,YAR042W,1,-0.41680145,0.14324767887592316,0.7844311594963074,0.4701940417289734
YJR119C,YPL273W,0,-0.4172505,0.14322157204151154,0.7844311594963074,0.4702940583229065
YDR174W,YMR160W,0,-0.41738087,0.1431954801082611,0.7844311594963074,0.4703940749168396
YNL058C,YER049W,0,-0.41739166,0.14316940307617188,0.7844311594963074,0.4704940915107727
YJR097W,YJR127C,0,-0.41743988,0.14314332604408264,0.7844311594963074,0.4705941081047058
YHR036W,YJR137C,0,-0.4174475,0.1431172639131546,0.7844311594963074,0.4706941246986389
YIL010W,YBR158W,0,-0.41762656,0.14309120178222656,0.7844311594963074,0.4707941710948944
YPL163C,YGL086W,0,-0.417916,0.14306515455245972,0.7844311594963074,0.4708941876888275
YDR237W,YJL178C,0,-0.41793805,0.14303912222385406,0.7844311594963074,0.4709942042827606
YDL030W,YLR170C,0,-0.41839522,0.1430131047964096,0.7844311594963074,0.4710942208766937
YBL003C,YDR420W,0,-0.41870558,0.14298708736896515,0.7844311594963074,0.47119423747062683
YBR006W,YDR424C,0,-0.41900462,0.1429610699415207,0.7844311594963074,0.47129425406455994
YGL181W,YOR237W,1,-0.4191419,0.14311693608760834,0.7854291200637817,0.47129425406455994
YKR009C,YJR028W,0,-0.41926008,0.14309090375900269,0.7854291200637817,0.47139427065849304
YLR431C,YGL186C,0,-0.41948044,0.14306490123271942,0.7854291200637817,0.47149428725242615
YAR044W,YNR075W,1,-0.41979325,0.14322064816951752,0.7864271402359009,0.47149428725242615
YLR043C,YFR029W,0,-0.4198827,0.14319461584091187,0.7864271402359009,0.47159433364868164
YPL055C,YOR214C,0,-0.4198866,0.1431685984134674,0.7864271402359009,0.47169435024261475
YBR171W,YKL158W,0,-0.42008358,0.14314259588718414,0.7864271402359009,0.47179436683654785
YAR010C,YDR501W,0,-0.4204458,0.14311659336090088,0.7864271402359009,0.47189438343048096
YDL170W,YOL045W,0,-0.42090666,0.1430906057357788,0.7864271402359009,0.47199440002441406
YLL038C,YHR073W,1,-0.42091876,0.14324618875980377,0.78742516040802,0.47199440002441406
YPL174C,YHR168W,0,-0.42113906,0.1432201862335205,0.78742516040802,0.47209441661834717
YNR032W,YKL088W,0,-0.4212432,0.14319419860839844,0.78742516040802,0.4721944332122803
YLL043W,YDR511W,0,-0.42128468,0.14316821098327637,0.78742516040802,0.4722944498062134
YPL255W,YMR231W,0,-0.42136264,0.1431422382593155,0.78742516040802,0.4723944664001465
YPR079W,YPR041W,0,-0.42143017,0.14311626553535461,0.78742516040802,0.472494512796402
YOL033W,YPR160W,0,-0.42180443,0.14309032261371613,0.78742516040802,0.4725945293903351
YLR262C,YLR325C,0,-0.42187726,0.14306436479091644,0.78742516040802,0.4726945459842682
YCR053W,YBL009W,0,-0.42194378,0.14303843677043915,0.78742516040802,0.4727945625782013
YNR035C,YNL227C,1,-0.422244,0.14319376647472382,0.7884231805801392,0.4727945625782013
YLR337W,YLR342W,1,-0.42228395,0.1433490365743637,0.7894211411476135,0.4727945625782013
YML066C,YDR064W,0,-0.42245293,0.14332306385040283,0.7894211411476135,0.4728945791721344
YIR008C,YGR081C,0,-0.42247456,0.14329710602760315,0.7894211411476135,0.4729945957660675
YER070W,YGL128C,0,-0.42249447,0.14327114820480347,0.7894211411476135,0.4730946123600006
YER153C,YGR169C,0,-0.42255056,0.14324520528316498,0.7894211411476135,0.4731946289539337
YMR277W,YER011W,0,-0.42317623,0.1432192623615265,0.7894211411476135,0.4732946455478668
YJL198W,YNR074C,0,-0.423306,0.1431933343410492,0.7894211411476135,0.4733946919441223
YDL190C,YLR406C,0,-0.42355466,0.1431674212217331,0.7894211411476135,0.4734947085380554
YNL014W,YOR131C,0,-0.42359477,0.143141508102417,0.7894211411476135,0.4735947251319885
YDR109C,YMR012W,0,-0.42371392,0.14311560988426208,0.7894211411476135,0.47369474172592163
YKL071W,YDR219C,0,-0.42374116,0.14308972656726837,0.7894211411476135,0.47379475831985474
YML052W,YKL203C,1,-0.42395055,0.14324471354484558,0.7904191613197327,0.47379475831985474
YDL059C,YEL009C,0,-0.42400253,0.14321880042552948,0.7904191613197327,0.47389477491378784
YPR138C,YDR354W,0,-0.42439687,0.14319291710853577,0.7904191613197327,0.47399479150772095
YLL042C,YOR377W,0,-0.42444956,0.14316703379154205,0.7904191613197327,0.47409480810165405
YLL038C,YER118C,0,-0.4244612,0.14314115047454834,0.7904191613197327,0.47419482469558716
YCR077C,YOR010C,0,-0.42453474,0.14311528205871582,0.7904191613197327,0.47429487109184265
YBR207W,YPR171W,1,-0.4245664,0.1432701051235199,0.7914171814918518,0.47429487109184265
YLR174W,YNL096C,0,-0.4248001,0.14324422180652618,0.7914171814918518,0.47439488768577576
YDR462W,YGL257C,0,-0.4249363,0.14321835339069366,0.7914171814918518,0.47449490427970886
YLL012W,YDR349C,0,-0.42534894,0.14319248497486115,0.7914171814918518,0.47459492087364197
YMR273C,YMR300C,0,-0.42561394,0.14316663146018982,0.7914171814918518,0.4746949374675751
YOL021C,YMR210W,0,-0.4271031,0.1431407928466797,0.7914171814918518,0.4747949540615082
YBL023C,YER098W,0,-0.42712706,0.14311495423316956,0.7914171814918518,0.4748949706554413
YBR002C,YPL028W,0,-0.427198,0.14308913052082062,0.7914171814918518,0.4749949872493744
YDL039C,YOR083W,0,-0.4274391,0.14306332170963287,0.7914171814918518,0.4750950336456299
YIL094C,YLR424W,0,-0.42758733,0.14303751289844513,0.7914171814918518,0.475195050239563
YPL170W,YMR287C,0,-0.42788786,0.14301171898841858,0.7914171814918518,0.4752950668334961
YIL015W,YER165W,0,-0.427898,0.14298593997955322,0.7914171814918518,0.4753950834274292
YOR237W,YDR324C,0,-0.42798722,0.14296016097068787,0.7914171814918518,0.4754951000213623
YMR214W,YPL256C,0,-0.42803854,0.1429343968629837,0.7914171814918518,0.4755951166152954
YGR143W,YLR105C,0,-0.42827368,0.14290863275527954,0.7914171814918518,0.4756951332092285
YOR033C,YDR030C,0,-0.42834914,0.14288288354873657,0.7914171814918518,0.4757951498031616
YBL079W,YER014C-A,0,-0.42869186,0.1428571492433548,0.7914171814918518,0.4758951663970947
YOL093W,YJL178C,0,-0.42870414,0.14283141493797302,0.7914171814918518,0.4759952127933502
YPR196W,YCL027W,0,-0.4290182,0.14280569553375244,0.7914171814918518,0.4760952293872833
YNL192W,YLR153C,0,-0.42928636,0.14277997612953186,0.7914171814918518,0.47619524598121643
YDL137W,YGL222C,0,-0.42959356,0.14275427162647247,0.7914171814918518,0.47629526257514954
YGL136C,YIL035C,0,-0.42960042,0.14272858202457428,0.7914171814918518,0.47639527916908264
YGL113W,YFL029C,0,-0.42966628,0.1427028924226761,0.7914171814918518,0.47649529576301575
YDR174W,YHR119W,0,-0.4297527,0.1426772177219391,0.7914171814918518,0.47659531235694885
YER001W,YKL218C,0,-0.4297558,0.14265155792236328,0.7914171814918518,0.47669532895088196
YMR306W,YMR025W,0,-0.429811,0.14262589812278748,0.7914171814918518,0.47679534554481506
YGL163C,YNL185C,0,-0.43032157,0.14260025322437286,0.7914171814918518,0.47689539194107056
YOL105C,YBR228W,0,-0.43034226,0.14257460832595825,0.7914171814918518,0.47699540853500366
YGL001C,YPL065W,0,-0.43048495,0.14254897832870483,0.7914171814918518,0.47709542512893677
YMR184W,YLR433C,0,-0.43068862,0.1425233632326126,0.7914171814918518,0.4771954417228699
YMR142C,YMR134W,0,-0.43071526,0.14249774813652039,0.7914171814918518,0.477295458316803
YKL010C,YLR020C,0,-0.43071532,0.14247214794158936,0.7914171814918518,0.4773954749107361
YJR058C,YMR290C,0,-0.4309526,0.14244656264781952,0.7914171814918518,0.4774954915046692
YDR331W,YPR168W,0,-0.43120885,0.14242097735404968,0.7914171814918518,0.4775955080986023
YOR374W,YMR271C,0,-0.4313861,0.14239540696144104,0.7914171814918518,0.4776955246925354
YOR382W,YBL005W-A,0,-0.43157518,0.1423698365688324,0.7914171814918518,0.4777955710887909
YDR137W,YCL018W,0,-0.43190396,0.14234428107738495,0.7914171814918518,0.477895587682724
YOR039W,YBL106C,0,-0.4320684,0.1423187404870987,0.7914171814918518,0.4779956042766571
YOL125W,YLR452C,0,-0.43215537,0.14229319989681244,0.7914171814918518,0.4780956208705902
YNL272C,YGR035C,0,-0.43229032,0.14226767420768738,0.7914171814918518,0.4781956374645233
YMR298W,YHL034C,0,-0.4326893,0.14224214851856232,0.7914171814918518,0.4782956540584564
YEL015W,YLR272C,0,-0.4330905,0.14221663773059845,0.7914171814918518,0.4783956706523895
YIL111W,YHR052W,0,-0.4335673,0.14219114184379578,0.7914171814918518,0.47849568724632263
YBR109C,YNL020C,1,-0.43372357,0.14234492182731628,0.7924151420593262,0.47849568724632263
YNL147W,YGL172W,0,-0.43378365,0.14231941103935242,0.7924151420593262,0.4785957336425781
YLR048W,YBR036C,0,-0.43404096,0.14229390025138855,0.7924151420593262,0.47869575023651123
YLR386W,YMR176W,0,-0.43414122,0.14226840436458588,0.7924151420593262,0.47879576683044434
YNR043W,YGL226C-A,0,-0.43424946,0.1422429233789444,0.7924151420593262,0.47889578342437744
YKR003W,YLR342W,1,-0.43469208,0.14239655435085297,0.7934131622314453,0.47889578342437744
YEL046C,YBL020W,0,-0.43479943,0.1423710584640503,0.7934131622314453,0.47899580001831055
YKL049C,YGL155W,0,-0.4349302,0.14234556257724762,0.7934131622314453,0.47909581661224365
YPL050C,YLR238W,0,-0.43499213,0.14232008159160614,0.7934131622314453,0.47919583320617676
YMR273C,YNL035C,0,-0.4350372,0.14229461550712585,0.7934131622314453,0.47929584980010986
YJR060W,YGR263C,0,-0.43574995,0.14226914942264557,0.7934131622314453,0.47939586639404297
YCL020W,YGL125W,0,-0.43588364,0.14224369823932648,0.7934131622314453,0.47949591279029846
YPR162C,YKL008C,0,-0.4359764,0.14221824705600739,0.7934131622314453,0.47959592938423157
YPL032C,YFL039C,1,-0.43598068,0.14237166941165924,0.7944111824035645,0.47959592938423157
YOR329C,YOR322C,1,-0.43630004,0.14252503216266632,0.7954092025756836,0.47959592938423157
YMR019W,YBR245C,0,-0.43639338,0.14249955117702484,0.7954092025756836,0.4796959459781647
YPR171W,YNL154C,1,-0.43676376,0.14265283942222595,0.796407163143158,0.4796959459781647
YOL115W,YAL054C,0,-0.43698806,0.14262734353542328,0.796407163143158,0.4797959625720978
YGL012W,YGL178W,0,-0.4374488,0.1426018625497818,0.796407163143158,0.4798959791660309
YER089C,YDR444W,0,-0.4376821,0.14257638156414032,0.796407163143158,0.479995995759964
YGL175C,YBR012W-A,0,-0.4386409,0.14255091547966003,0.796407163143158,0.4800960123538971
YER153C,YJR135W-A,0,-0.43880624,0.14252544939517975,0.796407163143158,0.4801960289478302
YGR274C,YNR031C,0,-0.43886566,0.14249999821186066,0.796407163143158,0.4802960455417633
YOR327C,YCR094W,1,-0.43896317,0.14265309274196625,0.7974051833152771,0.4802960455417633
YML001W,YAL030W,1,-0.43910956,0.14280614256858826,0.7984032034873962,0.4802960455417633
YMR166C,YML077W,0,-0.43944716,0.14278064668178558,0.7984032034873962,0.4803960919380188
YJR075W,YDR180W,0,-0.43997067,0.1427551805973053,0.7984032034873962,0.4804961085319519
YBR176W,YKR103W,0,-0.44006622,0.14272969961166382,0.7984032034873962,0.480596125125885
YAL026C,YLR056W,1,-0.44018984,0.14288263022899628,0.7994012236595154,0.480596125125885
YIR033W,YML033W,0,-0.44029397,0.1428571492433548,0.7994012236595154,0.4806961417198181
YGR281W,YOR347C,0,-0.44055748,0.14283166825771332,0.7994012236595154,0.4807961583137512
YER058W,YJL124C,0,-0.44071788,0.14280620217323303,0.7994012236595154,0.4808961749076843
YGL062W,YLR032W,0,-0.44079536,0.14278075098991394,0.7994012236595154,0.48099619150161743
YJL091C,YHR058C,0,-0.4413944,0.14275529980659485,0.7994012236595154,0.48109620809555054
YHR094C,YDR170C,0,-0.44164515,0.14272986352443695,0.7994012236595154,0.48119622468948364
YDR264C,YER166W,1,-0.44165307,0.1428826004266739,0.8003991842269897,0.48119622468948364
YFL004W,YJR138W,0,-0.441993,0.1428571492433548,0.8003991842269897,0.48129627108573914
YCR002C,YLR126C,0,-0.4420976,0.1428316980600357,0.8003991842269897,0.48139628767967224
YCR096C,YGL040C,0,-0.44210654,0.1428062617778778,0.8003991842269897,0.48149630427360535
YKR055W,YGL065C,0,-0.4426238,0.1427808403968811,0.8003991842269897,0.48159632086753845
YMR034C,YCR070W,0,-0.44275331,0.1427554339170456,0.8003991842269897,0.48169633746147156
YKR014C,YAR044W,1,-0.4428594,0.1429079920053482,0.8013972043991089,0.48169633746147156
YLR237W,YDR231C,0,-0.44302732,0.1428825557231903,0.8013972043991089,0.48179635405540466
YHR032W,YPL024W,0,-0.44316345,0.1428571492433548,0.8013972043991089,0.48189637064933777
YPL183W-A,YDL166C,0,-0.443201,0.1428317278623581,0.8013972043991089,0.4819963872432709
YDR538W,YLR399C,0,-0.44321477,0.14280633628368378,0.8013972043991089,0.48209643363952637
YNL016W,YEL022W,0,-0.44323635,0.14278094470500946,0.8013972043991089,0.4821964502334595
YDR456W,YOL001W,0,-0.4435019,0.14275555312633514,0.8013972043991089,0.4822964668273926
YNL330C,YHR141C,0,-0.44412374,0.14273017644882202,0.8013972043991089,0.4823964834213257
YDR331W,YDL077C,0,-0.4445601,0.1427048146724701,0.8013972043991089,0.4824965000152588
YPR035W,YKL216W,0,-0.44461447,0.14267945289611816,0.8013972043991089,0.4825965166091919
YJR112W,YKR061W,0,-0.44470835,0.14265410602092743,0.8013972043991089,0.482696533203125
YJR051W,YHR216W,0,-0.4447621,0.1426287740468979,0.8013972043991089,0.4827965497970581
YPL124W,YLL061W,0,-0.4448036,0.14260344207286835,0.8013972043991089,0.4828965663909912
YPL180W,YOR360C,0,-0.44485128,0.142578125,0.8013972043991089,0.4829966127872467
YNL032W,YLR214W,0,-0.4450032,0.14255280792713165,0.8013972043991089,0.4830966293811798
YPL059W,YDL130W,0,-0.4450354,0.1425275057554245,0.8013972043991089,0.4831966459751129
YDR033W,YKL200C,0,-0.445064,0.14250221848487854,0.8013972043991089,0.483296662569046
YDL192W,YER017C,0,-0.44548845,0.14247693121433258,0.8013972043991089,0.4833966791629791
YIL048W,YDR093W,1,-0.44578916,0.14262905716896057,0.802395224571228,0.4833966791629791
YMR323W,YJR143C,0,-0.44615704,0.14260375499725342,0.802395224571228,0.48349669575691223
YNL224C,YBR217W,0,-0.4464234,0.14257846772670746,0.802395224571228,0.48359671235084534
YCR002C,YER042W,0,-0.44656903,0.1425531953573227,0.802395224571228,0.48369672894477844
YFR019W,YLR183C,0,-0.44724607,0.14252792298793793,0.802395224571228,0.48379674553871155
YMR006C,YLR321C,0,-0.44748467,0.14250266551971436,0.802395224571228,0.48389679193496704
YBR260C,YBR183W,0,-0.4475013,0.14247740805149078,0.802395224571228,0.48399680852890015
YLR088W,YLR033W,0,-0.4475143,0.1424521654844284,0.802395224571228,0.48409682512283325
YNL093W,YDR490C,1,-0.44765455,0.1426040679216385,0.8033931851387024,0.48409682512283325
YPR030W,YDL122W,0,-0.44781697,0.14257881045341492,0.8033931851387024,0.48419684171676636
YGR247W,YJR051W,0,-0.44878745,0.14255356788635254,0.8033931851387024,0.48429685831069946
YDR499W,YOR297C,0,-0.44887018,0.14252832531929016,0.8033931851387024,0.48439687490463257
YGR006W,YIL004C,0,-0.44899553,0.14250309765338898,0.8033931851387024,0.4844968914985657
YKR014C,YCR053W,1,-0.44913715,0.14265486598014832,0.8043912053108215,0.4844968914985657
YBL101C,YPR009W,0,-0.4496109,0.14262962341308594,0.8043912053108215,0.4845969080924988
YER184C,YDR248C,0,-0.449695,0.14260438084602356,0.8043912053108215,0.4846969246864319
YNL339C,YGL011C,0,-0.44978195,0.14257916808128357,0.8043912053108215,0.4847969710826874
YBR207W,YCR028C,1,-0.45046198,0.14273081719875336,0.8053892254829407,0.4847969710826874
YLR183C,YPR054W,0,-0.45092046,0.14270557463169098,0.8053892254829407,0.4848969876766205
YML038C,YML046W,0,-0.4510066,0.1426803320646286,0.8053892254829407,0.4849970042705536
YOR100C,YOR215C,0,-0.45122993,0.1426551192998886,0.8053892254829407,0.4850970208644867
YOR070C,YPL231W,0,-0.45142305,0.14262990653514862,0.8053892254829407,0.4851970374584198
YER027C,YPL124W,0,-0.4518363,0.14260469377040863,0.8053892254829407,0.4852970540523529
YPL111W,YLR045C,0,-0.45237428,0.14257951080799103,0.8053892254829407,0.485397070646286
YGL163C,YDL077C,0,-0.45258576,0.14255431294441223,0.8053892254829407,0.4854970872402191
YDL214C,YLR050C,0,-0.4531126,0.14252914488315582,0.8053892254829407,0.4855971336364746
YMR049C,YJL139C,0,-0.45312572,0.14250397682189941,0.8053892254829407,0.4856971502304077
YHR021C,YLR391W,0,-0.4531843,0.142478808760643,0.8053892254829407,0.4857971668243408
YGR041W,YEL022W,0,-0.45337987,0.1424536556005478,0.8053892254829407,0.4858971834182739
YKL027W,YDR054C,0,-0.45341545,0.14242851734161377,0.8053892254829407,0.48599720001220703
YGR098C,YDL126C,0,-0.45368165,0.14240339398384094,0.8053892254829407,0.48609721660614014
YMR090W,YMR060C,0,-0.4537946,0.14237827062606812,0.8053892254829407,0.48619723320007324
YMR176W,YIR023W,0,-0.45382547,0.1423531472682953,0.8053892254829407,0.48629724979400635
YMR106C,YDR383C,0,-0.4538312,0.14232803881168365,0.8053892254829407,0.48639726638793945
YBR297W,YKL198C,0,-0.45397282,0.14230294525623322,0.8053892254829407,0.48649731278419495
YGL187C,YGL125W,0,-0.45473754,0.14227785170078278,0.8053892254829407,0.48659732937812805
YOR088W,YOL158C,0,-0.45540297,0.14225277304649353,0.8053892254829407,0.48669734597206116
YHR005C-A,YOL107W,0,-0.4555809,0.14222770929336548,0.8053892254829407,0.48679736256599426
YCR042C,YGL137W,0,-0.45626098,0.14220264554023743,0.8053892254829407,0.48689737915992737
YDR156W,YOR209C,0,-0.45655376,0.14217759668827057,0.8053892254829407,0.4869973957538605
YDR233C,YOR069W,0,-0.45663816,0.1421525478363037,0.8053892254829407,0.4870974123477936
YJR152W,YNL231C,0,-0.4568414,0.14212751388549805,0.8053892254829407,0.4871974289417267
YPR204W,YGR096W,0,-0.4568581,0.14210247993469238,0.8053892254829407,0.4872974455356598
YBR166C,YDR522C,0,-0.45696706,0.1420774608850479,0.8053892254829407,0.4873974919319153
YOL111C,YDL130W-A,0,-0.45697165,0.14205245673656464,0.8053892254829407,0.4874975085258484
YMR042W,YMR247C,0,-0.45698488,0.14202745258808136,0.8053892254829407,0.4875975251197815
YFR013W,YML104C,0,-0.4570682,0.14200246334075928,0.8053892254829407,0.4876975417137146
YOL108C,YLR425W,0,-0.45712554,0.1419774740934372,0.8053892254829407,0.4877975583076477
YOR298W,YNL323W,0,-0.45721722,0.1419524997472763,0.8053892254829407,0.4878975749015808
YMR218C,YDR044W,0,-0.4572575,0.1419275403022766,0.8053892254829407,0.4879975914955139
YOR190W,YBR039W,0,-0.457375,0.14190258085727692,0.8053892254829407,0.488097608089447
YDL191W,YMR238W,0,-0.45787227,0.14187763631343842,0.8053892254829407,0.4881976246833801
YGL134W,YDL140C,0,-0.45794803,0.14185269176959991,0.8053892254829407,0.4882976710796356
YGL175C,YDR488C,0,-0.45803314,0.1418277621269226,0.8053892254829407,0.4883976876735687
YLL028W,YPR192W,0,-0.4581499,0.1418028473854065,0.8053892254829407,0.48849770426750183
YLR212C,YIR038C,0,-0.45829993,0.14177793264389038,0.8053892254829407,0.48859772086143494
YCR094W,YHR135C,1,-0.45859718,0.14192868769168854,0.8063872456550598,0.48859772086143494
YIL171W,YOR171C,0,-0.45901424,0.14190375804901123,0.8063872456550598,0.48869773745536804
YNL236W,YMR208W,0,-0.4592486,0.14187884330749512,0.8063872456550598,0.48879775404930115
YOR085W,YGL200C,0,-0.45934772,0.141853928565979,0.8063872456550598,0.48889777064323425
YGR096W,YMR022W,0,-0.459504,0.14182902872562408,0.8063872456550598,0.48899778723716736
YMR106C,YOR313C,0,-0.45991814,0.14180414378643036,0.8063872456550598,0.48909783363342285
YOR145C,YNL217W,0,-0.4599201,0.14177925884723663,0.8063872456550598,0.48919785022735596
YGR081C,YMR246W,0,-0.46011496,0.1417543888092041,0.8063872456550598,0.48929786682128906
YPL144W,YMR250W,0,-0.46021676,0.14172951877117157,0.8063872456550598,0.48939788341522217
YKR045C,YPR026W,0,-0.46036994,0.14170466363430023,0.8063872456550598,0.4894979000091553
YLR378C,YBR244W,0,-0.46041793,0.1416798233985901,0.8063872456550598,0.4895979166030884
YLL052C,YCL004W,0,-0.46043646,0.14165498316287994,0.8063872456550598,0.4896979331970215
YMR136W,YDL054C,0,-0.4604833,0.1416301429271698,0.8063872456550598,0.4897979497909546
YGR203W,YGR013W,0,-0.4605229,0.14160533249378204,0.8063872456550598,0.4898979663848877
YGR240C,YHR178W,0,-0.46062684,0.1415805220603943,0.8063872456550598,0.4899980127811432
YLR287C-A,YNL316C,0,-0.4609214,0.14155571162700653,0.8063872456550598,0.4900980293750763
YFL041W,YCL047C,0,-0.461385,0.14153091609477997,0.8063872456550598,0.4901980459690094
YER013W,YOL067C,0,-0.46171814,0.1415061354637146,0.8063872456550598,0.4902980625629425
YPR005C,YDR026C,0,-0.4620195,0.14148135483264923,0.8063872456550598,0.4903980791568756
YPR156C,YOR240W,0,-0.4620682,0.14145658910274506,0.8063872456550598,0.4904980957508087
YBR031W,YMR319C,0,-0.46209425,0.14143182337284088,0.8063872456550598,0.4905981123447418
YKL108W,YJL109C,0,-0.46215528,0.1414070725440979,0.8063872456550598,0.4906981289386749
YMR075W,YHR027C,0,-0.4621691,0.14138232171535492,0.8063872456550598,0.49079814553260803
YCL045C,YFL023W,0,-0.46238214,0.14135758578777313,0.8063872456550598,0.4908981919288635
YPL200W,YIR011C,0,-0.46255958,0.14133286476135254,0.8063872456550598,0.49099820852279663
YGL187C,YPL055C,0,-0.4627669,0.14130814373493195,0.8063872456550598,0.49109822511672974
YNL135C,YGR047C,0,-0.46309543,0.14128343760967255,0.8063872456550598,0.49119824171066284
YER184C,YCL011C,0,-0.46340632,0.14125874638557434,0.8063872456550598,0.49129825830459595
YBR205W,YIL095W,0,-0.46347302,0.14123405516147614,0.8063872456550598,0.49139827489852905
YOR257W,YOR377W,0,-0.4637487,0.14120936393737793,0.8063872456550598,0.49149829149246216
YLR105C,YKL021C,0,-0.46376616,0.14118468761444092,0.8063872456550598,0.49159830808639526
YJL072C,YDR226W,0,-0.46425492,0.1411600261926651,0.8063872456550598,0.49169835448265076
YFL024C,YIL017W,0,-0.46435863,0.14113536477088928,0.8063872456550598,0.49179837107658386
YMR152W,YNL090W,0,-0.46457142,0.14111071825027466,0.8063872456550598,0.49189838767051697
YOR288C,YLR467W,0,-0.4646569,0.14108608663082123,0.8063872456550598,0.4919984042644501
YGR071C,YLR127C,0,-0.4646588,0.1410614550113678,0.8063872456550598,0.4920984208583832
YKL158W,YNL310C,0,-0.46495676,0.14103682339191437,0.8063872456550598,0.4921984374523163
YLR342W,YOR043W,1,-0.46507055,0.14118672907352448,0.8073852062225342,0.4921984374523163
YKR026C,YKL064W,0,-0.46525794,0.14116209745407104,0.8073852062225342,0.4922984540462494
YOL141W,YER069W,0,-0.4660399,0.1411374807357788,0.8073852062225342,0.4923984706401825
YBR217W,YJR135W-A,0,-0.46606225,0.14111284911632538,0.8073852062225342,0.4924984872341156
YDR059C,YNL227C,1,-0.46675146,0.14126265048980713,0.8083832263946533,0.4924984872341156
YBR041W,YLR406C,0,-0.46708375,0.1412380188703537,0.8083832263946533,0.4925985336303711
YBR042C,YGR288W,0,-0.4671371,0.14121338725090027,0.8083832263946533,0.4926985502243042
YFL014W,YDR013W,0,-0.46716255,0.14118877053260803,0.8083832263946533,0.4927985668182373
YCR004C,YDR488C,0,-0.46768564,0.141164168715477,0.8083832263946533,0.4928985834121704
YIL126W,YDR369C,0,-0.46845478,0.14113956689834595,0.8083832263946533,0.4929986000061035
YBR077C,YCR070W,0,-0.46866333,0.1411149799823761,0.8083832263946533,0.4930986166000366
YDR037W,YGL106W,0,-0.46883637,0.14109040796756744,0.8083832263946533,0.4931986331939697
YMR170C,YEL036C,0,-0.46892506,0.1410658359527588,0.8083832263946533,0.49329864978790283
YIL134W,YJR155W,0,-0.4695115,0.14104126393795013,0.8083832263946533,0.49339866638183594
YCR040W,YFR044C,0,-0.46963477,0.14101670682430267,0.8083832263946533,0.49349871277809143
YIL097W,YER087C-B,0,-0.47023034,0.1409921646118164,0.8083832263946533,0.49359872937202454
YNL159C,YJR105W,0,-0.47029734,0.14096762239933014,0.8083832263946533,0.49369874596595764
YFR042W,YLR298C,0,-0.47062182,0.14094309508800507,0.8083832263946533,0.49379876255989075
YBR088C,YNR063W,0,-0.47084188,0.1409185826778412,0.8083832263946533,0.49389877915382385
YNL291C,YMR166C,0,-0.47094333,0.1408940702676773,0.8083832263946533,0.49399879574775696
YNL149C,YNR010W,0,-0.4710045,0.14086955785751343,0.8083832263946533,0.49409881234169006
YNL082W,YKL008C,0,-0.4710949,0.14084507524967194,0.8083832263946533,0.49419882893562317
YLR127C,YMR303C,0,-0.4713087,0.14082057774066925,0.8083832263946533,0.4942988455295563
YKR003W,YDL156W,0,-0.47175694,0.14079611003398895,0.8083832263946533,0.49439889192581177
YER113C,YMR300C,0,-0.47303468,0.14077164232730865,0.8083832263946533,0.4944989085197449
YKL091C,YNL312W,0,-0.473085,0.14074717462062836,0.8083832263946533,0.494598925113678
YOR122C,YGL012W,0,-0.4735762,0.14072272181510925,0.8083832263946533,0.4946989417076111
YBR012W-B,YJR043C,0,-0.47395813,0.14069828391075134,0.8083832263946533,0.4947989583015442
YBR196C,YOR297C,0,-0.47400486,0.14067384600639343,0.8083832263946533,0.4948989748954773
YLR233C,YLR010C,0,-0.47419864,0.14064942300319672,0.8083832263946533,0.4949989914894104
YLR086W,YHR030C,0,-0.47447252,0.140625,0.8083832263946533,0.4950990080833435
YKL206C,YML040W,0,-0.4746734,0.14060059189796448,0.8083832263946533,0.495199054479599
YPR185W,YGL213C,0,-0.47477674,0.14057618379592896,0.8083832263946533,0.4952990710735321
YDR409W,YDL010W,0,-0.47485995,0.14055179059505463,0.8083832263946533,0.4953990876674652
YPL183W-A,YBR288C,0,-0.4755875,0.1405274122953415,0.8083832263946533,0.4954991042613983
YOR034C,YCR094W,1,-0.47618783,0.14067649841308594,0.8093812465667725,0.4954991042613983
YOR210W,YLR136C,0,-0.47623134,0.1406521052122116,0.8093812465667725,0.4955991208553314
YNL242W,YGR292W,0,-0.47628117,0.14062771201133728,0.8093812465667725,0.4956991374492645
YFL035C,YOL140W,0,-0.4764219,0.14060333371162415,0.8093812465667725,0.49579915404319763
YDR020C,YPL196W,0,-0.47664547,0.140578955411911,0.8093812465667725,0.49589917063713074
YFR008W,YMR247C,0,-0.47679716,0.14055459201335907,0.8093812465667725,0.49599918723106384
YOR232W,YAL010C,0,-0.47680134,0.14053024351596832,0.8093812465667725,0.49609923362731934
YGR026W,YLR133W,0,-0.47684264,0.14050589501857758,0.8093812465667725,0.49619925022125244
YPL249C-A,YJR051W,0,-0.47686142,0.14048154652118683,0.8093812465667725,0.49629926681518555
YLR391W,YJL122W,0,-0.47727543,0.14045722782611847,0.8093812465667725,0.49639928340911865
YNR036C,YIL150C,0,-0.4776256,0.14043289422988892,0.8093812465667725,0.49649930000305176
YGR271W,YDR364C,0,-0.477861,0.14040859043598175,0.8093812465667725,0.49659931659698486
YCR080W,YIL157C,0,-0.47788697,0.14038428664207458,0.8093812465667725,0.49669933319091797
YGR087C,YCL027W,0,-0.4780349,0.14035998284816742,0.8093812465667725,0.4967993497848511
YDL056W,YBL050W,0,-0.47820896,0.14033569395542145,0.8093812465667725,0.4968993663787842
YNL079C,YER172C,0,-0.4784354,0.14031141996383667,0.8093812465667725,0.4969994127750397
YLR348C,YNR041C,0,-0.47897232,0.1402871459722519,0.8093812465667725,0.4970994293689728
YKL220C,YPL187W,0,-0.47925985,0.1402628868818283,0.8093812465667725,0.4971994459629059
YGR272C,YML029W,0,-0.47980183,0.14023862779140472,0.8093812465667725,0.497299462556839
YIL145C,YOR228C,0,-0.4798956,0.14021438360214233,0.8093812465667725,0.4973994791507721
YPL244C,YIL162W,0,-0.4801041,0.14019015431404114,0.8093812465667725,0.4974994957447052
YDR314C,YBR291C,0,-0.48056525,0.14016592502593994,0.8093812465667725,0.4975995123386383
YDL055C,YOR228C,0,-0.48067194,0.14014169573783875,0.8093812465667725,0.4976995289325714
YHR063C,YER011W,0,-0.48097473,0.14011748135089874,0.8093812465667725,0.4977995455265045
YJL062W-A,YGL155W,0,-0.4811864,0.14009328186511993,0.8093812465667725,0.49789959192276
YFL047W,YDR425W,0,-0.4813187,0.14006908237934113,0.8093812465667725,0.4979996085166931
YLL015W,YJL200C,0,-0.48156554,0.1400448977947235,0.8093812465667725,0.4980996251106262
YEL065W,YGL119W,0,-0.48162615,0.1400207132101059,0.8093812465667725,0.4981996417045593
YLR244C,YPR101W,0,-0.48178536,0.13999654352664948,0.8093812465667725,0.49829965829849243
YLR394W,YML088W,0,-0.4824319,0.13997238874435425,0.8093812465667725,0.49839967489242554
YLR393W,YDR326C,0,-0.48247254,0.13994823396205902,0.8093812465667725,0.49849969148635864
YPR160W,YMR238W,0,-0.48249435,0.1399240791797638,0.8093812465667725,0.49859970808029175
YDR402C,YCL063W,0,-0.48259467,0.13989995419979095,0.8093812465667725,0.49869975447654724
YGR278W,YGR185C,0,-0.48273283,0.13987581431865692,0.8093812465667725,0.49879977107048035
YAR044W,YDL019C,1,-0.48275262,0.14002414047718048,0.8103792667388916,0.49879977107048035
YMR296C,YJL145W,0,-0.48288524,0.14000000059604645,0.8103792667388916,0.49889978766441345
YGL233W,YIL128W,0,-0.483158,0.13997586071491241,0.8103792667388916,0.49899980425834656
YMR214W,YDR172W,0,-0.48318458,0.13995173573493958,0.8103792667388916,0.49909982085227966
YLL038C,YKL203C,1,-0.48318505,0.14009994268417358,0.811377227306366,0.49909982085227966
YDR076W,YER113C,0,-0.48334748,0.14007580280303955,0.811377227306366,0.49919983744621277
YOL060C,YPR043W,0,-0.48378128,0.1400516778230667,0.811377227306366,0.4992998540401459
YLR364W,YPL002C,0,-0.4838019,0.14002755284309387,0.811377227306366,0.499399870634079
YBL022C,YER117W,0,-0.48384833,0.14000344276428223,0.811377227306366,0.4994998872280121
YNL239W,YNL001W,0,-0.48386616,0.13997933268547058,0.811377227306366,0.4995999336242676
YJL076W,YER011W,0,-0.4840086,0.13995523750782013,0.811377227306366,0.4996999502182007
YLR283W,YOL045W,0,-0.4845317,0.13993115723133087,0.811377227306366,0.4997999668121338
YNR045W,YBL057C,0,-0.48459786,0.1399070769548416,0.811377227306366,0.4998999834060669
YML058W-A,YDL095W,0,-0.4852001,0.13988299667835236,0.811377227306366,0.5
YDR109C,YNL325C,0,-0.4852785,0.1398589313030243,0.811377227306366,0.5001000165939331
YML009C,YLR404W,0,-0.48541456,0.13983488082885742,0.811377227306366,0.5002000331878662
YBR058C-A,YML087C,0,-0.4854778,0.13981083035469055,0.811377227306366,0.5003000497817993
YDR387C,YNL293W,0,-0.4857058,0.13978679478168488,0.811377227306366,0.5004000663757324
YER185W,YOL110W,0,-0.4857629,0.1397627592086792,0.811377227306366,0.5005000829696655
YOL060C,YLR453C,0,-0.48582268,0.13973873853683472,0.811377227306366,0.5006000995635986
YMR307W,YHR058C,0,-0.48584867,0.13971473276615143,0.811377227306366,0.5007001161575317
YDR059C,YLR342W,1,-0.48624456,0.1398625373840332,0.8123752474784851,0.5007001161575317
YNR006W,YBL098W,0,-0.4864335,0.13983851671218872,0.8123752474784851,0.5008001327514648
YHR140W,YLL062C,0,-0.48676783,0.13981449604034424,0.8123752474784851,0.5009002089500427
YLL013C,YOR347C,0,-0.48682094,0.13979049026966095,0.8123752474784851,0.5010002255439758
YAL017W,YGL257C,0,-0.48690683,0.13976648449897766,0.8123752474784851,0.5011002421379089
YBR120C,YDR084C,0,-0.48697454,0.13974249362945557,0.8123752474784851,0.501200258731842
YBR251W,YCR033W,0,-0.48708844,0.13971850275993347,0.8123752474784851,0.5013002753257751
YNL135C,YPL213W,0,-0.48729104,0.13969452679157257,0.8123752474784851,0.5014002919197083
YGR074W,YBR207W,0,-0.48730105,0.13967055082321167,0.8123752474784851,0.5015003085136414
YGL002W,YDL059C,0,-0.48802078,0.13964658975601196,0.8123752474784851,0.5016003251075745
YOR017W,YCR020C,0,-0.4881341,0.13962264358997345,0.8123752474784851,0.5017003417015076
YDL226C,YGR035C,0,-0.4886366,0.13959869742393494,0.8123752474784851,0.5018003582954407
YCR066W,YPL046C,0,-0.48891997,0.13957476615905762,0.8123752474784851,0.5019003748893738
YAR044W,YHR135C,1,-0.48896605,0.13972227275371552,0.8133732676506042,0.5019003748893738
YNR045W,YJR022W,0,-0.4890837,0.139698326587677,0.8133732676506042,0.5020003914833069
YCL032W,YNR020C,0,-0.4892574,0.1396743804216385,0.8133732676506042,0.50210040807724
YGL232W,YMR287C,0,-0.48959702,0.13965044915676117,0.8133732676506042,0.5022004246711731
YNL299W,YGL233W,0,-0.48983723,0.13962651789188385,0.8133732676506042,0.5023004412651062
YNL311C,YER042W,0,-0.49010617,0.13960260152816772,0.8133732676506042,0.5024004578590393
YPL149W,YAL029C,0,-0.49050546,0.1395787000656128,0.8133732676506042,0.5025004744529724
YER098W,YJL187C,0,-0.49102294,0.13955479860305786,0.8133732676506042,0.5026004910469055
YOR039W,YLR391W,0,-0.4911068,0.13953089714050293,0.8133732676506042,0.5027005672454834
YPL246C,YBR286W,0,-0.49132395,0.13950702548027039,0.8133732676506042,0.5028005838394165
YHL024W,YDL198C,0,-0.49138343,0.13948313891887665,0.8133732676506042,0.5029006004333496
YPR058W,YOR240W,0,-0.4914176,0.1394592672586441,0.8133732676506042,0.5030006170272827
YDL217C,YDR497C,0,-0.49159908,0.13943541049957275,0.8133732676506042,0.5031006336212158
YCR028C,YDL019C,1,-0.4917091,0.13958261907100677,0.8143712282180786,0.5031006336212158
YCR004C,YIR028W,0,-0.49176323,0.13955874741077423,0.8143712282180786,0.5032006502151489
YFL039C,YDL231C,1,-0.49189836,0.13970588147640228,0.8153692483901978,0.5032006502151489
YDR018C,YNL113W,0,-0.49195445,0.13968199491500854,0.8153692483901978,0.503300666809082
YPR192W,YNL147W,0,-0.49199826,0.139658123254776,0.8153692483901978,0.5034006834030151
YDR270W,YJL062W-A,0,-0.4929015,0.13963425159454346,0.8153692483901978,0.5035006999969482
YJL221C,YLR050C,0,-0.49302506,0.1396103948354721,0.8153692483901978,0.5036007165908813
YPR111W,YDR337W,0,-0.4934199,0.13958653807640076,0.8153692483901978,0.5037007331848145
YAR044W,YOR109W,1,-0.49343163,0.13973350822925568,0.8163672685623169,0.5037007331848145
YHR066W,YNR020C,0,-0.49358547,0.13970965147018433,0.8163672685623169,0.5038007497787476
YPL236C,YPL090C,0,-0.49369013,0.13968579471111298,0.8163672685623169,0.5039007663726807
YPL020C,YMR005W,0,-0.49374896,0.13966193795204163,0.8163672685623169,0.5040007829666138
YDL195W,YER169W,0,-0.49391973,0.13963809609413147,0.8163672685623169,0.5041007995605469
YIL132C,YCR010C,0,-0.4940753,0.1396142691373825,0.8163672685623169,0.50420081615448
YJR121W,YKL097W-A,0,-0.49425787,0.13959044218063354,0.8163672685623169,0.5043008327484131
YEL029C,YOR393W,0,-0.49482405,0.13956663012504578,0.8163672685623169,0.504400908946991
YDR318W,YLR015W,0,-0.49489254,0.139542818069458,0.8163672685623169,0.5045009255409241
YLR312W-A,YDR027C,0,-0.49507338,0.13951902091503143,0.8163672685623169,0.5046009421348572
YFR007W,YGR216C,0,-0.49626994,0.13949522376060486,0.8163672685623169,0.5047009587287903
YNL257C,YAR035W,0,-0.496601,0.13947144150733948,0.8163672685623169,0.5048009753227234
YMR270C,YOL113W,0,-0.49669117,0.1394476592540741,0.8163672685623169,0.5049009919166565
YBR171W,YAL013W,0,-0.49678576,0.1394238919019699,0.8163672685623169,0.5050010085105896
YNR040W,YLL010C,0,-0.49694765,0.13940013945102692,0.8163672685623169,0.5051010251045227
YER147C,YLR132C,0,-0.49785763,0.13937638700008392,0.8163672685623169,0.5052010416984558
YDR166C,YDL129W,0,-0.49786413,0.13935263454914093,0.8163672685623169,0.5053010582923889
YHR129C,YDL017W,0,-0.49801815,0.13932891190052032,0.8163672685623169,0.505401074886322
YOR181W,YER166W,1,-0.49811393,0.139475479722023,0.817365288734436,0.505401074886322
YER166W,YOR283W,0,-0.49834442,0.13945172727108002,0.817365288734436,0.5055010914802551
YHR115C,YPR182W,0,-0.49854708,0.13942798972129822,0.817365288734436,0.5056011080741882
YML123C,YBR095C,0,-0.49886632,0.13940425217151642,0.817365288734436,0.5057011246681213
YJL056C,YBR243C,0,-0.49912184,0.1393805295228958,0.817365288734436,0.5058011412620544
YML049C,YER065C,0,-0.49913645,0.1393568217754364,0.817365288734436,0.5059011578559875
YER070W,YNL096C,0,-0.4991985,0.1393330991268158,0.817365288734436,0.5060011744499207
YNL084C,YAR044W,1,-0.4995696,0.13947950303554535,0.8183632493019104,0.5060011744499207
YPL172C,YOR351C,0,-0.4995978,0.13945578038692474,0.8183632493019104,0.5061011910438538
YLR337W,YBL101C,1,-0.49960798,0.13960210978984833,0.8193612694740295,0.5061011910438538
YDR310C,YBL026W,0,-0.49976695,0.13957837224006653,0.8193612694740295,0.5062012672424316
YDL195W,YDR420W,0,-0.49977326,0.13955464959144592,0.8193612694740295,0.5063012838363647
YBR265W,YJR140C,0,-0.49992126,0.13953092694282532,0.8193612694740295,0.5064013004302979
YGL100W,YPR094W,0,-0.50016505,0.1395072191953659,0.8193612694740295,0.506501317024231
YLR139C,YHR187W,0,-0.50090814,0.1394835263490677,0.8193612694740295,0.5066013336181641
YKL020C,YJR160C,0,-0.50110614,0.13945983350276947,0.8193612694740295,0.5067013502120972
YDR403W,YOR095C,0,-0.50140893,0.13943614065647125,0.8193612694740295,0.5068013668060303
YOL110W,YCR011C,0,-0.5015338,0.13941246271133423,0.8193612694740295,0.5069013833999634
YFR055W,YHR072W-A,0,-0.50161564,0.1393887996673584,0.8193612694740295,0.5070013999938965
YKL020C,YKR022C,0,-0.50172454,0.13936513662338257,0.8193612694740295,0.5071014165878296
YHR207C,YPL064C,0,-0.5017453,0.13934147357940674,0.8193612694740295,0.5072014331817627
YMR257C,YDR326C,0,-0.5018125,0.1393178403377533,0.8193612694740295,0.5073014497756958
YNL335W,YML124C,0,-0.5022539,0.13929419219493866,0.8193612694740295,0.5074014663696289
YNL227C,YLR337C,1,-0.50266033,0.13944020867347717,0.8203592896461487,0.5074014663696289
YDR298C,YJL189W,0,-0.5026821,0.13941656053066254,0.8203592896461487,0.507501482963562
YHR079C-A,YGL166W,0,-0.5027171,0.1393929123878479,0.8203592896461487,0.5076014995574951
YDR304C,YER001W,0,-0.50271803,0.13936927914619446,0.8203592896461487,0.5077015161514282
YDR347W,YDR390C,0,-0.5030121,0.13934564590454102,0.8203592896461487,0.5078015327453613
YHR141C,YOR176W,0,-0.50324064,0.13932202756404877,0.8203592896461487,0.5079016089439392
YGR278W,YOR077W,0,-0.5032556,0.1392984241247177,0.8203592896461487,0.5080016255378723
YIL172C,YLR440C,0,-0.5032601,0.13927482068538666,0.8203592896461487,0.5081016421318054
YGL136C,YLR410W-A,0,-0.50346386,0.1392512321472168,0.8203592896461487,0.5082016587257385
YJL170C,YLL054C,0,-0.5035321,0.13922764360904694,0.8203592896461487,0.5083016753196716
YNR032W,YOR159C,0,-0.50359184,0.13920406997203827,0.8203592896461487,0.5084016919136047
YKL161C,YGR038W,0,-0.5036732,0.1391804963350296,0.8203592896461487,0.5085017085075378
YGR063C,YDR376W,0,-0.50405204,0.13915693759918213,0.8203592896461487,0.508601725101471
YOL086C,YAL025C,0,-0.5040793,0.13913337886333466,0.8203592896461487,0.508701741695404
YPL269W,YGR186W,0,-0.5043043,0.13910983502864838,0.8203592896461487,0.5088017582893372
YER075C,YDR012W,0,-0.50430715,0.1390862911939621,0.8203592896461487,0.5089017748832703
YGR104C,YLR026C,0,-0.5044462,0.139062762260437,0.8203592896461487,0.5090017914772034
YDR060W,YKL096W-A,0,-0.504455,0.13903924822807312,0.8203592896461487,0.5091018080711365
YER114C,YNL310C,0,-0.5045745,0.13901573419570923,0.8203592896461487,0.5092018246650696
YPR002W,YOL027C,0,-0.5049187,0.13899222016334534,0.8203592896461487,0.5093018412590027
YIL009C-A,YGL137W,0,-0.5049296,0.13896872103214264,0.8203592896461487,0.5094018578529358
YBR075W,YJR143C,0,-0.5051451,0.13894523680210114,0.8203592896461487,0.5095018744468689
YOL092W,YJR135W-A,0,-0.50534385,0.13892175257205963,0.8203592896461487,0.509601891040802
YER125W,YPR165W,1,-0.50551647,0.13906724750995636,0.8213573098182678,0.509601891040802
YCR094W,YML001W,1,-0.50564015,0.1392126977443695,0.8223552703857422,0.509601891040802
YKL143W,YDR436W,0,-0.5057674,0.13918918371200562,0.8223552703857422,0.5097019672393799
YBL006C,YGR027W-A,0,-0.5061374,0.13916568458080292,0.8223552703857422,0.509801983833313
YLR264W,YGR222W,0,-0.5061743,0.13914218544960022,0.8223552703857422,0.5099020004272461
YBR265W,YOR208W,0,-0.5062634,0.13911868631839752,0.8223552703857422,0.5100020170211792
YNL091W,YMR127C,0,-0.50634915,0.13909520208835602,0.8223552703857422,0.5101020336151123
YLR071C,YKL011C,0,-0.5064066,0.1390717327594757,0.8223552703857422,0.5102020502090454
YOL090W,YCL074W,0,-0.50684667,0.1390482634305954,0.8223552703857422,0.5103020668029785
YGR143W,YNL001W,0,-0.506935,0.13902480900287628,0.8223552703857422,0.5104020833969116
YOL064C,YKL097W-A,0,-0.50736403,0.13900135457515717,0.8223552703857422,0.5105020999908447
YOR329C,YML052W,1,-0.5081657,0.1391465663909912,0.8233532905578613,0.5105020999908447
YLL012W,YPR101W,0,-0.50830853,0.1391230970621109,0.8233532905578613,0.5106021165847778
YAL058W,YGR038W,0,-0.5084197,0.13909964263439178,0.8233532905578613,0.5107021331787109
YER048W-A,YER174C,0,-0.50843334,0.13907620310783386,0.8233532905578613,0.510802149772644
YLL011W,YOR071C,0,-0.5085956,0.13905274868011475,0.8233532905578613,0.5109021663665771
YDL122W,YDR074W,0,-0.508635,0.13902932405471802,0.8233532905578613,0.5110021829605103
YBR132C,YPR016C,0,-0.50866914,0.1390058994293213,0.8233532905578613,0.5111021995544434
YNL210W,YHR039C-B,0,-0.50890166,0.13898247480392456,0.8233532905578613,0.5112022161483765
YOR034C,YHR001W,1,-0.50903034,0.13912750780582428,0.8243513107299805,0.5112022161483765
YDR146C,YGL086W,0,-0.50903106,0.13910406827926636,0.8243513107299805,0.5113022327423096
YLR139C,YHR083W,0,-0.5092852,0.13908065855503082,0.8243513107299805,0.5114023089408875
YOR144C,YDR014W,0,-0.5094459,0.1390572339296341,0.8243513107299805,0.5115023255348206
YBR020W,YNL220W,0,-0.5094539,0.13903383910655975,0.8243513107299805,0.5116023421287537
YBR077C,YKL011C,0,-0.5101708,0.13901042938232422,0.8243513107299805,0.5117023587226868
YCL045C,YPL121C,0,-0.5102307,0.13898704946041107,0.8243513107299805,0.5118023753166199
YHR086W,YLR119W,0,-0.51044923,0.13896365463733673,0.8243513107299805,0.511902391910553
YDR483W,YOR202W,0,-0.5108774,0.13894028961658478,0.8243513107299805,0.5120024085044861
YLR043C,YPL218W,0,-0.51128006,0.13891692459583282,0.8243513107299805,0.5121024250984192
YDL181W,YGL257C,0,-0.51129234,0.13889355957508087,0.8243513107299805,0.5122024416923523
YHL004W,YBR241C,0,-0.5113121,0.1388702094554901,0.8243513107299805,0.5123024582862854
YGL210W,YHR161C,0,-0.51148254,0.13884685933589935,0.8243513107299805,0.5124024748802185
YPR032W,YBR299W,0,-0.5116302,0.1388235241174698,0.8243513107299805,0.5125024914741516
YBL022C,YHR064C,0,-0.51164556,0.13880020380020142,0.8243513107299805,0.5126025080680847
YAL033W,YNL092W,0,-0.51166606,0.13877688348293304,0.8243513107299805,0.5127025246620178
YNL078W,YBR290W,0,-0.51179713,0.13875356316566467,0.8243513107299805,0.5128025412559509
YPL026C,YBR050C,0,-0.5119111,0.1387302726507187,0.8243513107299805,0.512902557849884
YLR172C,YPL181W,0,-0.5123508,0.1387069672346115,0.8243513107299805,0.5130025744438171
YOR143C,YDR404C,0,-0.5123629,0.13868367671966553,0.8243513107299805,0.5131025910377502
YGR247W,YBL101W-B,0,-0.5124344,0.13866040110588074,0.8243513107299805,0.5132026672363281
YER035W,YKL097W-A,0,-0.5128291,0.13863712549209595,0.8243513107299805,0.5133026838302612
YJL062W-A,YPL151C,0,-0.51302665,0.13861386477947235,0.8243513107299805,0.5134027004241943
YJL200C,YHR069C,0,-0.5135279,0.13859060406684875,0.8243513107299805,0.5135027170181274
YJL080C,YPL134C,0,-0.51375633,0.13856735825538635,0.8243513107299805,0.5136027336120605
YER004W,YLR353W,0,-0.51387286,0.13854411244392395,0.8243513107299805,0.5137027502059937
YDR031W,YBL018C,0,-0.5140341,0.13852088153362274,0.8243513107299805,0.5138027667999268
YOR127W,YHR166C,0,-0.5140691,0.13849765062332153,0.8243513107299805,0.5139027833938599
YEL064C,YOR003W,0,-0.514287,0.13847443461418152,0.8243513107299805,0.514002799987793
YML085C,YEL003W,0,-0.51466405,0.1384512186050415,0.8243513107299805,0.5141028165817261
YCL057C-A,YHR134W,0,-0.51472443,0.13842801749706268,0.8243513107299805,0.5142028331756592
YBL112C,YDR017C,0,-0.5148923,0.13840483129024506,0.8243513107299805,0.5143028497695923
YNL314W,YBR019C,0,-0.5150116,0.13838164508342743,0.8243513107299805,0.5144028663635254
YHR109W,YMR163C,0,-0.5150893,0.1383584588766098,0.8243513107299805,0.5145028829574585
YKL117W,YGR001C,0,-0.51525116,0.13833528757095337,0.8243513107299805,0.5146028995513916
YNL032W,YLR342W,1,-0.5152543,0.1384795755147934,0.8253493309020996,0.5146028995513916
YKR035W-A,YGR194C,0,-0.5155232,0.13845638930797577,0.8253493309020996,0.5147029161453247
YOL148C,YPL032C,0,-0.51572216,0.13843321800231934,0.8253493309020996,0.5148029327392578
YPR138C,YBR044C,0,-0.5158369,0.1384100466966629,0.8253493309020996,0.5149030089378357
YDR255C,YBL076C,0,-0.5159561,0.13838687539100647,0.8253493309020996,0.5150030255317688
YIL020C,YDR050C,0,-0.5162123,0.13836373388767242,0.8253493309020996,0.5151030421257019
YDR364C,YJL170C,0,-0.5165069,0.13834057748317719,0.8253493309020996,0.515203058719635
YOR201C,YKL100C,0,-0.5166973,0.13831745088100433,0.8253493309020996,0.5153030753135681
YDR425W,YMR221C,0,-0.51681024,0.1382943093776703,0.8253493309020996,0.5154030919075012
YJL159W,YGL254W,0,-0.51737696,0.13827119767665863,0.8253493309020996,0.5155031085014343
YGL046W,YGR056W,0,-0.5174312,0.13824807107448578,0.8253493309020996,0.5156031250953674
YOR192C-B,YNL315C,0,-0.51765096,0.13822497427463531,0.8253493309020996,0.5157031416893005
YGL234W,YDL130W-A,0,-0.51838315,0.13820187747478485,0.8253493309020996,0.5158031582832336
YLL013C,YIL048W,0,-0.518653,0.1381787806749344,0.8253493309020996,0.5159031748771667
YML051W,YJR078W,0,-0.5186728,0.13815569877624512,0.8253493309020996,0.5160031914710999
YGL220W,YOL152W,0,-0.51876056,0.13813261687755585,0.8253493309020996,0.516103208065033
YCR020W-B,YGL206C,0,-0.5188274,0.13810954988002777,0.8253493309020996,0.5162032246589661
YPR163C,YNL238W,0,-0.51949096,0.1380864977836609,0.8253493309020996,0.5163032412528992
YPR019W,YEL063C,0,-0.5199188,0.138063445687294,0.8253493309020996,0.5164032578468323
YKL160W,YOR356W,0,-0.51992166,0.13804039359092712,0.8253493309020996,0.5165032744407654
YDR310C,YEL063C,0,-0.52009493,0.13801735639572144,0.8253493309020996,0.5166032910346985
YDR530C,YCL062W,0,-0.5206076,0.13799433410167694,0.8253493309020996,0.5167033672332764
YCL069W,YNR020C,0,-0.5209403,0.13797131180763245,0.8253493309020996,0.5168033838272095
YBL103C,YNR018W,0,-0.52114934,0.13794828951358795,0.8253493309020996,0.5169034004211426
YDL168W,YDR055W,0,-0.52146435,0.13792528212070465,0.8253493309020996,0.5170034170150757
YGL130W,YFL031W,0,-0.52152336,0.13790228962898254,0.8253493309020996,0.5171034336090088
YJL005W,YJR067C,0,-0.52179414,0.13787929713726044,0.8253493309020996,0.5172034502029419
YDR499W,YDR425W,0,-0.5221394,0.13785630464553833,0.8253493309020996,0.517303466796875
YER153C,YPR035W,0,-0.5223663,0.13783332705497742,0.8253493309020996,0.5174034833908081
YBR075W,YMR021C,0,-0.52253866,0.1378103643655777,0.8253493309020996,0.5175034999847412
YNL270C,YCR088W,0,-0.52261126,0.13778740167617798,0.8253493309020996,0.5176035165786743
YER113C,YAL024C,0,-0.52312285,0.13776445388793945,0.8253493309020996,0.5177035331726074
YJL213W,YNL095C,0,-0.5231311,0.13774150609970093,0.8253493309020996,0.5178035497665405
YGL227W,YEL059C-A,0,-0.52364826,0.1377185732126236,0.8253493309020996,0.5179035663604736
YDR044W,YLR103C,0,-0.5236818,0.13769564032554626,0.8253493309020996,0.5180035829544067
YDL200C,YDR288W,0,-0.5237722,0.13767272233963013,0.8253493309020996,0.5181035995483398
YOR237W,YBR059C,1,-0.5242049,0.13781625032424927,0.826347291469574,0.5181035995483398
YDR013W,YDR038C,0,-0.5247533,0.13779331743717194,0.826347291469574,0.518203616142273
YPR041W,YPL134C,0,-0.5252775,0.1377703845500946,0.826347291469574,0.518303632736206
YGR175C,YFL023W,0,-0.5256482,0.13774746656417847,0.826347291469574,0.5184037089347839
YML058W-A,YNL047C,0,-0.52581894,0.13772454857826233,0.826347291469574,0.518503725528717
YPL048W,YJR019C,0,-0.5258329,0.13770164549350739,0.826347291469574,0.5186037421226501
YER144C,YER172C,0,-0.52597785,0.13767874240875244,0.826347291469574,0.5187037587165833
YNL139C,YDR316W,0,-0.52606136,0.1376558542251587,0.826347291469574,0.5188037753105164
YDR451C,YGR252W,0,-0.5268542,0.13763298094272614,0.826347291469574,0.5189037919044495
YOR075W,YJL018W,0,-0.5271086,0.13761010766029358,0.826347291469574,0.5190038084983826
YPR005C,YDL143W,0,-0.5272059,0.13758723437786102,0.826347291469574,0.5191038250923157
YDR320C-A,YGR282C,0,-0.5274084,0.13756437599658966,0.826347291469574,0.5192038416862488
YNL323W,YBL102W,0,-0.52745426,0.1375415325164795,0.826347291469574,0.5193038582801819
YKL154W,YBR183W,0,-0.5274684,0.13751868903636932,0.826347291469574,0.519403874874115
YOR224C,YNL093W,0,-0.527831,0.13749584555625916,0.826347291469574,0.5195038914680481
YPR171W,YJL204C,1,-0.5278317,0.13763904571533203,0.8273453116416931,0.5195038914680481
YDR195W,YPL111W,0,-0.52838653,0.13761620223522186,0.8273453116416931,0.5196039080619812
YJL079C,YEL060C,0,-0.5283955,0.1375933587551117,0.8273453116416931,0.5197039246559143
YJL073W,YDL079C,0,-0.5284373,0.13757053017616272,0.8273453116416931,0.5198039412498474
YCR026C,YMR127C,0,-0.5286213,0.13754770159721375,0.8273453116416931,0.5199039578437805
YOL018C,YGL050W,0,-0.52884895,0.13752488791942596,0.8273453116416931,0.5200039744377136
YDL002C,YDL109C,0,-0.52886814,0.13750207424163818,0.8273453116416931,0.5201039910316467
YNR022C,YMR150C,0,-0.52930546,0.1374792754650116,0.8273453116416931,0.5202040672302246
YHR200W,YPL028W,0,-0.52952373,0.137456476688385,0.8273453116416931,0.5203040838241577
YBR031W,YJR143C,0,-0.52970076,0.13743369281291962,0.8273453116416931,0.5204041004180908
YPL155C,YOR216C,0,-0.5299858,0.13741090893745422,0.8273453116416931,0.5205041170120239
YGR109C,YEL017C-A,0,-0.5301167,0.13738813996315002,0.8273453116416931,0.520604133605957
YDR306C,YOR311C,0,-0.5302496,0.13736537098884583,0.8273453116416931,0.5207041501998901
YLR308W,YNR069C,0,-0.53066194,0.13734261691570282,0.8273453116416931,0.5208041667938232
YOR322C,YDL185W,0,-0.53107893,0.13731986284255981,0.8273453116416931,0.5209041833877563
YHR063C,YGR180C,0,-0.53148425,0.137297123670578,0.8273453116416931,0.5210041999816895
YNR057C,YLR157C,0,-0.5316263,0.1372743844985962,0.8273453116416931,0.5211042165756226
YNL225C,YBL061C,0,-0.5316455,0.13725166022777557,0.8273453116416931,0.5212042331695557
YBL005W-B,YLL003W,0,-0.53176296,0.13722893595695496,0.8273453116416931,0.5213042497634888
YPL256C,YLL055W,0,-0.5317762,0.13720622658729553,0.8273453116416931,0.5214042663574219
YMR316W,YLR337W,0,-0.53183013,0.1371835172176361,0.8273453116416931,0.521504282951355
YOR243C,YFR008W,0,-0.53237075,0.13716082274913788,0.8273453116416931,0.5216042995452881
YNL021W,YGL178W,0,-0.53276956,0.13713812828063965,0.8273453116416931,0.5217043161392212
YMR270C,YDR261C-C,0,-0.5328365,0.1371154487133026,0.8273453116416931,0.5218043327331543
YAL042W,YDR085C,0,-0.5328424,0.13709276914596558,0.8273453116416931,0.5219044089317322
YHR067W,YDR034C-D,0,-0.5329409,0.13707010447978973,0.8273453116416931,0.5220044255256653
YJR077C,YNR056C,0,-0.5332255,0.1370474398136139,0.8273453116416931,0.5221044421195984
YNL154C,YDL231C,1,-0.5334367,0.1371900886297226,0.8283433318138123,0.5221044421195984
YLR342W,YMR278W,0,-0.5336409,0.13716740906238556,0.8283433318138123,0.5222044587135315
YDR512C,YDR451C,0,-0.5337633,0.13714474439620972,0.8283433318138123,0.5223044753074646
YGL060W,YJL024C,0,-0.5339552,0.13712209463119507,0.8283433318138123,0.5224044919013977
YJR055W,YLR208W,0,-0.5341596,0.13709944486618042,0.8283433318138123,0.5225045084953308
YPL042C,YDR059C,0,-0.5343293,0.13707679510116577,0.8283433318138123,0.5226045250892639
YLR421C,YHR072W-A,0,-0.5345049,0.13705416023731232,0.8283433318138123,0.522704541683197
YEL042W,YPL099C,0,-0.5345347,0.13703154027462006,0.8283433318138123,0.5228045582771301
YBL045C,YMR152W,0,-0.53486395,0.1370089203119278,0.8283433318138123,0.5229045748710632
YAR019C,YPL269W,0,-0.53495896,0.13698630034923553,0.8283433318138123,0.5230045914649963
YLR134W,YFL062W,0,-0.5349708,0.13696369528770447,0.8283433318138123,0.5231046080589294
YPL104W,YAL010C,0,-0.53549856,0.1369411051273346,0.8283433318138123,0.5232046246528625
YGL017W,YDR044W,0,-0.5356352,0.13691851496696472,0.8283433318138123,0.5233046412467957
YER173W,YPR009W,0,-0.53578734,0.13689592480659485,0.8283433318138123,0.5234046578407288
YCL057C-A,YBL010C,0,-0.5358168,0.13687334954738617,0.8283433318138123,0.5235046744346619
YJL158C,YKL199C,0,-0.5359178,0.13685078918933868,0.8283433318138123,0.5236047506332397
YJL005W,YKL183W,0,-0.535933,0.1368282288312912,0.8283433318138123,0.5237047672271729
YER125W,YML052W,1,-0.5359435,0.13697049021720886,0.8293412923812866,0.5237047672271729
YOR354C,YGR241C,0,-0.5361021,0.13694792985916138,0.8293412923812866,0.523804783821106
YLR210W,YOR388C,0,-0.5362851,0.1369253545999527,0.8293412923812866,0.5239048004150391
YOR210W,YPL162C,0,-0.5362852,0.1369027942419052,0.8293412923812866,0.5240048170089722
YGR274C,YJR101W,0,-0.5363368,0.13688024878501892,0.8293412923812866,0.5241048336029053
YEL037C,YMR080C,0,-0.53687924,0.13685770332813263,0.8293412923812866,0.5242048501968384
YOR181W,YGR241C,1,-0.53704154,0.13699983060359955,0.8303393125534058,0.5242048501968384
YLR157C,YHR013C,0,-0.5373601,0.13697728514671326,0.8303393125534058,0.5243048667907715
YGR087C,YNR043W,0,-0.5377026,0.13695473968982697,0.8303393125534058,0.5244048833847046
YBL055C,YGL255W,0,-0.5377962,0.13693219423294067,0.8303393125534058,0.5245048999786377
YBR068C,YKL200C,0,-0.5379601,0.13690966367721558,0.8303393125534058,0.5246049165725708
YGL134W,YHR099W,0,-0.5382105,0.13688713312149048,0.8303393125534058,0.5247049331665039
YIR025W,YDR261C-C,0,-0.5382151,0.13686461746692657,0.8303393125534058,0.524804949760437
YDR365W-B,YDL245C,0,-0.53860146,0.13684210181236267,0.8303393125534058,0.5249049663543701
YMR323W,YAL034W-A,0,-0.5386301,0.13681960105895996,0.8303393125534058,0.5250049829483032
YBR079C,YJL090C,0,-0.5386763,0.13679710030555725,0.8303393125534058,0.5251049995422363
YMR241W,YDR330W,0,-0.53915393,0.13677461445331573,0.8303393125534058,0.5252050161361694
YLR158C,YAL043C,0,-0.5392295,0.1367521435022354,0.8303393125534058,0.5253050327301025
YDR059C,YML045W-A,0,-0.53930795,0.1367296576499939,0.8303393125534058,0.5254051089286804
YOR089C,YCL011C,0,-0.5394192,0.13670720160007477,0.8303393125534058,0.5255051255226135
YPL024W,YPR049C,0,-0.53957736,0.13668473064899445,0.8303393125534058,0.5256051421165466
YOL058W,YCL066W,0,-0.5401921,0.1366622895002365,0.8303393125534058,0.5257051587104797
YCR047C,YFL029C,0,-0.54034287,0.13663984835147858,0.8303393125534058,0.5258051753044128
YKL137W,YNL128W,0,-0.54056054,0.13661740720272064,0.8303393125534058,0.525905191898346
YLR337W,YKR003W,1,-0.5408122,0.13675914704799652,0.8313373327255249,0.525905191898346
YCR037C,YDR419W,0,-0.5409522,0.1367367058992386,0.8313373327255249,0.526005208492279
YNR010W,YML040W,0,-0.54109347,0.13671426475048065,0.8313373327255249,0.5261052250862122
YLR134W,YNL035C,0,-0.5411182,0.13669182360172272,0.8313373327255249,0.5262052416801453
YCL024W,YFR008W,0,-0.54152954,0.13666939735412598,0.8313373327255249,0.5263052582740784
YMR112C,YDR420W,0,-0.5418911,0.13664698600769043,0.8313373327255249,0.5264052748680115
YMR060C,YPL131W,0,-0.54215693,0.13662457466125488,0.8313373327255249,0.5265052914619446
YLR056W,YCL034W,1,-0.54260314,0.13676615059375763,0.832335352897644,0.5265052914619446
YPR149W,YGL208W,0,-0.5427536,0.1367437243461609,0.832335352897644,0.5266053080558777
YJR064W,YMR113W,0,-0.5428429,0.13672131299972534,0.832335352897644,0.5267053246498108
YGL256W,YNR060W,0,-0.543217,0.1366989016532898,0.832335352897644,0.5268053412437439
YPL143W,YER098W,0,-0.5432837,0.13667650520801544,0.832335352897644,0.526905357837677
YLR342W,YCR094W,1,-0.5433333,0.13681796193122864,0.8333333134651184,0.526905357837677
YGR158C,YPL152W,0,-0.5433446,0.1367955505847931,0.8333333134651184,0.5270053744316101
YNR056C,YDL111C,0,-0.543375,0.13677313923835754,0.8333333134651184,0.527105450630188
YMR134W,YFL016C,0,-0.54369056,0.1367507427930832,0.8333333134651184,0.5272054672241211
YHR153C,YER095W,0,-0.54372925,0.13672834634780884,0.8333333134651184,0.5273054838180542
YCR028C,YLR038C,0,-0.5437738,0.13670596480369568,0.8333333134651184,0.5274055004119873
YLR024C,YNR057C,0,-0.54406136,0.13668358325958252,0.8333333134651184,0.5275055170059204
YDL024C,YGR166W,0,-0.54410297,0.13666121661663055,0.8333333134651184,0.5276055335998535
YLR086W,YGL014W,0,-0.5443516,0.1366388499736786,0.8333333134651184,0.5277055501937866
YDR365W-B,YGL223C,0,-0.544441,0.13661649823188782,0.8333333134651184,0.5278055667877197
YKL137W,YJR093C,0,-0.5446764,0.13659414649009705,0.8333333134651184,0.5279055833816528
YDR362C,YPL132W,0,-0.54504025,0.13657180964946747,0.8333333134651184,0.5280055999755859
YML033W,YJL014W,0,-0.545128,0.1365494728088379,0.8333333134651184,0.528105616569519
YMR285C,YHR013C,0,-0.54521805,0.1365271359682083,0.8333333134651184,0.5282056331634521
YCL026C-B,YMR298W,0,-0.5456348,0.13650482892990112,0.8333333134651184,0.5283056497573853
YGL175C,YML073C,0,-0.54582053,0.13648250699043274,0.8333333134651184,0.5284056663513184
YBR251W,YIR005W,0,-0.5461926,0.13646019995212555,0.8333333134651184,0.5285056829452515
YPR121W,YNL213C,0,-0.54632497,0.13643790781497955,0.8333333134651184,0.5286056995391846
YEL064C,YJR135W-A,0,-0.54637504,0.13641561567783356,0.8333333134651184,0.5287057161331177
YDR205W,YML006C,0,-0.5465538,0.13639333844184875,0.8333333134651184,0.5288057327270508
YIL016W,YLR391W,0,-0.5469676,0.13637106120586395,0.8333333134651184,0.5289058089256287
YDL200C,YLR453C,0,-0.54703605,0.13634879887104034,0.8333333134651184,0.5290058255195618
YER042W,YNL297C,0,-0.54703677,0.13632653653621674,0.8333333134651184,0.5291058421134949
YJR058C,YGR159C,0,-0.54737294,0.13630427420139313,0.8333333134651184,0.529205858707428
YBL054W,YMR071C,0,-0.5473916,0.1362820267677307,0.8333333134651184,0.5293058753013611
YGR179C,YDR198C,0,-0.5477397,0.1362597942352295,0.8333333134651184,0.5294058918952942
YKR097W,YDL066W,0,-0.54775846,0.13623756170272827,0.8333333134651184,0.5295059084892273
YML033W,YKL180W,0,-0.5478598,0.13621532917022705,0.8333333134651184,0.5296059250831604
YPL139C,YLR016C,0,-0.5478743,0.13619311153888702,0.8333333134651184,0.5297059416770935
YDR210C-C,YDL206W,0,-0.5479643,0.1361709088087082,0.8333333134651184,0.5298059582710266
YDR026C,YGL224C,0,-0.54805475,0.13614870607852936,0.8333333134651184,0.5299059748649597
YAL022C,YKR087C,0,-0.5481652,0.13612650334835052,0.8333333134651184,0.5300059914588928
YGR061C,YMR097C,0,-0.5482134,0.13610431551933289,0.8333333134651184,0.5301060080528259
YHR028C,YLR204W,0,-0.5484834,0.13608214259147644,0.8333333134651184,0.530206024646759
YDL103C,YIL047C,0,-0.54853415,0.13605996966362,0.8333333134651184,0.5303060412406921
YOR287C,YDR032C,0,-0.5488649,0.13603779673576355,0.8333333134651184,0.5304060578346252
YOR188W,YDR432W,0,-0.54901314,0.1360156387090683,0.8333333134651184,0.5305060744285583
YBR088C,YDL005C,0,-0.5491853,0.13599348068237305,0.8333333134651184,0.5306061506271362
YNL152W,YPL147W,0,-0.5492177,0.135971337556839,0.8333333134651184,0.5307061672210693
YFR055W,YJR006W,0,-0.5492799,0.13594920933246613,0.8333333134651184,0.5308061838150024
YOR035C,YHL022C,0,-0.5493014,0.13592706620693207,0.8333333134651184,0.5309062004089355
YHR082C,YLR100W,0,-0.5495012,0.1359049528837204,0.8333333134651184,0.5310062170028687
YER184C,YCR017C,0,-0.549503,0.13588282465934753,0.8333333134651184,0.5311062335968018
YFR036W,YBR021W,0,-0.5495253,0.13586072623729706,0.8333333134651184,0.5312062501907349
YKL160W,YEL002C,0,-0.5496563,0.13583862781524658,0.8333333134651184,0.531306266784668
YPR048W,YMR159C,0,-0.54991555,0.1358165293931961,0.8333333134651184,0.5314062833786011
YNL259C,YJL206C,0,-0.55000037,0.13579443097114563,0.8333333134651184,0.5315062999725342
YKL073W,YOR077W,0,-0.5500541,0.13577236235141754,0.8333333134651184,0.5316063165664673
YOL108C,YDR432W,0,-0.5506421,0.13575027883052826,0.8333333134651184,0.5317063331604004
YMR154C,YOL148C,0,-0.5506439,0.13572822511196136,0.8333333134651184,0.5318063497543335
YLR336C,YLR144C,0,-0.55078256,0.13570615649223328,0.8333333134651184,0.5319063663482666
YOR232W,YDR266C,0,-0.5509935,0.13568410277366638,0.8333333134651184,0.5320063829421997
YLR135W,YLR285W,0,-0.5510292,0.13566206395626068,0.8333333134651184,0.5321063995361328
YDL066W,YAL024C,0,-0.55112123,0.13564002513885498,0.8333333134651184,0.5322064161300659
YLR043C,YER086W,0,-0.5513539,0.13561800122261047,0.8333333134651184,0.532306432723999
YPR033C,YCL030C,0,-0.55139,0.13559597730636597,0.8333333134651184,0.5324065089225769
YOR327C,YDR093W,1,-0.55139035,0.13573631644248962,0.8343313336372375,0.5324065089225769
YDR146C,YNL331C,0,-0.5514492,0.13571429252624512,0.8343313336372375,0.53250652551651
YPL024W,YDL188C,0,-0.5517349,0.13569225370883942,0.8343313336372375,0.5326065421104431
YJL170C,YGL145W,0,-0.5518033,0.1356702297925949,0.8343313336372375,0.5327065587043762
YGL187C,YCR102C,0,-0.5518628,0.1356482207775116,0.8343313336372375,0.5328065752983093
YDR494W,YMR213W,0,-0.5519849,0.13562621176242828,0.8343313336372375,0.5329065918922424
YBR118W,YOR054C,0,-0.55229867,0.13560421764850616,0.8343313336372375,0.5330066084861755
YPR026W,YDR481C,0,-0.55238616,0.13558222353458405,0.8343313336372375,0.5331066250801086
YGL121C,YGL137W,0,-0.55248016,0.13556024432182312,0.8343313336372375,0.5332066416740417
YDL043C,YAR050W,0,-0.5527152,0.1355382651090622,0.8343313336372375,0.5333066582679749
YDR079C-A,YOR069W,0,-0.55308145,0.13551628589630127,0.8343313336372375,0.533406674861908
YDR044W,YPR137W,0,-0.55310035,0.13549432158470154,0.8343313336372375,0.5335066914558411
YCL020W,YKL198C,0,-0.55313444,0.135472372174263,0.8343313336372375,0.5336067080497742
YDR499W,YDL148C,0,-0.55324435,0.13545042276382446,0.8343313336372375,0.5337067246437073
YPL149W,YDR151C,0,-0.5538144,0.13542847335338593,0.8343313336372375,0.5338067412376404
YDR352W,YNL191W,0,-0.55399466,0.13540653884410858,0.8343313336372375,0.5339067578315735
YPL059W,YIL082W-A,0,-0.5541536,0.13538461923599243,0.8343313336372375,0.5340067744255066
YDR016C,YDR065W,0,-0.5542327,0.13536269962787628,0.8343313336372375,0.5341068506240845
YNL119W,YCR067C,0,-0.554432,0.13534078001976013,0.8343313336372375,0.5342068672180176
YBL103C,YPL212C,0,-0.5545752,0.13531887531280518,0.8343313336372375,0.5343068838119507
YAR015W,YPL078C,0,-0.55478185,0.13529697060585022,0.8343313336372375,0.5344069004058838
YIL094C,YOL019W,0,-0.5549023,0.13527508080005646,0.8343313336372375,0.5345069169998169
YER014C-A,YMR171C,0,-0.55507946,0.1352531909942627,0.8343313336372375,0.53460693359375
YDR339C,YGR263C,0,-0.55513924,0.13523131608963013,0.8343313336372375,0.5347069501876831
YJL125C,YOR256C,0,-0.5551541,0.13520944118499756,0.8343313336372375,0.5348069667816162
YPL228W,YLR452C,0,-0.5552205,0.13518758118152618,0.8343313336372375,0.5349069833755493
YNR035C,YBL047C,1,-0.5552256,0.13532739877700806,0.8353293538093567,0.5349069833755493
YKR013W,YGR027W-A,0,-0.55543137,0.1353055238723755,0.8353293538093567,0.5350069999694824
YHR141C,YDR342C,0,-0.55559045,0.1352836638689041,0.8353293538093567,0.5351070165634155
YNL227C,YOR109W,1,-0.5559081,0.13542340695858002,0.8363273739814758,0.5351070165634155
YDR093W,YAL033W,0,-0.55594105,0.13540151715278625,0.8363273739814758,0.5352070331573486
YML095C,YIR025W,0,-0.5560746,0.1353796422481537,0.8363273739814758,0.5353070497512817
YNR075W,YPL281C,0,-0.55625516,0.1353577822446823,0.8363273739814758,0.5354070663452148
YOR073W,YDR196C,0,-0.55680186,0.13533592224121094,0.8363273739814758,0.535507082939148
YDR454C,YLR207W,0,-0.5569222,0.13531406223773956,0.8363273739814758,0.535607099533081
YKR068C,YDR210C-C,0,-0.5570903,0.13529221713542938,0.8363273739814758,0.5357071161270142
YGR272C,YJL187C,0,-0.557848,0.1352703720331192,0.8363273739814758,0.5358071327209473
YPR182W,YEL002C,0,-0.55805635,0.13524854183197021,0.8363273739814758,0.5359072089195251
YPR160W,YKR094C,0,-0.5583749,0.13522672653198242,0.8363273739814758,0.5360072255134583
YKL046C,YER070W,0,-0.5588779,0.13520491123199463,0.8363273739814758,0.5361072421073914
YFL047W,YER074W-A,0,-0.5589205,0.13518309593200684,0.8363273739814758,0.5362072587013245
YDR313C,YOL125W,0,-0.55897987,0.13516129553318024,0.8363273739814758,0.5363072752952576
YBR278W,YGL225W,0,-0.55947894,0.13513949513435364,0.8363273739814758,0.5364072918891907
YNL122C,YNL271C,0,-0.5596116,0.13511770963668823,0.8363273739814758,0.5365073084831238
YJL111W,YGR027W-B,0,-0.55976486,0.13509592413902283,0.8363273739814758,0.5366073250770569
YKL024C,YPR043W,0,-0.5601652,0.13507413864135742,0.8363273739814758,0.53670734167099
YDR541C,YCL030C,0,-0.56034064,0.1350523829460144,0.8363273739814758,0.5368073582649231
YLR378C,YCL003W,0,-0.56064665,0.1350306123495102,0.8363273739814758,0.5369073748588562
YMR285C,YKL182W,0,-0.56089103,0.13500885665416718,0.8363273739814758,0.5370073914527893
YER074W-A,YEL009C,0,-0.5611537,0.13498711585998535,0.8363273739814758,0.5371074080467224
YGR070W,YOR120W,0,-0.56126493,0.13496537506580353,0.8363273739814758,0.5372074246406555
YNL152W,YDL232W,0,-0.56127113,0.1349436342716217,0.8363273739814758,0.5373074412345886
YLR396C,YDR494W,0,-0.561427,0.13492190837860107,0.8363273739814758,0.5374074578285217
YNL259C,YCR012W,0,-0.5616572,0.13490019738674164,0.8363273739814758,0.5375074744224548
YPL129W,YGL046W,0,-0.5618021,0.1348784863948822,0.8363273739814758,0.5376075506210327
YBL093C,YOR033C,0,-0.56198215,0.13485677540302277,0.8363273739814758,0.5377075672149658
YDR034C-C,YNL279W,0,-0.56240106,0.13483507931232452,0.8363273739814758,0.5378075838088989
YDR072C,YLR344W,0,-0.56244534,0.13481338322162628,0.8363273739814758,0.537907600402832
YGL136C,YDR065W,0,-0.5631,0.13479170203208923,0.8363273739814758,0.5380076169967651
YOR378W,YMR214W,0,-0.56311405,0.13477002084255219,0.8363273739814758,0.5381076335906982
YOR088W,YLR278C,0,-0.5631682,0.13474835455417633,0.8363273739814758,0.5382076501846313
YNL302C,YPL002C,0,-0.56327343,0.13472668826580048,0.8363273739814758,0.5383076667785645
YOR311C,YJR059W,0,-0.56350255,0.13470503687858582,0.8363273739814758,0.5384076833724976
YOR150W,YLR431C,0,-0.56371015,0.13468338549137115,0.8363273739814758,0.5385076999664307
YLR056W,YPR165W,1,-0.5637515,0.13482242822647095,0.8373253345489502,0.5385076999664307
YIR018W,YMR058W,0,-0.5638528,0.1348007768392563,0.8373253345489502,0.5386077165603638
YPL086C,YFL047W,0,-0.5640682,0.13477911055088043,0.8373253345489502,0.5387077331542969
YNL292W,YGR172C,0,-0.564143,0.13475747406482697,0.8373253345489502,0.53880774974823
YOR003W,YHR026W,0,-0.56417674,0.1347358226776123,0.8373253345489502,0.5389077663421631
YNL079C,YMR104C,0,-0.5642061,0.13471420109272003,0.8373253345489502,0.5390077829360962
YOR126C,YJL206C,0,-0.5642851,0.13469256460666656,0.8373253345489502,0.5391077995300293
YFR006W,YMR065W,0,-0.5644453,0.1346709430217743,0.8373253345489502,0.5392078161239624
YOR377W,YBR012W-A,0,-0.56459343,0.1346493363380432,0.8373253345489502,0.5393078327178955
YNL270C,YBL005W-B,0,-0.5646868,0.13462772965431213,0.8373253345489502,0.5394079089164734
YKR003W,YOR181W,1,-0.5646942,0.1347665637731552,0.8383233547210693,0.5394079089164734
YGR206W,YBR058C-A,0,-0.56521755,0.13474494218826294,0.8383233547210693,0.5395079255104065
YCR070W,YDL095W,0,-0.56534994,0.13472333550453186,0.8383233547210693,0.5396079421043396
YMR142C,YKL001C,0,-0.56536937,0.13470172882080078,0.8383233547210693,0.5397079586982727
YPR124W,YDL099W,0,-0.56543595,0.1346801370382309,0.8383233547210693,0.5398079752922058
YDL059C,YEL016C,0,-0.56560063,0.134658545255661,0.8383233547210693,0.5399079918861389
YER001W,YOL158C,0,-0.56601566,0.13463696837425232,0.8383233547210693,0.540008008480072
YGL071W,YKL097W-A,0,-0.56644756,0.13461539149284363,0.8383233547210693,0.5401080250740051
YPL189C-A,YDR530C,0,-0.56644756,0.13459381461143494,0.8383233547210693,0.5402080416679382
YOR037W,YHR214W-G,0,-0.56644756,0.13457225263118744,0.8383233547210693,0.5403080582618713
YDR524C-B,YBR096W,0,-0.56644756,0.13455069065093994,0.8383233547210693,0.5404080748558044
YNL138W-A,YBL099W,0,-0.56644756,0.13452914357185364,0.8383233547210693,0.5405080914497375
YPR004C,YJL012C-A,0,-0.56644756,0.13450761139392853,0.8383233547210693,0.5406081080436707
YMR268W-A,YDR385W,0,-0.56644756,0.13448606431484222,0.8383233547210693,0.5407081246376038
YKL018W,YLR312C-B,0,-0.56644756,0.1344645470380783,0.8383233547210693,0.5408081412315369
YHL019C,YCL027C-A,0,-0.56644756,0.1344430148601532,0.8383233547210693,0.54090815782547
YMR036C,YDL038C,0,-0.56644756,0.13442151248455048,0.8383233547210693,0.5410081744194031
YER185W,YHR214W-G,0,-0.56644756,0.13439999520778656,0.8383233547210693,0.541108250617981
YBL088C,YPL096C-A,0,-0.56644756,0.13437849283218384,0.8383233547210693,0.5412082672119141
YLL009C,YJL012C-A,0,-0.56644756,0.1343570053577423,0.8383233547210693,0.5413082838058472
YAR044W,YBL047C,1,-0.56644756,0.13449543714523315,0.8393213748931885,0.5413082838058472
YGL029W,YDR210W-D,0,-0.56644756,0.13447393476963043,0.8393213748931885,0.5414083003997803
YOR396W,YER074W-A,0,-0.56644756,0.1344524323940277,0.8393213748931885,0.5415083169937134
YDR322C-A,YCR055C,0,-0.56644756,0.13443094491958618,0.8393213748931885,0.5416083335876465
YLR391W-A,YNL077W,0,-0.56644756,0.13440945744514465,0.8393213748931885,0.5417083501815796
YMR268W-A,YBR283C,0,-0.56644756,0.13438798487186432,0.8393213748931885,0.5418083667755127
YIR010W,YGR031C-A,0,-0.56644756,0.13436651229858398,0.8393213748931885,0.5419083833694458
YBL008W-A,YBR203W,0,-0.56644756,0.13434505462646484,0.8393213748931885,0.5420083999633789
YDR320C-A,YIL017W,0,-0.56644756,0.1343235969543457,0.8393213748931885,0.542108416557312
YAR070W-A,YJL121C,0,-0.56644756,0.13430213928222656,0.8393213748931885,0.5422084331512451
YDR524C-B,YER021W,0,-0.56644756,0.13428069651126862,0.8393213748931885,0.5423084497451782
YDR014W-A,YHL044W,0,-0.56644756,0.13425925374031067,0.8393213748931885,0.5424084663391113
YHR206W,YCL048W-A,0,-0.56644756,0.13423782587051392,0.8393213748931885,0.5425084829330444
YKR099C-A,YIL136W,0,-0.56644756,0.13421641290187836,0.8393213748931885,0.5426084995269775
YHR214W-G,YDR180W,0,-0.56644756,0.1341949850320816,0.8393213748931885,0.5427085161209106
YMR268W-A,YDR531W,0,-0.56644756,0.13417358696460724,0.8393213748931885,0.5428085327148438
YOL053C-A,YNL084C,0,-0.56644756,0.13415217399597168,0.8393213748931885,0.5429086089134216
YNL138W-A,YMR224C,0,-0.56644756,0.13413077592849731,0.8393213748931885,0.5430086255073547
YHR214W-G,YOR215C,0,-0.56644756,0.13410939276218414,0.8393213748931885,0.5431086421012878
YKR099C-A,YNR063W,0,-0.56644756,0.13408800959587097,0.8393213748931885,0.543208658695221
YGL258W-A,YBR058C-A,0,-0.56644756,0.134066641330719,0.8393213748931885,0.543308675289154
YGR031C-A,YPL186C,0,-0.56644756,0.13404527306556702,0.8393213748931885,0.5434086918830872
YGR031C-A,YDR054C,0,-0.56644756,0.13402390480041504,0.8393213748931885,0.5435087084770203
YAR070W-A,YNL212W,0,-0.56644756,0.13400255143642426,0.8393213748931885,0.5436087250709534
YOL053C-A,YDR356W,0,-0.56644756,0.13398119807243347,0.8393213748931885,0.5437087416648865
YDR247W,YLR337W,0,-0.56644756,0.13395985960960388,0.8393213748931885,0.5438087582588196
YMR058W,YJL012C-A,0,-0.56644756,0.1339385211467743,0.8393213748931885,0.5439087748527527
YNL024C-A,YHR174W,0,-0.56644756,0.1339171975851059,0.8393213748931885,0.5440087914466858
YGL258W-A,YER171W,0,-0.56644756,0.1338958740234375,0.8393213748931885,0.5441088080406189
YML045W-A,YDR210W-D,0,-0.56644756,0.1338745653629303,0.8393213748931885,0.544208824634552
YPL189C-A,YLR166C,0,-0.56644756,0.1338532567024231,0.8393213748931885,0.5443088412284851
YDR205W,YLR312C-B,0,-0.56644756,0.1338319480419159,0.8393213748931885,0.5444088578224182
YBL101W-B,YPL093W,0,-0.56644756,0.13381065428256989,0.8393213748931885,0.5445088744163513
YOL090W,YLR312C-B,0,-0.56644756,0.13378937542438507,0.8393213748931885,0.5446089506149292
YPL096C-A,YDR138W,0,-0.56644756,0.13376809656620026,0.8393213748931885,0.5447089672088623
YPR201W,YBL008W-A,0,-0.56644756,0.13374681770801544,0.8393213748931885,0.5448089838027954
YLR040C,YLR391W-A,0,-0.56644756,0.13372555375099182,0.8393213748931885,0.5449090003967285
YDR014W-A,YGR215W,0,-0.56644756,0.1337042897939682,0.8393213748931885,0.5450090169906616
YNL138W-A,YMR218C,0,-0.56644756,0.13368304073810577,0.8393213748931885,0.5451090335845947
YHR214W-G,YNL217W,0,-0.56644756,0.13366179168224335,0.8393213748931885,0.5452090501785278
YMR098C,YCL027C-A,0,-0.56644756,0.13364055752754211,0.8393213748931885,0.5453090667724609
YDR524C-B,YNR013C,0,-0.56644756,0.13361932337284088,0.8393213748931885,0.545409083366394
YMR268W-A,YHR046C,0,-0.56644756,0.13359808921813965,0.8393213748931885,0.5455090999603271
YHR066W,YPL096C-A,0,-0.56644756,0.1335768699645996,0.8393213748931885,0.5456091165542603
YGL122C,YPL189C-A,0,-0.56644756,0.13355566561222076,0.8393213748931885,0.5457091331481934
YGR029W,YGL210W-A,0,-0.56644756,0.13353446125984192,0.8393213748931885,0.5458091497421265
YNR031C,YKR099C-A,0,-0.56644756,0.13351325690746307,0.8393213748931885,0.5459091663360596
YOL053C-A,YER075C,0,-0.56644756,0.13349206745624542,0.8393213748931885,0.5460091829299927
YBR075W,YNL071W,0,-0.56644756,0.13347087800502777,0.8393213748931885,0.5461091995239258
YPL189C-A,YDR255C,0,-0.56644756,0.1334497034549713,0.8393213748931885,0.5462092161178589
YBR075W,YPL147W,0,-0.56644756,0.13342852890491486,0.8393213748931885,0.546309232711792
YMR070W,YDR210W-D,0,-0.56644756,0.1334073543548584,0.8393213748931885,0.5464093089103699
YMR268W-A,YML045W-A,0,-0.56644756,0.13338619470596313,0.8393213748931885,0.546509325504303
YKR099C-A,YHL027W,0,-0.56644756,0.13336504995822906,0.8393213748931885,0.5466093420982361
YAR044W,YGR027W-A,0,-0.56644756,0.133343905210495,0.8393213748931885,0.5467093586921692
YOR142W-A,YKL200C,0,-0.56644756,0.13332276046276093,0.8393213748931885,0.5468093752861023
YPL189C-A,YDR358W,0,-0.56644756,0.13330163061618805,0.8393213748931885,0.5469093918800354
YBL008W-A,YOL019W,0,-0.56644756,0.13328050076961517,0.8393213748931885,0.5470094084739685
YKL158W,YPL047W,0,-0.56644756,0.1332593858242035,0.8393213748931885,0.5471094250679016
YLR154W-A,YJL210W,0,-0.56644756,0.1332382708787918,0.8393213748931885,0.5472094416618347
YAR070W-A,YAL053W,0,-0.56644756,0.13321717083454132,0.8393213748931885,0.5473094582557678
YGR031C-A,YHR115C,0,-0.56644756,0.13319607079029083,0.8393213748931885,0.5474094748497009
YDR524C-B,YMR036C,0,-0.56644756,0.13317498564720154,0.8393213748931885,0.547509491443634
YAR044W,YDL231C,1,-0.56644756,0.13331222534179688,0.8403193354606628,0.547509491443634
YPL189C-A,YOR155C,0,-0.56644756,0.1332911252975464,0.8403193354606628,0.5476095080375671
YMR268W-A,YDR324C,0,-0.56644756,0.1332700252532959,0.8403193354606628,0.5477095246315002
YOL053C-A,YCR053W,0,-0.56644756,0.1332489252090454,0.8403193354606628,0.5478095412254333
YHR074W,YLR312C-B,0,-0.56644756,0.1332278549671173,0.8403193354606628,0.5479095578193665
YHR021C,YHR214W-G,0,-0.56644756,0.13320676982402802,0.8403193354606628,0.5480095744132996
YOR353C,YJL012C-A,0,-0.56644756,0.13318569958209991,0.8403193354606628,0.5481096506118774
YLR336C,YDR014W-A,0,-0.56644756,0.133164644241333,0.8403193354606628,0.5482096672058105
YOL053C-A,YJR034W,0,-0.56644756,0.1331435739994049,0.8403193354606628,0.5483096837997437
YDR421W,YDL038C,0,-0.56644756,0.1331225335597992,0.8403193354606628,0.5484097003936768
YPL096C-A,YGR144W,0,-0.56644756,0.13310149312019348,0.8403193354606628,0.5485097169876099
YJL012C-A,YOR092W,0,-0.56644756,0.13308045268058777,0.8403193354606628,0.548609733581543
YDR014W-A,YGR081C,0,-0.56644756,0.13305941224098206,0.8403193354606628,0.5487097501754761
YLR009W,YLR154W-A,0,-0.56644756,0.13303840160369873,0.8403193354606628,0.5488097667694092
YOR323C,YDR014W-A,0,-0.56644756,0.1330173760652542,0.8403193354606628,0.5489097833633423
YMR268W-A,YER058W,0,-0.56644756,0.1329963654279709,0.8403193354606628,0.5490097999572754
YCR070W,YOR124C,0,-0.56644756,0.13297536969184875,0.8403193354606628,0.5491098165512085
YIL093C,YCL048W-A,0,-0.56644756,0.13295435905456543,0.8403193354606628,0.5492098331451416
YOR396W,YDL082W,0,-0.56644756,0.1329333782196045,0.8403193354606628,0.5493098497390747
YOR192C-B,YMR122W-A,0,-0.56644756,0.13291239738464355,0.8403193354606628,0.5494098663330078
YLR391W-A,YDR069C,0,-0.56644756,0.13289141654968262,0.8403193354606628,0.5495098829269409
YHR214W-G,YCR067C,0,-0.56644756,0.13287045061588287,0.8403193354606628,0.549609899520874
YDR524C-B,YGL227W,0,-0.56644756,0.13284948468208313,0.8403193354606628,0.5497099161148071
YDR378C,YNL024C-A,0,-0.56644756,0.1328285187482834,0.8403193354606628,0.5498099327087402
YLR310C,YNL024C-A,0,-0.56644756,0.13280756771564484,0.8403193354606628,0.5499100089073181
YEL017C-A,YOR240W,0,-0.56644756,0.13278663158416748,0.8403193354606628,0.5500100255012512
YPL189C-A,YLR309C,0,-0.56644756,0.13276569545269012,0.8403193354606628,0.5501100420951843
YBL101W-B,YFL017W-A,0,-0.56644756,0.13274475932121277,0.8403193354606628,0.5502100586891174
YLR337W,YGL206C,1,-0.56644756,0.13288146257400513,0.841317355632782,0.5502100586891174
YNL138W-A,YGL136C,0,-0.56644756,0.13286052644252777,0.841317355632782,0.5503100752830505
YMR087W,YLR312C-B,0,-0.56644756,0.13283959031105042,0.841317355632782,0.5504100918769836
YAR070W-A,YLL011W,0,-0.56644756,0.13281865417957306,0.841317355632782,0.5505101084709167
YOR396W,YPL002C,0,-0.56644756,0.1327977329492569,0.841317355632782,0.5506101250648499
YHR045W,YOR343C-B,0,-0.56644756,0.13277681171894073,0.841317355632782,0.550710141658783
YML014W,YCL027C-A,0,-0.56644756,0.13275590538978577,0.841317355632782,0.5508101582527161
YAR070W-A,YBR033W,0,-0.56644756,0.1327349990606308,0.841317355632782,0.5509101748466492
YGL258W-A,YAL061W,0,-0.56644756,0.13271410763263702,0.841317355632782,0.5510101914405823
YLR391W-A,YCR079W,0,-0.56644756,0.13269321620464325,0.841317355632782,0.5511102080345154
YGL258W-A,YJL130C,0,-0.56644756,0.13267233967781067,0.841317355632782,0.5512102246284485
YDR524C-B,YGR189C,0,-0.56644756,0.1326514482498169,0.841317355632782,0.5513102412223816
YHL047C,YCL048W-A,0,-0.56644756,0.1326305866241455,0.841317355632782,0.5514102578163147
YNL138W-A,YMR186W,0,-0.56644756,0.13260972499847412,0.841317355632782,0.5515102744102478
YAR070W-A,YCR069W,0,-0.56644756,0.13258886337280273,0.841317355632782,0.5516103506088257
YCL027W,YER074W-A,0,-0.56644756,0.13256801664829254,0.841317355632782,0.5517103672027588
YCR070W,YPR052C,0,-0.56644756,0.13254716992378235,0.841317355632782,0.5518103837966919
YGR251W,YOR396W,0,-0.56644756,0.13252633810043335,0.841317355632782,0.551910400390625
YNL138W-A,YEL053C,0,-0.56644756,0.13250550627708435,0.841317355632782,0.5520104169845581
YGL258W-A,YDR447C,0,-0.56644756,0.13248467445373535,0.841317355632782,0.5521104335784912
YCL026C-A,YLR391W-A,0,-0.56644756,0.13246385753154755,0.841317355632782,0.5522104501724243
YOR243C,YJL012C-A,0,-0.56644756,0.13244304060935974,0.841317355632782,0.5523104667663574
YKL170W,YDR210W-D,0,-0.56644756,0.13242223858833313,0.841317355632782,0.5524104833602905
YLR391W-A,YIL049W,0,-0.56644756,0.1324014514684677,0.841317355632782,0.5525104999542236
YKL190W,YKR099C-A,0,-0.56644756,0.1323806494474411,0.841317355632782,0.5526105165481567
YKR025W,YGL210W-A,0,-0.56644756,0.13235986232757568,0.841317355632782,0.5527105331420898
YLR154W-A,YGR023W,0,-0.56644756,0.13233909010887146,0.841317355632782,0.552810549736023
YPL026C,YJL012C-A,0,-0.56644756,0.13231831789016724,0.841317355632782,0.552910566329956
YOR244W,YNL024C-A,0,-0.56644756,0.132297545671463,0.841317355632782,0.5530105829238892
YKL158W,YPR016C,0,-0.56644756,0.13227678835391998,0.841317355632782,0.5531105995178223
YEL050C,YOR343C-B,0,-0.56644756,0.13225604593753815,0.841317355632782,0.5532106161117554
YLR314C,YOR396W,0,-0.56644756,0.13223528861999512,0.841317355632782,0.5533106327056885
YGL046W,YPL150W,0,-0.56644756,0.13221456110477448,0.841317355632782,0.5534107089042664
YOR155C,YLR312C-B,0,-0.56644756,0.13219381868839264,0.841317355632782,0.5535107254981995
YOR088W,YCR033W,0,-0.56644756,0.132173091173172,0.841317355632782,0.5536107420921326
YMR161W,YBR111W-A,0,-0.56644756,0.13215237855911255,0.841317355632782,0.5537107586860657
YBL101W-B,YDR248C,0,-0.56644756,0.1321316659450531,0.841317355632782,0.5538107752799988
YCR029C-A,YLR095C,0,-0.56644756,0.13211095333099365,0.841317355632782,0.5539107918739319
YNL138W-A,YNL112W,0,-0.56644756,0.1320902556180954,0.841317355632782,0.554010808467865
YPL189C-A,YNL239W,0,-0.56644756,0.13206955790519714,0.841317355632782,0.5541108250617981
YGR075C,YOR343C-B,0,-0.56644756,0.13204887509346008,0.841317355632782,0.5542108416557312
YNL024C-A,YJL006C,0,-0.56644756,0.13202819228172302,0.841317355632782,0.5543108582496643
YGL206C,YAR044W,1,-0.56644756,0.1321641057729721,0.8423153758049011,0.5543108582496643
YBR102C,YOR343C-B,0,-0.56644756,0.13214342296123505,0.8423153758049011,0.5544108748435974
YAR070W-A,YNL192W,0,-0.56644756,0.1321227252483368,0.8423153758049011,0.5545108914375305
YIL171W,YGL258W-A,0,-0.56644756,0.13210205733776093,0.8423153758049011,0.5546109080314636
YPL174C,YDR524C-B,0,-0.56644756,0.13208137452602386,0.8423153758049011,0.5547109246253967
YKL097W-A,YFR032C-A,0,-0.56644756,0.132060706615448,0.8423153758049011,0.5548109412193298
YKL161C,YCR029C-A,0,-0.56644756,0.13204005360603333,0.8423153758049011,0.5549109578132629
YAR070W-A,YPR119W,0,-0.56644756,0.13201940059661865,0.8423153758049011,0.555010974407196
YLR154W-A,YBR036C,0,-0.56644756,0.13199874758720398,0.8423153758049011,0.5551110506057739
YMR268W-A,YBR127C,0,-0.56644756,0.1319781094789505,0.8423153758049011,0.555211067199707
YPL189C-A,YBL026W,0,-0.56644756,0.13195747137069702,0.8423153758049011,0.5553110837936401
YDR006C,YLR312C-B,0,-0.56644756,0.13193684816360474,0.8423153758049011,0.5554111003875732
YGL258W-A,YJL025W,0,-0.56644756,0.13191622495651245,0.8423153758049011,0.5555111169815063
YGR031C-A,YPL271W,0,-0.56644756,0.13189560174942017,0.8423153758049011,0.5556111335754395
YNL024C-A,YBL016W,0,-0.56644756,0.13187499344348907,0.8423153758049011,0.5557111501693726
YBR111W-A,YMR159C,0,-0.56644756,0.13185440003871918,0.8423153758049011,0.5558111667633057
YBL022C,YMR268W-A,0,-0.56644756,0.13183380663394928,0.8423153758049011,0.5559111833572388
YLR154W-A,YJL060W,0,-0.56644756,0.13181321322917938,0.8423153758049011,0.5560111999511719
YLR154W-A,YDL022W,0,-0.56644756,0.13179263472557068,0.8423153758049011,0.556111216545105
YGR112W,YGR268C,0,-0.5664549,0.13177205622196198,0.8423153758049011,0.5562112331390381
YFL008W,YGR027W-A,0,-0.56694233,0.13175147771835327,0.8423153758049011,0.5563112497329712
YGR074W,YER159C-A,0,-0.56695926,0.13173091411590576,0.8423153758049011,0.5564112663269043
YDR490C,YDL231C,1,-0.5674522,0.13186641037464142,0.8433133959770203,0.5564112663269043
YGR225W,YCR055C,0,-0.56757826,0.1318458467721939,0.8433133959770203,0.5565112829208374
YPR158W-A,YMR298W,0,-0.5676603,0.1318252682685852,0.8433133959770203,0.5566112995147705
YNL091W,YKR050W,0,-0.56771356,0.1318047046661377,0.8433133959770203,0.5567113161087036
YPR111W,YKR029C,0,-0.56780845,0.13178415596485138,0.8433133959770203,0.5568113327026367
YGR184C,YKL119C,0,-0.56798637,0.13176360726356506,0.8433133959770203,0.5569114089012146
YPR005C,YPR164W,0,-0.56818205,0.13174305856227875,0.8433133959770203,0.5570114254951477
YNL032W,YMR109W,1,-0.5683265,0.13187840580940247,0.8443113565444946,0.5570114254951477
YIL126W,YJL115W,0,-0.56842995,0.13185785710811615,0.8443113565444946,0.5571114420890808
YDR051C,YJL134W,0,-0.56847954,0.13183730840682983,0.8443113565444946,0.5572114586830139
YDL239C,YML062C,0,-0.56848896,0.13181675970554352,0.8443113565444946,0.557311475276947
YOR088W,YLR210W,0,-0.56874925,0.1317962259054184,0.8443113565444946,0.5574114918708801
YNL207W,YLL010C,0,-0.5688523,0.13177570700645447,0.8443113565444946,0.5575115084648132
YKL221W,YIR038C,0,-0.5689375,0.13175517320632935,0.8443113565444946,0.5576115250587463
YBL022C,YDR302W,0,-0.56907624,0.1317346692085266,0.8443113565444946,0.5577115416526794
YMR307W,YPL167C,0,-0.56916976,0.13171415030956268,0.8443113565444946,0.5578115582466125
YDR451C,YHR039C-B,0,-0.56998146,0.13169364631175995,0.8443113565444946,0.5579115748405457
YJL170C,YPR016C,0,-0.5703039,0.1316731572151184,0.8443113565444946,0.5580115914344788
YGL002W,YLL008W,0,-0.5710904,0.13165266811847687,0.8443113565444946,0.5581116080284119
YJR045C,YBL052C,0,-0.57119083,0.13163217902183533,0.8443113565444946,0.558211624622345
YDR059C,YML052W,1,-0.5712158,0.13176727294921875,0.8453093767166138,0.558211624622345
YLR233C,YMR168C,0,-0.57126987,0.13174676895141602,0.8453093767166138,0.5583116412162781
YCR102C,YJL160C,0,-0.57131994,0.13172627985477448,0.8453093767166138,0.5584116578102112
YLR364W,YEL013W,0,-0.5714714,0.13170580565929413,0.8453093767166138,0.5585116744041443
YGL225W,YDL070W,0,-0.5715439,0.1316853165626526,0.8453093767166138,0.5586117506027222
YOR088W,YMR089C,0,-0.57197237,0.13166485726833344,0.8453093767166138,0.5587117671966553
YCR028C-A,YPL007C,0,-0.57213,0.1316443830728531,0.8453093767166138,0.5588117837905884
YLR325C,YFL066C,0,-0.5722372,0.13162393867969513,0.8453093767166138,0.5589118003845215
YDR206W,YPR186C,0,-0.5722671,0.13160347938537598,0.8453093767166138,0.5590118169784546
YKL212W,YHR026W,0,-0.5724593,0.13158303499221802,0.8453093767166138,0.5591118335723877
YDR233C,YML045W-A,0,-0.5725441,0.13156259059906006,0.8453093767166138,0.5592118501663208
YDR079C-A,YER054C,0,-0.5725798,0.1315421611070633,0.8453093767166138,0.5593118667602539
YEL046C,YER184C,0,-0.57285804,0.13152174651622772,0.8453093767166138,0.559411883354187
YIL084C,YNL188W,0,-0.57296324,0.13150131702423096,0.8453093767166138,0.5595118999481201
YGR289C,YCR014C,0,-0.57305306,0.13148090243339539,0.8453093767166138,0.5596119165420532
YER164W,YDL064W,0,-0.57313323,0.131460502743721,0.8453093767166138,0.5597119331359863
YDR416W,YJL029C,0,-0.573686,0.13144010305404663,0.8453093767166138,0.5598119497299194
YEL055C,YBR018C,0,-0.5736921,0.13141970336437225,0.8453093767166138,0.5599119663238525
YER110C,YBR170C,0,-0.5737862,0.13139931857585907,0.8453093767166138,0.5600119829177856
YMR270C,YCR055C,0,-0.57411045,0.1313789337873459,0.8453093767166138,0.5601119995117188
YPR138C,YGR013W,0,-0.5742013,0.1313585638999939,0.8453093767166138,0.5602120161056519
YDL058W,YOR126C,0,-0.57449317,0.1313381940126419,0.8453093767166138,0.560312032699585
YML113W,YOL071W,0,-0.5745997,0.13131782412528992,0.8453093767166138,0.5604121088981628
YNL242W,YKL184W,0,-0.57509136,0.13129746913909912,0.8453093767166138,0.560512125492096
YLL050C,YOR142W-A,0,-0.5754807,0.13127712905406952,0.8453093767166138,0.560612142086029
YKL181W,YMR238W,0,-0.57564443,0.13125677406787872,0.8453093767166138,0.5607121586799622
YNR075W,YPL145C,1,-0.5758665,0.13139139115810394,0.8463073968887329,0.5607121586799622
YNL084C,YLR337W,1,-0.5760154,0.1315259486436844,0.847305417060852,0.5607121586799622
YJL177W,YDR419W,0,-0.57670134,0.1315055787563324,0.847305417060852,0.5608121752738953
YPL112C,YJL062W-A,0,-0.576749,0.1314852088689804,0.847305417060852,0.5609121918678284
YMR042W,YML087C,0,-0.5768018,0.1314648538827896,0.847305417060852,0.5610122084617615
YPR021C,YFR045W,0,-0.57715976,0.13144449889659882,0.847305417060852,0.5611122250556946
YOR377W,YHL033C,0,-0.5771603,0.13142414391040802,0.847305417060852,0.5612122416496277
YER045C,YER074W-A,0,-0.57720846,0.13140380382537842,0.847305417060852,0.5613122582435608
YOL077W-A,YJR070C,0,-0.5773316,0.13138347864151,0.847305417060852,0.5614122748374939
YIL050W,YDR487C,0,-0.57736534,0.1313631385564804,0.847305417060852,0.561512291431427
YGL145W,YBR106W,0,-0.57758147,0.1313428282737732,0.847305417060852,0.5616123080253601
YPR137C-A,YLR010C,0,-0.577781,0.13132250308990479,0.847305417060852,0.5617123246192932
YML058W-A,YJL044C,0,-0.57779956,0.13130219280719757,0.847305417060852,0.5618123412132263
YER130C,YIL142W,0,-0.5779019,0.13128189742565155,0.847305417060852,0.5619123578071594
YIL132C,YDR270W,0,-0.5780354,0.13126160204410553,0.847305417060852,0.5620123744010925
YML024W,YIL004C,0,-0.5783621,0.1312413066625595,0.847305417060852,0.5621124505996704
YDR261C-D,YOR150W,0,-0.57852167,0.13122102618217468,0.847305417060852,0.5622124671936035
YOR007C,YDL122W,0,-0.5785362,0.13120074570178986,0.847305417060852,0.5623124837875366
YNR039C,YGR268C,0,-0.57853997,0.13118046522140503,0.847305417060852,0.5624125003814697
YNL117W,YCL019W,0,-0.57854015,0.1311601996421814,0.847305417060852,0.5625125169754028
YDR116C,YDR151C,0,-0.57885957,0.13113994896411896,0.847305417060852,0.5626125335693359
YLR337W,YOR322C,1,-0.5789083,0.13127413392066956,0.8483033776283264,0.5626125335693359
YFL036W,YJR137C,0,-0.57898206,0.13125385344028473,0.8483033776283264,0.562712550163269
YOR028C,YBR139W,0,-0.5790091,0.1312336027622223,0.8483033776283264,0.5628125667572021
YHR059W,YMR208W,0,-0.5794249,0.13121333718299866,0.8483033776283264,0.5629125833511353
YGL224C,YCR070W,0,-0.5795827,0.13119308650493622,0.8483033776283264,0.5630125999450684
YLR467W,YDR511W,0,-0.57959616,0.13117283582687378,0.8483033776283264,0.5631126165390015
YJR057W,YBR196C,0,-0.5798561,0.13115260004997253,0.8483033776283264,0.5632126331329346
YLR305C,YBR127C,0,-0.5799953,0.1311323642730713,0.8483033776283264,0.5633126497268677
YOR167C,YBR073W,0,-0.5800956,0.13111214339733124,0.8483033776283264,0.5634126663208008
YOR216C,YGR154C,0,-0.58040065,0.1310919225215912,0.8483033776283264,0.5635126829147339
YNL271C,YOR150W,0,-0.5806185,0.13107170164585114,0.8483033776283264,0.563612699508667
YGL156W,YPR056W,0,-0.5807113,0.13105149567127228,0.8483033776283264,0.5637127161026001
YLR386W,YAL029C,0,-0.5808233,0.13103128969669342,0.8483033776283264,0.563812792301178
YMR075W,YIR023W,0,-0.5809959,0.13101109862327576,0.8483033776283264,0.5639128088951111
YBR274W,YDL074C,0,-0.58117163,0.1309909075498581,0.8483033776283264,0.5640128254890442
YKL008C,YGR056W,0,-0.5812161,0.13097073137760162,0.8483033776283264,0.5641128420829773
YKR001C,YDL083C,0,-0.5812405,0.13095054030418396,0.8483033776283264,0.5642128586769104
YDR055W,YPR158C-C,0,-0.58132976,0.13093037903308868,0.8483033776283264,0.5643128752708435
YGL022W,YOR131C,0,-0.5821557,0.1309102177619934,0.8483033776283264,0.5644128918647766
YOL062C,YGR118W,0,-0.5826751,0.13089005649089813,0.8483033776283264,0.5645129084587097
YGL245W,YLR145W,0,-0.5828427,0.13086989521980286,0.8483033776283264,0.5646129250526428
YMR121C,YHR011W,0,-0.5835875,0.13084974884986877,0.8483033776283264,0.5647129416465759
YDR261C-D,YGR262C,0,-0.5837074,0.1308296173810959,0.8483033776283264,0.564812958240509
YLR121C,YMR077C,0,-0.5840517,0.130809485912323,0.8483033776283264,0.5649129748344421
YDL129W,YCL019W,0,-0.5840537,0.1307893544435501,0.8483033776283264,0.5650129914283752
YGL245W,YDR511W,0,-0.5843423,0.13076923787593842,0.8483033776283264,0.5651130080223083
YBL103C,YLR256W-A,0,-0.5845629,0.13074912130832672,0.8483033776283264,0.5652130246162415
YDL181W,YGR027W-A,0,-0.5846397,0.13072900474071503,0.8483033776283264,0.5653130412101746
YGR272C,YNL316C,0,-0.584776,0.13070890307426453,0.8483033776283264,0.5654130578041077
YCR083W,YGL222C,0,-0.58493096,0.13068880140781403,0.8483033776283264,0.5655130743980408
YIR014W,YLR110C,0,-0.5850878,0.13066871464252472,0.8483033776283264,0.5656131505966187
YNL020C,YAR044W,1,-0.5853841,0.13080233335494995,0.8493013978004456,0.5656131505966187
YPR165W,YDR414C,0,-0.58573425,0.13078223168849945,0.8493013978004456,0.5657131671905518
YIR010W,YER117W,0,-0.5857386,0.13076214492321014,0.8493013978004456,0.5658131837844849
YOR208W,YNL054W-B,0,-0.5858282,0.13074204325675964,0.8493013978004456,0.565913200378418
YBL101W-A,YNL162W,0,-0.5863002,0.13072197139263153,0.8493013978004456,0.5660132169723511
YER020W,YBL071W-A,0,-0.58666354,0.13070188462734222,0.8493013978004456,0.5661132335662842
YDR388W,YOR329C,1,-0.58689594,0.1308353841304779,0.8502994179725647,0.5661132335662842
YNL331C,YNL090W,0,-0.58716726,0.1308152973651886,0.8502994179725647,0.5662132501602173
YGR287C,YGR077C,0,-0.5872218,0.1307952105998993,0.8502994179725647,0.5663132667541504
YLR337W,YDR490C,1,-0.5873741,0.1309286206960678,0.8512973785400391,0.5663132667541504
YPL090C,YLL003W,0,-0.5874912,0.1309085339307785,0.8512973785400391,0.5664132833480835
YKL089W,YLR203C,0,-0.588343,0.1308884471654892,0.8512973785400391,0.5665132999420166
YBR002C,YMR004W,0,-0.5883718,0.1308683604001999,0.8512973785400391,0.5666133165359497
YGR074W,YLR100W,0,-0.58843267,0.13084828853607178,0.8512973785400391,0.5667133331298828
YDR312W,YKL119C,0,-0.58856463,0.13082821667194366,0.8512973785400391,0.5668133497238159
YLR295C,YER074W-A,0,-0.58877844,0.13080815970897675,0.8512973785400391,0.566913366317749
YLR332W,YDR420W,0,-0.58980834,0.13078810274600983,0.8512973785400391,0.5670133829116821
YER006W,YJR065C,0,-0.58999604,0.1307680457830429,0.8512973785400391,0.5671133995056152
YOL119C,YDL069C,0,-0.5900584,0.13074800372123718,0.8512973785400391,0.5672134160995483
YGL229C,YDL136W,0,-0.59015965,0.13072797656059265,0.8512973785400391,0.5673134922981262
YOL072W,YDR484W,0,-0.5902551,0.13070793449878693,0.8512973785400391,0.5674135088920593
YCR094W,YOR322C,1,-0.59043145,0.13084112107753754,0.8522953987121582,0.5674135088920593
YGR216C,YOR368W,0,-0.5907497,0.1308210790157318,0.8522953987121582,0.5675135254859924
YOL056W,YOL077W-A,0,-0.590812,0.1308010369539261,0.8522953987121582,0.5676135420799255
YPR168W,YLR080W,0,-0.5908782,0.13078100979328156,0.8522953987121582,0.5677135586738586
YJL123C,YAL024C,0,-0.5909418,0.13076098263263702,0.8522953987121582,0.5678135752677917
YOR039W,YPR083W,0,-0.59095615,0.1307409703731537,0.8522953987121582,0.5679135918617249
YCR070W,YHR107C,0,-0.591467,0.13072095811367035,0.8522953987121582,0.568013608455658
YGL257C,YBR156C,0,-0.592734,0.130700945854187,0.8522953987121582,0.5681136250495911
YNL160W,YCR008W,0,-0.593014,0.13068094849586487,0.8522953987121582,0.5682136416435242
YIR033W,YPL249C-A,0,-0.59308046,0.13066095113754272,0.8522953987121582,0.5683136582374573
YDR254W,YPR152C,0,-0.5931137,0.13064096868038177,0.8522953987121582,0.5684136748313904
YDR261C-C,YDL066W,0,-0.59345484,0.13062098622322083,0.8522953987121582,0.5685136914253235
YOL019W,YNL284C-A,0,-0.59346914,0.13060100376605988,0.8522953987121582,0.5686137080192566
YNL093W,YAL026C,1,-0.59353465,0.13073395192623138,0.8532934188842773,0.5686137080192566
YDR281C,YCR097WB,0,-0.5938211,0.13071395456790924,0.8532934188842773,0.5687137246131897
YJR010W,YKR009C,0,-0.5938976,0.1306939721107483,0.8532934188842773,0.5688137412071228
YJL184W,YGR216C,0,-0.593916,0.13067400455474854,0.8532934188842773,0.5689137578010559
YHR084W,YJL100W,0,-0.5942297,0.13065403699874878,0.8532934188842773,0.569013774394989
YOR230W,YNL315C,0,-0.5947057,0.13063406944274902,0.8532934188842773,0.5691138505935669
YDR118W,YOR084W,0,-0.59483105,0.13061411678791046,0.8532934188842773,0.5692138671875
YLR127C,YPL276W,0,-0.5954064,0.1305941641330719,0.8532934188842773,0.5693138837814331
YCR080W,YLR371W,0,-0.5954677,0.13057422637939453,0.8532934188842773,0.5694139003753662
YLR080W,YMR293C,0,-0.59569806,0.13055428862571716,0.8532934188842773,0.5695139169692993
YDL085W,YJL041W,0,-0.59572953,0.1305343508720398,0.8532934188842773,0.5696139335632324
YHR010W,YBR024W,0,-0.5958272,0.13051442801952362,0.8532934188842773,0.5697139501571655
YKR081C,YAL021C,0,-0.5962109,0.13049450516700745,0.8532934188842773,0.5698139667510986
YJL219W,YGR171C,0,-0.5963639,0.13047459721565247,0.8532934188842773,0.5699139833450317
YPR137C-A,YNL058C,0,-0.59644836,0.13045468926429749,0.8532934188842773,0.5700139999389648
YOR336W,YGR264C,0,-0.5965237,0.1304347813129425,0.8532934188842773,0.570114016532898
YKL165C,YCR081W,0,-0.5965311,0.13041488826274872,0.8532934188842773,0.570214033126831
YOL093W,YOR138C,0,-0.59654367,0.13039499521255493,0.8532934188842773,0.5703140497207642
YCL026C-B,YBR106W,0,-0.5967372,0.13037511706352234,0.8532934188842773,0.5704140663146973
YLR141W,YOR391C,0,-0.59678465,0.13035523891448975,0.8532934188842773,0.5705140829086304
YBL066C,YOR243C,0,-0.5967895,0.13033536076545715,0.8532934188842773,0.5706140995025635
YKL182W,YJR147W,0,-0.5972648,0.13031549751758575,0.8532934188842773,0.5707141160964966
YGL077C,YOR270C,0,-0.5973343,0.13029563426971436,0.8532934188842773,0.5708141922950745
YLR371W,YDL231C,1,-0.5977294,0.13042816519737244,0.8542914390563965,0.5708141922950745
YDR365W-B,YDR369C,0,-0.59814006,0.13040828704833984,0.8542914390563965,0.5709142088890076
YNR067C,YKL189W,0,-0.5982012,0.13038842380046844,0.8542914390563965,0.5710142254829407
YGR161C-C,YDR226W,0,-0.59838873,0.13036856055259705,0.8542914390563965,0.5711142420768738
YNL297C,YDR093W,1,-0.598708,0.13050098717212677,0.8552893996238708,0.5711142420768738
YBR159W,YIL145C,0,-0.5988298,0.13048112392425537,0.8552893996238708,0.5712142586708069
YGL234W,YLR272C,0,-0.59904855,0.13046126067638397,0.8552893996238708,0.57131427526474
YNR054C,YDR379W,0,-0.5990743,0.13044139742851257,0.8552893996238708,0.5714142918586731
YOR099W,YLR453C,0,-0.5992226,0.13042154908180237,0.8552893996238708,0.5715143084526062
YFL055W,YEL069C,0,-0.5993329,0.13040170073509216,0.8552893996238708,0.5716143250465393
YMR316W,YML046W,0,-0.59943604,0.13038186728954315,0.8552893996238708,0.5717143416404724
YGL046W,YML007W,0,-0.59949577,0.13036203384399414,0.8552893996238708,0.5718143582344055
YER087C-B,YKL140W,0,-0.5997139,0.13034220039844513,0.8552893996238708,0.5719143748283386
YJR053W,YHL027W,0,-0.599801,0.1303223818540573,0.8552893996238708,0.5720143914222717
YBR274W,YDR331W,0,-0.5999547,0.1303025633096695,0.8552893996238708,0.5721144080162048
YGR171C,YBR136W,0,-0.60000545,0.13028275966644287,0.8552893996238708,0.5722144246101379
YPL269W,YML109W,0,-0.60002005,0.13026295602321625,0.8552893996238708,0.572314441204071
YER106W,YDR046C,0,-0.6001568,0.13024316728115082,0.8552893996238708,0.5724144577980042
YDR261W-B,YMR194W,0,-0.6006486,0.1302233636379242,0.8552893996238708,0.5725144743919373
YGL185C,YDL155W,0,-0.6007409,0.13020358979701996,0.8552893996238708,0.5726145505905151
YCR060W,YER019C-A,0,-0.6008973,0.13018380105495453,0.8552893996238708,0.5727145671844482
YDR233C,YPL180W,0,-0.6009482,0.1301640272140503,0.8552893996238708,0.5728145837783813
YDR320C-A,YGR239C,0,-0.60098606,0.13014426827430725,0.8552893996238708,0.5729146003723145
YLR364W,YDR330W,0,-0.6012141,0.1301245093345642,0.8552893996238708,0.5730146169662476
YOR327C,YAR044W,1,-0.6012284,0.1302565634250641,0.85628741979599,0.5730146169662476
YPL028W,YOR343W-A,0,-0.6012675,0.13023678958415985,0.85628741979599,0.5731146335601807
YML042W,YPL212C,0,-0.60130686,0.1302170306444168,0.85628741979599,0.5732146501541138
YMR260C,YMR109W,0,-0.6014323,0.13019727170467377,0.85628741979599,0.5733146667480469
YDR073W,YJR007W,0,-0.6015359,0.13017751276493073,0.85628741979599,0.57341468334198
YGL156W,YNL284C-A,0,-0.60174423,0.13015776872634888,0.85628741979599,0.5735146999359131
YOR274W,YJL065C,0,-0.60181683,0.13013802468776703,0.85628741979599,0.5736147165298462
YHR161C,YGL031C,0,-0.6018991,0.13011829555034637,0.85628741979599,0.5737147331237793
YOL103W-B,YJR043C,0,-0.6024372,0.13009856641292572,0.85628741979599,0.5738147497177124
YDR026C,YPL027W,0,-0.6025594,0.13007883727550507,0.85628741979599,0.5739147663116455
YKL042W,YJR029W,0,-0.6028608,0.1300591230392456,0.85628741979599,0.5740147829055786
YBR171W,YOL120C,0,-0.6030643,0.13003940880298615,0.85628741979599,0.5741147994995117
YDL128W,YKL041W,0,-0.60307986,0.13001969456672668,0.85628741979599,0.5742148160934448
YOR088W,YCL030C,0,-0.60327977,0.12999999523162842,0.85628741979599,0.5743148922920227
YJL062W-A,YGR140W,0,-0.6033125,0.12998031079769135,0.85628741979599,0.5744149088859558
YDR380W,YOL008W,0,-0.60347676,0.12996061146259308,0.85628741979599,0.5745149254798889
YDR118W,YBR195C,0,-0.60350895,0.1299409419298172,0.85628741979599,0.574614942073822
YEL060C,YHL009W-A,0,-0.6038017,0.12992125749588013,0.85628741979599,0.5747149586677551
YKL195W,YGR038C-B,0,-0.60406125,0.12990158796310425,0.85628741979599,0.5748149752616882
YBR265W,YNL005C,0,-0.60426074,0.12988191843032837,0.85628741979599,0.5749149918556213
YER183C,YGR056W,0,-0.6045754,0.12986226379871368,0.85628741979599,0.5750150084495544
YGR175C,YBR290W,0,-0.6049892,0.129842609167099,0.85628741979599,0.5751150250434875
YMR004W,YBR291C,0,-0.6050417,0.1298229694366455,0.85628741979599,0.5752150416374207
YPR183W,YBR044C,0,-0.60512924,0.12980332970619202,0.85628741979599,0.5753150582313538
YJR053W,YBR198C,0,-0.6051452,0.12978368997573853,0.85628741979599,0.5754150748252869
YLR040C,YFR033C,0,-0.6051785,0.12976406514644623,0.85628741979599,0.57551509141922
YER087C-B,YDL092W,0,-0.6052717,0.12974444031715393,0.85628741979599,0.5756151080131531
YNL035C,YPL257W-A,0,-0.6052828,0.12972483038902283,0.85628741979599,0.5757151246070862
YJL116C,YOL117W,0,-0.60530996,0.12970522046089172,0.85628741979599,0.5758151412010193
YLL041C,YEL021W,0,-0.60535824,0.12968561053276062,0.85628741979599,0.5759151577949524
YOL130W,YDR470C,0,-0.6055248,0.1296660155057907,0.85628741979599,0.5760151743888855
YDL192W,YLR035C,0,-0.6056313,0.1296464204788208,0.85628741979599,0.5761152505874634
YKL158W,YMR056C,0,-0.6057341,0.1296268254518509,0.85628741979599,0.5762152671813965
YNL151C,YOR054C,0,-0.60598665,0.12960724532604218,0.85628741979599,0.5763152837753296
YHR072W-A,YDR297W,0,-0.6060494,0.12958768010139465,0.85628741979599,0.5764153003692627
YDR079C-A,YGR277C,0,-0.60641205,0.12956809997558594,0.85628741979599,0.5765153169631958
YMR260C,YJR005W,0,-0.6065753,0.1295485496520996,0.85628741979599,0.5766153335571289
YDR312W,YPR159W,0,-0.60670155,0.1295289844274521,0.85628741979599,0.576715350151062
YML022W,YJL139C,0,-0.6067617,0.12950943410396576,0.85628741979599,0.5768153667449951
YER099C,YJL121C,0,-0.60691345,0.12948988378047943,0.85628741979599,0.5769153833389282
YNL015W,YJL144W,0,-0.6072228,0.1294703483581543,0.85628741979599,0.5770153999328613
YBR205W,YPL037C,0,-0.6072444,0.12945081293582916,0.85628741979599,0.5771154165267944
YCL026C-B,YPR185W,0,-0.6072452,0.12943129241466522,0.85628741979599,0.5772154331207275
YIR028W,YPL065W,0,-0.6073003,0.12941177189350128,0.85628741979599,0.5773154497146606
YPR196W,YLR305C,0,-0.60745186,0.12939225137233734,0.85628741979599,0.5774154663085938
YGL180W,YFL066C,0,-0.60754114,0.1293727308511734,0.85628741979599,0.5775154829025269
YNL191W,YNL147W,0,-0.607678,0.12935324013233185,0.85628741979599,0.57761549949646
YCR097W,YDL025C,0,-0.60768044,0.1293337345123291,0.85628741979599,0.5777155160903931
YOR295W,YMR162C,0,-0.60772485,0.12931424379348755,0.85628741979599,0.577815592288971
YGR179C,YNL284C-A,0,-0.6077366,0.129294753074646,0.85628741979599,0.577915608882904
YNL138W,YPL121C,0,-0.60773796,0.12927527725696564,0.85628741979599,0.5780156254768372
YBR288C,YGL226C-A,0,-0.6078968,0.12925580143928528,0.85628741979599,0.5781156420707703
YLR390W,YHR036W,0,-0.60790473,0.12923632562160492,0.85628741979599,0.5782156586647034
YPR158C-C,YLR307W,0,-0.6080105,0.12921686470508575,0.85628741979599,0.5783156752586365
YGR038C-B,YCL040W,0,-0.60806257,0.1291974037885666,0.85628741979599,0.5784156918525696
YOR194C,YLR005W,0,-0.60817075,0.12917795777320862,0.85628741979599,0.5785157084465027
YKL095W,YBR170C,0,-0.60831493,0.12915851175785065,0.85628741979599,0.5786157250404358
YMR036C,YBR012W-B,0,-0.6090519,0.12913906574249268,0.85628741979599,0.5787157416343689
YHR179W,YLR164W,0,-0.6091052,0.1291196346282959,0.85628741979599,0.578815758228302
YNL244C,YCL008C,0,-0.60916346,0.12910020351409912,0.85628741979599,0.5789157748222351
YPR137C-A,YOL149W,0,-0.6092356,0.12908078730106354,0.85628741979599,0.5790157914161682
YMR288W,YCR070W,0,-0.60935444,0.12906137108802795,0.85628741979599,0.5791158080101013
YOR144C,YBR031W,0,-0.6094984,0.12904195487499237,0.85628741979599,0.5792158246040344
YDR240C,YER090W,0,-0.6095788,0.12902255356311798,0.85628741979599,0.5793158411979675
YJR090C,YBR106W,0,-0.60969144,0.1290031522512436,0.85628741979599,0.5794158577919006
YFL066C,YJR068W,0,-0.60969484,0.1289837658405304,0.85628741979599,0.5795158743858337
YGR278W,YER074W-A,0,-0.60970634,0.1289643794298172,0.85628741979599,0.5796159505844116
YNR073C,YCR037C,0,-0.6097217,0.128944993019104,0.85628741979599,0.5797159671783447
YBL029C-A,YOR056C,0,-0.6100375,0.128925621509552,0.85628741979599,0.5798159837722778
YIL095W,YER008C,0,-0.61019826,0.12890625,0.85628741979599,0.5799160003662109
YPL206C,YER166W,0,-0.61046445,0.1288868933916092,0.85628741979599,0.580016016960144
YIR006C,YMR239C,0,-0.61060387,0.1288675218820572,0.85628741979599,0.5801160335540771
YOL018C,YDL210W,0,-0.6106897,0.12884818017482758,0.85628741979599,0.5802160501480103
YLR283W,YOR201C,0,-0.6110361,0.12882882356643677,0.85628741979599,0.5803160667419434
YDR416W,YJL144W,0,-0.6111724,0.12880948185920715,0.85628741979599,0.5804160833358765
YLL013C,YBR281C,0,-0.6112062,0.12879015505313873,0.85628741979599,0.5805160999298096
YKL190W,YLR077W,0,-0.6112158,0.1287708282470703,0.85628741979599,0.5806161165237427
YMR204C,YKR009C,0,-0.6112821,0.1287515014410019,0.85628741979599,0.5807161331176758
YER190W,YPR152C,0,-0.611456,0.12873218953609467,0.85628741979599,0.5808161497116089
YML081C-A,YGR068C,0,-0.6116743,0.12871287763118744,0.85628741979599,0.580916166305542
YPL050C,YDL047W,0,-0.61175096,0.1286935657262802,0.85628741979599,0.5810161828994751
YHR084W,YDR533C,0,-0.6117926,0.12867426872253418,0.85628741979599,0.5811161994934082
YKL053C-A,YNR011C,0,-0.6121965,0.12865497171878815,0.85628741979599,0.5812162160873413
YBR182C,YBR073W,0,-0.6122347,0.12863567471504211,0.85628741979599,0.5813162922859192
YNL192W,YLR341W,0,-0.61228466,0.12861639261245728,0.85628741979599,0.5814163088798523
YIR013C,YKR055W,0,-0.6123917,0.12859712541103363,0.85628741979599,0.5815163254737854
YDL121C,YIL157C,0,-0.6125411,0.12857785820960999,0.85628741979599,0.5816163420677185
YDR330W,YBL090W,0,-0.6125556,0.12855859100818634,0.85628741979599,0.5817163586616516
YMR079W,YER065C,0,-0.6136007,0.1285393238067627,0.85628741979599,0.5818163752555847
YOR153W,YGR272C,0,-0.61379504,0.12852007150650024,0.85628741979599,0.5819163918495178
YLR448W,YOL019W,0,-0.6141423,0.1285008192062378,0.85628741979599,0.5820164084434509
YDR414C,YLL061W,0,-0.61420596,0.12848158180713654,0.85628741979599,0.582116425037384
YML093W,YPL046C,0,-0.6142565,0.12846234440803528,0.85628741979599,0.5822164416313171
YAL026C,YOR237W,1,-0.61452514,0.1285928189754486,0.8572854399681091,0.5822164416313171
YJL047C,YER019C-A,0,-0.61527497,0.12857356667518616,0.8572854399681091,0.5823164582252502
YGL014W,YLR148W,0,-0.61554146,0.1285543292760849,0.8572854399681091,0.5824164748191833
YBR123C,YNL079C,0,-0.6157337,0.12853509187698364,0.8572854399681091,0.5825164914131165
YGL179C,YBR012W-A,0,-0.6158417,0.12851585447788239,0.8572854399681091,0.5826165080070496
YCR072C,YOR290C,0,-0.61584413,0.12849663197994232,0.8572854399681091,0.5827165246009827
YBR142W,YMR238W,0,-0.6160899,0.12847740948200226,0.8572854399681091,0.5828165411949158
YIL023C,YER171W,0,-0.61632484,0.1284582018852234,0.8572854399681091,0.5829165577888489
YOR176W,YDR316W-A,0,-0.61647385,0.12843899428844452,0.8572854399681091,0.583016574382782
YPL084W,YBR299W,0,-0.61650056,0.12841978669166565,0.8572854399681091,0.5831166505813599
YDR261C-D,YJR083C,0,-0.61651963,0.12840059399604797,0.8572854399681091,0.583216667175293
YML039W,YBR066C,0,-0.61680925,0.1283814013004303,0.8572854399681091,0.5833166837692261
YEL052W,YOR348C,0,-0.61687946,0.12836222350597382,0.8572854399681091,0.5834167003631592
YMR273C,YLR238W,0,-0.61707884,0.12834304571151733,0.8572854399681091,0.5835167169570923
YML075C,YMR201C,0,-0.6171495,0.12832386791706085,0.8572854399681091,0.5836167335510254
YHR215W,YGR074W,0,-0.6171906,0.12830470502376556,0.8572854399681091,0.5837167501449585
YPR022C,YMR160W,0,-0.6179859,0.12828554213047028,0.8572854399681091,0.5838167667388916
YCR053W,YGR086C,1,-0.6180487,0.12841570377349854,0.8582834601402283,0.5838167667388916
YAR003W,YDR260C,0,-0.6180502,0.12839654088020325,0.8582834601402283,0.5839167833328247
YGL256W,YNL257C,0,-0.61811095,0.12837736308574677,0.8582834601402283,0.5840167999267578
YGR157W,YHR039C-B,0,-0.61822164,0.12835821509361267,0.8582834601402283,0.5841168165206909
YNL072W,YCL003W,0,-0.6183046,0.12833905220031738,0.8582834601402283,0.584216833114624
YIL010W,YPL127C,0,-0.6183489,0.1283199042081833,0.8582834601402283,0.5843168497085571
YDR501W,YDR064W,0,-0.6186789,0.1283007562160492,0.8582834601402283,0.5844168663024902
YOR337W,YIL125W,0,-0.6189553,0.1282816231250763,0.8582834601402283,0.5845168828964233
YDR177W,YOR133W,0,-0.618956,0.1282624900341034,0.8582834601402283,0.5846168994903564
YER140W,YNL138W,0,-0.6191022,0.1282433569431305,0.8582834601402283,0.5847169160842896
YBL042C,YKL021C,0,-0.6191574,0.1282242387533188,0.8582834601402283,0.5848169922828674
YPL164C,YBR267W,0,-0.6192125,0.12820513546466827,0.8582834601402283,0.5849170088768005
YER154W,YBR182C,0,-0.6192238,0.12818601727485657,0.8582834601402283,0.5850170254707336
YLR057W,YGL048C,0,-0.61934996,0.12816691398620605,0.8582834601402283,0.5851170420646667
YBL022C,YPR164W,0,-0.6194271,0.12814781069755554,0.8582834601402283,0.5852170586585999
YLR170C,YMR078C,0,-0.620021,0.12812872231006622,0.8582834601402283,0.585317075252533
YBR118W,YDR316W-A,0,-0.620079,0.1281096339225769,0.8582834601402283,0.5854170918464661
YER086W,YBR287W,0,-0.6201205,0.12809056043624878,0.8582834601402283,0.5855171084403992
YOR308C,YMR221C,0,-0.62031186,0.12807148694992065,0.8582834601402283,0.5856171250343323
YBL106C,YBR156C,0,-0.62053764,0.12805241346359253,0.8582834601402283,0.5857171416282654
YNL159C,YML030W,0,-0.6206274,0.1280333548784256,0.8582834601402283,0.5858171582221985
YFL038C,YDR418W,0,-0.6207351,0.12801429629325867,0.8582834601402283,0.5859171748161316
YDR465C,YKR018C,0,-0.6208908,0.12799523770809174,0.8582834601402283,0.5860171914100647
YGR091W,YFL033C,0,-0.62150174,0.127976194024086,0.8582834601402283,0.5861172080039978
YDR523C,YKL093W,0,-0.6216565,0.12795715034008026,0.8582834601402283,0.5862172245979309
YOR095C,YOR142W-A,0,-0.6220395,0.12793810665607452,0.8582834601402283,0.586317241191864
YLR388W,YLR298C,0,-0.6220705,0.12791907787322998,0.8582834601402283,0.5864172577857971
YML063W,YJR004C,0,-0.6221884,0.12790006399154663,0.8582834601402283,0.5865172743797302
YLR447C,YKR103W,0,-0.6225313,0.1278810352087021,0.8582834601402283,0.5866173505783081
YMR128W,YGR038C-A,0,-0.6225433,0.12786202132701874,0.8582834601402283,0.5867173671722412
YLR408C,YLR020C,0,-0.623343,0.12784302234649658,0.8582834601402283,0.5868173837661743
YOL157C,YHR072W-A,0,-0.62365365,0.12782402336597443,0.8582834601402283,0.5869174003601074
YDR261C-D,YFR041C,0,-0.62384146,0.12780502438545227,0.8582834601402283,0.5870174169540405
YHL009W-B,YIL066C,0,-0.62401015,0.12778602540493011,0.8582834601402283,0.5871174335479736
YDL130W,YOR003W,0,-0.6240766,0.12776704132556915,0.8582834601402283,0.5872174501419067
YOR141C,YFR032C-A,0,-0.6242001,0.12774807214736938,0.8582834601402283,0.5873174667358398
YFR033C,YMR303C,0,-0.6243575,0.12772908806800842,0.8582834601402283,0.587417483329773
YCL026C-B,YHL004W,0,-0.624403,0.12771013379096985,0.8582834601402283,0.587517499923706
YDR506C,YGL254W,0,-0.624468,0.12769116461277008,0.8582834601402283,0.5876175165176392
YFL036W,YFR018C,0,-0.62455297,0.1276722103357315,0.8582834601402283,0.5877175331115723
YDR109C,YDR088C,0,-0.6246758,0.12765325605869293,0.8582834601402283,0.5878175497055054
YNL088W,YOL017W,0,-0.6248222,0.12763431668281555,0.8582834601402283,0.5879175662994385
YCL057C-A,YKL174C,0,-0.62488335,0.12761537730693817,0.8582834601402283,0.5880175828933716
YOR377W,YGR161W-B,0,-0.6248943,0.1275964379310608,0.8582834601402283,0.5881175994873047
YMR013C,YNL172W,0,-0.62537724,0.1275775134563446,0.8582834601402283,0.5882176160812378
YPR094W,YLR321C,0,-0.6254215,0.12755858898162842,0.8582834601402283,0.5883176922798157
YBL029C-A,YNL273W,0,-0.6254422,0.12753966450691223,0.8582834601402283,0.5884177088737488
YOL064C,YLR272C,0,-0.62548196,0.12752075493335724,0.8582834601402283,0.5885177254676819
YKL173W,YML045W-A,0,-0.62584,0.12750186026096344,0.8582834601402283,0.588617742061615
YDR320C-A,YMR221C,0,-0.626171,0.12748295068740845,0.8582834601402283,0.5887177586555481
YHR084W,YGR180C,0,-0.6265612,0.12746405601501465,0.8582834601402283,0.5888177752494812
YOR192C-A,YGR255C,0,-0.6265762,0.12744517624378204,0.8582834601402283,0.5889177918434143
YPL113C,YDR409W,0,-0.6267594,0.12742628157138824,0.8582834601402283,0.5890178084373474
YMR121C,YNR060W,0,-0.6268886,0.12740740180015564,0.8582834601402283,0.5891178250312805
YHR191C,YMR021C,0,-0.62701666,0.12738853693008423,0.8582834601402283,0.5892178416252136
YJL114W,YBR245C,0,-0.62717235,0.12736967206001282,0.8582834601402283,0.5893178582191467
YPL022W,YEL069C,0,-0.62730336,0.1273508071899414,0.8582834601402283,0.5894178748130798
YKL203C,YDR086C,0,-0.6273034,0.1273319572210312,0.8582834601402283,0.5895178914070129
YBL029C-A,YNL175C,0,-0.62732553,0.12731310725212097,0.8582834601402283,0.589617908000946
YJR090C,YDL008W,0,-0.62778723,0.12729425728321075,0.8582834601402283,0.5897179245948792
YMR123W,YDL008W,0,-0.62784266,0.12727542221546173,0.8582834601402283,0.5898179411888123
YDR079C-A,YDR418W,0,-0.6280866,0.1272565871477127,0.8582834601402283,0.5899179577827454
YOR237W,YEL027W,1,-0.62810165,0.1273857057094574,0.8592814207077026,0.5899179577827454
YBL029C-A,YMR305C,0,-0.62813634,0.12736687064170837,0.8592814207077026,0.5900179743766785
YER113C,YDL229W,0,-0.62816316,0.12734802067279816,0.8592814207077026,0.5901180505752563
YNL054W-B,YLR362W,0,-0.62844646,0.12732918560504913,0.8592814207077026,0.5902180671691895
YDR071C,YGR161C-C,0,-0.62880015,0.1273103654384613,0.8592814207077026,0.5903180837631226
YOR292C,YBL066C,0,-0.62935656,0.12729154527187347,0.8592814207077026,0.5904181003570557
YHR051W,YBR172C,0,-0.62973714,0.12727272510528564,0.8592814207077026,0.5905181169509888
YOR349W,YHR023W,0,-0.6299778,0.127253919839859,0.8592814207077026,0.5906181335449219
YPL241C,YNR021W,0,-0.6300045,0.12723511457443237,0.8592814207077026,0.590718150138855
YAR015W,YLR414C,0,-0.63026786,0.12721630930900574,0.8592814207077026,0.5908181667327881
YDL161W,YNR075W,1,-0.63028395,0.1273452490568161,0.8602794408798218,0.5908181667327881
YBR004C,YKR038C,0,-0.6303311,0.12732644379138947,0.8602794408798218,0.5909181833267212
YLR410W-B,YDL006W,0,-0.6303955,0.12730763852596283,0.8602794408798218,0.5910181999206543
YKL190W,YIL082W-A,0,-0.63081104,0.1272888332605362,0.8602794408798218,0.5911182165145874
YER184C,YGL030W,0,-0.63088644,0.12727004289627075,0.8602794408798218,0.5912182331085205
YJL074C,YPR042C,0,-0.6309295,0.1272512525320053,0.8602794408798218,0.5913182497024536
YHR191C,YNL107W,0,-0.63103026,0.12723247706890106,0.8602794408798218,0.5914182662963867
YLL040C,YBR125C,0,-0.6310787,0.12721370160579681,0.8602794408798218,0.5915182828903198
YBR265W,YOL031C,0,-0.6311067,0.12719492614269257,0.8602794408798218,0.5916182994842529
YJR013W,YGR038C-B,0,-0.6313467,0.1271761655807495,0.8602794408798218,0.591718316078186
YGL191W,YDR237W,0,-0.631529,0.12715740501880646,0.8602794408798218,0.5918183922767639
YOR288C,YDR297W,0,-0.6316699,0.1271386444568634,0.8602794408798218,0.591918408870697
YHR081W,YDR011W,0,-0.6317074,0.12711989879608154,0.8602794408798218,0.5920184254646301
YKL172W,YMR208W,0,-0.6319228,0.12710115313529968,0.8602794408798218,0.5921184420585632
YOR192C-B,YEL054C,0,-0.63215685,0.12708240747451782,0.8602794408798218,0.5922184586524963
YDR142C,YPL154C,0,-0.6322072,0.12706367671489716,0.8602794408798218,0.5923184752464294
YOL056W,YKR046C,0,-0.6322225,0.1270449459552765,0.8602794408798218,0.5924184918403625
YOR245C,YPL090C,0,-0.6325353,0.12702623009681702,0.8602794408798218,0.5925185084342957
YDL058W,YDR501W,0,-0.632752,0.12700751423835754,0.8602794408798218,0.5926185250282288
YKL163W,YML043C,0,-0.63278806,0.12698879837989807,0.8602794408798218,0.5927185416221619
YKL120W,YNL302C,0,-0.6328483,0.1269700974225998,0.8602794408798218,0.592818558216095
YER126C,YCL033C,0,-0.6328633,0.1269513964653015,0.8602794408798218,0.5929185748100281
YLR040C,YJL153C,0,-0.63319623,0.12693271040916443,0.8602794408798218,0.5930185914039612
YNL336W,YLL062C,0,-0.6335301,0.12691400945186615,0.8602794408798218,0.5931186079978943
YKL071W,YDL207W,0,-0.63390887,0.12689533829689026,0.8602794408798218,0.5932186245918274
YDR304C,YIL017W,0,-0.63411444,0.12687665224075317,0.8602794408798218,0.5933186411857605
YJR075W,YLR390W,0,-0.63412046,0.12685798108577728,0.8602794408798218,0.5934186577796936
YIL015W,YFR032C-A,0,-0.6342902,0.1268393099308014,0.8602794408798218,0.5935186743736267
YLR265C,YMR042W,0,-0.6347157,0.1268206536769867,0.8602794408798218,0.5936187505722046
YKL097W-A,YLR371W,0,-0.634919,0.126801997423172,0.8602794408798218,0.5937187671661377
YDR071C,YDR159W,0,-0.63514787,0.1267833560705185,0.8602794408798218,0.5938187837600708
YOL155C,YBR082C,0,-0.6355481,0.1267646998167038,0.8602794408798218,0.5939188003540039
YDL129W,YER148W,0,-0.6360283,0.1267460733652115,0.8602794408798218,0.594018816947937
YHR161C,YJL018W,0,-0.6361301,0.12672743201255798,0.8602794408798218,0.5941188335418701
YAL063C,YML038C,0,-0.63617826,0.12670880556106567,0.8602794408798218,0.5942188501358032
YDR320C-A,YDR229W,0,-0.63618845,0.12669017910957336,0.8602794408798218,0.5943188667297363
YGR225W,YML111W,0,-0.6362672,0.12667156755924225,0.8602794408798218,0.5944188833236694
YFL048C,YLR095C,0,-0.6364217,0.12665295600891113,0.8602794408798218,0.5945188999176025
YPL016W,YOR306C,0,-0.6364639,0.12663434445858002,0.8602794408798218,0.5946189165115356
YBR081C,YBL071W-A,0,-0.6368423,0.1266157478094101,0.8602794408798218,0.5947189331054688
YER087C-B,YJR137C,0,-0.6371442,0.12659715116024017,0.8602794408798218,0.5948189496994019
YER151C,YLR045C,0,-0.6372599,0.12657855451107025,0.8602794408798218,0.594918966293335
YCL004W,YDR378C,0,-0.63745826,0.12655997276306152,0.8602794408798218,0.5950189828872681
YMR056C,YBR061C,0,-0.6375706,0.1265413910150528,0.8602794408798218,0.5951189994812012
YJL011C,YCL038C,0,-0.63773996,0.12652282416820526,0.8602794408798218,0.5952190160751343
YLR391W,YDL042C,0,-0.6378857,0.12650425732135773,0.8602794408798218,0.5953190922737122
YBL079W,YCR039C,0,-0.6380267,0.1264856904745102,0.8602794408798218,0.5954191088676453
YPL158C,YKL025C,0,-0.63814443,0.12646713852882385,0.8602794408798218,0.5955191254615784
YJL114W,YBL005W-A,0,-0.6385021,0.1264485865831375,0.8602794408798218,0.5956191420555115
YER091C,YCR037C,0,-0.63899374,0.12643003463745117,0.8602794408798218,0.5957191586494446
YMR023C,YCR097WB,0,-0.6390875,0.12641149759292603,0.8602794408798218,0.5958191752433777
YOR283W,YLR410W-A,0,-0.63914216,0.12639296054840088,0.8602794408798218,0.5959191918373108
YLR341W,YPL127C,0,-0.63928664,0.12637443840503693,0.8602794408798218,0.5960192084312439
YKL109W,YGR218W,0,-0.63929886,0.12635590136051178,0.8602794408798218,0.596119225025177
YHR211W,YHR200W,0,-0.63931376,0.12633739411830902,0.8602794408798218,0.5962192416191101
YIL009C-A,YER065C,0,-0.6394367,0.12631887197494507,0.8602794408798218,0.5963192582130432
YDR073W,YML065W,0,-0.6395763,0.1263003647327423,0.8602794408798218,0.5964192748069763
YHR161C,YDL231C,1,-0.63978404,0.12642836570739746,0.8612774610519409,0.5964192748069763
YBR240C,YOR343W-A,0,-0.6400632,0.1264098435640335,0.8612774610519409,0.5965192914009094
YJR028W,YMR293C,0,-0.6400649,0.12639133632183075,0.8612774610519409,0.5966193079948425
YMR058W,YOR340C,0,-0.6402288,0.126372829079628,0.8612774610519409,0.5967193245887756
YDR034C-C,YNL153C,0,-0.6405491,0.12635432183742523,0.8612774610519409,0.5968193411827087
YBL066C,YGR238C,0,-0.6408713,0.12633581459522247,0.8612774610519409,0.5969193577766418
YOL043C,YLR057W,0,-0.6411647,0.1263173371553421,0.8612774610519409,0.597019374370575
YDL153C,YPR137C-B,0,-0.6412285,0.12629884481430054,0.8612774610519409,0.5971194505691528
YDR236C,YDL028C,0,-0.6412381,0.12628036737442017,0.8612774610519409,0.5972194671630859
YNL217W,YBL010C,0,-0.64137053,0.1262618899345398,0.8612774610519409,0.597319483757019
YLL032C,YPR011C,0,-0.6415031,0.12624341249465942,0.8612774610519409,0.5974195003509521
YBR294W,YDR238C,0,-0.64180624,0.12622494995594025,0.8612774610519409,0.5975195169448853
YGL079W,YKR037C,0,-0.642004,0.12620648741722107,0.8612774610519409,0.5976195335388184
YGR076C,YPR158C-D,0,-0.6420213,0.12618803977966309,0.8612774610519409,0.5977195501327515
YBR158W,YDL085W,0,-0.64222556,0.1261695921421051,0.8612774610519409,0.5978195667266846
YOR308C,YOR131C,0,-0.6423368,0.12615114450454712,0.8612774610519409,0.5979195833206177
YGL046W,YLR166C,0,-0.6423484,0.12613271176815033,0.8612774610519409,0.5980195999145508
YNL315C,YOR038C,0,-0.642377,0.12611427903175354,0.8612774610519409,0.5981196165084839
YDR083W,YGR199W,0,-0.6428164,0.12609584629535675,0.8612774610519409,0.598219633102417
YLR134W,YFR021W,0,-0.642918,0.12607742846012115,0.8612774610519409,0.5983196496963501
YGL236C,YGL134W,0,-0.64293504,0.12605901062488556,0.8612774610519409,0.5984196662902832
YDR534C,YCL003W,0,-0.64338547,0.12604060769081116,0.8612774610519409,0.5985196828842163
YOR192C-B,YCR012W,0,-0.643626,0.12602218985557556,0.8612774610519409,0.5986196994781494
YOR116C,YJL172W,0,-0.6436588,0.12600380182266235,0.8612774610519409,0.5987197160720825
YDR488C,YLR050C,0,-0.64385647,0.12598539888858795,0.8612774610519409,0.5988197922706604
YDR113C,YMR304W,0,-0.6438945,0.12596701085567474,0.8612774610519409,0.5989198088645935
YER048C,YML045W-A,0,-0.64392555,0.12594862282276154,0.8612774610519409,0.5990198254585266
YPL230W,YBR010W,0,-0.6445569,0.12593024969100952,0.8612774610519409,0.5991198420524597
YPR031W,YMR306W,0,-0.6448253,0.1259118765592575,0.8612774610519409,0.5992198586463928
YLR393W,YNR002C,0,-0.64505833,0.1258935034275055,0.8612774610519409,0.5993198752403259
YER106W,YLL019C,0,-0.6451023,0.12587514519691467,0.8612774610519409,0.599419891834259
YLR286C,YNL127W,0,-0.6452409,0.12585678696632385,0.8612774610519409,0.5995199084281921
YJR017C,YML087C,0,-0.6453579,0.12583844363689423,0.8612774610519409,0.5996199250221252
YHR039C-A,YBR158W,0,-0.6454586,0.1258200854063034,0.8612774610519409,0.5997199416160583
YGR023W,YBR247C,0,-0.6455892,0.12580174207687378,0.8612774610519409,0.5998199582099915
YLR467W,YGR154C,0,-0.6458545,0.12578341364860535,0.8612774610519409,0.5999199748039246
YBR058C,YKL055C,0,-0.6458907,0.12576508522033691,0.8612774610519409,0.6000199913978577
YMR029C,YHR191C,0,-0.64622116,0.12574675679206848,0.8612774610519409,0.6001200079917908
YLR410W-B,YML112W,0,-0.6463406,0.12572844326496124,0.8612774610519409,0.6002200245857239
YLR251W,YJR065C,0,-0.64671767,0.125710129737854,0.8612774610519409,0.600320041179657
YDR261W-B,YER074W,0,-0.6471465,0.12569181621074677,0.8612774610519409,0.6004200577735901
YDR026C,YDR369C,0,-0.64715993,0.12567351758480072,0.8612774610519409,0.6005200743675232
YIR035C,YPR080W,0,-0.6473783,0.12565521895885468,0.8612774610519409,0.6006201505661011
YJR032W,YBR297W,0,-0.6474404,0.12563692033290863,0.8612774610519409,0.6007201671600342
YLL017W,YNL261W,0,-0.6476314,0.12561863660812378,0.8612774610519409,0.6008201837539673
YLR116W,YKL158W,0,-0.6477774,0.12560035288333893,0.8612774610519409,0.6009202003479004
YNL080C,YMR004W,0,-0.6479746,0.12558206915855408,0.8612774610519409,0.6010202169418335
YDR240C,YML045W-A,0,-0.64820004,0.12556380033493042,0.8612774610519409,0.6011202335357666
YPL009C,YOR058C,0,-0.6485506,0.12554553151130676,0.8612774610519409,0.6012202501296997
YDL143W,YEL070W,0,-0.64873016,0.1255272775888443,0.8612774610519409,0.6013202667236328
YLR013W,YJL046W,0,-0.64885306,0.12550902366638184,0.8612774610519409,0.6014202833175659
YMR005W,YDR263C,0,-0.64906085,0.12549076974391937,0.8612774610519409,0.601520299911499
YJR017C,YBR251W,0,-0.64919025,0.1254725158214569,0.8612774610519409,0.6016203165054321
YHR072W-A,YBR289W,0,-0.64919055,0.12545427680015564,0.8612774610519409,0.6017203330993652
YOR313C,YJR034W,0,-0.6492486,0.12543605268001556,0.8612774610519409,0.6018203496932983
YGL083W,YER029C,0,-0.6496968,0.1254178136587143,0.8612774610519409,0.6019203662872314
YBR195C,YDR316W-A,0,-0.6499307,0.12539958953857422,0.8612774610519409,0.6020203828811646
YER048W-A,YER118C,0,-0.6499517,0.12538138031959534,0.8612774610519409,0.6021203994750977
YGR161W-B,YML077W,0,-0.6500182,0.12536315619945526,0.8612774610519409,0.6022204160690308
YER157W,YDR261C-C,0,-0.6500641,0.12534494698047638,0.8612774610519409,0.6023204922676086
YBL088C,YLR246W,0,-0.6501028,0.1253267526626587,0.8612774610519409,0.6024205088615417
YJR147W,YGR199W,0,-0.6503291,0.125308558344841,0.8612774610519409,0.6025205254554749
YMR216C,YJL046W,0,-0.6506449,0.12529036402702332,0.8612774610519409,0.602620542049408
YGL209W,YDR454C,0,-0.6506908,0.12527216970920563,0.8612774610519409,0.6027205586433411
YJL214W,YPL252C,0,-0.650977,0.12525399029254913,0.8612774610519409,0.6028205752372742
YLL001W,YGL227W,0,-0.651163,0.12523581087589264,0.8612774610519409,0.6029205918312073
YLR042C,YGR292W,0,-0.6512575,0.12521764636039734,0.8612774610519409,0.6030206084251404
YOR205C,YFL002W-B,0,-0.65187395,0.12519948184490204,0.8612774610519409,0.6031206250190735
YNL210W,YOR343W-A,0,-0.65188724,0.12518131732940674,0.8612774610519409,0.6032206416130066
YOR174W,YKL212W,0,-0.65207005,0.12516316771507263,0.8612774610519409,0.6033206582069397
YKL211C,YOR192C-A,0,-0.6522943,0.12514501810073853,0.8612774610519409,0.6034206748008728
YDL059C,YGL008C,0,-0.6527871,0.12512686848640442,0.8612774610519409,0.6035206913948059
YKL125W,YGL012W,0,-0.6528217,0.1251087337732315,0.8612774610519409,0.603620707988739
YLR390W,YBR072W,0,-0.6531383,0.1250905990600586,0.8612774610519409,0.6037207245826721
YKR081C,YBR014C,0,-0.653215,0.12507246434688568,0.8612774610519409,0.6038207411766052
YJR130C,YPR119W,0,-0.65354323,0.12505434453487396,0.8612774610519409,0.6039207577705383
YLR233C,YPL172C,0,-0.6536579,0.12503622472286224,0.8612774610519409,0.6040207743644714
YBL088C,YDR536W,0,-0.65381587,0.12501810491085052,0.8612774610519409,0.6041208505630493
YLR113W,YFR031C,0,-0.65400255,0.125,0.8612774610519409,0.6042208671569824
YGR272C,YER074W,0,-0.65414655,0.12498189508914948,0.8612774610519409,0.6043208837509155
YLR084C,YOL019W,0,-0.6543387,0.12496379762887955,0.8612774610519409,0.6044209003448486
YOL103W-B,YKL125W,0,-0.6544496,0.12494570761919022,0.8612774610519409,0.6045209169387817
YDR083W,YDR034C-D,0,-0.65451586,0.12492761760950089,0.8612774610519409,0.6046209335327148
YDR210W-B,YDR014W,0,-0.65462565,0.12490953505039215,0.8612774610519409,0.604720950126648
YNR016C,YDR210C-C,0,-0.6546744,0.12489145994186401,0.8612774610519409,0.604820966720581
YOR084W,YDR473C,0,-0.654778,0.12487339228391647,0.8612774610519409,0.6049209833145142
YLR310C,YNL307C,0,-0.6548965,0.12485532462596893,0.8612774610519409,0.6050209999084473
YLR157C-A,YMR161W,0,-0.65494967,0.12483726441860199,0.8612774610519409,0.6051210165023804
YML036W,YDR164C,0,-0.6549983,0.12481920421123505,0.8612774610519409,0.6052210330963135
YEL065W,YFR051C,0,-0.65543234,0.1248011589050293,0.8612774610519409,0.6053210496902466
YGR014W,YLL027W,0,-0.6556632,0.12478311359882355,0.8612774610519409,0.6054210662841797
YLR342W,YLR359W,0,-0.6557419,0.1247650682926178,0.8612774610519409,0.6055210828781128
YER166W,YPR098C,0,-0.65579724,0.12474703788757324,0.8612774610519409,0.6056210994720459
YPL257W-B,YDR096W,0,-0.6562997,0.12472900748252869,0.8612774610519409,0.605721116065979
YAL026C,YPL145C,1,-0.65661764,0.12485548853874207,0.8622754216194153,0.605721116065979
YGR041W,YKL059C,0,-0.6570451,0.12483745068311691,0.8622754216194153,0.6058211922645569
YJL080C,YER021W,0,-0.65718764,0.12481941282749176,0.8622754216194153,0.60592120885849
YCL045C,YDR495C,0,-0.6572188,0.1248013898730278,0.8622754216194153,0.6060212254524231
YDR429C,YJL221C,0,-0.65727735,0.12478335946798325,0.8622754216194153,0.6061212420463562
YMR312W,YKR038C,0,-0.6573398,0.12476534396409988,0.8622754216194153,0.6062212586402893
YNL136W,YDR261W-A,0,-0.65745664,0.12474732846021652,0.8622754216194153,0.6063212752342224
YGR027W-B,YPR152C,0,-0.65788215,0.12472932040691376,0.8622754216194153,0.6064212918281555
YJL065C,YIL080W,0,-0.657883,0.12471131980419159,0.8622754216194153,0.6065213084220886
YGR134W,YPR158C-C,0,-0.65797436,0.12469331920146942,0.8622754216194153,0.6066213250160217
YLR441C,YLR373C,0,-0.6583109,0.12467532604932785,0.8622754216194153,0.6067213416099548
YFR013W,YOR360C,0,-0.65839505,0.12465733289718628,0.8622754216194153,0.6068213582038879
YPR022C,YDL216C,0,-0.6584083,0.1246393546462059,0.8622754216194153,0.606921374797821
YOL033W,YML091C,0,-0.65884894,0.12462137639522552,0.8622754216194153,0.6070213913917542
YDL084W,YLL003W,0,-0.65897197,0.12460340559482574,0.8622754216194153,0.6071214079856873
YKR013W,YDR006C,0,-0.659001,0.12458543479442596,0.8622754216194153,0.6072214245796204
YMR218C,YBR057C,0,-0.6591247,0.12456747144460678,0.8622754216194153,0.6073214411735535
YHR214C-B,YIL009C-A,0,-0.659166,0.1245495155453682,0.8622754216194153,0.6074214577674866
YHL020C,YER104W,0,-0.65930176,0.1245315670967102,0.8622754216194153,0.6075215339660645
YBL060W,YNL030W,0,-0.65954864,0.12451361864805222,0.8622754216194153,0.6076215505599976
YNR031C,YLL001W,0,-0.65977484,0.12449567764997482,0.8622754216194153,0.6077215671539307
YDR210W-A,YDL215C,0,-0.6599008,0.12447774410247803,0.8622754216194153,0.6078215837478638
YKL018W,YPL088W,0,-0.6600144,0.12445981055498123,0.8622754216194153,0.6079216003417969
YGR203W,YLR337W,0,-0.66003746,0.12444188445806503,0.8622754216194153,0.60802161693573
YHL009W-A,YPL232W,0,-0.66004735,0.12442396581172943,0.8622754216194153,0.6081216335296631
YOR192C-B,YBL039C,0,-0.66028523,0.12440604716539383,0.8622754216194153,0.6082216501235962
YDR177W,YEL027W,1,-0.66034645,0.12453210353851318,0.8632734417915344,0.6082216501235962
YPL026C,YNL075W,0,-0.66043234,0.12451417744159698,0.8632734417915344,0.6083216667175293
YDR365W-B,YBR009C,0,-0.660693,0.12449625879526138,0.8632734417915344,0.6084216833114624
YKL074C,YDL054C,0,-0.6608013,0.12447834014892578,0.8632734417915344,0.6085216999053955
YPL059W,YPR137C-B,0,-0.66080546,0.12446042895317078,0.8632734417915344,0.6086217164993286
YDL114W,YGR277C,0,-0.66098225,0.12444252520799637,0.8632734417915344,0.6087217330932617
YML039W,YKL113C,0,-0.6610608,0.12442462891340256,0.8632734417915344,0.6088217496871948
YJR110W,YLR285W,0,-0.6611471,0.12440673261880875,0.8632734417915344,0.6089217662811279
YBL064C,YPL050C,0,-0.6617197,0.12438884377479553,0.8632734417915344,0.609021782875061
YMR308C,YMR301C,0,-0.6618314,0.12437095493078232,0.8632734417915344,0.6091217994689941
YLR371W,YNR015W,0,-0.661891,0.1243530735373497,0.8632734417915344,0.6092218160629272
YHR203C,YHR191C,0,-0.662412,0.12433519959449768,0.8632734417915344,0.6093218922615051
YJR145C,YIL042C,0,-0.66251177,0.12431733310222626,0.8632734417915344,0.6094219088554382
YOR313C,YNL027W,0,-0.6626905,0.12429946660995483,0.8632734417915344,0.6095219254493713
YJL014W,YDR261W-A,0,-0.66278327,0.12428160756826401,0.8632734417915344,0.6096219420433044
YNL077W,YMR021C,0,-0.6628912,0.12426375597715378,0.8632734417915344,0.6097219586372375
YGR132C,YDR524C,0,-0.6629626,0.12424590438604355,0.8632734417915344,0.6098219752311707
YFL055W,YFL021W,0,-0.6638306,0.12422806024551392,0.8632734417915344,0.6099219918251038
YOR089C,YEL027W,1,-0.66427517,0.1243538185954094,0.8642714619636536,0.6099219918251038
YBR237W,YDR488C,0,-0.6643994,0.12433596700429916,0.8642714619636536,0.6100220084190369
YDL030W,YGR058W,0,-0.66510695,0.12431811541318893,0.8642714619636536,0.61012202501297
YLR014C,YOL107W,0,-0.6652404,0.1243002712726593,0.8642714619636536,0.6102220416069031
YER164W,YNL010W,0,-0.66535485,0.12428243458271027,0.8642714619636536,0.6103220582008362
YLR242C,YGL131C,0,-0.6656261,0.12426459789276123,0.8642714619636536,0.6104220747947693
YMR044W,YLR256W-A,0,-0.6658761,0.12424676865339279,0.8642714619636536,0.6105220913887024
YDR137W,YBR172C,0,-0.666124,0.12422894686460495,0.8642714619636536,0.6106221079826355
YJR151C,YGR195W,0,-0.6662232,0.1242111325263977,0.8642714619636536,0.6107221245765686
YOR292C,YHR089C,0,-0.66639936,0.12419331818819046,0.8642714619636536,0.6108221411705017
YCL066W,YNR063W,0,-0.6664657,0.12417551130056381,0.8642714619636536,0.6109221577644348
YCR083W,YPL255W,0,-0.66691697,0.12415770441293716,0.8642714619636536,0.6110222339630127
YHR062C,YOR381W,0,-0.66700983,0.12413990497589111,0.8642714619636536,0.6111222505569458
YAL014C,YLR213C,0,-0.6673149,0.12412211298942566,0.8642714619636536,0.6112222671508789
YPR194C,YJL187C,0,-0.6676421,0.1241043284535408,0.8642714619636536,0.611322283744812
YDR261W-B,YCR098C,0,-0.66783476,0.12408654391765594,0.8642714619636536,0.6114223003387451
YPR201W,YLR430W,0,-0.66818476,0.12406876683235168,0.8642714619636536,0.6115223169326782
YDR073W,YGR161C-C,0,-0.6681964,0.12405099719762802,0.8642714619636536,0.6116223335266113
YJR097W,YCL050C,0,-0.6682728,0.12403322756290436,0.8642714619636536,0.6117223501205444
YIR002C,YPL257W-A,0,-0.66853166,0.12401546537876129,0.8642714619636536,0.6118223667144775
YNL079C,YML066C,0,-0.66867673,0.12399771064519882,0.8642714619636536,0.6119223833084106
YOL125W,YLL050C,0,-0.66898936,0.12397995591163635,0.8642714619636536,0.6120223999023438
YMR199W,YKL140W,0,-0.66912544,0.12396220862865448,0.8642714619636536,0.6121224164962769
YNL092W,YML104C,0,-0.66920364,0.1239444687962532,0.8642714619636536,0.61222243309021
YOL040C,YHR074W,0,-0.6692175,0.12392672896385193,0.8642714619636536,0.6123224496841431
YLR337W,YPR171W,1,-0.6695107,0.12405208498239517,0.8652694821357727,0.6123224496841431
YJL062W-A,YKL212W,0,-0.6697657,0.1240343376994133,0.8652694821357727,0.6124224662780762
YPR201W,YBR185C,0,-0.6702486,0.12401659041643143,0.8652694821357727,0.6125224828720093
YLR276C,YDR261C-C,0,-0.6704314,0.12399885803461075,0.8652694821357727,0.6126224994659424
YBR176W,YPR060C,0,-0.67046165,0.12398112565279007,0.8652694821357727,0.6127225160598755
YBR216C,YPR204W,0,-0.670469,0.12396340072154999,0.8652694821357727,0.6128225922584534
YJL079C,YOR338W,0,-0.6705698,0.1239456757903099,0.8652694821357727,0.6129226088523865
YDR279W,YHR178W,0,-0.6707332,0.12392795830965042,0.8652694821357727,0.6130226254463196
YBL101W-A,YDR158W,0,-0.6708295,0.12391024827957153,0.8652694821357727,0.6131226420402527
YOR356W,YJL136C,0,-0.6708765,0.12389253824949265,0.8652694821357727,0.6132226586341858
YNL241C,YML040W,0,-0.67091775,0.12387483566999435,0.8652694821357727,0.6133226752281189
YBR088C,YLR204W,0,-0.67099553,0.12385714054107666,0.8652694821357727,0.613422691822052
YGL156W,YBL011W,0,-0.67138904,0.12383945286273956,0.8652694821357727,0.6135227084159851
YNL315C,YLR398C,0,-0.67168534,0.12382176518440247,0.8652694821357727,0.6136227250099182
YKL178C,YLR153C,0,-0.6717347,0.12380408495664597,0.8652694821357727,0.6137227416038513
YNL136W,YLL036C,0,-0.6719519,0.12378640472888947,0.8652694821357727,0.6138227581977844
YJR133W,YOR142W-B,0,-0.6721911,0.12376873940229416,0.8652694821357727,0.6139227747917175
YBR186W,YJR004C,0,-0.6722362,0.12375107407569885,0.8652694821357727,0.6140227913856506
YOR327C,YER087C-B,0,-0.6722779,0.12373340874910355,0.8652694821357727,0.6141228079795837
YKL024C,YBR296C,0,-0.67234164,0.12371575087308884,0.8652694821357727,0.6142228245735168
YBL078C,YOR343W-A,0,-0.67246497,0.12369810044765472,0.8652694821357727,0.61432284116745
YLR224W,YKL203C,0,-0.67300105,0.12368045747280121,0.8652694821357727,0.6144228577613831
YER075C,YNR017W,0,-0.67324877,0.12366281449794769,0.8652694821357727,0.6145229339599609
YPR137C-A,YDR086C,0,-0.67334396,0.12364517897367477,0.8652694821357727,0.614622950553894
YPL202C,YNL210W,0,-0.6735232,0.12362755089998245,0.8652694821357727,0.6147229671478271
YOR361C,YHR174W,0,-0.67364085,0.12360992282629013,0.8652694821357727,0.6148229837417603
YLR130C,YNR073C,0,-0.67379355,0.1235923022031784,0.8652694821357727,0.6149230003356934
YOR269W,YPL108W,0,-0.67392504,0.12357468903064728,0.8652694821357727,0.6150230169296265
YIL066C,YNL050C,0,-0.6739565,0.12355707585811615,0.8652694821357727,0.6151230335235596
YGR199W,YHL033C,0,-0.6741718,0.12353947013616562,0.8652694821357727,0.6152230501174927
YOR003W,YGL211W,0,-0.6747592,0.12352187186479568,0.8652694821357727,0.6153230667114258
YCL026C-B,YML022W,0,-0.67487925,0.12350427359342575,0.8652694821357727,0.6154230833053589
YBR158W,YLR227W-B,0,-0.6751512,0.12348668277263641,0.8652694821357727,0.615523099899292
YLR429W,YAR010C,0,-0.6752809,0.12346909940242767,0.8652694821357727,0.6156231164932251
YLL002W,YDL112W,0,-0.6753042,0.12345151603221893,0.8652694821357727,0.6157231330871582
YLR410W-B,YMR296C,0,-0.67610157,0.12343394011259079,0.8652694821357727,0.6158231496810913
YJR107W,YBL106C,0,-0.67612165,0.12341637164354324,0.8652694821357727,0.6159231662750244
YER159C-A,YIL131C,0,-0.67616844,0.1233988031744957,0.8652694821357727,0.6160231828689575
YDR307W,YEL059C-A,0,-0.6765168,0.12338124215602875,0.8652694821357727,0.6161231994628906
YLL040C,YMR180C,0,-0.6765271,0.1233636885881424,0.8652694821357727,0.6162232160568237
YOR374W,YHR153C,0,-0.67687446,0.12334613502025604,0.8652694821357727,0.6163232922554016
YDR511W,YCR008W,0,-0.6769945,0.12332858890295029,0.8652694821357727,0.6164233088493347
YPR102C,YBL020W,0,-0.6771966,0.12331105023622513,0.8652694821357727,0.6165233254432678
YIR022W,YKR055W,0,-0.67719704,0.12329351902008057,0.8652694821357727,0.6166233420372009
YGL206C,YLR342W,1,-0.6772419,0.1234181746840477,0.8662674427032471,0.6166233420372009
YMR309C,YMR257C,0,-0.677373,0.12340062856674194,0.8662674427032471,0.616723358631134
YDR285W,YIL093C,0,-0.67757523,0.12338308244943619,0.8662674427032471,0.6168233752250671
YMR142C,YIL039W,0,-0.6777299,0.12336555123329163,0.8662674427032471,0.6169233918190002
YCR080W,YHR004C,0,-0.67774993,0.12334802001714706,0.8662674427032471,0.6170234084129333
YEL071W,YJL041W,0,-0.6778632,0.1233304888010025,0.8662674427032471,0.6171234250068665
YAR007C,YLR227W-B,0,-0.67827374,0.12331297248601913,0.8662674427032471,0.6172234416007996
YOR216C,YOL103W,0,-0.67847323,0.12329545617103577,0.8662674427032471,0.6173234581947327
YMR019W,YBL102W,0,-0.678949,0.1232779398560524,0.8662674427032471,0.6174234747886658
YCL060C,YGR124W,0,-0.67902935,0.12326043844223022,0.8662674427032471,0.6175234913825989
YBR265W,YMR236W,0,-0.6791209,0.12324293702840805,0.8662674427032471,0.617623507976532
YJL138C,YGL059W,0,-0.6791437,0.12322544306516647,0.8662674427032471,0.6177235245704651
YER074W-A,YKL137W,0,-0.6791749,0.1232079491019249,0.8662674427032471,0.6178235411643982
YOR303W,YLL033W,0,-0.6792053,0.12319046258926392,0.8662674427032471,0.6179235577583313
YPR186C,YDR218C,0,-0.6794623,0.12317298352718353,0.8662674427032471,0.6180236339569092
YMR113W,YGR038C-A,0,-0.67964697,0.12315550446510315,0.8662674427032471,0.6181236505508423
YGR274C,YOR159C,0,-0.6797336,0.12313803285360336,0.8662674427032471,0.6182236671447754
YGL020C,YLR016C,0,-0.6797782,0.12312056869268417,0.8662674427032471,0.6183236837387085
YBL045C,YNL010W,0,-0.67993176,0.12310310453176498,0.8662674427032471,0.6184237003326416
YOR304C-A,YLR182W,0,-0.6801146,0.12308564782142639,0.8662674427032471,0.6185237169265747
YDR338C,YCL024W,0,-0.6804628,0.1230681985616684,0.8662674427032471,0.6186237335205078
YDR302W,YGR085C,0,-0.68051934,0.1230507493019104,0.8662674427032471,0.6187237501144409
YDR210W-B,YGR088W,0,-0.680612,0.123033307492733,0.8662674427032471,0.618823766708374
YGL050W,YDR262W,0,-0.6806407,0.1230158731341362,0.8662674427032471,0.6189237833023071
YBR075W,YBL101W-A,0,-0.6806508,0.1229984387755394,0.8662674427032471,0.6190237998962402
YER183C,YEL042W,0,-0.6806685,0.1229810118675232,0.8662674427032471,0.6191238164901733
YLR316C,YLR418C,0,-0.68092656,0.12296359241008759,0.8662674427032471,0.6192238330841064
YLR040C,YML040W,0,-0.6813644,0.12294617295265198,0.8662674427032471,0.6193238496780396
YBR274W,YFR018C,0,-0.68156517,0.12292876094579697,0.8662674427032471,0.6194238662719727
YPL208W,YDR349C,0,-0.68159527,0.12291135638952255,0.8662674427032471,0.6195238828659058
YNL037C,YMR308C,0,-0.68172145,0.12289395183324814,0.8662674427032471,0.6196238994598389
YGL121C,YGR257C,0,-0.681893,0.12287655472755432,0.8662674427032471,0.619723916053772
YIL094C,YMR134W,0,-0.6822616,0.1228591650724411,0.8662674427032471,0.6198239922523499
YHR074W,YPR094W,0,-0.68231833,0.12284177541732788,0.8662674427032471,0.619924008846283
YBL054W,YGR077C,0,-0.68260634,0.12282439321279526,0.8662674427032471,0.6200240254402161
YEL029C,YML032C,0,-0.6826489,0.12280701845884323,0.8662674427032471,0.6201240420341492
YGR161W-B,YNL097C,0,-0.6826595,0.1227896437048912,0.8662674427032471,0.6202240586280823
YOL104C,YGR161C-C,0,-0.68275034,0.12277227640151978,0.8662674427032471,0.6203240752220154
YGR295C,YPL217C,0,-0.6828223,0.12275491654872894,0.8662674427032471,0.6204240918159485
YBR118W,YNL026W,0,-0.6831576,0.12273755669593811,0.8662674427032471,0.6205241084098816
YER173W,YJR021C,0,-0.6833048,0.12272020429372787,0.8662674427032471,0.6206241250038147
YKL028W,YHL009W-A,0,-0.6835526,0.12270285189151764,0.8662674427032471,0.6207241415977478
YOR343W-B,YCR052W,0,-0.68375134,0.1226855143904686,0.8662674427032471,0.6208241581916809
YOR192C-B,YPR054W,0,-0.6839323,0.12266817688941956,0.8662674427032471,0.620924174785614
YGR038C-B,YKL188C,0,-0.68412614,0.12265083938837051,0.8662674427032471,0.6210241913795471
YDR129C,YLR056W,1,-0.6841464,0.12277479469776154,0.8672654628753662,0.6210241913795471
YKL127W,YNL097C,0,-0.6846884,0.1227574497461319,0.8672654628753662,0.6211242079734802
YOR322C,YCR053W,1,-0.6846954,0.12288135290145874,0.8682634830474854,0.6211242079734802
YLR024C,YIL134W,0,-0.68473536,0.1228640004992485,0.8682634830474854,0.6212242245674133
YGR177C,YGL077C,0,-0.68500286,0.12284665554761887,0.8682634830474854,0.6213242411613464
YOL027C,YCR057C,0,-0.68573403,0.12282931059598923,0.8682634830474854,0.6214242577552795
YDR047W,YBL071W-A,0,-0.68600416,0.12281197309494019,0.8682634830474854,0.6215243339538574
YDR252W,YLR410W-B,0,-0.686117,0.12279463559389114,0.8682634830474854,0.6216243505477905
YDL036C,YIL115C,0,-0.6862711,0.1227773055434227,0.8682634830474854,0.6217243671417236
YGR038C-B,YBR198C,0,-0.6865971,0.12275998294353485,0.8682634830474854,0.6218243837356567
YNL078W,YBL010C,0,-0.68695515,0.122742660343647,0.8682634830474854,0.6219244003295898
YFR046C,YGL222C,0,-0.6872269,0.12272535264492035,0.8682634830474854,0.622024416923523
YDR316W-A,YBR084C-A,0,-0.68742096,0.1227080374956131,0.8682634830474854,0.622124433517456
YMR276W,YDR090C,0,-0.6875173,0.12269073724746704,0.8682634830474854,0.6222244501113892
YPL026C,YAL010C,0,-0.6876159,0.12267343699932098,0.8682634830474854,0.6223244667053223
YFR036W,YPR025C,0,-0.6877383,0.12265613675117493,0.8682634830474854,0.6224244832992554
YGL223C,YOL052C,0,-0.6878505,0.12263885140419006,0.8682634830474854,0.6225244998931885
YDL137W,YDL206W,0,-0.6878842,0.1226215660572052,0.8682634830474854,0.6226245164871216
YMR019W,YPL092W,0,-0.68801296,0.12260428071022034,0.8682634830474854,0.6227245330810547
YOR244W,YHR058C,0,-0.6881181,0.12258701026439667,0.8682634830474854,0.6228245496749878
YMR303C,YIL074C,0,-0.6881569,0.122569739818573,0.8682634830474854,0.6229245662689209
YMR273C,YLR285W,0,-0.68827367,0.12255246937274933,0.8682634830474854,0.623024582862854
YJL079C,YDL110C,0,-0.6883091,0.12253521382808685,0.8682634830474854,0.6231245994567871
YPL086C,YMR203W,0,-0.6884277,0.12251795828342438,0.8682634830474854,0.6232246160507202
YNL008C,YEL042W,0,-0.688695,0.1225007027387619,0.8682634830474854,0.6233246922492981
YOR216C,YGR276C,0,-0.68895245,0.12248345464468002,0.8682634830474854,0.6234247088432312
YOR307C,YBR177C,0,-0.68913496,0.12246621400117874,0.8682634830474854,0.6235247254371643
YLR306W,YGL008C,0,-0.6893643,0.12244898080825806,0.8682634830474854,0.6236247420310974
YOL041C,YLR410W-A,0,-0.6893852,0.12243174761533737,0.8682634830474854,0.6237247586250305
YNL122C,YEL022W,0,-0.6895053,0.12241452187299728,0.8682634830474854,0.6238247752189636
YJR053W,YIR013C,0,-0.6899617,0.1223972961306572,0.8682634830474854,0.6239247918128967
YJL051W,YGR061C,0,-0.6903225,0.1223800852894783,0.8682634830474854,0.6240248084068298
YJR060W,YER074W-A,0,-0.6903517,0.12236286699771881,0.8682634830474854,0.6241248250007629
YJL136C,YPL003W,0,-0.6905476,0.12234566360712051,0.8682634830474854,0.624224841594696
YGR032W,YLR229C,0,-0.69103634,0.12232846021652222,0.8682634830474854,0.6243248581886292
YLR410W-B,YOR386W,0,-0.6910978,0.12231126427650452,0.8682634830474854,0.6244248747825623
YDR320C-A,YKL055C,0,-0.6911262,0.12229406833648682,0.8682634830474854,0.6245248913764954
YHR207C,YOR298W,0,-0.6911778,0.12227687984704971,0.8682634830474854,0.6246249079704285
YKL084W,YDL104C,0,-0.69127095,0.1222596988081932,0.8682634830474854,0.6247249245643616
YLR265C,YGR172C,0,-0.691365,0.1222425177693367,0.8682634830474854,0.6248249411582947
YDR245W,YDR254W,0,-0.69138443,0.12222534418106079,0.8682634830474854,0.6249249577522278
YHL001W,YBL071W-A,0,-0.6914582,0.12220817804336548,0.8682634830474854,0.6250250339508057
YGL236C,YDR466W,0,-0.69150925,0.12219101190567017,0.8682634830474854,0.6251250505447388
YKR057W,YIL027C,0,-0.6916195,0.12217385321855545,0.8682634830474854,0.6252250671386719
YDR226W,YGL166W,0,-0.6917089,0.12215669453144073,0.8682634830474854,0.625325083732605
YMR049C,YLR418C,0,-0.6918606,0.12213955074548721,0.8682634830474854,0.6254251003265381
YPL060W,YPL256C,0,-0.6922053,0.1221223995089531,0.8682634830474854,0.6255251169204712
YNL297C,YOR329C,1,-0.69248974,0.12224561721086502,0.8692615032196045,0.6255251169204712
YDR299W,YBR253W,0,-0.69258046,0.1222284585237503,0.8692615032196045,0.6256251335144043
YPL108W,YLR404W,0,-0.69334984,0.12221130728721619,0.8692615032196045,0.6257251501083374
YKL200C,YJL044C,0,-0.6937082,0.12219416350126266,0.8692615032196045,0.6258251667022705
YDR047W,YGR027W-A,0,-0.6937594,0.12217701971530914,0.8692615032196045,0.6259251832962036
YAR066W,YAL024C,0,-0.6937876,0.12215989083051682,0.8692615032196045,0.6260251998901367
YNL262W,YMR307W,0,-0.69422734,0.12214275449514389,0.8692615032196045,0.6261252164840698
YBR231C,YKL166C,0,-0.6945644,0.12212563306093216,0.8692615032196045,0.6262252330780029
YPL083C,YHR134W,0,-0.69472045,0.12210851162672043,0.8692615032196045,0.626325249671936
YCL003W,YEL022W,0,-0.6948207,0.1220913901925087,0.8692615032196045,0.6264252662658691
YNL175C,YLR016C,0,-0.6950034,0.12207428365945816,0.8692615032196045,0.6265252828598022
YGR048W,YDR536W,0,-0.69513226,0.12205717712640762,0.8692615032196045,0.6266252994537354
YNL037C,YDR134C,0,-0.6954989,0.12204007059335709,0.8692615032196045,0.6267253160476685
YIR028W,YHR011W,0,-0.69555694,0.12202297896146774,0.8692615032196045,0.6268253922462463
YPL211W,YBR230C,0,-0.6958143,0.1220058798789978,0.8692615032196045,0.6269254088401794
YER096W,YJL024C,0,-0.6958633,0.12198879569768906,0.8692615032196045,0.6270254254341125
YBR253W,YBR019C,0,-0.6966008,0.12197171151638031,0.8692615032196045,0.6271254420280457
YML009C,YMR182C,0,-0.6971946,0.12195463478565216,0.8692615032196045,0.6272254586219788
YJR110W,YOL100W,0,-0.6974495,0.12193755805492401,0.8692615032196045,0.6273254752159119
YLR410W-B,YNR047W,0,-0.6975118,0.12192049622535706,0.8692615032196045,0.627425491809845
YBL066C,YPL033C,0,-0.69775873,0.1219034269452095,0.8692615032196045,0.6275255084037781
YDR462W,YNR069C,0,-0.6979201,0.12188637256622314,0.8692615032196045,0.6276255249977112
YPR171W,YDR093W,1,-0.69804394,0.12200923264026642,0.8702594637870789,0.6276255249977112
YBL026W,YBR204C,0,-0.69813704,0.12199216336011887,0.8702594637870789,0.6277255415916443
YDR338C,YPL244C,0,-0.6984187,0.12197510153055191,0.8702594637870789,0.6278255581855774
YCL075W,YKR059W,0,-0.6986716,0.12195803970098495,0.8702594637870789,0.6279255747795105
YOR343W-B,YJL136C,0,-0.6987181,0.1219409853219986,0.8702594637870789,0.6280255913734436
YPR178W,YHR005C-A,0,-0.69871974,0.12192393839359283,0.8702594637870789,0.6281256079673767
YOL109W,YNL053W,0,-0.69874346,0.12190689146518707,0.8702594637870789,0.6282256245613098
YNL299W,YPR137C-A,0,-0.6988343,0.12188985198736191,0.8702594637870789,0.6283256411552429
YBR296C,YPR166C,0,-0.6989554,0.12187281250953674,0.8702594637870789,0.628425657749176
YNL069C,YOR221C,0,-0.69905305,0.12185578793287277,0.8702594637870789,0.6285257339477539
YMR012W,YPL265W,0,-0.6991675,0.1218387559056282,0.8702594637870789,0.628625750541687
YGR062C,YKL175W,0,-0.69987965,0.12182173877954483,0.8702594637870789,0.6287257671356201
YGR052W,YGL137W,0,-0.7002749,0.12180472165346146,0.8702594637870789,0.6288257837295532
YOL049W,YOR083W,0,-0.7003956,0.12178771197795868,0.8702594637870789,0.6289258003234863
YPL111W,YDR147W,0,-0.7005373,0.1217707023024559,0.8702594637870789,0.6290258169174194
YIL136W,YPL090C,0,-0.70061195,0.12175370007753372,0.8702594637870789,0.6291258335113525
YMR268C,YOR355W,0,-0.7009474,0.12173670530319214,0.8702594637870789,0.6292258501052856
YDL142C,YDR404C,0,-0.70114225,0.12171971052885056,0.8702594637870789,0.6293258666992188
YKL089W,YML066C,0,-0.70120937,0.12170272320508957,0.8702594637870789,0.6294258832931519
YCR077C,YFR045W,0,-0.701285,0.12168573588132858,0.8702594637870789,0.629525899887085
YGR221C,YLR286C,0,-0.70140314,0.1216687560081482,0.8702594637870789,0.6296259164810181
YNL224C,YGR104C,0,-0.70144165,0.1216517835855484,0.8702594637870789,0.6297259330749512
YDR409W,YOR192C-A,0,-0.70157313,0.1216348186135292,0.8702594637870789,0.6298259496688843
YDR085C,YMR008C,0,-0.7018284,0.12161785364151001,0.8702594637870789,0.6299259662628174
YDR465C,YFL066C,0,-0.70184964,0.12160089612007141,0.8702594637870789,0.6300259828567505
YCR055C,YDR123C,0,-0.70226383,0.12158393859863281,0.8702594637870789,0.6301259994506836
YNL262W,YHR030C,0,-0.70253694,0.12156698852777481,0.8702594637870789,0.6302260160446167
YOL112W,YDR247W,0,-0.7026872,0.12155003845691681,0.8702594637870789,0.6303260922431946
YFL004W,YOL105C,0,-0.702759,0.12153310328722,0.8702594637870789,0.6304261088371277
YDR205W,YHR161C,0,-0.7028043,0.1215161681175232,0.8702594637870789,0.6305261254310608
YMR308C,YCR048W,0,-0.7033716,0.12149923294782639,0.8702594637870789,0.6306261420249939
YGR101W,YJL121C,0,-0.7034168,0.12148230522871017,0.8702594637870789,0.630726158618927
YDR129C,YHR016C,1,-0.70367485,0.12160468101501465,0.871257483959198,0.630726158618927
YDR093W,YKL203C,1,-0.70369846,0.12172701954841614,0.8722555041313171,0.630726158618927
YOR344C,YDR014W,0,-0.7040899,0.12171006947755814,0.8722555041313171,0.6308261752128601
YLR126C,YMR123W,0,-0.70429695,0.12169311940670013,0.8722555041313171,0.6309261918067932
YOR313C,YGL255W,0,-0.70435005,0.12167617678642273,0.8722555041313171,0.6310262084007263
YFR045W,YPL266W,0,-0.7043693,0.12165924161672592,0.8722555041313171,0.6311262249946594
YDL210W,YLL005C,0,-0.70442444,0.12164231389760971,0.8722555041313171,0.6312262415885925
YCR080W,YHL033C,0,-0.7045622,0.1216253861784935,0.8722555041313171,0.6313262581825256
YJR075W,YJL018W,0,-0.7047971,0.12160845845937729,0.8722555041313171,0.6314262747764587
YPL257W-B,YGL224C,0,-0.70528203,0.12159153819084167,0.8722555041313171,0.6315262913703918
YFL052W,YOL139C,0,-0.7054905,0.12157462537288666,0.8722555041313171,0.631626307964325
YJR032W,YGL011C,0,-0.7056381,0.12155772000551224,0.8722555041313171,0.6317263245582581
YDR530C,YPR137C-B,0,-0.7056483,0.12154081463813782,0.8722555041313171,0.6318263411521912
YDR479C,YLR319C,0,-0.7057164,0.121523916721344,0.8722555041313171,0.6319263577461243
YOR295W,YDR380W,0,-0.70594805,0.12150701880455017,0.8722555041313171,0.6320264339447021
YLR098C,YDR121W,0,-0.7060665,0.12149012833833694,0.8722555041313171,0.6321264505386353
YNL093W,YDR388W,1,-0.70632386,0.12161222845315933,0.8732534646987915,0.6321264505386353
YGR278W,YGL191W,0,-0.7068943,0.12159533053636551,0.8732534646987915,0.6322264671325684
YFR009W,YLR126C,0,-0.70721185,0.12157843261957169,0.8732534646987915,0.6323264837265015
YJL159W,YBL089W,0,-0.70765996,0.12156154215335846,0.8732534646987915,0.6324265003204346
YDR059C,YPL004C,1,-0.7081571,0.12168356776237488,0.8742514848709106,0.6324265003204346
YHL001W,YJR121W,0,-0.708169,0.12166666984558105,0.8742514848709106,0.6325265169143677
YLR337W,YIL041W,1,-0.7084131,0.1217886433005333,0.8752495050430298,0.6325265169143677
YLR410W-B,YPR127W,0,-0.70897126,0.12177173048257828,0.8752495050430298,0.6326265335083008
YBR186W,YBR012W-A,0,-0.7089836,0.12175482511520386,0.8752495050430298,0.6327265501022339
YLR233C,YBR150C,0,-0.70903885,0.12173791974782944,0.8752495050430298,0.632826566696167
YPR061C,YOL017W,0,-0.709962,0.12172102928161621,0.8752495050430298,0.6329265832901001
YBR075W,YBR056W,0,-0.71016973,0.12170413881540298,0.8752495050430298,0.6330265998840332
YGR140W,YDL028C,0,-0.7102245,0.12168724834918976,0.8752495050430298,0.6331266164779663
YDR210W-B,YGL012W,0,-0.7102428,0.12167036533355713,0.8752495050430298,0.6332266330718994
YMR233W,YGL158W,0,-0.71073043,0.1216534897685051,0.8752495050430298,0.6333266496658325
YPR041W,YGL237C,0,-0.7108416,0.12163661420345306,0.8752495050430298,0.6334266662597656
YOR304C-A,YLR398C,0,-0.7111107,0.12161974608898163,0.8752495050430298,0.6335266828536987
YMR023C,YJR089W,0,-0.7112293,0.12160288542509079,0.8752495050430298,0.6336266994476318
YCR071C,YPL078C,0,-0.7113361,0.12158602476119995,0.8752495050430298,0.6337267160415649
YMR079W,YPL139C,0,-0.71153474,0.12156917154788971,0.8752495050430298,0.6338267922401428
YGR038C-B,YLR020C,0,-0.7116947,0.12155231833457947,0.8752495050430298,0.6339268088340759
YIL142W,YNL191W,0,-0.7117219,0.12153548002243042,0.8752495050430298,0.634026825428009
YEL034W,YMR022W,0,-0.71175045,0.12151863425970078,0.8752495050430298,0.6341268420219421
YCL057W,YCR097WB,0,-0.71190614,0.12150180339813232,0.8752495050430298,0.6342268586158752
YEL065W,YPL047W,0,-0.7119384,0.12148497253656387,0.8752495050430298,0.6343268752098083
YGL014W,YBR179C,0,-0.7121832,0.12146814167499542,0.8752495050430298,0.6344268918037415
YMR277W,YOR278W,0,-0.7123989,0.12145132571458817,0.8752495050430298,0.6345269083976746
YCR054C,YOL067C,0,-0.7124001,0.12143450230360031,0.8752495050430298,0.6346269249916077
YDR314C,YIR036C,0,-0.71243453,0.12141769379377365,0.8752495050430298,0.6347269415855408
YOR245C,YLR453C,0,-0.7127236,0.12140088528394699,0.8752495050430298,0.6348269581794739
YGR023W,YKL158W,0,-0.71315765,0.12138408422470093,0.8752495050430298,0.634926974773407
YKL018W,YDL229W,0,-0.7133333,0.12136728316545486,0.8752495050430298,0.6350269913673401
YDR197W,YNL117W,0,-0.71411234,0.1213504895567894,0.8752495050430298,0.6351270079612732
YGR238C,YBR299W,0,-0.7141905,0.12133370339870453,0.8752495050430298,0.6352270245552063
YPL269W,YGL030W,0,-0.71424687,0.12131691724061966,0.8752495050430298,0.6353270411491394
YDL005C,YDR362C,0,-0.71433276,0.12130013853311539,0.8752495050430298,0.6354270577430725
YLR342W,YOR089C,1,-0.7146683,0.12142165750265121,0.8762475252151489,0.6354270577430725
YDR118W,YBR228W,0,-0.7149186,0.12140486389398575,0.8762475252151489,0.6355271339416504
YPL026C,YGL013C,0,-0.71501416,0.12138808518648148,0.8762475252151489,0.6356271505355835
YGL095C,YPL160W,0,-0.71537757,0.1213712990283966,0.8762475252151489,0.6357271671295166
YMR112C,YGL013C,0,-0.71544415,0.12135452777147293,0.8762475252151489,0.6358271837234497
YOR290C,YNL124W,0,-0.71568286,0.12133775651454926,0.8762475252151489,0.6359272003173828
YHR016C,YHR039C-B,0,-0.71614474,0.12132099270820618,0.8762475252151489,0.6360272169113159
YJL024C,YGR092W,0,-0.7161735,0.1213042289018631,0.8762475252151489,0.636127233505249
YKL210W,YBL101W-B,0,-0.7162476,0.12128747254610062,0.8762475252151489,0.6362272500991821
YMR199W,YBR176W,0,-0.71644354,0.12127071619033813,0.8762475252151489,0.6363272666931152
YEL063C,YBR022W,0,-0.7172131,0.12125396728515625,0.8762475252151489,0.6364272832870483
YMR127C,YHR161C,0,-0.71736515,0.12123722583055496,0.8762475252151489,0.6365272998809814
YGR076C,YPR001W,0,-0.71788114,0.12122049182653427,0.8762475252151489,0.6366273164749146
YOR192C-B,YDL130W-A,0,-0.7183356,0.12120375782251358,0.8762475252151489,0.6367273330688477
YBR042C,YDR320C,0,-0.7184041,0.12118702381849289,0.8762475252151489,0.6368273496627808
YEL065W,YNL097C,0,-0.7187023,0.1211702972650528,0.8762475252151489,0.6369273662567139
YAR019C,YNL310C,0,-0.71938914,0.1211535781621933,0.8762475252151489,0.637027382850647
YNL178W,YBL071W-A,0,-0.71941406,0.1211368665099144,0.8762475252151489,0.6371273994445801
YLR121C,YHR039C-B,0,-0.71981835,0.1211201548576355,0.8762475252151489,0.6372274160385132
YPR137C-A,YIL160C,0,-0.720008,0.1211034506559372,0.8762475252151489,0.6373274922370911
YDR115W,YOR046C,0,-0.7204403,0.12108674645423889,0.8762475252151489,0.6374275088310242
YIL094C,YGR246C,0,-0.7211177,0.12107004970312119,0.8762475252151489,0.6375275254249573
YKR045C,YPR158C-D,0,-0.7211363,0.12105336040258408,0.8762475252151489,0.6376275420188904
YHL012W,YJL062W-A,0,-0.721148,0.12103667110204697,0.8762475252151489,0.6377275586128235
YGL225W,YML018C,0,-0.72122955,0.12101998925209045,0.8762475252151489,0.6378275752067566
YOR229W,YKR024C,0,-0.7217661,0.12100330740213394,0.8762475252151489,0.6379275918006897
YLL022C,YNL077W,0,-0.7221806,0.12098663300275803,0.8762475252151489,0.6380276083946228
YKL028W,YDR363W,0,-0.7222112,0.12096996605396271,0.8762475252151489,0.6381276249885559
YMR312W,YDR432W,0,-0.72222733,0.12095329910516739,0.8762475252151489,0.638227641582489
YML052W,YBR059C,1,-0.7222593,0.121074378490448,0.8772454857826233,0.638227641582489
YNR040W,YAR007C,0,-0.72253394,0.12105770409107208,0.8772454857826233,0.6383276581764221
YNR075W,YNL154C,1,-0.722932,0.12117873877286911,0.8782435059547424,0.6383276581764221
YML052W,YDR177W,1,-0.7231555,0.12129973620176315,0.8792415261268616,0.6383276581764221
YPR022C,YDR489W,0,-0.7232195,0.12128303945064545,0.8792415261268616,0.6384276747703552
YMR034C,YPR201W,0,-0.72323596,0.12126634269952774,0.8792415261268616,0.6385276913642883
YDL114W,YJR032W,0,-0.7232863,0.12124965339899063,0.8792415261268616,0.6386277079582214
YJR134C,YBR030W,0,-0.7233496,0.12123297154903412,0.8792415261268616,0.6387277245521545
YOL021C,YGR035C,0,-0.72347826,0.1212162896990776,0.8792415261268616,0.6388277411460876
YDR159W,YCL066W,0,-0.72386706,0.12119961529970169,0.8792415261268616,0.6389277577400208
YHR044C,YBR039W,0,-0.7242098,0.12118294090032578,0.8792415261268616,0.6390278339385986
YDL200C,YLR410W-A,0,-0.724331,0.12116627395153046,0.8792415261268616,0.6391278505325317
YOR142W,YGR121C,0,-0.7245563,0.12114961445331573,0.8792415261268616,0.6392278671264648
YIL133C,YDL122W,0,-0.7245627,0.12113295495510101,0.8792415261268616,0.639327883720398
YLR086W,YKR035W-A,0,-0.72503245,0.12111630290746689,0.8792415261268616,0.639427900314331
YKL190W,YGR154C,0,-0.72517526,0.12109965831041336,0.8792415261268616,0.6395279169082642
YGL150C,YLR157C-A,0,-0.7253394,0.12108301371335983,0.8792415261268616,0.6396279335021973
YBR171W,YER048W-A,0,-0.7255784,0.1210663765668869,0.8792415261268616,0.6397279500961304
YDL115C,YLR002C,0,-0.7259464,0.12104973942041397,0.8792415261268616,0.6398279666900635
YBL057C,YJL113W,0,-0.7265363,0.12103310972452164,0.8792415261268616,0.6399279832839966
YAL026C,YNL032W,1,-0.72685623,0.12115384638309479,0.8802395462989807,0.6399279832839966
YGL130W,YLR425W,0,-0.72692883,0.12113720923662186,0.8802395462989807,0.6400279998779297
YPR031W,YCR026C,0,-0.72704357,0.12112057209014893,0.8802395462989807,0.6401280164718628
YBR195C,YDL109C,0,-0.72713596,0.12110394239425659,0.8802395462989807,0.6402280330657959
YCL055W,YER011W,0,-0.7275027,0.12108731269836426,0.8802395462989807,0.640328049659729
YDR520C,YOR008C,0,-0.7275082,0.12107069045305252,0.8802395462989807,0.6404280662536621
YDR069C,YEL027W,1,-0.72778606,0.12119132280349731,0.8812375068664551,0.6404280662536621
YOR187W,YNL001W,0,-0.7278216,0.12117469310760498,0.8812375068664551,0.6405280828475952
YDR252W,YBR235W,0,-0.7278422,0.12115807086229324,0.8812375068664551,0.6406280994415283
YPL031C,YBL098W,0,-0.72794724,0.1211414486169815,0.8812375068664551,0.6407281160354614
YBR103W,YOR088W,0,-0.7281414,0.12112482637166977,0.8812375068664551,0.6408281922340393
YML064C,YOR346W,0,-0.72833896,0.12110821902751923,0.8812375068664551,0.6409282088279724
YOR219C,YOL041C,0,-0.72859883,0.12109160423278809,0.8812375068664551,0.6410282254219055
YGR027W-A,YDL108W,0,-0.72888017,0.12107500433921814,0.8812375068664551,0.6411282420158386
YMR285C,YNL005C,0,-0.7289394,0.1210584044456482,0.8812375068664551,0.6412282586097717
YHR064C,YMR121C,0,-0.72908044,0.12104181200265884,0.8812375068664551,0.6413282752037048
YKL209C,YPL150W,0,-0.7291537,0.1210252195596695,0.8812375068664551,0.6414282917976379
YDR038C,YML128C,0,-0.7292819,0.12100863456726074,0.8812375068664551,0.641528308391571
YHR076W,YOR311C,0,-0.72928214,0.12099204957485199,0.8812375068664551,0.6416283249855042
YIL145C,YGR215W,0,-0.72932756,0.12097547948360443,0.8812375068664551,0.6417283415794373
YAR002C-A,YML077W,0,-0.7294031,0.12095890194177628,0.8812375068664551,0.6418283581733704
YER087C-B,YMR188C,0,-0.72959226,0.12094233930110931,0.8812375068664551,0.6419283747673035
YIR008C,YJR043C,0,-0.7298902,0.12092577666044235,0.8812375068664551,0.6420283913612366
YOR188W,YGR252W,0,-0.7301767,0.12090921401977539,0.8812375068664551,0.6421284079551697
YAL025C,YGR272C,0,-0.7303619,0.12089265882968903,0.8812375068664551,0.6422284245491028
YBR087W,YDR347W,0,-0.73046786,0.12087611109018326,0.8812375068664551,0.6423284411430359
YBL054W,YOR307C,0,-0.73075986,0.12085957080125809,0.8812375068664551,0.642428457736969
YDR177W,YOR237W,1,-0.7308123,0.12097988277673721,0.8822355270385742,0.642428457736969
YLR373C,YML065W,0,-0.7309922,0.12096332758665085,0.8822355270385742,0.6425285339355469
YJL160C,YDR473C,0,-0.7310594,0.12094677984714508,0.8822355270385742,0.64262855052948
YCR002C,YER056C-A,0,-0.7311913,0.12093023210763931,0.8822355270385742,0.6427285671234131
YGL183C,YLR431C,0,-0.7313154,0.12091369181871414,0.8822355270385742,0.6428285837173462
YPL060C-A,YKL009W,0,-0.7314139,0.12089715898036957,0.8822355270385742,0.6429286003112793
YGR038C-A,YGR033C,0,-0.73187256,0.120880626142025,0.8822355270385742,0.6430286169052124
YMR210W,YOR389W,0,-0.7321058,0.12086409330368042,0.8822355270385742,0.6431286334991455
YDR334W,YBR075W,0,-0.73221636,0.12084757536649704,0.8822355270385742,0.6432286500930786
YPL093W,YPL281C,0,-0.7325133,0.12083105742931366,0.8822355270385742,0.6433286666870117
YJL136C,YBR056W,0,-0.73288107,0.12081453949213028,0.8822355270385742,0.6434286832809448
YOR219C,YDR155C,0,-0.73289883,0.1207980290055275,0.8822355270385742,0.6435286998748779
YBR265W,YJR138W,0,-0.73294127,0.12078152596950531,0.8822355270385742,0.643628716468811
YGL134W,YOR343W-A,0,-0.73299325,0.12076503038406372,0.8822355270385742,0.6437287330627441
YJR097W,YBR061C,0,-0.7331535,0.12074853479862213,0.8822355270385742,0.6438287496566772
YGR175C,YER190W,0,-0.7332013,0.12073203921318054,0.8822355270385742,0.6439287662506104
YMR201C,YLR433C,0,-0.7335421,0.12071555107831955,0.8822355270385742,0.6440287828445435
YNR044W,YPL258C,0,-0.733582,0.12069907039403915,0.8822355270385742,0.6441287994384766
YDR418W,YDL193W,0,-0.73392767,0.12068259716033936,0.8822355270385742,0.6442288160324097
YDL213C,YLR151C,0,-0.7342342,0.12066612392663956,0.8822355270385742,0.6443288922309875
YIR010W,YNL257C,0,-0.73424155,0.12064965069293976,0.8822355270385742,0.6444289088249207
YHR007C,YPL232W,0,-0.73429346,0.12063318490982056,0.8822355270385742,0.6445289254188538
YML030W,YPL060C-A,0,-0.73448837,0.12061672657728195,0.8822355270385742,0.6446289420127869
YKR054C,YER159C-A,0,-0.7348665,0.12060027569532394,0.8822355270385742,0.64472895860672
YKL161C,YBL103C,0,-0.73491013,0.12058382481336594,0.8822355270385742,0.6448289752006531
YKR080W,YGR171C,0,-0.7349168,0.12056737393140793,0.8822355270385742,0.6449289917945862
YHR047C,YLR446W,0,-0.73514515,0.12055093050003052,0.8822355270385742,0.6450290083885193
YCL014W,YLR157C-B,0,-0.73539436,0.1205344945192337,0.8822355270385742,0.6451290249824524
YGL089C,YPL101W,0,-0.7354648,0.12051806598901749,0.8822355270385742,0.6452290415763855
YBR104W,YMR017W,0,-0.73573637,0.12050163745880127,0.8822355270385742,0.6453290581703186
YDR210W-B,YOR187W,0,-0.7360147,0.12048520892858505,0.8822355270385742,0.6454290747642517
YDL161W,YNL227C,1,-0.73611224,0.12060506641864777,0.8832335472106934,0.6454290747642517
YMR058W,YOR243C,0,-0.73626286,0.12058863788843155,0.8832335472106934,0.6455290913581848
YKL135C,YHR007C,0,-0.73637795,0.12057220935821533,0.8832335472106934,0.6456291079521179
YBR136W,YDL054C,0,-0.7365674,0.12055578082799911,0.8832335472106934,0.645729124546051
YOR037W,YNL206C,0,-0.7367564,0.1205393597483635,0.8832335472106934,0.6458291411399841
YNL280C,YMR162C,0,-0.737004,0.12052294611930847,0.8832335472106934,0.6459291577339172
YFR037C,YMR238W,0,-0.7371937,0.12050653249025345,0.8832335472106934,0.6460292339324951
YKR030W,YMR025W,0,-0.737365,0.12049012631177902,0.8832335472106934,0.6461292505264282
YPR163C,YOR349W,0,-0.7374149,0.12047372758388519,0.8832335472106934,0.6462292671203613
YCL045C,YDR425W,0,-0.73836297,0.12045732885599136,0.8832335472106934,0.6463292837142944
YBR068C,YLR110C,0,-0.73861253,0.12044093757867813,0.8832335472106934,0.6464293003082275
YDR446W,YNL151C,0,-0.73885316,0.1204245463013649,0.8832335472106934,0.6465293169021606
YOR361C,YGR239C,0,-0.7393157,0.12040816247463226,0.8832335472106934,0.6466293334960938
YCL020W,YEL042W,0,-0.739535,0.12039178609848022,0.8832335472106934,0.6467293500900269
YML099C,YML129C,0,-0.7399305,0.12037540972232819,0.8832335472106934,0.64682936668396
YNR020C,YDL206W,0,-0.7399662,0.12035904079675674,0.8832335472106934,0.6469293832778931
YCR023C,YDR383C,0,-0.73998183,0.1203426718711853,0.8832335472106934,0.6470293998718262
YGL032C,YBR200W,0,-0.7402917,0.12032631039619446,0.8832335472106934,0.6471294164657593
YDR261W-B,YLR344W,0,-0.74030524,0.12030994892120361,0.8832335472106934,0.6472294330596924
YMR204C,YDL065C,0,-0.740424,0.12029359489679337,0.8832335472106934,0.6473294496536255
YIR018W,YKR026C,0,-0.7406066,0.12027724832296371,0.8832335472106934,0.6474294662475586
YIL026C,YOR308C,0,-0.74063516,0.12026090174913406,0.8832335472106934,0.6475294828414917
YFL045C,YDR088C,0,-0.74074453,0.12024456262588501,0.8832335472106934,0.6476294994354248
YLR157C,YNL245C,0,-0.74085855,0.12022823095321655,0.8832335472106934,0.6477295756340027
YCR070W,YKL186C,0,-0.74101377,0.1202118992805481,0.8832335472106934,0.6478295922279358
YBL076C,YPR137C-B,0,-0.741499,0.12019557505846024,0.8832335472106934,0.6479296088218689
YLR009W,YDR261W-A,0,-0.74172074,0.12017925083637238,0.8832335472106934,0.648029625415802
YMR281W,YNL282W,0,-0.74180114,0.12016293406486511,0.8832335472106934,0.6481296420097351
YLR394W,YJL136C,0,-0.74198735,0.12014661729335785,0.8832335472106934,0.6482296586036682
YKR068C,YML111W,0,-0.7420985,0.12013030797243118,0.8832335472106934,0.6483296751976013
YML058W-A,YDR261W-B,0,-0.7421932,0.12011400610208511,0.8832335472106934,0.6484296917915344
YDR059C,YBL101C,1,-0.74227214,0.12023340910673141,0.8842315077781677,0.6484296917915344
YGL120C,YGL200C,0,-0.7423008,0.12021709978580475,0.8842315077781677,0.6485297083854675
YDR211W,YHR147C,0,-0.74233097,0.12020079046487808,0.8842315077781677,0.6486297249794006
YKL090W,YGR161C-C,0,-0.74239445,0.12018448114395142,0.8842315077781677,0.6487297415733337
YIR011C,YOL140W,0,-0.74254346,0.12016817927360535,0.8842315077781677,0.6488297581672668
YOR188W,YBL005W-B,0,-0.74256676,0.12015188485383987,0.8842315077781677,0.6489297747612
YER042W,YMR052W,0,-0.7425681,0.1201355904340744,0.8842315077781677,0.6490297913551331
YIR034C,YJL158C,0,-0.742619,0.12011930346488953,0.8842315077781677,0.6491298079490662
YDR077W,YOR346W,0,-0.74262035,0.12010302394628525,0.8842315077781677,0.6492298245429993
YML019W,YDL010W,0,-0.7430311,0.12008674442768097,0.8842315077781677,0.6493298411369324
YJR099W,YOR071C,0,-0.74316895,0.12007047235965729,0.8842315077781677,0.6494298577308655
YDL130W,YHR091C,0,-0.743701,0.1200542002916336,0.8842315077781677,0.6495299339294434
YMR306W,YGL112C,0,-0.74378633,0.12003793567419052,0.8842315077781677,0.6496299505233765
YPL059W,YGL135W,0,-0.74417007,0.12002167105674744,0.8842315077781677,0.6497299671173096
YCR028C,YAL030W,1,-0.74437904,0.12014086544513702,0.8852295279502869,0.6497299671173096
YLR391W,YMR077C,0,-0.7447253,0.12012459337711334,0.8852295279502869,0.6498299837112427
YHR021C,YMR109W,0,-0.74492526,0.12010832875967026,0.8852295279502869,0.6499300003051758
YKR029C,YPL121C,0,-0.7453047,0.12009206414222717,0.8852295279502869,0.6500300168991089
YCR070W,YAR018C,0,-0.7454426,0.12007580697536469,0.8852295279502869,0.650130033493042
YDR400W,YDL229W,0,-0.74549294,0.1200595572590828,0.8852295279502869,0.6502300500869751
YPR022C,YGL251C,0,-0.7455205,0.1200433075428009,0.8852295279502869,0.6503300666809082
YPR124W,YDR233C,0,-0.746049,0.12002706527709961,0.8852295279502869,0.6504300832748413
YKR056W,YJL097W,0,-0.74618125,0.12001082301139832,0.8852295279502869,0.6505300998687744
YGR038C-A,YCL011C,0,-0.74645376,0.11999458819627762,0.8852295279502869,0.6506301164627075
YMR211W,YLR399C,0,-0.7465754,0.11997836083173752,0.8852295279502869,0.6507301330566406
YOR343W-B,YDL153C,0,-0.7467234,0.11996213346719742,0.8852295279502869,0.6508301496505737
YER173W,YLR391W,0,-0.7471676,0.11994590610265732,0.8852295279502869,0.6509301662445068
YKL091C,YFL036W,0,-0.74742043,0.11992969363927841,0.8852295279502869,0.6510301828384399
YJL087C,YHR072W-A,0,-0.7474497,0.1199134811758995,0.8852295279502869,0.651130199432373
YAR044W,YNL227C,1,-0.74762106,0.12003244459629059,0.886227548122406,0.651130199432373
YDL216C,YOR198C,0,-0.7476671,0.12001621723175049,0.886227548122406,0.6512302756309509
YNL206C,YPL051W,0,-0.7478626,0.11999999731779099,0.886227548122406,0.651330292224884
YNL125C,YJL050W,0,-0.748106,0.11998378485441208,0.886227548122406,0.6514303088188171
YML110C,YNR067C,0,-0.74815464,0.11996757984161377,0.886227548122406,0.6515303254127502
YNL085W,YLR320W,0,-0.7482599,0.11995136737823486,0.886227548122406,0.6516303420066833
YCL062W,YML097C,0,-0.7483426,0.11993516981601715,0.886227548122406,0.6517303586006165
YOR073W,YOL001W,0,-0.74850076,0.11991897225379944,0.886227548122406,0.6518303751945496
YJR068W,YGR185C,0,-0.7489779,0.11990278214216232,0.886227548122406,0.6519303917884827
YER089C,YPR122W,0,-0.7491704,0.11988659203052521,0.886227548122406,0.6520304083824158
YMR130W,YPL027W,0,-0.75021136,0.11987040936946869,0.886227548122406,0.6521304249763489
YDR051C,YIL082W-A,0,-0.75034344,0.11985423415899277,0.886227548122406,0.652230441570282
YNL297C,YML052W,1,-0.75069696,0.11997301131486893,0.8872255682945251,0.652230441570282
YMR289W,YBL068W,0,-0.7509115,0.11995682120323181,0.8872255682945251,0.6523304581642151
YCL020W,YOR099W,0,-0.7513119,0.11994063854217529,0.8872255682945251,0.6524304747581482
YCR054C,YBL099W,0,-0.7514332,0.11992445588111877,0.8872255682945251,0.6525304913520813
YDR316W-A,YML124C,0,-0.7516655,0.11990828067064285,0.8872255682945251,0.6526305079460144
YBR236C,YDR226W,0,-0.75179935,0.11989211291074753,0.8872255682945251,0.6527305245399475
YBR058C,YDR314C,0,-0.7520242,0.1198759451508522,0.8872255682945251,0.6528305411338806
YGL201C,YPL132W,0,-0.75223416,0.11985978484153748,0.8872255682945251,0.6529305577278137
YER039C,YMR056C,0,-0.75224245,0.11984362453222275,0.8872255682945251,0.6530306339263916
YOL103W-B,YNL083W,0,-0.7526119,0.11982747167348862,0.8872255682945251,0.6531306505203247
YML039W,YGL254W,0,-0.7527265,0.11981131881475449,0.8872255682945251,0.6532306671142578
YLR157C-A,YNL189W,0,-0.7527748,0.11979517340660095,0.8872255682945251,0.6533306837081909
YLR256W-A,YJL109C,0,-0.7527865,0.11977903544902802,0.8872255682945251,0.653430700302124
YPR056W,YDR473C,0,-0.7529291,0.11976289749145508,0.8872255682945251,0.6535307168960571
YPL194W,YDL024C,0,-0.75308466,0.11974676698446274,0.8872255682945251,0.6536307334899902
YHR161C,YCR053W,1,-0.7531313,0.11986532062292099,0.8882235288619995,0.6536307334899902
YMR164C,YLR380W,0,-0.7531527,0.11984917521476746,0.8882235288619995,0.6537307500839233
YNR067C,YML014W,0,-0.7534003,0.11983304470777512,0.8882235288619995,0.6538307666778564
YGL224C,YDR497C,0,-0.75354433,0.11981690675020218,0.8882235288619995,0.6539307832717896
YMR233W,YNR067C,0,-0.7536355,0.11980078369379044,0.8882235288619995,0.6540307998657227
YGR188C,YPR158C-D,0,-0.75389755,0.1197846531867981,0.8882235288619995,0.6541308164596558
YGL055W,YBR243C,0,-0.7539551,0.11976853758096695,0.8882235288619995,0.6542308330535889
YDL170W,YPL144W,0,-0.7545146,0.1197524219751358,0.8882235288619995,0.654330849647522
YBL004W,YDR251W,0,-0.754544,0.11973631381988525,0.8882235288619995,0.6544308662414551
YDR341C,YNL172W,0,-0.7546447,0.1197202056646347,0.8882235288619995,0.6545308828353882
YDL030W,YMR163C,0,-0.75474,0.11970410495996475,0.8882235288619995,0.6546308994293213
YAL013W,YER117W,0,-0.75508404,0.1196880042552948,0.8882235288619995,0.6547309756278992
YOR310C,YPR198W,0,-0.755208,0.11967191100120544,0.8882235288619995,0.6548309922218323
YAR044W,YER166W,1,-0.75527936,0.11979026347398758,0.8892215490341187,0.6548309922218323
YPL276W,YJR001W,0,-0.7555779,0.11977416276931763,0.8892215490341187,0.6549310088157654
YDR139C,YNL053W,0,-0.7560229,0.11975806206464767,0.8892215490341187,0.6550310254096985
YJR112W,YGR028W,0,-0.7560646,0.11974196881055832,0.8892215490341187,0.6551310420036316
YCR066W,YKL175W,0,-0.75615793,0.11972588300704956,0.8892215490341187,0.6552310585975647
YNL311C,YDR508C,0,-0.75658655,0.1197097972035408,0.8892215490341187,0.6553310751914978
YDL024C,YDR119W,0,-0.75676614,0.11969371140003204,0.8892215490341187,0.6554310917854309
YER150W,YOR343W-A,0,-0.7568369,0.11967763304710388,0.8892215490341187,0.655531108379364
YCL075W,YKL113C,0,-0.75707614,0.11966156214475632,0.8892215490341187,0.6556311249732971
YNL272C,YHR079C,0,-0.75728154,0.11964549124240875,0.8892215490341187,0.6557311415672302
YDR044W,YCR037C,0,-0.75734496,0.11962942779064178,0.8892215490341187,0.6558311581611633
YDR128W,YPL081W,0,-0.7574821,0.11961337178945541,0.8892215490341187,0.6559311747550964
YFR036W,YGR027C,0,-0.7575837,0.11959731578826904,0.8892215490341187,0.6560311913490295
YER130C,YBR136W,0,-0.7576159,0.11958126723766327,0.8892215490341187,0.6561312079429626
YPR137C-A,YLR141W,0,-0.75801384,0.1195652186870575,0.8892215490341187,0.6562312245368958
YJL115W,YKL186C,0,-0.758043,0.11954917758703232,0.8892215490341187,0.6563312411308289
YER004W,YGR249W,0,-0.7580723,0.11953313648700714,0.8892215490341187,0.656431257724762
YKR019C,YOR057W,0,-0.75819683,0.11951710283756256,0.8892215490341187,0.6565313339233398
YMR030W,YDR520C,0,-0.7582991,0.11950107663869858,0.8892215490341187,0.656631350517273
YOR142W,YOL104C,0,-0.75878805,0.1194850504398346,0.8892215490341187,0.656731367111206
YGL183C,YEL034W,0,-0.7588924,0.11946902424097061,0.8892215490341187,0.6568313837051392
YMR305C,YDL084W,0,-0.7589443,0.11945301294326782,0.8892215490341187,0.6569314002990723
YJL190C,YGR206W,0,-0.7590947,0.11943699419498444,0.8892215490341187,0.6570314168930054
YDL115C,YML110C,0,-0.759161,0.11942099034786224,0.8892215490341187,0.6571314334869385
YGL236C,YBL078C,0,-0.75922537,0.11940498650074005,0.8892215490341187,0.6572314500808716
YIR015W,YGR098C,0,-0.7594383,0.11938898265361786,0.8892215490341187,0.6573314666748047
YKR055W,YIL048W,0,-0.7597288,0.11937299370765686,0.8892215490341187,0.6574314832687378
YIL079C,YEL016C,0,-0.7597405,0.11935699731111526,0.8892215490341187,0.6575314998626709
YGR014W,YCL019W,0,-0.7598022,0.11934101581573486,0.8892215490341187,0.657631516456604
YLR158C,YBR037C,0,-0.75983155,0.11932502686977386,0.8892215490341187,0.6577315330505371
YEL047C,YJL189W,0,-0.7599033,0.11930905282497406,0.8892215490341187,0.6578315496444702
YPL246C,YOR142W-B,0,-0.7600721,0.11929307878017426,0.8892215490341187,0.6579315662384033
YMR168C,YLR301W,0,-0.760209,0.11927710473537445,0.8892215490341187,0.6580315828323364
YOR178C,YDL212W,0,-0.7604499,0.11926114559173584,0.8892215490341187,0.6581315994262695
YGL113W,YOR140W,0,-0.76050925,0.11924517899751663,0.8892215490341187,0.6582316756248474
YGL245W,YKR080W,0,-0.7606466,0.11922922730445862,0.8892215490341187,0.6583316922187805
YDL191W,YMR231W,0,-0.76093507,0.1192132756114006,0.8892215490341187,0.6584317088127136
YFL036W,YKL011C,0,-0.7611308,0.11919732391834259,0.8892215490341187,0.6585317254066467
YGL133W,YLR386W,0,-0.7611431,0.11918137967586517,0.8892215490341187,0.6586317420005798
YER137C,YNR010W,0,-0.76130444,0.11916544288396835,0.8892215490341187,0.6587317585945129
YKL167C,YPL037C,0,-0.7614238,0.11914950609207153,0.8892215490341187,0.658831775188446
YOR130C,YJL116C,0,-0.76154816,0.11913357675075531,0.8892215490341187,0.6589317917823792
YOR328W,YPR190C,0,-0.76157194,0.11911764740943909,0.8892215490341187,0.6590318083763123
YDL226C,YGR027W-A,0,-0.76160365,0.11910172551870346,0.8892215490341187,0.6591318249702454
YMR264W,YEL021W,0,-0.761679,0.11908580362796783,0.8892215490341187,0.6592318415641785
YER175C,YOL080C,0,-0.76169133,0.1190698891878128,0.8892215490341187,0.6593318581581116
YMR115W,YNL095C,0,-0.7620989,0.11905398219823837,0.8892215490341187,0.6594318747520447
YJR028W,YMR301C,0,-0.7621132,0.11903807520866394,0.8892215490341187,0.6595318913459778
YLR040C,YGR091W,0,-0.76219594,0.1190221756696701,0.8892215490341187,0.6596319079399109
YDR261C-D,YOL152W,0,-0.7622231,0.11900627613067627,0.8892215490341187,0.659731924533844
YLL034C,YER088C,0,-0.7623913,0.11899038404226303,0.8892215490341187,0.6598319411277771
YJR125C,YIL103W,0,-0.7629024,0.11897449940443039,0.8892215490341187,0.6599319577217102
YKL195W,YNR070W,0,-0.76322716,0.11895861476659775,0.8892215490341187,0.6600320339202881
YGL205W,YGR221C,0,-0.7633735,0.1189427301287651,0.8892215490341187,0.6601320505142212
YML131W,YOR297C,0,-0.7636552,0.11892685294151306,0.8892215490341187,0.6602320671081543
YDR270W,YGL201C,0,-0.76398826,0.11891098320484161,0.8892215490341187,0.6603320837020874
YDL078C,YFR032C-A,0,-0.76412153,0.11889511346817017,0.8892215490341187,0.6604321002960205
YOR194C,YLR398C,0,-0.76417625,0.11887925118207932,0.8892215490341187,0.6605321168899536
YEL050C,YCL060C,0,-0.7641764,0.11886339634656906,0.8892215490341187,0.6606321334838867
YLR133W,YCR039C,0,-0.76441765,0.11884754151105881,0.8892215490341187,0.6607321500778198
YMR034C,YLR286C,0,-0.7645364,0.11883168667554855,0.8892215490341187,0.6608321666717529
YNL222W,YNL101W,0,-0.7646528,0.1188158392906189,0.8892215490341187,0.660932183265686
YML058W,YLL003W,0,-0.7647463,0.11879999935626984,0.8892215490341187,0.6610321998596191
YDR083W,YGR223C,0,-0.7648755,0.11878415942192078,0.8892215490341187,0.6611322164535522
YLR035C-A,YJR043C,0,-0.7649549,0.11876832693815231,0.8892215490341187,0.6612322330474854
YDR348C,YNL308C,0,-0.7649767,0.11875250190496445,0.8892215490341187,0.6613322496414185
YKL211C,YML075C,0,-0.76546353,0.11873667687177658,0.8892215490341187,0.6614322662353516
YDR414C,YBR136W,0,-0.76640713,0.11872085183858871,0.8892215490341187,0.6615322828292847
YML106W,YMR231W,0,-0.76651347,0.11870503425598145,0.8892215490341187,0.6616322994232178
YJR107W,YKR103W,0,-0.766599,0.11868922412395477,0.8892215490341187,0.6617323756217957
YOR323C,YOR142W-A,0,-0.7671124,0.1186734139919281,0.8892215490341187,0.6618323922157288
YPR137C-A,YIL072W,0,-0.76716787,0.11865761131048203,0.8892215490341187,0.6619324088096619
YGR175C,YNL014W,0,-0.76743305,0.11864180862903595,0.8892215490341187,0.662032425403595
YOR096W,YKL055C,0,-0.7676364,0.11862601339817047,0.8892215490341187,0.6621324419975281
YDR034C-D,YMR052W,0,-0.7676369,0.11861022561788559,0.8892215490341187,0.6622324585914612
YDR402C,YOR036W,0,-0.7682998,0.11859443783760071,0.8892215490341187,0.6623324751853943
YGL059W,YJR014W,0,-0.76834166,0.11857865005731583,0.8892215490341187,0.6624324917793274
YIL048W,YAR044W,1,-0.76848745,0.1186959445476532,0.8902195692062378,0.6624324917793274
YOR326W,YJL214W,0,-0.7686637,0.11868014931678772,0.8902195692062378,0.6625325083732605
YML036W,YML118W,0,-0.7687876,0.11866436153650284,0.8902195692062378,0.6626325249671936
YOL105C,YDL231C,0,-0.76912355,0.11864857375621796,0.8902195692062378,0.6627325415611267
YOR353C,YJL041W,0,-0.76913816,0.11863279342651367,0.8902195692062378,0.6628325581550598
YER137C,YBL006C,0,-0.76934475,0.11861702054738998,0.8902195692062378,0.6629325747489929
YJL159W,YFL039C,0,-0.76952624,0.1186012476682663,0.8902195692062378,0.663032591342926
YOR297C,YBL078C,0,-0.7696289,0.1185854822397232,0.8902195692062378,0.6631326079368591
YAR044W,YML001W,1,-0.7697036,0.11870264261960983,0.8912175893783569,0.6631326079368591
YPL271W,YHR167W,0,-0.76976883,0.11868686974048615,0.8912175893783569,0.6632326245307922
YNL016W,YBR203W,0,-0.7699425,0.11867109686136246,0.8912175893783569,0.6633326411247253
YDR527W,YNR021W,0,-0.76997,0.11865533143281937,0.8912175893783569,0.6634326577186584
YHL020C,YGR020C,0,-0.7701505,0.11863956600427628,0.8912175893783569,0.6635327339172363
YPR201W,YJL063C,0,-0.7702191,0.11862380802631378,0.8912175893783569,0.6636327505111694
YGL210W,YLL038C,0,-0.7703127,0.11860805004835129,0.8912175893783569,0.6637327671051025
YGR220C,YIL035C,0,-0.77041674,0.11859229952096939,0.8912175893783569,0.6638327836990356
YLR337W,YOR109W,1,-0.77075183,0.11870933324098587,0.8922155499458313,0.6638327836990356
YPL256C,YIR017C,0,-0.7708262,0.11869357526302338,0.8922155499458313,0.6639328002929688
YML116W,YGL090W,0,-0.7710249,0.11867781728506088,0.8922155499458313,0.6640328168869019
YOR369C,YPL055C,0,-0.77115905,0.11866206675767899,0.8922155499458313,0.664132833480835
YOL155C,YDR081C,0,-0.77131873,0.11864631623029709,0.8922155499458313,0.6642328500747681
YNL075W,YLL032C,0,-0.77148044,0.11863057315349579,0.8922155499458313,0.6643328666687012
YKL152C,YDL066W,0,-0.77151215,0.11861483007669449,0.8922155499458313,0.6644328832626343
YOL077W-A,YEL002C,0,-0.7717345,0.11859909445047379,0.8922155499458313,0.6645328998565674
YGL012W,YIL135C,0,-0.7718667,0.11858336627483368,0.8922155499458313,0.6646329164505005
YNL084C,YDL065C,0,-0.77192074,0.11856763809919357,0.8922155499458313,0.6647329330444336
YHR063C,YDL136W,0,-0.7722979,0.11855191737413406,0.8922155499458313,0.6648329496383667
YBL054W,YDR421W,0,-0.7728416,0.11853619664907455,0.8922155499458313,0.6649329662322998
YER051W,YGR249W,0,-0.7729329,0.11852048337459564,0.8922155499458313,0.6650329828262329
YER125W,YLR337C,1,-0.772983,0.1186373308300972,0.8932135701179504,0.6650329828262329
YPL099C,YOR098C,0,-0.77331173,0.11862160265445709,0.8932135701179504,0.665132999420166
YNR056C,YER101C,0,-0.7734088,0.11860588192939758,0.8932135701179504,0.6652330756187439
YCR092C,YER104W,0,-0.7734145,0.11859016865491867,0.8932135701179504,0.665333092212677
YAL016W,YBL101W-B,0,-0.77350146,0.11857445538043976,0.8932135701179504,0.6654331088066101
YER184C,YMR116C,0,-0.7735443,0.11855874955654144,0.8932135701179504,0.6655331254005432
YPL024W,YNL077W,0,-0.773571,0.11854304373264313,0.8932135701179504,0.6656331419944763
YLR158C,YOR092W,0,-0.77410674,0.11852734535932541,0.8932135701179504,0.6657331585884094
YPL008W,YPR137C-B,0,-0.774124,0.11851165443658829,0.8932135701179504,0.6658331751823425
YDL170W,YLR164W,0,-0.77421474,0.11849596351385117,0.8932135701179504,0.6659331917762756
YNR073C,YDR038C,0,-0.774338,0.11848027259111404,0.8932135701179504,0.6660332083702087
YML064C,YPR061C,0,-0.7747508,0.11846459656953812,0.8932135701179504,0.6661332249641418
YIL145C,YBR026C,0,-0.77480364,0.11844891309738159,0.8932135701179504,0.666233241558075
YPR204W,YLR145W,0,-0.775074,0.11843323707580566,0.8932135701179504,0.6663332581520081
YKL161C,YBR264C,0,-0.7756099,0.11841756850481033,0.8932135701179504,0.6664332747459412
YKL056C,YOR329C,0,-0.7765185,0.1184019073843956,0.8932135701179504,0.6665332913398743
YLR318W,YJL200C,0,-0.776552,0.11838624626398087,0.8932135701179504,0.6666333079338074
YKL188C,YDR221W,0,-0.77655643,0.11837058514356613,0.8932135701179504,0.6667333245277405
YLR056W,YOR237W,1,-0.7767662,0.1184871718287468,0.8942115902900696,0.6667333245277405
YKL109W,YPR083W,0,-0.77734077,0.11847150325775146,0.8942115902900696,0.6668333411216736
YMR136W,YDR316W-A,0,-0.7776487,0.11845584213733673,0.8942115902900696,0.6669333577156067
YFL002W-A,YGR001C,0,-0.77771425,0.1184401884675026,0.8942115902900696,0.6670334339141846
YLR237W,YGR109W-B,0,-0.77775156,0.11842452734708786,0.8942115902900696,0.6671334505081177
YLR264W,YNL027W,0,-0.7777571,0.11840888112783432,0.8942115902900696,0.6672334671020508
YLR287C-A,YLR414C,0,-0.77776605,0.11839323490858078,0.8942115902900696,0.6673334836959839
YCR020W-B,YGL013C,0,-0.778198,0.11837759613990784,0.8942115902900696,0.667433500289917
YDR247W,YPR168W,0,-0.77838033,0.1183619573712349,0.8942115902900696,0.6675335168838501
YDR043C,YOR368W,0,-0.77849877,0.11834631860256195,0.8942115902900696,0.6676335334777832
YGL035C,YGL033W,0,-0.7788065,0.1183306947350502,0.8942115902900696,0.6677335500717163
YBL100W-A,YIL076W,0,-0.77883554,0.11831506341695786,0.8942115902900696,0.6678335666656494
YLR008C,YBR240C,0,-0.7788657,0.1182994470000267,0.8942115902900696,0.6679335832595825
YPL194W,YGR034W,0,-0.7790046,0.11828383058309555,0.8942115902900696,0.6680335998535156
YMR086W,YGR112W,0,-0.7790333,0.1182682141661644,0.8942115902900696,0.6681336164474487
YDR143C,YDL231C,0,-0.78038496,0.11825260519981384,0.8942115902900696,0.6682336330413818
YPR073C,YLR325C,0,-0.7812286,0.11823700368404388,0.8942115902900696,0.6683336496353149
YNR012W,YEL059C-A,0,-0.78134686,0.11822140216827393,0.8942115902900696,0.668433666229248
YOR313C,YDL141W,0,-0.7817057,0.11820580810308456,0.8942115902900696,0.6685336828231812
YLR225C,YAL021C,0,-0.7817315,0.1181902140378952,0.8942115902900696,0.6686336994171143
YIR010W,YMR045C,0,-0.7817793,0.11817462742328644,0.8942115902900696,0.6687337756156921
YPR061C,YKL173W,0,-0.7819379,0.11815904080867767,0.8942115902900696,0.6688337922096252
YGL019W,YLR148W,0,-0.7820268,0.1181434616446495,0.8942115902900696,0.6689338088035583
YDR088C,YLR467W,0,-0.7820524,0.11812788248062134,0.8942115902900696,0.6690338253974915
YHL040C,YPL005W,0,-0.7824536,0.11811231076717377,0.8942115902900696,0.6691338419914246
YDR170C,YLR032W,0,-0.7825425,0.1180967465043068,0.8942115902900696,0.6692338585853577
YBR044C,YML025C,0,-0.78305596,0.11808118224143982,0.8942115902900696,0.6693338751792908
YOL149W,YBL011W,0,-0.7834143,0.11806561797857285,0.8942115902900696,0.6694338917732239
YER091C,YKL206C,0,-0.7834393,0.11805006861686707,0.8942115902900696,0.669533908367157
YJL014W,YBL068W,0,-0.78353167,0.11803451180458069,0.8942115902900696,0.6696339249610901
YER104W,YLR029C,0,-0.7838867,0.1180189698934555,0.8942115902900696,0.6697339415550232
YDL202W,YOR030W,0,-0.78390914,0.11800342053174973,0.8942115902900696,0.6698339581489563
YOL123W,YDR408C,0,-0.7841424,0.11798788607120514,0.8942115902900696,0.6699339747428894
YNL032W,YAR044W,1,-0.7842754,0.11810401827096939,0.8952096104621887,0.6699339747428894
YKR045C,YHR179W,0,-0.78440326,0.11808846890926361,0.8952096104621887,0.6700339913368225
YJR126C,YNL096C,0,-0.7846167,0.11807292699813843,0.8952096104621887,0.6701340079307556
YCR057C,YOR030W,0,-0.78480303,0.11805738508701324,0.8952096104621887,0.6702340245246887
YMR169C,YPL257W-B,0,-0.78487146,0.11804185062646866,0.8952096104621887,0.6703340411186218
YHR036W,YFL002W-B,0,-0.7850156,0.11802631616592407,0.8952096104621887,0.6704340577125549
YER056C-A,YKL199C,0,-0.78506714,0.11801078915596008,0.8952096104621887,0.6705341339111328
YJL056C,YLL055W,0,-0.7857247,0.1179952621459961,0.8952096104621887,0.6706341505050659
YDL128W,YBL054W,0,-0.7857536,0.1179797425866127,0.8952096104621887,0.670734167098999
YOR058C,YGL040C,0,-0.78628373,0.1179642304778099,0.8952096104621887,0.6708341836929321
YLR157C-A,YDR229W,0,-0.78651994,0.11794871836900711,0.8952096104621887,0.6709342002868652
YAR044W,YLR191W,0,-0.78666985,0.11793321371078491,0.8952096104621887,0.6710342168807983
YDR351W,YNL099C,0,-0.7870563,0.11791770905256271,0.8952096104621887,0.6711342334747314
YDR056C,YIL048W,0,-0.7873827,0.11790221184492111,0.8952096104621887,0.6712342500686646
YLR266C,YDR472W,0,-0.7873988,0.11788671463727951,0.8952096104621887,0.6713342666625977
YOL093W,YOR005C,0,-0.7874434,0.1178712248802185,0.8952096104621887,0.6714342832565308
YNR072W,YER029C,0,-0.7876608,0.1178557351231575,0.8952096104621887,0.6715342998504639
YCL060C,YBR012W-B,0,-0.7881654,0.1178402528166771,0.8952096104621887,0.671634316444397
YLR419W,YHL020C,0,-0.7884344,0.11782477051019669,0.8952096104621887,0.6717343330383301
YPL009C,YEL062W,0,-0.788442,0.11780929565429688,0.8952096104621887,0.6718343496322632
YLL012W,YDL067C,0,-0.7888638,0.11779382824897766,0.8952096104621887,0.6719343662261963
YPR091C,YML040W,0,-0.7888711,0.11777836084365845,0.8952096104621887,0.6720343828201294
YOR142W-B,YPL275W,0,-0.7889597,0.11776290088891983,0.8952096104621887,0.6721343994140625
YDR206W,YJL200C,0,-0.7889731,0.11774744093418121,0.8952096104621887,0.6722344756126404
YAL001C,YNL309W,0,-0.7890359,0.1177319884300232,0.8952096104621887,0.6723344922065735
YBR166C,YDR261W-B,0,-0.7895838,0.11771653592586517,0.8952096104621887,0.6724345088005066
YOR188W,YNL306W,0,-0.7897111,0.11770109087228775,0.8952096104621887,0.6725345253944397
YOR230W,YGR001C,0,-0.789771,0.11768564581871033,0.8952096104621887,0.6726345419883728
YJR055W,YDL214C,0,-0.7899376,0.1176702082157135,0.8952096104621887,0.6727345585823059
YDR425W,YGL030W,0,-0.7901583,0.11765477806329727,0.8952096104621887,0.672834575176239
YDR248C,YHR026W,0,-0.7902624,0.11763934791088104,0.8952096104621887,0.6729345917701721
YER021W,YDL166C,0,-0.79029596,0.11762391775846481,0.8952096104621887,0.6730346083641052
YER159C-A,YCR089W,0,-0.7905255,0.11760849505662918,0.8952096104621887,0.6731346249580383
YPL192C,YKL199C,0,-0.7908987,0.11759307980537415,0.8952096104621887,0.6732346415519714
YDR499W,YMR044W,0,-0.7909888,0.11757766455411911,0.8952096104621887,0.6733346581459045
YOR188W,YGL047W,0,-0.7913207,0.11756225675344467,0.8952096104621887,0.6734346747398376
YGR175C,YDR523C,0,-0.7913264,0.11754684895277023,0.8952096104621887,0.6735346913337708
YOR343W-B,YLR080W,0,-0.79141486,0.11753144860267639,0.8952096104621887,0.6736347079277039
YHL009W-A,YLR119W,0,-0.7914928,0.11751604825258255,0.8952096104621887,0.673734724521637
YOL056W,YOR149C,0,-0.7917975,0.1175006553530693,0.8952096104621887,0.6738347411155701
YJR110W,YGR285C,0,-0.79218215,0.11748526245355606,0.8952096104621887,0.6739347577095032
YGR109C,YIL128W,0,-0.79268366,0.11746987700462341,0.8952096104621887,0.674034833908081
YER141W,YLR438C-A,0,-0.7927273,0.11745449900627136,0.8952096104621887,0.6741348505020142
YKL012W,YDL065C,0,-0.792846,0.11743912100791931,0.8952096104621887,0.6742348670959473
YER086W,YOR303W,0,-0.79287785,0.11742374300956726,0.8952096104621887,0.6743348836898804
YIL170W,YML025C,0,-0.7932712,0.1174083799123764,0.8952096104621887,0.6744349002838135
YPL283C,YNR070W,0,-0.7939145,0.11739300936460495,0.8952096104621887,0.6745349168777466
YAR044W,YAL030W,1,-0.79407156,0.11750850826501846,0.8962075710296631,0.6745349168777466
YIL132C,YJL073W,0,-0.7942422,0.11749313026666641,0.8962075710296631,0.6746349334716797
YOR257W,YLR300W,0,-0.79461694,0.11747775971889496,0.8962075710296631,0.6747349500656128
YNL336W,YPR054W,0,-0.79467475,0.1174623966217041,0.8962075710296631,0.6748349666595459
YHR042W,YDR410C,0,-0.79481775,0.11744703352451324,0.8962075710296631,0.674934983253479
YNL188W,YLR142W,0,-0.79482055,0.11743167042732239,0.8962075710296631,0.6750349998474121
YPR083W,YGL220W,0,-0.7951346,0.11741631478071213,0.8962075710296631,0.6751350164413452
YEL031W,YCR020C,0,-0.79533166,0.11740096658468246,0.8962075710296631,0.6752350330352783
YNL327W,YCR020C,0,-0.79577965,0.1173856183886528,0.8962075710296631,0.6753350496292114
YIL121W,YDR488C,0,-0.79626334,0.11737027764320374,0.8962075710296631,0.6754350662231445
YDR130C,YGL233W,0,-0.7964541,0.11735493689775467,0.8962075710296631,0.6755350828170776
YMR094W,YJL030W,0,-0.7966167,0.1173396036028862,0.8962075710296631,0.6756350994110107
YDR369C,YCR003W,0,-0.79680717,0.11732427775859833,0.8962075710296631,0.6757351756095886
YNL189W,YBR142W,0,-0.7968499,0.11730895191431046,0.8962075710296631,0.6758351922035217
YDL075W,YIR008C,0,-0.7971262,0.11729362607002258,0.8962075710296631,0.6759352087974548
YDR519W,YBR010W,0,-0.7972902,0.11727830767631531,0.8962075710296631,0.6760352253913879
YOR246C,YOL117W,0,-0.7972914,0.11726298928260803,0.8962075710296631,0.676135241985321
YPL096W,YIL073C,0,-0.79740727,0.11724768579006195,0.8962075710296631,0.6762352585792542
YBR240C,YHL040C,0,-0.7974987,0.11723237484693527,0.8962075710296631,0.6763352751731873
YMR314W,YHL001W,0,-0.7975262,0.11721707135438919,0.8962075710296631,0.6764352917671204
YBR275C,YDR462W,0,-0.79756445,0.1172017753124237,0.8962075710296631,0.6765353083610535
YLR133W,YER159C-A,0,-0.79796743,0.11718647927045822,0.8962075710296631,0.6766353249549866
YFR018C,YDL130W-A,0,-0.7984623,0.11717119067907333,0.8962075710296631,0.6767353415489197
YJR075W,YHR167W,0,-0.7988476,0.11715590208768845,0.8962075710296631,0.6768353581428528
YGL079W,YBR170C,0,-0.7993899,0.11714062094688416,0.8962075710296631,0.6769353747367859
YNL166C,YKL003C,0,-0.7994559,0.11712533980607986,0.8962075710296631,0.677035391330719
YBR030W,YPL158C,0,-0.7999074,0.11711006611585617,0.8962075710296631,0.6771354079246521
YLR066W,YPR056W,0,-0.80007017,0.11709479987621307,0.8962075710296631,0.6772354245185852
YIR023W,YMR019W,0,-0.80015135,0.11707953363656998,0.8962075710296631,0.6773354411125183
YNR016C,YMR013C,0,-0.8003944,0.11706426739692688,0.8962075710296631,0.6774354577064514
YGL203C,YLR410W-A,0,-0.80060005,0.11704900860786438,0.8962075710296631,0.6775355339050293
YOL041C,YER145C,0,-0.800902,0.11703375726938248,0.8962075710296631,0.6776355504989624
YIL016W,YLR145W,0,-0.8010887,0.11701850593090057,0.8962075710296631,0.6777355670928955
YLR056W,YHR001W,1,-0.80137914,0.11713355034589767,0.8972055912017822,0.6777355670928955
YNR043W,YBR102C,0,-0.8015033,0.11711829155683517,0.8972055912017822,0.6778355836868286
YCR020W-B,YPL111W,0,-0.8015282,0.11710303276777267,0.8972055912017822,0.6779356002807617
YLR084C,YKL218C,0,-0.80160755,0.11708778142929077,0.8972055912017822,0.6780356168746948
YJL005W,YKL008C,0,-0.8016722,0.11707253754138947,0.8972055912017822,0.6781356334686279
YBR294W,YGL172W,0,-0.80181843,0.11705729365348816,0.8972055912017822,0.678235650062561
YDR506C,YJL210W,0,-0.8021928,0.11704204976558685,0.8972055912017822,0.6783356666564941
YPR171W,YDR177W,1,-0.8025149,0.1171569898724556,0.8982036113739014,0.6783356666564941
YOR159C,YGR249W,0,-0.80262834,0.1171417385339737,0.8982036113739014,0.6784356832504272
YGL014W,YBR245C,0,-0.80272883,0.11712649464607239,0.8982036113739014,0.6785356998443604
YGR287C,YAL060W,0,-0.8030534,0.11711125820875168,0.8982036113739014,0.6786357164382935
YJR092W,YOR180C,0,-0.80339444,0.11709602177143097,0.8982036113739014,0.6787357330322266
YOL077C,YGL011C,0,-0.80348563,0.11708078533411026,0.8982036113739014,0.6788357496261597
YPL283C,YOR269W,0,-0.8035109,0.11706555634737015,0.8982036113739014,0.6789357662200928
YLR364W,YML040W,0,-0.80365205,0.11705033481121063,0.8982036113739014,0.6790357828140259
YIL048W,YLL038C,1,-0.80401325,0.11716514825820923,0.8992015719413757,0.6790357828140259
YKL008C,YDR261C-C,0,-0.80441415,0.11714991182088852,0.8992015719413757,0.679135799407959
YGL046W,YNL049C,0,-0.8044546,0.11713468283414841,0.8992015719413757,0.6792358756065369
YBR297W,YGR095C,0,-0.8052435,0.11711946129798889,0.8992015719413757,0.67933589220047
YJL079C,YGL029W,0,-0.80555254,0.11710423976182938,0.8992015719413757,0.6794359087944031
YJR158W,YLL035W,0,-0.8057611,0.11708901822566986,0.8992015719413757,0.6795359253883362
YOR039W,YLR410W-A,0,-0.8057656,0.11707380414009094,0.8992015719413757,0.6796359419822693
YML022W,YDL007W,0,-0.80595386,0.11705859750509262,0.8992015719413757,0.6797359585762024
YOR344C,YDL180W,0,-0.8059579,0.1170433908700943,0.8992015719413757,0.6798359751701355
YDR240C,YBR072W,0,-0.806005,0.11702818423509598,0.8992015719413757,0.6799359917640686
YKL137W,YBR207W,0,-0.80630565,0.11701298505067825,0.8992015719413757,0.6800360083580017
YOL115W,YGR108W,0,-0.8067035,0.11699779331684113,0.8992015719413757,0.6801360249519348
YHR206W,YBR198C,0,-0.8068595,0.116982601583004,0.8992015719413757,0.6802360415458679
YLR035C-A,YGL186C,0,-0.8076499,0.11696741729974747,0.8992015719413757,0.680336058139801
YPR168W,YMR214W,0,-0.8077367,0.11695223301649094,0.8992015719413757,0.6804360747337341
YLR133W,YOR142W-B,0,-0.8077427,0.116937056183815,0.8992015719413757,0.6805360913276672
YAR008W,YLR228C,0,-0.80805975,0.11692187935113907,0.8992015719413757,0.6806361079216003
YKL107W,YDR326C,0,-0.808148,0.11690670996904373,0.8992015719413757,0.6807361245155334
YOR192C-B,YNL027W,0,-0.8083273,0.1168915405869484,0.8992015719413757,0.6808361411094666
YKL143W,YBL101C,0,-0.80836445,0.11687637865543365,0.8992015719413757,0.6809361577033997
YAL009W,YPL002C,0,-0.80838054,0.11686121672391891,0.8992015719413757,0.6810362339019775
YNL158W,YEL070W,0,-0.8084587,0.11684606224298477,0.8992015719413757,0.6811362504959106
YEL011W,YDR383C,0,-0.808758,0.11683091521263123,0.8992015719413757,0.6812362670898438
YMR214W,YNL202W,0,-0.80878425,0.11681576818227768,0.8992015719413757,0.6813362836837769
YOL156W,YPL231W,0,-0.80933726,0.11680062115192413,0.8992015719413757,0.68143630027771
YAR008W,YHL022C,0,-0.8094374,0.11678548157215118,0.8992015719413757,0.6815363168716431
YGR271W,YER137C-A,0,-0.8097043,0.11677034944295883,0.8992015719413757,0.6816363334655762
YPL255W,YJL194W,0,-0.80990577,0.11675521731376648,0.8992015719413757,0.6817363500595093
YML130C,YGR109W-B,0,-0.81024325,0.11674008518457413,0.8992015719413757,0.6818363666534424
YIL082W-A,YLR165C,0,-0.8105644,0.11672496795654297,0.8992015719413757,0.6819363832473755
YKR102W,YGR095C,0,-0.81060207,0.11670984327793121,0.8992015719413757,0.6820363998413086
YEL064C,YGL255W,0,-0.810772,0.11669472604990005,0.8992015719413757,0.6821364164352417
YNL158W,YBR215W,0,-0.8108245,0.1166796162724495,0.8992015719413757,0.6822364330291748
YPL143W,YGR121C,0,-0.8108463,0.11666450649499893,0.8992015719413757,0.6823364496231079
YDR506C,YGR272C,0,-0.8112653,0.11664940416812897,0.8992015719413757,0.682436466217041
YDL212W,YLR330W,0,-0.81127214,0.116634301841259,0.8992015719413757,0.6825364828109741
YNL301C,YKL198C,0,-0.81135166,0.11661920696496964,0.8992015719413757,0.6826364994049072
YPR111W,YLR178C,0,-0.81153655,0.11660411208868027,0.8992015719413757,0.6827365756034851
YNL020C,YDL231C,1,-0.8117862,0.11671842634677887,0.9001995921134949,0.6827365756034851
YNL092W,YKL200C,0,-0.8122026,0.1167033240199089,0.9001995921134949,0.6828365921974182
YMR044W,YAL020C,0,-0.81262577,0.11668822914361954,0.9001995921134949,0.6829366087913513
YER117W,YJR044C,0,-0.81364584,0.11667313426733017,0.9001995921134949,0.6830366253852844
YPL032C,YPR171W,1,-0.81443584,0.1167873740196228,0.901197612285614,0.6830366253852844
YGR156W,YIL110W,0,-0.81445086,0.11677227169275284,0.901197612285614,0.6831366419792175
YOR115C,YGR292W,0,-0.81449056,0.11675717681646347,0.901197612285614,0.6832366585731506
YLR410W,YMR113W,0,-0.81471765,0.1167420819401741,0.901197612285614,0.6833366751670837
YDR248C,YOR384W,0,-0.81477565,0.11672698706388474,0.901197612285614,0.6834366917610168
YLL013C,YKL158W,0,-0.8149533,0.11671190708875656,0.901197612285614,0.68353670835495
YKL096W,YNL162W,0,-0.8149985,0.11669681966304779,0.901197612285614,0.6836367249488831
YMR198W,YKL200C,0,-0.81517386,0.11668173968791962,0.901197612285614,0.6837367415428162
YLR393W,YJL129C,0,-0.8153107,0.11666666716337204,0.901197612285614,0.6838367581367493
YGR105W,YLR128W,0,-0.81605256,0.11665159463882446,0.901197612285614,0.6839367747306824
YBR097W,YNL001W,0,-0.8165394,0.11663652956485748,0.901197612285614,0.6840367913246155
YEL065W,YOL103W,0,-0.8165684,0.1166214644908905,0.901197612285614,0.6841368079185486
YPL060C-A,YDL017W,0,-0.8168576,0.11660640686750412,0.901197612285614,0.6842368245124817
YML073C,YAL058W,0,-0.81691885,0.11659134924411774,0.901197612285614,0.6843368411064148
YNL189W,YBR136W,0,-0.81695193,0.11657629907131195,0.901197612285614,0.6844368577003479
YJL091C,YLR453C,0,-0.81701124,0.11656124889850616,0.901197612285614,0.6845369338989258
YKR003W,YGL029W,0,-0.8170208,0.11654620617628098,0.901197612285614,0.6846369504928589
YGR227W,YOR168W,0,-0.8170986,0.11653116345405579,0.901197612285614,0.684736967086792
YPR191W,YNL284C-A,0,-0.81744295,0.1165161281824112,0.901197612285614,0.6848369836807251
YDL039C,YLR157C-B,0,-0.8174664,0.1165010929107666,0.901197612285614,0.6849370002746582
YNL210W,YJR083C,0,-0.8175669,0.1164860650897026,0.901197612285614,0.6850370168685913
YER151C,YER137C-A,0,-0.81779695,0.11647104471921921,0.901197612285614,0.6851370334625244
YKL156W,YGR161W-B,0,-0.8180071,0.11645602434873581,0.901197612285614,0.6852370500564575
YBL092W,YDR065W,0,-0.81811917,0.11644100397825241,0.901197612285614,0.6853370666503906
YHR135C,YHR073W,1,-0.8187494,0.11655492335557938,0.9021956324577332,0.6853370666503906
YNL244C,YGR263C,0,-0.81875074,0.11653990298509598,0.9021956324577332,0.6854370832443237
YGR063C,YMR247C,0,-0.8189986,0.11652487516403198,0.9021956324577332,0.6855370998382568
YCR066W,YMR168C,0,-0.819054,0.11650986224412918,0.9021956324577332,0.6856371164321899
YML001W,YEL027W,1,-0.8195944,0.11662371456623077,0.9031935930252075,0.6856371164321899
YCL057C-A,YAR007C,0,-0.82012844,0.11660868674516678,0.9031935930252075,0.685737133026123
YKL056C,YDL222C,0,-0.82017875,0.11659365892410278,0.9031935930252075,0.6858371496200562
YPL104W,YER065C,0,-0.8205952,0.11657863855361938,0.9031935930252075,0.6859371662139893
YCL059C,YDR055W,0,-0.82063484,0.11656362563371658,0.9031935930252075,0.6860371828079224
YAL020C,YLR410W-A,0,-0.82083917,0.11654861271381378,0.9031935930252075,0.6861371994018555
YKL053C-A,YJR025C,0,-0.82109916,0.11653360724449158,0.9031935930252075,0.6862372756004333
YNL054W-B,YDR462W,0,-0.82114536,0.11651860177516937,0.9031935930252075,0.6863372921943665
YDR356W,YGL179C,0,-0.8211682,0.11650360375642776,0.9031935930252075,0.6864373087882996
YCR094W,YCR028C,1,-0.82136303,0.11661732196807861,0.9041916131973267,0.6864373087882996
YML123C,YLR423C,0,-0.8214742,0.11660231649875641,0.9041916131973267,0.6865373253822327
YIL132C,YML088W,0,-0.8214965,0.1165873110294342,0.9041916131973267,0.6866373419761658
YGR113W,YML077W,0,-0.82165563,0.1165723130106926,0.9041916131973267,0.6867373585700989
YPL208W,YNL275W,0,-0.82178426,0.11655731499195099,0.9041916131973267,0.686837375164032
YNL069C,YNL077W,0,-0.82182866,0.11654231697320938,0.9041916131973267,0.6869373917579651
YDL197C,YGL033W,0,-0.82187176,0.11652733385562897,0.9041916131973267,0.6870374083518982
YMR014W,YGL156W,0,-0.8221841,0.11651234328746796,0.9041916131973267,0.6871374249458313
YBR265W,YKL107W,0,-0.8224549,0.11649736762046814,0.9041916131973267,0.6872374415397644
YLL038C,YHR135C,1,-0.8225383,0.11661095172166824,0.9051896333694458,0.6872374415397644
YOR181W,YKL203C,1,-0.8226706,0.11672451347112656,0.9061876535415649,0.6872374415397644
YLR237W,YLR197W,0,-0.82285917,0.11670950800180435,0.9061876535415649,0.6873374581336975
YCR040W,YBR106W,0,-0.823195,0.11669450998306274,0.9061876535415649,0.6874374747276306
YNL329C,YOR393W,0,-0.8232012,0.11667951941490173,0.9061876535415649,0.6875374913215637
YPL283C,YGR295C,0,-0.8233615,0.11666452884674072,0.9061876535415649,0.6876375079154968
YMR075W,YDL133C-A,0,-0.82353,0.11664953827857971,0.9061876535415649,0.6877375245094299
YHR161C,YOR181W,1,-0.8236018,0.11676300317049026,0.9071856141090393,0.6877375245094299
YPL139C,YHR026W,0,-0.8237277,0.11674801260232925,0.9071856141090393,0.687837541103363
YML104C,YNL115C,0,-0.824584,0.11673301458358765,0.9071856141090393,0.6879376173019409
YGR027W-B,YDR006C,0,-0.8246251,0.11671802401542664,0.9071856141090393,0.688037633895874
YCR080W,YGL123W,0,-0.8246616,0.11670304089784622,0.9071856141090393,0.6881376504898071
YBL060W,YOL070C,0,-0.82492423,0.1166880652308464,0.9071856141090393,0.6882376670837402
YER068W,YMR008C,0,-0.825217,0.11667308211326599,0.9071856141090393,0.6883376836776733
YMR046C,YKL074C,0,-0.82612294,0.11665811389684677,0.9071856141090393,0.6884377002716064
YPL042C,YHR167W,0,-0.82630384,0.11664313822984695,0.9071856141090393,0.6885377168655396
YPR171W,YKL203C,1,-0.82653165,0.11675647646188736,0.9081836342811584,0.6885377168655396
YCR030C,YLR157C,0,-0.8266479,0.11674150079488754,0.9081836342811584,0.6886377334594727
YPL227C,YMR032W,0,-0.8267521,0.11672652512788773,0.9081836342811584,0.6887377500534058
YBR275C,YHL009W-A,0,-0.8272314,0.1167115569114685,0.9081836342811584,0.6888377666473389
YOR322C,YLR337C,1,-0.82732165,0.11682482808828354,0.9091816544532776,0.6888377666473389
YFL055W,YKL113C,0,-0.8273388,0.11680984497070312,0.9091816544532776,0.688937783241272
YGR033C,YBR172C,0,-0.82762796,0.11679486930370331,0.9091816544532776,0.6890377998352051
YDR253C,YFL034C-A,0,-0.8278624,0.11677990108728409,0.9091816544532776,0.6891378164291382
YPR132W,YLL005C,0,-0.8288754,0.11676493287086487,0.9091816544532776,0.6892378330230713
YGL191W,YLR157C-A,0,-0.82889634,0.11674996465444565,0.9091816544532776,0.6893378496170044
YPL060C-A,YOR362C,0,-0.82903975,0.11673501133918762,0.9091816544532776,0.6894378662109375
YDL245C,YGL206C,0,-0.82910824,0.116720050573349,0.9091816544532776,0.6895378828048706
YGL050W,YGL003C,0,-0.82934785,0.11670509725809097,0.9091816544532776,0.6896378993988037
YJR026W,YER144C,0,-0.829805,0.11669015139341354,0.9091816544532776,0.6897379755973816
YJL111W,YPR158C-D,0,-0.82990736,0.11667520552873611,0.9091816544532776,0.6898379921913147
YIL021W,YPR009W,0,-0.8299614,0.11666026711463928,0.9091816544532776,0.6899380087852478
YNL210W,YOR133W,0,-0.82998455,0.11664532870054245,0.9091816544532776,0.6900380253791809
YIR010W,YHR203C,0,-0.830089,0.11663039028644562,0.9091816544532776,0.690138041973114
YOL102C,YER124C,0,-0.83059144,0.11661546677350998,0.9091816544532776,0.6902380585670471
YAL024C,YPL005W,0,-0.8306792,0.11660053580999374,0.9091816544532776,0.6903380751609802
YNL230C,YDL092W,0,-0.83081114,0.1165856122970581,0.9091816544532776,0.6904380917549133
YHR136C,YAR014C,0,-0.8309058,0.11657069623470306,0.9091816544532776,0.6905381083488464
YLR045C,YKL167C,0,-0.83110017,0.11655578017234802,0.9091816544532776,0.6906381249427795
YCL033C,YLL035W,0,-0.8311105,0.11654087156057358,0.9091816544532776,0.6907381415367126
YJR045C,YPR112C,0,-0.8312818,0.11652596294879913,0.9091816544532776,0.6908381581306458
YLR337W,YGR241C,1,-0.8314117,0.11663895845413208,0.910179615020752,0.6908381581306458
YDL213C,YKL171W,0,-0.8319455,0.11662404239177704,0.910179615020752,0.6909381747245789
YPR118W,YLR240W,0,-0.8320252,0.116609126329422,0.910179615020752,0.691038191318512
YER014C-A,YPL228W,0,-0.8320416,0.11659421771764755,0.910179615020752,0.6911382079124451
YJL191W,YJR093C,0,-0.83238757,0.1165793165564537,0.910179615020752,0.6912382245063782
YER096W,YPR098C,0,-0.8325298,0.11656441539525986,0.910179615020752,0.6913382411003113
YEL064C,YEL026W,0,-0.8328055,0.1165495216846466,0.910179615020752,0.6914383172988892
YCR028C-A,YBL010C,0,-0.8328109,0.11653462797403336,0.910179615020752,0.6915383338928223
YOR378W,YOR351C,0,-0.8328331,0.1165197417140007,0.910179615020752,0.6916383504867554
YNR054C,YMR256C,0,-0.8330063,0.11650485545396805,0.910179615020752,0.6917383670806885
YDR051C,YGR161C-C,0,-0.833091,0.11648997664451599,0.910179615020752,0.6918383836746216
YKL157W,YMR221C,0,-0.8331885,0.11647509783506393,0.910179615020752,0.6919384002685547
YPR191W,YOR361C,0,-0.8333976,0.11646021902561188,0.910179615020752,0.6920384168624878
YMR128W,YLR225C,0,-0.83355445,0.11644535511732101,0.910179615020752,0.6921384334564209
YNL331C,YNR046W,0,-0.8338792,0.11643048375844955,0.910179615020752,0.692238450050354
YBL101W-A,YOL008W,0,-0.83391047,0.11641562730073929,0.910179615020752,0.6923384666442871
YJL159W,YNL185C,0,-0.83429414,0.11640076339244843,0.910179615020752,0.6924384832382202
YOL115W,YBR260C,0,-0.8344028,0.11638591438531876,0.910179615020752,0.6925384998321533
YNL297C,YLR337C,1,-0.834532,0.11649865657091141,0.9111776351928711,0.6925384998321533
YDR483W,YHR072W,0,-0.8349035,0.11648380011320114,0.9111776351928711,0.6926385164260864
YFR005C,YLR390W,0,-0.8349075,0.11646893620491028,0.9111776351928711,0.6927385330200195
YLR448W,YJL100W,0,-0.8351468,0.11645407974720001,0.9111776351928711,0.6928385496139526
YOR120W,YEL026W,0,-0.835357,0.11643923074007034,0.9111776351928711,0.6929385662078857
YBR192W,YDL112W,0,-0.83539474,0.11642438173294067,0.9111776351928711,0.6930385828018188
YLR386W,YCR075C,0,-0.83580464,0.1164095401763916,0.9111776351928711,0.693138599395752
YDR382W,YPR181C,0,-0.8358989,0.11639469861984253,0.9111776351928711,0.6932386755943298
YPL082C,YDL114W,0,-0.83610517,0.11637985706329346,0.9111776351928711,0.6933386921882629
YHR107C,YJR147W,0,-0.83652973,0.11636503040790558,0.9111776351928711,0.693438708782196
YKL071W,YDL181W,0,-0.8369089,0.1163501963019371,0.9111776351928711,0.6935387253761292
YER111C,YJL056C,0,-0.8370012,0.11633536964654922,0.9111776351928711,0.6936387419700623
YGL206C,YLR337C,1,-0.83708143,0.11644795536994934,0.9121756553649902,0.6936387419700623
YKL085W,YEL041W,0,-0.8371556,0.11643312126398087,0.9121756553649902,0.6937387585639954
YDR371W,YOL003C,0,-0.83727014,0.11641828715801239,0.9121756553649902,0.6938387751579285
YML048W,YFL002W-B,0,-0.8372833,0.11640346050262451,0.9121756553649902,0.6939387917518616
YMR164C,YHR098C,0,-0.8374467,0.11638864129781723,0.9121756553649902,0.6940388083457947
YNL219C,YPR144C,0,-0.83754516,0.11637382209300995,0.9121756553649902,0.6941388249397278
YNL323W,YBR070C,0,-0.83786166,0.11635901033878326,0.9121756553649902,0.6942388415336609
YDR210W-A,YGR279C,0,-0.8379365,0.11634419858455658,0.9121756553649902,0.694338858127594
YMR198W,YNR016C,0,-0.83802706,0.1163293868303299,0.9121756553649902,0.6944388747215271
YGL017W,YGL253W,0,-0.8382179,0.11631458252668381,0.9121756553649902,0.6945388913154602
YJL028W,YBR093C,0,-0.83829904,0.11629978567361832,0.9121756553649902,0.6946389079093933
YNR018W,YLR227W-B,0,-0.8383081,0.11628498882055283,0.9121756553649902,0.6947389245033264
YKL179C,YOR192C-A,0,-0.8383951,0.11627019196748734,0.9121756553649902,0.6948389410972595
YLR410W-B,YGL120C,0,-0.83867896,0.11625540256500244,0.9121756553649902,0.6949390172958374
YGR198W,YAR044W,1,-0.8392992,0.11636780202388763,0.9131736755371094,0.6949390172958374
YNR075W,YOR089C,1,-0.83979726,0.11648016422986984,0.9141716361045837,0.6949390172958374
YOR226C,YMR146C,0,-0.8400933,0.11646535247564316,0.9141716361045837,0.6950390338897705
YKR030W,YNL125C,0,-0.8401105,0.11645054817199707,0.9141716361045837,0.6951390504837036
YOR096W,YIL140W,0,-0.84022194,0.11643574386835098,0.9141716361045837,0.6952390670776367
YNL309W,YLR440C,0,-0.84024405,0.11642094701528549,0.9141716361045837,0.6953390836715698
YAL062W,YJR140C,0,-0.84048855,0.11640615016222,0.9141716361045837,0.6954391002655029
YLR371W,YNL227C,1,-0.840829,0.11651842296123505,0.9151696562767029,0.6954391002655029
YLR182W,YIL159W,0,-0.84107614,0.11650361865758896,0.9151696562767029,0.695539116859436
YER048C,YBL005W-A,0,-0.8413354,0.11648882180452347,0.9151696562767029,0.6956391334533691
YOL138C,YPL242C,0,-0.841481,0.11647402495145798,0.9151696562767029,0.6957391500473022
YPL005W,YER148W,0,-0.8415053,0.11645923554897308,0.9151696562767029,0.6958391666412354
YLR051C,YKR103W,0,-0.8415228,0.11644444614648819,0.9151696562767029,0.6959391832351685
YDR052C,YLR427W,0,-0.8415571,0.1164296567440033,0.9151696562767029,0.6960391998291016
YCR023C,YMR238W,0,-0.84162897,0.1164148822426796,0.9151696562767029,0.6961392164230347
YAR042W,YNL227C,1,-0.84184486,0.11652703583240509,0.916167676448822,0.6961392164230347
YOR322C,YBR059C,1,-0.8420518,0.1166391670703888,0.9171656966209412,0.6961392164230347
YKL193C,YNR020C,0,-0.84211344,0.1166243627667427,0.9171656966209412,0.6962392330169678
YKL012W,YJR133W,0,-0.842181,0.11660956591367722,0.9171656966209412,0.6963392496109009
YIL139C,YKR054C,0,-0.8424487,0.11659477651119232,0.9171656966209412,0.696439266204834
YBL006C,YLR183C,0,-0.84247524,0.11657997965812683,0.9171656966209412,0.6965392827987671
YLL002W,YBL018C,0,-0.8429694,0.11656519770622253,0.9171656966209412,0.6966392993927002
YDR358W,YLR287C-A,0,-0.84307736,0.11655041575431824,0.9171656966209412,0.6967393755912781
YGL183C,YDR532C,0,-0.8432641,0.11653563380241394,0.9171656966209412,0.6968393921852112
YIL002C,YEL021W,0,-0.8433176,0.11652085930109024,0.9171656966209412,0.6969394087791443
YDR210W-A,YCL027W,0,-0.84348744,0.11650608479976654,0.9171656966209412,0.6970394253730774
YFL003C,YDR385W,0,-0.84386873,0.11649131774902344,0.9171656966209412,0.6971394419670105
YFL013C,YJR135C,0,-0.84387386,0.11647655069828033,0.9171656966209412,0.6972394585609436
YDR088C,YGR058W,0,-0.8440945,0.11646179109811783,0.9171656966209412,0.6973394751548767
YDR508C,YOR355W,0,-0.8445395,0.11644703149795532,0.9171656966209412,0.6974394917488098
YKL053C-A,YOR120W,0,-0.8447468,0.11643227934837341,0.9171656966209412,0.6975395083427429
YOR043W,YML052W,1,-0.84497094,0.116544209420681,0.9181636571884155,0.6975395083427429
YMR046C,YOR297C,0,-0.84505045,0.1165294498205185,0.9181636571884155,0.697639524936676
YHL032C,YKR010C,0,-0.8450936,0.11651469022035599,0.9181636571884155,0.6977395415306091
YOL018C,YJL041W,0,-0.8455663,0.11649993807077408,0.9181636571884155,0.6978395581245422
YPL087W,YPR138C,0,-0.84569037,0.11648518592119217,0.9181636571884155,0.6979395747184753
YER166W,YOR388C,0,-0.84570074,0.11647044122219086,0.9181636571884155,0.6980395913124084
YDR373W,YMR163C,0,-0.845767,0.11645569652318954,0.9181636571884155,0.6981396079063416
YBL088C,YOL097C,0,-0.8460573,0.11644095927476883,0.9181636571884155,0.6982396245002747
YEL070W,YGL244W,0,-0.84615576,0.11642622202634811,0.9181636571884155,0.6983396410942078
YGL047W,YOR142W-B,0,-0.8462651,0.116411492228508,0.9181636571884155,0.6984397172927856
YMR269W,YDR014W,0,-0.8463192,0.11639676243066788,0.9181636571884155,0.6985397338867188
YBR288C,YJR043C,0,-0.8463433,0.11638204008340836,0.9181636571884155,0.6986397504806519
YBR042C,YCL057C-A,0,-0.84657407,0.11636731773614883,0.9181636571884155,0.698739767074585
YDR332W,YBL046W,0,-0.84660697,0.11635259538888931,0.9181636571884155,0.6988397836685181
YMR114C,YPR164W,0,-0.84685415,0.11633788794279099,0.9181636571884155,0.6989398002624512
YFL002W-A,YPL065W,0,-0.84701097,0.11632317304611206,0.9181636571884155,0.6990398168563843
YLR035C-A,YER011W,0,-0.8471355,0.11630847305059433,0.9181636571884155,0.6991398334503174
YFL047W,YDR363W-A,0,-0.84747994,0.116293765604496,0.9181636571884155,0.6992398500442505
YDR153C,YGL257C,0,-0.84759414,0.11627907305955887,0.9181636571884155,0.6993398666381836
YOR367W,YDL216C,0,-0.8476783,0.11626437306404114,0.9181636571884155,0.6994398832321167
YPL237W,YHR135C,0,-0.84770834,0.116249680519104,0.9181636571884155,0.6995398998260498
YDR405W,YJL033W,0,-0.8477945,0.11623499542474747,0.9181636571884155,0.6996399164199829
YMR046C,YPL236C,0,-0.848101,0.11622031033039093,0.9181636571884155,0.699739933013916
YBL052C,YDL184C,0,-0.8483496,0.11620563268661499,0.9181636571884155,0.6998399496078491
YKR068C,YLL035W,0,-0.84840477,0.11619095504283905,0.9181636571884155,0.6999399662017822
YPL060C-A,YJR098C,0,-0.84883064,0.11617628484964371,0.9181636571884155,0.7000399827957153
YER146W,YGR166W,0,-0.848878,0.11616161465644836,0.9181636571884155,0.7001399993896484
YHL007C,YMR098C,0,-0.8489388,0.11614695191383362,0.9181636571884155,0.7002400755882263
YLR130C,YIL157C,0,-0.8491834,0.11613228917121887,0.9181636571884155,0.7003400921821594
YLR264W,YLR308W,0,-0.8492018,0.11611763387918472,0.9181636571884155,0.7004401087760925
YJL177W,YDR532C,0,-0.84923303,0.11610297858715057,0.9181636571884155,0.7005401253700256
YBL042C,YDR034C,0,-0.8494647,0.11608833074569702,0.9181636571884155,0.7006401419639587
YER049W,YLR389C,0,-0.84952796,0.11607368290424347,0.9181636571884155,0.7007401585578918
YDR400W,YPR186C,0,-0.84980917,0.11605903506278992,0.9181636571884155,0.700840175151825
YML033W,YNR057C,0,-0.8504249,0.11604440212249756,0.9181636571884155,0.7009401917457581
YPL265W,YBR299W,0,-0.85049903,0.1160297617316246,0.9181636571884155,0.7010402083396912
YKL022C,YDR267C,0,-0.8512338,0.11601512879133224,0.9181636571884155,0.7011402249336243
YMR210W,YOR306C,0,-0.85125136,0.11600050330162048,0.9181636571884155,0.7012402415275574
YLL061W,YKL055C,0,-0.8515107,0.11598587781190872,0.9181636571884155,0.7013402581214905
YNL259C,YML019W,0,-0.85152465,0.11597125977277756,0.9181636571884155,0.7014402747154236
YKL053C-A,YLR089C,0,-0.8517933,0.11595664173364639,0.9181636571884155,0.7015402913093567
YOL026C,YGR239C,0,-0.85195315,0.11594203114509583,0.9181636571884155,0.7016403079032898
YPL050C,YGR192C,0,-0.8520873,0.11592742055654526,0.9181636571884155,0.7017403244972229
YLR359W,YGR135W,0,-0.8524749,0.11591280996799469,0.9181636571884155,0.701840341091156
YLR312W-A,YJL085W,0,-0.85255873,0.11589821428060532,0.9181636571884155,0.7019404172897339
YLR309C,YML010W,0,-0.8526386,0.11588361114263535,0.9181636571884155,0.702040433883667
YJR119C,YIL044C,0,-0.85348,0.11586901545524597,0.9181636571884155,0.7021404504776001
YGR271C-A,YKL085W,0,-0.85374016,0.1158544272184372,0.9181636571884155,0.7022404670715332
YER039C,YPL127C,0,-0.8543241,0.11583983898162842,0.9181636571884155,0.7023404836654663
YPR066W,YDR462W,0,-0.8547538,0.11582525819540024,0.9181636571884155,0.7024405002593994
YKL108W,YOR131C,0,-0.85514045,0.11581067740917206,0.9181636571884155,0.7025405168533325
YHR051W,YJR058C,0,-0.85514116,0.11579609662294388,0.9181636571884155,0.7026405334472656
YKL188C,YLR057W,0,-0.85525477,0.1157815232872963,0.9181636571884155,0.7027405500411987
YMR298W,YEL026W,0,-0.8553376,0.11576695740222931,0.9181636571884155,0.7028405666351318
YNL316C,YDL065C,0,-0.8555604,0.11575239151716232,0.9181636571884155,0.7029405832290649
YBL079W,YKR046C,0,-0.85567206,0.11573782563209534,0.9181636571884155,0.703040599822998
YGR070W,YLR176C,0,-0.8558428,0.11572326719760895,0.9181636571884155,0.7031406164169312
YNL301C,YBL097W,0,-0.8559749,0.11570871621370316,0.9181636571884155,0.7032406330108643
YML095C,YOL146W,0,-0.8560163,0.11569416522979736,0.9181636571884155,0.7033406496047974
YLR229C,YER115C,0,-0.85615075,0.11567961424589157,0.9181636571884155,0.7034406661987305
YPR022C,YDR079W,0,-0.85619617,0.11566507071256638,0.9181636571884155,0.7035406827926636
YOR257W,YMR080C,0,-0.8563433,0.11565053462982178,0.9181636571884155,0.7036406993865967
YFL004W,YNL267W,0,-0.85732484,0.11563599854707718,0.9181636571884155,0.7037407755851746
YBR207W,YNR075W,1,-0.8578485,0.11574713885784149,0.9191616773605347,0.7037407755851746
YLR337W,YDR388W,1,-0.85796887,0.11585825681686401,0.9201596975326538,0.7037407755851746
YFR015C,YEL040W,0,-0.8581325,0.11584369838237762,0.9201596975326538,0.7038407921791077
YMR049C,YMR044W,0,-0.8583286,0.11582914739847183,0.9201596975326538,0.7039408087730408
YDL214C,YPL015C,0,-0.8586129,0.11581459641456604,0.9201596975326538,0.7040408253669739
YAL041W,YPL032C,0,-0.8590071,0.11580005288124084,0.9201596975326538,0.704140841960907
YPR168W,YDR484W,0,-0.859237,0.11578550934791565,0.9201596975326538,0.7042408585548401
YBR083W,YPL057C,0,-0.8593028,0.11577096581459045,0.9201596975326538,0.7043408751487732
YMR037C,YJL028W,0,-0.859758,0.11575643718242645,0.9201596975326538,0.7044408917427063
YGR072W,YMR022W,0,-0.8598334,0.11574190109968185,0.9201596975326538,0.7045409083366394
YDL142C,YNR070W,0,-0.8598633,0.11572737246751785,0.9201596975326538,0.7046409249305725
YMR090W,YKL107W,0,-0.85987294,0.11571285128593445,0.9201596975326538,0.7047409415245056
YLR447C,YJL029C,0,-0.85991865,0.11569833010435104,0.9201596975326538,0.7048409581184387
YDR285W,YNL290W,0,-0.8602814,0.11568381637334824,0.9201596975326538,0.7049409747123718
YLR256W,YGR056W,0,-0.8605068,0.11566930264234543,0.9201596975326538,0.7050409913063049
YNR017W,YDR198C,0,-0.86064243,0.11565478891134262,0.9201596975326538,0.705141007900238
YOR178C,YCR077C,0,-0.86078084,0.11564028263092041,0.9201596975326538,0.7052410244941711
YML091C,YDR170W-A,0,-0.8617314,0.1156257838010788,0.9201596975326538,0.7053410410881042
YMR026C,YPL103C,0,-0.8618945,0.11561128497123718,0.9201596975326538,0.7054411172866821
YBR275C,YIL157C,0,-0.86193424,0.11559679359197617,0.9201596975326538,0.7055411338806152
YER146W,YOR353C,0,-0.8620007,0.11558230221271515,0.9201596975326538,0.7056411504745483
YLR103C,YLR138W,0,-0.86200976,0.11556781083345413,0.9201596975326538,0.7057411670684814
YLR020C,YLR308W,0,-0.86202776,0.11555332690477371,0.9201596975326538,0.7058411836624146
YDR385W,YPL172C,0,-0.8626175,0.11553885042667389,0.9201596975326538,0.7059412002563477
YPL110C,YCL057C-A,0,-0.8628285,0.11552437394857407,0.9201596975326538,0.7060412168502808
YGR179C,YMR223W,0,-0.8634323,0.11550989747047424,0.9201596975326538,0.7061412334442139
YPL104W,YJR112W,0,-0.8634556,0.11549542844295502,0.9201596975326538,0.706241250038147
YPL074W,YLR226W,0,-0.8638445,0.11548095941543579,0.9201596975326538,0.7063412666320801
YNL210W,YDR067C,0,-0.86385417,0.11546649783849716,0.9201596975326538,0.7064412832260132
YGL173C,YKL144C,0,-0.8639243,0.11545204371213913,0.9201596975326538,0.7065412998199463
YBR159W,YNL308C,0,-0.86408997,0.1154375895857811,0.9201596975326538,0.7066413164138794
YHR019C,YDR115W,0,-0.86414367,0.11542313545942307,0.9201596975326538,0.7067413330078125
YFR055W,YCL003W,0,-0.86422926,0.11540868878364563,0.9201596975326538,0.7068413496017456
YGR289C,YBL003C,0,-0.8642821,0.1153942421078682,0.9201596975326538,0.7069413661956787
YBR258C,YBR296C,0,-0.8651527,0.11537980288267136,0.9201596975326538,0.7070413827896118
YBR282W,YLR035C,0,-0.86525476,0.11536536365747452,0.9201596975326538,0.7071413993835449
YNL279W,YPR168W,0,-0.86541367,0.11535093188285828,0.9201596975326538,0.7072414755821228
YDR451C,YAL058W,0,-0.86544776,0.11533650010824203,0.9201596975326538,0.7073414921760559
YHR079C,YNL217W,0,-0.865478,0.11532207578420639,0.9201596975326538,0.707441508769989
YDR141C,YCL019W,0,-0.865502,0.11530765146017075,0.9201596975326538,0.7075415253639221
YMR208W,YLR321C,0,-0.86561555,0.1152932345867157,0.9201596975326538,0.7076415419578552
YOR217W,YBL010C,0,-0.86606264,0.11527881771326065,0.9201596975326538,0.7077415585517883
YLR095C,YPR001W,0,-0.86632276,0.1152644082903862,0.9201596975326538,0.7078415751457214
YOR224C,YMR078C,0,-0.86634487,0.11524999886751175,0.9201596975326538,0.7079415917396545
YBR098W,YAL023C,0,-0.8667487,0.1152355968952179,0.9201596975326538,0.7080416083335876
YLR038C,YMR088C,0,-0.86683357,0.11522119492292404,0.9201596975326538,0.7081416249275208
YLR265C,YPL072W,0,-0.86684954,0.11520680040121078,0.9201596975326538,0.7082416415214539
YBR238C,YFR041C,0,-0.8668867,0.11519240587949753,0.9201596975326538,0.708341658115387
YCL060C,YMR038C,0,-0.8683951,0.11517801135778427,0.9201596975326538,0.7084416747093201
YDR283C,YLR158C,0,-0.86849546,0.11516362428665161,0.9201596975326538,0.7085416913032532
YDR322C-A,YGR033C,0,-0.86860824,0.11514924466609955,0.9201596975326538,0.7086417078971863
YDL002C,YOR233W,0,-0.8696611,0.11513486504554749,0.9201596975326538,0.7087417244911194
YOR151C,YPL101W,0,-0.86969316,0.11512049287557602,0.9201596975326538,0.7088417410850525
YCR028C,YER042W,0,-0.8697227,0.11510612070560455,0.9201596975326538,0.7089418172836304
YEL053C,YER065C,0,-0.87042713,0.11509174853563309,0.9201596975326538,0.7090418338775635
YHR031C,YPR196W,0,-0.87043947,0.11507738381624222,0.9201596975326538,0.7091418504714966
YGL175C,YGR081C,0,-0.8704655,0.11506301909685135,0.9201596975326538,0.7092418670654297
YBR183W,YJR028W,0,-0.8711746,0.11504866182804108,0.9201596975326538,0.7093418836593628
YDL170W,YAL021C,0,-0.8712628,0.1150343120098114,0.9201596975326538,0.7094419002532959
YPL123C,YPL134C,0,-0.8714527,0.11501996219158173,0.9201596975326538,0.709541916847229
YER124C,YPL024W,0,-0.8715441,0.11500561237335205,0.9201596975326538,0.7096419334411621
YNL007C,YIL070C,0,-0.87164396,0.11499127000570297,0.9201596975326538,0.7097419500350952
YOR237W,YKL064W,0,-0.87218744,0.1149769276380539,0.9201596975326538,0.7098419666290283
YNR045W,YCR017C,0,-0.87223876,0.11496259272098541,0.9201596975326538,0.7099419832229614
YGL185C,YNL162W,0,-0.8723324,0.11494825780391693,0.9201596975326538,0.7100419998168945
YOL044W,YBR296C,0,-0.8723354,0.11493393033742905,0.9201596975326538,0.7101420164108276
YLR154C,YPR036W,0,-0.87269723,0.11491960287094116,0.9201596975326538,0.7102420330047607
YCR067C,YDR198C,0,-0.8734523,0.11490528285503387,0.9201596975326538,0.7103420495986938
YJR010W,YNL335W,0,-0.8736931,0.11489096283912659,0.9201596975326538,0.710442066192627
YDR159W,YLR319C,0,-0.87386876,0.1148766502737999,0.9201596975326538,0.7105420827865601
YLR013W,YDL084W,0,-0.8740258,0.1148623377084732,0.9201596975326538,0.7106420993804932
YDL171C,YCL019W,0,-0.8742824,0.11484803259372711,0.9201596975326538,0.710742175579071
YLL062C,YDL108W,0,-0.8749934,0.11483372747898102,0.9201596975326538,0.7108421921730042
YPR151C,YLL041C,0,-0.87514436,0.11481942981481552,0.9201596975326538,0.7109422087669373
YIL139C,YMR240C,0,-0.8752385,0.11480513215065002,0.9201596975326538,0.7110422253608704
YOL064C,YJR147W,0,-0.8755498,0.11479083448648453,0.9201596975326538,0.7111422419548035
YNR008W,YNL232W,0,-0.8760512,0.11477654427289963,0.9201596975326538,0.7112422585487366
YGL187C,YPL031C,0,-0.876209,0.11476226150989532,0.9201596975326538,0.7113422751426697
YIL132C,YGR123C,0,-0.87629247,0.11474797874689102,0.9201596975326538,0.7114422917366028
YEL043W,YFR032C-A,0,-0.8765246,0.11473369598388672,0.9201596975326538,0.7115423083305359
YBL101C,YNL227C,1,-0.87653077,0.11484384536743164,0.9211576581001282,0.7115423083305359
YFL045C,YBR019C,0,-0.87660956,0.11482956260442734,0.9211576581001282,0.711642324924469
YMR319C,YOR222W,0,-0.8769631,0.11481527239084244,0.9211576581001282,0.7117423415184021
YNL093W,YHR001W,1,-0.8773713,0.11492536962032318,0.9221556782722473,0.7117423415184021
YLR088W,YHL009W-A,0,-0.8778912,0.11491107940673828,0.9221556782722473,0.7118423581123352
YHR005C-A,YPR185W,0,-0.8779621,0.11489678919315338,0.9221556782722473,0.7119423747062683
YJL014W,YLR078C,0,-0.878104,0.11488250643014908,0.9221556782722473,0.7120423913002014
YPR028W,YPL121C,0,-0.8790046,0.11486822366714478,0.9221556782722473,0.7121424078941345
YMR109W,YNL227C,1,-0.87922955,0.11497824639081955,0.9231536984443665,0.7121424078941345
YPL162C,YDL153C,0,-0.8792345,0.11496395617723465,0.9231536984443665,0.7122424244880676
YML001W,YFR029W,0,-0.8793674,0.11494967341423035,0.9231536984443665,0.7123424410820007
YPL174C,YJL128C,0,-0.8800795,0.11493539065122604,0.9231536984443665,0.7124425172805786
YIL017C,YPL060C-A,0,-0.8803212,0.11492110788822174,0.9231536984443665,0.7125425338745117
YDR104C,YOR389W,0,-0.8806602,0.11490683257579803,0.9231536984443665,0.7126425504684448
YPR140W,YJL121C,0,-0.880788,0.11489255726337433,0.9231536984443665,0.7127425670623779
YJR161C,YOR339C,0,-0.880864,0.11487828940153122,0.9231536984443665,0.712842583656311
YIL171W,YBL052C,0,-0.8811599,0.11486402899026871,0.9231536984443665,0.7129426002502441
YBL036C,YEL058W,0,-0.88138634,0.1148497611284256,0.9231536984443665,0.7130426168441772
YHR031C,YMR022W,0,-0.881508,0.11483550816774368,0.9231536984443665,0.7131426334381104
YGR175C,YNL264C,0,-0.88159025,0.11482124775648117,0.9231536984443665,0.7132426500320435
YGR287C,YDR126W,0,-0.8819857,0.11480700224637985,0.9231536984443665,0.7133426666259766
YLL052C,YGR029W,0,-0.8822367,0.11479274928569794,0.9231536984443665,0.7134426832199097
YBR073W,YOL018C,0,-0.88275236,0.11477851122617722,0.9231536984443665,0.7135426998138428
YDL239C,YLR340W,0,-0.8829664,0.1147642657160759,0.9231536984443665,0.7136427164077759
YNL014W,YLR157C-A,0,-0.8832445,0.11475002765655518,0.9231536984443665,0.713742733001709
YML054C,YNL047C,0,-0.88327754,0.11473579704761505,0.9231536984443665,0.7138427495956421
YGL100W,YBR136W,0,-0.88342535,0.11472156643867493,0.9231536984443665,0.7139427661895752
YOR324C,YIL021W,0,-0.883516,0.1147073432803154,0.9231536984443665,0.7140427827835083
YNL006W,YCR010C,0,-0.88355577,0.11469312012195587,0.9231536984443665,0.7141427993774414
YPR096C,YAL034W-A,0,-0.88362545,0.11467889696359634,0.9231536984443665,0.7142428755760193
YPR137W,YKL059C,0,-0.8836671,0.11466468125581741,0.9231536984443665,0.7143428921699524
YHL032C,YHL009W-B,0,-0.88400114,0.11465047299861908,0.9231536984443665,0.7144429087638855
YPR098C,YDL061C,0,-0.8841171,0.11463626474142075,0.9231536984443665,0.7145429253578186
YPL088W,YDR211W,0,-0.8841634,0.11462205648422241,0.9231536984443665,0.7146429419517517
YDR177W,YPR083W,0,-0.88443196,0.11460785567760468,0.9231536984443665,0.7147429585456848
YPR163C,YOR174W,0,-0.88465095,0.11459365487098694,0.9231536984443665,0.7148429751396179
YML118W,YOL127W,0,-0.88528687,0.1145794615149498,0.9231536984443665,0.714942991733551
YDR418W,YOR010C,0,-0.88554716,0.11456526815891266,0.9231536984443665,0.7150430083274841
YLR027C,YBR104W,0,-0.8857757,0.11455108225345612,0.9231536984443665,0.7151430249214172
YBR164C,YKR101W,0,-0.8858207,0.11453689634799957,0.9231536984443665,0.7152430415153503
YBR167C,YOR389W,0,-0.8865202,0.11452271789312363,0.9231536984443665,0.7153430581092834
YHR060W,YML111W,0,-0.8866173,0.11450853943824768,0.9231536984443665,0.7154430747032166
YJL133W,YOL101C,0,-0.8866364,0.11449436843395233,0.9231536984443665,0.7155430912971497
YAL062W,YCL055W,0,-0.8867371,0.11448019742965698,0.9231536984443665,0.7156431078910828
YNL079C,YLR355C,0,-0.8868347,0.11446603387594223,0.9231536984443665,0.7157431244850159
YDR405W,YNR069C,0,-0.8868395,0.11445187032222748,0.9231536984443665,0.715843141078949
YJR032W,YGL160W,0,-0.8873465,0.11443770676851273,0.9231536984443665,0.7159432172775269
YBL093C,YJL123C,0,-0.88767153,0.11442355066537857,0.9231536984443665,0.71604323387146
YOR084W,YHR168W,0,-0.8877818,0.11440940201282501,0.9231536984443665,0.7161432504653931
YDR014W,YMR246W,0,-0.8880913,0.11439525336027145,0.9231536984443665,0.7162432670593262
YNL224C,YOR279C,0,-0.8881992,0.1143811047077179,0.9231536984443665,0.7163432836532593
YML018C,YBR127C,0,-0.8884008,0.11436696350574493,0.9231536984443665,0.7164433002471924
YLR027C,YBL005W-B,0,-0.8888489,0.11435282230377197,0.9231536984443665,0.7165433168411255
YNL014W,YNL273W,0,-0.888954,0.11433868855237961,0.9231536984443665,0.7166433334350586
YPR137W,YMR208W,0,-0.8890549,0.11432455480098724,0.9231536984443665,0.7167433500289917
YDL074C,YPR006C,0,-0.8890755,0.11431042850017548,0.9231536984443665,0.7168433666229248
YDL204W,YNL182C,0,-0.88920546,0.11429630219936371,0.9231536984443665,0.7169433832168579
YHR160C,YNL326C,0,-0.8892305,0.11428218334913254,0.9231536984443665,0.717043399810791
YKL129C,YOR237W,1,-0.8894447,0.11439160257577896,0.9241517186164856,0.717043399810791
YOR371C,YDR263C,0,-0.8897093,0.1143774688243866,0.9241517186164856,0.7171434164047241
YPL255W,YER114C,0,-0.8898539,0.11436334252357483,0.9241517186164856,0.7172434329986572
YEL029C,YER019W,0,-0.88996863,0.11434922367334366,0.9241517186164856,0.7173434495925903
YJL112W,YLR073C,0,-0.8900713,0.11433510482311249,0.9241517186164856,0.7174434661865234
YML022W,YDR349C,0,-0.89017636,0.11432098597288132,0.9241517186164856,0.7175434827804565
YLR005W,YAR018C,0,-0.89019775,0.11430687457323074,0.9241517186164856,0.7176434993743896
YDL115C,YPR002W,0,-0.8902134,0.11429277062416077,0.9241517186164856,0.7177435755729675
YDR013W,YHR063C,0,-0.8903683,0.11427865922451019,0.9241517186164856,0.7178435921669006
YPR111W,YKR003W,0,-0.8905082,0.11426456272602081,0.9241517186164856,0.7179436087608337
YMR160W,YMR179W,0,-0.8909118,0.11425046622753143,0.9241517186164856,0.7180436253547668
YMR167W,YDR461W,0,-0.8910288,0.11423636972904205,0.9241517186164856,0.7181436419487
YHR008C,YDR164C,0,-0.8910802,0.11422228068113327,0.9241517186164856,0.7182436585426331
YJL048C,YLR372W,0,-0.89125526,0.11420819163322449,0.9241517186164856,0.7183436751365662
YHR124W,YBL030C,0,-0.89128804,0.1141941025853157,0.9241517186164856,0.7184436917304993
YLR337W,YNR035C,1,-0.89137685,0.11430332809686661,0.92514967918396,0.7184436917304993
YCR034W,YDL210W,0,-0.8917273,0.11428923904895782,0.92514967918396,0.7185437083244324
YBR118W,YLR295C,0,-0.8919765,0.11427515000104904,0.92514967918396,0.7186437249183655
YGL187C,YJL116C,0,-0.89198804,0.11426106095314026,0.92514967918396,0.7187437415122986
YDR253C,YHR178W,0,-0.89205295,0.11424697935581207,0.92514967918396,0.7188437581062317
YOL064C,YBR004C,0,-0.8922014,0.11423290520906448,0.92514967918396,0.7189437747001648
YNR075W,YDR084C,0,-0.89254785,0.1142188236117363,0.92514967918396,0.7190437912940979
YJL138C,YMR006C,0,-0.89257133,0.1142047569155693,0.92514967918396,0.719143807888031
YDR129C,YLR337W,1,-0.8926468,0.11431387066841125,0.9261476993560791,0.719143807888031
YHR005C-A,YKL126W,0,-0.89313394,0.11429978907108307,0.9261476993560791,0.7192438244819641
YJL117W,YOR229W,0,-0.89329994,0.11428571492433548,0.9261476993560791,0.7193438410758972
YJL165C,YNL050C,0,-0.89333093,0.11427164077758789,0.9261476993560791,0.7194439172744751
YOR351C,YGR038W,0,-0.8934073,0.1142575740814209,0.9261476993560791,0.7195439338684082
YDR338C,YMR291W,0,-0.89392024,0.1142435073852539,0.9261476993560791,0.7196439504623413
YDL213C,YNL086W,0,-0.8940072,0.11422944068908691,0.9261476993560791,0.7197439670562744
YER144C,YFL023W,0,-0.8942683,0.11421538144350052,0.9261476993560791,0.7198439836502075
YKL158W,YDR116C,0,-0.8944125,0.11420132964849472,0.9261476993560791,0.7199440002441406
YGL168W,YNL191W,0,-0.8944766,0.11418727785348892,0.9261476993560791,0.7200440168380737
YPR041W,YOR283W,0,-0.8944782,0.11417322605848312,0.9261476993560791,0.7201440334320068
YOR293W,YBR235W,0,-0.89452267,0.11415918171405792,0.9261476993560791,0.7202440500259399
YOL141W,YNL086W,0,-0.89461195,0.11414514482021332,0.9261476993560791,0.720344066619873
YJR151C,YGL037C,0,-0.8948829,0.11413110047578812,0.9261476993560791,0.7204440832138062
YLR088W,YGL128C,0,-0.8950283,0.11411707103252411,0.9261476993560791,0.7205440998077393
YMR051C,YIL162W,0,-0.8950673,0.1141030341386795,0.9261476993560791,0.7206441164016724
YKL129C,YLR337C,1,-0.89529705,0.11421194672584534,0.9271457195281982,0.7206441164016724
YJL118W,YJL153C,0,-0.895517,0.11419790983200073,0.9271457195281982,0.7207441329956055
YBR057C,YMR201C,0,-0.8956037,0.11418387293815613,0.9271457195281982,0.7208441495895386
YBR018C,YJL029C,0,-0.8957848,0.11416984349489212,0.9271457195281982,0.7209441661834717
YAL030W,YOR109W,1,-0.8960115,0.11427868902683258,0.9281437397003174,0.7209441661834717
YNR032W,YHR128W,0,-0.896044,0.11426465213298798,0.9281437397003174,0.7210441827774048
YLR283W,YNL070W,0,-0.8961704,0.11425061523914337,0.9281437397003174,0.7211441993713379
YGL183C,YGL212W,0,-0.8961922,0.11423657834529877,0.9281437397003174,0.7212442755699158
YER110C,YKL184W,0,-0.8964532,0.11422254890203476,0.9281437397003174,0.7213442921638489
YEL017C-A,YDR404C,0,-0.89661664,0.11420851945877075,0.9281437397003174,0.721444308757782
YHR136C,YBR082C,0,-0.896639,0.11419449746608734,0.9281437397003174,0.7215443253517151
YIL139C,YML121W,0,-0.8967972,0.11418047547340393,0.9281437397003174,0.7216443419456482
YKL061W,YKR036C,0,-0.8969007,0.11416646093130112,0.9281437397003174,0.7217443585395813
YDL171C,YCR033W,0,-0.8970593,0.1141524463891983,0.9281437397003174,0.7218443751335144
YKL024C,YDR195W,0,-0.8979137,0.11413843929767609,0.9281437397003174,0.7219443917274475
YDR452W,YML009C,0,-0.8979325,0.11412443220615387,0.9281437397003174,0.7220444083213806
YFR036W,YKR101W,0,-0.8980916,0.11411043256521225,0.9281437397003174,0.7221444249153137
YGR183C,YLL012W,0,-0.8981884,0.11409643292427063,0.9281437397003174,0.7222444415092468
YDR082W,YER172C,0,-0.89895034,0.11408243328332901,0.9281437397003174,0.7223444581031799
YDR172W,YKR058W,0,-0.89909106,0.11406844109296799,0.9281437397003174,0.722444474697113
YNL163C,YDR137W,0,-0.8992702,0.11405444890260696,0.9281437397003174,0.7225444912910461
YOR378W,YAL054C,0,-0.8992787,0.11404046416282654,0.9281437397003174,0.7226445078849792
YOL128C,YMR204C,0,-0.8992914,0.11402648687362671,0.9281437397003174,0.7227445244789124
YNL330C,YLR393W,0,-0.9001249,0.11401250213384628,0.9281437397003174,0.7228445410728455
YKL090W,YGR186W,0,-0.900157,0.11399853229522705,0.9281437397003174,0.7229446172714233
YLR342W,YNL243W,1,-0.9002326,0.11410712450742722,0.9291417002677917,0.7229446172714233
YBL007C,YML052W,1,-0.9002911,0.11421568691730499,0.9301397204399109,0.7229446172714233
YPR016C,YHR079C,0,-0.9004053,0.11420168727636337,0.9301397204399109,0.7230446338653564
YMR046C,YDR342C,0,-0.9005077,0.11418770253658295,0.9301397204399109,0.7231446504592896
YOL056W,YER137C-A,0,-0.90078014,0.11417371034622192,0.9301397204399109,0.7232446670532227
YDR402C,YIR023W,0,-0.90082186,0.1141597256064415,0.9301397204399109,0.7233446836471558
YNL119W,YJR093C,0,-0.9009483,0.11414574086666107,0.9301397204399109,0.7234447002410889
YNL314W,YGL106W,0,-0.9014868,0.11413176357746124,0.9301397204399109,0.723544716835022
YOR371C,YDR410C,0,-0.9025083,0.11411779373884201,0.9301397204399109,0.7236447334289551
YDR478W,YLR154C,0,-0.90297043,0.11410381644964218,0.9301397204399109,0.7237447500228882
YOR279C,YOL127W,0,-0.90298486,0.11408985406160355,0.9301397204399109,0.7238447666168213
YLR337W,YBR214W,1,-0.90342635,0.11419828981161118,0.93113774061203,0.7238447666168213
YDR419W,YKL216W,0,-0.90361005,0.11418431252241135,0.93113774061203,0.7239447832107544
YOR323C,YBR033W,0,-0.9038526,0.11417033523321152,0.93113774061203,0.7240447998046875
YCR028C,YAL032C,0,-0.90386236,0.11415636539459229,0.93113774061203,0.7241448163986206
YGR123C,YKR009C,0,-0.9042171,0.11414240300655365,0.93113774061203,0.7242448329925537
YGR038C-B,YKL055C,0,-0.90447307,0.11412844061851501,0.93113774061203,0.7243448495864868
YGL256W,YNL050C,0,-0.90475976,0.11411447823047638,0.93113774061203,0.7244448661804199
YNL270C,YDL008W,0,-0.90476525,0.11410052329301834,0.93113774061203,0.724544882774353
YHR216W,YIR002C,0,-0.9053746,0.1140865758061409,0.93113774061203,0.7246448993682861
YAL058W,YFR008W,0,-0.90568715,0.11407262831926346,0.93113774061203,0.724744975566864
YNR075W,YPL256C,0,-0.9056964,0.11405868083238602,0.93113774061203,0.7248449921607971
YDR056C,YER137C,0,-0.9060963,0.11404474079608917,0.93113774061203,0.7249450087547302
YDR334W,YLR157C,0,-0.9063765,0.11403080075979233,0.93113774061203,0.7250450253486633
YMR218C,YIL079C,0,-0.90645075,0.11401686072349548,0.93113774061203,0.7251450419425964
YGR251W,YNL052W,0,-0.9067215,0.11400293558835983,0.93113774061203,0.7252450585365295
YNL069C,YKR054C,0,-0.90704226,0.11398900300264359,0.93113774061203,0.7253450751304626
YMR218C,YER099C,0,-0.9080806,0.11397507786750793,0.93113774061203,0.7254450917243958
YMR016C,YPL053C,0,-0.9080812,0.11396116018295288,0.93113774061203,0.7255451083183289
YJL010C,YHR107C,0,-0.9083544,0.11394724249839783,0.93113774061203,0.725645124912262
YBR058C,YJR147W,0,-0.9084031,0.11393332481384277,0.93113774061203,0.7257451415061951
YOR293W,YBR164C,0,-0.90853196,0.11391941457986832,0.93113774061203,0.7258451581001282
YKL107W,YBR048W,0,-0.9097278,0.11390550434589386,0.93113774061203,0.7259451746940613
YMR060C,YMR019W,0,-0.9098577,0.1138916015625,0.93113774061203,0.7260451912879944
YML064C,YLR074C,0,-0.9099009,0.11387769877910614,0.93113774061203,0.7261452078819275
YKL027W,YMR221C,0,-0.9100223,0.11386380344629288,0.93113774061203,0.7262452244758606
YLR086W,YKR010C,0,-0.911518,0.11384990811347961,0.93113774061203,0.7263452410697937
YOL147C,YPL081W,0,-0.91175425,0.11383602023124695,0.93113774061203,0.7264453172683716
YIL127C,YOR162C,0,-0.91181004,0.11382213234901428,0.93113774061203,0.7265453338623047
YKL206C,YDL214C,0,-0.9125629,0.11380824446678162,0.93113774061203,0.7266453504562378
YOR088W,YOR057W,0,-0.9127528,0.11379436403512955,0.93113774061203,0.7267453670501709
YOR095C,YBR014C,0,-0.9128934,0.11378049105405807,0.93113774061203,0.726845383644104
YOL067C,YOR202W,0,-0.91313857,0.113766610622406,0.93113774061203,0.7269454002380371
YBR087W,YLL029W,0,-0.9133965,0.11375274509191513,0.93113774061203,0.7270454168319702
YML060W,YHR079C-A,0,-0.9134088,0.11373887956142426,0.93113774061203,0.7271454334259033
YCR071C,YNL275W,0,-0.9134854,0.11372501403093338,0.93113774061203,0.7272454500198364
YOR022C,YCR043C,0,-0.91354394,0.1137111485004425,0.93113774061203,0.7273454666137695
YER003C,YDR195W,0,-0.913828,0.11369729787111282,0.93113774061203,0.7274454832077026
YGR161W-B,YJL144W,0,-0.9139294,0.11368343979120255,0.93113774061203,0.7275454998016357
YLR197W,YPR127W,0,-0.9139346,0.11366958916187286,0.93113774061203,0.7276455163955688
YDR034C-D,YPR001W,0,-0.91409314,0.11365574598312378,0.93113774061203,0.727745532989502
YDR036C,YOR242C,0,-0.9146999,0.1136419028043747,0.93113774061203,0.7278455495834351
YNL131W,YFR045W,0,-0.91477406,0.11362805962562561,0.93113774061203,0.7279455661773682
YCR034W,YGR038C-A,0,-0.9148157,0.11361422389745712,0.93113774061203,0.7280455827713013
YDR541C,YMR268C,0,-0.91497207,0.11360038816928864,0.93113774061203,0.7281455993652344
YOL100W,YMR117C,0,-0.915225,0.11358655989170074,0.93113774061203,0.7282456755638123
YJR119C,YGR272C,0,-0.9153367,0.11357273161411285,0.93113774061203,0.7283456921577454
YNL299W,YDL028C,0,-0.9154112,0.11355891078710556,0.93113774061203,0.7284457087516785
YKL107W,YGL201C,0,-0.91566926,0.11354508996009827,0.93113774061203,0.7285457253456116
YLR157C,YML114C,0,-0.9159405,0.11353126913309097,0.93113774061203,0.7286457419395447
YDL065C,YHL033C,0,-0.916522,0.11351746320724487,0.93113774061203,0.7287457585334778
YJR058C,YAR014C,0,-0.91791594,0.11350364983081818,0.93113774061203,0.7288457751274109
YFL044C,YNR018W,0,-0.91803217,0.11348984390497208,0.93113774061203,0.728945791721344
YMR093W,YAR018C,0,-0.9180579,0.11347603797912598,0.93113774061203,0.7290458083152771
YHL020C,YGR047C,0,-0.91806066,0.11346223950386047,0.93113774061203,0.7291458249092102
YDR447C,YDR415C,0,-0.91811424,0.11344844102859497,0.93113774061203,0.7292458415031433
YHR085W,YBR289W,0,-0.9187926,0.11343465000391006,0.93113774061203,0.7293458580970764
YDR403W,YJR043C,0,-0.9194182,0.11342085897922516,0.93113774061203,0.7294458746910095
YLL045C,YIL143C,0,-0.91958284,0.11340707540512085,0.93113774061203,0.7295458912849426
YJR077C,YJL144W,0,-0.91975796,0.11339329183101654,0.93113774061203,0.7296459078788757
YNL224C,YBR042C,0,-0.9198539,0.11337950825691223,0.93113774061203,0.7297459244728088
YGR145W,YLR389C,0,-0.92001474,0.11336573213338852,0.93113774061203,0.7298459410667419
YDL200C,YGR085C,0,-0.920171,0.1133519634604454,0.93113774061203,0.7299460172653198
YIL048W,YEL027W,1,-0.9210579,0.11345966905355453,0.9321357011795044,0.7299460172653198
YDL227C,YOR237W,0,-0.92134994,0.11344588547945023,0.9321357011795044,0.7300460338592529
YDL039C,YFL002W-B,0,-0.92153466,0.11343210935592651,0.9321357011795044,0.730146050453186
YMR045C,YHR141C,0,-0.9216716,0.1134183332324028,0.9321357011795044,0.7302460670471191
YNL112W,YLR447C,0,-0.92168033,0.11340456455945969,0.9321357011795044,0.7303460836410522
YNL270C,YDR470C,0,-0.92172825,0.11339079588651657,0.9321357011795044,0.7304461002349854
YGR134W,YLR214W,0,-0.9218341,0.11337703466415405,0.9321357011795044,0.7305461168289185
YKL096W-A,YLR410W-A,0,-0.9219465,0.11336327344179153,0.9321357011795044,0.7306461334228516
YER006W,YER051W,0,-0.92295843,0.11334951221942902,0.9321357011795044,0.7307461500167847
YMR276W,YPR063C,0,-0.92301875,0.1133357584476471,0.9321357011795044,0.7308461666107178
YOR007C,YIL131C,0,-0.9242638,0.11332201212644577,0.9321357011795044,0.7309461832046509
YDL128W,YER056C-A,0,-0.9242727,0.11330825835466385,0.9321357011795044,0.731046199798584
YBR103W,YNL323W,0,-0.92484343,0.11329451948404312,0.9321357011795044,0.7311462163925171
YMR264W,YDR408C,0,-0.92489755,0.1132807731628418,0.9321357011795044,0.7312462329864502
YJR158W,YDL109C,0,-0.9251291,0.11326704174280167,0.9321357011795044,0.7313462495803833
YJR095W,YOR221C,0,-0.9252069,0.11325330287218094,0.9321357011795044,0.7314462661743164
YNL163C,YPR035W,0,-0.9256886,0.11323957145214081,0.9321357011795044,0.7315462827682495
YOR343W-B,YGR159C,0,-0.9258226,0.11322584748268127,0.9321357011795044,0.7316463589668274
YAR014C,YMR100W,0,-0.9261278,0.11321212351322174,0.9321357011795044,0.7317463755607605
YOR274W,YDR365W-B,0,-0.926152,0.11319839954376221,0.9321357011795044,0.7318463921546936
YCR028C-A,YOR384W,0,-0.92642665,0.11318468302488327,0.9321357011795044,0.7319464087486267
YOR034C,YNL154C,1,-0.9264529,0.1132921352982521,0.9331337213516235,0.7319464087486267
YJL113W,YDR064W,0,-0.9266658,0.11327841132879257,0.9331337213516235,0.7320464253425598
YLR337W,YCL034W,1,-0.92690355,0.11338582634925842,0.9341317415237427,0.7320464253425598
YGL103W,YDR065W,0,-0.92692614,0.11337209492921829,0.9341317415237427,0.7321464419364929
YBR128C,YGR216C,0,-0.92712295,0.11335836350917816,0.9341317415237427,0.732246458530426
YJR152W,YJL124C,0,-0.927201,0.11334463208913803,0.9341317415237427,0.7323464751243591
YDR364C,YDR218C,0,-0.92748165,0.1133309081196785,0.9341317415237427,0.7324464917182922
YDR037W,YAR019C,0,-0.9278483,0.11331719160079956,0.9341317415237427,0.7325465083122253
YPR171W,YEL027W,1,-0.9282431,0.11342452466487885,0.9351297616958618,0.7325465083122253
YPR133W-A,YLL015W,0,-0.9285619,0.11341079324483871,0.9351297616958618,0.7326465249061584
YAR019C,YBL076C,0,-0.92905277,0.11339706927537918,0.9351297616958618,0.7327465415000916
YMR227C,YDL245C,0,-0.92929584,0.11338335275650024,0.9351297616958618,0.7328465580940247
YGR198W,YCR053W,1,-0.92935014,0.11349062621593475,0.9361277222633362,0.7328465580940247
YIL004C,YBR110W,0,-0.9298612,0.11347689479589462,0.9361277222633362,0.7329465746879578
YPR025C,YGL103W,0,-0.9300698,0.11346316337585449,0.9361277222633362,0.7330465912818909
YGL209W,YLR395C,0,-0.9301053,0.11344944685697556,0.9361277222633362,0.733146607875824
YOL109W,YLR355C,0,-0.9302081,0.11343572288751602,0.9361277222633362,0.7332466244697571
YHR115C,YFL017W-A,0,-0.9302819,0.11342200636863708,0.9361277222633362,0.7333466410636902
YJL072C,YPR006C,0,-0.93103534,0.11340829730033875,0.9361277222633362,0.7334467172622681
YDL052C,YMR295C,0,-0.93109226,0.11339458078145981,0.9361277222633362,0.7335467338562012
YBL027W,YJR082C,0,-0.93129075,0.11338087916374207,0.9361277222633362,0.7336467504501343
YJR082C,YIL170W,0,-0.9314789,0.11336717754602432,0.9361277222633362,0.7337467670440674
YPR096C,YJL172W,0,-0.93176883,0.11335347592830658,0.9361277222633362,0.7338467836380005
YLR350W,YJR007W,0,-0.9319293,0.11333977431058884,0.9361277222633362,0.7339468002319336
YGR048W,YMR257C,0,-0.93206084,0.11332608759403229,0.9361277222633362,0.7340468168258667
YDR123C,YOR123C,0,-0.9322926,0.11331239342689514,0.9361277222633362,0.7341468334197998
YHL002W,YFL002W-A,0,-0.93310773,0.11329870671033859,0.9361277222633362,0.7342468500137329
YMR240C,YLL054C,0,-0.9333019,0.11328502744436264,0.9361277222633362,0.734346866607666
YKL157W,YDR443C,0,-0.9335185,0.11327134072780609,0.9361277222633362,0.7344468832015991
YCL057C-A,YNR049C,0,-0.9336863,0.11325766891241074,0.9361277222633362,0.7345468997955322
YJL164C,YNL189W,0,-0.93375057,0.11324399709701538,0.9361277222633362,0.7346469163894653
YEL070W,YBR012W-B,0,-0.9341029,0.11323032528162003,0.9361277222633362,0.7347469329833984
YNL121C,YNL301C,0,-0.93438005,0.11321665346622467,0.9361277222633362,0.7348469495773315
YER117W,YLL003W,0,-0.9344012,0.11320299655199051,0.9361277222633362,0.7349469661712646
YCR087C-A,YIL112W,0,-0.93448186,0.11318933218717575,0.9361277222633362,0.7350469827651978
YNL219C,YCR057C,0,-0.93448937,0.11317567527294159,0.9361277222633362,0.7351470589637756
YGR027W-B,YKR024C,0,-0.9346217,0.11316201835870743,0.9361277222633362,0.7352470755577087
YDR388W,YNL243W,1,-0.93498325,0.11326900124549866,0.9371257424354553,0.7352470755577087
YOR047C,YML019W,0,-0.9351473,0.1132553368806839,0.9371257424354553,0.7353470921516418
YBR058C,YNL117W,0,-0.935722,0.11324167996644974,0.9371257424354553,0.735447108745575
YMR231W,YDR261W-A,0,-0.9358102,0.11322802305221558,0.9371257424354553,0.7355471253395081
YHL040C,YHR059W,0,-0.9359081,0.11321437358856201,0.9371257424354553,0.7356471419334412
YDR318W,YDL042C,0,-0.9359319,0.11320072412490845,0.9371257424354553,0.7357471585273743
YPR163C,YBR139W,0,-0.93601173,0.11318707466125488,0.9371257424354553,0.7358471751213074
YHR129C,YKR050W,0,-0.9362289,0.11317343264818192,0.9371257424354553,0.7359471917152405
YDR266C,YJR067C,0,-0.9363142,0.11315979808568954,0.9371257424354553,0.7360472083091736
YLR022C,YGL112C,0,-0.9365852,0.11314616352319717,0.9371257424354553,0.7361472249031067
YER048W-A,YER151C,0,-0.93677163,0.1131325289607048,0.9371257424354553,0.7362472414970398
YIL048W,YOR322C,1,-0.9369463,0.11323937028646469,0.9381237626075745,0.7362472414970398
YPR018W,YOL028C,0,-0.9372848,0.11322572827339172,0.9381237626075745,0.7363472580909729
YOL104C,YMR146C,0,-0.9375528,0.11321209371089935,0.9381237626075745,0.736447274684906
YMR197C,YPL060C-A,0,-0.937727,0.11319845914840698,0.9381237626075745,0.7365472912788391
YDR477W,YIL082W-A,0,-0.93783754,0.11318483203649521,0.9381237626075745,0.7366473078727722
YKR055W,YOL102C,0,-0.9378984,0.11317120492458344,0.9381237626075745,0.7367473244667053
YFL017W-A,YLR355C,0,-0.9379401,0.11315757781267166,0.9381237626075745,0.7368473410606384
YJL184W,YER027C,0,-0.93798816,0.11314395815134048,0.9381237626075745,0.7369474172592163
YOL112W,YGR035C,0,-0.9386708,0.11313033849000931,0.9381237626075745,0.7370474338531494
YKR103W,YBR291C,0,-0.9394431,0.11311672627925873,0.9381237626075745,0.7371474504470825
YOR217W,YBR290W,0,-0.9398989,0.11310311406850815,0.9381237626075745,0.7372474670410156
YLR141W,YFR031C,0,-0.94038534,0.11308950930833817,0.9381237626075745,0.7373474836349487
YHR164C,YDR038C,0,-0.9404759,0.11307590454816818,0.9381237626075745,0.7374475002288818
YNL213C,YLR337W,0,-0.9406971,0.1130623072385788,0.9381237626075745,0.7375475168228149
YNL053W,YJR140C,0,-0.94071215,0.11304870992898941,0.9381237626075745,0.737647533416748
YBL005W-B,YOR298C-A,0,-0.9407668,0.11303511261940002,0.9381237626075745,0.7377475500106812
YIR028W,YCL062W,0,-0.9416107,0.11302152276039124,0.9381237626075745,0.7378475666046143
YKL042W,YOR308C,0,-0.9417879,0.11300793290138245,0.9381237626075745,0.7379475831985474
YHL040C,YKL198C,0,-0.94209266,0.11299435049295425,0.9381237626075745,0.7380475997924805
YER052C,YNL001W,0,-0.9421402,0.11298076808452606,0.9381237626075745,0.7381476163864136
YDR444W,YJL100W,0,-0.942531,0.11296719312667847,0.9381237626075745,0.7382476329803467
YOR096W,YLR414C,0,-0.9425685,0.11295361816883087,0.9381237626075745,0.7383476495742798
YEL022W,YML052W,0,-0.9427725,0.11294004321098328,0.9381237626075745,0.7384476661682129
YMR263W,YHR099W,0,-0.9432343,0.11292647570371628,0.9381237626075745,0.738547682762146
YOR037W,YBR132C,0,-0.9435769,0.11291291564702988,0.9381237626075745,0.7386477589607239
YDR225W,YLR210W,0,-0.94373703,0.11289934813976288,0.9381237626075745,0.738747775554657
YPL283C,YGR077C,0,-0.9439677,0.11288579553365707,0.9381237626075745,0.7388477921485901
YBR058C,YNL188W,0,-0.9445608,0.11287223547697067,0.9381237626075745,0.7389478087425232
YDL161W,YCR028C,1,-0.9447917,0.1129787489771843,0.9391217827796936,0.7389478087425232
YHR179W,YJR034W,0,-0.9450211,0.1129651889204979,0.9391217827796936,0.7390478253364563
YGR220C,YHR092C,0,-0.9450918,0.11295162886381149,0.9391217827796936,0.7391478419303894
YPR137W,YJL121C,0,-0.9454975,0.11293806880712509,0.9391217827796936,0.7392478585243225
YPL211W,YGR052W,0,-0.9455651,0.11292451620101929,0.9391217827796936,0.7393478751182556
YDR255C,YJL187C,0,-0.9458233,0.11291096359491348,0.9391217827796936,0.7394478917121887
YOR043W,YNR075W,1,-0.9458287,0.11301739513874054,0.940119743347168,0.7394478917121887
YGL209W,YAL016W,0,-0.94584876,0.11300383508205414,0.940119743347168,0.7395479083061218
YPR094W,YGR038C-A,0,-0.94614255,0.11299028247594833,0.940119743347168,0.7396479249000549
YNR067C,YBR093C,0,-0.9462427,0.11297672986984253,0.940119743347168,0.739747941493988
YOR313C,YLR410W-A,0,-0.9462997,0.11296318471431732,0.940119743347168,0.7398479580879211
YCL032W,YOR234C,0,-0.9465637,0.11294963955879211,0.940119743347168,0.7399479746818542
YGL163C,YJL062W,0,-0.9467402,0.1129361018538475,0.940119743347168,0.7400479912757874
YBR294W,YBR036C,0,-0.94695646,0.1129225641489029,0.940119743347168,0.7401480078697205
YHL047C,YMR231W,0,-0.94751173,0.11290902644395828,0.940119743347168,0.7402480244636536
YMR019W,YOL152W,0,-0.9475209,0.11289549618959427,0.940119743347168,0.7403480410575867
YDR264C,YLR073C,0,-0.94792986,0.11288196593523026,0.940119743347168,0.7404481172561646
YDL165W,YPL037C,0,-0.9480277,0.11286844313144684,0.940119743347168,0.7405481338500977
YIL172C,YGR128C,0,-0.94833064,0.11285492032766342,0.940119743347168,0.7406481504440308
YOL027C,YML045W-A,0,-0.9483464,0.11284139752388,0.940119743347168,0.7407481670379639
YDR017C,YOR197W,0,-0.94904697,0.11282788217067719,0.940119743347168,0.740848183631897
YER006W,YGL211W,0,-0.94946724,0.11281437426805496,0.940119743347168,0.7409482002258301
YKL090W,YHR021C,0,-0.9497186,0.11280085891485214,0.940119743347168,0.7410482168197632
YDR156W,YGR125W,0,-0.95001376,0.11278735846281052,0.940119743347168,0.7411482334136963
YPL084W,YDR044W,0,-0.9500538,0.1127738505601883,0.940119743347168,0.7412482500076294
YBL046W,YOL068C,0,-0.95026106,0.11276035755872726,0.940119743347168,0.7413482666015625
YMR314W,YJR140C,0,-0.95033246,0.11274685710668564,0.940119743347168,0.7414482831954956
YGR032W,YNL110C,0,-0.9505377,0.11273336410522461,0.940119743347168,0.7415482997894287
YIL048W,YOR237W,1,-0.95111537,0.11283953487873077,0.9411177635192871,0.7415482997894287
YDR402C,YFR028C,0,-0.9514636,0.11282603442668915,0.9411177635192871,0.7416483163833618
YGR184C,YBR156C,0,-0.951628,0.11281253397464752,0.9411177635192871,0.7417483329772949
YML039W,YIL109C,0,-0.9516779,0.11279904097318649,0.9411177635192871,0.741848349571228
YDR444W,YOL067C,0,-0.9519025,0.11278555542230606,0.9411177635192871,0.7419483661651611
YJL137C,YGR280C,0,-0.9519316,0.11277206242084503,0.9411177635192871,0.7420483827590942
YIR006C,YLR337C,1,-0.9519938,0.11287815123796463,0.9421157836914062,0.7420483827590942
YOR307C,YMR080C,0,-0.95219433,0.1128646582365036,0.9421157836914062,0.7421484589576721
YKR057W,YLR176C,0,-0.95225835,0.11285116523504257,0.9421157836914062,0.7422484755516052
YDR031W,YLR103C,0,-0.9525087,0.11283767968416214,0.9421157836914062,0.7423484921455383
YNL291C,YOR231W,0,-0.95252585,0.11282418668270111,0.9421157836914062,0.7424485087394714
YHR147C,YOR014W,0,-0.95303094,0.11281070858240128,0.9421157836914062,0.7425485253334045
YJR001W,YOL070C,0,-0.9532219,0.11279723048210144,0.9421157836914062,0.7426485419273376
YOR130C,YLR305C,0,-0.9534936,0.1127837523818016,0.9421157836914062,0.7427485585212708
YDR130C,YBR012W-A,0,-0.9537704,0.11277028173208237,0.9421157836914062,0.7428485751152039
YIL082W-A,YOR290C,0,-0.9545517,0.11275681108236313,0.9421157836914062,0.742948591709137
YLL001W,YKL181W,0,-0.9548896,0.11274334043264389,0.9421157836914062,0.7430486083030701
YMR142C,YKL064W,0,-0.9549446,0.11272987723350525,0.9421157836914062,0.7431486248970032
YHR032W,YMR251W-A,0,-0.95534706,0.1127164214849472,0.9421157836914062,0.7432486414909363
YJL184W,YDL120W,0,-0.95566666,0.11270295828580856,0.9421157836914062,0.7433486580848694
YIR010W,YER113C,0,-0.95597166,0.11268950998783112,0.9421157836914062,0.7434486746788025
YHR129C,YDL064W,0,-0.9563989,0.11267605423927307,0.9421157836914062,0.7435486912727356
YKL107W,YIL157C,0,-0.9567522,0.11266260594129562,0.9421157836914062,0.7436487078666687
YIL139C,YOR338W,0,-0.9573206,0.11264916509389877,0.9421157836914062,0.7437487244606018
YLR154C,YBR070C,0,-0.95771897,0.11263572424650192,0.9421157836914062,0.7438487410545349
YCR072C,YEL064C,0,-0.9580697,0.11262228339910507,0.9421157836914062,0.7439488172531128
YDL197C,YJR105W,0,-0.9582471,0.11260885000228882,0.9421157836914062,0.7440488338470459
YNL069C,YOR256C,0,-0.958283,0.11259541660547256,0.9421157836914062,0.744148850440979
YGR038C-A,YOR069W,0,-0.95835197,0.11258199065923691,0.9421157836914062,0.7442488670349121
YBR260C,YBR042C,0,-0.9589498,0.11256856471300125,0.9421157836914062,0.7443488836288452
YML058W-A,YER018C,0,-0.95911133,0.11255514621734619,0.9421157836914062,0.7444489002227783
YFL052W,YJL141C,0,-0.95949066,0.11254172772169113,0.9421157836914062,0.7445489168167114
YLR056W,YGR167W,1,-0.95964336,0.11264751106500626,0.9431137442588806,0.7445489168167114
YDR224C,YKR104W,0,-0.959973,0.1126340851187706,0.9431137442588806,0.7446489334106445
YDR296W,YBR195C,0,-0.9603735,0.11262066662311554,0.9431137442588806,0.7447489500045776
YEL037C,YCL059C,0,-0.9604409,0.11260724812746048,0.9431137442588806,0.7448489665985107
YPR135W,YJL019W,0,-0.96054506,0.11259382963180542,0.9431137442588806,0.7449489831924438
YOR315W,YHR102W,0,-0.9608585,0.11258041113615036,0.9431137442588806,0.745048999786377
YBR020W,YGL184C,0,-0.9609867,0.1125670075416565,0.9431137442588806,0.7451490163803101
YCR053W,YOR237W,1,-0.9610219,0.11267270147800446,0.9441117644309998,0.7451490163803101
YOR311C,YML062C,0,-0.961131,0.1126592829823494,0.9441117644309998,0.7452490329742432
YPR133W-A,YNL027W,0,-0.961318,0.11264586448669434,0.9441117644309998,0.7453490495681763
YNL262W,YER018C,0,-0.961398,0.11263245344161987,0.9441117644309998,0.7454490661621094
YMR094W,YNL302C,0,-0.961406,0.11261904984712601,0.9441117644309998,0.7455490827560425
YMR201C,YHR060W,0,-0.96145475,0.11260563880205154,0.9441117644309998,0.7456491589546204
YJL184W,YKL161C,0,-0.961624,0.11259224265813828,0.9441117644309998,0.7457491755485535
YPL249C,YDL185W,0,-0.96196675,0.11257883906364441,0.9441117644309998,0.7458491921424866
YIL099W,YDR322W,0,-0.9624745,0.11256544291973114,0.9441117644309998,0.7459492087364197
YHR160C,YBR104W,0,-0.9625056,0.11255205422639847,0.9441117644309998,0.7460492253303528
YDR159W,YPL029W,0,-0.9635395,0.1125386655330658,0.9441117644309998,0.7461492419242859
YGR278W,YNL016W,0,-0.96388054,0.11252527683973312,0.9441117644309998,0.746249258518219
YOR274W,YBR136W,0,-0.9641566,0.11251189559698105,0.9441117644309998,0.7463492751121521
YLR158C,YIL083C,0,-0.9643006,0.11249851435422897,0.9441117644309998,0.7464492917060852
YCR037C,YBR170C,0,-0.96443826,0.1124851331114769,0.9441117644309998,0.7465493083000183
YBR265W,YPR168W,0,-0.96480817,0.11247176676988602,0.9441117644309998,0.7466493248939514
YDR461W,YGR027W-B,0,-0.9657942,0.11245839297771454,0.9441117644309998,0.7467493414878845
YER164W,YDR134C,0,-0.9662963,0.11244502663612366,0.9441117644309998,0.7468493580818176
YBR152W,YKL200C,0,-0.9664762,0.11243166029453278,0.9441117644309998,0.7469493746757507
YIR018W,YDL185W,0,-0.96678543,0.11241830140352249,0.9441117644309998,0.7470493912696838
YNL244C,YML087C,0,-0.9669436,0.11240494251251221,0.9441117644309998,0.7471494078636169
YER170W,YKL024C,0,-0.96729994,0.11239159107208252,0.9441117644309998,0.74724942445755
YOR373W,YLR398C,0,-0.96833384,0.11237823963165283,0.9441117644309998,0.7473494410514832
YLR396C,YLR029C,0,-0.9684237,0.11236488819122314,0.9441117644309998,0.747449517250061
YER007W,YOR106W,0,-0.9691964,0.11235154420137405,0.9441117644309998,0.7475495338439941
YLR100W,YER115C,0,-0.9692233,0.11233820021152496,0.9441117644309998,0.7476495504379272
YPL048W,YDR383C,0,-0.9693764,0.11232486367225647,0.9441117644309998,0.7477495670318604
YJR152W,YJR135C,0,-0.9698632,0.11231152713298798,0.9441117644309998,0.7478495836257935
YLR312W-A,YNL209W,0,-0.9698936,0.11229819804430008,0.9441117644309998,0.7479496002197266
YLR157C-B,YLR016C,0,-0.9699087,0.11228486895561218,0.9441117644309998,0.7480496168136597
YLL050C,YLR286C,0,-0.9699756,0.11227153986692429,0.9441117644309998,0.7481496334075928
YDL043C,YKL174C,0,-0.97015417,0.11225821822881699,0.9441117644309998,0.7482496500015259
YOR224C,YEL021W,0,-0.9703845,0.11224489659070969,0.9441117644309998,0.748349666595459
YLR121C,YGL128C,0,-0.9710096,0.11223158240318298,0.9441117644309998,0.7484496831893921
YMR189W,YOL101C,0,-0.97174466,0.11221826821565628,0.9441117644309998,0.7485496997833252
YBR282W,YBR297W,0,-0.972134,0.11220496147871017,0.9441117644309998,0.7486497163772583
YMR042W,YBR297W,0,-0.9725936,0.11219164729118347,0.9441117644309998,0.7487497329711914
YJR159W,YPL157W,0,-0.9728765,0.11217834800481796,0.9441117644309998,0.7488497495651245
YHR196W,YGL233W,0,-0.97290814,0.11216504871845245,0.9441117644309998,0.7489497661590576
YFL013C,YOR242C,0,-0.972911,0.11215174943208694,0.9441117644309998,0.7490497827529907
YPR171W,YGR056W,0,-0.97298014,0.11213845759630203,0.9441117644309998,0.7491498589515686
YAR014C,YPL005W,0,-0.97318643,0.11212516576051712,0.9441117644309998,0.7492498755455017
YDR267C,YLR453C,0,-0.9732541,0.11211187392473221,0.9441117644309998,0.7493498921394348
YJR031C,YOR076C,0,-0.97385156,0.1120985895395279,0.9441117644309998,0.7494499087333679
YNL262W,YDR316W,0,-0.97473955,0.11208530515432358,0.9441117644309998,0.749549925327301
YKL107W,YGR038C-B,0,-0.9751413,0.11207202821969986,0.9441117644309998,0.7496499419212341
YDR034C-D,YDR261C-C,0,-0.9755362,0.11205875128507614,0.9441117644309998,0.7497499585151672
YPL011C,YDR137W,0,-0.97668594,0.11204548180103302,0.9441117644309998,0.7498499751091003
YKL084W,YML088W,0,-0.9769244,0.1120322123169899,0.9441117644309998,0.7499499917030334
YER083C,YMR301C,0,-0.9771185,0.11201894283294678,0.9441117644309998,0.7500500082969666
YGR068C,YLR405W,0,-0.977865,0.11200568079948425,0.9441117644309998,0.7501500248908997
YOR242C,YKL100C,0,-0.9778985,0.11199242621660233,0.9441117644309998,0.7502500414848328
YOR054C,YGL148W,0,-0.97796273,0.1119791641831398,0.9441117644309998,0.7503500580787659
YDL166C,YKL092C,0,-0.9784745,0.11196590960025787,0.9441117644309998,0.750450074672699
YBR030W,YLR148W,0,-0.97881544,0.11195266246795654,0.9441117644309998,0.7505500912666321
YDL217C,YAL034W-A,0,-0.9792025,0.11193941533565521,0.9441117644309998,0.7506501078605652
YER054C,YLR015W,0,-0.97968185,0.11192616820335388,0.9441117644309998,0.7507501244544983
YJR121W,YDR312W,0,-0.98000157,0.11191292852163315,0.9441117644309998,0.7508501410484314
YDL216C,YEL052W,0,-0.9801911,0.11189968883991241,0.9441117644309998,0.7509502172470093
YPL017C,YDR238C,0,-0.98029196,0.11188645660877228,0.9441117644309998,0.7510502338409424
YHR052W,YLR278C,0,-0.98029464,0.11187322437763214,0.9441117644309998,0.7511502504348755
YML130C,YOR073W,0,-0.98037225,0.1118599995970726,0.9441117644309998,0.7512502670288086
YBL009W,YNL088W,0,-0.980763,0.11184677481651306,0.9441117644309998,0.7513502836227417
YPL237W,YLR393W,0,-0.9809743,0.11183355003595352,0.9441117644309998,0.7514503002166748
YOR369C,YAL022C,0,-0.9811653,0.11182033270597458,0.9441117644309998,0.7515503168106079
YEL021W,YGR116W,0,-0.98126847,0.11180711537599564,0.9441117644309998,0.751650333404541
YCR028C,YAL043C,0,-0.981617,0.11179390549659729,0.9441117644309998,0.7517503499984741
YOR190W,YML048W,0,-0.98168015,0.11178069561719894,0.9441117644309998,0.7518503665924072
YOR232W,YIL159W,0,-0.98195803,0.1117674857378006,0.9441117644309998,0.7519503831863403
YFR046C,YLR182W,0,-0.9819962,0.11175428330898285,0.9441117644309998,0.7520503997802734
YAL042W,YPR194C,0,-0.98380744,0.1117410808801651,0.9441117644309998,0.7521504163742065
YNR022C,YLR226W,0,-0.9841219,0.11172788590192795,0.9441117644309998,0.7522504329681396
YOR307C,YGL099W,0,-0.9841907,0.1117146909236908,0.9441117644309998,0.7523504495620728
YNR073C,YDL035C,0,-0.98425186,0.11170149594545364,0.9441117644309998,0.7524504661560059
YIR011C,YJR068W,0,-0.98430353,0.11168830841779709,0.9441117644309998,0.752550482749939
YOR310C,YNL264C,0,-0.98452497,0.11167512834072113,0.9441117644309998,0.7526505589485168
YDR363W-A,YPL037C,0,-0.9853189,0.11166194826364517,0.9441117644309998,0.75275057554245
YIL171W,YNR046W,0,-0.9855341,0.11164876818656921,0.9441117644309998,0.7528505921363831
YDR492W,YDR316W,0,-0.9855494,0.11163558810949326,0.9441117644309998,0.7529506087303162
YOR322C,YEL027W,1,-0.9860123,0.11174041032791138,0.9451097846031189,0.7529506087303162
YHL047C,YPL190C,0,-0.98653316,0.11172723025083542,0.9451097846031189,0.7530506253242493
YDR507C,YFR042W,0,-0.9866448,0.11171405017375946,0.9451097846031189,0.7531506419181824
YPR102C,YML129C,0,-0.986765,0.1117008700966835,0.9451097846031189,0.7532506585121155
YER048W-A,YMR012W,0,-0.98717153,0.11168769747018814,0.9451097846031189,0.7533506751060486
YPR171W,YPL275W,0,-0.9875936,0.11167452484369278,0.9451097846031189,0.7534506916999817
YOR393W,YDR198C,0,-0.9876659,0.11166135966777802,0.9451097846031189,0.7535507082939148
YOR287C,YLR237W,0,-0.98794806,0.11164819449186325,0.9451097846031189,0.7536507248878479
YKL160W,YLR073C,0,-0.988093,0.11163503676652908,0.9451097846031189,0.753750741481781
YJL066C,YNL124W,0,-0.9881106,0.11162187904119492,0.9451097846031189,0.7538507580757141
YPR022C,YMR257C,0,-0.9883012,0.11160872131586075,0.9451097846031189,0.7539507746696472
YOL156W,YGR203W,0,-0.988315,0.11159557104110718,0.9451097846031189,0.7540507912635803
YBR187W,YLR318W,0,-0.98837674,0.11158242076635361,0.9451097846031189,0.7541508078575134
YDR378C,YOR389W,0,-0.9884989,0.11156927794218063,0.9451097846031189,0.7542508244514465
YOR133W,YNL086W,0,-0.9890922,0.11155613511800766,0.9451097846031189,0.7543508410453796
YPL131W,YBL040C,0,-0.9892386,0.11154299229383469,0.9451097846031189,0.7544509172439575
YLR268W,YLR197W,0,-0.9901298,0.11152985692024231,0.9451097846031189,0.7545509338378906
YCR028C,YNL154C,1,-0.99065804,0.11163447797298431,0.946107804775238,0.7545509338378906
YHR036W,YPR056W,0,-0.99107254,0.11162133514881134,0.946107804775238,0.7546509504318237
YBR207W,YCR053W,1,-0.99113154,0.11172592639923096,0.9471057653427124,0.7546509504318237
YLR034C,YLR066W,0,-0.9911506,0.11171276867389679,0.9471057653427124,0.7547509670257568
YNL227C,YJR125C,1,-0.9911545,0.11181732267141342,0.9481037855148315,0.7547509670257568
YBR139W,YGL121C,0,-0.9914436,0.11180416494607925,0.9481037855148315,0.7548509836196899
YLR342W,YKL129C,1,-0.9915146,0.1119086816906929,0.9491018056869507,0.7548509836196899
YCR077C,YLR160C,0,-0.9916229,0.11189551651477814,0.9491018056869507,0.754951000213623
YGL120C,YKL181W,0,-0.9917714,0.11188235133886337,0.9491018056869507,0.7550510168075562
YDR252W,YLR005W,0,-0.9918794,0.1118691936135292,0.9491018056869507,0.7551510334014893
YKR055W,YDR312W,0,-0.99218863,0.11185603588819504,0.9491018056869507,0.7552510499954224
YHR050W,YLR268W,0,-0.9922614,0.11184287816286087,0.9491018056869507,0.7553510665893555
YHR094C,YNL191W,0,-0.99237764,0.1118297278881073,0.9491018056869507,0.7554510831832886
YOR339C,YBR283C,0,-0.9924425,0.11181657761335373,0.9491018056869507,0.7555510997772217
YDR313C,YER131W,0,-0.99298275,0.11180343478918076,0.9491018056869507,0.7556511163711548
YKR068C,YDR260C,0,-0.9931377,0.11179029196500778,0.9491018056869507,0.7557511329650879
YHR029C,YJL033W,0,-0.99315447,0.11177714914083481,0.9491018056869507,0.755851149559021
YPR035W,YIL020C,0,-0.99316555,0.11176401376724243,0.9491018056869507,0.7559511661529541
YLR240W,YHR136C,0,-0.9931817,0.11175087839365005,0.9491018056869507,0.7560511827468872
YGL079W,YDR116C,0,-0.99364483,0.11173775047063828,0.9491018056869507,0.7561512589454651
YDL207W,YOL066C,0,-0.9938145,0.1117246225476265,0.9491018056869507,0.7562512755393982
YOR201C,YBR207W,0,-0.99381846,0.11171150207519531,0.9491018056869507,0.7563512921333313
YNL219C,YBR290W,0,-0.9939751,0.11169838160276413,0.9491018056869507,0.7564513087272644
YDR034C-D,YDL101C,0,-0.99429655,0.11168526113033295,0.9491018056869507,0.7565513253211975
YNL242W,YKL093W,0,-0.9950783,0.11167214810848236,0.9491018056869507,0.7566513419151306
YKR068C,YGR179C,0,-0.99536526,0.11165903508663177,0.9491018056869507,0.7567513585090637
YBR171W,YCL066W,0,-0.996535,0.11164592951536179,0.9491018056869507,0.7568513751029968
YER153C,YMR269W,0,-0.99688596,0.1116328239440918,0.9491018056869507,0.7569513916969299
YBL023C,YPR049C,0,-0.9972859,0.11161971837282181,0.9491018056869507,0.757051408290863
YOR239W,YNL124W,0,-0.99780846,0.11160662025213242,0.9491018056869507,0.7571514248847961
YBR074W,YOL026C,0,-0.9980357,0.11159352213144302,0.9491018056869507,0.7572514414787292
YJR130C,YHR209W,0,-0.9982887,0.11158043146133423,0.9491018056869507,0.7573514580726624
YCR042C,YCL066W,0,-0.99843216,0.11156734079122543,0.9491018056869507,0.7574514746665955
YLR297W,YBL078C,0,-0.9984772,0.11155425012111664,0.9491018056869507,0.7575514912605286
YML052W,YLR337C,1,-0.99882746,0.11165845394134521,0.9500998258590698,0.7575514912605286
YGL205W,YIR006C,0,-0.9988665,0.11164536327123642,0.9500998258590698,0.7576515078544617
YPR119W,YDR162C,0,-0.9989674,0.11163227260112762,0.9500998258590698,0.7577515244483948
YKL173W,YOR328W,0,-0.9991864,0.11161918193101883,0.9500998258590698,0.7578515410423279
YBL093C,YOL105C,0,-0.99957675,0.11160609871149063,0.9500998258590698,0.7579516172409058
YKL065C,YCR003W,0,-1.0001713,0.11159301549196243,0.9500998258590698,0.7580516338348389
YLR233C,YLL015W,0,-1.00092,0.11157993227243423,0.9500998258590698,0.758151650428772
YDR460W,YOR038C,0,-1.0012281,0.11156685650348663,0.9500998258590698,0.7582516670227051
YHL009W-B,YGL220W,0,-1.0013504,0.11155378818511963,0.9500998258590698,0.7583516836166382
YMR106C,YMR268C,0,-1.0015315,0.11154071241617203,0.9500998258590698,0.7584517002105713
YDR415C,YDR033W,0,-1.0017248,0.11152764409780502,0.9500998258590698,0.7585517168045044
YIL124W,YHR140W,0,-1.0017326,0.11151458323001862,0.9500998258590698,0.7586517333984375
YDR400W,YCL027W,0,-1.0020529,0.11150152236223221,0.9500998258590698,0.7587517499923706
YLL023C,YOL107W,0,-1.0020759,0.1114884614944458,0.9500998258590698,0.7588517665863037
YOL105C,YOR061W,0,-1.0022703,0.11147540807723999,0.9500998258590698,0.7589517831802368
YLL034C,YPL257W-A,0,-1.0028565,0.11146235466003418,0.9500998258590698,0.7590517997741699
YDR270W,YPL081W,0,-1.0031242,0.11144930869340897,0.9500998258590698,0.759151816368103
YPL150W,YBR070C,0,-1.0031276,0.11143626272678375,0.9500998258590698,0.7592518329620361
YDR083W,YEL009C,0,-1.0032604,0.11142322421073914,0.9500998258590698,0.7593518495559692
YMR256C,YML093W,0,-1.0036722,0.11141017824411392,0.9500998258590698,0.7594518661499023
YER157W,YLR157C-B,0,-1.004606,0.1113971471786499,0.9500998258590698,0.7595518827438354
YBR055C,YPL079W,0,-1.0046656,0.11138410866260529,0.9500998258590698,0.7596519589424133
YLR308W,YOL089C,0,-1.0047059,0.11137107759714127,0.9500998258590698,0.7597519755363464
YMR052W,YGL255W,0,-1.00484,0.11135805398225784,0.9500998258590698,0.7598519921302795
YDR498C,YOR216C,0,-1.0052222,0.11134503036737442,0.9500998258590698,0.7599520087242126
YKL193C,YLR344W,0,-1.0055523,0.111332006752491,0.9500998258590698,0.7600520253181458
YNL032W,YJL204C,1,-1.0058032,0.1114359200000763,0.9510977864265442,0.7600520253181458
YCR040W,YPR060C,0,-1.0058662,0.11142288893461227,0.9510977864265442,0.7601520419120789
YGL145W,YLR410W-A,0,-1.0061526,0.11140986531972885,0.9510977864265442,0.760252058506012
YOR106W,YFR008W,0,-1.0063446,0.11139684170484543,0.9510977864265442,0.7603520750999451
YBR164C,YMR011W,0,-1.0068531,0.1113838255405426,0.9510977864265442,0.7604520916938782
YER013W,YJR064W,0,-1.006889,0.11137080937623978,0.9510977864265442,0.7605521082878113
YDR211W,YPL053C,0,-1.0069939,0.11135779321193695,0.9510977864265442,0.7606521248817444
YLR274W,YIL049W,0,-1.0077837,0.11134478449821472,0.9510977864265442,0.7607521414756775
YDR298C,YKL113C,0,-1.0079421,0.11133177578449249,0.9510977864265442,0.7608521580696106
YGR062C,YHR086W,0,-1.0080581,0.11131877452135086,0.9510977864265442,0.7609521746635437
YML081C-A,YOL057W,0,-1.0081695,0.11130577325820923,0.9510977864265442,0.7610521912574768
YOR307C,YPR187W,0,-1.008236,0.1112927719950676,0.9510977864265442,0.7611522078514099
YLR116W,YDL092W,0,-1.0083345,0.11127977818250656,0.9510977864265442,0.761252224445343
YPL283C,YBR059C,0,-1.0084251,0.11126678436994553,0.9510977864265442,0.7613522410392761
YNL119W,YJR160C,0,-1.0084746,0.11125379055738449,0.9510977864265442,0.761452317237854
YHR070W,YPR021C,0,-1.0085379,0.11124080419540405,0.9510977864265442,0.7615523338317871
YPR026W,YHR121W,0,-1.0085392,0.11122782528400421,0.9510977864265442,0.7616523504257202
YOR066W,YDL153C,0,-1.009048,0.11121484637260437,0.9510977864265442,0.7617523670196533
YHR101C,YDR134C,0,-1.0090591,0.11120186746120453,0.9510977864265442,0.7618523836135864
YBL037W,YER042W,0,-1.0093977,0.11118889600038528,0.9510977864265442,0.7619524002075195
YGR010W,YBR019C,0,-1.009715,0.11117592453956604,0.9510977864265442,0.7620524168014526
YLR441C,YJR083C,0,-1.0098282,0.1111629530787468,0.9510977864265442,0.7621524333953857
YDR288W,YDR312W,0,-1.0101539,0.11114998906850815,0.9510977864265442,0.7622524499893188
YNL054W-B,YER190W,0,-1.0103744,0.1111370250582695,0.9510977864265442,0.762352466583252
YNL307C,YDL028C,0,-1.0103782,0.11112406849861145,0.9510977864265442,0.7624524831771851
YGR183C,YLR327C,0,-1.0107925,0.1111111119389534,0.9510977864265442,0.7625524997711182
YPR144C,YJL113W,0,-1.011342,0.11109815537929535,0.9510977864265442,0.7626525163650513
YGR189C,YDL025C,0,-1.0114161,0.1110852062702179,0.9510977864265442,0.7627525329589844
YGR274C,YPR070W,0,-1.0116758,0.11107226461172104,0.9510977864265442,0.7628525495529175
YBL058W,YHR011W,0,-1.0118408,0.11105931550264359,0.9510977864265442,0.7629525661468506
YIL016W,YEL012W,0,-1.0124251,0.11104637384414673,0.9510977864265442,0.7630525827407837
YGR271C-A,YOL157C,0,-1.0124501,0.11103343963623047,0.9510977864265442,0.7631526589393616
YKL210W,YNL186W,0,-1.0129291,0.11102050542831421,0.9510977864265442,0.7632526755332947
YNL049C,YDL136W,0,-1.0138538,0.11100757122039795,0.9510977864265442,0.7633526921272278
YGL112C,YPL144W,0,-1.0143486,0.11099464446306229,0.9510977864265442,0.7634527087211609
YFR021W,YOL045W,0,-1.0144706,0.11098171770572662,0.9510977864265442,0.763552725315094
YHR179W,YBR167C,0,-1.0145279,0.11096879094839096,0.9510977864265442,0.7636527419090271
YLR014C,YMR052W,0,-1.0145774,0.1109558716416359,0.9510977864265442,0.7637527585029602
YKR050W,YOL149W,0,-1.0146753,0.11094295978546143,0.9510977864265442,0.7638527750968933
YGR161W-B,YCR089W,0,-1.0149981,0.11093004047870636,0.9510977864265442,0.7639527916908264
YKL008C,YML104C,0,-1.0157233,0.11091712862253189,0.9510977864265442,0.7640528082847595
YCL075W,YLR388W,0,-1.0157931,0.11090422421693802,0.9510977864265442,0.7641528248786926
YOR210W,YMR087W,0,-1.0159377,0.11089131981134415,0.9510977864265442,0.7642528414726257
YJR006W,YJR028W,0,-1.0159546,0.11087841540575027,0.9510977864265442,0.7643528580665588
YCR020W-B,YGL234W,0,-1.0163522,0.110865518450737,0.9510977864265442,0.7644528746604919
YBR128C,YKR090W,0,-1.0167799,0.11085262149572372,0.9510977864265442,0.764552891254425
YDL217C,YNL175C,0,-1.0169021,0.11083973199129105,0.9510977864265442,0.7646529078483582
YNL151C,YKL201C,0,-1.0175489,0.11082684248685837,0.9510977864265442,0.7647529244422913
YOR205C,YMR176W,0,-1.0185229,0.11081395298242569,0.9510977864265442,0.7648529410362244
YER159C-A,YOL062C,0,-1.0187014,0.11080107092857361,0.9510977864265442,0.7649530172348022
YKL135C,YOR142W-B,0,-1.019378,0.11078818887472153,0.9510977864265442,0.7650530338287354
YMR292W,YKL222C,0,-1.019573,0.11077531427145004,0.9510977864265442,0.7651530504226685
YCL034W,YER166W,1,-1.0198197,0.11087866127490997,0.9520958065986633,0.7651530504226685
YER118C,YOR150W,0,-1.0198858,0.11086577922105789,0.9520958065986633,0.7652530670166016
YGL236C,YLR192C,0,-1.0207634,0.11085288971662521,0.9520958065986633,0.7653530836105347
YOL093W,YHL009W-B,0,-1.0211605,0.11084001511335373,0.9520958065986633,0.7654531002044678
YNL136W,YDR450W,0,-1.0213847,0.11082714051008224,0.9520958065986633,0.7655531167984009
YCR081W,YNL044W,0,-1.0217366,0.11081426590681076,0.9520958065986633,0.765653133392334
YLR086W,YLR008C,0,-1.0219363,0.11080139130353928,0.9520958065986633,0.7657531499862671
YPL042C,YLR138W,0,-1.0223798,0.11078852415084839,0.9520958065986633,0.7658531665802002
YKL205W,YJR089W,0,-1.0225348,0.1107756644487381,0.9520958065986633,0.7659531831741333
YNR075W,YHL007C,0,-1.0228604,0.11076279729604721,0.9520958065986633,0.7660531997680664
YIL139C,YDR186C,0,-1.0230018,0.11074994504451752,0.9520958065986633,0.7661532163619995
YOR237W,YBR215W,0,-1.0230306,0.11073708534240723,0.9520958065986633,0.7662532329559326
YDR322W,YGR038C-A,0,-1.0234799,0.11072423309087753,0.9520958065986633,0.7663532495498657
YDR353W,YLR141W,0,-1.0240867,0.11071138083934784,0.9520958065986633,0.7664532661437988
YKR036C,YNL088W,0,-1.024192,0.11069853603839874,0.9520958065986633,0.7665532827377319
YLR056W,YBL047C,1,-1.0244024,0.11080171912908554,0.9530938267707825,0.7665532827377319
YGR068C,YBL010C,0,-1.0244336,0.11078885942697525,0.9530938267707825,0.7666533589363098
YDR067C,YBL061C,0,-1.0250593,0.11077601462602615,0.9530938267707825,0.7667533755302429
YNR003C,YGR077C,0,-1.0254887,0.11076316237449646,0.9530938267707825,0.766853392124176
YDL130W,YJR034W,0,-1.0258119,0.11075031757354736,0.9530938267707825,0.7669534087181091
YHL047C,YBR267W,0,-1.0259271,0.11073748022317886,0.9530938267707825,0.7670534253120422
YDR067C,YGR249W,0,-1.0265157,0.11072463542222977,0.9530938267707825,0.7671534419059753
YIL009C-A,YNL087W,0,-1.0265584,0.11071179807186127,0.9530938267707825,0.7672534584999084
YBR036C,YNR069C,0,-1.0266985,0.11069896817207336,0.9530938267707825,0.7673534750938416
YBR030W,YDR162C,0,-1.0277324,0.11068613827228546,0.9530938267707825,0.7674534916877747
YBR275C,YIL006W,0,-1.0277468,0.11067330837249756,0.9530938267707825,0.7675535082817078
YJL073W,YNL021W,0,-1.0280309,0.11066048592329025,0.9530938267707825,0.7676535248756409
YDL190C,YNL014W,0,-1.028324,0.11064766347408295,0.9530938267707825,0.767753541469574
YMR211W,YOR313C,0,-1.0284052,0.11063484847545624,0.9530938267707825,0.7678535580635071
YER184C,YLR405W,0,-1.0284717,0.11062203347682953,0.9530938267707825,0.7679535746574402
YJR051W,YGR154C,0,-1.0286437,0.11060921847820282,0.9530938267707825,0.7680535912513733
YMR049C,YKL189W,0,-1.0290447,0.11059641093015671,0.9530938267707825,0.7681536078453064
YDL079C,YOR315W,0,-1.0290991,0.1105836033821106,0.9530938267707825,0.7682536244392395
YLR214W,YJL056C,0,-1.0294226,0.11057080328464508,0.9530938267707825,0.7683536410331726
YDR288W,YOR044W,0,-1.0296279,0.11055800318717957,0.9530938267707825,0.7684537172317505
YLR120C,YNL339C,0,-1.0298492,0.11054520308971405,0.9530938267707825,0.7685537338256836
YLL050C,YAR050W,0,-1.030026,0.11053241044282913,0.9530938267707825,0.7686537504196167
YJR105W,YAL060W,0,-1.0301526,0.11051961779594421,0.9530938267707825,0.7687537670135498
YNL300W,YHR116W,0,-1.0302289,0.1105068251490593,0.9530938267707825,0.7688537836074829
YIL155C,YGL123W,0,-1.0302912,0.11049403995275497,0.9530938267707825,0.768953800201416
YJR066W,YDR316W-A,0,-1.0307662,0.11048126220703125,0.9530938267707825,0.7690538167953491
YOR292C,YNL160W,0,-1.0312313,0.11046847701072693,0.9530938267707825,0.7691538333892822
YMR106C,YDR103W,0,-1.0314113,0.1104556992650032,0.9530938267707825,0.7692538499832153
YLL061W,YDR119W,0,-1.0315056,0.11044292896986008,0.9530938267707825,0.7693538665771484
YOR304C-A,YML097C,0,-1.0315075,0.11043015867471695,0.9530938267707825,0.7694538831710815
YJL034W,YPL242C,0,-1.0317621,0.11041738837957382,0.9530938267707825,0.7695538997650146
YMR172W,YMR214W,0,-1.0320067,0.11040462553501129,0.9530938267707825,0.7696539163589478
YDR186C,YBR010W,0,-1.0321943,0.11039186269044876,0.9530938267707825,0.7697539329528809
YOR190W,YDR446W,0,-1.0323782,0.11037909984588623,0.9530938267707825,0.769853949546814
YML074C,YNL014W,0,-1.0324532,0.1103663444519043,0.9530938267707825,0.7699539661407471
YJL138C,YGR216C,0,-1.0329764,0.11035359650850296,0.9530938267707825,0.7700539827346802
YJL136C,YOR069W,0,-1.0332017,0.11034084111452103,0.9530938267707825,0.7701540589332581
YLL042C,YHR166C,0,-1.0339409,0.11032809317111969,0.9530938267707825,0.7702540755271912
YJL111W,YML034W,0,-1.0342515,0.11031535267829895,0.9530938267707825,0.7703540921211243
YDR318W,YIR009W,0,-1.0344652,0.11030261218547821,0.9530938267707825,0.7704541087150574
YBR239C,YIL170W,0,-1.0346484,0.11028987169265747,0.9530938267707825,0.7705541253089905
YDR341C,YBR154C,0,-1.0347008,0.11027713865041733,0.9530938267707825,0.7706541419029236
YCR040W,YOR056C,0,-1.0348434,0.11026440560817719,0.9530938267707825,0.7707541584968567
YGR006W,YKL139W,0,-1.0349352,0.11025167256593704,0.9530938267707825,0.7708541750907898
YPL195W,YJL134W,0,-1.0350671,0.1102389469742775,0.9530938267707825,0.7709541916847229
YIL117C,YOR222W,0,-1.0351045,0.11022622138261795,0.9530938267707825,0.771054208278656
YKL053C-A,YDR288W,0,-1.0353845,0.110213503241539,0.9530938267707825,0.7711542248725891
YNL227C,YOR008C,1,-1.0354885,0.11031617969274521,0.9540917873382568,0.7711542248725891
YER083C,YLR229C,0,-1.0357379,0.11030344665050507,0.9540917873382568,0.7712542414665222
YGR229C,YNL128W,0,-1.0357392,0.11029072105884552,0.9540917873382568,0.7713542580604553
YPR167C,YDR059C,0,-1.0357418,0.11027800291776657,0.9540917873382568,0.7714542746543884
YLR272C,YDR119W,0,-1.0361077,0.11026528477668762,0.9540917873382568,0.7715542912483215
YBL037W,YOR340C,0,-1.0361986,0.11025256663560867,0.9540917873382568,0.7716543078422546
YLR160C,YOR046C,0,-1.0362717,0.11023985594511032,0.9540917873382568,0.7717543244361877
YIL131C,YOR069W,0,-1.03666,0.11022714525461197,0.9540917873382568,0.7718544006347656
YBL036C,YGR035C,0,-1.0366657,0.11021443456411362,0.9540917873382568,0.7719544172286987
YHR140W,YDR432W,0,-1.0367702,0.11020173132419586,0.9540917873382568,0.7720544338226318
YNR017W,YCR093W,0,-1.0368837,0.1101890280842781,0.9540917873382568,0.7721544504165649
YGR128C,YLR425W,0,-1.0368903,0.11017632484436035,0.9540917873382568,0.772254467010498
YPL082C,YOR194C,0,-1.0375366,0.1101636290550232,0.9540917873382568,0.7723544836044312
YDR107C,YOR196C,0,-1.037574,0.11015094071626663,0.9540917873382568,0.7724545001983643
YGR216C,YGL253W,0,-1.0385267,0.11013825237751007,0.9540917873382568,0.7725545167922974
YLL038C,YNL032W,1,-1.0385833,0.11024075746536255,0.955089807510376,0.7725545167922974
YLL001W,YJL087C,0,-1.0387024,0.11022806167602539,0.955089807510376,0.7726545333862305
YFL018C,YEL070W,0,-1.0391998,0.11021536588668823,0.955089807510376,0.7727545499801636
YAL005C,YNL312W,0,-1.0400932,0.11020267009735107,0.955089807510376,0.7728545665740967
YOL039W,YDR003W,0,-1.0409786,0.11018998175859451,0.955089807510376,0.7729545831680298
YPR004C,YMR022W,0,-1.0410112,0.11017729341983795,0.955089807510376,0.7730545997619629
YPR201W,YLR191W,0,-1.0410814,0.11016461253166199,0.955089807510376,0.773154616355896
YAL021C,YIR005W,0,-1.041197,0.11015193164348602,0.955089807510376,0.7732546329498291
YNL070W,YLL055W,0,-1.0417,0.11013925820589066,0.955089807510376,0.7733546495437622
YGR280C,YKL093W,0,-1.0418553,0.11012658476829529,0.955089807510376,0.7734546661376953
YLR276C,YPR168W,0,-1.0420885,0.11011391133069992,0.955089807510376,0.7735546827316284
YIL132C,YMR013C,0,-1.0421199,0.11010124534368515,0.955089807510376,0.7736547589302063
YGR123C,YJL047C,0,-1.0423099,0.11008857935667038,0.955089807510376,0.7737547755241394
YCR072C,YGL141W,0,-1.042574,0.11007591336965561,0.955089807510376,0.7738547921180725
YBR150C,YMR123W,0,-1.0430843,0.11006325483322144,0.955089807510376,0.7739548087120056
YML123C,YPR060C,0,-1.0431024,0.11005059629678726,0.955089807510376,0.7740548253059387
YHL007C,YGL090W,0,-1.0433369,0.11003794521093369,0.955089807510376,0.7741548418998718
YER073W,YHR092C,0,-1.04358,0.11002529412508011,0.955089807510376,0.7742548584938049
YDR186C,YMR051C,0,-1.0438176,0.11001264303922653,0.955089807510376,0.774354875087738
YDR058C,YGR271C-A,0,-1.0441082,0.10999999940395355,0.955089807510376,0.7744548916816711
YBR207W,YNL227C,1,-1.0441778,0.11010228842496872,0.9560878276824951,0.7744548916816711
YFL055W,YDL002C,0,-1.0442102,0.11008963733911514,0.9560878276824951,0.7745549082756042
YNL116W,YIL009C-A,0,-1.0442896,0.11007698625326157,0.9560878276824951,0.7746549248695374
YOR122C,YOR237W,0,-1.0443693,0.11006433516740799,0.9560878276824951,0.7747549414634705
YDR302W,YML062C,0,-1.044623,0.11005169153213501,0.9560878276824951,0.7748549580574036
YBR128C,YPL121C,0,-1.0446411,0.11003905534744263,0.9560878276824951,0.7749549746513367
YPL255W,YDR383C,0,-1.0452316,0.11002641916275024,0.9560878276824951,0.7750549912452698
YJL156C,YDL130W-A,0,-1.0461051,0.11001378297805786,0.9560878276824951,0.7751550078392029
YHR032W,YLR395C,0,-1.0461118,0.11000114679336548,0.9560878276824951,0.775255024433136
YLR341W,YNL006W,0,-1.0470303,0.10998851805925369,0.9560878276824951,0.7753551006317139
YMR305C,YJR161C,0,-1.0476878,0.1099758893251419,0.9560878276824951,0.775455117225647
YCL032W,YDL184C,0,-1.0481688,0.10996326804161072,0.9560878276824951,0.7755551338195801
YDR334W,YOR133W,0,-1.0482502,0.10995064675807953,0.9560878276824951,0.7756551504135132
YBR042C,YFL037W,0,-1.0487081,0.10993803292512894,0.9560878276824951,0.7757551670074463
YKL022C,YOL041C,0,-1.0487962,0.10992541909217834,0.9560878276824951,0.7758551836013794
YOR159C,YBR097W,0,-1.0489588,0.10991280525922775,0.9560878276824951,0.7759552001953125
YLR342W,YBL007C,1,-1.049017,0.1100149154663086,0.9570858478546143,0.7759552001953125
YGL234W,YOR338W,0,-1.0490985,0.1100022941827774,0.9570858478546143,0.7760552167892456
YKR014C,YML052W,1,-1.0494173,0.11010436713695526,0.9580838084220886,0.7760552167892456
YOL125W,YDR531W,0,-1.0495635,0.11009174585342407,0.9580838084220886,0.7761552333831787
YFR046C,YOR229W,0,-1.0502719,0.11007911711931229,0.9580838084220886,0.7762552499771118
YPR005C,YGL097W,0,-1.050411,0.1100664958357811,0.9580838084220886,0.7763552665710449
YDR067C,YDL059C,0,-1.0504313,0.1100538820028305,0.9580838084220886,0.776455283164978
YPR167C,YFR018C,0,-1.0504552,0.11004126816987991,0.9580838084220886,0.7765552997589111
YOR255W,YMR210W,0,-1.0505462,0.11002865433692932,0.9580838084220886,0.7766553163528442
YBL066C,YNL192W,0,-1.0507716,0.11001604050397873,0.9580838084220886,0.7767553329467773
YGL234W,YKR103W,0,-1.05126,0.11000343412160873,0.9580838084220886,0.7768553495407104
YCL030C,YPL092W,0,-1.05142,0.10999083518981934,0.9580838084220886,0.7769553661346436
YDR523C,YBR092C,0,-1.0522428,0.10997823625802994,0.9580838084220886,0.7770553827285767
YBR098W,YLR141W,0,-1.0523055,0.10996563732624054,0.9580838084220886,0.7771554589271545
YML026C,YDR240C,0,-1.0523503,0.10995303839445114,0.9580838084220886,0.7772554755210876
YDL056W,YML126C,0,-1.0526314,0.10994044691324234,0.9580838084220886,0.7773554921150208
YJR129C,YNR021W,0,-1.0531926,0.10992786288261414,0.9580838084220886,0.7774555087089539
YIL039W,YBR142W,0,-1.0533178,0.10991527140140533,0.9580838084220886,0.777555525302887
YMR154C,YGR289C,0,-1.0535003,0.10990268737077713,0.9580838084220886,0.7776555418968201
YCR094W,YBL060W,0,-1.0536233,0.10989011079072952,0.9580838084220886,0.7777555584907532
YJL095W,YBR066C,0,-1.0540713,0.10987753421068192,0.9580838084220886,0.7778555750846863
YCR020W-B,YLR025W,0,-1.0543559,0.10986495763063431,0.9580838084220886,0.7779555916786194
YPL155C,YER101C,0,-1.0545876,0.1098523885011673,0.9580838084220886,0.7780556082725525
YBR201W,YPR016C,0,-1.054647,0.10983981937170029,0.9580838084220886,0.7781556248664856
YLR133W,YBR294W,0,-1.0547948,0.10982725024223328,0.9580838084220886,0.7782556414604187
YNL152W,YJL080C,0,-1.0548483,0.10981468856334686,0.9580838084220886,0.7783556580543518
YGR264C,YKR014C,0,-1.0552783,0.10980212688446045,0.9580838084220886,0.7784556746482849
YPL281C,YER069W,0,-1.0564097,0.10978957265615463,0.9580838084220886,0.778555691242218
YDL226C,YGR188C,0,-1.056661,0.10977701842784882,0.9580838084220886,0.7786557078361511
YMR302C,YBR061C,0,-1.0572684,0.109764464199543,0.9580838084220886,0.7787557244300842
YHR211W,YDR484W,0,-1.0573298,0.10975191742181778,0.9580838084220886,0.7788558006286621
YIL139C,YLR002C,0,-1.0581475,0.10973937064409256,0.9580838084220886,0.7789558172225952
YHR188C,YBR104W,0,-1.0583206,0.10972682386636734,0.9580838084220886,0.7790558338165283
YML118W,YKR066C,0,-1.058596,0.10971428453922272,0.9580838084220886,0.7791558504104614
YHR161C,YLR342W,1,-1.0587277,0.10981602221727371,0.9590818285942078,0.7791558504104614
YER046W,YOL068C,0,-1.05875,0.10980347543954849,0.9590818285942078,0.7792558670043945
YFR046C,YGL158W,0,-1.0589414,0.10979092866182327,0.9590818285942078,0.7793558835983276
YJL025W,YBL040C,0,-1.0591849,0.10977838933467865,0.9590818285942078,0.7794559001922607
YKR035W-A,YOR308C,0,-1.0593796,0.10976585000753403,0.9590818285942078,0.7795559167861938
YJL118W,YER101C,0,-1.0595012,0.1097533106803894,0.9590818285942078,0.779655933380127
YER173W,YLR440C,0,-1.0597129,0.10974077880382538,0.9590818285942078,0.7797559499740601
YPL271W,YOR145C,0,-1.0597777,0.10972824692726135,0.9590818285942078,0.7798559665679932
YGR194C,YDL028C,0,-1.0605263,0.10971572250127792,0.9590818285942078,0.7799559831619263
YKL071W,YBR077C,0,-1.06094,0.1097031980752945,0.9590818285942078,0.7800559997558594
YJL004C,YHR061C,0,-1.0611014,0.10969067364931107,0.9590818285942078,0.7801560163497925
YPL011C,YKL059C,0,-1.0618291,0.10967815667390823,0.9590818285942078,0.7802560329437256
YBR030W,YMR295C,0,-1.0620675,0.1096656396985054,0.9590818285942078,0.7803560495376587
YNL035C,YPL220W,0,-1.0621265,0.10965312272310257,0.9590818285942078,0.7804560661315918
YPL143W,YBR201W,0,-1.0625916,0.10964061319828033,0.9590818285942078,0.7805560827255249
YCL027W,YHR063C,0,-1.0640959,0.1096281111240387,0.9590818285942078,0.7806561589241028
YHR211W,YGL180W,0,-1.0642363,0.10961560159921646,0.9590818285942078,0.7807561755180359
YCR027C,YDL245C,0,-1.0643492,0.10960309952497482,0.9590818285942078,0.780856192111969
YOL149W,YCR033W,0,-1.0644767,0.10959060490131378,0.9590818285942078,0.7809562087059021
YKL178C,YLR050C,0,-1.0648844,0.10957811027765274,0.9590818285942078,0.7810562252998352
YHR031C,YIL078W,0,-1.0658251,0.1095656156539917,0.9590818285942078,0.7811562418937683
YMR204C,YGR239C,0,-1.0661775,0.10955312103033066,0.9590818285942078,0.7812562584877014
YPR125W,YDR312W,0,-1.0667322,0.10954063385725021,0.9590818285942078,0.7813562750816345
YJR060W,YPR049C,0,-1.0668383,0.10952815413475037,0.9590818285942078,0.7814562916755676
YOR088W,YKL015W,0,-1.0668528,0.10951566696166992,0.9590818285942078,0.7815563082695007
YGL047W,YHR079C-A,0,-1.0669048,0.10950318723917007,0.9590818285942078,0.7816563248634338
YML071C,YOR071C,0,-1.0671376,0.10949071496725082,0.9590818285942078,0.7817563414573669
YIL002C,YKL144C,0,-1.0675106,0.10947824269533157,0.9590818285942078,0.7818563580513
YGR032W,YJL024C,0,-1.0677946,0.10946577042341232,0.9590818285942078,0.7819563746452332
YNL256W,YOL070C,0,-1.0677965,0.10945330560207367,0.9590818285942078,0.7820563912391663
YAR035W,YJL191W,0,-1.067913,0.10944084078073502,0.9590818285942078,0.7821564078330994
YKR009C,YOL152W,0,-1.068031,0.10942837595939636,0.9590818285942078,0.7822564244270325
YDL171C,YER147C,0,-1.0681534,0.1094159185886383,0.9590818285942078,0.7823565006256104
YDR140W,YDR046C,0,-1.0682203,0.10940346121788025,0.9590818285942078,0.7824565172195435
YJL114W,YDL015C,0,-1.0683113,0.10939100384712219,0.9590818285942078,0.7825565338134766
YGR010W,YJL056C,0,-1.068607,0.10937855392694473,0.9590818285942078,0.7826565504074097
YIL067C,YIL095W,0,-1.0687225,0.10936611145734787,0.9590818285942078,0.7827565670013428
YMR162C,YMR240C,0,-1.0689373,0.10935366153717041,0.9590818285942078,0.7828565835952759
YKR068C,YHR153C,0,-1.0693312,0.10934121906757355,0.9590818285942078,0.782956600189209
YLR139C,YFL037W,0,-1.0695298,0.10932878404855728,0.9590818285942078,0.7830566167831421
YBR082C,YJR010C-A,0,-1.0696816,0.10931634902954102,0.9590818285942078,0.7831566333770752
YGR101W,YBL009W,0,-1.0701365,0.10930391401052475,0.9590818285942078,0.7832566499710083
YLR022C,YDR218C,0,-1.0703402,0.10929147899150848,0.9590818285942078,0.7833566665649414
YDR297W,YGR038W,0,-1.0706257,0.10927905142307281,0.9590818285942078,0.7834566831588745
YAR010C,YLR192C,0,-1.0706873,0.10926663130521774,0.9590818285942078,0.7835566997528076
YGR041W,YOL071W,0,-1.0707345,0.10925420373678207,0.9590818285942078,0.7836567163467407
YNL197C,YEL069C,0,-1.0713596,0.109241783618927,0.9590818285942078,0.7837567329406738
YOR294W,YIL135C,0,-1.072306,0.10922937095165253,0.9590818285942078,0.7838567495346069
YFR036W,YFL034C-B,0,-1.0727232,0.10921695828437805,0.9590818285942078,0.78395676612854
YBR135W,YDR419W,0,-1.0731243,0.10920454561710358,0.9590818285942078,0.7840567827224731
YFR009W,YOR242C,0,-1.0731823,0.1091921404004097,0.9590818285942078,0.784156858921051
YLR357W,YLR369W,0,-1.0732872,0.10917973518371582,0.9590818285942078,0.7842568755149841
YKL156W,YOR353C,0,-1.0734048,0.10916732996702194,0.9590818285942078,0.7843568921089172
YDR341C,YIL155C,0,-1.0735813,0.10915493220090866,0.9590818285942078,0.7844569087028503
YBR261C,YIL122W,0,-1.0737028,0.10914253443479538,0.9590818285942078,0.7845569252967834
YHR065C,YAL043C,0,-1.0744584,0.1091301366686821,0.9590818285942078,0.7846569418907166
YKL071W,YLR002C,0,-1.0749882,0.10911774635314941,0.9590818285942078,0.7847569584846497
YLR308W,YDL208W,0,-1.0750189,0.10910535603761673,0.9590818285942078,0.7848569750785828
YHR072W,YLR148W,0,-1.0761331,0.10909297317266464,0.9590818285942078,0.7849569916725159
YKL189W,YER131W,0,-1.0772098,0.10908059030771255,0.9590818285942078,0.785057008266449
YJL144W,YBR010W,0,-1.0779984,0.10906820744276047,0.9590818285942078,0.7851570248603821
YDR141C,YOR224C,0,-1.0780354,0.10905583202838898,0.9590818285942078,0.7852570414543152
YPL078C,YFR028C,0,-1.0785549,0.10904345661401749,0.9590818285942078,0.7853570580482483
YER138C,YBR156C,0,-1.0791602,0.10903108865022659,0.9590818285942078,0.7854570746421814
YPR032W,YGR105W,0,-1.0792866,0.1090187206864357,0.9590818285942078,0.7855570912361145
YHR171W,YMR088C,0,-1.0793201,0.1090063527226448,0.9590818285942078,0.7856571078300476
YKR066C,YHR085W,0,-1.0794456,0.10899399220943451,0.9590818285942078,0.7857571244239807
YPR035W,YMR203W,0,-1.0795287,0.10898163169622421,0.9590818285942078,0.7858572006225586
YLR086W,YJL104W,0,-1.0801383,0.10896927118301392,0.9590818285942078,0.7859572172164917
YMR302C,YDR115W,0,-1.0804945,0.10895691812038422,0.9590818285942078,0.7860572338104248
YGL169W,YIL067C,0,-1.0806472,0.10894456505775452,0.9590818285942078,0.7861572504043579
YPR138C,YKL007W,0,-1.0806763,0.10893221199512482,0.9590818285942078,0.786257266998291
YGL175C,YDR479C,0,-1.0809236,0.10891986638307571,0.9590818285942078,0.7863572835922241
YIR022W,YBR104W,0,-1.0816265,0.10890752822160721,0.9590818285942078,0.7864573001861572
YMR264W,YNL232W,0,-1.0818465,0.1088951826095581,0.9590818285942078,0.7865573167800903
YMR122W-A,YBL099W,0,-1.0824268,0.1088828444480896,0.9590818285942078,0.7866573333740234
YCR027C,YBR142W,0,-1.0826356,0.10887051373720169,0.9590818285942078,0.7867573499679565
YHR117W,YML060W,0,-1.0828851,0.10885817557573318,0.9590818285942078,0.7868573665618896
YDL070W,YPL005W,0,-1.0831765,0.10884585231542587,0.9590818285942078,0.7869573831558228
YJL117W,YML048W,0,-1.08337,0.10883352160453796,0.9590818285942078,0.7870573997497559
YPR133W-A,YAL025C,0,-1.0837014,0.10882119834423065,0.9590818285942078,0.787157416343689
YKL084W,YOR233W,0,-1.0837212,0.10880887508392334,0.9590818285942078,0.7872574329376221
YDR508C,YGR195W,0,-1.0839401,0.10879655927419662,0.9590818285942078,0.7873574495315552
YHR021C,YGL162W,0,-1.0841155,0.10878424346446991,0.9590818285942078,0.7874574661254883
YNL267W,YDR447C,0,-1.0858308,0.1087719276547432,0.9590818285942078,0.7875574827194214
YFR007W,YKL175W,0,-1.0858334,0.10875961929559708,0.9590818285942078,0.7876575589179993
YOL138C,YKR048C,0,-1.0858573,0.10874731093645096,0.9590818285942078,0.7877575755119324
YNL122C,YDR119W,0,-1.0862724,0.10873501002788544,0.9590818285942078,0.7878575921058655
YMR042W,YDR310C,0,-1.0865285,0.10872270911931992,0.9590818285942078,0.7879576086997986
YNL219C,YGL166W,0,-1.0868615,0.1087104082107544,0.9590818285942078,0.7880576252937317
YBR195C,YNL147W,0,-1.0869077,0.10869811475276947,0.9590818285942078,0.7881576418876648
YDL129W,YLR100W,0,-1.0870917,0.10868582129478455,0.9590818285942078,0.7882576584815979
YIL145C,YOR315W,0,-1.0874064,0.10867352783679962,0.9590818285942078,0.788357675075531
YOL077W-A,YJR135W-A,0,-1.087804,0.1086612418293953,0.9590818285942078,0.7884576916694641
YDL171C,YHR039C-A,0,-1.0882727,0.10864895582199097,0.9590818285942078,0.7885577082633972
YKR055W,YML060W,0,-1.0883516,0.10863666981458664,0.9590818285942078,0.7886577248573303
YBR202W,YDR113C,0,-1.0885017,0.10862439125776291,0.9590818285942078,0.7887577414512634
YDR470C,YML010W,0,-1.0885434,0.10861211270093918,0.9590818285942078,0.7888577580451965
YFR036W,YER171W,0,-1.0885721,0.10859984159469604,0.9590818285942078,0.7889577746391296
YIL158W,YBR021W,0,-1.0885952,0.10858757048845291,0.9590818285942078,0.7890577912330627
YIR032C,YBR106W,0,-1.0890383,0.10857529938220978,0.9590818285942078,0.7891578078269958
YDR018C,YJL136C,0,-1.0892297,0.10856303572654724,0.9590818285942078,0.789257824420929
YDL217C,YPR144C,0,-1.0893319,0.1085507720708847,0.9590818285942078,0.7893579006195068
YFL022C,YLR138W,0,-1.0899137,0.10853851586580276,0.9590818285942078,0.7894579172134399
YMR121C,YNL297C,0,-1.0900189,0.10852625966072083,0.9590818285942078,0.789557933807373
YIL168W,YGR200C,0,-1.0902178,0.10851400345563889,0.9590818285942078,0.7896579504013062
YER137C-A,YGL094C,0,-1.0904778,0.10850174725055695,0.9590818285942078,0.7897579669952393
YMR142C,YPL281C,0,-1.0905356,0.1084894984960556,0.9590818285942078,0.7898579835891724
YPR033C,YBR079C,0,-1.090677,0.10847725719213486,0.9590818285942078,0.7899580001831055
YGL147C,YPL003W,0,-1.090838,0.10846500843763351,0.9590818285942078,0.7900580167770386
YPL084W,YOR192C-B,0,-1.0909277,0.10845276713371277,0.9590818285942078,0.7901580333709717
YHR161C,YFL039C,1,-1.0914187,0.10855337232351303,0.9600798487663269,0.7901580333709717
YIL039W,YBR237W,0,-1.0916584,0.10854112356901169,0.9600798487663269,0.7902580499649048
YJR101W,YBR022W,0,-1.0917377,0.10852888226509094,0.9600798487663269,0.7903580665588379
YLR385C,YPL160W,0,-1.0928638,0.1085166409611702,0.9600798487663269,0.790458083152771
YBL027W,YEL043W,0,-1.0933038,0.10850439965724945,0.9600798487663269,0.7905580997467041
YGR194C,YLR073C,0,-1.0935464,0.1084921583533287,0.9600798487663269,0.7906581163406372
YBL082C,YJR101W,0,-1.0942332,0.10847992449998856,0.9600798487663269,0.7907581329345703
YNL257C,YDR424C,0,-1.0944178,0.108467698097229,0.9600798487663269,0.7908581495285034
YNL152W,YMR224C,0,-1.0944444,0.10845546424388885,0.9600798487663269,0.7909581661224365
YGL035C,YLR321C,0,-1.0944587,0.1084432452917099,0.9600798487663269,0.7910581827163696
YPL011C,YBR042C,0,-1.0948374,0.10843101888895035,0.9600798487663269,0.7911582589149475
YLR408C,YFL002C,0,-1.095735,0.10841879993677139,0.9600798487663269,0.7912582755088806
YDR503C,YDR540C,0,-1.0957923,0.10840658098459244,0.9600798487663269,0.7913582921028137
YNL082W,YDR302W,0,-1.0958371,0.10839436948299408,0.9600798487663269,0.7914583086967468
YPR118W,YGR049W,0,-1.095878,0.10838215053081512,0.9600798487663269,0.7915583252906799
YDR245W,YGL220W,0,-1.095944,0.10836994647979736,0.9600798487663269,0.791658341884613
YGR108W,YKL221W,0,-1.0959922,0.108357734978199,0.9600798487663269,0.7917583584785461
YER138C,YIL142W,0,-1.0964606,0.10834553092718124,0.9600798487663269,0.7918583750724792
YPL060C-A,YGL131C,0,-1.0969653,0.10833333432674408,0.9600798487663269,0.7919583916664124
YNL222W,YNR028W,0,-1.0971831,0.10832113772630692,0.9600798487663269,0.7920584082603455
YFR046C,YOL149W,0,-1.0975416,0.10830894112586975,0.9600798487663269,0.7921584248542786
YJL177W,YKR009C,0,-1.097599,0.10829674452543259,0.9600798487663269,0.7922584414482117
YNL189W,YNL070W,0,-1.0976899,0.10828455537557602,0.9600798487663269,0.7923584580421448
YOR056C,YDR540C,0,-1.0978159,0.10827236622571945,0.9600798487663269,0.7924584746360779
YAR003W,YOR381W,0,-1.0983888,0.10826018452644348,0.9600798487663269,0.792558491230011
YKL107W,YNL271C,0,-1.0986669,0.10824800282716751,0.9600798487663269,0.7926585078239441
YOR159C,YIL049W,0,-1.0987189,0.10823582112789154,0.9600798487663269,0.7927585244178772
YOR115C,YDL064W,0,-1.098782,0.10822364687919617,0.9600798487663269,0.7928586006164551
YHR039C-A,YBL097W,0,-1.0988238,0.1082114726305008,0.9600798487663269,0.7929586172103882
YPL270W,YGL026C,0,-1.0988522,0.10819930583238602,0.9600798487663269,0.7930586338043213
YOR369C,YCL020W,0,-1.0989333,0.10818713158369064,0.9600798487663269,0.7931586503982544
YGL131C,YLL005C,0,-1.0990301,0.10817497223615646,0.9600798487663269,0.7932586669921875
YKL090W,YJR097W,0,-1.0991306,0.10816280543804169,0.9600798487663269,0.7933586835861206
YBR267W,YDL120W,0,-1.0991497,0.10815064609050751,0.9600798487663269,0.7934587001800537
YHR041C,YGR185C,0,-1.0991917,0.10813848674297333,0.9600798487663269,0.7935587167739868
YMR025W,YHR082C,0,-1.0992362,0.10812633484601974,0.9600798487663269,0.7936587333679199
YFR006W,YLR160C,0,-1.0993305,0.10811418294906616,0.9600798487663269,0.793758749961853
YNL297C,YEL009C,0,-1.0996644,0.10810203105211258,0.9600798487663269,0.7938587665557861
YNL272C,YDR144C,0,-1.0998217,0.1080898866057396,0.9600798487663269,0.7939587831497192
YPL200W,YHR007C,0,-1.1007392,0.10807774215936661,0.9600798487663269,0.7940587997436523
YKR002W,YBR019C,0,-1.1013103,0.10806560516357422,0.9600798487663269,0.7941588163375854
YJL074C,YPR124W,0,-1.1013649,0.10805346816778183,0.9600798487663269,0.7942588329315186
YGR195W,YER017C,0,-1.101705,0.10804133117198944,0.9600798487663269,0.7943588495254517
YMR167W,YNL339C,0,-1.1017823,0.10802919417619705,0.9600798487663269,0.7944588661193848
YCR072C,YLR389C,0,-1.101837,0.10801706463098526,0.9600798487663269,0.7945588827133179
YER120W,YDR101C,0,-1.1020877,0.10800494253635406,0.9600798487663269,0.7946589589118958
YCR040W,YCL010C,0,-1.1025072,0.10799281299114227,0.9600798487663269,0.7947589755058289
YER058W,YKL085W,0,-1.1027122,0.10798069089651108,0.9600798487663269,0.794858992099762
YNR057C,YML018C,0,-1.103003,0.10796857625246048,0.9600798487663269,0.7949590086936951
YIL145C,YFR031C,0,-1.1033945,0.10795646160840988,0.9600798487663269,0.7950590252876282
YHR129C,YDR484W,0,-1.1034477,0.10794434696435928,0.9600798487663269,0.7951590418815613
YPL237W,YPR200C,0,-1.104034,0.10793223232030869,0.9600798487663269,0.7952590584754944
YDR174W,YMR246W,0,-1.1044915,0.10792012512683868,0.9600798487663269,0.7953590750694275
YMR117C,YOR070C,0,-1.1049906,0.10790801793336868,0.9600798487663269,0.7954590916633606
YDR338C,YLR265C,0,-1.1051615,0.10789591819047928,0.9600798487663269,0.7955591082572937
YJR126C,YOR118W,0,-1.1053132,0.10788381844758987,0.9600798487663269,0.7956591248512268
YGL256W,YHR115C,0,-1.1053374,0.10787171870470047,0.9600798487663269,0.7957591414451599
YPR002W,YNR021W,0,-1.1054058,0.10785962641239166,0.9600798487663269,0.795859158039093
YOR204W,YFR046C,0,-1.10566,0.10784753412008286,0.9600798487663269,0.7959591746330261
YPL180W,YDR065W,0,-1.1063032,0.10783544182777405,0.9600798487663269,0.7960591912269592
YMR168C,YNR047W,0,-1.1064401,0.10782335698604584,0.9600798487663269,0.7961592078208923
YDR210W-B,YOR141C,0,-1.1065578,0.10781127214431763,0.9600798487663269,0.7962592244148254
YML019W,YPL037C,0,-1.1067897,0.10779919475317001,0.9600798487663269,0.7963593006134033
YER001W,YNL212W,0,-1.1082814,0.1077871173620224,0.9600798487663269,0.7964593172073364
YFL003C,YMR024W,0,-1.1083442,0.10777503997087479,0.9600798487663269,0.7965593338012695
YHR084W,YLR222C,0,-1.1085074,0.10776296257972717,0.9600798487663269,0.7966593503952026
YHR044C,YLR275W,0,-1.1087153,0.10775089263916016,0.9600798487663269,0.7967593669891357
YBL006C,YNL175C,0,-1.1090093,0.10773883014917374,0.9600798487663269,0.7968593835830688
YNL032W,YLR206W,1,-1.1094373,0.10783874243497849,0.961077868938446,0.7968593835830688
YGR238C,YOL041C,0,-1.1094737,0.10782667249441147,0.961077868938446,0.796959400177002
YPL192C,YOR198C,0,-1.1096226,0.10781460255384445,0.961077868938446,0.7970594167709351
YLR353W,YPL227C,0,-1.1102432,0.10780253261327744,0.961077868938446,0.7971594333648682
YBR154C,YCR053W,0,-1.111406,0.10779046267271042,0.961077868938446,0.7972594499588013
YMR277W,YNL047C,0,-1.1119034,0.107778400182724,0.961077868938446,0.7973594665527344
YIL017C,YJR086W,0,-1.1119798,0.10776633769273758,0.961077868938446,0.7974594831466675
YLR410W-B,YLR244C,0,-1.1120379,0.10775428265333176,0.961077868938446,0.7975594997406006
YOR098C,YLR117C,0,-1.1126254,0.10774222761392593,0.961077868938446,0.7976595163345337
YDR166C,YDR363W-A,0,-1.1126435,0.10773017257452011,0.961077868938446,0.7977595329284668
YGL022W,YDL225W,0,-1.1126784,0.10771811753511429,0.961077868938446,0.7978595495223999
YBR021W,YBR127C,0,-1.1132746,0.10770606994628906,0.961077868938446,0.797959566116333
YJL114W,YHR079C,0,-1.1133202,0.10769402980804443,0.961077868938446,0.7980595827102661
YFL004W,YDL052C,0,-1.1135042,0.10768198221921921,0.961077868938446,0.798159658908844
YKL015W,YLL036C,0,-1.1137834,0.10766994953155518,0.961077868938446,0.7982596755027771
YIL079C,YKL113C,0,-1.115918,0.10765790939331055,0.961077868938446,0.7983596920967102
YCR020W-B,YDL156W,0,-1.1160661,0.10764587670564651,0.961077868938446,0.7984597086906433
YGL162W,YER052C,0,-1.116563,0.10763384401798248,0.961077868938446,0.7985597252845764
YLR406C,YGR109W-B,0,-1.1167356,0.10762181133031845,0.961077868938446,0.7986597418785095
YKL205W,YOR143C,0,-1.1173159,0.10760978609323502,0.961077868938446,0.7987597584724426
YNL309W,YJL033W,0,-1.1175691,0.10759776830673218,0.961077868938446,0.7988597750663757
YLR240W,YJR105W,0,-1.1176419,0.10758574306964874,0.961077868938446,0.7989597916603088
YOR353C,YPR190C,0,-1.117839,0.1075737252831459,0.961077868938446,0.7990598082542419
YOR138C,YNL113W,0,-1.1178432,0.10756170749664307,0.961077868938446,0.799159824848175
YBL003C,YDR473C,0,-1.1179019,0.10754969716072083,0.961077868938446,0.7992598414421082
YPL162C,YCL011C,0,-1.118006,0.10753768682479858,0.961077868938446,0.7993598580360413
YDR088C,YBR105C,0,-1.1182138,0.10752568393945694,0.961077868938446,0.7994598746299744
YDR298C,YNR022C,0,-1.1183882,0.1075136736035347,0.961077868938446,0.7995598912239075
YKL195W,YJR082C,0,-1.1188371,0.10750167816877365,0.961077868938446,0.7996599078178406
YKL107W,YPL206C,0,-1.1197493,0.107489675283432,0.961077868938446,0.7997599244117737
YLR262C,YBL055C,0,-1.1197536,0.10747767984867096,0.961077868938446,0.7998600006103516
YLR103C,YIR037W,0,-1.1219391,0.10746568441390991,0.961077868938446,0.7999600172042847
YML081C-A,YBR139W,0,-1.1223078,0.10745369642972946,0.961077868938446,0.8000600337982178
YCR023C,YGR128C,0,-1.1228913,0.10744170844554901,0.961077868938446,0.8001600503921509
YER146W,YOR231W,0,-1.122988,0.10742972046136856,0.961077868938446,0.800260066986084
YJR130C,YHR072W,0,-1.1235203,0.10741773247718811,0.961077868938446,0.8003600835800171
YJR097W,YDR113C,0,-1.1237841,0.10740575194358826,0.961077868938446,0.8004601001739502
YAR003W,YOR388C,0,-1.1238832,0.107393778860569,0.961077868938446,0.8005601167678833
YMR260C,YLR307W,0,-1.1248078,0.10738179832696915,0.961077868938446,0.8006601333618164
YDR383C,YMR213W,0,-1.1255951,0.10736983269453049,0.961077868938446,0.8007601499557495
YBR030W,YBR172C,0,-1.1256105,0.10735785961151123,0.961077868938446,0.8008601665496826
YJR152W,YPR043W,0,-1.126059,0.10734589397907257,0.961077868938446,0.8009601831436157
YLR396C,YPR152C,0,-1.1261032,0.10733392834663391,0.961077868938446,0.8010601997375488
YLR341W,YDR326C,0,-1.1261561,0.10732196271419525,0.961077868938446,0.8011602163314819
YOR094W,YDL065C,0,-1.1261953,0.10731000453233719,0.961077868938446,0.801260232925415
YLR364W,YGL043W,0,-1.1263711,0.10729805380105972,0.961077868938446,0.8013602495193481
YHR168W,YGR063C,0,-1.1264145,0.10728609561920166,0.961077868938446,0.8014602661132812
YPL181W,YDR429C,0,-1.1264405,0.1072741448879242,0.961077868938446,0.8015602827072144
YPL241C,YMR097C,0,-1.1271218,0.10726219415664673,0.961077868938446,0.8016603589057922
YMR026C,YGL226C-A,0,-1.1278335,0.10725025087594986,0.961077868938446,0.8017603754997253
YPR192W,YJR133W,0,-1.1284099,0.10723830759525299,0.961077868938446,0.8018603920936584
YEL012W,YEL021W,0,-1.1288779,0.10722636431455612,0.961077868938446,0.8019604086875916
YDR346C,YER042W,0,-1.129274,0.10721442848443985,0.961077868938446,0.8020604252815247
YPR133W-A,YER056C-A,0,-1.1298834,0.10720249265432358,0.961077868938446,0.8021604418754578
YBR058C,YBL024W,0,-1.1299537,0.1071905642747879,0.961077868938446,0.8022604584693909
YDR186C,YPL226W,0,-1.130274,0.10717862844467163,0.961077868938446,0.802360475063324
YLL038C,YML001W,1,-1.1306672,0.10727798938751221,0.9620758295059204,0.802360475063324
YPR041W,YOR298W,0,-1.1308393,0.10726605355739594,0.9620758295059204,0.8024604916572571
YJL158C,YKR087C,0,-1.130843,0.10725411772727966,0.9620758295059204,0.8025605082511902
YDR076W,YDR027C,0,-1.1310658,0.10724218189716339,0.9620758295059204,0.8026605248451233
YPR137W,YMR246W,0,-1.1312292,0.10723025351762772,0.9620758295059204,0.8027605414390564
YDR051C,YMR290C,0,-1.1319706,0.10721833258867264,0.9620758295059204,0.8028605580329895
YLR051C,YOL089C,0,-1.1320151,0.10720640420913696,0.9620758295059204,0.8029605746269226
YLR423C,YDL141W,0,-1.1320553,0.10719448328018188,0.9620758295059204,0.8030605912208557
YBR205W,YCR046C,0,-1.1320888,0.1071825698018074,0.9620758295059204,0.8031606078147888
YDR347W,YGR001C,0,-1.1322225,0.10717064887285233,0.9620758295059204,0.8032606244087219
YBR186W,YJL004C,0,-1.132352,0.10715873539447784,0.9620758295059204,0.8033607006072998
YBR294W,YGR238C,0,-1.1326138,0.10714682936668396,0.9620758295059204,0.8034607172012329
YKL139W,YER168C,0,-1.1334274,0.10713491588830948,0.9620758295059204,0.803560733795166
YHR140W,YPL230W,0,-1.1338174,0.10712301731109619,0.9620758295059204,0.8036607503890991
YKR022C,YLR214W,0,-1.1346459,0.10711111128330231,0.9620758295059204,0.8037607669830322
YMR119W,YBL005W-B,0,-1.1346674,0.10709921270608902,0.9620758295059204,0.8038607835769653
YOR206W,YER065C,0,-1.1351055,0.10708731412887573,0.9620758295059204,0.8039608001708984
YML130C,YER070W,0,-1.135403,0.10707542300224304,0.9620758295059204,0.8040608167648315
YBL060W,YLR183C,0,-1.1358361,0.10706352442502975,0.9620758295059204,0.8041608333587646
YBR123C,YKR026C,0,-1.1358799,0.10705164074897766,0.9620758295059204,0.8042608499526978
YJL062W,YGR112W,0,-1.1359271,0.10703974962234497,0.9620758295059204,0.8043608665466309
YMR305C,YNL323W,0,-1.1359643,0.10702786594629288,0.9620758295059204,0.804460883140564
YKR003W,YOR237W,1,-1.1362023,0.10712699592113495,0.9630738496780396,0.804460883140564
YOR288C,YLR077W,0,-1.1363264,0.10711510479450226,0.9630738496780396,0.8045608997344971
YBL004W,YNL021W,0,-1.1363748,0.10710322111845016,0.9630738496780396,0.8046609163284302
YNL126W,YPL110C,0,-1.1364166,0.10709132999181747,0.9630738496780396,0.8047609329223633
YCR081W,YHR099W,0,-1.1367277,0.10707944631576538,0.9630738496780396,0.8048609495162964
YOL067C,YPL101W,0,-1.1369503,0.10706757009029388,0.9630738496780396,0.8049609661102295
YJR147W,YPL092W,0,-1.1376812,0.10705569386482239,0.9630738496780396,0.8050609827041626
YJR144W,YLR106C,0,-1.137791,0.10704381763935089,0.9630738496780396,0.8051610589027405
YFL055W,YAL043C,0,-1.1382048,0.1070319414138794,0.9630738496780396,0.8052610754966736
YDR205W,YNL172W,0,-1.1383412,0.1070200726389885,0.9630738496780396,0.8053610920906067
YCR081W,YLR226W,0,-1.1387495,0.1070082038640976,0.9630738496780396,0.8054611086845398
YBR171W,YMR079W,0,-1.1388236,0.10699634253978729,0.9630738496780396,0.8055611252784729
YBL052C,YOR386W,0,-1.138922,0.10698448121547699,0.9630738496780396,0.805661141872406
YEL037C,YPR196W,0,-1.1392984,0.10697261989116669,0.9630738496780396,0.8057611584663391
YOL038W,YGR158C,0,-1.1393082,0.10696076601743698,0.9630738496780396,0.8058611750602722
YAL053W,YJL033W,0,-1.1394887,0.10694890469312668,0.9630738496780396,0.8059611916542053
YNL035C,YOR005C,0,-1.1394923,0.10693705826997757,0.9630738496780396,0.8060612082481384
YNL270C,YBR264C,0,-1.1397362,0.10692520439624786,0.9630738496780396,0.8061612248420715
YNL210W,YDR074W,0,-1.1397767,0.10691335797309875,0.9630738496780396,0.8062612414360046
YJR031C,YDR382W,0,-1.140159,0.10690151900053024,0.9630738496780396,0.8063612580299377
YML094W,YDR522C,0,-1.1402401,0.10688968002796173,0.9630738496780396,0.8064612746238708
YML056C,YLL027W,0,-1.1402617,0.10687784105539322,0.9630738496780396,0.806561291217804
YML060W,YMR077C,0,-1.1405717,0.10686600208282471,0.9630738496780396,0.8066613078117371
YLR157C-B,YOR303W,0,-1.1408662,0.10685417056083679,0.9630738496780396,0.8067613244056702
YMR098C,YKR059W,0,-1.1410079,0.10684233903884888,0.9630738496780396,0.806861400604248
YPR140W,YER055C,0,-1.1413431,0.10683050751686096,0.9630738496780396,0.8069614171981812
YHR203C,YCR020W-B,0,-1.1415331,0.10681868344545364,0.9630738496780396,0.8070614337921143
YNL177C,YER095W,0,-1.1418444,0.10680685937404633,0.9630738496780396,0.8071614503860474
YMR288W,YIL048W,0,-1.141999,0.1067950427532196,0.9630738496780396,0.8072614669799805
YKR008W,YDR113C,0,-1.1426383,0.10678322613239288,0.9630738496780396,0.8073614835739136
YNR045W,YDR116C,0,-1.1429236,0.10677140951156616,0.9630738496780396,0.8074615001678467
YGR223C,YHR105W,0,-1.1432835,0.10675960034132004,0.9630738496780396,0.8075615167617798
YNL299W,YAL023C,0,-1.1441318,0.10674779117107391,0.9630738496780396,0.8076615333557129
YOL112W,YOR096W,0,-1.1443264,0.10673598200082779,0.9630738496780396,0.807761549949646
YLR008C,YGR251W,0,-1.1450984,0.10672417283058167,0.9630738496780396,0.8078615665435791
YGL029W,YPL092W,0,-1.1453159,0.10671237111091614,0.9630738496780396,0.8079615831375122
YLR170C,YBL002W,0,-1.1454952,0.10670057684183121,0.9630738496780396,0.8080615997314453
YGR278W,YOL149W,0,-1.1455908,0.10668877512216568,0.9630738496780396,0.8081616163253784
YBR239C,YJR002W,0,-1.1461529,0.10667698085308075,0.9630738496780396,0.8082616329193115
YBL019W,YKR010C,0,-1.1461538,0.10666519403457642,0.9630738496780396,0.8083616495132446
YOR075W,YPR137C-B,0,-1.1466479,0.10665340721607208,0.9630738496780396,0.8084616661071777
YDL226C,YOR069W,0,-1.1469434,0.10664162039756775,0.9630738496780396,0.8085616827011108
YPL228W,YDR496C,0,-1.1473536,0.10662983357906342,0.9630738496780396,0.8086617588996887
YGR218W,YDR180W,0,-1.1475843,0.10661805421113968,0.9630738496780396,0.8087617754936218
YDL033C,YDR499W,0,-1.1477461,0.10660627484321594,0.9630738496780396,0.8088617920875549
YLR153C,YOR118W,0,-1.1489477,0.1065944954752922,0.9630738496780396,0.808961808681488
YDR508C,YDR222W,0,-1.1490257,0.10658272355794907,0.9630738496780396,0.8090618252754211
YOR313C,YER141W,0,-1.1491307,0.10657095164060593,0.9630738496780396,0.8091618418693542
YFL003C,YNL212W,0,-1.1492214,0.10655918717384338,0.9630738496780396,0.8092618584632874
YOR192C-B,YDR429C,0,-1.1496338,0.10654742270708084,0.9630738496780396,0.8093618750572205
YHL009C,YMR117C,0,-1.150614,0.1065356582403183,0.9630738496780396,0.8094618916511536
YHR152W,YLR297W,0,-1.1510218,0.10652390122413635,0.9630738496780396,0.8095619082450867
YGL022W,YNL093W,0,-1.1510394,0.1065121442079544,0.9630738496780396,0.8096619248390198
YGR177C,YMR166C,0,-1.151319,0.10650038719177246,0.9630738496780396,0.8097619414329529
YNR003C,YER091C,0,-1.1514015,0.10648863017559052,0.9630738496780396,0.809861958026886
YOR211C,YGR071C,0,-1.1519291,0.10647688060998917,0.9630738496780396,0.8099619746208191
YDL043C,YML058W,0,-1.1519564,0.10646513849496841,0.9630738496780396,0.8100619912147522
YMR168C,YPL226W,0,-1.1523238,0.10645338892936707,0.9630738496780396,0.8101620078086853
YHR160C,YDR238C,0,-1.1529455,0.10644164681434631,0.9630738496780396,0.8102620244026184
YOR315W,YGL160W,0,-1.153203,0.10642991214990616,0.9630738496780396,0.8103621006011963
YJL029C,YNL087W,0,-1.1538099,0.106418177485466,0.9630738496780396,0.8104621171951294
YKR097W,YER171W,0,-1.1540743,0.10640644282102585,0.9630738496780396,0.8105621337890625
YOR324C,YLR027C,0,-1.1542332,0.1063947081565857,0.9630738496780396,0.8106621503829956
YPR016C,YOR360C,0,-1.1548634,0.10638298094272614,0.9630738496780396,0.8107621669769287
YDR499W,YDL212W,0,-1.1549399,0.10637125372886658,0.9630738496780396,0.8108621835708618
YDR270W,YML009C,0,-1.1556793,0.10635952651500702,0.9630738496780396,0.8109622001647949
YMR029C,YLR157C-A,0,-1.1563808,0.10634780675172806,0.9630738496780396,0.811062216758728
YDR139C,YGL155W,0,-1.1567775,0.1063360869884491,0.9630738496780396,0.8111622333526611
YEL034W,YML040W,0,-1.1576462,0.10632437467575073,0.9630738496780396,0.8112622499465942
YGR106C,YKL154W,0,-1.1582385,0.10631265491247177,0.9630738496780396,0.8113622665405273
YBR257W,YNL283C,0,-1.1588794,0.106300950050354,0.9630738496780396,0.8114622831344604
YLR051C,YPR004C,0,-1.158977,0.10628923773765564,0.9630738496780396,0.8115622997283936
YNL267W,YOL137W,0,-1.1598392,0.10627753287553787,0.9630738496780396,0.8116623163223267
YNL210W,YCR020C,0,-1.159863,0.1062658280134201,0.9630738496780396,0.8117623329162598
YLR014C,YOR226C,0,-1.1604058,0.10625413060188293,0.9630738496780396,0.8118623495101929
YBR175W,YIL049W,0,-1.1612486,0.10624243319034576,0.9630738496780396,0.811962366104126
YER048W-A,YKL018W,0,-1.1618925,0.1062307357788086,0.9630738496780396,0.8120623826980591
YGL009C,YHR121W,0,-1.1620425,0.10621904581785202,0.9630738496780396,0.812162458896637
YDL104C,YLR380W,0,-1.1623138,0.10620734840631485,0.9630738496780396,0.8122624754905701
YBR039W,YAL054C,0,-1.1628108,0.10619566589593887,0.9630738496780396,0.8123624920845032
YOR304C-A,YER118C,0,-1.1648024,0.1061839759349823,0.9630738496780396,0.8124625086784363
YFL022C,YDR473C,0,-1.1653223,0.10617229342460632,0.9630738496780396,0.8125625252723694
YER045C,YNL126W,0,-1.1661286,0.10616061836481094,0.9630738496780396,0.8126625418663025
YPR149W,YER120W,0,-1.167388,0.10614893585443497,0.9630738496780396,0.8127625584602356
YCL026C-A,YDR014W,0,-1.16783,0.10613726079463959,0.9630738496780396,0.8128625750541687
YCR027C,YEL015W,0,-1.1680424,0.1061255931854248,0.9630738496780396,0.8129625916481018
YIL048W,YER166W,1,-1.1681913,0.10622388124465942,0.9640718698501587,0.8129625916481018
YLR120C,YOR384W,0,-1.1684989,0.10621220618486404,0.9640718698501587,0.8130626082420349
YBR152W,YDR044W,0,-1.1686921,0.10620053112506866,0.9640718698501587,0.813162624835968
YOR230W,YJR067C,0,-1.1692188,0.10618885606527328,0.9640718698501587,0.8132626414299011
YER048C,YDL133C-A,0,-1.1694374,0.1061771810054779,0.9640718698501587,0.8133626580238342
YML081C-A,YMR135C,0,-1.169478,0.10616551339626312,0.9640718698501587,0.8134626746177673
YBR167C,YHL040C,0,-1.1702795,0.10615384578704834,0.9640718698501587,0.8135626912117004
YPR138C,YCR054C,0,-1.1706271,0.10614218562841415,0.9640718698501587,0.8136627078056335
YOR215C,YMR080C,0,-1.170646,0.10613051801919937,0.9640718698501587,0.8137627243995667
YKL056C,YDR288W,0,-1.1708412,0.10611886531114578,0.9640718698501587,0.8138628005981445
YER061C,YGL255W,0,-1.171282,0.1061072051525116,0.9640718698501587,0.8139628171920776
YDR224C,YBR264C,0,-1.1715925,0.10609555244445801,0.9640718698501587,0.8140628337860107
YOR292C,YBR195C,0,-1.1716002,0.10608389973640442,0.9640718698501587,0.8141628503799438
YDR261C-D,YJL221C,0,-1.1719768,0.10607225447893143,0.9640718698501587,0.814262866973877
YKL109W,YNL035C,0,-1.1722171,0.10606060922145844,0.9640718698501587,0.8143628835678101
YBR120C,YHR013C,0,-1.1723042,0.10604896396398544,0.9640718698501587,0.8144629001617432
YOL145C,YLR164W,0,-1.1724036,0.10603731870651245,0.9640718698501587,0.8145629167556763
YLR309C,YGL201C,0,-1.1724479,0.10602568089962006,0.9640718698501587,0.8146629333496094
YMR128W,YDR191W,0,-1.1730638,0.10601405054330826,0.9640718698501587,0.8147629499435425
YJL138C,YDL084W,0,-1.1733282,0.10600241273641586,0.9640718698501587,0.8148629665374756
YKR056W,YPL128C,0,-1.1734416,0.10599078238010406,0.9640718698501587,0.8149629831314087
YLR369W,YIL131C,0,-1.174921,0.10597915202379227,0.9640718698501587,0.8150629997253418
YBR210W,YPR186C,0,-1.1750841,0.10596752911806107,0.9640718698501587,0.8151630163192749
YPL032C,YHR135C,1,-1.1751533,0.10606559365987778,0.9650698900222778,0.8151630163192749
YBR251W,YLR403W,0,-1.1753111,0.10605395585298538,0.9650698900222778,0.815263032913208
YIL066C,YJL087C,0,-1.1754944,0.10604232549667358,0.9650698900222778,0.8153630495071411
YIL016W,YGL065C,0,-1.1764543,0.10603070259094238,0.9650698900222778,0.8154630661010742
YNL256W,YDL065C,0,-1.1766438,0.10601907968521118,0.9650698900222778,0.8155631422996521
YPR082C,YHR050W,0,-1.1773947,0.10600745677947998,0.9650698900222778,0.8156631588935852
YNL335W,YOR233W,0,-1.178279,0.10599583387374878,0.9650698900222778,0.8157631754875183
YMR277W,YPL029W,0,-1.1784782,0.10598421841859818,0.9650698900222778,0.8158631920814514
YMR176W,YKL166C,0,-1.1790143,0.10597260296344757,0.9650698900222778,0.8159632086753845
YCL025C,YDR447C,0,-1.1792693,0.10596098750829697,0.9650698900222778,0.8160632252693176
YGR156W,YGR179C,0,-1.1797591,0.10594937950372696,0.9650698900222778,0.8161632418632507
YNL136W,YJL189W,0,-1.1805272,0.10593777149915695,0.9650698900222778,0.8162632584571838
YNR073C,YPR098C,0,-1.180741,0.10592617094516754,0.9650698900222778,0.8163632750511169
YBL066C,YOL138C,0,-1.1814196,0.10591457039117813,0.9650698900222778,0.81646329164505
YLR350W,YMR202W,0,-1.1821383,0.10590296983718872,0.9650698900222778,0.8165633082389832
YKR028W,YIR012W,0,-1.1821499,0.10589136928319931,0.9650698900222778,0.8166633248329163
YER146W,YBR179C,0,-1.1825464,0.1058797761797905,0.9650698900222778,0.8167633414268494
YDR363W,YPR083W,0,-1.1830978,0.10586818307638168,0.9650698900222778,0.8168633580207825
YML032C,YOR243C,0,-1.1831404,0.10585659742355347,0.9650698900222778,0.8169633746147156
YDR083W,YGR194C,0,-1.1835543,0.10584501177072525,0.9650698900222778,0.8170633912086487
YCL075W,YLR071C,0,-1.1835926,0.10583342611789703,0.9650698900222778,0.8171634078025818
YLR166C,YCL014W,0,-1.183663,0.10582184046506882,0.9650698900222778,0.8172634243965149
YOR022C,YPL029W,0,-1.184338,0.1058102622628212,0.9650698900222778,0.8173635005950928
YBR012W-B,YPL257W-A,0,-1.1843438,0.10579868406057358,0.9650698900222778,0.8174635171890259
YDR279W,YNL014W,0,-1.1846235,0.10578711330890656,0.9650698900222778,0.817563533782959
YIR028W,YER056C-A,0,-1.1850674,0.10577554255723953,0.9650698900222778,0.8176635503768921
YPR171W,YGR198W,1,-1.1854793,0.10587334632873535,0.9660678505897522,0.8176635503768921
YAL042W,YGL035C,0,-1.1855304,0.10586176812648773,0.9660678505897522,0.8177635669708252
YFR055W,YFL034C-B,0,-1.1856484,0.10585018992424011,0.9660678505897522,0.8178635835647583
YPL026C,YLR404W,0,-1.1861874,0.10583861917257309,0.9660678505897522,0.8179636001586914
YNL152W,YFL034C-A,0,-1.186733,0.10582704842090607,0.9660678505897522,0.8180636167526245
YDL165W,YKR025W,0,-1.1867636,0.10581547766923904,0.9660678505897522,0.8181636333465576
YDR218C,YCR046C,0,-1.1868714,0.10580391436815262,0.9660678505897522,0.8182636499404907
YOR255W,YGR192C,0,-1.1875098,0.10579235106706619,0.9660678505897522,0.8183636665344238
YPL281C,YDL184C,0,-1.1875129,0.10578078776597977,0.9660678505897522,0.8184636831283569
YPR133W-A,YML085C,0,-1.1875994,0.10576923191547394,0.9660678505897522,0.81856369972229
YMR285C,YNL095C,0,-1.1877761,0.10575767606496811,0.9660678505897522,0.8186637163162231
YPL032C,YAR042W,1,-1.1879835,0.10585536062717438,0.9670658707618713,0.8186637163162231
YPL217C,YPL257W-A,0,-1.1882236,0.10584380477666855,0.9670658707618713,0.8187637329101562
YMR165C,YDL059C,0,-1.1884059,0.10583224147558212,0.9670658707618713,0.8188637495040894
YDR446W,YKL183W,0,-1.1884983,0.1058206856250763,0.9670658707618713,0.8189637660980225
YDL192W,YLR343W,0,-1.1884987,0.10580912977457047,0.9670658707618713,0.8190638422966003
YIL158W,YGL200C,0,-1.1886952,0.10579757392406464,0.9670658707618713,0.8191638588905334
YOR375C,YPL236C,0,-1.1889101,0.1057860255241394,0.9670658707618713,0.8192638754844666
YIR021W,YGL094C,0,-1.1892098,0.10577447712421417,0.9670658707618713,0.8193638920783997
YJR095W,YGL094C,0,-1.1895065,0.10576293617486954,0.9670658707618713,0.8194639086723328
YPL104W,YOR312C,0,-1.1898524,0.1057513877749443,0.9670658707618713,0.8195639252662659
YGL145W,YJR094W-A,0,-1.1901747,0.10573985427618027,0.9670658707618713,0.819663941860199
YMR121C,YJL047C,0,-1.1901882,0.10572831332683563,0.9670658707618713,0.8197639584541321
YMR199W,YBR195C,0,-1.1905104,0.1057167798280716,0.9670658707618713,0.8198639750480652
YPR125W,YLR467W,0,-1.1908597,0.10570524632930756,0.9670658707618713,0.8199639916419983
YHR143W-A,YOR215C,0,-1.1909223,0.10569372028112411,0.9670658707618713,0.8200640082359314
YML104C,YGR116W,0,-1.1917437,0.10568218678236008,0.9670658707618713,0.8201640248298645
YER004W,YOL110W,0,-1.1918583,0.10567066818475723,0.9670658707618713,0.8202640414237976
YCL036W,YOL003C,0,-1.1924477,0.10565914213657379,0.9670658707618713,0.8203640580177307
YLR153C,YLR201C,0,-1.1929386,0.10564762353897095,0.9670658707618713,0.8204640746116638
YJR029W,YNL146W,0,-1.1931264,0.1056361049413681,0.9670658707618713,0.8205640912055969
YML018C,YDR103W,0,-1.1932399,0.10562459379434586,0.9670658707618713,0.82066410779953
YDL200C,YER114C,0,-1.1934758,0.10561308264732361,0.9670658707618713,0.8207641243934631
YGL175C,YNL080C,0,-1.1935772,0.10560157150030136,0.9670658707618713,0.820864200592041
YKL210W,YDR324C,0,-1.1945455,0.10559006035327911,0.9670658707618713,0.8209642171859741
YNR040W,YOR206W,0,-1.1952542,0.10557855665683746,0.9670658707618713,0.8210642337799072
YDL132W,YBL088C,0,-1.195404,0.10556705296039581,0.9670658707618713,0.8211642503738403
YEL069C,YML025C,0,-1.1957077,0.10555555671453476,0.9670658707618713,0.8212642669677734
YOL110W,YIL072W,0,-1.1959283,0.1055440604686737,0.9670658707618713,0.8213642835617065
YOR278W,YDL136W,0,-1.196136,0.10553256422281265,0.9670658707618713,0.8214643001556396
YLR450W,YDL121C,0,-1.1962217,0.1055210679769516,0.9670658707618713,0.8215643167495728
YDL225W,YLR329W,0,-1.1964111,0.10550957918167114,0.9670658707618713,0.8216643333435059
YDR239C,YNL175C,0,-1.1970965,0.10549809783697128,0.9670658707618713,0.821764349937439
YPL095C,YBR253W,0,-1.1974452,0.10548660904169083,0.9670658707618713,0.8218643665313721
YDL174C,YBL092W,0,-1.1974595,0.10547512769699097,0.9670658707618713,0.8219643831253052
YNL091W,YGR027W-B,0,-1.1976719,0.10546364635229111,0.9670658707618713,0.8220643997192383
YOR311C,YDL153C,0,-1.1978408,0.10545217245817184,0.9670658707618713,0.8221644163131714
YDR058C,YJL177W,0,-1.1978972,0.10544069856405258,0.9670658707618713,0.8222644329071045
YMR014W,YER114C,0,-1.1991179,0.10542922466993332,0.9670658707618713,0.8223644495010376
YOL140W,YBR012W-B,0,-1.1997119,0.10541775822639465,0.9670658707618713,0.8224644660949707
YER118C,YKL020C,0,-1.1997218,0.10540628433227539,0.9670658707618713,0.8225645422935486
YOR151C,YMR005W,0,-1.2001512,0.10539482533931732,0.9670658707618713,0.8226645588874817
YKL116C,YGL244W,0,-1.2014298,0.10538335889577866,0.9670658707618713,0.8227645754814148
YKL163W,YLR307W,0,-1.201448,0.10537189990282059,0.9670658707618713,0.8228645920753479
YDR446W,YJR043C,0,-1.2014773,0.10536044090986252,0.9670658707618713,0.822964608669281
YKL096W,YLR287C-A,0,-1.2015268,0.10534898936748505,0.9670658707618713,0.8230646252632141
YPL236C,YOL124C,0,-1.2019062,0.10533753782510757,0.9670658707618713,0.8231646418571472
YDR457W,YPL068C,0,-1.2020069,0.1053260862827301,0.9670658707618713,0.8232646584510803
YOR224C,YFL053W,0,-1.2020996,0.10531464219093323,0.9670658707618713,0.8233646750450134
YGR065C,YMR016C,0,-1.2024539,0.10530319809913635,0.9670658707618713,0.8234646916389465
YDR527W,YER094C,0,-1.2024727,0.10529175400733948,0.9670658707618713,0.8235647082328796
YDL207W,YDL043C,0,-1.2031734,0.1052803099155426,0.9670658707618713,0.8236647248268127
YDR497C,YAL010C,0,-1.2034787,0.10526887327432632,0.9670658707618713,0.8237647414207458
YKL108W,YCR033W,0,-1.2035124,0.10525744408369064,0.9670658707618713,0.823864758014679
YDL058W,YGR116W,0,-1.2037464,0.10524600744247437,0.9670658707618713,0.8239647746086121
YGR027C,YOR329C,0,-1.2046858,0.10523457825183868,0.9670658707618713,0.8240647912025452
YML051W,YFL002W-A,0,-1.2047341,0.105223149061203,0.9670658707618713,0.8241648077964783
YOR127W,YCR060W,0,-1.205265,0.10521172732114792,0.9670658707618713,0.8242648243904114
YJR028W,YOR202W,0,-1.2056873,0.10520030558109283,0.9670658707618713,0.8243649005889893
YML039W,YIL143C,0,-1.2059125,0.10518888384103775,0.9670658707618713,0.8244649171829224
YKL073W,YDR116C,0,-1.2062688,0.10517746955156326,0.9670658707618713,0.8245649337768555
YNL275W,YDL028C,0,-1.2070264,0.10516605526208878,0.9670658707618713,0.8246649503707886
YLR353W,YGR027W-B,0,-1.2071545,0.10515464097261429,0.9670658707618713,0.8247649669647217
YKL064W,YER145C,0,-1.2071943,0.1051432266831398,0.9670658707618713,0.8248649835586548
YOR204W,YJR070C,0,-1.2072334,0.10513181984424591,0.9670658707618713,0.8249650001525879
YKL135C,YEL061C,0,-1.2072598,0.10512041300535202,0.9670658707618713,0.825065016746521
YGR096W,YML018C,0,-1.2078403,0.10510901361703873,0.9670658707618713,0.8251650333404541
YBR105C,YKR092C,0,-1.2078745,0.10509761422872543,0.9670658707618713,0.8252650499343872
YOR368W,YEL002C,0,-1.2079117,0.10508621484041214,0.9670658707618713,0.8253650665283203
YML099C,YPR060C,0,-1.208366,0.10507482290267944,0.9670658707618713,0.8254650831222534
YBR265W,YKL101W,0,-1.208404,0.10506343096494675,0.9670658707618713,0.8255650997161865
YNR012W,YER171W,0,-1.208456,0.10505203902721405,0.9670658707618713,0.8256651163101196
YLR431C,YDR033W,0,-1.2085333,0.10504064708948135,0.9670658707618713,0.8257651329040527
YLR342W,YKL152C,0,-1.2093476,0.10502926260232925,0.9670658707618713,0.8258651494979858
YIL048W,YNL297C,1,-1.2093878,0.1051262617111206,0.9680638909339905,0.8258651494979858
YIL073C,YJL148W,0,-1.2094781,0.10511486977338791,0.9680638909339905,0.825965166091919
YGL033W,YPL051W,0,-1.2102947,0.10510347783565521,0.9680638909339905,0.8260652422904968
YNL197C,YDL085W,0,-1.2105505,0.10509209334850311,0.9680638909339905,0.8261652588844299
YLR237W,YBR106W,0,-1.2109618,0.10508070886135101,0.9680638909339905,0.826265275478363
YHL012W,YBR196C,0,-1.2113922,0.10506932437419891,0.9680638909339905,0.8263652920722961
YLR340W,YIL006W,0,-1.2114515,0.10505794733762741,0.9680638909339905,0.8264653086662292
YPR101W,YJR099W,0,-1.2115855,0.10504657030105591,0.9680638909339905,0.8265653252601624
YJL118W,YEL041W,0,-1.2118711,0.1050351932644844,0.9680638909339905,0.8266653418540955
YCR034W,YEL030W,0,-1.2121019,0.1050238162279129,0.9680638909339905,0.8267653584480286
YHR191C,YGR113W,0,-1.2124076,0.105012446641922,0.9680638909339905,0.8268653750419617
YPL032C,YPL090C,0,-1.2124543,0.10500108450651169,0.9680638909339905,0.8269653916358948
YKL180W,YKR039W,0,-1.2124863,0.10498971492052078,0.9680638909339905,0.8270654082298279
YER014C-A,YHR134W,0,-1.2137159,0.10497835278511047,0.9680638909339905,0.827165424823761
YMR228W,YGL033W,0,-1.2152581,0.10496699810028076,0.9680638909339905,0.8272654414176941
YGR089W,YLR401C,0,-1.2156619,0.10495563596487045,0.9680638909339905,0.8273654580116272
YJL198W,YDL067C,0,-1.2157961,0.10494428128004074,0.9680638909339905,0.8274654746055603
YGL113W,YDL136W,0,-1.2158175,0.10493292659521103,0.9680638909339905,0.8275654911994934
YPL050C,YCR039C,0,-1.2158921,0.10492157936096191,0.9680638909339905,0.8276655077934265
YPL089C,YAL013W,0,-1.2160666,0.1049102321267128,0.9680638909339905,0.8277655243873596
YDR120C,YOR389W,0,-1.2162263,0.10489888489246368,0.9680638909339905,0.8278656005859375
YDR252W,YNR043W,0,-1.2164289,0.10488754510879517,0.9680638909339905,0.8279656171798706
YMR233W,YIL090W,0,-1.2164947,0.10487620532512665,0.9680638909339905,0.8280656337738037
YKL143W,YMR004W,0,-1.2168936,0.10486486554145813,0.9680638909339905,0.8281656503677368
YGR186W,YAR018C,0,-1.2172153,0.10485352575778961,0.9680638909339905,0.8282656669616699
YKR103W,YOR233W,0,-1.2178667,0.10484219342470169,0.9680638909339905,0.828365683555603
YDR225W,YDR210W,0,-1.2180656,0.10483086854219437,0.9680638909339905,0.8284657001495361
YDR173C,YNL254C,0,-1.2181792,0.10481953620910645,0.9680638909339905,0.8285657167434692
YOR150W,YER019C-A,0,-1.2190825,0.10480821132659912,0.9680638909339905,0.8286657333374023
YOR304C-A,YHR058C,0,-1.2195084,0.1047968864440918,0.9680638909339905,0.8287657499313354
YJR055W,YBR179C,0,-1.2195377,0.10478556901216507,0.9680638909339905,0.8288657665252686
YHR119W,YLR342W,0,-1.2198198,0.10477425158023834,0.9680638909339905,0.8289657831192017
YDR210W,YGR123C,0,-1.2199757,0.10476293414831161,0.9680638909339905,0.8290657997131348
YOL092W,YHR077C,0,-1.2201531,0.10475161671638489,0.9680638909339905,0.8291658163070679
YOL125W,YPL068C,0,-1.2207103,0.10474030673503876,0.9680638909339905,0.829265832901001
YPL086C,YMR301C,0,-1.220769,0.10472899675369263,0.9680638909339905,0.8293658494949341
YHR101C,YGR143W,0,-1.2216822,0.1047176942229271,0.9680638909339905,0.8294658660888672
YNL126W,YPL214C,0,-1.2220793,0.10470639169216156,0.9680638909339905,0.8295659422874451
YIL103W,YDL104C,0,-1.222395,0.10469508916139603,0.9680638909339905,0.8296659588813782
YNR016C,YLL042C,0,-1.2225755,0.1046837866306305,0.9680638909339905,0.8297659754753113
YKL156W,YCL031C,0,-1.223088,0.10467249155044556,0.9680638909339905,0.8298659920692444
YNL311C,YER183C,0,-1.2233032,0.10466119647026062,0.9680638909339905,0.8299660086631775
YNL273W,YLR393W,0,-1.22503,0.10464990884065628,0.9680638909339905,0.8300660252571106
YDR311W,YIL140W,0,-1.225105,0.10463862121105194,0.9680638909339905,0.8301660418510437
YKL183W,YPL066W,0,-1.2258307,0.1046273335814476,0.9680638909339905,0.8302660584449768
YER150W,YNR074C,0,-1.2261058,0.10461604595184326,0.9680638909339905,0.8303660750389099
YIL049W,YKR061W,0,-1.2261257,0.10460476577281952,0.9680638909339905,0.830466091632843
YJR025C,YGR058W,0,-1.2265373,0.10459348559379578,0.9680638909339905,0.8305661082267761
YNL257C,YBR088C,0,-1.2270032,0.10458221286535263,0.9680638909339905,0.8306661248207092
YKL180W,YDR107C,0,-1.2272284,0.10457093268632889,0.9680638909339905,0.8307661414146423
YBR084W,YMR056C,0,-1.2272904,0.10455966740846634,0.9680638909339905,0.8308661580085754
YJL100W,YDL085W,0,-1.2275033,0.1045483946800232,0.9680638909339905,0.8309661746025085
YPR102C,YBR139W,0,-1.2277724,0.10453712940216064,0.9680638909339905,0.8310661911964417
YJL122W,YML118W,0,-1.2278931,0.1045258641242981,0.9680638909339905,0.8311662077903748
YGL123W,YIR039C,0,-1.2281966,0.10451459884643555,0.9680638909339905,0.8312662243843079
YKL103C,YHL022C,0,-1.2298694,0.1045033410191536,0.9680638909339905,0.8313663005828857
YKR008W,YDL092W,0,-1.2299737,0.10449208319187164,0.9680638909339905,0.8314663171768188
YOR381W,YBR019C,0,-1.2311015,0.10448082536458969,0.9680638909339905,0.831566333770752
YML026C,YER130C,0,-1.2315096,0.10446957498788834,0.9680638909339905,0.8316663503646851
YHR152W,YMR315W,0,-1.2325389,0.10445832461118698,0.9680638909339905,0.8317663669586182
YMR176W,YDR314C,0,-1.2328873,0.10444707423448563,0.9680638909339905,0.8318663835525513
YOL124C,YDL239C,0,-1.2331666,0.10443583130836487,0.9680638909339905,0.8319664001464844
YIL109C,YKR044W,0,-1.2335982,0.10442458838224411,0.9680638909339905,0.8320664167404175
YDR172W,YBR033W,0,-1.2338345,0.10441334545612335,0.9680638909339905,0.8321664333343506
YPR163C,YIR017C,0,-1.2343615,0.10440210998058319,0.9680638909339905,0.8322664499282837
YHR039C,YJL029C,0,-1.2345493,0.10439087450504303,0.9680638909339905,0.8323664665222168
YIL170W,YOL002C,0,-1.2350954,0.10437963902950287,0.9680638909339905,0.8324664831161499
YMR176W,YMR088C,0,-1.2356328,0.1043684110045433,0.9680638909339905,0.832566499710083
YPR178W,YIL082W-A,0,-1.2360153,0.10435718297958374,0.9680638909339905,0.8326665163040161
YDL036C,YFL048C,0,-1.2365532,0.10434595495462418,0.9680638909339905,0.8327665328979492
YDR240C,YBR185C,0,-1.2369351,0.10433473438024521,0.9680638909339905,0.8328665494918823
YJL115W,YIL073C,0,-1.2371399,0.10432351380586624,0.9680638909339905,0.8329665660858154
YGR006W,YJL041W,0,-1.2375441,0.10431229323148727,0.9680638909339905,0.8330666422843933
YCL014W,YHR082C,0,-1.2378026,0.1043010726571083,0.9680638909339905,0.8331666588783264
YPR102C,YJL159W,0,-1.2381647,0.10428985953330994,0.9680638909339905,0.8332666754722595
YNL067W,YAR018C,0,-1.2382317,0.10427864640951157,0.9680638909339905,0.8333666920661926
YKL170W,YOR073W,0,-1.2382376,0.10426744073629379,0.9680638909339905,0.8334667086601257
YDL084W,YBL090W,0,-1.2384673,0.10425623506307602,0.9680638909339905,0.8335667252540588
YBR048W,YER162C,0,-1.2386948,0.10424502938985825,0.9680638909339905,0.8336667418479919
YLL062C,YLR355C,0,-1.2387733,0.10423383116722107,0.9680638909339905,0.833766758441925
YNL314W,YGL020C,0,-1.2391185,0.1042226254940033,0.9680638909339905,0.8338667750358582
YGR216C,YLR134W,0,-1.2409849,0.10421143472194672,0.9680638909339905,0.8339667916297913
YCR037C,YDR507C,0,-1.2410202,0.10420023649930954,0.9680638909339905,0.8340668082237244
YMR106C,YJR029W,0,-1.2412639,0.10418904572725296,0.9680638909339905,0.8341668248176575
YER161C,YER011W,0,-1.2412729,0.10417785495519638,0.9680638909339905,0.8342668414115906
YOR323C,YBR217W,0,-1.2413002,0.1041666641831398,0.9680638909339905,0.8343668580055237
YOL146W,YBL092W,0,-1.2413024,0.10415548086166382,0.9680638909339905,0.8344668745994568
YBR074W,YBL022C,0,-1.2419882,0.10414429754018784,0.9680638909339905,0.8345668911933899
YDR496C,YNL077W,0,-1.2425683,0.10413312166929245,0.9680638909339905,0.834666907787323
YDL122W,YPL038W,0,-1.2432857,0.10412193834781647,0.9680638909339905,0.8347669243812561
YCL063W,YPL024W,0,-1.2437437,0.10411076247692108,0.9680638909339905,0.834867000579834
YDR519W,YOR237W,0,-1.244795,0.10409959405660629,0.9680638909339905,0.8349670171737671
YJL159W,YLR129W,0,-1.2451026,0.10408841818571091,0.9680638909339905,0.8350670337677002
YOR382W,YIL158W,0,-1.2453151,0.10407724976539612,0.9680638909339905,0.8351670503616333
YER118C,YER111C,0,-1.2455571,0.10406608879566193,0.9680638909339905,0.8352670669555664
YKL061W,YBL004W,0,-1.2465881,0.10405492037534714,0.9680638909339905,0.8353670835494995
YGR203W,YOR214C,0,-1.2467518,0.10404375940561295,0.9680638909339905,0.8354671001434326
YJL095W,YLR204W,0,-1.2472713,0.10403260588645935,0.9680638909339905,0.8355671167373657
YMR290C,YOR126C,0,-1.2478677,0.10402144491672516,0.9680638909339905,0.8356671333312988
YNR016C,YIL110W,0,-1.248181,0.10401029139757156,0.9680638909339905,0.8357671499252319
YMR204C,YJR135C,0,-1.2485573,0.10399914532899857,0.9680638909339905,0.835867166519165
YPR082C,YNR011C,0,-1.2488602,0.10398799180984497,0.9680638909339905,0.8359671831130981
YDR032C,YDR529C,0,-1.2489758,0.10397684574127197,0.9680638909339905,0.8360671997070312
YGL206C,YOR181W,1,-1.2491636,0.10407288372516632,0.9690618515014648,0.8360671997070312
YCR066W,YGR090W,0,-1.2493579,0.10406173020601273,0.9690618515014648,0.8361672163009644
YOL045W,YFR031C,0,-1.2496887,0.10405057668685913,0.9690618515014648,0.8362672328948975
YIL172C,YKR026C,0,-1.2500086,0.10403943061828613,0.9690618515014648,0.8363672494888306
YJL136C,YHR002W,0,-1.2501385,0.10402828454971313,0.9690618515014648,0.8364672660827637
YOR190W,YOR340C,0,-1.2507787,0.10401713848114014,0.9690618515014648,0.8365673422813416
YDR429C,YKL206C,0,-1.2514318,0.10400599986314774,0.9690618515014648,0.8366673588752747
YFR055W,YDR044W,0,-1.2518928,0.10399486124515533,0.9690618515014648,0.8367673754692078
YNL021W,YLR197W,0,-1.2521577,0.10398372262716293,0.9690618515014648,0.8368673920631409
YDR363W-A,YGL220W,0,-1.2526642,0.10397259145975113,0.9690618515014648,0.836967408657074
YAR010C,YBL003C,0,-1.2527826,0.10396145284175873,0.9690618515014648,0.8370674252510071
YPL213W,YGR152C,0,-1.2532815,0.10395032912492752,0.9690618515014648,0.8371674418449402
YOR293W,YJR110W,0,-1.2533423,0.10393919795751572,0.9690618515014648,0.8372674584388733
YLR408C,YPL101W,0,-1.2533948,0.10392807424068451,0.9690618515014648,0.8373674750328064
YDR315C,YJL194W,0,-1.2539582,0.1039169505238533,0.9690618515014648,0.8374674916267395
YGR152C,YFR041C,0,-1.2539674,0.10390583425760269,0.9690618515014648,0.8375675082206726
YOR343W-B,YDL040C,0,-1.2542292,0.10389471799135208,0.9690618515014648,0.8376675248146057
YGR177C,YKL101W,0,-1.2546986,0.10388360172510147,0.9690618515014648,0.8377675414085388
YKR009C,YLR015W,0,-1.2548646,0.10387248545885086,0.9690618515014648,0.8378675580024719
YPL068C,YNL087W,0,-1.2552547,0.10386137664318085,0.9690618515014648,0.837967574596405
YHR089C,YLR429W,0,-1.2553811,0.10385026782751083,0.9690618515014648,0.8380675911903381
YNL210W,YHR065C,0,-1.2556152,0.10383915901184082,0.9690618515014648,0.8381676077842712
YJR105W,YJL103C,0,-1.255715,0.1038280576467514,0.9690618515014648,0.8382676243782043
YCR087C-A,YOR299W,0,-1.2558302,0.10381695628166199,0.9690618515014648,0.8383677005767822
YNL299W,YBR081C,0,-1.2558597,0.10380585491657257,0.9690618515014648,0.8384677171707153
YGL175C,YJR089W,0,-1.2560712,0.10379476100206375,0.9690618515014648,0.8385677337646484
YMR112C,YLR212C,0,-1.2562369,0.10378366708755493,0.9690618515014648,0.8386677503585815
YDR131C,YJR067C,0,-1.2562606,0.10377257317304611,0.9690618515014648,0.8387677669525146
YNL002C,YIR034C,0,-1.2566526,0.10376148670911789,0.9690618515014648,0.8388677835464478
YCL034W,YJR135W-A,0,-1.2571307,0.10375040024518967,0.9690618515014648,0.8389678001403809
YOR035C,YHR052W,0,-1.2580208,0.10373931378126144,0.9690618515014648,0.839067816734314
YLR009W,YMR047C,0,-1.2583945,0.10372823476791382,0.9690618515014648,0.8391678333282471
YDR351W,YDR191W,0,-1.2584893,0.10371715575456619,0.9690618515014648,0.8392678499221802
YOR374W,YIL079C,0,-1.2585448,0.10370607674121857,0.9690618515014648,0.8393678665161133
YGL232W,YLL051C,0,-1.2585578,0.10369500517845154,0.9690618515014648,0.8394678831100464
YPL104W,YIL172C,0,-1.2586212,0.10368392616510391,0.9690618515014648,0.8395678997039795
YBR120C,YJR068W,0,-1.2593355,0.10367286205291748,0.9690618515014648,0.8396679162979126
YKR105C,YOL119C,0,-1.2595937,0.10366179049015045,0.9690618515014648,0.8397679328918457
YDR363W,YNL227C,0,-1.2599428,0.10365072637796402,0.9690618515014648,0.8398679494857788
YLR035C-A,YNL236W,0,-1.259994,0.10363966226577759,0.9690618515014648,0.8399679660797119
YKR046C,YIL070C,0,-1.260217,0.10362860560417175,0.9690618515014648,0.8400680422782898
YOR313C,YJL172W,0,-1.2604802,0.10361754149198532,0.9690618515014648,0.8401680588722229
YOL141W,YOR214C,0,-1.2604988,0.10360648483037949,0.9690618515014648,0.840268075466156
YOL072W,YGR239C,0,-1.2606094,0.10359543561935425,0.9690618515014648,0.8403680920600891
YLL002W,YGR177C,0,-1.2606238,0.10358437895774841,0.9690618515014648,0.8404681086540222
YPL086C,YMR128W,0,-1.2613564,0.10357332974672318,0.9690618515014648,0.8405681252479553
YLR441C,YHL009C,0,-1.2613902,0.10356228798627853,0.9690618515014648,0.8406681418418884
YER096W,YIL155C,0,-1.2618295,0.1035512387752533,0.9690618515014648,0.8407681584358215
YOR141C,YKL186C,0,-1.261871,0.10354019701480865,0.9690618515014648,0.8408681750297546
YCL066W,YGL086W,0,-1.2618773,0.10352916270494461,0.9690618515014648,0.8409681916236877
YAR050W,YJL090C,0,-1.2631855,0.10351812094449997,0.9690618515014648,0.8410682082176208
YBL082C,YDR302W,0,-1.2637097,0.10350708663463593,0.9690618515014648,0.841168224811554
YOL027C,YHR013C,0,-1.2639257,0.10349605977535248,0.9690618515014648,0.8412682414054871
YPR191W,YGL201C,0,-1.2640493,0.10348502546548843,0.9690618515014648,0.8413682579994202
YDL042C,YPL055C,0,-1.2642462,0.10347399860620499,0.9690618515014648,0.8414682745933533
YOR116C,YPL032C,0,-1.2643272,0.10346297174692154,0.9690618515014648,0.8415682911872864
YPR171W,YCR028C,1,-1.2652907,0.1035584881901741,0.970059871673584,0.8415682911872864
YDR118W,YJL092W,0,-1.2653778,0.10354746133089066,0.970059871673584,0.8416683077812195
YHR039C,YDL170W,0,-1.2660431,0.10353642702102661,0.970059871673584,0.8417683243751526
YMR199W,YGL179C,0,-1.2660935,0.10352540016174316,0.970059871673584,0.8418684005737305
YHR117W,YHR183W,0,-1.2661471,0.10351437330245972,0.970059871673584,0.8419684171676636
YBR066C,YOR306C,0,-1.2665776,0.10350335389375687,0.970059871673584,0.8420684337615967
YNL163C,YLR240W,0,-1.2680993,0.10349233448505402,0.970059871673584,0.8421684503555298
YOR148C,YLL061W,0,-1.2682937,0.10348131507635117,0.970059871673584,0.8422684669494629
YDR447C,YHL016C,0,-1.2685413,0.10347030311822891,0.970059871673584,0.842368483543396
YGL133W,YGL022W,0,-1.2688804,0.10345928370952606,0.970059871673584,0.8424685001373291
YOL109W,YER019C-A,0,-1.2695568,0.1034482792019844,0.970059871673584,0.8425685167312622
YCL050C,YGL225W,0,-1.2696804,0.10343726724386215,0.970059871673584,0.8426685333251953
YJL014W,YLR107W,0,-1.27017,0.1034262627363205,0.970059871673584,0.8427685499191284
YFL002W-A,YHR069C,0,-1.2702175,0.10341525822877884,0.970059871673584,0.8428685665130615
YLR165C,YML066C,0,-1.2704338,0.10340425372123718,0.970059871673584,0.8429685831069946
YPR171W,YNL227C,1,-1.2709829,0.1034996286034584,0.9710578918457031,0.8429685831069946
YCR028C-A,YJL025W,0,-1.2726164,0.10348861664533615,0.9710578918457031,0.8430685997009277
YOL120C,YJL048C,0,-1.27276,0.1034776121377945,0.9710578918457031,0.8431686162948608
YLR401C,YJR028W,0,-1.2727783,0.10346660763025284,0.9710578918457031,0.843268632888794
YKL212W,YLR372W,0,-1.2727953,0.10345561057329178,0.9710578918457031,0.843368649482727
YPR162C,YLR221C,0,-1.2729975,0.10344461351633072,0.9710578918457031,0.8434686660766602
YPR009W,YKL221W,0,-1.2733903,0.10343361645936966,0.9710578918457031,0.843568742275238
YOR095C,YDL138W,0,-1.2737182,0.1034226194024086,0.9710578918457031,0.8436687588691711
YDR358W,YBR186W,0,-1.2738198,0.10341162979602814,0.9710578918457031,0.8437687754631042
YOR361C,YHR184W,0,-1.2742939,0.10340064018964767,0.9710578918457031,0.8438687920570374
YBL006C,YMR016C,0,-1.2743782,0.10338965058326721,0.9710578918457031,0.8439688086509705
YBL058W,YOR077W,0,-1.2744317,0.10337866842746735,0.9710578918457031,0.8440688252449036
YJR145C,YPL160W,0,-1.2744359,0.10336768627166748,0.9710578918457031,0.8441688418388367
YDR159W,YIL139C,0,-1.2745533,0.10335670411586761,0.9710578918457031,0.8442688584327698
YNL262W,YNL124W,0,-1.2750783,0.10334572196006775,0.9710578918457031,0.8443688750267029
YOR351C,YJR135C,0,-1.2753332,0.10333474725484848,0.9710578918457031,0.844468891620636
YGL236C,YPL032C,0,-1.2758051,0.10332377254962921,0.9710578918457031,0.8445689082145691
YIL093C,YKL116C,0,-1.2766229,0.10331280529499054,0.9710578918457031,0.8446689248085022
YKL213C,YOL127W,0,-1.2771385,0.10330183804035187,0.9710578918457031,0.8447689414024353
YDR460W,YOR283W,0,-1.2772876,0.1032908707857132,0.9710578918457031,0.8448689579963684
YHR031C,YPL112C,0,-1.2780192,0.10327990353107452,0.9710578918457031,0.8449689745903015
YDR315C,YGR162W,0,-1.2781273,0.10326894372701645,0.9710578918457031,0.8450689911842346
YDR322C-A,YLR446W,0,-1.2789712,0.10325798392295837,0.9710578918457031,0.8451690077781677
YIL103W,YMR077C,0,-1.2794695,0.1032470315694809,0.9710578918457031,0.8452690243721008
YMR075W,YPL237W,0,-1.2794883,0.10323607176542282,0.9710578918457031,0.8453691005706787
YJR092W,YMR267W,0,-1.2795281,0.10322511941194534,0.9710578918457031,0.8454691171646118
YBL113C,YGR188C,0,-1.2797178,0.10321417450904846,0.9710578918457031,0.8455691337585449
YMR295C,YLR268W,0,-1.2797675,0.10320322215557098,0.9710578918457031,0.845669150352478
YJL087C,YDR494W,0,-1.2801435,0.1031922772526741,0.9710578918457031,0.8457691669464111
YJR047C,YOL104C,0,-1.2803762,0.10318133980035782,0.9710578918457031,0.8458691835403442
YNR072W,YMR270C,0,-1.2810639,0.10317039489746094,0.9710578918457031,0.8459692001342773
YHR116W,YER101C,0,-1.2811582,0.10315945744514465,0.9710578918457031,0.8460692167282104
YDR534C,YMR202W,0,-1.2813617,0.10314851999282837,0.9710578918457031,0.8461692333221436
YOR368W,YIL091C,0,-1.2817345,0.10313758999109268,0.9710578918457031,0.8462692499160767
YJR028W,YDR470C,0,-1.2817757,0.1031266525387764,0.9710578918457031,0.8463692665100098
YEL042W,YLR309C,0,-1.2824085,0.10311572998762131,0.9710578918457031,0.8464692831039429
YNL254C,YEL061C,0,-1.2828624,0.10310479998588562,0.9710578918457031,0.846569299697876
YMR099C,YCR010C,0,-1.2845278,0.10309387743473053,0.9710578918457031,0.8466693162918091
YNL206C,YDR245W,0,-1.2845793,0.10308295488357544,0.9710578918457031,0.8467693328857422
YDL170W,YGR166W,0,-1.2851173,0.10307203233242035,0.9710578918457031,0.8468693494796753
YIL168W,YJL176C,0,-1.2858663,0.10306111723184586,0.9710578918457031,0.8469693660736084
YAR019C,YKL181W,0,-1.2869911,0.10305020213127136,0.9710578918457031,0.8470694422721863
YML080W,YCR093W,0,-1.2874849,0.10303928703069687,0.9710578918457031,0.8471694588661194
YNR044W,YHR184W,0,-1.2875836,0.10302837938070297,0.9710578918457031,0.8472694754600525
YLR071C,YPR190C,0,-1.2878046,0.10301747173070908,0.9710578918457031,0.8473694920539856
YGL122C,YDR414C,0,-1.2879496,0.10300656408071518,0.9710578918457031,0.8474695086479187
YML130C,YEL055C,0,-1.2880874,0.10299565643072128,0.9710578918457031,0.8475695252418518
YDL079C,YMR097C,0,-1.2882392,0.10298475623130798,0.9710578918457031,0.8476695418357849
YNL117W,YML052W,0,-1.2886745,0.10297385603189468,0.9710578918457031,0.847769558429718
YNL207W,YMR021C,0,-1.2888223,0.10296296328306198,0.9710578918457031,0.8478695750236511
YBL097W,YKR103W,0,-1.288941,0.10295207053422928,0.9710578918457031,0.8479695916175842
YOL021C,YBR009C,0,-1.2890065,0.10294117778539658,0.9710578918457031,0.8480696082115173
YOL065C,YBR156C,0,-1.2890117,0.10293028503656387,0.9710578918457031,0.8481696248054504
YNL175C,YAL020C,0,-1.290041,0.10291939973831177,0.9710578918457031,0.8482696413993835
YLR314C,YDR485C,0,-1.2902,0.10290851444005966,0.9710578918457031,0.8483696579933167
YGL054C,YHR056C,0,-1.2904425,0.10289762914180756,0.9710578918457031,0.8484696745872498
YKL089W,YKR026C,0,-1.2905037,0.10288675129413605,0.9710578918457031,0.8485696911811829
YDR224C,YNR049C,0,-1.2905548,0.10287587344646454,0.9710578918457031,0.848669707775116
YKL096W-A,YLR453C,0,-1.2914692,0.10286499559879303,0.9710578918457031,0.8487697243690491
YGL206C,YGR109W-B,0,-1.2916224,0.10285412520170212,0.9710578918457031,0.848869800567627
YNR072W,YHR147C,0,-1.2921774,0.1028432548046112,0.9710578918457031,0.8489698171615601
YML131W,YMR203W,0,-1.2942193,0.1028323844075203,0.9710578918457031,0.8490698337554932
YBL004W,YCR102C,0,-1.2947052,0.10282151401042938,0.9710578918457031,0.8491698503494263
YJR155W,YPL128C,0,-1.2947547,0.10281065106391907,0.9710578918457031,0.8492698669433594
YGR169C,YMR127C,0,-1.294965,0.10279978811740875,0.9710578918457031,0.8493698835372925
YBR058C,YPL024W,0,-1.2954096,0.10278892517089844,0.9710578918457031,0.8494699001312256
YDR285W,YLR172C,0,-1.2955947,0.10277806967496872,0.9710578918457031,0.8495699167251587
YGR292W,YCL066W,0,-1.2957464,0.102767214179039,0.9710578918457031,0.8496699333190918
YJL153C,YGL021W,0,-1.2979426,0.10275636613368988,0.9710578918457031,0.8497699499130249
YPL242C,YDR221W,0,-1.2982731,0.10274551063776016,0.9710578918457031,0.849869966506958
YJR129C,YDL067C,0,-1.2984254,0.10273466259241104,0.9710578918457031,0.8499699831008911
YDR322C-A,YGL099W,0,-1.2987041,0.10272381454706192,0.9710578918457031,0.8500699996948242
YDL227C,YPR083W,0,-1.2991914,0.1027129739522934,0.9710578918457031,0.8501700162887573
YLL042C,YBR061C,0,-1.2994175,0.10270213335752487,0.9710578918457031,0.8502700328826904
YOR369C,YER130C,0,-1.2994887,0.10269129276275635,0.9710578918457031,0.8503700494766235
YCL025C,YNL307C,0,-1.2996258,0.10268045216798782,0.9710578918457031,0.8504700660705566
YGR198W,YIL061C,0,-1.3002084,0.1026696190237999,0.9710578918457031,0.8505701422691345
YDL229W,YDR481C,0,-1.3015933,0.10265878587961197,0.9710578918457031,0.8506701588630676
YJR155W,YER117W,0,-1.3016325,0.10264796018600464,0.9710578918457031,0.8507701754570007
YOL039W,YPL121C,0,-1.3026038,0.10263713449239731,0.9710578918457031,0.8508701920509338
YIL039W,YJR138W,0,-1.3027954,0.10262630879878998,0.9710578918457031,0.8509702086448669
YDL148C,YJL006C,0,-1.3033288,0.10261548310518265,0.9710578918457031,0.8510702252388
YOL007C,YCL019W,0,-1.3034029,0.10260465741157532,0.9710578918457031,0.8511702418327332
YKL156W,YBR129C,0,-1.3036397,0.10259383916854858,0.9710578918457031,0.8512702584266663
YNL053W,YOL142W,0,-1.3043872,0.10258302837610245,0.9710578918457031,0.8513702750205994
YHR010W,YOR092W,0,-1.3043991,0.10257221013307571,0.9710578918457031,0.8514702916145325
YHR153C,YOR180C,0,-1.305217,0.10256139934062958,0.9710578918457031,0.8515703082084656
YOR371C,YLL005C,0,-1.3054949,0.10255058854818344,0.9710578918457031,0.8516703248023987
YHR141C,YKL086W,0,-1.3059168,0.1025397852063179,0.9710578918457031,0.8517703413963318
YOL156W,YLR187W,0,-1.306567,0.10252897441387177,0.9710578918457031,0.8518703579902649
YML088W,YOR144C,0,-1.307178,0.10251817852258682,0.9710578918457031,0.851970374584198
YJR026W,YGL163C,0,-1.3071986,0.10250737518072128,0.9710578918457031,0.8520703911781311
YML026C,YDR208W,0,-1.3072335,0.10249657928943634,0.9710578918457031,0.8521704077720642
YBR145W,YKL188C,0,-1.3072621,0.1024857833981514,0.9710578918457031,0.8522704243659973
YLR274W,YDR198C,0,-1.3077841,0.10247498750686646,0.9710578918457031,0.8523705005645752
YAL039C,YEL041W,0,-1.3077921,0.10246419906616211,0.9710578918457031,0.8524705171585083
YKL135C,YGR280C,0,-1.307988,0.10245340317487717,0.9710578918457031,0.8525705337524414
YPR022C,YDL136W,0,-1.3083246,0.10244262218475342,0.9710578918457031,0.8526705503463745
YKL108W,YFR036W,0,-1.3096204,0.10243183374404907,0.9710578918457031,0.8527705669403076
YDR156W,YGL153W,0,-1.3107128,0.10242105275392532,0.9710578918457031,0.8528705835342407
YLL035W,YGL178W,0,-1.3112402,0.10241027176380157,0.9710578918457031,0.8529706001281738
YOR100C,YDR472W,0,-1.3114316,0.10239949822425842,0.9710578918457031,0.8530706167221069
YBL066C,YGL106W,0,-1.3124284,0.10238871723413467,0.9710578918457031,0.85317063331604
YNL002C,YJR155W,0,-1.3138855,0.10237794369459152,0.9710578918457031,0.8532706499099731
YML129C,YGR249W,0,-1.3142333,0.10236717760562897,0.9710578918457031,0.8533706665039062
YMR218C,YDL077C,0,-1.3143513,0.10235640406608582,0.9710578918457031,0.8534706830978394
YMR024W,YOR388C,0,-1.3144425,0.10234563797712326,0.9710578918457031,0.8535706996917725
YGL255W,YMR304W,0,-1.3145467,0.1023348793387413,0.9710578918457031,0.8536707162857056
YFL022C,YLR134W,0,-1.3180466,0.10232411324977875,0.9710578918457031,0.8537707328796387
YKL108W,YEL053C,0,-1.3182684,0.10231335461139679,0.9710578918457031,0.8538707494735718
YGL205W,YBR289W,0,-1.3183625,0.10230259597301483,0.9710578918457031,0.8539707660675049
YER138C,YJR005W,0,-1.3192377,0.10229184478521347,0.9710578918457031,0.8540708422660828
YBR282W,YLR014C,0,-1.3199672,0.10228108614683151,0.9710578918457031,0.8541708588600159
YNL300W,YDR316W,0,-1.3207562,0.10227033495903015,0.9710578918457031,0.854270875453949
YLR127C,YNL124W,0,-1.3209689,0.10225959122180939,0.9710578918457031,0.8543708920478821
YDL066W,YLR371W,0,-1.3211617,0.10224884748458862,0.9710578918457031,0.8544709086418152
YJL194W,YNR013C,0,-1.3219988,0.10223810374736786,0.9710578918457031,0.8545709252357483
YDR225W,YPL007C,0,-1.3228054,0.1022273600101471,0.9710578918457031,0.8546709418296814
YOR147W,YNL232W,0,-1.3230618,0.10221661627292633,0.9710578918457031,0.8547709584236145
YOR310C,YGR207C,0,-1.3231145,0.10220587998628616,0.9710578918457031,0.8548709750175476
YHR101C,YEL061C,0,-1.3234417,0.10219515115022659,0.9710578918457031,0.8549709916114807
YBR228W,YNR015W,0,-1.3236256,0.10218441486358643,0.9710578918457031,0.8550710082054138
YOR243C,YDR074W,0,-1.3240635,0.10217368602752686,0.9710578918457031,0.8551710247993469
YJL062W,YDL077C,0,-1.3242689,0.10216295719146729,0.9710578918457031,0.85527104139328
YNL093W,YML052W,1,-1.3249851,0.10225721448659897,0.9720559120178223,0.85527104139328
YJR010C-A,YLR396C,0,-1.3256387,0.1022464856505394,0.9720559120178223,0.8553710579872131
YNL147W,YML010W,0,-1.3267598,0.10223574936389923,0.9720559120178223,0.8554710745811462
YBL097W,YHL047C,0,-1.3268611,0.10222502052783966,0.9720559120178223,0.8555710911750793
YGR163W,YDR121W,0,-1.3271365,0.10221429169178009,0.9720559120178223,0.8556711077690125
YBL004W,YDR404C,0,-1.3283517,0.10220357030630112,0.9720559120178223,0.8557711839675903
YOR378W,YDR248C,0,-1.329562,0.10219284147024155,0.9720559120178223,0.8558712005615234
YGR052W,YHR105W,0,-1.329677,0.10218212008476257,0.9720559120178223,0.8559712171554565
YML106W,YHL034C,0,-1.3299396,0.1021714061498642,0.9720559120178223,0.8560712337493896
YOR327C,YML052W,1,-1.3320858,0.10226557403802872,0.9730538725852966,0.8560712337493896
YLR172C,YGR012W,0,-1.3328145,0.10225485265254974,0.9730538725852966,0.8561712503433228
YKL178C,YGR090W,0,-1.333654,0.10224412381649017,0.9730538725852966,0.8562712669372559
YPL143W,YMR083W,0,-1.3337657,0.1022334098815918,0.9730538725852966,0.856371283531189
YLR056W,YOR089C,1,-1.3355882,0.10232753306627274,0.9740518927574158,0.856371283531189
YGR271W,YLL055W,0,-1.3359878,0.10231680423021317,0.9740518927574158,0.8564713001251221
YBR041W,YGR049W,0,-1.3363736,0.10230608284473419,0.9740518927574158,0.8565713167190552
YOR089C,YOR237W,1,-1.3365649,0.10240016877651215,0.9750499129295349,0.8565713167190552
YER068W,YMR266W,0,-1.3379879,0.10238943248987198,0.9750499129295349,0.8566713333129883
YDR373W,YER184C,0,-1.3385592,0.10237870365381241,0.9750499129295349,0.8567713499069214
YMR186W,YJL192C,0,-1.3395488,0.10236798226833344,0.9750499129295349,0.8568713665008545
YDR368W,YBR223C,0,-1.3396496,0.10235725343227386,0.9750499129295349,0.8569713830947876
YNR057C,YKL178C,0,-1.3400085,0.10234653204679489,0.9750499129295349,0.8570713996887207
YHR021C,YDR285W,0,-1.3412422,0.10233581066131592,0.9750499129295349,0.8571714162826538
YIL132C,YJL148W,0,-1.3422775,0.10232509672641754,0.9750499129295349,0.8572714328765869
YDR240C,YLR154C,0,-1.3433292,0.10231437534093857,0.9750499129295349,0.85737144947052
YNL039W,YPL231W,0,-1.3435421,0.10230366140604019,0.9750499129295349,0.8574714660644531
YKL144C,YDR362C,0,-1.3440962,0.10229295492172241,0.9750499129295349,0.857571542263031
YLL027W,YGL166W,0,-1.344579,0.10228224098682404,0.9750499129295349,0.8576715588569641
YPR111W,YLR430W,0,-1.3446763,0.10227153450250626,0.9750499129295349,0.8577715754508972
YDR171W,YJL109C,0,-1.3447185,0.10226083546876907,0.9750499129295349,0.8578715920448303
YJL115W,YGR034W,0,-1.3449072,0.1022501289844513,0.9750499129295349,0.8579716086387634
YJL207C,YDR267C,0,-1.3457141,0.10223942995071411,0.9750499129295349,0.8580716252326965
YKL108W,YOL124C,0,-1.3460052,0.10222873091697693,0.9750499129295349,0.8581716418266296
YMR030W,YER029C,0,-1.3464813,0.10221803933382034,0.9750499129295349,0.8582716584205627
YNL083W,YPL211W,0,-1.3470967,0.10220734030008316,0.9750499129295349,0.8583716750144958
YIL171W,YDL092W,0,-1.3477297,0.10219665616750717,0.9750499129295349,0.858471691608429
YLR048W,YKL018W,0,-1.3478551,0.10218596458435059,0.9750499129295349,0.8585717082023621
YJL125C,YIL155C,0,-1.3479576,0.1021752804517746,0.9750499129295349,0.8586717247962952
YIL155C,YJR032W,0,-1.3479824,0.10216459631919861,0.9750499129295349,0.8587717413902283
YGL175C,YER065C,0,-1.3482951,0.10215391218662262,0.9750499129295349,0.8588717579841614
YDL191W,YDR296W,0,-1.3492103,0.10214322805404663,0.9750499129295349,0.8589717745780945
YCR043C,YAR002C-A,0,-1.3497634,0.10213255137205124,0.9750499129295349,0.8590717911720276
YBR057C,YDL213C,0,-1.3500024,0.10212187469005585,0.9750499129295349,0.8591718077659607
YHR052W,YLR164W,0,-1.3500041,0.10211120545864105,0.9750499129295349,0.8592718839645386
YLR449W,YGL141W,0,-1.3517182,0.10210053622722626,0.9750499129295349,0.8593719005584717
YHR030C,YOR063W,0,-1.3520398,0.10208986699581146,0.9750499129295349,0.8594719171524048
YMR292W,YDR523C,0,-1.3528662,0.10207919776439667,0.9750499129295349,0.8595719337463379
YOL010W,YKL164C,0,-1.3531613,0.10206853598356247,0.9750499129295349,0.859671950340271
YPR163C,YGL173C,0,-1.3533599,0.10205787420272827,0.9750499129295349,0.8597719669342041
YMR229C,YPR001W,0,-1.3535199,0.10204721242189407,0.9750499129295349,0.8598719835281372
YDR368W,YOL124C,0,-1.3537843,0.10203655064105988,0.9750499129295349,0.8599720001220703
YPL131W,YGR207C,0,-1.3540632,0.10202589631080627,0.9750499129295349,0.8600720167160034
YGR220C,YBR122C,0,-1.3542697,0.10201524198055267,0.9750499129295349,0.8601720333099365
YOL041C,YMR186W,0,-1.3549707,0.10200459510087967,0.9750499129295349,0.8602720499038696
YJL072C,YNL186W,0,-1.3554554,0.10199394822120667,0.9750499129295349,0.8603720664978027
YKL171W,YIL133C,0,-1.3555641,0.10198330134153366,0.9750499129295349,0.8604720830917358
YBL085W,YML104C,0,-1.356579,0.10197265446186066,0.9750499129295349,0.860572099685669
YMR216C,YLL008W,0,-1.3566494,0.10196201503276825,0.9750499129295349,0.860672116279602
YHR019C,YHL007C,0,-1.3573191,0.10195137560367584,0.9750499129295349,0.8607721328735352
YLR145W,YCL019W,0,-1.3582116,0.10194073617458344,0.9750499129295349,0.8608721494674683
YJR094W-A,YHL024W,0,-1.3582897,0.10193009674549103,0.9750499129295349,0.8609721660614014
YDR465C,YOL043C,0,-1.3583941,0.10191946476697922,0.9750499129295349,0.8610722422599792
YDR362C,YKR094C,0,-1.3590243,0.10190883278846741,0.9750499129295349,0.8611722588539124
YLR439W,YPR052C,0,-1.359256,0.1018982082605362,0.9750499129295349,0.8612722754478455
YLR265C,YGL168W,0,-1.3593171,0.10188757628202438,0.9750499129295349,0.8613722920417786
YNL126W,YKR014C,0,-1.3601732,0.10187695175409317,0.9750499129295349,0.8614723086357117
YMR127C,YMR182C,0,-1.3601986,0.10186633467674255,0.9750499129295349,0.8615723252296448
YJL118W,YJL137C,0,-1.361337,0.10185571014881134,0.9750499129295349,0.8616723418235779
YPL217C,YHR115C,0,-1.3614821,0.10184509307146072,0.9750499129295349,0.861772358417511
YKR035W-A,YBR095C,0,-1.3630904,0.1018344834446907,0.9750499129295349,0.8618723750114441
YPR083W,YNL182C,0,-1.3632698,0.10182386636734009,0.9750499129295349,0.8619723916053772
YNL002C,YPL144W,0,-1.3641628,0.10181325674057007,0.9750499129295349,0.8620724081993103
YBR239C,YML032C,0,-1.3642023,0.10180264711380005,0.9750499129295349,0.8621724247932434
YJL207C,YNL301C,0,-1.3643783,0.10179203748703003,0.9750499129295349,0.8622724413871765
YOR168W,YBL105C,0,-1.365279,0.1017814353108406,0.9750499129295349,0.8623724579811096
YDR044W,YDR444W,0,-1.365722,0.10177083313465118,0.9750499129295349,0.8624724745750427
YDR490C,YLR056W,1,-1.366363,0.10186439007520676,0.976047933101654,0.8624724745750427
YER070W,YMR194W,0,-1.3665221,0.10185378044843674,0.976047933101654,0.8625724911689758
YGL185C,YDR450W,0,-1.36675,0.10184317082166672,0.976047933101654,0.8626725077629089
YBR020W,YNL273W,0,-1.3672873,0.1018325686454773,0.976047933101654,0.8627725839614868
YDR245W,YGR096W,0,-1.367323,0.10182196646928787,0.976047933101654,0.8628726005554199
YKR014C,YNL227C,1,-1.3675591,0.10191547125577927,0.9770458936691284,0.8628726005554199
YDR139C,YBL034C,0,-1.3693452,0.10190486162900925,0.9770458936691284,0.862972617149353
YGR200C,YMR065W,0,-1.3695674,0.10189425200223923,0.9770458936691284,0.8630726337432861
YJL138C,YPL033C,0,-1.3697712,0.1018836498260498,0.9770458936691284,0.8631726503372192
YMR128W,YPL128C,0,-1.3704829,0.10187304764986038,0.9770458936691284,0.8632726669311523
YBR001C,YBR156C,0,-1.371088,0.10186245292425156,0.9770458936691284,0.8633726835250854
YHR076W,YIL051C,0,-1.3716518,0.10185185074806213,0.9770458936691284,0.8634727001190186
YDL133C-A,YOL070C,0,-1.3720555,0.10184125602245331,0.9770458936691284,0.8635727167129517
YMR193W,YDR536W,0,-1.3721976,0.10183066129684448,0.9770458936691284,0.8636727333068848
YDR429C,YDR090C,0,-1.3735468,0.10182007402181625,0.9770458936691284,0.8637727499008179
YLR216C,YGL103W,0,-1.3740723,0.10180948674678802,0.9770458936691284,0.863872766494751
YOR210W,YDL137W,0,-1.3745608,0.1017988994717598,0.9770458936691284,0.8639727830886841
YNL080C,YBR031W,0,-1.3746234,0.10178831219673157,0.9770458936691284,0.8640727996826172
YCL031C,YPL158C,0,-1.3754648,0.10177773237228394,0.9770458936691284,0.8641728162765503
YGL156W,YNL306W,0,-1.3758628,0.1017671525478363,0.9770458936691284,0.8642728328704834
YLR467W,YIL162W,0,-1.3759892,0.10175657272338867,0.9770458936691284,0.8643728494644165
YGR008C,YDR497C,0,-1.3762566,0.10174600034952164,0.9770458936691284,0.8644728660583496
YGR101W,YPR113W,0,-1.3766084,0.1017354279756546,0.9770458936691284,0.8645729422569275
YPR168W,YGL106W,0,-1.3766977,0.10172485560178757,0.9770458936691284,0.8646729588508606
YDR228C,YOR071C,0,-1.376994,0.10171428322792053,0.9770458936691284,0.8647729754447937
YNL272C,YDR523C,0,-1.3782451,0.1017037183046341,0.9770458936691284,0.8648729920387268
YDR496C,YJL134W,0,-1.3784913,0.10169315338134766,0.9770458936691284,0.8649730086326599
YHR168W,YJR143C,0,-1.3794154,0.10168259590864182,0.9770458936691284,0.865073025226593
YDR351W,YDR060W,0,-1.3794405,0.10167203098535538,0.9770458936691284,0.8651730418205261
YDR485C,YPL037C,0,-1.3794903,0.10166147351264954,0.9770458936691284,0.8652730584144592
YLR233C,YGL106W,0,-1.3795357,0.1016509160399437,0.9770458936691284,0.8653730750083923
YML008C,YPR144C,0,-1.3813373,0.10164036601781845,0.9770458936691284,0.8654730916023254
YGR001C,YGR109W-B,0,-1.3815794,0.1016298159956932,0.9770458936691284,0.8655731081962585
YJL153C,YJL103C,0,-1.381652,0.10161926597356796,0.9770458936691284,0.8656731247901917
YMR045C,YNR073C,0,-1.3825215,0.10160871595144272,0.9770458936691284,0.8657731413841248
YNL135C,YPL281C,0,-1.3825635,0.10159817337989807,0.9770458936691284,0.8658731579780579
YBR135W,YBR289W,0,-1.3825743,0.10158763080835342,0.9770458936691284,0.865973174571991
YOR293W,YOR071C,0,-1.3826882,0.10157708823680878,0.9770458936691284,0.8660731911659241
YKL082C,YNL306W,0,-1.3839159,0.10156655311584473,0.9770458936691284,0.8661732077598572
YER190W,YDR088C,0,-1.3846055,0.10155601799488068,0.9770458936691284,0.8662732839584351
YPR005C,YDR339C,0,-1.3849211,0.10154548287391663,0.9770458936691284,0.8663733005523682
YHR081W,YJR051W,0,-1.3851207,0.10153494775295258,0.9770458936691284,0.8664733171463013
YCL057C-A,YMR071C,0,-1.3853106,0.10152442008256912,0.9770458936691284,0.8665733337402344
YKL146W,YGR081C,0,-1.3861707,0.10151389241218567,0.9770458936691284,0.8666733503341675
YDR082W,YBL052C,0,-1.3868141,0.10150337219238281,0.9770458936691284,0.8667733669281006
YLR056W,YGR241C,1,-1.3870369,0.10159651935100555,0.9780439138412476,0.8667733669281006
YOR147W,YGR252W,0,-1.3871187,0.1015859842300415,0.9780439138412476,0.8668733835220337
YNL119W,YOR077W,0,-1.3873987,0.10157545655965805,0.9780439138412476,0.8669734001159668
YER137C,YOR058C,0,-1.387855,0.1015649288892746,0.9780439138412476,0.8670734167098999
YIL016W,YNR022C,0,-1.3884363,0.10155440121889114,0.9780439138412476,0.867173433303833
YOR269W,YNL232W,0,-1.3892506,0.10154388099908829,0.9780439138412476,0.8672734498977661
YJL200C,YLR029C,0,-1.3892549,0.10153336077928543,0.9780439138412476,0.8673734664916992
YHR164C,YNL075W,0,-1.3892912,0.10152284055948257,0.9780439138412476,0.8674734830856323
YBR118W,YOR098C,0,-1.3908088,0.10151232779026031,0.9780439138412476,0.8675734996795654
YIL122W,YFR037C,0,-1.3915174,0.10150181502103806,0.9780439138412476,0.8676735162734985
YPL086C,YFL045C,0,-1.3931978,0.1014913022518158,0.9780439138412476,0.8677735328674316
YKL011C,YCR010C,0,-1.3934075,0.10148078948259354,0.9780439138412476,0.8678735494613647
YMR218C,YDL201W,0,-1.3935356,0.10147028416395187,0.9780439138412476,0.8679735660552979
YOR094W,YMR287C,0,-1.3936197,0.10145977884531021,0.9780439138412476,0.8680736422538757
YBR265W,YLR305C,0,-1.3939217,0.10144927352666855,0.9780439138412476,0.8681736588478088
YOR229W,YLR026C,0,-1.3951592,0.10143877565860748,0.9780439138412476,0.8682736754417419
YNL032W,YNL227C,1,-1.395613,0.10153177380561829,0.9790419340133667,0.8682736754417419
YKL089W,YKL113C,0,-1.3958435,0.10152126848697662,0.9790419340133667,0.868373692035675
YMR266W,YGL043W,0,-1.3965868,0.10151076316833496,0.9790419340133667,0.8684737086296082
YER180C,YCL014W,0,-1.3972297,0.1015002578496933,0.9790419340133667,0.8685737252235413
YLR285W,YIR021W,0,-1.3972417,0.10148975998163223,0.9790419340133667,0.8686737418174744
YNR075W,YAL029C,0,-1.3978212,0.10147926211357117,0.9790419340133667,0.8687737584114075
YFL050C,YLR100W,0,-1.3982596,0.1014687642455101,0.9790419340133667,0.8688737750053406
YAR050W,YBL090W,0,-1.3985614,0.10145826637744904,0.9790419340133667,0.8689737915992737
YGR220C,YEL009C,0,-1.3989336,0.10144777595996857,0.9790419340133667,0.8690738081932068
YJL046W,YKL183W,0,-1.3991728,0.1014372855424881,0.9790419340133667,0.8691738247871399
YMR199W,YOR003W,0,-1.399205,0.10142680257558823,0.9790419340133667,0.869273841381073
YPR082C,YMR276W,0,-1.3992091,0.10141631215810776,0.9790419340133667,0.8693738579750061
YPL032C,YLR342W,1,-1.39927,0.1015091985464096,0.9800398945808411,0.8693738579750061
YLL042C,YPR102C,0,-1.3993008,0.10149870812892914,0.9800398945808411,0.8694738745689392
YER114C,YNL147W,0,-1.3998297,0.10148821771144867,0.9800398945808411,0.8695738911628723
YKL222C,YDL208W,0,-1.4000204,0.1014777272939682,0.9800398945808411,0.8696739077568054
YOL120C,YMR087W,0,-1.4000224,0.10146724432706833,0.9800398945808411,0.8697739839553833
YFL003C,YOL133W,0,-1.400074,0.10145676136016846,0.9800398945808411,0.8698740005493164
YHR186C,YFR032C-A,0,-1.4005569,0.10144627839326859,0.9800398945808411,0.8699740171432495
YOL124C,YMR004W,0,-1.4011028,0.10143580287694931,0.9800398945808411,0.8700740337371826
YLR154C,YPR052C,0,-1.4013226,0.10142532736063004,0.9800398945808411,0.8701740503311157
YMR154C,YPL172C,0,-1.402389,0.10141485184431076,0.9800398945808411,0.8702740669250488
YGR177C,YGR077C,0,-1.4024404,0.10140437632799149,0.9800398945808411,0.8703740835189819
YLR221C,YPR056W,0,-1.4041669,0.10139390826225281,0.9800398945808411,0.870474100112915
YCL074W,YJR086W,0,-1.404244,0.10138344019651413,0.9800398945808411,0.8705741167068481
YBR058C-A,YGL031C,0,-1.4044299,0.10137297213077545,0.9800398945808411,0.8706741333007812
YKL089W,YOR346W,0,-1.404771,0.10136251151561737,0.9800398945808411,0.8707741498947144
YGL100W,YPL237W,0,-1.4049487,0.10135205090045929,0.9800398945808411,0.8708741664886475
YPR072W,YNL030W,0,-1.4049579,0.10134159028530121,0.9800398945808411,0.8709741830825806
YGR049W,YDL044C,0,-1.4054537,0.10133112967014313,0.9800398945808411,0.8710741996765137
YHR070W,YDR494W,0,-1.4065382,0.10132067650556564,0.9800398945808411,0.8711742162704468
YDR082W,YEL040W,0,-1.4066781,0.10131022334098816,0.9800398945808411,0.8712742328643799
YJR145C,YPL232W,0,-1.4073131,0.10129977017641068,0.9800398945808411,0.871374249458313
YLR274W,YHR039C-A,0,-1.4079306,0.10128932446241379,0.9800398945808411,0.8714742660522461
YIL009C-A,YDL231C,0,-1.408175,0.1012788787484169,0.9800398945808411,0.871574342250824
YNR045W,YLR398C,0,-1.4088659,0.10126843303442001,0.9800398945808411,0.8716743588447571
YKL017C,YKL108W,0,-1.409235,0.10125799477100372,0.9800398945808411,0.8717743754386902
YNL270C,YHL008C,0,-1.4094315,0.10124754905700684,0.9800398945808411,0.8718743920326233
YGL022W,YOL056W,0,-1.4094677,0.10123711079359055,0.9800398945808411,0.8719744086265564
YKR060W,YJL030W,0,-1.4096968,0.10122667998075485,0.9800398945808411,0.8720744252204895
YPL174C,YLR129W,0,-1.409791,0.10121624171733856,0.9800398945808411,0.8721744418144226
YPR201W,YDR115W,0,-1.4101756,0.10120581090450287,0.9800398945808411,0.8722744584083557
YDR032C,YJR133W,0,-1.4107115,0.10119538009166718,0.9800398945808411,0.8723744750022888
YBR182C,YPR104C,0,-1.4115336,0.10118495672941208,0.9800398945808411,0.8724744915962219
YMR167W,YDR034C,0,-1.4124694,0.10117453336715698,0.9800398945808411,0.872574508190155
YGL133W,YOL077C,0,-1.4134395,0.10116411000490189,0.9800398945808411,0.8726745247840881
YOR329C,YLR337C,1,-1.4141892,0.10125669836997986,0.9810379147529602,0.8726745247840881
YJL122W,YBR291C,0,-1.4165415,0.10124626755714417,0.9810379147529602,0.8727745413780212
YGR257C,YMR269W,0,-1.4168994,0.10123583674430847,0.9810379147529602,0.8728745579719543
YHR206W,YOR130C,0,-1.416966,0.10122541338205338,0.9810379147529602,0.8729745745658875
YER170W,YNL037C,0,-1.417304,0.10121499001979828,0.9810379147529602,0.8730745911598206
YPR070W,YBR019C,0,-1.4182187,0.10120457410812378,0.9810379147529602,0.8731746077537537
YHR065C,YLR452C,0,-1.4182539,0.10119415074586868,0.9810379147529602,0.8732746839523315
YLR009W,YBL061C,0,-1.4182982,0.10118373483419418,0.9810379147529602,0.8733747005462646
YER174C,YPL121C,0,-1.4213428,0.10117331892251968,0.9810379147529602,0.8734747171401978
YHR010W,YBR120C,0,-1.4215009,0.10116291046142578,0.9810379147529602,0.8735747337341309
YHR062C,YML091C,0,-1.4215838,0.10115250200033188,0.9810379147529602,0.873674750328064
YDR310C,YOL165C,0,-1.4229107,0.10114209353923798,0.9810379147529602,0.8737747669219971
YDL084W,YPR060C,0,-1.4236411,0.10113168507814407,0.9810379147529602,0.8738747835159302
YLR210W,YJR014W,0,-1.4237866,0.10112128406763077,0.9810379147529602,0.8739748001098633
YOL004W,YOR313C,0,-1.4238005,0.10111088305711746,0.9810379147529602,0.8740748167037964
YDR288W,YCR092C,0,-1.424558,0.10110048204660416,0.9810379147529602,0.8741748332977295
YLL038C,YDR191W,0,-1.4247655,0.10109008848667145,0.9810379147529602,0.8742748498916626
YDR018C,YNL302C,0,-1.4250604,0.10107969492673874,0.9810379147529602,0.8743748664855957
YDR346C,YML062C,0,-1.4254739,0.10106930136680603,0.9810379147529602,0.8744748830795288
YAL033W,YKL188C,0,-1.4256593,0.10105890780687332,0.9810379147529602,0.8745748996734619
YJR075W,YPL220W,0,-1.4259206,0.10104852169752121,0.9810379147529602,0.874674916267395
YPL022W,YHR153C,0,-1.4261078,0.1010381355881691,0.9810379147529602,0.8747749328613281
YDR240C,YFR028C,0,-1.42625,0.10102774947881699,0.9810379147529602,0.8748749494552612
YDR498C,YJL136C,0,-1.4266958,0.10101737082004547,0.9810379147529602,0.8749749660491943
YER164W,YIL157C,0,-1.4268284,0.10100698471069336,0.9810379147529602,0.8750750422477722
YGL135W,YMR004W,0,-1.4279343,0.10099660605192184,0.9810379147529602,0.8751750588417053
YGR195W,YPL121C,0,-1.4288976,0.10098623484373093,0.9810379147529602,0.8752750754356384
YDR052C,YER145C,0,-1.4291344,0.10097586363554001,0.9810379147529602,0.8753750920295715
YOR354C,YDL085W,0,-1.4294659,0.10096549242734909,0.9810379147529602,0.8754751086235046
YAL039C,YHR056C,0,-1.4305096,0.10095512121915817,0.9810379147529602,0.8755751252174377
YFL022C,YDR051C,0,-1.4306002,0.10094475001096725,0.9810379147529602,0.8756751418113708
YLR022C,YBR106W,0,-1.4307504,0.10093438625335693,0.9810379147529602,0.875775158405304
YPR118W,YDR222W,0,-1.4317292,0.10092402249574661,0.9810379147529602,0.8758751749992371
YCL055W,YDL208W,0,-1.4329488,0.10091366618871689,0.9810379147529602,0.8759751915931702
YMR295C,YJL200C,0,-1.4331281,0.10090330243110657,0.9810379147529602,0.8760752081871033
YPR019W,YCL074W,0,-1.4331422,0.10089294612407684,0.9810379147529602,0.8761752247810364
YMR236W,YKR038C,0,-1.433299,0.10088259726762772,0.9810379147529602,0.8762752413749695
YOL041C,YMR004W,0,-1.4339126,0.10087224096059799,0.9810379147529602,0.8763752579689026
YNL014W,YER117W,0,-1.4343156,0.10086189210414886,0.9810379147529602,0.8764752745628357
YOR130C,YNR026C,0,-1.4355203,0.10085154324769974,0.9810379147529602,0.8765752911567688
YKR102W,YGR112W,0,-1.4357102,0.10084120184183121,0.9810379147529602,0.8766753077507019
YBR216C,YGL097W,0,-1.4357514,0.10083085298538208,0.9810379147529602,0.8767753839492798
YMR266W,YGR288W,0,-1.4360578,0.10082051157951355,0.9810379147529602,0.8768754005432129
YEL054C,YLL054C,0,-1.4364456,0.10081017017364502,0.9810379147529602,0.876975417137146
YBR214W,YML052W,1,-1.4367819,0.10090237855911255,0.9820359349250793,0.876975417137146
YBR293W,YKL174C,0,-1.4372404,0.10089202970266342,0.9820359349250793,0.8770754337310791
YDL191W,YOL067C,0,-1.4372644,0.10088168829679489,0.9820359349250793,0.8771754503250122
YPL086C,YDL115C,0,-1.4373877,0.10087134689092636,0.9820359349250793,0.8772754669189453
YOR116C,YBL034C,0,-1.4378035,0.10086100548505783,0.9820359349250793,0.8773754835128784
YIL016W,YGR184C,0,-1.4391714,0.1008506715297699,0.9820359349250793,0.8774755001068115
YDR354W,YHR058C,0,-1.439456,0.10084033757448196,0.9820359349250793,0.8775755167007446
YDL075W,YBR227C,0,-1.439606,0.10083000361919403,0.9820359349250793,0.8776755332946777
YLR117C,YOR206W,0,-1.4396452,0.1008196696639061,0.9820359349250793,0.8777755498886108
YMR023C,YER104W,0,-1.4411604,0.10080934315919876,0.9820359349250793,0.877875566482544
YLR348C,YOL140W,0,-1.4434364,0.10079901665449142,0.9820359349250793,0.877975583076477
YBL045C,YOL010W,0,-1.4437773,0.10078869014978409,0.9820359349250793,0.8780755996704102
YBL066C,YCR046C,0,-1.4440335,0.10077837109565735,0.9820359349250793,0.8781756162643433
YHR203C,YDL213C,0,-1.4442728,0.10076805204153061,0.9820359349250793,0.8782756328582764
YOR145C,YDL217C,0,-1.4446226,0.10075773298740387,0.9820359349250793,0.8783756494522095
YMR292W,YOL021C,0,-1.4453545,0.10074741393327713,0.9820359349250793,0.8784756660461426
YKR080W,YBR155W,0,-1.4454283,0.10073710232973099,0.9820359349250793,0.8785757422447205
YNL301C,YOR133W,0,-1.4456457,0.10072679072618484,0.9820359349250793,0.8786757588386536
YOR179C,YOR196C,0,-1.4459672,0.1007164791226387,0.9820359349250793,0.8787757754325867
YBL045C,YOR312C,0,-1.4462534,0.10070617496967316,0.9820359349250793,0.8788757920265198
YHR141C,YDR065W,0,-1.4464605,0.10069586336612701,0.9820359349250793,0.8789758086204529
YCR060W,YNL331C,0,-1.4468906,0.10068555921316147,0.9820359349250793,0.879075825214386
YOL040C,YML097C,0,-1.4481919,0.10067526251077652,0.9820359349250793,0.8791758418083191
YLR398C,YDR420W,0,-1.4485916,0.10066495835781097,0.9820359349250793,0.8792758584022522
YBL074C,YCR081W,0,-1.4489117,0.10065466165542603,0.9820359349250793,0.8793758749961853
YKL041W,YIL090W,0,-1.4494547,0.10064437240362167,0.9820359349250793,0.8794758915901184
YMR323W,YHR156C,0,-1.4502935,0.10063407570123672,0.9820359349250793,0.8795759081840515
YOL100W,YJR014W,0,-1.4506357,0.10062378644943237,0.9820359349250793,0.8796759247779846
YOR298W,YKL116C,0,-1.4508053,0.10061349719762802,0.9820359349250793,0.8797759413719177
YML024W,YBR056W,0,-1.4511712,0.10060320794582367,0.9820359349250793,0.8798759579658508
YNL112W,YGR238C,0,-1.4512842,0.10059292614459991,0.9820359349250793,0.8799759745597839
YCR028C-A,YEL054C,0,-1.4513291,0.10058264434337616,0.9820359349250793,0.880075991153717
YLR014C,YIR009W,0,-1.4517124,0.1005723625421524,0.9820359349250793,0.8801760077476501
YPR031W,YGR271C-A,0,-1.4518843,0.10056208819150925,0.9820359349250793,0.880276083946228
YMR306W,YFL002C,0,-1.4525063,0.10055180639028549,0.9820359349250793,0.8803761005401611
YKR039W,YDR158W,0,-1.4525366,0.10054153203964233,0.9820359349250793,0.8804761171340942
YIL093C,YPL157W,0,-1.4526794,0.10053126513957977,0.9820359349250793,0.8805761337280273
YER056C-A,YKL140W,0,-1.4531903,0.10052099078893661,0.9820359349250793,0.8806761503219604
YJL190C,YGL203C,0,-1.4535875,0.10051072388887405,0.9820359349250793,0.8807761669158936
YPR047W,YLR129W,0,-1.4537661,0.10050045698881149,0.9820359349250793,0.8808761835098267
YDR236C,YKR045C,0,-1.4538128,0.10049019753932953,0.9820359349250793,0.8809762001037598
YBR083W,YMR162C,0,-1.4538949,0.10047993808984756,0.9820359349250793,0.8810762166976929
YLR135W,YOR089C,0,-1.4547001,0.1004696786403656,0.9820359349250793,0.881176233291626
YOL151W,YKL154W,0,-1.4548993,0.10045941919088364,0.9820359349250793,0.8812762498855591
YBR103W,YPR144C,0,-1.4555143,0.10044915974140167,0.9820359349250793,0.8813762664794922
YHR135C,YNL227C,1,-1.4555379,0.10054098069667816,0.9830339550971985,0.8813762664794922
YPL045W,YOL070C,0,-1.4569149,0.1005307212471962,0.9830339550971985,0.8814762830734253
YDR211W,YPL016W,0,-1.4581733,0.10052046179771423,0.9830339550971985,0.8815762996673584
YJR057W,YFL002W-A,0,-1.4583492,0.10051020234823227,0.9830339550971985,0.8816763162612915
YKL120W,YJR090C,0,-1.4585752,0.1004999503493309,0.9830339550971985,0.8817763328552246
YJR158W,YDR159W,0,-1.4588287,0.10048969835042953,0.9830339550971985,0.8818763494491577
YDL051W,YBL011W,0,-1.4594064,0.10047944635152817,0.9830339550971985,0.8819763660430908
YJL051W,YMR217W,0,-1.4594815,0.1004691943526268,0.9830339550971985,0.8820764422416687
YPL164C,YDL033C,0,-1.4595952,0.10045894980430603,0.9830339550971985,0.8821764588356018
YOR354C,YDR440W,0,-1.4598668,0.10044870525598526,0.9830339550971985,0.8822764754295349
YGL173C,YLR002C,0,-1.4608335,0.10043846070766449,0.9830339550971985,0.882376492023468
YNL117W,YDL024C,0,-1.461364,0.10042822360992432,0.9830339550971985,0.8824765086174011
YLR369W,YPL139C,0,-1.4617617,0.10041798651218414,0.9830339550971985,0.8825765252113342
YCL074W,YPL144W,0,-1.4622705,0.10040774941444397,0.9830339550971985,0.8826765418052673
YPL122C,YDR014W,0,-1.4623759,0.1003975123167038,0.9830339550971985,0.8827765583992004
YDR046C,YLR074C,0,-1.4625111,0.10038728266954422,0.9830339550971985,0.8828765749931335
YHR028C,YGL097W,0,-1.4626071,0.10037705302238464,0.9830339550971985,0.8829765915870667
YDR373W,YIL085C,0,-1.4627217,0.10036682337522507,0.9830339550971985,0.8830766081809998
YKL217W,YBR088C,0,-1.4642751,0.10035659372806549,0.9830339550971985,0.8831766247749329
YBR087W,YBR048W,0,-1.4645054,0.10034637153148651,0.9830339550971985,0.883276641368866
YKL144C,YJL189W,0,-1.4647803,0.10033614933490753,0.9830339550971985,0.8833766579627991
YLR010C,YOR063W,0,-1.4663656,0.10032593458890915,0.9830339550971985,0.8834766745567322
YDR496C,YGL035C,0,-1.4678652,0.10031571239233017,0.9830339550971985,0.8835766911506653
YCR028C,YOR322C,1,-1.4685466,0.10040733218193054,0.9840319156646729,0.8835766911506653
YJR092W,YLR045C,0,-1.4692049,0.10039710998535156,0.9840319156646729,0.8836767077445984
YMR014W,YJL123C,0,-1.4703923,0.10038688778877258,0.9840319156646729,0.8837767839431763
YGR271W,YPR163C,0,-1.4722048,0.1003766655921936,0.9840319156646729,0.8838768005371094
YGR041W,YGL147C,0,-1.4724581,0.10036645084619522,0.9840319156646729,0.8839768171310425
YNL301C,YOR073W,0,-1.4725986,0.10035623610019684,0.9840319156646729,0.8840768337249756
YML081C-A,YBR132C,0,-1.472768,0.10034602135419846,0.9840319156646729,0.8841768503189087
YGL174W,YIL095W,0,-1.4732163,0.10033580660820007,0.9840319156646729,0.8842768669128418
YER190W,YOR346W,0,-1.4739996,0.10032559931278229,0.9840319156646729,0.8843768835067749
YDR129C,YNR035C,1,-1.4745586,0.1004171296954155,0.985029935836792,0.8843768835067749
YGR279C,YJR010C-A,0,-1.4755709,0.10040691494941711,0.985029935836792,0.884476900100708
YAR050W,YER074W,0,-1.4760585,0.10039670765399933,0.985029935836792,0.8845769166946411
YGL185C,YLR336C,0,-1.4764888,0.10038649290800095,0.985029935836792,0.8846769332885742
YOR216C,YJL006C,0,-1.4771321,0.10037628561258316,0.985029935836792,0.8847769498825073
YBL085W,YDR393W,0,-1.4771972,0.10036607831716537,0.985029935836792,0.8848769664764404
YPR194C,YMR123W,0,-1.4797661,0.10035587102174759,0.985029935836792,0.8849769830703735
YJL115W,YHR116W,0,-1.4813366,0.1003456711769104,0.985029935836792,0.8850769996643066
YGL032C,YNL279W,0,-1.4830662,0.10033547133207321,0.985029935836792,0.8851770162582397
YDL194W,YNL309W,0,-1.4832207,0.10032527148723602,0.985029935836792,0.8852770328521729
YDL174C,YJL198W,0,-1.4833329,0.10031507164239883,0.985029935836792,0.885377049446106
YJR110W,YER147C,0,-1.4833765,0.10030487924814224,0.985029935836792,0.8854770660400391
YAL047C,YNL107W,0,-1.48349,0.10029468685388565,0.985029935836792,0.8855771422386169
YPR138C,YDR267C,0,-1.4837466,0.10028449445962906,0.985029935836792,0.88567715883255
YDR056C,YFR005C,0,-1.4846213,0.10027430951595306,0.985029935836792,0.8857771754264832
YGR263C,YCL014W,0,-1.4861507,0.10026411712169647,0.985029935836792,0.8858771920204163
YDR347W,YDR096W,0,-1.4871626,0.10025393962860107,0.985029935836792,0.8859772086143494
YPR196W,YJR149W,0,-1.4877324,0.10024375468492508,0.985029935836792,0.8860772252082825
YCL031C,YDR123C,0,-1.488302,0.10023357719182968,0.985029935836792,0.8861772418022156
YMR113W,YDL184C,0,-1.4891856,0.10022339224815369,0.985029935836792,0.8862772583961487
YOL123W,YKL166C,0,-1.4893527,0.10021322220563889,0.985029935836792,0.8863772749900818
YJR022W,YIL061C,0,-1.4898582,0.10020304471254349,0.985029935836792,0.8864772915840149
YOR287C,YPL232W,0,-1.4900118,0.10019287467002869,0.985029935836792,0.886577308177948
YNL002C,YNR073C,0,-1.4914483,0.10018270462751389,0.985029935836792,0.8866773247718811
YMR080C,YGR185C,0,-1.4915054,0.10017253458499908,0.985029935836792,0.8867773413658142
YDR247W,YLR325C,0,-1.4919994,0.10016237199306488,0.985029935836792,0.8868773579597473
YMR045C,YMR229C,0,-1.4922343,0.10015220940113068,0.985029935836792,0.8869773745536804
YBR002C,YLR399C,0,-1.4922594,0.10014204680919647,0.985029935836792,0.8870773911476135
YHR076W,YGR067C,0,-1.4922782,0.10013188421726227,0.985029935836792,0.8871774077415466
YMR204C,YPL190C,0,-1.4923112,0.10012172907590866,0.985029935836792,0.8872774839401245
YML115C,YKL009W,0,-1.4933033,0.10011157393455505,0.985029935836792,0.8873775005340576
YML056C,YBR066C,0,-1.4935243,0.10010141879320145,0.985029935836792,0.8874775171279907
YOL119C,YMR269W,0,-1.4936068,0.10009127110242844,0.985029935836792,0.8875775337219238
YMR277W,YPR171W,0,-1.4946927,0.10008111596107483,0.985029935836792,0.8876775503158569
YJR130C,YBL026W,0,-1.4955816,0.10007097572088242,0.985029935836792,0.88777756690979
YML001W,YDR532C,0,-1.495754,0.1000608280301094,0.985029935836792,0.8878775835037231
YNL188W,YFR028C,0,-1.4963146,0.10005068778991699,0.985029935836792,0.8879776000976562
YJR135W-A,YMR006C,0,-1.4970231,0.10004054009914398,0.985029935836792,0.8880776166915894
YER147C,YNL095C,0,-1.497505,0.10003040730953217,0.985029935836792,0.8881776332855225
YPL230W,YDR337W,0,-1.4989803,0.10002026706933975,0.985029935836792,0.8882776498794556
YAL063C,YOR229W,0,-1.499036,0.10001013427972794,0.985029935836792,0.8883776664733887
YLL009C,YMR145C,0,-1.4994981,0.10000000149011612,0.985029935836792,0.8884776830673218
YLR126C,YFR032C-A,0,-1.5008677,0.0999898687005043,0.985029935836792,0.8885776996612549
YGR109C,YDR337W,0,-1.5020876,0.09997974336147308,0.985029935836792,0.888677716255188
YMR121C,YAL010C,0,-1.502871,0.09996961057186127,0.985029935836792,0.8887777328491211
YJR017C,YDL213C,0,-1.5029138,0.09995949268341064,0.985029935836792,0.8888777494430542
YPL144W,YPR152C,0,-1.5039787,0.09994936734437943,0.985029935836792,0.8889777660369873
YJL190C,YBR066C,0,-1.505449,0.0999392494559288,0.985029935836792,0.8890778422355652
YHL001W,YDR081C,0,-1.5062866,0.09992913156747818,0.985029935836792,0.8891778588294983
YML094W,YJL081C,0,-1.5064766,0.09991901367902756,0.985029935836792,0.8892778754234314
YLR390W,YHR176W,0,-1.5067394,0.09990889579057693,0.985029935836792,0.8893778920173645
YPL276W,YBR200W,0,-1.5077987,0.09989878535270691,0.985029935836792,0.8894779086112976
YOR095C,YMR100W,0,-1.508584,0.09988867491483688,0.985029935836792,0.8895779252052307
YEL029C,YJR034W,0,-1.5086958,0.09987856447696686,0.985029935836792,0.8896779417991638
YLR350W,YNL290W,0,-1.5091282,0.09986846148967743,0.985029935836792,0.8897779583930969
YBR281C,YJR028W,0,-1.5094733,0.099858358502388,0.985029935836792,0.88987797498703
YPR149W,YLR197W,0,-1.5095922,0.09984825551509857,0.985029935836792,0.8899779915809631
YKL082C,YIL050W,0,-1.5097647,0.09983815252780914,0.985029935836792,0.8900780081748962
YOL115W,YDR162C,0,-1.5098686,0.09982805699110031,0.985029935836792,0.8901780247688293
YDR364C,YMR190C,0,-1.5099999,0.09981796145439148,0.985029935836792,0.8902780413627625
YJL056C,YER021W,0,-1.5102668,0.09980786591768265,0.985029935836792,0.8903780579566956
YNR067C,YJL050W,0,-1.5103014,0.09979777783155441,0.985029935836792,0.8904780745506287
YLR086W,YLR308W,0,-1.5105307,0.09978768229484558,0.985029935836792,0.8905780911445618
YDR420W,YJR043C,0,-1.5110877,0.09977760165929794,0.985029935836792,0.8906781077384949
YPR162C,YGR159C,0,-1.5112184,0.09976751357316971,0.985029935836792,0.8907781839370728
YML018C,YIR021W,0,-1.5114069,0.09975742548704147,0.985029935836792,0.8908782005310059
YMR308C,YBL024W,0,-1.5125035,0.09974734485149384,0.985029935836792,0.890978217124939
YGR247W,YNL302C,0,-1.5128884,0.0997372642159462,0.985029935836792,0.8910782337188721
YLR013W,YJL030W,0,-1.513673,0.09972719103097916,0.985029935836792,0.8911782503128052
YPL086C,YKR037C,0,-1.5155125,0.09971711784601212,0.985029935836792,0.8912782669067383
YOL040C,YAR035W,0,-1.5162396,0.09970704466104507,0.985029935836792,0.8913782835006714
YKL017C,YLL011W,0,-1.5168871,0.09969697147607803,0.985029935836792,0.8914783000946045
YBR187W,YIL010W,0,-1.5177808,0.09968689829111099,0.985029935836792,0.8915783166885376
YNR003C,YER008C,0,-1.518002,0.09967683255672455,0.985029935836792,0.8916783332824707
YOR246C,YNL001W,0,-1.5184803,0.0996667668223381,0.985029935836792,0.8917783498764038
YDR245W,YLR005W,0,-1.5184989,0.09965670108795166,0.985029935836792,0.8918783664703369
YDL114W,YDR484W,0,-1.5189764,0.09964664280414581,0.985029935836792,0.89197838306427
YPR187W,YML054C,0,-1.5194486,0.09963658452033997,0.985029935836792,0.8920783996582031
YCL020W,YGL130W,0,-1.5201893,0.09962652623653412,0.985029935836792,0.8921784162521362
YMR121C,YHR147C,0,-1.5201979,0.09961646795272827,0.985029935836792,0.8922784328460693
YBR141C,YCR048W,0,-1.5213643,0.09960641711950302,0.985029935836792,0.8923784494400024
YGL040C,YNL310C,0,-1.5217146,0.09959636628627777,0.985029935836792,0.8924784660339355
YNL153C,YOR360C,0,-1.5222023,0.09958631545305252,0.985029935836792,0.8925785422325134
YHR134W,YJL121C,0,-1.5225081,0.09957627207040787,0.985029935836792,0.8926785588264465
YGR276C,YHR034C,0,-1.5225749,0.09956622868776321,0.985029935836792,0.8927785754203796
YJR007W,YOR151C,0,-1.5229703,0.09955618530511856,0.985029935836792,0.8928785920143127
YDR239C,YJL157C,0,-1.5237699,0.09954614192247391,0.985029935836792,0.8929786086082458
YDR156W,YKL143W,0,-1.5242295,0.09953610599040985,0.985029935836792,0.893078625202179
YJL203W,YNR015W,0,-1.5245047,0.0995260700583458,0.985029935836792,0.8931786417961121
YMR228W,YER049W,0,-1.5246165,0.09951603412628174,0.985029935836792,0.8932786583900452
YKL143W,YGR036C,0,-1.5247178,0.09950599819421768,0.985029935836792,0.8933786749839783
YBR261C,YNL113W,0,-1.5250717,0.09949596971273422,0.985029935836792,0.8934786915779114
YAL029C,YNL202W,0,-1.5257256,0.09948594123125076,0.985029935836792,0.8935787081718445
YMR098C,YEL054C,0,-1.5265585,0.0994759127497673,0.985029935836792,0.8936787247657776
YLR129W,YKL184W,0,-1.52757,0.09946588426828384,0.985029935836792,0.8937787413597107
YHR029C,YLR164W,0,-1.5276133,0.09945586323738098,0.985029935836792,0.8938787579536438
YCR060W,YKL021C,0,-1.5276256,0.09944584220647812,0.985029935836792,0.8939787745475769
YHL022C,YDL133C-A,0,-1.5280621,0.09943582862615585,0.985029935836792,0.89407879114151
YJL052W,YGL032C,0,-1.5296668,0.09942580759525299,0.985029935836792,0.8941788077354431
YOL026C,YJL160C,0,-1.5309852,0.09941579401493073,0.985029935836792,0.894278883934021
YBL100W-A,YAL058W,0,-1.5318297,0.09940578043460846,0.985029935836792,0.8943789005279541
YJL106W,YLR051C,0,-1.5318363,0.0993957668542862,0.985029935836792,0.8944789171218872
YPL283C,YLR242C,0,-1.532522,0.09938576072454453,0.985029935836792,0.8945789337158203
YIL103W,YPL045W,0,-1.5325785,0.09937575459480286,0.985029935836792,0.8946789503097534
YOL141W,YOL090W,0,-1.5339154,0.09936574846506119,0.985029935836792,0.8947789669036865
YBR251W,YCL038C,0,-1.5342553,0.09935574978590012,0.985029935836792,0.8948789834976196
YPL131W,YPR006C,0,-1.5345938,0.09934574365615845,0.985029935836792,0.8949790000915527
YDR389W,YKR024C,0,-1.5350398,0.09933575242757797,0.985029935836792,0.8950790166854858
YDR498C,YGL113W,0,-1.5352027,0.0993257537484169,0.985029935836792,0.895179033279419
YLR035C-A,YPL090C,0,-1.5353773,0.09931575506925583,0.985029935836792,0.895279049873352
YOL155C,YPR118W,0,-1.5354145,0.09930576384067535,0.985029935836792,0.8953790664672852
YMR122W-A,YLR109W,0,-1.5355308,0.09929577261209488,0.985029935836792,0.8954790830612183
YGR186W,YEL026W,0,-1.5355752,0.099285788834095,0.985029935836792,0.8955790996551514
YGL233W,YJL148W,0,-1.5356523,0.09927579760551453,0.985029935836792,0.8956791162490845
YNL012W,YDL136W,0,-1.5358613,0.09926581382751465,0.985029935836792,0.8957791328430176
YHR124W,YGR118W,0,-1.536164,0.09925583004951477,0.985029935836792,0.8958791494369507
YLR145W,YPR200C,0,-1.5364063,0.09924585372209549,0.985029935836792,0.8959792256355286
YML036W,YBR031W,0,-1.5366423,0.09923587739467621,0.985029935836792,0.8960792422294617
YGL071W,YOR340C,0,-1.5373442,0.09922589361667633,0.985029935836792,0.8961792588233948
YDL075W,YML032C,0,-1.5381274,0.09921592473983765,0.985029935836792,0.8962792754173279
YLR221C,YIR002C,0,-1.5399969,0.09920594841241837,0.985029935836792,0.896379292011261
YOR287C,YMR116C,0,-1.540507,0.09919597953557968,0.985029935836792,0.8964793086051941
YHR191C,YGR072W,0,-1.5406327,0.099186010658741,0.985029935836792,0.8965793251991272
YGR285C,YEL061C,0,-1.5407159,0.09917604178190231,0.985029935836792,0.8966793417930603
YDL075W,YLR116W,0,-1.5419014,0.09916608035564423,0.985029935836792,0.8967793583869934
YHR032W,YGL241W,0,-1.541959,0.09915611892938614,0.985029935836792,0.8968793749809265
YBR239C,YMR016C,0,-1.5432581,0.09914615750312805,0.985029935836792,0.8969793915748596
YPL211W,YPL265W,0,-1.5451548,0.09913619607686996,0.985029935836792,0.8970794081687927
YGL187C,YHL013C,0,-1.5485286,0.09912624210119247,0.985029935836792,0.8971794247627258
YLR229C,YBR105C,0,-1.5486096,0.09911628812551498,0.985029935836792,0.8972794413566589
YNL206C,YAR015W,0,-1.5493135,0.0991063341498375,0.985029935836792,0.897379457950592
YNL014W,YBL061C,0,-1.5497609,0.0990963876247406,0.985029935836792,0.8974794745445251
YKL209C,YML081C-A,0,-1.5509562,0.09908643364906311,0.985029935836792,0.8975794911384583
YDL191W,YIL073C,0,-1.5530314,0.09907648712396622,0.985029935836792,0.8976795077323914
YDR429C,YBL105C,0,-1.5544807,0.09906654804944992,0.985029935836792,0.8977795839309692
YOR144C,YBR228W,0,-1.556083,0.09905660152435303,0.985029935836792,0.8978796005249023
YDR037W,YGL125W,0,-1.5565252,0.09904666244983673,0.985029935836792,0.8979796171188354
YKL186C,YDR064W,0,-1.5601346,0.09903672337532043,0.985029935836792,0.8980796337127686
YLR350W,YOR095C,0,-1.5601553,0.09902679175138474,0.985029935836792,0.8981796503067017
YNL119W,YDL049C,0,-1.5611523,0.09901685267686844,0.985029935836792,0.8982796669006348
YNL222W,YBL102W,0,-1.5626323,0.09900692105293274,0.985029935836792,0.8983796834945679
YPL211W,YOR005C,0,-1.5628934,0.09899698942899704,0.985029935836792,0.898479700088501
YBL045C,YGL205W,0,-1.56339,0.09898706525564194,0.985029935836792,0.8985797166824341
YDL103C,YHR085W,0,-1.5634706,0.09897713363170624,0.985029935836792,0.8986797332763672
YHR211W,YDL146W,0,-1.5638077,0.09896720945835114,0.985029935836792,0.8987797498703003
YDR206W,YNL125C,0,-1.56394,0.09895728528499603,0.985029935836792,0.8988797664642334
YKL041W,YER180C,0,-1.5640392,0.09894736856222153,0.985029935836792,0.8989797830581665
YGL224C,YDL066W,0,-1.5649467,0.09893745183944702,0.985029935836792,0.8990797996520996
YNL152W,YOL094C,0,-1.5662533,0.09892753511667252,0.985029935836792,0.8991798162460327
YDR425W,YBL042C,0,-1.5664318,0.09891761839389801,0.985029935836792,0.8992798328399658
YOL112W,YDR221W,0,-1.5669012,0.0989077091217041,0.985029935836792,0.8993798494338989
YFR033C,YAL061W,0,-1.5677948,0.0988977923989296,0.985029935836792,0.8994799256324768
YOL108C,YNL309W,0,-1.5681136,0.09888789057731628,0.985029935836792,0.8995799422264099
YOR339C,YCR008W,0,-1.5685766,0.09887798130512238,0.985029935836792,0.899679958820343
YMR197C,YHR052W,0,-1.5688679,0.09886807203292847,0.985029935836792,0.8997799754142761
YIL009C-A,YPL093W,0,-1.5694628,0.09885817021131516,0.985029935836792,0.8998799920082092
YML087C,YPL072W,0,-1.5695083,0.09884827584028244,0.985029935836792,0.8999800086021423
YDR499W,YLR336C,0,-1.5701915,0.09883837401866913,0.985029935836792,0.9000800251960754
YMR217W,YDL156W,0,-1.5705416,0.09882847964763641,0.985029935836792,0.9001800417900085
YJR007W,YML104C,0,-1.5708308,0.0988185852766037,0.985029935836792,0.9002800583839417
YLR056W,YIL041W,1,-1.5709183,0.09890879690647125,0.9860279560089111,0.9002800583839417
YHR211W,YLR341W,0,-1.5711997,0.09889890253543854,0.9860279560089111,0.9003800749778748
YGL173C,YDR033W,0,-1.5716629,0.09888900071382523,0.9860279560089111,0.9004800915718079
YHR066W,YNR002C,0,-1.5718935,0.09887910634279251,0.9860279560089111,0.900580108165741
YPR043W,YGR072W,0,-1.5723077,0.0988692119717598,0.9860279560089111,0.9006801247596741
YBR186W,YER087W,0,-1.5724924,0.09885931760072708,0.9860279560089111,0.9007801413536072
YGL054C,YPL157W,0,-1.5727377,0.09884942322969437,0.9860279560089111,0.9008801579475403
YER126C,YDR508C,0,-1.5737423,0.09883953630924225,0.9860279560089111,0.9009801745414734
YOR178C,YBL092W,0,-1.5739427,0.09882964938879013,0.9860279560089111,0.9010801911354065
YCR034W,YBR104W,0,-1.5740051,0.09881976246833801,0.9860279560089111,0.9011802077293396
YDR123C,YHR072W,0,-1.5743638,0.09880988299846649,0.9860279560089111,0.9012802839279175
YJL073W,YML040W,0,-1.5756059,0.09880000352859497,0.9860279560089111,0.9013803005218506
YOR022C,YBR030W,0,-1.5769956,0.09879012405872345,0.9860279560089111,0.9014803171157837
YHR051W,YOR080W,0,-1.5775007,0.09878024458885193,0.9860279560089111,0.9015803337097168
YDL010W,YNL227C,0,-1.5781816,0.098770372569561,0.9860279560089111,0.9016803503036499
YDR416W,YJR047C,0,-1.5782766,0.09876049309968948,0.9860279560089111,0.901780366897583
YDR170W-A,YOR303W,0,-1.5784669,0.09875062108039856,0.9860279560089111,0.9018803834915161
YER075C,YLR383W,0,-1.5788652,0.09874075651168823,0.9860279560089111,0.9019804000854492
YOR381W,YDL198C,0,-1.5789729,0.0987308919429779,0.9860279560089111,0.9020804166793823
YER025W,YML018C,0,-1.578973,0.09872101992368698,0.9860279560089111,0.9021804332733154
YGR020C,YNL186W,0,-1.5808073,0.09871116280555725,0.9860279560089111,0.9022804498672485
YBL064C,YGR148C,0,-1.5808073,0.09870129823684692,0.9860279560089111,0.9023804664611816
YOR293W,YJR135C,0,-1.582768,0.0986914411187172,0.9860279560089111,0.9024804830551147
YLR213C,YPL093W,0,-1.5851718,0.09868158400058746,0.9860279560089111,0.9025804996490479
YPL211W,YPL055C,0,-1.5855187,0.09867172688245773,0.9860279560089111,0.902680516242981
YER006W,YNL158W,0,-1.5857764,0.098661869764328,0.9860279560089111,0.9027805328369141
YNL102W,YIR005W,0,-1.586764,0.09865202009677887,0.9860279560089111,0.9028805494308472
YDR218C,YNL305C,0,-1.5868392,0.09864217042922974,0.9860279560089111,0.902980625629425
YOR255W,YIL177C,0,-1.5870299,0.0986323282122612,0.9860279560089111,0.9030806422233582
YLR406C,YER164W,0,-1.5876594,0.09862247854471207,0.9860279560089111,0.9031806588172913
YHR056C,YGR034W,0,-1.5877938,0.09861263632774353,0.9860279560089111,0.9032806754112244
YNL227C,YPL008W,0,-1.5881617,0.098602794110775,0.9860279560089111,0.9033806920051575
YML088W,YMR301C,0,-1.589044,0.09859295189380646,0.9860279560089111,0.9034807085990906
YJR010W,YER115C,0,-1.5892186,0.09858311712741852,0.9860279560089111,0.9035807251930237
YER022W,YJL050W,0,-1.5893168,0.09857328236103058,0.9860279560089111,0.9036807417869568
YDR329C,YIL110W,0,-1.589688,0.09856344759464264,0.9860279560089111,0.9037807583808899
YDR279W,YER115C,0,-1.5900412,0.0985536128282547,0.9860279560089111,0.903880774974823
YKR069W,YML094W,0,-1.5912234,0.09854378551244736,0.9860279560089111,0.9039807915687561
YOR116C,YBL024W,0,-1.5914228,0.09853395819664001,0.9860279560089111,0.9040808081626892
YMR122W-A,YPL015C,0,-1.5922279,0.09852413088083267,0.9860279560089111,0.9041808247566223
YHR206W,YJL050W,0,-1.5927696,0.09851431101560593,0.9860279560089111,0.9042808413505554
YHL044W,YMR089C,0,-1.5940591,0.09850448369979858,0.9860279560089111,0.9043808579444885
YGL249W,YDL065C,0,-1.5947757,0.09849466383457184,0.9860279560089111,0.9044808745384216
YKR055W,YLR449W,0,-1.5948563,0.09848485141992569,0.9860279560089111,0.9045808911323547
YDR451C,YIL073C,0,-1.5948789,0.09847503155469894,0.9860279560089111,0.9046809077262878
YHR109W,YMR280C,0,-1.5956662,0.0984652191400528,0.9860279560089111,0.9047809839248657
YOR094W,YHR079C-A,0,-1.5960202,0.09845540672540665,0.9860279560089111,0.9048810005187988
YOR327C,YGR241C,1,-1.5963753,0.09854523837566376,0.9870259761810303,0.9048810005187988
YLR153C,YOR348C,0,-1.5968163,0.09853541851043701,0.9870259761810303,0.9049810171127319
YHR031C,YJL133W,0,-1.5973202,0.09852560609579086,0.9870259761810303,0.905081033706665
YNL280C,YHR036W,0,-1.5974932,0.09851578623056412,0.9870259761810303,0.9051810503005981
YDR258C,YOR167C,0,-1.59819,0.09850597381591797,0.9870259761810303,0.9052810668945312
YOR096W,YEL077C,0,-1.598354,0.09849616885185242,0.9870259761810303,0.9053810834884644
YNL027W,YLR438C-A,0,-1.5992739,0.09848635643720627,0.9870259761810303,0.9054811000823975
YNL021W,YMR011W,0,-1.5993469,0.09847655147314072,0.9870259761810303,0.9055811166763306
YBR261C,YLR275W,0,-1.6002898,0.09846674650907516,0.9870259761810303,0.9056811332702637
YKL027W,YLR421C,0,-1.6005883,0.09845694154500961,0.9870259761810303,0.9057811498641968
YKL195W,YJL102W,0,-1.6012117,0.09844714403152466,0.9870259761810303,0.9058811664581299
YDR026C,YDR414C,0,-1.6044922,0.0984373465180397,0.9870259761810303,0.905981183052063
YIL105C,YDL092W,0,-1.6061251,0.09842754900455475,0.9870259761810303,0.9060811996459961
YKL220C,YKL144C,0,-1.6064395,0.0984177514910698,0.9870259761810303,0.9061812162399292
YHR062C,YDR311W,0,-1.607099,0.09840796142816544,0.9870259761810303,0.9062812328338623
YPR196W,YJR063W,0,-1.6072676,0.09839817136526108,0.9870259761810303,0.9063812494277954
YLL002W,YLR009W,0,-1.6076097,0.09838838130235672,0.9870259761810303,0.9064813256263733
YDR338C,YLR221C,0,-1.607771,0.09837859123945236,0.9870259761810303,0.9065813422203064
YER110C,YJL115W,0,-1.6113122,0.0983688086271286,0.9870259761810303,0.9066813588142395
YDR191W,YNL158W,0,-1.6117342,0.09835902601480484,0.9870259761810303,0.9067813754081726
YPR082C,YER025W,0,-1.6140323,0.09834924340248108,0.9870259761810303,0.9068813920021057
YMR264W,YGL148W,0,-1.6166708,0.09833946824073792,0.9870259761810303,0.9069814085960388
YER086W,YKL112W,0,-1.6168839,0.09832968562841415,0.9870259761810303,0.9070814251899719
YGL201C,YMR235C,0,-1.6182191,0.09831991046667099,0.9870259761810303,0.907181441783905
YOL040C,YHR143W,0,-1.6188912,0.09831014275550842,0.9870259761810303,0.9072814583778381
YML073C,YNL177C,0,-1.618983,0.09830036759376526,0.9870259761810303,0.9073814749717712
YPR005C,YBL092W,0,-1.6190646,0.09829059988260269,0.9870259761810303,0.9074814915657043
YPL162C,YFL038C,0,-1.6195502,0.09828083217144012,0.9870259761810303,0.9075815081596375
YHR196W,YNR028W,0,-1.6207093,0.09827106446027756,0.9870259761810303,0.9076815247535706
YGL100W,YJL189W,0,-1.6210623,0.09826130419969559,0.9870259761810303,0.9077815413475037
YGR200C,YDR267C,0,-1.6217575,0.09825153648853302,0.9870259761810303,0.9078815579414368
YOR133W,YGL068W,0,-1.6223383,0.09824178367853165,0.9870259761810303,0.9079815745353699
YCL036W,YPL158C,0,-1.6224351,0.09823202341794968,0.9870259761810303,0.908081591129303
YKR081C,YMR214W,0,-1.6244502,0.0982222631573677,0.9870259761810303,0.9081816077232361
YOR168W,YNL085W,0,-1.6247743,0.09821251034736633,0.9870259761810303,0.908281683921814
YGL134W,YBL002W,0,-1.6260858,0.09820275753736496,0.9870259761810303,0.9083817005157471
YNL339C,YBL023C,0,-1.6263263,0.09819301217794418,0.9870259761810303,0.9084817171096802
YOL115W,YEL016C,0,-1.6266935,0.09818325936794281,0.9870259761810303,0.9085817337036133
YDR218C,YJL024C,0,-1.6277901,0.09817351400852203,0.9870259761810303,0.9086817502975464
YKR055W,YJR143C,0,-1.6280699,0.09816376864910126,0.9870259761810303,0.9087817668914795
YNL242W,YDR530C,0,-1.6291053,0.09815403074026108,0.9870259761810303,0.9088817834854126
YJL198W,YFL013C,0,-1.6295412,0.0981442853808403,0.9870259761810303,0.9089818000793457
YML052W,YAR042W,1,-1.6302114,0.09823377430438995,0.9880239367485046,0.9089818000793457
YOR369C,YML030W,0,-1.630465,0.09822402894496918,0.9880239367485046,0.9090818166732788
YER007W,YNL248C,0,-1.631565,0.0982142835855484,0.9880239367485046,0.9091818332672119
YNL077W,YDL028C,0,-1.6326396,0.09820454567670822,0.9880239367485046,0.909281849861145
YLR378C,YEL030W,0,-1.6334932,0.09819480031728745,0.9880239367485046,0.9093818664550781
YGR278W,YBL034C,0,-1.6336932,0.09818506240844727,0.9880239367485046,0.9094818830490112
YHR161C,YIL162W,0,-1.6344035,0.09817532449960709,0.9880239367485046,0.9095818996429443
YLR178C,YGR285C,0,-1.6361558,0.0981655940413475,0.9880239367485046,0.9096819162368774
YJL063C,YAR018C,0,-1.6372039,0.09815585613250732,0.9880239367485046,0.9097819328308105
YLR013W,YNR003C,0,-1.6372638,0.09814612567424774,0.9880239367485046,0.9098819494247437
YPL131W,YCL050C,0,-1.6386546,0.09813640266656876,0.9880239367485046,0.9099820256233215
YLR204W,YOL127W,0,-1.6388423,0.09812667220830917,0.9880239367485046,0.9100820422172546
YDR440W,YOR368W,0,-1.6400567,0.09811694920063019,0.9880239367485046,0.9101820588111877
YJL148W,YDL120W,0,-1.6404196,0.0981072261929512,0.9880239367485046,0.9102820754051208
YKL061W,YGR292W,0,-1.6411321,0.09809750318527222,0.9880239367485046,0.910382091999054
YER025W,YOL091W,0,-1.6414075,0.09808778017759323,0.9880239367485046,0.9104821085929871
YGR063C,YJR005W,0,-1.643012,0.09807806462049484,0.9880239367485046,0.9105821251869202
YOR226C,YLR106C,0,-1.6445053,0.09806834906339645,0.9880239367485046,0.9106821417808533
YER073W,YBR004C,0,-1.6453917,0.09805863350629807,0.9880239367485046,0.9107821583747864
YDR424C,YHR091C,0,-1.6462424,0.09804892539978027,0.9880239367485046,0.9108821749687195
YIL133C,YAL020C,0,-1.6465243,0.09803921729326248,0.9880239367485046,0.9109821915626526
YDL083C,YBR158W,0,-1.6466783,0.09802950918674469,0.9880239367485046,0.9110822081565857
YGL224C,YPL012W,0,-1.6467795,0.0980198010802269,0.9880239367485046,0.9111822247505188
YGR071C,YPL217C,0,-1.648651,0.0980101004242897,0.9880239367485046,0.9112822413444519
YIL067C,YEL069C,0,-1.6495829,0.09800039231777191,0.9880239367485046,0.911382257938385
YKL143W,YBR115C,0,-1.6506238,0.09799069911241531,0.9880239367485046,0.9114822745323181
YDR076W,YJL210W,0,-1.6514778,0.09798099845647812,0.9880239367485046,0.9115822911262512
YNL126W,YLR074C,0,-1.6518342,0.09797129780054092,0.9880239367485046,0.9116823077201843
YDL075W,YDL109C,0,-1.6538455,0.09796160459518433,0.9880239367485046,0.9117823839187622
YDL049C,YPR191W,0,-1.6543925,0.09795191138982773,0.9880239367485046,0.9118824005126953
YNL301C,YDR496C,0,-1.6561854,0.09794222563505173,0.9880239367485046,0.9119824171066284
YLR467W,YLR344W,0,-1.6563132,0.09793253242969513,0.9880239367485046,0.9120824337005615
YDL212W,YKR006C,0,-1.6563926,0.09792284667491913,0.9880239367485046,0.9121824502944946
YDR293C,YIR021W,0,-1.6580995,0.09791316092014313,0.9880239367485046,0.9122824668884277
YBR258C,YBR251W,0,-1.6584443,0.09790348261594772,0.9880239367485046,0.9123824834823608
YJR097W,YGR133W,0,-1.6606162,0.09789379686117172,0.9880239367485046,0.912482500076294
YOR205C,YEL009C,0,-1.6620665,0.09788411855697632,0.9880239367485046,0.912582516670227
YBR133C,YLR129W,0,-1.6623278,0.09787444025278091,0.9880239367485046,0.9126825332641602
YOL034W,YHR034C,0,-1.6635941,0.09786476939916611,0.9880239367485046,0.9127825498580933
YOR208W,YLR388W,0,-1.6642519,0.0978550985455513,0.9880239367485046,0.9128825664520264
YDR414C,YGR185C,0,-1.6642756,0.09784542769193649,0.9880239367485046,0.9129825830459595
YHR143W-A,YBL067C,0,-1.6645539,0.09783575683832169,0.9880239367485046,0.9130825996398926
YLR097C,YBR142W,0,-1.6648595,0.09782608598470688,0.9880239367485046,0.9131826162338257
YOR234C,YFL052W,0,-1.6652699,0.09781642258167267,0.9880239367485046,0.9132826328277588
YKL028W,YPR186C,0,-1.6655843,0.09780675917863846,0.9880239367485046,0.9133826494216919
YLR305C,YDR198C,0,-1.6656761,0.09779709577560425,0.9880239367485046,0.9134827256202698
YIR005W,YIL150C,0,-1.6664276,0.09778743237257004,0.9880239367485046,0.9135827422142029
YPL144W,YMR293C,0,-1.6666534,0.09777777642011642,0.9880239367485046,0.913682758808136
YPR048W,YIL047C,0,-1.6678785,0.09776812046766281,0.9880239367485046,0.9137827754020691
YIL138C,YOR346W,0,-1.669749,0.0977584645152092,0.9880239367485046,0.9138827919960022
YOR287C,YLR264W,0,-1.6700802,0.09774881601333618,0.9880239367485046,0.9139828085899353
YBR253W,YOL133W,0,-1.6701312,0.09773916751146317,0.9880239367485046,0.9140828251838684
YMR087W,YNL030W,0,-1.6703753,0.09772951900959015,0.9880239367485046,0.9141828417778015
YOL124C,YFL037W,0,-1.671067,0.09771987050771713,0.9880239367485046,0.9142828583717346
YLR329W,YDR147W,0,-1.6726136,0.09771022200584412,0.9880239367485046,0.9143828749656677
YGR158C,YLR015W,0,-1.6734061,0.0977005809545517,0.9880239367485046,0.9144828915596008
YER118C,YNL284C,0,-1.6748489,0.09769093990325928,0.9880239367485046,0.9145829081535339
YOR039W,YJL178C,0,-1.6748536,0.09768129885196686,0.9880239367485046,0.914682924747467
YDL042C,YNR021W,0,-1.6748827,0.09767166525125504,0.9880239367485046,0.9147829413414001
YIL159W,YLR340W,0,-1.6761814,0.09766203165054321,0.9880239367485046,0.9148829579353333
YOR151C,YLL036C,0,-1.6766088,0.09765239804983139,0.9880239367485046,0.9149829745292664
YLR410W,YKR057W,0,-1.6767509,0.09764276444911957,0.9880239367485046,0.9150829911231995
YPR032W,YDR447C,0,-1.6781878,0.09763313829898834,0.9880239367485046,0.9151830077171326
YDL070W,YIL110W,0,-1.6785843,0.09762351214885712,0.9880239367485046,0.9152830839157104
YDR299W,YHR166C,0,-1.6789565,0.09761388599872589,0.9880239367485046,0.9153831005096436
YGL245W,YDR139C,0,-1.6802115,0.09760425984859467,0.9880239367485046,0.9154831171035767
YOL141W,YLR433C,0,-1.6805598,0.09759463369846344,0.9880239367485046,0.9155831336975098
YBR024W,YMR217W,0,-1.6815851,0.09758501499891281,0.9880239367485046,0.9156831502914429
YPR171W,YOR043W,1,-1.6821344,0.09767396003007889,0.9890219569206238,0.9156831502914429
YJR002W,YKR037C,0,-1.6829789,0.09766433387994766,0.9890219569206238,0.915783166885376
YKL042W,YBR118W,0,-1.683015,0.09765470772981644,0.9890219569206238,0.9158831834793091
YMR112C,YLR014C,0,-1.6838284,0.09764508903026581,0.9890219569206238,0.9159832000732422
YJR097W,YLR013W,0,-1.6859212,0.09763547033071518,0.9890219569206238,0.9160832166671753
YOR003W,YML066C,0,-1.6872846,0.09762585163116455,0.9890219569206238,0.9161832332611084
YKL125W,YER117W,0,-1.6882935,0.09761623293161392,0.9890219569206238,0.9162832498550415
YDR312W,YDR449C,0,-1.6889046,0.09760662168264389,0.9890219569206238,0.9163832664489746
YGL071W,YJR067C,0,-1.6897395,0.09759700298309326,0.9890219569206238,0.9164832830429077
YNL242W,YLR336C,0,-1.6907873,0.09758739173412323,0.9890219569206238,0.9165832996368408
YBR002C,YBL002W,0,-1.6919082,0.0975777879357338,0.9890219569206238,0.9166833162307739
YHR203C,YDR379W,0,-1.6933132,0.09756817668676376,0.9890219569206238,0.916783332824707
YNL129W,YDL066W,0,-1.6935203,0.09755857288837433,0.9890219569206238,0.9168833494186401
YML073C,YMR300C,0,-1.6935968,0.0975489690899849,0.9890219569206238,0.916983425617218
YCL031C,YDL010W,0,-1.6943872,0.09753937274217606,0.9890219569206238,0.9170834422111511
YDR410C,YBR073W,0,-1.6945541,0.09752976894378662,0.9890219569206238,0.9171834588050842
YKL217W,YKR059W,0,-1.6974249,0.09752017259597778,0.9890219569206238,0.9172834753990173
YGL089C,YMR308C,0,-1.6984718,0.09751057624816895,0.9890219569206238,0.9173834919929504
YOL010W,YKL135C,0,-1.6993184,0.0975009873509407,0.9890219569206238,0.9174835085868835
YCR043C,YLR268W,0,-1.6993304,0.09749139100313187,0.9890219569206238,0.9175835251808167
YDR044W,YDL121C,0,-1.6993978,0.09748180210590363,0.9890219569206238,0.9176835417747498
YBL009W,YMR239C,0,-1.7007117,0.09747221320867538,0.9890219569206238,0.9177835583686829
YML064C,YOR071C,0,-1.7020903,0.09746262431144714,0.9890219569206238,0.917883574962616
YDR332W,YIL079C,0,-1.7024353,0.0974530428647995,0.9890219569206238,0.9179835915565491
YOR340C,YOR306C,0,-1.7042544,0.09744346141815186,0.9890219569206238,0.9180836081504822
YGR104C,YNL188W,0,-1.7048638,0.09743387997150421,0.9890219569206238,0.9181836247444153
YMR305C,YNL284C,0,-1.7054952,0.09742429852485657,0.9890219569206238,0.9182836413383484
YOL117W,YDR320C,0,-1.7058287,0.09741472452878952,0.9890219569206238,0.9183836579322815
YHR064C,YJR032W,0,-1.7063063,0.09740515053272247,0.9890219569206238,0.9184836745262146
YAL047C,YCR020C,0,-1.7070796,0.09739557653665543,0.9890219569206238,0.9185836911201477
YDL239C,YPL144W,0,-1.7072074,0.09738600999116898,0.9890219569206238,0.9186837077140808
YGR186W,YJR135C,0,-1.7080711,0.09737643599510193,0.9890219569206238,0.9187837839126587
YBL034C,YNL227C,0,-1.7080884,0.09736686944961548,0.9890219569206238,0.9188838005065918
YDR450W,YNL077W,0,-1.7088101,0.09735730290412903,0.9890219569206238,0.9189838171005249
YKL108W,YPL037C,0,-1.7089453,0.09734774380922318,0.9890219569206238,0.919083833694458
YDR097C,YMR137C,0,-1.709709,0.09733817726373672,0.9890219569206238,0.9191838502883911
YKL195W,YJR034W,0,-1.7105254,0.09732861816883087,0.9890219569206238,0.9192838668823242
YML036W,YOR187W,0,-1.7108986,0.09731905907392502,0.9890219569206238,0.9193838834762573
YML073C,YKL088W,0,-1.7113205,0.09730950742959976,0.9890219569206238,0.9194839000701904
YHR056C,YDL040C,0,-1.7117605,0.09729994833469391,0.9890219569206238,0.9195839166641235
YBL027W,YOL082W,0,-1.7117821,0.09729039669036865,0.9890219569206238,0.9196839332580566
YAL026C,YNL227C,1,-1.7127196,0.09737901389598846,0.9900199770927429,0.9196839332580566
YJL125C,YLR314C,0,-1.7140312,0.09736945480108261,0.9900199770927429,0.9197839498519897
YDR322C-A,YGR067C,0,-1.7141858,0.09735989570617676,0.9900199770927429,0.9198839664459229
YBR213W,YBL039C,0,-1.7144746,0.0973503440618515,0.9900199770927429,0.919983983039856
YOL109W,YCR039C,0,-1.7148716,0.09734079241752625,0.9900199770927429,0.9200839996337891
YDL130W,YOR391C,0,-1.7157135,0.09733124077320099,0.9900199770927429,0.9201840162277222
YOR293W,YOR323C,0,-1.7157145,0.09732168912887573,0.9900199770927429,0.9202840328216553
YMR260C,YJL204C,0,-1.7181154,0.09731214493513107,0.9900199770927429,0.9203840494155884
YMR303C,YGL103W,0,-1.719782,0.09730260074138641,0.9900199770927429,0.9204841256141663
YNL188W,YMR186W,0,-1.7201383,0.09729305654764175,0.9900199770927429,0.9205841422080994
YNL112W,YLR237W,0,-1.7202023,0.0972835123538971,0.9900199770927429,0.9206841588020325
YDR077W,YJL189W,0,-1.7227914,0.09727397561073303,0.9900199770927429,0.9207841753959656
YDL014W,YGR229C,0,-1.7239068,0.09726443886756897,0.9900199770927429,0.9208841919898987
YOR294W,YMR083W,0,-1.7244362,0.09725490212440491,0.9900199770927429,0.9209842085838318
YLR369W,YBL018C,0,-1.7251332,0.09724536538124084,0.9900199770927429,0.9210842251777649
YGL147C,YGL130W,0,-1.7255328,0.09723583608865738,0.9900199770927429,0.921184241771698
YDL036C,YKR045C,0,-1.7259798,0.09722630679607391,0.9900199770927429,0.9212842583656311
YCR002C,YDR356W,0,-1.727394,0.09721677750349045,0.9900199770927429,0.9213842749595642
YJL114W,YIL127C,0,-1.7275538,0.09720724821090698,0.9900199770927429,0.9214842915534973
YPL208W,YGL022W,0,-1.7275834,0.09719772636890411,0.9900199770927429,0.9215843081474304
YPL241C,YBR290W,0,-1.7279643,0.09718820452690125,0.9900199770927429,0.9216843247413635
YLR107W,YLR319C,0,-1.7282885,0.09717868268489838,0.9900199770927429,0.9217843413352966
YKL188C,YGR076C,0,-1.7283623,0.09716916084289551,0.9900199770927429,0.9218843579292297
YDR485C,YHL033C,0,-1.7292101,0.09715964645147324,0.9900199770927429,0.9219843745231628
YDR022C,YJR034W,0,-1.7304825,0.09715013206005096,0.9900199770927429,0.922084391117096
YLR430W,YLL005C,0,-1.7308962,0.09714061766862869,0.9900199770927429,0.922184407711029
YFL014W,YPL255W,0,-1.7310708,0.09713111072778702,0.9900199770927429,0.9222844839096069
YDR027C,YOR315W,0,-1.7316093,0.09712159633636475,0.9900199770927429,0.92238450050354
YBL100W-A,YIL131C,0,-1.7318745,0.09711208939552307,0.9900199770927429,0.9224845170974731
YER006W,YHR027C,0,-1.7321928,0.0971025824546814,0.9900199770927429,0.9225845336914062
YHR123W,YDL049C,0,-1.732764,0.09709308296442032,0.9900199770927429,0.9226845502853394
YNR072W,YFR005C,0,-1.7338802,0.09708357602357864,0.9900199770927429,0.9227845668792725
YOR310C,YGL095C,0,-1.7339698,0.09707407653331757,0.9900199770927429,0.9228845834732056
YKL180W,YPR156C,0,-1.7348437,0.09706457704305649,0.9900199770927429,0.9229846000671387
YLR314C,YOR233W,0,-1.7349185,0.09705508500337601,0.9900199770927429,0.9230846166610718
YNL151C,YBR098W,0,-1.7366922,0.09704558551311493,0.9900199770927429,0.9231846332550049
YOR201C,YPL020C,0,-1.7370597,0.09703609347343445,0.9900199770927429,0.923284649848938
YOL041C,YLR305C,0,-1.7386122,0.09702660143375397,0.9900199770927429,0.9233846664428711
YDL075W,YNL149C,0,-1.7397077,0.09701711684465408,0.9900199770927429,0.9234846830368042
YBR123C,YDR454C,0,-1.7409712,0.0970076248049736,0.9900199770927429,0.9235846996307373
YOR181W,YML052W,1,-1.7418799,0.09709592163562775,0.9910179376602173,0.9235846996307373
YBR298C,YGR028W,0,-1.7430851,0.09708642959594727,0.9910179376602173,0.9236847162246704
YGL040C,YDR198C,0,-1.743095,0.09707693755626678,0.9910179376602173,0.9237847328186035
YBL100W-A,YER113C,0,-1.7432609,0.0970674455165863,0.9910179376602173,0.9238847494125366
YML001W,YOL005C,0,-1.7446699,0.09705796092748642,0.9910179376602173,0.9239848256111145
YIL009C-A,YML049C,0,-1.7447268,0.09704847633838654,0.9910179376602173,0.9240848422050476
YMR011W,YJR140C,0,-1.745862,0.09703899174928665,0.9910179376602173,0.9241848587989807
YLR009W,YMR321C,0,-1.749434,0.09702950716018677,0.9910179376602173,0.9242848753929138
YOL128C,YPR052C,0,-1.7501442,0.09702003002166748,0.9910179376602173,0.9243848919868469
YDR329C,YIL039W,0,-1.7503083,0.0970105528831482,0.9910179376602173,0.92448490858078
YHR011W,YBR012W-A,0,-1.7503397,0.0970010757446289,0.9910179376602173,0.9245849251747131
YOL156W,YNL316C,0,-1.7503784,0.09699159860610962,0.9910179376602173,0.9246849417686462
YHR064C,YJR007W,0,-1.7505579,0.09698212891817093,0.9910179376602173,0.9247849583625793
YJR094W-A,YJL036W,0,-1.7510703,0.09697265923023224,0.9910179376602173,0.9248849749565125
YDR264C,YKL004W,0,-1.7515417,0.09696318954229355,0.9910179376602173,0.9249849915504456
YOR293W,YKL018W,0,-1.7521522,0.09695371985435486,0.9910179376602173,0.9250850081443787
YIL103W,YGR084C,0,-1.7526407,0.09694425761699677,0.9910179376602173,0.9251850247383118
YBL058W,YMR032W,0,-1.7531071,0.09693478792905807,0.9910179376602173,0.9252850413322449
YMR216C,YEL021W,0,-1.7538799,0.09692533314228058,0.9910179376602173,0.925385057926178
YJR031C,YLR107W,0,-1.7540548,0.09691587090492249,0.9910179376602173,0.9254850745201111
YLR074C,YBR010W,0,-1.7541522,0.09690640866756439,0.9910179376602173,0.9255850911140442
YNR002C,YNL128W,0,-1.7548177,0.0968969538807869,0.9910179376602173,0.9256851077079773
YML097C,YGR047C,0,-1.7563128,0.0968874990940094,0.9910179376602173,0.9257851839065552
YLL038C,YEL027W,1,-1.7567959,0.09697560966014862,0.9920159578323364,0.9257851839065552
YHR051W,YPL266W,0,-1.7574639,0.09696614742279053,0.9920159578323364,0.9258852005004883
YIR010W,YLR145W,0,-1.757796,0.09695669263601303,0.9920159578323364,0.9259852170944214
YDR088C,YKL021C,0,-1.7583838,0.09694723784923553,0.9920159578323364,0.9260852336883545
YJR032W,YPL167C,0,-1.7586741,0.09693778306245804,0.9920159578323364,0.9261852502822876
YKL082C,YMR231W,0,-1.7590333,0.09692832827568054,0.9920159578323364,0.9262852668762207
YOR127W,YHR085W,0,-1.7595294,0.09691887348890305,0.9920159578323364,0.9263852834701538
YNR054C,YGL044C,0,-1.7595702,0.09690942615270615,0.9920159578323364,0.9264853000640869
YDR180W,YDL092W,0,-1.7597568,0.09689997881650925,0.9920159578323364,0.92658531665802
YKL046C,YHR166C,0,-1.7606088,0.09689053148031235,0.9920159578323364,0.9266853332519531
YIL094C,YLR107W,0,-1.7629559,0.09688109159469604,0.9920159578323364,0.9267853498458862
YLL035W,YEL040W,0,-1.7640847,0.09687165170907974,0.9920159578323364,0.9268853664398193
YOL049W,YHR196W,0,-1.7646482,0.09686221182346344,0.9920159578323364,0.9269853830337524
YOL039W,YDR478W,0,-1.7648053,0.09685277193784714,0.9920159578323364,0.9270853996276855
YDR281C,YOL142W,0,-1.7649671,0.09684333950281143,0.9920159578323364,0.9271854162216187
YER095W,YPL057C,0,-1.7649672,0.09683389961719513,0.9920159578323364,0.9272854328155518
YPL148C,YCR047C,0,-1.7656347,0.09682446718215942,0.9920159578323364,0.9273854494094849
YCR087C-A,YER083C,0,-1.7660143,0.09681504219770432,0.9920159578323364,0.9274855256080627
YJL117W,YGL147C,0,-1.7664046,0.09680560976266861,0.9920159578323364,0.9275855422019958
YLR240W,YGL123W,0,-1.7668653,0.0967961847782135,0.9920159578323364,0.927685558795929
YGL122C,YLR187W,0,-1.7671541,0.09678675979375839,0.9920159578323364,0.9277855753898621
YNL244C,YHR167W,0,-1.7672179,0.09677733480930328,0.9920159578323364,0.9278855919837952
YDR034C,YJL191W,0,-1.7707223,0.09676790982484818,0.9920159578323364,0.9279856085777283
YDR454C,YNR026C,0,-1.770909,0.09675849229097366,0.9920159578323364,0.9280856251716614
YLR084C,YKR105C,0,-1.7710567,0.09674907475709915,0.9920159578323364,0.9281856417655945
YCL045C,YBR161W,0,-1.7721734,0.09673965722322464,0.9920159578323364,0.9282856583595276
YDR085C,YAR035W,0,-1.7735329,0.09673024713993073,0.9920159578323364,0.9283856749534607
YDR059C,YOR237W,1,-1.773719,0.09681813418865204,0.9930139780044556,0.9283856749534607
YER148W,YLR440C,0,-1.7747688,0.09680871665477753,0.9930139780044556,0.9284856915473938
YPL082C,YKL078W,0,-1.7749004,0.09679929912090302,0.9930139780044556,0.9285857081413269
YBL066C,YGR032W,0,-1.7752023,0.0967898815870285,0.9930139780044556,0.92868572473526
YDR031W,YLR286C,0,-1.7752717,0.09678047150373459,0.9930139780044556,0.9287857413291931
YPR192W,YMR291W,0,-1.7760106,0.09677105396986008,0.9930139780044556,0.9288857579231262
YER088C,YDR385W,0,-1.7763097,0.09676164388656616,0.9930139780044556,0.9289857745170593
YER053C,YPR192W,0,-1.7764779,0.09675223380327225,0.9930139780044556,0.9290857911109924
YNL206C,YGL225W,0,-1.7768435,0.09674283117055893,0.9930139780044556,0.9291858077049255
YHR039C-A,YLR106C,0,-1.7789755,0.09673342108726501,0.9930139780044556,0.9292858839035034
YDL020C,YHR196W,0,-1.7800384,0.0967240184545517,0.9930139780044556,0.9293859004974365
YOR298W,YGR264C,0,-1.780062,0.09671461582183838,0.9930139780044556,0.9294859170913696
YHR183W,YMR137C,0,-1.7802997,0.09670522063970566,0.9930139780044556,0.9295859336853027
YGR214W,YHR099W,0,-1.7805991,0.09669581800699234,0.9930139780044556,0.9296859502792358
YJL207C,YER117W,0,-1.7823919,0.09668642282485962,0.9930139780044556,0.929785966873169
YDL060W,YMR047C,0,-1.7826562,0.0966770276427269,0.9930139780044556,0.929885983467102
YPR060C,YNL050C,0,-1.7839203,0.09666763991117477,0.9930139780044556,0.9299860000610352
YIL155C,YML128C,0,-1.7840377,0.09665824472904205,0.9930139780044556,0.9300860166549683
YOR071C,YDR320C,0,-1.7843773,0.09664885699748993,0.9930139780044556,0.9301860332489014
YDL111C,YNL301C,0,-1.785267,0.0966394692659378,0.9930139780044556,0.9302860498428345
YAL025C,YER046W,0,-1.78535,0.09663008898496628,0.9930139780044556,0.9303860664367676
YMR029C,YPL017C,0,-1.7858148,0.09662070125341415,0.9930139780044556,0.9304860830307007
YKR068C,YCL031C,0,-1.7863922,0.09661132097244263,0.9930139780044556,0.9305860996246338
YDR524C,YIL091C,0,-1.7884815,0.0966019406914711,0.9930139780044556,0.9306861162185669
YLR022C,YDL143W,0,-1.7892157,0.09659256041049957,0.9930139780044556,0.9307861328125
YBR202W,YGL163C,0,-1.7904373,0.09658318758010864,0.9930139780044556,0.9308861494064331
YJR098C,YDR440W,0,-1.79075,0.09657381474971771,0.9930139780044556,0.930986225605011
YOR326W,YMR290C,0,-1.7944837,0.09656444191932678,0.9930139780044556,0.9310862421989441
YGR012W,YBR238C,0,-1.7958487,0.09655506908893585,0.9930139780044556,0.9311862587928772
YJR002W,YMR025W,0,-1.7962017,0.09654570370912552,0.9930139780044556,0.9312862753868103
YML093W,YKL183W,0,-1.7973173,0.09653633087873459,0.9930139780044556,0.9313862919807434
YNL227C,YCR053W,1,-1.7991171,0.0966239795088768,0.9940119981765747,0.9313862919807434
YMR112C,YNL248C,0,-1.8009928,0.09661460667848587,0.9940119981765747,0.9314863085746765
YKR048C,YGR166W,0,-1.8013732,0.09660524129867554,0.9940119981765747,0.9315863251686096
YOR022C,YLR002C,0,-1.8018763,0.0965958684682846,0.9940119981765747,0.9316863417625427
YGR231C,YKR006C,0,-1.802194,0.09658650308847427,0.9940119981765747,0.9317863583564758
YER110C,YLR090W,0,-1.8028924,0.09657713770866394,0.9940119981765747,0.9318863749504089
YGR198W,YNL227C,1,-1.8029206,0.09666472673416138,0.9950099587440491,0.9318863749504089
YHR021C,YHR128W,0,-1.8035915,0.09665535390377045,0.9950099587440491,0.931986391544342
YNL083W,YPL220W,0,-1.8037258,0.09664598852396011,0.9950099587440491,0.9320864081382751
YBR109C,YOR237W,1,-1.8040504,0.09673354774713516,0.9960079789161682,0.9320864081382751
YPL223C,YDR134C,0,-1.8048651,0.09672417491674423,0.9960079789161682,0.9321864247322083
YHL022C,YDR117C,0,-1.8051343,0.0967147946357727,0.9960079789161682,0.9322864413261414
YDR140W,YJL071W,0,-1.8060766,0.09670542925596237,0.9960079789161682,0.9323864579200745
YNL010W,YCL066W,0,-1.806191,0.09669605642557144,0.9960079789161682,0.9324864745140076
YPL256C,YHL033C,0,-1.8075793,0.09668669104576111,0.9960079789161682,0.9325864911079407
YDR083W,YML006C,0,-1.8078287,0.09667732566595078,0.9960079789161682,0.9326865077018738
YLR103C,YBR222C,0,-1.8080164,0.09666796028614044,0.9960079789161682,0.9327865839004517
YPR043W,YDR462W,0,-1.8080652,0.09665859490633011,0.9960079789161682,0.9328866004943848
YNL069C,YLR268W,0,-1.8085225,0.09664923697710037,0.9960079789161682,0.9329866170883179
YML032C,YBL028C,0,-1.8098114,0.09663987904787064,0.9960079789161682,0.933086633682251
YPR196W,YDR522C,0,-1.8098123,0.0966305211186409,0.9960079789161682,0.9331866502761841
YBL112C,YHR196W,0,-1.809964,0.09662116318941116,0.9960079789161682,0.9332866668701172
YFR032C-A,YJR076C,0,-1.8105196,0.09661181271076202,0.9960079789161682,0.9333866834640503
YGR070W,YPR028W,0,-1.810939,0.09660246223211288,0.9960079789161682,0.9334867000579834
YLR265C,YJL189W,0,-1.8112137,0.09659311175346375,0.9960079789161682,0.9335867166519165
YER013W,YGL255W,0,-1.816206,0.0965837612748146,0.9960079789161682,0.9336867332458496
YDR478W,YPL227C,0,-1.8176415,0.09657441824674606,0.9960079789161682,0.9337867498397827
YGL255W,YJL176C,0,-1.8187308,0.09656506776809692,0.9960079789161682,0.9338867664337158
YDL192W,YGR262C,0,-1.8191099,0.09655572474002838,0.9960079789161682,0.9339867830276489
YLL008W,YNL186W,0,-1.8194304,0.09654638916254044,0.9960079789161682,0.934086799621582
YPR048W,YPR054W,0,-1.8212371,0.0965370461344719,0.9960079789161682,0.9341868162155151
YDR324C,YJR068W,0,-1.8224437,0.09652771055698395,0.9960079789161682,0.9342868328094482
YNL009W,YGR271C-A,0,-1.8233142,0.096518374979496,0.9960079789161682,0.9343868494033813
YDR408C,YDL028C,0,-1.8246932,0.09650903940200806,0.9960079789161682,0.9344869256019592
YJR104C,YCR098C,0,-1.8247812,0.09649971127510071,0.9960079789161682,0.9345869421958923
YML022W,YOR038C,0,-1.8253474,0.09649038314819336,0.9960079789161682,0.9346869587898254
YOR301W,YFR028C,0,-1.8273126,0.09648105502128601,0.9960079789161682,0.9347869753837585
YNR057C,YOL017W,0,-1.828504,0.09647172689437866,0.9960079789161682,0.9348869919776917
YBR058C-A,YNL248C,0,-1.8287367,0.09646239876747131,0.9960079789161682,0.9349870085716248
YDR144C,YOL102C,0,-1.8305887,0.09645307809114456,0.9960079789161682,0.9350870251655579
YMR034C,YJL010C,0,-1.8320639,0.09644375741481781,0.9960079789161682,0.935187041759491
YIL073C,YJL006C,0,-1.833677,0.09643443673849106,0.9960079789161682,0.9352870583534241
YPR133W-A,YJL111W,0,-1.8344874,0.0964251235127449,0.9960079789161682,0.9353870749473572
YFL055W,YOR315W,0,-1.834627,0.09641580283641815,0.9960079789161682,0.9354870915412903
YHR062C,YGR076C,0,-1.8354036,0.096406489610672,0.9960079789161682,0.9355871081352234
YOL102C,YOL045W,0,-1.8355134,0.09639717638492584,0.9960079789161682,0.9356871247291565
YHR066W,YEL020C,0,-1.8361106,0.09638787060976028,0.9960079789161682,0.9357871413230896
YML113W,YBR276C,0,-1.8377833,0.09637855738401413,0.9960079789161682,0.9358871579170227
YER006W,YFL036W,0,-1.8383014,0.09636925160884857,0.9960079789161682,0.9359871745109558
YHR196W,YNL039W,0,-1.8392683,0.09635995328426361,0.9960079789161682,0.9360871911048889
YML039W,YAL041W,0,-1.8393604,0.09635064750909805,0.9960079789161682,0.936187207698822
YMR160W,YJL194W,0,-1.8399507,0.09634134918451309,0.9960079789161682,0.9362872838973999
YDR101C,YKL113C,0,-1.8422663,0.09633204340934753,0.9960079789161682,0.936387300491333
YGL205W,YLR410W,0,-1.843322,0.09632274508476257,0.9960079789161682,0.9364873170852661
YKL009W,YDL061C,0,-1.8455788,0.09631345421075821,0.9960079789161682,0.9365873336791992
YLR079W,YPL131W,0,-1.8468106,0.09630415588617325,0.9960079789161682,0.9366873502731323
YDL075W,YGR262C,0,-1.8472788,0.09629486501216888,0.9960079789161682,0.9367873668670654
YLR014C,YFR029W,0,-1.847503,0.09628557413816452,0.9960079789161682,0.9368873834609985
YGR027C,YGR113W,0,-1.8499012,0.09627629071474075,0.9960079789161682,0.9369874000549316
YOR284W,YCR010C,0,-1.850388,0.09626699984073639,0.9960079789161682,0.9370874166488647
YGL055W,YIL004C,0,-1.8508532,0.09625771641731262,0.9960079789161682,0.9371874332427979
YIL158W,YBR012W-A,0,-1.8529248,0.09624843299388885,0.9960079789161682,0.937287449836731
YBR073W,YER036C,0,-1.853693,0.09623914957046509,0.9960079789161682,0.9373874664306641
YNL301C,YOL044W,0,-1.8537121,0.09622987359762192,0.9960079789161682,0.9374874830245972
YLR285W,YNL027W,0,-1.8537638,0.09622059762477875,0.9960079789161682,0.9375874996185303
YBR132C,YMR006C,0,-1.8541796,0.09621131420135498,0.9960079789161682,0.9376875162124634
YER099C,YDR297W,0,-1.8572037,0.09620204567909241,0.9960079789161682,0.9377875328063965
YGL123W,YDL179W,0,-1.8572142,0.09619276970624924,0.9960079789161682,0.9378875494003296
YLR069C,YHR211W,0,-1.8574859,0.09618350118398666,0.9960079789161682,0.9379876255989075
YDR346C,YPL131W,0,-1.8581781,0.09617423266172409,0.9960079789161682,0.9380876421928406
YOL125W,YJL076W,0,-1.8587582,0.09616496413946152,0.9960079789161682,0.9381876587867737
YPR101W,YBR167C,0,-1.8587999,0.09615569561719894,0.9960079789161682,0.9382876753807068
YLR419W,YOL149W,0,-1.8591021,0.09614643454551697,0.9960079789161682,0.9383876919746399
YPR009W,YJR067C,0,-1.8620951,0.09613717347383499,0.9960079789161682,0.938487708568573
YOR337W,YER148W,0,-1.8636471,0.09612791240215302,0.9960079789161682,0.9385877251625061
YPL131W,YDR151C,0,-1.8640108,0.09611865878105164,0.9960079789161682,0.9386877417564392
YBR261C,YJR135C,0,-1.8642385,0.09610939770936966,0.9960079789161682,0.9387877583503723
YJR064W,YBL026W,0,-1.8657856,0.09610014408826828,0.9960079789161682,0.9388877749443054
YML093W,YJL030W,0,-1.8670464,0.0960908904671669,0.9960079789161682,0.9389877915382385
YMR302C,YJL011C,0,-1.8678133,0.09608163684606552,0.9960079789161682,0.9390878081321716
YPR125W,YKR094C,0,-1.8687749,0.09607239067554474,0.9960079789161682,0.9391878247261047
YGL145W,YOR243C,0,-1.86907,0.09606314450502396,0.9960079789161682,0.9392878413200378
YDR298C,YPL230W,0,-1.8694221,0.09605389833450317,0.9960079789161682,0.939387857913971
YJR082C,YOL133W,0,-1.8695021,0.09604465216398239,0.9960079789161682,0.939487874507904
YGL201C,YBL002W,0,-1.8697942,0.0960354134440422,0.9960079789161682,0.9395878911018372
YHR064C,YNL087W,0,-1.8698363,0.09602617472410202,0.9960079789161682,0.939687967300415
YMR005W,YDL092W,0,-1.8698499,0.09601693600416183,0.9960079789161682,0.9397879838943481
YOL092W,YDR524C,0,-1.8702683,0.09600769728422165,0.9960079789161682,0.9398880004882812
YLL045C,YDL044C,0,-1.870728,0.09599845856428146,0.9960079789161682,0.9399880170822144
YOR295W,YJL008C,0,-1.8710917,0.09598922729492188,0.9960079789161682,0.9400880336761475
YNL069C,YPL110C,0,-1.8722713,0.09597999602556229,0.9960079789161682,0.9401880502700806
YML001W,YNL227C,1,-1.8731742,0.0960669293999672,0.9970059990882874,0.9401880502700806
YBR132C,YML024W,0,-1.8735143,0.09605769068002701,0.9970059990882874,0.9402880668640137
YLR276C,YBL039C,0,-1.8742529,0.09604845941066742,0.9970059990882874,0.9403880834579468
YHR152W,YML056C,0,-1.8743246,0.09603922069072723,0.9970059990882874,0.9404881000518799
YOR234C,YMR308C,0,-1.878082,0.09602998942136765,0.9970059990882874,0.940588116645813
YDR465C,YPR124W,0,-1.8812679,0.09602075815200806,0.9970059990882874,0.9406881332397461
YOL108C,YOL040C,0,-1.8824279,0.09601153433322906,0.9970059990882874,0.9407881498336792
YOL156W,YDR113C,0,-1.8825752,0.09600230306386948,0.9970059990882874,0.9408881664276123
YGR008C,YOL040C,0,-1.8847594,0.09599307924509048,0.9970059990882874,0.9409881830215454
YOL124C,YCL061C,0,-1.8847665,0.09598385542631149,0.9970059990882874,0.9410881996154785
YKL182W,YOR381W,0,-1.8850048,0.0959746390581131,0.9970059990882874,0.9411882162094116
YNL331C,YNL001W,0,-1.8857485,0.0959654152393341,0.9970059990882874,0.9412882328033447
YGL148W,YKL116C,0,-1.886261,0.09595619887113571,0.9970059990882874,0.9413882493972778
YCR060W,YOR106W,0,-1.886961,0.09594698250293732,0.9970059990882874,0.9414883255958557
YDR067C,YOR083W,0,-1.8906665,0.09593777358531952,0.9970059990882874,0.9415883421897888
YDL194W,YJR101W,0,-1.891218,0.09592855721712112,0.9970059990882874,0.9416883587837219
YML006C,YOL142W,0,-1.8914769,0.09591934829950333,0.9970059990882874,0.941788375377655
YPL275W,YLR222C,0,-1.8919823,0.09591013938188553,0.9970059990882874,0.9418883919715881
YDL014W,YOL097C,0,-1.8927981,0.09590093046426773,0.9970059990882874,0.9419884085655212
YLL017W,YPR112C,0,-1.8932867,0.09589172899723053,0.9970059990882874,0.9420884251594543
YLL012W,YDR299W,0,-1.8954574,0.09588252007961273,0.9970059990882874,0.9421884417533875
YJR075W,YAR066W,0,-1.8967125,0.09587331861257553,0.9970059990882874,0.9422884583473206
YNL126W,YLR441C,0,-1.8969324,0.09586411714553833,0.9970059990882874,0.9423884749412537
YPL093W,YER145C,0,-1.8978881,0.09585492312908173,0.9970059990882874,0.9424884915351868
YDL171C,YGR191W,0,-1.8986223,0.09584572911262512,0.9970059990882874,0.9425885081291199
YPL268W,YML022W,0,-1.8987185,0.09583652764558792,0.9970059990882874,0.942688524723053
YDR460W,YPR137W,0,-1.8997009,0.09582734107971191,0.9970059990882874,0.9427885413169861
YMR224C,YGR148C,0,-1.900886,0.09581814706325531,0.9970059990882874,0.9428885579109192
YKL074C,YML018C,0,-1.901177,0.0958089604973793,0.9970059990882874,0.9429885745048523
YMR224C,YEL034W,0,-1.9015555,0.0957997664809227,0.9970059990882874,0.9430885910987854
YNL292W,YDR346C,0,-1.9016511,0.09579058736562729,0.9970059990882874,0.9431886672973633
YOR310C,YBL078C,0,-1.9021056,0.09578140079975128,0.9970059990882874,0.9432886838912964
YGR081C,YDL133C-A,0,-1.9030876,0.09577221423387527,0.9970059990882874,0.9433887004852295
YKR056W,YNL154C,0,-1.9042444,0.09576303511857986,0.9970059990882874,0.9434887170791626
YKR039W,YJL050W,0,-1.9047089,0.09575385600328445,0.9970059990882874,0.9435887336730957
YDR472W,YDR409W,0,-1.9050721,0.09574468433856964,0.9970059990882874,0.9436887502670288
YMR114C,YOR061W,0,-1.9051893,0.09573550522327423,0.9970059990882874,0.9437887668609619
YJR047C,YIL020C,0,-1.9052727,0.09572633355855942,0.9970059990882874,0.943888783454895
YIL079C,YDR153C,0,-1.905819,0.0957171618938446,0.9970059990882874,0.9439888000488281
YJL190C,YOR243C,0,-1.9072919,0.09570799022912979,0.9970059990882874,0.9440888166427612
YKL108W,YAR014C,0,-1.9073911,0.09569881856441498,0.9970059990882874,0.9441888332366943
YDR146C,YAR071W,0,-1.9082623,0.09568965435028076,0.9970059990882874,0.9442888498306274
YEL003W,YKL139W,0,-1.9098334,0.09568049013614655,0.9970059990882874,0.9443888664245605
YMR142C,YNL149C,0,-1.9114814,0.09567132592201233,0.9970059990882874,0.9444888830184937
YGL205W,YNL248C,0,-1.9134804,0.09566216915845871,0.9970059990882874,0.9445888996124268
YGR275W,YIL143C,0,-1.913731,0.0956530049443245,0.9970059990882874,0.9446889162063599
YGR225W,YPL081W,0,-1.9137955,0.09564384818077087,0.9970059990882874,0.944788932800293
YLR314C,YHR061C,0,-1.9143164,0.09563469141721725,0.9970059990882874,0.9448889493942261
YER007W,YGR214W,0,-1.9144425,0.09562554210424423,0.9970059990882874,0.944989025592804
YDR120C,YBR010W,0,-1.9153125,0.09561638534069061,0.9970059990882874,0.9450890421867371
YLL012W,YFL034C-A,0,-1.9166012,0.09560723602771759,0.9970059990882874,0.9451890587806702
YJR083C,YMR146C,0,-1.9167508,0.09559808671474457,0.9970059990882874,0.9452890753746033
YKR008W,YIL020C,0,-1.9187435,0.09558893740177155,0.9970059990882874,0.9453890919685364
YDR332W,YER016W,0,-1.919286,0.09557979553937912,0.9970059990882874,0.9454891085624695
YMR270C,YJL010C,0,-1.9192913,0.0955706462264061,0.9970059990882874,0.9455891251564026
YGL253W,YKL221W,0,-1.9203707,0.09556150436401367,0.9970059990882874,0.9456891417503357
YMR014W,YOR214C,0,-1.9208038,0.09555236995220184,0.9970059990882874,0.9457891583442688
YKL109W,YEL050C,0,-1.9211932,0.09554322808980942,0.9970059990882874,0.9458891749382019
YDR037W,YMR303C,0,-1.9235268,0.09553409367799759,0.9970059990882874,0.945989191532135
YLR388W,YIL111W,0,-1.9235551,0.09552495926618576,0.9970059990882874,0.9460892081260681
YNL292W,YOR355W,0,-1.9236033,0.09551582485437393,0.9970059990882874,0.9461892247200012
YKL170W,YPL015C,0,-1.9236925,0.0955066904425621,0.9970059990882874,0.9462892413139343
YPR096C,YDR064W,0,-1.9240096,0.09549756348133087,0.9970059990882874,0.9463892579078674
YEL003W,YER165W,0,-1.9262422,0.09548843652009964,0.9970059990882874,0.9464892745018005
YNL291C,YLR129W,0,-1.9263132,0.09547930955886841,0.9970059990882874,0.9465892910957336
YPL093W,YMR067C,0,-1.9274089,0.09547018259763718,0.9970059990882874,0.9466893672943115
YER054C,YOR071C,0,-1.928813,0.09546106308698654,0.9970059990882874,0.9467893838882446
YOL141W,YKL096W-A,0,-1.9291208,0.09545193612575531,0.9970059990882874,0.9468894004821777
YDR524C,YOR242C,0,-1.9294082,0.09544281661510468,0.9970059990882874,0.9469894170761108
YIL122W,YPR168W,0,-1.9305422,0.09543370455503464,0.9970059990882874,0.947089433670044
YER137C,YOL103W,0,-1.9308442,0.095424585044384,0.9970059990882874,0.947189450263977
YER110C,YMR117C,0,-1.9309231,0.09541547298431396,0.9970059990882874,0.9472894668579102
YOL125W,YJL090C,0,-1.9310962,0.09540636092424393,0.9970059990882874,0.9473894834518433
YGR063C,YLR183C,0,-1.9321694,0.09539724886417389,0.9970059990882874,0.9474895000457764
YKL182W,YPL074W,0,-1.9322466,0.09538814425468445,0.9970059990882874,0.9475895166397095
YOR324C,YGL023C,0,-1.9323773,0.09537903219461441,0.9970059990882874,0.9476895332336426
YLR040C,YNL050C,0,-1.9325458,0.09536992758512497,0.9970059990882874,0.9477895498275757
YCL059C,YGL207W,0,-1.9327195,0.09536082297563553,0.9970059990882874,0.9478895664215088
YIL046W,YHR216W,0,-1.9333518,0.09535172581672668,0.9970059990882874,0.9479895830154419
YOR159C,YIL110W,0,-1.9340235,0.09534262120723724,0.9970059990882874,0.948089599609375
YPR061C,YMR123W,0,-1.9382172,0.0953335240483284,0.9970059990882874,0.9481896162033081
YDL014W,YMR302C,0,-1.9389256,0.09532442688941956,0.9970059990882874,0.9482896327972412
YKL018W,YOL142W,0,-1.9391742,0.09531532973051071,0.9970059990882874,0.9483896493911743
YCR060W,YFL002C,0,-1.9392107,0.09530624002218246,0.9970059990882874,0.9484897255897522
YDL061C,YDR074W,0,-1.9418674,0.09529715031385422,0.9970059990882874,0.9485897421836853
YPR032W,YKL172W,0,-1.9462271,0.09528806060552597,0.9970059990882874,0.9486897587776184
YGR280C,YDL069C,0,-1.9473703,0.09527897089719772,0.9970059990882874,0.9487897753715515
YIL020C,YNR070W,0,-1.9484845,0.09526988118886948,0.9970059990882874,0.9488897919654846
YPR002W,YML043C,0,-1.9488025,0.09526079893112183,0.9970059990882874,0.9489898085594177
YHR143W-A,YOR278W,0,-1.9497056,0.09525171667337418,0.9970059990882874,0.9490898251533508
YKL175W,YDR017C,0,-1.950982,0.09524263441562653,0.9970059990882874,0.9491898417472839
YJR152W,YML022W,0,-1.9519434,0.09523355215787888,0.9970059990882874,0.949289858341217
YOR064C,YGR277C,0,-1.9523408,0.09522447735071182,0.9970059990882874,0.9493898749351501
YHL013C,YHR101C,0,-1.9565411,0.09521540254354477,0.9970059990882874,0.9494898915290833
YGR274C,YDR097C,0,-1.957643,0.09520632773637772,0.9970059990882874,0.9495899081230164
YML113W,YMR202W,0,-1.9578516,0.09519725292921066,0.9970059990882874,0.9496899247169495
YJL095W,YNL248C,0,-1.9624286,0.0951881855726242,0.9970059990882874,0.9497899413108826
YML009C,YPL072W,0,-1.9631112,0.09517911821603775,0.9970059990882874,0.9498899579048157
YMR161W,YHL033C,0,-1.9637,0.0951700508594513,0.9970059990882874,0.9499899744987488
YER126C,YDR113C,0,-1.9659035,0.09516098350286484,0.9970059990882874,0.9500899910926819
YOR056C,YFL037W,0,-1.9673731,0.09515191614627838,0.9970059990882874,0.9501900672912598
YOR167C,YGL124C,0,-1.9674168,0.09514285624027252,0.9970059990882874,0.9502900838851929
YDR420W,YER008C,0,-1.970303,0.09513379633426666,0.9970059990882874,0.950390100479126
YDR472W,YNL110C,0,-1.9705806,0.0951247364282608,0.9970059990882874,0.9504901170730591
YJL063C,YLR002C,0,-1.9706094,0.09511568397283554,0.9970059990882874,0.9505901336669922
YKL156W,YBR009C,0,-1.9707482,0.09510662406682968,0.9970059990882874,0.9506901502609253
YBL027W,YLR430W,0,-1.9713566,0.09509757161140442,0.9970059990882874,0.9507901668548584
YDR347W,YBR291C,0,-1.9715766,0.09508851915597916,0.9970059990882874,0.9508901834487915
YGR225W,YDL110C,0,-1.9720113,0.09507947415113449,0.9970059990882874,0.9509902000427246
YKR056W,YJL071W,0,-1.9752556,0.09507042169570923,0.9970059990882874,0.9510902166366577
YHR167W,YNR046W,0,-1.9754577,0.09506137669086456,0.9970059990882874,0.9511902332305908
YPL200W,YLR401C,0,-1.9764833,0.0950523316860199,0.9970059990882874,0.9512902498245239
YBR141C,YLR319C,0,-1.9777305,0.09504328668117523,0.9970059990882874,0.951390266418457
YPL090C,YLR291C,0,-1.9780645,0.09503424912691116,0.9970059990882874,0.9514902830123901
YPL082C,YOR373W,0,-1.9786701,0.0950252041220665,0.9970059990882874,0.9515902996063232
YPR002W,YNL049C,0,-1.9806677,0.09501616656780243,0.9970059990882874,0.9516903162002563
YLR172C,YDL148C,0,-1.9818633,0.09500712901353836,0.9970059990882874,0.9517903327941895
YDL192W,YKL156W,0,-1.9822491,0.09499809890985489,0.9970059990882874,0.9518903493881226
YBL082C,YPL079W,0,-1.9853177,0.09498906880617142,0.9970059990882874,0.9519904255867004
YPL020C,YJL191W,0,-1.9863373,0.09498003125190735,0.9970059990882874,0.9520904421806335
YDR054C,YPL266W,0,-1.9884778,0.09497100114822388,0.9970059990882874,0.9521904587745667
YML132W,YPR137W,0,-1.9948874,0.094961978495121,0.9970059990882874,0.9522904753684998
YOR036W,YNL014W,0,-1.9953051,0.09495294839143753,0.9970059990882874,0.9523904919624329
YJL066C,YNL302C,0,-1.9962168,0.09494392573833466,0.9970059990882874,0.952490508556366
YHR203C,YJR055W,0,-1.9962565,0.09493490308523178,0.9970059990882874,0.9525905251502991
YNR022C,YJL050W,0,-1.9963489,0.0949258804321289,0.9970059990882874,0.9526905417442322
YKL046C,YDL192W,0,-1.9968431,0.09491686522960663,0.9970059990882874,0.9527905583381653
YDR449C,YIR005W,0,-1.9985418,0.09490785002708435,0.9970059990882874,0.9528905749320984
YBR098W,YHR059W,0,-2.000286,0.09489883482456207,0.9970059990882874,0.9529905915260315
YLL032C,YOR233W,0,-2.0009809,0.0948898196220398,0.9970059990882874,0.9530906081199646
YLR003C,YOR304W,0,-2.004469,0.09488080441951752,0.9970059990882874,0.9531906247138977
YBR039W,YBR104W,0,-2.0050445,0.09487179666757584,0.9970059990882874,0.9532906413078308
YDR465C,YJR098C,0,-2.005221,0.09486278891563416,0.9970059990882874,0.9533906579017639
YJL080C,YPL266W,0,-2.0061495,0.09485378116369247,0.9970059990882874,0.953490674495697
YDL201W,YJL036W,0,-2.0071032,0.0948447734117508,0.9970059990882874,0.9535906910896301
YML088W,YHR072W,0,-2.008691,0.09483577311038971,0.9970059990882874,0.953690767288208
YMR270C,YKL074C,0,-2.0096292,0.09482676535844803,0.9970059990882874,0.9537907838821411
YDR285W,YGL103W,0,-2.0112932,0.09481776505708694,0.9970059990882874,0.9538908004760742
YOR304W,YHR069C,0,-2.0116317,0.09480877220630646,0.9970059990882874,0.9539908170700073
YGR106C,YER006W,0,-2.0118356,0.09479977190494537,0.9970059990882874,0.9540908336639404
YKR081C,YCR028C,0,-2.0131943,0.09479077905416489,0.9970059990882874,0.9541908502578735
YMR137C,YGR262C,0,-2.0161486,0.0947817862033844,0.9970059990882874,0.9542908668518066
YNL315C,YBL002W,0,-2.0180438,0.09477279335260391,0.9970059990882874,0.9543908834457397
YGL232W,YPL081W,0,-2.020333,0.09476380050182343,0.9970059990882874,0.9544909000396729
YJL125C,YFL008W,0,-2.0208142,0.09475481510162354,0.9970059990882874,0.954590916633606
YML106W,YBR186W,0,-2.0227003,0.09474582970142365,0.9970059990882874,0.9546909332275391
YJL143W,YLR204W,0,-2.023164,0.09473684430122375,0.9970059990882874,0.9547909498214722
YKL056C,YOR073W,0,-2.0234115,0.09472785890102386,0.9970059990882874,0.9548909664154053
YLR226W,YPL037C,0,-2.0252347,0.09471888095140457,0.9970059990882874,0.9549909830093384
YIL122W,YGR276C,0,-2.0252397,0.09470989555120468,0.9970059990882874,0.9550909996032715
YEL011W,YPL127C,0,-2.0261123,0.09470091760158539,0.9970059990882874,0.9551910161972046
YOR371C,YMR143W,0,-2.0264854,0.0946919396519661,0.9970059990882874,0.9552910327911377
YMR049C,YBR202W,0,-2.0281856,0.0946829691529274,0.9970059990882874,0.9553910493850708
YIL133C,YGR200C,0,-2.030932,0.0946739986538887,0.9970059990882874,0.9554911255836487
YML026C,YGR140W,0,-2.0314326,0.09466502070426941,0.9970059990882874,0.9555911421775818
YBR087W,YNL256W,0,-2.0318408,0.09465605765581131,0.9970059990882874,0.9556911587715149
YFR003C,YBL091C-A,0,-2.031934,0.09464708715677261,0.9970059990882874,0.955791175365448
YJL148W,YBL092W,0,-2.0333984,0.09463812410831451,0.9970059990882874,0.9558911919593811
YHR187W,YJL204C,0,-2.034388,0.09462915360927582,0.9970059990882874,0.9559912085533142
YKR056W,YBL009W,0,-2.0356047,0.09462019056081772,0.9970059990882874,0.9560912251472473
YOR149C,YDR046C,0,-2.0363495,0.09461123496294022,0.9970059990882874,0.9561912417411804
YML043C,YLL062C,0,-2.038196,0.09460227191448212,0.9970059990882874,0.9562912583351135
YDR339C,YHR059W,0,-2.0406544,0.09459331631660461,0.9970059990882874,0.9563912749290466
YDR364C,YJR082C,0,-2.0423887,0.09458436071872711,0.9970059990882874,0.9564912915229797
YKR036C,YMR201C,0,-2.0430026,0.09457540512084961,0.9970059990882874,0.9565913081169128
YNL151C,YHR059W,0,-2.0445442,0.0945664495229721,0.9970059990882874,0.956691324710846
YHL009C,YOR038C,0,-2.0450647,0.0945575013756752,0.9970059990882874,0.956791341304779
YAL003W,YDR494W,0,-2.0460048,0.0945485532283783,0.9970059990882874,0.9568913578987122
YPL111W,YLR372W,0,-2.0475788,0.09453960508108139,0.9970059990882874,0.9569913744926453
YHL001W,YOR297C,0,-2.0492206,0.09453065693378448,0.9970059990882874,0.9570913910865784
YFR001W,YPL016W,0,-2.0504353,0.09452171623706818,0.9970059990882874,0.9571914672851562
YGL135W,YNL147W,0,-2.052356,0.09451277554035187,0.9970059990882874,0.9572914838790894
YDR225W,YDR299W,0,-2.053023,0.09450383484363556,0.9970059990882874,0.9573915004730225
YLR372W,YOR063W,0,-2.0530674,0.09449489414691925,0.9970059990882874,0.9574915170669556
YER148W,YPL151C,0,-2.055013,0.09448595345020294,0.9970059990882874,0.9575915336608887
YEL054C,YCR098C,0,-2.0555873,0.09447702020406723,0.9970059990882874,0.9576915502548218
YBR271W,YLR045C,0,-2.0592904,0.09446808695793152,0.9970059990882874,0.9577915668487549
YCR083W,YMR168C,0,-2.0611582,0.0944591537117958,0.9970059990882874,0.957891583442688
YOR287C,YFR004W,0,-2.0612957,0.0944502204656601,0.9970059990882874,0.9579916000366211
YPL032C,YLL038C,1,-2.0613055,0.09453582763671875,0.9980040192604065,0.9579916000366211
YJL034W,YPL162C,0,-2.0662487,0.09452689439058304,0.9980040192604065,0.9580916166305542
YPL012W,YOR075W,0,-2.0680509,0.09451796114444733,0.9980040192604065,0.9581916332244873
YOR304C-A,YLR372W,0,-2.0680683,0.09450902789831161,0.9980040192604065,0.9582916498184204
YOR025W,YJL178C,0,-2.0690234,0.0945000946521759,0.9980040192604065,0.9583916664123535
YCR072C,YJL153C,0,-2.0707202,0.09449116140604019,0.9980040192604065,0.9584916830062866
YAR008W,YPR060C,0,-2.070895,0.09448223561048508,0.9980040192604065,0.9585916996002197
YBR048W,YMR251W-A,0,-2.0718417,0.09447330981492996,0.9980040192604065,0.9586917161941528
YEL017C-A,YBL026W,0,-2.0727603,0.09446438401937485,0.9980040192604065,0.9587917327880859
YBR238C,YLR396C,0,-2.074881,0.09445546567440033,0.9980040192604065,0.958891749382019
YLL035W,YDR432W,0,-2.079137,0.09444653987884521,0.9980040192604065,0.9589918255805969
YCR046C,YBL078C,0,-2.0798945,0.0944376215338707,0.9980040192604065,0.95909184217453
YNR075W,YBR155W,0,-2.0819485,0.09442870318889618,0.9980040192604065,0.9591918587684631
YPR124W,YNL096C,0,-2.0823426,0.09441979229450226,0.9980040192604065,0.9592918753623962
YKL053C-A,YLR151C,0,-2.0856783,0.09441087394952774,0.9980040192604065,0.9593918919563293
YPL016W,YMR146C,0,-2.0856788,0.09440196305513382,0.9980040192604065,0.9594919085502625
YDR107C,YDL153C,0,-2.0882628,0.0943930521607399,0.9980040192604065,0.9595919251441956
YBL054W,YNL220W,0,-2.0887167,0.09438414126634598,0.9980040192604065,0.9596919417381287
YJL112W,YOL139C,0,-2.0904694,0.09437523782253265,0.9980040192604065,0.9597919583320618
YCR087C-A,YML109W,0,-2.0915186,0.09436632692813873,0.9980040192604065,0.9598919749259949
YKL112W,YDR414C,0,-2.093392,0.09435742348432541,0.9980040192604065,0.959991991519928
YKL089W,YLR014C,0,-2.0968804,0.09434852004051208,0.9980040192604065,0.9600920081138611
YHR070W,YIL133C,0,-2.0974367,0.09433962404727936,0.9980040192604065,0.9601920247077942
YOR094W,YNL122C,0,-2.0986583,0.09433072060346603,0.9980040192604065,0.9602920413017273
YOL077C,YLR103C,0,-2.101317,0.0943218246102333,0.9980040192604065,0.9603920578956604
YDR083W,YNL129W,0,-2.1024377,0.09431292861700058,0.9980040192604065,0.9604920744895935
YGL236C,YOL158C,0,-2.1037467,0.09430403262376785,0.9980040192604065,0.9605920910835266
YLR069C,YCR039C,0,-2.1067576,0.09429514408111572,0.9980040192604065,0.9606921672821045
YDR104C,YJL050W,0,-2.1103845,0.09428625553846359,0.9980040192604065,0.9607921838760376
YNL208W,YLR325C,0,-2.1104407,0.09427736699581146,0.9980040192604065,0.9608922004699707
YDL137W,YIR012W,0,-2.113194,0.09426847845315933,0.9980040192604065,0.9609922170639038
YOL120C,YBR061C,0,-2.114152,0.0942595899105072,0.9980040192604065,0.9610922336578369
YNL107W,YKR092C,0,-2.1156502,0.09425070881843567,0.9980040192604065,0.96119225025177
YJL133W,YMR123W,0,-2.1177564,0.09424182772636414,0.9980040192604065,0.9612922668457031
YOR194C,YFL023W,0,-2.1204617,0.0942329466342926,0.9980040192604065,0.9613922834396362
YMR127C,YER131W,0,-2.1215215,0.09422406554222107,0.9980040192604065,0.9614923000335693
YPR186C,YAL034W-A,0,-2.1220965,0.09421518445014954,0.9980040192604065,0.9615923166275024
YMR282C,YPR184W,0,-2.1237705,0.0942063108086586,0.9980040192604065,0.9616923332214355
YBR172C,YOL068C,0,-2.1289325,0.09419743716716766,0.9980040192604065,0.9617923498153687
YJL207C,YMR176W,0,-2.1293397,0.09418856352567673,0.9980040192604065,0.9618923664093018
YOR323C,YHL033C,0,-2.1308157,0.09417969733476639,0.9980040192604065,0.9619923830032349
YDR527W,YOR283W,0,-2.1374998,0.09417082369327545,0.9980040192604065,0.962092399597168
YPL104W,YMR128W,0,-2.1402776,0.09416195750236511,0.9980040192604065,0.9621924161911011
YKL027W,YOL137W,0,-2.1408887,0.09415309131145477,0.9980040192604065,0.9622924327850342
YMR321C,YGL211W,0,-2.1413412,0.09414423257112503,0.9980040192604065,0.9623924493789673
YDR037W,YPR060C,0,-2.1436229,0.09413536638021469,0.9980040192604065,0.9624925255775452
YBR037C,YPR021C,0,-2.1443017,0.09412650763988495,0.9980040192604065,0.9625925421714783
YBL084C,YMR013C,0,-2.1446302,0.0941176488995552,0.9980040192604065,0.9626925587654114
YOR039W,YPL093W,0,-2.1457806,0.09410879015922546,0.9980040192604065,0.9627925753593445
YPL038W,YDL150W,0,-2.1462698,0.09409993141889572,0.9980040192604065,0.9628925919532776
YGR071C,YNL153C,0,-2.1476488,0.09409108012914658,0.9980040192604065,0.9629926085472107
YKL082C,YPL276W,0,-2.1491032,0.09408222883939743,0.9980040192604065,0.9630926251411438
YNL311C,YLR003C,0,-2.1508875,0.09407337754964828,0.9980040192604065,0.9631926417350769
YDL164C,YDL051W,0,-2.1514354,0.09406452625989914,0.9980040192604065,0.96329265832901
YHR089C,YKR008W,0,-2.1599412,0.09405568242073059,0.9980040192604065,0.9633926749229431
YMR034C,YDL051W,0,-2.1601658,0.09404683858156204,0.9980040192604065,0.9634926915168762
YDR228C,YDR364C,0,-2.163054,0.0940379947423935,0.9980040192604065,0.9635927081108093
YLR340W,YMR203W,0,-2.1636603,0.09402915090322495,0.9980040192604065,0.9636927247047424
YKR025W,YJR140C,0,-2.1639895,0.0940203070640564,0.9980040192604065,0.9637927412986755
YML018C,YDR147W,0,-2.165116,0.09401147067546844,0.9980040192604065,0.9638927578926086
YPR033C,YCL050C,0,-2.165768,0.0940026342868805,0.9980040192604065,0.9639927744865417
YBR057C,YHL009C,0,-2.16734,0.09399379789829254,0.9980040192604065,0.9640927910804749
YLL035W,YGL008C,0,-2.169575,0.09398496150970459,0.9980040192604065,0.9641928672790527
YDL207W,YMR202W,0,-2.1700554,0.09397613257169724,0.9980040192604065,0.9642928838729858
YOR064C,YOR148C,0,-2.1730385,0.09396729618310928,0.9980040192604065,0.964392900466919
YHR203C,YBL009W,0,-2.1769426,0.09395846724510193,0.9980040192604065,0.964492917060852
YGR220C,YDL082W,0,-2.176951,0.09394964575767517,0.9980040192604065,0.9645929336547852
YBR214W,YHR105W,0,-2.1808467,0.09394081681966782,0.9980040192604065,0.9646929502487183
YPR035W,YDR134C,0,-2.1809747,0.09393199533224106,0.9980040192604065,0.9647929668426514
YIL158W,YMR171C,0,-2.1810572,0.0939231738448143,0.9980040192604065,0.9648929834365845
YPR111W,YER148W,0,-2.1832445,0.09391435235738754,0.9980040192604065,0.9649930000305176
YGR258C,YLR405W,0,-2.1849504,0.09390553086996078,0.9980040192604065,0.9650930166244507
YGR104C,YBL028C,0,-2.1854029,0.09389671683311462,0.9980040192604065,0.9651930332183838
YAR008W,YGR169C,0,-2.1864972,0.09388789534568787,0.9980040192604065,0.9652930498123169
YNL129W,YML046W,0,-2.1881206,0.0938790813088417,0.9980040192604065,0.96539306640625
YGR020C,YOR206W,0,-2.1891828,0.09387027472257614,0.9980040192604065,0.9654930830001831
YML073C,YOR242C,0,-2.191182,0.09386146068572998,0.9980040192604065,0.9655930995941162
YOR293W,YHL020C,0,-2.1954284,0.09385265409946442,0.9980040192604065,0.9656931161880493
YGR277C,YGL021W,0,-2.2006574,0.09384384751319885,0.9980040192604065,0.9657931327819824
YGR033C,YNL323W,0,-2.203184,0.09383504092693329,0.9980040192604065,0.9658931493759155
YDL121C,YGR063C,0,-2.209148,0.09382623434066772,0.9980040192604065,0.9659932255744934
YOL115W,YML005W,0,-2.2104893,0.09381742775440216,0.9980040192604065,0.9660932421684265
YBL018C,YKR092C,0,-2.2110665,0.0938086286187172,0.9980040192604065,0.9661932587623596
YDL014W,YOL090W,0,-2.2128544,0.09379982948303223,0.9980040192604065,0.9662932753562927
YKR025W,YBR200W,0,-2.213402,0.09379103034734726,0.9980040192604065,0.9663932919502258
YHL001W,YJR089W,0,-2.213882,0.09378223866224289,0.9980040192604065,0.9664933085441589
YPL122C,YKL180W,0,-2.215941,0.09377344697713852,0.9980040192604065,0.966593325138092
YER110C,YPL227C,0,-2.2180424,0.09376464784145355,0.9980040192604065,0.9666933417320251
YKR025W,YJL008C,0,-2.2188132,0.09375585615634918,0.9980040192604065,0.9667933583259583
YPR151C,YPL098C,0,-2.2192295,0.09374707192182541,0.9980040192604065,0.9668933749198914
YDR368W,YNL175C,0,-2.222401,0.09373828023672104,0.9980040192604065,0.9669933915138245
YGL201C,YMR182C,0,-2.2262278,0.09372949600219727,0.9980040192604065,0.9670934081077576
YNL290W,YPR137W,0,-2.2276702,0.09372071176767349,0.9980040192604065,0.9671934247016907
YHR064C,YPL266W,0,-2.2293103,0.09371192753314972,0.9980040192604065,0.9672934412956238
YEL050C,YJL198W,0,-2.2319982,0.09370315074920654,0.9980040192604065,0.9673934578895569
YNL122C,YPL079W,0,-2.2346907,0.09369436651468277,0.9980040192604065,0.96749347448349
YKL003C,YDL136W,0,-2.2372813,0.0936855897307396,0.9980040192604065,0.9675934910774231
YLL034C,YBR084C-A,0,-2.2386854,0.09367681294679642,0.9980040192604065,0.967693567276001
YJL104W,YPR016C,0,-2.2392426,0.09366804361343384,0.9980040192604065,0.9677935838699341
YER161C,YFL002C,0,-2.2414088,0.09365926682949066,0.9980040192604065,0.9678936004638672
YIL145C,YDR478W,0,-2.25028,0.09365049749612808,0.9980040192604065,0.9679936170578003
YOR095C,YDL166C,0,-2.2506998,0.0936417281627655,0.9980040192604065,0.9680936336517334
YPL033C,YGL062W,0,-2.25212,0.09363295882940292,0.9980040192604065,0.9681936502456665
YHR069C,YFL008W,0,-2.2537394,0.09362418949604034,0.9980040192604065,0.9682936668395996
YER173W,YGL021W,0,-2.256466,0.09361542761325836,0.9980040192604065,0.9683936834335327
YOL124C,YLR002C,0,-2.2569885,0.09360666573047638,0.9980040192604065,0.9684937000274658
YAL033W,YOR133W,0,-2.2573352,0.0935979038476944,0.9980040192604065,0.9685937166213989
YOL097C,YOR106W,0,-2.2596402,0.09358914196491241,0.9980040192604065,0.968693733215332
YJL125C,YPL220W,0,-2.2597327,0.09358038753271103,0.9980040192604065,0.9687937498092651
YDL014W,YLR312W-A,0,-2.260564,0.09357162564992905,0.9980040192604065,0.9688937664031982
YOR096W,YMR089C,0,-2.2610219,0.09356287121772766,0.9980040192604065,0.9689937829971313
YLR275W,YGR200C,0,-2.2687917,0.09355412423610687,0.9980040192604065,0.9690937995910645
YPL208W,YKR081C,0,-2.2771153,0.09354536980390549,0.9980040192604065,0.9691938161849976
YPL149W,YMR093W,0,-2.2781415,0.0935366228222847,0.9980040192604065,0.9692938327789307
YGL147C,YJL198W,0,-2.278276,0.09352786839008331,0.9980040192604065,0.9693938493728638
YKL183W,YKR057W,0,-2.2785888,0.09351912140846252,0.9980040192604065,0.9694939255714417
YNL227C,YOR089C,1,-2.2801397,0.09360388666391373,0.9990019798278809,0.9694939255714417
YNL067W,YCL050C,0,-2.2878506,0.09359513968229294,0.9990019798278809,0.9695939421653748
YDR429C,YOL052C,0,-2.288878,0.09358638525009155,0.9990019798278809,0.9696939587593079
YPL213W,YOL041C,0,-2.2924218,0.09357763826847076,0.9990019798278809,0.969793975353241
YDR465C,YIL150C,0,-2.2931411,0.09356889128684998,0.9990019798278809,0.9698939919471741
YNL069C,YHR196W,0,-2.299994,0.09356014430522919,0.9990019798278809,0.9699940085411072
YJR036C,YGR280C,0,-2.3009377,0.093551404774189,0.9990019798278809,0.9700940251350403
YKR065C,YJL166W,0,-2.301052,0.0935426577925682,0.9990019798278809,0.9701940417289734
YOR354C,YGR289C,0,-2.3072681,0.09353391826152802,0.9990019798278809,0.9702940583229065
YPR016C,YOL149W,0,-2.3109083,0.09352517873048782,0.9990019798278809,0.9703940749168396
YPL112C,YDR356W,0,-2.3122728,0.09351643919944763,0.9990019798278809,0.9704940915107727
YDL213C,YLR210W,0,-2.31563,0.09350770711898804,0.9990019798278809,0.9705941081047058
YER050C,YDR116C,0,-2.320591,0.09349897503852844,0.9990019798278809,0.9706941246986389
YOR295W,YPL143W,0,-2.3211815,0.09349024295806885,0.9990019798278809,0.970794141292572
YDL067C,YPL266W,0,-2.3228297,0.09348151087760925,0.9990019798278809,0.9708941578865051
YMR224C,YGL030W,0,-2.3237898,0.09347277879714966,0.9990019798278809,0.9709941744804382
YML054C,YNR002C,0,-2.3245735,0.09346405416727066,0.9990019798278809,0.9710941910743713
YAR008W,YOR096W,0,-2.325327,0.09345532953739166,0.9990019798278809,0.9711942672729492
YLL009C,YPL093W,0,-2.3258002,0.09344660490751266,0.9990019798278809,0.9712942838668823
YPR163C,YNL191W,0,-2.3272896,0.09343788027763367,0.9990019798278809,0.9713943004608154
YBL018C,YDR489W,0,-2.3275008,0.09342915564775467,0.9990019798278809,0.9714943170547485
YPL157W,YJL109C,0,-2.3285394,0.09342043846845627,0.9990019798278809,0.9715943336486816
YKR056W,YHL020C,0,-2.3289304,0.09341172128915787,0.9990019798278809,0.9716943502426147
YML065W,YMR127C,0,-2.3290071,0.09340300410985947,0.9990019798278809,0.9717943668365479
YJL104W,YPL119C,0,-2.3293142,0.09339428693056107,0.9990019798278809,0.971894383430481
YNR075W,YCR053W,1,-2.3306947,0.09347886592149734,1.0,0.971894383430481
YOL039W,YDL213C,0,-2.331883,0.09347014874219894,1.0,0.9719944000244141
YGR186W,YMR290C,0,-2.3370688,0.09346143156290054,1.0,0.9720944166183472
YBR231C,YOR269W,0,-2.3384137,0.09345271438360214,1.0,0.9721944332122803
YNL207W,YML036W,0,-2.3387632,0.09344399720430374,1.0,0.9722944498062134
YDR416W,YDR485C,0,-2.3405871,0.09343528747558594,1.0,0.9723944664001465
YER170W,YJR143C,0,-2.3406212,0.09342657029628754,1.0,0.9724944829940796
YOR234C,YIL035C,0,-2.3426492,0.09341786056756973,1.0,0.9725944995880127
YHR069C,YDR064W,0,-2.3443534,0.09340915083885193,1.0,0.9726945161819458
YKL084W,YPL242C,0,-2.3469849,0.09340044856071472,1.0,0.9727945327758789
YLR022C,YKL154W,0,-2.3496525,0.09339173883199692,1.0,0.972894549369812
YER126C,YDR104C,0,-2.3496904,0.09338303655385971,1.0,0.9729946255683899
YOR206W,YDR198C,0,-2.350192,0.0933743342757225,1.0,0.973094642162323
YEL015W,YML093W,0,-2.3508224,0.0933656319975853,1.0,0.9731946587562561
YGR191W,YOR312C,0,-2.3532822,0.09335693717002869,1.0,0.9732946753501892
YLR022C,YBR202W,0,-2.3560777,0.09334824234247208,1.0,0.9733946919441223
YLR344W,YGL095C,0,-2.3596356,0.09333954006433487,1.0,0.9734947085380554
YPR096C,YHR019C,0,-2.3598394,0.09333085268735886,1.0,0.9735947251319885
YJL207C,YHR089C,0,-2.3603911,0.09332215785980225,1.0,0.9736947417259216
YHR143W-A,YML018C,0,-2.362245,0.09331346303224564,1.0,0.9737947583198547
YNR002C,YOR228C,0,-2.3668532,0.09330477565526962,1.0,0.9738947749137878
YKR056W,YGL172W,0,-2.3687277,0.09329608827829361,1.0,0.973994791507721
YIL133C,YLR272C,0,-2.3695862,0.0932874009013176,1.0,0.974094808101654
YLR244C,YNL182C,0,-2.3731909,0.09327872097492218,1.0,0.9741948246955872
YNL339C,YKR103W,0,-2.3747463,0.09327003359794617,1.0,0.9742948412895203
YOR077W,YJL148W,0,-2.3763542,0.09326135367155075,1.0,0.9743948578834534
YGR158C,YLR186W,0,-2.3788314,0.09325267374515533,1.0,0.9744948744773865
YLR448W,YBR018C,0,-2.3809583,0.09324400126934052,1.0,0.9745948910713196
YFR007W,YJL063C,0,-2.3842247,0.0932353213429451,1.0,0.9746949672698975
YPR163C,YHR203C,0,-2.384641,0.09322664886713028,1.0,0.9747949838638306
YGR090W,YGR185C,0,-2.3911197,0.09321797639131546,1.0,0.9748950004577637
YDL010W,YKL009W,0,-2.3918512,0.09320930391550064,1.0,0.9749950170516968
YNL256W,YDR163W,0,-2.3931072,0.09320063143968582,1.0,0.9750950336456299
YBL036C,YDL201W,0,-2.396939,0.0931919664144516,1.0,0.975195050239563
YJR129C,YGL021W,0,-2.3977306,0.09318330138921738,1.0,0.9752950668334961
YJL118W,YPR132W,0,-2.402444,0.09317463636398315,1.0,0.9753950834274292
YNL301C,YNL227C,0,-2.4134264,0.09316597133874893,1.0,0.9754951000213623
YMR277W,YKR010C,0,-2.4187355,0.09315730631351471,1.0,0.9755951166152954
YHR178W,YEL042W,0,-2.4200013,0.09314864873886108,1.0,0.9756951332092285
YHR129C,YLR393W,0,-2.4232697,0.09313999116420746,1.0,0.9757951498031616
YGR071C,YCL011C,0,-2.424827,0.09313133358955383,1.0,0.9758951663970947
YHR081W,YLR192C,0,-2.4255145,0.09312267601490021,1.0,0.9759951829910278
YLR264W,YOR391C,0,-2.4304817,0.09311402589082718,1.0,0.9760951995849609
YPL211W,YML062C,0,-2.4330468,0.09310536831617355,1.0,0.976195216178894
YNL069C,YJL087C,0,-2.4385624,0.09309671819210052,1.0,0.9762952327728271
YOR295W,YGR285C,0,-2.4431725,0.0930880680680275,1.0,0.9763952493667603
YPR152C,YKL009W,0,-2.4495559,0.09307942539453506,1.0,0.9764953255653381
YGR076C,YPL079W,0,-2.4512913,0.09307077527046204,1.0,0.9765953421592712
YGL205W,YJR070C,0,-2.464291,0.0930621325969696,1.0,0.9766953587532043
YBR247C,YLR038C,0,-2.4682698,0.09305348992347717,1.0,0.9767953753471375
YPL220W,YPL012W,0,-2.4682958,0.09304484724998474,1.0,0.9768953919410706
YDR237W,YDL133C-A,0,-2.485291,0.0930362120270729,1.0,0.9769954085350037
YOR188W,YNL102W,0,-2.492977,0.09302757680416107,1.0,0.9770954251289368
YIL103W,YML116W,0,-2.4957995,0.09301894158124924,1.0,0.9771954417228699
YKL186C,YLR002C,0,-2.503171,0.0930103063583374,1.0,0.977295458316803
YNL178W,YNR046W,0,-2.5053701,0.09300167113542557,1.0,0.9773954749107361
YPR187W,YMR180C,0,-2.5154762,0.09299303591251373,1.0,0.9774954915046692
YLL011W,YNL308C,0,-2.5177903,0.0929844081401825,1.0,0.9775955080986023
YLR103C,YGL255W,0,-2.51981,0.09297578036785126,1.0,0.9776955246925354
YMR014W,YMR127C,0,-2.51985,0.09296715259552002,1.0,0.9777955412864685
YOR293W,YDR163W,0,-2.5241675,0.09295853227376938,1.0,0.9778955578804016
YNR017W,YNL151C,0,-2.526258,0.09294990450143814,1.0,0.9779955744743347
YPL090C,YFR037C,0,-2.531633,0.0929412841796875,1.0,0.9780955910682678
YKL183W,YHR141C,0,-2.5317287,0.09293266385793686,1.0,0.9781956672668457
YNL248C,YDL064W,0,-2.5322728,0.09292404353618622,1.0,0.9782956838607788
YKR081C,YJL014W,0,-2.534923,0.09291543066501617,1.0,0.9783957004547119
YCR087C-A,YOR312C,0,-2.5386577,0.09290681779384613,1.0,0.978495717048645
YLL022C,YEL040W,0,-2.5398314,0.09289820492267609,1.0,0.9785957336425781
YNR039C,YFL034C-A,0,-2.5453317,0.09288959205150604,1.0,0.9786957502365112
YJL011C,YMR011W,0,-2.546423,0.092880979180336,1.0,0.9787957668304443
YHR036W,YPR137W,0,-2.5497677,0.09287236630916595,1.0,0.9788957834243774
YEL046C,YLL027W,0,-2.5557957,0.09286376088857651,1.0,0.9789958000183105
YDL191W,YDR285W,0,-2.559188,0.09285515546798706,1.0,0.9790958166122437
YLL035W,YDL044C,0,-2.5625782,0.09284655004739761,1.0,0.9791958332061768
YGR071C,YBR095C,0,-2.5645747,0.09283795207738876,1.0,0.9792958498001099
YJR056C,YMR194W,0,-2.5668244,0.09282934665679932,1.0,0.979395866394043
YPL139C,YBL028C,0,-2.5682523,0.09282074868679047,1.0,0.9794958829879761
YGR264C,YOR312C,0,-2.5715632,0.09281215071678162,1.0,0.9795958995819092
YPR186C,YKR025W,0,-2.5771186,0.09280356019735336,1.0,0.9796959161758423
YGL135W,YIL127C,0,-2.5839036,0.09279496222734451,1.0,0.9797959327697754
YKR045C,YNR063W,0,-2.592592,0.09278637170791626,1.0,0.9798960089683533
YKL217W,YOR187W,0,-2.5933933,0.092777781188488,1.0,0.9799960255622864
YOL034W,YLR222C,0,-2.5950913,0.09276919066905975,1.0,0.9800960421562195
YDL170W,YCR014C,0,-2.5968173,0.0927606001496315,1.0,0.9801960587501526
YDR339C,YJL203W,0,-2.5992608,0.09275200963020325,1.0,0.9802960753440857
YJR063W,YMR240C,0,-2.605176,0.09274342656135559,1.0,0.9803960919380188
YOL044W,YLR029C,0,-2.6055942,0.09273484349250793,1.0,0.9804961085319519
YJL033W,YNR015W,0,-2.613046,0.09272626042366028,1.0,0.980596125125885
YNR012W,YKR024C,0,-2.6133862,0.09271768480539322,1.0,0.9806961417198181
YDR450W,YIL021W,0,-2.6145978,0.09270910173654556,1.0,0.9807961583137512
YMR016C,YGR162W,0,-2.6159196,0.0927005261182785,1.0,0.9808961749076843
YDL170W,YGL224C,0,-2.6159647,0.09269195050001144,1.0,0.9809961915016174
YOR369C,YOR056C,0,-2.6163168,0.09268337488174438,1.0,0.9810962080955505
YGL244W,YDR172W,0,-2.6172223,0.09267480671405792,1.0,0.9811962246894836
YER173W,YGR280C,0,-2.6258554,0.09266623854637146,1.0,0.9812962412834167
YOL097C,YDR017C,0,-2.6306648,0.0926576629281044,1.0,0.9813962578773499
YDL058W,YJL148W,0,-2.6307607,0.09264909476041794,1.0,0.981496274471283
YLR009W,YGL068W,0,-2.6315784,0.09264053404331207,1.0,0.9815962910652161
YGR158C,YPR043W,0,-2.632822,0.09263196587562561,1.0,0.981696367263794
YML063W,YPL029W,0,-2.6332276,0.09262340515851974,1.0,0.981796383857727
YER173W,YER006W,0,-2.6346486,0.09261484444141388,1.0,0.9818964004516602
YGR239C,YMR011W,0,-2.637701,0.09260628372430801,1.0,0.9819964170455933
YML113W,YDR211W,0,-2.6380138,0.09259772300720215,1.0,0.9820964336395264
YJL071W,YNR046W,0,-2.640758,0.09258916974067688,1.0,0.9821964502334595
YPL101W,YKR094C,0,-2.6424894,0.09258061647415161,1.0,0.9822964668273926
YJL177W,YOL139C,0,-2.645672,0.09257206320762634,1.0,0.9823964834213257
YBR154C,YDL148C,0,-2.6618402,0.09256350994110107,1.0,0.9824965000152588
YNL178W,YDL213C,0,-2.6720498,0.0925549566745758,1.0,0.9825965166091919
YMR123W,YJL025W,0,-2.673578,0.09254641085863113,1.0,0.982696533203125
YJR130C,YDR184C,0,-2.6739893,0.09253786504268646,1.0,0.9827965497970581
YMR098C,YGR200C,0,-2.6745992,0.09252931922674179,1.0,0.9828965663909912
YNR022C,YNL305C,0,-2.6788735,0.09252077341079712,1.0,0.9829965829849243
YDR225W,YER054C,0,-2.679286,0.09251223504543304,1.0,0.9830965995788574
YNR003C,YLR438C-A,0,-2.6800911,0.09250368922948837,1.0,0.9831966161727905
YIL021W,YHR141C,0,-2.6870403,0.0924951508641243,1.0,0.9832966327667236
YGR061C,YOL080C,0,-2.6971073,0.09248661249876022,1.0,0.9833967089653015
YOR064C,YLR129W,0,-2.7025738,0.09247808158397675,1.0,0.9834967255592346
YLR287C-A,YPL266W,0,-2.708469,0.09246954321861267,1.0,0.9835967421531677
YDR279W,YLR197W,0,-2.715126,0.0924610123038292,1.0,0.9836967587471008
YHR143W-A,YKR038C,0,-2.7193186,0.09245248138904572,1.0,0.9837967753410339
YHR066W,YIR021W,0,-2.7241147,0.09244395047426224,1.0,0.983896791934967
YJL025W,YOL142W,0,-2.7253065,0.09243542701005936,1.0,0.9839968085289001
YNR054C,YBL003C,0,-2.7318475,0.09242689609527588,1.0,0.9840968251228333
YBR048W,YGR159C,0,-2.7371922,0.092418372631073,1.0,0.9841968417167664
YNL252C,YHR052W,0,-2.7422698,0.09240984916687012,1.0,0.9842968583106995
YPL230W,YOR348C,0,-2.7440615,0.09240132570266724,1.0,0.9843968749046326
YMR121C,YBR267W,0,-2.7444701,0.09239280968904495,1.0,0.9844968914985657
YML056C,YDR151C,0,-2.7447643,0.09238428622484207,1.0,0.9845969080924988
YOL102C,YKL024C,0,-2.745789,0.09237577021121979,1.0,0.9846969246864319
YOL128C,YLR336C,0,-2.7525828,0.0923672541975975,1.0,0.984796941280365
YDR449C,YML077W,0,-2.7563398,0.09235874563455582,1.0,0.9848969578742981
YMR061W,YOR095C,0,-2.757231,0.09235022962093353,1.0,0.9849969744682312
YLR233C,YOL158C,0,-2.7605033,0.09234172105789185,1.0,0.9850969910621643
YMR260C,YDL213C,0,-2.773027,0.09233321249485016,1.0,0.9851970672607422
YKL109W,YOL165C,0,-2.776991,0.09232470393180847,1.0,0.9852970838546753
YML036W,YNL112W,0,-2.7773693,0.09231619536876678,1.0,0.9853971004486084
YPR163C,YLR029C,0,-2.7790203,0.0923076942563057,1.0,0.9854971170425415
YJL014W,YOL127W,0,-2.7853944,0.09229918569326401,1.0,0.9855971336364746
YOR310C,YBR237W,0,-2.795656,0.09229068458080292,1.0,0.9856971502304077
YDL082W,YLR186W,0,-2.7977667,0.09228219091892242,1.0,0.9857971668243408
YNR017W,YJL148W,0,-2.7992454,0.09227368980646133,1.0,0.9858971834182739
YNR022C,YDL130W,0,-2.8068094,0.09226519614458084,1.0,0.985997200012207
YNL302C,YJL145W,0,-2.8074913,0.09225669503211975,1.0,0.9860972166061401
YKL009W,YML077W,0,-2.809978,0.09224820137023926,1.0,0.9861972332000732
YKL144C,YML125C,0,-2.8160186,0.09223971515893936,1.0,0.9862972497940063
YKR101W,YCR047C,0,-2.8195584,0.09223122149705887,1.0,0.9863972663879395
YGR027C,YNL252C,0,-2.8202887,0.09222273528575897,1.0,0.9864972829818726
YDR037W,YDL245C,0,-2.8239102,0.09221424907445908,1.0,0.9865972995758057
YPL069C,YBL054W,0,-2.8253334,0.09220576286315918,1.0,0.9866973161697388
YDL213C,YPL093W,0,-2.8281374,0.09219727665185928,1.0,0.9867973327636719
YOR338W,YOR312C,0,-2.841607,0.09218879044055939,1.0,0.9868974089622498
YGL259W,YIL162W,0,-2.850682,0.09218031167984009,1.0,0.9869974255561829
YCR046C,YHR176W,0,-2.8513412,0.09217183291912079,1.0,0.987097442150116
YMR093W,YIL085C,0,-2.8527675,0.09216335415840149,1.0,0.9871974587440491
YHR070W,YNL149C,0,-2.8536344,0.09215487539768219,1.0,0.9872974753379822
YGR264C,YLL004W,0,-2.8553343,0.09214640408754349,1.0,0.9873974919319153
YDR225W,YPL098C,0,-2.8613646,0.09213793277740479,1.0,0.9874975085258484
YHR143W-A,YOR210W,0,-2.8680706,0.09212946146726608,1.0,0.9875975251197815
YLR002C,YDL040C,0,-2.872213,0.09212099015712738,1.0,0.9876975417137146
YNL299W,YIL020C,0,-2.8747368,0.09211251884698868,1.0,0.9877975583076477
YHR119W,YPL266W,0,-2.8751192,0.09210405498743057,1.0,0.9878975749015808
YMR014W,YJL050W,0,-2.8796718,0.09209559112787247,1.0,0.9879975914955139
YHR081W,YNR026C,0,-2.885261,0.09208712726831436,1.0,0.988097608089447
YDL130W,YDL051W,0,-2.896791,0.09207866340875626,1.0,0.9881976246833801
YMR263W,YJL189W,0,-2.9010255,0.09207019954919815,1.0,0.9882976412773132
YMR290C,YLR003C,0,-2.9044847,0.09206174314022064,1.0,0.9883976578712463
YDR224C,YOL093W,0,-2.9066339,0.09205328673124313,1.0,0.9884976744651794
YAL025C,YPR190C,0,-2.9073515,0.09204483032226562,1.0,0.9885976910591125
YKL218C,YGR288W,0,-2.9078922,0.09203637391328812,1.0,0.9886977672576904
YLL035W,YEL054C,0,-2.9099436,0.09202791750431061,1.0,0.9887977838516235
YGR085C,YOR312C,0,-2.9114816,0.0920194685459137,1.0,0.9888978004455566
YNL112W,YBL024W,0,-2.9155164,0.09201101958751678,1.0,0.9889978170394897
YDR211W,YBR238C,0,-2.918066,0.09200257062911987,1.0,0.9890978336334229
YJR097W,YPL032C,0,-2.9190588,0.09199412167072296,1.0,0.989197850227356
YDL014W,YMR121C,0,-2.9226258,0.09198568016290665,1.0,0.9892978668212891
YOR369C,YJR014W,0,-2.9233196,0.09197723865509033,1.0,0.9893978834152222
YDL082W,YKL009W,0,-2.9241974,0.09196878969669342,1.0,0.9894979000091553
YDL058W,YGR081C,0,-2.9251466,0.0919603556394577,1.0,0.9895979166030884
YDR083W,YKL180W,0,-2.9303482,0.09195191413164139,1.0,0.9896979331970215
YLL034C,YDR037W,0,-2.9347982,0.09194347262382507,1.0,0.9897979497909546
YML038C,YJR129C,0,-2.9481115,0.09193503856658936,1.0,0.9898979663848877
YDL191W,YGL014W,0,-2.9557695,0.09192660450935364,1.0,0.9899979829788208
YLR178C,YHR141C,0,-2.956099,0.09191817045211792,1.0,0.9900979995727539
YHR065C,YGL120C,0,-2.961971,0.0919097438454628,1.0,0.990198016166687
YIL126W,YDR101C,0,-2.9666395,0.09190130978822708,1.0,0.9902980327606201
YOR310C,YBL009W,0,-2.9765382,0.09189288318157196,1.0,0.990398108959198
YNL070W,YBR142W,0,-2.9782565,0.09188445657491684,1.0,0.9904981255531311
YBR031W,YDL130W,0,-2.9897313,0.09187602996826172,1.0,0.9905981421470642
YHR186C,YNL227C,0,-2.9906368,0.0918676108121872,1.0,0.9906981587409973
YGR062C,YOR150W,0,-2.9910104,0.09185918420553207,1.0,0.9907981753349304
YDL051W,YKL216W,0,-2.9995742,0.09185076504945755,1.0,0.9908981919288635
YJR145C,YCR043C,0,-3.0046597,0.09184234589338303,1.0,0.9909982085227966
YIL142W,YDR064W,0,-3.015574,0.0918339267373085,1.0,0.9910982251167297
YJR014W,YNL248C,0,-3.0230181,0.09182551503181458,1.0,0.9911982417106628
YLR009W,YPR020W,0,-3.029054,0.09181709587574005,1.0,0.991298258304596
YBR186W,YGR280C,0,-3.0305138,0.09180868417024612,1.0,0.991398274898529
YDL036C,YOR171C,0,-3.0374432,0.0918002724647522,1.0,0.9914982914924622
YKL170W,YDR322W,0,-3.0375373,0.09179186820983887,1.0,0.9915983080863953
YKL027W,YNL113W,0,-3.0448866,0.09178345650434494,1.0,0.9916983246803284
YGL234W,YLL035W,0,-3.0459032,0.09177505224943161,1.0,0.9917983412742615
YOL040C,YPL093W,0,-3.0573316,0.09176664799451828,1.0,0.9918983578681946
YMR049C,YGR028W,0,-3.062127,0.09175824373960495,1.0,0.9919983744621277
YMR142C,YBL042C,0,-3.075543,0.09174983948469162,1.0,0.9920983910560608
YDR299W,YKL074C,0,-3.0762427,0.09174144268035889,1.0,0.9921984672546387
YDR083W,YFR031C,0,-3.0794296,0.09173303842544556,1.0,0.9922984838485718
YNL244C,YDR184C,0,-3.0848432,0.09172464162111282,1.0,0.9923985004425049
YML094W,YFR028C,0,-3.088226,0.09171624481678009,1.0,0.992498517036438
YPL249C-A,YJL109C,0,-3.0955195,0.09170785546302795,1.0,0.9925985336303711
YIL127C,YNL227C,0,-3.0957608,0.09169945865869522,1.0,0.9926985502243042
YDR322W,YGL068W,0,-3.097692,0.09169106930494308,1.0,0.9927985668182373
YBL004W,YJL189W,0,-3.141029,0.09168267995119095,1.0,0.9928985834121704
YCR087C-A,YIL047C,0,-3.1490045,0.09167429059743881,1.0,0.9929986000061035
YGL029W,YHR216W,0,-3.150758,0.09166590124368668,1.0,0.9930986166000366
YOR234C,YJL008C,0,-3.181909,0.09165751934051514,1.0,0.9931986331939697
YOR293W,YJL124C,0,-3.1835356,0.0916491374373436,1.0,0.9932986497879028
YJL066C,YKR006C,0,-3.1925817,0.09164075553417206,1.0,0.9933986663818359
YBR048W,YOR096W,0,-3.1943388,0.09163237363100052,1.0,0.993498682975769
YHR052W,YMR179W,0,-3.1976535,0.09162399172782898,1.0,0.9935986995697021
YOL146W,YCR047C,0,-3.2028532,0.09161561727523804,1.0,0.9936987161636353
YNL188W,YNL182C,0,-3.2065513,0.0916072428226471,1.0,0.9937987327575684
YGR118W,YDR064W,0,-3.214442,0.09159886837005615,1.0,0.9938988089561462
YGR105W,YKL112W,0,-3.2183552,0.09159049391746521,1.0,0.9939988255500793
YML063W,YOL093W,0,-3.2209077,0.09158211946487427,1.0,0.9940988421440125
YPR043W,YOR133W,0,-3.2310119,0.09157375246286392,1.0,0.9941988587379456
YGL147C,YJL050W,0,-3.2721667,0.09156538546085358,1.0,0.9942988753318787
YBR227C,YNL110C,0,-3.2821767,0.09155701845884323,1.0,0.9943988919258118
YPR041W,YGR214W,0,-3.2893572,0.09154865145683289,1.0,0.9944989085197449
YNL061W,YDL136W,0,-3.295645,0.09154029190540314,1.0,0.994598925113678
YDR449C,YLR015W,0,-3.3174486,0.09153192490339279,1.0,0.9946989417076111
YJR063W,YPL068C,0,-3.3241458,0.09152356535196304,1.0,0.9947989583015442
YER049W,YJL033W,0,-3.3286717,0.0915152058005333,1.0,0.9948989748954773
YER137C,YJR097W,0,-3.35926,0.09150684624910355,1.0,0.9949989914894104
YJL122W,YLR285W,0,-3.3610468,0.0914984941482544,1.0,0.9950990080833435
YOR312C,YOR340C,0,-3.3725872,0.09149014204740524,1.0,0.9951990246772766
YNL002C,YLR192C,0,-3.3872619,0.0914817824959755,1.0,0.9952990412712097
YPL249C-A,YCR047C,0,-3.3881717,0.09147343784570694,1.0,0.9953990578651428
YAL025C,YMR268C,0,-3.4218202,0.09146508574485779,1.0,0.9954990744590759
YMR142C,YKL180W,0,-3.4412303,0.09145673364400864,1.0,0.995599091053009
YDR339C,YHR196W,0,-3.4446516,0.09144838899374008,1.0,0.9956991672515869
YDR416W,YOL080C,0,-3.4838786,0.09144004434347153,1.0,0.99579918384552
YOL077C,YEL026W,0,-3.4973578,0.09143169969320297,1.0,0.9958992004394531
YLR003C,YLR344W,0,-3.5025473,0.09142335504293442,1.0,0.9959992170333862
YDR478W,YGL099W,0,-3.5132368,0.09141501784324646,1.0,0.9960992336273193
YHR021C,YOR167C,0,-3.578284,0.0914066806435585,1.0,0.9961992502212524
YHR129C,YDL208W,0,-3.5976288,0.09139834344387054,1.0,0.9962992668151855
YIL160C,YML128C,0,-3.6190832,0.09139000624418259,1.0,0.9963992834091187
YJL125C,YGR140W,0,-3.6257837,0.09138166904449463,1.0,0.9964993000030518
YLR129W,YGR214W,0,-3.6773005,0.09137333929538727,1.0,0.9965993165969849
YML056C,YDR416W,0,-3.695318,0.09136500209569931,1.0,0.996699333190918
YMR128W,YHR085W,0,-3.7061286,0.09135667234659195,1.0,0.9967993497848511
YPL266W,YDR167W,0,-3.7090883,0.09134834259748459,1.0,0.9968993663787842
YNL149C,YPL266W,0,-3.7741137,0.09134002029895782,1.0,0.9969993829727173
YNL112W,YOR312C,0,-3.7968535,0.09133169054985046,1.0,0.9970993995666504
YGL120C,YCR057C,0,-3.8262422,0.0913233682513237,1.0,0.9971994161605835
YBR247C,YIL020C,0,-3.828824,0.09131504595279694,1.0,0.9972994327545166
YKL143W,YLR106C,0,-3.8552258,0.09130672365427017,1.0,0.9973995089530945
YHR119W,YBL028C,0,-3.8599212,0.091298408806324,1.0,0.9974995255470276
YPL249C-A,YNL248C,0,-3.8647127,0.09129008650779724,1.0,0.9975995421409607
YHR089C,YJL136C,0,-3.8794467,0.09128177165985107,1.0,0.9976995587348938
YDR429C,YKR057W,0,-4.031033,0.09127345681190491,1.0,0.9977995753288269
YDR312W,YBL028C,0,-4.079057,0.09126514196395874,1.0,0.99789959192276
YML024W,YDR064W,0,-4.1353626,0.09125682711601257,1.0,0.9979996085166931
YOL077C,YJL125C,0,-4.1421146,0.091248519718647,1.0,0.9980996251106262
YOL077C,YGR145W,0,-4.1873245,0.09124021232128143,1.0,0.9981996417045593
YDR101C,YDR312W,0,-4.2027564,0.09123190492391586,1.0,0.9982996582984924
YML065W,YHR085W,0,-4.220093,0.09122359752655029,1.0,0.9983996748924255
YOR056C,YEL026W,0,-4.237251,0.09121529012918472,1.0,0.9984996914863586
YIR012W,YOL080C,0,-4.2448587,0.09120699018239975,1.0,0.9985997080802917
YOR182C,YNL209W,0,-4.259308,0.09119869023561478,1.0,0.9986997246742249
YLR287C-A,YDL136W,0,-4.2791624,0.0911903902888298,1.0,0.998799741268158
YDL153C,YFL002C,0,-4.2938976,0.09118209034204483,1.0,0.9988997578620911
YER126C,YNL308C,0,-4.322588,0.09117379784584045,1.0,0.9989997744560242
YML063W,YOR234C,0,-4.5422716,0.09116549789905548,1.0,0.9990997910499573
YPR163C,YLR401C,0,-4.550577,0.0911572054028511,1.0,0.9991998672485352
YPL086C,YOR168W,0,-4.614954,0.09114891290664673,1.0,0.9992998838424683
YDL060W,YHR065C,0,-4.6985707,0.09114062041044235,1.0,0.9993999004364014
YOL041C,YGR148C,0,-4.7049828,0.09113233536481857,1.0,0.9994999170303345
YNL151C,YEL026W,0,-4.7183285,0.0911240428686142,1.0,0.9995999336242676
YOL120C,YGR118W,0,-4.9520326,0.09111575782299042,1.0,0.9996999502182007
YGL123W,YLR405W,0,-5.2943525,0.09110747277736664,1.0,0.9997999668121338
YJL177W,YER117W,0,-5.981636,0.09109918773174286,1.0,0.9998999834060669
YOR293W,YOR096W,0,-6.3058853,0.09109091013669968,1.0,1.0
