Gene A,Gene B,Label,Score,Precision,Recall,False Positive Rate
YDR120C,YKR056W,1,6.7544947,1.0,0.000994035741314292,0.0
YJL125C,YML080W,1,6.7003365,1.0,0.001988071482628584,0.0
YHR070W,YDL201W,1,6.452218,1.0,0.0029821074567735195,0.0
YJR070C,YOR340C,0,6.395719,0.75,0.0029821074567735195,0.00010006003867601976
YHR070W,YKR056W,1,6.3590846,0.800000011920929,0.003976142965257168,0.00010006003867601976
YDL112W,YKR056W,1,6.346222,0.8333333134651184,0.004970178939402103,0.00010006003867601976
YPR144C,YBL028C,0,6.1414595,0.7142857313156128,0.004970178939402103,0.00020012007735203952
YMR093W,YHR085W,0,5.76862,0.625,0.004970178939402103,0.00030018010875210166
YOL125W,YDL112W,1,5.716845,0.6666666865348816,0.005964214913547039,0.00030018010875210166
YGR145W,YML080W,0,5.715741,0.6000000238418579,0.005964214913547039,0.00040024015470407903
YDR165W,YKR056W,1,5.6777735,0.6363636255264282,0.006958250422030687,0.00040024015470407903
YPL212C,YOR001W,1,5.6549373,0.6666666865348816,0.007952285930514336,0.00040024015470407903
YJL125C,YML014W,1,5.5814605,0.692307710647583,0.008946321904659271,0.00040024015470407903
YML080W,YOR001W,1,5.548906,0.7142857313156128,0.009940357878804207,0.00040024015470407903
YPR144C,YLL034C,0,5.5443516,0.6666666865348816,0.009940357878804207,0.0005003002006560564
YLR405W,YDR120C,1,5.5050573,0.6875,0.010934393852949142,0.0005003002006560564
YLR405W,YML080W,1,5.477226,0.7058823704719543,0.011928429827094078,0.0005003002006560564
YML080W,YNR046W,1,5.373029,0.7222222089767456,0.012922464869916439,0.0005003002006560564
YOR243C,YML005W,1,5.2354283,0.7368420958518982,0.013916500844061375,0.0005003002006560564
YDL036C,YDR120C,1,5.219941,0.75,0.01491053681820631,0.0005003002006560564
YKL144C,YOR340C,0,5.202703,0.7142857313156128,0.01491053681820631,0.0006003602175042033
YHR066W,YMR093W,0,5.169268,0.6818181872367859,0.01491053681820631,0.0007004202343523502
YDL036C,YMR005W,0,5.1438956,0.6521739363670349,0.01491053681820631,0.0008004803094081581
YNL062C,YDR120C,1,5.129911,0.6666666865348816,0.01590457186102867,0.0008004803094081581
YBR271W,YNL182C,0,5.1063523,0.6399999856948853,0.01590457186102867,0.000900540326256305
YML014W,YLR401C,1,5.094668,0.6538461446762085,0.016898607835173607,0.000900540326256305
YKR056W,YBR141C,0,5.0914545,0.6296296119689941,0.016898607835173607,0.0010006004013121128
YHR062C,YNL282W,1,5.065515,0.6428571343421936,0.017892643809318542,0.0010006004013121128
YJL125C,YNR046W,1,5.0648775,0.6551724076271057,0.018886679783463478,0.0010006004013121128
YDL112W,YBL024W,1,5.0340896,0.6666666865348816,0.019880715757608414,0.0010006004013121128
YML080W,YLR401C,1,5.024711,0.6774193644523621,0.02087475173175335,0.0010006004013121128
YDL201W,YLR401C,1,5.013099,0.6875,0.021868787705898285,0.0010006004013121128
YOL124C,YOL125W,1,5.011386,0.6969696879386902,0.02286282368004322,0.0010006004013121128
YPL086C,YDL112W,1,4.997503,0.7058823704719543,0.023856859654188156,0.0010006004013121128
YOL124C,YDL201W,1,4.977388,0.7142857313156128,0.024850893765687943,0.0010006004013121128
YDL112W,YML014W,1,4.9773364,0.7222222089767456,0.025844929739832878,0.0010006004013121128
YNL292W,YML080W,1,4.9131594,0.7297297120094299,0.026838965713977814,0.0010006004013121128
YHR085W,YNL182C,0,4.8884187,0.7105262875556946,0.026838965713977814,0.0011006604181602597
YPL030W,YPL101W,1,4.884678,0.7179487347602844,0.02783300168812275,0.0011006604181602597
YJL125C,YNL282W,1,4.8770046,0.7250000238418579,0.028827037662267685,0.0011006604181602597
YML080W,YPL207W,1,4.860882,0.7317073345184326,0.02982107363641262,0.0011006604181602597
YLR405W,YDL112W,1,4.857655,0.738095223903656,0.030815109610557556,0.0011006604181602597
YFL001W,YDR165W,1,4.846974,0.7441860437393188,0.03180914372205734,0.0011006604181602597
YNR015W,YDL112W,1,4.830087,0.75,0.03280318155884743,0.0011006604181602597
YOL093W,YLR401C,1,4.8111277,0.7555555701255798,0.033797215670347214,0.0011006604181602597
YHR062C,YDR165W,1,4.7941394,0.760869562625885,0.0347912535071373,0.0011006604181602597
YLR430W,YHR070W,1,4.777465,0.7659574747085571,0.035785287618637085,0.0011006604181602597
YDL051W,YDL201W,1,4.7625203,0.7708333134651184,0.03677932545542717,0.0011006604181602597
YHR119W,YER137C,0,4.7428746,0.7551020383834839,0.03677932545542717,0.0012007204350084066
YDL201W,YOL093W,1,4.7288136,0.7599999904632568,0.037773359566926956,0.0012007204350084066
YGR030C,YKR056W,1,4.718365,0.7647058963775635,0.03876739740371704,0.0012007204350084066
YDR120C,YBR257W,1,4.7118144,0.7692307829856873,0.03976143151521683,0.0012007204350084066
YCL036W,YBL028C,0,4.701389,0.7547169923782349,0.03976143151521683,0.0013007804518565536
YGR145W,YFR001W,0,4.690569,0.7407407164573669,0.03976143151521683,0.0014008404687047005
YKR056W,YHR187W,1,4.6791625,0.7454545497894287,0.040755465626716614,0.0014008404687047005
YOL125W,YOR001W,1,4.6710477,0.75,0.0417495034635067,0.0014008404687047005
YOR243C,YDR165W,1,4.663009,0.7543859481811523,0.042743537575006485,0.0014008404687047005
YGR030C,YML080W,1,4.6619325,0.7586206793785095,0.04373757541179657,0.0014008404687047005
YIL020C,YNL110C,0,4.6439757,0.7457627058029175,0.04373757541179657,0.0015009004855528474
YOR243C,YIL079C,0,4.6314397,0.7333333492279053,0.04373757541179657,0.0016009606188163161
YOR106W,YBR155W,0,4.630281,0.7213114500045776,0.04373757541179657,0.001701020635664463
YPL101W,YKR056W,1,4.6280227,0.725806474685669,0.044731609523296356,0.001701020635664463
YJL125C,YDR120C,1,4.6259546,0.7301587462425232,0.04572564736008644,0.001701020635664463
YNL062C,YLR401C,1,4.607867,0.734375,0.04671968147158623,0.001701020635664463
YDL051W,YOL102C,1,4.5713844,0.7384615540504456,0.04771371930837631,0.001701020635664463
YLR405W,YBR257W,1,4.563353,0.7424242496490479,0.0487077534198761,0.001701020635664463
YNL221C,YDR165W,1,4.5348206,0.746268630027771,0.049701787531375885,0.001701020635664463
YHR070W,YBR061C,1,4.4814663,0.75,0.05069582536816597,0.001701020635664463
YNL292W,YDL201W,1,4.471133,0.7536231875419617,0.051689859479665756,0.001701020635664463
YBR061C,YOR001W,1,4.4357615,0.7571428418159485,0.05268389731645584,0.001701020635664463
YDL112W,YGR200C,1,4.433706,0.7605633735656738,0.05367793142795563,0.001701020635664463
YBL018C,YOR001W,1,4.429952,0.7638888955116272,0.05467196926474571,0.001701020635664463
YPL086C,YJL035C,1,4.4155755,0.767123281955719,0.0556660033762455,0.001701020635664463
YNR015W,YDR165W,1,4.4039135,0.7702702879905701,0.056660041213035583,0.001701020635664463
YLR316C,YOR001W,1,4.3787184,0.7733333110809326,0.05765407532453537,0.001701020635664463
YJL125C,YDR165W,1,4.3504777,0.7763158082962036,0.058648113161325455,0.001701020635664463
YGR072W,YOR340C,0,4.347004,0.7662337422370911,0.058648113161325455,0.00180108065251261
YML080W,YAL020C,1,4.3459125,0.7692307829856873,0.05964214727282524,0.00180108065251261
YBR247C,YOR206W,0,4.3392797,0.7594936490058899,0.05964214727282524,0.0019011406693607569
YPL212C,YKR056W,1,4.324104,0.762499988079071,0.06063618138432503,0.0019011406693607569
YOL124C,YPL207W,1,4.292042,0.7654321193695068,0.06163021922111511,0.0019011406693607569
YPL030W,YDL201W,1,4.275877,0.7682926654815674,0.0626242533326149,0.0019011406693607569
YOL125W,YBR061C,1,4.264997,0.7710843086242676,0.06361828744411469,0.0019011406693607569
YJL035C,YGL050W,1,4.2606463,0.773809552192688,0.06461232900619507,0.0019011406693607569
YMR169C,YML128C,0,4.2497897,0.7647058963775635,0.06461232900619507,0.0020012008026242256
YDL051W,YJL125C,1,4.2371316,0.7674418687820435,0.06560636311769485,0.0020012008026242256
YNL062C,YBL018C,1,4.231936,0.7701149582862854,0.06660039722919464,0.0020012008026242256
YHR070W,YBR257W,1,4.2287583,0.7727272510528564,0.06759443134069443,0.0020012008026242256
YDL051W,YOR243C,1,4.2256904,0.7752808928489685,0.06858847290277481,0.0020012008026242256
YDL051W,YMR059W,1,4.224403,0.7777777910232544,0.0695825070142746,0.0020012008026242256
YOL125W,YKR079C,1,4.2198043,0.7802197933197021,0.07057654112577438,0.0020012008026242256
YLR405W,YHR070W,1,4.1954293,0.782608687877655,0.07157057523727417,0.0020012008026242256
YLR316C,YLR401C,1,4.19179,0.7849462628364563,0.07256460934877396,0.0020012008026242256
YFL001W,YDR120C,1,4.188658,0.7872340679168701,0.07355865091085434,0.0020012008026242256
YJR112W,YNL182C,0,4.1821923,0.7789473533630371,0.07355865091085434,0.0021012607030570507
YIL079C,YOL054W,0,4.165006,0.7708333134651184,0.07355865091085434,0.0022013208363205194
YOR243C,YBR257W,1,4.1648445,0.7731958627700806,0.07455268502235413,0.0022013208363205194
YDL201W,YML005W,1,4.157235,0.7755101919174194,0.07554671913385391,0.0022013208363205194
YNL292W,YML014W,1,4.149098,0.7777777910232544,0.0765407532453537,0.0022013208363205194
YJL125C,YPL101W,1,4.1424594,0.7799999713897705,0.07753479480743408,0.0022013208363205194
YOL124C,YHR070W,1,4.119333,0.7821782231330872,0.07852882891893387,0.0022013208363205194
YKL110C,YML080W,1,4.115953,0.7843137383460999,0.07952286303043365,0.0022013208363205194
YMR023C,YDR165W,1,4.10947,0.7864077687263489,0.08051689714193344,0.0022013208363205194
YNL062C,YNR015W,1,4.1017823,0.7884615659713745,0.08151093125343323,0.0022013208363205194
YHR062C,YBL024W,1,4.1002836,0.7904762029647827,0.08250497281551361,0.0022013208363205194
YDL051W,YPL101W,1,4.0989594,0.7924528121948242,0.0834990069270134,0.0022013208363205194
YPL030W,YBL024W,1,4.0945106,0.7943925261497498,0.08449304103851318,0.0022013208363205194
YJL125C,YMR059W,1,4.090532,0.7962962985038757,0.08548707515001297,0.0022013208363205194
YDL051W,YOL093W,1,4.0734153,0.7981651425361633,0.08648111671209335,0.0022013208363205194
YDL112W,YMR312W,1,4.069079,0.800000011920929,0.08747515082359314,0.0022013208363205194
YOR243C,YKR056W,1,4.06811,0.8018018007278442,0.08846918493509293,0.0022013208363205194
YGR030C,YNL282W,1,4.064168,0.8035714030265808,0.08946321904659271,0.0022013208363205194
YLR405W,YPL212C,1,4.0428553,0.8053097128868103,0.0904572531580925,0.0022013208363205194
YGR030C,YLR401C,1,4.038551,0.8070175647735596,0.09145129472017288,0.0022013208363205194
YJL125C,YOR001W,1,4.037388,0.8086956739425659,0.09244532883167267,0.0022013208363205194
YOL125W,YDL201W,1,4.0323253,0.8103448152542114,0.09343936294317245,0.0022013208363205194
YOR243C,YPL207W,1,4.030696,0.811965823173523,0.09443339705467224,0.0022013208363205194
YHR062C,YDL051W,1,4.0295076,0.8135592937469482,0.09542743861675262,0.0022013208363205194
YDL051W,YDR120C,1,4.0290766,0.8151260614395142,0.09642147272825241,0.0022013208363205194
YOL142W,YJR063W,0,4.0147448,0.8083333373069763,0.09642147272825241,0.0023013807367533445
YLR405W,YBL024W,1,4.013558,0.8099173307418823,0.0974155068397522,0.0023013807367533445
YOL125W,YPL207W,1,3.9958856,0.811475396156311,0.09840954095125198,0.0023013807367533445
YLR316C,YNR046W,1,3.9622242,0.8130081295967102,0.09940357506275177,0.0023013807367533445
YMR059W,YML014W,1,3.961424,0.8145161271095276,0.10039761662483215,0.0023013807367533445
YNR046W,YGL050W,1,3.960624,0.8159999847412109,0.10139165073633194,0.0023013807367533445
YDR120C,YMR059W,1,3.958501,0.817460298538208,0.10238568484783173,0.0023013807367533445
YDR492W,YKR026C,0,3.952121,0.8110235929489136,0.10238568484783173,0.0024014408700168133
YGR030C,YDL201W,1,3.9423268,0.8125,0.10337971895933151,0.0024014408700168133
YDL051W,YML080W,1,3.9406397,0.8139534592628479,0.1043737605214119,0.0024014408700168133
YDL112W,YBR061C,1,3.9283822,0.8153846263885498,0.10536779463291168,0.0024014408700168133
YKL110C,YOL124C,1,3.9240696,0.8167939186096191,0.10636182874441147,0.0024014408700168133
YPL101W,YOL125W,1,3.9208653,0.8181818127632141,0.10735586285591125,0.0024014408700168133
YDL112W,YMR059W,1,3.9094849,0.8195488452911377,0.10834989696741104,0.0024014408700168133
YLR405W,YOR243C,1,3.9043338,0.8208954930305481,0.10934393852949142,0.0024014408700168133
YJL125C,YBL024W,1,3.8977408,0.8222222328186035,0.11033797264099121,0.0024014408700168133
YOR243C,YOL125W,1,3.879186,0.8235294222831726,0.111332006752491,0.0024014408700168133
YJL125C,YLR316C,1,3.8786051,0.8248175382614136,0.11232604086399078,0.0024014408700168133
YDL051W,YLR316C,1,3.869841,0.8260869383811951,0.11332008242607117,0.0024014408700168133
YOL093W,YBL024W,1,3.8634121,0.8273381590843201,0.11431411653757095,0.0024014408700168133
YJL035C,YKR056W,1,3.8622298,0.8285714387893677,0.11530815064907074,0.0024014408700168133
YLL034C,YOR340C,0,3.8338418,0.8226950168609619,0.11530815064907074,0.002501501003280282
YGR081C,YOR243C,0,3.8321283,0.8169013857841492,0.11530815064907074,0.002601560903713107
YHR062C,YOL102C,1,3.8109303,0.8181818127632141,0.11630218476057053,0.002601560903713107
YBL026W,YNL282W,1,3.8067796,0.8194444179534912,0.11729622632265091,0.002601560903713107
YHR062C,YDL036C,1,3.8060365,0.8206896781921387,0.1182902604341507,0.002601560903713107
YCR060W,YJR063W,0,3.7978866,0.8150684833526611,0.1182902604341507,0.002701621036976576
YOL102C,YBL026W,1,3.796495,0.8163265585899353,0.11928429454565048,0.002701621036976576
YFR029W,YBL028C,0,3.78595,0.8108108043670654,0.11928429454565048,0.002801680937409401
YNL062C,YBR061C,1,3.769587,0.8120805621147156,0.12027832865715027,0.002801680937409401
YHR062C,YGR200C,1,3.7626507,0.8133333325386047,0.12127236276865005,0.002801680937409401
YNL062C,YGR200C,1,3.7505682,0.8145695328712463,0.12226640433073044,0.002801680937409401
YMR005W,YBR271W,0,3.746237,0.8092105388641357,0.12226640433073044,0.0029017410706728697
YNL062C,YOL093W,1,3.7444108,0.8104575276374817,0.12326043844223022,0.0029017410706728697
YPL212C,YML014W,1,3.7370737,0.8116883039474487,0.12425447255373001,0.0029017410706728697
YNL062C,YOR243C,1,3.7253213,0.8129032254219055,0.1252485066652298,0.0029017410706728697
YPL030W,YOL125W,1,3.7137027,0.8141025900840759,0.12624254822731018,0.0029017410706728697
YPL086C,YDR165W,1,3.7120652,0.8152866363525391,0.12723657488822937,0.0029017410706728697
YNR015W,YPL207W,1,3.7119176,0.8164557218551636,0.12823061645030975,0.0029017410706728697
YDL051W,YNL221C,1,3.7082388,0.8176100850105286,0.12922465801239014,0.0029017410706728697
YGR200C,YML080W,1,3.6952794,0.8187500238418579,0.13021868467330933,0.0029017410706728697
YDR083W,YMR269W,0,3.6929233,0.8136646151542664,0.13021868467330933,0.0030018009711056948
YJL125C,YBL018C,1,3.6802993,0.8148148059844971,0.1312127262353897,0.0030018009711056948
YDR165W,YBR257W,1,3.6802247,0.8159509301185608,0.1322067528963089,0.0030018009711056948
YBL024W,YLR401C,1,3.6783502,0.8170731663703918,0.13320079445838928,0.0030018009711056948
YMR146C,YGR072W,0,3.6702006,0.8121212124824524,0.13320079445838928,0.0031018611043691635
YNR015W,YMR239C,0,3.6587796,0.8072289228439331,0.13320079445838928,0.0032019212376326323
YGR264C,YBL028C,0,3.6546102,0.802395224571228,0.13320079445838928,0.0033019811380654573
YOR001W,YDR165W,1,3.6478589,0.8035714030265808,0.13419483602046967,0.0033019811380654573
YOL125W,YGL050W,1,3.6398087,0.8047337532043457,0.13518886268138885,0.0033019811380654573
YDL201W,YGL092W,1,3.6369143,0.8058823347091675,0.13618290424346924,0.0033019811380654573
YMR146C,YFR001W,0,3.6264412,0.8011695742607117,0.13618290424346924,0.003402041271328926
YOL125W,YGL243W,1,3.6231015,0.8023256063461304,0.13717694580554962,0.003402041271328926
YNR015W,YPL101W,1,3.6216733,0.8034682273864746,0.1381709724664688,0.003402041271328926
YHR062C,YHR070W,1,3.6144814,0.8045976758003235,0.1391650140285492,0.003402041271328926
YBR167C,YOR001W,1,3.6137946,0.8057143092155457,0.14015904068946838,0.003402041271328926
YLR009W,YLR129W,0,3.6130137,0.8011363744735718,0.14015904068946838,0.003502101171761751
YMR059W,YDR165W,1,3.6121774,0.8022598624229431,0.14115308225154877,0.003502101171761751
YNR046W,YKR079C,1,3.6032326,0.8033707737922668,0.14214712381362915,0.003502101171761751
YJR070C,YPL122C,0,3.5824964,0.7988826632499695,0.14214712381362915,0.00360216130502522
YDR167W,YHR085W,0,3.5789192,0.7944444417953491,0.14214712381362915,0.0037022214382886887
YBR257W,YLR401C,1,3.5675685,0.7955800890922546,0.14314115047454834,0.0037022214382886887
YOL124C,YLR316C,1,3.5615308,0.7967032790184021,0.14413519203662872,0.0037022214382886887
YGR030C,YKR079C,1,3.5557487,0.7978141903877258,0.1451292186975479,0.0037022214382886887
YNR015W,YML014W,1,3.552337,0.7989130616188049,0.1461232602596283,0.0037022214382886887
YNL221C,YOR001W,1,3.5406568,0.800000011920929,0.14711730182170868,0.0037022214382886887
YBR061C,YPL207W,1,3.525617,0.801075279712677,0.14811132848262787,0.0037022214382886887
YNL292W,YBR257W,1,3.5220761,0.8021390438079834,0.14910537004470825,0.0037022214382886887
YPR144C,YGL169W,0,3.5192645,0.7978723645210266,0.14910537004470825,0.0038022813387215137
YKL078W,YLR073C,0,3.5095303,0.7936508059501648,0.14910537004470825,0.0039023414719849825
YML080W,YGL216W,0,3.508784,0.7894737124443054,0.14910537004470825,0.004002401605248451
YGR030C,YGL050W,1,3.5038054,0.7905759215354919,0.15009939670562744,0.004002401605248451
YNL062C,YPL207W,1,3.5019283,0.7916666865348816,0.15109343826770782,0.004002401605248451
YML014W,YKR079C,1,3.4991038,0.7927461266517639,0.1520874798297882,0.004002401605248451
YHR070W,YMR312W,1,3.4943202,0.7938144207000732,0.1530815064907074,0.004002401605248451
YOL125W,YJL035C,1,3.4832513,0.7948718070983887,0.15407554805278778,0.004002401605248451
YDL051W,YDL006W,1,3.481456,0.795918345451355,0.15506958961486816,0.004002401605248451
YML080W,YDL208W,0,3.4771483,0.7918781638145447,0.15506958961486816,0.004102461505681276
YJL125C,YML005W,1,3.471028,0.7929292917251587,0.15606361627578735,0.004102461505681276
YGL211W,YML080W,1,3.4688122,0.7939698696136475,0.15705765783786774,0.004102461505681276
YMR123W,YJR112W,0,3.4609027,0.7900000214576721,0.15705765783786774,0.004202521406114101
YJR070C,YDR140W,0,3.4536195,0.7860696315765381,0.15705765783786774,0.004302581772208214
YPL101W,YOR243C,1,3.448261,0.7871286869049072,0.15805168449878693,0.004302581772208214
YBR247C,YBR202W,0,3.442311,0.7832512259483337,0.15805168449878693,0.004402641672641039
YKL110C,YPL207W,1,3.4364998,0.7843137383460999,0.1590457260608673,0.004402641672641039
YKL110C,YPL212C,1,3.4345324,0.785365879535675,0.1600397676229477,0.004402641672641039
YOL124C,YDL051W,1,3.4316828,0.7864077687263489,0.16103379428386688,0.004402641672641039
YNL062C,YLR384C,1,3.4305935,0.7874395847320557,0.16202783584594727,0.004402641672641039
YNL221C,YKR056W,1,3.4301682,0.7884615659713745,0.16302186250686646,0.004402641672641039
YNR046W,YML005W,1,3.4186594,0.7894737124443054,0.16401590406894684,0.004402641672641039
YNL282W,YBL068W,0,3.4176922,0.7857142686843872,0.16401590406894684,0.004502701573073864
YAR008W,YDR165W,1,3.4141839,0.7867298722267151,0.16500994563102722,0.004502701573073864
YLR384C,YDL201W,1,3.4063213,0.7877358198165894,0.1660039722919464,0.004502701573073864
YPL207W,YLR401C,1,3.392165,0.7887324094772339,0.1669980138540268,0.004502701573073864
YPL086C,YBR257W,1,3.3855019,0.7897196412086487,0.16799204051494598,0.004502701573073864
YER049W,YNL102W,0,3.383333,0.7860465049743652,0.16799204051494598,0.004602761473506689
YOL010W,YNL182C,0,3.382326,0.7824074029922485,0.16799204051494598,0.0047028218396008015
YOL124C,YNR046W,1,3.3817136,0.7834101319313049,0.16898608207702637,0.0047028218396008015
YNR015W,YHR070W,1,3.3809192,0.7844036817550659,0.16998012363910675,0.0047028218396008015
YOR001W,YER146W,1,3.371939,0.7853881120681763,0.17097415030002594,0.0047028218396008015
YER168C,YML005W,1,3.3627598,0.7863636612892151,0.17196819186210632,0.0047028218396008015
YFL001W,YDR496C,0,3.3615036,0.7828054428100586,0.17196819186210632,0.0048028817400336266
YOR243C,YDR378C,1,3.3536317,0.7837837934494019,0.1729622334241867,0.0048028817400336266
YKL074C,YHR156C,0,3.3452632,0.7802690863609314,0.1729622334241867,0.004902941640466452
YOL102C,YLR401C,1,3.3449376,0.78125,0.1739562600851059,0.004902941640466452
YML005W,YBR257W,1,3.340982,0.7822222113609314,0.17495030164718628,0.004902941640466452
YDR120C,YBR061C,1,3.336128,0.7831858396530151,0.17594432830810547,0.004902941640466452
YGR030C,YPL101W,1,3.3258073,0.784140944480896,0.17693836987018585,0.004902941640466452
YJL087C,YBL028C,0,3.3244405,0.780701756477356,0.17693836987018585,0.005003002006560564
YJL125C,YAL020C,1,3.3118825,0.7816593647003174,0.17793241143226624,0.005003002006560564
YBL028C,YKL094W,0,3.3045595,0.7782608866691589,0.17793241143226624,0.005103061906993389
YKL110C,YJL035C,1,3.3009017,0.7792207598686218,0.17892643809318542,0.005103061906993389
YOL102C,YML080W,1,3.299891,0.7801724076271057,0.1799204796552658,0.005103061906993389
YNL050C,YDR449C,0,3.298145,0.7768240571022034,0.1799204796552658,0.005203121807426214
YFL001W,YOL093W,1,3.2915108,0.7777777910232544,0.180914506316185,0.005203121807426214
YMR227C,YJR063W,0,3.2886655,0.7744680643081665,0.180914506316185,0.005303181707859039
YAL033W,YPL207W,1,3.2865028,0.7754237055778503,0.18190854787826538,0.005303181707859039
YOR243C,YAR008W,1,3.2803893,0.7763713002204895,0.18290258944034576,0.005303181707859039
YMR112C,YLR129W,0,3.2765691,0.7731092572212219,0.18290258944034576,0.005403242073953152
YNL292W,YDL036C,1,3.2764976,0.7740585803985596,0.18389661610126495,0.005403242073953152
YOL102C,YML014W,1,3.270069,0.7749999761581421,0.18489065766334534,0.005403242073953152
YIL079C,YBR061C,0,3.2640872,0.771784245967865,0.18489065766334534,0.005503301974385977
YGL063W,YKR056W,1,3.2636168,0.7727272510528564,0.18588469922542572,0.005503301974385977
YPL086C,YGL063W,1,3.2521856,0.7736625671386719,0.1868787258863449,0.005503301974385977
YFL001W,YNL282W,1,3.2459288,0.7745901346206665,0.1878727674484253,0.005503301974385977
YNL062C,YPL030W,1,3.2437692,0.7755101919174194,0.18886679410934448,0.005503301974385977
YNR046W,YHR187W,1,3.243605,0.7764227390289307,0.18986083567142487,0.005503301974385977
YOL142W,YGR169C,0,3.242719,0.7732793688774109,0.18986083567142487,0.005603361874818802
YOL142W,YER145C,0,3.2391284,0.7701612710952759,0.18986083567142487,0.005703422240912914
YOL125W,YLR401C,1,3.2290308,0.7710843086242676,0.19085487723350525,0.005703422240912914
YPL101W,YHR070W,1,3.22373,0.7720000147819519,0.19184890389442444,0.005703422240912914
YJL125C,YOR243C,1,3.2192218,0.7729083895683289,0.19284294545650482,0.005703422240912914
YLR430W,YPL212C,1,3.2151694,0.773809552192688,0.193836972117424,0.005703422240912914
YGR030C,YOL125W,1,3.2067943,0.7747035622596741,0.1948310136795044,0.005703422240912914
YDL051W,YPL086C,1,3.2048678,0.7755905389785767,0.19582505524158478,0.005703422240912914
YPL030W,YDR165W,1,3.2041109,0.7764706015586853,0.19681908190250397,0.005703422240912914
YHR062C,YML005W,1,3.1922061,0.77734375,0.19781312346458435,0.005703422240912914
YHR062C,YPL207W,1,3.1907847,0.7782101035118103,0.19880715012550354,0.005703422240912914
YGL211W,YBL024W,1,3.1894226,0.7790697813034058,0.19980119168758392,0.005703422240912914
YGL232W,YDL201W,1,3.1836112,0.7799227833747864,0.2007952332496643,0.005703422240912914
YJL011C,YOR294W,0,3.1675546,0.7769230604171753,0.2007952332496643,0.005803482141345739
YBL028C,YGR179C,0,3.1639628,0.7739463448524475,0.2007952332496643,0.0059035420417785645
YJL035C,YPL207W,1,3.137515,0.7748091816902161,0.2017892599105835,0.0059035420417785645
YNL273W,YML080W,0,3.1252935,0.7718631029129028,0.2017892599105835,0.0060036019422113895
YNL221C,YGR200C,1,3.122619,0.7727272510528564,0.20278330147266388,0.0060036019422113895
YNR015W,YPL086C,1,3.118964,0.7735849022865295,0.20377734303474426,0.0060036019422113895
YKR056W,YLR438C-A,1,3.1166818,0.7744361162185669,0.20477136969566345,0.0060036019422113895
YOR310C,YKL009W,0,3.106277,0.7715355753898621,0.20477136969566345,0.006103662308305502
YDR378C,YPL207W,1,3.0920205,0.7723880410194397,0.20576541125774384,0.006103662308305502
YHR069C,YLR129W,0,3.079761,0.7695167064666748,0.20576541125774384,0.006203722208738327
YNL282W,YLR438C-A,1,3.0725358,0.770370364189148,0.20675943791866302,0.006203722208738327
YML006C,YGL220W,0,3.0697029,0.76752769947052,0.20675943791866302,0.006303782109171152
YKR002W,YML080W,0,3.0630643,0.7647058963775635,0.20675943791866302,0.0064038424752652645
YGL236C,YDR165W,1,3.0621006,0.7655677795410156,0.2077534794807434,0.0064038424752652645
YER168C,YOR340C,0,3.0603755,0.7627737522125244,0.2077534794807434,0.00650390237569809
YFL001W,YGL050W,1,3.0476167,0.7636363506317139,0.2087475210428238,0.00650390237569809
YGR264C,YBR275C,0,3.03904,0.760869562625885,0.2087475210428238,0.006603962276130915
YHR062C,YDL006W,1,3.036764,0.7617328763008118,0.20974154770374298,0.006603962276130915
YOL093W,YBR257W,1,3.0286496,0.7625899314880371,0.21073558926582336,0.006603962276130915
YDR463W,YLR405W,1,3.0264552,0.7634408473968506,0.21172961592674255,0.006603962276130915
YHR062C,YHR187W,1,3.0218823,0.7642857432365417,0.21272365748882294,0.006603962276130915
YLR430W,YLR401C,1,3.011669,0.7651245594024658,0.21371769905090332,0.006603962276130915
YDL051W,YBR061C,1,3.0080845,0.7659574747085571,0.2147117257118225,0.006603962276130915
YFL001W,YPL086C,1,3.004244,0.7667844295501709,0.2157057672739029,0.006603962276130915
YHR066W,YER168C,0,2.9987226,0.76408451795578,0.2157057672739029,0.006704022642225027
YFL001W,YBL018C,1,2.9953804,0.7649123072624207,0.21669979393482208,0.006704022642225027
YKL110C,YOR243C,1,2.9828627,0.7657342553138733,0.21769383549690247,0.006704022642225027
YAL033W,YNR046W,1,2.982497,0.7665505409240723,0.21868787705898285,0.006704022642225027
YAR008W,YER146W,1,2.9796808,0.7673611044883728,0.21968190371990204,0.006704022642225027
YLR405W,YAR008W,1,2.9776318,0.7681660652160645,0.22067594528198242,0.006704022642225027
YDR429C,YBR061C,0,2.9712496,0.7655172348022461,0.22067594528198242,0.006804082542657852
YPL122C,YNR015W,0,2.9652925,0.7628865838050842,0.22067594528198242,0.006904142443090677
YBR002C,YLR073C,0,2.961156,0.7602739930152893,0.22067594528198242,0.007004202343523502
YLR080W,YPR190C,0,2.9549134,0.7576791644096375,0.22067594528198242,0.007104262709617615
YBR167C,YOL102C,1,2.954458,0.7585033774375916,0.2216699868440628,0.007104262709617615
YPR160W,YLR251W,0,2.9481487,0.7559322118759155,0.2216699868440628,0.00720432261005044
YJL035C,YBR061C,1,2.9446452,0.7567567825317383,0.222664013504982,0.00720432261005044
YLR405W,YGL063W,1,2.9409263,0.7575757503509521,0.22365805506706238,0.00720432261005044
YOR274W,YDR449C,0,2.9383802,0.755033552646637,0.22365805506706238,0.007304382510483265
YNL292W,YLR401C,1,2.9381685,0.7558528184890747,0.22465208172798157,0.007304382510483265
YDL051W,YKL205W,1,2.9373767,0.7566666603088379,0.22564612329006195,0.007304382510483265
YPL122C,YCR087C-A,0,2.9369836,0.7541528344154358,0.22564612329006195,0.007404442876577377
YLR384C,YOL125W,1,2.9229429,0.7549669146537781,0.22664016485214233,0.007404442876577377
YPL030W,YBR257W,1,2.9104235,0.7557755708694458,0.22763419151306152,0.007404442876577377
YOL093W,YLR438C-A,1,2.9074316,0.7565789222717285,0.2286282330751419,0.007404442876577377
YOL102C,YKR079C,1,2.8846228,0.757377028465271,0.2296222597360611,0.007404442876577377
YLR029C,YGR085C,0,2.8830829,0.7549019455909729,0.2296222597360611,0.007504502777010202
YPL101W,YER112W,1,2.8830726,0.7557003498077393,0.23061630129814148,0.007504502777010202
YGL174W,YBR141C,0,2.8830488,0.7532467246055603,0.23061630129814148,0.0076045626774430275
YDL036C,YER145C,0,2.8636873,0.7508090734481812,0.23061630129814148,0.007704622577875853
YMR182C,YJL200C,0,2.855398,0.7483870983123779,0.23061630129814148,0.007804682943969965
YMR123W,YMR227C,0,2.8540995,0.7459806799888611,0.23061630129814148,0.00790474284440279
YGL243W,YOL093W,1,2.8501368,0.7467948794364929,0.23161034286022186,0.00790474284440279
YDR492W,YAL029C,0,2.8487194,0.7444089651107788,0.23161034286022186,0.008004803210496902
YJL125C,YGL092W,1,2.8460562,0.7452229261398315,0.23260436952114105,0.008004803210496902
YMR321C,YML080W,0,2.8409169,0.7428571581840515,0.23260436952114105,0.00810486264526844
YDL036C,YOL066C,1,2.8232615,0.7436708807945251,0.23359841108322144,0.00810486264526844
YOL066C,YDR146C,0,2.821691,0.7413249015808105,0.23359841108322144,0.008204923011362553
YBR167C,YLR405W,1,2.8209465,0.7421383857727051,0.23459245264530182,0.008204923011362553
YLR384C,YLR316C,1,2.8161223,0.7429466843605042,0.235586479306221,0.008204923011362553
YGL236C,YML080W,1,2.809917,0.7437499761581421,0.2365805208683014,0.008204923011362553
YHR041C,YHR119W,0,2.8064747,0.7414330244064331,0.2365805208683014,0.008304983377456665
YPL212C,YBL018C,1,2.8061206,0.7422360181808472,0.23757454752922058,0.008304983377456665
YBR167C,YER146W,1,2.8041632,0.7430340647697449,0.23856858909130096,0.008304983377456665
YJL087C,YKR026C,0,2.8040416,0.7407407164573669,0.23856858909130096,0.008405042812228203
YLR009W,YKR044W,0,2.8035114,0.7384615540504456,0.23856858909130096,0.008505103178322315
YAL033W,YLR438C-A,1,2.8016293,0.7392638325691223,0.23956263065338135,0.008505103178322315
YNL282W,YHR187W,1,2.799707,0.7400611639022827,0.24055665731430054,0.008505103178322315
YOL102C,YPL093W,0,2.796982,0.7378048896789551,0.24055665731430054,0.008605163544416428
YPR182W,YLL034C,0,2.7964828,0.7355623245239258,0.24055665731430054,0.008705222979187965
YBR271W,YOR038C,0,2.7956514,0.7333333492279053,0.24055665731430054,0.008805283345282078
YEL037C,YBR155W,0,2.7808883,0.731117844581604,0.24055665731430054,0.008905342780053616
YOL125W,YDR378C,1,2.7748673,0.7319276928901672,0.24155069887638092,0.008905342780053616
YBR155W,YDL074C,0,2.7744482,0.7297297120094299,0.24155069887638092,0.009005403146147728
YOR243C,YHR187W,1,2.7740438,0.7305389046669006,0.2425447255373001,0.009005403146147728
YPR182W,YGR081C,0,2.773685,0.7283582091331482,0.2425447255373001,0.00910546351224184
YOR243C,YER168C,1,2.7695568,0.7291666865348816,0.2435387670993805,0.00910546351224184
YMR114C,YPR060C,0,2.7651954,0.7270029783248901,0.2435387670993805,0.009205522947013378
YLR191W,YML080W,0,2.7560346,0.7248520851135254,0.2435387670993805,0.00930558331310749
YOR243C,YBL024W,1,2.7527683,0.7256637215614319,0.24453280866146088,0.00930558331310749
YDL121C,YNR057C,0,2.752542,0.7235293984413147,0.24453280866146088,0.009405643679201603
YJL125C,YKR079C,1,2.7442694,0.7243402004241943,0.24552683532238007,0.009405643679201603
YFL001W,YDL006W,1,2.7414527,0.7251461744308472,0.24652087688446045,0.009405643679201603
YLR384C,YHR187W,1,2.739361,0.7259474992752075,0.24751490354537964,0.009405643679201603
YOL010W,YBL034C,0,2.7391856,0.7238371968269348,0.24751490354537964,0.00950570311397314
YHR070W,YGR276C,1,2.7365623,0.7246376872062683,0.24850894510746002,0.00950570311397314
YOL102C,YBL018C,1,2.734308,0.7254335284233093,0.2495029866695404,0.00950570311397314
YHR062C,YKR079C,1,2.732669,0.7262247800827026,0.2504970133304596,0.00950570311397314
YGL243W,YKR056W,1,2.7292225,0.727011501789093,0.2514910399913788,0.00950570311397314
YNR003C,YLR316C,0,2.7279236,0.7249283790588379,0.2514910399913788,0.009605763480067253
YNL221C,YNL292W,1,2.72729,0.7257142663002014,0.25248509645462036,0.009605763480067253
YGL063W,YER146W,1,2.7256312,0.7264957427978516,0.25347912311553955,0.009605763480067253
YOL125W,YER112W,1,2.7135456,0.7272727489471436,0.25447314977645874,0.009605763480067253
YGR177C,YGL050W,0,2.708559,0.7252124547958374,0.25447314977645874,0.009705823846161366
YDR120C,YKR079C,1,2.7060144,0.7259886860847473,0.2554672062397003,0.009705823846161366
YGR200C,YBL018C,1,2.7047331,0.7267605662345886,0.2564612329006195,0.009705823846161366
YNL292W,YHR187W,1,2.698675,0.7275280952453613,0.2574552595615387,0.009705823846161366
YOL155C,YBR155W,0,2.6984632,0.7254902124404907,0.2574552595615387,0.009805883280932903
YDR378C,YGL050W,1,2.6975772,0.7262569665908813,0.2584493160247803,0.009805883280932903
YDL006W,YDR165W,1,2.6957705,0.7270194888114929,0.25944334268569946,0.009805883280932903
YPR182W,YBR061C,0,2.6854107,0.7250000238418579,0.25944334268569946,0.009905943647027016
YBL024W,YDR165W,1,2.6846206,0.7257617712020874,0.26043736934661865,0.009905943647027016
YGL122C,YBR238C,0,2.6844525,0.7237569093704224,0.26043736934661865,0.010006004013121128
YOL010W,YMR112C,0,2.6829646,0.7217630743980408,0.26043736934661865,0.010106063447892666
YNL292W,YBR061C,1,2.681958,0.7225274443626404,0.26143142580986023,0.010106063447892666
YOL124C,YFL001W,1,2.677391,0.7232876420021057,0.2624254524707794,0.010106063447892666
YJL125C,YJL035C,1,2.6764743,0.7240437269210815,0.2634194791316986,0.010106063447892666
YNL102W,YGL220W,0,2.6742449,0.7220708727836609,0.2634194791316986,0.010206123813986778
YNL292W,YAR008W,1,2.6730812,0.7228260636329651,0.2644135057926178,0.010206123813986778
YER117W,YEL070W,0,2.6721613,0.7208672165870667,0.2644135057926178,0.010306183248758316
YNR015W,YMR312W,1,2.6721334,0.7216216325759888,0.2654075622558594,0.010306183248758316
YJL087C,YML091C,1,2.6704075,0.7223719954490662,0.26640158891677856,0.010306183248758316
YNR015W,YKR026C,0,2.666592,0.7204301357269287,0.26640158891677856,0.010406243614852428
YPL101W,YAL033W,1,2.6655712,0.7211796045303345,0.26739561557769775,0.010406243614852428
YNL062C,YAR008W,1,2.6649935,0.7219251394271851,0.26838967204093933,0.010406243614852428
YKL082C,YEL029C,0,2.6630378,0.7200000286102295,0.26838967204093933,0.01050630398094654
YLR316C,YMR059W,1,2.6596828,0.7207446694374084,0.2693836987018585,0.01050630398094654
YLR401C,YJL095W,0,2.6523907,0.7188329100608826,0.2693836987018585,0.010606363415718079
YLR405W,YMR059W,1,2.6491187,0.7195767164230347,0.2703777253627777,0.010606363415718079
YNL273W,YJR133W,0,2.6479366,0.7176781296730042,0.2703777253627777,0.010706423781812191
YBR167C,YHR070W,1,2.645973,0.7184210419654846,0.2713717818260193,0.010706423781812191
YBL052C,YER137C,0,2.6404252,0.7165354490280151,0.2713717818260193,0.010806484147906303
YGL211W,YGL243W,1,2.636791,0.717277467250824,0.2723658084869385,0.010806484147906303
YKR056W,YKR079C,1,2.6356068,0.7180156707763672,0.27335983514785767,0.010806484147906303
YPL122C,YMR308C,0,2.6309412,0.7161458134651184,0.27335983514785767,0.010906543582677841
YIL095W,YJR063W,0,2.6270862,0.7142857313156128,0.27335983514785767,0.011006603948771954
YGR081C,YKR036C,0,2.6269095,0.712435245513916,0.27335983514785767,0.011106664314866066
YGL050W,YML014W,1,2.6241388,0.713178277015686,0.27435389161109924,0.011106664314866066
YGL162W,YMR093W,0,2.6217303,0.7113401889801025,0.27435389161109924,0.011206723749637604
YOL125W,YAL033W,1,2.6163242,0.7120822668075562,0.27534791827201843,0.011206723749637604
YPR187W,YOR038C,0,2.6120975,0.7102563977241516,0.27534791827201843,0.011306784115731716
YDL036C,YOR283W,0,2.6056943,0.7084398865699768,0.27534791827201843,0.011406844481825829
YML099C,YKL082C,0,2.602204,0.706632673740387,0.27534791827201843,0.011506903916597366
YML080W,YER146W,1,2.600906,0.707379162311554,0.2763419449329376,0.011506903916597366
YDR414C,YDL121C,0,2.600328,0.7055837512016296,0.2763419449329376,0.011606964282691479
YDR083W,YGR185C,0,2.597112,0.703797459602356,0.2763419449329376,0.011707024648785591
YDL112W,YKR079C,1,2.5946949,0.7045454382896423,0.2773359715938568,0.011707024648785591
YMR123W,YBR261C,0,2.5909457,0.7027707695960999,0.2773359715938568,0.011807084083557129
YNL282W,YML014W,1,2.5825455,0.7035176157951355,0.2783300280570984,0.011807084083557129
YGL211W,YPL101W,1,2.5817282,0.7042606472969055,0.2793240547180176,0.011807084083557129
YBL026W,YBR061C,1,2.5807786,0.7049999833106995,0.28031808137893677,0.011807084083557129
YLL034C,YKL186C,0,2.5792632,0.7032418847084045,0.28031808137893677,0.011907144449651241
YIL079C,YMR240C,0,2.5759852,0.7014925479888916,0.28031808137893677,0.012007203884422779
YGL211W,YGR200C,1,2.5759223,0.7022332549095154,0.28131213784217834,0.012007203884422779
YDR120C,YML091C,1,2.573176,0.7029703259468079,0.28230616450309753,0.012007203884422779
YJL011C,YBL068W,0,2.5656364,0.7012345790863037,0.28230616450309753,0.012107264250516891
YDR472W,YMR213W,0,2.5627851,0.6995074152946472,0.28230616450309753,0.012207324616611004
YNR046W,YER146W,1,2.5566635,0.7002456784248352,0.2833001911640167,0.012207324616611004
YML080W,YML091C,1,2.5536442,0.7009803652763367,0.2842942476272583,0.012207324616611004
YOR243C,YDL036C,1,2.5530574,0.7017114758491516,0.2852882742881775,0.012207324616611004
YPR182W,YIL079C,0,2.551111,0.699999988079071,0.2852882742881775,0.012307384051382542
YBR167C,YOR243C,1,2.547599,0.7007299065589905,0.2862823009490967,0.012307384051382542
YOL093W,YMR059W,1,2.5433018,0.7014563083648682,0.28727632761001587,0.012307384051382542
YGL014W,YMR061W,0,2.5383308,0.6997578740119934,0.28727632761001587,0.012407444417476654
YNR015W,YML005W,1,2.535661,0.7004830837249756,0.28827038407325745,0.012407444417476654
YKL205W,YDL201W,1,2.5252683,0.7012048363685608,0.28926441073417664,0.012407444417476654
YAR008W,YBR257W,1,2.5247984,0.7019230723381042,0.2902584373950958,0.012407444417476654
YNL221C,YDL036C,1,2.521867,0.7026379108428955,0.2912524938583374,0.012407444417476654
YNR003C,YKR102W,0,2.5205781,0.7009569406509399,0.2912524938583374,0.012507504783570766
YGR200C,YML091C,1,2.5160773,0.7016706466674805,0.2922465205192566,0.012507504783570766
YLR430W,YML014W,1,2.5103467,0.7023809552192688,0.2932405471801758,0.012507504783570766
YDL036C,YLR316C,1,2.5010412,0.7030878663063049,0.29423460364341736,0.012507504783570766
YLR384C,YGL243W,1,2.498554,0.7037914395332336,0.29522863030433655,0.012507504783570766
YBR155W,YBR238C,0,2.496295,0.7021276354789734,0.29522863030433655,0.012607564218342304
YGL172W,YOL141W,1,2.4935367,0.7028301954269409,0.29622265696525574,0.012607564218342304
YAL024C,YOR311C,0,2.490482,0.7011764645576477,0.29622265696525574,0.012707624584436417
YKL009W,YGL014W,0,2.4796586,0.6995305418968201,0.29622265696525574,0.012807684950530529
YLR405W,YAL043C,1,2.4792368,0.7002341747283936,0.2972167134284973,0.012807684950530529
YML099C,YKL144C,0,2.4781706,0.6985981464385986,0.2972167134284973,0.012907744385302067
YLR405W,YNL282W,1,2.4743528,0.6993007063865662,0.2982107400894165,0.012907744385302067
YER165W,YMR229C,0,2.4743001,0.6976743936538696,0.2982107400894165,0.01300780475139618
YER165W,YBL034C,0,2.4718654,0.6960557103157043,0.2982107400894165,0.013107865117490292
YIL079C,YMR159C,0,2.4714806,0.6944444179534912,0.2982107400894165,0.01320792455226183
YBL024W,YML091C,1,2.4713001,0.6951501369476318,0.2992047667503357,0.01320792455226183
YLL008W,YBL034C,0,2.4624574,0.6935483813285828,0.2992047667503357,0.013307984918355942
YHR066W,YER145C,0,2.4597793,0.6919540166854858,0.2992047667503357,0.013408045284450054
YCR060W,YJL071W,0,2.4538925,0.6903669834136963,0.2992047667503357,0.013508104719221592
YPL252C,YOL052C,0,2.4503644,0.6887871623039246,0.2992047667503357,0.013608165085315704
YER112W,YML014W,1,2.4437268,0.689497709274292,0.3001987934112549,0.013608165085315704
YNL062C,YAL033W,1,2.4434037,0.6902050375938416,0.30119284987449646,0.013608165085315704
YBL026W,YMR075W,0,2.4392598,0.6886363625526428,0.30119284987449646,0.013708224520087242
YLR228C,YIL079C,0,2.4390934,0.6870748400688171,0.30119284987449646,0.013808284886181355
YER168C,YGL092W,1,2.421656,0.6877828240394592,0.30218687653541565,0.013808284886181355
YLR105C,YDR449C,0,2.4134402,0.6862302422523499,0.30218687653541565,0.013908345252275467
YOL066C,YGL050W,1,2.410632,0.6869369149208069,0.30318090319633484,0.013908345252275467
YAL033W,YBR061C,1,2.4102366,0.6876404285430908,0.3041749596595764,0.013908345252275467
YJL130C,YML080W,0,2.406914,0.6860986351966858,0.3041749596595764,0.014008404687047005
YMR049C,YPL213W,0,2.4066658,0.6845637559890747,0.3041749596595764,0.014108465053141117
YJR070C,YER145C,0,2.400851,0.6830357313156128,0.3041749596595764,0.01420852541923523
YGR200C,YMR312W,1,2.3962815,0.6837416291236877,0.3051689863204956,0.01420852541923523
YER171W,YBL068W,0,2.3930066,0.6822222471237183,0.3051689863204956,0.014308584854006767
YER112W,YBR061C,1,2.3907545,0.6829268336296082,0.3061630129814148,0.014308584854006767
YML032C,YIL079C,0,2.3883975,0.6814159154891968,0.3061630129814148,0.01440864522010088
YDL006W,YGR200C,1,2.3817375,0.6821191906929016,0.30715706944465637,0.01440864522010088
YNL221C,YPL212C,1,2.3791895,0.6828193664550781,0.30815109610557556,0.01440864522010088
YMR023C,YML080W,1,2.3772056,0.6835165023803711,0.30914512276649475,0.01440864522010088
YPR144C,YER171W,0,2.376927,0.6820175647735596,0.30914512276649475,0.014508705586194992
YER112W,YGR276C,1,2.3757136,0.6827133297920227,0.31013917922973633,0.014508705586194992
YCL024W,YDR373W,0,2.374746,0.6812227368354797,0.31013917922973633,0.01460876502096653
YBR002C,YMR123W,0,2.3731825,0.6797385811805725,0.31013917922973633,0.014708825387060642
YDL121C,YOL124C,0,2.370717,0.678260862827301,0.31013917922973633,0.014808885753154755
YBR167C,YOL066C,1,2.3690183,0.6789587736129761,0.3111332058906555,0.014808885753154755
YDR034C,YCR060W,0,2.364477,0.677489161491394,0.3111332058906555,0.014908945187926292
YGR281W,YNL070W,0,2.3628078,0.676025927066803,0.3111332058906555,0.015009005554020405
YMR283C,YML014W,1,2.3621511,0.6767241358757019,0.3121272325515747,0.015009005554020405
YKL205W,YGL092W,1,2.3591428,0.6774193644523621,0.3131212592124939,0.015009005554020405
YOR148C,YBL026W,0,2.3583179,0.6759656667709351,0.3131212592124939,0.015109064988791943
YKL020C,YJR063W,0,2.3565009,0.6745182275772095,0.3131212592124939,0.015209125354886055
YOL028C,YBR141C,0,2.350709,0.6730769276618958,0.3131212592124939,0.015309185720980167
YGR030C,YLR384C,1,2.3492992,0.673774003982544,0.3141153156757355,0.015309185720980167
YLR405W,YER146W,1,2.3418686,0.6744681000709534,0.31510934233665466,0.015309185720980167
YLR029C,YDL208W,0,2.3365881,0.6730360984802246,0.31510934233665466,0.015409245155751705
YOL093W,YOR327C,0,2.3361871,0.6716101765632629,0.31510934233665466,0.015509305521845818
YGR276C,YBR257W,1,2.333605,0.6723044514656067,0.31610336899757385,0.015509305521845818
YLR405W,YLR384C,1,2.3328977,0.6729958057403564,0.31709742546081543,0.015509305521845818
YDL227C,YIL079C,0,2.3302126,0.6715789437294006,0.31709742546081543,0.01560936588793993
YGR177C,YNR015W,0,2.3268685,0.6701680421829224,0.31709742546081543,0.015709426254034042
YLL008W,YHR057C,0,2.322185,0.6687631011009216,0.31709742546081543,0.01580948568880558
YKL110C,YOL125W,1,2.3211138,0.6694560647010803,0.3180914521217346,0.01580948568880558
YKR036C,YJL130C,0,2.3173807,0.668058454990387,0.3180914521217346,0.015909545123577118
YGR024C,YBL026W,1,2.3141468,0.668749988079071,0.3190854787826538,0.015909545123577118
YNL221C,YLR384C,1,2.3128183,0.6694386601448059,0.3200795352458954,0.015909545123577118
YPL030W,YPL086C,1,2.3125393,0.6701244711875916,0.3210735619068146,0.015909545123577118
YFL001W,YBL026W,1,2.310676,0.6708074808120728,0.32206758856773376,0.015909545123577118
YFL001W,YPL030W,1,2.3106632,0.6714876294136047,0.32306164503097534,0.015909545123577118
YGR072W,YMR246W,0,2.3061912,0.6701030731201172,0.32306164503097534,0.016009606420993805
YDR378C,YNR003C,0,2.3015113,0.6687242984771729,0.32306164503097534,0.016109665855765343
YDR378C,YGR169C,1,2.3006036,0.6694045066833496,0.32405567169189453,0.016109665855765343
YPR190C,YDR364C,0,2.295385,0.6680327653884888,0.32405567169189453,0.01620972529053688
YDR378C,YFL023W,0,2.2934573,0.6666666865348816,0.32405567169189453,0.016309786587953568
YDR378C,YGR089W,0,2.291391,0.6653061509132385,0.32405567169189453,0.016409846022725105
YGR200C,YKR079C,1,2.2848542,0.6659877896308899,0.3250496983528137,0.016409846022725105
YOL090W,YBR129C,0,2.28457,0.6646341681480408,0.3250496983528137,0.016509905457496643
YGR177C,YER165W,0,2.279605,0.663286030292511,0.3250496983528137,0.01660996675491333
YLR380W,YNR018W,0,2.2750928,0.6619433164596558,0.3250496983528137,0.016710026189684868
YKL009W,YCL025C,0,2.2681332,0.6606060862541199,0.3250496983528137,0.016810085624456406
YDR144C,YDR083W,0,2.2621593,0.6592742204666138,0.3250496983528137,0.016910146921873093
YBR020W,YBR042C,0,2.2605612,0.6579476594924927,0.3250496983528137,0.01701020635664463
YDL112W,YOL141W,1,2.2578075,0.6586345434188843,0.3260437250137329,0.01701020635664463
YGR251W,YPL011C,0,2.2572017,0.657314658164978,0.3260437250137329,0.017110265791416168
YGR095C,YMR246W,0,2.2492185,0.656000018119812,0.3260437250137329,0.017210327088832855
YGL014W,YCR057C,0,2.2484725,0.6546906232833862,0.3260437250137329,0.017310386523604393
YLR285W,YMR137C,0,2.2450001,0.6533864736557007,0.3260437250137329,0.01741044595837593
YGR081C,YKL074C,0,2.2438805,0.6520874500274658,0.3260437250137329,0.01751050539314747
YOR168W,YKL144C,0,2.2411768,0.6507936716079712,0.3260437250137329,0.017610566690564156
YMR049C,YLR309C,0,2.2377865,0.6495049595832825,0.3260437250137329,0.017710626125335693
YLR405W,YDL033C,1,2.23185,0.6501976251602173,0.3270377814769745,0.017710626125335693
YJL024C,YOR327C,0,2.2253387,0.64891517162323,0.3270377814769745,0.01781068556010723
YIL143C,YFL023W,0,2.2242997,0.6476377844810486,0.3270377814769745,0.017910746857523918
YNL292W,YGL050W,1,2.2238867,0.64833003282547,0.3280318081378937,0.017910746857523918
YPL101W,YML014W,1,2.2228088,0.6490195989608765,0.32902583479881287,0.017910746857523918
YDL051W,YGR276C,1,2.2221692,0.6497064828872681,0.33001989126205444,0.017910746857523918
YER112W,YOL066C,1,2.2220018,0.650390625,0.33101391792297363,0.017910746857523918
YGR200C,YGL050W,1,2.2194839,0.6510721445083618,0.3320079445838928,0.017910746857523918
YLR129W,YML109W,0,2.2156427,0.6498054265975952,0.3320079445838928,0.018010806292295456
YBL028C,YMR270C,0,2.2145643,0.6485437154769897,0.3320079445838928,0.018110865727066994
YPL030W,YDL006W,1,2.214494,0.6492248177528381,0.3330020010471344,0.018110865727066994
YGL236C,YER146W,1,2.2128825,0.6499032974243164,0.3339960277080536,0.018110865727066994
YLR285W,YMR229C,0,2.2118776,0.6486486196517944,0.3339960277080536,0.01821092702448368
YPL101W,YLR401C,1,2.2085147,0.6493256092071533,0.3349900543689728,0.01821092702448368
YLR183C,YJR031C,0,2.2044413,0.6480769515037537,0.3349900543689728,0.01831098645925522
YGL112C,YKL144C,0,2.200384,0.6468330025672913,0.3349900543689728,0.018411045894026756
YEL040W,YJR140C,0,2.1986377,0.6455938816070557,0.3349900543689728,0.018511107191443443
YDL051W,YLR438C-A,1,2.1977897,0.6462715268135071,0.33598408102989197,0.018511107191443443
YHR062C,YBR167C,1,2.1972034,0.6469465494155884,0.33697813749313354,0.018511107191443443
YNR003C,YBR074W,0,2.1967995,0.645714282989502,0.33697813749313354,0.01861116662621498
YHR069C,YBR261C,0,2.1948597,0.644486665725708,0.33697813749313354,0.01871122606098652
YGR216C,YMR075W,0,2.191762,0.6432637572288513,0.33697813749313354,0.018811287358403206
YNL147W,YJL125C,1,2.1917007,0.6439393758773804,0.33797216415405273,0.018811287358403206
YJL087C,YGR185C,0,2.1879227,0.6427221298217773,0.33797216415405273,0.018911346793174744
YPR060C,YDR364C,0,2.1859834,0.6415094137191772,0.33797216415405273,0.01901140622794628
YLR383W,YKR026C,0,2.1835592,0.6403013467788696,0.33797216415405273,0.01911146752536297
YBR020W,YLR300W,0,2.182366,0.6390977501869202,0.33797216415405273,0.019211526960134506
YGL226C-A,YHR085W,0,2.181987,0.6378986835479736,0.33797216415405273,0.019311586394906044
YIL079C,YER046W,0,2.1810231,0.63670414686203,0.33797216415405273,0.01941164769232273
YNL147W,YOL066C,1,2.1748645,0.6373831629753113,0.3389661908149719,0.01941164769232273
YHR119W,YBL034C,0,2.1714656,0.6361940503120422,0.3389661908149719,0.01951170712709427
YOR287C,YGL169W,0,2.1680205,0.6350092887878418,0.3389661908149719,0.019611766561865807
YMR013C,YHR085W,0,2.1677525,0.6338289976119995,0.3389661908149719,0.019711827859282494
YDL112W,YOR274W,1,2.1672595,0.6345083713531494,0.3399602472782135,0.019711827859282494
YBL028C,YER046W,0,2.162811,0.6333333253860474,0.3399602472782135,0.01981188729405403
YOR145C,YDR389W,0,2.1627405,0.6321626901626587,0.3399602472782135,0.01991194672882557
YKR036C,YMR213W,0,2.1614697,0.6309962868690491,0.3399602472782135,0.020012008026242256
YLR305C,YMR269W,0,2.1596854,0.6298342347145081,0.3399602472782135,0.020112067461013794
YBL052C,YBR061C,0,2.1546996,0.6286764740943909,0.3399602472782135,0.02021212689578533
YAL033W,YDR449C,0,2.1520576,0.6275229454040527,0.3399602472782135,0.02031218819320202
YBL112C,YNR067C,0,2.1519208,0.6263736486434937,0.3399602472782135,0.020412247627973557
YPL212C,YHR187W,1,2.149578,0.6270566582679749,0.3409542739391327,0.020412247627973557
YBL026W,YER112W,1,2.1474895,0.6277372241020203,0.3419483006000519,0.020412247627973557
YEL022W,YNL238W,0,2.1371548,0.626593828201294,0.3419483006000519,0.020512307062745094
YBR170C,YNL175C,0,2.134157,0.6254545450210571,0.3419483006000519,0.020612366497516632
YGR214W,YFL023W,0,2.1314325,0.6243194341659546,0.3419483006000519,0.02071242779493332
YFL001W,YGL092W,1,2.118625,0.625,0.34294235706329346,0.02071242779493332
YJL087C,YOR001W,1,2.1180317,0.6256781220436096,0.34393638372421265,0.02071242779493332
YBR167C,YMR059W,1,2.1172636,0.6263538002967834,0.34493041038513184,0.02071242779493332
YPL086C,YKR079C,1,2.1134884,0.6270270347595215,0.3459244668483734,0.02071242779493332
YMR123W,YKL022C,0,2.1103475,0.6258992552757263,0.3459244668483734,0.020812487229704857
YGL014W,YOL093W,0,2.1060052,0.6247755885124207,0.3459244668483734,0.020912546664476395
YDL074C,YGR185C,0,2.1024942,0.6236559152603149,0.3459244668483734,0.02101260796189308
YFL001W,YGL172W,1,2.1021821,0.624329149723053,0.3469184935092926,0.02101260796189308
YIL094C,YGR177C,0,2.098554,0.6232143044471741,0.3469184935092926,0.02111266739666462
YBL026W,YPL212C,1,2.094911,0.6238859295845032,0.3479125201702118,0.02111266739666462
YNR015W,YOR274W,1,2.090065,0.6245551705360413,0.348906546831131,0.02111266739666462
YGL243W,YGL092W,1,2.0888808,0.6252220273017883,0.34990060329437256,0.02111266739666462
YLR191W,YDL074C,0,2.0888698,0.6241135001182556,0.34990060329437256,0.021212726831436157
YDL245C,YGL169W,0,2.0859692,0.6230088472366333,0.34990060329437256,0.021312788128852844
YMR321C,YMR229C,0,2.0848749,0.6219081282615662,0.34990060329437256,0.021412847563624382
YBL028C,YLR005W,0,2.0847137,0.6208112835884094,0.34990060329437256,0.02151290699839592
YDR378C,YLR401C,1,2.0832903,0.6214788556098938,0.35089462995529175,0.02151290699839592
YOL066C,YBR257W,1,2.0747986,0.6221441030502319,0.35188865661621094,0.02151290699839592
YCL024W,YGL169W,0,2.0742826,0.621052622795105,0.35188865661621094,0.021612968295812607
YLR073C,YBR192W,0,2.072293,0.6199649572372437,0.35188865661621094,0.021713027730584145
YLR129W,YNL027W,0,2.0722406,0.618881106376648,0.35188865661621094,0.021813087165355682
YKL206C,YMR213W,0,2.0693736,0.6178010702133179,0.35188865661621094,0.02191314846277237
YFL001W,YNL221C,1,2.0644763,0.6184669137001038,0.3528827130794525,0.02191314846277237
YNL008C,YGR081C,0,2.064236,0.6173912882804871,0.3528827130794525,0.022013207897543907
YPL188W,YML080W,0,2.0628345,0.6163194179534912,0.3528827130794525,0.022113267332315445
YDL006W,YHR070W,1,2.0618012,0.6169844269752502,0.3538767397403717,0.022113267332315445
YAL033W,YGL122C,0,2.060768,0.6159169673919678,0.3538767397403717,0.022213328629732132
YPR137W,YDR211W,0,2.055411,0.6148532032966614,0.3538767397403717,0.02231338806450367
YDL051W,YMR312W,1,2.054069,0.615517258644104,0.3548707664012909,0.02231338806450367
YDL006W,YOL093W,1,2.0514257,0.6161789894104004,0.35586482286453247,0.02231338806450367
YGL211W,YDL036C,1,2.038234,0.6168385148048401,0.35685884952545166,0.02231338806450367
YOL112W,YML080W,0,2.0381565,0.6157804727554321,0.35685884952545166,0.022413447499275208
YOL070C,YGL050W,0,2.035875,0.6147260069847107,0.35685884952545166,0.022513508796691895
YGL092W,YKR079C,1,2.0355608,0.6153846383094788,0.35785287618637085,0.022513508796691895
YGR276C,YNR046W,1,2.035058,0.6160409450531006,0.3588469326496124,0.022513508796691895
YDR310C,YNL032W,0,2.0338202,0.6149914860725403,0.3588469326496124,0.022613568231463432
YPR144C,YJL006C,0,2.0275023,0.6139456033706665,0.3588469326496124,0.02271362766623497
YOL124C,YER165W,0,2.0267215,0.6129032373428345,0.3588469326496124,0.022813688963651657
YBL024W,YGL050W,1,2.0257747,0.6135593056678772,0.3598409593105316,0.022813688963651657
YLR191W,YOL124C,0,2.0235374,0.6125211715698242,0.3598409593105316,0.022913748398423195
YPR190C,YCL032W,0,2.0227125,0.6114864945411682,0.3598409593105316,0.023013807833194733
YER112W,YOL093W,1,2.0191247,0.6121416687965393,0.3608349859714508,0.023013807833194733
YLR183C,YBR141C,0,2.0182364,0.6111111044883728,0.3608349859714508,0.02311386913061142
YFL001W,YGR276C,1,2.0164406,0.6117647290229797,0.36182901263237,0.02311386913061142
YPL086C,YBR061C,1,2.0160596,0.6124160885810852,0.3628230690956116,0.02311386913061142
YHR060W,YJR112W,0,2.0159435,0.6113902926445007,0.3628230690956116,0.023213928565382957
YPL212C,YGL050W,1,2.0137568,0.6120401620864868,0.36381709575653076,0.023213928565382957
YOR145C,YAL031C,0,2.0120952,0.6110183596611023,0.36381709575653076,0.023313988000154495
YJL194W,YNR057C,0,2.0064912,0.6100000143051147,0.36381709575653076,0.023414049297571182
YJL087C,YER146W,1,1.9983462,0.6106489300727844,0.36481112241744995,0.023414049297571182
YOL010W,YNL110C,0,1.997346,0.6096345782279968,0.36481112241744995,0.02351410873234272
YBR238C,YFR036W,0,1.994111,0.6086235642433167,0.36481112241744995,0.023614168167114258
YOR279C,YER002W,0,1.9937717,0.6076158881187439,0.36481112241744995,0.023714229464530945
YDR414C,YPR187W,0,1.9920903,0.6066115498542786,0.36481112241744995,0.023814288899302483
YKR002W,YFR001W,0,1.9855465,0.6056105494499207,0.36481112241744995,0.02391434833407402
YOL124C,YKL205W,1,1.9788014,0.6062602996826172,0.36580517888069153,0.02391434833407402
YJR107W,YOR243C,0,1.9781722,0.6052631735801697,0.36580517888069153,0.024014407768845558
YNR003C,YOL101C,0,1.9777442,0.60426926612854,0.36580517888069153,0.024114469066262245
YGR030C,YGR276C,1,1.9744536,0.6049180030822754,0.3667992055416107,0.024114469066262245
YOL125W,YLR438C-A,1,1.9684213,0.6055646538734436,0.3677932322025299,0.024114469066262245
YGR081C,YCR011C,0,1.9677514,0.6045751571655273,0.3677932322025299,0.024214528501033783
YDR378C,YER146W,1,1.9674515,0.6052201986312866,0.3687872886657715,0.024214528501033783
YMR283C,YDR165W,1,1.9630636,0.6058632135391235,0.3697813153266907,0.024214528501033783
YGR252W,YHR085W,0,1.9619645,0.6048780679702759,0.3697813153266907,0.02431458793580532
YBR247C,YIR018W,0,1.9616278,0.6038960814476013,0.3697813153266907,0.024414649233222008
YIL142W,YMR065W,0,1.9588603,0.6029173135757446,0.3697813153266907,0.024514708667993546
YDR463W,YKR056W,1,1.9577826,0.6035598516464233,0.37077534198760986,0.024514708667993546
YOL043C,YLR073C,0,1.956684,0.6025848388671875,0.37077534198760986,0.024614768102765083
YIL079C,YFR036W,0,1.9547676,0.60161292552948,0.37077534198760986,0.02471482940018177
YPL180W,YMR093W,0,1.9536322,0.6006441116333008,0.37077534198760986,0.024814888834953308
YJL066C,YEL012W,0,1.9520401,0.5996784567832947,0.37077534198760986,0.024914948269724846
YHR062C,YER146W,1,1.9494375,0.6003210544586182,0.37176939845085144,0.024914948269724846
YER168C,YOR001W,1,1.946793,0.6009615659713745,0.37276342511177063,0.024914948269724846
YGL211W,YGR276C,1,1.9455076,0.6015999913215637,0.3737574517726898,0.024914948269724846
YGR276C,YML080W,1,1.9424123,0.6022364497184753,0.374751478433609,0.024914948269724846
YHR062C,YGL236C,1,1.941964,0.6028708219528198,0.3757455348968506,0.024914948269724846
YOL028C,YML080W,0,1.9417025,0.6019108295440674,0.3757455348968506,0.025015009567141533
YJL024C,YBR257W,0,1.9392961,0.6009538769721985,0.3757455348968506,0.02511506900191307
YEL070W,YNL302C,0,1.937709,0.6000000238418579,0.3757455348968506,0.02521512843668461
YNR015W,YAR008W,1,1.9331828,0.6006339192390442,0.3767395615577698,0.02521512843668461
YOL054W,YBL034C,0,1.931439,0.5996835231781006,0.3767395615577698,0.025315189734101295
YGL211W,YPL207W,1,1.9310874,0.6003159284591675,0.37773358821868896,0.025315189734101295
YJL087C,YDL006W,1,1.9292465,0.6009463667869568,0.37872764468193054,0.025315189734101295
YFL001W,YDR378C,1,1.9289116,0.6015747785568237,0.37972167134284973,0.025315189734101295
YDL036C,YGR072W,0,1.9281267,0.6006289124488831,0.37972167134284973,0.025415249168872833
YGL172W,YBR061C,1,1.9272941,0.6012558937072754,0.3807156980037689,0.025415249168872833
YBL026W,YER146W,1,1.9244143,0.6018808484077454,0.3817097544670105,0.025415249168872833
YGR177C,YML006C,0,1.9243134,0.6009389758110046,0.3817097544670105,0.02551530860364437
YOL124C,YGL063W,1,1.9234549,0.6015625,0.3827037811279297,0.02551530860364437
YMR146C,YKR026C,0,1.9230045,0.6006240248680115,0.3827037811279297,0.025615369901061058
YBR261C,YDL208W,0,1.9219564,0.5996884703636169,0.3827037811279297,0.025715429335832596
YLR025W,YKL172W,0,1.9187233,0.5987558364868164,0.3827037811279297,0.025815488770604134
YDL111C,YML099C,0,1.9173077,0.5978260636329651,0.3827037811279297,0.02591555006802082
YGL211W,YGL092W,1,1.9169185,0.5984495878219604,0.3836978077888489,0.02591555006802082
YML080W,YMR047C,1,1.9155298,0.599071204662323,0.38469183444976807,0.02591555006802082
YNL221C,YOL125W,1,1.9128679,0.599690854549408,0.38568589091300964,0.02591555006802082
YKL189W,YJR063W,0,1.9120342,0.5987654328346252,0.38568589091300964,0.02601560950279236
YAL033W,YGR200C,1,1.9048018,0.5993836522102356,0.38667991757392883,0.02601560950279236
YEL022W,YKL082C,0,1.9021546,0.5984615087509155,0.38667991757392883,0.026115668937563896
YKL078W,YER046W,0,1.894333,0.5975422263145447,0.38667991757392883,0.026215730234980583
YMR049C,YDL245C,0,1.8898696,0.5966257452964783,0.38667991757392883,0.02631578966975212
YHR066W,YJL191W,0,1.8861182,0.5957121253013611,0.38667991757392883,0.02641584910452366
YFR001W,YOR194C,0,1.8861154,0.5948012471199036,0.38667991757392883,0.026515910401940346
YER050C,YLR183C,0,1.8847507,0.5938931107521057,0.38667991757392883,0.026615969836711884
YLR029C,YPR043W,0,1.8823179,0.5929877758026123,0.38667991757392883,0.02671602927148342
YPL276W,YBR187W,0,1.8805952,0.5920852422714233,0.38667991757392883,0.02681609056890011
YNL292W,YER112W,1,1.879837,0.5927051901817322,0.387673944234848,0.02681609056890011
YLR430W,YLR316C,1,1.8797866,0.5933232307434082,0.3886680006980896,0.02681609056890011
YDR172W,YMR213W,0,1.8769993,0.592424213886261,0.3886680006980896,0.026916150003671646
YOL124C,YMR087W,1,1.8758204,0.5930408239364624,0.3896620273590088,0.026916150003671646
YNL062C,YER112W,1,1.8698691,0.5936555862426758,0.390656054019928,0.026916150003671646
YNR003C,YKL124W,0,1.867742,0.5927602052688599,0.390656054019928,0.027016209438443184
YMR023C,YDR120C,1,1.8592874,0.5933734774589539,0.39165011048316956,0.027016209438443184
YML080W,YDL035C,0,1.8582698,0.5924811959266663,0.39165011048316956,0.02711626887321472
YPL011C,YER019C-A,0,1.8577372,0.5915915966033936,0.39165011048316956,0.02721633017063141
YPR137W,YDR389W,0,1.853335,0.590704619884491,0.39165011048316956,0.027316389605402946
YLL002W,YDR527W,0,1.8527185,0.589820384979248,0.39165011048316956,0.027416449040174484
YLR005W,YLR073C,0,1.8523884,0.5889387130737305,0.39165011048316956,0.02751651033759117
YBR167C,YPL101W,1,1.8516537,0.5895522236824036,0.39264413714408875,0.02751651033759117
YPL030W,YLR438C-A,1,1.8504722,0.5901639461517334,0.39363816380500793,0.02751651033759117
YPL042C,YDL111C,0,1.843696,0.5892857313156128,0.39363816380500793,0.02761656977236271
YBR022W,YLR401C,1,1.8421638,0.5898959636688232,0.3946322202682495,0.02761656977236271
YOL141W,YDR120C,1,1.8418692,0.5905044674873352,0.3956262469291687,0.02761656977236271
YHR006W,YGL050W,1,1.837733,0.5911111235618591,0.3966202735900879,0.02761656977236271
YPL101W,YGR276C,1,1.836851,0.5917159914970398,0.3976143002510071,0.02761656977236271
YMR005W,YER145C,0,1.8365173,0.5908419489860535,0.3976143002510071,0.027716629207134247
YDL112W,YMR283C,1,1.8356589,0.5914454460144043,0.39860835671424866,0.027716629207134247
YBR202W,YIL020C,0,1.8335812,0.5905743837356567,0.39860835671424866,0.027816690504550934
YMR112C,YOR168W,0,1.8321985,0.5897058844566345,0.39860835671424866,0.02791674993932247
YBR275C,YGR229C,0,1.831114,0.5888399481773376,0.39860835671424866,0.02801680937409401
YIR015W,YOR001W,1,1.8303858,0.589442789554596,0.39960238337516785,0.02801680937409401
YHR066W,YJR130C,0,1.8295351,0.5885797739028931,0.39960238337516785,0.028116870671510696
YLR312W-A,YDR281C,0,1.8294784,0.5877193212509155,0.39960238337516785,0.028216930106282234
YOR279C,YPL093W,0,1.826146,0.5868613123893738,0.39960238337516785,0.028316989541053772
YJL087C,YDL036C,1,1.8250809,0.5874635577201843,0.40059641003608704,0.028316989541053772
YJL191W,YKL166C,0,1.8226074,0.5866084694862366,0.40059641003608704,0.02841705083847046
YLR009W,YGR258C,0,1.8220602,0.5857558250427246,0.40059641003608704,0.028517110273241997
YJR107W,YHR085W,0,1.8219525,0.5849056839942932,0.40059641003608704,0.028617169708013535
YGL083W,YGR095C,0,1.82108,0.5840579867362976,0.40059641003608704,0.02871723100543022
YDR229W,YBR061C,0,1.8195478,0.5832127332687378,0.40059641003608704,0.02881729044020176
YHR069C,YDR429C,0,1.8194243,0.5823699235916138,0.40059641003608704,0.028917349874973297
YOL070C,YER002W,0,1.8184246,0.5815295577049255,0.40059641003608704,0.029017411172389984
YPR144C,YJR133W,0,1.8180407,0.5806916356086731,0.40059641003608704,0.029117470607161522
YOR084W,YHR059W,0,1.816648,0.5798560976982117,0.40059641003608704,0.02921753004193306
YLR430W,YDL036C,1,1.8090974,0.5804597735404968,0.4015904664993286,0.02921753004193306
YOL124C,YBR061C,1,1.8069915,0.5810617208480835,0.4025844931602478,0.02921753004193306
YIL128W,YJR070C,0,1.8061785,0.5802292227745056,0.4025844931602478,0.029317591339349747
YLR353W,YMR176W,0,1.806079,0.5793991684913635,0.4025844931602478,0.029417650774121284
YBR202W,YDR260C,0,1.805975,0.5785714387893677,0.4025844931602478,0.029517710208892822
YBR202W,YJL004C,0,1.8026655,0.5777460932731628,0.4025844931602478,0.02961777150630951
YGR030C,YNL221C,1,1.7999483,0.5783475637435913,0.403578519821167,0.02961777150630951
YBL028C,YOR089C,0,1.7989944,0.5775249004364014,0.403578519821167,0.029717830941081047
YDR454C,YHR085W,0,1.7979182,0.5767045617103577,0.403578519821167,0.029817890375852585
YPR144C,YMR227C,0,1.7964605,0.5758865475654602,0.403578519821167,0.029917951673269272
YIL079C,YIL076W,0,1.7942883,0.5750707983970642,0.403578519821167,0.03001801110804081
YMR182C,YOR145C,0,1.7929102,0.5742574334144592,0.403578519821167,0.030118070542812347
YDR079W,YJL134W,0,1.792251,0.5734463334083557,0.403578519821167,0.030218129977583885
YOL124C,YGL243W,1,1.7896745,0.5740479826927185,0.40457257628440857,0.030218129977583885
YLR395C,YBR192W,0,1.7895228,0.5732394456863403,0.40457257628440857,0.030318191275000572
YMR112C,YBR238C,0,1.7882422,0.5724331736564636,0.40457257628440857,0.03041825070977211
YPL101W,YGL243W,1,1.7830501,0.5730336904525757,0.40556660294532776,0.03041825070977211
YPR182W,YGL050W,0,1.7820451,0.5722300410270691,0.40556660294532776,0.030518310144543648
YNL147W,YKR079C,1,1.781993,0.5728291273117065,0.40656062960624695,0.030518310144543648
YOL124C,YMR145C,0,1.7805651,0.5720279812812805,0.40656062960624695,0.030618371441960335
YLR430W,YNL282W,1,1.7802386,0.5726256966590881,0.4075546860694885,0.030618371441960335
YPL212C,YGL063W,1,1.7770537,0.573221743106842,0.4085487127304077,0.030618371441960335
YER050C,YDR414C,0,1.7735902,0.5724233984947205,0.4085487127304077,0.030718430876731873
YPL180W,YDR457W,0,1.7728008,0.5716272592544556,0.4085487127304077,0.03081849031150341
YOR283W,YOL101C,0,1.7692736,0.5708333253860474,0.4085487127304077,0.030918551608920097
YNL107W,YDR449C,0,1.7668102,0.5700415968894958,0.4085487127304077,0.031018611043691635
YDR205W,YCR087C-A,0,1.7666684,0.569252073764801,0.4085487127304077,0.031118670478463173
YBR187W,YFL001W,0,1.7564434,0.5684647560119629,0.4085487127304077,0.03121873177587986
YLR405W,YOL066C,1,1.7562853,0.5690608024597168,0.4095427393913269,0.03121873177587986
YOR243C,YGL243W,1,1.7518626,0.569655179977417,0.4105367660522461,0.03121873177587986
YJR103W,YHR008C,0,1.749154,0.5688705444335938,0.4105367660522461,0.0313187912106514
YIL177C,YJR063W,0,1.7469791,0.5680880546569824,0.4105367660522461,0.031418852508068085
YCL014W,YBL026W,0,1.746406,0.567307710647583,0.4105367660522461,0.03151891008019447
YLR183C,YNL110C,0,1.746174,0.5665295124053955,0.4105367660522461,0.03161897137761116
YLR105C,YGR081C,0,1.7444637,0.5657534003257751,0.4105367660522461,0.03171903267502785
YKL082C,YFL054C,0,1.7437114,0.5649794936180115,0.4105367660522461,0.031819090247154236
YNL261W,YOR327C,0,1.7423317,0.5642076730728149,0.4105367660522461,0.03191915154457092
YOR123C,YBR061C,0,1.7415195,0.5634379386901855,0.4105367660522461,0.03201921284198761
YNL314W,YDR167W,0,1.7383946,0.5626702904701233,0.4105367660522461,0.032119270414114
YCL036W,YIL143C,0,1.7362496,0.561904788017273,0.4105367660522461,0.032219331711530685
YLR405W,YMR023C,1,1.7355869,0.5625,0.41153082251548767,0.032219331711530685
YGR216C,YOL093W,0,1.733359,0.5617367625236511,0.41153082251548767,0.03231939300894737
YGR251W,YML036W,0,1.7262809,0.5609756112098694,0.41153082251548767,0.03241945058107376
YER112W,YKR079C,1,1.7253526,0.5615696907043457,0.41252484917640686,0.03241945058107376
YOR304W,YBR238C,0,1.722143,0.5608108043670654,0.41252484917640686,0.03251951187849045
YNL282W,YGR077C,0,1.7211183,0.5600540041923523,0.41252484917640686,0.032619573175907135
YHR062C,YJR022W,1,1.7207638,0.5606468915939331,0.41351887583732605,0.032619573175907135
YMR227C,YOR294W,0,1.719295,0.5598923563957214,0.41351887583732605,0.032719630748033524
YGL014W,YGL216W,0,1.7183084,0.5591397881507874,0.41351887583732605,0.03281969204545021
YOL082W,YNL208W,0,1.7122673,0.5583892464637756,0.41351887583732605,0.0329197533428669
YMR321C,YLR129W,0,1.7083672,0.5576407313346863,0.41351887583732605,0.033019810914993286
YMR168C,YPL093W,0,1.7072881,0.5568942427635193,0.41351887583732605,0.03311987221240997
YLR384C,YOR251C,1,1.7062496,0.5574866533279419,0.4145129323005676,0.03311987221240997
YNR015W,YBR022W,1,1.7038716,0.5580774545669556,0.4155069589614868,0.03311987221240997
YJL128C,YPL093W,0,1.6967319,0.5573333501815796,0.4155069589614868,0.03321993350982666
YDR378C,YDL227C,0,1.6959854,0.5565912127494812,0.4155069589614868,0.03331999108195305
YIL128W,YLR197W,0,1.6944898,0.5558510422706604,0.4155069589614868,0.033420052379369736
YDL111C,YER145C,0,1.6944695,0.555112898349762,0.4155069589614868,0.03352011367678642
YAR008W,YGL092W,1,1.6927298,0.5557029247283936,0.416500985622406,0.03352011367678642
YDR498C,YNL175C,0,1.6920694,0.5549668669700623,0.416500985622406,0.03362017124891281
YOR287C,YMR020W,0,1.6897327,0.5542327761650085,0.416500985622406,0.0337202325463295
YGL050W,YJR133W,0,1.6896094,0.5535006523132324,0.416500985622406,0.033820293843746185
YMR033W,YFR001W,0,1.6873149,0.5527704358100891,0.416500985622406,0.033920351415872574
YPL086C,YML091C,1,1.6840637,0.5533596873283386,0.4174950420856476,0.033920351415872574
YNL292W,YER146W,1,1.6840051,0.553947389125824,0.4184890687465668,0.033920351415872574
YER162C,YBL068W,0,1.6824116,0.5532194375991821,0.4184890687465668,0.03402041271328926
YNR015W,YDL006W,1,1.6797484,0.5538057684898376,0.41948309540748596,0.03402041271328926
YNL221C,YBL026W,1,1.677024,0.554390549659729,0.42047715187072754,0.03402041271328926
YOR297C,YGL050W,0,1.6738554,0.5536649227142334,0.42047715187072754,0.03412047401070595
YLR316C,YGL243W,1,1.6730429,0.5542483925819397,0.42147117853164673,0.03412047401070595
YMR269W,YGL190C,0,1.6702095,0.5535247921943665,0.42147117853164673,0.034220531582832336
YNL309W,YBL028C,0,1.6682819,0.5528031587600708,0.42147117853164673,0.03432059288024902
YOR310C,YML006C,0,1.6673738,0.5520833134651184,0.42147117853164673,0.03442065417766571
YLR073C,YJL095W,0,1.6669029,0.5513654351234436,0.42147117853164673,0.0345207117497921
YGR180C,YOR313C,0,1.6668394,0.5506493449211121,0.42147117853164673,0.034620773047208786
YPL207W,YAL020C,1,1.6651455,0.5512321591377258,0.4224652051925659,0.034620773047208786
YJL087C,YER112W,1,1.6646293,0.5518134832382202,0.4234592318534851,0.034620773047208786
YGR030C,YBL018C,1,1.6599075,0.5523932576179504,0.4244532883167267,0.034620773047208786
YGL211W,YHR187W,1,1.6596915,0.552971601486206,0.4254473149776459,0.034620773047208786
YCL036W,YGR276C,0,1.6572884,0.5522580742835999,0.4254473149776459,0.03472083434462547
YPL101W,YAL020C,1,1.6564835,0.5528350472450256,0.42644134163856506,0.03472083434462547
YBR247C,YNR072W,0,1.6558057,0.5521235466003418,0.42644134163856506,0.03482089191675186
YDL054C,YKL078W,0,1.6551958,0.551413893699646,0.42644134163856506,0.03492095321416855
YBR278W,YKL144C,0,1.6523036,0.5507060289382935,0.42644134163856506,0.03502101078629494
YNL032W,YMR273C,0,1.6509992,0.550000011920929,0.42644134163856506,0.035121072083711624
YMR087W,YNL175C,0,1.6502343,0.5492957830429077,0.42644134163856506,0.03522113338112831
YAR035W,YER052C,0,1.6490697,0.5485933423042297,0.42644134163856506,0.0353211909532547
YML071C,YMR301C,0,1.6483016,0.5478927493095398,0.42644134163856506,0.03542125225067139
YLR105C,YCR057C,0,1.6472853,0.5471938848495483,0.42644134163856506,0.035521313548088074
YBR278W,YLL004W,0,1.6457826,0.5464968085289001,0.42644134163856506,0.03562137112021446
YCL024W,YLR103C,0,1.64443,0.5458015203475952,0.42644134163856506,0.03572143241763115
YGR169C,YLR005W,0,1.6407486,0.5451080203056335,0.42644134163856506,0.035821493715047836
YJR022W,YPL212C,1,1.6397088,0.5456852912902832,0.42743539810180664,0.035821493715047836
YML005W,YLR438C-A,1,1.6390268,0.5462610721588135,0.42842942476272583,0.035821493715047836
YMR123W,YJL206C,0,1.6386198,0.5455695986747742,0.42842942476272583,0.035921551287174225
YJL024C,YDL225W,0,1.6385341,0.5448799133300781,0.42842942476272583,0.03602161258459091
YCL036W,YGL019W,0,1.6385193,0.5441918969154358,0.42842942476272583,0.0361216738820076
YDL227C,YKL015W,0,1.6384281,0.5435056686401367,0.42842942476272583,0.03622173145413399
YBR276C,YLL017W,0,1.6378931,0.5428211688995361,0.42842942476272583,0.036321792751550674
YEL043W,YBR271W,0,1.6368362,0.5421383380889893,0.42842942476272583,0.03642185404896736
YDR378C,YBR257W,1,1.6363404,0.5427135825157166,0.429423451423645,0.03642185404896736
YNL172W,YMR246W,0,1.6352655,0.5420325994491577,0.429423451423645,0.03652191162109375
YKR102W,YLR016C,0,1.6351346,0.5413534045219421,0.429423451423645,0.03662197291851044
YGL232W,YGR200C,1,1.622171,0.5419273972511292,0.4304175078868866,0.03662197291851044
YGR030C,YLR316C,1,1.6184617,0.5425000190734863,0.4314115345478058,0.03662197291851044
YKL090W,YKL186C,0,1.6145177,0.5418227314949036,0.4314115345478058,0.036722034215927124
YOL102C,YGL236C,1,1.613801,0.5423940420150757,0.432405561208725,0.036722034215927124
YMR023C,YBR061C,1,1.6120472,0.5429638624191284,0.43339958786964417,0.036722034215927124
YNR057C,YHR077C,0,1.6113693,0.5422885417938232,0.43339958786964417,0.03682209178805351
YBR274W,YFL001W,0,1.6108902,0.5416148900985718,0.43339958786964417,0.0369221530854702
YHR062C,YGR276C,1,1.6104336,0.5421836376190186,0.43439364433288574,0.0369221530854702
YLR383W,YPR137W,0,1.6089202,0.5415117740631104,0.43439364433288574,0.03702221438288689
YLR401C,YPL112C,0,1.6073273,0.5408415794372559,0.43439364433288574,0.037122271955013275
YGL122C,YKL082C,0,1.6071995,0.5401730537414551,0.43439364433288574,0.03722233325242996
YGR085C,YAL031C,0,1.6070745,0.539506196975708,0.43439364433288574,0.03732239454984665
YMR090W,YNL092W,0,1.606679,0.5388409495353699,0.43439364433288574,0.03742245212197304
YIL021W,YMR301C,0,1.6008364,0.5381773114204407,0.43439364433288574,0.037522513419389725
YDR454C,YLR380W,0,1.599455,0.53751540184021,0.43439364433288574,0.03762257471680641
YOR287C,YER185W,0,1.5978078,0.5368550419807434,0.43439364433288574,0.0377226322889328
YAL033W,YDR165W,1,1.5952846,0.537423312664032,0.43538767099380493,0.0377226322889328
YOR310C,YDL061C,0,1.594798,0.5367646813392639,0.43538767099380493,0.03782269358634949
YML097C,YGL216W,0,1.593074,0.5361077189445496,0.43538767099380493,0.037922754883766174
YNL147W,YOL125W,1,1.5929102,0.5366747975349426,0.4363816976547241,0.037922754883766174
YOR145C,YDL171C,0,1.5910041,0.5360195636749268,0.4363816976547241,0.03802281245589256
YBL026W,YHR187W,1,1.5890974,0.5365853905677795,0.4373757541179657,0.03802281245589256
YBR261C,YER137C,0,1.5884095,0.5359317660331726,0.4373757541179657,0.03812287375330925
YKL110C,YBR167C,1,1.5853616,0.5364963412284851,0.4383697807788849,0.03812287375330925
YLR183C,YER162C,0,1.5842909,0.5358444452285767,0.4383697807788849,0.03822293505072594
YGL068W,YDR494W,0,1.5842353,0.5351941585540771,0.4383697807788849,0.038322992622852325
YMR227C,YOR311C,0,1.5837334,0.5345454812049866,0.4383697807788849,0.03842305392026901
YGR081C,YMR200W,0,1.5816811,0.5338982939720154,0.4383697807788849,0.0385231152176857
YAR008W,YGR169C,1,1.5807151,0.5344619154930115,0.4393638074398041,0.0385231152176857
YPL213W,YGL014W,0,1.5781679,0.533816397190094,0.4393638074398041,0.03862317278981209
YKL205W,YPL011C,0,1.5767509,0.5331724882125854,0.4393638074398041,0.038723234087228775
YHR062C,YMR047C,1,1.576325,0.533734917640686,0.44035786390304565,0.038723234087228775
YFL014W,YBR031W,0,1.5709143,0.5330926775932312,0.44035786390304565,0.03882329538464546
YDL033C,YER146W,1,1.5703719,0.5336538553237915,0.44135189056396484,0.03882329538464546
YKL130C,YNL175C,0,1.5696648,0.5330132246017456,0.44135189056396484,0.03892335295677185
YPR190C,YER046W,0,1.5694622,0.5323740839958191,0.44135189056396484,0.03902341425418854
YGR251W,YJL178C,0,1.5693836,0.5317365527153015,0.44135189056396484,0.039123475551605225
YJL103C,YJL082W,0,1.5691029,0.5311004519462585,0.44135189056396484,0.03922353312373161
YMR300C,YMR213W,0,1.5682143,0.5304659605026245,0.44135189056396484,0.0393235944211483
YNL147W,YHR070W,1,1.5673126,0.5310262441635132,0.44234591722488403,0.0393235944211483
YBR167C,YLR438C-A,1,1.5669731,0.5315852165222168,0.4433399736881256,0.0393235944211483
YOR323C,YLR073C,0,1.5646204,0.5309523940086365,0.4433399736881256,0.03942365571856499
YKL110C,YOL102C,1,1.5638485,0.5315101146697998,0.4443340003490448,0.03942365571856499
YCL036W,YOL026C,0,1.5631381,0.5308788418769836,0.4443340003490448,0.039523713290691376
YJR022W,YGL050W,1,1.5631326,0.5314353704452515,0.445328027009964,0.039523713290691376
YPL147W,YKL082C,0,1.5603222,0.5308057069778442,0.445328027009964,0.03962377458810806
YPR144C,YDR415C,0,1.5596864,0.5301775336265564,0.445328027009964,0.03972383588552475
YLR316C,YAL043C,1,1.5576979,0.5307328701019287,0.4463220536708832,0.03972383588552475
YCR060W,YKR102W,0,1.5567724,0.530106246471405,0.4463220536708832,0.03982389345765114
YOL124C,YLR285W,0,1.5555946,0.5294811129570007,0.4463220536708832,0.039923954755067825
YBR183W,YNR002C,0,1.5525235,0.5288574695587158,0.4463220536708832,0.04002401605248451
YJL087C,YDL051W,1,1.5517968,0.529411792755127,0.44731611013412476,0.04002401605248451
YLR206W,YPR160W,0,1.5513358,0.5287896394729614,0.44731611013412476,0.0401240736246109
YNR015W,YGR276C,1,1.550563,0.5293427109718323,0.44831013679504395,0.0401240736246109
YNL282W,YNL052W,0,1.5488259,0.5287221670150757,0.44831013679504395,0.04022413492202759
YJR006W,YPL093W,0,1.5475684,0.5281030535697937,0.44831013679504395,0.040324196219444275
YGR052W,YNR002C,0,1.5474318,0.5274853706359863,0.44831013679504395,0.04042425379157066
YLR197W,YBR170C,0,1.5452899,0.5268691778182983,0.44831013679504395,0.04052431508898735
YCR060W,YNL147W,0,1.5436084,0.5262543559074402,0.44831013679504395,0.04062437638640404
YKL110C,YMR312W,1,1.5423199,0.5268065333366394,0.44930416345596313,0.04062437638640404
YJR140C,YEL029C,0,1.5368674,0.5261932611465454,0.44930416345596313,0.040724433958530426
YDR026C,YDR460W,0,1.5368354,0.525581419467926,0.44930416345596313,0.04082449525594711
YBR167C,YOL093W,1,1.5351019,0.5261324048042297,0.4502982199192047,0.04082449525594711
YAL054C,YPR160W,0,1.5346981,0.5255220532417297,0.4502982199192047,0.0409245565533638
YGL180W,YMR269W,0,1.5340164,0.5249130725860596,0.4502982199192047,0.04102461412549019
YDR449C,YGL203C,0,1.5305043,0.5243055820465088,0.4502982199192047,0.041124675422906876
YNL292W,YOL141W,1,1.5252794,0.5248554944992065,0.4512922465801239,0.041124675422906876
YBL026W,YMR023C,1,1.5239798,0.525404155254364,0.4522862732410431,0.041124675422906876
YOR243C,YAL033W,1,1.5235349,0.5259515643119812,0.45328032970428467,0.041124675422906876
YBL085W,YDR159W,0,1.5232762,0.5253456234931946,0.45328032970428467,0.041224732995033264
YDR082W,YBR238C,0,1.5219396,0.5247410535812378,0.45328032970428467,0.04132479429244995
YJL087C,YJR004C,0,1.5203035,0.5241379141807556,0.45328032970428467,0.04142485558986664
YCR060W,YPR162C,0,1.5200659,0.5235361456871033,0.45328032970428467,0.04152491316199303
YMR301C,YDL077C,0,1.517882,0.5229358077049255,0.45328032970428467,0.041624974459409714
YKL166C,YBR257W,0,1.5177752,0.5223367810249329,0.45328032970428467,0.0417250357568264
YHR164C,YHR069C,0,1.5176712,0.52173912525177,0.45328032970428467,0.04182509332895279
YOR145C,YBR150C,0,1.5119995,0.521142840385437,0.45328032970428467,0.041925154626369476
YNL221C,YLR316C,1,1.5093019,0.5216894745826721,0.45427435636520386,0.041925154626369476
YGL014W,YBL026W,0,1.5091838,0.5210946202278137,0.45427435636520386,0.04202521592378616
YJL191W,YGR118W,0,1.5078629,0.5205011367797852,0.45427435636520386,0.04212527349591255
YDR378C,YJL024C,0,1.5075778,0.5199089646339417,0.45427435636520386,0.04222533479332924
YHR070W,YLR438C-A,1,1.5040836,0.5204545259475708,0.45526838302612305,0.04222533479332924
YDR167W,YML099C,0,1.5018961,0.5198637843132019,0.45526838302612305,0.042325396090745926
YAR035W,YDR508C,0,1.5010253,0.5192743539810181,0.45526838302612305,0.042425453662872314
YAL033W,YNL052W,0,1.5004071,0.5186862945556641,0.45526838302612305,0.042525514960289
YLR405W,YBL026W,1,1.4998008,0.5192307829856873,0.4562624394893646,0.042525514960289
YDL006W,YKL205W,1,1.4997905,0.5197740197181702,0.4572564661502838,0.042525514960289
YLL041C,YNL110C,0,1.4983445,0.519187331199646,0.4572564661502838,0.04262557625770569
YBL068W,YDR109C,0,1.4967954,0.5186020135879517,0.4572564661502838,0.04272563382983208
YBR006W,YOR243C,0,1.4954783,0.5180180072784424,0.4572564661502838,0.042825695127248764
YER013W,YOL136C,0,1.495017,0.5174353122711182,0.4572564661502838,0.04292575642466545
YEL037C,YGR177C,0,1.4936641,0.516853928565979,0.4572564661502838,0.04302581399679184
YOL155C,YIL020C,0,1.4931164,0.5162738561630249,0.4572564661502838,0.04312587529420853
YLL012W,YHR057C,0,1.4919411,0.5156950950622559,0.4572564661502838,0.043225936591625214
YLR105C,YJR107W,0,1.4896777,0.5151175856590271,0.4572564661502838,0.0433259941637516
YGL203C,YER137C,0,1.488534,0.5145413875579834,0.4572564661502838,0.04342605546116829
YML005W,YGL092W,1,1.4879624,0.5150837898254395,0.458250492811203,0.04342605546116829
YNL182C,YPL096W,0,1.4876474,0.5145089030265808,0.458250492811203,0.043526116758584976
YAL033W,YDR120C,1,1.4871345,0.5150501728057861,0.4592445194721222,0.043526116758584976
YOL045W,YPL011C,0,1.485501,0.5144765973091125,0.4592445194721222,0.043626174330711365
YNL050C,YAR035W,0,1.4844044,0.513904333114624,0.4592445194721222,0.04372623562812805
YNL147W,YFL001W,1,1.4811735,0.5144444704055786,0.46023857593536377,0.04372623562812805
YGL122C,YOL124C,0,1.4811181,0.5138734579086304,0.46023857593536377,0.04382629692554474
YJR151C,YER154W,0,1.4797863,0.5133037567138672,0.46023857593536377,0.04392635449767113
YBR167C,YNR015W,1,1.4795489,0.513842761516571,0.46123260259628296,0.04392635449767113
YER146W,YLR438C-A,1,1.4782692,0.5143805146217346,0.46222662925720215,0.04392635449767113
YFR001W,YOR162C,0,1.4769179,0.5138121843338013,0.46222662925720215,0.044026415795087814
YIL061C,YMR213W,0,1.4746863,0.5132450461387634,0.46222662925720215,0.0441264770925045
YOR274W,YML005W,1,1.4729546,0.513781726360321,0.4632206857204437,0.0441264770925045
YKL078W,YOL028C,0,1.4697009,0.5132158398628235,0.4632206857204437,0.04422653466463089
YGR030C,YGL172W,1,1.4694532,0.5137513875961304,0.4642147123813629,0.04422653466463089
YLR025W,YMR308C,0,1.4658864,0.5131868124008179,0.4642147123813629,0.04432659596204758
YJR070C,YDR364C,0,1.4642991,0.5126234889030457,0.4642147123813629,0.044426657259464264
YLR289W,YMR269W,0,1.4621004,0.5120614171028137,0.4642147123813629,0.04452671483159065
YKL009W,YDR245W,0,1.4618183,0.5115005373954773,0.4642147123813629,0.04462677612900734
YPR182W,YGR179C,0,1.4613167,0.5109409093856812,0.4642147123813629,0.044726837426424026
YOR287C,YPL129W,0,1.4611412,0.5103825330734253,0.4642147123813629,0.044826894998550415
YBR141C,YDR260C,0,1.4610249,0.5098253488540649,0.4642147123813629,0.0449269562959671
YPL212C,YOR274W,1,1.4586114,0.5103598833084106,0.4652087390422821,0.0449269562959671
YNL110C,YKL130C,0,1.4580122,0.5098039507865906,0.4652087390422821,0.04502701759338379
YLR329W,YEL029C,0,1.457683,0.509249210357666,0.4652087390422821,0.04512707516551018
YPL101W,YLR105C,1,1.4537882,0.509782612323761,0.4662027955055237,0.04512707516551018
YDR151C,YNL182C,0,1.4529337,0.5092291235923767,0.4662027955055237,0.045227136462926865
YLR191W,YHR077C,0,1.451593,0.5086767673492432,0.4662027955055237,0.04532719776034355
YCL036W,YDL074C,0,1.4504346,0.5081256628036499,0.4662027955055237,0.04542725533246994
YHR211W,YDL061C,0,1.4503336,0.5075757503509521,0.4662027955055237,0.04552731662988663
YNR003C,YBR129C,0,1.4500124,0.5070270299911499,0.4662027955055237,0.045627377927303314
YDL074C,YGL190C,0,1.4487859,0.5064795017242432,0.4662027955055237,0.0457274354994297
YIR011C,YBL052C,0,1.4486126,0.5059331059455872,0.4662027955055237,0.04582749679684639
YLL002W,YLL027W,0,1.4475971,0.5053879022598267,0.4662027955055237,0.04592755809426308
YMR093W,YGR118W,0,1.4469655,0.5048438906669617,0.4662027955055237,0.046027615666389465
YLL008W,YOR148C,0,1.4450305,0.5043010711669922,0.4662027955055237,0.04612767696380615
YER098W,YBR061C,0,1.4448265,0.5037593841552734,0.4662027955055237,0.04622773826122284
YMR182C,YLR129W,0,1.4428929,0.5032188892364502,0.4662027955055237,0.04632779583334923
YOR126C,YOR243C,0,1.4422048,0.5026795268058777,0.4662027955055237,0.046427857130765915
YGL186C,YNR003C,0,1.4385577,0.5021413564682007,0.4662027955055237,0.0465279184281826
YMR087W,YKR056W,1,1.4385542,0.5026738047599792,0.46719682216644287,0.0465279184281826
YGL211W,YNR015W,1,1.4370387,0.5032051205635071,0.46819084882736206,0.0465279184281826
YJL006C,YGR239C,0,1.4359787,0.5026680827140808,0.46819084882736206,0.04662797600030899
YLR430W,YGR200C,1,1.4346176,0.5031982660293579,0.46918490529060364,0.04662797600030899
YML030W,YJR063W,0,1.4313573,0.5026624202728271,0.46918490529060364,0.04672803729772568
YMR228W,YGL216W,0,1.4301366,0.5021276473999023,0.46918490529060364,0.046828098595142365
YMR023C,YKR056W,1,1.4289148,0.5026567578315735,0.4701789319515228,0.046828098595142365
YDL121C,YDL208W,0,1.4278785,0.5021231174468994,0.4701789319515228,0.04692815616726875
YGL211W,YPL030W,1,1.42716,0.5026510953903198,0.471172958612442,0.04692815616726875
YMR059W,YKR079C,1,1.423586,0.5031779408454895,0.4721669852733612,0.04692815616726875
YER112W,YGL243W,1,1.4228636,0.5037037134170532,0.4731610417366028,0.04692815616726875
YHR209W,YJR063W,0,1.4223765,0.5031712651252747,0.4731610417366028,0.04702821746468544
YOL141W,YMR312W,1,1.4200801,0.5036959052085876,0.474155068397522,0.04702821746468544
YKL110C,YML005W,1,1.4191741,0.5042194128036499,0.47514909505844116,0.04702821746468544
YJL200C,YDR449C,0,1.4155298,0.5036880970001221,0.47514909505844116,0.04712827876210213
YOR251C,YDL201W,1,1.4140235,0.5042105317115784,0.47614315152168274,0.04712827876210213
YMR241W,YGL014W,0,1.4138702,0.5036803483963013,0.47614315152168274,0.047228336334228516
YLR183C,YAR035W,0,1.4095517,0.5031512379646301,0.47614315152168274,0.0473283976316452
YAL033W,YOR304C-A,0,1.4075042,0.5026233196258545,0.47614315152168274,0.04742845892906189
YKL093W,YGR070W,0,1.4057821,0.50209641456604,0.47614315152168274,0.04752851650118828
YMR300C,YLR145W,0,1.4021823,0.5015707015991211,0.47614315152168274,0.047628577798604965
YGL172W,YHR070W,1,1.4017076,0.5020920634269714,0.47713717818260193,0.047628577798604965
YJR006W,YHR059W,0,1.3989207,0.5015674233436584,0.47713717818260193,0.047728635370731354
YDL006W,YOL066C,1,1.3975607,0.5020877122879028,0.4781312048435211,0.047728635370731354
YHR211W,YPR060C,0,1.3972114,0.5015641450881958,0.4781312048435211,0.04782869666814804
YJL006C,YOR294W,0,1.3959907,0.5010416507720947,0.4781312048435211,0.04792875796556473
YER112W,YOL141W,1,1.3958343,0.5015608668327332,0.4791252613067627,0.04792875796556473
YDR254W,YJL200C,0,1.3952862,0.5010395050048828,0.4791252613067627,0.048028815537691116
YLR183C,YMR032W,0,1.3950449,0.5005192160606384,0.4791252613067627,0.0481288768351078
YPL083C,YKR056W,1,1.3943123,0.5010373592376709,0.4801192879676819,0.0481288768351078
YMR186W,YGL030W,0,1.3933259,0.5005181431770325,0.4801192879676819,0.04822893813252449
YML091C,YLR401C,1,1.3917848,0.501035213470459,0.4811133146286011,0.04822893813252449
YLR383W,YMR239C,0,1.3906652,0.5005170702934265,0.4811133146286011,0.04832899570465088
YOL070C,YBL085W,0,1.3901746,0.5,0.4811133146286011,0.048429057002067566
YGL232W,YOL124C,1,1.3883374,0.5005159974098206,0.48210734128952026,0.048429057002067566
YDL061C,YDL083C,0,1.3861052,0.5,0.48210734128952026,0.04852911829948425
YNR046W,YML091C,1,1.3859149,0.5005149245262146,0.48310139775276184,0.04852911829948425
YOL070C,YGR264C,0,1.3847989,0.5,0.48310139775276184,0.04862917587161064
YMR179W,YJR112W,0,1.382748,0.49948611855506897,0.48310139775276184,0.04872923716902733
YMR059W,YOR274W,1,1.38204,0.5,0.48409542441368103,0.04872923716902733
YMR312W,YNR046W,1,1.3818332,0.5005128383636475,0.4850894510746002,0.04872923716902733
YER049W,YGR258C,0,1.3803755,0.5,0.4850894510746002,0.048829298466444016
YIL142W,YLL043W,0,1.3803381,0.4994882345199585,0.4850894510746002,0.048929356038570404
YGR246C,YDL074C,0,1.3797504,0.49897751212120056,0.4850894510746002,0.04902941733598709
YKL074C,YDR496C,0,1.3792084,0.4984678328037262,0.4850894510746002,0.04912947863340378
YKL203C,YMR229C,0,1.3780738,0.4979591965675354,0.4850894510746002,0.04922953620553017
YIL046W,YMR308C,0,1.3780591,0.4974515736103058,0.4850894510746002,0.049329597502946854
YMR319C,YBR243C,0,1.3746686,0.49694502353668213,0.4850894510746002,0.04942965880036354
YLR380W,YNR003C,0,1.3744873,0.49643945693969727,0.4850894510746002,0.04952971637248993
YMR284W,YIR039C,0,1.3740851,0.49593496322631836,0.4850894510746002,0.049629777669906616
YOL112W,YGL014W,0,1.3725393,0.49543148279190063,0.4850894510746002,0.0497298389673233
YLR228C,YLR285W,0,1.3719363,0.4949290156364441,0.4850894510746002,0.04982989653944969
YLR151C,YJR063W,0,1.371585,0.49442756175994873,0.4850894510746002,0.04992995783686638
YJL125C,YPL083C,1,1.3700663,0.49493926763534546,0.4860835075378418,0.04992995783686638
YLR024C,YNL182C,0,1.3676823,0.4944388270378113,0.4860835075378418,0.050030019134283066
YOR145C,YPL099C,0,1.3656985,0.4939393997192383,0.4860835075378418,0.050130076706409454
YOL102C,YDL036C,1,1.361838,0.49445006251335144,0.487077534198761,0.050130076706409454
YPR187W,YGL122C,0,1.3603525,0.49395161867141724,0.487077534198761,0.05023013800382614
YOR206W,YLL004W,0,1.3590995,0.4934541881084442,0.487077534198761,0.05033019930124283
YGL243W,YMR283C,1,1.354839,0.4939637780189514,0.4880715608596802,0.05033019930124283
YDR454C,YDL245C,0,1.352235,0.4934673309326172,0.4880715608596802,0.05043025687336922
YPL213W,YBR243C,0,1.3520626,0.49297189712524414,0.4880715608596802,0.050530318170785904
YIL139C,YMR097C,0,1.3483447,0.4924774467945099,0.4880715608596802,0.05063037946820259
YEL022W,YBL028C,0,1.3456589,0.49198397994041443,0.4880715608596802,0.05073043704032898
YPL083C,YDR378C,1,1.3439578,0.4924924969673157,0.48906561732292175,0.05073043704032898
YOL145C,YJL194W,0,1.343386,0.492000013589859,0.48906561732292175,0.050830498337745667
YLR073C,YBL079W,0,1.3433493,0.49150848388671875,0.48906561732292175,0.050930559635162354
YKR054C,YDR090C,0,1.342304,0.4910179674625397,0.48906561732292175,0.05103061720728874
YOR310C,YGR012W,0,1.3386972,0.490528404712677,0.48906561732292175,0.05113067850470543
YNL095C,YGL169W,0,1.3381585,0.4900398552417755,0.48906561732292175,0.051230739802122116
YBR276C,YGR072W,0,1.3363341,0.48955222964286804,0.48906561732292175,0.051330797374248505
YNL008C,YHR066W,0,1.3362194,0.48906561732292175,0.48906561732292175,0.05143085867166519
YHR069C,YOR074C,0,1.3357213,0.4885799288749695,0.48906561732292175,0.05153091996908188
YGL180W,YDR496C,0,1.3303794,0.488095223903656,0.48906561732292175,0.05163097754120827
YOL043C,YML036W,0,1.3294243,0.4876115024089813,0.48906561732292175,0.051731038838624954
YMR013C,YOR287C,0,1.3293421,0.48712870478630066,0.48906561732292175,0.05183110013604164
YIR015W,YOL125W,1,1.325566,0.487635999917984,0.49005964398384094,0.05183110013604164
YDL033C,YNR046W,1,1.3247337,0.4881422817707062,0.49105367064476013,0.05183110013604164
YLR080W,YKL009W,0,1.3236492,0.48766040802001953,0.49105367064476013,0.05193115770816803
YLR401C,YKR002W,0,1.3226935,0.4871794879436493,0.49105367064476013,0.05203121900558472
YPL200W,YOR294W,0,1.3222286,0.48669952154159546,0.49105367064476013,0.052131280303001404
YPL200W,YGR185C,0,1.3221091,0.48622047901153564,0.49105367064476013,0.05223133787512779
YOL093W,YAL020C,1,1.3215309,0.48672565817832947,0.4920477271080017,0.05223133787512779
YDR364C,YNL175C,0,1.3200173,0.48624753952026367,0.4920477271080017,0.05233139917254448
YIL139C,YIL076W,0,1.3197744,0.4857703745365143,0.4920477271080017,0.052431460469961166
YJR130C,YOR294W,0,1.3169316,0.4852941036224365,0.4920477271080017,0.052531518042087555
YPR189W,YDR496C,0,1.3166162,0.48481881618499756,0.4920477271080017,0.05263157933950424
YML032C,YNR015W,0,1.3138877,0.4843444228172302,0.4920477271080017,0.05273164063692093
YDL033C,YKL205W,1,1.3128246,0.4848484992980957,0.4930417537689209,0.05273164063692093
YBL089W,YMR239C,0,1.3105968,0.484375,0.4930417537689209,0.05283169820904732
YGR056W,YHR085W,0,1.31055,0.4839024245738983,0.4930417537689209,0.052931759506464005
YOR038C,YLR321C,0,1.3104783,0.48343080282211304,0.4930417537689209,0.05303182080388069
YER168C,YER146W,1,1.3095361,0.48393377661705017,0.4940357804298401,0.05303182080388069
YLR430W,YGL092W,1,1.3087903,0.4844357967376709,0.4950298070907593,0.05303182080388069
YNL147W,YJR031C,0,1.3078884,0.4839650094509125,0.4950298070907593,0.05313187837600708
YGR085C,YGL220W,0,1.3065237,0.48349514603614807,0.4950298070907593,0.05323193967342377
YOR251C,YER146W,1,1.3049406,0.48399612307548523,0.49602386355400085,0.05323193967342377
YGR024C,YPL207W,1,1.3044294,0.4844961166381836,0.49701789021492004,0.05323193967342377
YDL036C,YER008C,0,1.3021508,0.48402711749076843,0.49701789021492004,0.053332000970840454
YDR083W,YOR226C,0,1.2996119,0.4835589826107025,0.49701789021492004,0.05343205854296684
YJR022W,YNR015W,1,1.299302,0.4840579628944397,0.49801191687583923,0.05343205854296684
YHR066W,YGR239C,0,1.2988907,0.4835907220840454,0.49801191687583923,0.05353211984038353
YJR092W,YBL028C,0,1.2988214,0.48312440514564514,0.49801191687583923,0.05363218113780022
YHR156C,YGR239C,0,1.2986892,0.4826589524745941,0.49801191687583923,0.053732238709926605
YBR155W,YBR230C,0,1.2986702,0.4821944236755371,0.49801191687583923,0.05383230000734329
YER055C,YNL095C,0,1.2977132,0.48173075914382935,0.49801191687583923,0.05393235757946968
YOR206W,YLR219W,0,1.2959889,0.4812680184841156,0.49801191687583923,0.05403241887688637
YGR030C,YBR022W,1,1.2956027,0.48176583647727966,0.4990059733390808,0.05403241887688637
YKR002W,YML052W,0,1.2949594,0.4813039302825928,0.4990059733390808,0.054132480174303055
YLL045C,YKR057W,0,1.2947526,0.4808429181575775,0.4990059733390808,0.05423253774642944
YOL066C,YBL034C,0,1.291778,0.4803827702999115,0.4990059733390808,0.05433259904384613
YOL124C,YER168C,1,1.2903548,0.480879545211792,0.5,0.05433259904384613
YGR264C,YLR197W,0,1.2896848,0.4804202616214752,0.5,0.05443266034126282
YPR190C,YAR035W,0,1.2896723,0.4799618422985077,0.5,0.054532717913389206
YJL005W,YGL259W,0,1.2888889,0.4795042872428894,0.5,0.05463277921080589
YHR041C,YKL082C,0,1.2874573,0.47904762625694275,0.5,0.05473284050822258
YLR329W,YPL163C,0,1.2865094,0.47859182953834534,0.5,0.05483289808034897
YBR183W,YOR287C,0,1.277899,0.4781368672847748,0.5,0.054932959377765656
YOR212W,YMR269W,0,1.2770348,0.47768279910087585,0.5,0.05503302067518234
YER050C,YLR440C,0,1.2758697,0.47722959518432617,0.5,0.05513307824730873
YMR087W,YML080W,1,1.2754583,0.4777251183986664,0.5009940266609192,0.05513307824730873
YGR145W,YDR457W,0,1.2737589,0.47727271914482117,0.5009940266609192,0.05523313954472542
YJL087C,YGR276C,1,1.2729901,0.4777672588825226,0.5019880533218384,0.05523313954472542
YDR451C,YER115C,0,1.2725568,0.4773156940937042,0.5019880533218384,0.055333200842142105
YGR030C,YMR047C,1,1.271689,0.47780925035476685,0.5029820799827576,0.055333200842142105
YKR056W,YPL050C,0,1.2691369,0.47735849022865295,0.5029820799827576,0.055433258414268494
YMR019W,YPL122C,0,1.268488,0.4769085645675659,0.5029820799827576,0.05553331971168518
YPL083C,YPL207W,1,1.2682728,0.47740113735198975,0.5039761662483215,0.05553331971168518
YLR268W,YOR340C,0,1.2677692,0.4769520163536072,0.5039761662483215,0.05563338100910187
YEL036C,YER002W,0,1.2651206,0.47650375962257385,0.5039761662483215,0.055733438581228256
YDR457W,YOL136C,0,1.2643665,0.4760563373565674,0.5039761662483215,0.05583349987864494
YNL221C,YJL035C,1,1.2640721,0.47654783725738525,0.5049701929092407,0.05583349987864494
YNR015W,YGL236C,1,1.2631694,0.4770384132862091,0.5059642195701599,0.05583349987864494
YMR321C,YML099C,0,1.2620493,0.4765917658805847,0.5059642195701599,0.05593356117606163
YOR297C,YOL102C,0,1.2616314,0.4761459231376648,0.5059642195701599,0.05603361874818802
YOL093W,YDR378C,1,1.2613784,0.47663551568984985,0.5069582462310791,0.05603361874818802
YPR190C,YCR011C,0,1.2605076,0.4761904776096344,0.5069582462310791,0.056133680045604706
YDL112W,YGR276C,1,1.2593304,0.47667911648750305,0.5079522728919983,0.056133680045604706
YKL203C,YBR061C,0,1.2586352,0.4762348532676697,0.5079522728919983,0.05623374134302139
YJR147W,YGR155W,0,1.2582086,0.47579142451286316,0.5079522728919983,0.05633379891514778
YOL028C,YPL011C,0,1.2577924,0.4753488302230835,0.5079522728919983,0.05643386021256447
YNL292W,YAL043C,1,1.2566987,0.4758364260196686,0.5089462995529175,0.05643386021256447
YBR275C,YLR153C,0,1.2563281,0.475394606590271,0.5089462995529175,0.056533921509981155
YGL162W,YHR060W,0,1.254814,0.47495362162590027,0.5089462995529175,0.056633979082107544
YOL125W,YML091C,1,1.253136,0.47544023394584656,0.5099403858184814,0.056633979082107544
YLR157C,YDR496C,0,1.2530006,0.4749999940395355,0.5099403858184814,0.05673404037952423
YBR061C,YOL066C,1,1.2526255,0.4754856526851654,0.5109344124794006,0.05673404037952423
YER050C,YJR036C,0,1.250938,0.47504621744155884,0.5109344124794006,0.05683410167694092
YGL236C,YKR056W,1,1.2484132,0.4755309224128723,0.5119284391403198,0.05683410167694092
YMR269W,YOL108C,0,1.2466332,0.4750922620296478,0.5119284391403198,0.056934159249067307
YER049W,YOR382W,0,1.2460483,0.4746543765068054,0.5119284391403198,0.057034220546483994
YIR018W,YBL098W,0,1.2437259,0.47421732544898987,0.5119284391403198,0.05713428184390068
YMR176W,YFL023W,0,1.2436947,0.4737810492515564,0.5119284391403198,0.05723433941602707
YJR022W,YMR059W,1,1.2427875,0.4742647111415863,0.512922465801239,0.05723433941602707
YOR126C,YLR228C,0,1.2412688,0.4738292098045349,0.512922465801239,0.057334400713443756
YOL165C,YKR057W,0,1.2383527,0.4733944833278656,0.512922465801239,0.05743446201086044
YBR275C,YBR187W,0,1.2368282,0.47296059131622314,0.512922465801239,0.05753451958298683
YLR105C,YGR179C,0,1.2350727,0.47252747416496277,0.512922465801239,0.05763458088040352
YLL017W,YKL144C,0,1.2345289,0.47209516167640686,0.512922465801239,0.057734642177820206
YOL158C,YKL172W,0,1.2345052,0.47166362404823303,0.512922465801239,0.057834699749946594
YOR206W,YLR016C,0,1.2338243,0.47123289108276367,0.512922465801239,0.05793476104736328
YHR041C,YBL089W,0,1.233668,0.4708029329776764,0.512922465801239,0.05803482234477997
YLR440C,YNL307C,0,1.2335795,0.4703737497329712,0.512922465801239,0.05813487991690636
YDR076W,YHR085W,0,1.2326851,0.46994534134864807,0.512922465801239,0.058234941214323044
YHR056C,YNL175C,0,1.2314868,0.4695177376270294,0.512922465801239,0.05833500251173973
YGL186C,YLR401C,0,1.2308345,0.46909090876579285,0.512922465801239,0.05843506008386612
YPL122C,YNR018W,0,1.230725,0.46866485476493835,0.512922465801239,0.058535121381282806
YOL165C,YMR143W,0,1.2305973,0.46823957562446594,0.512922465801239,0.05863518267869949
YER014C-A,YGR167W,0,1.2269481,0.4678150415420532,0.512922465801239,0.05873524025082588
YBR247C,YPL027W,0,1.2259663,0.46739131212234497,0.512922465801239,0.05883530154824257
YDR144C,YGL216W,0,1.2253423,0.4669683277606964,0.512922465801239,0.058935362845659256
YIL006W,YKL180W,0,1.2226025,0.46654611825942993,0.512922465801239,0.059035420417785645
YHR006W,YOR001W,1,1.2221457,0.4670279920101166,0.5139164924621582,0.059035420417785645
YOL102C,YAL043C,1,1.2207123,0.46750903129577637,0.5149105191230774,0.059035420417785645
YPR182W,YML097C,0,1.220199,0.4670874774456024,0.5149105191230774,0.05913548171520233
YDR512C,YKL082C,0,1.21857,0.46666666865348816,0.5149105191230774,0.05923554301261902
YMR013C,YMR112C,0,1.2183448,0.466246634721756,0.5149105191230774,0.05933560058474541
YPR127W,YBL098W,0,1.2181685,0.4658273458480835,0.5149105191230774,0.059435661882162094
YML099C,YBR282W,0,1.2151233,0.4654088020324707,0.5149105191230774,0.05953572317957878
YER168C,YBR276C,0,1.2149944,0.46499103307724,0.5149105191230774,0.05963578075170517
YDR499W,YPL011C,0,1.2127165,0.4645739793777466,0.5149105191230774,0.05973584204912186
YPL101W,YMR047C,1,1.212315,0.4650537669658661,0.5159045457839966,0.05973584204912186
YDL121C,YKL205W,0,1.2110398,0.46463742852211,0.5159045457839966,0.059835903346538544
YDL033C,YNR015W,1,1.2109613,0.4651162922382355,0.5168986320495605,0.059835903346538544
YKR057W,YBR271W,0,1.2104619,0.4647006392478943,0.5168986320495605,0.05993596091866493
YPR187W,YGR271W,0,1.2071651,0.4642857015132904,0.5168986320495605,0.06003602221608162
YEL029C,YOR338W,0,1.2066715,0.4638715386390686,0.5168986320495605,0.06013607978820801
YOR378W,YGR084C,0,1.2059397,0.4634581208229065,0.5168986320495605,0.060236141085624695
YKR056W,YPL113C,0,1.2059005,0.4630454182624817,0.5168986320495605,0.06033620238304138
YDR378C,YNL027W,0,1.2051677,0.4626334607601166,0.5168986320495605,0.06043625995516777
YHR119W,YER145C,0,1.2047702,0.46222221851348877,0.5168986320495605,0.06053632125258446
YML032C,YIL128W,0,1.2018367,0.46181172132492065,0.5168986320495605,0.060636382550001144
YML049C,YMR308C,0,1.2016271,0.46140193939208984,0.5168986320495605,0.06073644012212753
YOL155C,YLR316C,0,1.2012542,0.4609929025173187,0.5168986320495605,0.06083650141954422
YGL172W,YNR046W,1,1.198727,0.4614703357219696,0.5178926587104797,0.06083650141954422
YPL212C,YAL020C,1,1.19704,0.46194690465927124,0.5188866853713989,0.06083650141954422
YGL232W,YML014W,1,1.1967102,0.462422639131546,0.5198807120323181,0.06083650141954422
YDL121C,YDR416W,0,1.1965507,0.4620141386985779,0.5198807120323181,0.06093656271696091
YBL091C-A,YIR039C,0,1.1957248,0.46160635352134705,0.5198807120323181,0.061036620289087296
YOL136C,YHR109W,0,1.1944238,0.4611992835998535,0.5198807120323181,0.06113668158650398
YHR070W,YDR378C,1,1.192588,0.4616740047931671,0.5208747386932373,0.06113668158650398
YOL066C,YPL207W,1,1.1919619,0.46214789152145386,0.5218687653541565,0.06113668158650398
YPR187W,YPR163C,0,1.1918036,0.4617414176464081,0.5218687653541565,0.06123674288392067
YLR130C,YDR404C,0,1.1906749,0.461335688829422,0.5218687653541565,0.06133680045604706
YKL180W,YMR137C,0,1.1898141,0.46093064546585083,0.5218687653541565,0.061436861753463745
YPL200W,YJR133W,0,1.188916,0.46052631735801697,0.5218687653541565,0.06153692305088043
YDL036C,YLR105C,1,1.1876042,0.46099913120269775,0.5228628516197205,0.06153692305088043
YBR167C,YBL024W,1,1.1870698,0.4614711105823517,0.5238568782806396,0.06153692305088043
YDR414C,YJL112W,0,1.1868585,0.4610673785209656,0.5238568782806396,0.06163698062300682
YOR243C,YPR135W,0,1.1830384,0.4606643319129944,0.5238568782806396,0.06173704192042351
YOR297C,YOR194C,0,1.1822041,0.4602620005607605,0.5238568782806396,0.061837103217840195
YDR245W,YBR129C,0,1.1792585,0.4598603844642639,0.5238568782806396,0.06193716078996658
YHR069C,YOL028C,0,1.17409,0.45945945382118225,0.5238568782806396,0.06203722208738327
YNL261W,YOL124C,0,1.1728207,0.4590592384338379,0.5238568782806396,0.06213728338479996
YDR463W,YFL001W,1,1.1697693,0.4595300257205963,0.5248509049415588,0.06213728338479996
YDR414C,YML049C,0,1.1657912,0.4591304361820221,0.5248509049415588,0.062237340956926346
YFR013W,YLR224W,0,1.165031,0.4587315320968628,0.5248509049415588,0.06233740225434303
YDR429C,YGR271W,0,1.1628169,0.4583333432674408,0.5248509049415588,0.06243746355175972
YMR123W,YLL043W,0,1.1625606,0.45793581008911133,0.5248509049415588,0.06253752112388611
YLR244C,YPR171W,0,1.1617895,0.45753899216651917,0.5248509049415588,0.0626375824213028
YOR297C,YDR245W,0,1.1594393,0.4571428596973419,0.5248509049415588,0.06273764371871948
YGR200C,YER146W,1,1.159319,0.45761245489120483,0.525844931602478,0.06273764371871948
YER112W,YLR438C-A,1,1.1588268,0.4580812454223633,0.5268389582633972,0.06273764371871948
YMR032W,YKR101W,0,1.1583986,0.4576856791973114,0.5268389582633972,0.06283770501613617
YNL117W,YFR001W,0,1.1578615,0.45729076862335205,0.5268389582633972,0.06293776631355286
YLL008W,YGL010W,0,1.1572216,0.4568965435028076,0.5268389582633972,0.06303782016038895
YKL082C,YGL004C,0,1.1546297,0.4565030038356781,0.5268389582633972,0.06313788145780563
YMR194W,YNL175C,0,1.1535178,0.4561101496219635,0.5268389582633972,0.06323794275522232
YHR006W,YKR056W,1,1.1530126,0.4565778076648712,0.5278329849243164,0.06323794275522232
YDL036C,YOR274W,1,1.152037,0.45704466104507446,0.5288270115852356,0.06323794275522232
YPL276W,YKR028W,0,1.1448882,0.45665237307548523,0.5288270115852356,0.06333800405263901
YBR247C,YLL061W,0,1.1437393,0.45626071095466614,0.5288270115852356,0.0634380653500557
YGR118W,YNR072W,0,1.1434554,0.45586976408958435,0.5288270115852356,0.06353811919689178
YDR034C,YLR316C,0,1.1422533,0.4554794430732727,0.5288270115852356,0.06363818049430847
YDR165W,YER146W,1,1.1418631,0.4559452533721924,0.5298210978507996,0.06363818049430847
YOR251C,YBR061C,1,1.1409875,0.4564102590084076,0.5308151245117188,0.06363818049430847
YHR006W,YOL125W,1,1.1404102,0.45687445998191833,0.5318091511726379,0.06363818049430847
YOL090W,YNL052W,0,1.1379943,0.4564846456050873,0.5318091511726379,0.06373824179172516
YLR405W,YCL017C,1,1.1375835,0.4569479823112488,0.5328031778335571,0.06373824179172516
YNL122C,YPL011C,0,1.137512,0.4565587639808655,0.5328031778335571,0.06383830308914185
YLR107W,YBR276C,0,1.1371014,0.4561702013015747,0.5328031778335571,0.06393836438655853
YDR476C,YML006C,0,1.1369158,0.45578232407569885,0.5328031778335571,0.06403842568397522
YBR061C,YDR378C,1,1.1368172,0.45624467730522156,0.5337972044944763,0.06403842568397522
YDR414C,YGR118W,0,1.136683,0.45585739612579346,0.5337972044944763,0.06413847953081131
YPL042C,YBL076C,0,1.134798,0.4554707407951355,0.5337972044944763,0.064238540828228
YDR416W,YLR224W,0,1.1342338,0.45508474111557007,0.5337972044944763,0.06433860212564468
YMR176W,YNL307C,0,1.1341289,0.45469939708709717,0.5337972044944763,0.06443866342306137
YHR062C,YPR047W,1,1.1335686,0.4551607370376587,0.5347912311553955,0.06443866342306137
YGR221C,YOR294W,0,1.1316326,0.45477598905563354,0.5347912311553955,0.06453872472047806
YNL147W,YDR120C,1,1.1291127,0.4552364945411682,0.5357853174209595,0.06453872472047806
YAL033W,YNL282W,1,1.1276845,0.4556961953639984,0.5367793440818787,0.06453872472047806
YIL128W,YPL129W,0,1.1266891,0.45531198382377625,0.5367793440818787,0.06463878601789474
YAL054C,YEL030W,0,1.1260227,0.4549283981323242,0.5367793440818787,0.06473883986473083
YPR162C,YPL129W,0,1.1250913,0.4545454680919647,0.5367793440818787,0.06483890116214752
YLR182W,YNL107W,0,1.1240395,0.45416316390037537,0.5367793440818787,0.06493896245956421
YEL036C,YBL052C,0,1.1238118,0.45378151535987854,0.5367793440818787,0.0650390237569809
YKL078W,YLL004W,0,1.1221212,0.45340049266815186,0.5367793440818787,0.06513908505439758
YMR087W,YBL018C,1,1.1212832,0.4538590610027313,0.5377733707427979,0.06513908505439758
YGR024C,YMR023C,1,1.1202055,0.4543168544769287,0.538767397403717,0.06513908505439758
YLL002W,YOL043C,0,1.1200583,0.4539363384246826,0.538767397403717,0.06523914635181427
YDR378C,YDR473C,0,1.1186671,0.45355647802352905,0.538767397403717,0.06533920019865036
YPL200W,YFR001W,0,1.1172348,0.45317724347114563,0.538767397403717,0.06543926149606705
YAR008W,YLR105C,1,1.1168395,0.4536340832710266,0.5397614240646362,0.06543926149606705
YOL070C,YCR087C-A,0,1.1162535,0.45325541496276855,0.5397614240646362,0.06553932279348373
YER137C,YMR240C,0,1.1151253,0.452877402305603,0.5397614240646362,0.06563938409090042
YLR401C,YIL080W,0,1.1150293,0.45249998569488525,0.5397614240646362,0.06573944538831711
YDR082W,YGR185C,0,1.1147516,0.45212322473526,0.5397614240646362,0.0658395066857338
YBR271W,YDR472W,0,1.1144841,0.4517470896244049,0.5397614240646362,0.06593956053256989
YLR305C,YGL019W,0,1.1139919,0.45137158036231995,0.5397614240646362,0.06603962182998657
YNR072W,YGL103W,0,1.1123797,0.45099666714668274,0.5397614240646362,0.06613968312740326
YOL066C,YDR195W,0,1.1118937,0.45062240958213806,0.5397614240646362,0.06623974442481995
YLR191W,YLR309C,0,1.1116987,0.45024874806404114,0.5397614240646362,0.06633980572223663
YKR044W,YER137C,0,1.1105806,0.44987571239471436,0.5397614240646362,0.06643986701965332
YBR173C,YIL047C,0,1.1103703,0.4495033025741577,0.5397614240646362,0.06653992086648941
YOR180C,YPL208W,0,1.1073967,0.4491315186023712,0.5397614240646362,0.0666399821639061
YOR283W,YPL082C,0,1.1056637,0.44876033067703247,0.5397614240646362,0.06674004346132278
YOR159C,YGR216C,0,1.103112,0.44838976860046387,0.5397614240646362,0.06684010475873947
YDR499W,YLR183C,0,1.1029179,0.448019802570343,0.5397614240646362,0.06694016605615616
YOL124C,YBR022W,1,1.1026226,0.44847485423088074,0.5407554507255554,0.06694016605615616
YOR304W,YER145C,0,1.1022784,0.44810542464256287,0.5407554507255554,0.06704022735357285
YDR310C,YKR026C,0,1.0985448,0.44773662090301514,0.5407554507255554,0.06714028120040894
YMR283C,YBR257W,1,1.0975497,0.4481907784938812,0.5417494773864746,0.06714028120040894
YOR147W,YBL068W,0,1.0971029,0.4478225111961365,0.5417494773864746,0.06724034249782562
YJL114W,YPR060C,0,1.0970807,0.4474548399448395,0.5417494773864746,0.06734040379524231
YGR251W,YOR025W,0,1.0965546,0.44708776473999023,0.5417494773864746,0.067440465092659
YDR414C,YNR013C,0,1.0960765,0.44672131538391113,0.5417494773864746,0.06754052639007568
YGL014W,YKR102W,0,1.0957493,0.4463554322719574,0.5417494773864746,0.06764058768749237
YKL074C,YPL093W,0,1.0949343,0.4459901750087738,0.5417494773864746,0.06774064153432846
YNL153C,YBR002C,0,1.0938398,0.44562551379203796,0.5417494773864746,0.06784070283174515
YDL036C,YOL141W,1,1.0933937,0.44607841968536377,0.5427435636520386,0.06784070283174515
YJL178C,YJR063W,0,1.0914904,0.4457142949104309,0.5427435636520386,0.06794076412916183
YMR241W,YLR141W,0,1.0896415,0.4453507363796234,0.5427435636520386,0.06804082542657852
YGL063W,YML014W,1,1.0891101,0.4458027780056,0.5437375903129578,0.06804082542657852
YNL172W,YJR070C,0,1.0876986,0.44543972611427307,0.5437375903129578,0.06814088672399521
YJR070C,YML073C,0,1.0869747,0.4450773000717163,0.5437375903129578,0.0682409480214119
YMR123W,YKL130C,0,1.086579,0.4447154402732849,0.5437375903129578,0.06834100186824799
YLR009W,YGR089W,0,1.0843409,0.44435417652130127,0.5437375903129578,0.06844106316566467
YHR066W,YLR024C,0,1.0842787,0.4439935088157654,0.5437375903129578,0.06854112446308136
YIR015W,YBL026W,1,1.0837309,0.4444444477558136,0.544731616973877,0.06854112446308136
YCL036W,YKL015W,0,1.0835328,0.4440842866897583,0.544731616973877,0.06864118576049805
YNL070W,YDR281C,0,1.0826272,0.44372469186782837,0.544731616973877,0.06874124705791473
YOL112W,YBR271W,0,1.0808941,0.4433656930923462,0.544731616973877,0.06884130835533142
YGL019W,YBR141C,0,1.0777689,0.44300729036331177,0.544731616973877,0.06894136220216751
YMR182C,YKR036C,0,1.0771886,0.4426494240760803,0.544731616973877,0.0690414234995842
YOR148C,YER002W,0,1.0760497,0.442292183637619,0.544731616973877,0.06914148479700089
YLR151C,YDR496C,0,1.074698,0.4419354796409607,0.544731616973877,0.06924154609441757
YDR457W,YOR299W,0,1.0737904,0.4415793716907501,0.544731616973877,0.06934160739183426
YGR145W,YER162C,0,1.0732535,0.4412238299846649,0.544731616973877,0.06944166868925095
YGL172W,YLR182W,0,1.0712982,0.4408688545227051,0.544731616973877,0.06954172253608704
YDR498C,YMR308C,0,1.0702286,0.440514475107193,0.544731616973877,0.06964178383350372
YLR289W,YOR287C,0,1.0695843,0.4401606321334839,0.544731616973877,0.06974184513092041
YPL030W,YML091C,1,1.0684328,0.44060996174812317,0.5457256436347961,0.06974184513092041
YGL172W,YDL036C,1,1.0682607,0.44105854630470276,0.5467196702957153,0.06974184513092041
YDR026C,YOR085W,0,1.0664493,0.4407051205635071,0.5467196702957153,0.0698419064283371
YDR337W,YDR281C,0,1.0651243,0.44035229086875916,0.5467196702957153,0.06994196772575378
YGR070W,YNR002C,0,1.0637683,0.4399999976158142,0.5467196702957153,0.07004202157258987
YOL066C,YOR310C,0,1.0618817,0.43964827060699463,0.5467196702957153,0.07014208287000656
YOL070C,YOR287C,0,1.0616972,0.4392971098423004,0.5467196702957153,0.07024214416742325
YOR148C,YBL079W,0,1.0602992,0.43894651532173157,0.5467196702957153,0.07034220546483994
YOR243C,YGL236C,1,1.0596794,0.43939393758773804,0.5477136969566345,0.07034220546483994
YER055C,YDR076W,0,1.0588539,0.4390438199043274,0.5477136969566345,0.07044226676225662
YGR239C,YMR075W,0,1.0586392,0.4386942684650421,0.5477136969566345,0.07054232805967331
YCR026C,YGR027C,0,1.0577854,0.4383452534675598,0.5477136969566345,0.0706423819065094
YCR060W,YEL030W,0,1.0573382,0.43799683451652527,0.5477136969566345,0.07074244320392609
YPL101W,YMR312W,1,1.0572137,0.43844321370124817,0.5487077832221985,0.07074244320392609
YDL006W,YOR001W,1,1.0571885,0.43888887763023376,0.5497018098831177,0.07074244320392609
YCL036W,YFL013C,0,1.0562668,0.43854084610939026,0.5497018098831177,0.07084250450134277
YMR112C,YGR177C,0,1.0556165,0.43819335103034973,0.5497018098831177,0.07094256579875946
YGL236C,YPL207W,1,1.052898,0.4386381506919861,0.5506958365440369,0.07094256579875946
YLR197W,YGR246C,0,1.0517547,0.43829113245010376,0.5506958365440369,0.07104262709617615
YGR281W,YGR112W,0,1.0504874,0.4379446506500244,0.5506958365440369,0.07114268839359283
YHR085W,YMR296C,0,1.0501719,0.43759873509407043,0.5506958365440369,0.07124274224042892
YMR087W,YOR243C,1,1.0496752,0.43804261088371277,0.551689863204956,0.07124274224042892
YLR182W,YGL220W,0,1.0483212,0.437697172164917,0.551689863204956,0.07134280353784561
YBL034C,YBR141C,0,1.0476779,0.4373522400856018,0.551689863204956,0.0714428648352623
YHR069C,YIL042C,0,1.0472797,0.437007874250412,0.551689863204956,0.07154292613267899
YFR045W,YNL182C,0,1.0471445,0.43666404485702515,0.551689863204956,0.07164298743009567
YDL084W,YNR003C,0,1.0468118,0.4363207519054413,0.551689863204956,0.07174304872751236
YIL020C,YIL159W,0,1.0467354,0.4359779953956604,0.551689863204956,0.07184310257434845
YOR304C-A,YLR145W,0,1.0465432,0.4356358051300049,0.551689863204956,0.07194316387176514
YLR384C,YMR047C,1,1.0448165,0.43607842922210693,0.5526838898658752,0.07194316387176514
YBR118W,YFR018C,0,1.0430468,0.43573668599128723,0.5526838898658752,0.07204322516918182
YEL036C,YFL013C,0,1.0402428,0.4353954493999481,0.5526838898658752,0.07214328646659851
YPR011C,YJL134W,0,1.040048,0.4350547790527344,0.5526838898658752,0.0722433477640152
YJL155C,YEL041W,0,1.0397999,0.4347146153450012,0.5526838898658752,0.07234340906143188
YNL202W,YPL007C,0,1.0379219,0.43437498807907104,0.5526838898658752,0.07244346290826797
YMR321C,YIL095W,0,1.0374852,0.43403589725494385,0.5526838898658752,0.07254352420568466
YJL035C,YLR401C,1,1.0370641,0.43447738885879517,0.5536779165267944,0.07254352420568466
YGL209W,YJL130C,0,1.0368081,0.4341387450695038,0.5536779165267944,0.07264358550310135
YGR258C,YIL083C,0,1.0341294,0.4338006377220154,0.5536779165267944,0.07274364680051804
YMR049C,YNL267W,0,1.0331713,0.43346303701400757,0.5536779165267944,0.07284370809793472
YNL095C,YER074W,0,1.0315055,0.43312597274780273,0.5536779165267944,0.07294376939535141
YDR473C,YIL021W,0,1.0287546,0.4327894449234009,0.5536779165267944,0.0730438232421875
YMR123W,YJR026W,0,1.0287296,0.4324534237384796,0.5536779165267944,0.07314388453960419
YPR011C,YOR074C,0,1.0259193,0.43211790919303894,0.5536779165267944,0.07324394583702087
YMR269W,YMR115W,0,1.0246396,0.43178293108940125,0.5536779165267944,0.07334400713443756
YMR169C,YAR031W,0,1.0240562,0.43144848942756653,0.5536779165267944,0.07344406843185425
YBL076C,YNL080C,0,1.0240008,0.4311145544052124,0.5536779165267944,0.07354412972927094
YLL045C,YNL335W,0,1.0221492,0.43078112602233887,0.5536779165267944,0.07364418357610703
YEL022W,YJL117W,0,1.0220054,0.4304482340812683,0.5536779165267944,0.07374424487352371
YMR283C,YDL201W,1,1.0218259,0.43088802695274353,0.5546719431877136,0.07374424487352371
YAL043C,YKR079C,1,1.0214593,0.4313271641731262,0.5556660294532776,0.07374424487352371
YJL024C,YDR260C,0,1.0208777,0.43099460005760193,0.5556660294532776,0.0738443061709404
YGL236C,YGL050W,1,1.0199578,0.43143296241760254,0.5566600561141968,0.0738443061709404
YBL018C,YGL063W,1,1.0198828,0.4318706691265106,0.557654082775116,0.0738443061709404
YOR299W,YPL093W,0,1.0198551,0.431538462638855,0.557654082775116,0.07394436746835709
YDL111C,YDR472W,0,1.0189337,0.43120676279067993,0.557654082775116,0.07404442876577377
YJL125C,YML091C,1,1.0178813,0.43164363503456116,0.5586481094360352,0.07404442876577377
YDR026C,YER151C,0,1.01684,0.43131235241889954,0.5586481094360352,0.07414449006319046
YGL112C,YBL052C,0,1.0141084,0.4309816062450409,0.5586481094360352,0.07424454391002655
YDL061C,YML049C,0,1.0130554,0.43065133690834045,0.5586481094360352,0.07434460520744324
YKL085W,YGL259W,0,1.0121443,0.430321604013443,0.5586481094360352,0.07444466650485992
YGR105W,YNL052W,0,1.0100427,0.42999234795570374,0.5586481094360352,0.07454472780227661
YOR138C,YGR145W,0,1.0099678,0.42966359853744507,0.5586481094360352,0.0746447890996933
YKR036C,YMR033W,0,1.0099636,0.429335355758667,0.5586481094360352,0.07474485039710999
YGL050W,YOR098C,0,1.0083593,0.4290076196193695,0.5586481094360352,0.07484490424394608
YGL172W,YOL125W,1,1.0079495,0.4294431805610657,0.5596421360969543,0.07484490424394608
YDR083W,YDR472W,0,1.0078522,0.4291158616542816,0.5596421360969543,0.07494496554136276
YJL187C,YLR285W,0,1.0064685,0.42878901958465576,0.5596421360969543,0.07504502683877945
YML099C,YJL029C,0,1.0064368,0.4284627139568329,0.5596421360969543,0.07514508813619614
YDL051W,YMR047C,1,1.0043606,0.42889735102653503,0.5606361627578735,0.07514508813619614
YOL066C,YLR438C-A,1,1.0039454,0.42933130264282227,0.5616301894187927,0.07514508813619614
YOL136C,YLL027W,0,1.002822,0.42900532484054565,0.5616301894187927,0.07524514943361282
YOR251C,YNL282W,1,1.0024668,0.4294385313987732,0.5626242756843567,0.07524514943361282
YOL142W,YIL094C,0,1.0021636,0.42911297082901,0.5626242756843567,0.07534521073102951
YIR015W,YNL062C,1,1.0011278,0.42954546213150024,0.5636183023452759,0.07534521073102951
YDL074C,YGL174W,0,0.99811804,0.4292202889919281,0.5636183023452759,0.0754452645778656
YJR022W,YNR046W,1,0.99671805,0.42965203523635864,0.5646123290061951,0.0754452645778656
YJL087C,YKL074C,0,0.99626017,0.4293272793292999,0.5646123290061951,0.07554532587528229
YNL221C,YDL006W,1,0.9952247,0.42975831031799316,0.5656063556671143,0.07554532587528229
YOL142W,YOL028C,0,0.99485815,0.4294339716434479,0.5656063556671143,0.07564538717269897
YOL102C,YIL133C,0,0.99450004,0.4291101098060608,0.5656063556671143,0.07574544847011566
YDR306C,YGR077C,0,0.99328697,0.4287867248058319,0.5656063556671143,0.07584550976753235
YER112W,YOR274W,1,0.99325764,0.4292168617248535,0.5666003823280334,0.07584550976753235
YLR430W,YGL236C,1,0.99123573,0.4296463429927826,0.5675944089889526,0.07584550976753235
YHR006W,YBL026W,1,0.991063,0.43007519841194153,0.5685884952545166,0.07584550976753235
YOR206W,YBR120C,0,0.99079335,0.42975205183029175,0.5685884952545166,0.07594557106494904
YBL085W,YDR222W,0,0.98823273,0.42942944169044495,0.5685884952545166,0.07604562491178513
YNL283C,YPL122C,0,0.98707175,0.42910727858543396,0.5685884952545166,0.07614568620920181
YCL024W,YBR257W,0,0.9867052,0.4287855923175812,0.5685884952545166,0.0762457475066185
YLR129W,YMR308C,0,0.985299,0.428464412689209,0.5685884952545166,0.07634580880403519
YNL095C,YMR240C,0,0.9852103,0.428143709897995,0.5685884952545166,0.07644587010145187
YPR190C,YOL101C,0,0.98468184,0.4278234839439392,0.5685884952545166,0.07654592394828796
YOL141W,YPL050C,0,0.98455584,0.4275037348270416,0.5685884952545166,0.07664598524570465
YGL232W,YGL063W,1,0.9818896,0.4279312789440155,0.5695825219154358,0.07664598524570465
YPL200W,YBR238C,0,0.9803299,0.42761194705963135,0.5695825219154358,0.07674604654312134
YEL041W,YIL133C,0,0.97904015,0.427293062210083,0.5695825219154358,0.07684610784053802
YLR291C,YMR227C,0,0.978649,0.42697465419769287,0.5695825219154358,0.07694616913795471
YLR384C,YOL066C,1,0.9771879,0.4274013340473175,0.570576548576355,0.07694616913795471
YGL122C,YPR190C,0,0.97524107,0.4270833432674408,0.570576548576355,0.0770462304353714
YKL090W,YLR380W,0,0.975188,0.4267657995223999,0.570576548576355,0.07714628428220749
YHR056C,YJL134W,0,0.9741663,0.4264487326145172,0.570576548576355,0.07724634557962418
YOL141W,YDR034C,0,0.97401357,0.4261321425437927,0.570576548576355,0.07734640687704086
YMR065W,YLL027W,0,0.9725915,0.42581602931022644,0.570576548576355,0.07744646817445755
YBR202W,YOR327C,0,0.9719249,0.42550036311149597,0.570576548576355,0.07754652947187424
YLL002W,YOL054W,0,0.971573,0.4251851737499237,0.570576548576355,0.07764659076929092
YPR137W,YKR068C,0,0.96930885,0.42487046122550964,0.570576548576355,0.07774664461612701
YLR183C,YBL068W,0,0.96856797,0.4245562255382538,0.570576548576355,0.0778467059135437
YNL050C,YDR240C,0,0.96576655,0.42424243688583374,0.570576548576355,0.07794676721096039
YBR118W,YLR016C,0,0.9648453,0.4239290952682495,0.570576548576355,0.07804682850837708
YNL110C,YDR415C,0,0.964357,0.4236162304878235,0.570576548576355,0.07814688980579376
YGR255C,YJR034W,0,0.96274745,0.42330384254455566,0.570576548576355,0.07824695110321045
YNL073W,YOR378W,0,0.96255624,0.42299190163612366,0.570576548576355,0.07834700495004654
YBR120C,YLR163C,0,0.96086466,0.42268040776252747,0.570576548576355,0.07844706624746323
YGL162W,YLR073C,0,0.9605442,0.4223693907260895,0.570576548576355,0.07854712754487991
YLR291C,YOL155C,0,0.9583248,0.4220588207244873,0.570576548576355,0.0786471888422966
YDR460W,YDR240C,0,0.95769954,0.42174872756004333,0.570576548576355,0.07874725013971329
YAL054C,YBL028C,0,0.9576739,0.4214390516281128,0.570576548576355,0.07884731143712997
YGL243W,YER168C,1,0.95726466,0.42186352610588074,0.5715705752372742,0.07884731143712997
YIL094C,YML099C,0,0.95714474,0.42155423760414124,0.5715705752372742,0.07894736528396606
YGL237C,YNL175C,0,0.95663106,0.42124542593955994,0.5715705752372742,0.07904742658138275
YPR060C,YKR026C,0,0.95655763,0.42093703150749207,0.5715705752372742,0.07914748787879944
YPL078C,YGL174W,0,0.9558182,0.4206291139125824,0.5715705752372742,0.07924754917621613
YDR378C,YKL172W,0,0.9557353,0.42032164335250854,0.5715705752372742,0.07934761047363281
YCR060W,YOL052C,0,0.95493674,0.4200146198272705,0.5715705752372742,0.0794476717710495
YLR384C,YGR276C,1,0.95473194,0.4204379618167877,0.5725646018981934,0.0794476717710495
YDL111C,YOR194C,0,0.95002973,0.42013129591941833,0.5725646018981934,0.07954772561788559
YOR287C,YDL077C,0,0.94972765,0.41982507705688477,0.5725646018981934,0.07964778691530228
YML049C,YOR311C,0,0.9494926,0.419519305229187,0.5725646018981934,0.07974784821271896
YLR105C,YOR084W,0,0.9481908,0.4192139804363251,0.5725646018981934,0.07984790951013565
YJL140W,YFR036W,0,0.94769514,0.41890910267829895,0.5725646018981934,0.07994797080755234
YBR238C,YGL019W,0,0.94733167,0.41860464215278625,0.5725646018981934,0.08004803210496902
YNL102W,YLR329W,0,0.9451643,0.41830065846443176,0.5725646018981934,0.08014808595180511
YGL083W,YOR310C,0,0.9450896,0.4179970920085907,0.5725646018981934,0.0802481472492218
YGL211W,YKR079C,1,0.9429189,0.41841915249824524,0.5735586285591125,0.0802481472492218
YJL087C,YML097C,0,0.94227886,0.4181159436702728,0.5735586285591125,0.08034820854663849
YAR002C-A,YCL014W,0,0.9392072,0.41781318187713623,0.5735586285591125,0.08044826984405518
YLR452C,YER137C,0,0.9391422,0.41751086711883545,0.5735586285591125,0.08054833114147186
YMR078C,YOR279C,0,0.9368533,0.4172089695930481,0.5735586285591125,0.08064839243888855
YGL172W,YGR169C,1,0.9360014,0.41763004660606384,0.5745526552200317,0.08064839243888855
YDR144C,YER165W,0,0.93475914,0.41732850670814514,0.5745526552200317,0.08074844628572464
YER049W,YDR137W,0,0.9310485,0.41702741384506226,0.5745526552200317,0.08084850758314133
YDR463W,YOL093W,1,0.9310298,0.4174477159976959,0.5755467414855957,0.08084850758314133
YBL112C,YGR185C,0,0.9292656,0.4171469807624817,0.5755467414855957,0.08094856888055801
YPL030W,YOL066C,1,0.9278556,0.41756659746170044,0.5765407681465149,0.08094856888055801
YNL232W,YDR389W,0,0.9274397,0.41726619005203247,0.5765407681465149,0.0810486301779747
YLL043W,YOR340C,0,0.9268637,0.41696619987487793,0.5765407681465149,0.08114869147539139
YDR211W,YER074W,0,0.9226905,0.4166666567325592,0.5765407681465149,0.08124875277280807
YLR197W,YOR349W,0,0.9209466,0.4163675606250763,0.5765407681465149,0.08134880661964417
YBL018C,YBR061C,1,0.9203137,0.41678622364997864,0.5775347948074341,0.08134880661964417
YLL027W,YMR229C,0,0.91914165,0.416487455368042,0.5775347948074341,0.08144886791706085
YPR187W,YER162C,0,0.9187297,0.4161891043186188,0.5775347948074341,0.08154892921447754
YJR082C,YEL029C,0,0.9186679,0.41589120030403137,0.5775347948074341,0.08164899051189423
YJL200C,YLR160C,0,0.9172482,0.4155937135219574,0.5775347948074341,0.08174905180931091
YKL165C,YDL047W,0,0.9168153,0.41529664397239685,0.5775347948074341,0.0818491131067276
YDL036C,YBL018C,1,0.91404307,0.415714293718338,0.5785288214683533,0.0818491131067276
YGL050W,YGL063W,1,0.91304827,0.4161313474178314,0.5795228481292725,0.0818491131067276
YHR006W,YML005W,1,0.9120454,0.4165477752685547,0.5805168747901917,0.0818491131067276
YGL236C,YOL093W,1,0.9118291,0.4169636368751526,0.5815109610557556,0.0818491131067276
YLR440C,YNL070W,0,0.91129065,0.4166666567325592,0.5815109610557556,0.08194916695356369
YJR092W,YLR440C,0,0.91066927,0.41637009382247925,0.5815109610557556,0.08204922825098038
YOR222W,YER137C,0,0.9101642,0.4160739779472351,0.5815109610557556,0.08214928954839706
YMR013C,YNR003C,0,0.91010684,0.415778249502182,0.5815109610557556,0.08224935084581375
YHR059W,YML039W,0,0.9098697,0.4154829680919647,0.5815109610557556,0.08234941214323044
YBL026W,YLR316C,1,0.9086263,0.41589778661727905,0.5825049877166748,0.08234941214323044
YGL211W,YJL035C,1,0.90821856,0.4163120687007904,0.583499014377594,0.08234941214323044
YDL133C-A,YOL043C,0,0.9040493,0.41601699590682983,0.583499014377594,0.08244946599006653
YLR291C,YLR394W,0,0.9038979,0.4157223701477051,0.583499014377594,0.08254952728748322
YBR155W,YJR040W,0,0.9024136,0.41542816162109375,0.583499014377594,0.0826495885848999
YNL062C,YER168C,1,0.90219784,0.41584157943725586,0.5844930410385132,0.0826495885848999
YIL132C,YIL047C,0,0.9019613,0.4155476987361908,0.5844930410385132,0.08274964988231659
YLR129W,YDR369C,0,0.90192324,0.41525423526763916,0.5844930410385132,0.08284971117973328
YDR026C,YMR321C,0,0.90090716,0.41496118903160095,0.5844930410385132,0.08294977247714996
YCL014W,YJR034W,0,0.90079486,0.41466856002807617,0.5844930410385132,0.08304982632398605
YKL067W,YJL213W,0,0.89905465,0.41437631845474243,0.5844930410385132,0.08314988762140274
YLR305C,YKL175W,0,0.89873475,0.4140844941139221,0.5844930410385132,0.08324994891881943
YKL078W,YML036W,0,0.89843345,0.4137931168079376,0.5844930410385132,0.08335001021623611
YPR011C,YBR002C,0,0.8977325,0.4135020971298218,0.5844930410385132,0.0834500715136528
YLR316C,YCL017C,1,0.89761555,0.4139142632484436,0.5854870676994324,0.0834500715136528
YOR145C,YDR205W,0,0.89669967,0.4136236011981964,0.5854870676994324,0.08355013281106949
YLL003W,YGR145W,0,0.8962927,0.41333332657814026,0.5854870676994324,0.08365018665790558
YMR269W,YLR130C,0,0.89621747,0.41304346919059753,0.5854870676994324,0.08375024795532227
YGL172W,YLR316C,1,0.8936749,0.4134548008441925,0.5864810943603516,0.08375024795532227
YBL028C,YKR028W,0,0.89276415,0.41316527128219604,0.5864810943603516,0.08385030925273895
YOR147W,YOL093W,0,0.8918916,0.4128761291503906,0.5864810943603516,0.08395037055015564
YMR032W,YLR316C,0,0.89137006,0.41258740425109863,0.5864810943603516,0.08405043184757233
YMR168C,YHR066W,0,0.8895024,0.41229909658432007,0.5864810943603516,0.08415049314498901
YNL070W,YEL029C,0,0.8889152,0.41201117634773254,0.5864810943603516,0.0842505469918251
YGR105W,YNL258C,0,0.88890296,0.41172364354133606,0.5864810943603516,0.08435060828924179
YBR247C,YNR010W,0,0.88795197,0.411436527967453,0.5864810943603516,0.08445066958665848
YJR022W,YGL211W,1,0.88585365,0.41184669733047485,0.5874751210212708,0.08445066958665848
YLR452C,YMR176W,0,0.88524383,0.4115598797798157,0.5874751210212708,0.08455073088407516
YNL208W,YKL053C-A,0,0.883637,0.4112734794616699,0.5874751210212708,0.08465079218149185
YER098W,YML030W,0,0.88349134,0.4109874963760376,0.5874751210212708,0.08475085347890854
YHR077C,YDR461W,0,0.8828821,0.4107018709182739,0.5874751210212708,0.08485090732574463
YPR171W,YDL111C,0,0.8822825,0.4104166626930237,0.5874751210212708,0.08495096862316132
YAL033W,YOR274W,1,0.88222045,0.41082581877708435,0.5884692072868347,0.08495096862316132
YGR056W,YOL093W,0,0.88197243,0.410540908575058,0.5884692072868347,0.085051029920578
YDL059C,YJL071W,0,0.8815979,0.41025641560554504,0.5884692072868347,0.08515109121799469
YHR006W,YOR243C,1,0.87930715,0.410664826631546,0.5894632339477539,0.08515109121799469
YER022W,YML030W,0,0.878256,0.41038063168525696,0.5894632339477539,0.08525115251541138
YKR079C,YLR438C-A,1,0.87765706,0.4107883870601654,0.5904572606086731,0.08525115251541138
YGR264C,YGL163C,0,0.87756705,0.4105044901371002,0.5904572606086731,0.08535121381282806
YIL143C,YDR527W,0,0.8767881,0.4102209806442261,0.5904572606086731,0.08545126765966415
YPR171W,YLR050C,0,0.87539953,0.40993788838386536,0.5904572606086731,0.08555132895708084
YMR090W,YOR313C,0,0.8753755,0.4096551835536957,0.5904572606086731,0.08565139025449753
YGR030C,YLR438C-A,1,0.8746116,0.4100620150566101,0.5914512872695923,0.08565139025449753
YGR216C,YBL085W,0,0.87341297,0.4097796082496643,0.5914512872695923,0.08575145155191422
YLR380W,YDR226W,0,0.87305,0.40949758887290955,0.5914512872695923,0.0858515128493309
YER049W,YLR264W,0,0.8729898,0.4092159569263458,0.5914512872695923,0.08595157414674759
YLR020C,YBL034C,0,0.8729832,0.40893471240997314,0.5914512872695923,0.08605162799358368
YAL043C,YLR438C-A,1,0.87283665,0.40934064984321594,0.5924453139305115,0.08605162799358368
YGR095C,YBR093C,0,0.872568,0.40905970335006714,0.5924453139305115,0.08615168929100037
YPL083C,YJL035C,1,0.87117076,0.4094650149345398,0.5934393405914307,0.08615168929100037
YJR006W,YHR041C,0,0.87028414,0.40918436646461487,0.5934393405914307,0.08625175058841705
YGL060W,YBR141C,0,0.8681449,0.408904105424881,0.5934393405914307,0.08635181188583374
YHR062C,YBR022W,1,0.86536896,0.40930870175361633,0.5944334268569946,0.08635181188583374
YOL066C,YGR169C,1,0.86473936,0.4097127318382263,0.5954274535179138,0.08635181188583374
YPL147W,YBR141C,0,0.8642868,0.40943267941474915,0.5954274535179138,0.08645187318325043
YGR276C,YAL020C,1,0.8639509,0.4098360538482666,0.596421480178833,0.08645187318325043
YMR136W,YNL175C,0,0.86345243,0.4095562994480133,0.596421480178833,0.08655193448066711
YGL172W,YAL033W,1,0.86342585,0.409959077835083,0.5974155068397522,0.08655193448066711
YER185W,YMR239C,0,0.8620016,0.4096796214580536,0.5974155068397522,0.0866519883275032
YOR159C,YAL033W,0,0.8580923,0.4094005525112152,0.5974155068397522,0.08675204962491989
YJL066C,YBR120C,0,0.85733455,0.4091218411922455,0.5974155068397522,0.08685211092233658
YBR195C,YOR310C,0,0.8565815,0.4088435471057892,0.5974155068397522,0.08695217221975327
YGL112C,YLR386W,0,0.8558161,0.40856561064720154,0.5974155068397522,0.08705223351716995
YER171W,YMR270C,0,0.85580325,0.40828803181648254,0.5974155068397522,0.08715229481458664
YJL187C,YNL182C,0,0.8546405,0.408010870218277,0.5974155068397522,0.08725234866142273
YMR023C,YML014W,1,0.85330164,0.40841248631477356,0.5984095335006714,0.08725234866142273
YMR193W,YKL144C,0,0.85212106,0.4081355929374695,0.5984095335006714,0.08735240995883942
YJR057W,YDR146C,0,0.85205567,0.40785908699035645,0.5984095335006714,0.0874524712562561
YLR020C,YGR145W,0,0.8520549,0.40758293867111206,0.5984095335006714,0.08755253255367279
YLL043W,YDR260C,0,0.85091233,0.4073071777820587,0.5984095335006714,0.08765259385108948
YBR223C,YOR099W,0,0.84984905,0.407031774520874,0.5984095335006714,0.08775265514850616
YJL006C,YDR364C,0,0.8493594,0.40675675868988037,0.5984095335006714,0.08785270899534225
YGR030C,YOR251C,1,0.848525,0.4071573317050934,0.5994035601615906,0.08785270899534225
YOR274W,YHR187W,1,0.84780777,0.4075573682785034,0.6003975868225098,0.08785270899534225
YBR202W,YMR137C,0,0.84650433,0.4072825312614441,0.6003975868225098,0.08795277029275894
YNL147W,YNR046W,1,0.8444187,0.407681941986084,0.6013916730880737,0.08795277029275894
YLR073C,YGR222W,0,0.84439814,0.40740740299224854,0.6013916730880737,0.08805283159017563
YPL147W,YBR042C,0,0.8428206,0.4071332514286041,0.6013916730880737,0.08815289288759232
YNL138W,YJL144W,0,0.8408287,0.40685945749282837,0.6013916730880737,0.088252954185009
YGL170C,YKR006C,0,0.8407172,0.40658602118492126,0.6013916730880737,0.08835301548242569
YMR023C,YBR257W,1,0.8403405,0.4069845676422119,0.6023856997489929,0.08835301548242569
YLR383W,YDR170C,0,0.83944106,0.4067113995552063,0.6023856997489929,0.08845306932926178
YJR021C,YLR073C,0,0.8377415,0.4064386188983917,0.6023856997489929,0.08855313062667847
YGL062W,YGR145W,0,0.83755374,0.4061662256717682,0.6023856997489929,0.08865319192409515
YKR101W,YPR163C,0,0.83693504,0.4058941602706909,0.6023856997489929,0.08875325322151184
YNL122C,YLL012W,0,0.83686614,0.4056224822998047,0.6023856997489929,0.08885331451892853
YER087W,YNL182C,0,0.83619237,0.4053511619567871,0.6023856997489929,0.08895336836576462
YLR316C,YNL282W,1,0.8360686,0.4057486653327942,0.6033797264099121,0.08895336836576462
YIL083C,YNL121C,0,0.8321028,0.4054776132106781,0.6033797264099121,0.0890534296631813
YHR062C,YGL243W,1,0.83180904,0.40587449073791504,0.6043737530708313,0.0890534296631813
YML099C,YIL133C,0,0.83164746,0.4056037366390228,0.6043737530708313,0.08915349096059799
YPR189W,YCL008C,0,0.8314363,0.40533334016799927,0.6043737530708313,0.08925355225801468
YNL223W,YGR255C,0,0.8305227,0.40506330132484436,0.6043737530708313,0.08935361355543137
YMR049C,YGR134W,0,0.8302947,0.4047936201095581,0.6043737530708313,0.08945367485284805
YNL008C,YPR137W,0,0.83026713,0.4045242965221405,0.6043737530708313,0.08955372869968414
YNL221C,YGL063W,1,0.8302465,0.40492022037506104,0.6053677797317505,0.08955372869968414
YKR055W,YHR168W,0,0.8302369,0.4046511650085449,0.6053677797317505,0.08965378999710083
YAL033W,YER022W,0,0.82914686,0.40438246726989746,0.6053677797317505,0.08975385129451752
YLR405W,YOL141W,1,0.82819784,0.4047777056694031,0.6063618063926697,0.08975385129451752
YMR093W,YDR151C,0,0.82812774,0.4045092761516571,0.6063618063926697,0.0898539125919342
YJR006W,YLR009W,0,0.8276355,0.4042412340641022,0.6063618063926697,0.08995397388935089
YLL008W,YOL040C,0,0.82687294,0.4039735198020935,0.6063618063926697,0.09005403518676758
YJR147W,YBR192W,0,0.8267284,0.4037061631679535,0.6063618063926697,0.09015408903360367
YER101C,YDR449C,0,0.8262732,0.40343916416168213,0.6063618063926697,0.09025415033102036
YKL020C,YPL093W,0,0.82422376,0.40317249298095703,0.6063618063926697,0.09035421162843704
YDL084W,YKL082C,0,0.82344705,0.402906209230423,0.6063618063926697,0.09045427292585373
YJR151C,YOL010W,0,0.8202287,0.4026402533054352,0.6063618063926697,0.09055433422327042
YGL225W,YFL021W,0,0.8200424,0.4023746848106384,0.6063618063926697,0.0906543955206871
YBL024W,YOR274W,1,0.81983495,0.402768611907959,0.6073558926582336,0.0906543955206871
YBR261C,YDL047W,0,0.81859255,0.40250328183174133,0.6073558926582336,0.0907544493675232
YOL045W,YER168C,0,0.81855595,0.40223830938339233,0.6073558926582336,0.09085451066493988
YLR157C,YGL174W,0,0.8171854,0.401973694562912,0.6073558926582336,0.09095457196235657
YPR191W,YOR292C,0,0.81684506,0.4017094075679779,0.6073558926582336,0.09105463325977325
YLR285W,YOR382W,0,0.81620157,0.4014454782009125,0.6073558926582336,0.09115469455718994
YAL020C,YLR438C-A,1,0.81577855,0.401838481426239,0.6083499193191528,0.09115469455718994
YKR056W,YMR078C,0,0.8145504,0.4015747904777527,0.6083499193191528,0.09125475585460663
YJL114W,YPL134C,0,0.8129471,0.4013114869594574,0.6083499193191528,0.09135480970144272
YKL067W,YNL138W,0,0.81249565,0.401048481464386,0.6083499193191528,0.0914548709988594
YLR183C,YMR115W,0,0.8117274,0.4007858633995056,0.6083499193191528,0.09155493229627609
YDL206W,YKL009W,0,0.8114266,0.4005235731601715,0.6083499193191528,0.09165499359369278
YKL205W,YAL033W,1,0.8097012,0.40091562271118164,0.609343945980072,0.09165499359369278
YEL043W,YGR216C,0,0.8095393,0.400653600692749,0.609343945980072,0.09175505489110947
YOR147W,YBR257W,0,0.80919564,0.40039190649986267,0.609343945980072,0.09185511618852615
YCL014W,YDL015C,0,0.8078852,0.4001305401325226,0.609343945980072,0.09195517003536224
YJL087C,YHR156C,0,0.8073131,0.39986953139305115,0.609343945980072,0.09205523133277893
YNL314W,YGR034W,0,0.80719,0.39960888028144836,0.609343945980072,0.09215529263019562
YGR056W,YIL177C,0,0.80696225,0.39934852719306946,0.609343945980072,0.0922553539276123
YBR282W,YGL051W,0,0.8066397,0.3990885317325592,0.609343945980072,0.09235541522502899
YNL178W,YNL302C,0,0.80578643,0.3988288938999176,0.609343945980072,0.09245547652244568
YJR055W,YNL267W,0,0.8057213,0.39856958389282227,0.609343945980072,0.09255553036928177
YBR177C,YNL092W,0,0.8045397,0.3983106017112732,0.609343945980072,0.09265559166669846
YNL070W,YOL004W,0,0.80362034,0.3980519473552704,0.609343945980072,0.09275565296411514
YER112W,YER168C,1,0.80218047,0.3984425663948059,0.6103379726409912,0.09275565296411514
YMR145C,YNL175C,0,0.8017157,0.3981841802597046,0.6103379726409912,0.09285571426153183
YHR174W,YJL214W,0,0.80057853,0.39792612195014954,0.6103379726409912,0.09295577555894852
YGL236C,YDR497C,0,0.80040467,0.39766839146614075,0.6103379726409912,0.0930558368563652
YPL122C,YFL013C,0,0.80012923,0.3974109888076782,0.6103379726409912,0.0931558907032013
YDL036C,YAL033W,1,0.7992102,0.3978007733821869,0.6113319993019104,0.0931558907032013
YGR276C,YML014W,1,0.7988835,0.39819005131721497,0.6123260259628296,0.0931558907032013
YDR090C,YDL074C,0,0.7985239,0.39793282747268677,0.6123260259628296,0.09325595200061798
YGL180W,YJL191W,0,0.79344493,0.39767593145370483,0.6123260259628296,0.09335601329803467
YER055C,YNL232W,0,0.7932059,0.39741936326026917,0.6123260259628296,0.09345607459545135
YDR378C,YER168C,1,0.79130685,0.39780786633491516,0.6133200526237488,0.09345607459545135
YMR005W,YDL111C,0,0.791045,0.3975515365600586,0.6133200526237488,0.09355613589286804
YIL132C,YJR063W,0,0.79040617,0.3972955644130707,0.6133200526237488,0.09365619719028473
YMR180C,YDR170C,0,0.7901752,0.39703989028930664,0.6133200526237488,0.09375625103712082
YJL087C,YLR105C,1,0.78983974,0.39742764830589294,0.6143141388893127,0.09375625103712082
YEL069C,YMR194W,0,0.78881013,0.3971722424030304,0.6143141388893127,0.0938563123345375
YLR141W,YBL028C,0,0.78853,0.3969171345233917,0.6143141388893127,0.0939563736319542
YKL009W,YBR222C,0,0.7858902,0.3966623842716217,0.6143141388893127,0.09405643492937088
YDR067C,YDR245W,0,0.7858244,0.39640796184539795,0.6143141388893127,0.09415649622678757
YNL153C,YKR055W,0,0.78458893,0.39615383744239807,0.6143141388893127,0.09425655752420425
YML080W,YPR119W,0,0.7833091,0.39590007066726685,0.6143141388893127,0.09435661137104034
YCL014W,YPL113C,0,0.7832496,0.3956466019153595,0.6143141388893127,0.09445667266845703
YBR118W,YGL216W,0,0.78274965,0.3953934609889984,0.6143141388893127,0.09455673396587372
YML097C,YMR115W,0,0.782026,0.395140677690506,0.6143141388893127,0.0946567952632904
YER117W,YMR114C,0,0.7817284,0.3948881924152374,0.6143141388893127,0.09475685656070709
YKR008W,YBL028C,0,0.78043306,0.39463600516319275,0.6143141388893127,0.09485691785812378
YMR089C,YGR281W,0,0.7794982,0.3943841755390167,0.6143141388893127,0.09495697170495987
YER165W,YMR213W,0,0.7792772,0.3941326439380646,0.6143141388893127,0.09505703300237656
YDR378C,YLL004W,0,0.779116,0.3938814401626587,0.6143141388893127,0.09515709429979324
YOL125W,YAL043C,1,0.77816486,0.3942675292491913,0.6153081655502319,0.09515709429979324
YIL128W,YBR192W,0,0.7780287,0.3940165638923645,0.6153081655502319,0.09525715559720993
YGR134W,YEL029C,0,0.7747718,0.3937658965587616,0.6153081655502319,0.09535721689462662
YLR305C,YKR102W,0,0.7746812,0.39351558685302734,0.6153081655502319,0.09545727074146271
YOR297C,YLR386W,0,0.7742585,0.39326557517051697,0.6153081655502319,0.0955573320388794
YOR297C,YBR275C,0,0.77365625,0.39301586151123047,0.6153081655502319,0.09565739333629608
YLL029W,YJR070C,0,0.77365255,0.3927665054798126,0.6153081655502319,0.09575745463371277
YLR384C,YMR023C,1,0.77292824,0.39315155148506165,0.6163021922111511,0.09575745463371277
YGR171C,YLR380W,0,0.7710608,0.3929024040699005,0.6163021922111511,0.09585751593112946
YDR512C,YFR001W,0,0.77075547,0.39265358448028564,0.6163021922111511,0.09595757722854614
YGL014W,YPL252C,0,0.76972127,0.39240506291389465,0.6163021922111511,0.09605763107538223
YFR031C,YNL282W,0,0.7692432,0.3921568691730499,0.6163021922111511,0.09615769237279892
YBR247C,YOL165C,0,0.7682516,0.3919089734554291,0.6163021922111511,0.0962577536702156
YGL225W,YLR141W,0,0.766937,0.3916614055633545,0.6163021922111511,0.0963578149676323
YKL041W,YLR009W,0,0.7667248,0.3914141356945038,0.6163021922111511,0.09645787626504898
YKR102W,YNL284C,0,0.7666698,0.39116719365119934,0.6163021922111511,0.09655793756246567
YLR405W,YGR024C,1,0.76502556,0.39155107736587524,0.6172962188720703,0.09655793756246567
YJR055W,YCR002C,0,0.76449955,0.3913043439388275,0.6172962188720703,0.09665799140930176
YJL087C,YAL043C,1,0.7644787,0.39168766140937805,0.6182902455329895,0.09665799140930176
YOR301W,YJL192C,0,0.7633214,0.3914411664009094,0.6182902455329895,0.09675805270671844
YJR036C,YJR032W,0,0.76272815,0.3911949694156647,0.6182902455329895,0.09685811400413513
YNL008C,YJL006C,0,0.76251924,0.3909491002559662,0.6182902455329895,0.09695817530155182
YOL142W,YDR233C,0,0.7622443,0.3907035291194916,0.6182902455329895,0.0970582365989685
YLL034C,YDR389W,0,0.7598474,0.39045825600624084,0.6182902455329895,0.09715829789638519
YDR463W,YOL102C,1,0.75834423,0.39084064960479736,0.6192842721939087,0.09715829789638519
YDL171C,YNR044W,0,0.7572861,0.39059561491012573,0.6192842721939087,0.09725835174322128
YDR414C,YOR338W,0,0.7570481,0.390350878238678,0.6192842721939087,0.09735841304063797
YLR285W,YMR172W,0,0.7563904,0.3901064395904541,0.6192842721939087,0.09745847433805466
YDR496C,YFL021W,0,0.75546515,0.3898623287677765,0.6192842721939087,0.09755853563547134
YDL054C,YOL052C,0,0.7545442,0.38961851596832275,0.6192842721939087,0.09765859693288803
YHR006W,YHR070W,1,0.7535799,0.38999998569488525,0.6202783584594727,0.09765859693288803
YPL139C,YJL071W,0,0.7532917,0.3897564113140106,0.6202783584594727,0.09775865823030472
YKR054C,YER115C,0,0.75028133,0.3895131051540375,0.6202783584594727,0.09785871207714081
YBL028C,YDR415C,0,0.75010467,0.3892701268196106,0.6202783584594727,0.0979587733745575
YGL122C,YDR281C,0,0.7492466,0.3890274167060852,0.6202783584594727,0.09805883467197418
YKR068C,YNL175C,0,0.74898475,0.3887850344181061,0.6202783584594727,0.09815889596939087
YLR329W,YNL307C,0,0.7481223,0.38854295015335083,0.6202783584594727,0.09825895726680756
YNL223W,YMR269W,0,0.7477759,0.38830119371414185,0.6202783584594727,0.09835901856422424
YOR297C,YDR499W,0,0.7467462,0.38805970549583435,0.6202783584594727,0.09845907241106033
YJL081C,YGL113W,0,0.74512446,0.38781851530075073,0.6202783584594727,0.09855913370847702
YLR182W,YJL006C,0,0.74511766,0.3875776529312134,0.6202783584594727,0.09865919500589371
YGR258C,YJL103C,0,0.7450527,0.3873370587825775,0.6202783584594727,0.0987592563033104
YNR017W,YGL190C,0,0.74400836,0.3870967626571655,0.6202783584594727,0.09885931760072708
YKL082C,YJL029C,0,0.7432537,0.3868567943572998,0.6202783584594727,0.09895937889814377
YMR168C,YDR410C,0,0.74296945,0.38661709427833557,0.6202783584594727,0.09905943274497986
YPL213W,YEL037C,0,0.74209,0.3863777220249176,0.6202783584594727,0.09915949404239655
YPR196W,YKL144C,0,0.7420026,0.3861386179924011,0.6202783584594727,0.09925955533981323
YBL024W,YLR105C,1,0.74195313,0.3865182399749756,0.6212723851203918,0.09925955533981323
YOR310C,YPL094C,0,0.74146,0.3862793445587158,0.6212723851203918,0.09935961663722992
YNL062C,YMR047C,1,0.7414403,0.3866584300994873,0.622266411781311,0.09935961663722992
YOL136C,YLR073C,0,0.7403576,0.38641974329948425,0.622266411781311,0.0994596779346466
YKL206C,YJL128C,0,0.73941076,0.38618138432502747,0.622266411781311,0.0995597392320633
YDR137W,YCR057C,0,0.7386391,0.38594329357147217,0.622266411781311,0.09965979307889938
YLR191W,YLR033W,0,0.7371712,0.38570547103881836,0.622266411781311,0.09975985437631607
YLR404W,YNL219C,0,0.73693097,0.3854679763317108,0.622266411781311,0.09985991567373276
YGR081C,YDL028C,0,0.73688614,0.38523077964782715,0.622266411781311,0.09995997697114944
YBL112C,YGL026C,0,0.7361051,0.38499385118484497,0.622266411781311,0.10006003826856613
YHR119W,YGR134W,0,0.736104,0.38475722074508667,0.622266411781311,0.10016009956598282
YOR298W,YDR369C,0,0.7349623,0.38452088832855225,0.622266411781311,0.10026015341281891
YDL107W,YBL098W,0,0.734895,0.3842848241329193,0.622266411781311,0.1003602147102356
YGL162W,YOL026C,0,0.73485065,0.38404908776283264,0.622266411781311,0.10046027600765228
YKL205W,YAL020C,1,0.733454,0.3844267427921295,0.6232604384422302,0.10046027600765228
YOL026C,YDL074C,0,0.7325852,0.3841911852359772,0.6232604384422302,0.10056033730506897
YOR159C,YMR112C,0,0.72991467,0.3839558959007263,0.6232604384422302,0.10066039860248566
YGL158W,YMR078C,0,0.7290052,0.38372093439102173,0.6232604384422302,0.10076045989990234
YLR430W,YDL033C,1,0.7285377,0.3840978741645813,0.6242544651031494,0.10076045989990234
YDR492W,YKL175W,0,0.7282718,0.38386309146881104,0.6242544651031494,0.10086051374673843
YLR329W,YAL029C,0,0.7267907,0.38362857699394226,0.6242544651031494,0.10096057504415512
YER050C,YBR002C,0,0.7248763,0.38339439034461975,0.6242544651031494,0.10106063634157181
YLR384C,YAL043C,1,0.7248443,0.38377058506011963,0.6252484917640686,0.10106063634157181
YMR123W,YNR004W,0,0.7246294,0.38353657722473145,0.6252484917640686,0.1011606976389885
YJR138W,YGL169W,0,0.7227561,0.38330286741256714,0.6252484917640686,0.10126075893640518
YMR283C,YNL282W,1,0.72215635,0.3836784362792969,0.6262425184249878,0.10126075893640518
YPL042C,YJL071W,0,0.7218728,0.3834449052810669,0.6262425184249878,0.10136081278324127
YJL172W,YLR047C,0,0.7200417,0.3832116723060608,0.6262425184249878,0.10146087408065796
YGL243W,YJL035C,1,0.7196645,0.3835866153240204,0.6272366046905518,0.10146087408065796
YFR029W,YFL017W-A,0,0.7191038,0.383353590965271,0.6272366046905518,0.10156093537807465
YGR024C,YGR200C,1,0.7184523,0.3837279975414276,0.628230631351471,0.10156093537807465
YGR032W,YHR109W,0,0.71820515,0.38349515199661255,0.628230631351471,0.10166099667549133
YDR378C,YKR069W,0,0.7175823,0.383262574672699,0.628230631351471,0.10176105797290802
YJL004C,YPL011C,0,0.71752274,0.3830302953720093,0.628230631351471,0.10186111927032471
YLR425W,YPL104W,0,0.71657705,0.38279831409454346,0.628230631351471,0.1019611731171608
YNL006W,YNR028W,0,0.716141,0.38256657123565674,0.628230631351471,0.10206123441457748
YMR033W,YER019C-A,0,0.715526,0.3823351562023163,0.628230631351471,0.10216129571199417
YHR006W,YLR384C,1,0.7152183,0.3827085793018341,0.6292246580123901,0.10216129571199417
YML032C,YER171W,0,0.7150511,0.382477343082428,0.6292246580123901,0.10226135700941086
YFL001W,YAL020C,1,0.7128812,0.3828502297401428,0.6302186846733093,0.10226135700941086
YGR077C,YJR103W,0,0.7109678,0.3826192021369934,0.6302186846733093,0.10236141830682755
YNL138W,YDR332W,0,0.71055585,0.3823884129524231,0.6302186846733093,0.10246147960424423
YNL223W,YEL029C,0,0.7101399,0.38215792179107666,0.6302186846733093,0.10256153345108032
YLR165C,YGL169W,0,0.71010315,0.3819276988506317,0.6302186846733093,0.10266159474849701
YLR312W-A,YBR238C,0,0.70999324,0.38169777393341064,0.6302186846733093,0.1027616560459137
YOR251C,YAL020C,1,0.7092423,0.38206979632377625,0.6312127113342285,0.1027616560459137
YLR224W,YBL068W,0,0.7086251,0.3818400502204895,0.6312127113342285,0.10286171734333038
YGR085C,YPR137W,0,0.7062477,0.38161057233810425,0.6312127113342285,0.10296177864074707
YNL095C,YFL013C,0,0.7047757,0.38138139247894287,0.6312127113342285,0.10306183993816376
YPR011C,YDL040C,0,0.7045193,0.3811524510383606,0.6312127113342285,0.10316189378499985
YGL071W,YER019C-A,0,0.7032335,0.3809238076210022,0.6312127113342285,0.10326195508241653
YOR297C,YDR369C,0,0.70310456,0.3806954324245453,0.6312127113342285,0.10336201637983322
YGL170C,YLR209C,0,0.70171666,0.38046735525131226,0.6312127113342285,0.10346207767724991
YOR310C,YLL033W,0,0.70169806,0.3802395164966583,0.6312127113342285,0.1035621389746666
YEL037C,YAL029C,0,0.6998165,0.38001197576522827,0.6312127113342285,0.10366220027208328
YML030W,YHR168W,0,0.6993019,0.3797847032546997,0.6312127113342285,0.10376225411891937
YLR285W,YDR416W,0,0.6990663,0.37955766916275024,0.6312127113342285,0.10386231541633606
YGL094C,YFR036W,0,0.69889885,0.37933093309402466,0.6312127113342285,0.10396237671375275
YEL029C,YNL078W,0,0.69758105,0.37910446524620056,0.6312127113342285,0.10406243801116943
YNL153C,YIL142W,0,0.6972666,0.37887829542160034,0.6312127113342285,0.10416249930858612
YIR015W,YNL292W,1,0.69715136,0.37924864888191223,0.6322067379951477,0.10416249930858612
YBR167C,YGR276C,1,0.69700205,0.3796185851097107,0.6332008242607117,0.10416249930858612
YDR082W,YJL011C,0,0.69630086,0.37939250469207764,0.6332008242607117,0.10426256060600281
YMR319C,YER165W,0,0.69517887,0.3791666626930237,0.6332008242607117,0.1043626144528389
YDR059C,YMR093W,0,0.6935394,0.3789411187171936,0.6332008242607117,0.10446267575025558
YBR271W,YGL113W,0,0.6931578,0.3787158131599426,0.6332008242607117,0.10456273704767227
YGL236C,YNL282W,1,0.6923624,0.379084974527359,0.6341948509216309,0.10456273704767227
YCR060W,YJR101W,0,0.69140434,0.37885984778404236,0.6341948509216309,0.10466279834508896
YGR024C,YDL036C,1,0.69022435,0.37922847270965576,0.63518887758255,0.10466279834508896
YKR002W,YDL148C,0,0.6900296,0.3790035545825958,0.63518887758255,0.10476285964250565
YLR103C,YOR085W,0,0.68894243,0.3787789046764374,0.63518887758255,0.10486292093992233
YDR332W,YMR239C,0,0.68890345,0.37855449318885803,0.63518887758255,0.10496297478675842
YMR241W,YKL203C,0,0.68888634,0.37833037972450256,0.63518887758255,0.10506303608417511
YER049W,YOR215C,0,0.6883203,0.3781065046787262,0.63518887758255,0.1051630973815918
YOL155C,YJL191W,0,0.68798995,0.3778828978538513,0.63518887758255,0.10526315867900848
YJL141C,YKL067W,0,0.6875728,0.3776595890522003,0.63518887758255,0.10536321997642517
YJL035C,YAL043C,1,0.68592864,0.37802717089653015,0.6361829042434692,0.10536321997642517
YGR030C,YHR006W,1,0.68580365,0.37839433550834656,0.6371769309043884,0.10536321997642517
YDR296W,YDR083W,0,0.6834333,0.37817108631134033,0.6371769309043884,0.10546328127384186
YOR145C,YDL045W-A,0,0.6826476,0.3779481053352356,0.6371769309043884,0.10556333512067795
YBR010W,YBR257W,0,0.68226945,0.37772539258003235,0.6371769309043884,0.10566339641809464
YDR416W,YJL006C,0,0.6822418,0.3775029480457306,0.6371769309043884,0.10576345771551132
YPL002C,YEL053C,0,0.68205154,0.37728074193000793,0.6371769309043884,0.10586351901292801
YJR078W,YIL088C,0,0.6818975,0.37705883383750916,0.6371769309043884,0.1059635803103447
YFL014W,YBL028C,0,0.6784812,0.3768371641635895,0.6371769309043884,0.10606364160776138
YDR205W,YPL208W,0,0.6784494,0.3766157329082489,0.6371769309043884,0.10616369545459747
YCL036W,YFR036W,0,0.6782766,0.3763945996761322,0.6371769309043884,0.10626375675201416
YNL160W,YMR284W,0,0.677481,0.3761737048625946,0.6371769309043884,0.10636381804943085
YAL063C,YER165W,0,0.6768345,0.3759530782699585,0.6371769309043884,0.10646387934684753
YDR463W,YJL125C,1,0.6766335,0.37631887197494507,0.6381709575653076,0.10646387934684753
YBR066C,YDR410C,0,0.6765956,0.3760984241962433,0.6381709575653076,0.10656394064426422
YMR218C,YGR134W,0,0.676058,0.3758782148361206,0.6381709575653076,0.10666400194168091
YDL036C,YPL083C,1,0.67306995,0.3762434124946594,0.6391649842262268,0.10666400194168091
YDR174W,YLR130C,0,0.6729621,0.37602338194847107,0.6391649842262268,0.106764055788517
YHR059W,YMR300C,0,0.67278254,0.3758036196231842,0.6391649842262268,0.10686411708593369
YNL292W,YOL066C,1,0.6714467,0.37616822123527527,0.6401590704917908,0.10686411708593369
YNR021W,YBL052C,0,0.671215,0.37594863772392273,0.6401590704917908,0.10696417838335037
YDR411C,YMR229C,0,0.6706042,0.3757292926311493,0.6401590704917908,0.10706423968076706
YDR218C,YJR103W,0,0.67008257,0.37551021575927734,0.6401590704917908,0.10716430097818375
YML051W,YHR119W,0,0.6700753,0.3752913773059845,0.6401590704917908,0.10726436227560043
YJR057W,YJL081C,0,0.6700497,0.37507280707359314,0.6401590704917908,0.10736441612243652
YMR182C,YOR239W,0,0.66849244,0.3748544752597809,0.6401590704917908,0.10746447741985321
YKL009W,YBR230C,0,0.6682785,0.3746364116668701,0.6401590704917908,0.1075645387172699
YJR130C,YLR073C,0,0.66766655,0.37441861629486084,0.6401590704917908,0.10766460001468658
YEL052W,YLR020C,0,0.66643536,0.37420105934143066,0.6401590704917908,0.10776466131210327
YPL101W,YOR274W,1,0.6653129,0.3745644688606262,0.64115309715271,0.10776466131210327
YMR005W,YLR213C,0,0.66403663,0.374347060918808,0.64115309715271,0.10786471515893936
YLR316C,YMR240C,0,0.6639794,0.37412992119789124,0.64115309715271,0.10796477645635605
YKR071C,YLR394W,0,0.6638326,0.373913049697876,0.64115309715271,0.10806483775377274
YIL143C,YEL022W,0,0.6628816,0.3736964166164398,0.64115309715271,0.10816489905118942
YOR145C,YMR246W,0,0.66261744,0.37348002195358276,0.64115309715271,0.10826496034860611
YPL086C,YBR022W,1,0.6611227,0.37384259700775146,0.6421471238136292,0.10826496034860611
YGR169C,YHR187W,1,0.6610912,0.37420475482940674,0.6431411504745483,0.10826496034860611
YPL101W,YGL236C,1,0.6602361,0.3745664656162262,0.6441351771354675,0.10826496034860611
YOL066C,YKL203C,0,0.6597961,0.37435010075569153,0.6441351771354675,0.1083650216460228
YJR057W,YPL208W,0,0.6583533,0.3741339445114136,0.6441351771354675,0.10846507549285889
YBR261C,YKL205W,0,0.6581051,0.3739180564880371,0.6441351771354675,0.10856513679027557
YER008C,YKL009W,0,0.6576985,0.37370243668556213,0.6441351771354675,0.10866519808769226
YPL042C,YER165W,0,0.65743244,0.37348702549934387,0.6441351771354675,0.10876525938510895
YGL158W,YLR129W,0,0.65742064,0.3732718825340271,0.6441351771354675,0.10886532068252563
YEL043W,YLR103C,0,0.6567609,0.3730570077896118,0.6441351771354675,0.10896538197994232
YLR289W,YKL170W,0,0.65641403,0.37284234166145325,0.6441351771354675,0.10906543582677841
YOL045W,YEL040W,0,0.6554088,0.37262794375419617,0.6441351771354675,0.1091654971241951
YER014C-A,YHR008C,0,0.65286875,0.3724137842655182,0.6441351771354675,0.10926555842161179
YDR030C,YDR167W,0,0.6513247,0.3721998929977417,0.6441351771354675,0.10936561971902847
YMR078C,YPR200C,0,0.6491828,0.3719862103462219,0.6441351771354675,0.10946568101644516
YPR162C,YDR429C,0,0.64759684,0.37177279591560364,0.6441351771354675,0.10956574231386185
YGR032W,YPL050C,0,0.6462601,0.37155961990356445,0.6441351771354675,0.10966579616069794
YJL166W,YOR340C,0,0.6459733,0.37134671211242676,0.6441351771354675,0.10976585745811462
YFL013C,YER115C,0,0.6457802,0.3711340129375458,0.6441351771354675,0.10986591875553131
YEL062W,YJL130C,0,0.6457039,0.3709215819835663,0.6441351771354675,0.109965980052948
YNL147W,YOR216C,0,0.6429835,0.3707093894481659,0.6441351771354675,0.11006604135036469
YOR297C,YBR074W,0,0.6417477,0.3704974353313446,0.6441351771354675,0.11016610264778137
YNR057C,YLR309C,0,0.64146477,0.3702857196331024,0.6441351771354675,0.11026615649461746
YDR026C,YIL048W,0,0.6413529,0.37007424235343933,0.6441351771354675,0.11036621779203415
YKL009W,YLR219W,0,0.6391686,0.36986300349235535,0.6441351771354675,0.11046627908945084
YNL283C,YLR130C,0,0.63880837,0.36965203285217285,0.6441351771354675,0.11056634038686752
YHR066W,YNR021W,0,0.638696,0.36944127082824707,0.6441351771354675,0.11066640168428421
YHR070W,YAL043C,1,0.6381957,0.3698005676269531,0.6451292037963867,0.11066640168428421
YCR060W,YHR156C,0,0.6364978,0.36958998441696167,0.6451292037963867,0.1107664629817009
YFR021W,YKL078W,0,0.63587624,0.36937960982322693,0.6451292037963867,0.11086651682853699
YIL095W,YLR073C,0,0.63540715,0.3691695034503937,0.6451292037963867,0.11096657812595367
YER050C,YDR281C,0,0.63348067,0.3689596354961395,0.6451292037963867,0.11106663942337036
YGR251W,YPL208W,0,0.63246655,0.3687500059604645,0.6451292037963867,0.11116670072078705
YKL020C,YDR461W,0,0.6323973,0.36854061484336853,0.6451292037963867,0.11126676201820374
YDL215C,YKL082C,0,0.6323206,0.3683314323425293,0.6451292037963867,0.11136682331562042
YIL061C,YFR036W,0,0.63222003,0.36812251806259155,0.6451292037963867,0.11146687716245651
YOL142W,YPL094C,0,0.6293844,0.3679138422012329,0.6451292037963867,0.1115669384598732
YKL041W,YOR283W,0,0.6288209,0.367705374956131,0.6451292037963867,0.11166699975728989
YFR019W,YEL029C,0,0.62853855,0.36749717593193054,0.6451292037963867,0.11176706105470657
YHR047C,YDR460W,0,0.62710786,0.3672891855239868,0.6451292037963867,0.11186712235212326
YBL028C,YOL026C,0,0.62466025,0.3670814335346222,0.6451292037963867,0.11196718364953995
YGR221C,YCL025C,0,0.6241001,0.36687394976615906,0.6451292037963867,0.11206723749637604
YPL183W-A,YKL144C,0,0.62337244,0.36666667461395264,0.6451292037963867,0.11216729879379272
YDR222W,YAL029C,0,0.621522,0.3664596378803253,0.6451292037963867,0.11226736009120941
YEL036C,YGL216W,0,0.6213435,0.3662528097629547,0.6451292037963867,0.1123674213886261
YDR083W,YLL055W,0,0.62123096,0.3660462498664856,0.6451292037963867,0.11246748268604279
YJL178C,YMR270C,0,0.6210703,0.3658398985862732,0.6451292037963867,0.11256754398345947
YNL163C,YGR118W,0,0.6203718,0.3656338155269623,0.6451292037963867,0.11266759783029556
YLR405W,YOR251C,1,0.62031984,0.3659909963607788,0.6461232900619507,0.11266759783029556
YBR202W,YFL066C,0,0.6192095,0.36578503251075745,0.6461232900619507,0.11276765912771225
YJR004C,YNR057C,0,0.6191586,0.3655793070793152,0.6461232900619507,0.11286772042512894
YOR243C,YJL134W,0,0.618816,0.365373820066452,0.6461232900619507,0.11296778172254562
YJL192C,YKR101W,0,0.61785996,0.3651685416698456,0.6461232900619507,0.11306784301996231
YJR107W,YNL232W,0,0.61643016,0.36496350169181824,0.6461232900619507,0.113167904317379
YDR082W,YDR083W,0,0.61551887,0.36475870013237,0.6461232900619507,0.11326795816421509
YKL078W,YDR138W,0,0.61480033,0.36455413699150085,0.6461232900619507,0.11336801946163177
YLR244C,YNL267W,0,0.6147631,0.3643497824668884,0.6461232900619507,0.11346808075904846
YDR449C,YCL004W,0,0.61446047,0.3641456663608551,0.6461232900619507,0.11356814205646515
YLR191W,YPL213W,0,0.61431557,0.3639417588710785,0.6461232900619507,0.11366820335388184
YER151C,YMR270C,0,0.6140276,0.36373811960220337,0.6461232900619507,0.11376826465129852
YDL121C,YJL134W,0,0.6130019,0.36353468894958496,0.6461232900619507,0.11386831849813461
YGL172W,YJL125C,1,0.6125895,0.3638904392719269,0.6471173167228699,0.11386831849813461
YLR103C,YEL029C,0,0.6124612,0.3636871576309204,0.6471173167228699,0.1139683797955513
YGR084C,YDR496C,0,0.6122322,0.36348408460617065,0.6471173167228699,0.11406844109296799
YML099C,YPL252C,0,0.6117377,0.36328125,0.6471173167228699,0.11416850239038467
YJL087C,YPR047W,1,0.61042535,0.3636363744735718,0.6481113433837891,0.11416850239038467
YHR066W,YJL214W,0,0.6101671,0.3634336590766907,0.6481113433837891,0.11426856368780136
YJL087C,YFL038C,0,0.60998416,0.36323121190071106,0.6481113433837891,0.11436861753463745
YML032C,YOL010W,0,0.6087575,0.36302894353866577,0.6481113433837891,0.11446867883205414
YJL194W,YJR112W,0,0.60603225,0.362826943397522,0.6481113433837891,0.11456874012947083
YIL132C,YMR240C,0,0.6054422,0.3626251518726349,0.6481113433837891,0.11466880142688751
YEL069C,YHR085W,0,0.60522395,0.3624235689640045,0.6481113433837891,0.1147688627243042
YNL147W,YGL236C,1,0.60503215,0.3627777695655823,0.6491053700447083,0.1147688627243042
YIL139C,YPL208W,0,0.6049142,0.36257633566856384,0.6491053700447083,0.11486892402172089
YGR252W,YPR190C,0,0.60482264,0.3623751401901245,0.6491053700447083,0.11496897786855698
YLR105C,YIL142W,0,0.5986402,0.3621741533279419,0.6491053700447083,0.11506903916597366
YBR261C,YBR010W,0,0.59756076,0.3619734048843384,0.6491053700447083,0.11516910046339035
YMR005W,YOR304W,0,0.59573287,0.3617728650569916,0.6491053700447083,0.11526916176080704
YGL062W,YML080W,0,0.59571004,0.3615725338459015,0.6491053700447083,0.11536922305822372
YEL040W,YPR043W,0,0.59459555,0.3613724410533905,0.6491053700447083,0.11546928435564041
YDR460W,YGR105W,0,0.5941019,0.36117255687713623,0.6491053700447083,0.1155693382024765
YOL155C,YIL133C,0,0.59298384,0.36097291111946106,0.6491053700447083,0.11566939949989319
YGR285C,YFR001W,0,0.5925818,0.3607734739780426,0.6491053700447083,0.11576946079730988
YLL008W,YDR072C,0,0.5922973,0.36057427525520325,0.6491053700447083,0.11586952209472656
YER168C,YMR136W,0,0.592077,0.3603752851486206,0.6491053700447083,0.11596958339214325
YGR034W,YIL133C,0,0.5920564,0.3601765036582947,0.6491053700447083,0.11606964468955994
YAL022C,YDR240C,0,0.59175366,0.35997796058654785,0.6491053700447083,0.11616969853639603
YLR440C,YDR226W,0,0.59170854,0.35977962613105774,0.6491053700447083,0.11626975983381271
YKL082C,YFL021W,0,0.5915313,0.35958150029182434,0.6491053700447083,0.1163698211312294
YER117W,YOL102C,0,0.5907478,0.35938361287117004,0.6491053700447083,0.11646988242864609
YBR261C,YER104W,0,0.5904701,0.3591859042644501,0.6491053700447083,0.11656994372606277
YIL132C,YNR072W,0,0.5892073,0.3589884638786316,0.6491053700447083,0.11667000502347946
YLR228C,YBL068W,0,0.58834016,0.35879120230674744,0.6491053700447083,0.11677005887031555
YBR282W,YMR304W,0,0.58823425,0.3585941791534424,0.6491053700447083,0.11687012016773224
YLR105C,YLL002W,0,0.588156,0.35839736461639404,0.6491053700447083,0.11697018146514893
YHR041C,YER046W,0,0.5880984,0.3582007586956024,0.6491053700447083,0.11707024276256561
YNL070W,YAL039C,0,0.58751214,0.3580043911933899,0.6491053700447083,0.1171703040599823
YBR155W,YLR163C,0,0.58708453,0.3578082323074341,0.6491053700447083,0.11727036535739899
YDR059C,YOL124C,0,0.58676654,0.357612282037735,0.6491053700447083,0.11737041920423508
YJL130C,YDL225W,0,0.5867151,0.3574165403842926,0.6491053700447083,0.11747048050165176
YDL246C,YBL028C,0,0.58559996,0.35722100734710693,0.6491053700447083,0.11757054179906845
YOR194C,YGR185C,0,0.58406806,0.357025682926178,0.6491053700447083,0.11767060309648514
YMR269W,YBR080C,0,0.5837099,0.3568305969238281,0.6491053700447083,0.11777066439390182
YNL032W,YLR213C,0,0.5825324,0.356635719537735,0.6491053700447083,0.11787072569131851
YFL066C,YCR057C,0,0.5808562,0.35644105076789856,0.6491053700447083,0.1179707795381546
YOR084W,YMR267W,0,0.57957375,0.35624659061431885,0.6491053700447083,0.11807084083557129
YDR064W,YDR310C,0,0.5790905,0.35605233907699585,0.6491053700447083,0.11817090213298798
YER112W,YMR283C,1,0.5779687,0.35640326142311096,0.6500993967056274,0.11817090213298798
YPL083C,YLR401C,1,0.57616156,0.3567538261413574,0.6510934233665466,0.11817090213298798
YKL180W,YFL013C,0,0.5743455,0.3565596044063568,0.6510934233665466,0.11827096343040466
YPL273W,YKL144C,0,0.5739591,0.3563656210899353,0.6510934233665466,0.11837102472782135
YJL087C,YLL017W,0,0.57339275,0.3561718463897705,0.6510934233665466,0.11847108602523804
YJR036C,YIL083C,0,0.5721756,0.35597825050354004,0.6510934233665466,0.11857113987207413
YOR159C,YBL028C,0,0.5712276,0.35578489303588867,0.6510934233665466,0.11867120116949081
YFR031C,YMR180C,0,0.5701746,0.355591744184494,0.6510934233665466,0.1187712624669075
YNL095C,YJL192C,0,0.5694662,0.3553988039493561,0.6510934233665466,0.11887132376432419
YFL001W,YPL083C,1,0.5691161,0.35574838519096375,0.6520874500274658,0.11887132376432419
YKL110C,YGL232W,1,0.56845534,0.356097549200058,0.6530815362930298,0.11887132376432419
YNL062C,YGR169C,1,0.5678581,0.35644638538360596,0.654075562953949,0.11887132376432419
YIL020C,YLL017W,0,0.5670832,0.35625338554382324,0.654075562953949,0.11897138506174088
YBL026W,YNL262W,0,0.5661206,0.35606059432029724,0.654075562953949,0.11907144635915756
YDR026C,YDL225W,0,0.564345,0.35586804151535034,0.654075562953949,0.11917150020599365
YFL045C,YML056C,0,0.5632795,0.35567566752433777,0.654075562953949,0.11927156150341034
YDR233C,YAR035W,0,0.5630741,0.3554835319519043,0.654075562953949,0.11937162280082703
YHR209W,YFL066C,0,0.56236494,0.35529157519340515,0.654075562953949,0.11947168409824371
YKL078W,YJL149W,0,0.56197804,0.3550998270511627,0.654075562953949,0.1195717453956604
YFL066C,YDR472W,0,0.5619111,0.3549083173274994,0.654075562953949,0.11967180669307709
YPL150W,YGR251W,0,0.55979186,0.3547169864177704,0.654075562953949,0.11977186053991318
YPL223C,YJR040W,0,0.5595332,0.3545258641242981,0.654075562953949,0.11987192183732986
YHR074W,YNL202W,0,0.5592836,0.3543349504470825,0.654075562953949,0.11997198313474655
YIL134W,YKL172W,0,0.55903006,0.35414424538612366,0.654075562953949,0.12007204443216324
YOL045W,YCR087C-A,0,0.5588303,0.3539537489414215,0.654075562953949,0.12017210572957993
YDL112W,YBR022W,1,0.5585831,0.3543010652065277,0.6550695896148682,0.12017210572957993
YGR175C,YOR338W,0,0.55809385,0.3541106879711151,0.6550695896148682,0.12027215957641602
YNL261W,YDR260C,0,0.5578353,0.35392051935195923,0.6550695896148682,0.1203722208738327
YPL200W,YLR353W,0,0.55758744,0.35373052954673767,0.6550695896148682,0.12047228217124939
YLR183C,YKL175W,0,0.55734485,0.3535407781600952,0.6550695896148682,0.12057234346866608
YOR145C,YDL202W,0,0.555422,0.3533512055873871,0.6550695896148682,0.12067240476608276
YGR095C,YMR172W,0,0.55509007,0.35316184163093567,0.6550695896148682,0.12077246606349945
YGL200C,YDR218C,0,0.55495226,0.35297268629074097,0.6550695896148682,0.12087251991033554
YDR167W,YGL170C,0,0.5528816,0.352783739566803,0.6550695896148682,0.12097258120775223
YJL134W,YDR416W,0,0.55270076,0.3525949716567993,0.6550695896148682,0.12107264250516891
YBR202W,YDR281C,0,0.55111766,0.35240641236305237,0.6550695896148682,0.1211727038025856
YGL236C,YBL024W,1,0.55066025,0.35275253653526306,0.6560636162757874,0.1211727038025856
YJL011C,YKR101W,0,0.5501694,0.35256409645080566,0.6560636162757874,0.12127276510000229
YLR380W,YMR065W,0,0.54914784,0.352375864982605,0.6560636162757874,0.12137282639741898
YLR264W,YNL262W,0,0.54820013,0.352187842130661,0.6560636162757874,0.12147288024425507
YOR251C,YAL033W,1,0.54809356,0.35253334045410156,0.6570576429367065,0.12147288024425507
YGL170C,YOL038W,0,0.548066,0.35234540700912476,0.6570576429367065,0.12157294154167175
YLR029C,YCL004W,0,0.5475991,0.35215771198272705,0.6570576429367065,0.12167300283908844
YOL141W,YKL096W-A,0,0.54671246,0.35197019577026367,0.6570576429367065,0.12177306413650513
YLR316C,YGR027C,0,0.5461863,0.3517828583717346,0.6570576429367065,0.12187312543392181
YDL024C,YDL216C,0,0.5460193,0.35159575939178467,0.6570576429367065,0.1219731867313385
YER049W,YHR074W,0,0.54582167,0.35140883922576904,0.6570576429367065,0.12207324057817459
YNL122C,YOR098C,0,0.5441762,0.35122209787368774,0.6570576429367065,0.12217330187559128
YDR120C,YCL017C,1,0.5435368,0.3515666425228119,0.6580516695976257,0.12217330187559128
YLR264W,YBR238C,0,0.5427739,0.35138005018234253,0.6580516695976257,0.12227336317300797
YOR304W,YBR281C,0,0.53949934,0.3511936366558075,0.6580516695976257,0.12237342447042465
YCL036W,YBR173C,0,0.53876984,0.3510074317455292,0.6580516695976257,0.12247348576784134
YMR112C,YER055C,0,0.53857946,0.3508214056491852,0.6580516695976257,0.12257354706525803
YHR109W,YLR309C,0,0.5370626,0.3506355881690979,0.6580516695976257,0.12267360091209412
YIR015W,YGR200C,1,0.53645325,0.35097935795783997,0.6590456962585449,0.12267360091209412
YER101C,YNR003C,0,0.53489816,0.35079365968704224,0.6590456962585449,0.1227736622095108
YDR245W,YER017C,0,0.53445804,0.35060814023017883,0.6590456962585449,0.12287372350692749
YMR269W,YOL101C,0,0.53443635,0.35042282938957214,0.6590456962585449,0.12297378480434418
YLR020C,YPL027W,0,0.53366625,0.35023772716522217,0.6590456962585449,0.12307384610176086
YJR028W,YLR264W,0,0.53290343,0.3500528037548065,0.6590456962585449,0.12317390739917755
YER055C,YMR034C,0,0.5285678,0.3498680591583252,0.6590456962585449,0.12327396124601364
YMR032W,YKL172W,0,0.5281888,0.349683552980423,0.6590456962585449,0.12337402254343033
YGR084C,YDR497C,0,0.527518,0.3494991958141327,0.6590456962585449,0.12347408384084702
YOL165C,YJR112W,0,0.5272155,0.3493150770664215,0.6590456962585449,0.1235741451382637
YGR056W,YLR009W,0,0.5263598,0.34913110733032227,0.6590456962585449,0.12367420643568039
YIL020C,YMR238W,0,0.5262011,0.3489473760128021,0.6590456962585449,0.12377426773309708
YGL162W,YKL166C,0,0.52593434,0.3487637937068939,0.6590456962585449,0.12387432157993317
YBR167C,YLR105C,1,0.5250334,0.34910619258880615,0.6600397825241089,0.12387432157993317
YER014C-A,YLR113W,0,0.5247666,0.3489227592945099,0.6600397825241089,0.12397438287734985
YKL053C-A,YLR251W,0,0.52451825,0.34873950481414795,0.6600397825241089,0.12407444417476654
YLL051C,YOR340C,0,0.5236269,0.34855642914772034,0.6600397825241089,0.12417450547218323
YPL200W,YJR040W,0,0.52334505,0.34837356209754944,0.6600397825241089,0.12427456676959991
YHR060W,YMR301C,0,0.521692,0.34819087386131287,0.6600397825241089,0.1243746280670166
YJL134W,YNL182C,0,0.5205918,0.348008394241333,0.6600397825241089,0.12447468191385269
YNL050C,YLL027W,0,0.51856804,0.3478260934352875,0.6600397825241089,0.12457474321126938
YPL213W,YOR304C-A,0,0.5176562,0.34764397144317627,0.6600397825241089,0.12467480450868607
YPR047W,YNL282W,1,0.51582307,0.3479853570461273,0.6610338091850281,0.12467480450868607
YIL020C,YLR016C,0,0.5158169,0.34780335426330566,0.6610338091850281,0.12477486580610275
YDL036C,YGR169C,1,0.51491916,0.3481442630290985,0.6620278358459473,0.12477486580610275
YOR251C,YBL018C,1,0.51482165,0.3484848439693451,0.6630218625068665,0.12477486580610275
YBR230C,YGR118W,0,0.51451945,0.3483028709888458,0.6630218625068665,0.12487492710351944
YKL020C,YFL045C,0,0.51319486,0.3481210768222809,0.6630218625068665,0.12497498840093613
YLR244C,YMR065W,0,0.5131393,0.34793949127197266,0.6630218625068665,0.12507504224777222
YJL030W,YML056C,0,0.51226836,0.34775808453559875,0.6630218625068665,0.1251751035451889
YDR499W,YBR042C,0,0.51185906,0.3475768566131592,0.6630218625068665,0.1252751648426056
YDR296W,YDR353W,0,0.51173276,0.3473958373069763,0.6630218625068665,0.12537522614002228
YGL237C,YBR230C,0,0.5106524,0.3472149968147278,0.6630218625068665,0.12547528743743896
YMR301C,YLR325C,0,0.50951326,0.3470343351364136,0.6630218625068665,0.12557534873485565
YNR028W,YOR294W,0,0.5078335,0.3468538820743561,0.6630218625068665,0.12567541003227234
YFL010W-A,YAL039C,0,0.5073551,0.3466736078262329,0.6630218625068665,0.12577547132968903
YGL014W,YBR281C,0,0.5066916,0.34649351239204407,0.6630218625068665,0.1258755326271057
YJL081C,YML036W,0,0.5058713,0.34631359577178955,0.6630218625068665,0.1259755790233612
YPL030W,YGL236C,1,0.50523734,0.3466528356075287,0.6640158891677856,0.1259755790233612
YKR071C,YBL028C,0,0.5042959,0.3464730381965637,0.6640158891677856,0.1260756403207779
YJL194W,YDR076W,0,0.50425225,0.3462934195995331,0.6640158891677856,0.12617570161819458
YGR216C,YDR138W,0,0.5022769,0.34611397981643677,0.6640158891677856,0.12627576291561127
YPL083C,YKR055W,0,0.5022204,0.34593474864959717,0.6640158891677856,0.12637582421302795
YLR197W,YML097C,0,0.5019929,0.3457556962966919,0.6640158891677856,0.12647588551044464
YJR151C,YKR006C,0,0.5017488,0.34557682275772095,0.6640158891677856,0.12657594680786133
YJR147W,YNL079C,0,0.5017314,0.3453981280326843,0.6640158891677856,0.12667600810527802
YMR005W,YDR229W,0,0.5006387,0.3452196419239044,0.6640158891677856,0.1267760694026947
YLL041C,YGL180W,0,0.50033057,0.34504133462905884,0.6640158891677856,0.1268761307001114
YGL211W,YGR169C,1,0.49933428,0.34537944197654724,0.6650099158287048,0.1268761307001114
YMR049C,YFL048C,0,0.49923658,0.3452012240886688,0.6650099158287048,0.12697619199752808
YKR036C,YGL148W,0,0.49901295,0.3450232148170471,0.6650099158287048,0.12707623839378357
YIL143C,YBR274W,0,0.497145,0.34484535455703735,0.6650099158287048,0.12717629969120026
YMR078C,YGL174W,0,0.4969756,0.3446677029132843,0.6650099158287048,0.12727636098861694
YER022W,YPL011C,0,0.49584246,0.3444902300834656,0.6650099158287048,0.12737642228603363
YDR371W,YPR135W,0,0.4958415,0.3443129062652588,0.6650099158287048,0.12747648358345032
YOR106W,YBL112C,0,0.49552184,0.3441357910633087,0.6650099158287048,0.127576544880867
YBR202W,YFL057C,0,0.49457806,0.34395885467529297,0.6650099158287048,0.1276766061782837
YLR103C,YKR002W,0,0.49454266,0.34378212690353394,0.6650099158287048,0.12777666747570038
YLR383W,YGL169W,0,0.4940557,0.34360554814338684,0.6650099158287048,0.12787672877311707
YOR159C,YLR228C,0,0.493881,0.3434291481971741,0.6650099158287048,0.12797679007053375
YMR227C,YLR344W,0,0.49198472,0.343252956867218,0.6650099158287048,0.12807685136795044
YOR216C,YJL103C,0,0.49180323,0.3430769145488739,0.6650099158287048,0.12817691266536713
YLR151C,YBR192W,0,0.49130857,0.3429010808467865,0.6650099158287048,0.12827695906162262
YIL095W,YMR145C,0,0.4911239,0.34272539615631104,0.6650099158287048,0.1283770203590393
YDR076W,YGL103W,0,0.49069655,0.3425499200820923,0.6650099158287048,0.128477081656456
YGR251W,YOR226C,0,0.49054247,0.34237462282180786,0.6650099158287048,0.12857714295387268
YLR113W,YDR403W,0,0.49015778,0.3421994745731354,0.6650099158287048,0.12867720425128937
YPR189W,YLR105C,0,0.48869395,0.3420245349407196,0.6650099158287048,0.12877726554870605
YBR195C,YDR026C,0,0.48866093,0.34184977412223816,0.6650099158287048,0.12887732684612274
YEL069C,YKL082C,0,0.48840535,0.34167519211769104,0.6650099158287048,0.12897738814353943
YML030W,YMR300C,0,0.48770434,0.34150075912475586,0.6650099158287048,0.12907744944095612
YGR169C,YDR499W,0,0.48604923,0.3413265347480774,0.6650099158287048,0.1291775107383728
YNL147W,YMR059W,1,0.48571855,0.3416624069213867,0.6660040020942688,0.1291775107383728
YHR060W,YDR140W,0,0.48552155,0.3414882719516754,0.6660040020942688,0.1292775720357895
YLR314C,YOR194C,0,0.4851359,0.34131431579589844,0.6660040020942688,0.12937763333320618
YGL170C,YDR451C,0,0.48496622,0.3411405384540558,0.6660040020942688,0.12947767972946167
YJL187C,YDR211W,0,0.4846732,0.3409669101238251,0.6660040020942688,0.12957774102687836
YER150W,YIL042C,0,0.4845444,0.3407934904098511,0.6660040020942688,0.12967780232429504
YGL236C,YGL174W,0,0.48431706,0.340620219707489,0.6660040020942688,0.12977786362171173
YIR005W,YPL208W,0,0.48413092,0.34044715762138367,0.6660040020942688,0.12987792491912842
YNR017W,YGR185C,0,0.48385334,0.34027424454689026,0.6660040020942688,0.1299779862165451
YPR047W,YPL207W,1,0.48320997,0.3406091332435608,0.666998028755188,0.1299779862165451
YAL033W,YLR209C,0,0.48073345,0.34043633937835693,0.666998028755188,0.1300780475139618
YDR245W,YNL032W,0,0.48051727,0.340263694524765,0.666998028755188,0.13017810881137848
YMR117C,YGR084C,0,0.48048306,0.3400912284851074,0.666998028755188,0.13027817010879517
YGR030C,YER168C,1,0.47939396,0.3404255211353302,0.6679920554161072,0.13027817010879517
YBR182C,YMR273C,0,0.47873014,0.34025317430496216,0.6679920554161072,0.13037823140621185
YPR111W,YBR096W,0,0.47741783,0.34008097648620605,0.6679920554161072,0.13047829270362854
YBR170C,YPR152C,0,0.47735333,0.3399089574813843,0.6679920554161072,0.13057835400104523
YPR144C,YJL213W,0,0.47706562,0.3397371172904968,0.6679920554161072,0.13067840039730072
YGL170C,YNL107W,0,0.4763056,0.3395654261112213,0.6679920554161072,0.1307784616947174
YKL078W,YNL006W,0,0.4746254,0.3393939435482025,0.6679920554161072,0.1308785229921341
YML032C,YER145C,0,0.47364318,0.33922260999679565,0.6679920554161072,0.13097858428955078
YDR076W,YER168C,0,0.47196054,0.3390514552593231,0.6679920554161072,0.13107864558696747
YKL166C,YGR118W,0,0.4716274,0.3388804793357849,0.6679920554161072,0.13117870688438416
YKR019C,YHR051W,0,0.47132003,0.33870968222618103,0.6679920554161072,0.13127876818180084
YHR066W,YLR251W,0,0.4711995,0.3385390341281891,0.6679920554161072,0.13137882947921753
YEL040W,YNL290W,0,0.47027266,0.33836859464645386,0.6679920554161072,0.13147889077663422
YDR144C,YPR002W,0,0.4694485,0.3381982743740082,0.6679920554161072,0.1315789520740509
YLL061W,YPL050C,0,0.4689926,0.3380281627178192,0.6679920554161072,0.1316790133714676
YOL102C,YLR016C,0,0.46873903,0.3378582298755646,0.6679920554161072,0.13177907466888428
YDR463W,YML014W,1,0.46826047,0.3381909430027008,0.6689860820770264,0.13177907466888428
YBR129C,YBR243C,0,0.46797693,0.33802109956741333,0.6689860820770264,0.13187912106513977
YMR005W,YDR254W,0,0.4669271,0.3378514051437378,0.6689860820770264,0.13197918236255646
YHR069C,YIL048W,0,0.46645296,0.3376818895339966,0.6689860820770264,0.13207924365997314
YBR271W,YIL159W,0,0.46568143,0.3375125229358673,0.6689860820770264,0.13217930495738983
YJR021C,YGL259W,0,0.46536303,0.33734336495399475,0.6689860820770264,0.13227936625480652
YAL020C,YML014W,1,0.4649613,0.3376753628253937,0.6699801087379456,0.13227936625480652
YAL022C,YKL172W,0,0.46421468,0.3375062644481659,0.6699801087379456,0.1323794275522232
YLR103C,YGR171C,0,0.4634838,0.33733734488487244,0.6699801087379456,0.1324794888496399
YDR083W,YNR002C,0,0.4626813,0.3371685743331909,0.6699801087379456,0.13257955014705658
YHR056C,YBR141C,0,0.46240324,0.3370000123977661,0.6699801087379456,0.13267961144447327
YAL033W,YLR016C,0,0.46223438,0.33683156967163086,0.6699801087379456,0.13277967274188995
YGR145W,YGL030W,0,0.45966917,0.3366633355617523,0.6699801087379456,0.13287973403930664
YOL057W,YGR052W,0,0.45881093,0.3364952504634857,0.6699801087379456,0.13297978043556213
YMR123W,YJR083C,0,0.45817423,0.33632734417915344,0.6699801087379456,0.13307984173297882
YHR214C-B,YDR461W,0,0.45738035,0.3361595869064331,0.6699801087379456,0.1331799030303955
YDR527W,YDR337W,0,0.4572395,0.3359920382499695,0.6699801087379456,0.1332799643278122
YGR030C,YLR105C,1,0.45693326,0.3363228738307953,0.6709741353988647,0.1332799643278122
YPR135W,YPR171W,0,0.45655334,0.33615538477897644,0.6709741353988647,0.13338002562522888
YOR287C,YLR264W,0,0.45597017,0.33598804473876953,0.6709741353988647,0.13348008692264557
YKL078W,YBL076C,0,0.45523167,0.33582088351249695,0.6709741353988647,0.13358014822006226
YOL125W,YER168C,1,0.45399427,0.3361511826515198,0.6719681620597839,0.13358014822006226
YNL153C,YML032C,0,0.45330364,0.33598408102989197,0.6719681620597839,0.13368020951747894
YER165W,YER168C,0,0.45297015,0.3358171880245209,0.6719681620597839,0.13378027081489563
YCR014C,YOL054W,0,0.45293927,0.3356504440307617,0.6719681620597839,0.13388033211231232
YDR064W,YLR024C,0,0.4523499,0.3354838788509369,0.6719681620597839,0.133980393409729
YDR415C,YBR276C,0,0.45203823,0.335317462682724,0.6719681620597839,0.1340804547071457
YLR107W,YNR015W,0,0.45182312,0.33515122532844543,0.6719681620597839,0.13418050110340118
YOR099W,YJR112W,0,0.4517284,0.3349851369857788,0.6719681620597839,0.13428056240081787
YOR106W,YMR143W,0,0.45166063,0.3348192274570465,0.6719681620597839,0.13438062369823456
YCR093W,YKL205W,0,0.45089817,0.33465346693992615,0.6719681620597839,0.13448068499565125
YNL261W,YDR527W,0,0.4506539,0.3344878852367401,0.6719681620597839,0.13458074629306793
YKL038W,YDL021W,0,0.4499799,0.334322452545166,0.6719681620597839,0.13468080759048462
YFL057C,YGL169W,0,0.44893962,0.33415719866752625,0.6719681620597839,0.1347808688879013
YNL102W,YBR170C,0,0.4489159,0.3339920938014984,0.6719681620597839,0.134880930185318
YBR275C,YLR033W,0,0.44783396,0.3338271677494049,0.6719681620597839,0.13498099148273468
YIL128W,YML099C,0,0.4478215,0.33366239070892334,0.6719681620597839,0.13508105278015137
YDR527W,YOR377W,0,0.44763482,0.3334977924823761,0.6719681620597839,0.13518111407756805
YDL033C,YAR008W,1,0.44657332,0.3338264226913452,0.6729622483253479,0.13518111407756805
YDR530C,YAR027W,0,0.44602805,0.33366191387176514,0.6729622483253479,0.13528117537498474
YJL141C,YOL101C,0,0.44594097,0.3334975242614746,0.6729622483253479,0.13538122177124023
YOR148C,YKL175W,0,0.44457662,0.3333333432674408,0.6729622483253479,0.13548128306865692
YEL053C,YGR179C,0,0.44378173,0.33316928148269653,0.6729622483253479,0.1355813443660736
YKR019C,YLR016C,0,0.44308007,0.3330053985118866,0.6729622483253479,0.1356814056634903
YOL112W,YLR009W,0,0.442801,0.332841694355011,0.6729622483253479,0.13578146696090698
YDR378C,YNL147W,1,0.44270253,0.33316951990127563,0.6739562749862671,0.13578146696090698
YER013W,YDR497C,0,0.44247335,0.3330059051513672,0.6739562749862671,0.13588152825832367
YPR144C,YNL267W,0,0.44231617,0.3328424096107483,0.6739562749862671,0.13598158955574036
YER162C,YDL225W,0,0.4415592,0.3326790928840637,0.6739562749862671,0.13608165085315704
YCL014W,YNL274C,0,0.44144452,0.3325159251689911,0.6739562749862671,0.13618171215057373
YNL050C,YGR089W,0,0.44072515,0.3323529362678528,0.6739562749862671,0.13628177344799042
YDR026C,YMR097C,0,0.4375959,0.3321900963783264,0.6739562749862671,0.1363818347454071
YMR112C,YMR295C,0,0.4366781,0.3320274353027344,0.6739562749862671,0.1364818960428238
YOL165C,YML052W,0,0.43653178,0.3318648934364319,0.6739562749862671,0.13658194243907928
YOR216C,YLR390W,0,0.43599367,0.3317025303840637,0.6739562749862671,0.13668200373649597
YMR203W,YLR390W,0,0.43448728,0.3315403461456299,0.6739562749862671,0.13678206503391266
YGR113W,YMR136W,0,0.43428713,0.331378310918808,0.6739562749862671,0.13688212633132935
YER162C,YML006C,0,0.43380457,0.331216424703598,0.6739562749862671,0.13698218762874603
YNL044W,YDL077C,0,0.43061864,0.3310546875,0.6739562749862671,0.13708224892616272
YJR051W,YBL091C-A,0,0.4297135,0.3308931291103363,0.6739562749862671,0.1371823102235794
YNR018W,YCL025C,0,0.4279076,0.33073171973228455,0.6739562749862671,0.1372823715209961
YNR057C,YIR005W,0,0.42765814,0.3305704593658447,0.6739562749862671,0.13738243281841278
YDR423C,YKL180W,0,0.4270764,0.33040934801101685,0.6739562749862671,0.13748249411582947
YFR018C,YOL062C,0,0.42705828,0.3302484154701233,0.6739562749862671,0.13758255541324615
YPR137W,YLR160C,0,0.42621088,0.3300876319408417,0.6739562749862671,0.13768261671066284
YBR115C,YLL017W,0,0.4258052,0.329926997423172,0.6739562749862671,0.13778266310691833
YDL015C,YNL070W,0,0.42518902,0.32976654171943665,0.6739562749862671,0.13788272440433502
YBR223C,YCR011C,0,0.42495227,0.32960623502731323,0.6739562749862671,0.1379827857017517
YOR071C,YML039W,0,0.4228598,0.32944607734680176,0.6739562749862671,0.1380828469991684
YGR177C,YCR052W,0,0.42230743,0.3292860686779022,0.6739562749862671,0.13818290829658508
YDL055C,YNL335W,0,0.421304,0.3291262090206146,0.6739562749862671,0.13828296959400177
YJL172W,YKL067W,0,0.42119038,0.32896652817726135,0.6739562749862671,0.13838303089141846
YLR244C,YEL029C,0,0.41992736,0.32880699634552,0.6739562749862671,0.13848309218883514
YGR169C,YDR476C,0,0.41900754,0.3286476135253906,0.6739562749862671,0.13858315348625183
YMR005W,YOR324C,0,0.4183423,0.32848837971687317,0.6739562749862671,0.13868321478366852
YIL143C,YNL282W,0,0.41807845,0.32832929491996765,0.6739562749862671,0.1387832760810852
YDL036C,YGL092W,1,0.41738605,0.328654408454895,0.6749503016471863,0.1387832760810852
YDL033C,YLR384C,1,0.41722095,0.3289791941642761,0.6759443283081055,0.1387832760810852
YOR301W,YDR414C,0,0.4167896,0.3288201093673706,0.6759443283081055,0.1388833373785019
YBR222C,YPL208W,0,0.4158368,0.3286612033843994,0.6759443283081055,0.13898338377475739
YGR169C,YER104W,0,0.41546306,0.3285024166107178,0.6759443283081055,0.13908344507217407
YNR021W,YJL192C,0,0.41535684,0.32834380865097046,0.6759443283081055,0.13918350636959076
YGL232W,YBL024W,1,0.41468924,0.3286679685115814,0.6769383549690247,0.13918350636959076
YNL163C,YGL050W,0,0.41386986,0.3285094201564789,0.6769383549690247,0.13928356766700745
YBR260C,YGL172W,0,0.41380176,0.3283510208129883,0.6769383549690247,0.13938362896442413
YDR082W,YMR065W,0,0.41224265,0.3281927704811096,0.6769383549690247,0.13948369026184082
YNL044W,YPR001W,0,0.41198412,0.3280346691608429,0.6769383549690247,0.1395837515592575
YDR030C,YNL010W,0,0.41136876,0.3278767466545105,0.6769383549690247,0.1396838128566742
YDR167W,YER046W,0,0.41129822,0.32771897315979004,0.6769383549690247,0.13978387415409088
YGL172W,YOR239W,0,0.41094023,0.32756131887435913,0.6769383549690247,0.13988393545150757
YOL108C,YHR057C,0,0.41002253,0.32740384340286255,0.6769383549690247,0.13998399674892426
YMR296C,YKR069W,0,0.40986168,0.3272465169429779,0.6769383549690247,0.14008404314517975
YDR159W,YDR497C,0,0.4097929,0.3270893394947052,0.6769383549690247,0.14018410444259644
YKR006C,YHR008C,0,0.40971124,0.32693231105804443,0.6769383549690247,0.14028416574001312
YOR287C,YKR068C,0,0.40937197,0.3267754316329956,0.6769383549690247,0.1403842270374298
YGL094C,YNL175C,0,0.40893847,0.3266187012195587,0.6769383549690247,0.1404842883348465
YAL033W,YPL098C,0,0.40768817,0.32646211981773376,0.6769383549690247,0.14058434963226318
YLR020C,YBR129C,0,0.407665,0.32630568742752075,0.6769383549690247,0.14068441092967987
YOL086C,YJR147W,0,0.40747744,0.32614943385124207,0.6769383549690247,0.14078447222709656
YOR159C,YAL054C,0,0.40731382,0.32599329948425293,0.6769383549690247,0.14088453352451324
YLL033W,YPR163C,0,0.4064887,0.32583731412887573,0.6769383549690247,0.14098459482192993
YDR423C,YBR061C,0,0.4060608,0.3256814777851105,0.6769383549690247,0.14108465611934662
YPL273W,YBL085W,0,0.40574738,0.32552582025527954,0.6769383549690247,0.1411847174167633
YDL051W,YGR169C,1,0.4052526,0.3258480727672577,0.6779323816299438,0.1411847174167633
YGR095C,YER046W,0,0.4021966,0.32569244503974915,0.6779323816299438,0.1412847638130188
YGL122C,YMR179W,0,0.40183097,0.3255369961261749,0.6779323816299438,0.14138482511043549
YOL086C,YBR037C,0,0.4017043,0.32538166642189026,0.6779323816299438,0.14148488640785217
YIL128W,YGR034W,0,0.40134448,0.3252265155315399,0.6779323816299438,0.14158494770526886
YOR054C,YCL052C,0,0.4007396,0.3250714838504791,0.6779323816299438,0.14168500900268555
YDR170C,YNL182C,0,0.39978173,0.32491663098335266,0.6779323816299438,0.14178507030010223
YHR109W,YAL039C,0,0.39837703,0.32476189732551575,0.6779323816299438,0.14188513159751892
YNL062C,YGR024C,1,0.39771208,0.32508328557014465,0.6789264678955078,0.14188513159751892
YDR144C,YLR107W,0,0.39709422,0.3249286413192749,0.6789264678955078,0.1419851928949356
YER138C,YOR311C,0,0.39678684,0.3247741460800171,0.6789264678955078,0.1420852541923523
YGR113W,YMR172W,0,0.39663693,0.32461977005004883,0.6789264678955078,0.14218531548976898
YOL141W,YNL283C,0,0.39601755,0.3244655728340149,0.6789264678955078,0.14228537678718567
YBR155W,YNR013C,0,0.39586806,0.3243114948272705,0.6789264678955078,0.14238543808460236
YLR191W,YKR028W,0,0.39486384,0.32415756583213806,0.6789264678955078,0.14248548448085785
YDL107W,YOR378W,0,0.3945436,0.32400378584861755,0.6789264678955078,0.14258554577827454
YPR182W,YLR145W,0,0.39398044,0.323850154876709,0.6789264678955078,0.14268560707569122
YBR118W,YLR268W,0,0.39341265,0.32369667291641235,0.6789264678955078,0.1427856683731079
YGR276C,YPL207W,1,0.39190856,0.3240170478820801,0.679920494556427,0.1427856683731079
YLR353W,YBR074W,0,0.39187944,0.3238636255264282,0.679920494556427,0.1428857296705246
YNL044W,YLR309C,0,0.39151403,0.3237103521823883,0.679920494556427,0.14298579096794128
YMR308C,YHR057C,0,0.3914501,0.3235572278499603,0.679920494556427,0.14308585226535797
YEL022W,YER190W,0,0.39102957,0.3234042525291443,0.679920494556427,0.14318591356277466
YDR498C,YMR246W,0,0.39084917,0.3232514262199402,0.679920494556427,0.14328597486019135
YIR015W,YGL092W,1,0.38990635,0.3235710859298706,0.6809145212173462,0.14328597486019135
YGL172W,YKL022C,0,0.38946193,0.3234183192253113,0.6809145212173462,0.14338603615760803
YER151C,YLR224W,0,0.38913754,0.3232657015323639,0.6809145212173462,0.14348609745502472
YGL014W,YBL092W,0,0.38659585,0.32311320304870605,0.6809145212173462,0.1435861587524414
YLR129W,YMR228W,0,0.38520712,0.32296085357666016,0.6809145212173462,0.1436862051486969
YER171W,YPL027W,0,0.3850163,0.3228086829185486,0.6809145212173462,0.1437862664461136
YNL307C,YDR173C,0,0.38437825,0.32265663146972656,0.6809145212173462,0.14388632774353027
YDR383C,YMR270C,0,0.38319057,0.3225046992301941,0.6809145212173462,0.14398638904094696
YIL020C,YLR264W,0,0.3825543,0.32235294580459595,0.6809145212173462,0.14408645033836365
YLR289W,YGR144W,0,0.38190475,0.32220131158828735,0.6809145212173462,0.14418651163578033
YGL112C,YER171W,0,0.38122618,0.3220498263835907,0.6809145212173462,0.14428657293319702
YJR057W,YOR148C,0,0.38031197,0.321898490190506,0.6809145212173462,0.1443866342306137
YOR304C-A,YJL178C,0,0.37882698,0.3217473030090332,0.6809145212173462,0.1444866955280304
YOL145C,YDR310C,0,0.37868163,0.32159623503685,0.6809145212173462,0.14458675682544708
YJR022W,YPL086C,1,0.37868124,0.32191458344459534,0.6819085478782654,0.14458675682544708
YOR106W,YDR416W,0,0.37809104,0.3217636048793793,0.6819085478782654,0.14468681812286377
YMR146C,YDR364C,0,0.3773281,0.32161274552345276,0.6819085478782654,0.14478687942028046
YGR144W,YPR001W,0,0.3770764,0.3214620351791382,0.6819085478782654,0.14488692581653595
YGR225W,YIL079C,0,0.37673506,0.32131147384643555,0.6819085478782654,0.14498698711395264
YLR129W,YPR152C,0,0.37646076,0.32116106152534485,0.6819085478782654,0.14508704841136932
YMR117C,YOR168W,0,0.37512252,0.3210107684135437,0.6819085478782654,0.145187109708786
YER052C,YFL023W,0,0.37410718,0.3208606243133545,0.6819085478782654,0.1452871710062027
YPR047W,YML080W,1,0.37343562,0.3211781084537506,0.6829025745391846,0.1452871710062027
YJR036C,YML006C,0,0.37174106,0.3210280239582062,0.6829025745391846,0.14538723230361938
YGR081C,YBL058W,0,0.37059343,0.3208780884742737,0.6829025745391846,0.14548729360103607
YPL042C,YPL110C,0,0.37014678,0.3207283020019531,0.6829025745391846,0.14558735489845276
YDL128W,YER104W,0,0.37005728,0.3205786347389221,0.6829025745391846,0.14568741619586945
YPL223C,YGL256W,0,0.36991197,0.32042911648750305,0.6829025745391846,0.14578747749328613
YOR243C,YJL200C,0,0.36933267,0.32027971744537354,0.6829025745391846,0.14588753879070282
YFR029W,YDL028C,0,0.36931145,0.32013046741485596,0.6829025745391846,0.1459875851869583
YNL147W,YGR024C,1,0.3678009,0.3204471468925476,0.6838966012001038,0.1459875851869583
YOL141W,YDR195W,0,0.36724028,0.3202979564666748,0.6838966012001038,0.146087646484375
YDR072C,YLR350W,0,0.36648738,0.32014891505241394,0.6838966012001038,0.1461877077817917
YGL010W,YBR129C,0,0.3655664,0.3199999928474426,0.6838966012001038,0.14628776907920837
YML097C,YMR246W,0,0.36477846,0.31985121965408325,0.6838966012001038,0.14638783037662506
YGR081C,YDL227C,0,0.36466268,0.3197025954723358,0.6838966012001038,0.14648789167404175
YDR512C,YKR054C,0,0.36433658,0.3195541203022003,0.6838966012001038,0.14658795297145844
YER151C,YLL061W,0,0.36334378,0.31940576434135437,0.6838966012001038,0.14668801426887512
YLR203C,YDL133C-A,0,0.36319047,0.319257527589798,0.6838966012001038,0.1467880755662918
YLL051C,YKL082C,0,0.3631259,0.3191094696521759,0.6838966012001038,0.1468881368637085
YDR137W,YJL006C,0,0.3619259,0.3189615309238434,0.6838966012001038,0.14698819816112518
YBR120C,YIL132C,0,0.36073047,0.3188137114048004,0.6838966012001038,0.14708825945854187
YGR034W,YCL025C,0,0.36057687,0.3186660408973694,0.6838966012001038,0.14718830585479736
YFL048C,YKL022C,0,0.3599988,0.3185185194015503,0.6838966012001038,0.14728836715221405
YBR260C,YMR112C,0,0.35950327,0.31837111711502075,0.6838966012001038,0.14738842844963074
YFL001W,YBR022W,1,0.3593896,0.3186863958835602,0.684890627861023,0.14738842844963074
YGR145W,YMR180C,0,0.35889477,0.3185390532016754,0.684890627861023,0.14748848974704742
YER137C,YDR508C,0,0.35776561,0.3183918595314026,0.684890627861023,0.1475885510444641
YER022W,YJL024C,0,0.3570911,0.3182448148727417,0.684890627861023,0.1476886123418808
YMR039C,YBR072W,0,0.35678646,0.31809788942337036,0.684890627861023,0.14778867363929749
YOR212W,YOL052C,0,0.35598618,0.3179510831832886,0.684890627861023,0.14788873493671417
YOL155C,YOR226C,0,0.35450408,0.3178044259548187,0.684890627861023,0.14798879623413086
YJL134W,YCR046C,0,0.35443676,0.3176579177379608,0.684890627861023,0.14808885753154755
YMR089C,YJL079C,0,0.35416263,0.31751152873039246,0.684890627861023,0.14818891882896423
YDR072C,YPL208W,0,0.35351604,0.31736525893211365,0.684890627861023,0.14828898012638092
YPR187W,YDR310C,0,0.35293534,0.3172191381454468,0.684890627861023,0.1483890265226364
YCR014C,YPL252C,0,0.35264194,0.31707316637039185,0.684890627861023,0.1484890878200531
YOR168W,YDR059C,0,0.3516147,0.31692731380462646,0.684890627861023,0.1485891491174698
YLR295C,YNL231C,0,0.3514223,0.316781610250473,0.684890627861023,0.14868921041488647
YBR238C,YBR010W,0,0.35125226,0.31663602590560913,0.684890627861023,0.14878927171230316
YLR316C,YMR023C,1,0.35102803,0.3169499337673187,0.6858847141265869,0.14878927171230316
YJR092W,YKR008W,0,0.34944403,0.3168044090270996,0.6858847141265869,0.14888933300971985
YJR082C,YLR264W,0,0.34931046,0.31665900349617004,0.6858847141265869,0.14898939430713654
YOL141W,YBL018C,1,0.34855032,0.3169724643230438,0.6868787407875061,0.14898939430713654
YOL052C,YGR246C,0,0.34827888,0.3168271481990814,0.6868787407875061,0.14908945560455322
YLR353W,YOR355W,0,0.3479072,0.31668195128440857,0.6868787407875061,0.1491895169019699
YMR097C,YPL139C,0,0.34755868,0.31653687357902527,0.6868787407875061,0.1492895781993866
YPL101W,YOL066C,1,0.34695974,0.31684982776641846,0.6878727674484253,0.1492895781993866
YKL110C,YNL147W,1,0.34494922,0.31716248393058777,0.6888667941093445,0.1492895781993866
YGR246C,YNR044W,0,0.3446312,0.3170173764228821,0.6888667941093445,0.14938963949680328
YNL147W,YLR321C,0,0.34390327,0.31687241792678833,0.6888667941093445,0.14948970079421997
YDR383C,YBR243C,0,0.34386128,0.3167276084423065,0.6888667941093445,0.14958974719047546
YJL200C,YGR179C,0,0.34280312,0.31658291816711426,0.6888667941093445,0.14968980848789215
YLR160C,YJR112W,0,0.3426287,0.31643834710121155,0.6888667941093445,0.14978986978530884
YAL022C,YKR035W-A,0,0.34121004,0.3162939250469208,0.6888667941093445,0.14988993108272552
YGL232W,YMR059W,1,0.3410817,0.3166058361530304,0.6898608207702637,0.14988993108272552
YMR087W,YGR200C,1,0.34085837,0.3169174790382385,0.6908548474311829,0.14988993108272552
YDR332W,YLR325C,0,0.34013104,0.31677302718162537,0.6908548474311829,0.1499899923801422
YMR087W,YKR079C,1,0.34007874,0.31708428263664246,0.6918489336967468,0.1499899923801422
YMR238W,YGL212W,0,0.3392492,0.3169398903846741,0.6918489336967468,0.1500900536775589
YKL130C,YBL026W,0,0.3379172,0.31679561734199524,0.6918489336967468,0.15019011497497559
YLR024C,YMR246W,0,0.3358525,0.31665149331092834,0.6918489336967468,0.15029017627239227
YLR203C,YFR001W,0,0.33532417,0.3165075182914734,0.6918489336967468,0.15039023756980896
YPR001W,YDR364C,0,0.33515173,0.3163636326789856,0.6918489336967468,0.15049029886722565
YMR300C,YJL006C,0,0.33490294,0.31621989607810974,0.6918489336967468,0.15059036016464233
YKL174C,YDR245W,0,0.33464384,0.3160763084888458,0.6918489336967468,0.15069042146205902
YGR036C,YMR194W,0,0.33445072,0.3159328103065491,0.6918489336967468,0.15079046785831451
YER050C,YDR353W,0,0.33405936,0.31578946113586426,0.6918489336967468,0.1508905291557312
YNL052W,YMR075W,0,0.33402437,0.3156462609767914,0.6918489336967468,0.1509905904531479
YPL134C,YMR032W,0,0.3336165,0.31550318002700806,0.6918489336967468,0.15109065175056458
YLR316C,YOR274W,1,0.33311832,0.3158133327960968,0.692842960357666,0.15109065175056458
YGR024C,YLR438C-A,1,0.33235663,0.31612318754196167,0.6938369870185852,0.15109065175056458
YGR030C,YML005W,1,0.3311203,0.31643277406692505,0.6948310136795044,0.15109065175056458
YNL232W,YLR213C,0,0.33098304,0.31628960371017456,0.6948310136795044,0.15119071304798126
YER125W,YGL063W,1,0.33078763,0.3165988326072693,0.6958250403404236,0.15119071304798126
YCR060W,YNR021W,0,0.330521,0.3164556920528412,0.6958250403404236,0.15129077434539795
YGL243W,YGL063W,1,0.3300041,0.31676456332206726,0.6968190670013428,0.15129077434539795
YDR030C,YKL166C,0,0.329843,0.3166215121746063,0.6968190670013428,0.15139083564281464
YFR031C,YBR187W,0,0.32753682,0.31647855043411255,0.6968190670013428,0.15149089694023132
YDL036C,YPR198W,0,0.3263139,0.3163357377052307,0.6968190670013428,0.151590958237648
YNL238W,YMR075W,0,0.32621926,0.3161930441856384,0.6968190670013428,0.1516910195350647
YGL209W,YEL037C,0,0.32525975,0.3160504996776581,0.6968190670013428,0.15179108083248138
YKL074C,YMR114C,0,0.32358974,0.3159080743789673,0.6968190670013428,0.15189114212989807
YJR021C,YHR135C,0,0.3235824,0.31576576828956604,0.6968190670013428,0.15199118852615356
YBL018C,YER168C,1,0.32351914,0.31607383489608765,0.697813093662262,0.15199118852615356
YJL187C,YJL095W,0,0.32276598,0.3159315884113312,0.697813093662262,0.15209124982357025
YIL076W,YMR229C,0,0.32270885,0.31578946113586426,0.697813093662262,0.15219131112098694
YPL099C,YJR032W,0,0.32254398,0.3156474828720093,0.697813093662262,0.15229137241840363
YKL217W,YDR064W,0,0.32185245,0.31550562381744385,0.697813093662262,0.1523914337158203
YOR206W,YOR147W,0,0.3215282,0.31536388397216797,0.697813093662262,0.152491495013237
YNR004W,YBL098W,0,0.32028812,0.31522226333618164,0.697813093662262,0.1525915563106537
YKL165C,YKL001C,0,0.3174278,0.31508079171180725,0.697813093662262,0.15269161760807037
YER168C,YJR112W,0,0.31686974,0.3149394392967224,0.697813093662262,0.15279167890548706
YBR167C,YLR316C,1,0.3160761,0.3152466416358948,0.6988071799278259,0.15279167890548706
YLR383W,YIR032C,0,0.31445855,0.3151053488254547,0.6988071799278259,0.15289174020290375
YMR176W,YDR404C,0,0.31431332,0.3149641454219818,0.6988071799278259,0.15299180150032043
YIL128W,YOR216C,0,0.31325236,0.31482312083244324,0.6988071799278259,0.15309184789657593
YDR090C,YGR179C,0,0.3124569,0.3146821856498718,0.6988071799278259,0.15319190919399261
YGR081C,YOR292C,0,0.3124079,0.31454139947891235,0.6988071799278259,0.1532919704914093
YGR225W,YCR052W,0,0.31058526,0.31440070271492004,0.6988071799278259,0.153392031788826
YPR194C,YGL169W,0,0.3091129,0.31426018476486206,0.6988071799278259,0.15349209308624268
YMR089C,YNL078W,0,0.30839378,0.31411975622177124,0.6988071799278259,0.15359215438365936
YLR203C,YER098W,0,0.30830586,0.31397944688796997,0.6988071799278259,0.15369221568107605
YKL144C,YDR472W,0,0.30804387,0.31383928656578064,0.6988071799278259,0.15379227697849274
YPL213W,YGR034W,0,0.30761284,0.31369924545288086,0.6988071799278259,0.15389233827590942
YEL022W,YDL170W,0,0.3071472,0.31355932354927063,0.6988071799278259,0.1539923995733261
YGL083W,YDR064W,0,0.3063442,0.31341952085494995,0.6988071799278259,0.1540924608707428
YJR057W,YBR095C,0,0.30605912,0.3132798671722412,0.6988071799278259,0.15419252216815948
YGR282C,YGL209W,0,0.3056306,0.31314030289649963,0.6988071799278259,0.15429256856441498
YJR112W,YGL071W,0,0.3055734,0.31300088763237,0.6988071799278259,0.15439262986183167
YLR244C,YGL019W,0,0.3050071,0.3128615915775299,0.6988071799278259,0.15449269115924835
YFR029W,YKR054C,0,0.30223167,0.31272241473197937,0.6988071799278259,0.15459275245666504
YDR460W,YDL148C,0,0.30127248,0.3125833570957184,0.6988071799278259,0.15469281375408173
YER049W,YPL064C,0,0.3011711,0.31244444847106934,0.6988071799278259,0.1547928750514984
YDL246C,YNL232W,0,0.3009939,0.31230562925338745,0.6988071799278259,0.1548929363489151
YDR090C,YKL166C,0,0.30091083,0.3121669590473175,0.6988071799278259,0.1549929976463318
YOR292C,YOR187W,0,0.30064583,0.3120284080505371,0.6988071799278259,0.15509305894374847
YBR141C,YDR508C,0,0.2997511,0.31188997626304626,0.6988071799278259,0.15519312024116516
YPR144C,YOR148C,0,0.29933476,0.31175166368484497,0.6988071799278259,0.15529318153858185
YGR185C,YOR338W,0,0.29811347,0.3116134703159332,0.6988071799278259,0.15539324283599854
YLR404W,YMR159C,0,0.29806858,0.31147539615631104,0.6988071799278259,0.15549328923225403
YPR080W,YIL170W,0,0.29782856,0.3113374710083008,0.6988071799278259,0.15559335052967072
YDR172W,YDR240C,0,0.29778257,0.3111996352672577,0.6988071799278259,0.1556934118270874
YBR042C,YDR138W,0,0.29771793,0.31106194853782654,0.6988071799278259,0.1557934731245041
YBR195C,YKL180W,0,0.29764426,0.31092438101768494,0.6988071799278259,0.15589353442192078
YEL053C,YGL148W,0,0.2973085,0.3107869029045105,0.6988071799278259,0.15599359571933746
YGL094C,YOR239W,0,0.29726517,0.310649573802948,0.6988071799278259,0.15609365701675415
YBR260C,YDR245W,0,0.29667193,0.31051236391067505,0.6988071799278259,0.15619371831417084
YKL217W,YGL062W,0,0.2965461,0.31037527322769165,0.6988071799278259,0.15629377961158752
YJL011C,YNL284C,0,0.29601377,0.3102383017539978,0.6988071799278259,0.1563938409090042
YGL225W,YJR053W,0,0.2953058,0.3101014494895935,0.6988071799278259,0.1564939022064209
YLL034C,YFR045W,0,0.29511052,0.30996471643447876,0.6988071799278259,0.15659396350383759
YOR283W,YAL063C,0,0.29468066,0.30982813239097595,0.6988071799278259,0.15669400990009308
YJL178C,YDR218C,0,0.29374462,0.3096916377544403,0.6988071799278259,0.15679407119750977
YMR304W,YBR072W,0,0.29294863,0.3095552623271942,0.6988071799278259,0.15689413249492645
YNL163C,YPR083W,0,0.29275095,0.30941900610923767,0.6988071799278259,0.15699419379234314
YOR324C,YOR355W,0,0.29192418,0.30928289890289307,0.6988071799278259,0.15709425508975983
YNL050C,YOR204W,0,0.291275,0.3091468811035156,0.6988071799278259,0.1571943163871765
YMR123W,YOR084W,0,0.29114616,0.30901098251342773,0.6988071799278259,0.1572943776845932
YPL244C,YDL170W,0,0.29095894,0.3088752329349518,0.6988071799278259,0.1573944389820099
YIL035C,YNL080C,0,0.29002997,0.308739572763443,0.6988071799278259,0.15749450027942657
YDR351W,YNL262W,0,0.2898427,0.30860403180122375,0.6988071799278259,0.15759456157684326
YER190W,YER115C,0,0.2898084,0.30846863985061646,0.6988071799278259,0.15769462287425995
YBR002C,YDR081C,0,0.2892227,0.3083333373069763,0.6988071799278259,0.15779468417167664
YLR291C,YBR129C,0,0.28784567,0.30819815397262573,0.6988071799278259,0.15789473056793213
YMR020W,YBL098W,0,0.28755632,0.3080630898475647,0.6988071799278259,0.15799479186534882
YIR038C,YLR073C,0,0.28624868,0.3079281747341156,0.6988071799278259,0.1580948531627655
YML112W,YJL225C,0,0.28620237,0.30779334902763367,0.6988071799278259,0.1581949144601822
YNL147W,YBR074W,0,0.28602856,0.3076586425304413,0.6988071799278259,0.15829497575759888
YBR026C,YDL148C,0,0.28569445,0.30752405524253845,0.6988071799278259,0.15839503705501556
YPL213W,YBR096W,0,0.2851448,0.30738958716392517,0.6988071799278259,0.15849509835243225
YGL226C-A,YJR063W,0,0.28369635,0.30725523829460144,0.6988071799278259,0.15859515964984894
YDR415C,YBL034C,0,0.28313988,0.30712100863456726,0.6988071799278259,0.15869522094726562
YMR238W,YLL017W,0,0.28147218,0.30698689818382263,0.6988071799278259,0.1587952822446823
YPR113W,YLR278C,0,0.28143388,0.30685290694236755,0.6988071799278259,0.158895343542099
YMR168C,YOR311C,0,0.28088194,0.306719034910202,0.6988071799278259,0.1589953899383545
YNL273W,YBR222C,0,0.27923757,0.30658525228500366,0.6988071799278259,0.15909545123577118
YOR378W,YIL035C,0,0.27915424,0.30645161867141724,0.6988071799278259,0.15919551253318787
YDR460W,YOR327C,0,0.278659,0.306318074464798,0.6988071799278259,0.15929557383060455
YBR276C,YKR068C,0,0.27817643,0.30618467926979065,0.6988071799278259,0.15939563512802124
YOR317W,YGL148W,0,0.2780495,0.3060513734817505,0.6988071799278259,0.15949569642543793
YPL200W,YOL136C,0,0.27781853,0.3059181869029999,0.6988071799278259,0.15959575772285461
YDR414C,YDL070W,0,0.27757215,0.3057851195335388,0.6988071799278259,0.1596958190202713
YLR182W,YBL068W,0,0.27675575,0.3056521713733673,0.6988071799278259,0.159795880317688
YLR043C,YPL027W,0,0.2764133,0.30551934242248535,0.6988071799278259,0.15989594161510468
YGL162W,YDL061C,0,0.2763513,0.30538663268089294,0.6988071799278259,0.15999600291252136
YLR025W,YGL113W,0,0.27520132,0.3052540123462677,0.6988071799278259,0.16009606420993805
YCR057C,YLL055W,0,0.27514008,0.3051215410232544,0.6988071799278259,0.16019611060619354
YBL018C,YJL035C,1,0.2745121,0.30542299151420593,0.6998012065887451,0.16019611060619354
YGR024C,YPL212C,1,0.27317202,0.30572420358657837,0.7007952332496643,0.16019611060619354
YHR041C,YDR337W,0,0.2726623,0.3055916726589203,0.7007952332496643,0.16029617190361023
YOL090W,YBL089W,0,0.27234346,0.30545926094055176,0.7007952332496643,0.16039623320102692
YKL186C,YDR138W,0,0.27008778,0.3053269684314728,0.7007952332496643,0.1604962944984436
YDR254W,YGL030W,0,0.27000344,0.30519479513168335,0.7007952332496643,0.1605963557958603
YOR292C,YNL006W,0,0.26983422,0.30506274104118347,0.7007952332496643,0.16069641709327698
YOR378W,YKL082C,0,0.26865885,0.30493080615997314,0.7007952332496643,0.16079647839069366
YJR057W,YMR218C,0,0.26754618,0.30479896068573,0.7007952332496643,0.16089653968811035
YPL180W,YGR216C,0,0.2665339,0.30466723442077637,0.7007952332496643,0.16099660098552704
YLL061W,YNL298W,0,0.26650095,0.3045356273651123,0.7007952332496643,0.16109666228294373
YJL200C,YIR005W,0,0.26636043,0.3044041395187378,0.7007952332496643,0.1611967235803604
YGR081C,YOR054C,0,0.26543647,0.30427277088165283,0.7007952332496643,0.1612967848777771
YDL006W,YLR316C,1,0.2653669,0.3045729100704193,0.7017892599105835,0.1612967848777771
YHR047C,YBR096W,0,0.2647528,0.30444157123565674,0.7017892599105835,0.1613968312740326
YOR243C,YER190W,0,0.26440242,0.3043103516101837,0.7017892599105835,0.16149689257144928
YOL102C,YGR169C,1,0.26402628,0.30461007356643677,0.7027832865715027,0.16149689257144928
YKR054C,YAL022C,0,0.26339808,0.30447888374328613,0.7027832865715027,0.16159695386886597
YBR145W,YJR034W,0,0.2630892,0.30434781312942505,0.7027832865715027,0.16169701516628265
YMR284W,YML080W,0,0.26181373,0.3042168617248535,0.7027832865715027,0.16179707646369934
YNL044W,YMR093W,0,0.2613272,0.30408602952957153,0.7027832865715027,0.16189713776111603
YOR304C-A,YBR042C,0,0.2606992,0.3039552867412567,0.7027832865715027,0.16199719905853271
YLR384C,YAL033W,1,0.26067626,0.304254412651062,0.7037773132324219,0.16199719905853271
YCR052W,YER171W,0,0.2601363,0.3041236996650696,0.7037773132324219,0.1620972603559494
YDR281C,YLR050C,0,0.25944313,0.3039931356906891,0.7037773132324219,0.1621973216533661
YOR074C,YNL267W,0,0.2580701,0.30386266112327576,0.7037773132324219,0.16229738295078278
YDR460W,YNL070W,0,0.2577017,0.303732305765152,0.7037773132324219,0.16239744424819946
YDR414C,YMR065W,0,0.25701976,0.30360206961631775,0.7037773132324219,0.16249750554561615
YPL200W,YLL004W,0,0.2563895,0.3034719228744507,0.7037773132324219,0.16259755194187164
YLR244C,YLR024C,0,0.25614464,0.30334189534187317,0.7037773132324219,0.16269761323928833
YEL069C,YER055C,0,0.25532112,0.3032119870185852,0.7037773132324219,0.16279767453670502
YMR033W,YNL080C,0,0.2548042,0.3030821979045868,0.7037773132324219,0.1628977358341217
YDR389W,YAR035W,0,0.25357732,0.30295249819755554,0.7037773132324219,0.1629977971315384
YLR380W,YOL090W,0,0.25312424,0.30282291769981384,0.7037773132324219,0.16309785842895508
YEL022W,YLL012W,0,0.2528032,0.3026934564113617,0.7037773132324219,0.16319791972637177
YER050C,YKL007W,0,0.25205666,0.3025641143321991,0.7037773132324219,0.16329798102378845
YGL232W,YPL212C,1,0.25201464,0.3028620183467865,0.7047713994979858,0.16329798102378845
YBL052C,YNL259C,0,0.25135958,0.3027327060699463,0.7047713994979858,0.16339804232120514
YOR297C,YLR312W-A,0,0.25095606,0.30260351300239563,0.7047713994979858,0.16349810361862183
YDR498C,YNL238W,0,0.25075576,0.30247440934181213,0.7047713994979858,0.1635981649160385
YOR378W,YOR142W,0,0.25073984,0.3023454248905182,0.7047713994979858,0.1636982262134552
YKL009W,YJL081C,0,0.25058794,0.3022165298461914,0.7047713994979858,0.1637982726097107
YOL026C,YLL017W,0,0.25003552,0.30208778381347656,0.7047713994979858,0.16389833390712738
YOR251C,YPL212C,1,0.2499229,0.30238500237464905,0.705765426158905,0.16389833390712738
YLR244C,YGR036C,0,0.24951994,0.3022562861442566,0.705765426158905,0.16399839520454407
YMR241W,YLR025W,0,0.24884498,0.3021276593208313,0.705765426158905,0.16409845650196075
YER050C,YKL041W,0,0.24832189,0.30199915170669556,0.705765426158905,0.16419851779937744
YBR074W,YDR404C,0,0.24720499,0.301870733499527,0.705765426158905,0.16429857909679413
YPL150W,YGR229C,0,0.2470144,0.30174246430397034,0.705765426158905,0.16439864039421082
YEL052W,YJR021C,0,0.24669528,0.30161428451538086,0.705765426158905,0.1644987016916275
YGL211W,YNL282W,1,0.24643773,0.3019108176231384,0.7067594528198242,0.1644987016916275
YLL034C,YNR044W,0,0.24574798,0.30178266763687134,0.7067594528198242,0.1645987629890442
YOR237W,YOL062C,0,0.24561602,0.3016546368598938,0.7067594528198242,0.16469882428646088
YDR079W,YPR006C,0,0.24438849,0.3015267252922058,0.7067594528198242,0.16479888558387756
YEL053C,YPR138C,0,0.24423715,0.301398903131485,0.7067594528198242,0.16489893198013306
YJL130C,YHR119W,0,0.24267328,0.3012712001800537,0.7067594528198242,0.16499899327754974
YHR066W,YKR006C,0,0.24267149,0.3011435866355896,0.7067594528198242,0.16509905457496643
YMR269W,YKL003C,0,0.2399483,0.30101609230041504,0.7067594528198242,0.16519911587238312
YGL209W,YBR096W,0,0.23927277,0.30088868737220764,0.7067594528198242,0.1652991771697998
YJR082C,YDR285W,0,0.2392013,0.3007614314556122,0.7067594528198242,0.1653992384672165
YIL046W,YHR039C-A,0,0.23600852,0.3006342351436615,0.7067594528198242,0.16549929976463318
YJL191W,YFL017W-A,0,0.23532742,0.30050718784332275,0.7067594528198242,0.16559936106204987
YJR036C,YML097C,0,0.23502627,0.30038022994995117,0.7067594528198242,0.16569942235946655
YGR085C,YDL215C,0,0.234397,0.30025339126586914,0.7067594528198242,0.16579948365688324
YGR225W,YBR093C,0,0.2343902,0.3001266419887543,0.7067594528198242,0.16589954495429993
YPL147W,YGR105W,0,0.23399192,0.30000001192092896,0.7067594528198242,0.1659996062517166
YGR276C,YNL282W,1,0.23369679,0.30029523372650146,0.7077534794807434,0.1659996062517166
YIL083C,YGR134W,0,0.23343891,0.30016863346099854,0.7077534794807434,0.1660996526479721
YIL139C,YER130C,0,0.2332308,0.30004215240478516,0.7077534794807434,0.1661997139453888
YDR351W,YOR085W,0,0.23260152,0.29991576075553894,0.7077534794807434,0.16629977524280548
YKL203C,YDL077C,0,0.2324475,0.2997894883155823,0.7077534794807434,0.16639983654022217
YLL040C,YJL213W,0,0.2316891,0.2996633052825928,0.7077534794807434,0.16649989783763885
YKL144C,YOR349W,0,0.23145446,0.2995372414588928,0.7077534794807434,0.16659995913505554
YER117W,YOR219C,0,0.22924045,0.29941126704216003,0.7077534794807434,0.16670002043247223
YGR171C,YJL081C,0,0.2289632,0.2992854118347168,0.7077534794807434,0.16680008172988892
YPL099C,YOR089C,0,0.22750187,0.2991596758365631,0.7077534794807434,0.1669001430273056
YPR171W,YNL267W,0,0.22717926,0.2990340292453766,0.7077534794807434,0.1670002043247223
YER013W,YMR270C,0,0.2269806,0.2989084720611572,0.7077534794807434,0.16710026562213898
YMR168C,YEL022W,0,0.22646204,0.2987830340862274,0.7077534794807434,0.16720032691955566
YDL217C,YBR257W,0,0.22638452,0.29865771532058716,0.7077534794807434,0.16730037331581116
YLR264W,YPL093W,0,0.22611478,0.29853248596191406,0.7077534794807434,0.16740043461322784
YOR382W,YMR300C,0,0.22551742,0.2984073758125305,0.7077534794807434,0.16750049591064453
YOR142W,YJL082W,0,0.22422028,0.29828235507011414,0.7077534794807434,0.16760055720806122
YDL084W,YBL026W,0,0.2240232,0.2981574535369873,0.7077534794807434,0.1677006185054779
YGL237C,YDL179W,0,0.223827,0.29803264141082764,0.7077534794807434,0.1678006798028946
YOR147W,YIL095W,0,0.22349134,0.2979079484939575,0.7077534794807434,0.16790074110031128
YOR206W,YHR175W,0,0.22251844,0.29778334498405457,0.7077534794807434,0.16800080239772797
YKR054C,YJL053W,0,0.22241455,0.29765886068344116,0.7077534794807434,0.16810086369514465
YAL060W,YNL070W,0,0.22129366,0.2975344657897949,0.7077534794807434,0.16820092499256134
YPL276W,YGR258C,0,0.22011507,0.29741019010543823,0.7077534794807434,0.16830098628997803
YKR036C,YDR240C,0,0.22009388,0.2972860038280487,0.7077534794807434,0.16840104758739471
YPR187W,YDR415C,0,0.22004402,0.29716193675994873,0.7077534794807434,0.1685010939836502
YBR195C,YIL061C,0,0.22002983,0.2970379590988159,0.7077534794807434,0.1686011552810669
YOL045W,YBR093C,0,0.21989566,0.29691410064697266,0.7077534794807434,0.16870121657848358
YLR005W,YCR052W,0,0.2193731,0.29679033160209656,0.7077534794807434,0.16880127787590027
YAL054C,YLL055W,0,0.2193594,0.2966666519641876,0.7077534794807434,0.16890133917331696
YCR060W,YBR118W,0,0.21853599,0.2965431213378906,0.7077534794807434,0.16900140047073364
YFL038C,YJR028W,0,0.21770924,0.2964196503162384,0.7077534794807434,0.16910146176815033
YOL141W,YML091C,1,0.21673977,0.2967124283313751,0.7087475061416626,0.16910146176815033
YGL162W,YAR002C-A,0,0.21547249,0.2965890169143677,0.7087475061416626,0.16920152306556702
YDL121C,YOR237W,0,0.21524149,0.2964656949043274,0.7087475061416626,0.1693015843629837
YIL159W,YDR404C,0,0.21511012,0.2963424623012543,0.7087475061416626,0.1694016456604004
YMR061W,YJL006C,0,0.21494788,0.2962193489074707,0.7087475061416626,0.16950170695781708
YKL090W,YDL015C,0,0.21470588,0.2960963547229767,0.7087475061416626,0.16960176825523376
YMR123W,YGL226C-A,0,0.21454221,0.29597342014312744,0.7087475061416626,0.16970181465148926
YLL045C,YBR037C,0,0.21417457,0.29585063457489014,0.7087475061416626,0.16980187594890594
YIL139C,YMR160W,0,0.21396941,0.2957279086112976,0.7087475061416626,0.16990193724632263
YDR411C,YER115C,0,0.21391916,0.29560530185699463,0.7087475061416626,0.17000199854373932
YGL122C,YLR187W,0,0.21340019,0.2954828143119812,0.7087475061416626,0.170102059841156
YCL025C,YNR044W,0,0.21291697,0.29536038637161255,0.7087475061416626,0.1702021211385727
YGR177C,YNR006W,0,0.21290138,0.29523810744285583,0.7087475061416626,0.17030218243598938
YLL002W,YPR135W,0,0.21286306,0.2951158881187439,0.7087475061416626,0.17040224373340607
YNR046W,YCL017C,1,0.2125637,0.2954075336456299,0.7097415328025818,0.17040224373340607
YGR024C,YKR056W,1,0.21216053,0.2956989109516144,0.710735559463501,0.17040224373340607
YGL169W,YOR123C,0,0.2113541,0.29557669162750244,0.710735559463501,0.17050230503082275
YPR083W,YOR261C,0,0.20957136,0.2954545319080353,0.710735559463501,0.17060236632823944
YGL170C,YHR060W,0,0.20940077,0.29533252120018005,0.710735559463501,0.17070242762565613
YJL166W,YKR026C,0,0.20926255,0.2952105700969696,0.710735559463501,0.17080248892307281
YMR013C,YBR223C,0,0.20822495,0.2950887382030487,0.710735559463501,0.1709025353193283
YDR492W,YNL284C,0,0.20814216,0.29496699571609497,0.710735559463501,0.171002596616745
YLL045C,YDL074C,0,0.20778063,0.2948453724384308,0.710735559463501,0.17110265791416168
YMR065W,YDR416W,0,0.20776889,0.29472383856773376,0.710735559463501,0.17120271921157837
YML097C,YLL040C,0,0.20773003,0.2946023941040039,0.710735559463501,0.17130278050899506
YLR103C,YEL053C,0,0.20705855,0.2944810688495636,0.710735559463501,0.17140284180641174
YLR020C,YJL191W,0,0.20599034,0.29435983300209045,0.710735559463501,0.17150290310382843
YKL110C,YOL066C,1,0.20420122,0.29465019702911377,0.7117296457290649,0.17150290310382843
YNR006W,YBL026W,0,0.20413882,0.294528990983963,0.7117296457290649,0.17160296440124512
YPL252C,YLR016C,0,0.2039516,0.2944079041481018,0.7117296457290649,0.1717030256986618
YKR102W,YLR301W,0,0.20366293,0.2942868769168854,0.7117296457290649,0.1718030869960785
YPL083C,YER146W,1,0.20327273,0.29457682371139526,0.7127236723899841,0.1718030869960785
YGL158W,YNL261W,0,0.20231551,0.2944558560848236,0.7127236723899841,0.17190314829349518
YKR103W,YKL078W,0,0.20229998,0.2943349778652191,0.7127236723899841,0.17200319468975067
YJR078W,YDL206W,0,0.20213556,0.2942141890525818,0.7127236723899841,0.17210325598716736
YPL083C,YBR061C,1,0.20156378,0.29450368881225586,0.7137176990509033,0.17210325598716736
YNL027W,YDR159W,0,0.20101249,0.2943829298019409,0.7137176990509033,0.17220331728458405
YEL043W,YDR373W,0,0.20078036,0.2942622900009155,0.7137176990509033,0.17230337858200073
YKL038W,YCR057C,0,0.19890255,0.2941417396068573,0.7137176990509033,0.17240343987941742
YNR003C,YOR222W,0,0.19872469,0.2940213084220886,0.7137176990509033,0.1725035011768341
YIL021W,YLL043W,0,0.1986638,0.2939009368419647,0.7137176990509033,0.1726035624742508
YGR169C,YJL124C,0,0.19834623,0.29378068447113037,0.7137176990509033,0.17270362377166748
YOR301W,YPL083C,0,0.19625634,0.2936605215072632,0.7137176990509033,0.17280368506908417
YJL034W,YOR338W,0,0.19502443,0.29354047775268555,0.7137176990509033,0.17290374636650085
YNR067C,YGR095C,0,0.19489023,0.2934205234050751,0.7137176990509033,0.17300380766391754
YGL158W,YJL140W,0,0.19450888,0.29330065846443176,0.7137176990509033,0.17310386896133423
YER008C,YOL028C,0,0.19414848,0.2931808829307556,0.7137176990509033,0.17320391535758972
YKL103C,YNL138W,0,0.1937893,0.293061226606369,0.7137176990509033,0.1733039766550064
YER154W,YBR238C,0,0.1909818,0.2929416596889496,0.7137176990509033,0.1734040379524231
YNL153C,YGR032W,0,0.1903167,0.2928221821784973,0.7137176990509033,0.17350409924983978
YPL223C,YNL163C,0,0.19028223,0.2927028238773346,0.7137176990509033,0.17360416054725647
YGR077C,YIL170W,0,0.18977565,0.29258352518081665,0.7137176990509033,0.17370422184467316
YLR289W,YOR147W,0,0.18885052,0.29246434569358826,0.7137176990509033,0.17380428314208984
YDR131C,YJL071W,0,0.18818668,0.2923452854156494,0.7137176990509033,0.17390434443950653
YBR202W,YER090W,0,0.18757397,0.29222628474235535,0.7137176990509033,0.17400440573692322
YPL101W,YOR251C,1,0.18657094,0.29251423478126526,0.7147117257118225,0.17400440573692322
YJL112W,YDR492W,0,0.18443042,0.29239529371261597,0.7147117257118225,0.1741044670343399
YHR047C,YNL117W,0,0.18436012,0.29227641224861145,0.7147117257118225,0.1742045283317566
YNL261W,YBR278W,0,0.18354976,0.2921576499938965,0.7147117257118225,0.17430458962917328
YHR041C,YIR032C,0,0.18252757,0.29203900694847107,0.7147117257118225,0.17440463602542877
YDR392W,YDL148C,0,0.1815877,0.29192042350769043,0.7147117257118225,0.17450469732284546
YGL244W,YKL144C,0,0.18144047,0.29180195927619934,0.7147117257118225,0.17460475862026215
YGL236C,YLR105C,1,0.1811617,0.2920892536640167,0.7157057523727417,0.17460475862026215
YNL178W,YGR095C,0,0.1810633,0.29197078943252563,0.7157057523727417,0.17470481991767883
YOR310C,YMR240C,0,0.18070036,0.2918524444103241,0.7157057523727417,0.17480488121509552
YHR211W,YGL200C,0,0.18065715,0.2917341887950897,0.7157057523727417,0.1749049425125122
YBR183W,YKL172W,0,0.18046856,0.2916160523891449,0.7157057523727417,0.1750050038099289
YMR169C,YIL170W,0,0.17992094,0.29149797558784485,0.7157057523727417,0.17510506510734558
YFR021W,YLR183C,0,0.17990682,0.29138001799583435,0.7157057523727417,0.17520512640476227
YPL030W,YCL017C,1,0.17982277,0.2916666567325592,0.7166997790336609,0.17520512640476227
YDR530C,YKL144C,0,0.17948738,0.2915487289428711,0.7166997790336609,0.17530518770217896
YHR062C,YMR087W,1,0.17896366,0.29183509945869446,0.7176938652992249,0.17530518770217896
YCL057W,YER115C,0,0.17722222,0.29171717166900635,0.7176938652992249,0.17540524899959564
YGL170C,YLR285W,0,0.17709005,0.2915993630886078,0.7176938652992249,0.17550531029701233
YMR038C,YGL004C,0,0.17705303,0.2914816439151764,0.7176938652992249,0.17560535669326782
YIL020C,YMR075W,0,0.17677957,0.29136401414871216,0.7176938652992249,0.1757054179906845
YOR106W,YOR274W,0,0.17670643,0.2912464737892151,0.7176938652992249,0.1758054792881012
YJR082C,YJR147W,0,0.17668071,0.2911290228366852,0.7176938652992249,0.17590554058551788
YEL040W,YCR087C-A,0,0.1757515,0.2910116910934448,0.7176938652992249,0.17600560188293457
YDR499W,YBR074W,0,0.17564517,0.29089444875717163,0.7176938652992249,0.17610566318035126
YBR275C,YMR172W,0,0.17543328,0.2907772958278656,0.7176938652992249,0.17620572447776794
YBR167C,YAL033W,1,0.17501867,0.2910628020763397,0.718687891960144,0.17620572447776794
YHR156C,YKR069W,0,0.17487398,0.2909456789493561,0.718687891960144,0.17630578577518463
YLR020C,YHR058C,0,0.17455524,0.2908286452293396,0.718687891960144,0.17640584707260132
YBL112C,YDR508C,0,0.17450106,0.2907117009162903,0.718687891960144,0.176505908370018
YDR310C,YDR207C,0,0.17380223,0.29059484601020813,0.718687891960144,0.1766059696674347
YGL163C,YNL259C,0,0.17371303,0.2904781103134155,0.718687891960144,0.17670603096485138
YBR195C,YKR057W,0,0.17369163,0.2903614342212677,0.718687891960144,0.17680607736110687
YKR056W,YMR136W,0,0.17345968,0.2902448773384094,0.718687891960144,0.17690613865852356
YOR159C,YDR429C,0,0.17299977,0.2901284098625183,0.718687891960144,0.17700619995594025
YMR200W,YGL030W,0,0.17277437,0.29001203179359436,0.718687891960144,0.17710626125335693
YOR212W,YLR129W,0,0.17201936,0.2898957431316376,0.718687891960144,0.17720632255077362
YMR077C,YFL001W,0,0.17186198,0.28977957367897034,0.718687891960144,0.1773063838481903
YPR162C,YNL175C,0,0.17096919,0.2896634638309479,0.718687891960144,0.177406445145607
YJL024C,YMR193W,0,0.17071956,0.2895474433898926,0.718687891960144,0.17750650644302368
YEL022W,YMR308C,0,0.16911876,0.28943154215812683,0.718687891960144,0.17760656774044037
YHR056C,YHR135C,0,0.16909105,0.28931573033332825,0.718687891960144,0.17770662903785706
YPL086C,YPL083C,1,0.16893801,0.2896000146865845,0.7196819186210632,0.17770662903785706
YJL060W,YMR304W,0,0.16877073,0.2894842028617859,0.7196819186210632,0.17780669033527374
YOR243C,YCL017C,1,0.1687482,0.28976818919181824,0.7206759452819824,0.17780669033527374
YDR026C,YDR389W,0,0.16860133,0.28965240716934204,0.7206759452819824,0.17790673673152924
YJR057W,YDR404C,0,0.16812804,0.2895367443561554,0.7206759452819824,0.17800679802894592
YGL236C,YIL132C,0,0.16702399,0.2894211709499359,0.7206759452819824,0.1781068593263626
YDL036C,YMR227C,0,0.16663587,0.2893056571483612,0.7206759452819824,0.1782069206237793
YAL022C,YKR026C,0,0.166569,0.28919026255607605,0.7206759452819824,0.17830698192119598
YJR151C,YER130C,0,0.16594577,0.28907495737075806,0.7206759452819824,0.17840704321861267
YFL033C,YKR102W,0,0.16544244,0.2889597415924072,0.7206759452819824,0.17850710451602936
YFR001W,YNR060W,0,0.16499037,0.28884461522102356,0.7206759452819824,0.17860716581344604
YOL093W,YMR047C,1,0.16292322,0.28912782669067383,0.7216699719429016,0.17860716581344604
YJL166W,YER087W,0,0.16263002,0.28901273012161255,0.7216699719429016,0.17870722711086273
YOR212W,YPL180W,0,0.16179726,0.28889772295951843,0.7216699719429016,0.17880728840827942
YJL004C,YPR125W,0,0.16172343,0.2887828052043915,0.7216699719429016,0.1789073497056961
YDL133C-A,YFL057C,0,0.1610812,0.2886680066585541,0.7216699719429016,0.1790074110031128
YOR299W,YGR072W,0,0.16105866,0.28855326771736145,0.7216699719429016,0.1791074573993683
YBR195C,YOR099W,0,0.16097653,0.288438618183136,0.7216699719429016,0.17920751869678497
YNL070W,YDR140W,0,0.1603288,0.2883240580558777,0.7216699719429016,0.17930757999420166
YGR030C,YDR463W,1,0.15999672,0.28860658407211304,0.7226639986038208,0.17930757999420166
YBR150C,YIL042C,0,0.15993094,0.2884920537471771,0.7226639986038208,0.17940764129161835
YER017C,YER165W,0,0.15956709,0.28837764263153076,0.7226639986038208,0.17950770258903503
YGR216C,YOL028C,0,0.1592286,0.2882632911205292,0.7226639986038208,0.17960776388645172
YLR314C,YLR278C,0,0.15880746,0.28814902901649475,0.7226639986038208,0.1797078251838684
YML073C,YKL201C,0,0.15868258,0.2880348563194275,0.7226639986038208,0.1798078864812851
YLR228C,YIL020C,0,0.1574929,0.2879208028316498,0.7226639986038208,0.17990794777870178
YDR196C,YLR103C,0,0.15691817,0.28780680894851685,0.7226639986038208,0.18000800907611847
YMR013C,YGL113W,0,0.15669093,0.2876929044723511,0.7226639986038208,0.18010807037353516
YKR057W,YLL012W,0,0.15659311,0.28757911920547485,0.7226639986038208,0.18020813167095184
YPR011C,YKL205W,0,0.15609601,0.2874653935432434,0.7226639986038208,0.18030817806720734
YMR123W,YKL161C,0,0.15596384,0.2873517870903015,0.7226639986038208,0.18040823936462402
YHR209W,YNR002C,0,0.15513334,0.2872382402420044,0.7226639986038208,0.1805083006620407
YER074W,YOR338W,0,0.1550827,0.2871248126029968,0.7226639986038208,0.1806083619594574
YOL066C,YBR022W,1,0.15320423,0.28740623593330383,0.72365802526474,0.1806083619594574
YPL129W,YGR089W,0,0.1529899,0.28729280829429626,0.72365802526474,0.18070842325687408
YNL153C,YKL203C,0,0.15278777,0.28717949986457825,0.72365802526474,0.18080848455429077
YKR054C,YDR254W,0,0.15219954,0.287066251039505,0.72365802526474,0.18090854585170746
YDR167W,YNR018W,0,0.15206113,0.2869530916213989,0.72365802526474,0.18100860714912415
YPL151C,YIL095W,0,0.15102774,0.28684002161026,0.72365802526474,0.18110866844654083
YBR294W,YPR163C,0,0.15048763,0.28672707080841064,0.72365802526474,0.18120872974395752
YCL004W,YML052W,0,0.15042832,0.28661417961120605,0.72365802526474,0.1813087910413742
YLR383W,YOR123C,0,0.15029204,0.28650137782096863,0.72365802526474,0.1814088523387909
YDR170C,YIL132C,0,0.15028429,0.28638866543769836,0.72365802526474,0.1815088987350464
YIR015W,YOL093W,1,0.14902553,0.2866692841053009,0.724652111530304,0.1815088987350464
YKL161C,YKL172W,0,0.14818528,0.286556601524353,0.724652111530304,0.18160896003246307
YIL061C,YGL122C,0,0.1476103,0.2864440083503723,0.724652111530304,0.18170902132987976
YNL008C,YKR102W,0,0.14753097,0.28633150458335876,0.724652111530304,0.18180908262729645
YOR084W,YIL006W,0,0.1475048,0.2862190902233124,0.724652111530304,0.18190914392471313
YKR020W,YDR245W,0,0.14720896,0.28610676527023315,0.724652111530304,0.18200920522212982
YHR175W,YLR020C,0,0.14568096,0.2859944999217987,0.724652111530304,0.1821092665195465
YDR494W,YMR099C,0,0.14538583,0.2858823537826538,0.724652111530304,0.1822093278169632
YDL179W,YEL056W,0,0.14496964,0.2857702970504761,0.724652111530304,0.18230938911437988
YLR005W,YBL098W,0,0.14380851,0.2856582999229431,0.724652111530304,0.18240945041179657
YGL170C,YDR109C,0,0.14367014,0.2855464220046997,0.724652111530304,0.18250951170921326
YKR036C,YDR310C,0,0.1434739,0.2854346036911011,0.724652111530304,0.18260957300662994
YPL030W,YMR047C,1,0.14334723,0.2857142984867096,0.7256461381912231,0.18260957300662994
YCL018W,YER002W,0,0.14271095,0.28560250997543335,0.7256461381912231,0.18270961940288544
YPL082C,YFL017W-A,0,0.14212969,0.28549081087112427,0.7256461381912231,0.18280968070030212
YGL122C,YLR285W,0,0.13964,0.28537920117378235,0.7256461381912231,0.1829097419977188
YOR159C,YMR269W,0,0.13928622,0.2852676808834076,0.7256461381912231,0.1830098032951355
YPL101W,YBR022W,1,0.13919115,0.2855468690395355,0.7266401648521423,0.1830098032951355
YMR087W,YGL236C,1,0.1382851,0.28582584857940674,0.7276341915130615,0.1830098032951355
YPL212C,YGR169C,1,0.13769168,0.28610461950302124,0.7286282181739807,0.1830098032951355
YPL098C,YBR257W,0,0.13658735,0.28599298000335693,0.7286282181739807,0.18310986459255219
YCL024W,YKL074C,0,0.13650233,0.2858814299106598,0.7286282181739807,0.18320992588996887
YPL139C,YDR472W,0,0.13592675,0.2857699692249298,0.7286282181739807,0.18330998718738556
YNL107W,YJR101W,0,0.13491863,0.285658597946167,0.7286282181739807,0.18341004848480225
YBL076C,YGL216W,0,0.13460127,0.2855473458766937,0.7286282181739807,0.18351010978221893
YJL114W,YFL010W-A,0,0.13449892,0.28543612360954285,0.7286282181739807,0.18361017107963562
YCL014W,YBL028C,0,0.1342529,0.2853250205516815,0.7286282181739807,0.1837102323770523
YML052W,YGR070W,0,0.13157189,0.28521400690078735,0.7286282181739807,0.1838102787733078
YKR020W,YBR072W,0,0.13149354,0.28510308265686035,0.7286282181739807,0.1839103400707245
YBR183W,YLL040C,0,0.13092902,0.2849922180175781,0.7286282181739807,0.18401040136814117
YNL095C,YIL048W,0,0.13090551,0.28488147258758545,0.7286282181739807,0.18411046266555786
YIL046W,YJR053W,0,0.13088143,0.28477078676223755,0.7286282181739807,0.18421052396297455
YMR200W,YMR075W,0,0.13071215,0.2846601903438568,0.7286282181739807,0.18431058526039124
YER162C,YOL101C,0,0.13011682,0.28454968333244324,0.7286282181739807,0.18441064655780792
YML071C,YJR026W,0,0.1301055,0.2844392657279968,0.7286282181739807,0.1845107078552246
YGL122C,YDL061C,0,0.13008359,0.2843289375305176,0.7286282181739807,0.1846107691526413
YMR227C,YOR025W,0,0.12933317,0.2842186987400055,0.7286282181739807,0.18471083045005798
YMR090W,YNL284C,0,0.12914854,0.2841085195541382,0.7286282181739807,0.18481089174747467
YGL092W,YAL020C,1,0.12904295,0.28438588976860046,0.7296222448348999,0.18481089174747467
YGR282C,YCR093W,0,0.12893575,0.28427574038505554,0.7296222448348999,0.18491095304489136
YMR032W,YJR133W,0,0.1287868,0.28416571021080017,0.7296222448348999,0.18501099944114685
YOL141W,YMR087W,1,0.12844405,0.2844427227973938,0.7306163311004639,0.18501099944114685
YLL033W,YDR472W,0,0.12829584,0.2843326926231384,0.7306163311004639,0.18511106073856354
YJR130C,YJR140C,0,0.12825066,0.2842227518558502,0.7306163311004639,0.18521112203598022
YCL074W,YAR027W,0,0.12759286,0.2841128706932068,0.7306163311004639,0.1853111833333969
YMR087W,YMR023C,1,0.12733051,0.2843894958496094,0.7316103577613831,0.1853111833333969
YLR005W,YOR226C,0,0.12718052,0.28427964448928833,0.7316103577613831,0.1854112446308136
YDR530C,YIL159W,0,0.12538865,0.28416988253593445,0.7316103577613831,0.18551130592823029
YMR172W,YPR190C,0,0.124651514,0.28406020998954773,0.7316103577613831,0.18561136722564697
YJL004C,YDR429C,0,0.12453885,0.2839506268501282,0.7316103577613831,0.18571142852306366
YGL068W,YDL028C,0,0.1244541,0.2838411033153534,0.7316103577613831,0.18581148982048035
YPR006C,YLR145W,0,0.12334996,0.28373169898986816,0.7316103577613831,0.18591155111789703
YMR194W,YJR053W,0,0.12265139,0.2836223542690277,0.7316103577613831,0.18601161241531372
YLR305C,YBR141C,0,0.12173412,0.2835130989551544,0.7316103577613831,0.1861116737127304
YFL057C,YPL208W,0,0.121161185,0.2834039330482483,0.7316103577613831,0.1862117201089859
YDR405W,YOR243C,0,0.12098085,0.2832948565483093,0.7316103577613831,0.1863117814064026
YKL074C,YMR065W,0,0.120779686,0.28318583965301514,0.7316103577613831,0.18641184270381927
YHR041C,YGR012W,0,0.120493464,0.2830769121646881,0.7316103577613831,0.18651190400123596
YKL190W,YBR230C,0,0.11886958,0.28296810388565063,0.7316103577613831,0.18661196529865265
YKR020W,YKL165C,0,0.11726981,0.28285932540893555,0.7316103577613831,0.18671202659606934
YNL292W,YML091C,1,0.116668366,0.2831348478794098,0.7326043844223022,0.18671202659606934
YOR299W,YOR353C,0,0.11616715,0.2830260992050171,0.7326043844223022,0.18681208789348602
YKL205W,YGR027C,0,0.11580034,0.28291746973991394,0.7326043844223022,0.1869121491909027
YOL066C,YDL039C,0,0.11554199,0.28280889987945557,0.7326043844223022,0.1870122104883194
YBR282W,YDL077C,0,0.115228884,0.28270041942596436,0.7326043844223022,0.18711227178573608
YBR247C,YBR182C,0,0.11505806,0.2825920283794403,0.7326043844223022,0.18721233308315277
YDR233C,YOL052C,0,0.11479717,0.28248369693756104,0.7326043844223022,0.18731239438056946
YMR210W,YNL078W,0,0.11471609,0.2823754847049713,0.7326043844223022,0.18741244077682495
YLL002W,YPR187W,0,0.11371898,0.28226733207702637,0.7326043844223022,0.18751250207424164
YCL014W,YOR089C,0,0.113527246,0.2821592688560486,0.7326043844223022,0.18761256337165833
YJL087C,YMR145C,0,0.11249971,0.28205129504203796,0.7326043844223022,0.187712624669075
YDR205W,YLR033W,0,0.11238063,0.2819433808326721,0.7326043844223022,0.1878126859664917
YPL252C,YIL047C,0,0.11232524,0.28183555603027344,0.7326043844223022,0.1879127472639084
YOR084W,YOR310C,0,0.112007014,0.2817278206348419,0.7326043844223022,0.18801280856132507
YBL041W,YJR028W,0,0.11154237,0.28162017464637756,0.7326043844223022,0.18811286985874176
YMR049C,YML073C,0,0.11126643,0.28151261806488037,0.7326043844223022,0.18821293115615845
YGL037C,YKL172W,0,0.110929094,0.28140512108802795,0.7326043844223022,0.18831299245357513
YHR175W,YGR070W,0,0.109213494,0.2812977135181427,0.7326043844223022,0.18841305375099182
YOL102C,YGL063W,1,0.109196045,0.2815719246864319,0.7335984110832214,0.18841305375099182
YDL028C,YOR232W,0,0.10868708,0.28146451711654663,0.7335984110832214,0.1885131150484085
YBR278W,YKR002W,0,0.108592145,0.2813572287559509,0.7335984110832214,0.188613161444664
YJR138W,YER117W,0,0.10836304,0.28125,0.7335984110832214,0.1887132227420807
YDR364C,YGL163C,0,0.10740205,0.28114286065101624,0.7335984110832214,0.18881328403949738
YMR182C,YJR112W,0,0.10635709,0.28103581070899963,0.7335984110832214,0.18891334533691406
YGR084C,YLR348C,0,0.10447476,0.2809288203716278,0.7335984110832214,0.18901340663433075
YPL127C,YBR072W,0,0.10381738,0.28082191944122314,0.7335984110832214,0.18911346793174744
YOR310C,YGR169C,0,0.10314583,0.28071510791778564,0.7335984110832214,0.18921352922916412
YKL201C,YCR046C,0,0.10260133,0.2806083559989929,0.7335984110832214,0.1893135905265808
YBL026W,YDR222W,0,0.09987869,0.28050172328948975,0.7335984110832214,0.1894136518239975
YEL036C,YBL026W,0,0.0998263,0.28039515018463135,0.7335984110832214,0.18951371312141418
YCL074W,YKR068C,0,0.099400274,0.2802886366844177,0.7335984110832214,0.18961377441883087
YLR401C,YJR034W,0,0.099023454,0.28018224239349365,0.7335984110832214,0.18971383571624756
YPR135W,YLR145W,0,0.09702044,0.28007590770721436,0.7335984110832214,0.18981388211250305
YPR011C,YKR054C,0,0.097000934,0.2799696624279022,0.7335984110832214,0.18991394340991974
YGL186C,YER104W,0,0.096387975,0.27986347675323486,0.7335984110832214,0.19001400470733643
YBR095C,YGR276C,0,0.0963318,0.27975738048553467,0.7335984110832214,0.1901140660047531
YJL066C,YMR039C,0,0.09592711,0.27965137362480164,0.7335984110832214,0.1902141273021698
YJL071W,YOL043C,0,0.09583887,0.27954545617103577,0.7335984110832214,0.1903141885995865
YOR206W,YMR179W,0,0.09561313,0.2794395983219147,0.7335984110832214,0.19041424989700317
YBR093C,YPR133W-A,0,0.09558732,0.27933382987976074,0.7335984110832214,0.19051431119441986
YHR066W,YDR461W,0,0.09479528,0.279228150844574,0.7335984110832214,0.19061437249183655
YCR052W,YPR060C,0,0.09415444,0.279122531414032,0.7335984110832214,0.19071443378925323
YKR006C,YML109W,0,0.0935717,0.27901700139045715,0.7335984110832214,0.19081449508666992
YBL058W,YDR404C,0,0.09314718,0.2789115607738495,0.7335984110832214,0.19091454148292542
YDR131C,YPL244C,0,0.09236737,0.278806209564209,0.7335984110832214,0.1910146027803421
YML097C,YLL012W,0,0.09168904,0.27870091795921326,0.7335984110832214,0.1911146640777588
YDL107W,YLR197W,0,0.091493286,0.2785956859588623,0.7335984110832214,0.19121472537517548
YNR074C,YDL171C,0,0.09092384,0.2784905731678009,0.7335984110832214,0.19131478667259216
YNL070W,YER002W,0,0.09030419,0.2783855199813843,0.7335984110832214,0.19141484797000885
YKR020W,YHR077C,0,0.0899095,0.2782805562019348,0.7335984110832214,0.19151490926742554
YPR162C,YMR270C,0,0.089737736,0.2781756520271301,0.7335984110832214,0.19161497056484222
YOL142W,YPR135W,0,0.08915033,0.2780708372592926,0.7335984110832214,0.1917150318622589
YOR159C,YDR373W,0,0.08812117,0.27796611189842224,0.7335984110832214,0.1918150931596756
YER090W,YMR075W,0,0.088055335,0.27786144614219666,0.7335984110832214,0.19191515445709229
YDL084W,YBL005W-B,0,0.0880237,0.27775686979293823,0.7335984110832214,0.19201521575450897
YOL066C,YLR359W,0,0.086837016,0.277652382850647,0.7335984110832214,0.19211526215076447
YLL002W,YER138C,0,0.0868301,0.2775479555130005,0.7335984110832214,0.19221532344818115
YPL276W,YGR276C,0,0.086823754,0.27744361758232117,0.7335984110832214,0.19231538474559784
YNL221C,YDR378C,1,0.086552076,0.27771514654159546,0.7345924377441406,0.19231538474559784
YHR030C,YNL182C,0,0.085947596,0.27761080861091614,0.7345924377441406,0.19241544604301453
YBR271W,YLR187W,0,0.085772686,0.277506560087204,0.7345924377441406,0.1925155073404312
YGR085C,YLR165C,0,0.08570283,0.277402400970459,0.7345924377441406,0.1926155686378479
YOR106W,YKR101W,0,0.08567969,0.27729830145835876,0.7345924377441406,0.1927156299352646
YJL071W,YDL045C,0,0.08564996,0.2771942913532257,0.7345924377441406,0.19281569123268127
YLR244C,YDL028C,0,0.084555455,0.2770903706550598,0.7345924377441406,0.19291575253009796
YDL206W,YNL147W,0,0.084232904,0.2769865095615387,0.7345924377441406,0.19301581382751465
YPR026W,YKL126W,0,0.08414794,0.27688273787498474,0.7345924377441406,0.19311587512493134
YNL160W,YAL054C,0,0.08377009,0.27677902579307556,0.7345924377441406,0.19321593642234802
YHR214C-B,YFL001W,0,0.083636574,0.27667540311813354,0.7345924377441406,0.19331598281860352
YDR159W,YDR332W,0,0.083582096,0.2765718698501587,0.7345924377441406,0.1934160441160202
YGL172W,YOR243C,1,0.08324998,0.27684250473976135,0.7355864644050598,0.1934160441160202
YER055C,YOL054W,0,0.082774274,0.2767389714717865,0.7355864644050598,0.1935161054134369
YER117W,YNL147W,0,0.081697695,0.2766355276107788,0.7355864644050598,0.19361616671085358
YJL114W,YDL061C,0,0.08152633,0.2765321433544159,0.7355864644050598,0.19371622800827026
YMR078C,YGL226C-A,0,0.081472926,0.27642884850502014,0.7355864644050598,0.19381628930568695
YKL126W,YBL098W,0,0.081156574,0.27632561326026917,0.7355864644050598,0.19391635060310364
YDR337W,YPL065W,0,0.08016875,0.27622246742248535,0.7355864644050598,0.19401641190052032
YKR054C,YFL066C,0,0.08001385,0.2761194109916687,0.7355864644050598,0.194116473197937
YNL050C,YML052W,0,0.08000737,0.2760164141654968,0.7355864644050598,0.1942165344953537
YMR013C,YDR083W,0,0.07996773,0.2759135067462921,0.7355864644050598,0.19431659579277039
YKR071C,YOL102C,0,0.07909734,0.2758106589317322,0.7355864644050598,0.19441665709018707
YOR304W,YNL122C,0,0.07819786,0.2757079005241394,0.7355864644050598,0.19451670348644257
YGR169C,YKL130C,0,0.07788756,0.2756052017211914,0.7355864644050598,0.19461676478385925
YLR187W,YMR240C,0,0.07778243,0.27550259232521057,0.7355864644050598,0.19471682608127594
YJR004C,YGR229C,0,0.07767164,0.2754000723361969,0.7355864644050598,0.19481688737869263
YPR191W,YDL097C,0,0.07627649,0.275297611951828,0.7355864644050598,0.19491694867610931
YPL213W,YMR172W,0,0.07617294,0.27519524097442627,0.7355864644050598,0.195017009973526
YDR378C,YER013W,0,0.07608033,0.2750929296016693,0.7355864644050598,0.1951170712709427
YDR527W,YKL182W,0,0.07583026,0.2749907076358795,0.7355864644050598,0.19521713256835938
YBR260C,YDR076W,0,0.0757179,0.2748885452747345,0.7355864644050598,0.19531719386577606
YER168C,YKL189W,0,0.07518303,0.27478647232055664,0.7355864644050598,0.19541725516319275
YNL102W,YDR159W,0,0.07500542,0.27468448877334595,0.7355864644050598,0.19551731646060944
YER049W,YJL214W,0,0.07432111,0.27458256483078003,0.7355864644050598,0.19561737775802612
YDR460W,YOR038C,0,0.07359394,0.2744807004928589,0.7355864644050598,0.19571742415428162
YNL117W,YBR080C,0,0.07332023,0.2743789255619049,0.7355864644050598,0.1958174854516983
YGL162W,YMR075W,0,0.0732924,0.2742772400379181,0.7355864644050598,0.195917546749115
YJR092W,YNR010W,0,0.073139094,0.27417561411857605,0.7355864644050598,0.19601760804653168
YPR137W,YDL024C,0,0.07230192,0.27407407760620117,0.7355864644050598,0.19611766934394836
YDL045W-A,YOR085W,0,0.07227079,0.27397260069847107,0.7355864644050598,0.19621773064136505
YMR087W,YBR022W,1,0.07144154,0.27424129843711853,0.736580491065979,0.19621773064136505
YDR072C,YLR129W,0,0.07054552,0.2741398513317108,0.736580491065979,0.19631779193878174
YOR168W,YJR036C,0,0.06959579,0.2740384638309479,0.736580491065979,0.19641785323619843
YNL178W,YNL282W,0,0.06935855,0.2739371657371521,0.736580491065979,0.1965179145336151
YDR371W,YDR030C,0,0.068137385,0.2738359272480011,0.736580491065979,0.1966179758310318
YLR103C,YJL176C,0,0.06698751,0.2737347483634949,0.736580491065979,0.1967180371284485
YAR035W,YMR115W,0,0.06655642,0.2736336886882782,0.736580491065979,0.19681808352470398
YGR077C,YGL113W,0,0.06625184,0.2735326588153839,0.736580491065979,0.19691814482212067
YBR002C,YPL129W,0,0.066031896,0.2734317481517792,0.736580491065979,0.19701820611953735
YMR172W,YEL062W,0,0.0650774,0.2733308672904968,0.736580491065979,0.19711826741695404
YBR247C,YPR026W,0,0.064843185,0.27323007583618164,0.736580491065979,0.19721832871437073
YNR018W,YKR028W,0,0.06441025,0.2731293737888336,0.736580491065979,0.19731839001178741
YDR454C,YJR063W,0,0.06396934,0.27302873134613037,0.736580491065979,0.1974184513092041
YCL014W,YDR472W,0,0.06358986,0.2729281783103943,0.736580491065979,0.1975185126066208
YLL034C,YHR079C,0,0.063381456,0.272827684879303,0.736580491065979,0.19761857390403748
YAL033W,YMR194W,0,0.06316594,0.27272728085517883,0.736580491065979,0.19771863520145416
YLR353W,YGR246C,0,0.063049905,0.27262693643569946,0.736580491065979,0.19781869649887085
YMR180C,YNL192W,0,0.063035615,0.27252665162086487,0.736580491065979,0.19791875779628754
YDR281C,YDL083C,0,0.0621041,0.27242645621299744,0.736580491065979,0.19801880419254303
YAL033W,YOL090W,0,0.061607428,0.27232635021209717,0.736580491065979,0.19811886548995972
YJL011C,YGL112C,0,0.061393656,0.2722263038158417,0.736580491065979,0.1982189267873764
YDR076W,YEL053C,0,0.060603373,0.27212631702423096,0.736580491065979,0.1983189880847931
YDL171C,YOL093W,0,0.060325004,0.2720264196395874,0.736580491065979,0.19841904938220978
YNL309W,YDR472W,0,0.05963797,0.271926611661911,0.736580491065979,0.19851911067962646
YJL200C,YOR377W,0,0.05889841,0.2718268632888794,0.736580491065979,0.19861917197704315
YHR061C,YLR020C,0,0.057747386,0.27172717452049255,0.736580491065979,0.19871923327445984
YHR179W,YDR306C,0,0.057262056,0.2716275751590729,0.736580491065979,0.19881929457187653
YMR046C,YNL122C,0,0.057257526,0.271528035402298,0.736580491065979,0.1989193558692932
YNL050C,YOR349W,0,0.057218812,0.27142858505249023,0.736580491065979,0.1990194171667099
YMR089C,YGR077C,0,0.057083197,0.27132919430732727,0.736580491065979,0.1991194784641266
YDR457W,YDR364C,0,0.055374496,0.2712298631668091,0.736580491065979,0.19921952486038208
YER112W,YPL212C,1,0.05520963,0.2714965343475342,0.737574577331543,0.19921952486038208
YLR404W,YDR410C,0,0.05497288,0.2713972330093384,0.737574577331543,0.19931958615779877
YDL033C,YNL221C,1,0.054657526,0.2716636061668396,0.7385686039924622,0.19931958615779877
YGR105W,YDR392W,0,0.054447524,0.2715643346309662,0.7385686039924622,0.19941964745521545
YNL147W,YPL212C,1,0.05432669,0.2718304693698883,0.7395626306533813,0.19941964745521545
YNL192W,YNR015W,0,0.054232575,0.2717311978340149,0.7395626306533813,0.19951970875263214
YLR430W,YMR283C,1,0.053494625,0.2719970643520355,0.7405566573143005,0.19951970875263214
YMR227C,YOL054W,0,0.052963965,0.2718978226184845,0.7405566573143005,0.19961977005004883
YKL182W,YGL203C,0,0.051005624,0.27179861068725586,0.7405566573143005,0.19971983134746552
YLR404W,YKL144C,0,0.050780185,0.2716994881629944,0.7405566573143005,0.1998198926448822
YGL243W,YKR079C,1,0.049910955,0.27196499705314636,0.7415506839752197,0.1998198926448822
YGL112C,YPL050C,0,0.04768344,0.2718658745288849,0.7415506839752197,0.1999199539422989
YLR244C,YOL040C,0,0.047166936,0.2717668414115906,0.7415506839752197,0.20002001523971558
YOR304C-A,YOL136C,0,0.046832196,0.27166786789894104,0.7415506839752197,0.20012007653713226
YOR071C,YOR232W,0,0.046358548,0.27156898379325867,0.7415506839752197,0.20022013783454895
YFL038C,YOR378W,0,0.045302592,0.27147015929222107,0.7415506839752197,0.20032019913196564
YPR137W,YBR287W,0,0.04520584,0.27137139439582825,0.7415506839752197,0.20042024552822113
YBL112C,YLR353W,0,0.04499186,0.2712727189064026,0.7415506839752197,0.20052030682563782
YDL078C,YCR052W,0,0.044985525,0.2711741328239441,0.7415506839752197,0.2006203681230545
YNL202W,YEL030W,0,0.044898383,0.271075576543808,0.7415506839752197,0.2007204294204712
YOR147W,YBR093C,0,0.044453196,0.27097710967063904,0.7415506839752197,0.20082049071788788
YAL054C,YIL042C,0,0.044037454,0.27087873220443726,0.7415506839752197,0.20092055201530457
YGR143W,YCL034W,0,0.044022642,0.27078038454055786,0.7415506839752197,0.20102061331272125
YPR072W,YMR145C,0,0.04339578,0.270682156085968,0.7415506839752197,0.20112067461013794
YLR344W,YJL130C,0,0.04239046,0.27058395743370056,0.7415506839752197,0.20122073590755463
YBL092W,YAL039C,0,0.041689925,0.27048584818840027,0.7415506839752197,0.2013207972049713
YDL036C,YMR145C,0,0.040781222,0.27038782835006714,0.7415506839752197,0.201420858502388
YBL058W,YOL101C,0,0.040416382,0.2702898681163788,0.7415506839752197,0.2015209197998047
YEL040W,YGR084C,0,0.04017975,0.2701919674873352,0.7415506839752197,0.20162096619606018
YKR103W,YLR183C,0,0.040097557,0.2700941264629364,0.7415506839752197,0.20172102749347687
YDR083W,YBR192W,0,0.038746886,0.26999637484550476,0.7415506839752197,0.20182108879089355
YDL227C,YCR026C,0,0.038666718,0.2698986828327179,0.7415506839752197,0.20192115008831024
YJL225C,YPR163C,0,0.03822674,0.2698010802268982,0.7415506839752197,0.20202121138572693
YCL036W,YPR011C,0,0.03783869,0.26970353722572327,0.7415506839752197,0.20212127268314362
YMR173W,YBR037C,0,0.03744241,0.2696060836315155,0.7415506839752197,0.2022213339805603
YMR078C,YGR179C,0,0.036949486,0.2695086598396301,0.7415506839752197,0.202321395277977
YER150W,YGR143W,0,0.03672158,0.2694113254547119,0.7415506839752197,0.20242145657539368
YGL203C,YLR016C,0,0.03666895,0.26931408047676086,0.7415506839752197,0.20252151787281036
YPL083C,YDR165W,1,0.03627164,0.2695777714252472,0.7425447106361389,0.20252151787281036
YDL059C,YNR021W,0,0.035934053,0.26948052644729614,0.7425447106361389,0.20262157917022705
YIL128W,YDL039C,0,0.035001583,0.26938334107398987,0.7425447106361389,0.20272162556648254
YCL036W,YDL054C,0,0.03476823,0.26928621530532837,0.7425447106361389,0.20282168686389923
YER014C-A,YHR119W,0,0.03463725,0.26918917894363403,0.7425447106361389,0.20292174816131592
YLL002W,YDR454C,0,0.034203164,0.26909223198890686,0.7425447106361389,0.2030218094587326
YIL108W,YPL002C,0,0.0337392,0.2689953148365021,0.7425447106361389,0.2031218707561493
YNL273W,YIL083C,0,0.033569768,0.26889848709106445,0.7425447106361389,0.20322193205356598
YOR147W,YGR012W,0,0.03351041,0.2688017189502716,0.7425447106361389,0.20332199335098267
YDR429C,YBR187W,0,0.033200733,0.2687050402164459,0.7425447106361389,0.20342205464839935
YBR271W,YOL062C,0,0.03277763,0.268608421087265,0.7425447106361389,0.20352211594581604
YBR096W,YDR281C,0,0.032709233,0.2685118615627289,0.7425447106361389,0.20362217724323273
YDL061C,YDR211W,0,0.03239555,0.2684153914451599,0.7425447106361389,0.20372223854064941
YOR243C,YGR169C,1,0.031914286,0.2686781585216522,0.7435387969017029,0.20372223854064941
YLL045C,YGR271W,0,0.03180953,0.26858168840408325,0.7435387969017029,0.2038222998380661
YLR289W,YOR204W,0,0.0313351,0.26848527789115906,0.7435387969017029,0.2039223462343216
YER049W,YBR230C,0,0.030712359,0.268388956785202,0.7435387969017029,0.20402240753173828
YHR164C,YMR093W,0,0.0306971,0.26829269528388977,0.7435387969017029,0.20412246882915497
YJR119C,YJL134W,0,0.030336179,0.2681964933872223,0.7435387969017029,0.20422253012657166
YGL186C,YER145C,0,0.030153386,0.2681003510951996,0.7435387969017029,0.20432259142398834
YBR052C,YDR403W,0,0.030107051,0.26800429821014404,0.7435387969017029,0.20442265272140503
YNR017W,YDR472W,0,0.030019335,0.2679083049297333,0.7435387969017029,0.20452271401882172
YDL198C,YCR026C,0,0.030013971,0.2678124010562897,0.7435387969017029,0.2046227753162384
YOL070C,YER104W,0,0.030004859,0.26771652698516846,0.7435387969017029,0.2047228366136551
YLR025W,YDR416W,0,0.029364355,0.2676207423210144,0.7435387969017029,0.20482289791107178
YDR371W,YER117W,0,0.029254876,0.2675250470638275,0.7435387969017029,0.20492295920848846
YMR087W,YMR065W,0,0.02868902,0.267429381608963,0.7435387969017029,0.20502302050590515
YOL111C,YBR061C,0,0.027861692,0.2673338055610657,0.7435387969017029,0.20512306690216064
YHR135C,YOR294W,0,0.027503408,0.2672382891178131,0.7435387969017029,0.20522312819957733
YNL282W,YGR271W,0,0.026317798,0.2671428620815277,0.7435387969017029,0.20532318949699402
YNL172W,YPR187W,0,0.024745084,0.2670474946498871,0.7435387969017029,0.2054232507944107
YJR147W,YCR046C,0,0.024427049,0.26695218682289124,0.7435387969017029,0.2055233120918274
YLR452C,YPR163C,0,0.024050497,0.26685693860054016,0.7435387969017029,0.20562337338924408
YDR449C,YGL148W,0,0.022897772,0.26676177978515625,0.7435387969017029,0.20572343468666077
YPR204W,YDL083C,0,0.022358797,0.2666666805744171,0.7435387969017029,0.20582349598407745
YDR373W,YCR002C,0,0.021539368,0.26657164096832275,0.7435387969017029,0.20592355728149414
YLL012W,YHR008C,0,0.021420054,0.26647666096687317,0.7435387969017029,0.20602361857891083
YGR177C,YKL074C,0,0.021335535,0.26638177037239075,0.7435387969017029,0.20612367987632751
YJL087C,YOL045W,0,0.02132272,0.2662869393825531,0.7435387969017029,0.2062237411737442
YOR388C,YAL033W,0,0.021267004,0.26619216799736023,0.7435387969017029,0.2063237875699997
YPL042C,YBR276C,0,0.021155678,0.2660974860191345,0.7435387969017029,0.20642384886741638
YLR452C,YBR271W,0,0.021108195,0.2660028338432312,0.7435387969017029,0.20652391016483307
YDL111C,YGR239C,0,0.020723753,0.26590827107429504,0.7435387969017029,0.20662397146224976
YKL020C,YOR098C,0,0.020460956,0.26581379771232605,0.7435387969017029,0.20672403275966644
YHR004C,YMR321C,0,0.018893898,0.26571935415267944,0.7435387969017029,0.20682409405708313
YFL048C,YPL093W,0,0.018880017,0.265625,0.7435387969017029,0.20692415535449982
YKR057W,YGR036C,0,0.018848918,0.26553070545196533,0.7435387969017029,0.2070242166519165
YGL209W,YER055C,0,0.018202,0.26543647050857544,0.7435387969017029,0.2071242779493332
YPR171W,YGR179C,0,0.017998703,0.2653423249721527,0.7435387969017029,0.20722433924674988
YMR172W,YJR112W,0,0.017676078,0.26524823904037476,0.7435387969017029,0.20732440054416656
YGR288W,YMR136W,0,0.017537586,0.2651542127132416,0.7435387969017029,0.20742446184158325
YGL014W,YKL067W,0,0.016771547,0.2650602459907532,0.7435387969017029,0.20752450823783875
YGR024C,YKL205W,1,0.016593598,0.2653205692768097,0.7445328235626221,0.20752450823783875
YOR323C,YNL080C,0,0.016457416,0.2652266323566437,0.7445328235626221,0.20762456953525543
YLR295C,YPL112C,0,0.016262762,0.26513275504112244,0.7445328235626221,0.20772463083267212
YNL221C,YMR047C,1,0.015907668,0.2653927803039551,0.7455268502235413,0.20772463083267212
YDR083W,YJR051W,0,0.01571872,0.26529890298843384,0.7455268502235413,0.2078246921300888
YNL079C,YBR072W,0,0.014872663,0.2652050852775574,0.7455268502235413,0.2079247534275055
YDR218C,YOL108C,0,0.014207207,0.26511135697364807,0.7455268502235413,0.20802481472492218
YGR034W,YNL052W,0,0.01419761,0.26501765847206116,0.7455268502235413,0.20812487602233887
YGL169W,YGL174W,0,0.013106003,0.2649240493774414,0.7455268502235413,0.20822493731975555
YOR147W,YKL074C,0,0.012491979,0.26483049988746643,0.7455268502235413,0.20832499861717224
YOR243C,YJL176C,0,0.012455709,0.2647370398044586,0.7455268502235413,0.20842505991458893
YOR388C,YDR174W,0,0.011433281,0.2646436095237732,0.7455268502235413,0.20852512121200562
YHR066W,YFL045C,0,0.011146292,0.26455026865005493,0.7455268502235413,0.2086251825094223
YKL078W,YIR038C,0,0.01081454,0.26445698738098145,0.7455268502235413,0.2087252289056778
YPL083C,YGL092W,1,0.00987082,0.264716237783432,0.7465208768844604,0.2087252289056778
YMR047C,YBR257W,1,0.009009786,0.26497533917427063,0.7475149035453796,0.2087252289056778
YPR144C,YFR045W,0,0.008919902,0.26488199830055237,0.7475149035453796,0.20882529020309448
YMR273C,YNL175C,0,0.008748829,0.26478874683380127,0.7475149035453796,0.20892535150051117
YOL124C,YBL092W,0,0.0086798,0.26469552516937256,0.7475149035453796,0.20902541279792786
YNL073W,YNR003C,0,0.008577667,0.264602392911911,0.7475149035453796,0.20912547409534454
YHR006W,YPL207W,1,0.008535646,0.2648610770702362,0.7485089302062988,0.20912547409534454
YLR165C,YGL244W,0,0.007795982,0.26476794481277466,0.7485089302062988,0.20922553539276123
YKL174C,YMR077C,0,0.0076359883,0.2646748721599579,0.7485089302062988,0.20932559669017792
YIL170W,YDL225W,0,0.007189207,0.2645818591117859,0.7485089302062988,0.2094256579875946
YEL037C,YMR296C,0,0.006796092,0.26448893547058105,0.7485089302062988,0.2095257192850113
YMR321C,YDR364C,0,0.0065153018,0.264396071434021,0.7485089302062988,0.20962578058242798
YAL054C,YHR060W,0,0.006229125,0.2643032670021057,0.7485089302062988,0.20972584187984467
YEL037C,YBR115C,0,0.0061559826,0.2642105221748352,0.7485089302062988,0.20982588827610016
YGR276C,YOL066C,1,0.0061334297,0.26446861028671265,0.749502956867218,0.20982588827610016
YBL041W,YPL007C,0,0.0058475807,0.26437586545944214,0.749502956867218,0.20992594957351685
YML112W,YGL174W,0,0.005564995,0.2642832100391388,0.749502956867218,0.21002601087093353
YNL261W,YDR405W,0,0.0044776723,0.2641906142234802,0.749502956867218,0.21012607216835022
YPL151C,YDR416W,0,0.004472077,0.26409807801246643,0.749502956867218,0.2102261334657669
YBR120C,YLR209C,0,0.0044316873,0.2640056014060974,0.749502956867218,0.2103261947631836
YDL246C,YPL163C,0,0.0043464378,0.26391318440437317,0.749502956867218,0.21042625606060028
YKL093W,YMR308C,0,0.003650345,0.2638208568096161,0.749502956867218,0.21052631735801697
YMR182C,YNL283C,0,0.0031401664,0.2637285888195038,0.749502956867218,0.21062637865543365
YKL007W,YDR332W,0,0.0028149858,0.26363635063171387,0.749502956867218,0.21072643995285034
YIL002C,YMR182C,0,0.0026929453,0.2635442018508911,0.749502956867218,0.21082650125026703
YML099C,YKL053C-A,0,0.0018647239,0.2634521424770355,0.749502956867218,0.21092656254768372
YOL107W,YDR226W,0,0.0017807335,0.2633601129055023,0.749502956867218,0.2110266089439392
YLR401C,YMR210W,0,0.001761727,0.2632681429386139,0.749502956867218,0.2111266702413559
YJL114W,YKR006C,0,0.0014874712,0.2631762623786926,0.749502956867218,0.21122673153877258
YGR072W,YLR278C,0,0.0014861152,0.26308444142341614,0.749502956867218,0.21132679283618927
YDR371W,YMR321C,0,0.0014345273,0.2629926800727844,0.749502956867218,0.21142685413360596
YOL070C,YBR080C,0,0.0013556108,0.2629009783267975,0.749502956867218,0.21152691543102264
YLL003W,YGR177C,0,-0.00031455606,0.2628093361854553,0.749502956867218,0.21162697672843933
YNL261W,YNL080C,0,-0.00031948835,0.2627177834510803,0.749502956867218,0.21172703802585602
YLR291C,YGL241W,0,-0.00039251894,0.2626262605190277,0.749502956867218,0.2118270993232727
YLR020C,YDR159W,0,-0.00071489066,0.26253482699394226,0.749502956867218,0.2119271606206894
YGR032W,YBL076C,0,-0.0014882758,0.2624434530735016,0.749502956867218,0.21202722191810608
YDR530C,YDR423C,0,-0.0021002144,0.2623521089553833,0.749502956867218,0.21212728321552277
YPR167C,YLR350W,0,-0.0026264563,0.26226088404655457,0.749502956867218,0.21222732961177826
YHR059W,YLL043W,0,-0.0029023662,0.2621696889400482,0.749502956867218,0.21232739090919495
YDR164C,YLR270W,0,-0.004146643,0.26207855343818665,0.749502956867218,0.21242745220661163
YLL051C,YGR081C,0,-0.0045175776,0.26198747754096985,0.749502956867218,0.21252751350402832
YGR225W,YHR005C-A,0,-0.004698731,0.2618964910507202,0.749502956867218,0.212627574801445
YLR329W,YNL258C,0,-0.0048442036,0.26180556416511536,0.749502956867218,0.2127276360988617
YNL172W,YGR012W,0,-0.0048470646,0.2617146968841553,0.749502956867218,0.21282769739627838
YOL107W,YER019C-A,0,-0.005057253,0.2616238594055176,0.749502956867218,0.21292775869369507
YGR285C,YMR176W,0,-0.0057325736,0.26153311133384705,0.749502956867218,0.21302781999111176
YMR238W,YBL068W,0,-0.005742915,0.2614424526691437,0.749502956867218,0.21312788128852844
YMR089C,YOL010W,0,-0.005748786,0.2613518238067627,0.749502956867218,0.21322794258594513
YOL086C,YAR035W,0,-0.005870633,0.2612612545490265,0.749502956867218,0.21332800388336182
YOR106W,YBL092W,0,-0.0062306747,0.26117077469825745,0.749502956867218,0.2134280502796173
YOL142W,YKL206C,0,-0.006481223,0.2610803246498108,0.749502956867218,0.213528111577034
YBL058W,YMR269W,0,-0.0066837743,0.2609899640083313,0.749502956867218,0.21362817287445068
YDR090C,YMR218C,0,-0.008034714,0.2608996629714966,0.749502956867218,0.21372823417186737
YKR006C,YMR075W,0,-0.008901514,0.26080942153930664,0.749502956867218,0.21382829546928406
YNR067C,YGR239C,0,-0.008990444,0.2607192397117615,0.749502956867218,0.21392835676670074
YGL232W,YNL282W,1,-0.009159885,0.2609747648239136,0.750497043132782,0.21392835676670074
YER014C-A,YCR011C,0,-0.01029139,0.2608845829963684,0.750497043132782,0.21402841806411743
YGL050W,YKL001C,0,-0.011219211,0.260794460773468,0.750497043132782,0.21412847936153412
YGR085C,YGR225W,0,-0.011675008,0.2607044279575348,0.750497043132782,0.2142285406589508
YLR228C,YOR194C,0,-0.012508355,0.26061442494392395,0.750497043132782,0.2143286019563675
YDR263C,YML036W,0,-0.012712307,0.2605245113372803,0.750497043132782,0.21442866325378418
YOR283W,YNL147W,0,-0.013125248,0.260434627532959,0.750497043132782,0.21452872455120087
YMR023C,YBR022W,1,-0.013574578,0.2606896460056305,0.7514910697937012,0.21452872455120087
YJL187C,YJL004C,0,-0.014339827,0.2605997920036316,0.7514910697937012,0.21462877094745636
YOR194C,YER145C,0,-0.01473432,0.26050999760627747,0.7514910697937012,0.21472883224487305
YLR020C,YLR151C,0,-0.015148707,0.2604202628135681,0.7514910697937012,0.21482889354228973
YPR194C,YFR021W,0,-0.015324749,0.26033058762550354,0.7514910697937012,0.21492895483970642
YLR429W,YMR034C,0,-0.016199864,0.26024097204208374,0.7514910697937012,0.2150290161371231
YGR056W,YKL041W,0,-0.016327806,0.2601514160633087,0.7514910697937012,0.2151290774345398
YOL112W,YGL162W,0,-0.016580723,0.26006191968917847,0.7514910697937012,0.21522913873195648
YMR145C,YAR035W,0,-0.017433159,0.259972482919693,0.7514910697937012,0.21532920002937317
YDL054C,YBL052C,0,-0.017478503,0.2598831355571747,0.7514910697937012,0.21542926132678986
YDR076W,YCR052W,0,-0.01797045,0.25979381799697876,0.7514910697937012,0.21552932262420654
YNR021W,YDL227C,0,-0.01909595,0.2597045600414276,0.7514910697937012,0.21562938392162323
YIR015W,YAL033W,1,-0.019257538,0.25995880365371704,0.7524850964546204,0.21562938392162323
YNL147W,YPL083C,1,-0.019570597,0.26021283864974976,0.7534791231155396,0.21562938392162323
YPL276W,YKL182W,0,-0.019647948,0.2601235508918762,0.7534791231155396,0.21572943031787872
YDR067C,YBR261C,0,-0.019755624,0.2600342929363251,0.7534791231155396,0.2158294916152954
YGR112W,YOR313C,0,-0.020434283,0.2599451243877411,0.7534791231155396,0.2159295529127121
YNL261W,YPL163C,0,-0.020793803,0.2598560154438019,0.7534791231155396,0.21602961421012878
YGL236C,YBR022W,1,-0.020918876,0.26010966300964355,0.7544731497764587,0.21602961421012878
YPL112C,YHR079C,0,-0.021271877,0.26002055406570435,0.7544731497764587,0.21612967550754547
YDL035C,YMR239C,0,-0.02162727,0.2599315047264099,0.7544731497764587,0.21622973680496216
YLL027W,YGL216W,0,-0.021906205,0.25984251499176025,0.7544731497764587,0.21632979810237885
YIL139C,YKL067W,0,-0.022150137,0.25975358486175537,0.7544731497764587,0.21642985939979553
YOR159C,YLR164W,0,-0.022317477,0.25966471433639526,0.7544731497764587,0.21652992069721222
YPR167C,YOR162C,0,-0.022343285,0.2595759332180023,0.7544731497764587,0.2166299819946289
YGL244W,YBL068W,0,-0.022804268,0.25948718190193176,0.7544731497764587,0.2167300432920456
YLR145W,YGL190C,0,-0.022822242,0.259398490190506,0.7544731497764587,0.21683010458946228
YMR284W,YER087C-B,0,-0.023390003,0.25930988788604736,0.7544731497764587,0.21693015098571777
YLR394W,YJR130C,0,-0.023489274,0.25922131538391113,0.7544731497764587,0.21703021228313446
YOR388C,YNL232W,0,-0.024077184,0.2591328024864197,0.7544731497764587,0.21713027358055115
YKL180W,YBR026C,0,-0.024430044,0.2590443789958954,0.7544731497764587,0.21723033487796783
YDR083W,YDL045C,0,-0.024623685,0.2589559853076935,0.7544731497764587,0.21733039617538452
YGR020C,YER145C,0,-0.024636082,0.25886768102645874,0.7544731497764587,0.2174304574728012
YHR012W,YML071C,0,-0.026308753,0.2587794065475464,0.7544731497764587,0.2175305187702179
YGR118W,YJL176C,0,-0.026559524,0.2586911916732788,0.7544731497764587,0.21763058006763458
YDR310C,YER104W,0,-0.026757665,0.2586030662059784,0.7544731497764587,0.21773064136505127
YLR042C,YFL023W,0,-0.027058892,0.25851500034332275,0.7544731497764587,0.21783070266246796
YPR171W,YGR216C,0,-0.028542347,0.2584269642829895,0.7544731497764587,0.21793076395988464
YBR278W,YCL018W,0,-0.028784849,0.2583390176296234,0.7544731497764587,0.21803082525730133
YOR388C,YKR068C,0,-0.029045738,0.2582511007785797,0.7544731497764587,0.21813087165355682
YPR167C,YHR002W,0,-0.030762002,0.2581632733345032,0.7544731497764587,0.2182309329509735
YPL002C,YEL043W,0,-0.030769475,0.258075475692749,0.7544731497764587,0.2183309942483902
YLR141W,YMR143W,0,-0.03174696,0.25798776745796204,0.7544731497764587,0.21843105554580688
YNL297C,YBL028C,0,-0.032100208,0.25790008902549744,0.7544731497764587,0.21853111684322357
YOL010W,YAL054C,0,-0.032229252,0.2578125,0.7544731497764587,0.21863117814064026
YDL036C,YAL020C,1,-0.032617427,0.25806450843811035,0.7554671764373779,0.21863117814064026
YGL172W,YGR084C,0,-0.033185206,0.2579769194126129,0.7554671764373779,0.21873123943805695
YOR275C,YKR102W,0,-0.033197306,0.25788938999176025,0.7554671764373779,0.21883130073547363
YLR384C,YML091C,1,-0.03353665,0.25814110040664673,0.7564612030982971,0.21883130073547363
YIL094C,YKL166C,0,-0.033843778,0.25805357098579407,0.7564612030982971,0.21893136203289032
YLR384C,YLR105C,1,-0.03407643,0.25830507278442383,0.7574552893638611,0.21893136203289032
YHR061C,YJR028W,0,-0.034110278,0.25821754336357117,0.7574552893638611,0.219031423330307
YPL244C,YHR109W,0,-0.034489743,0.2581300735473633,0.7574552893638611,0.2191314846277237
YDR296W,YHL034C,0,-0.03473366,0.25804266333580017,0.7574552893638611,0.21923154592514038
YGR052W,YPL134C,0,-0.034923248,0.25795531272888184,0.7574552893638611,0.21933159232139587
YFR018C,YJL117W,0,-0.03536851,0.2578680217266083,0.7574552893638611,0.21943165361881256
YML030W,YNL219C,0,-0.035411425,0.2577807903289795,0.7574552893638611,0.21953171491622925
YNL085W,YDL045W-A,0,-0.035686567,0.2576936185359955,0.7574552893638611,0.21963177621364594
YGR288W,YJR004C,0,-0.035689987,0.25760647654533386,0.7574552893638611,0.21973183751106262
YHL012W,YBR061C,0,-0.036993913,0.2575194239616394,0.7574552893638611,0.2198318988084793
YGL148W,YJL082W,0,-0.037292883,0.2574324309825897,0.7574552893638611,0.219931960105896
YKR057W,YLR151C,0,-0.037559874,0.2573454976081848,0.7574552893638611,0.22003202140331268
YCL036W,YNR028W,0,-0.038595177,0.2572586238384247,0.7574552893638611,0.22013208270072937
YHR012W,YCR014C,0,-0.038973764,0.25717177987098694,0.7574552893638611,0.22023214399814606
YPL083C,YMR312W,1,-0.0397781,0.25742238759994507,0.7584493160247803,0.22023214399814606
YGL103W,YJR063W,0,-0.040233202,0.2573355734348297,0.7584493160247803,0.22033220529556274
YPR113W,YOR237W,0,-0.04065568,0.25724881887435913,0.7584493160247803,0.22043226659297943
YDR064W,YGR072W,0,-0.04083968,0.2571621239185333,0.7584493160247803,0.22053231298923492
YPR002W,YPR163C,0,-0.041337796,0.2570754587650299,0.7584493160247803,0.2206323742866516
YGR144W,YPL083C,0,-0.04199305,0.25698888301849365,0.7584493160247803,0.2207324355840683
YJR026W,YMR301C,0,-0.042594038,0.2569023668766022,0.7584493160247803,0.22083249688148499
YBR067C,YBR281C,0,-0.042691916,0.2568158805370331,0.7584493160247803,0.22093255817890167
YDL006W,YCL017C,1,-0.042948186,0.25706595182418823,0.7594433426856995,0.22093255817890167
YBR066C,YER168C,0,-0.043957718,0.25697949528694153,0.7594433426856995,0.22103261947631836
YDR245W,YNL258C,0,-0.04489707,0.2568930685520172,0.7594433426856995,0.22113268077373505
YKL078W,YDL097C,0,-0.045061804,0.25680673122406006,0.7594433426856995,0.22123274207115173
YBR183W,YDR173C,0,-0.04560623,0.2567204236984253,0.7594433426856995,0.22133280336856842
YER049W,YLR020C,0,-0.046423383,0.2566342055797577,0.7594433426856995,0.2214328646659851
YHR132C,YLL061W,0,-0.047083206,0.2565480172634125,0.7594433426856995,0.2215329259634018
YOR159C,YEL022W,0,-0.047150537,0.25646188855171204,0.7594433426856995,0.2216329723596573
YNL095C,YOR324C,0,-0.047365077,0.25637584924697876,0.7594433426856995,0.22173303365707397
YIL108W,YNR002C,0,-0.04754252,0.25628983974456787,0.7594433426856995,0.22183309495449066
YDR527W,YLR268W,0,-0.04785806,0.25620388984680176,0.7594433426856995,0.22193315625190735
YDR030C,YNL138W,0,-0.049109705,0.2561179995536804,0.7594433426856995,0.22203321754932404
YDL246C,YER138C,0,-0.04912553,0.25603216886520386,0.7594433426856995,0.22213327884674072
YPL180W,YNL267W,0,-0.049465068,0.25594639778137207,0.7594433426856995,0.2222333401441574
YER171W,YCR046C,0,-0.050045498,0.25586068630218506,0.7594433426856995,0.2223334014415741
YNL102W,YDR229W,0,-0.05014115,0.2557750344276428,0.7594433426856995,0.22243346273899078
YJR026W,YNL284C,0,-0.051273607,0.255689412355423,0.7594433426856995,0.22253352403640747
YDR072C,YOR349W,0,-0.052435108,0.2556038796901703,0.7594433426856995,0.22263358533382416
YBR093C,YPR160W,0,-0.052475818,0.2555184066295624,0.7594433426856995,0.22273364663124084
YLR182W,YIL139C,0,-0.052654542,0.25543296337127686,0.7594433426856995,0.22283369302749634
YML071C,YKR101W,0,-0.052680254,0.2553475797176361,0.7594433426856995,0.22293375432491302
YJL187C,YPL188W,0,-0.053055502,0.2552622854709625,0.7594433426856995,0.2230338156223297
YCR057C,YDL035C,0,-0.053072065,0.25517702102661133,0.7594433426856995,0.2231338769197464
YKL119C,YDL024C,0,-0.053900458,0.2550918161869049,0.7594433426856995,0.22323393821716309
YDL055C,YMR304W,0,-0.05418179,0.25500667095184326,0.7594433426856995,0.22333399951457977
YCL014W,YKL166C,0,-0.05438623,0.2549215853214264,0.7594433426856995,0.22343406081199646
YER168C,YDL225W,0,-0.054863162,0.2548365592956543,0.7594433426856995,0.22353412210941315
YDL035C,YBR141C,0,-0.054989748,0.254751592874527,0.7594433426856995,0.22363418340682983
YLL004W,YDR240C,0,-0.055210657,0.25466665625572205,0.7594433426856995,0.22373424470424652
YBL005W-B,YDR496C,0,-0.055460878,0.2545818090438843,0.7594433426856995,0.2238343060016632
YGR056W,YLR088W,0,-0.05557307,0.2544969916343689,0.7594433426856995,0.2239343672990799
YOR324C,YGR276C,0,-0.05637674,0.2544122636318207,0.7594433426856995,0.2240344136953354
YPL131W,YPL027W,0,-0.057671838,0.25432756543159485,0.7594433426856995,0.22413447499275208
YHR056C,YIL139C,0,-0.058177993,0.2542429268360138,0.7594433426856995,0.22423453629016876
YGR095C,YMR143W,0,-0.05926449,0.2541583478450775,0.7594433426856995,0.22433459758758545
YMR089C,YDR062W,0,-0.059628107,0.254073828458786,0.7594433426856995,0.22443465888500214
YPL127C,YLR219W,0,-0.059666835,0.2539893686771393,0.7594433426856995,0.22453472018241882
YLR386W,YOR180C,0,-0.059682973,0.25390493869781494,0.7594433426856995,0.2246347814798355
YMR065W,YCR052W,0,-0.059871115,0.25382059812545776,0.7594433426856995,0.2247348427772522
YKL078W,YLL055W,0,-0.06030398,0.253736287355423,0.7594433426856995,0.22483490407466888
YAL033W,YJL124C,0,-0.060483105,0.25365206599235535,0.7594433426856995,0.22493496537208557
YIL128W,YPR167C,0,-0.060632043,0.2535678744316101,0.7594433426856995,0.22503502666950226
YPL094C,YDR146C,0,-0.060632683,0.25348374247550964,0.7594433426856995,0.22513508796691895
YBR271W,YDR222W,0,-0.060813554,0.25339967012405396,0.7594433426856995,0.22523513436317444
YNR074C,YOR099W,0,-0.06129644,0.25331565737724304,0.7594433426856995,0.22533519566059113
YLR447C,YEL041W,0,-0.061636604,0.2532316744327545,0.7594433426856995,0.2254352569580078
YOL004W,YDR173C,0,-0.061638303,0.25314778089523315,0.7594433426856995,0.2255353182554245
YIR011C,YHR156C,0,-0.06175196,0.2530639171600342,0.7594433426856995,0.2256353795528412
YMR179W,YDR332W,0,-0.062552996,0.25298014283180237,0.7594433426856995,0.22573544085025787
YPR204W,YNL230C,0,-0.06297783,0.25289639830589294,0.7594433426856995,0.22583550214767456
YLR314C,YKR044W,0,-0.063175,0.2528127133846283,0.7594433426856995,0.22593556344509125
YPR198W,YGR072W,0,-0.06326521,0.2527290880680084,0.7594433426856995,0.22603562474250793
YGL083W,YML039W,0,-0.06470488,0.25264549255371094,0.7594433426856995,0.22613568603992462
YLR291C,YLR359W,0,-0.0649784,0.2525619864463806,0.7594433426856995,0.2262357473373413
YLR020C,YNL208W,0,-0.065400325,0.2524785101413727,0.7594433426856995,0.226335808634758
YDR392W,YBR257W,0,-0.06593051,0.2523951232433319,0.7594433426856995,0.2264358550310135
YIR015W,YBR061C,1,-0.066578984,0.2526420056819916,0.7604373693466187,0.2264358550310135
YEL030W,YDL225W,0,-0.06767938,0.2525585889816284,0.7604373693466187,0.22653591632843018
YDR419W,YNR010W,0,-0.06901417,0.2524752616882324,0.7604373693466187,0.22663597762584686
YGL172W,YKR102W,0,-0.06917072,0.2523919641971588,0.7604373693466187,0.22673603892326355
YER165W,YDR476C,0,-0.06921706,0.2523086965084076,0.7604373693466187,0.22683610022068024
YPR024W,YKL038W,0,-0.069653325,0.25222551822662354,0.7604373693466187,0.22693616151809692
YKL009W,YNL121C,0,-0.0700651,0.25214239954948425,0.7604373693466187,0.2270362228155136
YBR115C,YMR065W,0,-0.07071584,0.25205931067466736,0.7604373693466187,0.2271362841129303
YLL002W,YNL107W,0,-0.070932545,0.25197628140449524,0.7604373693466187,0.22723634541034698
YBR202W,YGR171C,0,-0.07163454,0.2518933117389679,0.7604373693466187,0.22733640670776367
YPL083C,YGR200C,1,-0.07262253,0.2521395683288574,0.7614313960075378,0.22733640670776367
YGR144W,YJR063W,0,-0.073768966,0.2520565986633301,0.7614313960075378,0.22743646800518036
YDR473C,YDR429C,0,-0.07384241,0.2519736886024475,0.7614313960075378,0.22753652930259705
YBL026W,YDR472W,0,-0.07482497,0.2518908381462097,0.7614313960075378,0.22763657569885254
YDR383C,YFR029W,0,-0.07490183,0.2518080174922943,0.7614313960075378,0.22773663699626923
YDL245C,YIL094C,0,-0.07518513,0.2517252564430237,0.7614313960075378,0.2278366982936859
YDL036C,YAL043C,1,-0.0753474,0.2519710958003998,0.762425422668457,0.2278366982936859
YLR020C,YOR239W,0,-0.07540607,0.25188833475112915,0.762425422668457,0.2279367595911026
YDL121C,YGR077C,0,-0.07641489,0.2518056333065033,0.762425422668457,0.2280368208885193
YGL170C,YLR073C,0,-0.07714249,0.2517229914665222,0.762425422668457,0.22813688218593597
YLR163C,YDR369C,0,-0.07715086,0.2516404092311859,0.762425422668457,0.22823694348335266
YMR283C,YKR079C,1,-0.077167965,0.25188586115837097,0.763419508934021,0.22823694348335266
YGL243W,YBR022W,1,-0.0776955,0.2521311342716217,0.7644135355949402,0.22823694348335266
YFR013W,YBR042C,0,-0.07806591,0.252048522233963,0.7644135355949402,0.22833700478076935
YBR195C,YNL026W,0,-0.07806811,0.2519659101963043,0.7644135355949402,0.22843706607818604
YMR308C,YPR152C,0,-0.0783555,0.2518833875656128,0.7644135355949402,0.22853712737560272
YKL130C,YPR043W,0,-0.07837159,0.25180092453956604,0.7644135355949402,0.2286371886730194
YIL035C,YOR351C,0,-0.07840685,0.2517184913158417,0.7644135355949402,0.2287372350692749
YMR005W,YER046W,0,-0.079364784,0.2516361176967621,0.7644135355949402,0.2288372963666916
YJL178C,YCL004W,0,-0.079551,0.25155380368232727,0.7644135355949402,0.22893735766410828
YKL171W,YHR061C,0,-0.07974029,0.25147154927253723,0.7644135355949402,0.22903741896152496
YER049W,YOR351C,0,-0.08002069,0.25138935446739197,0.7644135355949402,0.22913748025894165
YBR271W,YDL035C,0,-0.08083849,0.2513071894645691,0.7644135355949402,0.22923754155635834
YOR243C,YPR001W,0,-0.0811583,0.251225084066391,0.7644135355949402,0.22933760285377502
YER050C,YJL166W,0,-0.08150143,0.25114303827285767,0.7644135355949402,0.2294376641511917
YLR105C,YIL140W,0,-0.0817932,0.2510610520839691,0.7644135355949402,0.2295377254486084
YER165W,YJL213W,0,-0.08209149,0.25097912549972534,0.7644135355949402,0.22963778674602509
YDR172W,YLR047C,0,-0.082696155,0.25089722871780396,0.7644135355949402,0.22973784804344177
YKL082C,YIR032C,0,-0.08361203,0.25081539154052734,0.7644135355949402,0.22983790934085846
YLR452C,YDR222W,0,-0.08364516,0.2507336139678955,0.7644135355949402,0.22993795573711395
YNL084C,YLR025W,0,-0.08366496,0.25065189599990845,0.7644135355949402,0.23003801703453064
YNL273W,YER168C,0,-0.08383521,0.2505702078342438,0.7644135355949402,0.23013807833194733
YOL103W-B,YDL217C,0,-0.084157124,0.25048860907554626,0.7644135355949402,0.230238139629364
YOR148C,YAR035W,0,-0.08429111,0.25040704011917114,0.7644135355949402,0.2303382009267807
YDL133C-A,YOL107W,0,-0.08486865,0.2503255307674408,0.7644135355949402,0.2304382622241974
YGL220W,YOL108C,0,-0.08552711,0.25024405121803284,0.7644135355949402,0.23053832352161407
YPR011C,YDR281C,0,-0.086004205,0.25016266107559204,0.7644135355949402,0.23063838481903076
YGR175C,YJL140W,0,-0.086186714,0.25008130073547363,0.7644135355949402,0.23073844611644745
YCR060W,YKL007W,0,-0.08671912,0.25,0.7644135355949402,0.23083850741386414
YHR030C,YJL194W,0,-0.0867886,0.24991875886917114,0.7644135355949402,0.23093856871128082
YGR077C,YBL052C,0,-0.087617435,0.24983756244182587,0.7644135355949402,0.2310386300086975
YPL112C,YBR222C,0,-0.08770112,0.24975641071796417,0.7644135355949402,0.231138676404953
YJL112W,YIL159W,0,-0.08882227,0.24967531859874725,0.7644135355949402,0.2312387377023697
YHR135C,YBR257W,0,-0.089601584,0.2495942860841751,0.7644135355949402,0.23133879899978638
YBR020W,YNL078W,0,-0.09004586,0.24951329827308655,0.7644135355949402,0.23143886029720306
YGL172W,YAR008W,1,-0.090207964,0.24975672364234924,0.7654075622558594,0.23143886029720306
YJR022W,YAL020C,1,-0.09027616,0.25,0.7664015889167786,0.23143886029720306
YLR395C,YDR218C,0,-0.09032985,0.24991896748542786,0.7664015889167786,0.23153892159461975
YOR251C,YMR059W,1,-0.09033764,0.2501620352268219,0.7673956155776978,0.23153892159461975
YOL045W,YOR279C,0,-0.09161394,0.25008097290992737,0.7673956155776978,0.23163898289203644
YJL171C,YNR002C,0,-0.09165565,0.25,0.7673956155776978,0.23173904418945312
YMR136W,YJR140C,0,-0.0928879,0.2499190717935562,0.7673956155776978,0.2318391054868698
YPR113W,YDR146C,0,-0.09322355,0.249838188290596,0.7673956155776978,0.2319391667842865
YLR404W,YLR268W,0,-0.093819626,0.24975736439228058,0.7673956155776978,0.23203922808170319
YJR138W,YDR414C,0,-0.09383831,0.24967658519744873,0.7673956155776978,0.23213928937911987
YDR240C,YOR261C,0,-0.09391493,0.24959586560726166,0.7673956155776978,0.23223935067653656
YER050C,YDR067C,0,-0.09486232,0.24951519072055817,0.7673956155776978,0.23233939707279205
YOR098C,YAL029C,0,-0.0948878,0.24943457543849945,0.7673956155776978,0.23243945837020874
YOR377W,YBR192W,0,-0.09524106,0.24935400485992432,0.7673956155776978,0.23253951966762543
YIR015W,YGR169C,1,-0.09584328,0.24959638714790344,0.7683896422386169,0.23253951966762543
YNL102W,YHL027W,0,-0.096274756,0.2495158165693283,0.7683896422386169,0.23263958096504211
YLR105C,YML014W,1,-0.09683617,0.24975799024105072,0.7693836688995361,0.23263958096504211
YDL006W,YBR022W,1,-0.09700901,0.25,0.7703777551651001,0.23263958096504211
YBL041W,YPL096W,0,-0.097125374,0.24991938471794128,0.7703777551651001,0.2327396422624588
YIL061C,YBR281C,0,-0.097282566,0.24983881413936615,0.7703777551651001,0.2328397035598755
YNL127W,YGL209W,0,-0.097374864,0.2497583031654358,0.7703777551651001,0.23293976485729218
YGL010W,YGL051W,0,-0.09757448,0.249677836894989,0.7703777551651001,0.23303982615470886
YIR015W,YNR015W,1,-0.09838898,0.24991948902606964,0.7713717818260193,0.23303982615470886
YGL172W,YPL207W,1,-0.09876669,0.25016099214553833,0.7723658084869385,0.23303982615470886
YBR278W,YER087W,0,-0.09881369,0.2500804662704468,0.7723658084869385,0.23313988745212555
YDL022W,YOR313C,0,-0.09926947,0.25,0.7723658084869385,0.23323994874954224
YDL227C,YDR444W,0,-0.099520214,0.249919593334198,0.7723658084869385,0.23334001004695892
YBR002C,YOL040C,0,-0.09982524,0.24983923137187958,0.7723658084869385,0.2334400713443756
YGR034W,YEL056W,0,-0.09985385,0.24975891411304474,0.7723658084869385,0.2335401177406311
YEL043W,YPL139C,0,-0.10021714,0.24967865645885468,0.7723658084869385,0.2336401790380478
YOR323C,YER138C,0,-0.10060992,0.2495984584093094,0.7723658084869385,0.23374024033546448
YFR045W,YCL014W,0,-0.10098801,0.24951830506324768,0.7723658084869385,0.23384030163288116
YMR218C,YIL021W,0,-0.10101769,0.24943819642066956,0.7723658084869385,0.23394036293029785
YMR270C,YDR404C,0,-0.10134584,0.2493581473827362,0.7723658084869385,0.23404042422771454
YLL034C,YNL107W,0,-0.10204647,0.24927815794944763,0.7723658084869385,0.23414048552513123
YPR162C,YOL043C,0,-0.10246784,0.24919819831848145,0.7723658084869385,0.2342405468225479
YIL061C,YGR239C,0,-0.102566786,0.24911831319332123,0.7723658084869385,0.2343406081199646
YGL232W,YLR316C,1,-0.102613375,0.24935896694660187,0.7733598351478577,0.2343406081199646
YJL029C,YML006C,0,-0.10279061,0.24927908182144165,0.7733598351478577,0.2344406694173813
YPL064C,YDR527W,0,-0.10298426,0.24919922649860382,0.7733598351478577,0.23454073071479797
YGR281W,YPL078C,0,-0.10370346,0.24911943078041077,0.7733598351478577,0.23464077711105347
YER014C-A,YFR031C,0,-0.10396449,0.2490396946668625,0.7733598351478577,0.23474083840847015
YHR012W,YDR260C,0,-0.10403741,0.2489600032567978,0.7733598351478577,0.23484089970588684
YBR182C,YER171W,0,-0.104269676,0.24888035655021667,0.7733598351478577,0.23494096100330353
YHR085W,YPR138C,0,-0.10436406,0.24880076944828033,0.7733598351478577,0.23504102230072021
YPR011C,YHR039C-A,0,-0.10448206,0.24872122704982758,0.7733598351478577,0.2351410835981369
YDR144C,YHR041C,0,-0.1052608,0.2486417442560196,0.7733598351478577,0.2352411448955536
YDL033C,YML014W,1,-0.105282456,0.24888178706169128,0.7743538618087769,0.2352411448955536
YNL208W,YIL132C,0,-0.105411194,0.2488023042678833,0.7743538618087769,0.23534120619297028
YJL004C,YBL085W,0,-0.10572938,0.2487228661775589,0.7743538618087769,0.23544126749038696
YML099C,YJR031C,0,-0.10623303,0.24864347279071808,0.7743538618087769,0.23554132878780365
YER168C,YOR353C,0,-0.10655824,0.24856413900852203,0.7743538618087769,0.23564139008522034
YBR202W,YLR151C,0,-0.10685052,0.24848484992980957,0.7743538618087769,0.23574145138263702
YOR324C,YLR268W,0,-0.107106306,0.2484056055545807,0.7743538618087769,0.23584149777889252
YDR233C,YKL095W,0,-0.107438035,0.24832642078399658,0.7743538618087769,0.2359415590763092
YGL190C,YBR257W,0,-0.10765603,0.24824729561805725,0.7743538618087769,0.2360416203737259
YIR038C,YJL213W,0,-0.108586706,0.2481682002544403,0.7743538618087769,0.23614168167114258
YOL045W,YLR359W,0,-0.10947064,0.24808917939662933,0.7743538618087769,0.23624174296855927
YER117W,YNR006W,0,-0.10956051,0.24801018834114075,0.7743538618087769,0.23634180426597595
YOL102C,YJL192C,0,-0.10976235,0.24793125689029694,0.7743538618087769,0.23644186556339264
YKR002W,YJL192C,0,-0.111278914,0.2478523701429367,0.7743538618087769,0.23654192686080933
YPR035W,YDR076W,0,-0.11139942,0.24777354300022125,0.7743538618087769,0.236641988158226
YCL036W,YOL108C,0,-0.11278529,0.24769476056098938,0.7743538618087769,0.2367420494556427
YGL112C,YPL110C,0,-0.113135,0.2476160228252411,0.7743538618087769,0.2368421107530594
YOR243C,YER052C,0,-0.1148732,0.24753732979297638,0.7743538618087769,0.23694217205047607
YNR003C,YLR042C,0,-0.11701442,0.24745871126651764,0.7743538618087769,0.23704221844673157
YLR157C,YFL066C,0,-0.1173541,0.2473801225423813,0.7743538618087769,0.23714227974414825
YNR021W,YER046W,0,-0.11770984,0.2473015934228897,0.7743538618087769,0.23724234104156494
YPR191W,YML080W,0,-0.11812078,0.2472231090068817,0.7743538618087769,0.23734240233898163
YDL028C,YFL017W-A,0,-0.11829791,0.2471446692943573,0.7743538618087769,0.23744246363639832
YMR146C,YJR021C,0,-0.11848078,0.24706628918647766,0.7743538618087769,0.237542524933815
YBR260C,YOL158C,0,-0.11856509,0.2469879537820816,0.7743538618087769,0.2376425862312317
YBR066C,YDL047W,0,-0.11878259,0.24690966308116913,0.7743538618087769,0.23774264752864838
YOR212W,YPL122C,0,-0.1188027,0.24683143198490143,0.7743538618087769,0.23784270882606506
YMR077C,YNL050C,0,-0.119827375,0.2467532455921173,0.7743538618087769,0.23794277012348175
YNR072W,YOL062C,0,-0.12021306,0.24667510390281677,0.7743538618087769,0.23804283142089844
YCL057W,YPL183W-A,0,-0.12089538,0.246597021818161,0.7743538618087769,0.23814289271831512
YLR009W,YCR002C,0,-0.12119342,0.24651898443698883,0.7743538618087769,0.23824293911457062
YHR164C,YLL012W,0,-0.12160527,0.24644100666046143,0.7743538618087769,0.2383430004119873
YLR203C,YDR076W,0,-0.122658804,0.2463630586862564,0.7743538618087769,0.238443061709404
YDR205W,YMR227C,0,-0.1226799,0.24628517031669617,0.7743538618087769,0.23854312300682068
YHR030C,YNR060W,0,-0.12348793,0.2462073266506195,0.7743538618087769,0.23864318430423737
YDL033C,YOR251C,1,-0.12394185,0.24644549190998077,0.775347888469696,0.23864318430423737
YFR045W,YIL140W,0,-0.12453762,0.2463676631450653,0.775347888469696,0.23874324560165405
YGL211W,YDL033C,1,-0.12461796,0.24660561978816986,0.77634197473526,0.23874324560165405
YGR012W,YLR321C,0,-0.12535119,0.2465277761220932,0.77634197473526,0.23884330689907074
YHR002W,YCL052C,0,-0.12584811,0.24644997715950012,0.77634197473526,0.23894336819648743
YNL178W,YBL113C,0,-0.12613386,0.24637223780155182,0.77634197473526,0.2390434294939041
YLR203C,YNL078W,0,-0.1262111,0.2462945431470871,0.77634197473526,0.2391434907913208
YHR066W,YGR112W,0,-0.12650436,0.24621689319610596,0.77634197473526,0.2392435520887375
YJR051W,YGR070W,0,-0.12666935,0.2461393028497696,0.77634197473526,0.23934361338615417
YLR203C,YIL079C,0,-0.12667179,0.2460617572069168,0.77634197473526,0.23944365978240967
YNR017W,YOR327C,0,-0.1266728,0.2459842562675476,0.77634197473526,0.23954372107982635
YDR371W,YNR018W,0,-0.12675577,0.245906800031662,0.77634197473526,0.23964378237724304
YKR069W,YGL148W,0,-0.12702844,0.24582940340042114,0.77634197473526,0.23974384367465973
YOL052C,YNL080C,0,-0.1276165,0.24575205147266388,0.77634197473526,0.23984390497207642
YDR389W,YDL039C,0,-0.12776092,0.2456747442483902,0.77634197473526,0.2399439662694931
YLL041C,YMR065W,0,-0.12789139,0.2455974817276001,0.77634197473526,0.2400440275669098
YOR388C,YKR008W,0,-0.12816474,0.24552027881145477,0.77634197473526,0.24014408886432648
YBR120C,YMR308C,0,-0.12822682,0.24544312059879303,0.77634197473526,0.24024415016174316
YDR463W,YAL043C,1,-0.12823129,0.24568018317222595,0.7773360013961792,0.24024415016174316
YGL180W,YBR141C,0,-0.1287426,0.24560301005840302,0.7773360013961792,0.24034421145915985
YNL079C,YEL029C,0,-0.12885594,0.24552589654922485,0.7773360013961792,0.24044427275657654
YDL059C,YGR113W,0,-0.12900072,0.24544884264469147,0.7773360013961792,0.24054431915283203
YBL071W-A,YNL292W,1,-0.12916292,0.24568559229373932,0.7783300280570984,0.24054431915283203
YOL112W,YNL283C,0,-0.12953806,0.24560853838920593,0.7783300280570984,0.24064438045024872
YGR118W,YGL190C,0,-0.12966959,0.24553151428699493,0.7783300280570984,0.2407444417476654
YBR238C,YMR267W,0,-0.13006479,0.2454545497894287,0.7783300280570984,0.2408445030450821
YDR196C,YHR041C,0,-0.13044655,0.24537762999534607,0.7783300280570984,0.24094456434249878
YLR153C,YOR313C,0,-0.13074467,0.245300754904747,0.7783300280570984,0.24104462563991547
YJL155C,YOR294W,0,-0.13109112,0.24522392451763153,0.7783300280570984,0.24114468693733215
YER117W,YHR041C,0,-0.1316613,0.24514715373516083,0.7783300280570984,0.24124474823474884
YJL140W,YEL030W,0,-0.13166347,0.2450704276561737,0.7783300280570984,0.24134480953216553
YOR071C,YOR292C,0,-0.13207954,0.24499374628067017,0.7783300280570984,0.24144487082958221
YGL209W,YMR270C,0,-0.13307565,0.2449171096086502,0.7783300280570984,0.2415449321269989
YBL071W-A,YGL243W,1,-0.13380328,0.24515321850776672,0.7793240547180176,0.2415449321269989
YGR180C,YPL183W-A,0,-0.13392842,0.24507658183574677,0.7793240547180176,0.2416449934244156
YOR159C,YGR105W,0,-0.13410625,0.24500000476837158,0.7793240547180176,0.24174503982067108
YOR232W,YDR195W,0,-0.1357144,0.2449234575033188,0.7793240547180176,0.24184510111808777
YDR144C,YEL022W,0,-0.13587561,0.24484696984291077,0.7793240547180176,0.24194516241550446
YNL127W,YDR461W,0,-0.13702798,0.24477052688598633,0.7793240547180176,0.24204522371292114
YNL314W,YIL046W,0,-0.13727918,0.24469412863254547,0.7793240547180176,0.24214528501033783
YOR106W,YNL052W,0,-0.13753119,0.2446177899837494,0.7793240547180176,0.24224534630775452
YKR057W,YAL017W,0,-0.13767874,0.2445414811372757,0.7793240547180176,0.2423454076051712
YPL200W,YPL208W,0,-0.13785112,0.24446523189544678,0.7793240547180176,0.2424454689025879
YJR028W,YDR159W,0,-0.13797522,0.24438902735710144,0.7793240547180176,0.24254553020000458
YOR304C-A,YDL059C,0,-0.1384548,0.24431286752223969,0.7793240547180176,0.24264559149742126
YLR224W,YIL047C,0,-0.13860133,0.2442367672920227,0.7793240547180176,0.24274565279483795
YLR285W,YMR246W,0,-0.13876066,0.2441606968641281,0.7793240547180176,0.24284571409225464
YOL028C,YMR308C,0,-0.1390642,0.2440846860408783,0.7793240547180176,0.24294576048851013
YDR383C,YDR205W,0,-0.13944861,0.24400871992111206,0.7793240547180176,0.24304582178592682
YGR144W,YGR077C,0,-0.13946703,0.2439327985048294,0.7793240547180176,0.2431458830833435
YHR164C,YIR032C,0,-0.1396066,0.24385692179203033,0.7793240547180176,0.2432459443807602
YMR137C,YIL076W,0,-0.1408016,0.24378108978271484,0.7793240547180176,0.24334600567817688
YOR292C,YLR163C,0,-0.1408487,0.24370531737804413,0.7793240547180176,0.24344606697559357
YFL014W,YGL256W,0,-0.14114386,0.243629589676857,0.7793240547180176,0.24354612827301025
YJL140W,YDR416W,0,-0.14119568,0.24355389177799225,0.7793240547180176,0.24364618957042694
YDR383C,YCR046C,0,-0.14153767,0.24347825348377228,0.7793240547180176,0.24374625086784363
YDR530C,YLR103C,0,-0.1419603,0.24340267479419708,0.7793240547180176,0.24384631216526031
YPL064C,YKL165C,0,-0.14214724,0.24332712590694427,0.7793240547180176,0.243946373462677
YGL004C,YER087C-B,0,-0.14220792,0.24325162172317505,0.7793240547180176,0.2440464347600937
YOR194C,YGR276C,0,-0.14224249,0.2431761771440506,0.7793240547180176,0.24414648115634918
YKL009W,YNL092W,0,-0.14237025,0.24310077726840973,0.7793240547180176,0.24424654245376587
YLR020C,YLL012W,0,-0.14246622,0.24302542209625244,0.7793240547180176,0.24434660375118256
YPL131W,YBR115C,0,-0.14261833,0.24295011162757874,0.7793240547180176,0.24444666504859924
YPR001W,YER104W,0,-0.14270192,0.2428748458623886,0.7793240547180176,0.24454672634601593
YGR175C,YGR239C,0,-0.14298326,0.24279962480068207,0.7793240547180176,0.24464678764343262
YLR430W,YCL017C,1,-0.14331803,0.24303404986858368,0.7803180813789368,0.24464678764343262
YBR278W,YIL048W,0,-0.1433608,0.24295884370803833,0.7803180813789368,0.2447468489408493
YGR032W,YDL074C,0,-0.14357474,0.24288366734981537,0.7803180813789368,0.244846910238266
YPL131W,YGL190C,0,-0.14372993,0.242808535695076,0.7803180813789368,0.24494697153568268
YPR162C,YJL187C,0,-0.1437876,0.24273346364498138,0.7803180813789368,0.24504703283309937
YDL047W,YDL170W,0,-0.143934,0.24265842139720917,0.7803180813789368,0.24514709413051605
YIR015W,YPL086C,1,-0.1444574,0.24289245903491974,0.781312108039856,0.24514709413051605
YOR074C,YNL284C,0,-0.14462608,0.24281741678714752,0.781312108039856,0.24524715542793274
YBR155W,YOR099W,0,-0.14499387,0.24274243414402008,0.781312108039856,0.24534720182418823
YPL163C,YOR275C,0,-0.14512318,0.24266749620437622,0.781312108039856,0.24544726312160492
YPR191W,YIL108W,0,-0.14518613,0.24259258806705475,0.781312108039856,0.2455473244190216
YDR419W,YKL206C,0,-0.14605114,0.24251773953437805,0.781312108039856,0.2456473857164383
YOL057W,YNR044W,0,-0.1460968,0.24244293570518494,0.781312108039856,0.24574744701385498
YOL107W,YPL188W,0,-0.14613,0.2423681765794754,0.781312108039856,0.24584750831127167
YDR233C,YHR119W,0,-0.14622593,0.24229346215724945,0.781312108039856,0.24594756960868835
YDR245W,YNL335W,0,-0.14651024,0.24221879243850708,0.781312108039856,0.24604763090610504
YPL098C,YMR239C,0,-0.14659786,0.24214418232440948,0.781312108039856,0.24614769220352173
YKR056W,YGR268C,0,-0.14709353,0.24206960201263428,0.781312108039856,0.24624775350093842
YMR078C,YJL071W,0,-0.1473904,0.24199508130550385,0.781312108039856,0.2463478147983551
YBL071W-A,YOR251C,1,-0.14749564,0.24222837388515472,0.7823061347007751,0.2463478147983551
YIL083C,YGL220W,0,-0.14798349,0.2421538531780243,0.7823061347007751,0.2464478760957718
YKR019C,YIL035C,0,-0.14811504,0.24207936227321625,0.7823061347007751,0.24654792249202728
YOR159C,YIL035C,0,-0.14814374,0.24200491607189178,0.7823061347007751,0.24664798378944397
YJR149W,YMR033W,0,-0.1491937,0.2419305294752121,0.7823061347007751,0.24674804508686066
YCL036W,YKL096W-A,0,-0.14981043,0.2418561726808548,0.7823061347007751,0.24684810638427734
YLR182W,YPR060C,0,-0.15010643,0.24178187549114227,0.7823061347007751,0.24694816768169403
YDL208W,YBL079W,0,-0.1510647,0.24170762300491333,0.7823061347007751,0.24704822897911072
YLR305C,YML058W-A,0,-0.1511679,0.24163340032100677,0.7823061347007751,0.2471482902765274
YJL112W,YLR390W,0,-0.15126732,0.241559237241745,0.7823061347007751,0.2472483515739441
YIL083C,YMR065W,0,-0.15203528,0.2414851188659668,0.7823061347007751,0.24734841287136078
YLR353W,YOR251C,0,-0.15208964,0.24141104519367218,0.7823061347007751,0.24744847416877747
YOL010W,YIL132C,0,-0.15226863,0.24133701622486115,0.7823061347007751,0.24754853546619415
YLR047C,YDR497C,0,-0.1525464,0.2412630319595337,0.7823061347007751,0.24764858186244965
YNL117W,YCR011C,0,-0.15296,0.24118909239768982,0.7823061347007751,0.24774864315986633
YDR140W,YHR057C,0,-0.15355176,0.24111519753932953,0.7823061347007751,0.24784870445728302
YPR144C,YLR029C,0,-0.15421945,0.24104134738445282,0.7823061347007751,0.2479487657546997
YDR146C,YGR095C,0,-0.15478887,0.2409675419330597,0.7823061347007751,0.2480488270521164
YKR054C,YNL192W,0,-0.15642387,0.24089378118515015,0.7823061347007751,0.24814888834953308
YLR395C,YGR118W,0,-0.15720302,0.24082008004188538,0.7823061347007751,0.24824894964694977
YML091C,YLR438C-A,1,-0.15754205,0.2410523146390915,0.7833002209663391,0.24824894964694977
YFR029W,YCR014C,0,-0.1586647,0.24097859859466553,0.7833002209663391,0.24834901094436646
YOR378W,YDL171C,0,-0.15913084,0.24090492725372314,0.7833002209663391,0.24844907224178314
YJR006W,YML036W,0,-0.15948796,0.24083130061626434,0.7833002209663391,0.24854913353919983
YNR057C,YDL045C,0,-0.15992016,0.24075771868228912,0.7833002209663391,0.24864919483661652
YDR457W,YGR112W,0,-0.16010839,0.24068418145179749,0.7833002209663391,0.2487492561340332
YGR056W,YMR136W,0,-0.16020381,0.24061068892478943,0.7833002209663391,0.2488493025302887
YPR002W,YKL180W,0,-0.16024172,0.24053724110126495,0.7833002209663391,0.24894936382770538
YFR013W,YML036W,0,-0.16039363,0.24046383798122406,0.7833002209663391,0.24904942512512207
YJL087C,YMR087W,1,-0.16129321,0.2406955510377884,0.7842942476272583,0.24904942512512207
YNL172W,YIL139C,0,-0.16192538,0.2406221479177475,0.7842942476272583,0.24914948642253876
YNL050C,YGL241W,0,-0.16194972,0.240548774600029,0.7842942476272583,0.24924954771995544
YOR219C,YBL029C-A,0,-0.16203448,0.24047546088695526,0.7842942476272583,0.24934960901737213
YNL178W,YDR281C,0,-0.16217682,0.2404021918773651,0.7842942476272583,0.24944967031478882
YJL035C,YBR022W,1,-0.16236097,0.24063356220722198,0.7852882742881775,0.24944967031478882
YGR216C,YLR268W,0,-0.16250756,0.24056029319763184,0.7852882742881775,0.2495497316122055
YDL121C,YNR021W,0,-0.16260979,0.24048706889152527,0.7852882742881775,0.2496497929096222
YPL011C,YJL128C,0,-0.16294113,0.2404138743877411,0.7852882742881775,0.24974985420703888
YER046W,YCL026C-B,0,-0.16507933,0.24034073948860168,0.7852882742881775,0.24984991550445557
YMR025W,YER168C,0,-0.16510727,0.24026763439178467,0.7852882742881775,0.24994997680187225
YDL061C,YNL284C-A,0,-0.16616023,0.24019458889961243,0.7852882742881775,0.25005003809928894
YOR219C,YIR039C,0,-0.166403,0.24012157320976257,0.7852882742881775,0.25015008449554443
YOR301W,YGR264C,0,-0.16737893,0.2400486171245575,0.7852882742881775,0.2502501606941223
YKL038W,YKL144C,0,-0.16748649,0.239975705742836,0.7852882742881775,0.2503502070903778
YNL283C,YDR072C,0,-0.16771203,0.2399028241634369,0.7852882742881775,0.2504502832889557
YOL062C,YJL082W,0,-0.16819885,0.23982998728752136,0.7852882742881775,0.2505503296852112
YLR305C,YOL102C,0,-0.16854265,0.2397572100162506,0.7852882742881775,0.2506503760814667
YOL045W,YPR162C,0,-0.17010361,0.23968446254730225,0.7852882742881775,0.25075045228004456
YDL055C,YGR027C,0,-0.17011881,0.23961177468299866,0.7852882742881775,0.25085049867630005
YGR145W,YDR381C-A,0,-0.17032331,0.23953911662101746,0.7852882742881775,0.25095057487487793
YHR164C,YNL122C,0,-0.17040488,0.23946650326251984,0.7852882742881775,0.2510506212711334
YML097C,YBR095C,0,-0.17096984,0.2393939346075058,0.7852882742881775,0.2511506974697113
YKL103C,YKL171W,0,-0.1711227,0.23932141065597534,0.7852882742881775,0.2512507438659668
YDL215C,YNL078W,0,-0.171139,0.23924894630908966,0.7852882742881775,0.2513508200645447
YBL071W-A,YOR274W,1,-0.17116193,0.23947925865650177,0.7862823009490967,0.2513508200645447
YMR047C,YHR187W,1,-0.17130926,0.23970943689346313,0.7872763276100159,0.2513508200645447
YLR033W,YGL103W,0,-0.17161316,0.23963691294193268,0.7872763276100159,0.25145086646080017
YOR310C,YFL048C,0,-0.17316353,0.2395644336938858,0.7872763276100159,0.25155094265937805
YPR182W,YPR204W,0,-0.17325306,0.23949198424816132,0.7872763276100159,0.25165098905563354
YPR200C,YBL029C-A,0,-0.17331767,0.2394195944070816,0.7872763276100159,0.2517510652542114
YJR070C,YBL029C-A,0,-0.17438446,0.23934723436832428,0.7872763276100159,0.2518511116504669
YBL071W-A,YOR243C,1,-0.17478584,0.2395770400762558,0.7882703542709351,0.2518511116504669
YJL053W,YMR075W,0,-0.17551446,0.23950468003749847,0.7882703542709351,0.2519511580467224
YBR125C,YDL077C,0,-0.17559896,0.23943236470222473,0.7882703542709351,0.2520512342453003
YKL182W,YBR095C,0,-0.17578274,0.23936009407043457,0.7882703542709351,0.2521512806415558
YJL214W,YLR268W,0,-0.17599002,0.239287868142128,0.7882703542709351,0.25225135684013367
YDR453C,YDL083C,0,-0.17601156,0.239215686917305,0.7882703542709351,0.25235140323638916
YLR141W,YPR190C,0,-0.1761505,0.23914355039596558,0.7882703542709351,0.25245147943496704
YDR512C,YCL057W,0,-0.17620319,0.23907144367694855,0.7882703542709351,0.25255152583122253
YOL057W,YNL232W,0,-0.17698395,0.2389993965625763,0.7882703542709351,0.2526516020298004
YBL071W-A,YML091C,1,-0.17716175,0.23922868072986603,0.789264440536499,0.2526516020298004
YNL122C,YIL047C,0,-0.17749596,0.23915663361549377,0.789264440536499,0.2527516484260559
YLR141W,YDL015C,0,-0.17840302,0.2390846163034439,0.789264440536499,0.2528517246246338
YMR241W,YMR137C,0,-0.1786364,0.23901264369487762,0.789264440536499,0.2529517710208893
YJL087C,YJL225C,0,-0.17947897,0.23894071578979492,0.789264440536499,0.2530518174171448
YGL237C,YLR145W,0,-0.17954156,0.2388688325881958,0.789264440536499,0.25315189361572266
YJR119C,YKL009W,0,-0.17968872,0.23879699409008026,0.789264440536499,0.25325194001197815
YDR072C,YAL031C,0,-0.18128166,0.2387252002954483,0.789264440536499,0.25335201621055603
YOR304C-A,YLL055W,0,-0.18170038,0.23865343630313873,0.789264440536499,0.2534520626068115
YLL002W,YLR157C,0,-0.18172356,0.23858173191547394,0.789264440536499,0.2535521388053894
YDR263C,YDR449C,0,-0.18242677,0.23851005733013153,0.789264440536499,0.2536521852016449
YOL141W,YIL143C,0,-0.18333301,0.2384384423494339,0.789264440536499,0.2537522614002228
YDR383C,YMR321C,0,-0.18347618,0.23836685717105865,0.789264440536499,0.25385230779647827
YMR228W,YOR351C,0,-0.18367052,0.238295316696167,0.789264440536499,0.25395238399505615
YJL103C,YER087C-B,0,-0.18414657,0.2382238209247589,0.789264440536499,0.25405243039131165
YPR171W,YDR404C,0,-0.18466589,0.2381523698568344,0.789264440536499,0.25415247678756714
YOR338W,YML109W,0,-0.18466991,0.2380809634923935,0.789264440536499,0.254252552986145
YLR353W,YMR273C,0,-0.185305,0.23800958693027496,0.789264440536499,0.2543525993824005
YBL071W-A,YMR283C,1,-0.18534768,0.23823793232440948,0.7902584671974182,0.2543525993824005
YCR093W,YPR060C,0,-0.18553594,0.23816657066345215,0.7902584671974182,0.2544526755809784
YKL174C,YBR275C,0,-0.18631497,0.2380952388048172,0.7902584671974182,0.2545527219772339
YEL030W,YNR002C,0,-0.18701465,0.23802395164966583,0.7902584671974182,0.25465279817581177
YKL206C,YOR327C,0,-0.1870668,0.23795270919799805,0.7902584671974182,0.25475284457206726
YBR183W,YDL142C,0,-0.18749732,0.23788151144981384,0.7902584671974182,0.25485292077064514
YGR134W,YGR089W,0,-0.18777156,0.23781034350395203,0.7902584671974182,0.25495296716690063
YMR008C,YDR496C,0,-0.18912883,0.23773923516273499,0.7902584671974182,0.2550530433654785
YMR300C,YJL085W,0,-0.18940017,0.23766815662384033,0.7902584671974182,0.255153089761734
YPL129W,YKL022C,0,-0.18952101,0.23759713768959045,0.7902584671974182,0.2552531659603119
YDL045W-A,YMR179W,0,-0.19053882,0.23752614855766296,0.7902584671974182,0.2553532123565674
YML039W,YPL208W,0,-0.191058,0.23745520412921906,0.7902584671974182,0.2554532587528229
YMR020W,YEL030W,0,-0.1912303,0.23738428950309753,0.7902584671974182,0.25555333495140076
YER022W,YJR130C,0,-0.19154128,0.2373134344816208,0.7902584671974182,0.25565338134765625
YEL069C,YEL040W,0,-0.19186941,0.23724260926246643,0.7902584671974182,0.25575345754623413
YCR060W,YDR337W,0,-0.19239232,0.23717184364795685,0.7902584671974182,0.2558535039424896
YMR013C,YOR297C,0,-0.19309711,0.23710110783576965,0.7902584671974182,0.2559535801410675
YBR275C,YDL061C,0,-0.19456798,0.23703041672706604,0.7902584671974182,0.256053626537323
YBL092W,YNL239W,0,-0.19527534,0.23695975542068481,0.7902584671974182,0.2561537027359009
YMR319C,YBR120C,0,-0.19542933,0.23688915371894836,0.7902584671974182,0.25625374913215637
YDR159W,YIL048W,0,-0.19562784,0.2368185818195343,0.7902584671974182,0.25635382533073425
YOR219C,YPL104W,0,-0.19601795,0.23674806952476501,0.7902584671974182,0.25645387172698975
YGR077C,YKL165C,0,-0.19684896,0.23667758703231812,0.7902584671974182,0.25655391812324524
YGR281W,YGL148W,0,-0.196922,0.2366071492433548,0.7902584671974182,0.2566539943218231
YPR144C,YLR206W,0,-0.19724205,0.23653674125671387,0.7902584671974182,0.2567540407180786
YJR057W,YKL172W,0,-0.19802713,0.2364663928747177,0.7902584671974182,0.2568541169166565
YGL162W,YKR055W,0,-0.19806567,0.23639607429504395,0.7902584671974182,0.256954163312912
YPR072W,YBR066C,0,-0.19847816,0.23632580041885376,0.7902584671974182,0.25705423951148987
YLR295C,YMR246W,0,-0.19856343,0.23625557124614716,0.7902584671974182,0.25715428590774536
YOR215C,YAR031W,0,-0.19861448,0.23618538677692413,0.7902584671974182,0.25725436210632324
YDL033C,YMR023C,1,-0.19889942,0.23641224205493927,0.7912524938583374,0.25725436210632324
YBR080C,YDR498C,0,-0.19928291,0.23634204268455505,0.7912524938583374,0.25735440850257874
YGL068W,YOR232W,0,-0.19980943,0.23627188801765442,0.7912524938583374,0.2574544847011566
YEL037C,YCL024W,0,-0.2001571,0.23620177805423737,0.7912524938583374,0.2575545310974121
YLR191W,YNL302C,0,-0.20050785,0.2361317127943039,0.7912524938583374,0.25765460729599
YMR321C,YBR067C,0,-0.20089728,0.2360616773366928,0.7912524938583374,0.2577546536922455
YHR006W,YBL071W-A,1,-0.20105489,0.2362881749868393,0.7922465205192566,0.2577546536922455
YPR196W,YOR304W,0,-0.20172212,0.2362181395292282,0.7922465205192566,0.257854700088501
YLR141W,YOL028C,0,-0.20192274,0.2361481487751007,0.7922465205192566,0.25795477628707886
YOR310C,YKR055W,0,-0.20199949,0.2360782027244568,0.7922465205192566,0.25805482268333435
YML051W,YBR261C,0,-0.20236298,0.23600828647613525,0.7922465205192566,0.25815489888191223
YGL259W,YPR133W-A,0,-0.20251212,0.2359384298324585,0.7922465205192566,0.2582549452781677
YKL186C,YBL089W,0,-0.20299846,0.23586860299110413,0.7922465205192566,0.2583550214767456
YBR031W,YHR058C,0,-0.20337117,0.23579882085323334,0.7922465205192566,0.2584550678730011
YMR194W,YML045W-A,0,-0.20383659,0.23572906851768494,0.7922465205192566,0.258555144071579
YNL147W,YBL071W-A,1,-0.20387146,0.23595505952835083,0.7932405471801758,0.258555144071579
YDR146C,YPL147W,0,-0.20413943,0.23588530719280243,0.7932405471801758,0.2586551904678345
YDR527W,YPL011C,0,-0.20459586,0.2358155995607376,0.7932405471801758,0.25875526666641235
YOL102C,YMR023C,1,-0.20461106,0.2360413521528244,0.794234573841095,0.25875526666641235
YJL087C,YBL071W-A,1,-0.20614052,0.23626698553562164,0.7952286005020142,0.25875526666641235
YJL060W,YLR440C,0,-0.20703274,0.23619721829891205,0.7952286005020142,0.25885531306266785
YKL074C,YOR251C,0,-0.20710671,0.23612751066684723,0.7952286005020142,0.25895535945892334
YDR233C,YDR403W,0,-0.20766789,0.2360578328371048,0.7952286005020142,0.2590554356575012
YBL029C-A,YOL040C,0,-0.20790225,0.23598819971084595,0.7952286005020142,0.2591554820537567
YMR093W,YCR046C,0,-0.20792332,0.23591861128807068,0.7952286005020142,0.2592555582523346
YPL042C,YBR020W,0,-0.20821184,0.2358490526676178,0.7952286005020142,0.2593556046485901
YKR056W,YBR281C,0,-0.20835638,0.2357795387506485,0.7952286005020142,0.25945568084716797
YGR258C,YPL050C,0,-0.20929408,0.23571006953716278,0.7952286005020142,0.25955572724342346
YPL134C,YHR168W,0,-0.21008733,0.23564064502716064,0.7952286005020142,0.25965580344200134
YDR254W,YGR214W,0,-0.21098256,0.2355712652206421,0.7952286005020142,0.25975584983825684
YOR355W,YIL042C,0,-0.21154264,0.23550191521644592,0.7952286005020142,0.2598559260368347
YDR498C,YBR093C,0,-0.21183956,0.23543260991573334,0.7952286005020142,0.2599559724330902
YDL045W-A,YHR041C,0,-0.21196207,0.23536334931850433,0.7952286005020142,0.2600560188293457
YDL133C-A,YLL040C,0,-0.21221638,0.23529411852359772,0.7952286005020142,0.2601560950279236
YGR252W,YPL093W,0,-0.212509,0.23522493243217468,0.7952286005020142,0.2602561414241791
YNR021W,YDR496C,0,-0.2127355,0.23515579104423523,0.7952286005020142,0.26035621762275696
YAL024C,YOR285W,0,-0.21329498,0.23508669435977936,0.7952286005020142,0.26045626401901245
YKL110C,YOR251C,1,-0.21439907,0.23531140387058258,0.7962226867675781,0.26045626401901245
YER168C,YBR037C,0,-0.21526697,0.23524229228496552,0.7962226867675781,0.26055634021759033
YGL244W,YAL039C,0,-0.21581602,0.23517322540283203,0.7962226867675781,0.2606563866138458
YDR059C,YBR115C,0,-0.21690413,0.23510420322418213,0.7962226867675781,0.2607564628124237
YNL172W,YJL225C,0,-0.21692595,0.23503521084785461,0.7962226867675781,0.2608565092086792
YER013W,YPR162C,0,-0.21740541,0.23496626317501068,0.7962226867675781,0.2609565854072571
YGL122C,YMR270C,0,-0.21758336,0.23489736020565033,0.7962226867675781,0.2610566318035126
YOR054C,YMR319C,0,-0.21762076,0.23482850193977356,0.7962226867675781,0.26115670800209045
YPL129W,YLR227W-B,0,-0.21779951,0.23475967347621918,0.7962226867675781,0.26125675439834595
YOL093W,YLR209C,0,-0.21873659,0.23469088971614838,0.7962226867675781,0.26135680079460144
YLR285W,YOR285W,0,-0.21883035,0.23462215065956116,0.7962226867675781,0.2614568769931793
YPL147W,YKR069W,0,-0.21891066,0.23455344140529633,0.7962226867675781,0.2615569233894348
YBR187W,YFR033C,0,-0.21893257,0.23448477685451508,0.7962226867675781,0.2616569995880127
YBR294W,YLR264W,0,-0.21929064,0.2344161570072174,0.7962226867675781,0.2617570459842682
YJL114W,YDR262W,0,-0.2195738,0.23434756696224213,0.7962226867675781,0.26185712218284607
YKL013C,YOL062C,0,-0.2199744,0.23427902162075043,0.7962226867675781,0.26195716857910156
YLR141W,YMR093W,0,-0.2200324,0.2342105209827423,0.7962226867675781,0.26205724477767944
YBR195C,YBL068W,0,-0.22041488,0.23414206504821777,0.7962226867675781,0.26215729117393494
YDL217C,YGL014W,0,-0.22068945,0.23407363891601562,0.7962226867675781,0.2622573673725128
YKR020W,YNL238W,0,-0.22075254,0.23400525748729706,0.7962226867675781,0.2623574137687683
YPR144C,YGR105W,0,-0.22096887,0.23393692076206207,0.7962226867675781,0.2624574601650238
YMR089C,YCL026C-B,0,-0.22099972,0.23386861383914948,0.7962226867675781,0.2625575363636017
YDL197C,YGL004C,0,-0.22125474,0.23380035161972046,0.7962226867675781,0.2626575827598572
YLR219W,YPL007C,0,-0.22148061,0.23373213410377502,0.7962226867675781,0.26275765895843506
YOR187W,YMR160W,0,-0.22170636,0.23366394639015198,0.7962226867675781,0.26285770535469055
YMR008C,YPL131W,0,-0.2223356,0.2335958033800125,0.7962226867675781,0.26295778155326843
YNL283C,YOR098C,0,-0.22301507,0.23352769017219543,0.7962226867675781,0.2630578279495239
YGR032W,YMR179W,0,-0.22319904,0.23345963656902313,0.7962226867675781,0.2631579041481018
YLR401C,YCR014C,0,-0.2233986,0.23339161276817322,0.7962226867675781,0.2632579505443573
YBL071W-A,YDL033C,1,-0.22355041,0.23361490666866302,0.7972167134284973,0.2632579505443573
YNL117W,YOL108C,0,-0.22371987,0.2335468828678131,0.7972167134284973,0.2633580267429352
YBR294W,YML097C,0,-0.2239509,0.23347888886928558,0.7972167134284973,0.2634580731391907
YBR260C,YKL205W,0,-0.22485492,0.23341093957424164,0.7972167134284973,0.26355814933776855
YFR045W,YPR137W,0,-0.22609499,0.23334303498268127,0.7972167134284973,0.26365819573402405
YBL029C-A,YMR267W,0,-0.2269654,0.2332751601934433,0.7972167134284973,0.26375824213027954
YLR359W,YGR276C,0,-0.22736695,0.2332073301076889,0.7972167134284973,0.2638583183288574
YOR084W,YGR255C,0,-0.22754115,0.2331395298242569,0.7972167134284973,0.2639583647251129
YDR351W,YGL162W,0,-0.22816661,0.23307177424430847,0.7972167134284973,0.2640584409236908
YBR020W,YIL076W,0,-0.22845098,0.23300406336784363,0.7972167134284973,0.2641584873199463
YOR323C,YBR042C,0,-0.22958991,0.23293639719486237,0.7972167134284973,0.26425856351852417
YMR093W,YDR404C,0,-0.23004162,0.2328687608242035,0.7972167134284973,0.26435860991477966
YDR059C,YDR170C,0,-0.2300443,0.232801154255867,0.7972167134284973,0.26445868611335754
YER014C-A,YBR129C,0,-0.23027417,0.2327336072921753,0.7972167134284973,0.26455873250961304
YGL162W,YHR132C,0,-0.2314874,0.23266609013080597,0.7972167134284973,0.2646588087081909
YBR115C,YBL026W,0,-0.23149866,0.23259860277175903,0.7972167134284973,0.2647588551044464
YDR463W,YGL172W,1,-0.23179987,0.23282110691070557,0.7982107400894165,0.2647588551044464
YDR494W,YKL015W,0,-0.23202509,0.23275361955165863,0.7982107400894165,0.2648589015007019
YGL037C,YNL182C,0,-0.23235512,0.23268617689609528,0.7982107400894165,0.2649589776992798
YDR233C,YGR214W,0,-0.2334621,0.2326187789440155,0.7982107400894165,0.2650590240955353
YKL020C,YNL262W,0,-0.23350781,0.23255141079425812,0.7982107400894165,0.26515910029411316
YGL158W,YOR355W,0,-0.23361534,0.23248407244682312,0.7982107400894165,0.26525914669036865
YFL002W-B,YMR143W,0,-0.23370361,0.2324167937040329,0.7982107400894165,0.26535922288894653
YLR105C,YBR278W,0,-0.23389718,0.23234952986240387,0.7982107400894165,0.265459269285202
YKL161C,YOL093W,0,-0.23407438,0.23228232562541962,0.7982107400894165,0.2655593454837799
YOL066C,YNR004W,0,-0.23438433,0.23221515119075775,0.7982107400894165,0.2656593918800354
YDL040C,YJR063W,0,-0.2344001,0.23214802145957947,0.7982107400894165,0.2657594680786133
YOR226C,YJR063W,0,-0.2351461,0.23208092153072357,0.7982107400894165,0.2658595144748688
YBR271W,YJR028W,0,-0.23517025,0.23201386630535126,0.7982107400894165,0.26595956087112427
YIL134W,YNL095C,0,-0.23523429,0.23194685578346252,0.7982107400894165,0.26605963706970215
YOL129W,YFR019W,0,-0.23644456,0.23187987506389618,0.7982107400894165,0.26615968346595764
YDR527W,YEL062W,0,-0.236803,0.23181293904781342,0.7982107400894165,0.2662597596645355
YKR057W,YMR267W,0,-0.23739216,0.23174603283405304,0.7982107400894165,0.266359806060791
YNL232W,YMR273C,0,-0.23743021,0.23167917132377625,0.7982107400894165,0.2664598822593689
YKL074C,YMR200W,0,-0.23753342,0.23161233961582184,0.7982107400894165,0.2665599286556244
YPR137C-A,YDL179W,0,-0.23782909,0.231545552611351,0.7982107400894165,0.26666000485420227
YDR411C,YDR131C,0,-0.2379018,0.23147881031036377,0.7982107400894165,0.26676005125045776
YGR085C,YNL284C,0,-0.23791617,0.2314120978116989,0.7982107400894165,0.26686012744903564
YNL127W,YPL042C,0,-0.23811287,0.23134543001651764,0.7982107400894165,0.26696017384529114
YDL133C-A,YIL143C,0,-0.238532,0.23127880692481995,0.7982107400894165,0.267060250043869
YJL011C,YJR057W,0,-0.23915225,0.23121221363544464,0.7982107400894165,0.2671602964401245
YDL029W,YHR077C,0,-0.23948175,0.23114565014839172,0.7982107400894165,0.26726034283638
YDR460W,YJL192C,0,-0.23953444,0.2310791313648224,0.7982107400894165,0.2673604190349579
YDR463W,YLR105C,1,-0.23966247,0.23130033910274506,0.7992047667503357,0.2673604190349579
YBL029C-A,YML056C,0,-0.24025622,0.23123382031917572,0.7992047667503357,0.2674604654312134
YBR202W,YMR019W,0,-0.24046776,0.23116733133792877,0.7992047667503357,0.26756054162979126
YNL297C,YLR329W,0,-0.24080706,0.2311008870601654,0.7992047667503357,0.26766058802604675
YIR015W,YBL071W-A,1,-0.24147275,0.23132184147834778,0.8001987934112549,0.26766058802604675
YLR080W,YLL012W,0,-0.24187821,0.23125538229942322,0.8001987934112549,0.26776066422462463
YFR013W,YLR016C,0,-0.24198732,0.23118896782398224,0.8001987934112549,0.2678607106208801
YFR021W,YJR021C,0,-0.24204496,0.23112259805202484,0.8001987934112549,0.267960786819458
YLR219W,YMR046C,0,-0.24211195,0.23105625808238983,0.8001987934112549,0.2680608332157135
YIL002C,YMR300C,0,-0.24213359,0.2309899628162384,0.8001987934112549,0.2681609094142914
YMR054W,YPR190C,0,-0.24220982,0.23092369735240936,0.8001987934112549,0.2682609558105469
YHR060W,YER168C,0,-0.24224049,0.2308574765920639,0.8001987934112549,0.26836100220680237
YHR002W,YML039W,0,-0.24271858,0.23079128563404083,0.8001987934112549,0.26846107840538025
YDL133C-A,YJL172W,0,-0.24284789,0.23072513937950134,0.8001987934112549,0.26856112480163574
YOL108C,YIL042C,0,-0.24296668,0.23065902292728424,0.8001987934112549,0.2686612010002136
YKL090W,YDR090C,0,-0.24315393,0.23059295117855072,0.8001987934112549,0.2687612473964691
YOL066C,YML014W,1,-0.24350533,0.23081329464912415,0.8011928200721741,0.2687612473964691
YDR472W,YDR222W,0,-0.24359906,0.23074720799922943,0.8011928200721741,0.268861323595047
YHR074W,YBL029C-A,0,-0.2436024,0.2306811660528183,0.8011928200721741,0.2689613699913025
YBR182C,YLR025W,0,-0.24466076,0.23061516880989075,0.8011928200721741,0.26906144618988037
YGL209W,YMR159C,0,-0.24479109,0.23054920136928558,0.8011928200721741,0.26916149258613586
YBR260C,YOR074C,0,-0.2452794,0.230483278632164,0.8011928200721741,0.26926156878471375
YMR272C,YKL186C,0,-0.24535373,0.2304173856973648,0.8011928200721741,0.26936161518096924
YDR079W,YER185W,0,-0.2460587,0.230351522564888,0.8011928200721741,0.2694616913795471
YHR060W,YNL092W,0,-0.24642476,0.23028571903705597,0.8011928200721741,0.2695617377758026
YBR182C,YMR114C,0,-0.24664554,0.23021993041038513,0.8011928200721741,0.2696617841720581
YAL016W,YMR210W,0,-0.24680522,0.23015420138835907,0.8011928200721741,0.269761860370636
YGL236C,YCL017C,1,-0.24719182,0.23037396371364594,0.802186906337738,0.269761860370636
YEL070W,YDR381C-A,0,-0.24760193,0.23030821979045868,0.802186906337738,0.2698619067668915
YPL200W,YNL138W,0,-0.24845725,0.2302425056695938,0.802186906337738,0.26996198296546936
YKL082C,YLR153C,0,-0.24859989,0.23017683625221252,0.802186906337738,0.27006202936172485
YDR369C,YER090W,0,-0.24864006,0.23011121153831482,0.802186906337738,0.27016210556030273
YGL122C,YGR214W,0,-0.24932024,0.2300456166267395,0.802186906337738,0.2702621519565582
YDL055C,YLR251W,0,-0.24986848,0.22998005151748657,0.802186906337738,0.2703622281551361
YBR271W,YBR067C,0,-0.2503201,0.22991453111171722,0.802186906337738,0.2704622745513916
YER145C,YHR079C,0,-0.2505347,0.22984904050827026,0.802186906337738,0.2705623507499695
YOR279C,YCL026C-B,0,-0.2505579,0.22978359460830688,0.802186906337738,0.270662397146225
YBL071W-A,YDL201W,1,-0.25111505,0.23000285029411316,0.8031809329986572,0.270662397146225
YHR056C,YLR197W,0,-0.25121987,0.2299373894929886,0.8031809329986572,0.27076244354248047
YMR146C,YLR026C,0,-0.25180686,0.2298719733953476,0.8031809329986572,0.27086251974105835
YPL042C,YLR026C,0,-0.25230896,0.22980660200119019,0.8031809329986572,0.27096256613731384
YLR289W,YKL093W,0,-0.2525475,0.22974126040935516,0.8031809329986572,0.2710626423358917
YGL170C,YML097C,0,-0.25414002,0.22967594861984253,0.8031809329986572,0.2711626887321472
YNL221C,YOR274W,1,-0.25447524,0.22989486157894135,0.8041749596595764,0.2711626887321472
YGR285C,YMR143W,0,-0.25476584,0.2298295497894287,0.8041749596595764,0.2712627649307251
YLR312W-A,YBR037C,0,-0.25618577,0.22976426780223846,0.8041749596595764,0.2713628113269806
YBL029C-A,YPL273W,0,-0.25629988,0.2296990305185318,0.8041749596595764,0.27146288752555847
YDR494W,YNL290W,0,-0.25647664,0.22963383793830872,0.8041749596595764,0.27156293392181396
YJL030W,YMR061W,0,-0.2567428,0.22956867516040802,0.8041749596595764,0.27166301012039185
YGL200C,YOR025W,0,-0.2571426,0.2295035421848297,0.8041749596595764,0.27176305651664734
YPR006C,YGR070W,0,-0.2577286,0.22943845391273499,0.8041749596595764,0.2718631327152252
YGR077C,YHR082C,0,-0.25809178,0.22937341034412384,0.8041749596595764,0.2719631791114807
YCR030C,YBR006W,0,-0.25816402,0.22930839657783508,0.8041749596595764,0.2720632255077362
YGL256W,YNL026W,0,-0.25884423,0.2292434126138687,0.8041749596595764,0.2721633017063141
YBL071W-A,YGL172W,1,-0.25889933,0.22946175932884216,0.8051689863204956,0.2721633017063141
YOL052C,YPL050C,0,-0.2591322,0.2293967753648758,0.8051689863204956,0.2722633481025696
YOR168W,YLR020C,0,-0.25932792,0.2293318212032318,0.8051689863204956,0.27236342430114746
YBR223C,YGL030W,0,-0.2598637,0.2292669117450714,0.8051689863204956,0.27246347069740295
YBR192W,YMR240C,0,-0.2604572,0.2292020320892334,0.8051689863204956,0.27256354689598083
YNL284C,YCL052C,0,-0.26111668,0.22913719713687897,0.8051689863204956,0.27266359329223633
YGR118W,YJL085W,0,-0.2612486,0.22907239198684692,0.8051689863204956,0.2727636694908142
YJL011C,YAL054C,0,-0.26241672,0.22900763154029846,0.8051689863204956,0.2728637158870697
YLR244C,YJR101W,0,-0.26253238,0.2289429008960724,0.8051689863204956,0.2729637920856476
YBL089W,YOR353C,0,-0.26324517,0.2288782149553299,0.8051689863204956,0.2730638384819031
YOR243C,YDL021W,0,-0.26408994,0.2288135588169098,0.8051689863204956,0.27316388487815857
YHR164C,YGL112C,0,-0.26440293,0.22874894738197327,0.8051689863204956,0.27326396107673645
YHR029C,YJL103C,0,-0.26448184,0.22868436574935913,0.8051689863204956,0.27336400747299194
YJR127C,YHR069C,0,-0.26456663,0.22861981391906738,0.8051689863204956,0.2734640836715698
YPR190C,YJR101W,0,-0.26582962,0.22855530679225922,0.8051689863204956,0.2735641300678253
YLR359W,YER168C,0,-0.2658681,0.22849082946777344,0.8051689863204956,0.2736642062664032
YDR218C,YJL082W,0,-0.26596406,0.22842639684677124,0.8051689863204956,0.2737642526626587
YLR404W,YOR239W,0,-0.266222,0.22836199402809143,0.8051689863204956,0.2738643288612366
YJR004C,YDR410C,0,-0.26648235,0.2282976359128952,0.8051689863204956,0.27396437525749207
YGL256W,YOL004W,0,-0.26668304,0.22823330760002136,0.8051689863204956,0.27406445145606995
YOR301W,YML006C,0,-0.26698565,0.2281690090894699,0.8051689863204956,0.27416449785232544
YFL010W-A,YFL023W,0,-0.2674962,0.22810475528240204,0.8051689863204956,0.27426454424858093
YLL003W,YDL227C,0,-0.2675112,0.22804054617881775,0.8051689863204956,0.2743646204471588
YIL046W,YMR200W,0,-0.2676192,0.22797635197639465,0.8051689863204956,0.2744646668434143
YEL069C,YLR130C,0,-0.2679287,0.22791221737861633,0.8051689863204956,0.2745647430419922
YOR297C,YDR476C,0,-0.26911926,0.2278480976819992,0.8051689863204956,0.2746647894382477
YDR304C,YLR270W,0,-0.27021933,0.22778402268886566,0.8051689863204956,0.27476486563682556
YAR035W,YPR160W,0,-0.27051204,0.2277199923992157,0.8051689863204956,0.27486491203308105
YDL142C,YLR103C,0,-0.27104262,0.22765599191188812,0.8051689863204956,0.27496498823165894
YKL205W,YBL089W,0,-0.27104732,0.22759202122688293,0.8051689863204956,0.27506503462791443
YDL171C,YJL214W,0,-0.27108243,0.22752809524536133,0.8051689863204956,0.2751651108264923
YKL095W,YLR042C,0,-0.2715378,0.2274641990661621,0.8051689863204956,0.2752651572227478
YJR092W,YJL134W,0,-0.27169552,0.22740033268928528,0.8051689863204956,0.2753652334213257
YBR167C,YBL071W-A,1,-0.27197576,0.22761717438697815,0.8061630129814148,0.2753652334213257
YKL013C,YDR222W,0,-0.27252167,0.22755330801010132,0.8061630129814148,0.2754652798175812
YNR067C,YPL093W,0,-0.2733692,0.22748948633670807,0.8061630129814148,0.27556532621383667
YOR216C,YLL061W,0,-0.27373707,0.2274256944656372,0.8061630129814148,0.27566540241241455
YDR195W,YFL013C,0,-0.27397335,0.22736193239688873,0.8061630129814148,0.27576544880867004
YEL069C,YGL220W,0,-0.27410862,0.22729820013046265,0.8061630129814148,0.2758655250072479
YOL045W,YBR172C,0,-0.2742076,0.22723451256752014,0.8061630129814148,0.2759655714035034
YJR057W,YOR123C,0,-0.27427468,0.22717086970806122,0.8061630129814148,0.2760656476020813
YHR056C,YOR324C,0,-0.27438703,0.22710725665092468,0.8061630129814148,0.2761656939983368
YDR296W,YOL026C,0,-0.2744115,0.22704367339611053,0.8061630129814148,0.2762657701969147
YOL045W,YOL108C,0,-0.27480477,0.22698013484477997,0.8061630129814148,0.27636581659317017
YNL070W,YKL003C,0,-0.27496463,0.2269166260957718,0.8061630129814148,0.27646589279174805
YPR171W,YPL122C,0,-0.27537847,0.226853147149086,0.8061630129814148,0.27656593918800354
YJL087C,YJR130C,0,-0.2754069,0.2267897129058838,0.8061630129814148,0.27666598558425903
YOR239W,YPR083W,0,-0.2755164,0.22672630846500397,0.8061630129814148,0.2767660617828369
YOL141W,YML005W,1,-0.27559185,0.22694242000579834,0.807157039642334,0.2767660617828369
YMR032W,YER074W,0,-0.27567762,0.22687901556491852,0.807157039642334,0.2768661081790924
YOL086C,YHR004C,0,-0.27596286,0.22681564092636108,0.807157039642334,0.2769661843776703
YLR206W,YCL034W,0,-0.2760416,0.22675231099128723,0.807157039642334,0.2770662307739258
YMR046C,YLR042C,0,-0.27626386,0.22668899595737457,0.807157039642334,0.27716630697250366
YKL144C,YCL026C-B,0,-0.27643868,0.2266257256269455,0.807157039642334,0.27726635336875916
YGR252W,YHL012W,0,-0.27749023,0.2265625,0.807157039642334,0.27736642956733704
YGR056W,YMR033W,0,-0.27771825,0.2264993041753769,0.807157039642334,0.27746647596359253
YJR140C,YKL003C,0,-0.27848658,0.22643613815307617,0.807157039642334,0.2775665521621704
YOL141W,YMR047C,1,-0.27865502,0.22665180265903473,0.8081510663032532,0.2775665521621704
YLL008W,YDL198C,0,-0.27885857,0.22658862173557281,0.8081510663032532,0.2776665985584259
YGL158W,YDR378C,0,-0.2790103,0.22652550041675568,0.8081510663032532,0.2777666747570038
YOR382W,YDL148C,0,-0.27917856,0.22646239399909973,0.8081510663032532,0.2778667211532593
YGR085C,YMR114C,0,-0.2791996,0.22639933228492737,0.8081510663032532,0.27796676754951477
YMR020W,YGR222W,0,-0.2792852,0.2263363003730774,0.8081510663032532,0.27806684374809265
YLR289W,YNR031C,0,-0.27999085,0.226273313164711,0.8081510663032532,0.27816689014434814
YGL172W,YAL043C,1,-0.28091547,0.22648859024047852,0.8091451525688171,0.27816689014434814
YBR274W,YKR101W,0,-0.28109178,0.22642558813095093,0.8091451525688171,0.278266966342926
YPR011C,YDR222W,0,-0.28151113,0.22636263072490692,0.8091451525688171,0.2783670127391815
YDR411C,YOR292C,0,-0.28152975,0.2262996882200241,0.8091451525688171,0.2784670889377594
YNL236W,YDR211W,0,-0.2819635,0.22623680531978607,0.8091451525688171,0.2785671353340149
YBL071W-A,YOL066C,1,-0.28255844,0.2264517992734909,0.8101391792297363,0.2785671353340149
YDR463W,YMR283C,1,-0.28273717,0.2266666740179062,0.8111332058906555,0.2785671353340149
YGR199W,YCL025C,0,-0.28277993,0.22660371661186218,0.8111332058906555,0.2786672115325928
YBR042C,YER046W,0,-0.28321218,0.22654080390930176,0.8111332058906555,0.27876725792884827
YGR036C,YLR383W,0,-0.2834302,0.22647793591022491,0.8111332058906555,0.27886733412742615
YGR258C,YCL026C-B,0,-0.28361553,0.22641509771347046,0.8111332058906555,0.27896738052368164
YJR078W,YOR275C,0,-0.2839576,0.2263522893190384,0.8111332058906555,0.27906742691993713
YMR168C,YGR072W,0,-0.28397134,0.2262895107269287,0.8111332058906555,0.279167503118515
YFR031C,YNL284C-A,0,-0.2842415,0.2262267768383026,0.8111332058906555,0.2792675495147705
YDR137W,YOL101C,0,-0.28487274,0.2261640727519989,0.8111332058906555,0.2793676257133484
YHR175W,YGR113W,0,-0.28519028,0.22610141336917877,0.8111332058906555,0.2794676721096039
YER017C,YOR098C,0,-0.28520012,0.22603878378868103,0.8111332058906555,0.27956774830818176
YNL304W,YKR026C,0,-0.28538385,0.22597618401050568,0.8111332058906555,0.27966779470443726
YGR109W-B,YJR082C,0,-0.2857926,0.2259136140346527,0.8111332058906555,0.27976787090301514
YLR105C,YPL259C,0,-0.28685334,0.22585108876228333,0.8111332058906555,0.27986791729927063
YOR099W,YLR024C,0,-0.2869051,0.22578859329223633,0.8111332058906555,0.2799679934978485
YOL066C,YOR327C,0,-0.2870394,0.2257261425256729,0.8111332058906555,0.280068039894104
YPL200W,YMR267W,0,-0.2870658,0.22566372156143188,0.8111332058906555,0.2801680862903595
YIL020C,YML045W-A,0,-0.28715995,0.22560133039951324,0.8111332058906555,0.2802681624889374
YDR414C,YNL010W,0,-0.28750762,0.225538969039917,0.8111332058906555,0.28036820888519287
YHR214C-B,YGL259W,0,-0.28759724,0.22547665238380432,0.8111332058906555,0.28046828508377075
YDR411C,YML052W,0,-0.28815222,0.22541436553001404,0.8111332058906555,0.28056833148002625
YMR239C,YKR069W,0,-0.28886104,0.22535210847854614,0.8111332058906555,0.2806684076786041
YKL190W,YNR067C,0,-0.28888017,0.22528989613056183,0.8111332058906555,0.2807684540748596
YAL060W,YPL200W,0,-0.29058093,0.2252277135848999,0.8111332058906555,0.2808685302734375
YCL074W,YDR389W,0,-0.29119694,0.22516556084156036,0.8111332058906555,0.280968576669693
YHR029C,YGL062W,0,-0.29184225,0.2251034528017044,0.8111332058906555,0.2810686528682709
YKL119C,YLR316C,0,-0.2922314,0.22504137456417084,0.8111332058906555,0.28116869926452637
YJL114W,YOR287C,0,-0.29232726,0.22497932612895966,0.8111332058906555,0.28126877546310425
YMR300C,YLL043W,0,-0.29255468,0.22491730749607086,0.8111332058906555,0.28136882185935974
YDR285W,YBL029C-A,0,-0.2927781,0.22485533356666565,0.8111332058906555,0.28146886825561523
YFL048C,YOL028C,0,-0.29278508,0.22479338943958282,0.8111332058906555,0.2815689444541931
YBL005W-B,YDL179W,0,-0.29307297,0.2247314751148224,0.8111332058906555,0.2816689908504486
YHR077C,YDR470C,0,-0.29309633,0.22466960549354553,0.8111332058906555,0.2817690670490265
YPL064C,YPL093W,0,-0.29371974,0.22460776567459106,0.8111332058906555,0.281869113445282
YGL122C,YCR052W,0,-0.29373452,0.22454595565795898,0.8111332058906555,0.28196918964385986
YJR082C,YJL117W,0,-0.29389372,0.2244841754436493,0.8111332058906555,0.28206923604011536
YHR012W,YJL166W,0,-0.29518405,0.22442243993282318,0.8111332058906555,0.28216931223869324
YIL095W,YER171W,0,-0.29521045,0.22436073422431946,0.8111332058906555,0.28226935863494873
YER055C,YJL024C,0,-0.29535615,0.22429905831813812,0.8111332058906555,0.2823694348335266
YBR095C,YCL032W,0,-0.29557985,0.22423742711544037,0.8111332058906555,0.2824694812297821
YIR038C,YML128C,0,-0.29572624,0.224175825715065,0.8111332058906555,0.2825695276260376
YML071C,YDR337W,0,-0.29572695,0.22411425411701202,0.8111332058906555,0.2826696038246155
YCL014W,YNL298W,0,-0.2962646,0.22405271232128143,0.8111332058906555,0.28276965022087097
YDL142C,YHR156C,0,-0.29704562,0.22399121522903442,0.8111332058906555,0.28286972641944885
YKR036C,YJL124C,0,-0.2977562,0.2239297479391098,0.8111332058906555,0.28296977281570435
YNL147W,YAL043C,1,-0.297858,0.2241426557302475,0.8121272325515747,0.28296977281570435
YDR405W,YPR083W,0,-0.2979697,0.22408118844032288,0.8121272325515747,0.2830698490142822
YGL241W,YOR353C,0,-0.29815602,0.22401973605155945,0.8121272325515747,0.2831698954105377
YLR430W,YBL071W-A,1,-0.29881847,0.22423245012760162,0.8131212592124939,0.2831698954105377
YDL059C,YLL004W,0,-0.2989291,0.2241710126399994,0.8131212592124939,0.2832699716091156
YNR006W,YDL227C,0,-0.29903054,0.22410959005355835,0.8131212592124939,0.2833700180053711
YOR209C,YNL335W,0,-0.2990746,0.2240482121706009,0.8131212592124939,0.283470094203949
YLL008W,YMR046C,0,-0.2992419,0.22398684918880463,0.8131212592124939,0.28357014060020447
YEL030W,YNL070W,0,-0.29960525,0.22392554581165314,0.8131212592124939,0.28367021679878235
YBR247C,YDR381C-A,0,-0.30042553,0.22386425733566284,0.8131212592124939,0.28377026319503784
YDR140W,YIL133C,0,-0.30043495,0.22380301356315613,0.8131212592124939,0.28387030959129333
YJR147W,YLR312W-A,0,-0.30062997,0.2237417995929718,0.8131212592124939,0.2839703857898712
YNL010W,YIR032C,0,-0.30102098,0.22368061542510986,0.8131212592124939,0.2840704321861267
YIL134W,YCL018W,0,-0.30104128,0.2236194610595703,0.8131212592124939,0.2841705083847046
YOL107W,YOR275C,0,-0.30112362,0.22355835139751434,0.8131212592124939,0.2842705547809601
YER171W,YCL052C,0,-0.3011498,0.22349727153778076,0.8131212592124939,0.28437063097953796
YFL010W-A,YKR101W,0,-0.30176952,0.22343622148036957,0.8131212592124939,0.28447067737579346
YNL107W,YDR497C,0,-0.30185542,0.22337520122528076,0.8131212592124939,0.28457075357437134
YJR005W,YGR222W,0,-0.30215037,0.22331422567367554,0.8131212592124939,0.28467079997062683
YBL071W-A,YOL093W,1,-0.30289102,0.22352619469165802,0.8141152858734131,0.28467079997062683
YNL084C,YLR348C,0,-0.3034085,0.2234652042388916,0.8141152858734131,0.2847708761692047
YKR019C,YNR004W,0,-0.3040719,0.22340425848960876,0.8141152858734131,0.2848709225654602
YGL158W,YLL061W,0,-0.30427152,0.22334332764148712,0.8141152858734131,0.2849709689617157
YKL161C,YHR156C,0,-0.3049259,0.22328244149684906,0.8141152858734131,0.2850710451602936
YNL314W,YBR066C,0,-0.306532,0.2232215851545334,0.8141152858734131,0.2851710915565491
YBR278W,YDL039C,0,-0.30730736,0.2231607586145401,0.8141152858734131,0.28527116775512695
YKL170W,YOL104C,0,-0.3074988,0.2230999767780304,0.8141152858734131,0.28537121415138245
YML028W,YOR338W,0,-0.3077994,0.22303920984268188,0.8141152858734131,0.2854712903499603
YNR044W,YDL045C,0,-0.30818602,0.22297848761081696,0.8141152858734131,0.2855713367462158
YOR378W,YNL163C,0,-0.3084446,0.22291779518127441,0.8141152858734131,0.2856714129447937
YKR008W,YEL056W,0,-0.30870202,0.22285714745521545,0.8141152858734131,0.2857714593410492
YGR161W-B,YKR102W,0,-0.30879253,0.2227965146303177,0.8141152858734131,0.2858715355396271
YNR074C,YDR076W,0,-0.30895665,0.2227359265089035,0.8141152858734131,0.28597158193588257
YLR183C,YBL052C,0,-0.30901712,0.2226753681898117,0.8141152858734131,0.28607162833213806
YLR026C,YOR098C,0,-0.3090497,0.2226148396730423,0.8141152858734131,0.28617170453071594
YDL245C,YIL076W,0,-0.30918685,0.22255434095859528,0.8141152858734131,0.28627175092697144
YGL232W,YDR165W,1,-0.30943212,0.22276555001735687,0.815109372138977,0.28627175092697144
YGR177C,YDR444W,0,-0.3095402,0.22270505130290985,0.815109372138977,0.2863718271255493
YEL030W,YNL182C,0,-0.30965996,0.22264458239078522,0.815109372138977,0.2864718735218048
YIL108W,YDL206W,0,-0.30978864,0.22258414328098297,0.815109372138977,0.2865719497203827
YMR013C,YKL144C,0,-0.3101935,0.2225237488746643,0.815109372138977,0.2866719961166382
YLL051C,YHR085W,0,-0.31039998,0.22246336936950684,0.815109372138977,0.28677207231521606
YDL197C,YBR192W,0,-0.310489,0.22240303456783295,0.815109372138977,0.28687211871147156
YPR196W,YER046W,0,-0.31064585,0.22234272956848145,0.815109372138977,0.28697219491004944
YOR126C,YLR160C,0,-0.31105447,0.22228245437145233,0.815109372138977,0.28707224130630493
YPR187W,YER104W,0,-0.3111653,0.2222222238779068,0.815109372138977,0.2871723175048828
YIR015W,YLR384C,1,-0.31137884,0.222432941198349,0.8161033987998962,0.2871723175048828
YOL158C,YMR308C,0,-0.31197822,0.22237269580364227,0.8161033987998962,0.2872723639011383
YHR069C,YLR386W,0,-0.31207177,0.22231248021125793,0.8161033987998962,0.2873724102973938
YMR269W,YLR270W,0,-0.31259805,0.22225229442119598,0.8161033987998962,0.2874724864959717
YJR028W,YJL134W,0,-0.31278124,0.22219215333461761,0.8161033987998962,0.2875725328922272
YKR055W,YGR214W,0,-0.31289914,0.22213204205036163,0.8161033987998962,0.28767260909080505
YNL138W,YDL148C,0,-0.3129087,0.22207194566726685,0.8161033987998962,0.28777265548706055
YPR137C-A,YJL066C,0,-0.31303817,0.22201189398765564,0.8161033987998962,0.2878727316856384
YDR454C,YDL216C,0,-0.31392694,0.22195187211036682,0.8161033987998962,0.2879727780818939
YOR226C,YMR270C,0,-0.31431898,0.22189189493656158,0.8161033987998962,0.2880728542804718
YLR330W,YDL077C,0,-0.3144055,0.22183193266391754,0.8161033987998962,0.2881729006767273
YPL180W,YLR160C,0,-0.31484556,0.22177201509475708,0.8161033987998962,0.2882729768753052
YMR301C,YER190W,0,-0.3148919,0.221712127327919,0.8161033987998962,0.28837302327156067
YMR013C,YLR145W,0,-0.3149506,0.22165226936340332,0.8161033987998962,0.28847306966781616
YNR021W,YML030W,0,-0.31541482,0.22159244120121002,0.8161033987998962,0.28857314586639404
YNL309W,YFL013C,0,-0.31556872,0.2215326428413391,0.8161033987998962,0.28867319226264954
YJR101W,YHR057C,0,-0.31570736,0.22147288918495178,0.8161033987998962,0.2887732684612274
YOL141W,YLL027W,0,-0.3157153,0.22141316533088684,0.8161033987998962,0.2888733148574829
YBR002C,YOR355W,0,-0.31575057,0.2213534712791443,0.8161033987998962,0.2889733910560608
YGR036C,YFR001W,0,-0.3164667,0.22129380702972412,0.8161033987998962,0.2890734374523163
YML071C,YNL078W,0,-0.31683987,0.22123417258262634,0.8161033987998962,0.28917351365089417
YLR113W,YOR239W,0,-0.31704727,0.22117456793785095,0.8161033987998962,0.28927356004714966
YNL292W,YMR023C,1,-0.3175178,0.22138433158397675,0.8170974254608154,0.28927356004714966
YFL010W-A,YCL026C-B,0,-0.31756967,0.22132471203804016,0.8170974254608154,0.28937363624572754
YLR033W,YBL052C,0,-0.3182451,0.22126513719558716,0.8170974254608154,0.28947368264198303
YGR012W,YGL216W,0,-0.3184418,0.22120559215545654,0.8170974254608154,0.2895737588405609
YGR285C,YDL083C,0,-0.31861195,0.2211460918188095,0.8170974254608154,0.2896738052368164
YOR297C,YNR067C,0,-0.3189754,0.22108660638332367,0.8170974254608154,0.2897738516330719
YNL223W,YLR050C,0,-0.31908432,0.22102715075016022,0.8170974254608154,0.2898739278316498
YGL232W,YGL050W,1,-0.32007122,0.22123655676841736,0.8180914521217346,0.2898739278316498
YNL314W,YNL302C,0,-0.320212,0.2211771011352539,0.8180914521217346,0.2899739742279053
YDR281C,YLR145W,0,-0.32111153,0.22111767530441284,0.8180914521217346,0.29007405042648315
YBR195C,YCL024W,0,-0.3213413,0.22105827927589417,0.8180914521217346,0.29017409682273865
YGR084C,YGL148W,0,-0.32153878,0.22099892795085907,0.8180914521217346,0.29027417302131653
YNL202W,YKL180W,0,-0.3217212,0.22093959152698517,0.8180914521217346,0.290374219417572
YGR225W,YCR057C,0,-0.32183185,0.22088029980659485,0.8180914521217346,0.2904742956161499
YKR019C,YLR353W,0,-0.3222373,0.22082103788852692,0.8180914521217346,0.2905743420124054
YOL145C,YGR185C,0,-0.32305837,0.22076180577278137,0.8180914521217346,0.2906744182109833
YOR378W,YLR325C,0,-0.3239198,0.22070260345935822,0.8180914521217346,0.29077446460723877
YMR283C,YGR169C,1,-0.32449213,0.22091153264045715,0.8190854787826538,0.29077446460723877
YMR061W,YHR057C,0,-0.32453048,0.2208523154258728,0.8190854787826538,0.29087451100349426
YGL209W,YMR008C,0,-0.32491937,0.22079314291477203,0.8190854787826538,0.29097458720207214
YHL034C,YLR348C,0,-0.32511964,0.22073400020599365,0.8190854787826538,0.29107463359832764
YLL041C,YOR310C,0,-0.32535848,0.22067487239837646,0.8190854787826538,0.2911747097969055
YIL002C,YJL030W,0,-0.32537985,0.22061578929424286,0.8190854787826538,0.291274756193161
YDR170C,YCL026C-B,0,-0.32548168,0.22055675089359283,0.8190854787826538,0.2913748323917389
YJL124C,YNR044W,0,-0.32557285,0.220497727394104,0.8190854787826538,0.2914748787879944
YPL150W,YDR211W,0,-0.32571843,0.22043873369693756,0.8190854787826538,0.29157495498657227
YOL070C,YDL028C,0,-0.32575235,0.2203797847032547,0.8190854787826538,0.29167500138282776
YNR060W,YCR012W,0,-0.32601532,0.22032085061073303,0.8190854787826538,0.29177507758140564
YDR082W,YDR222W,0,-0.32638964,0.22026196122169495,0.8190854787826538,0.29187512397766113
YJR130C,YOL108C,0,-0.3268616,0.22020310163497925,0.8190854787826538,0.2919751703739166
YCL026C-B,YGR239C,0,-0.32880715,0.22014427185058594,0.8190854787826538,0.2920752465724945
YGR056W,YOR168W,0,-0.32974964,0.22008547186851501,0.8190854787826538,0.29217529296875
YLR209C,YLR073C,0,-0.32990927,0.22002670168876648,0.8190854787826538,0.2922753691673279
YKR054C,YBR257W,0,-0.33004293,0.21996796131134033,0.8190854787826538,0.2923754155635834
YIL128W,YOR301W,0,-0.33045954,0.21990926563739777,0.8190854787826538,0.29247549176216125
YKL117W,YPL183W-A,0,-0.3306998,0.2198505848646164,0.8190854787826538,0.29257553815841675
YCR060W,YGL170C,0,-0.330957,0.2197919487953186,0.8190854787826538,0.29267561435699463
YPL183W-A,YNR013C,0,-0.33122295,0.219733327627182,0.8190854787826538,0.2927756607532501
YMR033W,YGR185C,0,-0.33156618,0.219674751162529,0.8190854787826538,0.292875736951828
YNL117W,YCL034W,0,-0.33179104,0.21961620450019836,0.8190854787826538,0.2929757833480835
YNL044W,YDR260C,0,-0.33213073,0.21955768764019012,0.8190854787826538,0.2930758595466614
YDR205W,YDR140W,0,-0.3323104,0.21949920058250427,0.8190854787826538,0.29317590594291687
YGL209W,YIR018W,0,-0.3326841,0.2194407433271408,0.8190854787826538,0.29327595233917236
YPL274W,YNR044W,0,-0.33280444,0.21938231587409973,0.8190854787826538,0.29337602853775024
YDR460W,YPL183W-A,0,-0.33313027,0.21932393312454224,0.8190854787826538,0.29347607493400574
YDL055C,YBL034C,0,-0.3334756,0.21926556527614594,0.8190854787826538,0.2935761511325836
YIR011C,YGL190C,0,-0.33363584,0.21920724213123322,0.8190854787826538,0.2936761975288391
YFR045W,YNR015W,0,-0.3337859,0.2191489338874817,0.8190854787826538,0.293776273727417
YGR109W-B,YIL132C,0,-0.3349691,0.21909067034721375,0.8190854787826538,0.2938763201236725
YJR112W,YJR034W,0,-0.33544713,0.2190324366092682,0.8190854787826538,0.29397639632225037
YNR015W,YGR024C,1,-0.33549988,0.2192399650812149,0.820079505443573,0.29397639632225037
YJR022W,YPR047W,1,-0.3355406,0.21944738924503326,0.8210735321044922,0.29397639632225037
YPR001W,YMR099C,0,-0.33561236,0.21938911080360413,0.8210735321044922,0.29407644271850586
YDR423C,YOL062C,0,-0.335685,0.21933086216449738,0.8210735321044922,0.29417651891708374
YDL107W,YNL092W,0,-0.3357033,0.21927262842655182,0.8210735321044922,0.29427656531333923
YPL223C,YLR401C,0,-0.33662495,0.21921443939208984,0.8210735321044922,0.2943766117095947
YLL003W,YPR111W,0,-0.3368613,0.21915628015995026,0.8210735321044922,0.2944766879081726
YHR179W,YBL029C-A,0,-0.33787042,0.21909813582897186,0.8210735321044922,0.2945767343044281
YIR011C,YOL090W,0,-0.33791506,0.21904003620147705,0.8210735321044922,0.294676810503006
YCR014C,YLR359W,0,-0.33796865,0.21898196637630463,0.8210735321044922,0.2947768568992615
YML097C,YKR020W,0,-0.3384468,0.2189239263534546,0.8210735321044922,0.29487693309783936
YOL141W,YJL005W,0,-0.33858728,0.21886593103408813,0.8210735321044922,0.29497697949409485
YOR251C,YLR105C,1,-0.33948565,0.2190728485584259,0.8220676183700562,0.29497697949409485
YBL071W-A,YCL017C,1,-0.3401973,0.21927966177463531,0.8230616450309753,0.29497697949409485
YPL002C,YDL128W,0,-0.340319,0.21922160685062408,0.8230616450309753,0.29507705569267273
YGL203C,YOL090W,0,-0.3404327,0.21916358172893524,0.8230616450309753,0.2951771020889282
YOL141W,YBR080C,0,-0.3405774,0.2191055864095688,0.8230616450309753,0.2952771782875061
YMR146C,YBR115C,0,-0.34066272,0.21904762089252472,0.8230616450309753,0.2953772246837616
YER138C,YCL026C-B,0,-0.34109733,0.21898968517780304,0.8230616450309753,0.2954773008823395
YKR028W,YGL148W,0,-0.34144452,0.21893177926540375,0.8230616450309753,0.29557734727859497
YPR113W,YDR460W,0,-0.34168223,0.21887390315532684,0.8230616450309753,0.29567739367485046
YLR410W-B,YGR027C,0,-0.34206986,0.21881607174873352,0.8230616450309753,0.29577746987342834
YOR304C-A,YOR251C,0,-0.34234804,0.2187582552433014,0.8230616450309753,0.29587751626968384
YNL160W,YGL183C,0,-0.3428213,0.21870046854019165,0.8230616450309753,0.2959775924682617
YGR167W,YLR129W,0,-0.3430069,0.2186427265405655,0.8230616450309753,0.2960776388645172
YJL011C,YOR204W,0,-0.34303492,0.21858499944210052,0.8230616450309753,0.2961777150630951
YDR064W,YDR211W,0,-0.34318507,0.21852731704711914,0.8230616450309753,0.2962777614593506
YPL110C,YGL174W,0,-0.3432548,0.21846964955329895,0.8230616450309753,0.29637783765792847
YMR025W,YPR043W,0,-0.34340906,0.21841202676296234,0.8230616450309753,0.29647788405418396
YNL271C,YBR118W,0,-0.34346294,0.21835443377494812,0.8230616450309753,0.29657796025276184
YJL060W,YEL062W,0,-0.343503,0.2182968556880951,0.8230616450309753,0.29667800664901733
YKL119C,YBR072W,0,-0.34354004,0.21823932230472565,0.8230616450309753,0.2967780530452728
YHR056C,YLR390W,0,-0.34361514,0.2181818187236786,0.8230616450309753,0.2968781292438507
YCR060W,YDL045W-A,0,-0.34411556,0.21812434494495392,0.8230616450309753,0.2969781756401062
YHR004C,YML006C,0,-0.34429127,0.21806690096855164,0.8230616450309753,0.2970782518386841
YLR005W,YDR159W,0,-0.34434032,0.21800947189331055,0.8230616450309753,0.2971782982349396
YOR126C,YFL010W-A,0,-0.34476066,0.21795208752155304,0.8230616450309753,0.29727837443351746
YGR036C,YOL040C,0,-0.34536096,0.21789473295211792,0.8230616450309753,0.29737842082977295
YJL166W,YBR243C,0,-0.34640434,0.2178374081850052,0.8230616450309753,0.29747849702835083
YIL006W,YOL104C,0,-0.3469017,0.21778011322021484,0.8230616450309753,0.2975785434246063
YJR078W,YGR229C,0,-0.3478762,0.2177228480577469,0.8230616450309753,0.2976786196231842
YML073C,YFL010W-A,0,-0.34791946,0.21766561269760132,0.8230616450309753,0.2977786660194397
YMR273C,YDR062W,0,-0.34799287,0.21760840713977814,0.8230616450309753,0.2978787124156952
YDR174W,YBR275C,0,-0.34862655,0.21755123138427734,0.8230616450309753,0.29797878861427307
YPR072W,YJL103C,0,-0.34874505,0.21749408543109894,0.8230616450309753,0.29807883501052856
YKR036C,YAL017W,0,-0.34894657,0.21743696928024292,0.8230616450309753,0.29817891120910645
YDL142C,YCL026C-B,0,-0.34905726,0.2173798829317093,0.8230616450309753,0.29827895760536194
YDR263C,YDL121C,0,-0.34934932,0.21732284128665924,0.8230616450309753,0.2983790338039398
YJL034W,YDL121C,0,-0.34940535,0.21726581454277039,0.8230616450309753,0.2984790802001953
YLR386W,YPL259C,0,-0.34962362,0.21720881760120392,0.8230616450309753,0.2985791563987732
YPR072W,YDR403W,0,-0.3501895,0.21715185046195984,0.8230616450309753,0.2986792027950287
YLR182W,YIL170W,0,-0.35028476,0.21709491312503815,0.8230616450309753,0.29877927899360657
YGR288W,YER104W,0,-0.35030866,0.21703800559043884,0.8230616450309753,0.29887932538986206
YBL076C,YNL335W,0,-0.35109764,0.21698112785816193,0.8230616450309753,0.29897940158843994
YMR146C,YFL045C,0,-0.35133168,0.2169242799282074,0.8230616450309753,0.29907944798469543
YDR207C,YDR381C-A,0,-0.35152787,0.21686747670173645,0.8230616450309753,0.2991794943809509
YPL131W,YMR227C,0,-0.352399,0.2168106883764267,0.8230616450309753,0.2992795705795288
YEL069C,YNL147W,0,-0.35260335,0.21675392985343933,0.8230616450309753,0.2993796169757843
YIL139C,YGR185C,0,-0.35264045,0.21669720113277435,0.8230616450309753,0.2994796931743622
YOR054C,YMR090W,0,-0.35355186,0.21664050221443176,0.8230616450309753,0.2995797395706177
YIL021W,YFR033C,0,-0.3543033,0.21658383309841156,0.8230616450309753,0.29967981576919556
YLL004W,YJR101W,0,-0.35457802,0.21652719378471375,0.8230616450309753,0.29977986216545105
YPR024W,YOR378W,0,-0.3545786,0.21647058427333832,0.8230616450309753,0.29987993836402893
YOR142W-B,YHR060W,0,-0.3550316,0.21641400456428528,0.8230616450309753,0.2999799847602844
YKR071C,YIL142W,0,-0.35524267,0.21635745465755463,0.8230616450309753,0.3000800609588623
YMR173W,YDR381C-A,0,-0.3554658,0.21630093455314636,0.8230616450309753,0.3001801073551178
YBL071W-A,YJL125C,1,-0.35579765,0.21650561690330505,0.8240556716918945,0.3001801073551178
YPR194C,YFR001W,0,-0.35588306,0.2164490818977356,0.8240556716918945,0.3002801537513733
YOL112W,YJL192C,0,-0.35603803,0.21639259159564972,0.8240556716918945,0.30038022994995117
YDL033C,YGL236C,1,-0.35638934,0.2165970802307129,0.8250496983528137,0.30038022994995117
YBR042C,YOR025W,0,-0.35686883,0.21654057502746582,0.8250496983528137,0.30048027634620667
YBL076C,YFL017W-A,0,-0.35696334,0.21648408472537994,0.8250496983528137,0.30058035254478455
YJR004C,YNL271C,0,-0.3569886,0.21642763912677765,0.8250496983528137,0.30068039894104004
YER185W,YDL111C,0,-0.35735527,0.21637122333049774,0.8250496983528137,0.3007804751396179
YKL041W,YOL054W,0,-0.35754365,0.21631482243537903,0.8250496983528137,0.3008805215358734
YNR006W,YKL053C-A,0,-0.3578461,0.2162584662437439,0.8250496983528137,0.3009805977344513
YDL245C,YLR429W,0,-0.35806355,0.21620213985443115,0.8250496983528137,0.3010806441307068
YPL134C,YKR102W,0,-0.35847715,0.2161458283662796,0.8250496983528137,0.30118072032928467
YOR310C,YLL043W,0,-0.35869998,0.21608956158161163,0.8250496983528137,0.30128076672554016
YOR243C,YMR047C,1,-0.35882244,0.216293603181839,0.8260437250137329,0.30128076672554016
YJL005W,YLL017W,0,-0.3588501,0.21623732149600983,0.8260437250137329,0.30138084292411804
YJL166W,YPL011C,0,-0.35895187,0.21618105471134186,0.8260437250137329,0.30148088932037354
YBR120C,YOL102C,0,-0.3590646,0.21612483263015747,0.8260437250137329,0.30158093571662903
YLR103C,YMR272C,0,-0.3591346,0.21606864035129547,0.8260437250137329,0.3016810119152069
YCL018W,YOR074C,0,-0.35933143,0.21601247787475586,0.8260437250137329,0.3017810583114624
YGR169C,YCR087C-A,0,-0.35942388,0.21595634520053864,0.8260437250137329,0.3018811345100403
YMR241W,YMR034C,0,-0.3595863,0.2159002274274826,0.8260437250137329,0.3019811809062958
YKL174C,YPL027W,0,-0.35969293,0.21584415435791016,0.8260437250137329,0.30208125710487366
YPL011C,YIL133C,0,-0.35993266,0.2157881110906601,0.8260437250137329,0.30218130350112915
YGR112W,YBR042C,0,-0.36128905,0.21573208272457123,0.8260437250137329,0.30228137969970703
YBR222C,YGL216W,0,-0.36152554,0.21567609906196594,0.8260437250137329,0.3023814260959625
YLR165C,YML073C,0,-0.3618555,0.21562013030052185,0.8260437250137329,0.3024815022945404
YDL171C,YNL274C,0,-0.36205024,0.21556420624256134,0.8260437250137329,0.3025815486907959
YOR310C,YPR162C,0,-0.36266848,0.21550829708576202,0.8260437250137329,0.3026815950870514
YLR401C,YBL085W,0,-0.363167,0.2154524177312851,0.8260437250137329,0.3027816712856293
YLR425W,YLL017W,0,-0.36337292,0.21539658308029175,0.8260437250137329,0.30288171768188477
YBR276C,YER104W,0,-0.36362666,0.2153407633304596,0.8260437250137329,0.30298179388046265
YDL078C,YCR046C,0,-0.3647104,0.21528497338294983,0.8260437250137329,0.30308184027671814
YHR066W,YPL163C,0,-0.36471295,0.21522921323776245,0.8260437250137329,0.303181916475296
YDR310C,YMR186W,0,-0.36486787,0.21517348289489746,0.8260437250137329,0.3032819628715515
YDR229W,YER115C,0,-0.36515865,0.21511778235435486,0.8260437250137329,0.3033820390701294
YAR035W,YCL057W,0,-0.36516827,0.21506211161613464,0.8260437250137329,0.3034820854663849
YIL134W,YIL083C,0,-0.36569357,0.21500647068023682,0.8260437250137329,0.30358216166496277
YPR200C,YNL070W,0,-0.36572373,0.21495085954666138,0.8260437250137329,0.30368220806121826
YML058W-A,YCL014W,0,-0.36576247,0.21489526331424713,0.8260437250137329,0.30378228425979614
YJL166W,YDR304C,0,-0.36595994,0.21483971178531647,0.8260437250137329,0.30388233065605164
YLR383W,YPL274W,0,-0.3661035,0.214784175157547,0.8260437250137329,0.30398237705230713
YKR019C,YPL188W,0,-0.36636406,0.2147286832332611,0.8260437250137329,0.304082453250885
YLR321C,YIL048W,0,-0.36658695,0.2146732062101364,0.8260437250137329,0.3041824996471405
YCR087C-A,YMR300C,0,-0.36759174,0.2146177738904953,0.8260437250137329,0.3042825758457184
YOL057W,YMR321C,0,-0.36797276,0.21456235647201538,0.8260437250137329,0.3043826222419739
YDL202W,YCL025C,0,-0.36805916,0.21450696885585785,0.8260437250137329,0.30448269844055176
YMR267W,YMR143W,0,-0.36855668,0.2144516110420227,0.8260437250137329,0.30458274483680725
YPL113C,YPL112C,0,-0.3686498,0.21439628303050995,0.8260437250137329,0.30468282103538513
YJL087C,YNL221C,1,-0.36868805,0.21459892392158508,0.8270377516746521,0.30468282103538513
YDR371W,YCR087C-A,0,-0.36873218,0.21454358100891113,0.8270377516746521,0.3047828674316406
YFL057C,YKR069W,0,-0.36954358,0.21448826789855957,0.8270377516746521,0.3048829436302185
YDR146C,YDL227C,0,-0.37004957,0.2144329845905304,0.8270377516746521,0.304982990026474
YMR112C,YBR118W,0,-0.37019607,0.2143777310848236,0.8270377516746521,0.3050830364227295
YOR297C,YML056C,0,-0.37041473,0.2143225073814392,0.8270377516746521,0.3051831126213074
YOL028C,YDR109C,0,-0.37046438,0.2142673134803772,0.8270377516746521,0.30528315901756287
YLR429W,YER104W,0,-0.3705539,0.21421214938163757,0.8270377516746521,0.30538323521614075
YGL068W,YIR032C,0,-0.3706557,0.21415701508522034,0.8270377516746521,0.30548328161239624
YJL087C,YGR239C,0,-0.37099248,0.2141019105911255,0.8270377516746521,0.3055833578109741
YCL014W,YDL208W,0,-0.37113145,0.21404682099819183,0.8270377516746521,0.3056834042072296
YLL034C,YIL021W,0,-0.3712951,0.21399177610874176,0.8270377516746521,0.3057834804058075
YIL128W,YJL187C,0,-0.37191996,0.21393674612045288,0.8270377516746521,0.305883526802063
YCR014C,YKL166C,0,-0.3727147,0.2138817459344864,0.8270377516746521,0.30598360300064087
YGR252W,YAR035W,0,-0.37294164,0.21382677555084229,0.8270377516746521,0.30608364939689636
YDR411C,YBL041W,0,-0.37309098,0.21377183496952057,0.8270377516746521,0.30618369579315186
YJL085W,YKL189W,0,-0.37324023,0.21371692419052124,0.8270377516746521,0.30628377199172974
YAL054C,YFR021W,0,-0.37336153,0.2136620432138443,0.8270377516746521,0.30638381838798523
YNL147W,YLR405W,1,-0.37374818,0.21386392414569855,0.8280318379402161,0.30638381838798523
YOR355W,YDL040C,0,-0.37429357,0.2138090282678604,0.8280318379402161,0.3064838945865631
YJL095W,YHR051W,0,-0.37465593,0.21375417709350586,0.8280318379402161,0.3065839409828186
YLL051C,YEL036C,0,-0.37482727,0.2136993259191513,0.8280318379402161,0.3066840171813965
YPR024W,YFR045W,0,-0.37513587,0.21364451944828033,0.8280318379402161,0.306784063577652
YDR062W,YDR404C,0,-0.3757756,0.21358974277973175,0.8280318379402161,0.30688413977622986
YJL087C,YMR089C,0,-0.3769417,0.21353499591350555,0.8280318379402161,0.30698418617248535
YPL150W,YLR191W,0,-0.37710315,0.21348026394844055,0.8280318379402161,0.30708426237106323
YLR129W,YPR001W,0,-0.37740308,0.21342557668685913,0.8280318379402161,0.3071843087673187
YKL174C,YGR258C,0,-0.37791395,0.2133709043264389,0.8280318379402161,0.3072843849658966
YKR103W,YDL225W,0,-0.3779237,0.21331626176834106,0.8280318379402161,0.3073844313621521
YJR022W,YGR024C,1,-0.37869957,0.2135176658630371,0.8290258646011353,0.3073844313621521
YMR241W,YPR167C,0,-0.38013327,0.21346300840377808,0.8290258646011353,0.3074844777584076
YLR047C,YMR075W,0,-0.3801408,0.21340839564800262,0.8290258646011353,0.3075845539569855
YBL071W-A,YNL221C,1,-0.3804108,0.21360962092876434,0.8300198912620544,0.3075845539569855
YLL041C,YFR019W,0,-0.38053465,0.2135549932718277,0.8300198912620544,0.30768460035324097
YOR310C,YIL094C,0,-0.38072005,0.21350038051605225,0.8300198912620544,0.30778467655181885
YBR066C,YLR227W-B,0,-0.38097066,0.21344581246376038,0.8300198912620544,0.30788472294807434
YHR047C,YLR256W-A,0,-0.38107708,0.2133912593126297,0.8300198912620544,0.3079847991466522
YMR168C,YLR314C,0,-0.3811818,0.2133367359638214,0.8300198912620544,0.3080848455429077
YMR136W,YOR340C,0,-0.38134894,0.2132822424173355,0.8300198912620544,0.3081849217414856
YLL003W,YML006C,0,-0.38142583,0.213227778673172,0.8300198912620544,0.3082849681377411
YER087W,YCR011C,0,-0.3814831,0.21317334473133087,0.8300198912620544,0.30838504433631897
YDL084W,YPR135W,0,-0.38166413,0.21311894059181213,0.8300198912620544,0.30848509073257446
YBR095C,YLL061W,0,-0.38178128,0.2130645513534546,0.8300198912620544,0.30858513712882996
YKR069W,YLL043W,0,-0.3820274,0.21301020681858063,0.8300198912620544,0.30868521332740784
YDR210C-C,YMR143W,0,-0.3833689,0.21295587718486786,0.8300198912620544,0.30878525972366333
YLR080W,YDL128W,0,-0.38387027,0.21290157735347748,0.8300198912620544,0.3088853359222412
YDR383C,YMR013C,0,-0.38387513,0.21284730732440948,0.8300198912620544,0.3089853823184967
YKL013C,YDR172W,0,-0.38440716,0.21279306709766388,0.8300198912620544,0.3090854585170746
YFR033C,YKR069W,0,-0.38461268,0.21273885667324066,0.8300198912620544,0.3091855049133301
YLR300W,YNL258C,0,-0.38475415,0.21268466114997864,0.8300198912620544,0.30928558111190796
YGR177C,YLR187W,0,-0.38483652,0.2126305103302002,0.8300198912620544,0.30938562750816345
YKL165C,YLL027W,0,-0.3851663,0.21257637441158295,0.8300198912620544,0.30948570370674133
YNL261W,YBR187W,0,-0.38604724,0.21252226829528809,0.8300198912620544,0.3095857501029968
YIL142W,YFR018C,0,-0.38614875,0.2124681919813156,0.8300198912620544,0.3096858263015747
YER137C-A,YGL212W,0,-0.38619673,0.21241414546966553,0.8300198912620544,0.3097858726978302
YNL236W,YGL216W,0,-0.38697442,0.21236012876033783,0.8300198912620544,0.3098859190940857
YLR429W,YDR173C,0,-0.38716915,0.21230612695217133,0.8300198912620544,0.3099859952926636
YJR040W,YHR168W,0,-0.38794506,0.2122521549463272,0.8300198912620544,0.31008604168891907
YJL011C,YDR476C,0,-0.38820487,0.21219822764396667,0.8300198912620544,0.31018611788749695
YBL071W-A,YMR059W,1,-0.38905287,0.21239838004112244,0.8310139179229736,0.31018611788749695
YPR137C-A,YPL183W-A,0,-0.38907662,0.21234442293643951,0.8310139179229736,0.31028616428375244
YIL135C,YKL082C,0,-0.38928527,0.21229049563407898,0.8310139179229736,0.3103862404823303
YPL259C,YNL230C,0,-0.38949078,0.21223661303520203,0.8310139179229736,0.3104862868785858
YGR216C,YOR351C,0,-0.38962477,0.21218274533748627,0.8310139179229736,0.3105863630771637
YBR080C,YMR180C,0,-0.38967186,0.2121289074420929,0.8310139179229736,0.3106864094734192
YJL011C,YGR084C,0,-0.3900637,0.21207508444786072,0.8310139179229736,0.31078648567199707
YFR029W,YPR138C,0,-0.39007154,0.21202130615711212,0.8310139179229736,0.31088653206825256
YOR251C,YDR378C,1,-0.39021564,0.21222110092639923,0.8320079445838928,0.31088653206825256
YOR243C,YMR078C,0,-0.39067775,0.21216730773448944,0.8320079445838928,0.31098657846450806
YLR047C,YFR052W,0,-0.39079309,0.21211352944374084,0.8320079445838928,0.31108665466308594
YCL018W,YMR093W,0,-0.39088443,0.21205979585647583,0.8320079445838928,0.31118670105934143
YER117W,YJR133W,0,-0.39094672,0.212006077170372,0.8320079445838928,0.3112867772579193
YLR227W-B,YCL032W,0,-0.39095414,0.21195238828659058,0.8320079445838928,0.3113868236541748
YER050C,YBR170C,0,-0.39098734,0.21189872920513153,0.8320079445838928,0.3114868998527527
YDR233C,YLR164W,0,-0.39151743,0.21184509992599487,0.8320079445838928,0.3115869462490082
YER103W,YGR225W,0,-0.39152166,0.2117915004491806,0.8320079445838928,0.31168702244758606
YOR054C,YDL111C,0,-0.39170682,0.21173791587352753,0.8320079445838928,0.31178706884384155
YLL002W,YLR278C,0,-0.39238566,0.21168437600135803,0.8320079445838928,0.31188714504241943
YOL045W,YGL071W,0,-0.39244658,0.21163085103034973,0.8320079445838928,0.3119871914386749
YKL168C,YBL029C-A,0,-0.39268813,0.21157735586166382,0.8320079445838928,0.3120872378349304
YJR119C,YDR381C-A,0,-0.39337015,0.2115238755941391,0.8320079445838928,0.3121873140335083
YBR260C,YBR020W,0,-0.3941842,0.21147044003009796,0.8320079445838928,0.3122873604297638
YJR004C,YKL201C,0,-0.39519936,0.21141701936721802,0.8320079445838928,0.3123874366283417
YNR044W,YER046W,0,-0.39548615,0.21136364340782166,0.8320079445838928,0.31248748302459717
YLR401C,YPL163C,0,-0.39589864,0.2113102823495865,0.8320079445838928,0.31258755922317505
YFR031C,YKR020W,0,-0.39617258,0.2112569361925125,0.8320079445838928,0.31268760561943054
YJL144W,YCR052W,0,-0.3961742,0.21120363473892212,0.8320079445838928,0.3127876818180084
YJR022W,YER146W,1,-0.39621395,0.21140262484550476,0.833001971244812,0.3127876818180084
YIR015W,YKR079C,1,-0.39664304,0.21160151064395905,0.8339959979057312,0.3127876818180084
YMR168C,YDR090C,0,-0.39689818,0.21154816448688507,0.8339959979057312,0.3128877282142639
YLR025W,YLR213C,0,-0.39690357,0.2114948332309723,0.8339959979057312,0.3129878044128418
YIL020C,YLR209C,0,-0.397309,0.2114415317773819,0.8339959979057312,0.3130878508090973
YHR060W,YJR005W,0,-0.39750534,0.2113882601261139,0.8339959979057312,0.31318792700767517
YPR144C,YLR256W-A,0,-0.39756,0.21133501827716827,0.8339959979057312,0.31328797340393066
YGL241W,YJR112W,0,-0.39820495,0.21128179132938385,0.8339959979057312,0.31338801980018616
YPL259C,YDR207C,0,-0.3985451,0.21122859418392181,0.8339959979057312,0.31348809599876404
YKR036C,YJL225C,0,-0.40013242,0.21117542684078217,0.8339959979057312,0.31358814239501953
YEL070W,YDR508C,0,-0.40066642,0.2111222892999649,0.8339959979057312,0.3136882185935974
YPR162C,YNL122C,0,-0.40076476,0.21106918156147003,0.8339959979057312,0.3137882649898529
YJR053W,YCR026C,0,-0.40125424,0.21101610362529755,0.8339959979057312,0.3138883411884308
YGR032W,YOR311C,0,-0.40145272,0.21096304059028625,0.8339959979057312,0.3139883875846863
YPR137W,YCR002C,0,-0.40199095,0.21091000735759735,0.8339959979057312,0.31408846378326416
YOL136C,YGR027C,0,-0.40201604,0.21085700392723083,0.8339959979057312,0.31418851017951965
YLL004W,YBR230C,0,-0.40213436,0.2108040153980255,0.8339959979057312,0.31428858637809753
YBR020W,YOL043C,0,-0.40217376,0.21075107157230377,0.8339959979057312,0.314388632774353
YHR109W,YOR313C,0,-0.4024995,0.21069814264774323,0.8339959979057312,0.3144886791706085
YGL170C,YJL149W,0,-0.4029028,0.21064524352550507,0.8339959979057312,0.3145887553691864
YJL030W,YNR004W,0,-0.4031267,0.2105923742055893,0.8339959979057312,0.3146888017654419
YMR089C,YHR041C,0,-0.40325862,0.21053951978683472,0.8339959979057312,0.3147888779640198
YJR101W,YOR351C,0,-0.40361792,0.21048671007156372,0.8339959979057312,0.31488892436027527
YDR296W,YNL092W,0,-0.40362656,0.21043391525745392,0.8339959979057312,0.31498900055885315
YJR147W,YMR065W,0,-0.40401983,0.2103811502456665,0.8339959979057312,0.31508904695510864
YPR162C,YKL003C,0,-0.40468195,0.21032840013504028,0.8339959979057312,0.3151891231536865
YMR117C,YMR296C,0,-0.40478766,0.21027569472789764,0.8339959979057312,0.315289169549942
YLL008W,YNL208W,0,-0.40507507,0.2102230042219162,0.8339959979057312,0.3153892457485199
YOR310C,YGL068W,0,-0.4051665,0.21017034351825714,0.8339959979057312,0.3154892921447754
YGR056W,YDR090C,0,-0.4055599,0.21011771261692047,0.8339959979057312,0.31558936834335327
YIL020C,YOR232W,0,-0.40597594,0.210065096616745,0.8339959979057312,0.31568941473960876
YEL040W,YAL040C,0,-0.4065196,0.2100125104188919,0.8339959979057312,0.31578946113586426
YER101C,YCL026C-B,0,-0.40667656,0.2099599540233612,0.8339959979057312,0.31588953733444214
YLR329W,YLR350W,0,-0.40723807,0.2099074274301529,0.8339959979057312,0.31598958373069763
YPL257W-B,YDR404C,0,-0.40726557,0.20985493063926697,0.8339959979057312,0.3160896599292755
YLR380W,YBR042C,0,-0.40747535,0.20980244874954224,0.8339959979057312,0.316189706325531
YGL211W,YOL141W,1,-0.40757966,0.20999999344348907,0.8349900841712952,0.316189706325531
YHR164C,YLR209C,0,-0.40869102,0.20994751155376434,0.8349900841712952,0.3162897825241089
YPL007C,YMR210W,0,-0.40873906,0.209895059466362,0.8349900841712952,0.3163898289203644
YLR305C,YBR274W,0,-0.40908808,0.20984262228012085,0.8349900841712952,0.31648990511894226
YNL271C,YBR278W,0,-0.40964603,0.2097902148962021,0.8349900841712952,0.31658995151519775
YOR275C,YBR238C,0,-0.41057715,0.20973782241344452,0.8349900841712952,0.31669002771377563
YIL134W,YOL043C,0,-0.41078168,0.20968547463417053,0.8349900841712952,0.31679007411003113
YNL282W,YKL124W,0,-0.41119722,0.20963314175605774,0.8349900841712952,0.3168901205062866
YDR378C,YGL225W,0,-0.41145733,0.20958083868026733,0.8349900841712952,0.3169901967048645
YGL226C-A,YBR010W,0,-0.4115664,0.20952856540679932,0.8349900841712952,0.31709024310112
YKL119C,YLR256W-A,0,-0.41198453,0.2094763070344925,0.8349900841712952,0.3171903192996979
YLR312W-A,YMR246W,0,-0.41204613,0.20942407846450806,0.8349900841712952,0.31729036569595337
YEL069C,YOL045W,0,-0.41229868,0.209371879696846,0.8349900841712952,0.31739044189453125
YBR081C,YOR206W,0,-0.412907,0.20931971073150635,0.8349900841712952,0.31749048829078674
YOR194C,YLR088W,0,-0.41291925,0.20926755666732788,0.8349900841712952,0.3175905644893646
YJL011C,YIL140W,0,-0.41296947,0.209215447306633,0.8349900841712952,0.3176906108856201
YBR223C,YOR285W,0,-0.4129973,0.2091633528470993,0.8349900841712952,0.317790687084198
YOR230W,YDL148C,0,-0.4130829,0.2091112732887268,0.8349900841712952,0.3178907334804535
YGR052W,YHL027W,0,-0.41333443,0.2090592384338379,0.8349900841712952,0.317990779876709
YLR380W,YEL062W,0,-0.41344702,0.20900721848011017,0.8349900841712952,0.31809085607528687
YFL002W-B,YGR276C,0,-0.41355023,0.20895522832870483,0.8349900841712952,0.31819090247154236
YGL169W,YOL062C,0,-0.41397437,0.2089032530784607,0.8349900841712952,0.31829097867012024
YGL122C,YHR058C,0,-0.41400206,0.20885132253170013,0.8349900841712952,0.31839102506637573
YGL050W,YGR169C,1,-0.41402367,0.20904797315597534,0.8359841108322144,0.31839102506637573
YOR279C,YNR013C,0,-0.41423762,0.2089960277080536,0.8359841108322144,0.3184911012649536
YOL165C,YPL218W,0,-0.41513085,0.20894409716129303,0.8359841108322144,0.3185911476612091
YBR183W,YBR128C,0,-0.41515258,0.20889219641685486,0.8359841108322144,0.318691223859787
YBR167C,YDR463W,1,-0.4154266,0.20908865332603455,0.8369781374931335,0.318691223859787
YMR182C,YNR067C,0,-0.41567737,0.20903673768043518,0.8369781374931335,0.3187912702560425
YCL074W,YDR211W,0,-0.4162655,0.2089848667383194,0.8369781374931335,0.31889134645462036
YDR067C,YFR031C,0,-0.416708,0.2089329957962036,0.8369781374931335,0.31899139285087585
YGL172W,YOR274W,1,-0.41721475,0.2091292440891266,0.8379721641540527,0.31899139285087585
YER117W,YBR274W,0,-0.41780555,0.209077388048172,0.8379721641540527,0.31909146904945374
YDR233C,YLR208W,0,-0.41781372,0.2090255320072174,0.8379721641540527,0.31919151544570923
YLR244C,YBR278W,0,-0.4185717,0.2089737206697464,0.8379721641540527,0.3192915618419647
YLR425W,YNR013C,0,-0.4189843,0.20892193913459778,0.8379721641540527,0.3193916380405426
YFL010W-A,YMR240C,0,-0.41902754,0.20887017250061035,0.8379721641540527,0.3194916844367981
YHR005C-A,YER104W,0,-0.41912353,0.2088184356689453,0.8379721641540527,0.319591760635376
YCL036W,YNL008C,0,-0.4192145,0.20876671373844147,0.8379721641540527,0.31969180703163147
YDL215C,YMR203W,0,-0.41955405,0.20871502161026,0.8379721641540527,0.31979188323020935
YCL074W,YOR147W,0,-0.419577,0.20866335928440094,0.8379721641540527,0.31989192962646484
YML032C,YBR129C,0,-0.41966668,0.20861172676086426,0.8379721641540527,0.3199920058250427
YGR177C,YIL080W,0,-0.41971886,0.20856012403964996,0.8379721641540527,0.3200920522212982
YDR423C,YGR077C,0,-0.41997328,0.20850853621959686,0.8379721641540527,0.3201921284198761
YMR005W,YDR405W,0,-0.42035908,0.20845697820186615,0.8379721641540527,0.3202921748161316
YOR106W,YPR138C,0,-0.42063084,0.20840543508529663,0.8379721641540527,0.3203922212123871
YNL262W,YER074W,0,-0.42069077,0.2083539366722107,0.8379721641540527,0.32049229741096497
YOR382W,YGL241W,0,-0.42101502,0.20830245316028595,0.8379721641540527,0.32059234380722046
YKL203C,YIR032C,0,-0.42152685,0.2082509845495224,0.8379721641540527,0.32069242000579834
YPR167C,YDR240C,0,-0.42156515,0.20819956064224243,0.8379721641540527,0.32079246640205383
YBR278W,YHR041C,0,-0.42156816,0.20814815163612366,0.8379721641540527,0.3208925426006317
YNL084C,YMR075W,0,-0.42222863,0.20809677243232727,0.8379721641540527,0.3209925889968872
YBR061C,YOR285W,0,-0.42262506,0.20804540812969208,0.8379721641540527,0.3210926651954651
YBR278W,YNL138W,0,-0.42290422,0.20799407362937927,0.8379721641540527,0.3211927115917206
YML032C,YLR141W,0,-0.42303538,0.20794276893138885,0.8379721641540527,0.32129278779029846
YKL078W,YIR032C,0,-0.42318797,0.20789149403572083,0.8379721641540527,0.32139283418655396
YBR118W,YMR020W,0,-0.4240612,0.207840234041214,0.8379721641540527,0.32149291038513184
YLR203C,YER137C,0,-0.4242205,0.20778900384902954,0.8379721641540527,0.32159295678138733
YNL102W,YIL132C,0,-0.4246859,0.20773780345916748,0.8379721641540527,0.3216930031776428
YLR410W-A,YBR281C,0,-0.42485043,0.2076866179704666,0.8379721641540527,0.3217930793762207
YKL093W,YGR095C,0,-0.4259212,0.20763546228408813,0.8379721641540527,0.3218931257724762
YDL197C,YDL208W,0,-0.4260335,0.20758433640003204,0.8379721641540527,0.3219932019710541
YCL074W,YJR140C,0,-0.42637828,0.20753324031829834,0.8379721641540527,0.32209324836730957
YPL007C,YMR034C,0,-0.42682508,0.20748215913772583,0.8379721641540527,0.32219332456588745
YGR032W,YIR018W,0,-0.42690426,0.2074311077594757,0.8379721641540527,0.32229337096214294
YKL041W,YGR105W,0,-0.42740375,0.20738007128238678,0.8379721641540527,0.3223934471607208
YLL041C,YJR119C,0,-0.42754847,0.20732906460762024,0.8379721641540527,0.3224934935569763
YJR004C,YMR137C,0,-0.42761242,0.2072780877351761,0.8379721641540527,0.3225935697555542
YPR171W,YBR010W,0,-0.42824394,0.20722714066505432,0.8379721641540527,0.3226936161518097
YDR527W,YPL078C,0,-0.42843354,0.20717620849609375,0.8379721641540527,0.3227936625480652
YER185W,YPL007C,0,-0.42856127,0.20712530612945557,0.8379721641540527,0.32289373874664307
YNR004W,YAR035W,0,-0.42867064,0.20707443356513977,0.8379721641540527,0.32299378514289856
YOR343W-B,YJL206C,0,-0.429036,0.20702357590198517,0.8379721641540527,0.32309386134147644
YBR247C,YPR091C,0,-0.4296071,0.20697274804115295,0.8379721641540527,0.32319390773773193
YIR011C,YBL089W,0,-0.43055475,0.20692194998264313,0.8379721641540527,0.3232939839363098
YJL191W,YGR171C,0,-0.4314453,0.2068711668252945,0.8379721641540527,0.3233940303325653
YER013W,YPR119W,0,-0.43168455,0.20682041347026825,0.8379721641540527,0.3234941065311432
YOL052C,YDR140W,0,-0.43176395,0.2067696899175644,0.8379721641540527,0.3235941529273987
YJL103C,YOR349W,0,-0.43183514,0.20671898126602173,0.8379721641540527,0.32369422912597656
YOR378W,YJL128C,0,-0.43190658,0.20666830241680145,0.8379721641540527,0.32379427552223206
YMR186W,YCL026C-B,0,-0.4326103,0.20661765336990356,0.8379721641540527,0.32389432191848755
YBR195C,YKL001C,0,-0.43318677,0.20656701922416687,0.8379721641540527,0.32399439811706543
YNL309W,YIL133C,0,-0.43319097,0.20651641488075256,0.8379721641540527,0.3240944445133209
YML045W-A,YKL022C,0,-0.43377218,0.20646584033966064,0.8379721641540527,0.3241945207118988
YDL227C,YER130C,0,-0.4338652,0.20641528069972992,0.8379721641540527,0.3242945671081543
YER165W,YDL040C,0,-0.43395197,0.20636475086212158,0.8379721641540527,0.3243946433067322
YLR401C,YOR085W,0,-0.43398857,0.20631425082683563,0.8379721641540527,0.32449468970298767
YGR081C,YHR061C,0,-0.43424985,0.20626376569271088,0.8379721641540527,0.32459476590156555
YDL206W,YLR130C,0,-0.43432364,0.2062133103609085,0.8379721641540527,0.32469481229782104
YJL081C,YLR389C,0,-0.43459955,0.20616286993026733,0.8379721641540527,0.3247948884963989
YOR071C,YGL019W,0,-0.43466803,0.20611247420310974,0.8379721641540527,0.3248949348926544
YGR251W,YDR109C,0,-0.4347488,0.20606209337711334,0.8379721641540527,0.3249950110912323
YMR179W,YJR101W,0,-0.43475088,0.20601172745227814,0.8379721641540527,0.3250950574874878
YBL071W-A,YOL141W,1,-0.43510273,0.20620571076869965,0.8389661908149719,0.3250950574874878
YDL107W,YBR006W,0,-0.43522966,0.20615534484386444,0.8389661908149719,0.3251951038837433
YNL314W,YLR103C,0,-0.43607315,0.20610500872135162,0.8389661908149719,0.32529518008232117
YGL030W,YMR229C,0,-0.43664977,0.2060546875,0.8389661908149719,0.32539522647857666
YIL088C,YKR056W,0,-0.43701836,0.20600439608097076,0.8389661908149719,0.32549530267715454
YGL050W,YBR115C,0,-0.4372211,0.20595411956310272,0.8389661908149719,0.32559534907341003
YOR176W,YMR087W,0,-0.4374479,0.20590387284755707,0.8389661908149719,0.3256954252719879
YLL043W,YOR180C,0,-0.4375551,0.2058536559343338,0.8389661908149719,0.3257954716682434
YPL213W,YGL122C,0,-0.43755573,0.20580346882343292,0.8389661908149719,0.3258955478668213
YFR045W,YKR057W,0,-0.43848804,0.20575329661369324,0.8389661908149719,0.3259955942630768
YEL069C,YGR177C,0,-0.43871337,0.20570313930511475,0.8389661908149719,0.32609567046165466
YBR031W,YER190W,0,-0.43879792,0.20565302670001984,0.8389661908149719,0.32619571685791016
YDR518W,YIL159W,0,-0.43918207,0.20560292899608612,0.8389661908149719,0.32629576325416565
YDL245C,YLR224W,0,-0.43928993,0.2055528461933136,0.8389661908149719,0.32639583945274353
YNL122C,YOR327C,0,-0.43964463,0.20550279319286346,0.8389661908149719,0.326495885848999
YDR170C,YBR061C,0,-0.4400615,0.20545276999473572,0.8389661908149719,0.3265959620475769
YOR099W,YDR364C,0,-0.44025913,0.20540277659893036,0.8389661908149719,0.3266960084438324
YPR035W,YGR239C,0,-0.44026476,0.2053527981042862,0.8389661908149719,0.3267960846424103
YLR312W-A,YDR062W,0,-0.44064733,0.20530284941196442,0.8389661908149719,0.32689613103866577
YCL026C-B,YBL092W,0,-0.44076794,0.20525291562080383,0.8389661908149719,0.32699620723724365
YMR039C,YBR093C,0,-0.44143173,0.20520301163196564,0.8389661908149719,0.32709625363349915
YPR113W,YGR145W,0,-0.44189233,0.20515313744544983,0.8389661908149719,0.327196329832077
YOR106W,YKL124W,0,-0.4420421,0.20510327816009521,0.8389661908149719,0.3272963762283325
YLL004W,YNL259C,0,-0.44274426,0.205053448677063,0.8389661908149719,0.3273964524269104
YDL197C,YKL003C,0,-0.4432524,0.20500364899635315,0.8389661908149719,0.3274964988231659
YLR025W,YNL032W,0,-0.4437464,0.2049538642168045,0.8389661908149719,0.3275965452194214
YDR454C,YGL037C,0,-0.44378093,0.20490410923957825,0.8389661908149719,0.32769662141799927
YPL122C,YIL048W,0,-0.44423896,0.20485436916351318,0.8389661908149719,0.32779666781425476
YKL217W,YCL025C,0,-0.444438,0.2048046588897705,0.8389661908149719,0.32789674401283264
YKL175W,YOR355W,0,-0.44448078,0.20475497841835022,0.8389661908149719,0.32799679040908813
YER013W,YFL066C,0,-0.44490397,0.20470531284809113,0.8389661908149719,0.328096866607666
YLR395C,YPR125W,0,-0.44500402,0.20465567708015442,0.8389661908149719,0.3281969130039215
YKL174C,YGL122C,0,-0.44546905,0.2046060562133789,0.8389661908149719,0.3282969892024994
YDR082W,YLR157C,0,-0.44560257,0.20455646514892578,0.8389661908149719,0.3283970355987549
YCL074W,YDL225W,0,-0.44611046,0.20450690388679504,0.8389661908149719,0.32849711179733276
YJL166W,YLR026C,0,-0.44626015,0.2044573575258255,0.8389661908149719,0.32859715819358826
YEL031W,YGL190C,0,-0.44629934,0.20440784096717834,0.8389661908149719,0.32869720458984375
YER013W,YOL102C,0,-0.4465894,0.20435835421085358,0.8389661908149719,0.32879728078842163
YPR167C,YEL062W,0,-0.44673604,0.20430888235569,0.8389661908149719,0.3288973271846771
YER171W,YER104W,0,-0.44742432,0.20425944030284882,0.8389661908149719,0.328997403383255
YOR283W,YBR274W,0,-0.4476478,0.20421001315116882,0.8389661908149719,0.3290974497795105
YMR089C,YDR245W,0,-0.4481203,0.20416061580181122,0.8389661908149719,0.3291975259780884
YLR447C,YGR281W,0,-0.4482243,0.204111248254776,0.8389661908149719,0.32929757237434387
YDL121C,YDL035C,0,-0.44828004,0.20406189560890198,0.8389661908149719,0.32939764857292175
YJR101W,YGR143W,0,-0.44834948,0.20401257276535034,0.8389661908149719,0.32949769496917725
YDR414C,YJL029C,0,-0.4484227,0.2039632648229599,0.8389661908149719,0.3295977711677551
YPL129W,YPR125W,0,-0.44880977,0.20391398668289185,0.8389661908149719,0.3296978175640106
YJR032W,YJL144W,0,-0.44888425,0.20386473834514618,0.8389661908149719,0.3297978639602661
YJR021C,YNL026W,0,-0.44992742,0.2038155049085617,0.8389661908149719,0.329897940158844
YEL070W,YDR170C,0,-0.45017138,0.20376630127429962,0.8389661908149719,0.3299979865550995
YGL019W,YGL216W,0,-0.450195,0.20371711254119873,0.8389661908149719,0.33009806275367737
YLR309C,YOR351C,0,-0.4503531,0.20366795361042023,0.8389661908149719,0.33019810914993286
YDR389W,YGR118W,0,-0.45040894,0.2036188244819641,0.8389661908149719,0.33029818534851074
YNL271C,YKR054C,0,-0.45048627,0.2035697102546692,0.8389661908149719,0.33039823174476624
YPL127C,YNL290W,0,-0.4506636,0.20352061092853546,0.8389661908149719,0.3304983079433441
YGL209W,YDR261C-D,0,-0.4509938,0.20347155630588531,0.8389661908149719,0.3305983543395996
YEL069C,YPR187W,0,-0.4510771,0.20342251658439636,0.8389661908149719,0.3306984305381775
YNL271C,YLR183C,0,-0.45120415,0.2033734917640686,0.8389661908149719,0.330798476934433
YLR256W-A,YGR246C,0,-0.45140886,0.20332449674606323,0.8389661908149719,0.33089855313301086
YMR169C,YJL213W,0,-0.45166343,0.20327553153038025,0.8389661908149719,0.33099859952926636
YBR187W,YCL034W,0,-0.45186365,0.20322658121585846,0.8389661908149719,0.33109864592552185
YLR314C,YOR324C,0,-0.45309895,0.20317766070365906,0.8389661908149719,0.33119872212409973
YMR239C,YDR444W,0,-0.45312643,0.20312875509262085,0.8389661908149719,0.3312987685203552
YDR530C,YGR225W,0,-0.45363355,0.20307987928390503,0.8389661908149719,0.3313988447189331
YHR164C,YGR175C,0,-0.45404273,0.2030310332775116,0.8389661908149719,0.3314988911151886
YPL163C,YPL257W-B,0,-0.45426393,0.20298220217227936,0.8389661908149719,0.3315989673137665
YNL084C,YIL046W,0,-0.45527253,0.2029334008693695,0.8389661908149719,0.331699013710022
YGL083W,YDR410C,0,-0.45564634,0.20288461446762085,0.8389661908149719,0.33179908990859985
YMR032W,YLR264W,0,-0.45584938,0.20283585786819458,0.8389661908149719,0.33189913630485535
YDR296W,YDR332W,0,-0.45621508,0.2027871161699295,0.8389661908149719,0.3319992125034332
YJR022W,YBL026W,1,-0.4565441,0.20297862589359283,0.8399602174758911,0.3319992125034332
YNR017W,YDR389W,0,-0.45682478,0.20292986929416656,0.8399602174758911,0.3320992588996887
YKL210W,YER074W,0,-0.45696,0.20288115739822388,0.8399602174758911,0.3321993052959442
YJR147W,YNL298W,0,-0.4571136,0.20283246040344238,0.8399602174758911,0.3322993814945221
YJR055W,YML049C,0,-0.4574784,0.20278377830982208,0.8399602174758911,0.3323994278907776
YPR187W,YBR192W,0,-0.45775837,0.20273512601852417,0.8399602174758911,0.33249950408935547
YOR301W,YBR074W,0,-0.45801067,0.20268648862838745,0.8399602174758911,0.33259955048561096
YDR457W,YPL147W,0,-0.4580708,0.20263789594173431,0.8399602174758911,0.33269962668418884
YPR001W,YGL163C,0,-0.4584311,0.20258930325508118,0.8399602174758911,0.33279967308044434
YPR198W,YMR301C,0,-0.45857584,0.20254075527191162,0.8399602174758911,0.3328997492790222
YDL059C,YOR226C,0,-0.45902905,0.20249220728874207,0.8399602174758911,0.3329997956752777
YMR146C,YER014C-A,0,-0.45908946,0.2024437040090561,0.8399602174758911,0.3330998718738556
YBR067C,YKL082C,0,-0.4591564,0.2023952156305313,0.8399602174758911,0.3331999182701111
YIL132C,YDR140W,0,-0.45924732,0.20234674215316772,0.8399602174758911,0.33329999446868896
YLR043C,YMR229C,0,-0.46050757,0.20229829847812653,0.8399602174758911,0.33340004086494446
YGL026C,YIL159W,0,-0.461105,0.20224988460540771,0.8399602174758911,0.33350008726119995
YGL256W,YOR261C,0,-0.46201342,0.2022014856338501,0.8399602174758911,0.33360016345977783
YJR005W,YJL192C,0,-0.46242294,0.20215311646461487,0.8399602174758911,0.3337002098560333
YJL194W,YML071C,0,-0.46265942,0.20210476219654083,0.8399602174758911,0.3338002860546112
YGR052W,YNL175C,0,-0.464244,0.20205643773078918,0.8399602174758911,0.3339003324508667
YKR056W,YOR142W-A,0,-0.4648221,0.20200812816619873,0.8399602174758911,0.3340004086494446
YLR206W,YFR033C,0,-0.4648903,0.20195984840393066,0.8399602174758911,0.3341004550457001
YOL129W,YPL027W,0,-0.46498466,0.2019115835428238,0.8399602174758911,0.33420053124427795
YPL083C,YOR274W,1,-0.4652425,0.20210224390029907,0.8409543037414551,0.33420053124427795
YBR020W,YOR219C,0,-0.46528625,0.2020539790391922,0.8409543037414551,0.33430057764053345
YLR353W,YGR077C,0,-0.46561727,0.20200572907924652,0.8409543037414551,0.33440065383911133
YDR332W,YIL133C,0,-0.465926,0.20195750892162323,0.8409543037414551,0.3345007002353668
YPR135W,YLR025W,0,-0.46628565,0.20190930366516113,0.8409543037414551,0.3346007466316223
YKL082C,YHL027W,0,-0.46650532,0.20186112821102142,0.8409543037414551,0.3347008228302002
YIR018W,YOR232W,0,-0.46663722,0.2018129825592041,0.8409543037414551,0.3348008692264557
YOR298W,YMR213W,0,-0.46732074,0.20176485180854797,0.8409543037414551,0.33490094542503357
YNR010W,YKL094W,0,-0.46738908,0.20171673595905304,0.8409543037414551,0.33500099182128906
YNL050C,YKL064W,0,-0.46739256,0.2016686499118805,0.8409543037414551,0.33510106801986694
YOR106W,YNL309W,0,-0.46755475,0.20162059366703033,0.8409543037414551,0.33520111441612244
YKL171W,YKR057W,0,-0.46764016,0.20157255232334137,0.8409543037414551,0.3353011906147003
YGL170C,YGR012W,0,-0.468096,0.2015245407819748,0.8409543037414551,0.3354012370109558
YKR101W,YLR088W,0,-0.46845764,0.2014765441417694,0.8409543037414551,0.3355013132095337
YDR512C,YMR123W,0,-0.46867374,0.2014285773038864,0.8409543037414551,0.3356013596057892
YHR209W,YKL022C,0,-0.46892345,0.2013806253671646,0.8409543037414551,0.3357014060020447
YDL074C,YPR152C,0,-0.46917874,0.2013327032327652,0.8409543037414551,0.33580148220062256
YGL158W,YOL082W,0,-0.46928278,0.20128479599952698,0.8409543037414551,0.33590152859687805
YGR113W,YPL188W,0,-0.47008508,0.20123691856861115,0.8409543037414551,0.33600160479545593
YDL121C,YER022W,0,-0.47067106,0.2011890560388565,0.8409543037414551,0.3361016511917114
YPL042C,YLR020C,0,-0.47071975,0.20114122331142426,0.8409543037414551,0.3362017273902893
YMR182C,YEL031W,0,-0.47077954,0.2010934203863144,0.8409543037414551,0.3363017737865448
YPR060C,YKR069W,0,-0.4711597,0.20104563236236572,0.8409543037414551,0.3364018499851227
YDR451C,YOR215C,0,-0.47137946,0.20099785923957825,0.8409543037414551,0.3365018963813782
YPL083C,YPL180W,0,-0.47168648,0.20095011591911316,0.8409543037414551,0.33660197257995605
YJR010W,YGR271W,0,-0.47175515,0.20090240240097046,0.8409543037414551,0.33670201897621155
YPL276W,YBL011W,0,-0.47217602,0.20085470378398895,0.8409543037414551,0.33680209517478943
YGR177C,YJL029C,0,-0.4724629,0.20080702006816864,0.8409543037414551,0.3369021415710449
YBL071W-A,YMR023C,1,-0.472556,0.20099668204784393,0.8419483304023743,0.3369021415710449
YDR233C,YLR187W,0,-0.47276065,0.20094899833202362,0.8419483304023743,0.3370021879673004
YDR451C,YIL170W,0,-0.47279644,0.2009013295173645,0.8419483304023743,0.3371022641658783
YMR093W,YDL040C,0,-0.47286582,0.20085369050502777,0.8419483304023743,0.3372023105621338
YBR022W,YLR105C,1,-0.4729084,0.20104314386844635,0.8429423570632935,0.3372023105621338
YOL145C,YKL093W,0,-0.47315335,0.20099548995494843,0.8429423570632935,0.33730238676071167
YDR233C,YOR142W-A,0,-0.47336388,0.2009478658437729,0.8429423570632935,0.33740243315696716
YJR083C,YAL040C,0,-0.4737746,0.20090025663375854,0.8429423570632935,0.33750250935554504
YPL119C,YDR226W,0,-0.47379452,0.2008526772260666,0.8429423570632935,0.33760255575180054
YBL005W-B,YDL245C,0,-0.47401637,0.20080511271953583,0.8429423570632935,0.3377026319503784
YGL232W,YJR022W,1,-0.47522354,0.2009943127632141,0.8439363837242126,0.3377026319503784
YAL063C,YGR285C,0,-0.47536305,0.20094674825668335,0.8439363837242126,0.3378026783466339
YDR026C,YLR157C,0,-0.47614366,0.20089919865131378,0.8439363837242126,0.3379027545452118
YPR135W,YPL208W,0,-0.47661924,0.2008516639471054,0.8439363837242126,0.3380028009414673
YGL256W,YMR210W,0,-0.47662458,0.20080415904521942,0.8439363837242126,0.3381028473377228
YOR291W,YBL091C-A,0,-0.47679344,0.20075668394565582,0.8439363837242126,0.33820292353630066
YMR005W,YLR183C,0,-0.47717234,0.20070922374725342,0.8439363837242126,0.33830296993255615
YDL170W,YJL006C,0,-0.47738928,0.2006617784500122,0.8439363837242126,0.33840304613113403
YOR323C,YBR223C,0,-0.47750118,0.20061436295509338,0.8439363837242126,0.3385030925273895
YJR051W,YDR451C,0,-0.47772062,0.20056697726249695,0.8439363837242126,0.3386031687259674
YGL236C,YMR283C,1,-0.47781122,0.2007557898759842,0.8449304103851318,0.3386031687259674
YJR051W,YGR036C,0,-0.47785664,0.20070838928222656,0.8449304103851318,0.3387032151222229
YDR196C,YOR142W-A,0,-0.47789544,0.20066100358963013,0.8449304103851318,0.3388032913208008
YLL051C,YDR378C,0,-0.47796142,0.20061364769935608,0.8449304103851318,0.3389033377170563
YFR029W,YJL128C,0,-0.47800237,0.20056630671024323,0.8449304103851318,0.33900341391563416
YJR022W,YDL112W,1,-0.47821042,0.20075489580631256,0.845924437046051,0.33900341391563416
YML051W,YDR527W,0,-0.47825742,0.2007075399160385,0.845924437046051,0.33910346031188965
YEL031W,YMR319C,0,-0.4784899,0.20066022872924805,0.845924437046051,0.33920353651046753
YBR202W,YPR119W,0,-0.47951895,0.20061291754245758,0.845924437046051,0.339303582906723
YMR078C,YHL027W,0,-0.48016545,0.2005656361579895,0.845924437046051,0.3394036293029785
YPR137C-A,YKL074C,0,-0.4803269,0.2005183845758438,0.845924437046051,0.3395037055015564
YGL243W,YML091C,1,-0.48072094,0.20070672035217285,0.8469184637069702,0.3395037055015564
YDR518W,YGR145W,0,-0.48096412,0.20065943896770477,0.8469184637069702,0.3396037518978119
YPL064C,YGR246C,0,-0.48121104,0.20061220228672028,0.8469184637069702,0.33970382809638977
YGR113W,YKL022C,0,-0.48144358,0.20056496560573578,0.8469184637069702,0.33980387449264526
YDR137W,YDL225W,0,-0.48224676,0.20051777362823486,0.8469184637069702,0.33990395069122314
YDR240C,YHR168W,0,-0.48245874,0.20047058165073395,0.8469184637069702,0.34000399708747864
YIL139C,YGL026C,0,-0.48258364,0.2004234343767166,0.8469184637069702,0.3401040732860565
YLR440C,YPL183W-A,0,-0.48263875,0.20037628710269928,0.8469184637069702,0.340204119682312
YKL090W,YDR170C,0,-0.48279247,0.20032918453216553,0.8469184637069702,0.3403041958808899
YMR114C,YCL026C-B,0,-0.48295856,0.20028208196163177,0.8469184637069702,0.3404042422771454
YOR251C,YNL262W,0,-0.4830299,0.2002350240945816,0.8469184637069702,0.3405042886734009
YBL076C,YFL054C,0,-0.48324543,0.20018796622753143,0.8469184637069702,0.34060436487197876
YBL113C,YER087C-B,0,-0.4837066,0.20014093816280365,0.8469184637069702,0.34070441126823425
YJR032W,YML052W,0,-0.48400396,0.20009393990039825,0.8469184637069702,0.34080448746681213
YNL147W,YDR165W,1,-0.48414198,0.2002817541360855,0.8479125499725342,0.34080448746681213
YJR022W,YAL043C,1,-0.4842501,0.2004694789648056,0.8489065766334534,0.34080448746681213
YOL124C,YBL071W-A,1,-0.48443556,0.20065712928771973,0.8499006032943726,0.34080448746681213
YMR078C,YDR497C,0,-0.48444214,0.20061004161834717,0.8499006032943726,0.3409045338630676
YBR230C,YER168C,0,-0.4845239,0.200562983751297,0.8499006032943726,0.3410046100616455
YMR172W,YLR316C,0,-0.4845448,0.20051594078540802,0.8499006032943726,0.341104656457901
YGL172W,YPL273W,0,-0.48509508,0.20046892762184143,0.8499006032943726,0.3412047326564789
YKL165C,YOR294W,0,-0.48655346,0.20042194426059723,0.8499006032943726,0.3413047790527344
YPL188W,YDR081C,0,-0.48661408,0.20037497580051422,0.8499006032943726,0.34140485525131226
YKL119C,YNL050C,0,-0.4869151,0.2003280222415924,0.8499006032943726,0.34150490164756775
YGL071W,YDR444W,0,-0.48723072,0.20028109848499298,0.8499006032943726,0.34160497784614563
YHR002W,YDL077C,0,-0.48743242,0.20023418962955475,0.8499006032943726,0.3417050242424011
YPR190C,YFL021W,0,-0.4876024,0.2001873105764389,0.8499006032943726,0.3418050706386566
YOL155C,YDR261C-D,0,-0.4876627,0.20014044642448425,0.8499006032943726,0.3419051468372345
YHR211W,YLR042C,0,-0.48804635,0.200093612074852,0.8499006032943726,0.34200519323349
YDR082W,YOR126C,0,-0.48908818,0.20004679262638092,0.8499006032943726,0.34210526943206787
YGR216C,YDR392W,0,-0.48927277,0.20000000298023224,0.8499006032943726,0.34220531582832336
YOR311C,YDR392W,0,-0.4892732,0.19995322823524475,0.8499006032943726,0.34230539202690125
YER175C,YJL144W,0,-0.48979408,0.19990648329257965,0.8499006032943726,0.34240543842315674
YBR260C,YDR405W,0,-0.4898785,0.19985975325107574,0.8499006032943726,0.3425055146217346
YDL028C,YDR472W,0,-0.48999354,0.19981303811073303,0.8499006032943726,0.3426055610179901
YOR145C,YDR210C-C,0,-0.4904381,0.1997663527727127,0.8499006032943726,0.342705637216568
YIL135C,YKL022C,0,-0.4906903,0.19971969723701477,0.8499006032943726,0.3428056836128235
YDL179W,YCL026C-B,0,-0.4908588,0.19967305660247803,0.8499006032943726,0.342905730009079
YJR051W,YGL183C,0,-0.49087614,0.19962643086910248,0.8499006032943726,0.34300580620765686
YDR463W,YNL292W,1,-0.49114195,0.19981326162815094,0.8508946299552917,0.34300580620765686
YDR383C,YJL060W,0,-0.49150527,0.1997666209936142,0.8508946299552917,0.34310585260391235
YPL147W,YDR281C,0,-0.49329805,0.19972002506256104,0.8508946299552917,0.34320592880249023
YOR084W,YOL062C,0,-0.4935838,0.19967342913150787,0.8508946299552917,0.3433059751987457
YKL174C,YPL112C,0,-0.49454093,0.1996268630027771,0.8508946299552917,0.3434060513973236
YLR024C,YGL203C,0,-0.49463612,0.1995803266763687,0.8508946299552917,0.3435060977935791
YHR061C,YJL006C,0,-0.49509507,0.19953380525112152,0.8508946299552917,0.343606173992157
YCL074W,YHR059W,0,-0.49519292,0.19948729872703552,0.8508946299552917,0.3437062203884125
YBR183W,YJR034W,0,-0.4953093,0.1994408220052719,0.8508946299552917,0.34380629658699036
YMR218C,YBR276C,0,-0.49565655,0.1993943601846695,0.8508946299552917,0.34390634298324585
YNL282W,YDL170W,0,-0.4956835,0.19934792816638947,0.8508946299552917,0.34400638937950134
YFL057C,YOR209C,0,-0.4958338,0.19930151104927063,0.8508946299552917,0.3441064655780792
YBR195C,YHR209W,0,-0.49591875,0.19925512373447418,0.8508946299552917,0.3442065119743347
YMR112C,YMR213W,0,-0.49606007,0.19920875132083893,0.8508946299552917,0.3443065881729126
YDL059C,YMR295C,0,-0.49680027,0.19916239380836487,0.8508946299552917,0.3444066345691681
YDL029W,YOR219C,0,-0.497585,0.1991160660982132,0.8508946299552917,0.34450671076774597
YLR203C,YGL051W,0,-0.49765223,0.1990697681903839,0.8508946299552917,0.34460675716400146
YPR137C-A,YGL220W,0,-0.4978482,0.19902348518371582,0.8508946299552917,0.34470683336257935
YMR269W,YMR296C,0,-0.498533,0.19897721707820892,0.8508946299552917,0.34480687975883484
YML032C,YLR440C,0,-0.4986567,0.19893097877502441,0.8508946299552917,0.3449069559574127
YOR074C,YGL190C,0,-0.49872994,0.1988847553730011,0.8508946299552917,0.3450070023536682
YER117W,YGR084C,0,-0.49913508,0.19883856177330017,0.8508946299552917,0.3451070785522461
YML097C,YOR142W-A,0,-0.49974304,0.19879238307476044,0.8508946299552917,0.3452071249485016
YOR243C,YBR182C,0,-0.49999732,0.1987462341785431,0.8508946299552917,0.3453071713447571
YMR283C,YGL092W,1,-0.50113714,0.1989322155714035,0.8518886566162109,0.3453071713447571
YOL010W,YJR034W,0,-0.5016232,0.19888605177402496,0.8518886566162109,0.34540724754333496
YKL103C,YIL170W,0,-0.50170094,0.19883990287780762,0.8518886566162109,0.34550729393959045
YCL036W,YIL006W,0,-0.5021947,0.19879378378391266,0.8518886566162109,0.34560737013816833
YDR492W,YKL161C,0,-0.502585,0.1987476795911789,0.8518886566162109,0.34570741653442383
YNL147W,YDL006W,1,-0.5027015,0.1989334523677826,0.8528826832771301,0.34570741653442383
YHR047C,YGL216W,0,-0.50272065,0.19888734817504883,0.8528826832771301,0.3458074927330017
YBR294W,YFL010W-A,0,-0.502998,0.19884125888347626,0.8528826832771301,0.3459075391292572
YIR018W,YHR156C,0,-0.5033163,0.19879518449306488,0.8528826832771301,0.3460076153278351
YCL074W,YJL112W,0,-0.50344324,0.1987491250038147,0.8528826832771301,0.3461076617240906
YNL271C,YJR092W,0,-0.5039521,0.1987031102180481,0.8528826832771301,0.34620773792266846
YJL191W,YPR060C,0,-0.5041776,0.1986570954322815,0.8528826832771301,0.34630778431892395
YDR170C,YLL033W,0,-0.50418085,0.19861111044883728,0.8528826832771301,0.34640783071517944
YMR008C,YBL011W,0,-0.50577205,0.19856514036655426,0.8528826832771301,0.3465079069137573
YBR093C,YFL054C,0,-0.506266,0.19851920008659363,0.8528826832771301,0.3466079533100128
YBR120C,YPL093W,0,-0.506457,0.19847328960895538,0.8528826832771301,0.3467080295085907
YDR170C,YLL043W,0,-0.50672853,0.19842737913131714,0.8528826832771301,0.3468080759048462
YDR195W,YPL027W,0,-0.50697947,0.19838149845600128,0.8528826832771301,0.3469081521034241
YDR196C,YMR284W,0,-0.50736666,0.1983356475830078,0.8528826832771301,0.34700819849967957
YFR013W,YBR020W,0,-0.5074658,0.19828981161117554,0.8528826832771301,0.34710827469825745
YOL101C,YER137C,0,-0.5074729,0.19824399054050446,0.8528826832771301,0.34720832109451294
YBR081C,YDR195W,0,-0.5076931,0.19819819927215576,0.8528826832771301,0.3473083972930908
YFR021W,YBR257W,0,-0.5077361,0.19815242290496826,0.8528826832771301,0.3474084436893463
YJL004C,YFR036W,0,-0.5078317,0.19810667634010315,0.8528826832771301,0.3475085198879242
YNL281W,YIL170W,0,-0.50802785,0.19806094467639923,0.8528826832771301,0.3476085662841797
YAL063C,YHR005C-A,0,-0.5080569,0.1980152279138565,0.8528826832771301,0.3477086126804352
YGR167W,YNL208W,0,-0.5081475,0.19796954095363617,0.8528826832771301,0.34780868887901306
YCR052W,YOR123C,0,-0.5083923,0.19792386889457703,0.8528826832771301,0.34790873527526855
YLR404W,YPR006C,0,-0.508396,0.19787822663784027,0.8528826832771301,0.34800881147384644
YIL128W,YLL045C,0,-0.50842446,0.1978325992822647,0.8528826832771301,0.34810885787010193
YEL037C,YLR163C,0,-0.50842935,0.19778700172901154,0.8528826832771301,0.3482089340686798
YBR002C,YOR212W,0,-0.50864387,0.19774141907691956,0.8528826832771301,0.3483089804649353
YBR059C,YAL031C,0,-0.51086336,0.19769585132598877,0.8528826832771301,0.3484090566635132
YNL307C,YKR044W,0,-0.51112366,0.19765031337738037,0.8528826832771301,0.3485091030597687
YJR078W,YKL168C,0,-0.5114994,0.19760479032993317,0.8528826832771301,0.34860917925834656
YMR272C,YDR404C,0,-0.51151234,0.19755929708480835,0.8528826832771301,0.34870922565460205
YDR453C,YDL024C,0,-0.5116095,0.19751381874084473,0.8528826832771301,0.34880927205085754
YPL119C,YDR281C,0,-0.5117499,0.1974683552980423,0.8528826832771301,0.3489093482494354
YPR158C-C,YLR344W,0,-0.51235163,0.19742292165756226,0.8528826832771301,0.3490093946456909
YDR373W,YGL019W,0,-0.5123709,0.1973775029182434,0.8528826832771301,0.3491094708442688
YPL042C,YOR089C,0,-0.51240605,0.19733211398124695,0.8528826832771301,0.3492095172405243
YBL071W-A,YBL018C,1,-0.51244426,0.19751666486263275,0.8538767099380493,0.3492095172405243
YGR288W,YBL041W,0,-0.5125725,0.1974712610244751,0.8538767099380493,0.3493095934391022
YLL029W,YBR276C,0,-0.5130744,0.19742587208747864,0.8538767099380493,0.34940963983535767
YER185W,YKL166C,0,-0.5132211,0.19738051295280457,0.8538767099380493,0.34950971603393555
YGR052W,YIR038C,0,-0.5133637,0.1973351687192917,0.8538767099380493,0.34960976243019104
YAL054C,YLR425W,0,-0.51341957,0.1972898542881012,0.8538767099380493,0.3497098386287689
YJL200C,YGR070W,0,-0.5136201,0.1972445398569107,0.8538767099380493,0.3498098850250244
YLR227W-B,YBR072W,0,-0.51375973,0.1971992701292038,0.8538767099380493,0.3499099314212799
YPR083W,YLR301W,0,-0.5139369,0.1971540004014969,0.8538767099380493,0.3500100076198578
YIL061C,YMR136W,0,-0.5140392,0.19710876047611237,0.8538767099380493,0.3501100540161133
YOR074C,YDR373W,0,-0.5141139,0.19706355035305023,0.8538767099380493,0.35021013021469116
YDR383C,YEL022W,0,-0.51438886,0.1970183551311493,0.8538767099380493,0.35031017661094666
YDL246C,YNL259C,0,-0.51439357,0.19697317481040955,0.8538767099380493,0.35041025280952454
YHR060W,YOL158C,0,-0.51468456,0.196928009390831,0.8538767099380493,0.35051029920578003
YDL148C,YML132W,0,-0.5159241,0.19688287377357483,0.8538767099380493,0.3506103754043579
YBR066C,YMR269W,0,-0.51592815,0.19683776795864105,0.8538767099380493,0.3507104218006134
YEL062W,YLR088W,0,-0.516206,0.19679266214370728,0.8538767099380493,0.3508104979991913
YLL040C,YML109W,0,-0.51647115,0.19674760103225708,0.8538767099380493,0.3509105443954468
YKR020W,YDL171C,0,-0.51746404,0.19670253992080688,0.8538767099380493,0.35101062059402466
YPR072W,YFR031C,0,-0.51749086,0.19665750861167908,0.8538767099380493,0.35111066699028015
YJL066C,YDL142C,0,-0.5175598,0.19661249220371246,0.8538767099380493,0.35121071338653564
YML030W,YJL029C,0,-0.5177108,0.19656750559806824,0.8538767099380493,0.3513107895851135
YCR057C,YHR135C,0,-0.51860166,0.1965225338935852,0.8538767099380493,0.351410835981369
YGL236C,YIL177C,0,-0.51909816,0.19647759199142456,0.8538767099380493,0.3515109121799469
YNL284C-A,YGR175C,0,-0.5201675,0.19643265008926392,0.8538767099380493,0.3516109585762024
YKR019C,YKL203C,0,-0.5204486,0.19638775289058685,0.8538767099380493,0.3517110347747803
YAL022C,YJL149W,0,-0.5204794,0.1963428556919098,0.8538767099380493,0.35181108117103577
YLR394W,YPL112C,0,-0.52225953,0.19629798829555511,0.8538767099380493,0.35191115736961365
YKR056W,YKL210W,0,-0.5223863,0.19625313580036163,0.8538767099380493,0.35201120376586914
YJR070C,YKL182W,0,-0.5228576,0.19620831310749054,0.8538767099380493,0.352111279964447
YPR194C,YMR034C,0,-0.5228648,0.19616350531578064,0.8538767099380493,0.3522113263607025
YDR411C,YDR423C,0,-0.5228763,0.19611872732639313,0.8538767099380493,0.352311372756958
YBL076C,YDR508C,0,-0.52346283,0.19607394933700562,0.8538767099380493,0.3524114489555359
YMR218C,YDL039C,0,-0.52356094,0.19602921605110168,0.8538767099380493,0.3525114953517914
YNL079C,YBR282W,0,-0.52404517,0.19598448276519775,0.8538767099380493,0.35261157155036926
YDL111C,YGL010W,0,-0.52415943,0.1959397792816162,0.8538767099380493,0.35271161794662476
YOR212W,YFL066C,0,-0.52543396,0.19589509069919586,0.8538767099380493,0.35281169414520264
YJR004C,YGL112C,0,-0.52623,0.1958504319190979,0.8538767099380493,0.35291174054145813
YKR026C,YPL208W,0,-0.52649766,0.19580578804016113,0.8538767099380493,0.353011816740036
YOR297C,YJR083C,0,-0.5265914,0.19576117396354675,0.8538767099380493,0.3531118631362915
YBR202W,YBR170C,0,-0.5265955,0.19571655988693237,0.8538767099380493,0.3532119393348694
YBR052C,YML030W,0,-0.5268469,0.19567197561264038,0.8538767099380493,0.3533119857311249
YMR218C,YPR198W,0,-0.5273847,0.19562742114067078,0.8538767099380493,0.35341206192970276
YLR157C,YNL078W,0,-0.5275224,0.19558288156986237,0.8538767099380493,0.35351210832595825
YDR034C,YJL071W,0,-0.52768934,0.19553835690021515,0.8538767099380493,0.35361215472221375
YNL309W,YPR119W,0,-0.52816856,0.19549386203289032,0.8538767099380493,0.3537122309207916
YKL201C,YER052C,0,-0.5283114,0.1954493671655655,0.8538767099380493,0.3538122773170471
YJR005W,YJL214W,0,-0.52836365,0.19540491700172424,0.8538767099380493,0.353912353515625
YGR010W,YIL139C,0,-0.5289995,0.195360466837883,0.8538767099380493,0.3540123999118805
YAR035W,YOR226C,0,-0.5294959,0.19531604647636414,0.8538767099380493,0.3541124761104584
YNL208W,YLR391W,0,-0.5297526,0.19527165591716766,0.8538767099380493,0.35421252250671387
YHR012W,YGR072W,0,-0.53021294,0.1952272653579712,0.8538767099380493,0.35431259870529175
YOR216C,YPR152C,0,-0.53050584,0.1951829195022583,0.8538767099380493,0.35441264510154724
YDR494W,YDL128W,0,-0.5310088,0.1951385736465454,0.8538767099380493,0.3545127213001251
YOR274W,YOR353C,0,-0.5317189,0.1950942575931549,0.8538767099380493,0.3546127676963806
YOR222W,YDL083C,0,-0.53175217,0.1950499564409256,0.8538767099380493,0.3547128140926361
YML091C,YGR169C,1,-0.5320032,0.19523268938064575,0.8548707962036133,0.3547128140926361
YEL037C,YAL024C,0,-0.53211606,0.19518837332725525,0.8548707962036133,0.354812890291214
YNL147W,YLR394W,0,-0.53214425,0.19514408707618713,0.8548707962036133,0.3549129366874695
YEL041W,YLR350W,0,-0.53267884,0.1950998157262802,0.8548707962036133,0.35501301288604736
YOL028C,YDR416W,0,-0.533094,0.19505557417869568,0.8548707962036133,0.35511305928230286
YML045W-A,YOR355W,0,-0.5343596,0.19501133263111115,0.8548707962036133,0.35521313548088074
YDL216C,YOL104C,0,-0.5346506,0.194967120885849,0.8548707962036133,0.35531318187713623
YPR198W,YNR002C,0,-0.534677,0.19492293894290924,0.8548707962036133,0.3554132580757141
YDR195W,YGR027C,0,-0.5347591,0.19487877190113068,0.8548707962036133,0.3555133044719696
YOL090W,YLR164W,0,-0.5349485,0.1948346197605133,0.8548707962036133,0.3556133806705475
YHR061C,YGL233W,0,-0.5350072,0.19479048252105713,0.8548707962036133,0.355713427066803
YOR382W,YDR195W,0,-0.53530097,0.19474637508392334,0.8548707962036133,0.35581347346305847
YJL194W,YFR045W,0,-0.5356323,0.19470228254795074,0.8548707962036133,0.35591354966163635
YLR256W-A,YBR072W,0,-0.5365356,0.19465821981430054,0.8548707962036133,0.35601359605789185
YLR295C,YIL046W,0,-0.5365683,0.19461417198181152,0.8548707962036133,0.3561136722564697
YDR067C,YOR084W,0,-0.5367438,0.1945701390504837,0.8548707962036133,0.3562137186527252
YLR295C,YJR034W,0,-0.5368371,0.19452612102031708,0.8548707962036133,0.3563137948513031
YPR002W,YDR381C-A,0,-0.53686565,0.19448213279247284,0.8548707962036133,0.3564138412475586
YKL190W,YER117W,0,-0.5374176,0.1944381594657898,0.8548707962036133,0.3565139174461365
YGL037C,YPL093W,0,-0.5375884,0.19439421594142914,0.8548707962036133,0.35661396384239197
YDR518W,YKL094W,0,-0.53777087,0.19435028731822968,0.8548707962036133,0.35671404004096985
YGL209W,YLR285W,0,-0.5381479,0.1943063735961914,0.8548707962036133,0.35681408643722534
YDR460W,YOR298W,0,-0.53861916,0.19426247477531433,0.8548707962036133,0.3569141626358032
YIR011C,YNL267W,0,-0.53994673,0.19421860575675964,0.8548707962036133,0.3570142090320587
YBR177C,YNL282W,0,-0.5404721,0.19417475163936615,0.8548707962036133,0.3571142554283142
YDR261C-D,YGR084C,0,-0.5405651,0.19413092732429504,0.8548707962036133,0.3572143316268921
YNL314W,YHR074W,0,-0.54057467,0.19408711791038513,0.8548707962036133,0.3573143780231476
YDR263C,YNL163C,0,-0.5413435,0.1940433233976364,0.8548707962036133,0.35741445422172546
YBR128C,YPL096W,0,-0.54181296,0.1939995437860489,0.8548707962036133,0.35751450061798096
YPL167C,YBL052C,0,-0.54185617,0.19395579397678375,0.8548707962036133,0.35761457681655884
YPR158C-C,YLR209C,0,-0.5419148,0.1939120590686798,0.8548707962036133,0.35771462321281433
YKL186C,YKR035W-A,0,-0.5425622,0.19386835396289825,0.8548707962036133,0.3578146994113922
YLR005W,YOR194C,0,-0.5426711,0.1938246488571167,0.8548707962036133,0.3579147458076477
YLR384C,YBR022W,1,-0.54277927,0.1940063089132309,0.8558648228645325,0.3579147458076477
YDL024C,YEL040W,0,-0.5433934,0.19396260380744934,0.8558648228645325,0.3580148220062256
YLR107W,YER104W,0,-0.5439671,0.19391891360282898,0.8558648228645325,0.3581148684024811
YMR267W,YJR133W,0,-0.5440401,0.193875253200531,0.8558648228645325,0.3582149147987366
YOL093W,YNL302C,0,-0.54509574,0.19383160769939423,0.8558648228645325,0.35831499099731445
YKL210W,YBR037C,0,-0.5452931,0.19378797709941864,0.8558648228645325,0.35841503739356995
YMR078C,YCR097WB,0,-0.5456348,0.19374437630176544,0.8558648228645325,0.3585151135921478
YDR144C,YDL170W,0,-0.5459188,0.19370079040527344,0.8558648228645325,0.3586151599884033
YDL059C,YOR215C,0,-0.54611796,0.19365721940994263,0.8558648228645325,0.3587152361869812
YJR078W,YGL259W,0,-0.5461913,0.1936136782169342,0.8558648228645325,0.3588152825832367
YBR275C,YBL034C,0,-0.54620594,0.19357013702392578,0.8558648228645325,0.3589153587818146
YML045W-A,YHR058C,0,-0.5462474,0.19352664053440094,0.8558648228645325,0.35901540517807007
YLR197W,YNL309W,0,-0.5470815,0.1934831440448761,0.8558648228645325,0.35911548137664795
YHR056C,YLR440C,0,-0.5470891,0.19343967735767365,0.8558648228645325,0.35921552777290344
YDL246C,YDR416W,0,-0.5471193,0.19339622557163239,0.8558648228645325,0.3593156039714813
YDR210C-C,YPR200C,0,-0.54712707,0.19335278868675232,0.8558648228645325,0.3594156503677368
YDR064W,YBR115C,0,-0.54712987,0.19330938160419464,0.8558648228645325,0.3595156967639923
YLR291C,YDL070W,0,-0.5471742,0.19326598942279816,0.8558648228645325,0.3596157729625702
YER168C,YDR415C,0,-0.54726905,0.19322262704372406,0.8558648228645325,0.3597158193588257
YFR018C,YBL052C,0,-0.5473439,0.19317926466464996,0.8558648228645325,0.35981589555740356
YDR210C-C,YPL188W,0,-0.5473531,0.19313593208789825,0.8558648228645325,0.35991594195365906
YOR168W,YLR042C,0,-0.5473755,0.19309261441230774,0.8558648228645325,0.36001601815223694
YJR022W,YBL071W-A,1,-0.548492,0.19327354431152344,0.8568588495254517,0.36001601815223694
YGL050W,YER074W,0,-0.54852986,0.19323021173477173,0.8568588495254517,0.36011606454849243
YER175C,YBL101W-B,0,-0.54863334,0.1931869089603424,0.8568588495254517,0.3602161407470703
YGR036C,YOR209C,0,-0.54936105,0.19314362108707428,0.8568588495254517,0.3603161871433258
YLR270W,YBR145W,0,-0.54941386,0.19310036301612854,0.8568588495254517,0.3604162633419037
YKL061W,YPL129W,0,-0.5496208,0.1930571049451828,0.8568588495254517,0.3605163097381592
YOR243C,YDL140C,0,-0.54977983,0.19301387667655945,0.8568588495254517,0.3606163561344147
YDL015C,YMR270C,0,-0.54979503,0.19297067821025848,0.8568588495254517,0.36071643233299255
YNL107W,YEL062W,0,-0.54983574,0.19292747974395752,0.8568588495254517,0.36081647872924805
YDR240C,YOL090W,0,-0.5500847,0.19288431107997894,0.8568588495254517,0.3609165549278259
YJR055W,YGL004C,0,-0.5501377,0.19284115731716156,0.8568588495254517,0.3610166013240814
YNL282W,YIR005W,0,-0.55143654,0.19279803335666656,0.8568588495254517,0.3611166775226593
YPR190C,YCR055C,0,-0.5514562,0.19275492429733276,0.8568588495254517,0.3612167239189148
YOR353C,YDR173C,0,-0.5516853,0.19271183013916016,0.8568588495254517,0.3613168001174927
YFL066C,YCL025C,0,-0.55226076,0.19266875088214874,0.8568588495254517,0.36141684651374817
YCR055C,YKR044W,0,-0.5525223,0.19262570142745972,0.8568588495254517,0.36151692271232605
YDR082W,YML045W-A,0,-0.5525504,0.19258266687393188,0.8568588495254517,0.36161696910858154
YBR275C,YIL177C,0,-0.5540649,0.19253964722156525,0.8568588495254517,0.36171701550483704
YKR055W,YEL036C,0,-0.55417377,0.192496657371521,0.8568588495254517,0.3618170917034149
YLR295C,YOR038C,0,-0.55421984,0.19245366752147675,0.8568588495254517,0.3619171380996704
YDR476C,YKL144C,0,-0.55442446,0.19241070747375488,0.8568588495254517,0.3620172142982483
YGL083W,YDR389W,0,-0.55457866,0.1923677772283554,0.8568588495254517,0.3621172606945038
YDR371W,YGL169W,0,-0.5548138,0.19232486188411713,0.8568588495254517,0.36221733689308167
YNL027W,YIL017W,0,-0.55520046,0.19228196144104004,0.8568588495254517,0.36231738328933716
YPR162C,YMR034C,0,-0.5554005,0.19223907589912415,0.8568588495254517,0.36241745948791504
YDR146C,YDR415C,0,-0.5563691,0.19219620525836945,0.8568588495254517,0.36251750588417053
YNL008C,YDR364C,0,-0.556794,0.19215336441993713,0.8568588495254517,0.3626175820827484
YKR036C,YPR119W,0,-0.5569854,0.19211053848266602,0.8568588495254517,0.3627176284790039
YMR032W,YAL031C,0,-0.55714387,0.19206774234771729,0.8568588495254517,0.3628177046775818
YER185W,YGR095C,0,-0.5574834,0.19202494621276855,0.8568588495254517,0.3629177510738373
YOR297C,YCL032W,0,-0.55781794,0.1919821798801422,0.8568588495254517,0.3630177974700928
YNL008C,YHR109W,0,-0.55830544,0.19193942844867706,0.8568588495254517,0.36311787366867065
YLR395C,YGR179C,0,-0.55837417,0.1918967068195343,0.8568588495254517,0.36321792006492615
YBR260C,YPL112C,0,-0.5587453,0.19185400009155273,0.8568588495254517,0.36331799626350403
YML112W,YKR035W-A,0,-0.5589575,0.19181130826473236,0.8568588495254517,0.3634180426597595
YNL284C-A,YNL121C,0,-0.5589739,0.19176863133907318,0.8568588495254517,0.3635181188583374
YOL010W,YEL030W,0,-0.5590062,0.1917259842157364,0.8568588495254517,0.3636181652545929
YPR200C,YLR389C,0,-0.5590546,0.1916833370923996,0.8568588495254517,0.3637182414531708
YLR206W,YKL053C-A,0,-0.5590665,0.1916407346725464,0.8568588495254517,0.36381828784942627
YER145C,YKL124W,0,-0.55929744,0.19159813225269318,0.8568588495254517,0.36391836404800415
YOR251C,YIL047C,0,-0.55944884,0.19155555963516235,0.8568588495254517,0.36401841044425964
YOR237W,YLR256W-A,0,-0.5595303,0.19151300191879272,0.8568588495254517,0.36411845684051514
YDR196C,YOR239W,0,-0.5595578,0.1914704591035843,0.8568588495254517,0.364218533039093
YNL008C,YLR088W,0,-0.5602753,0.19142793118953705,0.8568588495254517,0.3643185794353485
YEL022W,YLR300W,0,-0.56039613,0.1913854330778122,0.8568588495254517,0.3644186556339264
YER014C-A,YIL042C,0,-0.56041807,0.19134294986724854,0.8568588495254517,0.3645187020301819
YPR158C-C,YIL047C,0,-0.56092036,0.19130048155784607,0.8568588495254517,0.36461877822875977
YDR453C,YJL213W,0,-0.56095624,0.191258043050766,0.8568588495254517,0.36471882462501526
YKL200C,YML097C,0,-0.5610734,0.1912156194448471,0.8568588495254517,0.36481890082359314
YHR179W,YJL082W,0,-0.5612032,0.19117321074008942,0.8568588495254517,0.36491894721984863
YML080W,YNL016W,0,-0.5615645,0.19113081693649292,0.8568588495254517,0.3650190234184265
YPR137C-A,YCR060W,0,-0.5617373,0.1910884529352188,0.8568588495254517,0.365119069814682
YLR182W,YLR391W,0,-0.56195045,0.1910461038351059,0.8568588495254517,0.3652191460132599
YOL124C,YCR055C,0,-0.562523,0.19100376963615417,0.8568588495254517,0.3653191924095154
YHR047C,YGL071W,0,-0.562617,0.19096145033836365,0.8568588495254517,0.3654192388057709
YGR032W,YBR187W,0,-0.56300783,0.1909191608428955,0.8568588495254517,0.36551931500434875
YJR010W,YOR343W-B,0,-0.56352013,0.19087688624858856,0.8568588495254517,0.36561936140060425
YOR388C,YMR090W,0,-0.56409043,0.1908346265554428,0.8568588495254517,0.36571943759918213
YLR386W,YPR163C,0,-0.5642523,0.19079238176345825,0.8568588495254517,0.3658194839954376
YML028W,YCL003W,0,-0.56442297,0.19075016677379608,0.8568588495254517,0.3659195601940155
YOL045W,YBR282W,0,-0.5644305,0.1907079666852951,0.8568588495254517,0.366019606590271
YOR382W,YNR015W,0,-0.5644699,0.19066578149795532,0.8568588495254517,0.3661196827888489
YPL134C,YCL003W,0,-0.5644908,0.19062361121177673,0.8568588495254517,0.36621972918510437
YOL054W,YHR051W,0,-0.5646068,0.19058147072792053,0.8568588495254517,0.36631980538368225
YGR169C,YDR207C,0,-0.5647478,0.19053934514522552,0.8568588495254517,0.36641985177993774
YGR285C,YCL003W,0,-0.5651577,0.1904972344636917,0.8568588495254517,0.36651989817619324
YKL161C,YNL219C,0,-0.5653531,0.19045515358448029,0.8568588495254517,0.3666199743747711
YPR011C,YFR021W,0,-0.5655895,0.19041307270526886,0.8568588495254517,0.3667200207710266
YGR171C,YOR393W,0,-0.5656888,0.19037102162837982,0.8568588495254517,0.3668200969696045
YLR264W,YBR192W,0,-0.5657467,0.19032898545265198,0.8568588495254517,0.36692014336586
YNR010W,YNL078W,0,-0.5659945,0.19028697907924652,0.8568588495254517,0.36702021956443787
YFL045C,YCL060C,0,-0.56612086,0.19024497270584106,0.8568588495254517,0.36712026596069336
YDR527W,YJL176C,0,-0.56644183,0.190202996134758,0.8568588495254517,0.36722034215927124
YNL050C,YNL335W,0,-0.5665434,0.19016103446483612,0.8568588495254517,0.36732038855552673
YGR251W,YOL165C,0,-0.5665946,0.19011910259723663,0.8568588495254517,0.3674204647541046
YGL186C,YER022W,0,-0.5672525,0.19007717072963715,0.8568588495254517,0.3675205111503601
YPL127C,YML036W,0,-0.5688458,0.19003526866436005,0.8568588495254517,0.3676205575466156
YCL018W,YOR343W-B,0,-0.56901115,0.18999338150024414,0.8568588495254517,0.3677206337451935
YKL097W-A,YGR027C,0,-0.56937486,0.18995152413845062,0.8568588495254517,0.367820680141449
YDR261C-D,YBL068W,0,-0.5696436,0.1899096667766571,0.8568588495254517,0.36792075634002686
YPR047W,YOL066C,1,-0.569696,0.19008810818195343,0.8578528761863708,0.36792075634002686
YOR142W-A,YFR033C,0,-0.5697155,0.1900462508201599,0.8578528761863708,0.36802080273628235
YJL144W,YNR010W,0,-0.57010967,0.1900044083595276,0.8578528761863708,0.36812087893486023
YDL035C,YMR267W,0,-0.5703215,0.18996258080005646,0.8578528761863708,0.3682209253311157
YPR072W,YGL163C,0,-0.570766,0.18992076814174652,0.8578528761863708,0.3683210015296936
YCR093W,YBR066C,0,-0.570878,0.18987898528575897,0.8578528761863708,0.3684210479259491
YMR182C,YNL131W,0,-0.57093275,0.18983721733093262,0.8578528761863708,0.368521124124527
YGL046W,YGR027C,0,-0.57097256,0.18979546427726746,0.8578528761863708,0.36862117052078247
YDR492W,YLR391W,0,-0.5712184,0.18975374102592468,0.8578528761863708,0.36872124671936035
YLR024C,YDL148C,0,-0.57127315,0.1897120177745819,0.8578528761863708,0.36882129311561584
YHR164C,YJL225C,0,-0.5715803,0.18967032432556152,0.8578528761863708,0.36892133951187134
YNR057C,YBR173C,0,-0.5715992,0.18962864577770233,0.8578528761863708,0.3690214157104492
YMR049C,YPL134C,0,-0.57236505,0.18958699703216553,0.8578528761863708,0.3691214621067047
YDR494W,YNL026W,0,-0.5733002,0.18954534828662872,0.8578528761863708,0.3692215383052826
YOR054C,YNR004W,0,-0.57336056,0.1895037293434143,0.8578528761863708,0.3693215847015381
YEL069C,YDR373W,0,-0.57357717,0.18946212530136108,0.8578528761863708,0.36942166090011597
YKR066C,YAR031W,0,-0.57380617,0.18942055106163025,0.8578528761863708,0.36952170729637146
YBR075W,YJR103W,0,-0.5740352,0.18937897682189941,0.8578528761863708,0.36962178349494934
YPR072W,YCL060C,0,-0.57414824,0.18933743238449097,0.8578528761863708,0.36972182989120483
YFR045W,YKR044W,0,-0.57508785,0.1892959028482437,0.8578528761863708,0.3698219060897827
YDL059C,YGL010W,0,-0.57541984,0.18925438821315765,0.8578528761863708,0.3699219524860382
YDL215C,YGL203C,0,-0.5763302,0.1892128884792328,0.8578528761863708,0.3700219988822937
YOR074C,YCR087C-A,0,-0.5764921,0.1891714185476303,0.8578528761863708,0.3701220750808716
YKL161C,YDL024C,0,-0.5765313,0.18912996351718903,0.8578528761863708,0.3702221214771271
YPL122C,YDR240C,0,-0.57658404,0.18908852338790894,0.8578528761863708,0.37032219767570496
YFR031C,YPL257W-B,0,-0.57674354,0.18904709815979004,0.8578528761863708,0.37042224407196045
YOR388C,YMR267W,0,-0.5767694,0.18900568783283234,0.8578528761863708,0.37052232027053833
YCL014W,YFL021W,0,-0.5770326,0.18896430730819702,0.8578528761863708,0.3706223666667938
YDL179W,YCL060C,0,-0.577392,0.1889229416847229,0.8578528761863708,0.3707224428653717
YCR080W,YBL092W,0,-0.57740414,0.18888159096240997,0.8578528761863708,0.3708224892616272
YJR078W,YBR026C,0,-0.57758,0.18884025514125824,0.8578528761863708,0.3709225654602051
YNL178W,YCR055C,0,-0.5776549,0.1887989491224289,0.8578528761863708,0.37102261185646057
YDL078C,YPL104W,0,-0.5776913,0.18875765800476074,0.8578528761863708,0.37112268805503845
YDL179W,YBL098W,0,-0.5782543,0.18871638178825378,0.8578528761863708,0.37122273445129395
YGR052W,YGL241W,0,-0.57920325,0.18867512047290802,0.8578528761863708,0.37132278084754944
YKL097W-A,YGL051W,0,-0.5793349,0.18863387405872345,0.8578528761863708,0.3714228570461273
YBR066C,YEL037C,0,-0.57943255,0.18859265744686127,0.8578528761863708,0.3715229034423828
YNL178W,YLR227W-B,0,-0.5799444,0.18855145573616028,0.8578528761863708,0.3716229796409607
YOL145C,YJL187C,0,-0.58014905,0.18851026892662048,0.8578528761863708,0.3717230260372162
YJR028W,YDL070W,0,-0.5801614,0.18846909701824188,0.8578528761863708,0.37182310223579407
YOR176W,YJL141C,0,-0.58023375,0.18842795491218567,0.8578528761863708,0.37192314863204956
YNR067C,YLR391W,0,-0.58023745,0.18838681280612946,0.8578528761863708,0.37202322483062744
YDR174W,YNL290W,0,-0.58036435,0.18834570050239563,0.8578528761863708,0.37212327122688293
YHR175W,YJR021C,0,-0.58067286,0.188304603099823,0.8578528761863708,0.3722233474254608
YBR075W,YKR028W,0,-0.58110005,0.18826352059841156,0.8578528761863708,0.3723233938217163
YDR461W,YLR316C,0,-0.5813139,0.1882224678993225,0.8578528761863708,0.3724234402179718
YOR098C,YBR192W,0,-0.58131576,0.18818141520023346,0.8578528761863708,0.3725235164165497
YNL271C,YFL066C,0,-0.5814259,0.1881403923034668,0.8578528761863708,0.3726235628128052
YML058W-A,YGR034W,0,-0.5819094,0.18809938430786133,0.8578528761863708,0.37272363901138306
YLR141W,YCL060C,0,-0.5822741,0.18805840611457825,0.8578528761863708,0.37282368540763855
YEL043W,YPL078C,0,-0.5833498,0.18801742792129517,0.8578528761863708,0.37292376160621643
YGR155W,YLR160C,0,-0.58356595,0.18797647953033447,0.8578528761863708,0.3730238080024719
YMR089C,YKL201C,0,-0.58361244,0.18793554604053497,0.8578528761863708,0.3731238842010498
YCR057C,YJR101W,0,-0.58364296,0.18789462745189667,0.8578528761863708,0.3732239305973053
YNL070W,YKL206C,0,-0.58404005,0.18785372376441956,0.8578528761863708,0.3733240067958832
YAL063C,YBL034C,0,-0.58455205,0.18781283497810364,0.8578528761863708,0.37342405319213867
YBR075W,YGL103W,0,-0.5847671,0.1877719759941101,0.8578528761863708,0.37352409958839417
YOL129W,YCL003W,0,-0.5848863,0.18773113191127777,0.8578528761863708,0.37362417578697205
YHR012W,YGR175C,0,-0.58514524,0.18769030272960663,0.8578528761863708,0.37372422218322754
YEL041W,YGL103W,0,-0.5851847,0.18764948844909668,0.8578528761863708,0.3738242983818054
YJR147W,YKL171W,0,-0.5853387,0.18760868906974792,0.8578528761863708,0.3739243447780609
YMR146C,YMR273C,0,-0.5853733,0.18756791949272156,0.8578528761863708,0.3740244209766388
YML006C,YNR028W,0,-0.58571744,0.18752716481685638,0.8578528761863708,0.3741244673728943
YGR255C,YPL093W,0,-0.58575565,0.1874864250421524,0.8578528761863708,0.37422454357147217
YJL124C,YGL259W,0,-0.5857819,0.18744570016860962,0.8578528761863708,0.37432458996772766
YKL093W,YBL101W-B,0,-0.5858251,0.18740499019622803,0.8578528761863708,0.37442466616630554
YFR001W,YKL097W-A,0,-0.58604854,0.18736431002616882,0.8578528761863708,0.37452471256256104
YHR030C,YCL060C,0,-0.5868441,0.1873236447572708,0.8578528761863708,0.3746247887611389
YBL101W-B,YDR072C,0,-0.58698773,0.1872829794883728,0.8578528761863708,0.3747248351573944
YDR030C,YKL200C,0,-0.5870188,0.18724235892295837,0.8578528761863708,0.3748248815536499
YCR080W,YOR020C,0,-0.5870625,0.18720173835754395,0.8578528761863708,0.3749249577522278
YGR258C,YMR025W,0,-0.5872947,0.1871611326932907,0.8578528761863708,0.3750250041484833
YMR087W,YBL098W,0,-0.5878632,0.18712055683135986,0.8578528761863708,0.37512508034706116
YGR032W,YDR449C,0,-0.5881297,0.1870799958705902,0.8578528761863708,0.37522512674331665
YFL001W,YPR047W,1,-0.5881492,0.18725617229938507,0.85884690284729,0.37522512674331665
YKL190W,YOL112W,0,-0.58819044,0.18721559643745422,0.85884690284729,0.37532520294189453
YDR076W,YAR031W,0,-0.5883168,0.18717505037784576,0.85884690284729,0.37542524933815
YDR170C,YDL035C,0,-0.5884959,0.1871345043182373,0.85884690284729,0.3755253255367279
YER022W,YMR065W,0,-0.58945316,0.18709397315979004,0.85884690284729,0.3756253719329834
YGR077C,YKL015W,0,-0.5894852,0.18705347180366516,0.85884690284729,0.3757254481315613
YKL097W-A,YFL045C,0,-0.5896672,0.18701298534870148,0.85884690284729,0.3758254945278168
YLR113W,YOR148C,0,-0.590244,0.186972513794899,0.85884690284729,0.37592554092407227
YOR106W,YKL200C,0,-0.5903251,0.1869320571422577,0.85884690284729,0.37602561712265015
YPL083C,YBR075W,0,-0.5904466,0.18689163029193878,0.85884690284729,0.37612566351890564
YCR097WB,YNL259C,0,-0.5910936,0.18685121834278107,0.85884690284729,0.3762257397174835
YNL282W,YOL151W,0,-0.59109765,0.18681080639362335,0.85884690284729,0.376325786113739
YLR105C,YCR097WB,0,-0.5911143,0.18677042424678802,0.85884690284729,0.3764258623123169
YDR527W,YGL233W,0,-0.59115994,0.1867300570011139,0.85884690284729,0.3765259087085724
YGR169C,YCL060C,0,-0.5911642,0.18668971955776215,0.85884690284729,0.37662598490715027
YKL170W,YCR055C,0,-0.5916759,0.1866493821144104,0.85884690284729,0.37672603130340576
YJR127C,YKR002W,0,-0.5916804,0.18660907447338104,0.85884690284729,0.37682610750198364
YDR081C,YBR173C,0,-0.59169054,0.18656878173351288,0.85884690284729,0.37692615389823914
YOL066C,YKL205W,1,-0.5917337,0.18674439191818237,0.8598409295082092,0.37692615389823914
YOL093W,YKL097W-A,0,-0.5919686,0.18670408427715302,0.8598409295082092,0.377026230096817
YBR075W,YGR268C,0,-0.5926684,0.18666379153728485,0.8598409295082092,0.3771262764930725
YBR275C,YCR080W,0,-0.59305614,0.18662351369857788,0.8598409295082092,0.377226322889328
YKL166C,YNL335W,0,-0.59332144,0.1865832656621933,0.8598409295082092,0.3773263990879059
YEL012W,YKL200C,0,-0.59333396,0.18654301762580872,0.8598409295082092,0.3774264454841614
YLR165C,YBR075W,0,-0.59337485,0.18650279939174652,0.8598409295082092,0.37752652168273926
YDR473C,YJL176C,0,-0.59348255,0.18646259605884552,0.8598409295082092,0.37762656807899475
YCR080W,YJR112W,0,-0.5936898,0.1864224076271057,0.8598409295082092,0.37772664427757263
YOR142W-B,YPL002C,0,-0.59383506,0.1863822489976883,0.8598409295082092,0.3778266906738281
YGR221C,YGL190C,0,-0.59383607,0.18634209036827087,0.8598409295082092,0.377926766872406
YER162C,YNR018W,0,-0.59391093,0.18630196154117584,0.8598409295082092,0.3780268132686615
YJL081C,YDR261W-A,0,-0.59421134,0.186261847615242,0.8598409295082092,0.3781268894672394
YEL040W,YLR227W-B,0,-0.5942563,0.18622174859046936,0.8598409295082092,0.3782269358634949
YMR227C,YCL060C,0,-0.5942905,0.1861816644668579,0.8598409295082092,0.37832698225975037
YHR085W,YIL042C,0,-0.59430486,0.18614159524440765,0.8598409295082092,0.37842705845832825
YKL200C,YKL119C,0,-0.5943637,0.18610155582427979,0.8598409295082092,0.37852710485458374
YEL070W,YKL097W-A,0,-0.5944761,0.18606151640415192,0.8598409295082092,0.3786271810531616
YGR077C,YIL017W,0,-0.5945556,0.18602150678634644,0.8598409295082092,0.3787272274494171
YFL035C,YLR389C,0,-0.59456736,0.18598151206970215,0.8598409295082092,0.378827303647995
YMR296C,YCR097WB,0,-0.5945891,0.18594153225421906,0.8598409295082092,0.3789273500442505
YDR172W,YGL046W,0,-0.59477884,0.18590156733989716,0.8598409295082092,0.37902742624282837
YMR168C,YIL046W,0,-0.5949201,0.18586161732673645,0.8598409295082092,0.37912747263908386
YBR075W,YAL031C,0,-0.5949327,0.18582169711589813,0.8598409295082092,0.37922754883766174
YLR219W,YGR222W,0,-0.59517014,0.185781791806221,0.8598409295082092,0.37932759523391724
YIL035C,YCR055C,0,-0.59518695,0.18574188649654388,0.8598409295082092,0.3794276714324951
YCL003W,YBR026C,0,-0.59538203,0.18570201098918915,0.8598409295082092,0.3795277178287506
YER117W,YCL003W,0,-0.59543836,0.1856621652841568,0.8598409295082092,0.3796277642250061
YER154W,YGR143W,0,-0.59574735,0.18562231957912445,0.8598409295082092,0.379727840423584
YOR098C,YLR391W,0,-0.59592605,0.1855824887752533,0.8598409295082092,0.3798278868198395
YGR109W-B,YHR066W,0,-0.59599394,0.18554268777370453,0.8598409295082092,0.37992796301841736
YLR285W,YFL035C,0,-0.5961995,0.18550290167331696,0.8598409295082092,0.38002800941467285
YCR097WB,YLR213C,0,-0.59632516,0.18546311557292938,0.8598409295082092,0.38012808561325073
YFL035C,YIL159W,0,-0.596372,0.1854233592748642,0.8598409295082092,0.3802281320095062
YJL206C,YDR508C,0,-0.59641385,0.1853836327791214,0.8598409295082092,0.3803282082080841
YOR142W-B,YGL241W,0,-0.5965883,0.1853439062833786,0.8598409295082092,0.3804282546043396
YFL035C,YMR193W,0,-0.5968855,0.185304194688797,0.8598409295082092,0.3805283308029175
YPL163C,YCL003W,0,-0.59755313,0.18526451289653778,0.8598409295082092,0.380628377199173
YOR292C,YCL060C,0,-0.59760714,0.18522484600543976,0.8598409295082092,0.38072842359542847
YLL033W,YOR353C,0,-0.59761465,0.18518517911434174,0.8598409295082092,0.38082849979400635
YGL244W,YCR080W,0,-0.5978421,0.1851455420255661,0.8598409295082092,0.38092854619026184
YGL046W,YNL298W,0,-0.59791553,0.18510593473911285,0.8598409295082092,0.3810286223888397
YHR132C,YDR364C,0,-0.5979313,0.1850663274526596,0.8598409295082092,0.3811286687850952
YLR305C,YDR530C,0,-0.5980632,0.18502673506736755,0.8598409295082092,0.3812287449836731
YDL171C,YPL099C,0,-0.5983392,0.1849871724843979,0.8598409295082092,0.3813287913799286
YNL044W,YFL035C,0,-0.5983684,0.18494760990142822,0.8598409295082092,0.38142886757850647
YER171W,YLR348C,0,-0.5983802,0.18490807712078094,0.8598409295082092,0.38152891397476196
YKR056W,YBR075W,0,-0.5983964,0.18486855924129486,0.8598409295082092,0.38162899017333984
YFR031C,YCR080W,0,-0.59869754,0.18482905626296997,0.8598409295082092,0.38172903656959534
YBR247C,YCL060C,0,-0.5987812,0.18478956818580627,0.8598409295082092,0.38182908296585083
YBL101W-B,YOR204W,0,-0.59891707,0.18475010991096497,0.8598409295082092,0.3819291591644287
YOL045W,YIL017W,0,-0.59899646,0.18471065163612366,0.8598409295082092,0.3820292055606842
YHR066W,YMR039C,0,-0.59907126,0.18467122316360474,0.8598409295082092,0.3821292817592621
YKL200C,YDR205W,0,-0.59946173,0.184631809592247,0.8598409295082092,0.3822293281555176
YDR210C-C,YNR060W,0,-0.59965444,0.18459239602088928,0.8598409295082092,0.38232940435409546
YBR177C,YIL017W,0,-0.5997398,0.18455301225185394,0.8598409295082092,0.38242945075035095
YNL231C,YIL017W,0,-0.59975547,0.184513658285141,0.8598409295082092,0.38252952694892883
YPL131W,YOL052C,0,-0.59981793,0.18447430431842804,0.8598409295082092,0.3826295733451843
YCL060C,YJR034W,0,-0.59999394,0.18443496525287628,0.8598409295082092,0.3827296495437622
YDR416W,YCR055C,0,-0.6000279,0.1843956559896469,0.8598409295082092,0.3828296959400177
YFR036W,YCR055C,0,-0.60008085,0.18435634672641754,0.8598409295082092,0.3829297721385956
YKL200C,YPL050C,0,-0.6000929,0.18431706726551056,0.8598409295082092,0.3830298185348511
YGL180W,YKL097W-A,0,-0.6001851,0.18427780270576477,0.8598409295082092,0.38312986493110657
YKL130C,YLR391W,0,-0.60023034,0.18423855304718018,0.8598409295082092,0.38322994112968445
YER008C,YFL035C,0,-0.6002922,0.18419931828975677,0.8598409295082092,0.38332998752593994
YDR460W,YCR097WB,0,-0.60031533,0.18416009843349457,0.8598409295082092,0.3834300637245178
YHR066W,YLR391W,0,-0.60047615,0.18412090837955475,0.8598409295082092,0.3835301101207733
YNR013C,YMR143W,0,-0.6005882,0.18408171832561493,0.8598409295082092,0.3836301863193512
YOR343W-B,YBR129C,0,-0.6007461,0.1840425580739975,0.8598409295082092,0.3837302327156067
YGR056W,YCL003W,0,-0.60076636,0.18400339782238007,0.8598409295082092,0.38383030891418457
YER112W,YMR047C,1,-0.60078627,0.1841769516468048,0.8608350157737732,0.38383030891418457
YDR067C,YAR027W,0,-0.60083467,0.18413779139518738,0.8608350157737732,0.38393035531044006
YMR114C,YOR261C,0,-0.60125786,0.18409864604473114,0.8608350157737732,0.38403043150901794
YCL060C,YBL034C,0,-0.60146135,0.1840595155954361,0.8608350157737732,0.38413047790527344
YIL061C,YJR036C,0,-0.60188895,0.18402040004730225,0.8608350157737732,0.38423052430152893
YJL012C-A,YOR232W,0,-0.60196316,0.1839812994003296,0.8608350157737732,0.3843306005001068
YNL138W-A,YLR410W-A,0,-0.60196316,0.18394222855567932,0.8608350157737732,0.3844306468963623
YNL273W,YMR268W-A,0,-0.60196316,0.18390315771102905,0.8608350157737732,0.3845307230949402
YGR031C-A,YDR195W,0,-0.60196316,0.18386411666870117,0.8608350157737732,0.3846307694911957
YPL257W-B,YCL003W,0,-0.60196316,0.18382509052753448,0.8608350157737732,0.38473084568977356
YBL034C,YMR268W-A,0,-0.60196316,0.183786079287529,0.8608350157737732,0.38483089208602905
YFL011W-A,YMR179W,0,-0.60196316,0.1837470829486847,0.8608350157737732,0.38493096828460693
YBR111W-A,YJL117W,0,-0.60196316,0.1837081015110016,0.8608350157737732,0.3850310146808624
YOR349W,YCR097WB,0,-0.60196316,0.18366913497447968,0.8608350157737732,0.3851310908794403
YER014C-A,YFL066C,0,-0.60196316,0.18363019824028015,0.8608350157737732,0.3852311372756958
YDR159W,YLR154W-A,0,-0.60196316,0.18359126150608063,0.8608350157737732,0.3853312134742737
YDR014W-A,YKL182W,0,-0.60196316,0.1835523545742035,0.8608350157737732,0.3854312598705292
YFL011W-A,YNL239W,0,-0.60196316,0.18351346254348755,0.8608350157737732,0.38553130626678467
YOL086C,YOL053C-A,0,-0.60196316,0.1834745705127716,0.8608350157737732,0.38563138246536255
YDR014W-A,YHR041C,0,-0.60196316,0.18343570828437805,0.8608350157737732,0.38573142886161804
YKL095W,YMR268W-A,0,-0.60196316,0.1833968609571457,0.8608350157737732,0.3858315050601959
YBR111W-A,YOR294W,0,-0.60196316,0.18335802853107452,0.8608350157737732,0.3859315514564514
YER150W,YBR111W-A,0,-0.60196316,0.18331922590732574,0.8608350157737732,0.3860316276550293
YNL138W-A,YHR156C,0,-0.60196316,0.18328042328357697,0.8608350157737732,0.3861316740512848
YMR019W,YCR097WB,0,-0.60196316,0.18324163556098938,0.8608350157737732,0.38623175024986267
YOL053C-A,YNL080C,0,-0.60196316,0.18320287764072418,0.8608350157737732,0.38633179664611816
YML112W,YLR154W-A,0,-0.60196316,0.18316413462162018,0.8608350157737732,0.38643187284469604
YPL042C,YNL138W-A,0,-0.60196316,0.18312539160251617,0.8608350157737732,0.38653191924095154
YGR031C-A,YIL143C,0,-0.60196316,0.18308667838573456,0.8608350157737732,0.38663196563720703
YIL095W,YKL097W-A,0,-0.60196316,0.18304798007011414,0.8608350157737732,0.3867320418357849
YJL012C-A,YPR200C,0,-0.60196316,0.1830092966556549,0.8608350157737732,0.3868320882320404
YDR014W-A,YOR294W,0,-0.60196316,0.18297062814235687,0.8608350157737732,0.3869321644306183
YER087C-B,YLR391W,0,-0.60196316,0.18293197453022003,0.8608350157737732,0.3870322108268738
YJL012C-A,YNL284C,0,-0.60196316,0.18289335072040558,0.8608350157737732,0.38713228702545166
YPR144C,YLR391W-A,0,-0.60196316,0.18285472691059113,0.8608350157737732,0.38723233342170715
YOR145C,YNL138W-A,0,-0.60196316,0.18281613290309906,0.8608350157737732,0.38733240962028503
YNL138W-A,YAR035W,0,-0.60196316,0.182777538895607,0.8608350157737732,0.3874324560165405
YDR014W-A,YFL010W-A,0,-0.60196316,0.18273897469043732,0.8608350157737732,0.3875325322151184
YJL114W,YNL138W-A,0,-0.60196316,0.18270042538642883,0.8608350157737732,0.3876325786113739
YOL053C-A,YHR119W,0,-0.60196316,0.18266189098358154,0.8608350157737732,0.3877326250076294
YGL210W-A,YLR438C-A,1,-0.60196316,0.18283425271511078,0.8618290424346924,0.3877326250076294
YCL036W,YNL138W-A,0,-0.60196316,0.1827957034111023,0.8618290424346924,0.3878327012062073
YFL011W-A,YOL052C,0,-0.60196316,0.182757169008255,0.8618290424346924,0.38793274760246277
YPL002C,YLR391W-A,0,-0.60196316,0.1827186495065689,0.8618290424346924,0.38803282380104065
YOL053C-A,YGR118W,0,-0.60196316,0.182680144906044,0.8618290424346924,0.38813287019729614
YKL161C,YMR268W-A,0,-0.60196316,0.1826416701078415,0.8618290424346924,0.388232946395874
YOL053C-A,YCL032W,0,-0.60196316,0.18260319530963898,0.8618290424346924,0.3883329927921295
YOL053C-A,YMR308C,0,-0.60196316,0.18256475031375885,0.8618290424346924,0.3884330689907074
YFL011W-A,YLR390W,0,-0.60196316,0.18252632021903992,0.8618290424346924,0.3885331153869629
YGR031C-A,YMR090W,0,-0.60196316,0.18248789012432098,0.8618290424346924,0.38863319158554077
YNL138W-A,YDL024C,0,-0.60196316,0.18244948983192444,0.8618290424346924,0.38873323798179626
YLR391W-A,YBL034C,0,-0.60196316,0.1824111044406891,0.8618290424346924,0.38883331418037415
YBR111W-A,YFL048C,0,-0.60196316,0.18237273395061493,0.8618290424346924,0.38893336057662964
YBR111W-A,YOL107W,0,-0.60196316,0.18233437836170197,0.8618290424346924,0.38903340697288513
YPR144C,YJL012C-A,0,-0.60196316,0.1822960525751114,0.8618290424346924,0.389133483171463
YMR019W,YBR075W,0,-0.60196316,0.1822577267885208,0.8618290424346924,0.3892335295677185
YGR031C-A,YPL183W-A,0,-0.60196316,0.18221941590309143,0.8618290424346924,0.3893336057662964
YGL210W-A,YDL051W,1,-0.60196316,0.18239125609397888,0.8628230690956116,0.3893336057662964
YDR090C,YLR154W-A,0,-0.60196316,0.1823529452085495,0.8628230690956116,0.3894336521625519
YJL012C-A,YOL151W,0,-0.60196316,0.18231463432312012,0.8628230690956116,0.38953372836112976
YHR062C,YGL210W-A,1,-0.60196316,0.18248635530471802,0.8638170957565308,0.38953372836112976
YJL012C-A,YKR028W,0,-0.60196316,0.18244802951812744,0.8638170957565308,0.38963377475738525
YJL087C,YOL053C-A,0,-0.60196316,0.18240973353385925,0.8638170957565308,0.38973385095596313
YNL138W-A,YDR404C,0,-0.60196316,0.18237145245075226,0.8638170957565308,0.38983389735221863
YFL011W-A,YDR205W,0,-0.60196316,0.18233318626880646,0.8638170957565308,0.3899339735507965
YOL053C-A,YOR222W,0,-0.60196316,0.18229494988918304,0.8638170957565308,0.390034019947052
YPR189W,YMR268W-A,0,-0.60196316,0.18225671350955963,0.8638170957565308,0.3901340663433075
YGR056W,YDR014W-A,0,-0.60196316,0.1822184920310974,0.8638170957565308,0.3902341425418854
YOR142W-B,YLR391W-A,0,-0.60196316,0.18218030035495758,0.8638170957565308,0.39033418893814087
YGR175C,YLR391W-A,0,-0.60196316,0.18214210867881775,0.8638170957565308,0.39043426513671875
YNL314W,YLR391W-A,0,-0.60196316,0.1821039468050003,0.8638170957565308,0.39053431153297424
YKL007W,YLR154W-A,0,-0.60196316,0.18206578493118286,0.8638170957565308,0.3906343877315521
YDR064W,YLR154W-A,0,-0.60196316,0.1820276528596878,0.8638170957565308,0.3907344341278076
YJL012C-A,YPL050C,0,-0.60196316,0.18198953568935394,0.8638170957565308,0.3908345103263855
YDR014W-A,YDL021W,0,-0.60196316,0.18195141851902008,0.8638170957565308,0.390934556722641
YFL011W-A,YJL012C-A,0,-0.60196316,0.1819133311510086,0.8638170957565308,0.39103463292121887
YJL012C-A,YMR267W,0,-0.60196316,0.18187525868415833,0.8638170957565308,0.39113467931747437
YNL138W-A,YOR313C,0,-0.60196316,0.18183720111846924,0.8638170957565308,0.39123475551605225
YGR161W-B,YIL017W,0,-0.60196316,0.18179915845394135,0.8638170957565308,0.39133480191230774
YBR111W-A,YBR287W,0,-0.60196316,0.18176113069057465,0.8638170957565308,0.39143484830856323
YGL210W-A,YOR251C,1,-0.60196316,0.1819322407245636,0.86481112241745,0.39143484830856323
YBR111W-A,YDR508C,0,-0.60196316,0.1818942129611969,0.86481112241745,0.3915349245071411
YGR031C-A,YPL042C,0,-0.60196316,0.1818561851978302,0.86481112241745,0.3916349709033966
YGL210W-A,YOL141W,1,-0.60196316,0.1820271611213684,0.8658051490783691,0.3916349709033966
YDL036C,YFL011W-A,0,-0.60196316,0.1819891333580017,0.8658051490783691,0.3917350471019745
YCR093W,YGL046W,0,-0.60196316,0.1819511204957962,0.8658051490783691,0.39183509349823
YGR031C-A,YPL244C,0,-0.60196316,0.1819131225347519,0.8658051490783691,0.39193516969680786
YFL011W-A,YGR171C,0,-0.60196316,0.18187512457370758,0.8658051490783691,0.39203521609306335
YKR019C,YMR268W-A,0,-0.60196316,0.18183715641498566,0.8658051490783691,0.39213529229164124
YNL138W-A,YLR009W,0,-0.60196316,0.18179920315742493,0.8658051490783691,0.39223533868789673
YOL053C-A,YDR195W,0,-0.60196316,0.1817612648010254,0.8658051490783691,0.3923354148864746
YGL210W-A,YMR023C,1,-0.60196316,0.1819319874048233,0.8667991757392883,0.3923354148864746
YGL210W-A,YAL033W,1,-0.60196316,0.18210263550281525,0.8677932620048523,0.3923354148864746
YDR014W-A,YGR112W,0,-0.60196316,0.18206465244293213,0.8677932620048523,0.3924354612827301
YBR111W-A,YFL010W-A,0,-0.60196316,0.1820266842842102,0.8677932620048523,0.3925355076789856
YNL138W-A,YGL259W,0,-0.60196316,0.18198874592781067,0.8677932620048523,0.3926355838775635
YNL138W-A,YHR109W,0,-0.60196316,0.18195080757141113,0.8677932620048523,0.39273563027381897
YBL058W,YLR154W-A,0,-0.60196316,0.18191289901733398,0.8677932620048523,0.39283570647239685
YOR106W,YOL053C-A,0,-0.60196316,0.18187500536441803,0.8677932620048523,0.39293575286865234
YDR014W-A,YMR090W,0,-0.60196316,0.18183711171150208,0.8677932620048523,0.3930358290672302
YNL138W-A,YMR227C,0,-0.60196316,0.1817992478609085,0.8677932620048523,0.3931358754634857
YFL011W-A,YMR308C,0,-0.60196316,0.18176139891147614,0.8677932620048523,0.3932359516620636
YCR093W,YBR111W-A,0,-0.60196316,0.18172356486320496,0.8677932620048523,0.3933359980583191
YOR089C,YLR154W-A,0,-0.60196316,0.18168574571609497,0.8677932620048523,0.393436074256897
YKR069W,YMR268W-A,0,-0.60196316,0.18164794147014618,0.8677932620048523,0.39353612065315247
YGR031C-A,YOR215C,0,-0.60196316,0.18161015212535858,0.8677932620048523,0.39363616704940796
YLR154W-A,YFR052W,0,-0.60196316,0.18157237768173218,0.8677932620048523,0.39373624324798584
YLL002W,YFL011W-A,0,-0.60196316,0.18153461813926697,0.8677932620048523,0.39383628964424133
YER022W,YNL138W-A,0,-0.60196316,0.18149688839912415,0.8677932620048523,0.3939363658428192
YGL210W-A,YBR022W,1,-0.60196316,0.1816670149564743,0.8687872886657715,0.3939363658428192
YGR031C-A,YLR350W,0,-0.60196316,0.1816292554140091,0.8687872886657715,0.3940364122390747
YKL097W-A,YKL203C,0,-0.60196316,0.18159152567386627,0.8687872886657715,0.3941364884376526
YNL138W-A,YLR197W,0,-0.60196316,0.18155379593372345,0.8687872886657715,0.3942365348339081
YMR046C,YCL026C-B,0,-0.60196316,0.18151609599590302,0.8687872886657715,0.39433661103248596
YDR497C,YMR268W-A,0,-0.60196316,0.18147841095924377,0.8687872886657715,0.39443665742874146
YJL012C-A,YCR097WB,0,-0.60196316,0.18144072592258453,0.8687872886657715,0.39453673362731934
YDR144C,YFL011W-A,0,-0.60196316,0.18140307068824768,0.8687872886657715,0.39463678002357483
YOL103W-B,YIL017W,0,-0.60196316,0.18136543035507202,0.8687872886657715,0.3947368562221527
YKL200C,YNL138W-A,0,-0.60196316,0.18132780492305756,0.8687872886657715,0.3948369026184082
YDR512C,YGR031C-A,0,-0.60196316,0.18129019439220428,0.8687872886657715,0.3949369490146637
YGR134W,YLR154W-A,0,-0.60196316,0.1812525987625122,0.8687872886657715,0.3950370252132416
YCR055C,YLR154W-A,0,-0.60196316,0.18121501803398132,0.8687872886657715,0.39513707160949707
YJL012C-A,YMR295C,0,-0.60196316,0.18117745220661163,0.8687872886657715,0.39523714780807495
YER190W,YMR268W-A,0,-0.60196316,0.18113990128040314,0.8687872886657715,0.39533719420433044
YER014C-A,YBR111W-A,0,-0.60196316,0.18110236525535583,0.8687872886657715,0.3954372704029083
YLR391W-A,YOR324C,0,-0.60196316,0.18106484413146973,0.8687872886657715,0.3955373167991638
YBR111W-A,YIL076W,0,-0.60196316,0.1810273379087448,0.8687872886657715,0.3956373929977417
YER130C,YMR268W-A,0,-0.60196316,0.1809898465871811,0.8687872886657715,0.3957374393939972
YOL057W,YLR154W-A,0,-0.60196316,0.18095238506793976,0.8687872886657715,0.3958375155925751
YFL011W-A,YLR278C,0,-0.60196316,0.18091492354869843,0.8687872886657715,0.39593756198883057
YNL138W-A,YDL083C,0,-0.60196316,0.1808774769306183,0.8687872886657715,0.39603760838508606
YDR014W-A,YGL216W,0,-0.60196316,0.18084006011486053,0.8687872886657715,0.39613768458366394
YDR014W-A,YOR123C,0,-0.60196316,0.18080264329910278,0.8687872886657715,0.39623773097991943
YFL011W-A,YBR294W,0,-0.60196316,0.18076525628566742,0.8687872886657715,0.3963378071784973
YDR014W-A,YPR137W,0,-0.60196316,0.18072786927223206,0.8687872886657715,0.3964378535747528
YGL210W-A,YKR079C,1,-0.60196316,0.18089725077152252,0.8697813153266907,0.3964378535747528
YDL036C,YMR268W-A,0,-0.60196316,0.18085986375808716,0.8697813153266907,0.3965379297733307
YBL101W-B,YBL052C,0,-0.60196316,0.1808224767446518,0.8697813153266907,0.3966379761695862
YCR046C,YLR154W-A,0,-0.60196316,0.18078511953353882,0.8697813153266907,0.39673805236816406
YGR031C-A,YLL027W,0,-0.60196316,0.18074777722358704,0.8697813153266907,0.39683809876441956
YBL071W-A,YDR165W,1,-0.60196316,0.18091697990894318,0.8707753419876099,0.39683809876441956
YDR381C-A,YLR154W-A,0,-0.60196316,0.1808796226978302,0.8707753419876099,0.39693817496299744
YGL210W-A,YPL212C,1,-0.60196316,0.18104872107505798,0.871769368648529,0.39693817496299744
YDR416W,YLR154W-A,0,-0.60196316,0.1810113489627838,0.871769368648529,0.39703822135925293
YLR391W-A,YDR211W,0,-0.60196316,0.18097399175167084,0.871769368648529,0.3971382975578308
YHR175W,YDR014W-A,0,-0.60196316,0.18093666434288025,0.871769368648529,0.3972383439540863
YBR111W-A,YPL257W-B,0,-0.60196316,0.18089933693408966,0.871769368648529,0.3973383903503418
YJL011C,YBR111W-A,0,-0.60196316,0.18086203932762146,0.871769368648529,0.3974384665489197
YGR031C-A,YKL007W,0,-0.60196316,0.18082474172115326,0.871769368648529,0.39753851294517517
YDR512C,YNL138W-A,0,-0.60196316,0.18078747391700745,0.871769368648529,0.39763858914375305
YGR031C-A,YMR137C,0,-0.60196316,0.18075020611286163,0.871769368648529,0.39773863554000854
YDR207C,YCR055C,0,-0.60196316,0.1807129681110382,0.871769368648529,0.3978387117385864
YBR095C,YMR268W-A,0,-0.60196316,0.18067573010921478,0.871769368648529,0.3979387581348419
YFL011W-A,YPR138C,0,-0.60196316,0.18063852190971375,0.871769368648529,0.3980388343334198
YDR014W-A,YFR033C,0,-0.60196316,0.1806013137102127,0.871769368648529,0.3981388807296753
YOR106W,YLR391W-A,0,-0.60196316,0.18056413531303406,0.871769368648529,0.3982389569282532
YGR031C-A,YKL186C,0,-0.60196316,0.1805269718170166,0.871769368648529,0.39833900332450867
YGL210W-A,YML091C,1,-0.60196316,0.18069562315940857,0.8727633953094482,0.39833900332450867
YGR031C-A,YFR001W,0,-0.60196316,0.18065842986106873,0.8727633953094482,0.39843904972076416
YKL200C,YKL166C,0,-0.60196316,0.18062126636505127,0.8727633953094482,0.39853912591934204
YDR090C,YJL012C-A,0,-0.60196316,0.180584117770195,0.8727633953094482,0.39863917231559753
YKL093W,YGR031C-A,0,-0.60196316,0.18054698407649994,0.8727633953094482,0.3987392485141754
YLR256W-A,YMR268W-A,0,-0.60196316,0.18050986528396606,0.8727633953094482,0.3988392949104309
YDR014W-A,YIL080W,0,-0.60196316,0.18047276139259338,0.8727633953094482,0.3989393711090088
YBL101W-B,YBL091C-A,0,-0.60196316,0.1804356724023819,0.8727633953094482,0.3990394175052643
YGL210W-A,YGR024C,1,-0.60196316,0.18060407042503357,0.8737574815750122,0.3990394175052643
YHR132C,YOL053C-A,0,-0.60196316,0.1805669665336609,0.8737574815750122,0.39913949370384216
YHR132C,YNL138W-A,0,-0.60196316,0.1805298775434494,0.8737574815750122,0.39923954010009766
YGR031C-A,YCL004W,0,-0.60196316,0.1804928183555603,0.8737574815750122,0.39933961629867554
YCL004W,YLR154W-A,0,-0.60196316,0.1804557591676712,0.8737574815750122,0.39943966269493103
YKL200C,YBL029C-A,0,-0.60196316,0.1804187148809433,0.8737574815750122,0.3995397090911865
YJR010W,YNL138W-A,0,-0.60196316,0.18038170039653778,0.8737574815750122,0.3996397852897644
YJL012C-A,YDR222W,0,-0.60196316,0.18034468591213226,0.8737574815750122,0.3997398316860199
YJL012C-A,YMR115W,0,-0.60196316,0.18030768632888794,0.8737574815750122,0.3998399078845978
YBR111W-A,YMR268W-A,0,-0.60196316,0.180270716547966,0.8737574815750122,0.39993995428085327
YOR126C,YOL053C-A,0,-0.60196316,0.18023374676704407,0.8737574815750122,0.40004003047943115
YGL210W-A,YOL066C,1,-0.60196316,0.18040180206298828,0.8747515082359314,0.40004003047943115
YGR031C-A,YLR278C,0,-0.60196316,0.18036483228206635,0.8747515082359314,0.40014007687568665
YGL210W-A,YML005W,1,-0.60196316,0.1805327832698822,0.8757455348968506,0.40014007687568665
YFL011W-A,YLR309C,0,-0.60196316,0.18049579858779907,0.8757455348968506,0.4002401530742645
YDR261C-D,YDR381C-A,0,-0.60196316,0.18045882880687714,0.8757455348968506,0.40034019947052
YGL210W-A,YGL172W,1,-0.60196316,0.18062666058540344,0.8767395615577698,0.40034019947052
YOR168W,YLR154W-A,0,-0.60196316,0.1805896759033203,0.8767395615577698,0.4004402756690979
YJL012C-A,YCL003W,0,-0.60196316,0.18055270612239838,0.8767395615577698,0.4005403220653534
YJR119C,YNL138W-A,0,-0.60196316,0.18051576614379883,0.8767395615577698,0.4006403982639313
YHR004C,YOL053C-A,0,-0.60196316,0.18047882616519928,0.8767395615577698,0.40074044466018677
YPR024W,YLR391W-A,0,-0.60196316,0.18044190108776093,0.8767395615577698,0.40084049105644226
YFL011W-A,YDR240C,0,-0.60196316,0.18040499091148376,0.8767395615577698,0.40094056725502014
YGL210W-A,YMR047C,1,-0.60196316,0.18057259917259216,0.877733588218689,0.40094056725502014
YGR161W-B,YGR031C-A,0,-0.60196316,0.1805356740951538,0.877733588218689,0.40104061365127563
YFL035C,YJR101W,0,-0.60196316,0.18049877882003784,0.877733588218689,0.4011406898498535
YJL012C-A,YOR226C,0,-0.60196316,0.18046188354492188,0.877733588218689,0.401240736246109
YMR168C,YOL053C-A,0,-0.60196316,0.1804250031709671,0.877733588218689,0.4013408124446869
YKL103C,YDR014W-A,0,-0.60196316,0.18038815259933472,0.877733588218689,0.4014408588409424
YKR028W,YMR268W-A,0,-0.60196316,0.18035130202770233,0.877733588218689,0.40154093503952026
YGR031C-A,YIL035C,0,-0.60196316,0.18031448125839233,0.877733588218689,0.40164098143577576
YDR457W,YBR075W,0,-0.60196316,0.18027766048908234,0.877733588218689,0.40174105763435364
YFL011W-A,YGL174W,0,-0.60196316,0.18024086952209473,0.877733588218689,0.40184110403060913
YFL011W-A,YNL273W,0,-0.60196316,0.18020407855510712,0.877733588218689,0.4019411504268646
YFL011W-A,YGL226C-A,0,-0.60196316,0.1801673173904419,0.877733588218689,0.4020412266254425
YNL282W,YMR268W-A,0,-0.60196316,0.18013055622577667,0.877733588218689,0.402141273021698
YBR111W-A,YMR061W,0,-0.60196316,0.18009382486343384,0.877733588218689,0.4022413492202759
YBR170C,YLR391W-A,0,-0.60196316,0.180057093501091,0.877733588218689,0.40234139561653137
YJL124C,YLR154W-A,0,-0.60196316,0.18002039194107056,0.877733588218689,0.40244147181510925
YBR120C,YLR391W-A,0,-0.60196316,0.1799836903810501,0.877733588218689,0.40254151821136475
YLR391W-A,YCR012W,0,-0.60196316,0.17994701862335205,0.877733588218689,0.4026415944099426
YER125W,YLR391W-A,0,-0.60196316,0.179910346865654,0.877733588218689,0.4027416408061981
YGL210W-A,YCL017C,1,-0.60196316,0.18007740378379822,0.8787276148796082,0.4027416408061981
YGL210W-A,YOL102C,1,-0.60196316,0.18024440109729767,0.8797216415405273,0.4027416408061981
YGR031C-A,YGR229C,0,-0.60196316,0.18020769953727722,0.8797216415405273,0.402841717004776
YMR117C,YCL060C,0,-0.60196316,0.18017101287841797,0.8797216415405273,0.4029417634010315
YHR074W,YNL138W-A,0,-0.60196316,0.1801343411207199,0.8797216415405273,0.4030418395996094
YJR138W,YLR391W-A,0,-0.60196316,0.18009768426418304,0.8797216415405273,0.40314188599586487
YFL011W-A,YHR041C,0,-0.60196316,0.18006104230880737,0.8797216415405273,0.40324193239212036
YBL029C-A,YGL046W,0,-0.60196316,0.1800244152545929,0.8797216415405273,0.40334200859069824
YOR215C,YLR154W-A,0,-0.60196316,0.1799878031015396,0.8797216415405273,0.40344205498695374
YDR416W,YMR268W-A,0,-0.60196316,0.17995120584964752,0.8797216415405273,0.4035421311855316
YKL009W,YNL138W-A,0,-0.60196316,0.17991462349891663,0.8797216415405273,0.4036421775817871
YDR261W-A,YBL092W,0,-0.6021593,0.17987805604934692,0.8797216415405273,0.403742253780365
YOR251C,YGR276C,1,-0.60217965,0.18004471063613892,0.8807157278060913,0.403742253780365
YJR026W,YCL052C,0,-0.60223085,0.18000812828540802,0.8807157278060913,0.4038423001766205
YLR208W,YGR225W,0,-0.6022949,0.17997156083583832,0.8807157278060913,0.40394237637519836
YPR024W,YGL046W,0,-0.6027526,0.1799350082874298,0.8807157278060913,0.40404242277145386
YOL112W,YGL256W,0,-0.6033404,0.1798984706401825,0.8807157278060913,0.40414249897003174
YKL097W-A,YGR070W,0,-0.60355204,0.17986196279525757,0.8807157278060913,0.40424254536628723
YCR057C,YCL003W,0,-0.60359716,0.17982545495033264,0.8807157278060913,0.4043425917625427
YDR419W,YGL046W,0,-0.6036276,0.1797889620065689,0.8807157278060913,0.4044426679611206
YKL090W,YCL060C,0,-0.603673,0.17975248396396637,0.8807157278060913,0.4045427143573761
YDR498C,YCR097WB,0,-0.6037292,0.17971602082252502,0.8807157278060913,0.404642790555954
YKL097W-A,YPR119W,0,-0.6038703,0.17967957258224487,0.8807157278060913,0.4047428369522095
YOL010W,YCR097WB,0,-0.60394454,0.1796431541442871,0.8807157278060913,0.40484291315078735
YKL200C,YBR080C,0,-0.60395277,0.17960673570632935,0.8807157278060913,0.40494295954704285
YCR080W,YJL124C,0,-0.6039554,0.17957033216953278,0.8807157278060913,0.4050430357456207
YAL033W,YNR067C,0,-0.6039846,0.1795339435338974,0.8807157278060913,0.4051430821418762
YGR268C,YCR055C,0,-0.6041838,0.17949756979942322,0.8807157278060913,0.4052431583404541
YOL057W,YKL200C,0,-0.6042577,0.17946121096611023,0.8807157278060913,0.4053432047367096
YIL017W,YGL148W,0,-0.6043606,0.17942486703395844,0.8807157278060913,0.4054432511329651
YMR182C,YFL035C,0,-0.6044073,0.17938853800296783,0.8807157278060913,0.40554332733154297
YBL101W-B,YLR129W,0,-0.604513,0.17935222387313843,0.8807157278060913,0.40564337372779846
YJL187C,YOL026C,0,-0.60469913,0.17931592464447021,0.8807157278060913,0.40574344992637634
YBR125C,YOR126C,0,-0.6047051,0.1792796403169632,0.8807157278060913,0.40584349632263184
YNL032W,YLR410W-B,0,-0.6048107,0.17924337089061737,0.8807157278060913,0.4059435725212097
YPL196W,YCL060C,0,-0.6049366,0.17920711636543274,0.8807157278060913,0.4060436189174652
YGR221C,YML099C,0,-0.6050813,0.1791708767414093,0.8807157278060913,0.4061436951160431
YMR038C,YFL035C,0,-0.60521483,0.17913465201854706,0.8807157278060913,0.4062437415122986
YIL142W,YFL035C,0,-0.605291,0.179098442196846,0.8807157278060913,0.40634381771087646
YER125W,YCL060C,0,-0.6053617,0.17906224727630615,0.8807157278060913,0.40644386410713196
YGR288W,YMR112C,0,-0.6057319,0.1790260672569275,0.8807157278060913,0.40654394030570984
YIL079C,YCL003W,0,-0.60602164,0.17898990213871002,0.8807157278060913,0.40664398670196533
YHR004C,YPR119W,0,-0.6062585,0.17895375192165375,0.8807157278060913,0.4067440330982208
YJR055W,YGL046W,0,-0.60633,0.17891760170459747,0.8807157278060913,0.4068441092967987
YCR080W,YNL290W,0,-0.6064073,0.1788814812898636,0.8807157278060913,0.4069441556930542
YJL005W,YBR075W,0,-0.6064531,0.1788453757762909,0.8807157278060913,0.4070442318916321
YBR006W,YLR404W,0,-0.6066245,0.1788092851638794,0.8807157278060913,0.4071442782878876
YBR075W,YLR050C,0,-0.60664123,0.1787732094526291,0.8807157278060913,0.40724435448646545
YBR170C,YEL062W,0,-0.60669,0.17873713374137878,0.8807157278060913,0.40734440088272095
YMR246W,YCR055C,0,-0.6067012,0.17870108783245087,0.8807157278060913,0.40744447708129883
YKR103W,YCR080W,0,-0.606781,0.17866505682468414,0.8807157278060913,0.4075445234775543
YMR115W,YCL060C,0,-0.6068712,0.17862902581691742,0.8807157278060913,0.4076445996761322
YLR183C,YBR075W,0,-0.606894,0.17859302461147308,0.8807157278060913,0.4077446460723877
YOL045W,YKL097W-A,0,-0.60691106,0.17855703830718994,0.8807157278060913,0.4078446924686432
YBR042C,YCL003W,0,-0.607016,0.1785210520029068,0.8807157278060913,0.40794476866722107
YCR080W,YLL043W,0,-0.6070247,0.17848509550094604,0.8807157278060913,0.40804481506347656
YKL200C,YNL084C,0,-0.60704136,0.1784491389989853,0.8807157278060913,0.40814489126205444
YKL097W-A,YLL027W,0,-0.6071218,0.17841321229934692,0.8807157278060913,0.40824493765830994
YBR075W,YMR114C,0,-0.60713255,0.17837728559970856,0.8807157278060913,0.4083450138568878
YJL187C,YNL298W,0,-0.60713637,0.17834138870239258,0.8807157278060913,0.4084450602531433
YCR080W,YLR380W,0,-0.60723287,0.1783054918050766,0.8807157278060913,0.4085451364517212
YDR454C,YGL046W,0,-0.60725373,0.178269624710083,0.8807157278060913,0.4086451828479767
YLL029W,YIL017W,0,-0.6072654,0.17823375761508942,0.8807157278060913,0.40874525904655457
YLR043C,YFL035C,0,-0.6073254,0.17819790542125702,0.8807157278060913,0.40884530544281006
YDR476C,YKL205W,0,-0.60738397,0.17816206812858582,0.8807157278060913,0.40894538164138794
YCR080W,YOR099W,0,-0.60746694,0.178126260638237,0.8807157278060913,0.40904542803764343
YLR107W,YML045W-A,0,-0.6075791,0.17809045314788818,0.8807157278060913,0.4091454744338989
YIL108W,YKL097W-A,0,-0.6076204,0.17805466055870056,0.8807157278060913,0.4092455506324768
YBL005W-B,YAR035W,0,-0.6076493,0.17801888287067413,0.8807157278060913,0.4093455970287323
YJR053W,YCR097WB,0,-0.60784686,0.1779831200838089,0.8807157278060913,0.4094456732273102
YKL190W,YNL297C,0,-0.6079086,0.17794737219810486,0.8807157278060913,0.4095457196235657
YKL200C,YKL097W-A,0,-0.60793483,0.177911639213562,0.8807157278060913,0.40964579582214355
YDL022W,YCR097WB,0,-0.6079867,0.17787592113018036,0.8807157278060913,0.40974584221839905
YCL024W,YKL097W-A,0,-0.60812587,0.1778402179479599,0.8807157278060913,0.40984591841697693
YJL140W,YCL003W,0,-0.60821617,0.17780452966690063,0.8807157278060913,0.4099459648132324
YOL142W,YCL052C,0,-0.6083087,0.17776885628700256,0.8807157278060913,0.4100460410118103
YDL121C,YBL101W-B,0,-0.6086574,0.17773319780826569,0.8807157278060913,0.4101460874080658
YBR002C,YIL017W,0,-0.60872775,0.17769755423069,0.8807157278060913,0.4102461338043213
YLR206W,YIL133C,0,-0.60900116,0.1776619255542755,0.8807157278060913,0.41034621000289917
YBR118W,YBR075W,0,-0.60901004,0.17762629687786102,0.8807157278060913,0.41044625639915466
YBR172C,YLR024C,0,-0.6091913,0.17759069800376892,0.8807157278060913,0.41054633259773254
YLL041C,YFL035C,0,-0.60921633,0.177555114030838,0.8807157278060913,0.41064637899398804
YMR321C,YDR146C,0,-0.609262,0.1775195300579071,0.8807157278060913,0.4107464551925659
YER154W,YLL017W,0,-0.60958284,0.17748397588729858,0.8807157278060913,0.4108465015888214
YDL028C,YHR061C,0,-0.60975975,0.17744842171669006,0.8807157278060913,0.4109465777873993
YOL112W,YMR046C,0,-0.609793,0.17741289734840393,0.8807157278060913,0.4110466241836548
YBR020W,YOR292C,0,-0.60992646,0.1773773729801178,0.8807157278060913,0.41114670038223267
YLR005W,YFL035C,0,-0.6100302,0.17734187841415405,0.8807157278060913,0.41124674677848816
YKL200C,YBR276C,0,-0.6102456,0.1773063838481903,0.8807157278060913,0.41134682297706604
YCR080W,YMR159C,0,-0.6105051,0.17727090418338776,0.8807157278060913,0.41144686937332153
YMR087W,YNL258C,0,-0.6105119,0.1772354543209076,0.8807157278060913,0.411546915769577
YBR182C,YDR076W,0,-0.610846,0.17720000445842743,0.8807157278060913,0.4116469919681549
YKL166C,YLR410W-B,0,-0.6108486,0.17716456949710846,0.8807157278060913,0.4117470383644104
YNL283C,YOR123C,0,-0.61089563,0.17712914943695068,0.8807157278060913,0.4118471145629883
YDL245C,YCR097WB,0,-0.61091375,0.1770937442779541,0.8807157278060913,0.4119471609592438
YDR383C,YMR276W,0,-0.61107564,0.1770583540201187,0.8807157278060913,0.41204723715782166
YHR164C,YFR052W,0,-0.6111922,0.17702297866344452,0.8807157278060913,0.41214728355407715
YJR021C,YPL122C,0,-0.6118736,0.17698761820793152,0.8807157278060913,0.41224735975265503
YGR161W-B,YMR025W,0,-0.611887,0.1769522726535797,0.8807157278060913,0.4123474061489105
YPL064C,YPL098C,0,-0.6119345,0.1769169270992279,0.8807157278060913,0.4124474823474884
YOR142W-A,YBR230C,0,-0.61204404,0.1768816113471985,0.8807157278060913,0.4125475287437439
YHR135C,YGL030W,0,-0.61210525,0.17684631049633026,0.8807157278060913,0.4126475751399994
YOR142W-B,YJR063W,0,-0.61235577,0.17681100964546204,0.8807157278060913,0.41274765133857727
YBR278W,YBR075W,0,-0.61281407,0.1767757385969162,0.8807157278060913,0.41284769773483276
YGR252W,YFL038C,0,-0.6128524,0.17674046754837036,0.8807157278060913,0.41294777393341064
YOL103W-B,YDR497C,0,-0.61295426,0.1767052263021469,0.8807157278060913,0.41304782032966614
YJL178C,YBR075W,0,-0.6130626,0.17666998505592346,0.8807157278060913,0.413147896528244
YPR189W,YER017C,0,-0.61322945,0.1766347736120224,0.8807157278060913,0.4132479429244995
YCL060C,YER115C,0,-0.6133546,0.17659956216812134,0.8807157278060913,0.4133480191230774
YJR021C,YCL024W,0,-0.6133714,0.17656436562538147,0.8807157278060913,0.4134480655193329
YDR530C,YCR097WB,0,-0.6134451,0.1765291839838028,0.8807157278060913,0.41354814171791077
YDR518W,YGL046W,0,-0.6135595,0.17649401724338531,0.8807157278060913,0.41364818811416626
YNL202W,YKL094W,0,-0.6136132,0.17645886540412903,0.8807157278060913,0.41374823451042175
YBR075W,YNR028W,0,-0.61372447,0.17642372846603394,0.8807157278060913,0.41384831070899963
YOR168W,YMR078C,0,-0.61401683,0.17638860642910004,0.8807157278060913,0.4139483571052551
YPR191W,YDL215C,0,-0.61439914,0.17635349929332733,0.8807157278060913,0.414048433303833
YDL045W-A,YKL168C,0,-0.6148872,0.17631840705871582,0.8807157278060913,0.4141484797000885
YKL200C,YOL107W,0,-0.61502105,0.1762833297252655,0.8807157278060913,0.4142485558986664
YBR287W,YHR079C,0,-0.6150835,0.17624825239181519,0.8807157278060913,0.4143486022949219
YOR142W-A,YJL081C,0,-0.6152406,0.17621320486068726,0.8807157278060913,0.41444867849349976
YFR031C,YLR410W-B,0,-0.61528385,0.17617817223072052,0.8807157278060913,0.41454872488975525
YMR159C,YLR391W,0,-0.61529684,0.17614313960075378,0.8807157278060913,0.41464880108833313
YNL271C,YGR134W,0,-0.6155083,0.17610813677310944,0.8807157278060913,0.4147488474845886
YPR137W,YLR391W,0,-0.61556214,0.1760731339454651,0.8807157278060913,0.4148489236831665
YDR233C,YNL032W,0,-0.615767,0.17603814601898193,0.8807157278060913,0.414948970079422
YJL112W,YJR053W,0,-0.6157831,0.17600317299365997,0.8807157278060913,0.4150490164756775
YOR126C,YDR373W,0,-0.61594754,0.1759682297706604,0.8807157278060913,0.41514909267425537
YJL011C,YOR142W-B,0,-0.6161289,0.17593328654766083,0.8807157278060913,0.41524913907051086
YBL101W-B,YOL004W,0,-0.6162521,0.17589835822582245,0.8807157278060913,0.41534921526908875
YNR021W,YBL113C,0,-0.6162572,0.17586344480514526,0.8807157278060913,0.41544926166534424
YMR227C,YCL003W,0,-0.6162957,0.17582853138446808,0.8807157278060913,0.4155493378639221
YPL113C,YCL060C,0,-0.61638093,0.17579364776611328,0.8807157278060913,0.4156493842601776
YPR196W,YBR075W,0,-0.6167891,0.17575877904891968,0.8807157278060913,0.4157494604587555
YDR210C-C,YPL104W,0,-0.6168831,0.17572392523288727,0.8807157278060913,0.415849506855011
YDR389W,YPL027W,0,-0.6171049,0.17568907141685486,0.8807157278060913,0.41594958305358887
YOR145C,YBR173C,0,-0.61726224,0.17565424740314484,0.8807157278060913,0.41604962944984436
YBR075W,YLR301W,0,-0.6177075,0.17561942338943481,0.8807157278060913,0.41614967584609985
YOL066C,YHR074W,0,-0.6185476,0.175584614276886,0.8807157278060913,0.41624975204467773
YIL017W,YOR340C,0,-0.618909,0.17554983496665955,0.8807157278060913,0.4163497984409332
YPR198W,YJL213W,0,-0.6190311,0.1755150556564331,0.8807157278060913,0.4164498746395111
YML045W-A,YOL028C,0,-0.6190519,0.17548029124736786,0.8807157278060913,0.4165499210357666
YBL034C,YLR391W,0,-0.6191305,0.1754455417394638,0.8807157278060913,0.4166499972343445
YNL309W,YFL035C,0,-0.6195859,0.17541080713272095,0.8807157278060913,0.4167500436306
YJR092W,YIL076W,0,-0.6199679,0.17537608742713928,0.8807157278060913,0.41685011982917786
YDR371W,YOR162C,0,-0.6199799,0.1753413826227188,0.8807157278060913,0.41695016622543335
YCR080W,YLR348C,0,-0.62002575,0.17530669271945953,0.8807157278060913,0.41705024242401123
YNL271C,YJR005W,0,-0.6200527,0.17527200281620026,0.8807157278060913,0.4171502888202667
YOL165C,YOR297C,0,-0.62022686,0.17523734271526337,0.8807157278060913,0.4172503650188446
YJL140W,YDL047W,0,-0.6206449,0.17520268261432648,0.8807157278060913,0.4173504114151001
YJL071W,YAR035W,0,-0.6206459,0.17516805231571198,0.8807157278060913,0.4174504578113556
YGL094C,YDR364C,0,-0.62091446,0.17513342201709747,0.8807157278060913,0.41755053400993347
YDR460W,YPR158C-C,0,-0.6209473,0.17509882152080536,0.8807157278060913,0.41765058040618896
YOL066C,YKR006C,0,-0.62096673,0.17506422102451324,0.8807157278060913,0.41775065660476685
YCL003W,YLR088W,0,-0.621073,0.17502963542938232,0.8807157278060913,0.41785070300102234
YMR087W,YGR276C,1,-0.62107575,0.17519257962703705,0.8817097544670105,0.41785070300102234
YGR056W,YGR085C,0,-0.6215055,0.17515797913074493,0.8817097544670105,0.4179507791996002
YOL070C,YDR508C,0,-0.62154835,0.175123393535614,0.8817097544670105,0.4180508255958557
YGR221C,YIL048W,0,-0.621627,0.1750888228416443,0.8817097544670105,0.4181509017944336
YMR008C,YKL001C,0,-0.62184453,0.17505426704883575,0.8817097544670105,0.4182509481906891
YJL066C,YDR296W,0,-0.62349606,0.17501972615718842,0.8817097544670105,0.41835102438926697
YKL182W,YJR053W,0,-0.623558,0.17498520016670227,0.8817097544670105,0.41845107078552246
YKL090W,YJR005W,0,-0.62389946,0.17495068907737732,0.8817097544670105,0.41855111718177795
YNL160W,YCL052C,0,-0.62416506,0.17491619288921356,0.8817097544670105,0.41865119338035583
YLR105C,YGL183C,0,-0.6245053,0.1748816967010498,0.8817097544670105,0.41875123977661133
YOR159C,YHR135C,0,-0.62463117,0.17484723031520844,0.8817097544670105,0.4188513159751892
YJL030W,YCL003W,0,-0.6247813,0.17481276392936707,0.8817097544670105,0.4189513623714447
YGR010W,YCR097WB,0,-0.6250025,0.17477832734584808,0.8817097544670105,0.4190514385700226
YML030W,YCL003W,0,-0.62537324,0.1747438907623291,0.8817097544670105,0.4191514849662781
YGR246C,YCL003W,0,-0.62569857,0.1747094690799713,0.8817097544670105,0.41925156116485596
YPR024W,YLL061W,0,-0.626559,0.17467506229877472,0.8817097544670105,0.41935160756111145
YDR351W,YNL026W,0,-0.6278695,0.17464067041873932,0.8817097544670105,0.41945168375968933
YEL069C,YKL205W,0,-0.62790495,0.1746062934398651,0.8817097544670105,0.4195517301559448
YPL113C,YBR037C,0,-0.62794316,0.1745719313621521,0.8817097544670105,0.4196517765522003
YBL101W-B,YJR140C,0,-0.627983,0.17453758418560028,0.8817097544670105,0.4197518527507782
YKR002W,YOL043C,0,-0.6284985,0.17450325191020966,0.8817097544670105,0.4198518991470337
YCL043C,YCL057W,0,-0.62859213,0.17446891963481903,0.8817097544670105,0.4199519753456116
YGL203C,YDR062W,0,-0.62883365,0.1744346171617508,0.8817097544670105,0.42005202174186707
YEL069C,YFL017W-A,0,-0.62939286,0.17440031468868256,0.8817097544670105,0.42015209794044495
YER049W,YKL200C,0,-0.6295041,0.1743660271167755,0.8817097544670105,0.42025214433670044
YBL024W,YCL017C,1,-0.62951386,0.1745283007621765,0.8827037811279297,0.42025214433670044
YLR404W,YGR032W,0,-0.6298133,0.17449401319026947,0.8827037811279297,0.4203522205352783
YFR031C,YMR270C,0,-0.63029313,0.17445972561836243,0.8827037811279297,0.4204522669315338
YJR151C,YML028W,0,-0.6303509,0.17442545294761658,0.8827037811279297,0.4205523431301117
YLR244C,YIL017W,0,-0.6304202,0.17439119517803192,0.8827037811279297,0.4206523895263672
YDR494W,YBR257W,0,-0.6307313,0.17435696721076965,0.8827037811279297,0.42075246572494507
YKL200C,YLR182W,0,-0.63098085,0.17432273924350739,0.8827037811279297,0.42085251212120056
YOR168W,YKR068C,0,-0.6310352,0.17428851127624512,0.8827037811279297,0.42095255851745605
YJL011C,YGR239C,0,-0.6311076,0.17425431311130524,0.8827037811279297,0.42105263471603394
YKL097W-A,YDL216C,0,-0.63114,0.17422012984752655,0.8827037811279297,0.42115268111228943
YLL034C,YOR187W,0,-0.6317798,0.17418596148490906,0.8827037811279297,0.4212527573108673
YMR077C,YOR123C,0,-0.63302624,0.17415179312229156,0.8827037811279297,0.4213528037071228
YDR512C,YNL026W,0,-0.6330371,0.17411763966083527,0.8827037811279297,0.4214528799057007
YNL050C,YJL134W,0,-0.6335738,0.17408351600170135,0.8827037811279297,0.4215529263019562
YBL101W-B,YDR260C,0,-0.633716,0.17404939234256744,0.8827037811279297,0.42165300250053406
YJL166W,YNL284C,0,-0.6337385,0.17401528358459473,0.8827037811279297,0.42175304889678955
YNL302C,YIL132C,0,-0.6343794,0.1739811897277832,0.8827037811279297,0.42185312509536743
YJL200C,YDL021W,0,-0.634673,0.17394711077213287,0.8827037811279297,0.4219531714916229
YBR274W,YER162C,0,-0.63481927,0.17391304671764374,0.8827037811279297,0.4220532178878784
YMR182C,YCR097WB,0,-0.6353495,0.1738789826631546,0.8827037811279297,0.4221532940864563
YDL111C,YKL053C-A,0,-0.63535726,0.17384494841098785,0.8827037811279297,0.4222533404827118
YKR066C,YKL053C-A,0,-0.6359652,0.1738109290599823,0.8827037811279297,0.4223534166812897
YKR035W-A,YLR145W,0,-0.6362443,0.17377690970897675,0.8827037811279297,0.42245346307754517
YLL029W,YOR298W,0,-0.6365,0.17374290525913239,0.8827037811279297,0.42255353927612305
YJR028W,YOR089C,0,-0.63687557,0.17370891571044922,0.8827037811279297,0.42265358567237854
YDL029W,YAR027W,0,-0.6369692,0.17367494106292725,0.8827037811279297,0.4227536618709564
YNL271C,YNL314W,0,-0.6370834,0.17364098131656647,0.8827037811279297,0.4228537082672119
YFL048C,YGR134W,0,-0.6373144,0.17360703647136688,0.8827037811279297,0.4229537844657898
YPL213W,YNL178W,0,-0.6373645,0.1735731065273285,0.8827037811279297,0.4230538308620453
YLR203C,YBR020W,0,-0.63755494,0.1735391765832901,0.8827037811279297,0.42315390706062317
YGR225W,YGR285C,0,-0.63805056,0.1735052764415741,0.8827037811279297,0.42325395345687866
YPR072W,YGL169W,0,-0.63814545,0.1734713762998581,0.8827037811279297,0.42335399985313416
YLL008W,YIL017W,0,-0.63826513,0.17343750596046448,0.8827037811279297,0.42345407605171204
YNL073W,YBR059C,0,-0.6387297,0.17340363562107086,0.8827037811279297,0.42355412244796753
YHL012W,YBL101W-B,0,-0.6388371,0.17336978018283844,0.8827037811279297,0.4236541986465454
YKL067W,YGL148W,0,-0.6392161,0.1733359396457672,0.8827037811279297,0.4237542450428009
YEL036C,YOR226C,0,-0.63933754,0.17330211400985718,0.8827037811279297,0.4238543212413788
YBL101W-B,YEL041W,0,-0.6397157,0.17326828837394714,0.8827037811279297,0.4239543676376343
YDL033C,YGL063W,1,-0.64025617,0.17342957854270935,0.8836978077888489,0.4239543676376343
YKL020C,YDR211W,0,-0.6403028,0.17339575290679932,0.8836978077888489,0.42405444383621216
YGL062W,YKR102W,0,-0.64047515,0.17336192727088928,0.8836978077888489,0.42415449023246765
YER014C-A,YPL082C,0,-0.64073896,0.17332813143730164,0.8836978077888489,0.42425456643104553
YMR319C,YOR377W,0,-0.64126396,0.17329435050487518,0.8836978077888489,0.424354612827301
YPR137C-A,YGR239C,0,-0.6413203,0.17326056957244873,0.8836978077888489,0.4244546592235565
YGL062W,YHR109W,0,-0.6414986,0.17322681844234467,0.8836978077888489,0.4245547354221344
YJR028W,YBR074W,0,-0.64150065,0.1731930673122406,0.8836978077888489,0.4246547818183899
YOR226C,YBR010W,0,-0.6416419,0.17315933108329773,0.8836978077888489,0.4247548580169678
YOR025W,YCR055C,0,-0.64198804,0.17312560975551605,0.8836978077888489,0.42485490441322327
YOR251C,YBR022W,1,-0.6421205,0.17328660190105438,0.8846918344497681,0.42485490441322327
YGR112W,YKL124W,0,-0.6422093,0.1732528656721115,0.8846918344497681,0.42495498061180115
YBR260C,YLR391W,0,-0.6422661,0.17321914434432983,0.8846918344497681,0.42505502700805664
YKL200C,YLR389C,0,-0.64308715,0.17318543791770935,0.8846918344497681,0.4251551032066345
YPL257W-B,YGR239C,0,-0.64314234,0.17315174639225006,0.8846918344497681,0.42525514960289
YIL095W,YKL130C,0,-0.6436194,0.17311806976795197,0.8846918344497681,0.4253552258014679
YJR004C,YOR353C,0,-0.6437401,0.17308440804481506,0.8846918344497681,0.4254552721977234
YKL190W,YMR065W,0,-0.64375556,0.17305074632167816,0.8846918344497681,0.4255553185939789
YNR004W,YBR052C,0,-0.6439315,0.17301711440086365,0.8846918344497681,0.42565539479255676
YOL093W,YIL017W,0,-0.6442692,0.17298348248004913,0.8846918344497681,0.42575544118881226
YJL029C,YKR006C,0,-0.6446058,0.1729498654603958,0.8846918344497681,0.42585551738739014
YDR034C,YGL225W,0,-0.6450277,0.1729162633419037,0.8846918344497681,0.42595556378364563
YPR137C-A,YCR052W,0,-0.6451825,0.17288267612457275,0.8846918344497681,0.4260556399822235
YGR034W,YOR222W,0,-0.6455541,0.17284910380840302,0.8846918344497681,0.426155686378479
YJR092W,YLL055W,0,-0.6457511,0.17281553149223328,0.8846918344497681,0.4262557625770569
YOL165C,YLR386W,0,-0.64659727,0.17278198897838593,0.8846918344497681,0.4263558089733124
YHR209W,YLR145W,0,-0.64682287,0.17274844646453857,0.8846918344497681,0.42645588517189026
YDL059C,YJR026W,0,-0.647106,0.17271491885185242,0.8846918344497681,0.42655593156814575
YGR171C,YDL039C,0,-0.64730597,0.17268140614032745,0.8846918344497681,0.42665600776672363
YGR161W-B,YMR112C,0,-0.64772916,0.17264790832996368,0.8846918344497681,0.4267560541629791
YEL037C,YHL027W,0,-0.64787066,0.1726144254207611,0.8846918344497681,0.4268561005592346
YKR008W,YOR008C,0,-0.64805764,0.17258095741271973,0.8846918344497681,0.4269561767578125
YKL203C,YHR057C,0,-0.6485528,0.17254750430583954,0.8846918344497681,0.427056223154068
YGL172W,YAL020C,1,-0.64879644,0.17270788550376892,0.8856858611106873,0.427056223154068
YGR032W,YGR285C,0,-0.6490121,0.17267441749572754,0.8856858611106873,0.4271562993526459
YER162C,YGR239C,0,-0.6490277,0.17264096438884735,0.8856858611106873,0.42725634574890137
YNR057C,YLR391W,0,-0.64910805,0.17260751128196716,0.8856858611106873,0.42735642194747925
YDR196C,YBR274W,0,-0.64914024,0.17257408797740936,0.8856858611106873,0.42745646834373474
YNL080C,YDR062W,0,-0.6491841,0.17254066467285156,0.8856858611106873,0.4275565445423126
YPR119W,YMR239C,0,-0.6492163,0.17250725626945496,0.8856858611106873,0.4276565909385681
YBL005W-B,YOR279C,0,-0.649369,0.17247386276721954,0.8856858611106873,0.427756667137146
YBR182C,YBR129C,0,-0.64940906,0.17244048416614532,0.8856858611106873,0.4278567135334015
YBR275C,YML036W,0,-0.64981043,0.1724071204662323,0.8856858611106873,0.427956759929657
YKL013C,YDR240C,0,-0.64982057,0.17237377166748047,0.8856858611106873,0.42805683612823486
YDR371W,YLR391W,0,-0.64983344,0.17234042286872864,0.8856858611106873,0.42815688252449036
YBL112C,YMR272C,0,-0.6499229,0.1723071038722992,0.8856858611106873,0.42825695872306824
YOR301W,YHR175W,0,-0.65006655,0.17227378487586975,0.8856858611106873,0.42835700511932373
YFR045W,YBR115C,0,-0.65055156,0.1722404807806015,0.8856858611106873,0.4284570813179016
YJR083C,YHR008C,0,-0.6513344,0.17220719158649445,0.8856858611106873,0.4285571277141571
YBR120C,YPR138C,0,-0.6516021,0.17217391729354858,0.8856858611106873,0.428657203912735
YNL261W,YEL036C,0,-0.6516042,0.17214064300060272,0.8856858611106873,0.4287572503089905
YGL170C,YBL092W,0,-0.65160525,0.17210739850997925,0.8856858611106873,0.42885732650756836
YGR032W,YLR391W,0,-0.651755,0.17207415401935577,0.8856858611106873,0.42895737290382385
YDR494W,YOR038C,0,-0.65191495,0.1720409393310547,0.8856858611106873,0.42905744910240173
YOR168W,YLR219W,0,-0.6520778,0.1720077246427536,0.8856858611106873,0.4291574954986572
YDR059C,YOL136C,0,-0.6521289,0.1719745248556137,0.8856858611106873,0.4292575418949127
YDR030C,YAL054C,0,-0.6526268,0.171941339969635,0.8856858611106873,0.4293576180934906
YNL147W,YER168C,1,-0.65269125,0.17210109531879425,0.8866799473762512,0.4293576180934906
YKR008W,YHR004C,0,-0.6539835,0.17206789553165436,0.8866799473762512,0.4294576644897461
YLR391W,YGL216W,0,-0.6543009,0.17203471064567566,0.8866799473762512,0.429557740688324
YJL155C,YKR102W,0,-0.65486103,0.17200154066085815,0.8866799473762512,0.42965778708457947
YJL087C,YIR015W,1,-0.6549168,0.17216117680072784,0.8876739740371704,0.42965778708457947
YOR142W-B,YBR182C,0,-0.65502954,0.17212799191474915,0.8876739740371704,0.42975786328315735
YNL147W,YLR430W,1,-0.65512866,0.17228753864765167,0.8886680006980896,0.42975786328315735
YKL020C,YLR227W-B,0,-0.6551587,0.17225433886051178,0.8886680006980896,0.42985790967941284
YEL043W,YDR229W,0,-0.6554984,0.17222115397453308,0.8886680006980896,0.4299579858779907
YPL257W-B,YKL094W,0,-0.65559715,0.17218798398971558,0.8886680006980896,0.4300580322742462
YKR055W,YGL046W,0,-0.6556358,0.17215482890605927,0.8886680006980896,0.4301581084728241
YNR017W,YLR348C,0,-0.656064,0.17212167382240295,0.8886680006980896,0.4302581548690796
YMR013C,YFL017W-A,0,-0.6563421,0.17208854854106903,0.8886680006980896,0.4303582012653351
YDR233C,YER162C,0,-0.6563976,0.1720554232597351,0.8886680006980896,0.43045827746391296
YGL200C,YNL335W,0,-0.6564584,0.17202232778072357,0.8886680006980896,0.43055832386016846
YIR018W,YNL284C,0,-0.6565833,0.17198923230171204,0.8886680006980896,0.43065840005874634
YGL172W,YNL070W,0,-0.6570028,0.1719561517238617,0.8886680006980896,0.43075844645500183
YLR163C,YLL012W,0,-0.6577766,0.17192307114601135,0.8886680006980896,0.4308585226535797
YOL045W,YDR527W,0,-0.65783024,0.1718900203704834,0.8886680006980896,0.4309585690498352
YBL101W-B,YIL047C,0,-0.6582063,0.17185698449611664,0.8886680006980896,0.4310586452484131
YER087W,YPR163C,0,-0.6582292,0.17182394862174988,0.8886680006980896,0.4311586916446686
YNL284C-A,YDR449C,0,-0.65842134,0.1717909276485443,0.8886680006980896,0.43125876784324646
YCL024W,YDR170C,0,-0.65843046,0.17175792157649994,0.8886680006980896,0.43135881423950195
YBR287W,YLR321C,0,-0.65844333,0.17172493040561676,0.8886680006980896,0.43145886063575745
YLR391W,YNL092W,0,-0.6584965,0.17169195413589478,0.8886680006980896,0.4315589368343353
YDR512C,YDR405W,0,-0.6587503,0.17165899276733398,0.8886680006980896,0.4316589832305908
YGR161W-B,YBR129C,0,-0.65876675,0.1716260313987732,0.8886680006980896,0.4317590594291687
YBR182C,YMR194W,0,-0.6590397,0.1715930849313736,0.8886680006980896,0.4318591058254242
YMR025W,YJL095W,0,-0.6591717,0.1715601682662964,0.8886680006980896,0.4319591820240021
YER101C,YLR389C,0,-0.65934175,0.17152725160121918,0.8886680006980896,0.43205922842025757
YER103W,YDR444W,0,-0.65961564,0.17149433493614197,0.8886680006980896,0.43215930461883545
YNL284C-A,YGL216W,0,-0.6596497,0.17146144807338715,0.8886680006980896,0.43225935101509094
YLR024C,YGL046W,0,-0.6602043,0.17142857611179352,0.8886680006980896,0.4323594272136688
YGR268C,YIL159W,0,-0.66032225,0.1713957041501999,0.8886680006980896,0.4324594736099243
YGL244W,YLR256W-A,0,-0.66084355,0.17136284708976746,0.8886680006980896,0.4325595498085022
YDL045W-A,YNL080C,0,-0.6610546,0.17133000493049622,0.8886680006980896,0.4326595962047577
YDR378C,YOL104C,0,-0.6611934,0.17129717767238617,0.8886680006980896,0.4327596426010132
YDR371W,YLR285W,0,-0.6613544,0.17126436531543732,0.8886680006980896,0.43285971879959106
YPL139C,YMR179W,0,-0.6613655,0.17123156785964966,0.8886680006980896,0.43295976519584656
YFL001W,YCL017C,1,-0.66180384,0.17139026522636414,0.8896620273590088,0.43295976519584656
YLL029W,YNR035C,0,-0.66181594,0.17135745286941528,0.8896620273590088,0.43305984139442444
YLR452C,YNL122C,0,-0.66189384,0.17132465541362762,0.8896620273590088,0.43315988779067993
YGR179C,YEL062W,0,-0.6621338,0.17129187285900116,0.8896620273590088,0.4332599639892578
YNL284C-A,YLR270W,0,-0.6624278,0.1712590903043747,0.8896620273590088,0.4333600103855133
YHR060W,YAL039C,0,-0.66314125,0.17122632265090942,0.8896620273590088,0.4334600865840912
YKL161C,YGR027C,0,-0.6655334,0.17119356989860535,0.8896620273590088,0.4335601329803467
YGL026C,YLL043W,0,-0.66561633,0.17116083204746246,0.8896620273590088,0.43366020917892456
YDL121C,YDR415C,0,-0.6659421,0.17112810909748077,0.8896620273590088,0.43376025557518005
YPL110C,YKL206C,0,-0.66608053,0.17109538614749908,0.8896620273590088,0.43386030197143555
YOL165C,YDL217C,0,-0.666571,0.17106269299983978,0.8896620273590088,0.4339603781700134
YNL080C,YOR085W,0,-0.6666678,0.17102999985218048,0.8896620273590088,0.4340604245662689
YLR316C,YHR051W,0,-0.6669576,0.17099732160568237,0.8896620273590088,0.4341605007648468
YOL141W,YNR057C,0,-0.6671013,0.17096465826034546,0.8896620273590088,0.4342605471611023
YBR080C,YNR003C,0,-0.6672613,0.17093200981616974,0.8896620273590088,0.4343606233596802
YPR002W,YOL090W,0,-0.6676166,0.1708993762731552,0.8896620273590088,0.43446066975593567
YDR211W,YLL040C,0,-0.6676271,0.17086674273014069,0.8896620273590088,0.43456074595451355
YKL022C,YDR260C,0,-0.6678314,0.17083412408828735,0.8896620273590088,0.43466079235076904
YGR144W,YNL050C,0,-0.6680032,0.17080152034759521,0.8896620273590088,0.4347608685493469
YDR530C,YOL104C,0,-0.668142,0.17076893150806427,0.8896620273590088,0.4348609149456024
YOR310C,YDR444W,0,-0.66832787,0.17073635756969452,0.8896620273590088,0.4349609911441803
YML052W,YGL174W,0,-0.6683453,0.17070379853248596,0.8896620273590088,0.4350610375404358
YFL038C,YPL050C,0,-0.66848934,0.1706712394952774,0.8896620273590088,0.4351610839366913
YOL145C,YEL053C,0,-0.6696323,0.17063871026039124,0.8896620273590088,0.43526116013526917
YMR300C,YLR227W-B,0,-0.6699225,0.17060618102550507,0.8896620273590088,0.43536120653152466
YHR135C,YGL216W,0,-0.67121136,0.1705736666917801,0.8896620273590088,0.43546128273010254
YGR252W,YDR473C,0,-0.67188704,0.17054115235805511,0.8896620273590088,0.43556132912635803
YDR310C,YGR246C,0,-0.67200935,0.17050866782665253,0.8896620273590088,0.4356614053249359
YNL297C,YHR175W,0,-0.6722047,0.17047618329524994,0.8896620273590088,0.4357614517211914
YER008C,YLR209C,0,-0.6722511,0.17044372856616974,0.8896620273590088,0.4358615279197693
YMR039C,YNL219C,0,-0.67254865,0.17041127383708954,0.8896620273590088,0.4359615743160248
YLR105C,YJL004C,0,-0.67265165,0.17037883400917053,0.8896620273590088,0.43606165051460266
YKL175W,YOL004W,0,-0.6728259,0.17034640908241272,0.8896620273590088,0.43616169691085815
YER150W,YGR258C,0,-0.6731718,0.1703139841556549,0.8896620273590088,0.43626174330711365
YGR113W,YMR200W,0,-0.6736035,0.17028158903121948,0.8896620273590088,0.43636181950569153
YGL236C,YLR380W,0,-0.6737062,0.17024919390678406,0.8896620273590088,0.436461865901947
YLR289W,YJL155C,0,-0.673905,0.17021681368350983,0.8896620273590088,0.4365619421005249
YCL018W,YHR079C,0,-0.67428666,0.1701844483613968,0.8896620273590088,0.4366619884967804
YML030W,YOL028C,0,-0.6743111,0.17015209794044495,0.8896620273590088,0.4367620646953583
YOL102C,YFL002W-B,0,-0.67437434,0.1701197475194931,0.8896620273590088,0.43686211109161377
YKL165C,YIL079C,0,-0.67528343,0.17008741199970245,0.8896620273590088,0.43696218729019165
YER138C,YMR033W,0,-0.6754443,0.1700551062822342,0.8896620273590088,0.43706223368644714
YCL074W,YIL142W,0,-0.6755569,0.17002280056476593,0.8896620273590088,0.437162309885025
YOL010W,YIR039C,0,-0.67570454,0.16999050974845886,0.8896620273590088,0.4372623562812805
YOR025W,YGL046W,0,-0.6757709,0.1699582189321518,0.8896620273590088,0.437362402677536
YOR216C,YML039W,0,-0.676133,0.16992595791816711,0.8896620273590088,0.4374624788761139
YJR036C,YPL259C,0,-0.6762701,0.16989369690418243,0.8896620273590088,0.4375625252723694
YLR395C,YDR261C-D,0,-0.67670417,0.16986145079135895,0.8896620273590088,0.43766260147094727
YJL214W,YOR085W,0,-0.6772299,0.16982921957969666,0.8896620273590088,0.43776264786720276
YFR029W,YGR246C,0,-0.6776478,0.16979700326919556,0.8896620273590088,0.43786272406578064
YJL192C,YLR348C,0,-0.67785406,0.16976480185985565,0.8896620273590088,0.43796277046203613
YOR283W,YGL212W,0,-0.6782729,0.16973260045051575,0.8896620273590088,0.438062846660614
YKL093W,YDL054C,0,-0.6790492,0.16970041394233704,0.8896620273590088,0.4381628930568695
YDR261W-A,YCL052C,0,-0.67908734,0.16966824233531952,0.8896620273590088,0.4382629692554474
YDR403W,YIL133C,0,-0.67912424,0.1696360856294632,0.8896620273590088,0.4383630156517029
YPL200W,YDL045W-A,0,-0.67944074,0.16960394382476807,0.8896620273590088,0.43846309185028076
YNR021W,YKR002W,0,-0.67983615,0.16957180202007294,0.8896620273590088,0.43856313824653625
YJL030W,YJR031C,0,-0.68108386,0.1695396900177002,0.8896620273590088,0.43866318464279175
YOR142W-B,YJL071W,0,-0.68117607,0.16950757801532745,0.8896620273590088,0.43876326084136963
YDR451C,YPR043W,0,-0.681216,0.1694754809141159,0.8896620273590088,0.4388633072376251
YFR013W,YBR278W,0,-0.6815958,0.16944339871406555,0.8896620273590088,0.438963383436203
YLR191W,YNL026W,0,-0.6825455,0.1694113165140152,0.8896620273590088,0.4390634298324585
YKR068C,YKL124W,0,-0.6826767,0.16937926411628723,0.8896620273590088,0.4391635060310364
YLL040C,YKR069W,0,-0.682941,0.16934721171855927,0.8896620273590088,0.43926355242729187
YGL172W,YMR283C,1,-0.6831862,0.1695043444633484,0.890656054019928,0.43926355242729187
YGR109W-B,YDR332W,0,-0.68342304,0.16947229206562042,0.890656054019928,0.43936362862586975
YJR149W,YOL158C,0,-0.6834387,0.16944023966789246,0.890656054019928,0.43946367502212524
YDR174W,YKL166C,0,-0.6835957,0.16940820217132568,0.890656054019928,0.4395637512207031
YOL141W,YNL026W,0,-0.68398255,0.1693761795759201,0.890656054019928,0.4396637976169586
YDR164C,YAR031W,0,-0.6842069,0.16934417188167572,0.890656054019928,0.4397638440132141
YPR158C-C,YGR089W,0,-0.6842125,0.16931216418743134,0.890656054019928,0.439863920211792
YOR343W-B,YBR281C,0,-0.6843037,0.16928018629550934,0.890656054019928,0.4399639666080475
YPL064C,YNL284C-A,0,-0.684967,0.16924820840358734,0.890656054019928,0.44006404280662537
YGR251W,YHR214C-B,0,-0.6849958,0.16921624541282654,0.890656054019928,0.44016408920288086
YGL094C,YPL273W,0,-0.68516815,0.16918429732322693,0.890656054019928,0.44026416540145874
YNL008C,YHR164C,0,-0.685204,0.16915234923362732,0.890656054019928,0.44036421179771423
YNR067C,YBR230C,0,-0.6853124,0.1691204160451889,0.890656054019928,0.4404642879962921
YKL096W-A,YIL133C,0,-0.6853196,0.16908851265907288,0.890656054019928,0.4405643343925476
YPR137C-A,YPL083C,0,-0.68534935,0.16905660927295685,0.890656054019928,0.4406644105911255
YKL182W,YBR129C,0,-0.6859375,0.16902470588684082,0.890656054019928,0.440764456987381
YCL024W,YGR134W,0,-0.6866499,0.16899283230304718,0.890656054019928,0.44086453318595886
YDR530C,YDR240C,0,-0.6869062,0.16896095871925354,0.890656054019928,0.44096457958221436
YBR260C,YLR050C,0,-0.6873567,0.1689291149377823,0.890656054019928,0.44106462597846985
YHR030C,YLL002W,0,-0.68747973,0.16889727115631104,0.890656054019928,0.44116470217704773
YKL093W,YER019C-A,0,-0.6878847,0.16886544227600098,0.890656054019928,0.4412647485733032
YNL281W,YLR025W,0,-0.6881679,0.16883361339569092,0.890656054019928,0.4413648247718811
YOL093W,YBR026C,0,-0.6889932,0.16880181431770325,0.890656054019928,0.4414648711681366
YOR142W-A,YFL010W-A,0,-0.6892061,0.16877001523971558,0.890656054019928,0.4415649473667145
YPL131W,YIL020C,0,-0.68932056,0.1687382310628891,0.890656054019928,0.44166499376296997
YEL037C,YBR243C,0,-0.6894617,0.16870646178722382,0.890656054019928,0.44176506996154785
YGR056W,YLR429W,0,-0.6894779,0.16867469251155853,0.890656054019928,0.44186511635780334
YLR401C,YOR393W,0,-0.6896976,0.16864295303821564,0.890656054019928,0.4419651925563812
YDR527W,YCR002C,0,-0.69009364,0.16861121356487274,0.890656054019928,0.4420652389526367
YLR291C,YLR016C,0,-0.69013566,0.16857948899269104,0.890656054019928,0.4421652853488922
YLL029W,YOL141W,0,-0.69067407,0.16854777932167053,0.890656054019928,0.4422653615474701
YDR195W,YNR013C,0,-0.69135743,0.16851608455181122,0.890656054019928,0.4423654079437256
YBR095C,YML052W,0,-0.69165313,0.1684843897819519,0.890656054019928,0.44246548414230347
YLL017W,YDR373W,0,-0.69175303,0.16845270991325378,0.890656054019928,0.44256553053855896
YMR296C,YNR002C,0,-0.69175535,0.16842105984687805,0.890656054019928,0.44266560673713684
YGL158W,YGR171C,0,-0.6918683,0.16838939487934113,0.890656054019928,0.44276565313339233
YPR137C-A,YGL236C,0,-0.6922189,0.1683577597141266,0.890656054019928,0.4428657293319702
YGL244W,YBR173C,0,-0.6925527,0.16832612454891205,0.890656054019928,0.4429657757282257
YDR196C,YLR312W-A,0,-0.6933111,0.1682945191860199,0.890656054019928,0.4430658519268036
YOR142W-A,YGL226C-A,0,-0.69362724,0.16826291382312775,0.890656054019928,0.4431658983230591
YEL037C,YGR258C,0,-0.6939107,0.1682313233613968,0.890656054019928,0.4432659447193146
YHR002W,YMR227C,0,-0.69401586,0.16819973289966583,0.890656054019928,0.44336602091789246
YKL103C,YGL004C,0,-0.6941578,0.16816817224025726,0.890656054019928,0.44346606731414795
YHL012W,YOR142W-A,0,-0.69443303,0.1681366115808487,0.890656054019928,0.44356614351272583
YJL187C,YMR075W,0,-0.69473314,0.16810506582260132,0.890656054019928,0.4436661899089813
YGR056W,YLR386W,0,-0.6956812,0.16807353496551514,0.890656054019928,0.4437662661075592
YHR074W,YKR055W,0,-0.69625914,0.16804200410842896,0.890656054019928,0.4438663125038147
YOR283W,YPL119C,0,-0.6962764,0.16801050305366516,0.890656054019928,0.4439663887023926
YEL030W,YOR294W,0,-0.6964988,0.16797900199890137,0.890656054019928,0.44406643509864807
YGR288W,YGR010W,0,-0.6968014,0.16794751584529877,0.890656054019928,0.44416651129722595
YJL206C,YDL045C,0,-0.697044,0.16791604459285736,0.890656054019928,0.44426655769348145
YBR145W,YJL206C,0,-0.6970653,0.16788457334041595,0.890656054019928,0.4443666338920593
YGR109W-B,YPL007C,0,-0.6971003,0.16785313189029694,0.890656054019928,0.4444666802883148
YMR284W,YGR185C,0,-0.6972034,0.16782169044017792,0.890656054019928,0.4445667266845703
YDR389W,YPL196W,0,-0.6972538,0.1677902638912201,0.890656054019928,0.4446668028831482
YER138C,YGR285C,0,-0.69733036,0.16775885224342346,0.890656054019928,0.4447668492794037
YDR067C,YDL133C-A,0,-0.6974131,0.16772744059562683,0.890656054019928,0.44486692547798157
YNL271C,YBR031W,0,-0.6974696,0.1676960438489914,0.890656054019928,0.44496697187423706
YLR141W,YLL043W,0,-0.6975322,0.16766467690467834,0.890656054019928,0.44506704807281494
YOL141W,YPR152C,0,-0.69765764,0.1676332950592041,0.890656054019928,0.44516709446907043
YKR008W,YCR014C,0,-0.6978026,0.16760194301605225,0.890656054019928,0.4452671706676483
YOR382W,YDL216C,0,-0.6991874,0.16757060587406158,0.890656054019928,0.4453672170639038
YLR113W,YKL061W,0,-0.6992831,0.16753926873207092,0.890656054019928,0.4454672932624817
YHR012W,YLR289W,0,-0.69935197,0.16750794649124146,0.890656054019928,0.4455673396587372
YGL172W,YMR047C,1,-0.69951594,0.1676635444164276,0.8916500806808472,0.4455673396587372
YGL243W,YPL083C,1,-0.69976103,0.1678190976381302,0.8926441073417664,0.4455673396587372
YLL002W,YHL027W,0,-0.70048785,0.16778774559497833,0.8926441073417664,0.4456673860549927
YLR383W,YDL040C,0,-0.7008719,0.16775639355182648,0.8926441073417664,0.44576746225357056
YMR227C,YDR261W-A,0,-0.7010398,0.167725071310997,0.8926441073417664,0.44586750864982605
YLR016C,YGL190C,0,-0.7011851,0.16769374907016754,0.8926441073417664,0.44596758484840393
YLR145W,YLR350W,0,-0.70131546,0.16766244173049927,0.8926441073417664,0.4460676312446594
YGL158W,YLL040C,0,-0.7015503,0.167631134390831,0.8926441073417664,0.4461677074432373
YMR218C,YDR392W,0,-0.7015828,0.1675998568534851,0.8926441073417664,0.4462677538394928
YCR093W,YBR261C,0,-0.7019455,0.16756857931613922,0.8926441073417664,0.4463678300380707
YDR416W,YGL113W,0,-0.7019917,0.16753731667995453,0.8926441073417664,0.44646787643432617
YLR285W,YPL257W-B,0,-0.7020177,0.16750606894493103,0.8926441073417664,0.44656795263290405
YKL110C,YDR463W,1,-0.702355,0.16766132414340973,0.8936381936073303,0.44656795263290405
YFR031C,YER162C,0,-0.70237774,0.16763006150722504,0.8936381936073303,0.44666799902915955
YLL029W,YDR079W,0,-0.7028158,0.16759881377220154,0.8936381936073303,0.4467680752277374
YLR165C,YNL016W,0,-0.7032714,0.16756756603717804,0.8936381936073303,0.4468681216239929
YPR204W,YKR102W,0,-0.7035229,0.16753633320331573,0.8936381936073303,0.4469681680202484
YPL042C,YLR227W-B,0,-0.7035661,0.16750513017177582,0.8936381936073303,0.4470682442188263
YDR383C,YAL033W,0,-0.7055354,0.1674739122390747,0.8936381936073303,0.4471682906150818
YOR168W,YGL113W,0,-0.70554835,0.16744272410869598,0.8936381936073303,0.44726836681365967
YNL284C-A,YGR276C,0,-0.70561445,0.16741155087947845,0.8936381936073303,0.44736841320991516
YNL309W,YKL001C,0,-0.7058006,0.16738037765026093,0.8936381936073303,0.44746848940849304
YAL022C,YPL147W,0,-0.7060784,0.1673492193222046,0.8936381936073303,0.44756853580474854
YDL179W,YLR344W,0,-0.7061901,0.16731807589530945,0.8936381936073303,0.4476686120033264
YDR261C-D,YBR281C,0,-0.70627785,0.1672869324684143,0.8936381936073303,0.4477686583995819
YGR216C,YDR207C,0,-0.706387,0.16725581884384155,0.8936381936073303,0.4478687345981598
YDR144C,YOL155C,0,-0.70663583,0.1672247052192688,0.8936381936073303,0.4479687809944153
YNL231C,YJR028W,0,-0.70688665,0.16719360649585724,0.8936381936073303,0.4480688273906708
YKR057W,YMR025W,0,-0.70716625,0.16716250777244568,0.8936381936073303,0.44816890358924866
YKR103W,YLR141W,0,-0.7071697,0.1671314388513565,0.8936381936073303,0.44826894998550415
YOR071C,YNR002C,0,-0.7079181,0.16710036993026733,0.8936381936073303,0.44836902618408203
YPR158C-C,YLR330W,0,-0.7079299,0.16706931591033936,0.8936381936073303,0.4484690725803375
YPR194C,YMR228W,0,-0.7080294,0.16703827679157257,0.8936381936073303,0.4485691487789154
YOR279C,YKL015W,0,-0.7091814,0.1670072376728058,0.8936381936073303,0.4486691951751709
YKR054C,YOR222W,0,-0.7091863,0.1669762283563614,0.8936381936073303,0.4487692713737488
YMR112C,YDL128W,0,-0.7098245,0.166945219039917,0.8936381936073303,0.4488693177700043
YNL050C,YMR025W,0,-0.71041954,0.1669142246246338,0.8936381936073303,0.44896939396858215
YGL172W,YJR028W,0,-0.71042526,0.16688323020935059,0.8936381936073303,0.44906944036483765
YHR211W,YKR101W,0,-0.71060747,0.16685226559638977,0.8936381936073303,0.4491695165634155
YOR142W-A,YBL079W,0,-0.7106409,0.16682130098342896,0.8936381936073303,0.449269562959671
YDL033C,YML005W,1,-0.710673,0.16697588562965393,0.8946322202682495,0.449269562959671
YMR145C,YMR075W,0,-0.71086025,0.16694490611553192,0.8946322202682495,0.4493696093559265
YPR171W,YCL052C,0,-0.71107095,0.1669139415025711,0.8946322202682495,0.4494696855545044
YNL271C,YIL143C,0,-0.7112361,0.16688299179077148,0.8946322202682495,0.4495697319507599
YGL010W,YOR038C,0,-0.711449,0.16685205698013306,0.8946322202682495,0.44966980814933777
YCL018W,YMR077C,0,-0.7119672,0.16682113707065582,0.8946322202682495,0.44976985454559326
YOL070C,YMR078C,0,-0.7122147,0.1667902171611786,0.8946322202682495,0.44986993074417114
YBR095C,YNR072W,0,-0.71274394,0.16675931215286255,0.8946322202682495,0.44996997714042664
YPR024W,YLR219W,0,-0.71344674,0.1667284220457077,0.8946322202682495,0.4500700533390045
YBR052C,YNR015W,0,-0.7136132,0.16669753193855286,0.8946322202682495,0.45017009973526
YLR103C,YBR026C,0,-0.7139693,0.1666666716337204,0.8946322202682495,0.4502701759338379
YPL002C,YNL175C,0,-0.71411514,0.16663581132888794,0.8946322202682495,0.4503702223300934
YDL107W,YNL202W,0,-0.71435493,0.16660496592521667,0.8946322202682495,0.4504702687263489
YPL244C,YPR125W,0,-0.7143853,0.1665741205215454,0.8946322202682495,0.45057034492492676
YGL180W,YBR182C,0,-0.7147896,0.16654330492019653,0.8946322202682495,0.45067039132118225
YDR240C,YJL079C,0,-0.7149809,0.16651248931884766,0.8946322202682495,0.45077046751976013
YOR142W-A,YBR145W,0,-0.71501017,0.16648168861865997,0.8946322202682495,0.4508705139160156
YNL231C,YBL089W,0,-0.7153331,0.16645090281963348,0.8946322202682495,0.4509705901145935
YGL232W,YGL243W,1,-0.71547586,0.16660502552986145,0.8956262469291687,0.4509705901145935
YJR127C,YJL191W,0,-0.7158123,0.16657422482967377,0.8956262469291687,0.451070636510849
YJL011C,YNL078W,0,-0.7160934,0.16654343903064728,0.8956262469291687,0.4511707127094269
YPR001W,YOR232W,0,-0.71653914,0.1665126532316208,0.8956262469291687,0.4512707591056824
YGL186C,YPL094C,0,-0.7168322,0.1664818972349167,0.8956262469291687,0.45137083530426025
YPR113W,YGL236C,0,-0.7173245,0.16645114123821259,0.8956262469291687,0.45147088170051575
YLR183C,YLL043W,0,-0.7173352,0.16642038524150848,0.8956262469291687,0.45157092809677124
YMR319C,YNL163C,0,-0.7175047,0.16638965904712677,0.8956262469291687,0.4516710042953491
YJL114W,YDR059C,0,-0.71772635,0.16635893285274506,0.8956262469291687,0.4517710506916046
YGR144W,YLL017W,0,-0.7177956,0.16632822155952454,0.8956262469291687,0.4518711268901825
YOR251C,YGL092W,1,-0.71808976,0.1664820909500122,0.8966202735900879,0.4518711268901825
YBR006W,YOR298W,0,-0.7181971,0.1664513796567917,0.8966202735900879,0.451971173286438
YDR210C-C,YBR095C,0,-0.7183869,0.16642066836357117,0.8966202735900879,0.45207124948501587
YAL022C,YBR096W,0,-0.7186121,0.16638997197151184,0.8966202735900879,0.45217129588127136
YDR405W,YNR017W,0,-0.71862835,0.16635927557945251,0.8966202735900879,0.45227137207984924
YGL225W,YKL130C,0,-0.7189201,0.16632859408855438,0.8966202735900879,0.45237141847610474
YGL083W,YBR095C,0,-0.7191794,0.16629794239997864,0.8966202735900879,0.4524714946746826
YDR034C,YER074W,0,-0.7193258,0.1662672758102417,0.8966202735900879,0.4525715410709381
YEL053C,YML045W-A,0,-0.71958804,0.16623663902282715,0.8966202735900879,0.452671617269516
YBR125C,YPL113C,0,-0.71961236,0.1662060022354126,0.8966202735900879,0.4527716636657715
YMR300C,YJR101W,0,-0.71997505,0.16617538034915924,0.8966202735900879,0.452871710062027
YOR071C,YBR183W,0,-0.7203224,0.16614477336406708,0.8966202735900879,0.45297178626060486
YLR141W,YKL094W,0,-0.72048855,0.1661141812801361,0.8966202735900879,0.45307183265686035
YMR089C,YKL180W,0,-0.7207037,0.16608358919620514,0.8966202735900879,0.45317190885543823
YPL244C,YPL050C,0,-0.720929,0.16605301201343536,0.8966202735900879,0.4532719552516937
YMR039C,YLR256W-A,0,-0.72108495,0.16602244973182678,0.8966202735900879,0.4533720314502716
YKL090W,YLL027W,0,-0.72138005,0.1659919023513794,0.8966202735900879,0.4534720778465271
YBR223C,YNL107W,0,-0.7214403,0.165961354970932,0.8966202735900879,0.453572154045105
YOR388C,YOR378W,0,-0.721864,0.165930837392807,0.8966202735900879,0.4536722004413605
YOR355W,YGR276C,0,-0.72208947,0.165900319814682,0.8966202735900879,0.45377227663993835
YKL180W,YPL065W,0,-0.7221048,0.165869802236557,0.8966202735900879,0.45387232303619385
YDR460W,YEL022W,0,-0.722927,0.1658393144607544,0.8966202735900879,0.45397236943244934
YOR388C,YBR243C,0,-0.7231365,0.16580882668495178,0.8966202735900879,0.4540724456310272
YNL202W,YKL095W,0,-0.7232743,0.16577835381031036,0.8966202735900879,0.4541724920272827
YLR425W,YGR118W,0,-0.7238396,0.16574788093566895,0.8966202735900879,0.4542725682258606
YNL026W,YMR273C,0,-0.7238411,0.16571743786334991,0.8966202735900879,0.4543726146221161
YDR373W,YCL052C,0,-0.723968,0.16568699479103088,0.8966202735900879,0.45447269082069397
YBR230C,YKL186C,0,-0.7242328,0.16565656661987305,0.8966202735900879,0.45457273721694946
YLR130C,YKR028W,0,-0.7242402,0.1656261533498764,0.8966202735900879,0.45467281341552734
YOL103W-B,YDR494W,0,-0.7247064,0.16559574007987976,0.8966202735900879,0.45477285981178284
YNL271C,YGR177C,0,-0.7253384,0.1655653417110443,0.8966202735900879,0.4548729360103607
YOL145C,YDR404C,0,-0.725383,0.16553495824337006,0.8966202735900879,0.4549729824066162
YDL246C,YKR068C,0,-0.72605836,0.165504589676857,0.8966202735900879,0.4550730586051941
YFL057C,YFR019W,0,-0.72623116,0.16547422111034393,0.8966202735900879,0.4551731050014496
YDL078C,YFR052W,0,-0.7265022,0.16544386744499207,0.8966202735900879,0.4552731513977051
YER137C-A,YMR087W,0,-0.7266302,0.1654135286808014,0.8966202735900879,0.45537322759628296
YLR256W-A,YNL238W,0,-0.726798,0.1653832048177719,0.8966202735900879,0.45547327399253845
YKL171W,YOL111C,0,-0.7274217,0.16535288095474243,0.8966202735900879,0.45557335019111633
YER098W,YGL236C,0,-0.7274401,0.16532258689403534,0.8966202735900879,0.4556733965873718
YER090W,YDR262W,0,-0.7282629,0.16529227793216705,0.8966202735900879,0.4557734727859497
YKL170W,YDR261W-A,0,-0.7285931,0.16526199877262115,0.8966202735900879,0.4558735191822052
YLR383W,YDR140W,0,-0.7287471,0.16523173451423645,0.8966202735900879,0.4559735953807831
YNL010W,YLR410W-B,0,-0.72893095,0.16520147025585175,0.8966202735900879,0.4560736417770386
YML099C,YLR219W,0,-0.72900814,0.16517122089862823,0.8966202735900879,0.45617371797561646
YKL041W,YLR380W,0,-0.72904587,0.16514097154140472,0.8966202735900879,0.45627376437187195
YGR032W,YPR043W,0,-0.72905886,0.1651107519865036,0.8966202735900879,0.45637381076812744
YFL057C,YER074W,0,-0.7297703,0.16508053243160248,0.8966202735900879,0.4564738869667053
YMR276W,YLR145W,0,-0.73018956,0.16505031287670135,0.8966202735900879,0.4565739333629608
YER137C-A,YPL011C,0,-0.73023486,0.16502012312412262,0.8966202735900879,0.4566740095615387
YJL117W,YOR123C,0,-0.7303823,0.16498993337154388,0.8966202735900879,0.4567740559577942
YJR070C,YNR013C,0,-0.73047125,0.16495975852012634,0.8966202735900879,0.45687413215637207
YNR015W,YNL078W,0,-0.7309597,0.16492959856987,0.8966202735900879,0.45697417855262756
YKR036C,YDL054C,0,-0.73102045,0.16489945352077484,0.8966202735900879,0.45707425475120544
YLR209C,YDL045C,0,-0.73107976,0.1648693084716797,0.8966202735900879,0.45717430114746094
YKR054C,YGR010W,0,-0.73153245,0.16483917832374573,0.8966202735900879,0.4572743773460388
YDL045W-A,YHR039C-A,0,-0.7321824,0.16480906307697296,0.8966202735900879,0.4573744237422943
YER055C,YOR138C,0,-0.73243916,0.1647789478302002,0.8966202735900879,0.4574744701385498
YOR142W-B,YLR153C,0,-0.7326731,0.16474886238574982,0.8966202735900879,0.4575745463371277
YIR025W,YNL238W,0,-0.73292375,0.16471877694129944,0.8966202735900879,0.4576745927333832
YMR023C,YKR079C,1,-0.73317057,0.16487127542495728,0.8976143002510071,0.4576745927333832
YPL151C,YGL071W,0,-0.73324776,0.1648411899805069,0.8976143002510071,0.45777466893196106
YDR512C,YGR175C,0,-0.73332,0.16481108963489532,0.8976143002510071,0.45787471532821655
YMR227C,YLR227W-B,0,-0.73335946,0.16478101909160614,0.8976143002510071,0.45797479152679443
YPL183W-A,YDR261W-A,0,-0.73344815,0.16475096344947815,0.8976143002510071,0.4580748379230499
YPL002C,YNR060W,0,-0.73368347,0.16472090780735016,0.8976143002510071,0.4581749141216278
YNL223W,YOL158C,0,-0.7337293,0.16469086706638336,0.8976143002510071,0.4582749605178833
YMR218C,YDR140W,0,-0.7337571,0.16466082632541656,0.8976143002510071,0.4583750367164612
YOL090W,YDR138W,0,-0.73418564,0.16463081538677216,0.8976143002510071,0.4584750831127167
YOR378W,YEL053C,0,-0.73425925,0.16460080444812775,0.8976143002510071,0.45857515931129456
YNR031C,YDR211W,0,-0.7342597,0.16457080841064453,0.8976143002510071,0.45867520570755005
YAR002C-A,YJL085W,0,-0.7347462,0.16454081237316132,0.8976143002510071,0.45877525210380554
YCR014C,YMR227C,0,-0.7352686,0.1645108461380005,0.8976143002510071,0.4588753283023834
YPL083C,YFL045C,0,-0.73535454,0.16448087990283966,0.8976143002510071,0.4589753746986389
YKR103W,YNL080C,0,-0.7353836,0.16445091366767883,0.8976143002510071,0.4590754508972168
YER138C,YKL186C,0,-0.73673415,0.1644209772348404,0.8976143002510071,0.4591754972934723
YPR167C,YOR310C,0,-0.7383849,0.16439104080200195,0.8976143002510071,0.45927557349205017
YOL103W-B,YPL167C,0,-0.73896444,0.1643611192703247,0.8976143002510071,0.45937561988830566
YJL187C,YBL076C,0,-0.7396803,0.16433121263980865,0.8976143002510071,0.45947569608688354
YLR256W-A,YGR276C,0,-0.74030757,0.1643013060092926,0.8976143002510071,0.45957574248313904
YOL145C,YDL055C,0,-0.74045426,0.16427141427993774,0.8976143002510071,0.4596758186817169
YIL035C,YGL163C,0,-0.7405971,0.16424153745174408,0.8976143002510071,0.4597758650779724
YJL191W,YPL078C,0,-0.7410828,0.1642116755247116,0.8976143002510071,0.4598759114742279
YDR371W,YMR077C,0,-0.7410947,0.16418181359767914,0.8976143002510071,0.4599759876728058
YJR119C,YDR218C,0,-0.74137866,0.16415196657180786,0.8976143002510071,0.4600760340690613
YDL179W,YHR175W,0,-0.7414011,0.16412213444709778,0.8976143002510071,0.46017611026763916
YDR146C,YJL191W,0,-0.74184495,0.1640923172235489,0.8976143002510071,0.46027615666389465
YDR512C,YDR454C,0,-0.7420062,0.1640625,0.8976143002510071,0.46037623286247253
YPR035W,YMR176W,0,-0.74229556,0.1640326976776123,0.8976143002510071,0.460476279258728
YJR004C,YMR061W,0,-0.74261546,0.1640029102563858,0.8976143002510071,0.4605763554573059
YMR200W,YML056C,0,-0.7428459,0.1639731228351593,0.8976143002510071,0.4606764018535614
YOR159C,YNL006W,0,-0.74344695,0.163943350315094,0.8976143002510071,0.4607764780521393
YGL183C,YLR164W,0,-0.7439555,0.16391359269618988,0.8976143002510071,0.4608765244483948
YPL259C,YER087C-B,0,-0.74471486,0.16388384997844696,0.8976143002510071,0.46097660064697266
YMR078C,YBL113C,0,-0.74480116,0.16385410726070404,0.8976143002510071,0.46107664704322815
YBR260C,YNL052W,0,-0.74493647,0.16382437944412231,0.8976143002510071,0.46117669343948364
YLR183C,YGR143W,0,-0.7453387,0.16379466652870178,0.8976143002510071,0.4612767696380615
YJL114W,YDL107W,0,-0.7456316,0.16376496851444244,0.8976143002510071,0.461376816034317
YNL117W,YGR112W,0,-0.74571776,0.1637352705001831,0.8976143002510071,0.4614768922328949
YCL018W,YGL241W,0,-0.74656594,0.16370558738708496,0.8976143002510071,0.4615769386291504
YJR032W,YLL043W,0,-0.74658453,0.16367590427398682,0.8976143002510071,0.46167701482772827
YFL001W,YKR069W,0,-0.7466537,0.16364625096321106,0.8976143002510071,0.46177706122398376
YJL225C,YNL307C,0,-0.74675107,0.1636165976524353,0.8976143002510071,0.46187713742256165
YCL025C,YMR270C,0,-0.7468234,0.16358695924282074,0.8976143002510071,0.46197718381881714
YKR069W,YIL047C,0,-0.7469384,0.16355732083320618,0.8976143002510071,0.462077260017395
YPR133W-A,YIL048W,0,-0.7469747,0.163527712225914,0.8976143002510071,0.4621773064136505
YMR032W,YPL098C,0,-0.74710125,0.16349810361862183,0.8976143002510071,0.462277352809906
YMR077C,YJL192C,0,-0.74717784,0.16346849501132965,0.8976143002510071,0.4623774290084839
YPL007C,YLR164W,0,-0.7483573,0.16343891620635986,0.8976143002510071,0.4624774754047394
YML032C,YNR072W,0,-0.74855995,0.16340933740139008,0.8976143002510071,0.46257755160331726
YLR191W,YDR174W,0,-0.749356,0.16337977349758148,0.8976143002510071,0.46267759799957275
YHR179W,YDR518W,0,-0.749661,0.16335022449493408,0.8976143002510071,0.46277767419815063
YDR296W,YJR112W,0,-0.7497338,0.16332067549228668,0.8976143002510071,0.46287772059440613
YDL133C-A,YIL132C,0,-0.750297,0.16329114139080048,0.8976143002510071,0.462977796792984
YDL171C,YHL027W,0,-0.7508867,0.16326162219047546,0.8976143002510071,0.4630778431892395
YLR103C,YNR035C,0,-0.7510096,0.16323210299015045,0.8976143002510071,0.4631779193878174
YKL170W,YOR142W-A,0,-0.75117064,0.16320259869098663,0.8976143002510071,0.4632779657840729
YKL217W,YHR132C,0,-0.75146306,0.163173109292984,0.8976143002510071,0.46337801218032837
YKR071C,YOR038C,0,-0.75160706,0.16314363479614258,0.8976143002510071,0.46347808837890625
YNL153C,YLR295C,0,-0.75186014,0.16311416029930115,0.8976143002510071,0.46357813477516174
YHR164C,YER171W,0,-0.7521573,0.1630847007036209,0.8976143002510071,0.4636782109737396
YDR405W,YJR112W,0,-0.75237036,0.16305525600910187,0.8976143002510071,0.4637782573699951
YFR031C,YGR112W,0,-0.7525846,0.16302581131458282,0.8976143002510071,0.463878333568573
YHR164C,YLR344W,0,-0.7525878,0.16299639642238617,0.8976143002510071,0.4639783799648285
YDR138W,YFR036W,0,-0.7531611,0.16296696662902832,0.8976143002510071,0.46407845616340637
YNL239W,YER002W,0,-0.75331,0.16293756663799286,0.8976143002510071,0.46417850255966187
YKL206C,YDL128W,0,-0.75380117,0.1629081666469574,0.8976143002510071,0.46427857875823975
YDR512C,YOR142W-A,0,-0.7538826,0.16287878155708313,0.8976143002510071,0.46437862515449524
YGL259W,YOR085W,0,-0.7540548,0.16284941136837006,0.8976143002510071,0.4644787013530731
YER125W,YDR109C,0,-0.7540983,0.16282005608081818,0.8976143002510071,0.4645787477493286
YMR039C,YER125W,0,-0.754131,0.1627907007932663,0.8976143002510071,0.4646787941455841
YDL140C,YJR040W,0,-0.75460577,0.1627613604068756,0.8976143002510071,0.464778870344162
YLR410W-A,YJR053W,0,-0.7548181,0.16273202002048492,0.8976143002510071,0.4648789167404175
YDR205W,YKR035W-A,0,-0.75492054,0.16270270943641663,0.8976143002510071,0.46497899293899536
YDR518W,YEL070W,0,-0.75493944,0.16267339885234833,0.8976143002510071,0.46507903933525085
YLR203C,YDL197C,0,-0.7551166,0.16264408826828003,0.8976143002510071,0.46517911553382874
YDL246C,YCR011C,0,-0.75520635,0.16261480748653412,0.8976143002510071,0.46527916193008423
YCR014C,YNL219C,0,-0.75555646,0.1625855267047882,0.8976143002510071,0.4653792381286621
YDR174W,YAL038W,0,-0.75558287,0.1625562608242035,0.8976143002510071,0.4654792845249176
YOR142W-A,YKL124W,0,-0.75565815,0.16252699494361877,0.8976143002510071,0.4655793607234955
YIL088C,YML036W,0,-0.7558438,0.16249774396419525,0.8976143002510071,0.465679407119751
YGR171C,YKL022C,0,-0.7561065,0.16246850788593292,0.8976143002510071,0.46577945351600647
YDR414C,YBL079W,0,-0.75629383,0.1624392867088318,0.8976143002510071,0.46587952971458435
YMR276W,YNL095C,0,-0.7565365,0.16241006553173065,0.8976143002510071,0.46597957611083984
YPL127C,YGR145W,0,-0.7566209,0.1623808741569519,0.8976143002510071,0.4660796523094177
YJR028W,YGR179C,0,-0.757094,0.16235166788101196,0.8976143002510071,0.4661796987056732
YIL134W,YDR453C,0,-0.7574167,0.1623224914073944,0.8976143002510071,0.4662797749042511
YDL171C,YDL015C,0,-0.757627,0.16229331493377686,0.8976143002510071,0.4663798213005066
YAL054C,YLR025W,0,-0.7576613,0.1622641533613205,0.8976143002510071,0.4664798974990845
YLR163C,YCL052C,0,-0.7577836,0.16223499178886414,0.8976143002510071,0.46657994389533997
YOR159C,YGR020C,0,-0.7577894,0.16220586001873016,0.8976143002510071,0.46668002009391785
YBR223C,YBL028C,0,-0.7579102,0.1621767282485962,0.8976143002510071,0.46678006649017334
YKL020C,YDR164C,0,-0.7584387,0.16214759647846222,0.8976143002510071,0.4668801426887512
YKL175W,YOR194C,0,-0.7587789,0.16211849451065063,0.8976143002510071,0.4669801890850067
YNL010W,YEL053C,0,-0.7593564,0.16208939254283905,0.8976143002510071,0.4670802354812622
YJL060W,YHR156C,0,-0.7595285,0.16206030547618866,0.8976143002510071,0.4671803116798401
YBR020W,YKL117W,0,-0.7595685,0.16203121840953827,0.8976143002510071,0.4672803580760956
YJL124C,YOR204W,0,-0.7596366,0.16200214624404907,0.8976143002510071,0.46738043427467346
YKL103C,YGR167W,0,-0.75973725,0.16197308897972107,0.8976143002510071,0.46748048067092896
YMR238W,YJL213W,0,-0.75974464,0.16194404661655426,0.8976143002510071,0.46758055686950684
YJL081C,YGR089W,0,-0.76025593,0.16191500425338745,0.8976143002510071,0.46768060326576233
YBR275C,YGL241W,0,-0.7603586,0.16188597679138184,0.8976143002510071,0.4677806794643402
YLR005W,YLR163C,0,-0.76054204,0.16185696423053741,0.8976143002510071,0.4678807258605957
YHR029C,YDR332W,0,-0.7607164,0.161827951669693,0.8976143002510071,0.4679808020591736
YJR021C,YDR151C,0,-0.7611952,0.16179895401000977,0.8976143002510071,0.4680808484554291
YPR158C-C,YCL024W,0,-0.7611953,0.16176997125148773,0.8976143002510071,0.46818089485168457
YPL223C,YDR457W,0,-0.76120347,0.1617410033941269,0.8976143002510071,0.46828097105026245
YOR071C,YBR282W,0,-0.76145947,0.16171203553676605,0.8976143002510071,0.46838101744651794
YLR256W-A,YCR026C,0,-0.76149154,0.1616830825805664,0.8976143002510071,0.4684810936450958
YDL245C,YLR050C,0,-0.76267415,0.16165412962436676,0.8976143002510071,0.4685811400413513
YLR009W,YDL035C,0,-0.7646538,0.1616252064704895,0.8976143002510071,0.4686812162399292
YHR012W,YLR130C,0,-0.76465917,0.16159628331661224,0.8976143002510071,0.4687812626361847
YML052W,YJL214W,0,-0.76471007,0.16156736016273499,0.8976143002510071,0.4688813388347626
YOR168W,YDR261W-A,0,-0.7647244,0.16153846681118011,0.8976143002510071,0.46898138523101807
YGL083W,YER138C,0,-0.76484275,0.16150957345962524,0.8976143002510071,0.46908146142959595
YHR041C,YLR163C,0,-0.76534474,0.16148068010807037,0.8976143002510071,0.46918150782585144
YLR141W,YJR028W,0,-0.7655476,0.1614518165588379,0.8976143002510071,0.46928155422210693
YIL088C,YBL085W,0,-0.7660831,0.1614229530096054,0.8976143002510071,0.4693816304206848
YHR164C,YLR227W-B,0,-0.7664329,0.16139410436153412,0.8976143002510071,0.4694816768169403
YDR196C,YMR308C,0,-0.7664832,0.16136525571346283,0.8976143002510071,0.4695817530155182
YDR083W,YGR143W,0,-0.7665186,0.16133643686771393,0.8976143002510071,0.4696817994117737
YER154W,YDR062W,0,-0.76690876,0.16130760312080383,0.8976143002510071,0.46978187561035156
YLR209C,YNR015W,0,-0.76697254,0.16127879917621613,0.8976143002510071,0.46988192200660706
YLR227W-B,YJR103W,0,-0.7670096,0.16124999523162842,0.8976143002510071,0.46998199820518494
YBL089W,YGR185C,0,-0.76769376,0.1612212061882019,0.8976143002510071,0.47008204460144043
YMR180C,YJR140C,0,-0.7677499,0.16119243204593658,0.8976143002510071,0.4701821208000183
YIL021W,YPR198W,0,-0.76805866,0.16116365790367126,0.8976143002510071,0.4702821671962738
YIL061C,YPL257W-B,0,-0.7680857,0.16113489866256714,0.8976143002510071,0.4703822433948517
YIL020C,YOR275C,0,-0.7681292,0.1611061543226242,0.8976143002510071,0.4704822897911072
YOR074C,YCR014C,0,-0.7686392,0.16107740998268127,0.8976143002510071,0.47058233618736267
YOR343W-B,YLR344W,0,-0.76866066,0.16104869544506073,0.8976143002510071,0.47068241238594055
YLR410W-A,YLR016C,0,-0.76874906,0.161019966006279,0.8976143002510071,0.47078245878219604
YBL112C,YLR033W,0,-0.7689874,0.16099126636981964,0.8976143002510071,0.4708825349807739
YOR142W-B,YPL083C,0,-0.7690946,0.1609625667333603,0.8976143002510071,0.4709825813770294
YLR285W,YJR083C,0,-0.76944906,0.16093388199806213,0.8976143002510071,0.4710826575756073
YGR258C,YGL212W,0,-0.76966006,0.16090519726276398,0.8976143002510071,0.4711827039718628
YNL163C,YOL136C,0,-0.77018374,0.1608765423297882,0.8976143002510071,0.4712827801704407
YLR383W,YKR028W,0,-0.7702264,0.16084788739681244,0.8976143002510071,0.47138282656669617
YML097C,YKL180W,0,-0.77026933,0.16081923246383667,0.8976143002510071,0.47148290276527405
YFL057C,YIL006W,0,-0.7703078,0.1607905924320221,0.8976143002510071,0.47158294916152954
YBR170C,YKL015W,0,-0.770336,0.1607619673013687,0.8976143002510071,0.47168299555778503
YDR261C-D,YJL117W,0,-0.77037776,0.16073335707187653,0.8976143002510071,0.4717830717563629
YKR019C,YML045W-A,0,-0.7703798,0.16070474684238434,0.8976143002510071,0.4718831181526184
YGL158W,YDR174W,0,-0.77159536,0.16067615151405334,0.8976143002510071,0.4719831943511963
YKL119C,YPL180W,0,-0.77174294,0.16064757108688354,0.8976143002510071,0.4720832407474518
YOR159C,YPR200C,0,-0.7717856,0.16061899065971375,0.8976143002510071,0.47218331694602966
YHR179W,YHR109W,0,-0.7718855,0.16059042513370514,0.8976143002510071,0.47228336334228516
YOR279C,YEL030W,0,-0.7720865,0.16056187450885773,0.8976143002510071,0.47238343954086304
YGR161W-B,YGR179C,0,-0.7722229,0.1605333387851715,0.8976143002510071,0.47248348593711853
YOL103W-B,YOR180C,0,-0.7723695,0.1605048030614853,0.8976143002510071,0.4725835621356964
YLR440C,YLR256W-A,0,-0.7724365,0.16047628223896027,0.8976143002510071,0.4726836085319519
YGR143W,YBR243C,0,-0.7725047,0.16044776141643524,0.8976143002510071,0.4727836847305298
YCL024W,YOR215C,0,-0.77317077,0.1604192554950714,0.8976143002510071,0.4728837311267853
YDR082W,YDL198C,0,-0.7732417,0.16039076447486877,0.8976143002510071,0.47298377752304077
YNR074C,YGR095C,0,-0.77333766,0.16036227345466614,0.8976143002510071,0.47308385372161865
YKL126W,YLR157C,0,-0.7737126,0.1603338122367859,0.8976143002510071,0.47318390011787415
YBL052C,YDR261W-A,0,-0.77378225,0.16030533611774445,0.8976143002510071,0.473283976316452
YGL062W,YPL223C,0,-0.77381676,0.1602768898010254,0.8976143002510071,0.4733840227127075
YIL061C,YNL284C-A,0,-0.774127,0.16024844348430634,0.8976143002510071,0.4734840989112854
YDR419W,YAL039C,0,-0.7747904,0.16022001206874847,0.8976143002510071,0.4735841453075409
YPL104W,YOL104C,0,-0.77479076,0.1601915955543518,0.8976143002510071,0.4736842215061188
YDR457W,YPL082C,0,-0.7748232,0.16016317903995514,0.8976143002510071,0.47378426790237427
YDR064W,YDR260C,0,-0.776439,0.16013477742671967,0.8976143002510071,0.47388434410095215
YDR205W,YKR028W,0,-0.77685213,0.1601063758134842,0.8976143002510071,0.47398439049720764
YLR244C,YLR264W,0,-0.7772851,0.1600780040025711,0.8976143002510071,0.47408443689346313
YPL083C,YNL121C,0,-0.7774503,0.16004963219165802,0.8976143002510071,0.474184513092041
YDR067C,YJR010W,0,-0.77792084,0.16002126038074493,0.8976143002510071,0.4742845594882965
YCL004W,YDR226W,0,-0.7779232,0.15999291837215424,0.8976143002510071,0.4743846356868744
YDL059C,YGR077C,0,-0.77940565,0.15996457636356354,0.8976143002510071,0.4744846820831299
YBL041W,YJR112W,0,-0.7794321,0.15993623435497284,0.8976143002510071,0.47458475828170776
YDR383C,YLR020C,0,-0.7795476,0.15990792214870453,0.8976143002510071,0.47468480467796326
YER154W,YDL215C,0,-0.77980113,0.15987960994243622,0.8976143002510071,0.47478488087654114
YGR144W,YJR107W,0,-0.78059685,0.1598512977361679,0.8976143002510071,0.47488492727279663
YGL158W,YLR050C,0,-0.78190637,0.15982301533222198,0.8976143002510071,0.4749850034713745
YER137C-A,YOL054W,0,-0.7820672,0.15979473292827606,0.8976143002510071,0.47508504986763
YKL009W,YNL070W,0,-0.7824595,0.15976645052433014,0.8976143002510071,0.4751850962638855
YLR191W,YOL108C,0,-0.78292453,0.1597381979227066,0.8976143002510071,0.4752851724624634
YLR129W,YDL021W,0,-0.7831851,0.15970994532108307,0.8976143002510071,0.47538521885871887
YNL070W,YCR052W,0,-0.7833065,0.15968169271945953,0.8976143002510071,0.47548529505729675
YNL298W,YLR088W,0,-0.78364944,0.1596534699201584,0.8976143002510071,0.47558534145355225
YEL036C,YHR079C,0,-0.78396434,0.15962524712085724,0.8976143002510071,0.4756854176521301
YHL012W,YLL019C,0,-0.78447765,0.1595970243215561,0.8976143002510071,0.4757854640483856
YGL014W,YPL099C,0,-0.7855212,0.15956883132457733,0.8976143002510071,0.4758855402469635
YMR013C,YER074W,0,-0.78566694,0.15954063832759857,0.8976143002510071,0.475985586643219
YHR030C,YIL170W,0,-0.7858677,0.159512460231781,0.8976143002510071,0.4760856628417969
YPR194C,YGR251W,0,-0.7859819,0.15948428213596344,0.8976143002510071,0.47618570923805237
YBR002C,YBR294W,0,-0.786595,0.15945611894130707,0.8976143002510071,0.47628578543663025
YHR074W,YHR005C-A,0,-0.78673226,0.1594279706478119,0.8976143002510071,0.47638583183288574
YKL117W,YKL022C,0,-0.7870232,0.1593998223543167,0.8976143002510071,0.47648587822914124
YNL292W,YPR047W,1,-0.7878095,0.15954817831516266,0.8986083269119263,0.47648587822914124
YHR109W,YDR062W,0,-0.7879265,0.15952003002166748,0.8986083269119263,0.4765859544277191
YIL080W,YJL095W,0,-0.7881528,0.1594918817281723,0.8986083269119263,0.4766860008239746
YJR119C,YJL191W,0,-0.78883696,0.15946374833583832,0.8986083269119263,0.4767860770225525
YDR530C,YNL073W,0,-0.7888789,0.15943562984466553,0.8986083269119263,0.476886123418808
YHR070W,YCL017C,1,-0.7889838,0.15958385169506073,0.8996024131774902,0.476886123418808
YPR204W,YAL029C,0,-0.7892885,0.15955571830272675,0.8996024131774902,0.47698619961738586
YOR145C,YPL257W-B,0,-0.789327,0.15952758491039276,0.8996024131774902,0.47708624601364136
YNL223W,YHR041C,0,-0.78938496,0.15949946641921997,0.8996024131774902,0.47718632221221924
YOR176W,YMR295C,0,-0.789412,0.15947136282920837,0.8996024131774902,0.47728636860847473
YGR252W,YDR210C-C,0,-0.7894932,0.15944327414035797,0.8996024131774902,0.4773864448070526
YHL012W,YPL147W,0,-0.78964067,0.15941518545150757,0.8996024131774902,0.4774864912033081
YGL158W,YGL236C,0,-0.7898322,0.15938711166381836,0.8996024131774902,0.4775865375995636
YGR288W,YHR179W,0,-0.7898675,0.15935903787612915,0.8996024131774902,0.4776866137981415
YOR194C,YIL177C,0,-0.79011,0.15933097898960114,0.8996024131774902,0.477786660194397
YKL090W,YPL259C,0,-0.790305,0.15930293500423431,0.8996024131774902,0.47788673639297485
YPR204W,YPL083C,0,-0.7912344,0.1592749059200287,0.8996024131774902,0.47798678278923035
YOR304W,YGR268C,0,-0.7916386,0.15924687683582306,0.8996024131774902,0.4780868589878082
YDL078C,YMR087W,0,-0.79168105,0.15921886265277863,0.8996024131774902,0.4781869053840637
YPR144C,YGR112W,0,-0.7920463,0.1591908484697342,0.8996024131774902,0.4782869815826416
YGR105W,YCL052C,0,-0.79218924,0.15916284918785095,0.8996024131774902,0.4783870279788971
YBR081C,YNL044W,0,-0.7922611,0.1591348648071289,0.8996024131774902,0.478487104177475
YKR019C,YPR200C,0,-0.7923811,0.15910689532756805,0.8996024131774902,0.47858715057373047
YHR062C,YOR251C,1,-0.7924216,0.15925469994544983,0.9005964398384094,0.47858715057373047
YBR278W,YOR279C,0,-0.7925521,0.15922671556472778,0.9005964398384094,0.47868722677230835
YNL230C,YNL175C,0,-0.7926438,0.15919873118400574,0.9005964398384094,0.47878727316856384
YMR159C,YGL113W,0,-0.79265064,0.15917076170444489,0.9005964398384094,0.47888731956481934
YCR057C,YMR090W,0,-0.7926923,0.15914280712604523,0.9005964398384094,0.4789873957633972
YNL284C-A,YER046W,0,-0.7927754,0.15911485254764557,0.9005964398384094,0.4790874421596527
YML049C,YGR084C,0,-0.7930019,0.1590869128704071,0.9005964398384094,0.4791875183582306
YNL107W,YMR228W,0,-0.79305184,0.15905898809432983,0.9005964398384094,0.4792875647544861
YKL210W,YKL095W,0,-0.7932973,0.15903106331825256,0.9005964398384094,0.47938764095306396
YLR401C,YML052W,0,-0.79359967,0.1590031534433365,0.9005964398384094,0.47948768734931946
YHR082C,YNL219C,0,-0.79392433,0.1589752584695816,0.9005964398384094,0.47958776354789734
YOL129W,YDR210C-C,0,-0.79404545,0.15894736349582672,0.9005964398384094,0.47968780994415283
YNL032W,YMR180C,0,-0.7941369,0.15891948342323303,0.9005964398384094,0.4797878861427307
YDR254W,YGL113W,0,-0.79419464,0.15889161825180054,0.9005964398384094,0.4798879325389862
YPR137C-A,YJL187C,0,-0.7948712,0.15886375308036804,0.9005964398384094,0.4799879789352417
YPR001W,YKL095W,0,-0.79508424,0.15883590281009674,0.9005964398384094,0.4800880551338196
YLR028C,YPL183W-A,0,-0.7953141,0.15880806744098663,0.9005964398384094,0.4801881015300751
YLR029C,YOR194C,0,-0.79535496,0.15878023207187653,0.9005964398384094,0.48028817772865295
YLR228C,YMR267W,0,-0.7956583,0.1587524116039276,0.9005964398384094,0.48038822412490845
YOR298W,YGL004C,0,-0.7957649,0.1587245911359787,0.9005964398384094,0.48048830032348633
YJL225C,YNL290W,0,-0.7961721,0.15869680047035217,0.9005964398384094,0.4805883467197418
YJR078W,YKL165C,0,-0.79645133,0.15866899490356445,0.9005964398384094,0.4806884229183197
YGR077C,YPR198W,0,-0.7965087,0.15864121913909912,0.9005964398384094,0.4807884693145752
YML073C,YGL169W,0,-0.79695797,0.1586134433746338,0.9005964398384094,0.4808885455131531
YOR074C,YNL219C,0,-0.79708326,0.15858568251132965,0.9005964398384094,0.48098859190940857
YJL192C,YOR089C,0,-0.79771394,0.1585579216480255,0.9005964398384094,0.48108863830566406
YBR192W,YLR088W,0,-0.79821867,0.15853019058704376,0.9005964398384094,0.48118871450424194
YMR241W,YDR137W,0,-0.7985769,0.15850244462490082,0.9005964398384094,0.48128876090049744
YJR112W,YOR162C,0,-0.7986833,0.15847472846508026,0.9005964398384094,0.4813888370990753
YPL042C,YGL233W,0,-0.7988615,0.1584470123052597,0.9005964398384094,0.4814888834953308
YLL002W,YGL183C,0,-0.7992577,0.15841931104660034,0.9005964398384094,0.4815889596939087
YGR251W,YDL015C,0,-0.7999769,0.15839160978794098,0.9005964398384094,0.4816890060901642
YDR261C-D,YPR091C,0,-0.80048263,0.1583639234304428,0.9005964398384094,0.48178908228874207
YER013W,YLR227W-B,0,-0.8006743,0.15833625197410583,0.9005964398384094,0.48188912868499756
YLR386W,YML052W,0,-0.8008098,0.15830858051776886,0.9005964398384094,0.48198920488357544
YCL074W,YDR454C,0,-0.80083007,0.15828092396259308,0.9005964398384094,0.48208925127983093
YPL094C,YJL214W,0,-0.80107975,0.1582532823085785,0.9005964398384094,0.4821893274784088
YOR106W,YDR067C,0,-0.80125916,0.1582256406545639,0.9005964398384094,0.4822893738746643
YBR022W,YDR378C,1,-0.801401,0.15837262570858002,0.9015904664993286,0.4822893738746643
YOL082W,YCR057C,0,-0.8021175,0.15834496915340424,0.9015904664993286,0.4823894202709198
YCL018W,YLR410W-B,0,-0.8023857,0.15831732749938965,0.9015904664993286,0.4824894964694977
YBR081C,YGL183C,0,-0.80245495,0.15828970074653625,0.9015904664993286,0.4825895428657532
YJR070C,YLR251W,0,-0.80264056,0.15826208889484406,0.9015904664993286,0.48268961906433105
YDR261C-D,YJL095W,0,-0.80301714,0.15823447704315186,0.9015904664993286,0.48278966546058655
YNL239W,YBR061C,0,-0.8034025,0.15820686519145966,0.9015904664993286,0.48288974165916443
YIL088C,YCL018W,0,-0.80372494,0.15817928314208984,0.9015904664993286,0.4829897880554199
YDR454C,YLR228C,0,-0.80373186,0.15815170109272003,0.9015904664993286,0.4830898642539978
YDR140W,YCR046C,0,-0.80416834,0.1581241339445114,0.9015904664993286,0.4831899106502533
YNL032W,YGL103W,0,-0.8043935,0.1580965667963028,0.9015904664993286,0.4832899868488312
YFR021W,YGR238C,0,-0.80454177,0.15806901454925537,0.9015904664993286,0.48339003324508667
YOR142W-B,YBR080C,0,-0.804881,0.15804147720336914,0.9015904664993286,0.48349007964134216
YNL231C,YIL047C,0,-0.8051242,0.1580139398574829,0.9015904664993286,0.48359015583992004
YFL038C,YNR015W,0,-0.80602,0.15798641741275787,0.9015904664993286,0.48369020223617554
YLL051C,YBR128C,0,-0.80615985,0.15795889496803284,0.9015904664993286,0.4837902784347534
YOR126C,YDR164C,0,-0.8062356,0.157931387424469,0.9015904664993286,0.4838903248310089
YER154W,YIL170W,0,-0.80658174,0.15790389478206635,0.9015904664993286,0.4839904010295868
YOR388C,YDR260C,0,-0.80663,0.1578764170408249,0.9015904664993286,0.4840904474258423
YPL027W,YGL163C,0,-0.8066524,0.15784893929958344,0.9015904664993286,0.48419052362442017
YNL307C,YPR138C,0,-0.8087559,0.15782147645950317,0.9015904664993286,0.48429057002067566
YGR036C,YKL094W,0,-0.809338,0.1577940136194229,0.9015904664993286,0.48439064621925354
YPL147W,YNL026W,0,-0.8095366,0.15776656568050385,0.9015904664993286,0.48449069261550903
YER101C,YOR232W,0,-0.8105874,0.15773913264274597,0.9015904664993286,0.4845907688140869
YIR018W,YBR129C,0,-0.8107598,0.1577116996049881,0.9015904664993286,0.4846908152103424
YEL022W,YBR222C,0,-0.810961,0.15768428146839142,0.9015904664993286,0.4847908616065979
YBR095C,YOL062C,0,-0.811093,0.15765687823295593,0.9015904664993286,0.4848909378051758
YCL074W,YOL101C,0,-0.81157863,0.15762947499752045,0.9015904664993286,0.4849909842014313
YPR137C-A,YMR117C,0,-0.81197387,0.15760208666324615,0.9015904664993286,0.48509106040000916
YBL079W,YER104W,0,-0.8126009,0.15757469832897186,0.9015904664993286,0.48519110679626465
YPR189W,YIL159W,0,-0.8126956,0.15754733979701996,0.9015904664993286,0.48529118299484253
YOR323C,YDR137W,0,-0.81273365,0.15751996636390686,0.9015904664993286,0.485391229391098
YOR142W-A,YER162C,0,-0.81280303,0.15749262273311615,0.9015904664993286,0.4854913055896759
YDR383C,YPR163C,0,-0.81290376,0.15746527910232544,0.9015904664993286,0.4855913519859314
YHR006W,YER146W,1,-0.81342185,0.15761151909828186,0.9025844931602478,0.4855913519859314
YGL162W,YKR101W,0,-0.81351763,0.15758417546749115,0.9025844931602478,0.4856914281845093
YML045W-A,YHR079C,0,-0.8135539,0.15755683183670044,0.9025844931602478,0.48579147458076477
YDL215C,YAL039C,0,-0.8138384,0.15752948820590973,0.9025844931602478,0.48589152097702026
YDR067C,YNL284C-A,0,-0.8139279,0.1575021743774414,0.9025844931602478,0.48599159717559814
YLR386W,YDR444W,0,-0.81403464,0.1574748456478119,0.9025844931602478,0.48609164357185364
YGR225W,YER168C,0,-0.8144779,0.15744754672050476,0.9025844931602478,0.4861917197704315
YKR008W,YDR476C,0,-0.8147348,0.15742024779319763,0.9025844931602478,0.486291766166687
YKL009W,YFL033C,0,-0.81477946,0.1573929637670517,0.9025844931602478,0.4863918423652649
YNR017W,YDR261C-D,0,-0.81485426,0.15736567974090576,0.9025844931602478,0.4864918887615204
YNL085W,YBR294W,0,-0.81532323,0.15733841061592102,0.9025844931602478,0.48659196496009827
YOL066C,YJR028W,0,-0.8155103,0.15731115639209747,0.9025844931602478,0.48669201135635376
YPL083C,YNL281W,0,-0.816096,0.15728390216827393,0.9025844931602478,0.48679208755493164
YKL110C,YBR022W,1,-0.8162124,0.15742985904216766,0.903578519821167,0.48679208755493164
YKL190W,YGR010W,0,-0.8162895,0.15740260481834412,0.903578519821167,0.48689213395118713
YNL127W,YPR137C-A,0,-0.81634176,0.15737535059452057,0.903578519821167,0.486992210149765
YIL021W,YAL024C,0,-0.81650853,0.15734811127185822,0.903578519821167,0.4870922565460205
YMR065W,YIL076W,0,-0.8167341,0.15732087194919586,0.903578519821167,0.487192302942276
YDR263C,YJR103W,0,-0.8167678,0.1572936475276947,0.903578519821167,0.4872923791408539
YLR016C,YFR036W,0,-0.81685984,0.15726643800735474,0.903578519821167,0.4873924255371094
YJL187C,YKL117W,0,-0.81715715,0.15723922848701477,0.903578519821167,0.48749250173568726
YBR278W,YGL094C,0,-0.81732976,0.157212033867836,0.903578519821167,0.48759254813194275
YMR117C,YDR167W,0,-0.81739146,0.15718485414981842,0.903578519821167,0.48769262433052063
YIL139C,YFL002W-B,0,-0.8174131,0.15715767443180084,0.903578519821167,0.4877926707267761
YDR414C,YKR066C,0,-0.8178029,0.15713050961494446,0.903578519821167,0.487892746925354
YGR109W-B,YBL112C,0,-0.817923,0.15710335969924927,0.903578519821167,0.4879927933216095
YGR024C,YOR251C,1,-0.81820273,0.15724900364875793,0.9045725464820862,0.4879927933216095
YLL004W,YJR130C,0,-0.81825054,0.15722183883190155,0.9045725464820862,0.4880928695201874
YMR218C,YGR271W,0,-0.81859785,0.15719467401504517,0.9045725464820862,0.48819291591644287
YDR261C-D,YMR238W,0,-0.8195927,0.15716752409934998,0.9045725464820862,0.48829296231269836
YLL003W,YPL119C,0,-0.8196441,0.15714038908481598,0.9045725464820862,0.48839303851127625
YPL122C,YER137C-A,0,-0.82005167,0.15711325407028198,0.9045725464820862,0.48849308490753174
YHR005C-A,YCR087C-A,0,-0.82007,0.15708613395690918,0.9045725464820862,0.4885931611061096
YBR125C,YOL043C,0,-0.82078135,0.15705902874469757,0.9045725464820862,0.4886932075023651
YGR145W,YDR261C-D,0,-0.82090735,0.15703192353248596,0.9045725464820862,0.488793283700943
YLL004W,YGR112W,0,-0.82093644,0.15700483322143555,0.9045725464820862,0.4888933300971985
YOR299W,YJL213W,0,-0.8210448,0.15697774291038513,0.9045725464820862,0.48899340629577637
YPL196W,YKL205W,0,-0.8219157,0.1569506675004959,0.9045725464820862,0.48909345269203186
YGR179C,YMR034C,0,-0.8223661,0.15692360699176788,0.9045725464820862,0.48919352889060974
YML045W-A,YPL274W,0,-0.82236874,0.15689654648303986,0.9045725464820862,0.48929357528686523
YDL197C,YBR074W,0,-0.8228105,0.15686950087547302,0.9045725464820862,0.4893936216831207
YDL084W,YGR095C,0,-0.8228301,0.15684247016906738,0.9045725464820862,0.4894936978816986
YJR005W,YIL006W,0,-0.82304406,0.15681543946266174,0.9045725464820862,0.4895937442779541
YNL284C-A,YDR392W,0,-0.82349837,0.1567884236574173,0.9045725464820862,0.489693820476532
YLR305C,YCR052W,0,-0.82401764,0.15676140785217285,0.9045725464820862,0.4897938668727875
YER013W,YOL040C,0,-0.8241675,0.1567344069480896,0.9045725464820862,0.48989394307136536
YGR238C,YNL284C-A,0,-0.82433784,0.15670742094516754,0.9045725464820862,0.48999398946762085
YGL010W,YJR112W,0,-0.8244478,0.15668043494224548,0.9045725464820862,0.49009406566619873
YBR274W,YOR038C,0,-0.8245608,0.15665346384048462,0.9045725464820862,0.4901941120624542
YOL103W-B,YMR315W,0,-0.82476294,0.15662650763988495,0.9045725464820862,0.4902941882610321
YOR251C,YDR062W,0,-0.82511044,0.15659955143928528,0.9045725464820862,0.4903942346572876
YJL030W,YIL170W,0,-0.8252573,0.1565726101398468,0.9045725464820862,0.4904943108558655
YPL042C,YKR019C,0,-0.8255568,0.15654566884040833,0.9045725464820862,0.49059435725212097
YDR411C,YCR087C-A,0,-0.8257995,0.15651874244213104,0.9045725464820862,0.49069440364837646
YLR325C,YEL029C,0,-0.82620245,0.15649183094501495,0.9045725464820862,0.49079447984695435
YDR159W,YDR281C,0,-0.8268084,0.15646491944789886,0.9045725464820862,0.49089452624320984
YJL004C,YDL070W,0,-0.82690096,0.15643802285194397,0.9045725464820862,0.4909946024417877
YDL097C,YOL108C,0,-0.8273157,0.15641114115715027,0.9045725464820862,0.4910946488380432
YIL177C,YJL128C,0,-0.82746494,0.15638425946235657,0.9045725464820862,0.4911947250366211
YNL127W,YJL206C,0,-0.8276285,0.15635739266872406,0.9045725464820862,0.4912947714328766
YGR056W,YDR034C,0,-0.82770026,0.15633052587509155,0.9045725464820862,0.49139484763145447
YBR150C,YHR060W,0,-0.8279774,0.15630367398262024,0.9045725464820862,0.49149489402770996
YML052W,YMR301C,0,-0.8280012,0.15627683699131012,0.9045725464820862,0.49159497022628784
YOR243C,YLR113W,0,-0.82801443,0.15625,0.9045725464820862,0.49169501662254333
YOL040C,YGL148W,0,-0.82905084,0.15622317790985107,0.9045725464820862,0.49179506301879883
YPR196W,YPL276W,0,-0.8296051,0.15619635581970215,0.9045725464820862,0.4918951392173767
YKL171W,YOR292C,0,-0.8298837,0.15616954863071442,0.9045725464820862,0.4919951856136322
YGL094C,YNL016W,0,-0.8300738,0.15614275634288788,0.9045725464820862,0.4920952618122101
YDL217C,YGR113W,0,-0.8303568,0.15611597895622253,0.9045725464820862,0.4921953082084656
YLR452C,YKL175W,0,-0.8304478,0.156089186668396,0.9045725464820862,0.49229538440704346
YNL281W,YHR109W,0,-0.83049464,0.15606242418289185,0.9045725464820862,0.49239543080329895
YGR175C,YDR262W,0,-0.8306868,0.1560356616973877,0.9045725464820862,0.49249550700187683
YHR030C,YFR045W,0,-0.83074284,0.15600891411304474,0.9045725464820862,0.4925955533981323
YGR161W-B,YMR304W,0,-0.83077,0.15598216652870178,0.9045725464820862,0.4926956295967102
YNL284C-A,YAR027W,0,-0.83117557,0.1559554487466812,0.9045725464820862,0.4927956759929657
YBR278W,YBR275C,0,-0.8313519,0.15592871606349945,0.9045725464820862,0.4928957521915436
YMR284W,YLR020C,0,-0.832041,0.15590199828147888,0.9045725464820862,0.4929957985877991
YOR343W-B,YDR140W,0,-0.8320528,0.1558752954006195,0.9045725464820862,0.49309584498405457
YJR151C,YDL045W-A,0,-0.8323794,0.15584860742092133,0.9045725464820862,0.49319592118263245
YJR057W,YKL182W,0,-0.8324298,0.15582191944122314,0.9045725464820862,0.49329596757888794
YDL215C,YOR142W-A,0,-0.832664,0.15579524636268616,0.9045725464820862,0.4933960437774658
YMR241W,YLR163C,0,-0.83284104,0.15576857328414917,0.9045725464820862,0.4934960901737213
YIL128W,YKL180W,0,-0.83323896,0.15574191510677338,0.9045725464820862,0.4935961663722992
YFL014W,YKL205W,0,-0.8333206,0.15571525692939758,0.9045725464820862,0.4936962127685547
YBL005W-B,YDR353W,0,-0.8335091,0.15568862855434418,0.9045725464820862,0.49379628896713257
YHR079C,YGL190C,0,-0.83379567,0.15566198527812958,0.9045725464820862,0.49389633536338806
YOL103W-B,YOR355W,0,-0.8341503,0.15563537180423737,0.9045725464820862,0.49399641156196594
YDL197C,YPL087W,0,-0.83472717,0.15560875833034515,0.9045725464820862,0.49409645795822144
YNL261W,YGL183C,0,-0.8349669,0.15558214485645294,0.9045725464820862,0.49419650435447693
YJR107W,YPL099C,0,-0.8351258,0.15555556118488312,0.9045725464820862,0.4942965805530548
YDL215C,YKL175W,0,-0.8357705,0.1555289626121521,0.9045725464820862,0.4943966269493103
YGR070W,YOL040C,0,-0.8360484,0.15550239384174347,0.9045725464820862,0.4944967031478882
YNR067C,YDL170W,0,-0.83630085,0.15547582507133484,0.9045725464820862,0.4945967495441437
YBR195C,YDL035C,0,-0.8367727,0.1554492712020874,0.9045725464820862,0.49469682574272156
YMR117C,YNL236W,0,-0.83683467,0.15542271733283997,0.9045725464820862,0.49479687213897705
YJR083C,YPL244C,0,-0.8371103,0.15539617836475372,0.9045725464820862,0.49489694833755493
YMR172W,YER171W,0,-0.83728164,0.15536963939666748,0.9045725464820862,0.4949969947338104
YBR002C,YJL200C,0,-0.8374454,0.15534311532974243,0.9045725464820862,0.4950970709323883
YHR047C,YJR112W,0,-0.8375983,0.15531660616397858,0.9045725464820862,0.4951971173286438
YGR144W,YLR321C,0,-0.837787,0.15529009699821472,0.9045725464820862,0.4952971637248993
YBR066C,YDR260C,0,-0.83815587,0.15526360273361206,0.9045725464820862,0.4953972399234772
YJR078W,YNL032W,0,-0.83840895,0.1552371233701706,0.9045725464820862,0.49549728631973267
YNL314W,YMR296C,0,-0.83843136,0.15521064400672913,0.9045725464820862,0.49559736251831055
YGR288W,YJR138W,0,-0.8387331,0.15518417954444885,0.9045725464820862,0.49569740891456604
YNL178W,YNL016W,0,-0.8388703,0.15515771508216858,0.9045725464820862,0.4957974851131439
YEL069C,YOR343W-B,0,-0.8393245,0.1551312655210495,0.9045725464820862,0.4958975315093994
YKL161C,YKL186C,0,-0.83944833,0.1551048308610916,0.9045725464820862,0.4959976077079773
YDR082W,YHR214C-B,0,-0.8395793,0.15507839620113373,0.9045725464820862,0.4960976541042328
YLR028C,YOR393W,0,-0.83966744,0.15505196154117584,0.9045725464820862,0.49619773030281067
YBR125C,YDR072C,0,-0.8397961,0.15502555668354034,0.9045725464820862,0.49629777669906616
YPR158C-C,YOR099W,0,-0.8400444,0.15499915182590485,0.9045725464820862,0.49639785289764404
YPL078C,YJR031C,0,-0.84028995,0.15497274696826935,0.9045725464820862,0.49649789929389954
YNL008C,YIL061C,0,-0.84074223,0.15494637191295624,0.9045725464820862,0.49659794569015503
YGR199W,YNL070W,0,-0.84118176,0.15491998195648193,0.9045725464820862,0.4966980218887329
YLL055W,YML109W,0,-0.8412881,0.15489362180233002,0.9045725464820862,0.4967980682849884
YDL097C,YAR031W,0,-0.8417015,0.1548672616481781,0.9045725464820862,0.4968981444835663
YGR229C,YOL040C,0,-0.84171325,0.15484090149402618,0.9045725464820862,0.4969981908798218
YPL002C,YLR145W,0,-0.8417896,0.15481455624103546,0.9045725464820862,0.49709826707839966
YIL080W,YJL149W,0,-0.8418277,0.15478822588920593,0.9045725464820862,0.49719831347465515
YPL163C,YLR187W,0,-0.84228563,0.1547619104385376,0.9045725464820862,0.49729838967323303
YLR050C,YIL047C,0,-0.84272575,0.15473559498786926,0.9045725464820862,0.4973984360694885
YGR161W-B,YPR187W,0,-0.8429763,0.15470927953720093,0.9045725464820862,0.4974985122680664
YLL003W,YDR262W,0,-0.8432414,0.1546829789876938,0.9045725464820862,0.4975985586643219
YMR089C,YGL051W,0,-0.84338605,0.15465669333934784,0.9045725464820862,0.4976986050605774
YLR157C,YLR410W-B,0,-0.84344554,0.15463042259216309,0.9045725464820862,0.4977986812591553
YHR214C-B,YDR310C,0,-0.8435241,0.15460415184497833,0.9045725464820862,0.49789872765541077
YOL141W,YAL020C,1,-0.84379053,0.15474775433540344,0.9055665731430054,0.49789872765541077
YMR093W,YER052C,0,-0.8438004,0.1547214686870575,0.9055665731430054,0.49799880385398865
YJL128C,YGL190C,0,-0.84387183,0.15469519793987274,0.9055665731430054,0.49809885025024414
YLR329W,YLR410W-B,0,-0.8442391,0.154668927192688,0.9055665731430054,0.498198926448822
YPL257W-B,YNL070W,0,-0.84434927,0.15464267134666443,0.9055665731430054,0.4982989728450775
YER090W,YGL019W,0,-0.84438074,0.15461643040180206,0.9055665731430054,0.4983990490436554
YER087C-B,YMR143W,0,-0.84492654,0.1545901894569397,0.9055665731430054,0.4984990954399109
YBR006W,YKL119C,0,-0.84517205,0.15456396341323853,0.9055665731430054,0.49859917163848877
YBR125C,YBR118W,0,-0.84618825,0.15453773736953735,0.9055665731430054,0.49869921803474426
YDR064W,YGL170C,0,-0.8462016,0.15451152622699738,0.9055665731430054,0.49879929423332214
YDR512C,YNL107W,0,-0.84636784,0.1544853299856186,0.9055665731430054,0.49889934062957764
YOR343W-B,YKL074C,0,-0.84653,0.1544591337442398,0.9055665731430054,0.49899938702583313
YJR149W,YIL035C,0,-0.8465673,0.15443295240402222,0.9055665731430054,0.499099463224411
YGR095C,YKL165C,0,-0.84690404,0.15440678596496582,0.9055665731430054,0.4991995096206665
YOR298W,YPR149W,0,-0.84716237,0.15438061952590942,0.9055665731430054,0.4992995858192444
YDR518W,YIL177C,0,-0.847282,0.15435445308685303,0.9055665731430054,0.4993996322154999
YIL140W,YDR218C,0,-0.8473004,0.15432830154895782,0.9055665731430054,0.49949970841407776
YHR214C-B,YPR083W,0,-0.8475218,0.15430216491222382,0.9055665731430054,0.49959975481033325
YGR238C,YMR137C,0,-0.8479625,0.154276043176651,0.9055665731430054,0.49969983100891113
YDR429C,YNL092W,0,-0.8480124,0.15424992144107819,0.9055665731430054,0.4997998774051666
YNL010W,YPR152C,0,-0.84805423,0.15422379970550537,0.9055665731430054,0.4998999536037445
YLR165C,YEL062W,0,-0.8482675,0.15419769287109375,0.9055665731430054,0.5
YMR137C,YCL004W,0,-0.8488289,0.15417160093784332,0.9055665731430054,0.5001000761985779
YER165W,YMR115W,0,-0.8491293,0.1541455090045929,0.9055665731430054,0.500200092792511
YNL026W,YOR194C,0,-0.84934753,0.15411943197250366,0.9055665731430054,0.5003001689910889
YLR080W,YOL038W,0,-0.8497252,0.15409336984157562,0.9055665731430054,0.5004002451896667
YMR319C,YJR028W,0,-0.84990126,0.15406730771064758,0.9055665731430054,0.5005003213882446
YIL170W,YKL064W,0,-0.84992385,0.15404126048088074,0.9055665731430054,0.5006003379821777
YOR324C,YDR353W,0,-0.85022473,0.1540152132511139,0.9055665731430054,0.5007004141807556
YOL070C,YDL035C,0,-0.85041296,0.15398918092250824,0.9055665731430054,0.5008004903793335
YDR392W,YKL095W,0,-0.8508828,0.15396316349506378,0.9055665731430054,0.5009005665779114
YMR146C,YKL170W,0,-0.8508959,0.15393714606761932,0.9055665731430054,0.5010005831718445
YPR171W,YOL101C,0,-0.8509542,0.15391112864017487,0.9055665731430054,0.5011006593704224
YNR006W,YGR020C,0,-0.8510765,0.1538851410150528,0.9055665731430054,0.5012007355690002
YLR270W,YBL026W,0,-0.85114914,0.15385913848876953,0.9055665731430054,0.5013007521629333
YKR019C,YNR035C,0,-0.85213995,0.15383316576480865,0.9055665731430054,0.5014008283615112
YJR004C,YBL098W,0,-0.85280114,0.15380719304084778,0.9055665731430054,0.5015009045600891
YIL140W,YDR260C,0,-0.8532723,0.1537812352180481,0.9055665731430054,0.501600980758667
YDR064W,YIL139C,0,-0.853289,0.1537552773952484,0.9055665731430054,0.5017009973526001
YDR285W,YNR017W,0,-0.85329103,0.15372933447360992,0.9055665731430054,0.501801073551178
YPR187W,YKR066C,0,-0.8533695,0.15370339155197144,0.9055665731430054,0.5019011497497559
YDR210C-C,YNL192W,0,-0.8535991,0.15367746353149414,0.9055665731430054,0.5020012259483337
YJR022W,YLR430W,1,-0.85359967,0.15382020175457,0.9065606594085693,0.5020012259483337
YOR377W,YLR224W,0,-0.85372627,0.1537942737340927,0.9065606594085693,0.5021012425422668
YKR068C,YDR392W,0,-0.85406053,0.15376833081245422,0.9065606594085693,0.5022013187408447
YIL061C,YBR294W,0,-0.85423595,0.15374241769313812,0.9065606594085693,0.5023013949394226
YOR138C,YLL017W,0,-0.8547343,0.15371650457382202,0.9065606594085693,0.5024014115333557
YOR159C,YDR364C,0,-0.8558579,0.15369059145450592,0.9065606594085693,0.5025014877319336
YKR008W,YDR429C,0,-0.85747075,0.1536647081375122,0.9065606594085693,0.5026015639305115
YBL113C,YDL047W,0,-0.8575337,0.1536388099193573,0.9065606594085693,0.5027016401290894
YOR142W-A,YJL192C,0,-0.8582906,0.15361294150352478,0.9065606594085693,0.5028016567230225
YFL002W-B,YPL257W-B,0,-0.8583245,0.15358707308769226,0.9065606594085693,0.5029017329216003
YJL112W,YDL059C,0,-0.8583878,0.15356120467185974,0.9065606594085693,0.5030018091201782
YPR137C-A,YLR383W,0,-0.8584516,0.15353535115718842,0.9065606594085693,0.5031018853187561
YFR029W,YGL060W,0,-0.85855997,0.15350951254367828,0.9065606594085693,0.5032019019126892
YDR518W,YEL062W,0,-0.8588053,0.15348367393016815,0.9065606594085693,0.5033019781112671
YGR155W,YER137C,0,-0.8588778,0.1534578502178192,0.9065606594085693,0.503402054309845
YBR128C,YKL003C,0,-0.85919577,0.15343202650547028,0.9065606594085693,0.5035021305084229
YOR297C,YPL027W,0,-0.85936016,0.15340621769428253,0.9065606594085693,0.503602147102356
YGR010W,YBR155W,0,-0.8594383,0.15338042378425598,0.9065606594085693,0.5037022233009338
YOR283W,YDR410C,0,-0.85976714,0.15335462987422943,0.9065606594085693,0.5038022994995117
YDR261C-D,YGR246C,0,-0.86026096,0.15332885086536407,0.9065606594085693,0.5039023160934448
YDL061C,YGR089W,0,-0.86060053,0.15330307185649872,0.9065606594085693,0.5040023922920227
YDR411C,YER019C-A,0,-0.8606812,0.15327730774879456,0.9065606594085693,0.5041024684906006
YPL134C,YFR021W,0,-0.8613145,0.1532515585422516,0.9065606594085693,0.5042025446891785
YPR083W,YDL225W,0,-0.861518,0.15322580933570862,0.9065606594085693,0.5043025612831116
YOL090W,YPL065W,0,-0.8616607,0.15320006012916565,0.9065606594085693,0.5044026374816895
YLR447C,YLL003W,0,-0.86167425,0.15317434072494507,0.9065606594085693,0.5045027136802673
YER022W,YDR444W,0,-0.8618566,0.1531486213207245,0.9065606594085693,0.5046027898788452
YOR142W-B,YLR325C,0,-0.8620453,0.1531229019165039,0.9065606594085693,0.5047028064727783
YDR411C,YNL172W,0,-0.86234164,0.15309719741344452,0.9065606594085693,0.5048028826713562
YOR071C,YLR165C,0,-0.8624524,0.15307150781154633,0.9065606594085693,0.5049029588699341
YIL177C,YNR010W,0,-0.86277455,0.15304581820964813,0.9065606594085693,0.5050029754638672
YER008C,YOR085W,0,-0.8628101,0.15302012860774994,0.9065606594085693,0.5051030516624451
YDR369C,YDL225W,0,-0.8631398,0.15299446880817413,0.9065606594085693,0.505203127861023
YPR196W,YPR030W,0,-0.863428,0.15296880900859833,0.9065606594085693,0.5053032040596008
YPR135W,YKL203C,0,-0.8635269,0.15294314920902252,0.9065606594085693,0.5054032206535339
YJR031C,YBR281C,0,-0.8635653,0.1529175043106079,0.9065606594085693,0.5055032968521118
YML045W-A,YLR130C,0,-0.86370486,0.1528918743133545,0.9065606594085693,0.5056033730506897
YPL167C,YPL027W,0,-0.8644923,0.15286624431610107,0.9065606594085693,0.5057034492492676
YJR151C,YML045W-A,0,-0.86472005,0.15284062922000885,0.9065606594085693,0.5058034658432007
YBR196C,YJL144W,0,-0.86504275,0.15281501412391663,0.9065606594085693,0.5059035420417786
YMR061W,YHR109W,0,-0.86515355,0.1527894139289856,0.9065606594085693,0.5060036182403564
YKR057W,YNL259C,0,-0.86521393,0.15276381373405457,0.9065606594085693,0.5061036348342896
YDR371W,YNR074C,0,-0.865402,0.15273822844028473,0.9065606594085693,0.5062037110328674
YOR215C,YIL140W,0,-0.8661585,0.1527126580476761,0.9065606594085693,0.5063037872314453
YBR125C,YLR305C,0,-0.866396,0.15268708765506744,0.9065606594085693,0.5064038634300232
YHR006W,YNL221C,1,-0.8665631,0.15282893180847168,0.9075546860694885,0.5064038634300232
YNL284C-A,YNL284C,0,-0.86727154,0.15280334651470184,0.9075546860694885,0.5065038800239563
YLR209C,YDL148C,0,-0.86727226,0.1527777761220932,0.9075546860694885,0.5066039562225342
YGR161W-B,YBR128C,0,-0.8673104,0.15275222063064575,0.9075546860694885,0.5067040324211121
YAL060W,YHL034C,0,-0.8678067,0.1527266651391983,0.9075546860694885,0.5068041086196899
YNL231C,YBR093C,0,-0.86781824,0.15270112454891205,0.9075546860694885,0.506904125213623
YNL070W,YDL097C,0,-0.86805385,0.1526755839586258,0.9075546860694885,0.5070042014122009
YJR051W,YNL032W,0,-0.868278,0.15265005826950073,0.9075546860694885,0.5071042776107788
YLR157C,YGR258C,0,-0.86859125,0.15262454748153687,0.9075546860694885,0.5072042942047119
YKL041W,YOR142W-B,0,-0.86867344,0.152599036693573,0.9075546860694885,0.5073043704032898
YBR093C,YCR046C,0,-0.8689004,0.15257352590560913,0.9075546860694885,0.5074044466018677
YGL037C,YDR261W-A,0,-0.8690729,0.15254803001880646,0.9075546860694885,0.5075045228004456
YDR034C,YPL064C,0,-0.8696274,0.15252254903316498,0.9075546860694885,0.5076045393943787
YPR204W,YFL002W-B,0,-0.86991584,0.1524970829486847,0.9075546860694885,0.5077046155929565
YNL163C,YPL196W,0,-0.8699245,0.1524716168642044,0.9075546860694885,0.5078046917915344
YDR026C,YLR163C,0,-0.8699436,0.15244615077972412,0.9075546860694885,0.5079047679901123
YAR027W,YOR099W,0,-0.8700025,0.15242069959640503,0.9075546860694885,0.5080047845840454
YOL026C,YLR026C,0,-0.87026083,0.15239526331424713,0.9075546860694885,0.5081048607826233
YLR440C,YKR035W-A,0,-0.87064695,0.15236982703208923,0.9075546860694885,0.5082049369812012
YDR285W,YJR140C,0,-0.87067455,0.15234440565109253,0.9075546860694885,0.5083049535751343
YBR195C,YOR378W,0,-0.87090635,0.15231898427009583,0.9075546860694885,0.5084050297737122
YAL063C,YIL076W,0,-0.87117237,0.15229357779026031,0.9075546860694885,0.50850510597229
YFL002W-B,YLR301W,0,-0.8712722,0.152268186211586,0.9075546860694885,0.5086051821708679
YOR038C,YNL307C,0,-0.87159234,0.15224279463291168,0.9075546860694885,0.508705198764801
YEL062W,YLR316C,0,-0.8716953,0.15221740305423737,0.9075546860694885,0.5088052749633789
YLR404W,YMR046C,0,-0.87201893,0.15219202637672424,0.9075546860694885,0.5089053511619568
YJR057W,YOL104C,0,-0.87253344,0.15216666460037231,0.9075546860694885,0.5090054273605347
YNL307C,YMR240C,0,-0.8730073,0.15214130282402039,0.9075546860694885,0.5091054439544678
YJL191W,YNL122C,0,-0.87323,0.15211595594882965,0.9075546860694885,0.5092055201530457
YLR440C,YFL017W-A,0,-0.87347883,0.1520906239748001,0.9075546860694885,0.5093055963516235
YGL094C,YOR343W-B,0,-0.8736123,0.15206529200077057,0.9075546860694885,0.5094056725502014
YEL069C,YLR301W,0,-0.8745075,0.15203996002674103,0.9075546860694885,0.5095056891441345
YCR087C-A,YKL095W,0,-0.8745527,0.15201465785503387,0.9075546860694885,0.5096057653427124
YOR377W,YMR114C,0,-0.874714,0.15198934078216553,0.9075546860694885,0.5097058415412903
YBR022W,YML091C,1,-0.87532234,0.15213049948215485,0.9085487127304077,0.5097058415412903
YOR212W,YGR179C,0,-0.8755971,0.1521051824092865,0.9085487127304077,0.5098058581352234
YDR296W,YER165W,0,-0.87572175,0.15207986533641815,0.9085487127304077,0.5099059343338013
YNL117W,YPL104W,0,-0.8758662,0.152054563164711,0.9085487127304077,0.5100060105323792
YOR142W-B,YJL103C,0,-0.87758845,0.15202927589416504,0.9085487127304077,0.510106086730957
YGL225W,YHR005C-A,0,-0.87783957,0.15200398862361908,0.9085487127304077,0.5102061033248901
YPR190C,YOR025W,0,-0.878183,0.15197871625423431,0.9085487127304077,0.510306179523468
YLR264W,YBR187W,0,-0.87836283,0.15195344388484955,0.9085487127304077,0.5104062557220459
YBR002C,YGR175C,0,-0.87859774,0.15192818641662598,0.9085487127304077,0.5105063319206238
YKL117W,YER104W,0,-0.878634,0.1519029438495636,0.9085487127304077,0.5106063485145569
YEL012W,YKL165C,0,-0.878731,0.15187770128250122,0.9085487127304077,0.5107064247131348
YDR499W,YJR005W,0,-0.87886804,0.15185247361660004,0.9085487127304077,0.5108065009117126
YGR084C,YOR089C,0,-0.87887967,0.15182724595069885,0.9085487127304077,0.5109065175056458
YDR392W,YER087C-B,0,-0.8789247,0.15180203318595886,0.9085487127304077,0.5110065937042236
YFR013W,YDR261W-A,0,-0.8791826,0.15177682042121887,0.9085487127304077,0.5111066699028015
YBR145W,YPL027W,0,-0.8792185,0.15175162255764008,0.9085487127304077,0.5112067461013794
YOR343W-B,YHR079C,0,-0.87949806,0.15172642469406128,0.9085487127304077,0.5113067626953125
YDR167W,YPL007C,0,-0.8795135,0.15170124173164368,0.9085487127304077,0.5114068388938904
YML032C,YGR281W,0,-0.87966365,0.15167607367038727,0.9085487127304077,0.5115069150924683
YOR142W-B,YKL119C,0,-0.8805486,0.15165090560913086,0.9085487127304077,0.5116069912910461
YKR103W,YDL040C,0,-0.8821989,0.15162575244903564,0.9085487127304077,0.5117070078849792
YNR067C,YLR353W,0,-0.8825027,0.15160059928894043,0.9085487127304077,0.5118070840835571
YDR454C,YMR025W,0,-0.88259953,0.1515754610300064,0.9085487127304077,0.511907160282135
YGL241W,YOL104C,0,-0.88278913,0.1515503227710724,0.9085487127304077,0.5120071768760681
YLR183C,YDR226W,0,-0.88341665,0.15152519941329956,0.9085487127304077,0.512107253074646
YLL004W,YBR281C,0,-0.88356996,0.15150007605552673,0.9085487127304077,0.5122073292732239
YOL052C,YEL056W,0,-0.8839092,0.1514749825000763,0.9085487127304077,0.5123074054718018
YJR028W,YPL196W,0,-0.88426036,0.15144987404346466,0.9085487127304077,0.5124074220657349
YGR077C,YEL041W,0,-0.88427556,0.15142478048801422,0.9085487127304077,0.5125074982643127
YPR194C,YOR304C-A,0,-0.88471353,0.15139970183372498,0.9085487127304077,0.5126075744628906
YDL059C,YFR036W,0,-0.8848921,0.15137462317943573,0.9085487127304077,0.5127076506614685
YPR189W,YOL108C,0,-0.8849815,0.15134955942630768,0.9085487127304077,0.5128076672554016
YMR078C,YER046W,0,-0.8861961,0.15132451057434082,0.9085487127304077,0.5129077434539795
YLR440C,YJL206C,0,-0.8862641,0.15129944682121277,0.9085487127304077,0.5130078196525574
YJR026W,YMR296C,0,-0.88627756,0.1512744128704071,0.9085487127304077,0.5131078362464905
YOL108C,YPR163C,0,-0.8870792,0.15124937891960144,0.9085487127304077,0.5132079124450684
YJR119C,YNR035C,0,-0.88742346,0.15122435986995697,0.9085487127304077,0.5133079886436462
YOL070C,YLR359W,0,-0.8874503,0.1511993408203125,0.9085487127304077,0.5134080648422241
YOR142W-B,YGR229C,0,-0.8877889,0.15117433667182922,0.9085487127304077,0.5135080814361572
YLR105C,YOR219C,0,-0.888424,0.15114933252334595,0.9085487127304077,0.5136081576347351
YNL070W,YCL032W,0,-0.8887543,0.15112434327602386,0.9085487127304077,0.513708233833313
YGR161W-B,YHR119W,0,-0.88893044,0.15109935402870178,0.9085487127304077,0.5138083100318909
YIL128W,YPL150W,0,-0.8889767,0.1510743796825409,0.9085487127304077,0.513908326625824
YDR138W,YGR185C,0,-0.8890008,0.1510494202375412,0.9085487127304077,0.5140084028244019
YHL012W,YBR192W,0,-0.88910276,0.1510244607925415,0.9085487127304077,0.5141084790229797
YDL045W-A,YJL178C,0,-0.8891506,0.1509995013475418,0.9085487127304077,0.5142084956169128
YLR183C,YMR272C,0,-0.8897022,0.1509745568037033,0.9085487127304077,0.5143085718154907
YNL008C,YNL284C-A,0,-0.8898351,0.150949627161026,0.9085487127304077,0.5144086480140686
YOL103W-B,YNL232W,0,-0.89024925,0.1509246975183487,0.9085487127304077,0.5145087242126465
YHR214C-B,YMR034C,0,-0.8904711,0.15089978277683258,0.9085487127304077,0.5146087408065796
YOR142W-B,YOR299W,0,-0.89082295,0.15087488293647766,0.9085487127304077,0.5147088170051575
YMR301C,YKL189W,0,-0.8909583,0.15084996819496155,0.9085487127304077,0.5148088932037354
YNL238W,YBR281C,0,-0.89111924,0.15082508325576782,0.9085487127304077,0.5149089694023132
YNL131W,YLR160C,0,-0.8911714,0.1508001983165741,0.9085487127304077,0.5150089859962463
YER175C,YDR527W,0,-0.89161533,0.15077532827854156,0.9085487127304077,0.5151090621948242
YHR132C,YEL070W,0,-0.8916591,0.15075045824050903,0.9085487127304077,0.5152091383934021
YJL024C,YER130C,0,-0.8924607,0.1507255882024765,0.9085487127304077,0.51530921459198
YOR343W-B,YMR172W,0,-0.8931401,0.15070074796676636,0.9085487127304077,0.5154092311859131
YIL134W,YER185W,0,-0.89334005,0.15067589282989502,0.9085487127304077,0.515509307384491
YMR061W,YGL071W,0,-0.89371,0.15065106749534607,0.9085487127304077,0.5156093835830688
YDL028C,YNR067C,0,-0.89412874,0.15062624216079712,0.9085487127304077,0.515709400177002
YDL121C,YDR508C,0,-0.8942167,0.15060141682624817,0.9085487127304077,0.5158094763755798
YOL103W-B,YLL051C,0,-0.89455664,0.1505766063928604,0.9085487127304077,0.5159095525741577
YIR018W,YOR239W,0,-0.89508927,0.15055181086063385,0.9085487127304077,0.5160096287727356
YNL085W,YLR033W,0,-0.89526516,0.1505270153284073,0.9085487127304077,0.5161096453666687
YBL076C,YKL064W,0,-0.8953848,0.15050221979618073,0.9085487127304077,0.5162097215652466
YNL010W,YNL052W,0,-0.8964616,0.15047743916511536,0.9085487127304077,0.5163097977638245
YCL018W,YKR057W,0,-0.8965941,0.15045267343521118,0.9085487127304077,0.5164098739624023
YLR163C,YJL006C,0,-0.89710593,0.150427907705307,0.9085487127304077,0.5165098905563354
YOL057W,YPR137W,0,-0.8971881,0.15040315687656403,0.9085487127304077,0.5166099667549133
YLR157C,YCL034W,0,-0.8974998,0.15037842094898224,0.9085487127304077,0.5167100429534912
YNL304W,YER137C,0,-0.8977908,0.15035367012023926,0.9085487127304077,0.5168100595474243
YOR287C,YKL117W,0,-0.8983077,0.15032894909381866,0.9085487127304077,0.5169101357460022
YNL304W,YGR171C,0,-0.8983186,0.15030422806739807,0.9085487127304077,0.5170102119445801
YMR005W,YDL215C,0,-0.8984335,0.15027950704097748,0.9085487127304077,0.517110288143158
YGR258C,YPL252C,0,-0.89915884,0.15025481581687927,0.9085487127304077,0.5172103047370911
YGR030C,YMR087W,1,-0.89927506,0.1503944844007492,0.9095427393913269,0.5172103047370911
YEL022W,YMR054W,0,-0.89976025,0.1503697633743286,0.9095427393913269,0.517310380935669
YOR054C,YJL213W,0,-0.90025777,0.1503450572490692,0.9095427393913269,0.5174104571342468
YOR304W,YNL073W,0,-0.9003396,0.15032035112380981,0.9095427393913269,0.5175105333328247
YGL186C,YDR138W,0,-0.90048945,0.1502956598997116,0.9095427393913269,0.5176105499267578
YGR288W,YKL082C,0,-0.9005326,0.1502709835767746,0.9095427393913269,0.5177106261253357
YOR279C,YNL070W,0,-0.9016096,0.15024630725383759,0.9095427393913269,0.5178107023239136
YDR527W,YAL024C,0,-0.90261376,0.15022164583206177,0.9095427393913269,0.5179107189178467
YFL033C,YLR026C,0,-0.90292966,0.15019698441028595,0.9095427393913269,0.5180107951164246
YLR107W,YHR057C,0,-0.9031016,0.15017232298851013,0.9095427393913269,0.5181108713150024
YDL036C,YER087C-B,0,-0.9033461,0.1501476913690567,0.9095427393913269,0.5182109475135803
YPR024W,YDR072C,0,-0.9035649,0.15012304484844208,0.9095427393913269,0.5183109641075134
YJR021C,YNL274C,0,-0.90369576,0.15009842813014984,0.9095427393913269,0.5184110403060913
YOR323C,YHR164C,0,-0.90381354,0.1500738114118576,0.9095427393913269,0.5185111165046692
YER151C,YDR210C-C,0,-0.90384334,0.15004919469356537,0.9095427393913269,0.5186111927032471
YLR227W-B,YMR295C,0,-0.9042448,0.15002459287643433,0.9095427393913269,0.5187112092971802
YNR031C,YGL241W,0,-0.90521014,0.15000000596046448,0.9095427393913269,0.5188112854957581
YLR029C,YOR237W,0,-0.90540105,0.14997541904449463,0.9095427393913269,0.5189113616943359
YOR138C,YLR227W-B,0,-0.90563333,0.14995083212852478,0.9095427393913269,0.519011378288269
YJL066C,YGR268C,0,-0.90564805,0.14992626011371613,0.9095427393913269,0.5191114544868469
YGL169W,YLR227W-B,0,-0.90565,0.14990170300006866,0.9095427393913269,0.5192115306854248
YLR383W,YMR210W,0,-0.9063357,0.1498771458864212,0.9095427393913269,0.5193116068840027
YML073C,YNL078W,0,-0.9068426,0.14985260367393494,0.9095427393913269,0.5194116234779358
YGR036C,YJR083C,0,-0.9070781,0.14982806146144867,0.9095427393913269,0.5195116996765137
YFR029W,YJL085W,0,-0.90753067,0.1498035341501236,0.9095427393913269,0.5196117758750916
YLR047C,YDR392W,0,-0.9078245,0.14977902173995972,0.9095427393913269,0.5197118520736694
YMR176W,YPR138C,0,-0.9082097,0.14975449442863464,0.9095427393913269,0.5198118686676025
YKL013C,YOR297C,0,-0.9083825,0.14972999691963196,0.9095427393913269,0.5199119448661804
YER137C-A,YLR301W,0,-0.90950596,0.14970549941062927,0.9095427393913269,0.5200120210647583
YOL038W,YKL165C,0,-0.9096993,0.1496810019016266,0.9095427393913269,0.5201120376586914
YEL069C,YGL236C,0,-0.9099783,0.1496565192937851,0.9095427393913269,0.5202121138572693
YCR052W,YMR136W,0,-0.91100776,0.1496320515871048,0.9095427393913269,0.5203121900558472
YHL012W,YDR470C,0,-0.91109043,0.1496075838804245,0.9095427393913269,0.520412266254425
YBR187W,YOR204W,0,-0.91142786,0.1495831310749054,0.9095427393913269,0.5205122828483582
YOL103W-B,YGR251W,0,-0.91151226,0.1495586782693863,0.9095427393913269,0.520612359046936
YBR287W,YPL050C,0,-0.91153336,0.14953424036502838,0.9095427393913269,0.5207124352455139
YKL189W,YOR311C,0,-0.91157436,0.14950980246067047,0.9095427393913269,0.5208125114440918
YKR054C,YML058W-A,0,-0.91159666,0.14948537945747375,0.9095427393913269,0.5209125280380249
YPL252C,YLR410W-B,0,-0.9117619,0.14946095645427704,0.9095427393913269,0.5210126042366028
YDL045W-A,YMR033W,0,-0.9118391,0.14943654835224152,0.9095427393913269,0.5211126804351807
YJR021C,YOL052C,0,-0.9118657,0.1494121551513672,0.9095427393913269,0.5212127566337585
YGL010W,YOR351C,0,-0.91195524,0.14938776195049286,0.9095427393913269,0.5213127732276917
YAR008W,YCL017C,1,-0.9119602,0.14952661097049713,0.9105367660522461,0.5213127732276917
YPR190C,YLR151C,0,-0.9123769,0.1495022028684616,0.9105367660522461,0.5214128494262695
YDR512C,YNL314W,0,-0.9124134,0.14947780966758728,0.9105367660522461,0.5215129256248474
YGR271W,YLR050C,0,-0.9124886,0.14945341646671295,0.9105367660522461,0.5216129422187805
YKR036C,YGR034W,0,-0.91264874,0.14942903816699982,0.9105367660522461,0.5217130184173584
YJL134W,YOR313C,0,-0.9130255,0.14940465986728668,0.9105367660522461,0.5218130946159363
YBL092W,YGL216W,0,-0.9133521,0.14938029646873474,0.9105367660522461,0.5219131708145142
YMR020W,YDL078C,0,-0.913467,0.149355947971344,0.9105367660522461,0.5220131874084473
YLR228C,YMR137C,0,-0.9139838,0.14933159947395325,0.9105367660522461,0.5221132636070251
YIL080W,YDL170W,0,-0.9143031,0.1493072509765625,0.9105367660522461,0.522213339805603
YJR092W,YOL004W,0,-0.9144565,0.14928291738033295,0.9105367660522461,0.5223134160041809
YOR187W,YBL068W,0,-0.9145306,0.1492585986852646,0.9105367660522461,0.522413432598114
YDL028C,YGR095C,0,-0.91458476,0.14923427999019623,0.9105367660522461,0.5225135087966919
YDR518W,YOL136C,0,-0.9147266,0.14920997619628906,0.9105367660522461,0.5226135849952698
YBR125C,YDL208W,0,-0.9147842,0.1491856724023819,0.9105367660522461,0.5227136015892029
YOL057W,YER130C,0,-0.91481066,0.14916136860847473,0.9105367660522461,0.5228136777877808
YGR180C,YGR052W,0,-0.91502756,0.14913709461688995,0.9105367660522461,0.5229137539863586
YDR263C,YEL012W,0,-0.91544133,0.14911280572414398,0.9105367660522461,0.5230138301849365
YGR225W,YPR198W,0,-0.9157376,0.1490885466337204,0.9105367660522461,0.5231138467788696
YMR054W,YML036W,0,-0.9158588,0.14906427264213562,0.9105367660522461,0.5232139229774475
YBR177C,YLL012W,0,-0.9160617,0.14904002845287323,0.9105367660522461,0.5233139991760254
YER017C,YER052C,0,-0.9160828,0.14901578426361084,0.9105367660522461,0.5234140753746033
YGR264C,YBR026C,0,-0.9164137,0.14899154007434845,0.9105367660522461,0.5235140919685364
YLL045C,YGR285C,0,-0.91686594,0.14896731078624725,0.9105367660522461,0.5236141681671143
YPR189W,YEL069C,0,-0.917286,0.14894309639930725,0.9105367660522461,0.5237142443656921
YGR251W,YLR153C,0,-0.91734326,0.14891888201236725,0.9105367660522461,0.5238142609596252
YOL141W,YFL013C,0,-0.91880226,0.14889466762542725,0.9105367660522461,0.5239143371582031
YNL309W,YMR025W,0,-0.91884685,0.14887046813964844,0.9105367660522461,0.524014413356781
YPR035W,YGL203C,0,-0.9189292,0.14884628355503082,0.9105367660522461,0.5241144895553589
YDR498C,YNL335W,0,-0.9189384,0.1488220989704132,0.9105367660522461,0.524214506149292
YPR035W,YDR261W-A,0,-0.9191588,0.1487979143857956,0.9105367660522461,0.5243145823478699
YOR176W,YMR046C,0,-0.919516,0.14877375960350037,0.9105367660522461,0.5244146585464478
YDR419W,YBL041W,0,-0.91968095,0.14874958992004395,0.9105367660522461,0.5245147347450256
YDL128W,YKR069W,0,-0.92026424,0.14872543513774872,0.9105367660522461,0.5246147513389587
YDR076W,YNL026W,0,-0.920316,0.14870129525661469,0.9105367660522461,0.5247148275375366
YLR321C,YMR295C,0,-0.9207233,0.14867715537548065,0.9105367660522461,0.5248149037361145
YPL276W,YPL200W,0,-0.9207585,0.1486530303955078,0.9105367660522461,0.5249149203300476
YMR321C,YJL081C,0,-0.9213419,0.14862892031669617,0.9105367660522461,0.5250149965286255
YDR518W,YJL053W,0,-0.921641,0.14860479533672333,0.9105367660522461,0.5251150727272034
YIR015W,YHR070W,1,-0.9219424,0.1487428992986679,0.9115307927131653,0.5251150727272034
YDR218C,YDR260C,0,-0.92226064,0.14871877431869507,0.9115307927131653,0.5252151489257812
YMR182C,YOR187W,0,-0.9223747,0.14869466423988342,0.9115307927131653,0.5253151655197144
YCL024W,YNR044W,0,-0.92242086,0.14867055416107178,0.9115307927131653,0.5254152417182922
YPL259C,YKL165C,0,-0.922662,0.14864645898342133,0.9115307927131653,0.5255153179168701
YDL227C,YIL177C,0,-0.9226644,0.14862236380577087,0.9115307927131653,0.525615394115448
YLR130C,YDL039C,0,-0.92268646,0.14859828352928162,0.9115307927131653,0.5257154107093811
YPL119C,YGR229C,0,-0.92305326,0.14857420325279236,0.9115307927131653,0.525815486907959
YFR029W,YDR233C,0,-0.92312753,0.1485501378774643,0.9115307927131653,0.5259155631065369
YJL079C,YBL098W,0,-0.92335284,0.14852607250213623,0.9115307927131653,0.52601557970047
YBR260C,YFR036W,0,-0.92374915,0.14850202202796936,0.9115307927131653,0.5261156558990479
YOR212W,YIL095W,0,-0.9238825,0.14847798645496368,0.9115307927131653,0.5262157320976257
YLR227W-B,YOL151W,0,-0.92410195,0.14845393598079681,0.9115307927131653,0.5263158082962036
YMR039C,YMR032W,0,-0.9241889,0.14842991530895233,0.9115307927131653,0.5264158248901367
YOL155C,YER104W,0,-0.9245077,0.14840589463710785,0.9115307927131653,0.5265159010887146
YPR194C,YGL220W,0,-0.9245115,0.14838187396526337,0.9115307927131653,0.5266159772872925
YNL026W,YMR193W,0,-0.9249621,0.14835786819458008,0.9115307927131653,0.5267160534858704
YCL014W,YKL168C,0,-0.92524004,0.14833387732505798,0.9115307927131653,0.5268160700798035
YOR297C,YDR261W-A,0,-0.92529845,0.1483098864555359,0.9115307927131653,0.5269161462783813
YGR225W,YGL259W,0,-0.92540574,0.1482858955860138,0.9115307927131653,0.5270162224769592
YKL117W,YLR316C,0,-0.9256512,0.1482619196176529,0.9115307927131653,0.5271162986755371
YFR031C,YGL062W,0,-0.9260051,0.14823795855045319,0.9115307927131653,0.5272163152694702
YML091C,YHR187W,1,-0.926071,0.14837563037872314,0.9125248789787292,0.5272163152694702
YPR137W,YNL032W,0,-0.92625403,0.14835165441036224,0.9125248789787292,0.5273163914680481
YLR047C,YLR042C,0,-0.92647016,0.14832767844200134,0.9125248789787292,0.527416467666626
YPL276W,YGR281W,0,-0.9267581,0.14830371737480164,0.9125248789787292,0.5275164842605591
YDR205W,YOL028C,0,-0.9269389,0.14827975630760193,0.9125248789787292,0.527616560459137
YBR260C,YBR278W,0,-0.9271859,0.14825581014156342,0.9125248789787292,0.5277166366577148
YGR109W-B,YNL078W,0,-0.9274058,0.1482318788766861,0.9125248789787292,0.5278167128562927
YJL114W,YCR057C,0,-0.9276037,0.14820794761180878,0.9125248789787292,0.5279167294502258
YKL190W,YOR142W-A,0,-0.92780733,0.14818401634693146,0.9125248789787292,0.5280168056488037
YNR021W,YDR261C-D,0,-0.92803454,0.14816009998321533,0.9125248789787292,0.5281168818473816
YKL217W,YOL043C,0,-0.9284659,0.1481361985206604,0.9125248789787292,0.5282169580459595
YDL097C,YGL148W,0,-0.9292505,0.14811229705810547,0.9125248789787292,0.5283169746398926
YKL170W,YLR025W,0,-0.92956793,0.14808839559555054,0.9125248789787292,0.5284170508384705
YFR031C,YDR476C,0,-0.92986524,0.1480645090341568,0.9125248789787292,0.5285171270370483
YOL124C,YER125W,1,-0.9300477,0.14820189774036407,0.9135189056396484,0.5285171270370483
YDR059C,YHR057C,0,-0.9301765,0.14817801117897034,0.9135189056396484,0.5286171436309814
YNL297C,YJL004C,0,-0.9301839,0.1481541246175766,0.9135189056396484,0.5287172198295593
YEL031W,YCL052C,0,-0.93041533,0.14813023805618286,0.9135189056396484,0.5288172960281372
YKL206C,YGL060W,0,-0.93079144,0.14810636639595032,0.9135189056396484,0.5289173722267151
YGR113W,YER162C,0,-0.93080604,0.14808249473571777,0.9135189056396484,0.5290173888206482
YPL150W,YDR508C,0,-0.93094856,0.14805863797664642,0.9135189056396484,0.5291174650192261
YHR039C-A,YOR222W,0,-0.93147177,0.14803479611873627,0.9135189056396484,0.529217541217804
YGL186C,YLR440C,0,-0.9317646,0.1480109542608261,0.9135189056396484,0.5293176174163818
YBR260C,YGL170C,0,-0.93184894,0.14798711240291595,0.9135189056396484,0.5294176340103149
YGR020C,YIL042C,0,-0.932181,0.147963285446167,0.9135189056396484,0.5295177102088928
YJL124C,YMR210W,0,-0.9324287,0.14793947339057922,0.9135189056396484,0.5296177864074707
YOR377W,YNL026W,0,-0.93244445,0.14791566133499146,0.9135189056396484,0.5297178030014038
YOL107W,YJL079C,0,-0.9327908,0.14789186418056488,0.9135189056396484,0.5298178791999817
YMR241W,YER101C,0,-0.93288755,0.1478680670261383,0.9135189056396484,0.5299179553985596
YKR071C,YNR028W,0,-0.93290204,0.14784426987171173,0.9135189056396484,0.5300180315971375
YIL142W,YGR010W,0,-0.9330095,0.14782048761844635,0.9135189056396484,0.5301180481910706
YER117W,YMR300C,0,-0.9334244,0.14779672026634216,0.9135189056396484,0.5302181243896484
YAL040C,YPL027W,0,-0.9340015,0.14777295291423798,0.9135189056396484,0.5303182005882263
YPR167C,YNL010W,0,-0.9340661,0.14774920046329498,0.9135189056396484,0.5304182767868042
YER162C,YLR386W,0,-0.9347037,0.147725448012352,0.9135189056396484,0.5305182933807373
YER046W,YBR192W,0,-0.9347789,0.1477017104625702,0.9135189056396484,0.5306183695793152
YGR012W,YBR243C,0,-0.93546426,0.1476779729127884,0.9135189056396484,0.5307184457778931
YDL227C,YER137C,0,-0.93559206,0.1476542353630066,0.9135189056396484,0.5308184623718262
YGR239C,YDL045C,0,-0.9357183,0.14763052761554718,0.9135189056396484,0.530918538570404
YDR233C,YPR138C,0,-0.93621343,0.14760680496692657,0.9135189056396484,0.5310186147689819
YPL200W,YGR072W,0,-0.9370079,0.14758311212062836,0.9135189056396484,0.5311186909675598
YLR429W,YJL053W,0,-0.93715715,0.14755940437316895,0.9135189056396484,0.5312187075614929
YER055C,YPR043W,0,-0.9373448,0.14753572642803192,0.9135189056396484,0.5313187837600708
YBR238C,YJR026W,0,-0.9374567,0.1475120335817337,0.9135189056396484,0.5314188599586487
YDR059C,YOR138C,0,-0.93765116,0.14748837053775787,0.9135189056396484,0.5315189361572266
YCL024W,YGR268C,0,-0.9377718,0.14746469259262085,0.9135189056396484,0.5316189527511597
YDL021W,YPR091C,0,-0.93796176,0.1474410444498062,0.9135189056396484,0.5317190289497375
YPR158C-C,YOR274W,0,-0.9385636,0.14741738140583038,0.9135189056396484,0.5318191051483154
YDL216C,YER130C,0,-0.9386593,0.14739374816417694,0.9135189056396484,0.5319191217422485
YNL008C,YIL177C,0,-0.9390025,0.1473701149225235,0.9135189056396484,0.5320191979408264
YNL172W,YBR294W,0,-0.9391962,0.14734648168087006,0.9135189056396484,0.5321192741394043
YHR002W,YDR254W,0,-0.9399982,0.1473228633403778,0.9135189056396484,0.5322193503379822
YMR078C,YDR369C,0,-0.94009614,0.14729924499988556,0.9135189056396484,0.5323193669319153
YHR041C,YOR099W,0,-0.940618,0.1472756415605545,0.9135189056396484,0.5324194431304932
YGR112W,YFL048C,0,-0.94091743,0.14725203812122345,0.9135189056396484,0.532519519329071
YBR287W,YDR173C,0,-0.94152427,0.1472284495830536,0.9135189056396484,0.5326195955276489
YBR187W,YPL274W,0,-0.9416615,0.14720487594604492,0.9135189056396484,0.532719612121582
YOR298W,YCR046C,0,-0.9418565,0.14718128740787506,0.9135189056396484,0.5328196883201599
YOR071C,YBL026W,0,-0.94195956,0.1471577286720276,0.9135189056396484,0.5329197645187378
YPL167C,YKR102W,0,-0.941986,0.14713416993618011,0.9135189056396484,0.5330198407173157
YPL139C,YLR389C,0,-0.94209063,0.14711061120033264,0.9135189056396484,0.5331198573112488
YGR056W,YGR161W-B,0,-0.94243866,0.14708706736564636,0.9135189056396484,0.5332199335098267
YER055C,YDR222W,0,-0.9426195,0.14706352353096008,0.9135189056396484,0.5333200097084045
YDL171C,YDR170C,0,-0.942888,0.147039994597435,0.9135189056396484,0.5334200263023376
YDL206W,YJL144W,0,-0.9429233,0.1470164805650711,0.9135189056396484,0.5335201025009155
YLR383W,YPL087W,0,-0.94431543,0.14699296653270721,0.9135189056396484,0.5336201786994934
YOR138C,YGL233W,0,-0.9447888,0.14696945250034332,0.9135189056396484,0.5337202548980713
YKR066C,YLR410W-A,0,-0.9453073,0.14694595336914062,0.9135189056396484,0.5338202714920044
YER046W,YMR159C,0,-0.94564223,0.14692246913909912,0.9135189056396484,0.5339203476905823
YMR315W,YGR109W-B,0,-0.9458125,0.14689897000789642,0.9135189056396484,0.5340204238891602
YPL151C,YIL035C,0,-0.9458199,0.1468755006790161,0.9135189056396484,0.534120500087738
YDR512C,YPR006C,0,-0.94596744,0.1468520313501358,0.9135189056396484,0.5342205166816711
YGR288W,YNL281W,0,-0.9460648,0.1468285620212555,0.9135189056396484,0.534320592880249
YPL122C,YMR272C,0,-0.94626534,0.14680510759353638,0.9135189056396484,0.5344206690788269
YOR099W,YPR083W,0,-0.9463083,0.14678166806697845,0.9135189056396484,0.53452068567276
YDR411C,YHR211W,0,-0.9464504,0.14675822854042053,0.9135189056396484,0.5346207618713379
YNL016W,YML036W,0,-0.9466307,0.1467347890138626,0.9135189056396484,0.5347208380699158
YHR061C,YOR098C,0,-0.94693464,0.14671136438846588,0.9135189056396484,0.5348209142684937
YIR025W,YLR278C,0,-0.9474158,0.14668795466423035,0.9135189056396484,0.5349209308624268
YNL117W,YGR229C,0,-0.9479828,0.1466645449399948,0.9135189056396484,0.5350210070610046
YGL010W,YDR260C,0,-0.9488096,0.14664113521575928,0.9135189056396484,0.5351210832595825
YDR218C,YHR057C,0,-0.9492222,0.14661774039268494,0.9135189056396484,0.5352211594581604
YGR105W,YPL196W,0,-0.94959766,0.1465943604707718,0.9135189056396484,0.5353211760520935
YDL140C,YML052W,0,-0.9496013,0.14657096564769745,0.9135189056396484,0.5354212522506714
YDR454C,YDL202W,0,-0.9496979,0.1465476006269455,0.9135189056396484,0.5355213284492493
YIL002C,YFR029W,0,-0.9499335,0.14652423560619354,0.9135189056396484,0.5356213450431824
YJR032W,YER052C,0,-0.9500158,0.1465008705854416,0.9135189056396484,0.5357214212417603
YIR018W,YJL004C,0,-0.9500241,0.14647752046585083,0.9135189056396484,0.5358214974403381
YOL026C,YKL189W,0,-0.9503553,0.14645418524742126,0.9135189056396484,0.535921573638916
YPR035W,YBR145W,0,-0.9504374,0.1464308500289917,0.9135189056396484,0.5360215902328491
YPR002W,YMR099C,0,-0.9509165,0.14640751481056213,0.9135189056396484,0.536121666431427
YKL067W,YLR227W-B,0,-0.95111156,0.14638419449329376,0.9135189056396484,0.5362217426300049
YHR132C,YPL167C,0,-0.9515115,0.14636088907718658,0.9135189056396484,0.5363218188285828
YDL133C-A,YGR167W,0,-0.95185095,0.1463375836610794,0.9135189056396484,0.5364218354225159
YKL009W,YBR281C,0,-0.9520981,0.14631427824497223,0.9135189056396484,0.5365219116210938
YGR175C,YLR329W,0,-0.95227396,0.14629098773002625,0.9135189056396484,0.5366219878196716
YLR043C,YLR129W,0,-0.9524739,0.14626771211624146,0.9135189056396484,0.5367220044136047
YCL036W,YCL004W,0,-0.9526914,0.14624443650245667,0.9135189056396484,0.5368220806121826
YLR129W,YNL302C,0,-0.95364493,0.14622116088867188,0.9135189056396484,0.5369221568107605
YIL134W,YDR137W,0,-0.9536505,0.14619790017604828,0.9135189056396484,0.5370222330093384
YOR148C,YER190W,0,-0.9540974,0.14617463946342468,0.9135189056396484,0.5371222496032715
YLR244C,YNL084C,0,-0.95456654,0.14615139365196228,0.9135189056396484,0.5372223258018494
YGL232W,YMR047C,1,-0.9546298,0.14628717303276062,0.9145129323005676,0.5372223258018494
YDL029W,YER138C,0,-0.95466536,0.14626391232013702,0.9145129323005676,0.5373224020004272
YIL002C,YBR282W,0,-0.9546766,0.14624066650867462,0.9145129323005676,0.5374224781990051
YOR343W-B,YGL037C,0,-0.95531166,0.14621742069721222,0.9145129323005676,0.5375224947929382
YOL103W-B,YPR001W,0,-0.9554553,0.146194189786911,0.9145129323005676,0.5376225709915161
YAR031W,YPL027W,0,-0.95546997,0.1461709588766098,0.9145129323005676,0.537722647190094
YPL064C,YLR182W,0,-0.95568275,0.1461477428674698,0.9145129323005676,0.5378227233886719
YLR394W,YGL226C-A,0,-0.9556874,0.14612452685832977,0.9145129323005676,0.537922739982605
YAR035W,YOR251C,0,-0.9561008,0.14610131084918976,0.9145129323005676,0.5380228161811829
YBR223C,YKL205W,0,-0.9563041,0.14607812464237213,0.9145129323005676,0.5381228923797607
YOL103W-B,YGR177C,0,-0.95677346,0.1460549235343933,0.9145129323005676,0.5382229089736938
YGL211W,YOL066C,1,-0.95699644,0.14619047939777374,0.9155069589614868,0.5382229089736938
YKL038W,YPR091C,0,-0.9570675,0.14616727828979492,0.9155069589614868,0.5383229851722717
YGL062W,YPL119C,0,-0.9573024,0.1461440771818161,0.9155069589614868,0.5384230613708496
YOL066C,YMR319C,0,-0.9573423,0.14612089097499847,0.9155069589614868,0.5385231375694275
YIL006W,YBR287W,0,-0.9573608,0.14609771966934204,0.9155069589614868,0.5386231541633606
YNR018W,YDR332W,0,-0.95743287,0.1460745483636856,0.9155069589614868,0.5387232303619385
YJR005W,YOR038C,0,-0.95750535,0.14605137705802917,0.9155069589614868,0.5388233065605164
YPL223C,YOR222W,0,-0.9580401,0.14602822065353394,0.9155069589614868,0.5389233827590942
YMR078C,YBR010W,0,-0.95806664,0.1460050791501999,0.9155069589614868,0.5390233993530273
YML112W,YER138C,0,-0.9599764,0.14598193764686584,0.9155069589614868,0.5391234755516052
YML051W,YML058W-A,0,-0.9603182,0.1459587961435318,0.9155069589614868,0.5392235517501831
YPR200C,YML030W,0,-0.9604632,0.14593566954135895,0.9155069589614868,0.5393235683441162
YPR162C,YER055C,0,-0.96059847,0.1459125429391861,0.9155069589614868,0.5394236445426941
YPR011C,YMR112C,0,-0.9606669,0.14588943123817444,0.9155069589614868,0.539523720741272
YJR005W,YLR301W,0,-0.9608127,0.14586633443832397,0.9155069589614868,0.5396237969398499
YLR183C,YMR099C,0,-0.9608892,0.1458432376384735,0.9155069589614868,0.539723813533783
YMR099C,YER104W,0,-0.9611131,0.14582014083862305,0.9155069589614868,0.5398238897323608
YLR312W-A,YMR065W,0,-0.961225,0.14579705893993378,0.9155069589614868,0.5399239659309387
YMR276W,YOL102C,0,-0.96135527,0.1457739770412445,0.9155069589614868,0.5400240421295166
YPR182W,YGR118W,0,-0.9621483,0.14575091004371643,0.9155069589614868,0.5401240587234497
YGR085C,YPL183W-A,0,-0.96234745,0.14572784304618835,0.9155069589614868,0.5402241349220276
YOL070C,YDL197C,0,-0.9623836,0.14570479094982147,0.9155069589614868,0.5403242111206055
YNR067C,YKL144C,0,-0.96241146,0.1456817388534546,0.9155069589614868,0.5404242277145386
YDR205W,YHR039C-A,0,-0.96310276,0.1456587016582489,0.9155069589614868,0.5405243039131165
YDR285W,YDL015C,0,-0.9631934,0.1456356793642044,0.9155069589614868,0.5406243801116943
YDL028C,YJL213W,0,-0.9632131,0.14561264216899872,0.9155069589614868,0.5407244563102722
YDL054C,YBR187W,0,-0.9632871,0.14558963477611542,0.9155069589614868,0.5408244729042053
YKL203C,YNR060W,0,-0.96354866,0.14556661248207092,0.9155069589614868,0.5409245491027832
YKR066C,YDR164C,0,-0.963709,0.14554361999034882,0.9155069589614868,0.5410246253013611
YHR074W,YNL084C,0,-0.9638196,0.14552061259746552,0.9155069589614868,0.541124701499939
YKR057W,YPL078C,0,-0.96416104,0.1454976350069046,0.9155069589614868,0.5412247180938721
YMR117C,YKR101W,0,-0.96460503,0.1454746425151825,0.9155069589614868,0.54132479429245
YNL073W,YGR222W,0,-0.9646376,0.14545167982578278,0.9155069589614868,0.5414248704910278
YMR013C,YJL166W,0,-0.96484154,0.14542870223522186,0.9155069589614868,0.5415248870849609
YGL094C,YJL085W,0,-0.96533227,0.14540573954582214,0.9155069589614868,0.5416249632835388
YOR239W,YPR152C,0,-0.9656149,0.14538279175758362,0.9155069589614868,0.5417250394821167
YNL107W,YPL183W-A,0,-0.9661184,0.1453598439693451,0.9155069589614868,0.5418251156806946
YLR187W,YJL192C,0,-0.9663843,0.14533691108226776,0.9155069589614868,0.5419251322746277
YDR473C,YMR145C,0,-0.96640146,0.14531397819519043,0.9155069589614868,0.5420252084732056
YNL223W,YOR209C,0,-0.9664788,0.1452910602092743,0.9155069589614868,0.5421252846717834
YDL215C,YGR229C,0,-0.9666344,0.14526814222335815,0.9155069589614868,0.5422253608703613
YDL061C,YDL227C,0,-0.96674925,0.14524522423744202,0.9155069589614868,0.5423253774642944
YGL236C,YER112W,1,-0.9667597,0.14538000524044037,0.916500985622406,0.5423253774642944
YBR059C,YJL144W,0,-0.96684504,0.14535708725452423,0.916500985622406,0.5424254536628723
YDR076W,YJR101W,0,-0.9673042,0.1453341692686081,0.916500985622406,0.5425255298614502
YBR247C,YMR008C,0,-0.96732634,0.14531126618385315,0.916500985622406,0.5426255464553833
YHR168W,YHR008C,0,-0.96740353,0.1452883780002594,0.916500985622406,0.5427256226539612
YGR161W-B,YJL144W,0,-0.9674189,0.14526547491550446,0.916500985622406,0.5428256988525391
YGL256W,YGR143W,0,-0.96764433,0.1452426016330719,0.916500985622406,0.5429257750511169
YGR281W,YER165W,0,-0.96830183,0.14521971344947815,0.916500985622406,0.54302579164505
YEL036C,YER137C-A,0,-0.9685653,0.1451968550682068,0.916500985622406,0.5431258678436279
YNL297C,YPL113C,0,-0.96867895,0.14517398178577423,0.916500985622406,0.5432259440422058
YBR238C,YML132W,0,-0.96896005,0.14515113830566406,0.916500985622406,0.5433260202407837
YDR210C-C,YOR209C,0,-0.96910906,0.1451282799243927,0.916500985622406,0.5434260368347168
YFL001W,YMR023C,1,-0.9693631,0.14526282250881195,0.9174950122833252,0.5434260368347168
YGL256W,YKL015W,0,-0.9693796,0.1452399641275406,0.9174950122833252,0.5435261130332947
YML058W-A,YNL262W,0,-0.97000134,0.14521712064743042,0.9174950122833252,0.5436261892318726
YMR097C,YNR057C,0,-0.97017443,0.14519427716732025,0.9174950122833252,0.5437262654304504
YNL107W,YOR142W-A,0,-0.9701755,0.14517143368721008,0.9174950122833252,0.5438262820243835
YLL045C,YPR119W,0,-0.9704467,0.1451486051082611,0.9174950122833252,0.5439263582229614
YGL174W,YDR332W,0,-0.97064483,0.14512579143047333,0.9174950122833252,0.5440264344215393
YLL051C,YFL017W-A,0,-0.9711927,0.14510297775268555,0.9174950122833252,0.5441264510154724
YOR343W-B,YML006C,0,-0.97145945,0.14508016407489777,0.9174950122833252,0.5442265272140503
YFR018C,YJL214W,0,-0.9715253,0.14505736529827118,0.9174950122833252,0.5443266034126282
YFL033C,YMR273C,0,-0.9715847,0.1450345665216446,0.9174950122833252,0.544426679611206
YDL083C,YJL213W,0,-0.97158873,0.1450117826461792,0.9174950122833252,0.5445266962051392
YJL103C,YMR250W,0,-0.9718938,0.1449889987707138,0.9174950122833252,0.544626772403717
YDR072C,YLR213C,0,-0.9723358,0.1449662297964096,0.9174950122833252,0.5447268486022949
YFR036W,YIR032C,0,-0.97290015,0.1449434608221054,0.9174950122833252,0.5448269248008728
YKL126W,YOR327C,0,-0.97334737,0.1449207067489624,0.9174950122833252,0.5449269413948059
YOL145C,YDR138W,0,-0.9734533,0.1448979526758194,0.9174950122833252,0.5450270175933838
YPL113C,YGL103W,0,-0.97358465,0.14487521350383759,0.9174950122833252,0.5451270937919617
YIL046W,YKR028W,0,-0.97367173,0.14485247433185577,0.9174950122833252,0.5452271103858948
YGL092W,YGR169C,1,-0.974151,0.14498665928840637,0.9184890389442444,0.5452271103858948
YPR011C,YGR276C,0,-0.97441834,0.14496392011642456,0.9184890389442444,0.5453271865844727
YER162C,YML039W,0,-0.97449386,0.14494118094444275,0.9184890389442444,0.5454272627830505
YDR285W,YCR014C,0,-0.97453415,0.14491844177246094,0.9184890389442444,0.5455273389816284
YNL127W,YKL094W,0,-0.97493136,0.14489571750164032,0.9184890389442444,0.5456273555755615
YNL314W,YPL257W-B,0,-0.976063,0.1448730081319809,0.9184890389442444,0.5457274317741394
YOL129W,YFL066C,0,-0.9761951,0.14485028386116028,0.9184890389442444,0.5458275079727173
YLL045C,YGL019W,0,-0.9766413,0.14482758939266205,0.9184890389442444,0.5459275841712952
YGL083W,YOR212W,0,-0.9772184,0.14480489492416382,0.9184890389442444,0.5460276007652283
YKL041W,YGR085C,0,-0.9776656,0.1447822004556656,0.9184890389442444,0.5461276769638062
YGL062W,YOR219C,0,-0.97801113,0.14475952088832855,0.9184890389442444,0.546227753162384
YOL066C,YBR150C,0,-0.97825336,0.14473684132099152,0.9184890389442444,0.5463277697563171
YPR011C,YNL259C,0,-0.97844094,0.14471417665481567,0.9184890389442444,0.546427845954895
YPL196W,YBR238C,0,-0.97888047,0.14469151198863983,0.9184890389442444,0.5465279221534729
YDR473C,YOL158C,0,-0.9790129,0.14466886222362518,0.9184890389442444,0.5466279983520508
YOR148C,YLR187W,0,-0.9792156,0.14464621245861053,0.9184890389442444,0.5467280149459839
YPR047W,YER168C,1,-0.97955793,0.14478008449077606,0.9194831252098083,0.5467280149459839
YCL018W,YDR140W,0,-0.97976506,0.1447574347257614,0.9194831252098083,0.5468280911445618
YJR010W,YPL113C,0,-0.98018056,0.14473478496074677,0.9194831252098083,0.5469281673431396
YOR274W,YIL080W,0,-0.98049664,0.14471213519573212,0.9194831252098083,0.5470282435417175
YPR113W,YER046W,0,-0.98062074,0.14468950033187866,0.9194831252098083,0.5471282601356506
YBR125C,YLR278C,0,-0.9806353,0.1446668803691864,0.9194831252098083,0.5472283363342285
YHR047C,YPL093W,0,-0.9806752,0.14464426040649414,0.9194831252098083,0.5473284125328064
YFL002W-B,YNL262W,0,-0.98088884,0.14462164044380188,0.9194831252098083,0.5474284291267395
YCL074W,YOL102C,0,-0.9816232,0.1445990353822708,0.9194831252098083,0.5475285053253174
YNL314W,YDR233C,0,-0.9818282,0.14457643032073975,0.9194831252098083,0.5476285815238953
YER137C-A,YNL122C,0,-0.98210555,0.14455384016036987,0.9194831252098083,0.5477286577224731
YDL029W,YLR025W,0,-0.9822287,0.14453125,0.9194831252098083,0.5478286743164062
YMR061W,YNL070W,0,-0.98256314,0.14450867474079132,0.9194831252098083,0.5479287505149841
YDL128W,YHR082C,0,-0.98277605,0.14448609948158264,0.9194831252098083,0.548028826713562
YDR383C,YBR128C,0,-0.98284364,0.14446353912353516,0.9194831252098083,0.5481289029121399
YNL010W,YOL054W,0,-0.98297286,0.14444097876548767,0.9194831252098083,0.548228919506073
YOL082W,YAR035W,0,-0.9838252,0.14441841840744019,0.9194831252098083,0.5483289957046509
YLR042C,YOR285W,0,-0.98434937,0.1443958729505539,0.9194831252098083,0.5484290719032288
YJR053W,YKR069W,0,-0.9850873,0.1443733423948288,0.9194831252098083,0.5485290884971619
YNL314W,YPL078C,0,-0.98564017,0.1443508118391037,0.9194831252098083,0.5486291646957397
YMR200W,YDR081C,0,-0.98628426,0.1443282812833786,0.9194831252098083,0.5487292408943176
YDR411C,YAR027W,0,-0.9862906,0.1443057656288147,0.9194831252098083,0.5488293170928955
YGL094C,YDR109C,0,-0.9864348,0.144283264875412,0.9194831252098083,0.5489293336868286
YJR005W,YFL013C,0,-0.98664665,0.14426076412200928,0.9194831252098083,0.5490294098854065
YER050C,YDR473C,0,-0.9867799,0.14423826336860657,0.9194831252098083,0.5491294860839844
YPR167C,YLR047C,0,-0.9868971,0.14421577751636505,0.9194831252098083,0.5492295622825623
YHR074W,YCR057C,0,-0.98710775,0.14419329166412354,0.9194831252098083,0.5493295788764954
YKL170W,YGR032W,0,-0.9872385,0.1441708207130432,0.9194831252098083,0.5494296550750732
YJL004C,YNL259C,0,-0.9875119,0.1441483497619629,0.9194831252098083,0.5495297312736511
YKL009W,YMR203W,0,-0.98757076,0.14412589371204376,0.9194831252098083,0.549629807472229
YBL011W,YEL041W,0,-0.9878102,0.14410343766212463,0.9194831252098083,0.5497298240661621
YGL172W,YBR022W,1,-0.98805034,0.144236758351326,0.9204771518707275,0.5497298240661621
YBL005W-B,YGR258C,0,-0.9882519,0.14421430230140686,0.9204771518707275,0.54982990026474
YJR006W,YKL180W,0,-0.98826325,0.14419184625148773,0.9204771518707275,0.5499299764633179
YDR076W,YOR393W,0,-0.9887903,0.1441693902015686,0.9204771518707275,0.550029993057251
YGL236C,YAL020C,1,-0.98883253,0.1443026214838028,0.9214711785316467,0.550029993057251
YGR161W-B,YDL028C,0,-0.9894049,0.14428015053272247,0.9214711785316467,0.5501300692558289
YJL117W,YPR159W,0,-0.98996246,0.14425770938396454,0.9214711785316467,0.5502301454544067
YDR030C,YDL171C,0,-0.99007726,0.1442352533340454,0.9214711785316467,0.5503302216529846
YER014C-A,YBR170C,0,-0.9903003,0.14421281218528748,0.9214711785316467,0.5504302382469177
YBR002C,YOR351C,0,-0.99031043,0.14419038593769073,0.9214711785316467,0.5505303144454956
YHR119W,YMR115W,0,-0.9908236,0.144167959690094,0.9214711785316467,0.5506303906440735
YDR222W,YPR163C,0,-0.99161565,0.14414554834365845,0.9214711785316467,0.5507304668426514
YHR005C-A,YHR156C,0,-0.99171036,0.1441231369972229,0.9214711785316467,0.5508304834365845
YPL150W,YMR172W,0,-0.9918839,0.14410072565078735,0.9214711785316467,0.5509305596351624
YOR126C,YGL244W,0,-0.9921358,0.144078329205513,0.9214711785316467,0.5510306358337402
YDL022W,YLR330W,0,-0.99224246,0.14405594766139984,0.9214711785316467,0.5511306524276733
YOR291W,YJR127C,0,-0.99230564,0.14403356611728668,0.9214711785316467,0.5512307286262512
YML073C,YFR033C,0,-0.9928205,0.14401118457317352,0.9214711785316467,0.5513308048248291
YCR060W,YPL104W,0,-0.9930283,0.14398881793022156,0.9214711785316467,0.551430881023407
YNL172W,YPR043W,0,-0.99348444,0.1439664512872696,0.9214711785316467,0.5515308976173401
YJR092W,YLR295C,0,-0.99361503,0.14394409954547882,0.9214711785316467,0.551630973815918
YNL192W,YNL078W,0,-0.9936992,0.14392174780368805,0.9214711785316467,0.5517310500144958
YOR142W-B,YGR177C,0,-0.99389523,0.14389941096305847,0.9214711785316467,0.5518311262130737
YLL003W,YGL225W,0,-0.9939668,0.1438770741224289,0.9214711785316467,0.5519311428070068
YJL024C,YMR034C,0,-0.99437964,0.1438547521829605,0.9214711785316467,0.5520312190055847
YPL257W-B,YKR044W,0,-0.99441266,0.14383243024349213,0.9214711785316467,0.5521312952041626
YOR187W,YJL085W,0,-0.9945141,0.14381010830402374,0.9214711785316467,0.5522313117980957
YJR149W,YPL011C,0,-0.9946966,0.14378780126571655,0.9214711785316467,0.5523313879966736
YPL094C,YJR083C,0,-0.9947685,0.14376550912857056,0.9214711785316467,0.5524314641952515
YNL192W,YLR227W-B,0,-0.99504673,0.14374321699142456,0.9214711785316467,0.5525315403938293
YLR157C,YLR187W,0,-0.9959513,0.14372092485427856,0.9214711785316467,0.5526315569877625
YER087W,YBR042C,0,-0.9961082,0.14369864761829376,0.9214711785316467,0.5527316331863403
YKR019C,YNL208W,0,-0.99640477,0.14367638528347015,0.9214711785316467,0.5528317093849182
YML006C,YGR255C,0,-0.99704117,0.14365410804748535,0.9214711785316467,0.5529317855834961
YGR281W,YPR080W,0,-0.99735063,0.14363186061382294,0.9214711785316467,0.5530318021774292
YLR394W,YNL016W,0,-0.9977053,0.14360959827899933,0.9214711785316467,0.5531318783760071
YPR072W,YML032C,0,-0.9977968,0.1435873657464981,0.9214711785316467,0.553231954574585
YGR167W,YPR138C,0,-0.9978175,0.1435651183128357,0.9214711785316467,0.5533319711685181
YDL179W,YFL010W-A,0,-0.9978226,0.14354288578033447,0.9214711785316467,0.553432047367096
YNL261W,YFR036W,0,-0.99850225,0.14352066814899445,0.9214711785316467,0.5535321235656738
YBL112C,YMR008C,0,-0.99913156,0.14349845051765442,0.9214711785316467,0.5536321997642517
YHR175W,YBR187W,0,-0.9996047,0.14347624778747559,0.9214711785316467,0.5537322163581848
YGR109W-B,YNL335W,0,-0.9999535,0.14345404505729675,0.9214711785316467,0.5538322925567627
YDL179W,YDL024C,0,-1.0002402,0.14343184232711792,0.9214711785316467,0.5539323687553406
YNL261W,YAR027W,0,-1.0010543,0.14340965449810028,0.9214711785316467,0.5540324449539185
YDR463W,YDL033C,1,-1.0012239,0.14354215562343597,0.9224652051925659,0.5540324449539185
YLR219W,YBR026C,0,-1.0013094,0.14351995289325714,0.9224652051925659,0.5541324615478516
YIL135C,YFL010W-A,0,-1.0017887,0.1434977650642395,0.9224652051925659,0.5542325377464294
YMR218C,YDR498C,0,-1.0018628,0.14347557723522186,0.9224652051925659,0.5543326139450073
YDR263C,YOR343W-B,0,-1.0028833,0.14345338940620422,0.9224652051925659,0.5544326305389404
YJR127C,YGL019W,0,-1.0029178,0.14343121647834778,0.9224652051925659,0.5545327067375183
YFL014W,YLR301W,0,-1.0030525,0.14340905845165253,0.9224652051925659,0.5546327829360962
YGR221C,YJR092W,0,-1.0031677,0.14338690042495728,0.9224652051925659,0.5547328591346741
YOL057W,YOR324C,0,-1.0041088,0.14336474239826202,0.9224652051925659,0.5548328757286072
YBL058W,YPR162C,0,-1.0041162,0.14334259927272797,0.9224652051925659,0.5549329519271851
YGL068W,YDL074C,0,-1.0041167,0.1433204561471939,0.9224652051925659,0.5550330281257629
YDR405W,YLR410W-B,0,-1.0042855,0.14329832792282104,0.9224652051925659,0.5551331043243408
YGR113W,YIL021W,0,-1.0043136,0.14327621459960938,0.9224652051925659,0.5552331209182739
YBL058W,YGL162W,0,-1.0045992,0.1432540863752365,0.9224652051925659,0.5553331971168518
YGL180W,YOR343W-B,0,-1.0050874,0.14323197305202484,0.9224652051925659,0.5554332733154297
YJR107W,YIL035C,0,-1.005587,0.14320987462997437,0.9224652051925659,0.5555333495140076
YER098W,YDR233C,0,-1.0057368,0.1431877762079239,0.9224652051925659,0.5556333661079407
YLR203C,YMR160W,0,-1.0059848,0.1431656926870346,0.9224652051925659,0.5557334423065186
YGL186C,YOR232W,0,-1.0060985,0.14314360916614532,0.9224652051925659,0.5558335185050964
YMR020W,YIL159W,0,-1.0063694,0.14312152564525604,0.9224652051925659,0.5559335350990295
YHR211W,YPL257W-B,0,-1.0066253,0.14309945702552795,0.9224652051925659,0.5560336112976074
YLR203C,YHR119W,0,-1.0067183,0.14307740330696106,0.9224652051925659,0.5561336874961853
YNL080C,YOR162C,0,-1.0067955,0.14305533468723297,0.9224652051925659,0.5562337636947632
YBR260C,YNL202W,0,-1.0069013,0.14303329586982727,0.9224652051925659,0.5563337802886963
YJL034W,YJL103C,0,-1.007194,0.14301125705242157,0.9224652051925659,0.5564338564872742
YER137C-A,YDR304C,0,-1.0072267,0.14298921823501587,0.9224652051925659,0.556533932685852
YML112W,YMR025W,0,-1.0076758,0.14296717941761017,0.9224652051925659,0.5566340088844299
YDR498C,YDL077C,0,-1.0078729,0.14294517040252686,0.9224652051925659,0.556734025478363
YLR029C,YOL112W,0,-1.0086632,0.14292314648628235,0.9224652051925659,0.5568341016769409
YGR036C,YER137C-A,0,-1.0086856,0.14290113747119904,0.9224652051925659,0.5569341778755188
YMR117C,YKL124W,0,-1.0087653,0.14287914335727692,0.9224652051925659,0.5570341944694519
YGL122C,YJL140W,0,-1.0095079,0.1428571492433548,0.9224652051925659,0.5571342706680298
YEL052W,YHR060W,0,-1.0098778,0.14283515512943268,0.9224652051925659,0.5572343468666077
YFR033C,YLR224W,0,-1.009902,0.14281317591667175,0.9224652051925659,0.5573344230651855
YKL013C,YJL144W,0,-1.0102628,0.14279119670391083,0.9224652051925659,0.5574344396591187
YOR212W,YJR119C,0,-1.0103352,0.1427692323923111,0.9224652051925659,0.5575345158576965
YLR289W,YJR031C,0,-1.0109015,0.14274726808071136,0.9224652051925659,0.5576345920562744
YLR452C,YDR260C,0,-1.010941,0.14272531867027283,0.9224652051925659,0.5577346682548523
YER175C,YJL178C,0,-1.0110275,0.1427033692598343,0.9224652051925659,0.5578346848487854
YDL217C,YMR087W,0,-1.011317,0.14268141984939575,0.9224652051925659,0.5579347610473633
YNR031C,YMR240C,0,-1.0114177,0.1426594853401184,0.9224652051925659,0.5580348372459412
YPR035W,YKL085W,0,-1.0116689,0.14263756573200226,0.9224652051925659,0.5581348538398743
YDL028C,YJL144W,0,-1.0119421,0.1426156461238861,0.9224652051925659,0.5582349300384521
YGR012W,YNR013C,0,-1.0124049,0.14259372651576996,0.9224652051925659,0.55833500623703
YDR159W,YDR353W,0,-1.0132202,0.142571821808815,0.9224652051925659,0.5584350824356079
YAR027W,YDR222W,0,-1.0137498,0.14254991710186005,0.9224652051925659,0.558535099029541
YDR530C,YER104W,0,-1.0138515,0.14252802729606628,0.9224652051925659,0.5586351752281189
YML073C,YNL309W,0,-1.01388,0.14250613749027252,0.9224652051925659,0.5587352514266968
YDL006W,YOR251C,1,-1.0139841,0.14263780415058136,0.9234592318534851,0.5587352514266968
YGR020C,YEL030W,0,-1.0142801,0.1426158994436264,0.9234592318534851,0.5588353276252747
YFL013C,YLR330W,0,-1.0147355,0.14259400963783264,0.9234592318534851,0.5589353442192078
YGR161W-B,YNL073W,0,-1.0150679,0.14257213473320007,0.9234592318534851,0.5590354204177856
YIR011C,YGR034W,0,-1.015091,0.1425502598285675,0.9234592318534851,0.5591354966163635
YJR151C,YPL113C,0,-1.0159887,0.14252838492393494,0.9234592318534851,0.5592355132102966
YHL034C,YNL239W,0,-1.0160835,0.14250652492046356,0.9234592318534851,0.5593355894088745
YIL094C,YOR285W,0,-1.0160959,0.1424846649169922,0.9234592318534851,0.5594356656074524
YFL002W-B,YJR040W,0,-1.0161189,0.142462819814682,0.9234592318534851,0.5595357418060303
YNL271C,YOR106W,0,-1.0162306,0.14244097471237183,0.9234592318534851,0.5596357583999634
YJR010W,YMR273C,0,-1.0167463,0.14241912961006165,0.9234592318534851,0.5597358345985413
YKR019C,YMR301C,0,-1.0167892,0.14239729940891266,0.9234592318534851,0.5598359107971191
YGR036C,YAR031W,0,-1.0168614,0.14237548410892487,0.9234592318534851,0.559935986995697
YGR288W,YLR191W,0,-1.017153,0.14235366880893707,0.9234592318534851,0.5600360035896301
YKL119C,YLR380W,0,-1.0172312,0.14233185350894928,0.9234592318534851,0.560136079788208
YIL108W,YFR021W,0,-1.0172709,0.14231005311012268,0.9234592318534851,0.5602361559867859
YGR161W-B,YPR191W,0,-1.0176271,0.14228825271129608,0.9234592318534851,0.560336172580719
YBL005W-B,YNL107W,0,-1.0182536,0.14226646721363068,0.9234592318534851,0.5604362487792969
YGL186C,YDR131C,0,-1.0183923,0.14224468171596527,0.9234592318534851,0.5605363249778748
YKL171W,YDR304C,0,-1.0184352,0.14222289621829987,0.9234592318534851,0.5606364011764526
YFL038C,YDR170C,0,-1.0184625,0.14220112562179565,0.9234592318534851,0.5607364177703857
YJR036C,YKL124W,0,-1.01852,0.14217936992645264,0.9234592318534851,0.5608364939689636
YPR080W,YLR410W-A,0,-1.019118,0.14215761423110962,0.9234592318534851,0.5609365701675415
YNL163C,YPL208W,0,-1.0193152,0.1421358585357666,0.9234592318534851,0.5610366463661194
YNR006W,YBR074W,0,-1.0193858,0.14211411774158478,0.9234592318534851,0.5611366629600525
YGL236C,YNL027W,0,-1.0194801,0.14209237694740295,0.9234592318534851,0.5612367391586304
YIR039C,YKR026C,0,-1.0195949,0.14207065105438232,0.9234592318534851,0.5613368153572083
YOR126C,YOR393W,0,-1.0204223,0.1420489251613617,0.9234592318534851,0.5614368915557861
YGR258C,YBR173C,0,-1.0205806,0.14202721416950226,0.9234592318534851,0.5615369081497192
YJL187C,YGL103W,0,-1.020926,0.14200550317764282,0.9234592318534851,0.5616369843482971
YGR281W,YDL055C,0,-1.0209336,0.1419837921857834,0.9234592318534851,0.561737060546875
YDR389W,YFL045C,0,-1.0213276,0.14196209609508514,0.9234592318534851,0.5618370771408081
YOR142W-B,YPR030W,0,-1.0214472,0.1419404149055481,0.9234592318534851,0.561937153339386
YMR203W,YAL031C,0,-1.0218939,0.14191873371601105,0.9234592318534851,0.5620372295379639
YMR019W,YDR254W,0,-1.0227768,0.141897052526474,0.9234592318534851,0.5621373057365417
YPR083W,YAR035W,0,-1.0235238,0.14187538623809814,0.9234592318534851,0.5622373223304749
YMR182C,YJL079C,0,-1.023592,0.1418537199497223,0.9234592318534851,0.5623373985290527
YKR101W,YBR281C,0,-1.0237647,0.14183205366134644,0.9234592318534851,0.5624374747276306
YFL048C,YLR309C,0,-1.0242873,0.14181041717529297,0.9234592318534851,0.5625375509262085
YLR203C,YDR173C,0,-1.0244837,0.1417887657880783,0.9234592318534851,0.5626375675201416
YER103W,YLR009W,0,-1.0249326,0.14176712930202484,0.9234592318534851,0.5627376437187195
YGL010W,YLR050C,0,-1.0255598,0.14174549281597137,0.9234592318534851,0.5628377199172974
YNR006W,YGR070W,0,-1.026298,0.1417238712310791,0.9234592318534851,0.5629377365112305
YLR113W,YMR179W,0,-1.0267124,0.14170226454734802,0.9234592318534851,0.5630378127098083
YCL018W,YGR216C,0,-1.0270703,0.14168064296245575,0.9234592318534851,0.5631378889083862
YDR144C,YPL110C,0,-1.0272179,0.14165903627872467,0.9234592318534851,0.5632379651069641
YGL200C,YAL029C,0,-1.0273582,0.14163744449615479,0.9234592318534851,0.5633379817008972
YDR429C,YOL043C,0,-1.0278192,0.1416158527135849,0.9234592318534851,0.5634380578994751
YPL180W,YDL198C,0,-1.0278336,0.1415942758321762,0.9234592318534851,0.563538134098053
YGL226C-A,YGL030W,0,-1.0278399,0.14157268404960632,0.9234592318534851,0.5636382102966309
YGR144W,YDL097C,0,-1.0281596,0.14155112206935883,0.9234592318534851,0.563738226890564
YOR071C,YLR026C,0,-1.0289845,0.14152956008911133,0.9234592318534851,0.5638383030891418
YGL200C,YDR429C,0,-1.0292741,0.14150799810886383,0.9234592318534851,0.5639383792877197
YGR144W,YOR349W,0,-1.0293856,0.14148645102977753,0.9234592318534851,0.5640383958816528
YDR419W,YLL040C,0,-1.0293969,0.14146490395069122,0.9234592318534851,0.5641384720802307
YKL009W,YDL045C,0,-1.0294348,0.14144335687160492,0.9234592318534851,0.5642385482788086
YML032C,YLR285W,0,-1.0294374,0.1414218246936798,0.9234592318534851,0.5643386244773865
YOL057W,YNL070W,0,-1.029441,0.1414003074169159,0.9234592318534851,0.5644386410713196
YJR151C,YDR076W,0,-1.029651,0.14137879014015198,0.9234592318534851,0.5645387172698975
YLR206W,YKL205W,0,-1.0298648,0.14135727286338806,0.9234592318534851,0.5646387934684753
YNR031C,YAL016W,0,-1.029867,0.14133577048778534,0.9234592318534851,0.5647388696670532
YOL010W,YLR251W,0,-1.0302978,0.14131426811218262,0.9234592318534851,0.5648388862609863
YLR187W,YLR278C,0,-1.0303847,0.1412927806377411,0.9234592318534851,0.5649389624595642
YNL232W,YPL096W,0,-1.030418,0.14127129316329956,0.9234592318534851,0.5650390386581421
YKR066C,YLR163C,0,-1.030699,0.14124980568885803,0.9234592318534851,0.5651390552520752
YGL068W,YDR496C,0,-1.030772,0.1412283331155777,0.9234592318534851,0.5652391314506531
YGR109W-B,YLR165C,0,-1.0307977,0.14120687544345856,0.9234592318534851,0.565339207649231
YEL031W,YJR083C,0,-1.0314004,0.14118541777133942,0.9234592318534851,0.5654392838478088
YGR113W,YDR262W,0,-1.0314103,0.14116396009922028,0.9234592318534851,0.5655393004417419
YDR405W,YIL083C,0,-1.0317674,0.14114250242710114,0.9234592318534851,0.5656393766403198
YGL122C,YGR034W,0,-1.0325328,0.14112107455730438,0.9234592318534851,0.5657394528388977
YMR087W,YOL026C,0,-1.0325447,0.14109963178634644,0.9234592318534851,0.5658395290374756
YOR301W,YGL060W,0,-1.0327209,0.14107820391654968,0.9234592318534851,0.5659395456314087
YKL165C,YMR075W,0,-1.0332246,0.14105679094791412,0.9234592318534851,0.5660396218299866
YPL259C,YHR051W,0,-1.0341376,0.14103537797927856,0.9234592318534851,0.5661396980285645
YGR175C,YNL258C,0,-1.0341738,0.141013965010643,0.9234592318534851,0.5662397146224976
YLR228C,YDR222W,0,-1.0343782,0.14099256694316864,0.9234592318534851,0.5663397908210754
YDR451C,YDL208W,0,-1.0346196,0.14097116887569427,0.9234592318534851,0.5664398670196533
YML056C,YCL032W,0,-1.0346576,0.1409497857093811,0.9234592318534851,0.5665399432182312
YDL054C,YMR090W,0,-1.0348784,0.14092840254306793,0.9234592318534851,0.5666399598121643
YPR072W,YLR329W,0,-1.0349627,0.14090701937675476,0.9234592318534851,0.5667400360107422
YDR211W,YLR151C,0,-1.0354749,0.14088565111160278,0.9234592318534851,0.5668401122093201
YLL002W,YPR200C,0,-1.035516,0.140864297747612,0.9234592318534851,0.566940188407898
YIR018W,YGL030W,0,-1.0355587,0.14084292948246002,0.9234592318534851,0.567040205001831
YAL063C,YBL005W-B,0,-1.0358382,0.14082159101963043,0.9234592318534851,0.5671402812004089
YDL197C,YFL002W-B,0,-1.0358957,0.14080023765563965,0.9234592318534851,0.5672403573989868
YDL215C,YLR088W,0,-1.0360224,0.14077889919281006,0.9234592318534851,0.5673404335975647
YMR093W,YBR115C,0,-1.0361075,0.14075757563114166,0.9234592318534851,0.5674404501914978
YPR072W,YKR006C,0,-1.0364661,0.14073625206947327,0.9234592318534851,0.5675405263900757
YLL029W,YKR068C,0,-1.0367061,0.14071492850780487,0.9234592318534851,0.5676406025886536
YLR203C,YER022W,0,-1.0369415,0.14069361984729767,0.9234592318534851,0.5677406191825867
YNR006W,YDR173C,0,-1.0373052,0.14067232608795166,0.9234592318534851,0.5678406953811646
YOR206W,YNR028W,0,-1.038464,0.14065101742744446,0.9234592318534851,0.5679407715797424
YGR264C,YPL113C,0,-1.0387325,0.14062972366809845,0.9234592318534851,0.5680408477783203
YLL003W,YHR051W,0,-1.0388628,0.14060844480991364,0.9234592318534851,0.5681408643722534
YDL133C-A,YPR035W,0,-1.039296,0.14058716595172882,0.9234592318534851,0.5682409405708313
YLR314C,YLR026C,0,-1.0393865,0.1405659019947052,0.9234592318534851,0.5683410167694092
YMR203W,YLR386W,0,-1.0394512,0.14054462313652039,0.9234592318534851,0.5684410929679871
YJL034W,YDL171C,0,-1.0395468,0.14052337408065796,0.9234592318534851,0.5685411095619202
YKL007W,YLR401C,0,-1.0397024,0.14050211012363434,0.9234592318534851,0.568641185760498
YFL048C,YIR032C,0,-1.0398653,0.1404808759689331,0.9234592318534851,0.5687412619590759
YNL085W,YDL070W,0,-1.0400474,0.14045962691307068,0.9234592318534851,0.568841278553009
YKL096W-A,YLR316C,0,-1.0401706,0.14043839275836945,0.9234592318534851,0.5689413547515869
YMR203W,YMR087W,0,-1.0403373,0.1404171735048294,0.9234592318534851,0.5690414309501648
YNL178W,YAL017W,0,-1.0404503,0.14039595425128937,0.9234592318534851,0.5691415071487427
YGR221C,YER162C,0,-1.0405535,0.14037473499774933,0.9234592318534851,0.5692415237426758
YLR163C,YKR026C,0,-1.0407094,0.14035353064537048,0.9234592318534851,0.5693415999412537
YOR377W,YOR298W,0,-1.0407691,0.14033232629299164,0.9234592318534851,0.5694416761398315
YER050C,YER074W,0,-1.0408,0.140311136841774,0.9234592318534851,0.5695417523384094
YLL051C,YOL104C,0,-1.0409608,0.14028994739055634,0.9234592318534851,0.5696417689323425
YOL045W,YKR008W,0,-1.0410507,0.14026875793933868,0.9234592318534851,0.5697418451309204
YPL257W-B,YDR461W,0,-1.0411533,0.14024758338928223,0.9234592318534851,0.5698419213294983
YER049W,YGR255C,0,-1.0411776,0.14022640883922577,0.9234592318534851,0.5699419379234314
YDR530C,YJL191W,0,-1.041245,0.1402052491903305,0.9234592318534851,0.5700420141220093
YER098W,YDL021W,0,-1.0416965,0.14018408954143524,0.9234592318534851,0.5701420903205872
YKL190W,YKL064W,0,-1.0419444,0.14016294479370117,0.9234592318534851,0.570242166519165
YDL216C,YMR065W,0,-1.0422035,0.1401418000459671,0.9234592318534851,0.5703421831130981
YOR279C,YNL238W,0,-1.042341,0.14012067019939423,0.9234592318534851,0.570442259311676
YMR049C,YLR029C,0,-1.0424325,0.14009952545166016,0.9234592318534851,0.5705423355102539
YGR180C,YML052W,0,-1.042453,0.14007841050624847,0.9234592318534851,0.5706424117088318
YDL028C,YDR207C,0,-1.0424948,0.1400572955608368,0.9234592318534851,0.5707424283027649
YLR113W,YJL141C,0,-1.0430827,0.1400361806154251,0.9234592318534851,0.5708425045013428
YLL004W,YJL214W,0,-1.0432564,0.14001506567001343,0.9234592318534851,0.5709425806999207
YKR035W-A,YFR033C,0,-1.0435938,0.13999396562576294,0.9234592318534851,0.5710425972938538
YGL174W,YLR016C,0,-1.0439003,0.13997288048267365,0.9234592318534851,0.5711426734924316
YGR109W-B,YNR035C,0,-1.04418,0.13995179533958435,0.9234592318534851,0.5712427496910095
YDL217C,YBR276C,0,-1.0442084,0.13993071019649506,0.9234592318534851,0.5713428258895874
YCL025C,YDR410C,0,-1.0443069,0.13990963995456696,0.9234592318534851,0.5714428424835205
YGR032W,YKL180W,0,-1.0444257,0.13988856971263885,0.9234592318534851,0.5715429186820984
YOR209C,YDL045C,0,-1.044523,0.13986751437187195,0.9234592318534851,0.5716429948806763
YDR090C,YNL016W,0,-1.0446153,0.13984645903110504,0.9234592318534851,0.5717430710792542
YCR030C,YLR289W,0,-1.044887,0.13982540369033813,0.9234592318534851,0.5718430876731873
YJL166W,YLR213C,0,-1.0449435,0.13980436325073242,0.9234592318534851,0.5719431638717651
YGR199W,YOR194C,0,-1.0450335,0.1397833228111267,0.9234592318534851,0.572043240070343
YOL062C,YLR164W,0,-1.0451208,0.1397622972726822,0.9234592318534851,0.5721432566642761
YBR096W,YMR065W,0,-1.0451759,0.13974127173423767,0.9234592318534851,0.572243332862854
YNL283C,YIL177C,0,-1.0456122,0.13972026109695435,0.9234592318534851,0.5723434090614319
YGL026C,YGL244W,0,-1.0458363,0.13969925045967102,0.9234592318534851,0.5724434852600098
YOR106W,YOR138C,0,-1.0464284,0.1396782398223877,0.9234592318534851,0.5725435018539429
YER125W,YAL020C,1,-1.0464613,0.1398075819015503,0.9244532585144043,0.5725435018539429
YLL003W,YGL122C,0,-1.0466079,0.13978655636310577,0.9244532585144043,0.5726435780525208
YNL223W,YDR410C,0,-1.0477724,0.13976556062698364,0.9244532585144043,0.5727436542510986
YDL036C,YBR120C,0,-1.0480821,0.13974454998970032,0.9244532585144043,0.5728437304496765
YMR176W,YJR026W,0,-1.0485023,0.13972355425357819,0.9244532585144043,0.5729437470436096
YHL012W,YLR206W,0,-1.0486687,0.13970257341861725,0.9244532585144043,0.5730438232421875
YFL038C,YMR296C,0,-1.0490559,0.1396815925836563,0.9244532585144043,0.5731438994407654
YPR026W,YDL171C,0,-1.0492547,0.13966061174869537,0.9244532585144043,0.5732439756393433
YDR473C,YLR344W,0,-1.049317,0.13963964581489563,0.9244532585144043,0.5733439922332764
YDR079W,YEL070W,0,-1.0493352,0.1396186798810959,0.9244532585144043,0.5734440684318542
YGL200C,YMR087W,0,-1.049409,0.13959771394729614,0.9244532585144043,0.5735441446304321
YGR161W-B,YEL012W,0,-1.0495601,0.1395767629146576,0.9244532585144043,0.5736441612243652
YER008C,YMR117C,0,-1.0498551,0.13955582678318024,0.9244532585144043,0.5737442374229431
YLL012W,YGR222W,0,-1.0498908,0.13953489065170288,0.9244532585144043,0.573844313621521
YDR281C,YDR444W,0,-1.0501631,0.13951395452022552,0.9244532585144043,0.5739443898200989
YJR078W,YIR038C,0,-1.0501705,0.13949301838874817,0.9244532585144043,0.574044406414032
YFR013W,YLR410W-A,0,-1.0502497,0.1394721120595932,0.9244532585144043,0.5741444826126099
YOR126C,YDR059C,0,-1.050251,0.13945119082927704,0.9244532585144043,0.5742445588111877
YHL012W,YDR405W,0,-1.05041,0.13943028450012207,0.9244532585144043,0.5743446350097656
YPL276W,YBR257W,0,-1.0505064,0.1394093781709671,0.9244532585144043,0.5744446516036987
YJL011C,YLR043C,0,-1.0508891,0.13938848674297333,0.9244532585144043,0.5745447278022766
YBR059C,YLR020C,0,-1.0510315,0.13936759531497955,0.9244532585144043,0.5746448040008545
YAL033W,YGR225W,0,-1.051578,0.13934671878814697,0.9244532585144043,0.5747448205947876
YKL175W,YDR062W,0,-1.0517671,0.1393258422613144,0.9244532585144043,0.5748448967933655
YFL048C,YJL128C,0,-1.0517739,0.1393049657344818,0.9244532585144043,0.5749449729919434
YGR238C,YOL093W,0,-1.0526397,0.13928410410881042,0.9244532585144043,0.5750450491905212
YOL165C,YDR146C,0,-1.0527523,0.13926325738430023,0.9244532585144043,0.5751450657844543
YER150W,YLR278C,0,-1.0527762,0.13924239575862885,0.9244532585144043,0.5752451419830322
YDR423C,YNL027W,0,-1.052863,0.13922156393527985,0.9244532585144043,0.5753452181816101
YPL030W,YMR283C,1,-1.0533767,0.13935039937496185,0.9254473447799683,0.5753452181816101
YOL066C,YML091C,1,-1.0535877,0.13947920501232147,0.9264413714408875,0.5753452181816101
YNL006W,YMR300C,0,-1.0536323,0.1394583284854889,0.9264413714408875,0.575445294380188
YIL095W,YGR089W,0,-1.054223,0.1394374668598175,0.9264413714408875,0.5755453109741211
YHR005C-A,YLR285W,0,-1.0542653,0.13941660523414612,0.9264413714408875,0.575645387172699
YKR044W,YML039W,0,-1.0548424,0.13939575850963593,0.9264413714408875,0.5757454633712769
YHR175W,YML049C,0,-1.0548486,0.13937491178512573,0.9264413714408875,0.57584547996521
YLR080W,YJL005W,0,-1.0549937,0.13935406506061554,0.9264413714408875,0.5759455561637878
YDR518W,YER046W,0,-1.0553396,0.13933323323726654,0.9264413714408875,0.5760456323623657
YMR013C,YNL122C,0,-1.0554539,0.13931240141391754,0.9264413714408875,0.5761457085609436
YDR310C,YOR222W,0,-1.0559293,0.13929158449172974,0.9264413714408875,0.5762457251548767
YLR256W-A,YFR018C,0,-1.0561817,0.13927076756954193,0.9264413714408875,0.5763458013534546
YPR189W,YPL112C,0,-1.0563666,0.13924996554851532,0.9264413714408875,0.5764458775520325
YJR082C,YAL016W,0,-1.0564684,0.1392291635274887,0.9264413714408875,0.5765459537506104
YLR113W,YNL121C,0,-1.0568731,0.1392083615064621,0.9264413714408875,0.5766459703445435
YFR018C,YPR083W,0,-1.0569842,0.13918757438659668,0.9264413714408875,0.5767460465431213
YMR227C,YPR152C,0,-1.0572015,0.13916678726673126,0.9264413714408875,0.5768461227416992
YLR228C,YFR036W,0,-1.0573678,0.13914601504802704,0.9264413714408875,0.5769461393356323
YDR263C,YNL274C,0,-1.057391,0.13912524282932281,0.9264413714408875,0.5770462155342102
YBR125C,YBR281C,0,-1.0582137,0.1391044706106186,0.9264413714408875,0.5771462917327881
YCL074W,YBR274W,0,-1.058405,0.13908371329307556,0.9264413714408875,0.577246367931366
YPR162C,YMR273C,0,-1.0585166,0.13906297087669373,0.9264413714408875,0.5773463845252991
YPR111W,YLL040C,0,-1.0588398,0.1390422135591507,0.9264413714408875,0.577446460723877
YGR282C,YLR386W,0,-1.0588585,0.13902148604393005,0.9264413714408875,0.5775465369224548
YDR030C,YOR261C,0,-1.0593368,0.13900074362754822,0.9264413714408875,0.5776466131210327
YGL211W,YMR087W,1,-1.0595452,0.1391291320323944,0.9274353981018066,0.5776466131210327
YJL171C,YNL078W,0,-1.0598742,0.13910838961601257,0.9274353981018066,0.5777466297149658
YGL068W,YNL267W,0,-1.0599552,0.13908766210079193,0.9274353981018066,0.5778467059135437
YMR194W,YNR013C,0,-1.0600348,0.1390669196844101,0.9274353981018066,0.5779467821121216
YER103W,YGL103W,0,-1.0606064,0.13904620707035065,0.9274353981018066,0.5780467987060547
YLR410W-A,YML006C,0,-1.0608034,0.13902547955513,0.9274353981018066,0.5781468749046326
YIR011C,YPR133W-A,0,-1.0618025,0.13900476694107056,0.9274353981018066,0.5782469511032104
YLL045C,YIL095W,0,-1.0623838,0.1389840543270111,0.9274353981018066,0.5783470273017883
YPR083W,YOR393W,0,-1.0629305,0.13896335661411285,0.9274353981018066,0.5784470438957214
YDL059C,YIL170W,0,-1.0629486,0.1389426589012146,0.9274353981018066,0.5785471200942993
YMR168C,YMR099C,0,-1.063011,0.13892197608947754,0.9274353981018066,0.5786471962928772
YGL169W,YJR034W,0,-1.0640208,0.13890129327774048,0.9274353981018066,0.5787472724914551
YDR079W,YDL097C,0,-1.0648372,0.1388806253671646,0.9274353981018066,0.5788472890853882
YOL103W-B,YNR002C,0,-1.0648735,0.13885994255542755,0.9274353981018066,0.5789473652839661
YMR117C,YER125W,0,-1.065097,0.13883928954601288,0.9274353981018066,0.579047441482544
YDL142C,YLL040C,0,-1.0657526,0.138818621635437,0.9274353981018066,0.5791475176811218
YBR223C,YER115C,0,-1.0658916,0.13879798352718353,0.9274353981018066,0.5792475342750549
YKL007W,YLR026C,0,-1.0661492,0.13877733051776886,0.9274353981018066,0.5793476104736328
YHR047C,YKL189W,0,-1.0661813,0.13875669240951538,0.9274353981018066,0.5794476866722107
YGL225W,YCR052W,0,-1.0673355,0.1387360543012619,0.9274353981018066,0.5795477032661438
YGL068W,YMR115W,0,-1.0674034,0.13871543109416962,0.9274353981018066,0.5796477794647217
YGL068W,YLR213C,0,-1.0676067,0.13869480788707733,0.9274353981018066,0.5797478556632996
YPL150W,YGL103W,0,-1.067999,0.13867419958114624,0.9274353981018066,0.5798479318618774
YHR175W,YPR138C,0,-1.0680677,0.13865359127521515,0.9274353981018066,0.5799479484558105
YDR082W,YLR295C,0,-1.0681503,0.13863298296928406,0.9274353981018066,0.5800480246543884
YOL082W,YBL026W,0,-1.0689806,0.13861238956451416,0.9274353981018066,0.5801481008529663
YKL203C,YDR261W-A,0,-1.0690773,0.13859179615974426,0.9274353981018066,0.5802481770515442
YFR021W,YDR369C,0,-1.0691334,0.13857121765613556,0.9274353981018066,0.5803481936454773
YLR452C,YNL259C,0,-1.0693383,0.13855063915252686,0.9274353981018066,0.5804482698440552
YHR069C,YNL016W,0,-1.0694636,0.13853006064891815,0.9274353981018066,0.5805483460426331
YCR011C,YMR143W,0,-1.0695854,0.13850949704647064,0.9274353981018066,0.5806483626365662
YOR074C,YJL128C,0,-1.069844,0.13848894834518433,0.9274353981018066,0.580748438835144
YMR137C,YCR046C,0,-1.0698451,0.13846838474273682,0.9274353981018066,0.5808485150337219
YMR146C,YFL010W-A,0,-1.0706636,0.1384478360414505,0.9274353981018066,0.5809485912322998
YOL145C,YGL060W,0,-1.0709051,0.13842730224132538,0.9274353981018066,0.5810486078262329
YPL096W,YOR098C,0,-1.0711884,0.13840676844120026,0.9274353981018066,0.5811486840248108
YNR010W,YMR308C,0,-1.0713807,0.13838623464107513,0.9274353981018066,0.5812487602233887
YJL060W,YOL026C,0,-1.0714841,0.1383657157421112,0.9274353981018066,0.5813488364219666
YOR099W,YBR093C,0,-1.0715983,0.13834519684314728,0.9274353981018066,0.5814488530158997
YGR180C,YNR072W,0,-1.0716735,0.13832467794418335,0.9274353981018066,0.5815489292144775
YML006C,YGR155W,0,-1.0729996,0.13830417394638062,0.9274353981018066,0.5816490054130554
YOL043C,YKL094W,0,-1.0730766,0.13828368484973907,0.9274353981018066,0.5817490220069885
YOL103W-B,YDR205W,0,-1.0732033,0.13826319575309753,0.9274353981018066,0.5818490982055664
YJR082C,YCR011C,0,-1.0732808,0.138242706656456,0.9274353981018066,0.5819491744041443
YHR012W,YOR353C,0,-1.0734775,0.13822221755981445,0.9274353981018066,0.5820492506027222
YIL108W,YBR052C,0,-1.0735642,0.1382017433643341,0.9274353981018066,0.5821492671966553
YOR237W,YOR313C,0,-1.0738837,0.13818128407001495,0.9274353981018066,0.5822493433952332
YDR233C,YMR304W,0,-1.07456,0.1381608247756958,0.9274353981018066,0.582349419593811
YJL191W,YBR010W,0,-1.074566,0.13814036548137665,0.9274353981018066,0.5824494957923889
YDL028C,YLR050C,0,-1.0746564,0.1381199061870575,0.9274353981018066,0.582549512386322
YML032C,YPR119W,0,-1.07575,0.13809946179389954,0.9274353981018066,0.5826495885848999
YNL016W,YDR337W,0,-1.0762862,0.13807903230190277,0.9274353981018066,0.5827496647834778
YOL086C,YGL010W,0,-1.0769045,0.138058602809906,0.9274353981018066,0.5828496813774109
YBR195C,YOL107W,0,-1.0769386,0.13803817331790924,0.9274353981018066,0.5829497575759888
YDR072C,YBL079W,0,-1.0771165,0.13801775872707367,0.9274353981018066,0.5830498337745667
YBL026W,YPR159W,0,-1.0775843,0.1379973441362381,0.9274353981018066,0.5831499099731445
YOR292C,YMR273C,0,-1.0783335,0.13797692954540253,0.9274353981018066,0.5832499265670776
YJL060W,YLR410W-A,0,-1.078379,0.13795652985572815,0.9274353981018066,0.5833500027656555
YNL127W,YHR059W,0,-1.0785052,0.13793613016605377,0.9274353981018066,0.5834500789642334
YDL107W,YBR026C,0,-1.0785974,0.1379157453775406,0.9274353981018066,0.5835501551628113
YHR211W,YJR078W,0,-1.0788362,0.1378953605890274,0.9274353981018066,0.5836501717567444
YBR059C,YMR087W,0,-1.0793638,0.13787497580051422,0.9274353981018066,0.5837502479553223
YLR224W,YML056C,0,-1.0793852,0.13785460591316223,0.9274353981018066,0.5838503241539001
YER125W,YNL282W,1,-1.0801651,0.13798198103904724,0.9284294247627258,0.5838503241539001
YOL070C,YMR241W,0,-1.0802938,0.13796159625053406,0.9284294247627258,0.5839503407478333
YNR004W,YBR172C,0,-1.0807184,0.13794122636318207,0.9284294247627258,0.5840504169464111
YOR187W,YJR133W,0,-1.081031,0.13792085647583008,0.9284294247627258,0.584150493144989
YNR021W,YLR410W-B,0,-1.08121,0.1379004865884781,0.9284294247627258,0.5842505693435669
YGL237C,YNL274C,0,-1.0812367,0.1378801316022873,0.9284294247627258,0.5843505859375
YIL135C,YIL047C,0,-1.0817364,0.1378597766160965,0.9284294247627258,0.5844506621360779
YKL126W,YKL189W,0,-1.0817848,0.1378394365310669,0.9284294247627258,0.5845507383346558
YBR260C,YDL045C,0,-1.0818299,0.1378190964460373,0.9284294247627258,0.5846508145332336
YJR127C,YOR215C,0,-1.0820537,0.1377987563610077,0.9284294247627258,0.5847508311271667
YPR187W,YDR444W,0,-1.0822334,0.13777843117713928,0.9284294247627258,0.5848509073257446
YER154W,YOL104C,0,-1.0827067,0.13775810599327087,0.9284294247627258,0.5849509835243225
YPL257W-B,YHR082C,0,-1.0829612,0.13773779571056366,0.9284294247627258,0.5850510597229004
YER165W,YIL083C,0,-1.083047,0.13771748542785645,0.9284294247627258,0.5851510763168335
YLR024C,YNL307C,0,-1.0832078,0.13769719004631042,0.9284294247627258,0.5852511525154114
YPL099C,YGL241W,0,-1.0835451,0.1376768797636032,0.9284294247627258,0.5853512287139893
YMR200W,YDR261W-A,0,-1.0835661,0.13765659928321838,0.9284294247627258,0.5854512453079224
YOR138C,YKL203C,0,-1.0837811,0.13763630390167236,0.9284294247627258,0.5855513215065002
YDR079W,YDL040C,0,-1.084391,0.13761602342128754,0.9284294247627258,0.5856513977050781
YBR170C,YHR057C,0,-1.0848516,0.1375957578420639,0.9284294247627258,0.585751473903656
YMR250W,YOL108C,0,-1.0848936,0.13757549226284027,0.9284294247627258,0.5858514904975891
YDR205W,YGR239C,0,-1.0850794,0.13755522668361664,0.9284294247627258,0.585951566696167
YNL283C,YDR494W,0,-1.0852913,0.1375349760055542,0.9284294247627258,0.5860516428947449
YNL073W,YGR167W,0,-1.0855917,0.13751472532749176,0.9284294247627258,0.5861517190933228
YER154W,YML071C,0,-1.0860622,0.13749447464942932,0.9284294247627258,0.5862517356872559
YCL074W,YER008C,0,-1.0861858,0.13747423887252808,0.9284294247627258,0.5863518118858337
YPR204W,YNL147W,0,-1.0861984,0.13745400309562683,0.9284294247627258,0.5864518880844116
YML071C,YGL226C-A,0,-1.0863696,0.13743378221988678,0.9284294247627258,0.5865519046783447
YLR203C,YMR075W,0,-1.0863934,0.13741356134414673,0.9284294247627258,0.5866519808769226
YLR429W,YER190W,0,-1.0864995,0.13739335536956787,0.9284294247627258,0.5867520570755005
YJL081C,YGR185C,0,-1.0871876,0.137373149394989,0.9284294247627258,0.5868521332740784
YNL085W,YJR083C,0,-1.0879534,0.13735294342041016,0.9284294247627258,0.5869521498680115
YCL074W,YLR264W,0,-1.0880227,0.1373327523469925,0.9284294247627258,0.5870522260665894
YDR332W,YEL056W,0,-1.0881168,0.13731256127357483,0.9284294247627258,0.5871523022651672
YNL314W,YLR264W,0,-1.0881803,0.13729237020015717,0.9284294247627258,0.5872523784637451
YLR312W-A,YJR005W,0,-1.0886062,0.1372721940279007,0.9284294247627258,0.5873523950576782
YGL237C,YMR179W,0,-1.0886731,0.13725201785564423,0.9284294247627258,0.5874524712562561
YMR020W,YHR039C-A,0,-1.0888156,0.13723185658454895,0.9284294247627258,0.587552547454834
YLR105C,YFL021W,0,-1.0889382,0.13721169531345367,0.9284294247627258,0.5876525640487671
YDL246C,YGR258C,0,-1.0894107,0.1371915340423584,0.9284294247627258,0.587752640247345
YOR142W-B,YOR382W,0,-1.0898644,0.13717138767242432,0.9284294247627258,0.5878527164459229
YHR074W,YGR032W,0,-1.0902902,0.13715124130249023,0.9284294247627258,0.5879527926445007
YGL236C,YPL188W,0,-1.0903811,0.13713110983371735,0.9284294247627258,0.5880528092384338
YOL103W-B,YJR119C,0,-1.091427,0.13711097836494446,0.9284294247627258,0.5881528854370117
YAL031C,YEL056W,0,-1.0919667,0.13709086179733276,0.9284294247627258,0.5882529616355896
YIL006W,YNL026W,0,-1.0926394,0.13707073032855988,0.9284294247627258,0.5883530378341675
YDR411C,YGL112C,0,-1.0934107,0.13705062866210938,0.9284294247627258,0.5884530544281006
YGR085C,YOL107W,0,-1.0938376,0.13703051209449768,0.9284294247627258,0.5885531306266785
YOR232W,YER087C-B,0,-1.0943191,0.13701041042804718,0.9284294247627258,0.5886532068252563
YLR285W,YJL079C,0,-1.0948379,0.13699032366275787,0.9284294247627258,0.5887532234191895
YKR008W,YOL093W,0,-1.0950328,0.13697023689746857,0.9284294247627258,0.5888532996177673
YGR056W,YFL021W,0,-1.095857,0.13695015013217926,0.9284294247627258,0.5889533758163452
YNL095C,YKL085W,0,-1.0960842,0.13693006336688995,0.9284294247627258,0.5890534520149231
YER055C,YJL178C,0,-1.0961121,0.13690999150276184,0.9284294247627258,0.5891534686088562
YDL133C-A,YCL008C,0,-1.0969127,0.13688993453979492,0.9284294247627258,0.5892535448074341
YFL038C,YDL171C,0,-1.0971421,0.136869877576828,0.9284294247627258,0.589353621006012
YDR337W,YEL041W,0,-1.097557,0.13684982061386108,0.9284294247627258,0.5894536972045898
YNL073W,YLR251W,0,-1.0976225,0.13682976365089417,0.9284294247627258,0.589553713798523
YGL236C,YPR047W,1,-1.0981046,0.13695620000362396,0.929423451423645,0.589553713798523
YDR494W,YOR382W,0,-1.0988187,0.13693614304065704,0.929423451423645,0.5896537899971008
YDR460W,YDL107W,0,-1.0990244,0.13691608607769012,0.929423451423645,0.5897538661956787
YJR151C,YEL030W,0,-1.0992182,0.1368960440158844,0.929423451423645,0.5898538827896118
YKL190W,YJL112W,0,-1.0993817,0.13687600195407867,0.929423451423645,0.5899539589881897
YLR447C,YLR182W,0,-1.0995613,0.13685597479343414,0.929423451423645,0.5900540351867676
YMR039C,YML099C,0,-1.0995828,0.1368359476327896,0.929423451423645,0.5901541113853455
YKL126W,YBR182C,0,-1.0997748,0.13681592047214508,0.929423451423645,0.5902541279792786
YDL078C,YKR035W-A,0,-1.1000324,0.13679590821266174,0.929423451423645,0.5903542041778564
YIL006W,YBR276C,0,-1.1003166,0.1367758959531784,0.929423451423645,0.5904542803764343
YPR204W,YPL183W-A,0,-1.1013492,0.13675588369369507,0.929423451423645,0.5905543565750122
YBR275C,YJR083C,0,-1.1015295,0.13673588633537292,0.929423451423645,0.5906543731689453
YPL151C,YNL010W,0,-1.1017306,0.13671588897705078,0.929423451423645,0.5907544493675232
YGR161W-B,YBL034C,0,-1.102158,0.13669590651988983,0.929423451423645,0.5908545255661011
YMR168C,YJR006W,0,-1.1022547,0.13667592406272888,0.929423451423645,0.590954601764679
YBR125C,YML112W,0,-1.1026906,0.13665594160556793,0.929423451423645,0.5910546183586121
YGL172W,YDL179W,0,-1.1027845,0.13663597404956818,0.929423451423645,0.5911546945571899
YOR304C-A,YER185W,0,-1.1031808,0.13661602139472961,0.929423451423645,0.5912547707557678
YER185W,YDL061C,0,-1.1033492,0.13659605383872986,0.929423451423645,0.5913547873497009
YDL084W,YJR133W,0,-1.103504,0.1365761011838913,0.929423451423645,0.5914548635482788
YBR260C,YNR021W,0,-1.1042956,0.13655616343021393,0.929423451423645,0.5915549397468567
YGR288W,YPL259C,0,-1.1044849,0.13653621077537537,0.929423451423645,0.5916550159454346
YLR410W-A,YDR140W,0,-1.1046582,0.136516273021698,0.929423451423645,0.5917550325393677
YPL183W-A,YGR155W,0,-1.1065187,0.13649635016918182,0.929423451423645,0.5918551087379456
YMR112C,YNL307C,0,-1.1065427,0.13647642731666565,0.929423451423645,0.5919551849365234
YKL126W,YOR351C,0,-1.1069102,0.13645650446414948,0.929423451423645,0.5920552611351013
YMR114C,YLR348C,0,-1.1070987,0.1364365965127945,0.929423451423645,0.5921552777290344
YER175C,YAL016W,0,-1.1072342,0.13641668856143951,0.929423451423645,0.5922553539276123
YEL069C,YNL073W,0,-1.1076744,0.13639679551124573,0.929423451423645,0.5923554301261902
YGR109W-B,YKL094W,0,-1.1080812,0.13637690246105194,0.929423451423645,0.5924554467201233
YEL012W,YLR394W,0,-1.1082748,0.13635700941085815,0.929423451423645,0.5925555229187012
YDR245W,YKL053C-A,0,-1.1087066,0.13633713126182556,0.929423451423645,0.592655599117279
YNL283C,YEL041W,0,-1.108846,0.13631725311279297,0.929423451423645,0.5927556753158569
YCL043C,YHR059W,0,-1.1089869,0.13629737496376038,0.929423451423645,0.59285569190979
YFL010W-A,YNL208W,0,-1.1090972,0.13627751171588898,0.929423451423645,0.5929557681083679
YKL126W,YNL304W,0,-1.1092958,0.13625764846801758,0.929423451423645,0.5930558443069458
YGR081C,YKL210W,0,-1.1093868,0.13623780012130737,0.929423451423645,0.5931559205055237
YDR026C,YDR419W,0,-1.1096424,0.13621795177459717,0.929423451423645,0.5932559370994568
YDL083C,YDR140W,0,-1.1099054,0.13619810342788696,0.929423451423645,0.5933560132980347
YPL163C,YDR498C,0,-1.1101949,0.13617826998233795,0.929423451423645,0.5934560894966125
YML036W,YOL062C,0,-1.1105016,0.13615843653678894,0.929423451423645,0.5935561060905457
YOR025W,YJL192C,0,-1.1108891,0.13613861799240112,0.929423451423645,0.5936561822891235
YGR034W,YHL027W,0,-1.1109705,0.1361187994480133,0.929423451423645,0.5937562584877014
YPR190C,YPL259C,0,-1.1111016,0.1360989809036255,0.929423451423645,0.5938563346862793
YNL273W,YHR109W,0,-1.1114166,0.13607917726039886,0.929423451423645,0.5939563512802124
YLR312W-A,YOL111C,0,-1.1121498,0.13605937361717224,0.929423451423645,0.5940564274787903
YLR410W-A,YPL188W,0,-1.1129059,0.13603956997394562,0.929423451423645,0.5941565036773682
YLR256W-A,YMR090W,0,-1.1129194,0.1360197812318802,0.929423451423645,0.594256579875946
YGR056W,YGR255C,0,-1.1130949,0.13600000739097595,0.929423451423645,0.5943565964698792
YDR072C,YPL027W,0,-1.1132804,0.13598021864891052,0.929423451423645,0.594456672668457
YDL128W,YPR125W,0,-1.1132889,0.1359604448080063,0.929423451423645,0.5945567488670349
YOR148C,YLR047C,0,-1.113718,0.13594068586826324,0.929423451423645,0.594656765460968
YBR282W,YNR044W,0,-1.1138905,0.135920912027359,0.929423451423645,0.5947568416595459
YDR090C,YGR113W,0,-1.1140724,0.13590116798877716,0.929423451423645,0.5948569178581238
YMR097C,YBL076C,0,-1.1141515,0.13588140904903412,0.929423451423645,0.5949569940567017
YGL068W,YIL047C,0,-1.1143858,0.13586166501045227,0.929423451423645,0.5950570106506348
YIL139C,YDR444W,0,-1.1146437,0.13584193587303162,0.929423451423645,0.5951570868492126
YLR390W,YLR163C,0,-1.1149906,0.13582219183444977,0.929423451423645,0.5952571630477905
YBR080C,YDL216C,0,-1.1152722,0.1358024626970291,0.929423451423645,0.5953572392463684
YHR005C-A,YDR410C,0,-1.1158117,0.13578274846076965,0.929423451423645,0.5954572558403015
YOL057W,YIL021W,0,-1.1164063,0.1357630342245102,0.929423451423645,0.5955573320388794
YBR278W,YNL304W,0,-1.1170149,0.13574331998825073,0.929423451423645,0.5956574082374573
YOR145C,YML132W,0,-1.117151,0.13572362065315247,0.929423451423645,0.5957574248313904
YLR383W,YLR359W,0,-1.1174728,0.1357039213180542,0.929423451423645,0.5958575010299683
YDL225W,YDL077C,0,-1.1183372,0.13568422198295593,0.929423451423645,0.5959575772285461
YBR281C,YER052C,0,-1.1184517,0.13566453754901886,0.929423451423645,0.596057653427124
YOR377W,YHR119W,0,-1.1187493,0.1356448531150818,0.929423451423645,0.5961576700210571
YDR423C,YBL011W,0,-1.1199735,0.1356251835823059,0.929423451423645,0.596257746219635
YNL259C,YDR508C,0,-1.1204224,0.13560551404953003,0.929423451423645,0.5963578224182129
YKL130C,YJL117W,0,-1.1204602,0.13558584451675415,0.929423451423645,0.5964578986167908
YKL090W,YPR030W,0,-1.1205134,0.13556618988513947,0.929423451423645,0.5965579152107239
YKL168C,YPL050C,0,-1.120545,0.13554653525352478,0.929423451423645,0.5966579914093018
YAL017W,YML128C,0,-1.1209134,0.1355268806219101,0.929423451423645,0.5967580676078796
YJR078W,YNR060W,0,-1.1209822,0.1355072408914566,0.929423451423645,0.5968581438064575
YPR001W,YNL121C,0,-1.1210405,0.1354876160621643,0.929423451423645,0.5969581604003906
YPR200C,YNL016W,0,-1.1210967,0.13546797633171082,0.929423451423645,0.5970582365989685
YOR237W,YKL094W,0,-1.1215008,0.13544835150241852,0.929423451423645,0.5971583127975464
YNR031C,YOR343W-B,0,-1.1217898,0.13542874157428741,0.929423451423645,0.5972583293914795
YKL182W,YOL111C,0,-1.1222067,0.13540911674499512,0.929423451423645,0.5973584055900574
YOL057W,YMR087W,0,-1.1226641,0.1353895217180252,0.929423451423645,0.5974584817886353
YBL113C,YOR393W,0,-1.1229345,0.1353699117898941,0.929423451423645,0.5975585579872131
YJL103C,YDR195W,0,-1.123523,0.1353503167629242,0.929423451423645,0.5976585745811462
YDR410C,YFL021W,0,-1.1236124,0.13533072173595428,0.929423451423645,0.5977586507797241
YBR294W,YDR423C,0,-1.1238016,0.13531114161014557,0.929423451423645,0.597858726978302
YGL225W,YLR020C,0,-1.1241833,0.13529156148433685,0.929423451423645,0.5979588031768799
YDR415C,YLR163C,0,-1.1244106,0.13527199625968933,0.929423451423645,0.598058819770813
YLR447C,YDR170C,0,-1.1246957,0.13525241613388062,0.929423451423645,0.5981588959693909
YPL163C,YLR016C,0,-1.1249696,0.1352328658103943,0.929423451423645,0.5982589721679688
YER008C,YLR394W,0,-1.1252463,0.13521330058574677,0.929423451423645,0.5983589887619019
YJL187C,YLR440C,0,-1.125279,0.13519375026226044,0.929423451423645,0.5984590649604797
YGR246C,YGR222W,0,-1.1258309,0.1351742148399353,0.929423451423645,0.5985591411590576
YAL022C,YHL027W,0,-1.1261026,0.13515466451644897,0.929423451423645,0.5986592173576355
YGR221C,YDL054C,0,-1.1266402,0.13513512909412384,0.929423451423645,0.5987592339515686
YLL027W,YPR043W,0,-1.1266438,0.1351156085729599,0.929423451423645,0.5988593101501465
YGR285C,YMR087W,0,-1.1270882,0.13509608805179596,0.929423451423645,0.5989593863487244
YGR052W,YBR150C,0,-1.1272215,0.13507656753063202,0.929423451423645,0.5990594625473022
YEL052W,YML058W-A,0,-1.1275792,0.13505706191062927,0.929423451423645,0.5991594791412354
YDR281C,YFL021W,0,-1.1283286,0.13503755629062653,0.929423451423645,0.5992595553398132
YJR028W,YGR246C,0,-1.1292466,0.13501805067062378,0.929423451423645,0.5993596315383911
YGL226C-A,YDR151C,0,-1.1294457,0.13499855995178223,0.929423451423645,0.5994596481323242
YJL171C,YIL076W,0,-1.129577,0.13497906923294067,0.929423451423645,0.5995597243309021
YOR071C,YNL231C,0,-1.1296356,0.13495957851409912,0.929423451423645,0.59965980052948
YNL163C,YJL176C,0,-1.1300296,0.13494010269641876,0.929423451423645,0.5997598767280579
YMR008C,YOR215C,0,-1.1304368,0.1349206417798996,0.929423451423645,0.599859893321991
YGL256W,YNL027W,0,-1.1305581,0.13490116596221924,0.929423451423645,0.5999599695205688
YGR010W,YPL208W,0,-1.1307532,0.13488170504570007,0.929423451423645,0.6000600457191467
YNL131W,YMR270C,0,-1.1308564,0.1348622590303421,0.929423451423645,0.6001601219177246
YGL186C,YNL309W,0,-1.1309735,0.13484279811382294,0.929423451423645,0.6002601385116577
YPR182W,YLR429W,0,-1.1314569,0.13482336699962616,0.929423451423645,0.6003602147102356
YKR101W,YER190W,0,-1.1314664,0.1348039209842682,0.929423451423645,0.6004602909088135
YDR416W,YOR351C,0,-1.1316283,0.1347844898700714,0.929423451423645,0.6005603075027466
YAL022C,YPR083W,0,-1.1323074,0.13476505875587463,0.929423451423645,0.6006603837013245
YOR343W-B,YJR031C,0,-1.133281,0.13474564254283905,0.929423451423645,0.6007604598999023
YDR263C,YOR274W,0,-1.1333649,0.13472622632980347,0.929423451423645,0.6008605360984802
YER101C,YER115C,0,-1.1335831,0.13470681011676788,0.929423451423645,0.6009605526924133
YLR105C,YJL066C,0,-1.1340238,0.1346874088048935,0.929423451423645,0.6010606288909912
YPL042C,YPR083W,0,-1.1340318,0.1346680074930191,0.929423451423645,0.6011607050895691
YDR454C,YPL112C,0,-1.1343632,0.1346486210823059,0.929423451423645,0.601260781288147
YDL006W,YDL112W,1,-1.1345811,0.13477322459220886,0.9304174780845642,0.601260781288147
YNL070W,YOL151W,0,-1.1347797,0.13475380837917328,0.9304174780845642,0.6013607978820801
YLR165C,YNR067C,0,-1.1347945,0.13473442196846008,0.9304174780845642,0.601460874080658
YNL314W,YLR163C,0,-1.1349927,0.1347150206565857,0.9304174780845642,0.6015609502792358
YBR020W,YGR010W,0,-1.1355882,0.1346956342458725,0.9304174780845642,0.601660966873169
YOR291W,YKR103W,0,-1.1356155,0.1346762627363205,0.9304174780845642,0.6017610430717468
YOR147W,YJR036C,0,-1.1357808,0.1346568912267685,0.9304174780845642,0.6018611192703247
YDR172W,YNR067C,0,-1.13589,0.1346375197172165,0.9304174780845642,0.6019611954689026
YKR066C,YLR344W,0,-1.1364647,0.1346181482076645,0.9304174780845642,0.6020612120628357
YNL102W,YLR389C,0,-1.1368439,0.13459879159927368,0.9304174780845642,0.6021612882614136
YPR204W,YGR199W,0,-1.1369052,0.13457943499088287,0.9304174780845642,0.6022613644599915
YGL169W,YER087C-B,0,-1.1370937,0.13456009328365326,0.9304174780845642,0.6023614406585693
YIL094C,YJR034W,0,-1.1371845,0.13454075157642365,0.9304174780845642,0.6024614572525024
YDL121C,YPL183W-A,0,-1.1372628,0.13452140986919403,0.9304174780845642,0.6025615334510803
YOL145C,YMR276W,0,-1.137458,0.1345020830631256,0.9304174780845642,0.6026616096496582
YJL187C,YDL015C,0,-1.1383106,0.1344827562570572,0.9304174780845642,0.6027616858482361
YGL062W,YLR264W,0,-1.1383917,0.13446344435214996,0.9304174780845642,0.6028617024421692
YNL261W,YMR061W,0,-1.1385521,0.13444413244724274,0.9304174780845642,0.6029617786407471
YNL274C,YDL225W,0,-1.1386791,0.1344248205423355,0.9304174780845642,0.603061854839325
YOL107W,YMR301C,0,-1.1387702,0.13440550863742828,0.9304174780845642,0.6031618714332581
YJR078W,YMR276W,0,-1.1396341,0.13438621163368225,0.9304174780845642,0.6032619476318359
YJL155C,YCL034W,0,-1.1397895,0.1343669295310974,0.9304174780845642,0.6033620238304138
YOL101C,YNR072W,0,-1.1400017,0.13434763252735138,0.9304174780845642,0.6034621000289917
YCL074W,YKL078W,0,-1.1402824,0.13432836532592773,0.9304174780845642,0.6035621166229248
YBR067C,YLR316C,0,-1.140309,0.1343090832233429,0.9304174780845642,0.6036621928215027
YKL170W,YPL050C,0,-1.1410722,0.13428981602191925,0.9304174780845642,0.6037622690200806
YNL084C,YDR109C,0,-1.1415904,0.1342705488204956,0.9304174780845642,0.6038623452186584
YPR119W,YMR229C,0,-1.1419746,0.13425129652023315,0.9304174780845642,0.6039623618125916
YPR072W,YLR410W-A,0,-1.1420678,0.1342320442199707,0.9304174780845642,0.6040624380111694
YHL034C,YFR019W,0,-1.1420914,0.13421279191970825,0.9304174780845642,0.6041625142097473
YDL039C,YOL062C,0,-1.1430585,0.134193554520607,0.9304174780845642,0.6042625308036804
YPR198W,YOR025W,0,-1.1431357,0.13417431712150574,0.9304174780845642,0.6043626070022583
YDR306C,YIL042C,0,-1.1431372,0.13415507972240448,0.9304174780845642,0.6044626832008362
YCR093W,YLR410W-B,0,-1.1433324,0.13413585722446442,0.9304174780845642,0.6045627593994141
YFL002W-B,YOR317W,0,-1.1436076,0.13411663472652435,0.9304174780845642,0.6046627759933472
YKL171W,YML036W,0,-1.1436105,0.13409742712974548,0.9304174780845642,0.604762852191925
YLR113W,YLR088W,0,-1.1437539,0.1340782195329666,0.9304174780845642,0.6048629283905029
YLR429W,YLR164W,0,-1.1442508,0.13405901193618774,0.9304174780845642,0.6049630045890808
YIL170W,YDR369C,0,-1.1444504,0.13403980433940887,0.9304174780845642,0.6050630211830139
YNL016W,YOR226C,0,-1.1447326,0.1340206116437912,0.9304174780845642,0.6051630973815918
YLR285W,YBR037C,0,-1.144775,0.13400143384933472,0.9304174780845642,0.6052631735801697
YPL163C,YER074W,0,-1.1450173,0.13398225605487823,0.9304174780845642,0.6053631901741028
YKL038W,YPL183W-A,0,-1.145125,0.13396307826042175,0.9304174780845642,0.6054632663726807
YOR304W,YDR174W,0,-1.1453079,0.13394390046596527,0.9304174780845642,0.6055633425712585
YHR175W,YKL161C,0,-1.1454667,0.13392473757266998,0.9304174780845642,0.6056634187698364
YGL019W,YDL040C,0,-1.1461245,0.1339055746793747,0.9304174780845642,0.6057634353637695
YPR113W,YFL013C,0,-1.1462175,0.1338864266872406,0.9304174780845642,0.6058635115623474
YOR159C,YPL002C,0,-1.146226,0.1338672786951065,0.9304174780845642,0.6059635877609253
YKL007W,YGL004C,0,-1.1469461,0.1338481307029724,0.9304174780845642,0.6060636639595032
YDR405W,YGL256W,0,-1.147168,0.1338289976119995,0.9304174780845642,0.6061636805534363
YBR002C,YDL040C,0,-1.1479503,0.1338098645210266,0.9304174780845642,0.6062637567520142
YKL103C,YER137C-A,0,-1.1480042,0.1337907314300537,0.9304174780845642,0.606363832950592
YNL223W,YMR034C,0,-1.1484138,0.133771613240242,0.9304174780845642,0.6064638495445251
YPR187W,YJL178C,0,-1.1486382,0.1337524950504303,0.9304174780845642,0.606563925743103
YNL079C,YDL045C,0,-1.1490839,0.13373339176177979,0.9304174780845642,0.6066640019416809
YBR150C,YJL191W,0,-1.1492804,0.13371428847312927,0.9304174780845642,0.6067640781402588
YDR411C,YBR230C,0,-1.1494665,0.13369518518447876,0.9304174780845642,0.6068640947341919
YKR071C,YKL041W,0,-1.1497865,0.13367609679698944,0.9304174780845642,0.6069641709327698
YJL011C,YGR109W-B,0,-1.150886,0.13365700840950012,0.9304174780845642,0.6070642471313477
YHR058C,YMR099C,0,-1.1509181,0.1336379200220108,0.9304174780845642,0.6071643233299255
YOL070C,YOL108C,0,-1.1517336,0.13361884653568268,0.9304174780845642,0.6072643399238586
YLR020C,YER130C,0,-1.1517932,0.13359977304935455,0.9304174780845642,0.6073644161224365
YKL020C,YNL273W,0,-1.1523086,0.13358069956302643,0.9304174780845642,0.6074644923210144
YKR019C,YFL013C,0,-1.1525761,0.1335616409778595,0.9304174780845642,0.6075645685195923
YMR210W,YER190W,0,-1.1529955,0.13354258239269257,0.9304174780845642,0.6076645851135254
YOL165C,YML071C,0,-1.1538354,0.13352353870868683,0.9304174780845642,0.6077646613121033
YLR452C,YKL003C,0,-1.1539351,0.1335044950246811,0.9304174780845642,0.6078647375106812
YGL062W,YJR026W,0,-1.1540936,0.13348545134067535,0.9304174780845642,0.6079647541046143
YJR151C,YNR044W,0,-1.1549014,0.1334664225578308,0.9304174780845642,0.6080648303031921
YLR026C,YPL027W,0,-1.155142,0.13344739377498627,0.9304174780845642,0.60816490650177
YDL070W,YNL122C,0,-1.1563975,0.13342836499214172,0.9304174780845642,0.6082649827003479
YGR112W,YLR042C,0,-1.1566044,0.13340935111045837,0.9304174780845642,0.608364999294281
YOR323C,YER168C,0,-1.1568483,0.13339033722877502,0.9304174780845642,0.6084650754928589
YHR002W,YCL032W,0,-1.1568772,0.13337133824825287,0.9304174780845642,0.6085651516914368
YJL134W,YBR129C,0,-1.1570451,0.13335232436656952,0.9304174780845642,0.6086652278900146
YER014C-A,YNL122C,0,-1.157229,0.13333334028720856,0.9304174780845642,0.6087652444839478
YOR147W,YLR410W-A,0,-1.1576816,0.1333143413066864,0.9304174780845642,0.6088653206825256
YPL127C,YKR054C,0,-1.1581994,0.13329535722732544,0.9304174780845642,0.6089653968811035
YDR159W,YMR115W,0,-1.1587354,0.13327637314796448,0.9304174780845642,0.6090654134750366
YJR078W,YJL134W,0,-1.1587678,0.1332574039697647,0.9304174780845642,0.6091654896736145
YPL127C,YDR429C,0,-1.1593375,0.13323843479156494,0.9304174780845642,0.6092655658721924
YER101C,YGR246C,0,-1.1598935,0.13321946561336517,0.9304174780845642,0.6093656420707703
YDR159W,YDR262W,0,-1.1600276,0.1332005113363266,0.9304174780845642,0.6094656586647034
YLR312W-A,YOR349W,0,-1.1609987,0.13318155705928802,0.9304174780845642,0.6095657348632812
YKL126W,YGR036C,0,-1.1615124,0.13316261768341064,0.9304174780845642,0.6096658110618591
YMR013C,YPR006C,0,-1.1616707,0.13314366340637207,0.9304174780845642,0.609765887260437
YMR176W,YOR393W,0,-1.1618555,0.13312473893165588,0.9304174780845642,0.6098659038543701
YOR243C,YER137C-A,0,-1.1618587,0.1331057995557785,0.9304174780845642,0.609965980052948
YOL043C,YJR040W,0,-1.1619867,0.13308687508106232,0.9304174780845642,0.6100660562515259
YOR222W,YJL206C,0,-1.1623666,0.13306795060634613,0.9304174780845642,0.610166072845459
YLR452C,YNL080C,0,-1.1623757,0.13304904103279114,0.9304174780845642,0.6102661490440369
YBR115C,YAL031C,0,-1.1627158,0.13303013145923615,0.9304174780845642,0.6103662252426147
YJL087C,YOR274W,1,-1.1629599,0.13315333425998688,0.9314115047454834,0.6103662252426147
YML058W-A,YJR053W,0,-1.1629642,0.1331344097852707,0.9314115047454834,0.6104663014411926
YBR172C,YNL138W,0,-1.162979,0.1331155002117157,0.9314115047454834,0.6105663180351257
YLL041C,YOR074C,0,-1.1634067,0.1330965906381607,0.9314115047454834,0.6106663942337036
YNL307C,YNL052W,0,-1.1634727,0.1330776810646057,0.9314115047454834,0.6107664704322815
YOR098C,YIL042C,0,-1.1638647,0.13305878639221191,0.9314115047454834,0.6108665466308594
YCR046C,YOR085W,0,-1.1639661,0.13303989171981812,0.9314115047454834,0.6109665632247925
YHR047C,YBR271W,0,-1.1641291,0.1330210119485855,0.9314115047454834,0.6110666394233704
YKL001C,YBR010W,0,-1.1644433,0.1330021321773529,0.9314115047454834,0.6111667156219482
YDR411C,YMR267W,0,-1.1645429,0.1329832524061203,0.9314115047454834,0.6112667322158813
YJL066C,YCL024W,0,-1.1647438,0.1329643875360489,0.9314115047454834,0.6113668084144592
YBR074W,YDR508C,0,-1.1651369,0.13294552266597748,0.9314115047454834,0.6114668846130371
YIL128W,YOR382W,0,-1.1651614,0.13292665779590607,0.9314115047454834,0.611566960811615
YML049C,YBL011W,0,-1.1653408,0.13290780782699585,0.9314115047454834,0.6116669774055481
YGR238C,YMR008C,0,-1.1660062,0.13288895785808563,0.9314115047454834,0.611767053604126
YGL083W,YOR351C,0,-1.1660097,0.13287010788917542,0.9314115047454834,0.6118671298027039
YMR284W,YJR026W,0,-1.166318,0.1328512728214264,0.9314115047454834,0.6119672060012817
YER008C,YDR140W,0,-1.1663548,0.13283243775367737,0.9314115047454834,0.6120672225952148
YJR004C,YML056C,0,-1.166592,0.13281360268592834,0.9314115047454834,0.6121672987937927
YGR113W,YBL089W,0,-1.1666278,0.13279478251934052,0.9314115047454834,0.6122673749923706
YDR263C,YLR305C,0,-1.167034,0.13277596235275269,0.9314115047454834,0.6123673915863037
YGR109W-B,YMR284W,0,-1.167427,0.13275715708732605,0.9314115047454834,0.6124674677848816
YGR161W-B,YMR049C,0,-1.1678356,0.13273835182189941,0.9314115047454834,0.6125675439834595
YBR170C,YGL190C,0,-1.1678458,0.13271954655647278,0.9314115047454834,0.6126676201820374
YMR097C,YLR410W-A,0,-1.1678743,0.13270075619220734,0.9314115047454834,0.6127676367759705
YLR163C,YPL208W,0,-1.1680812,0.1326819658279419,0.9314115047454834,0.6128677129745483
YFL002W-B,YLR300W,0,-1.1683476,0.13266317546367645,0.9314115047454834,0.6129677891731262
YKR056W,YPL002C,0,-1.1683941,0.1326444000005722,0.9314115047454834,0.6130678653717041
YLR305C,YDR173C,0,-1.1689969,0.13262562453746796,0.9314115047454834,0.6131678819656372
YMR061W,YNL027W,0,-1.169077,0.1326068490743637,0.9314115047454834,0.6132679581642151
YKL041W,YPR135W,0,-1.1694326,0.13258808851242065,0.9314115047454834,0.613368034362793
YGR144W,YOR304C-A,0,-1.1705209,0.1325693279504776,0.9314115047454834,0.6134681105613708
YCL025C,YCR052W,0,-1.1711718,0.13255056738853455,0.9314115047454834,0.613568127155304
YHR002W,YNL178W,0,-1.171194,0.13253182172775269,0.9314115047454834,0.6136682033538818
YOR142W,YPL208W,0,-1.171212,0.13251307606697083,0.9314115047454834,0.6137682795524597
YCL018W,YDR453C,0,-1.17126,0.13249434530735016,0.9314115047454834,0.6138682961463928
YKL117W,YER087C-B,0,-1.1713386,0.1324756145477295,0.9314115047454834,0.6139683723449707
YDR369C,YIL132C,0,-1.171955,0.13245688378810883,0.9314115047454834,0.6140684485435486
YPL083C,YKL168C,0,-1.1721674,0.13243816792964935,0.9314115047454834,0.6141685247421265
YER171W,YJL128C,0,-1.1722678,0.13241945207118988,0.9314115047454834,0.6142685413360596
YGL233W,YHR057C,0,-1.1722798,0.1324007362127304,0.9314115047454834,0.6143686175346375
YMR087W,YBR257W,1,-1.1724325,0.132523313164711,0.9324055910110474,0.6143686175346375
YLR219W,YOR180C,0,-1.1727527,0.13250459730625153,0.9324055910110474,0.6144686937332153
YDR140W,YGL071W,0,-1.1728159,0.13248588144779205,0.9324055910110474,0.6145687699317932
YBR230C,YGR089W,0,-1.1732694,0.13246716558933258,0.9324055910110474,0.6146687865257263
YGL256W,YDR195W,0,-1.1734248,0.1324484646320343,0.9324055910110474,0.6147688627243042
YNL261W,YOL004W,0,-1.1734902,0.13242976367473602,0.9324055910110474,0.6148689389228821
YIL134W,YBL091C-A,0,-1.1735262,0.13241106271743774,0.9324055910110474,0.6149689555168152
YDR403W,YJR034W,0,-1.1739432,0.13239237666130066,0.9324055910110474,0.6150690317153931
YNR031C,YNL283C,0,-1.1744694,0.13237369060516357,0.9324055910110474,0.615169107913971
YBL076C,YOR226C,0,-1.1745468,0.13235501945018768,0.9324055910110474,0.6152691841125488
YMR054W,YFR036W,0,-1.1750326,0.1323363482952118,0.9324055910110474,0.6153692007064819
YMR005W,YER087C-B,0,-1.1756023,0.1323176771402359,0.9324055910110474,0.6154692769050598
YMR087W,YPL244C,0,-1.1757035,0.13229900598526,0.9324055910110474,0.6155693531036377
YPR024W,YHR074W,0,-1.1758865,0.1322803497314453,0.9324055910110474,0.6156694293022156
YDR411C,YKL067W,0,-1.1760163,0.1322617083787918,0.9324055910110474,0.6157694458961487
YDR131C,YMR270C,0,-1.1760174,0.1322430521249771,0.9324055910110474,0.6158695220947266
YKL217W,YAR031W,0,-1.1761982,0.1322244107723236,0.9324055910110474,0.6159695982933044
YBR006W,YPL257W-B,0,-1.1762956,0.1322057843208313,0.9324055910110474,0.6160696148872375
YPR196W,YPR187W,0,-1.1764094,0.1321871429681778,0.9324055910110474,0.6161696910858154
YDR378C,YGR222W,0,-1.1766067,0.13216851651668549,0.9324055910110474,0.6162697672843933
YGL019W,YER087C-B,0,-1.1769702,0.13214990496635437,0.9324055910110474,0.6163698434829712
YOL151W,YBR141C,0,-1.1769866,0.13213129341602325,0.9324055910110474,0.6164698600769043
YIL094C,YDR423C,0,-1.1770402,0.13211268186569214,0.9324055910110474,0.6165699362754822
YLR312W-A,YML097C,0,-1.1774212,0.13209407031536102,0.9324055910110474,0.6166700124740601
YLR395C,YJR053W,0,-1.1776043,0.1320754736661911,0.9324055910110474,0.6167700886726379
YJL225C,YPL180W,0,-1.1779681,0.13205687701702118,0.9324055910110474,0.616870105266571
YNL314W,YDL140C,0,-1.1782361,0.13203829526901245,0.9324055910110474,0.6169701814651489
YGL170C,YDR207C,0,-1.1784468,0.13201969861984253,0.9324055910110474,0.6170702576637268
YLR020C,YGR255C,0,-1.1787534,0.132001131772995,0.9324055910110474,0.6171702742576599
YMR093W,YLR300W,0,-1.1787735,0.13198255002498627,0.9324055910110474,0.6172703504562378
YBR282W,YHR174W,0,-1.1787758,0.13196398317813873,0.9324055910110474,0.6173704266548157
YBL113C,YIL159W,0,-1.1790341,0.1319454163312912,0.9324055910110474,0.6174705028533936
YPR113W,YKL067W,0,-1.179093,0.13192686438560486,0.9324055910110474,0.6175705194473267
YGR105W,YBR230C,0,-1.1796101,0.13190831243991852,0.9324055910110474,0.6176705956459045
YGR171C,YDL097C,0,-1.1798288,0.13188976049423218,0.9324055910110474,0.6177706718444824
YFL054C,YNL219C,0,-1.1801907,0.13187122344970703,0.9324055910110474,0.6178707480430603
YOL107W,YLR278C,0,-1.1803069,0.13185268640518188,0.9324055910110474,0.6179707646369934
YHR030C,YBR125C,0,-1.1805804,0.13183414936065674,0.9324055910110474,0.6180708408355713
YGR010W,YPL129W,0,-1.1816784,0.13181562721729279,0.9324055910110474,0.6181709170341492
YHR209W,YNL290W,0,-1.1828008,0.13179710507392883,0.9324055910110474,0.6182709336280823
YGR144W,YNL016W,0,-1.182915,0.13177858293056488,0.9324055910110474,0.6183710098266602
YMR019W,YGL190C,0,-1.1832653,0.13176007568836212,0.9324055910110474,0.618471086025238
YOL082W,YJR101W,0,-1.1835767,0.13174156844615936,0.9324055910110474,0.6185711622238159
YLR165C,YBL011W,0,-1.1837575,0.1317230761051178,0.9324055910110474,0.618671178817749
YGL186C,YIR018W,0,-1.1838908,0.13170458376407623,0.9324055910110474,0.6187712550163269
YDL083C,YHR057C,0,-1.1841179,0.13168609142303467,0.9324055910110474,0.6188713312149048
YER137C-A,YGR268C,0,-1.185047,0.1316675990819931,0.9324055910110474,0.6189714074134827
YGR214W,YER087C-B,0,-1.1852287,0.13164912164211273,0.9324055910110474,0.6190714240074158
YBR170C,YJL082W,0,-1.1852365,0.13163064420223236,0.9324055910110474,0.6191715002059937
YDR240C,YPL113C,0,-1.185658,0.13161218166351318,0.9324055910110474,0.6192715764045715
YLR043C,YOL104C,0,-1.1859108,0.131593719124794,0.9324055910110474,0.6193716526031494
YGL172W,YMR023C,1,-1.1862673,0.13171552121639252,0.9333996176719666,0.6193716526031494
YBR020W,YMR267W,0,-1.186828,0.13169705867767334,0.9333996176719666,0.6194716691970825
YLR268W,YLR213C,0,-1.1869959,0.13167858123779297,0.9333996176719666,0.6195717453956604
YGR258C,YLR278C,0,-1.1872218,0.1316601186990738,0.9333996176719666,0.6196718215942383
YDR371W,YNL223W,0,-1.1873269,0.1316416710615158,0.9333996176719666,0.6197718381881714
YMR241W,YPR133W-A,0,-1.1873277,0.13162320852279663,0.9333996176719666,0.6198719143867493
YDR285W,YER104W,0,-1.1874602,0.13160476088523865,0.9333996176719666,0.6199719905853271
YHR175W,YNL027W,0,-1.1881038,0.13158632814884186,0.9333996176719666,0.620072066783905
YIL002C,YOR089C,0,-1.1881262,0.13156788051128387,0.9333996176719666,0.6201720833778381
YMR008C,YHR156C,0,-1.1882484,0.13154944777488708,0.9333996176719666,0.620272159576416
YKR055W,YMR061W,0,-1.1885313,0.1315310299396515,0.9333996176719666,0.6203722357749939
YHR006W,YML014W,1,-1.1889756,0.13165266811847687,0.9343936443328857,0.6203722357749939
YJL187C,YLR386W,0,-1.1891758,0.13163422048091888,0.9343936443328857,0.6204723119735718
YDR205W,YGR175C,0,-1.1901644,0.1316157877445221,0.9343936443328857,0.6205723285675049
YOR148C,YFR018C,0,-1.1903135,0.1315973699092865,0.9343936443328857,0.6206724047660828
YNL010W,YJL071W,0,-1.1908596,0.1315789520740509,0.9343936443328857,0.6207724809646606
YNL070W,YDR159W,0,-1.1909174,0.1315605342388153,0.9343936443328857,0.6208724975585938
YDR419W,YER022W,0,-1.1909567,0.1315421164035797,0.9343936443328857,0.6209725737571716
YPL257W-B,YNL110C,0,-1.1914735,0.1315237134695053,0.9343936443328857,0.6210726499557495
YER090W,YER019C-A,0,-1.1915454,0.1315053105354309,0.9343936443328857,0.6211727261543274
YOR138C,YEL036C,0,-1.19217,0.1314869225025177,0.9343936443328857,0.6212727427482605
YKL013C,YOR187W,0,-1.1930213,0.1314685344696045,0.9343936443328857,0.6213728189468384
YDL142C,YDL078C,0,-1.1933974,0.13145014643669128,0.9343936443328857,0.6214728951454163
YJL079C,YKL203C,0,-1.193631,0.13143177330493927,0.9343936443328857,0.6215729713439941
YDR174W,YDR337W,0,-1.1936638,0.13141340017318726,0.9343936443328857,0.6216729879379272
YDR196C,YPL087W,0,-1.1943218,0.13139502704143524,0.9343936443328857,0.6217730641365051
YDR419W,YOR219C,0,-1.1944323,0.13137665390968323,0.9343936443328857,0.621873140335083
YGR109W-B,YNR010W,0,-1.1945503,0.1313582956790924,0.9343936443328857,0.6219731569290161
YPL099C,YLR390W,0,-1.1946136,0.13133995234966278,0.9343936443328857,0.622073233127594
YDL107W,YDL128W,0,-1.1952839,0.13132159411907196,0.9343936443328857,0.6221733093261719
YAL040C,YEL056W,0,-1.1959294,0.13130325078964233,0.9343936443328857,0.6222733855247498
YNL282W,YJL082W,0,-1.1960124,0.1312849223613739,0.9343936443328857,0.6223734021186829
YOR297C,YLR024C,0,-1.1973311,0.13126657903194427,0.9343936443328857,0.6224734783172607
YPR162C,YPL011C,0,-1.1977285,0.13124825060367584,0.9343936443328857,0.6225735545158386
YGL244W,YDR138W,0,-1.1981499,0.1312299370765686,0.9343936443328857,0.6226736307144165
YBR066C,YNL010W,0,-1.1984392,0.13121160864830017,0.9343936443328857,0.6227736473083496
YJR130C,YDR140W,0,-1.1994731,0.13119329512119293,0.9343936443328857,0.6228737235069275
YOR388C,YPL147W,0,-1.1997851,0.1311749964952469,0.9343936443328857,0.6229737997055054
YBR260C,YPL087W,0,-1.2001573,0.13115668296813965,0.9343936443328857,0.6230738162994385
YHR030C,YMR315W,0,-1.2007035,0.1311383992433548,0.9343936443328857,0.6231738924980164
YLL051C,YLR289W,0,-1.2012867,0.13112010061740875,0.9343936443328857,0.6232739686965942
YHR060W,YPL274W,0,-1.2024363,0.1311018168926239,0.9343936443328857,0.6233740448951721
YPR144C,YLR157C,0,-1.202521,0.13108353316783905,0.9343936443328857,0.6234740614891052
YLR312W-A,YCL004W,0,-1.2025717,0.1310652494430542,0.9343936443328857,0.6235741376876831
YOL045W,YNL231C,0,-1.2026231,0.13104698061943054,0.9343936443328857,0.623674213886261
YDR378C,YFR018C,0,-1.2033467,0.13102871179580688,0.9343936443328857,0.6237742900848389
YPR135W,YLR410W-B,0,-1.2036742,0.13101045787334442,0.9343936443328857,0.623874306678772
YEL040W,YOR020C,0,-1.2040001,0.13099218904972076,0.9343936443328857,0.6239743828773499
YDR463W,YGL236C,1,-1.2040076,0.13111327588558197,0.9353876709938049,0.6239743828773499
YLR113W,YFL054C,0,-1.2041465,0.1310950070619583,0.9353876709938049,0.6240744590759277
YJR034W,YDR062W,0,-1.2041467,0.13107675313949585,0.9353876709938049,0.6241744756698608
YDR081C,YER190W,0,-1.2041656,0.1310584992170334,0.9353876709938049,0.6242745518684387
YJR055W,YMR193W,0,-1.2047844,0.13104024529457092,0.9353876709938049,0.6243746280670166
YHR209W,YFL014W,0,-1.2048776,0.13102200627326965,0.9353876709938049,0.6244747042655945
YJR092W,YPL127C,0,-1.2051147,0.1310037523508072,0.9353876709938049,0.6245747208595276
YFL066C,YGL220W,0,-1.2055867,0.13098552823066711,0.9353876709938049,0.6246747970581055
YER137C-A,YDR497C,0,-1.2060097,0.13096728920936584,0.9353876709938049,0.6247748732566833
YMR269W,YOR351C,0,-1.2066418,0.13094906508922577,0.9353876709938049,0.6248749494552612
YGR169C,YML073C,0,-1.20671,0.1309308409690857,0.9353876709938049,0.6249749660491943
YML051W,YPR204W,0,-1.2067872,0.1309126317501068,0.9353876709938049,0.6250750422477722
YOR283W,YDR461W,0,-1.2073871,0.13089442253112793,0.9353876709938049,0.6251751184463501
YOR351C,YAL029C,0,-1.207441,0.13087621331214905,0.9353876709938049,0.625275194644928
YER103W,YOR145C,0,-1.2075745,0.13085801899433136,0.9353876709938049,0.6253752112388611
YLL034C,YMR008C,0,-1.2078807,0.13083982467651367,0.9353876709938049,0.625475287437439
YDR210C-C,YJL144W,0,-1.2080234,0.13082163035869598,0.9353876709938049,0.6255753636360168
YLR157C,YDR254W,0,-1.2081268,0.1308034509420395,0.9353876709938049,0.62567538022995
YER098W,YHR061C,0,-1.2081637,0.130785271525383,0.9353876709938049,0.6257754564285278
YDR411C,YLR353W,0,-1.2086396,0.1307670921087265,0.9353876709938049,0.6258755326271057
YIL002C,YGL103W,0,-1.2087592,0.1307489275932312,0.9353876709938049,0.6259756088256836
YIL021W,YMR090W,0,-1.2090348,0.1307307630777359,0.9353876709938049,0.6260756254196167
YFL038C,YMR160W,0,-1.2092487,0.1307125985622406,0.9353876709938049,0.6261757016181946
YPR011C,YDL225W,0,-1.2094046,0.1306944489479065,0.9353876709938049,0.6262757778167725
YHR005C-A,YKR026C,0,-1.2094072,0.1306762993335724,0.9353876709938049,0.6263758540153503
YGL037C,YKL189W,0,-1.2095386,0.13065814971923828,0.9353876709938049,0.6264758706092834
YER055C,YJL030W,0,-1.2095851,0.13064001500606537,0.9353876709938049,0.6265759468078613
YMR123W,YER090W,0,-1.2096028,0.13062188029289246,0.9353876709938049,0.6266760230064392
YKL165C,YOR353C,0,-1.2103745,0.13060374557971954,0.9353876709938049,0.6267760396003723
YLR043C,YER190W,0,-1.2117478,0.13058562576770782,0.9353876709938049,0.6268761157989502
YGR052W,YFL048C,0,-1.2117746,0.1305675059556961,0.9353876709938049,0.6269761919975281
YJL134W,YOR299W,0,-1.2122623,0.1305493861436844,0.9353876709938049,0.627076268196106
YNL127W,YMR005W,0,-1.2127018,0.13053128123283386,0.9353876709938049,0.6271762847900391
YGR056W,YDR383C,0,-1.2133958,0.13051317632198334,0.9353876709938049,0.6272763609886169
YKR069W,YLR350W,0,-1.2137033,0.1304950714111328,0.9353876709938049,0.6273764371871948
YDR518W,YGL244W,0,-1.2139865,0.13047698140144348,0.9353876709938049,0.6274765133857727
YFL033C,YNR044W,0,-1.2145494,0.13045889139175415,0.9353876709938049,0.6275765299797058
YFL033C,YPL027W,0,-1.21497,0.130440816283226,0.9353876709938049,0.6276766061782837
YBR031W,YOR008C,0,-1.2151483,0.13042272627353668,0.9353876709938049,0.6277766823768616
YMR272C,YMR308C,0,-1.2155889,0.13040465116500854,0.9353876709938049,0.6278766989707947
YOR353C,YER190W,0,-1.2156398,0.1303865909576416,0.9353876709938049,0.6279767751693726
YLR028C,YOR180C,0,-1.2157196,0.13036851584911346,0.9353876709938049,0.6280768513679504
YLR452C,YBR031W,0,-1.215832,0.13035047054290771,0.9353876709938049,0.6281769275665283
YKR054C,YKL119C,0,-1.2159157,0.13033241033554077,0.9353876709938049,0.6282769441604614
YJR138W,YDR205W,0,-1.2160696,0.13031436502933502,0.9353876709938049,0.6283770203590393
YKL130C,YDL083C,0,-1.2163115,0.13029631972312927,0.9353876709938049,0.6284770965576172
YDL084W,YJL192C,0,-1.2168757,0.13027827441692352,0.9353876709938049,0.6285771727561951
YOR215C,YPL050C,0,-1.2169504,0.13026024401187897,0.9353876709938049,0.6286771893501282
YOR297C,YPR125W,0,-1.2170914,0.1302422136068344,0.9353876709938049,0.628777265548706
YPL240C,YAL039C,0,-1.2170929,0.13022418320178986,0.9353876709938049,0.6288773417472839
YNL085W,YLR390W,0,-1.2171633,0.1302061676979065,0.9353876709938049,0.628977358341217
YOR251C,YLR088W,0,-1.2173947,0.13018815219402313,0.9353876709938049,0.6290774345397949
YLR191W,YDL216C,0,-1.2174288,0.13017015159130096,0.9353876709938049,0.6291775107383728
YDR498C,YJR026W,0,-1.2182076,0.1301521509885788,0.9353876709938049,0.6292775869369507
YBR278W,YDR076W,0,-1.218544,0.13013415038585663,0.9353876709938049,0.6293776035308838
YNL314W,YBR031W,0,-1.2186337,0.13011614978313446,0.9353876709938049,0.6294776797294617
YPL151C,YDR296W,0,-1.219117,0.1300981640815735,0.9353876709938049,0.6295777559280396
YKR069W,YJL176C,0,-1.2197149,0.1300801783800125,0.9353876709938049,0.6296778321266174
YGL259W,YPL096W,0,-1.2198447,0.13006219267845154,0.9353876709938049,0.6297778487205505
YDR492W,YNR035C,0,-1.2200943,0.13004422187805176,0.9353876709938049,0.6298779249191284
YOR340C,YBR072W,0,-1.2202066,0.13002625107765198,0.9353876709938049,0.6299780011177063
YOR313C,YIR032C,0,-1.2204154,0.1300082951784134,0.9353876709938049,0.6300780177116394
YJL103C,YLR330W,0,-1.220482,0.1299903243780136,0.9353876709938049,0.6301780939102173
YKR057W,YHR174W,0,-1.2207382,0.12997236847877502,0.9353876709938049,0.6302781701087952
YER101C,YGR020C,0,-1.2217144,0.12995442748069763,0.9353876709938049,0.630378246307373
YPR167C,YNR003C,0,-1.2218039,0.12993648648262024,0.9353876709938049,0.6304782629013062
YMR186W,YJL213W,0,-1.2220597,0.12991854548454285,0.9353876709938049,0.630578339099884
YJL085W,YBR037C,0,-1.2222742,0.12990060448646545,0.9353876709938049,0.6306784152984619
YDR405W,YBR230C,0,-1.2225908,0.12988267838954926,0.9353876709938049,0.6307784914970398
YPR127W,YML039W,0,-1.2233504,0.12986475229263306,0.9353876709938049,0.6308785080909729
YKR054C,YNR004W,0,-1.223418,0.12984682619571686,0.9353876709938049,0.6309785842895508
YEL069C,YDR195W,0,-1.2236339,0.12982891499996185,0.9353876709938049,0.6310786604881287
YPR171W,YLR300W,0,-1.2236423,0.12981100380420685,0.9353876709938049,0.6311787366867065
YLR047C,YDR281C,0,-1.2256693,0.12979310750961304,0.9353876709938049,0.6312787532806396
YER151C,YJL053W,0,-1.2257906,0.12977519631385803,0.9353876709938049,0.6313788294792175
YLR395C,YIL177C,0,-1.2258419,0.12975731492042542,0.9353876709938049,0.6314789056777954
YJR026W,YLR130C,0,-1.2260896,0.1297394186258316,0.9353876709938049,0.6315789222717285
YPR171W,YDR415C,0,-1.226091,0.129721537232399,0.9353876709938049,0.6316789984703064
YPL083C,YMR047C,1,-1.2265176,0.12984149158000946,0.9363816976547241,0.6316789984703064
YJL178C,YDL047W,0,-1.2266972,0.12982359528541565,0.9363816976547241,0.6317790746688843
YJL071W,YHR109W,0,-1.2267945,0.12980569899082184,0.9363816976547241,0.6318791508674622
YLR429W,YJR083C,0,-1.2270851,0.12978781759738922,0.9363816976547241,0.6319791674613953
YJL194W,YIR038C,0,-1.2274293,0.1297699362039566,0.9363816976547241,0.6320792436599731
YGR052W,YKL003C,0,-1.2274802,0.12975206971168518,0.9363816976547241,0.632179319858551
YJR053W,YLR050C,0,-1.2282181,0.12973420321941376,0.9363816976547241,0.6322793960571289
YGL094C,YLR050C,0,-1.228223,0.12971633672714233,0.9363816976547241,0.632379412651062
YMR200W,YLR016C,0,-1.2282478,0.1296984702348709,0.9363816976547241,0.6324794888496399
YOR226C,YKL124W,0,-1.2285081,0.12968061864376068,0.9363816976547241,0.6325795650482178
YBR095C,YOR098C,0,-1.2288209,0.12966276705265045,0.9363816976547241,0.6326795816421509
YMR061W,YPL007C,0,-1.2289209,0.12964491546154022,0.9363816976547241,0.6327796578407288
YPR072W,YJR051W,0,-1.2289876,0.1296270787715912,0.9363816976547241,0.6328797340393066
YBR260C,YGR118W,0,-1.2293547,0.12960924208164215,0.9363816976547241,0.6329798102378845
YPR047W,YHR070W,1,-1.2303462,0.1297289878129959,0.9373757243156433,0.6329798102378845
YJR119C,YOR008C,0,-1.2305909,0.12971113622188568,0.9373757243156433,0.6330798268318176
YJR021C,YDR146C,0,-1.2307351,0.12969329953193665,0.9373757243156433,0.6331799030303955
YDL054C,YJR103W,0,-1.2310694,0.1296754628419876,0.9373757243156433,0.6332799792289734
YJR078W,YDL111C,0,-1.2316369,0.12965764105319977,0.9373757243156433,0.6333800554275513
YLR344W,YPR060C,0,-1.2325104,0.12963981926441193,0.9373757243156433,0.6334800720214844
YJL114W,YDR527W,0,-1.2325174,0.12962199747562408,0.9373757243156433,0.6335801482200623
YPL188W,YOR351C,0,-1.2326993,0.12960417568683624,0.9373757243156433,0.6336802244186401
YOR176W,YOR243C,0,-1.2329336,0.1295863687992096,0.9373757243156433,0.6337802410125732
YOR071C,YGL203C,0,-1.2338489,0.12956856191158295,0.9373757243156433,0.6338803172111511
YGL010W,YNL239W,0,-1.2340952,0.1295507550239563,0.9373757243156433,0.633980393409729
YPR011C,YDR076W,0,-1.2351191,0.12953296303749084,0.9373757243156433,0.6340804696083069
YER017C,YGL071W,0,-1.2351613,0.1295151710510254,0.9373757243156433,0.63418048620224
YDL179W,YDR240C,0,-1.2354597,0.12949739396572113,0.9373757243156433,0.6342805624008179
YLR157C,YGL051W,0,-1.2355088,0.12947961688041687,0.9373757243156433,0.6343806385993958
YGL122C,YDL035C,0,-1.2355775,0.1294618397951126,0.9373757243156433,0.6344807147979736
YPR191W,YPL113C,0,-1.2360991,0.12944406270980835,0.9373757243156433,0.6345807313919067
YOR074C,YPR006C,0,-1.2361623,0.12942630052566528,0.9373757243156433,0.6346808075904846
YDR494W,YDR195W,0,-1.2368698,0.12940853834152222,0.9373757243156433,0.6347808837890625
YMR089C,YOL111C,0,-1.2369338,0.12939077615737915,0.9373757243156433,0.6348809003829956
YER175C,YBR026C,0,-1.2369562,0.12937302887439728,0.9373757243156433,0.6349809765815735
YBR195C,YJL060W,0,-1.2371897,0.1293552815914154,0.9373757243156433,0.6350810527801514
YER125W,YDR378C,1,-1.2374668,0.1294746994972229,0.9383698105812073,0.6350810527801514
YJR127C,YJL171C,0,-1.2380098,0.12945693731307983,0.9383698105812073,0.6351811289787292
YGL180W,YHR209W,0,-1.2383565,0.12943919003009796,0.9383698105812073,0.6352811455726624
YDR170C,YJL130C,0,-1.2385045,0.1294214427471161,0.9383698105812073,0.6353812217712402
YGR012W,YMR238W,0,-1.2385601,0.12940369546413422,0.9383698105812073,0.6354812979698181
YFR021W,YKR055W,0,-1.2386531,0.12938596308231354,0.9383698105812073,0.635581374168396
YBR006W,YOR343W-B,0,-1.2387073,0.12936823070049286,0.9383698105812073,0.6356813907623291
YMR077C,YMR227C,0,-1.2389146,0.12935051321983337,0.9383698105812073,0.635781466960907
YJL103C,YKL168C,0,-1.2393876,0.1293327808380127,0.9383698105812073,0.6358815431594849
YDL070W,YOR393W,0,-1.2393886,0.1293150633573532,0.9383698105812073,0.635981559753418
YPL099C,YIL042C,0,-1.2399646,0.12929736077785492,0.9383698105812073,0.6360816359519958
YNL153C,YDL015C,0,-1.2409457,0.12927964329719543,0.9383698105812073,0.6361817121505737
YGR056W,YOL145C,0,-1.2419492,0.12926194071769714,0.9383698105812073,0.6362817883491516
YNL050C,YOR008C,0,-1.2422608,0.12924425303936005,0.9383698105812073,0.6363818049430847
YGL237C,YNR021W,0,-1.2423431,0.12922655045986176,0.9383698105812073,0.6364818811416626
YAL060W,YGR144W,0,-1.2424806,0.12920886278152466,0.9383698105812073,0.6365819573402405
YDR285W,YML099C,0,-1.2426237,0.12919119000434875,0.9383698105812073,0.6366820335388184
YOR327C,YFL017W-A,0,-1.244166,0.12917350232601166,0.9383698105812073,0.6367820501327515
YJL166W,YMR228W,0,-1.2442588,0.12915582954883575,0.9383698105812073,0.6368821263313293
YGL083W,YGR105W,0,-1.2443295,0.12913817167282104,0.9383698105812073,0.6369822025299072
YJL225C,YDL074C,0,-1.2443359,0.12912049889564514,0.9383698105812073,0.6370822787284851
YKR036C,YGR225W,0,-1.2444087,0.12910284101963043,0.9383698105812073,0.6371822953224182
YKL093W,YHR164C,0,-1.2451559,0.12908519804477692,0.9383698105812073,0.6372823715209961
YBR195C,YML032C,0,-1.2455227,0.1290675401687622,0.9383698105812073,0.637382447719574
YJL191W,YOR226C,0,-1.245658,0.1290498971939087,0.9383698105812073,0.6374824643135071
YOR237W,YNL262W,0,-1.2458459,0.12903225421905518,0.9383698105812073,0.637582540512085
YER008C,YLR165C,0,-1.2460777,0.12901462614536285,0.9383698105812073,0.6376826167106628
YGR268C,YGR072W,0,-1.246135,0.12899699807167053,0.9383698105812073,0.6377826929092407
YDL179W,YDL170W,0,-1.2465316,0.1289793699979782,0.9383698105812073,0.6378827095031738
YDR454C,YOR355W,0,-1.2465926,0.1289617419242859,0.9383698105812073,0.6379827857017517
YPR137W,YMR033W,0,-1.2483939,0.12894412875175476,0.9383698105812073,0.6380828619003296
YMR054W,YNL080C,0,-1.2484848,0.12892651557922363,0.9383698105812073,0.6381829380989075
YMR270C,YHL027W,0,-1.2488267,0.1289089173078537,0.9383698105812073,0.6382829546928406
YIL080W,YOL107W,0,-1.2493008,0.12889131903648376,0.9383698105812073,0.6383830308914185
YHR030C,YLR244C,0,-1.2494373,0.12887372076511383,0.9383698105812073,0.6384831070899963
YDL028C,YNR072W,0,-1.2494627,0.1288561224937439,0.9383698105812073,0.6385831236839294
YNL131W,YDL215C,0,-1.2498893,0.12883853912353516,0.9383698105812073,0.6386831998825073
YFL033C,YFL023W,0,-1.2500477,0.12882095575332642,0.9383698105812073,0.6387832760810852
YHR119W,YCR026C,0,-1.2501191,0.12880338728427887,0.9383698105812073,0.6388833522796631
YOL010W,YNL219C,0,-1.2504746,0.12878581881523132,0.9383698105812073,0.6389833688735962
YPL244C,YOR349W,0,-1.2508792,0.12876825034618378,0.9383698105812073,0.6390834450721741
YJR101W,YKL085W,0,-1.2514864,0.12875068187713623,0.9383698105812073,0.639183521270752
YNL314W,YGR085C,0,-1.2517229,0.12873312830924988,0.9383698105812073,0.6392835974693298
YBR195C,YDL216C,0,-1.2518282,0.12871557474136353,0.9383698105812073,0.6393836140632629
YGR109W-B,YLR401C,0,-1.251913,0.12869802117347717,0.9383698105812073,0.6394836902618408
YLL041C,YMR033W,0,-1.2519374,0.12868048250675201,0.9383698105812073,0.6395837664604187
YPR196W,YBR182C,0,-1.2519772,0.12866294384002686,0.9383698105812073,0.6396837830543518
YPL112C,YJL214W,0,-1.2521285,0.1286454051733017,0.9383698105812073,0.6397838592529297
YMR218C,YLR312W-A,0,-1.2523466,0.12862788140773773,0.9383698105812073,0.6398839354515076
YBR223C,YNL016W,0,-1.2525061,0.12861035764217377,0.9383698105812073,0.6399840116500854
YLR107W,YDL215C,0,-1.2525901,0.1285928338766098,0.9383698105812073,0.6400840282440186
YGR221C,YJR101W,0,-1.2526267,0.12857532501220703,0.9383698105812073,0.6401841044425964
YEL069C,YBR170C,0,-1.2537576,0.12855781614780426,0.9383698105812073,0.6402841806411743
YHR056C,YNL026W,0,-1.2539307,0.1285403072834015,0.9383698105812073,0.6403842568397522
YGL209W,YIL135C,0,-1.2539705,0.12852279841899872,0.9383698105812073,0.6404842734336853
YFL048C,YJL214W,0,-1.2541078,0.12850530445575714,0.9383698105812073,0.6405843496322632
YKR035W-A,YGR271W,0,-1.254746,0.12848782539367676,0.9383698105812073,0.6406844258308411
YFL057C,YDR373W,0,-1.2548677,0.12847033143043518,0.9383698105812073,0.6407844424247742
YDL217C,YNL284C,0,-1.2550563,0.1284528523683548,0.9383698105812073,0.640884518623352
YPL213W,YKL124W,0,-1.2551147,0.12843537330627441,0.9383698105812073,0.6409845948219299
YMR087W,YAR008W,1,-1.2553757,0.12855394184589386,0.9393638372421265,0.6409845948219299
YJL200C,YPR127W,0,-1.255757,0.12853644788265228,0.9393638372421265,0.6410846710205078
YDR332W,YFL013C,0,-1.2559446,0.1285189688205719,0.9393638372421265,0.6411846876144409
YMR319C,YPL104W,0,-1.2559844,0.12850148975849152,0.9393638372421265,0.6412847638130188
YKR019C,YNL078W,0,-1.2560565,0.12848402559757233,0.9393638372421265,0.6413848400115967
YBL041W,YPL167C,0,-1.2561156,0.12846656143665314,0.9393638372421265,0.6414849162101746
YLR206W,YNL026W,0,-1.2562119,0.12844909727573395,0.9393638372421265,0.6415849328041077
YLR394W,YKL003C,0,-1.2563266,0.12843163311481476,0.9393638372421265,0.6416850090026855
YBR261C,YBR096W,0,-1.2564818,0.12841418385505676,0.9393638372421265,0.6417850852012634
YDL055C,YBR192W,0,-1.2566639,0.12839673459529877,0.9393638372421265,0.6418851017951965
YOR226C,YMR159C,0,-1.2568063,0.12837930023670197,0.9393638372421265,0.6419851779937744
YGL212W,YKL064W,0,-1.2569424,0.12836185097694397,0.9393638372421265,0.6420852541923523
YOL136C,YIL035C,0,-1.2580241,0.12834443151950836,0.9393638372421265,0.6421853303909302
YOR216C,YHR079C,0,-1.2581592,0.12832699716091156,0.9393638372421265,0.6422853469848633
YNL153C,YOL057W,0,-1.2584517,0.12830957770347595,0.9393638372421265,0.6423854231834412
YER175C,YBL085W,0,-1.2586101,0.12829215824604034,0.9393638372421265,0.642485499382019
YLR107W,YOR313C,0,-1.2588634,0.12827473878860474,0.9393638372421265,0.6425855755805969
YOR084W,YOR222W,0,-1.2589155,0.12825733423233032,0.9393638372421265,0.64268559217453
YKL217W,YKL189W,0,-1.2589487,0.1282399296760559,0.9393638372421265,0.6427856683731079
YGL112C,YBR230C,0,-1.2594717,0.1282225251197815,0.9393638372421265,0.6428857445716858
YGL237C,YOR285W,0,-1.2601032,0.12820513546466827,0.9393638372421265,0.6429858207702637
YAL022C,YKR006C,0,-1.2603716,0.12818773090839386,0.9393638372421265,0.6430858373641968
YHR074W,YKL061W,0,-1.2607869,0.12817035615444183,0.9393638372421265,0.6431859135627747
YGR109W-B,YNL304W,0,-1.2608738,0.1281529664993286,0.9393638372421265,0.6432859897613525
YNR004W,YOR187W,0,-1.2610911,0.1281355917453766,0.9393638372421265,0.6433860063552856
YHR209W,YDR146C,0,-1.2612928,0.12811821699142456,0.9393638372421265,0.6434860825538635
YJL124C,YPL007C,0,-1.2613522,0.12810085713863373,0.9393638372421265,0.6435861587524414
YGR032W,YGR239C,0,-1.2614065,0.1280834972858429,0.9393638372421265,0.6436862349510193
YPR030W,YHL027W,0,-1.2615896,0.12806613743305206,0.9393638372421265,0.6437862515449524
YPL259C,YKR028W,0,-1.2616626,0.12804877758026123,0.9393638372421265,0.6438863277435303
YIR015W,YNL147W,1,-1.2621062,0.12816691398620605,0.9403578639030457,0.6438863277435303
YBR002C,YPR043W,0,-1.262145,0.12814955413341522,0.9403578639030457,0.6439864039421082
YMR023C,YMR047C,1,-1.2624606,0.12826764583587646,0.9413518905639648,0.6439864039421082
YJL029C,YMR075W,0,-1.2629552,0.12825027108192444,0.9413518905639648,0.644086480140686
YNR067C,YER130C,0,-1.2639364,0.1282329112291336,0.9413518905639648,0.6441864967346191
YBR196C,YER137C-A,0,-1.2642307,0.12821553647518158,0.9413518905639648,0.644286572933197
YLL019C,YML039W,0,-1.2643728,0.12819819152355194,0.9413518905639648,0.6443866491317749
YLL034C,YBL011W,0,-1.2651335,0.1281808316707611,0.9413518905639648,0.644486665725708
YPL273W,YFL054C,0,-1.2653407,0.12816348671913147,0.9413518905639648,0.6445867419242859
YMR019W,YOR349W,0,-1.2661308,0.12814614176750183,0.9413518905639648,0.6446868181228638
YPL065W,YAL029C,0,-1.2661773,0.1281288117170334,0.9413518905639648,0.6447868943214417
YIL076W,YNR010W,0,-1.2665311,0.12811146676540375,0.9413518905639648,0.6448869109153748
YDR518W,YDR453C,0,-1.2676228,0.1280941367149353,0.9413518905639648,0.6449869871139526
YOL045W,YNL307C,0,-1.2680408,0.12807682156562805,0.9413518905639648,0.6450870633125305
YJL005W,YMR296C,0,-1.2684857,0.1280595064163208,0.9413518905639648,0.6451871395111084
YOR148C,YJR026W,0,-1.2686393,0.12804219126701355,0.9413518905639648,0.6452871561050415
YOR298W,YLR073C,0,-1.268735,0.1280248761177063,0.9413518905639648,0.6453872323036194
YNL131W,YCR012W,0,-1.2693089,0.12800757586956024,0.9413518905639648,0.6454873085021973
YDL202W,YOL158C,0,-1.2700156,0.12799027562141418,0.9413518905639648,0.6455873250961304
YDL022W,YML056C,0,-1.270682,0.12797297537326813,0.9413518905639648,0.6456874012947083
YFR031C,YOL107W,0,-1.2708112,0.12795567512512207,0.9413518905639648,0.6457874774932861
YPL042C,YAL039C,0,-1.2708639,0.1279383897781372,0.9413518905639648,0.645887553691864
YOR038C,YOR232W,0,-1.270931,0.12792111933231354,0.9413518905639648,0.6459875702857971
YBR182C,YJL134W,0,-1.2712103,0.12790383398532867,0.9413518905639648,0.646087646484375
YOR232W,YKR069W,0,-1.2712892,0.127886563539505,0.9413518905639648,0.6461877226829529
YGL220W,YHR079C,0,-1.271303,0.12786929309368134,0.9413518905639648,0.6462877988815308
YGR113W,YER137C-A,0,-1.2715743,0.12785203754901886,0.9413518905639648,0.6463878154754639
YGL094C,YOL062C,0,-1.27171,0.1278347671031952,0.9413518905639648,0.6464878916740417
YKL201C,YIL132C,0,-1.2717472,0.1278175264596939,0.9413518905639648,0.6465879678726196
YBR202W,YEL030W,0,-1.271772,0.12780027091503143,0.9413518905639648,0.6466879844665527
YOR147W,YLR344W,0,-1.2722005,0.12778303027153015,0.9413518905639648,0.6467880606651306
YOL101C,YLR330W,0,-1.2723519,0.12776578962802887,0.9413518905639648,0.6468881368637085
YDR499W,YLR394W,0,-1.2728184,0.1277485489845276,0.9413518905639648,0.6469882130622864
YAL022C,YFR021W,0,-1.2733437,0.1277313232421875,0.9413518905639648,0.6470882296562195
YNL304W,YNL238W,0,-1.2735654,0.1277140974998474,0.9413518905639648,0.6471883058547974
YDR131C,YOL158C,0,-1.2739476,0.12769687175750732,0.9413518905639648,0.6472883820533752
YPR167C,YAL016W,0,-1.2740852,0.12767966091632843,0.9413518905639648,0.6473884582519531
YPR080W,YNL175C,0,-1.2741765,0.12766245007514954,0.9413518905639648,0.6474884748458862
YML058W-A,YBR129C,0,-1.2743136,0.12764523923397064,0.9413518905639648,0.6475885510444641
YIL128W,YJL171C,0,-1.2746043,0.12762802839279175,0.9413518905639648,0.647688627243042
YDL059C,YLR113W,0,-1.2747115,0.12761083245277405,0.9413518905639648,0.6477886438369751
YDR429C,YLR270W,0,-1.275601,0.12759363651275635,0.9413518905639648,0.647888720035553
YPL042C,YBR093C,0,-1.2760397,0.12757645547389984,0.9413518905639648,0.6479887962341309
YGL212W,YPL208W,0,-1.276082,0.12755927443504333,0.9413518905639648,0.6480888724327087
YML112W,YOR226C,0,-1.2764567,0.12754209339618683,0.9413518905639648,0.6481888890266418
YMR312W,YER168C,1,-1.2764751,0.12765957415103912,0.942345917224884,0.6481888890266418
YFR013W,YLR080W,0,-1.2764866,0.12764239311218262,0.942345917224884,0.6482889652252197
YBR125C,YLR270W,0,-1.2776523,0.12762519717216492,0.942345917224884,0.6483890414237976
YGL241W,YLL061W,0,-1.2778314,0.1276080161333084,0.942345917224884,0.6484891176223755
YDL111C,YJL029C,0,-1.2785234,0.1275908499956131,0.942345917224884,0.6485891342163086
YER008C,YOR222W,0,-1.2796493,0.12757368385791779,0.942345917224884,0.6486892104148865
YHR030C,YGL019W,0,-1.2811623,0.12755651772022247,0.942345917224884,0.6487892866134644
YDR082W,YHR012W,0,-1.2813454,0.12753935158252716,0.942345917224884,0.6488893628120422
YJR055W,YKR035W-A,0,-1.2814696,0.12752220034599304,0.942345917224884,0.6489893794059753
YOL145C,YDR460W,0,-1.2817903,0.12750504910945892,0.942345917224884,0.6490894556045532
YKL038W,YOL062C,0,-1.2822772,0.1274878978729248,0.942345917224884,0.6491895318031311
YJR138W,YER013W,0,-1.2823306,0.12747076153755188,0.942345917224884,0.6492895483970642
YKL020C,YML039W,0,-1.282377,0.12745361030101776,0.942345917224884,0.6493896245956421
YMR241W,YPL078C,0,-1.2825443,0.12743648886680603,0.942345917224884,0.64948970079422
YDL084W,YLR344W,0,-1.2825714,0.1274193525314331,0.942345917224884,0.6495897769927979
YNL079C,YOL062C,0,-1.2825722,0.12740223109722137,0.942345917224884,0.649689793586731
YDL197C,YPR163C,0,-1.2826658,0.12738510966300964,0.942345917224884,0.6497898697853088
YLR452C,YDR527W,0,-1.2831596,0.1273680031299591,0.942345917224884,0.6498899459838867
YBR037C,YDL045C,0,-1.2835644,0.12735088169574738,0.942345917224884,0.6499900221824646
YOR297C,YNL084C,0,-1.2835909,0.12733377516269684,0.942345917224884,0.6500900387763977
YGR221C,YAL039C,0,-1.2838043,0.1273166835308075,0.942345917224884,0.6501901149749756
YLR410W-B,YDR508C,0,-1.2838541,0.12729957699775696,0.942345917224884,0.6502901911735535
YGR246C,YLR301W,0,-1.2841556,0.12728248536586761,0.942345917224884,0.6503902077674866
YLR410W-A,YOR232W,0,-1.2843899,0.12726540863513947,0.942345917224884,0.6504902839660645
YBR271W,YOL151W,0,-1.2856271,0.12724831700325012,0.942345917224884,0.6505903601646423
YDR164C,YOR351C,0,-1.2857953,0.12723124027252197,0.942345917224884,0.6506904363632202
YBR020W,YEL022W,0,-1.2862545,0.12721416354179382,0.942345917224884,0.6507904529571533
YGR118W,YMR240C,0,-1.2864674,0.12719710171222687,0.942345917224884,0.6508905291557312
YLR160C,YOR162C,0,-1.2865034,0.1271800398826599,0.942345917224884,0.6509906053543091
YMR032W,YGL183C,0,-1.286542,0.12716297805309296,0.942345917224884,0.651090681552887
YDR254W,YNL044W,0,-1.2869439,0.127145916223526,0.942345917224884,0.6511906981468201
YBR196C,YJL206C,0,-1.2870733,0.12712886929512024,0.942345917224884,0.651290774345398
YHR074W,YDR285W,0,-1.2871709,0.12711182236671448,0.942345917224884,0.6513908505439758
YGR252W,YOR209C,0,-1.2876369,0.1270947903394699,0.942345917224884,0.6514908671379089
YPL104W,YKL064W,0,-1.2878947,0.12707774341106415,0.942345917224884,0.6515909433364868
YJR127C,YIR038C,0,-1.2881719,0.12706071138381958,0.942345917224884,0.6516910195350647
YDR378C,YGL226C-A,0,-1.288534,0.1270436942577362,0.942345917224884,0.6517910957336426
YDL084W,YPR030W,0,-1.2885793,0.12702666223049164,0.942345917224884,0.6518911123275757
YGL180W,YGR012W,0,-1.2896522,0.12700964510440826,0.942345917224884,0.6519911885261536
YFL038C,YMR145C,0,-1.2900804,0.1269926279783249,0.942345917224884,0.6520912647247314
YDR499W,YKL095W,0,-1.2903194,0.1269756257534027,0.942345917224884,0.6521913409233093
YKL171W,YOR294W,0,-1.2906,0.12695862352848053,0.942345917224884,0.6522913575172424
YPL078C,YDR222W,0,-1.2912633,0.12694162130355835,0.942345917224884,0.6523914337158203
YKL096W-A,YNL290W,0,-1.2914735,0.12692461907863617,0.942345917224884,0.6524915099143982
YLR404W,YPL096W,0,-1.2918574,0.12690763175487518,0.942345917224884,0.6525915265083313
YDR512C,YGR089W,0,-1.2920501,0.1268906444311142,0.942345917224884,0.6526916027069092
YDR512C,YOR327C,0,-1.2922189,0.1268736571073532,0.942345917224884,0.6527916789054871
YDR229W,YBR026C,0,-1.2922217,0.12685668468475342,0.942345917224884,0.6528917551040649
YBR243C,YKL095W,0,-1.2928426,0.12683971226215363,0.942345917224884,0.652991771697998
YNL261W,YNL236W,0,-1.2929476,0.12682273983955383,0.942345917224884,0.6530918478965759
YBL068W,YMR099C,0,-1.2938999,0.12680578231811523,0.942345917224884,0.6531919240951538
YKL190W,YKL009W,0,-1.29433,0.12678882479667664,0.942345917224884,0.6532920002937317
YIL061C,YER046W,0,-1.2946869,0.12677186727523804,0.942345917224884,0.6533920168876648
YPR125W,YPR163C,0,-1.2952741,0.12675490975379944,0.942345917224884,0.6534920930862427
YLR410W-B,YDL140C,0,-1.2952801,0.12673796713352203,0.942345917224884,0.6535921692848206
YGL236C,YER137C-A,0,-1.2962794,0.12672102451324463,0.942345917224884,0.6536921858787537
YFL002W-B,YLR024C,0,-1.29692,0.12670409679412842,0.942345917224884,0.6537922620773315
YER014C-A,YDL111C,0,-1.2973045,0.126687154173851,0.942345917224884,0.6538923382759094
YPR204W,YGL236C,0,-1.2973309,0.1266702264547348,0.942345917224884,0.6539924144744873
YER022W,YDR164C,0,-1.2974601,0.12665331363677979,0.942345917224884,0.6540924310684204
YDL121C,YLR390W,0,-1.2974957,0.12663638591766357,0.942345917224884,0.6541925072669983
YMR315W,YJL006C,0,-1.2987195,0.12661947309970856,0.942345917224884,0.6542925834655762
YJL172W,YKL165C,0,-1.2999281,0.12660256028175354,0.942345917224884,0.654392659664154
YOL165C,YNL070W,0,-1.2999452,0.12658566236495972,0.942345917224884,0.6544926762580872
YDR034C,YFL048C,0,-1.3000772,0.1265687644481659,0.942345917224884,0.654592752456665
YER098W,YKL085W,0,-1.3007244,0.12655186653137207,0.942345917224884,0.6546928286552429
YAL060W,YGR229C,0,-1.3010554,0.12653496861457825,0.942345917224884,0.6547929048538208
YNL192W,YLR209C,0,-1.3012003,0.12651808559894562,0.942345917224884,0.6548929214477539
YEL069C,YBR275C,0,-1.3012693,0.126501202583313,0.942345917224884,0.6549929976463318
YHR012W,YNL122C,0,-1.301577,0.12648431956768036,0.942345917224884,0.6550930738449097
YDR079W,YER130C,0,-1.3017274,0.12646745145320892,0.942345917224884,0.6551930904388428
YNR018W,YCR046C,0,-1.3017882,0.1264505833387375,0.942345917224884,0.6552931666374207
YCR011C,YBR072W,0,-1.3018905,0.12643371522426605,0.942345917224884,0.6553932428359985
YHR047C,YGR185C,0,-1.3024299,0.1264168620109558,0.942345917224884,0.6554933190345764
YDR254W,YGL094C,0,-1.3026477,0.12639999389648438,0.942345917224884,0.6555933356285095
YOR123C,YOR008C,0,-1.3027478,0.12638315558433533,0.942345917224884,0.6556934118270874
YHR006W,YNL292W,1,-1.3033153,0.12649959325790405,0.9433399438858032,0.6556934118270874
YMR089C,YPL104W,0,-1.3039553,0.1264827400445938,0.9433399438858032,0.6557934880256653
YDR144C,YBL079W,0,-1.3042368,0.12646588683128357,0.9433399438858032,0.6558935642242432
YDR457W,YLR187W,0,-1.3047253,0.12644903361797333,0.9433399438858032,0.6559935808181763
YOR038C,YLR301W,0,-1.3049573,0.12643218040466309,0.9433399438858032,0.6560936570167542
YNL107W,YHR051W,0,-1.3050145,0.12641534209251404,0.9433399438858032,0.656193733215332
YEL031W,YDR172W,0,-1.3052663,0.126398503780365,0.9433399438858032,0.6562937498092651
YGR179C,YDR226W,0,-1.3058594,0.12638168036937714,0.9433399438858032,0.656393826007843
YJR127C,YCR087C-A,0,-1.3063136,0.1263648420572281,0.9433399438858032,0.6564939022064209
YJL140W,YDL198C,0,-1.3065058,0.12634801864624023,0.9433399438858032,0.6565939784049988
YNL127W,YBR072W,0,-1.3071059,0.12633121013641357,0.9433399438858032,0.6566939949989319
YHR211W,YCL025C,0,-1.307382,0.12631438672542572,0.9433399438858032,0.6567940711975098
YJR028W,YJL103C,0,-1.3076168,0.12629757821559906,0.9433399438858032,0.6568941473960876
YBR096W,YLR316C,0,-1.3078326,0.1262807697057724,0.9433399438858032,0.6569942235946655
YKR103W,YPL002C,0,-1.3079535,0.12626397609710693,0.9433399438858032,0.6570942401885986
YNL163C,YDL128W,0,-1.3080826,0.12624716758728027,0.9433399438858032,0.6571943163871765
YOR378W,YPR152C,0,-1.308484,0.1262303739786148,0.9433399438858032,0.6572943925857544
YLR314C,YGR085C,0,-1.3085235,0.12621359527111053,0.9433399438858032,0.6573944091796875
YMR087W,YKL205W,1,-1.3087344,0.12632979452610016,0.9443339705467224,0.6573944091796875
YGR225W,YOR226C,0,-1.3088478,0.1263129860162735,0.9443339705467224,0.6574944853782654
YGL083W,YBR282W,0,-1.3090079,0.12629619240760803,0.9443339705467224,0.6575945615768433
YMR087W,YIL046W,0,-1.3091002,0.12627941370010376,0.9443339705467224,0.6576946377754211
YER137C-A,YDR062W,0,-1.3094765,0.1262626200914383,0.9443339705467224,0.6577946543693542
YFR029W,YJL214W,0,-1.3101703,0.12624584138393402,0.9443339705467224,0.6578947305679321
YML032C,YLR410W-A,0,-1.3116404,0.12622907757759094,0.9443339705467224,0.65799480676651
YLL034C,YEL056W,0,-1.3127977,0.12621229887008667,0.9443339705467224,0.6580948829650879
YKL067W,YPR060C,0,-1.3129507,0.1261955350637436,0.9443339705467224,0.658194899559021
YJR005W,YGL174W,0,-1.3131578,0.1261787712574005,0.9443339705467224,0.6582949757575989
YOR291W,YDR205W,0,-1.313199,0.12616202235221863,0.9443339705467224,0.6583950519561768
YOR159C,YAR002C-A,0,-1.3133147,0.12614527344703674,0.9443339705467224,0.6584950685501099
YER055C,YLL040C,0,-1.3135518,0.12612852454185486,0.9443339705467224,0.6585951447486877
YMR032W,YJL213W,0,-1.3142064,0.12611177563667297,0.9443339705467224,0.6586952209472656
YLL019C,YDR403W,0,-1.3146082,0.12609504163265228,0.9443339705467224,0.6587952971458435
YFR029W,YHR135C,0,-1.3159858,0.1260783076286316,0.9443339705467224,0.6588953137397766
YDL133C-A,YAL024C,0,-1.3160458,0.1260615736246109,0.9443339705467224,0.6589953899383545
YPR196W,YLR440C,0,-1.3160641,0.1260448396205902,0.9443339705467224,0.6590954661369324
YOR106W,YOR008C,0,-1.3164803,0.1260281205177307,0.9443339705467224,0.6591955423355103
YHR005C-A,YBL068W,0,-1.3166534,0.12601140141487122,0.9443339705467224,0.6592955589294434
YKR068C,YIR032C,0,-1.3170902,0.1259946972131729,0.9443339705467224,0.6593956351280212
YHR056C,YDL074C,0,-1.3171457,0.1259779930114746,0.9443339705467224,0.6594957113265991
YOL104C,YMR115W,0,-1.3171704,0.1259612888097763,0.9443339705467224,0.6595957279205322
YDR405W,YBR275C,0,-1.3173851,0.125944584608078,0.9443339705467224,0.6596958041191101
YIR015W,YMR047C,1,-1.3180078,0.12606044113636017,0.9453280568122864,0.6596958041191101
YKL119C,YDL225W,0,-1.3180681,0.12604373693466187,0.9453280568122864,0.659795880317688
YLR157C,YOR297C,0,-1.3183813,0.12602703273296356,0.9453280568122864,0.6598959565162659
YMR241W,YFR045W,0,-1.3186674,0.12601032853126526,0.9453280568122864,0.659995973110199
YGL183C,YOL043C,0,-1.3188763,0.12599363923072815,0.9453280568122864,0.6600960493087769
YKL093W,YER145C,0,-1.3198283,0.12597694993019104,0.9453280568122864,0.6601961255073547
YGL244W,YGR255C,0,-1.3205438,0.12596026062965393,0.9453280568122864,0.6602962017059326
YLR157C,YBR118W,0,-1.3209075,0.12594358623027802,0.9453280568122864,0.6603962182998657
YER125W,YGL236C,1,-1.321041,0.12605932354927063,0.9463220834732056,0.6603962182998657
YLR316C,YKL095W,0,-1.3211995,0.12604263424873352,0.9463220834732056,0.6604962944984436
YKL067W,YIL140W,0,-1.3220644,0.1260259449481964,0.9463220834732056,0.6605963706970215
YGR285C,YJR063W,0,-1.3220991,0.1260092705488205,0.9463220834732056,0.6606964468955994
YMR020W,YGL014W,0,-1.322915,0.1259925812482834,0.9463220834732056,0.6607964634895325
YJR138W,YCL032W,0,-1.3241322,0.12597592175006866,0.9463220834732056,0.6608965396881104
YDR423C,YNR013C,0,-1.3242075,0.12595924735069275,0.9463220834732056,0.6609966158866882
YNL010W,YDR151C,0,-1.3245708,0.12594258785247803,0.9463220834732056,0.6610966324806213
YOR216C,YIR032C,0,-1.3250648,0.1259259283542633,0.9463220834732056,0.6611967086791992
YDL197C,YIR032C,0,-1.325145,0.12590926885604858,0.9463220834732056,0.6612967848777771
YBR006W,YMR075W,0,-1.3262848,0.12589262425899506,0.9463220834732056,0.661396861076355
YIL088C,YCR057C,0,-1.3264325,0.12587597966194153,0.9463220834732056,0.6614968776702881
YBR223C,YFR033C,0,-1.3265072,0.125859335064888,0.9463220834732056,0.661596953868866
YIL177C,YDL128W,0,-1.3266759,0.12584269046783447,0.9463220834732056,0.6616970300674438
YFR013W,YNL239W,0,-1.3269167,0.12582606077194214,0.9463220834732056,0.6617971062660217
YPR171W,YBR128C,0,-1.3269459,0.1258094310760498,0.9463220834732056,0.6618971228599548
YDL070W,YLR309C,0,-1.3272969,0.12579281628131866,0.9463220834732056,0.6619971990585327
YHR211W,YFL002W-B,0,-1.3279651,0.12577618658542633,0.9463220834732056,0.6620972752571106
YNL147W,YGL172W,1,-1.3281841,0.12589167058467865,0.9473161101341248,0.6620972752571106
YPL083C,YDR508C,0,-1.3282822,0.1258750557899475,0.9473161101341248,0.6621972918510437
YHR175W,YIL021W,0,-1.3286967,0.12585842609405518,0.9473161101341248,0.6622973680496216
YJR082C,YKL061W,0,-1.3295476,0.12584181129932404,0.9473161101341248,0.6623974442481995
YNR004W,YER019C-A,0,-1.3301598,0.1258251965045929,0.9473161101341248,0.6624975204467773
YOR323C,YLR164W,0,-1.3304107,0.12580858170986176,0.9473161101341248,0.6625975370407104
YDR245W,YDL216C,0,-1.3305229,0.1257919818162918,0.9473161101341248,0.6626976132392883
YKL093W,YGR052W,0,-1.3311367,0.12577536702156067,0.9473161101341248,0.6627976894378662
YGL243W,YPR047W,1,-1.3317631,0.12589073181152344,0.948310136795044,0.6627976894378662
YJL214W,YIL076W,0,-1.3318115,0.1258741319179535,0.948310136795044,0.6628977656364441
YDR410C,YOR355W,0,-1.3325651,0.12585751712322235,0.948310136795044,0.6629977822303772
YJR021C,YMR090W,0,-1.3327056,0.1258409172296524,0.948310136795044,0.6630978584289551
YDR411C,YGL203C,0,-1.3327807,0.12582431733608246,0.948310136795044,0.663197934627533
YDR449C,YNL230C,0,-1.3329307,0.1258077323436737,0.948310136795044,0.6632979512214661
YPL083C,YNL078W,0,-1.3331875,0.12579113245010376,0.948310136795044,0.663398027420044
YPL129W,YHR057C,0,-1.3332566,0.1257745623588562,0.948310136795044,0.6634981036186218
YHR211W,YDR090C,0,-1.3334886,0.12575797736644745,0.948310136795044,0.6635981798171997
YPR080W,YDR337W,0,-1.3346823,0.1257413923740387,0.948310136795044,0.6636981964111328
YOR323C,YPR187W,0,-1.3348712,0.12572482228279114,0.948310136795044,0.6637982726097107
YKL013C,YFR033C,0,-1.3348823,0.12570826709270477,0.948310136795044,0.6638983488082886
YOR301W,YLR251W,0,-1.3354727,0.12569169700145721,0.948310136795044,0.6639984250068665
YDR170C,YIL048W,0,-1.3364507,0.12567514181137085,0.948310136795044,0.6640984416007996
YIL076W,YIL133C,0,-1.3365389,0.12565858662128448,0.948310136795044,0.6641985177993774
YDL179W,YPL119C,0,-1.3376282,0.12564203143119812,0.948310136795044,0.6642985939979553
YDR411C,YPL087W,0,-1.3376843,0.12562549114227295,0.948310136795044,0.6643986105918884
YJR031C,YPL065W,0,-1.3380558,0.12560895085334778,0.948310136795044,0.6644986867904663
YOR142W-B,YGR222W,0,-1.3381563,0.1255924105644226,0.948310136795044,0.6645987629890442
YDR383C,YFR021W,0,-1.338953,0.12557588517665863,0.948310136795044,0.6646988391876221
YKL170W,YNL302C,0,-1.3392648,0.12555935978889465,0.948310136795044,0.6647988557815552
YIL159W,YLR213C,0,-1.3393301,0.12554283440113068,0.948310136795044,0.6648989319801331
YER087W,YLR386W,0,-1.3394749,0.1255263090133667,0.948310136795044,0.6649990081787109
YKL041W,YOR251C,0,-1.339779,0.12550979852676392,0.948310136795044,0.6650990843772888
YLR203C,YMR054W,0,-1.3397793,0.12549328804016113,0.948310136795044,0.6651991009712219
YDL045W-A,YKL015W,0,-1.3403126,0.12547679245471954,0.948310136795044,0.6652991771697998
YKL201C,YNL080C,0,-1.3404564,0.12546028196811676,0.948310136795044,0.6653992533683777
YCR060W,YGR214W,0,-1.340706,0.12544378638267517,0.948310136795044,0.6654992699623108
YDR079W,YJL140W,0,-1.3407911,0.12542729079723358,0.948310136795044,0.6655993461608887
YPR060C,YOR085W,0,-1.340871,0.12541081011295319,0.948310136795044,0.6656994223594666
YCL004W,YOR251C,0,-1.3410444,0.1253943145275116,0.948310136795044,0.6657994985580444
YLL008W,YDR461W,0,-1.3413442,0.1253778487443924,0.948310136795044,0.6658995151519775
YFL001W,YCR026C,0,-1.3415383,0.125361368060112,0.948310136795044,0.6659995913505554
YJR107W,YJL213W,0,-1.3424712,0.1253449022769928,0.948310136795044,0.6660996675491333
YBR006W,YFL023W,0,-1.3428088,0.1253284215927124,0.948310136795044,0.6661997437477112
YDL111C,YNR004W,0,-1.343143,0.1253119707107544,0.948310136795044,0.6662997603416443
YLR380W,YEL041W,0,-1.3432553,0.1252955049276352,0.948310136795044,0.6663998365402222
YLR425W,YOR239W,0,-1.3433944,0.12527905404567719,0.948310136795044,0.6664999127388
YNL281W,YKL038W,0,-1.3435051,0.12526260316371918,0.948310136795044,0.6665999889373779
YJR004C,YDL107W,0,-1.343542,0.12524616718292236,0.948310136795044,0.666700005531311
YOL158C,YMR193W,0,-1.3435675,0.12522971630096436,0.948310136795044,0.6668000817298889
YDL021W,YPL078C,0,-1.343825,0.12521328032016754,0.948310136795044,0.6669001579284668
YDR030C,YEL031W,0,-1.3440106,0.12519684433937073,0.948310136795044,0.6670001745223999
YLL002W,YFL054C,0,-1.344096,0.1251804232597351,0.948310136795044,0.6671002507209778
YOL104C,YPR060C,0,-1.3441467,0.1251640021800995,0.948310136795044,0.6672003269195557
YGL212W,YDL022W,0,-1.3446846,0.12514758110046387,0.948310136795044,0.6673004031181335
YOR176W,YGR027C,0,-1.3450577,0.12513116002082825,0.948310136795044,0.6674004197120667
YOR291W,YGR281W,0,-1.3454987,0.12511475384235382,0.948310136795044,0.6675004959106445
YNL084C,YDL171C,0,-1.3457888,0.1250983476638794,0.948310136795044,0.6676005721092224
YPR026W,YDL040C,0,-1.3460872,0.12508194148540497,0.948310136795044,0.6677006483078003
YER049W,YER087C-B,0,-1.3461698,0.12506555020809174,0.948310136795044,0.6678006649017334
YMR087W,YLR438C-A,1,-1.3461777,0.1251802295446396,0.9493041634559631,0.6678006649017334
YDR512C,YNL271C,0,-1.3463061,0.12516382336616516,0.9493041634559631,0.6679007411003113
YMR238W,YOL136C,0,-1.3465732,0.12514743208885193,0.9493041634559631,0.6680008172988892
YKL171W,YKR026C,0,-1.3468384,0.1251310259103775,0.9493041634559631,0.6681008338928223
YPR137W,YJR034W,0,-1.3468447,0.12511463463306427,0.9493041634559631,0.6682009100914001
YBL058W,YJL081C,0,-1.3479596,0.12509824335575104,0.9493041634559631,0.668300986289978
YJR055W,YER017C,0,-1.3481869,0.125081866979599,0.9493041634559631,0.6684010624885559
YLR395C,YCR046C,0,-1.3485234,0.12506547570228577,0.9493041634559631,0.668501079082489
YFL057C,YJR101W,0,-1.3486173,0.12504909932613373,0.9493041634559631,0.6686011552810669
YBR282W,YNL258C,0,-1.3486197,0.12503273785114288,0.9493041634559631,0.6687012314796448
YHR164C,YKL015W,0,-1.3489138,0.12501636147499084,0.9493041634559631,0.6688013076782227
YOR159C,YJR040W,0,-1.3498783,0.125,0.9493041634559631,0.6689013242721558
YDL084W,YJL128C,0,-1.3500221,0.12498363852500916,0.9493041634559631,0.6690014004707336
YDR405W,YNR021W,0,-1.3501302,0.12496728450059891,0.9493041634559631,0.6691014766693115
YEL069C,YNL006W,0,-1.35016,0.12495093792676926,0.9493041634559631,0.6692014932632446
YLR295C,YOR237W,0,-1.3516525,0.1249345913529396,0.9493041634559631,0.6693015694618225
YIL095W,YDR415C,0,-1.3521086,0.12491824477910995,0.9493041634559631,0.6694016456604004
YOR261C,YNR013C,0,-1.3523926,0.1249019131064415,0.9493041634559631,0.6695017218589783
YNL304W,YFR001W,0,-1.3526822,0.12488557398319244,0.9493041634559631,0.6696017384529114
YNL044W,YGL169W,0,-1.3528,0.12486924976110458,0.9493041634559631,0.6697018146514893
YLR157C,YER087W,0,-1.3529564,0.12485292553901672,0.9493041634559631,0.6698018908500671
YDR512C,YHL034C,0,-1.3530375,0.12483660131692886,0.9493041634559631,0.669901967048645
YLR157C,YOL026C,0,-1.353299,0.1248202845454216,0.9493041634559631,0.6700019836425781
YNL274C,YER074W,0,-1.3535517,0.12480397522449493,0.9493041634559631,0.670102059841156
YPL027W,YLR251W,0,-1.3536031,0.12478766590356827,0.9493041634559631,0.6702021360397339
YLR452C,YAL031C,0,-1.3538281,0.1247713640332222,0.9493041634559631,0.670302152633667
YGL241W,YAL040C,0,-1.3544217,0.12475506216287613,0.9493041634559631,0.6704022288322449
YOL103W-B,YMR193W,0,-1.3553245,0.12473876774311066,0.9493041634559631,0.6705023050308228
YOL165C,YDR476C,0,-1.3554244,0.12472247332334518,0.9493041634559631,0.6706023812294006
YJR032W,YPR127W,0,-1.3559548,0.12470618635416031,0.9493041634559631,0.6707023978233337
YNL236W,YDR072C,0,-1.3562118,0.12468990683555603,0.9493041634559631,0.6708024740219116
YGR052W,YLR301W,0,-1.3565835,0.12467362731695175,0.9493041634559631,0.6709025502204895
YJR051W,YER138C,0,-1.3571476,0.12465735524892807,0.9493041634559631,0.6710026264190674
YGR238C,YGL236C,0,-1.357287,0.12464108318090439,0.9493041634559631,0.6711026430130005
YEL012W,YPL011C,0,-1.357307,0.1246248185634613,0.9493041634559631,0.6712027192115784
YDR222W,YOR180C,0,-1.3587028,0.12460856139659882,0.9493041634559631,0.6713027954101562
YOR230W,YAR031W,0,-1.3587476,0.12459230422973633,0.9493041634559631,0.6714028120040894
YLR452C,YER171W,0,-1.3599886,0.12457604706287384,0.9493041634559631,0.6715028882026672
YPR200C,YMR136W,0,-1.36018,0.12455980479717255,0.9493041634559631,0.6716029644012451
YGL237C,YJL192C,0,-1.3604547,0.12454355508089066,0.9493041634559631,0.671703040599823
YMR046C,YDL039C,0,-1.3605317,0.12452732026576996,0.9493041634559631,0.6718030571937561
YKL041W,YOR351C,0,-1.3607186,0.12451108545064926,0.9493041634559631,0.671903133392334
YNL121C,YAL031C,0,-1.360731,0.12449485063552856,0.9493041634559631,0.6720032095909119
YLR219W,YDR415C,0,-1.3608932,0.12447862327098846,0.9493041634559631,0.6721032857894897
YJL034W,YMR097C,0,-1.3610682,0.12446240335702896,0.9493041634559631,0.6722033023834229
YPL098C,YGR239C,0,-1.3619152,0.12444618344306946,0.9493041634559631,0.6723033785820007
YDL121C,YNR072W,0,-1.3619766,0.12442997097969055,0.9493041634559631,0.6724034547805786
YOR176W,YKR008W,0,-1.3639717,0.12441375851631165,0.9493041634559631,0.6725035309791565
YMR276W,YLR316C,0,-1.3642105,0.12439755350351334,0.9493041634559631,0.6726035475730896
YHR060W,YFL045C,0,-1.3646115,0.12438134849071503,0.9493041634559631,0.6727036237716675
YMR218C,YPR125W,0,-1.3650438,0.12436515092849731,0.9493041634559631,0.6728036999702454
YLR389C,YJL095W,0,-1.3655777,0.1243489608168602,0.9493041634559631,0.6729037165641785
YDL036C,YKL095W,0,-1.365692,0.12433277070522308,0.9493041634559631,0.6730037927627563
YCL008C,YOL028C,0,-1.3662313,0.12431658059358597,0.9493041634559631,0.6731038689613342
YJL192C,YER145C,0,-1.366288,0.12430040538311005,0.9493041634559631,0.6732039451599121
YER098W,YBL113C,0,-1.3663431,0.12428423017263412,0.9493041634559631,0.6733039617538452
YLR107W,YGR084C,0,-1.3669177,0.1242680549621582,0.9493041634559631,0.6734040379524231
YKR035W-A,YEL041W,0,-1.3671387,0.12425188720226288,0.9493041634559631,0.673504114151001
YBR031W,YGL163C,0,-1.3676797,0.12423571944236755,0.9493041634559631,0.6736041903495789
YCR093W,YBR010W,0,-1.3678814,0.12421956658363342,0.9493041634559631,0.673704206943512
YCR030C,YHR211W,0,-1.3679062,0.1242034062743187,0.9493041634559631,0.6738042831420898
YDR059C,YJL053W,0,-1.3682452,0.12418725341558456,0.9493041634559631,0.6739043593406677
YDR296W,YPR091C,0,-1.3684715,0.12417110800743103,0.9493041634559631,0.6740043759346008
YKL117W,YIL135C,0,-1.3690696,0.1241549625992775,0.9493041634559631,0.6741044521331787
YLL002W,YEL041W,0,-1.3691361,0.12413882464170456,0.9493041634559631,0.6742045283317566
YDR419W,YER185W,0,-1.3695077,0.12412269413471222,0.9493041634559631,0.6743046045303345
YKL119C,YOR025W,0,-1.370216,0.12410656362771988,0.9493041634559631,0.6744046211242676
YHR082C,YKR068C,0,-1.3702935,0.12409043312072754,0.9493041634559631,0.6745046973228455
YMR089C,YDR429C,0,-1.3704618,0.12407431751489639,0.9493041634559631,0.6746047735214233
YGL083W,YPL139C,0,-1.370875,0.12405819445848465,0.9493041634559631,0.6747048497200012
YCL025C,YBL079W,0,-1.3710313,0.1240420863032341,0.9493041634559631,0.6748048663139343
YLR380W,YBR222C,0,-1.3719618,0.12402597069740295,0.9493041634559631,0.6749049425125122
YKL170W,YDL245C,0,-1.3721844,0.124009869992733,0.9493041634559631,0.6750050187110901
YKL090W,YML109W,0,-1.3722066,0.12399376928806305,0.9493041634559631,0.6751050353050232
YER098W,YPL083C,0,-1.3722142,0.1239776685833931,0.9493041634559631,0.6752051115036011
YNL281W,YKL210W,0,-1.3726043,0.12396157532930374,0.9493041634559631,0.675305187702179
YDL054C,YDR226W,0,-1.3726691,0.12394548952579498,0.9493041634559631,0.6754052639007568
YPL274W,YDR229W,0,-1.3729267,0.12392940372228622,0.9493041634559631,0.6755052804946899
YLR289W,YBR177C,0,-1.3730348,0.12391332536935806,0.9493041634559631,0.6756053566932678
YNL230C,YAL039C,0,-1.373535,0.1238972470164299,0.9493041634559631,0.6757054328918457
YKR020W,YLL055W,0,-1.3738561,0.12388117611408234,0.9493041634559631,0.6758055090904236
YER022W,YOR382W,0,-1.3738834,0.12386511266231537,0.9493041634559631,0.6759055256843567
YGR252W,YMR228W,0,-1.374364,0.1238490492105484,0.9493041634559631,0.6760056018829346
YLR182W,YCL025C,0,-1.3744358,0.12383298575878143,0.9493041634559631,0.6761056780815125
YJR130C,YBR243C,0,-1.3744627,0.12381692975759506,0.9493041634559631,0.6762056946754456
YDR285W,YER101C,0,-1.3744725,0.12380088120698929,0.9493041634559631,0.6763057708740234
YGL162W,YIL006W,0,-1.3745261,0.12378483265638351,0.9493041634559631,0.6764058470726013
YNL085W,YER019C-A,0,-1.3745333,0.12376879155635834,0.9493041634559631,0.6765059232711792
YPL083C,YOR251C,1,-1.3746012,0.12388233840465546,0.9502981901168823,0.6765059232711792
YOR251C,YPL083C,1,-1.3746012,0.12399585545063019,0.9512922167778015,0.6765059232711792
YOR159C,YBR037C,0,-1.3747374,0.12397979199886322,0.9512922167778015,0.6766059398651123
YKL038W,YMR238W,0,-1.3750292,0.12396372854709625,0.9512922167778015,0.6767060160636902
YPL134C,YGR020C,0,-1.375211,0.12394767254590988,0.9512922167778015,0.6768060922622681
YDL217C,YML052W,0,-1.3759539,0.12393162399530411,0.9512922167778015,0.676906168460846
YMR112C,YCL025C,0,-1.376602,0.12391557544469833,0.9512922167778015,0.677006185054779
YML071C,YNR010W,0,-1.3767155,0.12389953434467316,0.9512922167778015,0.6771062612533569
YNL236W,YDR109C,0,-1.3771335,0.12388349324464798,0.9512922167778015,0.6772063374519348
YHR060W,YNR018W,0,-1.3772199,0.1238674595952034,0.9512922167778015,0.6773063540458679
YMR169C,YMR032W,0,-1.3772588,0.12385143339633942,0.9512922167778015,0.6774064302444458
YBL026W,YPR047W,1,-1.3774358,0.12396480143070221,0.9522863030433655,0.6774064302444458
YJL004C,YPR043W,0,-1.3774452,0.12394876778125763,0.9522863030433655,0.6775065064430237
YER055C,YMR200W,0,-1.3778635,0.12393272668123245,0.9522863030433655,0.6776065826416016
YJL178C,YJR034W,0,-1.3779769,0.12391670048236847,0.9522863030433655,0.6777065992355347
YIL002C,YDR451C,0,-1.3782543,0.12390067428350449,0.9522863030433655,0.6778066754341125
YHR074W,YML099C,0,-1.3783956,0.1238846480846405,0.9522863030433655,0.6779067516326904
YAL024C,YDR207C,0,-1.3790356,0.12386862933635712,0.9522863030433655,0.6780068278312683
YGR085C,YDR131C,0,-1.3793596,0.12385261803865433,0.9522863030433655,0.6781068444252014
YPR030W,YML039W,0,-1.3794979,0.12383660674095154,0.9522863030433655,0.6782069206237793
YHR074W,YLR050C,0,-1.3795625,0.12382060289382935,0.9522863030433655,0.6783069968223572
YDR196C,YNR067C,0,-1.3795909,0.12380459904670715,0.9522863030433655,0.6784070730209351
YHR175W,YKL201C,0,-1.3796283,0.12378860265016556,0.9522863030433655,0.6785070896148682
YMR039C,YIL083C,0,-1.3799647,0.12377260625362396,0.9522863030433655,0.678607165813446
YMR160W,YJL171C,0,-1.3803992,0.12375661730766296,0.9522863030433655,0.6787072420120239
YJL144W,YPR006C,0,-1.3804075,0.12374063581228256,0.9522863030433655,0.678807258605957
YOL038W,YOR317W,0,-1.3810297,0.12372465431690216,0.9522863030433655,0.6789073348045349
YLR005W,YEL056W,0,-1.3814522,0.12370868027210236,0.9522863030433655,0.6790074110031128
YJL225C,YPL273W,0,-1.3826934,0.12369270622730255,0.9522863030433655,0.6791074872016907
YKL201C,YJL149W,0,-1.3827276,0.12367673963308334,0.9522863030433655,0.6792075037956238
YLL004W,YBR026C,0,-1.38323,0.12366077303886414,0.9522863030433655,0.6793075799942017
YAR002C-A,YEL043W,0,-1.3837066,0.12364481389522552,0.9522863030433655,0.6794076561927795
YER017C,YJR101W,0,-1.3840877,0.12362885475158691,0.9522863030433655,0.6795077323913574
YBL041W,YEL062W,0,-1.3846527,0.1236129030585289,0.9522863030433655,0.6796077489852905
YGR282C,YNL302C,0,-1.3846921,0.12359695881605148,0.9522863030433655,0.6797078251838684
YGR285C,YNL230C,0,-1.384819,0.12358101457357407,0.9522863030433655,0.6798079013824463
YNR074C,YGR271W,0,-1.3854989,0.12356507033109665,0.9522863030433655,0.6799079179763794
YMR117C,YML030W,0,-1.3861595,0.12354913353919983,0.9522863030433655,0.6800079941749573
YGR285C,YFR033C,0,-1.3863448,0.1235332041978836,0.9522863030433655,0.6801080703735352
YML032C,YDR530C,0,-1.3865227,0.12351727485656738,0.9522863030433655,0.680208146572113
YGL172W,YDR405W,0,-1.3875111,0.12350135296583176,0.9522863030433655,0.6803081631660461
YFL002W-B,YNL335W,0,-1.3878214,0.12348543107509613,0.9522863030433655,0.680408239364624
YNL085W,YNR018W,0,-1.3880817,0.1234695166349411,0.9522863030433655,0.6805083155632019
YKL007W,YBL113C,0,-1.3881873,0.12345360964536667,0.9522863030433655,0.6806083917617798
YLR425W,YIL159W,0,-1.3883075,0.12343770265579224,0.9522863030433655,0.6807084083557129
YDL171C,YLR213C,0,-1.3883314,0.1234217956662178,0.9522863030433655,0.6808084845542908
YPR026W,YDL217C,0,-1.3886817,0.12340589612722397,0.9522863030433655,0.6809085607528687
YLR206W,YGR171C,0,-1.3894079,0.12339000403881073,0.9522863030433655,0.6810085773468018
YOR239W,YLR028C,0,-1.3896793,0.12337411195039749,0.9522863030433655,0.6811086535453796
YLR016C,YOL040C,0,-1.3900416,0.12335822731256485,0.9522863030433655,0.6812087297439575
YNR072W,YDR173C,0,-1.3902386,0.12334234267473221,0.9522863030433655,0.6813088059425354
YOR038C,YOR393W,0,-1.3902954,0.12332646548748016,0.9522863030433655,0.6814088225364685
YOL165C,YJL213W,0,-1.3905402,0.12331059575080872,0.9522863030433655,0.6815088987350464
YER125W,YLR384C,1,-1.3906883,0.12342341989278793,0.9532803297042847,0.6815088987350464
YOR291W,YGR070W,0,-1.3907784,0.12340754270553589,0.9532803297042847,0.6816089749336243
YLR197W,YPR080W,0,-1.3910722,0.12339166551828384,0.9532803297042847,0.6817090511322021
YKL103C,YGR171C,0,-1.391303,0.1233757883310318,0.9532803297042847,0.6818090677261353
YEL012W,YOL028C,0,-1.3913702,0.12335991859436035,0.9532803297042847,0.6819091439247131
YHR047C,YLR103C,0,-1.3917518,0.1233440488576889,0.9532803297042847,0.682009220123291
YMR019W,YLR047C,0,-1.3920163,0.12332818657159805,0.9532803297042847,0.6821092367172241
YDR263C,YCL057W,0,-1.392286,0.1233123317360878,0.9532803297042847,0.682209312915802
YNR031C,YOR338W,0,-1.3924373,0.12329647690057755,0.9532803297042847,0.6823093891143799
YJR147W,YCR011C,0,-1.3926238,0.12328062951564789,0.9532803297042847,0.6824094653129578
YPL139C,YGL071W,0,-1.3926547,0.12326478213071823,0.9532803297042847,0.6825094819068909
YLR394W,YGR070W,0,-1.392727,0.12324894219636917,0.9532803297042847,0.6826095581054688
YLR289W,YOL004W,0,-1.3935472,0.12323310226202011,0.9532803297042847,0.6827096343040466
YOR222W,YFL001W,0,-1.3936304,0.12321726977825165,0.9532803297042847,0.6828097105026245
YMR203W,YDL170W,0,-1.3936673,0.12320143729448318,0.9532803297042847,0.6829097270965576
YMR315W,YER098W,0,-1.3945338,0.12318561226129532,0.9532803297042847,0.6830098032951355
YDL111C,YGR175C,0,-1.3947042,0.12316979467868805,0.9532803297042847,0.6831098794937134
YNL309W,YLR390W,0,-1.3963362,0.12315397709608078,0.9532803297042847,0.6832099556922913
YER103W,YDR449C,0,-1.3976024,0.12313815951347351,0.9532803297042847,0.6833099722862244
YKL175W,YDL040C,0,-1.3980875,0.12312234938144684,0.9532803297042847,0.6834100484848022
YOL102C,YMR046C,0,-1.3982881,0.12310654670000076,0.9532803297042847,0.6835101246833801
YDR383C,YGL030W,0,-1.3986757,0.12309074401855469,0.9532803297042847,0.6836101412773132
YJL114W,YGR252W,0,-1.3988279,0.12307494878768921,0.9532803297042847,0.6837102174758911
YNL073W,YKL074C,0,-1.3989052,0.12305915355682373,0.9532803297042847,0.683810293674469
YKR002W,YJR130C,0,-1.3989927,0.12304336577653885,0.9532803297042847,0.6839103698730469
YBL005W-B,YNL309W,0,-1.4001992,0.12302758544683456,0.9532803297042847,0.68401038646698
YOR147W,YNL304W,0,-1.400929,0.12301179766654968,0.9532803297042847,0.6841104626655579
YOR279C,YAL031C,0,-1.4010092,0.122996024787426,0.9532803297042847,0.6842105388641357
YGR144W,YPL098C,0,-1.401154,0.12298025190830231,0.9532803297042847,0.6843106150627136
YLR256W-A,YOL043C,0,-1.4012954,0.12296447902917862,0.9532803297042847,0.6844106316566467
YDR138W,YJL085W,0,-1.4015621,0.12294872105121613,0.9532803297042847,0.6845107078552246
YGL256W,YPL129W,0,-1.4019417,0.12293295562267303,0.9532803297042847,0.6846107840538025
YOL028C,YOR162C,0,-1.4022787,0.12291719764471054,0.9532803297042847,0.6847108006477356
YMR054W,YLR024C,0,-1.4033004,0.12290144711732864,0.9532803297042847,0.6848108768463135
YLL051C,YDR151C,0,-1.4034356,0.12288569658994675,0.9532803297042847,0.6849109530448914
YGL186C,YJR053W,0,-1.4038497,0.12286995351314545,0.9532803297042847,0.6850110292434692
YDL022W,YDL035C,0,-1.4042214,0.12285421788692474,0.9532803297042847,0.6851110458374023
YIR025W,YOL066C,0,-1.4043839,0.12283847481012344,0.9532803297042847,0.6852111220359802
YPL083C,YIR018W,0,-1.4043854,0.12282274663448334,0.9532803297042847,0.6853111982345581
YFL013C,YDL040C,0,-1.4044665,0.12280701845884323,0.9532803297042847,0.685411274433136
YHR214C-B,YOR324C,0,-1.4052521,0.12279129028320312,0.9532803297042847,0.6855112910270691
YHR056C,YBL005W-B,0,-1.4052788,0.12277556955814362,0.9532803297042847,0.685611367225647
YPR194C,YMR238W,0,-1.4054595,0.1227598562836647,0.9532803297042847,0.6857114434242249
YGR179C,YBR093C,0,-1.4057668,0.12274414300918579,0.9532803297042847,0.685811460018158
YPL139C,YLR410W-A,0,-1.4058783,0.12272843718528748,0.9532803297042847,0.6859115362167358
YCL018W,YLR386W,0,-1.4060234,0.12271273136138916,0.9532803297042847,0.6860116124153137
YIL108W,YNL138W,0,-1.4062343,0.12269703298807144,0.9532803297042847,0.6861116886138916
YFR013W,YJL140W,0,-1.4062804,0.12268133461475372,0.9532803297042847,0.6862117052078247
YDL029W,YPL163C,0,-1.4075567,0.1226656436920166,0.9532803297042847,0.6863117814064026
YOL066C,YFL021W,0,-1.4078302,0.12264995276927948,0.9532803297042847,0.6864118576049805
YJR010W,YDL197C,0,-1.4078678,0.12263426929712296,0.9532803297042847,0.6865119338035583
YPR011C,YJR083C,0,-1.4093605,0.12261859327554703,0.9532803297042847,0.6866119503974915
YNL208W,YDR173C,0,-1.4098018,0.1226029172539711,0.9532803297042847,0.6867120265960693
YKL038W,YMR273C,0,-1.4099324,0.12258724123239517,0.9532803297042847,0.6868121027946472
YBR287W,YDR304C,0,-1.409975,0.12257157266139984,0.9532803297042847,0.6869121193885803
YKL117W,YAR035W,0,-1.410232,0.12255591154098511,0.9532803297042847,0.6870121955871582
YKR036C,YGL183C,0,-1.4106122,0.12254025042057037,0.9532803297042847,0.6871122717857361
YOR304C-A,YJL206C,0,-1.4111267,0.12252459675073624,0.9532803297042847,0.687212347984314
YGR032W,YLR394W,0,-1.4114295,0.1225089430809021,0.9532803297042847,0.6873123645782471
YPR191W,YMR061W,0,-1.411467,0.12249329686164856,0.9532803297042847,0.687412440776825
YBR177C,YBL098W,0,-1.4115021,0.12247765064239502,0.9532803297042847,0.6875125169754028
YDR079W,YMR038C,0,-1.4115723,0.12246201187372208,0.9532803297042847,0.6876125931739807
YGR281W,YEL070W,0,-1.4116327,0.12244637310504913,0.9532803297042847,0.6877126097679138
YJL030W,YDR451C,0,-1.4123998,0.12243074178695679,0.9532803297042847,0.6878126859664917
YMR019W,YLR380W,0,-1.4128226,0.12241511046886444,0.9532803297042847,0.6879127621650696
YGR144W,YKL064W,0,-1.4132093,0.12239948660135269,0.9532803297042847,0.6880127787590027
YAR031W,YDR444W,0,-1.4134836,0.12238387018442154,0.9532803297042847,0.6881128549575806
YFR031C,YDR222W,0,-1.413565,0.12236825376749039,0.9532803297042847,0.6882129311561584
YDL121C,YHR164C,0,-1.4136438,0.12235263735055923,0.9532803297042847,0.6883130073547363
YLL045C,YJL155C,0,-1.4140712,0.12233703583478928,0.9532803297042847,0.6884130239486694
YPL274W,YLL033W,0,-1.4141921,0.12232142686843872,0.9532803297042847,0.6885131001472473
YDR263C,YML071C,0,-1.4147358,0.12230582535266876,0.9532803297042847,0.6886131763458252
YNL016W,YPL011C,0,-1.414778,0.1222902312874794,0.9532803297042847,0.6887132525444031
YBR261C,YOR351C,0,-1.4149002,0.12227463722229004,0.9532803297042847,0.6888132691383362
YDL078C,YMR228W,0,-1.4149307,0.12225905060768127,0.9532803297042847,0.6889133453369141
YNL107W,YOR215C,0,-1.4150859,0.12224346399307251,0.9532803297042847,0.6890134215354919
YIL006W,YGR143W,0,-1.4152246,0.12222788482904434,0.9532803297042847,0.6891134977340698
YPR072W,YMR117C,0,-1.4153098,0.12221231311559677,0.9532803297042847,0.6892135143280029
YKR019C,YMR193W,0,-1.4154488,0.1221967414021492,0.9532803297042847,0.6893135905265808
YPR047W,YLR105C,1,-1.4156088,0.12230857461690903,0.9542743563652039,0.6893135905265808
YEL069C,YOR285W,0,-1.4159759,0.12229299545288086,0.9542743563652039,0.6894136667251587
YGR109W-B,YNR017W,0,-1.4161884,0.12227741628885269,0.9542743563652039,0.6895136833190918
YBR125C,YPR196W,0,-1.4168168,0.12226184457540512,0.9542743563652039,0.6896137595176697
YNL085W,YBR072W,0,-1.4168226,0.12224627286195755,0.9542743563652039,0.6897138357162476
YJR028W,YDR508C,0,-1.4181272,0.12223070859909058,0.9542743563652039,0.6898139119148254
YOL112W,YMR240C,0,-1.4188162,0.1222151517868042,0.9542743563652039,0.6899139285087585
YGR032W,YJL117W,0,-1.419049,0.12219959497451782,0.9542743563652039,0.6900140047073364
YIR011C,YOL093W,0,-1.4197806,0.12218403816223145,0.9542743563652039,0.6901140809059143
YOR317W,YCL008C,0,-1.419788,0.12216848880052567,0.9542743563652039,0.6902141571044922
YPL213W,YLR219W,0,-1.4199375,0.12215294688940048,0.9542743563652039,0.6903141736984253
YJL079C,YBL034C,0,-1.4200542,0.1221374049782753,0.9542743563652039,0.6904142498970032
YGR255C,YOR204W,0,-1.4200854,0.12212187051773071,0.9542743563652039,0.690514326095581
YHR002W,YCR002C,0,-1.4203175,0.12210633605718613,0.9542743563652039,0.6906143426895142
YJL141C,YGL103W,0,-1.4206394,0.12209080159664154,0.9542743563652039,0.690714418888092
YNL153C,YMR284W,0,-1.4206785,0.12207528203725815,0.9542743563652039,0.6908144950866699
YMR077C,YDR211W,0,-1.4209759,0.12205975502729416,0.9542743563652039,0.6909145712852478
YDR226W,YFL021W,0,-1.4210681,0.12204424291849136,0.9542743563652039,0.6910145878791809
YHR005C-A,YER145C,0,-1.421894,0.12202873080968857,0.9542743563652039,0.6911146640777588
YNL335W,YNL298W,0,-1.4220649,0.12201321870088577,0.9542743563652039,0.6912147402763367
YMR049C,YBL098W,0,-1.4228022,0.12199771404266357,0.9542743563652039,0.6913148164749146
YGL241W,YNR028W,0,-1.423873,0.12198220938444138,0.9542743563652039,0.6914148330688477
YIL083C,YNL122C,0,-1.4240837,0.12196671217679977,0.9542743563652039,0.6915149092674255
YJR127C,YPR152C,0,-1.4241408,0.12195122241973877,0.9542743563652039,0.6916149854660034
YER125W,YMR059W,1,-1.425094,0.12206274271011353,0.955268383026123,0.6916149854660034
YJR107W,YGR281W,0,-1.425207,0.12204724550247192,0.955268383026123,0.6917150020599365
YAR027W,YOR204W,0,-1.4260663,0.12203174829483032,0.955268383026123,0.6918150782585144
YMR180C,YBR173C,0,-1.4273893,0.12201625108718872,0.955268383026123,0.6919151544570923
YJL103C,YDR222W,0,-1.4277669,0.12200076133012772,0.955268383026123,0.6920152306556702
YFL010W-A,YDL225W,0,-1.4279112,0.12198527902364731,0.955268383026123,0.6921152472496033
YIL177C,YOL101C,0,-1.4280801,0.1219697967171669,0.955268383026123,0.6922153234481812
YMR173W,YPR001W,0,-1.4281245,0.12195431441068649,0.955268383026123,0.692315399646759
YBR275C,YNR028W,0,-1.4282097,0.12193883955478668,0.955268383026123,0.6924154758453369
YML112W,YNL084C,0,-1.4282302,0.12192337214946747,0.955268383026123,0.69251549243927
YKL090W,YJR103W,0,-1.4283696,0.12190790474414825,0.955268383026123,0.6926155686378479
YER013W,YFL048C,0,-1.4284035,0.12189243733882904,0.955268383026123,0.6927156448364258
YMR300C,YOR204W,0,-1.428621,0.12187698483467102,0.955268383026123,0.6928156614303589
YEL022W,YBL011W,0,-1.4286331,0.1218615248799324,0.955268383026123,0.6929157376289368
YLR452C,YDR472W,0,-1.4287153,0.12184607237577438,0.955268383026123,0.6930158138275146
YOR237W,YDL148C,0,-1.4287252,0.12183062732219696,0.955268383026123,0.6931158900260925
YGR077C,YJL006C,0,-1.4288169,0.12181518226861954,0.955268383026123,0.6932159066200256
YMR049C,YGL037C,0,-1.4294082,0.12179974466562271,0.955268383026123,0.6933159828186035
YMR273C,YMR246W,0,-1.4299495,0.12178431451320648,0.955268383026123,0.6934160590171814
YKL007W,YLR129W,0,-1.430164,0.12176887691020966,0.955268383026123,0.6935161352157593
YDR285W,YGL071W,0,-1.4302727,0.12175345420837402,0.955268383026123,0.6936161518096924
YFR021W,YKR026C,0,-1.4308964,0.12173803150653839,0.955268383026123,0.6937162280082703
YPR149W,YOR340C,0,-1.4312278,0.12172260880470276,0.955268383026123,0.6938163042068481
YOR126C,YNL122C,0,-1.4314282,0.12170719355344772,0.955268383026123,0.6939163208007812
YLR105C,YMR039C,0,-1.4315554,0.12169177830219269,0.955268383026123,0.6940163969993591
YPR152C,YKL003C,0,-1.4321977,0.12167637050151825,0.955268383026123,0.694116473197937
YBR081C,YDL059C,0,-1.4325341,0.12166097015142441,0.955268383026123,0.6942165493965149
YDR512C,YDR260C,0,-1.4329659,0.12164556980133057,0.955268383026123,0.694316565990448
YDR079W,YDR405W,0,-1.4334047,0.12163017690181732,0.955268383026123,0.6944166421890259
YNL304W,YMR176W,0,-1.4336697,0.12161478400230408,0.955268383026123,0.6945167183876038
YMR112C,YIL006W,0,-1.4337126,0.12159939110279083,0.955268383026123,0.6946167945861816
YOR274W,YMR273C,0,-1.4337295,0.12158400565385818,0.955268383026123,0.6947168111801147
YNL261W,YNR067C,0,-1.4337934,0.12156862765550613,0.955268383026123,0.6948168873786926
YNR031C,YKL009W,0,-1.4339429,0.12155324965715408,0.955268383026123,0.6949169635772705
YBR067C,YDR457W,0,-1.4344814,0.12153787910938263,0.955268383026123,0.6950170397758484
YIR015W,YML091C,1,-1.4346467,0.12164895981550217,0.9562624096870422,0.6950170397758484
YPR191W,YOR187W,0,-1.4346732,0.12163358181715012,0.9562624096870422,0.6951170563697815
YHR214C-B,YDR159W,0,-1.4351513,0.12161820381879807,0.9562624096870422,0.6952171325683594
YHR132C,YLR219W,0,-1.4353685,0.12160283327102661,0.9562624096870422,0.6953172087669373
YDR473C,YOR162C,0,-1.4355034,0.12158746272325516,0.9562624096870422,0.6954172253608704
YOR099W,YNR002C,0,-1.4359385,0.1215720996260643,0.9562624096870422,0.6955173015594482
YOR187W,YDL039C,0,-1.4361979,0.12155673652887344,0.9562624096870422,0.6956173777580261
YPR026W,YNL032W,0,-1.4366022,0.12154137343168259,0.9562624096870422,0.695717453956604
YNL084C,YIL006W,0,-1.4366456,0.12152602523565292,0.9562624096870422,0.6958174705505371
YFL057C,YDR410C,0,-1.4369372,0.12151066958904266,0.9562624096870422,0.695917546749115
YKL015W,YJL176C,0,-1.4371781,0.1214953288435936,0.9562624096870422,0.6960176229476929
YPR135W,YMR054W,0,-1.4371966,0.12147998809814453,0.9562624096870422,0.6961176991462708
YBR081C,YDR416W,0,-1.4372166,0.12146464735269547,0.9562624096870422,0.6962177157402039
YML028W,YJR112W,0,-1.4374546,0.121449314057827,0.9562624096870422,0.6963177919387817
YGR288W,YMR034C,0,-1.4374741,0.12143398076295853,0.9562624096870422,0.6964178681373596
YER117W,YDR207C,0,-1.437586,0.12141865491867065,0.9562624096870422,0.6965178847312927
YPL163C,YBL052C,0,-1.4376992,0.12140332907438278,0.9562624096870422,0.6966179609298706
YMR013C,YGL256W,0,-1.4379648,0.1213880106806755,0.9562624096870422,0.6967180371284485
YHR074W,YGR281W,0,-1.4379781,0.12137269973754883,0.9562624096870422,0.6968181133270264
YNL008C,YGL122C,0,-1.4384254,0.12135738879442215,0.9562624096870422,0.6969181299209595
YKR020W,YNL282W,0,-1.4387475,0.12134207785129547,0.9562624096870422,0.6970182061195374
YLR029C,YJL071W,0,-1.439138,0.12132677435874939,0.9562624096870422,0.6971182823181152
YHR006W,YDL033C,1,-1.4394792,0.12143757939338684,0.9572564363479614,0.6971182823181152
YLR425W,YDL047W,0,-1.4396385,0.12142226845026016,0.9572564363479614,0.6972183585166931
YLR029C,YOR085W,0,-1.4398831,0.12140695750713348,0.9572564363479614,0.6973183751106262
YMR146C,YNL192W,0,-1.4407061,0.1213916540145874,0.9572564363479614,0.6974184513092041
YJR151C,YFL014W,0,-1.4414967,0.12137635797262192,0.9572564363479614,0.697518527507782
YER150W,YJL214W,0,-1.4422015,0.12136106193065643,0.9572564363479614,0.6976185441017151
YLR163C,YIR032C,0,-1.4423369,0.12134576588869095,0.9572564363479614,0.697718620300293
YJL060W,YPL252C,0,-1.4424548,0.12133047729730606,0.9572564363479614,0.6978186964988708
YCL008C,YOR222W,0,-1.4427179,0.12131519615650177,0.9572564363479614,0.6979187726974487
YDL133C-A,YMR097C,0,-1.4432386,0.12129991501569748,0.9572564363479614,0.6980187892913818
YDR423C,YMR180C,0,-1.4436175,0.12128463387489319,0.9572564363479614,0.6981188654899597
YNR003C,YOR313C,0,-1.4438374,0.1212693601846695,0.9572564363479614,0.6982189416885376
YDR337W,YPR159W,0,-1.444687,0.1212540939450264,0.9572564363479614,0.6983190178871155
YPR204W,YMR038C,0,-1.4448141,0.1212388277053833,0.9572564363479614,0.6984190344810486
YDL054C,YLR219W,0,-1.445191,0.1212235614657402,0.9572564363479614,0.6985191106796265
YEL052W,YOR098C,0,-1.4456292,0.1212083101272583,0.9572564363479614,0.6986191868782043
YHR074W,YBR096W,0,-1.4456527,0.1211930513381958,0.9572564363479614,0.6987192034721375
YMR269W,YAL017W,0,-1.4466189,0.1211777999997139,0.9572564363479614,0.6988192796707153
YOL054W,YLR050C,0,-1.4467056,0.12116255611181259,0.9572564363479614,0.6989193558692932
YBR059C,YER137C-A,0,-1.4475027,0.12114731222391129,0.9572564363479614,0.6990194320678711
YHR012W,YHR047C,0,-1.4475785,0.12113207578659058,0.9572564363479614,0.6991194486618042
YIL170W,YKL186C,0,-1.4477078,0.12111683934926987,0.9572564363479614,0.6992195248603821
YDL217C,YOR251C,0,-1.4478809,0.12110161036252975,0.9572564363479614,0.69931960105896
YNR021W,YOL043C,0,-1.4483718,0.12108638137578964,0.9572564363479614,0.6994196772575378
YLR429W,YFL010W-A,0,-1.4483823,0.12107115983963013,0.9572564363479614,0.699519693851471
YHR012W,YPL027W,0,-1.4485384,0.12105593830347061,0.9572564363479614,0.6996197700500488
YLR025W,YPR200C,0,-1.4490753,0.1210407242178917,0.9572564363479614,0.6997198462486267
YNL010W,YFL045C,0,-1.449287,0.12102551013231277,0.9572564363479614,0.6998198628425598
YJR028W,YCL032W,0,-1.4494582,0.12101030349731445,0.9572564363479614,0.6999199390411377
YER151C,YOL155C,0,-1.4497725,0.12099509686231613,0.9572564363479614,0.7000200152397156
YDL039C,YPR152C,0,-1.4500843,0.12097989767789841,0.9572564363479614,0.7001200914382935
YER151C,YNL084C,0,-1.4509066,0.12096470594406128,0.9572564363479614,0.7002201080322266
YDL217C,YMR061W,0,-1.4511527,0.12094950675964355,0.9572564363479614,0.7003201842308044
YHR002W,YDR159W,0,-1.4511892,0.12093432247638702,0.9572564363479614,0.7004202604293823
YJL117W,YDR404C,0,-1.4512113,0.1209191381931305,0.9572564363479614,0.7005203366279602
YKL189W,YDR404C,0,-1.4519112,0.12090395390987396,0.9572564363479614,0.7006203532218933
YOL102C,YNR010W,0,-1.4519147,0.12088877707719803,0.9572564363479614,0.7007204294204712
YLL045C,YHL034C,0,-1.451918,0.1208736002445221,0.9572564363479614,0.7008205056190491
YLR314C,YER117W,0,-1.4519454,0.12085843086242676,0.9572564363479614,0.700920581817627
YBR202W,YMR186W,0,-1.4521779,0.12084326893091202,0.9572564363479614,0.7010205984115601
YJL191W,YOR327C,0,-1.4522563,0.12082810699939728,0.9572564363479614,0.7011206746101379
YPL151C,YKL020C,0,-1.4526051,0.12081294506788254,0.9572564363479614,0.7012207508087158
YNL131W,YBL028C,0,-1.453874,0.1207977905869484,0.9572564363479614,0.7013207674026489
YPR083W,YDR444W,0,-1.4545647,0.12078264355659485,0.9572564363479614,0.7014208436012268
YGR251W,YNL208W,0,-1.4549342,0.1207674965262413,0.9572564363479614,0.7015209197998047
YPR080W,YBR042C,0,-1.4556214,0.12075234949588776,0.9572564363479614,0.7016209959983826
YNR010W,YMR075W,0,-1.4556885,0.12073720991611481,0.9572564363479614,0.7017210125923157
YDL028C,YGL226C-A,0,-1.4559466,0.12072207778692245,0.9572564363479614,0.7018210887908936
YDL246C,YHR082C,0,-1.4564468,0.1207069456577301,0.9572564363479614,0.7019211649894714
YMR087W,YLR301W,0,-1.4566287,0.12069181352853775,0.9572564363479614,0.7020212411880493
YGR268C,YNL121C,0,-1.4566928,0.120676688849926,0.9572564363479614,0.7021212577819824
YLR300W,YJL128C,0,-1.4578143,0.12066157162189484,0.9572564363479614,0.7022213339805603
YKR008W,YGL256W,0,-1.4583045,0.12064645439386368,0.9572564363479614,0.7023214101791382
YHR004C,YJR028W,0,-1.4590956,0.12063134461641312,0.9572564363479614,0.7024214267730713
YKR028W,YLR050C,0,-1.4592992,0.12061623483896255,0.9572564363479614,0.7025215029716492
YKR008W,YJR140C,0,-1.4600612,0.120601125061512,0.9572564363479614,0.702621579170227
YOR243C,YIL140W,0,-1.460266,0.12058602273464203,0.9572564363479614,0.7027216553688049
YLR016C,YDR173C,0,-1.4603204,0.12057092785835266,0.9572564363479614,0.702821671962738
YLR105C,YGR285C,0,-1.460533,0.1205558329820633,0.9572564363479614,0.7029217481613159
YNL127W,YLR187W,0,-1.4606763,0.12054074555635452,0.9572564363479614,0.7030218243598938
YKL103C,YIL139C,0,-1.4607989,0.12052565813064575,0.9572564363479614,0.7031219005584717
YOL145C,YDL024C,0,-1.4610995,0.12051057070493698,0.9572564363479614,0.7032219171524048
YJR051W,YPL129W,0,-1.4618994,0.1204954981803894,0.9572564363479614,0.7033219933509827
YML080W,YBR072W,0,-1.4620527,0.12048041820526123,0.9572564363479614,0.7034220695495605
YMR013C,YDR444W,0,-1.4622196,0.12046534568071365,0.9572564363479614,0.7035220861434937
YHR004C,YFL048C,0,-1.4623533,0.12045028060674667,0.9572564363479614,0.7036221623420715
YGR167W,YOR292C,0,-1.4624449,0.1204352155327797,0.9572564363479614,0.7037222385406494
YKL038W,YNR057C,0,-1.4631208,0.12042015790939331,0.9572564363479614,0.7038223147392273
YFR021W,YOR393W,0,-1.4634172,0.12040510028600693,0.9572564363479614,0.7039223313331604
YFR029W,YMR295C,0,-1.4635161,0.12039005011320114,0.9572564363479614,0.7040224075317383
YOR382W,YKR069W,0,-1.4640731,0.12037499994039536,0.9572564363479614,0.7041224837303162
YHL012W,YML049C,0,-1.465546,0.12035995721817017,0.9572564363479614,0.704222559928894
YGR175C,YGR155W,0,-1.4659524,0.12034491449594498,0.9572564363479614,0.7043225765228271
YLR183C,YGL122C,0,-1.4670032,0.12032987922430038,0.9572564363479614,0.704422652721405
YPR187W,YBL092W,0,-1.4670435,0.12031484395265579,0.9572564363479614,0.7045227289199829
YOR219C,YGR222W,0,-1.4672991,0.1202998161315918,0.9572564363479614,0.704622745513916
YDL171C,YMR046C,0,-1.467517,0.1202847883105278,0.9572564363479614,0.7047228217124939
YMR173W,YLR390W,0,-1.4675249,0.1202697604894638,0.9572564363479614,0.7048228979110718
YKR071C,YPR191W,0,-1.468054,0.120254747569561,0.9572564363479614,0.7049229741096497
YGR113W,YPL098C,0,-1.4680623,0.1202397271990776,0.9572564363479614,0.7050229907035828
YPL127C,YIL135C,0,-1.4680918,0.1202247217297554,0.9572564363479614,0.7051230669021606
YBR183W,YNR057C,0,-1.468113,0.1202097088098526,0.9572564363479614,0.7052231431007385
YMR267W,YOR222W,0,-1.4682487,0.12019471079111099,0.9572564363479614,0.7053232192993164
YPL007C,YOR025W,0,-1.46846,0.12017970532178879,0.9572564363479614,0.7054232358932495
YGR180C,YJL187C,0,-1.4688253,0.12016471475362778,0.9572564363479614,0.7055233120918274
YMR087W,YNL221C,1,-1.469432,0.12027448415756226,0.9582505226135254,0.7055233120918274
YDR411C,YLR203C,0,-1.4698608,0.12025947868824005,0.9582505226135254,0.7056233882904053
YPL110C,YKL124W,0,-1.4701492,0.12024448066949844,0.9582505226135254,0.7057234048843384
YNR044W,YLL012W,0,-1.4704198,0.12022948265075684,0.9582505226135254,0.7058234810829163
YBR006W,YGL030W,0,-1.4717582,0.12021449208259583,0.9582505226135254,0.7059235572814941
YHR061C,YDL128W,0,-1.4717584,0.12019950151443481,0.9582505226135254,0.706023633480072
YCL008C,YCR002C,0,-1.4717637,0.1201845183968544,0.9582505226135254,0.7061236500740051
YIL128W,YDL061C,0,-1.4719573,0.12016953527927399,0.9582505226135254,0.706223726272583
YER137C-A,YBL113C,0,-1.4724007,0.12015455216169357,0.9582505226135254,0.7063238024711609
YJR057W,YDL035C,0,-1.4724177,0.12013958394527435,0.9582505226135254,0.7064238786697388
YEL053C,YDR461W,0,-1.4726161,0.12012460827827454,0.9582505226135254,0.7065238952636719
YKL041W,YJR051W,0,-1.4729768,0.12010964006185532,0.9582505226135254,0.7066239714622498
YOL142W,YHR164C,0,-1.4732305,0.1200946792960167,0.9582505226135254,0.7067240476608276
YHR056C,YEL062W,0,-1.4732488,0.12007971853017807,0.9582505226135254,0.7068241238594055
YJR127C,YMR308C,0,-1.4734951,0.12006476521492004,0.9582505226135254,0.7069241404533386
YJL191W,YHR079C,0,-1.4738829,0.12004981189966202,0.9582505226135254,0.7070242166519165
YNL084C,YBL079W,0,-1.4743624,0.12003486603498459,0.9582505226135254,0.7071242928504944
YOL155C,YGR113W,0,-1.4747467,0.12001992017030716,0.9582505226135254,0.7072243094444275
YGR175C,YIR005W,0,-1.4753908,0.12000498175621033,0.9582505226135254,0.7073243856430054
YKR103W,YKL171W,0,-1.476407,0.1199900433421135,0.9582505226135254,0.7074244618415833
YDL070W,YJR101W,0,-1.4767169,0.11997511237859726,0.9582505226135254,0.7075245380401611
YPL094C,YDR429C,0,-1.4768952,0.11996018141508102,0.9582505226135254,0.7076245546340942
YDL033C,YNL282W,1,-1.4769949,0.12006967514753342,0.9592445492744446,0.7076245546340942
YOR291W,YER104W,0,-1.4770318,0.12005473673343658,0.9592445492744446,0.7077246308326721
YGR175C,YBR052C,0,-1.4774598,0.12003980576992035,0.9592445492744446,0.70782470703125
YML058W-A,YMR179W,0,-1.477595,0.12002487480640411,0.9592445492744446,0.7079247832298279
YGL083W,YBL026W,0,-1.4778332,0.12000995129346848,0.9592445492744446,0.708024799823761
YBR150C,YLL019C,0,-1.4779558,0.11999502778053284,0.9592445492744446,0.7081248760223389
YDR296W,YOL136C,0,-1.4781358,0.1199801042675972,0.9592445492744446,0.7082249522209167
YMR114C,YDR444W,0,-1.4794011,0.11996518820524216,0.9592445492744446,0.7083249688148499
YGL183C,YHR059W,0,-1.47982,0.11995027959346771,0.9592445492744446,0.7084250450134277
YMR061W,YGR089W,0,-1.4811392,0.11993537098169327,0.9592445492744446,0.7085251212120056
YBR177C,YKL009W,0,-1.4813226,0.11992046982049942,0.9592445492744446,0.7086251974105835
YIL080W,YGL174W,0,-1.4814502,0.11990556865930557,0.9592445492744446,0.7087252140045166
YKR055W,YOR353C,0,-1.4817454,0.11989066749811172,0.9592445492744446,0.7088252902030945
YAL060W,YPL104W,0,-1.4817843,0.11987577378749847,0.9592445492744446,0.7089253664016724
YIL140W,YNR002C,0,-1.482596,0.11986088752746582,0.9592445492744446,0.7090254426002502
YJR022W,YDR463W,1,-1.483261,0.11997019499540329,0.9602385759353638,0.7090254426002502
YJL005W,YLR024C,0,-1.4837266,0.11995529383420944,0.9602385759353638,0.7091254591941833
YBL076C,YMR308C,0,-1.4837706,0.11994040012359619,0.9602385759353638,0.7092255353927612
YMR008C,YER190W,0,-1.4845655,0.11992551386356354,0.9602385759353638,0.7093256115913391
YAR002C-A,YMR246W,0,-1.4849184,0.11991062760353088,0.9602385759353638,0.7094256281852722
YHR209W,YPR083W,0,-1.485206,0.11989574134349823,0.9602385759353638,0.7095257043838501
YOR323C,YLR209C,0,-1.4852573,0.11988086253404617,0.9602385759353638,0.709625780582428
YJL172W,YDR332W,0,-1.4857675,0.11986599117517471,0.9602385759353638,0.7097258567810059
YDL179W,YPL093W,0,-1.485797,0.11985111981630325,0.9602385759353638,0.709825873374939
YLL041C,YLR264W,0,-1.4858719,0.1198362484574318,0.9602385759353638,0.7099259495735168
YIL128W,YDL055C,0,-1.4863058,0.11982138454914093,0.9602385759353638,0.7100260257720947
YNL160W,YKL074C,0,-1.4867224,0.11980652064085007,0.9602385759353638,0.7101261019706726
YFR033C,YER046W,0,-1.4870708,0.1197916641831398,0.9602385759353638,0.7102261185646057
YCR093W,YGR089W,0,-1.4871477,0.11977681517601013,0.9602385759353638,0.7103261947631836
YCR030C,YPL065W,0,-1.4882873,0.11976196616888046,0.9602385759353638,0.7104262709617615
YBR115C,YNL262W,0,-1.4886409,0.1197471171617508,0.9602385759353638,0.7105262875556946
YLR425W,YPL274W,0,-1.4886428,0.11973227560520172,0.9602385759353638,0.7106263637542725
YPR026W,YLL061W,0,-1.4892904,0.11971743404865265,0.9602385759353638,0.7107264399528503
YNL085W,YIL140W,0,-1.4895319,0.11970259994268417,0.9602385759353638,0.7108265161514282
YDR207C,YLR151C,0,-1.4911112,0.1196877732872963,0.9602385759353638,0.7109265327453613
YGR144W,YOR180C,0,-1.491247,0.11967294663190842,0.9602385759353638,0.7110266089439392
YJR055W,YDR310C,0,-1.4913763,0.11965811997652054,0.9602385759353638,0.7111266851425171
YBR177C,YDR072C,0,-1.4921296,0.11964330077171326,0.9602385759353638,0.711226761341095
YMR301C,YML128C,0,-1.4922043,0.11962848156690598,0.9602385759353638,0.7113267779350281
YPL042C,YGR199W,0,-1.4924988,0.11961366981267929,0.9602385759353638,0.711426854133606
YDR518W,YNR044W,0,-1.4925449,0.1195988580584526,0.9602385759353638,0.7115269303321838
YOR138C,YOL054W,0,-1.492853,0.11958405375480652,0.9602385759353638,0.7116269469261169
YFR045W,YPL110C,0,-1.4930042,0.11956925690174103,0.9602385759353638,0.7117270231246948
YEL052W,YBR059C,0,-1.4932967,0.11955445259809494,0.9602385759353638,0.7118270993232727
YCL018W,YJL004C,0,-1.4936712,0.11953966319561005,0.9602385759353638,0.7119271755218506
YJL005W,YNL283C,0,-1.4940223,0.11952487379312515,0.9602385759353638,0.7120271921157837
YJL005W,YCR012W,0,-1.4943668,0.11951008439064026,0.9602385759353638,0.7121272683143616
YLR047C,YMR228W,0,-1.4949479,0.11949530243873596,0.9602385759353638,0.7122273445129395
YML097C,YDL040C,0,-1.4955981,0.11948052048683167,0.9602385759353638,0.7123274207115173
YNL147W,YIL006W,0,-1.4956006,0.11946574598550797,0.9602385759353638,0.7124274373054504
YCL025C,YHR174W,0,-1.4957662,0.11945097148418427,0.9602385759353638,0.7125275135040283
YJR130C,YPR159W,0,-1.4959012,0.11943620443344116,0.9602385759353638,0.7126275897026062
YGL014W,YER130C,0,-1.495951,0.11942143738269806,0.9602385759353638,0.7127276659011841
YPR113W,YMR039C,0,-1.496236,0.11940667778253555,0.9602385759353638,0.7128276824951172
YDR419W,YDL215C,0,-1.4963639,0.11939191818237305,0.9602385759353638,0.7129277586936951
YMR025W,YBL052C,0,-1.4968964,0.11937716603279114,0.9602385759353638,0.713027834892273
YBR118W,YJL176C,0,-1.4970132,0.11936241388320923,0.9602385759353638,0.713127851486206
YNL073W,YLR404W,0,-1.4975519,0.11934766173362732,0.9602385759353638,0.7132279276847839
YNL008C,YBR282W,0,-1.4976012,0.1193329244852066,0.9602385759353638,0.7133280038833618
YNL283C,YLR386W,0,-1.4983814,0.11931817978620529,0.9602385759353638,0.7134280800819397
YLL041C,YDR457W,0,-1.4987794,0.11930344253778458,0.9602385759353638,0.7135280966758728
YPL064C,YDL215C,0,-1.4991497,0.11928871273994446,0.9602385759353638,0.7136281728744507
YKL013C,YKR006C,0,-1.4996847,0.11927398294210434,0.9602385759353638,0.7137282490730286
YDR473C,YPR002W,0,-1.4998177,0.11925926059484482,0.9602385759353638,0.7138283252716064
YDR263C,YBL113C,0,-1.4998751,0.1192445382475853,0.9602385759353638,0.7139283418655396
YOR159C,YMR145C,0,-1.5000836,0.11922982335090637,0.9602385759353638,0.7140284180641174
YNR067C,YLR160C,0,-1.5001801,0.11921510845422745,0.9602385759353638,0.7141284942626953
YOR317W,YGR072W,0,-1.500514,0.11920039355754852,0.9602385759353638,0.7142285108566284
YDR233C,YMR210W,0,-1.5011059,0.1191856861114502,0.9602385759353638,0.7143285870552063
YDL021W,YMR179W,0,-1.5011667,0.11917098611593246,0.9602385759353638,0.7144286632537842
YIL094C,YDR062W,0,-1.501424,0.11915628612041473,0.9602385759353638,0.7145287394523621
YLR295C,YER017C,0,-1.5017296,0.119141586124897,0.9602385759353638,0.7146287560462952
YIL128W,YOR123C,0,-1.5017961,0.11912689357995987,0.9602385759353638,0.714728832244873
YBR274W,YMR099C,0,-1.5020083,0.11911220848560333,0.9602385759353638,0.7148289084434509
YER022W,YGL062W,0,-1.5025876,0.1190975233912468,0.9602385759353638,0.7149289846420288
YNR017W,YOR349W,0,-1.5033115,0.11908283829689026,0.9602385759353638,0.7150290012359619
YPR127W,YDR444W,0,-1.5037738,0.11906816065311432,0.9602385759353638,0.7151290774345398
YER125W,YLR105C,1,-1.5044485,0.11917673051357269,0.961232602596283,0.7151290774345398
YJR092W,YKL174C,0,-1.5047299,0.11916204541921616,0.961232602596283,0.7152291536331177
YHR164C,YMR115W,0,-1.504819,0.11914736032485962,0.961232602596283,0.7153291702270508
YKR019C,YBR052C,0,-1.5051006,0.11913268268108368,0.961232602596283,0.7154292464256287
YGR288W,YJL176C,0,-1.5054358,0.11911801248788834,0.961232602596283,0.7155293226242065
YNL073W,YMR213W,0,-1.5055863,0.1191033348441124,0.961232602596283,0.7156293988227844
YGL083W,YCL014W,0,-1.5056044,0.11908867210149765,0.961232602596283,0.7157294154167175
YJL155C,YER190W,0,-1.5058221,0.1190740093588829,0.961232602596283,0.7158294916152954
YKR055W,YDL078C,0,-1.5058602,0.11905934661626816,0.961232602596283,0.7159295678138733
YOR106W,YPR159W,0,-1.5059365,0.11904469132423401,0.961232602596283,0.7160296440124512
YDL107W,YJL124C,0,-1.5066973,0.11903003603219986,0.961232602596283,0.7161296606063843
YLR029C,YNL147W,0,-1.5074756,0.11901538819074631,0.961232602596283,0.7162297368049622
YNL258C,YMR099C,0,-1.5079777,0.11900074034929276,0.961232602596283,0.71632981300354
YPR011C,YOR393W,0,-1.5080253,0.1189860925078392,0.961232602596283,0.7164298295974731
YLL029W,YNL267W,0,-1.5084997,0.11897145956754684,0.961232602596283,0.716529905796051
YJL171C,YGL163C,0,-1.5085256,0.11895681917667389,0.961232602596283,0.7166299819946289
YBL005W-B,YNL274C,0,-1.5088936,0.11894218623638153,0.961232602596283,0.7167300581932068
YHR002W,YNL092W,0,-1.509253,0.11892756074666977,0.961232602596283,0.7168300747871399
YLR390W,YDR337W,0,-1.5095966,0.11891293525695801,0.961232602596283,0.7169301509857178
YDR453C,YOR349W,0,-1.5097106,0.11889831721782684,0.961232602596283,0.7170302271842957
YNL309W,YLR389C,0,-1.5097377,0.11888369917869568,0.961232602596283,0.7171303033828735
YMR039C,YDR494W,0,-1.5101286,0.11886908113956451,0.961232602596283,0.7172303199768066
YML051W,YIL140W,0,-1.5104516,0.11885447055101395,0.961232602596283,0.7173303961753845
YOR138C,YNR072W,0,-1.5106136,0.11883986741304398,0.961232602596283,0.7174304723739624
YLR429W,YMR300C,0,-1.511,0.118825264275074,0.961232602596283,0.7175304889678955
YEL031W,YHR175W,0,-1.5114142,0.11881066113710403,0.961232602596283,0.7176305651664734
YLR395C,YLR042C,0,-1.5120667,0.11879606544971466,0.961232602596283,0.7177306413650513
YDL035C,YOR327C,0,-1.5124966,0.11878147721290588,0.961232602596283,0.7178307175636292
YLR080W,YFL048C,0,-1.5139495,0.1187668889760971,0.961232602596283,0.7179307341575623
YMR038C,YOR194C,0,-1.5139953,0.11875230073928833,0.961232602596283,0.7180308103561401
YDR026C,YFL021W,0,-1.5141348,0.11873771995306015,0.961232602596283,0.718130886554718
YGL209W,YOL112W,0,-1.5141457,0.11872314661741257,0.961232602596283,0.7182309627532959
YIL108W,YEL031W,0,-1.5141584,0.11870856583118439,0.961232602596283,0.718330979347229
YPL151C,YGR112W,0,-1.5142947,0.1186939999461174,0.961232602596283,0.7184310555458069
YLL027W,YFL045C,0,-1.5156542,0.11867943406105042,0.961232602596283,0.7185311317443848
YLL027W,YPL027W,0,-1.5157717,0.11866486817598343,0.961232602596283,0.7186312079429626
YGR246C,YPL274W,0,-1.5160679,0.11865030974149704,0.961232602596283,0.7187312245368958
YMR250W,YLR213C,0,-1.5161225,0.11863575130701065,0.961232602596283,0.7188313007354736
YBR080C,YML109W,0,-1.5163479,0.11862120032310486,0.961232602596283,0.7189313769340515
YPL129W,YOR123C,0,-1.5165507,0.11860664933919907,0.961232602596283,0.7190313935279846
YLR208W,YBL085W,0,-1.51747,0.11859209835529327,0.961232602596283,0.7191314697265625
YKR019C,YLR404W,0,-1.5176727,0.11857756227254868,0.961232602596283,0.7192315459251404
YJL103C,YIR005W,0,-1.5183114,0.11856301873922348,0.961232602596283,0.7193316221237183
YJR004C,YBR118W,0,-1.5192105,0.11854848265647888,0.961232602596283,0.7194316387176514
YMR117C,YHR039C-A,0,-1.5195135,0.11853395402431488,0.961232602596283,0.7195317149162292
YKL053C-A,YMR034C,0,-1.519994,0.11851942539215088,0.961232602596283,0.7196317911148071
YCL043C,YDL077C,0,-1.5214123,0.11850490421056747,0.961232602596283,0.719731867313385
YGL180W,YMR270C,0,-1.5215882,0.11849038302898407,0.961232602596283,0.7198318839073181
YPR125W,YGL163C,0,-1.521719,0.11847586184740067,0.961232602596283,0.719931960105896
YNL160W,YJR070C,0,-1.5219654,0.11846134811639786,0.961232602596283,0.7200320363044739
YDR254W,YBR037C,0,-1.5230339,0.11844684183597565,0.961232602596283,0.720132052898407
YLR105C,YIL108W,0,-1.5231004,0.11843233555555344,0.961232602596283,0.7202321290969849
YLR206W,YKL022C,0,-1.5236609,0.11841782927513123,0.961232602596283,0.7203322052955627
YHR059W,YJL053W,0,-1.5238259,0.11840333044528961,0.961232602596283,0.7204322814941406
YAL016W,YML052W,0,-1.5243238,0.118388831615448,0.961232602596283,0.7205322980880737
YGR229C,YMR250W,0,-1.5244774,0.11837434023618698,0.961232602596283,0.7206323742866516
YNR006W,YDL039C,0,-1.5245858,0.11835985630750656,0.961232602596283,0.7207324504852295
YDL246C,YHR057C,0,-1.5259403,0.11834536492824554,0.961232602596283,0.7208325266838074
YGL051W,YLR088W,0,-1.5262173,0.11833088845014572,0.961232602596283,0.7209325432777405
YHL012W,YDR195W,0,-1.5267442,0.1183164045214653,0.961232602596283,0.7210326194763184
YML058W-A,YEL043W,0,-1.5267602,0.11830193549394608,0.961232602596283,0.7211326956748962
YIL095W,YOR226C,0,-1.5267938,0.11828745901584625,0.961232602596283,0.7212327122688293
YLR164W,YAL029C,0,-1.5269628,0.11827299743890762,0.961232602596283,0.7213327884674072
YEL052W,YKR036C,0,-1.5272948,0.1182585284113884,0.961232602596283,0.7214328646659851
YBR042C,YDR392W,0,-1.5275539,0.11824406683444977,0.961232602596283,0.721532940864563
YKL170W,YNR013C,0,-1.5279092,0.11822961270809174,0.961232602596283,0.7216329574584961
YMR123W,YBL098W,0,-1.5279759,0.1182151585817337,0.961232602596283,0.721733033657074
YOL066C,YNR060W,0,-1.5281233,0.11820071190595627,0.961232602596283,0.7218331098556519
YLR191W,YCL032W,0,-1.5283704,0.11818626523017883,0.961232602596283,0.7219331860542297
YHR012W,YLR187W,0,-1.5285279,0.1181718185544014,0.961232602596283,0.7220332026481628
YOR243C,YCL057W,0,-1.5287238,0.11815737932920456,0.961232602596283,0.7221332788467407
YPL042C,YOL004W,0,-1.5289941,0.11814294755458832,0.961232602596283,0.7222333550453186
YNL160W,YIL139C,0,-1.5293254,0.11812851577997208,0.961232602596283,0.7223333716392517
YOR071C,YBL112C,0,-1.5298473,0.11811408400535583,0.961232602596283,0.7224334478378296
YMR301C,YPR091C,0,-1.5300539,0.11809965968132019,0.961232602596283,0.7225335240364075
YJL079C,YKL201C,0,-1.5307344,0.11808523535728455,0.961232602596283,0.7226336002349854
YGL068W,YDL035C,0,-1.5313553,0.1180708184838295,0.961232602596283,0.7227336168289185
YMR227C,YDR369C,0,-1.5313985,0.11805640161037445,0.961232602596283,0.7228336930274963
YLL002W,YGR118W,0,-1.531558,0.1180419921875,0.961232602596283,0.7229337692260742
YMR061W,YDR207C,0,-1.5316731,0.11802758276462555,0.961232602596283,0.7230338454246521
YMR180C,YJL213W,0,-1.532025,0.1180131807923317,0.961232602596283,0.7231338620185852
YLR452C,YER022W,0,-1.5323335,0.11799877882003784,0.961232602596283,0.7232339382171631
YNL273W,YKL096W-A,0,-1.5323915,0.11798438429832458,0.961232602596283,0.723334014415741
YIL094C,YKL168C,0,-1.5330511,0.11796998977661133,0.961232602596283,0.7234340310096741
YDL045W-A,YNL052W,0,-1.5331916,0.11795559525489807,0.961232602596283,0.723534107208252
YNL231C,YOR162C,0,-1.5341805,0.11794121563434601,0.961232602596283,0.7236341834068298
YNL127W,YBR150C,0,-1.5342618,0.11792682856321335,0.961232602596283,0.7237342596054077
YGR167W,YPL167C,0,-1.5343536,0.11791244894266129,0.961232602596283,0.7238342761993408
YLL003W,YGL051W,0,-1.5346588,0.11789807677268982,0.961232602596283,0.7239343523979187
YNL208W,YJR063W,0,-1.535025,0.11788370460271835,0.961232602596283,0.7240344285964966
YGR010W,YER017C,0,-1.5350493,0.11786933243274689,0.961232602596283,0.7241345047950745
YPL122C,YHR082C,0,-1.535162,0.11785496771335602,0.961232602596283,0.7242345213890076
YOR298W,YOL028C,0,-1.5356508,0.11784060299396515,0.961232602596283,0.7243345975875854
YLR395C,YPL213W,0,-1.5367056,0.11782624572515488,0.961232602596283,0.7244346737861633
YLR305C,YKL085W,0,-1.536806,0.1178118884563446,0.961232602596283,0.7245347499847412
YJL079C,YNL016W,0,-1.5368711,0.11779753863811493,0.961232602596283,0.7246347665786743
YML030W,YOR298W,0,-1.5368997,0.11778318881988525,0.961232602596283,0.7247348427772522
YBR172C,YMR160W,0,-1.5380667,0.11776884645223618,0.961232602596283,0.7248349189758301
YDR144C,YDR254W,0,-1.5387456,0.1177545040845871,0.961232602596283,0.7249349355697632
YHR059W,YLR350W,0,-1.5391835,0.11774016916751862,0.961232602596283,0.7250350117683411
YLL003W,YHR135C,0,-1.5393509,0.11772583425045013,0.961232602596283,0.725135087966919
YPR030W,YHR039C-A,0,-1.5397787,0.11771150678396225,0.961232602596283,0.7252351641654968
YNL192W,YGR185C,0,-1.539833,0.11769717931747437,0.961232602596283,0.7253351807594299
YMR054W,YOL136C,0,-1.5400505,0.11768285185098648,0.961232602596283,0.7254352569580078
YDL142C,YGL163C,0,-1.5402865,0.1176685318350792,0.961232602596283,0.7255353331565857
YJL004C,YAL040C,0,-1.5410173,0.1176542192697525,0.961232602596283,0.7256354093551636
YDR030C,YNL052W,0,-1.5414797,0.11763989925384521,0.961232602596283,0.7257354259490967
YDR494W,YOR353C,0,-1.5421792,0.11762559413909912,0.961232602596283,0.7258355021476746
YOR145C,YLR300W,0,-1.5424742,0.11761128902435303,0.961232602596283,0.7259355783462524
YJR005W,YKL067W,0,-1.5435063,0.11759698390960693,0.961232602596283,0.7260355949401855
YAL024C,YKL094W,0,-1.5437087,0.11758268624544144,0.961232602596283,0.7261356711387634
YER168C,YDR369C,0,-1.5442315,0.11756838858127594,0.961232602596283,0.7262357473373413
YGL162W,YMR025W,0,-1.5446042,0.11755409836769104,0.961232602596283,0.7263358235359192
YKL161C,YMR193W,0,-1.544678,0.11753980815410614,0.961232602596283,0.7264358401298523
YER151C,YDR296W,0,-1.5451126,0.11752552539110184,0.961232602596283,0.7265359163284302
YMR193W,YNL219C,0,-1.5456432,0.11751124262809753,0.961232602596283,0.7266359925270081
YLR029C,YDR403W,0,-1.5458475,0.11749695986509323,0.961232602596283,0.7267360687255859
YER125W,YPL259C,0,-1.5461049,0.11748268455266953,0.961232602596283,0.726836085319519
YBR282W,YGL174W,0,-1.5461823,0.11746841669082642,0.961232602596283,0.7269361615180969
YLR163C,YGR089W,0,-1.5466526,0.1174541488289833,0.961232602596283,0.7270362377166748
YDL015C,YKL022C,0,-1.5467399,0.1174398809671402,0.961232602596283,0.7271362543106079
YDL121C,YDL097C,0,-1.5467765,0.11742562055587769,0.961232602596283,0.7272363305091858
YLR359W,YIR039C,0,-1.547183,0.11741136759519577,0.961232602596283,0.7273364067077637
YAR027W,YBR282W,0,-1.5473325,0.11739710718393326,0.961232602596283,0.7274364829063416
YNL262W,YOR313C,0,-1.5473813,0.11738286167383194,0.961232602596283,0.7275364995002747
YOR148C,YER074W,0,-1.547463,0.11736861616373062,0.961232602596283,0.7276365756988525
YDL107W,YMR301C,0,-1.5475105,0.1173543706536293,0.961232602596283,0.7277366518974304
YHR209W,YCL034W,0,-1.5481346,0.11734012514352798,0.961232602596283,0.7278367280960083
YMR005W,YBR059C,0,-1.548289,0.11732589453458786,0.961232602596283,0.7279367446899414
YKL217W,YLR316C,0,-1.5483843,0.11731165647506714,0.961232602596283,0.7280368208885193
YJR127C,YBL113C,0,-1.5486505,0.11729742586612701,0.961232602596283,0.7281368970870972
YOL070C,YGL259W,0,-1.5492822,0.11728320270776749,0.961232602596283,0.7282369136810303
YMR168C,YPR149W,0,-1.5493534,0.11726897954940796,0.961232602596283,0.7283369898796082
YPR171W,YAL029C,0,-1.5493599,0.11725475639104843,0.961232602596283,0.728437066078186
YBR275C,YFR045W,0,-1.5495209,0.1172405406832695,0.961232602596283,0.7285371422767639
YJL128C,YDR472W,0,-1.5495887,0.11722633242607117,0.961232602596283,0.728637158870697
YOL142W,YKL007W,0,-1.5502653,0.11721212416887283,0.961232602596283,0.7287372350692749
YEL052W,YBR093C,0,-1.5502912,0.1171979159116745,0.961232602596283,0.7288373112678528
YBR182C,YFR019W,0,-1.5503596,0.11718371510505676,0.961232602596283,0.7289373874664307
YNL307C,YHR008C,0,-1.5511714,0.11716951429843903,0.961232602596283,0.7290374040603638
YDL198C,YOR194C,0,-1.5512807,0.11715532094240189,0.961232602596283,0.7291374802589417
YGR085C,YJL149W,0,-1.5527221,0.11714112758636475,0.961232602596283,0.7292375564575195
YGR264C,YJL213W,0,-1.5529357,0.1171269416809082,0.961232602596283,0.7293375730514526
YGL062W,YDR281C,0,-1.5529948,0.11711275577545166,0.961232602596283,0.7294376492500305
YBR170C,YLL017W,0,-1.5530874,0.11709856986999512,0.961232602596283,0.7295377254486084
YBR287W,YDR353W,0,-1.5541317,0.11708439141511917,0.961232602596283,0.7296378016471863
YDR059C,YBL034C,0,-1.5547403,0.11707022041082382,0.961232602596283,0.7297378182411194
YIL080W,YGL233W,0,-1.554895,0.11705604940652847,0.961232602596283,0.7298378944396973
YDR131C,YGR285C,0,-1.5554825,0.11704187840223312,0.961232602596283,0.7299379706382751
YBR080C,YMR025W,0,-1.55553,0.11702771484851837,0.961232602596283,0.730038046836853
YDL202W,YHR079C,0,-1.5558609,0.11701355129480362,0.961232602596283,0.7301380634307861
YKL182W,YNR044W,0,-1.5564522,0.11699939519166946,0.961232602596283,0.730238139629364
YPL139C,YER165W,0,-1.5565768,0.11698523908853531,0.961232602596283,0.7303382158279419
YNL223W,YOR085W,0,-1.5570456,0.11697109043598175,0.961232602596283,0.7304382920265198
YGR180C,YKR054C,0,-1.5571016,0.11695694178342819,0.961232602596283,0.7305383086204529
YOR176W,YML006C,0,-1.5578109,0.11694280058145523,0.961232602596283,0.7306383848190308
YGL256W,YIL079C,0,-1.5580662,0.11692865937948227,0.961232602596283,0.7307384610176086
YJL214W,YMR267W,0,-1.5585097,0.11691451817750931,0.961232602596283,0.7308384776115417
YGR036C,YPL223C,0,-1.559235,0.11690038442611694,0.961232602596283,0.7309385538101196
YOR216C,YBR145W,0,-1.5606533,0.11688625812530518,0.961232602596283,0.7310386300086975
YGL158W,YOR237W,0,-1.560786,0.11687213182449341,0.961232602596283,0.7311387062072754
YOR291W,YGR258C,0,-1.561606,0.11685800552368164,0.961232602596283,0.7312387228012085
YKL170W,YEL062W,0,-1.5617306,0.11684388667345047,0.961232602596283,0.7313387989997864
YMR032W,YJL128C,0,-1.5627354,0.1168297678232193,0.961232602596283,0.7314388751983643
YPL094C,YJL053W,0,-1.5628109,0.11681565642356873,0.961232602596283,0.7315389513969421
YBR260C,YBL091C-A,0,-1.5628729,0.11680154502391815,0.961232602596283,0.7316389679908752
YFR021W,YGL183C,0,-1.5641936,0.11678744107484818,0.961232602596283,0.7317390441894531
YDL107W,YPL027W,0,-1.5650539,0.1167733371257782,0.961232602596283,0.731839120388031
YIL080W,YDL070W,0,-1.5658127,0.11675923317670822,0.961232602596283,0.7319391369819641
YBR243C,YLR350W,0,-1.5670532,0.11674514412879944,0.961232602596283,0.732039213180542
YDR492W,YLL040C,0,-1.567153,0.11673104763031006,0.961232602596283,0.7321392893791199
YER125W,YBL018C,1,-1.567572,0.11683765798807144,0.9622266292572021,0.7321392893791199
YPR113W,YOL066C,0,-1.5676152,0.11682356148958206,0.9622266292572021,0.7322393655776978
YOR187W,YGL060W,0,-1.5685453,0.11680945754051208,0.9622266292572021,0.7323393821716309
YIL002C,YOR349W,0,-1.5686675,0.1167953684926033,0.9622266292572021,0.7324394583702087
YML058W-A,YDL208W,0,-1.5688485,0.11678127944469452,0.9622266292572021,0.7325395345687866
YFR045W,YNL284C,0,-1.5691203,0.11676719039678574,0.9622266292572021,0.7326396107673645
YFR031C,YPR152C,0,-1.5691954,0.11675310879945755,0.9622266292572021,0.7327396273612976
YJL141C,YCR011C,0,-1.5692594,0.11673902720212936,0.9622266292572021,0.7328397035598755
YKR069W,YKL003C,0,-1.570386,0.11672494560480118,0.9622266292572021,0.7329397797584534
YNL073W,YOR008C,0,-1.5709596,0.11671087890863419,0.9622266292572021,0.7330397963523865
YBR294W,YMR304W,0,-1.5710751,0.1166968047618866,0.9622266292572021,0.7331398725509644
YDR196C,YOR327C,0,-1.5711479,0.1166827380657196,0.9622266292572021,0.7332399487495422
YDR131C,YOL102C,0,-1.5712312,0.11666867882013321,0.9622266292572021,0.7333400249481201
YKR068C,YGL190C,0,-1.5712861,0.11665461212396622,0.9622266292572021,0.7334400415420532
YNL273W,YMR179W,0,-1.5716515,0.11664056032896042,0.9622266292572021,0.7335401177406311
YMR087W,YJR103W,0,-1.571981,0.11662650853395462,0.9622266292572021,0.733640193939209
YGL026C,YDR195W,0,-1.5720387,0.11661245673894882,0.9622266292572021,0.7337402701377869
YIL002C,YPL163C,0,-1.5725971,0.11659841239452362,0.9622266292572021,0.73384028673172
YPR024W,YLR107W,0,-1.5725974,0.11658436805009842,0.9622266292572021,0.7339403629302979
YJR026W,YCR026C,0,-1.5731283,0.11657033115625381,0.9622266292572021,0.7340404391288757
YOL082W,YPR163C,0,-1.5734278,0.11655629426240921,0.9622266292572021,0.7341404557228088
YNL127W,YKL161C,0,-1.574367,0.1165422573685646,0.9622266292572021,0.7342405319213867
YDR254W,YDR285W,0,-1.5744797,0.1165282279253006,0.9622266292572021,0.7343406081199646
YOR142W-A,YML049C,0,-1.5744823,0.11651420593261719,0.9622266292572021,0.7344406843185425
YJR147W,YFL033C,0,-1.5745564,0.11650018393993378,0.9622266292572021,0.7345407009124756
YGR229C,YOR020C,0,-1.5746746,0.11648616194725037,0.9622266292572021,0.7346407771110535
YMR049C,YJL082W,0,-1.5747834,0.11647214740514755,0.9622266292572021,0.7347408533096313
YKL190W,YER046W,0,-1.5751489,0.11645813286304474,0.9622266292572021,0.7348409295082092
YNL172W,YBR282W,0,-1.575558,0.11644412577152252,0.9622266292572021,0.7349409461021423
YMR020W,YOR204W,0,-1.5760409,0.1164301186800003,0.9622266292572021,0.7350410223007202
YAL063C,YER138C,0,-1.576889,0.11641611903905869,0.9622266292572021,0.7351410984992981
YJL134W,YCL032W,0,-1.5771352,0.11640211939811707,0.9622266292572021,0.7352411150932312
YHL012W,YJL085W,0,-1.5776118,0.11638811975717545,0.9622266292572021,0.7353411912918091
YJR149W,YKR069W,0,-1.5776886,0.11637412756681442,0.9622266292572021,0.735441267490387
YDR026C,YNL335W,0,-1.5778013,0.116360142827034,0.9622266292572021,0.7355413436889648
YDR144C,YGL241W,0,-1.5781754,0.11634615063667297,0.9622266292572021,0.735641360282898
YJR119C,YFL014W,0,-1.5786664,0.11633217334747314,0.9622266292572021,0.7357414364814758
YLR244C,YOL136C,0,-1.5788294,0.11631819605827332,0.9622266292572021,0.7358415126800537
YLR208W,YNR017W,0,-1.5792447,0.11630421876907349,0.9622266292572021,0.7359415888786316
YGR281W,YDL128W,0,-1.579836,0.11629024147987366,0.9622266292572021,0.7360416054725647
YJR036C,YDL035C,0,-1.5803192,0.11627627909183502,0.9622266292572021,0.7361416816711426
YNR074C,YDL107W,0,-1.5803357,0.11626230925321579,0.9622266292572021,0.7362417578697205
YDR415C,YMR099C,0,-1.5804267,0.11624834686517715,0.9622266292572021,0.7363418340682983
YOR291W,YPL213W,0,-1.58089,0.11623439192771912,0.9622266292572021,0.7364418506622314
YDL015C,YOR351C,0,-1.5814267,0.11622043699026108,0.9622266292572021,0.7365419268608093
YER125W,YHR082C,0,-1.5816108,0.11620648205280304,0.9622266292572021,0.7366420030593872
YNL008C,YER162C,0,-1.581653,0.1161925345659256,0.9622266292572021,0.7367420196533203
YDL206W,YGL103W,0,-1.5822381,0.11617858707904816,0.9622266292572021,0.7368420958518982
YDL029W,YJR005W,0,-1.5825108,0.11616464704275131,0.9622266292572021,0.7369421720504761
YNL314W,YDR444W,0,-1.5826377,0.11615070700645447,0.9622266292572021,0.737042248249054
YDR146C,YPR030W,0,-1.5829204,0.11613677442073822,0.9622266292572021,0.7371422648429871
YDR254W,YIL170W,0,-1.5831059,0.11612284183502197,0.9622266292572021,0.7372423410415649
YJR028W,YDL128W,0,-1.583135,0.11610890924930573,0.9622266292572021,0.7373424172401428
YMR023C,YCL017C,1,-1.5833074,0.11621491611003876,0.9632206559181213,0.7373424172401428
YMR046C,YJL171C,0,-1.5842577,0.11620098352432251,0.9632206559181213,0.7374424934387207
YNL032W,YOR085W,0,-1.5846822,0.11618705093860626,0.9632206559181213,0.7375425100326538
YPR162C,YDR164C,0,-1.5847832,0.11617311835289001,0.9632206559181213,0.7376425862312317
YKR071C,YNL092W,0,-1.5849572,0.11615919321775436,0.9632206559181213,0.7377426624298096
YPL150W,YBR223C,0,-1.5850483,0.11614526808261871,0.9632206559181213,0.7378426790237427
YMR160W,YLR309C,0,-1.5851115,0.11613135039806366,0.9632206559181213,0.7379427552223206
YDR172W,YMR099C,0,-1.5852876,0.1161174327135086,0.9632206559181213,0.7380428314208984
YCR093W,YDR423C,0,-1.5854115,0.11610352247953415,0.9632206559181213,0.7381429076194763
YKL161C,YDR498C,0,-1.5860684,0.11608961224555969,0.9632206559181213,0.7382429242134094
YPL163C,YBR074W,0,-1.5866934,0.11607570946216583,0.9632206559181213,0.7383430004119873
YJR082C,YMR008C,0,-1.5869054,0.11606180667877197,0.9632206559181213,0.7384430766105652
YJR127C,YBR145W,0,-1.5872518,0.11604790389537811,0.9632206559181213,0.7385431528091431
YCL017C,YKR079C,1,-1.587267,0.11615375429391861,0.9642146825790405,0.7385431528091431
YIL088C,YKL001C,0,-1.5875024,0.11613984405994415,0.9642146825790405,0.7386431694030762
YIR025W,YDR337W,0,-1.5877181,0.11612594127655029,0.9642146825790405,0.738743245601654
YPR113W,YDR059C,0,-1.5879859,0.11611203849315643,0.9642146825790405,0.7388433218002319
YBL005W-B,YPR119W,0,-1.5880458,0.11609814316034317,0.9642146825790405,0.738943338394165
YJR140C,YNR013C,0,-1.5887498,0.11608424782752991,0.9642146825790405,0.7390434145927429
YNL147W,YOL107W,0,-1.5892507,0.11607035994529724,0.9642146825790405,0.7391434907913208
YOR378W,YIL006W,0,-1.589367,0.11605647206306458,0.9642146825790405,0.7392435669898987
YLR025W,YKL168C,0,-1.5894569,0.1160425916314125,0.9642146825790405,0.7393435835838318
YIL135C,YGR020C,0,-1.5894696,0.11602871119976044,0.9642146825790405,0.7394436597824097
YNL309W,YKL206C,0,-1.5897629,0.11601483076810837,0.9642146825790405,0.7395437359809875
YJL194W,YPL099C,0,-1.5897808,0.1160009577870369,0.9642146825790405,0.7396438121795654
YDR296W,YDR174W,0,-1.5902147,0.11598708480596542,0.9642146825790405,0.7397438287734985
YIL134W,YKL171W,0,-1.590585,0.11597321927547455,0.9642146825790405,0.7398439049720764
YDL171C,YER190W,0,-1.590592,0.11595935374498367,0.9642146825790405,0.7399439811706543
YKR020W,YPR083W,0,-1.590633,0.1159454956650734,0.9642146825790405,0.7400439977645874
YDR453C,YBL026W,0,-1.5906701,0.11593163758516312,0.9642146825790405,0.7401440739631653
YKR066C,YDL083C,0,-1.5906708,0.11591777950525284,0.9642146825790405,0.7402441501617432
YJL053W,YPR127W,0,-1.5907301,0.11590392887592316,0.9642146825790405,0.740344226360321
YOR279C,YML128C,0,-1.5920771,0.11589008569717407,0.9642146825790405,0.7404442429542542
YGR010W,YAL016W,0,-1.592353,0.11587624251842499,0.9642146825790405,0.740544319152832
YJL166W,YPR138C,0,-1.5925444,0.1158623993396759,0.9642146825790405,0.7406443953514099
YGR056W,YDR285W,0,-1.592631,0.11584856361150742,0.9642146825790405,0.7407444715499878
YLR141W,YPR159W,0,-1.5926359,0.11583472788333893,0.9642146825790405,0.7408444881439209
YGR285C,YKR069W,0,-1.5927659,0.11582089215517044,0.9642146825790405,0.7409445643424988
YML071C,YLL033W,0,-1.5928991,0.11580707132816315,0.9642146825790405,0.7410446405410767
YGR175C,YOR204W,0,-1.5930535,0.11579324305057526,0.9642146825790405,0.7411446571350098
YGL241W,YHR079C,0,-1.5931522,0.11577942222356796,0.9642146825790405,0.7412447333335876
YDL198C,YDR389W,0,-1.5940856,0.11576560139656067,0.9642146825790405,0.7413448095321655
YKL094W,YIL133C,0,-1.5950825,0.11575178802013397,0.9642146825790405,0.7414448857307434
YKR020W,YFL048C,0,-1.595353,0.11573798209428787,0.9642146825790405,0.7415449023246765
YOL129W,YKL161C,0,-1.5966531,0.11572416871786118,0.9642146825790405,0.7416449785232544
YOL086C,YJL141C,0,-1.5972831,0.11571036279201508,0.9642146825790405,0.7417450547218323
YDR306C,YDL170W,0,-1.5974776,0.11569656431674957,0.9642146825790405,0.7418451309204102
YCL017C,YHR187W,1,-1.5976692,0.11580202728509903,0.9652087688446045,0.7418451309204102
YOR089C,YPR159W,0,-1.5980729,0.11578822135925293,0.9652087688446045,0.7419451475143433
YDR453C,YBR294W,0,-1.5986022,0.11577441543340683,0.9652087688446045,0.7420452237129211
YBR172C,YDR353W,0,-1.5986454,0.11576060950756073,0.9652087688446045,0.742145299911499
YOL107W,YHR168W,0,-1.5987827,0.11574681103229523,0.9652087688446045,0.7422453761100769
YMR054W,YLR028C,0,-1.5990992,0.11573301255702972,0.9652087688446045,0.74234539270401
YLR160C,YDL045C,0,-1.5995547,0.11571922153234482,0.9652087688446045,0.7424454689025879
YAL022C,YOR215C,0,-1.6003276,0.11570543050765991,0.9652087688446045,0.7425455451011658
YNL016W,YMR308C,0,-1.6004751,0.1156916469335556,0.9652087688446045,0.7426455616950989
YOR283W,YOR298W,0,-1.6005725,0.1156778633594513,0.9652087688446045,0.7427456378936768
YOL103W-B,YMR046C,0,-1.6006079,0.11566408723592758,0.9652087688446045,0.7428457140922546
YKL190W,YKR056W,0,-1.601144,0.11565031111240387,0.9652087688446045,0.7429457902908325
YDR453C,YPR001W,0,-1.6012434,0.11563653498888016,0.9652087688446045,0.7430458068847656
YPL083C,YNL258C,0,-1.6020855,0.11562276631593704,0.9652087688446045,0.7431458830833435
YPL127C,YPL180W,0,-1.6024913,0.11560899764299393,0.9652087688446045,0.7432459592819214
YFR021W,YDR173C,0,-1.6026901,0.11559523642063141,0.9652087688446045,0.7433460354804993
YAL016W,YLR321C,0,-1.6041349,0.11558147519826889,0.9652087688446045,0.7434460520744324
YAL016W,YOR219C,0,-1.6041852,0.11556772142648697,0.9652087688446045,0.7435461282730103
YLR025W,YAR027W,0,-1.60517,0.11555396765470505,0.9652087688446045,0.7436462044715881
YDL170W,YJL206C,0,-1.6053323,0.11554022133350372,0.9652087688446045,0.7437462210655212
YJR004C,YLR165C,0,-1.605457,0.1155264750123024,0.9652087688446045,0.7438462972640991
YJR149W,YDR332W,0,-1.6056556,0.11551272869110107,0.9652087688446045,0.743946373462677
YBR059C,YER138C,0,-1.6057547,0.11549898982048035,0.9652087688446045,0.7440464496612549
YNL006W,YCL052C,0,-1.6063324,0.11548525094985962,0.9652087688446045,0.744146466255188
YMR194W,YDR262W,0,-1.6071225,0.11547151952981949,0.9652087688446045,0.7442465424537659
YNL006W,YPL104W,0,-1.6076405,0.11545778810977936,0.9652087688446045,0.7443466186523438
YDL021W,YGR185C,0,-1.607799,0.11544406414031982,0.9652087688446045,0.7444466948509216
YML051W,YKR006C,0,-1.6084234,0.11543034017086029,0.9652087688446045,0.7445467114448547
YBR080C,YMR300C,0,-1.608437,0.11541661620140076,0.9652087688446045,0.7446467876434326
YBR230C,YMR272C,0,-1.6084479,0.11540289968252182,0.9652087688446045,0.7447468638420105
YNL178W,YOR123C,0,-1.6087202,0.11538918316364288,0.9652087688446045,0.7448468804359436
YOL142W,YIL088C,0,-1.6089022,0.11537547409534454,0.9652087688446045,0.7449469566345215
YDL197C,YMR193W,0,-1.6089073,0.1153617650270462,0.9652087688446045,0.7450470328330994
YDL216C,YMR143W,0,-1.6095024,0.11534806340932846,0.9652087688446045,0.7451471090316772
YNR017W,YKR068C,0,-1.6099755,0.11533436179161072,0.9652087688446045,0.7452471256256104
YJL005W,YPL167C,0,-1.6102183,0.11532066762447357,0.9652087688446045,0.7453472018241882
YNL258C,YNR013C,0,-1.6103379,0.11530697345733643,0.9652087688446045,0.7454472780227661
YMR168C,YBR052C,0,-1.6103559,0.11529327929019928,0.9652087688446045,0.745547354221344
YMR200W,YOR222W,0,-1.6110139,0.11527959257364273,0.9652087688446045,0.7456473708152771
YDR460W,YGR167W,0,-1.6118375,0.11526590585708618,0.9652087688446045,0.745747447013855
YGR281W,YGR134W,0,-1.61224,0.11525222659111023,0.9652087688446045,0.7458475232124329
YER137C-A,YKR006C,0,-1.612912,0.11523854732513428,0.9652087688446045,0.745947539806366
YKL061W,YIL083C,0,-1.6133494,0.11522487550973892,0.9652087688446045,0.7460476160049438
YPR024W,YPR152C,0,-1.6135476,0.11521120369434357,0.9652087688446045,0.7461476922035217
YOR212W,YML112W,0,-1.6141641,0.11519753187894821,0.9652087688446045,0.7462477684020996
YGL200C,YPL113C,0,-1.6143876,0.11518386751413345,0.9652087688446045,0.7463477849960327
YPL129W,YDR444W,0,-1.6154789,0.1151702031493187,0.9652087688446045,0.7464478611946106
YDR414C,YBR223C,0,-1.6155963,0.11515654623508453,0.9652087688446045,0.7465479373931885
YOL038W,YKL186C,0,-1.6156558,0.11514288932085037,0.9652087688446045,0.7466480135917664
YIL177C,YKL053C-A,0,-1.6166075,0.11512923985719681,0.9652087688446045,0.7467480301856995
YPL252C,YDR497C,0,-1.6173059,0.11511559039354324,0.9652087688446045,0.7468481063842773
YLR130C,YIL042C,0,-1.6177868,0.11510194092988968,0.9652087688446045,0.7469481825828552
YOR168W,YJL130C,0,-1.6181961,0.11508829891681671,0.9652087688446045,0.7470481991767883
YOL057W,YML112W,0,-1.6182641,0.11507466435432434,0.9652087688446045,0.7471482753753662
YJR010W,YDR389W,0,-1.6183552,0.11506102979183197,0.9652087688446045,0.7472483515739441
YBR125C,YLR350W,0,-1.6183668,0.1150473952293396,0.9652087688446045,0.747348427772522
YER175C,YCR012W,0,-1.6184679,0.11503376066684723,0.9652087688446045,0.7474484443664551
YJR107W,YOR349W,0,-1.6185267,0.11502014100551605,0.9652087688446045,0.747548520565033
YOR054C,YJL053W,0,-1.6186005,0.11500651389360428,0.9652087688446045,0.7476485967636108
YKR071C,YGL172W,0,-1.6186751,0.1149928942322731,0.9652087688446045,0.7477486729621887
YLR182W,YGR112W,0,-1.6189439,0.11497927457094193,0.9652087688446045,0.7478486895561218
YOL038W,YBR010W,0,-1.6191429,0.11496566236019135,0.9652087688446045,0.7479487657546997
YMR078C,YER087W,0,-1.6204575,0.11495205760002136,0.9652087688446045,0.7480488419532776
YAL039C,YML128C,0,-1.6205263,0.11493844538927078,0.9652087688446045,0.7481489181518555
YDR067C,YPL151C,0,-1.6212935,0.1149248406291008,0.9652087688446045,0.7482489347457886
YER103W,YDL217C,0,-1.6213802,0.11491124331951141,0.9652087688446045,0.7483490109443665
YER074W,YDR403W,0,-1.6217512,0.11489764600992203,0.9652087688446045,0.7484490871429443
YPL134C,YLR389C,0,-1.6228998,0.11488404870033264,0.9652087688446045,0.7485491037368774
YNL110C,YHL034C,0,-1.6232694,0.11487045884132385,0.9652087688446045,0.7486491799354553
YER022W,YEL062W,0,-1.6234065,0.11485686898231506,0.9652087688446045,0.7487492561340332
YMR020W,YDL047W,0,-1.6234742,0.11484328657388687,0.9652087688446045,0.7488493323326111
YLR312W-A,YKL180W,0,-1.6235695,0.11482970416545868,0.9652087688446045,0.7489493489265442
YNR031C,YLR278C,0,-1.6237122,0.11481612920761108,0.9652087688446045,0.7490494251251221
YJL006C,YDR226W,0,-1.6241199,0.11480255424976349,0.9652087688446045,0.7491495013237
YPR189W,YLR350W,0,-1.624164,0.1147889792919159,0.9652087688446045,0.7492495775222778
YKL117W,YPR137W,0,-1.624885,0.1147754117846489,0.9652087688446045,0.7493495941162109
YNL202W,YML056C,0,-1.6248878,0.1147618517279625,0.9652087688446045,0.7494496703147888
YOR298W,YOR025W,0,-1.625019,0.1147482842206955,0.9652087688446045,0.7495497465133667
YOR299W,YGR271W,0,-1.6265875,0.1147347241640091,0.9652087688446045,0.7496497631072998
YKL094W,YJL095W,0,-1.6283695,0.11472117155790329,0.9652087688446045,0.7497498393058777
YMR203W,YBR072W,0,-1.6284403,0.11470761895179749,0.9652087688446045,0.7498499155044556
YIR005W,YDR444W,0,-1.6289123,0.11469407379627228,0.9652087688446045,0.7499499917030334
YHR030C,YLR151C,0,-1.6296715,0.11468052119016647,0.9652087688446045,0.7500500082969666
YPL167C,YOR351C,0,-1.6297667,0.11466698348522186,0.9652087688446045,0.7501500844955444
YKL171W,YHL027W,0,-1.6297952,0.11465343832969666,0.9652087688446045,0.7502501606941223
YEL022W,YEL041W,0,-1.6299106,0.11463990807533264,0.9652087688446045,0.7503502368927002
YBR195C,YPR167C,0,-1.6300608,0.11462637037038803,0.9652087688446045,0.7504502534866333
YOR274W,YGR010W,0,-1.6305262,0.11461284011602402,0.9652087688446045,0.7505503296852112
YDL217C,YLR386W,0,-1.6307753,0.1145993173122406,0.9652087688446045,0.7506504058837891
YDL140C,YPL273W,0,-1.630907,0.11458579450845718,0.9652087688446045,0.7507504224777222
YHR211W,YML128C,0,-1.6311166,0.11457227170467377,0.9652087688446045,0.7508504986763
YOL093W,YDR262W,0,-1.6312445,0.11455875635147095,0.9652087688446045,0.7509505748748779
YKL189W,YBR173C,0,-1.6316793,0.11454524099826813,0.9652087688446045,0.7510506510734558
YCR052W,YBR093C,0,-1.6317412,0.11453172564506531,0.9652087688446045,0.7511506676673889
YGR052W,YBR294W,0,-1.63177,0.11451822519302368,0.9652087688446045,0.7512507438659668
YNL085W,YER151C,0,-1.631893,0.11450471729040146,0.9652087688446045,0.7513508200645447
YER017C,YLR278C,0,-1.6319176,0.11449121683835983,0.9652087688446045,0.7514508962631226
YJL060W,YEL070W,0,-1.6326915,0.1144777163863182,0.9652087688446045,0.7515509128570557
YJL079C,YER002W,0,-1.6327136,0.11446422338485718,0.9652087688446045,0.7516509890556335
YJR057W,YBR006W,0,-1.6327688,0.11445073038339615,0.9652087688446045,0.7517510652542114
YAL060W,YML073C,0,-1.6329626,0.11443724483251572,0.9652087688446045,0.7518510818481445
YML112W,YDR337W,0,-1.6330503,0.11442375928163528,0.9652087688446045,0.7519511580467224
YER185W,YER145C,0,-1.6331263,0.11441027373075485,0.9652087688446045,0.7520512342453003
YEL052W,YDR470C,0,-1.6332124,0.11439679563045502,0.9652087688446045,0.7521513104438782
YGR252W,YLR157C,0,-1.6334186,0.11438331753015518,0.9652087688446045,0.7522513270378113
YGL068W,YMR097C,0,-1.633489,0.11436984688043594,0.9652087688446045,0.7523514032363892
YJR082C,YFR019W,0,-1.6335008,0.1143563762307167,0.9652087688446045,0.752451479434967
YNL230C,YPL065W,0,-1.6335324,0.11434291303157806,0.9652087688446045,0.7525515556335449
YHR074W,YOL052C,0,-1.6337321,0.11432944983243942,0.9652087688446045,0.752651572227478
YIL080W,YMR137C,0,-1.6337517,0.11431598663330078,0.9652087688446045,0.7527516484260559
YOR292C,YOR353C,0,-1.6338898,0.11430253088474274,0.9652087688446045,0.7528517246246338
YPR149W,YOR311C,0,-1.6340944,0.11428907513618469,0.9652087688446045,0.7529518008232117
YLR395C,YDR205W,0,-1.6342192,0.11427562683820724,0.9652087688446045,0.7530518174171448
YGL244W,YGL004C,0,-1.6345431,0.1142621785402298,0.9652087688446045,0.7531518936157227
YKL206C,YOR215C,0,-1.6346807,0.11424873769283295,0.9652087688446045,0.7532519698143005
YDL142C,YPR043W,0,-1.6347402,0.1142352968454361,0.9652087688446045,0.7533519864082336
YBR067C,YPL007C,0,-1.6349179,0.11422185599803925,0.9652087688446045,0.7534520626068115
YDR059C,YLR316C,0,-1.6351947,0.11420842260122299,0.9652087688446045,0.7535521388053894
YNR074C,YMR005W,0,-1.6353108,0.11419498920440674,0.9652087688446045,0.7536522150039673
YGR084C,YNR010W,0,-1.6354539,0.11418156325817108,0.9652087688446045,0.7537522315979004
YJR151C,YDR457W,0,-1.6358365,0.11416813731193542,0.9652087688446045,0.7538523077964783
YHL034C,YLL012W,0,-1.6361495,0.11415471136569977,0.9652087688446045,0.7539523839950562
YGR084C,YMR143W,0,-1.6363828,0.11414129287004471,0.9652087688446045,0.754052460193634
YGR070W,YML109W,0,-1.6373283,0.11412788182497025,0.9652087688446045,0.7541524767875671
YKL130C,YGL071W,0,-1.6375425,0.11411446332931519,0.9652087688446045,0.754252552986145
YAL060W,YBL068W,0,-1.6376945,0.11410105973482132,0.9652087688446045,0.7543526291847229
YMR117C,YNR015W,0,-1.6391906,0.11408764868974686,0.9652087688446045,0.754452645778656
YIL006W,YOR285W,0,-1.6392401,0.11407424509525299,0.9652087688446045,0.7545527219772339
YCR060W,YBL092W,0,-1.6396114,0.11406084895133972,0.9652087688446045,0.7546527981758118
YDR090C,YDR419W,0,-1.6418266,0.11404745280742645,0.9652087688446045,0.7547528743743896
YIL021W,YER074W,0,-1.6423467,0.11403405666351318,0.9652087688446045,0.7548528909683228
YPR030W,YNL219C,0,-1.6423749,0.11402066797018051,0.9652087688446045,0.7549529671669006
YCR030C,YIL020C,0,-1.6428231,0.11400727927684784,0.9652087688446045,0.7550530433654785
YKL190W,YPL104W,0,-1.6436411,0.11399389803409576,0.9652087688446045,0.7551531195640564
YJR055W,YJL079C,0,-1.6442885,0.11398051679134369,0.9652087688446045,0.7552531361579895
YLR141W,YIR039C,0,-1.6449051,0.11396713554859161,0.9652087688446045,0.7553532123565674
YML099C,YEL041W,0,-1.6462141,0.11395376175642014,0.9652087688446045,0.7554532885551453
YLR080W,YGL062W,0,-1.6465753,0.11394038796424866,0.9652087688446045,0.7555533051490784
YNL282W,YJR026W,0,-1.6474173,0.11392702162265778,0.9652087688446045,0.7556533813476562
YDL179W,YML036W,0,-1.6479644,0.1139136552810669,0.9652087688446045,0.7557534575462341
YHR029C,YJR053W,0,-1.6483618,0.11390029639005661,0.9652087688446045,0.755853533744812
YGR084C,YDR461W,0,-1.648445,0.11388693749904633,0.9652087688446045,0.7559535503387451
YMR227C,YGL051W,0,-1.6488205,0.11387357860803604,0.9652087688446045,0.756053626537323
YOR187W,YNL230C,0,-1.6489781,0.11386022716760635,0.9652087688446045,0.7561537027359009
YKR019C,YLR206W,0,-1.6491405,0.11384687572717667,0.9652087688446045,0.7562537789344788
YDR030C,YJR053W,0,-1.6493036,0.11383353173732758,0.9652087688446045,0.7563537955284119
YKL096W-A,YLR016C,0,-1.6497387,0.11382018774747849,0.9652087688446045,0.7564538717269897
YGR155W,YOL040C,0,-1.6499233,0.1138068437576294,0.9652087688446045,0.7565539479255676
YNL271C,YGR089W,0,-1.6500512,0.1137935072183609,0.9652087688446045,0.7566539645195007
YMR020W,YBR129C,0,-1.6505209,0.11378017067909241,0.9652087688446045,0.7567540407180786
YGL232W,YPR047W,1,-1.6510564,0.11388400942087173,0.9662027955055237,0.7567540407180786
YER125W,YLR380W,0,-1.6511803,0.11387066543102264,0.9662027955055237,0.7568541169166565
YDR062W,YNL298W,0,-1.6512693,0.11385732889175415,0.9662027955055237,0.7569541931152344
YHR047C,YMR033W,0,-1.6513036,0.11384399235248566,0.9662027955055237,0.7570542097091675
YPL213W,YPL147W,0,-1.651503,0.11383065581321716,0.9662027955055237,0.7571542859077454
YKL117W,YLR009W,0,-1.6517242,0.11381732672452927,0.9662027955055237,0.7572543621063232
YGR020C,YDL128W,0,-1.6520115,0.11380400508642197,0.9662027955055237,0.7573544383049011
YOL112W,YDL202W,0,-1.652253,0.11379068344831467,0.9662027955055237,0.7574544548988342
YOR317W,YLL017W,0,-1.6526111,0.11377736181020737,0.9662027955055237,0.7575545310974121
YJL130C,YCL034W,0,-1.6542662,0.11376404762268066,0.9662027955055237,0.75765460729599
YMR114C,YDR109C,0,-1.6546615,0.11375073343515396,0.9662027955055237,0.7577546238899231
YLR219W,YIL170W,0,-1.6547476,0.11373741924762726,0.9662027955055237,0.757854700088501
YJL081C,YKL001C,0,-1.6550344,0.11372411251068115,0.9662027955055237,0.7579547762870789
YBL041W,YJL144W,0,-1.6559223,0.11371081322431564,0.9662027955055237,0.7580548524856567
YHR030C,YGR143W,0,-1.6559798,0.11369750648736954,0.9662027955055237,0.7581548690795898
YGL122C,YKR069W,0,-1.6561638,0.11368420720100403,0.9662027955055237,0.7582549452781677
YLR447C,YGR222W,0,-1.6561955,0.11367091536521912,0.9662027955055237,0.7583550214767456
YJL112W,YAL054C,0,-1.656274,0.1136576235294342,0.9662027955055237,0.7584550976753235
YLR203C,YJR005W,0,-1.6565801,0.11364433169364929,0.9662027955055237,0.7585551142692566
YLR157C,YEL070W,0,-1.657013,0.11363104730844498,0.9662027955055237,0.7586551904678345
YER165W,YGR171C,0,-1.6576653,0.11361777037382126,0.9662027955055237,0.7587552666664124
YML099C,YNL006W,0,-1.6577111,0.11360448598861694,0.9662027955055237,0.7588553428649902
YNL073W,YLR043C,0,-1.6580095,0.11359120905399323,0.9662027955055237,0.7589553594589233
YFR021W,YEL037C,0,-1.6583618,0.1135779395699501,0.9662027955055237,0.7590554356575012
YOR317W,YNR072W,0,-1.6588825,0.11356467008590698,0.9662027955055237,0.7591555118560791
YOR349W,YHL027W,0,-1.6588908,0.11355140060186386,0.9662027955055237,0.7592555284500122
YBR173C,YLR164W,0,-1.6591648,0.11353813856840134,0.9662027955055237,0.7593556046485901
YHR135C,YHL027W,0,-1.6592028,0.11352487653493881,0.9662027955055237,0.759455680847168
YKL119C,YOR317W,0,-1.6596031,0.11351162195205688,0.9662027955055237,0.7595557570457458
YPL134C,YJR083C,0,-1.6596851,0.11349836736917496,0.9662027955055237,0.759655773639679
YGL010W,YDR472W,0,-1.6597816,0.11348511278629303,0.9662027955055237,0.7597558498382568
YHR156C,YJR034W,0,-1.6599678,0.1134718656539917,0.9662027955055237,0.7598559260368347
YJR010W,YKL007W,0,-1.6602298,0.11345861852169037,0.9662027955055237,0.7599560022354126
YDR411C,YLR209C,0,-1.6603032,0.11344537883996964,0.9662027955055237,0.7600560188293457
YJR092W,YBL092W,0,-1.6604402,0.1134321391582489,0.9662027955055237,0.7601560950279236
YGR070W,YOR085W,0,-1.6606886,0.11341889947652817,0.9662027955055237,0.7602561712265015
YJL172W,YOL052C,0,-1.6614307,0.11340566724538803,0.9662027955055237,0.7603561878204346
YOL112W,YPL083C,0,-1.6623205,0.11339244246482849,0.9662027955055237,0.7604562640190125
YDR415C,YLL027W,0,-1.6625469,0.11337921023368835,0.9662027955055237,0.7605563402175903
YGR144W,YMR186W,0,-1.6627139,0.11336599290370941,0.9662027955055237,0.7606564164161682
YPR144C,YLR043C,0,-1.662798,0.11335276812314987,0.9662027955055237,0.7607564330101013
YMR065W,YDR337W,0,-1.6628997,0.11333955079317093,0.9662027955055237,0.7608565092086792
YJR005W,YBR037C,0,-1.6631216,0.11332634091377258,0.9662027955055237,0.7609565854072571
YAR002C-A,YOR123C,0,-1.663324,0.11331312358379364,0.9662027955055237,0.761056661605835
YOR274W,YOR251C,1,-1.6633832,0.11341648548841476,0.9671968221664429,0.761056661605835
YMR227C,YPL087W,0,-1.6635252,0.11340326070785522,0.9671968221664429,0.7611566781997681
YJL124C,YER074W,0,-1.6638316,0.11339005082845688,0.9671968221664429,0.761256754398346
YLR043C,YPR160W,0,-1.6651864,0.11337683349847794,0.9671968221664429,0.7613568305969238
YDR351W,YDL061C,0,-1.6657557,0.11336362361907959,0.9671968221664429,0.7614568471908569
YLR295C,YER138C,0,-1.6663926,0.11335042119026184,0.9671968221664429,0.7615569233894348
YGL062W,YLR309C,0,-1.6667948,0.11333721876144409,0.9671968221664429,0.7616569995880127
YBR002C,YAR031W,0,-1.6670479,0.11332401633262634,0.9671968221664429,0.7617570757865906
YDL216C,YBR173C,0,-1.6671318,0.11331082135438919,0.9671968221664429,0.7618570923805237
YMR169C,YKL205W,0,-1.6678752,0.11329762637615204,0.9671968221664429,0.7619571685791016
YNR067C,YMR210W,0,-1.6682893,0.11328443139791489,0.9671968221664429,0.7620572447776794
YMR097C,YGL190C,0,-1.6686398,0.11327124387025833,0.9671968221664429,0.7621573209762573
YLR163C,YNL239W,0,-1.6687703,0.11325806379318237,0.9671968221664429,0.7622573375701904
YOL057W,YNL304W,0,-1.6689373,0.11324487626552582,0.9671968221664429,0.7623574137687683
YGR225W,YLR026C,0,-1.669174,0.11323170363903046,0.9671968221664429,0.7624574899673462
YDR240C,YNL138W,0,-1.6696495,0.1132185235619545,0.9671968221664429,0.7625575065612793
YDR530C,YJL024C,0,-1.6696588,0.11320535093545914,0.9671968221664429,0.7626575827598572
YJR151C,YDR151C,0,-1.6696852,0.11319218575954437,0.9671968221664429,0.7627576589584351
YPL183W-A,YDL083C,0,-1.6700443,0.11317901313304901,0.9671968221664429,0.7628577351570129
YLR390W,YBR129C,0,-1.6704949,0.11316585540771484,0.9671968221664429,0.762957751750946
YMR238W,YJL117W,0,-1.670704,0.11315269023180008,0.9671968221664429,0.7630578279495239
YOL043C,YNL052W,0,-1.6709884,0.11313953250646591,0.9671968221664429,0.7631579041481018
YDR076W,YGR258C,0,-1.6715325,0.11312638223171234,0.9671968221664429,0.7632579803466797
YPR167C,YJL005W,0,-1.6718215,0.11311323195695877,0.9671968221664429,0.7633579969406128
YNL117W,YNL178W,0,-1.6718489,0.1131000816822052,0.9671968221664429,0.7634580731391907
YFR031C,YER087W,0,-1.6720375,0.11308693885803223,0.9671968221664429,0.7635581493377686
YEL012W,YGL236C,0,-1.6725172,0.11307379603385925,0.9671968221664429,0.7636581659317017
YMR123W,YBR282W,0,-1.6726092,0.11306065320968628,0.9671968221664429,0.7637582421302795
YPR111W,YBR145W,0,-1.672613,0.1130475178360939,0.9671968221664429,0.7638583183288574
YBR223C,YLR183C,0,-1.6729596,0.11303438991308212,0.9671968221664429,0.7639583945274353
YPL208W,YML132W,0,-1.6736721,0.11302125453948975,0.9671968221664429,0.7640584111213684
YPL134C,YOL038W,0,-1.673782,0.11300812661647797,0.9671968221664429,0.7641584873199463
YIL061C,YAR027W,0,-1.6738096,0.11299500614404678,0.9671968221664429,0.7642585635185242
YER014C-A,YPR200C,0,-1.6741512,0.1129818856716156,0.9671968221664429,0.764358639717102
YJR147W,YNL027W,0,-1.6747569,0.11296876519918442,0.9671968221664429,0.7644586563110352
YMR077C,YAL024C,0,-1.674891,0.11295565217733383,0.9671968221664429,0.764558732509613
YMR319C,YOR353C,0,-1.6755623,0.11294253915548325,0.9671968221664429,0.7646588087081909
YJR107W,YGR199W,0,-1.6758808,0.11292943358421326,0.9671968221664429,0.7647588849067688
YPL276W,YGR169C,0,-1.6760702,0.11291632801294327,0.9671968221664429,0.7648589015007019
YKL013C,YOR310C,0,-1.6762422,0.11290322244167328,0.9671968221664429,0.7649589776992798
YDL054C,YOR215C,0,-1.676643,0.11289012432098389,0.9671968221664429,0.7650590538978577
YGR288W,YDL097C,0,-1.6767048,0.11287703365087509,0.9671968221664429,0.7651590704917908
YPL129W,YDR229W,0,-1.6779202,0.1128639355301857,0.9671968221664429,0.7652591466903687
YBR230C,YKR068C,0,-1.678233,0.1128508448600769,0.9671968221664429,0.7653592228889465
YPL112C,YGL233W,0,-1.6792319,0.1128377616405487,0.9671968221664429,0.7654592990875244
YGL190C,YHR008C,0,-1.6806029,0.11282467842102051,0.9671968221664429,0.7655593156814575
YDR059C,YGL190C,0,-1.6808194,0.11281159520149231,0.9671968221664429,0.7656593918800354
YLR395C,YBR294W,0,-1.6808997,0.11279851943254471,0.9671968221664429,0.7657594680786133
YHR047C,YPL050C,0,-1.6811075,0.1127854436635971,0.9671968221664429,0.7658595442771912
YGR285C,YJL004C,0,-1.6812867,0.1127723678946495,0.9671968221664429,0.7659595608711243
YBR006W,YBR222C,0,-1.6813918,0.1127592995762825,0.9671968221664429,0.7660596370697021
YPL119C,YPL163C,0,-1.6816248,0.1127462312579155,0.9671968221664429,0.76615971326828
YIL134W,YGL060W,0,-1.6818095,0.11273317039012909,0.9671968221664429,0.7662597298622131
YCR011C,YLL055W,0,-1.6831962,0.11272010952234268,0.9671968221664429,0.766359806060791
YPL002C,YKR035W-A,0,-1.6845737,0.11270705610513687,0.9671968221664429,0.7664598822593689
YBR095C,YCL025C,0,-1.685599,0.11269400268793106,0.9671968221664429,0.7665599584579468
YFL045C,YGR214W,0,-1.6863843,0.11268094927072525,0.9671968221664429,0.7666599750518799
YGL162W,YPL110C,0,-1.6866373,0.11266790330410004,0.9671968221664429,0.7667600512504578
YKL171W,YGR077C,0,-1.6873819,0.11265485733747482,0.9671968221664429,0.7668601274490356
YJL029C,YGL019W,0,-1.687401,0.1126418188214302,0.9671968221664429,0.7669602036476135
YOR292C,YLL055W,0,-1.6874737,0.11262877285480499,0.9671968221664429,0.7670602202415466
YNL202W,YJL079C,0,-1.6877091,0.11261574178934097,0.9671968221664429,0.7671602964401245
YPL139C,YKL096W-A,0,-1.6888162,0.11260271072387695,0.9671968221664429,0.7672603726387024
YDR512C,YIL061C,0,-1.6900123,0.11258967965841293,0.9671968221664429,0.7673603892326355
YNL202W,YFL048C,0,-1.6900799,0.11257664859294891,0.9671968221664429,0.7674604654312134
YDR371W,YMR008C,0,-1.6901537,0.11256362497806549,0.9671968221664429,0.7675605416297913
YNL127W,YPL196W,0,-1.6905609,0.11255060881376266,0.9671968221664429,0.7676606178283691
YPL042C,YNR018W,0,-1.6912698,0.11253759264945984,0.9671968221664429,0.7677606344223022
YMR032W,YLR344W,0,-1.6913792,0.11252457648515701,0.9671968221664429,0.7678607106208801
YMR169C,YPR111W,0,-1.6914676,0.11251156032085419,0.9671968221664429,0.767960786819458
YBR066C,YPR125W,0,-1.6921526,0.11249855160713196,0.9671968221664429,0.7680608630180359
YKL171W,YGL212W,0,-1.6923801,0.11248555034399033,0.9671968221664429,0.768160879611969
YER125W,YDL112W,1,-1.6928658,0.11258813738822937,0.9681908488273621,0.768160879611969
YMR090W,YMR272C,0,-1.6929206,0.11257512867450714,0.9681908488273621,0.7682609558105469
YLR344W,YNL259C,0,-1.6930273,0.11256211996078491,0.9681908488273621,0.7683610320091248
YBR275C,YJL172W,0,-1.6932181,0.11254911124706268,0.9681908488273621,0.7684610486030579
YFR021W,YAL040C,0,-1.6941592,0.11253610998392105,0.9681908488273621,0.7685611248016357
YNR017W,YOL040C,0,-1.6942134,0.11252310872077942,0.9681908488273621,0.7686612010002136
YNL192W,YMR301C,0,-1.694258,0.11251010745763779,0.9681908488273621,0.7687612771987915
YGR036C,YGL037C,0,-1.6946052,0.11249711364507675,0.9681908488273621,0.7688612937927246
YDR403W,YNR015W,0,-1.6948111,0.11248411983251572,0.9681908488273621,0.7689613699913025
YJR138W,YDR076W,0,-1.695259,0.11247113347053528,0.9681908488273621,0.7690614461898804
YOR038C,YER104W,0,-1.6954418,0.11245814710855484,0.9681908488273621,0.7691615223884583
YMR005W,YKL168C,0,-1.6961905,0.1124451607465744,0.9681908488273621,0.7692615389823914
YLR182W,YMR075W,0,-1.6967565,0.11243218183517456,0.9681908488273621,0.7693616151809692
YJR082C,YOL108C,0,-1.6968035,0.11241920292377472,0.9681908488273621,0.7694616913795471
YGR167W,YJR103W,0,-1.6972088,0.11240623146295547,0.9681908488273621,0.7695617079734802
YDR034C,YDR064W,0,-1.6975355,0.11239326000213623,0.9681908488273621,0.7696617841720581
YLR043C,YLR270W,0,-1.6988031,0.11238029599189758,0.9681908488273621,0.769761860370636
YKL130C,YMR034C,0,-1.6994053,0.11236732453107834,0.9681908488273621,0.7698619365692139
YIL095W,YBR093C,0,-1.6995287,0.11235436797142029,0.9681908488273621,0.769961953163147
YJR147W,YJR034W,0,-1.6995313,0.11234140396118164,0.9681908488273621,0.7700620293617249
YKR054C,YJR051W,0,-1.6996698,0.11232845485210419,0.9681908488273621,0.7701621055603027
YOR301W,YJL005W,0,-1.7000988,0.11231549829244614,0.9681908488273621,0.7702621817588806
YLL003W,YOR187W,0,-1.7005659,0.11230254918336868,0.9681908488273621,0.7703621983528137
YGL083W,YLR043C,0,-1.7007934,0.11228960007429123,0.9681908488273621,0.7704622745513916
YPR006C,YER046W,0,-1.7009931,0.11227665841579437,0.9681908488273621,0.7705623507499695
YGR221C,YLL041C,0,-1.7012215,0.11226371675729752,0.9681908488273621,0.7706624269485474
YNL153C,YHR047C,0,-1.7012657,0.11225077509880066,0.9681908488273621,0.7707624435424805
YGL172W,YCL017C,1,-1.7014194,0.11235307902097702,0.9691848754882812,0.7707624435424805
YER101C,YGR239C,0,-1.701508,0.11234012991189957,0.9691848754882812,0.7708625197410583
YAL063C,YIL046W,0,-1.701751,0.11232718825340271,0.9691848754882812,0.7709625959396362
YAL054C,YLR042C,0,-1.7018234,0.11231424659490585,0.9691848754882812,0.7710626125335693
YLR359W,YLR026C,0,-1.7022015,0.1123013123869896,0.9691848754882812,0.7711626887321472
YMR227C,YLR141W,0,-1.7026398,0.11228837817907333,0.9691848754882812,0.7712627649307251
YFL033C,YNL290W,0,-1.7032162,0.11227545142173767,0.9691848754882812,0.771362841129303
YDL059C,YMR173W,0,-1.7042512,0.11226252466440201,0.9691848754882812,0.7714628577232361
YDR167W,YLR163C,0,-1.7047375,0.11224959790706635,0.9691848754882812,0.771562933921814
YNL223W,YDR170C,0,-1.7047614,0.11223667860031128,0.9691848754882812,0.7716630101203918
YGR143W,YLR278C,0,-1.705614,0.11222375929355621,0.9691848754882812,0.7717630863189697
YDR034C,YBR275C,0,-1.7062184,0.11221083998680115,0.9691848754882812,0.7718631029129028
YKL189W,YDR226W,0,-1.7066761,0.11219792813062668,0.9691848754882812,0.7719631791114807
YKL130C,YMR193W,0,-1.7067918,0.11218501627445221,0.9691848754882812,0.7720632553100586
YHR002W,YER154W,0,-1.70789,0.11217211186885834,0.9691848754882812,0.7721632719039917
YPR119W,YGL174W,0,-1.7079507,0.11215920746326447,0.9691848754882812,0.7722633481025696
YIR038C,YDR498C,0,-1.7080661,0.11214631050825119,0.9691848754882812,0.7723634243011475
YFR021W,YKL117W,0,-1.7081076,0.11213341355323792,0.9691848754882812,0.7724635004997253
YLR268W,YOR226C,0,-1.7082494,0.11212051659822464,0.9691848754882812,0.7725635170936584
YBR170C,YMR240C,0,-1.7084463,0.11210761964321136,0.9691848754882812,0.7726635932922363
YNL261W,YJL082W,0,-1.7085854,0.11209473758935928,0.9691848754882812,0.7727636694908142
YHR211W,YGR144W,0,-1.7090384,0.1120818480849266,0.9691848754882812,0.7728637456893921
YMR013C,YJR006W,0,-1.7105943,0.11206896603107452,0.9691848754882812,0.7729637622833252
YLR285W,YOR099W,0,-1.7108102,0.11205608397722244,0.9691848754882812,0.7730638384819031
YER103W,YDR059C,0,-1.7112238,0.11204320937395096,0.9691848754882812,0.773163914680481
YER138C,YDL171C,0,-1.7114125,0.11203033477067947,0.9691848754882812,0.7732639312744141
YPL244C,YBR173C,0,-1.7114934,0.11201746016740799,0.9691848754882812,0.7733640074729919
YAR027W,YPR125W,0,-1.7115859,0.1120045930147171,0.9691848754882812,0.7734640836715698
YDR172W,YKL165C,0,-1.7116848,0.11199173331260681,0.9691848754882812,0.7735641598701477
YJL130C,YIL048W,0,-1.7117996,0.11197886615991592,0.9691848754882812,0.7736641764640808
YGR282C,YIL061C,0,-1.7121137,0.11196600645780563,0.9691848754882812,0.7737642526626587
YBL098W,YPR133W-A,0,-1.7123313,0.11195315420627594,0.9691848754882812,0.7738643288612366
YDR082W,YPR194C,0,-1.7124916,0.11194030195474625,0.9691848754882812,0.7739644050598145
YEL069C,YLR213C,0,-1.713039,0.11192744970321655,0.9691848754882812,0.7740644216537476
YNL208W,YLR160C,0,-1.7132777,0.11191459745168686,0.9691848754882812,0.7741644978523254
YGR105W,YBL011W,0,-1.7135582,0.11190175265073776,0.9691848754882812,0.7742645740509033
YPR196W,YKL210W,0,-1.7145658,0.11188891530036926,0.9691848754882812,0.7743645906448364
YMR090W,YLR016C,0,-1.7157772,0.11187607795000076,0.9691848754882812,0.7744646668434143
YLR264W,YPL129W,0,-1.7158715,0.11186324059963226,0.9691848754882812,0.7745647430419922
YOL043C,YKL067W,0,-1.7160913,0.11185041069984436,0.9691848754882812,0.7746648192405701
YBR081C,YOR323C,0,-1.7162337,0.11183758080005646,0.9691848754882812,0.7747648358345032
YLL055W,YBL098W,0,-1.7162889,0.11182475090026855,0.9691848754882812,0.774864912033081
YLR291C,YFL010W-A,0,-1.7164265,0.11181192845106125,0.9691848754882812,0.7749649882316589
YHL034C,YDR403W,0,-1.7169409,0.11179910600185394,0.9691848754882812,0.7750650644302368
YOR138C,YLR344W,0,-1.7184299,0.11178629100322723,0.9691848754882812,0.7751650810241699
YOL142W,YPL223C,0,-1.7185792,0.11177347600460052,0.9691848754882812,0.7752651572227478
YDR454C,YHR060W,0,-1.7197382,0.11176066100597382,0.9691848754882812,0.7753652334213257
YNL117W,YLR113W,0,-1.7199904,0.1117478534579277,0.9691848754882812,0.7754652500152588
YNL010W,YBR287W,0,-1.7202171,0.11173504590988159,0.9691848754882812,0.7755653262138367
YDL133C-A,YER168C,0,-1.7208982,0.11172223836183548,0.9691848754882812,0.7756654024124146
YOR298W,YAL040C,0,-1.7215009,0.11170943826436996,0.9691848754882812,0.7757654786109924
YOL165C,YCL052C,0,-1.7227,0.11169664561748505,0.9691848754882812,0.7758654952049255
YDL208W,YOR008C,0,-1.7243508,0.11168384552001953,0.9691848754882812,0.7759655714035034
YMR054W,YLR160C,0,-1.7247729,0.11167106032371521,0.9691848754882812,0.7760656476020813
YOL141W,YCL017C,1,-1.7249819,0.11177279055118561,0.9701789021492004,0.7760656476020813
YHR012W,YNL084C,0,-1.7250686,0.11175999045372009,0.9701789021492004,0.7761657238006592
YDR472W,YHR039C-A,0,-1.7257513,0.11174719780683517,0.9701789021492004,0.7762657403945923
YKL182W,YBR145W,0,-1.7258803,0.11173440515995026,0.9701789021492004,0.7763658165931702
YKL103C,YBR061C,0,-1.7264545,0.11172161251306534,0.9701789021492004,0.776465892791748
YLL045C,YMR075W,0,-1.7266518,0.11170882731676102,0.9701789021492004,0.7765659689903259
YNL304W,YNR010W,0,-1.7266887,0.1116960421204567,0.9701789021492004,0.776665985584259
YMR168C,YJL149W,0,-1.7274467,0.11168325692415237,0.9701789021492004,0.7767660617828369
YMR315W,YJR070C,0,-1.727604,0.11167047917842865,0.9701789021492004,0.7768661379814148
YLR344W,YMR210W,0,-1.7296817,0.11165770143270493,0.9701789021492004,0.7769661545753479
YOR147W,YKL096W-A,0,-1.7303574,0.1116449311375618,0.9701789021492004,0.7770662307739258
YPL252C,YBL085W,0,-1.7305704,0.11163216084241867,0.9701789021492004,0.7771663069725037
YMR013C,YLR163C,0,-1.7312633,0.11161939799785614,0.9701789021492004,0.7772663831710815
YMR228W,YKL210W,0,-1.7313348,0.11160663515329361,0.9701789021492004,0.7773663997650146
YIL135C,YJL140W,0,-1.7313353,0.11159387230873108,0.9701789021492004,0.7774664759635925
YLR163C,YCR026C,0,-1.732258,0.11158111691474915,0.9701789021492004,0.7775665521621704
YJR147W,YLR160C,0,-1.7331885,0.11156836152076721,0.9701789021492004,0.7776666283607483
YGL174W,YJL128C,0,-1.7333568,0.11155560612678528,0.9701789021492004,0.7777666449546814
YKL041W,YFL048C,0,-1.7335246,0.11154285818338394,0.9701789021492004,0.7778667211532593
YDR473C,YGR143W,0,-1.7337502,0.1115301102399826,0.9701789021492004,0.7779667973518372
YLR047C,YOR261C,0,-1.73414,0.11151736974716187,0.9701789021492004,0.7780668139457703
YAL054C,YOR180C,0,-1.7345821,0.11150462925434113,0.9701789021492004,0.7781668901443481
YLR244C,YNL026W,0,-1.7346743,0.11149188876152039,0.9701789021492004,0.778266966342926
YNL304W,YBR010W,0,-1.7349836,0.11147915571928024,0.9701789021492004,0.7783670425415039
YKL190W,YER055C,0,-1.7354561,0.1114664226770401,0.9701789021492004,0.778467059135437
YDR059C,YFL045C,0,-1.7355734,0.11145369708538055,0.9701789021492004,0.7785671353340149
YDR429C,YDR226W,0,-1.7360725,0.11144097149372101,0.9701789021492004,0.7786672115325928
YGR199W,YMR228W,0,-1.7368034,0.11142824590206146,0.9701789021492004,0.7787672877311707
YPR024W,YPL027W,0,-1.736957,0.11141552776098251,0.9701789021492004,0.7788673043251038
YGL026C,YHR039C-A,0,-1.7372054,0.11140280961990356,0.9701789021492004,0.7789673805236816
YKL166C,YAR035W,0,-1.7373387,0.11139009147882462,0.9701789021492004,0.7790674567222595
YOR071C,YMR097C,0,-1.7374852,0.11137738078832626,0.9701789021492004,0.7791674733161926
YGR255C,YJL095W,0,-1.7382373,0.11136467009782791,0.9701789021492004,0.7792675495147705
YJR127C,YNL095C,0,-1.7390113,0.11135196685791016,0.9701789021492004,0.7793676257133484
YOR275C,YDL040C,0,-1.7390388,0.1113392636179924,0.9701789021492004,0.7794677019119263
YCL074W,YMR136W,0,-1.7393049,0.11132656782865524,0.9701789021492004,0.7795677185058594
YGR282C,YNL259C,0,-1.739754,0.11131387203931808,0.9701789021492004,0.7796677947044373
YGR012W,YLR390W,0,-1.740228,0.11130117624998093,0.9701789021492004,0.7797678709030151
YLR043C,YGR105W,0,-1.7402436,0.11128848046064377,0.9701789021492004,0.779867947101593
YDL202W,YOR089C,0,-1.7404941,0.11127579212188721,0.9701789021492004,0.7799679636955261
YNL153C,YLL019C,0,-1.7406139,0.11126311123371124,0.9701789021492004,0.780068039894104
YPR167C,YIL021W,0,-1.7410161,0.11125043034553528,0.9701789021492004,0.7801681160926819
YML073C,YGL004C,0,-1.7411151,0.11123774945735931,0.9701789021492004,0.780268132686615
YMR168C,YMR284W,0,-1.741215,0.11122506856918335,0.9701789021492004,0.7803682088851929
YJL029C,YNR044W,0,-1.7414037,0.11121239513158798,0.9701789021492004,0.7804682850837708
YJL172W,YNL052W,0,-1.7414751,0.11119972914457321,0.9701789021492004,0.7805683612823486
YPR182W,YJL172W,0,-1.7416991,0.11118705570697784,0.9701789021492004,0.7806683778762817
YNL232W,YPL099C,0,-1.7417415,0.11117438971996307,0.9701789021492004,0.7807684540748596
YNL131W,YHR008C,0,-1.7417632,0.1111617311835289,0.9701789021492004,0.7808685302734375
YKL126W,YIR011C,0,-1.7421556,0.11114907264709473,0.9701789021492004,0.7809686064720154
YLR219W,YHR135C,0,-1.742179,0.11113641411066055,0.9701789021492004,0.7810686230659485
YBL058W,YBR052C,0,-1.7424242,0.11112376302480698,0.9701789021492004,0.7811686992645264
YJL066C,YOR377W,0,-1.7424902,0.1111111119389534,0.9701789021492004,0.7812687754631042
YIL061C,YNL010W,0,-1.7449769,0.11109846085309982,0.9701789021492004,0.7813687920570374
YBL098W,YBR074W,0,-1.7460958,0.11108581721782684,0.9701789021492004,0.7814688682556152
YMR203W,YNR044W,0,-1.7466503,0.11107317358255386,0.9701789021492004,0.7815689444541931
YLR187W,YKL124W,0,-1.7470888,0.11106053739786148,0.9701789021492004,0.781669020652771
YAL024C,YFL013C,0,-1.7475165,0.1110479012131691,0.9701789021492004,0.7817690372467041
YLR312W-A,YJL200C,0,-1.7481033,0.11103526502847672,0.9701789021492004,0.781869113445282
YLL008W,YDR164C,0,-1.7484688,0.11102263629436493,0.9701789021492004,0.7819691896438599
YKR054C,YJL124C,0,-1.7485834,0.11101000756025314,0.9701789021492004,0.7820692658424377
YDR457W,YLR047C,0,-1.7486212,0.11099738627672195,0.9701789021492004,0.7821692824363708
YDR403W,YNR072W,0,-1.7493844,0.11098476499319077,0.9701789021492004,0.7822693586349487
YOR353C,YIL048W,0,-1.7499435,0.11097214370965958,0.9701789021492004,0.7823694348335266
YDL128W,YPL096W,0,-1.750878,0.11095952987670898,0.9701789021492004,0.7824695110321045
YPL113C,YGL226C-A,0,-1.7510405,0.11094691604375839,0.9701789021492004,0.7825695276260376
YOR216C,YLR270W,0,-1.7511251,0.1109343022108078,0.9701789021492004,0.7826696038246155
YBR052C,YDR498C,0,-1.7513503,0.1109216958284378,0.9701789021492004,0.7827696800231934
YLR312W-A,YBL092W,0,-1.7531867,0.11090908944606781,0.9701789021492004,0.7828696966171265
YBR276C,YML128C,0,-1.7532895,0.11089649051427841,0.9701789021492004,0.7829697728157043
YOR237W,YDR518W,0,-1.7537006,0.11088389158248901,0.9701789021492004,0.7830698490142822
YML091C,YOR274W,1,-1.7537106,0.11098489165306091,0.9711729884147644,0.7830698490142822
YNL281W,YGL236C,0,-1.753744,0.11097228527069092,0.9711729884147644,0.7831699252128601
YMR114C,YPR127W,0,-1.7541138,0.11095967888832092,0.9711729884147644,0.7832699418067932
YCL036W,YJL214W,0,-1.754186,0.11094707995653152,0.9711729884147644,0.7833700180053711
YIL080W,YDR497C,0,-1.7547954,0.11093448102474213,0.9711729884147644,0.783470094203949
YOL086C,YIR032C,0,-1.7548748,0.11092188954353333,0.9711729884147644,0.7835701704025269
YPL244C,YPR133W-A,0,-1.7548875,0.11090929806232452,0.9711729884147644,0.78367018699646
YHR012W,YAL040C,0,-1.7551118,0.11089670658111572,0.9711729884147644,0.7837702631950378
YPL218W,YPR043W,0,-1.7551857,0.11088412255048752,0.9711729884147644,0.7838703393936157
YDL216C,YIL047C,0,-1.7563738,0.11087153851985931,0.9711729884147644,0.7839703559875488
YGR032W,YOL026C,0,-1.7566003,0.1108589619398117,0.9711729884147644,0.7840704321861267
YBR196C,YIL079C,0,-1.757048,0.1108463779091835,0.9711729884147644,0.7841705083847046
YDL074C,YNL335W,0,-1.7574216,0.11083380877971649,0.9711729884147644,0.7842705845832825
YER090W,YDL040C,0,-1.757524,0.11082123219966888,0.9711729884147644,0.7843706011772156
YKL041W,YER175C,0,-1.7581519,0.11080866307020187,0.9711729884147644,0.7844706773757935
YDR026C,YGL200C,0,-1.7587804,0.11079610139131546,0.9711729884147644,0.7845707535743713
YOR054C,YGR268C,0,-1.7593067,0.11078353226184845,0.9711729884147644,0.7846708297729492
YER190W,YNL092W,0,-1.7597382,0.11077097803354263,0.9711729884147644,0.7847708463668823
YLR383W,YMR025W,0,-1.7602595,0.11075841635465622,0.9711729884147644,0.7848709225654602
YLR029C,YLR043C,0,-1.7609695,0.1107458621263504,0.9711729884147644,0.7849709987640381
YJR040W,YPL096W,0,-1.7622148,0.11073330789804459,0.9711729884147644,0.7850710153579712
YMR019W,YGL122C,0,-1.7624325,0.11072076112031937,0.9711729884147644,0.7851710915565491
YGL122C,YMR295C,0,-1.7628226,0.11070821434259415,0.9711729884147644,0.785271167755127
YHL012W,YNL298W,0,-1.7635269,0.11069567501544952,0.9711729884147644,0.7853712439537048
YHR074W,YIL080W,0,-1.764024,0.1106831282377243,0.9711729884147644,0.7854712605476379
YOR215C,YDR497C,0,-1.7645206,0.11067059636116028,0.9711729884147644,0.7855713367462158
YDR518W,YLR359W,0,-1.765452,0.11065805703401566,0.9711729884147644,0.7856714129447937
YDL055C,YCR057C,0,-1.7657446,0.11064552515745163,0.9711729884147644,0.7857714891433716
YPL064C,YOL111C,0,-1.7657509,0.1106330007314682,0.9711729884147644,0.7858715057373047
YLR025W,YCR011C,0,-1.766178,0.11062046885490417,0.9711729884147644,0.7859715819358826
YPR035W,YHR069C,0,-1.7663115,0.11060794442892075,0.9711729884147644,0.7860716581344604
YGR052W,YBL089W,0,-1.7663548,0.11059542745351791,0.9711729884147644,0.7861716747283936
YPR133W-A,YMR143W,0,-1.7665546,0.11058291047811508,0.9711729884147644,0.7862717509269714
YPR080W,YJR101W,0,-1.7666748,0.11057039350271225,0.9711729884147644,0.7863718271255493
YDL171C,YNL006W,0,-1.7670239,0.11055788397789001,0.9711729884147644,0.7864719033241272
YMR295C,YKR101W,0,-1.7670907,0.11054537445306778,0.9711729884147644,0.7865719199180603
YHR012W,YPR162C,0,-1.7674744,0.11053286492824554,0.9711729884147644,0.7866719961166382
YBR096W,YLR270W,0,-1.7674891,0.1105203628540039,0.9711729884147644,0.7867720723152161
YPL196W,YDR138W,0,-1.7687656,0.11050786077976227,0.9711729884147644,0.786872148513794
YHR069C,YJL144W,0,-1.768773,0.11049536615610123,0.9711729884147644,0.786972165107727
YBR125C,YKL168C,0,-1.7696847,0.11048286408185959,0.9711729884147644,0.7870722413063049
YNL297C,YNL208W,0,-1.769777,0.11047037690877914,0.9711729884147644,0.7871723175048828
YER125W,YPR127W,0,-1.7698666,0.1104578822851181,0.9711729884147644,0.7872723340988159
YPL150W,YJL225C,0,-1.7699412,0.11044540256261826,0.9711729884147644,0.7873724102973938
YMR078C,YDL070W,0,-1.7700076,0.11043291538953781,0.9711729884147644,0.7874724864959717
YIL140W,YNR035C,0,-1.7703925,0.11042043566703796,0.9711729884147644,0.7875725626945496
YPR011C,YLL041C,0,-1.7705005,0.11040795594453812,0.9711729884147644,0.7876725792884827
YIL002C,YNL262W,0,-1.7706844,0.11039548367261887,0.9711729884147644,0.7877726554870605
YDR137W,YPL218W,0,-1.7711669,0.11038300395011902,0.9711729884147644,0.7878727316856384
YJR051W,YBR115C,0,-1.7713839,0.11037053912878036,0.9711729884147644,0.7879728078842163
YHR056C,YFR052W,0,-1.7722594,0.11035807430744171,0.9711729884147644,0.7880728244781494
YCL057W,YKR028W,0,-1.7722769,0.11034560948610306,0.9711729884147644,0.7881729006767273
YNL283C,YJL029C,0,-1.7726492,0.1103331446647644,0.9711729884147644,0.7882729768753052
YGL186C,YKL022C,0,-1.7727093,0.11032068729400635,0.9711729884147644,0.7883730530738831
YMR267W,YBR037C,0,-1.7727736,0.11030822992324829,0.9711729884147644,0.7884730696678162
YGR143W,YDR218C,0,-1.7728165,0.11029578000307083,0.9711729884147644,0.788573145866394
YOR126C,YMR210W,0,-1.7728788,0.11028333008289337,0.9711729884147644,0.7886732220649719
YMR169C,YPL094C,0,-1.7740315,0.11027088016271591,0.9711729884147644,0.788773238658905
YAR035W,YFL021W,0,-1.774033,0.11025843769311905,0.9711729884147644,0.7888733148574829
YPR149W,YDR444W,0,-1.7742585,0.11024599522352219,0.9711729884147644,0.7889733910560608
YBR196C,YPL274W,0,-1.7742968,0.11023355275392532,0.9711729884147644,0.7890734672546387
YGL186C,YHR056C,0,-1.7753962,0.11022111773490906,0.9711729884147644,0.7891734838485718
YOR292C,YIL083C,0,-1.7755703,0.11020868271589279,0.9711729884147644,0.7892735600471497
YNL008C,YNL259C,0,-1.7763048,0.11019625514745712,0.9711729884147644,0.7893736362457275
YGR285C,YKL130C,0,-1.7765405,0.11018382757902145,0.9711729884147644,0.7894737124443054
YIL088C,YMR180C,0,-1.7771498,0.11017140001058578,0.9711729884147644,0.7895737290382385
YBL011W,YPL087W,0,-1.7784008,0.11015897989273071,0.9711729884147644,0.7896738052368164
YKL180W,YFL048C,0,-1.7787362,0.11014655977487564,0.9711729884147644,0.7897738814353943
YBR129C,YBL092W,0,-1.780565,0.11013414710760117,0.9711729884147644,0.7898738980293274
YKL013C,YBL034C,0,-1.7812823,0.11012173444032669,0.9711729884147644,0.7899739742279053
YCR093W,YJR140C,0,-1.7812989,0.11010932177305222,0.9711729884147644,0.7900740504264832
YDR174W,YMR143W,0,-1.7813715,0.11009690910577774,0.9711729884147644,0.790174126625061
YER151C,YGL030W,0,-1.7814428,0.11008450388908386,0.9711729884147644,0.7902741432189941
YMR295C,YCL052C,0,-1.7820212,0.11007210612297058,0.9711729884147644,0.790374219417572
YLR080W,YGL220W,0,-1.7822288,0.1100597083568573,0.9711729884147644,0.7904742956161499
YFR019W,YBR173C,0,-1.782946,0.11004731059074402,0.9711729884147644,0.7905743718147278
YLR043C,YMR061W,0,-1.7832384,0.11003491282463074,0.9711729884147644,0.7906743884086609
YBR052C,YDR364C,0,-1.783297,0.11002252250909805,0.9711729884147644,0.7907744646072388
YDR369C,YNL239W,0,-1.7837888,0.11001013219356537,0.9711729884147644,0.7908745408058167
YDR137W,YHR168W,0,-1.7839861,0.10999774932861328,0.9711729884147644,0.7909745573997498
YNL297C,YMR239C,0,-1.7841377,0.1099853664636612,0.9711729884147644,0.7910746335983276
YGL094C,YLR153C,0,-1.784781,0.1099729835987091,0.9711729884147644,0.7911747097969055
YCL036W,YJL060W,0,-1.7849089,0.10996060818433762,0.9711729884147644,0.7912747859954834
YFL014W,YDR062W,0,-1.7849764,0.10994823276996613,0.9711729884147644,0.7913748025894165
YNL127W,YOL107W,0,-1.7852422,0.10993586480617523,0.9711729884147644,0.7914748787879944
YPR171W,YMR136W,0,-1.7856286,0.10992348939180374,0.9711729884147644,0.7915749549865723
YIL142W,YDL202W,0,-1.7859606,0.10991112887859344,0.9711729884147644,0.7916750311851501
YDL217C,YLR113W,0,-1.7860354,0.10989876091480255,0.9711729884147644,0.7917750477790833
YMR033W,YFL048C,0,-1.7865492,0.10988640040159225,0.9711729884147644,0.7918751239776611
YJL112W,YHR135C,0,-1.7867751,0.10987404733896255,0.9711729884147644,0.791975200176239
YML058W-A,YER052C,0,-1.7868304,0.10986168682575226,0.9711729884147644,0.7920752167701721
YGR032W,YHR060W,0,-1.7868893,0.10984933376312256,0.9711729884147644,0.79217529296875
YJR092W,YIL094C,0,-1.7872549,0.10983698815107346,0.9711729884147644,0.7922753691673279
YJR078W,YKR055W,0,-1.7879072,0.10982464253902435,0.9711729884147644,0.7923754453659058
YPL110C,YCR002C,0,-1.7880661,0.10981229692697525,0.9711729884147644,0.7924754619598389
YHR061C,YAL038W,0,-1.788187,0.10979995876550674,0.9711729884147644,0.7925755381584167
YDL078C,YFR036W,0,-1.7882288,0.10978761315345764,0.9711729884147644,0.7926756143569946
YPR194C,YDL128W,0,-1.7883797,0.10977528244256973,0.9711729884147644,0.7927756905555725
YMR176W,YMR210W,0,-1.7886328,0.10976294428110123,0.9711729884147644,0.7928757071495056
YLR314C,YNL010W,0,-1.7888242,0.10975062102079391,0.9711729884147644,0.7929757833480835
YKR055W,YDR369C,0,-1.7888305,0.109738290309906,0.9711729884147644,0.7930758595466614
YIR015W,YLR316C,1,-1.7889521,0.10983827710151672,0.9721670150756836,0.7930758595466614
YOL165C,YJL192C,0,-1.7892636,0.10982593894004822,0.9721670150756836,0.7931758761405945
YOR338W,YFL021W,0,-1.7896007,0.10981360822916031,0.9721670150756836,0.7932759523391724
YER154W,YPL188W,0,-1.7902719,0.1098012775182724,0.9721670150756836,0.7933760285377502
YGR010W,YOL054W,0,-1.7908876,0.10978895425796509,0.9721670150756836,0.7934761047363281
YLR330W,YLR151C,0,-1.7910401,0.10977663099765778,0.9721670150756836,0.7935761213302612
YDR429C,YBL098W,0,-1.7919424,0.10976430773735046,0.9721670150756836,0.7936761975288391
YAL054C,YGR113W,0,-1.792122,0.10975199192762375,0.9721670150756836,0.793776273727417
YOL086C,YKL166C,0,-1.7933487,0.10973967611789703,0.9721670150756836,0.7938763499259949
YNL202W,YMR229C,0,-1.793389,0.10972736775875092,0.9721670150756836,0.793976366519928
YLR219W,YAR035W,0,-1.7939045,0.1097150519490242,0.9721670150756836,0.7940764427185059
YHR005C-A,YDR392W,0,-1.7939897,0.10970275104045868,0.9721670150756836,0.7941765189170837
YPR182W,YJR078W,0,-1.7940035,0.10969044268131256,0.9721670150756836,0.7942765951156616
YPL119C,YNL298W,0,-1.7940574,0.10967814177274704,0.9721670150756836,0.7943766117095947
YDR196C,YMR321C,0,-1.7951752,0.10966584086418152,0.9721670150756836,0.7944766879081726
YMR054W,YBR287W,0,-1.7961637,0.1096535474061966,0.9721670150756836,0.7945767641067505
YPL050C,YPR006C,0,-1.7965662,0.10964125394821167,0.9721670150756836,0.7946767807006836
YNL271C,YNL079C,0,-1.7971337,0.10962896794080734,0.9721670150756836,0.7947768568992615
YBR002C,YDL055C,0,-1.7974749,0.10961667448282242,0.9721670150756836,0.7948769330978394
YBL113C,YKL015W,0,-1.7976454,0.10960439592599869,0.9721670150756836,0.7949770092964172
YPL007C,YML036W,0,-1.7977613,0.10959210991859436,0.9721670150756836,0.7950770258903503
YIL170W,YKL022C,0,-1.798345,0.10957983136177063,0.9721670150756836,0.7951771020889282
YBR274W,YGL226C-A,0,-1.7988955,0.1095675528049469,0.9721670150756836,0.7952771782875061
YIL134W,YKL182W,0,-1.7990087,0.10955528169870377,0.9721670150756836,0.795377254486084
YJL172W,YGL019W,0,-1.7991335,0.10954301059246063,0.9721670150756836,0.7954772710800171
YJR127C,YKL078W,0,-1.7996796,0.1095307394862175,0.9721670150756836,0.795577347278595
YHR175W,YDR306C,0,-1.8000566,0.10951847583055496,0.9721670150756836,0.7956774234771729
YOR279C,YGL233W,0,-1.8003463,0.10950621217489243,0.9721670150756836,0.795777440071106
YLR208W,YGR276C,0,-1.801282,0.10949395596981049,0.9721670150756836,0.7958775162696838
YOL057W,YJR107W,0,-1.8014766,0.10948169976472855,0.9721670150756836,0.7959775924682617
YJR010W,YDL061C,0,-1.8015722,0.1094694435596466,0.9721670150756836,0.7960776686668396
YDL179W,YKR055W,0,-1.8016156,0.10945718735456467,0.9721670150756836,0.7961776852607727
YLR182W,YDR226W,0,-1.801668,0.10944493860006332,0.9721670150756836,0.7962777614593506
YHR029C,YFL021W,0,-1.8022276,0.10943269729614258,0.9721670150756836,0.7963778376579285
YOR304C-A,YGL183C,0,-1.8028822,0.10942044854164124,0.9721670150756836,0.7964779138565063
YIR015W,YGL063W,1,-1.8030065,0.1095200777053833,0.9731610417366028,0.7964779138565063
YMR276W,YGR175C,0,-1.8034602,0.10950782895088196,0.9731610417366028,0.7965779304504395
YBR150C,YPL129W,0,-1.8036518,0.10949558019638062,0.9731610417366028,0.7966780066490173
YKL064W,YFL045C,0,-1.805764,0.10948333889245987,0.9731610417366028,0.7967780828475952
YJL225C,YDR364C,0,-1.8063747,0.10947109758853912,0.9731610417366028,0.7968780994415283
YHR119W,YLR164W,0,-1.8067185,0.10945885628461838,0.9731610417366028,0.7969781756401062
YMR008C,YKR069W,0,-1.8067683,0.10944661498069763,0.9731610417366028,0.7970782518386841
YLR440C,YMR114C,0,-1.8068144,0.10943438112735748,0.9731610417366028,0.797178328037262
YPR200C,YFL010W-A,0,-1.8068509,0.10942215472459793,0.9731610417366028,0.7972783446311951
YML080W,YLR301W,0,-1.8069265,0.10940992087125778,0.9731610417366028,0.797378420829773
YKL175W,YPL096W,0,-1.8069352,0.10939769446849823,0.9731610417366028,0.7974784970283508
YGR034W,YDR389W,0,-1.8071837,0.10938547551631927,0.9731610417366028,0.7975785732269287
YDL245C,YDR164C,0,-1.8073125,0.10937325656414032,0.9731610417366028,0.7976785898208618
YKL190W,YOR142W,0,-1.8073885,0.10936103761196136,0.9731610417366028,0.7977786660194397
YER098W,YOR089C,0,-1.8074353,0.10934881865978241,0.9731610417366028,0.7978787422180176
YPL180W,YAR027W,0,-1.8074523,0.10933660715818405,0.9731610417366028,0.7979787588119507
YDR518W,YDL045W-A,0,-1.8075148,0.10932440310716629,0.9731610417366028,0.7980788350105286
YDR059C,YBR274W,0,-1.8075302,0.10931219160556793,0.9731610417366028,0.7981789112091064
YDL215C,YDR164C,0,-1.8081774,0.10929998755455017,0.9731610417366028,0.7982789874076843
YJL128C,YBR192W,0,-1.8083616,0.109287790954113,0.9731610417366028,0.7983790040016174
YJR055W,YOL104C,0,-1.8084012,0.10927558690309525,0.9731610417366028,0.7984790802001953
YDL140C,YCR002C,0,-1.8085513,0.10926339030265808,0.9731610417366028,0.7985791563987732
YBR125C,YOL082W,0,-1.8086545,0.10925120115280151,0.9731610417366028,0.7986792325973511
YGR264C,YMR210W,0,-1.8087058,0.10923901200294495,0.9731610417366028,0.7987792491912842
YOR382W,YFR018C,0,-1.8093208,0.10922682285308838,0.9731610417366028,0.7988793253898621
YJL172W,YJL191W,0,-1.810845,0.10921463370323181,0.9731610417366028,0.7989794015884399
YCL057W,YPR138C,0,-1.8112072,0.10920245200395584,0.9731610417366028,0.799079418182373
YHL027W,YMR246W,0,-1.8114426,0.10919027775526047,0.9731610417366028,0.7991794943809509
YDR067C,YKL096W-A,0,-1.812211,0.1091780960559845,0.9731610417366028,0.7992795705795288
YMR176W,YGR222W,0,-1.8123268,0.10916592180728912,0.9731610417366028,0.7993796467781067
YPL150W,YLR042C,0,-1.8126255,0.10915375500917435,0.9731610417366028,0.7994796633720398
YIL047C,YOR162C,0,-1.8129472,0.10914158076047897,0.9731610417366028,0.7995797395706177
YOL045W,YAL016W,0,-1.8131281,0.1091294139623642,0.9731610417366028,0.7996798157691956
YOR283W,YDR296W,0,-1.8132991,0.10911725461483002,0.9731610417366028,0.7997798919677734
YNR074C,YGL183C,0,-1.814072,0.10910509526729584,0.9731610417366028,0.7998799085617065
YBR020W,YDL022W,0,-1.8141456,0.10909293591976166,0.9731610417366028,0.7999799847602844
YNL131W,YDR476C,0,-1.8142146,0.10908077657222748,0.9731610417366028,0.8000800609588623
YER154W,YIR038C,0,-1.8145651,0.1090686246752739,0.9731610417366028,0.8001801371574402
YJR010W,YNL050C,0,-1.8147085,0.10905648022890091,0.9731610417366028,0.8002801537513733
YHR012W,YHR135C,0,-1.8156029,0.10904432833194733,0.9731610417366028,0.8003802299499512
YDR457W,YLR359W,0,-1.8157023,0.10903218388557434,0.9731610417366028,0.800480306148529
YNR035C,YPL208W,0,-1.815935,0.10902004688978195,0.9731610417366028,0.8005803227424622
YKL038W,YDR081C,0,-1.8159992,0.10900790244340897,0.9731610417366028,0.80068039894104
YDL054C,YCR011C,0,-1.8163282,0.10899577289819717,0.9731610417366028,0.8007804751396179
YOL086C,YKR019C,0,-1.8165494,0.10898363590240479,0.9731610417366028,0.8008805513381958
YJL005W,YPR080W,0,-1.8166826,0.108971506357193,0.9731610417366028,0.8009805679321289
YBL011W,YPR006C,0,-1.8169506,0.1089593768119812,0.9731610417366028,0.8010806441307068
YIL088C,YGR281W,0,-1.8172895,0.10894725471735,0.9731610417366028,0.8011807203292847
YNL297C,YHR057C,0,-1.8183109,0.10893512517213821,0.9731610417366028,0.8012807965278625
YAL016W,YHR174W,0,-1.8184475,0.10892301052808762,0.9731610417366028,0.8013808131217957
YJL166W,YFL021W,0,-1.8193698,0.10891088843345642,0.9731610417366028,0.8014808893203735
YJL053W,YMR240C,0,-1.8202757,0.10889877378940582,0.9731610417366028,0.8015809655189514
YDR378C,YMR246W,0,-1.8203553,0.10888666659593582,0.9731610417366028,0.8016809821128845
YEL031W,YMR025W,0,-1.8204621,0.10887455195188522,0.9731610417366028,0.8017810583114624
YOR291W,YDR527W,0,-1.821169,0.10886245220899582,0.9731610417366028,0.8018811345100403
YER125W,YMR114C,0,-1.8213167,0.10885034501552582,0.9731610417366028,0.8019812107086182
YAL060W,YKR103W,0,-1.821479,0.10883824527263641,0.9731610417366028,0.8020812273025513
YPR198W,YDR226W,0,-1.8221396,0.10882614552974701,0.9731610417366028,0.8021813035011292
YPL150W,YGR199W,0,-1.8221668,0.1088140457868576,0.9731610417366028,0.802281379699707
YMR301C,YPR133W-A,0,-1.8233091,0.1088019534945488,0.9731610417366028,0.8023814558982849
YDL045W-A,YKL210W,0,-1.8241446,0.10878986865282059,0.9731610417366028,0.802481472492218
YMR061W,YJL155C,0,-1.8249419,0.10877777636051178,0.9731610417366028,0.8025815486907959
YGL256W,YCR087C-A,0,-1.8249587,0.10876569151878357,0.9731610417366028,0.8026816248893738
YDL028C,YOR351C,0,-1.8251024,0.10875360667705536,0.9731610417366028,0.8027816414833069
YER125W,YIL048W,0,-1.8252481,0.10874152928590775,0.9731610417366028,0.8028817176818848
YOR239W,YML132W,0,-1.8254702,0.10872945189476013,0.9731610417366028,0.8029817938804626
YBR177C,YKR056W,0,-1.8255981,0.10871738195419312,0.9731610417366028,0.8030818700790405
YDR476C,YJL149W,0,-1.825879,0.1087053045630455,0.9731610417366028,0.8031818866729736
YDR411C,YML058W-A,0,-1.8260165,0.10869324207305908,0.9731610417366028,0.8032819628715515
YDR263C,YJL172W,0,-1.8270643,0.10868117213249207,0.9731610417366028,0.8033820390701294
YDR306C,YLR350W,0,-1.827068,0.10866910964250565,0.9731610417366028,0.8034821152687073
YOL038W,YGL256W,0,-1.8271457,0.10865704715251923,0.9731610417366028,0.8035821318626404
YER008C,YLL033W,0,-1.827339,0.1086449921131134,0.9731610417366028,0.8036822080612183
YNL010W,YOL004W,0,-1.8279084,0.10863293707370758,0.9731610417366028,0.8037822842597961
YOL086C,YBR230C,0,-1.8282658,0.10862088203430176,0.9731610417366028,0.8038823008537292
YHR179W,YDL202W,0,-1.8283252,0.10860882699489594,0.9731610417366028,0.8039823770523071
YOL066C,YCL017C,1,-1.8283594,0.10870771110057831,0.974155068397522,0.8039823770523071
YPL150W,YMR240C,0,-1.8290203,0.10869564861059189,0.974155068397522,0.804082453250885
YLR316C,YBR022W,1,-1.8297344,0.10879450291395187,0.9751490950584412,0.804082453250885
YIL094C,YOR123C,0,-1.8299537,0.10878243297338486,0.9751490950584412,0.8041825294494629
YBR243C,YNL239W,0,-1.830512,0.10877037048339844,0.9751490950584412,0.804282546043396
YMR087W,YER112W,1,-1.8307511,0.10886918008327484,0.9761431217193604,0.804282546043396
YJR053W,YCL034W,0,-1.8310928,0.10885711014270782,0.9761431217193604,0.8043826222419739
YKL126W,YNL052W,0,-1.8312936,0.1088450476527214,0.9761431217193604,0.8044826984405518
YMR097C,YDR470C,0,-1.8325125,0.10883298516273499,0.9761431217193604,0.8045827746391296
YJR119C,YLR383W,0,-1.8328978,0.10882092267274857,0.9761431217193604,0.8046827912330627
YLR312W-A,YER019C-A,0,-1.8345021,0.10880886763334274,0.9761431217193604,0.8047828674316406
YDL133C-A,YOR239W,0,-1.8350972,0.10879681259393692,0.9761431217193604,0.8048829436302185
YNL084C,YJR133W,0,-1.835271,0.1087847575545311,0.9761431217193604,0.8049829602241516
YLR157C,YDR476C,0,-1.8353163,0.10877270996570587,0.9761431217193604,0.8050830364227295
YLR312W-A,YFL013C,0,-1.835481,0.10876066237688065,0.9761431217193604,0.8051831126213074
YJR138W,YHR047C,0,-1.8355206,0.10874861478805542,0.9761431217193604,0.8052831888198853
YIL134W,YMR020W,0,-1.8358172,0.10873657464981079,0.9761431217193604,0.8053832054138184
YOR378W,YMR114C,0,-1.8360244,0.10872453451156616,0.9761431217193604,0.8054832816123962
YDL225W,YFL021W,0,-1.8363768,0.10871250182390213,0.9761431217193604,0.8055833578109741
YGL083W,YFL048C,0,-1.8365601,0.1087004616856575,0.9761431217193604,0.805683434009552
YJL166W,YIL046W,0,-1.8369875,0.10868843644857407,0.9761431217193604,0.8057834506034851
YLR047C,YKL124W,0,-1.8370098,0.10867640376091003,0.9761431217193604,0.805883526802063
YER151C,YKR066C,0,-1.8370696,0.1086643785238266,0.9761431217193604,0.8059836030006409
YDL107W,YKL020C,0,-1.838103,0.10865235328674316,0.9761431217193604,0.8060836791992188
YOR261C,YOL108C,0,-1.8384557,0.10864033550024033,0.9761431217193604,0.8061836957931519
YGL186C,YPL007C,0,-1.8387394,0.10862831771373749,0.9761431217193604,0.8062837719917297
YPL240C,YGR255C,0,-1.83875,0.10861629992723465,0.9761431217193604,0.8063838481903076
YDL216C,YIL133C,0,-1.8387908,0.10860428959131241,0.9761431217193604,0.8064838647842407
YHR179W,YDR138W,0,-1.8407404,0.10859227925539017,0.9761431217193604,0.8065839409828186
YAR027W,YLR268W,0,-1.8410193,0.10858027637004852,0.9761431217193604,0.8066840171813965
YDR499W,YMR186W,0,-1.8419845,0.10856827348470688,0.9761431217193604,0.8067840933799744
YOR291W,YKL001C,0,-1.842653,0.10855627059936523,0.9761431217193604,0.8068841099739075
YER125W,YLR278C,0,-1.8435203,0.10854426771402359,0.9761431217193604,0.8069841861724854
YFR031C,YLR182W,0,-1.8442905,0.10853227227926254,0.9761431217193604,0.8070842623710632
YPL119C,YFL066C,0,-1.8445088,0.1085202768445015,0.9761431217193604,0.8071843385696411
YKR008W,YMR143W,0,-1.8445386,0.10850828886032104,0.9761431217193604,0.8072843551635742
YHR047C,YGR255C,0,-1.8447477,0.1084963008761406,0.9761431217193604,0.8073844313621521
YGR175C,YGL148W,0,-1.8451687,0.10848431289196014,0.9761431217193604,0.80748450756073
YDR296W,YGL220W,0,-1.8453683,0.10847233235836029,0.9761431217193604,0.8075845241546631
YOR388C,YMR182C,0,-1.8458996,0.10846035182476044,0.9761431217193604,0.807684600353241
YKL061W,YJL171C,0,-1.8463053,0.10844837129116058,0.9761431217193604,0.8077846765518188
YMR241W,YLR208W,0,-1.8464509,0.10843639820814133,0.9761431217193604,0.8078847527503967
YNL079C,YPR043W,0,-1.8468832,0.10842442512512207,0.9761431217193604,0.8079847693443298
YPL002C,YDL097C,0,-1.8469326,0.10841245204210281,0.9761431217193604,0.8080848455429077
YPR137W,YDL097C,0,-1.847108,0.10840048640966415,0.9761431217193604,0.8081849217414856
YLR026C,YFR052W,0,-1.8477153,0.1083885207772255,0.9761431217193604,0.8082849979400635
YMR272C,YPR152C,0,-1.8484331,0.10837656259536743,0.9761431217193604,0.8083850145339966
YDL055C,YLR330W,0,-1.8490521,0.10836459696292877,0.9761431217193604,0.8084850907325745
YDL022W,YDR389W,0,-1.8495487,0.1083526462316513,0.9761431217193604,0.8085851669311523
YIL142W,YMR008C,0,-1.8507104,0.10834068804979324,0.9761431217193604,0.8086851835250854
YDR281C,YER104W,0,-1.8508211,0.10832873731851578,0.9761431217193604,0.8087852597236633
YNL271C,YKL189W,0,-1.8509575,0.10831678658723831,0.9761431217193604,0.8088853359222412
YLR300W,YOR261C,0,-1.8512148,0.10830484330654144,0.9761431217193604,0.8089854121208191
YER125W,YIR015W,1,-1.8513111,0.10840317606925964,0.9771371483802795,0.8089854121208191
YLR160C,YMR115W,0,-1.8515483,0.10839122533798218,0.9771371483802795,0.8090854287147522
YFR021W,YNL016W,0,-1.8517748,0.10837927460670471,0.9771371483802795,0.8091855049133301
YMR087W,YCR026C,0,-1.8518211,0.10836732387542725,0.9771371483802795,0.809285581111908
YJR151C,YOR204W,0,-1.8519917,0.10835538059473038,0.9771371483802795,0.8093856573104858
YIL177C,YMR115W,0,-1.8520762,0.10834343731403351,0.9771371483802795,0.809485673904419
YOL057W,YOR351C,0,-1.8521029,0.10833149403333664,0.9771371483802795,0.8095857501029968
YGR175C,YMR038C,0,-1.8522564,0.10831955820322037,0.9771371483802795,0.8096858263015747
YJL172W,YBL085W,0,-1.8523699,0.1083076223731041,0.9771371483802795,0.8097858428955078
YHR029C,YFR031C,0,-1.8525269,0.10829569399356842,0.9771371483802795,0.8098859190940857
YOR251C,YNL016W,0,-1.8534566,0.10828376561403275,0.9771371483802795,0.8099859952926636
YKL022C,YNL239W,0,-1.8536568,0.10827183723449707,0.9771371483802795,0.8100860714912415
YER125W,YLR401C,1,-1.8543844,0.10837004333734512,0.9781312346458435,0.8100860714912415
YFR031C,YBR059C,0,-1.8547579,0.10835810750722885,0.9781312346458435,0.8101860880851746
YNR004W,YDR332W,0,-1.8548007,0.10834617912769318,0.9781312346458435,0.8102861642837524
YDR512C,YDR364C,0,-1.8549238,0.1083342507481575,0.9781312346458435,0.8103862404823303
YPR111W,YOR187W,0,-1.8551567,0.10832232236862183,0.9781312346458435,0.8104863166809082
YDL045W-A,YDR332W,0,-1.8551748,0.10831040143966675,0.9781312346458435,0.8105863332748413
YBR081C,YNR010W,0,-1.8557806,0.10829848051071167,0.9781312346458435,0.8106864094734192
YKR002W,YDR159W,0,-1.8562833,0.10828655958175659,0.9781312346458435,0.8107864856719971
YDR174W,YGL148W,0,-1.8563373,0.10827464610338211,0.9781312346458435,0.8108865022659302
YGR177C,YPL259C,0,-1.8569936,0.10826273262500763,0.9781312346458435,0.8109865784645081
YGR113W,YDR497C,0,-1.8571604,0.10825082659721375,0.9781312346458435,0.8110866546630859
YOL129W,YJL191W,0,-1.8572177,0.10823892056941986,0.9781312346458435,0.8111867308616638
YKL210W,YCR012W,0,-1.8572998,0.10822701454162598,0.9781312346458435,0.8112867474555969
YKL064W,YDR262W,0,-1.8573884,0.10821510851383209,0.9781312346458435,0.8113868236541748
YMR078C,YKL096W-A,0,-1.8577219,0.1082032099366188,0.9781312346458435,0.8114868998527527
YKR057W,YPR091C,0,-1.8577594,0.10819131135940552,0.9781312346458435,0.8115869760513306
YMR172W,YBL113C,0,-1.8577828,0.10817942023277283,0.9781312346458435,0.8116869926452637
YOL102C,YDR353W,0,-1.8590646,0.10816752910614014,0.9781312346458435,0.8117870688438416
YKL103C,YOR382W,0,-1.8594936,0.10815563797950745,0.9781312346458435,0.8118871450424194
YJR040W,YMR250W,0,-1.8595363,0.10814375430345535,0.9781312346458435,0.8119872212409973
YPL150W,YDL084W,0,-1.8599808,0.10813187062740326,0.9781312346458435,0.8120872378349304
YOL057W,YDR470C,0,-1.860013,0.10811998695135117,0.9781312346458435,0.8121873140335083
YPL112C,YCL032W,0,-1.8601857,0.10810811072587967,0.9781312346458435,0.8122873902320862
YMR182C,YDL128W,0,-1.8605095,0.10809623450040817,0.9781312346458435,0.8123874068260193
YPL104W,YNR028W,0,-1.8605732,0.10808435827493668,0.9781312346458435,0.8124874830245972
YBR282W,YDL225W,0,-1.8610555,0.10807248950004578,0.9781312346458435,0.812587559223175
YBR202W,YOR219C,0,-1.8612761,0.10806062072515488,0.9781312346458435,0.8126876354217529
YDL133C-A,YPL208W,0,-1.8616778,0.10804875195026398,0.9781312346458435,0.812787652015686
YER103W,YOR025W,0,-1.8617532,0.10803689062595367,0.9781312346458435,0.8128877282142639
YJR010W,YBR074W,0,-1.862306,0.10802502930164337,0.9781312346458435,0.8129878044128418
YJL225C,YER125W,0,-1.8623221,0.10801317542791367,0.9781312346458435,0.8130878806114197
YHR132C,YMR020W,0,-1.8628607,0.10800131410360336,0.9781312346458435,0.8131878972053528
YBR128C,YGR070W,0,-1.8629006,0.10798946768045425,0.9781312346458435,0.8132879734039307
YDL084W,YOL158C,0,-1.8646891,0.10797761380672455,0.9781312346458435,0.8133880496025085
YKL203C,YNR035C,0,-1.8650914,0.10796576738357544,0.9781312346458435,0.8134880661964417
YKL041W,YNR072W,0,-1.865897,0.10795392096042633,0.9781312346458435,0.8135881423950195
YJL029C,YGR229C,0,-1.8660463,0.10794208198785782,0.9781312346458435,0.8136882185935974
YDR164C,YPR200C,0,-1.8660797,0.1079302430152893,0.9781312346458435,0.8137882947921753
YDR392W,YDR404C,0,-1.8664242,0.1079184040427208,0.9781312346458435,0.8138883113861084
YLR314C,YDR138W,0,-1.8665929,0.10790656507015228,0.9781312346458435,0.8139883875846863
YER125W,YGR200C,1,-1.8675104,0.1080043837428093,0.9791252613067627,0.8139883875846863
YHR061C,YBR173C,0,-1.8676939,0.10799254477024078,0.9791252613067627,0.8140884637832642
YDR090C,YKL020C,0,-1.8677363,0.10798070579767227,0.9791252613067627,0.814188539981842
YDR494W,YFL021W,0,-1.8680444,0.10796886682510376,0.9791252613067627,0.8142885565757751
YCL043C,YNL052W,0,-1.8683463,0.10795703530311584,0.9791252613067627,0.814388632774353
YHR004C,YJL124C,0,-1.8684294,0.10794520378112793,0.9791252613067627,0.8144887089729309
YDR207C,YPL098C,0,-1.8692068,0.10793337970972061,0.9791252613067627,0.814588725566864
YLL055W,YNL239W,0,-1.8696448,0.1079215481877327,0.9791252613067627,0.8146888017654419
YGL186C,YJR005W,0,-1.8705236,0.10790973156690598,0.9791252613067627,0.8147888779640198
YDR233C,YDR222W,0,-1.8715248,0.10789790749549866,0.9791252613067627,0.8148889541625977
YOR180C,YER104W,0,-1.8718518,0.10788609087467194,0.9791252613067627,0.8149889707565308
YBR081C,YBR042C,0,-1.8725035,0.10787427425384521,0.9791252613067627,0.8150890469551086
YLR016C,YGR214W,0,-1.8728223,0.10786246508359909,0.9791252613067627,0.8151891231536865
YFL038C,YFR052W,0,-1.8730673,0.10785064846277237,0.9791252613067627,0.8152891993522644
YLR394W,YOR338W,0,-1.8732308,0.10783884674310684,0.9791252613067627,0.8153892159461975
YJL004C,YNL219C,0,-1.8737016,0.10782703757286072,0.9791252613067627,0.8154892921447754
YFL014W,YDR457W,0,-1.8742294,0.10781523585319519,0.9791252613067627,0.8155893683433533
YLR452C,YNL078W,0,-1.8745629,0.10780343413352966,0.9791252613067627,0.8156893849372864
YBL113C,YKL201C,0,-1.8752896,0.10779163986444473,0.9791252613067627,0.8157894611358643
YJR107W,YMR143W,0,-1.8754629,0.1077798455953598,0.9791252613067627,0.8158895373344421
YLR025W,YDL015C,0,-1.8755558,0.10776805132627487,0.9791252613067627,0.81598961353302
YOR291W,YPR163C,0,-1.8772753,0.10775626450777054,0.9791252613067627,0.8160896301269531
YOL155C,YLR429W,0,-1.877401,0.1077444776892662,0.9791252613067627,0.816189706325531
YDL107W,YJL112W,0,-1.8794545,0.10773269087076187,0.9791252613067627,0.8162897825241089
YOL045W,YPL131W,0,-1.8801364,0.10772091150283813,0.9791252613067627,0.8163898587226868
YGL014W,YPL098C,0,-1.8809794,0.1077091321349144,0.9791252613067627,0.8164898753166199
YER125W,YOR243C,1,-1.8821213,0.10780669003725052,0.9801192879676819,0.8164898753166199
YBL092W,YER115C,0,-1.882742,0.10779490321874619,0.9801192879676819,0.8165899515151978
YJL087C,YKR069W,0,-1.8831526,0.10778312385082245,0.9801192879676819,0.8166900277137756
YNL230C,YLR145W,0,-1.8833293,0.10777134448289871,0.9801192879676819,0.8167900443077087
YPR111W,YDR423C,0,-1.8833503,0.10775956511497498,0.9801192879676819,0.8168901205062866
YNL281W,YDR164C,0,-1.883505,0.10774778574705124,0.9801192879676819,0.8169901967048645
YPL002C,YJL134W,0,-1.8836864,0.1077360138297081,0.9801192879676819,0.8170902729034424
YJL166W,YDR146C,0,-1.8838592,0.10772424191236496,0.9801192879676819,0.8171902894973755
YGL244W,YMR143W,0,-1.8840641,0.10771247744560242,0.9801192879676819,0.8172903656959534
YGR255C,YBR281C,0,-1.8847002,0.10770071297883987,0.9801192879676819,0.8173904418945312
YLL045C,YBR115C,0,-1.8847886,0.10768894851207733,0.9801192879676819,0.8174905180931091
YHR002W,YIL133C,0,-1.8855151,0.10767718404531479,0.9801192879676819,0.8175905346870422
YOR292C,YOR180C,0,-1.8858148,0.10766542702913284,0.9801192879676819,0.8176906108856201
YPR024W,YLR268W,0,-1.8859751,0.1076536774635315,0.9801192879676819,0.817790687084198
YMR089C,YPR204W,0,-1.8862978,0.10764192044734955,0.9801192879676819,0.8178907632827759
YEL069C,YDL246C,0,-1.8870769,0.1076301708817482,0.9801192879676819,0.817990779876709
YGL050W,YER087W,0,-1.8871058,0.10761842131614685,0.9801192879676819,0.8180908560752869
YIL006W,YPL163C,0,-1.8875117,0.1076066792011261,0.9801192879676819,0.8181909322738647
YDL197C,YNL052W,0,-1.8877679,0.10759493708610535,0.9801192879676819,0.8182909488677979
YEL052W,YGL216W,0,-1.8880069,0.1075831949710846,0.9801192879676819,0.8183910250663757
YNR031C,YLR380W,0,-1.8882381,0.10757146030664444,0.9801192879676819,0.8184911012649536
YOR159C,YGR155W,0,-1.888341,0.10755972564220428,0.9801192879676819,0.8185911774635315
YFR031C,YGL203C,0,-1.8884877,0.10754799097776413,0.9801192879676819,0.8186911940574646
YDR137W,YAR027W,0,-1.8886126,0.10753626376390457,0.9801192879676819,0.8187912702560425
YML058W-A,YJL030W,0,-1.8888932,0.10752453655004501,0.9801192879676819,0.8188913464546204
YEL012W,YOL043C,0,-1.8894311,0.10751280933618546,0.9801192879676819,0.8189914226531982
YDR411C,YGL019W,0,-1.889836,0.1075010895729065,0.9801192879676819,0.8190914392471313
YPL094C,YDL055C,0,-1.8901304,0.10748936980962753,0.9801192879676819,0.8191915154457092
YGL083W,YMR173W,0,-1.8901943,0.10747765749692917,0.9801192879676819,0.8192915916442871
YMR087W,YGL172W,1,-1.8903543,0.1075749322772026,0.9811133146286011,0.8192915916442871
YMR008C,YOR089C,0,-1.8907933,0.10756320506334305,0.9811133146286011,0.8193916082382202
YDR233C,YNR013C,0,-1.8908647,0.10755148530006409,0.9811133146286011,0.8194916844367981
YHR002W,YIL080W,0,-1.8911732,0.10753976553678513,0.9811133146286011,0.819591760635376
YOL102C,YOR020C,0,-1.892059,0.10752805322408676,0.9811133146286011,0.8196918368339539
YJL114W,YMR218C,0,-1.8927854,0.1075163409113884,0.9811133146286011,0.819791853427887
YOR243C,YOR099W,0,-1.8931314,0.10750462859869003,0.9811133146286011,0.8198919296264648
YNR035C,YML039W,0,-1.8937485,0.10749292373657227,0.9811133146286011,0.8199920058250427
YDL061C,YDR072C,0,-1.8938295,0.1074812188744545,0.9811133146286011,0.8200920820236206
YPR167C,YGL200C,0,-1.8939735,0.10746951401233673,0.9811133146286011,0.8201920986175537
YLR314C,YIL095W,0,-1.8940902,0.10745780915021896,0.9811133146286011,0.8202921748161316
YOL028C,YNL208W,0,-1.8942605,0.1074461117386818,0.9811133146286011,0.8203922510147095
YFR029W,YLR203C,0,-1.894629,0.10743442177772522,0.9811133146286011,0.8204922676086426
YPL223C,YKL038W,0,-1.8951472,0.10742272436618805,0.9811133146286011,0.8205923438072205
YLR105C,YNL281W,0,-1.8960805,0.10741103440523148,0.9811133146286011,0.8206924200057983
YNL274C,YMR143W,0,-1.8961955,0.1073993444442749,0.9811133146286011,0.8207924962043762
YGR032W,YJR031C,0,-1.8970828,0.10738766193389893,0.9811133146286011,0.8208925127983093
YKL013C,YLR309C,0,-1.8975465,0.10737597942352295,0.9811133146286011,0.8209925889968872
YMR077C,YER190W,0,-1.897667,0.10736429691314697,0.9811133146286011,0.8210926651954651
YGL200C,YLR325C,0,-1.898091,0.10735262185335159,0.9811133146286011,0.821192741394043
YGL083W,YGR179C,0,-1.8983456,0.10734094679355621,0.9811133146286011,0.8212927579879761
YCL025C,YLL027W,0,-1.8989615,0.10732927173376083,0.9811133146286011,0.821392834186554
YGL256W,YIR005W,0,-1.8990923,0.10731760412454605,0.9811133146286011,0.8214929103851318
YDL084W,YLR348C,0,-1.8995196,0.10730593651533127,0.9811133146286011,0.8215929269790649
YJL144W,YNL016W,0,-1.8997773,0.10729426890611649,0.9811133146286011,0.8216930031776428
YDR067C,YDL245C,0,-1.899828,0.1072826087474823,0.9811133146286011,0.8217930793762207
YDL054C,YMR099C,0,-1.8999037,0.10727094858884811,0.9811133146286011,0.8218931555747986
YLR219W,YOR351C,0,-1.9000742,0.10725928843021393,0.9811133146286011,0.8219931721687317
YOR098C,YER104W,0,-1.9008077,0.10724763572216034,0.9811133146286011,0.8220932483673096
YBL011W,YOR089C,0,-1.9010326,0.10723598301410675,0.9811133146286011,0.8221933245658875
YDR476C,YNL290W,0,-1.9019728,0.10722433775663376,0.9811133146286011,0.8222934007644653
YNL127W,YDR285W,0,-1.9028584,0.10721268504858017,0.9811133146286011,0.8223934173583984
YLR043C,YMR032W,0,-1.9031029,0.10720103979110718,0.9811133146286011,0.8224934935569763
YDL217C,YFL033C,0,-1.9031098,0.10718940198421478,0.9811133146286011,0.8225935697555542
YGR070W,YAL031C,0,-1.9041727,0.10717776417732239,0.9811133146286011,0.8226936459541321
YLL045C,YJR036C,0,-1.9046446,0.10716612637042999,0.9811133146286011,0.8227936625480652
YJR021C,YGL226C-A,0,-1.9047147,0.1071544885635376,0.9811133146286011,0.8228937387466431
YPR113W,YOL026C,0,-1.90548,0.1071428582072258,0.9811133146286011,0.822993814945221
YNR006W,YIL080W,0,-1.9069306,0.107131227850914,0.9811133146286011,0.823093831539154
YDR082W,YLR203C,0,-1.9073594,0.1071195974946022,0.9811133146286011,0.8231939077377319
YKL020C,YFR019W,0,-1.9078336,0.107107974588871,0.9811133146286011,0.8232939839363098
YML051W,YBR196C,0,-1.9081107,0.1070963516831398,0.9811133146286011,0.8233940601348877
YOR287C,YDR461W,0,-1.9083427,0.1070847362279892,0.9811133146286011,0.8234940767288208
YLR447C,YEL040W,0,-1.908407,0.10707312077283859,0.9811133146286011,0.8235941529273987
YDR512C,YBL112C,0,-1.908722,0.10706150531768799,0.9811133146286011,0.8236942291259766
YKL217W,YIL046W,0,-1.9097096,0.10704988986253738,0.9811133146286011,0.8237943053245544
YDR512C,YER022W,0,-1.9108838,0.10703828185796738,0.9811133146286011,0.8238943219184875
YLR314C,YDL140C,0,-1.9116666,0.10702667385339737,0.9811133146286011,0.8239943981170654
YNL238W,YMR099C,0,-1.9121748,0.10701507329940796,0.9811133146286011,0.8240944743156433
YGL203C,YOR230W,0,-1.9122546,0.10700347274541855,0.9811133146286011,0.8241944909095764
YLR452C,YGR169C,0,-1.9125752,0.10699187219142914,0.9811133146286011,0.8242945671081543
YKL170W,YLR389C,0,-1.913411,0.10698027163743973,0.9811133146286011,0.8243946433067322
YNL131W,YNL297C,0,-1.9136289,0.10696867853403091,0.9811133146286011,0.8244947195053101
YAL022C,YDL045C,0,-1.914625,0.1069570854306221,0.9811133146286011,0.8245947360992432
YJR004C,YOR377W,0,-1.9153827,0.10694549977779388,0.9811133146286011,0.824694812297821
YHR056C,YFL066C,0,-1.9159153,0.10693391412496567,0.9811133146286011,0.8247948884963989
YIL094C,YMR229C,0,-1.9167613,0.10692232847213745,0.9811133146286011,0.8248949646949768
YLR113W,YIL076W,0,-1.9180869,0.10691074281930923,0.9811133146286011,0.8249949812889099
YOL129W,YPR111W,0,-1.9182878,0.10689916461706161,0.9811133146286011,0.8250950574874878
YJL141C,YER046W,0,-1.9191468,0.106887586414814,0.9811133146286011,0.8251951336860657
YGR258C,YNL304W,0,-1.9200702,0.10687601566314697,0.9811133146286011,0.8252951502799988
YDL084W,YOR292C,0,-1.9200748,0.10686444491147995,0.9811133146286011,0.8253952264785767
YMR203W,YKR002W,0,-1.920534,0.10685287415981293,0.9811133146286011,0.8254953026771545
YIL135C,YFL013C,0,-1.9216409,0.1068413108587265,0.9811133146286011,0.8255953788757324
YER017C,YPL065W,0,-1.9220966,0.10682974010705948,0.9811133146286011,0.8256953954696655
YDL036C,YLR151C,0,-1.9231473,0.10681818425655365,0.9811133146286011,0.8257954716682434
YDR079W,YHR059W,0,-1.9232787,0.10680662095546722,0.9811133146286011,0.8258955478668213
YPR083W,YMR193W,0,-1.9232793,0.1067950651049614,0.9811133146286011,0.8259956240653992
YDR026C,YGR144W,0,-1.9234464,0.10678350925445557,0.9811133146286011,0.8260956406593323
YPL213W,YMR193W,0,-1.9240204,0.10677196085453033,0.9811133146286011,0.8261957168579102
YGL180W,YIL159W,0,-1.9248837,0.1067604124546051,0.9811133146286011,0.826295793056488
YNL085W,YLR028C,0,-1.9253687,0.10674886405467987,0.9811133146286011,0.8263958096504211
YLR020C,YGL060W,0,-1.9255403,0.10673732310533524,0.9811133146286011,0.826495885848999
YJL140W,YPL196W,0,-1.9255881,0.1067257821559906,0.9811133146286011,0.8265959620475769
YBR202W,YGR281W,0,-1.9271936,0.10671424120664597,0.9811133146286011,0.8266960382461548
YIL061C,YDR423C,0,-1.9281528,0.10670270025730133,0.9811133146286011,0.8267960548400879
YLR033W,YMR160W,0,-1.9281784,0.10669116675853729,0.9811133146286011,0.8268961310386658
YJR006W,YJL079C,0,-1.9283379,0.10667963325977325,0.9811133146286011,0.8269962072372437
YAR027W,YBL052C,0,-1.9286559,0.10666810721158981,0.9811133146286011,0.8270962834358215
YEL070W,YOR349W,0,-1.9289764,0.10665658116340637,0.9811133146286011,0.8271963000297546
YOR212W,YKL053C-A,0,-1.9296238,0.10664505511522293,0.9811133146286011,0.8272963762283325
YBR274W,YNL070W,0,-1.9296297,0.10663353651762009,0.9811133146286011,0.8273964524269104
YGR171C,YLR359W,0,-1.9298359,0.10662201792001724,0.9811133146286011,0.8274964690208435
YLL051C,YDL245C,0,-1.9303011,0.1066104993224144,0.9811133146286011,0.8275965452194214
YER014C-A,YGR177C,0,-1.9313985,0.10659898817539215,0.9811133146286011,0.8276966214179993
YGL186C,YOL028C,0,-1.9316204,0.1065874695777893,0.9811133146286011,0.8277966976165771
YNR006W,YKL186C,0,-1.9317034,0.10657596588134766,0.9811133146286011,0.8278967142105103
YGL170C,YLR213C,0,-1.9318789,0.10656445473432541,0.9811133146286011,0.8279967904090881
YLL004W,YBL098W,0,-1.9323317,0.10655295103788376,0.9811133146286011,0.828096866607666
YKR028W,YOR085W,0,-1.9329623,0.10654144734144211,0.9811133146286011,0.8281969428062439
YDR296W,YBR115C,0,-1.9330007,0.10652995109558105,0.9811133146286011,0.828296959400177
YHR029C,YDR079W,0,-1.9340452,0.10651845484972,0.9811133146286011,0.8283970355987549
YPR002W,YER145C,0,-1.9351943,0.10650695860385895,0.9811133146286011,0.8284971117973328
YOR209C,YBL079W,0,-1.9353917,0.10649546980857849,0.9811133146286011,0.8285971879959106
YBR042C,YBR173C,0,-1.9357107,0.10648398101329803,0.9811133146286011,0.8286972045898438
YKL190W,YOR317W,0,-1.9361181,0.10647249221801758,0.9811133146286011,0.8287972807884216
YOR283W,YKL038W,0,-1.9363337,0.10646101087331772,0.9811133146286011,0.8288973569869995
YNL267W,YPL065W,0,-1.9378124,0.10644952207803726,0.9811133146286011,0.8289973735809326
YMR038C,YLR348C,0,-1.9381044,0.106438048183918,0.9811133146286011,0.8290974497795105
YJR028W,YIR018W,0,-1.938202,0.10642656683921814,0.9811133146286011,0.8291975259780884
YIL002C,YKL064W,0,-1.9389545,0.10641509294509888,0.9811133146286011,0.8292976021766663
YNL160W,YPL200W,0,-1.9396557,0.10640361905097961,0.9811133146286011,0.8293976187705994
YBR129C,YPR091C,0,-1.9397115,0.10639215260744095,0.9811133146286011,0.8294976949691772
YGL180W,YBL089W,0,-1.9404451,0.10638068616390228,0.9811133146286011,0.8295977711677551
YGR252W,YLR264W,0,-1.9405047,0.10636921972036362,0.9811133146286011,0.829697847366333
YOL136C,YMR099C,0,-1.9413438,0.10635776072740555,0.9811133146286011,0.8297978639602661
YBR118W,YPR137W,0,-1.9416949,0.10634630173444748,0.9811133146286011,0.829897940158844
YKR019C,YIR018W,0,-1.9430351,0.10633484274148941,0.9811133146286011,0.8299980163574219
YKL110C,YPR047W,1,-1.9432999,0.10643111169338226,0.9821073412895203,0.8299980163574219
YKL022C,YOR162C,0,-1.9440348,0.1064196452498436,0.9821073412895203,0.830098032951355
YPR196W,YFL057C,0,-1.9442968,0.10640818625688553,0.9821073412895203,0.8301981091499329
YHR004C,YJL081C,0,-1.9445504,0.10639672726392746,0.9821073412895203,0.8302981853485107
YBR052C,YOL136C,0,-1.9456068,0.10638526827096939,0.9821073412895203,0.8303982615470886
YLR025W,YER074W,0,-1.9458092,0.10637381672859192,0.9821073412895203,0.8304982781410217
YBR177C,YCL024W,0,-1.946092,0.10636236518621445,0.9821073412895203,0.8305983543395996
YKL038W,YDL097C,0,-1.9465634,0.10635091364383698,0.9821073412895203,0.8306984305381775
YGR169C,YBL079W,0,-1.9470098,0.1063394695520401,0.9821073412895203,0.8307985067367554
YJL030W,YNL309W,0,-1.9471046,0.10632802546024323,0.9821073412895203,0.8308985233306885
YPR137W,YNR004W,0,-1.9479218,0.10631658136844635,0.9821073412895203,0.8309985995292664
YDR151C,YGL259W,0,-1.9481634,0.10630514472723007,0.9821073412895203,0.8310986757278442
YIL002C,YOL165C,0,-1.9489548,0.1062937080860138,0.9821073412895203,0.8311986923217773
YCL043C,YER115C,0,-1.9490725,0.10628227144479752,0.9821073412895203,0.8312987685203552
YDL197C,YLR344W,0,-1.9491446,0.10627084225416183,0.9821073412895203,0.8313988447189331
YPR024W,YDR364C,0,-1.9493003,0.10625941306352615,0.9821073412895203,0.831498920917511
YOR126C,YOR382W,0,-1.9500605,0.10624798387289047,0.9821073412895203,0.8315989375114441
YGR258C,YIL047C,0,-1.9506861,0.10623656213283539,0.9821073412895203,0.831699013710022
YOR126C,YNL208W,0,-1.9507388,0.1062251403927803,0.9821073412895203,0.8317990899085999
YBR223C,YKR068C,0,-1.9515773,0.10621371865272522,0.9821073412895203,0.8318991661071777
YOR237W,YMR239C,0,-1.9517729,0.10620229691267014,0.9821073412895203,0.8319991827011108
YOR275C,YPL244C,0,-1.9523281,0.10619088262319565,0.9821073412895203,0.8320992588996887
YPR091C,YGL103W,0,-1.9540468,0.10617947578430176,0.9821073412895203,0.8321993350982666
YKL053C-A,YDR140W,0,-1.954607,0.10616806149482727,0.9821073412895203,0.8322993516921997
YPL147W,YAL040C,0,-1.9546112,0.10615665465593338,0.9821073412895203,0.8323994278907776
YPL218W,YKR006C,0,-1.9546607,0.10614524781703949,0.9821073412895203,0.8324995040893555
YLL002W,YOL107W,0,-1.9547879,0.1061338484287262,0.9821073412895203,0.8325995802879333
YFL038C,YLR389C,0,-1.9555851,0.1061224490404129,0.9821073412895203,0.8326995968818665
YHR082C,YAR031W,0,-1.9558258,0.10611104965209961,0.9821073412895203,0.8327996730804443
YOR054C,YPL099C,0,-1.9561943,0.10609965771436691,0.9821073412895203,0.8328997492790222
YPR024W,YIL108W,0,-1.9567846,0.10608826577663422,0.9821073412895203,0.8329998254776001
YDL107W,YAR035W,0,-1.9575064,0.10607687383890152,0.9821073412895203,0.8330998420715332
YOR106W,YNL274C,0,-1.9580519,0.10606548935174942,0.9821073412895203,0.8331999182701111
YMR025W,YJL128C,0,-1.9581058,0.10605409741401672,0.9821073412895203,0.833299994468689
YPR113W,YLR197W,0,-1.9584626,0.10604272037744522,0.9821073412895203,0.8334000110626221
YLR113W,YAL029C,0,-1.9591923,0.10603133589029312,0.9821073412895203,0.8335000872612
YKL095W,YJL095W,0,-1.9593569,0.10601995885372162,0.9821073412895203,0.8336001634597778
YLL045C,YFL033C,0,-1.9596615,0.10600858181715012,0.9821073412895203,0.8337002396583557
YOR382W,YLR209C,0,-1.959761,0.10599721223115921,0.9821073412895203,0.8338002562522888
YIL080W,YGR179C,0,-1.9598839,0.1059858426451683,0.9821073412895203,0.8339003324508667
YNR074C,YOL112W,0,-1.9599642,0.1059744730591774,0.9821073412895203,0.8340004086494446
YOR283W,YGR027C,0,-1.9600316,0.10596310347318649,0.9821073412895203,0.8341004848480225
YEL043W,YBR145W,0,-1.9606165,0.10595174133777618,0.9821073412895203,0.8342005014419556
YEL041W,YDR470C,0,-1.9606267,0.10594037920236588,0.9821073412895203,0.8343005776405334
YDR079W,YDL061C,0,-1.9608663,0.10592902451753616,0.9821073412895203,0.8344006538391113
YLL051C,YFR019W,0,-1.9614451,0.10591766983270645,0.9821073412895203,0.8345007300376892
YDL055C,YDR140W,0,-1.9618582,0.10590631514787674,0.9821073412895203,0.8346007466316223
YLR157C,YNR060W,0,-1.96256,0.10589496046304703,0.9821073412895203,0.8347008228302002
YDR460W,YNR002C,0,-1.9626998,0.10588361322879791,0.9821073412895203,0.8348008990287781
YBR059C,YBL068W,0,-1.9630682,0.1058722659945488,0.9821073412895203,0.8349009156227112
YNL274C,YDR109C,0,-1.9639229,0.10586092621088028,0.9821073412895203,0.8350009918212891
YPL180W,YBR037C,0,-1.9642504,0.10584957897663116,0.9821073412895203,0.8351010680198669
YHR002W,YBR006W,0,-1.9643621,0.10583824664354324,0.9821073412895203,0.8352011442184448
YGR036C,YHR057C,0,-1.9645008,0.10582690685987473,0.9821073412895203,0.8353011608123779
YPL082C,YMR159C,0,-1.9649348,0.1058155745267868,0.9821073412895203,0.8354012370109558
YOL155C,YER130C,0,-1.965602,0.10580424219369888,0.9821073412895203,0.8355013132095337
YOR176W,YPL042C,0,-1.9660676,0.10579290986061096,0.9821073412895203,0.8356013894081116
YGR177C,YHL034C,0,-1.9662062,0.10578158497810364,0.9821073412895203,0.8357014060020447
YKL165C,YNL208W,0,-1.9666202,0.10577026009559631,0.9821073412895203,0.8358014822006226
YNL079C,YCL034W,0,-1.9667807,0.10575893521308899,0.9821073412895203,0.8359015583992004
YLR043C,YGL148W,0,-1.9671223,0.10574761778116226,0.9821073412895203,0.8360015749931335
YBR118W,YLR429W,0,-1.9672402,0.10573630034923553,0.9821073412895203,0.8361016511917114
YKL119C,YBR281C,0,-1.9674686,0.10572498291730881,0.9821073412895203,0.8362017273902893
YGR020C,YBR074W,0,-1.9675697,0.10571367293596268,0.9821073412895203,0.8363018035888672
YOR159C,YJL066C,0,-1.9679226,0.10570236295461655,0.9821073412895203,0.8364018201828003
YNL238W,YGR155W,0,-1.9680376,0.10569106042385101,0.9821073412895203,0.8365018963813782
YPL096W,YBR072W,0,-1.9680389,0.10567975044250488,0.9821073412895203,0.836601972579956
YDR530C,YDR410C,0,-1.9680947,0.10566844791173935,0.9821073412895203,0.8367020487785339
YCR030C,YFL066C,0,-1.9689888,0.10565714538097382,0.9821073412895203,0.836802065372467
YPR167C,YBR281C,0,-1.9691585,0.10564585030078888,0.9821073412895203,0.8369021415710449
YIR038C,YPL183W-A,0,-1.9701989,0.10563455522060394,0.9821073412895203,0.8370022177696228
YJL225C,YOL026C,0,-1.9706495,0.105623260140419,0.9821073412895203,0.8371022343635559
YJL166W,YNL219C,0,-1.9706964,0.10561197251081467,0.9821073412895203,0.8372023105621338
YBL091C-A,YML080W,0,-1.97111,0.10560068488121033,0.9821073412895203,0.8373023867607117
YDL245C,YML099C,0,-1.9717966,0.10558939725160599,0.9821073412895203,0.8374024629592896
YEL052W,YKL203C,0,-1.9725678,0.10557811707258224,0.9821073412895203,0.8375024795532227
YLR452C,YER098W,0,-1.9731611,0.1055668368935585,0.9821073412895203,0.8376025557518005
YKR002W,YOL062C,0,-1.97401,0.10555555671453476,0.9821073412895203,0.8377026319503784
YNR031C,YJL140W,0,-1.9742907,0.10554427653551102,0.9821073412895203,0.8378027081489563
YPR189W,YFR013W,0,-1.9755361,0.10553300380706787,0.9821073412895203,0.8379027247428894
YDR167W,YLR206W,0,-1.9766778,0.10552173107862473,0.9821073412895203,0.8380028009414673
YOL028C,YDR461W,0,-1.9768296,0.10551046580076218,0.9821073412895203,0.8381028771400452
YER008C,YDR306C,0,-1.9770435,0.10549920052289963,0.9821073412895203,0.8382028937339783
YBR125C,YKR068C,0,-1.9771918,0.10548793524503708,0.9821073412895203,0.8383029699325562
YGL186C,YDR405W,0,-1.9774967,0.10547666996717453,0.9821073412895203,0.838403046131134
YGL200C,YOL040C,0,-1.977703,0.10546541213989258,0.9821073412895203,0.8385031223297119
YNL297C,YLR300W,0,-1.977727,0.10545415431261063,0.9821073412895203,0.838603138923645
YJR151C,YMR176W,0,-1.978658,0.10544290393590927,0.9821073412895203,0.8387032151222229
YPR167C,YDR454C,0,-1.9787084,0.10543165355920792,0.9821073412895203,0.8388032913208008
YOL070C,YKR020W,0,-1.9800744,0.10542040318250656,0.9821073412895203,0.8389033675193787
YNR074C,YNL078W,0,-1.9808401,0.1054091528058052,0.9821073412895203,0.8390033841133118
YMR321C,YJL124C,0,-1.9813472,0.10539790987968445,0.9821073412895203,0.8391034603118896
YIL048W,YLR348C,0,-1.9815407,0.10538666695356369,0.9821073412895203,0.8392035365104675
YIL170W,YLR187W,0,-1.9820772,0.10537542402744293,0.9821073412895203,0.8393035531044006
YGL203C,YGR214W,0,-1.9821333,0.10536418855190277,0.9821073412895203,0.8394036293029785
YIL143C,YDR353W,0,-1.9834667,0.10535295307636261,0.9821073412895203,0.8395037055015564
YHR156C,YOR230W,0,-1.9852227,0.10534171760082245,0.9821073412895203,0.8396037817001343
YPL112C,YDR470C,0,-1.9854584,0.10533048957586288,0.9821073412895203,0.8397037982940674
YHR030C,YNL298W,0,-1.9861473,0.10531926155090332,0.9821073412895203,0.8398038744926453
YMR227C,YHR174W,0,-1.9862403,0.10530803352594376,0.9821073412895203,0.8399039506912231
YPL223C,YBL034C,0,-1.9868594,0.10529681295156479,0.9821073412895203,0.840004026889801
YCR030C,YGR072W,0,-1.9870828,0.10528559237718582,0.9821073412895203,0.8401040434837341
YER098W,YPR030W,0,-1.9874624,0.10527437180280685,0.9821073412895203,0.840204119682312
YCL008C,YBR128C,0,-1.9876732,0.10526315867900848,0.9821073412895203,0.8403041958808899
YNL202W,YNR060W,0,-1.9879214,0.10525194555521011,0.9821073412895203,0.8404042720794678
YPR189W,YNL309W,0,-1.9881496,0.10524073243141174,0.9821073412895203,0.8405042886734009
YOL057W,YLL045C,0,-1.988187,0.10522952675819397,0.9821073412895203,0.8406043648719788
YJR040W,YNL208W,0,-1.9897405,0.1052183136343956,0.9821073412895203,0.8407044410705566
YER098W,YDR508C,0,-1.990434,0.10520711541175842,0.9821073412895203,0.8408044576644897
YOR187W,YCL057W,0,-1.9904386,0.10519590973854065,0.9821073412895203,0.8409045338630676
YLR105C,YJL005W,0,-1.9911262,0.10518471151590347,0.9821073412895203,0.8410046100616455
YMR039C,YHR041C,0,-1.9918085,0.1051735132932663,0.9821073412895203,0.8411046862602234
YFL014W,YKR102W,0,-1.991956,0.10516232252120972,0.9821073412895203,0.8412047028541565
YGL200C,YBR187W,0,-1.992201,0.10515113174915314,0.9821073412895203,0.8413047790527344
YGR052W,YLR394W,0,-1.9922518,0.10513994097709656,0.9821073412895203,0.8414048552513123
YKL074C,YBR145W,0,-1.9924204,0.10512875020503998,0.9821073412895203,0.8415049314498901
YKL161C,YNR067C,0,-1.9925705,0.105117566883564,0.9821073412895203,0.8416049480438232
YNL273W,YMR238W,0,-1.9926327,0.10510638356208801,0.9821073412895203,0.8417050242424011
YOR279C,YOR351C,0,-1.9926968,0.10509520024061203,0.9821073412895203,0.841805100440979
YPL273W,YPR159W,0,-1.9930546,0.10508402436971664,0.9821073412895203,0.8419051170349121
YIL128W,YMR046C,0,-1.9932933,0.10507284849882126,0.9821073412895203,0.84200519323349
YNL127W,YEL037C,0,-1.9935335,0.10506167262792587,0.9821073412895203,0.8421052694320679
YGR052W,YDL202W,0,-1.9939935,0.10505050420761108,0.9821073412895203,0.8422053456306458
YMR008C,YBL076C,0,-1.9942036,0.1050393357872963,0.9821073412895203,0.8423053622245789
YJR004C,YPL113C,0,-1.9942747,0.1050281673669815,0.9821073412895203,0.8424054384231567
YDR472W,YOR313C,0,-1.9949788,0.10501700639724731,0.9821073412895203,0.8425055146217346
YKR066C,YDL040C,0,-1.9956882,0.10500584542751312,0.9821073412895203,0.8426055908203125
YML058W-A,YJL071W,0,-1.9962138,0.10499468445777893,0.9821073412895203,0.8427056074142456
YKL020C,YDR494W,0,-1.9965171,0.10498353093862534,0.9821073412895203,0.8428056836128235
YJL172W,YMR301C,0,-1.9975535,0.10497237741947174,0.9821073412895203,0.8429057598114014
YMR020W,YNR004W,0,-1.9975808,0.10496122390031815,0.9821073412895203,0.8430057764053345
YOL057W,YML056C,0,-1.997802,0.10495007783174515,0.9821073412895203,0.8431058526039124
YGR282C,YOL101C,0,-1.9980592,0.10493892431259155,0.9821073412895203,0.8432059288024902
YFR021W,YGL220W,0,-1.9983169,0.10492778569459915,0.9821073412895203,0.8433060050010681
YNL010W,YPR091C,0,-1.9983643,0.10491663962602615,0.9821073412895203,0.8434060215950012
YFR045W,YOL155C,0,-1.9984456,0.10490550100803375,0.9821073412895203,0.8435060977935791
YLR206W,YBR093C,0,-1.9989152,0.10489436239004135,0.9821073412895203,0.843606173992157
YKR103W,YDR453C,0,-1.9990216,0.10488322377204895,0.9821073412895203,0.8437062501907349
YKL020C,YLL055W,0,-1.9997312,0.10487209260463715,0.9821073412895203,0.843806266784668
YGR282C,YGL004C,0,-1.9999863,0.10486096143722534,0.9821073412895203,0.8439063429832458
YEL052W,YNL032W,0,-2.000228,0.10484983772039413,0.9821073412895203,0.8440064191818237
YPR137W,YNL239W,0,-2.0007093,0.10483870655298233,0.9821073412895203,0.8441064357757568
YDR460W,YLR203C,0,-2.0009866,0.10482758283615112,0.9821073412895203,0.8442065119743347
YPL131W,YPL139C,0,-2.0012004,0.10481646656990051,0.9821073412895203,0.8443065881729126
YPR026W,YLR353W,0,-2.0012715,0.1048053428530693,0.9821073412895203,0.8444066643714905
YEL031W,YPR006C,0,-2.0034578,0.1047942265868187,0.9821073412895203,0.8445066809654236
YGR175C,YGL225W,0,-2.0035822,0.10478311777114868,0.9821073412895203,0.8446067571640015
YGR225W,YDR332W,0,-2.0046847,0.10477200150489807,0.9821073412895203,0.8447068333625793
YPR191W,YOR338W,0,-2.0049856,0.10476089268922806,0.9821073412895203,0.8448069095611572
YER008C,YLL055W,0,-2.005224,0.10474979132413864,0.9821073412895203,0.8449069261550903
YCL014W,YDR207C,0,-2.0057218,0.10473868250846863,0.9821073412895203,0.8450070023536682
YFL014W,YFL017W-A,0,-2.0059726,0.10472758114337921,0.9821073412895203,0.8451070785522461
YJR040W,YNL259C,0,-2.0067112,0.1047164797782898,0.9821073412895203,0.8452070951461792
YLR270W,YHL027W,0,-2.007,0.10470538586378098,0.9821073412895203,0.8453071713447571
YKL103C,YNL239W,0,-2.00804,0.10469429194927216,0.9821073412895203,0.845407247543335
YNL073W,YNL122C,0,-2.0082023,0.10468319803476334,0.9821073412895203,0.8455073237419128
YER055C,YBL011W,0,-2.0083551,0.10467210412025452,0.9821073412895203,0.845607340335846
YDR451C,YGL203C,0,-2.0087128,0.1046610176563263,0.9821073412895203,0.8457074165344238
YBR282W,YMR145C,0,-2.0089285,0.10464993119239807,0.9821073412895203,0.8458074927330017
YDL215C,YGL233W,0,-2.0096693,0.10463884472846985,0.9821073412895203,0.8459075689315796
YBR202W,YOR020C,0,-2.009923,0.10462776571512222,0.9821073412895203,0.8460075855255127
YBR120C,YKL061W,0,-2.0103297,0.1046166867017746,0.9821073412895203,0.8461076617240906
YER050C,YPR200C,0,-2.0105863,0.10460561513900757,0.9821073412895203,0.8462077379226685
YML051W,YOR382W,0,-2.0107749,0.10459453612565994,0.9821073412895203,0.8463078141212463
YGL172W,YER098W,0,-2.0110269,0.10458346456289291,0.9821073412895203,0.8464078307151794
YNL008C,YOR126C,0,-2.0123765,0.10457239300012589,0.9821073412895203,0.8465079069137573
YPR189W,YPL078C,0,-2.012385,0.10456132888793945,0.9821073412895203,0.8466079831123352
YLR447C,YLR244C,0,-2.012566,0.10455026477575302,0.9821073412895203,0.8467079997062683
YNL138W,YGR239C,0,-2.01367,0.10453920066356659,0.9821073412895203,0.8468080759048462
YGR252W,YLR047C,0,-2.0141084,0.10452814400196075,0.9821073412895203,0.8469081521034241
YDR131C,YNR010W,0,-2.0141878,0.10451708734035492,0.9821073412895203,0.847008228302002
YDR196C,YNL259C,0,-2.0152268,0.10450603067874908,0.9821073412895203,0.8471082448959351
YMR315W,YDR527W,0,-2.0160556,0.10449497401714325,0.9821073412895203,0.8472083210945129
YHR214C-B,YPL099C,0,-2.0165029,0.10448392480611801,0.9821073412895203,0.8473083972930908
YNL163C,YMR038C,0,-2.0165148,0.10447287559509277,0.9821073412895203,0.8474084734916687
YFL048C,YIL076W,0,-2.0172665,0.10446183383464813,0.9821073412895203,0.8475084900856018
YOL028C,YMR250W,0,-2.0175354,0.1044507846236229,0.9821073412895203,0.8476085662841797
YJR127C,YNR031C,0,-2.017808,0.10443974286317825,0.9821073412895203,0.8477086424827576
YBL076C,YCR002C,0,-2.0198479,0.10442870855331421,0.9821073412895203,0.8478086590766907
YNL127W,YCR002C,0,-2.0203152,0.10441767424345016,0.9821073412895203,0.8479087352752686
YPR113W,YMR019W,0,-2.0215683,0.10440663993358612,0.9821073412895203,0.8480088114738464
YOR292C,YLR348C,0,-2.0218332,0.10439560562372208,0.9821073412895203,0.8481088876724243
YOR237W,YJL117W,0,-2.022832,0.10438457131385803,0.9821073412895203,0.8482089042663574
YBR052C,YOR393W,0,-2.024465,0.10437354445457458,0.9821073412895203,0.8483089804649353
YDL215C,YDR159W,0,-2.0249305,0.10436252504587173,0.9821073412895203,0.8484090566635132
YOR147W,YFL066C,0,-2.0255468,0.10435149818658829,0.9821073412895203,0.8485091328620911
YPR189W,YPR024W,0,-2.025805,0.10434047877788544,0.9821073412895203,0.8486091494560242
YBR170C,YPL218W,0,-2.025939,0.10432945936918259,0.9821073412895203,0.848709225654602
YDL179W,YKL095W,0,-2.0260296,0.10431844741106033,0.9821073412895203,0.8488093018531799
YKR008W,YOR275C,0,-2.0264323,0.10430743545293808,0.9821073412895203,0.848909318447113
YGR020C,YPL087W,0,-2.0264623,0.10429642349481583,0.9821073412895203,0.8490093946456909
YJL060W,YLR050C,0,-2.0267148,0.10428541153669357,0.9821073412895203,0.8491094708442688
YMR315W,YBR282W,0,-2.0284595,0.10427440702915192,0.9821073412895203,0.8492095470428467
YMR284W,YGR179C,0,-2.0293052,0.10426340252161026,0.9821073412895203,0.8493095636367798
YJL225C,YFL057C,0,-2.0306761,0.1042523980140686,0.9821073412895203,0.8494096398353577
YDR296W,YFL001W,0,-2.0311341,0.10424140095710754,0.9821073412895203,0.8495097160339355
YKR103W,YHR079C,0,-2.0313458,0.10423040390014648,0.9821073412895203,0.8496097922325134
YNR074C,YBR173C,0,-2.031445,0.10421940684318542,0.9821073412895203,0.8497098088264465
YML099C,YLR270W,0,-2.0314827,0.10420841723680496,0.9821073412895203,0.8498098850250244
YIL135C,YOL028C,0,-2.0324402,0.1041974276304245,0.9821073412895203,0.8499099612236023
YKL041W,YKL168C,0,-2.032479,0.10418643802404404,0.9821073412895203,0.8500099778175354
YER125W,YKR079C,1,-2.0326555,0.10428089648485184,0.9831013679504395,0.8500099778175354
YPR111W,YLR429W,0,-2.0338109,0.10426989942789078,0.9831013679504395,0.8501100540161133
YNL121C,YKR028W,0,-2.0343175,0.10425890982151031,0.9831013679504395,0.8502101302146912
YHR179W,YFR001W,0,-2.0343893,0.10424792021512985,0.9831013679504395,0.850310206413269
YFR013W,YDR508C,0,-2.0345721,0.10423693060874939,0.9831013679504395,0.8504102230072021
YLR080W,YDL074C,0,-2.035204,0.10422594845294952,0.9831013679504395,0.85051029920578
YER162C,YJL079C,0,-2.0353222,0.10421496629714966,0.9831013679504395,0.8506103754043579
YKL103C,YLR330W,0,-2.0357044,0.10420398414134979,0.9831013679504395,0.8507104516029358
YJR101W,YDL097C,0,-2.03817,0.10419300198554993,0.9831013679504395,0.8508104681968689
YMR087W,YAL020C,1,-2.0382228,0.10428737103939056,0.9840954542160034,0.8508104681968689
YLR025W,YPR127W,0,-2.03828,0.1042763814330101,0.9840954542160034,0.8509105443954468
YJL005W,YDL074C,0,-2.038342,0.10426539927721024,0.9840954542160034,0.8510106205940247
YNL026W,YDL070W,0,-2.038456,0.10425442457199097,0.9840954542160034,0.8511106371879578
YIL108W,YGR155W,0,-2.0389018,0.1042434424161911,0.9840954542160034,0.8512107133865356
YBR183W,YOL038W,0,-2.0395133,0.10423246771097183,0.9840954542160034,0.8513107895851135
YDL055C,YDR369C,0,-2.039517,0.10422150045633316,0.9840954542160034,0.8514108657836914
YCR030C,YKL205W,0,-2.0404181,0.10421052575111389,0.9840954542160034,0.8515108823776245
YAL024C,YPL196W,0,-2.0411634,0.10419955849647522,0.9840954542160034,0.8516109585762024
YGL068W,YJR140C,0,-2.0416307,0.10418859124183655,0.9840954542160034,0.8517110347747803
YGR020C,YML030W,0,-2.0416539,0.10417763143777847,0.9840954542160034,0.8518111109733582
YAL038W,YOR162C,0,-2.042568,0.1041666641831398,0.9840954542160034,0.8519111275672913
YPL119C,YGL071W,0,-2.0436316,0.10415570437908173,0.9840954542160034,0.8520112037658691
YNL127W,YGL094C,0,-2.044024,0.10414475202560425,0.9840954542160034,0.852111279964447
YKL170W,YHR051W,0,-2.044224,0.10413379967212677,0.9840954542160034,0.8522113561630249
YPR200C,YHL027W,0,-2.0443275,0.10412284731864929,0.9840954542160034,0.852311372756958
YPR191W,YNL131W,0,-2.044896,0.10411189496517181,0.9840954542160034,0.8524114489555359
YOR230W,YBR257W,0,-2.0452926,0.10410095006227493,0.9840954542160034,0.8525115251541138
YJL214W,YGR070W,0,-2.047391,0.10408999770879745,0.9840954542160034,0.8526115417480469
YFL057C,YJL171C,0,-2.047582,0.10407906025648117,0.9840954542160034,0.8527116179466248
YDL227C,YMR250W,0,-2.0485804,0.10406811535358429,0.9840954542160034,0.8528116941452026
YLR404W,YNL302C,0,-2.0494616,0.104057177901268,0.9840954542160034,0.8529117703437805
YDR240C,YBL092W,0,-2.0503533,0.10404624044895172,0.9840954542160034,0.8530117869377136
YDR383C,YDR416W,0,-2.0504887,0.10403531044721603,0.9840954542160034,0.8531118631362915
YJR051W,YMR172W,0,-2.05059,0.10402438044548035,0.9840954542160034,0.8532119393348694
YLR395C,YKL020C,0,-2.0508616,0.10401345044374466,0.9840954542160034,0.8533120155334473
YGR255C,YBL034C,0,-2.0509248,0.10400252044200897,0.9840954542160034,0.8534120321273804
YDL198C,YKR069W,0,-2.0511453,0.10399159789085388,0.9840954542160034,0.8535121083259583
YIL080W,YPL027W,0,-2.051606,0.10398067533969879,0.9840954542160034,0.8536121845245361
YNL084C,YMR145C,0,-2.0528522,0.1039697527885437,0.9840954542160034,0.8537122011184692
YNL232W,YPL002C,0,-2.0533202,0.10395883768796921,0.9840954542160034,0.8538122773170471
YKL022C,YGL051W,0,-2.0543413,0.10394792258739471,0.9840954542160034,0.853912353515625
YDL055C,YOR123C,0,-2.0546355,0.10393700748682022,0.9840954542160034,0.8540124297142029
YPR189W,YCL014W,0,-2.0559094,0.10392609983682632,0.9840954542160034,0.854112446308136
YGL026C,YBR074W,0,-2.055926,0.10391518473625183,0.9840954542160034,0.8542125225067139
YDR090C,YOR187W,0,-2.05615,0.10390428453683853,0.9840954542160034,0.8543125987052917
YFR013W,YMR210W,0,-2.0570424,0.10389337688684464,0.9840954542160034,0.8544126749038696
YDL215C,YOL054W,0,-2.0572278,0.10388247668743134,0.9840954542160034,0.8545126914978027
YJL029C,YDR226W,0,-2.057558,0.10387157648801804,0.9840954542160034,0.8546127676963806
YOL082W,YDR281C,0,-2.0577571,0.10386067628860474,0.9840954542160034,0.8547128438949585
YBR294W,YLR329W,0,-2.058639,0.10384978353977203,0.9840954542160034,0.8548128604888916
YOR187W,YOL151W,0,-2.058775,0.10383889079093933,0.9840954542160034,0.8549129366874695
YPL147W,YLL017W,0,-2.0589025,0.10382800549268723,0.9840954542160034,0.8550130128860474
YKR071C,YDR423C,0,-2.0589485,0.10381711274385452,0.9840954542160034,0.8551130890846252
YOL111C,YJL128C,0,-2.059131,0.10380622744560242,0.9840954542160034,0.8552131056785583
YER087W,YDR138W,0,-2.0603664,0.10379534214735031,0.9840954542160034,0.8553131818771362
YGL026C,YKL015W,0,-2.0607774,0.1037844642996788,0.9840954542160034,0.8554132580757141
YMR182C,YPL065W,0,-2.0614672,0.1037735864520073,0.9840954542160034,0.855513334274292
YJL141C,YER090W,0,-2.0615506,0.10376270860433578,0.9840954542160034,0.8556133508682251
YPL213W,YOL111C,0,-2.0623155,0.10375183075666428,0.9840954542160034,0.855713427066803
YLR268W,YHR082C,0,-2.0625188,0.10374096035957336,0.9840954542160034,0.8558135032653809
YBL005W-B,YKL064W,0,-2.0625746,0.10373008996248245,0.9840954542160034,0.855913519859314
YNL274C,YHR051W,0,-2.0629938,0.10371922701597214,0.9840954542160034,0.8560135960578918
YGL068W,YNL208W,0,-2.0639126,0.10370835661888123,0.9840954542160034,0.8561136722564697
YHR004C,YCR046C,0,-2.063921,0.10369749367237091,0.9840954542160034,0.8562137484550476
YLR270W,YNR072W,0,-2.0640879,0.10368663817644119,0.9840954542160034,0.8563137650489807
YNL079C,YPL218W,0,-2.0641174,0.10367577522993088,0.9840954542160034,0.8564138412475586
YDR151C,YDL045C,0,-2.064713,0.10366491973400116,0.9840954542160034,0.8565139174461365
YPR162C,YGR020C,0,-2.0647476,0.10365406423807144,0.9840954542160034,0.8566139936447144
YKL013C,YIL140W,0,-2.0652685,0.10364321619272232,0.9840954542160034,0.8567140102386475
YER125W,YJL155C,0,-2.0653265,0.1036323681473732,0.9840954542160034,0.8568140864372253
YLR047C,YDR151C,0,-2.065597,0.10362152010202408,0.9840954542160034,0.8569141626358032
YKL190W,YOR243C,0,-2.067108,0.10361067205667496,0.9840954542160034,0.8570141792297363
YDL245C,YHL027W,0,-2.0708387,0.10359983146190643,0.9840954542160034,0.8571142554283142
YGL236C,YKL124W,0,-2.0708792,0.10358899086713791,0.9840954542160034,0.8572143316268921
YKL186C,YDL045C,0,-2.0712044,0.10357815772294998,0.9840954542160034,0.85731440782547
YNL127W,YFR019W,0,-2.0715108,0.10356731712818146,0.9840954542160034,0.8574144244194031
YLL055W,YGL233W,0,-2.0716894,0.10355648398399353,0.9840954542160034,0.857514500617981
YIR025W,YPL104W,0,-2.0719972,0.1035456508398056,0.9840954542160034,0.8576145768165588
YOR323C,YGR180C,0,-2.0722525,0.10353482514619827,0.9840954542160034,0.8577146530151367
YOR304W,YOR275C,0,-2.0722876,0.10352399945259094,0.9840954542160034,0.8578146696090698
YLL029W,YHR168W,0,-2.0723104,0.10351317375898361,0.9840954542160034,0.8579147458076477
YOR275C,YKL003C,0,-2.073768,0.10350235551595688,0.9840954542160034,0.8580148220062256
YKR066C,YDR337W,0,-2.074283,0.10349152982234955,0.9840954542160034,0.8581148982048035
YML032C,YIL042C,0,-2.0743935,0.10348071157932281,0.9840954542160034,0.8582149147987366
YOR237W,YIR018W,0,-2.0744576,0.10346990078687668,0.9840954542160034,0.8583149909973145
YIL108W,YNR006W,0,-2.0745606,0.10345908999443054,0.9840954542160034,0.8584150671958923
YJR051W,YPL113C,0,-2.074721,0.1034482792019844,0.9840954542160034,0.8585150837898254
YLR107W,YLR130C,0,-2.0751135,0.10343746840953827,0.9840954542160034,0.8586151599884033
YGL122C,YGR143W,0,-2.0752048,0.10342665761709213,0.9840954542160034,0.8587152361869812
YNR028W,YOR351C,0,-2.0752425,0.10341585427522659,0.9840954542160034,0.8588153123855591
YBR170C,YCR026C,0,-2.0760806,0.10340505838394165,0.9840954542160034,0.8589153289794922
YGR167W,YOR317W,0,-2.0761495,0.10339425504207611,0.9840954542160034,0.8590154051780701
YLR107W,YDR059C,0,-2.076229,0.10338345915079117,0.9840954542160034,0.859115481376648
YNL208W,YJL128C,0,-2.0762346,0.10337266325950623,0.9840954542160034,0.8592155575752258
YPL002C,YOR298W,0,-2.0782366,0.10336186736822128,0.9840954542160034,0.8593155741691589
YLR080W,YOR162C,0,-2.0783741,0.10335107892751694,0.9840954542160034,0.8594156503677368
YKL210W,YNL238W,0,-2.0789292,0.10334029048681259,0.9840954542160034,0.8595157265663147
YHR175W,YDL128W,0,-2.079122,0.10332950949668884,0.9840954542160034,0.8596157431602478
YMR033W,YKL067W,0,-2.0791378,0.1033187210559845,0.9840954542160034,0.8597158193588257
YLL045C,YFL054C,0,-2.0798938,0.10330794006586075,0.9840954542160034,0.8598158955574036
YIL088C,YOR304W,0,-2.080291,0.103297159075737,0.9840954542160034,0.8599159717559814
YPR026W,YKR028W,0,-2.0816596,0.10328638553619385,0.9840954542160034,0.8600159883499146
YDL215C,YPR159W,0,-2.0818505,0.1032756119966507,0.9840954542160034,0.8601160645484924
YBR052C,YCR052W,0,-2.0825846,0.10326483845710754,0.9840954542160034,0.8602161407470703
YGR113W,YDL039C,0,-2.0829117,0.10325406491756439,0.9840954542160034,0.8603162169456482
YMR123W,YLR050C,0,-2.0849133,0.10324329882860184,0.9840954542160034,0.8604162335395813
YPR167C,YDL208W,0,-2.085212,0.10323253273963928,0.9840954542160034,0.8605163097381592
YMR315W,YGL216W,0,-2.0854442,0.10322177410125732,0.9840954542160034,0.8606163859367371
YKL168C,YKL189W,0,-2.085764,0.10321100801229477,0.9840954542160034,0.8607164025306702
YCL043C,YER046W,0,-2.0878096,0.10320024937391281,0.9840954542160034,0.860816478729248
YJR107W,YKL124W,0,-2.087927,0.10318949073553085,0.9840954542160034,0.8609165549278259
YNL314W,YML058W-A,0,-2.0879562,0.10317873954772949,0.9840954542160034,0.8610166311264038
YGL083W,YDR059C,0,-2.088192,0.10316798835992813,0.9840954542160034,0.8611166477203369
YJR004C,YHR135C,0,-2.088393,0.10315723717212677,0.9840954542160034,0.8612167239189148
YNL304W,YDR281C,0,-2.0890753,0.10314648598432541,0.9840954542160034,0.8613168001174927
YLR305C,YJL082W,0,-2.0895052,0.10313574224710464,0.9840954542160034,0.8614168763160706
YLL051C,YNL027W,0,-2.0896723,0.10312499850988388,0.9840954542160034,0.8615168929100037
YKR057W,YLR113W,0,-2.0898666,0.10311426222324371,0.9840954542160034,0.8616169691085815
YHR074W,YLR394W,0,-2.090838,0.10310351848602295,0.9840954542160034,0.8617170453071594
YOL129W,YMR025W,0,-2.090981,0.10309278219938278,0.9840954542160034,0.8618170619010925
YPR204W,YER101C,0,-2.0911899,0.10308204591274261,0.9840954542160034,0.8619171380996704
YGL225W,YDR404C,0,-2.0915358,0.10307131707668304,0.9840954542160034,0.8620172142982483
YPL083C,YOR008C,0,-2.0915637,0.10306058824062347,0.9840954542160034,0.8621172904968262
YJL004C,YLR429W,0,-2.0917757,0.1030498594045639,0.9840954542160034,0.8622173070907593
YNL026W,YNL239W,0,-2.0917838,0.10303913056850433,0.9840954542160034,0.8623173832893372
YLR410W-A,YOR038C,0,-2.092178,0.10302840918302536,0.9840954542160034,0.862417459487915
YIL143C,YDR369C,0,-2.0921803,0.10301768779754639,0.9840954542160034,0.8625175356864929
YKL171W,YOR353C,0,-2.0929277,0.10300697386264801,0.9840954542160034,0.862617552280426
YKL067W,YLR130C,0,-2.093553,0.10299625247716904,0.9840954542160034,0.8627176284790039
YGL094C,YFL045C,0,-2.093634,0.10298553854227066,0.9840954542160034,0.8628177046775818
YKL174C,YKR002W,0,-2.0942318,0.10297483205795288,0.9840954542160034,0.8629177212715149
YLR270W,YLR213C,0,-2.0952694,0.1029641181230545,0.9840954542160034,0.8630177974700928
YBL041W,YBR276C,0,-2.096014,0.10295341163873672,0.9840954542160034,0.8631178736686707
YJL034W,YDR159W,0,-2.0961635,0.10294270515441895,0.9840954542160034,0.8632179498672485
YIR011C,YJL166W,0,-2.0963635,0.10293200612068176,0.9840954542160034,0.8633179664611816
YKR026C,YGL259W,0,-2.096398,0.10292129963636398,0.9840954542160034,0.8634180426597595
YER125W,YKL205W,1,-2.0967777,0.10301455110311508,0.9850894808769226,0.8634180426597595
YNL160W,YHR059W,0,-2.0976288,0.1030038446187973,0.9850894808769226,0.8635181188583374
YMR169C,YOR226C,0,-2.0995939,0.10299313813447952,0.9850894808769226,0.8636181950569153
YMR169C,YOR008C,0,-2.100168,0.10298243910074234,0.9850894808769226,0.8637182116508484
YFR045W,YBL026W,0,-2.1018014,0.10297174006700516,0.9850894808769226,0.8638182878494263
YLR206W,YJR032W,0,-2.102823,0.10296104103326797,0.9850894808769226,0.8639183640480042
YMR315W,YDL097C,0,-2.103203,0.10295034199953079,0.9850894808769226,0.864018440246582
YGR285C,YAL029C,0,-2.1035063,0.1029396504163742,0.9850894808769226,0.8641184568405151
YPL147W,YLR164W,0,-2.1038868,0.10292895883321762,0.9850894808769226,0.864218533039093
YOR301W,YDL216C,0,-2.1040986,0.10291826725006104,0.9850894808769226,0.8643186092376709
YGR271W,YLL040C,0,-2.104193,0.10290758311748505,0.9850894808769226,0.864418625831604
YJL005W,YBR080C,0,-2.1053703,0.10289689898490906,0.9850894808769226,0.8645187020301819
YDR082W,YPR196W,0,-2.106078,0.10288621485233307,0.9850894808769226,0.8646187782287598
YDL070W,YDL040C,0,-2.106331,0.10287553071975708,0.9850894808769226,0.8647188544273376
YGL183C,YHR082C,0,-2.1065037,0.10286485403776169,0.9850894808769226,0.8648188710212708
YBR177C,YPL167C,0,-2.1066988,0.1028541773557663,0.9850894808769226,0.8649189472198486
YIL140W,YBL092W,0,-2.106872,0.1028435006737709,0.9850894808769226,0.8650190234184265
YOR304C-A,YMR159C,0,-2.1069167,0.10283283144235611,0.9850894808769226,0.8651190996170044
YDR497C,YLR325C,0,-2.1086195,0.10282216221094131,0.9850894808769226,0.8652191162109375
YJL166W,YJL178C,0,-2.1095147,0.10281149297952652,0.9850894808769226,0.8653191924095154
YJR151C,YBL085W,0,-2.1096947,0.10280083119869232,0.9850894808769226,0.8654192686080933
YDR195W,YPR138C,0,-2.1109831,0.10279016941785812,0.9850894808769226,0.8655192852020264
YJR127C,YPL196W,0,-2.1109846,0.10277950763702393,0.9850894808769226,0.8656193614006042
YOR304W,YBR037C,0,-2.1112075,0.10276884585618973,0.9850894808769226,0.8657194375991821
YPL007C,YOR222W,0,-2.112435,0.10275819152593613,0.9850894808769226,0.86581951379776
YDL039C,YER052C,0,-2.1138208,0.10274753719568253,0.9850894808769226,0.8659195303916931
YNL026W,YPL129W,0,-2.1143367,0.10273688286542892,0.9850894808769226,0.866019606590271
YLR329W,YPR030W,0,-2.1144826,0.10272623598575592,0.9850894808769226,0.8661196827888489
YOR232W,YGL226C-A,0,-2.114697,0.10271558910608292,0.9850894808769226,0.8662197589874268
YPR204W,YAL063C,0,-2.115013,0.10270494222640991,0.9850894808769226,0.8663197755813599
YNR074C,YLR033W,0,-2.1168573,0.1026943027973175,0.9850894808769226,0.8664198517799377
YNR003C,YDR353W,0,-2.1174119,0.1026836633682251,0.9850894808769226,0.8665199279785156
YOL070C,YNL131W,0,-2.1179974,0.10267302393913269,0.9850894808769226,0.8666199445724487
YBR287W,YMR136W,0,-2.1180656,0.10266238451004028,0.9850894808769226,0.8667200207710266
YMR097C,YAL029C,0,-2.1180809,0.10265175253152847,0.9850894808769226,0.8668200969696045
YNL231C,YKR068C,0,-2.1191626,0.10264112055301666,0.9850894808769226,0.8669201731681824
YOL070C,YJR151C,0,-2.1197805,0.10263048857450485,0.9850894808769226,0.8670201897621155
YKR036C,YBR052C,0,-2.1203272,0.10261986404657364,0.9850894808769226,0.8671202659606934
YCL025C,YPR006C,0,-2.1214817,0.10260923951864243,0.9850894808769226,0.8672203421592712
YJR140C,YOR020C,0,-2.121603,0.10259861499071121,0.9850894808769226,0.8673204183578491
YCL024W,YML128C,0,-2.1224635,0.10258799046278,0.9850894808769226,0.8674204349517822
YEL036C,YMR173W,0,-2.1234012,0.10257737338542938,0.9850894808769226,0.8675205111503601
YEL012W,YPL083C,0,-2.1234019,0.10256675630807877,0.9850894808769226,0.867620587348938
YGR238C,YGR072W,0,-2.1236875,0.10255613923072815,0.9850894808769226,0.8677206039428711
YBR177C,YIR032C,0,-2.1243844,0.10254552960395813,0.9850894808769226,0.867820680141449
YER162C,YPL087W,0,-2.1269357,0.10253491997718811,0.9850894808769226,0.8679207563400269
YMR210W,YLR224W,0,-2.1271155,0.10252431035041809,0.9850894808769226,0.8680208325386047
YDR254W,YOL107W,0,-2.1272843,0.10251370817422867,0.9850894808769226,0.8681208491325378
YMR194W,YER130C,0,-2.127425,0.10250310599803925,0.9850894808769226,0.8682209253311157
YER151C,YER098W,0,-2.1274397,0.10249250382184982,0.9850894808769226,0.8683210015296936
YDR410C,YOL040C,0,-2.1279275,0.1024819016456604,0.9850894808769226,0.8684210777282715
YJR147W,YBR145W,0,-2.127931,0.10247130692005157,0.9850894808769226,0.8685210943222046
YPR001W,YOR142W,0,-2.1282408,0.10246071219444275,0.9850894808769226,0.8686211705207825
YNL267W,YAL039C,0,-2.128792,0.10245011746883392,0.9850894808769226,0.8687212467193604
YDL179W,YAL024C,0,-2.1304107,0.1024395301938057,0.9850894808769226,0.8688212633132935
YJL194W,YCL052C,0,-2.1317694,0.10242894291877747,0.9850894808769226,0.8689213395118713
YMR315W,YPR083W,0,-2.1323211,0.10241835564374924,0.9850894808769226,0.8690214157104492
YBL112C,YCL024W,0,-2.1329205,0.10240776836872101,0.9850894808769226,0.8691214919090271
YMR089C,YJR119C,0,-2.1339352,0.10239718854427338,0.9850894808769226,0.8692215085029602
YNL016W,YKL015W,0,-2.1355689,0.10238660871982574,0.9850894808769226,0.8693215847015381
YBR125C,YDR226W,0,-2.136402,0.10237603634595871,0.9850894808769226,0.869421660900116
YOL142W,YLR206W,0,-2.136855,0.10236545652151108,0.9850894808769226,0.8695217370986938
YKL217W,YDR332W,0,-2.1372094,0.10235488414764404,0.9850894808769226,0.869621753692627
YDR530C,YLR344W,0,-2.1374786,0.10234431177377701,0.9850894808769226,0.8697218298912048
YPL078C,YML109W,0,-2.1375482,0.10233374685049057,0.9850894808769226,0.8698219060897827
YDR457W,YGR070W,0,-2.1383407,0.10232318192720413,0.9850894808769226,0.8699219822883606
YOR038C,YDR461W,0,-2.1385548,0.1023126170039177,0.9850894808769226,0.8700219988822937
YEL041W,YDR222W,0,-2.1390955,0.10230205208063126,0.9850894808769226,0.8701220750808716
YKL103C,YPL098C,0,-2.1395419,0.10229149460792542,0.9850894808769226,0.8702221512794495
YDR144C,YML058W-A,0,-2.1396587,0.10228093713521957,0.9850894808769226,0.8703221678733826
YDL133C-A,YDR174W,0,-2.140588,0.10227037966251373,0.9850894808769226,0.8704222440719604
YLR107W,YPR160W,0,-2.1412475,0.10225982964038849,0.9850894808769226,0.8705223202705383
YNL236W,YMR159C,0,-2.1412818,0.10224927961826324,0.9850894808769226,0.8706223964691162
YIL108W,YLL055W,0,-2.1419775,0.102238729596138,0.9850894808769226,0.8707224130630493
YCL043C,YHR174W,0,-2.1420643,0.10222817957401276,0.9850894808769226,0.8708224892616272
YOR148C,YJL128C,0,-2.1427326,0.10221763700246811,0.9850894808769226,0.8709225654602051
YJL030W,YPR160W,0,-2.1429822,0.10220709443092346,0.9850894808769226,0.871022641658783
YJR127C,YHR119W,0,-2.1430357,0.10219655930995941,0.9850894808769226,0.8711226582527161
YKL103C,YJL149W,0,-2.1446629,0.10218601673841476,0.9850894808769226,0.871222734451294
YER098W,YIL094C,0,-2.14497,0.10217548161745071,0.9850894808769226,0.8713228106498718
YNL127W,YDL084W,0,-2.14528,0.10216494649648666,0.9850894808769226,0.8714228272438049
YNL273W,YIL140W,0,-2.1452873,0.10215441882610321,0.9850894808769226,0.8715229034423828
YNL314W,YGL190C,0,-2.1452928,0.10214389115571976,0.9850894808769226,0.8716229796409607
YLR165C,YPL274W,0,-2.1458776,0.1021333634853363,0.9850894808769226,0.8717230558395386
YKL168C,YJR140C,0,-2.146408,0.10212283581495285,0.9850894808769226,0.8718230724334717
YLR206W,YML097C,0,-2.1466005,0.10211231559515,0.9850894808769226,0.8719231486320496
YJR005W,YAR027W,0,-2.146888,0.10210179537534714,0.9850894808769226,0.8720232248306274
YER117W,YER168C,0,-2.1477249,0.10209127515554428,0.9850894808769226,0.8721233010292053
YER008C,YNL274C,0,-2.148444,0.10208075493574142,0.9850894808769226,0.8722233176231384
YPL078C,YMR160W,0,-2.1486347,0.10207024216651917,0.9850894808769226,0.8723233938217163
YDR064W,YIL042C,0,-2.1495206,0.1020597293972969,0.9850894808769226,0.8724234700202942
YJL005W,YOR025W,0,-2.1506834,0.10204922407865524,0.9850894808769226,0.8725234866142273
YNL223W,YKL130C,0,-2.150963,0.10203871130943298,0.9850894808769226,0.8726235628128052
YEL070W,YIR039C,0,-2.1509871,0.10202820599079132,0.9850894808769226,0.8727236390113831
YOL142W,YNR004W,0,-2.1533287,0.10201770812273026,0.9850894808769226,0.8728237152099609
YDR405W,YFL066C,0,-2.1534743,0.10200720280408859,0.9850894808769226,0.872923731803894
YKR008W,YGR238C,0,-2.153501,0.10199670493602753,0.9850894808769226,0.8730238080024719
YAL038W,YGR155W,0,-2.1541543,0.10198620706796646,0.9850894808769226,0.8731238842010498
YGR221C,YNL239W,0,-2.1548245,0.10197571665048599,0.9850894808769226,0.8732239603996277
YKL074C,YPL218W,0,-2.1551847,0.10196522623300552,0.9850894808769226,0.8733239769935608
YJR147W,YJL103C,0,-2.155461,0.10195473581552505,0.9850894808769226,0.8734240531921387
YDR415C,YJL176C,0,-2.1556456,0.10194424539804459,0.9850894808769226,0.8735241293907166
YKL170W,YBR243C,0,-2.1558857,0.10193375498056412,0.9850894808769226,0.8736241459846497
YDL246C,YGR271W,0,-2.1561158,0.10192327201366425,0.9850894808769226,0.8737242221832275
YLR157C,YOR162C,0,-2.1561167,0.10191279649734497,0.9850894808769226,0.8738242983818054
YLR300W,YLR209C,0,-2.1583292,0.1019023135304451,0.9850894808769226,0.8739243745803833
YPL163C,YPL087W,0,-2.159235,0.10189183801412582,0.9850894808769226,0.8740243911743164
YBR183W,YKL130C,0,-2.1598709,0.10188136249780655,0.9850894808769226,0.8741244673728943
YNL107W,YKL085W,0,-2.1598845,0.10187088698148727,0.9850894808769226,0.8742245435714722
YDR499W,YCL043C,0,-2.1600094,0.1018604189157486,0.9850894808769226,0.87432461977005
YKL203C,YOR219C,0,-2.1611092,0.10184995085000992,0.9850894808769226,0.8744246363639832
YDR497C,YOR285W,0,-2.1618805,0.10183948278427124,0.9850894808769226,0.874524712562561
YKL061W,YIR039C,0,-2.1640258,0.10182901471853256,0.9850894808769226,0.8746247887611389
YNR031C,YPL196W,0,-2.1642625,0.10181855410337448,0.9850894808769226,0.874724805355072
YJR055W,YPR160W,0,-2.1647398,0.1018080934882164,0.9850894808769226,0.8748248815536499
YDR473C,YKL189W,0,-2.1648448,0.10179764032363892,0.9850894808769226,0.8749249577522278
YPL223C,YLR316C,0,-2.1670063,0.10178717970848083,0.9850894808769226,0.8750250339508057
YNL044W,YER090W,0,-2.1671999,0.10177672654390335,0.9850894808769226,0.8751250505447388
YMR284W,YER138C,0,-2.1674736,0.10176627337932587,0.9850894808769226,0.8752251267433167
YHR082C,YBR010W,0,-2.1678596,0.10175582766532898,0.9850894808769226,0.8753252029418945
YGR229C,YLR209C,0,-2.168033,0.10174538195133209,0.9850894808769226,0.8754252791404724
YLR141W,YLR268W,0,-2.1685379,0.1017349362373352,0.9850894808769226,0.8755252957344055
YOL112W,YCL025C,0,-2.1690052,0.10172449052333832,0.9850894808769226,0.8756253719329834
YAL063C,YDR494W,0,-2.1690178,0.10171405225992203,0.9850894808769226,0.8757254481315613
YHR005C-A,YJR032W,0,-2.1693456,0.10170361399650574,0.9850894808769226,0.8758255243301392
YPR001W,YGL183C,0,-2.1700718,0.10169317573308945,0.9850894808769226,0.8759255409240723
YKL061W,YDL047W,0,-2.1709387,0.10168274492025375,0.9850894808769226,0.8760256171226501
YPL151C,YBR031W,0,-2.171398,0.10167230665683746,0.9850894808769226,0.876125693321228
YMR284W,YHR041C,0,-2.172168,0.10166187584400177,0.9850894808769226,0.8762257099151611
YPL240C,YDL171C,0,-2.173437,0.10165145248174667,0.9850894808769226,0.876325786113739
YBR223C,YCL024W,0,-2.176047,0.10164102911949158,0.9850894808769226,0.8764258623123169
YIL002C,YDL054C,0,-2.1760998,0.10163059830665588,0.9850894808769226,0.8765259385108948
YER103W,YLR285W,0,-2.1761425,0.10162018239498138,0.9850894808769226,0.8766259551048279
YKR002W,YNR002C,0,-2.1761565,0.10160975903272629,0.9850894808769226,0.8767260313034058
YER125W,YGR169C,1,-2.176402,0.10170186311006546,0.9860835075378418,0.8767260313034058
YJL112W,YDR262W,0,-2.177377,0.10169143974781036,0.9860835075378418,0.8768261075019836
YHR074W,YLR300W,0,-2.1775067,0.10168101638555527,0.9860835075378418,0.8769261837005615
YIL020C,YOR020C,0,-2.1775749,0.10167059302330017,0.9860835075378418,0.8770262002944946
YLR208W,YDL225W,0,-2.1785018,0.10166017711162567,0.9860835075378418,0.8771262764930725
YDL054C,YMR194W,0,-2.1793475,0.10164976119995117,0.9860835075378418,0.8772263526916504
YLR268W,YBL089W,0,-2.179407,0.10163934528827667,0.9860835075378418,0.8773263692855835
YJL191W,YML128C,0,-2.1806512,0.10162892937660217,0.9860835075378418,0.8774264454841614
YBR278W,YHR005C-A,0,-2.1830676,0.10161852091550827,0.9860835075378418,0.8775265216827393
YKL170W,YNL192W,0,-2.1831987,0.10160811245441437,0.9860835075378418,0.8776265978813171
YOR274W,YER101C,0,-2.183267,0.10159770399332047,0.9860835075378418,0.8777266144752502
YPR113W,YHR132C,0,-2.1833818,0.10158730298280716,0.9860835075378418,0.8778266906738281
YDL074C,YNL230C,0,-2.185928,0.10157690197229385,0.9860835075378418,0.877926766872406
YLR203C,YPL094C,0,-2.187135,0.10156650096178055,0.9860835075378418,0.8780268430709839
YFL033C,YMR075W,0,-2.1871717,0.10155609995126724,0.9860835075378418,0.878126859664917
YGL062W,YKL003C,0,-2.1882007,0.10154570639133453,0.9860835075378418,0.8782269358634949
YJL087C,YKL001C,0,-2.188985,0.10153531283140182,0.9860835075378418,0.8783270120620728
YBR260C,YNL073W,0,-2.1897783,0.10152491927146912,0.9860835075378418,0.8784270286560059
YML028W,YDL171C,0,-2.1907516,0.101514533162117,0.9860835075378418,0.8785271048545837
YKL161C,YMR267W,0,-2.1911757,0.10150414705276489,0.9860835075378418,0.8786271810531616
YNL084C,YNL258C,0,-2.1912293,0.10149376094341278,0.9860835075378418,0.8787272572517395
YLR386W,YNR002C,0,-2.1922982,0.10148337483406067,0.9860835075378418,0.8788272738456726
YGL037C,YKR026C,0,-2.1923978,0.10147299617528915,0.9860835075378418,0.8789273500442505
YMR203W,YNL016W,0,-2.1929414,0.10146261751651764,0.9860835075378418,0.8790274262428284
YBR020W,YDR262W,0,-2.1930554,0.10145223885774612,0.9860835075378418,0.8791275024414062
YML051W,YGL068W,0,-2.194008,0.1014418676495552,0.9860835075378418,0.8792275190353394
YLR270W,YMR034C,0,-2.1958344,0.10143149644136429,0.9860835075378418,0.8793275952339172
YPL276W,YEL062W,0,-2.1963491,0.10142112523317337,0.9860835075378418,0.8794276714324951
YER046W,YPR160W,0,-2.197669,0.10141075402498245,0.9860835075378418,0.8795276880264282
YOL129W,YEL036C,0,-2.1999013,0.10140039026737213,0.9860835075378418,0.8796277642250061
YOR261C,YOR222W,0,-2.2002542,0.10139002650976181,0.9860835075378418,0.879727840423584
YHR179W,YCL018W,0,-2.200402,0.10137966275215149,0.9860835075378418,0.8798279166221619
YDR263C,YDR419W,0,-2.2004898,0.10136930644512177,0.9860835075378418,0.879927933216095
YEL036C,YLR016C,0,-2.2006404,0.10135894268751144,0.9860835075378418,0.8800280094146729
YNL131W,YMR019W,0,-2.2009323,0.10134859383106232,0.9860835075378418,0.8801280856132507
YNL127W,YNL079C,0,-2.2011535,0.10133823752403259,0.9860835075378418,0.8802281618118286
YPL240C,YNL178W,0,-2.2012832,0.10132788866758347,0.9860835075378418,0.8803281784057617
YOR298W,YDR207C,0,-2.2023675,0.10131753981113434,0.9860835075378418,0.8804282546043396
YLR264W,YNL307C,0,-2.2024133,0.10130719095468521,0.9860835075378418,0.8805283308029175
YHR012W,YMR046C,0,-2.202997,0.10129684209823608,0.9860835075378418,0.8806283473968506
YBR274W,YBR026C,0,-2.203066,0.10128650069236755,0.9860835075378418,0.8807284235954285
YMR272C,YGL060W,0,-2.2036064,0.10127615928649902,0.9860835075378418,0.8808284997940063
YOR219C,YPR152C,0,-2.203748,0.10126582533121109,0.9860835075378418,0.8809285759925842
YDR059C,YOL155C,0,-2.2040749,0.10125548392534256,0.9860835075378418,0.8810285925865173
YDL097C,YDR404C,0,-2.20538,0.10124514997005463,0.9860835075378418,0.8811286687850952
YGL004C,YGL103W,0,-2.2066443,0.10123482346534729,0.9860835075378418,0.8812287449836731
YJR083C,YFL021W,0,-2.2071612,0.10122448951005936,0.9860835075378418,0.881328821182251
YBR182C,YPR138C,0,-2.2090304,0.10121416300535202,0.9860835075378418,0.8814288377761841
YER125W,YER146W,1,-2.2090652,0.10130585730075836,0.987077534198761,0.8814288377761841
YPR026W,YOL040C,0,-2.2090921,0.10129552334547043,0.987077534198761,0.881528913974762
YOR054C,YDR151C,0,-2.2096272,0.1012851893901825,0.987077534198761,0.8816289901733398
YNL044W,YPL113C,0,-2.2100248,0.10127486288547516,0.987077534198761,0.8817290663719177
YGR084C,YBL092W,0,-2.210044,0.10126452893018723,0.987077534198761,0.8818290829658508
YLR305C,YGR238C,0,-2.210406,0.10125420987606049,0.987077534198761,0.8819291591644287
YHR175W,YEL062W,0,-2.211294,0.10124388337135315,0.987077534198761,0.8820292353630066
YMR025W,YOR038C,0,-2.2120416,0.10123356431722641,0.987077534198761,0.8821292519569397
YMR321C,YHR005C-A,0,-2.2130659,0.10122324526309967,0.987077534198761,0.8822293281555176
YNL238W,YIL042C,0,-2.2135184,0.10121292620897293,0.987077534198761,0.8823294043540955
YHR005C-A,YOR311C,0,-2.2136579,0.10120260715484619,0.987077534198761,0.8824294805526733
YNL314W,YGR255C,0,-2.2139347,0.10119229555130005,0.987077534198761,0.8825294971466064
YOL026C,YOR020C,0,-2.2140403,0.1011819839477539,0.987077534198761,0.8826295733451843
YDR454C,YGR199W,0,-2.2143617,0.10117167234420776,0.987077534198761,0.8827296495437622
YKL174C,YKR028W,0,-2.2148998,0.10116136819124222,0.987077534198761,0.8828297257423401
YCR087C-A,YBL098W,0,-2.2151759,0.10115106403827667,0.987077534198761,0.8829297423362732
YJL024C,YBR026C,0,-2.2164173,0.10114075988531113,0.987077534198761,0.8830298185348511
YBR150C,YLR440C,0,-2.2171338,0.10113046318292618,0.987077534198761,0.883129894733429
YBR177C,YMR077C,0,-2.2174838,0.10112016648054123,0.987077534198761,0.8832299113273621
YJL087C,YGR199W,0,-2.2175272,0.10110986977815628,0.987077534198761,0.8833299875259399
YPL150W,YCL024W,0,-2.217941,0.10109957307577133,0.987077534198761,0.8834300637245178
YER103W,YML099C,0,-2.2180312,0.10108928382396698,0.987077534198761,0.8835301399230957
YMR172W,YDL128W,0,-2.219371,0.10107898712158203,0.987077534198761,0.8836301565170288
YLR029C,YOL062C,0,-2.2194972,0.10106870532035828,0.987077534198761,0.8837302327156067
YDR144C,YKL201C,0,-2.2195294,0.10105841606855392,0.987077534198761,0.8838303089141846
YFL045C,YER052C,0,-2.2197068,0.10104813426733017,0.987077534198761,0.8839303851127625
YLR113W,YOR038C,0,-2.219756,0.10103785246610641,0.987077534198761,0.8840304017066956
YNL153C,YOR187W,0,-2.220218,0.10102757066488266,0.987077534198761,0.8841304779052734
YLR020C,YMR186W,0,-2.2210104,0.1010172963142395,0.987077534198761,0.8842305541038513
YOR297C,YNL223W,0,-2.2211697,0.10100702196359634,0.987077534198761,0.8843305706977844
YDR207C,YGL103W,0,-2.221443,0.10099674761295319,0.987077534198761,0.8844306468963623
YOR176W,YOR349W,0,-2.2218404,0.10098647326231003,0.987077534198761,0.8845307230949402
YMR087W,YGL243W,1,-2.2222376,0.10107789188623428,0.9880715608596802,0.8845307230949402
YEL041W,YKL124W,0,-2.222646,0.10106761753559113,0.9880715608596802,0.8846307992935181
YEL022W,YER154W,0,-2.2228894,0.10105734318494797,0.9880715608596802,0.8847308158874512
YLR359W,YGL051W,0,-2.2238977,0.10104706883430481,0.9880715608596802,0.884830892086029
YFL048C,YLR348C,0,-2.224952,0.10103679448366165,0.9880715608596802,0.8849309682846069
YJR051W,YNR044W,0,-2.2255313,0.10102652758359909,0.9880715608596802,0.8850310444831848
YKL020C,YPR002W,0,-2.2255628,0.10101626068353653,0.9880715608596802,0.8851310610771179
YJR138W,YGR052W,0,-2.225607,0.10100599378347397,0.9880715608596802,0.8852311372756958
YBR026C,YNL298W,0,-2.2270353,0.100995734333992,0.9880715608596802,0.8853312134742737
YDR034C,YJL225C,0,-2.2273853,0.10098547488451004,0.9880715608596802,0.8854312300682068
YHR004C,YOR251C,0,-2.2283695,0.10097521543502808,0.9880715608596802,0.8855313062667847
YDL070W,YDR207C,0,-2.229394,0.10096495598554611,0.9880715608596802,0.8856313824653625
YOR106W,YDR263C,0,-2.2304692,0.10095470398664474,0.9880715608596802,0.8857314586639404
YNL131W,YFL057C,0,-2.2307456,0.10094445198774338,0.9880715608596802,0.8858314752578735
YGR221C,YIL132C,0,-2.2325366,0.10093419998884201,0.9880715608596802,0.8859315514564514
YPR194C,YMR046C,0,-2.2326558,0.10092394798994064,0.9880715608596802,0.8860316276550293
YDR310C,YPL147W,0,-2.233765,0.10091370344161987,0.9880715608596802,0.8861317038536072
YOR301W,YJL060W,0,-2.2338417,0.1009034588932991,0.9880715608596802,0.8862317204475403
YKR071C,YMR295C,0,-2.2338543,0.10089322179555893,0.9880715608596802,0.8863317966461182
YJL005W,YDL015C,0,-2.234573,0.10088297724723816,0.9880715608596802,0.886431872844696
YFR045W,YGR089W,0,-2.2346823,0.10087274014949799,0.9880715608596802,0.8865318894386292
YDL142C,YOR382W,0,-2.2346933,0.10086250305175781,0.9880715608596802,0.886631965637207
YIR039C,YMR240C,0,-2.2347195,0.10085227340459824,0.9880715608596802,0.8867320418357849
YJL225C,YPL098C,0,-2.2351224,0.10084204375743866,0.9880715608596802,0.8868321180343628
YNL050C,YAL038W,0,-2.235307,0.10083181411027908,0.9880715608596802,0.8869321346282959
YLR359W,YKL015W,0,-2.2359173,0.1008215844631195,0.9880715608596802,0.8870322108268738
YGL071W,YIL042C,0,-2.2366626,0.10081136226654053,0.9880715608596802,0.8871322870254517
YDR460W,YIL132C,0,-2.2372735,0.10080113261938095,0.9880715608596802,0.8872323632240295
YKR036C,YPL218W,0,-2.2380536,0.10079091787338257,0.9880715608596802,0.8873323798179626
YDR082W,YLR395C,0,-2.239052,0.10078069567680359,0.9880715608596802,0.8874324560165405
YKR103W,YIL080W,0,-2.239195,0.1007704809308052,0.9880715608596802,0.8875325322151184
YIL128W,YNL208W,0,-2.2399383,0.10076026618480682,0.9880715608596802,0.8876326084136963
YPR182W,YIL088C,0,-2.2402496,0.10075005143880844,0.9880715608596802,0.8877326250076294
YMR176W,YLR024C,0,-2.2405283,0.10073983669281006,0.9880715608596802,0.8878327012062073
YLL029W,YJL171C,0,-2.2405427,0.10072962939739227,0.9880715608596802,0.8879327774047852
YLR440C,YNR002C,0,-2.2405827,0.10071942210197449,0.9880715608596802,0.8880327939987183
YLR157C,YPR138C,0,-2.241341,0.1007092222571373,0.9880715608596802,0.8881328701972961
YPR080W,YDL035C,0,-2.2418838,0.10069901496171951,0.9880715608596802,0.888232946395874
YNL223W,YDR508C,0,-2.242779,0.10068881511688232,0.9880715608596802,0.8883330225944519
YOR219C,YGL060W,0,-2.2430403,0.10067861527204514,0.9880715608596802,0.888433039188385
YBR002C,YBL091C-A,0,-2.2431414,0.10066842287778854,0.9880715608596802,0.8885331153869629
YML051W,YNL172W,0,-2.2459886,0.10065823048353195,0.9880715608596802,0.8886331915855408
YKL189W,YDL040C,0,-2.2467177,0.10064803808927536,0.9880715608596802,0.8887332677841187
YGR084C,YNL230C,0,-2.2468278,0.10063784569501877,0.9880715608596802,0.8888332843780518
YGR268C,YMR099C,0,-2.2473028,0.10062766075134277,0.9880715608596802,0.8889333605766296
YFR045W,YNR028W,0,-2.2491972,0.10061746835708618,0.9880715608596802,0.8890334367752075
YNL271C,YOR098C,0,-2.2497447,0.10060729086399078,0.9880715608596802,0.8891334533691406
YDR067C,YGL259W,0,-2.2498875,0.10059710592031479,0.9880715608596802,0.8892335295677185
YJL213W,YNR060W,0,-2.2515056,0.10058692842721939,0.9880715608596802,0.8893336057662964
YPL213W,YDR296W,0,-2.2536519,0.10057675093412399,0.9880715608596802,0.8894336819648743
YLR203C,YLR224W,0,-2.2537663,0.1005665734410286,0.9880715608596802,0.8895336985588074
YJL034W,YDR173C,0,-2.2568533,0.1005563959479332,0.9880715608596802,0.8896337747573853
YPR127W,YOR204W,0,-2.2568572,0.1005462259054184,0.9880715608596802,0.8897338509559631
YLR447C,YOR148C,0,-2.2572656,0.1005360558629036,0.9880715608596802,0.889833927154541
YDR310C,YCR002C,0,-2.2572944,0.10052589327096939,0.9880715608596802,0.8899339437484741
YOL086C,YIL095W,0,-2.2585194,0.10051572322845459,0.9880715608596802,0.890034019947052
YHR047C,YHR058C,0,-2.2588625,0.10050556063652039,0.9880715608596802,0.8901340961456299
YCL025C,YLR213C,0,-2.2626178,0.10049539804458618,0.9880715608596802,0.890234112739563
YPL093W,YHR008C,0,-2.2628787,0.10048524290323257,0.9880715608596802,0.8903341889381409
YER055C,YNL274C,0,-2.2643836,0.10047508031129837,0.9880715608596802,0.8904342651367188
YIL061C,YMR046C,0,-2.2645466,0.10046492516994476,0.9880715608596802,0.8905343413352966
YGL094C,YPR080W,0,-2.2650387,0.10045477747917175,0.9880715608596802,0.8906343579292297
YNL073W,YLR350W,0,-2.2657483,0.10044462233781815,0.9880715608596802,0.8907344341278076
YBR282W,YGR155W,0,-2.266461,0.10043447464704514,0.9880715608596802,0.8908345103263855
YJL030W,YOR215C,0,-2.267184,0.10042432695627213,0.9880715608596802,0.8909345865249634
YAL060W,YDL097C,0,-2.267607,0.10041418671607971,0.9880715608596802,0.8910346031188965
YKL020C,YMR008C,0,-2.2676847,0.1004040390253067,0.9880715608596802,0.8911346793174744
YDL036C,YLR028C,0,-2.2676914,0.10039389878511429,0.9880715608596802,0.8912347555160522
YGR180C,YGR167W,0,-2.2683246,0.10038375854492188,0.9880715608596802,0.8913347721099854
YHR074W,YNL236W,0,-2.2688234,0.10037362575531006,0.9880715608596802,0.8914348483085632
YLR157C,YOL111C,0,-2.2688282,0.10036349296569824,0.9880715608596802,0.8915349245071411
YPR127W,YBR281C,0,-2.2691422,0.10035336017608643,0.9880715608596802,0.891635000705719
YBR059C,YMR160W,0,-2.2696545,0.10034322738647461,0.9880715608596802,0.8917350172996521
YOL158C,YOL028C,0,-2.2697306,0.10033309459686279,0.9880715608596802,0.89183509349823
YPR006C,YDR151C,0,-2.2702634,0.10032296925783157,0.9880715608596802,0.8919351696968079
YGR032W,YDR332W,0,-2.270827,0.10031284391880035,0.9880715608596802,0.8920352458953857
YMR112C,YLR270W,0,-2.2710283,0.10030272603034973,0.9880715608596802,0.8921352624893188
YMR112C,YLR350W,0,-2.272445,0.10029260069131851,0.9880715608596802,0.8922353386878967
YBR230C,YGL174W,0,-2.272957,0.10028248280286789,0.9880715608596802,0.8923354148864746
YGL158W,YDR470C,0,-2.273948,0.10027237236499786,0.9880715608596802,0.8924354314804077
YHR012W,YBR282W,0,-2.2740896,0.10026225447654724,0.9880715608596802,0.8925355076789856
YDR411C,YLR348C,0,-2.2741072,0.10025214403867722,0.9880715608596802,0.8926355838775635
YGR281W,YLL055W,0,-2.2746685,0.10024203360080719,0.9880715608596802,0.8927356600761414
YLR182W,YGR222W,0,-2.27492,0.10023192316293716,0.9880715608596802,0.8928356766700745
YPR187W,YBR031W,0,-2.2769802,0.10022182017564774,0.9880715608596802,0.8929357528686523
YLR350W,YOR162C,0,-2.2777078,0.1002117171883583,0.9880715608596802,0.8930358290672302
YDR499W,YOR219C,0,-2.2779806,0.10020161420106888,0.9880715608596802,0.8931359052658081
YDR026C,YOR020C,0,-2.279211,0.10019151121377945,0.9880715608596802,0.8932359218597412
YKL205W,YJR103W,0,-2.2814531,0.10018141567707062,0.9880715608596802,0.8933359980583191
YER175C,YBL112C,0,-2.282007,0.10017132014036179,0.9880715608596802,0.893436074256897
YPR135W,YBL092W,0,-2.2828004,0.10016122460365295,0.9880715608596802,0.8935361504554749
YJR149W,YHL034C,0,-2.2831273,0.10015113651752472,0.9880715608596802,0.893636167049408
YOL145C,YKL067W,0,-2.2837155,0.10014104098081589,0.9880715608596802,0.8937362432479858
YPL150W,YMR089C,0,-2.2839415,0.10013095289468765,0.9880715608596802,0.8938363194465637
YEL070W,YML132W,0,-2.28395,0.10012087225914001,0.9880715608596802,0.8939363360404968
YMR077C,YKL001C,0,-2.2840612,0.10011078417301178,0.9880715608596802,0.8940364122390747
YPR135W,YPR043W,0,-2.2851164,0.10010070353746414,0.9880715608596802,0.8941364884376526
YBR287W,YDR262W,0,-2.285362,0.1000906229019165,0.9880715608596802,0.8942365646362305
YLR386W,YFL048C,0,-2.285622,0.10008054971694946,0.9880715608596802,0.8943365812301636
YKL217W,YBL034C,0,-2.2863977,0.10007046908140182,0.9880715608596802,0.8944366574287415
YNL085W,YBR230C,0,-2.2865405,0.10006039589643478,0.9880715608596802,0.8945367336273193
YOR194C,YOR338W,0,-2.2867146,0.10005033016204834,0.9880715608596802,0.8946368098258972
YGR169C,YDL022W,0,-2.2872334,0.1000402569770813,0.9880715608596802,0.8947368264198303
YBL091C-A,YCR002C,0,-2.2899013,0.10003019124269485,0.9880715608596802,0.8948369026184082
YMR228W,YER074W,0,-2.290144,0.10002012550830841,0.9880715608596802,0.8949369788169861
YMR025W,YLR042C,0,-2.2919781,0.10001005977392197,0.9880715608596802,0.8950369954109192
YKR066C,YER168C,0,-2.29198,0.10000000149011612,0.9880715608596802,0.8951370716094971
YIR038C,YKL015W,0,-2.2921162,0.09998994320631027,0.9880715608596802,0.895237147808075
YLR165C,YLR219W,0,-2.2921724,0.09997988492250443,0.9880715608596802,0.8953372240066528
YHR060W,YNL208W,0,-2.2926462,0.09996982663869858,0.9880715608596802,0.8954372406005859
YKL085W,YDR508C,0,-2.2938602,0.09995977580547333,0.9880715608596802,0.8955373167991638
YPR198W,YBR243C,0,-2.2942061,0.09994972497224808,0.9880715608596802,0.8956373929977417
YPL150W,YMR077C,0,-2.295211,0.09993967413902283,0.9880715608596802,0.8957374691963196
YJL225C,YFL066C,0,-2.2952306,0.09992962330579758,0.9880715608596802,0.8958374857902527
YDL015C,YOR294W,0,-2.29599,0.09991957992315292,0.9880715608596802,0.8959375619888306
YNL261W,YLR050C,0,-2.295994,0.09990953654050827,0.9880715608596802,0.8960376381874084
YCL034W,YLR350W,0,-2.2971983,0.09989950060844421,0.9880715608596802,0.8961376547813416
YOR239W,YOR349W,0,-2.2981532,0.09988945722579956,0.9880715608596802,0.8962377309799194
YAL040C,YCR012W,0,-2.2986548,0.0998794212937355,0.9880715608596802,0.8963378071784973
YBR182C,YNL239W,0,-2.2986658,0.09986938536167145,0.9880715608596802,0.8964378833770752
YOL086C,YLR209C,0,-2.2987835,0.09985934942960739,0.9880715608596802,0.8965378999710083
YDR351W,YPR191W,0,-2.2987907,0.09984932094812393,0.9880715608596802,0.8966379761695862
YNL223W,YLR329W,0,-2.2990184,0.09983929246664047,0.9880715608596802,0.8967380523681641
YML036W,YBR072W,0,-2.3004763,0.09982926398515701,0.9880715608596802,0.8968381285667419
YPL007C,YAL040C,0,-2.3015873,0.09981924295425415,0.9880715608596802,0.896938145160675
YKL180W,YLR209C,0,-2.301647,0.09980921447277069,0.9880715608596802,0.8970382213592529
YKL201C,YDR195W,0,-2.3021553,0.09979919344186783,0.9880715608596802,0.8971382975578308
YNL302C,YOR351C,0,-2.3030818,0.09978917986154556,0.9880715608596802,0.8972383141517639
YCL008C,YLR321C,0,-2.3036091,0.0997791588306427,0.9880715608596802,0.8973383903503418
YHR179W,YOR317W,0,-2.3041465,0.09976914525032043,0.9880715608596802,0.8974384665489197
YNL202W,YJL103C,0,-2.3047273,0.09975913166999817,0.9880715608596802,0.8975385427474976
YDR410C,YFR052W,0,-2.3055382,0.0997491255402565,0.9880715608596802,0.8976385593414307
YDR109C,YPR152C,0,-2.306803,0.09973911195993423,0.9880715608596802,0.8977386355400085
YLR301W,YDR226W,0,-2.3068678,0.09972910583019257,0.9880715608596802,0.8978387117385864
YHR175W,YAR027W,0,-2.3097746,0.0997190997004509,0.9880715608596802,0.8979387879371643
YJL034W,YOR239W,0,-2.3107293,0.09970910102128983,0.9880715608596802,0.8980388045310974
YPR113W,YML028W,0,-2.3116605,0.09969909489154816,0.9880715608596802,0.8981388807296753
YDR285W,YDR207C,0,-2.3119457,0.09968909621238708,0.9880715608596802,0.8982389569282532
YPL150W,YGL259W,0,-2.3121424,0.09967910498380661,0.9880715608596802,0.898339033126831
YKR054C,YKL201C,0,-2.3129098,0.09966910630464554,0.9880715608596802,0.8984390497207642
YPL099C,YMR210W,0,-2.3133743,0.09965911507606506,0.9880715608596802,0.898539125919342
YMR061W,YGL233W,0,-2.313707,0.09964912384748459,0.9880715608596802,0.8986392021179199
YJL034W,YLR197W,0,-2.3151124,0.09963913261890411,0.9880715608596802,0.898739218711853
YOL151W,YOR085W,0,-2.316192,0.09962914884090424,0.9880715608596802,0.8988392949104309
YLR314C,YBR080C,0,-2.317809,0.09961916506290436,0.9880715608596802,0.8989393711090088
YOL142W,YHR174W,0,-2.3181071,0.09960918128490448,0.9880715608596802,0.8990394473075867
YDR512C,YOR338W,0,-2.3182204,0.0995991975069046,0.9880715608596802,0.8991394639015198
YMR182C,YBR223C,0,-2.3182232,0.09958922117948532,0.9880715608596802,0.8992395401000977
YNR074C,YMR240C,0,-2.3184938,0.09957924485206604,0.9880715608596802,0.8993396162986755
YNL231C,YDL198C,0,-2.3200505,0.09956926852464676,0.9880715608596802,0.8994396924972534
YMR089C,YMR240C,0,-2.3203855,0.09955929219722748,0.9880715608596802,0.8995397090911865
YLL029W,YIL095W,0,-2.3223584,0.0995493233203888,0.9880715608596802,0.8996397852897644
YNL147W,YML132W,0,-2.3242178,0.09953935444355011,0.9880715608596802,0.8997398614883423
YKL078W,YHR174W,0,-2.3242447,0.09952938556671143,0.9880715608596802,0.8998398780822754
YER125W,YGR024C,1,-2.3251104,0.0996195450425148,0.9890655875205994,0.8998398780822754
YBR020W,YGL062W,0,-2.3281012,0.09960956871509552,0.9890655875205994,0.8999399542808533
YKL171W,YOR148C,0,-2.3307607,0.09959959983825684,0.9890655875205994,0.9000400304794312
YML097C,YPR080W,0,-2.3313587,0.09958963096141815,0.9890655875205994,0.900140106678009
YOR317W,YGR020C,0,-2.3315785,0.09957966208457947,0.9890655875205994,0.9002401232719421
YJL155C,YIL047C,0,-2.3329966,0.09956970065832138,0.9890655875205994,0.90034019947052
YKL103C,YMR034C,0,-2.3332622,0.0995597392320633,0.9890655875205994,0.9004402756690979
YIL021W,YFR052W,0,-2.3339634,0.0995497778058052,0.9890655875205994,0.9005403518676758
YGR180C,YER171W,0,-2.3345377,0.09953981637954712,0.9890655875205994,0.9006403684616089
YMR319C,YGR271W,0,-2.3362098,0.09952986240386963,0.9890655875205994,0.9007404446601868
YLR440C,YLR042C,0,-2.3362672,0.09951990097761154,0.9890655875205994,0.9008405208587646
YKR066C,YFR018C,0,-2.3368862,0.09950995445251465,0.9890655875205994,0.9009405374526978
YNL044W,YGL256W,0,-2.3373547,0.09950000047683716,0.9890655875205994,0.9010406136512756
YML071C,YFR019W,0,-2.337552,0.09949005395174026,0.9890655875205994,0.9011406898498535
YCL024W,YBL011W,0,-2.3382711,0.09948010742664337,0.9890655875205994,0.9012407660484314
YNL178W,YMR032W,0,-2.3386872,0.09947016090154648,0.9890655875205994,0.9013407826423645
YLR153C,YAR031W,0,-2.3390143,0.09946021437644958,0.9890655875205994,0.9014408588409424
YOL082W,YDR415C,0,-2.3390431,0.09945027530193329,0.9890655875205994,0.9015409350395203
YBR230C,YMR213W,0,-2.3393745,0.09944033622741699,0.9890655875205994,0.9016410112380981
YLR028C,YER090W,0,-2.3395126,0.0994303971529007,0.9890655875205994,0.9017410278320312
YDL054C,YJR130C,0,-2.3396668,0.099420465528965,0.9890655875205994,0.9018411040306091
YJR051W,YPL094C,0,-2.340546,0.0994105339050293,0.9890655875205994,0.901941180229187
YIL021W,YER130C,0,-2.3407977,0.0994006022810936,0.9890655875205994,0.9020411968231201
YER008C,YOR317W,0,-2.3413022,0.0993906706571579,0.9890655875205994,0.902141273021698
YLR330W,YFL021W,0,-2.3419883,0.0993807464838028,0.9890655875205994,0.9022413492202759
YIL083C,YJL171C,0,-2.3427007,0.0993708148598671,0.9890655875205994,0.9023414254188538
YFR013W,YDL024C,0,-2.3435361,0.09936089813709259,0.9890655875205994,0.9024414420127869
YNL236W,YKL182W,0,-2.3440583,0.09935097396373749,0.9890655875205994,0.9025415182113647
YKL174C,YMR246W,0,-2.3455064,0.09934105724096298,0.9890655875205994,0.9026415944099426
YPL196W,YPR159W,0,-2.3459384,0.09933114051818848,0.9890655875205994,0.9027416706085205
YIL083C,YFR052W,0,-2.3461819,0.09932122379541397,0.9890655875205994,0.9028416872024536
YJL155C,YPR002W,0,-2.3464825,0.09931130707263947,0.9890655875205994,0.9029417634010315
YER175C,YHR109W,0,-2.3472085,0.09930139780044556,0.9890655875205994,0.9030418395996094
YOR274W,YHR082C,0,-2.3473928,0.09929148852825165,0.9890655875205994,0.9031418561935425
YOL155C,YJL128C,0,-2.3474896,0.09928157925605774,0.9890655875205994,0.9032419323921204
YGL026C,YMR296C,0,-2.347657,0.09927167743444443,0.9890655875205994,0.9033420085906982
YGL112C,YBL011W,0,-2.349107,0.09926176816225052,0.9890655875205994,0.9034420847892761
YPR011C,YDL140C,0,-2.353868,0.0992518737912178,0.9890655875205994,0.9035421013832092
YJL172W,YGR175C,0,-2.354218,0.09924197196960449,0.9890655875205994,0.9036421775817871
YPL252C,YML128C,0,-2.3546984,0.09923207014799118,0.9890655875205994,0.903742253780365
YOL082W,YEL037C,0,-2.3548667,0.09922217577695847,0.9890655875205994,0.9038423299789429
YLR165C,YBR026C,0,-2.35655,0.09921228140592575,0.9890655875205994,0.903942346572876
YPR035W,YJR063W,0,-2.3574371,0.09920239448547363,0.9890655875205994,0.9040424227714539
YFL033C,YOR123C,0,-2.3600924,0.09919250011444092,0.9890655875205994,0.9041424989700317
YKL096W-A,YMR229C,0,-2.360122,0.0991826131939888,0.9890655875205994,0.9042425751686096
YMR049C,YHL034C,0,-2.3602812,0.09917272627353668,0.9890655875205994,0.9043425917625427
YER112W,YPR047W,1,-2.3610299,0.09926250576972961,0.9900596141815186,0.9043425917625427
YMR284W,YKL119C,0,-2.3610847,0.0992526188492775,0.9900596141815186,0.9044426679611206
YOL104C,YOR123C,0,-2.3617036,0.09924272447824478,0.9900596141815186,0.9045427441596985
YLR187W,YPR133W-A,0,-2.362432,0.09923283755779266,0.9900596141815186,0.9046427607536316
YBR260C,YBR177C,0,-2.3628156,0.09922295063734055,0.9900596141815186,0.9047428369522095
YLL045C,YNL027W,0,-2.3635604,0.09921307116746902,0.9900596141815186,0.9048429131507874
YJL005W,YLR153C,0,-2.3639908,0.0992031842470169,0.9900596141815186,0.9049429893493652
YKL119C,YBR074W,0,-2.3655963,0.09919330477714539,0.9900596141815186,0.9050430059432983
YER074W,YDL035C,0,-2.3677268,0.09918343275785446,0.9900596141815186,0.9051430821418762
YDR304C,YML006C,0,-2.3691823,0.09917355328798294,0.9900596141815186,0.9052431583404541
YKL171W,YLR088W,0,-2.3695295,0.09916368126869202,0.9900596141815186,0.905343234539032
YGR179C,YPR159W,0,-2.3696463,0.09915380924940109,0.9900596141815186,0.9054432511329651
YER103W,YNL236W,0,-2.3705757,0.09914393723011017,0.9900596141815186,0.905543327331543
YER175C,YDR470C,0,-2.3711436,0.09913407266139984,0.9900596141815186,0.9056434035301208
YBR177C,YKL168C,0,-2.371275,0.09912420064210892,0.9900596141815186,0.905743420124054
YIL006W,YHL027W,0,-2.3715374,0.09911433607339859,0.9900596141815186,0.9058434963226318
YLR404W,YOL107W,0,-2.3718443,0.09910447895526886,0.9900596141815186,0.9059435725212097
YHR004C,YER190W,0,-2.372595,0.09909461438655853,0.9900596141815186,0.9060436487197876
YLL061W,YML128C,0,-2.3732593,0.0990847572684288,0.9900596141815186,0.9061436653137207
YLL051C,YBR096W,0,-2.373353,0.09907490015029907,0.9900596141815186,0.9062437415122986
YMR090W,YER190W,0,-2.3739705,0.09906505048274994,0.9900596141815186,0.9063438177108765
YEL052W,YGR089W,0,-2.3742225,0.09905519336462021,0.9900596141815186,0.9064438939094543
YOL165C,YMR160W,0,-2.3746185,0.09904534369707108,0.9900596141815186,0.9065439105033875
YNL271C,YNR028W,0,-2.3755407,0.09903549402952194,0.9900596141815186,0.9066439867019653
YLR029C,YOL151W,0,-2.3760078,0.0990256518125534,0.9900596141815186,0.9067440629005432
YDR453C,YHR119W,0,-2.3775728,0.09901580959558487,0.9900596141815186,0.9068440794944763
YLR429W,YDR353W,0,-2.3778837,0.09900596737861633,0.9900596141815186,0.9069441556930542
YNL223W,YOR098C,0,-2.3780673,0.0989961251616478,0.9900596141815186,0.9070442318916321
YFR013W,YMR039C,0,-2.3783388,0.09898628294467926,0.9900596141815186,0.90714430809021
YDR304C,YEL056W,0,-2.3792696,0.09897644817829132,0.9900596141815186,0.9072443246841431
YKL093W,YKL171W,0,-2.380715,0.09896661341190338,0.9900596141815186,0.907344400882721
YLR206W,YJL024C,0,-2.3808315,0.09895677864551544,0.9900596141815186,0.9074444770812988
YPR024W,YCL034W,0,-2.3811946,0.0989469513297081,0.9900596141815186,0.9075445532798767
YNL163C,YOR020C,0,-2.3814719,0.09893712401390076,0.9900596141815186,0.9076445698738098
YMR315W,YCR087C-A,0,-2.3817503,0.09892729669809341,0.9900596141815186,0.9077446460723877
YDR473C,YHR039C-A,0,-2.3821573,0.09891746938228607,0.9900596141815186,0.9078447222709656
YGL037C,YMR270C,0,-2.38312,0.09890764951705933,0.9900596141815186,0.9079447388648987
YJL053W,YGR084C,0,-2.38317,0.09889782220125198,0.9900596141815186,0.9080448150634766
YDR281C,YPR160W,0,-2.3841844,0.09888800978660583,0.9900596141815186,0.9081448912620544
YNL138W,YDR262W,0,-2.384418,0.09887818992137909,0.9900596141815186,0.9082449674606323
YNL016W,YML128C,0,-2.385482,0.09886837750673294,0.9900596141815186,0.9083449840545654
YER055C,YNR035C,0,-2.3854952,0.0988585576415062,0.9900596141815186,0.9084450602531433
YOR232W,YML128C,0,-2.3859062,0.09884875267744064,0.9900596141815186,0.9085451364517212
YPR189W,YGL094C,0,-2.3864777,0.0988389402627945,0.9900596141815186,0.9086452126502991
YDL035C,YFR019W,0,-2.387139,0.09882913529872894,0.9900596141815186,0.9087452292442322
YMR194W,YIL076W,0,-2.387237,0.09881933033466339,0.9900596141815186,0.9088453054428101
YLR390W,YBR222C,0,-2.3875034,0.09880952537059784,0.9900596141815186,0.9089453816413879
YDL015C,YKR006C,0,-2.3878722,0.09879972040653229,0.9900596141815186,0.909045398235321
YOR176W,YIL021W,0,-2.389437,0.09878992289304733,0.9900596141815186,0.9091454744338989
YHR060W,YCR046C,0,-2.3897774,0.09878012537956238,0.9900596141815186,0.9092455506324768
YOR147W,YGL259W,0,-2.3904376,0.09877032786607742,0.9900596141815186,0.9093456268310547
YKL171W,YGR239C,0,-2.3908136,0.09876053780317307,0.9900596141815186,0.9094456434249878
YDL107W,YPR111W,0,-2.3908255,0.09875074028968811,0.9900596141815186,0.9095457196235657
YOR388C,YDR222W,0,-2.3909452,0.09874095022678375,0.9900596141815186,0.9096457958221436
YLR113W,YER074W,0,-2.3929136,0.09873116761445999,0.9900596141815186,0.9097458720207214
YKL170W,YGR113W,0,-2.396139,0.09872137755155563,0.9900596141815186,0.9098458886146545
YJR127C,YKL166C,0,-2.3973174,0.09871159493923187,0.9900596141815186,0.9099459648132324
YJL155C,YDL074C,0,-2.3980591,0.09870181232690811,0.9900596141815186,0.9100460410118103
YKL130C,YBR074W,0,-2.3980763,0.09869202971458435,0.9900596141815186,0.9101461172103882
YGR012W,YLR429W,0,-2.3986666,0.09868225455284119,0.9900596141815186,0.9102461338043213
YGR288W,YGL203C,0,-2.399636,0.09867247939109802,0.9900596141815186,0.9103462100028992
YJR127C,YJL103C,0,-2.4003408,0.09866270422935486,0.9900596141815186,0.910446286201477
YOR274W,YLR028C,0,-2.4008338,0.0986529290676117,0.9900596141815186,0.9105463027954102
YKL190W,YDL022W,0,-2.4019248,0.09864316135644913,0.9900596141815186,0.910646378993988
YPR133W-A,YPR152C,0,-2.4030395,0.09863339364528656,0.9900596141815186,0.9107464551925659
YJL155C,YBR010W,0,-2.4030993,0.09862362593412399,0.9900596141815186,0.9108465313911438
YJL030W,YOL062C,0,-2.4043262,0.09861385822296143,0.9900596141815186,0.9109465479850769
YKL126W,YPL050C,0,-2.40468,0.09860409796237946,0.9900596141815186,0.9110466241836548
YGR268C,YLR394W,0,-2.405248,0.09859433770179749,0.9900596141815186,0.9111467003822327
YER125W,YNR015W,1,-2.4060056,0.09868355840444565,0.9910537004470825,0.9111467003822327
YGR258C,YLR024C,0,-2.4061272,0.09867379069328308,0.9910537004470825,0.9112467765808105
YKR006C,YDL083C,0,-2.4066105,0.09866403043270111,0.9910537004470825,0.9113467931747437
YNL163C,YKR028W,0,-2.4071572,0.09865426272153854,0.9910537004470825,0.9114468693733215
YDR310C,YJL060W,0,-2.407685,0.09864450246095657,0.9910537004470825,0.9115469455718994
YNL297C,YOR020C,0,-2.4086678,0.0986347422003746,0.9910537004470825,0.9116469621658325
YBR177C,YGR155W,0,-2.4092453,0.09862498939037323,0.9910537004470825,0.9117470383644104
YNL271C,YMR034C,0,-2.4101753,0.09861522912979126,0.9910537004470825,0.9118471145629883
YPL094C,YBR145W,0,-2.4108672,0.09860547631978989,0.9910537004470825,0.9119471907615662
YOR219C,YKR068C,0,-2.411443,0.09859573096036911,0.9910537004470825,0.9120472073554993
YCR093W,YDR451C,0,-2.4132123,0.09858597815036774,0.9910537004470825,0.9121472835540771
YGR072W,YGR070W,0,-2.4152615,0.09857623279094696,0.9910537004470825,0.912247359752655
YIL088C,YDR205W,0,-2.4155395,0.09856648743152618,0.9910537004470825,0.9123474359512329
YPL151C,YKL119C,0,-2.4164863,0.09855674207210541,0.9910537004470825,0.912447452545166
YGR282C,YLR025W,0,-2.4172697,0.09854699671268463,0.9910537004470825,0.9125475287437439
YMR203W,YJL024C,0,-2.4172742,0.09853725880384445,0.9910537004470825,0.9126476049423218
YML028W,YMR136W,0,-2.4179602,0.09852752089500427,0.9910537004470825,0.9127476215362549
YKR066C,YPL188W,0,-2.4182794,0.09851778298616409,0.9910537004470825,0.9128476977348328
YMR115W,YJR103W,0,-2.4192493,0.09850805252790451,0.9910537004470825,0.9129477739334106
YAL038W,YNL182C,0,-2.4194608,0.09849832206964493,0.9910537004470825,0.9130478501319885
YGR199W,YOR285W,0,-2.4200037,0.09848859161138535,0.9910537004470825,0.9131478667259216
YGL010W,YDR508C,0,-2.42154,0.09847886115312576,0.9910537004470825,0.9132479429244995
YPL002C,YAL039C,0,-2.4217076,0.09846913814544678,0.9910537004470825,0.9133480191230774
YPL180W,YKL067W,0,-2.422456,0.09845941513776779,0.9910537004470825,0.9134480953216553
YML032C,YDR062W,0,-2.4227102,0.0984496921300888,0.9910537004470825,0.9135481119155884
YKR069W,YNL239W,0,-2.4235857,0.09843996912240982,0.9910537004470825,0.9136481881141663
YGL158W,YOL004W,0,-2.4238155,0.09843024611473083,0.9910537004470825,0.9137482643127441
YBL091C-A,YNL258C,0,-2.4238925,0.09842053055763245,0.9910537004470825,0.9138482809066772
YNL027W,YNL121C,0,-2.4244533,0.09841081500053406,0.9910537004470825,0.9139483571052551
YML032C,YML058W-A,0,-2.4250414,0.09840110689401627,0.9910537004470825,0.914048433303833
YGL068W,YNL192W,0,-2.4257114,0.09839139133691788,0.9910537004470825,0.9141485095024109
YOL142W,YNL160W,0,-2.4262497,0.09838168323040009,0.9910537004470825,0.914248526096344
YDL198C,YOR180C,0,-2.426291,0.0983719751238823,0.9910537004470825,0.9143486022949219
YLR312W-A,YER130C,0,-2.427547,0.0983622744679451,0.9910537004470825,0.9144486784934998
YKL013C,YPR163C,0,-2.427759,0.09835256636142731,0.9910537004470825,0.9145487546920776
YOL155C,YEL041W,0,-2.431486,0.09834286570549011,0.9910537004470825,0.9146487712860107
YJR138W,YPR091C,0,-2.432369,0.09833317250013351,0.9910537004470825,0.9147488474845886
YPL240C,YLR394W,0,-2.433548,0.09832347184419632,0.9910537004470825,0.9148489236831665
YIL134W,YJR151C,0,-2.4349577,0.09831377863883972,0.9910537004470825,0.9149489402770996
YNL102W,YIL035C,0,-2.435362,0.09830408543348312,0.9910537004470825,0.9150490164756775
YNL008C,YNL192W,0,-2.4361374,0.09829439222812653,0.9910537004470825,0.9151490926742554
YDR451C,YAL038W,0,-2.4372728,0.09828469902276993,0.9910537004470825,0.9152491688728333
YPR162C,YML128C,0,-2.4373002,0.09827501326799393,0.9910537004470825,0.9153491854667664
YMR173W,YKL064W,0,-2.4377892,0.09826532751321793,0.9910537004470825,0.9154492616653442
YER125W,YBL024W,1,-2.4378405,0.09835419058799744,0.9920477271080017,0.9154492616653442
YPL096W,YOR085W,0,-2.4383845,0.09834450483322144,0.9920477271080017,0.9155493378639221
YJL087C,YHR174W,0,-2.439326,0.09833481162786484,0.9920477271080017,0.9156494140625
YPR198W,YMR250W,0,-2.4401517,0.09832512587308884,0.9920477271080017,0.9157494306564331
YGR282C,YNL208W,0,-2.440842,0.09831544011831284,0.9920477271080017,0.915849506855011
YOR085W,YDR508C,0,-2.4408488,0.09830575436353683,0.9920477271080017,0.9159495830535889
YFR021W,YPL113C,0,-2.4420173,0.09829606860876083,0.9920477271080017,0.9160496592521667
YNL314W,YDL206W,0,-2.4453762,0.09828639030456543,0.9920477271080017,0.9161496758460999
YLR394W,YPL078C,0,-2.4456189,0.09827671200037003,0.9920477271080017,0.9162497520446777
YOR176W,YDL171C,0,-2.4510915,0.09826703369617462,0.9920477271080017,0.9163498282432556
YEL069C,YGL180W,0,-2.4512675,0.09825736284255981,0.9920477271080017,0.9164498448371887
YNL138W,YER090W,0,-2.4515867,0.09824768453836441,0.9920477271080017,0.9165499210357666
YBR145W,YOL004W,0,-2.4521964,0.0982380136847496,0.9920477271080017,0.9166499972343445
YAL060W,YMR034C,0,-2.4557002,0.0982283428311348,0.9920477271080017,0.9167500734329224
YDR174W,YGR084C,0,-2.4559846,0.09821867942810059,0.9920477271080017,0.9168500900268555
YKR071C,YKL094W,0,-2.4569771,0.09820901602506638,0.9920477271080017,0.9169501662254333
YJR036C,YPL131W,0,-2.4576519,0.09819935262203217,0.9920477271080017,0.9170502424240112
YOR159C,YHR030C,0,-2.4583166,0.09818968921899796,0.9920477271080017,0.9171503186225891
YNL016W,YNL298W,0,-2.4593575,0.09818002581596375,0.9920477271080017,0.9172503352165222
YJR119C,YDL061C,0,-2.4596663,0.09817036986351013,0.9920477271080017,0.9173504114151001
YBR002C,YGL200C,0,-2.4596727,0.09816071391105652,0.9920477271080017,0.917450487613678
YNR006W,YOR261C,0,-2.45982,0.0981510654091835,0.9920477271080017,0.9175505042076111
YNL160W,YLR305C,0,-2.4601657,0.09814140945672989,0.9920477271080017,0.917650580406189
YMR038C,YLR344W,0,-2.4604535,0.09813176095485687,0.9920477271080017,0.9177506566047668
YKL067W,YFR052W,0,-2.4608343,0.09812211245298386,0.9920477271080017,0.9178507328033447
YNR074C,YER171W,0,-2.46154,0.09811246395111084,0.9920477271080017,0.9179507493972778
YHR056C,YDR392W,0,-2.4621713,0.09810282289981842,0.9920477271080017,0.9180508255958557
YOL129W,YMR172W,0,-2.4621885,0.098093181848526,0.9920477271080017,0.9181509017944336
YHR005C-A,YDL128W,0,-2.4622009,0.09808354079723358,0.9920477271080017,0.9182509779930115
YBR059C,YLR321C,0,-2.462845,0.09807389974594116,0.9920477271080017,0.9183509945869446
YOR301W,YOR232W,0,-2.463236,0.09806426614522934,0.9920477271080017,0.9184510707855225
YNL131W,YNL281W,0,-2.464585,0.09805462509393692,0.9920477271080017,0.9185511469841003
YBR260C,YMR250W,0,-2.4648287,0.0980449914932251,0.9920477271080017,0.9186511635780334
YJR005W,YCR026C,0,-2.465091,0.09803536534309387,0.9920477271080017,0.9187512397766113
YPR162C,YKL210W,0,-2.465837,0.09802573174238205,0.9920477271080017,0.9188513159751892
YGR282C,YMR078C,0,-2.468852,0.09801610559225082,0.9920477271080017,0.9189513921737671
YJR138W,YBL058W,0,-2.4697754,0.0980064794421196,0.9920477271080017,0.9190514087677002
YKL182W,YBR243C,0,-2.4722464,0.09799686074256897,0.9920477271080017,0.9191514849662781
YBR183W,YML099C,0,-2.4741518,0.09798723459243774,0.9920477271080017,0.919251561164856
YHR029C,YBR059C,0,-2.4749842,0.09797761589288712,0.9920477271080017,0.9193516373634338
YPR035W,YDL074C,0,-2.4755938,0.09796799719333649,0.9920477271080017,0.9194516539573669
YKR066C,YLR440C,0,-2.4773185,0.09795838594436646,0.9920477271080017,0.9195517301559448
YHR074W,YJL095W,0,-2.4777677,0.09794876724481583,0.9920477271080017,0.9196518063545227
YOR084W,YFL017W-A,0,-2.4789855,0.0979391559958458,0.9920477271080017,0.9197518229484558
YDL197C,YGL203C,0,-2.4807556,0.09792954474687576,0.9920477271080017,0.9198518991470337
YOL165C,YER162C,0,-2.480768,0.09791993349790573,0.9920477271080017,0.9199519753456116
YKL170W,YLL027W,0,-2.481225,0.0979103296995163,0.9920477271080017,0.9200520515441895
YBR081C,YJL103C,0,-2.4812975,0.09790072590112686,0.9920477271080017,0.9201520681381226
YHR082C,YBR037C,0,-2.4816306,0.09789112210273743,0.9920477271080017,0.9202521443367004
YGR221C,YDL022W,0,-2.4818134,0.09788152575492859,0.9920477271080017,0.9203522205352783
YDR030C,YPR026W,0,-2.4818833,0.09787192195653915,0.9920477271080017,0.9204522967338562
YDR254W,YPL188W,0,-2.4827988,0.09786232560873032,0.9920477271080017,0.9205523133277893
YJR092W,YMR038C,0,-2.4839985,0.09785272926092148,0.9920477271080017,0.9206523895263672
YIR038C,YHR058C,0,-2.4851286,0.09784314036369324,0.9920477271080017,0.9207524657249451
YDR137W,YMR186W,0,-2.4854643,0.0978335440158844,0.9920477271080017,0.9208524823188782
YPR135W,YLR325C,0,-2.4862337,0.09782395511865616,0.9920477271080017,0.920952558517456
YML028W,YDL077C,0,-2.4864693,0.09781436622142792,0.9920477271080017,0.9210526347160339
YDR512C,YDR472W,0,-2.488278,0.09780478477478027,0.9920477271080017,0.9211527109146118
YNL314W,YNL239W,0,-2.490634,0.09779519587755203,0.9920477271080017,0.9212527275085449
YDR304C,YDR472W,0,-2.4913204,0.09778561443090439,0.9920477271080017,0.9213528037071228
YLL051C,YGR281W,0,-2.4918072,0.09777603298425674,0.9920477271080017,0.9214528799057007
YGL256W,YDR226W,0,-2.4919114,0.0977664589881897,0.9920477271080017,0.9215529561042786
YLR043C,YIL083C,0,-2.4927049,0.09775687754154205,0.9920477271080017,0.9216529726982117
YNL160W,YOL038W,0,-2.4928157,0.097747303545475,0.9920477271080017,0.9217530488967896
YIL021W,YAL017W,0,-2.4930203,0.09773773699998856,0.9920477271080017,0.9218531250953674
YBR006W,YLR228C,0,-2.493184,0.09772816300392151,0.9920477271080017,0.9219532012939453
YOR138C,YER017C,0,-2.493819,0.09771859645843506,0.9920477271080017,0.9220532178878784
YPR189W,YCL052C,0,-2.4939325,0.09770902991294861,0.9920477271080017,0.9221532940864563
YDL170W,YCL034W,0,-2.494352,0.09769946336746216,0.9920477271080017,0.9222533702850342
YLR191W,YPR030W,0,-2.496079,0.09768989682197571,0.9920477271080017,0.9223533868789673
YGR255C,YOR311C,0,-2.497802,0.09768033772706985,0.9920477271080017,0.9224534630775452
YEL052W,YPR200C,0,-2.5005796,0.097670778632164,0.9920477271080017,0.922553539276123
YJR005W,YGL190C,0,-2.501159,0.09766121953725815,0.9920477271080017,0.9226536154747009
YGR180C,YOR304W,0,-2.501323,0.0976516604423523,0.9920477271080017,0.922753632068634
YDL084W,YFL010W-A,0,-2.5019138,0.09764210879802704,0.9920477271080017,0.9228537082672119
YDR233C,YBL098W,0,-2.5022247,0.09763255715370178,0.9920477271080017,0.9229537844657898
YCR093W,YMR173W,0,-2.5024874,0.09762300550937653,0.9920477271080017,0.9230538606643677
YOR261C,YDR151C,0,-2.5028555,0.09761346131563187,0.9920477271080017,0.9231538772583008
YPR198W,YGL226C-A,0,-2.503104,0.09760390967130661,0.9920477271080017,0.9232539534568787
YDL197C,YJL149W,0,-2.5060942,0.09759436547756195,0.9920477271080017,0.9233540296554565
YNL223W,YKR101W,0,-2.5065012,0.09758482128381729,0.9920477271080017,0.9234540462493896
YNL085W,YMR304W,0,-2.5067332,0.09757528454065323,0.9920477271080017,0.9235541224479675
YIL006W,YMR295C,0,-2.5071568,0.09756574779748917,0.9920477271080017,0.9236541986465454
YJL225C,YDR262W,0,-2.5073802,0.0975562036037445,0.9920477271080017,0.9237542748451233
YIR005W,YOR008C,0,-2.509876,0.09754667431116104,0.9920477271080017,0.9238542914390564
YDL179W,YDR304C,0,-2.5101326,0.09753713756799698,0.9920477271080017,0.9239543676376343
YDL029W,YPL098C,0,-2.5104463,0.09752760827541351,0.9920477271080017,0.9240544438362122
YNL153C,YNL219C,0,-2.5106552,0.09751807898283005,0.9920477271080017,0.92415452003479
YNL026W,YOR204W,0,-2.51226,0.09750854969024658,0.9920477271080017,0.9242545366287231
YJL225C,YBL041W,0,-2.5125263,0.09749902039766312,0.9920477271080017,0.924354612827301
YPR011C,YEL062W,0,-2.5125566,0.09748949855566025,0.9920477271080017,0.9244546890258789
YPL200W,YDR076W,0,-2.512715,0.09747997671365738,0.9920477271080017,0.924554705619812
YKL119C,YML052W,0,-2.513426,0.09747045487165451,0.9920477271080017,0.9246547818183899
YDL084W,YMR025W,0,-2.514035,0.09746094048023224,0.9920477271080017,0.9247548580169678
YDL246C,YPR006C,0,-2.514109,0.09745141863822937,0.9920477271080017,0.9248549342155457
YPR091C,YPR043W,0,-2.5147493,0.0974419042468071,0.9920477271080017,0.9249549508094788
YDR371W,YBR037C,0,-2.5153615,0.09743238985538483,0.9920477271080017,0.9250550270080566
YHR047C,YLR020C,0,-2.516122,0.09742288291454315,0.9920477271080017,0.9251551032066345
YDR530C,YNR006W,0,-2.5168076,0.09741337597370148,0.9920477271080017,0.9252551794052124
YJL155C,YMR034C,0,-2.5177188,0.0974038615822792,0.9920477271080017,0.9253551959991455
YER125W,YGL092W,1,-2.5180807,0.09749194979667664,0.9930417537689209,0.9253551959991455
YPL122C,YPL087W,0,-2.5185633,0.09748243540525436,0.9930417537689209,0.9254552721977234
YJR119C,YGL103W,0,-2.520644,0.09747292101383209,0.9930417537689209,0.9255553483963013
YOL124C,YPR160W,0,-2.5208929,0.09746341407299042,0.9930417537689209,0.9256553649902344
YHR056C,YPR030W,0,-2.5221364,0.09745390713214874,0.9930417537689209,0.9257554411888123
YPL002C,YNR017W,0,-2.523384,0.09744440019130707,0.9930417537689209,0.9258555173873901
YER125W,YGR285C,0,-2.5235336,0.09743490070104599,0.9930417537689209,0.925955593585968
YLL019C,YPR002W,0,-2.524841,0.09742539376020432,0.9930417537689209,0.9260556101799011
YDR304C,YLR321C,0,-2.5255885,0.09741589426994324,0.9930417537689209,0.926155686378479
YHR179W,YGR084C,0,-2.5257769,0.09740639477968216,0.9930417537689209,0.9262557625770569
YPR182W,YOL129W,0,-2.5261555,0.09739690274000168,0.9930417537689209,0.9263558387756348
YNL172W,YOR313C,0,-2.5276072,0.0973874032497406,0.9930417537689209,0.9264558553695679
YDL227C,YBR230C,0,-2.528166,0.09737791121006012,0.9930417537689209,0.9265559315681458
YER101C,YDL097C,0,-2.5295262,0.09736841917037964,0.9930417537689209,0.9266560077667236
YNL131W,YML073C,0,-2.529734,0.09735893458127975,0.9930417537689209,0.9267560243606567
YGL026C,YER125W,0,-2.5316346,0.09734944254159927,0.9930417537689209,0.9268561005592346
YJL171C,YER019C-A,0,-2.5319583,0.09733995795249939,0.9930417537689209,0.9269561767578125
YBR287W,YJR101W,0,-2.5330265,0.0973304733633995,0.9930417537689209,0.9270562529563904
YMR284W,YDR151C,0,-2.533414,0.09732099622488022,0.9930417537689209,0.9271562695503235
YOL129W,YJL171C,0,-2.5341728,0.09731151163578033,0.9930417537689209,0.9272563457489014
YDR109C,YDR262W,0,-2.5347962,0.09730203449726105,0.9930417537689209,0.9273564219474792
YNL223W,YPL110C,0,-2.5352075,0.09729255735874176,0.9930417537689209,0.9274564981460571
YDL142C,YLR033W,0,-2.5352812,0.09728308767080307,0.9930417537689209,0.9275565147399902
YGR085C,YBR145W,0,-2.5352855,0.09727361053228378,0.9930417537689209,0.9276565909385681
YNL008C,YKL171W,0,-2.5357077,0.09726414084434509,0.9930417537689209,0.927756667137146
YDR245W,YDR304C,0,-2.5363615,0.0972546711564064,0.9930417537689209,0.9278567433357239
YEL052W,YOR162C,0,-2.5364745,0.09724520891904831,0.9930417537689209,0.927956759929657
YHR179W,YNL178W,0,-2.5371807,0.09723573923110962,0.9930417537689209,0.9280568361282349
YKL126W,YJR040W,0,-2.5372348,0.09722627699375153,0.9930417537689209,0.9281569123268127
YNL147W,YNL230C,0,-2.5375645,0.09721681475639343,0.9930417537689209,0.9282569289207458
YJR149W,YJL085W,0,-2.5384364,0.09720735251903534,0.9930417537689209,0.9283570051193237
YJL178C,YNL219C,0,-2.5394967,0.09719789773225784,0.9930417537689209,0.9284570813179016
YML049C,YLR164W,0,-2.5396373,0.09718844294548035,0.9930417537689209,0.9285571575164795
YBR081C,YGR010W,0,-2.540192,0.09717898815870285,0.9930417537689209,0.9286571741104126
YIR011C,YKL168C,0,-2.54116,0.09716953337192535,0.9930417537689209,0.9287572503089905
YLR314C,YKR028W,0,-2.5412462,0.09716008603572845,0.9930417537689209,0.9288573265075684
YLR447C,YPR191W,0,-2.5419266,0.09715063869953156,0.9930417537689209,0.9289574027061462
YAR002C-A,YDR476C,0,-2.5429204,0.09714119136333466,0.9930417537689209,0.9290574193000793
YNR035C,YMR143W,0,-2.5453618,0.09713174402713776,0.9930417537689209,0.9291574954986572
YBL041W,YKR069W,0,-2.5456362,0.09712230414152145,0.9930417537689209,0.9292575716972351
YGL186C,YKL189W,0,-2.5458448,0.09711286425590515,0.9930417537689209,0.9293575882911682
YER103W,YGR032W,0,-2.5458958,0.09710342437028885,0.9930417537689209,0.9294576644897461
YNL027W,YLR251W,0,-2.5476418,0.09709398448467255,0.9930417537689209,0.929557740688324
YPR024W,YHR029C,0,-2.5484264,0.09708454459905624,0.9930417537689209,0.9296578168869019
YMR008C,YOR194C,0,-2.5498407,0.09707511216402054,0.9930417537689209,0.929757833480835
YDR371W,YGL010W,0,-2.5507224,0.09706567972898483,0.9930417537689209,0.9298579096794128
YKL168C,YKL022C,0,-2.5534375,0.09705625474452972,0.9930417537689209,0.9299579858779907
YNL052W,YNR035C,0,-2.5534728,0.09704682230949402,0.9930417537689209,0.9300580620765686
YER151C,YGL200C,0,-2.5539076,0.09703739732503891,0.9930417537689209,0.9301580786705017
YGR167W,YHR119W,0,-2.554324,0.0970279723405838,0.9930417537689209,0.9302581548690796
YNL085W,YOL040C,0,-2.555742,0.09701854735612869,0.9930417537689209,0.9303582310676575
YHR029C,YPL122C,0,-2.5561619,0.09700912982225418,0.9930417537689209,0.9304582476615906
YGR180C,YIL061C,0,-2.5562294,0.09699971228837967,0.9930417537689209,0.9305583238601685
YKL171W,YHR057C,0,-2.556725,0.09699029475450516,0.9930417537689209,0.9306584000587463
YMR284W,YJL095W,0,-2.5568416,0.09698087722063065,0.9930417537689209,0.9307584762573242
YNL283C,YMR008C,0,-2.5579996,0.09697145968675613,0.9930417537689209,0.9308584928512573
YLR228C,YPL218W,0,-2.5585082,0.09696204960346222,0.9930417537689209,0.9309585690498352
YAL038W,YKL061W,0,-2.5587523,0.0969526395201683,0.9930417537689209,0.9310586452484131
YIL061C,YMR272C,0,-2.5588567,0.09694322943687439,0.9930417537689209,0.931158721446991
YDR310C,YLR329W,0,-2.5589588,0.09693382680416107,0.9930417537689209,0.9312587380409241
YIR025W,YPL223C,0,-2.5596395,0.09692441672086716,0.9930417537689209,0.931358814239502
YDL225W,YNL239W,0,-2.5607183,0.09691501408815384,0.9930417537689209,0.9314588904380798
YLR153C,YMR304W,0,-2.5608413,0.09690561890602112,0.9930417537689209,0.9315589070320129
YNR067C,YDR497C,0,-2.562187,0.0968962162733078,0.9930417537689209,0.9316589832305908
YHR004C,YHR079C,0,-2.5625393,0.09688682109117508,0.9930417537689209,0.9317590594291687
YLR452C,YER017C,0,-2.5650537,0.09687742590904236,0.9930417537689209,0.9318591356277466
YMR296C,YML056C,0,-2.5651667,0.09686803072690964,0.9930417537689209,0.9319591522216797
YMR146C,YJL172W,0,-2.5653622,0.09685863554477692,0.9930417537689209,0.9320592284202576
YLR107W,YMR008C,0,-2.567158,0.09684924781322479,0.9930417537689209,0.9321593046188354
YKL096W-A,YNL122C,0,-2.5680735,0.09683986008167267,0.9930417537689209,0.9322593808174133
YJL066C,YDR159W,0,-2.5683358,0.09683047235012054,0.9930417537689209,0.9323593974113464
YML030W,YKL061W,0,-2.5697,0.09682109206914902,0.9930417537689209,0.9324594736099243
YHR135C,YOL004W,0,-2.5714226,0.0968117043375969,0.9930417537689209,0.9325595498085022
YKL013C,YMR143W,0,-2.57237,0.09680232405662537,0.9930417537689209,0.9326595664024353
YHR156C,YDR173C,0,-2.57328,0.09679294377565384,0.9930417537689209,0.9327596426010132
YPR083W,YJL214W,0,-2.5755463,0.09678357094526291,0.9930417537689209,0.9328597187995911
YJL085W,YGL259W,0,-2.5767143,0.09677419066429138,0.9930417537689209,0.932959794998169
YNL050C,YHR005C-A,0,-2.5774572,0.09676481783390045,0.9930417537689209,0.933059811592102
YDL054C,YDL078C,0,-2.577629,0.09675544500350952,0.9930417537689209,0.9331598877906799
YNL160W,YOR204W,0,-2.5788715,0.09674607962369919,0.9930417537689209,0.9332599639892578
YBR196C,YLR107W,0,-2.5807202,0.09673670679330826,0.9930417537689209,0.9333600401878357
YJL171C,YJL085W,0,-2.5829995,0.09672734141349792,0.9930417537689209,0.9334600567817688
YAR027W,YFR018C,0,-2.5833166,0.09671797603368759,0.9930417537689209,0.9335601329803467
YKL093W,YLR042C,0,-2.5846417,0.09670861810445786,0.9930417537689209,0.9336602091789246
YML049C,YOR261C,0,-2.585931,0.09669925272464752,0.9930417537689209,0.9337602853775024
YPL064C,YAR027W,0,-2.587123,0.09668989479541779,0.9930417537689209,0.9338603019714355
YPL180W,YNL138W,0,-2.5871458,0.09668053686618805,0.9930417537689209,0.9339603781700134
YER150W,YMR054W,0,-2.5872324,0.09667117893695831,0.9930417537689209,0.9340604543685913
YBR066C,YKL013C,0,-2.5885267,0.09666182845830917,0.9930417537689209,0.9341604709625244
YPL104W,YMR308C,0,-2.5889494,0.09665247797966003,0.9930417537689209,0.9342605471611023
YIL035C,YOR222W,0,-2.59006,0.0966431275010109,0.9930417537689209,0.9343606233596802
YBR066C,YOR222W,0,-2.5940678,0.09663377702236176,0.9930417537689209,0.9344606995582581
YOL141W,YOR285W,0,-2.5952804,0.09662443399429321,0.9930417537689209,0.9345607161521912
YOR054C,YBL112C,0,-2.5952885,0.09661508351564407,0.9930417537689209,0.934660792350769
YMR194W,YNR035C,0,-2.5961528,0.09660574048757553,0.9930417537689209,0.9347608685493469
YOR159C,YBR183W,0,-2.5961926,0.09659640491008759,0.9930417537689209,0.9348609447479248
YPL139C,YHR209W,0,-2.6045854,0.09658706188201904,0.9930417537689209,0.9349609613418579
YBR196C,YDR222W,0,-2.6052268,0.0965777263045311,0.9930417537689209,0.9350610375404358
YBR059C,YKR101W,0,-2.606836,0.09656839072704315,0.9930417537689209,0.9351611137390137
YIL143C,YLL055W,0,-2.6079319,0.0965590551495552,0.9930417537689209,0.9352611303329468
YHL027W,YCR046C,0,-2.6080158,0.09654972702264786,0.9930417537689209,0.9353612065315247
YKR066C,YOR008C,0,-2.6084468,0.09654039144515991,0.9930417537689209,0.9354612827301025
YMR005W,YLR301W,0,-2.6090944,0.09653106331825256,0.9930417537689209,0.9355613589286804
YPR127W,YGR239C,0,-2.6095085,0.09652174264192581,0.9930417537689209,0.9356613755226135
YIL134W,YCR093W,0,-2.61112,0.09651241451501846,0.9930417537689209,0.9357614517211914
YPR030W,YNL122C,0,-2.6117876,0.09650309383869171,0.9930417537689209,0.9358615279197693
YLR321C,YPL087W,0,-2.6139143,0.09649377316236496,0.9930417537689209,0.9359616041183472
YDR306C,YNR006W,0,-2.6143198,0.09648445248603821,0.9930417537689209,0.9360616207122803
YAL016W,YDR369C,0,-2.6146257,0.09647513180971146,0.9930417537689209,0.9361616969108582
YFL014W,YDR404C,0,-2.6148808,0.0964658185839653,0.9930417537689209,0.936261773109436
YJL178C,YJL171C,0,-2.6153533,0.09645650535821915,0.9930417537689209,0.9363617897033691
YHR179W,YNL182C,0,-2.6154945,0.09644719213247299,0.9930417537689209,0.936461865901947
YBR066C,YDR059C,0,-2.6182983,0.09643787890672684,0.9930417537689209,0.9365619421005249
YNR006W,YLR088W,0,-2.6188421,0.09642857313156128,0.9930417537689209,0.9366620182991028
YDR460W,YGL037C,0,-2.6195424,0.09641926735639572,0.9930417537689209,0.9367620348930359
YKR071C,YDL029W,0,-2.6195443,0.09640996158123016,0.9930417537689209,0.9368621110916138
YFL038C,YOR299W,0,-2.6204987,0.0964006558060646,0.9930417537689209,0.9369621872901917
YLR452C,YMR008C,0,-2.621021,0.09639135748147964,0.9930417537689209,0.9370622634887695
YPL276W,YMR034C,0,-2.624565,0.09638205170631409,0.9930417537689209,0.9371622800827026
YJL214W,YOR180C,0,-2.624737,0.09637275338172913,0.9930417537689209,0.9372623562812805
YMR087W,YDR353W,0,-2.6257303,0.09636346250772476,0.9930417537689209,0.9373624324798584
YLR141W,YBR170C,0,-2.6265953,0.0963541641831398,0.9930417537689209,0.9374624490737915
YNL084C,YGL241W,0,-2.6280272,0.09634487330913544,0.9930417537689209,0.9375625252723694
YLR113W,YLR300W,0,-2.629905,0.09633558243513107,0.9930417537689209,0.9376626014709473
YER165W,YJL134W,0,-2.632797,0.09632629156112671,0.9930417537689209,0.9377626776695251
YJL004C,YLR151C,0,-2.633045,0.09631700813770294,0.9930417537689209,0.9378626942634583
YPR026W,YMR182C,0,-2.6337297,0.09630772471427917,0.9930417537689209,0.9379627704620361
YLR141W,YLR278C,0,-2.6338575,0.09629844129085541,0.9930417537689209,0.938062846660614
YJL112W,YLR251W,0,-2.6352317,0.09628915786743164,0.9930417537689209,0.9381629228591919
YPL007C,YCL025C,0,-2.6363847,0.09627987444400787,0.9930417537689209,0.938262939453125
YLR330W,YOR085W,0,-2.6383455,0.0962705984711647,0.9930417537689209,0.9383630156517029
YNL153C,YGR020C,0,-2.6392329,0.09626132249832153,0.9930417537689209,0.9384630918502808
YJR138W,YDR296W,0,-2.6398563,0.09625204652547836,0.9930417537689209,0.9385631084442139
YMR210W,YAL029C,0,-2.6414049,0.09624277800321579,0.9930417537689209,0.9386631846427917
YJR034W,YPR152C,0,-2.6415107,0.09623350203037262,0.9930417537689209,0.9387632608413696
YOL086C,YKL082C,0,-2.6426547,0.09622423350811005,0.9930417537689209,0.9388633370399475
YPR002W,YKL064W,0,-2.642873,0.09621496498584747,0.9930417537689209,0.9389633536338806
YPR194C,YMR300C,0,-2.6443262,0.0962057039141655,0.9930417537689209,0.9390634298324585
YJL034W,YHR164C,0,-2.64468,0.09619643539190292,0.9930417537689209,0.9391635060310364
YDR454C,YPL002C,0,-2.6446855,0.09618717432022095,0.9930417537689209,0.9392635822296143
YLR163C,YOR123C,0,-2.6475735,0.09617791324853897,0.9930417537689209,0.9393635988235474
YDR405W,YGL220W,0,-2.6489866,0.09616865962743759,0.9930417537689209,0.9394636750221252
YBR243C,YLR325C,0,-2.650637,0.09615939855575562,0.9930417537689209,0.9395637512207031
YER125W,YML091C,1,-2.6521108,0.0962463915348053,0.9940357804298401,0.9395637512207031
YOL129W,YIL088C,0,-2.6521757,0.09623713046312332,0.9940357804298401,0.939663827419281
YLL002W,YML028W,0,-2.6526518,0.09622786939144135,0.9940357804298401,0.9397638440132141
YPR137W,YPL218W,0,-2.6528971,0.09621860831975937,0.9940357804298401,0.939863920211792
YDL021W,YGL233W,0,-2.6531148,0.09620935469865799,0.9940357804298401,0.9399639964103699
YJR051W,YAL029C,0,-2.6537187,0.09620009362697601,0.9940357804298401,0.940064013004303
YKL180W,YLR042C,0,-2.6538672,0.09619084000587463,0.9940357804298401,0.9401640892028809
YMR169C,YLR305C,0,-2.655471,0.09618159383535385,0.9940357804298401,0.9402641654014587
YMR123W,YHL034C,0,-2.6559002,0.09617234021425247,0.9940357804298401,0.9403642416000366
YIL035C,YLR301W,0,-2.6564837,0.09616309404373169,0.9940357804298401,0.9404642581939697
YAL060W,YDR138W,0,-2.6583264,0.09615384787321091,0.9940357804298401,0.9405643343925476
YPR194C,YDR310C,0,-2.658449,0.09614460170269012,0.9940357804298401,0.9406644105911255
YGR052W,YDL045W-A,0,-2.6601002,0.09613535553216934,0.9940357804298401,0.9407644867897034
YER101C,YNL052W,0,-2.6605887,0.09612611681222916,0.9940357804298401,0.9408645033836365
YLR329W,YLR219W,0,-2.6620603,0.09611687809228897,0.9940357804298401,0.9409645795822144
YEL031W,YOR355W,0,-2.6649106,0.09610763937234879,0.9940357804298401,0.9410646557807922
YDR059C,YIL046W,0,-2.6652486,0.0960984081029892,0.9940357804298401,0.9411646723747253
YMR090W,YJL117W,0,-2.666299,0.09608916938304901,0.9940357804298401,0.9412647485733032
YNL044W,YOR292C,0,-2.666699,0.09607993811368942,0.9940357804298401,0.9413648247718811
YGR282C,YOL142W,0,-2.6674163,0.09607070684432983,0.9940357804298401,0.941464900970459
YDR196C,YDR470C,0,-2.6677814,0.09606148302555084,0.9940357804298401,0.9415649175643921
YPR091C,YHR057C,0,-2.6690907,0.09605225175619125,0.9940357804298401,0.94166499376297
YPL274W,YPL096W,0,-2.6700437,0.09604302793741226,0.9940357804298401,0.9417650699615479
YBR196C,YPL122C,0,-2.6705167,0.09603380411863327,0.9940357804298401,0.9418651461601257
YDR454C,YGL241W,0,-2.6725128,0.09602458029985428,0.9940357804298401,0.9419651627540588
YJL172W,YOL090W,0,-2.6761267,0.09601536393165588,0.9940357804298401,0.9420652389526367
YKL189W,YNL239W,0,-2.67684,0.09600614756345749,0.9940357804298401,0.9421653151512146
YMR182C,YGL259W,0,-2.6768432,0.0959969311952591,0.9940357804298401,0.9422653317451477
YOL086C,YBR187W,0,-2.6806328,0.0959877148270607,0.9940357804298401,0.9423654079437256
YPL240C,YJR032W,0,-2.6807544,0.0959784984588623,0.9940357804298401,0.9424654841423035
YGL094C,YBR177C,0,-2.682223,0.0959692895412445,0.9940357804298401,0.9425655603408813
YBR120C,YDL227C,0,-2.6835778,0.09596008062362671,0.9940357804298401,0.9426655769348145
YHR079C,YMR304W,0,-2.6876295,0.09595087170600891,0.9940357804298401,0.9427656531333923
YJR127C,YDR151C,0,-2.6896155,0.09594167023897171,0.9940357804298401,0.9428657293319702
YPL218W,YJR130C,0,-2.6896722,0.09593246132135391,0.9940357804298401,0.9429658055305481
YAL054C,YNL258C,0,-2.6911528,0.09592325985431671,0.9940357804298401,0.9430658221244812
YJL112W,YAL038W,0,-2.6915786,0.09591405838727951,0.9940357804298401,0.9431658983230591
YER098W,YNL283C,0,-2.6915987,0.0959048643708229,0.9940357804298401,0.943265974521637
YMR272C,YDR260C,0,-2.6944456,0.0958956629037857,0.9940357804298401,0.9433659911155701
YMR203W,YOR338W,0,-2.6946898,0.0958864688873291,0.9940357804298401,0.943466067314148
YLR295C,YAR027W,0,-2.6955512,0.0958772748708725,0.9940357804298401,0.9435661435127258
YDL055C,YLL043W,0,-2.6973774,0.09586808830499649,0.9940357804298401,0.9436662197113037
YNR006W,YMR240C,0,-2.6988418,0.09585889428853989,0.9940357804298401,0.9437662363052368
YER165W,YOR230W,0,-2.7003212,0.09584970772266388,0.9940357804298401,0.9438663125038147
YML028W,YOL052C,0,-2.7003748,0.09584052115678787,0.9940357804298401,0.9439663887023926
YPR080W,YKR006C,0,-2.700455,0.09583133459091187,0.9940357804298401,0.9440664649009705
YFR021W,YLR043C,0,-2.7011359,0.09582215547561646,0.9940357804298401,0.9441664814949036
YHR004C,YOR038C,0,-2.7013376,0.09581297636032104,0.9940357804298401,0.9442665576934814
YDR167W,YER150W,0,-2.7038114,0.09580379724502563,0.9940357804298401,0.9443666338920593
YBR067C,YLR028C,0,-2.704309,0.09579461812973022,0.9940357804298401,0.9444666504859924
YBR187W,YAR031W,0,-2.705176,0.09578543901443481,0.9940357804298401,0.9445667266845703
YDR233C,YLR251W,0,-2.7060792,0.09577626734972,0.9940357804298401,0.9446668028831482
YBR120C,YOR162C,0,-2.7060838,0.09576709568500519,0.9940357804298401,0.9447668790817261
YOR176W,YLR033W,0,-2.7065132,0.09575792402029037,0.9940357804298401,0.9448668956756592
YPR127W,YOR353C,0,-2.7072113,0.09574875235557556,0.9940357804298401,0.9449669718742371
YBR261C,YDR369C,0,-2.7082083,0.09573958814144135,0.9940357804298401,0.9450670480728149
YMR315W,YOL112W,0,-2.7083127,0.09573042392730713,0.9940357804298401,0.9451671242713928
YJL005W,YMR061W,0,-2.7098827,0.09572125971317291,0.9940357804298401,0.9452671408653259
YFL014W,YDR262W,0,-2.7101786,0.0957120954990387,0.9940357804298401,0.9453672170639038
YIL021W,YPR043W,0,-2.711151,0.09570293873548508,0.9940357804298401,0.9454672932624817
YOR388C,YBR287W,0,-2.7119675,0.09569378197193146,0.9940357804298401,0.9455673694610596
YIL035C,YOL151W,0,-2.7123249,0.09568462520837784,0.9940357804298401,0.9456673860549927
YJL066C,YGR032W,0,-2.7148273,0.09567546844482422,0.9940357804298401,0.9457674622535706
YNL131W,YLL019C,0,-2.7154672,0.0956663191318512,0.9940357804298401,0.9458675384521484
YJR119C,YPR149W,0,-2.717891,0.09565716236829758,0.9940357804298401,0.9459675550460815
YER017C,YOR162C,0,-2.718495,0.09564801305532455,0.9940357804298401,0.9460676312446594
YOL086C,YLR191W,0,-2.7193644,0.09563887119293213,0.9940357804298401,0.9461677074432373
YER013W,YOR230W,0,-2.720225,0.0956297218799591,0.9940357804298401,0.9462677836418152
YPR072W,YFL010W-A,0,-2.7204547,0.09562058001756668,0.9940357804298401,0.9463678002357483
YMR169C,YBR002C,0,-2.7217586,0.09561143815517426,0.9940357804298401,0.9464678764343262
YGR167W,YOR226C,0,-2.7253063,0.09560229629278183,0.9940357804298401,0.946567952632904
YOR038C,YPR149W,0,-2.7254255,0.0955931544303894,0.9940357804298401,0.9466680288314819
YPL252C,YML132W,0,-2.7277029,0.09558402001857758,0.9940357804298401,0.946768045425415
YOR180C,YCL052C,0,-2.7310061,0.09557488560676575,0.9940357804298401,0.9468681216239929
YKR103W,YMR008C,0,-2.7310715,0.09556575119495392,0.9940357804298401,0.9469681978225708
YLL045C,YPL218W,0,-2.7322397,0.09555661678314209,0.9940357804298401,0.9470682144165039
YLR395C,YDR076W,0,-2.7334845,0.09554748982191086,0.9940357804298401,0.9471682906150818
YNL160W,YGL226C-A,0,-2.734868,0.09553835541009903,0.9940357804298401,0.9472683668136597
YGL225W,YGL256W,0,-2.7364337,0.0955292284488678,0.9940357804298401,0.9473684430122375
YJR036C,YBL092W,0,-2.7378557,0.09552010893821716,0.9940357804298401,0.9474684596061707
YOR074C,YDR222W,0,-2.7389297,0.09551098197698593,0.9940357804298401,0.9475685358047485
YKR102W,YPL027W,0,-2.7437208,0.0955018624663353,0.9940357804298401,0.9476686120033264
YOR226C,YNL239W,0,-2.7439482,0.09549274295568466,0.9940357804298401,0.9477686882019043
YLR394W,YMR145C,0,-2.7454436,0.09548362344503403,0.9940357804298401,0.9478687047958374
YDR064W,YMR038C,0,-2.7460096,0.09547451138496399,0.9940357804298401,0.9479687809944153
YNL304W,YFL045C,0,-2.7476785,0.09546539187431335,0.9940357804298401,0.9480688571929932
YPR182W,YPL259C,0,-2.748273,0.09545627981424332,0.9940357804298401,0.9481688737869263
YER125W,YAL043C,1,-2.748689,0.09554261714220047,0.9950298070907593,0.9481688737869263
YBL089W,YOR313C,0,-2.7511146,0.09553349763154984,0.9950298070907593,0.9482689499855042
YNL281W,YGL200C,0,-2.7515035,0.0955243855714798,0.9950298070907593,0.948369026184082
YHL027W,YCR002C,0,-2.753422,0.09551526606082916,0.9950298070907593,0.9484691023826599
YML051W,YLR251W,0,-2.7558463,0.09550615400075912,0.9950298070907593,0.948569118976593
YBR260C,YLR300W,0,-2.7574844,0.09549704194068909,0.9950298070907593,0.9486691951751709
YLR312W-A,YOR299W,0,-2.7583048,0.09548792988061905,0.9950298070907593,0.9487692713737488
YOR251C,YCL017C,1,-2.7627676,0.09557420760393143,0.9960238337516785,0.9487692713737488
YPR035W,YMR200W,0,-2.7631223,0.09556509554386139,0.9960238337516785,0.9488693475723267
YLR264W,YDL045C,0,-2.7631342,0.09555597603321075,0.9960238337516785,0.9489693641662598
YKL119C,YMR039C,0,-2.7650743,0.09554686397314072,0.9960238337516785,0.9490694403648376
YLR157C,YMR038C,0,-2.7653248,0.09553775936365128,0.9960238337516785,0.9491695165634155
YKL082C,YPR160W,0,-2.765549,0.09552864730358124,0.9960238337516785,0.9492695331573486
YDR034C,YNL231C,0,-2.7665267,0.0955195426940918,0.9960238337516785,0.9493696093559265
YDR211W,YOR099W,0,-2.7669086,0.09551043808460236,0.9960238337516785,0.9494696855545044
YEL031W,YLR209C,0,-2.7689478,0.09550133347511292,0.9960238337516785,0.9495697617530823
YHR047C,YDL074C,0,-2.7705946,0.09549223631620407,0.9960238337516785,0.9496697783470154
YJL178C,YDL015C,0,-2.7731135,0.09548313170671463,0.9960238337516785,0.9497698545455933
YOR142W,YBR281C,0,-2.7732284,0.09547403454780579,0.9960238337516785,0.9498699307441711
YKL103C,YBL026W,0,-2.7776072,0.09546493738889694,0.9960238337516785,0.949970006942749
YJR005W,YGL037C,0,-2.777953,0.0954558476805687,0.9960238337516785,0.9500700235366821
YFL048C,YDR337W,0,-2.7813642,0.09544675052165985,0.9960238337516785,0.95017009973526
YNR074C,YGL026C,0,-2.7819653,0.0954376608133316,0.9960238337516785,0.9502701759338379
YPL151C,YML128C,0,-2.782459,0.09542857110500336,0.9960238337516785,0.950370192527771
YMR284W,YNL147W,0,-2.7830868,0.09541948139667511,0.9960238337516785,0.9504702687263489
YER098W,YGL060W,0,-2.7833092,0.09541039913892746,0.9960238337516785,0.9505703449249268
YMR020W,YLR329W,0,-2.7833514,0.09540131688117981,0.9960238337516785,0.9506704211235046
YAR002C-A,YBR281C,0,-2.7847002,0.09539223462343216,0.9960238337516785,0.9507704377174377
YJR151C,YCR002C,0,-2.785957,0.09538315236568451,0.9960238337516785,0.9508705139160156
YKR008W,YMR186W,0,-2.786076,0.09537407010793686,0.9960238337516785,0.9509705901145935
YJL079C,YKL022C,0,-2.7861292,0.0953649953007698,0.9960238337516785,0.9510706663131714
YBR260C,YPL218W,0,-2.7861989,0.09535592049360275,0.9960238337516785,0.9511706829071045
YGL241W,YOL040C,0,-2.786873,0.0953468456864357,0.9960238337516785,0.9512707591056824
YKL166C,YLL055W,0,-2.7877443,0.09533777087926865,0.9960238337516785,0.9513708353042603
YIL088C,YJR031C,0,-2.788947,0.09532870352268219,0.9960238337516785,0.9514709115028381
YIL006W,YJL071W,0,-2.7891843,0.09531963616609573,0.9960238337516785,0.9515709280967712
YGR216C,YKL067W,0,-2.7898705,0.09531056880950928,0.9960238337516785,0.9516710042953491
YML097C,YOR230W,0,-2.7933908,0.09530150145292282,0.9960238337516785,0.951771080493927
YPR149W,YHR082C,0,-2.7936237,0.09529244154691696,0.9960238337516785,0.9518710970878601
YNL008C,YAL039C,0,-2.7947705,0.0952833741903305,0.9960238337516785,0.951971173286438
YMR146C,YBR080C,0,-2.795428,0.09527431428432465,0.9960238337516785,0.9520712494850159
YGR199W,YDR369C,0,-2.7959554,0.09526526182889938,0.9960238337516785,0.9521713256835938
YLR043C,YGR084C,0,-2.7966712,0.09525620192289352,0.9960238337516785,0.9522713422775269
YNR006W,YNL298W,0,-2.7988946,0.09524714946746826,0.9960238337516785,0.9523714184761047
YPL082C,YNL138W,0,-2.799689,0.095238097012043,0.9960238337516785,0.9524714946746826
YGL062W,YBR059C,0,-2.800172,0.09522904455661774,0.9960238337516785,0.9525715708732605
YDR170C,YLR251W,0,-2.8003814,0.09521999210119247,0.9960238337516785,0.9526715874671936
YLR314C,YAL017W,0,-2.800834,0.09521094709634781,0.9960238337516785,0.9527716636657715
YPL240C,YLL004W,0,-2.801464,0.09520190209150314,0.9960238337516785,0.9528717398643494
YDR453C,YBR172C,0,-2.8030887,0.09519285708665848,0.9960238337516785,0.9529717564582825
YDR460W,YOL004W,0,-2.804975,0.09518381208181381,0.9960238337516785,0.9530718326568604
YGR032W,YNR002C,0,-2.8053176,0.09517477452754974,0.9960238337516785,0.9531719088554382
YBR031W,YGL019W,0,-2.8057182,0.09516572952270508,0.9960238337516785,0.9532719850540161
YOR292C,YPL082C,0,-2.806554,0.09515669196844101,0.9960238337516785,0.9533720016479492
YJL214W,YHR168W,0,-2.807708,0.09514766186475754,0.9960238337516785,0.9534720778465271
YIL108W,YPR002W,0,-2.8079884,0.09513862431049347,0.9960238337516785,0.953572154045105
YKL171W,YNR028W,0,-2.8094478,0.09512959420681,0.9960238337516785,0.9536722302436829
YML032C,YNL239W,0,-2.8107903,0.09512056410312653,0.9960238337516785,0.953772246837616
YMR054W,YLL019C,0,-2.8127995,0.09511153399944305,0.9960238337516785,0.9538723230361938
YOR038C,YMR304W,0,-2.8132722,0.09510250389575958,0.9960238337516785,0.9539723992347717
YGL037C,YCR026C,0,-2.8132927,0.09509348124265671,0.9960238337516785,0.9540724158287048
YDR030C,YMR173W,0,-2.8133914,0.09508445858955383,0.9960238337516785,0.9541724920272827
YLR447C,YER090W,0,-2.8139312,0.09507543593645096,0.9960238337516785,0.9542725682258606
YIL006W,YOR299W,0,-2.8150492,0.09506641328334808,0.9960238337516785,0.9543726444244385
YHR132C,YPR159W,0,-2.8161516,0.0950573980808258,0.9960238337516785,0.9544726610183716
YLR113W,YBR282W,0,-2.8167908,0.09504837542772293,0.9960238337516785,0.9545727372169495
YHR029C,YDR081C,0,-2.8216805,0.09503936022520065,0.9960238337516785,0.9546728134155273
YMR145C,YDR353W,0,-2.8239887,0.09503035247325897,0.9960238337516785,0.9547728896141052
YNL304W,YGR027C,0,-2.8258555,0.0950213372707367,0.9960238337516785,0.9548729062080383
YOR382W,YLR153C,0,-2.8297703,0.09501232951879501,0.9960238337516785,0.9549729824066162
YLL029W,YCR002C,0,-2.830313,0.09500332176685333,0.9960238337516785,0.9550730586051941
YLR447C,YPR011C,0,-2.8314788,0.09499431401491165,0.9960238337516785,0.9551730751991272
YER055C,YBR080C,0,-2.8330257,0.09498530626296997,0.9960238337516785,0.9552731513977051
YMR238W,YPL087W,0,-2.8344758,0.09497630596160889,0.9960238337516785,0.955373227596283
YGL037C,YPR083W,0,-2.834726,0.0949672982096672,0.9960238337516785,0.9554733037948608
YER125W,YJL125C,1,-2.8363698,0.09505306929349899,0.9970179200172424,0.9554733037948608
YPL112C,YBR026C,0,-2.8368466,0.09504406154155731,0.9970179200172424,0.955573320388794
YHR082C,YLR301W,0,-2.8382843,0.09503506124019623,0.9970179200172424,0.9556733965873718
YOR147W,YBR006W,0,-2.8402336,0.09502605348825455,0.9970179200172424,0.9557734727859497
YKL001C,YLL043W,0,-2.8414915,0.09501705318689346,0.9970179200172424,0.9558735489845276
YEL031W,YJL060W,0,-2.8418577,0.09500805288553238,0.9970179200172424,0.9559735655784607
YNL160W,YLR295C,0,-2.843005,0.0949990525841713,0.9970179200172424,0.9560736417770386
YGR199W,YKL067W,0,-2.843838,0.09499005228281021,0.9970179200172424,0.9561737179756165
YDL215C,YIL046W,0,-2.8465679,0.09498105943202972,0.9970179200172424,0.9562737345695496
YBR059C,YKR055W,0,-2.8466008,0.09497206658124924,0.9970179200172424,0.9563738107681274
YDR254W,YEL030W,0,-2.8467224,0.09496307373046875,0.9970179200172424,0.9564738869667053
YER013W,YLR028C,0,-2.8467455,0.09495408833026886,0.9970179200172424,0.9565739631652832
YDR460W,YFL021W,0,-2.8471258,0.09494509547948837,0.9970179200172424,0.9566739797592163
YER185W,YNL302C,0,-2.8489287,0.09493611007928848,0.9970179200172424,0.9567740559577942
YPL139C,YIR038C,0,-2.8496673,0.09492712467908859,0.9970179200172424,0.9568741321563721
YMR296C,YCR002C,0,-2.8505473,0.0949181392788887,0.9970179200172424,0.95697420835495
YBL041W,YDL140C,0,-2.852616,0.09490916132926941,0.9970179200172424,0.9570742249488831
YGR070W,YDL225W,0,-2.8534667,0.09490018337965012,0.9970179200172424,0.9571743011474609
YNR006W,YKL175W,0,-2.853597,0.09489119797945023,0.9970179200172424,0.9572743773460388
YDR174W,YJL172W,0,-2.8536258,0.09488222748041153,0.9970179200172424,0.9573744535446167
YGL030W,YGR222W,0,-2.8539104,0.09487324953079224,0.9970179200172424,0.9574744701385498
YDR254W,YIL135C,0,-2.8565714,0.09486427903175354,0.9970179200172424,0.9575745463371277
YDR405W,YCR002C,0,-2.8594263,0.09485530853271484,0.9970179200172424,0.9576746225357056
YLL045C,YIL140W,0,-2.86073,0.09484633803367615,0.9970179200172424,0.9577746391296387
YBR247C,YOR237W,0,-2.8621008,0.09483736753463745,0.9970179200172424,0.9578747153282166
YKL166C,YBR230C,0,-2.8630083,0.09482840448617935,0.9970179200172424,0.9579747915267944
YJL060W,YPL244C,0,-2.863734,0.09481943398714066,0.9970179200172424,0.9580748677253723
YLR080W,YNL267W,0,-2.8655827,0.09481047093868256,0.9970179200172424,0.9581748843193054
YPR002W,YAR031W,0,-2.866143,0.09480151534080505,0.9970179200172424,0.9582749605178833
YKL210W,YDR410C,0,-2.868003,0.09479255229234695,0.9970179200172424,0.9583750367164612
YNL297C,YPR190C,0,-2.8690927,0.09478359669446945,0.9970179200172424,0.9584751129150391
YNL085W,YPL087W,0,-2.8693752,0.09477464109659195,0.9970179200172424,0.9585751295089722
YNR004W,YML132W,0,-2.871723,0.09476568549871445,0.9970179200172424,0.95867520570755
YOL082W,YOR085W,0,-2.8719406,0.09475672990083694,0.9970179200172424,0.9587752819061279
YNL044W,YJL149W,0,-2.872343,0.09474778175354004,0.9970179200172424,0.958875298500061
YLL019C,YGR199W,0,-2.8739195,0.09473883360624313,0.9970179200172424,0.9589753746986389
YJL034W,YKL003C,0,-2.8762367,0.09472988545894623,0.9970179200172424,0.9590754508972168
YNR021W,YLR042C,0,-2.8764496,0.09472093731164932,0.9970179200172424,0.9591755270957947
YHR029C,YOR212W,0,-2.8778512,0.09471198916435242,0.9970179200172424,0.9592755436897278
YJL112W,YLL019C,0,-2.8788064,0.09470304846763611,0.9970179200172424,0.9593756198883057
YJL194W,YHR179W,0,-2.8788464,0.0946941077709198,0.9970179200172424,0.9594756960868835
YPR125W,YLR301W,0,-2.8801763,0.09468516707420349,0.9970179200172424,0.9595757722854614
YHR029C,YNL107W,0,-2.8817942,0.09467623382806778,0.9970179200172424,0.9596757888793945
YPL151C,YPR149W,0,-2.882072,0.09466729313135147,0.9970179200172424,0.9597758650779724
YOL066C,YOR008C,0,-2.8832705,0.09465835988521576,0.9970179200172424,0.9598759412765503
YMR315W,YGR239C,0,-2.8847673,0.09464942663908005,0.9970179200172424,0.9599759578704834
YPL104W,YAL040C,0,-2.8857257,0.09464050084352493,0.9970179200172424,0.9600760340690613
YLL029W,YOR123C,0,-2.8887742,0.09463156759738922,0.9970179200172424,0.9601761102676392
YDR144C,YAL038W,0,-2.88957,0.0946226418018341,0.9970179200172424,0.960276186466217
YOR084W,YDR262W,0,-2.8897998,0.09461371600627899,0.9970179200172424,0.9603762030601501
YLL051C,YDR254W,0,-2.8900163,0.09460479021072388,0.9970179200172424,0.960476279258728
YGL241W,YDR353W,0,-2.890951,0.09459587186574936,0.9970179200172424,0.9605763554573059
YPR026W,YLR309C,0,-2.8915422,0.09458694607019424,0.9970179200172424,0.9606764316558838
YGL225W,YKL096W-A,0,-2.8922527,0.09457802772521973,0.9970179200172424,0.9607764482498169
YGL180W,YDR195W,0,-2.892701,0.09456910938024521,0.9970179200172424,0.9608765244483948
YOR215C,YCR002C,0,-2.895634,0.09456019848585129,0.9970179200172424,0.9609766006469727
YDR064W,YDL035C,0,-2.8980825,0.09455128014087677,0.9970179200172424,0.9610766172409058
YGL112C,YJL171C,0,-2.8990123,0.09454236924648285,0.9970179200172424,0.9611766934394836
YPL240C,YPL098C,0,-2.8995965,0.09453345835208893,0.9970179200172424,0.9612767696380615
YMR061W,YMR304W,0,-2.9000926,0.09452454745769501,0.9970179200172424,0.9613768458366394
YMR090W,YEL062W,0,-2.9001324,0.09451564401388168,0.9970179200172424,0.9614768624305725
YHR074W,YKL096W-A,0,-2.9034364,0.09450674057006836,0.9970179200172424,0.9615769386291504
YJR138W,YKL022C,0,-2.903465,0.09449782967567444,0.9970179200172424,0.9616770148277283
YPR127W,YJL095W,0,-2.9043431,0.09448893368244171,0.9970179200172424,0.9617770910263062
YIL088C,YDR429C,0,-2.9046443,0.09448003023862839,0.9970179200172424,0.9618771076202393
YBR002C,YPL240C,0,-2.9108777,0.09447113424539566,0.9970179200172424,0.9619771838188171
YHR079C,YPR160W,0,-2.9109776,0.09446223080158234,0.9970179200172424,0.962077260017395
YPR191W,YDR497C,0,-2.9116826,0.09445333480834961,0.9970179200172424,0.9621772766113281
YDR411C,YNR028W,0,-2.911852,0.09444444626569748,0.9970179200172424,0.962277352809906
YLR386W,YBR031W,0,-2.9135916,0.09443555027246475,0.9970179200172424,0.9623774290084839
YER090W,YPR043W,0,-2.9155638,0.09442666172981262,0.9970179200172424,0.9624775052070618
YOL129W,YDR378C,0,-2.9189398,0.09441777318716049,0.9970179200172424,0.9625775218009949
YOR388C,YJL103C,0,-2.9210274,0.09440888464450836,0.9970179200172424,0.9626775979995728
YIL021W,YCL057W,0,-2.922249,0.09440000355243683,0.9970179200172424,0.9627776741981506
YDL245C,YPL196W,0,-2.9229472,0.0943911150097847,0.9970179200172424,0.9628777503967285
YDR079W,YIL143C,0,-2.9241872,0.09438223391771317,0.9970179200172424,0.9629777669906616
YGR020C,YGR255C,0,-2.9243162,0.09437335282564163,0.9970179200172424,0.9630778431892395
YHR175W,YMR321C,0,-2.924588,0.0943644717335701,0.9970179200172424,0.9631779193878174
YJR127C,YNR028W,0,-2.9275978,0.09435559809207916,0.9970179200172424,0.9632779955863953
YOR209C,YHR008C,0,-2.9292436,0.09434672445058823,0.9970179200172424,0.9633780121803284
YGL200C,YPL129W,0,-2.9309404,0.09433785080909729,0.9970179200172424,0.9634780883789062
YHR132C,YDR353W,0,-2.9313095,0.09432897716760635,0.9970179200172424,0.9635781645774841
YDR512C,YJR138W,0,-2.9324622,0.09432010352611542,0.9970179200172424,0.9636781811714172
YBR052C,YPR198W,0,-2.934252,0.09431123733520508,0.9970179200172424,0.9637782573699951
YOR147W,YHL034C,0,-2.9345849,0.09430237114429474,0.9970179200172424,0.963878333568573
YNL307C,YLR153C,0,-2.9359164,0.0942935049533844,0.9970179200172424,0.9639784097671509
YML028W,YKL205W,0,-2.9360983,0.09428463876247406,0.9970179200172424,0.964078426361084
YOL082W,YOR251C,0,-2.9376452,0.09427578002214432,0.9970179200172424,0.9641785025596619
YJL171C,YGL060W,0,-2.9379337,0.09426691383123398,0.9970179200172424,0.9642785787582397
YBR145W,YJR101W,0,-2.9381802,0.09425805509090424,0.9970179200172424,0.9643786549568176
YHR006W,YOR251C,1,-2.9387147,0.0943431705236435,0.9980119466781616,0.9643786549568176
YPL099C,YNR028W,0,-2.9388583,0.09433430433273315,0.9980119466781616,0.9644786715507507
YEL031W,YMR238W,0,-2.9409678,0.09432543814182281,0.9980119466781616,0.9645787477493286
YBR052C,YAL029C,0,-2.9454558,0.09431657940149307,0.9980119466781616,0.9646788239479065
YBR052C,YDR497C,0,-2.9460645,0.09430772066116333,0.9980119466781616,0.9647788405418396
YPL151C,YER130C,0,-2.9461944,0.09429886192083359,0.9980119466781616,0.9648789167404175
YFR045W,YBR067C,0,-2.9477065,0.09429001063108444,0.9980119466781616,0.9649789929389954
YOL040C,YNR010W,0,-2.9489453,0.0942811518907547,0.9980119466781616,0.9650790691375732
YMR169C,YKL186C,0,-2.949105,0.09427230060100555,0.9980119466781616,0.9651790857315063
YKL130C,YPL087W,0,-2.9518058,0.09426344931125641,0.9980119466781616,0.9652791619300842
YPL094C,YLR251W,0,-2.9520686,0.09425459802150726,0.9980119466781616,0.9653792381286621
YNL230C,YGL163C,0,-2.952098,0.09424575418233871,0.9980119466781616,0.96547931432724
YGR225W,YCL025C,0,-2.952866,0.09423690289258957,0.9980119466781616,0.9655793309211731
YOL086C,YNL138W,0,-2.9620705,0.09422805905342102,0.9980119466781616,0.965679407119751
YDL070W,YBR026C,0,-2.9657428,0.09421922266483307,0.9980119466781616,0.9657794833183289
YML028W,YLL027W,0,-2.9679377,0.09421037882566452,0.9980119466781616,0.965879499912262
YNL138W,YFR036W,0,-2.9694614,0.09420154243707657,0.9980119466781616,0.9659795761108398
YAL016W,YBR281C,0,-2.9697864,0.09419269859790802,0.9980119466781616,0.9660796523094177
YPR191W,YPR149W,0,-2.970381,0.09418386220932007,0.9980119466781616,0.9661797285079956
YIL088C,YNL052W,0,-2.97073,0.09417503327131271,0.9980119466781616,0.9662797451019287
YNR028W,YGR222W,0,-2.9728332,0.09416619688272476,0.9980119466781616,0.9663798213005066
YOR317W,YMR200W,0,-2.973518,0.09415736794471741,0.9980119466781616,0.9664798974990845
YNL202W,YFR036W,0,-2.9780543,0.09414853900671005,0.9980119466781616,0.9665799736976624
YPL002C,YOL151W,0,-2.9786131,0.0941397100687027,0.9980119466781616,0.9666799902915955
YJR138W,YDR081C,0,-2.980653,0.09413088113069534,0.9980119466781616,0.9667800664901733
YML051W,YOR285W,0,-2.9835107,0.09412205964326859,0.9980119466781616,0.9668801426887512
YOR054C,YBL113C,0,-2.9843924,0.09411323815584183,0.9980119466781616,0.9669801592826843
YNR044W,YKR006C,0,-2.9895017,0.09410441666841507,0.9980119466781616,0.9670802354812622
YLR224W,YLR251W,0,-2.9908297,0.09409559518098831,0.9980119466781616,0.9671803116798401
YAL060W,YEL036C,0,-2.9932668,0.09408677369356155,0.9980119466781616,0.967280387878418
YER151C,YJL141C,0,-2.9944217,0.0940779596567154,0.9980119466781616,0.9673804044723511
YLR353W,YLR270W,0,-2.9979951,0.09406914561986923,0.9980119466781616,0.967480480670929
YGR225W,YBR275C,0,-2.999643,0.09406033158302307,0.9980119466781616,0.9675805568695068
YML032C,YJL171C,0,-2.9998527,0.09405152499675751,0.9980119466781616,0.9676806330680847
YLR447C,YPR060C,0,-3.000807,0.09404271095991135,0.9980119466781616,0.9677806496620178
YHR119W,YBR026C,0,-3.006164,0.09403390437364578,0.9980119466781616,0.9678807258605957
YER101C,YER145C,0,-3.00774,0.09402509778738022,0.9980119466781616,0.9679808020591736
YML049C,YKL168C,0,-3.0081081,0.09401629120111465,0.9980119466781616,0.9680808782577515
YMR090W,YLL033W,0,-3.0119135,0.09400749206542969,0.9980119466781616,0.9681808948516846
YCR030C,YNL026W,0,-3.0134518,0.09399869292974472,0.9980119466781616,0.9682809710502625
YGR268C,YMR213W,0,-3.0151756,0.09398988634347916,0.9980119466781616,0.9683810472488403
YJL024C,YPL096W,0,-3.0163767,0.09398109465837479,0.9980119466781616,0.9684810638427734
YHR174W,YOR222W,0,-3.016493,0.09397229552268982,0.9980119466781616,0.9685811400413513
YHR030C,YMR033W,0,-3.0167568,0.09396350383758545,0.9980119466781616,0.9686812162399292
YOL086C,YIL135C,0,-3.0171525,0.09395470470190048,0.9980119466781616,0.9687812924385071
YBR052C,YGR118W,0,-3.0209672,0.09394591301679611,0.9980119466781616,0.9688813090324402
YKL085W,YGL220W,0,-3.021273,0.09393712878227234,0.9980119466781616,0.9689813852310181
YML032C,YLR390W,0,-3.0216153,0.09392833709716797,0.9980119466781616,0.969081461429596
YIR038C,YLR026C,0,-3.0258505,0.0939195528626442,0.9980119466781616,0.9691815376281738
YJR151C,YGL190C,0,-3.0262206,0.09391076862812042,0.9980119466781616,0.9692815542221069
YOL129W,YMR203W,0,-3.0287437,0.09390198439359665,0.9980119466781616,0.9693816304206848
YOR148C,YNL239W,0,-3.0290108,0.09389320015907288,0.9980119466781616,0.9694817066192627
YEL037C,YHR209W,0,-3.0292876,0.0938844233751297,0.9980119466781616,0.9695817232131958
YJR036C,YFL013C,0,-3.0294144,0.09387563914060593,0.9980119466781616,0.9696817994117737
YDR512C,YDR174W,0,-3.0297086,0.09386686980724335,0.9980119466781616,0.9697818756103516
YKR055W,YPR127W,0,-3.0298579,0.09385809302330017,0.9980119466781616,0.9698819518089294
YJR127C,YNR006W,0,-3.030886,0.093849316239357,0.9980119466781616,0.9699819684028625
YJR127C,YPR002W,0,-3.0337186,0.09384054690599442,0.9980119466781616,0.9700820446014404
YBR031W,YER130C,0,-3.0346003,0.09383177757263184,0.9980119466781616,0.9701821208000183
YBR052C,YOR085W,0,-3.0368114,0.09382300823926926,0.9980119466781616,0.9702821969985962
YAL017W,YCL057W,0,-3.039169,0.09381423890590668,0.9980119466781616,0.9703822135925293
YHR012W,YJL034W,0,-3.0393398,0.0938054770231247,0.9980119466781616,0.9704822897911072
YGR238C,YGR271W,0,-3.0428007,0.09379671514034271,0.9980119466781616,0.9705823659896851
YNL160W,YGL190C,0,-3.0445585,0.09378795325756073,0.9980119466781616,0.9706823825836182
YMR033W,YJL082W,0,-3.0450883,0.09377919137477875,0.9980119466781616,0.970782458782196
YMR038C,YOL136C,0,-3.0453975,0.09377042949199677,0.9980119466781616,0.9708825349807739
YFL057C,YDR508C,0,-3.0456893,0.09376167505979538,0.9980119466781616,0.9709826111793518
YNL138W,YMR308C,0,-3.0483358,0.093752920627594,0.9980119466781616,0.9710826277732849
YGL172W,YAL016W,0,-3.0487154,0.09374416619539261,0.9980119466781616,0.9711827039718628
YER151C,YKL007W,0,-3.0533102,0.09373541176319122,0.9980119466781616,0.9712827801704407
YBR010W,YBR173C,0,-3.0538645,0.09372666478157043,0.9980119466781616,0.9713828563690186
YNL016W,YKR068C,0,-3.0548923,0.09371791034936905,0.9980119466781616,0.9714828729629517
YNL153C,YPR043W,0,-3.0551646,0.09370916336774826,0.9980119466781616,0.9715829491615295
YAR002C-A,YOR142W,0,-3.0560572,0.09370041638612747,0.9980119466781616,0.9716830253601074
YEL052W,YGR282C,0,-3.0599368,0.09369167685508728,0.9980119466781616,0.9717830419540405
YPL188W,YHR008C,0,-3.0606096,0.09368293732404709,0.9980119466781616,0.9718831181526184
YKR002W,YKL168C,0,-3.0637891,0.0936741903424263,0.9980119466781616,0.9719831943511963
YER175C,YJR101W,0,-3.0639,0.09366545081138611,0.9980119466781616,0.9720832705497742
YCR030C,YKL130C,0,-3.0691512,0.09365671873092651,0.9980119466781616,0.9721832871437073
YOL086C,YDL084W,0,-3.0693862,0.09364797919988632,0.9980119466781616,0.9722833633422852
YNL008C,YJL082W,0,-3.0730388,0.09363924711942673,0.9980119466781616,0.972383439540863
YNL131W,YGR185C,0,-3.0731895,0.09363051503896713,0.9980119466781616,0.9724835157394409
YDR353W,YML132W,0,-3.0765412,0.09362178295850754,0.9980119466781616,0.972583532333374
YGL068W,YPL099C,0,-3.0771716,0.09361305087804794,0.9980119466781616,0.9726836085319519
YHR077C,YNL092W,0,-3.0775168,0.09360432624816895,0.9980119466781616,0.9727836847305298
YNL079C,YPR198W,0,-3.078707,0.09359560161828995,0.9980119466781616,0.9728837013244629
YGR144W,YMR295C,0,-3.078934,0.09358687698841095,0.9980119466781616,0.9729837775230408
YBR128C,YFL013C,0,-3.0806067,0.09357815235853195,0.9980119466781616,0.9730838537216187
YHR179W,YOR204W,0,-3.0836437,0.09356943517923355,0.9980119466781616,0.9731839299201965
YPR162C,YGL037C,0,-3.0849195,0.09356071054935455,0.9980119466781616,0.9732839465141296
YDR337W,YLL033W,0,-3.0857768,0.09355199337005615,0.9980119466781616,0.9733840227127075
YOR038C,YBR145W,0,-3.0872636,0.09354327619075775,0.9980119466781616,0.9734840989112854
YGL037C,YJL095W,0,-3.0891998,0.09353456646203995,0.9980119466781616,0.9735841751098633
YCR030C,YGR020C,0,-3.090147,0.09352584928274155,0.9980119466781616,0.9736841917037964
YBR196C,YLR208W,0,-3.0935957,0.09351713955402374,0.9980119466781616,0.9737842679023743
YMR093W,YHR174W,0,-3.100568,0.09350842982530594,0.9980119466781616,0.9738843441009521
YBL041W,YGL103W,0,-3.1029642,0.09349972009658813,0.9980119466781616,0.97398442029953
YOR142W,YOR085W,0,-3.10384,0.09349101036787033,0.9980119466781616,0.9740844368934631
YDR151C,YMR159C,0,-3.1069498,0.09348230808973312,0.9980119466781616,0.974184513092041
YLR141W,YJL144W,0,-3.106984,0.09347360581159592,0.9980119466781616,0.9742845892906189
YBR006W,YOR338W,0,-3.1103342,0.09346490353345871,0.9980119466781616,0.974384605884552
YLR386W,YBR026C,0,-3.1137252,0.0934562012553215,0.9980119466781616,0.9744846820831299
YPR035W,YCR002C,0,-3.115543,0.09344750642776489,0.9980119466781616,0.9745847582817078
YKL203C,YPR127W,0,-3.117701,0.09343881160020828,0.9980119466781616,0.9746848344802856
YHL034C,YPR149W,0,-3.1177044,0.09343011677265167,0.9980119466781616,0.9747848510742188
YJR051W,YNR018W,0,-3.1202583,0.09342142194509506,0.9980119466781616,0.9748849272727966
YHR179W,YJL085W,0,-3.1205447,0.09341272711753845,0.9980119466781616,0.9749850034713745
YGL172W,YDR059C,0,-3.121131,0.09340403974056244,0.9980119466781616,0.9750850796699524
YMR039C,YMR115W,0,-3.1217785,0.09339535236358643,0.9980119466781616,0.9751850962638855
YDR411C,YPR159W,0,-3.1220534,0.09338666498661041,0.9980119466781616,0.9752851724624634
YJL024C,YJL082W,0,-3.127373,0.0933779776096344,0.9980119466781616,0.9753852486610413
YNL267W,YCL043C,0,-3.1283138,0.09336929023265839,0.9980119466781616,0.9754852652549744
YDL078C,YPR002W,0,-3.1302073,0.09336061030626297,0.9980119466781616,0.9755853414535522
YBR059C,YLL033W,0,-3.1367645,0.09335193037986755,0.9980119466781616,0.9756854176521301
YHR174W,YDR472W,0,-3.1382813,0.09334325045347214,0.9980119466781616,0.975785493850708
YHR174W,YBR173C,0,-3.138425,0.09333457052707672,0.9980119466781616,0.9758855104446411
YMR089C,YLL055W,0,-3.140084,0.0933258980512619,0.9980119466781616,0.975985586643219
YGR281W,YIL048W,0,-3.1542795,0.09331722557544708,0.9980119466781616,0.9760856628417969
YNL008C,YIL006W,0,-3.1567767,0.09330855309963226,0.9980119466781616,0.9761857390403748
YGL203C,YMR250W,0,-3.1570976,0.09329988062381744,0.9980119466781616,0.9762857556343079
YHR174W,YHR085W,0,-3.159716,0.09329120814800262,0.9980119466781616,0.9763858318328857
YOR216C,YGL037C,0,-3.163552,0.0932825431227684,0.9980119466781616,0.9764859080314636
YLR395C,YJR130C,0,-3.1680896,0.09327387809753418,0.9980119466781616,0.9765859246253967
YML112W,YAL039C,0,-3.1695936,0.09326521307229996,0.9980119466781616,0.9766860008239746
YHR005C-A,YPL104W,0,-3.171412,0.09325654804706573,0.9980119466781616,0.9767860770225525
YPR191W,YNL298W,0,-3.1753867,0.09324789047241211,0.9980119466781616,0.9768861532211304
YIL142W,YPL087W,0,-3.1756074,0.09323922544717789,0.9980119466781616,0.9769861698150635
YML028W,YJR101W,0,-3.1763134,0.09323056787252426,0.9980119466781616,0.9770862460136414
YJL034W,YOL045W,0,-3.1768177,0.09322191029787064,0.9980119466781616,0.9771863222122192
YML112W,YGR255C,0,-3.1774056,0.09321326017379761,0.9980119466781616,0.9772863984107971
YDR371W,YHR174W,0,-3.1881316,0.09320460259914398,0.9980119466781616,0.9773864150047302
YLL003W,YMR173W,0,-3.1883993,0.09319595247507095,0.9980119466781616,0.9774864912033081
YGR167W,YGL226C-A,0,-3.1967294,0.09318730235099792,0.9980119466781616,0.977586567401886
YOR099W,YDR508C,0,-3.1982315,0.0931786522269249,0.9980119466781616,0.9776865839958191
YLR285W,YBL076C,0,-3.199988,0.09317000955343246,0.9980119466781616,0.977786660194397
YJL034W,YLR312W-A,0,-3.2006047,0.09316135942935944,0.9980119466781616,0.9778867363929749
YPR189W,YHR179W,0,-3.2093813,0.093152716755867,0.9980119466781616,0.9779868125915527
YGR268C,YPL129W,0,-3.2117662,0.09314407408237457,0.9980119466781616,0.9780868291854858
YKR055W,YJL155C,0,-3.217601,0.09313543885946274,0.9980119466781616,0.9781869053840637
YJR006W,YPL002C,0,-3.2189972,0.0931267961859703,0.9980119466781616,0.9782869815826416
YPL087W,YMR295C,0,-3.2193449,0.09311816096305847,0.9980119466781616,0.9783870577812195
YOR219C,YEL056W,0,-3.222233,0.09310952574014664,0.9980119466781616,0.9784870743751526
YHL034C,YNL027W,0,-3.2227004,0.0931008905172348,0.9980119466781616,0.9785871505737305
YKL174C,YCL043C,0,-3.223524,0.09309225529432297,0.9980119466781616,0.9786872267723083
YOR323C,YKL094W,0,-3.2240334,0.09308362752199173,0.9980119466781616,0.9787872433662415
YKL013C,YNL044W,0,-3.2261646,0.09307499974966049,0.9980119466781616,0.9788873195648193
YHR175W,YOR187W,0,-3.2263157,0.09306637197732925,0.9980119466781616,0.9789873957633972
YDR429C,YDR353W,0,-3.2273443,0.09305774420499802,0.9980119466781616,0.9790874719619751
YAL016W,YDR508C,0,-3.227928,0.09304911643266678,0.9980119466781616,0.9791874885559082
YBR183W,YDL039C,0,-3.2306113,0.09304049611091614,0.9980119466781616,0.9792875647544861
YML032C,YBR243C,0,-3.2315774,0.0930318757891655,0.9980119466781616,0.979387640953064
YDR034C,YFL021W,0,-3.2395918,0.09302325546741486,0.9980119466781616,0.9794877171516418
YER125W,YHR187W,1,-3.240314,0.09310728311538696,0.9990059733390808,0.9794877171516418
YBR081C,YDL097C,0,-3.24418,0.09309865534305573,0.9990059733390808,0.979587733745575
YJL079C,YPL096W,0,-3.2454803,0.09309003502130508,0.9990059733390808,0.9796878099441528
YKL210W,YGR222W,0,-3.2487772,0.09308141469955444,0.9990059733390808,0.9797878861427307
YAL060W,YOL158C,0,-3.2500026,0.0930727943778038,0.9990059733390808,0.9798879623413086
YMR319C,YOL151W,0,-3.25273,0.09306417405605316,0.9990059733390808,0.9799879789352417
YLL051C,YDL142C,0,-3.259249,0.09305555373430252,0.9990059733390808,0.9800880551338196
YGL010W,YDR353W,0,-3.2616246,0.09304694086313248,0.9990059733390808,0.9801881313323975
YCR011C,YNL258C,0,-3.263072,0.09303832799196243,0.9990059733390808,0.9802881479263306
YBR067C,YPL087W,0,-3.2640972,0.09302971512079239,0.9990059733390808,0.9803882241249084
YHR174W,YLL043W,0,-3.265023,0.09302110224962234,0.9990059733390808,0.9804883003234863
YGL083W,YML128C,0,-3.2657955,0.0930124968290329,0.9990059733390808,0.9805883765220642
YBR081C,YMR054W,0,-3.2664442,0.09300388395786285,0.9990059733390808,0.9806883931159973
YPL099C,YOL158C,0,-3.2677891,0.09299527853727341,0.9990059733390808,0.9807884693145752
YKL013C,YKL180W,0,-3.275906,0.09298667311668396,0.9990059733390808,0.9808885455131531
YKL095W,YBR192W,0,-3.2770727,0.09297807514667511,0.9990059733390808,0.980988621711731
YDR351W,YNL131W,0,-3.282874,0.09296946972608566,0.9990059733390808,0.9810886383056641
YDL107W,YOR138C,0,-3.288809,0.09296087175607681,0.9990059733390808,0.9811887145042419
YDR306C,YNR028W,0,-3.2904751,0.09295227378606796,0.9990059733390808,0.9812887907028198
YIL134W,YPL131W,0,-3.2909963,0.09294367581605911,0.9990059733390808,0.9813888072967529
YFL013C,YGL259W,0,-3.2910001,0.09293508529663086,0.9990059733390808,0.9814888834953308
YAL063C,YBR230C,0,-3.2926846,0.09292648732662201,0.9990059733390808,0.9815889596939087
YKL064W,YMR115W,0,-3.2939298,0.09291789680719376,0.9990059733390808,0.9816890358924866
YHR175W,YLL019C,0,-3.2983286,0.0929093062877655,0.9990059733390808,0.9817890524864197
YBR196C,YDR415C,0,-3.3012555,0.09290072321891785,0.9990059733390808,0.9818891286849976
YGL172W,YDL015C,0,-3.3018067,0.0928921326994896,0.9990059733390808,0.9819892048835754
YMR169C,YJR006W,0,-3.302519,0.09288354963064194,0.9990059733390808,0.9820892810821533
YGR282C,YML109W,0,-3.311093,0.09287496656179428,0.9990059733390808,0.9821892976760864
YOR176W,YPL273W,0,-3.3132641,0.09286638349294662,0.9990059733390808,0.9822893738746643
YOR317W,YPL112C,0,-3.3160193,0.09285780042409897,0.9990059733390808,0.9823894500732422
YPR149W,YBR173C,0,-3.317651,0.09284922480583191,0.9990059733390808,0.9824894666671753
YER151C,YOL107W,0,-3.3184361,0.09284064918756485,0.9990059733390808,0.9825895428657532
YJL060W,YOR349W,0,-3.3219397,0.09283207356929779,0.9990059733390808,0.982689619064331
YDR378C,YLL041C,0,-3.3238697,0.09282349795103073,0.9990059733390808,0.9827896952629089
YDL128W,YER145C,0,-3.3245695,0.09281492233276367,0.9990059733390808,0.982889711856842
YGR255C,YPR043W,0,-3.3358047,0.09280635416507721,0.9990059733390808,0.9829897880554199
YPL274W,YPL065W,0,-3.3387902,0.09279778599739075,0.9990059733390808,0.9830898642539978
YKR066C,YDR373W,0,-3.3401234,0.09278921782970428,0.9990059733390808,0.9831899404525757
YER098W,YCL025C,0,-3.343668,0.09278064966201782,0.9990059733390808,0.9832899570465088
YJL178C,YAL038W,0,-3.3436737,0.09277208894491196,0.9990059733390808,0.9833900332450867
YBR059C,YJL149W,0,-3.3442152,0.0927635207772255,0.9990059733390808,0.9834901094436646
YGR155W,YML128C,0,-3.3453722,0.09275496006011963,0.9990059733390808,0.9835901260375977
YJL024C,YGL004C,0,-3.3471386,0.09274639934301376,0.9990059733390808,0.9836902022361755
YNR017W,YHL034C,0,-3.3483353,0.0927378460764885,0.9990059733390808,0.9837902784347534
YKL007W,YGR020C,0,-3.349643,0.09272928535938263,0.9990059733390808,0.9838903546333313
YPL002C,YDL047W,0,-3.3505852,0.09272073209285736,0.9990059733390808,0.9839903712272644
YKR054C,YMR038C,0,-3.351582,0.09271217882633209,0.9990059733390808,0.9840904474258423
YPR091C,YMR240C,0,-3.3538473,0.09270362555980682,0.9990059733390808,0.9841905236244202
YPL002C,YAL016W,0,-3.3620312,0.09269507229328156,0.9990059733390808,0.984290599822998
YHR005C-A,YGL004C,0,-3.364227,0.09268652647733688,0.9990059733390808,0.9843906164169312
YGR282C,YOR215C,0,-3.3673189,0.09267798066139221,0.9990059733390808,0.984490692615509
YKL174C,YOL040C,0,-3.3704216,0.09266943484544754,0.9990059733390808,0.9845907688140869
YMR146C,YMR173W,0,-3.3712502,0.09266088902950287,0.9990059733390808,0.98469078540802
YML051W,YBR072W,0,-3.375189,0.0926523432135582,0.9990059733390808,0.9847908616065979
YFL014W,YGL216W,0,-3.3760192,0.09264380484819412,0.9990059733390808,0.9848909378051758
YBR002C,YGR255C,0,-3.3808975,0.09263526648283005,0.9990059733390808,0.9849910140037537
YJR010W,YLL055W,0,-3.3811004,0.09262672811746597,0.9990059733390808,0.9850910305976868
YNR021W,YOR209C,0,-3.3825755,0.0926181897521019,0.9990059733390808,0.9851911067962646
YAL016W,YOR382W,0,-3.3826036,0.09260965883731842,0.9990059733390808,0.9852911829948425
YOR219C,YGL019W,0,-3.3890898,0.09260112047195435,0.9990059733390808,0.9853912591934204
YDR174W,YDR306C,0,-3.389572,0.09259258955717087,0.9990059733390808,0.9854912757873535
YMR013C,YKL103C,0,-3.3917735,0.09258406609296799,0.9990059733390808,0.9855913519859314
YML032C,YML132W,0,-3.3918324,0.09257553517818451,0.9990059733390808,0.9856914281845093
YER125W,YPL240C,0,-3.3938649,0.09256700426340103,0.9990059733390808,0.9857915043830872
YGL244W,YCR012W,0,-3.3962946,0.09255848079919815,0.9990059733390808,0.9858915209770203
YHR132C,YLR270W,0,-3.400931,0.09254995733499527,0.9990059733390808,0.9859915971755981
YDL121C,YGL037C,0,-3.4015095,0.09254143387079239,0.9990059733390808,0.986091673374176
YHR132C,YLR312W-A,0,-3.401932,0.0925329178571701,0.9990059733390808,0.9861916899681091
YER103W,YIR005W,0,-3.4192379,0.09252439439296722,0.9990059733390808,0.986291766166687
YER150W,YER052C,0,-3.4206052,0.09251587837934494,0.9990059733390808,0.9863918423652649
YPR113W,YJL171C,0,-3.4280043,0.09250736236572266,0.9990059733390808,0.9864919185638428
YPR024W,YOR212W,0,-3.4340632,0.09249884635210037,0.9990059733390808,0.9865919351577759
YGR268C,YCR002C,0,-3.4347248,0.09249033778905869,0.9990059733390808,0.9866920113563538
YPL113C,YNL335W,0,-3.4352877,0.092481829226017,0.9990059733390808,0.9867920875549316
YER138C,YJR028W,0,-3.4355695,0.09247331321239471,0.9990059733390808,0.9868921637535095
YJR057W,YCR012W,0,-3.4358394,0.09246480464935303,0.9990059733390808,0.9869921803474426
YDR415C,YOR162C,0,-3.4362276,0.09245630353689194,0.9990059733390808,0.9870922565460205
YJL034W,YLR359W,0,-3.4390483,0.09244779497385025,0.9990059733390808,0.9871923327445984
YFR018C,YPR149W,0,-3.441684,0.09243929386138916,0.9990059733390808,0.9872923493385315
YGR281W,YDR081C,0,-3.4435182,0.09243079274892807,0.9990059733390808,0.9873924255371094
YOL129W,YLR350W,0,-3.444761,0.09242229163646698,0.9990059733390808,0.9874925017356873
YBL041W,YDL061C,0,-3.4510992,0.09241379052400589,0.9990059733390808,0.9875925779342651
YDR389W,YOR020C,0,-3.4523652,0.0924052968621254,0.9990059733390808,0.9876925945281982
YLL029W,YGL068W,0,-3.4527767,0.0923968032002449,0.9990059733390808,0.9877926707267761
YNL267W,YAL017W,0,-3.457656,0.09238830953836441,0.9990059733390808,0.987892746925354
YGL172W,YBR145W,0,-3.4580972,0.09237981587648392,0.9990059733390808,0.9879928231239319
YDR306C,YFL021W,0,-3.459631,0.09237132221460342,0.9990059733390808,0.988092839717865
YML028W,YMR296C,0,-3.4695532,0.09236283600330353,0.9990059733390808,0.9881929159164429
YIL035C,YCR012W,0,-3.4705708,0.09235434979200363,0.9990059733390808,0.9882929921150208
YAL063C,YGR112W,0,-3.4752042,0.09234586358070374,0.9990059733390808,0.9883930087089539
YPL082C,YBR026C,0,-3.4880779,0.09233737736940384,0.9990059733390808,0.9884930849075317
YMR203W,YNR028W,0,-3.4918592,0.09232889115810394,0.9990059733390808,0.9885931611061096
YOL086C,YGL169W,0,-3.4950876,0.09232041239738464,0.9990059733390808,0.9886932373046875
YER125W,YKR056W,1,-3.5024126,0.09240378439426422,1.0,0.9886932373046875
YAL063C,YGR268C,0,-3.5042307,0.09239529818296432,1.0,0.9887932538986206
YKL085W,YDR373W,0,-3.5060618,0.09238681197166443,1.0,0.9888933300971985
YHR132C,YLR251W,0,-3.5172002,0.09237832576036453,1.0,0.9889934062957764
YOL086C,YPR144C,0,-3.5194638,0.09236984699964523,1.0,0.9890934824943542
YPL259C,YOL040C,0,-3.5204089,0.09236136823892593,1.0,0.9891934990882874
YOR382W,YOR285W,0,-3.5205884,0.09235288947820663,1.0,0.9892935752868652
YGL037C,YJL176C,0,-3.5227282,0.09234441071748734,1.0,0.9893936514854431
YER125W,YPL129W,0,-3.5340188,0.09233593195676804,1.0,0.9894936680793762
YML071C,YPR160W,0,-3.5375981,0.09232746064662933,1.0,0.9895937442779541
YGR282C,YFR021W,0,-3.538829,0.09231898933649063,1.0,0.989693820476532
YNL307C,YFL045C,0,-3.5411184,0.09231051802635193,1.0,0.9897938966751099
YBR052C,YOL158C,0,-3.5455132,0.09230204671621323,1.0,0.989893913269043
YGL060W,YJL082W,0,-3.545641,0.09229357540607452,1.0,0.9899939894676208
YPR182W,YOR054C,0,-3.5486946,0.09228511154651642,1.0,0.9900940656661987
YLR264W,YER090W,0,-3.5576656,0.09227664768695831,1.0,0.9901941418647766
YKL130C,YCR012W,0,-3.5579786,0.09226818382740021,1.0,0.9902941584587097
YHR174W,YLR088W,0,-3.5620873,0.0922597199678421,1.0,0.9903942346572876
YHR179W,YLR163C,0,-3.5632637,0.0922512635588646,1.0,0.9904943108558655
YLR183C,YBR080C,0,-3.5635364,0.09224279969930649,1.0,0.9905943274497986
YMR173W,YBR129C,0,-3.566044,0.09223434329032898,1.0,0.9906944036483765
YDR233C,YNL044W,0,-3.566388,0.09222588688135147,1.0,0.9907944798469543
YLR312W-A,YNL138W,0,-3.5771508,0.09221743792295456,1.0,0.9908945560455322
YGR216C,YCR012W,0,-3.5771945,0.09220898151397705,1.0,0.9909945726394653
YOR176W,YOR353C,0,-3.5800283,0.09220053255558014,1.0,0.9910946488380432
YMR315W,YOR085W,0,-3.5903008,0.09219208359718323,1.0,0.9911947250366211
YAL060W,YMR218C,0,-3.5949814,0.09218363463878632,1.0,0.991294801235199
YGR180C,YJL085W,0,-3.6040082,0.0921751856803894,1.0,0.9913948178291321
YDL198C,YKR006C,0,-3.6102304,0.09216674417257309,1.0,0.99149489402771
YGL037C,YGL220W,0,-3.6132343,0.09215830266475677,1.0,0.9915949702262878
YNL307C,YLR209C,0,-3.6264017,0.09214986115694046,1.0,0.9916950464248657
YBL041W,YFL048C,0,-3.6266568,0.09214141964912415,1.0,0.9917950630187988
YKL067W,YER145C,0,-3.6288981,0.09213297814130783,1.0,0.9918951392173767
YLL041C,YOR382W,0,-3.629575,0.09212454408407211,1.0,0.9919952154159546
YPR024W,YMR054W,0,-3.63394,0.0921161100268364,1.0,0.9920952320098877
YPR182W,YDR262W,0,-3.6349123,0.09210767596960068,1.0,0.9921953082084656
YOL145C,YKL007W,0,-3.6357257,0.09209924191236496,1.0,0.9922953844070435
YOR323C,YJL060W,0,-3.6545238,0.09209080785512924,1.0,0.9923954606056213
YGR144W,YDL083C,0,-3.6653006,0.09208238124847412,1.0,0.9924954771995544
YJR138W,YCL057W,0,-3.6816401,0.092073954641819,1.0,0.9925955533981323
YDR453C,YOR338W,0,-3.6933799,0.09206552803516388,1.0,0.9926956295967102
YJL034W,YLR291C,0,-3.69367,0.09205710142850876,1.0,0.9927957057952881
YJL060W,YKL180W,0,-3.6956859,0.09204867482185364,1.0,0.9928957223892212
YNL027W,YIR039C,0,-3.6998215,0.09204025566577911,1.0,0.9929957985877991
YFR021W,YHR174W,0,-3.7012968,0.09203183650970459,1.0,0.993095874786377
YLL045C,YDR353W,0,-3.7112303,0.09202341735363007,1.0,0.9931958913803101
YPL129W,YGR255C,0,-3.7229598,0.09201499819755554,1.0,0.9932959675788879
YIL061C,YCR011C,0,-3.7268975,0.09200658649206161,1.0,0.9933960437774658
YLR043C,YOR209C,0,-3.7286022,0.09199816733598709,1.0,0.9934961199760437
YOR219C,YOR222W,0,-3.7291462,0.09198975563049316,1.0,0.9935961365699768
YBR183W,YDL208W,0,-3.7383654,0.09198135137557983,1.0,0.9936962127685547
YGR167W,YDL128W,0,-3.7492292,0.09197293967008591,1.0,0.9937962889671326
YNL231C,YLR325C,0,-3.757964,0.09196452796459198,1.0,0.9938963651657104
YLR191W,YML128C,0,-3.759653,0.09195612370967865,1.0,0.9939963817596436
YJL171C,YKR006C,0,-3.7614563,0.09194771945476532,1.0,0.9940964579582214
YMR077C,YKL210W,0,-3.7633538,0.09193931519985199,1.0,0.9941965341567993
YPL099C,YNL307C,0,-3.7660453,0.09193091839551926,1.0,0.9942965507507324
YOR142W,YBR243C,0,-3.767989,0.09192251414060593,1.0,0.9943966269493103
YOR323C,YGR143W,0,-3.7828314,0.0919141173362732,1.0,0.9944967031478882
YBR115C,YPR160W,0,-3.7890317,0.09190572053194046,1.0,0.9945967793464661
YMR203W,YDR373W,0,-3.8017848,0.09189732372760773,1.0,0.9946967959403992
YML112W,YHR008C,0,-3.8034518,0.091888926923275,1.0,0.994796872138977
YKL093W,YOL155C,0,-3.8038285,0.09188053756952286,1.0,0.9948969483375549
YGL037C,YOR338W,0,-3.8094537,0.09187214821577072,1.0,0.9949970245361328
YMR218C,YPR160W,0,-3.8111029,0.09186375886201859,1.0,0.9950970411300659
YPL150W,YOL165C,0,-3.815242,0.09185536950826645,1.0,0.9951971173286438
YKR002W,YOR275C,0,-3.8166037,0.09184698015451431,1.0,0.9952971935272217
YDL029W,YOR299W,0,-3.8186607,0.09183859825134277,1.0,0.9953972101211548
YOL102C,YKL067W,0,-3.829112,0.09183021634817123,1.0,0.9954972863197327
YJL004C,YMR250W,0,-3.8321748,0.0918218344449997,1.0,0.9955973625183105
YCR030C,YDR195W,0,-3.8397868,0.09181345254182816,1.0,0.9956974387168884
YLR314C,YPR159W,0,-3.8437738,0.09180507063865662,1.0,0.9957974553108215
YMR203W,YLL019C,0,-3.846617,0.09179669618606567,1.0,0.9958975315093994
YOL086C,YBR173C,0,-3.8865273,0.09178832173347473,1.0,0.9959976077079773
YIR038C,YLR213C,0,-3.8885083,0.09177994728088379,1.0,0.9960976839065552
YNL085W,YAR002C-A,0,-3.903629,0.09177157282829285,1.0,0.9961977005004883
YDR233C,YMR238W,0,-3.9079833,0.0917632058262825,1.0,0.9962977766990662
YBR145W,YDL128W,0,-3.9130723,0.09175483137369156,1.0,0.996397852897644
YOR147W,YKL161C,0,-3.9252028,0.09174646437168121,1.0,0.9964978694915771
YIR039C,YDR260C,0,-3.9439242,0.09173809736967087,1.0,0.996597945690155
YKL174C,YKL096W-A,0,-3.945234,0.09172973781824112,1.0,0.9966980218887329
YJL004C,YKL067W,0,-3.9616847,0.09172137081623077,1.0,0.9967980980873108
YOR261C,YPL218W,0,-3.9672017,0.09171301126480103,1.0,0.9968981146812439
YGL026C,YML052W,0,-3.9739954,0.09170465171337128,1.0,0.9969981908798218
YNL231C,YKL174C,0,-3.9746263,0.09169629216194153,1.0,0.9970982670783997
YJR004C,YNL160W,0,-4.012274,0.09168793261051178,1.0,0.9971983432769775
YIL142W,YCL057W,0,-4.065787,0.09167958050966263,1.0,0.9972983598709106
YNL160W,YOR209C,0,-4.0899606,0.09167122095823288,1.0,0.9973984360694885
YFR045W,YMR145C,0,-4.1042647,0.09166286885738373,1.0,0.9974985122680664
YMR146C,YCL043C,0,-4.1139083,0.09165451675653458,1.0,0.9975985884666443
YOR216C,YAL038W,0,-4.1179624,0.09164617210626602,1.0,0.9976986050605774
YJL141C,YMR115W,0,-4.1418424,0.09163782000541687,1.0,0.9977986812591553
YBL041W,YPL131W,0,-4.1470914,0.09162947535514832,1.0,0.9978987574577332
YNL261W,YHR174W,0,-4.1668124,0.09162113070487976,1.0,0.9979987740516663
YJL024C,YMR210W,0,-4.1762238,0.0916127860546112,1.0,0.9980988502502441
YDR304C,YFL013C,0,-4.2024474,0.09160444140434265,1.0,0.998198926448822
YNL307C,YOR020C,0,-4.209068,0.0915961042046547,1.0,0.9982990026473999
YOR176W,YPR187W,0,-4.213557,0.09158776700496674,1.0,0.998399019241333
YLL041C,YOR147W,0,-4.235435,0.09157942980527878,1.0,0.9984990954399109
YDR351W,YHL034C,0,-4.2630315,0.09157109260559082,1.0,0.9985991716384888
YOR311C,YCR012W,0,-4.267734,0.09156275540590286,1.0,0.9986992478370667
YKL013C,YMR186W,0,-4.3279967,0.0915544256567955,1.0,0.9987992644309998
YPL163C,YCR012W,0,-4.3914256,0.09154608845710754,1.0,0.9988993406295776
YKR071C,YMR250W,0,-4.402351,0.09153775870800018,1.0,0.9989994168281555
YHR179W,YOR261C,0,-4.4115567,0.09152943640947342,1.0,0.9990994334220886
YOL086C,YNR013C,0,-4.419312,0.09152110666036606,1.0,0.9991995096206665
YMR145C,YML128C,0,-4.5260725,0.0915127843618393,1.0,0.9992995858192444
YMR315W,YIL142W,0,-4.5409307,0.09150445461273193,1.0,0.9993996620178223
YLR359W,YNL274C,0,-4.787399,0.09149613231420517,1.0,0.9994996786117554
YOL086C,YBR096W,0,-4.812724,0.091487817466259,1.0,0.9995997548103333
YMR046C,YJR026W,0,-4.8249106,0.09147949516773224,1.0,0.9996998310089111
YJR004C,YMR173W,0,-4.934169,0.09147117286920547,1.0,0.999799907207489
YDL022W,YJR133W,0,-5.276384,0.09146285802125931,1.0,0.9998999238014221
YLL045C,YPR159W,0,-5.281115,0.09145454317331314,1.0,1.0
