Gene A,Gene B,Label,Score,Precision,Recall,False Positive Rate
YMR058W,YGL255W,1,14.130077,1.0,0.0009775171056389809,0.0
YMR058W,YLR220W,1,13.025554,1.0,0.0019550342112779617,0.0
YGL008C,YJR077C,1,12.748762,1.0,0.0029325513169169426,0.0
YGR191W,YPR097W,0,12.421139,0.75,0.0029325513169169426,0.0001002305289148353
YDL004W,YBL099W,1,12.158072,0.800000011920929,0.0039100684225559235,0.0001002305289148353
YGL008C,YCR021C,1,12.099373,0.8333333134651184,0.004887585528194904,0.0001002305289148353
YGL006W,YDR298C,1,11.984848,0.8571428656578064,0.005865102633833885,0.0001002305289148353
YMR058W,YER053C,1,11.891384,0.875,0.006842619739472866,0.0001002305289148353
YDR033W,YDR516C,0,11.87508,0.7777777910232544,0.006842619739472866,0.0002004610578296706
YLL028W,YML081C-A,1,11.799749,0.800000011920929,0.007820136845111847,0.0002004610578296706
YNL065W,YAL053W,1,11.779295,0.8181818127632141,0.008797653950750828,0.0002004610578296706
YNL065W,YPR128C,1,11.761876,0.8333333134651184,0.009775171056389809,0.0002004610578296706
YGL008C,YBL030C,1,11.693706,0.8461538553237915,0.01075268816202879,0.0002004610578296706
YEL017C-A,YDR377W,1,11.634308,0.8571428656578064,0.01173020526766777,0.0002004610578296706
YPR036W,YDR276C,1,11.559458,0.8666666746139526,0.012707722373306751,0.0002004610578296706
YER145C,YGL255W,1,11.513182,0.875,0.013685239478945732,0.0002004610578296706
YBR296C,YDL100C,1,11.470772,0.8823529481887817,0.014662756584584713,0.0002004610578296706
YPL234C,YNL055C,1,11.433944,0.8888888955116272,0.015640273690223694,0.0002004610578296706
YMR058W,YBR106W,1,11.396488,0.8947368264198303,0.01661779172718525,0.0002004610578296706
YBR296C,YHR116W,0,11.390541,0.8500000238418579,0.01661779172718525,0.0003006915794685483
YBL099W,YKL026C,0,11.28106,0.8095238208770752,0.01661779172718525,0.0004009221156593412
YPL265W,YJL117W,1,11.084536,0.8181818127632141,0.017595307901501656,0.0004009221156593412
YLL028W,YJR152W,1,11.013871,0.8260869383811951,0.01857282593846321,0.0004009221156593412
YOR092W,YGL255W,0,10.984903,0.7916666865348816,0.01857282593846321,0.0005011526518501341
YLL028W,YDR033W,1,10.966669,0.800000011920929,0.019550342112779617,0.0005011526518501341
YPL271W,YOR374W,0,10.826027,0.7692307829856873,0.019550342112779617,0.0006013831589370966
YGL255W,YHL040C,1,10.789106,0.7777777910232544,0.020527860149741173,0.0006013831589370966
YCR024C-A,YGL008C,1,10.741451,0.7857142686843872,0.02150537632405758,0.0006013831589370966
YBL099W,YMR054W,1,10.727925,0.7931034564971924,0.022482894361019135,0.0006013831589370966
YJL097W,YOR348C,0,10.662834,0.7666666507720947,0.022482894361019135,0.00070161372423172
YCR024C-A,YEL027W,1,10.652764,0.774193525314331,0.02346041053533554,0.00070161372423172
YLR237W,YBL030C,1,10.51189,0.78125,0.024437928572297096,0.00070161372423172
YDL128W,YEL027W,1,10.488656,0.7878788113594055,0.025415444746613503,0.00070161372423172
YBR296C,YPR036W,1,10.455159,0.7941176295280457,0.026392962783575058,0.00070161372423172
YLR220W,YEL065W,1,10.453652,0.800000011920929,0.027370478957891464,0.00070161372423172
YGR020C,YBR207W,1,10.450322,0.8055555820465088,0.02834799699485302,0.00070161372423172
YMR058W,YHL016C,1,10.44422,0.8108108043670654,0.029325513169169426,0.00070161372423172
YMR058W,YDR135C,1,10.406778,0.8157894611358643,0.03030303120613098,0.00070161372423172
YMR058W,YCR028C,1,10.406479,0.8205128312110901,0.03128054738044739,0.00070161372423172
YLR447C,YBL030C,1,10.327371,0.824999988079071,0.032258063554763794,0.00070161372423172
YBR296C,YLR220W,1,10.319984,0.8292682766914368,0.0332355834543705,0.00070161372423172
YGR191W,YDR506C,1,10.317347,0.8333333134651184,0.034213099628686905,0.00070161372423172
YMR058W,YAR018C,0,10.220066,0.8139534592628479,0.034213099628686905,0.0008018442313186824
YLL028W,YIL037C,0,10.216637,0.7954545617103577,0.034213099628686905,0.0009020747966133058
YBR207W,YBR039W,1,10.213776,0.800000011920929,0.03519061580300331,0.0009020747966133058
YGR191W,YHL008C,1,10.173308,0.804347813129425,0.03616813197731972,0.0009020747966133058
YPL265W,YML123C,1,10.154032,0.8085106611251831,0.03714565187692642,0.0009020747966133058
YHR026W,YOL122C,1,10.096294,0.8125,0.03812316805124283,0.0009020747966133058
YHR026W,YLR237W,1,10.087357,0.8163265585899353,0.039100684225559235,0.0009020747966133058
YHL040C,YBL030C,1,10.084673,0.8199999928474426,0.04007820039987564,0.0009020747966133058
YLR356W,YAR071W,0,10.077848,0.8039215803146362,0.04007820039987564,0.0010023053037002683
YGL077C,YCR021C,1,10.065047,0.807692289352417,0.041055720299482346,0.0010023053037002683
YLL028W,YEL051W,1,10.0558195,0.8113207817077637,0.04203323647379875,0.0010023053037002683
YLR034C,YDR033W,1,10.014235,0.8148148059844971,0.04301075264811516,0.0010023053037002683
YGL077C,YOR384W,1,10.010213,0.8181818127632141,0.043988268822431564,0.0010023053037002683
YCR024C-A,YJR077C,1,9.989628,0.8214285969734192,0.04496578872203827,0.0010023053037002683
YLL028W,YOR080W,0,9.970558,0.8070175647735596,0.04496578872203827,0.0011025358689948916
YBR290W,YAR071W,0,9.965155,0.7931034564971924,0.04496578872203827,0.0012027663178741932
YMR058W,YOL020W,1,9.93608,0.7966101765632629,0.045943304896354675,0.0012027663178741932
YLL028W,YCR023C,1,9.933882,0.800000011920929,0.04692082107067108,0.0012027663178741932
YBR296C,YKR039W,1,9.901698,0.8032786846160889,0.04789833724498749,0.0012027663178741932
YLL028W,YNL003C,1,9.889793,0.8064516186714172,0.04887585714459419,0.0012027663178741932
YGL187C,YOR061W,0,9.87367,0.7936508059501648,0.04887585714459419,0.0013029968831688166
YPR124W,YJL198W,1,9.8432455,0.796875,0.0498533733189106,0.0013029968831688166
YDR377W,YLR214W,1,9.839506,0.800000011920929,0.050830889493227005,0.0013029968831688166
YPL234C,YBL099W,1,9.828043,0.8030303120613098,0.05180840566754341,0.0013029968831688166
YPR036W,YPL271W,1,9.82625,0.8059701323509216,0.052785925567150116,0.0013029968831688166
YDR343C,YBR121C,0,9.82373,0.7941176295280457,0.052785925567150116,0.00140322744846344
YGR020C,YLL018C-A,1,9.79903,0.7971014380455017,0.05376344174146652,0.00140322744846344
YGR020C,YGR257C,1,9.794098,0.800000011920929,0.05474095791578293,0.00140322744846344
YLL051C,YCR075C,1,9.778395,0.8028169274330139,0.055718474090099335,0.00140322744846344
YKR039W,YOR306C,1,9.744798,0.8055555820465088,0.05669599398970604,0.00140322744846344
YLL028W,YDL120W,1,9.66143,0.8082191944122314,0.057673510164022446,0.00140322744846344
YMR058W,YGR104C,0,9.642839,0.7972972989082336,0.057673510164022446,0.0015034578973427415
YLL055W,YDR033W,1,9.624594,0.800000011920929,0.05865102633833885,0.0015034578973427415
YBL042C,YBR199W,0,9.614956,0.7894737124443054,0.05865102633833885,0.0016036884626373649
YBR296C,YFL050C,1,9.612358,0.7922077775001526,0.05962854251265526,0.0016036884626373649
YOR270C,YBR295W,1,9.579845,0.7948718070983887,0.06060606241226196,0.0016036884626373649
YLR447C,YPR036W,1,9.532377,0.797468364238739,0.06158357858657837,0.0016036884626373649
YPR067W,YML123C,1,9.5106,0.800000011920929,0.06256109476089478,0.0016036884626373649
YLL048C,YJR077C,1,9.48612,0.8024691343307495,0.06353861093521118,0.0016036884626373649
YBR132C,YPR020W,1,9.482779,0.8048780560493469,0.06451612710952759,0.0016036884626373649
YBR054W,YOR322C,0,9.479304,0.7951807379722595,0.06451612710952759,0.0017039190279319882
YNL190W,YJR123W,0,9.434997,0.7857142686843872,0.06451612710952759,0.0018041495932266116
YHR215W,YDR513W,0,9.427996,0.7764706015586853,0.06451612710952759,0.0019043800421059132
YPL078C,YJR077C,1,9.4203415,0.7790697813034058,0.065493643283844,0.0019043800421059132
YBR296C,YBR280C,0,9.398231,0.7701149582862854,0.065493643283844,0.0020046106074005365
YGL008C,YKL060C,0,9.395685,0.7613636255264282,0.065493643283844,0.00210484117269516
YNL065W,YPL234C,1,9.376081,0.7640449404716492,0.066471166908741,0.00210484117269516
YBL099W,YPL224C,1,9.353783,0.7666666507720947,0.0674486830830574,0.00210484117269516
YJR073C,YER127W,0,9.345043,0.7582417726516724,0.0674486830830574,0.0022050717379897833
YGR191W,YLR077W,0,9.340179,0.75,0.0674486830830574,0.0023053023032844067
YGL126W,YNL221C,0,9.338726,0.7419354915618896,0.0674486830830574,0.0024055326357483864
YLL028W,YBL030C,1,9.331865,0.7446808218955994,0.06842619925737381,0.0024055326357483864
YBR008C,YNR001C,0,9.328762,0.7368420958518982,0.06842619925737381,0.0025057632010430098
YOR270C,YHL040C,1,9.298643,0.7395833134651184,0.06940371543169022,0.0025057632010430098
YBR054W,YDR038C,1,9.280832,0.7422680258750916,0.07038123160600662,0.0025057632010430098
YPL271W,YKL156W,0,9.262604,0.7346938848495483,0.07038123160600662,0.002605993766337633
YOR004W,YKL109W,0,9.262341,0.7272727489471436,0.07038123160600662,0.0027062243316322565
YNL125C,YGR123C,0,9.256514,0.7200000286102295,0.07038123160600662,0.00280645489692688
YLR447C,YOR382W,1,9.238702,0.7227723002433777,0.07135874778032303,0.00280645489692688
YML116W,YLR194C,0,9.206516,0.7156862616539001,0.07135874778032303,0.0029066854622215033
YDL181W,YDL192W,0,9.196706,0.708737850189209,0.07135874778032303,0.003006915794685483
YOL020W,YML123C,1,9.192422,0.7115384340286255,0.07233626395463943,0.003006915794685483
YLL051C,YPL092W,1,9.172238,0.7142857313156128,0.07331378012895584,0.003006915794685483
YLL028W,YLL055W,1,9.165355,0.7169811129570007,0.07429130375385284,0.003006915794685483
YNL142W,YLR448W,0,9.162884,0.7102803587913513,0.07429130375385284,0.0031071463599801064
YLR237W,YPR156C,1,9.156546,0.7129629850387573,0.07526881992816925,0.0031071463599801064
YKL080W,YJL094C,1,9.134983,0.7155963182449341,0.07624633610248566,0.0031071463599801064
YBR241C,YGL135W,0,9.123298,0.7090908885002136,0.07624633610248566,0.0032073769252747297
YIL121W,YOL119C,0,9.112024,0.7027027010917664,0.07624633610248566,0.003307607490569353
YHR026W,YNR038W,0,9.11068,0.6964285969734192,0.07624633610248566,0.0034078380558639765
YGR020C,YDR039C,1,9.109729,0.6991150379180908,0.07722385227680206,0.0034078380558639765
YER053C,YOR382W,1,9.104809,0.7017543911933899,0.07820136845111847,0.0034078380558639765
YLR034C,YDR298C,1,9.094549,0.7043478488922119,0.07917888462543488,0.0034078380558639765
YLR447C,YPL078C,1,9.074378,0.7068965435028076,0.08015640079975128,0.0034078380558639765
YGR065C,YDR506C,1,9.055038,0.7094017267227173,0.08113391697406769,0.0034078380558639765
YLR348C,YNL065W,1,9.052233,0.7118644118309021,0.08211144059896469,0.0034078380558639765
YPL078C,YGL255W,1,9.021225,0.7142857313156128,0.0830889567732811,0.0034078380558639765
YLR297W,YER006W,0,9.020506,0.7083333134651184,0.0830889567732811,0.0035080686211586
YMR264W,YPL234C,0,8.99913,0.702479362487793,0.0830889567732811,0.0036082991864532232
YBL030C,YEL015W,0,8.989703,0.6967213153839111,0.0830889567732811,0.003708529518917203
YPR124W,YPL271W,1,8.972013,0.6991869807243347,0.0840664729475975,0.003708529518917203
YGL077C,YOR087W,1,8.971412,0.7016128897666931,0.08504398912191391,0.003708529518917203
YHR026W,YKL080W,1,8.962227,0.7039999961853027,0.08602150529623032,0.003708529518917203
YKL080W,YGL194C,0,8.948938,0.6984127163887024,0.08602150529623032,0.0038087600842118263
YPR036W,YJR077C,1,8.937885,0.7007874250411987,0.08699902147054672,0.0038087600842118263
YML121W,YKL043W,0,8.925882,0.6953125,0.08699902147054672,0.003908990882337093
YIL087C,YGL008C,0,8.918339,0.6899224519729614,0.08699902147054672,0.004009221214801073
YBR054W,YIL019W,0,8.915958,0.6846153736114502,0.08699902147054672,0.004109451547265053
YLR034C,YDR377W,1,8.902843,0.6870229244232178,0.08797653764486313,0.004109451547265053
YBR207W,YBR037C,1,8.894215,0.689393937587738,0.08895405381917953,0.004109451547265053
YDR039C,YDR025W,0,8.88472,0.6842105388641357,0.08895405381917953,0.00420968234539032
YDL095W,YDL049C,0,8.87007,0.6791045069694519,0.08895405381917953,0.0043099126778542995
YBR039W,YJR077C,1,8.86616,0.6814814805984497,0.08993157744407654,0.0043099126778542995
YBR296C,YJL133W,1,8.865896,0.6838235259056091,0.09090909361839294,0.0043099126778542995
YGL077C,YKR039W,1,8.865549,0.6861313581466675,0.09188660979270935,0.0043099126778542995
YBR290W,YOR384W,1,8.856992,0.6884058117866516,0.09286412596702576,0.0043099126778542995
YPL162C,YOR136W,0,8.852515,0.6834532618522644,0.09286412596702576,0.004410143475979567
YDR377W,YJL198W,1,8.847547,0.6857143044471741,0.09384164214134216,0.004410143475979567
YCR024C-A,YDR135C,1,8.832277,0.6879432797431946,0.09481915831565857,0.004410143475979567
YPR124W,YDL210W,1,8.7973175,0.6901408433914185,0.09579667448997498,0.004410143475979567
YPR156C,YLL055W,1,8.795784,0.692307710647583,0.09677419066429138,0.004410143475979567
YKL080W,YHR050W,1,8.794771,0.6944444179534912,0.09775171428918839,0.004410143475979567
YKL217W,YNL065W,1,8.79331,0.6965517401695251,0.09872923046350479,0.004410143475979567
YGR020C,YMR203W,1,8.78282,0.698630154132843,0.0997067466378212,0.004410143475979567
YGL008C,YHL008C,1,8.781,0.7006802558898926,0.1006842628121376,0.004410143475979567
YLL028W,YJR139C,0,8.778549,0.6959459185600281,0.1006842628121376,0.004510373808443546
YDL185W,YBR039W,1,8.777074,0.6979866027832031,0.10166177898645401,0.004510373808443546
YPR124W,YBR106W,1,8.772536,0.699999988079071,0.10263929516077042,0.004510373808443546
YBL099W,YNL003C,1,8.769258,0.7019867300987244,0.10361681133508682,0.004510373808443546
YGL187C,YLR014C,0,8.765398,0.6973684430122375,0.10361681133508682,0.004610604606568813
YPL265W,YLR130C,1,8.753075,0.6993464231491089,0.10459432750940323,0.004610604606568813
YGR257C,YBL030C,1,8.744872,0.701298713684082,0.10557185113430023,0.004610604606568813
YKL120W,YBR294W,1,8.730171,0.7032257914543152,0.10654936730861664,0.004610604606568813
YBL099W,YCR021C,1,8.701513,0.7051281929016113,0.10752688348293304,0.004610604606568813
YDR178W,YDL210W,0,8.687632,0.7006369233131409,0.10752688348293304,0.004710834939032793
YLL043W,YCR021C,1,8.686159,0.702531635761261,0.10850439965724945,0.004710834939032793
YDR040C,YKL006W,0,8.684123,0.698113203048706,0.10850439965724945,0.004811065271496773
YML081C-A,YJR077C,1,8.679491,0.699999988079071,0.10948191583156586,0.004811065271496773
YDR039C,YPL271W,1,8.653235,0.7018633484840393,0.11045943200588226,0.004811065271496773
YBR296C,YMR243C,1,8.641026,0.7037037014961243,0.11143694818019867,0.004811065271496773
YGL006W,YJR139C,0,8.638582,0.699386477470398,0.11143694818019867,0.00491129606962204
YPL271W,YNL055C,1,8.633917,0.7012194991111755,0.11241446435451508,0.00491129606962204
YBL042C,YNR039C,0,8.630067,0.6969696879386902,0.11241446435451508,0.0050115264020860195
YLR034C,YML123C,1,8.627826,0.6987951993942261,0.11339198797941208,0.0050115264020860195
YDL128W,YDL210W,1,8.625573,0.7005987763404846,0.11436950415372849,0.0050115264020860195
YGL077C,YOL158C,1,8.607939,0.7023809552192688,0.11534702032804489,0.0050115264020860195
YDR298C,YHR175W,1,8.601936,0.7041420340538025,0.1163245365023613,0.0050115264020860195
YMR307W,YBL045C,0,8.599424,0.699999988079071,0.1163245365023613,0.0051117572002112865
YPL271W,YOR384W,1,8.594993,0.7017543911933899,0.1173020526766777,0.0051117572002112865
YPR124W,YKL096W,0,8.592496,0.6976743936538696,0.1173020526766777,0.005211987532675266
YNL003C,YLR295C,1,8.584707,0.6994219422340393,0.11827956885099411,0.005211987532675266
YNL065W,YDR206W,0,8.579396,0.6954023241996765,0.11827956885099411,0.005312218330800533
YIL114C,YPL265W,1,8.579268,0.6971428394317627,0.11925708502531052,0.005312218330800533
YMR195W,YLR115W,0,8.559061,0.6931818127632141,0.11925708502531052,0.005412448663264513
YJL154C,YGR227W,0,8.5501,0.6892655491828918,0.11925708502531052,0.005512678995728493
YPL265W,YMR116C,0,8.538654,0.6853932738304138,0.11925708502531052,0.00561290979385376
YDL004W,YLR034C,1,8.537679,0.6871508359909058,0.12023460119962692,0.00561290979385376
YKL146W,YHR096C,0,8.534995,0.6833333373069763,0.12023460119962692,0.0057131401263177395
YGL167C,YNL055C,1,8.534443,0.6850828528404236,0.12121212482452393,0.0057131401263177395
YGL008C,YEL051W,1,8.529508,0.6868131756782532,0.12218964099884033,0.0057131401263177395
YGR183C,YOR096W,0,8.525648,0.6830601096153259,0.12218964099884033,0.0058133709244430065
YLL028W,YCR027C,1,8.506319,0.6847826242446899,0.12316715717315674,0.0058133709244430065
YEL027W,YOR316C,1,8.492486,0.6864864826202393,0.12414467334747314,0.0058133709244430065
YMR177W,YBR039W,1,8.482501,0.6881720423698425,0.12512218952178955,0.0058133709244430065
YHR001W-A,YOR374W,0,8.482044,0.6844919919967651,0.12512218952178955,0.005913601256906986
YMR054W,YBL030C,1,8.481516,0.686170220375061,0.12609970569610596,0.005913601256906986
YPL271W,YIL099W,0,8.478853,0.682539701461792,0.12609970569610596,0.006013831589370966
YJR121W,YDR033W,1,8.465923,0.6842105388641357,0.12707722187042236,0.006013831589370966
YBR127C,YLR130C,1,8.44216,0.6858638525009155,0.12805473804473877,0.006013831589370966
YAL053W,YDL128W,1,8.436185,0.6875,0.12903225421905518,0.006013831589370966
YER145C,YHR026W,1,8.430724,0.6891191601753235,0.13000977039337158,0.006013831589370966
YHR026W,YPL274W,1,8.430166,0.6907216310501099,0.130987286567688,0.006013831589370966
YDR040C,YDR033W,1,8.427485,0.692307710647583,0.1319648027420044,0.006013831589370966
YBR296C,YPR067W,1,8.418617,0.6938775777816772,0.132942333817482,0.006013831589370966
YPR124W,YPL092W,1,8.418196,0.6954314708709717,0.1339198499917984,0.006013831589370966
YDR135C,YFL041W,1,8.407484,0.6969696879386902,0.1348973661661148,0.006013831589370966
YLL043W,YLR295C,1,8.402503,0.6984924674034119,0.1358748823404312,0.006013831589370966
YLL043W,YML123C,1,8.401924,0.699999988079071,0.13685239851474762,0.006013831589370966
YGR138C,YPL089C,0,8.401844,0.6965174078941345,0.13685239851474762,0.006114062387496233
YGL139W,YBL030C,1,8.399881,0.698019802570343,0.13782991468906403,0.006114062387496233
YLL048C,YDR536W,0,8.394878,0.6945812702178955,0.13782991468906403,0.006214292719960213
YKL217W,YDR377W,1,8.378963,0.6960784196853638,0.13880743086338043,0.006214292719960213
YHR005C,YDR533C,0,8.372724,0.6926829218864441,0.13880743086338043,0.00631452351808548
YHR026W,YBR132C,1,8.372324,0.6941747665405273,0.13978494703769684,0.00631452351808548
YMR177W,YHR136C,1,8.360359,0.695652186870575,0.14076246321201324,0.00631452351808548
YLL028W,YKL135C,0,8.360092,0.692307710647583,0.14076246321201324,0.0064147538505494595
YFL041W,YOR334W,1,8.355745,0.6937798857688904,0.14173997938632965,0.0064147538505494595
YBR296C,YPR124W,1,8.355083,0.6952381134033203,0.14271749556064606,0.0064147538505494595
YIL125W,YGR162W,0,8.34936,0.6919431090354919,0.14271749556064606,0.0065149846486747265
YBR296C,YLR130C,1,8.338713,0.6933962106704712,0.14369501173496246,0.0065149846486747265
YBR296C,YIL114C,1,8.313321,0.6948356628417969,0.14467252790927887,0.0065149846486747265
YKL080W,YKL220C,1,8.3043165,0.6962617039680481,0.14565004408359528,0.0065149846486747265
YPL265W,YHR002W,1,8.280834,0.6976743936538696,0.14662756025791168,0.0065149846486747265
YDL004W,YKR024C,0,8.279302,0.6944444179534912,0.14662756025791168,0.006615214981138706
YGR065C,YBR290W,1,8.271106,0.695852518081665,0.1476050764322281,0.006615214981138706
YPR020W,YDR534C,1,8.267141,0.6972476840019226,0.1485826075077057,0.006615214981138706
YOL019W,YGR049W,0,8.263077,0.6940639019012451,0.1485826075077057,0.006715445313602686
YDR135C,YMR203W,1,8.258332,0.6954545378684998,0.1495601236820221,0.006715445313602686
YEL017C-A,YDL185W,1,8.257118,0.6968325972557068,0.1505376398563385,0.006715445313602686
YLL028W,YOR132W,0,8.25232,0.6936936974525452,0.1505376398563385,0.006815676111727953
YPL058C,YIL069C,0,8.236878,0.6905829310417175,0.1505376398563385,0.006915906444191933
YNL142W,YKL008C,0,8.219969,0.6875,0.1505376398563385,0.0070161372423172
YDL033C,YNL339C,0,8.20567,0.6844444274902344,0.1505376398563385,0.007116367574781179
YPR124W,YGR191W,1,8.197059,0.6858407258987427,0.1515151560306549,0.007116367574781179
YGR060W,YER100W,0,8.195069,0.6828193664550781,0.1515151560306549,0.0072165983729064465
YLL043W,YDL206W,1,8.183678,0.6842105388641357,0.1524926722049713,0.0072165983729064465
YPL271W,YGR159C,0,8.180582,0.6812227368354797,0.1524926722049713,0.007316828705370426
YDR039C,YBR069C,1,8.176618,0.6826087236404419,0.15347018837928772,0.007316828705370426
YMR058W,YOL158C,1,8.175543,0.6839826703071594,0.15444770455360413,0.007316828705370426
YCR024C-A,YBL017C,0,8.172839,0.681034505367279,0.15444770455360413,0.007417059037834406
YGR065C,YLR061W,0,8.171976,0.6781116127967834,0.15444770455360413,0.007517289835959673
YOR270C,YHL016C,1,8.169136,0.6794871687889099,0.15542522072792053,0.007517289835959673
YDR221W,YHR136C,0,8.1641445,0.6765957474708557,0.15542522072792053,0.007617520168423653
YBL099W,YEL027W,1,8.160925,0.6779661178588867,0.15640273690223694,0.007617520168423653
YDR033W,YDR088C,0,8.147636,0.6751055121421814,0.15640273690223694,0.00771775096654892
YBR039W,YGR191W,1,8.147187,0.6764705777168274,0.15738025307655334,0.00771775096654892
YPL234C,YMR241W,1,8.1465225,0.6778242588043213,0.15835776925086975,0.00771775096654892
YPL265W,YJR152W,1,8.145094,0.6791666746139526,0.15933528542518616,0.00771775096654892
YHL047C,YBL030C,1,8.143589,0.680497944355011,0.16031280159950256,0.00771775096654892
YDL004W,YDR270W,1,8.140862,0.6818181872367859,0.16129031777381897,0.00771775096654892
YBR127C,YGR257C,1,8.122995,0.6831275820732117,0.16226783394813538,0.00771775096654892
YOR270C,YLL051C,1,8.119674,0.6844262480735779,0.16324535012245178,0.00771775096654892
YHR026W,YBL036C,0,8.111359,0.6816326379776001,0.16324535012245178,0.007817981764674187
YHR175W,YPL092W,1,8.099423,0.6829268336296082,0.16422288119792938,0.007817981764674187
YPR003C,YPL271W,1,8.098644,0.6842105388641357,0.1652003973722458,0.007817981764674187
YEL017C-A,YLR247C,0,8.098048,0.6814516186714172,0.1652003973722458,0.007918211631476879
YLL051C,YCR037C,1,8.096184,0.6827309131622314,0.1661779135465622,0.007918211631476879
YBR296C,YCR098C,1,8.095221,0.6840000152587891,0.1671554297208786,0.007918211631476879
YNL065W,YMR241W,1,8.088371,0.6852589845657349,0.168132945895195,0.007918211631476879
YNL065W,YOR192C,1,8.070042,0.6865079402923584,0.1691104620695114,0.007918211631476879
YLL028W,YMR203W,1,8.062644,0.687747061252594,0.17008797824382782,0.007918211631476879
YNL142W,YNL101W,0,8.055101,0.6850393414497375,0.17008797824382782,0.008018442429602146
YLL015W,YDR033W,1,8.048572,0.686274528503418,0.17106549441814423,0.008018442429602146
YMR149W,YGR004W,0,8.026385,0.68359375,0.17106549441814423,0.008118673227727413
YLL048C,YMR034C,1,8.023821,0.6848248839378357,0.17204301059246063,0.008118673227727413
YDR033W,YNL038W,0,8.022582,0.682170569896698,0.17204301059246063,0.008218903094530106
YMR241W,YKL016C,1,8.017202,0.6833977103233337,0.17302052676677704,0.008218903094530106
YBR291C,YNL055C,1,8.007341,0.6846153736114502,0.17399804294109344,0.008218903094530106
YDR033W,YKL125W,0,8.004842,0.6819923520088196,0.17399804294109344,0.008319133892655373
YCR024C-A,YLR130C,1,8.004118,0.6832060813903809,0.17497555911540985,0.008319133892655373
YKL146W,YLR048W,0,8.000802,0.6806083917617798,0.17497555911540985,0.00841936469078064
YDR231C,YLR167W,0,7.9984994,0.6780303120613098,0.17497555911540985,0.008519595488905907
YMR243C,YOR384W,1,7.992842,0.6792452931404114,0.17595307528972626,0.008519595488905907
YBR207W,YHR050W,1,7.986532,0.6804511547088623,0.17693059146404266,0.008519595488905907
YBR162C,YHR143W,0,7.9660873,0.6779026389122009,0.17693059146404266,0.008619825355708599
YGL001C,YPL262W,0,7.958268,0.6753731369972229,0.17693059146404266,0.008720056153833866
YBR132C,YGR138C,1,7.9414597,0.6765799522399902,0.17790810763835907,0.008720056153833866
YPL221W,YJL094C,1,7.936201,0.6777777671813965,0.17888562381267548,0.008720056153833866
YIL121W,YPR112C,0,7.93067,0.6752767562866211,0.17888562381267548,0.008820286951959133
YEL027W,YGR191W,1,7.921495,0.6764705777168274,0.17986315488815308,0.008820286951959133
YMR058W,YHL040C,1,7.918732,0.6776556968688965,0.18084067106246948,0.008820286951959133
YNR039C,YBL030C,1,7.908471,0.6788321137428284,0.1818181872367859,0.008820286951959133
YPL013C,YKL026C,0,7.90785,0.6763636469841003,0.1818181872367859,0.008920516818761826
YER053C,YLR034C,1,7.8937483,0.6775362491607666,0.1827957034111023,0.008920516818761826
YKL150W,YDL137W,0,7.8935833,0.6750902533531189,0.1827957034111023,0.009020747616887093
YOR271C,YML123C,1,7.890794,0.6762589812278748,0.1837732195854187,0.009020747616887093
YDL128W,YMR038C,1,7.8807425,0.6774193644523621,0.1847507357597351,0.009020747616887093
YOR273C,YPL085W,0,7.8735104,0.675000011920929,0.1847507357597351,0.00912097841501236
YGL077C,YKL175W,1,7.867654,0.6761565804481506,0.1857282519340515,0.00912097841501236
YDL004W,YPL234C,1,7.8629537,0.6773049831390381,0.18670576810836792,0.00912097841501236
YDR055W,YGR208W,0,7.856655,0.6749116778373718,0.18670576810836792,0.009221209213137627
YJR117W,YOR167C,0,7.8565035,0.672535240650177,0.18670576810836792,0.009321439079940319
YLR348C,YOR306C,1,7.856161,0.6736842393875122,0.18768328428268433,0.009321439079940319
YGR065C,YCR010C,1,7.8446608,0.6748251914978027,0.18866080045700073,0.009321439079940319
YPR036W,YBR054W,1,7.835287,0.6759582161903381,0.18963831663131714,0.009321439079940319
YOR316C,YKR105C,1,7.8287315,0.6770833134651184,0.19061583280563354,0.009321439079940319
YHR136C,YOR332W,1,7.8267183,0.6782007217407227,0.19159334897994995,0.009321439079940319
YER145C,YJR077C,1,7.8263245,0.6793103218078613,0.19257086515426636,0.009321439079940319
YBR221C,YNL015W,0,7.8242846,0.6769759654998779,0.19257086515426636,0.009421669878065586
YGL012W,YOR383C,0,7.8234096,0.6746575236320496,0.19257086515426636,0.009521900676190853
YBR207W,YNL003C,1,7.821905,0.6757678985595703,0.19354838132858276,0.009521900676190853
YHR147C,YIL009W,0,7.821652,0.6734693646430969,0.19354838132858276,0.009622130542993546
YGL139W,YPR020W,1,7.8189507,0.6745762825012207,0.19452589750289917,0.009622130542993546
YGL206C,YNL217W,0,7.8181868,0.6722972989082336,0.19452589750289917,0.009722361341118813
YGR060W,YMR165C,0,7.8053317,0.6700336933135986,0.19452589750289917,0.00982259213924408
YPR036W,YNL259C,1,7.8031955,0.6711409687995911,0.19550342857837677,0.00982259213924408
YDL128W,YDR377W,1,7.799275,0.6722407937049866,0.19648094475269318,0.00982259213924408
YPL271W,YDL130W,0,7.7955933,0.6700000166893005,0.19648094475269318,0.009922822937369347
YGR138C,YNR037C,0,7.7894154,0.6677740812301636,0.19648094475269318,0.010023052804172039
YKL150W,YDR545W,0,7.7874413,0.6655629277229309,0.19648094475269318,0.010123283602297306
YGL077C,YPL092W,1,7.78728,0.6666666865348816,0.19745846092700958,0.010123283602297306
YBR207W,YKR052C,1,7.785985,0.6677631735801697,0.198435977101326,0.010123283602297306
YHR026W,YGR170W,0,7.779887,0.66557377576828,0.198435977101326,0.010223514400422573
YLL043W,YPL274W,1,7.776417,0.6666666865348816,0.1994134932756424,0.010223514400422573
YDR377W,YMR241W,1,7.774799,0.6677524447441101,0.2003910094499588,0.010223514400422573
YNL065W,YOR334W,1,7.773732,0.6688311696052551,0.2013685256242752,0.010223514400422573
YOR016C,YML120C,0,7.7698507,0.6666666865348816,0.2013685256242752,0.010323744267225266
YDR055W,YJL094C,0,7.7556663,0.6645161509513855,0.2013685256242752,0.010423975065350533
YER053C,YDR135C,1,7.7538033,0.6655948758125305,0.2023460417985916,0.010423975065350533
YER053C,YLL048C,1,7.7532625,0.6666666865348816,0.20332355797290802,0.010423975065350533
YLL043W,YOR071C,1,7.7525992,0.6677316427230835,0.20430107414722443,0.010423975065350533
YNL190W,YHR116W,0,7.7446012,0.6656050682067871,0.20430107414722443,0.0105242058634758
YML048W,YML078W,0,7.744481,0.6634920835494995,0.20430107414722443,0.010624436661601067
YPL060W,YNL065W,1,7.7322893,0.6645569801330566,0.20527859032154083,0.010624436661601067
YLR237W,YBL093C,0,7.730399,0.6624605655670166,0.20527859032154083,0.010724666528403759
YEL017C-A,YMR121C,0,7.7292156,0.6603773832321167,0.20527859032154083,0.010824897326529026
YLR393W,YML118W,0,7.725689,0.6583071947097778,0.20527859032154083,0.010925128124654293
YHR011W,YBR201W,0,7.7227683,0.65625,0.20527859032154083,0.011025357991456985
YGL077C,YBR024W,1,7.722538,0.6573208570480347,0.20625610649585724,0.011025357991456985
YDR046C,YNL190W,0,7.7213774,0.6552795171737671,0.20625610649585724,0.011125588789582253
YER056C,YBR046C,0,7.7188187,0.6532507538795471,0.20625610649585724,0.01122581958770752
YGR065C,YER042W,0,7.716969,0.6512345671653748,0.20625610649585724,0.011326049454510212
YGL255W,YKR039W,1,7.704182,0.6523076891899109,0.20723362267017365,0.011326049454510212
YBR039W,YDR040C,1,7.6890717,0.6533742547035217,0.20821113884449005,0.011326049454510212
YHR175W,YCR021C,1,7.6867895,0.6544342637062073,0.20918865501880646,0.011326049454510212
YMR177W,YPL271W,1,7.681032,0.6554877758026123,0.21016617119312286,0.011326049454510212
YOL027C,YPR156C,1,7.680645,0.6565349698066711,0.21114370226860046,0.011326049454510212
YGR224W,YKL016C,1,7.6761413,0.657575786113739,0.21212121844291687,0.011326049454510212
YNL190W,YDR080W,0,7.6758876,0.6555891036987305,0.21212121844291687,0.011426280252635479
YML125C,YDR111C,0,7.674926,0.6536144614219666,0.21212121844291687,0.011526511050760746
YPR124W,YDL185W,1,7.667204,0.6546546816825867,0.21309873461723328,0.011526511050760746
YPL234C,YHL016C,1,7.66273,0.6556886434555054,0.21407625079154968,0.011526511050760746
YIL023C,YBL030C,1,7.6564474,0.6567164063453674,0.2150537669658661,0.011526511050760746
YDR178W,YCR039C,0,7.6514354,0.6547619104385376,0.2150537669658661,0.011626741848886013
YIL027C,YDL184C,0,7.6438823,0.6528189778327942,0.2150537669658661,0.011726971715688705
YNR075W,YNL241C,0,7.6397614,0.6508875489234924,0.2150537669658661,0.011827202513813972
YPL078C,YKL165C,1,7.638071,0.6519173979759216,0.2160312831401825,0.011827202513813972
YOL020W,YDR038C,1,7.632136,0.6529411673545837,0.2170087993144989,0.011827202513813972
YLL028W,YFL049W,0,7.6307445,0.6510263681411743,0.2170087993144989,0.01192743331193924
YER053C,YOL105C,0,7.628904,0.6491228342056274,0.2170087993144989,0.012027663178741932
YNR055C,YCR021C,1,7.625002,0.6501457691192627,0.2179863154888153,0.012027663178741932
YGR065C,YFL050C,1,7.6235304,0.6511628031730652,0.2189638316631317,0.012027663178741932
YGR286C,YJR121W,0,7.6234455,0.6492753624916077,0.2189638316631317,0.012127893976867199
YKL175W,YDR040C,1,7.6140947,0.650288999080658,0.21994134783744812,0.012127893976867199
YLR237W,YOR348C,1,7.612494,0.651296854019165,0.22091886401176453,0.012127893976867199
YPR036W,YLR237W,1,7.609817,0.6522988677024841,0.22189638018608093,0.012127893976867199
YDR039C,YPL274W,1,7.6093726,0.65329509973526,0.22287389636039734,0.012127893976867199
YBR162C,YBR046C,0,7.6024113,0.6514285802841187,0.22287389636039734,0.012228124774992466
YLR447C,YNL291C,1,7.598106,0.6524216532707214,0.22385141253471375,0.012228124774992466
YDR377W,YJR040W,1,7.5937853,0.6534090638160706,0.22482892870903015,0.012228124774992466
YLL055W,YJR152W,1,7.5908084,0.6543909311294556,0.22580644488334656,0.012228124774992466
YBR039W,YBR054W,1,7.575238,0.6553672552108765,0.22678397595882416,0.012228124774992466
YML081C-A,YDR534C,1,7.574623,0.6563380360603333,0.22776149213314056,0.012228124774992466
YEL017C-A,YCR027C,1,7.5685472,0.6573033928871155,0.22873900830745697,0.012228124774992466
YML125C,YCL033C,0,7.5634313,0.6554622054100037,0.22873900830745697,0.012328355573117733
YDR039C,YFL050C,1,7.559529,0.6564245820045471,0.22971652448177338,0.012328355573117733
YGL077C,YOR088W,1,7.553308,0.6573815941810608,0.23069404065608978,0.012328355573117733
YFL026W,YOL059W,0,7.547453,0.6555555462837219,0.23069404065608978,0.012428585439920425
YDR077W,YKR050W,0,7.545707,0.6537396311759949,0.23069404065608978,0.012528816238045692
YOL007C,YOR065W,0,7.5401936,0.6519337296485901,0.23069404065608978,0.01262904703617096
YGL006W,YNL225C,0,7.5366383,0.650137722492218,0.23069404065608978,0.012729276902973652
YEL024W,YDL132W,0,7.531701,0.6483516693115234,0.23069404065608978,0.012829507701098919
YOR004W,YPL179W,0,7.529825,0.6465753316879272,0.23069404065608978,0.012929738499224186
YPR036W,YGR217W,1,7.528719,0.6475409865379333,0.2316715568304062,0.012929738499224186
YBR068C,YKL216W,0,7.5279694,0.6457765698432922,0.2316715568304062,0.013029969297349453
YGR065C,YOL158C,1,7.5261183,0.64673912525177,0.2326490730047226,0.013029969297349453
YML121W,YDR377W,1,7.525308,0.6476964950561523,0.233626589179039,0.013029969297349453
YCR024C-A,YBR038W,0,7.5251307,0.6459459662437439,0.233626589179039,0.013130199164152145
YBR008C,YHR148W,0,7.5202928,0.64420485496521,0.233626589179039,0.013230429962277412
YLR001C,YER123W,0,7.508662,0.6424731016159058,0.233626589179039,0.01333066076040268
YPR020W,YKR052C,1,7.50445,0.6434316635131836,0.2346041053533554,0.01333066076040268
YCR028C,YDR038C,1,7.503522,0.644385039806366,0.23558162152767181,0.01333066076040268
YHR026W,YGR163W,0,7.4966946,0.6426666378974915,0.23558162152767181,0.013430890627205372
YBL038W,YJR016C,0,7.4916987,0.6409574747085571,0.23558162152767181,0.013531121425330639
YPL234C,YLR130C,1,7.485598,0.6419098377227783,0.23655913770198822,0.013531121425330639
YOR096W,YLR034C,0,7.4791994,0.6402116417884827,0.23655913770198822,0.013631352223455906
YDR316W,YKL060C,0,7.474136,0.6385224461555481,0.23655913770198822,0.013731583021581173
YGL255W,YEL051W,1,7.4698305,0.6394736766815186,0.23753665387630463,0.013731583021581173
YER072W,YER123W,0,7.467417,0.6377952694892883,0.23753665387630463,0.013831812888383865
YPL078C,YOR334W,1,7.4520426,0.6387434601783752,0.23851417005062103,0.013831812888383865
YDR178W,YIL129C,0,7.450862,0.6370757222175598,0.23851417005062103,0.013932043686509132
YLR034C,YJL094C,1,7.4436817,0.6380208134651184,0.23949168622493744,0.013932043686509132
YCR079W,YDL136W,0,7.442213,0.6363636255264282,0.23949168622493744,0.0140322744846344
YLR130C,YGR138C,1,7.434802,0.6373056769371033,0.24046920239925385,0.0140322744846344
YPL019C,YGR007W,0,7.427195,0.6356589198112488,0.24046920239925385,0.014132504351437092
YOR214C,YLR459W,0,7.426553,0.6340206265449524,0.24046920239925385,0.014232735149562359
YLL028W,YNR024W,0,7.4237175,0.6323907375335693,0.24046920239925385,0.014332965947687626
YDR534C,YBL038W,0,7.418989,0.6307692527770996,0.24046920239925385,0.014433196745812893
YPL265W,YIL015W,0,7.4174285,0.6291559934616089,0.24046920239925385,0.014533426612615585
YIL121W,YLR287C-A,0,7.4128904,0.6275510191917419,0.24046920239925385,0.014633657410740852
YOR306C,YPR124W,1,7.406071,0.6284987330436707,0.24144671857357025,0.014633657410740852
YGL077C,YBR294W,1,7.397725,0.6294416189193726,0.24242424964904785,0.014633657410740852
YBR054W,YKL006C-A,0,7.3975058,0.6278480887413025,0.24242424964904785,0.01473388820886612
YBR039W,YBL030C,1,7.3860717,0.6287878751754761,0.24340176582336426,0.01473388820886612
YKL080W,YNL291C,1,7.3821535,0.6297228932380676,0.24437928199768066,0.01473388820886612
YDR038C,YGL093W,0,7.3807173,0.6281406879425049,0.24437928199768066,0.014834118075668812
YGL077C,YOL077W-A,1,7.3763237,0.6290726661682129,0.24535679817199707,0.014834118075668812
YGR138C,YJL110C,0,7.3706665,0.6274999976158142,0.24535679817199707,0.014934348873794079
YMR243C,YDL243C,0,7.370555,0.6259351372718811,0.24535679817199707,0.015034579671919346
YPL274W,YPL271W,1,7.3701,0.6268656849861145,0.24633431434631348,0.015034579671919346
YHR026W,YLR083C,0,7.369483,0.6253101825714111,0.24633431434631348,0.015134810470044613
YHR215W,YDR479C,0,7.3648357,0.6237623691558838,0.24633431434631348,0.015235040336847305
YMR302C,YGL135W,0,7.3629913,0.6222222447395325,0.24633431434631348,0.015335271134972572
YMR149W,YAL025C,0,7.3587847,0.6206896305084229,0.24633431434631348,0.01543550193309784
YER053C,YMR319C,1,7.3521657,0.6216216087341309,0.24731183052062988,0.01543550193309784
YPL057C,YOR316C,0,7.345878,0.6200980544090271,0.24731183052062988,0.015535731799900532
YKL120W,YBR207W,1,7.345003,0.621026873588562,0.2482893466949463,0.015535731799900532
YPR036W,YBR132C,1,7.343158,0.6219512224197388,0.2492668628692627,0.015535731799900532
YMR301C,YLR295C,1,7.341133,0.6228710412979126,0.2502443790435791,0.015535731799900532
YML121W,YNL327W,0,7.3401117,0.6213592290878296,0.2502443790435791,0.015635963529348373
YNR001C,YML078W,0,7.339914,0.619854748249054,0.2502443790435791,0.01573619246482849
YCR028C-A,YBR086C,0,7.3340826,0.6183574795722961,0.2502443790435791,0.015836423262953758
YPR036W,YMR241W,1,7.3285084,0.6192771196365356,0.2512218952178955,0.015836423262953758
YER053C,YOL158C,1,7.3218155,0.620192289352417,0.2521994113922119,0.015836423262953758
YPL234C,YPR067W,1,7.3142138,0.6211031079292297,0.2531769275665283,0.015836423262953758
YKL016C,YCR098C,1,7.313575,0.6220095753669739,0.2541544437408447,0.015836423262953758
YOR270C,YOL077W-A,1,7.304968,0.6229116916656494,0.25513195991516113,0.015836423262953758
YPR124W,YIL154C,0,7.289318,0.6214285492897034,0.25513195991516113,0.015936654061079025
YKL120W,YLR130C,1,7.2850847,0.6223278045654297,0.25610947608947754,0.015936654061079025
YBR054W,YDR212W,0,7.2829742,0.620853066444397,0.25610947608947754,0.016036884859204292
YKL165C,YGR217W,1,7.279051,0.6217494010925293,0.25708699226379395,0.016036884859204292
YGR065C,YBL030C,1,7.275403,0.6226415038108826,0.25806450843811035,0.016036884859204292
YAL053W,YDR506C,1,7.2731266,0.6235294342041016,0.25904202461242676,0.016036884859204292
YPL274W,YML123C,1,7.272374,0.6244131326675415,0.26001954078674316,0.016036884859204292
YGL006W,YER071C,0,7.2699585,0.6229507923126221,0.26001954078674316,0.01613711565732956
YHL040C,YDL210W,1,7.2633247,0.6238317489624023,0.26099705696105957,0.01613711565732956
YBL099W,YNR047W,0,7.2604485,0.6223776340484619,0.26099705696105957,0.016237346455454826
YPR124W,YGR257C,1,7.247592,0.6232557892799377,0.261974573135376,0.016237346455454826
YPR124W,YKR097W,0,7.245807,0.621809720993042,0.261974573135376,0.016337577253580093
YOL052C-A,YJR123W,0,7.2348795,0.6203703880310059,0.261974573135376,0.01643780618906021
YDL128W,YHR039C-A,1,7.2297277,0.6212471127510071,0.2629520893096924,0.01643780618906021
YOL020W,YBR106W,1,7.2285423,0.6221198439598083,0.2639296054840088,0.01643780618906021
YBR132C,YKL043W,0,7.22802,0.6206896305084229,0.2639296054840088,0.016538036987185478
YKL120W,YKR052C,1,7.2264967,0.6215596199035645,0.2649071216583252,0.016538036987185478
YHR136C,YNL306W,0,7.224046,0.6201372742652893,0.2649071216583252,0.016638267785310745
YDR322C-A,YHR089C,0,7.213549,0.6187214851379395,0.2649071216583252,0.016738498583436012
YBR068C,YHR176W,0,7.2099504,0.6173120737075806,0.2649071216583252,0.01683872938156128
YMR161W,YAL011W,0,7.206596,0.6159090995788574,0.2649071216583252,0.016938960179686546
YPR124W,YOR150W,0,7.2060013,0.6145124435424805,0.2649071216583252,0.017039190977811813
YBR127C,YEL031W,1,7.2039924,0.6153846383094788,0.265884667634964,0.017039190977811813
YDR343C,YFR037C,0,7.1890144,0.6139954924583435,0.265884667634964,0.01713941991329193
YDR322C-A,YDR270W,1,7.1889267,0.6148648858070374,0.2668621838092804,0.01713941991329193
YKL120W,YJR095W,1,7.1862903,0.615730345249176,0.2678396999835968,0.01713941991329193
YBR054W,YHR166C,0,7.185567,0.6143497824668884,0.2678396999835968,0.017239650711417198
YJR161C,YCR028C,0,7.1777773,0.6129754185676575,0.2678396999835968,0.017339881509542465
YPR165W,YHL015W,0,7.1730595,0.6116071343421936,0.2678396999835968,0.017440112307667732
YDR456W,YBR069C,1,7.161332,0.6124721765518188,0.2688172161579132,0.017440112307667732
YLR083C,YMR071C,0,7.15997,0.6111111044883728,0.2688172161579132,0.017540343105793
YBR039W,YJR040W,1,7.1598487,0.6119734048843384,0.2697947323322296,0.017540343105793
YPL271W,YGL095C,0,7.158267,0.6106194853782654,0.2697947323322296,0.017640573903918266
YCR021C,YBL030C,1,7.1509285,0.6114790439605713,0.270772248506546,0.017640573903918266
YMR011W,YCR017C,0,7.1492786,0.6101321578025818,0.270772248506546,0.017740804702043533
YGR065C,YLL048C,1,7.1482143,0.6109890341758728,0.2717497646808624,0.017740804702043533
YNR055C,YBR069C,1,7.144534,0.6118420958518982,0.27272728085517883,0.017740804702043533
YIL009W,YGL033W,0,7.1381793,0.6105032563209534,0.27272728085517883,0.01784103363752365
YMR088C,YLL053C,0,7.1355214,0.6091703176498413,0.27272728085517883,0.017941264435648918
YOL052C-A,YIL052C,0,7.1291733,0.6078431606292725,0.27272728085517883,0.018041495233774185
YKL165C,YGL255W,1,7.127719,0.6086956262588501,0.27370479702949524,0.018041495233774185
YLR340W,YOR348C,0,7.122346,0.6073752641677856,0.27370479702949524,0.018141726031899452
YDL066W,YML066C,0,7.11936,0.6060606241226196,0.27370479702949524,0.01824195683002472
YBR296C,YDL128W,1,7.1188927,0.6069114208221436,0.27468231320381165,0.01824195683002472
YGR020C,YDR135C,1,7.116168,0.607758641242981,0.27565982937812805,0.01824195683002472
YEL065W,YMR024W,0,7.1033187,0.6064516305923462,0.27565982937812805,0.018342187628149986
YBL099W,YJL051W,0,7.1006947,0.6051502227783203,0.27565982937812805,0.018442418426275253
YGL077C,YBR290W,1,7.098716,0.6059957146644592,0.27663734555244446,0.018442418426275253
YHR190W,YGL166W,0,7.0970254,0.6047008633613586,0.27663734555244446,0.01854264736175537
YGR163W,YDR297W,0,7.0969105,0.6034114956855774,0.27663734555244446,0.018642878159880638
YNL063W,YGL029W,0,7.0967627,0.6021276712417603,0.27663734555244446,0.018743108958005905
YDR039C,YPL092W,1,7.093899,0.6029723882675171,0.27761486172676086,0.018743108958005905
YEL017C-A,YOR071C,1,7.0921764,0.6038135886192322,0.27859237790107727,0.018743108958005905
YDR210W,YCR028C-A,0,7.09217,0.6025369763374329,0.27859237790107727,0.018843339756131172
YEL027W,YCR028C-A,0,7.0850573,0.6012658476829529,0.27859237790107727,0.01894357055425644
YDR039C,YML022W,0,7.0829916,0.6000000238418579,0.27859237790107727,0.019043801352381706
YLR260W,YDL212W,0,7.079526,0.598739504814148,0.27859237790107727,0.019144032150506973
YGR065C,YNL294C,0,7.072976,0.597484290599823,0.27859237790107727,0.01924426108598709
YMR243C,YBR237W,0,7.0729237,0.5962343215942383,0.27859237790107727,0.019344491884112358
YML078W,YIL043C,0,7.0684414,0.594989538192749,0.27859237790107727,0.019444722682237625
YOR270C,YBR024W,1,7.0684137,0.5958333611488342,0.2795698940753937,0.019444722682237625
YNL055C,YDR276C,1,7.0624123,0.5966736078262329,0.2805474102497101,0.019444722682237625
YOR271C,YHL040C,1,7.0583305,0.5975103974342346,0.2815249264240265,0.019444722682237625
YPL265W,YNR073C,0,7.0544324,0.5962733030319214,0.2815249264240265,0.019544953480362892
YER053C,YLR332W,0,7.052987,0.5950413346290588,0.2815249264240265,0.01964518427848816
YHL019C,YNL311C,0,7.0528173,0.5938144326210022,0.2815249264240265,0.019745415076613426
YDL185W,YJL117W,1,7.0484757,0.5946502089500427,0.2825024425983429,0.019745415076613426
YKR003W,YBL102W,0,7.048239,0.5934291481971741,0.2825024425983429,0.019845645874738693
YLR034C,YBR132C,1,7.047213,0.5942623019218445,0.2834799587726593,0.019845645874738693
YOL130W,YLR295C,1,7.038583,0.5950919985771179,0.2844574749469757,0.019845645874738693
YOL058W,YMR311C,0,7.0345173,0.5938775539398193,0.2844574749469757,0.01994587481021881
YMR305C,YML118W,0,7.033229,0.5926679968833923,0.2844574749469757,0.020046105608344078
YKR065C,YBL093C,0,7.026757,0.5914633870124817,0.2844574749469757,0.020146336406469345
YLL015W,YDR038C,1,7.026129,0.592292070388794,0.2854349911212921,0.020146336406469345
YNR075W,YJL059W,0,7.0254126,0.591093122959137,0.2854349911212921,0.020246567204594612
YNL046W,YER023W,0,7.0252285,0.5898990035057068,0.2854349911212921,0.02034679800271988
YLR378C,YOR315W,0,7.024275,0.5887096524238586,0.2854349911212921,0.020447028800845146
YDL100C,YDL114W,0,7.021837,0.5875251293182373,0.2854349911212921,0.020547259598970413
YDR039C,YEL051W,1,7.0170527,0.5883533954620361,0.2864125072956085,0.020547259598970413
YDR135C,YNL064C,0,7.016812,0.5871743559837341,0.2864125072956085,0.02064748853445053
YLR286C,YLL021W,0,7.016322,0.5860000252723694,0.2864125072956085,0.020747719332575798
YHL047C,YPL092W,1,7.013878,0.5868263244628906,0.2873900234699249,0.020747719332575798
YDL014W,YJL210W,0,7.008702,0.5856573581695557,0.2873900234699249,0.020847950130701065
YFR055W,YJR121W,0,7.0076227,0.5844930410385132,0.2873900234699249,0.020948180928826332
YBR008C,YLR004C,0,7.002781,0.5833333134651184,0.2873900234699249,0.0210484117269516
YOL013C,YGL187C,0,6.998876,0.5821782350540161,0.2873900234699249,0.021148642525076866
YGL077C,YDR158W,0,6.9981465,0.5810276865959167,0.2873900234699249,0.021248873323202133
YNL280C,YDR322C-A,0,6.99807,0.5798816680908203,0.2873900234699249,0.02134910225868225
YDR135C,YMR243C,1,6.995013,0.5807086825370789,0.28836753964424133,0.02134910225868225
YKL150W,YKR034W,0,6.991316,0.5795677900314331,0.28836753964424133,0.021449333056807518
YOR321W,YNL162W,0,6.9905305,0.5784313678741455,0.28836753964424133,0.021549563854932785
YNL081C,YOR344C,0,6.973066,0.5772994160652161,0.28836753964424133,0.021649794653058052
YLL051C,YJR152W,1,6.970296,0.578125,0.28934505581855774,0.021649794653058052
YBR296C,YBR295W,1,6.964799,0.5789473652839661,0.29032257199287415,0.021649794653058052
YML121W,YGR138C,1,6.9641066,0.5797665119171143,0.29130008816719055,0.021649794653058052
YER060W,YKL062W,0,6.958519,0.5786407589912415,0.29130008816719055,0.02175002545118332
YDR246W,YOR341W,0,6.9453964,0.5775193572044373,0.29130008816719055,0.021850256249308586
YLL001W,YER102W,0,6.9435472,0.5764023065567017,0.29130008816719055,0.021950487047433853
YPL274W,YLR295C,1,6.9384575,0.57722008228302,0.29227760434150696,0.021950487047433853
YBR036C,YMR133W,0,6.936157,0.576107919216156,0.29227760434150696,0.02205071598291397
YMR195W,YER113C,0,6.924802,0.574999988079071,0.29227760434150696,0.022150946781039238
YDL212W,YDL180W,0,6.9217367,0.5738963484764099,0.29227760434150696,0.022251177579164505
YCR024C-A,YOR131C,0,6.921645,0.5727969408035278,0.29227760434150696,0.022351408377289772
YDR040C,YOR316C,1,6.921351,0.5736137628555298,0.29325512051582336,0.022351408377289772
YNL055C,YJL117W,1,6.9193068,0.5744274854660034,0.29423263669013977,0.022351408377289772
YER145C,YKL165C,1,6.9178276,0.5752381086349487,0.2952101528644562,0.022351408377289772
YPL058C,YKL018W,0,6.9174633,0.5741444826126099,0.2952101528644562,0.02245163917541504
YBR036C,YPL220W,0,6.91365,0.5730550289154053,0.2952101528644562,0.022551869973540306
YPL045W,YJR113C,0,6.9133415,0.5719696879386902,0.2952101528644562,0.022652098909020424
YEL001C,YLR013W,0,6.913231,0.5708884596824646,0.2952101528644562,0.02275232970714569
YJL093C,YBR291C,1,6.9098706,0.5716981291770935,0.2961876690387726,0.02275232970714569
YMR243C,YNL136W,0,6.909738,0.5706214904785156,0.2961876690387726,0.022852560505270958
YPL234C,YCR024C-A,1,6.9054136,0.5714285969734192,0.2971652150154114,0.022852560505270958
YKR052C,YDR155C,0,6.9038215,0.5703564882278442,0.2971652150154114,0.022952791303396225
YOR306C,YMR038C,1,6.90225,0.5711610317230225,0.2981427311897278,0.022952791303396225
YGR193C,YEL054C,0,6.9017124,0.5700934529304504,0.2981427311897278,0.023053022101521492
YFL041W,YEL003W,0,6.898299,0.5690298676490784,0.2981427311897278,0.02315325289964676
YHR186C,YEL020W-A,0,6.8978467,0.5679702162742615,0.2981427311897278,0.023253483697772026
YPL236C,YER148W,0,6.8977733,0.5669144988059998,0.2981427311897278,0.023353712633252144
YNL327W,YPL085W,0,6.893091,0.5658627152442932,0.2981427311897278,0.02345394343137741
YPL265W,YBR005W,0,6.890942,0.5648148059844971,0.2981427311897278,0.023554174229502678
YDL128W,YJR121W,1,6.888442,0.5656192302703857,0.2991202473640442,0.023554174229502678
YPL154C,YLR100W,0,6.8880587,0.5645756721496582,0.2991202473640442,0.023654405027627945
YNL069C,YFL041W,0,6.884184,0.5635359287261963,0.2991202473640442,0.023754635825753212
YLR447C,YGR065C,1,6.8784127,0.564338207244873,0.3000977635383606,0.023754635825753212
YNR056C,YOR049C,0,6.8747683,0.563302755355835,0.3000977635383606,0.02385486662387848
YBL042C,YLR095C,0,6.8740845,0.5622710585594177,0.3000977635383606,0.023955097422003746
YKL016C,YBR041W,0,6.8714247,0.5612431168556213,0.3000977635383606,0.024055326357483864
YGR121C,YDR169C,0,6.8699427,0.5602189898490906,0.3000977635383606,0.02415555715560913
YLR205C,YLR304C,0,6.869533,0.5591985583305359,0.3000977635383606,0.024255787953734398
YBR291C,YPL262W,0,6.8659687,0.5581818222999573,0.3000977635383606,0.024356018751859665
YDR039C,YNL242W,0,6.8598576,0.5571687817573547,0.3000977635383606,0.024456249549984932
YOR257W,YGL008C,0,6.8587894,0.5561594367027283,0.3000977635383606,0.0245564803481102
YHR186C,YJR104C,0,6.8564773,0.5551537275314331,0.3000977635383606,0.024656711146235466
YFR041C,YFR047C,0,6.8496323,0.5541516542434692,0.3000977635383606,0.024756940081715584
YBR162C,YDR001C,0,6.846899,0.5531531572341919,0.3000977635383606,0.02485717087984085
YNR039C,YHL016C,1,6.846556,0.5539568066596985,0.301075279712677,0.02485717087984085
YNR039C,YOL152W,1,6.839934,0.5547576546669006,0.3020527958869934,0.02485717087984085
YBR296C,YDR239C,0,6.835679,0.5537634491920471,0.3020527958869934,0.024957401677966118
YEL017C-A,YOR047C,0,6.8341007,0.5527728199958801,0.3020527958869934,0.025057632476091385
YCR010C,YFL052W,0,6.8318396,0.5517857074737549,0.3020527958869934,0.025157863274216652
YLR348C,YPL078C,1,6.831257,0.5525846481323242,0.3030303120613098,0.025157863274216652
YPR128C,YJL198W,1,6.8308077,0.5533807873725891,0.3040078282356262,0.025157863274216652
YML125C,YKL163W,0,6.829879,0.5523978471755981,0.3040078282356262,0.02525809407234192
YNR030W,YPL088W,0,6.8289595,0.5514184236526489,0.3040078282356262,0.025358324870467186
YER141W,YJL019W,0,6.826518,0.5504424571990967,0.3040078282356262,0.025458553805947304
YGL077C,YKL064W,1,6.824567,0.5512367486953735,0.3049853444099426,0.025458553805947304
YKL212W,YNL252C,0,6.820918,0.5502645373344421,0.3049853444099426,0.02555878460407257
YPL045W,YPL006W,0,6.8111105,0.5492957830429077,0.3049853444099426,0.025659015402197838
YPL154C,YGR121C,0,6.8075094,0.5483304262161255,0.3049853444099426,0.025759246200323105
YKR049C,YGL032C,0,6.8028336,0.5473684072494507,0.3049853444099426,0.025859476998448372
YPL092W,YBL030C,1,6.8022103,0.5481611490249634,0.30596286058425903,0.025859476998448372
YDL046W,YJL137C,0,6.8014627,0.5472028255462646,0.30596286058425903,0.02595970779657364
YMR302C,YJL052W,0,6.790092,0.5462478399276733,0.30596286058425903,0.026059938594698906
YMR015C,YBR078W,0,6.789472,0.5452961921691895,0.30596286058425903,0.026160167530179024
YKL217W,YKL016C,1,6.789225,0.5460869669914246,0.30694037675857544,0.026160167530179024
YGL167C,YPL149W,0,6.7838125,0.5451388955116272,0.30694037675857544,0.02626039832830429
YDL185W,YHR090C,0,6.7787704,0.5441941022872925,0.30694037675857544,0.026360629126429558
YJL097W,YPR048W,0,6.7727203,0.5432525873184204,0.30694037675857544,0.026460859924554825
YPL234C,YDR012W,0,6.768476,0.542314350605011,0.30694037675857544,0.026561090722680092
YPR156C,YGL167C,1,6.7659254,0.5431034564971924,0.30791789293289185,0.026561090722680092
YKL026C,YPL220W,0,6.760791,0.5421686768531799,0.30791789293289185,0.02666132152080536
YNL083W,YLR340W,0,6.747941,0.5412371158599854,0.30791789293289185,0.026761552318930626
YOL105C,YDR377W,0,6.745658,0.5403087735176086,0.30791789293289185,0.026861781254410744
YJL212C,YHR176W,0,6.744503,0.539383590221405,0.30791789293289185,0.02696201205253601
YGR062C,YLR044C,0,6.74382,0.5384615659713745,0.30791789293289185,0.027062242850661278
YPL156C,YBR149W,0,6.741926,0.5375426411628723,0.30791789293289185,0.027162473648786545
YKR045C,YAR050W,0,6.74092,0.536626935005188,0.30791789293289185,0.027262704446911812
YHR039C-A,YDR205W,1,6.736865,0.5374149680137634,0.30889540910720825,0.027262704446911812
YKR065C,YKL178C,0,6.7359524,0.5365025401115417,0.30889540910720825,0.02736293524503708
YKL120W,YKL188C,0,6.7357244,0.5355932116508484,0.30889540910720825,0.027463166043162346
YER053C,YPR016C,0,6.7356415,0.5346869826316833,0.30889540910720825,0.027563394978642464
YOR175C,YPL160W,0,6.7349777,0.5337837934494019,0.30889540910720825,0.02766362577676773
YJR077C,YDL180W,0,6.7281923,0.5328836441040039,0.30889540910720825,0.027763856574892998
YDL181W,YDL101C,0,6.7273035,0.5319865345954895,0.30889540910720825,0.027864087373018265
YDR119W,YMR306W,0,6.725567,0.5310924649238586,0.30889540910720825,0.027964318171143532
YEL065W,YDR204W,0,6.725394,0.5302013158798218,0.30889540910720825,0.0280645489692688
YGR260W,YBR058C-A,0,6.7243004,0.5293132066726685,0.30889540910720825,0.028164779767394066
YBL099W,YGL071W,1,6.723905,0.5301003456115723,0.30987292528152466,0.028164779767394066
YOL027C,YLR295C,1,6.7146378,0.5308848023414612,0.31085044145584106,0.028164779767394066
YDR080W,YNL256W,0,6.713361,0.5299999713897705,0.31085044145584106,0.028265008702874184
YMR217W,YLR142W,0,6.7112,0.5291181206703186,0.31085044145584106,0.02836523950099945
YHR138C,YNR061C,0,6.7086277,0.5282391905784607,0.31085044145584106,0.028465470299124718
YLL052C,YOL091W,0,6.705195,0.5273631811141968,0.31085044145584106,0.028565701097249985
YOL096C,YOR047C,0,6.7049603,0.5264900922775269,0.31085044145584106,0.028665931895375252
YJL133W,YOR348C,1,6.70133,0.5272727012634277,0.31182795763015747,0.028665931895375252
YNL142W,YOR347C,0,6.700013,0.5264026522636414,0.31182795763015747,0.02876616269350052
YDL206W,YDR033W,1,6.6992197,0.5271828770637512,0.3128054738044739,0.02876616269350052
YJL208C,YLL005C,0,6.6939898,0.5263158082962036,0.3128054738044739,0.028866393491625786
YNL083W,YOR116C,0,6.6932917,0.5254515409469604,0.3128054738044739,0.028966622427105904
YDR205W,YPL036W,1,6.691105,0.5262295007705688,0.3137829899787903,0.028966622427105904
YML048W,YCR018C,0,6.687862,0.5253682732582092,0.3137829899787903,0.02906685322523117
YLR393W,YKL016C,0,6.6859083,0.5245097875595093,0.3137829899787903,0.029167084023356438
YDR039C,YPL060W,1,6.6853437,0.5252854824066162,0.3147605061531067,0.029167084023356438
YHR202W,YIL123W,0,6.6803703,0.524429976940155,0.3147605061531067,0.029267314821481705
YHR147C,YOR171C,0,6.677861,0.5235772132873535,0.3147605061531067,0.029367545619606972
YBR132C,YLR220W,1,6.672247,0.524350643157959,0.3157380223274231,0.029367545619606972
YKR052C,YOL020W,1,6.6703186,0.5251215696334839,0.3167155385017395,0.029367545619606972
YDR039C,YJR095W,1,6.668788,0.5258899927139282,0.3176930546760559,0.029367545619606972
YIL121W,YLR418C,0,6.665306,0.5250403881072998,0.3176930546760559,0.02946777641773224
YDL185W,YGL167C,1,6.663363,0.5258064270019531,0.3186705708503723,0.02946777641773224
YML121W,YDL128W,1,6.662011,0.5265700221061707,0.3196480870246887,0.02946777641773224
YMR256C,YKR078W,0,6.658257,0.5257234573364258,0.3196480870246887,0.029568007215857506
YJR121W,YJR152W,1,6.658161,0.5264847278594971,0.3206256031990051,0.029568007215857506
YDR077W,YOR047C,0,6.6555243,0.5256410241127014,0.3206256031990051,0.029668236151337624
YJR143C,YNR037C,0,6.6514297,0.5248000025749207,0.3206256031990051,0.02976846694946289
YBR295W,YHR026W,1,6.651145,0.52555912733078,0.32160311937332153,0.02976846694946289
YDL185W,YDR040C,1,6.6497197,0.5263158082962036,0.32258063554763794,0.02976846694946289
YNR039C,YPR020W,1,6.6433187,0.5270700454711914,0.32355815172195435,0.02976846694946289
YPR032W,YER072W,0,6.640495,0.526232123374939,0.32355815172195435,0.029868697747588158
YER145C,YML081C-A,1,6.6395483,0.5269841551780701,0.32453566789627075,0.029868697747588158
YDR046C,YDL065C,0,6.6353045,0.5261489748954773,0.32453566789627075,0.029968928545713425
YBR068C,YPL258C,0,6.6310873,0.5253164768218994,0.32453566789627075,0.03006915934383869
YML121W,YGR217W,1,6.627153,0.5260663628578186,0.32551318407058716,0.03006915934383869
YEL065W,YFR025C,0,6.626438,0.5252366065979004,0.32551318407058716,0.03016939014196396
YHR215W,YNR032C-A,0,6.625867,0.5244094729423523,0.32551318407058716,0.030269620940089226
YDR038C,YBR005W,0,6.6251736,0.5235849022865295,0.32551318407058716,0.030369849875569344
YPR020W,YOR071C,1,6.6208863,0.5243328213691711,0.32649070024490356,0.030369849875569344
YLL043W,YJR121W,1,6.620664,0.5250783562660217,0.32746821641921997,0.030369849875569344
YER033C,YEL024W,0,6.6178093,0.5242566466331482,0.32746821641921997,0.03047008067369461
YNL327W,YMR314W,0,6.6150856,0.5234375,0.32746821641921997,0.030570311471819878
YEL051W,YNL072W,0,6.612067,0.5226209163665771,0.32746821641921997,0.030670542269945145
YPR047W,YMR011W,0,6.6068425,0.5218068361282349,0.32746821641921997,0.03077077306807041
YGR065C,YOR071C,1,6.606363,0.5225505232810974,0.32844576239585876,0.03077077306807041
YHR026W,YCL048W,0,6.6061497,0.52173912525177,0.32844576239585876,0.03087100386619568
YML121W,YHL047C,1,6.605317,0.5224806070327759,0.32942327857017517,0.03087100386619568
YNL101W,YKL026C,0,6.605218,0.5216718316078186,0.32942327857017517,0.030971234664320946
YDR019C,YAL056W,0,6.6041856,0.5208655595779419,0.32942327857017517,0.031071463599801064
YLL048C,YHL040C,1,6.6023865,0.5216049551963806,0.3304007947444916,0.031071463599801064
YPR156C,YGL071W,1,6.6015334,0.5223420858383179,0.331378310918808,0.031071463599801064
YHR160C,YBR005W,0,6.601378,0.5215384364128113,0.331378310918808,0.03117169439792633
YIL121W,YGL033W,0,6.6009297,0.52073734998703,0.331378310918808,0.03127192705869675
YOL020W,YCR037C,1,6.600311,0.5214723944664001,0.3323558270931244,0.03127192705869675
YKL175W,YDL185W,1,6.600155,0.5222052335739136,0.3333333432674408,0.03127192705869675
YOL027C,YKR052C,1,6.599332,0.5229358077049255,0.3343108594417572,0.03127192705869675
YDR434W,YAL061W,0,6.598624,0.5221374034881592,0.3343108594417572,0.031372155994176865
YNR055C,YDL188C,0,6.596814,0.5213414430618286,0.3343108594417572,0.03147238492965698
YPL078C,YBR207W,1,6.5948706,0.5220699906349182,0.3352883756160736,0.03147238492965698
YPL006W,YJL136C,0,6.591992,0.521276593208313,0.3352883756160736,0.0315726175904274
YEL013W,YPL143W,0,6.590735,0.5204855799674988,0.3352883756160736,0.031672846525907516
YGL077C,YBL030C,1,6.5897303,0.521212100982666,0.33626589179039,0.031672846525907516
YDR329C,YHR141C,0,6.581817,0.5204235911369324,0.33626589179039,0.03177307918667793
YHR113W,YHL001W,0,6.5814724,0.5196374654769897,0.33626589179039,0.03187330812215805
YLR372W,YHR142W,0,6.578106,0.5188537240028381,0.33626589179039,0.03197354078292847
YCR024C-A,YNR013C,1,6.5705233,0.5195783376693726,0.3372434079647064,0.03197354078292847
YER073W,YBR179C,0,6.5635433,0.518796980381012,0.3372434079647064,0.032073769718408585
YML048W,YLR085C,0,6.5617614,0.5180180072784424,0.3372434079647064,0.0321739986538887
YLR138W,YLR130C,1,6.5610332,0.5187406539916992,0.3382209241390228,0.0321739986538887
YEL027W,YMR319C,1,6.5583153,0.5194610953330994,0.33919844031333923,0.0321739986538887
YJR077C,YIL039W,0,6.5542164,0.5186846256256104,0.33919844031333923,0.03227423131465912
YDR377W,YGR191W,1,6.553644,0.5194029808044434,0.34017595648765564,0.03227423131465912
YDR055W,YPR061C,0,6.552973,0.5186288952827454,0.34017595648765564,0.032374460250139236
YPR004C,YNL167C,0,6.548895,0.5178571343421936,0.34017595648765564,0.03247469291090965
YPR003C,YEL027W,1,6.544052,0.518573522567749,0.34115347266197205,0.03247469291090965
YML121W,YGR198W,0,6.543457,0.5178041458129883,0.34115347266197205,0.03257492184638977
YMR297W,YER023W,0,6.541191,0.517037034034729,0.34115347266197205,0.03267515450716019
YKR067W,YNL086W,0,6.541169,0.5162721872329712,0.34115347266197205,0.032775383442640305
YPL060W,YCR028C-A,0,6.5394845,0.5155096054077148,0.34115347266197205,0.03287561237812042
YDR538W,YER058W,0,6.535853,0.51474928855896,0.34115347266197205,0.03297584503889084
YDL004W,YNR013C,1,6.523842,0.5154638886451721,0.34213098883628845,0.03297584503889084
YCR083W,YHR183W,0,6.5137396,0.5147058963775635,0.34213098883628845,0.033076073974370956
YDR511W,YMR094W,0,6.512579,0.5139500498771667,0.34213098883628845,0.03317630663514137
YBL099W,YOR322C,0,6.4997716,0.5131964683532715,0.34213098883628845,0.03327653557062149
YGL020C,YDR019C,0,6.4994144,0.5124450922012329,0.34213098883628845,0.03337676823139191
YPL078C,YBR054W,1,6.497381,0.5131579041481018,0.34310850501060486,0.03337676823139191
YLR447C,YDR456W,1,6.49695,0.5138686299324036,0.34408602118492126,0.03337676823139191
YML116W,YJR014W,0,6.4935503,0.5131195187568665,0.34408602118492126,0.033476997166872025
YKL155C,YNL327W,0,6.4934664,0.512372612953186,0.34408602118492126,0.03357722610235214
YJL045W,YAR071W,0,6.491723,0.5116279125213623,0.34408602118492126,0.03367745876312256
YNR055C,YDL161W,0,6.490805,0.5108853578567505,0.34408602118492126,0.033777687698602676
YHR026W,YBR049C,0,6.49043,0.5101449489593506,0.34408602118492126,0.03387792035937309
YIL111W,YLR377C,0,6.4901543,0.5094066858291626,0.34408602118492126,0.03397814929485321
YMR149W,YEL013W,0,6.4878626,0.5086705088615417,0.34408602118492126,0.03407838195562363
YOL060C,YNL218W,0,6.486464,0.5079365372657776,0.34408602118492126,0.034178610891103745
YLR447C,YLR348C,1,6.48482,0.5086455345153809,0.34506353735923767,0.034178610891103745
YHL040C,YKL087C,0,6.484289,0.5079136490821838,0.34506353735923767,0.03427883982658386
YDL066W,YGL047W,0,6.4817944,0.5071839094161987,0.34506353735923767,0.03437907248735428
YOR037W,YML081C-A,0,6.4809246,0.5064562559127808,0.34506353735923767,0.034479301422834396
YLR372W,YDR372C,0,6.4749365,0.5057306885719299,0.34506353735923767,0.03457953408360481
YHL040C,YNL291C,1,6.47126,0.5064377784729004,0.3460410535335541,0.03457953408360481
YDR322C-A,YBR106W,1,6.4639416,0.5071428418159485,0.3470185697078705,0.03457953408360481
YHL018W,YML129C,0,6.4583206,0.5064194202423096,0.3470185697078705,0.03467976301908493
YNL321W,YJL198W,1,6.458298,0.5071225166320801,0.3479960858821869,0.03467976301908493
YDR033W,YGR140W,0,6.4581146,0.5064011216163635,0.3479960858821869,0.03477999567985535
YKL167C,YJR025C,0,6.4568954,0.5056818127632141,0.3479960858821869,0.034880224615335464
YOL105C,YBR094W,0,6.4558706,0.5049645304679871,0.3479960858821869,0.03498045355081558
YGL077C,YGR257C,1,6.454322,0.5056657195091248,0.3489736020565033,0.03498045355081558
YBR241C,YLR084C,0,6.45413,0.5049505233764648,0.3489736020565033,0.035080686211586
YLR411W,YBR054W,1,6.45291,0.505649745464325,0.3499511182308197,0.035080686211586
YML121W,YCR037C,1,6.4471645,0.5063469409942627,0.3509286344051361,0.035080686211586
YKR067W,YHR139C,0,6.44462,0.5056338310241699,0.3509286344051361,0.035180915147066116
YLL043W,YNL321W,1,6.4401064,0.5063291192054749,0.3519061505794525,0.035180915147066116
YEL017C-A,YHR120W,0,6.439745,0.5056179761886597,0.3519061505794525,0.03528114780783653
YOR336W,YGR076C,0,6.4392486,0.5049088597297668,0.3519061505794525,0.03538137674331665
YDL018C,YBR191W,0,6.4367695,0.5042017102241516,0.3519061505794525,0.03548160940408707
YJR010C-A,YOL059W,0,6.435296,0.503496527671814,0.3519061505794525,0.035581838339567184
YJL078C,YBR054W,0,6.430677,0.5027933120727539,0.3519061505794525,0.0356820672750473
YDR298C,YOR359W,0,6.430369,0.5020920634269714,0.3519061505794525,0.03578229993581772
YBR251W,YDR234W,0,6.4257526,0.5013927817344666,0.3519061505794525,0.035882528871297836
YKL120W,YDR040C,1,6.424548,0.5020862221717834,0.3528836667537689,0.035882528871297836
YML081C-A,YJL198W,1,6.4216156,0.5027777552604675,0.3538611829280853,0.035882528871297836
YJL093C,YDR276C,1,6.4207478,0.5034673810005188,0.35483869910240173,0.035882528871297836
YKL221W,YLL052C,0,6.417456,0.5027700662612915,0.35483869910240173,0.03598276153206825
YLR220W,YFR053C,0,6.413085,0.5020747184753418,0.35483869910240173,0.03608299046754837
YDL193W,YNL240C,0,6.4115744,0.5013812184333801,0.35483869910240173,0.03618322312831879
YML110C,YLR075W,0,6.405263,0.5006896257400513,0.35483869910240173,0.036283452063798904
YPR003C,YOR381W,1,6.396446,0.5013774037361145,0.35581621527671814,0.036283452063798904
YGL085W,YDL212W,0,6.3947515,0.5006877779960632,0.35581621527671814,0.03638368099927902
YBL038W,YER179W,0,6.3904095,0.5,0.35581621527671814,0.03648391366004944
YLR193C,YPR052C,0,6.3902106,0.4993141293525696,0.35581621527671814,0.036584142595529556
YLR239C,YEL054C,0,6.3865533,0.4986301362514496,0.35581621527671814,0.03668437525629997
YOR214C,YNR032C-A,0,6.3859625,0.49794802069664,0.35581621527671814,0.03678460419178009
YOR369C,YDR055W,0,6.3856044,0.4972677528858185,0.35581621527671814,0.03688483685255051
YMR256C,YOR227W,0,6.383083,0.4965893626213074,0.35581621527671814,0.036985065788030624
YLL043W,YHR039C-A,1,6.38211,0.4972752034664154,0.35679373145103455,0.036985065788030624
YBR070C,YKL185W,0,6.3786535,0.49659863114356995,0.35679373145103455,0.03708529472351074
YNR001C,YDR147W,0,6.3753643,0.4959239065647125,0.35679373145103455,0.03718552738428116
YDR377W,YBR039W,1,6.374432,0.49660786986351013,0.35777124762535095,0.03718552738428116
YER145C,YDR040C,1,6.3688393,0.4972899854183197,0.35874876379966736,0.03718552738428116
YKR085C,YPL145C,0,6.368458,0.49661704897880554,0.35874876379966736,0.037285756319761276
YLL048C,YOL158C,1,6.3653827,0.4972972869873047,0.35972630977630615,0.037285756319761276
YHR026W,YMR301C,1,6.3634977,0.4979757070541382,0.36070382595062256,0.037285756319761276
YGL077C,YDR135C,1,6.3614936,0.49865227937698364,0.36168134212493896,0.037285756319761276
YGL206C,YNL046W,0,6.3597016,0.49798116087913513,0.36168134212493896,0.03738598898053169
YER166W,YEL065W,1,6.3547163,0.49865591526031494,0.36265885829925537,0.03738598898053169
YBR207W,YHR175W,1,6.353547,0.4993288516998291,0.3636363744735718,0.03738598898053169
YDL033C,YOL072W,0,6.352033,0.49865952134132385,0.3636363744735718,0.03748621791601181
YNL328C,YBR201W,0,6.350506,0.49799197912216187,0.3636363744735718,0.03758645057678223
YJR155W,YML027W,0,6.34923,0.49732619524002075,0.3636363744735718,0.037686679512262344
YPR036W,YPL265W,1,6.348959,0.49799734354019165,0.3646138906478882,0.037686679512262344
YBR039W,YLR220W,1,6.3451223,0.4986666738986969,0.3655914068222046,0.037686679512262344
YDL212W,YKR098C,0,6.344692,0.49800264835357666,0.3655914068222046,0.03778690844774246
YHL047C,YEL027W,1,6.343238,0.49867022037506104,0.366568922996521,0.03778690844774246
YGL001C,YGR181W,0,6.3405504,0.49800798296928406,0.366568922996521,0.03788714110851288
YPR156C,YDL210W,1,6.33862,0.4986737370491028,0.3675464391708374,0.03788714110851288
YER073W,YJL002C,0,6.334979,0.4980132579803467,0.3675464391708374,0.037987370043992996
YHR026W,YLR055C,0,6.326588,0.49735450744628906,0.3675464391708374,0.03808760270476341
YPR183W,YOL059W,0,6.320652,0.49669748544692993,0.3675464391708374,0.03818783164024353
YOR328W,YGL198W,0,6.3176985,0.4960422217845917,0.3675464391708374,0.03828806430101395
YHR039C-A,YGL071W,1,6.31312,0.49670618772506714,0.3685239553451538,0.03828806430101395
YDR194C,YKR048C,0,6.311761,0.496052622795105,0.3685239553451538,0.038388293236494064
YML130C,YCR021C,0,6.3116283,0.4954007863998413,0.3685239553451538,0.03848852217197418
YLR138W,YCR098C,1,6.304737,0.4960629940032959,0.3695014715194702,0.03848852217197418
YKL120W,YBR258C,0,6.300949,0.4954128563404083,0.3695014715194702,0.0385887548327446
YKL192C,YBL047C,0,6.2983446,0.49476438760757446,0.3695014715194702,0.038688983768224716
YHL040C,YPL271W,1,6.2965927,0.4954248368740082,0.3704789876937866,0.038688983768224716
YDR046C,YPR165W,0,6.292074,0.4947780668735504,0.3704789876937866,0.03878921642899513
YLL015W,YDL100C,1,6.289026,0.49543675780296326,0.371456503868103,0.03878921642899513
YOR201C,YER072W,0,6.2877073,0.4947916567325592,0.371456503868103,0.03888944536447525
YNL336W,YGR200C,0,6.282973,0.49414825439453125,0.371456503868103,0.038989678025245667
YLR023C,YDR345C,0,6.282774,0.4935064911842346,0.371456503868103,0.039089906960725784
YIL121W,YMR079W,0,6.2793007,0.4928663969039917,0.371456503868103,0.0391901358962059
YDL130W-A,YBR034C,0,6.2787943,0.4922279715538025,0.371456503868103,0.03929036855697632
YER014W,YCR031C,0,6.2772713,0.491591215133667,0.371456503868103,0.039390597492456436
YOL158C,YLR295C,1,6.277231,0.4922480583190918,0.37243402004241943,0.039390597492456436
YOR383C,YOL130W,1,6.276,0.4929032325744629,0.37341153621673584,0.039390597492456436
YHL040C,YNL068C,0,6.273341,0.49226805567741394,0.37341153621673584,0.03949083015322685
YKL120W,YPL036W,1,6.2718015,0.49292150139808655,0.37438905239105225,0.03949083015322685
YHR036W,YPL106C,0,6.2694135,0.49228790402412415,0.37438905239105225,0.03959105908870697
YMR015C,YGR170W,0,6.268583,0.49165597558021545,0.37438905239105225,0.039691291749477386
YDR040C,YKR039W,1,6.267825,0.4923076927661896,0.37536656856536865,0.039691291749477386
YPL063W,YAL062W,0,6.264466,0.49167734384536743,0.37536656856536865,0.039791520684957504
YKR067W,YOR383C,0,6.2592945,0.4910486042499542,0.37536656856536865,0.03989174962043762
YHL040C,YLL015W,1,6.258737,0.49169859290122986,0.37634408473968506,0.03989174962043762
YGL123W,YNL322C,0,6.258396,0.4910714328289032,0.37634408473968506,0.03999198228120804
YDR231C,YIL030C,0,6.2550387,0.4904458522796631,0.37634408473968506,0.040092211216688156
YGR174C,YDR235W,0,6.254453,0.4898218810558319,0.37634408473968506,0.04019244387745857
YEL051W,YKL191W,0,6.254124,0.4891994893550873,0.37634408473968506,0.04029267281293869
YKL195W,YOR383C,0,6.2522926,0.4885786771774292,0.37634408473968506,0.040392905473709106
YKR088C,YBR050C,0,6.248604,0.48795944452285767,0.37634408473968506,0.040493134409189224
YER056C,YNL045W,0,6.2470355,0.4873417615890503,0.37634408473968506,0.04059336334466934
YOL130W,YKL016C,1,6.2469683,0.4879898726940155,0.37732160091400146,0.04059336334466934
YLL051C,YML081C-A,1,6.2448473,0.4886363744735718,0.37829911708831787,0.04059336334466934
YKR065C,YMR323W,0,6.2447166,0.4880201816558838,0.37829911708831787,0.04069359600543976
YNR045W,YHL032C,0,6.2421713,0.48740553855895996,0.37829911708831787,0.040793824940919876
YGR257C,YLR155C,0,6.241074,0.4867924451828003,0.37829911708831787,0.04089405760169029
YPR156C,YEL031W,1,6.2400055,0.4874371886253357,0.3792766332626343,0.04089405760169029
YLR034C,YPL265W,1,6.234764,0.48808029294013977,0.3802541494369507,0.04089405760169029
YPR124W,YEL062W,1,6.2329326,0.4887218177318573,0.3812316656112671,0.04089405760169029
YNL194C,YER170W,0,6.2285185,0.48811012506484985,0.3812316656112671,0.04099428653717041
YPR082C,YMR271C,0,6.2281227,0.48750001192092896,0.3812316656112671,0.041094519197940826
YOR357C,YKR075C,0,6.2240734,0.48689138889312744,0.3812316656112671,0.041194748133420944
YER166W,YPL234C,1,6.222129,0.4875311851501465,0.3822091817855835,0.041194748133420944
YCR024C-A,YJR152W,1,6.2192993,0.4881693720817566,0.3831866979598999,0.041194748133420944
YIL087C,YDR511W,0,6.214135,0.4875621795654297,0.3831866979598999,0.04129497706890106
YHR157W,YLR432W,0,6.2140474,0.48695650696754456,0.3831866979598999,0.04139520972967148
YDR039C,YKR105C,1,6.2121954,0.48759305477142334,0.3841642141342163,0.04139520972967148
YLL048C,YMR241W,1,6.2119293,0.4882279932498932,0.3851417303085327,0.04139520972967148
YPL234C,YBR065C,0,6.2042794,0.48762375116348267,0.3851417303085327,0.041495438665151596
YDL130W-A,YIR026C,0,6.200269,0.48702099919319153,0.3851417303085327,0.04159567132592201
YDR210W,YNL007C,0,6.2000155,0.48641976714134216,0.3851417303085327,0.04169590026140213
YBR298C,YDR465C,0,6.199876,0.4858199656009674,0.3851417303085327,0.041796132922172546
YGR174C,YDR202C,0,6.197894,0.4852216839790344,0.3851417303085327,0.041896361857652664
YGL023C,YDR225W,0,6.19734,0.48462483286857605,0.3851417303085327,0.04199659079313278
YER166W,YCR098C,1,6.1958027,0.48525798320770264,0.3861192464828491,0.04199659079313278
YML130C,YDR488C,0,6.192548,0.48466256260871887,0.3861192464828491,0.0420968234539032
YCR044C,YAL026C,0,6.1826696,0.4840686321258545,0.3861192464828491,0.042197052389383316
YCR048W,YER100W,0,6.1793375,0.4834761321544647,0.3861192464828491,0.04229728505015373
YHR005C,YGR101W,0,6.175649,0.48288509249687195,0.3861192464828491,0.04239751398563385
YIL040W,YJR139C,0,6.1730127,0.4822954833507538,0.3861192464828491,0.042497746646404266
YOR087W,YJR077C,1,6.172085,0.4829268157482147,0.3870967626571655,0.042497746646404266
YDR322C-A,YLL051C,1,6.167661,0.4835566282272339,0.38807427883148193,0.042497746646404266
YEL034W,YOR080W,0,6.1586466,0.48296836018562317,0.38807427883148193,0.042597975581884384
YAL053W,YLL027W,1,6.1586313,0.4835965931415558,0.38905179500579834,0.042597975581884384
YOR332W,YEL051W,1,6.1585407,0.48422330617904663,0.39002931118011475,0.042597975581884384
YKL120W,YPL242C,0,6.150434,0.48363634943962097,0.39002931118011475,0.0426982045173645
YMR054W,YEL027W,1,6.1457205,0.48426151275634766,0.39100685715675354,0.0426982045173645
YOR214C,YNR073C,0,6.145124,0.48367592692375183,0.39100685715675354,0.04279843717813492
YIL114C,YDR040C,1,6.1436515,0.48429951071739197,0.39198437333106995,0.04279843717813492
YHR026W,YDR205W,1,6.143386,0.4849216043949127,0.39296188950538635,0.04279843717813492
YBL042C,YNL145W,0,6.1418633,0.48433735966682434,0.39296188950538635,0.042898666113615036
YEL065W,YER071C,0,6.141699,0.4837545156478882,0.39296188950538635,0.04299889877438545
YPR124W,YHR039C-A,1,6.1369734,0.484375,0.39393940567970276,0.04299889877438545
YBR003W,YNR032W,0,6.130742,0.4837935268878937,0.39393940567970276,0.04309912770986557
YKL080W,YDL185W,1,6.129935,0.48441246151924133,0.39491692185401917,0.04309912770986557
YMR251W-A,YER177W,0,6.126472,0.48383232951164246,0.39491692185401917,0.043199360370635986
YLR414C,YMR224C,0,6.125163,0.4832535982131958,0.39491692185401917,0.043299589306116104
YBL099W,YBR127C,1,6.122611,0.4838709533214569,0.39589443802833557,0.043299589306116104
YKR013W,YER028C,0,6.121831,0.4832935631275177,0.39589443802833557,0.04339981824159622
YPR201W,YPL092W,1,6.1214504,0.4839094281196594,0.396871954202652,0.04339981824159622
YPL265W,YGR198W,0,6.1183147,0.4833333194255829,0.396871954202652,0.04350005090236664
YMR134W,YKL216W,0,6.1174784,0.48275861144065857,0.396871954202652,0.043600279837846756
YMR072W,YGL077C,0,6.115473,0.4821852743625641,0.396871954202652,0.04370051249861717
YKL016C,YPR067W,1,6.1099997,0.4827995300292969,0.3978494703769684,0.04370051249861717
YOR192C,YOR384W,1,6.109817,0.48341232538223267,0.3988269865512848,0.04370051249861717
YGR020C,YLR130C,1,6.1089907,0.48402366042137146,0.3998045027256012,0.04370051249861717
YPR100W,YCR028C-A,0,6.108883,0.4834515452384949,0.3998045027256012,0.04380074143409729
YKL080W,YIL053W,0,6.105047,0.48288074135780334,0.3998045027256012,0.043900974094867706
YOL077W-A,YCR021C,1,6.103384,0.48349055647850037,0.4007820188999176,0.043900974094867706
YAL053W,YGL054C,0,6.1032476,0.4829210937023163,0.4007820188999176,0.044001203030347824
YER145C,YMR038C,1,6.1014547,0.4835294187068939,0.401759535074234,0.044001203030347824
YMR236W,YML131W,0,6.1010013,0.4829612076282501,0.401759535074234,0.04410143196582794
YKL016C,YCR027C,1,6.0978365,0.48356807231903076,0.4027370512485504,0.04410143196582794
YDL046W,YCR048W,0,6.0939913,0.483001172542572,0.4027370512485504,0.04420166462659836
YDR039C,YNR013C,1,6.093639,0.4836065471172333,0.4037145674228668,0.04420166462659836
YOL077W-A,YDL076C,0,6.093397,0.4830409288406372,0.4037145674228668,0.044301893562078476
YNL137C,YNL312W,0,6.0911508,0.4824766218662262,0.4037145674228668,0.04440212622284889
YCR105W,YAL068C,0,6.0905824,0.48191365599632263,0.4037145674228668,0.04450235515832901
YOR383C,YML075C,0,6.090514,0.48135197162628174,0.4037145674228668,0.04460258409380913
YMR307W,YLR085C,0,6.0868855,0.4807916283607483,0.4037145674228668,0.044702816754579544
YGR060W,YBL056W,0,6.0860615,0.4802325665950775,0.4037145674228668,0.04480304569005966
YPL159C,YLR377C,0,6.083681,0.4796747863292694,0.4037145674228668,0.04490327835083008
YBR039W,YOL020W,1,6.0822086,0.4802784323692322,0.4046920835971832,0.04490327835083008
YDL128W,YGR138C,1,6.0817738,0.48088064789772034,0.40566959977149963,0.04490327835083008
YLR460C,YOR247W,0,6.081722,0.48032405972480774,0.40566959977149963,0.045003507286310196
YGR049W,YDR212W,0,6.0807557,0.4797687828540802,0.40566959977149963,0.04510373994708061
YLL048C,YKL165C,1,6.079655,0.480369508266449,0.40664711594581604,0.04510373994708061
YPL162C,YLL066C,0,6.077593,0.47981545329093933,0.40664711594581604,0.04520396888256073
YLL001W,YHL016C,0,6.0767136,0.47926267981529236,0.40664711594581604,0.04530419781804085
YIR014W,YNL003C,0,6.075731,0.47871115803718567,0.40664711594581604,0.045404430478811264
YLR034C,YHL016C,1,6.0749474,0.4793103337287903,0.40762463212013245,0.045404430478811264
YDR040C,YPL164C,0,6.074892,0.4787600338459015,0.40762463212013245,0.04550465941429138
YPL162C,YBR186W,0,6.0723634,0.47821101546287537,0.40762463212013245,0.0456048920750618
YMR158W,YIL067C,0,6.070427,0.47766321897506714,0.40762463212013245,0.045705121010541916
YCR079W,YOR211C,0,6.069328,0.4771167039871216,0.40762463212013245,0.04580535367131233
YOL077W-A,YMR243C,1,6.0682907,0.47771430015563965,0.40860214829444885,0.04580535367131233
YGR026W,YER044C,0,6.066658,0.4771689474582672,0.40860214829444885,0.04590558260679245
YLR138W,YCR037C,1,6.0657454,0.47776511311531067,0.40957966446876526,0.04590558260679245
YLR372W,YGR004W,0,6.0615253,0.47722095251083374,0.40957966446876526,0.04600581154227257
YBR008C,YNL299W,0,6.0578322,0.4766780436038971,0.40957966446876526,0.046106044203042984
YBR168W,YNR041C,0,6.0573807,0.47613635659217834,0.40957966446876526,0.0462062731385231
YJL212C,YBL069W,0,6.055379,0.4755959212779999,0.40957966446876526,0.04630650579929352
YIL004C,YJL198W,0,6.055361,0.4750566780567169,0.40957966446876526,0.046406734734773636
YHR138C,YDL174C,0,6.053362,0.47451868653297424,0.40957966446876526,0.04650696739554405
YLL043W,YMR038C,1,6.050475,0.4751131236553192,0.41055718064308167,0.04650696739554405
YDR038C,YNR023W,0,6.045455,0.47457626461982727,0.41055718064308167,0.04660719633102417
YLR214W,YOL065C,0,6.0426564,0.4740406274795532,0.41055718064308167,0.04670742526650429
YPL060W,YKL217W,1,6.041877,0.4746336042881012,0.41153469681739807,0.04670742526650429
YHR176W,YBR207W,0,6.040345,0.4740990996360779,0.41153469681739807,0.046807657927274704
YMR243C,YKL140W,0,6.0398965,0.47356581687927246,0.41153469681739807,0.04690788686275482
YDL004W,YBR291C,1,6.0393515,0.47415730357170105,0.4125122129917145,0.04690788686275482
YNL083W,YJL021C,0,6.037244,0.47362515330314636,0.4125122129917145,0.04700811952352524
YBR003W,YOR316C,0,6.0332966,0.4730941653251648,0.4125122129917145,0.047108348459005356
YKL073W,YDL185W,0,6.0324917,0.4725643992424011,0.4125122129917145,0.04720858111977577
YGR289C,YFL022C,0,6.03226,0.47203579545021057,0.4125122129917145,0.04730881005525589
YPR028W,YGL038C,0,6.0315113,0.4715083837509155,0.4125122129917145,0.04740903899073601
YNL093W,YFL018C,0,6.0278482,0.4709821343421936,0.4125122129917145,0.047509271651506424
YOL154W,YJL198W,0,6.02565,0.4704570770263672,0.4125122129917145,0.04760950058698654
YKR065C,YDR323C,0,6.0256124,0.4699331820011139,0.4125122129917145,0.04770973324775696
YJL138C,YDR342C,0,6.0223603,0.4694104492664337,0.4125122129917145,0.047809962183237076
YGL167C,YML041C,0,6.022031,0.46888887882232666,0.4125122129917145,0.04791019484400749
YOL027C,YOR088W,1,6.021772,0.4694783687591553,0.4134897291660309,0.04791019484400749
YNL263C,YMR056C,0,6.020739,0.4689578711986542,0.4134897291660309,0.04801042377948761
YNR039C,YKR052C,1,6.0206227,0.46954596042633057,0.4144672453403473,0.04801042377948761
YMR161W,YJR144W,0,6.017293,0.4690265357494354,0.4144672453403473,0.04811065271496773
YLL048C,YHR017W,0,6.0143147,0.4685082733631134,0.4144672453403473,0.048210885375738144
YMR307W,YJL198W,0,6.0141826,0.4679911732673645,0.4144672453403473,0.04831111431121826
YDR055W,YBR058C,0,6.013144,0.46747520565986633,0.4144672453403473,0.04841134697198868
YDR437W,YER111C,0,6.009656,0.4669603407382965,0.4144672453403473,0.048511575907468796
YFL053W,YOR211C,0,6.009595,0.4664466381072998,0.4144672453403473,0.04861180856823921
YIL114C,YOR332W,1,6.0073156,0.4670329689979553,0.4154447615146637,0.04861180856823921
YGL055W,YDR363W,0,6.0051174,0.4665203094482422,0.4154447615146637,0.04871203750371933
YLL051C,YOR087W,1,6.0045295,0.46710526943206787,0.4164222776889801,0.04871203750371933
YNL177C,YPL281C,0,6.002146,0.4665936529636383,0.4164222776889801,0.04881226643919945
YPL045W,YER045C,0,6.0002723,0.4660831391811371,0.4164222776889801,0.048912499099969864
YIL114C,YGR096W,1,5.997908,0.46666666865348816,0.4173997938632965,0.048912499099969864
YPL221W,YMR054W,1,5.9976845,0.46724891662597656,0.4183773100376129,0.048912499099969864
YOL027C,YHR050W,1,5.99732,0.4678298830986023,0.4193548262119293,0.048912499099969864
YPL224C,YKL016C,1,5.9967337,0.46840959787368774,0.4203323423862457,0.048912499099969864
YBR296C,YPL274W,1,5.9945626,0.4689880311489105,0.42130985856056213,0.048912499099969864
YML121W,YJL133W,1,5.993203,0.469565212726593,0.4222874045372009,0.048912499099969864
YCR028C,YGL008C,1,5.9909115,0.47014114260673523,0.42326492071151733,0.048912499099969864
YPL092W,YEL051W,1,5.9904404,0.47071582078933716,0.42424243688583374,0.048912499099969864
YER073W,YBR265W,0,5.989957,0.4702058434486389,0.42424243688583374,0.04901272803544998
YJR160C,YDL049C,0,5.9892297,0.469696968793869,0.42424243688583374,0.0491129606962204
YGL047W,YAL001C,0,5.9839773,0.46918919682502747,0.42424243688583374,0.049213189631700516
YHL016C,YML081C-A,1,5.9835024,0.4697624146938324,0.42521995306015015,0.049213189631700516
YLR237W,YBR290W,1,5.980994,0.47033441066741943,0.42619746923446655,0.049213189631700516
YPL162C,YNL003C,0,5.9800014,0.4698275923728943,0.42619746923446655,0.04931342229247093
YMR071C,YOR178C,0,5.9774113,0.4693218469619751,0.42619746923446655,0.04941365122795105
YLR138W,YJR040W,1,5.973686,0.4698924720287323,0.42717498540878296,0.04941365122795105
YER004W,YPL076W,0,5.9734244,0.4693877696990967,0.42717498540878296,0.04951388016343117
YLR120C,YKL183W,0,5.972828,0.46888411045074463,0.42717498540878296,0.049614112824201584
YKL175W,YPL224C,1,5.9711413,0.469453364610672,0.42815250158309937,0.049614112824201584
YKL055C,YNL112W,0,5.9710484,0.4689507484436035,0.42815250158309937,0.0497143417596817
YGR055W,YAR066W,0,5.9704385,0.468449205160141,0.42815250158309937,0.04981457442045212
YJL080C,YGR287C,0,5.9677734,0.46794870495796204,0.42815250158309937,0.049914803355932236
YMR015C,YNR022C,0,5.966197,0.4674493074417114,0.42815250158309937,0.05001503601670265
YDR204W,YER069W,0,5.9631214,0.4669509530067444,0.42815250158309937,0.05011526495218277
YKL148C,YER176W,0,5.961922,0.4664536714553833,0.42815250158309937,0.05021549388766289
YOR034C,YLR048W,0,5.96028,0.4659574329853058,0.42815250158309937,0.050315726548433304
YDR105C,YGR049W,0,5.957406,0.46546226739883423,0.42815250158309937,0.05041595548391342
YBR295W,YOR381W,1,5.952556,0.46602973341941833,0.42913001775741577,0.05041595548391342
YKL064W,YPR020W,1,5.9524956,0.46659597754478455,0.4301075339317322,0.05041595548391342
YPL092W,YDR017C,0,5.950303,0.4661017060279846,0.4301075339317322,0.05051618814468384
YMR134W,YNL036W,0,5.9457526,0.46560847759246826,0.4301075339317322,0.050616417080163956
YBR295W,YLR220W,1,5.9373264,0.46617335081100464,0.4310850501060486,0.050616417080163956
YKL056C,YKL109W,0,5.936949,0.4656811058521271,0.4310850501060486,0.05071664974093437
YER056C,YOR016C,0,5.9360466,0.4651898741722107,0.4310850501060486,0.05081687867641449
YGR076C,YMR302C,0,5.93411,0.4646996855735779,0.4310850501060486,0.05091710761189461
YDL072C,YDL195W,0,5.927334,0.46421054005622864,0.4310850501060486,0.051017340272665024
YDL066W,YKR009C,0,5.9245815,0.4637224078178406,0.4310850501060486,0.05111756920814514
YDR046C,YDR084C,0,5.924491,0.4632352888584137,0.4310850501060486,0.05121780186891556
YDL100C,YKL141W,0,5.92389,0.4627492129802704,0.4310850501060486,0.051318030804395676
YDL004W,YER110C,0,5.922955,0.46226415038108826,0.4310850501060486,0.05141826346516609
YOL077W-A,YGL213C,0,5.9198613,0.4617801010608673,0.4310850501060486,0.05151849240064621
YIR031C,YPL248C,0,5.912373,0.46129706501960754,0.4310850501060486,0.05161872133612633
YGL077C,YOR291W,1,5.9108467,0.46185997128486633,0.432062566280365,0.05161872133612633
YJL133W,YJL094C,1,5.908938,0.462421715259552,0.4330400824546814,0.05161872133612633
YBR106W,YNL199C,0,5.9072633,0.4619395136833191,0.4330400824546814,0.051718953996896744
YNL083W,YMR307W,0,5.9043674,0.46145832538604736,0.4330400824546814,0.05181918293237686
YOR273C,YCR003W,0,5.9041805,0.4609781503677368,0.4330400824546814,0.05191941559314728
YHL047C,YOR192C,1,5.895749,0.4615384638309479,0.4340175986289978,0.05191941559314728
YDL004W,YHL047C,1,5.8950014,0.4620976150035858,0.4349951148033142,0.05191941559314728
YJL208C,YPL023C,0,5.892998,0.46161824464797974,0.4349951148033142,0.052019644528627396
YOR247W,YPR023C,0,5.891773,0.46113988757133484,0.4349951148033142,0.05211987718939781
YDR323C,YBR086C,0,5.890746,0.46066251397132874,0.4349951148033142,0.05222010612487793
YJR095W,YMR243C,1,5.8900194,0.46122026443481445,0.4359726309776306,0.05222010612487793
YHR073W,YNL065W,0,5.8890624,0.46074381470680237,0.4359726309776306,0.05232033506035805
YLR369W,YDL038C,0,5.888075,0.4602683186531067,0.4359726309776306,0.052420567721128464
YDR375C,YOR396W,0,5.888075,0.4597938060760498,0.4359726309776306,0.05252079665660858
YIL051C,YDL038C,0,5.888075,0.4593202769756317,0.4359726309776306,0.052621029317379
YGL054C,YBL047C,0,5.8838296,0.4588477313518524,0.4359726309776306,0.052721258252859116
YPL265W,YBL106C,0,5.877541,0.4583761692047119,0.4359726309776306,0.05282149091362953
YLR155C,YBR191W,0,5.876766,0.45790553092956543,0.4359726309776306,0.05292171984910965
YDL212W,YNR038W,0,5.876455,0.4574359059333801,0.4359726309776306,0.05302194878458977
YIL070C,YHR188C,0,5.876301,0.45696720480918884,0.4359726309776306,0.053122181445360184
YLR001C,YOL133W,0,5.874346,0.45649948716163635,0.4359726309776306,0.0532224103808403
YOR201C,YHL047C,0,5.8735094,0.45603272318840027,0.4359726309776306,0.05332264304161072
YLR220W,YCR098C,1,5.871178,0.45658835768699646,0.436950147151947,0.05332264304161072
YBR162W-A,YPR145W,0,5.8677254,0.4561224579811096,0.436950147151947,0.053422871977090836
YNR055C,YLL028W,1,5.8641877,0.4566768705844879,0.4379276633262634,0.053422871977090836
YNR075W,YCR047C,0,5.8640537,0.45621180534362793,0.4379276633262634,0.05352310463786125
YPL221W,YDR506C,1,5.8636875,0.45676499605178833,0.43890517950057983,0.05352310463786125
YAL008W,YPL258C,0,5.862116,0.4563008248806,0.43890517950057983,0.05362333357334137
YGR101W,YIL052C,0,5.8600807,0.45583757758140564,0.43890517950057983,0.05372356250882149
YDR105C,YGL028C,0,5.8586717,0.4553752541542053,0.43890517950057983,0.053823795169591904
YEL004W,YHR170W,0,5.8562765,0.4549138844013214,0.43890517950057983,0.05392402410507202
YPL060W,YLR214W,1,5.855652,0.4554655849933624,0.43988269567489624,0.05392402410507202
YHL040C,YJL117W,1,5.851722,0.4560161828994751,0.44086021184921265,0.05392402410507202
YNR030W,YBR186W,0,5.847416,0.4555555582046509,0.44086021184921265,0.05402425676584244
YPR124W,YCR075C,1,5.843793,0.45610493421554565,0.44183772802352905,0.05402425676584244
YBR296C,YBR069C,1,5.8428884,0.4566532373428345,0.44281524419784546,0.05402425676584244
YIL087C,YKL024C,0,5.8407116,0.45619335770606995,0.44281524419784546,0.054124485701322556
YLR372W,YKL196C,0,5.8386607,0.45573440194129944,0.44281524419784546,0.05422471836209297
YMR015C,YDR202C,0,5.8350987,0.45527637004852295,0.44281524419784546,0.05432494729757309
YLL023C,YNR032W,0,5.8350487,0.45481929183006287,0.44281524419784546,0.05442517623305321
YMR161W,YNL306W,0,5.833554,0.454363077878952,0.44281524419784546,0.054525408893823624
YOL130W,YER058W,0,5.8303823,0.4539078176021576,0.44281524419784546,0.05462563782930374
YGL124C,YMR293C,0,5.8300276,0.4534534513950348,0.44281524419784546,0.05472587049007416
YKL195W,YHL001W,0,5.8294086,0.453000009059906,0.44281524419784546,0.054826099425554276
YML081C-A,YBR245C,0,5.828172,0.45254746079444885,0.44281524419784546,0.05492633208632469
YJL062W-A,YHR108W,0,5.827166,0.45209580659866333,0.44281524419784546,0.05502656102180481
YFL061W,YNL209W,0,5.8250103,0.4516450762748718,0.44281524419784546,0.05512678995728493
YNL014W,YLR377C,0,5.824867,0.45119521021842957,0.44281524419784546,0.055227022618055344
YLL051C,YKR039W,1,5.8243046,0.4517413079738617,0.44379276037216187,0.055227022618055344
YAL053W,YPR098C,0,5.821329,0.4512922465801239,0.44379276037216187,0.05532725155353546
YFR015C,YNL065W,0,5.8157043,0.45084407925605774,0.44379276037216187,0.05542748421430588
YKR013W,YDL085W,0,5.8137474,0.4503968358039856,0.44379276037216187,0.055527713149785995
YOL071W,YBR251W,0,5.812731,0.4499504566192627,0.44379276037216187,0.05562794581055641
YPL234C,YGR096W,1,5.8125286,0.45049506425857544,0.44477027654647827,0.05562794581055641
YMR177W,YLR079W,0,5.812318,0.4500494599342346,0.44477027654647827,0.05572817474603653
YJL158C,YLR085C,0,5.8077927,0.44960474967956543,0.44477027654647827,0.05582840368151665
YJL078C,YOR391C,0,5.8075533,0.4491609036922455,0.44477027654647827,0.055928636342287064
YNR001C,YOL149W,0,5.8071074,0.44871795177459717,0.44477027654647827,0.05602886527776718
YDR270W,YJR121W,1,5.798854,0.4492610692977905,0.4457477927207947,0.05602886527776718
YPL063W,YKR048C,0,5.798232,0.4488188922405243,0.4457477927207947,0.0561290979385376
YOR357C,YDR436W,0,5.7942533,0.4483775794506073,0.4457477927207947,0.056229326874017715
YPR003C,YBR180W,0,5.794202,0.44793713092803955,0.4457477927207947,0.05632955953478813
YCR094W,YJR121W,0,5.7938685,0.44749754667282104,0.4457477927207947,0.05642978847026825
YDR534C,YER110C,0,5.7933807,0.4470588266849518,0.4457477927207947,0.05653001740574837
YGR289C,YNL216W,0,5.792942,0.44662097096443176,0.4457477927207947,0.056630250066518784
YBR077C,YDR341C,0,5.792486,0.4461839497089386,0.4457477927207947,0.0567304790019989
YPL019C,YJR132W,0,5.7919397,0.4457477927207947,0.4457477927207947,0.05683071166276932
YKR100C,YPL097W,0,5.791133,0.4453125,0.4457477927207947,0.056930940598249435
YPR199C,YDR361C,0,5.7891207,0.4448780417442322,0.4457477927207947,0.05703117325901985
YKL176C,YCL026C-A,0,5.786111,0.4444444477558136,0.4457477927207947,0.05713140219449997
YOL130W,YIL062C,0,5.7845235,0.4440116882324219,0.4457477927207947,0.05723163112998009
YHR005C,YML029W,0,5.7844505,0.443579763174057,0.4457477927207947,0.057331863790750504
YBR179C,YNL093W,0,5.7842636,0.4431487023830414,0.4457477927207947,0.05743209272623062
YPL207W,YGL048C,0,5.784209,0.4427184462547302,0.4457477927207947,0.05753232538700104
YDL067C,YER062C,0,5.7822485,0.4422890543937683,0.4457477927207947,0.057632554322481155
YOL140W,YPL135W,0,5.7816186,0.44186046719551086,0.4457477927207947,0.05773278698325157
YLR092W,YJL118W,0,5.781127,0.4414327144622803,0.4457477927207947,0.05783301591873169
YGR020C,YPR067W,1,5.7795916,0.44197291135787964,0.4467253088951111,0.05783301591873169
YGR256W,YPL121C,0,5.778528,0.44154590368270874,0.4467253088951111,0.05793324485421181
YLR110C,YLR450W,0,5.774737,0.4411197006702423,0.4467253088951111,0.058033477514982224
YPL148C,YHR032W,0,5.7742906,0.44069430232048035,0.4467253088951111,0.05813370645046234
YBL099W,YEL062W,1,5.7737103,0.4412331283092499,0.4477028250694275,0.05813370645046234
YDL120W,YBR023C,0,5.772234,0.4408084750175476,0.4477028250694275,0.05823393911123276
YCR028C,YOR087W,1,5.7722015,0.4413461685180664,0.4486803412437439,0.05823393911123276
YLR158C,YHR052W,0,5.7719197,0.44092220067977905,0.4486803412437439,0.058334168046712875
YPR124W,YER001W,0,5.7661166,0.44049903750419617,0.4486803412437439,0.05843440070748329
YPL234C,YMR323W,0,5.7654505,0.44007670879364014,0.4486803412437439,0.05853462964296341
YGL167C,YCR086W,0,5.764808,0.4396551847457886,0.4486803412437439,0.05863485857844353
YOR087W,YMR257C,0,5.7609787,0.4392344355583191,0.4486803412437439,0.058735091239213943
YEL027W,YCR037C,1,5.758483,0.43977054953575134,0.4496578574180603,0.058735091239213943
YHR096C,YBR191W,0,5.7583594,0.43935051560401917,0.4496578574180603,0.05883532017469406
YHR181W,YER155C,0,5.758255,0.43893128633499146,0.4496578574180603,0.05893555283546448
YBL030C,YOR334W,1,5.757045,0.4394661486148834,0.4506353735923767,0.05893555283546448
YDR276C,YDR506C,1,5.7549157,0.4399999976158142,0.4516128897666931,0.05893555283546448
YDL130W-A,YJL137C,0,5.7548885,0.43958136439323425,0.4516128897666931,0.059035781770944595
YOL152W,YCR010C,1,5.7543397,0.4401140809059143,0.4525904059410095,0.059035781770944595
YIL117C,YHR150W,0,5.7520123,0.4396961033344269,0.4525904059410095,0.05913601443171501
YBR132C,YOR192C,1,5.750849,0.4402277171611786,0.4535679519176483,0.05913601443171501
YDR041W,YLR385C,0,5.75042,0.4398104250431061,0.4535679519176483,0.05923624336719513
YOL140W,YIL075C,0,5.747949,0.43939393758773804,0.4535679519176483,0.05933647230267525
YPR028W,YAR019C,0,5.7478395,0.43897825479507446,0.4535679519176483,0.05943670496344566
YJR016C,YGL084C,0,5.745658,0.4385633170604706,0.4535679519176483,0.05953693389892578
YDL004W,YCR098C,1,5.743579,0.4390934705734253,0.4545454680919647,0.05953693389892578
YEL065W,YGL250W,0,5.743452,0.4386792480945587,0.4545454680919647,0.0596371665596962
YFR042W,YDR111C,0,5.743011,0.4382658004760742,0.4545454680919647,0.059737395495176315
YDR119W,YCL068C,0,5.7427745,0.4378530979156494,0.4545454680919647,0.05983762815594673
YML129C,YKL109W,0,5.7389793,0.4374412000179291,0.4545454680919647,0.05993785709142685
YBR050C,YOR136W,0,5.7352214,0.4370300769805908,0.4545454680919647,0.06003808602690697
YOR045W,YDR073W,0,5.7311373,0.43661972880363464,0.4545454680919647,0.06013831868767738
YDR039C,YNL190W,0,5.7304993,0.43621012568473816,0.4545454680919647,0.0602385476231575
YIL014W,YDL067C,0,5.729268,0.43580129742622375,0.4545454680919647,0.06033878028392792
YNL149C,YGR038W,0,5.7288485,0.43539324402809143,0.4545454680919647,0.060439009219408035
YOR335C,YKL178C,0,5.7285123,0.4349859654903412,0.4545454680919647,0.06053924188017845
YHL019C,YNL130C,0,5.724758,0.43457943201065063,0.4545454680919647,0.06063947081565857
YCR083W,YDR456W,0,5.7246337,0.43417367339134216,0.4545454680919647,0.06073969975113869
YNR055C,YKR105C,1,5.7208633,0.43470150232315063,0.45552298426628113,0.06073969975113869
YOR384W,YIL067C,0,5.720523,0.4342963695526123,0.45552298426628113,0.0608399324119091
YDR039C,YBR258C,0,5.720391,0.43389198184013367,0.45552298426628113,0.06094016134738922
YBR161W,YBL101C,0,5.714553,0.4334883689880371,0.45552298426628113,0.06104039400815964
YHR094C,YGR132C,0,5.713023,0.43308550119400024,0.45552298426628113,0.061140622943639755
YNR056C,YJL091C,0,5.7111416,0.43268337845802307,0.45552298426628113,0.06124085560441017
YPR128C,YOR382W,1,5.7072287,0.4332096576690674,0.45650050044059753,0.06124085560441017
YER072W,YJL041W,0,5.704499,0.43280816078186035,0.45650050044059753,0.06134108453989029
YOL077W-A,YDR033W,1,5.704382,0.4333333373069763,0.45747801661491394,0.06134108453989029
YMR237W,YML106W,0,5.704097,0.43293246626853943,0.45747801661491394,0.06144131347537041
YOR271C,YBR132C,1,5.7035336,0.43345656991004944,0.45845553278923035,0.06144131347537041
YCR028C-A,YJL058C,0,5.702947,0.4330563247203827,0.45845553278923035,0.06154154613614082
YKR013W,YGL144C,0,5.7004137,0.43265682458877563,0.45845553278923035,0.06164177507162094
YML101C,YJR098C,0,5.70008,0.43225806951522827,0.45845553278923035,0.06174200773239136
YPR020W,YLR295C,1,5.6999497,0.4327808618545532,0.45943304896354675,0.06174200773239136
YJL212C,YOL086W-A,0,5.698668,0.4323827028274536,0.45943304896354675,0.061842236667871475
YER053C-A,YLR259C,0,5.698668,0.4319852888584137,0.45943304896354675,0.06194246932864189
YER053C-A,YDR057W,0,5.698668,0.43158861994743347,0.45943304896354675,0.06204269826412201
YER053C-A,YLR010C,0,5.698668,0.43119266629219055,0.45943304896354675,0.06214292719960213
YER053C-A,YML098W,0,5.698668,0.43079742789268494,0.45943304896354675,0.06224315986037254
YER053C-A,YBR104W,0,5.698668,0.430402934551239,0.45943304896354675,0.06234338879585266
YER053C-A,YHR027C,0,5.698668,0.4300091564655304,0.45943304896354675,0.06244362145662308
YER048W-A,YLR013W,0,5.698436,0.4296160936355591,0.45943304896354675,0.0625438541173935
YLL001W,YOL075C,0,5.698313,0.4292237460613251,0.45943304896354675,0.06264407932758331
YEL065W,YHR020W,0,5.6968236,0.42883211374282837,0.45943304896354675,0.06274431198835373
YJL133W,YPL036W,1,5.6959705,0.4293527901172638,0.46041056513786316,0.06274431198835373
YER178W,YKR024C,0,5.693045,0.42896175384521484,0.46041056513786316,0.06284454464912415
YJL062W-A,YNR047W,0,5.6905675,0.4285714328289032,0.46041056513786316,0.06294476985931396
YMR081C,YPR156C,0,5.6898704,0.42818182706832886,0.46041056513786316,0.06304500252008438
YOR022C,YBR211C,0,5.688916,0.42779290676116943,0.46041056513786316,0.0631452351808548
YER145C,YJL117W,1,5.681248,0.42831215262413025,0.46138808131217957,0.0631452351808548
YOL077W-A,YML123C,1,5.6804247,0.42883047461509705,0.46236559748649597,0.0631452351808548
YDR093W,YLR409C,0,5.678132,0.4284420311450958,0.46236559748649597,0.06324546784162521
YDR259C,YMR015C,0,5.677645,0.4280543029308319,0.46236559748649597,0.06334569305181503
YKL192C,YGL211W,0,5.675893,0.4276672601699829,0.46236559748649597,0.06344592571258545
YHL036W,YLR276C,0,5.674565,0.4272809326648712,0.46236559748649597,0.06354615837335587
YLL031C,YJL018W,0,5.674439,0.4268953204154968,0.46236559748649597,0.06364638358354568
YKR039W,YMR208W,0,5.6740713,0.42651036381721497,0.46236559748649597,0.0637466162443161
YLL051C,YOR071C,1,5.6722207,0.42702701687812805,0.4633431136608124,0.0637466162443161
YDR221W,YML075C,0,5.669387,0.42664265632629395,0.4633431136608124,0.06384684890508652
YDL181W,YCL040W,0,5.6682224,0.42625898122787476,0.4633431136608124,0.06394708156585693
YHR161C,YGR234W,0,5.6663427,0.42587602138519287,0.4633431136608124,0.06404730677604675
YBL030C,YGR138C,1,5.666339,0.4263913929462433,0.4643206298351288,0.06404730677604675
YKR049C,YOL077W-A,0,5.6649675,0.4260089695453644,0.4643206298351288,0.06414753943681717
YOR081C,YGL008C,0,5.6629143,0.4256272315979004,0.4643206298351288,0.06424777209758759
YFL053W,YPR110C,0,5.659581,0.4252462089061737,0.4643206298351288,0.0643479973077774
YNL071W,YPR016C,0,5.6584716,0.42486584186553955,0.4643206298351288,0.06444822996854782
YOR271C,YER015W,0,5.6570225,0.4244861602783203,0.4643206298351288,0.06454846262931824
YBR092C,YER106W,0,5.6559916,0.4241071343421936,0.4643206298351288,0.06464869529008865
YEL002C,YJL056C,0,5.655264,0.4237288236618042,0.4643206298351288,0.06474892050027847
YKL217W,YKR052C,1,5.6515474,0.42424243688583374,0.4652981460094452,0.06474892050027847
YER001W,YNL209W,0,5.64999,0.4238646626472473,0.4652981460094452,0.06484915316104889
YLR378C,YLR077W,0,5.649851,0.4234875440597534,0.4652981460094452,0.0649493858218193
YJL078C,YOR246C,0,5.6494765,0.42311111092567444,0.4652981460094452,0.06504961103200912
YBR058C-A,YKL143W,0,5.645138,0.422735333442688,0.4652981460094452,0.06514984369277954
YNL081C,YOL077W-A,0,5.6431127,0.42236024141311646,0.4652981460094452,0.06525007635354996
YNL252C,YMR130W,0,5.6378026,0.42198580503463745,0.4652981460094452,0.06535030901432037
YHL028W,YJL008C,0,5.636077,0.42161205410957336,0.4652981460094452,0.06545053422451019
YBR210W,YBL099W,0,5.6316004,0.4212389290332794,0.4652981460094452,0.06555076688528061
YGR256W,YOR136W,0,5.6296825,0.4208664894104004,0.4652981460094452,0.06565099954605103
YDR534C,YOR071C,1,5.628927,0.42137810587882996,0.4662756621837616,0.06565099954605103
YBR024W,YOR382W,1,5.6287065,0.4218887984752655,0.467253178358078,0.06565099954605103
YOL077W-A,YER123W,0,5.6276665,0.4215167462825775,0.467253178358078,0.06575122475624084
YJL099W,YFL052W,0,5.626502,0.42114537954330444,0.467253178358078,0.06585145741701126
YDR342C,YDL122W,0,5.6250315,0.4207746386528015,0.467253178358078,0.06595169007778168
YKL150W,YEL063C,0,5.6236334,0.4204045832157135,0.467253178358078,0.0660519227385521
YPL057C,YPL179W,0,5.623412,0.42003515362739563,0.467253178358078,0.06615214794874191
YPL234C,YIL112W,0,5.623059,0.4196663796901703,0.467253178358078,0.06625238060951233
YOR037W,YHR203C,0,5.6217675,0.4192982316017151,0.467253178358078,0.06635261327028275
YDL092W,YOL077W-A,0,5.6199713,0.4189307689666748,0.467253178358078,0.06645283848047256
YMR161W,YPL207W,0,5.6193995,0.41856393218040466,0.467253178358078,0.06655307114124298
YML101C,YPL220W,0,5.618775,0.41819772124290466,0.467253178358078,0.0666533038020134
YGR183C,YOR033C,0,5.618729,0.4178321659564972,0.467253178358078,0.06675353646278381
YGL012W,YBL071W-A,0,5.618561,0.41746723651885986,0.467253178358078,0.06685376167297363
YLR396C,YKL032C,0,5.6180086,0.41710296273231506,0.467253178358078,0.06695399433374405
YBR127C,YCR037C,1,5.6167655,0.41761115193367004,0.4682306945323944,0.06695399433374405
YHR050W,YBR054W,1,5.6151304,0.4181184768676758,0.4692082107067108,0.06695399433374405
YDL123W,YGR122W,0,5.6147327,0.41775456070899963,0.4692082107067108,0.06705422699451447
YML125C,YLR023C,0,5.6142263,0.417391300201416,0.4692082107067108,0.06715445220470428
YLR393W,YPR101W,0,5.614025,0.41702866554260254,0.4692082107067108,0.0672546848654747
YKL178C,YGL255W,0,5.6136312,0.4166666567325592,0.4692082107067108,0.06735491752624512
YIL068C,YBL007C,0,5.6127124,0.4163053035736084,0.4692082107067108,0.06745515018701553
YML091C,YKR079C,0,5.610635,0.41594454646110535,0.4692082107067108,0.06755537539720535
YPR036W,YHR002W,1,5.6081924,0.4164502024650574,0.4701857268810272,0.06755537539720535
YOR153W,YNL097C,0,5.6064806,0.4160899519920349,0.4701857268810272,0.06765560805797577
YOR045W,YAL051W,0,5.60602,0.4157303273677826,0.4701857268810272,0.06775584071874619
YJL208C,YGL168W,0,5.6057596,0.4153713285923004,0.4701857268810272,0.067856065928936
YLR348C,YHL047C,1,5.604856,0.41587576270103455,0.47116324305534363,0.067856065928936
YGR165W,YNR051C,0,5.6043806,0.41551724076271057,0.47116324305534363,0.06795629858970642
YGR157W,YBR293W,0,5.603553,0.41515934467315674,0.47116324305534363,0.06805653125047684
YJL097W,YLR084C,0,5.6034427,0.41480207443237305,0.47116324305534363,0.06815676391124725
YJR088C,YML131W,0,5.599207,0.4144454002380371,0.47116324305534363,0.06825698912143707
YOL027C,YJL151C,0,5.5940247,0.4140893518924713,0.47116324305534363,0.06835722178220749
YKL016C,YDR079C-A,0,5.5934205,0.41373389959335327,0.47116324305534363,0.0684574544429779
YKL016C,YEL050C,0,5.59128,0.41337907314300537,0.47116324305534363,0.06855767965316772
YAL008W,YOL077W-A,0,5.5898786,0.4130248427391052,0.47116324305534363,0.06865791231393814
YPL274W,YMR241W,1,5.5882506,0.41352739930152893,0.47214075922966003,0.06865791231393814
YKL016C,YPR049C,0,5.583357,0.413173645734787,0.47214075922966003,0.06875814497470856
YKR003W,YGL147C,0,5.583232,0.4128205180168152,0.47214075922966003,0.06885837763547897
YNL194C,YJR113C,0,5.5806646,0.41246798634529114,0.47214075922966003,0.06895860284566879
YGR125W,YFL056C,0,5.5790925,0.41211605072021484,0.47214075922966003,0.06905883550643921
YLR158C,YHL021C,0,5.5717196,0.4117647111415863,0.47214075922966003,0.06915906816720963
YKR100C,YNL325C,0,5.570889,0.4114139676094055,0.47214075922966003,0.06925929337739944
YCR023C,YCR010C,1,5.5701632,0.4119148850440979,0.47311827540397644,0.06925929337739944
YCL027W,YFR044C,0,5.565211,0.4115646183490753,0.47311827540397644,0.06935952603816986
YGR055W,YDR325W,0,5.5598507,0.4112149477005005,0.47311827540397644,0.06945975869894028
YGL001C,YJL062W-A,0,5.5579376,0.4108658730983734,0.47311827540397644,0.0695599913597107
YDL067C,YHR150W,0,5.5573645,0.4105173945426941,0.47311827540397644,0.06966021656990051
YHR026W,YEL061C,0,5.5558863,0.41016948223114014,0.47311827540397644,0.06976044923067093
YBR058C-A,YGL058W,0,5.555885,0.4098221957683563,0.47311827540397644,0.06986068189144135
YGR121C,YKL197C,0,5.5492954,0.4094754755496979,0.47311827540397644,0.06996090710163116
YBR168W,YGR194C,0,5.547603,0.4091293215751648,0.47311827540397644,0.07006113976240158
YDR322C-A,YLR368W,0,5.5461497,0.40878379344940186,0.47311827540397644,0.070161372423172
YJL117W,YBR069C,1,5.544256,0.40928271412849426,0.47409579157829285,0.070161372423172
YBR039W,YGR099W,0,5.540883,0.40893760323524475,0.47409579157829285,0.07026160508394241
YMR149W,YOL019W,0,5.539915,0.408593088388443,0.47409579157829285,0.07036183029413223
YPL274W,YHL008C,1,5.536379,0.40909090638160706,0.47507330775260925,0.07036183029413223
YIL023C,YOR348C,1,5.535857,0.40958788990974426,0.47605082392692566,0.07036183029413223
YBR016W,YFR034C,0,5.535059,0.40924370288848877,0.47605082392692566,0.07046206295490265
YBR293W,YKL006W,0,5.5344334,0.40890008211135864,0.47605082392692566,0.07056229561567307
YFL050C,YIR037W,0,5.5325356,0.40855705738067627,0.47605082392692566,0.07066252082586288
YCR021C,YDR507C,0,5.5299635,0.40821459889411926,0.47605082392692566,0.0707627534866333
YOL027C,YBR295W,1,5.5294604,0.40871021151542664,0.47702834010124207,0.0707627534866333
YIL114C,YOR384W,1,5.528328,0.40920501947402954,0.47800585627555847,0.0707627534866333
YOL130W,YBR038W,0,5.52742,0.4088628888130188,0.47800585627555847,0.07086298614740372
YFL050C,YCR023C,1,5.5251575,0.4093567132949829,0.4789833724498749,0.07086298614740372
YBL080C,YBL050W,0,5.524775,0.409015029668808,0.4789833724498749,0.07096321880817413
YNR039C,YMR241W,1,5.524246,0.4095079302787781,0.4799608886241913,0.07096321880817413
YLR034C,YOR291W,1,5.524225,0.4099999964237213,0.4809384047985077,0.07096321880817413
YIL087C,YLR121C,0,5.52332,0.40965861082077026,0.4809384047985077,0.07106344401836395
YKL150W,YMR318C,0,5.5233073,0.4093177914619446,0.4809384047985077,0.07116367667913437
YLR059C,YJR117W,0,5.5199957,0.40897756814956665,0.4809384047985077,0.07126390933990479
YHR039C-A,YBR290W,1,5.518564,0.4094684422016144,0.4819159209728241,0.07126390933990479
YPL013C,YML120C,0,5.5184526,0.4091286361217499,0.4819159209728241,0.0713641345500946
YOR231W,YER056C,0,5.517292,0.40878939628601074,0.4819159209728241,0.07146436721086502
YJL108C,YAL044C,0,5.516284,0.4084506928920746,0.4819159209728241,0.07156459987163544
YMR177W,YDL120W,1,5.5151677,0.4089404046535492,0.4828934371471405,0.07156459987163544
YBR132C,YLL027W,1,5.513173,0.40942928194999695,0.4838709533214569,0.07156459987163544
YBR283C,YBL063W,0,5.513078,0.40909090638160706,0.4838709533214569,0.07166483253240585
YBR283C,YHR201C,0,5.5115323,0.40875309705734253,0.4838709533214569,0.07176505774259567
YER044C,YCR042C,0,5.509726,0.40841585397720337,0.4838709533214569,0.07186529040336609
YDR032C,YHR001W-A,0,5.504228,0.4080791473388672,0.4838709533214569,0.0719655230641365
YBR294W,YJR095W,1,5.5036736,0.4085667133331299,0.4848484992980957,0.0719655230641365
YOL084W,YAL030W,0,5.500632,0.4082304537296295,0.4848484992980957,0.07206574827432632
YBL030C,YBR054W,1,5.5002127,0.4087170958518982,0.4858260154724121,0.07206574827432632
YDR377W,YLR170C,0,5.498385,0.40838125348091125,0.4858260154724121,0.07216598093509674
YKL165C,YAL053W,1,5.4977865,0.4088670015335083,0.4868035316467285,0.07216598093509674
YGL065C,YDR148C,0,5.495458,0.4085315763950348,0.4868035316467285,0.07226621359586716
YJL198W,YLR130C,1,5.492809,0.4090164005756378,0.4877810478210449,0.07226621359586716
YNL083W,YLR327C,0,5.49144,0.4086814224720001,0.4877810478210449,0.07236644625663757
YMR266W,YOR348C,0,5.489332,0.4083469808101654,0.4877810478210449,0.07246667146682739
YOR198C,YKL185W,0,5.488714,0.40801307559013367,0.4877810478210449,0.07256690412759781
YGL167C,YMR135C,0,5.4885273,0.4076797366142273,0.4877810478210449,0.07266713678836823
YDR481C,YGR203W,0,5.4877954,0.4073469340801239,0.4877810478210449,0.07276736199855804
YDR434W,YOR047C,0,5.487331,0.4070146679878235,0.4877810478210449,0.07286759465932846
YBR036C,YLR121C,0,5.4861145,0.40668296813964844,0.4877810478210449,0.07296782732009888
YML072C,YDR206W,0,5.4846106,0.40635180473327637,0.4877810478210449,0.0730680599808693
YDL181W,YHL026C,0,5.484543,0.4060211479663849,0.4877810478210449,0.07316828519105911
YIL037C,YLR001C,0,5.4835997,0.4056910574436188,0.4877810478210449,0.07326851785182953
YBR106W,YLR411W,1,5.4826236,0.40617385506629944,0.48875856399536133,0.07326851785182953
YMR243C,YHR019C,0,5.479964,0.40584415197372437,0.48875856399536133,0.07336875051259995
YGR183C,YPL204W,0,5.4796886,0.40551501512527466,0.48875856399536133,0.07346897572278976
YBR040W,YER177W,0,5.4782467,0.40518638491630554,0.48875856399536133,0.07356920838356018
YMR177W,YHL040C,1,5.4727316,0.4056680202484131,0.48973608016967773,0.07356920838356018
YBR104W,YCR023C,0,5.472435,0.4053398072719574,0.48973608016967773,0.0736694410443306
YPR128C,YDR534C,1,5.469302,0.4058205187320709,0.49071359634399414,0.0736694410443306
YJL100W,YLR340W,0,5.468712,0.40549272298812866,0.49071359634399414,0.07376967370510101
YGL167C,YLR239C,0,5.463504,0.4051654636859894,0.49071359634399414,0.07386989891529083
YDL120W,YLR130C,1,5.4635,0.4056451618671417,0.49169111251831055,0.07386989891529083
YBR251W,YLR450W,0,5.463067,0.4053182899951935,0.49169111251831055,0.07397013157606125
YKR067W,YBL039C,0,5.462765,0.4049919545650482,0.49169111251831055,0.07407036423683167
YPL268W,YEL071W,0,5.4614387,0.40466612577438354,0.49169111251831055,0.07417058944702148
YPL145C,YDR529C,0,5.459323,0.40434083342552185,0.49169111251831055,0.0742708221077919
YLL048C,YGL167C,1,5.457535,0.4048192799091339,0.49266862869262695,0.0742708221077919
YNL083W,YCR027C,1,5.457103,0.4052969515323639,0.49364614486694336,0.0742708221077919
YDL092W,YGR207C,0,5.456812,0.4049719274044037,0.49364614486694336,0.07437105476856232
YGL047W,YNL321W,0,5.455702,0.40464743971824646,0.49364614486694336,0.07447128742933273
YOL027C,YJL094C,1,5.455051,0.40512409806251526,0.49462366104125977,0.07447128742933273
YBR132C,YBR054W,1,5.45444,0.40560001134872437,0.49560117721557617,0.07447128742933273
YOR383C,YGL207W,0,5.4491053,0.40527579188346863,0.49560117721557617,0.07457151263952255
YPR181C,YJL143W,0,5.4479337,0.4049520790576935,0.49560117721557617,0.07467174530029297
YDR041W,YJL109C,0,5.447802,0.4046289026737213,0.49560117721557617,0.07477197796106339
YLL043W,YKL064W,1,5.446616,0.4051036536693573,0.4965786933898926,0.07477197796106339
YDR175C,YIL114C,0,5.4440804,0.40478086471557617,0.4965786933898926,0.0748722031712532
YOL140W,YJR113C,0,5.443905,0.404458612203598,0.4965786933898926,0.07497243583202362
YPL019C,YDL236W,0,5.443154,0.4041368365287781,0.4965786933898926,0.07507266849279404
YHR001W-A,YPL059W,0,5.4419775,0.4038155674934387,0.4965786933898926,0.07517290115356445
YGR247W,YOL086W-A,0,5.441674,0.40349483489990234,0.4965786933898926,0.07527312636375427
YDL012C,YBR097W,0,5.4393435,0.40317460894584656,0.4965786933898926,0.07537335902452469
YMR134W,YML116W,0,5.438819,0.40285488963127136,0.4965786933898926,0.0754735916852951
YBR298C,YDR381W,0,5.4375286,0.40253564715385437,0.4965786933898926,0.07557381689548492
YCR048W,YNR049C,0,5.4360404,0.40221694111824036,0.4965786933898926,0.07567404955625534
YDL120W,YOR316C,1,5.4328814,0.4026898741722107,0.497556209564209,0.07567404955625534
YKL062W,YOR369C,0,5.4308424,0.4023715555667877,0.497556209564209,0.07577428221702576
YMR323W,YIL136W,0,5.4307766,0.40205371379852295,0.497556209564209,0.07587451487779617
YBR168W,YPL012W,0,5.4302607,0.40173637866973877,0.497556209564209,0.07597474008798599
YOR332W,YHL008C,1,5.4271603,0.40220820903778076,0.4985337257385254,0.07597474008798599
YBR298C,YBR127C,0,5.4259653,0.4018912613391876,0.4985337257385254,0.07607497274875641
YPL060W,YEL027W,1,5.425045,0.402362197637558,0.4995112419128418,0.07607497274875641
YJR143C,YDR155C,0,5.418832,0.4020456373691559,0.4995112419128418,0.07617520540952682
YBR295W,YKL080W,1,5.4175262,0.402515709400177,0.5004887580871582,0.07617520540952682
YDL120W,YHR072W,0,5.415949,0.40219953656196594,0.5004887580871582,0.07627543061971664
YMR177W,YGL139W,1,5.414954,0.4026687741279602,0.5014662742614746,0.07627543061971664
YGR224W,YDR534C,1,5.414605,0.4031372666358948,0.502443790435791,0.07627543061971664
YOR010C,YPL068C,0,5.411265,0.40282130241394043,0.502443790435791,0.07637566328048706
YIL023C,YDR276C,1,5.4107285,0.40328896045684814,0.5034213066101074,0.07637566328048706
YKL064W,YPR124W,1,5.4100018,0.40375587344169617,0.5043988227844238,0.07637566328048706
YDR040C,YOR071C,1,5.4092627,0.4042220413684845,0.5053763389587402,0.07637566328048706
YEL027W,YJL198W,1,5.4090014,0.4046874940395355,0.5063538551330566,0.07637566328048706
YIR019C,YOR065W,0,5.4056516,0.40437158942222595,0.5063538551330566,0.07647589594125748
YHR067W,YJR095W,0,5.404917,0.4040561616420746,0.5063538551330566,0.0765761286020279
YHR157W,YGR124W,0,5.4039574,0.4037412405014038,0.5063538551330566,0.07667635381221771
YLL051C,YKR105C,1,5.401793,0.4042056202888489,0.507331371307373,0.07667635381221771
YJR117W,YDL146W,0,5.3999615,0.40389105677604675,0.507331371307373,0.07677658647298813
YGR101W,YJL054W,0,5.3980207,0.40357697010040283,0.507331371307373,0.07687681913375854
YEL042W,YDR481C,0,5.3977637,0.4032633900642395,0.507331371307373,0.07697704434394836
YEL065W,YOR172W,0,5.396966,0.40295031666755676,0.507331371307373,0.07707727700471878
YOL071W,YIR028W,0,5.3957524,0.40263769030570984,0.507331371307373,0.0771775096654892
YML101C,YHR176W,0,5.3937507,0.4023255705833435,0.507331371307373,0.07727774232625961
YNL169C,YLR411W,0,5.3920574,0.40201395750045776,0.507331371307373,0.07737796753644943
YKL120W,YLR348C,1,5.3912973,0.40247678756713867,0.5083088874816895,0.07737796753644943
YPR183W,YML008C,0,5.3887157,0.4021655023097992,0.5083088874816895,0.07747820019721985
YPL234C,YAL025C,0,5.3875384,0.4018547236919403,0.5083088874816895,0.07757843285799026
YNL083W,YKR039W,1,5.384687,0.4023166000843048,0.5092864036560059,0.07757843285799026
YPR124W,YOR334W,1,5.384633,0.4027777910232544,0.5102639198303223,0.07757843285799026
YDL004W,YER028C,0,5.383991,0.4024672210216522,0.5102639198303223,0.07767865806818008
YPR029C,YMR056C,0,5.3813047,0.40215715765953064,0.5102639198303223,0.0777788907289505
YDL178W,YMR118C,0,5.380724,0.40184757113456726,0.5102639198303223,0.07787912338972092
YDL046W,YGR286C,0,5.379952,0.4015384614467621,0.5102639198303223,0.07797935605049133
YMR149W,YNL064C,0,5.376994,0.4012298285961151,0.5102639198303223,0.07807958126068115
YPL221W,YPL101W,0,5.3747663,0.40092167258262634,0.5102639198303223,0.07817981392145157
YOR383C,YLL048C,1,5.3747616,0.4013814330101013,0.5112414360046387,0.07817981392145157
YGL077C,YER185W,1,5.370823,0.401840478181839,0.5122189521789551,0.07817981392145157
YBR104W,YER141W,0,5.3693933,0.4015325605869293,0.5122189521789551,0.07828004658222198
YDR039C,YCR024C-A,1,5.3673725,0.4019908010959625,0.5131964683532715,0.07828004658222198
YDL046W,YLR221C,0,5.3636293,0.4016832411289215,0.5131964683532715,0.0783802717924118
YBL042C,YGL067W,0,5.361678,0.4013761579990387,0.5131964683532715,0.07848050445318222
YDR486C,YDL085W,0,5.3614373,0.4010695219039917,0.5131964683532715,0.07858073711395264
YCR024C,YLR136C,0,5.3608103,0.4007633626461029,0.5131964683532715,0.07868096977472305
YGR266W,YLR226W,0,5.360431,0.4004576802253723,0.5131964683532715,0.07878119498491287
YML129C,YPR110C,0,5.3601885,0.40015244483947754,0.5131964683532715,0.07888142764568329
YDR270W,YPR020W,1,5.3600864,0.4006092846393585,0.5141739845275879,0.07888142764568329
YLR340W,YPR023C,0,5.3590884,0.4003044068813324,0.5141739845275879,0.0789816603064537
YOL152W,YJR077C,1,5.3567,0.4007604420185089,0.5151515007019043,0.0789816603064537
YOL130W,YJR040W,1,5.35433,0.4012157917022705,0.5161290168762207,0.0789816603064537
YHL019C,YKR089C,0,5.3540845,0.4009111523628235,0.5161290168762207,0.07908188551664352
YPR032W,YOR063W,0,5.345185,0.40060698986053467,0.5161290168762207,0.07918211817741394
YPL029W,YPR156C,0,5.3436832,0.40030327439308167,0.5161290168762207,0.07928235083818436
YPR145W,YOL058W,0,5.3432293,0.4000000059604645,0.5161290168762207,0.07938258349895477
YBR036C,YJL125C,0,5.3428593,0.3996971845626831,0.5161290168762207,0.07948280870914459
YDL033C,YJR123W,0,5.3422375,0.3993948698043823,0.5161290168762207,0.07958304136991501
YNL322C,YML057W,0,5.3405294,0.39909297227859497,0.5161290168762207,0.07968327403068542
YPL187W,YKR046C,0,5.339502,0.3987915515899658,0.5161290168762207,0.07978349924087524
YHR146W,YKL058W,0,5.338796,0.3984905779361725,0.5161290168762207,0.07988373190164566
YKL065C,YDR206W,0,5.3350224,0.39819005131721497,0.5161290168762207,0.07998396456241608
YOR270C,YJL133W,1,5.332674,0.3986435532569885,0.5171065330505371,0.07998396456241608
YKR050W,YBR037C,1,5.3316793,0.39909639954566956,0.5180840492248535,0.07998396456241608
YPL078C,YPL036W,1,5.3296604,0.3995485305786133,0.5190615653991699,0.07998396456241608
YHR026W,YDL168W,0,5.3295307,0.3992481231689453,0.5190615653991699,0.08008419722318649
YJL062W,YOR083W,0,5.3238645,0.39894816279411316,0.5190615653991699,0.08018442243337631
YGL054C,YKR075C,0,5.322214,0.3986486494541168,0.5190615653991699,0.08028465509414673
YBR162C,YER161C,0,5.3209076,0.3983495831489563,0.5190615653991699,0.08038488775491714
YDR261C,YPL262W,0,5.320444,0.3980509638786316,0.5190615653991699,0.08048511296510696
YBL057C,YPL012W,0,5.32021,0.3977528214454651,0.5190615653991699,0.08058534562587738
YDR231C,YCR073C,0,5.317573,0.397455096244812,0.5190615653991699,0.0806855782866478
YGL006W,YOL080C,0,5.317526,0.39715781807899475,0.5190615653991699,0.08078581094741821
YNL054W,YDL130W,0,5.313618,0.3968609869480133,0.5190615653991699,0.08088603615760803
YBR043C,YMR024W,0,5.3076315,0.3965646028518677,0.5190615653991699,0.08098626881837845
YHL040C,YBR037C,1,5.306073,0.39701491594314575,0.5200390815734863,0.08098626881837845
YFL053W,YOR150W,0,5.305791,0.3967188596725464,0.5200390815734863,0.08108650147914886
YOL044W,YDR529C,0,5.3051605,0.39642325043678284,0.5200390815734863,0.08118672668933868
YMR083W,YMR110C,0,5.301676,0.3961280584335327,0.5200390815734863,0.0812869593501091
YOR348C,YDR534C,1,5.301256,0.396577388048172,0.5210165977478027,0.0812869593501091
YMR251W-A,YKL008C,0,5.300971,0.39628252387046814,0.5210165977478027,0.08138719201087952
YBR171W,YGR122W,0,5.300005,0.3959881067276001,0.5210165977478027,0.08148742467164993
YER019W,YMR011W,0,5.2979193,0.39569413661956787,0.5210165977478027,0.08158764988183975
YGR062C,YGR206W,0,5.2962623,0.3954005837440491,0.5210165977478027,0.08168788254261017
YPR122W,YNL069C,0,5.2959785,0.3951074779033661,0.5210165977478027,0.08178811520338058
YLR099C,YML126C,0,5.295652,0.3948148190975189,0.5210165977478027,0.0818883404135704
YNL328C,YPR103W,0,5.2955027,0.3945225775241852,0.5210165977478027,0.08198857307434082
YNR075W,YLR116W,0,5.2945194,0.39423078298568726,0.5210165977478027,0.08208880573511124
YOL020W,YGL071W,1,5.293865,0.3946785032749176,0.5219941139221191,0.08208880573511124
YJR121W,YOR087W,1,5.2909975,0.3951255679130554,0.5229716300964355,0.08208880573511124
YDL185W,YNL257C,0,5.2909575,0.3948339521884918,0.5229716300964355,0.08218903839588165
YDR377W,YKL099C,0,5.290761,0.39454278349876404,0.5229716300964355,0.08228926360607147
YBR104W,YPR021C,0,5.289954,0.3942520320415497,0.5229716300964355,0.08238949626684189
YPL006W,YAL001C,0,5.2881565,0.39396169781684875,0.5229716300964355,0.0824897289276123
YDR093W,YLR435W,0,5.2872696,0.39367181062698364,0.5229716300964355,0.08258995413780212
YIL031W,YKL026C,0,5.286601,0.39338234066963196,0.5229716300964355,0.08269018679857254
YKL073W,YDL240W,0,5.285618,0.3930933177471161,0.5229716300964355,0.08279041945934296
YKR050W,YGL008C,1,5.2836256,0.3935389220714569,0.523949146270752,0.08279041945934296
YGL167C,YKR097W,0,5.2811623,0.3932501971721649,0.523949146270752,0.08289065212011337
YDR046C,YML107C,0,5.281007,0.39296188950538635,0.523949146270752,0.08299087733030319
YLR201C,YDR037W,0,5.2800083,0.3926739990711212,0.523949146270752,0.08309110999107361
YLR158C,YIL090W,0,5.277402,0.3923865258693695,0.523949146270752,0.08319134265184402
YDL066W,YNR032C-A,0,5.2768335,0.3920994997024536,0.523949146270752,0.08329156786203384
YHR136C,YLR154C,0,5.2758946,0.39181286096572876,0.523949146270752,0.08339180052280426
YOL027C,YNL003C,1,5.274585,0.39225712418556213,0.5249266624450684,0.08339180052280426
YKL065C,YOR178C,0,5.2684965,0.39197081327438354,0.5249266624450684,0.08349203318357468
YIL022W,YNL148C,0,5.267552,0.391684889793396,0.5249266624450684,0.08359226584434509
YDL113C,YLR190W,0,5.261792,0.39139941334724426,0.5249266624450684,0.08369249105453491
YCR105W,YBR112C,0,5.260503,0.39111435413360596,0.5249266624450684,0.08379272371530533
YML120C,YHR152W,0,5.257473,0.3908296823501587,0.5249266624450684,0.08389295637607574
YDL137W,YER006W,0,5.257351,0.39054545760154724,0.5249266624450684,0.08399318158626556
YLL031C,YGL135W,0,5.2559595,0.39026162028312683,0.5249266624450684,0.08409341424703598
YCR048W,YOR080W,0,5.2505693,0.38997820019721985,0.5249266624450684,0.0841936469078064
YDR298C,YKL145W,0,5.249412,0.3896951973438263,0.5249266624450684,0.08429387956857681
YNR075W,YLR272C,0,5.2484407,0.38941261172294617,0.5249266624450684,0.08439410477876663
YPL095C,YHR025W,0,5.2469187,0.38913044333457947,0.5249266624450684,0.08449433743953705
YER166W,YLR262C,0,5.246687,0.3888486623764038,0.5249266624450684,0.08459457010030746
YPR003C,YMR021C,0,5.245051,0.3885672986507416,0.5249266624450684,0.08469479531049728
YNL081C,YPL037C,0,5.2441025,0.3882863223552704,0.5249266624450684,0.0847950279712677
YKL192C,YPR103W,0,5.2400603,0.388005793094635,0.5249266624450684,0.08489526063203812
YNL310C,YHR146W,0,5.237735,0.3877256214618683,0.5249266624450684,0.08499549329280853
YCL045C,YKL005C,0,5.2365184,0.3874458968639374,0.5249266624450684,0.08509571850299835
YKL073W,YMR302C,0,5.2364826,0.3871665596961975,0.5249266624450684,0.08519595116376877
YER166W,YKR039W,1,5.2343874,0.3876080811023712,0.5259041786193848,0.08519595116376877
YNR039C,YGR257C,1,5.234,0.3880489468574524,0.5268816947937012,0.08519595116376877
YMR241W,YLR214W,1,5.2336683,0.3884892165660858,0.5278592109680176,0.08519595116376877
YKR085C,YBR079C,0,5.233331,0.38820990920066833,0.5278592109680176,0.08529618382453918
YPL078C,YDL206W,1,5.2322226,0.38864943385124207,0.528836727142334,0.08529618382453918
YGL054C,YDR194C,0,5.231333,0.38837042450904846,0.528836727142334,0.085396409034729
YGL139W,YPR164W,0,5.2311535,0.3880918323993683,0.528836727142334,0.08549664169549942
YEL027W,YKL220C,1,5.2297263,0.3885304629802704,0.5298142433166504,0.08549664169549942
YPL013C,YHR086W,0,5.226222,0.3882521390914917,0.5298142433166504,0.08559687435626984
YKL194C,YOL147C,0,5.2260213,0.38797423243522644,0.5298142433166504,0.08569710701704025
YDR258C,YLL021W,0,5.2251887,0.3876967132091522,0.5298142433166504,0.08579733222723007
YFL050C,YML078W,0,5.224765,0.38741958141326904,0.5298142433166504,0.08589756488800049
YNL037C,YLR119W,0,5.223155,0.3871428668498993,0.5298142433166504,0.0859977975487709
YIL022W,YOL105C,0,5.2224655,0.3868665099143982,0.5298142433166504,0.08609802275896072
YNL111C,YER019W,0,5.222023,0.3865905702114105,0.5298142433166504,0.08619825541973114
YOR321W,YGL195W,0,5.220643,0.3863150477409363,0.5298142433166504,0.08629848808050156
YOR071C,YOR384W,1,5.2193317,0.3867521286010742,0.5307917594909668,0.08629848808050156
YMR266W,YDL166C,0,5.219144,0.38647687435150146,0.5307917594909668,0.08639872074127197
YKL165C,YGR138C,1,5.2185173,0.3869132399559021,0.531769335269928,0.08639872074127197
YDL206W,YJR077C,1,5.2184396,0.3873489797115326,0.5327468514442444,0.08639872074127197
YLR138W,YCR028C,1,5.218383,0.38778409361839294,0.5337243676185608,0.08639872074127197
YBR185C,YDR362C,0,5.2165585,0.3875088691711426,0.5337243676185608,0.08649894595146179
YDR322C-A,YDR251W,0,5.21625,0.38723403215408325,0.5337243676185608,0.08659917861223221
YBR016W,YGL063W,0,5.2137904,0.38695961236953735,0.5337243676185608,0.08669941127300262
YAL044C,YGR049W,0,5.2133617,0.3866855502128601,0.5337243676185608,0.08679963648319244
YLR372W,YOR329C,0,5.213174,0.3864118754863739,0.5337243676185608,0.08689986914396286
YGR096W,YKL016C,1,5.2125006,0.38684582710266113,0.5347018837928772,0.08689986914396286
YOL130W,YBR290W,1,5.2107806,0.3872791528701782,0.5356793999671936,0.08689986914396286
YHL047C,YMR241W,1,5.2106814,0.38771185278892517,0.53665691614151,0.08689986914396286
YGR096W,YCR028C,1,5.2103634,0.38814395666122437,0.5376344323158264,0.08689986914396286
YKL178C,YGL040C,0,5.2103233,0.38787025213241577,0.5376344323158264,0.08700010180473328
YOL152W,YIR026C,0,5.209983,0.38759690523147583,0.5376344323158264,0.08710033446550369
YNL048W,YPR112C,0,5.208527,0.38732394576072693,0.5376344323158264,0.08720055967569351
YEL048C,YGR044C,0,5.20836,0.38705137372016907,0.5376344323158264,0.08730079233646393
YIL120W,YLR304C,0,5.204452,0.38677918910980225,0.5376344323158264,0.08740102499723434
YBR299W,YPL203W,0,5.2041264,0.38650739192962646,0.5376344323158264,0.08750125020742416
YHR110W,YPL248C,0,5.2039227,0.38623595237731934,0.5376344323158264,0.08760148286819458
YGR240C,YBR162C,0,5.2029285,0.38596490025520325,0.5376344323158264,0.087701715528965
YDR119W,YMR226C,0,5.2027283,0.3856942355632782,0.5376344323158264,0.08780194818973541
YOR045W,YPL140C,0,5.202409,0.3854239583015442,0.5376344323158264,0.08790217339992523
YLR142W,YPR103W,0,5.201,0.3851540684700012,0.5376344323158264,0.08800240606069565
YDL128W,YPR067W,1,5.2008276,0.3855843245983124,0.5386119484901428,0.08800240606069565
YLR188W,YPR201W,0,5.1987534,0.3853146731853485,0.5386119484901428,0.08810263872146606
YMR177W,YLR348C,1,5.1984134,0.38574424386024475,0.5395894646644592,0.08810263872146606
YNL142W,YGL070C,0,5.198145,0.3854748606681824,0.5395894646644592,0.08820286393165588
YFR044C,YGR004W,0,5.19585,0.38520586490631104,0.5395894646644592,0.0883030965924263
YOL052C-A,YKL143W,0,5.195629,0.38493722677230835,0.5395894646644592,0.08840332925319672
YBR092C,YBR045C,0,5.194699,0.3846689760684967,0.5395894646644592,0.08850355446338654
YDL174C,YML034W,0,5.193521,0.3844011127948761,0.5395894646644592,0.08860378712415695
YLR356W,YOR359W,0,5.193122,0.38413360714912415,0.5395894646644592,0.08870401978492737
YLR372W,YPR073C,0,5.192825,0.38386648893356323,0.5395894646644592,0.08880425244569778
YBR171W,YOR026W,0,5.192168,0.38359972834587097,0.5395894646644592,0.0889044776558876
YBR179C,YBR107C,0,5.1901426,0.38333332538604736,0.5395894646644592,0.08900471031665802
YPL224C,YNL003C,1,5.189638,0.38376128673553467,0.5405669808387756,0.08900471031665802
YOR032C,YOR063W,0,5.1881247,0.38349515199661255,0.5405669808387756,0.08910494297742844
YGL001C,YKL143W,0,5.1875772,0.3832293748855591,0.5405669808387756,0.08920516818761826
YPL006W,YFL044C,0,5.186816,0.38296398520469666,0.5405669808387756,0.08930540084838867
YIL023C,YPL253C,0,5.185972,0.3826989531517029,0.5405669808387756,0.08940563350915909
YIL051C,YBR078W,0,5.183592,0.38243430852890015,0.5405669808387756,0.0895058661699295
YDR178W,YER099C,0,5.183546,0.38217002153396606,0.5405669808387756,0.08960609138011932
YKL096W,YMR311C,0,5.1816006,0.38190609216690063,0.5405669808387756,0.08970632404088974
YNL081C,YER063W,0,5.181512,0.38164252042770386,0.5405669808387756,0.08980655670166016
YGR060W,YDR145W,0,5.180227,0.38137930631637573,0.5405669808387756,0.08990678191184998
YOR384W,YOL120C,0,5.1788554,0.38111647963523865,0.5405669808387756,0.09000701457262039
YGL124C,YNL133C,0,5.178047,0.3808539807796478,0.5405669808387756,0.09010724723339081
YMR166C,YBR301W,0,5.1728053,0.38059186935424805,0.5405669808387756,0.09020747989416122
YER061C,YGR159C,0,5.17205,0.3803301155567169,0.5405669808387756,0.09030770510435104
YDR483W,YOR173W,0,5.171949,0.38006871938705444,0.5405669808387756,0.09040793776512146
YOR330C,YDR483W,0,5.171555,0.3798076808452606,0.5405669808387756,0.09050817042589188
YOR198C,YDR293C,0,5.167244,0.37954699993133545,0.5405669808387756,0.0906083956360817
YGL065C,YLL024C,0,5.1668844,0.3792867064476013,0.5405669808387756,0.09070862829685211
YGL205W,YJL177W,0,5.1665816,0.37902674078941345,0.5405669808387756,0.09080886095762253
YPR094W,YOR369C,0,5.164063,0.37876713275909424,0.5405669808387756,0.09090909361839294
YEL062W,YDR033W,1,5.1616325,0.3791923224925995,0.541544497013092,0.09090909361839294
YJL080C,YER094C,0,5.16151,0.37893298268318176,0.541544497013092,0.09100931882858276
YBR301W,YNR070W,0,5.1614943,0.3786739706993103,0.541544497013092,0.09110955148935318
YLR120C,YHR183W,0,5.1592402,0.3784152865409851,0.541544497013092,0.0912097841501236
YML042W,YBR078W,0,5.158855,0.37815698981285095,0.541544497013092,0.09131000936031342
YMR221C,YOR009W,0,5.1587353,0.37789905071258545,0.541544497013092,0.09141024202108383
YLR393W,YJR016C,0,5.156949,0.3776414394378662,0.541544497013092,0.09151047468185425
YCR023C,YGR138C,1,5.156939,0.37806540727615356,0.5425220131874084,0.09151047468185425
YDR019C,YMR135C,0,5.1567554,0.3778080344200134,0.5425220131874084,0.09161070734262466
YMR241W,YDL206W,1,5.1563635,0.3782312870025635,0.5434995293617249,0.09161070734262466
YOR316C,YLR310C,0,5.155716,0.37797415256500244,0.5434995293617249,0.09171093255281448
YBR106W,YJL117W,1,5.153754,0.37839674949645996,0.5444770455360413,0.09171093255281448
YMR188C,YJL136C,0,5.152273,0.378139853477478,0.5444770455360413,0.0918111652135849
YJR118C,YBR078W,0,5.151843,0.37788331508636475,0.5444770455360413,0.09191139787435532
YKR100C,YGL219C,0,5.151211,0.37762710452079773,0.5444770455360413,0.09201162308454514
YLR047C,YJL198W,1,5.147442,0.37804877758026123,0.5454545617103577,0.09201162308454514
YCR097W,YGL029W,0,5.146756,0.3777928352355957,0.5454545617103577,0.09211185574531555
YKL134C,YOR369C,0,5.143333,0.37753722071647644,0.5454545617103577,0.09221208840608597
YOR383C,YML123C,1,5.1431494,0.3779580891132355,0.5464320778846741,0.09221208840608597
YBR104W,YHL038C,0,5.142371,0.3777027130126953,0.5464320778846741,0.09231232106685638
YIL070C,YEL003W,0,5.1398163,0.3774476647377014,0.5464320778846741,0.0924125462770462
YNR013C,YBR069C,1,5.138011,0.37786775827407837,0.5474095940589905,0.0924125462770462
YLR447C,YNR055C,1,5.136842,0.37828725576400757,0.5483871102333069,0.0924125462770462
YGR260W,YML054C,0,5.1364727,0.3780323565006256,0.5483871102333069,0.09251277893781662
YDL120W,YEL031W,1,5.1352835,0.3784511685371399,0.5493646264076233,0.09251277893781662
YOR087W,YDL206W,1,5.1339393,0.3788694441318512,0.5503421425819397,0.09251277893781662
YJR161C,YGL028C,0,5.133586,0.3786146640777588,0.5503421425819397,0.09261301159858704
YGR096W,YCR037C,1,5.13099,0.3790322542190552,0.5513196587562561,0.09261301159858704
YNL268W,YJR123W,0,5.130636,0.37877771258354187,0.5513196587562561,0.09271323680877686
YDR116C,YMR207C,0,5.129826,0.37852349877357483,0.5513196587562561,0.09281346946954727
YNL310C,YGR090W,0,5.129526,0.37826961278915405,0.5513196587562561,0.09291370213031769
YKL055C,YHR200W,0,5.1294546,0.37801608443260193,0.5513196587562561,0.0930139347910881
YER185W,YGR191W,1,5.128804,0.3784326910972595,0.5522971749305725,0.0930139347910881
YBR179C,YLR307W,0,5.127656,0.3781793713569641,0.5522971749305725,0.09311416000127792
YLR286C,YNL012W,0,5.124611,0.37792640924453735,0.5522971749305725,0.09321439266204834
YPL227C,YCL050C,0,5.1235495,0.37767380475997925,0.5522971749305725,0.09331462532281876
YBR037C,YGR138C,1,5.1234374,0.3780895173549652,0.5532746911048889,0.09331462532281876
YHR115C,YBL093C,0,5.122526,0.3778371214866638,0.5532746911048889,0.09341485053300858
YGL139W,YIL050W,0,5.122186,0.3775850534439087,0.5532746911048889,0.09351508319377899
YCL064C,YHR063C,0,5.1218834,0.3773333430290222,0.5532746911048889,0.09361531585454941
YOR004W,YBR033W,0,5.1210966,0.3770819306373596,0.5532746911048889,0.09371554851531982
YER141W,YCL045C,0,5.120837,0.37683090567588806,0.5532746911048889,0.09381577372550964
YNR013C,YGR191W,1,5.1204414,0.3772455155849457,0.5542522072792053,0.09381577372550964
YBL013W,YKR097W,0,5.1203833,0.37699466943740845,0.5542522072792053,0.09391600638628006
YML121W,YDR160W,1,5.119485,0.37740862369537354,0.5552297234535217,0.09391600638628006
YLR188W,YOR273C,0,5.119397,0.3771580457687378,0.5552297234535217,0.09401623904705048
YIL114C,YGL226W,0,5.118766,0.3769077658653259,0.5552297234535217,0.0941164642572403
YHR136C,YKR105C,1,5.1175933,0.37732094526290894,0.5562072396278381,0.0941164642572403
YML120C,YDL159W,0,5.1163797,0.37707090377807617,0.5562072396278381,0.09421669691801071
YJL062W,YOR332W,0,5.1143856,0.3768211901187897,0.5562072396278381,0.09431692957878113
YCR048W,YOR032C,0,5.1139235,0.37657180428504944,0.5562072396278381,0.09441716223955154
YKL221W,YGL192W,0,5.113783,0.37632274627685547,0.5562072396278381,0.09451738744974136
YBL099W,YBR228W,0,5.1126394,0.37607401609420776,0.5562072396278381,0.09461762011051178
YPR032W,YDR430C,0,5.112055,0.3758256137371063,0.5562072396278381,0.0947178527712822
YPR063C,YPL048W,0,5.111047,0.37557756900787354,0.5562072396278381,0.09481807798147202
YDL072C,YML066C,0,5.1098385,0.3753298223018646,0.5562072396278381,0.09491831064224243
YHR094C,YNL331C,0,5.1091824,0.375082403421402,0.5562072396278381,0.09501854330301285
YPL234C,YGL071W,1,5.1047196,0.3754940629005432,0.5571847558021545,0.09501854330301285
YDR270W,YOR002W,0,5.103585,0.37524688243865967,0.5571847558021545,0.09511877596378326
YGR096W,YPL092W,1,5.1028557,0.3756578862667084,0.558162271976471,0.09511877596378326
YKL217W,YHR050W,1,5.102768,0.3760683834552765,0.5591397881507874,0.09511877596378326
YKL217W,YEL017C-A,1,5.099008,0.37647831439971924,0.5601173043251038,0.09511877596378326
YFL055W,YLR121C,0,5.0984674,0.3762311339378357,0.5601173043251038,0.09521900117397308
YDR105C,YAL023C,0,5.09647,0.375984251499176,0.5601173043251038,0.0953192338347435
YNR075W,YDR013W,0,5.09321,0.3757376968860626,0.5601173043251038,0.09541946649551392
YCR083W,YJR054W,0,5.0925603,0.3754914700984955,0.5601173043251038,0.09551969170570374
YDL123W,YCL055W,0,5.091487,0.3752455711364746,0.5601173043251038,0.09561992436647415
YDR231C,YER127W,0,5.088958,0.375,0.5601173043251038,0.09572015702724457
YPL221W,YKL064W,1,5.0879536,0.37540876865386963,0.5610948204994202,0.09572015702724457
YBL066C,YEL024W,0,5.087245,0.37516340613365173,0.5610948204994202,0.09582038968801498
YER061C,YCR105W,0,5.084128,0.3749183416366577,0.5610948204994202,0.0959206148982048
YOR044W,YHR116W,0,5.0833597,0.37467363476753235,0.5610948204994202,0.09602084755897522
YJR048W,YGR159C,0,5.0832443,0.37442922592163086,0.5610948204994202,0.09612108021974564
YIL022W,YDR052C,0,5.083103,0.37418514490127563,0.5610948204994202,0.09622130542993546
YBR185C,YMR121C,0,5.0828457,0.3739413619041443,0.5610948204994202,0.09632153809070587
YMR215W,YFL031W,0,5.0811644,0.3736979067325592,0.5610948204994202,0.09642177075147629
YPL135W,YGL198W,0,5.079838,0.3734547793865204,0.5610948204994202,0.0965220034122467
YIL022W,YJR059W,0,5.0793014,0.37321195006370544,0.5610948204994202,0.09662222862243652
YKR045C,YPR052C,0,5.0783796,0.37296944856643677,0.5610948204994202,0.09672246128320694
YOL060C,YGL061C,0,5.0779223,0.37272727489471436,0.5610948204994202,0.09682269394397736
YOL156W,YLR196W,0,5.0768366,0.3724853992462158,0.5610948204994202,0.09692291915416718
YBL013W,YLR315W,0,5.074705,0.37224385142326355,0.5610948204994202,0.09702315181493759
YJL093C,YPR128C,1,5.0746155,0.372650682926178,0.5620723366737366,0.09702315181493759
YDR338C,YMR011W,0,5.0728474,0.37240931391716003,0.5620723366737366,0.09712338447570801
YGR183C,YGR029W,0,5.072102,0.37216827273368835,0.5620723366737366,0.09722361713647842
YLL023C,YFL003C,0,5.071103,0.37192755937576294,0.5620723366737366,0.09732384234666824
YPL058C,YOL029C,0,5.070845,0.3716871440410614,0.5620723366737366,0.09742407500743866
YDL130W-A,YBL088C,0,5.0693693,0.37144702672958374,0.5620723366737366,0.09752430766820908
YML045W,YKR050W,0,5.069151,0.37120723724365234,0.5620723366737366,0.0976245328783989
YKR105C,YBR162C,0,5.06887,0.3709677457809448,0.5620723366737366,0.09772476553916931
YCL027W,YDR309C,0,5.0651913,0.3707285523414612,0.5620723366737366,0.09782499819993973
YPL060W,YNL321W,1,5.064064,0.3711340129375458,0.563049852848053,0.09782499819993973
YER145C,YDR135C,1,5.062603,0.3715389668941498,0.5640273690223694,0.09782499819993973
YDL130W-A,YER177W,0,5.061413,0.3712998628616333,0.5640273690223694,0.09792523086071014
YPL265W,YHL008C,1,5.0601096,0.37170419096946716,0.5650048851966858,0.09792523086071014
YDR534C,YOR192C,1,5.059043,0.37210798263549805,0.5659824013710022,0.09792523086071014
YJL003W,YNL217W,0,5.0581903,0.37186896800994873,0.5659824013710022,0.09802545607089996
YBR058C-A,YGR083C,0,5.0537477,0.3716302812099457,0.5659824013710022,0.09812568873167038
YAL023C,YMR106C,0,5.049903,0.3713919222354889,0.5659824013710022,0.0982259213924408
YER145C,YBR291C,1,5.0488386,0.3717948794364929,0.5669599175453186,0.0982259213924408
YGL077C,YMR241W,1,5.046937,0.37219730019569397,0.567937433719635,0.0982259213924408
YOR291W,YDR040C,1,5.0461273,0.3725992441177368,0.5689149498939514,0.0982259213924408
YNL247W,YKL039W,0,5.0452633,0.37236085534095764,0.5689149498939514,0.09832614660263062
YDL033C,YLR260W,0,5.044752,0.37212276458740234,0.5689149498939514,0.09842637926340103
YML016C,YOR367W,0,5.0382986,0.3718849718570709,0.5689149498939514,0.09852661192417145
YFL050C,YJL189W,0,5.0382633,0.37164750695228577,0.5689149498939514,0.09862684458494186
YPR122W,YMR017W,0,5.037469,0.3714103400707245,0.5689149498939514,0.09872706979513168
YDR135C,YHR035W,0,5.0338345,0.3711734712123871,0.5689149498939514,0.0988273024559021
YNL243W,YPL132W,0,5.030551,0.37093690037727356,0.5689149498939514,0.09892753511667252
YER166W,YDR534C,1,5.0288973,0.3713375926017761,0.5698924660682678,0.09892753511667252
YOR009W,YFR034C,0,5.026061,0.3711012005805969,0.5698924660682678,0.09902776032686234
YGL054C,YER149C,0,5.0226994,0.370865136384964,0.5698924660682678,0.09912799298763275
YPL265W,YMR067C,0,5.018865,0.37062937021255493,0.5698924660682678,0.09922822564840317
YDR046C,YLR356W,0,5.018118,0.37039390206336975,0.5698924660682678,0.09932845830917358
YOR065W,YNL097C,0,5.0140424,0.37015873193740845,0.5698924660682678,0.0994286835193634
YBL013W,YKR093W,0,5.013735,0.369923859834671,0.5698924660682678,0.09952891618013382
YDR041W,YJL010C,0,5.0126333,0.36968928575515747,0.5698924660682678,0.09962914884090424
YOL052C-A,YGL222C,0,5.011122,0.3694550096988678,0.5698924660682678,0.09972937405109406
YGL167C,YCR067C,0,5.010398,0.369221031665802,0.5698924660682678,0.09982960671186447
YJL100W,YHL008C,0,5.010127,0.3689873516559601,0.5698924660682678,0.09992983937263489
YHL040C,YJR015W,0,5.0092483,0.36875393986701965,0.5698924660682678,0.1000300720334053
YLR378C,YDR085C,0,5.0076137,0.3685208559036255,0.5698924660682678,0.10013029724359512
YOR092W,YOR035C,0,5.007287,0.3682880699634552,0.5698924660682678,0.10023052990436554
YDR506C,YGL222C,0,5.0057225,0.3680555522441864,0.5698924660682678,0.10033076256513596
YLL052C,YDR294C,0,5.0053844,0.3678233325481415,0.5698924660682678,0.10043098777532578
YBR162C,YMR167W,0,5.00514,0.36759141087532043,0.5698924660682678,0.10053122043609619
YLR040C,YNL055C,0,5.0049562,0.36735978722572327,0.5698924660682678,0.10063145309686661
YPL172C,YPR131C,0,5.0038633,0.36712846159935,0.5698924660682678,0.10073168575763702
YMR323W,YDR036C,0,5.0021086,0.36689743399620056,0.5698924660682678,0.10083191096782684
YCR075C,YJL198W,1,4.9991293,0.36729559302330017,0.5708699822425842,0.10083191096782684
YBR291C,YDR033W,1,4.998982,0.3676932752132416,0.5718474984169006,0.10083191096782684
YFL039C,YBR068C,0,4.997858,0.36746230721473694,0.5718474984169006,0.10093214362859726
YNR013C,YOR291W,1,4.997408,0.3678593933582306,0.572825014591217,0.10093214362859726
YDL082W,YEL006W,0,4.9973106,0.3676286041736603,0.572825014591217,0.10103237628936768
YGL206C,YIL099W,0,4.9971247,0.36739811301231384,0.572825014591217,0.1011326014995575
YOR383C,YNL259C,1,4.996133,0.3677944839000702,0.5738025307655334,0.1011326014995575
YBR139W,YPR096C,0,4.995998,0.3675641715526581,0.5738025307655334,0.10123283416032791
YDL210W,YGL028C,0,4.9937296,0.36733415722846985,0.5738025307655334,0.10133306682109833
YHR117W,YIR037W,0,4.9928083,0.3671044409275055,0.5738025307655334,0.10143329948186874
YNR055C,YGL167C,1,4.9914627,0.3675000071525574,0.5747800469398499,0.10143329948186874
YMR292W,YNL065W,0,4.99061,0.36727046966552734,0.5747800469398499,0.10153352469205856
YIL037C,YKL199C,0,4.9904947,0.3670412003993988,0.5747800469398499,0.10163375735282898
YKL120W,YNR049C,0,4.9851847,0.36681222915649414,0.5747800469398499,0.1017339900135994
YHL017W,YLR328W,0,4.984812,0.36658355593681335,0.5747800469398499,0.10183421522378922
YBR104W,YDL005C,0,4.984668,0.36635515093803406,0.5747800469398499,0.10193444788455963
YOR348C,YML081C-A,1,4.9838476,0.36674967408180237,0.5757575631141663,0.10193444788455963
YPR122W,YPL076W,0,4.9826627,0.3665214776992798,0.5757575631141663,0.10203468054533005
YPR067W,YCR098C,1,4.981943,0.36691543459892273,0.5767350792884827,0.10203468054533005
YPL274W,YMR038C,1,4.980509,0.3673088848590851,0.5777125954627991,0.10203468054533005
YMR052W,YBR104W,0,4.9798746,0.3670807480812073,0.5777125954627991,0.10213491320610046
YHR161C,YDR291W,0,4.9789267,0.36685287952423096,0.5777125954627991,0.10223513841629028
YER086W,YOR175C,0,4.9765854,0.3666253089904785,0.5777125954627991,0.1023353710770607
YLL023C,YKL134C,0,4.9761868,0.36639800667762756,0.5777125954627991,0.10243560373783112
YKL064W,YLR220W,1,4.976166,0.3667905926704407,0.5786901116371155,0.10243560373783112
YHR011W,YPR175W,0,4.9751287,0.36656346917152405,0.5786901116371155,0.10253582894802094
YPL172C,YHL028W,0,4.974889,0.3663366436958313,0.5786901116371155,0.10263606160879135
YMR034C,YBR039W,1,4.9718423,0.3667285144329071,0.5796676278114319,0.10263606160879135
YGR049W,YER058W,0,4.970962,0.3665018677711487,0.5796676278114319,0.10273629426956177
YPR201W,YJR040W,1,4.969222,0.36689314246177673,0.5806451439857483,0.10273629426956177
YDR246W,YNL242W,0,4.9688244,0.36666667461395264,0.5806451439857483,0.10283652693033218
YOR247W,YLR040C,0,4.9666295,0.36644047498703003,0.5806451439857483,0.102936752140522
YKL220C,YOR071C,1,4.965499,0.36683106422424316,0.5816226601600647,0.102936752140522
YBR037C,YHL008C,1,4.965048,0.3672212064266205,0.5826001763343811,0.102936752140522
YJR117W,YGR080W,0,4.959896,0.36699506640434265,0.5826001763343811,0.10303698480129242
YBR176W,YOR201C,0,4.9580107,0.3667692244052887,0.5826001763343811,0.10313721746206284
YLR110C,YOR047C,0,4.957536,0.36654365062713623,0.5826001763343811,0.10323744267225266
YDR231C,YMR199W,0,4.9574404,0.36631837487220764,0.5826001763343811,0.10333767533302307
YHR140W,YOL031C,0,4.9544086,0.36609336733818054,0.5826001763343811,0.10343790799379349
YDL069C,YHL047C,0,4.9514556,0.36586862802505493,0.5826001763343811,0.1035381406545639
YKR039W,YLR097C,0,4.9508557,0.3656441569328308,0.5826001763343811,0.10363836586475372
YJR143C,YFL003C,0,4.950221,0.36541998386383057,0.5826001763343811,0.10373859852552414
YPL057C,YNL329C,0,4.9496074,0.3651960790157318,0.5826001763343811,0.10383883118629456
YCR048W,YGR157W,0,4.947419,0.36497244238853455,0.5826001763343811,0.10393905639648438
YLR220W,YDL206W,1,4.9462056,0.3653610646724701,0.5835776925086975,0.10393905639648438
YKL176C,YGL198W,0,4.9460816,0.36513760685920715,0.5835776925086975,0.10403928905725479
YMR286W,YHR183W,0,4.9457893,0.3649144172668457,0.5835776925086975,0.10413952171802521
YGR289C,YOR383C,0,4.945561,0.36469149589538574,0.5835776925086975,0.10423975437879562
YDR320C,YOR346W,0,4.945059,0.36446887254714966,0.5835776925086975,0.10433997958898544
YKL120W,YOL091W,0,4.9438972,0.3642464876174927,0.5835776925086975,0.10444021224975586
YBR077C,YOR341W,0,4.9436526,0.36402440071105957,0.5835776925086975,0.10454044491052628
YGR284C,YPL148C,0,4.9417763,0.36380255222320557,0.5835776925086975,0.1046406701207161
YDR529C,YJL073W,0,4.941127,0.36358100175857544,0.5835776925086975,0.10474090278148651
YLR040C,YNL268W,0,4.9401975,0.3633597195148468,0.5835776925086975,0.10484113544225693
YMR301C,YNR055C,1,4.9390497,0.3637469708919525,0.5845552086830139,0.10484113544225693
YBR012W-B,YJL094C,0,4.938543,0.3635258376598358,0.5845552086830139,0.10494136810302734
YNL071W,YGR279C,0,4.932338,0.3633049726486206,0.5845552086830139,0.10504159331321716
YJR054W,YNL116W,0,4.932047,0.3630844056606293,0.5845552086830139,0.10514182597398758
YNL322C,YNL218W,0,4.931881,0.36286407709121704,0.5845552086830139,0.105242058634758
YML101C,YGL055W,0,4.9315076,0.3626440167427063,0.5845552086830139,0.10534228384494781
YNL336W,YGL039W,0,4.93061,0.36242425441741943,0.5845552086830139,0.10544251650571823
YHL017W,YGL178W,0,4.9275417,0.36220473051071167,0.5845552086830139,0.10554274916648865
YNL093W,YDL210W,0,4.927057,0.3619854748249054,0.5845552086830139,0.10564298182725906
YKL064W,YML081C-A,1,4.9267054,0.36237144470214844,0.5855327248573303,0.10564298182725906
YFR044C,YNL036W,0,4.926099,0.3621523678302765,0.5855327248573303,0.10574320703744888
YLR047C,YDR270W,1,4.925831,0.36253777146339417,0.5865102410316467,0.10574320703744888
YCR044C,YLL005C,0,4.923482,0.36231884360313416,0.5865102410316467,0.1058434396982193
YBR180W,YKR052C,0,4.922219,0.36210018396377563,0.5865102410316467,0.10594367235898972
YOR010C,YNL126W,0,4.922154,0.3618817925453186,0.5865102410316467,0.10604389756917953
YGL059W,YKL184W,0,4.9217353,0.3616636395454407,0.5865102410316467,0.10614413022994995
YNL081C,YDR329C,0,4.9212384,0.3614457845687866,0.5865102410316467,0.10624436289072037
YDR065W,YHR089C,0,4.920578,0.36122816801071167,0.5865102410316467,0.10634459555149078
YIL037C,YDR384C,0,4.9192967,0.3610108196735382,0.5865102410316467,0.1064448207616806
YJL198W,YOR071C,1,4.918413,0.36139506101608276,0.5874877572059631,0.1064448207616806
YPR100W,YOR069W,0,4.9160438,0.36117789149284363,0.5874877572059631,0.10654505342245102
YDR041W,YGL063W,0,4.9126306,0.3609609603881836,0.5874877572059631,0.10664528608322144
YER145C,YBR207W,1,4.9120045,0.3613445460796356,0.5884652733802795,0.10664528608322144
YHR146W,YBR152W,0,4.910408,0.3611277639865875,0.5884652733802795,0.10674551129341125
YPR071W,YOR193W,0,4.909676,0.3609112799167633,0.5884652733802795,0.10684574395418167
YNL306W,YDR150W,0,4.909583,0.3606950342655182,0.5884652733802795,0.10694597661495209
YNL142W,YDR393W,0,4.90942,0.3604790270328522,0.5884652733802795,0.1070462092757225
YGR068C,YOR035C,0,4.9081454,0.36026331782341003,0.5884652733802795,0.10714643448591232
YFL011W,YLR214W,0,4.9075155,0.360047847032547,0.5884652733802795,0.10724666714668274
YAR066W,YHR084W,0,4.906467,0.35983264446258545,0.5884652733802795,0.10734689980745316
YEL062W,YDR276C,1,4.9062495,0.36021506786346436,0.589442789554596,0.10734689980745316
YJL002C,YOR095C,0,4.9026012,0.36000001430511475,0.589442789554596,0.10744712501764297
YBR294W,YLR295C,1,4.902505,0.3603818714618683,0.5904203057289124,0.10744712501764297
YKL212W,YIR010W,0,4.9005437,0.3601669669151306,0.5904203057289124,0.10754735767841339
YLR378C,YPL015C,0,4.8986115,0.35995233058929443,0.5904203057289124,0.10764759033918381
YMR214W,YER081W,0,4.89805,0.35973793268203735,0.5904203057289124,0.10774782299995422
YOL130W,YGR029W,0,4.8974104,0.35952380299568176,0.5904203057289124,0.10784804821014404
YIL009W,YAL001C,0,4.8970904,0.35930994153022766,0.5904203057289124,0.10794828087091446
YGR289C,YCR017C,0,4.8944306,0.35909631848335266,0.5904203057289124,0.10804851353168488
YDL120W,YNL321W,1,4.893074,0.35947713255882263,0.5913978219032288,0.10804851353168488
YHR202W,YER094C,0,4.89071,0.35926365852355957,0.5913978219032288,0.1081487387418747
YPL019C,YGL194C,0,4.890073,0.359050452709198,0.5913978219032288,0.10824897140264511
YJR152W,YBR101C,0,4.8876348,0.3588374853134155,0.5913978219032288,0.10834920406341553
YNL142W,YHR034C,0,4.8873005,0.35862478613853455,0.5913978219032288,0.10844943672418594
YGR096W,YGL006W,1,4.886345,0.3590047359466553,0.5923753380775452,0.10844943672418594
YBR162W-A,YNL064C,0,4.88601,0.35879218578338623,0.5923753380775452,0.10854966193437576
YER060W,YOL089C,0,4.8837376,0.3585798740386963,0.5923753380775452,0.10864989459514618
YLR092W,YKR050W,1,4.8829627,0.3589591979980469,0.5933528542518616,0.10864989459514618
YKR065C,YGR161C,0,4.8801775,0.35874703526496887,0.5933528542518616,0.1087501272559166
YLL035W,YPL058C,0,4.8781705,0.35853514075279236,0.5933528542518616,0.10885035246610641
YKL065C,YJL158C,0,4.877671,0.35832348465919495,0.5933528542518616,0.10895058512687683
YKR085C,YDL114W,0,4.875136,0.358112096786499,0.5933528542518616,0.10905081778764725
YOL019W,YHR149C,0,4.8750114,0.3579009473323822,0.5933528542518616,0.10915105044841766
YPL249C,YIL049W,0,4.8731813,0.3576900362968445,0.5933528542518616,0.10925127565860748
YMR177W,YCR024C-A,1,4.872684,0.3580683171749115,0.5943304300308228,0.10925127565860748
YLL023C,YKR059W,0,4.8717084,0.3578575551509857,0.5943304300308228,0.1093515083193779
YIL093C,YDR075W,0,4.8711085,0.3576470613479614,0.5943304300308228,0.10945174098014832
YFR041C,YNL082W,0,4.869479,0.35743680596351624,0.5943304300308228,0.10955196619033813
YCR037C,YDR038C,1,4.869401,0.35781434178352356,0.5953079462051392,0.10955196619033813
YOR348C,YOR273C,1,4.8687153,0.35819143056869507,0.5962854623794556,0.10955196619033813
YGL006W,YPL212C,0,4.868602,0.35798123478889465,0.5962854623794556,0.10965219885110855
YGR121C,YJL204C,0,4.8634787,0.35777124762535095,0.5962854623794556,0.10975243151187897
YML121W,YNL312W,0,4.8614817,0.35756155848503113,0.5962854623794556,0.10985266417264938
YER118C,YBR039W,0,4.8595815,0.357352077960968,0.5962854623794556,0.1099528893828392
YJR131W,YNL218W,0,4.858379,0.3571428656578064,0.5962854623794556,0.11005312204360962
YLR121C,YJR033C,0,4.854201,0.3569338917732239,0.5962854623794556,0.11015335470438004
YPL281C,YJR016C,0,4.853839,0.35672515630722046,0.5962854623794556,0.11025357991456985
YLR099C,YHL025W,0,4.852895,0.35651665925979614,0.5962854623794556,0.11035381257534027
YJL096W,YER042W,0,4.852454,0.3563084006309509,0.5962854623794556,0.11045404523611069
YKL178C,YPL214C,0,4.850848,0.3561004102230072,0.5962854623794556,0.1105542778968811
YKL148C,YER028C,0,4.84924,0.3558926582336426,0.5962854623794556,0.11065450310707092
YOL027C,YGR096W,1,4.849101,0.3562682271003723,0.597262978553772,0.11065450310707092
YGR055W,YBR091C,0,4.8488426,0.35606059432029724,0.597262978553772,0.11075473576784134
YDL046W,YIR035C,0,4.8487577,0.35585322976112366,0.597262978553772,0.11085496842861176
YBR298C,YER178W,0,4.8478327,0.3556461036205292,0.597262978553772,0.11095519363880157
YER178W,YLR342W,0,4.8472095,0.3554392158985138,0.597262978553772,0.11105542629957199
YBR130C,YNL020C,0,4.8467245,0.3552325665950775,0.597262978553772,0.11115565896034241
YPL132W,YLR237W,0,4.8448462,0.35502615571022034,0.597262978553772,0.11125589162111282
YOL023W,YIL144W,0,4.8416796,0.35481998324394226,0.597262978553772,0.11135611683130264
YHR067W,YOR156C,0,4.841531,0.3546140491962433,0.597262978553772,0.11145634949207306
YNL280C,YLR014C,0,4.8391047,0.3544083535671234,0.597262978553772,0.11155658215284348
YMR307W,YLR192C,0,4.838702,0.35420289635658264,0.597262978553772,0.1116568073630333
YKL146W,YHR152W,0,4.8365707,0.35399767756462097,0.597262978553772,0.11175704002380371
YPL060W,YFL041W,1,4.832738,0.3543717563152313,0.5982404947280884,0.11175704002380371
YJL093C,YNL194C,0,4.831999,0.3541666567325592,0.5982404947280884,0.11185727268457413
YKL221W,YDR463W,0,4.831322,0.3539618253707886,0.5982404947280884,0.11195750534534454
YNR075W,YBR248C,0,4.8307467,0.35375723242759705,0.5982404947280884,0.11205773055553436
YML116W,YOL042W,0,4.830678,0.35355284810066223,0.5982404947280884,0.11215796321630478
YMR122W-A,YDL085W,0,4.829405,0.3533487319946289,0.5982404947280884,0.1122581958770752
YCR075C,YCR023C,1,4.827503,0.35372185707092285,0.5992180109024048,0.1122581958770752
YJR095W,YNR013C,1,4.8273215,0.35409456491470337,0.6001955270767212,0.1122581958770752
YMR189W,YMR287C,0,4.827215,0.35389047861099243,0.6001955270767212,0.11235842108726501
YGL001C,YGR277C,0,4.8269877,0.3536866307258606,0.6001955270767212,0.11245865374803543
YIL136W,YMR118C,0,4.8263836,0.35348302125930786,0.6001955270767212,0.11255888640880585
YHR136C,YJR040W,1,4.8244596,0.3538550138473511,0.6011730432510376,0.11255888640880585
YPR003C,YOR332W,1,4.821624,0.35422655940055847,0.602150559425354,0.11255888640880585
YOL105C,YMR282C,0,4.8210297,0.3540229797363281,0.602150559425354,0.11265911906957626
YGL001C,YOR033C,0,4.8206844,0.3538196384906769,0.602150559425354,0.11275934427976608
YBR039W,YHR002W,1,4.8201737,0.3541905879974365,0.6031280755996704,0.11275934427976608
YNL280C,YDR346C,0,4.818901,0.35398736596107483,0.6031280755996704,0.1128595769405365
YJL097W,YMR071C,0,4.818432,0.3537844121456146,0.6031280755996704,0.11295980960130692
YLR167W,YKR034W,0,4.8173647,0.35358166694641113,0.6031280755996704,0.11306003481149673
YCR075C,YJL117W,1,4.8170023,0.35395190119743347,0.6041055917739868,0.11306003481149673
YML018C,YPR185W,0,4.8112297,0.35374927520751953,0.6041055917739868,0.11316026747226715
YBR280C,YBR221C,0,4.807687,0.3535469174385071,0.6041055917739868,0.11326050013303757
YLR259C,YOL030W,0,4.806902,0.35334476828575134,0.6041055917739868,0.11336073279380798
YNR059W,YGL008C,0,4.80437,0.3531428575515747,0.6041055917739868,0.1134609580039978
YJL078C,YJL014W,0,4.803297,0.3529411852359772,0.6041055917739868,0.11356119066476822
YDR456W,YBR132C,1,4.802224,0.3533104956150055,0.6050831079483032,0.11356119066476822
YOR381W,YML131W,0,4.802036,0.3531089425086975,0.6050831079483032,0.11366142332553864
YHR136C,YDR270W,1,4.8019567,0.3534777760505676,0.6060606241226196,0.11366142332553864
YBR077C,YER075C,0,4.8016796,0.3532763421535492,0.6060606241226196,0.11376164853572845
YMR305C,YBR049C,0,4.800461,0.35307517647743225,0.6060606241226196,0.11386188119649887
YLL027W,YNL003C,1,4.797784,0.3534433841705322,0.607038140296936,0.11386188119649887
YDR219C,YDR523C,0,4.7969637,0.35324230790138245,0.607038140296936,0.11396211385726929
YOR384W,YPR112C,0,4.796718,0.35304149985313416,0.607038140296936,0.1140623465180397
YLR446W,YDL014W,0,4.796257,0.3528409004211426,0.607038140296936,0.11416257172822952
YER014W,YPL038W,0,4.7958894,0.3526405394077301,0.607038140296936,0.11426280438899994
YIL114C,YHR026W,1,4.793724,0.3530079424381256,0.6080156564712524,0.11426280438899994
YJL212C,YPL120W,0,4.7926655,0.3528077006340027,0.6080156564712524,0.11436303704977036
YDR452W,YBR022W,0,4.792412,0.35260769724845886,0.6080156564712524,0.11446326225996017
YNL310C,YNR051C,0,4.7900934,0.35240793228149414,0.6080156564712524,0.11456349492073059
YNR001C,YLR418C,0,4.7888265,0.35220837593078613,0.6080156564712524,0.11466372758150101
YKR013W,YKL114C,0,4.7871494,0.3520090579986572,0.6080156564712524,0.11476396024227142
YNL146W,YKR046C,0,4.784226,0.35180994868278503,0.6080156564712524,0.11486418545246124
YOR198C,YDL210W,0,4.7829666,0.35161107778549194,0.6080156564712524,0.11496441811323166
YIL098C,YLR205C,0,4.781191,0.35141241550445557,0.6080156564712524,0.11506465077400208
YOR201C,YOR039W,0,4.779156,0.3512139916419983,0.6080156564712524,0.1151648759841919
YLR204W,YMR029C,0,4.778621,0.3510158061981201,0.6080156564712524,0.11526510864496231
YDR434W,YMR190C,0,4.778164,0.35081782937049866,0.6080156564712524,0.11536534130573273
YJL208C,YLR258W,0,4.7762237,0.3506200611591339,0.6080156564712524,0.11546557396650314
YER056C,YPL220W,0,4.7745724,0.35042253136634827,0.6080156564712524,0.11556579917669296
YLR390W-A,YNL300W,0,4.774551,0.3502252399921417,0.6080156564712524,0.11566603183746338
YOR092W,YBL021C,0,4.7740355,0.3500281274318695,0.6080156564712524,0.1157662644982338
YDR244W,YCR098C,0,4.7731824,0.3498312830924988,0.6080156564712524,0.11586648970842361
YOR087W,YMR241W,1,4.7716503,0.3501967489719391,0.6089931726455688,0.11586648970842361
YBR221C,YMR063W,0,4.771376,0.3499999940395355,0.6089931726455688,0.11596672236919403
YLR089C,YLR044C,0,4.770839,0.34980347752571106,0.6089931726455688,0.11606695502996445
YBR171W,YGR068C,0,4.76946,0.3496071696281433,0.6089931726455688,0.11616718769073486
YEL048C,YCL010C,0,4.7656736,0.34941110014915466,0.6089931726455688,0.11626741290092468
YLR372W,YLR166C,0,4.7632585,0.34921523928642273,0.6089931726455688,0.1163676455616951
YPR020W,YJR086W,0,4.761372,0.3490196168422699,0.6089931726455688,0.11646787822246552
YKL175W,YGR257C,1,4.760754,0.3493840992450714,0.6099706888198853,0.11646787822246552
YIL006W,YOR348C,1,4.759753,0.3497481942176819,0.6109482049942017,0.11646787822246552
YKR088C,YOR043W,0,4.757521,0.34955257177352905,0.6109482049942017,0.11656810343265533
YOR383C,YOL020W,1,4.756894,0.34991616010665894,0.6119257211685181,0.11656810343265533
YFR055W,YKL034W,0,4.756468,0.34972065687179565,0.6119257211685181,0.11666833609342575
YOR271C,YKL080W,1,4.7563,0.35008373856544495,0.6129032373428345,0.11666833609342575
YER083C,YIL130W,0,4.756255,0.3498883843421936,0.6129032373428345,0.11676856875419617
YBR122C,YHR122W,0,4.75605,0.349693238735199,0.6129032373428345,0.11686880141496658
YLR069C,YKR079C,0,4.7559886,0.34949833154678345,0.6129032373428345,0.1169690266251564
YPR183W,YLR190W,0,4.7547174,0.34930363297462463,0.6129032373428345,0.11706925928592682
YJL097W,YGL213C,0,4.754389,0.34910914301872253,0.6129032373428345,0.11716949194669724
YOR079C,YJR152W,1,4.7532697,0.3494713306427002,0.6138807535171509,0.11716949194669724
YBR161W,YFR051C,0,4.7531075,0.34927695989608765,0.6138807535171509,0.11726971715688705
YKL096W,YJL048C,0,4.752183,0.3490828275680542,0.6138807535171509,0.11736994981765747
YMR221C,YOR267C,0,4.7497544,0.3488888740539551,0.6138807535171509,0.11747018247842789
YPL177C,YGR234W,0,4.749508,0.34869515895843506,0.6138807535171509,0.1175704151391983
YNR056C,YAL055W,0,4.747877,0.34850165247917175,0.6138807535171509,0.11767064034938812
YER070W,YBR101C,0,4.7451096,0.34830838441848755,0.6138807535171509,0.11777087301015854
YBR122C,YGR059W,0,4.743511,0.34811529517173767,0.6138807535171509,0.11787110567092896
YPR003C,YPL036W,1,4.7408905,0.34847643971443176,0.6148582696914673,0.11787110567092896
YDR194C,YDL010W,0,4.740343,0.3482834994792938,0.6148582696914673,0.11797133088111877
YMR166C,YIL114C,0,4.740241,0.3480907678604126,0.6148582696914673,0.11807156354188919
YBR008C,YMR235C,0,4.7388725,0.3478982448577881,0.6148582696914673,0.1181717962026596
YDR329C,YNR038W,0,4.737304,0.3477059006690979,0.6148582696914673,0.11827202886343002
YMR243C,YML054C,0,4.7359395,0.3475138247013092,0.6148582696914673,0.11837225407361984
YOR321W,YPL059W,0,4.7327323,0.34732192754745483,0.6148582696914673,0.11847248673439026
YMR149W,YNL054W,0,4.730908,0.3471302390098572,0.6148582696914673,0.11857271939516068
YLL052C,YNL103W,0,4.728557,0.3469387888908386,0.6148582696914673,0.1186729446053505
YNR013C,YCR098C,1,4.7243185,0.347298800945282,0.6158357858657837,0.1186729446053505
YPR067W,YLR008C,0,4.723381,0.3471074402332306,0.6158357858657837,0.11877317726612091
YDR105C,YGL161C,0,4.7219715,0.3469162881374359,0.6158357858657837,0.11887340992689133
YJL133W,YLR237W,1,4.7200375,0.3472757339477539,0.6168133020401001,0.11887340992689133
YNL336W,YNL272C,0,4.71957,0.3470847010612488,0.6168133020401001,0.11897364258766174
YJL012C,YDR393W,0,4.716088,0.34689390659332275,0.6168133020401001,0.11907386779785156
YCR048W,YPL021W,0,4.715372,0.34670329093933105,0.6168133020401001,0.11917410045862198
YNL137C,YBR200W,0,4.7147007,0.34651291370391846,0.6168133020401001,0.1192743331193924
YNL270C,YIL052C,0,4.7132387,0.3463227152824402,0.6168133020401001,0.11937455832958221
YCL040W,YOL154W,0,4.7132144,0.346132755279541,0.6168133020401001,0.11947479099035263
YHL018W,YCR054C,0,4.711735,0.34594297409057617,0.6168133020401001,0.11957502365112305
YBR016W,YDR088C,0,4.711231,0.34575343132019043,0.6168133020401001,0.11967525631189346
YKL209C,YBR193C,0,4.7097774,0.345564067363739,0.6168133020401001,0.11977548152208328
YFL011W,YLR234W,0,4.7085238,0.3453749418258667,0.6168133020401001,0.1198757141828537
YNL328C,YDR536W,0,4.7084846,0.3451859951019287,0.6168133020401001,0.11997594684362411
YDL072C,YHR183W,0,4.708482,0.34499725699424744,0.6168133020401001,0.12007617205381393
YMR217W,YLL015W,0,4.708306,0.34480875730514526,0.6168133020401001,0.12017640471458435
YBR058C-A,YJL065C,0,4.7079005,0.3446204364299774,0.6168133020401001,0.12027663737535477
YIL022W,YDR158W,0,4.706239,0.3444323241710663,0.6168133020401001,0.12037687003612518
YPR057W,YHL001W,0,4.705388,0.34424442052841187,0.6168133020401001,0.120477095246315
YHL001W,YLR247C,0,4.70514,0.3440566956996918,0.6168133020401001,0.12057732790708542
YOR291W,YKR039W,1,4.7040615,0.3444141745567322,0.6177908182144165,0.12057732790708542
YDR107C,YDR483W,0,4.7039633,0.34422656893730164,0.6177908182144165,0.12067756056785583
YCR068W,YML091C,0,4.7039084,0.3440392017364502,0.6177908182144165,0.12077778577804565
YJR002W,YEL038W,0,4.6999435,0.3438520133495331,0.6177908182144165,0.12087801843881607
YBR003W,YGR067C,0,4.697589,0.3436650335788727,0.6177908182144165,0.12097825109958649
YPL262W,YGL032C,0,4.697435,0.343478262424469,0.6177908182144165,0.1210784837603569
YMR188C,YJL108C,0,4.6963434,0.343291699886322,0.6177908182144165,0.12117870897054672
YBR241C,YHR107C,0,4.6960907,0.3431053161621094,0.6177908182144165,0.12127894163131714
YCR003W,YOL146W,0,4.6948504,0.34291914105415344,0.6177908182144165,0.12137917429208755
YNL137C,YDR313C,0,4.6945906,0.3427331745624542,0.6177908182144165,0.12147939950227737
YIR031C,YLR332W,0,4.691822,0.3425474166870117,0.6177908182144165,0.12157963216304779
YAL002W,YGL189C,0,4.6904926,0.3423618674278259,0.6177908182144165,0.1216798648238182
YGR206W,YNL101W,0,4.688195,0.34217649698257446,0.6177908182144165,0.12178009748458862
YLR138W,YNL321W,1,4.688072,0.3425324559211731,0.6187683343887329,0.12178009748458862
YNL005C,YLR377C,0,4.6876764,0.3423472046852112,0.6187683343887329,0.12188032269477844
YBR251W,YDL240W,0,4.686729,0.342162162065506,0.6187683343887329,0.12198055535554886
YOR357C,YBR133C,0,4.68595,0.3419772982597351,0.6187683343887329,0.12208078801631927
YDR486C,YOR198C,0,4.68554,0.34179264307022095,0.6187683343887329,0.1221810132265091
YKR065C,YJR065C,0,4.684622,0.3416081964969635,0.6187683343887329,0.12228124588727951
YDL123W,YML012W,0,4.6845436,0.34142395853996277,0.6187683343887329,0.12238147854804993
YOR266W,YGR277C,0,4.6840944,0.34123989939689636,0.6187683343887329,0.12248171120882034
YDL049C,YGL086W,0,4.6831903,0.34105604887008667,0.6187683343887329,0.12258193641901016
YNL002C,YER018C,0,4.682948,0.3408723771572113,0.6187683343887329,0.12268216907978058
YGR082W,YPR184W,0,4.682238,0.34068891406059265,0.6187683343887329,0.122782401740551
YER166W,YCR024C-A,1,4.68035,0.3410435616970062,0.6197458505630493,0.122782401740551
YCL075W,YLR414C,0,4.679986,0.3408602178096771,0.6197458505630493,0.12288262695074081
YML054C,YOR011W,0,4.6798377,0.34067705273628235,0.6197458505630493,0.12298285961151123
YDL004W,YCR021C,1,4.6794314,0.34103116393089294,0.6207233667373657,0.12298285961151123
YGL205W,YGL156W,0,4.677147,0.34084808826446533,0.6207233667373657,0.12308309227228165
YAR066W,YGL020C,0,4.676505,0.34066522121429443,0.6207233667373657,0.12318332493305206
YJL102W,YKR045C,0,4.6745996,0.34048256278038025,0.6207233667373657,0.12328355014324188
YAR066W,YAL035W,0,4.674281,0.3403001129627228,0.6207233667373657,0.1233837828040123
YKL135C,YJL216C,0,4.67381,0.34011784195899963,0.6207233667373657,0.12348401546478271
YKR045C,YHR026W,0,4.673237,0.3399357497692108,0.6207233667373657,0.12358424067497253
YLR166C,YER004W,0,4.672518,0.3397538661956787,0.6207233667373657,0.12368447333574295
YLR023C,YLR260W,0,4.671589,0.3395721912384033,0.6207233667373657,0.12378470599651337
YHR079C-A,YPL220W,0,4.6702185,0.33939069509506226,0.6207233667373657,0.12388493865728378
YLL009C,YOL027C,1,4.670131,0.33974358439445496,0.6217008829116821,0.12388493865728378
YIL031W,YBL093C,0,4.6697083,0.33956220746040344,0.6217008829116821,0.1239851638674736
YDR326C,YDR477W,0,4.6680956,0.33938100934028625,0.6217008829116821,0.12408539652824402
YKR039W,YPR188C,0,4.666994,0.3391999900341034,0.6217008829116821,0.12418562918901443
YML110C,YDR086C,0,4.666748,0.33901917934417725,0.6217008829116821,0.12428585439920425
YLR193C,YER028C,0,4.666423,0.3388385772705078,0.6217008829116821,0.12438608705997467
YJR161C,YPL038W,0,4.6659837,0.3386581540107727,0.6217008829116821,0.12448631972074509
YDR430C,YOR056C,0,4.665571,0.3384779095649719,0.6217008829116821,0.1245865523815155
YJR015W,YGL005C,0,4.665233,0.33829787373542786,0.6217008829116821,0.12468677759170532
YPR032W,YIR007W,0,4.664818,0.3381180167198181,0.6217008829116821,0.12478701025247574
YHR050W,YLR205C,0,4.6638527,0.3379383683204651,0.6217008829116821,0.12488724291324615
YBR036C,YBR198C,0,4.6628156,0.3377588987350464,0.6217008829116821,0.12498746812343597
YAL010C,YPR010C,0,4.6619225,0.337579607963562,0.6217008829116821,0.125087708234787
YPR028W,YJL091C,0,4.658695,0.33740052580833435,0.6217008829116821,0.1251879334449768
YKL051W,YHR003C,0,4.6572323,0.337221622467041,0.6217008829116821,0.12528815865516663
YKR053C,YER096W,0,4.6537256,0.3370429277420044,0.6217008829116821,0.12538839876651764
YNL137C,YDR135C,0,4.6528444,0.3368644118309021,0.6217008829116821,0.12548862397670746
YDR483W,YDR017C,0,4.6528206,0.33668607473373413,0.6217008829116821,0.12558884918689728
YHR136C,YEL031W,1,4.6522193,0.33703702688217163,0.6226783990859985,0.12558884918689728
YMR054W,YOR316C,1,4.652092,0.3373876214027405,0.6236559152603149,0.12558884918689728
YFL025C,YJL033W,0,4.6511593,0.3372093141078949,0.6236559152603149,0.1256890892982483
YKL148C,YIL031W,0,4.651026,0.33703115582466125,0.6236559152603149,0.1257893145084381
YHR160C,YLR037C,0,4.647914,0.3368532061576843,0.6236559152603149,0.12588953971862793
YER026C,YPL221W,0,4.6476297,0.3366754651069641,0.6236559152603149,0.12598977982997894
YLL055W,YDR276C,1,4.646901,0.33702531456947327,0.6246334314346313,0.12598977982997894
YNR060W,YOR192C,1,4.64662,0.33737480640411377,0.6256109476089478,0.12598977982997894
YHL017W,YJL063C,0,4.6452723,0.33719703555107117,0.6256109476089478,0.12609000504016876
YOR354C,YGL033W,0,4.6451535,0.3370194733142853,0.6256109476089478,0.12619023025035858
YJL207C,YHL003C,0,4.644123,0.3368421196937561,0.6256109476089478,0.1262904703617096
YHR140W,YDL232W,0,4.642969,0.33666491508483887,0.6256109476089478,0.12639069557189941
YLR061W,YIR037W,0,4.642813,0.33648791909217834,0.6256109476089478,0.12649093568325043
YCL033C,YOR083W,0,4.6425962,0.33631110191345215,0.6256109476089478,0.12659116089344025
YDR375C,YPL206C,0,4.642112,0.3361344635486603,0.6256109476089478,0.12669138610363007
YBL057C,YLR258W,0,4.6412373,0.33595800399780273,0.6256109476089478,0.12679162621498108
YER073W,YHR206W,0,4.6407833,0.3357817530632019,0.6256109476089478,0.1268918514251709
YNL169C,YDL185W,0,4.6401005,0.335605651140213,0.6256109476089478,0.12699207663536072
YJL116C,YJL063C,0,4.6395283,0.33542975783348083,0.6256109476089478,0.12709231674671173
YGR165W,YER042W,0,4.6378803,0.33525407314300537,0.6256109476089478,0.12719254195690155
YCL044C,YDR545W,0,4.637304,0.33507853746414185,0.6256109476089478,0.12729276716709137
YER073W,YMR235C,0,4.636529,0.33490318059921265,0.6256109476089478,0.12739300727844238
YOR044W,YFR046C,0,4.634627,0.33472803235054016,0.6256109476089478,0.1274932324886322
YDR084C,YDR135C,0,4.632634,0.334553062915802,0.6256109476089478,0.12759345769882202
YIL013C,YGL191W,0,4.6313868,0.33437827229499817,0.6256109476089478,0.12769369781017303
YDR341C,YDL194W,0,4.6302757,0.33420366048812866,0.6256109476089478,0.12779392302036285
YBR162W-A,YPL006W,0,4.6301503,0.3340292274951935,0.6256109476089478,0.12789416313171387
YBR168W,YCR098C,0,4.628876,0.3338549733161926,0.6256109476089478,0.1279943883419037
YGR023W,YMR050C,0,4.6281433,0.3336809277534485,0.6256109476089478,0.1280946135520935
YDL075W,YPL171C,0,4.6278973,0.3335070312023163,0.6256109476089478,0.12819485366344452
YER166W,YCR010C,1,4.6270123,0.33385416865348816,0.6265884637832642,0.12819485366344452
YHR039C,YPL118W,0,4.625414,0.3336803615093231,0.6265884637832642,0.12829507887363434
YER044C-A,YGL017W,0,4.6247787,0.3335067629814148,0.6265884637832642,0.12839530408382416
YPL262W,YCL017C,0,4.623002,0.3333333432674408,0.6265884637832642,0.12849554419517517
YCR044C,YOL149W,0,4.622487,0.33316007256507874,0.6265884637832642,0.128595769405365
YKL150W,YNL137C,0,4.6218004,0.3329870104789734,0.6265884637832642,0.1286959946155548
YOL127W,YNL097C,0,4.6202364,0.33281412720680237,0.6265884637832642,0.12879623472690582
YML121W,YEL051W,1,4.6199336,0.3331603407859802,0.6275659799575806,0.12879623472690582
YDR041W,YBL006C,0,4.618306,0.33298754692077637,0.6275659799575806,0.12889645993709564
YPL271W,YMR281W,0,4.617957,0.33281493186950684,0.6275659799575806,0.12899668514728546
YFL034C-B,YLR109W,0,4.617695,0.33264249563217163,0.6275659799575806,0.12909692525863647
YIR028W,YGL076C,0,4.614911,0.33247020840644836,0.6275659799575806,0.1291971504688263
YDR221W,YJR059W,0,4.614609,0.3322981297969818,0.6275659799575806,0.1292973905801773
YPL156C,YPL091W,0,4.6144686,0.3321262300014496,0.6275659799575806,0.12939761579036713
YDR538W,YNL045W,0,4.6144414,0.3319545090198517,0.6275659799575806,0.12949784100055695
YOL007C,YPL106C,0,4.6144257,0.3317829370498657,0.6275659799575806,0.12959808111190796
YLR166C,YNL055C,0,4.6144094,0.3316115736961365,0.6275659799575806,0.12969830632209778
YLL023C,YOL130W,0,4.6143093,0.33144035935401917,0.6275659799575806,0.1297985315322876
YKL062W,YKL185W,0,4.6138635,0.33126935362815857,0.6275659799575806,0.1298987716436386
YPL231W,YLR259C,0,4.610759,0.3310984969139099,0.6275659799575806,0.12999899685382843
YBR122C,YOL105C,0,4.610548,0.33092784881591797,0.6275659799575806,0.13009922206401825
YLL051C,YLL055W,1,4.60969,0.33127254247665405,0.628543496131897,0.13009922206401825
YHR079C-A,YGL012W,0,4.6092744,0.3311019539833069,0.628543496131897,0.13019946217536926
YDR452W,YIR036C,0,4.6089926,0.33093154430389404,0.628543496131897,0.13029968738555908
YOL097C,YER065C,0,4.608671,0.3307613134384155,0.628543496131897,0.1303999125957489
YCL001W,YDL222C,0,4.608573,0.33059126138687134,0.628543496131897,0.13050015270709991
YOR389W,YCL010C,0,4.606992,0.3304213881492615,0.628543496131897,0.13060037791728973
YNL137C,YML121W,0,4.606538,0.33025166392326355,0.628543496131897,0.13070061802864075
YGL167C,YBR213W,0,4.6062765,0.33008214831352234,0.628543496131897,0.13080084323883057
YHL047C,YOR332W,1,4.6056576,0.33042585849761963,0.6295210123062134,0.13080084323883057
YJR150C,YDR283C,0,4.6012945,0.3302564024925232,0.6295210123062134,0.13090106844902039
YHR117W,YLR205C,0,4.6006193,0.3300871253013611,0.6295210123062134,0.1310013085603714
YPR007C,YOR334W,0,4.600121,0.3299180269241333,0.6295210123062134,0.13110153377056122
YDR534C,YMR042W,0,4.6000853,0.32974910736083984,0.6295210123062134,0.13120175898075104
YCL069W,YNL020C,0,4.598579,0.3295803368091583,0.6295210123062134,0.13130199909210205
YIR028W,YOL030W,0,4.5983315,0.3294117748737335,0.6295210123062134,0.13140222430229187
YEL042W,YPL130W,0,4.598275,0.32924336194992065,0.6295210123062134,0.1315024495124817
YPR020W,YCR075C,1,4.597041,0.32958608865737915,0.6304985284805298,0.1315024495124817
YDR331W,YOR058C,0,4.596118,0.32941776514053345,0.6304985284805298,0.1316026896238327
YOL071W,YER166W,0,4.5951147,0.32924962043762207,0.6304985284805298,0.13170291483402252
YDR153C,YER056C-A,0,4.5949373,0.32908162474632263,0.6304985284805298,0.13180314004421234
YPR054W,YPL061W,0,4.5949073,0.3289138078689575,0.6304985284805298,0.13190338015556335
YER061C,YMR074C,0,4.594648,0.32874616980552673,0.6304985284805298,0.13200360536575317
YEL064C,YMR280C,0,4.59446,0.3285787105560303,0.6304985284805298,0.1321038454771042
YMR301C,YHL008C,1,4.5942574,0.3289205729961395,0.6314760446548462,0.1321038454771042
YCR068W,YDR257C,0,4.593835,0.32875317335128784,0.6314760446548462,0.132204070687294
YLR292C,YDR239C,0,4.593365,0.3285859525203705,0.6314760446548462,0.13230429589748383
YGL085W,YKL060C,0,4.5931873,0.32841891050338745,0.6314760446548462,0.13240453600883484
YER039C,YGR224W,0,4.5927505,0.32825204730033875,0.6314760446548462,0.13250476121902466
YER065C,YAL008W,0,4.5925403,0.328085333108902,0.6314760446548462,0.13260498642921448
YNL194C,YOR347C,0,4.5917377,0.32791876792907715,0.6314760446548462,0.1327052265405655
YLL057C,YER044C,0,4.591511,0.32775241136550903,0.6314760446548462,0.1328054517507553
YOR271C,YEL031W,1,4.590815,0.3280933201313019,0.6324535608291626,0.1328054517507553
YKL220C,YHL008C,1,4.589953,0.3284338712692261,0.633431077003479,0.1328054517507553
YGR055W,YDR117C,0,4.589753,0.32826748490333557,0.633431077003479,0.13290567696094513
YPL235W,YHR007C,0,4.5881395,0.3281012773513794,0.633431077003479,0.13300591707229614
YLR348C,YNL321W,1,4.5878353,0.3284412920475006,0.6344085931777954,0.13300591707229614
YIR019C,YGR192C,0,4.587785,0.3282751739025116,0.6344085931777954,0.13310614228248596
YLR190W,YIL043C,0,4.587038,0.3281092047691345,0.6344085931777954,0.13320636749267578
YHR045W,YPR005C,0,4.5863867,0.3279434144496918,0.6344085931777954,0.1333066076040268
YHL040C,YPR008W,0,4.5852356,0.32777777314186096,0.6344085931777954,0.1334068328142166
YML025C,YKL184W,0,4.585206,0.3276123106479645,0.6344085931777954,0.13350707292556763
YNR061C,YJR132W,0,4.584633,0.3274470269680023,0.6344085931777954,0.13360729813575745
YBR146W,YER006W,0,4.5844965,0.3272818922996521,0.6344085931777954,0.13370752334594727
YOR086C,YDR085C,0,4.583033,0.3271169364452362,0.6344085931777954,0.13380776345729828
YOR092W,YDL164C,0,4.5819077,0.32695212960243225,0.6344085931777954,0.1339079886674881
YHR037W,YPR037C,0,4.581769,0.3267875015735626,0.6344085931777954,0.13400821387767792
YBR109C,YCR037C,0,4.580719,0.3266230523586273,0.6344085931777954,0.13410845398902893
YNL083W,YDL033C,0,4.580225,0.32645875215530396,0.6344085931777954,0.13420867919921875
YER039C,YLR136C,0,4.5792227,0.3262946307659149,0.6344085931777954,0.13430890440940857
YBR210W,YJR019C,0,4.57761,0.3261306583881378,0.6344085931777954,0.13440914452075958
YHR149C,YER062C,0,4.57725,0.32596686482429504,0.6344085931777954,0.1345093697309494
YNL197C,YPR173C,0,4.576537,0.3258032202720642,0.6344085931777954,0.13460959494113922
YDR481C,YCR081W,0,4.576528,0.3256397247314453,0.6344085931777954,0.13470983505249023
YEL051W,YER172C,0,4.576354,0.32547643780708313,0.6344085931777954,0.13481006026268005
YPL270W,YML008C,0,4.5761547,0.3253132700920105,0.6344085931777954,0.13491030037403107
YDL222C,YLR448W,0,4.5759535,0.3251503109931946,0.6344085931777954,0.1350105255842209
YNL322C,YBR146W,0,4.5750704,0.3249874711036682,0.6344085931777954,0.1351107507944107
YKR050W,YDL210W,1,4.5749826,0.3253253400325775,0.6353861093521118,0.1351107507944107
YGL145W,YNL007C,0,4.574479,0.3251625895500183,0.6353861093521118,0.13521099090576172
YJR054W,YDL239C,0,4.5728674,0.32499998807907104,0.6353861093521118,0.13531121611595154
YIL093C,YNL227C,0,4.572809,0.3248375952243805,0.6353861093521118,0.13541144132614136
YCR105W,YJL216C,0,4.571854,0.3246753215789795,0.6353861093521118,0.13551168143749237
YOR383C,YLR034C,1,4.5713634,0.3250124752521515,0.6363636255264282,0.13551168143749237
YBR106W,YJL184W,0,4.571333,0.32485029101371765,0.6363636255264282,0.1356119066476822
YHR140W,YDR141C,0,4.5668526,0.32468828558921814,0.6363636255264282,0.135712131857872
YGL206C,YCL048W,0,4.5616627,0.32452642917633057,0.6363636255264282,0.13581237196922302
YBR097W,YIL067C,0,4.5612454,0.32436472177505493,0.6363636255264282,0.13591259717941284
YLR283W,YDR014W,0,4.56113,0.3242031931877136,0.6363636255264282,0.13601282238960266
YOR221C,YGR125W,0,4.560295,0.32404181361198425,0.6363636255264282,0.13611306250095367
YOR198C,YGR211W,0,4.559616,0.3238805830478668,0.6363636255264282,0.1362132877111435
YMR292W,YGL121C,0,4.557144,0.3237195312976837,0.6363636255264282,0.1363135278224945
YDL065C,YOR348C,0,4.5542803,0.32355865836143494,0.6363636255264282,0.13641375303268433
YCL038C,YLR385C,0,4.5539885,0.3233979046344757,0.6363636255264282,0.13651397824287415
YLR027C,YPL085W,0,4.553387,0.3232373297214508,0.6363636255264282,0.13661421835422516
YGL023C,YNL256W,0,4.5514956,0.32307693362236023,0.6363636255264282,0.13671444356441498
YCR045C,YNL101W,0,4.551059,0.3229166567325592,0.6363636255264282,0.1368146687746048
YJL093C,YDR298C,1,4.549037,0.3232523500919342,0.6373411417007446,0.1368146687746048
YFR053C,YJL028W,0,4.548403,0.32309216260910034,0.6373411417007446,0.1369149088859558
YGR263C,YHR025W,0,4.548068,0.3229321539402008,0.6373411417007446,0.13701513409614563
YLR372W,YPL040C,0,4.5456963,0.3227722644805908,0.6373411417007446,0.13711535930633545
YNL323W,YOR143C,0,4.544361,0.32261255383491516,0.6373411417007446,0.13721559941768646
YGL147C,YJR104C,0,4.5415564,0.32245302200317383,0.6373411417007446,0.13731582462787628
YOR357C,YOR196C,0,4.539588,0.32229360938072205,0.6373411417007446,0.1374160498380661
YGR256W,YOR224C,0,4.539009,0.3221343755722046,0.6373411417007446,0.13751628994941711
YPL078C,YGR217W,1,4.5384407,0.32246914505958557,0.638318657875061,0.13751628994941711
YKL222C,YKL099C,0,4.538377,0.3223099708557129,0.638318657875061,0.13761651515960693
YNR061C,YPL045W,0,4.5377717,0.32215097546577454,0.638318657875061,0.13771675527095795
YDR517W,YGR123C,0,4.5370483,0.32199209928512573,0.638318657875061,0.13781698048114777
YCR028C,YDR205W,1,4.535533,0.32232627272605896,0.6392961740493774,0.13781698048114777
YKR050W,YHL008C,1,4.53475,0.32266008853912354,0.6402736902236938,0.13781698048114777
YOR192C,YOR382W,1,4.533516,0.32299360632896423,0.6412512063980103,0.13781698048114777
YPL032C,YOR306C,0,4.5331516,0.32283464074134827,0.6412512063980103,0.13791720569133759
YDR342C,YML016C,0,4.5262003,0.3226758539676666,0.6412512063980103,0.1380174458026886
YLR204W,YNL090W,0,4.5258074,0.3225172162055969,0.6412512063980103,0.13811767101287842
YDR178W,YER177W,0,4.5246496,0.32235872745513916,0.6412512063980103,0.13821789622306824
YNL185C,YPR049C,0,4.5216923,0.32220038771629333,0.6412512063980103,0.13831813633441925
YOL027C,YMR301C,1,4.52011,0.32253313064575195,0.6422287225723267,0.13831813633441925
YNL048W,YBR135W,0,4.519391,0.3223748803138733,0.6422287225723267,0.13841836154460907
YDR261C,YNL321W,0,4.515893,0.32221677899360657,0.6422287225723267,0.1385185867547989
YLR035C-A,YJL160C,0,4.5153627,0.3220588266849518,0.6422287225723267,0.1386188268661499
YCL027W,YOR346W,0,4.514001,0.32190102338790894,0.6422287225723267,0.13871905207633972
YJR010C-A,YIR037W,0,4.512964,0.3217433989048004,0.6422287225723267,0.13881927728652954
YDR128W,YIR037W,0,4.512391,0.32158589363098145,0.6422287225723267,0.13891951739788055
YHR147C,YER026C,0,4.509294,0.3214285671710968,0.6422287225723267,0.13901974260807037
YNR070W,YKR072C,0,4.504807,0.3212713897228241,0.6422287225723267,0.1391199827194214
YLR047C,YML123C,1,4.5042987,0.32160311937332153,0.6432062387466431,0.1391199827194214
YCR067C,YML126C,0,4.50336,0.321446031332016,0.6432062387466431,0.1392202079296112
YDR434W,YPL023C,0,4.501171,0.3212890625,0.6432062387466431,0.13932043313980103
YIL134W,YPL265W,1,4.5008993,0.32162031531333923,0.6441837549209595,0.13932043313980103
YOL027C,YGR224W,1,4.5000296,0.3219512104988098,0.6451612710952759,0.13932043313980103
YGR220C,YER139C,0,4.4996076,0.3217942416667938,0.6451612710952759,0.13942067325115204
YBL057C,YJL121C,0,4.4982605,0.32163742184638977,0.6451612710952759,0.13952089846134186
YNR075W,YPL106C,0,4.49763,0.32148075103759766,0.6451612710952759,0.13962112367153168
YBR077C,YJR088C,0,4.4924135,0.32132425904273987,0.6451612710952759,0.1397213637828827
YBR201W,YDR225W,0,4.4910254,0.32116788625717163,0.6451612710952759,0.1398215889930725
YER073W,YHR169W,0,4.489057,0.32101166248321533,0.6451612710952759,0.13992181420326233
YLR214W,YGR138C,1,4.488408,0.32134175300598145,0.6461387872695923,0.13992181420326233
YLR288C,YKL056C,0,4.488327,0.3211856186389923,0.6461387872695923,0.14002205431461334
YBR034C,YOR211C,0,4.4878507,0.3210296332836151,0.6461387872695923,0.14012227952480316
YPR021C,YGL006W,1,4.4877095,0.32135921716690063,0.6471163034439087,0.14012227952480316
YOR354C,YPL215W,0,4.4845324,0.3212032914161682,0.6471163034439087,0.14022250473499298
YKL134C,YGR254W,0,4.4837904,0.32104751467704773,0.6471163034439087,0.140322744846344
YER123W,YJR144W,0,4.483158,0.3208919167518616,0.6471163034439087,0.1404229700565338
YMR256C,YGL038C,0,4.482712,0.32073643803596497,0.6471163034439087,0.14052321016788483
YHR036W,YOL098C,0,4.481064,0.3205811083316803,0.6471163034439087,0.14062343537807465
YDL128W,YDR506C,1,4.476712,0.3209099769592285,0.6480938196182251,0.14062343537807465
YER005W,YGL253W,0,4.47569,0.3207547068595886,0.6480938196182251,0.14072366058826447
YIL023C,YLR098C,0,4.47542,0.32059961557388306,0.6480938196182251,0.14082390069961548
YKL196C,YLR008C,0,4.4752097,0.32044467329978943,0.6480938196182251,0.1409241259098053
YEL065W,YNR024W,0,4.474661,0.32028985023498535,0.6480938196182251,0.14102435111999512
YJL212C,YPR049C,0,4.472434,0.3201352059841156,0.6480938196182251,0.14112459123134613
YMR217W,YDL194W,0,4.472004,0.3199806809425354,0.6480938196182251,0.14122481644153595
YKL140W,YDR322C-A,0,4.4704766,0.3198263347148895,0.6480938196182251,0.14132504165172577
YMR015C,YLR051C,0,4.4701853,0.3196721374988556,0.6480938196182251,0.14142528176307678
YBL030C,YDR143C,0,4.4686117,0.3195180594921112,0.6480938196182251,0.1415255069732666
YBR180W,YCL048W,0,4.466566,0.31936416029930115,0.6480938196182251,0.14162573218345642
YOR257W,YFR055W,0,4.4659467,0.319210410118103,0.6480938196182251,0.14172597229480743
YPR032W,YNL003C,0,4.4655976,0.31905677914619446,0.6480938196182251,0.14182619750499725
YDL067C,YER019W,0,4.465016,0.3189033269882202,0.6480938196182251,0.14192643761634827
YKL192C,YIR007W,0,4.4649696,0.3187499940395355,0.6480938196182251,0.14202666282653809
YAL044C,YCL044C,0,4.4646153,0.31859683990478516,0.6480938196182251,0.1421268880367279
YBR273C,YGL063W,0,4.463834,0.31844380497932434,0.6480938196182251,0.14222712814807892
YNL081C,YGL009C,0,4.463832,0.31829091906547546,0.6480938196182251,0.14232735335826874
YKL011C,YNL339C,0,4.4628296,0.3181381821632385,0.6480938196182251,0.14242757856845856
YOR291W,YDR033W,1,4.460828,0.3184652328491211,0.6490713357925415,0.14242757856845856
YNL083W,YLR439W,0,4.4607368,0.31831255555152893,0.6490713357925415,0.14252781867980957
YMR177W,YBR030W,0,4.453148,0.3181600272655487,0.6490713357925415,0.1426280438899994
YPL063W,YER110C,0,4.45272,0.3180076479911804,0.6490713357925415,0.1427282691001892
YNL111C,YLR310C,0,4.452284,0.31785544753074646,0.6490713357925415,0.14282850921154022
YOL031C,YDR437W,0,4.4518943,0.31770333647727966,0.6490713357925415,0.14292873442173004
YML055W,YGL005C,0,4.451646,0.3175514042377472,0.6490713357925415,0.14302895963191986
YIL037C,YPR056W,0,4.4513283,0.31739962100982666,0.6490713357925415,0.14312919974327087
YKL217W,YLR138W,1,4.450963,0.3177257478237152,0.6500488519668579,0.14312919974327087
YBR291C,YOL020W,1,4.4504213,0.3180515766143799,0.6510263681411743,0.14312919974327087
YNL263C,YLR155C,0,4.450218,0.31789976358413696,0.6510263681411743,0.1432294249534607
YDL008W,YFL044C,0,4.446701,0.317748099565506,0.6510263681411743,0.1433296650648117
YLR054C,YGR033C,0,4.4464817,0.31759655475616455,0.6510263681411743,0.14342989027500153
YGR224W,YPR003C,1,4.4461956,0.31792181730270386,0.6520038843154907,0.14342989027500153
YPL226W,YER177W,0,4.4453325,0.3177703619003296,0.6520038843154907,0.14353011548519135
YKR053C,YBR203W,0,4.4448123,0.31761905550956726,0.6520038843154907,0.14363035559654236
YPR021C,YOR382W,1,4.444606,0.31794384121894836,0.6529814004898071,0.14363035559654236
YGR059W,YNL037C,0,4.4438925,0.3177925646305084,0.6529814004898071,0.14373058080673218
YJR064W,YNR041C,0,4.4436035,0.3176414668560028,0.6529814004898071,0.143830806016922
YOR270C,YOR291W,1,4.4428377,0.3179657757282257,0.6539589166641235,0.143830806016922
YBR037C,YGL006W,1,4.4420176,0.31828978657722473,0.6549364328384399,0.143830806016922
YPR036W,YEL062W,1,4.4400787,0.3186134994029999,0.6559139490127563,0.143830806016922
YPL072W,YGR279C,0,4.438012,0.3184622824192047,0.6559139490127563,0.143931046128273
YLR348C,YPR128C,1,4.435492,0.31878557801246643,0.6568915247917175,0.143931046128273
YLR190W,YCR039C,0,4.4342213,0.31863442063331604,0.6568915247917175,0.14403127133846283
YOR158W,YHL032C,0,4.4341335,0.3184834122657776,0.6568915247917175,0.14413149654865265
YBL057C,YLR433C,0,4.4340825,0.3183325529098511,0.6568915247917175,0.14423173666000366
YNL087W,YKL108W,0,4.4333887,0.3181818127632141,0.6568915247917175,0.14433196187019348
YMR215W,YBR073W,0,4.4324265,0.3180312216281891,0.6568915247917175,0.1444321870803833
YLL052C,YCR053W,0,4.4315968,0.3178808093070984,0.6568915247917175,0.14453242719173431
YPL060W,YOR291W,1,4.431095,0.31820330023765564,0.6578690409660339,0.14453242719173431
YKL209C,YDR302W,0,4.431057,0.31805291771888733,0.6578690409660339,0.14463265240192413
YNL213C,YDR054C,0,4.43015,0.31790268421173096,0.6578690409660339,0.14473289251327515
YER061C,YBR003W,0,4.4288383,0.3177525997161865,0.6578690409660339,0.14483311772346497
YHR185C,YDL204W,0,4.4283924,0.31760263442993164,0.6578690409660339,0.14493334293365479
YLR447C,YKL165C,1,4.4248123,0.31792452931404114,0.6588465571403503,0.14493334293365479
YDR534C,YGL038C,0,4.4237423,0.31777462363243103,0.6588465571403503,0.1450335830450058
YMR175W,YHR001W-A,0,4.4235764,0.31762489676475525,0.6588465571403503,0.14513380825519562
YPR032W,YBR041W,0,4.422797,0.31747525930404663,0.6588465571403503,0.14523403346538544
YOL023W,YGL023C,0,4.4206295,0.31732580065727234,0.6588465571403503,0.14533427357673645
YJL212C,YGR024C,0,4.4193916,0.3171764612197876,0.6588465571403503,0.14543449878692627
YKR058W,YKL096W,0,4.418542,0.3170272707939148,0.6588465571403503,0.1455347239971161
YER051W,YDR298C,0,4.417654,0.31687822937965393,0.6588465571403503,0.1456349641084671
YDR352W,YIR006C,0,4.416749,0.316729336977005,0.6588465571403503,0.14573518931865692
YPR106W,YJL143W,0,4.4155483,0.31658056378364563,0.6588465571403503,0.14583541452884674
YEL020W-A,YDR273W,0,4.4138536,0.3164319396018982,0.6588465571403503,0.14593565464019775
YDL008W,YHR016C,0,4.413007,0.3162834346294403,0.6588465571403503,0.14603587985038757
YDR483W,YJR098C,0,4.4120426,0.31613507866859436,0.6588465571403503,0.1461361199617386
YDR046C,YHR070W,0,4.4106164,0.31598687171936035,0.6588465571403503,0.1462363451719284
YBR106W,YNL003C,1,4.409417,0.31630739569664,0.6598240733146667,0.1462363451719284
YJL057C,YMR190C,0,4.4085083,0.3161592483520508,0.6598240733146667,0.14633657038211823
YOR330C,YDR516C,0,4.4069743,0.3160112500190735,0.6598240733146667,0.14643681049346924
YMR122W-A,YER016W,0,4.405021,0.31586337089538574,0.6598240733146667,0.14653703570365906
YPL053C,YHR042W,0,4.402685,0.31571561098098755,0.6598240733146667,0.14663726091384888
YOR022C,YIL065C,0,4.4013515,0.3155680298805237,0.6598240733146667,0.1467375010251999
YOR022C,YKR046C,0,4.4012566,0.31542056798934937,0.6598240733146667,0.1468377262353897
YJR095W,YHR002W,1,4.3994513,0.31574031710624695,0.6608015894889832,0.1468377262353897
YOR049C,YCR017C,0,4.398671,0.3155929148197174,0.6608015894889832,0.14693795144557953
YOR339C,YKL191W,0,4.398614,0.3154456317424774,0.6608015894889832,0.14703819155693054
YGL139W,YGL255W,1,4.398423,0.3157649338245392,0.6617791056632996,0.14703819155693054
YGR062C,YER133W,0,4.398331,0.31561771035194397,0.6617791056632996,0.14713841676712036
YDR160W,YOR306C,1,4.3982115,0.3159366250038147,0.662756621837616,0.14713841676712036
YDR178W,YLR035C,0,4.3970857,0.31578946113586426,0.662756621837616,0.14723864197731018
YDR511W,YHR063C,0,4.3967075,0.31564244627952576,0.662756621837616,0.1473388820886612
YPL160W,YHL047C,0,4.3957915,0.3154955804347992,0.662756621837616,0.147439107298851
YHR018C,YNL053W,0,4.3955264,0.3153488337993622,0.662756621837616,0.14753934741020203
YDL185W,YDR165W,0,4.3946977,0.3152022361755371,0.662756621837616,0.14763957262039185
YFR042W,YNL014W,0,4.3932104,0.3150557577610016,0.662756621837616,0.14773979783058167
YEL005C,YKL208W,0,4.3932095,0.314909428358078,0.662756621837616,0.14784003794193268
YDL066W,YHR176W,0,4.391847,0.31476321816444397,0.662756621837616,0.1479402631521225
YFL016C,YGR202C,0,4.390877,0.3146171569824219,0.662756621837616,0.14804048836231232
YOL157C,YBR240C,0,4.389118,0.3144712448120117,0.662756621837616,0.14814072847366333
YIL147C,YJR117W,0,4.3888884,0.3143254518508911,0.662756621837616,0.14824095368385315
YHL004W,YDR529C,0,4.386789,0.31417980790138245,0.662756621837616,0.14834117889404297
YKR088C,YPL189W,0,4.3859377,0.31403428316116333,0.662756621837616,0.14844141900539398
YGR295C,YLR371W,0,4.384816,0.31388887763023376,0.662756621837616,0.1485416442155838
YDL104C,YBL038W,0,4.3843913,0.3137436509132385,0.662756621837616,0.14864186942577362
YML055W,YDL164C,0,4.382457,0.31359851360321045,0.662756621837616,0.14874210953712463
YLL010C,YGR103W,0,4.3820195,0.3134535253047943,0.662756621837616,0.14884233474731445
YER073W,YLR246W,0,4.3813934,0.3133086860179901,0.662756621837616,0.14894257485866547
YCR089W,YLR307W,0,4.377536,0.31316396594047546,0.662756621837616,0.14904280006885529
YLR054C,YNR050C,0,4.37383,0.31301939487457275,0.662756621837616,0.1491430252790451
YDL095W,YDR380W,0,4.37345,0.3128749430179596,0.662756621837616,0.14924326539039612
YGR005C,YBL040C,0,4.372283,0.3127306401729584,0.662756621837616,0.14934349060058594
YOR253W,YIL070C,0,4.3695536,0.3125864565372467,0.662756621837616,0.14944371581077576
YHR005C,YML066C,0,4.368843,0.3124423921108246,0.662756621837616,0.14954395592212677
YER166W,YDR507C,0,4.368761,0.3122984766960144,0.662756621837616,0.1496441811323166
YKR067W,YPL186C,0,4.368046,0.31215471029281616,0.662756621837616,0.1497444063425064
YKL079W,YLR318W,0,4.367606,0.3120110332965851,0.662756621837616,0.14984464645385742
YCR024C,YHR010W,0,4.3665085,0.31186753511428833,0.662756621837616,0.14994487166404724
YCR048W,YNR048W,0,4.36567,0.31172412633895874,0.662756621837616,0.15004509687423706
YPL221W,YKR105C,1,4.3652573,0.31204044818878174,0.6637341380119324,0.15004509687423706
YNL310C,YLR120C,0,4.365182,0.3118970990180969,0.6637341380119324,0.15014533698558807
YMR052W,YMR314W,0,4.3645654,0.31175389885902405,0.6637341380119324,0.1502455621957779
YEL048C,YJL065C,0,4.363468,0.3116108179092407,0.6637341380119324,0.1503458023071289
YLR378C,YGR172C,0,4.3632927,0.31146788597106934,0.6637341380119324,0.15044602751731873
YNL222W,YMR175W,0,4.3629546,0.3113250732421875,0.6637341380119324,0.15054625272750854
YOR384W,YLR409C,0,4.353838,0.3111824095249176,0.6637341380119324,0.15064649283885956
YPL171C,YOR058C,0,4.353778,0.31103986501693726,0.6637341380119324,0.15074671804904938
YOL138C,YHR169W,0,4.353006,0.31089743971824646,0.6637341380119324,0.1508469432592392
YHL003C,YBR228W,0,4.352499,0.3107551634311676,0.6637341380119324,0.1509471833705902
YBR171W,YML043C,0,4.3513403,0.3106130063533783,0.6637341380119324,0.15104740858078003
YML100W,YML126C,0,4.349103,0.31047096848487854,0.6637341380119324,0.15114763379096985
YBR181C,YHR096C,0,4.3490515,0.3103290796279907,0.6637341380119324,0.15124787390232086
YGL139W,YOL020W,1,4.3477445,0.31064411997795105,0.6647116541862488,0.15124787390232086
YNL181W,YIR033W,0,4.347341,0.310502290725708,0.6647116541862488,0.15134809911251068
YDR116C,YNR032W,0,4.3468523,0.3103605806827545,0.6647116541862488,0.1514483243227005
YJL080C,YDR032C,0,4.3453894,0.3102189898490906,0.6647116541862488,0.1515485644340515
YDL114W,YKL006W,0,4.3452744,0.3100775182247162,0.6647116541862488,0.15164878964424133
YER166W,YPR128C,1,4.3428164,0.31039199233055115,0.6656891703605652,0.15164878964424133
YGR062C,YNL097C,0,4.342463,0.31025058031082153,0.6656891703605652,0.15174902975559235
YER185W,YMR038C,1,4.341445,0.31056466698646545,0.6666666865348816,0.15174902975559235
YHL036W,YHR194W,0,4.3412194,0.3104233145713806,0.6666666865348816,0.15184925496578217
YOR030W,YML012W,0,4.3401566,0.3102820813655853,0.6666666865348816,0.15194948017597198
YGL234W,YMR280C,0,4.340046,0.3101409673690796,0.6666666865348816,0.152049720287323
YKL120W,YDL080C,0,4.337612,0.3100000023841858,0.6666666865348816,0.15214994549751282
YOR003W,YNL327W,0,4.3376093,0.30985915660858154,0.6666666865348816,0.15225017070770264
YGL196W,YNR032C-A,0,4.3355894,0.30971843004226685,0.6666666865348816,0.15235041081905365
YKR088C,YOR119C,0,4.3351746,0.3095778524875641,0.6666666865348816,0.15245063602924347
YNL003C,YGL135W,0,4.334429,0.3094373941421509,0.6666666865348816,0.1525508612394333
YMR197C,YJR048W,0,4.3321266,0.3092970550060272,0.6666666865348816,0.1526511013507843
YDR077W,YDL200C,0,4.3317676,0.3091568350791931,0.6666666865348816,0.15275132656097412
YBR092C,YEL077C,0,4.331245,0.30901676416397095,0.6666666865348816,0.15285155177116394
YMR149W,YGR266W,0,4.3300643,0.30887681245803833,0.6666666865348816,0.15295179188251495
YBR003W,YPL269W,0,4.3295956,0.30873697996139526,0.6666666865348816,0.15305201709270477
YPL017C,YDR418W,0,4.328574,0.30859729647636414,0.6666666865348816,0.1531522572040558
YGR286C,YEL054C,0,4.328068,0.30845770239830017,0.6666666865348816,0.1532524824142456
YPL072W,YOL002C,0,4.3270903,0.30831825733184814,0.6666666865348816,0.15335270762443542
YER123W,YFR034C,0,4.326607,0.30817893147468567,0.6666666865348816,0.15345294773578644
YDL146W,YBL099W,0,4.326321,0.30803975462913513,0.6666666865348816,0.15355317294597626
YDL066W,YGR295C,0,4.324174,0.30790066719055176,0.6666666865348816,0.15365339815616608
YPL192C,YGR048W,0,4.3234997,0.3077617287635803,0.6666666865348816,0.1537536382675171
YOR205C,YIR022W,0,4.3232994,0.30762290954589844,0.6666666865348816,0.1538538634777069
YPL221W,YDL120W,1,4.322832,0.30793508887290955,0.667644202709198,0.1538538634777069
YDR126W,YBR050C,0,4.3228006,0.30779629945755005,0.667644202709198,0.15395408868789673
YER073W,YNL312W,0,4.3225365,0.3076576590538025,0.667644202709198,0.15405432879924774
YDL120W,YAR050W,0,4.322522,0.3075191378593445,0.667644202709198,0.15415455400943756
YIL009W,YLR148W,0,4.3224387,0.307380735874176,0.667644202709198,0.15425477921962738
YMR154C,YKR061W,0,4.3215046,0.3072424530982971,0.667644202709198,0.1543550193309784
YDL104C,YER060W,0,4.3208303,0.30710431933403015,0.667644202709198,0.1544552445411682
YDR170W-A,YBR268W,0,4.320735,0.30696630477905273,0.667644202709198,0.15455548465251923
YPL266W,YGL067W,0,4.3199534,0.3068283796310425,0.667644202709198,0.15465570986270905
YGR035C,YBR035C,0,4.3198013,0.30669060349464417,0.667644202709198,0.15475593507289886
YBR146W,YGR194C,0,4.319772,0.3065529763698578,0.667644202709198,0.15485617518424988
YDL210W,YGR191W,1,4.319768,0.30686405301094055,0.6686217188835144,0.15485617518424988
YCR096C,YJL101C,0,4.3193083,0.30672645568847656,0.6686217188835144,0.1549564003944397
YCR075C,YBR106W,1,4.3159685,0.30703720450401306,0.6695992350578308,0.1549564003944397
YGR220C,YKL164C,0,4.3155384,0.30689963698387146,0.6695992350578308,0.15505662560462952
YEL002C,YHR032W,0,4.3153524,0.3067621886730194,0.6695992350578308,0.15515686571598053
YNL003C,YEL051W,1,4.3145866,0.3070725202560425,0.6705767512321472,0.15515686571598053
YBL013W,YJR035W,0,4.313916,0.3069351315498352,0.6705767512321472,0.15525709092617035
YNL128W,YNL241C,0,4.313291,0.3067978620529175,0.6705767512321472,0.15535731613636017
YLL015W,YLR134W,0,4.313032,0.3066607117652893,0.6705767512321472,0.15545755624771118
YHL016C,YMR301C,1,4.3127995,0.3069705069065094,0.6715542674064636,0.15545755624771118
YER014W,YOR293W,0,4.312541,0.306833416223526,0.6715542674064636,0.155557781457901
YDR170W-A,YKL016C,0,4.3125124,0.30669641494750977,0.6715542674064636,0.15565800666809082
YOR044W,YOL089C,0,4.3119173,0.30655956268310547,0.6715542674064636,0.15575824677944183
YOL158C,YLR237W,1,4.311734,0.30686888098716736,0.67253178358078,0.15575824677944183
YLR092W,YJL094C,1,4.3099003,0.30717790126800537,0.6735092997550964,0.15575824677944183
YHR136C,YER102W,0,4.308877,0.3070409893989563,0.6735092997550964,0.15585847198963165
YBR104W,YFL047W,0,4.308686,0.30690422654151917,0.6735092997550964,0.15595871210098267
YGR263C,YPL210C,0,4.308398,0.3067675828933716,0.6735092997550964,0.15605893731117249
YBR110W,YGR005C,0,4.3076787,0.30663105845451355,0.6735092997550964,0.1561591625213623
YBR004C,YHR026W,0,4.3068094,0.30649465322494507,0.6735092997550964,0.15625940263271332
YPR148C,YGR065C,0,4.3054667,0.30635836720466614,0.6735092997550964,0.15635962784290314
YAL068C,YIL070C,0,4.303952,0.30622223019599915,0.6735092997550964,0.15645985305309296
YLR096W,YCR028C-A,0,4.30367,0.3060861825942993,0.6735092997550964,0.15656009316444397
YOL132W,YOR221C,0,4.3001003,0.30595025420188904,0.6735092997550964,0.1566603183746338
YER185W,YNR055C,1,4.2994595,0.30625832080841064,0.6744868159294128,0.1566603183746338
YOR330C,YMR161W,0,4.299265,0.30612245202064514,0.6744868159294128,0.1567605435848236
YNL058C,YPR166C,0,4.2972736,0.3059867024421692,0.6744868159294128,0.15686078369617462
YJR040W,YGR138C,1,4.2969646,0.306294322013855,0.6754643321037292,0.15686078369617462
YLR249W,YML129C,0,4.295912,0.3061586320400238,0.6754643321037292,0.15696100890636444
YJR158W,YBR121C,0,4.2949076,0.3060230314731598,0.6754643321037292,0.15706123411655426
YOR068C,YPR103W,0,4.2928276,0.3058875501155853,0.6754643321037292,0.15716147422790527
YBR221C,YHR176W,0,4.292305,0.3057522177696228,0.6754643321037292,0.1572616994380951
YOL122C,YGL181W,0,4.292222,0.30561697483062744,0.6754643321037292,0.1573619395494461
YJL102W,YNL055C,0,4.2917733,0.305481880903244,0.6754643321037292,0.15746216475963593
YPL001W,YHR115C,0,4.2913146,0.30534687638282776,0.6754643321037292,0.15756238996982574
YCR106W,YLR035C,0,4.2912307,0.30521202087402344,0.6754643321037292,0.15766263008117676
YLR360W,YBR084C-A,0,4.288823,0.3050772547721863,0.6754643321037292,0.15776285529136658
YJL153C,YMR242C,0,4.288311,0.30494263768196106,0.6754643321037292,0.1578630805015564
YDR329C,YKL178C,0,4.2872834,0.304808109998703,0.6754643321037292,0.1579633206129074
YJL100W,YNL058C,0,4.2861414,0.3046737313270569,0.6754643321037292,0.15806354582309723
YJR143C,YKL091C,0,4.2860403,0.30453944206237793,0.6754643321037292,0.15816377103328705
YKR058W,YPL121C,0,4.283986,0.3044052720069885,0.6754643321037292,0.15826401114463806
YPR009W,YIL056W,0,4.2839756,0.30427125096321106,0.6754643321037292,0.15836423635482788
YNR059W,YNL116W,0,4.2839055,0.30413731932640076,0.6754643321037292,0.1584644615650177
YLR158C,YGR122W,0,4.2819967,0.30400350689888,0.6754643321037292,0.1585647016763687
YMR054W,YCR037C,1,4.281551,0.30430957674980164,0.6764418482780457,0.1585647016763687
YPL246C,YKL026C,0,4.2806597,0.30417582392692566,0.6764418482780457,0.15866492688655853
YJR095W,YBR132C,1,4.2790413,0.30448153614997864,0.6774193644523621,0.15866492688655853
YCR039C,YJR153W,0,4.27896,0.30434781312942505,0.6774193644523621,0.15876516699790955
YHR045W,YKL032C,0,4.278019,0.304214209318161,0.6774193644523621,0.15886539220809937
YDR430C,YLR008C,0,4.277913,0.3040807247161865,0.6774193644523621,0.15896561741828918
YOL042W,YDR217C,0,4.275901,0.3039473593235016,0.6774193644523621,0.1590658575296402
YPR032W,YOL094C,0,4.275012,0.3038141131401062,0.6774193644523621,0.15916608273983002
YKL212W,YJL165C,0,4.274871,0.30368098616600037,0.6774193644523621,0.15926630795001984
YFL025C,YLR292C,0,4.2743797,0.3035479485988617,0.6774193644523621,0.15936654806137085
YDL004W,YOL020W,1,4.273511,0.3038528859615326,0.6783968806266785,0.15936654806137085
YHR181W,YDR080W,0,4.272924,0.3037199079990387,0.6783968806266785,0.15946677327156067
YER060W,YML021C,0,4.2727766,0.30358704924583435,0.6783968806266785,0.1595669984817505
YDR456W,YLR411W,1,4.2704344,0.3038915693759918,0.6793743968009949,0.1595669984817505
YER145C,YHR002W,1,4.269145,0.3041957914829254,0.6803519129753113,0.1595669984817505
YNL275W,YKR039W,1,4.2685966,0.3044997751712799,0.6813294291496277,0.1595669984817505
YHL022C,YKL135C,0,4.2683277,0.3043668270111084,0.6813294291496277,0.1596672385931015
YJR077C,YDR532C,0,4.2682977,0.30423396825790405,0.6813294291496277,0.15976746380329132
YPR184W,YPL162C,0,4.267209,0.30410122871398926,0.6813294291496277,0.15986768901348114
YPL156C,YGL133W,0,4.2668505,0.303968608379364,0.6813294291496277,0.15996792912483215
YLR446W,YGL171W,0,4.2667418,0.3038361072540283,0.6813294291496277,0.16006815433502197
YKR058W,YOL052C-A,0,4.2664003,0.3037036955356598,0.6813294291496277,0.16016839444637299
YFL004W,YIL115C,0,4.2663784,0.3035714328289032,0.6813294291496277,0.1602686196565628
YOR262W,YJL100W,0,4.2657533,0.30343925952911377,0.6813294291496277,0.16036884486675262
YOR383C,YDR040C,1,4.265587,0.303742378950119,0.6823069453239441,0.16036884486675262
YDL075W,YIL109C,0,4.2647343,0.30361026525497437,0.6823069453239441,0.16046908497810364
YIL066C,YDR148C,0,4.2646437,0.30347827076911926,0.6823069453239441,0.16056931018829346
YDR175C,YNL210W,0,4.26422,0.3033463656902313,0.6823069453239441,0.16066953539848328
YLR027C,YBR018C,0,4.2638474,0.3032146096229553,0.6823069453239441,0.1607697755098343
YDR135C,YJR134C,0,4.263506,0.3030829429626465,0.6823069453239441,0.1608700007200241
YNL210W,YDR317W,0,4.262388,0.3029513955116272,0.6823069453239441,0.16097022593021393
YJL028W,YJR025C,0,4.2601967,0.30281996726989746,0.6823069453239441,0.16107046604156494
YOR037W,YAL048C,0,4.258227,0.3026886284351349,0.6823069453239441,0.16117069125175476
YMR006C,YLR118C,0,4.25557,0.30255743861198425,0.6823069453239441,0.16127091646194458
YML133C,YPL097W,0,4.2546854,0.3024263381958008,0.6823069453239441,0.1613711565732956
YDR205W,YNL275W,1,4.2541695,0.30272844433784485,0.6832844614982605,0.1613711565732956
YIL004C,YKL026C,0,4.253505,0.30259740352630615,0.6832844614982605,0.1614713817834854
YKL064W,YBR069C,1,4.2527666,0.30289918184280396,0.6842619776725769,0.1614713817834854
YGR235C,YGL213C,0,4.2519245,0.30276817083358765,0.6842619776725769,0.16157162189483643
YLR167W,YJL091C,0,4.2510056,0.3026372790336609,0.6842619776725769,0.16167184710502625
YER070W,YLR237W,0,4.2495937,0.3025064766407013,0.6842619776725769,0.16177207231521606
YKL107W,YGL028C,0,4.248864,0.30237582325935364,0.6842619776725769,0.16187231242656708
YPL130W,YGR046W,0,4.247497,0.30224525928497314,0.6842619776725769,0.1619725376367569
YLR035C-A,YCR005C,0,4.2473702,0.3021148145198822,0.6842619776725769,0.16207276284694672
YPR165W,YER071C,0,4.246176,0.3019844591617584,0.6842619776725769,0.16217300295829773
YNL217W,YDR307W,0,4.245788,0.3018542528152466,0.6842619776725769,0.16227322816848755
YMR292W,YPL192C,0,4.245059,0.3017241358757019,0.6842619776725769,0.16237345337867737
YIL068C,YKL145W,0,4.2439957,0.3015941381454468,0.6842619776725769,0.16247369349002838
YDR534C,YGR257C,1,4.2436724,0.3018949329853058,0.6852394938468933,0.16247369349002838
YDR437W,YGL135W,0,4.2433105,0.30176496505737305,0.6852394938468933,0.1625739187002182
YHR120W,YDR302W,0,4.2427235,0.30163511633872986,0.6852394938468933,0.16267414391040802
YMR297W,YLR414C,0,4.241995,0.3015053868293762,0.6852394938468933,0.16277438402175903
YDR534C,YJR033C,0,4.2418528,0.30137574672698975,0.6852394938468933,0.16287460923194885
YLL062C,YDR345C,0,4.2406287,0.3012462258338928,0.6852394938468933,0.16297484934329987
YLR332W,YIR036C,0,4.2405605,0.30111682415008545,0.6852394938468933,0.16307507455348969
YBL020W,YBR036C,0,4.2402906,0.3009875416755676,0.6852394938468933,0.1631752997636795
YJR102C,YMR266W,0,4.237853,0.30085837841033936,0.6852394938468933,0.16327553987503052
YIL134W,YCR021C,1,4.2378244,0.3011583089828491,0.6862170100212097,0.16327553987503052
YML055W,YOR173W,0,4.236948,0.30102914571762085,0.6862170100212097,0.16337576508522034
YIL098C,YER144C,0,4.2358885,0.3009001314640045,0.6862170100212097,0.16347599029541016
YDR303C,YDL181W,0,4.232941,0.30077120661735535,0.6862170100212097,0.16357623040676117
YPL149W,YEL013W,0,4.2326946,0.3006424009799957,0.6862170100212097,0.163676455616951
YGR082W,YDR027C,0,4.2324705,0.30051368474960327,0.6862170100212097,0.1637766808271408
YMR034C,YDR377W,1,4.2322416,0.3008130192756653,0.6871945261955261,0.1637766808271408
YCR071C,YPR154W,0,4.2321672,0.3006843328475952,0.6871945261955261,0.16387692093849182
YKL002W,YPL012W,0,4.229517,0.3005557954311371,0.6871945261955261,0.16397714614868164
YER166W,YBR290W,1,4.2291403,0.30085471272468567,0.6881720423698425,0.16397714614868164
YML013W,YLR363C,0,4.2275233,0.30072617530822754,0.6881720423698425,0.16407737135887146
YOR044W,YPR186C,0,4.227015,0.30059778690338135,0.6881720423698425,0.16417761147022247
YMR177W,YDL100C,1,4.2236943,0.3008962869644165,0.6891495585441589,0.16417761147022247
YOR307C,YNR038W,0,4.2229652,0.3007679283618927,0.6891495585441589,0.1642778366804123
YDR065W,YGL028C,0,4.2221475,0.30063965916633606,0.6891495585441589,0.1643780767917633
YIL043C,YGR083C,0,4.221651,0.30051150918006897,0.6891495585441589,0.16447830200195312
YPL262W,YMR135C,0,4.221602,0.30038347840309143,0.6891495585441589,0.16457852721214294
YLR056W,YNL029C,0,4.2211823,0.30025553703308105,0.6891495585441589,0.16467876732349396
YOR288C,YDL101C,0,4.218852,0.30012771487236023,0.6891495585441589,0.16477899253368378
YKL064W,YGR257C,1,4.21746,0.30042552947998047,0.6901270747184753,0.16477899253368378
YHL001W,YGR256W,0,4.217375,0.30029773712158203,0.6901270747184753,0.1648792177438736
YER185W,YNL321W,1,4.2173357,0.300595223903656,0.6911045908927917,0.1648792177438736
YDL128W,YNL275W,1,4.2167807,0.3008924722671509,0.6920821070671082,0.1648792177438736
YKL209C,YGR087C,0,4.2165256,0.30076465010643005,0.6920821070671082,0.1649794578552246
YPR192W,YKL032C,0,4.215681,0.3006369471549988,0.6920821070671082,0.16507968306541443
YEL062W,YML081C-A,1,4.2146673,0.3009337782859802,0.6930596232414246,0.16507968306541443
YPR067W,YOR347C,0,4.2123756,0.30080610513687134,0.6930596232414246,0.16517990827560425
YOR266W,YHL006C,0,4.2113557,0.300678551197052,0.6930596232414246,0.16528014838695526
YDL138W,YOR100C,0,4.2111554,0.30055108666419983,0.6930596232414246,0.16538037359714508
YHL026C,YHL032C,0,4.209306,0.3004237413406372,0.6930596232414246,0.1654805988073349
YER144C,YOR306C,0,4.208413,0.30029648542404175,0.6930596232414246,0.1655808389186859
YNL081C,YLL042C,0,4.2082987,0.30016934871673584,0.6930596232414246,0.16568106412887573
YER026C,YOR136W,0,4.2076435,0.3000423312187195,0.6930596232414246,0.16578130424022675
YMR302C,YMR257C,0,4.2053766,0.2999154031276703,0.6930596232414246,0.16588152945041656
YDR069C,YML037C,0,4.2044125,0.29978859424591064,0.6930596232414246,0.16598175466060638
YDR256C,YBR087W,0,4.203889,0.29966187477111816,0.6930596232414246,0.1660819947719574
YLR292C,YJL186W,0,4.2038574,0.29953527450561523,0.6930596232414246,0.16618221998214722
YMR052W,YDR139C,0,4.201908,0.29940879344940186,0.6930596232414246,0.16628244519233704
YNL137C,YIL056W,0,4.20092,0.29928240180015564,0.6930596232414246,0.16638268530368805
YOL016C,YLR040C,0,4.2001886,0.299156129360199,0.6930596232414246,0.16648291051387787
YIL072W,YMR014W,0,4.199562,0.2990299463272095,0.6930596232414246,0.1665831357240677
YKL081W,YER026C,0,4.19953,0.2989038825035095,0.6930596232414246,0.1666833758354187
YER091C,YKL040C,0,4.1975365,0.29877790808677673,0.6930596232414246,0.16678360104560852
YLR174W,YLR385C,0,4.1968703,0.2986520528793335,0.6930596232414246,0.16688382625579834
YIL114C,YCR024C-A,1,4.1957603,0.29894736409187317,0.694037139415741,0.16688382625579834
YPR180W,YGL255W,0,4.1957397,0.2988215386867523,0.694037139415741,0.16698406636714935
YJR117W,YMR287C,0,4.1953254,0.298695832490921,0.694037139415741,0.16708429157733917
YNL321W,YGL222C,0,4.194396,0.2985702157020569,0.694037139415741,0.16718453168869019
YOR044W,YPR071W,0,4.193145,0.2984447181224823,0.694037139415741,0.16728475689888
YOL033W,YGL058W,0,4.192952,0.29831933975219727,0.694037139415741,0.16738498210906982
YHR102W,YGR234W,0,4.192914,0.2981940507888794,0.694037139415741,0.16748522222042084
YKL077W,YGR283C,0,4.1921144,0.2980688512325287,0.694037139415741,0.16758544743061066
YLR332W,YPR181C,0,4.1917605,0.29794377088546753,0.694037139415741,0.16768567264080048
YOL033W,YKL062W,0,4.191537,0.29781877994537354,0.694037139415741,0.1677859127521515
YDL120W,YOR172W,0,4.1891375,0.2976939082145691,0.694037139415741,0.1678861379623413
YMR052W,YHR042W,0,4.188878,0.2975691556930542,0.694037139415741,0.16798636317253113
YGL002W,YPR156C,0,4.1866293,0.29744449257850647,0.694037139415741,0.16808660328388214
YDR129C,YEL027W,0,4.1855,0.2973199188709259,0.694037139415741,0.16818682849407196
YPR067W,YOR358W,0,4.184968,0.2971954941749573,0.694037139415741,0.16828705370426178
YKL150W,YJL154C,0,4.1844745,0.2970711290836334,0.694037139415741,0.1683872938156128
YNR030W,YJR139C,0,4.184011,0.2969468832015991,0.694037139415741,0.1684875190258026
YER045C,YBR023C,0,4.18398,0.29682275652885437,0.694037139415741,0.16858775913715363
YOR288C,YLR196W,0,4.1823244,0.2966987192630768,0.694037139415741,0.16868798434734344
YGR035C,YNR070W,0,4.1821785,0.29657477140426636,0.694037139415741,0.16878820955753326
YOR384W,YJR158W,0,4.181094,0.2964509427547455,0.694037139415741,0.16888844966888428
YBR001C,YMR208W,0,4.1802673,0.2963272035121918,0.694037139415741,0.1689886748790741
YNR075W,YDR531W,0,4.180137,0.2962035834789276,0.694037139415741,0.16908890008926392
YGR256W,YNL308C,0,4.178227,0.2960800528526306,0.694037139415741,0.16918914020061493
YLR411W,YEL027W,1,4.1780014,0.29637348651885986,0.6950146555900574,0.16918914020061493
YIL023C,YBR127C,1,4.177782,0.2966666519641876,0.6959921717643738,0.16918914020061493
YBR019C,YIL075C,0,4.1777334,0.2965431213378906,0.6959921717643738,0.16928936541080475
YDR190C,YNL055C,0,4.1760845,0.2964196503162384,0.6959921717643738,0.16938959062099457
YLR138W,YJL094C,1,4.1754537,0.2967124283313751,0.6969696879386902,0.16938959062099457
YIL074C,YDL014W,0,4.1742687,0.2965890169143677,0.6969696879386902,0.16948983073234558
YHL004W,YNL164C,0,4.173748,0.2964656949043274,0.6969696879386902,0.1695900559425354
YPL249C,YLR081W,0,4.173167,0.2963424623012543,0.6969696879386902,0.16969028115272522
YKL195W,YIL144W,0,4.173079,0.2962193489074707,0.6969696879386902,0.16979052126407623
YPR112C,YMR236W,0,4.172266,0.2960963547229767,0.6969696879386902,0.16989074647426605
YOR088W,YOL020W,1,4.1711397,0.29638853669166565,0.6979472041130066,0.16989074647426605
YOR088W,YBR054W,1,4.1707273,0.2966805100440979,0.698924720287323,0.16989074647426605
YDL066W,YPL236C,0,4.170439,0.2965574562549591,0.698924720287323,0.16999098658561707
YPL132W,YOR273C,0,4.1698756,0.2964344918727875,0.698924720287323,0.17009121179580688
YLR372W,YDL168W,0,4.1694226,0.2963116466999054,0.698924720287323,0.1701914370059967
YOL055C,YPL076W,0,4.1690464,0.2961888909339905,0.698924720287323,0.17029167711734772
YKL043W,YBR050C,0,4.1686554,0.2960662543773651,0.698924720287323,0.17039190232753754
YLR276C,YLR013W,0,4.1682587,0.2959437072277069,0.698924720287323,0.17049212753772736
YOR321W,YNR038W,0,4.167451,0.29582127928733826,0.698924720287323,0.17059236764907837
YHL028W,YPL214C,0,4.166494,0.2956989109516144,0.698924720287323,0.1706925928592682
YOR231W,YDL210W,0,4.165531,0.29557669162750244,0.698924720287323,0.170792818069458
YNL014W,YKR007W,0,4.1642365,0.2954545319080353,0.698924720287323,0.17089305818080902
YOR088W,YFL041W,1,4.1634207,0.2957455515861511,0.6999022364616394,0.17089305818080902
YIR031C,YKR089C,0,4.163138,0.29562345147132874,0.6999022364616394,0.17099328339099884
YLR220W,YOR241W,0,4.1630235,0.2955014407634735,0.6999022364616394,0.17109350860118866
YLR189C,YPR071W,0,4.162716,0.29537954926490784,0.6999022364616394,0.17119374871253967
YGL139W,YMR121C,0,4.1626816,0.29525771737098694,0.6999022364616394,0.1712939739227295
YML045W,YLR399C,0,4.16232,0.295136034488678,0.6999022364616394,0.1713942140340805
YMR274C,YJL021C,0,4.161987,0.2950144112110138,0.6999022364616394,0.17149443924427032
YPL234C,YLR385C,0,4.1619797,0.29489290714263916,0.6999022364616394,0.17159466445446014
YDL018C,YLR126C,0,4.1614094,0.2947715222835541,0.6999022364616394,0.17169490456581116
YNR056C,YIR019C,0,4.1599693,0.29465019702911377,0.6999022364616394,0.17179512977600098
YLR186W,YOR383C,0,4.1596866,0.294528990983963,0.6999022364616394,0.1718953549861908
YPL095C,YGR254W,0,4.1587934,0.2944079041481018,0.6999022364616394,0.1719955950975418
YBL003C,YGR295C,0,4.1576004,0.2942868769168854,0.6999022364616394,0.17209582030773163
YFL062W,YGR202C,0,4.157143,0.2941659688949585,0.6999022364616394,0.17219604551792145
YKR049C,YLL001W,0,4.1561,0.29404518008232117,0.6999022364616394,0.17229628562927246
YCR094W,YOR096W,0,4.15584,0.293924480676651,0.6999022364616394,0.17239651083946228
YLR433C,YKL018W,0,4.1558123,0.293803870677948,0.6999022364616394,0.1724967360496521
YJR075W,YLR097C,0,4.1554585,0.29368335008621216,0.6999022364616394,0.1725969761610031
YKL220C,YJL109C,0,4.1545525,0.29356294870376587,0.6999022364616394,0.17269720137119293
YBL013W,YHR024C,0,4.154336,0.29344263672828674,0.6999022364616394,0.17279744148254395
YIL037C,YGR142W,0,4.1535044,0.2933224141597748,0.6999022364616394,0.17289766669273376
YDL178W,YBL082C,0,4.1527514,0.29320228099823,0.6999022364616394,0.17299789190292358
YDR256C,YNL299W,0,4.148345,0.29308226704597473,0.6999022364616394,0.1730981320142746
YPL103C,YGL249W,0,4.1474257,0.29296234250068665,0.6999022364616394,0.17319835722446442
YLL042C,YDR430C,0,4.14723,0.2928425371646881,0.6999022364616394,0.17329858243465424
YOR175C,YDR165W,0,4.145957,0.29272282123565674,0.6999022364616394,0.17339882254600525
YCL069W,YHR019C,0,4.1434073,0.29260319471359253,0.6999022364616394,0.17349904775619507
YDL120W,YOL152W,1,4.1433096,0.2928921580314636,0.7008797526359558,0.17349904775619507
YGL089C,YJL021C,0,4.142313,0.2927725613117218,0.7008797526359558,0.1735992729663849
YER019W,YER106W,0,4.14227,0.29265305399894714,0.7008797526359558,0.1736995130777359
YPR100W,YOL069W,0,4.141629,0.29253366589546204,0.7008797526359558,0.17379973828792572
YGR292W,YOL017W,0,4.14128,0.2924143671989441,0.7008797526359558,0.17389996349811554
YKL195W,YDR092W,0,4.1412153,0.2922951579093933,0.7008797526359558,0.17400020360946655
YDR434W,YBR181C,0,4.140686,0.2921760380268097,0.7008797526359558,0.17410042881965637
YKL175W,YOR382W,1,4.139187,0.29246434569358826,0.7018572688102722,0.17410042881965637
YBR240C,YJR025C,0,4.1376276,0.2923452854156494,0.7018572688102722,0.17420066893100739
YOR088W,YDL206W,1,4.137417,0.2926332950592041,0.7028347849845886,0.17420066893100739
YHL018W,YLR226W,0,4.137252,0.29251423478126526,0.7028347849845886,0.1743008941411972
YER053C,YLR047C,1,4.134412,0.29280194640159607,0.703812301158905,0.1743008941411972
YER180C,YDR529C,0,4.1339107,0.2926829159259796,0.703812301158905,0.17440111935138702
YOR088W,YKR094C,0,4.1332655,0.2925640046596527,0.703812301158905,0.17450135946273804
YGR166W,YMR231W,0,4.132104,0.2924451529979706,0.703812301158905,0.17460158467292786
YBR104W,YOL017W,0,4.130274,0.292326420545578,0.703812301158905,0.17470180988311768
YPR128C,YDR298C,1,4.130151,0.2926136255264282,0.7047898173332214,0.17470180988311768
YLR229C,YDR513W,0,4.1298084,0.29249492287635803,0.7047898173332214,0.1748020499944687
YDR238C,YGR024C,0,4.1297174,0.292376309633255,0.7047898173332214,0.1749022752046585
YBR186W,YIL070C,0,4.1289206,0.29225781559944153,0.7047898173332214,0.17500250041484833
YLL042C,YLR324W,0,4.1285567,0.2921393811702728,0.7047898173332214,0.17510274052619934
YOR088W,YLL028W,1,4.1263533,0.29242607951164246,0.7057673335075378,0.17510274052619934
YOR250C,YEL048C,0,4.125321,0.29230770468711853,0.7057673335075378,0.17520296573638916
YER070W,YHL022C,0,4.1253085,0.2921893894672394,0.7057673335075378,0.17530319094657898
YCL019W,YGR241C,0,4.1244493,0.2920711934566498,0.7057673335075378,0.17540343105793
YER184C,YFL003C,0,4.123567,0.29195308685302734,0.7057673335075378,0.1755036562681198
YER145C,YLR411W,1,4.1233006,0.2922392785549164,0.7067448496818542,0.1755036562681198
YEL006W,YNL315C,0,4.1224685,0.29212120175361633,0.7067448496818542,0.17560389637947083
YGL089C,YDR044W,0,4.121962,0.29200324416160583,0.7067448496818542,0.17570412158966064
YBR298C,YHR200W,0,4.1218457,0.2918853461742401,0.7067448496818542,0.17580434679985046
YCR072C,YMR056C,0,4.1194057,0.29176756739616394,0.7067448496818542,0.17590458691120148
YLR175W,YPL265W,0,4.1186647,0.29164984822273254,0.7067448496818542,0.1760048121213913
YMR202W,YLR010C,0,4.118495,0.2915322482585907,0.7067448496818542,0.17610503733158112
YGR026W,YAL035W,0,4.117311,0.291414737701416,0.7067448496818542,0.17620527744293213
YKL039W,YDR399W,0,4.1171703,0.2912973463535309,0.7067448496818542,0.17630550265312195
YKL222C,YNR033W,0,4.116588,0.2911800146102905,0.7067448496818542,0.17640572786331177
YJL003W,YDR002W,0,4.115683,0.2910628020763397,0.7067448496818542,0.17650596797466278
YBR180W,YOR396W,0,4.1147556,0.2909456789493561,0.7067448496818542,0.1766061931848526
YOL086W-A,YNL221C,0,4.1147556,0.2908286452293396,0.7067448496818542,0.17670641839504242
YPR018W,YER053C-A,0,4.1147556,0.2907117009162903,0.7067448496818542,0.17680665850639343
YGL258W-A,YBL080C,0,4.1147556,0.29059484601020813,0.7067448496818542,0.17690688371658325
YGL258W-A,YER027C,0,4.1147556,0.2904781103134155,0.7067448496818542,0.17700710892677307
YGL258W-A,YNL096C,0,4.1147556,0.2903614342212677,0.7067448496818542,0.17710734903812408
YOR396W,YLR109W,0,4.1147556,0.2902448773384094,0.7067448496818542,0.1772075742483139
YLR019W,YOR396W,0,4.1147556,0.2901284098625183,0.7067448496818542,0.17730781435966492
YOR088W,YJR135W-A,0,4.1147556,0.29001203179359436,0.7067448496818542,0.17740803956985474
YOR278W,YOR396W,0,4.1147556,0.2898957431316376,0.7067448496818542,0.17750826478004456
YOL086W-A,YMR224C,0,4.1147556,0.28977957367897034,0.7067448496818542,0.17760850489139557
YOL156W,YBR058C-A,0,4.1147556,0.2896634638309479,0.7067448496818542,0.1777087301015854
YMR306W,YBL071W-A,0,4.1147556,0.2895474433898926,0.7067448496818542,0.1778089553117752
YFL053W,YOL086W-A,0,4.1147556,0.28943154215812683,0.7067448496818542,0.17790919542312622
YGR059W,YOR396W,0,4.1147556,0.28931573033332825,0.7067448496818542,0.17800942063331604
YOR396W,YJR109C,0,4.1147556,0.2892000079154968,0.7067448496818542,0.17810964584350586
YOL086W-A,YMR071C,0,4.1147556,0.28908437490463257,0.7067448496818542,0.17820988595485687
YPL274W,YFL041W,1,4.114306,0.28936851024627686,0.7077223658561707,0.17820988595485687
YGR224W,YDR205W,1,4.113157,0.28965240716934204,0.7086998820304871,0.17820988595485687
YHL026C,YNL191W,0,4.1111674,0.2895367443561554,0.7086998820304871,0.1783101111650467
YDR045C,YFR025C,0,4.1100183,0.2894211709499359,0.7086998820304871,0.1784103363752365
YAL007C,YMR067C,0,4.108413,0.2893056571483612,0.7086998820304871,0.17851057648658752
YKR039W,YDR341C,0,4.1081877,0.28919026255607605,0.7086998820304871,0.17861080169677734
YFL002W-A,YDR270W,0,4.1076965,0.28907495737075806,0.7086998820304871,0.17871104180812836
YPL159C,YLR234W,0,4.107366,0.2889597415924072,0.7086998820304871,0.17881126701831818
YGL033W,YDL144C,0,4.1064677,0.28884461522102356,0.7086998820304871,0.178911492228508
YOR214C,YPL016W,0,4.102849,0.28872957825660706,0.7086998820304871,0.179011732339859
YKL212W,YNL292W,0,4.1015444,0.2886146605014801,0.7086998820304871,0.17911195755004883
YIL101C,YJL113W,0,4.1015377,0.2884998023509979,0.7086998820304871,0.17921218276023865
YOR088W,YPR199C,0,4.100551,0.2883850336074829,0.7086998820304871,0.17931242287158966
YFL011W,YDR079C-A,0,4.100388,0.28827038407325745,0.7086998820304871,0.17941264808177948
YOL027C,YPR128C,1,4.0999603,0.28855326771736145,0.7096773982048035,0.17941264808177948
YKL181W,YGR289C,0,4.0999575,0.288438618183136,0.7096773982048035,0.1795128732919693
YGR067C,YKL152C,0,4.09875,0.2883240580558777,0.7096773982048035,0.1796131134033203
YNR061C,YBR254C,0,4.098485,0.28820961713790894,0.7096773982048035,0.17971333861351013
YOR381W,YJL121C,0,4.0979247,0.28809523582458496,0.7096773982048035,0.17981356382369995
YNR008W,YKR046C,0,4.0967865,0.28798097372055054,0.7096773982048035,0.17991380393505096
YBR299W,YJL018W,0,4.0948915,0.2878667712211609,0.7096773982048035,0.18001402914524078
YLL027W,YJR077C,1,4.094869,0.28814902901649475,0.7106549143791199,0.18001402914524078
YDR349C,YLR056W,0,4.0946555,0.2880348563194275,0.7106549143791199,0.1801142692565918
YDL247W,YIR021W,0,4.0935845,0.2879208028316498,0.7106549143791199,0.18021449446678162
YGL206C,YJL162C,0,4.0930047,0.28780680894851685,0.7106549143791199,0.18031471967697144
YJL093C,YEL065W,1,4.0918746,0.2880886495113373,0.7116324305534363,0.18031471967697144
YOR245C,YNL101W,0,4.0899963,0.28797468543052673,0.7116324305534363,0.18041495978832245
YDR019C,YNR026C,0,4.0879884,0.28786081075668335,0.7116324305534363,0.18051518499851227
YOR088W,YBL030C,1,4.085578,0.28814229369163513,0.7126099467277527,0.18051518499851227
YDL049C,YDL025C,0,4.0855675,0.28802844882011414,0.7126099467277527,0.1806154102087021
YJL094C,YDR270W,1,4.084201,0.28830963373184204,0.7135874629020691,0.1806154102087021
YCR079W,YAL010C,0,4.0838704,0.28819581866264343,0.7135874629020691,0.1807156503200531
YML125C,YBR188C,0,4.083021,0.288082093000412,0.7135874629020691,0.18081587553024292
YFL039C,YCL017C,0,4.0828633,0.2879684269428253,0.7135874629020691,0.18091610074043274
YPL072W,YDR388W,0,4.0828195,0.2878548800945282,0.7135874629020691,0.18101634085178375
YLR130C,YGR191W,1,4.0826974,0.2881355881690979,0.7145649790763855,0.18101634085178375
YLR035C-A,YBR036C,0,4.082562,0.28802207112312317,0.7145649790763855,0.18111656606197357
YBR168W,YNL038W,0,4.0811443,0.2879086136817932,0.7145649790763855,0.1812167912721634
YNL256W,YKL040C,0,4.0795665,0.2877952754497528,0.7145649790763855,0.1813170313835144
YCL033C,YDR511W,0,4.078815,0.28768202662467957,0.7145649790763855,0.18141725659370422
YOL157C,YAL034W-A,0,4.0783687,0.2875688374042511,0.7145649790763855,0.18151749670505524
YIL173W,YOR065W,0,4.0768795,0.2874557673931122,0.7145649790763855,0.18161772191524506
YDR538W,YKL197C,0,4.0767,0.28734275698661804,0.7145649790763855,0.18171794712543488
YHR001W,YJL021C,0,4.075975,0.28722986578941345,0.7145649790763855,0.1818181872367859
YHR136C,YBL100W-B,0,4.074203,0.28711703419685364,0.7145649790763855,0.1819184124469757
YER053C,YJL041W,0,4.0734878,0.2870043218135834,0.7145649790763855,0.18201863765716553
YOL126C,YDR244W,0,4.071686,0.2868916690349579,0.7145649790763855,0.18211887776851654
YML025C,YDR482C,0,4.0715203,0.28677913546562195,0.7145649790763855,0.18221910297870636
YNR039C,YMR319C,1,4.0707874,0.28705883026123047,0.7155424952507019,0.18221910297870636
YMR282C,YOR047C,0,4.069809,0.28694629669189453,0.7155424952507019,0.18231932818889618
YOR088W,YDR534C,1,4.0696883,0.2872256934642792,0.7165200114250183,0.18231932818889618
YFL022C,YPL053C,0,4.0695057,0.2871131896972656,0.7165200114250183,0.1824195683002472
YIL040W,YHR121W,0,4.0662003,0.28700077533721924,0.7165200114250183,0.182519793510437
YGR224W,YNL321W,1,4.0661855,0.2872798442840576,0.7174975275993347,0.182519793510437
YMR307W,YBR302C,0,4.065865,0.2871674597263336,0.7174975275993347,0.18262001872062683
YDR447C,YFL052W,0,4.065432,0.2870551347732544,0.7174975275993347,0.18272025883197784
YLR355C,YML048W,0,4.064229,0.2869429290294647,0.7174975275993347,0.18282048404216766
YJL207C,YJR088C,0,4.061148,0.2868307828903198,0.7174975275993347,0.18292072415351868
YOR251C,YDR033W,1,4.060467,0.287109375,0.7184750437736511,0.18292072415351868
YKL191W,YLR176C,0,4.059324,0.2869972586631775,0.7184750437736511,0.1830209493637085
YPR128C,YHR020W,0,4.059266,0.28688523173332214,0.7184750437736511,0.18312117457389832
YMR306W,YOR092W,0,4.0592384,0.28677332401275635,0.7184750437736511,0.18322141468524933
YOR119C,YJR121W,0,4.058243,0.2866614758968353,0.7184750437736511,0.18332163989543915
YOL128C,YOL109W,0,4.057522,0.28654971718788147,0.7184750437736511,0.18342186510562897
YPR145W,YLR399C,0,4.057113,0.2864380478858948,0.7184750437736511,0.18352210521697998
YGR292W,YDR101C,0,4.055161,0.28632643818855286,0.7184750437736511,0.1836223304271698
YCR008W,YNL194C,0,4.055159,0.2862149477005005,0.7184750437736511,0.18372255563735962
YJR117W,YDR238C,0,4.0551043,0.2861035466194153,0.7184750437736511,0.18382279574871063
YOR332W,YBR106W,1,4.052252,0.286381334066391,0.7194526195526123,0.18382279574871063
YLR348C,YIL023C,1,4.051833,0.2866588830947876,0.7204301357269287,0.18382279574871063
YER166W,YLR074C,0,4.0517154,0.2865474224090576,0.7204301357269287,0.18392302095890045
YNL093W,YOR049C,0,4.051447,0.2864360809326172,0.7204301357269287,0.18402324616909027
YGR030C,YOR192C,0,4.050494,0.28632479906082153,0.7204301357269287,0.18412348628044128
YLR054C,YCR018C,0,4.0504837,0.28621360659599304,0.7204301357269287,0.1842237114906311
YNL331C,YNL119W,0,4.050377,0.2861024737358093,0.7204301357269287,0.18432395160198212
YNL300W,YER019W,0,4.049858,0.28599146008491516,0.7204301357269287,0.18442417681217194
YOR348C,YNR019W,0,4.0496435,0.28588053584098816,0.7204301357269287,0.18452440202236176
YGR082W,YBR044C,0,4.049479,0.28576967120170593,0.7204301357269287,0.18462464213371277
YBR295W,YGR234W,0,4.046898,0.28565892577171326,0.7204301357269287,0.1847248673439026
YDR376W,YJL089W,0,4.046275,0.28554823994636536,0.7204301357269287,0.1848250925540924
YNL263C,YPR131C,0,4.043416,0.2854376435279846,0.7204301357269287,0.18492533266544342
YNR061C,YDL132W,0,4.0430946,0.28532713651657104,0.7204301357269287,0.18502555787563324
YIL053W,YMR280C,0,4.0425067,0.28521671891212463,0.7204301357269287,0.18512578308582306
YNL063W,YKL125W,0,4.0401235,0.2851063907146454,0.7204301357269287,0.18522602319717407
YDL137W,YPR008W,0,4.0379734,0.2849961221218109,0.7204301357269287,0.1853262484073639
YNR075W,YJL014W,0,4.037812,0.284885972738266,0.7204301357269287,0.1854264736175537
YPL010W,YNL244C,0,4.0368023,0.28477588295936584,0.7204301357269287,0.18552671372890472
YKL062W,YLR040C,0,4.0352926,0.28466588258743286,0.7204301357269287,0.18562693893909454
YFL055W,YML038C,0,4.0349603,0.28455597162246704,0.7204301357269287,0.18572717905044556
YBR295W,YDR205W,1,4.033916,0.2848321199417114,0.7214076519012451,0.18572717905044556
YDR009W,YJR001W,0,4.033793,0.2847222089767456,0.7214076519012451,0.18582740426063538
YML037C,YJL136C,0,4.0315657,0.28461241722106934,0.7214076519012451,0.1859276294708252
YNR056C,YCR035C,0,4.0312366,0.28450268507003784,0.7214076519012451,0.1860278695821762
YPL092W,YKL146W,0,4.030723,0.2843930721282959,0.7214076519012451,0.18612809479236603
YIL137C,YER146W,0,4.0290623,0.28428351879119873,0.7214076519012451,0.18622832000255585
YIL023C,YOR083W,0,4.027952,0.2841740548610687,0.7214076519012451,0.18632856011390686
YER082C,YDR225W,0,4.0271873,0.2840646505355835,0.7214076519012451,0.18642878532409668
YDR050C,YGR254W,0,4.0262923,0.2839553654193878,0.7214076519012451,0.1865290105342865
YOL052C-A,YGL142C,0,4.0249424,0.2838461399078369,0.7214076519012451,0.1866292506456375
YJL102W,YLR090W,0,4.0233912,0.28373703360557556,0.7214076519012451,0.18672947585582733
YIL070C,YNL272C,0,4.022581,0.283627986907959,0.7214076519012451,0.18682970106601715
YGL156W,YDL184C,0,4.02084,0.28351902961730957,0.7214076519012451,0.18692994117736816
YOL033W,YGR075C,0,4.0201426,0.28341013193130493,0.7214076519012451,0.18703016638755798
YPR181C,YLR265C,0,4.019421,0.28330135345458984,0.7214076519012451,0.187130406498909
YOR133W,YGR074W,0,4.0188475,0.28319263458251953,0.7214076519012451,0.18723063170909882
YBR221C,YPR032W,0,4.018817,0.2830840051174164,0.7214076519012451,0.18733085691928864
YDL100C,YBL031W,0,4.0174537,0.2829754650592804,0.7214076519012451,0.18743109703063965
YGL192W,YBR191W,0,4.0173373,0.2828669846057892,0.7214076519012451,0.18753132224082947
YFL050C,YOR071C,1,4.0167103,0.28314176201820374,0.7223851680755615,0.18753132224082947
YGL012W,YJR052W,0,4.0153646,0.2830333113670349,0.7223851680755615,0.1876315474510193
YPR037C,YKR038C,0,4.0136995,0.28292495012283325,0.7223851680755615,0.1877317875623703
YPL270W,YGR075C,0,4.013128,0.28281667828559875,0.7223851680755615,0.18783201277256012
YPL063W,YFR025C,0,4.013036,0.2827084958553314,0.7223851680755615,0.18793223798274994
YPR121W,YDR298C,0,4.0125976,0.28260037302970886,0.7223851680755615,0.18803247809410095
YJL212C,YHR062C,0,4.01195,0.28249236941337585,0.7223851680755615,0.18813270330429077
YKL165C,YBR069C,1,4.010511,0.28276652097702026,0.7233626842498779,0.18813270330429077
YHR105W,YDR320C-A,0,4.0093126,0.28265851736068726,0.7233626842498779,0.1882329285144806
YDR323C,YPL164C,0,4.0072055,0.2825506031513214,0.7233626842498779,0.1883331686258316
YER001W,YOR254C,0,4.007094,0.28244274854660034,0.7233626842498779,0.18843339383602142
YGR193C,YBR091C,0,4.0056906,0.28233498334884644,0.7233626842498779,0.18853363394737244
YJL181W,YDR322C-A,0,4.005285,0.2822273075580597,0.7233626842498779,0.18863385915756226
YNL048W,YHR028C,0,4.005223,0.2821197211742401,0.7233626842498779,0.18873408436775208
YAL003W,YKR064W,0,4.0050917,0.2820121943950653,0.7233626842498779,0.1888343244791031
YCR083W,YDR484W,0,4.002624,0.28190475702285767,0.7233626842498779,0.1889345496892929
YLL001W,YHR191C,0,4.0017715,0.2817974090576172,0.7233626842498779,0.18903477489948273
YDR084C,YNL325C,0,4.0017486,0.28169015049934387,0.7233626842498779,0.18913501501083374
YKL220C,YLR178C,0,4.000192,0.28158295154571533,0.7233626842498779,0.18923524022102356
YGL167C,YOR127W,0,3.9995697,0.28147584199905396,0.7233626842498779,0.18933546543121338
YMR158W,YNL268W,0,3.9988837,0.28136882185935974,0.7233626842498779,0.1894357055425644
YNL291C,YHR050W,1,3.9985693,0.28164196014404297,0.7243402004241943,0.1894357055425644
YER005W,YKL060C,0,3.9959352,0.28153494000434875,0.7243402004241943,0.1895359307527542
YPL268W,YBR035C,0,3.9941123,0.2814280390739441,0.7243402004241943,0.18963615596294403
YKL016C,YNL118C,0,3.9933715,0.2813211977481842,0.7243402004241943,0.18973639607429504
YIL072W,YLR035C-A,0,3.993314,0.2812144160270691,0.7243402004241943,0.18983662128448486
YER166W,YPR036W,1,3.9922206,0.2814871072769165,0.7253177165985107,0.18983662128448486
YLL053C,YDR251W,0,3.9920535,0.2813803553581238,0.7253177165985107,0.18993686139583588
YKR042W,YLR424W,0,3.9920173,0.2812736928462982,0.7253177165985107,0.1900370866060257
YMR175W,YOL020W,0,3.9918642,0.2811671197414398,0.7253177165985107,0.19013731181621552
YOR384W,YJR134C,0,3.9912336,0.2810606062412262,0.7253177165985107,0.19023755192756653
YDR107C,YMR298W,0,3.9897048,0.28095418214797974,0.7253177165985107,0.19033777713775635
YNL066W,YML054C,0,3.9891772,0.28084784746170044,0.7253177165985107,0.19043800234794617
YGR266W,YEL017C-A,0,3.9883518,0.2807415723800659,0.7253177165985107,0.19053824245929718
YKL064W,YHR175W,1,3.9863956,0.2810136079788208,0.7262952327728271,0.19053824245929718
YNL128W,YDL081C,0,3.9851239,0.28090736269950867,0.7262952327728271,0.190638467669487
YPL036W,YGR191W,1,3.9833457,0.28117913007736206,0.7272727489471436,0.190638467669487
YDR495C,YDR456W,0,3.9827354,0.2810729146003723,0.7272727489471436,0.19073869287967682
YDL195W,YMR118C,0,3.98234,0.28096675872802734,0.7272727489471436,0.19083893299102783
YDR261C,YGR257C,0,3.9820106,0.28086069226264954,0.7272727489471436,0.19093915820121765
YNL130C,YNR073C,0,3.9819164,0.2807547152042389,0.7272727489471436,0.19103938341140747
YML061C,YLR382C,0,3.9814768,0.280648797750473,0.7272727489471436,0.19113962352275848
YIL015W,YDR248C,0,3.9808328,0.2805429995059967,0.7272727489471436,0.1912398487329483
YCR069W,YLR067C,0,3.9806392,0.2804372310638428,0.7272727489471436,0.19134008884429932
YJR109C,YBR135W,0,3.980013,0.2803315818309784,0.7272727489471436,0.19144031405448914
YNR060W,YDR377W,1,3.9763222,0.2806026339530945,0.72825026512146,0.19144031405448914
YJL208C,YCR008W,0,3.9758306,0.2804969847202301,0.72825026512146,0.19154053926467896
YFR030W,YER006W,0,3.9750497,0.2803914248943329,0.72825026512146,0.19164077937602997
YBR235W,YAL048C,0,3.9749422,0.28028592467308044,0.72825026512146,0.1917410045862198
YHR210C,YDR116C,0,3.974281,0.28018051385879517,0.72825026512146,0.1918412297964096
YHR050W,YGR207C,0,3.9738982,0.28007519245147705,0.72825026512146,0.19194146990776062
YML016C,YOR133W,0,3.972787,0.2799699306488037,0.72825026512146,0.19204169511795044
YBR235W,YDL210W,0,3.9714468,0.27986475825309753,0.72825026512146,0.19214192032814026
YPL132W,YGR086C,0,3.971296,0.2797596752643585,0.72825026512146,0.19224216043949127
YGR287C,YLL067C,0,3.9701715,0.2796546518802643,0.72825026512146,0.1923423856496811
YIL111W,YPL076W,0,3.967466,0.2795497179031372,0.72825026512146,0.1924426108598709
YBR273C,YPL174C,0,3.9672527,0.2794448733329773,0.72825026512146,0.19254285097122192
YLR092W,YEL017C-A,1,3.9654448,0.27971503138542175,0.7292277812957764,0.19254285097122192
YBL038W,YJR118C,0,3.9631507,0.27961018681526184,0.7292277812957764,0.19264307618141174
YLR293C,YLR194C,0,3.9630957,0.2795054316520691,0.7292277812957764,0.19274331629276276
YDL018C,YBL021C,0,3.9625053,0.2794007360935211,0.7292277812957764,0.19284354150295258
YER078C,YGR195W,0,3.962342,0.2792961299419403,0.7292277812957764,0.1929437667131424
YLR089C,YOR205C,0,3.9621177,0.27919161319732666,0.7292277812957764,0.1930440068244934
YPR181C,YBL075C,0,3.9616206,0.2790871560573578,0.7292277812957764,0.19314423203468323
YMR177W,YNR012W,0,3.9615233,0.2789827883243561,0.7292277812957764,0.19324445724487305
YJR064W,YML131W,0,3.9613733,0.27887850999832153,0.7292277812957764,0.19334469735622406
YOR087W,YNL055C,1,3.960581,0.2791479825973511,0.7302052974700928,0.19334469735622406
YBR162W-A,YER007C-A,0,3.959089,0.27904370427131653,0.7302052974700928,0.19344492256641388
YJL129C,YPR128C,1,3.9580443,0.2793129086494446,0.7311828136444092,0.19344492256641388
YBR029C,YHL015W,0,3.956188,0.2792086601257324,0.7311828136444092,0.1935451477766037
YGR121C,YNL233W,0,3.9533782,0.27910447120666504,0.7311828136444092,0.1936453878879547
YKR059W,YER096W,0,3.9527595,0.2790003716945648,0.7311828136444092,0.19374561309814453
YMR177W,YLR143W,0,3.9517472,0.2788963317871094,0.7311828136444092,0.19384583830833435
YOL088C,YNR024W,0,3.9478467,0.2787924110889435,0.7311828136444092,0.19394607841968536
YOR094W,YDR126W,0,3.9471526,0.2786885201931,0.7311828136444092,0.19404630362987518
YDL072C,YML077W,0,3.9468238,0.27858471870422363,0.7311828136444092,0.1941465437412262
YKL065C,YCR039C,0,3.9465754,0.27848100662231445,0.7311828136444092,0.19424676895141602
YGR247W,YPR105C,0,3.946497,0.27837738394737244,0.7311828136444092,0.19434699416160583
YCL027W,YKL107W,0,3.9462168,0.2782738208770752,0.7311828136444092,0.19444723427295685
YNL328C,YNL091W,0,3.9462154,0.27817031741142273,0.7311828136444092,0.19454745948314667
YPL258C,YDR268W,0,3.946031,0.2780669033527374,0.7311828136444092,0.1946476846933365
YNL291C,YPL274W,1,3.9458208,0.27833518385887146,0.7321603298187256,0.1946476846933365
YJL062W,YAL011W,0,3.9445963,0.27823179960250854,0.7321603298187256,0.1947479248046875
YIL009W,YNR038W,0,3.9426076,0.2781284749507904,0.7321603298187256,0.19484815001487732
YHR203C,YNL190W,0,3.9421418,0.27802523970603943,0.7321603298187256,0.19494837522506714
YOR288C,YBR213W,0,3.9420624,0.2779220640659332,0.7321603298187256,0.19504861533641815
YGR220C,YGR271C-A,0,3.941595,0.2778189778327942,0.7321603298187256,0.19514884054660797
YDR041W,YFL041W,0,3.941115,0.2777159810066223,0.7321603298187256,0.1952490657567978
YCR079W,YGL246C,0,3.9410584,0.2776130437850952,0.7321603298187256,0.1953493058681488
YKL188C,YGL053W,0,3.9401715,0.2775101959705353,0.7321603298187256,0.19544953107833862
YKR046C,YGL107C,0,3.9397137,0.2774074077606201,0.7321603298187256,0.19554977118968964
YPL207W,YFL049W,0,3.9374373,0.2773047089576721,0.7321603298187256,0.19564999639987946
YNL148C,YER023W,0,3.9374084,0.2772020697593689,0.7321603298187256,0.19575022161006927
YNL331C,YGR286C,0,3.9354963,0.27709951996803284,0.7321603298187256,0.1958504617214203
YNL049C,YNL005C,0,3.935458,0.27699702978134155,0.7321603298187256,0.1959506869316101
YOL127W,YMR189W,0,3.9353006,0.27689462900161743,0.7321603298187256,0.19605091214179993
YFL055W,YBR069C,0,3.9341307,0.2767923176288605,0.7321603298187256,0.19615115225315094
YCL075W,YLR293C,0,3.9341147,0.2766900658607483,0.7321603298187256,0.19625137746334076
YHR050W,YNL190W,0,3.9340265,0.2765878736972809,0.7321603298187256,0.19635160267353058
YMR038C,YDR276C,1,3.9333384,0.276854932308197,0.733137845993042,0.19635160267353058
YGR165W,YOR157C,0,3.9321086,0.276752769947052,0.733137845993042,0.1964518427848816
YJL098W,YJR073C,0,3.9305832,0.27665069699287415,0.733137845993042,0.1965520679950714
YDL174C,YKL049C,0,3.9303968,0.27654868364334106,0.733137845993042,0.19665229320526123
YER060W,YGR140W,0,3.9298675,0.27644672989845276,0.733137845993042,0.19675253331661224
YJL137C,YLR134W,0,3.9289436,0.2763448655605316,0.733137845993042,0.19685275852680206
YOR177C,YIL051C,0,3.928803,0.27624309062957764,0.733137845993042,0.19695299863815308
YOR321W,YML130C,0,3.928752,0.27614137530326843,0.733137845993042,0.1970532238483429
YPR164W,YCL055W,0,3.9277477,0.2760397493839264,0.733137845993042,0.19715344905853271
YOR278W,YKL178C,0,3.9275315,0.2759381830692291,0.733137845993042,0.19725368916988373
YLR138W,YMR203W,1,3.9271743,0.27620449662208557,0.7341153621673584,0.19725368916988373
YOR192C,YDR038C,1,3.9266236,0.2764706015586853,0.7350928783416748,0.19725368916988373
YHR181W,YGL028C,0,3.9253705,0.27636897563934326,0.7350928783416748,0.19735391438007355
YPR165W,YPR023C,0,3.9244957,0.2762674391269684,0.7350928783416748,0.19745413959026337
YGL156W,YOR149C,0,3.9240549,0.27616599202156067,0.7350928783416748,0.19755437970161438
YLR431C,YJR098C,0,3.9230525,0.27606460452079773,0.7350928783416748,0.1976546049118042
YLR092W,YOR088W,1,3.9228718,0.27633026242256165,0.7360703945159912,0.1976546049118042
YNR056C,YKR030W,0,3.9222205,0.2762289047241211,0.7360703945159912,0.19775483012199402
YIL040W,YPL237W,0,3.920232,0.2761276066303253,0.7360703945159912,0.19785507023334503
YIR014W,YOR016C,0,3.919854,0.2760263979434967,0.7360703945159912,0.19795529544353485
YOR068C,YHR094C,0,3.9192836,0.27592524886131287,0.7360703945159912,0.19805552065372467
YLR040C,YPR156C,0,3.9188492,0.2758241891860962,0.7360703945159912,0.19815576076507568
YCR027C,YNL101W,0,3.91739,0.2757231891155243,0.7360703945159912,0.1982559859752655
YJR048W,YHR149C,0,3.9163651,0.27562224864959717,0.7360703945159912,0.19835622608661652
YPL005W,YOR348C,0,3.9163623,0.2755213975906372,0.7360703945159912,0.19845645129680634
YBR203W,YJR010C-A,0,3.9154875,0.2754206359386444,0.7360703945159912,0.19855667650699615
YOL119C,YDL130W-A,0,3.9150364,0.2753199338912964,0.7360703945159912,0.19865691661834717
YPR128C,YKR105C,1,3.9140635,0.27558478713035583,0.7370479106903076,0.19865691661834717
YCL054W,YDR316W,0,3.913315,0.2754841148853302,0.7370479106903076,0.198757141828537
YJR093C,YCR045C,0,3.9130354,0.27538350224494934,0.7370479106903076,0.1988573670387268
YLR038C,YPL169C,0,3.9115431,0.27528294920921326,0.7370479106903076,0.19895760715007782
YBR169C,YBR293W,0,3.9110303,0.27518248558044434,0.7370479106903076,0.19905783236026764
YNL083W,YOR273C,1,3.910994,0.27544692158699036,0.738025426864624,0.19905783236026764
YDR352W,YDR013W,0,3.9105332,0.27534645795822144,0.738025426864624,0.19915805757045746
YOR030W,YJL143W,0,3.9090421,0.2752460837364197,0.738025426864624,0.19925829768180847
YOR103C,YOR195W,0,3.9082868,0.2751457691192627,0.738025426864624,0.1993585228919983
YOR010C,YGR156W,0,3.908057,0.2750455439090729,0.738025426864624,0.1994587481021881
YPR112C,YER096W,0,3.9080436,0.27494537830352783,0.738025426864624,0.19955898821353912
YNL066W,YGR028W,0,3.9076455,0.27484527230262756,0.738025426864624,0.19965921342372894
YCL069W,YBR201W,0,3.9074938,0.27474525570869446,0.738025426864624,0.19975945353507996
YBR122C,YKR061W,0,3.904127,0.2746453285217285,0.738025426864624,0.19985967874526978
YOR356W,YCL045C,0,3.9005506,0.27454546093940735,0.738025426864624,0.1999599039554596
YLR040C,YMR202W,0,3.9001987,0.27444565296173096,0.738025426864624,0.2000601440668106
YOR348C,YDR135C,1,3.8996646,0.2747093141078949,0.7390029430389404,0.2000601440668106
YPR063C,YMR026C,0,3.8992672,0.2746095061302185,0.7390029430389404,0.20016036927700043
YBR033W,YLR044C,0,3.89908,0.27450981736183167,0.7390029430389404,0.20026059448719025
YHR203C,YHR194W,0,3.8976436,0.2744101583957672,0.7390029430389404,0.20036083459854126
YDL206W,YGR138C,1,3.8967302,0.2746734321117401,0.7399804592132568,0.20036083459854126
YLR332W,YBR185C,0,3.8929474,0.27457380294799805,0.7399804592132568,0.20046105980873108
YDR123C,YDR012W,0,3.8922083,0.27447426319122314,0.7399804592132568,0.2005612850189209
YJR095W,YBR290W,1,3.8917086,0.2747372090816498,0.7409579753875732,0.2005612850189209
YDR135C,YHL008C,1,3.8915231,0.2750000059604645,0.7419354915618896,0.2005612850189209
YPL235W,YOL011W,0,3.89026,0.2749004065990448,0.7419354915618896,0.2006615251302719
YML038C,YJL109C,0,3.889912,0.2748008668422699,0.7419354915618896,0.20076175034046173
YJL093C,YOR382W,1,3.888852,0.27506333589553833,0.742913007736206,0.20076175034046173
YIL087C,YPR033C,0,3.888652,0.2749638259410858,0.742913007736206,0.20086197555065155
YGR287C,YJL219W,0,3.887377,0.2748643755912781,0.742913007736206,0.20096221566200256
YDL214C,YBR142W,0,3.8862069,0.2747650146484375,0.742913007736206,0.20106244087219238
YHL050C,YMR289W,0,3.8861551,0.2746657133102417,0.742913007736206,0.2011626809835434
YDL019C,YDR487C,0,3.8859513,0.2745664715766907,0.742913007736206,0.20126290619373322
YJL094C,YMR301C,1,3.885711,0.2748284637928009,0.7438905239105225,0.20126290619373322
YDL008W,YJL076W,0,3.8847268,0.27472925186157227,0.7438905239105225,0.20136313140392303
YBR035C,YLR226W,0,3.884031,0.2746300995349884,0.7438905239105225,0.20146337151527405
YDR462W,YPL144W,0,3.8837492,0.2745310366153717,0.7438905239105225,0.20156359672546387
YDR294C,YIL129C,0,3.883746,0.2744320333003998,0.7438905239105225,0.2016638219356537
YKL011C,YER081W,0,3.8837368,0.27433308959007263,0.7438905239105225,0.2017640620470047
YJL078C,YNL323W,0,3.8835166,0.27423423528671265,0.7438905239105225,0.20186428725719452
YLR342W,YHR111W,0,3.8831975,0.27413544058799744,0.7438905239105225,0.20196451246738434
YDL222C,YOR247W,0,3.882593,0.2740367352962494,0.7438905239105225,0.20206475257873535
YHR105W,YHR044C,0,3.8825834,0.2739380896091461,0.7438905239105225,0.20216497778892517
YBR298C,YPR029C,0,3.8823988,0.2738395035266876,0.7438905239105225,0.202265202999115
YKL191W,YNR039C,0,3.881654,0.2737410068511963,0.7438905239105225,0.202365443110466
YFR032C-A,YIL073C,0,3.8813148,0.27364256978034973,0.7438905239105225,0.20246566832065582
YGR292W,YMR128W,0,3.8787172,0.27354422211647034,0.7438905239105225,0.20256590843200684
YMR017W,YDR462W,0,3.8772113,0.2734459340572357,0.7438905239105225,0.20266613364219666
YIR019C,YJL151C,0,3.8767235,0.2733477056026459,0.7438905239105225,0.20276635885238647
YBR005W,YER044C,0,3.8755145,0.2732495367527008,0.7438905239105225,0.2028665989637375
YAL061W,YDL136W,0,3.8747482,0.2731514573097229,0.7438905239105225,0.2029668241739273
YNR051C,YML123C,0,3.872532,0.27305346727371216,0.7438905239105225,0.20306704938411713
YPR009W,YOR247W,0,3.8711278,0.2729555368423462,0.7438905239105225,0.20316728949546814
YDR436W,YOL001W,0,3.8711007,0.272857666015625,0.7438905239105225,0.20326751470565796
YCR020C,YBR028C,0,3.869734,0.2727598547935486,0.7438905239105225,0.20336773991584778
YAR044W,YKR058W,0,3.869177,0.27266213297843933,0.7438905239105225,0.2034679800271988
YKR050W,YGR191W,1,3.8689752,0.2729226350784302,0.7448680400848389,0.2034679800271988
YJL129C,YJR077C,1,3.8680875,0.2731829583644867,0.7458455562591553,0.2034679800271988
YJR155W,YOR178C,0,3.867306,0.27308517694473267,0.7458455562591553,0.2035682052373886
YGR061C,YGR286C,0,3.8672597,0.2729874849319458,0.7458455562591553,0.20366843044757843
YPL132W,YGL194C,0,3.8663967,0.2728898525238037,0.7458455562591553,0.20376867055892944
YPR164W,YML004C,0,3.8662653,0.2727922797203064,0.7458455562591553,0.20386889576911926
YAR044W,YBR005W,0,3.8661876,0.27269479632377625,0.7458455562591553,0.20396913588047028
YHR160C,YAR066W,0,3.866145,0.2725973427295685,0.7458455562591553,0.2040693610906601
YBR037C,YCR010C,1,3.863826,0.272857129573822,0.7468230724334717,0.2040693610906601
YLR158C,YDR126W,0,3.862961,0.27275973558425903,0.7468230724334717,0.20416958630084991
YPL249C,YDR408C,0,3.8625462,0.27266237139701843,0.7468230724334717,0.20426982641220093
YDL193W,YOL113W,0,3.8594897,0.272565096616745,0.7468230724334717,0.20437005162239075
YKL220C,YGL006W,1,3.8589716,0.2728245258331299,0.7478005886077881,0.20437005162239075
YDL080C,YMR266W,0,3.8580015,0.27272728085517883,0.7478005886077881,0.20447027683258057
YBR290W,YOR291W,1,3.8545845,0.2729864716529846,0.7487781047821045,0.20447027683258057
YKL154W,YER018C,0,3.8532057,0.2728891968727112,0.7487781047821045,0.20457051694393158
YLR054C,YNL321W,0,3.852101,0.2727920114994049,0.7487781047821045,0.2046707421541214
YJL208C,YPR070W,0,3.850084,0.2726949155330658,0.7487781047821045,0.20477096736431122
YNL156C,YMR109W,0,3.8499746,0.27259787917137146,0.7487781047821045,0.20487120747566223
YGR224W,YBR069C,1,3.8490002,0.27285662293434143,0.7497556209564209,0.20487120747566223
YPL231W,YPL053C,0,3.848681,0.2727596163749695,0.7497556209564209,0.20497143268585205
YMR017W,YJL108C,0,3.8485093,0.2726626396179199,0.7497556209564209,0.20507165789604187
YML078W,YPL121C,0,3.8478177,0.2725657522678375,0.7497556209564209,0.20517189800739288
YER065C,YOR036W,0,3.8471684,0.2724689245223999,0.7497556209564209,0.2052721232175827
YNL323W,YJL051W,0,3.8467958,0.27237215638160706,0.7497556209564209,0.20537236332893372
YOR017W,YDL049C,0,3.8463137,0.27227547764778137,0.7497556209564209,0.20547258853912354
YLR174W,YIL110W,0,3.8456805,0.27217885851860046,0.7497556209564209,0.20557281374931335
YBR294W,YER166W,1,3.843962,0.27243703603744507,0.7507331371307373,0.20557281374931335
YOR303W,YOR306C,0,3.8437066,0.27234041690826416,0.7507331371307373,0.20567305386066437
YAL005C,YBR105C,0,3.843478,0.2722438871860504,0.7507331371307373,0.2057732790708542
YJR015W,YMR017W,0,3.842025,0.27214741706848145,0.7507331371307373,0.205873504281044
YOR201C,YOL042W,0,3.8406074,0.27205100655555725,0.7507331371307373,0.20597374439239502
YKL135C,YNL072W,0,3.83992,0.2719546854496002,0.7507331371307373,0.20607396960258484
YOR059C,YGR254W,0,3.8395302,0.2718583941459656,0.7507331371307373,0.20617419481277466
YDR501W,YHR150W,0,3.8388603,0.2717622220516205,0.7507331371307373,0.20627443492412567
YPL028W,YJR016C,0,3.8371644,0.2716660797595978,0.7507331371307373,0.2063746601343155
YOR306C,YGL255W,1,3.8371506,0.27192363142967224,0.7517106533050537,0.2063746601343155
YOL132W,YNL268W,0,3.835692,0.27182748913764954,0.7517106533050537,0.2064748853445053
YER166W,YOL152W,1,3.8354695,0.2720848023891449,0.7526881694793701,0.2064748853445053
YJR095W,YCR037C,1,3.83522,0.27234193682670593,0.7536656856536865,0.2064748853445053
YML025C,YDR450W,0,3.8337724,0.27224576473236084,0.7536656856536865,0.20657512545585632
YGL064C,YGL095C,0,3.8331583,0.2721496522426605,0.7536656856536865,0.20667535066604614
YBR089C-A,YMR323W,0,3.832692,0.27205362915992737,0.7536656856536865,0.20677559077739716
YLR167W,YOL077W-A,0,3.8321533,0.271957665681839,0.7536656856536865,0.20687581598758698
YGL167C,YNL221C,0,3.8318594,0.2718617916107178,0.7536656856536865,0.2069760411977768
YLR083C,YMR055C,0,3.831625,0.27176594734191895,0.7536656856536865,0.2070762813091278
YML038C,YDL138W,0,3.8289864,0.2716701924800873,0.7536656856536865,0.20717650651931763
YCR024C,YGL093W,0,3.8268526,0.2715744972229004,0.7536656856536865,0.20727673172950745
YLR360W,YDL067C,0,3.8256195,0.2714788615703583,0.7536656856536865,0.20737697184085846
YGR055W,YNR001C,0,3.8256035,0.2713833153247833,0.7536656856536865,0.20747719705104828
YJL012C,YGR292W,0,3.8252208,0.27128782868385315,0.7536656856536865,0.2075774222612381
YDL004W,YMR261C,0,3.824866,0.27119240164756775,0.7536656856536865,0.2076776623725891
YIL087C,YIL144W,0,3.8234255,0.2710970342159271,0.7536656856536865,0.20777788758277893
YDR170W-A,YJL154C,0,3.8228915,0.27100175619125366,0.7536656856536865,0.20787811279296875
YLR130C,YCR037C,1,3.8216608,0.2712579071521759,0.7546432018280029,0.20787811279296875
YMR002W,YPL156C,0,3.820752,0.27116262912750244,0.7546432018280029,0.20797835290431976
YPL060W,YNL161W,0,3.820237,0.27106741070747375,0.7546432018280029,0.20807857811450958
YFL039C,YAR050W,0,3.8191736,0.27097228169441223,0.7546432018280029,0.2081788182258606
YHR158C,YER082C,0,3.8176982,0.2708771824836731,0.7546432018280029,0.20827904343605042
YDL072C,YPR046W,0,3.8162258,0.2707821726799011,0.7546432018280029,0.20837926864624023
YHR101C,YGL223C,0,3.815109,0.2706872224807739,0.7546432018280029,0.20847950875759125
YPL021W,YLR144C,0,3.8147762,0.2705923616886139,0.7546432018280029,0.20857973396778107
YJL096W,YGL124C,0,3.8145838,0.27049756050109863,0.7546432018280029,0.2086799591779709
YOR383C,YDL206W,1,3.8139374,0.27075305581092834,0.7556207180023193,0.2086799591779709
YOR192C,YPL173W,0,3.813492,0.2706582546234131,0.7556207180023193,0.2087801992893219
YBL022C,YOR140W,0,3.8131056,0.270563542842865,0.7556207180023193,0.20888042449951172
YGL156W,YFR044C,0,3.8118036,0.2704688608646393,0.7556207180023193,0.20898064970970154
YDR376W,YFL016C,0,3.8106158,0.27037426829338074,0.7556207180023193,0.20908088982105255
YDR002W,YER072W,0,3.807545,0.2702797055244446,0.7556207180023193,0.20918111503124237
YKR050W,YGL167C,1,3.8075225,0.27053478360176086,0.7565982341766357,0.20918111503124237
YKL188C,YHR188C,0,3.8072972,0.2704402506351471,0.7565982341766357,0.2092813402414322
YER036C,YLR069C,0,3.8046248,0.2703457772731781,0.7565982341766357,0.2093815803527832
YOR231W,YKL026C,0,3.803973,0.27025139331817627,0.7565982341766357,0.20948180556297302
YNR060W,YOL122C,1,3.803737,0.2705061137676239,0.7575757503509521,0.20948180556297302
YGR059W,YLR178C,0,3.8025634,0.27041172981262207,0.7575757503509521,0.20958204567432404
YBR162W-A,YDR198C,0,3.8025181,0.270317405462265,0.7575757503509521,0.20968227088451385
YMR236W,YCR005C,0,3.802316,0.27022314071655273,0.7575757503509521,0.20978249609470367
YJR143C,YEL026W,0,3.8017366,0.2701289653778076,0.7575757503509521,0.2098827362060547
YKL120W,YGR217W,1,3.7974937,0.2703832685947418,0.7585532665252686,0.2098827362060547
YGL018C,YGR097W,0,3.7974436,0.2702890932559967,0.7585532665252686,0.2099829614162445
YHR011W,YKL157W,0,3.793048,0.27019497752189636,0.7585532665252686,0.21008318662643433
YER185W,YCR028C,1,3.7929587,0.2704490125179291,0.759530782699585,0.21008318662643433
YCR008W,YEL034W,0,3.7923892,0.27035489678382874,0.759530782699585,0.21018342673778534
YKL221W,YNL318C,0,3.792323,0.27026087045669556,0.759530782699585,0.21028365194797516
YMR243C,YDR450W,0,3.7875562,0.27016690373420715,0.759530782699585,0.21038387715816498
YPR183W,YLL048C,0,3.7848065,0.2700729966163635,0.759530782699585,0.210484117269516
YKL065C,YKL088W,0,3.7846825,0.2699791491031647,0.759530782699585,0.2105843424797058
YHR138C,YDR372C,0,3.7836769,0.269885390996933,0.759530782699585,0.21068456768989563
YHR045W,YLR039C,0,3.7823067,0.2697916626930237,0.759530782699585,0.21078480780124664
YOR306C,YGR217W,1,3.7808695,0.27004513144493103,0.7605082988739014,0.21078480780124664
YLR035C-A,YML008C,0,3.7805932,0.2699514329433441,0.7605082988739014,0.21088503301143646
YBR213W,YOR315W,0,3.7790802,0.269857794046402,0.7605082988739014,0.21098527312278748
YGR157W,YGR080W,0,3.7781198,0.2697642147541046,0.7605082988739014,0.2110854983329773
YDR456W,YNL321W,1,3.7771308,0.2700173258781433,0.7614858150482178,0.2110854983329773
YCL027W,YKL048C,0,3.7752812,0.26992377638816833,0.7614858150482178,0.21118572354316711
YLR096W,YHR032W,0,3.7750852,0.26983028650283813,0.7614858150482178,0.21128596365451813
YOR037W,YKL024C,0,3.7749827,0.2697368562221527,0.7614858150482178,0.21138618886470795
YJL054W,YHR013C,0,3.7747085,0.26964348554611206,0.7614858150482178,0.21148641407489777
YDR116C,YBR227C,0,3.7738693,0.2695501744747162,0.7614858150482178,0.21158665418624878
YFL031W,YPL203W,0,3.773734,0.2694569230079651,0.7614858150482178,0.2116868793964386
YPL183C,YLR377C,0,3.7735133,0.26936376094818115,0.7614858150482178,0.21178710460662842
YNL173C,YFL050C,0,3.7728834,0.269270658493042,0.7614858150482178,0.21188734471797943
YLL018C-A,YOR389W,0,3.772121,0.2691776156425476,0.7614858150482178,0.21198756992816925
YHR016C,YLR044C,0,3.7719293,0.269084632396698,0.7614858150482178,0.21208779513835907
YLR057W,YKL016C,0,3.7706385,0.26899170875549316,0.7614858150482178,0.21218803524971008
YHR186C,YDL113C,0,3.7705033,0.2688988745212555,0.7614858150482178,0.2122882604598999
YNL054W,YBL071W-A,0,3.7687297,0.2688060700893402,0.7614858150482178,0.21238850057125092
YNL148C,YGL023C,0,3.7678714,0.2687133550643921,0.7614858150482178,0.21248872578144073
YDR309C,YIR022W,0,3.7658257,0.26862069964408875,0.7614858150482178,0.21258895099163055
YLR460C,YDL201W,0,3.7657735,0.2685281038284302,0.7614858150482178,0.21268919110298157
YMR307W,YMR289W,0,3.7643087,0.2684355676174164,0.7614858150482178,0.2127894163131714
YJL186W,YLR466W,0,3.7639906,0.26834309101104736,0.7614858150482178,0.2128896415233612
YGL021W,YBR244W,0,3.7637334,0.2682506740093231,0.7614858150482178,0.21298988163471222
YHL004W,YEL016C,0,3.7622578,0.26815834641456604,0.7614858150482178,0.21309010684490204
YLR239C,YML126C,0,3.7610505,0.26806607842445374,0.7614858150482178,0.21319033205509186
YKL221W,YPL108W,0,3.760438,0.2679738700389862,0.7614858150482178,0.21329057216644287
YDR078C,YLR109W,0,3.7602239,0.26788169145584106,0.7614858150482178,0.2133907973766327
YPR155C,YER095W,0,3.760105,0.2677896320819855,0.7614858150482178,0.2134910225868225
YNR052C,YOL013C,0,3.759366,0.26769760251045227,0.7614858150482178,0.21359126269817352
YLR167W,YGR028W,0,3.754404,0.26760563254356384,0.7614858150482178,0.21369148790836334
YLR167W,YMR316W,0,3.7538762,0.2675137221813202,0.7614858150482178,0.21379172801971436
YJL093C,YDR322C-A,1,3.7533238,0.26776519417762756,0.7624633312225342,0.21379172801971436
YBR023C,YIR002C,0,3.7532113,0.2676733136177063,0.7624633312225342,0.21389195322990417
YOR214C,YMR001C,0,3.7516801,0.2675814628601074,0.7624633312225342,0.213992178440094
YDL069C,YPL018W,0,3.7516143,0.2674897015094757,0.7624633312225342,0.214092418551445
YOL027C,YLR118C,0,3.7505877,0.26739799976348877,0.7624633312225342,0.21419264376163483
YPL224C,YHR002W,1,3.7493587,0.2676490843296051,0.7634408473968506,0.21419264376163483
YPR134W,YIL069C,0,3.7481303,0.26755738258361816,0.7634408473968506,0.21429286897182465
YIL030C,YMR139W,0,3.7480166,0.267465740442276,0.7634408473968506,0.21439310908317566
YPR165W,YGR047C,0,3.7470245,0.267374187707901,0.7634408473968506,0.21449333429336548
YBR004C,YOR221C,0,3.7462866,0.2672826945781708,0.7634408473968506,0.2145935595035553
YNL066W,YPR075C,0,3.745255,0.26719123125076294,0.7634408473968506,0.2146937996149063
YDR283C,YCR053W,0,3.744892,0.26709985733032227,0.7634408473968506,0.21479402482509613
YKL155C,YOR005C,0,3.7439466,0.26700854301452637,0.7634408473968506,0.21489425003528595
YLR292C,YOR262W,0,3.7438538,0.26691728830337524,0.7634408473968506,0.21499449014663696
YBR040W,YMR189W,0,3.7430575,0.2668260931968689,0.7634408473968506,0.21509471535682678
YLL048C,YOL094C,0,3.7428539,0.2667349874973297,0.7634408473968506,0.2151949554681778
YBR050C,YIL129C,0,3.7420893,0.2666439116001129,0.7634408473968506,0.21529518067836761
YFL009W,YBR048W,0,3.74204,0.2665528953075409,0.7634408473968506,0.21539540588855743
YKL155C,YJR091C,0,3.738887,0.26646196842193604,0.7634408473968506,0.21549564599990845
YOR247W,YOR125C,0,3.738814,0.26637107133865356,0.7634408473968506,0.21559587121009827
YBR005W,YLR077W,0,3.7375615,0.26628026366233826,0.7634408473968506,0.21569609642028809
YOL031C,YLR109W,0,3.7372825,0.2661895155906677,0.7634408473968506,0.2157963365316391
YEL011W,YER170W,0,3.7370462,0.2660987973213196,0.7634408473968506,0.21589656174182892
YGL104C,YDR019C,0,3.7341225,0.2660081684589386,0.7634408473968506,0.21599678695201874
YIL011W,YOR320C,0,3.7330024,0.2659175992012024,0.7634408473968506,0.21609702706336975
YJR015W,YOR265W,0,3.7327745,0.26582708954811096,0.7634408473968506,0.21619725227355957
YDR338C,YER095W,0,3.73171,0.2657366394996643,0.7634408473968506,0.2162974774837494
YLR283W,YOL147C,0,3.7301285,0.2656462490558624,0.7634408473968506,0.2163977175951004
YIL158W,YOL110W,0,3.7295024,0.2655559480190277,0.7634408473968506,0.21649794280529022
YIL087C,YMR048W,0,3.7270381,0.2654656767845154,0.7634408473968506,0.21659818291664124
YCL030C,YGR106C,0,3.7270024,0.2653754651546478,0.7634408473968506,0.21669840812683105
YLL009C,YPL271W,1,3.7260778,0.265625,0.764418363571167,0.21669840812683105
YGL059W,YDR091C,0,3.7255242,0.26553481817245483,0.764418363571167,0.21679863333702087
YMR225C,YDR346C,0,3.725408,0.26544466614723206,0.764418363571167,0.2168988734483719
YGR206W,YGL251C,0,3.7246292,0.26535460352897644,0.764418363571167,0.2169990986585617
YIL014W,YBR168W,0,3.7243373,0.2652646005153656,0.764418363571167,0.21709932386875153
YOR271C,YNL275W,1,3.7223628,0.26551374793052673,0.7653958797454834,0.21709932386875153
YKR046C,YML085C,0,3.72172,0.2654237151145935,0.7653958797454834,0.21719956398010254
YOL128C,YML093W,0,3.7214313,0.26533377170562744,0.7653958797454834,0.21729978919029236
YNL293W,YNL257C,0,3.720451,0.26524388790130615,0.7653958797454834,0.21740001440048218
YCR037C,YML120C,0,3.7200491,0.265154093503952,0.7653958797454834,0.2175002545118332
YJR066W,YGR041W,0,3.7191198,0.2650643289089203,0.7653958797454834,0.217600479722023
YNL137C,YEL064C,0,3.7166853,0.2649746239185333,0.7653958797454834,0.21770070493221283
YLR054C,YNL053W,0,3.7122636,0.26488497853279114,0.7653958797454834,0.21780094504356384
YMR034C,YHR002W,1,3.712262,0.2651335895061493,0.7663733959197998,0.21780094504356384
YGL021W,YMR024W,0,3.712103,0.2650439441204071,0.7663733959197998,0.21790117025375366
YOL128C,YHR032W,0,3.7116668,0.2649543881416321,0.7663733959197998,0.21800141036510468
YIR031C,YPR049C,0,3.7114182,0.26486486196517944,0.7663733959197998,0.2181016355752945
YKL064W,YNL275W,1,3.7108986,0.26511314511299133,0.7673509120941162,0.2181016355752945
YFR016C,YDL065C,0,3.709283,0.2650236189365387,0.7673509120941162,0.21820186078548431
YGL245W,YBR288C,0,3.7088058,0.2649341821670532,0.7673509120941162,0.21830210089683533
YCR066W,YNR040W,0,3.7084444,0.2648448050022125,0.7673509120941162,0.21840232610702515
YFL039C,YDR210W,0,3.708202,0.2647554874420166,0.7673509120941162,0.21850255131721497
YGR235C,YNR026C,0,3.707962,0.26466622948646545,0.7673509120941162,0.21860279142856598
YBR171W,YNL039W,0,3.7073987,0.2645770013332367,0.7673509120941162,0.2187030166387558
YDR238C,YPL085W,0,3.706907,0.2644878625869751,0.7673509120941162,0.21880324184894562
YER145C,YBR024W,1,3.7069051,0.264735609292984,0.7683284282684326,0.21880324184894562
YOL095C,YPL116W,0,3.7067168,0.2646464705467224,0.7683284282684326,0.21890348196029663
YDR170W-A,YNL293W,0,3.7055423,0.2645573914051056,0.7683284282684326,0.21900370717048645
YLR239C,YBL075C,0,3.7053392,0.26446837186813354,0.7683284282684326,0.21910393238067627
YBR221C,YBR097W,0,3.7047532,0.2643794119358063,0.7683284282684326,0.21920417249202728
YGR099W,YMR011W,0,3.704273,0.2642905116081238,0.7683284282684326,0.2193043977022171
YHR039C,YNL189W,0,3.7041295,0.26420167088508606,0.7683284282684326,0.21940463781356812
YDR056C,YAL001C,0,3.70404,0.2641128897666931,0.7683284282684326,0.21950486302375793
YMR301C,YGR191W,1,3.7039363,0.26436010003089905,0.769305944442749,0.21950486302375793
YOL152W,YPR141C,0,3.7035244,0.2642713189125061,0.769305944442749,0.21960508823394775
YHR079C-A,YGL142C,0,3.703246,0.26418259739875793,0.769305944442749,0.21970532834529877
YDL056W,YKL141W,0,3.702723,0.26409396529197693,0.769305944442749,0.2198055535554886
YPL168W,YNL252C,0,3.7026074,0.2640053629875183,0.769305944442749,0.2199057787656784
YBR005W,YIL043C,0,3.7013657,0.26391682028770447,0.769305944442749,0.22000601887702942
YNR060W,YDR033W,1,3.6987782,0.2641635835170746,0.7702834606170654,0.22000601887702942
YGR231C,YKR095W,0,3.6948555,0.26407507061958313,0.7702834606170654,0.22010624408721924
YCR105W,YKL211C,0,3.6932948,0.26398658752441406,0.7702834606170654,0.22020646929740906
YDR214W,YML075C,0,3.693127,0.26389819383621216,0.7702834606170654,0.22030670940876007
YPL095C,YKL220C,0,3.6928346,0.26380982995033264,0.7702834606170654,0.2204069346189499
YPR047W,YLR060W,0,3.69218,0.2637215554714203,0.7702834606170654,0.2205071598291397
YHR050W,YKR052C,1,3.691078,0.2639678716659546,0.7712609767913818,0.2205071598291397
YDR186C,YIL099W,0,3.690949,0.26387959718704224,0.7712609767913818,0.22060739994049072
YER180C,YLR414C,0,3.690619,0.26379138231277466,0.7712609767913818,0.22070762515068054
YDL109C,YHR136C,0,3.6900856,0.26370319724082947,0.7712609767913818,0.22080786526203156
YKR039W,YML107C,0,3.6897936,0.26361510157585144,0.7712609767913818,0.22090809047222137
YML016C,YOR070C,0,3.6895006,0.2635270655155182,0.7712609767913818,0.2210083156824112
YBL097W,YDR134C,0,3.688211,0.2634390592575073,0.7712609767913818,0.2211085557937622
YER114C,YGL095C,0,3.6880457,0.2633511424064636,0.7712609767913818,0.22120878100395203
YLR378C,YMR262W,0,3.686215,0.2632632553577423,0.7712609767913818,0.22130900621414185
YDL130W,YDR466W,0,3.6860344,0.26317545771598816,0.7712609767913818,0.22140924632549286
YER093C,YKL006W,0,3.6857932,0.2630876898765564,0.7712609767913818,0.22150947153568268
YMR303C,YDR055W,0,3.684948,0.2630000114440918,0.7712609767913818,0.2216096967458725
YHL040C,YER139C,0,3.6842353,0.2629123628139496,0.7712609767913818,0.2217099368572235
YPR096C,YHR104W,0,3.682205,0.26282477378845215,0.7712609767913818,0.22181016206741333
YML024W,YDL154W,0,3.6818984,0.2627372741699219,0.7712609767913818,0.22191038727760315
YJL181W,YGL179C,0,3.6808066,0.262649804353714,0.7712609767913818,0.22201062738895416
YGL234W,YLR034C,0,3.68041,0.2625623941421509,0.7712609767913818,0.22211085259914398
YFL056C,YGR075C,0,3.679672,0.26247504353523254,0.7712609767913818,0.222211092710495
YPR106W,YER081W,0,3.679504,0.262387752532959,0.7712609767913818,0.22231131792068481
YDR407C,YDR194C,0,3.6789997,0.2623005211353302,0.7712609767913818,0.22241154313087463
YIL040W,YPR023C,0,3.6773493,0.2622133493423462,0.7712609767913818,0.22251178324222565
YGR055W,YOR018W,0,3.67612,0.26212623715400696,0.7712609767913818,0.22261200845241547
YFR041C,YML069W,0,3.675913,0.2620391845703125,0.7712609767913818,0.22271223366260529
YBL080C,YGR163W,0,3.6752222,0.2619521915912628,0.7712609767913818,0.2228124737739563
YKL056C,YEL050C,0,3.6746728,0.2618652582168579,0.7712609767913818,0.22291269898414612
YIL171W,YBL009W,0,3.6734495,0.2617783546447754,0.7712609767913818,0.22301292419433594
YHR185C,YKL146W,0,3.6726892,0.26169154047966003,0.7712609767913818,0.22311316430568695
YMR297W,YGR129W,0,3.6710484,0.26160478591918945,0.7712609767913818,0.22321338951587677
YHR067W,YNL076W,0,3.6703908,0.26151806116104126,0.7712609767913818,0.2233136147260666
YGL206C,YGL144C,0,3.6702826,0.26143142580986023,0.7712609767913818,0.2234138548374176
YGL129C,YPL101W,0,3.6696272,0.2613448202610016,0.7712609767913818,0.22351408004760742
YDL095W,YGR161C-D,0,3.6695778,0.2612582743167877,0.7712609767913818,0.22361432015895844
YDL206W,YHR002W,1,3.6690962,0.26150280237197876,0.7722384929656982,0.22361432015895844
YIL090W,YLL024C,0,3.6685522,0.2614162862300873,0.7722384929656982,0.22371454536914825
YER166W,YGR257C,1,3.6684093,0.2616606056690216,0.7732160091400146,0.22371454536914825
YHR021C,YBL064C,0,3.6681917,0.26157405972480774,0.7732160091400146,0.22381477057933807
YIL018W,YPL100W,0,3.6675305,0.26148760318756104,0.7732160091400146,0.2239150106906891
YPR003C,YML008C,0,3.6673334,0.2614011764526367,0.7732160091400146,0.2240152359008789
YIL074C,YOL005C,0,3.6660633,0.26131483912467957,0.7732160091400146,0.22411546111106873
YDR142C,YER039C,0,3.665915,0.2612285315990448,0.7732160091400146,0.22421570122241974
YER091C,YDR148C,0,3.665836,0.2611422836780548,0.7732160091400146,0.22431592643260956
YFL055W,YLR421C,0,3.6654015,0.2610560953617096,0.7732160091400146,0.22441615164279938
YPL202C,YPR021C,0,3.6651495,0.26096996665000916,0.7732160091400146,0.2245163917541504
YPL013C,YNL038W,0,3.6651146,0.2608838975429535,0.7732160091400146,0.2246166169643402
YBR161W,YDL205C,0,3.6647875,0.2607978880405426,0.7732160091400146,0.22471684217453003
YCR106W,YNL161W,0,3.6631503,0.2607119381427765,0.7732160091400146,0.22481708228588104
YER145C,YNL291C,1,3.6620972,0.2609555125236511,0.774193525314331,0.22481708228588104
YIL101C,YFR051C,0,3.661484,0.260869562625885,0.774193525314331,0.22491730749607086
YOL132W,YNL233W,0,3.6614478,0.26078367233276367,0.774193525314331,0.22501754760742188
YLR047C,YJR040W,1,3.6610868,0.2610269784927368,0.7751710414886475,0.22501754760742188
YCR079W,YHR112C,0,3.6605837,0.2609410881996155,0.7751710414886475,0.2251177728176117
YKL179C,YLR097C,0,3.6605122,0.2608552575111389,0.7751710414886475,0.2252179980278015
YJR091C,YCL045C,0,3.660076,0.26076948642730713,0.7751710414886475,0.22531823813915253
YER109C,YNL139C,0,3.6599848,0.2606837749481201,0.7751710414886475,0.22541846334934235
YBR161W,YBR185C,0,3.6578832,0.2605980932712555,0.7751710414886475,0.22551868855953217
YKL209C,YNR038W,0,3.6562822,0.26051247119903564,0.7751710414886475,0.22561892867088318
YPL174C,YBR065C,0,3.6540155,0.26042693853378296,0.7751710414886475,0.225719153881073
YPL088W,YBR046C,0,3.652681,0.26034143567085266,0.7751710414886475,0.22581937909126282
YEL020W-A,YBR023C,0,3.6524246,0.26025599241256714,0.7751710414886475,0.22591961920261383
YOL033W,YJR096W,0,3.652417,0.2601706087589264,0.7751710414886475,0.22601984441280365
YOR091W,YOL052C-A,0,3.6517699,0.2600852847099304,0.7751710414886475,0.22612006962299347
YLR181C,YKR039W,0,3.651522,0.25999999046325684,0.7751710414886475,0.22622030973434448
YGL044C,YLL057C,0,3.6513374,0.2599147856235504,0.7751710414886475,0.2263205349445343
YMR152W,YER179W,0,3.6509173,0.2598296105861664,0.7751710414886475,0.22642077505588531
YNL031C,YGL139W,0,3.6508584,0.2597445249557495,0.7751710414886475,0.22652100026607513
YFL053W,YML029W,0,3.6488779,0.25965946912765503,0.7751710414886475,0.22662122547626495
YIL005W,YDR104C,0,3.6486413,0.2595744729042053,0.7751710414886475,0.22672146558761597
YJL159W,YLR272C,0,3.6483576,0.2594895362854004,0.7751710414886475,0.2268216907978058
YBR004C,YMR070W,0,3.648353,0.25940465927124023,0.7751710414886475,0.2269219160079956
YLR158C,YMR234W,0,3.6480384,0.25931981205940247,0.7751710414886475,0.22702215611934662
YCL048W,YCL068C,0,3.6477149,0.25923505425453186,0.7751710414886475,0.22712238132953644
YBR161W,YHR009C,0,3.6453843,0.25915032625198364,0.7751710414886475,0.22722260653972626
YBR181C,YMR050C,0,3.6449797,0.2590656578540802,0.7751710414886475,0.22732284665107727
YOL076W,YGL255W,0,3.6438096,0.25898104906082153,0.7751710414886475,0.2274230718612671
YJL160C,YJL051W,0,3.6437728,0.25889649987220764,0.7751710414886475,0.2275232970714569
YLR190W,YDR219C,0,3.6432357,0.2588120102882385,0.7751710414886475,0.22762353718280792
YJR095W,YGR096W,1,3.6422565,0.2590538263320923,0.7761485576629639,0.22762353718280792
YOR190W,YLR398C,0,3.6400409,0.25896933674812317,0.7761485576629639,0.22772376239299774
YEL002C,YEL064C,0,3.6390946,0.25888490676879883,0.7761485576629639,0.22782400250434875
YGL156W,YDL143W,0,3.635616,0.25880053639411926,0.7761485576629639,0.22792422771453857
YHR202W,YJL113W,0,3.6351438,0.2587161958217621,0.7761485576629639,0.2280244529247284
YGL098W,YDR055W,0,3.6347756,0.2586319148540497,0.7761485576629639,0.2281246930360794
YGR082W,YML031W,0,3.6347616,0.25854769349098206,0.7761485576629639,0.22822491824626923
YFR055W,YOR125C,0,3.633413,0.2584635317325592,0.7761485576629639,0.22832514345645905
YBR035C,YML101C,0,3.6320083,0.25837942957878113,0.7761485576629639,0.22842538356781006
YGR295C,YLR079W,0,3.631984,0.2582953870296478,0.7761485576629639,0.22852560877799988
YBR297W,YLR221C,0,3.629697,0.2582113742828369,0.7761485576629639,0.2286258339881897
YPR018W,YNR036C,0,3.629213,0.25812745094299316,0.7761485576629639,0.2287260740995407
YJR001W,YLR332W,0,3.628299,0.2580435574054718,0.7761485576629639,0.22882629930973053
YNL252C,YGL178W,0,3.6280634,0.2579597234725952,0.7761485576629639,0.22892652451992035
YDR039C,YHL008C,1,3.6279857,0.2582007050514221,0.7771260738372803,0.22892652451992035
YIL118W,YMR053C,0,3.6276927,0.25811687111854553,0.7771260738372803,0.22902676463127136
YER036C,YDR160W,0,3.6268024,0.2580330967903137,0.7771260738372803,0.22912698984146118
YDR376W,YHR099W,0,3.6261096,0.2579493820667267,0.7771260738372803,0.2292272299528122
YDR160W,YLL015W,1,3.625706,0.2581900656223297,0.7781035900115967,0.2292272299528122
YJR117W,YDR153C,0,3.6241338,0.2581063508987427,0.7781035900115967,0.22932745516300201
YOL137W,YLR466W,0,3.6237211,0.2580226957798004,0.7781035900115967,0.22942768037319183
YDR536W,YGL022W,0,3.6231396,0.25793907046318054,0.7781035900115967,0.22952792048454285
YDR273W,YMR094W,0,3.6227353,0.25785553455352783,0.7781035900115967,0.22962814569473267
YMR051C,YML081C-A,0,3.6220129,0.2577720284461975,0.7781035900115967,0.22972837090492249
YJR066W,YGL003C,0,3.6215582,0.25768858194351196,0.7781035900115967,0.2298286110162735
YMR060C,YHR178W,0,3.6213393,0.2576051652431488,0.7781035900115967,0.22992883622646332
YLR147C,YPR181C,0,3.6166244,0.2575218379497528,0.7781035900115967,0.23002906143665314
YPL225W,YHR026W,0,3.6162083,0.2574385404586792,0.7781035900115967,0.23012930154800415
YCR071C,YNL180C,0,3.6150427,0.25735533237457275,0.7781035900115967,0.23022952675819397
YAR044W,YHR062C,0,3.613066,0.2572721540927887,0.7781035900115967,0.2303297519683838
YBR005W,YOR076C,0,3.6129224,0.257189005613327,0.7781035900115967,0.2304299920797348
YGR023W,YOR032C,0,3.6110938,0.2571059465408325,0.7781035900115967,0.23053021728992462
YDR284C,YBL063W,0,3.6099293,0.2570229172706604,0.7781035900115967,0.23063045740127563
YLL023C,YPR185W,0,3.6091254,0.25693994760513306,0.7781035900115967,0.23073068261146545
YLR405W,YMR011W,0,3.6085682,0.2568570375442505,0.7781035900115967,0.23083090782165527
YGL160W,YOR202W,0,3.6078544,0.2567741870880127,0.7781035900115967,0.2309311479330063
YDR338C,YOR246C,0,3.6077533,0.2566913962364197,0.7781035900115967,0.2310313731431961
YBL017C,YNL315C,0,3.6073406,0.25660863518714905,0.7781035900115967,0.23113159835338593
YMR171C,YDL156W,0,3.60543,0.2565259337425232,0.7781035900115967,0.23123183846473694
YFL039C,YGR083C,0,3.6053681,0.2564432919025421,0.7781035900115967,0.23133206367492676
YIL105C,YDR014W,0,3.603824,0.2563607096672058,0.7781035900115967,0.23143228888511658
YPL021W,YKL018W,0,3.6035,0.2562781572341919,0.7781035900115967,0.2315325289964676
YIL023C,YBR033W,0,3.6026926,0.25619569420814514,0.7781035900115967,0.2316327542066574
YJR143C,YJL047C,0,3.6024458,0.2561132609844208,0.7781035900115967,0.23173297941684723
YHR160C,YPL085W,0,3.6022413,0.2560308873653412,0.7781035900115967,0.23183321952819824
YGR181W,YGL250W,0,3.6018877,0.255948543548584,0.7781035900115967,0.23193344473838806
YGL097W,YMR045C,0,3.6017425,0.25586628913879395,0.7781035900115967,0.23203368484973907
YIL168W,YDR298C,0,3.6015747,0.2557840645313263,0.7781035900115967,0.2321339100599289
YNL213C,YKL018W,0,3.6013987,0.2557018995285034,0.7781035900115967,0.2322341352701187
YBR029C,YDR302W,0,3.6006095,0.2556197941303253,0.7781035900115967,0.23233437538146973
YDR322C-A,YDR363W-A,0,3.6002138,0.2555377185344696,0.7781035900115967,0.23243460059165955
YOR201C,YHR064C,0,3.5990036,0.25545570254325867,0.7781035900115967,0.23253482580184937
YDL212W,YGL029W,0,3.5982492,0.2553737461566925,0.7781035900115967,0.23263506591320038
YHR079C-A,YPL019C,0,3.5977008,0.2552918493747711,0.7781035900115967,0.2327352911233902
YJL167W,YOL098C,0,3.5975137,0.2552100121974945,0.7781035900115967,0.23283551633358002
YFR055W,YMR244C-A,0,3.5971775,0.2551282048225403,0.7781035900115967,0.23293575644493103
YKL135C,YHR046C,0,3.59691,0.25504645705223083,0.7781035900115967,0.23303598165512085
YMR035W,YDR057W,0,3.595489,0.25496476888656616,0.7781035900115967,0.23313620686531067
YJR117W,YFR038W,0,3.595149,0.2548831105232239,0.7781035900115967,0.23323644697666168
YBR291C,YOL019W,0,3.59487,0.25480154156684875,0.7781035900115967,0.2333366721868515
YDR046C,YPL236C,0,3.5936549,0.254720002412796,0.7781035900115967,0.23343691229820251
YBL010C,YPL160W,0,3.5933115,0.25463852286338806,0.7781035900115967,0.23353713750839233
YOR094W,YNR053C,0,3.5909603,0.2545570731163025,0.7781035900115967,0.23363736271858215
YDR406W,YOL100W,0,3.590608,0.2544757127761841,0.7781035900115967,0.23373760282993317
YLL057C,YLR388W,0,3.5899358,0.25439438223838806,0.7781035900115967,0.23383782804012299
YPL172C,YGL017W,0,3.5892103,0.2543131113052368,0.7781035900115967,0.2339380532503128
YJR054W,YDL178W,0,3.5885017,0.25423187017440796,0.7781035900115967,0.23403829336166382
YNL321W,YPR067W,1,3.5858305,0.25446999073028564,0.7790811061859131,0.23403829336166382
YGL243W,YDR113C,0,3.5845268,0.2543887794017792,0.7790811061859131,0.23413851857185364
YKL134C,YGR086C,0,3.584086,0.2543075978755951,0.7790811061859131,0.23423874378204346
YLR299W,YGR007W,0,3.5840385,0.2542264759540558,0.7790811061859131,0.23433898389339447
YIL073C,YKL092C,0,3.5838068,0.25414541363716125,0.7790811061859131,0.2344392091035843
YHR067W,YDL092W,0,3.583774,0.2540643811225891,0.7790811061859131,0.2345394343137741
YLR081W,YPL115C,0,3.5837202,0.25398343801498413,0.7790811061859131,0.23463967442512512
YOL138C,YLR079W,0,3.5811315,0.25390252470970154,0.7790811061859131,0.23473989963531494
YLR047C,YBR106W,1,3.580521,0.25414013862609863,0.7800586223602295,0.23473989963531494
YGL012W,YIL011W,0,3.5803697,0.25405922532081604,0.7800586223602295,0.23484013974666595
YGR076C,YMR293C,0,3.580108,0.2539783716201782,0.7800586223602295,0.23494036495685577
YLL009C,YMR241W,1,3.579428,0.25421571731567383,0.7810361385345459,0.23494036495685577
YPR158W-A,YJL164C,0,3.5792701,0.254134863615036,0.7810361385345459,0.2350405901670456
YOL130W,YIL018W,0,3.5785809,0.2540540397167206,0.7810361385345459,0.2351408302783966
YIL072W,YML126C,0,3.5763934,0.2539733052253723,0.7810361385345459,0.23524105548858643
YDR011W,YPR133C,0,3.5746195,0.25389260053634644,0.7810361385345459,0.23534128069877625
YMR163C,YMR271C,0,3.5742366,0.25381195545196533,0.7810361385345459,0.23544152081012726
YCR048W,YNL199C,0,3.5741045,0.2537313401699066,0.7810361385345459,0.23554174602031708
YLL018C-A,YNR013C,1,3.573954,0.2539682686328888,0.7820137143135071,0.23554174602031708
YNL169C,YOR271C,0,3.5738008,0.2538876533508301,0.7820137143135071,0.2356419712305069
YIR006C,YOL133W,0,3.5731285,0.25380709767341614,0.7820137143135071,0.2357422113418579
YOL127W,YGR260W,0,3.5727067,0.253726601600647,0.7820137143135071,0.23584243655204773
YKL192C,YOR110W,0,3.5724819,0.2536461651325226,0.7820137143135071,0.23594266176223755
YKL011C,YNR036C,0,3.5721514,0.2535657584667206,0.7820137143135071,0.23604290187358856
YAR010C,YDR197W,0,3.5712855,0.25348541140556335,0.7820137143135071,0.23614312708377838
YOR357C,YJR033C,0,3.5703328,0.2534051239490509,0.7820137143135071,0.2362433522939682
YLR167W,YIL114C,0,3.569884,0.2533248960971832,0.7820137143135071,0.2363435924053192
YHR210C,YLR003C,0,3.5686848,0.25324469804763794,0.7820137143135071,0.23644381761550903
YHR160C,YBR023C,0,3.5680401,0.2531645596027374,0.7820137143135071,0.23654405772686005
YKL220C,YDR156W,0,3.5664966,0.2530844807624817,0.7820137143135071,0.23664428293704987
YKL024C,YMR135C,0,3.5662625,0.25300443172454834,0.7820137143135071,0.23674450814723969
YER058W,YJL198W,0,3.5657628,0.25292444229125977,0.7820137143135071,0.2368447482585907
YNL054W,YLR142W,0,3.5652878,0.25284451246261597,0.7820137143135071,0.23694497346878052
YNR053C,YFR051C,0,3.5636835,0.25276461243629456,0.7820137143135071,0.23704519867897034
YPL170W,YDR037W,0,3.5623205,0.2526847720146179,0.7820137143135071,0.23714543879032135
YMR297W,YGL107C,0,3.5619643,0.25260499119758606,0.7820137143135071,0.23724566400051117
YNL145W,YMR081C,0,3.561094,0.2525252401828766,0.7820137143135071,0.237345889210701
YNR060W,YHL040C,1,3.5610473,0.2527611255645752,0.7829912304878235,0.237345889210701
YIL171W,YGL106W,0,3.5602856,0.2526813745498657,0.7829912304878235,0.237446129322052
YGR026W,YKL034W,0,3.5593967,0.2526017129421234,0.7829912304878235,0.23754635453224182
YPR106W,YNL136W,0,3.5588434,0.2525220811367035,0.7829912304878235,0.23764657974243164
YNR055C,YKL092C,0,3.5570152,0.25244247913360596,0.7829912304878235,0.23774681985378265
YLR446W,YIL114C,0,3.556707,0.2523629367351532,0.7829912304878235,0.23784704506397247
YLR067C,YIR022W,0,3.5537698,0.2522834539413452,0.7829912304878235,0.2379472851753235
YER012W,YAL026C,0,3.5532508,0.252204030752182,0.7829912304878235,0.2380475103855133
YER127W,YFL005W,0,3.552778,0.2521246373653412,0.7829912304878235,0.23814773559570312
YHR134W,YPL265W,0,3.5522707,0.25204530358314514,0.7829912304878235,0.23824797570705414
YJL174W,YLR008C,0,3.5511196,0.25196602940559387,0.7829912304878235,0.23834820091724396
YDL065C,YER011W,0,3.550573,0.251886785030365,0.7829912304878235,0.23844842612743378
YPL179W,YIL156W,0,3.5505555,0.2518076002597809,0.7829912304878235,0.2385486662387848
YDL100C,YFL044C,0,3.5504255,0.25172847509384155,0.7829912304878235,0.2386488914489746
YML055W,YLR240W,0,3.5502784,0.2516493797302246,0.7829912304878235,0.23874911665916443
YPL149W,YCL057C-A,0,3.5490558,0.25157034397125244,0.7829912304878235,0.23884935677051544
YGR224W,YPR124W,1,3.5486357,0.2518053352832794,0.7839687466621399,0.23884935677051544
YDL091C,YDR116C,0,3.548587,0.25172629952430725,0.7839687466621399,0.23894958198070526
YIR007W,YFR034C,0,3.547495,0.25164732336997986,0.7839687466621399,0.23904980719089508
YPL154C,YER149C,0,3.5470703,0.25156837701797485,0.7839687466621399,0.2391500473022461
YLR423C,YLR287C-A,0,3.5469735,0.2514894902706146,0.7839687466621399,0.2392502725124359
YNL069C,YIL111W,0,3.546745,0.25141066312789917,0.7839687466621399,0.23935051262378693
YIR035C,YDR186C,0,3.5454988,0.2513318657875061,0.7839687466621399,0.23945073783397675
YBL103C,YJR027W,0,3.5438888,0.2512531280517578,0.7839687466621399,0.23955096304416656
YDR265W,YBR149W,0,3.5431526,0.2511744499206543,0.7839687466621399,0.23965120315551758
YOR291W,YGR257C,1,3.5429246,0.2514089047908783,0.7849462628364563,0.23965120315551758
YOR266W,YGR006W,0,3.542093,0.2513301968574524,0.7849462628364563,0.2397514283657074
YKL033W,YCR075C,0,3.5414023,0.25125157833099365,0.7849462628364563,0.23985165357589722
YLR038C,YDR352W,0,3.5404751,0.2511729598045349,0.7849462628364563,0.23995189368724823
YCL001W,YER146W,0,3.5393388,0.25109443068504333,0.7849462628364563,0.24005211889743805
YPL130W,YBL005W,0,3.5372403,0.25101593136787415,0.7849462628364563,0.24015234410762787
YFR025C,YBR094W,0,3.5358415,0.25093749165534973,0.7849462628364563,0.24025258421897888
YIR035C,YPL081W,0,3.5357902,0.2508591115474701,0.7849462628364563,0.2403528094291687
YMR271C,YBL039C,0,3.5354588,0.25078076124191284,0.7849462628364563,0.24045303463935852
YML025C,YDR367W,0,3.5346417,0.25070247054100037,0.7849462628364563,0.24055327475070953
YKL011C,YNL058C,0,3.5325668,0.2506242096424103,0.7849462628364563,0.24065349996089935
YLR181C,YJR091C,0,3.5321803,0.25054600834846497,0.7849462628364563,0.24075374007225037
YEL060C,YIR006C,0,3.5305526,0.25046786665916443,0.7849462628364563,0.24085396528244019
YFR007W,YLR362W,0,3.5302036,0.25038978457450867,0.7849462628364563,0.24095419049263
YCL075W,YDL135C,0,3.5295925,0.2503117322921753,0.7849462628364563,0.24105443060398102
YGL198W,YBR191W,0,3.5289142,0.2502337098121643,0.7849462628364563,0.24115465581417084
YBR251W,YOL072W,0,3.5287802,0.2501557767391205,0.7849462628364563,0.24125488102436066
YHR138C,YLR376C,0,3.5258179,0.25007784366607666,0.7849462628364563,0.24135512113571167
YCL047C,YML087C,0,3.5255084,0.25,0.7849462628364563,0.2414553463459015
YGR055W,YLR054C,0,3.524256,0.24992218613624573,0.7849462628364563,0.2415555715560913
YGR166W,YDR122W,0,3.5239584,0.24984443187713623,0.7849462628364563,0.24165581166744232
YBL080C,YGL207W,0,3.5228243,0.24976672232151031,0.7849462628364563,0.24175603687763214
YPR047W,YDR166C,0,3.5204918,0.24968905746936798,0.7849462628364563,0.24185626208782196
YDL210W,YEL051W,1,3.5202568,0.24992229044437408,0.7859237790107727,0.24185626208782196
YIL015W,YKL179C,0,3.517981,0.24984462559223175,0.7859237790107727,0.24195650219917297
YLR318W,YML098W,0,3.5174463,0.249767005443573,0.7859237790107727,0.2420567274093628
YDR268W,YLR248W,0,3.5169876,0.24968944489955902,0.7859237790107727,0.2421569675207138
YHL019C,YGR029W,0,3.5168211,0.24961192905902863,0.7859237790107727,0.24225719273090363
YJR152W,YLR223C,0,3.5166018,0.2495344579219818,0.7859237790107727,0.24235741794109344
YJL181W,YMR091C,0,3.5162234,0.24945703148841858,0.7859237790107727,0.24245765805244446
YJL063C,YMR092C,0,3.514062,0.24937964975833893,0.7859237790107727,0.24255788326263428
YPL001W,YPL160W,0,3.5136688,0.24930232763290405,0.7859237790107727,0.2426581084728241
YGL189C,YNL146W,0,3.5122633,0.24922505021095276,0.7859237790107727,0.2427583485841751
YLR054C,YOR095C,0,3.5122206,0.24914781749248505,0.7859237790107727,0.24285857379436493
YMR236W,YHR018C,0,3.5121975,0.24907062947750092,0.7859237790107727,0.24295879900455475
YCR083W,YDL119C,0,3.5108502,0.24899350106716156,0.7859237790107727,0.24305903911590576
YDR329C,YDR238C,0,3.5100267,0.2489164024591446,0.7859237790107727,0.24315926432609558
YHR079C-A,YKR048C,0,3.5100024,0.2488393634557724,0.7859237790107727,0.2432594895362854
YDR320C,YAL012W,0,3.5074916,0.2487623691558838,0.7859237790107727,0.2433597296476364
YIR036C,YKL005C,0,3.5070822,0.24868543446063995,0.7859237790107727,0.24345995485782623
YPL010W,YBR018C,0,3.5066965,0.2486085295677185,0.7859237790107727,0.24356019496917725
YJL102W,YJL204C,0,3.5065572,0.24853168427944183,0.7859237790107727,0.24366042017936707
YPL172C,YNL067W,0,3.50574,0.24845488369464874,0.7859237790107727,0.24376064538955688
YDL211C,YPL232W,0,3.5056117,0.24837812781333923,0.7859237790107727,0.2438608855009079
YAL020C,YLR265C,0,3.5041525,0.2483014166355133,0.7859237790107727,0.24396111071109772
YBR035C,YFR044C,0,3.5039632,0.24822476506233215,0.7859237790107727,0.24406133592128754
YOR266W,YOR381W,0,3.5021539,0.2481481432914734,0.7859237790107727,0.24416157603263855
YGR289C,YDR507C,0,3.5020325,0.2480715811252594,0.7859237790107727,0.24426180124282837
YOL055C,YOL056W,0,3.5018346,0.247995063662529,0.7859237790107727,0.2443620264530182
YER126C,YOL069W,0,3.5017076,0.24791859090328217,0.7859237790107727,0.2444622665643692
YOR214C,YDR253C,0,3.5016644,0.24784216284751892,0.7859237790107727,0.24456249177455902
YML042W,YNL021W,0,3.500621,0.24776579439640045,0.7859237790107727,0.24466271698474884
YGR266W,YGR207C,0,3.5001504,0.24768947064876556,0.7859237790107727,0.24476295709609985
YCL069W,YJR059W,0,3.4998605,0.24761317670345306,0.7859237790107727,0.24486318230628967
YDL058W,YLR315W,0,3.4987009,0.24753694236278534,0.7859237790107727,0.24496342241764069
YKL188C,YHR070W,0,3.49806,0.2474607527256012,0.7859237790107727,0.2450636476278305
YOR389W,YNR032W,0,3.4979277,0.24738462269306183,0.7859237790107727,0.24516387283802032
YML045W,YGR124W,0,3.496415,0.24730852246284485,0.7859237790107727,0.24526411294937134
YNL137C,YFR037C,0,3.4963257,0.24723246693611145,0.7859237790107727,0.24536433815956116
YOR036W,YBR109C,0,3.4961865,0.24715647101402283,0.7859237790107727,0.24546456336975098
YBL102W,YER026C,0,3.495666,0.24708051979541779,0.7859237790107727,0.245564803481102
YGR038W,YHR194W,0,3.4956286,0.24700461328029633,0.7859237790107727,0.2456650286912918
YBR171W,YMR188C,0,3.4945781,0.24692875146865845,0.7859237790107727,0.24576525390148163
YCL020W,YHR184W,0,3.4919467,0.24685293436050415,0.7859237790107727,0.24586549401283264
YDR326C,YEL058W,0,3.4919279,0.24677716195583344,0.7859237790107727,0.24596571922302246
YJL097W,YDR424C,0,3.4907384,0.2467014491558075,0.7859237790107727,0.24606594443321228
YLR431C,YOR032C,0,3.490269,0.24662576615810394,0.7859237790107727,0.2461661845445633
YGR046W,YNR050C,0,3.4902236,0.24655014276504517,0.7859237790107727,0.2462664097547531
YAL002W,YLR074C,0,3.4897616,0.24647454917430878,0.7859237790107727,0.24636664986610413
YBR291C,YBR106W,1,3.4895985,0.24670548737049103,0.7869012951850891,0.24636664986610413
YOR019W,YMR154C,0,3.4891818,0.24662990868091583,0.7869012951850891,0.24646687507629395
YOR158W,YPL056C,0,3.4888384,0.24655435979366302,0.7869012951850891,0.24656710028648376
YLL018C-A,YFR014C,0,3.4883573,0.246478870511055,0.7869012951850891,0.24666734039783478
YMR022W,YDR420W,0,3.4881737,0.24640342593193054,0.7869012951850891,0.2467675656080246
YDL018C,YPR097W,0,3.4870813,0.24632802605628967,0.7869012951850891,0.24686779081821442
YLR090W,YDL231C,0,3.4864476,0.24625267088413239,0.7869012951850891,0.24696803092956543
YOL061W,YGR038C-B,0,3.486442,0.24617737531661987,0.7869012951850891,0.24706825613975525
YNL169C,YPR161C,0,3.4857605,0.24610210955142975,0.7869012951850891,0.24716848134994507
YKL221W,YGR033C,0,3.4852674,0.2460268884897232,0.7869012951850891,0.24726872146129608
YHR092C,YGL129C,0,3.4852135,0.24595172703266144,0.7869012951850891,0.2473689466714859
YMR237W,YDR331W,0,3.483939,0.24587661027908325,0.7869012951850891,0.24746917188167572
YMR322C,YKL087C,0,3.4835098,0.24580152332782745,0.7869012951850891,0.24756941199302673
YOR384W,YPR042C,0,3.483306,0.24572649598121643,0.7869012951850891,0.24766963720321655
YOL157C,YOL030W,0,3.4831955,0.245651513338089,0.7869012951850891,0.24776987731456757
YOL156W,YDL161W,0,3.481745,0.24557657539844513,0.7869012951850891,0.24787010252475739
YPL268W,YIL119C,0,3.4799955,0.24550168216228485,0.7869012951850891,0.2479703277349472
YGR174C,YCR036W,0,3.4789393,0.24542683362960815,0.7869012951850891,0.24807056784629822
YPR021C,YKL217W,1,3.4788897,0.245656818151474,0.7878788113594055,0.24807056784629822
YGR206W,YKL045W,0,3.4788554,0.2455819696187973,0.7878788113594055,0.24817079305648804
YMR060C,YGR094W,0,3.478354,0.245507150888443,0.7878788113594055,0.24827101826667786
YPL063W,YJL019W,0,3.4782703,0.24543240666389465,0.7878788113594055,0.24837125837802887
YOL098C,YOR374W,0,3.4765737,0.2453576922416687,0.7878788113594055,0.2484714835882187
YIR008C,YNL119W,0,3.4758956,0.24528302252292633,0.7878788113594055,0.2485717087984085
YIL134W,YBR106W,1,3.473949,0.24551261961460114,0.7888563275337219,0.2485717087984085
YOR155C,YDR268W,0,3.4736803,0.24543794989585876,0.7888563275337219,0.24867194890975952
YDR352W,YOR278W,0,3.4730022,0.24536332488059998,0.7888563275337219,0.24877217411994934
YBR132C,YDR027C,0,3.4715917,0.24528875946998596,0.7888563275337219,0.24887239933013916
YHR036W,YOR157C,0,3.4713101,0.24521422386169434,0.7888563275337219,0.24897263944149017
YIL162W,YLR298C,0,3.471182,0.2451397329568863,0.7888563275337219,0.24907286465168
YFL039C,YNL194C,0,3.4706101,0.24506528675556183,0.7888563275337219,0.249173104763031
YGR218W,YOL122C,0,3.4701655,0.24499088525772095,0.7888563275337219,0.24927332997322083
YFL002W-A,YIR033W,0,3.4700294,0.24491654336452484,0.7888563275337219,0.24937355518341064
YDL066W,YMR119W,0,3.4690654,0.24484223127365112,0.7888563275337219,0.24947379529476166
YOR088W,YGR047C,0,3.4685895,0.244767963886261,0.7888563275337219,0.24957402050495148
YCR105W,YER139C,0,3.4685404,0.24469375610351562,0.7888563275337219,0.2496742457151413
YPL060W,YLL048C,1,3.4675438,0.2449226975440979,0.7898338437080383,0.2496742457151413
YPL063W,YBL060W,0,3.465254,0.24484848976135254,0.7898338437080383,0.2497744858264923
YNL024C,YKL018W,0,3.4649725,0.24477431178092957,0.7898338437080383,0.24987471103668213
YAL025C,YJL052W,0,3.464599,0.24470017850399017,0.7898338437080383,0.24997493624687195
YER070W,YLR265C,0,3.463406,0.24462610483169556,0.7898338437080383,0.25007516145706177
YCR005C,YHR062C,0,3.462655,0.24455206096172333,0.7898338437080383,0.250175416469574
YDL145C,YER141W,0,3.4625728,0.24447806179523468,0.7898338437080383,0.2502756416797638
YCL027W,YMR171C,0,3.4620907,0.24440410733222961,0.7898338437080383,0.2503758668899536
YCR045C,YLL011W,0,3.4612827,0.24433021247386932,0.7898338437080383,0.25047609210014343
YDL229W,YGR007W,0,3.461195,0.24425634741783142,0.7898338437080383,0.25057631731033325
YJL137C,YMR091C,0,3.4609644,0.2441825270652771,0.7898338437080383,0.25067654252052307
YKL065C,YGR279C,0,3.4608943,0.24410876631736755,0.7898338437080383,0.2507767975330353
YER039C,YKL018W,0,3.4606235,0.2440350353717804,0.7898338437080383,0.2508770227432251
YBR154C,YER031C,0,3.4584131,0.24396134912967682,0.7898338437080383,0.2509772479534149
YML069W,YHL033C,0,3.4567378,0.24388772249221802,0.7898338437080383,0.25107747316360474
YBR176W,YMR106C,0,3.4562945,0.2438141256570816,0.7898338437080383,0.25117769837379456
YJL096W,YBR179C,0,3.4561727,0.24374057352542877,0.7898338437080383,0.25127795338630676
YDR320C,YGL028C,0,3.4555547,0.24366706609725952,0.7898338437080383,0.2513781785964966
YLR304C,YBL005W-A,0,3.4551985,0.24359360337257385,0.7898338437080383,0.2514784038066864
YGL123W,YPL028W,0,3.4548821,0.24352020025253296,0.7898338437080383,0.2515786290168762
YDL207W,YNR040W,0,3.4545739,0.24344682693481445,0.7898338437080383,0.25167885422706604
YOL071W,YOR373W,0,3.454162,0.24337349832057953,0.7898338437080383,0.25177907943725586
YHL016C,YFL050C,1,3.4540784,0.24360132217407227,0.7908113598823547,0.25177907943725586
YOR211C,YDL229W,0,3.4536726,0.24352799355983734,0.7908113598823547,0.25187933444976807
YCR020C,YJR073C,0,3.4529462,0.243454709649086,0.7908113598823547,0.2519795596599579
YPL174C,YFL034C-A,0,3.4519413,0.24338147044181824,0.7908113598823547,0.2520797848701477
YNL322C,YDL127W,0,3.4517968,0.24330827593803406,0.7908113598823547,0.2521800100803375
YGR212W,YDR477W,0,3.450845,0.24323511123657227,0.7908113598823547,0.25228023529052734
YDR452W,YOR119C,0,3.4507873,0.24316200613975525,0.7908113598823547,0.25238046050071716
YLR333C,YNR059W,0,3.4506476,0.24308894574642181,0.7908113598823547,0.25248071551322937
YOR004W,YOR196C,0,3.4486554,0.24301591515541077,0.7908113598823547,0.2525809407234192
YFL003C,YPR186C,0,3.4483755,0.2429429441690445,0.7908113598823547,0.252681165933609
YLR066W,YGR083C,0,3.447804,0.2428700029850006,0.7908113598823547,0.25278139114379883
YLR306W,YNR069C,0,3.447635,0.2427971214056015,0.7908113598823547,0.25288161635398865
YKL056C,YDR085C,0,3.4466395,0.24272426962852478,0.7908113598823547,0.25298187136650085
YOR036W,YER169W,0,3.445618,0.24265146255493164,0.7908113598823547,0.2530820965766907
YML024W,YDR246W,0,3.445421,0.24257871508598328,0.7908113598823547,0.2531823217868805
YGL098W,YHR070W,0,3.4442074,0.2425059974193573,0.7908113598823547,0.2532825469970703
YJL100W,YOR058C,0,3.4438384,0.2424333244562149,0.7908113598823547,0.25338277220726013
YOL055C,YKR075C,0,3.4425535,0.2423606961965561,0.7908113598823547,0.25348299741744995
YKL120W,YHR026W,1,3.4425192,0.2425875961780548,0.7917888760566711,0.25348299741744995
YBL080C,YBR107C,0,3.4421623,0.242514967918396,0.7917888760566711,0.25358325242996216
YPR106W,YML001W,0,3.4405367,0.24244238436222076,0.7917888760566711,0.253683477640152
YBR298C,YIL157C,0,3.4404573,0.2423698455095291,0.7917888760566711,0.2537837028503418
YGR245C,YNL145W,0,3.4399645,0.24229733645915985,0.7917888760566711,0.2538839280605316
YLR341W,YBL105C,0,3.4375823,0.24222488701343536,0.7917888760566711,0.25398415327072144
YCR044C,YBR200W,0,3.4357595,0.24215246737003326,0.7917888760566711,0.25408440828323364
YJL116C,YJR132W,0,3.4357235,0.24208009243011475,0.7917888760566711,0.25418463349342346
YLR433C,YPL215W,0,3.4350386,0.2420077621936798,0.7917888760566711,0.2542848587036133
YOR115C,YCL040W,0,3.4348762,0.24193547666072845,0.7917888760566711,0.2543850839138031
YNR059W,YMR092C,0,3.4339464,0.24186323583126068,0.7917888760566711,0.2544853091239929
YOR019W,YCL029C,0,3.4330146,0.2417910397052765,0.7917888760566711,0.25458553433418274
YML100W,YBL039C,0,3.4321225,0.24171888828277588,0.7917888760566711,0.25468578934669495
YMR101C,YEL050C,0,3.4314816,0.24164678156375885,0.7917888760566711,0.25478601455688477
YAL008W,YBR149W,0,3.430651,0.2415747046470642,0.7917888760566711,0.2548862397670746
YHL008C,YML087C,0,3.4295585,0.24150268733501434,0.7917888760566711,0.2549864649772644
YNL326C,YIR037W,0,3.4293885,0.24143069982528687,0.7917888760566711,0.2550866901874542
YDR041W,YPL215W,0,3.429362,0.24135875701904297,0.7917888760566711,0.25518691539764404
YBR176W,YBR135W,0,3.428631,0.24128685891628265,0.7917888760566711,0.25528717041015625
YDR339C,YGR142W,0,3.4255803,0.24121500551700592,0.7917888760566711,0.25538739562034607
YGR047C,YOR192C-B,0,3.4253235,0.24114319682121277,0.7917888760566711,0.2554876208305359
YJL137C,YLR121C,0,3.424328,0.2410714328289032,0.7917888760566711,0.2555878460407257
YMR088C,YER021W,0,3.4236898,0.24099969863891602,0.7917888760566711,0.2556880712509155
YFR041C,YDR479C,0,3.4236467,0.2409280240535736,0.7917888760566711,0.25578832626342773
YIL016W,YNL257C,0,3.4234107,0.2408563792705536,0.7917888760566711,0.25588855147361755
YNL081C,YDR189W,0,3.4233954,0.24078477919101715,0.7917888760566711,0.2559887766838074
YNL054W,YAR009C,0,3.4211783,0.2407132238149643,0.7917888760566711,0.2560890018939972
YLR120C,YEL015W,0,3.4211745,0.24064171314239502,0.7917888760566711,0.256189227104187
YMR237W,YJL204C,0,3.4196112,0.24057024717330933,0.7917888760566711,0.25628945231437683
YOR079C,YHR002W,1,3.4190507,0.24079573154449463,0.7927663922309875,0.25628945231437683
YDL181W,YEL050C,0,3.4190447,0.24072425067424774,0.7927663922309875,0.25638970732688904
YPL018W,YHL026C,0,3.4184957,0.24065281450748444,0.7927663922309875,0.25648993253707886
YOR036W,YLR328W,0,3.4180777,0.2405814230442047,0.7927663922309875,0.2565901577472687
YPL227C,YLR128W,0,3.4180608,0.24051007628440857,0.7927663922309875,0.2566903829574585
YPR164W,YPL012W,0,3.4176764,0.240438774228096,0.7927663922309875,0.2567906081676483
YHR147C,YOR322C,0,3.4175727,0.24036751687526703,0.7927663922309875,0.2568908631801605
YIL023C,YIL123W,0,3.4170845,0.24029628932476044,0.7927663922309875,0.25699108839035034
YDR394W,YPR102C,0,3.4162633,0.24022512137889862,0.7927663922309875,0.25709131360054016
YJR001W,YOR083W,0,3.4146967,0.2401539832353592,0.7927663922309875,0.25719153881073
YKL195W,YBR264C,0,3.4146092,0.24008288979530334,0.7927663922309875,0.2572917640209198
YHR149C,YGL095C,0,3.4145677,0.24001184105873108,0.7927663922309875,0.2573919892311096
YHR202W,YNL167C,0,3.4136717,0.2399408221244812,0.7927663922309875,0.2574922442436218
YLL010C,YMR167W,0,3.4133625,0.2398698627948761,0.7927663922309875,0.25759246945381165
YDR221W,YJR108W,0,3.4132814,0.23979893326759338,0.7927663922309875,0.25769269466400146
YDL066W,YBR295W,0,3.4132376,0.23972804844379425,0.7927663922309875,0.2577929198741913
YOR260W,YOL147C,0,3.4124274,0.2396572083234787,0.7927663922309875,0.2578931450843811
YDR407C,YJL008C,0,3.4115674,0.23958641290664673,0.7927663922309875,0.2579933702945709
YCR075C,YDL206W,1,3.4107382,0.2398109883069992,0.793743908405304,0.2579933702945709
YNL306W,YDR166C,0,3.410014,0.23974017798900604,0.793743908405304,0.25809362530708313
YCL019W,YNL194C,0,3.4096363,0.23966942727565765,0.793743908405304,0.25819385051727295
YPR201W,YPL215W,0,3.409424,0.23959870636463165,0.793743908405304,0.25829407572746277
YER007W,YDR362C,0,3.408834,0.23952803015708923,0.793743908405304,0.2583943009376526
YER070W,YFR047C,0,3.4079733,0.2394573837518692,0.793743908405304,0.2584945261478424
YPR100W,YML054C,0,3.4074411,0.23938679695129395,0.793743908405304,0.2585947811603546
YGL089C,YBR293W,0,3.40687,0.23931623995304108,0.793743908405304,0.25869500637054443
YLR348C,YOR087W,1,3.4063525,0.23954036831855774,0.7947214245796204,0.25869500637054443
YDR393W,YEL063C,0,3.4049547,0.23946981132030487,0.7947214245796204,0.25879523158073425
YLR367W,YKL197C,0,3.4032714,0.23939929902553558,0.7947214245796204,0.2588954567909241
YKL008C,YHR184W,0,3.403181,0.23932881653308868,0.7947214245796204,0.2589956820011139
YMR202W,YOR014W,0,3.4028728,0.23925839364528656,0.7947214245796204,0.2590959072113037
YGL049C,YKL109W,0,3.4017394,0.23918800055980682,0.7947214245796204,0.2591961622238159
YLR318W,YBR290W,0,3.4017284,0.23911765217781067,0.7947214245796204,0.25929638743400574
YFR050C,YLR414C,0,3.398369,0.2390473335981369,0.7947214245796204,0.25939661264419556
YEL059C-A,YPL146C,0,3.398273,0.2389770746231079,0.7947214245796204,0.2594968378543854
YJL159W,YLR297W,0,3.3975904,0.2389068454504013,0.7947214245796204,0.2595970630645752
YBR043C,YIL039W,0,3.397052,0.23883666098117828,0.7947214245796204,0.2596973180770874
YMR322C,YGL254W,0,3.3965514,0.23876652121543884,0.7947214245796204,0.2597975432872772
YBL006C,YML081W,0,3.395787,0.2386964112520218,0.7947214245796204,0.25989776849746704
YLR360W,YLL028W,0,3.3954918,0.2386263608932495,0.7947214245796204,0.25999799370765686
YOL132W,YBL050W,0,3.3951502,0.23855634033679962,0.7947214245796204,0.2600982189178467
YFL002W-A,YNL101W,0,3.3948221,0.2384863644838333,0.7947214245796204,0.2601984441280365
YIL023C,YLR079W,0,3.3946674,0.2384164184331894,0.7947214245796204,0.2602986991405487
YIL162W,YPL089C,0,3.3941276,0.23834653198719025,0.7947214245796204,0.2603989243507385
YMR059W,YBL020W,0,3.3936336,0.2382766753435135,0.7947214245796204,0.26049914956092834
YBR024W,YEL017C-A,1,3.3935857,0.23849985003471375,0.7956989407539368,0.26049914956092834
YPL227C,YDR016C,0,3.392934,0.238429993391037,0.7956989407539368,0.26059937477111816
YOR075W,YIR017C,0,3.392191,0.2383601814508438,0.7956989407539368,0.260699599981308
YML019W,YCL057C-A,0,3.3920403,0.23829039931297302,0.7956989407539368,0.2607998251914978
YPL021W,YLR097C,0,3.390961,0.23822066187858582,0.7956989407539368,0.26090008020401
YCL054W,YGR191W,0,3.3909128,0.2381509691476822,0.7956989407539368,0.26100030541419983
YFL002W-A,YML059C,0,3.3905602,0.23808130621910095,0.7956989407539368,0.26110053062438965
YMR034C,YMR241W,1,3.389244,0.23830409348011017,0.7966764569282532,0.26110053062438965
YNR030W,YLL014W,0,3.3890755,0.23823443055152893,0.7966764569282532,0.26120075583457947
YOR022C,YLR381W,0,3.3882842,0.23816481232643127,0.7966764569282532,0.2613009810447693
YEL005C,YLL066C,0,3.386292,0.2380952388048172,0.7966764569282532,0.2614012360572815
YKL120W,YOR334W,1,3.3853662,0.23831775784492493,0.7976539731025696,0.2614012360572815
YOR298C-A,YPL246C,0,3.385041,0.23824816942214966,0.7976539731025696,0.2615014612674713
YKR046C,YOL120C,0,3.3844035,0.23817864060401917,0.7976539731025696,0.26160168647766113
YKL175W,YKR052C,1,3.3826334,0.23840093612670898,0.798631489276886,0.26160168647766113
YIL023C,YLL051C,1,3.3824008,0.23862309753894806,0.7996090054512024,0.26160168647766113
YDR212W,YBR135W,0,3.3823051,0.2385535091161728,0.7996090054512024,0.26170191168785095
YFR041C,YNL247W,0,3.3817818,0.2384839653968811,0.7996090054512024,0.26180213689804077
YDR339C,YPR063C,0,3.3771663,0.2384144514799118,0.7996090054512024,0.2619023621082306
YJL093C,YIL124W,0,3.3770187,0.2383449822664261,0.7996090054512024,0.2620026171207428
YOR150W,YJL204C,0,3.3766909,0.23827555775642395,0.7996090054512024,0.2621028423309326
YDR289C,YNL256W,0,3.3759873,0.2382061779499054,0.7996090054512024,0.26220306754112244
YHR080C,YKR089C,0,3.3753912,0.23813682794570923,0.7996090054512024,0.26230329275131226
YML022W,YIL082W-A,0,3.374768,0.23806752264499664,0.7996090054512024,0.2624035179615021
YLR292C,YNL293W,0,3.374234,0.23799824714660645,0.7996090054512024,0.2625037729740143
YMR237W,YDR165W,0,3.373231,0.23792903125286102,0.7996090054512024,0.2626039981842041
YBR012W-B,YBR293W,0,3.372959,0.237859845161438,0.7996090054512024,0.2627042233943939
YCR096C,YHL031C,0,3.372916,0.23779070377349854,0.7996090054512024,0.26280444860458374
YIL044C,YGR099W,0,3.3726032,0.23772159218788147,0.7996090054512024,0.26290467381477356
YOR368W,YEL027W,0,3.3720667,0.23765252530574799,0.7996090054512024,0.2630048990249634
YPL241C,YGR227W,0,3.371665,0.23758350312709808,0.7996090054512024,0.2631051540374756
YDL210W,YEL031W,1,3.3706791,0.23780487477779388,0.8005865216255188,0.2631051540374756
YKL165C,YOR071C,1,3.3697183,0.23802612721920013,0.8015640377998352,0.2631051540374756
YDL193W,YAR008W,0,3.3695462,0.23795704543590546,0.8015640377998352,0.2632053792476654
YOR019W,YPL207W,0,3.3690119,0.23788802325725555,0.8015640377998352,0.2633056044578552
YLR284C,YPR017C,0,3.3688552,0.23781903088092804,0.8015640377998352,0.26340582966804504
YBR298C,YNL275W,0,3.3687193,0.2377500683069229,0.8015640377998352,0.26350605487823486
YIL120W,YNL021W,0,3.3653286,0.23768116533756256,0.8015640377998352,0.2636062800884247
YPR192W,YNL270C,0,3.3646314,0.2376122921705246,0.8015640377998352,0.2637065351009369
YCL075W,YOR273C,0,3.3646088,0.23754344880580902,0.8015640377998352,0.2638067603111267
YLR175W,YLL053C,0,3.3639376,0.23747466504573822,0.8015640377998352,0.26390698552131653
YIR028W,YGR037C,0,3.363023,0.2374059110879898,0.8015640377998352,0.26400721073150635
YGR059W,YER094C,0,3.3620865,0.23733718693256378,0.8015640377998352,0.26410743594169617
YLR431C,YDL210W,0,3.3617446,0.23726852238178253,0.8015640377998352,0.2642076909542084
YNL169C,YNL119W,0,3.361428,0.23719988763332367,0.8015640377998352,0.2643079161643982
YKL062W,YBL082C,0,3.361154,0.2371312826871872,0.8015640377998352,0.264408141374588
YKR045C,YNL268W,0,3.3606598,0.2370627373456955,0.8015640377998352,0.26450836658477783
YGR067C,YER095W,0,3.3602946,0.23699422180652618,0.8015640377998352,0.26460859179496765
YBR078W,YPR075C,0,3.3590748,0.23692575097084045,0.8015640377998352,0.26470881700515747
YDR085C,YOR334W,0,3.355818,0.2368573099374771,0.8015640377998352,0.2648090720176697
YJR095W,YOL096C,0,3.3534176,0.23678891360759735,0.8015640377998352,0.2649092972278595
YJL046W,YBR168W,0,3.3518069,0.23672054708003998,0.8015640377998352,0.2650095224380493
YLL014W,YDL119C,0,3.351174,0.23665224015712738,0.8015640377998352,0.26510974764823914
YGL003C,YML126C,0,3.3498366,0.23658396303653717,0.8015640377998352,0.26520997285842896
YGL124C,YNL323W,0,3.3482544,0.23651571571826935,0.8015640377998352,0.26531022787094116
YLL018C-A,YMR301C,1,3.3450325,0.23673586547374725,0.8025415539741516,0.26531022787094116
YPL207W,YDL102W,0,3.3445508,0.23666763305664062,0.8025415539741516,0.265410453081131
YML130C,YNL257C,0,3.3441916,0.23659943044185638,0.8025415539741516,0.2655106782913208
YBR295W,YBR069C,1,3.3440964,0.23681935667991638,0.803519070148468,0.2655106782913208
YMR275C,YHL009W-B,0,3.3439982,0.23675115406513214,0.803519070148468,0.2656109035015106
YER180C,YGR109W-A,0,3.3430998,0.2366829812526703,0.803519070148468,0.26571112871170044
YNL128W,YGL029W,0,3.3396091,0.23661485314369202,0.803519070148468,0.26581135392189026
YAR050W,YJL196C,0,3.3390083,0.23654676973819733,0.803519070148468,0.26591160893440247
YPL249C,YGR124W,0,3.3383102,0.23647871613502502,0.803519070148468,0.2660118341445923
YIL018W,YNL097C,0,3.3377297,0.2364106923341751,0.803519070148468,0.2661120593547821
YMR059W,YEL058W,0,3.3375046,0.23634272813796997,0.803519070148468,0.2662122845649719
YJR159W,YIR017C,0,3.3373573,0.23627479374408722,0.803519070148468,0.26631250977516174
YBR265W,YJR161C,0,3.3370278,0.23620688915252686,0.803519070148468,0.26641273498535156
YIL041W,YOR079C,0,3.3362167,0.23613904416561127,0.803519070148468,0.26651298999786377
YHL019C,YBL027W,0,3.3350456,0.23607122898101807,0.803519070148468,0.2666132152080536
YOL023W,YCL069W,0,3.3347516,0.23600344359874725,0.803519070148468,0.2667134404182434
YDR178W,YGL246C,0,3.3347337,0.23593570291996002,0.803519070148468,0.2668136656284332
YNL128W,YDR264C,0,3.3338814,0.23586800694465637,0.803519070148468,0.26691389083862305
YFR053C,YBR065C,0,3.3314798,0.2358003407716751,0.803519070148468,0.26701414585113525
YLL018C-A,YKR052C,1,3.3310053,0.23601950705051422,0.8044965863227844,0.26701414585113525
YHR191C,YOR157C,0,3.3286126,0.23595184087753296,0.8044965863227844,0.2671143710613251
YJL093C,YBR087W,0,3.3283765,0.23588420450687408,0.8044965863227844,0.2672145962715149
YGL033W,YMR153W,0,3.3281572,0.2358166128396988,0.8044965863227844,0.2673148214817047
YPR134W,YJL014W,0,3.3279004,0.23574906587600708,0.8044965863227844,0.26741504669189453
YDR481C,YOR048C,0,3.3277242,0.23568156361579895,0.8044965863227844,0.26751527190208435
YPL060W,YDL185W,1,3.3264139,0.2359003722667694,0.8054741024971008,0.26751527190208435
YDR143C,YPR158W-B,0,3.3257413,0.23583285510540009,0.8054741024971008,0.26761552691459656
YPR067W,YMR100W,0,3.3247423,0.23576538264751434,0.8054741024971008,0.2677157521247864
YOL027C,YMR241W,1,3.3246443,0.2359839826822281,0.8064516186714172,0.2677157521247864
YPL074W,YJL207C,0,3.3236344,0.23591649532318115,0.8064516186714172,0.2678159773349762
YCR038C,YBL017C,0,3.3228385,0.2358490526676178,0.8064516186714172,0.267916202545166
YMR053C,YDR247W,0,3.3223262,0.23578165471553802,0.8064516186714172,0.26801642775535583
YER060W-A,YCL075W,0,3.3220139,0.23571428656578064,0.8064516186714172,0.26811668276786804
YBR102C,YHL006C,0,3.3217654,0.23564696311950684,0.8064516186714172,0.26821690797805786
YGR088W,YBL093C,0,3.3213694,0.23557966947555542,0.8064516186714172,0.2683171331882477
YLR336C,YHL028W,0,3.3210976,0.23551242053508759,0.8064516186714172,0.2684173583984375
YHR076W,YER159C-A,0,3.3209908,0.23544520139694214,0.8064516186714172,0.2685175836086273
YOL103W,YBR091C,0,3.320274,0.23537802696228027,0.8064516186714172,0.26861780881881714
YPR181C,YJL219W,0,3.319928,0.235310897231102,0.8064516186714172,0.26871806383132935
YFR008W,YPL189W,0,3.3188374,0.2352437973022461,0.8064516186714172,0.26881828904151917
YLL035W,YLR185W,0,3.318206,0.23517674207687378,0.8064516186714172,0.268918514251709
YPR100W,YBR211C,0,3.3180807,0.23510971665382385,0.8064516186714172,0.2690187394618988
YCR020C,YNL064C,0,3.3175852,0.2350427359342575,0.8064516186714172,0.2691189646720886
YOL152W,YPL069C,0,3.3174856,0.23497578501701355,0.8064516186714172,0.26921918988227844
YOR245C,YCR098C,0,3.3174403,0.23490887880325317,0.8064516186714172,0.26931944489479065
YFL034C-A,YDR148C,0,3.316879,0.23484201729297638,0.8064516186714172,0.26941967010498047
YNL093W,YML067C,0,3.3151467,0.23477518558502197,0.8064516186714172,0.2695198953151703
YKL165C,YLR138W,1,3.3149257,0.2349928915500641,0.8074291348457336,0.2695198953151703
YJL094C,YOR071C,1,3.314805,0.23521046340465546,0.80840665102005,0.2695198953151703
YKR039W,YNL047C,0,3.3144124,0.23514358699321747,0.80840665102005,0.2696201205253601
YMR217W,YPR029C,0,3.313642,0.23507675528526306,0.80840665102005,0.2697203457355499
YOL096C,YBR135W,0,3.3127131,0.23500995337963104,0.80840665102005,0.26982060074806213
YLR442C,YHR136C,0,3.3109474,0.2349431812763214,0.80840665102005,0.26992082595825195
YGL065C,YIL073C,0,3.3107572,0.23487645387649536,0.80840665102005,0.2700210511684418
YFL029C,YJL113W,0,3.3105557,0.2348097711801529,0.80840665102005,0.2701212763786316
YOR214C,YOL080C,0,3.3076677,0.2347431182861328,0.80840665102005,0.2702215015888214
YLR313C,YOR374W,0,3.3075645,0.2346765100955963,0.80840665102005,0.27032172679901123
YDR098C-B,YBL082C,0,3.3069575,0.2346099317073822,0.80840665102005,0.27042198181152344
YDR314C,YHR104W,0,3.3066442,0.23454339802265167,0.80840665102005,0.27052220702171326
YHR138C,YDR324C,0,3.3057175,0.23447689414024353,0.80840665102005,0.2706224322319031
YPL005W,YDR258C,0,3.3054454,0.23441043496131897,0.80840665102005,0.2707226574420929
YPL203W,YDR363W,0,3.3053248,0.2343440055847168,0.80840665102005,0.2708228826522827
YNL284C-B,YPL149W,0,3.304641,0.2342776209115982,0.80840665102005,0.2709231376647949
YGL098W,YML042W,0,3.3042333,0.234211266040802,0.80840665102005,0.27102336287498474
YGR284C,YML009C,0,3.3024585,0.23414495587348938,0.80840665102005,0.27112358808517456
YFL034C-A,YDR027C,0,3.302086,0.23407869040966034,0.80840665102005,0.2712238132953644
YDL214C,YDR363W,0,3.3016617,0.2340124547481537,0.80840665102005,0.2713240385055542
YPL018W,YDR020C,0,3.3016112,0.23394624888896942,0.80840665102005,0.271424263715744
YCR069W,YLR056W,0,3.301346,0.23388008773326874,0.80840665102005,0.2715245187282562
YGL084C,YGR184C,0,3.300802,0.23381397128105164,0.80840665102005,0.27162474393844604
YPL105C,YEL046C,0,3.3002155,0.23374788463115692,0.80840665102005,0.27172496914863586
YOR064C,YFR044C,0,3.2999074,0.2336818277835846,0.80840665102005,0.2718251943588257
YCR010C,YNL051W,0,3.2984464,0.23361581563949585,0.80840665102005,0.2719254195690155
YBR251W,YDL119C,0,3.296469,0.23354984819889069,0.80840665102005,0.2720256447792053
YDR462W,YGL219C,0,3.2961428,0.2334839105606079,0.80840665102005,0.27212589979171753
YPL063W,YPR184W,0,3.2960644,0.23341800272464752,0.80840665102005,0.27222612500190735
YGL168W,YDL135C,0,3.295105,0.23335213959217072,0.80840665102005,0.27232635021209717
YFL050C,YEL031W,1,3.294443,0.23356840014457703,0.8093841671943665,0.27232635021209717
YLL038C,YNR041C,0,3.293711,0.23350253701210022,0.8093841671943665,0.272426575422287
YER078C,YGR103W,0,3.292248,0.2334367036819458,0.8093841671943665,0.2725268006324768
YFR044C,YDR261W-B,0,3.2908676,0.23337091505527496,0.8093841671943665,0.272627055644989
YGL089C,YER170W,0,3.2904882,0.2333051562309265,0.8093841671943665,0.27272728085517883
YOR361C,YPL106C,0,3.2884114,0.23323944211006165,0.8093841671943665,0.27282750606536865
YBR295W,YHR111W,0,3.2877839,0.23317375779151917,0.8093841671943665,0.27292773127555847
YPL156C,YLR083C,0,3.2861574,0.23310810327529907,0.8093841671943665,0.2730279564857483
YDR495C,YMR202W,0,3.2857745,0.23304249346256256,0.8093841671943665,0.2731281816959381
YOR357C,YOL006C,0,3.285248,0.23297692835330963,0.8093841671943665,0.2732284367084503
YMR149W,YBR166C,0,3.2850735,0.2329113930463791,0.8093841671943665,0.27332866191864014
YPL056C,YHR017W,0,3.28463,0.23284588754177094,0.8093841671943665,0.27342888712882996
YPL217C,YIR007W,0,3.282685,0.23278042674064636,0.8093841671943665,0.2735291123390198
YMR023C,YDR323C,0,3.2826173,0.23271501064300537,0.8093841671943665,0.2736293375492096
YLR308W,YGR080W,0,3.2815907,0.23264962434768677,0.8093841671943665,0.2737295925617218
YLL042C,YDR202C,0,3.2794878,0.23258426785469055,0.8093841671943665,0.2738298177719116
YHR079C-A,YOL006C,0,3.2767775,0.23251895606517792,0.8093841671943665,0.27393004298210144
YER166W,YEL051W,1,3.2766483,0.23273441195487976,0.8103616833686829,0.27393004298210144
YNL130C,YDR349C,0,3.2755463,0.23266910016536713,0.8103616833686829,0.27403026819229126
YCR075C,YEL031W,1,3.2749965,0.23288439214229584,0.8113391995429993,0.27403026819229126
YAL002W,YCR017C,0,3.2738554,0.2328190803527832,0.8113391995429993,0.2741304934024811
YAL020C,YLR370C,0,3.2733061,0.23275378346443176,0.8113391995429993,0.2742307186126709
YPR067W,YPR073C,0,3.2717545,0.2326885312795639,0.8113391995429993,0.2743309736251831
YFR041C,YER176W,0,3.2716086,0.23262332379817963,0.8113391995429993,0.2744311988353729
YJL104W,YIL113W,0,3.271549,0.23255814611911774,0.8113391995429993,0.27453142404556274
YNL067W,YOR371C,0,3.2714076,0.23249299824237823,0.8113391995429993,0.27463164925575256
YPR021C,YFL050C,1,3.2697966,0.2327079176902771,0.8123167157173157,0.27463164925575256
YHL017W,YOL065C,0,3.2682269,0.2326427698135376,0.8123167157173157,0.2747318744659424
YOL058W,YEL038W,0,3.2658324,0.23257766664028168,0.8123167157173157,0.2748320996761322
YGR041W,YNL257C,0,3.2649767,0.23251259326934814,0.8123167157173157,0.2749323546886444
YBR024W,YER185W,1,3.2648695,0.2327272742986679,0.8132942318916321,0.2749323546886444
YBR229C,YDR380W,0,3.2636416,0.23266218602657318,0.8132942318916321,0.27503257989883423
YCR094W,YNL053W,0,3.2625363,0.23259714245796204,0.8132942318916321,0.27513280510902405
YNL259C,YCR037C,1,3.2621486,0.23281162977218628,0.8142717480659485,0.27513280510902405
YCR107W,YCR089W,0,3.2614694,0.23274657130241394,0.8142717480659485,0.27523303031921387
YGR074W,YLR060W,0,3.2607286,0.23268155753612518,0.8142717480659485,0.2753332555294037
YKL220C,YJL111W,0,3.260568,0.23261658847332,0.8142717480659485,0.2754335105419159
YGL171W,YLR307W,0,3.2602098,0.23255164921283722,0.8142717480659485,0.2755337357521057
YOR032C,YBR185C,0,3.2582839,0.23248673975467682,0.8142717480659485,0.27563396096229553
YJR117W,YBR176W,0,3.258013,0.232421875,0.8142717480659485,0.27573418617248535
YBR162C,YDR162C,0,3.2578228,0.23235704004764557,0.8142717480659485,0.27583441138267517
YER041W,YBR084W,0,3.2576797,0.23229224979877472,0.8142717480659485,0.275934636592865
YJR044C,YOR001W,0,3.2574499,0.23222748935222626,0.8142717480659485,0.2760348916053772
YBL002W,YDR027C,0,3.2570922,0.23216275870800018,0.8142717480659485,0.276135116815567
YDR500C,YMR058W,0,3.256592,0.2320980727672577,0.8142717480659485,0.27623534202575684
YMR059W,YDR465C,0,3.2565851,0.23203343152999878,0.8142717480659485,0.27633556723594666
YCR107W,YPL137C,0,3.2565205,0.23196880519390106,0.8142717480659485,0.2764357924461365
YJL129C,YDL210W,1,3.2543101,0.23218262195587158,0.8152492642402649,0.2764357924461365
YOR245C,YMR175W,0,3.2541015,0.23211801052093506,0.8152492642402649,0.2765360474586487
YMR052W,YNL116W,0,3.2539377,0.23205342888832092,0.8152492642402649,0.2766362726688385
YDR437W,YCL029C,0,3.2538927,0.23198887705802917,0.8152492642402649,0.2767364978790283
YDR128W,YOL051W,0,3.2537842,0.23192435503005981,0.8152492642402649,0.27683672308921814
YBR267W,YJL101C,0,3.252856,0.23185987770557404,0.8152492642402649,0.27693694829940796
YLR190W,YLR226W,0,3.250674,0.23179544508457184,0.8152492642402649,0.2770371735095978
YER166W,YDR524C,0,3.2499979,0.23173104226589203,0.8152492642402649,0.27713742852211
YLR299W,YMR235C,0,3.2498438,0.2316666692495346,0.8152492642402649,0.2772376537322998
YPR007C,YBL075C,0,3.249593,0.23160232603549957,0.8152492642402649,0.2773378789424896
YER026C,YKR052C,0,3.248968,0.23153802752494812,0.8152492642402649,0.27743810415267944
YOR328W,YMR045C,0,3.2484338,0.23147377371788025,0.8152492642402649,0.27753832936286926
YDL004W,YLR348C,1,3.2478745,0.2316870093345642,0.8162267804145813,0.27753832936286926
YOR198C,YLR034C,0,3.2475562,0.23162274062633514,0.8162267804145813,0.2776385545730591
YER041W,YDR264C,0,3.247527,0.23155851662158966,0.8162267804145813,0.2777388095855713
YHR202W,YGR038C-A,0,3.2470963,0.23149432241916656,0.8162267804145813,0.2778390347957611
YPL275W,YKL194C,0,3.2458389,0.23143015801906586,0.8162267804145813,0.2779392600059509
YHL050C,YNL007C,0,3.2456968,0.23136602342128754,0.8162267804145813,0.27803948521614075
YDR119W,YJL041W,0,3.2452211,0.2313019335269928,0.8162267804145813,0.27813971042633057
YAL007C,YKR098C,0,3.2448165,0.23123788833618164,0.8162267804145813,0.2782399654388428
YAL020C,YDR085C,0,3.244487,0.23117385804653168,0.8162267804145813,0.2783401906490326
YKR058W,YKL183W,0,3.2444136,0.2311098873615265,0.8162267804145813,0.2784404158592224
YHL007C,YOR167C,0,3.2441194,0.2310459315776825,0.8162267804145813,0.27854064106941223
YMR166C,YNL116W,0,3.2438562,0.23098202049732208,0.8162267804145813,0.27864086627960205
YCR097W,YLR414C,0,3.2429547,0.23091813921928406,0.8162267804145813,0.27874109148979187
YNL213C,YBR087W,0,3.2420528,0.23085430264472961,0.8162267804145813,0.2788413465023041
YML115C,YER102W,0,3.2419612,0.23079049587249756,0.8162267804145813,0.2789415717124939
YGR082W,YJR019C,0,3.241897,0.2307267189025879,0.8162267804145813,0.2790417969226837
YGL098W,YPL160W,0,3.2417176,0.2306629866361618,0.8162267804145813,0.27914202213287354
YMR158W,YLR139C,0,3.240516,0.2305992841720581,0.8162267804145813,0.27924224734306335
YMR068W,YGR087C,0,3.240012,0.2305356115102768,0.8162267804145813,0.27934250235557556
YLR246W,YLL067C,0,3.238468,0.23047198355197906,0.8162267804145813,0.2794427275657654
YMR204C,YHL047C,0,3.2375774,0.23040838539600372,0.8162267804145813,0.2795429527759552
YDR142C,YMR121C,0,3.2373054,0.23034483194351196,0.8162267804145813,0.279643177986145
YOL075C,YJL094C,0,3.2372816,0.2302813082933426,0.8162267804145813,0.27974340319633484
YLR075W,YKL157W,0,3.2368128,0.2302178144454956,0.8162267804145813,0.27984362840652466
YPL056C,YNL090W,0,3.2365344,0.230154350399971,0.8162267804145813,0.27994388341903687
YNL021W,YOR065W,0,3.2364101,0.23009093105793,0.8162267804145813,0.2800441086292267
YGR014W,YGL245W,0,3.235977,0.23002754151821136,0.8162267804145813,0.2801443338394165
YPL149W,YLR155C,0,3.2358346,0.22996419668197632,0.8162267804145813,0.2802445590496063
YLR423C,YCR037C,0,3.2340696,0.22990088164806366,0.8162267804145813,0.28034478425979614
YAL068C,YJR159W,0,3.2312489,0.2298375964164734,0.8162267804145813,0.28044500946998596
YIL084C,YMR051C,0,3.2309287,0.2297743558883667,0.8162267804145813,0.28054526448249817
YGL206C,YLR361C,0,3.230737,0.2297111451625824,0.8162267804145813,0.280645489692688
YPR094W,YCR005C,0,3.2306414,0.22964796423912048,0.8162267804145813,0.2807457149028778
YBR043C,YKR087C,0,3.229438,0.22958482801914215,0.8162267804145813,0.2808459401130676
YER083C,YKL129C,0,3.2293563,0.2295217216014862,0.8162267804145813,0.28094616532325745
YJL036W,YGR296W,0,3.228834,0.22945864498615265,0.8162267804145813,0.28104642033576965
YAL048C,YNL139C,0,3.2284014,0.22939559817314148,0.8162267804145813,0.2811466455459595
YJL138C,YPR201W,0,3.2277763,0.2293325960636139,0.8162267804145813,0.2812468707561493
YER160C,YPR155C,0,3.2276018,0.22926963865756989,0.8162267804145813,0.2813470959663391
YML121W,YFR003C,0,3.2272491,0.22920669615268707,0.8162267804145813,0.28144732117652893
YAL005C,YER031C,0,3.2265885,0.22914379835128784,0.8162267804145813,0.28154754638671875
YKL188C,YIL041W,0,3.2256339,0.229080930352211,0.8162267804145813,0.28164780139923096
YMR060C,YFL062W,0,3.2253776,0.22901810705661774,0.8162267804145813,0.2817480266094208
YDR299W,YER069W,0,3.2251859,0.22895529866218567,0.8162267804145813,0.2818482518196106
YNL083W,YCR023C,1,3.2247753,0.2291666716337204,0.8172042965888977,0.2818482518196106
YIL085C,YJR010C-A,0,3.2247727,0.22910386323928833,0.8172042965888977,0.2819484770298004
YOR158W,YLR221C,0,3.2247398,0.22904109954833984,0.8172042965888977,0.28204870223999023
YHR202W,YDL211C,0,3.223666,0.22897836565971375,0.8172042965888977,0.28214895725250244
YLR190W,YMR086W,0,3.2233522,0.22891566157341003,0.8172042965888977,0.28224918246269226
YPR082C,YCR053W,0,3.2229135,0.2288530021905899,0.8172042965888977,0.2823494076728821
YOR339C,YBL025W,0,3.2223103,0.22879037261009216,0.8172042965888977,0.2824496328830719
YLL018C-A,YBR106W,1,3.2219834,0.22900137305259705,0.8181818127632141,0.2824496328830719
YPL175W,YLR418C,0,3.221534,0.2289387285709381,0.8181818127632141,0.2825498580932617
YIL023C,YPL060W,1,3.2211337,0.22914958000183105,0.8191593289375305,0.2825498580932617
YCR044C,YGL253W,0,3.2201717,0.22908693552017212,0.8191593289375305,0.28265008330345154
YCL057C-A,YOR033C,0,3.2199614,0.22902432084083557,0.8191593289375305,0.28275033831596375
YOR022C,YMR262W,0,3.2196958,0.2289617508649826,0.8191593289375305,0.28285056352615356
YAL020C,YMR292W,0,3.2194915,0.22889921069145203,0.8191593289375305,0.2829507887363434
YKL002W,YNL321W,0,3.2192466,0.22883670032024384,0.8191593289375305,0.2830510139465332
YMR217W,YDL019C,0,3.2181292,0.22877423465251923,0.8191593289375305,0.283151239156723
YDL229W,YOR255W,0,3.2175186,0.2287117838859558,0.8191593289375305,0.28325146436691284
YOR357C,YPL060W,0,3.2165167,0.22864939272403717,0.8191593289375305,0.28335171937942505
YNL245C,YGR038W,0,3.2164981,0.22858701646327972,0.8191593289375305,0.28345194458961487
YMR053C,YDL192W,0,3.2161412,0.22852468490600586,0.8191593289375305,0.2835521697998047
YIL124W,YML013W,0,3.2159688,0.22846238315105438,0.8191593289375305,0.2836523950099945
YLL018C-A,YFR032C-A,0,3.2155018,0.2284001111984253,0.8191593289375305,0.2837526202201843
YJL094C,YKL220C,1,3.2152464,0.2286103516817093,0.8201368451118469,0.2837526202201843
YNL081C,YHR024C,0,3.2150362,0.2285480797290802,0.8201368451118469,0.28385287523269653
YLR341W,YPL169C,0,3.2149086,0.2284858375787735,0.8201368451118469,0.28395310044288635
YML008C,YOR273C,0,3.214874,0.22842362523078918,0.8201368451118469,0.28405332565307617
YBR139W,YNL036W,0,3.2148476,0.22836145758628845,0.8201368451118469,0.284153550863266
YDR359C,YJL160C,0,3.2128289,0.2282993197441101,0.8201368451118469,0.2842537760734558
YNR008W,YGL133W,0,3.2126815,0.22823721170425415,0.8201368451118469,0.28435400128364563
YJL093C,YOL100W,0,3.2122986,0.22817514836788177,0.8201368451118469,0.28445425629615784
YBR295W,YIL008W,0,3.212251,0.2281130999326706,0.8201368451118469,0.28455448150634766
YOL127W,YJL056C,0,3.2117736,0.228051096200943,0.8201368451118469,0.2846547067165375
YML125C,YMR153W,0,3.211377,0.22798913717269897,0.8201368451118469,0.2847549319267273
YGL145W,YGL219C,0,3.2111619,0.22792719304561615,0.8201368451118469,0.2848551571369171
YCL026C-A,YKL069W,0,3.2102964,0.2278652936220169,0.8201368451118469,0.2849554121494293
YDR292C,YLR223C,0,3.2099903,0.22780342400074005,0.8201368451118469,0.28505563735961914
YPL074W,YOR178C,0,3.209926,0.22774158418178558,0.8201368451118469,0.28515586256980896
YIL117C,YGR188C,0,3.2092059,0.2276797890663147,0.8201368451118469,0.2852560877799988
YBR176W,YDR483W,0,3.2079613,0.227618008852005,0.8201368451118469,0.2853563129901886
YOL027C,YDR244W,0,3.2066104,0.2275562733411789,0.8201368451118469,0.2854565382003784
YOR064C,YLR097C,0,3.2064216,0.22749458253383636,0.8201368451118469,0.2855567932128906
YDR078C,YLR007W,0,3.2052715,0.22743290662765503,0.8201368451118469,0.28565701842308044
YCR096C,YJR135W-A,0,3.2042985,0.22737127542495728,0.8201368451118469,0.28575724363327026
YKR013W,YPL158C,0,3.2035067,0.2273096740245819,0.8201368451118469,0.2858574688434601
YML025C,YCR067C,0,3.2032282,0.22724810242652893,0.8201368451118469,0.2859576940536499
YGL206C,YOR191W,0,3.2028482,0.22718657553195953,0.8201368451118469,0.2860579192638397
YIL087C,YNL308C,0,3.2011602,0.22712506353855133,0.8201368451118469,0.28615817427635193
YGL134W,YHR196W,0,3.200839,0.2270635962486267,0.8201368451118469,0.28625839948654175
YBR235W,YLL016W,0,3.2003434,0.22700215876102448,0.8201368451118469,0.28635862469673157
YKL002W,YJR139C,0,3.200091,0.22694076597690582,0.8201368451118469,0.2864588499069214
YGR004W,YLR433C,0,3.200002,0.22687938809394836,0.8201368451118469,0.2865590751171112
YGR082W,YGL139W,0,3.1990335,0.2268180549144745,0.8201368451118469,0.2866593301296234
YMR034C,YBR132C,1,3.1986816,0.227027028799057,0.8211143612861633,0.2866593301296234
YHR036W,YDL101C,0,3.1979797,0.22696568071842194,0.8211143612861633,0.28675955533981323
YJL167W,YGR208W,0,3.1975605,0.22690437734127045,0.8211143612861633,0.28685978055000305
YDR210W-B,YDR298C,0,3.1975455,0.22684310376644135,0.8211143612861633,0.28696000576019287
YLR166C,YKL040C,0,3.1963856,0.22678185999393463,0.8211143612861633,0.2870602309703827
YER185W,YGL071W,1,3.196238,0.22699055075645447,0.8220918774604797,0.2870602309703827
YLR229C,YCL016C,0,3.1946816,0.22692930698394775,0.8220918774604797,0.2871604561805725
YOR259C,YGR094W,0,3.1946614,0.22686809301376343,0.8220918774604797,0.2872607111930847
YFL011W,YJL025W,0,3.194125,0.2268069088459015,0.8220918774604797,0.28736093640327454
YLR205C,YGR046W,0,3.1936297,0.22674575448036194,0.8220918774604797,0.28746116161346436
YJL138C,YMR118C,0,3.1934855,0.22668462991714478,0.8220918774604797,0.2875613868236542
YLR242C,YNL306W,0,3.1931612,0.2266235500574112,0.8220918774604797,0.287661612033844
YPL063W,YGR058W,0,3.1928163,0.2265625,0.8220918774604797,0.2877618670463562
YPR100W,YDR261W-B,0,3.1927211,0.2265014797449112,0.8220918774604797,0.287862092256546
YOR150W,YPR105C,0,3.191859,0.22644048929214478,0.8220918774604797,0.28796231746673584
YLR074C,YDR352W,0,3.1895351,0.22637954354286194,0.8220918774604797,0.28806254267692566
YAL023C,YOR056C,0,3.1889076,0.2263186275959015,0.8220918774604797,0.2881627678871155
YDR261W-B,YLR430W,0,3.1880395,0.22625774145126343,0.8220918774604797,0.2882629930973053
YDR406W,YMR017W,0,3.186989,0.22619688510894775,0.8220918774604797,0.2883632481098175
YIL101C,YER102W,0,3.1857412,0.22613605856895447,0.8220918774604797,0.2884634733200073
YEL020C,YPL004C,0,3.1856365,0.22607526183128357,0.8220918774604797,0.28856369853019714
YBR235W,YCR067C,0,3.1855307,0.22601450979709625,0.8220918774604797,0.28866392374038696
YNL024C,YMR045C,0,3.184736,0.22595378756523132,0.8220918774604797,0.2887641489505768
YLR092W,YGL077C,1,3.1846907,0.22616170346736908,0.8230693936347961,0.2887641489505768
YKL056C,YNL288W,0,3.184306,0.22610096633434296,0.8230693936347961,0.2888643741607666
YJR145C,YPR137C-B,0,3.1842434,0.22604027390480042,0.8230693936347961,0.2889646291732788
YOR032C,YLR154C,0,3.183026,0.22597959637641907,0.8230693936347961,0.28906485438346863
YDR180W,YMR286W,0,3.1814132,0.2259189635515213,0.8230693936347961,0.28916507959365845
YDL051W,YPR103W,0,3.1796248,0.22585837543010712,0.8230693936347961,0.28926530480384827
YDR027C,YER056C-A,0,3.1794512,0.22579780220985413,0.8230693936347961,0.2893655300140381
YHR140W,YLR128W,0,3.1783383,0.22573725879192352,0.8230693936347961,0.2894657850265503
YFL039C,YPL061W,0,3.1779165,0.2256767600774765,0.8230693936347961,0.2895660102367401
YDR127W,YFL056C,0,3.1777995,0.22561629116535187,0.8230693936347961,0.28966623544692993
YHR036W,YGR256W,0,3.1760776,0.22555585205554962,0.8230693936347961,0.28976646065711975
YPL036W,YEL031W,1,3.1747444,0.2257632613182068,0.8240469098091125,0.28976646065711975
YDL206W,YDL100C,1,3.1727626,0.2259705513715744,0.825024425983429,0.28976646065711975
YPL013C,YJR099W,0,3.1720889,0.22591006755828857,0.825024425983429,0.28986668586730957
YOR022C,YPL153C,0,3.1720293,0.22584961354732513,0.825024425983429,0.2899669110774994
YLR229C,YJR118C,0,3.1719248,0.22578918933868408,0.825024425983429,0.2900671660900116
YBR146W,YGR227W,0,3.1712978,0.2257288098335266,0.825024425983429,0.2901673913002014
YFL002W-A,YIL038C,0,3.170901,0.22566844522953033,0.825024425983429,0.29026761651039124
YAR042W,YJL048C,0,3.1706717,0.22560812532901764,0.825024425983429,0.29036784172058105
YER063W,YMR205C,0,3.1701825,0.22554783523082733,0.825024425983429,0.2904680669307709
YDL146W,YAL032C,0,3.169164,0.2254875749349594,0.825024425983429,0.2905683219432831
YDR111C,YLR001C,0,3.1689117,0.22542734444141388,0.825024425983429,0.2906685471534729
YMR306W,YHR171W,0,3.1677203,0.22536715865135193,0.825024425983429,0.2907687723636627
YML063W,YDR210W-B,0,3.167135,0.22530698776245117,0.825024425983429,0.29086899757385254
YLL035W,YML110C,0,3.1665905,0.225246861577034,0.825024425983429,0.29096922278404236
YMR154C,YML065W,0,3.1663759,0.2251867651939392,0.825024425983429,0.2910694479942322
YPR052C,YBR023C,0,3.1657178,0.2251266986131668,0.825024425983429,0.2911697030067444
YFL003C,YPL178W,0,3.1651928,0.2250666618347168,0.825024425983429,0.2912699282169342
YDL082W,YHR106W,0,3.1644032,0.22500666975975037,0.825024425983429,0.291370153427124
YDR107C,YER039C,0,3.1638381,0.22494669258594513,0.825024425983429,0.29147037863731384
YGR086C,YDR244W,0,3.1636722,0.22488676011562347,0.825024425983429,0.29157060384750366
YJR117W,YOR007C,0,3.1633823,0.2248268574476242,0.825024425983429,0.2916708290576935
YML042W,YNR033W,0,3.1633186,0.22476698458194733,0.825024425983429,0.2917710840702057
YDL146W,YDR545W,0,3.1627347,0.22470714151859283,0.825024425983429,0.2918713092803955
YKR053C,YNL197C,0,3.162302,0.22464732825756073,0.825024425983429,0.2919715344905853
YGL196W,YER146W,0,3.1622884,0.224587544798851,0.825024425983429,0.29207175970077515
YBR033W,YNL162W,0,3.1619356,0.22452780604362488,0.825024425983429,0.29217198491096497
YMR202W,YDR420W,0,3.161442,0.22446808218955994,0.825024425983429,0.2922722399234772
YFL025C,YCR037C,0,3.1614125,0.22440840303897858,0.825024425983429,0.292372465133667
YCL057C-A,YPR133C,0,3.161074,0.2243487536907196,0.825024425983429,0.2924726903438568
YHR202W,YLR240W,0,3.1609337,0.22428913414478302,0.825024425983429,0.29257291555404663
YOR070C,YGR161W-A,0,3.1605365,0.22422954440116882,0.825024425983429,0.29267314076423645
YOR158W,YIR015W,0,3.1599576,0.22416998445987701,0.825024425983429,0.29277336597442627
YDR153C,YMR280C,0,3.1598518,0.2241104692220688,0.825024425983429,0.2928736209869385
YFR042W,YNL001W,0,3.159255,0.22405096888542175,0.825024425983429,0.2929738461971283
YDR171W,YIL039W,0,3.1556294,0.2239915132522583,0.825024425983429,0.2930740714073181
YML019W,YDL114W,0,3.155135,0.22393207252025604,0.825024425983429,0.29317429661750793
YPL037C,YPL019C,0,3.154249,0.22387267649173737,0.825024425983429,0.29327452182769775
YKL217W,YPR067W,1,3.1541233,0.2240784913301468,0.8260019421577454,0.29327452182769775
YNL284C-B,YDR032C,0,3.1536896,0.2240190953016281,0.8260019421577454,0.29337477684020996
YIL118W,YOL122C,0,3.1530523,0.22395971417427063,0.8260019421577454,0.2934750020503998
YDR098C-B,YOR100C,0,3.1517565,0.22390037775039673,0.8260019421577454,0.2935752272605896
YNL049C,YNR051C,0,3.1514595,0.22384105622768402,0.8260019421577454,0.2936754524707794
YML115C,YNL301C,0,3.151233,0.2237817794084549,0.8260019421577454,0.29377567768096924
YER060W,YML057W,0,3.150959,0.22372253239154816,0.8260019421577454,0.29387590289115906
YDL120W,YMR207C,0,3.150882,0.2236633151769638,0.8260019421577454,0.29397615790367126
YHL026C,YEL064C,0,3.1503656,0.22360412776470184,0.8260019421577454,0.2940763831138611
YDR224C,YDR349C,0,3.148007,0.22354497015476227,0.8260019421577454,0.2941766083240509
YOR251C,YDR040C,1,3.1479251,0.22375033795833588,0.8269794583320618,0.2941766083240509
YAL025C,YPL249C-A,0,3.1443174,0.2236911654472351,0.8269794583320618,0.2942768335342407
YBR159W,YMR257C,0,3.1438704,0.22363203763961792,0.8269794583320618,0.29437705874443054
YLR324W,YJR025C,0,3.143366,0.22357293963432312,0.8269794583320618,0.29447728395462036
YJL020C,YLR054C,0,3.1419146,0.2235138714313507,0.8269794583320618,0.29457753896713257
YOR356W,YPL097W,0,3.1415393,0.22345483303070068,0.8269794583320618,0.2946777641773224
YLL042C,YPL148C,0,3.140333,0.22339582443237305,0.8269794583320618,0.2947779893875122
YOR298C-A,YLR328W,0,3.140119,0.223336860537529,0.8269794583320618,0.294878214597702
YOR382W,YKR105C,1,3.139068,0.22354182600975037,0.8279569745063782,0.294878214597702
YIL022W,YBR188C,0,3.138973,0.22348284721374512,0.8279569745063782,0.29497843980789185
YLR081W,YDR071C,0,3.136831,0.22342389822006226,0.8279569745063782,0.29507869482040405
YEL020W-A,YOL020W,0,3.1366825,0.22336497902870178,0.8279569745063782,0.29517892003059387
YEL026W,YBR105C,0,3.1360385,0.2233060896396637,0.8279569745063782,0.2952791452407837
YPL280W,YMR165C,0,3.1359615,0.223247230052948,0.8279569745063782,0.2953793704509735
YOR271C,YJL198W,1,3.1358516,0.2234519124031067,0.8289344906806946,0.2953793704509735
YJL138C,YBL090W,0,3.1344328,0.2233930379152298,0.8289344906806946,0.29547959566116333
YDR160W,YER065C,0,3.1342103,0.2233342081308365,0.8289344906806946,0.29557982087135315
YJL100W,YDR324C,0,3.1339939,0.22327540814876556,0.8289344906806946,0.29568007588386536
YNR019W,YMR139W,0,3.1336846,0.22321663796901703,0.8289344906806946,0.2957803010940552
YLR284C,YAL048C,0,3.1333847,0.22315789759159088,0.8289344906806946,0.295880526304245
YMR166C,YJL204C,0,3.1333792,0.22309918701648712,0.8289344906806946,0.2959807515144348
YJL083W,YCL030C,0,3.1330042,0.22304050624370575,0.8289344906806946,0.29608097672462463
YGL018C,YGR086C,0,3.1322677,0.22298185527324677,0.8289344906806946,0.29618120193481445
YHR067W,YPL215W,0,3.1307158,0.22292323410511017,0.8289344906806946,0.29628145694732666
YPL231W,YDR316W,0,3.129918,0.22286465764045715,0.8289344906806946,0.2963816821575165
YHR017W,YDL153C,0,3.1294775,0.22280609607696533,0.8289344906806946,0.2964819073677063
YLR453C,YDL192W,0,3.129131,0.2227475643157959,0.8289344906806946,0.2965821325778961
YJL096W,YBR028C,0,3.1288223,0.22268907725811005,0.8289344906806946,0.29668235778808594
YPL156C,YMR100W,0,3.1288052,0.2226306051015854,0.8289344906806946,0.29678261280059814
YBR084C-A,YPL176C,0,3.1288035,0.2225721776485443,0.8289344906806946,0.29688283801078796
YGL131C,YMR217W,0,3.127384,0.22251377999782562,0.8289344906806946,0.2969830632209778
YFR007W,YLL028W,0,3.126581,0.22245539724826813,0.8289344906806946,0.2970832884311676
YMR017W,YML038C,0,3.1251037,0.2223970592021942,0.8289344906806946,0.2971835136413574
YPR184W,YEL026W,0,3.1248019,0.2223387509584427,0.8289344906806946,0.29728373885154724
YGR260W,YDR162C,0,3.1235049,0.22228047251701355,0.8289344906806946,0.29738399386405945
YPL103C,YPL120W,0,3.1234963,0.2222222238779068,0.8289344906806946,0.29748421907424927
YOL122C,YAL053W,1,3.1233418,0.22242598235607147,0.829912006855011,0.29748421907424927
YOR130C,YAL012W,0,3.1230938,0.22236773371696472,0.829912006855011,0.2975844442844391
YDR098C-B,YBR149W,0,3.1229622,0.22230949997901917,0.829912006855011,0.2976846694946289
YGR193C,YMR257C,0,3.1227496,0.2222513109445572,0.829912006855011,0.2977848947048187
YCR069W,YHR013C,0,3.1226983,0.2221931368112564,0.829912006855011,0.29788514971733093
YDR044W,YDR456W,0,3.1220226,0.2221350073814392,0.829912006855011,0.29798537492752075
YBR089C-A,YBR142W,0,3.1218936,0.2220769077539444,0.829912006855011,0.29808560013771057
YOR079C,YNL291C,1,3.121133,0.2222803384065628,0.8308895230293274,0.29808560013771057
YMR237W,YFR028C,0,3.1201916,0.2222222238779068,0.8308895230293274,0.2981858253479004
YHL015W,YOR016C,0,3.1182692,0.22216413915157318,0.8308895230293274,0.2982860505580902
YML110C,YOR035C,0,3.1182487,0.22210608422756195,0.8308895230293274,0.29838627576828003
YMR183C,YHR143W,0,3.1177323,0.2220480740070343,0.8308895230293274,0.29848653078079224
YDR418W,YLR226W,0,3.1169074,0.22199007868766785,0.8308895230293274,0.29858675599098206
YPL144W,YNL315C,0,3.115496,0.22193211317062378,0.8308895230293274,0.2986869812011719
YDL072C,YDR227W,0,3.1147168,0.2218741774559021,0.8308895230293274,0.2987872064113617
YJL212C,YKR087C,0,3.1143775,0.221816286444664,0.8308895230293274,0.2988874316215515
YPL235W,YPL262W,0,3.1140034,0.2217584103345871,0.8308895230293274,0.29898765683174133
YMR264W,YIL172C,0,3.1121204,0.22170057892799377,0.8308895230293274,0.29908791184425354
YDR450W,YMR098C,0,3.111688,0.22164276242256165,0.8308895230293274,0.29918813705444336
YJL101C,YPR199C,0,3.110287,0.2215849906206131,0.8308895230293274,0.2992883622646332
YIL157C,YDR261W-B,0,3.1102839,0.22152723371982574,0.8308895230293274,0.299388587474823
YFL053W,YLR055C,0,3.1099014,0.22146952152252197,0.8308895230293274,0.2994888126850128
YDL095W,YOR371C,0,3.10755,0.2214118242263794,0.8308895230293274,0.299589067697525
YFR041C,YDR489W,0,3.1068676,0.2213541716337204,0.8308895230293274,0.29968929290771484
YLR411W,YOR348C,1,3.1058443,0.2215568870306015,0.8318670392036438,0.29968929290771484
YGL173C,YHR190W,0,3.105594,0.2214992195367813,0.8318670392036438,0.29978951811790466
YLR442C,YLR142W,0,3.1055453,0.2214415818452835,0.8318670392036438,0.2998897433280945
YGR038C-B,YHR072W,0,3.1052043,0.2213839739561081,0.8318670392036438,0.2999899685382843
YKL132C,YAL009W,0,3.1050317,0.22132639586925507,0.8318670392036438,0.3000901937484741
YDR073W,YJL019W,0,3.1050045,0.22126884758472443,0.8318670392036438,0.30019044876098633
YLL052C,YOR096W,0,3.1037529,0.22121132910251617,0.8318670392036438,0.30029067397117615
YDR074W,YNR061C,0,3.1024287,0.2211538404226303,0.8318670392036438,0.30039089918136597
YPL172C,YJL014W,0,3.1021159,0.22109638154506683,0.8318670392036438,0.3004911243915558
YMR205C,YMR105C,0,3.1014283,0.22103896737098694,0.8318670392036438,0.3005913496017456
YMR306W,YER167W,0,3.1005683,0.22098156809806824,0.8318670392036438,0.3006916046142578
YGR224W,YLR214W,1,3.1004221,0.22118380665779114,0.8328445553779602,0.3006916046142578
YDR486C,YGR129W,0,3.0999916,0.22112639248371124,0.8328445553779602,0.30079182982444763
YOR391C,YGR041W,0,3.0990336,0.22106902301311493,0.8328445553779602,0.30089205503463745
YJL096W,YOR155C,0,3.098045,0.2210116684436798,0.8328445553779602,0.30099228024482727
YLR023C,YNL113W,0,3.0977194,0.22095435857772827,0.8328445553779602,0.3010925054550171
YOR306C,YLR067C,0,3.0974507,0.22089706361293793,0.8328445553779602,0.3011927306652069
YGR007W,YPL060C-A,0,3.096926,0.22083981335163116,0.8328445553779602,0.3012929856777191
YIR017C,YDL191W,0,3.0958788,0.2207825928926468,0.8328445553779602,0.30139321088790894
YBR040W,YHR150W,0,3.094653,0.2207253873348236,0.8328445553779602,0.30149343609809875
YLR157C-B,YLL006W,0,3.094556,0.220668226480484,0.8328445553779602,0.3015936613082886
YPR054W,YIL043C,0,3.093726,0.2206110805273056,0.8328445553779602,0.3016938865184784
YGL059W,YPL206C,0,3.093714,0.22055397927761078,0.8328445553779602,0.3017941117286682
YIL069C,YPR075C,0,3.0936441,0.22049689292907715,0.8328445553779602,0.3018943667411804
YOR079C,YJR043C,0,3.0932412,0.2204398512840271,0.8328445553779602,0.30199459195137024
YLL023C,YKL048C,0,3.0920966,0.22038282454013824,0.8328445553779602,0.30209481716156006
YAR009C,YDR134C,0,3.092066,0.22032582759857178,0.8328445553779602,0.3021950423717499
YMR054W,YPL036W,1,3.091346,0.22052741050720215,0.8338220715522766,0.3021950423717499
YDR178W,YHL009W-B,0,3.0912466,0.2204703986644745,0.8338220715522766,0.3022952675819397
YOR049C,YDR214W,0,3.0905735,0.2204134315252304,0.8338220715522766,0.3023955225944519
YJL153C,YMR113W,0,3.089957,0.22035649418830872,0.8338220715522766,0.3024957478046417
YDR119W,YGL196W,0,3.0891411,0.2202995866537094,0.8338220715522766,0.30259597301483154
YHR149C,YML054C,0,3.0868556,0.2202427089214325,0.8338220715522766,0.30269619822502136
YER051W,YOR381W,0,3.0862825,0.22018586099147797,0.8338220715522766,0.3027964234352112
YLR225C,YOL103W-A,0,3.0846498,0.22012902796268463,0.8338220715522766,0.302896648645401
YER184C,YPL212C,0,3.0843022,0.22007223963737488,0.8338220715522766,0.3029969036579132
YJR095W,YOR381W,1,3.0840178,0.22027340531349182,0.834799587726593,0.3029969036579132
YHL024W,YGR271C-A,0,3.0823333,0.22021660208702087,0.834799587726593,0.303097128868103
YDL180W,YMR135C,0,3.0818799,0.22015982866287231,0.834799587726593,0.30319735407829285
YGL124C,YLR256W,0,3.0801294,0.22010309994220734,0.834799587726593,0.30329757928848267
YMR204C,YJR076C,0,3.0792656,0.22004638612270355,0.834799587726593,0.3033978044986725
YNL101W,YMR139W,0,3.0791237,0.21998970210552216,0.834799587726593,0.3034980595111847
YMR156C,YDR309C,0,3.0778947,0.21993304789066315,0.834799587726593,0.3035982847213745
YDL075W,YMR016C,0,3.077678,0.21987642347812653,0.834799587726593,0.30369850993156433
YDL008W,YDR065W,0,3.0774598,0.2198198139667511,0.834799587726593,0.30379873514175415
YDL091C,YOR011W,0,3.0760543,0.21976324915885925,0.834799587726593,0.30389896035194397
YLR092W,YOR087W,1,3.0757718,0.21996398270130157,0.8357771039009094,0.30389896035194397
YPR047W,YNL087W,0,3.0751011,0.21990740299224854,0.8357771039009094,0.3039991855621338
YAL030W,YHL032C,0,3.0747344,0.21985086798667908,0.8357771039009094,0.304099440574646
YDR452W,YLR086W,0,3.0736806,0.2197943478822708,0.8357771039009094,0.3041996657848358
YDR437W,YHR073W,0,3.072708,0.21973785758018494,0.8357771039009094,0.30429989099502563
YLR360W,YLR283W,0,3.0726383,0.21968139708042145,0.8357771039009094,0.30440011620521545
YNL145W,YNL136W,0,3.0726333,0.21962496638298035,0.8357771039009094,0.3045003414154053
YER041W,YMR006C,0,3.0723822,0.21956856548786163,0.8357771039009094,0.3046005666255951
YBL030C,YGL185C,0,3.0723803,0.2195121943950653,0.8357771039009094,0.3047008216381073
YBR171W,YOL027C,0,3.0717936,0.21945585310459137,0.8357771039009094,0.3048010468482971
YOR116C,YLR157C-B,0,3.071493,0.21939954161643982,0.8357771039009094,0.30490127205848694
YLL052C,YHR214C-C,0,3.0713358,0.21934325993061066,0.8357771039009094,0.30500149726867676
YHR214W,YLR256W,0,3.070936,0.2192869931459427,0.8357771039009094,0.3051017224788666
YPR067W,YLR157C-A,0,3.0707824,0.2192307710647583,0.8357771039009094,0.3052019774913788
YEL058W,YLR056W,0,3.0700548,0.2191745638847351,0.8357771039009094,0.3053022027015686
YOR122C,YOR011W,0,3.0690534,0.2191184014081955,0.8357771039009094,0.3054024279117584
YDR534C,YCR027C,1,3.06894,0.2193184792995453,0.8367546200752258,0.3054024279117584
YLR453C,YKL146W,0,3.0687616,0.21926230192184448,0.8367546200752258,0.30550265312194824
YAL012W,YDR210W-B,0,3.06829,0.21920613944530487,0.8367546200752258,0.30560287833213806
YDR450W,YIL107C,0,3.068266,0.21915002167224884,0.8367546200752258,0.3057031035423279
YNL130C,YNL294C,0,3.0675638,0.2190939337015152,0.8367546200752258,0.3058033585548401
YOL060C,YHR106W,0,3.0672462,0.21903787553310394,0.8367546200752258,0.3059035837650299
YGL085W,YCL067C,0,3.0665877,0.21898183226585388,0.8367546200752258,0.3060038089752197
YDR034C-D,YIL023C,0,3.066575,0.2189258337020874,0.8367546200752258,0.30610403418540955
YCL011C,YNL065W,0,3.066482,0.21886985003948212,0.8367546200752258,0.30620425939559937
YGR082W,YGR058W,0,3.066375,0.2188139110803604,0.8367546200752258,0.3063045144081116
YDR323C,YDL160C,0,3.0658128,0.2187579870223999,0.8367546200752258,0.3064047396183014
YGL121C,YOR078W,0,3.0652683,0.21870209276676178,0.8367546200752258,0.3065049648284912
YMR110C,YIL073C,0,3.0644414,0.21864622831344604,0.8367546200752258,0.30660519003868103
YPL175W,YCR098C,0,3.062977,0.2185903936624527,0.8367546200752258,0.30670541524887085
YCL048W,YDR393W,0,3.062734,0.21853458881378174,0.8367546200752258,0.30680564045906067
YJL129C,YMR038C,1,3.0626369,0.2187340408563614,0.8377321362495422,0.30680564045906067
YDR264C,YKR049C,0,3.0620263,0.21867823600769043,0.8377321362495422,0.3069058954715729
YGL254W,YLR075W,0,3.0620248,0.21862244606018066,0.8377321362495422,0.3070061206817627
YKL222C,YOR190W,0,3.060472,0.2185666859149933,0.8377321362495422,0.3071063458919525
YML016C,YKL193C,0,3.0580986,0.2185109704732895,0.8377321362495422,0.30720657110214233
YCL057C-A,YBR258C,0,3.0574036,0.2184552699327469,0.8377321362495422,0.30730679631233215
YIL173W,YML095C,0,3.05729,0.21839959919452667,0.8377321362495422,0.307407021522522
YMR034C,YOR192C,1,3.057109,0.21859872341156006,0.8387096524238586,0.307407021522522
YIL066C,YOR391C,0,3.0569024,0.21854305267333984,0.8387096524238586,0.3075072765350342
YDL018C,YNL051W,0,3.0567873,0.21848739683628082,0.8387096524238586,0.307607501745224
YFL034C-B,YAL048C,0,3.0559685,0.2184317708015442,0.8387096524238586,0.3077077269554138
YNL093W,YLR227W-A,0,3.055776,0.21837617456912994,0.8387096524238586,0.30780795216560364
YGR220C,YBR166C,0,3.0549717,0.21832060813903809,0.8387096524238586,0.30790817737579346
YBR240C,YJL177W,0,3.0548759,0.21826507151126862,0.8387096524238586,0.30800843238830566
YOR322C,YIL039W,0,3.054297,0.21820956468582153,0.8387096524238586,0.3081086575984955
YDR045C,YER170W,0,3.0536628,0.21815408766269684,0.8387096524238586,0.3082088828086853
YDR446W,YJL118W,0,3.0527232,0.21809862554073334,0.8387096524238586,0.3083091080188751
YPL048W,YGL222C,0,3.0515568,0.21804320812225342,0.8387096524238586,0.30840933322906494
YBR302C,YMR128W,0,3.0506146,0.2179878056049347,0.8387096524238586,0.30850955843925476
YOL137W,YCR086W,0,3.0505729,0.21793243288993835,0.8387096524238586,0.30860981345176697
YEL051W,YDR495C,0,3.0496,0.2178770899772644,0.8387096524238586,0.3087100386619568
YDR246W,YJL073W,0,3.0492413,0.21782177686691284,0.8387096524238586,0.3088102638721466
YNL025C,YNL328C,0,3.04905,0.21776649355888367,0.8387096524238586,0.3089104890823364
YPR065W,YDL200C,0,3.0485618,0.21771124005317688,0.8387096524238586,0.30901071429252625
YFL061W,YIL034C,0,3.0479991,0.21765601634979248,0.8387096524238586,0.30911096930503845
YFL002W-A,YLR385C,0,3.0463426,0.21760080754756927,0.8387096524238586,0.30921119451522827
YGR122W,YHR096C,0,3.0459328,0.21754564344882965,0.8387096524238586,0.3093114197254181
YGL121C,YHR171W,0,3.0455472,0.21749049425125122,0.8387096524238586,0.3094116449356079
YFR044C,YOL006C,0,3.0452833,0.21743537485599518,0.8387096524238586,0.30951187014579773
YOR119C,YPL148C,0,3.0448706,0.21738028526306152,0.8387096524238586,0.30961209535598755
YDR342C,YOR100C,0,3.0438693,0.21732522547245026,0.8387096524238586,0.30971235036849976
YOR003W,YJR097W,0,3.0438182,0.21727019548416138,0.8387096524238586,0.3098125755786896
YDL120W,YGL071W,1,3.0427778,0.21746835112571716,0.839687168598175,0.3098125755786896
YDR186C,YLR315W,0,3.0420423,0.2174133062362671,0.839687168598175,0.3099128007888794
YOR081C,YMR236W,0,3.0416622,0.2173583060503006,0.839687168598175,0.3100130259990692
YLL042C,YPL173W,0,3.041228,0.2173033207654953,0.839687168598175,0.31011325120925903
YJL012C,YDR182W,0,3.039225,0.2172483503818512,0.839687168598175,0.31021347641944885
YGL047W,YGL128C,0,3.038458,0.21719342470169067,0.839687168598175,0.31031373143196106
YGR082W,YJL143W,0,3.0373933,0.21713852882385254,0.839687168598175,0.3104139566421509
YGR108W,YPR180W,0,3.0365098,0.2170836478471756,0.839687168598175,0.3105141818523407
YCR020C,YOR228C,0,3.0365076,0.21702879667282104,0.839687168598175,0.3106144070625305
YLR260W,YPL177C,0,3.035046,0.21697399020195007,0.839687168598175,0.31071463227272034
YAR042W,YIL162W,0,3.0347269,0.2169191986322403,0.839687168598175,0.31081488728523254
YLR287C-A,YER106W,0,3.0346682,0.2168644219636917,0.839687168598175,0.31091511249542236
YJL035C,YMR244C-A,0,3.0335681,0.2168096899986267,0.839687168598175,0.3110153377056122
YDL130W,YJL133W,0,3.0326395,0.2167549878358841,0.839687168598175,0.311115562915802
YIL097W,YLR340W,0,3.0318513,0.21670030057430267,0.839687168598175,0.3112157881259918
YKR085C,YGL031C,0,3.0313485,0.21664564311504364,0.839687168598175,0.31131601333618164
YOL130W,YOR224C,0,3.0310647,0.2165910303592682,0.839687168598175,0.31141626834869385
YDL222C,YCL051W,0,3.0310454,0.21653643250465393,0.839687168598175,0.31151649355888367
YDR311W,YNL054W-A,0,3.0309794,0.21648184955120087,0.839687168598175,0.3116167187690735
YAR042W,YPL106C,0,3.030482,0.21642731130123138,0.839687168598175,0.3117169439792633
YBR094W,YER141W,0,3.0295255,0.2163728028535843,0.839687168598175,0.3118171691894531
YBR297W,YDR303C,0,3.028782,0.2163183093070984,0.839687168598175,0.31191742420196533
YLR284C,YHR080C,0,3.0286477,0.21626384556293488,0.839687168598175,0.31201764941215515
YJL183W,YCR107W,0,3.027874,0.21620941162109375,0.839687168598175,0.31211787462234497
YGL173C,YGR049W,0,3.0272,0.216155007481575,0.839687168598175,0.3122180998325348
YHR202W,YGR027W-A,0,3.0271976,0.21610063314437866,0.839687168598175,0.3123183250427246
YGR159C,YOR034C,0,3.0265257,0.2160462737083435,0.839687168598175,0.31241855025291443
YHL017W,YIR013C,0,3.025999,0.21599195897579193,0.839687168598175,0.31251880526542664
YLR293C,YDL240W,0,3.0259387,0.21593765914440155,0.839687168598175,0.31261903047561646
YGR109W-A,YMR282C,0,3.0257652,0.21588338911533356,0.839687168598175,0.3127192556858063
YLR284C,YIR037W,0,3.0255826,0.21582914888858795,0.839687168598175,0.3128194808959961
YGR109W-A,YLL036C,0,3.0253074,0.21577492356300354,0.839687168598175,0.3129197061061859
YEL020W-A,YJR045C,0,3.0250187,0.2157207429409027,0.839687168598175,0.31301993131637573
YLR207W,YGR094W,0,3.0238705,0.21566657721996307,0.839687168598175,0.31312018632888794
YKL137W,YFL016C,0,3.02215,0.21561245620250702,0.839687168598175,0.31322041153907776
YFL039C,YHR014W,0,3.0218518,0.21555835008621216,0.839687168598175,0.3133206367492676
YDL138W,YBR289W,0,3.0214407,0.2155042588710785,0.839687168598175,0.3134208619594574
YNR008W,YCR003W,0,3.021321,0.2154502123594284,0.839687168598175,0.3135210871696472
YIL023C,YHR080C,0,3.0208633,0.2153961956501007,0.839687168598175,0.3136213421821594
YGL064C,YDR239C,0,3.020551,0.2153421938419342,0.839687168598175,0.31372156739234924
YOL122C,YNR073C,0,3.0194695,0.2152882218360901,0.839687168598175,0.31382179260253906
YDL247W,YGR262C,0,3.0194685,0.21523427963256836,0.839687168598175,0.3139220178127289
YCL033C,YGR194C,0,3.0193474,0.21518036723136902,0.839687168598175,0.3140222430229187
YBR240C,YEL077C,0,3.0181305,0.21512646973133087,0.839687168598175,0.3141224682331085
YHR214C-C,YGR189C,0,3.0166538,0.2150726020336151,0.839687168598175,0.3142227232456207
YIR019C,YIL158W,0,3.0162914,0.21501877903938293,0.839687168598175,0.31432294845581055
YDR482C,YOR192C-B,0,3.0155056,0.21496497094631195,0.839687168598175,0.31442317366600037
YGR023W,YMR074C,0,3.015382,0.21491117775440216,0.839687168598175,0.3145233988761902
YGR241C,YNL012W,0,3.0146754,0.21485742926597595,0.839687168598175,0.31462362408638
YJR150C,YDR490C,0,3.0145419,0.21480369567871094,0.839687168598175,0.3147238790988922
YEL002C,YGR063C,0,3.0142114,0.2147500067949295,0.839687168598175,0.31482410430908203
YLL066C,YDR115W,0,3.0138066,0.21469633281230927,0.839687168598175,0.31492432951927185
YBR040W,YGR074W,0,3.0135207,0.21464267373085022,0.839687168598175,0.31502455472946167
YJL165C,YJL045W,0,3.0133903,0.21458905935287476,0.839687168598175,0.3151247799396515
YKL064W,YCR027C,1,3.0121548,0.21478521823883057,0.8406646847724915,0.3151247799396515
YOR245C,YNR032C-A,0,3.0120218,0.2147315889596939,0.8406646847724915,0.3152250051498413
YDR034C-D,YML126C,0,3.0115538,0.21467798948287964,0.8406646847724915,0.3153252601623535
YPR029C,YNL045W,0,3.0102954,0.21462440490722656,0.8406646847724915,0.31542548537254333
YBR201W,YER096W,0,3.010277,0.21457086503505707,0.8406646847724915,0.31552571058273315
YMR230W,YLR054C,0,3.00971,0.21451734006404877,0.8406646847724915,0.315625935792923
YPL143W,YPR158C-D,0,3.0096,0.21446384489536285,0.8406646847724915,0.3157261610031128
YLR249W,YPL249C-A,0,3.009577,0.21441036462783813,0.8406646847724915,0.3158263862133026
YCR079W,YLR288C,0,3.0094304,0.214356929063797,0.8406646847724915,0.3159266412258148
YIL118W,YPL169C,0,3.0090272,0.21430350840091705,0.8406646847724915,0.31602686643600464
YCR039C,YJL143W,0,3.0089462,0.2142501175403595,0.8406646847724915,0.31612709164619446
YKR097W,YJL151C,0,3.0086322,0.21419675648212433,0.8406646847724915,0.3162273168563843
YPL224C,YDL210W,1,3.0077775,0.21439242362976074,0.8416422009468079,0.3162273168563843
YBR208C,YDR538W,0,3.0076559,0.21433906257152557,0.8416422009468079,0.3163275420665741
YLR064W,YDR372C,0,3.0065796,0.2142857164144516,0.8416422009468079,0.3164277970790863
YDR012W,YHR142W,0,3.0058935,0.2142324000597,0.8416422009468079,0.3165280222892761
YGL033W,YJL099W,0,3.0057216,0.21417909860610962,0.8416422009468079,0.31662824749946594
YDR034C-C,YKL016C,0,3.0054963,0.2141258418560028,0.8416422009468079,0.31672847270965576
YLR308W,YMR080C,0,3.003814,0.2140726000070572,0.8416422009468079,0.3168286979198456
YDR025W,YER048W-A,0,3.002673,0.21401938796043396,0.8416422009468079,0.3169289231300354
YHR083W,YGL022W,0,3.0025527,0.21396620571613312,0.8416422009468079,0.3170291781425476
YKL165C,YPL036W,1,3.002526,0.2141614854335785,0.8426197171211243,0.3170291781425476
YPR025C,YOR063W,0,3.0015185,0.21410830318927765,0.8426197171211243,0.3171294033527374
YOR103C,YLR373C,0,2.9984152,0.2140551209449768,0.8426197171211243,0.31722962856292725
YHR036W,YGR159C,0,2.9979804,0.21400198340415955,0.8426197171211243,0.31732985377311707
YLR092W,YDR205W,1,2.9979804,0.2141970694065094,0.8435972332954407,0.31732985377311707
YGL120C,YNL190W,0,2.9979782,0.21414391696453094,0.8435972332954407,0.3174300789833069
YIL006W,YHR050W,1,2.9979346,0.21433886885643005,0.8445748090744019,0.3174300789833069
YJL208C,YNL041C,0,2.9972572,0.2142857164144516,0.8445748090744019,0.3175303339958191
YCL066W,YBR149W,0,2.99692,0.21423257887363434,0.8445748090744019,0.3176305592060089
YER102W,YFL036W,0,2.995823,0.21417947113513947,0.8445748090744019,0.31773078441619873
YLR467W,YGL207W,0,2.9957302,0.21412639319896698,0.8445748090744019,0.31783100962638855
YGR099W,YDL079C,0,2.9936717,0.21407334506511688,0.8445748090744019,0.31793123483657837
YPR054W,YPL174C,0,2.9928606,0.21402031183242798,0.8445748090744019,0.3180314600467682
YHR140W,YPL015C,0,2.9923894,0.21396730840206146,0.8445748090744019,0.3181317150592804
YDR533C,YDR341C,0,2.9919302,0.21391433477401733,0.8445748090744019,0.3182319402694702
YDR034C-D,YNL049C,0,2.9909532,0.2138613909482956,0.8445748090744019,0.31833216547966003
YDL103C,YGL055W,0,2.9907644,0.21380846202373505,0.8445748090744019,0.31843239068984985
YPL060C-A,YDL240W,0,2.990277,0.2137555629014969,0.8445748090744019,0.3185326159000397
YFL009W,YMR083W,0,2.9902413,0.21370269358158112,0.8445748090744019,0.3186328411102295
YDR142C,YML016C,0,2.9896972,0.21364985406398773,0.8445748090744019,0.3187330961227417
YAL002W,YGR195W,0,2.9894116,0.21359702944755554,0.8445748090744019,0.3188333213329315
YMR216C,YLR048W,0,2.9892366,0.21354423463344574,0.8445748090744019,0.31893354654312134
YPR158W-A,YBR132C,0,2.9879775,0.21349146962165833,0.8445748090744019,0.31903377175331116
YGL245W,YPR158W-B,0,2.9878185,0.2134387344121933,0.8445748090744019,0.319133996963501
YBR086C,YIL008W,0,2.9876015,0.21338601410388947,0.8445748090744019,0.3192342519760132
YLR138W,YKL194C,0,2.9872975,0.2133333384990692,0.8445748090744019,0.319334477186203
YIL038C,YOR178C,0,2.9864912,0.21328067779541016,0.8445748090744019,0.3194347023963928
YGL123W,YDR316W-A,0,2.9860544,0.2132280319929123,0.8445748090744019,0.31953492760658264
YNR030W,YKL113C,0,2.9851248,0.213175430893898,0.8445748090744019,0.31963515281677246
YBL035C,YJR048W,0,2.9843497,0.21312284469604492,0.8445748090744019,0.3197353780269623
YPR173C,YOR208W,0,2.9835649,0.21307028830051422,0.8445748090744019,0.3198356330394745
YPL281C,YPR158W-B,0,2.9832532,0.21301774680614471,0.8445748090744019,0.3199358582496643
YOR288C,YNL056W,0,2.982509,0.2129652500152588,0.8445748090744019,0.3200360834598541
YDR534C,YCR040W,0,2.9818685,0.21291276812553406,0.8445748090744019,0.32013630867004395
YJL212C,YML065W,0,2.9808798,0.2128603160381317,0.8445748090744019,0.32023653388023376
YLR288C,YDR545W,0,2.9798505,0.21280787885189056,0.8445748090744019,0.32033678889274597
YPL111W,YGR038C-B,0,2.9794195,0.212755486369133,0.8445748090744019,0.3204370141029358
YER060W-A,YLL062C,0,2.9780347,0.21270310878753662,0.8445748090744019,0.3205372393131256
YER102W,YDR362C,0,2.9768016,0.21265074610710144,0.8445748090744019,0.32063746452331543
YBR265W,YGL085W,0,2.9747725,0.21259842813014984,0.8445748090744019,0.32073768973350525
YHL021C,YER035W,0,2.9725456,0.21254612505435944,0.8445748090744019,0.32083791494369507
YPL047W,YOR133W,0,2.9713829,0.21249385178089142,0.8445748090744019,0.3209381699562073
YMR063W,YOL089C,0,2.9711547,0.2124416083097458,0.8445748090744019,0.3210383951663971
YDR261C,YAL055W,0,2.9708529,0.21238937973976135,0.8445748090744019,0.3211386203765869
YPL268W,YBR291C,0,2.9703643,0.2123371809720993,0.8445748090744019,0.32123884558677673
YGL065C,YDR341C,0,2.9702458,0.21228501200675964,0.8445748090744019,0.32133907079696655
YBR019C,YLR467W,0,2.9700096,0.21223287284374237,0.8445748090744019,0.32143929600715637
YJR150C,YOL078W,0,2.969546,0.2121807485818863,0.8445748090744019,0.3215395510196686
YOR094W,YML013W,0,2.9680283,0.2121286541223526,0.8445748090744019,0.3216397762298584
YPL092W,YNL023C,0,2.9678817,0.2120765894651413,0.8445748090744019,0.3217400014400482
YCL047C,YGL076C,0,2.9678319,0.2120245397090912,0.8445748090744019,0.32184022665023804
YJR033C,YBR046C,0,2.96551,0.21197251975536346,0.8445748090744019,0.32194045186042786
YDR160W,YLR130C,1,2.964362,0.21216580271720886,0.8455523252487183,0.32194045186042786
YMR232W,YPR058W,0,2.964079,0.21211378276348114,0.8455523252487183,0.32204070687294006
YDR202C,YBR228W,0,2.9640658,0.2120617777109146,0.8455523252487183,0.3221409320831299
YLR096W,YGR030C,0,2.963906,0.21200980246067047,0.8455523252487183,0.3222411572933197
YDR316W-B,YDR110W,0,2.9637187,0.21195785701274872,0.8455523252487183,0.3223413825035095
YDR316W-A,YOR374W,0,2.9636521,0.21190592646598816,0.8455523252487183,0.32244160771369934
YNR073C,YGL049C,0,2.9629562,0.21185402572155,0.8455523252487183,0.32254183292388916
YPL275W,YMR302C,0,2.9629009,0.2118021547794342,0.8455523252487183,0.32264208793640137
YER030W,YEL011W,0,2.9628413,0.21175029873847961,0.8455523252487183,0.3227423131465912
YEL006W,YNL076W,0,2.9625535,0.2116984874010086,0.8455523252487183,0.322842538356781
YGR038C-A,YOR136W,0,2.961947,0.2116466909646988,0.8455523252487183,0.3229427635669708
YML045W,YKL135C,0,2.9619443,0.21159490942955017,0.8455523252487183,0.32304298877716064
YMR029C,YPR067W,0,2.961146,0.21154315769672394,0.8455523252487183,0.32314324378967285
YKR050W,YGR065C,1,2.9611447,0.21173593401908875,0.8465298414230347,0.32314324378967285
YMR184W,YOR066W,0,2.9607508,0.2116841822862625,0.8465298414230347,0.32324346899986267
YER048C,YAL062W,0,2.960584,0.21163246035575867,0.8465298414230347,0.3233436942100525
YMR034C,YOL020W,1,2.9605186,0.21182507276535034,0.8475073575973511,0.3233436942100525
YPR192W,YMR216C,0,2.9603598,0.2117733210325241,0.8475073575973511,0.3234439194202423
YKR050W,YPR067W,1,2.9598308,0.21196581423282623,0.8484848737716675,0.3234439194202423
YHL007C,YCL001W,0,2.9597504,0.2119140625,0.8484848737716675,0.32354414463043213
YPL063W,YDR346C,0,2.9594667,0.21186234056949615,0.8484848737716675,0.32364436984062195
YHR158C,YKL092C,0,2.9593112,0.2118106335401535,0.8484848737716675,0.32374462485313416
YPL174C,YAL007C,0,2.9592721,0.21175897121429443,0.8484848737716675,0.323844850063324
YMR231W,YPR103W,0,2.9590223,0.21170732378959656,0.8484848737716675,0.3239450752735138
YHR141C,YHR091C,0,2.9577968,0.21165569126605988,0.8484848737716675,0.3240453004837036
YJL180C,YJR016C,0,2.9574268,0.21160408854484558,0.8484848737716675,0.32414552569389343
YKL148C,YJR086W,0,2.9566295,0.21155251562595367,0.8484848737716675,0.32424575090408325
YLR067C,YJL154C,0,2.956381,0.21150097250938416,0.8484848737716675,0.32434600591659546
YPR148C,YGL251C,0,2.956163,0.21144945919513702,0.8484848737716675,0.3244462311267853
YNL326C,YGL029W,0,2.9560015,0.2113979607820511,0.8484848737716675,0.3245464563369751
YMR002W,YGL021W,0,2.9552114,0.21134647727012634,0.8484848737716675,0.3246466815471649
YHR001W-A,YAL001C,0,2.954384,0.21129503846168518,0.8484848737716675,0.32474690675735474
YOR063W,YMR257C,0,2.953956,0.2112436145544052,0.8484848737716675,0.32484716176986694
YPR156C,YOR192C-A,0,2.9531639,0.21119222044944763,0.8484848737716675,0.32494738698005676
YPL130W,YPR186C,0,2.9530156,0.21114084124565125,0.8484848737716675,0.3250476121902466
YDR365W-A,YDR270W,0,2.9529054,0.21108949184417725,0.8484848737716675,0.3251478374004364
YDR316W-A,YCR098C,0,2.9527466,0.21103817224502563,0.8484848737716675,0.3252480626106262
YHL009W-A,YDR362C,0,2.9495165,0.21098686754703522,0.8484848737716675,0.32534828782081604
YLL005C,YBL060W,0,2.9483316,0.21093560755252838,0.8484848737716675,0.32544854283332825
YCR106W,YLL018C,0,2.9483092,0.21088434755802155,0.8484848737716675,0.32554876804351807
YPR018W,YBR159W,0,2.9468715,0.2108331322669983,0.8484848737716675,0.3256489932537079
YMR271C,YFR040W,0,2.9452865,0.21078193187713623,0.8484848737716675,0.3257492184638977
YGR174C,YOL103W-A,0,2.943669,0.21073076128959656,0.8484848737716675,0.3258494436740875
YDR365W-A,YLR336C,0,2.9436417,0.21067960560321808,0.8484848737716675,0.32594969868659973
YGL076C,YPL176C,0,2.9435818,0.21062849462032318,0.8484848737716675,0.32604992389678955
YHR079C-A,YHR200W,0,2.9435031,0.21057738363742828,0.8484848737716675,0.32615014910697937
YPL026C,YKR098C,0,2.9434166,0.21052631735801697,0.8484848737716675,0.3262503743171692
YFL003C,YNL119W,0,2.9431643,0.21047526597976685,0.8484848737716675,0.326350599527359
YBR254C,YOL146W,0,2.941479,0.2104242444038391,0.8484848737716675,0.32645082473754883
YPL170W,YPL241C,0,2.941343,0.21037323772907257,0.8484848737716675,0.32655107975006104
YER140W,YOL088C,0,2.9413157,0.21032226085662842,0.8484848737716675,0.32665130496025085
YDR315C,YFR016C,0,2.940828,0.21027131378650665,0.8484848737716675,0.3267515301704407
YER001W,YGR161W-A,0,2.9397027,0.21022039651870728,0.8484848737716675,0.3268517553806305
YEL005C,YGL033W,0,2.9375484,0.2101694941520691,0.8484848737716675,0.3269519805908203
YNL169C,YKL005C,0,2.9374592,0.2101186215877533,0.8484848737716675,0.32705220580101013
YFR016C,YPL137C,0,2.936832,0.2100677639245987,0.8484848737716675,0.32715246081352234
YLR459W,YHR141C,0,2.9367347,0.21001693606376648,0.8484848737716675,0.32725268602371216
YMR059W,YDL168W,0,2.936692,0.20996613800525665,0.8484848737716675,0.327352911233902
YER041W,YOR196C,0,2.9365096,0.20991535484790802,0.8484848737716675,0.3274531364440918
YDL168W,YGL249W,0,2.935121,0.20986460149288177,0.8484848737716675,0.3275533616542816
YIL118W,YPL248C,0,2.9339142,0.20981387794017792,0.8484848737716675,0.3276536166667938
YGL047W,YOR271C,0,2.9330559,0.20976316928863525,0.8484848737716675,0.32775384187698364
YJR131W,YGL021W,0,2.9326026,0.20971249043941498,0.8484848737716675,0.32785406708717346
YHR157W,YOL069W,0,2.932183,0.2096618413925171,0.8484848737716675,0.3279542922973633
YDR395W,YNR036C,0,2.9320505,0.2096112072467804,0.8484848737716675,0.3280545175075531
YBR180W,YDR255C,0,2.9305303,0.2095606029033661,0.8484848737716675,0.3281547427177429
YIL098C,YPL177C,0,2.9302416,0.20951001346111298,0.8484848737716675,0.3282549977302551
YMR045C,YOR192C-A,0,2.9299932,0.20945945382118225,0.8484848737716675,0.32835522294044495
YCR044C,YLL010C,0,2.9285572,0.2094089239835739,0.8484848737716675,0.32845544815063477
YPL001W,YDR047W,0,2.9264038,0.20935842394828796,0.8484848737716675,0.3285556733608246
YNL081C,YDL235C,0,2.926214,0.2093079388141632,0.8484848737716675,0.3286558985710144
YCL027W,YBL037W,0,2.925555,0.20925746858119965,0.8484848737716675,0.3287561535835266
YPL090C,YGR027W-B,0,2.9240797,0.20920704305171967,0.8484848737716675,0.32885637879371643
YDR477W,YOR271C,0,2.9230134,0.20915663242340088,0.8484848737716675,0.32895660400390625
YAL023C,YLR432W,0,2.9211948,0.2091062366962433,0.8484848737716675,0.32905682921409607
YDL008W,YHR101C,0,2.920255,0.20905587077140808,0.8484848737716675,0.3291570544242859
YJR117W,YDR359C,0,2.9201503,0.20900553464889526,0.8484848737716675,0.3292572796344757
YPL236C,YGR161W-A,0,2.919777,0.20895522832870483,0.8484848737716675,0.3293575346469879
YDL069C,YGL131C,0,2.9195824,0.2089049369096756,0.8484848737716675,0.32945775985717773
YIR028W,YDR212W,0,2.917927,0.20885467529296875,0.8484848737716675,0.32955798506736755
YGL085W,YNR032W,0,2.9167202,0.2088044285774231,0.8484848737716675,0.3296582102775574
YKL100C,YNL162W,0,2.9151795,0.20875421166419983,0.8484848737716675,0.3297584354877472
YER045C,YLR095C,0,2.9143689,0.20870400965213776,0.8484848737716675,0.329858660697937
YMR088C,YPL121C,0,2.9140975,0.20865385234355927,0.8484848737716675,0.3299589157104492
YHR081W,YPR100W,0,2.9128,0.20860369503498077,0.8484848737716675,0.33005914092063904
YPR070W,YHR001W-A,0,2.9099538,0.20855358242988586,0.8484848737716675,0.33015936613082886
YFL009W,YDR447C,0,2.909858,0.20850348472595215,0.8484848737716675,0.3302595913410187
YOR381W,YPL265W,1,2.909313,0.20869356393814087,0.8494623899459839,0.3302595913410187
YPL061W,YLR367W,0,2.9088655,0.20864345133304596,0.8494623899459839,0.3303598165512085
YDR134C,YMR098C,0,2.9083226,0.20859336853027344,0.8494623899459839,0.3304600715637207
YLR227W-A,YOR374W,0,2.9081366,0.2085433155298233,0.8494623899459839,0.3305602967739105
YLR431C,YOL078W,0,2.9075646,0.20849327743053436,0.8494623899459839,0.33066052198410034
YGR217W,YOR316C,1,2.9074783,0.20868313312530518,0.8504399061203003,0.33066052198410034
YCR073C,YMR110C,0,2.9069655,0.20863309502601624,0.8504399061203003,0.33076074719429016
YKL156W,YGR054W,0,2.9067042,0.2085830718278885,0.8504399061203003,0.33086097240448
YDR208W,YHL009W-B,0,2.9065669,0.20853307843208313,0.8504399061203003,0.3309611976146698
YDR376W,YDR122W,0,2.9040933,0.20848309993743896,0.8504399061203003,0.331061452627182
YOL027C,YDR210C-D,0,2.9034977,0.2084331512451172,0.8504399061203003,0.3311616778373718
YPR165W,YKL039W,0,2.9033592,0.2083832323551178,0.8504399061203003,0.33126190304756165
YHR148W,YPL176C,0,2.9024138,0.2083333283662796,0.8504399061203003,0.33136212825775146
YIL160C,YDR443C,0,2.90204,0.2082834541797638,0.8504399061203003,0.3314623534679413
YMR040W,YDR071C,0,2.9020011,0.20823360979557037,0.8504399061203003,0.3315626084804535
YPL168W,YLL036C,0,2.9018624,0.20818378031253815,0.8504399061203003,0.3316628336906433
YER093C,YBR033W,0,2.9010909,0.20813396573066711,0.8504399061203003,0.33176305890083313
YMR167W,YOR192C-B,0,2.9009922,0.20808419585227966,0.8504399061203003,0.33186328411102295
YOL033W,YMR216C,0,2.9006178,0.2080344259738922,0.8504399061203003,0.33196350932121277
YHL022C,YOR078W,0,2.8991978,0.20798470079898834,0.8504399061203003,0.3320637345314026
YIL053W,YNL247W,0,2.8989832,0.20793499052524567,0.8504399061203003,0.3321639895439148
YAL020C,YPL153C,0,2.8984697,0.20788531005382538,0.8504399061203003,0.3322642147541046
YNL243W,YPL040C,0,2.8974788,0.20783564448356628,0.8504399061203003,0.33236443996429443
YLR233C,YCR106W,0,2.8974197,0.20778600871562958,0.8504399061203003,0.33246466517448425
YHR167W,YMR175W,0,2.8970306,0.20773638784885406,0.8504399061203003,0.3325648903846741
YPL187W,YGL029W,0,2.8968194,0.20768679678440094,0.8504399061203003,0.3326651155948639
YDR471W,YFL036W,0,2.895956,0.2076372355222702,0.8504399061203003,0.3327653706073761
YER086W,YDR210W-B,0,2.8948154,0.20758768916130066,0.8504399061203003,0.3328655958175659
YAR050W,YDR362C,0,2.8945007,0.2075381726026535,0.8504399061203003,0.33296582102775574
YLR003C,YPR105C,0,2.8943572,0.20748867094516754,0.8504399061203003,0.33306604623794556
YDR057W,YDR197W,0,2.8942964,0.20743919909000397,0.8504399061203003,0.3331662714481354
YNL132W,YPR199C,0,2.8938172,0.20738975703716278,0.8504399061203003,0.3332665264606476
YPL021W,YBR123C,0,2.8928149,0.2073403298854828,0.8504399061203003,0.3333667516708374
YIL068C,YDR311W,0,2.891489,0.207290917634964,0.8504399061203003,0.3334669768810272
YDR307W,YER111C,0,2.8906372,0.20724155008792877,0.8504399061203003,0.33356720209121704
YMR125W,YER023W,0,2.8906128,0.20719218254089355,0.8504399061203003,0.33366742730140686
YGR283C,YIL136W,0,2.890608,0.20714285969734192,0.8504399061203003,0.3337676525115967
YBR186W,YML022W,0,2.890115,0.20709355175495148,0.8504399061203003,0.3338679075241089
YJL138C,YLR242C,0,2.8897836,0.20704425871372223,0.8504399061203003,0.3339681327342987
YGR109W-A,YHR188C,0,2.889692,0.20699501037597656,0.8504399061203003,0.3340683579444885
YGL093W,YDR298C,0,2.8885953,0.2069457620382309,0.8504399061203003,0.33416858315467834
YIL134W,YNL055C,1,2.888344,0.20713436603546143,0.8514174222946167,0.33416858315467834
YOR066W,YEL050C,0,2.8880775,0.20708511769771576,0.8514174222946167,0.33426880836486816
YJL165C,YIL145C,0,2.8878577,0.20703589916229248,0.8514174222946167,0.33436906337738037
YBR019C,YKL213C,0,2.8872108,0.2069866955280304,0.8514174222946167,0.3344692885875702
YER026C,YCR065W,0,2.8871028,0.2069375216960907,0.8514174222946167,0.33456951379776
YHR088W,YJL062W,0,2.886977,0.2068883627653122,0.8514174222946167,0.33466973900794983
YDR092W,YOR065W,0,2.8866873,0.20683923363685608,0.8514174222946167,0.33476996421813965
YDR098C-B,YLL005C,0,2.8855846,0.20679011940956116,0.8514174222946167,0.33487018942832947
YOL071W,YKL059C,0,2.885372,0.20674103498458862,0.8514174222946167,0.3349704444408417
YOR075W,YIR007W,0,2.88507,0.20669198036193848,0.8514174222946167,0.3350706696510315
YPL056C,YHR194W,0,2.8843682,0.20664294064044952,0.8514174222946167,0.3351708948612213
YDR098C-B,YKL029C,0,2.88353,0.20659393072128296,0.8514174222946167,0.33527112007141113
YOR030W,YFL061W,0,2.8830621,0.2065449357032776,0.8514174222946167,0.33537134528160095
YLR120C,YOR273C,0,2.88297,0.2064959704875946,0.8514174222946167,0.33547157049179077
YDR205W,YMR203W,1,2.8829315,0.20668405294418335,0.8523949384689331,0.33547157049179077
YCL067C,YDR104C,0,2.8826625,0.20663507282733917,0.8523949384689331,0.335571825504303
YOR234C,YOR034C,0,2.8819964,0.20658612251281738,0.8523949384689331,0.3356720507144928
YHR193C,YLR265C,0,2.881728,0.2065371870994568,0.8523949384689331,0.3357722759246826
YLR037C,YNL096C,0,2.8808486,0.20648828148841858,0.8523949384689331,0.33587250113487244
YGL191W,YIL049W,0,2.8799746,0.20643939077854156,0.8523949384689331,0.33597272634506226
YDR342C,YMR150C,0,2.879844,0.20639052987098694,0.8523949384689331,0.33607298135757446
YIL134W,YOL020W,1,2.8793933,0.206578329205513,0.8533724546432495,0.33607298135757446
YDR034C-D,YKL112W,0,2.8792684,0.20652945339679718,0.8533724546432495,0.3361732065677643
YER147C,YFL011W,0,2.879085,0.20648060739040375,0.8533724546432495,0.3362734317779541
YMR298W,YDR324C,0,2.878143,0.2064317762851715,0.8533724546432495,0.3363736569881439
YOL158C,YOR079C,1,2.8779986,0.20661938190460205,0.8543499708175659,0.3363736569881439
YOL032W,YBR069C,0,2.8776808,0.2065705507993698,0.8543499708175659,0.33647388219833374
YBR268W,YLR388W,0,2.876549,0.20652173459529877,0.8543499708175659,0.33657410740852356
YLR238W,YML012W,0,2.8745453,0.2064729481935501,0.8543499708175659,0.33667436242103577
YPR058W,YDR028C,0,2.8743289,0.20642419159412384,0.8543499708175659,0.3367745876312256
YJL098W,YGR037C,0,2.8741481,0.20637544989585876,0.8543499708175659,0.3368748128414154
YGR161C-C,YOL031C,0,2.87384,0.20632672309875488,0.8543499708175659,0.3369750380516052
YPL257W-A,YMR316W,0,2.8736732,0.2062780261039734,0.8543499708175659,0.33707526326179504
YHL009W-B,YNL099C,0,2.8733814,0.20622935891151428,0.8543499708175659,0.33717551827430725
YBL106C,YOR064C,0,2.8732953,0.20618070662021637,0.8543499708175659,0.33727574348449707
YBL006C,YDR399W,0,2.8727648,0.20613206923007965,0.8543499708175659,0.3373759686946869
YPR058W,YHR102W,0,2.8700607,0.2060834765434265,0.8543499708175659,0.3374761939048767
YAL011W,YDR261C-C,0,2.8694985,0.20603488385677338,0.8543499708175659,0.33757641911506653
YOR242C,YGR038C-B,0,2.8686674,0.20598633587360382,0.8543499708175659,0.33767664432525635
YEL032W,YPL241C,0,2.8685248,0.20593778789043427,0.8543499708175659,0.33777689933776855
YHL036W,YDR261W-B,0,2.8683608,0.2058892846107483,0.8543499708175659,0.3378771245479584
YIL090W,YGR275W,0,2.868147,0.2058407962322235,0.8543499708175659,0.3379773497581482
YMR205C,YGR244C,0,2.8674736,0.20579232275485992,0.8543499708175659,0.338077574968338
YML011C,YKL043W,0,2.8668709,0.20574387907981873,0.8543499708175659,0.33817780017852783
YDL075W,YCL017C,0,2.8659294,0.20569545030593872,0.8543499708175659,0.33827802538871765
YOR010C,YHR064C,0,2.8655283,0.2056470662355423,0.8543499708175659,0.33837828040122986
YLL018C-A,YLR157C-A,0,2.864668,0.20559868216514587,0.8543499708175659,0.3384785056114197
YLR010C,YOR192C-A,0,2.864145,0.20555032789707184,0.8543499708175659,0.3385787308216095
YJL013C,YBL100W-A,0,2.8638687,0.2055020034313202,0.8543499708175659,0.3386789560317993
YJL138C,YDR210W-A,0,2.8638036,0.20545369386672974,0.8543499708175659,0.33877918124198914
YIL124W,YMR311C,0,2.8634212,0.20540539920330048,0.8543499708175659,0.33887943625450134
YLR431C,YIL051C,0,2.8633192,0.2053571492433548,0.8543499708175659,0.33897966146469116
YOR079C,YOR192C,1,2.8627126,0.20554381608963013,0.8553274869918823,0.33897966146469116
YOR119C,YLR265C,0,2.8626795,0.20549553632736206,0.8553274869918823,0.339079886674881
YCR004C,YER056C,0,2.8625653,0.20544728636741638,0.8553274869918823,0.3391801118850708
YGR224W,YOL152W,1,2.8612294,0.20563380420207977,0.8563050031661987,0.3391801118850708
YAL044C,YEL016C,0,2.861139,0.2055855393409729,0.8563050031661987,0.3392803370952606
YOL103W-A,YLR467W,0,2.8605182,0.20553730428218842,0.8563050031661987,0.33938056230545044
YNL083W,YOR291W,1,2.8593376,0.20572367310523987,0.8572825193405151,0.33938056230545044
YHL021C,YLR097C,0,2.858796,0.2056754231452942,0.8572825193405151,0.33948081731796265
YCR096C,YOR373W,0,2.858533,0.2056272029876709,0.8572825193405151,0.33958104252815247
YLR059C,YMR167W,0,2.8568513,0.2055789977312088,0.8572825193405151,0.3396812677383423
YOL152W,YOL020W,1,2.8567321,0.20576517283916473,0.8582600355148315,0.3396812677383423
YPR145W,YFR004W,0,2.856227,0.20571696758270264,0.8582600355148315,0.3397814929485321
YHR117W,YOR336W,0,2.8548076,0.20566877722740173,0.8582600355148315,0.3398817181587219
YPL249C,YGR207C,0,2.854801,0.20562060177326202,0.8582600355148315,0.33998197317123413
YHL016C,YMR241W,1,2.8547142,0.20580659806728363,0.859237551689148,0.33998197317123413
YLR066W,YER032W,0,2.8540034,0.20575842261314392,0.859237551689148,0.34008219838142395
YLR426W,YMR190C,0,2.8535268,0.2057102769613266,0.859237551689148,0.34018242359161377
YDR210W-A,YMR086W,0,2.852905,0.20566214621067047,0.859237551689148,0.3402826488018036
YIR035C,YDR316W,0,2.8519344,0.20561403036117554,0.859237551689148,0.3403828740119934
YIL113W,YBR231C,0,2.8518827,0.205565944314003,0.859237551689148,0.3404830992221832
YGR001C,YDL213C,0,2.8516753,0.20551788806915283,0.859237551689148,0.34058335423469543
YDR160W,YKL175W,1,2.851665,0.20570360124111176,0.8602150678634644,0.34058335423469543
YCL033C,YML026C,0,2.850944,0.2056555300951004,0.8602150678634644,0.34068357944488525
YDL018C,YOR249C,0,2.8495378,0.20560747385025024,0.8602150678634644,0.3407838046550751
YGR116W,YDR261C-C,0,2.8493598,0.20555944740772247,0.8602150678634644,0.3408840298652649
YHR003C,YNL020C,0,2.8493562,0.2055114358663559,0.8602150678634644,0.3409842550754547
YJL102W,YNL097C,0,2.8489833,0.2054634541273117,0.8602150678634644,0.34108448028564453
YOR158W,YGR165W,0,2.8477347,0.2054155021905899,0.8602150678634644,0.34118473529815674
YJR075W,YDL159W,0,2.847689,0.2053675651550293,0.8602150678634644,0.34128496050834656
YOL149W,YHR214C-C,0,2.8475783,0.20531964302062988,0.8602150678634644,0.3413851857185364
YPL178W,YNL327W,0,2.8470876,0.20527175068855286,0.8602150678634644,0.3414854109287262
YDR256C,YGL039W,0,2.847054,0.20522387325763702,0.8602150678634644,0.341585636138916
YAL003W,YDR238C,0,2.8465366,0.20517602562904358,0.8602150678634644,0.3416858911514282
YGR161C-D,YDL226C,0,2.846406,0.20512820780277252,0.8602150678634644,0.34178611636161804
YOR234C,YPR158C-D,0,2.84561,0.20508040487766266,0.8602150678634644,0.34188634157180786
YCL069W,YGL141W,0,2.8456087,0.205032616853714,0.8602150678634644,0.3419865667819977
YOR073W,YBL101W-A,0,2.8447962,0.2049848586320877,0.8602150678634644,0.3420867919921875
YLR360W,YKL116C,0,2.8440907,0.20493711531162262,0.8602150678634644,0.3421870172023773
YBR022W,YMR202W,0,2.8439457,0.20488940179347992,0.8602150678634644,0.3422872722148895
YBR101C,YOR201C,0,2.8437512,0.2048417180776596,0.8602150678634644,0.34238749742507935
YDR365W-A,YNL069C,0,2.8436513,0.2047940492630005,0.8602150678634644,0.34248772263526917
YOR249C,YPL221W,0,2.842934,0.20474639534950256,0.8602150678634644,0.342587947845459
YKL011C,YMR289W,0,2.8425899,0.20469877123832703,0.8602150678634644,0.3426881730556488
YPR134W,YOL117W,0,2.8407395,0.20465116202831268,0.8602150678634644,0.342788428068161
YBR098W,YLR435W,0,2.840316,0.20460358262062073,0.8602150678634644,0.34288865327835083
YOL130W,YGR027W-A,0,2.8387067,0.20455601811408997,0.8602150678634644,0.34298887848854065
YOR017W,YLR157C-B,0,2.8377051,0.2045084834098816,0.8602150678634644,0.34308910369873047
YBR295W,YPL036W,1,2.8376005,0.20469330251216888,0.8611925840377808,0.34308910369873047
YLR288C,YER033C,0,2.8371913,0.2046457678079605,0.8611925840377808,0.3431893289089203
YLR006C,YHL009W-B,0,2.8365085,0.20459823310375214,0.8611925840377808,0.3432895541191101
YDL213C,YLR157C-B,0,2.8362005,0.20455072820186615,0.8611925840377808,0.3433898091316223
YNL259C,YOR382W,1,2.8357825,0.2047353833913803,0.8621701002120972,0.3433898091316223
YPL060C-A,YOR034C,0,2.8355806,0.20468786358833313,0.8621701002120972,0.34349003434181213
YDR313C,YPL269W,0,2.8352468,0.20464037358760834,0.8621701002120972,0.34359025955200195
YCR024C,YBR041W,0,2.8350995,0.20459289848804474,0.8621701002120972,0.3436904847621918
YLR318W,YLR201C,0,2.8350942,0.20454545319080353,0.8621701002120972,0.3437907099723816
YBL101W-A,YEL061C,0,2.8350723,0.2044980227947235,0.8621701002120972,0.3438909351825714
YGR038C-B,YOR316C,0,2.8348439,0.20445062220096588,0.8621701002120972,0.3439911901950836
YPL141C,YDL223C,0,2.83442,0.20440325140953064,0.8621701002120972,0.34409141540527344
YFL039C,YHR123W,0,2.834369,0.2043558806180954,0.8621701002120972,0.34419164061546326
YHR149C,YJR099W,0,2.833511,0.20430855453014374,0.8621701002120972,0.3442918658256531
YAL020C,YMR014W,0,2.8331258,0.20426122844219208,0.8621701002120972,0.3443920910358429
YNL054W,YNL176C,0,2.8331168,0.2042139321565628,0.8621701002120972,0.3444923460483551
YKL176C,YNR061C,0,2.8328283,0.20416666567325592,0.8621701002120972,0.3445925712585449
YDR050C,YOR384W,0,2.8325062,0.20411941409111023,0.8621701002120972,0.34469279646873474
YOR171C,YPL031C,0,2.8324811,0.20407219231128693,0.8621701002120972,0.34479302167892456
YPR082C,YLR221C,0,2.8324265,0.20402498543262482,0.8621701002120972,0.3448932468891144
YPL257W-A,YBR149W,0,2.8314958,0.2039777934551239,0.8621701002120972,0.3449934720993042
YJR104C,YDR206W,0,2.8309362,0.20393063127994537,0.8621701002120972,0.3450937271118164
YOR339C,YGR027W-B,0,2.8307393,0.20388349890708923,0.8621701002120972,0.3451939523220062
YDR536W,YOR192C-A,0,2.8307188,0.2038363814353943,0.8621701002120972,0.34529417753219604
YJL168C,YJL028W,0,2.8305185,0.20378927886486053,0.8621701002120972,0.34539440274238586
YNL177C,YPR097W,0,2.8303216,0.20374220609664917,0.8621701002120972,0.3454946279525757
YHR124W,YNL069C,0,2.8302276,0.203695148229599,0.8621701002120972,0.3455948829650879
YMR274C,YOR034C,0,2.8300333,0.20364812016487122,0.8621701002120972,0.3456951081752777
YDR113C,YBL101W-A,0,2.8292942,0.20360110700130463,0.8621701002120972,0.34579533338546753
YOR043W,YDL143W,0,2.829273,0.20355412364006042,0.8621701002120972,0.34589555859565735
YEL077C,YOR205C,0,2.8285506,0.20350715517997742,0.8621701002120972,0.34599578380584717
YHR214W,YHR197W,0,2.8281236,0.2034602016210556,0.8621701002120972,0.346096009016037
YPR158W-A,YIL031W,0,2.8276315,0.20341327786445618,0.8621701002120972,0.3461962640285492
YMR260C,YMR118C,0,2.826924,0.20336638391017914,0.8621701002120972,0.346296489238739
YKR050W,YGR257C,1,2.826794,0.20355002582073212,0.8631476163864136,0.346296489238739
YER170W,YDL044C,0,2.826609,0.20350311696529388,0.8631476163864136,0.34639671444892883
YGR099W,YDR166C,0,2.8264596,0.20345622301101685,0.8631476163864136,0.34649693965911865
YMR303C,YDL038C,0,2.8263311,0.2034093588590622,0.8631476163864136,0.34659716486930847
YDR098C-A,YPL159C,0,2.826145,0.20336250960826874,0.8631476163864136,0.3466973900794983
YMR088C,YDR054C,0,2.8259044,0.20331567525863647,0.8631476163864136,0.3467976450920105
YAL026C,YDR204W,0,2.8257854,0.2032688707113266,0.8631476163864136,0.3468978703022003
YBL037W,YBR302C,0,2.8256047,0.2032220959663391,0.8631476163864136,0.34699809551239014
YOL075C,YML033W,0,2.825346,0.20317533612251282,0.8631476163864136,0.34709832072257996
YHR138C,YBR012W-A,0,2.8248727,0.20312859117984772,0.8631476163864136,0.3471985459327698
YFL039C,YML095C,0,2.8240545,0.203081876039505,0.8631476163864136,0.347298800945282
YGR220C,YJL019W,0,2.8238983,0.2030351758003235,0.8631476163864136,0.3473990261554718
YJR090C,YNR052C,0,2.823869,0.20298850536346436,0.8631476163864136,0.3474992513656616
YFL022C,YNL023C,0,2.8237898,0.20294184982776642,0.8631476163864136,0.34759947657585144
YPL081W,YDL243C,0,2.8234096,0.20289522409439087,0.8631476163864136,0.34769970178604126
YBL057C,YPR108W,0,2.8224337,0.2028486132621765,0.8631476163864136,0.3477999269962311
YNL145W,YDR204W,0,2.8222673,0.20280201733112335,0.8631476163864136,0.3479001820087433
YOL140W,YJL197W,0,2.8215973,0.20275545120239258,0.8631476163864136,0.3480004072189331
YCL040W,YMR225C,0,2.8213122,0.202708899974823,0.8631476163864136,0.3481006324291229
YDR093W,YDR316W-A,0,2.8209589,0.2026623785495758,0.8631476163864136,0.34820085763931274
YJR102C,YLR293C,0,2.8206346,0.2026158720254898,0.8631476163864136,0.34830108284950256
YIL056W,YPL088W,0,2.8204935,0.2025693953037262,0.8631476163864136,0.34840133786201477
YLR442C,YOR343W-A,0,2.8201606,0.20252293348312378,0.8631476163864136,0.3485015630722046
YCR021C,YBR240C,0,2.8192859,0.20247650146484375,0.8631476163864136,0.3486017882823944
YKL155C,YBR227C,0,2.819009,0.20243008434772491,0.8631476163864136,0.34870201349258423
YJR120W,YKR072C,0,2.817942,0.20238368213176727,0.8631476163864136,0.34880223870277405
YLL018C-A,YGL255W,1,2.8178797,0.202566459774971,0.86412513256073,0.34880223870277405
YDR376W,YDR098C-A,0,2.8178763,0.20252004265785217,0.86412513256073,0.34890246391296387
YER108C,YBR152W,0,2.8168807,0.20247365534305573,0.86412513256073,0.3490027189254761
YBL101W-A,YDL064W,0,2.8162053,0.20242729783058167,0.86412513256073,0.3491029441356659
YGR060W,YBR012W-A,0,2.8158684,0.2023809552192688,0.86412513256073,0.3492031693458557
YKL158W,YGL185C,0,2.8155627,0.20233462750911713,0.86412513256073,0.34930339455604553
YJL003W,YDL178W,0,2.8153765,0.20228832960128784,0.86412513256073,0.34940361976623535
YJL078C,YML009C,0,2.8151648,0.20224204659461975,0.86412513256073,0.34950384497642517
YJL012C,YDR210C-D,0,2.814857,0.20219579339027405,0.86412513256073,0.3496040999889374
YOR192C,YIL136W,0,2.814757,0.20214955508708954,0.86412513256073,0.3497043251991272
YBL056W,YPL262W,0,2.8145828,0.20210333168506622,0.86412513256073,0.349804550409317
YPL028W,YBL069W,0,2.8140714,0.2020571380853653,0.86412513256073,0.34990477561950684
YLR037C,YIR022W,0,2.8140368,0.20201097428798676,0.86412513256073,0.35000500082969666
YBR299W,YIL158W,0,2.8139982,0.20196481049060822,0.86412513256073,0.35010525584220886
YOL126C,YPL186C,0,2.8133981,0.20191869139671326,0.86412513256073,0.3502054810523987
YIR014W,YDR219C,0,2.812214,0.2018725723028183,0.86412513256073,0.3503057062625885
YLR166C,YJL054W,0,2.8119009,0.20182648301124573,0.86412513256073,0.3504059314727783
YGR161C-C,YOL132W,0,2.8116615,0.20178040862083435,0.86412513256073,0.35050615668296814
YLL028W,YHR039C-B,1,2.811447,0.20196257531642914,0.8651026487350464,0.35050615668296814
YDR210W-A,YOL130W,0,2.8114116,0.20191650092601776,0.8651026487350464,0.35060638189315796
YLR092W,YGR231C,0,2.8101127,0.20187044143676758,0.8651026487350464,0.35070663690567017
YJL113W,YNR026C,0,2.8097315,0.2018243968486786,0.8651026487350464,0.35080686211586
YPL090C,YLR170C,0,2.8093405,0.201778382062912,0.8651026487350464,0.3509070873260498
YBL010C,YDR388W,0,2.8091452,0.20173239707946777,0.8651026487350464,0.3510073125362396
YPL018W,YCR058C,0,2.8091357,0.20168641209602356,0.8651026487350464,0.35110753774642944
YPL195W,YNR053C,0,2.808581,0.20164047181606293,0.8651026487350464,0.35120779275894165
YFL039C,YDL122W,0,2.808534,0.2015945315361023,0.8651026487350464,0.35130801796913147
YMR262W,YNL055C,0,2.8084018,0.20154862105846405,0.8651026487350464,0.3514082431793213
YNL086W,YNR073C,0,2.8074794,0.201502725481987,0.8651026487350464,0.3515084683895111
YLR249W,YMR113W,0,2.8073666,0.20145685970783234,0.8651026487350464,0.3516086935997009
YPR047W,YCL062W,0,2.8071892,0.20141100883483887,0.8651026487350464,0.35170891880989075
YBL101W-A,YGL061C,0,2.8070586,0.20136518776416779,0.8651026487350464,0.35180917382240295
YCR070W,YNL316C,0,2.807042,0.2013193815946579,0.8651026487350464,0.3519093990325928
YPL274W,YHR039C-B,1,2.806871,0.2015010267496109,0.8660801649093628,0.3519093990325928
YER014W,YNR043W,0,2.8068547,0.20145520567893982,0.8660801649093628,0.3520096242427826
YCL062W,YBL067C,0,2.8068273,0.20140941441059113,0.8660801649093628,0.3521098494529724
YCR070W,YBL031W,0,2.8066323,0.20136363804340363,0.8660801649093628,0.35221007466316223
YFR007W,YAR018C,0,2.8062909,0.20131787657737732,0.8660801649093628,0.35231029987335205
YOR373W,YBL101W-A,0,2.80598,0.2012721449136734,0.8660801649093628,0.35241055488586426
YOR037W,YBR090C-A,0,2.8059416,0.20122644305229187,0.8660801649093628,0.3525107800960541
YDR004W,YOR240W,0,2.8057883,0.20118074119091034,0.8660801649093628,0.3526110053062439
YLL051C,YHR039C-B,1,2.805787,0.20136208832263947,0.8670576810836792,0.3526110053062439
YDR023W,YGL003C,0,2.8057318,0.20131638646125793,0.8670576810836792,0.3527112305164337
YDR316W-B,YKR001C,0,2.8056674,0.2012706995010376,0.8670576810836792,0.35281145572662354
YOL033W,YPL186C,0,2.8053954,0.20122504234313965,0.8670576810836792,0.35291171073913574
YBR045C,YKR075C,0,2.8052967,0.2011794000864029,0.8670576810836792,0.35301193594932556
YOR059C,YLR157C-B,0,2.8051279,0.20113378763198853,0.8670576810836792,0.3531121611595154
YOR332W,YKL158W,0,2.804909,0.20108819007873535,0.8670576810836792,0.3532123863697052
YPR120C,YKL060C,0,2.8043754,0.20104260742664337,0.8670576810836792,0.353312611579895
YNR045W,YML033W,0,2.8042295,0.20099705457687378,0.8670576810836792,0.35341283679008484
YNL284C-B,YER139C,0,2.8042128,0.20095151662826538,0.8670576810836792,0.35351309180259705
YBL101W-A,YLL053C,0,2.804014,0.20090600848197937,0.8670576810836792,0.35361331701278687
YER108C,YIR014W,0,2.8039868,0.20086050033569336,0.8670576810836792,0.3537135422229767
YBR090C-A,YOR028C,0,2.8039782,0.20081503689289093,0.8670576810836792,0.3538137674331665
YCL062W,YOL139C,0,2.8032486,0.2007695734500885,0.8670576810836792,0.3539139926433563
YPR134W,YCR058C,0,2.8031485,0.20072413980960846,0.8670576810836792,0.35401421785354614
YER148W,YDR545W,0,2.8030884,0.2006787359714508,0.8670576810836792,0.35411447286605835
YHL018W,YBL005W-A,0,2.8028119,0.20063334703445435,0.8670576810836792,0.35421469807624817
YCL012W,YDR065W,0,2.8014219,0.20058797299861908,0.8670576810836792,0.354314923286438
YER183C,YDR446W,0,2.80137,0.200542613863945,0.8670576810836792,0.3544151484966278
YNL054W,YOR002W,0,2.8004043,0.20049728453159332,0.8670576810836792,0.3545153737068176
YMR060C,YNR032W,0,2.7998698,0.20045197010040283,0.8670576810836792,0.35461562871932983
YBL101W-A,YKL099C,0,2.7998078,0.20040668547153473,0.8670576810836792,0.35471585392951965
YDR210W-A,YCR044C,0,2.7997265,0.20036141574382782,0.8670576810836792,0.3548160791397095
YOL103W-A,YPL146C,0,2.7994382,0.2003161758184433,0.8670576810836792,0.3549163043498993
YGL213C,YCR058C,0,2.7991045,0.20027093589305878,0.8670576810836792,0.3550165295600891
YOL127W,YKR093W,0,2.7985766,0.20022574067115784,0.8670576810836792,0.35511675477027893
YOL138C,YDR098C-A,0,2.798418,0.2001805454492569,0.8670576810836792,0.35521700978279114
YOR321W,YDL119C,0,2.798326,0.20013538002967834,0.8670576810836792,0.35531723499298096
YBR090C-A,YDR367W,0,2.7979891,0.200090229511261,0.8670576810836792,0.3554174602031708
YLR466W,YPR021C,0,2.7974312,0.20004510879516602,0.8670576810836792,0.3555176854133606
YOR018W,YLR367W,0,2.7971895,0.20000000298023224,0.8670576810836792,0.3556179106235504
YHL009W-B,YDR022C,0,2.7970226,0.19995491206645966,0.8670576810836792,0.3557181656360626
YPL026C,YHR039C-B,0,2.7968996,0.19990985095500946,0.8670576810836792,0.35581839084625244
YDR323C,YHR039C-B,0,2.7968624,0.19986480474472046,0.8670576810836792,0.35591861605644226
YDR107C,YHR081W,0,2.7968233,0.19981977343559265,0.8670576810836792,0.3560188412666321
YMR055C,YOR343W-A,0,2.7961771,0.19977477192878723,0.8670576810836792,0.3561190664768219
YJL097W,YHL006C,0,2.795841,0.199729785323143,0.8670576810836792,0.3562192916870117
YOR240W,YAR071W,0,2.7953246,0.19968482851982117,0.8670576810836792,0.3563195466995239
YKR037C,YKL158W,0,2.7947423,0.19963988661766052,0.8670576810836792,0.35641977190971375
YMR243C,YCL012W,0,2.792876,0.19959495961666107,0.8670576810836792,0.35651999711990356
YGR161C-D,YHL020C,0,2.7927456,0.199550062417984,0.8670576810836792,0.3566202223300934
YGL085W,YOR307C,0,2.792222,0.19950518012046814,0.8670576810836792,0.3567204475402832
YOR298C-A,YOR127W,0,2.7910872,0.19946031272411346,0.8670576810836792,0.356820672750473
YJL153C,YGR234W,0,2.7910476,0.19941546022891998,0.8670576810836792,0.35692092776298523
YDL104C,YHL038C,0,2.7908998,0.19937065243721008,0.8670576810836792,0.35702115297317505
YBL057C,YHR039C-B,0,2.790331,0.19932584464550018,0.8670576810836792,0.35712137818336487
YJL156C,YPR023C,0,2.790279,0.19928106665611267,0.8670576810836792,0.3572216033935547
YCR048W,YGR202C,0,2.7895072,0.19923630356788635,0.8670576810836792,0.3573218286037445
YLR227W-A,YHR139C,0,2.789151,0.19919155538082123,0.8670576810836792,0.3574220836162567
YLR431C,YDR014W,0,2.7886548,0.1991468369960785,0.8670576810836792,0.35752230882644653
YBR200W,YOR014W,0,2.78844,0.19910213351249695,0.8670576810836792,0.35762253403663635
YCL063W,YDL195W,0,2.7882574,0.1990574449300766,0.8670576810836792,0.35772275924682617
YBR298C,YGR163W,0,2.787319,0.19901278614997864,0.8670576810836792,0.357822984457016
YPL268W,YNL119W,0,2.787031,0.19896814227104187,0.8670576810836792,0.3579232096672058
YKL155C,YHR146W,0,2.7868974,0.1989235281944275,0.8670576810836792,0.358023464679718
YLR089C,YHL009W-B,0,2.7858884,0.1988789290189743,0.8670576810836792,0.35812368988990784
YOL123W,YDR261C-C,0,2.7846878,0.1988343447446823,0.8670576810836792,0.35822391510009766
YKR050W,YCR075C,1,2.783767,0.19901388883590698,0.8680351972579956,0.35822391510009766
YLL009C,YKL175W,1,2.7832153,0.19919337332248688,0.869012713432312,0.35822391510009766
YGR217W,YGL008C,1,2.7820973,0.19937275350093842,0.8699902296066284,0.35822391510009766
YNL159C,YHR079C-B,0,2.7820764,0.19932810962200165,0.8699902296066284,0.3583241403102875
YBR164C,YIL011W,0,2.7814326,0.19928348064422607,0.8699902296066284,0.3584243655204773
YIL098C,YIL082W-A,0,2.7811077,0.1992388665676117,0.8699902296066284,0.3585246205329895
YDR210W-B,YOR306C,0,2.7809289,0.1991942673921585,0.8699902296066284,0.3586248457431793
YIL027C,YMR044W,0,2.7808473,0.1991496980190277,0.8699902296066284,0.35872507095336914
YBR295W,YLR214W,1,2.7803419,0.19932885468006134,0.8709677457809448,0.35872507095336914
YDR407C,YML102W,0,2.7801435,0.19928427040576935,0.8709677457809448,0.35882529616355896
YKL217W,YMR243C,1,2.7790232,0.19946332275867462,0.8719452619552612,0.35882529616355896
YJR047C,YDL106C,0,2.7785017,0.19941873848438263,0.8719452619552612,0.3589255213737488
YDR307W,YOR193W,0,2.778487,0.19937416911125183,0.8719452619552612,0.3590257465839386
YOR348C,YNR055C,1,2.7784314,0.19955307245254517,0.8729227781295776,0.3590257465839386
YMR231W,YMR214W,0,2.777578,0.19950848817825317,0.8729227781295776,0.3591260015964508
YDR098C-A,YHR214W,0,2.776899,0.19946393370628357,0.8729227781295776,0.3592262268066406
YDR338C,YOR240W,0,2.7763305,0.19941937923431396,0.8729227781295776,0.35932645201683044
YGR212W,YCR092C,0,2.7762845,0.19937485456466675,0.8729227781295776,0.35942667722702026
YBL006C,YLR337C,0,2.7750866,0.19933035969734192,0.8729227781295776,0.3595269024372101
YGL168W,YER179W,0,2.774968,0.19928587973117828,0.8729227781295776,0.3596271276473999
YLR333C,YNL071W,0,2.7748973,0.19924141466617584,0.8729227781295776,0.3597273826599121
YLR423C,YNR052C,0,2.773979,0.1991969645023346,0.8729227781295776,0.35982760787010193
YLR337W,YJL072C,0,2.773817,0.19915254414081573,0.8729227781295776,0.35992783308029175
YDR385W,YKL199C,0,2.7736573,0.19910813868045807,0.8729227781295776,0.36002805829048157
YFR025C,YBR286W,0,2.7734277,0.1990637481212616,0.8729227781295776,0.3601282835006714
YBL084C,YDR214W,0,2.7729092,0.1990193873643875,0.8729227781295776,0.3602285385131836
YJL184W,YOR312C,0,2.7725563,0.19897504150867462,0.8729227781295776,0.3603287637233734
YFR027W,YGL255W,0,2.7713463,0.19893072545528412,0.8729227781295776,0.36042898893356323
YPL123C,YNL162W,0,2.7712705,0.19888640940189362,0.8729227781295776,0.36052921414375305
YMR316W,YGL121C,0,2.7707899,0.1988421231508255,0.8729227781295776,0.36062943935394287
YKL220C,YHR039C-B,1,2.7706764,0.19902047514915466,0.873900294303894,0.36062943935394287
YOL109W,YPL158C,0,2.7697313,0.19897618889808655,0.873900294303894,0.3607296645641327
YDR210W-A,YPR041W,0,2.7689888,0.19893190264701843,0.873900294303894,0.3608299195766449
YNL145W,YER023W,0,2.7684648,0.1988876461982727,0.873900294303894,0.3609301447868347
YLR181C,YGR027W-B,0,2.7681313,0.19884341955184937,0.873900294303894,0.36103036999702454
YOR019W,YGR178C,0,2.7677736,0.19879919290542603,0.873900294303894,0.36113059520721436
YPL257W-A,YNL278W,0,2.766587,0.19875499606132507,0.873900294303894,0.3612308204174042
YOL103W-A,YER109C,0,2.7662244,0.1987108290195465,0.873900294303894,0.3613310754299164
YHR101C,YOR069W,0,2.7660716,0.19866666197776794,0.873900294303894,0.3614313006401062
YDL180W,YPL214C,0,2.7651932,0.19862252473831177,0.873900294303894,0.361531525850296
YGR161C-D,YNL270C,0,2.7650445,0.19857840240001678,0.873900294303894,0.36163175106048584
YNL284C-B,YPR022C,0,2.7647483,0.1985343098640442,0.873900294303894,0.36173197627067566
YCL062W,YHL008C,0,2.7638173,0.1984902322292328,0.873900294303894,0.3618322014808655
YJR158W,YDR365W-B,0,2.7635992,0.19844616949558258,0.873900294303894,0.3619324564933777
YOL009C,YLR427W,0,2.7635272,0.19840213656425476,0.873900294303894,0.3620326817035675
YLR098C,YDR365W-B,0,2.7632654,0.19835810363292694,0.873900294303894,0.3621329069137573
YPL193W,YFL002W-A,0,2.7631645,0.1983141154050827,0.873900294303894,0.36223313212394714
YNL014W,YBR302C,0,2.7627416,0.19827012717723846,0.873900294303894,0.36233335733413696
YML133C,YKL025C,0,2.762019,0.1982261687517166,0.873900294303894,0.3624335825443268
YNR011C,YGL045W,0,2.761679,0.19818222522735596,0.873900294303894,0.362533837556839
YDL069C,YMR149W,0,2.760361,0.1981382966041565,0.873900294303894,0.3626340627670288
YKL135C,YER119C,0,2.7602031,0.19809439778327942,0.873900294303894,0.36273428797721863
YNL291C,YKR105C,1,2.7600033,0.19827204942703247,0.8748778104782104,0.36273428797721863
YGR247W,YPR114W,0,2.7596068,0.1982281357049942,0.8748778104782104,0.36283451318740845
YJL108C,YJL057C,0,2.759029,0.19818423688411713,0.8748778104782104,0.36293473839759827
YDR359C,YGL192W,0,2.7589107,0.19814035296440125,0.8748778104782104,0.3630349934101105
YJL078C,YDR365W-A,0,2.7586305,0.19809649884700775,0.8748778104782104,0.3631352186203003
YCR038C,YBR218C,0,2.758138,0.19805265963077545,0.8748778104782104,0.3632354438304901
YLR092W,YDR177W,0,2.7581153,0.19800885021686554,0.8748778104782104,0.36333566904067993
YNL049C,YLR037C,0,2.7579553,0.19796505570411682,0.8748778104782104,0.36343589425086975
YGL167C,YPL228W,0,2.7570713,0.1979212760925293,0.8748778104782104,0.36353611946105957
YKL188C,YLR115W,0,2.756405,0.19787751138210297,0.8748778104782104,0.3636363744735718
YOL103W-A,YFR044C,0,2.7561896,0.19783377647399902,0.8748778104782104,0.3637365996837616
YJL054W,YPR178W,0,2.7555053,0.19779005646705627,0.8748778104782104,0.3638368248939514
YEL039C,YMR223W,0,2.7552743,0.19774635136127472,0.8748778104782104,0.36393705010414124
YNL113W,YIL067C,0,2.755204,0.19770267605781555,0.8748778104782104,0.36403727531433105
YML058W,YCL012W,0,2.7548773,0.19765901565551758,0.8748778104782104,0.36413753032684326
YJL094C,YEL062W,1,2.7547393,0.19783616065979004,0.8758553266525269,0.36413753032684326
YFL022C,YPL143W,0,2.754565,0.19779250025749207,0.8758553266525269,0.3642377555370331
YGL234W,YER148W,0,2.7539659,0.1977488398551941,0.8758553266525269,0.3643379807472229
YOR228C,YMR024W,0,2.7539465,0.1977052092552185,0.8758553266525269,0.3644382059574127
YAR009C,YHR149C,0,2.753905,0.1976615935564041,0.8758553266525269,0.36453843116760254
YBR034C,YDR135C,0,2.7536316,0.19761799275875092,0.8758553266525269,0.36463865637779236
YDR034C-C,YHL026C,0,2.7535245,0.1975744217634201,0.8758553266525269,0.36473891139030457
YBR180W,YGR161W-A,0,2.7531974,0.1975308656692505,0.8758553266525269,0.3648391366004944
YAL053W,YHR065C,0,2.7528687,0.19748732447624207,0.8758553266525269,0.3649393618106842
YIL037C,YPR158C-D,0,2.752115,0.19744381308555603,0.8758553266525269,0.365039587020874
YDR101C,YPL121C,0,2.7516458,0.19740030169487,0.8758553266525269,0.36513981223106384
YGL257C,YGR027W-B,0,2.751404,0.19735683500766754,0.8758553266525269,0.36524003744125366
YHL009W-A,YCR106W,0,2.7511265,0.1973133683204651,0.8758553266525269,0.36534029245376587
YCL057C-A,YDL122W,0,2.7502072,0.19726993143558502,0.8758553266525269,0.3654405176639557
YPL159C,YNL097C,0,2.7481954,0.19722650945186615,0.8758553266525269,0.3655407428741455
YPL056C,YBL101W-A,0,2.746925,0.19718310236930847,0.8758553266525269,0.3656409680843353
YDR329C,YKL087C,0,2.7467978,0.197139710187912,0.8758553266525269,0.36574119329452515
YGR082W,YBR211C,0,2.7463794,0.1970963478088379,0.8758553266525269,0.36584144830703735
YLR340W,YHR146W,0,2.7454374,0.197053000330925,0.8758553266525269,0.3659416735172272
YLR307W,YGR152C,0,2.74377,0.19700966775417328,0.8758553266525269,0.366041898727417
YJR064W,YBR033W,0,2.7437406,0.19696636497974396,0.8758553266525269,0.3661421239376068
YJL026W,YBR158W,0,2.7430012,0.19692307710647583,0.8758553266525269,0.36624234914779663
YKR001C,YML033W,0,2.7415016,0.1968798041343689,0.8758553266525269,0.36634257435798645
YGR209C,YPR143W,0,2.7414558,0.19683656096458435,0.8758553266525269,0.36644282937049866
YPR201W,YHR039C-A,1,2.7411492,0.19701296091079712,0.8768328428268433,0.36644282937049866
YFR016C,YDR210C-D,0,2.7407138,0.19696970283985138,0.8768328428268433,0.3665430545806885
YNL259C,YFL050C,1,2.739825,0.1971459984779358,0.8778103590011597,0.3665430545806885
YGL224C,YDL232W,0,2.7395117,0.19710272550582886,0.8778103590011597,0.3666432797908783
YIL134W,YOR087W,1,2.7393305,0.1972789168357849,0.8787878751754761,0.3666432797908783
YEL020C,YHR032W,0,2.7390132,0.19723562896251678,0.8787878751754761,0.3667435050010681
YML061C,YJR045C,0,2.737984,0.19719237089157104,0.8787878751754761,0.36684373021125793
YCR083W,YJL174W,0,2.737387,0.1971491277217865,0.8787878751754761,0.36694398522377014
YHR039C-B,YKR105C,1,2.7367196,0.19732515513896942,0.8797653913497925,0.36694398522377014
YDL019C,YIR012W,0,2.7362707,0.19728189706802368,0.8797653913497925,0.36704421043395996
YMR197C,YNL053W,0,2.7357013,0.19723865389823914,0.8797653913497925,0.3671444356441498
YDR016C,YDR261W-B,0,2.7353628,0.19719544053077698,0.8797653913497925,0.3672446608543396
YLR185W,YJL106W,0,2.7352197,0.197152242064476,0.8797653913497925,0.3673448860645294
YEL060C,YOL103W-A,0,2.7343209,0.19710907340049744,0.8797653913497925,0.36744511127471924
YLL009C,YOL020W,1,2.7342622,0.19728486239910126,0.8807429075241089,0.36744511127471924
YLR038C,YGR212W,0,2.733672,0.1972416788339615,0.8807429075241089,0.36754536628723145
YDL075W,YGR038C-B,0,2.7336156,0.1971985101699829,0.8807429075241089,0.36764559149742126
YMR303C,YBR029C,0,2.7335446,0.19715535640716553,0.8807429075241089,0.3677458167076111
YIL171W,YLR010C,0,2.7329907,0.19711223244667053,0.8807429075241089,0.3678460419178009
YLR299W,YCR029C-A,0,2.7329776,0.19706912338733673,0.8807429075241089,0.3679462671279907
YGL097W,YKR099C-A,0,2.7329776,0.19702602922916412,0.8807429075241089,0.36804649233818054
YGR166W,YFL035C-A,0,2.7329776,0.1969829499721527,0.8807429075241089,0.36814674735069275
YCL012W,YPL181W,0,2.7329776,0.1969398856163025,0.8807429075241089,0.36824697256088257
YFL035C-B,YHR197W,0,2.7329776,0.19689685106277466,0.8807429075241089,0.3683471977710724
YPL189C-A,YGL145W,0,2.7329776,0.19685383141040802,0.8807429075241089,0.3684474229812622
YCL027C-A,YER062C,0,2.7329776,0.19681084156036377,0.8807429075241089,0.368547648191452
YOR362C,YKR099C-A,0,2.7329776,0.19676785171031952,0.8807429075241089,0.36864790320396423
YIL098C,YKL138C-A,0,2.7329776,0.19672489166259766,0.8807429075241089,0.36874812841415405
YKL129C,YLR154W-C,0,2.7329776,0.196681946516037,0.8807429075241089,0.36884835362434387
YLR357W,YNL024C-A,0,2.7329776,0.1966390162706375,0.8807429075241089,0.3689485788345337
YOR140W,YNL024C-A,0,2.7329776,0.19659611582756042,0.8807429075241089,0.3690488040447235
YGL104C,YBR200W-A,0,2.7329776,0.19655323028564453,0.8807429075241089,0.36914902925491333
YNL137C,YBR200W-A,0,2.7329776,0.19651035964488983,0.8807429075241089,0.36924928426742554
YDL134C-A,YDL052C,0,2.7329776,0.19646750390529633,0.8807429075241089,0.36934950947761536
YHL024W,YCR029C-A,0,2.7329776,0.1964246779680252,0.8807429075241089,0.3694497346878052
YCL062W,YGR184C,0,2.7329776,0.19638186693191528,0.8807429075241089,0.369549959897995
YOR343C-B,YBR086C,0,2.7329776,0.19633907079696655,0.8807429075241089,0.3696501851081848
YOR343C-B,YMR083W,0,2.7329776,0.19629628956317902,0.8807429075241089,0.369750440120697
YER159C-A,YDR210W-C,0,2.7329776,0.19625353813171387,0.8807429075241089,0.36985066533088684
YJL033W,YKR095W-A,0,2.7329776,0.1962108016014099,0.8807429075241089,0.36995089054107666
YAR070W-A,YJL154C,0,2.7329776,0.19616807997226715,0.8807429075241089,0.3700511157512665
YJL133C-A,YNL009W,0,2.7329776,0.19612538814544678,0.8807429075241089,0.3701513409614563
YDR210W-D,YHR073W,0,2.7329776,0.1960826963186264,0.8807429075241089,0.3702515661716461
YER093C,YBR200W-A,0,2.7329776,0.19604003429412842,0.8807429075241089,0.3703518211841583
YCR027C,YHR039C-B,1,2.7329776,0.1962149292230606,0.8817204236984253,0.3703518211841583
YDL134C-A,YPL105C,0,2.7329776,0.19617225229740143,0.8817204236984253,0.37045204639434814
YLR337C,YCL005W-A,0,2.7329776,0.19612959027290344,0.8817204236984253,0.37055227160453796
YPL096C-A,YBL039C,0,2.7329776,0.19608695805072784,0.8817204236984253,0.3706524968147278
YCR070W,YHR037W,0,2.7329776,0.19604434072971344,0.8817204236984253,0.3707527220249176
YBL101C,YLR154W-C,0,2.7329776,0.19600173830986023,0.8817204236984253,0.3708529472351074
YDL064W,YKR095W-A,0,2.7329776,0.1959591507911682,0.8817204236984253,0.37095320224761963
YMR134W,YCL005W-A,0,2.7329776,0.19591659307479858,0.8817204236984253,0.37105342745780945
YDL080C,YCR029C-A,0,2.7329776,0.19587405025959015,0.8817204236984253,0.37115365266799927
YDR210W-C,YCR023C,0,2.7329776,0.1958315223455429,0.8817204236984253,0.3712538778781891
YDR180W,YBL008W-A,0,2.7329776,0.19578900933265686,0.8817204236984253,0.3713541030883789
YLR154W-C,YBL093C,0,2.7329776,0.1957465261220932,0.8817204236984253,0.3714543581008911
YCL005W-A,YHR141C,0,2.7329776,0.19570405781269073,0.8817204236984253,0.37155458331108093
YPL270W,YKR099C-A,0,2.7329776,0.19566160440444946,0.8817204236984253,0.37165480852127075
YPL189C-A,YDR317W,0,2.7329776,0.19561916589736938,0.8817204236984253,0.37175503373146057
YFL035C-A,YMR171C,0,2.7329776,0.1955767571926117,0.8817204236984253,0.3718552589416504
YBR090C-A,YDL130W-A,0,2.7329776,0.1955343633890152,0.8817204236984253,0.3719554841518402
YBL008W-A,YBL090W,0,2.7329776,0.1954919844865799,0.8817204236984253,0.3720557391643524
YHR214W-G,YDL038C,0,2.7329776,0.1954496204853058,0.8817204236984253,0.37215596437454224
YFL018W-A,YPL111W,0,2.7329776,0.19540728628635406,0.8817204236984253,0.37225618958473206
YDR208W,YOR343C-A,0,2.7329776,0.19536495208740234,0.8817204236984253,0.3723564147949219
YDL120W,YCL005W-A,1,2.7329776,0.195539191365242,0.8826979398727417,0.3723564147949219
YNL003C,YCL005W-A,1,2.7329776,0.1957133561372757,0.8836754560470581,0.3723564147949219
YER087C-A,YPL096C-A,0,2.7329776,0.1956709921360016,0.8836754560470581,0.3724566400051117
YEL051W,YKL138C-A,0,2.7329776,0.19562865793704987,0.8836754560470581,0.3725568950176239
YDR322C-A,YHR039C-B,1,2.7329776,0.1958026885986328,0.8846529722213745,0.3725568950176239
YDL134C-A,YOR096W,0,2.7329776,0.1957603245973587,0.8846529722213745,0.3726571202278137
YER108C,YHR098C,0,2.7329776,0.19571799039840698,0.8846529722213745,0.37275734543800354
YHR113W,YDR524C-B,0,2.7329776,0.19567567110061646,0.8846529722213745,0.37285757064819336
YLR327C,YHR214W-G,0,2.7329776,0.19563338160514832,0.8846529722213745,0.3729577958583832
YBR101C,YCL005W-A,0,2.7329776,0.19559109210968018,0.8846529722213745,0.373058021068573
YBL008W-A,YNL247W,0,2.7329776,0.19554883241653442,0.8846529722213745,0.3731582760810852
YOR343C-A,YOR373W,0,2.7329776,0.19550658762454987,0.8846529722213745,0.373258501291275
YPL037C,YCL048W-A,0,2.7329776,0.1954643577337265,0.8846529722213745,0.37335872650146484
YOR343C-A,YBR258C,0,2.7329776,0.19542215764522552,0.8846529722213745,0.37345895171165466
YBR034C,YOR343C-A,0,2.7329776,0.19537997245788574,0.8846529722213745,0.3735591769218445
YNL275W,YCL005W-A,1,2.7329776,0.19555363059043884,0.8856304883956909,0.3735591769218445
YBR200W-A,YJL041W,0,2.7329776,0.19551143050193787,0.8856304883956909,0.3736594021320343
YOR343C-B,YOL001W,0,2.7329776,0.19546926021575928,0.8856304883956909,0.3737596571445465
YER082C,YKR095W-A,0,2.7329776,0.1954270899295807,0.8856304883956909,0.37385988235473633
YAR070W-A,YOL018C,0,2.7329776,0.1953849494457245,0.8856304883956909,0.37396010756492615
YDR170W-A,YCL012W,0,2.7329776,0.19534282386302948,0.8856304883956909,0.37406033277511597
YJL133C-A,YER070W,0,2.7329776,0.19530071318149567,0.8856304883956909,0.3741605579853058
YDR014W,YLR154W-C,0,2.7329776,0.19525861740112305,0.8856304883956909,0.374260812997818
YHR214W-G,YPR079W,0,2.7329776,0.19521655142307281,0.8856304883956909,0.3743610382080078
YFR046C,YAR070W-A,0,2.7329776,0.19517450034618378,0.8856304883956909,0.37446126341819763
YPR124W,YCL005W-A,1,2.7329776,0.1953478306531906,0.8866080045700073,0.37446126341819763
YJL133C-A,YHL025W,0,2.7329776,0.19530576467514038,0.8866080045700073,0.37456148862838745
YDL144C,YCR029C-A,0,2.7329776,0.19526372849941254,0.8866080045700073,0.37466171383857727
YJL133C-A,YDL079C,0,2.7329776,0.1952216923236847,0.8866080045700073,0.3747619390487671
YOR173W,YCR058C,0,2.7329776,0.19517968595027924,0.8866080045700073,0.3748621940612793
YBL008W-A,YGL045W,0,2.7329776,0.19513769447803497,0.8866080045700073,0.3749624192714691
YKL138C-A,YJR102C,0,2.7329776,0.1950957179069519,0.8866080045700073,0.37506264448165894
YCL048W,YML033W,0,2.7329776,0.19505375623703003,0.8866080045700073,0.37516286969184875
YBR158W,YCL027C-A,0,2.7329776,0.19501182436943054,0.8866080045700073,0.3752630949020386
YFL035C-A,YMR211W,0,2.7329776,0.19496990740299225,0.8866080045700073,0.3753633499145508
YPR128C,YCL005W-A,1,2.7329776,0.195142924785614,0.8875855207443237,0.3753633499145508
YJR044C,YBR200W-A,0,2.7329776,0.19510099291801453,0.8875855207443237,0.3754635751247406
YJL133C-A,YBL071W-A,0,2.7329776,0.19505907595157623,0.8875855207443237,0.3755638003349304
YJL133C-A,YLR460C,0,2.7329776,0.19501718878746033,0.8875855207443237,0.37566402554512024
YDR524C-B,YPR023C,0,2.7329776,0.19497530162334442,0.8875855207443237,0.37576425075531006
YCL005W-A,YHR167W,0,2.7329776,0.1949334442615509,0.8875855207443237,0.3758644759654999
YGL210W-A,YNL029C,0,2.7329776,0.19489160180091858,0.8875855207443237,0.3759647309780121
YOR091W,YFL018W-A,0,2.7329776,0.19484978914260864,0.8875855207443237,0.3760649561882019
YDL072C,YHR214W-G,0,2.7329776,0.1948079764842987,0.8875855207443237,0.3761651813983917
YGR217W,YML033W,0,2.7329776,0.19476619362831116,0.8875855207443237,0.37626540660858154
YDR464W,YPL096C-A,0,2.7329776,0.1947244256734848,0.8875855207443237,0.37636563181877136
YPL096C-A,YML104C,0,2.7329776,0.19468267261981964,0.8875855207443237,0.3764658570289612
YMR156C,YDR210W-C,0,2.7329776,0.19464094936847687,0.8875855207443237,0.3765661120414734
YCL062W,YDR365W-B,0,2.7329776,0.1945992261171341,0.8875855207443237,0.3766663372516632
YOR033C,YKR095W-A,0,2.7329776,0.1945575326681137,0.8875855207443237,0.376766562461853
YKL138C-A,YDR023W,0,2.7329776,0.19451585412025452,0.8875855207443237,0.37686678767204285
YLR312C-B,YMR285C,0,2.7329776,0.19447419047355652,0.8875855207443237,0.37696701288223267
YMR021C,YDR210W-C,0,2.7329776,0.19443254172801971,0.8875855207443237,0.3770672678947449
YBR161W,YBR200W-A,0,2.7329776,0.1943909227848053,0.8875855207443237,0.3771674931049347
YOR343C-A,YOR172W,0,2.7329776,0.19434931874275208,0.8875855207443237,0.3772677183151245
YKR014C,YKR095W-A,0,2.7329776,0.19430772960186005,0.8875855207443237,0.37736794352531433
YMR268C,YBR200W-A,0,2.7329776,0.1942661553621292,0.8875855207443237,0.37746816873550415
YCL005W-A,YDR055W,0,2.7329776,0.19422459602355957,0.8875855207443237,0.37756839394569397
YKL138C-A,YHR167W,0,2.7329776,0.19418306648731232,0.8875855207443237,0.3776686489582062
YBR237W,YCR029C-A,0,2.7329776,0.19414153695106506,0.8875855207443237,0.377768874168396
YDL210W,YCL005W-A,1,2.7329776,0.19431380927562714,0.8885630369186401,0.377768874168396
YKR085C,YOR343C-B,0,2.7329776,0.19427227973937988,0.8885630369186401,0.3778690993785858
YDR210W-C,YDL130W,0,2.7329776,0.19423076510429382,0.8885630369186401,0.37796932458877563
YKL138C-A,YDR239C,0,2.7329776,0.19418928027153015,0.8885630369186401,0.37806954979896545
YJL138C,YLR154W-C,0,2.7329776,0.19414779543876648,0.8885630369186401,0.37816980481147766
YPL189C-A,YBR049C,0,2.7329776,0.1941063404083252,0.8885630369186401,0.3782700300216675
YLR393W,YNL024C-A,0,2.7329776,0.1940649002790451,0.8885630369186401,0.3783702552318573
YFL035C-A,YER102W,0,2.7329776,0.1940234750509262,0.8885630369186401,0.3784704804420471
YJL047C,YOR343C-B,0,2.7329776,0.1939820796251297,0.8885630369186401,0.37857070565223694
YPL096C-A,YJR022W,0,2.7329776,0.1939406841993332,0.8885630369186401,0.37867093086242676
YML019W,YCL005W-A,0,2.7329776,0.19389931857585907,0.8885630369186401,0.37877118587493896
YLR312C-B,YKL167C,0,2.7329776,0.19385796785354614,0.8885630369186401,0.3788714110851288
YIR013C,YAR070W-A,0,2.7329776,0.1938166320323944,0.8885630369186401,0.3789716362953186
YKL138C-A,YJR042W,0,2.7329776,0.19377531111240387,0.8885630369186401,0.3790718615055084
YNL024C-A,YJR050W,0,2.7329776,0.19373401999473572,0.8885630369186401,0.37917208671569824
YCL005W-A,YEL051W,1,2.7329776,0.1939058154821396,0.8895405530929565,0.37917208671569824
YGR017W,YBL101W-A,0,2.7329776,0.19386450946331024,0.8895405530929565,0.37927231192588806
YML016C,YOR343C-B,0,2.7329776,0.1938232183456421,0.8895405530929565,0.37937256693840027
YKL138C-A,YDR481C,0,2.7329776,0.19378194212913513,0.8895405530929565,0.3794727921485901
YLR337W,YOR192C-A,0,2.7329776,0.19374068081378937,0.8895405530929565,0.3795730173587799
YCL005W-A,YDR506C,1,2.7329776,0.1939122974872589,0.890518069267273,0.3795730173587799
YBR169C,YBR200W-A,0,2.7329776,0.19387103617191315,0.890518069267273,0.3796732425689697
YBR090C-A,YHR183W,0,2.7329776,0.19382978975772858,0.890518069267273,0.37977346777915955
YOR117W,YCR029C-A,0,2.7329776,0.1937885582447052,0.890518069267273,0.37987372279167175
YDL134C-A,YAR019C,0,2.7329776,0.19374734163284302,0.890518069267273,0.3799739480018616
YKL158W,YOR192C-B,0,2.7329776,0.19370613992214203,0.890518069267273,0.3800741732120514
YBR293W,YKR095W-A,0,2.7329776,0.19366496801376343,0.890518069267273,0.3801743984222412
YDR379W,YBR200W-A,0,2.7329776,0.19362381100654602,0.890518069267273,0.38027462363243103
YOR117W,YBR200W-A,0,2.7329776,0.1935826539993286,0.890518069267273,0.38037484884262085
YDR434W,YBL008W-A,0,2.7329776,0.1935415267944336,0.890518069267273,0.38047510385513306
YOR343C-B,YPR140W,0,2.7329776,0.19350042939186096,0.890518069267273,0.3805753290653229
YLL043W,YCL005W-A,1,2.7329776,0.19367168843746185,0.8914955854415894,0.3805753290653229
YLR256W,YCL048W-A,0,2.7329776,0.19363057613372803,0.8914955854415894,0.3806755542755127
YDR315C,YCL048W-A,0,2.7329776,0.1935894787311554,0.8914955854415894,0.3807757794857025
YCL048W-A,YFL056C,0,2.7329776,0.19354838132858276,0.8914955854415894,0.38087600469589233
YOR343C-B,YNR038W,0,2.7329776,0.19350731372833252,0.8914955854415894,0.38097625970840454
YLR154W-C,YNL091W,0,2.7329776,0.19346627593040466,0.8914955854415894,0.38107648491859436
YNL024C-A,YNL101W,0,2.7329776,0.1934252381324768,0.8914955854415894,0.3811767101287842
YML124C,YDR524C-B,0,2.7329776,0.19338423013687134,0.8914955854415894,0.381276935338974
YFL035C-A,YKL145W,0,2.7329776,0.19334322214126587,0.8914955854415894,0.3813771605491638
YHL007C,YKR095W-A,0,2.7329776,0.1933022439479828,0.8914955854415894,0.38147738575935364
YGR038C-A,YGL210W-A,0,2.7329776,0.1932612806558609,0.8914955854415894,0.38157764077186584
YKL138C-A,YOR155C,0,2.7329776,0.1932203322649002,0.8914955854415894,0.38167786598205566
YFL018W-A,YLR068W,0,2.7329776,0.1931794136762619,0.8914955854415894,0.3817780911922455
YKL138C-A,YLL050C,0,2.7329776,0.1931384950876236,0.8914955854415894,0.3818783164024353
YOR045W,YDR210W-C,0,2.7329776,0.19309760630130768,0.8914955854415894,0.3819785416126251
YOR343C-A,YCL048W,0,2.7329776,0.19305673241615295,0.8914955854415894,0.38207876682281494
YAL053W,YBR200W-A,0,2.7329776,0.19301587343215942,0.8914955854415894,0.38217902183532715
YER093C,YDL134C-A,0,2.7329776,0.1929750293493271,0.8914955854415894,0.38227924704551697
YNL241C,YFL035C-B,0,2.7329776,0.19293421506881714,0.8914955854415894,0.3823794722557068
YPL233W,YAR070W-A,0,2.7329776,0.1928934007883072,0.8914955854415894,0.3824796974658966
YMR125W,YKL138C-A,0,2.7329776,0.19285261631011963,0.8914955854415894,0.3825799226760864
YBR003W,YNL024C-A,0,2.7329776,0.19281184673309326,0.8914955854415894,0.38268017768859863
YBR200W-A,YNR051C,0,2.7329776,0.1927710771560669,0.8914955854415894,0.38278040289878845
YJL133C-A,YMR288W,0,2.7329776,0.1927303522825241,0.8914955854415894,0.38288062810897827
YCL005W-A,YBL030C,1,2.7329776,0.1929009109735489,0.8924731016159058,0.38288062810897827
YLR312C-B,YBR012W-A,0,2.7329776,0.19286015629768372,0.8924731016159058,0.3829808533191681
YNL312W,YFL035C-A,0,2.7329776,0.19281943142414093,0.8924731016159058,0.3830810785293579
YDR009W,YCL027C-A,0,2.7329776,0.19277872145175934,0.8924731016159058,0.38318130373954773
YPR121W,YOR262W,0,2.7326252,0.19273802638053894,0.8924731016159058,0.38328155875205994
YOL122C,YIL134W,1,2.7306898,0.1929084062576294,0.8934506177902222,0.38328155875205994
YDR407C,YHR062C,0,2.7303903,0.1928676962852478,0.8934506177902222,0.38338178396224976
YMR035W,YLR004C,0,2.7299755,0.1928270012140274,0.8934506177902222,0.3834820091724396
YGR087C,YDL017W,0,2.7287374,0.1927863359451294,0.8934506177902222,0.3835822343826294
YOR227W,YBR023C,0,2.7276628,0.19274567067623138,0.8934506177902222,0.3836824595928192
YPL224C,YAL001C,0,2.7272124,0.19270503520965576,0.8934506177902222,0.3837827146053314
YDR316W-B,YBL007C,0,2.7266896,0.19266441464424133,0.8934506177902222,0.38388293981552124
YPL241C,YER119C,0,2.7263205,0.1926238089799881,0.8934506177902222,0.38398316502571106
YMR088C,YKR092C,0,2.725893,0.19258323311805725,0.8934506177902222,0.3840833902359009
YLR459W,YHL016C,0,2.7255013,0.1925426572561264,0.8934506177902222,0.3841836154460907
YBR044C,YJL050W,0,2.724942,0.19250211119651794,0.8934506177902222,0.3842838406562805
YGR057C,YDR098C-B,0,2.7248342,0.19246156513690948,0.8934506177902222,0.3843840956687927
YAL028W,YER102W,0,2.7247846,0.1924210488796234,0.8934506177902222,0.38448432087898254
YCR073C,YKR031C,0,2.72423,0.19238054752349854,0.8934506177902222,0.38458454608917236
YER048W-A,YDR261C-C,0,2.7238472,0.19234006106853485,0.8934506177902222,0.3846847712993622
YGR161C-D,YDR073W,0,2.7236636,0.19229960441589355,0.8934506177902222,0.384784996509552
YIR008C,YHL009W-B,0,2.723184,0.19225914776325226,0.8934506177902222,0.3848852217197418
YCL050C,YKL029C,0,2.721669,0.19221872091293335,0.8934506177902222,0.38498547673225403
YNL284C-B,YIR008C,0,2.7205188,0.19217829406261444,0.8934506177902222,0.38508570194244385
YEL017C-A,YGR038C-B,0,2.7202244,0.19213789701461792,0.8934506177902222,0.38518592715263367
YPL257W-A,YEL038W,0,2.7201018,0.1920975148677826,0.8934506177902222,0.3852861523628235
YMR125W,YPL249C-A,0,2.7200544,0.19205714762210846,0.8934506177902222,0.3853863775730133
YHR172W,YMR165C,0,2.7185497,0.1920168101787567,0.8934506177902222,0.3854866325855255
YER025W,YNL330C,0,2.7173643,0.19197647273540497,0.8934506177902222,0.38558685779571533
YBR203W,YGL011C,0,2.717069,0.1919361650943756,0.8934506177902222,0.38568708300590515
YER026C,YCR024C,0,2.7147603,0.19189585745334625,0.8934506177902222,0.38578730821609497
YER108C,YER021W,0,2.714482,0.19185557961463928,0.8934506177902222,0.3858875334262848
YDL109C,YGL038C,0,2.7141602,0.1918153166770935,0.8934506177902222,0.3859877586364746
YDR422C,YDR261C-C,0,2.7138069,0.19177506864070892,0.8934506177902222,0.3860880136489868
YBL100W-B,YFR034C,0,2.713644,0.19173485040664673,0.8934506177902222,0.38618823885917664
YAL020C,YGR086C,0,2.7134538,0.19169463217258453,0.8934506177902222,0.38628846406936646
YGR161C-C,YHR014W,0,2.713334,0.19165442883968353,0.8934506177902222,0.3863886892795563
YLR433C,YJR118C,0,2.713327,0.19161425530910492,0.8934506177902222,0.3864889144897461
YOL116W,YMR202W,0,2.7132857,0.1915740966796875,0.8934506177902222,0.3865891695022583
YPL257W-A,YPL161C,0,2.7131653,0.19153395295143127,0.8934506177902222,0.3866893947124481
YDR034C-C,YNL058C,0,2.7121847,0.19149382412433624,0.8934506177902222,0.38678961992263794
YBR050C,YMR128W,0,2.7119887,0.1914537101984024,0.8934506177902222,0.38688984513282776
YJR001W,YAL028W,0,2.7117858,0.19141361117362976,0.8934506177902222,0.3869900703430176
YMR063W,YIL019W,0,2.71159,0.1913735270500183,0.8934506177902222,0.3870902955532074
YMR184W,YLR378C,0,2.7108603,0.19133347272872925,0.8934506177902222,0.3871905505657196
YJL020C,YOL128C,0,2.7108505,0.19129343330860138,0.8934506177902222,0.3872907757759094
YNL318C,YDR236C,0,2.710394,0.1912533938884735,0.8934506177902222,0.38739100098609924
YOL012C,YCR098C,0,2.7103417,0.19121338427066803,0.8934506177902222,0.38749122619628906
YCR070W,YPL045W,0,2.7095582,0.19117338955402374,0.8934506177902222,0.3875914514064789
YDR034C-C,YOL058W,0,2.7093933,0.19113340973854065,0.8934506177902222,0.3876916766166687
YGR161C-D,YGR033C,0,2.7087348,0.19109345972537994,0.8934506177902222,0.3877919316291809
YKL054C,YOR240W,0,2.7082772,0.19105350971221924,0.8934506177902222,0.3878921568393707
YLR308W,YOL078W,0,2.707699,0.19101358950138092,0.8934506177902222,0.38799238204956055
YJR110W,YHR181W,0,2.707341,0.1909736692905426,0.8934506177902222,0.38809260725975037
YDR349C,YDR005C,0,2.7071998,0.19093377888202667,0.8934506177902222,0.3881928324699402
YOL149W,YPR201W,0,2.706969,0.19089390337467194,0.8934506177902222,0.3882930874824524
YGR241C,YOR192C-B,0,2.7061546,0.1908540427684784,0.8934506177902222,0.3883933126926422
YNL086W,YGR161W-A,0,2.705703,0.19081419706344604,0.8934506177902222,0.38849353790283203
YDL008W,YHR110W,0,2.7055864,0.1907743662595749,0.8934506177902222,0.38859376311302185
YGL196W,YKL025C,0,2.7050252,0.19073455035686493,0.8934506177902222,0.38869398832321167
YOL157C,YNL142W,0,2.7047465,0.19069476425647736,0.8934506177902222,0.3887942135334015
YKL033W,YBR039W,0,2.7045279,0.19065497815608978,0.8934506177902222,0.3888944685459137
YCR070W,YBL055C,0,2.7039182,0.1906152218580246,0.8934506177902222,0.3889946937561035
YDR441C,YGR038C-B,0,2.7034063,0.1905754804611206,0.8934506177902222,0.38909491896629333
YDR462W,YMR070W,0,2.7032268,0.1905357539653778,0.8934506177902222,0.38919514417648315
YDL075W,YKL018W,0,2.7026975,0.1904960423707962,0.8934506177902222,0.389295369386673
YOR251C,YLR348C,1,2.7025354,0.19066472351551056,0.8944281339645386,0.389295369386673
YLL018C-A,YCR021C,1,2.7021666,0.19083333015441895,0.895405650138855,0.389295369386673
YPR025C,YHL022C,0,2.7020447,0.19079358875751495,0.895405650138855,0.3893956243991852
YNL263C,YDR121W,0,2.7016356,0.19075384736061096,0.895405650138855,0.389495849609375
YLR172C,YGR161W-A,0,2.7009718,0.19071413576602936,0.895405650138855,0.3895960748195648
YNL069C,YJR022W,0,2.6994298,0.19067443907260895,0.895405650138855,0.38969630002975464
YCR081W,YKL163W,0,2.6988394,0.19063475728034973,0.895405650138855,0.38979652523994446
YHR005C,YNL059C,0,2.6985128,0.1905950903892517,0.895405650138855,0.3898967504501343
YJL129C,YGL077C,1,2.6982398,0.1907634735107422,0.8963831663131714,0.3898967504501343
YCR097W,YDR346C,0,2.6980097,0.19072379171848297,0.8963831663131714,0.3899970054626465
YOR128C,YLR097C,0,2.697864,0.19068413972854614,0.8963831663131714,0.3900972306728363
YPR148C,YOR175C,0,2.696604,0.19064448773860931,0.8963831663131714,0.3901974558830261
YIL044C,YOR171C,0,2.696376,0.19060486555099487,0.8963831663131714,0.39029768109321594
YHL007C,YAL056W,0,2.6962993,0.19056525826454163,0.8963831663131714,0.39039790630340576
YLL018C-A,YBR069C,1,2.6947174,0.1907334327697754,0.8973606824874878,0.39039790630340576
YGL123W,YGL160W,0,2.6940877,0.19069381058216095,0.8973606824874878,0.3904981315135956
YGR040W,YBL005W-A,0,2.6939156,0.1906542032957077,0.8973606824874878,0.3905983865261078
YPR173C,YML093W,0,2.6936166,0.19061461091041565,0.8973606824874878,0.3906986117362976
YBL020W,YGL045W,0,2.6936085,0.19057504832744598,0.8973606824874878,0.3907988369464874
YOR211C,YGR007W,0,2.6934295,0.19053548574447632,0.8973606824874878,0.39089906215667725
YAL020C,YDL149W,0,2.6933734,0.19049595296382904,0.8973606824874878,0.39099928736686707
YNL318C,YBL024W,0,2.6929717,0.19045643508434296,0.8973606824874878,0.3910995423793793
YNL318C,YER016W,0,2.6912718,0.19041693210601807,0.8973606824874878,0.3911997675895691
YOR348C,YHR039C-B,1,2.69076,0.19058482348918915,0.8983381986618042,0.3911997675895691
YDL230W,YDR239C,0,2.6904721,0.19054530560970306,0.8983381986618042,0.3912999927997589
YNL328C,YDR210C-D,0,2.689551,0.19050580263137817,0.8983381986618042,0.39140021800994873
YFL002W-A,YLR288C,0,2.6895323,0.19046631455421448,0.8983381986618042,0.39150044322013855
YJR040W,YMR319C,1,2.689407,0.19063407182693481,0.8993157148361206,0.39150044322013855
YBL057C,YDR510W,0,2.6891716,0.19059456884860992,0.8993157148361206,0.39160066843032837
YLR054C,YER139C,0,2.6886444,0.19055509567260742,0.8993157148361206,0.3917009234428406
YDR315C,YOL123W,0,2.6885784,0.1905156373977661,0.8993157148361206,0.3918011486530304
YNL275W,YNR033W,0,2.6876545,0.190476194024086,0.8993157148361206,0.3919013738632202
YOL137W,YGL166W,0,2.686538,0.19043676555156708,0.8993157148361206,0.39200159907341003
YFL034C-B,YGR287C,0,2.6863225,0.19039735198020935,0.8993157148361206,0.39210182428359985
YDR004W,YML033W,0,2.6859496,0.19035795331001282,0.8993157148361206,0.39220207929611206
YOR007C,YDR261W-B,0,2.6859016,0.19031856954097748,0.8993157148361206,0.3923023045063019
YPR134W,YLR382C,0,2.6858242,0.19027921557426453,0.8993157148361206,0.3924025297164917
YLR233C,YGL020C,0,2.6856132,0.19023986160755157,0.8993157148361206,0.3925027549266815
YCR070W,YML106W,0,2.6855412,0.190200537443161,0.8993157148361206,0.39260298013687134
YLR233C,YER074W-A,0,2.6848445,0.19016122817993164,0.8993157148361206,0.39270320534706116
YMR029C,YAL007C,0,2.6846876,0.19012191891670227,0.8993157148361206,0.39280346035957336
YHR083W,YLR441C,0,2.6840937,0.1900826394557953,0.8993157148361206,0.3929036855697632
YMR314W,YLR075W,0,2.6835372,0.1900433748960495,0.8993157148361206,0.393003910779953
YLR092W,YLR047C,1,2.6827428,0.19021065533161163,0.900293231010437,0.393003910779953
YML130C,YML012W,0,2.682521,0.19017137587070465,0.900293231010437,0.3931041359901428
YOL009C,YKL017C,0,2.6823833,0.19013212621212006,0.900293231010437,0.39320436120033264
YCR081W,YDR365W-B,0,2.6821482,0.19009287655353546,0.900293231010437,0.39330458641052246
YHR101C,YPR075C,0,2.6792006,0.19005365669727325,0.900293231010437,0.39340484142303467
YOR133W,YFR024C,0,2.6788888,0.19001443684101105,0.900293231010437,0.3935050666332245
YPL026C,YDR097C,0,2.6787643,0.18997524678707123,0.900293231010437,0.3936052918434143
YGR071C,YGR027W-B,0,2.678447,0.1899360716342926,0.900293231010437,0.3937055170536041
YOR335C,YNL339C,0,2.6769226,0.18989691138267517,0.900293231010437,0.39380574226379395
YMR023C,YGR094W,0,2.6763217,0.18985776603221893,0.900293231010437,0.39390599727630615
YLR126C,YMR083W,0,2.6759589,0.1898186355829239,0.900293231010437,0.39400622248649597
YGR161C-D,YDR372C,0,2.6758993,0.18977952003479004,0.900293231010437,0.3941064476966858
YOR344C,YKL158W,0,2.6756735,0.18974041938781738,0.900293231010437,0.3942066729068756
YPR021C,YBR132C,1,2.6754315,0.18990731239318848,0.9012707471847534,0.3942066729068756
YPR066W,YHR039C-B,0,2.675284,0.18986819684505463,0.9012707471847534,0.39430689811706543
YJR029W,YEL064C,0,2.6737635,0.18982911109924316,0.9012707471847534,0.39440712332725525
YDR434W,YDR034C-C,0,2.6715195,0.1897900402545929,0.9012707471847534,0.39450737833976746
YNL152W,YOR315W,0,2.6707866,0.18975098431110382,0.9012707471847534,0.3946076035499573
YDR528W,YPL086C,0,2.6699483,0.18971192836761475,0.9012707471847534,0.3947078287601471
YEL039C,YDR385W,0,2.6693048,0.18967290222644806,0.9012707471847534,0.3948080539703369
YLR362W,YER102W,0,2.6683652,0.18963389098644257,0.9012707471847534,0.39490827918052673
YDR180W,YFL018C,0,2.66831,0.18959489464759827,0.9012707471847534,0.39500853419303894
YPL225W,YDR481C,0,2.668291,0.18955592811107635,0.9012707471847534,0.39510875940322876
YHL001W,YLR188W,0,2.6677144,0.18951696157455444,0.9012707471847534,0.3952089846134186
YOR017W,YPR151C,0,2.6674356,0.18947800993919373,0.9012707471847534,0.3953092098236084
YCR008W,YML008C,0,2.66666,0.1894390732049942,0.9012707471847534,0.3954094350337982
YOL069W,YHR091C,0,2.6662004,0.18940016627311707,0.9012707471847534,0.39550966024398804
YDR258C,YLR248W,0,2.66496,0.18936125934123993,0.9012707471847534,0.39560991525650024
YDR314C,YHR010W,0,2.6644075,0.18932238221168518,0.9012707471847534,0.39571014046669006
YDR339C,YBR258C,0,2.664354,0.18928351998329163,0.9012707471847534,0.3958103656768799
YMR177W,YBR104W,0,2.6628928,0.18924465775489807,0.9012707471847534,0.3959105908870697
YAR010C,YIL078W,0,2.6628473,0.1892058253288269,0.9012707471847534,0.3960108160972595
YGL053W,YDR057W,0,2.6626773,0.18916700780391693,0.9012707471847534,0.39611104130744934
YJL102W,YDL092W,0,2.6625412,0.18912820518016815,0.9012707471847534,0.39621129631996155
YNL086W,YPL029W,0,2.6622741,0.18908941745758057,0.9012707471847534,0.39631152153015137
YBR181C,YNL257C,0,2.6620595,0.18905064463615417,0.9012707471847534,0.3964117467403412
YER074W-A,YCL051W,0,2.6611676,0.18901188671588898,0.9012707471847534,0.396511971950531
YDR238C,YDL195W,0,2.6607726,0.18897314369678497,0.9012707471847534,0.3966121971607208
YDL195W,YCR045C,0,2.6603296,0.18893443048000336,0.9012707471847534,0.39671245217323303
YBR185C,YCL017C,0,2.6601617,0.18889571726322174,0.9012707471847534,0.39681267738342285
YER074W-A,YDL156W,0,2.6587236,0.18885701894760132,0.9012707471847534,0.39691290259361267
YPL106C,YJL111W,0,2.6575487,0.18881835043430328,0.9012707471847534,0.3970131278038025
YDR210W-A,YPR029C,0,2.6574395,0.18877968192100525,0.9012707471847534,0.3971133530139923
YAL034W-A,YMR118C,0,2.6574209,0.1887410432100296,0.9012707471847534,0.39721357822418213
YPL047W,YER074W-A,0,2.6570663,0.18870241940021515,0.9012707471847534,0.39731383323669434
YBR019C,YBR152W,0,2.6567967,0.1886637955904007,0.9012707471847534,0.39741405844688416
YAL008W,YDR108W,0,2.6557603,0.18862520158290863,0.9012707471847534,0.397514283657074
YGR033C,YMR045C,0,2.655751,0.18858662247657776,0.9012707471847534,0.3976145088672638
YBR153W,YDR093W,0,2.6555576,0.18854805827140808,0.9012707471847534,0.3977147340774536
YNL039W,YEL011W,0,2.6555502,0.1885095089673996,0.9012707471847534,0.3978149890899658
YHL003C,YOR192C-B,0,2.655286,0.1884709745645523,0.9012707471847534,0.39791521430015564
YDR365W-A,YFR044C,0,2.655282,0.1884324550628662,0.9012707471847534,0.39801543951034546
YOR251C,YOR087W,1,2.6550963,0.18859829008579254,0.9022482633590698,0.39801543951034546
YEL054C,YKL152C,0,2.6547072,0.18855975568294525,0.9022482633590698,0.3981156647205353
YKR052C,YLR248W,0,2.6544383,0.18852123618125916,0.9022482633590698,0.3982158899307251
YGR295C,YDR162C,0,2.6542957,0.18848274648189545,0.9022482633590698,0.3983161151409149
YGR027W-B,YGL038C,0,2.6540532,0.18844425678253174,0.9022482633590698,0.3984163701534271
YGL205W,YML023C,0,2.6532092,0.18840579688549042,0.9022482633590698,0.39851659536361694
YIL050W,YFR051C,0,2.6528473,0.1883673518896103,0.9022482633590698,0.39861682057380676
YLR081W,YDR002W,0,2.6525786,0.18832890689373016,0.9022482633590698,0.3987170457839966
YJL021C,YOR322C,0,2.651811,0.18829049170017242,0.9022482633590698,0.3988172709941864
YBL057C,YBR227C,0,2.651717,0.18825209140777588,0.9022482633590698,0.3989174962043762
YJR029W,YER159C-A,0,2.651101,0.18821370601654053,0.9022482633590698,0.3990177512168884
YGL096W,YDR080W,0,2.6510928,0.18817533552646637,0.9022482633590698,0.39911797642707825
YBR236C,YCR089W,0,2.6505024,0.1881369799375534,0.9022482633590698,0.39921820163726807
YKR009C,YOR343W-A,0,2.6488078,0.18809863924980164,0.9022482633590698,0.3993184268474579
YLR283W,YDR163W,0,2.645866,0.18806031346321106,0.9022482633590698,0.3994186520576477
YNL134C,YDR216W,0,2.645643,0.18802200257778168,0.9022482633590698,0.3995189070701599
YLR237W,YHR039C-B,1,2.6454096,0.188187375664711,0.9032257795333862,0.3995189070701599
YLR418C,YBR244W,0,2.645254,0.18814904987812042,0.9032257795333862,0.39961913228034973
YIL004C,YLR064W,0,2.644037,0.18811075389385223,0.9032257795333862,0.39971935749053955
YDR098C-A,YOR316C,0,2.64393,0.18807245790958405,0.9032257795333862,0.39981958270072937
YPR158W-A,YNL254C,0,2.643461,0.18803419172763824,0.9032257795333862,0.3999198079109192
YLR453C,YLR259C,0,2.6432843,0.18799592554569244,0.9032257795333862,0.400020033121109
YLR089C,YDL150W,0,2.642532,0.18795768916606903,0.9032257795333862,0.4001202881336212
YNR063W,YDR225W,0,2.6414683,0.1879194676876068,0.9032257795333862,0.40022051334381104
YLR460C,YPR185W,0,2.64145,0.1878812462091446,0.9032257795333862,0.40032073855400085
YJL044C,YIR004W,0,2.6413505,0.18784305453300476,0.9032257795333862,0.4004209637641907
YER007W,YLR342W,0,2.641269,0.18780487775802612,0.9032257795333862,0.4005211889743805
YGL160W,YPR103W,0,2.6407475,0.18776671588420868,0.9032257795333862,0.4006214439868927
YBL063W,YLR413W,0,2.6400917,0.18772856891155243,0.9032257795333862,0.4007216691970825
YNL243W,YIL136W,0,2.6394954,0.18769043684005737,0.9032257795333862,0.40082189440727234
YCL012W,YPR095C,0,2.6393073,0.1876523196697235,0.9032257795333862,0.40092211961746216
YLR099C,YDR418W,0,2.639074,0.18761421740055084,0.9032257795333862,0.401022344827652
YER074W-A,YOR128C,0,2.6385477,0.18757613003253937,0.9032257795333862,0.4011225700378418
YGR212W,YFL056C,0,2.6383936,0.1875380575656891,0.9032257795333862,0.401222825050354
YDR329C,YJR097W,0,2.6382186,0.1875,0.9032257795333862,0.4013230502605438
YGR023W,YLR277C,0,2.6381514,0.1874619573354721,0.9032257795333862,0.40142327547073364
YIR007W,YBR152W,0,2.6381118,0.1874239295721054,0.9032257795333862,0.40152350068092346
YNL015W,YDR487C,0,2.637725,0.1873859316110611,0.9032257795333862,0.4016237258911133
YPL235W,YDR027C,0,2.6366782,0.18734793365001678,0.9032257795333862,0.4017239511013031
YLR225C,YGR227W,0,2.636295,0.18730995059013367,0.9032257795333862,0.4018242061138153
YML037C,YOR035C,0,2.6353073,0.18727199733257294,0.9032257795333862,0.4019244313240051
YKR067W,YOR347C,0,2.635135,0.1872340440750122,0.9032257795333862,0.40202465653419495
YIL119C,YPL012W,0,2.6350746,0.18719610571861267,0.9032257795333862,0.40212488174438477
YNL213C,YCR017C,0,2.6349967,0.18715819716453552,0.9032257795333862,0.4022251069545746
YNL136W,YIL067C,0,2.6349874,0.18712028861045837,0.9032257795333862,0.4023253619670868
YEL032W,YOR241W,0,2.6349804,0.1870824098587036,0.9032257795333862,0.4024255871772766
YPL004C,YEL021W,0,2.6343937,0.18704453110694885,0.9032257795333862,0.40252581238746643
YNL054W-B,YHR142W,0,2.6335156,0.18700668215751648,0.9032257795333862,0.40262603759765625
YIL120W,YBL018C,0,2.633233,0.1869688332080841,0.9032257795333862,0.40272626280784607
YGR023W,YDR273W,0,2.6330078,0.18693101406097412,0.9032257795333862,0.4028264880180359
YGL156W,YDR098C-B,0,2.6327431,0.18689320981502533,0.9032257795333862,0.4029267430305481
YKL087C,YKL158W,0,2.6326895,0.18685540556907654,0.9032257795333862,0.4030269682407379
YLR128W,YKL158W,0,2.632676,0.18681763112545013,0.9032257795333862,0.40312719345092773
YCL012W,YMR289W,0,2.632261,0.18677987158298492,0.9032257795333862,0.40322741866111755
YER014W,YLR133W,0,2.6318517,0.18674211204051971,0.9032257795333862,0.4033276438713074
YDR387C,YMR224C,0,2.6317513,0.1867043823003769,0.9032257795333862,0.4034278988838196
YDR034C-D,YKL101W,0,2.630893,0.18666666746139526,0.9032257795333862,0.4035281240940094
YHR120W,YBR055C,0,2.6308756,0.18662896752357483,0.9032257795333862,0.4036283493041992
YOL126C,YMR216C,0,2.6308532,0.1865912824869156,0.9032257795333862,0.40372857451438904
YMR088C,YBL005W-A,0,2.6305642,0.18655359745025635,0.9032257795333862,0.40382879972457886
YMR309C,YHR096C,0,2.629766,0.1865159422159195,0.9032257795333862,0.4039290249347687
YBR295W,YDR348C,0,2.6290934,0.18647830188274384,0.9032257795333862,0.4040292799472809
YPL160W,YKL145W,0,2.6274912,0.18644067645072937,0.9032257795333862,0.4041295051574707
YPL021W,YPL215W,0,2.627463,0.1864030659198761,0.9032257795333862,0.4042297303676605
YBR050C,YNL139C,0,2.6249802,0.18636547029018402,0.9032257795333862,0.40432995557785034
YMR130W,YLR157C-A,0,2.6245658,0.18632788956165314,0.9032257795333862,0.40443018078804016
YNL321W,YGL045W,0,2.6240814,0.18629032373428345,0.9032257795333862,0.40453040599823
YNR020C,YDR302W,0,2.623912,0.18625277280807495,0.9032257795333862,0.4046306610107422
YPL061W,YER074W-A,0,2.6233084,0.18621523678302765,0.9032257795333862,0.404730886220932
YDR098C-B,YDL168W,0,2.6213272,0.18617771565914154,0.9032257795333862,0.4048311114311218
YCL048W,YLR328W,0,2.62064,0.18614020943641663,0.9032257795333862,0.40493133664131165
YDL230W,YLL010C,0,2.6203122,0.1861027181148529,0.9032257795333862,0.40503156185150146
YMR322C,YHR017W,0,2.6187983,0.18606524169445038,0.9032257795333862,0.40513181686401367
YNL310C,YCR054C,0,2.6173904,0.18602778017520905,0.9032257795333862,0.4052320420742035
YER074W-A,YDR012W,0,2.615859,0.1859903335571289,0.9032257795333862,0.4053322672843933
YIL050W,YDR261C-C,0,2.6155546,0.18595290184020996,0.9032257795333862,0.40543249249458313
YHL009W-B,YEL050C,0,2.6155095,0.1859154999256134,0.9032257795333862,0.40553271770477295
YLR227W-A,YJL098W,0,2.6149433,0.18587809801101685,0.9032257795333862,0.40563294291496277
YER060W-A,YAL011W,0,2.6147604,0.18584071099758148,0.9032257795333862,0.405733197927475
YNL241C,YNR059W,0,2.6147382,0.1858033388853073,0.9032257795333862,0.4058334231376648
YKR052C,YEL031W,1,2.6145942,0.18596702814102173,0.9042032957077026,0.4058334231376648
YDR441C,YIL111W,0,2.6136084,0.18592964112758636,0.9042032957077026,0.4059336483478546
YFR024C,YER071C,0,2.6134627,0.1858922839164734,0.9042032957077026,0.40603387355804443
YDL075W,YHR181W,0,2.6134605,0.1858549267053604,0.9042032957077026,0.40613409876823425
YJL062W,YFR003C,0,2.612384,0.18581759929656982,0.9042032957077026,0.40623435378074646
YHR099W,YNL257C,0,2.6122308,0.18578027188777924,0.9042032957077026,0.4063345789909363
YNR032C-A,YAR008W,0,2.6116211,0.18574297428131104,0.9042032957077026,0.4064348042011261
YOR367W,YGR247W,0,2.611236,0.18570567667484283,0.9042032957077026,0.4065350294113159
YDL223C,YFR016C,0,2.61016,0.18566840887069702,0.9042032957077026,0.40663525462150574
YFL047W,YMR154C,0,2.6100008,0.1856311410665512,0.9042032957077026,0.40673547983169556
YBR019C,YDL018C,0,2.609043,0.18559390306472778,0.9042032957077026,0.40683573484420776
YDR438W,YLR133W,0,2.6088588,0.18555666506290436,0.9042032957077026,0.4069359600543976
YMR050C,YLR418C,0,2.6077032,0.18551945686340332,0.9042032957077026,0.4070361852645874
YGL002W,YNL176C,0,2.607549,0.18548224866390228,0.9042032957077026,0.4071364104747772
YER048C,YLR363C,0,2.6071332,0.18544507026672363,0.9042032957077026,0.40723663568496704
YJL020C,YFR025C,0,2.6065228,0.18540789186954498,0.9042032957077026,0.40733686089515686
YDR147W,YDR086C,0,2.6062677,0.18537074327468872,0.9042032957077026,0.40743711590766907
YER074W-A,YDR092W,0,2.6046598,0.18533359467983246,0.9042032957077026,0.4075373411178589
YOR290C,YPL181W,0,2.6037028,0.18529647588729858,0.9042032957077026,0.4076375663280487
YER060W,YHR114W,0,2.6036355,0.1852593570947647,0.9042032957077026,0.4077377915382385
YDR477W,YCL012W,0,2.6033685,0.18522226810455322,0.9042032957077026,0.40783801674842834
YDR376W,YKR090W,0,2.6027694,0.18518517911434174,0.9042032957077026,0.40793827176094055
YBR077C,YPR158W-B,0,2.6022747,0.18514811992645264,0.9042032957077026,0.40803849697113037
YER054C,YOL039W,0,2.6018386,0.18511106073856354,0.9042032957077026,0.4081387221813202
YLL039C,YLR413W,0,2.6018276,0.18507403135299683,0.9042032957077026,0.40823894739151
YPL249C-A,YML009C,0,2.6015506,0.18503700196743011,0.9042032957077026,0.40833917260169983
YOL064C,YJL045W,0,2.6012073,0.1850000023841858,0.9042032957077026,0.40843939781188965
YLR467W,YOR343W-A,0,2.5998523,0.18496300280094147,0.9042032957077026,0.40853965282440186
YOR103C,YPL215W,0,2.5995955,0.18492603302001953,0.9042032957077026,0.4086398780345917
YCL066W,YDL138W,0,2.5995789,0.1848890632390976,0.9042032957077026,0.4087401032447815
YDR228C,YPL220W,0,2.5988877,0.18485212326049805,0.9042032957077026,0.4088403284549713
YOR229W,YER089C,0,2.598097,0.1848151832818985,0.9042032957077026,0.40894055366516113
YJL177W,YDL056W,0,2.5976396,0.18477827310562134,0.9042032957077026,0.40904080867767334
YKL014C,YDL137W,0,2.5976017,0.18474136292934418,0.9042032957077026,0.40914103388786316
YOR057W,YDR387C,0,2.5963047,0.1847044676542282,0.9042032957077026,0.409241259098053
YPL088W,YER082C,0,2.5962598,0.18466760218143463,0.9042032957077026,0.4093414843082428
YOL009C,YJL116C,0,2.5957587,0.18463073670864105,0.9042032957077026,0.4094417095184326
YGL201C,YOR192C-A,0,2.5949051,0.18459388613700867,0.9042032957077026,0.40954193472862244
YMR306W,YLR007W,0,2.5942137,0.18455706536769867,0.9042032957077026,0.40964218974113464
YGR240C,YDR098C,0,2.5934148,0.18452024459838867,0.9042032957077026,0.40974241495132446
YJL153C,YBR214W,0,2.5929985,0.18448345363140106,0.9042032957077026,0.4098426401615143
YIL172C,YJL033W,0,2.5899415,0.18444666266441345,0.9042032957077026,0.4099428653717041
YFL002W-A,YLR128W,0,2.5899289,0.18440988659858704,0.9042032957077026,0.4100430905818939
YKL042W,YLR064W,0,2.5897038,0.18437312543392181,0.9042032957077026,0.41014331579208374
YPL187W,YOL147C,0,2.5894454,0.18433639407157898,0.9042032957077026,0.41024357080459595
YER074W-A,YLR307W,0,2.5894272,0.18429966270923615,0.9042032957077026,0.41034379601478577
YIL023C,YPL274W,1,2.589267,0.18446214497089386,0.905180811882019,0.41034379601478577
YKL034W,YPR102C,0,2.5890696,0.18442541360855103,0.905180811882019,0.4104440212249756
YLR092W,YGR257C,1,2.5882177,0.18458780646324158,0.9061583280563354,0.4104440212249756
YLR381W,YDR261C-C,0,2.5874913,0.18455106019973755,0.9061583280563354,0.4105442464351654
YKL148C,YER078C,0,2.5870006,0.18451432883739471,0.9061583280563354,0.4106444716453552
YDR376W,YDR356W,0,2.586527,0.18447761237621307,0.9061583280563354,0.41074472665786743
YLR075W,YER028C,0,2.5858788,0.18444091081619263,0.9061583280563354,0.41084495186805725
YNL222W,YNR050C,0,2.5851552,0.18440422415733337,0.9061583280563354,0.41094517707824707
YFR038W,YPR192W,0,2.585038,0.18436753749847412,0.9061583280563354,0.4110454022884369
YMR271C,YGR172C,0,2.5842578,0.18433088064193726,0.9061583280563354,0.4111456274986267
YAL068C,YDR507C,0,2.5827482,0.18429423868656158,0.9061583280563354,0.41124585270881653
YPR018W,YPL024W,0,2.5826561,0.1842575967311859,0.9061583280563354,0.41134610772132874
YNL049C,YNR073C,0,2.5825198,0.18422098457813263,0.9061583280563354,0.41144633293151855
YKR053C,YBR214W,0,2.5821168,0.18418438732624054,0.9061583280563354,0.4115465581417084
YLR284C,YNL129W,0,2.5819576,0.18414779007434845,0.9061583280563354,0.4116467833518982
YIL006W,YBR069C,1,2.5814006,0.18430982530117035,0.9071359038352966,0.4116467833518982
YIL009C-A,YML007W,0,2.5811422,0.18427322804927826,0.9071359038352966,0.411747008562088
YPR131C,YBR018C,0,2.5811224,0.18423664569854736,0.9071359038352966,0.41184723377227783
YDR283C,YDR210C-D,0,2.5801408,0.18420007824897766,0.9071359038352966,0.41194748878479004
YER074W-A,YLL018C,0,2.580075,0.18416352570056915,0.9071359038352966,0.41204771399497986
YNL055C,YHR002W,1,2.5782754,0.18432539701461792,0.908113420009613,0.41204771399497986
YMR133W,YDL153C,0,2.5781596,0.18428882956504822,0.908113420009613,0.4121479392051697
YDR316W-A,YDR258C,0,2.5775948,0.1842522770166397,0.908113420009613,0.4122481644153595
YDL247W,YDR349C,0,2.57746,0.1842157393693924,0.908113420009613,0.4123483896255493
YPL253C,YLR027C,0,2.5769231,0.18417921662330627,0.908113420009613,0.4124486446380615
YHR206W,YLR307W,0,2.5766034,0.18414270877838135,0.908113420009613,0.41254886984825134
YOR360C,YHL015W,0,2.5759077,0.18410621583461761,0.908113420009613,0.41264909505844116
YPL141C,YHR103W,0,2.575486,0.18406973779201508,0.908113420009613,0.412749320268631
YOR339C,YGL222C,0,2.5752976,0.18403327465057373,0.908113420009613,0.4128495454788208
YDR045C,YOL091W,0,2.5743952,0.18399682641029358,0.908113420009613,0.4129497706890106
YDR084C,YJL072C,0,2.5743284,0.18396039307117462,0.908113420009613,0.4130500257015228
YGR038C-B,YPR041W,0,2.5739124,0.18392397463321686,0.908113420009613,0.41315025091171265
YGR289C,YDR176W,0,2.5738351,0.1838875710964203,0.908113420009613,0.41325047612190247
YLR396C,YGR161W-A,0,2.5736759,0.1838511824607849,0.908113420009613,0.4133507013320923
YMR309C,YPL283C,0,2.5722744,0.18381479382514954,0.908113420009613,0.4134509265422821
YPR158W-A,YGR202C,0,2.5718796,0.18377843499183655,0.908113420009613,0.4135511815547943
YDL025C,YKL010C,0,2.571555,0.18374209105968475,0.908113420009613,0.41365140676498413
YHR123W,YLR310C,0,2.570719,0.18370574712753296,0.908113420009613,0.41375163197517395
YHR185C,YHR024C,0,2.5707138,0.18366943299770355,0.908113420009613,0.41385185718536377
YKL100C,YDR141C,0,2.5701258,0.18363313376903534,0.908113420009613,0.4139520823955536
YGL234W,YGR104C,0,2.5694876,0.18359683454036713,0.908113420009613,0.4140523076057434
YDR316W-B,YPR097W,0,2.569367,0.1835605651140213,0.908113420009613,0.4141525626182556
YNL024C,YDR438W,0,2.568795,0.18352429568767548,0.908113420009613,0.41425278782844543
YFL031W,YDL200C,0,2.5682275,0.18348805606365204,0.908113420009613,0.41435301303863525
YIL016W,YDL209C,0,2.5681903,0.1834518164396286,0.908113420009613,0.4144532382488251
YPL257W-A,YIL067C,0,2.5681581,0.18341559171676636,0.908113420009613,0.4145534634590149
YHR215W,YBL101W-A,0,2.5679116,0.1833793967962265,0.908113420009613,0.4146536886692047
YKL137W,YMR275C,0,2.5678391,0.18334320187568665,0.908113420009613,0.4147539436817169
YDR139C,YHR072W-A,0,2.5671327,0.18330702185630798,0.908113420009613,0.41485416889190674
YDR175C,YGR027W-B,0,2.5662608,0.18327085673809052,0.908113420009613,0.41495439410209656
YMR211W,YHR013C,0,2.5656118,0.18323472142219543,0.908113420009613,0.4150546193122864
YLR266C,YMR021C,0,2.5642645,0.18319858610630035,0.908113420009613,0.4151548445224762
YPR021C,YOL020W,1,2.5629213,0.18335962295532227,0.9090909361839294,0.4151548445224762
YFR042W,YHR084W,0,2.5627606,0.183323472738266,0.9090909361839294,0.4152550995349884
YFR032C-A,YDR365W-B,0,2.5605888,0.1832873523235321,0.9090909361839294,0.4153553247451782
YLL018C-A,YHL025W,0,2.5600631,0.18325123190879822,0.9090909361839294,0.41545554995536804
YBR208C,YDL012C,0,2.560016,0.18321512639522552,0.9090909361839294,0.41555577516555786
YBR302C,YKL058W,0,2.5599601,0.18317903578281403,0.9090909361839294,0.4156560003757477
YER074W-A,YLR147C,0,2.5596635,0.18314297497272491,0.9090909361839294,0.4157562255859375
YPL072W,YDL006W,0,2.559613,0.1831069141626358,0.9090909361839294,0.4158564805984497
YJL093C,YGR191W,1,2.5583527,0.1832677125930786,0.9100684523582458,0.4158564805984497
YCL012W,YKL179C,0,2.5576031,0.1832316517829895,0.9100684523582458,0.4159567058086395
YKL055C,YDR376W,0,2.5569153,0.1831955909729004,0.9100684523582458,0.41605693101882935
YKL216W,YLR121C,0,2.5557225,0.18315954506397247,0.9100684523582458,0.41615715622901917
YPR137C-B,YFL047W,0,2.5555766,0.18312352895736694,0.9100684523582458,0.416257381439209
YGR184C,YCR028C,0,2.5547981,0.1830875128507614,0.9100684523582458,0.4163576364517212
YML015C,YDR519W,0,2.55442,0.18305151164531708,0.9100684523582458,0.416457861661911
YJR160C,YMR190C,0,2.5525405,0.18301552534103394,0.9100684523582458,0.41655808687210083
YDR259C,YHR090C,0,2.5521066,0.182979553937912,0.9100684523582458,0.41665831208229065
YDL065C,YDL229W,0,2.5510933,0.18294359743595123,0.9100684523582458,0.41675853729248047
YJR104C,YDL038C,0,2.5501525,0.18290765583515167,0.9100684523582458,0.4168587625026703
YGR161C-D,YDR328C,0,2.5485964,0.1828717291355133,0.9100684523582458,0.4169590175151825
YGR289C,YER139C,0,2.547526,0.18283581733703613,0.9100684523582458,0.4170592427253723
YOL156W,YLR139C,0,2.5468292,0.18279992043972015,0.9100684523582458,0.41715946793556213
YER026C,YGR006W,0,2.5467029,0.18276403844356537,0.9100684523582458,0.41725969314575195
YGR212W,YPR003C,0,2.5466294,0.18272817134857178,0.9100684523582458,0.4173599183559418
YJR022W,YMR290C,0,2.546535,0.18269230425357819,0.9100684523582458,0.4174601435661316
YMR142C,YIL114C,0,2.5457828,0.18265646696090698,0.9100684523582458,0.4175603985786438
YGR059W,YNR043W,0,2.5448086,0.18262062966823578,0.9100684523582458,0.4176606237888336
YGR133W,YNR053C,0,2.5436022,0.18258482217788696,0.9100684523582458,0.41776084899902344
YKL086W,YPL230W,0,2.5429614,0.18254901468753815,0.9100684523582458,0.41786107420921326
YNL134C,YMR094W,0,2.542866,0.18251323699951172,0.9100684523582458,0.4179612994194031
YNL275W,YHR111W,0,2.5428183,0.1824774593114853,0.9100684523582458,0.4180615544319153
YOR118W,YML101C,0,2.5423725,0.18244169652462006,0.9100684523582458,0.4181617796421051
YPR158W-B,YML023C,0,2.5418324,0.1824059635400772,0.9100684523582458,0.4182620048522949
YPR158W-A,YLR283W,0,2.5417168,0.18237023055553436,0.9100684523582458,0.41836223006248474
YIL078W,YOL030W,0,2.5416596,0.1823345124721527,0.9100684523582458,0.41846245527267456
YDR002W,YKL045W,0,2.540765,0.18229880928993225,0.9100684523582458,0.4185626804828644
YML015C,YDL192W,0,2.5392094,0.18226312100887299,0.9100684523582458,0.4186629354953766
YCL027W,YCL061C,0,2.5391252,0.18222744762897491,0.9100684523582458,0.4187631607055664
YER184C,YDL106C,0,2.5390356,0.18219177424907684,0.9100684523582458,0.4188633859157562
YHL009W-A,YBR121C,0,2.5389376,0.18215613067150116,0.9100684523582458,0.41896361112594604
YDL164C,YPR096C,0,2.5371795,0.18212050199508667,0.9100684523582458,0.41906383633613586
YBR158W,YCL012W,0,2.536837,0.18208488821983337,0.9100684523582458,0.41916409134864807
YLR004C,YDR261W-B,0,2.5368154,0.18204927444458008,0.9100684523582458,0.4192643165588379
YBR203W,YHR103W,0,2.5366807,0.18201369047164917,0.9100684523582458,0.4193645417690277
YOR109W,YIR036C,0,2.5360653,0.18197810649871826,0.9100684523582458,0.41946476697921753
YDR120C,YDR098C-A,0,2.5356965,0.18194253742694855,0.9100684523582458,0.41956499218940735
YAL068C,YOR217W,0,2.5354319,0.18190699815750122,0.9100684523582458,0.41966521739959717
YDR446W,YBR087W,0,2.5354178,0.1818714588880539,0.9100684523582458,0.4197654724121094
YBL010C,YHR122W,0,2.535137,0.18183593451976776,0.9100684523582458,0.4198656976222992
YEL019C,YML033W,0,2.5340817,0.18180042505264282,0.9100684523582458,0.419965922832489
YHR035W,YGL121C,0,2.5338385,0.18176493048667908,0.9100684523582458,0.42006614804267883
YPL018W,YNR070W,0,2.5337164,0.18172945082187653,0.9100684523582458,0.42016637325286865
YPR106W,YDR003W,0,2.533292,0.18169398605823517,0.9100684523582458,0.42026659846305847
YJL003W,YOR233W,0,2.5330105,0.181658536195755,0.9100684523582458,0.4203668534755707
YBR024W,YJL198W,1,2.5329092,0.1818181872367859,0.9110459685325623,0.4203668534755707
YDR382W,YKR080W,0,2.5327764,0.18178272247314453,0.9110459685325623,0.4204670786857605
YIL147C,YPL046C,0,2.5327675,0.18174727261066437,0.9110459685325623,0.4205673038959503
YBL039C,YDR328C,0,2.530902,0.1817118376493454,0.9110459685325623,0.42066752910614014
YNL213C,YJR068W,0,2.530797,0.18167641758918762,0.9110459685325623,0.42076775431632996
YDL019C,YMR118C,0,2.530431,0.18164101243019104,0.9110459685325623,0.42086800932884216
YDL020C,YDR261C-C,0,2.5303404,0.18160560727119446,0.9110459685325623,0.420968234539032
YER131W,YBR233W-A,0,2.5298193,0.18157023191452026,0.9110459685325623,0.4210684597492218
YNL128W,YLR143W,0,2.5294788,0.18153487145900726,0.9110459685325623,0.4211686849594116
YDR315C,YKL134C,0,2.529371,0.18149951100349426,0.9110459685325623,0.42126891016960144
YJL035C,YCR048W,0,2.5291278,0.18146418035030365,0.9110459685325623,0.42136913537979126
YNL130C,YDL226C,0,2.5290577,0.18142884969711304,0.9110459685325623,0.42146939039230347
YGL222C,YCL045C,0,2.5289905,0.18139353394508362,0.9110459685325623,0.4215696156024933
YJL210W,YNL030W,0,2.5279553,0.1813582479953766,0.9110459685325623,0.4216698408126831
YHR016C,YLL066C,0,2.5277998,0.18132296204566956,0.9110459685325623,0.4217700660228729
YIL036W,YOR396W,0,2.5270717,0.18128769099712372,0.9110459685325623,0.42187029123306274
YAR003W,YOR396W,0,2.5270717,0.18125243484973907,0.9110459685325623,0.42197054624557495
YAR009C,YHR116W,0,2.526756,0.18121719360351562,0.9110459685325623,0.42207077145576477
YHR117W,YNL071W,0,2.526746,0.18118195235729218,0.9110459685325623,0.4221709966659546
YDR034C-C,YDL126C,0,2.526258,0.1811467409133911,0.9110459685325623,0.4222712218761444
YJR029W,YDR309C,0,2.5261824,0.18111154437065125,0.9110459685325623,0.42237144708633423
YGR086C,YLR077W,0,2.5246522,0.18107634782791138,0.9110459685325623,0.42247167229652405
YER081W,YLR467W,0,2.524071,0.1810411810874939,0.9110459685325623,0.42257192730903625
YER007W,YNL134C,0,2.523308,0.18100601434707642,0.9110459685325623,0.4226721525192261
YPR122W,YNL305C,0,2.5218637,0.18097087740898132,0.9110459685325623,0.4227723777294159
YOR257W,YGR097W,0,2.5205605,0.18093574047088623,0.9110459685325623,0.4228726029396057
YGR108W,YPL206C,0,2.5192668,0.18090061843395233,0.9110459685325623,0.42297282814979553
YOL103W-A,YLR277C,0,2.5190895,0.18086551129817963,0.9110459685325623,0.42307305335998535
YML114C,YCR028C-A,0,2.5190294,0.18083041906356812,0.9110459685325623,0.42317330837249756
YOL103W-A,YAR042W,0,2.5178075,0.1807953417301178,0.9110459685325623,0.4232735335826874
YDR147W,YBL090W,0,2.5175273,0.18076027929782867,0.9110459685325623,0.4233737587928772
YCR038C,YNL270C,0,2.5173075,0.18072523176670074,0.9110459685325623,0.423473984003067
YMR142C,YNL064C,0,2.516352,0.18069018423557281,0.9110459685325623,0.42357420921325684
YMR204C,YMR135C,0,2.5159514,0.18065516650676727,0.9110459685325623,0.42367446422576904
YGL059W,YOR033C,0,2.515509,0.18062014877796173,0.9110459685325623,0.42377468943595886
YJR043C,YPR158C-D,0,2.5153406,0.18058516085147858,0.9110459685325623,0.4238749146461487
YPL170W,YGR278W,0,2.5142572,0.18055017292499542,0.9110459685325623,0.4239751398563385
YBR089C-A,YDR400W,0,2.514253,0.18051519989967346,0.9110459685325623,0.4240753650665283
YKR042W,YPR132W,0,2.514076,0.1804802417755127,0.9110459685325623,0.42417559027671814
YNR063W,YER089C,0,2.5140374,0.18044529855251312,0.9110459685325623,0.42427584528923035
YGR256W,YNL097C,0,2.5133224,0.18041037023067474,0.9110459685325623,0.42437607049942017
YOL023W,YGR142W,0,2.5132172,0.18037545680999756,0.9110459685325623,0.42447629570961
YDR237W,YLR433C,0,2.5115943,0.18034055829048157,0.9110459685325623,0.4245765209197998
YMR045C,YLR426W,0,2.511176,0.18030567467212677,0.9110459685325623,0.4246767461299896
YLR092W,YOR079C,1,2.5105493,0.1804642230272293,0.9120234847068787,0.4246767461299896
YPL123C,YIL052C,0,2.5097787,0.18042932450771332,0.9120234847068787,0.42477700114250183
YBR237W,YBR297W,0,2.5086284,0.18039442598819733,0.9120234847068787,0.42487722635269165
YNL248C,YCR058C,0,2.5074747,0.18035955727100372,0.9120234847068787,0.42497745156288147
YOR079C,YKR105C,1,2.5070238,0.18051797151565552,0.9130010008811951,0.42497745156288147
YJL221C,YDR210W-B,0,2.505676,0.18048308789730072,0.9130010008811951,0.4250776767730713
YIL134W,YDR135C,1,2.5052798,0.18064142763614655,0.9139785170555115,0.4250776767730713
YLR011W,YHR216W,0,2.504831,0.18060652911663055,0.9139785170555115,0.4251779019832611
YDR034C-D,YCL027W,0,2.5047202,0.18057164549827576,0.9139785170555115,0.4252781271934509
YNL318C,YER120W,0,2.5046134,0.18053677678108215,0.9139785170555115,0.42537838220596313
YPR132W,YDR244W,0,2.50449,0.18050193786621094,0.9139785170555115,0.42547860741615295
YOR090C,YNL311C,0,2.5042107,0.18046708405017853,0.9139785170555115,0.4255788326263428
YDR210W-B,YER071C,0,2.5039265,0.1804322600364685,0.9139785170555115,0.4256790578365326
YBR204C,YML008C,0,2.5033715,0.18039745092391968,0.9139785170555115,0.4257792830467224
YDR270W,YGR257C,1,2.5029347,0.1805555522441864,0.9149560332298279,0.4257792830467224
YPL224C,YOR071C,1,2.5011492,0.18071359395980835,0.9159335494041443,0.4257792830467224
YMR035W,YLR200W,0,2.5004842,0.18067875504493713,0.9159335494041443,0.42587950825691223
YLR446W,YOL109W,0,2.4991574,0.18064391613006592,0.9159335494041443,0.42597976326942444
YJL184W,YKL071W,0,2.4988077,0.1806090921163559,0.9159335494041443,0.42607998847961426
YKL137W,YHR193C,0,2.4980526,0.18057429790496826,0.9159335494041443,0.4261802136898041
YPL226W,YGL107C,0,2.4978368,0.18053950369358063,0.9159335494041443,0.4262804388999939
YOR381W,YDL160C,0,2.4975822,0.1805047243833542,0.9159335494041443,0.4263806641101837
YKL011C,YBL021C,0,2.497492,0.18046995997428894,0.9159335494041443,0.4264809191226959
YPL257W-A,YER106W,0,2.4959471,0.1804351955652237,0.9159335494041443,0.42658114433288574
YCR043C,YIR015W,0,2.494829,0.18040046095848083,0.9159335494041443,0.42668136954307556
YNR060W,YHL008C,1,2.4946947,0.1805582344532013,0.9169110655784607,0.42668136954307556
YAL013W,YGR124W,0,2.4943674,0.18052348494529724,0.9169110655784607,0.4267815947532654
YGR082W,YBR204C,0,2.4937198,0.18048875033855438,0.9169110655784607,0.4268818199634552
YJL122W,YKL199C,0,2.4923818,0.18045401573181152,0.9169110655784607,0.426982045173645
YML024W,YPL189W,0,2.4922302,0.18041931092739105,0.9169110655784607,0.4270823001861572
YPL055C,YNL328C,0,2.4917781,0.18038462102413177,0.9169110655784607,0.42718252539634705
YLR319C,YMR293C,0,2.491503,0.1803499311208725,0.9169110655784607,0.42728275060653687
YER062C,YNR016C,0,2.491165,0.18031525611877441,0.9169110655784607,0.4273829758167267
YNL185C,YBR131W,0,2.4907737,0.18028061091899872,0.9169110655784607,0.4274832010269165
YMR081C,YMR251W-A,0,2.4903154,0.18024596571922302,0.9169110655784607,0.4275834560394287
YHR067W,YKR096W,0,2.4897213,0.18021133542060852,0.9169110655784607,0.42768368124961853
YKR064W,YKL158W,0,2.4886563,0.1801767200231552,0.9169110655784607,0.42778390645980835
YFL009W,YNL336W,0,2.4884815,0.1801421195268631,0.9169110655784607,0.42788413166999817
YHR191C,YBR069C,0,2.4881775,0.18010753393173218,0.9169110655784607,0.427984356880188
YIL023C,YKR059W,0,2.4879787,0.18007294833660126,0.9169110655784607,0.4280845820903778
YNR027W,YML033W,0,2.4876392,0.18003839254379272,0.9169110655784607,0.42818483710289
YER087C-A,YBL069W,0,2.4875605,0.1800038367509842,0.9169110655784607,0.42828506231307983
YMR125W,YDR044W,0,2.48743,0.17996929585933685,0.9169110655784607,0.42838528752326965
YIL172C,YKL157W,0,2.4856567,0.1799347847700119,0.9169110655784607,0.4284855127334595
YDR481C,YOR240W,0,2.4852798,0.17990027368068695,0.9169110655784607,0.4285857379436493
YDR365W-A,YOR359W,0,2.4847004,0.1798657774925232,0.9169110655784607,0.4286859631538391
YKL110C,YPR156C,0,2.4843273,0.17983128130435944,0.9169110655784607,0.4287862181663513
YOR251C,YOR348C,1,2.4841683,0.17998850345611572,0.9178885817527771,0.4287862181663513
YBR123C,YIL082W-A,0,2.4840248,0.17995400726795197,0.9178885817527771,0.42888644337654114
YDR367W,YLR142W,0,2.4835353,0.1799195259809494,0.9178885817527771,0.42898666858673096
YGR194C,YGL028C,0,2.4829648,0.17988505959510803,0.9178885817527771,0.4290868937969208
YPR121W,YPL235W,0,2.4827824,0.17985060811042786,0.9178885817527771,0.4291871190071106
YHL033C,YMR109W,0,2.482281,0.17981615662574768,0.9178885817527771,0.4292873740196228
YNL210W,YLR099C,0,2.4813619,0.1797817349433899,0.9178885817527771,0.4293875992298126
YNL331C,YEL064C,0,2.4811456,0.1797473132610321,0.9178885817527771,0.42948782444000244
YML081W,YOL077W-A,0,2.4810336,0.1797129213809967,0.9178885817527771,0.42958804965019226
YDR143C,YMR154C,0,2.4794364,0.1796785295009613,0.9178885817527771,0.4296882748603821
YDL019C,YDR257C,0,2.478995,0.1796441525220871,0.9178885817527771,0.4297885000705719
YBR126C,YLR234W,0,2.4789495,0.17960979044437408,0.9178885817527771,0.4298887550830841
YHR033W,YPL068C,0,2.4785602,0.17957544326782227,0.9178885817527771,0.4299889802932739
YDR354W,YCR081W,0,2.4784904,0.17954111099243164,0.9178885817527771,0.43008920550346375
YNL284C-B,YOR262W,0,2.477309,0.1795067936182022,0.9178885817527771,0.43018943071365356
YGR212W,YJR097W,0,2.4771526,0.17947247624397278,0.9178885817527771,0.4302896559238434
YAR010C,YPL060C-A,0,2.4771276,0.17943817377090454,0.9178885817527771,0.4303899109363556
YLR320W,YLR216C,0,2.4766724,0.1794039011001587,0.9178885817527771,0.4304901361465454
YDR009W,YDR261C-C,0,2.4754336,0.17936962842941284,0.9178885817527771,0.43059036135673523
YGL120C,YGR038C-A,0,2.4753444,0.17933537065982819,0.9178885817527771,0.43069058656692505
YHR081W,YFR034C,0,2.474232,0.17930112779140472,0.9178885817527771,0.43079081177711487
YDL092W,YDL087C,0,2.4720113,0.17926689982414246,0.9178885817527771,0.4308910369873047
YDR436W,YOR341W,0,2.4716537,0.1792326718568802,0.9178885817527771,0.4309912919998169
YDR221W,YAR008W,0,2.4689696,0.1791984736919403,0.9178885817527771,0.4310915172100067
YGR215W,YGR044C,0,2.4688144,0.17916427552700043,0.9178885817527771,0.43119174242019653
YPR066W,YGR157W,0,2.4684274,0.17913010716438293,0.9178885817527771,0.43129196763038635
YNL240C,YIR019C,0,2.4658344,0.17909593880176544,0.9178885817527771,0.43139219284057617
YPL198W,YMR280C,0,2.4656858,0.17906178534030914,0.9178885817527771,0.431492418050766
YFR024C,YBL069W,0,2.465142,0.17902764678001404,0.9178885817527771,0.4315926730632782
YPL153C,YNR070W,0,2.4647453,0.17899352312088013,0.9178885817527771,0.431692898273468
YOR128C,YDR079C-A,0,2.4647417,0.17895939946174622,0.9178885817527771,0.43179312348365784
YML042W,YLR069C,0,2.4636786,0.1789253056049347,0.9178885817527771,0.43189334869384766
YLR019W,YGR033C,0,2.4634612,0.17889121174812317,0.9178885817527771,0.4319935739040375
YPL017C,YLR188W,0,2.4633038,0.17885714769363403,0.9178885817527771,0.4320938289165497
YBL087C,YMR011W,0,2.4627512,0.1788230836391449,0.9178885817527771,0.4321940541267395
YOL029C,YJL111W,0,2.4624689,0.17878903448581696,0.9178885817527771,0.4322942793369293
YDR244W,YMR190C,0,2.4621942,0.1787550002336502,0.9178885817527771,0.43239450454711914
YOR090C,YNL139C,0,2.460986,0.17872098088264465,0.9178885817527771,0.43249472975730896
YBR288C,YPL177C,0,2.457516,0.1786869615316391,0.9178885817527771,0.4325949549674988
YNR019W,YML033W,0,2.4568837,0.17865297198295593,0.9178885817527771,0.432695209980011
YPR025C,YDR210W-B,0,2.456312,0.17861898243427277,0.9178885817527771,0.4327954351902008
YNL055C,YAL001C,0,2.4548256,0.1785850077867508,0.9178885817527771,0.4328956604003906
YPR145W,YGR090W,0,2.4543865,0.17855104804039001,0.9178885817527771,0.43299588561058044
YEL034W,YGR133W,0,2.4542701,0.17851710319519043,0.9178885817527771,0.43309611082077026
YKL081W,YEL017C-A,0,2.4536402,0.17848317325115204,0.9178885817527771,0.43319636583328247
YKL217W,YHR039C-B,1,2.4533226,0.17863930761814117,0.9188660979270935,0.43319636583328247
YOL027C,YOL116W,0,2.4531224,0.1786053627729416,0.9188660979270935,0.4332965910434723
YOL007C,YER110C,0,2.452407,0.1785714328289032,0.9188660979270935,0.4333968162536621
YCR008W,YIL004C,0,2.452347,0.178537517786026,0.9188660979270935,0.43349704146385193
YOR003W,YBR044C,0,2.4512665,0.1785036027431488,0.9188660979270935,0.43359726667404175
YHR210C,YKL010C,0,2.4507515,0.178469717502594,0.9188660979270935,0.43369749188423157
YAR003W,YOL121C,0,2.4506967,0.17843583226203918,0.9188660979270935,0.4337977468967438
YLL005C,YGL061C,0,2.4506173,0.17840197682380676,0.9188660979270935,0.4338979721069336
YJL180C,YHR122W,0,2.4503937,0.17836812138557434,0.9188660979270935,0.4339981973171234
YDR129C,YMR094W,0,2.4487295,0.1783342808485031,0.9188660979270935,0.43409842252731323
YAR033W,YBR186W,0,2.4484322,0.17830045521259308,0.9188660979270935,0.43419864773750305
YIR015W,YML101C,0,2.4476109,0.17826664447784424,0.9188660979270935,0.43429887294769287
YBR164C,YLR433C,0,2.4474728,0.1782328337430954,0.9188660979270935,0.4343991279602051
YKL211C,YKR053C,0,2.4474194,0.17819905281066895,0.9188660979270935,0.4344993531703949
YGR198W,YPL159C,0,2.4472363,0.1781652718782425,0.9188660979270935,0.4345995783805847
YHL003C,YHR039C-B,0,2.4466398,0.17813152074813843,0.9188660979270935,0.43469980359077454
YOR295W,YPR154W,0,2.4458268,0.17809776961803436,0.9188660979270935,0.43480002880096436
YJR097W,YDR093W,0,2.4454305,0.1780640333890915,0.9188660979270935,0.43490028381347656
YBR122C,YAR019C,0,2.4445903,0.17803029716014862,0.9188660979270935,0.4350005090236664
YJL096W,YGR068C,0,2.444501,0.17799659073352814,0.9188660979270935,0.4351007342338562
YPL060C-A,YHL006C,0,2.4437573,0.17796289920806885,0.9188660979270935,0.435200959444046
YBR214W,YPR140W,0,2.4434302,0.17792920768260956,0.9188660979270935,0.43530118465423584
YHR113W,YHR010W,0,2.4427187,0.17789553105831146,0.9188660979270935,0.43540140986442566
YLR256W,YMR297W,0,2.4427066,0.17786186933517456,0.9188660979270935,0.43550166487693787
YCL020W,YNL222W,0,2.4423678,0.17782822251319885,0.9188660979270935,0.4356018900871277
YJR159W,YNL082W,0,2.4412894,0.17779459059238434,0.9188660979270935,0.4357021152973175
YOR368W,YER131W,0,2.4411287,0.17776097357273102,0.9188660979270935,0.4358023405075073
YAR050W,YER170W,0,2.440794,0.1777273565530777,0.9188660979270935,0.43590256571769714
YHL015W,YPR071W,0,2.4406612,0.17769375443458557,0.9188660979270935,0.43600282073020935
YBR045C,YGR038C-B,0,2.440573,0.17766018211841583,0.9188660979270935,0.43610304594039917
YPR007C,YPL169C,0,2.4401972,0.1776266098022461,0.9188660979270935,0.436203271150589
YHR079C-A,YPL028W,0,2.4395483,0.17759305238723755,0.9188660979270935,0.4363034963607788
YOR249C,YBR050C,0,2.439494,0.177559494972229,0.9188660979270935,0.43640372157096863
YML062C,YDR365W-B,0,2.4384053,0.17752596735954285,0.9188660979270935,0.43650394678115845
YMR119W,YJR109C,0,2.4383795,0.1774924397468567,0.9188660979270935,0.43660420179367065
YHR039C-B,YLR295C,1,2.4370918,0.17764772474765778,0.9198436141014099,0.43660420179367065
YDR338C,YGR029W,0,2.4370918,0.17761419713497162,0.9198436141014099,0.4367044270038605
YGL134W,YJL177W,0,2.4364474,0.17758066952228546,0.9198436141014099,0.4368046522140503
YDL206W,YCR027C,1,2.4364157,0.1777358502149582,0.9208211302757263,0.4368046522140503
YKR085C,YIL065C,0,2.4356909,0.17770232260227203,0.9208211302757263,0.4369048774242401
YMR215W,YLR234W,0,2.4349215,0.17766880989074707,0.9208211302757263,0.43700510263442993
YOL127W,YOR367W,0,2.4347985,0.1776352971792221,0.9208211302757263,0.43710532784461975
YFL034C-A,YDL006W,0,2.4335446,0.17760181427001953,0.9208211302757263,0.43720558285713196
YER118C,YJL100W,0,2.4315488,0.17756833136081696,0.9208211302757263,0.4373058080673218
YDR462W,YLL026W,0,2.4312532,0.17753486335277557,0.9208211302757263,0.4374060332775116
YPR018W,YGL207W,0,2.4298623,0.17750141024589539,0.9208211302757263,0.4375062584877014
YCR070W,YPL019C,0,2.4297042,0.1774679720401764,0.9208211302757263,0.43760648369789124
YPR145W,YHR099W,0,2.4296203,0.1774345487356186,0.9208211302757263,0.43770673871040344
YCL054W,YER177W,0,2.4294393,0.1774011254310608,0.9208211302757263,0.43780696392059326
YPL254W,YHR092C,0,2.4266734,0.17736773192882538,0.9208211302757263,0.4379071891307831
YPL275W,YDR397C,0,2.4264345,0.17733433842658997,0.9208211302757263,0.4380074143409729
YNL009W,YBR227C,0,2.425568,0.17730095982551575,0.9208211302757263,0.4381076395511627
YLR432W,YJR113C,0,2.4253814,0.17726759612560272,0.9208211302757263,0.43820786476135254
YDR224C,YER019W,0,2.4252532,0.1772342473268509,0.9208211302757263,0.43830811977386475
YJL113W,YCR092C,0,2.424991,0.17720089852809906,0.9208211302757263,0.43840834498405457
YNL049C,YLR132C,0,2.4240031,0.17716757953166962,0.9208211302757263,0.4385085701942444
YGR224W,YNR013C,1,2.4226222,0.17732229828834534,0.9217986464500427,0.4385085701942444
YPR025C,YGR038C-B,0,2.4221623,0.1772889643907547,0.9217986464500427,0.4386087954044342
YDR084C,YHL031C,0,2.4215922,0.17725564539432526,0.9217986464500427,0.438709020614624
YOL031C,YNL007C,0,2.4208515,0.1772223263978958,0.9217986464500427,0.43880927562713623
YGR027W-A,YNL279W,0,2.4202402,0.17718902230262756,0.9217986464500427,0.43890950083732605
YMR045C,YNL167C,0,2.420197,0.1771557331085205,0.9217986464500427,0.43900972604751587
YFL003C,YMR156C,0,2.419375,0.17712245881557465,0.9217986464500427,0.4391099512577057
YGR154C,YDL105W,0,2.4189777,0.17708919942378998,0.9217986464500427,0.4392101764678955
YJL099W,YJR045C,0,2.418512,0.1770559549331665,0.9217986464500427,0.4393104016780853
YDL207W,YOL154W,0,2.4179265,0.17702271044254303,0.9217986464500427,0.43941065669059753
YBR060C,YGR027W-A,0,2.4178336,0.17698949575424194,0.9217986464500427,0.43951088190078735
YLR052W,YBR205W,0,2.4163911,0.17695628106594086,0.9217986464500427,0.4396111071109772
YGL224C,YKR072C,0,2.4159963,0.17692308127880096,0.9217986464500427,0.439711332321167
YOL148C,YDL130W,0,2.415803,0.17688989639282227,0.9217986464500427,0.4398115575313568
YJR160C,YPL118W,0,2.4155545,0.17685671150684357,0.9217986464500427,0.43991178274154663
YLR057W,YLR242C,0,2.4135242,0.17682355642318726,0.9217986464500427,0.44001203775405884
YCL020W,YPR131C,0,2.4134214,0.17679040133953094,0.9217986464500427,0.44011226296424866
YOR381W,YDL100C,1,2.4131558,0.17694470286369324,0.9227761626243591,0.44011226296424866
YFR007W,YDR091C,0,2.4131076,0.17691154778003693,0.9227761626243591,0.4402124881744385
YNL207W,YJL042W,0,2.4130037,0.17687839269638062,0.9227761626243591,0.4403127133846283
YKL211C,YDR511W,0,2.4129646,0.1768452674150467,0.9227761626243591,0.4404129385948181
YGL168W,YER139C,0,2.4129117,0.17681214213371277,0.9227761626243591,0.4405131936073303
YDR469W,YAR066W,0,2.412739,0.17677903175354004,0.9227761626243591,0.44061341881752014
YER051W,YMR053C,0,2.4126954,0.1767459213733673,0.9227761626243591,0.44071364402770996
YLR262C,YDR011W,0,2.4125812,0.17671284079551697,0.9227761626243591,0.4408138692378998
YJR064W,YMR113W,0,2.4117827,0.17667977511882782,0.9227761626243591,0.4409140944480896
YHR050W,YFL050C,1,2.4113305,0.176833838224411,0.9237536787986755,0.4409140944480896
YBR254C,YNL012W,0,2.4109004,0.17680074274539948,0.9237536787986755,0.4410143196582794
YPR049C,YOR157C,0,2.4099104,0.17676767706871033,0.9237536787986755,0.4411145746707916
YJR160C,YNR046W,0,2.40958,0.17673461139202118,0.9237536787986755,0.44121479988098145
YIL072W,YPL005W,0,2.4074547,0.17670157551765442,0.9237536787986755,0.44131502509117126
YNL280C,YDL243C,0,2.4066675,0.17666853964328766,0.9237536787986755,0.4414152503013611
YJR040W,YEL031W,1,2.406431,0.17682242393493652,0.9247311949729919,0.4414152503013611
YLL009C,YLL018C-A,1,2.4064014,0.1769762635231018,0.9257087111473083,0.4414152503013611
YOL007C,YDR100W,0,2.4060276,0.17694319784641266,0.9257087111473083,0.4415154755115509
YJL001W,YJL018W,0,2.405763,0.1769101470708847,0.9257087111473083,0.4416157305240631
YPR158W-A,YDR257C,0,2.4056618,0.17687709629535675,0.9257087111473083,0.44171595573425293
YER070W,YDR036C,0,2.4028337,0.17684407532215118,0.9257087111473083,0.44181618094444275
YJL092W,YNR073C,0,2.4027383,0.17681105434894562,0.9257087111473083,0.44191640615463257
YOL152W,YNR026C,0,2.4020593,0.17677804827690125,0.9257087111473083,0.4420166313648224
YKL192C,YDL155W,0,2.4007647,0.17674505710601807,0.9257087111473083,0.4421168565750122
YPR102C,YKR009C,0,2.4002216,0.1767120659351349,0.9257087111473083,0.4422171115875244
YLL011W,YGL142C,0,2.4001715,0.1766791045665741,0.9257087111473083,0.44231733679771423
YHR150W,YDR545W,0,2.399791,0.1766461431980133,0.9257087111473083,0.44241756200790405
YKL073W,YKR100C,0,2.3993351,0.1766131967306137,0.9257087111473083,0.44251778721809387
YBR212W,YKL063C,0,2.3991911,0.1765802651643753,0.9257087111473083,0.4426180124282837
YBL020W,YCR066W,0,2.396923,0.1765473484992981,0.9257087111473083,0.4427182376384735
YPR185W,YGR224W,0,2.3966572,0.17651444673538208,0.9257087111473083,0.4428184926509857
YHR098C,YER006W,0,2.3964007,0.17648154497146606,0.9257087111473083,0.44291871786117554
YOR075W,YPL145C,0,2.3961112,0.17644867300987244,0.9257087111473083,0.44301894307136536
YOR198C,YCR094W,0,2.396027,0.1764158010482788,0.9257087111473083,0.4431191682815552
YML113W,YGR027W-A,0,2.3956528,0.17638294398784637,0.9257087111473083,0.443219393491745
YBR180W,YDR177W,0,2.3955042,0.17635008692741394,0.9257087111473083,0.4433196485042572
YKR105C,YDR359C,0,2.3946092,0.1763172596693039,0.9257087111473083,0.443419873714447
YIL167W,YLL006W,0,2.3943882,0.17628443241119385,0.9257087111473083,0.44352009892463684
YCL012W,YLR293C,0,2.39411,0.1762516349554062,0.9257087111473083,0.44362032413482666
YBR039W,YML095C,0,2.39351,0.17621883749961853,0.9257087111473083,0.4437205493450165
YLR262C,YBL101W-A,0,2.3929245,0.17618604004383087,0.9257087111473083,0.4438207745552063
YDR326C,YMR223W,0,2.3921402,0.1761532723903656,0.9257087111473083,0.4439210295677185
YER030W,YHR042W,0,2.39011,0.17612051963806152,0.9257087111473083,0.4440212547779083
YDR316W-A,YIL113W,0,2.3899746,0.17608776688575745,0.9257087111473083,0.44412147998809814
YGR240C,YJL216C,0,2.3895938,0.17605502903461456,0.9257087111473083,0.44422170519828796
YFL039C,YOL100W,0,2.3890066,0.17602230608463287,0.9257087111473083,0.4443219304084778
YGL224C,YDL210W,0,2.3888783,0.17598959803581238,0.9257087111473083,0.44442218542099
YPR058W,YMR164C,0,2.3888514,0.17595688998699188,0.9257087111473083,0.4445224106311798
YBR297W,YDL164C,0,2.3878937,0.17592421174049377,0.9257087111473083,0.44462263584136963
YDL213C,YPR178W,0,2.3877935,0.17589153349399567,0.9257087111473083,0.44472286105155945
YJL003W,YDL201W,0,2.3874547,0.17585887014865875,0.9257087111473083,0.44482308626174927
YMR247C,YKR007W,0,2.3872626,0.17582622170448303,0.9257087111473083,0.4449233114719391
YBL097W,YDL119C,0,2.3869846,0.1757935732603073,0.9257087111473083,0.4450235664844513
YDL159W,YOR192C-B,0,2.3866081,0.17576095461845398,0.9257087111473083,0.4451237916946411
YLR147C,YOL089C,0,2.3865278,0.17572833597660065,0.9257087111473083,0.44522401690483093
YLR175W,YAL056W,0,2.385022,0.1756957322359085,0.9257087111473083,0.44532424211502075
YJR152W,YOR236W,0,2.3849752,0.17566314339637756,0.9257087111473083,0.44542446732521057
YML066C,YFR040W,0,2.3847988,0.1756305694580078,0.9257087111473083,0.4455246925354004
YHR102W,YDR322C-A,0,2.3847804,0.17559799551963806,0.9257087111473083,0.4456249475479126
YDR326C,YNL250W,0,2.3844535,0.1755654364824295,0.9257087111473083,0.4457251727581024
YJR001W,YDR311W,0,2.3834984,0.17553290724754333,0.9257087111473083,0.44582539796829224
YPR137C-B,YDL210W,0,2.3832998,0.17550037801265717,0.9257087111473083,0.44592562317848206
YBR203W,YIL124W,0,2.383017,0.175467848777771,0.9257087111473083,0.4460258483886719
YER148W,YML009C,0,2.3830135,0.17543534934520721,0.9257087111473083,0.4461261034011841
YNL128W,YER060W,0,2.382628,0.17540284991264343,0.9257087111473083,0.4462263286113739
YDL146W,YNR040W,0,2.3825316,0.17537036538124084,0.9257087111473083,0.4463265538215637
YPL175W,YNL305C,0,2.3822315,0.17533789575099945,0.9257087111473083,0.44642677903175354
YBR030W,YBL101W-A,0,2.3816073,0.17530544102191925,0.9257087111473083,0.44652700424194336
YDR365W-B,YNL257C,0,2.381451,0.17527300119400024,0.9257087111473083,0.4466272294521332
YIL007C,YDR450W,0,2.3806667,0.17524056136608124,0.9257087111473083,0.4467274844646454
YPL187W,YHL026C,0,2.3787203,0.17520813643932343,0.9257087111473083,0.4468277096748352
YPL170W,YHR025W,0,2.3785658,0.1751757264137268,0.9257087111473083,0.446927934885025
YMR307W,YNL119W,0,2.3781915,0.17514333128929138,0.9257087111473083,0.44702816009521484
YDR503C,YFR049W,0,2.3772643,0.17511095106601715,0.9257087111473083,0.44712838530540466
YLR246W,YPR010C,0,2.3764467,0.17507857084274292,0.9257087111473083,0.44722864031791687
YGR166W,YDR317W,0,2.3753057,0.17504620552062988,0.9257087111473083,0.4473288655281067
YDL058W,YGR125W,0,2.3717995,0.17501385509967804,0.9257087111473083,0.4474290907382965
YDL240W,YEL038W,0,2.3710034,0.1749815195798874,0.9257087111473083,0.44752931594848633
YDL192W,YBR085W,0,2.3703153,0.17494919896125793,0.9257087111473083,0.44762954115867615
YPL227C,YPR073C,0,2.3701603,0.17491687834262848,0.9257087111473083,0.44772976636886597
YJR046W,YJR029W,0,2.3685985,0.17488457262516022,0.9257087111473083,0.4478300213813782
YNL183C,YPR037C,0,2.368222,0.17485229671001434,0.9257087111473083,0.447930246591568
YMR313C,YKL158W,0,2.3681831,0.17482000589370728,0.9257087111473083,0.4480304718017578
YML016C,YBR302C,0,2.367503,0.1747877448797226,0.9257087111473083,0.44813069701194763
YKL087C,YGR096W,0,2.3665683,0.17475548386573792,0.9257087111473083,0.44823092222213745
YEL054C,YKR086W,0,2.366131,0.17472325265407562,0.9257087111473083,0.44833114743232727
YPR131C,YJL113W,0,2.3660638,0.17469102144241333,0.9257087111473083,0.4484314024448395
YLR059C,YNL054W,0,2.36428,0.17465879023075104,0.9257087111473083,0.4485316276550293
YIL066C,YHR152W,0,2.3640058,0.17462658882141113,0.9257087111473083,0.4486318528652191
YNL194C,YDR110W,0,2.3636668,0.17459440231323242,0.9257087111473083,0.44873207807540894
YPL061W,YIL124W,0,2.3626041,0.1745622158050537,0.9257087111473083,0.44883230328559875
YJL045W,YGL038C,0,2.3621206,0.1745300441980362,0.9257087111473083,0.44893255829811096
YGR156W,YPL076W,0,2.3621132,0.17449788749217987,0.9257087111473083,0.4490327835083008
YBR123C,YOR328W,0,2.361716,0.17446573078632355,0.9257087111473083,0.4491330087184906
YBL036C,YJL151C,0,2.360941,0.1744336038827896,0.9257087111473083,0.4492332339286804
YBR154C,YBL090W,0,2.3608549,0.17440147697925568,0.9257087111473083,0.44933345913887024
YGR023W,YOR067C,0,2.3607259,0.17436936497688293,0.9257087111473083,0.44943368434906006
YLR116W,YLR097C,0,2.3597708,0.1743372678756714,0.9257087111473083,0.44953393936157227
YGL229C,YGR049W,0,2.35932,0.17430517077445984,0.9257087111473083,0.4496341645717621
YAL030W,YLR304C,0,2.3587143,0.17427308857440948,0.9257087111473083,0.4497343897819519
YNL152W,YBR114W,0,2.3566992,0.17424103617668152,0.9257087111473083,0.4498346149921417
YIL162W,YJL101C,0,2.3564935,0.17420898377895355,0.9257087111473083,0.44993484020233154
YDR500C,YJR137C,0,2.3558252,0.17417693138122559,0.9257087111473083,0.45003509521484375
YHR203C,YPR131C,0,2.3538415,0.17414490878582,0.9257087111473083,0.45013532042503357
YKL062W,YDR096W,0,2.3535058,0.17411288619041443,0.9257087111473083,0.4502355456352234
YOR103C,YDR160W,0,2.352896,0.17408087849617004,0.9257087111473083,0.4503357708454132
YHR161C,YNL233W,0,2.3524363,0.17404888570308685,0.9257087111473083,0.450435996055603
YML094W,YLR450W,0,2.3520732,0.17401690781116486,0.9257087111473083,0.45053622126579285
YHR094C,YGR024C,0,2.3511484,0.17398492991924286,0.9257087111473083,0.45063647627830505
YER019W,YPL046C,0,2.3510005,0.17395298182964325,0.9257087111473083,0.4507367014884949
YNL075W,YBR014C,0,2.3496156,0.17392103374004364,0.9257087111473083,0.4508369266986847
YDR424C,YPL237W,0,2.347771,0.17388908565044403,0.9257087111473083,0.4509371519088745
YPL253C,YOR308C,0,2.347232,0.1738571673631668,0.9257087111473083,0.45103737711906433
YMR004W,YJL002C,0,2.3467937,0.17382526397705078,0.9257087111473083,0.45113760232925415
YHR079C-B,YLR133W,0,2.3461053,0.17379336059093475,0.9257087111473083,0.45123785734176636
YDR363W-A,YNL029C,0,2.3459146,0.17376147210597992,0.9257087111473083,0.4513380825519562
YOL103W-A,YBL088C,0,2.3452103,0.17372958362102509,0.9257087111473083,0.451438307762146
YER093C,YPL023C,0,2.3451629,0.17369772493839264,0.9257087111473083,0.4515385329723358
YGL064C,YJR016C,0,2.344699,0.1736658662557602,0.9257087111473083,0.45163875818252563
YPL207W,YPL173W,0,2.344137,0.17363403737545013,0.9257087111473083,0.45173901319503784
YGR009C,YDR365W-A,0,2.3437006,0.17360219359397888,0.9257087111473083,0.45183923840522766
YLR369W,YLR157C-A,0,2.3435938,0.17357037961483002,0.9257087111473083,0.4519394636154175
YNL240C,YMR142C,0,2.3422463,0.17353858053684235,0.9257087111473083,0.4520396888256073
YHR210C,YPL086C,0,2.342015,0.17350678145885468,0.9257087111473083,0.4521399140357971
YOR140W,YKL141W,0,2.3420062,0.1734749972820282,0.9257087111473083,0.45224013924598694
YOL033W,YDR464W,0,2.341566,0.17344322800636292,0.9257087111473083,0.45234039425849915
YDR079C-A,YDL056W,0,2.34149,0.17341145873069763,0.9257087111473083,0.45244061946868896
YKL218C,YDR510W,0,2.3408415,0.17337971925735474,0.9257087111473083,0.4525408446788788
YCL066W,YLR098C,0,2.3403366,0.17334797978401184,0.9257087111473083,0.4526410698890686
YNL024C,YJL184W,0,2.3393013,0.17331625521183014,0.9257087111473083,0.4527412950992584
YGL179C,YDR519W,0,2.3381763,0.17328453063964844,0.9257087111473083,0.45284155011177063
YOR247W,YGR203W,0,2.3379927,0.17325283586978912,0.9257087111473083,0.45294177532196045
YDR380W,YDR255C,0,2.3376763,0.1732211410999298,0.9257087111473083,0.45304200053215027
YGL184C,YNL288W,0,2.3375363,0.1731894612312317,0.9257087111473083,0.4531422257423401
YKR046C,YAL058W,0,2.3372118,0.17315779626369476,0.9257087111473083,0.4532424509525299
YHR157W,YHR076W,0,2.33718,0.17312614619731903,0.9257087111473083,0.4533426761627197
YGL255W,YHR039C-B,1,2.3369138,0.17327727377414703,0.9266862273216248,0.4533426761627197
YOR367W,YOL120C,0,2.3355865,0.1732456088066101,0.9266862273216248,0.45344293117523193
YOR017W,YDR424C,0,2.3351564,0.17321395874023438,0.9266862273216248,0.45354315638542175
YBL020W,YOR036W,0,2.3348343,0.17318232357501984,0.9266862273216248,0.4536433815956116
YLR313C,YOR175C,0,2.3338718,0.1731506884098053,0.9266862273216248,0.4537436068058014
YGR253C,YNL065W,0,2.3338625,0.17311906814575195,0.9266862273216248,0.4538438320159912
YOR118W,YKL029C,0,2.3336976,0.1730874627828598,0.9266862273216248,0.45394405722618103
YJL018W,YBR024W,0,2.3334568,0.17305585741996765,0.9266862273216248,0.45404431223869324
YMR232W,YBR126C,0,2.3332155,0.1730242818593979,0.9266862273216248,0.45414453744888306
YML057W,YBL100W-A,0,2.333122,0.17299270629882812,0.9266862273216248,0.4542447626590729
YPR052C,YER056C,0,2.333035,0.17296114563941956,0.9266862273216248,0.4543449878692627
YPR021C,YGL254W,1,2.3323703,0.17311200499534607,0.9276637434959412,0.4543449878692627
YFL002W-A,YDR058C,0,2.332031,0.1730804294347763,0.9276637434959412,0.4544452130794525
YJL122W,YGR057C,0,2.3301466,0.17304886877536774,0.9276637434959412,0.4545454680919647
YOR251C,YDR322C-A,1,2.329802,0.1731996387243271,0.9286412596702576,0.4545454680919647
YPR065W,YCR047C,0,2.329779,0.17316806316375732,0.9286412596702576,0.45464569330215454
YPL187W,YPR114W,0,2.3282936,0.17313650250434875,0.9286412596702576,0.45474591851234436
YIL068C,YBR014C,0,2.3281171,0.17310495674610138,0.9286412596702576,0.4548461437225342
YHR170W,YGR038C-A,0,2.3280256,0.1730734258890152,0.9286412596702576,0.454946368932724
YOL116W,YGR254W,0,2.3275645,0.17304189503192902,0.9286412596702576,0.4550465941429138
YAL005C,YOL088C,0,2.32751,0.17301037907600403,0.9286412596702576,0.455146849155426
YER159C,YDL181W,0,2.326175,0.17297887802124023,0.9286412596702576,0.45524707436561584
YKL027W,YBR293W,0,2.3260806,0.17294739186763763,0.9286412596702576,0.45534729957580566
YNL020C,YGL063W,0,2.3259947,0.17291590571403503,0.9286412596702576,0.4554475247859955
YJL008C,YML033W,0,2.3249643,0.17288443446159363,0.9286412596702576,0.4555477499961853
YDR032C,YLR196W,0,2.324437,0.17285297811031342,0.9286412596702576,0.4556480050086975
YLR352W,YHL047C,0,2.3234246,0.1728215366601944,0.9286412596702576,0.45574823021888733
YKL002W,YIL011W,0,2.3231652,0.17279011011123657,0.9286412596702576,0.45584845542907715
YHL033C,YHR114W,0,2.322001,0.17275868356227875,0.9286412596702576,0.45594868063926697
YPR055W,YMR223W,0,2.321734,0.17272727191448212,0.9286412596702576,0.4560489058494568
YNL220W,YGR262C,0,2.3216932,0.17269587516784668,0.9286412596702576,0.4561491310596466
YLR131C,YOR068C,0,2.3203719,0.17266447842121124,0.9286412596702576,0.4562493860721588
YPR082C,YDR019C,0,2.3197129,0.1726331114768982,0.9286412596702576,0.45634961128234863
YIL053W,YGR080W,0,2.3187578,0.17260174453258514,0.9286412596702576,0.45644983649253845
YML029W,YPR158C-D,0,2.3169694,0.1725703924894333,0.9286412596702576,0.45655006170272827
YNR060W,YLR220W,1,2.3167856,0.17272067070007324,0.929618775844574,0.45655006170272827
YPR108W,YIL064W,0,2.3167603,0.1726893037557602,0.929618775844574,0.4566502869129181
YOR120W,YOR067C,0,2.3157744,0.17265795171260834,0.929618775844574,0.4567505121231079
YOR330C,YKR014C,0,2.3134124,0.17262661457061768,0.929618775844574,0.4568507671356201
YCR068W,YBR103W,0,2.312754,0.17259527742862701,0.929618775844574,0.45695099234580994
YPL063W,YAL041W,0,2.310667,0.17256397008895874,0.929618775844574,0.45705121755599976
YDR034C-C,YOR290C,0,2.3092687,0.17253266274929047,0.929618775844574,0.4571514427661896
YOR326W,YJL072C,0,2.308192,0.1725013554096222,0.929618775844574,0.4572516679763794
YEL026W,YKL158W,0,2.3079536,0.1724700778722763,0.929618775844574,0.4573519229888916
YMR302C,YBR228W,0,2.3051665,0.17243880033493042,0.929618775844574,0.4574521481990814
YDR500C,YML077W,0,2.3047535,0.17240753769874573,0.929618775844574,0.45755237340927124
YOR389W,YPR114W,0,2.304602,0.17237628996372223,0.929618775844574,0.45765259861946106
YML130C,YML098W,0,2.3032036,0.17234505712985992,0.929618775844574,0.4577528238296509
YER108C,YDL135C,0,2.3027532,0.17231382429599762,0.929618775844574,0.4578530490398407
YLR246W,YHR194W,0,2.301247,0.1722826063632965,0.929618775844574,0.4579533040523529
YLR006C,YLR174W,0,2.3009708,0.1722514033317566,0.929618775844574,0.4580535292625427
YHR197W,YPL133C,0,2.300192,0.17222021520137787,0.929618775844574,0.45815375447273254
YCL026C-A,YKR029C,0,2.2991207,0.17218902707099915,0.929618775844574,0.45825397968292236
YJL046W,YGL017W,0,2.2974086,0.17215785384178162,0.929618775844574,0.4583542048931122
YFR007W,YJR015W,0,2.2962995,0.17212669551372528,0.929618775844574,0.4584544599056244
YDL129W,YNL294C,0,2.2957208,0.17209555208683014,0.929618775844574,0.4585546851158142
YPL078C,YHR039C-B,1,2.294533,0.1722453385591507,0.9305962920188904,0.4585546851158142
YCR070W,YGL105W,0,2.2942665,0.17221418023109436,0.9305962920188904,0.45865491032600403
YHR098C,YOR343W-A,0,2.2937531,0.17218303680419922,0.9305962920188904,0.45875513553619385
YIL041W,YOL068C,0,2.2936003,0.17215189337730408,0.9305962920188904,0.45885536074638367
YEL034W,YKR078W,0,2.2934725,0.17212077975273132,0.9305962920188904,0.4589555859565735
YML047C,YDR052C,0,2.2934268,0.17208966612815857,0.9305962920188904,0.4590558409690857
YNL133C,YFL031W,0,2.2927291,0.17205855250358582,0.9305962920188904,0.4591560661792755
YGL155W,YMR045C,0,2.2920043,0.17202746868133545,0.9305962920188904,0.45925629138946533
YPL176C,YOR100C,0,2.2919347,0.17199638485908508,0.9305962920188904,0.45935651659965515
YBR299W,YDR080W,0,2.2913663,0.1719653159379959,0.9305962920188904,0.45945674180984497
YOR245C,YPR008W,0,2.2909117,0.17193426191806793,0.9305962920188904,0.4595569670200348
YOR329C,YLR034C,0,2.2902842,0.17190320789813995,0.9305962920188904,0.459657222032547
YOR037W,YDL110C,0,2.2899818,0.17187218368053436,0.9305962920188904,0.4597574472427368
YOR057W,YLR002C,0,2.2892177,0.17184115946292877,0.9305962920188904,0.45985767245292664
YKL221W,YLR310C,0,2.2888412,0.17181013524532318,0.9305962920188904,0.45995789766311646
YBR166C,YJL113W,0,2.287117,0.17177914083003998,0.9305962920188904,0.4600581228733063
YDR316W-A,YDR507C,0,2.287109,0.17174814641475677,0.9305962920188904,0.4601583778858185
YFL055W,YNL325C,0,2.286754,0.17171716690063477,0.9305962920188904,0.4602586030960083
YBR106W,YPR034W,0,2.2863376,0.17168620228767395,0.9305962920188904,0.4603588283061981
YDR487C,YOR347C,0,2.2858646,0.17165525257587433,0.9305962920188904,0.46045905351638794
YLR193C,YCR094W,0,2.285249,0.1716243028640747,0.9305962920188904,0.46055927872657776
YDR092W,YDR302W,0,2.2846348,0.17159336805343628,0.9305962920188904,0.4606595039367676
YJL018W,YLR411W,0,2.2844744,0.17156244814395905,0.9305962920188904,0.4607597589492798
YGR092W,YNL311C,0,2.2843854,0.1715315282344818,0.9305962920188904,0.4608599841594696
YGR256W,YGL017W,0,2.2837336,0.17150062322616577,0.9305962920188904,0.4609602093696594
YLR201C,YLR370C,0,2.2833786,0.17146974802017212,0.9305962920188904,0.46106043457984924
YNL145W,YLR086W,0,2.2831836,0.17143885791301727,0.9305962920188904,0.46116065979003906
YOR109W,YMR204C,0,2.2828047,0.17140799760818481,0.9305962920188904,0.46126091480255127
YJL033W,YNL058C,0,2.2826185,0.17137713730335236,0.9305962920188904,0.4613611400127411
YML029W,YBR228W,0,2.2823591,0.1713462918996811,0.9305962920188904,0.4614613652229309
YOL009C,YDR027C,0,2.2819767,0.17131546139717102,0.9305962920188904,0.4615615904331207
YCL012W,YEL065W,0,2.2816806,0.17128463089466095,0.9305962920188904,0.46166181564331055
YDR261C,YHR079C-B,0,2.2814775,0.17125381529331207,0.9305962920188904,0.46176204085350037
YKL217W,YGR096W,1,2.2813015,0.17140287160873413,0.9315738081932068,0.46176204085350037
YDR006C,YHR025W,0,2.2809722,0.17137205600738525,0.9315738081932068,0.4618622958660126
YMR037C,YER126C,0,2.2794726,0.17134124040603638,0.9315738081932068,0.4619625210762024
YMR220W,YBR086C,0,2.2784324,0.1713104397058487,0.9315738081932068,0.4620627462863922
YIL066C,YBR016W,0,2.2783928,0.1712796539068222,0.9315738081932068,0.46216297149658203
YBR293W,YDR363W,0,2.27802,0.1712488830089569,0.9315738081932068,0.46226319670677185
YMR214W,YDR422C,0,2.2779827,0.1712181121110916,0.9315738081932068,0.46236342191696167
YOR068C,YDR122W,0,2.276612,0.1711873561143875,0.9315738081932068,0.4624636769294739
YER089C,YBL040C,0,2.2756732,0.1711566150188446,0.9315738081932068,0.4625639021396637
YLR287C-A,YKL046C,0,2.2755961,0.1711258739233017,0.9315738081932068,0.4626641273498535
YPL037C,YMR189W,0,2.275315,0.17109514772891998,0.9315738081932068,0.46276435256004333
YNR008W,YDR189W,0,2.274872,0.17106443643569946,0.9315738081932068,0.46286457777023315
YDR406W,YIL072W,0,2.2747185,0.17103374004364014,0.9315738081932068,0.46296483278274536
YDL091C,YJL174W,0,2.274347,0.1710030436515808,0.9315738081932068,0.4630650579929352
YMR183C,YER029C,0,2.2741792,0.17097237706184387,0.9315738081932068,0.463165283203125
YKL188C,YER051W,0,2.273876,0.17094171047210693,0.9315738081932068,0.4632655084133148
YAL012W,YEL016C,0,2.2727854,0.17091104388237,0.9315738081932068,0.46336573362350464
YIL010W,YNR032W,0,2.2707784,0.17088040709495544,0.9315738081932068,0.46346595883369446
YBL035C,YLR234W,0,2.2704556,0.1708497703075409,0.9315738081932068,0.46356621384620667
YAL020C,YIL173W,0,2.2696407,0.17081914842128754,0.9315738081932068,0.4636664390563965
YCR039C,YKR050W,0,2.2688785,0.17078852653503418,0.9315738081932068,0.4637666642665863
YMR016C,YBR015C,0,2.2688062,0.1707579344511032,0.9315738081932068,0.4638668894767761
YHL047C,YKL165C,1,2.2687962,0.17090648412704468,0.9325513243675232,0.4638668894767761
YOR337W,YBR022W,0,2.2685564,0.17087587714195251,0.9325513243675232,0.46396711468696594
YJR155W,YIR006C,0,2.2665777,0.17084527015686035,0.9325513243675232,0.46406736969947815
YPL280W,YER176W,0,2.2657382,0.17081467807292938,0.9325513243675232,0.46416759490966797
YKR053C,YNR007C,0,2.2656438,0.1707841008901596,0.9325513243675232,0.4642678201198578
YGL147C,YDL239C,0,2.265428,0.17075353860855103,0.9325513243675232,0.4643680453300476
YMR171C,YGL166W,0,2.265425,0.17072297632694244,0.9325513243675232,0.4644682705402374
YPL037C,YOL006C,0,2.265408,0.17069242894649506,0.9325513243675232,0.46456849575042725
YJR027W,YNL306W,0,2.2641275,0.17066189646720886,0.9325513243675232,0.46466875076293945
YPL026C,YLR240W,0,2.2637274,0.17063137888908386,0.9325513243675232,0.4647689759731293
YKL112W,YJR109C,0,2.2630937,0.17060086131095886,0.9325513243675232,0.4648692011833191
YCR069W,YGR203W,0,2.262991,0.17057035863399506,0.9325513243675232,0.4649694263935089
YNL039W,YLL005C,0,2.2616737,0.17053987085819244,0.9325513243675232,0.46506965160369873
YBL097W,YKR007W,0,2.261195,0.17050938308238983,0.9325513243675232,0.46516987681388855
YDR515W,YGL147C,0,2.2606862,0.1704789102077484,0.9325513243675232,0.46527013182640076
YDR394W,YDR317W,0,2.2583663,0.1704484522342682,0.9325513243675232,0.4653703570365906
YLR167W,YBR055C,0,2.258223,0.17041800916194916,0.9325513243675232,0.4654705822467804
YLR172C,YPL221W,0,2.2574914,0.17038756608963013,0.9325513243675232,0.4655708074569702
YGR154C,YBR245C,0,2.257078,0.1703571379184723,0.9325513243675232,0.46567103266716003
YDR376W,YNL025C,0,2.2564147,0.17032672464847565,0.9325513243675232,0.46577128767967224
YDL109C,YLR093C,0,2.2562854,0.1702963262796402,0.9325513243675232,0.46587151288986206
YCL016C,YDR011W,0,2.2550883,0.17026592791080475,0.9325513243675232,0.4659717381000519
YPL230W,YCR040W,0,2.2535417,0.1702355444431305,0.9325513243675232,0.4660719633102417
YGL144C,YJR161C,0,2.2533882,0.17020517587661743,0.9325513243675232,0.4661721885204315
YER093C,YBR204C,0,2.2532687,0.17017480731010437,0.9325513243675232,0.46627241373062134
YPL237W,YBL069W,0,2.2482998,0.1701444685459137,0.9325513243675232,0.46637266874313354
YOR129C,YLR453C,0,2.2482972,0.17011412978172302,0.9325513243675232,0.46647289395332336
YER184C,YHR072W,0,2.247188,0.17008379101753235,0.9325513243675232,0.4665731191635132
YJL083W,YER019W,0,2.2455733,0.17005348205566406,0.9325513243675232,0.466673344373703
YGL147C,YPL058C,0,2.2447207,0.17002317309379578,0.9325513243675232,0.4667735695838928
YHR185C,YNL146W,0,2.2439854,0.16999287903308868,0.9325513243675232,0.46687382459640503
YPL028W,YPR105C,0,2.2439163,0.1699625849723816,0.9325513243675232,0.46697404980659485
YOR064C,YJR044C,0,2.2437837,0.1699323058128357,0.9325513243675232,0.46707427501678467
YLR109W,YNL065W,0,2.2434802,0.169902041554451,0.9325513243675232,0.4671745002269745
YGR218W,YGR260W,0,2.2430954,0.16987179219722748,0.9325513243675232,0.4672747254371643
YOR131C,YNR016C,0,2.2426138,0.16984155774116516,0.9325513243675232,0.4673749506473541
YOL117W,YFR034C,0,2.2417562,0.16981132328510284,0.9325513243675232,0.46747520565986633
YER114C,YJL219W,0,2.2408698,0.16978110373020172,0.9325513243675232,0.46757543087005615
YHR086W,YNR046W,0,2.2405007,0.1697508841753006,0.9325513243675232,0.46767565608024597
YHR073W,YPR022C,0,2.2398167,0.16972069442272186,0.9325513243675232,0.4677758812904358
YDR524C,YBL005W-A,0,2.2397165,0.16969050467014313,0.9325513243675232,0.4678761065006256
YER007W,YDL052C,0,2.2390559,0.16966032981872559,0.9325513243675232,0.46797633171081543
YNL083W,YLR147C,0,2.239042,0.16963015496730804,0.9325513243675232,0.46807658672332764
YHR080C,YGL054C,0,2.2384589,0.1695999950170517,0.9325513243675232,0.46817681193351746
YJL118W,YAL001C,0,2.2378,0.16956984996795654,0.9325513243675232,0.4682770371437073
YJR145C,YPL203W,0,2.2368276,0.16953971982002258,0.9325513243675232,0.4683772623538971
YKL221W,YNL180C,0,2.2366393,0.16950958967208862,0.9325513243675232,0.4684774875640869
YJR044C,YPL230W,0,2.2366388,0.16947947442531586,0.9325513243675232,0.4685777425765991
YOR307C,YML107C,0,2.236512,0.16944937407970428,0.9325513243675232,0.46867796778678894
YIL053W,YOR371C,0,2.2358668,0.1694192886352539,0.9325513243675232,0.46877819299697876
YOL116W,YBR198C,0,2.2358477,0.16938920319080353,0.9325513243675232,0.4688784182071686
YBR045C,YMR314W,0,2.2358224,0.16935913264751434,0.9325513243675232,0.4689786434173584
YKL120W,YOR291W,1,2.2355888,0.16950656473636627,0.9335288405418396,0.4689786434173584
YGR059W,YDL154W,0,2.235164,0.1694764792919159,0.9335288405418396,0.4690788686275482
YDR468C,YOR129C,0,2.2342036,0.1694464087486267,0.9335288405418396,0.4691791236400604
YOR044W,YMR298W,0,2.2338188,0.16941635310649872,0.9335288405418396,0.46927934885025024
YFL061W,YHL017W,0,2.2337787,0.16938631236553192,0.9335288405418396,0.46937957406044006
YNL214W,YMR297W,0,2.232516,0.16935627162456512,0.9335288405418396,0.4694797992706299
YOL018C,YNL129W,0,2.231775,0.16932624578475952,0.9335288405418396,0.4695800244808197
YOR229W,YER091C,0,2.231683,0.16929621994495392,0.9335288405418396,0.4696802794933319
YIL098C,YOL068C,0,2.2313275,0.1692662239074707,0.9335288405418396,0.46978050470352173
YDL222C,YMR135C,0,2.230883,0.1692362278699875,0.9335288405418396,0.46988072991371155
YLR427W,YJR066W,0,2.229761,0.16920623183250427,0.9335288405418396,0.46998095512390137
YDL004W,YOR291W,1,2.2295916,0.1693534106016159,0.934506356716156,0.46998095512390137
YCR024C,YFR049W,0,2.2281086,0.1693234145641327,0.934506356716156,0.4700811803340912
YGL205W,YJL127C,0,2.2277796,0.16929343342781067,0.934506356716156,0.470181405544281
YER036C,YLL032C,0,2.2277603,0.16926345229148865,0.934506356716156,0.4702816605567932
YIL069C,YOL020W,0,2.2276018,0.16923348605632782,0.934506356716156,0.47038188576698303
YJL189W,YOR173W,0,2.2268589,0.16920353472232819,0.934506356716156,0.47048211097717285
YBR229C,YOR201C,0,2.225889,0.16917359828948975,0.934506356716156,0.47058233618736267
YER007W,YOR096W,0,2.2249177,0.1691436618566513,0.934506356716156,0.4706825613975525
YJR131W,YNL030W,0,2.22386,0.16911374032497406,0.934506356716156,0.4707827866077423
YJR126C,YNL014W,0,2.2229712,0.169083833694458,0.934506356716156,0.4708830416202545
YDR142C,YLR139C,0,2.2222643,0.16905394196510315,0.934506356716156,0.47098326683044434
YIR028W,YOR259C,0,2.2218297,0.1690240502357483,0.934506356716156,0.47108349204063416
YDR515W,YBR218C,0,2.2213376,0.16899417340755463,0.934506356716156,0.471183717250824
YOR371C,YLL016W,0,2.2212212,0.16896429657936096,0.934506356716156,0.4712839424610138
YJL207C,YBL064C,0,2.2194724,0.1689344346523285,0.934506356716156,0.471384197473526
YBR122C,YLR239C,0,2.2190483,0.16890458762645721,0.934506356716156,0.4714844226837158
YDR479C,YMR242C,0,2.2188473,0.16887475550174713,0.934506356716156,0.47158464789390564
YLL018C-A,YDR033W,1,2.2184954,0.16902154684066772,0.9354838728904724,0.47158464789390564
YPR021C,YLR118C,0,2.2183645,0.16899169981479645,0.9354838728904724,0.47168487310409546
YAL042W,YIL154C,0,2.218147,0.16896186769008636,0.9354838728904724,0.4717850983142853
YIR035C,YNL329C,0,2.217532,0.16893203556537628,0.9354838728904724,0.4718853235244751
YBR229C,YJL028W,0,2.215446,0.1689022183418274,0.9354838728904724,0.4719855785369873
YHR153C,YLR194C,0,2.2149203,0.1688724160194397,0.9354838728904724,0.4720858037471771
YNL054W,YDL164C,0,2.214718,0.1688426285982132,0.9354838728904724,0.47218602895736694
YHR139C,YNL327W,0,2.2144475,0.1688128411769867,0.9354838728904724,0.47228625416755676
YJR129C,YOR332W,0,2.2133677,0.1687830686569214,0.9354838728904724,0.4723864793777466
YLR371W,YGL194C,0,2.2106483,0.16875331103801727,0.9354838728904724,0.4724867045879364
YHR133C,YOR205C,0,2.2102616,0.16872355341911316,0.9354838728904724,0.4725869596004486
YOR251C,YIL006W,1,2.2095597,0.16887009143829346,0.9364613890647888,0.4725869596004486
YOR326W,YHR146W,0,2.2076666,0.16884031891822815,0.9364613890647888,0.4726871848106384
YJL165C,YCR040W,0,2.2068217,0.16881057620048523,0.9364613890647888,0.47278741002082825
YLR459W,YGR280C,0,2.2039683,0.1687808334827423,0.9364613890647888,0.47288763523101807
YPL157W,YNR070W,0,2.2032044,0.16875110566616058,0.9364613890647888,0.4729878604412079
YJL183W,YDR255C,0,2.2026904,0.16872137784957886,0.9364613890647888,0.4730881154537201
YDR402C,YLR286C,0,2.2022521,0.16869166493415833,0.9364613890647888,0.4731883406639099
YMR156C,YGR049W,0,2.2019985,0.168661966919899,0.9364613890647888,0.47328856587409973
YFL034C-B,YBR254C,0,2.2015462,0.16863228380680084,0.9364613890647888,0.47338879108428955
YHR193C,YNL156C,0,2.201327,0.1686026006937027,0.9364613890647888,0.47348901629447937
YNL083W,YCL062W,0,2.2009823,0.16857293248176575,0.9364613890647888,0.4735892415046692
YHR206W,YNL115C,0,2.2007873,0.16854327917099,0.9364613890647888,0.4736894965171814
YHR157W,YGL028C,0,2.1994936,0.16851362586021423,0.9364613890647888,0.4737897217273712
YBR158W,YOL138C,0,2.1982472,0.16848400235176086,0.9364613890647888,0.47388994693756104
YKL181W,YFL047W,0,2.1963625,0.1684543639421463,0.9364613890647888,0.47399017214775085
YLR045C,YER069W,0,2.195723,0.16842475533485413,0.9364613890647888,0.4740903973579407
YMR164C,YJR113C,0,2.1957133,0.16839514672756195,0.9364613890647888,0.4741906523704529
YCL066W,YOR192C-B,0,2.1950753,0.16836555302143097,0.9364613890647888,0.4742908775806427
YBR016W,YOR347C,0,2.194259,0.16833597421646118,0.9364613890647888,0.4743911027908325
YCR020C,YOR343W-A,0,2.1908803,0.1683063954114914,0.9364613890647888,0.47449132800102234
YDR235W,YGR101W,0,2.189627,0.1682768315076828,0.9364613890647888,0.47459155321121216
YIL072W,YER172C,0,2.1872776,0.1682472825050354,0.9364613890647888,0.474691778421402
YDR435C,YGL207W,0,2.186621,0.168217733502388,0.9364613890647888,0.4747920334339142
YMR017W,YOR046C,0,2.186468,0.1681881994009018,0.9364613890647888,0.474892258644104
YNL288W,YBL090W,0,2.1863217,0.16815868020057678,0.9364613890647888,0.4749924838542938
YDR128W,YDL132W,0,2.186146,0.16812916100025177,0.9364613890647888,0.47509270906448364
YGR212W,YGR135W,0,2.1855774,0.16809967160224915,0.9364613890647888,0.47519293427467346
YLR406C,YPR075C,0,2.1848295,0.16807018220424652,0.9364613890647888,0.4752931594848633
YJR155W,YLR362W,0,2.184516,0.1680406928062439,0.9364613890647888,0.4753934144973755
YNL002C,YHR111W,0,2.1843169,0.16801121830940247,0.9364613890647888,0.4754936397075653
YPL193W,YPR165W,0,2.1830485,0.16798175871372223,0.9364613890647888,0.4755938649177551
YHL038C,YNL176C,0,2.182837,0.16795231401920319,0.9364613890647888,0.47569409012794495
YDR320C,YDR037W,0,2.1826994,0.16792286932468414,0.9364613890647888,0.47579431533813477
YDR320C-A,YGL003C,0,2.182458,0.1678934395313263,0.9364613890647888,0.475894570350647
YNL133C,YDR019C,0,2.1818836,0.16786402463912964,0.9364613890647888,0.4759947955608368
YLR120C,YDR466W,0,2.1817806,0.16783462464809418,0.9364613890647888,0.4760950207710266
YER131W,YBR097W,0,2.1817284,0.16780522465705872,0.9364613890647888,0.47619524598121643
YDR111C,YAL034W-A,0,2.1810608,0.16777582466602325,0.9364613890647888,0.47629547119140625
YBL102W,YBR083W,0,2.1805036,0.16774645447731018,0.9364613890647888,0.47639569640159607
YMR030W,YJR016C,0,2.180354,0.1677170842885971,0.9364613890647888,0.4764959514141083
YIL167W,YPR005C,0,2.1797554,0.16768772900104523,0.9364613890647888,0.4765961766242981
YBR105C,YDR362C,0,2.179245,0.16765838861465454,0.9364613890647888,0.4766964018344879
YJL167W,YGL065C,0,2.1785502,0.16762904822826385,0.9364613890647888,0.47679662704467773
YDR247W,YOR103C,0,2.1779444,0.16759972274303436,0.9364613890647888,0.47689685225486755
YHR157W,YBR215W,0,2.1776547,0.16757039725780487,0.9364613890647888,0.47699710726737976
YJL108C,YDL156W,0,2.1775594,0.16754110157489777,0.9364613890647888,0.4770973324775696
YAR007C,YPR156C,0,2.176349,0.16751180589199066,0.9364613890647888,0.4771975576877594
YGR170W,YHR039C-B,0,2.1755934,0.16748251020908356,0.9364613890647888,0.4772977828979492
YDR350C,YOR359W,0,2.1745605,0.16745324432849884,0.9364613890647888,0.47739800810813904
YLR143W,YGR049W,0,2.1745005,0.16742397844791412,0.9364613890647888,0.47749823331832886
YPR132W,YLR127C,0,2.1725535,0.1673947274684906,0.9364613890647888,0.47759848833084106
YCR023C,YGL254W,1,2.1722944,0.16754017770290375,0.9374389052391052,0.47759848833084106
YJL168C,YER179W,0,2.1718175,0.16751091182231903,0.9374389052391052,0.4776987135410309
YDL226C,YML067C,0,2.1717315,0.1674816608428955,0.9374389052391052,0.4777989387512207
YLR333C,YOR077W,0,2.170778,0.16745242476463318,0.9374389052391052,0.4778991639614105
YPL195W,YEL050C,0,2.1695654,0.16742318868637085,0.9374389052391052,0.47799938917160034
YLR006C,YKL017C,0,2.1695483,0.16739396750926971,0.9374389052391052,0.47809961438179016
YOR127W,YDR079C-A,0,2.1693032,0.16736474633216858,0.9374389052391052,0.47819986939430237
YKL164C,YHR146W,0,2.1690512,0.16733554005622864,0.9374389052391052,0.4783000946044922
YIL138C,YDR385W,0,2.167731,0.1673063486814499,0.9374389052391052,0.478400319814682
YNL049C,YOL127W,0,2.1674883,0.16727717220783234,0.9374389052391052,0.4785005450248718
YJR007W,YFL053W,0,2.1654413,0.16724799573421478,0.9374389052391052,0.47860077023506165
YNL066W,YER007C-A,0,2.1654088,0.16721883416175842,0.9374389052391052,0.47870102524757385
YKL134C,YER167W,0,2.1639411,0.16718967258930206,0.9374389052391052,0.47880125045776367
YDR320C-A,YEL058W,0,2.1636875,0.1671605408191681,0.9374389052391052,0.4789014756679535
YKL052C,YMR175W,0,2.1636598,0.16713140904903412,0.9374389052391052,0.4790017008781433
YOL023W,YIL090W,0,2.1636426,0.16710227727890015,0.9374389052391052,0.47910192608833313
YGR033C,YAR008W,0,2.1632721,0.16707317531108856,0.9374389052391052,0.47920215129852295
YDR320C-A,YFL011W,0,2.1630986,0.16704407334327698,0.9374389052391052,0.47930240631103516
YIL050W,YIL157C,0,2.160943,0.1670149713754654,0.9374389052391052,0.479402631521225
YMR063W,YFL049W,0,2.158096,0.1669858992099762,0.9374389052391052,0.4795028567314148
YLR071C,YOR080W,0,2.1577804,0.166956827044487,0.9374389052391052,0.4796030819416046
YFR030W,YMR311C,0,2.1543,0.166927769780159,0.9374389052391052,0.47970330715179443
YCR040W,YLR414C,0,2.1541355,0.166898712515831,0.9374389052391052,0.47980356216430664
YLR372W,YNL001W,0,2.1525483,0.16686967015266418,0.9374389052391052,0.47990378737449646
YHL032C,YNR022C,0,2.1522567,0.16684064269065857,0.9374389052391052,0.4800040125846863
YMR231W,YOR076C,0,2.151739,0.16681161522865295,0.9374389052391052,0.4801042377948761
YOL058W,YLR370C,0,2.1517355,0.16678260266780853,0.9374389052391052,0.4802044630050659
YGR217W,YKL196C,0,2.1512644,0.1667536050081253,0.9374389052391052,0.48030468821525574
YKL004W,YHR116W,0,2.150839,0.16672462224960327,0.9374389052391052,0.48040494322776794
YNL083W,YHR118C,0,2.1505737,0.16669563949108124,0.9374389052391052,0.48050516843795776
YPL249C,YOR032C,0,2.1496704,0.1666666716337204,0.9374389052391052,0.4806053936481476
YDR394W,YOR246C,0,2.1489704,0.16663770377635956,0.9374389052391052,0.4807056188583374
YLR212C,YGL032C,0,2.148869,0.1666087508201599,0.9374389052391052,0.4808058440685272
YLR246W,YLL011W,0,2.148712,0.16657981276512146,0.9374389052391052,0.48090606927871704
YJR090C,YNL071W,0,2.1486566,0.1665508896112442,0.9374389052391052,0.48100632429122925
YCR043C,YKR100C,0,2.1484783,0.16652196645736694,0.9374389052391052,0.48110654950141907
YER169W,YKL138C,0,2.1484253,0.16649305820465088,0.9374389052391052,0.4812067747116089
YAL010C,YER048C,0,2.1481202,0.16646414995193481,0.9374389052391052,0.4813069999217987
YPR166C,YGR254W,0,2.1475782,0.16643527150154114,0.9374389052391052,0.4814072251319885
YNL181W,YNL257C,0,2.1459937,0.16640637814998627,0.9374389052391052,0.48150748014450073
YPL061W,YMR307W,0,2.145098,0.16637751460075378,0.9374389052391052,0.48160770535469055
YGL084C,YHR020W,0,2.1450567,0.1663486510515213,0.9374389052391052,0.48170793056488037
YJR155W,YNL015W,0,2.1439834,0.16631980240345,0.9374389052391052,0.4818081557750702
YJR093C,YPR073C,0,2.1436646,0.16629096865653992,0.9374389052391052,0.48190838098526
YFL055W,YLR319C,0,2.1398084,0.16626213490962982,0.9374389052391052,0.48200860619544983
YDR252W,YPR021C,0,2.137992,0.16623331606388092,0.9374389052391052,0.48210886120796204
YIR031C,YOR049C,0,2.136999,0.1662045121192932,0.9374389052391052,0.48220908641815186
YJL137C,YDR532C,0,2.1367815,0.1661757081747055,0.9374389052391052,0.4823093116283417
YKL183W,YML009C,0,2.1367226,0.166146919131279,0.9374389052391052,0.4824095368385315
YIR013C,YGR087C,0,2.1361303,0.16611813008785248,0.9374389052391052,0.4825097620487213
YER036C,YOL113W,0,2.1357446,0.16608937084674835,0.9374389052391052,0.4826100170612335
YDL195W,YOR244W,0,2.1353536,0.16606061160564423,0.9374389052391052,0.48271024227142334
YPL079W,YLR226W,0,2.134047,0.1660318523645401,0.9374389052391052,0.48281046748161316
YJL177W,YCL030C,0,2.1339395,0.16600312292575836,0.9374389052391052,0.482910692691803
YDR359C,YER129W,0,2.132591,0.16597437858581543,0.9374389052391052,0.4830109179019928
YJL057C,YML043C,0,2.1319926,0.16594566404819489,0.9374389052391052,0.4831111431121826
YKR062W,YBR135W,0,2.1301484,0.16591694951057434,0.9374389052391052,0.4832113981246948
YBR012W-A,YGR142W,0,2.1299179,0.165888249874115,0.9374389052391052,0.48331162333488464
YGR062C,YNL197C,0,2.129546,0.16585956513881683,0.9374389052391052,0.48341184854507446
YDL030W,YFL034C-A,0,2.1285207,0.16583088040351868,0.9374389052391052,0.4835120737552643
YLL016W,YPL239W,0,2.1282253,0.1658022105693817,0.9374389052391052,0.4836122989654541
YNL213C,YDR200C,0,2.1280704,0.16577355563640594,0.9374389052391052,0.4837125241756439
YDL207W,YNL173C,0,2.1273026,0.16574490070343018,0.9374389052391052,0.48381277918815613
YDR074W,YLR337W,0,2.1263545,0.1657162606716156,0.9374389052391052,0.48391300439834595
YPL249C-A,YHR184W,0,2.1245382,0.16568763554096222,0.9374389052391052,0.48401322960853577
YKL222C,YPR081C,0,2.1240282,0.16565901041030884,0.9374389052391052,0.4841134548187256
YPL095C,YGL223C,0,2.1230783,0.16563040018081665,0.9374389052391052,0.4842136800289154
YGR272C,YDR541C,0,2.1229005,0.16560178995132446,0.9374389052391052,0.4843139350414276
YBR012W-A,YEL042W,0,2.1222858,0.16557320952415466,0.9374389052391052,0.48441416025161743
YDL007W,YHR190W,0,2.1221673,0.16554462909698486,0.9374389052391052,0.48451438546180725
YLR459W,YNL181W,0,2.1215374,0.16551604866981506,0.9374389052391052,0.48461461067199707
YDR466W,YGR249W,0,2.1207235,0.16548748314380646,0.9374389052391052,0.4847148358821869
YLR431C,YHR079C-B,0,2.1206644,0.16545893251895905,0.9374389052391052,0.4848150610923767
YPL253C,YOR267C,0,2.11952,0.16543039679527283,0.9374389052391052,0.4849153161048889
YJR145C,YKL006C-A,0,2.1186516,0.1654018610715866,0.9374389052391052,0.48501554131507874
YPR018W,YLR234W,0,2.1186419,0.16537334024906158,0.9374389052391052,0.48511576652526855
YDL109C,YMR167W,0,2.117184,0.16534483432769775,0.9374389052391052,0.4852159917354584
YER041W,YIL034C,0,2.1157453,0.16531632840633392,0.9374389052391052,0.4853162169456482
YDR073W,YDR395W,0,2.1156652,0.1652878373861313,0.9374389052391052,0.4854164719581604
YOR007C,YNR063W,0,2.1153023,0.16525934636592865,0.9374389052391052,0.4855166971683502
YHR050W,YER014W,0,2.1151974,0.1652308702468872,0.9374389052391052,0.48561692237854004
YFL025C,YMR153W,0,2.1141055,0.16520240902900696,0.9374389052391052,0.48571714758872986
YPR025C,YHR147C,0,2.1129491,0.1651739627122879,0.9374389052391052,0.4858173727989197
YPL084W,YLR090W,0,2.1124618,0.16514551639556885,0.9374389052391052,0.4859175980091095
YNR060W,YEL062W,1,2.110236,0.1652892529964447,0.9384164214134216,0.4859175980091095
YBL006C,YNL221C,0,2.1101391,0.16526080667972565,0.9384164214134216,0.4860178530216217
YMR322C,YBR050C,0,2.1093433,0.1652323603630066,0.9384164214134216,0.4861180782318115
YFL047W,YNL066W,0,2.1082745,0.16520392894744873,0.9384164214134216,0.48621830344200134
YPL040C,YNL292W,0,2.1054602,0.16517549753189087,0.9384164214134216,0.48631852865219116
YDR127W,YBR034C,0,2.1051452,0.1651470810174942,0.9384164214134216,0.486418753862381
YBR100W,YBR176W,0,2.104268,0.16511867940425873,0.9384164214134216,0.4865189790725708
YJR084W,YHR001W-A,0,2.1040337,0.16509027779102325,0.9384164214134216,0.486619234085083
YNL329C,YKR048C,0,2.1038387,0.16506189107894897,0.9384164214134216,0.4867194592952728
YIL097W,YCL030C,0,2.1035926,0.1650335192680359,0.9384164214134216,0.48681968450546265
YNL015W,YDR372C,0,2.1031654,0.165005162358284,0.9384164214134216,0.48691990971565247
YML055W,YKL099C,0,2.1028059,0.1649768054485321,0.9384164214134216,0.4870201349258423
YGR296W,YCR004C,0,2.102195,0.1649484485387802,0.9384164214134216,0.4871203899383545
YIL014W,YLL001W,0,2.101784,0.1649201214313507,0.9384164214134216,0.4872206151485443
YDR118W,YFR032C-A,0,2.1017265,0.1648917943239212,0.9384164214134216,0.48732084035873413
YCL063W,YLL006W,0,2.1006773,0.1648634672164917,0.9384164214134216,0.48742106556892395
YNL159C,YDL126C,0,2.1004303,0.16483516991138458,0.9384164214134216,0.48752129077911377
YHR039C,YLR077W,0,2.1001647,0.16480687260627747,0.9384164214134216,0.4876215159893036
YLL031C,YLR110C,0,2.0993109,0.16477857530117035,0.9384164214134216,0.4877217710018158
YDR468C,YBR104W,0,2.099239,0.16475029289722443,0.9384164214134216,0.4878219962120056
YKL018W,YGR075C,0,2.0989966,0.1647220253944397,0.9384164214134216,0.48792222142219543
YJL116C,YBL101W-A,0,2.0989277,0.16469377279281616,0.9384164214134216,0.48802244663238525
YJL046W,YFL056C,0,2.098627,0.16466552019119263,0.9384164214134216,0.4881226718425751
YHR073W,YFL036W,0,2.0974042,0.16463728249073029,0.9384164214134216,0.4882229268550873
YDR238C,YDR044W,0,2.096123,0.16460905969142914,0.9384164214134216,0.4883231520652771
YHR088W,YJL051W,0,2.0955923,0.164580836892128,0.9384164214134216,0.4884233772754669
YIL030C,YJL104W,0,2.095106,0.16455262899398804,0.9384164214134216,0.48852360248565674
YPL030W,YHR073W,0,2.0944688,0.16452442109584808,0.9384164214134216,0.48862382769584656
YOR271C,YHR039C-B,1,2.0940225,0.16466757655143738,0.939393937587738,0.48862382769584656
YBR146W,YOR178C,0,2.0938525,0.16463936865329742,0.939393937587738,0.4887240529060364
YER179W,YDR273W,0,2.0932577,0.16461117565631866,0.939393937587738,0.4888243079185486
YAL003W,YDR057W,0,2.0928478,0.1645829826593399,0.939393937587738,0.4889245331287384
YBR110W,YDR110W,0,2.0911064,0.16455478966236115,0.939393937587738,0.4890247583389282
YBL057C,YGR133W,0,2.0898614,0.16452662646770477,0.939393937587738,0.48912498354911804
YOR265W,YDL160C,0,2.0882986,0.1644984632730484,0.939393937587738,0.48922520875930786
YPL164C,YIL005W,0,2.088104,0.16447030007839203,0.939393937587738,0.4893254339694977
YNL241C,YBR057C,0,2.0863898,0.16444216668605804,0.939393937587738,0.4894256889820099
YER007W,YPL051W,0,2.085938,0.16441403329372406,0.939393937587738,0.4895259141921997
YPL266W,YPL060W,0,2.0858233,0.16438589990139008,0.939393937587738,0.4896261394023895
YPL255W,YPL095C,0,2.0841117,0.16435779631137848,0.939393937587738,0.48972636461257935
YBR033W,YEL044W,0,2.0831797,0.16432969272136688,0.939393937587738,0.48982658982276917
YOR190W,YLR342W,0,2.0828085,0.16430158913135529,0.939393937587738,0.48992684483528137
YFR024C-A,YER111C,0,2.0821168,0.16427350044250488,0.939393937587738,0.4900270700454712
YPR086W,YGL084C,0,2.0805857,0.16424542665481567,0.939393937587738,0.490127295255661
YJL092W,YCR098C,0,2.080479,0.16421736776828766,0.939393937587738,0.49022752046585083
YIR031C,YMR121C,0,2.0802903,0.16418930888175964,0.939393937587738,0.49032774567604065
YMR183C,YML012W,0,2.0799959,0.16416124999523163,0.939393937587738,0.49042797088623047
YPR108W,YIL051C,0,2.079913,0.164133220911026,0.939393937587738,0.4905282258987427
YPR148C,YCR077C,0,2.079905,0.16410519182682037,0.939393937587738,0.4906284511089325
YDL075W,YCR018C,0,2.0787609,0.16407717764377594,0.939393937587738,0.4907286763191223
YPR095C,YBR109C,0,2.0751176,0.1640491634607315,0.939393937587738,0.49082890152931213
YBR169C,YDR450W,0,2.0729182,0.16402116417884827,0.939393937587738,0.49092912673950195
YJL159W,YKL021C,0,2.0726714,0.16399317979812622,0.939393937587738,0.49102938175201416
YAR003W,YIL107C,0,2.072663,0.16396519541740417,0.939393937587738,0.491129606962204
YGR280C,YLR307W,0,2.071139,0.16393722593784332,0.939393937587738,0.4912298321723938
YKL120W,YLR249W,0,2.0705512,0.16390925645828247,0.939393937587738,0.4913300573825836
YOR140W,YLR408C,0,2.0696418,0.163881316781044,0.939393937587738,0.49143028259277344
YPL037C,YJL062W,0,2.0696404,0.16385336220264435,0.939393937587738,0.49153050780296326
YDR216W,YGR184C,0,2.0694923,0.16382543742656708,0.939393937587738,0.49163076281547546
YML092C,YIR021W,0,2.0694845,0.1637975126504898,0.939393937587738,0.4917309880256653
YLR427W,YAL025C,0,2.0692422,0.16376960277557373,0.939393937587738,0.4918312132358551
YOR202W,YOL146W,0,2.0685334,0.16374169290065765,0.939393937587738,0.4919314384460449
YML011C,YDR430C,0,2.0673285,0.16371379792690277,0.939393937587738,0.49203166365623474
YGR099W,YJR042W,0,2.0672808,0.16368591785430908,0.939393937587738,0.49213188886642456
YKL110C,YOR130C,0,2.0672607,0.1636580377817154,0.939393937587738,0.49223214387893677
YCL038C,YGL064C,0,2.0661054,0.1636301726102829,0.939393937587738,0.4923323690891266
YFR030W,YGR208W,0,2.0659637,0.1636023223400116,0.939393937587738,0.4924325942993164
YKL209C,YOR236W,0,2.0659294,0.1635744720697403,0.939393937587738,0.4925328195095062
YDR163W,YGL039W,0,2.0648196,0.1635466367006302,0.939393937587738,0.49263304471969604
YOR205C,YDR088C,0,2.0641239,0.16351880133152008,0.939393937587738,0.49273329973220825
YMR012W,YOR076C,0,2.0640419,0.16349098086357117,0.939393937587738,0.49283352494239807
YJR152W,YCR092C,0,2.063615,0.16346317529678345,0.939393937587738,0.4929337501525879
YPL108W,YHL017W,0,2.0635686,0.16343536972999573,0.939393937587738,0.4930339753627777
YMR038C,YPL092W,1,2.0622416,0.1635776162147522,0.9403714537620544,0.4930339753627777
YCR077C,YLR324W,0,2.0620072,0.16354981064796448,0.9403714537620544,0.49313420057296753
YPR034W,YJL094C,0,2.0613892,0.16352201998233795,0.9403714537620544,0.49323442578315735
YHR079C-A,YJL139C,0,2.0609214,0.16349421441555023,0.9403714537620544,0.49333468079566956
YDR320C-A,YKR029C,0,2.0608747,0.1634664386510849,0.9403714537620544,0.4934349060058594
YHR191C,YGL033W,0,2.059842,0.16343866288661957,0.9403714537620544,0.4935351312160492
YGL124C,YPL239W,0,2.0587385,0.16341090202331543,0.9403714537620544,0.493635356426239
YIL148W,YPL033C,0,2.0586832,0.16338315606117249,0.9403714537620544,0.49373558163642883
YPL253C,YNR012W,0,2.0584683,0.16335541009902954,0.9403714537620544,0.49383583664894104
YGR122W,YIL156W,0,2.0581033,0.1633276790380478,0.9403714537620544,0.49393606185913086
YBR044C,YIL107C,0,2.0570416,0.16329994797706604,0.9403714537620544,0.4940362870693207
YOR240W,YPL173W,0,2.0561707,0.16327223181724548,0.9403714537620544,0.4941365122795105
YFR032C-A,YPR186C,0,2.0554056,0.16324453055858612,0.9403714537620544,0.4942367374897003
YBR233W-A,YLR128W,0,2.0552604,0.16321682929992676,0.9403714537620544,0.49433696269989014
YBR233W-A,YMR305C,0,2.0542145,0.1631891429424286,0.9403714537620544,0.49443721771240234
YLR158C,YHR076W,0,2.0539577,0.1631614714860916,0.9403714537620544,0.49453744292259216
YPR121W,YDL104C,0,2.0530365,0.16313380002975464,0.9403714537620544,0.494637668132782
YHR002W,YDL100C,1,2.0524046,0.16327568888664246,0.9413489699363708,0.494637668132782
YLR373C,YPR156C,0,2.0521426,0.1632480025291443,0.9413489699363708,0.4947378933429718
YOR336W,YIL103W,0,2.0512419,0.1632203459739685,0.9413489699363708,0.4948381185531616
YML088W,YJL207C,0,2.0502849,0.16319267451763153,0.9413489699363708,0.49493834376335144
YOR236W,YPL100W,0,2.048976,0.16316503286361694,0.9413489699363708,0.49503859877586365
YKL114C,YDR273W,0,2.047413,0.16313739120960236,0.9413489699363708,0.49513882398605347
YDR020C,YOR396W,0,2.0472562,0.16310974955558777,0.9413489699363708,0.4952390491962433
YHR134W,YDR292C,0,2.0457013,0.16308213770389557,0.9413489699363708,0.4953392744064331
YGL044C,YHL035C,0,2.0449433,0.16305452585220337,0.9413489699363708,0.4954394996166229
YPR148C,YOR269W,0,2.0442734,0.16302691400051117,0.9413489699363708,0.49553975462913513
YPR058W,YIL103W,0,2.044231,0.16299931704998016,0.9413489699363708,0.49563997983932495
YBR233W-A,YDR160W,0,2.0421095,0.16297173500061035,0.9413489699363708,0.49574020504951477
YPR023C,YJL045W,0,2.0414813,0.16294416785240173,0.9413489699363708,0.4958404302597046
YCL066W,YBR203W,0,2.0404177,0.16291660070419312,0.9413489699363708,0.4959406554698944
YDR103W,YMR290C,0,2.040362,0.1628890335559845,0.9413489699363708,0.49604088068008423
YAL025C,YCR027C,0,2.038946,0.16286149621009827,0.9413489699363708,0.49614113569259644
YOL095C,YML010W,0,2.0387168,0.16283395886421204,0.9413489699363708,0.49624136090278625
YKL107W,YLR039C,0,2.0386732,0.1628064215183258,0.9413489699363708,0.4963415861129761
YLR096W,YIL015W,0,2.0381086,0.16277889907360077,0.9413489699363708,0.4964418113231659
YJR090C,YDR086C,0,2.037996,0.16275139153003693,0.9413489699363708,0.4965420365333557
YMR184W,YOR175C,0,2.0371068,0.16272389888763428,0.9413489699363708,0.4966422915458679
YGR094W,YEL015W,0,2.0370724,0.16269640624523163,0.9413489699363708,0.49674251675605774
YNL210W,YIL157C,0,2.0368588,0.16266891360282898,0.9413489699363708,0.49684274196624756
YDR402C,YDR238C,0,2.0359657,0.16264145076274872,0.9413489699363708,0.4969429671764374
YCR088W,YBL056W,0,2.0354295,0.16261398792266846,0.9413489699363708,0.4970431923866272
YPL224C,YBR127C,1,2.0349057,0.1627553552389145,0.9423264861106873,0.4970431923866272
YEL009C,YJL045W,0,2.034775,0.16272789239883423,0.9423264861106873,0.497143417596817
YJL093C,YHR002W,1,2.0339344,0.16286920011043549,0.9433040022850037,0.497143417596817
YKL157W,YDR291W,0,2.0314863,0.16284170746803284,0.9433040022850037,0.4972436726093292
YGL017W,YMR293C,0,2.0313828,0.16281424462795258,0.9433040022850037,0.49734389781951904
YOR344C,YDL006W,0,2.0308843,0.16278678178787231,0.9433040022850037,0.49744412302970886
YDL143W,YNL167C,0,2.029579,0.16275931894779205,0.9433040022850037,0.4975443482398987
YOL072W,YCR054C,0,2.0295422,0.16273187100887299,0.9433040022850037,0.4976445734500885
YMR188C,YML033W,0,2.029435,0.1627044379711151,0.9433040022850037,0.4977447986602783
YKL137W,YPL190C,0,2.029148,0.16267700493335724,0.9433040022850037,0.4978450536727905
YGR272C,YPL155C,0,2.0290036,0.16264958679676056,0.9433040022850037,0.49794527888298035
YDR248C,YLL011W,0,2.0280542,0.16262218356132507,0.9433040022850037,0.49804550409317017
YLR319C,YOL126C,0,2.0273018,0.1625947803258896,0.9433040022850037,0.49814572930336
YDR500C,YDR166C,0,2.0269847,0.1625673919916153,0.9433040022850037,0.4982459545135498
YJR009C,YML129C,0,2.0267513,0.162540003657341,0.9433040022850037,0.498346209526062
YPL235W,YGL249W,0,2.026537,0.1625126302242279,0.9433040022850037,0.49844643473625183
YLR408C,YKL145W,0,2.0261383,0.162485271692276,0.9433040022850037,0.49854665994644165
YCL026C-A,YER018C,0,2.025883,0.1624579131603241,0.9433040022850037,0.49864688515663147
YKL012W,YPL036W,0,2.025666,0.1624305695295334,0.9433040022850037,0.4987471103668213
YHL050C,YDR071C,0,2.02519,0.16240322589874268,0.9433040022850037,0.4988473355770111
YNL265C,YHR035W,0,2.0235097,0.16237589716911316,0.9433040022850037,0.4989475905895233
YLR333C,YDL100C,0,2.021785,0.16234858334064484,0.9433040022850037,0.49904781579971313
YGL125W,YFL011W,0,2.0212557,0.1623212844133377,0.9433040022850037,0.49914804100990295
YDR009W,YNL024C,0,2.0204935,0.16229398548603058,0.9433040022850037,0.4992482662200928
YKL006C-A,YAL028W,0,2.0176828,0.16226668655872345,0.9433040022850037,0.4993484914302826
YLR427W,YNL046W,0,2.0176468,0.16223940253257751,0.9433040022850037,0.4994487464427948
YDR376W,YPR094W,0,2.015397,0.16221213340759277,0.9433040022850037,0.4995489716529846
YDR382W,YLR319C,0,2.0138867,0.16218487918376923,0.9433040022850037,0.49964919686317444
YMR043W,YCL030C,0,2.013589,0.16215762495994568,0.9433040022850037,0.49974942207336426
YBR083W,YPR079W,0,2.0133884,0.16213037073612213,0.9433040022850037,0.4998496472835541
YDR264C,YHR032W,0,2.013106,0.16210314631462097,0.9433040022850037,0.4999498724937439
YML047C,YGR106C,0,2.012613,0.1620759218931198,0.9433040022850037,0.5000501275062561
YCR042C,YOR246C,0,2.012042,0.16204869747161865,0.9433040022850037,0.5001503229141235
YOR017W,YMR128W,0,2.009848,0.1620214879512787,0.9433040022850037,0.5002505779266357
YML076C,YHR089C,0,2.008262,0.16199429333209991,0.9433040022850037,0.500350832939148
YPL123C,YML077W,0,2.0080159,0.16196709871292114,0.9433040022850037,0.5004510283470154
YPL195W,YHR026W,0,2.0072904,0.16193991899490356,0.9433040022850037,0.5005512833595276
YMR006C,YHR091C,0,2.0056958,0.16191275417804718,0.9433040022850037,0.500651478767395
YAL034W-A,YJR054W,0,2.0044346,0.1618855893611908,0.9433040022850037,0.5007517337799072
YGL253W,YGL023C,0,2.0040708,0.1618584394454956,0.9433040022850037,0.5008519887924194
YGL134W,YLR388W,0,2.003118,0.16183128952980042,0.9433040022850037,0.5009521842002869
YER094C,YEL021W,0,2.0028121,0.16180415451526642,0.9433040022850037,0.5010524392127991
YKL134C,YLR369W,0,2.0004604,0.16177703440189362,0.9433040022850037,0.5011526346206665
YCL069W,YPL202C,0,2.0002472,0.1617499142885208,0.9433040022850037,0.5012528896331787
YGR054W,YDR027C,0,1.9998946,0.1617228090763092,0.9433040022850037,0.5013530850410461
YNL106C,YGL084C,0,1.9996216,0.1616957038640976,0.9433040022850037,0.5014533400535583
YOL144W,YFL049W,0,1.9993247,0.16166862845420837,0.9433040022850037,0.5015535950660706
YOR030W,YCR068W,0,1.9990801,0.16164153814315796,0.9433040022850037,0.501653790473938
YMR042W,YOR359W,0,1.9984934,0.16161446273326874,0.9433040022850037,0.5017540454864502
YER108C,YMR058W,0,1.9984913,0.1615874022245407,0.9433040022850037,0.5018542408943176
YGR094W,YGL185C,0,1.998308,0.16156035661697388,0.9433040022850037,0.5019544959068298
YOR381W,YOR291W,1,1.997608,0.16170069575309753,0.9442815184593201,0.5019544959068298
YKL064W,YDR205W,1,1.9975035,0.1618410050868988,0.9452590346336365,0.5019544959068298
YJR033C,YHR152W,0,1.9939294,0.16181392967700958,0.9452590346336365,0.502054750919342
YBR100W,YCR036W,0,1.9931531,0.16178685426712036,0.9452590346336365,0.5021549463272095
YFR008W,YCL019W,0,1.9929361,0.16175977885723114,0.9452590346336365,0.5022552013397217
YJL101C,YGL160W,0,1.9922225,0.1617327332496643,0.9452590346336365,0.5023553967475891
YBR212W,YMR016C,0,1.9913554,0.16170568764209747,0.9452590346336365,0.5024556517601013
YER157W,YKL188C,0,1.990416,0.16167864203453064,0.9452590346336365,0.5025559067726135
YCR067C,YLR265C,0,1.9889781,0.1616516262292862,0.9452590346336365,0.502656102180481
YLR448W,YOR060C,0,1.9887807,0.16162461042404175,0.9452590346336365,0.5027563571929932
YJL098W,YBL066C,0,1.9884148,0.1615975946187973,0.9452590346336365,0.5028565526008606
YNL265C,YML125C,0,1.9858311,0.16157059371471405,0.9452590346336365,0.5029568076133728
YBR176W,YDL188C,0,1.9855223,0.161543607711792,0.9452590346336365,0.5030570030212402
YKL160W,YPL043W,0,1.984873,0.16151662170886993,0.9452590346336365,0.5031572580337524
YOR118W,YGL033W,0,1.9843841,0.16148965060710907,0.9452590346336365,0.5032575130462646
YNL199C,YNL294C,0,1.9840156,0.1614626795053482,0.9452590346336365,0.5033577084541321
YLR256W,YDR384C,0,1.9838281,0.16143572330474854,0.9452590346336365,0.5034579634666443
YOR128C,YDL235C,0,1.9827335,0.16140878200531006,0.9452590346336365,0.5035581588745117
YER109C,YAL048C,0,1.9824829,0.16138184070587158,0.9452590346336365,0.5036584138870239
YGR024C,YOR065W,0,1.9819629,0.1613549143075943,0.9452590346336365,0.5037586688995361
YDL031W,YPR034W,0,1.9817202,0.16132798790931702,0.9452590346336365,0.5038588643074036
YDR436W,YMR165C,0,1.9814446,0.16130109131336212,0.9452590346336365,0.5039591193199158
YOR278W,YCR037C,0,1.9811718,0.16127417981624603,0.9452590346336365,0.5040593147277832
YBR100W,YBR288C,0,1.9788225,0.16124728322029114,0.9452590346336365,0.5041595697402954
YOR167C,YGR097W,0,1.9768088,0.16122040152549744,0.9452590346336365,0.5042598247528076
YFL034C-A,YJL180C,0,1.9767528,0.16119353473186493,0.9452590346336365,0.504360020160675
YCL054W,YLR095C,0,1.9767511,0.16116666793823242,0.9452590346336365,0.5044602751731873
YER068W,YLR247C,0,1.9763087,0.1611398160457611,0.9452590346336365,0.5045604705810547
YLR174W,YHR062C,0,1.9758925,0.1611129641532898,0.9452590346336365,0.5046607255935669
YGL246C,YOR240W,0,1.9755139,0.16108612716197968,0.9452590346336365,0.5047609210014343
YIL072W,YML101C,0,1.9752655,0.16105929017066956,0.9452590346336365,0.5048611760139465
YNL243W,YDR104C,0,1.9750612,0.16103246808052063,0.9452590346336365,0.5049614310264587
YOR090C,YGR133W,0,1.9748846,0.1610056608915329,0.9452590346336365,0.5050616264343262
YGL145W,YMR262W,0,1.9746623,0.16097885370254517,0.9452590346336365,0.5051618814468384
YOR079C,YNR063W,0,1.9742944,0.16095206141471863,0.9452590346336365,0.5052620768547058
YLR448W,YJR135W-A,0,1.9736439,0.16092528402805328,0.9452590346336365,0.505362331867218
YCL038C,YGR253C,0,1.9710647,0.16089850664138794,0.9452590346336365,0.5054625868797302
YLR092W,YMR054W,1,1.9707472,0.1610381007194519,0.9462365508079529,0.5054625868797302
YLR210W,YML033W,0,1.9706451,0.16101130843162537,0.9462365508079529,0.5055627822875977
YEL020C,YDL127W,0,1.9705597,0.16098453104496002,0.9462365508079529,0.5056630373001099
YOR303W,YGL058W,0,1.9701414,0.16095776855945587,0.9462365508079529,0.5057632327079773
YDL051W,YNR033W,0,1.9693183,0.16093100607395172,0.9462365508079529,0.5058634877204895
YFR037C,YLR430W,0,1.9690804,0.16090425848960876,0.9462365508079529,0.5059637427330017
YKR037C,YMR256C,0,1.9686925,0.1608775109052658,0.9462365508079529,0.5060639381408691
YCR047C,YNL287W,0,1.9658504,0.16085077822208405,0.9462365508079529,0.5061641931533813
YKR058W,YGL229C,0,1.9658207,0.16082406044006348,0.9462365508079529,0.5062643885612488
YCR091W,YCR009C,0,1.9649029,0.1607973426580429,0.9462365508079529,0.506364643573761
YLR207W,YML078W,0,1.9635485,0.16077063977718353,0.9462365508079529,0.5064648985862732
YLR131C,YOR033C,0,1.962546,0.16074393689632416,0.9462365508079529,0.5065650939941406
YBR233W-A,YML067C,0,1.9620306,0.16071724891662598,0.9462365508079529,0.5066653490066528
YHR184W,YMR225C,0,1.9617119,0.160690575838089,0.9462365508079529,0.5067655444145203
YGR086C,YLR373C,0,1.9617054,0.160663902759552,0.9462365508079529,0.5068657994270325
YJL036W,YGR206W,0,1.9598706,0.1606372445821762,0.9462365508079529,0.5069659948348999
YIL006W,YOR273C,1,1.9593418,0.1607765108346939,0.9472140669822693,0.5069659948348999
YER147C,YIL105C,0,1.9592543,0.16074983775615692,0.9472140669822693,0.5070662498474121
YBR233W-A,YHR206W,0,1.9590175,0.16072316467761993,0.9472140669822693,0.5071665048599243
YBR216C,YFR037C,0,1.958673,0.16069652140140533,0.9472140669822693,0.5072667002677917
YDR328C,YLR367W,0,1.957833,0.16066987812519073,0.9472140669822693,0.507366955280304
YDR047W,YNL321W,0,1.957693,0.16064323484897614,0.9472140669822693,0.5074671506881714
YJL021C,YMR199W,0,1.9576082,0.16061660647392273,0.9472140669822693,0.5075674057006836
YIL130W,YDL194W,0,1.9573479,0.16058999300003052,0.9472140669822693,0.5076676607131958
YHR201C,YDR079C-A,0,1.9571795,0.1605633795261383,0.9472140669822693,0.5077678561210632
YMR088C,YLR212C,0,1.9562677,0.1605367809534073,0.9472140669822693,0.5078681111335754
YOR075W,YGL002W,0,1.955747,0.16051018238067627,0.9472140669822693,0.5079683065414429
YBR186W,YLR044C,0,1.9543562,0.16048359870910645,0.9472140669822693,0.5080685615539551
YOR251C,YDR270W,1,1.9499294,0.16062262654304504,0.9481915831565857,0.5080685615539551
YPL009C,YNL339C,0,1.9496614,0.16059602797031403,0.9481915831565857,0.5081688165664673
YMR188C,YGR170W,0,1.9493108,0.1605694442987442,0.9481915831565857,0.5082690119743347
YPL043W,YCL019W,0,1.9488392,0.16054286062717438,0.9481915831565857,0.5083692669868469
YLR423C,YDR349C,0,1.9485482,0.16051630675792694,0.9481915831565857,0.5084694623947144
YCR053W,YJR109C,0,1.9484924,0.1604897379875183,0.9481915831565857,0.5085697174072266
YEL026W,YJL209W,0,1.9474162,0.16046319901943207,0.9481915831565857,0.508669912815094
YBL022C,YDR463W,0,1.9470611,0.16043664515018463,0.9481915831565857,0.5087701678276062
YLR027C,YOL034W,0,1.9469545,0.16041012108325958,0.9481915831565857,0.5088704228401184
YJR040W,YOL020W,1,1.946759,0.16054894030094147,0.9491690993309021,0.5088704228401184
YPL172C,YER127W,0,1.9465821,0.16052240133285522,0.9491690993309021,0.5089706182479858
YCR073C,YGL070C,0,1.9446638,0.16049586236476898,0.9491690993309021,0.509070873260498
YMR184W,YDL143W,0,1.944232,0.16046933829784393,0.9491690993309021,0.5091710686683655
YKL034W,YKR072C,0,1.9436119,0.16044282913208008,0.9491690993309021,0.5092713236808777
YDR520C,YBR105C,0,1.9432554,0.16041631996631622,0.9491690993309021,0.5093715786933899
YIR012W,YBL071W-A,0,1.9425207,0.16038982570171356,0.9491690993309021,0.5094717741012573
YLL050C,YGR207C,0,1.9419773,0.1603633314371109,0.9491690993309021,0.5095720291137695
YOR128C,YOR236W,0,1.9417045,0.16033685207366943,0.9491690993309021,0.509672224521637
YCL066W,YMR083W,0,1.9416112,0.16031038761138916,0.9491690993309021,0.5097724795341492
YLR081W,YOR076C,0,1.9412487,0.1602839231491089,0.9491690993309021,0.5098727345466614
YJL181W,YNR030W,0,1.9407022,0.1602574735879898,0.9491690993309021,0.5099729299545288
YHR157W,YOR258W,0,1.9404852,0.16023102402687073,0.9491690993309021,0.510073184967041
YOL071W,YDL156W,0,1.9380896,0.16020458936691284,0.9491690993309021,0.5101733803749084
YGR170W,YNL257C,0,1.9367762,0.16017815470695496,0.9491690993309021,0.5102736353874207
YER007W,YLR032W,0,1.9356478,0.16015173494815826,0.9491690993309021,0.5103738307952881
YDR122W,YML098W,0,1.9351442,0.16012533009052277,0.9491690993309021,0.5104740858078003
YOR066W,YNR054C,0,1.9345446,0.16009892523288727,0.9491690993309021,0.5105743408203125
YGL044C,YCR063W,0,1.933785,0.16007253527641296,0.9491690993309021,0.5106745362281799
YDR044W,YJL154C,0,1.9336238,0.16004614531993866,0.9491690993309021,0.5107747912406921
YJR126C,YPL053C,0,1.9333308,0.16001977026462555,0.9491690993309021,0.5108749866485596
YGR009C,YDR385W,0,1.9326403,0.15999341011047363,0.9491690993309021,0.5109752416610718
YOR250C,YFR037C,0,1.9326206,0.15996704995632172,0.9491690993309021,0.511075496673584
YDR320C-A,YHR120W,0,1.9321513,0.159940704703331,0.9491690993309021,0.5111756920814514
YLR385C,YNL176C,0,1.9321356,0.15991435945034027,0.9491690993309021,0.5112759470939636
YBR153W,YIL130W,0,1.9319544,0.15988802909851074,0.9491690993309021,0.511376142501831
YKL164C,YDR465C,0,1.931247,0.1598616987466812,0.9491690993309021,0.5114763975143433
YDR528W,YER153C,0,1.9311299,0.15983539819717407,0.9491690993309021,0.5115766525268555
YOL128C,YMR281W,0,1.9306227,0.15980908274650574,0.9491690993309021,0.5116768479347229
YPR021C,YLL027W,1,1.9302512,0.15994733572006226,0.9501466155052185,0.5116768479347229
YHR021C,YOL059W,0,1.9301045,0.15992102026939392,0.9501466155052185,0.5117771029472351
YDR105C,YDR162C,0,1.930078,0.15989471971988678,0.9501466155052185,0.5118772983551025
YKR022C,YOR196C,0,1.9297273,0.15986841917037964,0.9501466155052185,0.5119775533676147
YDR129C,YKL092C,0,1.9296303,0.1598421335220337,0.9501466155052185,0.512077808380127
YDR214W,YOR171C,0,1.9283564,0.15981584787368774,0.9501466155052185,0.5121780037879944
YPL161C,YGR087C,0,1.9282817,0.159789577126503,0.9501466155052185,0.5122782588005066
YPL230W,YCL031C,0,1.9281204,0.15976330637931824,0.9501466155052185,0.512378454208374
YCL026C-A,YJR135W-A,0,1.9269352,0.15973706543445587,0.9501466155052185,0.5124787092208862
YOL152W,YGR207C,0,1.925017,0.1597108095884323,0.9501466155052185,0.5125789046287537
YOR250C,YCR053W,0,1.9245179,0.15968456864356995,0.9501466155052185,0.5126791596412659
YDR155C,YER011W,0,1.9243708,0.15965834259986877,0.9501466155052185,0.5127794146537781
YGL257C,YMR231W,0,1.9243383,0.1596321165561676,0.9501466155052185,0.5128796100616455
YDR188W,YGL166W,0,1.9236267,0.15960590541362762,0.9501466155052185,0.5129798650741577
YKR053C,YOR231W,0,1.9233596,0.15957970917224884,0.9501466155052185,0.5130800604820251
YIR006C,YOL072W,0,1.9232318,0.15955351293087006,0.9501466155052185,0.5131803154945374
YHR105W,YDL006W,0,1.92313,0.15952733159065247,0.9501466155052185,0.5132805705070496
YEL047C,YOR103C,0,1.9227123,0.15950115025043488,0.9501466155052185,0.513380765914917
YLL018C-A,YDR040C,1,1.9218705,0.15963904559612274,0.9511241316795349,0.513380765914917
YLR085C,YJL056C,0,1.9211999,0.15961286425590515,0.9511241316795349,0.5134810209274292
YCR039C,YCL010C,0,1.9211552,0.15958668291568756,0.9511241316795349,0.5135812163352966
YDL019C,YLR345W,0,1.9205174,0.15956051647663116,0.9511241316795349,0.5136814713478088
YBR235W,YLR170C,0,1.9201665,0.15953435003757477,0.9511241316795349,0.513781726360321
YIR008C,YPL179W,0,1.9197037,0.15950819849967957,0.9511241316795349,0.5138819217681885
YDR126W,YFL047W,0,1.9180013,0.15948204696178436,0.9511241316795349,0.5139821767807007
YIL172C,YER071C,0,1.9168856,0.15945591032505035,0.9511241316795349,0.5140823721885681
YOR109W,YGL226W,0,1.9164972,0.15942978858947754,0.9511241316795349,0.5141826272010803
YNR033W,YPR042C,0,1.9156016,0.15940366685390472,0.9511241316795349,0.5142828226089478
YCL075W,YLR119W,0,1.9151179,0.1593775600194931,0.9511241316795349,0.51438307762146
YBR295W,YGL107C,0,1.9150031,0.15935145318508148,0.9511241316795349,0.5144833326339722
YNL112W,YLR408C,0,1.9147019,0.15932536125183105,0.9511241316795349,0.5145835280418396
YGR078C,YGR287C,0,1.914571,0.15929928421974182,0.9511241316795349,0.5146837830543518
YML019W,YHR205W,0,1.9144593,0.1592732071876526,0.9511241316795349,0.5147839784622192
YPR148C,YER159C,0,1.9139612,0.15924713015556335,0.9511241316795349,0.5148842334747314
YHR044C,YBR034C,0,1.9130882,0.1592210829257965,0.9511241316795349,0.5149844884872437
YBR119W,YOL096C,0,1.9129839,0.15919502079486847,0.9511241316795349,0.5150846838951111
YKL140W,YHR080C,0,1.9129206,0.15916898846626282,0.9511241316795349,0.5151849389076233
YJL026W,YGR017W,0,1.9125874,0.15914295613765717,0.9511241316795349,0.5152851343154907
YNL240C,YDR500C,0,1.9121859,0.1591169238090515,0.9511241316795349,0.5153853893280029
YLR037C,YDL079C,0,1.911917,0.15909090638160706,0.9511241316795349,0.5154856443405151
YLR052W,YGR211W,0,1.9110167,0.1590649038553238,0.9511241316795349,0.5155858397483826
YHR165C,YCR028C-A,0,1.9100128,0.15903890132904053,0.9511241316795349,0.5156860947608948
YLR459W,YPR052C,0,1.9097743,0.15901291370391846,0.9511241316795349,0.5157862901687622
YCR024C,YLR102C,0,1.9076095,0.1589869260787964,0.9511241316795349,0.5158865451812744
YGR207C,YOL094C,0,1.9075029,0.1589609533548355,0.9511241316795349,0.5159867405891418
YHR117W,YPR046W,0,1.9072542,0.15893499553203583,0.9511241316795349,0.516086995601654
YGR205W,YIL018W,0,1.9069726,0.15890903770923615,0.9511241316795349,0.5161872506141663
YOL119C,YHR172W,0,1.9055879,0.15888307988643646,0.9511241316795349,0.5162874460220337
YDR009W,YJL207C,0,1.905585,0.15885713696479797,0.9511241316795349,0.5163877010345459
YMR042W,YPR164W,0,1.9055376,0.15883120894432068,0.9511241316795349,0.5164878964424133
YLR055C,YPL283C,0,1.9048246,0.15880528092384338,0.9511241316795349,0.5165881514549255
YGR198W,YGR068C,0,1.9045243,0.15877936780452728,0.9511241316795349,0.5166884064674377
YGR157W,YLR414C,0,1.9005301,0.15875346958637238,0.9511241316795349,0.5167886018753052
YLR343W,YDL065C,0,1.898006,0.15872757136821747,0.9511241316795349,0.5168888568878174
YPL179W,YOR359W,0,1.8977981,0.15870167315006256,0.9511241316795349,0.5169890522956848
YNL181W,YOL094C,0,1.8966577,0.15867580473423004,0.9511241316795349,0.517089307308197
YNL173C,YGL194C,0,1.8964028,0.15864992141723633,0.9511241316795349,0.5171895623207092
YOR022C,YKR077W,0,1.8963563,0.158624067902565,0.9511241316795349,0.5172897577285767
YMR231W,YJL091C,0,1.895656,0.15859821438789368,0.9511241316795349,0.5173900127410889
YLR058C,YER056C,0,1.8935571,0.15857236087322235,0.9511241316795349,0.5174902081489563
YEL077C,YIL113W,0,1.8935372,0.15854652225971222,0.9511241316795349,0.5175904631614685
YBR121C,YKL046C,0,1.8933465,0.1585206836462021,0.9511241316795349,0.5176907181739807
YOL095C,YHL026C,0,1.8932378,0.15849487483501434,0.9511241316795349,0.5177909135818481
YJR007W,YKL167C,0,1.8930204,0.1584690511226654,0.9511241316795349,0.5178911685943604
YAL020C,YPR133C,0,1.8922464,0.15844325721263885,0.9511241316795349,0.5179913640022278
YNL186W,YOL030W,0,1.8916292,0.1584174484014511,0.9511241316795349,0.51809161901474
YOL127W,YCR024C,0,1.8904734,0.15839166939258575,0.9511241316795349,0.5181918144226074
YAL019W,YLL016W,0,1.8902841,0.1583658903837204,0.9511241316795349,0.5182920694351196
YBR009C,YCR068W,0,1.8896911,0.15834011137485504,0.9511241316795349,0.5183923244476318
YJL129C,YIL006W,1,1.8879638,0.1584770530462265,0.9521016478538513,0.5183923244476318
YKL034W,YHR035W,0,1.8879414,0.15845127403736115,0.9521016478538513,0.5184925198554993
YNL090W,YDR040C,0,1.8867497,0.15842550992965698,0.9521016478538513,0.5185927748680115
YDR238C,YEL044W,0,1.8859286,0.15839974582195282,0.9521016478538513,0.5186929702758789
YJL153C,YNL190W,0,1.8850439,0.15837398171424866,0.9521016478538513,0.5187932252883911
YDL099W,YJR135W-A,0,1.8849053,0.1583482325077057,0.9521016478538513,0.5188934803009033
YLR019W,YIL130W,0,1.8836709,0.1583224982023239,0.9521016478538513,0.5189936757087708
YNL289W,YIL109C,0,1.883435,0.15829676389694214,0.9521016478538513,0.519093930721283
YNL329C,YKL004W,0,1.88338,0.15827104449272156,0.9521016478538513,0.5191941261291504
YGR272C,YHR139C,0,1.8833072,0.15824532508850098,0.9521016478538513,0.5192943811416626
YNL259C,YDR377W,1,1.8831761,0.15838207304477692,0.9530791640281677,0.5192943811416626
YML040W,YPL183C,0,1.8828728,0.15835633873939514,0.9530791640281677,0.5193946361541748
YGL134W,YOR381W,0,1.8820652,0.15833063423633575,0.9530791640281677,0.5194948315620422
YJL021C,YPR036W,0,1.8819399,0.15830491483211517,0.9530791640281677,0.5195950865745544
YFR016C,YMR060C,0,1.8818831,0.15827922523021698,0.9530791640281677,0.5196952819824219
YKL120W,YPR041W,0,1.881557,0.1582535356283188,0.9530791640281677,0.5197955369949341
YGR001C,YJL221C,0,1.8812466,0.1582278460264206,0.9530791640281677,0.5198957324028015
YOL059W,YDL079C,0,1.8808894,0.1582021713256836,0.9530791640281677,0.5199959874153137
YDR096W,YGR037C,0,1.8805828,0.1581765115261078,0.9530791640281677,0.5200962424278259
YAL011W,YLR377C,0,1.8797629,0.15815085172653198,0.9530791640281677,0.5201964378356934
YLR229C,YDR393W,0,1.8797503,0.15812520682811737,0.9530791640281677,0.5202966928482056
YLR089C,YJL123C,0,1.8795842,0.15809956192970276,0.9530791640281677,0.520396888256073
YMR042W,YBL018C,0,1.8785268,0.15807393193244934,0.9530791640281677,0.5204971432685852
YCL019W,YIL156W,0,1.8762715,0.15804830193519592,0.9530791640281677,0.5205973982810974
YOL100W,YAL056W,0,1.8753841,0.1580226868391037,0.9530791640281677,0.5206975936889648
YNR053C,YDL180W,0,1.8752608,0.15799708664417267,0.9530791640281677,0.520797848701477
YER005W,YBL013W,0,1.8746932,0.15797148644924164,0.9530791640281677,0.5208980441093445
YCL050C,YJL196C,0,1.8731976,0.1579458862543106,0.9530791640281677,0.5209982991218567
YLR258W,YOL039W,0,1.8721408,0.15792031586170197,0.9530791640281677,0.5210985541343689
YPL203W,YLR109W,0,1.8712175,0.15789473056793213,0.9530791640281677,0.5211987495422363
YCR020W-B,YNL305C,0,1.8710033,0.15786917507648468,0.9530791640281677,0.5212990045547485
YHL002W,YOL041C,0,1.8705231,0.15784361958503723,0.9530791640281677,0.521399199962616
YER140W,YGR003W,0,1.8703575,0.15781806409358978,0.9530791640281677,0.5214994549751282
YOR375C,YOR178C,0,1.8683689,0.15779252350330353,0.9530791640281677,0.5215996503829956
YKL160W,YPR010C,0,1.8683648,0.15776698291301727,0.9530791640281677,0.5216999053955078
YHR064C,YPL181W,0,1.8683027,0.1577414721250534,0.9530791640281677,0.52180016040802
YDR464W,YDR317W,0,1.8672662,0.15771594643592834,0.9530791640281677,0.5219003558158875
YGR279C,YDL012C,0,1.86613,0.15769043564796448,0.9530791640281677,0.5220006108283997
YML061C,YMR152W,0,1.8650911,0.1576649397611618,0.9530791640281677,0.5221008062362671
YOL157C,YLR435W,0,1.8648081,0.15763944387435913,0.9530791640281677,0.5222010612487793
YDR147W,YPR114W,0,1.8643987,0.15761396288871765,0.9530791640281677,0.5223013162612915
YML104C,YBR041W,0,1.8643258,0.15758849680423737,0.9530791640281677,0.5224015116691589
YBR169C,YIL043C,0,1.8639896,0.15756303071975708,0.9530791640281677,0.5225017666816711
YLR381W,YNL305C,0,1.8632075,0.1575375646352768,0.9530791640281677,0.5226019620895386
YNL321W,YER020W,0,1.8630466,0.1575121134519577,0.9530791640281677,0.5227022171020508
YGR217W,YHR114W,0,1.8628285,0.1574866771697998,0.9530791640281677,0.522802472114563
YDR139C,YMR285C,0,1.8607124,0.1574612408876419,0.9530791640281677,0.5229026675224304
YIR019C,YDR239C,0,1.8606082,0.1574358195066452,0.9530791640281677,0.5230029225349426
YPL181W,YJR135W-A,0,1.8603418,0.1574103981256485,0.9530791640281677,0.5231031179428101
YML015C,YKR064W,0,1.8601727,0.157384991645813,0.9530791640281677,0.5232033729553223
YBL067C,YPR023C,0,1.8580623,0.15735958516597748,0.9530791640281677,0.5233036279678345
YGR272C,YIL049W,0,1.8574036,0.15733419358730316,0.9530791640281677,0.5234038233757019
YAL019W,YMR045C,0,1.8572848,0.15730880200862885,0.9530791640281677,0.5235040783882141
YER161C,YBR069C,0,1.8561883,0.15728344023227692,0.9530791640281677,0.5236042737960815
YDR147W,YNR043W,0,1.8556926,0.1572580635547638,0.9530791640281677,0.5237045288085938
YPR065W,YHR184W,0,1.8555105,0.15723270177841187,0.9530791640281677,0.5238047242164612
YPR009W,YOL060C,0,1.8552942,0.15720735490322113,0.9530791640281677,0.5239049792289734
YOR063W,YDR388W,0,1.8549397,0.1571820080280304,0.9530791640281677,0.5240052342414856
YLR320W,YMR286W,0,1.8541958,0.15715667605400085,0.9530791640281677,0.524105429649353
YGR148C,YMR286W,0,1.8538997,0.1571313440799713,0.9530791640281677,0.5242056846618652
YML015C,YJL048C,0,1.8533578,0.15710602700710297,0.9530791640281677,0.5243058800697327
YFL034C-B,YOR076C,0,1.852829,0.15708070993423462,0.9530791640281677,0.5244061350822449
YKL176C,YDR141C,0,1.852793,0.15705540776252747,0.9530791640281677,0.5245063900947571
YDR488C,YJR013W,0,1.8524005,0.1570301204919815,0.9530791640281677,0.5246065855026245
YGL104C,YBL037W,0,1.8521136,0.15700483322143555,0.9530791640281677,0.5247068405151367
YDR169C,YPL012W,0,1.8515414,0.1569795459508896,0.9530791640281677,0.5248070359230042
YDR359C,YJL108C,0,1.8514812,0.15695428848266602,0.9530791640281677,0.5249072909355164
YKL150W,YGL128C,0,1.8503727,0.15692901611328125,0.9530791640281677,0.5250075459480286
YCL033C,YJL219W,0,1.8502963,0.15690375864505768,0.9530791640281677,0.525107741355896
YAL014C,YMR190C,0,1.8500798,0.1568785160779953,0.9530791640281677,0.5252079963684082
YDL239C,YOR110W,0,1.8500668,0.15685328841209412,0.9530791640281677,0.5253081917762756
YNL145W,YDR362C,0,1.8497856,0.15682804584503174,0.9530791640281677,0.5254084467887878
YPR018W,YOL089C,0,1.849711,0.15680283308029175,0.9530791640281677,0.5255086421966553
YHR134W,YLR066W,0,1.8489225,0.15677762031555176,0.9530791640281677,0.5256088972091675
YML100W,YBL080C,0,1.8486493,0.15675240755081177,0.9530791640281677,0.5257091522216797
YHR028C,YLR298C,0,1.8467569,0.15672720968723297,0.9530791640281677,0.5258093476295471
YMR274C,YHR046C,0,1.8465078,0.15670202672481537,0.9530791640281677,0.5259096026420593
YOR182C,YLR226W,0,1.8459399,0.15667684376239777,0.9530791640281677,0.5260097980499268
YPL141C,YGR296W,0,1.8456299,0.15665167570114136,0.9530791640281677,0.526110053062439
YFR038W,YAL051W,0,1.8455514,0.15662650763988495,0.9530791640281677,0.5262103080749512
YOL122C,YPL124W,0,1.8445369,0.15660135447978973,0.9530791640281677,0.5263105034828186
YGL124C,YML023C,0,1.8435192,0.15657620131969452,0.9530791640281677,0.5264107584953308
YBR014C,YIL156W,0,1.8434005,0.1565510630607605,0.9530791640281677,0.5265109539031982
YFL055W,YAL021C,0,1.840652,0.15652592480182648,0.9530791640281677,0.5266112089157104
YBR210W,YBR088C,0,1.8402963,0.15650080144405365,0.9530791640281677,0.5267114639282227
YMR050C,YCL031C,0,1.8397815,0.15647569298744202,0.9530791640281677,0.5268116593360901
YNL115C,YDL044C,0,1.8393574,0.15645058453083038,0.9530791640281677,0.5269119143486023
YNR027W,YBL100W-A,0,1.8387707,0.15642547607421875,0.9530791640281677,0.5270121097564697
YLR274W,YGR158C,0,1.836972,0.1564003825187683,0.9530791640281677,0.5271123647689819
YBR186W,YDR147W,0,1.836715,0.15637530386447906,0.9530791640281677,0.5272125601768494
YPR121W,YMR161W,0,1.835988,0.15635022521018982,0.9530791640281677,0.5273128151893616
YPL028W,YNL321W,0,1.8358259,0.15632516145706177,0.9530791640281677,0.5274130702018738
YHR143W,YPL269W,0,1.8348873,0.15630009770393372,0.9530791640281677,0.5275132656097412
YOL123W,YHR210C,0,1.8343322,0.15627504885196686,0.9530791640281677,0.5276135206222534
YNL093W,YPL212C,0,1.8339683,0.15625,0.9530791640281677,0.5277137160301208
YPL032C,YDR488C,0,1.8336339,0.15622496604919434,0.9530791640281677,0.5278139710426331
YMR023C,YHL013C,0,1.8295655,0.15619993209838867,0.9530791640281677,0.5279142260551453
YGR217W,YHR101C,0,1.8292665,0.1561749130487442,0.9530791640281677,0.5280144214630127
YMR034C,YPR128C,1,1.8290746,0.1563100516796112,0.9540566802024841,0.5280144214630127
YJL137C,YCL048W,0,1.8286426,0.15628503262996674,0.9540566802024841,0.5281146764755249
YCL048W,YJR153W,0,1.8285173,0.15626001358032227,0.9540566802024841,0.5282148718833923
YCL047C,YHR157W,0,1.8283607,0.1562349945306778,0.9540566802024841,0.5283151268959045
YDR227W,YJL094C,0,1.827533,0.15620999038219452,0.9540566802024841,0.5284153819084167
YER087C-A,YAL012W,0,1.8274362,0.15618498623371124,0.9540566802024841,0.5285155773162842
YDR528W,YBR272C,0,1.8274167,0.15615999698638916,0.9540566802024841,0.5286158323287964
YDR248C,YOR193W,0,1.8269756,0.15613502264022827,0.9540566802024841,0.5287160277366638
YMR223W,YBR289W,0,1.8266217,0.15611004829406738,0.9540566802024841,0.528816282749176
YKL065C,YHR088W,0,1.8264596,0.1560850739479065,0.9540566802024841,0.5289165377616882
YKL064W,YLL015W,1,1.8248248,0.15622001886367798,0.9550341963768005,0.5289165377616882
YDL104C,YLR260W,0,1.8235875,0.1561950445175171,0.9550341963768005,0.5290167331695557
YJL156C,YPL187W,0,1.8230991,0.1561700701713562,0.9550341963768005,0.5291169881820679
YKL181W,YDL044C,0,1.8227265,0.1561451107263565,0.9550341963768005,0.5292171835899353
YDR283C,YOR254C,0,1.8226073,0.156120166182518,0.9550341963768005,0.5293174386024475
YNL243W,YER099C,0,1.8223519,0.1560952216386795,0.9550341963768005,0.5294176340103149
YBL047C,YOR034C,0,1.8220687,0.1560702919960022,0.9550341963768005,0.5295178890228271
YOR211C,YOR320C,0,1.8217478,0.1560453623533249,0.9550341963768005,0.5296181440353394
YKL134C,YOR308C,0,1.8211913,0.15602044761180878,0.9550341963768005,0.5297183394432068
YER042W,YEL015W,0,1.820031,0.15599553287029266,0.9550341963768005,0.529818594455719
YDR329C,YJL073W,0,1.8185936,0.15597063302993774,0.9550341963768005,0.5299187898635864
YAL048C,YBL050W,0,1.8181723,0.15594573318958282,0.9550341963768005,0.5300190448760986
YDR153C,YOR005C,0,1.81781,0.1559208482503891,0.9550341963768005,0.5301192998886108
YDR054C,YJL062W-A,0,1.817498,0.15589596331119537,0.9550341963768005,0.5302194952964783
YHR105W,YOR174W,0,1.8164487,0.15587109327316284,0.9550341963768005,0.5303197503089905
YDR294C,YDL025C,0,1.8162336,0.1558462232351303,0.9550341963768005,0.5304199457168579
YJL157C,YNL038W,0,1.8160692,0.15582136809825897,0.9550341963768005,0.5305202007293701
YJR094W-A,YCL068C,0,1.8155713,0.15579652786254883,0.9550341963768005,0.5306204557418823
YDR293C,YDR399W,0,1.8155453,0.15577168762683868,0.9550341963768005,0.5307206511497498
YHR187W,YJR120W,0,1.8138609,0.15574684739112854,0.9550341963768005,0.530820906162262
YNL222W,YBL017C,0,1.8119749,0.1557220220565796,0.9550341963768005,0.5309211015701294
YPL138C,YLR037C,0,1.8118968,0.15569721162319183,0.9550341963768005,0.5310213565826416
YDL095W,YLR118C,0,1.8094233,0.15567240118980408,0.9550341963768005,0.531121551990509
YLR075W,YML102W,0,1.8093308,0.15564760565757751,0.9550341963768005,0.5312218070030212
YPL164C,YJR045C,0,1.8089197,0.15562281012535095,0.9550341963768005,0.5313220620155334
YMR040W,YML095C,0,1.8072057,0.15559802949428558,0.9550341963768005,0.5314222574234009
YOL032W,YIL114C,0,1.8064086,0.15557324886322021,0.9550341963768005,0.5315225124359131
YGR108W,YOR075W,0,1.806191,0.15554848313331604,0.9550341963768005,0.5316227078437805
YIR035C,YBR200W,0,1.8060511,0.15552371740341187,0.9550341963768005,0.5317229628562927
YOL128C,YPL006W,0,1.8053976,0.15549896657466888,0.9550341963768005,0.5318232178688049
YGR272C,YNR051C,0,1.805215,0.1554742157459259,0.9550341963768005,0.5319234132766724
YDR320C,YKL034W,0,1.8043811,0.15544947981834412,0.9550341963768005,0.5320236682891846
YDL159W,YPL220W,0,1.8043013,0.15542475879192352,0.9550341963768005,0.532123863697052
YMR290C,YJR058C,0,1.7987196,0.15540003776550293,0.9550341963768005,0.5322241187095642
YPR067W,YNL272C,0,1.7985685,0.15537531673908234,0.9550341963768005,0.5323243737220764
YPL030W,YKR029C,0,1.7961764,0.15535061061382294,0.9550341963768005,0.5324245691299438
YJL096W,YKL059C,0,1.7923942,0.15532591938972473,0.9550341963768005,0.532524824142456
YDL091C,YJL097W,0,1.791934,0.15530122816562653,0.9550341963768005,0.5326250195503235
YDR350C,YAL047C,0,1.7918211,0.15527653694152832,0.9550341963768005,0.5327252745628357
YDL194W,YNL129W,0,1.7914104,0.1552518606185913,0.9550341963768005,0.5328254699707031
YJL093C,YMR275C,0,1.79139,0.1552271991968155,0.9550341963768005,0.5329257249832153
YHR073W,YGR063C,0,1.7906858,0.15520253777503967,0.9550341963768005,0.5330259799957275
YLR225C,YBR043C,0,1.7906767,0.15517789125442505,0.9550341963768005,0.533126175403595
YPR143W,YGL198W,0,1.7906357,0.15515324473381042,0.9550341963768005,0.5332264304161072
YHR196W,YIL160C,0,1.7904387,0.155128613114357,0.9550341963768005,0.5333266258239746
YDL100C,YLR066W,0,1.79024,0.15510398149490356,0.9550341963768005,0.5334268808364868
YHR105W,YML043C,0,1.7890668,0.15507936477661133,0.9550341963768005,0.533527135848999
YOR262W,YAL042W,0,1.7882062,0.1550547480583191,0.9550341963768005,0.5336273312568665
YNL186W,YIL072W,0,1.7880046,0.15503014624118805,0.9550341963768005,0.5337275862693787
YHR088W,YCL039W,0,1.7868178,0.1550055593252182,0.9550341963768005,0.5338277816772461
YOL144W,YML101C,0,1.7860458,0.15498095750808716,0.9550341963768005,0.5339280366897583
YCR105W,YOR242C,0,1.785872,0.1549563854932785,0.9550341963768005,0.5340282917022705
YOR362C,YIL114C,0,1.7854218,0.15493181347846985,0.9550341963768005,0.5341284871101379
YMR068W,YDL132W,0,1.7843608,0.1549072414636612,0.9550341963768005,0.5342287421226501
YGR088W,YLL057C,0,1.7822049,0.15488268435001373,0.9550341963768005,0.5343289375305176
YOR191W,YNR020C,0,1.7819319,0.15485814213752747,0.9550341963768005,0.5344291925430298
YEL003W,YNR047W,0,1.780663,0.1548335999250412,0.9550341963768005,0.5345293879508972
YOR247W,YIL039W,0,1.780662,0.15480905771255493,0.9550341963768005,0.5346296429634094
YOR258W,YDL212W,0,1.7805749,0.15478453040122986,0.9550341963768005,0.5347298979759216
YDR097C,YOL152W,0,1.7775173,0.15476001799106598,0.9550341963768005,0.5348300933837891
YJL157C,YMR091C,0,1.7774713,0.1547355055809021,0.9550341963768005,0.5349303483963013
YNL299W,YBL016W,0,1.7774098,0.15471100807189941,0.9550341963768005,0.5350305438041687
YIL167W,YBL009W,0,1.7772391,0.15468651056289673,0.9550341963768005,0.5351307988166809
YHR201C,YGR234W,0,1.7771986,0.15466202795505524,0.9550341963768005,0.5352310538291931
YGL208W,YDL002C,0,1.77715,0.15463754534721375,0.9550341963768005,0.5353312492370605
YDL207W,YER075C,0,1.7755096,0.15461307764053345,0.9550341963768005,0.5354315042495728
YDR139C,YNL024C,0,1.7751062,0.15458860993385315,0.9550341963768005,0.5355316996574402
YIL064W,YLR081W,0,1.774898,0.15456415712833405,0.9550341963768005,0.5356319546699524
YFL009W,YOR086C,0,1.7740982,0.15453970432281494,0.9550341963768005,0.5357322096824646
YLR207W,YHR011W,0,1.7724345,0.15451526641845703,0.9550341963768005,0.535832405090332
YPR054W,YDR071C,0,1.7723643,0.15449082851409912,0.9550341963768005,0.5359326601028442
YAL020C,YNL289W,0,1.7717639,0.1544664055109024,0.9550341963768005,0.5360328555107117
YPL133C,YMR051C,0,1.7714533,0.1544419825077057,0.9550341963768005,0.5361331105232239
YMR030W,YNL135C,0,1.7712407,0.15441757440567017,0.9550341963768005,0.5362333655357361
YMR072W,YBR231C,0,1.7704868,0.15439316630363464,0.9550341963768005,0.5363335609436035
YDR014W,YHR092C,0,1.7701273,0.15436877310276031,0.9550341963768005,0.5364338159561157
YDL229W,YNL194C,0,1.7694681,0.15434439480304718,0.9550341963768005,0.5365340113639832
YOR198C,YIL156W,0,1.7689086,0.15432001650333405,0.9550341963768005,0.5366342663764954
YOR329C,YDR018C,0,1.768193,0.1542956382036209,0.9550341963768005,0.5367344617843628
YMR183C,YGR067C,0,1.7680123,0.15427127480506897,0.9550341963768005,0.536834716796875
YMR242C,YDR246W,0,1.7658787,0.15424692630767822,0.9550341963768005,0.5369349718093872
YLR310C,YDL191W,0,1.765785,0.15422257781028748,0.9550341963768005,0.5370351672172546
YGR217W,YLR276C,0,1.7656301,0.15419822931289673,0.9550341963768005,0.5371354222297668
YPR094W,YBL067C,0,1.7646842,0.15417389571666718,0.9550341963768005,0.5372356176376343
YJL156C,YHR006W,0,1.764654,0.15414957702159882,0.9550341963768005,0.5373358726501465
YMR023C,YER176W,0,1.7645508,0.15412525832653046,0.9550341963768005,0.5374361276626587
YOR368W,YGL020C,0,1.76419,0.1541009396314621,0.9550341963768005,0.5375363230705261
YHL007C,YOL092W,0,1.763335,0.15407665073871613,0.9550341963768005,0.5376365780830383
YCR008W,YGL207W,0,1.7631831,0.15405234694480896,0.9550341963768005,0.5377367734909058
YOR177C,YNL063W,0,1.7630932,0.154028058052063,0.9550341963768005,0.537837028503418
YIL013C,YNL279W,0,1.7623782,0.1540037840604782,0.9550341963768005,0.5379372835159302
YPR061C,YDR308C,0,1.7613109,0.15397951006889343,0.9550341963768005,0.5380374789237976
YLR409C,YDR523C,0,1.7610091,0.15395525097846985,0.9550341963768005,0.5381377339363098
YHR204W,YGR235C,0,1.7609333,0.15393099188804626,0.9550341963768005,0.5382379293441772
YOR245C,YDL135C,0,1.7594864,0.15390674769878387,0.9550341963768005,0.5383381843566895
YGR008C,YKL154W,0,1.7584075,0.15388250350952148,0.9550341963768005,0.5384383797645569
YHR091C,YNL162W,0,1.7580917,0.1538582742214203,0.9550341963768005,0.5385386347770691
YHR203C,YGR194C,0,1.7568159,0.1538340449333191,0.9550341963768005,0.5386388897895813
YOL032W,YMR058W,0,1.756397,0.1538098305463791,0.9550341963768005,0.5387390851974487
YKL014C,YML037C,0,1.7559524,0.1537856161594391,0.9550341963768005,0.5388393402099609
YDR407C,YDR093W,0,1.7554486,0.15376141667366028,0.9550341963768005,0.5389395356178284
YGL027C,YJL063C,0,1.7551603,0.15373721718788147,0.9550341963768005,0.5390397906303406
YKR088C,YBR290W,0,1.7546668,0.15371303260326385,0.9550341963768005,0.5391400456428528
YBR217W,YGL121C,0,1.7545567,0.15368884801864624,0.9550341963768005,0.5392402410507202
YBR082C,YNL024C,0,1.7530854,0.15366467833518982,0.9550341963768005,0.5393404960632324
YPL193W,YJL113W,0,1.7530034,0.1536405086517334,0.9550341963768005,0.5394406914710999
YGL002W,YLR148W,0,1.7525965,0.15361635386943817,0.9550341963768005,0.5395409464836121
YDR058C,YDL017W,0,1.7525829,0.15359219908714294,0.9550341963768005,0.5396412014961243
YLL018C-A,YKL220C,1,1.7519863,0.15372523665428162,0.9560117125511169,0.5396412014961243
YFL003C,YIL041W,0,1.7512546,0.1537010818719864,0.9560117125511169,0.5397413969039917
YMR232W,YDL211C,0,1.7510817,0.15367692708969116,0.9560117125511169,0.5398416519165039
YPR166C,YMR056C,0,1.7504026,0.15365278720855713,0.9560117125511169,0.5399418473243713
YDL006W,YGR106C,0,1.7499954,0.1536286473274231,0.9560117125511169,0.5400421023368835
YOR284W,YPR141C,0,1.7495216,0.15360452234745026,0.9560117125511169,0.540142297744751
YOR120W,YPL033C,0,1.7486191,0.15358039736747742,0.9560117125511169,0.5402425527572632
YBR229C,YJL158C,0,1.7466571,0.15355628728866577,0.9560117125511169,0.5403428077697754
YLR448W,YDL014W,0,1.7457275,0.15353217720985413,0.9560117125511169,0.5404430031776428
YJR125C,YPL053C,0,1.7448859,0.15350808203220367,0.9560117125511169,0.540543258190155
YMR045C,YNR048W,0,1.7443749,0.15348398685455322,0.9560117125511169,0.5406434535980225
YPL248C,YHR103W,0,1.7435772,0.15345990657806396,0.9560117125511169,0.5407437086105347
YGR240C,YNR023W,0,1.7434725,0.1534358263015747,0.9560117125511169,0.5408439636230469
YHR098C,YLR242C,0,1.743442,0.15341176092624664,0.9560117125511169,0.5409441590309143
YML042W,YDR386W,0,1.7430438,0.15338771045207977,0.9560117125511169,0.5410444140434265
YCR027C,YKL196C,0,1.742841,0.1533636450767517,0.9560117125511169,0.541144609451294
YOR091W,YER129W,0,1.7425596,0.15333960950374603,0.9560117125511169,0.5412448644638062
YLR116W,YKL071W,0,1.7424567,0.15331557393074036,0.9560117125511169,0.5413451194763184
YHR134W,YLL066C,0,1.7417643,0.15329153835773468,0.9560117125511169,0.5414453148841858
YOR298C-A,YKL155C,0,1.7412148,0.1532675176858902,0.9560117125511169,0.541545569896698
YDR387C,YDR301W,0,1.7410495,0.15324349701404572,0.9560117125511169,0.5416457653045654
YLR189C,YML023C,0,1.7401309,0.15321949124336243,0.9560117125511169,0.5417460203170776
YJL133W,YOR071C,1,1.7394769,0.15335212647914886,0.9569892287254333,0.5417460203170776
YHR107C,YDL209C,0,1.7388618,0.15332810580730438,0.9569892287254333,0.5418462753295898
YLR136C,YOR119C,0,1.7383024,0.1533041000366211,0.9569892287254333,0.5419464707374573
YDR147W,YMR305C,0,1.7381898,0.1532800942659378,0.9569892287254333,0.5420467257499695
YER131W,YAL020C,0,1.7379869,0.1532561033964157,0.9569892287254333,0.5421469211578369
YMR014W,YPR042C,0,1.7365122,0.15323211252689362,0.9569892287254333,0.5422471761703491
YOL064C,YLR186W,0,1.7361844,0.15320813655853271,0.9569892287254333,0.5423473715782166
YDL080C,YMR006C,0,1.7355487,0.15318416059017181,0.9569892287254333,0.5424476265907288
YPR154W,YDR483W,0,1.7354057,0.1531601995229721,0.9569892287254333,0.542547881603241
YLL009C,YDR322C-A,1,1.7349684,0.1532926708459854,0.9579667448997498,0.542547881603241
YGR261C,YGR156W,0,1.7348927,0.1532686948776245,0.9579667448997498,0.5426480770111084
YMR038C,YJL198W,1,1.7342389,0.15340109169483185,0.9589442610740662,0.5426480770111084
YPL174C,YKL101W,0,1.7335283,0.15337711572647095,0.9589442610740662,0.5427483320236206
YLR059C,YDR446W,0,1.7334836,0.15335313975811005,0.9589442610740662,0.542848527431488
YJL138C,YLL032C,0,1.7328577,0.15332916378974915,0.9589442610740662,0.5429487824440002
YCR039C,YDR047W,0,1.732146,0.15330520272254944,0.9589442610740662,0.5430490374565125
YLL021W,YGR099W,0,1.7313986,0.15328125655651093,0.9589442610740662,0.5431492328643799
YGR240C,YPR022C,0,1.7309273,0.1532573103904724,0.9589442610740662,0.5432494878768921
YBR082C,YBR127C,0,1.7308004,0.1532333642244339,0.9589442610740662,0.5433496832847595
YPR025C,YPL020C,0,1.7305768,0.15320943295955658,0.9589442610740662,0.5434499382972717
YPR094W,YLR411W,0,1.7301832,0.15318550169467926,0.9589442610740662,0.5435501933097839
YBR167C,YCR089W,0,1.7298476,0.15316158533096313,0.9589442610740662,0.5436503887176514
YDL229W,YLR121C,0,1.7290506,0.1531376838684082,0.9589442610740662,0.5437506437301636
YFR032C-A,YGL171W,0,1.7286328,0.15311378240585327,0.9589442610740662,0.543850839138031
YIL072W,YMR044W,0,1.7277023,0.15308988094329834,0.9589442610740662,0.5439510941505432
YKL024C,YFR051C,0,1.7269218,0.1530659943819046,0.9589442610740662,0.5440512895584106
YNL191W,YKR050W,0,1.7266976,0.15304212272167206,0.9589442610740662,0.5441515445709229
YKL137W,YGR262C,0,1.7260451,0.15301825106143951,0.9589442610740662,0.5442517995834351
YOR133W,YGL219C,0,1.7259963,0.15299437940120697,0.9589442610740662,0.5443519949913025
YDR208W,YJR065C,0,1.7252047,0.15297052264213562,0.9589442610740662,0.5444522500038147
YJR007W,YER141W,0,1.7246318,0.15294668078422546,0.9589442610740662,0.5445524454116821
YBL057C,YIL049W,0,1.7243824,0.1529228389263153,0.9589442610740662,0.5446527004241943
YKL129C,YJL113W,0,1.7236655,0.15289899706840515,0.9589442610740662,0.5447529554367065
YHR134W,YDR397C,0,1.7233621,0.1528751701116562,0.9589442610740662,0.544853150844574
YKL100C,YOR357C,0,1.7232761,0.15285135805606842,0.9589442610740662,0.5449534058570862
YHR193C,YPL106C,0,1.7221605,0.15282754600048065,0.9589442610740662,0.5450536012649536
YIL122W,YJR132W,0,1.7210829,0.15280373394489288,0.9589442610740662,0.5451538562774658
YOR081C,YGR247W,0,1.7196863,0.1527799367904663,0.9589442610740662,0.545254111289978
YOR118W,YDL146W,0,1.7191746,0.15275615453720093,0.9589442610740662,0.5453543066978455
YFR007W,YNL312W,0,1.7184031,0.15273237228393555,0.9589442610740662,0.5454545617103577
YHR018C,YIR010W,0,1.7176728,0.15270859003067017,0.9589442610740662,0.5455547571182251
YKL079W,YMR208W,0,1.7161028,0.15268482267856598,0.9589442610740662,0.5456550121307373
YGL240W,YNL130C,0,1.71597,0.15266107022762299,0.9589442610740662,0.5457552075386047
YGR071C,YBR101C,0,1.715882,0.15263731777668,0.9589442610740662,0.5458554625511169
YDL102W,YGL121C,0,1.7151912,0.152613565325737,0.9589442610740662,0.5459557175636292
YOR346W,YMR081C,0,1.7150352,0.1525898277759552,0.9589442610740662,0.5460559129714966
YKR022C,YJR105W,0,1.7131408,0.1525660902261734,0.9589442610740662,0.5461561679840088
YJR093C,YER089C,0,1.7131244,0.1525423675775528,0.9589442610740662,0.5462563633918762
YGL245W,YEL042W,0,1.7130035,0.15251865983009338,0.9589442610740662,0.5463566184043884
YJR110W,YOR047C,0,1.7129141,0.15249495208263397,0.9589442610740662,0.5464568734169006
YKL033W,YER027C,0,1.7123618,0.15247124433517456,0.9589442610740662,0.5465570688247681
YOR027W,YGR165W,0,1.712316,0.15244755148887634,0.9589442610740662,0.5466573238372803
YNL159C,YLL005C,0,1.7120731,0.15242385864257812,0.9589442610740662,0.5467575192451477
YHR064C,YPL149W,0,1.7112238,0.1524001806974411,0.9589442610740662,0.5468577742576599
YDL156W,YER069W,0,1.7100422,0.15237651765346527,0.9589442610740662,0.5469580292701721
YNL210W,YPL133C,0,1.7088926,0.15235285460948944,0.9589442610740662,0.5470582246780396
YCL066W,YNL112W,0,1.7084296,0.1523291915655136,0.9589442610740662,0.5471584796905518
YDL019C,YMR092C,0,1.7080154,0.15230554342269897,0.9589442610740662,0.5472586750984192
YGL213C,YBR046C,0,1.7074027,0.15228189527988434,0.9589442610740662,0.5473589301109314
YBL106C,YJL108C,0,1.7071937,0.1522582620382309,0.9589442610740662,0.5474591851234436
YMR130W,YKR093W,0,1.7056948,0.15223464369773865,0.9589442610740662,0.547559380531311
YPR161C,YMR251W-A,0,1.7052548,0.1522110104560852,0.9589442610740662,0.5476596355438232
YBR015C,YJL019W,0,1.7040298,0.15218740701675415,0.9589442610740662,0.5477598309516907
YLR192C,YER062C,0,1.7037767,0.1521638035774231,0.9589442610740662,0.5478600859642029
YDR400W,YNL305C,0,1.7021621,0.15214020013809204,0.9589442610740662,0.5479602813720703
YPL266W,YER023W,0,1.7019451,0.15211661159992218,0.9589442610740662,0.5480605363845825
YHL031C,YIL107C,0,1.7019374,0.15209302306175232,0.9589442610740662,0.5481607913970947
YOR007C,YMR015C,0,1.7018809,0.15206944942474365,0.9589442610740662,0.5482609868049622
YIL066C,YPL211W,0,1.701797,0.15204587578773499,0.9589442610740662,0.5483612418174744
YIR013C,YFL044C,0,1.7016933,0.1520223170518875,0.9589442610740662,0.5484614372253418
YER048C,YDR186C,0,1.7016692,0.15199875831604004,0.9589442610740662,0.548561692237854
YPR107C,YJL098W,0,1.7001755,0.15197521448135376,0.9589442610740662,0.5486619472503662
YFR009W,YJR109C,0,1.6991371,0.15195167064666748,0.9589442610740662,0.5487621426582336
YDR484W,YCR094W,0,1.6986632,0.1519281417131424,0.9589442610740662,0.5488623976707458
YHR081W,YLR239C,0,1.6976523,0.1519046127796173,0.9589442610740662,0.5489625930786133
YOR090C,YDR436W,0,1.697328,0.15188109874725342,0.9589442610740662,0.5490628480911255
YDL222C,YMR106C,0,1.6954553,0.15185758471488953,0.9589442610740662,0.5491631031036377
YLR131C,YCR053W,0,1.6950045,0.15183408558368683,0.9589442610740662,0.5492632985115051
YGR005C,YML085C,0,1.6949878,0.15181058645248413,0.9589442610740662,0.5493635535240173
YKL012W,YCR068W,0,1.6941978,0.15178710222244263,0.9589442610740662,0.5494637489318848
YOL005C,YBR244W,0,1.6940426,0.15176361799240112,0.9589442610740662,0.549564003944397
YPR184W,YDL159W,0,1.6938974,0.15174013376235962,0.9589442610740662,0.5496641993522644
YOR182C,YAL011W,0,1.6936235,0.1517166644334793,0.9589442610740662,0.5497644543647766
YOR256C,YOR048C,0,1.6903373,0.1516932100057602,0.9589442610740662,0.5498647093772888
YER087C-A,YOL006C,0,1.6895304,0.15166975557804108,0.9589442610740662,0.5499649047851562
YJL170C,YLR239C,0,1.6889639,0.15164631605148315,0.9589442610740662,0.5500651597976685
YML022W,YPR097W,0,1.6883531,0.15162287652492523,0.9589442610740662,0.5501653552055359
YDL200C,YBR046C,0,1.6883316,0.1515994369983673,0.9589442610740662,0.5502656102180481
YGR166W,YJL162C,0,1.6867262,0.15157601237297058,0.9589442610740662,0.5503658652305603
YOR368W,YCL068C,0,1.6866708,0.15155260264873505,0.9589442610740662,0.5504660606384277
YGR061C,YBL066C,0,1.6860043,0.1515291929244995,0.9589442610740662,0.5505663156509399
YLL024C,YDR388W,0,1.6857765,0.15150579810142517,0.9589442610740662,0.5506665110588074
YJR108W,YMR293C,0,1.6835375,0.15148240327835083,0.9589442610740662,0.5507667660713196
YER082C,YNL077W,0,1.6826258,0.1514590084552765,0.9589442610740662,0.5508670210838318
YOL097C,YIR004W,0,1.6809504,0.15143562853336334,0.9589442610740662,0.5509672164916992
YGR087C,YPL269W,0,1.6804459,0.1514122486114502,0.9589442610740662,0.5510674715042114
YGR245C,YHR106W,0,1.6801875,0.15138888359069824,0.9589442610740662,0.5511676669120789
YDR117C,YLR035C,0,1.6799726,0.15136553347110748,0.9589442610740662,0.5512679219245911
YLR451W,YMR083W,0,1.6793551,0.15134218335151672,0.9589442610740662,0.5513681173324585
YNL214W,YNR038W,0,1.6791463,0.15131883323192596,0.9589442610740662,0.5514683723449707
YKL034W,YOL069W,0,1.6788813,0.1512954980134964,0.9589442610740662,0.5515686273574829
YER091C,YKR088C,0,1.677986,0.15127216279506683,0.9589442610740662,0.5516688227653503
YBR126C,YDR103W,0,1.6775296,0.15124884247779846,0.9589442610740662,0.5517690777778625
YJL033W,YKL096W,0,1.6773651,0.1512255221605301,0.9589442610740662,0.55186927318573
YBR083W,YPR103W,0,1.677111,0.1512022167444229,0.9589442610740662,0.5519695281982422
YDR329C,YOR144C,0,1.6768339,0.15117891132831573,0.9589442610740662,0.5520697832107544
YLR453C,YNL331C,0,1.6765976,0.15115562081336975,0.9589442610740662,0.5521699786186218
YJL137C,YPL029W,0,1.6759851,0.15113233029842377,0.9589442610740662,0.552270233631134
YHR124W,YBR085W,0,1.67485,0.15110905468463898,0.9589442610740662,0.5523704290390015
YPL204W,YBR039W,0,1.6735764,0.1510857790708542,0.9589442610740662,0.5524706840515137
YAR033W,YLR078C,0,1.6731826,0.1510625183582306,0.9589442610740662,0.5525709390640259
YLR327C,YMR083W,0,1.6727986,0.151039257645607,0.9589442610740662,0.5526711344718933
YNL294C,YDL127W,0,1.6715558,0.1510160118341446,0.9589442610740662,0.5527713894844055
YCL048W,YKL185W,0,1.6708305,0.1509927660226822,0.9589442610740662,0.552871584892273
YJL059W,YFL044C,0,1.6695297,0.15096953511238098,0.9589442610740662,0.5529718399047852
YNL054W,YOL091W,0,1.6686286,0.15094630420207977,0.9589442610740662,0.5530720949172974
YDR439W,YDR179C,0,1.6684122,0.15092307329177856,0.9589442610740662,0.5531722903251648
YGL018C,YGL196W,0,1.6676226,0.15089985728263855,0.9589442610740662,0.553272545337677
YIL112W,YGL191W,0,1.6662722,0.15087665617465973,0.9589442610740662,0.5533727407455444
YLR057W,YGR125W,0,1.6662178,0.1508534550666809,0.9589442610740662,0.5534729957580566
YJL059W,YML107C,0,1.6656461,0.1508302539587021,0.9589442610740662,0.5535731911659241
YFR037C,YPR046W,0,1.6650809,0.15080706775188446,0.9589442610740662,0.5536734461784363
YFL024C,YOL021C,0,1.6646321,0.15078389644622803,0.9589442610740662,0.5537737011909485
YHR021C,YPL194W,0,1.6629498,0.1507607251405716,0.9589442610740662,0.5538738965988159
YGR192C,YPR070W,0,1.6627797,0.15073755383491516,0.9589442610740662,0.5539741516113281
YPR102C,YMR314W,0,1.6615727,0.15071439743041992,0.9589442610740662,0.5540743470191956
YPL195W,YLR341W,0,1.6584656,0.15069124102592468,0.9589442610740662,0.5541746020317078
YNL210W,YKL028W,0,1.6584184,0.15066809952259064,0.9589442610740662,0.55427485704422
YKR089C,YNL185C,0,1.6571141,0.1506449580192566,0.9589442610740662,0.5543750524520874
YLR362W,YAL032C,0,1.6563104,0.15062183141708374,0.9589442610740662,0.5544753074645996
YLL032C,YKL099C,0,1.6557907,0.1505987048149109,0.9589442610740662,0.554575502872467
YBR164C,YDL192W,0,1.6557251,0.15057559311389923,0.9589442610740662,0.5546757578849792
YHR094C,YDR338C,0,1.6555498,0.15055248141288757,0.9589442610740662,0.5547760128974915
YCR096C,YDL092W,0,1.6552632,0.1505293846130371,0.9589442610740662,0.5548762083053589
YHR154W,YCL048W,0,1.6544776,0.15050628781318665,0.9589442610740662,0.5549764633178711
YBR001C,YCR016W,0,1.6537877,0.15048320591449738,0.9589442610740662,0.5550766587257385
YJL108C,YJR054W,0,1.6528147,0.1504601240158081,0.9589442610740662,0.5551769137382507
YNL210W,YNL270C,0,1.6525748,0.15043704211711884,0.9589442610740662,0.5552771091461182
YOR075W,YOR322C,0,1.6513593,0.15041399002075195,0.9589442610740662,0.5553773641586304
YKR045C,YNL090W,0,1.6509144,0.15039092302322388,0.9589442610740662,0.5554776191711426
YMR035W,YMR303C,0,1.6506786,0.150367870926857,0.9589442610740662,0.55557781457901
YDR224C,YBL042C,0,1.6498083,0.1503448337316513,0.9589442610740662,0.5556780695915222
YGR109C,YLR226W,0,1.6484824,0.15032179653644562,0.9589442610740662,0.5557782649993896
YFR003C,YPR165W,0,1.6484389,0.15029875934123993,0.9589442610740662,0.5558785200119019
YLR438C-A,YLR411W,0,1.6474266,0.15027573704719543,0.9589442610740662,0.5559787750244141
YPL001W,YKL087C,0,1.6467144,0.15025271475315094,0.9589442610740662,0.5560789704322815
YDR293C,YDR022C,0,1.6466051,0.15022970736026764,0.9589442610740662,0.5561792254447937
YOL059W,YGL061C,0,1.6463606,0.15020669996738434,0.9589442610740662,0.5562794208526611
YBR089C-A,YLR102C,0,1.6452239,0.15018370747566223,0.9589442610740662,0.5563796758651733
YFR006W,YDR317W,0,1.6446686,0.15016072988510132,0.9589442610740662,0.5564799308776855
YKL087C,YOR354C,0,1.644304,0.1501377373933792,0.9589442610740662,0.556580126285553
YIL041W,YMR280C,0,1.6440525,0.1501147598028183,0.9589442610740662,0.5566803812980652
YDL042C,YLR109W,0,1.6427484,0.15009179711341858,0.9589442610740662,0.5567805767059326
YJL028W,YNL129W,0,1.6426113,0.15006883442401886,0.9589442610740662,0.5568808317184448
YLR045C,YGL028C,0,1.6423714,0.15004588663578033,0.9589442610740662,0.5569810271263123
YAL005C,YGR280C,0,1.6417332,0.1500229388475418,0.9589442610740662,0.5570812821388245
YER087C-A,YER155C,0,1.6417139,0.15000000596046448,0.9589442610740662,0.5571815371513367
YBR024W,YOR291W,1,1.6414572,0.15012994408607483,0.9599217772483826,0.5571815371513367
YHR197W,YBR086C,0,1.6405095,0.1501069962978363,0.9599217772483826,0.5572817325592041
YPL231W,YGL133W,0,1.6402748,0.15008406341075897,0.9599217772483826,0.5573819875717163
YER091C,YOL152W,0,1.638721,0.15006113052368164,0.9599217772483826,0.5574821829795837
YGR159C,YDR099W,0,1.6383748,0.1500381976366043,0.9599217772483826,0.557582437992096
YJL165C,YGL133W,0,1.6382177,0.15001527965068817,0.9599217772483826,0.5576826930046082
YOR197W,YHR086W,0,1.6380394,0.14999236166477203,0.9599217772483826,0.5577828884124756
YDL230W,YJL076W,0,1.6372154,0.1499694585800171,0.9599217772483826,0.5578831434249878
YDR012W,YDR307W,0,1.6370361,0.14994655549526215,0.9599217772483826,0.5579833388328552
YER185W,YLL015W,1,1.6368146,0.15007632970809937,0.960899293422699,0.5579833388328552
YGR240C,YGL254W,0,1.6365827,0.15005342662334442,0.960899293422699,0.5580835938453674
YGR245C,YPL149W,0,1.6357126,0.15003052353858948,0.960899293422699,0.5581838488578796
YNL259C,YEL051W,1,1.6356705,0.15016023814678192,0.9618768095970154,0.5581838488578796
YCL011C,YFR028C,0,1.635637,0.15013732016086578,0.9618768095970154,0.5582840442657471
YOR373W,YLR418C,0,1.6340374,0.15011441707611084,0.9618768095970154,0.5583842992782593
YLR419W,YHR026W,0,1.6329361,0.1500915139913559,0.9618768095970154,0.5584844946861267
YLR442C,YPL169C,0,1.6306026,0.15006862580776215,0.9618768095970154,0.5585847496986389
YDR120C,YKR039W,0,1.6297932,0.1500457525253296,0.9618768095970154,0.5586850047111511
YKL059C,YLR381W,0,1.6294453,0.15002286434173584,0.9618768095970154,0.5587852001190186
YGR278W,YER028C,0,1.6288192,0.15000000596046448,0.9618768095970154,0.5588854551315308
YDL006W,YBL082C,0,1.6286633,0.14997713267803192,0.9618768095970154,0.5589856505393982
YLL010C,YGR024C,0,1.6281726,0.14995428919792175,0.9618768095970154,0.5590859055519104
YHL025W,YGR241C,0,1.6278973,0.1499314308166504,0.9618768095970154,0.5591861009597778
YGR166W,YBR014C,0,1.6278968,0.14990858733654022,0.9618768095970154,0.55928635597229
YKL216W,YOL100W,0,1.6271508,0.14988575875759125,0.9618768095970154,0.5593866109848022
YCL050C,YPR010C,0,1.6267767,0.14986293017864227,0.9618768095970154,0.5594868063926697
YJR093C,YLR132C,0,1.6263226,0.1498401165008545,0.9618768095970154,0.5595870614051819
YLR178C,YIL157C,0,1.6260071,0.1498173028230667,0.9618768095970154,0.5596872568130493
YML114C,YCR097W,0,1.6250526,0.14979448914527893,0.9618768095970154,0.5597875118255615
YPR180W,YKL026C,0,1.6248324,0.14977169036865234,0.9618768095970154,0.5598877668380737
YMR088C,YJL051W,0,1.6246154,0.14974889159202576,0.9618768095970154,0.5599879622459412
YJR058C,YPR105C,0,1.6239183,0.14972610771656036,0.9618768095970154,0.5600882172584534
YMR091C,YGL009C,0,1.6238583,0.14970333874225616,0.9618768095970154,0.5601884126663208
YMR164C,YLR378C,0,1.6236913,0.14968055486679077,0.9618768095970154,0.560288667678833
YOL065C,YGR241C,0,1.6223869,0.14965780079364777,0.9618768095970154,0.5603889226913452
YPL270W,YDL106C,0,1.622304,0.14963503181934357,0.9618768095970154,0.5604891180992126
YJR068W,YPL283C,0,1.6218064,0.14961229264736176,0.9618768095970154,0.5605893731117249
YOR156C,YAL015C,0,1.6207473,0.14958953857421875,0.9618768095970154,0.5606895685195923
YGR088W,YDR219C,0,1.6200135,0.14956679940223694,0.9618768095970154,0.5607898235321045
YOR066W,YER038C,0,1.6171904,0.14954407513141632,0.9618768095970154,0.5608900189399719
YOR368W,YPL020C,0,1.6168647,0.1495213508605957,0.9618768095970154,0.5609902739524841
YDL120W,YBR012W-A,0,1.6166004,0.14949862658977509,0.9618768095970154,0.5610905289649963
YBL002W,YHR009C,0,1.616178,0.14947591722011566,0.9618768095970154,0.5611907243728638
YHR158C,YPL212C,0,1.6161451,0.14945322275161743,0.9618768095970154,0.561290979385376
YPR121W,YDL139C,0,1.6150451,0.1494305282831192,0.9618768095970154,0.5613911747932434
YEL020C,YKL191W,0,1.6144855,0.14940783381462097,0.9618768095970154,0.5614914298057556
YDR399W,YLL053C,0,1.6142199,0.14938515424728394,0.9618768095970154,0.5615916848182678
YJR064W,YER048C,0,1.6140163,0.1493624746799469,0.9618768095970154,0.5616918802261353
YDR163W,YMR171C,0,1.613805,0.14933981001377106,0.9618768095970154,0.5617921352386475
YMR264W,YIL004C,0,1.6132152,0.14931714534759521,0.9618768095970154,0.5618923306465149
YLL039C,YCR102C,0,1.6130053,0.14929449558258057,0.9618768095970154,0.5619925856590271
YDR284C,YLR320W,0,1.6122193,0.14927184581756592,0.9618768095970154,0.5620928406715393
YGL053W,YIL044C,0,1.6118151,0.14924921095371246,0.9618768095970154,0.5621930360794067
YDR320C,YMR230W,0,1.6109906,0.149226576089859,0.9618768095970154,0.562293291091919
YER086W,YGL021W,0,1.6105134,0.14920394122600555,0.9618768095970154,0.5623934864997864
YAL002W,YLR127C,0,1.6086587,0.1491813212633133,0.9618768095970154,0.5624937415122986
YHR204W,YOR380W,0,1.6086438,0.14915870130062103,0.9618768095970154,0.562593936920166
YLR058C,YOR043W,0,1.6084899,0.14913609623908997,0.9618768095970154,0.5626941919326782
YBR217W,YBR036C,0,1.6073847,0.1491135060787201,0.9618768095970154,0.5627944469451904
YOL049W,YJL098W,0,1.6073803,0.14909091591835022,0.9618768095970154,0.5628946423530579
YOL098C,YIL136W,0,1.6073756,0.14906832575798035,0.9618768095970154,0.5629948973655701
YLR306W,YDR395W,0,1.6064469,0.14904575049877167,0.9618768095970154,0.5630950927734375
YLR098C,YNL288W,0,1.604636,0.149023175239563,0.9618768095970154,0.5631953477859497
YHL031C,YGR063C,0,1.6039733,0.1490005999803543,0.9618768095970154,0.5632956027984619
YDL222C,YDL240W,0,1.6037042,0.14897803962230682,0.9618768095970154,0.5633957982063293
YGR024C,YMR311C,0,1.6031715,0.14895549416542053,0.9618768095970154,0.5634960532188416
YBL005W-A,YBR193C,0,1.6017121,0.14893294870853424,0.9618768095970154,0.563596248626709
YKL209C,YOR201C,0,1.6016202,0.14891041815280914,0.9618768095970154,0.5636965036392212
YJL115W,YNR033W,0,1.6007481,0.14888788759708405,0.9618768095970154,0.5637967586517334
YMR306W,YER172C,0,1.5998355,0.14886535704135895,0.9618768095970154,0.5638969540596008
YDR139C,YLR121C,0,1.5996158,0.14884284138679504,0.9618768095970154,0.563997209072113
YBR295W,YER113C,0,1.5995028,0.14882032573223114,0.9618768095970154,0.5640974044799805
YDR484W,YGR263C,0,1.5990189,0.14879782497882843,0.9618768095970154,0.5641976594924927
YJR047C,YDR016C,0,1.5989413,0.14877532422542572,0.9618768095970154,0.5642979145050049
YGR261C,YKL198C,0,1.5989041,0.1487528383731842,0.9618768095970154,0.5643981099128723
YDR368W,YLR023C,0,1.5984254,0.1487303525209427,0.9618768095970154,0.5644983649253845
YOR179C,YJL089W,0,1.5976046,0.14870786666870117,0.9618768095970154,0.564598560333252
YHR102W,YGR191W,0,1.5966067,0.14868541061878204,0.9618768095970154,0.5646988153457642
YIL127C,YGL028C,0,1.5964012,0.14866293966770172,0.9618768095970154,0.5647990107536316
YNL311C,YNL289W,0,1.5957742,0.1486404836177826,0.9618768095970154,0.5648992657661438
YNL329C,YLR097C,0,1.5952115,0.14861802756786346,0.9618768095970154,0.564999520778656
YLR372W,YBR079C,0,1.5948279,0.14859558641910553,0.9618768095970154,0.5650997161865234
YNL245C,YKL029C,0,1.5924971,0.1485731601715088,0.9618768095970154,0.5651999711990356
YPR005C,YDR347W,0,1.5916936,0.14855071902275085,0.9618768095970154,0.5653001666069031
YJR040W,YGL167C,1,1.5907705,0.1486792415380478,0.9628543257713318,0.5653001666069031
YDR190C,YPR049C,0,1.5900757,0.14865680038928986,0.9628543257713318,0.5654004216194153
YOR368W,YGL029W,0,1.589792,0.14863437414169312,0.9628543257713318,0.5655006766319275
YOR133W,YNL047C,0,1.5897076,0.14861194789409637,0.9628543257713318,0.5656008720397949
YMR042W,YBR123C,0,1.5890751,0.14858953654766083,0.9628543257713318,0.5657011270523071
YHR210C,YLR014C,0,1.5884273,0.14856712520122528,0.9628543257713318,0.5658013224601746
YDR292C,YER078C,0,1.5879567,0.14854471385478973,0.9628543257713318,0.5659015774726868
YHR006W,YBL102W,0,1.5874944,0.14852231740951538,0.9628543257713318,0.566001832485199
YPR120C,YOL075C,0,1.5846285,0.14849992096424103,0.9628543257713318,0.5661020278930664
YBL084C,YNL024C,0,1.5841599,0.14847753942012787,0.9628543257713318,0.5662022829055786
YHR160C,YMR106C,0,1.5835493,0.1484551578760147,0.9628543257713318,0.566302478313446
YJR110W,YHL019C,0,1.5831367,0.14843279123306274,0.9628543257713318,0.5664027333259583
YJR110W,YOL009C,0,1.5828755,0.14841042459011078,0.9628543257713318,0.5665029287338257
YBR248C,YPL239W,0,1.5818574,0.14838807284832,0.9628543257713318,0.5666031837463379
YIL167W,YPL101W,0,1.5813981,0.14836572110652924,0.9628543257713318,0.5667034387588501
YJR086W,YGL040C,0,1.5809036,0.14834336936473846,0.9628543257713318,0.5668036341667175
YDR398W,YOL110W,0,1.5808914,0.1483210325241089,0.9628543257713318,0.5669038891792297
YNL119W,YCR028C-A,0,1.5806831,0.1482987105846405,0.9628543257713318,0.5670040845870972
YIL144W,YOL088C,0,1.5806513,0.14827637374401093,0.9628543257713318,0.5671043395996094
YIL119C,YGR140W,0,1.5798326,0.14825406670570374,0.9628543257713318,0.5672045946121216
YFL024C,YHR025W,0,1.5798072,0.14823175966739655,0.9628543257713318,0.567304790019989
YKL176C,YDL123W,0,1.5796711,0.14820945262908936,0.9628543257713318,0.5674050450325012
YOR346W,YOR100C,0,1.5795363,0.14818714559078217,0.9628543257713318,0.5675052404403687
YLR175W,YKR013W,0,1.5782299,0.14816486835479736,0.9628543257713318,0.5676054954528809
YPL081W,YOR381W,0,1.5765363,0.14814257621765137,0.9628543257713318,0.5677057504653931
YOR250C,YDR074W,0,1.5763748,0.14812029898166656,0.9628543257713318,0.5678059458732605
YOR075W,YBR293W,0,1.5762935,0.14809803664684296,0.9628543257713318,0.5679062008857727
YLR460C,YJL046W,0,1.573814,0.14807575941085815,0.9628543257713318,0.5680063962936401
YLR411W,YBR023C,0,1.5737298,0.14805351197719574,0.9628543257713318,0.5681066513061523
YIL078W,YGR041W,0,1.5735788,0.14803126454353333,0.9628543257713318,0.5682068467140198
YMR009W,YGL195W,0,1.5725145,0.1480090171098709,0.9628543257713318,0.568307101726532
YDL230W,YPL032C,0,1.5717645,0.1479867845773697,0.9628543257713318,0.5684073567390442
YHR134W,YDR246W,0,1.5703897,0.14796455204486847,0.9628543257713318,0.5685075521469116
YLR274W,YMR197C,0,1.5698637,0.14794231951236725,0.9628543257713318,0.5686078071594238
YOR109W,YKR097W,0,1.5696709,0.14792010188102722,0.9628543257713318,0.5687080025672913
YHR148W,YJR065C,0,1.5694792,0.1478978991508484,0.9628543257713318,0.5688082575798035
YKR090W,YJR088C,0,1.5682869,0.14787569642066956,0.9628543257713318,0.5689085125923157
YDR032C,YPL046C,0,1.5682781,0.14785349369049072,0.9628543257713318,0.5690087080001831
YOL005C,YOR315W,0,1.5678883,0.14783130586147308,0.9628543257713318,0.5691089630126953
YOR120W,YGL063W,0,1.5673292,0.14780911803245544,0.9628543257713318,0.5692091584205627
YBR208C,YMR247C,0,1.5669086,0.147786945104599,0.9628543257713318,0.569309413433075
YDR367W,YBL017C,0,1.5666878,0.14776477217674255,0.9628543257713318,0.5694096684455872
YHR134W,YCL017C,0,1.5662935,0.1477426141500473,0.9628543257713318,0.5695098638534546
YMR012W,YDR532C,0,1.5662198,0.14772045612335205,0.9628543257713318,0.5696101188659668
YGR030C,YMR118C,0,1.5653174,0.147698312997818,0.9628543257713318,0.5697103142738342
YFR030W,YDR134C,0,1.5644931,0.14767615497112274,0.9628543257713318,0.5698105692863464
YBR264C,YMR282C,0,1.5640246,0.14765402674674988,0.9628543257713318,0.5699108242988586
YIL167W,YCL055W,0,1.5639995,0.14763189852237701,0.9628543257713318,0.5700110197067261
YMR204C,YLR095C,0,1.5638015,0.14760977029800415,0.9628543257713318,0.5701112747192383
YCR096C,YNL132W,0,1.5634629,0.14758765697479248,0.9628543257713318,0.5702114701271057
YOL078W,YER048W-A,0,1.5623252,0.1475655436515808,0.9628543257713318,0.5703117251396179
YLR092W,YFL003C,0,1.5622807,0.14754344522953033,0.9628543257713318,0.5704119205474854
YOL098C,YCR067C,0,1.5621649,0.14752134680747986,0.9628543257713318,0.5705121755599976
YEL011W,YER094C,0,1.5611751,0.14749924838542938,0.9628543257713318,0.5706124305725098
YLR126C,YKL183W,0,1.560557,0.1474771648645401,0.9628543257713318,0.5707126259803772
YBR253W,YNR043W,0,1.5592457,0.147455096244812,0.9628543257713318,0.5708128809928894
YDR500C,YER177W,0,1.5586352,0.14743301272392273,0.9628543257713318,0.5709130764007568
YOR182C,YNL257C,0,1.5560417,0.14741095900535583,0.9628543257713318,0.571013331413269
YKL004W,YPL186C,0,1.5559899,0.14738889038562775,0.9628543257713318,0.5711135864257812
YLR240W,YPL215W,0,1.5551896,0.14736685156822205,0.9628543257713318,0.5712137818336487
YNL259C,YGR138C,1,1.5551536,0.1474943906068802,0.9638318419456482,0.5712137818336487
YOR253W,YIL168W,0,1.5551047,0.1474723368883133,0.9638318419456482,0.5713140368461609
YDR420W,YDL191W,0,1.554699,0.1474502831697464,0.9638318419456482,0.5714142322540283
YGR054W,YHR108W,0,1.5540996,0.1474282294511795,0.9638318419456482,0.5715144872665405
YGR029W,YDR108W,0,1.5540588,0.1474061906337738,0.9638318419456482,0.5716147422790527
YPL187W,YOR249C,0,1.5540377,0.1473841518163681,0.9638318419456482,0.5717149376869202
YDR143C,YNL339C,0,1.5538406,0.1473621279001236,0.9638318419456482,0.5718151926994324
YBR088C,YKR098C,0,1.5537701,0.1473401039838791,0.9638318419456482,0.5719153881072998
YDL030W,YHR214W,0,1.5535994,0.14731809496879578,0.9638318419456482,0.572015643119812
YJL092W,YBR268W,0,1.5535035,0.14729608595371246,0.9638318419456482,0.5721158385276794
YBR012W-A,YDR349C,0,1.5531733,0.14727409183979034,0.9638318419456482,0.5722160935401917
YPR186C,YPL076W,0,1.5531417,0.14725209772586823,0.9638318419456482,0.5723163485527039
YKR030W,YPR037C,0,1.5526361,0.1472301036119461,0.9638318419456482,0.5724165439605713
YPR121W,YLR424W,0,1.5523663,0.14720812439918518,0.9638318419456482,0.5725167989730835
YEL020C,YNL068C,0,1.5521955,0.14718614518642426,0.9638318419456482,0.5726169943809509
YOR195W,YGL192W,0,1.5513093,0.14716418087482452,0.9638318419456482,0.5727172493934631
YIR035C,YLL011W,0,1.5502263,0.1471422165632248,0.9638318419456482,0.5728175044059753
YGL071W,YGR138C,1,1.5501087,0.14726947247982025,0.9648093581199646,0.5728175044059753
YDR074W,YGL251C,0,1.5495315,0.14724750816822052,0.9648093581199646,0.5729176998138428
YDR359C,YBR265W,0,1.5486895,0.1472255438566208,0.9648093581199646,0.573017954826355
YPL008W,YGR029W,0,1.5478561,0.14720357954502106,0.9648093581199646,0.5731181502342224
YBR288C,YLL011W,0,1.5469749,0.14718163013458252,0.9648093581199646,0.5732184052467346
YNL035C,YOL123W,0,1.5464771,0.14715968072414398,0.9648093581199646,0.5733186602592468
YJL035C,YDR092W,0,1.5460693,0.14713774621486664,0.9648093581199646,0.5734188556671143
YGR088W,YNL072W,0,1.5458827,0.1471158117055893,0.9648093581199646,0.5735191106796265
YEL039C,YNL106C,0,1.5457461,0.14709389209747314,0.9648093581199646,0.5736193060874939
YCR020W-B,YPR174C,0,1.545516,0.147071972489357,0.9648093581199646,0.5737195611000061
YDR091C,YJR118C,0,1.5445328,0.14705005288124084,0.9648093581199646,0.5738197565078735
YNL209W,YBR133C,0,1.5440814,0.1470281481742859,0.9648093581199646,0.5739200115203857
YOR195W,YKL056C,0,1.5440514,0.14700625836849213,0.9648093581199646,0.574020266532898
YPR016C,YKL145W,0,1.5431544,0.14698436856269836,0.9648093581199646,0.5741204619407654
YKL043W,YOR192C,0,1.5414938,0.1469624787569046,0.9648093581199646,0.5742207169532776
YML088W,YDR002W,0,1.5408559,0.14694060385227203,0.9648093581199646,0.574320912361145
YOR197W,YJR044C,0,1.5407978,0.14691872894763947,0.9648093581199646,0.5744211673736572
YBL087C,YIL114C,0,1.5404896,0.1468968540430069,0.9648093581199646,0.5745214223861694
YBR208C,YMR244C-A,0,1.5402744,0.14687499403953552,0.9648093581199646,0.5746216177940369
YDR517W,YNR048W,0,1.5393596,0.14685314893722534,0.9648093581199646,0.5747218728065491
YDR073W,YDR206W,0,1.5391371,0.14683130383491516,0.9648093581199646,0.5748220682144165
YPL084W,YGR103W,0,1.5387022,0.14680945873260498,0.9648093581199646,0.5749223232269287
YPL169C,YDR529C,0,1.5382776,0.146787628531456,0.9648093581199646,0.5750225782394409
YER044C-A,YJR098C,0,1.538053,0.146765798330307,0.9648093581199646,0.5751227736473083
YFR053C,YGL021W,0,1.5378205,0.1467439830303192,0.9648093581199646,0.5752230286598206
YPR056W,YBR021W,0,1.537725,0.14672216773033142,0.9648093581199646,0.575323224067688
YOR122C,YDL031W,0,1.5370928,0.14670035243034363,0.9648093581199646,0.5754234790802002
YER030W,YGL196W,0,1.5357149,0.14667855203151703,0.9648093581199646,0.5755237340927124
YDL109C,YKL160W,0,1.5353421,0.14665676653385162,0.9648093581199646,0.5756239295005798
YML070W,YJR088C,0,1.5350268,0.14663496613502502,0.9648093581199646,0.575724184513092
YJL173C,YPL146C,0,1.5341418,0.1466131955385208,0.9648093581199646,0.5758243799209595
YGL171W,YBR218C,0,1.5330418,0.1465914100408554,0.9648093581199646,0.5759246349334717
YHR099W,YDR279W,0,1.5327853,0.1465696394443512,0.9648093581199646,0.5760248303413391
YML061C,YJR098C,0,1.5325315,0.14654788374900818,0.9648093581199646,0.5761250853538513
YDR287W,YNL072W,0,1.5324299,0.14652612805366516,0.9648093581199646,0.5762253403663635
YLR357W,YEL006W,0,1.5318298,0.14650437235832214,0.9648093581199646,0.576325535774231
YMR068W,YBR046C,0,1.5314639,0.14648263156414032,0.9648093581199646,0.5764257907867432
YOL135C,YJR009C,0,1.5301758,0.1464609056711197,0.9648093581199646,0.5765259861946106
YMR162C,YCR053W,0,1.5299704,0.14643916487693787,0.9648093581199646,0.5766262412071228
YEL059C-A,YHR016C,0,1.527659,0.14641743898391724,0.9648093581199646,0.576726496219635
YOR319W,YOR173W,0,1.527575,0.1463957279920578,0.9648093581199646,0.5768266916275024
YBL101C,YPL256C,0,1.5249537,0.14637401700019836,0.9648093581199646,0.5769269466400146
YCR005C,YLL066C,0,1.524344,0.14635230600833893,0.9648093581199646,0.5770271420478821
YNL015W,YJL108C,0,1.5227563,0.14633060991764069,0.9648093581199646,0.5771273970603943
YIL118W,YPL204W,0,1.5225141,0.14630892872810364,0.9648093581199646,0.5772276520729065
YML022W,YNL116W,0,1.52086,0.1462872326374054,0.9648093581199646,0.5773278474807739
YDL146W,YPL100W,0,1.5193377,0.14626556634902954,0.9648093581199646,0.5774281024932861
YIL016W,YHR062C,0,1.518723,0.1462438851594925,0.9648093581199646,0.5775282979011536
YBL003C,YOR360C,0,1.516416,0.14622221887111664,0.9648093581199646,0.5776285529136658
YPR056W,YOL030W,0,1.5151328,0.14620056748390198,0.9648093581199646,0.5777287483215332
YDR189W,YPL103C,0,1.5143538,0.14617891609668732,0.9648093581199646,0.5778290033340454
YJR099W,YNR051C,0,1.5138675,0.14615726470947266,0.9648093581199646,0.5779292583465576
YJL138C,YML125C,0,1.5131721,0.1461356282234192,0.9648093581199646,0.578029453754425
YLR299W,YJL203W,0,1.5104676,0.14611399173736572,0.9648093581199646,0.5781297087669373
YLR117C,YMR292W,0,1.5104175,0.14609235525131226,0.9648093581199646,0.5782299041748047
YFR031C-A,YLR133W,0,1.5067902,0.14607074856758118,0.9648093581199646,0.5783301591873169
YDR107C,YDL168W,0,1.5065525,0.1460491269826889,0.9648093581199646,0.5784304141998291
YDR123C,YPL015C,0,1.5065014,0.14602752029895782,0.9648093581199646,0.5785306096076965
YOR027W,YNL029C,0,1.5063721,0.14600591361522675,0.9648093581199646,0.5786308646202087
YBR175W,YMR286W,0,1.5060372,0.14598432183265686,0.9648093581199646,0.5787310600280762
YLR337C,YIL119C,0,1.5044415,0.14596273005008698,0.9648093581199646,0.5788313150405884
YPR134W,YIL107C,0,1.5041695,0.14594115316867828,0.9648093581199646,0.5789315700531006
YGL089C,YLR298C,0,1.5034599,0.1459195762872696,0.9648093581199646,0.579031765460968
YIL041W,YIL078W,0,1.5029458,0.1458979994058609,0.9648093581199646,0.5791320204734802
YEL044W,YML111W,0,1.5025058,0.1458764374256134,0.9648093581199646,0.5792322158813477
YOL116W,YIR036C,0,1.5007176,0.1458548903465271,0.9648093581199646,0.5793324708938599
YML047C,YBL003C,0,1.5002167,0.1458333283662796,0.9648093581199646,0.5794326663017273
YNL075W,YAL041W,0,1.4997734,0.1458117961883545,0.9648093581199646,0.5795329213142395
YLR385C,YDR490C,0,1.4991424,0.1457902491092682,0.9648093581199646,0.5796331763267517
YBR123C,YPR022C,0,1.4976258,0.14576871693134308,0.9648093581199646,0.5797333717346191
YJR129C,YPL214C,0,1.497205,0.14574719965457916,0.9648093581199646,0.5798336267471313
YIL038C,YDR347W,0,1.496071,0.14572568237781525,0.9648093581199646,0.5799338221549988
YDR406W,YNL194C,0,1.496009,0.14570416510105133,0.9648093581199646,0.580034077167511
YPR174C,YNL007C,0,1.4944834,0.1456826627254486,0.9648093581199646,0.5801343321800232
YEL046C,YMR293C,0,1.4944806,0.1456611603498459,0.9648093581199646,0.5802345275878906
YOR068C,YMR021C,0,1.4936223,0.14563965797424316,0.9648093581199646,0.5803347826004028
YJL138C,YPL091W,0,1.4932615,0.14561817049980164,0.9648093581199646,0.5804349780082703
YCR027C,YNL003C,1,1.493187,0.1457442045211792,0.965786874294281,0.5804349780082703
YDR515W,YBR019C,0,1.4926339,0.14572271704673767,0.965786874294281,0.5805352330207825
YER041W,YPL097W,0,1.4914384,0.14570122957229614,0.965786874294281,0.5806354880332947
YFR031C-A,YPL220W,0,1.4908392,0.14567974209785461,0.965786874294281,0.5807356834411621
YLR004C,YDR104C,0,1.4897635,0.14565826952457428,0.965786874294281,0.5808359384536743
YGR082W,YGL070C,0,1.4876366,0.14563679695129395,0.965786874294281,0.5809361338615417
YKL014C,YCR028C,0,1.4872725,0.1456153243780136,0.965786874294281,0.581036388874054
YLR368W,YDR328C,0,1.4867406,0.14559386670589447,0.965786874294281,0.5811366438865662
YIL122W,YGR132C,0,1.4864933,0.14557242393493652,0.965786874294281,0.5812368392944336
YLR189C,YIL171W,0,1.4864671,0.14555096626281738,0.965786874294281,0.5813370943069458
YOR115C,YKR067W,0,1.485736,0.14552953839302063,0.965786874294281,0.5814372897148132
YFR007W,YMR237W,0,1.4855771,0.14550809562206268,0.965786874294281,0.5815375447273254
YNL227C,YPL145C,0,1.4851335,0.14548666775226593,0.965786874294281,0.5816377401351929
YGL097W,YAL044C,0,1.4841105,0.14546525478363037,0.965786874294281,0.5817379951477051
YHR105W,YIL039W,0,1.4839946,0.1454438418149948,0.965786874294281,0.5818382501602173
YCR106W,YBR109C,0,1.4837917,0.14542242884635925,0.965786874294281,0.5819384455680847
YNL068C,YGR086C,0,1.4831308,0.1454010307788849,0.965786874294281,0.5820387005805969
YDR169C,YPR021C,0,1.4823467,0.14537963271141052,0.965786874294281,0.5821388959884644
YER029C,YBR201W,0,1.4821875,0.14535824954509735,0.965786874294281,0.5822391510009766
YLR131C,YPL215W,0,1.4820684,0.14533686637878418,0.965786874294281,0.5823394060134888
YMR232W,YJR019C,0,1.48186,0.145315483212471,0.965786874294281,0.5824396014213562
YNL126W,YOR067C,0,1.4810448,0.14529411494731903,0.965786874294281,0.5825398564338684
YDR050C,YPL202C,0,1.480236,0.14527274668216705,0.965786874294281,0.5826400518417358
YBR019C,YDL087C,0,1.480231,0.14525139331817627,0.965786874294281,0.582740306854248
YMR023C,YJL019W,0,1.4798466,0.14523003995418549,0.965786874294281,0.5828405618667603
YPL235W,YNL097C,0,1.4796996,0.1452087014913559,0.965786874294281,0.5829407572746277
YPR009W,YGL145W,0,1.4795923,0.1451873630285263,0.965786874294281,0.5830410122871399
YML062C,YCL063W,0,1.4789444,0.14516602456569672,0.965786874294281,0.5831412076950073
YGL071W,YOR273C,1,1.4789045,0.14529161155223846,0.9667643904685974,0.5831412076950073
YNL220W,YPL124W,0,1.4787208,0.14527027308940887,0.9667643904685974,0.5832414627075195
YCL019W,YPL085W,0,1.4777064,0.14524893462657928,0.9667643904685974,0.583341658115387
YER036C,YPL038W,0,1.4767131,0.1452276110649109,0.9667643904685974,0.5834419131278992
YPR184W,YDR456W,0,1.4758143,0.1452062875032425,0.9667643904685974,0.5835421681404114
YML061C,YBL060W,0,1.4743772,0.1451849639415741,0.9667643904685974,0.5836423635482788
YNL015W,YOL132W,0,1.4738069,0.1451636552810669,0.9667643904685974,0.583742618560791
YDL082W,YIR002C,0,1.4718857,0.1451423466205597,0.9667643904685974,0.5838428139686584
YGR161C,YDR511W,0,1.4709542,0.14512105286121368,0.9667643904685974,0.5839430689811707
YMR314W,YKL060C,0,1.4707708,0.14509975910186768,0.9667643904685974,0.5840433239936829
YPL241C,YNL029C,0,1.4702791,0.14507848024368286,0.9667643904685974,0.5841435194015503
YLR242C,YDL004W,0,1.4701992,0.14505720138549805,0.9667643904685974,0.5842437744140625
YJR093C,YHR116W,0,1.469165,0.14503592252731323,0.9667643904685974,0.5843439698219299
YHR141C,YMR208W,0,1.4690466,0.1450146585702896,0.9667643904685974,0.5844442248344421
YFR037C,YDR377W,0,1.4687073,0.14499340951442719,0.9667643904685974,0.5845444798469543
YOR071C,YDR506C,1,1.4682097,0.14511872828006744,0.9677419066429138,0.5845444798469543
YKL035W,YDR268W,0,1.4670906,0.14509746432304382,0.9677419066429138,0.5846446752548218
YDR329C,YLR155C,0,1.4663491,0.1450762003660202,0.9677419066429138,0.584744930267334
YPR056W,YGL251C,0,1.465725,0.14505495131015778,0.9677419066429138,0.5848451256752014
YDR320C,YJR135C,0,1.4649515,0.14503368735313416,0.9677419066429138,0.5849453806877136
YMR158W,YJR086W,0,1.4635255,0.14501245319843292,0.9677419066429138,0.585045576095581
YBR279W,YPR005C,0,1.4631925,0.1449912190437317,0.9677419066429138,0.5851458311080933
YLR306W,YDL139C,0,1.4624186,0.14496998488903046,0.9677419066429138,0.5852460861206055
YLL016W,YKL108W,0,1.4621128,0.14494875073432922,0.9677419066429138,0.5853462815284729
YLR116W,YOR136W,0,1.4618257,0.14492753148078918,0.9677419066429138,0.5854465365409851
YER159C,YOR256C,0,1.4612167,0.14490632712841034,0.9677419066429138,0.5855467319488525
YAL042W,YNL072W,0,1.4609349,0.1448851227760315,0.9677419066429138,0.5856469869613647
YHR154W,YGL096W,0,1.4598681,0.14486391842365265,0.9677419066429138,0.585747241973877
YGL179C,YDR435C,0,1.4590819,0.1448427140712738,0.9677419066429138,0.5858474373817444
YOR249C,YNL301C,0,1.458903,0.14482153952121735,0.9677419066429138,0.5859476923942566
YAR010C,YIL038C,0,1.4576124,0.1448003500699997,0.9677419066429138,0.586047887802124
YHR001W,YOR192C,0,1.4562962,0.14477917551994324,0.9677419066429138,0.5861481428146362
YDR329C,YIL157C,0,1.456108,0.14475800096988678,0.9677419066429138,0.5862483978271484
YPL266W,YOR242C,0,1.4559686,0.14473684132099152,0.9677419066429138,0.5863485932350159
YLR333C,YKL179C,0,1.4553775,0.14471568167209625,0.9677419066429138,0.5864488482475281
YBR029C,YKR104W,0,1.4549139,0.14469453692436218,0.9677419066429138,0.5865490436553955
YKL218C,YGR091W,0,1.4548097,0.1446733921766281,0.9677419066429138,0.5866492986679077
YER144C,YPR056W,0,1.454802,0.14465224742889404,0.9677419066429138,0.5867495536804199
YPL249C,YKL027W,0,1.4544046,0.14463111758232117,0.9677419066429138,0.5868497490882874
YNR008W,YOL006C,0,1.4543201,0.1446099877357483,0.9677419066429138,0.5869500041007996
YGR009C,YGL224C,0,1.4539092,0.1445888727903366,0.9677419066429138,0.587050199508667
YOR321W,YOR193W,0,1.4534109,0.14456775784492493,0.9677419066429138,0.5871504545211792
YPL017C,YBL082C,0,1.4528992,0.14454664289951324,0.9677419066429138,0.5872506499290466
YDR239C,YNL185C,0,1.452677,0.14452554285526276,0.9677419066429138,0.5873509049415588
YBR105C,YJL073W,0,1.4524027,0.14450445771217346,0.9677419066429138,0.587451159954071
YKL112W,YBR068C,0,1.4500325,0.14448335766792297,0.9677419066429138,0.5875513553619385
YLR132C,YMR017W,0,1.449755,0.14446227252483368,0.9677419066429138,0.5876516103744507
YNL250W,YFL026W,0,1.4491508,0.14444120228290558,0.9677419066429138,0.5877518057823181
YCR086W,YMR305C,0,1.4478123,0.14442013204097748,0.9677419066429138,0.5878520607948303
YKL220C,YGL142C,0,1.4471452,0.14439906179904938,0.9677419066429138,0.5879523158073425
YGL125W,YDR003W,0,1.4471294,0.14437800645828247,0.9677419066429138,0.58805251121521
YGR209C,YNL321W,0,1.4465616,0.14435695111751556,0.9677419066429138,0.5881527662277222
YER177W,YLL067C,0,1.4459167,0.14433591067790985,0.9677419066429138,0.5882529616355896
YOR087W,YDR180W,0,1.4449506,0.14431487023830414,0.9677419066429138,0.5883532166481018
YNL035C,YIL062C,0,1.4425046,0.14429382979869843,0.9677419066429138,0.588453471660614
YJR009C,YGL049C,0,1.4412854,0.1442728042602539,0.9677419066429138,0.5885536670684814
YMR113W,YDL200C,0,1.4410459,0.1442517787218094,0.9677419066429138,0.5886539220809937
YKR099W,YPL206C,0,1.4400907,0.14423076808452606,0.9677419066429138,0.5887541174888611
YGL245W,YNL094W,0,1.4397672,0.14420975744724274,0.9677419066429138,0.5888543725013733
YOL095C,YMR262W,0,1.4393394,0.1441887617111206,0.9677419066429138,0.5889545679092407
YLR441C,YPR165W,0,1.438968,0.14416776597499847,0.9677419066429138,0.5890548229217529
YLR427W,YDR328C,0,1.4386537,0.14414677023887634,0.9677419066429138,0.5891550779342651
YLR306W,YJL052W,0,1.4386501,0.1441257894039154,0.9677419066429138,0.5892552733421326
YKL079W,YDR328C,0,1.4383175,0.14410480856895447,0.9677419066429138,0.5893555283546448
YBR044C,YLR066W,0,1.4373631,0.14408382773399353,0.9677419066429138,0.5894557237625122
YMR312W,YER119C,0,1.4369256,0.1440628618001938,0.9677419066429138,0.5895559787750244
YDR320C,YMR282C,0,1.4366874,0.14404189586639404,0.9677419066429138,0.5896562337875366
YIR035C,YPL085W,0,1.435378,0.1440209448337555,0.9677419066429138,0.589756429195404
YDR490C,YNL012W,0,1.4344697,0.14399999380111694,0.9677419066429138,0.5898566842079163
YGL120C,YGL255W,0,1.4329535,0.1439790576696396,0.9677419066429138,0.5899568796157837
YIR007W,YBR022W,0,1.431389,0.14395812153816223,0.9677419066429138,0.5900571346282959
YML038C,YIL065C,0,1.4312811,0.14393718540668488,0.9677419066429138,0.5901573896408081
YNL264C,YBR214W,0,1.4311936,0.1439162641763687,0.9677419066429138,0.5902575850486755
YPL174C,YGR080W,0,1.4306607,0.14389534294605255,0.9677419066429138,0.5903578400611877
YOR066W,YER183C,0,1.4302888,0.14387443661689758,0.9677419066429138,0.5904580354690552
YJR094W-A,YHL026C,0,1.4300263,0.14385353028774261,0.9677419066429138,0.5905582904815674
YGR202C,YOR157C,0,1.428381,0.14383262395858765,0.9677419066429138,0.5906584858894348
YER060W,YGR202C,0,1.427428,0.14381173253059387,0.9677419066429138,0.590758740901947
YHR044C,YPL076W,0,1.4274279,0.1437908560037613,0.9677419066429138,0.5908589959144592
YDR394W,YOL148C,0,1.4267405,0.14376996457576752,0.9677419066429138,0.5909591913223267
YGL245W,YDL103C,0,1.4264768,0.14374908804893494,0.9677419066429138,0.5910594463348389
YNL312W,YKL006W,0,1.4258718,0.14372822642326355,0.9677419066429138,0.5911596417427063
YGL120C,YLL038C,0,1.4257848,0.14370736479759216,0.9677419066429138,0.5912598967552185
YIL137C,YNL246W,0,1.4255193,0.14368650317192078,0.9677419066429138,0.5913601517677307
YEL060C,YLR310C,0,1.4251623,0.14366565644741058,0.9677419066429138,0.5914603471755981
YKR095W,YPL137C,0,1.4237893,0.1436448097229004,0.9677419066429138,0.5915606021881104
YLL023C,YML077W,0,1.4224172,0.1436239629983902,0.9677419066429138,0.5916607975959778
YKL221W,YPR101W,0,1.4223014,0.1436031311750412,0.9677419066429138,0.59176105260849
YGL251C,YLR011W,0,1.4221966,0.1435822993516922,0.9677419066429138,0.5918613076210022
YML124C,YKL216W,0,1.4216788,0.1435614824295044,0.9677419066429138,0.5919615030288696
YNL321W,YKR105C,1,1.4208636,0.14368565380573273,0.9687194228172302,0.5919615030288696
YCL038C,YPR141C,0,1.4205517,0.14366483688354492,0.9687194228172302,0.5920617580413818
YHR067W,YJR076C,0,1.4202523,0.14364400506019592,0.9687194228172302,0.5921619534492493
YBR298C,YGR048W,0,1.419847,0.14362318813800812,0.9687194228172302,0.5922622084617615
YER044C-A,YDL135C,0,1.4194239,0.1436023712158203,0.9687194228172302,0.5923624038696289
YGR181W,YIL026C,0,1.4179293,0.1435815691947937,0.9687194228172302,0.5924626588821411
YBR098W,YDR065W,0,1.417526,0.1435607671737671,0.9687194228172302,0.5925629138946533
YNL214W,YBL100W-A,0,1.4173114,0.14353998005390167,0.9687194228172302,0.5926631093025208
YJR090C,YER015W,0,1.4168833,0.14351919293403625,0.9687194228172302,0.592763364315033
YOR019W,YIL009W,0,1.4163563,0.14349840581417084,0.9687194228172302,0.5928635597229004
YDR259C,YGL020C,0,1.415734,0.1434776335954666,0.9687194228172302,0.5929638147354126
YNL152W,YDR331W,0,1.4146478,0.1434568613767624,0.9687194228172302,0.5930640697479248
YLL009C,YNL055C,1,1.4134773,0.1435808390378952,0.9696969985961914,0.5930640697479248
YLR134W,YJR139C,0,1.4134588,0.14356005191802979,0.9696969985961914,0.5931642651557922
YIL173W,YDR388W,0,1.4123038,0.14353927969932556,0.9696969985961914,0.5932645201683044
YBL105C,YBR201W,0,1.4119732,0.14351852238178253,0.9696969985961914,0.5933647155761719
YCL016C,YCR107W,0,1.4115752,0.1434977650642395,0.9696969985961914,0.5934649705886841
YOR308C,YPR071W,0,1.4106869,0.14347700774669647,0.9696969985961914,0.5935652256011963
YLL009C,YMR034C,1,1.409006,0.14360086619853973,0.9706745147705078,0.5935652256011963
YKL091C,YDR019C,0,1.4082388,0.1435801088809967,0.9706745147705078,0.5936654210090637
YJR009C,YDL076C,0,1.4073232,0.14355935156345367,0.9706745147705078,0.5937656760215759
YCL050C,YGR132C,0,1.4071821,0.14353859424591064,0.9706745147705078,0.5938658714294434
YPL047W,YGL222C,0,1.4065576,0.1435178518295288,0.9706745147705078,0.5939661264419556
YKL049C,YOR063W,0,1.4051695,0.14349710941314697,0.9706745147705078,0.5940663814544678
YDR517W,YEL016C,0,1.4046168,0.14347638189792633,0.9706745147705078,0.5941665768623352
YDR259C,YDR101C,0,1.4039607,0.1434556543827057,0.9706745147705078,0.5942668318748474
YOL097C,YDR372C,0,1.4039524,0.14343492686748505,0.9706745147705078,0.5943670272827148
YPR184W,YDR014W,0,1.4023974,0.1434142142534256,0.9706745147705078,0.594467282295227
YPL132W,YOL023W,0,1.4023905,0.14339350163936615,0.9706745147705078,0.5945674777030945
YDR091C,YDR317W,0,1.4002329,0.1433728039264679,0.9706745147705078,0.5946677327156067
YPR148C,YMR171C,0,1.3998125,0.14335210621356964,0.9706745147705078,0.5947679877281189
YMR053C,YDR466W,0,1.3997291,0.1433314085006714,0.9706745147705078,0.5948681831359863
YLR357W,YLR259C,0,1.3993099,0.14331072568893433,0.9706745147705078,0.5949684381484985
YLR467W,YKL084W,0,1.3989079,0.14329004287719727,0.9706745147705078,0.595068633556366
YDR477W,YDL174C,0,1.3985591,0.1432693749666214,0.9706745147705078,0.5951688885688782
YGL093W,YDL200C,0,1.3969669,0.14324870705604553,0.9706745147705078,0.5952691435813904
YGL064C,YMR024W,0,1.3951194,0.14322803914546967,0.9706745147705078,0.5953693389892578
YIL075C,YOR059C,0,1.3945959,0.143207386136055,0.9706745147705078,0.59546959400177
YMR204C,YGR106C,0,1.3935208,0.14318673312664032,0.9706745147705078,0.5955697894096375
YDR073W,YOR375C,0,1.3926945,0.14316609501838684,0.9706745147705078,0.5956700444221497
YIR034C,YLR170C,0,1.3915299,0.14314545691013336,0.9706745147705078,0.5957702994346619
YGL234W,YNR049C,0,1.3911982,0.14312481880187988,0.9706745147705078,0.5958704948425293
YPR018W,YBL103C,0,1.3908476,0.1431041955947876,0.9706745147705078,0.5959707498550415
YDL065C,YIL107C,0,1.3887559,0.1430835723876953,0.9706745147705078,0.5960709452629089
YJL137C,YNL199C,0,1.3884072,0.14306296408176422,0.9706745147705078,0.5961712002754211
YKR060W,YOL147C,0,1.388205,0.14304235577583313,0.9706745147705078,0.5962713956832886
YGR142W,YNR046W,0,1.3878999,0.14302174746990204,0.9706745147705078,0.5963716506958008
YIL101C,YJL073W,0,1.3877726,0.14300115406513214,0.9706745147705078,0.596471905708313
YJL115W,YKL048C,0,1.386976,0.14298056066036224,0.9706745147705078,0.5965721011161804
YER063W,YEL002C,0,1.3858964,0.14295998215675354,0.9706745147705078,0.5966723561286926
YDR406W,YHL006C,0,1.3856373,0.14293940365314484,0.9706745147705078,0.5967725515365601
YGL044C,YNR026C,0,1.3842663,0.14291882514953613,0.9706745147705078,0.5968728065490723
YJR047C,YER062C,0,1.3839617,0.14289826154708862,0.9706745147705078,0.5969730615615845
YOR090C,YNL020C,0,1.3836684,0.1428776979446411,0.9706745147705078,0.5970732569694519
YMR309C,YCR067C,0,1.383081,0.1428571492433548,0.9706745147705078,0.5971735119819641
YMR198W,YMR156C,0,1.3819236,0.14283660054206848,0.9706745147705078,0.5972737073898315
YPL009C,YNL306W,0,1.378834,0.14281605184078217,0.9706745147705078,0.5973739624023438
YOR067C,YBR142W,0,1.3787446,0.14279551804065704,0.9706745147705078,0.597474217414856
YPL269W,YBL090W,0,1.3773265,0.14277498424053192,0.9706745147705078,0.5975744128227234
YOR118W,YBR216C,0,1.3751954,0.1427544504404068,0.9706745147705078,0.5976746678352356
YPL231W,YPL133C,0,1.374536,0.14273393154144287,0.9706745147705078,0.597774863243103
YBR253W,YBR152W,0,1.3744161,0.14271342754364014,0.9706745147705078,0.5978751182556152
YOL033W,YIL157C,0,1.3718816,0.1426929086446762,0.9706745147705078,0.5979753136634827
YLR306W,YEL063C,0,1.3718145,0.14267241954803467,0.9706745147705078,0.5980755686759949
YCR091W,YGL025C,0,1.371445,0.14265191555023193,0.9706745147705078,0.5981758236885071
YDR339C,YOR192C,0,1.3707656,0.1426314264535904,0.9706745147705078,0.5982760190963745
YDL099W,YCR089W,0,1.3699312,0.14261093735694885,0.9706745147705078,0.5983762741088867
YGR212W,YGL084C,0,1.3698491,0.1425904631614685,0.9706745147705078,0.5984764695167542
YGL033W,YNL086W,0,1.3682376,0.14256998896598816,0.9706745147705078,0.5985767245292664
YGL079W,YLR102C,0,1.3661816,0.142549529671669,0.9706745147705078,0.5986769795417786
YIL041W,YPL101W,0,1.3625065,0.14252907037734985,0.9706745147705078,0.598777174949646
YDR528W,YIL096C,0,1.3621747,0.1425086110830307,0.9706745147705078,0.5988774299621582
YAR014C,YDR485C,0,1.3602021,0.14248816668987274,0.9706745147705078,0.5989776253700256
YGR090W,YJL113W,0,1.3601532,0.14246772229671478,0.9706745147705078,0.5990778803825378
YDR320C,YIL019W,0,1.3601081,0.14244727790355682,0.9706745147705078,0.59917813539505
YAR003W,YPL153C,0,1.3598998,0.14242684841156006,0.9706745147705078,0.5992783308029175
YMR070W,YGL009C,0,1.3598983,0.1424064189195633,0.9706745147705078,0.5993785858154297
YJL113W,YNL088W,0,1.3591344,0.14238600432872772,0.9706745147705078,0.5994787812232971
YJL165C,YML066C,0,1.3580034,0.14236558973789215,0.9706745147705078,0.5995790362358093
YKL039W,YOR316C,0,1.357695,0.14234519004821777,0.9706745147705078,0.5996792912483215
YDL159W,YBR244W,0,1.3576076,0.1423247754573822,0.9706745147705078,0.599779486656189
YAL047C,YDR446W,0,1.3570681,0.14230439066886902,0.9706745147705078,0.5998797416687012
YOR036W,YOR322C,0,1.3569176,0.14228399097919464,0.9706745147705078,0.5999799370765686
YCL026C-A,YLR070C,0,1.356732,0.14226360619068146,0.9706745147705078,0.6000801920890808
YBR279W,YNL139C,0,1.3565185,0.14224323630332947,0.9706745147705078,0.6001803874969482
YPL056C,YIL157C,0,1.3555838,0.14222285151481628,0.9706745147705078,0.6002806425094604
YDL081C,YEL044W,0,1.3553945,0.1422024965286255,0.9706745147705078,0.6003808975219727
YGL087C,YDR087C,0,1.3553209,0.1421821266412735,0.9706745147705078,0.6004810929298401
YLR054C,YJL219W,0,1.3542268,0.1421617716550827,0.9706745147705078,0.6005813479423523
YER007W,YGR024C,0,1.3535805,0.1421414315700531,0.9706745147705078,0.6006815433502197
YCL051W,YOR188W,0,1.3534024,0.1421210765838623,0.9706745147705078,0.6007817983627319
YBR122C,YOR372C,0,1.3524809,0.1421007513999939,0.9706745147705078,0.6008820533752441
YDR516C,YLR066W,0,1.3523805,0.1420804113149643,0.9706745147705078,0.6009822487831116
YGL128C,YLR307W,0,1.3519274,0.1420600861310959,0.9706745147705078,0.6010825037956238
YLR340W,YOL013C,0,1.3519084,0.14203976094722748,0.9706745147705078,0.6011826992034912
YKL216W,YBL045C,0,1.3516828,0.14201945066452026,0.9706745147705078,0.6012829542160034
YIL017C,YDL210W,0,1.3514534,0.14199914038181305,0.9706745147705078,0.6013832092285156
YMR289W,YJR109C,0,1.3512824,0.14197884500026703,0.9706745147705078,0.6014834046363831
YER172C,YDR363W-A,0,1.3479652,0.14195853471755981,0.9706745147705078,0.6015836596488953
YDR252W,YPR036W,0,1.3464755,0.141938254237175,0.9706745147705078,0.6016838550567627
YDR044W,YDR028C,0,1.3458872,0.14191795885562897,0.9706745147705078,0.6017841100692749
YNL339C,YGL253W,0,1.3450353,0.14189767837524414,0.9706745147705078,0.6018843054771423
YDR382W,YOR017W,0,1.3442972,0.1418774127960205,0.9706745147705078,0.6019845604896545
YHR098C,YKL113C,0,1.3441465,0.14185714721679688,0.9706745147705078,0.6020848155021667
YLR223C,YIL069C,0,1.3435602,0.14183688163757324,0.9706745147705078,0.6021850109100342
YMR232W,YGR289C,0,1.3413334,0.1418166309595108,0.9706745147705078,0.6022852659225464
YHR167W,YGR287C,0,1.3408542,0.14179638028144836,0.9706745147705078,0.6023854613304138
YBL087C,YPL206C,0,1.3394945,0.14177612960338593,0.9706745147705078,0.602485716342926
YGR156W,YGL003C,0,1.339436,0.14175589382648468,0.9706745147705078,0.6025859713554382
YER144C,YCR073C,0,1.3385,0.14173565804958344,0.9706745147705078,0.6026861667633057
YPL084W,YLL013C,0,1.3378243,0.1417154222726822,0.9706745147705078,0.6027864217758179
YER015W,YJR050W,0,1.3376868,0.14169520139694214,0.9706745147705078,0.6028866171836853
YOR101W,YMR236W,0,1.3373885,0.14167499542236328,0.9706745147705078,0.6029868721961975
YFR005C,YAR007C,0,1.3361026,0.14165477454662323,0.9706745147705078,0.6030871272087097
YBL097W,YHL016C,0,1.3351989,0.14163456857204437,0.9706745147705078,0.6031873226165771
YGL175C,YKR080W,0,1.3347263,0.1416143774986267,0.9706745147705078,0.6032875776290894
YLR150W,YIL009W,0,1.3346784,0.14159418642520905,0.9706745147705078,0.6033877730369568
YMR070W,YCL039W,0,1.3337531,0.14157399535179138,0.9706745147705078,0.603488028049469
YHL007C,YER110C,0,1.3334643,0.1415538191795349,0.9706745147705078,0.6035882234573364
YKR030W,YOR014W,0,1.3332565,0.14153364300727844,0.9706745147705078,0.6036884784698486
YGR192C,YDL126C,0,1.3318894,0.14151346683502197,0.9706745147705078,0.6037887334823608
YDR264C,YDR006C,0,1.3318131,0.1414933055639267,0.9706745147705078,0.6038889288902283
YGR240C,YDL056W,0,1.3317564,0.14147314429283142,0.9706745147705078,0.6039891839027405
YOL122C,YOR149C,0,1.3309851,0.14145299792289734,0.9706745147705078,0.6040893793106079
YHL044W,YFR004W,0,1.3307295,0.14143285155296326,0.9706745147705078,0.6041896343231201
YHR176W,YOR100C,0,1.3295335,0.14141270518302917,0.9706745147705078,0.6042898893356323
YGL031C,YEL077C,0,1.3293612,0.1413925737142563,0.9706745147705078,0.6043900847434998
YIL137C,YDR184C,0,1.3289348,0.1413724422454834,0.9706745147705078,0.604490339756012
YOR389W,YLR368W,0,1.3284452,0.1413523107767105,0.9706745147705078,0.6045905351638794
YDR006C,YFR006W,0,1.327811,0.14133219420909882,0.9706745147705078,0.6046907901763916
YGR172C,YMR281W,0,1.3274817,0.14131207764148712,0.9706745147705078,0.6047910451889038
YDR201W,YDR268W,0,1.327161,0.14129197597503662,0.9706745147705078,0.6048912405967712
YPR188C,YBR191W,0,1.326615,0.14127187430858612,0.9706745147705078,0.6049914956092834
YDR239C,YMR122W-A,0,1.3264397,0.14125177264213562,0.9706745147705078,0.6050916910171509
YML034W,YML102W,0,1.3248305,0.1412316858768463,0.9706745147705078,0.6051919460296631
YBR015C,YNL099C,0,1.3247627,0.141211599111557,0.9706745147705078,0.6052922010421753
YPR161C,YBL039C,0,1.3241127,0.1411915272474289,0.9706745147705078,0.6053923964500427
YHR165C,YOR354C,0,1.3229059,0.14117145538330078,0.9706745147705078,0.6054926514625549
YNL106C,YMR290C,0,1.3228681,0.14115138351917267,0.9706745147705078,0.6055928468704224
YDR168W,YOR096W,0,1.3228357,0.14113132655620575,0.9706745147705078,0.6056931018829346
YFL061W,YNL158W,0,1.3227038,0.14111126959323883,0.9706745147705078,0.605793297290802
YJL109C,YPR049C,0,1.3224185,0.1410912126302719,0.9706745147705078,0.6058935523033142
YKR080W,YGL031C,0,1.3180836,0.1410711705684662,0.9706745147705078,0.6059938073158264
YKL079W,YGR193C,0,1.3176081,0.14105114340782166,0.9706745147705078,0.6060940027236938
YLR037C,YMR109W,0,1.317606,0.14103110134601593,0.9706745147705078,0.606194257736206
YDR540C,YJR095W,0,1.3174886,0.1410110741853714,0.9706745147705078,0.6062944531440735
YDR073W,YER169W,0,1.3171699,0.14099106192588806,0.9706745147705078,0.6063947081565857
YMR158W,YGR017W,0,1.3152995,0.14097103476524353,0.9706745147705078,0.6064949631690979
YFL034C-A,YDR302W,0,1.3151989,0.1409510225057602,0.9706745147705078,0.6065951585769653
YGR202C,YNL118C,0,1.3143269,0.14093102514743805,0.9706745147705078,0.6066954135894775
YLR284C,YNR050C,0,1.3133862,0.1409110277891159,0.9706745147705078,0.606795608997345
YGL018C,YGR013W,0,1.3127936,0.14089103043079376,0.9706745147705078,0.6068958640098572
YOR059C,YGR005C,0,1.3112887,0.1408710479736328,0.9706745147705078,0.6069961190223694
YHR080C,YBL050W,0,1.3105903,0.14085106551647186,0.9706745147705078,0.6070963144302368
YDR432W,YDR003W,0,1.3103256,0.1408310830593109,0.9706745147705078,0.607196569442749
YDR041W,YPL013C,0,1.3100305,0.14081111550331116,0.9706745147705078,0.6072967648506165
YNL049C,YOR253W,0,1.3091364,0.1407911479473114,0.9706745147705078,0.6073970198631287
YJL080C,YOR063W,0,1.3088081,0.14077119529247284,0.9706745147705078,0.6074972152709961
YHR157W,YBR046C,0,1.3082082,0.14075124263763428,0.9706745147705078,0.6075974702835083
YGL116W,YNL001W,0,1.3073996,0.14073128998279572,0.9706745147705078,0.6076977252960205
YHR080C,YCR067C,0,1.3070717,0.14071135222911835,0.9706745147705078,0.6077979207038879
YEL048C,YNL030W,0,1.3069676,0.14069141447544098,0.9706745147705078,0.6078981757164001
YDR338C,YDR080W,0,1.3063152,0.1406714767217636,0.9706745147705078,0.6079983711242676
YKL127W,YOR337W,0,1.3041334,0.14065155386924744,0.9706745147705078,0.6080986261367798
YDR051C,YLR341W,0,1.303482,0.14063164591789246,0.9706745147705078,0.608198881149292
YHR167W,YJL101C,0,1.3034748,0.14061172306537628,0.9706745147705078,0.6082990765571594
YDR528W,YER026C,0,1.3028307,0.1405918151140213,0.9706745147705078,0.6083993315696716
YDR348C,YPR075C,0,1.301511,0.14057190716266632,0.9706745147705078,0.6084995269775391
YJR135C,YAR071W,0,1.3005393,0.14055201411247253,0.9706745147705078,0.6085997819900513
YBL067C,YNL097C,0,1.300214,0.14053212106227875,0.9706745147705078,0.6087000370025635
YNL062C,YMR081C,0,1.2988262,0.14051224291324615,0.9706745147705078,0.6088002324104309
YLR319C,YPL133C,0,1.2988217,0.14049236476421356,0.9706745147705078,0.6089004874229431
YCR086W,YLR002C,0,1.2987263,0.14047248661518097,0.9706745147705078,0.6090006828308105
YBR079C,YDR519W,0,1.2986808,0.14045262336730957,0.9706745147705078,0.6091009378433228
YPL140C,YLR015W,0,1.2977867,0.14043276011943817,0.9706745147705078,0.6092011332511902
YDR464W,YBR241C,0,1.2974972,0.14041289687156677,0.9706745147705078,0.6093013882637024
YPR081C,YHR176W,0,1.2974007,0.14039304852485657,0.9706745147705078,0.6094016432762146
YBR012W-B,YGR278W,0,1.2967877,0.14037320017814636,0.9706745147705078,0.609501838684082
YIL074C,YPR008W,0,1.296756,0.14035335183143616,0.9706745147705078,0.6096020936965942
YEL011W,YHR216W,0,1.2966547,0.14033351838588715,0.9706745147705078,0.6097022891044617
YML114C,YDR234W,0,1.2959356,0.14031368494033813,0.9706745147705078,0.6098025441169739
YMR302C,YKL045W,0,1.2954459,0.14029386639595032,0.9706745147705078,0.6099027991294861
YFR031C-A,YNL287W,0,1.2949893,0.1402740478515625,0.9706745147705078,0.6100029945373535
YOL012C,YGL207W,0,1.2931308,0.14025424420833588,0.9706745147705078,0.6101032495498657
YOR120W,YPR199C,0,1.2919722,0.14023442566394806,0.9706745147705078,0.6102034449577332
YHR161C,YJR065C,0,1.2918872,0.14021462202072144,0.9706745147705078,0.6103036999702454
YJR093C,YDR349C,0,1.2917283,0.140194833278656,0.9706745147705078,0.6104039549827576
YMR244C-A,YOL034W,0,1.2916216,0.14017504453659058,0.9706745147705078,0.610504150390625
YPL203W,YGR189C,0,1.290914,0.14015525579452515,0.9706745147705078,0.6106044054031372
YBL051C,YNL014W,0,1.2907407,0.1401354819536209,0.9706745147705078,0.6107046008110046
YGR212W,YPL058C,0,1.2901391,0.14011570811271667,0.9706745147705078,0.6108048558235168
YKL112W,YFR042W,0,1.2899607,0.14009593427181244,0.9706745147705078,0.610905110836029
YLR423C,YMR048W,0,1.2899019,0.1400761753320694,0.9706745147705078,0.6110053062438965
YOR329C,YKR022C,0,1.2891788,0.14005641639232635,0.9706745147705078,0.6111055612564087
YLR298C,YJR095W,0,1.2879682,0.1400366723537445,0.9706745147705078,0.6112057566642761
YDR107C,YLR292C,0,1.287755,0.14001691341400146,0.9706745147705078,0.6113060116767883
YOR007C,YDR291W,0,1.2868993,0.1399971842765808,0.9706745147705078,0.6114062070846558
YKL073W,YNL118C,0,1.2860811,0.13997744023799896,0.9706745147705078,0.611506462097168
YPR082C,YOR090C,0,1.2854235,0.1399577111005783,0.9706745147705078,0.6116067171096802
YCR042C,YLR265C,0,1.2846066,0.13993799686431885,0.9706745147705078,0.6117069125175476
YML019W,YER005W,0,1.2839501,0.1399182826280594,0.9706745147705078,0.6118071675300598
YLR044C,YDR186C,0,1.2838163,0.13989856839179993,0.9706745147705078,0.6119073629379272
YDL175C,YDR080W,0,1.2832079,0.13987885415554047,0.9706745147705078,0.6120076179504395
YCL001W,YGL002W,0,1.2818198,0.1398591548204422,0.9706745147705078,0.6121078729629517
YOR195W,YGR122W,0,1.2809529,0.13983945548534393,0.9706745147705078,0.6122080683708191
YNL090W,YFL018C,0,1.2803826,0.13981977105140686,0.9706745147705078,0.6123083233833313
YJL139C,YKL071W,0,1.2787108,0.1398000866174698,0.9706745147705078,0.6124085187911987
YLR006C,YMR293C,0,1.2783531,0.13978040218353271,0.9706745147705078,0.6125087738037109
YGR261C,YGL086W,0,1.2769163,0.13976073265075684,0.9706745147705078,0.6126090288162231
YDL143W,YBR201W,0,1.2766516,0.13974106311798096,0.9706745147705078,0.6127092242240906
YDR356W,YGR065C,0,1.2765864,0.13972140848636627,0.9706745147705078,0.6128094792366028
YNL137C,YDR292C,0,1.2765691,0.1397017389535904,0.9706745147705078,0.6129096746444702
YAL020C,YML067C,0,1.2762226,0.1396820992231369,0.9706745147705078,0.6130099296569824
YGR240C,YML091C,0,1.2756932,0.13966244459152222,0.9706745147705078,0.6131101250648499
YOR271C,YOR334W,1,1.2751828,0.13978342711925507,0.9716520309448242,0.6131101250648499
YFL039C,YDR412W,0,1.2749872,0.13976377248764038,0.9716520309448242,0.6132103800773621
YMR283C,YDR186C,0,1.2742181,0.1397441327571869,0.9716520309448242,0.6133106350898743
YLR238W,YDR284C,0,1.2737374,0.1397244930267334,0.9716520309448242,0.6134108304977417
YHR148W,YDR163W,0,1.2726406,0.1397048532962799,0.9716520309448242,0.6135110855102539
YJR110W,YPL249C,0,1.2721959,0.13968521356582642,0.9716520309448242,0.6136112809181213
YOL077C,YML123C,0,1.2718289,0.13966558873653412,0.9716520309448242,0.6137115359306335
YCL026C-A,YHR200W,0,1.2709162,0.13964596390724182,0.9716520309448242,0.6138117909431458
YMR184W,YNL272C,0,1.2705507,0.13962635397911072,0.9716520309448242,0.6139119863510132
YBL101C,YGR192C,0,1.2702805,0.13960674405097961,0.9716520309448242,0.6140122413635254
YER126C,YPL181W,0,1.2700903,0.1395871341228485,0.9716520309448242,0.6141124367713928
YDR313C,YMR041C,0,1.2696283,0.1395675390958786,0.9716520309448242,0.614212691783905
YMR079W,YBR233W-A,0,1.2694561,0.1395479440689087,0.9716520309448242,0.6143129467964172
YHR033W,YDL155W,0,1.2690417,0.13952834904193878,0.9716520309448242,0.6144131422042847
YJL099W,YDL106C,0,1.2689784,0.13950876891613007,0.9716520309448242,0.6145133972167969
YOR018W,YBR290W,0,1.2689238,0.13948918879032135,0.9716520309448242,0.6146135926246643
YML088W,YKR022C,0,1.2686154,0.13946962356567383,0.9716520309448242,0.6147138476371765
YGR193C,YDL127W,0,1.2675505,0.1394500583410263,0.9716520309448242,0.614814043045044
YMR125W,YPR096C,0,1.2664175,0.13943049311637878,0.9716520309448242,0.6149142980575562
YPL198W,YBR149W,0,1.2660986,0.13941094279289246,0.9716520309448242,0.6150145530700684
YDR224C,YDL188C,0,1.2652295,0.13939139246940613,0.9716520309448242,0.6151147484779358
YAL011W,YGR047C,0,1.2648097,0.1393718421459198,0.9716520309448242,0.615215003490448
YDL165W,YJR042W,0,1.2645147,0.13935230672359467,0.9716520309448242,0.6153151988983154
YNL326C,YGL086W,0,1.2643905,0.13933277130126953,0.9716520309448242,0.6154154539108276
YBR189W,YER011W,0,1.2639654,0.1393132507801056,0.9716520309448242,0.6155157089233398
YGL013C,YDR522C,0,1.2608207,0.13929371535778046,0.9716520309448242,0.6156159043312073
YML019W,YPR079W,0,1.2603164,0.1392742097377777,0.9716520309448242,0.6157161593437195
YMR235C,YOR371C,0,1.2595983,0.13925468921661377,0.9716520309448242,0.6158163547515869
YCL020W,YHR196W,0,1.2592776,0.13923518359661102,0.9716520309448242,0.6159166097640991
YDR520C,YIR022W,0,1.2590903,0.13921569287776947,0.9716520309448242,0.6160168647766113
YIL038C,YOR207C,0,1.2589736,0.13919618725776672,0.9716520309448242,0.6161170601844788
YLR136C,YDR057W,0,1.2553376,0.13917669653892517,0.9716520309448242,0.616217315196991
YJL069C,YJL056C,0,1.2550156,0.1391572207212448,0.9716520309448242,0.6163175106048584
YMR288W,YHR018C,0,1.2548013,0.13913774490356445,0.9716520309448242,0.6164177656173706
YML040W,YBR028C,0,1.254545,0.1391182690858841,0.9716520309448242,0.6165180206298828
YOR189W,YIL171W,0,1.254439,0.13909879326820374,0.9716520309448242,0.6166182160377502
YNL188W,YKL018W,0,1.2543371,0.13907933235168457,0.9716520309448242,0.6167184710502625
YPR108W,YLR089C,0,1.254334,0.1390598714351654,0.9716520309448242,0.6168186664581299
YBR244W,YPL220W,0,1.2539105,0.13904042541980743,0.9716520309448242,0.6169189214706421
YOL029C,YOR061W,0,1.252516,0.13902097940444946,0.9716520309448242,0.6170191168785095
YPR017C,YDL079C,0,1.2521541,0.1390015333890915,0.9716520309448242,0.6171193718910217
YHR073W,YGL231C,0,1.2519621,0.13898210227489471,0.9716520309448242,0.6172196269035339
YDR523C,YJR033C,0,1.2511812,0.13896267116069794,0.9716520309448242,0.6173198223114014
YER025W,YOR357C,0,1.2483963,0.13894325494766235,0.9716520309448242,0.6174200773239136
YHR105W,YNR016C,0,1.2478383,0.13892382383346558,0.9716520309448242,0.617520272731781
YBR038W,YGR083C,0,1.2464874,0.1389044225215912,0.9716520309448242,0.6176205277442932
YDR501W,YPR168W,0,1.2452642,0.1388850063085556,0.9716520309448242,0.6177207827568054
YDR450W,YCL044C,0,1.2448523,0.1388656049966812,0.9716520309448242,0.6178209781646729
YNR052C,YML115C,0,1.2446547,0.13884620368480682,0.9716520309448242,0.6179212331771851
YEL046C,YLR277C,0,1.2440977,0.13882681727409363,0.9716520309448242,0.6180214285850525
YGL181W,YKL018W,0,1.2431388,0.13880743086338043,0.9716520309448242,0.6181216835975647
YOR197W,YPR098C,0,1.2423179,0.13878804445266724,0.9716520309448242,0.6182219386100769
YER159C,YNL181W,0,1.2419631,0.13876867294311523,0.9716520309448242,0.6183221340179443
YDR469W,YPR103W,0,1.2411666,0.13874930143356323,0.9716520309448242,0.6184223890304565
YJL083W,YLR070C,0,1.2410264,0.13872992992401123,0.9716520309448242,0.618522584438324
YER184C,YJL074C,0,1.2403736,0.13871057331562042,0.9716520309448242,0.6186228394508362
YKL211C,YKR098C,0,1.2394345,0.13869121670722961,0.9716520309448242,0.6187230348587036
YMR100W,YER127W,0,1.2392261,0.138671875,0.9716520309448242,0.6188232898712158
YNL112W,YOR267C,0,1.2378256,0.13865253329277039,0.9716520309448242,0.618923544883728
YBR253W,YMR119W,0,1.2374732,0.13863319158554077,0.9716520309448242,0.6190237402915955
YMR017W,YGL127C,0,1.2364118,0.13861386477947235,0.9716520309448242,0.6191239953041077
YOL051W,YDR377W,0,1.236278,0.13859453797340393,0.9716520309448242,0.6192241907119751
YDR191W,YML113W,0,1.2360861,0.1385752111673355,0.9716520309448242,0.6193244457244873
YEL062W,YDR205W,1,1.234733,0.13869528472423553,0.9726295471191406,0.6193244457244873
YBR181C,YJL058C,0,1.2340734,0.13867595791816711,0.9726295471191406,0.6194247007369995
YHR134W,YMR040W,0,1.2339664,0.1386566311120987,0.9726295471191406,0.6195248961448669
YKL184W,YAL042W,0,1.2328854,0.13863731920719147,0.9726295471191406,0.6196251511573792
YPR079W,YLR248W,0,1.2325653,0.13861799240112305,0.9726295471191406,0.6197253465652466
YDL143W,YIL156W,0,1.2309525,0.13859869539737701,0.9726295471191406,0.6198256015777588
YMR298W,YJL090C,0,1.2308462,0.1385793834924698,0.9726295471191406,0.619925856590271
YMR208W,YKL071W,0,1.2296153,0.13856008648872375,0.9726295471191406,0.6200260519981384
YIL091C,YJR109C,0,1.2294133,0.13854078948497772,0.9726295471191406,0.6201263070106506
YHR033W,YML029W,0,1.2289765,0.13852150738239288,0.9726295471191406,0.6202265024185181
YBL025W,YDL214C,0,1.2278603,0.13850222527980804,0.9726295471191406,0.6203267574310303
YBR158W,YDL231C,0,1.2276763,0.1384829431772232,0.9726295471191406,0.6204269528388977
YMR068W,YKL134C,0,1.227288,0.13846367597579956,0.9726295471191406,0.6205272078514099
YIL023C,YBR136W,0,1.2271525,0.13844440877437592,0.9726295471191406,0.6206274628639221
YHR072W,YOR246C,0,1.2262853,0.13842515647411346,0.9726295471191406,0.6207276582717896
YJL139C,YDR257C,0,1.2262055,0.138405904173851,0.9726295471191406,0.6208279132843018
YJR129C,YPR186C,0,1.2261286,0.13838665187358856,0.9726295471191406,0.6209281086921692
YBR119W,YCR028C-A,0,1.2247443,0.1383673995733261,0.9726295471191406,0.6210283637046814
YLL009C,YGR217W,1,1.224422,0.13848720490932465,0.973607063293457,0.6210283637046814
YOR018W,YDR519W,0,1.2229128,0.1384679526090622,0.973607063293457,0.6211286187171936
YLR242C,YDR311W,0,1.2222985,0.13844870030879974,0.973607063293457,0.621228814125061
YCR088W,YBL063W,0,1.2208157,0.1384294629096985,0.973607063293457,0.6213290691375732
YMR232W,YKR029C,0,1.2199092,0.13841022551059723,0.973607063293457,0.6214292645454407
YDR032C,YNL063W,0,1.218759,0.13839100301265717,0.973607063293457,0.6215295195579529
YDR074W,YPR131C,0,1.2175323,0.1383717656135559,0.973607063293457,0.6216297745704651
YPR018W,YPL170W,0,1.2151741,0.13835254311561584,0.973607063293457,0.6217299699783325
YDL069C,YNL244C,0,1.2141929,0.13833333551883698,0.973607063293457,0.6218302249908447
YJL179W,YEL034W,0,1.21328,0.1383141279220581,0.973607063293457,0.6219304203987122
YIL084C,YER032W,0,1.2128658,0.13829492032527924,0.973607063293457,0.6220306754112244
YER030W,YDR111C,0,1.2110537,0.13827571272850037,0.973607063293457,0.6221309304237366
YDR441C,YLR039C,0,1.2107263,0.1382565200328827,0.973607063293457,0.622231125831604
YDR354W,YML054C,0,1.2097895,0.1382373422384262,0.973607063293457,0.6223313808441162
YDR522C,YDR108W,0,1.2097489,0.13821814954280853,0.973607063293457,0.6224315762519836
YDR324C,YEL013W,0,1.2091876,0.13819897174835205,0.973607063293457,0.6225318312644958
YPR112C,YIL173W,0,1.2084755,0.13817979395389557,0.973607063293457,0.6226320266723633
YAL068C,YCL044C,0,1.207954,0.13816063106060028,0.973607063293457,0.6227322816848755
YHR200W,YCR098C,0,1.2078577,0.138141468167305,0.973607063293457,0.6228325366973877
YOR057W,YOR252W,0,1.207411,0.1381223201751709,0.973607063293457,0.6229327321052551
YNL145W,YOL018C,0,1.2073617,0.1381031572818756,0.973607063293457,0.6230329871177673
YPL106C,YLR085C,0,1.2059467,0.13808400928974152,0.973607063293457,0.6231331825256348
YPL256C,YPL015C,0,1.204336,0.13806487619876862,0.973607063293457,0.623233437538147
YPL047W,YLL050C,0,1.2042954,0.13804574310779572,0.973607063293457,0.6233336925506592
YNL020C,YGR049W,0,1.203632,0.13802661001682281,0.973607063293457,0.6234338879585266
YMR002W,YDL201W,0,1.2029483,0.13800747692584991,0.973607063293457,0.6235341429710388
YNL090W,YMR280C,0,1.202646,0.1379883587360382,0.973607063293457,0.6236343383789062
YER063W,YKL196C,0,1.2007145,0.1379692405462265,0.973607063293457,0.6237345933914185
YNL247W,YGR279C,0,1.1996247,0.137950137257576,0.973607063293457,0.6238348484039307
YOR264W,YGL258W-A,0,1.1988733,0.13793103396892548,0.973607063293457,0.6239350438117981
YLL054C,YCL069W,0,1.198739,0.13791193068027496,0.973607063293457,0.6240352988243103
YER075C,YMR135C,0,1.1985188,0.13789284229278564,0.973607063293457,0.6241354942321777
YBR237W,YMR204C,0,1.1984495,0.13787375390529633,0.973607063293457,0.6242357492446899
YKL079W,YKL116C,0,1.1980385,0.137854665517807,0.973607063293457,0.6243359446525574
YKL197C,YAR008W,0,1.1973193,0.13783559203147888,0.973607063293457,0.6244361996650696
YNL286W,YOL126C,0,1.1966057,0.13781651854515076,0.973607063293457,0.6245364546775818
YIL173W,YER149C,0,1.1963367,0.13779745995998383,0.973607063293457,0.6246366500854492
YMR192W,YBR212W,0,1.1950098,0.1377783864736557,0.973607063293457,0.6247369050979614
YHR113W,YDR096W,0,1.194468,0.13775934278964996,0.973607063293457,0.6248371005058289
YPL018W,YML076C,0,1.1944201,0.13774028420448303,0.973607063293457,0.6249373555183411
YJR041C,YKL088W,0,1.1929451,0.1377212405204773,0.973607063293457,0.6250376105308533
YDL190C,YML087C,0,1.1926756,0.13770219683647156,0.973607063293457,0.6251378059387207
YAL002W,YKL129C,0,1.192358,0.13768316805362701,0.973607063293457,0.6252380609512329
YPL140C,YLR466W,0,1.1920106,0.13766413927078247,0.973607063293457,0.6253382563591003
YFL008W,YNL036W,0,1.1918168,0.13764511048793793,0.973607063293457,0.6254385113716125
YLR004C,YCR094W,0,1.1914432,0.13762608170509338,0.973607063293457,0.6255387663841248
YGL131C,YGR292W,0,1.1908643,0.13760706782341003,0.973607063293457,0.6256389617919922
YKL191W,YLR256W,0,1.1902875,0.13758806884288788,0.973607063293457,0.6257392168045044
YJR145C,YCR065W,0,1.190129,0.13756905496120453,0.973607063293457,0.6258394122123718
YPL149W,YHR107C,0,1.189761,0.13755005598068237,0.973607063293457,0.625939667224884
YPL030W,YJL173C,0,1.1890423,0.1375310719013214,0.973607063293457,0.6260398626327515
YBR214W,YML021C,0,1.1884493,0.13751208782196045,0.973607063293457,0.6261401176452637
YDR503C,YLR433C,0,1.1878881,0.1374931037425995,0.973607063293457,0.6262403726577759
YBR146W,YIL156W,0,1.1878747,0.13747411966323853,0.973607063293457,0.6263405680656433
YDL175C,YPR112C,0,1.1878524,0.13745515048503876,0.973607063293457,0.6264408230781555
YDR117C,YLR188W,0,1.1871454,0.137436181306839,0.973607063293457,0.626541018486023
YBR188C,YJR123W,0,1.1853684,0.13741721212863922,0.973607063293457,0.6266412734985352
YOL121C,YJR025C,0,1.1848075,0.13739825785160065,0.973607063293457,0.6267415285110474
YHR021C,YCL066W,0,1.1838984,0.13737930357456207,0.973607063293457,0.6268417239189148
YGL071W,YBR054W,1,1.1830201,0.13749827444553375,0.9745845794677734,0.6268417239189148
YFL029C,YHR101C,0,1.1829052,0.13747932016849518,0.9745845794677734,0.626941978931427
YKR104W,YKL134C,0,1.1821893,0.1374603658914566,0.9745845794677734,0.6270421743392944
YDR139C,YBR289W,0,1.1814705,0.13744141161441803,0.9745845794677734,0.6271424293518066
YDR270W,YDR288W,0,1.1801815,0.13742247223854065,0.9745845794677734,0.6272426843643188
YLR019W,YPL173W,0,1.1796215,0.13740353286266327,0.9745845794677734,0.6273428797721863
YLR147C,YBR097W,0,1.1790262,0.1373845934867859,0.9745845794677734,0.6274431347846985
YNL330C,YCR077C,0,1.1770098,0.1373656690120697,0.9745845794677734,0.6275433301925659
YGR261C,YNR030W,0,1.1768858,0.13734674453735352,0.9745845794677734,0.6276435852050781
YER126C,YNL145W,0,1.1768365,0.13732782006263733,0.9745845794677734,0.6277438402175903
YPL103C,YFL049W,0,1.1766726,0.13730891048908234,0.9745845794677734,0.6278440356254578
YJL059W,YPR134W,0,1.1754005,0.13729000091552734,0.9745845794677734,0.62794429063797
YDR069C,YLL036C,0,1.1746789,0.13727110624313354,0.9745845794677734,0.6280444860458374
YJL090C,YHR146W,0,1.1738093,0.13725219666957855,0.9745845794677734,0.6281447410583496
YJL094C,YGL254W,1,1.1736552,0.13737095892429352,0.9755620956420898,0.6281447410583496
YBR198C,YDR301W,0,1.1728195,0.13735204935073853,0.9755620956420898,0.628244936466217
YMR175W,YIR002C,0,1.1722482,0.13733315467834473,0.9755620956420898,0.6283451914787292
YOR069W,YIR004W,0,1.1718456,0.13731426000595093,0.9755620956420898,0.6284454464912415
YLR333C,YPR173C,0,1.1695228,0.13729536533355713,0.9755620956420898,0.6285456418991089
YDR469W,YGR289C,0,1.1695197,0.13727648556232452,0.9755620956420898,0.6286458969116211
YPR058W,YOL095C,0,1.1683772,0.13725760579109192,0.9755620956420898,0.6287460923194885
YNL134C,YCR033W,0,1.1680684,0.13723872601985931,0.9755620956420898,0.6288463473320007
YGL073W,YOR326W,0,1.1678233,0.1372198611497879,0.9755620956420898,0.6289466023445129
YDL065C,YPR034W,0,1.1668758,0.1372009962797165,0.9755620956420898,0.6290467977523804
YOR367W,YEL021W,0,1.1666538,0.13718213140964508,0.9755620956420898,0.6291470527648926
YHR088W,YNL329C,0,1.1658685,0.13716328144073486,0.9755620956420898,0.62924724817276
YMR198W,YHR141C,0,1.1644164,0.13714443147182465,0.9755620956420898,0.6293475031852722
YDR280W,YPL189W,0,1.1644095,0.13712558150291443,0.9755620956420898,0.6294477581977844
YHR081W,YCL055W,0,1.163999,0.1371067464351654,0.9755620956420898,0.6295479536056519
YIL137C,YGL031C,0,1.1638341,0.13708791136741638,0.9755620956420898,0.6296482086181641
YGR017W,YPL012W,0,1.1637831,0.13706909120082855,0.9755620956420898,0.6297484040260315
YOR260W,YDL138W,0,1.1637528,0.13705025613307953,0.9755620956420898,0.6298486590385437
YER048C,YBL009W,0,1.1620646,0.1370314359664917,0.9755620956420898,0.6299488544464111
YJL168C,YLR040C,0,1.1617656,0.13701263070106506,0.9755620956420898,0.6300491094589233
YPR131C,YDR268W,0,1.1602763,0.13699382543563843,0.9755620956420898,0.6301493644714355
YOR173W,YPL060W,0,1.1597898,0.1369750201702118,0.9755620956420898,0.630249559879303
YHR207C,YJL050W,0,1.1591473,0.13695622980594635,0.9755620956420898,0.6303498148918152
YGR108W,YLR430W,0,1.1574917,0.13693742454051971,0.9755620956420898,0.6304500102996826
YCR039C,YKL054C,0,1.157089,0.13691864907741547,0.9755620956420898,0.6305502653121948
YGR090W,YKL046C,0,1.1569431,0.13689985871315002,0.9755620956420898,0.630650520324707
YDR450W,YMR312W,0,1.1569407,0.13688108325004578,0.9755620956420898,0.6307507157325745
YDR141C,YNL119W,0,1.1561923,0.13686230778694153,0.9755620956420898,0.6308509707450867
YDR224C,YOR371C,0,1.1531067,0.13684354722499847,0.9755620956420898,0.6309511661529541
YDL080C,YLR453C,0,1.1516731,0.13682478666305542,0.9755620956420898,0.6310514211654663
YNL124W,YDL230W,0,1.1513312,0.13680602610111237,0.9755620956420898,0.6311516761779785
YML024W,YNL099C,0,1.1512192,0.1367872804403305,0.9755620956420898,0.631251871585846
YMR184W,YOL115W,0,1.1500721,0.13676853477954865,0.9755620956420898,0.6313521265983582
YFL049W,YCL010C,0,1.1494814,0.13674978911876678,0.9755620956420898,0.6314523220062256
YKL137W,YPR094W,0,1.1488733,0.13673105835914612,0.9755620956420898,0.6315525770187378
YLR276C,YJR050W,0,1.1475583,0.13671232759952545,0.9755620956420898,0.6316527724266052
YLR045C,YNL066W,0,1.146962,0.13669359683990479,0.9755620956420898,0.6317530274391174
YJL177W,YPL144W,0,1.1465563,0.1366748809814453,0.9755620956420898,0.6318532824516296
YOR011W,YER100W,0,1.1443965,0.13665616512298584,0.9755620956420898,0.6319534778594971
YDR096W,YHR092C,0,1.1439102,0.13663746416568756,0.9755620956420898,0.6320537328720093
YLR433C,YLR134W,0,1.1433676,0.1366187483072281,0.9755620956420898,0.6321539282798767
YDR266C,YLL042C,0,1.1424628,0.1366000473499298,0.9755620956420898,0.6322541832923889
YJR110W,YCL016C,0,1.1417632,0.13658136129379272,0.9755620956420898,0.6323544383049011
YMR274C,YMR001C,0,1.1417289,0.13656267523765564,0.9755620956420898,0.6324546337127686
YML065W,YPL171C,0,1.1401913,0.13654398918151855,0.9755620956420898,0.6325548887252808
YOR293W,YMR118C,0,1.1395768,0.13652530312538147,0.9755620956420898,0.6326550841331482
YKL218C,YER173W,0,1.1395241,0.13650663197040558,0.9755620956420898,0.6327553391456604
YBL055C,YBR159W,0,1.1392895,0.1364879608154297,0.9755620956420898,0.6328555941581726
YGL257C,YDR056C,0,1.1390129,0.136469304561615,0.9755620956420898,0.63295578956604
YKR095W,YMR236W,0,1.1388735,0.1364506483078003,0.9755620956420898,0.6330560445785522
YOR191W,YJL059W,0,1.1384022,0.1364319920539856,0.9755620956420898,0.6331562399864197
YNR033W,YHR129C,0,1.1371758,0.1364133358001709,0.9755620956420898,0.6332564949989319
YFR030W,YLR262C,0,1.1371026,0.1363946944475174,0.9755620956420898,0.6333567500114441
YDR259C,YKL149C,0,1.1359868,0.1363760530948639,0.9755620956420898,0.6334569454193115
YNL299W,YDL212W,0,1.1357867,0.13635742664337158,0.9755620956420898,0.6335572004318237
YEL058W,YLR075W,0,1.135537,0.13633880019187927,0.9755620956420898,0.6336573958396912
YAL009W,YER148W,0,1.1355222,0.13632017374038696,0.9755620956420898,0.6337576508522034
YGR158C,YBR109C,0,1.135445,0.13630156219005585,0.9755620956420898,0.6338578462600708
YDR448W,YER015W,0,1.1351336,0.13628295063972473,0.9755620956420898,0.633958101272583
YKR030W,YOR141C,0,1.1315994,0.13626433908939362,0.9755620956420898,0.6340583562850952
YFR037C,YGL192W,0,1.1299822,0.1362457275390625,0.9755620956420898,0.6341585516929626
YOL005C,YPR070W,0,1.1296892,0.13622713088989258,0.9755620956420898,0.6342588067054749
YER157W,YCR106W,0,1.1293255,0.13620854914188385,0.9755620956420898,0.6343590021133423
YKL052C,YDR014W,0,1.1290815,0.13618995249271393,0.9755620956420898,0.6344592571258545
YNL049C,YGL073W,0,1.12902,0.1361713707447052,0.9755620956420898,0.6345595121383667
YAL028W,YGL222C,0,1.1285951,0.13615280389785767,0.9755620956420898,0.6346597075462341
YDR503C,YOR320C,0,1.1285651,0.13613422214984894,0.9755620956420898,0.6347599625587463
YGL053W,YIR008C,0,1.1281635,0.1361156553030014,0.9755620956420898,0.6348601579666138
YPR103W,YNL242W,0,1.1275012,0.13609708845615387,0.9755620956420898,0.634960412979126
YCR072C,YCL055W,0,1.127104,0.13607853651046753,0.9755620956420898,0.6350606679916382
YPR174C,YNR022C,0,1.1267902,0.1360599845647812,0.9755620956420898,0.6351608633995056
YIL014W,YHR028C,0,1.1258106,0.13604143261909485,0.9755620956420898,0.6352611184120178
YPL117C,YGR262C,0,1.1255622,0.1360228955745697,0.9755620956420898,0.6353613138198853
YDR054C,YJL207C,0,1.1252244,0.13600435853004456,0.9755620956420898,0.6354615688323975
YIL119C,YHL031C,0,1.1251981,0.1359858363866806,0.9755620956420898,0.6355617642402649
YDR484W,YPL123C,0,1.1248416,0.13596729934215546,0.9755620956420898,0.6356620192527771
YIR012W,YPR128C,0,1.1247305,0.1359487771987915,0.9755620956420898,0.6357622742652893
YKL139W,YPR021C,0,1.1242111,0.13593026995658875,0.9755620956420898,0.6358624696731567
YGL048C,YPL173W,0,1.1241682,0.1359117478132248,0.9755620956420898,0.635962724685669
YBR189W,YKL213C,0,1.1231236,0.13589324057102203,0.9755620956420898,0.6360629200935364
YIL063C,YDR054C,0,1.1220808,0.13587474822998047,0.9755620956420898,0.6361631751060486
YER177W,YBL064C,0,1.1220196,0.1358562409877777,0.9755620956420898,0.6362634301185608
YDL195W,YOR371C,0,1.1214354,0.13583776354789734,0.9755620956420898,0.6363636255264282
YER172C,YKL071W,0,1.1209385,0.13581927120685577,0.9755620956420898,0.6364638805389404
YOR373W,YHR101C,0,1.1200904,0.1358007937669754,0.9755620956420898,0.6365640759468079
YHR076W,YGL028C,0,1.1200205,0.13578231632709503,0.9755620956420898,0.6366643309593201
YLR298C,YMR092C,0,1.1196712,0.13576383888721466,0.9755620956420898,0.6367645859718323
YPL074W,YMR150C,0,1.1191301,0.13574537634849548,0.9755620956420898,0.6368647813796997
YGL044C,YDL180W,0,1.119005,0.1357269138097763,0.9755620956420898,0.6369650363922119
YAR015W,YBR236C,0,1.1174271,0.13570845127105713,0.9755620956420898,0.6370652318000793
YHR197W,YNL020C,0,1.1151279,0.13569000363349915,0.9755620956420898,0.6371654868125916
YDR127W,YML118W,0,1.1145647,0.13567155599594116,0.9755620956420898,0.637265682220459
YDR354W,YJL089W,0,1.114323,0.13565312325954437,0.9755620956420898,0.6373659372329712
YFR047C,YJL056C,0,1.1141497,0.13563469052314758,0.9755620956420898,0.6374661922454834
YFL009W,YFR040W,0,1.1131655,0.1356162577867508,0.9755620956420898,0.6375663876533508
YFL037W,YMR142C,0,1.111887,0.135597825050354,0.9755620956420898,0.637666642665863
YCL048W,YGL040C,0,1.111809,0.1355794072151184,0.9755620956420898,0.6377668380737305
YLL009C,YLR237W,1,1.1117802,0.13569682836532593,0.9765396118164062,0.6377668380737305
YOR197W,YPL059W,0,1.1117592,0.13567839562892914,0.9765396118164062,0.6378670930862427
YOR177C,YDR031W,0,1.1117263,0.13565996289253235,0.9765396118164062,0.6379673480987549
YJR110W,YNL250W,0,1.1115239,0.13564154505729675,0.9765396118164062,0.6380675435066223
YMR105C,YJL100W,0,1.1114178,0.13562312722206116,0.9765396118164062,0.6381677985191345
YBR164C,YPR073C,0,1.1113371,0.13560472428798676,0.9765396118164062,0.638267993927002
YBR210W,YDR200C,0,1.1113219,0.13558632135391235,0.9765396118164062,0.6383682489395142
YBL103C,YLR371W,0,1.1113169,0.13556791841983795,0.9765396118164062,0.6384685039520264
YLR446W,YGL153W,0,1.1092066,0.13554953038692474,0.9765396118164062,0.6385686993598938
YDR283C,YKL157W,0,1.1085316,0.13553114235401154,0.9765396118164062,0.638668954372406
YJR047C,YJR050W,0,1.1077969,0.13551275432109833,0.9765396118164062,0.6387691497802734
YJL101C,YBL060W,0,1.1069149,0.13549436628818512,0.9765396118164062,0.6388694047927856
YDR348C,YBR086C,0,1.1069095,0.1354759931564331,0.9765396118164062,0.6389696598052979
YHR133C,YIL144W,0,1.1040574,0.1354576200246811,0.9765396118164062,0.6390698552131653
YOR149C,YMR216C,0,1.1039002,0.13543926179409027,0.9765396118164062,0.6391701102256775
YLR090W,YKR038C,0,1.1028643,0.13542090356349945,0.9765396118164062,0.6392703056335449
YNR043W,YPL224C,0,1.1027335,0.13540254533290863,0.9765396118164062,0.6393705606460571
YDL104C,YML031W,0,1.1023043,0.135384202003479,0.9765396118164062,0.6394707560539246
YGL144C,YDR165W,0,1.1019837,0.13536585867404938,0.9765396118164062,0.6395710110664368
YHR160C,YDL161W,0,1.1018331,0.13534751534461975,0.9765396118164062,0.639671266078949
YPL126W,YLR034C,0,1.1017781,0.13532917201519012,0.9765396118164062,0.6397714614868164
YKL027W,YGR165W,0,1.1011921,0.1353108435869217,0.9765396118164062,0.6398717164993286
YLR446W,YKR052C,0,1.1007178,0.13529253005981445,0.9765396118164062,0.639971911907196
YPR199C,YDR204W,0,1.0998371,0.13527420163154602,0.9765396118164062,0.6400721669197083
YOR356W,YMR070W,0,1.0987077,0.13525588810443878,0.9765396118164062,0.6401724219322205
YLR131C,YDR471W,0,1.0971457,0.13523757457733154,0.9765396118164062,0.6402726173400879
YGR253C,YML087C,0,1.0956864,0.1352192759513855,0.9765396118164062,0.6403728723526001
YJR042W,YML086C,0,1.0954448,0.13520097732543945,0.9765396118164062,0.6404730677604675
YIL075C,YJL151C,0,1.0946945,0.1351826786994934,0.9765396118164062,0.6405733227729797
YNL259C,YCR027C,1,1.0943313,0.1352996826171875,0.9775171279907227,0.6405733227729797
YDL065C,YLL026W,0,1.094286,0.13528138399124146,0.9775171279907227,0.6406735777854919
YOR368W,YLR054C,0,1.0940812,0.1352630853652954,0.9775171279907227,0.6407737731933594
YER054C,YPL204W,0,1.0932298,0.13524478673934937,0.9775171279907227,0.6408740282058716
YOR117W,YBR185C,0,1.0926363,0.13522650301456451,0.9775171279907227,0.640974223613739
YEL046C,YNL176C,0,1.0924664,0.13520821928977966,0.9775171279907227,0.6410744786262512
YBL027W,YLR408C,0,1.0924134,0.1351899355649948,0.9775171279907227,0.6411746740341187
YGL155W,YKL008C,0,1.0904915,0.13517166674137115,0.9775171279907227,0.6412749290466309
YBR004C,YOR256C,0,1.0899938,0.1351533979177475,0.9775171279907227,0.6413751840591431
YDR328C,YGL253W,0,1.0898343,0.13513512909412384,0.9775171279907227,0.6414753794670105
YML062C,YNL014W,0,1.0892025,0.13511687517166138,0.9775171279907227,0.6415756344795227
YNL039W,YPL060W,0,1.0890546,0.1350986212491989,0.9775171279907227,0.6416758298873901
YNL145W,YLL036C,0,1.0889028,0.13508036732673645,0.9775171279907227,0.6417760848999023
YMR035W,YDR004W,0,1.0882741,0.13506212830543518,0.9775171279907227,0.6418763399124146
YOR224C,YER164W,0,1.0872715,0.1350438892841339,0.9775171279907227,0.641976535320282
YJL025W,YJL216C,0,1.0868425,0.13502565026283264,0.9775171279907227,0.6420767903327942
YLR423C,YPR110C,0,1.0867708,0.13500742614269257,0.9775171279907227,0.6421769857406616
YKR050W,YCR027C,1,1.0863562,0.13512419164180756,0.9784946441650391,0.6421769857406616
YPR175W,YBR198C,0,1.0862784,0.1351059526205063,0.9784946441650391,0.6422772407531738
YMR283C,YBR022W,0,1.0861871,0.13508771359920502,0.9784946441650391,0.642377495765686
YHR018C,YNR054C,0,1.0858091,0.13506948947906494,0.9784946441650391,0.6424776911735535
YNL064C,YGL129C,0,1.085772,0.13505126535892487,0.9784946441650391,0.6425779461860657
YCR033W,YDL065C,0,1.0822682,0.13503305613994598,0.9784946441650391,0.6426781415939331
YMR306W,YOR236W,0,1.081992,0.1350148320198059,0.9784946441650391,0.6427783966064453
YDR009W,YDR088C,0,1.0818603,0.13499662280082703,0.9784946441650391,0.6428785920143127
YBR089C-A,YBL014C,0,1.0816576,0.13497842848300934,0.9784946441650391,0.642978847026825
YAL028W,YDR398W,0,1.0816493,0.13496021926403046,0.9784946441650391,0.6430791020393372
YDL220C,YPL255W,0,1.0813162,0.13494203984737396,0.9784946441650391,0.6431792974472046
YGR129W,YAL001C,0,1.0810186,0.13492384552955627,0.9784946441650391,0.6432795524597168
YBR048W,YIL130W,0,1.0809072,0.13490566611289978,0.9784946441650391,0.6433797478675842
YER007W,YHR129C,0,1.0802944,0.1348874866962433,0.9784946441650391,0.6434800028800964
YGR122W,YDR179C,0,1.0802318,0.1348693072795868,0.9784946441650391,0.6435802578926086
YDR279W,YIL049W,0,1.0792739,0.1348511427640915,0.9784946441650391,0.6436804533004761
YOR090C,YOL095C,0,1.0791413,0.1348329782485962,0.9784946441650391,0.6437807083129883
YDR248C,YER015W,0,1.0778319,0.1348148137331009,0.9784946441650391,0.6438809037208557
YGR104C,YNL063W,0,1.0773802,0.13479666411876678,0.9784946441650391,0.6439811587333679
YDL166C,YOR058C,0,1.0770943,0.13477851450443268,0.9784946441650391,0.6440814137458801
YKR009C,YMR071C,0,1.0747511,0.13476036489009857,0.9784946441650391,0.6441816091537476
YCL051W,YGR156W,0,1.0743381,0.13474223017692566,0.9784946441650391,0.6442818641662598
YHR084W,YIL018W,0,1.0737239,0.13472409546375275,0.9784946441650391,0.6443820595741272
YPL117C,YPL164C,0,1.0731775,0.13470596075057983,0.9784946441650391,0.6444823145866394
YDR213W,YNL321W,0,1.0722601,0.13468784093856812,0.9784946441650391,0.6445825695991516
YDR484W,YAL026C,0,1.0721081,0.1346697211265564,0.9784946441650391,0.644682765007019
YNL051W,YBR005W,0,1.071537,0.13465160131454468,0.9784946441650391,0.6447830200195312
YHR123W,YDR194C,0,1.0714138,0.13463349640369415,0.9784946441650391,0.6448832154273987
YNL145W,YER133W,0,1.069436,0.13461539149284363,0.9784946441650391,0.6449834704399109
YNL264C,YOR217W,0,1.0693216,0.1345972865819931,0.9784946441650391,0.6450836658477783
YGR206W,YJL203W,0,1.0685365,0.13457918167114258,0.9784946441650391,0.6451839208602905
YER051W,YHR171W,0,1.0685028,0.13456109166145325,0.9784946441650391,0.6452841758728027
YGR218W,YAL003W,0,1.0679607,0.1345430165529251,0.9784946441650391,0.6453843712806702
YGL035C,YER035W,0,1.0676806,0.13452492654323578,0.9784946441650391,0.6454846262931824
YGR275W,YNL291C,0,1.0676416,0.13450685143470764,0.9784946441650391,0.6455848217010498
YBR149W,YFL056C,0,1.0675875,0.1344887763261795,0.9784946441650391,0.645685076713562
YPL009C,YIL056W,0,1.0674897,0.13447071611881256,0.9784946441650391,0.6457853317260742
YJL001W,YPR096C,0,1.066628,0.13445265591144562,0.9784946441650391,0.6458855271339417
YGR211W,YLR418C,0,1.065125,0.13443459570407867,0.9784946441650391,0.6459857821464539
YOR018W,YBR003W,0,1.0649958,0.13441655039787292,0.9784946441650391,0.6460859775543213
YLR446W,YGR277C,0,1.0646622,0.13439849019050598,0.9784946441650391,0.6461862325668335
YOR140W,YGR203W,0,1.0645732,0.13438045978546143,0.9784946441650391,0.6462864875793457
YPL225W,YHR113W,0,1.0635796,0.13436241447925568,0.9784946441650391,0.6463866829872131
YJR066W,YJR088C,0,1.0631963,0.13434438407421112,0.9784946441650391,0.6464869379997253
YDR184C,YDR148C,0,1.0627143,0.13432635366916656,0.9784946441650391,0.6465871334075928
YBR160W,YML023C,0,1.0622097,0.1343083381652832,0.9784946441650391,0.646687388420105
YOR003W,YFR024C-A,0,1.0614768,0.13429030776023865,0.9784946441650391,0.6467875838279724
YNL098C,YNR071C,0,1.0611827,0.13427230715751648,0.9784946441650391,0.6468878388404846
YOL078W,YOL017W,0,1.0607452,0.13425429165363312,0.9784946441650391,0.6469880938529968
YKL043W,YGR202C,0,1.0603845,0.13423629105091095,0.9784946441650391,0.6470882892608643
YDR425W,YEL044W,0,1.0598452,0.13421829044818878,0.9784946441650391,0.6471885442733765
YDL102W,YPL106C,0,1.0583483,0.1342002898454666,0.9784946441650391,0.6472887396812439
YGR289C,YBR193C,0,1.0582153,0.13418230414390564,0.9784946441650391,0.6473889946937561
YPL183C,YPR186C,0,1.0582076,0.13416431844234467,0.9784946441650391,0.6474892497062683
YJL184W,YNL055C,0,1.0566757,0.13414634764194489,0.9784946441650391,0.6475894451141357
YOR262W,YPR036W,0,1.0557023,0.1341283619403839,0.9784946441650391,0.647689700126648
YMR244C-A,YML021C,0,1.0546277,0.13411039113998413,0.9784946441650391,0.6477898955345154
YGL115W,YIR036C,0,1.0541966,0.13409243524074554,0.9784946441650391,0.6478901505470276
YER063W,YKR049C,0,1.0537155,0.13407446444034576,0.9784946441650391,0.6479904055595398
YDR379W,YML024W,0,1.0528126,0.13405650854110718,0.9784946441650391,0.6480906009674072
YCL051W,YDL005C,0,1.0520508,0.13403856754302979,0.9784946441650391,0.6481908559799194
YDR248C,YPL230W,0,1.0514112,0.1340206116437912,0.9784946441650391,0.6482910513877869
YDR110W,YLR363C,0,1.0510621,0.1340026706457138,0.9784946441650391,0.6483913064002991
YHR050W,YGR241C,0,1.0504607,0.1339847445487976,0.9784946441650391,0.6484915018081665
YLL054C,YCR027C,0,1.0498445,0.13396680355072021,0.9784946441650391,0.6485917568206787
YOR003W,YDR541C,0,1.0494204,0.13394887745380402,0.9784946441650391,0.6486920118331909
YBR005W,YBR136W,0,1.0485568,0.133930966258049,0.9784946441650391,0.6487922072410583
YIL153W,YDL205C,0,1.0475799,0.1339130401611328,0.9784946441650391,0.6488924622535706
YGR240C,YKL134C,0,1.0458752,0.1338951289653778,0.9784946441650391,0.648992657661438
YOR063W,YML107C,0,1.044843,0.1338772177696228,0.9784946441650391,0.6490929126739502
YJL197W,YKL183W,0,1.0443662,0.133859321475029,0.9784946441650391,0.6491931676864624
YDL030W,YBL004W,0,1.043854,0.13384142518043518,0.9784946441650391,0.6492933630943298
YOR373W,YML041C,0,1.042752,0.13382352888584137,0.9784946441650391,0.649393618106842
YHR065C,YDL058W,0,1.0427293,0.13380564749240875,0.9784946441650391,0.6494938135147095
YMR038C,YGR217W,1,1.0426043,0.13392141461372375,0.9794721603393555,0.6494938135147095
YJL020C,YLL014W,0,1.042601,0.13390351831912994,0.9794721603393555,0.6495940685272217
YER157W,YPL235W,0,1.0423175,0.13388562202453613,0.9794721603393555,0.6496943235397339
YPR122W,YGL246C,0,1.0417217,0.13386774063110352,0.9794721603393555,0.6497945189476013
YFR046C,YMR105C,0,1.0416877,0.1338498592376709,0.9794721603393555,0.6498947739601135
YIL078W,YLR056W,0,1.0411392,0.13383197784423828,0.9794721603393555,0.649994969367981
YML061C,YCL051W,0,1.0405912,0.13381409645080566,0.9794721603393555,0.6500952243804932
YBR264C,YPL235W,0,1.0398463,0.13379622995853424,0.9794721603393555,0.6501954197883606
YDR381W,YDL010W,0,1.0394706,0.133778378367424,0.9794721603393555,0.6502956748008728
YDR074W,YNL265C,0,1.0391062,0.1337605118751526,0.9794721603393555,0.650395929813385
YKL181W,YJL139C,0,1.0388412,0.13374266028404236,0.9794721603393555,0.6504961252212524
YIL041W,YGL039W,0,1.0386443,0.13372480869293213,0.9794721603393555,0.6505963802337646
YDR328C,YPR110C,0,1.0380993,0.1337069720029831,0.9794721603393555,0.6506965756416321
YFR009W,YGL123W,0,1.0367515,0.13368912041187286,0.9794721603393555,0.6507968306541443
YDR422C,YNR051C,0,1.0366898,0.13367129862308502,0.9794721603393555,0.6508970856666565
YBR169C,YJL110C,0,1.0343738,0.133653461933136,0.9794721603393555,0.6509972810745239
YMR244C-A,YGR148C,0,1.0328735,0.13363564014434814,0.9794721603393555,0.6510975360870361
YHR141C,YDL160C,0,1.0327548,0.1336178183555603,0.9794721603393555,0.6511977314949036
YER102W,YDL122W,0,1.0318711,0.13359999656677246,0.9794721603393555,0.6512979865074158
YKL140W,YGR152C,0,1.0303805,0.1335821896791458,0.9794721603393555,0.651398241519928
YDR224C,YLR086W,0,1.0297531,0.13356438279151917,0.9794721603393555,0.6514984369277954
YMR312W,YNL088W,0,1.0285497,0.13354657590389252,0.9794721603393555,0.6515986919403076
YFR014C,YGR261C,0,1.0285175,0.13352878391742706,0.9794721603393555,0.651698887348175
YOL144W,YKL185W,0,1.0281395,0.1335109919309616,0.9794721603393555,0.6517991423606873
YMR197C,YDR257C,0,1.027533,0.13349319994449615,0.9794721603393555,0.6518993973731995
YDR227W,YMR011W,0,1.0253867,0.1334754228591919,0.9794721603393555,0.6519995927810669
YDR191W,YMR266W,0,1.0246569,0.13345764577388763,0.9794721603393555,0.6520998477935791
YBR291C,YBL100W-B,0,1.0245405,0.13343986868858337,0.9794721603393555,0.6522000432014465
YLR347C,YCR068W,0,1.0234537,0.1334221065044403,0.9794721603393555,0.6523002982139587
YOR156C,YNL023C,0,1.0234332,0.13340434432029724,0.9794721603393555,0.6524004936218262
YOR308C,YIR036C,0,1.0230757,0.13338658213615417,0.9794721603393555,0.6525007486343384
YNL124W,YDR430C,0,1.022924,0.1333688199520111,0.9794721603393555,0.6526010036468506
YPL049C,YLR099C,0,1.0225652,0.13335107266902924,0.9794721603393555,0.652701199054718
YNL038W,YCL031C,0,1.0219651,0.13333334028720856,0.9794721603393555,0.6528014540672302
YER088C,YGL079W,0,1.0199661,0.13331559300422668,0.9794721603393555,0.6529016494750977
YBR123C,YKR027W,0,1.0195011,0.133297860622406,0.9794721603393555,0.6530019044876099
YBR188C,YML027W,0,1.0192294,0.13328012824058533,0.9794721603393555,0.6531021595001221
YBR153W,YNL294C,0,1.0181825,0.13326239585876465,0.9794721603393555,0.6532023549079895
YIL109C,YNR051C,0,1.0177267,0.13324467837810516,0.9794721603393555,0.6533026099205017
YOR290C,YDR022C,0,1.0174638,0.13322696089744568,0.9794721603393555,0.6534028053283691
YLR274W,YCR088W,0,1.017371,0.1332092583179474,0.9794721603393555,0.6535030603408813
YHL031C,YPR046W,0,1.0161344,0.1331915408372879,0.9794721603393555,0.6536033153533936
YLR433C,YNR047W,0,1.015466,0.1331738382577896,0.9794721603393555,0.653703510761261
YHL011C,YGL063W,0,1.0153708,0.13315615057945251,0.9794721603393555,0.6538037657737732
YMR323W,YML013W,0,1.0144305,0.13313844799995422,0.9794721603393555,0.6539039611816406
YML100W,YJL106W,0,1.0138624,0.13312076032161713,0.9794721603393555,0.6540042161941528
YNL135C,YMR287C,0,1.0135344,0.13310308754444122,0.9794721603393555,0.6541044116020203
YEL018W,YOR341W,0,1.0126647,0.13308539986610413,0.9794721603393555,0.6542046666145325
YDL080C,YNL218W,0,1.0124717,0.13306772708892822,0.9794721603393555,0.6543049216270447
YDR054C,YAL025C,0,1.0123426,0.13305005431175232,0.9794721603393555,0.6544051170349121
YDL060W,YCL051W,0,1.0117301,0.1330323964357376,0.9794721603393555,0.6545053720474243
YGL079W,YIL123W,0,1.0116923,0.1330147385597229,0.9794721603393555,0.6546055674552917
YDR469W,YCR010C,0,1.0113603,0.1329970806837082,0.9794721603393555,0.654705822467804
YBR058C,YNL053W,0,1.0103843,0.13297942280769348,0.9794721603393555,0.6548060774803162
YPR017C,YMR118C,0,1.0091573,0.13296177983283997,0.9794721603393555,0.6549062728881836
YMR318C,YCR028C,0,1.0077494,0.13294413685798645,0.9794721603393555,0.6550065279006958
YHL011C,YKL071W,0,1.0077028,0.13292650878429413,0.9794721603393555,0.6551067233085632
YPR058W,YPL068C,0,1.0071409,0.1329088807106018,0.9794721603393555,0.6552069783210754
YKL107W,YHR103W,0,1.0063498,0.13289125263690948,0.9794721603393555,0.6553072333335876
YAL030W,YBR132C,0,1.0056401,0.13287362456321716,0.9794721603393555,0.6554074287414551
YNR043W,YPL048W,0,1.0049372,0.13285601139068604,0.9794721603393555,0.6555076837539673
YLR328W,YOR011W,0,1.0048977,0.1328383982181549,0.9794721603393555,0.6556078791618347
YLL042C,YJL025W,0,1.0041021,0.13282078504562378,0.9794721603393555,0.6557081341743469
YLL001W,YOR171C,0,1.0029161,0.13280318677425385,0.9794721603393555,0.6558083295822144
YBL105C,YOL152W,0,1.0018449,0.1327855885028839,0.9794721603393555,0.6559085845947266
YDL168W,YMR286W,0,1.0015984,0.13276799023151398,0.9794721603393555,0.6560088396072388
YLR040C,YMR044W,0,1.0008188,0.13275039196014404,0.9794721603393555,0.6561090350151062
YJL083W,YJL050W,0,1.0008012,0.1327328085899353,0.9794721603393555,0.6562092900276184
YMR035W,YER111C,0,1.0004524,0.13271522521972656,0.9794721603393555,0.6563094854354858
YML047C,YGR099W,0,0.9991927,0.13269765675067902,0.9794721603393555,0.656409740447998
YBR048W,YIL129C,0,0.99789476,0.13268008828163147,0.9794721603393555,0.6565099954605103
YPL037C,YPL161C,0,0.9977029,0.13266251981258392,0.9794721603393555,0.6566101908683777
YPR054W,YML055W,0,0.9976141,0.13264495134353638,0.9794721603393555,0.6567104458808899
YMR101C,YLR095C,0,0.997571,0.13262739777565002,0.9794721603393555,0.6568106412887573
YPR132W,YNL082W,0,0.99720645,0.13260984420776367,0.9794721603393555,0.6569108963012695
YOR127W,YPL143W,0,0.9959221,0.1325923055410385,0.9794721603393555,0.6570111513137817
YDR267C,YKL198C,0,0.99439,0.13257475197315216,0.9794721603393555,0.6571113467216492
YPL195W,YPL146C,0,0.99406135,0.132557213306427,0.9794721603393555,0.6572116017341614
YKL127W,YOL122C,0,0.99390924,0.13253968954086304,0.9794721603393555,0.6573117971420288
YDR247W,YGR099W,0,0.99363345,0.13252215087413788,0.9794721603393555,0.657412052154541
YDR045C,YKL091C,0,0.9934654,0.1325046271085739,0.9794721603393555,0.6575123071670532
YCR040W,YOR242C,0,0.9909754,0.13248710334300995,0.9794721603393555,0.6576125025749207
YGL071W,YML123C,1,0.9903219,0.132601797580719,0.9804496765136719,0.6576125025749207
YGR240C,YDR202C,0,0.9889765,0.13258427381515503,0.9804496765136719,0.6577127575874329
YPL138C,YFL005W,0,0.98752725,0.13256675004959106,0.9804496765136719,0.6578129529953003
YKR089C,YPR075C,0,0.98643255,0.1325492262840271,0.9804496765136719,0.6579132080078125
YBR084C-A,YDL122W,0,0.9838333,0.13253171741962433,0.9804496765136719,0.6580134034156799
YHR193C,YBR203W,0,0.9832584,0.13251420855522156,0.9804496765136719,0.6581136584281921
YJR110W,YLR188W,0,0.98126537,0.1324966996908188,0.9804496765136719,0.6582139134407043
YOR234C,YJR084W,0,0.9806447,0.13247919082641602,0.9804496765136719,0.6583141088485718
YOR262W,YBR110W,0,0.98017097,0.13246169686317444,0.9804496765136719,0.658414363861084
YOL018C,YJL052W,0,0.97939634,0.13244420289993286,0.9804496765136719,0.6585145592689514
YMR277W,YDR104C,0,0.977373,0.13242672383785248,0.9804496765136719,0.6586148142814636
YGR037C,YJL028W,0,0.9768958,0.1324092447757721,0.9804496765136719,0.6587150692939758
YOR231W,YLL006W,0,0.9759848,0.1323917657136917,0.9804496765136719,0.6588152647018433
YBR289W,YDR430C,0,0.97567797,0.13237428665161133,0.9804496765136719,0.6589155197143555
YOR133W,YPL204W,0,0.97543955,0.13235682249069214,0.9804496765136719,0.6590157151222229
YFR009W,YGL224C,0,0.9752192,0.13233935832977295,0.9804496765136719,0.6591159701347351
YDR009W,YDL194W,0,0.97483253,0.13232189416885376,0.9804496765136719,0.6592162251472473
YMR220W,YKR053C,0,0.9737263,0.13230444490909576,0.9804496765136719,0.6593164205551147
YAL020C,YBR258C,0,0.97332674,0.13228699564933777,0.9804496765136719,0.659416675567627
YOR070C,YGL031C,0,0.9733038,0.13226954638957977,0.9804496765136719,0.6595168709754944
YKR060W,YBR012W-A,0,0.97319484,0.13225211203098297,0.9804496765136719,0.6596171259880066
YOR278W,YDL156W,0,0.97301686,0.13223467767238617,0.9804496765136719,0.659717321395874
YJR090C,YPL266W,0,0.97269684,0.13221724331378937,0.9804496765136719,0.6598175764083862
YEL058W,YDR248C,0,0.9726937,0.13219980895519257,0.9804496765136719,0.6599178314208984
YBR237W,YDL033C,0,0.97244996,0.13218238949775696,0.9804496765136719,0.6600180268287659
YDL145C,YJR054W,0,0.97210133,0.13216497004032135,0.9804496765136719,0.6601182818412781
YNL061W,YKL222C,0,0.97161317,0.13214756548404694,0.9804496765136719,0.6602184772491455
YKR014C,YEL021W,0,0.9714774,0.13213016092777252,0.9804496765136719,0.6603187322616577
YGR099W,YDR198C,0,0.9707949,0.1321127563714981,0.9804496765136719,0.6604189872741699
YCL033C,YPL100W,0,0.9707279,0.1320953518152237,0.9804496765136719,0.6605191826820374
YLR406C,YLR439W,0,0.9706886,0.13207796216011047,0.9804496765136719,0.6606194376945496
YDR520C,YMR149W,0,0.9695966,0.13206057250499725,0.9804496765136719,0.660719633102417
YLR247C,YOL147C,0,0.9693541,0.13204318284988403,0.9804496765136719,0.6608198881149292
YBR112C,YBR189W,0,0.96912646,0.1320257931947708,0.9804496765136719,0.6609201431274414
YDR189W,YHR187W,0,0.9690568,0.1320084184408188,0.9804496765136719,0.6610203385353088
YLR343W,YJL116C,0,0.9689082,0.13199105858802795,0.9804496765136719,0.661120593547821
YBR234C,YAL011W,0,0.9688055,0.13197368383407593,0.9804496765136719,0.6612207889556885
YMR162C,YMR060C,0,0.96826416,0.1319563239812851,0.9804496765136719,0.6613210439682007
YOR027W,YDR105C,0,0.96793586,0.13193896412849426,0.9804496765136719,0.6614212393760681
YMR162C,YIL038C,0,0.967631,0.13192160427570343,0.9804496765136719,0.6615214943885803
YER180C,YGL063W,0,0.9673935,0.1319042593240738,0.9804496765136719,0.6616217494010925
YKL014C,YNR055C,0,0.96645814,0.13188691437244415,0.9804496765136719,0.66172194480896
YKL127W,YOL088C,0,0.96633077,0.13186956942081451,0.9804496765136719,0.6618221998214722
YMR079W,YGL115W,0,0.96577597,0.13185223937034607,0.9804496765136719,0.6619223952293396
YIL036W,YHL008C,0,0.96518135,0.13183490931987762,0.9804496765136719,0.6620226502418518
YLR238W,YER148W,0,0.965176,0.13181757926940918,0.9804496765136719,0.662122905254364
YOL056W,YER027C,0,0.9649764,0.13180026412010193,0.9804496765136719,0.6622231006622314
YKL140W,YDR513W,0,0.9648895,0.13178294897079468,0.9804496765136719,0.6623233556747437
YGL105W,YGL049C,0,0.9640397,0.13176563382148743,0.9804496765136719,0.6624235510826111
YJL074C,YFL024C,0,0.9636922,0.13174831867218018,0.9804496765136719,0.6625238060951233
YMR309C,YGR188C,0,0.963506,0.13173101842403412,0.9804496765136719,0.6626240611076355
YBL051C,YIL031W,0,0.9620186,0.13171371817588806,0.9804496765136719,0.6627242565155029
YOR191W,YJR059W,0,0.9616125,0.1316964328289032,0.9804496765136719,0.6628245115280151
YKR025W,YGL131C,0,0.9607955,0.13167913258075714,0.9804496765136719,0.6629247069358826
YOR368W,YDR118W,0,0.9597275,0.13166184723377228,0.9804496765136719,0.6630249619483948
YBR044C,YER081W,0,0.95922655,0.1316445767879486,0.9804496765136719,0.663125216960907
YKR099W,YLR256W,0,0.9588573,0.13162729144096375,0.9804496765136719,0.6632254123687744
YPL174C,YML038C,0,0.9583045,0.13161002099514008,0.9804496765136719,0.6633256673812866
YNL039W,YNL031C,0,0.95829505,0.1315927505493164,0.9804496765136719,0.663425862789154
YAL005C,YKR038C,0,0.9576179,0.13157549500465393,0.9804496765136719,0.6635261178016663
YPR033C,YOR035C,0,0.95720494,0.13155823945999146,0.9804496765136719,0.6636263132095337
YER099C,YBR049C,0,0.95656693,0.13154098391532898,0.9804496765136719,0.6637265682220459
YBR107C,YLR014C,0,0.9554871,0.1315237283706665,0.9804496765136719,0.6638268232345581
YGR023W,YOR155C,0,0.9544811,0.13150648772716522,0.9804496765136719,0.6639270186424255
YNL123W,YBR057C,0,0.9542444,0.13148924708366394,0.9804496765136719,0.6640272736549377
YIL074C,YDR028C,0,0.9540908,0.13147202134132385,0.9804496765136719,0.6641274690628052
YDR127W,YNL159C,0,0.9532085,0.13145478069782257,0.9804496765136719,0.6642277240753174
YLR175W,YOL019W,0,0.9524821,0.13143755495548248,0.9804496765136719,0.6643279790878296
YGR212W,YBR133C,0,0.9517989,0.1314203292131424,0.9804496765136719,0.664428174495697
YNL126W,YJL045W,0,0.9517373,0.1314031183719635,0.9804496765136719,0.6645284295082092
YER048C,YLR095C,0,0.951604,0.1313859075307846,0.9804496765136719,0.6646286249160767
YKR010C,YLR011W,0,0.95108783,0.1313686966896057,0.9804496765136719,0.6647288799285889
YDL236W,YML078W,0,0.9506436,0.13135148584842682,0.9804496765136719,0.6648291349411011
YLR189C,YML065W,0,0.95041966,0.13133428990840912,0.9804496765136719,0.6649293303489685
YBL035C,YDR377W,0,0.95022225,0.13131709396839142,0.9804496765136719,0.6650295853614807
YMR070W,YLR221C,0,0.9498779,0.1312999129295349,0.9804496765136719,0.6651297807693481
YLR238W,YNL217W,0,0.9498118,0.1312827169895172,0.9804496765136719,0.6652300357818604
YPL095C,YHR103W,0,0.9497167,0.1312655359506607,0.9804496765136719,0.6653302311897278
YHR050W,YJR040W,1,0.94954324,0.13137921690940857,0.9814271926879883,0.6653302311897278
YML124C,YOR016C,0,0.94880986,0.13136203587055206,0.9814271926879883,0.66543048620224
YDL042C,YMR101C,0,0.94876003,0.13134483993053436,0.9814271926879883,0.6655307412147522
YPL133C,YGR044C,0,0.94844484,0.13132765889167786,0.9814271926879883,0.6656309366226196
YPL141C,YDL150W,0,0.94739604,0.13131049275398254,0.9814271926879883,0.6657311916351318
YMR042W,YPL164C,0,0.9466003,0.13129331171512604,0.9814271926879883,0.6658313870429993
YDR354W,YCL051W,0,0.9463929,0.13127614557743073,0.9814271926879883,0.6659316420555115
YKL042W,YIL050W,0,0.94638956,0.1312589943408966,0.9814271926879883,0.6660318970680237
YGL254W,YFL050C,1,0.9462,0.13137255609035492,0.9824047088623047,0.6660318970680237
YPR120C,YPR155C,0,0.94598526,0.1313553750514984,0.9824047088623047,0.6661320924758911
YDR213W,YGL229C,0,0.94533193,0.1313382089138031,0.9824047088623047,0.6662323474884033
YBL002W,YNL189W,0,0.94487405,0.13132105767726898,0.9824047088623047,0.6663325428962708
YPL198W,YEL027W,0,0.9438744,0.13130389153957367,0.9824047088623047,0.666432797908783
YAL028W,YLR001C,0,0.9432773,0.13128674030303955,0.9824047088623047,0.6665330529212952
YMR030W,YCR037C,0,0.94312644,0.13126958906650543,0.9824047088623047,0.6666332483291626
YJL173C,YIL127C,0,0.94250536,0.1312524527311325,0.9824047088623047,0.6667335033416748
YFR014C,YLR055C,0,0.942485,0.13123531639575958,0.9824047088623047,0.6668336987495422
YGR192C,YDR243C,0,0.9424645,0.13121818006038666,0.9824047088623047,0.6669339537620544
YJR027W,YKL173W,0,0.9414777,0.13120104372501373,0.9824047088623047,0.6670341491699219
YBR112C,YER071C,0,0.9413187,0.131183922290802,0.9824047088623047,0.6671344041824341
YMR131C,YOR316C,0,0.9412278,0.13116680085659027,0.9824047088623047,0.6672346591949463
YIR015W,YOR193W,0,0.9409508,0.13114967942237854,0.9824047088623047,0.6673348546028137
YPL020C,YHL003C,0,0.94060224,0.131132572889328,0.9824047088623047,0.6674351096153259
YGR261C,YAR019C,0,0.94059235,0.13111546635627747,0.9824047088623047,0.6675353050231934
YIR009W,YPL211W,0,0.94005287,0.13109835982322693,0.9824047088623047,0.6676355600357056
YMR184W,YOL033W,0,0.93909365,0.1310812532901764,0.9824047088623047,0.6677358150482178
YPL108W,YGL166W,0,0.9382285,0.13106416165828705,0.9824047088623047,0.6678360104560852
YOR109W,YOL023W,0,0.9378059,0.1310470700263977,0.9824047088623047,0.6679362654685974
YPL133C,YNL097C,0,0.9368062,0.13102999329566956,0.9824047088623047,0.6680364608764648
YGR008C,YIL037C,0,0.93635464,0.1310129016637802,0.9824047088623047,0.668136715888977
YDR471W,YIL053W,0,0.9360057,0.13099582493305206,0.9824047088623047,0.6682369709014893
YIL131C,YPL124W,0,0.9359148,0.1309787631034851,0.9824047088623047,0.6683371663093567
YDL080C,YGL192W,0,0.9358291,0.13096168637275696,0.9824047088623047,0.6684374213218689
YNL312W,YDR309C,0,0.93569386,0.13094462454319,0.9824047088623047,0.6685376167297363
YGL222C,YLR013W,0,0.93487626,0.13092756271362305,0.9824047088623047,0.6686378717422485
YBR229C,YNL103W,0,0.934767,0.13091051578521729,0.9824047088623047,0.6687381267547607
YGR040W,YGR202C,0,0.9346453,0.13089346885681152,0.9824047088623047,0.6688383221626282
YKL073W,YDL044C,0,0.93461126,0.13087642192840576,0.9824047088623047,0.6689385771751404
YOL051W,YER062C,0,0.9328766,0.130859375,0.9824047088623047,0.6690387725830078
YBR234C,YDR484W,0,0.93203086,0.13084234297275543,0.9824047088623047,0.66913902759552
YDL161W,YER031C,0,0.93179417,0.13082531094551086,0.9824047088623047,0.6692392230033875
YGR088W,YDR234W,0,0.9316895,0.1308082789182663,0.9824047088623047,0.6693394780158997
YLR057W,YDL112W,0,0.93166965,0.13079126179218292,0.9824047088623047,0.6694397330284119
YGL005C,YDL235C,0,0.9315094,0.13077422976493835,0.9824047088623047,0.6695399284362793
YKL140W,YMR226C,0,0.93095636,0.13075722754001617,0.9824047088623047,0.6696401834487915
YKL006C-A,YNL167C,0,0.9305576,0.1307402104139328,0.9824047088623047,0.6697403788566589
YOL032W,YFR005C,0,0.9302827,0.13072320818901062,0.9824047088623047,0.6698406338691711
YBR216C,YDR456W,0,0.9288914,0.13070620596408844,0.9824047088623047,0.6699408888816833
YGR156W,YBR069C,0,0.9281632,0.13068920373916626,0.9824047088623047,0.6700410842895508
YDR409W,YIL171W,0,0.9280814,0.13067221641540527,0.9824047088623047,0.670141339302063
YDL093W,YGL219C,0,0.9274763,0.1306552290916443,0.9824047088623047,0.6702415347099304
YPR056W,YGL231C,0,0.92556417,0.1306382417678833,0.9824047088623047,0.6703417897224426
YEL042W,YLR075W,0,0.9244972,0.1306212693452835,0.9824047088623047,0.6704420447349548
YER124C,YOR003W,0,0.92388153,0.13060428202152252,0.9824047088623047,0.6705422401428223
YPL246C,YKL146W,0,0.92385256,0.13058732450008392,0.9824047088623047,0.6706424951553345
YKL139W,YKR034W,0,0.922747,0.13057035207748413,0.9824047088623047,0.6707426905632019
YKL039W,YGR188C,0,0.92260706,0.13055339455604553,0.9824047088623047,0.6708429455757141
YOL148C,YJL210W,0,0.92169964,0.13053643703460693,0.9824047088623047,0.6709431409835815
YGR200C,YBR086C,0,0.92132586,0.13051947951316833,0.9824047088623047,0.6710433959960938
YLR048W,YDR291W,0,0.9210539,0.13050253689289093,0.9824047088623047,0.671143651008606
YEL004W,YIL127C,0,0.9208393,0.13048559427261353,0.9824047088623047,0.6712438464164734
YML065W,YHR184W,0,0.92004323,0.13046865165233612,0.9824047088623047,0.6713441014289856
YBR048W,YPR097W,0,0.91854995,0.13045170903205872,0.9824047088623047,0.671444296836853
YEL032W,YGL077C,0,0.9183346,0.1304347813129425,0.9824047088623047,0.6715445518493652
YDR400W,YKL035W,0,0.9179384,0.1304178535938263,0.9824047088623047,0.6716448068618774
YNL158W,YMR006C,0,0.91757894,0.13040094077587128,0.9824047088623047,0.6717450022697449
YIR013C,YNL148C,0,0.91649055,0.13038401305675507,0.9824047088623047,0.6718452572822571
YOL115W,YBR146W,0,0.9164841,0.13036710023880005,0.9824047088623047,0.6719454526901245
YOL049W,YLR423C,0,0.91562986,0.13035018742084503,0.9824047088623047,0.6720457077026367
YJR001W,YDR145W,0,0.91529554,0.1303332895040512,0.9824047088623047,0.6721459627151489
YKR029C,YOL120C,0,0.9152561,0.13031639158725739,0.9824047088623047,0.6722461581230164
YNL133C,YBL018C,0,0.91417736,0.13029949367046356,0.9824047088623047,0.6723464131355286
YDR485C,YIR037W,0,0.91371036,0.13028259575366974,0.9824047088623047,0.672446608543396
YNL216W,YBR091C,0,0.91344744,0.1302657127380371,0.9824047088623047,0.6725468635559082
YHL021C,YDR259C,0,0.9117838,0.13024882972240448,0.9824047088623047,0.6726470589637756
YER140W,YGR098C,0,0.9109994,0.13023196160793304,0.9824047088623047,0.6727473139762878
YDR213W,YKL179C,0,0.91064215,0.13021507859230042,0.9824047088623047,0.6728475689888
YJR145C,YGL084C,0,0.9104223,0.13019821047782898,0.9824047088623047,0.6729477643966675
YCL063W,YNL021W,0,0.90916485,0.13018134236335754,0.9824047088623047,0.6730480194091797
YPL226W,YKL116C,0,0.9085927,0.1301644891500473,0.9824047088623047,0.6731482148170471
YDL082W,YDR436W,0,0.9082876,0.13014763593673706,0.9824047088623047,0.6732484698295593
YBR191W,YGL207W,0,0.90625674,0.13013078272342682,0.9824047088623047,0.6733487248420715
YNL051W,YGL194C,0,0.906247,0.13011392951011658,0.9824047088623047,0.673448920249939
YDR168W,YNL321W,0,0.9062082,0.13009709119796753,0.9824047088623047,0.6735491752624512
YDR299W,YDR303C,0,0.90606517,0.13008025288581848,0.9824047088623047,0.6736493706703186
YPR034W,YLR013W,0,0.9032214,0.13006341457366943,0.9824047088623047,0.6737496256828308
YOR174W,YOR140W,0,0.90268576,0.13004659116268158,0.9824047088623047,0.673849880695343
YDL160C,YLR226W,0,0.90234786,0.13002975285053253,0.9824047088623047,0.6739500761032104
YGL059W,YNL045W,0,0.90213096,0.13001292943954468,0.9824047088623047,0.6740503311157227
YDR134C,YER120W,0,0.90188396,0.12999612092971802,0.9824047088623047,0.6741505265235901
YLR246W,YGR278W,0,0.90140885,0.12997931241989136,0.9824047088623047,0.6742507815361023
YOR241W,YNR032W,0,0.9012458,0.1299625039100647,0.9824047088623047,0.6743510365486145
YDR043C,YBL064C,0,0.9011249,0.12994569540023804,0.9824047088623047,0.6744512319564819
YMR125W,YGL224C,0,0.90105176,0.12992890179157257,0.9824047088623047,0.6745514869689941
YHR064C,YER015W,0,0.89939535,0.1299120932817459,0.9824047088623047,0.6746516823768616
YMR051C,YFL029C,0,0.89892286,0.12989531457424164,0.9824047088623047,0.6747519373893738
YLR459W,YDR349C,0,0.8983361,0.12987852096557617,0.9824047088623047,0.6748521327972412
YCR075C,YLR220W,1,0.89771974,0.12999095022678375,0.9833822250366211,0.6748521327972412
YFL037W,YCR053W,0,0.89730567,0.1299741566181183,0.9833822250366211,0.6749523878097534
YLR174W,YCL016C,0,0.8968242,0.12995736300945282,0.9833822250366211,0.6750526428222656
YGL079W,YJR010C-A,0,0.896428,0.12994058430194855,0.9833822250366211,0.6751528382301331
YMR230W,YGR154C,0,0.8962444,0.12992380559444427,0.9833822250366211,0.6752530932426453
YHR122W,YDL112W,0,0.8961456,0.12990702688694,0.9833822250366211,0.6753532886505127
YER183C,YGL137W,0,0.89534134,0.12989024817943573,0.9833822250366211,0.6754535436630249
YMR275C,YCR028C,0,0.8953172,0.12987348437309265,0.9833822250366211,0.6755537986755371
YCR088W,YLR155C,0,0.89493656,0.12985672056674957,0.9833822250366211,0.6756539940834045
YFR007W,YNL005C,0,0.8948509,0.1298399567604065,0.9833822250366211,0.6757542490959167
YDR265W,YNL129W,0,0.8946966,0.1298232078552246,0.9833822250366211,0.6758544445037842
YNL134C,YNL280C,0,0.8943237,0.12980645895004272,0.9833822250366211,0.6759546995162964
YDR382W,YOR347C,0,0.8940513,0.12978971004486084,0.9833822250366211,0.6760549545288086
YGR120C,YER133W,0,0.89282835,0.12977296113967896,0.9833822250366211,0.676155149936676
YER185W,YCR027C,1,0.8922983,0.1298852115869522,0.9843597412109375,0.676155149936676
YOL095C,YDR313C,0,0.8917891,0.12986844778060913,0.9843597412109375,0.6762554049491882
YOR308C,YNL167C,0,0.8913715,0.12985171377658844,0.9843597412109375,0.6763556003570557
YKR010C,YER071C,0,0.8911966,0.12983496487140656,0.9843597412109375,0.6764558553695679
YLR453C,YLR008C,0,0.8906044,0.12981823086738586,0.9843597412109375,0.6765560507774353
YKL081W,YOR033C,0,0.8903363,0.12980149686336517,0.9843597412109375,0.6766563057899475
YOR181W,YKR095W,0,0.8881718,0.12978476285934448,0.9843597412109375,0.6767565608024597
YIL167W,YMR048W,0,0.88765204,0.12976804375648499,0.9843597412109375,0.6768567562103271
YIL075C,YER122C,0,0.887249,0.1297513246536255,0.9843597412109375,0.6769570112228394
YGR211W,YDR311W,0,0.8867878,0.129734605550766,0.9843597412109375,0.6770572066307068
YNL186W,YMR306W,0,0.8864358,0.1297178864479065,0.9843597412109375,0.677157461643219
YOR143C,YHR035W,0,0.8859838,0.1297011822462082,0.9843597412109375,0.6772577166557312
YER087C-A,YNL129W,0,0.884224,0.1296844780445099,0.9843597412109375,0.6773579120635986
YDR259C,YDR328C,0,0.8831225,0.12966778874397278,0.9843597412109375,0.6774581670761108
YNL286W,YDL025C,0,0.8821232,0.12965108454227448,0.9843597412109375,0.6775583624839783
YLR147C,YIL106W,0,0.88206816,0.12963439524173737,0.9843597412109375,0.6776586174964905
YGR158C,YER060W-A,0,0.88027686,0.12961770594120026,0.9843597412109375,0.6777588725090027
YJR052W,YBL038W,0,0.87960815,0.12960103154182434,0.9843597412109375,0.6778590679168701
YLL021W,YML004C,0,0.87838435,0.12958435714244843,0.9843597412109375,0.6779593229293823
YLR098C,YJR099W,0,0.87811035,0.1295676827430725,0.9843597412109375,0.6780595183372498
YDR247W,YPR096C,0,0.8775981,0.1295510083436966,0.9843597412109375,0.678159773349762
YJL001W,YCR063W,0,0.8775219,0.12953434884548187,0.9843597412109375,0.6782599687576294
YFR038W,YNR047W,0,0.8774987,0.12951768934726715,0.9843597412109375,0.6783602237701416
YPR131C,YGL067W,0,0.8770838,0.12950102984905243,0.9843597412109375,0.6784604787826538
YDR060W,YJR113C,0,0.87651885,0.1294843703508377,0.9843597412109375,0.6785606741905212
YBR264C,YGR198W,0,0.8762449,0.12946772575378418,0.9843597412109375,0.6786609292030334
YNR060W,YMR203W,1,0.8757088,0.12957963347434998,0.9853372573852539,0.6786609292030334
YGR009C,YGL145W,0,0.8756502,0.12956298887729645,0.9853372573852539,0.6787611246109009
YGR071C,YGL127C,0,0.87547576,0.12954632937908173,0.9853372573852539,0.6788613796234131
YDR394W,YNL045W,0,0.87500566,0.1295296847820282,0.9853372573852539,0.6789616346359253
YFR006W,YER078C,0,0.874562,0.12951304018497467,0.9853372573852539,0.6790618300437927
YLR207W,YDL175C,0,0.87431186,0.12949639558792114,0.9853372573852539,0.6791620850563049
YJR134C,YDR377W,0,0.87214005,0.1294797658920288,0.9853372573852539,0.6792622804641724
YLR085C,YPR114W,0,0.8719894,0.12946313619613647,0.9853372573852539,0.6793625354766846
YCL011C,YDR234W,0,0.8716178,0.12944650650024414,0.9853372573852539,0.6794627904891968
YDL100C,YDR189W,0,0.871476,0.129429891705513,0.9853372573852539,0.6795629858970642
YPL009C,YPR063C,0,0.87066853,0.12941327691078186,0.9853372573852539,0.6796632409095764
YJR143C,YOR143C,0,0.87009346,0.12939666211605072,0.9853372573852539,0.6797634363174438
YPL246C,YLR342W,0,0.86994076,0.12938004732131958,0.9853372573852539,0.679863691329956
YBL020W,YML043C,0,0.868829,0.12936344742774963,0.9853372573852539,0.6799639463424683
YJR137C,YNR073C,0,0.8685753,0.1293468475341797,0.9853372573852539,0.6800641417503357
YGR133W,YLR121C,0,0.867703,0.12933024764060974,0.9853372573852539,0.6801643967628479
YER131W,YKR022C,0,0.8675999,0.129313662648201,0.9853372573852539,0.6802645921707153
YOL097C,YFL004W,0,0.8671658,0.12929707765579224,0.9853372573852539,0.6803648471832275
YLR293C,YER089C,0,0.8666829,0.12928049266338348,0.9853372573852539,0.680465042591095
YHR086W,YIL145C,0,0.8663679,0.12926390767097473,0.9853372573852539,0.6805652976036072
YDR379W,YLR277C,0,0.86568713,0.12924733757972717,0.9853372573852539,0.6806655526161194
YJR044C,YKL194C,0,0.864977,0.12923076748847961,0.9853372573852539,0.6807657480239868
YDR216W,YDR100W,0,0.8648633,0.12921419739723206,0.9853372573852539,0.680866003036499
YKL043W,YLR109W,0,0.86468536,0.1291976422071457,0.9853372573852539,0.6809661984443665
YHR204W,YNL128W,0,0.86208284,0.12918108701705933,0.9853372573852539,0.6810664534568787
YPR066W,YDR256C,0,0.8619995,0.12916453182697296,0.9853372573852539,0.6811667084693909
YOL059W,YGL231C,0,0.8614783,0.1291479766368866,0.9853372573852539,0.6812669038772583
YBL037W,YMR022W,0,0.8606964,0.12913143634796143,0.9853372573852539,0.6813671588897705
YPL255W,YOL023W,0,0.8605704,0.12911489605903625,0.9853372573852539,0.6814673542976379
YOR326W,YOR334W,0,0.8604506,0.12909835577011108,0.9853372573852539,0.6815676093101501
YDR484W,YBL010C,0,0.86008525,0.1290818303823471,0.9853372573852539,0.6816678643226624
YLL054C,YGL085W,0,0.85993624,0.12906530499458313,0.9853372573852539,0.6817680597305298
YDR381W,YKR098C,0,0.8591174,0.12904877960681915,0.9853372573852539,0.681868314743042
YLR453C,YER086W,0,0.85761464,0.12903225421905518,0.9853372573852539,0.6819685101509094
YKL149C,YLR466W,0,0.8559488,0.1290157437324524,0.9853372573852539,0.6820687651634216
YNL091W,YNL096C,0,0.85522425,0.1289992332458496,0.9853372573852539,0.6821689605712891
YPR073C,YMR280C,0,0.8543943,0.12898272275924683,0.9853372573852539,0.6822692155838013
YHR133C,YPL124W,0,0.85286367,0.12896622717380524,0.9853372573852539,0.6823694705963135
YMR198W,YDR150W,0,0.8526213,0.12894973158836365,0.9853372573852539,0.6824696660041809
YLR077W,YPR097W,0,0.84914786,0.12893323600292206,0.9853372573852539,0.6825699210166931
YFR030W,YGR135W,0,0.8484719,0.12891674041748047,0.9853372573852539,0.6826701164245605
YIL026C,YNR040W,0,0.848056,0.12890025973320007,0.9853372573852539,0.6827703714370728
YMR091C,YIR006C,0,0.84739906,0.12888377904891968,0.9853372573852539,0.682870626449585
YKR090W,YPR021C,0,0.84659714,0.12886729836463928,0.9853372573852539,0.6829708218574524
YML074C,YHR023W,0,0.8465713,0.1288508176803589,0.9853372573852539,0.6830710768699646
YJL036W,YNL077W,0,0.8465456,0.12883435189723969,0.9853372573852539,0.683171272277832
YGL179C,YJL014W,0,0.8458974,0.12881788611412048,0.9853372573852539,0.6832715272903442
YNL051W,YKL071W,0,0.8453115,0.12880143523216248,0.9853372573852539,0.6833717823028564
YJL184W,YER069W,0,0.8445946,0.12878496944904327,0.9853372573852539,0.6834719777107239
YGL090W,YHR149C,0,0.843416,0.12876851856708527,0.9853372573852539,0.6835722327232361
YMR170C,YDL105W,0,0.84177065,0.12875208258628845,0.9853372573852539,0.6836724281311035
YIL075C,YDR150W,0,0.8415639,0.12873563170433044,0.9853372573852539,0.6837726831436157
YCL026C-A,YGR234W,0,0.8410245,0.12871919572353363,0.9853372573852539,0.6838728785514832
YLL032C,YMR302C,0,0.8409212,0.12870275974273682,0.9853372573852539,0.6839731335639954
YMR076C,YDR481C,0,0.84079826,0.12868632376194,0.9853372573852539,0.6840733885765076
YOR026W,YHL020C,0,0.83808017,0.12866990268230438,0.9853372573852539,0.684173583984375
YMR092C,YNL218W,0,0.83796453,0.12865348160266876,0.9853372573852539,0.6842738389968872
YOR259C,YOL042W,0,0.83751,0.12863706052303314,0.9853372573852539,0.6843740344047546
YGL120C,YGL240W,0,0.83584535,0.12862063944339752,0.9853372573852539,0.6844742894172668
YNL259C,YHR175W,1,0.8357401,0.12873181700706482,0.9863147735595703,0.6844742894172668
YBL072C,YIL114C,0,0.8356781,0.1287153959274292,0.9863147735595703,0.684574544429779
YNL275W,YHL008C,1,0.83553606,0.12882652878761292,0.9872922897338867,0.684574544429779
YOL098C,YJL189W,0,0.8354732,0.1288101077079773,0.9872922897338867,0.6846747398376465
YLR323C,YIL062C,0,0.8350941,0.12879367172718048,0.9872922897338867,0.6847749948501587
YDR074W,YPR112C,0,0.8332574,0.12877725064754486,0.9872922897338867,0.6848751902580261
YLR343W,YGR029W,0,0.8316264,0.12876082956790924,0.9872922897338867,0.6849754452705383
YBR058C,YOR136W,0,0.83151954,0.12874442338943481,0.9872922897338867,0.6850757002830505
YJR134C,YJL091C,0,0.8314808,0.1287280172109604,0.9872922897338867,0.685175895690918
YBR107C,YDL079C,0,0.83077973,0.12871161103248596,0.9872922897338867,0.6852761507034302
YMR314W,YML111W,0,0.8291385,0.12869520485401154,0.9872922897338867,0.6853763461112976
YMR074C,YOL146W,0,0.82881844,0.1286788135766983,0.9872922897338867,0.6854766011238098
YBR164C,YLR310C,0,0.82848525,0.12866242229938507,0.9872922897338867,0.685576856136322
YJL148W,YJR042W,0,0.8282157,0.12864603102207184,0.9872922897338867,0.6856770515441895
YLR131C,YMR242C,0,0.8277486,0.1286296546459198,0.9872922897338867,0.6857773065567017
YOR124C,YNL001W,0,0.8266456,0.12861326336860657,0.9872922897338867,0.6858775019645691
YML106W,YMR067C,0,0.8262652,0.12859688699245453,0.9872922897338867,0.6859777569770813
YGL125W,YOL109W,0,0.8261299,0.12858052551746368,0.9872922897338867,0.6860779523849487
YDL075W,YFL037W,0,0.8253739,0.12856414914131165,0.9872922897338867,0.6861782073974609
YDR334W,YBR028C,0,0.8245388,0.1285477876663208,0.9872922897338867,0.6862784624099731
YBR217W,YML127W,0,0.8212446,0.12853142619132996,0.9872922897338867,0.6863786578178406
YNL035C,YNL046W,0,0.82070595,0.1285150796175003,0.9872922897338867,0.6864789128303528
YFL047W,YJL158C,0,0.82026625,0.12849873304367065,0.9872922897338867,0.6865791082382202
YDR236C,YHR122W,0,0.816546,0.128482386469841,0.9872922897338867,0.6866793632507324
YDL236W,YLR398C,0,0.8153204,0.12846603989601135,0.9872922897338867,0.6867796182632446
YGL098W,YIL013C,0,0.8149671,0.1284497082233429,0.9872922897338867,0.6868798136711121
YEL039C,YMR163C,0,0.81496036,0.12843336164951324,0.9872922897338867,0.6869800686836243
YPL138C,YDL204W,0,0.8138709,0.12841704487800598,0.9872922897338867,0.6870802640914917
YDL007W,YBR264C,0,0.8133549,0.12840071320533752,0.9872922897338867,0.6871805191040039
YMR125W,YER014W,0,0.8130114,0.12838439643383026,0.9872922897338867,0.6872807741165161
YDR050C,YDL212W,0,0.81300825,0.128368079662323,0.9872922897338867,0.6873809695243835
YKL006C-A,YIL103W,0,0.81239474,0.12835176289081573,0.9872922897338867,0.6874812245368958
YML062C,YEL027W,0,0.81086814,0.12833544611930847,0.9872922897338867,0.6875814199447632
YKL035W,YBL050W,0,0.8108478,0.1283191442489624,0.9872922897338867,0.6876816749572754
YDR145W,YPR005C,0,0.8101576,0.12830284237861633,0.9872922897338867,0.6877818703651428
YBR175W,YEL044W,0,0.8094219,0.12828655540943146,0.9872922897338867,0.687882125377655
YLR384C,YMR135C,0,0.8093574,0.1282702535390854,0.9872922897338867,0.6879823803901672
YMR288W,YCR028C-A,0,0.80918974,0.1282539665699005,0.9872922897338867,0.6880825757980347
YNL251C,YCR053W,0,0.807919,0.12823767960071564,0.9872922897338867,0.6881828308105469
YLR207W,YOR144C,0,0.8075836,0.12822140753269196,0.9872922897338867,0.6882830262184143
YOR236W,YLR293C,0,0.807439,0.12820513546466827,0.9872922897338867,0.6883832812309265
YEL005C,YBR279W,0,0.8071767,0.1281888633966446,0.9872922897338867,0.6884835362434387
YLL031C,YHR017W,0,0.8067854,0.1281725913286209,0.9872922897338867,0.6885837316513062
YOR116C,YJL110C,0,0.80631906,0.12815631926059723,0.9872922897338867,0.6886839866638184
YOR260W,YCL035C,0,0.80414236,0.12814006209373474,0.9872922897338867,0.6887841820716858
YHR193C,YFL052W,0,0.80384576,0.12812380492687225,0.9872922897338867,0.688884437084198
YBL087C,YKR075C,0,0.80374265,0.12810756266117096,0.9872922897338867,0.6889846920967102
YPL174C,YBR084W,0,0.80340767,0.12809130549430847,0.9872922897338867,0.6890848875045776
YDL195W,YAR010C,0,0.8032206,0.12807506322860718,0.9872922897338867,0.6891851425170898
YDR208W,YAR019C,0,0.80303735,0.12805883586406708,0.9872922897338867,0.6892853379249573
YLR150W,YPL003W,0,0.8008994,0.12804259359836578,0.9872922897338867,0.6893855929374695
YER143W,YLR190W,0,0.80082315,0.12802636623382568,0.9872922897338867,0.6894857883453369
YDL164C,YNL103W,0,0.8006176,0.12801013886928558,0.9872922897338867,0.6895860433578491
YDL189W,YNR046W,0,0.7986395,0.12799391150474548,0.9872922897338867,0.6896862983703613
YDR139C,YDR293C,0,0.7970458,0.12797769904136658,0.9872922897338867,0.6897864937782288
YIL074C,YNL128W,0,0.79592896,0.12796148657798767,0.9872922897338867,0.689886748790741
YCR039C,YNL091W,0,0.79565555,0.12794527411460876,0.9872922897338867,0.6899869441986084
YOR272W,YOL132W,0,0.794773,0.12792906165122986,0.9872922897338867,0.6900871992111206
YLR398C,YBL036C,0,0.79468286,0.12791286408901215,0.9872922897338867,0.6901874542236328
YCL020W,YIL122W,0,0.7937223,0.12789666652679443,0.9872922897338867,0.6902876496315002
YOR257W,YGL011C,0,0.7934724,0.12788046896457672,0.9872922897338867,0.6903879046440125
YJR129C,YKR030W,0,0.79342616,0.1278642863035202,0.9872922897338867,0.6904881000518799
YAR003W,YBR203W,0,0.7923545,0.12784810364246368,0.9872922897338867,0.6905883550643921
YGL201C,YOR065W,0,0.79215634,0.12783192098140717,0.9872922897338867,0.6906886100769043
YCR077C,YMR167W,0,0.79193664,0.12781573832035065,0.9872922897338867,0.6907888054847717
YLR459W,YGR193C,0,0.7918173,0.12779957056045532,0.9872922897338867,0.6908890604972839
YDR044W,YML022W,0,0.7914734,0.12778340280056,0.9872922897338867,0.6909892559051514
YFR040W,YLR248W,0,0.79074335,0.12776723504066467,0.9872922897338867,0.6910895109176636
YCL020W,YCR092C,0,0.7899872,0.12775108218193054,0.9872922897338867,0.6911897659301758
YDR073W,YNL321W,0,0.78948104,0.12773491442203522,0.9872922897338867,0.6912899613380432
YDR386W,YBR041W,0,0.78936565,0.1277187615633011,0.9872922897338867,0.6913902163505554
YOR272W,YDR329C,0,0.7885917,0.12770262360572815,0.9872922897338867,0.6914904117584229
YNL294C,YBL039C,0,0.7872713,0.12768647074699402,0.9872922897338867,0.6915906667709351
YJR001W,YDR338C,0,0.7871107,0.12767033278942108,0.9872922897338867,0.6916908621788025
YDR524C,YDR325W,0,0.7867694,0.12765419483184814,0.9872922897338867,0.6917911171913147
YBR175W,YPR161C,0,0.7851194,0.1276380568742752,0.9872922897338867,0.6918913722038269
YLR337C,YDR279W,0,0.7841147,0.12762193381786346,0.9872922897338867,0.6919915676116943
YHR201C,YKR042W,0,0.78404534,0.12760581076145172,0.9872922897338867,0.6920918226242065
YGR024C,YDR018C,0,0.7839744,0.12758968770503998,0.9872922897338867,0.692192018032074
YBL046W,YNL162W,0,0.7825009,0.12757357954978943,0.9872922897338867,0.6922922730445862
YPL225W,YHR147C,0,0.7822105,0.12755747139453888,0.9872922897338867,0.6923925280570984
YDR060W,YDR362C,0,0.78195506,0.12754136323928833,0.9872922897338867,0.6924927234649658
YIL101C,YER110C,0,0.7814533,0.12752525508403778,0.9872922897338867,0.692592978477478
YML106W,YPR105C,0,0.78038627,0.12750914692878723,0.9872922897338867,0.6926931738853455
YGR184C,YDR198C,0,0.78004396,0.12749305367469788,0.9872922897338867,0.6927934288978577
YGR178C,YNL012W,0,0.7800127,0.12747696042060852,0.9872922897338867,0.6928936839103699
YEL058W,YPL036W,0,0.7798388,0.12746088206768036,0.9872922897338867,0.6929938793182373
YHR206W,YGR227W,0,0.7798312,0.127444788813591,0.9872922897338867,0.6930941343307495
YOL128C,YPR075C,0,0.77904165,0.12742871046066284,0.9872922897338867,0.6931943297386169
YJL115W,YGR234W,0,0.77828753,0.12741264700889587,0.9872922897338867,0.6932945847511292
YOR391C,YER032W,0,0.7772515,0.1273965686559677,0.9872922897338867,0.6933947801589966
YOR018W,YML098W,0,0.77696776,0.12738050520420074,0.9872922897338867,0.6934950351715088
YGR133W,YJR010C-A,0,0.77568907,0.12736444175243378,0.9872922897338867,0.693595290184021
YOR026W,YCR003W,0,0.7752768,0.1273483783006668,0.9872922897338867,0.6936954855918884
YOR061W,YDR347W,0,0.77484125,0.12733232975006104,0.9872922897338867,0.6937957406044006
YKL209C,YKL173W,0,0.7733937,0.12731628119945526,0.9872922897338867,0.6938959360122681
YGL097W,YPL124W,0,0.7725273,0.1273002326488495,0.9872922897338867,0.6939961910247803
YNL173C,YLR298C,0,0.7722678,0.1272841840982437,0.9872922897338867,0.6940964460372925
YLL032C,YLL005C,0,0.7721922,0.12726815044879913,0.9872922897338867,0.6941966414451599
YOR070C,YOR303W,0,0.77145207,0.12725211679935455,0.9872922897338867,0.6942968964576721
YDL230W,YOR076C,0,0.7713356,0.12723608314990997,0.9872922897338867,0.6943970918655396
YPL235W,YAL032C,0,0.7711586,0.1272200495004654,0.9872922897338867,0.6944973468780518
YFL037W,YDR420W,0,0.7711095,0.127204030752182,0.9872922897338867,0.694597601890564
YOR119C,YCR054C,0,0.7710042,0.12718801200389862,0.9872922897338867,0.6946977972984314
YDL109C,YDL155W,0,0.76975137,0.12717199325561523,0.9872922897338867,0.6947980523109436
YMR283C,YGL038C,0,0.7696625,0.12715598940849304,0.9872922897338867,0.694898247718811
YBR070C,YDR057W,0,0.7694906,0.12713998556137085,0.9872922897338867,0.6949985027313232
YPL254W,YKR014C,0,0.7693646,0.12712398171424866,0.9872922897338867,0.6950986981391907
YKL032C,YML093W,0,0.76927364,0.12710797786712646,0.9872922897338867,0.6951989531517029
YLR421C,YJR015W,0,0.7690687,0.12709198892116547,0.9872922897338867,0.6952992081642151
YIL138C,YFL008W,0,0.76841664,0.12707599997520447,0.9872922897338867,0.6953994035720825
YPR168W,YDR302W,0,0.76837206,0.12706001102924347,0.9872922897338867,0.6954996585845947
YOR389W,YBR101C,0,0.76829964,0.12704402208328247,0.9872922897338867,0.6955998539924622
YJL020C,YJL069C,0,0.76812375,0.12702804803848267,0.9872922897338867,0.6957001090049744
YLR069C,YDL155W,0,0.767591,0.12701207399368286,0.9872922897338867,0.6958003640174866
YPL209C,YPL033C,0,0.7671586,0.12699609994888306,0.9872922897338867,0.695900559425354
YDR478W,YDR257C,0,0.7667437,0.12698014080524445,0.9872922897338867,0.6960008144378662
YEL020C,YNL329C,0,0.76670086,0.12696416676044464,0.9872922897338867,0.6961010098457336
YCL066W,YOR046C,0,0.7664167,0.12694822251796722,0.9872922897338867,0.6962012648582458
YPL239W,YML059C,0,0.7663919,0.1269322633743286,0.9872922897338867,0.6963015198707581
YPL164C,YJR050W,0,0.76617235,0.12691630423069,0.9872922897338867,0.6964017152786255
YDL080C,YMR004W,0,0.76583815,0.12690035998821259,0.9872922897338867,0.6965019702911377
YGL223C,YGL058W,0,0.7657243,0.12688441574573517,0.9872922897338867,0.6966021656990051
YIL138C,YML082W,0,0.7653475,0.12686848640441895,0.9872922897338867,0.6967024207115173
YBR103W,YDL204W,0,0.76523685,0.12685254216194153,0.9872922897338867,0.6968026757240295
YDR528W,YGR094W,0,0.764109,0.1268366128206253,0.9872922897338867,0.696902871131897
YKL164C,YDR538W,0,0.7632178,0.12682069838047028,0.9872922897338867,0.6970031261444092
YLR249W,YGL160W,0,0.7630237,0.12680476903915405,0.9872922897338867,0.6971033215522766
YDR359C,YDR438W,0,0.7613714,0.12678885459899902,0.9872922897338867,0.6972035765647888
YML061C,YGR204W,0,0.76104915,0.126772940158844,0.9872922897338867,0.6973037719726562
YNL123W,YBR123C,0,0.75920856,0.12675702571868896,0.9872922897338867,0.6974040269851685
YIL110W,YHR114W,0,0.7589655,0.12674112617969513,0.9872922897338867,0.6975042819976807
YPL242C,YLR460C,0,0.756925,0.1267252266407013,0.9872922897338867,0.6976044774055481
YDR096W,YOR371C,0,0.7566334,0.12670932710170746,0.9872922897338867,0.6977047324180603
YGR217W,YPL036W,1,0.7562501,0.12681886553764343,0.9882698059082031,0.6977047324180603
YFR047C,YNL099C,0,0.75550354,0.1268029659986496,0.9882698059082031,0.6978049278259277
YDR379W,YIL027C,0,0.75482595,0.12678705155849457,0.9882698059082031,0.6979051828384399
YEL047C,YBL075C,0,0.75246173,0.12677116692066193,0.9882698059082031,0.6980054378509521
YER112W,YKL084W,0,0.7523645,0.1267552673816681,0.9882698059082031,0.6981056332588196
YHR084W,YKR048C,0,0.750813,0.12673938274383545,0.9882698059082031,0.6982058882713318
YBR229C,YKL069W,0,0.7498219,0.1267234832048416,0.9882698059082031,0.6983060836791992
YNR052C,YGL021W,0,0.74838334,0.12670761346817017,0.9882698059082031,0.6984063386917114
YNL088W,YGR005C,0,0.7476735,0.12669172883033752,0.9882698059082031,0.6985065937042236
YKL127W,YDR150W,0,0.7469858,0.12667585909366608,0.9882698059082031,0.6986067891120911
YAL030W,YER113C,0,0.7467599,0.12665998935699463,0.9882698059082031,0.6987070441246033
YBL097W,YDR198C,0,0.7456257,0.12664411962032318,0.9882698059082031,0.6988072395324707
YPR065W,YDR408C,0,0.74420244,0.12662824988365173,0.9882698059082031,0.6989074945449829
YLR128W,YLR127C,0,0.7438641,0.12661239504814148,0.9882698059082031,0.6990076899528503
YHR021C,YDR202C,0,0.7430674,0.12659654021263123,0.9882698059082031,0.6991079449653625
YLR006C,YIL131C,0,0.7429391,0.12658070027828217,0.9882698059082031,0.6992081999778748
YOR360C,YNR045W,0,0.74133146,0.1265648454427719,0.9882698059082031,0.6993083953857422
YPL024W,YHR028C,0,0.74054337,0.12654900550842285,0.9882698059082031,0.6994086503982544
YIL126W,YML098W,0,0.74035376,0.1265331655740738,0.9882698059082031,0.6995088458061218
YGL224C,YBR104W,0,0.7399992,0.12651732563972473,0.9882698059082031,0.699609100818634
YDR069C,YLR003C,0,0.7381557,0.12650150060653687,0.9882698059082031,0.6997093558311462
YJL115W,YLL013C,0,0.7378301,0.126485675573349,0.9882698059082031,0.6998095512390137
YOR359W,YBL005W-A,0,0.7374432,0.12646985054016113,0.9882698059082031,0.6999098062515259
YMR268C,YER095W,0,0.737378,0.12645404040813446,0.9882698059082031,0.7000100016593933
YDR013W,YBR302C,0,0.73662794,0.1264382153749466,0.9882698059082031,0.7001102566719055
YLL023C,YJR050W,0,0.7364676,0.12642240524291992,0.9882698059082031,0.7002105116844177
YBR188C,YHR084W,0,0.7347945,0.12640659511089325,0.9882698059082031,0.7003107070922852
YKR095W,YOR246C,0,0.7346021,0.12639079988002777,0.9882698059082031,0.7004109621047974
YNL317W,YER133W,0,0.73429126,0.1263750046491623,0.9882698059082031,0.7005111575126648
YHR050W,YHR039C-A,1,0.73411655,0.12648418545722961,0.9892473220825195,0.7005111575126648
YER157W,YGL253W,0,0.7340406,0.12646839022636414,0.9892473220825195,0.700611412525177
YBR264C,YPL140C,0,0.7333197,0.12645258009433746,0.9892473220825195,0.7007116079330444
YLR052W,YIR006C,0,0.73198175,0.12643678486347198,0.9892473220825195,0.7008118629455566
YPL228W,YLL053C,0,0.73184735,0.1264209896326065,0.9892473220825195,0.7009121179580688
YEL062W,YGL006W,1,0.73076344,0.12653009593486786,0.9902248382568359,0.7009121179580688
YNL209W,YJR033C,0,0.7305465,0.12651430070400238,0.9902248382568359,0.7010123133659363
YBR158W,YNL225C,0,0.7300411,0.1264985054731369,0.9902248382568359,0.7011125683784485
YER093C,YDR165W,0,0.72956425,0.12648271024227142,0.9902248382568359,0.7012127637863159
YML111W,YJL133W,0,0.7291504,0.12646691501140594,0.9902248382568359,0.7013130187988281
YBR175W,YAL056W,0,0.7283385,0.12645113468170166,0.9902248382568359,0.7014132738113403
YPL152W,YPL236C,0,0.7270029,0.12643535435199738,0.9902248382568359,0.7015134692192078
YOR373W,YLR086W,0,0.7269098,0.1264195740222931,0.9902248382568359,0.70161372423172
YIR013C,YBR022W,0,0.72671056,0.1264037936925888,0.9902248382568359,0.7017139196395874
YBL057C,YOR018W,0,0.7266477,0.12638802826404572,0.9902248382568359,0.7018141746520996
YNL254C,YGL032C,0,0.7263802,0.12637226283550262,0.9902248382568359,0.7019144296646118
YKL012W,YKR058W,0,0.72447497,0.12635649740695953,0.9902248382568359,0.7020146250724792
YDR156W,YMR153W,0,0.72439235,0.12634073197841644,0.9902248382568359,0.7021148800849915
YIL167W,YMR154C,0,0.7214943,0.12632498145103455,0.9902248382568359,0.7022150754928589
YOR386W,YDL012C,0,0.72049296,0.12630923092365265,0.9902248382568359,0.7023153305053711
YOR236W,YHR027C,0,0.7202125,0.12629348039627075,0.9902248382568359,0.7024155855178833
YOR360C,YOL139C,0,0.717952,0.12627772986888885,0.9902248382568359,0.7025157809257507
YDR408C,YOR035C,0,0.71714073,0.12626199424266815,0.9902248382568359,0.7026160359382629
YJL035C,YMR053C,0,0.7167485,0.12624625861644745,0.9902248382568359,0.7027162313461304
YFL029C,YJL133W,0,0.71502936,0.12623052299022675,0.9902248382568359,0.7028164863586426
YKR094C,YGR063C,0,0.7143084,0.12621480226516724,0.9902248382568359,0.70291668176651
YGR129W,YGL207W,0,0.71430206,0.12619908154010773,0.9902248382568359,0.7030169367790222
YNL097C,YOL092W,0,0.7141149,0.12618336081504822,0.9902248382568359,0.7031171917915344
YJL204C,YBR167C,0,0.7131221,0.1261676400899887,0.9902248382568359,0.7032173871994019
YLL009C,YAL053W,1,0.71311855,0.12627646327018738,0.9912023544311523,0.7032173871994019
YFR031C-A,YDR012W,0,0.71279323,0.12626074254512787,0.9912023544311523,0.7033176422119141
YGL151W,YGR033C,0,0.7118089,0.12624502182006836,0.9912023544311523,0.7034178376197815
YMR263W,YJL097W,0,0.71132755,0.12622930109500885,0.9912023544311523,0.7035180926322937
YMR268C,YAL062W,0,0.70976233,0.12621359527111053,0.9912023544311523,0.7036183476448059
YPR081C,YIR022W,0,0.7094586,0.12619788944721222,0.9912023544311523,0.7037185430526733
YLR287C-A,YDL052C,0,0.7077603,0.1261821836233139,0.9912023544311523,0.7038187980651855
YGL098W,YHR167W,0,0.7074284,0.1261664777994156,0.9912023544311523,0.703918993473053
YJL072C,YKL138C,0,0.7067381,0.12615078687667847,0.9912023544311523,0.7040192484855652
YLR045C,YAR018C,0,0.7058178,0.12613509595394135,0.9912023544311523,0.7041195034980774
YKL137W,YGR096W,0,0.705112,0.12611940503120422,0.9912023544311523,0.7042196989059448
YOL049W,YOR332W,0,0.7048546,0.1261037141084671,0.9912023544311523,0.704319953918457
YOR344C,YBL055C,0,0.704797,0.12608803808689117,0.9912023544311523,0.7044201493263245
YLR045C,YPR186C,0,0.7047897,0.12607236206531525,0.9912023544311523,0.7045204043388367
YPL187W,YBR029C,0,0.70467615,0.12605668604373932,0.9912023544311523,0.7046205997467041
YMR043W,YNL250W,0,0.704149,0.12604102492332458,0.9912023544311523,0.7047208547592163
YGR001C,YKL191W,0,0.7040748,0.12602534890174866,0.9912023544311523,0.7048211097717285
YCR033W,YBR227C,0,0.70261425,0.12600968778133392,0.9912023544311523,0.704921305179596
YNL087W,YDR227W,0,0.6994666,0.12599404156208038,0.9912023544311523,0.7050215601921082
YOR249C,YPL145C,0,0.6963972,0.12597838044166565,0.9912023544311523,0.7051217555999756
YOR132W,YOR307C,0,0.69631094,0.1259627342224121,0.9912023544311523,0.7052220106124878
YPL226W,YNL159C,0,0.6956072,0.12594708800315857,0.9912023544311523,0.705322265625
YMR232W,YLR070C,0,0.6955428,0.12593144178390503,0.9912023544311523,0.7054224610328674
YHR201C,YGL125W,0,0.69520736,0.12591581046581268,0.9912023544311523,0.7055227160453796
YLR453C,YPR070W,0,0.6947968,0.12590017914772034,0.9912023544311523,0.7056229114532471
YMR014W,YMR092C,0,0.69460404,0.125884547829628,0.9912023544311523,0.7057231664657593
YNL015W,YGR286C,0,0.69418204,0.12586891651153564,0.9912023544311523,0.7058234214782715
YNL039W,YNR023W,0,0.6931728,0.1258533000946045,0.9912023544311523,0.7059236168861389
YPL140C,YFR025C,0,0.6928893,0.12583768367767334,0.9912023544311523,0.7060238718986511
YML060W,YIL039W,0,0.69230247,0.1258220672607422,0.9912023544311523,0.7061240673065186
YKL139W,YBR039W,0,0.69105947,0.12580645084381104,0.9912023544311523,0.7062243223190308
YLL018C-A,YIR013C,0,0.6909449,0.12579084932804108,0.9912023544311523,0.7063245177268982
YDL081C,YNL007C,0,0.6909002,0.12577524781227112,0.9912023544311523,0.7064247727394104
YDR350C,YDL201W,0,0.6890519,0.12575964629650116,0.9912023544311523,0.7065250277519226
YML026C,YMR286W,0,0.6868096,0.1257440447807312,0.9912023544311523,0.70662522315979
YOL067C,YHR050W,0,0.6866907,0.12572845816612244,0.9912023544311523,0.7067254781723022
YLR438C-A,YGL253W,0,0.6858119,0.12571287155151367,0.9912023544311523,0.7068256735801697
YGL185C,YLR234W,0,0.68488324,0.1256972849369049,0.9912023544311523,0.7069259285926819
YOR122C,YDR462W,0,0.6840973,0.12568169832229614,0.9912023544311523,0.7070261836051941
YGR166W,YDR538W,0,0.6827503,0.12566612660884857,0.9912023544311523,0.7071263790130615
YJR002W,YCR054C,0,0.6813419,0.125650554895401,0.9912023544311523,0.7072266340255737
YHR052W,YNL097C,0,0.6807315,0.12563498318195343,0.9912023544311523,0.7073268294334412
YBL027W,YFL029C,0,0.6804267,0.12561942636966705,0.9912023544311523,0.7074270844459534
YMR275C,YBL016W,0,0.68028206,0.12560386955738068,0.9912023544311523,0.7075273394584656
YFR031C-A,YKL054C,0,0.67885244,0.1255883127450943,0.9912023544311523,0.707627534866333
YDR117C,YML021C,0,0.6755292,0.12557275593280792,0.9912023544311523,0.7077277898788452
YBR149W,YCL017C,0,0.67516255,0.12555719912052155,0.9912023544311523,0.7078279852867126
YKR059W,YDR292C,0,0.67373407,0.12554165720939636,0.9912023544311523,0.7079282402992249
YLR106C,YLR249W,0,0.67265916,0.12552611529827118,0.9912023544311523,0.7080284357070923
YDR376W,YDR279W,0,0.672384,0.1255105882883072,0.9912023544311523,0.7081286907196045
YCL051W,YLR283W,0,0.67187065,0.125495046377182,0.9912023544311523,0.7082289457321167
YBL084C,YOL056W,0,0.6702689,0.12547951936721802,0.9912023544311523,0.7083291411399841
YDL236W,YDR481C,0,0.669932,0.12546399235725403,0.9912023544311523,0.7084293961524963
YDR191W,YGR125W,0,0.66820765,0.12544846534729004,0.9912023544311523,0.7085295915603638
YDR506C,YDL043C,0,0.6680362,0.12543295323848724,0.9912023544311523,0.708629846572876
YLR327C,YGL231C,0,0.66775656,0.12541744112968445,0.9912023544311523,0.7087301015853882
YHR154W,YER026C,0,0.6676879,0.12540192902088165,0.9912023544311523,0.7088302969932556
YBR215W,YPL079W,0,0.6663569,0.12538641691207886,0.9912023544311523,0.7089305520057678
YPL174C,YPR169W,0,0.66589135,0.12537091970443726,0.9912023544311523,0.7090307474136353
YOL012C,YMR024W,0,0.6657449,0.12535542249679565,0.9912023544311523,0.7091310024261475
YMR197C,YJR042W,0,0.66466963,0.12533992528915405,0.9912023544311523,0.7092312574386597
YMR192W,YLR064W,0,0.6644586,0.12532442808151245,0.9912023544311523,0.7093314528465271
YGL257C,YGR191W,0,0.66391116,0.12530894577503204,0.9912023544311523,0.7094317078590393
YOL148C,YLR051C,0,0.662987,0.12529346346855164,0.9912023544311523,0.7095319032669067
YBR114W,YCR097W,0,0.66172564,0.12527798116207123,0.9912023544311523,0.709632158279419
YDR111C,YER089C,0,0.661299,0.12526251375675201,0.9912023544311523,0.7097324132919312
YBL091C,YPL111W,0,0.6607955,0.1252470314502716,0.9912023544311523,0.7098326086997986
YDR189W,YBR114W,0,0.66040367,0.1252315640449524,0.9912023544311523,0.7099328637123108
YJL047C,YIL113W,0,0.6590605,0.12521609663963318,0.9912023544311523,0.7100330591201782
YDR425W,YML098W,0,0.6590347,0.12520064413547516,0.9912023544311523,0.7101333141326904
YER160C,YLR066W,0,0.6560854,0.12518519163131714,0.9912023544311523,0.7102335095405579
YOL032W,YML085C,0,0.65603876,0.12516973912715912,0.9912023544311523,0.7103337645530701
YML010W,YPL175W,0,0.65587795,0.1251542866230011,0.9912023544311523,0.7104340195655823
YGR057C,YNL088W,0,0.6551938,0.12513883411884308,0.9912023544311523,0.7105342149734497
YBR279W,YKL029C,0,0.65481436,0.12512339651584625,0.9912023544311523,0.7106344699859619
YDL184C,YIL115C,0,0.6547742,0.12510795891284943,0.9912023544311523,0.7107346653938293
YCL020W,YDL012C,0,0.65443397,0.1250925213098526,0.9912023544311523,0.7108349204063416
YPR082C,YJL025W,0,0.65405774,0.12507709860801697,0.9912023544311523,0.7109351754188538
YJL025W,YLR256W,0,0.6529117,0.12506166100502014,0.9912023544311523,0.7110353708267212
YIL154C,YDR179C,0,0.6527725,0.1250462383031845,0.9912023544311523,0.7111356258392334
YKL034W,YHR108W,0,0.65164936,0.12503083050251007,0.9912023544311523,0.7112358212471008
YER102W,YHR107C,0,0.6505238,0.12501540780067444,0.9912023544311523,0.711336076259613
YLR446W,YNL020C,0,0.65000343,0.125,0.9912023544311523,0.7114363312721252
YPL074W,YKL080W,0,0.64950955,0.12498459219932556,0.9912023544311523,0.7115365266799927
YLR298C,YDR121W,0,0.64910257,0.12496919184923172,0.9912023544311523,0.7116367816925049
YNL251C,YDR096W,0,0.6488354,0.12495379149913788,0.9912023544311523,0.7117369771003723
YJR025C,YDL139C,0,0.6471661,0.12493839114904404,0.9912023544311523,0.7118372321128845
YKL006C-A,YGL208W,0,0.6469241,0.12492299824953079,0.9912023544311523,0.711937427520752
YPR131C,YDR001C,0,0.6457131,0.12490761280059814,0.9912023544311523,0.7120376825332642
YEL018W,YOR173W,0,0.6445189,0.1248922273516655,0.9912023544311523,0.7121379375457764
YDR469W,YGL130W,0,0.6441927,0.12487684935331345,0.9912023544311523,0.7122381329536438
YDR421W,YHR160C,0,0.64404976,0.1248614713549614,0.9912023544311523,0.712338387966156
YPR175W,YGR080W,0,0.64380074,0.12484609335660934,0.9912023544311523,0.7124385833740234
YAR015W,YMR201C,0,0.6432333,0.12483073025941849,0.9912023544311523,0.7125388383865356
YFR050C,YGL092W,0,0.6424056,0.12481535971164703,0.9912023544311523,0.7126390933990479
YBR105C,YPR098C,0,0.64212215,0.12479999661445618,0.9912023544311523,0.7127392888069153
YOR177C,YBR272C,0,0.6415568,0.12478464096784592,0.9912023544311523,0.7128395438194275
YDR533C,YNR024W,0,0.64096475,0.12476928532123566,0.9912023544311523,0.7129397392272949
YGR274C,YML086C,0,0.6407165,0.124753937125206,0.9912023544311523,0.7130399942398071
YOR167C,YER023W,0,0.6399974,0.12473858892917633,0.9912023544311523,0.7131402492523193
YER160C,YOR224C,0,0.63937104,0.12472324818372726,0.9912023544311523,0.7132404446601868
YHR149C,YIL005W,0,0.63881356,0.1247079074382782,0.9912023544311523,0.713340699672699
YLL032C,YOR143C,0,0.6385848,0.12469257414340973,0.9912023544311523,0.7134408950805664
YIR008C,YPL194W,0,0.63818425,0.12467724084854126,0.9912023544311523,0.7135411500930786
YBL031W,YKL048C,0,0.638052,0.12466191500425339,0.9912023544311523,0.713641345500946
YEL018W,YER123W,0,0.6372441,0.12464658915996552,0.9912023544311523,0.7137416005134583
YLR258W,YJR118C,0,0.6365939,0.12463127076625824,0.9912023544311523,0.7138418555259705
YGR002C,YNL003C,0,0.6360558,0.12461595237255096,0.9912023544311523,0.7139420509338379
YNL094W,YDL033C,0,0.6359575,0.12460064142942429,0.9912023544311523,0.7140423059463501
YDR379W,YHL047C,0,0.6341877,0.12458533048629761,0.9912023544311523,0.7141425013542175
YNL197C,YOL139C,0,0.6338732,0.12457002699375153,0.9912023544311523,0.7142427563667297
YDR468C,YPL174C,0,0.63368464,0.12455472350120544,0.9912023544311523,0.7143430113792419
YGR275W,YMR312W,0,0.63322306,0.12453942745923996,0.9912023544311523,0.7144432067871094
YDR020C,YPL221W,0,0.63272464,0.12452413141727448,0.9912023544311523,0.7145434617996216
YHR065C,YPL059W,0,0.63134944,0.12450884282588959,0.9912023544311523,0.714643657207489
YER025W,YCR063W,0,0.6313339,0.1244935542345047,0.9912023544311523,0.7147439122200012
YDL030W,YIL122W,0,0.6310742,0.12447827309370041,0.9912023544311523,0.7148441672325134
YDL144C,YCL039W,0,0.6301343,0.12446299195289612,0.9912023544311523,0.7149443626403809
YPR055W,YAL001C,0,0.62807655,0.12444771826267242,0.9912023544311523,0.7150446176528931
YAL068C,YBR048W,0,0.6277456,0.12443244457244873,0.9912023544311523,0.7151448130607605
YGL025C,YDR139C,0,0.62740666,0.12441717833280563,0.9912023544311523,0.7152450680732727
YCR031C,YPL237W,0,0.6266175,0.12440191209316254,0.9912023544311523,0.7153453230857849
YJL129C,YNL299W,0,0.62534666,0.12438665330410004,0.9912023544311523,0.7154455184936523
YPL161C,YGL250W,0,0.6248963,0.12437139451503754,0.9912023544311523,0.7155457735061646
YLR266C,YOR236W,0,0.6241691,0.12435614317655563,0.9912023544311523,0.715645968914032
YLR095C,YPR049C,0,0.6238656,0.12434089183807373,0.9912023544311523,0.7157462239265442
YGL089C,YPL016W,0,0.6238332,0.12432564795017242,0.9912023544311523,0.7158464193344116
YLR399C,YGR275W,0,0.6235125,0.12431041151285172,0.9912023544311523,0.7159466743469238
YDL082W,YJL013C,0,0.62289155,0.12429516762495041,0.9912023544311523,0.716046929359436
YJR102C,YKL069W,0,0.6225465,0.1242799386382103,0.9912023544311523,0.7161471247673035
YOR141C,YJL219W,0,0.62211293,0.12426470220088959,0.9912023544311523,0.7162473797798157
YLR340W,YPL239W,0,0.6220938,0.12424948066473007,0.9912023544311523,0.7163475751876831
YGR204W,YPL283C,0,0.62091196,0.12423425912857056,0.9912023544311523,0.7164478302001953
YPR103W,YFR051C,0,0.6206284,0.12421903759241104,0.9912023544311523,0.7165480852127075
YOR131C,YPL116W,0,0.61999494,0.12420382350683212,0.9912023544311523,0.716648280620575
YKL193C,YNR052C,0,0.6199213,0.1241886094212532,0.9912023544311523,0.7167485356330872
YGL229C,YLR154C,0,0.61981785,0.12417340278625488,0.9912023544311523,0.7168487310409546
YNL106C,YDL112W,0,0.61955315,0.12415819615125656,0.9912023544311523,0.7169489860534668
YHR081W,YLR247C,0,0.61808985,0.12414299696683884,0.9912023544311523,0.717049241065979
YBR034C,YLR134W,0,0.6164503,0.12412779778242111,0.9912023544311523,0.7171494364738464
YOL034W,YGR202C,0,0.6154126,0.12411260604858398,0.9912023544311523,0.7172496914863586
YDR058C,YDR325W,0,0.61520195,0.12409741431474686,0.9912023544311523,0.7173498868942261
YNR027W,YBR016W,0,0.6145276,0.12408223003149033,0.9912023544311523,0.7174501419067383
YCL067C,YER176W,0,0.6140851,0.12406705319881439,0.9912023544311523,0.7175503373146057
YLR347C,YDL123W,0,0.61283094,0.12405186891555786,0.9912023544311523,0.7176505923271179
YGL125W,YJL094C,0,0.6102017,0.12403669953346252,0.9912023544311523,0.7177508473396301
YDR367W,YLR411W,0,0.6098238,0.12402152270078659,0.9912023544311523,0.7178510427474976
YHR201C,YBR207W,0,0.6096474,0.12400636076927185,0.9912023544311523,0.7179512977600098
YGL127C,YNL206C,0,0.60955155,0.12399119883775711,0.9912023544311523,0.7180514931678772
YKR048C,YDR005C,0,0.6085173,0.12397603690624237,0.9912023544311523,0.7181517481803894
YER054C,YML038C,0,0.6074152,0.12396088242530823,0.9912023544311523,0.7182520031929016
YKL181W,YNL210W,0,0.6055362,0.12394572794437408,0.9912023544311523,0.718352198600769
YPL187W,YGL151W,0,0.60478914,0.12393058091402054,0.9912023544311523,0.7184524536132812
YIL150C,YNL191W,0,0.6043243,0.12391543388366699,0.9912023544311523,0.7185526490211487
YGR091W,YIL171W,0,0.60382026,0.12390029430389404,0.9912023544311523,0.7186529040336609
YJL090C,YGR234W,0,0.60270685,0.1238851547241211,0.9912023544311523,0.7187531590461731
YPL018W,YOR356W,0,0.60132116,0.12387002259492874,0.9912023544311523,0.7188533544540405
YLL024C,YHR072W,0,0.6002734,0.12385489046573639,0.9912023544311523,0.7189536094665527
YJL042W,YAL051W,0,0.60015976,0.12383976578712463,0.9912023544311523,0.7190538048744202
YOR179C,YMR011W,0,0.5997762,0.12382464110851288,0.9912023544311523,0.7191540598869324
YCL047C,YCR023C,0,0.59882563,0.12380952388048172,0.9912023544311523,0.7192542552947998
YJL179W,YGL184C,0,0.5985992,0.12379440665245056,0.9912023544311523,0.719354510307312
YIR015W,YBR228W,0,0.59854436,0.123779296875,0.9912023544311523,0.7194547653198242
YNL330C,YDL231C,0,0.5980853,0.12376418709754944,0.9912023544311523,0.7195549607276917
YOL116W,YMR106C,0,0.59776974,0.12374908477067947,0.9912023544311523,0.7196552157402039
YJL157C,YLR385C,0,0.5946939,0.12373398244380951,0.9912023544311523,0.7197554111480713
YOL041C,YDR408C,0,0.5945809,0.12371888756752014,0.9912023544311523,0.7198556661605835
YPL253C,YJL122W,0,0.5941996,0.12370379269123077,0.9912023544311523,0.7199559211730957
YDL065C,YPR104C,0,0.5941691,0.123688705265522,0.9912023544311523,0.7200561165809631
YJL174W,YLR051C,0,0.5940373,0.12367361783981323,0.9912023544311523,0.7201563715934753
YML074C,YOR065W,0,0.5938812,0.12365853786468506,0.9912023544311523,0.7202565670013428
YMR236W,YPL181W,0,0.59244037,0.12364345788955688,0.9912023544311523,0.720356822013855
YDR427W,YGR241C,0,0.5910267,0.12362838536500931,0.9912023544311523,0.7204570770263672
YHR044C,YBR248C,0,0.5904393,0.12361331284046173,0.9912023544311523,0.7205572724342346
YHR200W,YLR056W,0,0.5890925,0.12359824776649475,0.9912023544311523,0.7206575274467468
YGL053W,YOR228C,0,0.58748746,0.12358318269252777,0.9912023544311523,0.7207577228546143
YLR323C,YPR071W,0,0.5870117,0.12356811761856079,0.9912023544311523,0.7208579778671265
YOR177C,YML034W,0,0.58560663,0.123553067445755,0.9912023544311523,0.7209582328796387
YMR230W,YML009C,0,0.5853555,0.12353800982236862,0.9912023544311523,0.7210584282875061
YDR524C,YDL168W,0,0.5838017,0.12352295964956284,0.9912023544311523,0.7211586833000183
YOR264W,YBR003W,0,0.5834044,0.12350791692733765,0.9912023544311523,0.7212588787078857
YDR436W,YPL120W,0,0.5811896,0.12349287420511246,0.9912023544311523,0.721359133720398
YAL043C,YNR041C,0,0.58087313,0.12347783893346786,0.9912023544311523,0.7214593291282654
YKL033W,YBL066C,0,0.5805507,0.12346280366182327,0.9912023544311523,0.7215595841407776
YDR141C,YLL011W,0,0.5789652,0.12344776839017868,0.9912023544311523,0.7216598391532898
YKL127W,YDL004W,0,0.57861567,0.12343274801969528,0.9912023544311523,0.7217600345611572
YPR166C,YLR119W,0,0.57853025,0.12341772019863129,0.9912023544311523,0.7218602895736694
YGL043W,YGL121C,0,0.5780752,0.12340269982814789,0.9912023544311523,0.7219604849815369
YOR131C,YML008C,0,0.57759154,0.12338768690824509,0.9912023544311523,0.7220607399940491
YGR098C,YMR257C,0,0.5775682,0.12337267398834229,0.9912023544311523,0.7221609950065613
YKL156W,YLR466W,0,0.57744485,0.12335766106843948,0.9912023544311523,0.7222611904144287
YDR009W,YOR127W,0,0.57727504,0.12334265559911728,0.9912023544311523,0.7223614454269409
YHR017W,YLR310C,0,0.5766375,0.12332765758037567,0.9912023544311523,0.7224616408348083
YKL160W,YML040W,0,0.5766125,0.12331265956163406,0.9912023544311523,0.7225618958473206
YER109C,YBL018C,0,0.5743215,0.12329766899347305,0.9912023544311523,0.7226621508598328
YDL065C,YDL087C,0,0.574291,0.12328267842531204,0.9912023544311523,0.7227623462677002
YNR032W,YER072W,0,0.5741664,0.12326768785715103,0.9912023544311523,0.7228626012802124
YMR280C,YBR244W,0,0.57410103,0.12325270473957062,0.9912023544311523,0.7229627966880798
YBL084C,YMR280C,0,0.5733489,0.1232377216219902,0.9912023544311523,0.723063051700592
YPL187W,YBR102C,0,0.5724201,0.12322274595499039,0.9912023544311523,0.7231632471084595
YHR170W,YDL189W,0,0.57164466,0.12320777773857117,0.9912023544311523,0.7232635021209717
YMR302C,YLR248W,0,0.571524,0.12319280952215195,0.9912023544311523,0.7233637571334839
YAL042W,YMR110C,0,0.5706758,0.12317784130573273,0.9912023544311523,0.7234639525413513
YBL097W,YBR056W,0,0.5696256,0.1231628805398941,0.9912023544311523,0.7235642075538635
YER148W,YGL009C,0,0.5695075,0.12314791977405548,0.9912023544311523,0.723664402961731
YPL233W,YJR010C-A,0,0.5678796,0.12313296645879745,0.9912023544311523,0.7237646579742432
YHR206W,YLR119W,0,0.56562,0.12311802059412003,0.9912023544311523,0.7238649129867554
YDL056W,YPL224C,0,0.5654968,0.1231030747294426,0.9912023544311523,0.7239651083946228
YHR142W,YJL160C,0,0.5647116,0.12308812886476517,0.9912023544311523,0.724065363407135
YBR214W,YOR284W,0,0.5626133,0.12307319045066833,0.9912023544311523,0.7241655588150024
YDL236W,YNL090W,0,0.56031144,0.1230582520365715,0.9912023544311523,0.7242658138275146
YEL046C,YPR079W,0,0.5601832,0.12304332107305527,0.9912023544311523,0.7243660688400269
YDR409W,YLR340W,0,0.5599038,0.12302839010953903,0.9912023544311523,0.7244662642478943
YER109C,YGR097W,0,0.5596235,0.1230134665966034,0.9912023544311523,0.7245665192604065
YLR006C,YMR127C,0,0.5595678,0.12299854308366776,0.9912023544311523,0.7246667146682739
YMR226C,YJL143W,0,0.5592963,0.12298362702131271,0.9912023544311523,0.7247669696807861
YHR084W,YIL112W,0,0.5580351,0.12296871095895767,0.9912023544311523,0.7248671650886536
YGR120C,YNL024C,0,0.5573143,0.12295380234718323,0.9912023544311523,0.7249674201011658
YJL129C,YLR170C,0,0.55705,0.12293889373540878,0.9912023544311523,0.725067675113678
YDR394W,YPL032C,0,0.55628,0.12292399257421494,0.9912023544311523,0.7251678705215454
YNL311C,YOR086C,0,0.55603623,0.12290909141302109,0.9912023544311523,0.7252681255340576
YBL057C,YNL326C,0,0.5557668,0.12289419770240784,0.9912023544311523,0.725368320941925
YDR350C,YMR312W,0,0.5557397,0.12287930399179459,0.9912023544311523,0.7254685759544373
YNL094W,YDL127W,0,0.5544477,0.12286441028118134,0.9912023544311523,0.7255688309669495
YOR251C,YPR021C,1,0.5531767,0.12297067791223526,0.9921798706054688,0.7255688309669495
YOL097C,YBL010C,0,0.55270827,0.12295578420162201,0.9921798706054688,0.7256690263748169
YDR516C,YMR004W,0,0.5518352,0.12294089049100876,0.9921798706054688,0.7257692813873291
YOL077C,YOR273C,0,0.55142325,0.1229260042309761,0.9921798706054688,0.7258694767951965
YML063W,YBR041W,0,0.5511934,0.12291111797094345,0.9921798706054688,0.7259697318077087
YMR055C,YIL157C,0,0.55118394,0.1228962317109108,0.9921798706054688,0.726069986820221
YOR360C,YER071C,0,0.5505286,0.12288135290145874,0.9921798706054688,0.7261701822280884
YDR009W,YGR200C,0,0.5502469,0.12286648154258728,0.9921798706054688,0.7262704372406006
YLR266C,YMR266W,0,0.5502293,0.12285161018371582,0.9921798706054688,0.726370632648468
YLR274W,YFR009W,0,0.5499218,0.12283673882484436,0.9921798706054688,0.7264708876609802
YHR204W,YIL009C-A,0,0.5492149,0.1228218749165535,0.9921798706054688,0.7265711426734924
YBL024W,YLL018C,0,0.54898494,0.12280701845884323,0.9921798706054688,0.7266713380813599
YMR285C,YMR051C,0,0.5483687,0.12279216200113297,0.9921798706054688,0.7267715930938721
YKL032C,YGR235C,0,0.54712653,0.1227773055434227,0.9921798706054688,0.7268717885017395
YER063W,YCL068C,0,0.5460268,0.12276245653629303,0.9921798706054688,0.7269720435142517
YBR216C,YDR466W,0,0.54591554,0.12274761497974396,0.9921798706054688,0.7270722389221191
YOR181W,YJL189W,0,0.54578596,0.12273276597261429,0.9921798706054688,0.7271724939346313
YER169W,YAL056W,0,0.54479676,0.12271793186664581,0.9921798706054688,0.7272727489471436
YDL144C,YPL060W,0,0.54434884,0.12270309776067734,0.9921798706054688,0.727372944355011
YOL115W,YLR234W,0,0.54234767,0.12268826365470886,0.9921798706054688,0.7274731993675232
YDR163W,YMR156C,0,0.5423439,0.12267343699932098,0.9921798706054688,0.7275733947753906
YHR169W,YKR027W,0,0.54179025,0.1226586103439331,0.9921798706054688,0.7276736497879028
YMR205C,YNL166C,0,0.54107404,0.12264379113912582,0.9921798706054688,0.727773904800415
YOL119C,YGL073W,0,0.5402203,0.12262897193431854,0.9921798706054688,0.7278741002082825
YDL075W,YBR265W,0,0.53798324,0.12261416018009186,0.9921798706054688,0.7279743552207947
YMR079W,YDR251W,0,0.53678507,0.12259934842586517,0.9921798706054688,0.7280745506286621
YGR128C,YPL148C,0,0.53650826,0.12258454412221909,0.9921798706054688,0.7281748056411743
YGL128C,YHR099W,0,0.5364053,0.122569739818573,0.9921798706054688,0.7282750606536865
YHR185C,YLR007W,0,0.53591263,0.12255493551492691,0.9921798706054688,0.728375256061554
YKR001C,YLR084C,0,0.5350805,0.12254014611244202,0.9921798706054688,0.7284755110740662
YPR154W,YOR171C,0,0.53470767,0.12252534925937653,0.9921798706054688,0.7285757064819336
YER007W,YDR279W,0,0.53450656,0.12251055985689163,0.9921798706054688,0.7286759614944458
YJL168C,YBR240C,0,0.5344101,0.12249577790498734,0.9921798706054688,0.7287761569023132
YNL035C,YDR099W,0,0.53341377,0.12248099595308304,0.9921798706054688,0.7288764119148254
YPL241C,YNL129W,0,0.53291947,0.12246621400117874,0.9921798706054688,0.7289766669273376
YPL203W,YMR133W,0,0.53227025,0.12245143949985504,0.9921798706054688,0.7290768623352051
YGL017W,YML013W,0,0.531078,0.12243667244911194,0.9921798706054688,0.7291771173477173
YPL146C,YNL037C,0,0.5308768,0.12242190539836884,0.9921798706054688,0.7292773127555847
YAL030W,YDL127W,0,0.53053993,0.12240713834762573,0.9921798706054688,0.7293775677680969
YDR253C,YLL005C,0,0.5300251,0.12239237874746323,0.9921798706054688,0.7294778227806091
YLR441C,YMR208W,0,0.528485,0.12237761914730072,0.9921798706054688,0.7295780181884766
YKL164C,YMR316W,0,0.5282837,0.12236286699771881,0.9921798706054688,0.7296782732009888
YDR408C,YMR257C,0,0.528107,0.1223481222987175,0.9921798706054688,0.7297784686088562
YDL056W,YBR085W,0,0.5271415,0.12233337014913559,0.9921798706054688,0.7298787236213684
YJL109C,YNR043W,0,0.52696085,0.12231863290071487,0.9921798706054688,0.7299789786338806
YDL108W,YPR156C,0,0.52673924,0.12230389565229416,0.9921798706054688,0.730079174041748
YMR074C,YNL263C,0,0.525867,0.12228915840387344,0.9921798706054688,0.7301794290542603
YNL132W,YDR294C,0,0.5257706,0.12227442115545273,0.9921798706054688,0.7302796244621277
YNL009W,YOR059C,0,0.5248284,0.1222596988081932,0.9921798706054688,0.7303798794746399
YPR054W,YOR265W,0,0.5243532,0.12224496901035309,0.9921798706054688,0.7304800748825073
YFL034C-A,YJR123W,0,0.52400005,0.12223025411367416,0.9921798706054688,0.7305803298950195
YGR217W,YGL086W,0,0.52288586,0.12221553176641464,0.9921798706054688,0.7306805849075317
YHR001W,YHR016C,0,0.52219045,0.12220081686973572,0.9921798706054688,0.7307807803153992
YNL116W,YML102W,0,0.521523,0.12218610942363739,0.9921798706054688,0.7308810353279114
YDR020C,YLR044C,0,0.52069926,0.12217140197753906,0.9921798706054688,0.7309812307357788
YNL039W,YHL047C,0,0.5196047,0.12215669453144073,0.9921798706054688,0.731081485748291
YDL020C,YBR203W,0,0.51849055,0.122141994535923,0.9921798706054688,0.7311817407608032
YKR096W,YLL066C,0,0.51847357,0.12212730199098587,0.9921798706054688,0.7312819361686707
YDR266C,YJL216C,0,0.5165996,0.12211260944604874,0.9921798706054688,0.7313821911811829
YLR446W,YLL001W,0,0.5158661,0.1220979169011116,0.9921798706054688,0.7314823865890503
YLL026W,YPL171C,0,0.5156559,0.12208323180675507,0.9921798706054688,0.7315826416015625
YHR028C,YLR426W,0,0.51384735,0.12206855416297913,0.9921798706054688,0.7316828966140747
YDR191W,YDR127W,0,0.5133155,0.12205386906862259,0.9921798706054688,0.7317830920219421
YHL031C,YLR086W,0,0.51270497,0.12203919887542725,0.9921798706054688,0.7318833470344543
YFL049W,YER153C,0,0.5119232,0.1220245286822319,0.9921798706054688,0.7319835424423218
YMR199W,YDR148C,0,0.5115577,0.12200985848903656,0.9921798706054688,0.732083797454834
YOR039W,YLL018C,0,0.51080865,0.12199519574642181,0.9921798706054688,0.7321840524673462
YJL026W,YPL056C,0,0.5104878,0.12198053300380707,0.9921798706054688,0.7322842478752136
YKL043W,YDR182W,0,0.51025975,0.12196587026119232,0.9921798706054688,0.7323845028877258
YPL123C,YNL072W,0,0.50977725,0.12195122241973877,0.9921798706054688,0.7324846982955933
YOR321W,YDR484W,0,0.5095024,0.12193656712770462,0.9921798706054688,0.7325849533081055
YJR022W,YER044C,0,0.50892514,0.12192191928625107,0.9921798706054688,0.7326851487159729
YDL105W,YBR022W,0,0.507591,0.12190727889537811,0.9921798706054688,0.7327854037284851
YDL030W,YDR043C,0,0.5067274,0.12189263850450516,0.9921798706054688,0.7328856587409973
YLR419W,YBL054W,0,0.5055555,0.1218780055642128,0.9921798706054688,0.7329858541488647
YLR181C,YML078W,0,0.5025724,0.12186337262392044,0.9921798706054688,0.733086109161377
YMR042W,YDR301W,0,0.50205594,0.12184873968362808,0.9921798706054688,0.7331863045692444
YGL195W,YKL145W,0,0.50139415,0.12183411419391632,0.9921798706054688,0.7332865595817566
YGL155W,YPL090C,0,0.5004268,0.12181948870420456,0.9921798706054688,0.7333868145942688
YHR023W,YAL011W,0,0.50029427,0.1218048706650734,0.9921798706054688,0.7334870100021362
YPL253C,YOR130C,0,0.4996605,0.12179026007652283,0.9921798706054688,0.7335872650146484
YLR143W,YER149C,0,0.49932104,0.12177564203739166,0.9921798706054688,0.7336874604225159
YGR003W,YDL139C,0,0.4988955,0.12176103889942169,0.9921798706054688,0.7337877154350281
YOR007C,YIR015W,0,0.49618626,0.12174642831087112,0.9921798706054688,0.7338879704475403
YDR142C,YNL136W,0,0.49599832,0.12173183262348175,0.9921798706054688,0.7339881658554077
YNL124W,YOR236W,0,0.4955705,0.12171722948551178,0.9921798706054688,0.7340884208679199
YMR043W,YOR328W,0,0.49541855,0.121702641248703,0.9921798706054688,0.7341886162757874
YDR520C,YLR248W,0,0.49495345,0.12168804556131363,0.9921798706054688,0.7342888712882996
YOR117W,YER110C,0,0.49482197,0.12167345732450485,0.9921798706054688,0.734389066696167
YHR201C,YBR268W,0,0.49456537,0.12165887653827667,0.9921798706054688,0.7344893217086792
YIL034C,YOL100W,0,0.49410748,0.12164429575204849,0.9921798706054688,0.7345895767211914
YOR368W,YER036C,0,0.49323103,0.12162971496582031,0.9921798706054688,0.7346897721290588
YJL139C,YMR235C,0,0.49252048,0.12161514163017273,0.9921798706054688,0.734790027141571
YPL141C,YKL149C,0,0.49051803,0.12160057574510574,0.9921798706054688,0.7348902225494385
YDL129W,YHR063C,0,0.48808458,0.12158600986003876,0.9921798706054688,0.7349904775619507
YKR058W,YOR228C,0,0.48752153,0.12157144397497177,0.9921798706054688,0.7350907325744629
YLR019W,YML098W,0,0.48677278,0.12155688554048538,0.9921798706054688,0.7351909279823303
YIL101C,YOR246C,0,0.4861427,0.12154232710599899,0.9921798706054688,0.7352911829948425
YDR324C,YMR207C,0,0.48570603,0.1215277761220932,0.9921798706054688,0.73539137840271
YGR122W,YDR322W,0,0.48550346,0.12151322513818741,0.9921798706054688,0.7354916334152222
YMR009W,YML082W,0,0.4837893,0.12149868160486221,0.9921798706054688,0.7355918884277344
YKL100C,YGR098C,0,0.48349464,0.12148413807153702,0.9921798706054688,0.7356920838356018
YOR028C,YJL025W,0,0.48308074,0.12146960198879242,0.9921798706054688,0.735792338848114
YGL189C,YBR102C,0,0.4826734,0.12145506590604782,0.9921798706054688,0.7358925342559814
YHL025W,YER029C,0,0.48266375,0.12144053727388382,0.9921798706054688,0.7359927892684937
YPL141C,YER100W,0,0.4814673,0.12142600864171982,0.9921798706054688,0.7360929846763611
YLR450W,YER120W,0,0.48145074,0.12141148000955582,0.9921798706054688,0.7361932396888733
YMR035W,YGR263C,0,0.48084888,0.12139695882797241,0.9921798706054688,0.7362934947013855
YEL059C-A,YMR167W,0,0.48021173,0.1213824450969696,0.9921798706054688,0.7363936901092529
YDL201W,YLR369W,0,0.47916993,0.1213679313659668,0.9921798706054688,0.7364939451217651
YIL137C,YGL053W,0,0.47832143,0.12135341763496399,0.9921798706054688,0.7365941405296326
YJL026W,YKR009C,0,0.4778454,0.12133891135454178,0.9921798706054688,0.7366943955421448
YHR028C,YLR077W,0,0.47772604,0.12132440507411957,0.9921798706054688,0.736794650554657
YJL197W,YER106W,0,0.4764403,0.12130990624427795,0.9921798706054688,0.7368948459625244
YOR368W,YGL116W,0,0.47579777,0.12129540741443634,0.9921798706054688,0.7369951009750366
YDL069C,YIR022W,0,0.47563708,0.12128091603517532,0.9921798706054688,0.737095296382904
YMR192W,YGL012W,0,0.47517323,0.1212664246559143,0.9921798706054688,0.7371955513954163
YER027C,YMR152W,0,0.47511065,0.12125194072723389,0.9921798706054688,0.7372958064079285
YNL049C,YJL129C,0,0.4750652,0.12123745679855347,0.9921798706054688,0.7373960018157959
YPL051W,YPR155C,0,0.4750044,0.12122298032045364,0.9921798706054688,0.7374962568283081
YPL024W,YIL168W,0,0.47456092,0.12120850384235382,0.9921798706054688,0.7375964522361755
YJR104C,YDR485C,0,0.47103932,0.121194027364254,0.9921798706054688,0.7376967072486877
YBL003C,YGR046W,0,0.47089016,0.12117955833673477,0.9921798706054688,0.7377969622612
YOR368W,YBR203W,0,0.47076368,0.12116509675979614,0.9921798706054688,0.7378971576690674
YDR058C,YNL183C,0,0.47047198,0.12115063518285751,0.9921798706054688,0.7379974126815796
YGR116W,YIL073C,0,0.46971315,0.12113617360591888,0.9921798706054688,0.738097608089447
YLR135W,YNR016C,0,0.46946836,0.12112171947956085,0.9921798706054688,0.7381978631019592
YGL031C,YML027W,0,0.46871892,0.12110726535320282,0.9921798706054688,0.7382980585098267
YER099C,YMR048W,0,0.46814457,0.12109281867742538,0.9921798706054688,0.7383983135223389
YPL024W,YNR016C,0,0.46814197,0.12107837200164795,0.9921798706054688,0.7384985685348511
YNL021W,YDR116C,0,0.46787876,0.12106393277645111,0.9921798706054688,0.7385987639427185
YPR042C,YFR051C,0,0.46746,0.12104949355125427,0.9921798706054688,0.7386990189552307
YOR371C,YPL206C,0,0.4660042,0.12103506177663803,0.9921798706054688,0.7387992143630981
YGL087C,YNL225C,0,0.4658091,0.12102063000202179,0.9921798706054688,0.7388994693756104
YDR395W,YKL152C,0,0.46574414,0.12100619822740555,0.9921798706054688,0.7389997243881226
YDR191W,YDR243C,0,0.46410918,0.1209917739033699,0.9921798706054688,0.73909991979599
YHR149C,YNL159C,0,0.4641059,0.12097735702991486,0.9921798706054688,0.7392001748085022
YDR361C,YEL065W,0,0.46335036,0.12096294015645981,0.9921798706054688,0.7393003702163696
YAR015W,YJR125C,0,0.46327603,0.12094852328300476,0.9921798706054688,0.7394006252288818
YMR232W,YIR009W,0,0.46249664,0.12093411386013031,0.9921798706054688,0.739500880241394
YDR441C,YMR153W,0,0.46195254,0.12091970443725586,0.9921798706054688,0.7396010756492615
YPL081W,YHR042W,0,0.46122566,0.120905302464962,0.9921798706054688,0.7397013306617737
YAL032C,YJR131W,0,0.46069854,0.12089090049266815,0.9921798706054688,0.7398015260696411
YDR057W,YML104C,0,0.46060884,0.1208765059709549,0.9921798706054688,0.7399017810821533
YPR161C,YDL200C,0,0.46046838,0.12086211144924164,0.9921798706054688,0.7400019764900208
YDR018C,YPR097W,0,0.4601972,0.12084771692752838,0.9921798706054688,0.740102231502533
YJR001W,YDL005C,0,0.4597751,0.12083332985639572,0.9921798706054688,0.7402024865150452
YDR407C,YDL144C,0,0.45943278,0.12081895023584366,0.9921798706054688,0.7403026819229126
YGL155W,YLR377C,0,0.4592025,0.1208045706152916,0.9921798706054688,0.7404029369354248
YPR081C,YMR208W,0,0.4591654,0.12079019099473953,0.9921798706054688,0.7405031323432922
YHR200W,YJL108C,0,0.45902157,0.12077581882476807,0.9921798706054688,0.7406033873558044
YMR076C,YCR045C,0,0.458543,0.1207614541053772,0.9921798706054688,0.7407036423683167
YJR129C,YEL063C,0,0.45827553,0.12074708193540573,0.9921798706054688,0.7408038377761841
YDR252W,YJL208C,0,0.4567201,0.12073272466659546,0.9921798706054688,0.7409040927886963
YDR427W,YGR244C,0,0.45606482,0.12071835994720459,0.9921798706054688,0.7410042881965637
YLR132C,YHR129C,0,0.45568937,0.12070401012897491,0.9921798706054688,0.7411045432090759
YML062C,YCL050C,0,0.45558107,0.12068965286016464,0.9921798706054688,0.7412047982215881
YBL072C,YGR241C,0,0.4534186,0.12067530304193497,0.9921798706054688,0.7413049936294556
YOR066W,YBL023C,0,0.45338833,0.12066096067428589,0.9921798706054688,0.7414052486419678
YIL091C,YER051W,0,0.45327353,0.12064661830663681,0.9921798706054688,0.7415054440498352
YDL115C,YFR055W,0,0.4515372,0.12063227593898773,0.9921798706054688,0.7416056990623474
YLL009C,YHR002W,1,0.45119953,0.12073677778244019,0.9931573867797852,0.7416056990623474
YOL029C,YNL325C,0,0.4498052,0.12072243541479111,0.9931573867797852,0.7417058944702148
YPL100W,YOR157C,0,0.4474886,0.12070809304714203,0.9931573867797852,0.741806149482727
YPL095C,YML031W,0,0.4474852,0.12069375067949295,0.9931573867797852,0.7419064044952393
YPL181W,YDL056W,0,0.4474508,0.12067941576242447,0.9931573867797852,0.7420065999031067
YIL103W,YDL058W,0,0.4461627,0.12066508084535599,0.9931573867797852,0.7421068549156189
YJR049C,YPL088W,0,0.44585732,0.1206507533788681,0.9931573867797852,0.7422070503234863
YHR169W,YOL088C,0,0.44403014,0.12063642591238022,0.9931573867797852,0.7423073053359985
YNL272C,YLR240W,0,0.44320595,0.12062210589647293,0.9931573867797852,0.7424075603485107
YIL026C,YOL055C,0,0.4429674,0.12060778588056564,0.9931573867797852,0.7425077557563782
YHR154W,YEL005C,0,0.44265372,0.12059347331523895,0.9931573867797852,0.7426080107688904
YOR250C,YDR330W,0,0.44027156,0.12057916074991226,0.9931573867797852,0.7427082061767578
YOL125W,YKR029C,0,0.43993035,0.12056484818458557,0.9931573867797852,0.74280846118927
YHR201C,YEL042W,0,0.4390721,0.12055054306983948,0.9931573867797852,0.7429087162017822
YMR268C,YLR201C,0,0.43752658,0.12053624540567398,0.9931573867797852,0.7430089116096497
YLL009C,YPL092W,1,0.43688118,0.12064056843519211,0.9941349029541016,0.7430089116096497
YGL078C,YGR292W,0,0.4362836,0.12062626332044601,0.9941349029541016,0.7431091666221619
YNL189W,YER148W,0,0.4346587,0.12061195075511932,0.9941349029541016,0.7432093620300293
YOR118W,YJR025C,0,0.4338601,0.12059765309095383,0.9941349029541016,0.7433096170425415
YBL035C,YOL003C,0,0.43278635,0.12058335542678833,0.9941349029541016,0.7434098720550537
YER063W,YNL162W,0,0.4325564,0.12056905776262283,0.9941349029541016,0.7435100674629211
YMR268C,YLR378C,0,0.43134916,0.12055476754903793,0.9941349029541016,0.7436103224754333
YFL009W,YPR065W,0,0.43059278,0.12054047733545303,0.9941349029541016,0.7437105178833008
YJR041C,YPR141C,0,0.42943168,0.12052619457244873,0.9941349029541016,0.743810772895813
YKL089W,YKR045C,0,0.42932835,0.12051191180944443,0.9941349029541016,0.7439109683036804
YKL183W,YLR155C,0,0.4259367,0.12049762904644012,0.9941349029541016,0.7440112233161926
YMR263W,YLR384C,0,0.42571416,0.12048335373401642,0.9941349029541016,0.7441114783287048
YER014W,YOR144C,0,0.42547044,0.12046908587217331,0.9941349029541016,0.7442116737365723
YKL052C,YDR236C,0,0.42363647,0.1204548180103302,0.9941349029541016,0.7443119287490845
YJR093C,YKR058W,0,0.4235365,0.12044055014848709,0.9941349029541016,0.7444121241569519
YIL017C,YNR019W,0,0.4229161,0.12042628973722458,0.9941349029541016,0.7445123791694641
YIL118W,YDR356W,0,0.42179102,0.12041202932596207,0.9941349029541016,0.7446126341819763
YDR032C,YDL102W,0,0.41973916,0.12039777636528015,0.9941349029541016,0.7447128295898438
YDR516C,YOR361C,0,0.4185011,0.12038352340459824,0.9941349029541016,0.744813084602356
YKL160W,YML012W,0,0.41735142,0.12036927789449692,0.9941349029541016,0.7449132800102234
YLL011W,YNL218W,0,0.41724533,0.1203550323843956,0.9941349029541016,0.7450135350227356
YMR074C,YIR015W,0,0.41641378,0.12034078687429428,0.9941349029541016,0.7451137900352478
YPR033C,YKL146W,0,0.41552085,0.12032654881477356,0.9941349029541016,0.7452139854431152
YOR018W,YLR408C,0,0.4146089,0.12031231820583344,0.9941349029541016,0.7453142404556274
YFR008W,YJL050W,0,0.41429725,0.12029808014631271,0.9941349029541016,0.7454144358634949
YJR104C,YLR200W,0,0.4142229,0.12028385698795319,0.9941349029541016,0.7455146908760071
YDR520C,YER056C-A,0,0.41208458,0.12026963382959366,0.9941349029541016,0.7456148862838745
YNL197C,YML131W,0,0.40961838,0.12025541067123413,0.9941349029541016,0.7457151412963867
YOL148C,YPR181C,0,0.40937525,0.1202411949634552,0.9941349029541016,0.7458153963088989
YPR041W,YKR046C,0,0.40905267,0.12022697925567627,0.9941349029541016,0.7459155917167664
YNL265C,YOR131C,0,0.40817878,0.12021276354789734,0.9941349029541016,0.7460158467292786
YBR160W,YLR138W,0,0.4072004,0.120198555290699,0.9941349029541016,0.746116042137146
YLR086W,YKL029C,0,0.406538,0.12018435448408127,0.9941349029541016,0.7462162971496582
YIL041W,YGR068C,0,0.40595865,0.12017015367746353,0.9941349029541016,0.7463165521621704
YDR252W,YNL038W,0,0.40576345,0.1201559528708458,0.9941349029541016,0.7464167475700378
YBL106C,YNL312W,0,0.40573955,0.12014175951480865,0.9941349029541016,0.74651700258255
YNL248C,YLR185W,0,0.40502143,0.12012756615877151,0.9941349029541016,0.7466171979904175
YOR264W,YPL124W,0,0.40497267,0.12011338025331497,0.9941349029541016,0.7467174530029297
YPL046C,YDR225W,0,0.40167552,0.12009919434785843,0.9941349029541016,0.7468177080154419
YGR129W,YBL075C,0,0.4015864,0.12008501589298248,0.9941349029541016,0.7469179034233093
YDR045C,YBR092C,0,0.40141523,0.12007083743810654,0.9941349029541016,0.7470181584358215
YHR121W,YCL059C,0,0.4010381,0.12005666643381119,0.9941349029541016,0.747118353843689
YJL069C,YGL040C,0,0.40097922,0.12004249542951584,0.9941349029541016,0.7472186088562012
YOL034W,YOR329C,0,0.40061682,0.12002832442522049,0.9941349029541016,0.7473188042640686
YHR080C,YML055W,0,0.39918655,0.12001416087150574,0.9941349029541016,0.7474190592765808
YOL006C,YNL288W,0,0.3990964,0.11999999731779099,0.9941349029541016,0.747519314289093
YPL074W,YLR188W,0,0.39884955,0.11998584121465683,0.9941349029541016,0.7476195096969604
YKL196C,YAL058W,0,0.39833748,0.11997168511152267,0.9941349029541016,0.7477197647094727
YPL255W,YDR388W,0,0.39424062,0.11995753645896912,0.9941349029541016,0.7478199601173401
YGR186W,YLL010C,0,0.3927625,0.11994338780641556,0.9941349029541016,0.7479202151298523
YLR333C,YBR193C,0,0.39108717,0.1199292466044426,0.9941349029541016,0.7480204701423645
YER157W,YGL086W,0,0.39082438,0.11991510540246964,0.9941349029541016,0.7481206655502319
YFR003C,YDR115W,0,0.3905377,0.11990096420049667,0.9941349029541016,0.7482209205627441
YGL090W,YJR131W,0,0.39010584,0.11988683044910431,0.9941349029541016,0.7483211159706116
YIL101C,YNL327W,0,0.38967508,0.11987270414829254,0.9941349029541016,0.7484213709831238
YHR046C,YPL145C,0,0.38878003,0.11985857039690018,0.9941349029541016,0.748521625995636
YKR048C,YMR216C,0,0.38857833,0.119844451546669,0.9941349029541016,0.7486218214035034
YDR043C,YPR151C,0,0.38846192,0.11983032524585724,0.9941349029541016,0.7487220764160156
YNL082W,YBR109C,0,0.38689,0.11981621384620667,0.9941349029541016,0.7488222718238831
YJR056C,YNL220W,0,0.38562226,0.1198020949959755,0.9941349029541016,0.7489225268363953
YDR092W,YNL188W,0,0.38536307,0.11978798359632492,0.9941349029541016,0.7490227818489075
YBL008W,YML087C,0,0.38526398,0.11977387964725494,0.9941349029541016,0.7491229772567749
YDR127W,YGR286C,0,0.3844961,0.11975977569818497,0.9941349029541016,0.7492232322692871
YDL205C,YKR072C,0,0.38385433,0.11974567174911499,0.9941349029541016,0.7493234276771545
YOL123W,YER054C,0,0.38349673,0.11973157525062561,0.9941349029541016,0.7494236826896667
YBL054W,YDL105W,0,0.38294834,0.11971747875213623,0.9941349029541016,0.7495238780975342
YGL099W,YPL169C,0,0.38154572,0.11970338970422745,0.9941349029541016,0.7496241331100464
YHR092C,YLR320W,0,0.3813725,0.11968930065631866,0.9941349029541016,0.7497243881225586
YKL025C,YKL018W,0,0.3808574,0.11967521905899048,0.9941349029541016,0.749824583530426
YOR179C,YDR111C,0,0.38015023,0.11966113746166229,0.9941349029541016,0.7499248385429382
YMR201C,YDR037W,0,0.37889543,0.1196470558643341,0.9941349029541016,0.7500250339508057
YDL168W,YDL180W,0,0.3774175,0.11963298171758652,0.9941349029541016,0.7501252889633179
YDR418W,YML059C,0,0.37734544,0.11961891502141953,0.9941349029541016,0.7502255439758301
YDR367W,YKL110C,0,0.37714526,0.11960484832525253,0.9941349029541016,0.7503257393836975
YIL056W,YDL147W,0,0.37545064,0.11959078162908554,0.9941349029541016,0.7504259943962097
YER038C,YCR075C,0,0.37438434,0.11957672238349915,0.9941349029541016,0.7505261898040771
YOR249C,YML054C,0,0.37378162,0.11956266313791275,0.9941349029541016,0.7506264448165894
YHR113W,YPL155C,0,0.3731969,0.11954860389232635,0.9941349029541016,0.7507266998291016
YIL105C,YJL203W,0,0.37257487,0.11953455209732056,0.9941349029541016,0.750826895236969
YLR419W,YGL070C,0,0.37079978,0.11952050775289536,0.9941349029541016,0.7509271502494812
YHL031C,YHR101C,0,0.37013924,0.11950646340847015,0.9941349029541016,0.7510273456573486
YIL075C,YMR092C,0,0.3699836,0.11949241906404495,0.9941349029541016,0.7511276006698608
YML076C,YOR083W,0,0.36951214,0.11947838217020035,0.9941349029541016,0.7512277960777283
YKR078W,YPL171C,0,0.36870867,0.11946434527635574,0.9941349029541016,0.7513280510902405
YPL090C,YER019W,0,0.3679021,0.11945031583309174,0.9941349029541016,0.7514283061027527
YBR009C,YJR007W,0,0.36611885,0.11943628638982773,0.9941349029541016,0.7515285015106201
YDR191W,YOR047C,0,0.3660104,0.11942226439714432,0.9941349029541016,0.7516287565231323
YBL004W,YDR162C,0,0.3650162,0.11940824240446091,0.9941349029541016,0.7517289519309998
YDR409W,YPL012W,0,0.36478946,0.1193942204117775,0.9941349029541016,0.751829206943512
YMR223W,YAR007C,0,0.3641452,0.11938020586967468,0.9941349029541016,0.7519294619560242
YDR330W,YMR142C,0,0.36391383,0.11936619877815247,0.9941349029541016,0.7520296573638916
YNL059C,YLR356W,0,0.36362675,0.11935219168663025,0.9941349029541016,0.7521299123764038
YDR184C,YGL059W,0,0.36201084,0.11933818459510803,0.9941349029541016,0.7522301077842712
YNR051C,YMR048W,0,0.36191466,0.11932418495416641,0.9941349029541016,0.7523303627967834
YNL180C,YML001W,0,0.36173108,0.11931018531322479,0.9941349029541016,0.7524306178092957
YDR479C,YOR361C,0,0.36042544,0.11929618567228317,0.9941349029541016,0.7525308132171631
YBR079C,YGR178C,0,0.3587294,0.11928219348192215,0.9941349029541016,0.7526310682296753
YOL061W,YLL018C,0,0.35849896,0.11926820874214172,0.9941349029541016,0.7527312636375427
YNL241C,YNL126W,0,0.35832816,0.1192542240023613,0.9941349029541016,0.7528315186500549
YGL073W,YER019W,0,0.3575945,0.11924023926258087,0.9941349029541016,0.7529317140579224
YPR148C,YLR272C,0,0.3570734,0.11922626197338104,0.9941349029541016,0.7530319690704346
YPL269W,YAR008W,0,0.35509154,0.11921228468418121,0.9941349029541016,0.7531322240829468
YFR014C,YJL076W,0,0.35500658,0.11919831484556198,0.9941349029541016,0.7532324194908142
YCL047C,YOL076W,0,0.35479978,0.11918434500694275,0.9941349029541016,0.7533326745033264
YHR187W,YCL055W,0,0.35451788,0.11917037516832352,0.9941349029541016,0.7534328699111938
YPR131C,YDL226C,0,0.35218304,0.11915641278028488,0.9941349029541016,0.753533124923706
YGR013W,YIL123W,0,0.35097125,0.11914245784282684,0.9941349029541016,0.7536333799362183
YDR016C,YBR085W,0,0.34875488,0.1191285029053688,0.9941349029541016,0.7537335753440857
YGL194C,YCR081W,0,0.34764796,0.11911454796791077,0.9941349029541016,0.7538338303565979
YFL009W,YJR016C,0,0.34657198,0.11910060048103333,0.9941349029541016,0.7539340257644653
YMR268C,YDL064W,0,0.34466222,0.11908665299415588,0.9941349029541016,0.7540342807769775
YOR118W,YDL226C,0,0.3435605,0.11907270550727844,0.9941349029541016,0.7541345357894897
YCR053W,YGL020C,0,0.3434022,0.1190587654709816,0.9941349029541016,0.7542347311973572
YLR223C,YIR015W,0,0.34183303,0.11904483288526535,0.9941349029541016,0.7543349862098694
YOR101W,YPL140C,0,0.3410146,0.1190309002995491,0.9941349029541016,0.7544351816177368
YIR012W,YDR085C,0,0.3409456,0.11901696771383286,0.9941349029541016,0.754535436630249
YGL243W,YEL006W,0,0.34092575,0.1190030425786972,0.9941349029541016,0.7546356916427612
YKR064W,YBR244W,0,0.3399955,0.11898911744356155,0.9941349029541016,0.7547358870506287
YDR409W,YOR227W,0,0.3397415,0.1189751997590065,0.9941349029541016,0.7548361420631409
YFR038W,YPL010W,0,0.338507,0.11896128207445145,0.9941349029541016,0.7549363374710083
YJL179W,YOR004W,0,0.33788416,0.11894737184047699,0.9941349029541016,0.7550365924835205
YPL084W,YER096W,0,0.337365,0.11893346160650253,0.9941349029541016,0.7551367878913879
YLR109W,YBR207W,0,0.33696255,0.11891955137252808,0.9941349029541016,0.7552370429039001
YDL190C,YKL096W,0,0.33659303,0.11890564858913422,0.9941349029541016,0.7553372979164124
YDR520C,YER071C,0,0.33649433,0.11889174580574036,0.9941349029541016,0.7554374933242798
YNL183C,YJL008C,0,0.33621386,0.1188778504729271,0.9941349029541016,0.755537748336792
YPL066W,YIL117C,0,0.33406922,0.11886395514011383,0.9941349029541016,0.7556379437446594
YJR098C,YMR287C,0,0.3334632,0.11885006725788116,0.9941349029541016,0.7557381987571716
YDR420W,YPR110C,0,0.3326279,0.1188361793756485,0.9941349029541016,0.7558384537696838
YDL105W,YNL045W,0,0.33240592,0.11882229149341583,0.9941349029541016,0.7559386491775513
YER030W,YMR150C,0,0.331441,0.11880841106176376,0.9941349029541016,0.7560389041900635
YHR201C,YGR178C,0,0.33068565,0.1187945306301117,0.9941349029541016,0.7561390995979309
YLR263W,YBR302C,0,0.32959148,0.11878065764904022,0.9941349029541016,0.7562393546104431
YDR012W,YDL126C,0,0.32920313,0.11876678466796875,0.9941349029541016,0.7563396096229553
YJL136C,YGR234W,0,0.32909194,0.11875291913747787,0.9941349029541016,0.7564398050308228
YOR113W,YOL149W,0,0.32801095,0.118739053606987,0.9941349029541016,0.756540060043335
YFR050C,YPR161C,0,0.32740054,0.11872519552707672,0.9941349029541016,0.7566402554512024
YLR185W,YMR287C,0,0.32661515,0.11871133744716644,0.9941349029541016,0.7567405104637146
YNL254C,YBR191W,0,0.32631776,0.11869747936725616,0.9941349029541016,0.756840705871582
YOL061W,YMR142C,0,0.3260269,0.11868362873792648,0.9941349029541016,0.7569409608840942
YLR214W,YML102W,0,0.32367775,0.1186697781085968,0.9941349029541016,0.7570412158966064
YLR274W,YOR043W,0,0.3235007,0.11865593492984772,0.9941349029541016,0.7571414113044739
YKL176C,YHR154W,0,0.3233084,0.11864209175109863,0.9941349029541016,0.7572416663169861
YIL131C,YPL017C,0,0.3232374,0.11862824857234955,0.9941349029541016,0.7573418617248535
YFR009W,YLR186W,0,0.32294363,0.11861441284418106,0.9941349029541016,0.7574421167373657
YPL153C,YMR098C,0,0.32058424,0.11860058456659317,0.9941349029541016,0.7575423717498779
YAL021C,YOR278W,0,0.31947002,0.11858675628900528,0.9941349029541016,0.7576425671577454
YGR156W,YNR019W,0,0.31940055,0.11857292801141739,0.9941349029541016,0.7577428221702576
YPL225W,YKL051W,0,0.31852004,0.1185591071844101,0.9941349029541016,0.757843017578125
YER172C,YLR345W,0,0.31813872,0.1185452863574028,0.9941349029541016,0.7579432725906372
YPR066W,YAL030W,0,0.3178034,0.11853146553039551,0.9941349029541016,0.7580435276031494
YBR082C,YLR011W,0,0.3177144,0.11851765215396881,0.9941349029541016,0.7581437230110168
YDR118W,YBR039W,0,0.31760466,0.11850384622812271,0.9941349029541016,0.758243978023529
YMR234W,YLR466W,0,0.31734902,0.11849004030227661,0.9941349029541016,0.7583441734313965
YDL124W,YPR132W,0,0.3165572,0.11847623437643051,0.9941349029541016,0.7584444284439087
YOR195W,YBR288C,0,0.31616962,0.11846243590116501,0.9941349029541016,0.7585446238517761
YIL145C,YBR094W,0,0.31579766,0.1184486374258995,0.9941349029541016,0.7586448788642883
YOL078W,YGR024C,0,0.31512845,0.1184348464012146,0.9941349029541016,0.7587451338768005
YKR096W,YLR071C,0,0.31477016,0.1184210553765297,0.9941349029541016,0.758845329284668
YPL183C,YFR042W,0,0.31421164,0.11840726435184479,0.9941349029541016,0.7589455842971802
YJL083W,YGL044C,0,0.3128046,0.11839348077774048,0.9941349029541016,0.7590457797050476
YPL061W,YKR027W,0,0.31071576,0.11837969720363617,0.9941349029541016,0.7591460347175598
YJR046W,YLR424W,0,0.30830476,0.11836592108011246,0.9941349029541016,0.759246289730072
YDL236W,YJL050W,0,0.3078797,0.11835214495658875,0.9941349029541016,0.7593464851379395
YGL031C,YDL192W,0,0.30693844,0.11833837628364563,0.9941349029541016,0.7594467401504517
YJL026W,YOR258W,0,0.30528387,0.11832460761070251,0.9941349029541016,0.7595469355583191
YOR195W,YJL041W,0,0.30495143,0.1183108389377594,0.9941349029541016,0.7596471905708313
YFL047W,YJR043C,0,0.30492222,0.11829707771539688,0.9941349029541016,0.7597474455833435
YHR193C,YDR009W,0,0.30416012,0.11828332394361496,0.9941349029541016,0.7598476409912109
YOR264W,YJL050W,0,0.30206743,0.11826956272125244,0.9941349029541016,0.7599478960037231
YDL134C,YJR105W,0,0.3020329,0.11825581640005112,0.9941349029541016,0.7600480914115906
YML113W,YOR361C,0,0.30143374,0.1182420626282692,0.9941349029541016,0.7601483464241028
YPR161C,YJR019C,0,0.29865572,0.11822831630706787,0.9941349029541016,0.760248601436615
YOR253W,YDL143W,0,0.2982338,0.11821457743644714,0.9941349029541016,0.7603487968444824
YDR163W,YJL050W,0,0.29713947,0.11820083856582642,0.9941349029541016,0.7604490518569946
YLR327C,YHR116W,0,0.29652533,0.11818709969520569,0.9941349029541016,0.7605492472648621
YDR239C,YJR059W,0,0.29534927,0.11817336827516556,0.9941349029541016,0.7606495022773743
YGR003W,YER028C,0,0.29314846,0.11815963685512543,0.9941349029541016,0.7607496976852417
YJL197W,YER026C,0,0.29278582,0.1181459128856659,0.9941349029541016,0.7608499526977539
YER068W,YGR247W,0,0.29247785,0.11813218891620636,0.9941349029541016,0.7609502077102661
YOR101W,YBR123C,0,0.29226053,0.11811846494674683,0.9941349029541016,0.7610504031181335
YDR484W,YOR254C,0,0.29078498,0.11810474842786789,0.9941349029541016,0.7611506581306458
YHR197W,YKL048C,0,0.29071692,0.11809103935956955,0.9941349029541016,0.7612508535385132
YOL115W,YOR347C,0,0.29006246,0.11807732284069061,0.9941349029541016,0.7613511085510254
YPL115C,YLR178C,0,0.28839353,0.11806361377239227,0.9941349029541016,0.7614513635635376
YFR006W,YKL045W,0,0.28810441,0.11804991215467453,0.9941349029541016,0.761551558971405
YLR403W,YJL002C,0,0.28782225,0.11803621053695679,0.9941349029541016,0.7616518139839172
YHR204W,YDL080C,0,0.2871274,0.11802251636981964,0.9941349029541016,0.7617520093917847
YGL087C,YDR447C,0,0.2869879,0.1180088222026825,0.9941349029541016,0.7618522644042969
YOR229W,YOL157C,0,0.2861992,0.11799512803554535,0.9941349029541016,0.7619525194168091
YMR127C,YDR464W,0,0.28534585,0.1179814413189888,0.9941349029541016,0.7620527148246765
YBR239C,YBR114W,0,0.28471372,0.11796775460243225,0.9941349029541016,0.7621529698371887
YOR363C,YPL037C,0,0.28461614,0.1179540678858757,0.9941349029541016,0.7622531652450562
YOR174W,YKL092C,0,0.28393608,0.11794038861989975,0.9941349029541016,0.7623534202575684
YOL059W,YKR077W,0,0.28066924,0.1179267168045044,0.9941349029541016,0.7624536156654358
YOR046C,YMR204C,0,0.27999413,0.11791304498910904,0.9941349029541016,0.762553870677948
YDL223C,YAL030W,0,0.27815983,0.11789937317371368,0.9941349029541016,0.7626541256904602
YLR446W,YDR482C,0,0.27802294,0.11788570880889893,0.9941349029541016,0.7627543210983276
YGL254W,YNL037C,0,0.27801356,0.11787204444408417,0.9941349029541016,0.7628545761108398
YGL049C,YNL167C,0,0.27676338,0.11785838752985,0.9941349029541016,0.7629547715187073
YPR180W,YNL077W,0,0.27463764,0.11784473061561584,0.9941349029541016,0.7630550265312195
YML082W,YGR067C,0,0.27434576,0.11783107370138168,0.9941349029541016,0.7631552815437317
YJR094W-A,YFR028C,0,0.27390757,0.11781742423772812,0.9941349029541016,0.7632554769515991
YHR201C,YGR211W,0,0.2727139,0.11780377477407455,0.9941349029541016,0.7633557319641113
YDR533C,YKL048C,0,0.27169946,0.11779013276100159,0.9941349029541016,0.7634559273719788
YOL016C,YOR250C,0,0.27134046,0.11777649074792862,0.9941349029541016,0.763556182384491
YER143W,YMR154C,0,0.27124035,0.11776285618543625,0.9941349029541016,0.7636564373970032
YJR068W,YDR156W,0,0.2709968,0.11774922162294388,0.9941349029541016,0.7637566328048706
YJL001W,YGL223C,0,0.27057493,0.11773558706045151,0.9941349029541016,0.7638568878173828
YNL286W,YPL159C,0,0.26947427,0.11772195994853973,0.9941349029541016,0.7639570832252502
YLR313C,YGR023W,0,0.26923367,0.11770833283662796,0.9941349029541016,0.7640573382377625
YOL041C,YBR043C,0,0.26903316,0.11769471317529678,0.9941349029541016,0.7641575336456299
YGL150C,YOR269W,0,0.26894587,0.1176810935139656,0.9941349029541016,0.7642577886581421
YNL330C,YLR154C,0,0.26653457,0.11766747385263443,0.9941349029541016,0.7643580436706543
YNL308C,YOR383C,0,0.2655604,0.11765386164188385,0.9941349029541016,0.7644582390785217
YML024W,YHR025W,0,0.26522484,0.11764025688171387,0.9941349029541016,0.7645584940910339
YDL108W,YKL055C,0,0.26358014,0.11762664467096329,0.9941349029541016,0.7646586894989014
YOR260W,YDL095W,0,0.2632811,0.1176130473613739,0.9941349029541016,0.7647589445114136
YOL117W,YIL008W,0,0.26161766,0.11759944260120392,0.9941349029541016,0.7648591995239258
YIL004C,YFR027W,0,0.26131797,0.11758584529161453,0.9941349029541016,0.7649593949317932
YLR427W,YGR266W,0,0.26027438,0.11757225543260574,0.9941349029541016,0.7650596499443054
YJL190C,YDL124W,0,0.2595982,0.11755866557359695,0.9941349029541016,0.7651598453521729
YKR099W,YNL103W,0,0.25941062,0.11754507571458817,0.9941349029541016,0.7652601003646851
YJR097W,YER161C,0,0.259065,0.11753149330615997,0.9941349029541016,0.7653603553771973
YGL175C,YBL020W,0,0.2590505,0.11751791089773178,0.9941349029541016,0.7654605507850647
YPL016W,YHR122W,0,0.25904456,0.11750433593988419,0.9941349029541016,0.7655608057975769
YPL179W,YDR541C,0,0.25862855,0.11749076098203659,0.9941349029541016,0.7656610012054443
YJL186W,YPR133C,0,0.25854695,0.117477186024189,0.9941349029541016,0.7657612562179565
YMR044W,YPL023C,0,0.25850633,0.117463618516922,0.9941349029541016,0.765861451625824
YBL019W,YER083C,0,0.25725335,0.117450051009655,0.9941349029541016,0.7659617066383362
YGL155W,YDR194C,0,0.25637874,0.1174364909529686,0.9941349029541016,0.7660619616508484
YDR515W,YIL040W,0,0.25605363,0.1174229308962822,0.9941349029541016,0.7661621570587158
YOL049W,YDR156W,0,0.25514472,0.1174093708395958,0.9941349029541016,0.766262412071228
YDR266C,YLR337C,0,0.25443625,0.11739581823348999,0.9941349029541016,0.7663626074790955
YBR055C,YPL076W,0,0.25427696,0.11738227307796478,0.9941349029541016,0.7664628624916077
YOR346W,YKL107W,0,0.25368163,0.11736872792243958,0.9941349029541016,0.7665631175041199
YEL021W,YGL185C,0,0.25325215,0.11735518276691437,0.9941349029541016,0.7666633129119873
YPL038W,YGL219C,0,0.2526234,0.11734163761138916,0.9941349029541016,0.7667635679244995
YER030W,YHL050C,0,0.25078654,0.11732809990644455,0.9941349029541016,0.7668637633323669
YOR264W,YEL048C,0,0.24978247,0.11731456965208054,0.9941349029541016,0.7669640183448792
YOL016C,YAL013W,0,0.24933612,0.11730103939771652,0.9941349029541016,0.7670642733573914
YLR347C,YDR299W,0,0.24872813,0.11728750914335251,0.9941349029541016,0.7671644687652588
YDR021W,YKL071W,0,0.24797851,0.11727398633956909,0.9941349029541016,0.767264723777771
YLR117C,YBR153W,0,0.2479071,0.11726046353578568,0.9941349029541016,0.7673649191856384
YLR078C,YPR188C,0,0.24661955,0.11724694818258286,0.9941349029541016,0.7674651741981506
YLR406C,YBL042C,0,0.24492294,0.11723343282938004,0.9941349029541016,0.7675654292106628
YPL075W,YFL004W,0,0.24474755,0.11721991747617722,0.9941349029541016,0.7676656246185303
YER027C,YER153C,0,0.2440964,0.11720640957355499,0.9941349029541016,0.7677658796310425
YNL106C,YPR070W,0,0.24350935,0.11719290167093277,0.9941349029541016,0.7678660750389099
YFL047W,YOL092W,0,0.24159923,0.11717940121889114,0.9941349029541016,0.7679663300514221
YDL195W,YNR054C,0,0.23901689,0.11716590076684952,0.9941349029541016,0.7680665254592896
YER075C,YMR293C,0,0.2380549,0.11715240031480789,0.9941349029541016,0.7681667804718018
YLR148W,YLL022C,0,0.23734257,0.11713890731334686,0.9941349029541016,0.768267035484314
YGL013C,YDL012C,0,0.23673287,0.11712541431188583,0.9941349029541016,0.7683672308921814
YBL004W,YNL046W,0,0.23661041,0.1171119287610054,0.9941349029541016,0.7684674859046936
YPR009W,YLR188W,0,0.23552036,0.11709844321012497,0.9941349029541016,0.768567681312561
YDR047W,YIL157C,0,0.2355144,0.11708496510982513,0.9941349029541016,0.7686679363250732
YLR403W,YOR347C,0,0.23542833,0.1170714870095253,0.9941349029541016,0.7687681913375854
YLR004C,YDR507C,0,0.2350418,0.11705800890922546,0.9941349029541016,0.7688683867454529
YNL124W,YKL176C,0,0.23488858,0.11704453825950623,0.9941349029541016,0.7689686417579651
YGR271C-A,YLR093C,0,0.23402163,0.11703106760978699,0.9941349029541016,0.7690688371658325
YIL030C,YNL166C,0,0.23300448,0.11701760441064835,0.9941349029541016,0.7691690921783447
YDR418W,YBR069C,0,0.2325112,0.1170041412115097,0.9941349029541016,0.7692693471908569
YCR033W,YJL109C,0,0.23142985,0.11699068546295166,0.9941349029541016,0.7693695425987244
YDR006C,YLR378C,0,0.23087889,0.11697722226381302,0.9941349029541016,0.7694697976112366
YER124C,YLR336C,0,0.23082912,0.11696377396583557,0.9941349029541016,0.769569993019104
YBR166C,YLR133W,0,0.23053688,0.11695032566785812,0.9941349029541016,0.7696702480316162
YGL157W,YKL185W,0,0.22735995,0.11693687736988068,0.9941349029541016,0.7697704434394836
YOL061W,YIL101C,0,0.2271496,0.11692342907190323,0.9941349029541016,0.7698706984519958
YJR067C,YPL262W,0,0.2271322,0.11690998822450638,0.9941349029541016,0.7699709534645081
YPL026C,YJR013W,0,0.22424611,0.11689655482769012,0.9941349029541016,0.7700711488723755
YIL153W,YDR507C,0,0.22310635,0.11688311398029327,0.9941349029541016,0.7701714038848877
YKL052C,YOR193W,0,0.22280732,0.11686968803405762,0.9941349029541016,0.7702715992927551
YGL105W,YMR282C,0,0.22220325,0.11685625463724136,0.9941349029541016,0.7703718543052673
YHR103W,YJL216C,0,0.2180469,0.1168428286910057,0.9941349029541016,0.7704721093177795
YLR019W,YOR334W,0,0.21800375,0.11682941019535065,0.9941349029541016,0.770572304725647
YJL074C,YHR014W,0,0.21772766,0.11681599169969559,0.9941349029541016,0.7706725597381592
YBR156C,YML078W,0,0.21650696,0.11680257320404053,0.9941349029541016,0.7707727551460266
YBR149W,YMR261C,0,0.21629705,0.11678916215896606,0.9941349029541016,0.7708730101585388
YMR232W,YKL213C,0,0.21600732,0.1167757511138916,0.9941349029541016,0.770973265171051
YJL001W,YNR024W,0,0.21560404,0.11676234006881714,0.9941349029541016,0.7710734605789185
YPL193W,YMR037C,0,0.21539724,0.11674893647432327,0.9941349029541016,0.7711737155914307
YDR142C,YLR071C,0,0.21526074,0.11673554033041,0.9941349029541016,0.7712739109992981
YMR034C,YMR301C,1,0.21282844,0.11683691293001175,0.995112419128418,0.7712739109992981
YOL018C,YDL044C,0,0.21074632,0.11682350188493729,0.995112419128418,0.7713741660118103
YDR510W,YBR213W,0,0.21030352,0.11681009829044342,0.995112419128418,0.7714743614196777
YHR050W,YGR178C,0,0.20930308,0.11679669469594955,0.995112419128418,0.7715746164321899
YAL014C,YOR227W,0,0.20906138,0.11678329855203629,0.995112419128418,0.7716748714447021
YBR153W,YCR054C,0,0.2082268,0.11676990240812302,0.995112419128418,0.7717750668525696
YBL100W-B,YDR099W,0,0.20735118,0.11675650626420975,0.995112419128418,0.7718753218650818
YIL137C,YDL119C,0,0.207302,0.11674311757087708,0.995112419128418,0.7719755172729492
YNL330C,YGL198W,0,0.20708355,0.116729736328125,0.995112419128418,0.7720757722854614
YIL150C,YLR398C,0,0.20547706,0.11671634763479233,0.995112419128418,0.7721760272979736
YLR102C,YBR207W,0,0.20521869,0.11670296639204025,0.995112419128418,0.7722762227058411
YIL091C,YPL170W,0,0.20325929,0.11668959259986877,0.995112419128418,0.7723764777183533
YBL002W,YNL293W,0,0.20284876,0.1166762188076973,0.995112419128418,0.7724766731262207
YPR175W,YCR047C,0,0.20221154,0.11666284501552582,0.995112419128418,0.7725769281387329
YDL113C,YAR007C,0,0.20210196,0.11664947867393494,0.995112419128418,0.7726771831512451
YLR116W,YLR008C,0,0.20160925,0.11663611233234406,0.995112419128418,0.7727773785591125
YDR501W,YMR167W,0,0.2005061,0.11662275344133377,0.995112419128418,0.7728776335716248
YLR115W,YJL002C,0,0.19917601,0.11660939455032349,0.995112419128418,0.7729778289794922
YKL211C,YGL151W,0,0.19823979,0.1165960356593132,0.995112419128418,0.7730780839920044
YNL025C,YAR019C,0,0.19778651,0.11658268421888351,0.995112419128418,0.7731783390045166
YOR386W,YGR215W,0,0.19736993,0.11656933277845383,0.995112419128418,0.773278534412384
YDL103C,YKL046C,0,0.19307494,0.11655598878860474,0.995112419128418,0.7733787894248962
YLR376C,YDR143C,0,0.19295713,0.11654264479875565,0.995112419128418,0.7734789848327637
YIL007C,YEL059C-A,0,0.18934512,0.11652930080890656,0.995112419128418,0.7735792398452759
YDR047W,YPR008W,0,0.1889675,0.11651596426963806,0.995112419128418,0.7736794352531433
YDR098C,YOR096W,0,0.18893287,0.11650263518095016,0.995112419128418,0.7737796902656555
YKR078W,YGL161C,0,0.18812454,0.11648929864168167,0.995112419128418,0.7738799452781677
YNL126W,YFR051C,0,0.18777037,0.11647596955299377,0.995112419128418,0.7739801406860352
YHR102W,YFR042W,0,0.1863489,0.11646264791488647,0.995112419128418,0.7740803956985474
YLR453C,YGR048W,0,0.18581846,0.11644932627677917,0.995112419128418,0.7741805911064148
YML064C,YKL060C,0,0.1848062,0.11643600463867188,0.995112419128418,0.774280846118927
YHR086W,YGL070C,0,0.18424743,0.11642269045114517,0.995112419128418,0.7743811011314392
YBR057C,YGL011C,0,0.18342085,0.11640937626361847,0.995112419128418,0.7744812965393066
YKR081C,YGR292W,0,0.18172252,0.11639606952667236,0.995112419128418,0.7745815515518188
YNL124W,YDR108W,0,0.18170069,0.11638276278972626,0.995112419128418,0.7746817469596863
YML114C,YER161C,0,0.1816966,0.11636945605278015,0.995112419128418,0.7747820019721985
YLR419W,YMR091C,0,0.17946893,0.11635615676641464,0.995112419128418,0.7748822569847107
YBR104W,YOR001W,0,0.17793721,0.11634285748004913,0.995112419128418,0.7749824523925781
YKL042W,YNR027W,0,0.17790015,0.11632956564426422,0.995112419128418,0.7750827074050903
YER027C,YCR068W,0,0.17783129,0.11631627380847931,0.995112419128418,0.7751829028129578
YIL110W,YKL059C,0,0.17770052,0.1163029819726944,0.995112419128418,0.77528315782547
YBR119W,YDL166C,0,0.17713046,0.11628969758749008,0.995112419128418,0.7753833532333374
YOL135C,YDR160W,0,0.17710462,0.11627641320228577,0.995112419128418,0.7754836082458496
YDR540C,YOR244W,0,0.17657346,0.11626313626766205,0.995112419128418,0.7755838632583618
YGR057C,YMR171C,0,0.17626947,0.11624985933303833,0.995112419128418,0.7756840586662292
YDR006C,YBR114W,0,0.17520005,0.11623658239841461,0.995112419128418,0.7757843136787415
YER030W,YHR165C,0,0.1732718,0.11622331291437149,0.995112419128418,0.7758845090866089
YOR191W,YPL202C,0,0.1732332,0.11621004343032837,0.995112419128418,0.7759847640991211
YIL110W,YDR145W,0,0.17184466,0.11619678139686584,0.995112419128418,0.7760850191116333
YBL054W,YLR369W,0,0.17115892,0.11618351936340332,0.995112419128418,0.7761852145195007
YOR083W,YHR106W,0,0.1709334,0.11617026478052139,0.995112419128418,0.7762854695320129
YDL134C,YBR154C,0,0.17017198,0.11615700274705887,0.995112419128418,0.7763856649398804
YCL050C,YBL060W,0,0.16963995,0.11614375561475754,0.995112419128418,0.7764859199523926
YDR242W,YMR235C,0,0.16851076,0.11613050103187561,0.995112419128418,0.7765861749649048
YDR239C,YDR390C,0,0.16792369,0.11611726135015488,0.995112419128418,0.7766863703727722
YOL064C,YIL030C,0,0.16786432,0.11610401421785355,0.995112419128418,0.7767866253852844
YIL052C,YDR490C,0,0.16775495,0.11609077453613281,0.995112419128418,0.7768868207931519
YMR277W,YOL089C,0,0.16554767,0.11607753485441208,0.995112419128418,0.7769870758056641
YGL185C,YNL030W,0,0.16477486,0.11606430262327194,0.995112419128418,0.7770872712135315
YPL116W,YDL087C,0,0.16424146,0.1160510703921318,0.995112419128418,0.7771875262260437
YKR080W,YDL139C,0,0.16352563,0.11603784561157227,0.995112419128418,0.7772877812385559
YGL116W,YDR169C,0,0.16342655,0.11602462083101273,0.995112419128418,0.7773879766464233
YBL051C,YLL036C,0,0.16302511,0.11601139605045319,0.995112419128418,0.7774882316589355
YIL026C,YJR046W,0,0.16165969,0.11599817872047424,0.995112419128418,0.777588427066803
YFR050C,YNL086W,0,0.16158149,0.1159849613904953,0.995112419128418,0.7776886820793152
YMR043W,YPL053C,0,0.15793243,0.11597174406051636,0.995112419128418,0.7777889370918274
YGL011C,YHR185C,0,0.15788722,0.11595853418111801,0.995112419128418,0.7778891324996948
YNR032W,YNR041C,0,0.15787587,0.11594533175230026,0.995112419128418,0.777989387512207
YLR117C,YPL157W,0,0.15780333,0.11593212932348251,0.995112419128418,0.7780895829200745
YDR406W,YDR121W,0,0.15593901,0.11591892689466476,0.995112419128418,0.7781898379325867
YDR012W,YIL155C,0,0.15450655,0.11590572446584702,0.995112419128418,0.7782900929450989
YLR419W,YOR035C,0,0.15420645,0.11589252948760986,0.995112419128418,0.7783902883529663
YER005W,YDL189W,0,0.15162894,0.11587934195995331,0.995112419128418,0.7784905433654785
YDR228C,YGR188C,0,0.15115388,0.11586614698171616,0.995112419128418,0.778590738773346
YJL123C,YLR450W,0,0.15077671,0.1158529669046402,0.995112419128418,0.7786909937858582
YPL108W,YPR034W,0,0.15040329,0.11583977937698364,0.995112419128418,0.7787912487983704
YMR201C,YKL004W,0,0.15015206,0.11582659929990768,0.995112419128418,0.7788914442062378
YGL011C,YKL024C,0,0.14959764,0.11581342667341232,0.995112419128418,0.77899169921875
YGL090W,YIR007W,0,0.14896628,0.11580024659633636,0.995112419128418,0.7790918946266174
YHR204W,YDR045C,0,0.14856538,0.1157870814204216,0.995112419128418,0.7791921496391296
YDL098C,YMR207C,0,0.14805168,0.11577390879392624,0.995112419128418,0.7792923450469971
YMR263W,YFR051C,0,0.14788239,0.11576074361801147,0.995112419128418,0.7793926000595093
YDR469W,YBR227C,0,0.14736208,0.11574758589267731,0.995112419128418,0.7794928550720215
YDR395W,YIL050W,0,0.1462529,0.11573442816734314,0.995112419128418,0.7795930504798889
YLR328W,YPL069C,0,0.14471376,0.11572127044200897,0.995112419128418,0.7796933054924011
YOR057W,YPL003W,0,0.14448717,0.1157081127166748,0.995112419128418,0.7797935009002686
YML098W,YDR341C,0,0.14337374,0.11569496244192123,0.995112419128418,0.7798937559127808
YOR372C,YNL009W,0,0.14255708,0.11568181961774826,0.995112419128418,0.779994010925293
YML096W,YOL069W,0,0.14155048,0.11566867679357529,0.995112419128418,0.7800942063331604
YPR016C,YPL046C,0,0.14100486,0.11565553396940231,0.995112419128418,0.7801944613456726
YNL222W,YBR094W,0,0.1408835,0.11564239114522934,0.995112419128418,0.78029465675354
YPL015C,YOR374W,0,0.1398238,0.11562925577163696,0.995112419128418,0.7803949117660522
YOR249C,YAL011W,0,0.13938402,0.11561612784862518,0.995112419128418,0.7804951667785645
YHL015W,YJL057C,0,0.1391988,0.1156029999256134,0.995112419128418,0.7805953621864319
YOR115C,YOL094C,0,0.13864715,0.11558987200260162,0.995112419128418,0.7806956171989441
YDR129C,YLR424W,0,0.13696879,0.11557675153017044,0.995112419128418,0.7807958126068115
YNR046W,YNR022C,0,0.13646176,0.11556363105773926,0.995112419128418,0.7808960676193237
YDR227W,YFL037W,0,0.13428351,0.11555051058530807,0.995112419128418,0.7809962630271912
YGL125W,YMR207C,0,0.13346061,0.11553739756345749,0.995112419128418,0.7810965180397034
YLR215C,YGL045W,0,0.13336028,0.1155242845416069,0.995112419128418,0.7811967730522156
YIR014W,YJR059W,0,0.13327199,0.11551117897033691,0.995112419128418,0.781296968460083
YBR126C,YGR142W,0,0.1332305,0.11549807339906693,0.995112419128418,0.7813972234725952
YKL173W,YDR273W,0,0.13254699,0.11548496782779694,0.995112419128418,0.7814974188804626
YER131W,YMR080C,0,0.1322923,0.11547186970710754,0.995112419128418,0.7815976738929749
YCL011C,YIR033W,0,0.13166445,0.11545877158641815,0.995112419128418,0.7816979289054871
YER054C,YLR070C,0,0.13109942,0.11544568091630936,0.995112419128418,0.7817981243133545
YDL020C,YOR081C,0,0.13104048,0.11543259024620056,0.995112419128418,0.7818983793258667
YPL009C,YJL177W,0,0.13009574,0.11541949957609177,0.995112419128418,0.7819985747337341
YDR006C,YGR178C,0,0.12929833,0.11540641635656357,0.995112419128418,0.7820988297462463
YDR092W,YDR171W,0,0.12860835,0.11539333313703537,0.995112419128418,0.7821990847587585
YOL076W,YBR133C,0,0.12779868,0.11538025736808777,0.995112419128418,0.782299280166626
YPL061W,YMR220W,0,0.12743947,0.11536718159914017,0.995112419128418,0.7823995351791382
YDR463W,YDR071C,0,0.12675959,0.11535410583019257,0.995112419128418,0.7824997305870056
YIL075C,YDL159W,0,0.12517415,0.11534103751182556,0.995112419128418,0.7825999855995178
YPL075W,YOR141C,0,0.1250585,0.11532796919345856,0.995112419128418,0.7827001810073853
YDR224C,YHR140W,0,0.1243662,0.11531490832567215,0.995112419128418,0.7828004360198975
YDL020C,YJL208C,0,0.12434882,0.11530184745788574,0.995112419128418,0.7829006910324097
YFL044C,YKR079C,0,0.12239294,0.11528878659009933,0.995112419128418,0.7830008864402771
YOR174W,YGL023C,0,0.12227337,0.11527573317289352,0.995112419128418,0.7831011414527893
YNL064C,YIL155C,0,0.122127146,0.11526267975568771,0.995112419128418,0.7832013368606567
YOL039W,YJR076C,0,0.121926844,0.1152496337890625,0.995112419128418,0.783301591873169
YCL011C,YAL055W,0,0.12055747,0.11523658782243729,0.995112419128418,0.7834018468856812
YKL087C,YOR069W,0,0.12018937,0.11522354185581207,0.995112419128418,0.7835020422935486
YNL001W,YLR363C,0,0.11972791,0.11521050333976746,0.995112419128418,0.7836022973060608
YBR146W,YPL103C,0,0.118707545,0.11519746482372284,0.995112419128418,0.7837024927139282
YGR122W,YPL189W,0,0.11863929,0.11518443375825882,0.995112419128418,0.7838027477264404
YJL035C,YJR123W,0,0.11860643,0.1151714026927948,0.995112419128418,0.7839030027389526
YDR252W,YML107C,0,0.11716367,0.11515837162733078,0.995112419128418,0.7840031981468201
YDR007W,YBL008W,0,0.11344166,0.11514534801244736,0.995112419128418,0.7841034531593323
YNL321W,YNL091W,0,0.11195022,0.11513232439756393,0.995112419128418,0.7842036485671997
YML014W,YPL085W,0,0.111941755,0.11511930078268051,0.995112419128418,0.7843039035797119
YIL064W,YDL006W,0,0.10875164,0.11510628461837769,0.995112419128418,0.7844041585922241
YPR184W,YJL033W,0,0.10728404,0.11509327590465546,0.995112419128418,0.7845043540000916
YDR252W,YER153C,0,0.10587573,0.11508025974035263,0.995112419128418,0.7846046090126038
YMR268C,YPL130W,0,0.10357677,0.1150672510266304,0.995112419128418,0.7847048044204712
YIL173W,YIR004W,0,0.103388295,0.11505424976348877,0.995112419128418,0.7848050594329834
YNR012W,YNL158W,0,0.10331529,0.11504124850034714,0.995112419128418,0.7849052548408508
YML069W,YPL215W,0,0.102520965,0.1150282472372055,0.995112419128418,0.785005509853363
YJL001W,YLR373C,0,0.10243437,0.11501525342464447,0.995112419128418,0.7851057648658752
YGL153W,YGR003W,0,0.10175544,0.11500225961208344,0.995112419128418,0.7852059602737427
YPL012W,YFR034C,0,0.1009316,0.1149892657995224,0.995112419128418,0.7853062152862549
YGR208W,YDR225W,0,0.10079006,0.11497627943754196,0.995112419128418,0.7854064106941223
YHL024W,YDR145W,0,0.09961057,0.11496330052614212,0.995112419128418,0.7855066657066345
YBL063W,YNL185C,0,0.0989214,0.11495031416416168,0.995112419128418,0.7856069207191467
YIL167W,YGR271C-A,0,0.09763249,0.11493733525276184,0.995112419128418,0.7857071161270142
YDL115C,YKL016C,0,0.09756988,0.1149243637919426,0.995112419128418,0.7858073711395264
YLR336C,YBL017C,0,0.09641157,0.11491139233112335,0.995112419128418,0.7859075665473938
YOR140W,YGR033C,0,0.0960119,0.11489842087030411,0.995112419128418,0.786007821559906
YBL054W,YDR441C,0,0.09381589,0.11488544940948486,0.995112419128418,0.7861080765724182
YBR264C,YPL010W,0,0.09153377,0.11487249284982681,0.995112419128418,0.7862082719802856
YKR010C,YHR072W,0,0.09124757,0.11485952883958817,0.995112419128418,0.7863085269927979
YGR058W,YHR019C,0,0.090475,0.11484657227993011,0.995112419128418,0.7864087224006653
YGL098W,YJL072C,0,0.09042883,0.11483361572027206,0.995112419128418,0.7865089774131775
YLL032C,YHR205W,0,0.09034055,0.11482066661119461,0.995112419128418,0.7866091728210449
YMR092C,YLR079W,0,0.08960296,0.11480771750211716,0.995112419128418,0.7867094278335571
YBL087C,YMR081C,0,0.08899661,0.1147947683930397,0.995112419128418,0.7868096828460693
YPL228W,YGL079W,0,0.08727374,0.11478182673454285,0.995112419128418,0.7869098782539368
YNL254C,YJL110C,0,0.08721621,0.11476888507604599,0.995112419128418,0.787010133266449
YGL137W,YBR268W,0,0.0859667,0.11475594341754913,0.995112419128418,0.7871103286743164
YLR131C,YPL046C,0,0.08595946,0.11474300920963287,0.995112419128418,0.7872105836868286
YAL030W,YCR020C,0,0.08594454,0.11473008245229721,0.995112419128418,0.7873108386993408
YER172C,YHR010W,0,0.084789716,0.11471714824438095,0.995112419128418,0.7874110341072083
YNL250W,YNL323W,0,0.08435173,0.11470422893762589,0.995112419128418,0.7875112891197205
YBL035C,YLR424W,0,0.08408269,0.11469130218029022,0.995112419128418,0.7876114845275879
YMR009W,YER096W,0,0.08071863,0.11467838287353516,0.995112419128418,0.7877117395401001
YDL051W,YER027C,0,0.079625316,0.11466546356678009,0.995112419128418,0.7878119945526123
YNL206C,YDR322W,0,0.079192184,0.11465255171060562,0.995112419128418,0.7879121899604797
YGL097W,YJL164C,0,0.07875178,0.11463963985443115,0.995112419128418,0.7880124449729919
YMR303C,YLR212C,0,0.07830173,0.11462672799825668,0.995112419128418,0.7881126403808594
YMR220W,YPL246C,0,0.07807082,0.11461382359266281,0.995112419128418,0.7882128953933716
YBR198C,YOR046C,0,0.07799223,0.11460092663764954,0.995112419128418,0.788313090801239
YMR192W,YCR079W,0,0.076825455,0.11458802223205566,0.995112419128418,0.7884133458137512
YLR086W,YHL032C,0,0.07668731,0.11457512527704239,0.995112419128418,0.7885136008262634
YDR314C,YLR342W,0,0.076287575,0.11456223577260971,0.995112419128418,0.7886137962341309
YMR012W,YPR095C,0,0.07620785,0.11454933881759644,0.995112419128418,0.7887140512466431
YNL113W,YPL224C,0,0.074279435,0.11453645676374435,0.995112419128418,0.7888142466545105
YNL093W,YDL155W,0,0.072367996,0.11452356725931168,0.995112419128418,0.7889145016670227
YDR176W,YDR358W,0,0.07136054,0.1145106852054596,0.995112419128418,0.7890147566795349
YDL124W,YCR020W-B,0,0.07123619,0.11449780315160751,0.995112419128418,0.7891149520874023
YKL081W,YJL014W,0,0.07057243,0.11448492854833603,0.995112419128418,0.7892152070999146
YAL019W,YER038C,0,0.06897108,0.11447205394506454,0.995112419128418,0.789315402507782
YCR033W,YER114C,0,0.068769656,0.11445918679237366,0.995112419128418,0.7894156575202942
YDR314C,YNL323W,0,0.06849597,0.11444631963968277,0.995112419128418,0.7895159125328064
YLR242C,YBR201W,0,0.06816775,0.11443345248699188,0.995112419128418,0.7896161079406738
YDR122W,YKL154W,0,0.06671414,0.11442059278488159,0.995112419128418,0.789716362953186
YGL128C,YGL003C,0,0.06650695,0.1144077330827713,0.995112419128418,0.7898165583610535
YJL148W,YNL216W,0,0.06557236,0.11439487338066101,0.995112419128418,0.7899168133735657
YKL052C,YLR014C,0,0.0653483,0.11438202112913132,0.995112419128418,0.7900170683860779
YPL028W,YPL017C,0,0.062565394,0.11436916887760162,0.995112419128418,0.7901172637939453
YOR101W,YER129W,0,0.061437078,0.11435632407665253,0.995112419128418,0.7902175188064575
YLL024C,YER078C,0,0.061176516,0.11434347927570343,0.995112419128418,0.790317714214325
YDL220C,YML047C,0,0.060036175,0.11433063447475433,0.995112419128418,0.7904179692268372
YKL024C,YMR275C,0,0.05979408,0.11431779712438583,0.995112419128418,0.7905181646347046
YPR103W,YDR532C,0,0.058780715,0.11430495977401733,0.995112419128418,0.7906184196472168
YBL003C,YDL195W,0,0.058491983,0.11429212987422943,0.995112419128418,0.790718674659729
YBR234C,YHL028W,0,0.05831846,0.11427929997444153,0.995112419128418,0.7908188700675964
YER169W,YNL139C,0,0.057286102,0.11426647007465363,0.995112419128418,0.7909191250801086
YMR244C-A,YKL025C,0,0.05532851,0.11425364762544632,0.995112419128418,0.7910193204879761
YML106W,YOR141C,0,0.05519818,0.11424082517623901,0.995112419128418,0.7911195755004883
YOR386W,YOL132W,0,0.05416802,0.1142280101776123,0.995112419128418,0.7912198305130005
YNL075W,YML062C,0,0.05310887,0.114215187728405,0.995112419128418,0.7913200259208679
YIL007C,YER083C,0,0.05252202,0.11420238018035889,0.995112419128418,0.7914202809333801
YPL190C,YMR121C,0,0.05226511,0.11418956518173218,0.995112419128418,0.7915204763412476
YIL107C,YDL123W,0,0.05197031,0.11417675763368607,0.995112419128418,0.7916207313537598
YER173W,YOR195W,0,0.051839415,0.11416395753622055,0.995112419128418,0.791720986366272
YDR510W,YIL097W,0,0.051330436,0.11415115743875504,0.995112419128418,0.7918211817741394
YOR167C,YML055W,0,0.05131861,0.11413835734128952,0.995112419128418,0.7919214367866516
YJL127C,YMR091C,0,0.050795566,0.114125557243824,0.995112419128418,0.792021632194519
YDR253C,YOR273C,0,0.05026996,0.11411276459693909,0.995112419128418,0.7921218872070312
YOR260W,YDR129C,0,0.04984208,0.11409997940063477,0.995112419128418,0.7922220826148987
YNL245C,YLL014W,0,0.049746364,0.11408718675374985,0.995112419128418,0.7923223376274109
YNL241C,YML059C,0,0.049189575,0.11407440900802612,0.995112419128418,0.7924225926399231
YFR051C,YGR188C,0,0.048919234,0.1140616238117218,0.995112419128418,0.7925227880477905
YML015C,YDR485C,0,0.0471179,0.11404884606599808,0.995112419128418,0.7926230430603027
YMR288W,YAR071W,0,0.046602994,0.11403606832027435,0.995112419128418,0.7927232384681702
YGR275W,YDL161W,0,0.04628232,0.11402329802513123,0.995112419128418,0.7928234934806824
YLR398C,YKL197C,0,0.045502372,0.1140105277299881,0.995112419128418,0.7929237484931946
YCL026C-A,YCR003W,0,0.045227017,0.11399775743484497,0.995112419128418,0.793023943901062
YGR274C,YIR037W,0,0.04497674,0.11398499459028244,0.995112419128418,0.7931241989135742
YML014W,YOR256C,0,0.04379414,0.11397223174571991,0.995112419128418,0.7932243943214417
YCR036W,YBR288C,0,0.042544782,0.11395947635173798,0.995112419128418,0.7933246493339539
YNL062C,YPL270W,0,0.041893825,0.11394672095775604,0.995112419128418,0.7934249043464661
YPR143W,YDR213W,0,0.04178655,0.11393396556377411,0.995112419128418,0.7935250997543335
YER054C,YLR139C,0,0.04132447,0.11392121762037277,0.995112419128418,0.7936253547668457
YOR057W,YOR049C,0,0.03968665,0.11390846967697144,0.995112419128418,0.7937255501747131
YNR046W,YER042W,0,0.03800612,0.1138957291841507,0.995112419128418,0.7938258051872253
YGR209C,YDL147W,0,0.035759374,0.11388298124074936,0.995112419128418,0.7939260005950928
YBR083W,YGL016W,0,0.035612516,0.11387024819850922,0.995112419128418,0.794026255607605
YBR234C,YHR083W,0,0.034842767,0.11385750770568848,0.995112419128418,0.7941265106201172
YKR064W,YPL220W,0,0.034338757,0.11384477466344833,0.995112419128418,0.7942267060279846
YPR021C,YBR037C,1,0.033933,0.11394386738538742,0.9960899353027344,0.7942267060279846
YJR104C,YHR116W,0,0.032513224,0.11393112689256668,0.9960899353027344,0.7943269610404968
YFR007W,YDR440W,0,0.03233502,0.11391839385032654,0.9960899353027344,0.7944271564483643
YPL149W,YLR022C,0,0.030997433,0.1139056533575058,0.9960899353027344,0.7945274114608765
YJL183W,YJL158C,0,0.030237071,0.11389292776584625,0.9960899353027344,0.7946276664733887
YDR361C,YDL085W,0,0.02987726,0.11388019472360611,0.9960899353027344,0.7947278618812561
YPL047W,YDR197W,0,0.028908804,0.11386746913194656,0.9960899353027344,0.7948281168937683
YGR161C,YNL119W,0,0.026785381,0.11385475099086761,0.9960899353027344,0.7949283123016357
YKL139W,YDL239C,0,0.025703207,0.11384202539920807,0.9960899353027344,0.795028567314148
YGL025C,YJR068W,0,0.025632001,0.11382931470870972,0.9960899353027344,0.7951288223266602
YDR098C,YGL161C,0,0.025372587,0.11381659656763077,0.9960899353027344,0.7952290177345276
YNR011C,YEL063C,0,0.023871683,0.11380388587713242,0.9960899353027344,0.7953292727470398
YFR027W,YFR051C,0,0.023702808,0.11379117518663406,0.9960899353027344,0.7954294681549072
YCR088W,YMR214W,0,0.023555808,0.11377847194671631,0.9960899353027344,0.7955297231674194
YNL051W,YML022W,0,0.022747234,0.11376576870679855,0.9960899353027344,0.7956299781799316
YER112W,YPL004C,0,0.020923331,0.1137530729174614,0.9960899353027344,0.7957301735877991
YDR190C,YBR022W,0,0.020911105,0.11374036967754364,0.9960899353027344,0.7958304286003113
YDR004W,YOR381W,0,0.020409808,0.11372768133878708,0.9960899353027344,0.7959306240081787
YDR118W,YKL141W,0,0.020126268,0.11371498554944992,0.9960899353027344,0.7960308790206909
YPL225W,YLR060W,0,0.019965015,0.11370229721069336,0.9960899353027344,0.7961310744285583
YKL127W,YJL062W,0,0.019912906,0.1136896163225174,0.9960899353027344,0.7962313294410706
YOL097C,YBL051C,0,0.019514762,0.11367692798376083,0.9960899353027344,0.7963315844535828
YDR464W,YDR020C,0,0.019453786,0.11366424709558487,0.9960899353027344,0.7964317798614502
YLR052W,YOR117W,0,0.019429825,0.1136515736579895,0.9960899353027344,0.7965320348739624
YOL097C,YDR349C,0,0.01899144,0.11363890022039413,0.9960899353027344,0.7966322302818298
YPR046W,YDL112W,0,0.018583074,0.11362622678279877,0.9960899353027344,0.796732485294342
YFR050C,YBL055C,0,0.018061884,0.113613560795784,0.9960899353027344,0.7968327403068542
YML070W,YKL107W,0,0.017859198,0.11360089480876923,0.9960899353027344,0.7969329357147217
YLR376C,YBL007C,0,0.017338462,0.11358822882175446,0.9960899353027344,0.7970331907272339
YPL022W,YFR004W,0,0.0168344,0.11357557028532028,0.9960899353027344,0.7971333861351013
YML113W,YBR290W,0,0.01618988,0.11356291174888611,0.9960899353027344,0.7972336411476135
YMR104C,YML120C,0,0.01573392,0.11355025321245193,0.9960899353027344,0.7973338961601257
YGL120C,YHR011W,0,0.0153987855,0.11353760212659836,0.9960899353027344,0.7974340915679932
YHR065C,YCR067C,0,0.015389353,0.11352495849132538,0.9960899353027344,0.7975343465805054
YER099C,YJR013W,0,0.011963524,0.1135123074054718,0.9960899353027344,0.7976345419883728
YKR104W,YJR088C,0,0.011907794,0.11349966377019882,0.9960899353027344,0.797734797000885
YGL178W,YKR086W,0,0.011618204,0.11348702758550644,0.9960899353027344,0.7978349924087524
YJL026W,YHR154W,0,0.008926831,0.11347438395023346,0.9960899353027344,0.7979352474212646
YPR047W,YMR098C,0,0.008294113,0.11346175521612167,0.9960899353027344,0.7980355024337769
YGL130W,YHR210C,0,0.007058598,0.11344911903142929,0.9960899353027344,0.7981356978416443
YDR447C,YLR372W,0,0.0069630966,0.1134364902973175,0.9960899353027344,0.7982359528541565
YJR017C,YGL254W,0,0.0067415982,0.11342386156320572,0.9960899353027344,0.7983361482620239
YPL176C,YJL072C,0,0.0067125857,0.11341124027967453,0.9960899353027344,0.7984364032745361
YGR261C,YDR004W,0,0.005879909,0.11339861899614334,0.9960899353027344,0.7985366582870483
YLR376C,YKL196C,0,0.0054324344,0.11338600516319275,0.9960899353027344,0.7986368536949158
YBR204C,YLR095C,0,0.0047450364,0.11337338387966156,0.9960899353027344,0.798737108707428
YDR412W,YLR399C,0,0.0046660975,0.11336077749729156,0.9960899353027344,0.7988373041152954
YPL138C,YBL088C,0,0.0040370747,0.11334816366434097,0.9960899353027344,0.7989375591278076
YGR040W,YHR141C,0,0.0030349344,0.11333555728197098,0.9960899353027344,0.7990378141403198
YJR125C,YDL003W,0,0.001932554,0.11332295089960098,0.9960899353027344,0.7991380095481873
YBR279W,YNL014W,0,0.0011111349,0.11331035196781158,0.9960899353027344,0.7992382645606995
YOL039W,YGR188C,0,0.00096242875,0.11329775303602219,0.9960899353027344,0.7993384599685669
YNL025C,YDL126C,0,-3.3944845e-05,0.11328516155481339,0.9960899353027344,0.7994387149810791
YMR106C,YDR302W,0,-0.000602819,0.11327256262302399,0.9960899353027344,0.7995389103889465
YDR520C,YLR099C,0,-0.00062347203,0.11325997859239578,0.9960899353027344,0.7996391654014587
YJR049C,YNL038W,0,-0.0013728738,0.11324738711118698,0.9960899353027344,0.799739420413971
YOR122C,YPL068C,0,-0.00148803,0.11323480308055878,0.9960899353027344,0.7998396158218384
YMR006C,YKR079C,0,-0.0018062517,0.11322221904993057,0.9960899353027344,0.7999398708343506
YDR238C,YCL054W,0,-0.0019788966,0.11320964246988297,0.9960899353027344,0.800040066242218
YJR084W,YMR165C,0,-0.0021416992,0.11319706588983536,0.9960899353027344,0.8001403212547302
YOR253W,YLR240W,0,-0.0026122406,0.11318449676036835,0.9960899353027344,0.8002405762672424
YKL164C,YLR001C,0,-0.0041857585,0.11317192018032074,0.9960899353027344,0.8003407716751099
YIL014W,YML107C,0,-0.004574351,0.11315935850143433,0.9960899353027344,0.8004410266876221
YGR240C,YGL013C,0,-0.00505697,0.11314678937196732,0.9960899353027344,0.8005412220954895
YPR175W,YMR266W,0,-0.0052851513,0.1131342276930809,0.9960899353027344,0.8006414771080017
YKR060W,YGR249W,0,-0.008942403,0.11312166601419449,0.9960899353027344,0.8007417321205139
YCL011C,YEL054C,0,-0.009111129,0.11310911178588867,0.9960899353027344,0.8008419275283813
YLR258W,YMR098C,0,-0.009303227,0.11309655755758286,0.9960899353027344,0.8009421825408936
YDR189W,YOR326W,0,-0.009571306,0.11308401077985764,0.9960899353027344,0.801042377948761
YLR136C,YOR060C,0,-0.011329822,0.11307145655155182,0.9960899353027344,0.8011426329612732
YMR106C,YGL022W,0,-0.01225587,0.1130589172244072,0.9960899353027344,0.8012428879737854
YLR328W,YER031C,0,-0.01309149,0.11304637044668198,0.9960899353027344,0.8013430833816528
YNR049C,YDL076C,0,-0.013558008,0.11303383111953735,0.9960899353027344,0.801443338394165
YDR464W,YOR048C,0,-0.01362399,0.11302129179239273,0.9960899353027344,0.8015435338020325
YER040W,YNR008W,0,-0.014068298,0.1130087599158287,0.9960899353027344,0.8016437888145447
YER003C,YLR070C,0,-0.014134809,0.11299622803926468,0.9960899353027344,0.8017439842224121
YPL225W,YNL094W,0,-0.014534667,0.11298370361328125,0.9960899353027344,0.8018442392349243
YDR324C,YDL122W,0,-0.014767267,0.11297117173671722,0.9960899353027344,0.8019444942474365
YAR003W,YIR007W,0,-0.015543148,0.11295865476131439,0.9960899353027344,0.802044689655304
YER088C,YER089C,0,-0.015955217,0.11294613033533096,0.9960899353027344,0.8021449446678162
YJL048C,YER096W,0,-0.01731079,0.11293361335992813,0.9960899353027344,0.8022451400756836
YDL003W,YKR061W,0,-0.019818254,0.1129210963845253,0.9960899353027344,0.8023453950881958
YBL031W,YBL027W,0,-0.023207992,0.11290858685970306,0.9960899353027344,0.802445650100708
YOR076C,YGL219C,0,-0.02423311,0.11289607733488083,0.9960899353027344,0.8025458455085754
YHR115C,YDL044C,0,-0.025044128,0.1128835678100586,0.9960899353027344,0.8026461005210876
YDR007W,YLR274W,0,-0.026221976,0.11287106573581696,0.9960899353027344,0.8027462959289551
YHR193C,YLL032C,0,-0.026719853,0.11285856366157532,0.9960899353027344,0.8028465509414673
YMR268C,YGR055W,0,-0.027105995,0.11284606903791428,0.9960899353027344,0.8029468059539795
YGL227W,YHR024C,0,-0.02788376,0.11283357441425323,0.9960899353027344,0.8030470013618469
YNL159C,YBR056W,0,-0.027961947,0.1128210797905922,0.9960899353027344,0.8031472563743591
YNL186W,YER060W,0,-0.028692074,0.11280859261751175,0.9960899353027344,0.8032474517822266
YJR086W,YLR196W,0,-0.028807305,0.1127961054444313,0.9960899353027344,0.8033477067947388
YPR148C,YNR026C,0,-0.029167451,0.11278361827135086,0.9960899353027344,0.8034479022026062
YNL287W,YLR085C,0,-0.029280782,0.11277113854885101,0.9960899353027344,0.8035481572151184
YPL108W,YKL099C,0,-0.02981738,0.11275865882635117,0.9960899353027344,0.8036484122276306
YPL115C,YDR073W,0,-0.034079112,0.11274617910385132,0.9960899353027344,0.803748607635498
YMR158W,YDL065C,0,-0.034317665,0.11273370683193207,0.9960899353027344,0.8038488626480103
YNL186W,YHR122W,0,-0.034400262,0.11272124201059341,0.9960899353027344,0.8039490580558777
YNL241C,YDR253C,0,-0.035885222,0.11270876973867416,0.9960899353027344,0.8040493130683899
YCR038C,YBR077C,0,-0.036048956,0.11269630491733551,0.9960899353027344,0.8041495680809021
YKL116C,YDR363W,0,-0.036827795,0.11268384754657745,0.9960899353027344,0.8042497634887695
YDR017C,YLR071C,0,-0.037247308,0.1126713827252388,0.9960899353027344,0.8043500185012817
YDR510W,YOL019W,0,-0.03741815,0.11265892535448074,0.9960899353027344,0.8044502139091492
YOR026W,YGL123W,0,-0.038256817,0.11264647543430328,0.9960899353027344,0.8045504689216614
YDR533C,YLR409C,0,-0.039484866,0.11263402551412582,0.9960899353027344,0.8046507239341736
YMR164C,YLR142W,0,-0.039710797,0.11262157559394836,0.9960899353027344,0.804750919342041
YDR201W,YJR054W,0,-0.04021216,0.1126091256737709,0.9960899353027344,0.8048511743545532
YDR314C,YNL001W,0,-0.040364422,0.11259668320417404,0.9960899353027344,0.8049513697624207
YDR520C,YER148W,0,-0.040527306,0.11258424818515778,0.9960899353027344,0.8050516247749329
YCL054W,YLR293C,0,-0.040598907,0.11257180571556091,0.9960899353027344,0.8051518201828003
YNR020C,YJR076C,0,-0.04088951,0.11255937069654465,0.9960899353027344,0.8052520751953125
YER054C,YGR103W,0,-0.042377718,0.11254694312810898,0.9960899353027344,0.8053523302078247
YDR478W,YMR290C,0,-0.04314301,0.11253450810909271,0.9960899353027344,0.8054525256156921
YOR124C,YKR094C,0,-0.044199206,0.11252208799123764,0.9960899353027344,0.8055527806282043
YOR117W,YDR126W,0,-0.045187183,0.11250966042280197,0.9960899353027344,0.8056529760360718
YPL242C,YCL050C,0,-0.048089065,0.1124972403049469,0.9960899353027344,0.805753231048584
YPL086C,YOL110W,0,-0.0482587,0.11248482018709183,0.9960899353027344,0.8058534860610962
YJL025W,YDR198C,0,-0.04919339,0.11247240751981735,0.9960899353027344,0.8059536814689636
YLR117C,YDL003W,0,-0.049399205,0.11245999485254288,0.9960899353027344,0.8060539364814758
YOL016C,YGL124C,0,-0.049668677,0.1124475821852684,0.9960899353027344,0.8061541318893433
YNL051W,YLL024C,0,-0.050029375,0.11243517696857452,0.9960899353027344,0.8062543869018555
YBR158W,YLR216C,0,-0.05019764,0.11242277175188065,0.9960899353027344,0.8063546419143677
YIL118W,YBR264C,0,-0.05064162,0.11241036653518677,0.9960899353027344,0.8064548373222351
YBR034C,YPL128C,0,-0.052603893,0.11239796876907349,0.9960899353027344,0.8065550923347473
YDR379W,YJL092W,0,-0.053297468,0.1123855710029602,0.9960899353027344,0.8066552877426147
YHR103W,YGR046W,0,-0.053432085,0.11237318068742752,0.9960899353027344,0.806755542755127
YKL049C,YDR115W,0,-0.053522535,0.11236079037189484,0.9960899353027344,0.8068557977676392
YHR187W,YDR022C,0,-0.055860855,0.11234840005636215,0.9960899353027344,0.8069559931755066
YGL243W,YPR046W,0,-0.058033057,0.11233601719141006,0.9960899353027344,0.8070562481880188
YHR204W,YFL008W,0,-0.058730774,0.11232363432645798,0.9960899353027344,0.8071564435958862
YBR112C,YJR050W,0,-0.0590835,0.11231125146150589,0.9960899353027344,0.8072566986083984
YJL035C,YLR067C,0,-0.059233196,0.1122988760471344,0.9960899353027344,0.8073568940162659
YPR143W,YHR063C,0,-0.059849717,0.11228650063276291,0.9960899353027344,0.8074571490287781
YER088C,YNL023C,0,-0.060178705,0.11227413266897202,0.9960899353027344,0.8075574040412903
YGR017W,YNR041C,0,-0.060652234,0.11226175725460052,0.9960899353027344,0.8076575994491577
YOL016C,YER167W,0,-0.061158933,0.11224939674139023,0.9960899353027344,0.8077578544616699
YLR109W,YMR041C,0,-0.06266972,0.11223702877759933,0.9960899353027344,0.8078580498695374
YKR060W,YBL036C,0,-0.06329275,0.11222466826438904,0.9960899353027344,0.8079583048820496
YOL005C,YLR013W,0,-0.06362844,0.11221230775117874,0.9960899353027344,0.8080585598945618
YLR216C,YKR098C,0,-0.0640995,0.11219995468854904,0.9960899353027344,0.8081587553024292
YJL010C,YJL073W,0,-0.06503395,0.11218760162591934,0.9960899353027344,0.8082590103149414
YNL126W,YNR050C,0,-0.06576272,0.11217525601387024,0.9960899353027344,0.8083592057228088
YCR065W,YKL167C,0,-0.06801125,0.11216290295124054,0.9960899353027344,0.808459460735321
YDR330W,YKL138C,0,-0.06821448,0.11215056478977203,0.9960899353027344,0.8085597157478333
YOL069W,YLL005C,0,-0.06851197,0.11213821917772293,0.9960899353027344,0.8086599111557007
YLR143W,YNL161W,0,-0.06870928,0.11212588101625443,0.9960899353027344,0.8087601661682129
YKL113C,YPL192C,0,-0.069490366,0.11211354285478592,0.9960899353027344,0.8088603615760803
YDL080C,YDR027C,0,-0.07054711,0.11210121214389801,0.9960899353027344,0.8089606165885925
YNR054C,YJL133W,0,-0.07101644,0.1120888814330101,0.9960899353027344,0.80906081199646
YER161C,YKR022C,0,-0.07307709,0.11207655072212219,0.9960899353027344,0.8091610670089722
YHL011C,YIL145C,0,-0.07364354,0.11206422746181488,0.9960899353027344,0.8092613220214844
YLR058C,YJL203W,0,-0.07380644,0.11205190420150757,0.9960899353027344,0.8093615174293518
YDL161W,YIL154C,0,-0.07414705,0.11203958094120026,0.9960899353027344,0.809461772441864
YPL152W,YHR176W,0,-0.076689,0.11202726513147354,0.9960899353027344,0.8095619678497314
YDR408C,YPL130W,0,-0.07695963,0.11201494932174683,0.9960899353027344,0.8096622228622437
YDR354W,YNL227C,0,-0.07729683,0.11200264096260071,0.9960899353027344,0.8097624778747559
YKL173W,YML085C,0,-0.07914569,0.11199032515287399,0.9960899353027344,0.8098626732826233
YJL179W,YLR034C,0,-0.080407985,0.11197802424430847,0.9960899353027344,0.8099629282951355
YAL019W,YGR140W,0,-0.080919944,0.11196571588516235,0.9960899353027344,0.8100631237030029
YHR123W,YHR120W,0,-0.08383433,0.11195341497659683,0.9960899353027344,0.8101633787155151
YPR033C,YJL207C,0,-0.08401752,0.11194112151861191,0.9960899353027344,0.8102636337280273
YOL116W,YNL077W,0,-0.08453753,0.11192882061004639,0.9960899353027344,0.8103638291358948
YOR070C,YOL103W,0,-0.085377,0.11191652715206146,0.9960899353027344,0.810464084148407
YBR248C,YBR244W,0,-0.08547909,0.11190424114465714,0.9960899353027344,0.8105642795562744
YJL001W,YJR113C,0,-0.08578614,0.11189194768667221,0.9960899353027344,0.8106645345687866
YML005W,YPL103C,0,-0.08582259,0.11187966912984848,0.9960899353027344,0.810764729976654
YGL150C,YKL027W,0,-0.08612905,0.11186738312244415,0.9960899353027344,0.8108649849891663
YOR371C,YCR023C,0,-0.08615396,0.11185510456562042,0.9960899353027344,0.8109652400016785
YLR222C,YJR013W,0,-0.086449854,0.11184282600879669,0.9960899353027344,0.8110654354095459
YLR442C,YDR200C,0,-0.08717743,0.11183055490255356,0.9960899353027344,0.8111656904220581
YMR036C,YLR128W,0,-0.088995434,0.11181828379631042,0.9960899353027344,0.8112658858299255
YGR017W,YMR021C,0,-0.08911387,0.11180601269006729,0.9960899353027344,0.8113661408424377
YNL286W,YCR028C,0,-0.089860596,0.11179374903440475,0.9960899353027344,0.81146639585495
YLR222C,YGR244C,0,-0.08993537,0.11178148537874222,0.9960899353027344,0.8115665912628174
YGR186W,YGR211W,0,-0.09167283,0.11176922172307968,0.9960899353027344,0.8116668462753296
YGR277C,YGR033C,0,-0.09175155,0.11175696551799774,0.9960899353027344,0.811767041683197
YGL184C,YDL204W,0,-0.091892965,0.1117447093129158,0.9960899353027344,0.8118672966957092
YGL040C,YDL119C,0,-0.09402297,0.11173245310783386,0.9960899353027344,0.8119675517082214
YLR126C,YLR247C,0,-0.09420807,0.11172020435333252,0.9960899353027344,0.8120677471160889
YJR052W,YLR109W,0,-0.09554506,0.11170795559883118,0.9960899353027344,0.8121680021286011
YDR524C,YOR034C,0,-0.09587457,0.11169571429491043,0.9960899353027344,0.8122681975364685
YHR063C,YNL257C,0,-0.09735785,0.11168347299098969,0.9960899353027344,0.8123684525489807
YNR050C,YKR079C,0,-0.09792266,0.11167123168706894,0.9960899353027344,0.8124687075614929
YML064C,YML095C,0,-0.09815545,0.11165899783372879,0.9960899353027344,0.8125689029693604
YJL065C,YML093W,0,-0.09941288,0.11164676398038864,0.9960899353027344,0.8126691579818726
YOR373W,YBL067C,0,-0.10036648,0.11163453012704849,0.9960899353027344,0.81276935338974
YPL081W,YLR399C,0,-0.100661434,0.11162230372428894,0.9960899353027344,0.8128696084022522
YMR067C,YMR056C,0,-0.10117865,0.11161007732152939,0.9960899353027344,0.8129698038101196
YDR382W,YIL115C,0,-0.10174794,0.11159785091876984,0.9960899353027344,0.8130700588226318
YPL253C,YER127W,0,-0.102343656,0.11158563196659088,0.9960899353027344,0.813170313835144
YOR368W,YLR078C,0,-0.10268851,0.11157341301441193,0.9960899353027344,0.8132705092430115
YDL165W,YHR154W,0,-0.103176884,0.11156120151281357,0.9960899353027344,0.8133707642555237
YLR323C,YGR284C,0,-0.10347495,0.11154899001121521,0.9960899353027344,0.8134709596633911
YHL011C,YBL009W,0,-0.10627315,0.11153677850961685,0.9960899353027344,0.8135712146759033
YIR023W,YLR315W,0,-0.107205056,0.1115245670080185,0.9960899353027344,0.8136714696884155
YCR086W,YML005W,0,-0.107836746,0.11151236295700073,0.9960899353027344,0.813771665096283
YNL264C,YPL053C,0,-0.10834459,0.11150016635656357,0.9960899353027344,0.8138719201087952
YLR131C,YFR042W,0,-0.10927016,0.1114879623055458,0.9960899353027344,0.8139721155166626
YGL151W,YLR007W,0,-0.109456174,0.11147576570510864,0.9960899353027344,0.8140723705291748
YNL254C,YPR141C,0,-0.11015729,0.11146357655525208,0.9960899353027344,0.814172625541687
YDR156W,YKL017C,0,-0.110159,0.11145137995481491,0.9960899353027344,0.8142728209495544
YGL134W,YGL155W,0,-0.11283595,0.11143919825553894,0.9960899353027344,0.8143730759620667
YMR153W,YHR108W,0,-0.11330361,0.11142700910568237,0.9960899353027344,0.8144732713699341
YBR152W,YJL184W,0,-0.11427639,0.1114148274064064,0.9960899353027344,0.8145735263824463
YDR540C,YNR055C,0,-0.11442799,0.11140264570713043,0.9960899353027344,0.8146737217903137
YPR010C,YBR142W,0,-0.11443854,0.11139047145843506,0.9960899353027344,0.8147739768028259
YPL246C,YKL197C,0,-0.11478386,0.11137828975915909,0.9960899353027344,0.8148742318153381
YIR007W,YPL269W,0,-0.11529302,0.11136612296104431,0.9960899353027344,0.8149744272232056
YBR082C,YBR160W,0,-0.11538609,0.11135394871234894,0.9960899353027344,0.8150746822357178
YNL216W,YDR104C,0,-0.11611188,0.11134178191423416,0.9960899353027344,0.8151748776435852
YNL221C,YHR184W,0,-0.11615265,0.11132961511611938,0.9960899353027344,0.8152751326560974
YDR500C,YBR088C,0,-0.11648447,0.1113174557685852,0.9960899353027344,0.8153753876686096
YAL030W,YLL006W,0,-0.117281385,0.11130529642105103,0.9960899353027344,0.815475583076477
YER068W,YER021W,0,-0.11945861,0.11129314452409744,0.9960899353027344,0.8155758380889893
YKL164C,YCR017C,0,-0.1196545,0.11128098517656326,0.9960899353027344,0.8156760334968567
YPL066W,YGL039W,0,-0.120786734,0.11126883327960968,0.9960899353027344,0.8157762885093689
YER035W,YLR013W,0,-0.121206336,0.1112566888332367,0.9960899353027344,0.8158765435218811
YKR037C,YJL069C,0,-0.12341017,0.11124454438686371,0.9960899353027344,0.8159767389297485
YDL188C,YKL021C,0,-0.12568077,0.11123239994049072,0.9960899353027344,0.8160769939422607
YFR050C,YDR160W,0,-0.12736636,0.11122025549411774,0.9960899353027344,0.8161771893501282
YKL052C,YBR254C,0,-0.12738717,0.11120811849832535,0.9960899353027344,0.8162774443626404
YER142C,YGL184C,0,-0.12778291,0.11119598150253296,0.9960899353027344,0.8163776397705078
YDR101C,YNL076W,0,-0.12870911,0.11118385195732117,0.9960899353027344,0.81647789478302
YDL110C,YPL248C,0,-0.13086247,0.11117172241210938,0.9960899353027344,0.8165781497955322
YIL153W,YDR130C,0,-0.1334773,0.11115959286689758,0.9960899353027344,0.8166783452033997
YGL240W,YIL041W,0,-0.13418669,0.11114747077226639,0.9960899353027344,0.8167786002159119
YNL251C,YPL056C,0,-0.13478938,0.11113534867763519,0.9960899353027344,0.8168787956237793
YDR032C,YDR055W,0,-0.13483006,0.111123226583004,0.9960899353027344,0.8169790506362915
YER118C,YPR164W,0,-0.13690367,0.1111111119389534,0.9960899353027344,0.8170793056488037
YPL146C,YLR411W,0,-0.13769352,0.1110989972949028,0.9960899353027344,0.8171795010566711
YNR027W,YER144C,0,-0.13812453,0.1110868826508522,0.9960899353027344,0.8172797560691833
YHR122W,YPR075C,0,-0.13889521,0.1110747754573822,0.9960899353027344,0.8173799514770508
YLR265C,YLL016W,0,-0.138913,0.1110626682639122,0.9960899353027344,0.817480206489563
YPL084W,YJR110W,0,-0.13901255,0.1110505685210228,0.9960899353027344,0.8175804615020752
YPL047W,YMR021C,0,-0.1391334,0.11103846877813339,0.9960899353027344,0.8176806569099426
YLR343W,YNL029C,0,-0.13955021,0.11102636903524399,0.9960899353027344,0.8177809119224548
YKR086W,YIL130W,0,-0.1408582,0.11101426929235458,0.9960899353027344,0.8178811073303223
YIL138C,YMR100W,0,-0.14122939,0.11100217700004578,0.9960899353027344,0.8179813623428345
YFR028C,YDR487C,0,-0.14324346,0.11099008470773697,0.9960899353027344,0.8180816173553467
YMR220W,YER056C-A,0,-0.14335242,0.11097799986600876,0.9960899353027344,0.8181818127632141
YML014W,YDR108W,0,-0.14360711,0.11096591502428055,0.9960899353027344,0.8182820677757263
YLR106C,YPR155C,0,-0.14435622,0.11095383018255234,0.9960899353027344,0.8183822631835938
YOL044W,YGR263C,0,-0.14469057,0.11094175279140472,0.9960899353027344,0.818482518196106
YLR127C,YDR346C,0,-0.14522973,0.11092967540025711,0.9960899353027344,0.8185827136039734
YMR014W,YER021W,0,-0.14602888,0.1109175980091095,0.9960899353027344,0.8186829686164856
YER068W,YLL067C,0,-0.14687443,0.11090552806854248,0.9960899353027344,0.8187832236289978
YMR192W,YNL213C,0,-0.14704856,0.11089345812797546,0.9960899353027344,0.8188834190368652
YML011C,YDR501W,0,-0.1506612,0.11088139563798904,0.9960899353027344,0.8189836740493774
YDL051W,YNL291C,0,-0.15113711,0.11086932569742203,0.9960899353027344,0.8190838694572449
YCR027C,YOR077W,0,-0.151351,0.1108572706580162,0.9960899353027344,0.8191841244697571
YPL066W,YOR132W,0,-0.1526509,0.11084520816802979,0.9960899353027344,0.8192843794822693
YNR027W,YOR175C,0,-0.15297404,0.11083315312862396,0.9960899353027344,0.8193845748901367
YER124C,YJL137C,0,-0.153687,0.11082109808921814,0.9960899353027344,0.8194848299026489
YBL091C,YPL020C,0,-0.15376714,0.11080905050039291,0.9960899353027344,0.8195850253105164
YLR096W,YLR007W,0,-0.15416428,0.11079699546098709,0.9960899353027344,0.8196852803230286
YBL025W,YIL113W,0,-0.15604743,0.11078495532274246,0.9960899353027344,0.8197855353355408
YOR337W,YHR042W,0,-0.15629363,0.11077290773391724,0.9960899353027344,0.8198857307434082
YMR283C,YPR036W,0,-0.15728265,0.11076086759567261,0.9960899353027344,0.8199859857559204
YDR189W,YKR079C,0,-0.15744099,0.11074883490800858,0.9960899353027344,0.8200861811637878
YOR117W,YLL022C,0,-0.1580742,0.11073679476976395,0.9960899353027344,0.8201864361763
YFR004W,YLR226W,0,-0.1591782,0.11072476208209991,0.9960899353027344,0.8202866315841675
YJL162C,YLL018C,0,-0.15979576,0.11071273684501648,0.9960899353027344,0.8203868865966797
YLR134W,YHL013C,0,-0.1598258,0.11070070415735245,0.9960899353027344,0.8204871416091919
YOR143C,YAL048C,0,-0.1612789,0.11068867892026901,0.9960899353027344,0.8205873370170593
YBR169C,YMR282C,0,-0.16140985,0.11067666113376617,0.9960899353027344,0.8206875920295715
YJL003W,YKL017C,0,-0.16670692,0.11066463589668274,0.9960899353027344,0.820787787437439
YKR029C,YIL065C,0,-0.16737956,0.1106526255607605,0.9960899353027344,0.8208880424499512
YOL149W,YIL154C,0,-0.16752386,0.11064060777425766,0.9960899353027344,0.8209882974624634
YBR175W,YBR251W,0,-0.16753992,0.11062859743833542,0.9960899353027344,0.8210884928703308
YGR209C,YLR247C,0,-0.16861898,0.11061658710241318,0.9960899353027344,0.821188747882843
YJL026W,YOR371C,0,-0.16888791,0.11060457676649094,0.9960899353027344,0.8212889432907104
YIL062C,YJL010C,0,-0.16979223,0.11059257388114929,0.9960899353027344,0.8213891983032227
YIL062C,YDR519W,0,-0.17005703,0.11058057844638824,0.9960899353027344,0.8214894533157349
YJL109C,YJL136C,0,-0.1709398,0.1105685755610466,0.9960899353027344,0.8215896487236023
YOR241W,YGR048W,0,-0.17157882,0.11055658012628555,0.9960899353027344,0.8216899037361145
YLR399C,YOR130C,0,-0.17221826,0.1105445846915245,0.9960899353027344,0.8217900991439819
YDL144C,YCR054C,0,-0.17227614,0.11053259670734406,0.9960899353027344,0.8218903541564941
YER129W,YDR324C,0,-0.17251003,0.1105206087231636,0.9960899353027344,0.8219905495643616
YDR524C,YEL011W,0,-0.17303303,0.11050862073898315,0.9960899353027344,0.8220908045768738
YDL129W,YGR057C,0,-0.17347506,0.1104966402053833,0.9960899353027344,0.822191059589386
YPL075W,YPR081C,0,-0.17379278,0.11048465967178345,0.9960899353027344,0.8222912549972534
YMR164C,YNL325C,0,-0.17388731,0.1104726791381836,0.9960899353027344,0.8223915100097656
YDR165W,YGR063C,0,-0.17502436,0.11046070605516434,0.9960899353027344,0.8224917054176331
YKL012W,YML076C,0,-0.17534572,0.11044873297214508,0.9960899353027344,0.8225919604301453
YKR080W,YPR122W,0,-0.17591399,0.11043675988912582,0.9960899353027344,0.8226922154426575
YJL121C,YNL012W,0,-0.17983666,0.11042479425668716,0.9960899353027344,0.8227924108505249
YML076C,YGR129W,0,-0.17988989,0.1104128286242485,0.9960899353027344,0.8228926658630371
YDR236C,YPL079W,0,-0.18036652,0.11040087044239044,0.9960899353027344,0.8229928612709045
YJR102C,YDR202C,0,-0.18139112,0.11038890480995178,0.9960899353027344,0.8230931162834167
YCL016C,YLR090W,0,-0.1826809,0.11037694662809372,0.9960899353027344,0.823193371295929
YDL030W,YBR073W,0,-0.18674168,0.11036499589681625,0.9960899353027344,0.8232935667037964
YOR363C,YKR081C,0,-0.18942186,0.11035304516553879,0.9960899353027344,0.8233938217163086
YKR096W,YLR384C,0,-0.19438562,0.11034109443426132,0.9960899353027344,0.823494017124176
YNR051C,YPL173W,0,-0.194626,0.11032914370298386,0.9960899353027344,0.8235942721366882
YIL010W,YGL238W,0,-0.19502756,0.11031720042228699,0.9960899353027344,0.8236944675445557
YML063W,YGL141W,0,-0.19513327,0.11030526459217072,0.9960899353027344,0.8237947225570679
YDL124W,YPR133C,0,-0.19555816,0.11029332131147385,0.9960899353027344,0.8238949775695801
YER157W,YHR113W,0,-0.19629619,0.11028138548135757,0.9960899353027344,0.8239951729774475
YKR095W,YML085C,0,-0.197393,0.1102694496512413,0.9960899353027344,0.8240954279899597
YNR011C,YBR101C,0,-0.19763863,0.11025752127170563,0.9960899353027344,0.8241956233978271
YLR371W,YIL073C,0,-0.19786376,0.11024559289216995,0.9960899353027344,0.8242958784103394
YGR205W,YHL016C,0,-0.19886845,0.11023366451263428,0.9960899353027344,0.8243961334228516
YLR446W,YCL061C,0,-0.19940671,0.1102217435836792,0.9960899353027344,0.824496328830719
YMR016C,YOR358W,0,-0.19952098,0.11020982265472412,0.9960899353027344,0.8245965838432312
YDR390C,YER167W,0,-0.2000669,0.11019790172576904,0.9960899353027344,0.8246967792510986
YCR004C,YPR034W,0,-0.20020857,0.11018598824739456,0.9960899353027344,0.8247970342636108
YKR081C,YDR056C,0,-0.20042524,0.11017407476902008,0.9960899353027344,0.824897289276123
YBL004W,YBR229C,0,-0.20120364,0.1101621612906456,0.9960899353027344,0.8249974846839905
YLR215C,YJL216C,0,-0.20208472,0.11015025526285172,0.9960899353027344,0.8250977396965027
YNL072W,YLR170C,0,-0.2021066,0.11013834923505783,0.9960899353027344,0.8251979351043701
YOR375C,YIL130W,0,-0.20358369,0.11012644320726395,0.9960899353027344,0.8252981901168823
YNL094W,YLR352W,0,-0.20560527,0.11011454463005066,0.9960899353027344,0.8253984451293945
YPR180W,YMR313C,0,-0.20624515,0.11010264605283737,0.9960899353027344,0.825498640537262
YBL023C,YDL091C,0,-0.2063021,0.11009075492620468,0.9960899353027344,0.8255988955497742
YLR144C,YBR131W,0,-0.20638138,0.1100788563489914,0.9960899353027344,0.8256990909576416
YIL148W,YJL143W,0,-0.20695859,0.1100669726729393,0.9960899353027344,0.8257993459701538
YDL129W,YPL108W,0,-0.2070486,0.11005508154630661,0.9960899353027344,0.8258995413780212
YGL090W,YHR091C,0,-0.20740047,0.11004319787025452,0.9960899353027344,0.8259997963905334
YOL098C,YAL048C,0,-0.20789728,0.11003131419420242,0.9960899353027344,0.8261000514030457
YLR406C,YKL222C,0,-0.2081176,0.11001943796873093,0.9960899353027344,0.8262002468109131
YMR223W,YBR241C,0,-0.20844075,0.11000755429267883,0.9960899353027344,0.8263005018234253
YDR320C,YMR139W,0,-0.20907584,0.10999568551778793,0.9960899353027344,0.8264006972312927
YDR184C,YPL190C,0,-0.20967153,0.10998380929231644,0.9960899353027344,0.8265009522438049
YDR510W,YOR067C,0,-0.21007472,0.10997194051742554,0.9960899353027344,0.8266012072563171
YLR175W,YER023W,0,-0.21054548,0.10996007174253464,0.9960899353027344,0.8267014026641846
YMR264W,YOR265W,0,-0.21143168,0.10994821041822433,0.9960899353027344,0.8268016576766968
YLR222C,YAR042W,0,-0.21150666,0.10993634909391403,0.9960899353027344,0.8269018530845642
YJL123C,YJL094C,0,-0.21270725,0.10992448776960373,0.9960899353027344,0.8270021080970764
YHR193C,YER109C,0,-0.21357566,0.10991263389587402,0.9960899353027344,0.8271023631095886
YGL227W,YML125C,0,-0.21411878,0.10990078002214432,0.9960899353027344,0.827202558517456
YDL110C,YER172C,0,-0.21637914,0.10988892614841461,0.9960899353027344,0.8273028135299683
YJL074C,YKR064W,0,-0.21655625,0.1098770722746849,0.9960899353027344,0.8274030089378357
YPL228W,YDR005C,0,-0.21786863,0.1098652258515358,0.9960899353027344,0.8275032639503479
YNL229C,YNL330C,0,-0.21803498,0.10985338687896729,0.9960899353027344,0.8276034593582153
YJL065C,YDR204W,0,-0.21863008,0.10984154045581818,0.9960899353027344,0.8277037143707275
YBR126C,YOR143C,0,-0.21909928,0.10982970148324966,0.9960899353027344,0.8278039693832397
YGL134W,YNL210W,0,-0.21923381,0.10981786996126175,0.9960899353027344,0.8279041647911072
YPL144W,YHL013C,0,-0.22013167,0.10980603098869324,0.9960899353027344,0.8280044198036194
YEL019C,YPR022C,0,-0.22016355,0.10979420691728592,0.9960899353027344,0.8281046152114868
YJL047C,YBR106W,0,-0.22053885,0.109782375395298,0.9960899353027344,0.828204870223999
YBR289W,YML046W,0,-0.22235781,0.10977055132389069,0.9960899353027344,0.8283051252365112
YHR081W,YNL030W,0,-0.22241673,0.10975872725248337,0.9960899353027344,0.8284053206443787
YHR027C,YPL106C,0,-0.22455835,0.10974690318107605,0.9960899353027344,0.8285055756568909
YOR018W,YOR241W,0,-0.22459155,0.10973508656024933,0.9960899353027344,0.8286057710647583
YOL077C,YDR255C,0,-0.22482541,0.10972326993942261,0.9960899353027344,0.8287060260772705
YPL117C,YOR374W,0,-0.22873366,0.10971145331859589,0.9960899353027344,0.8288062810897827
YJL110C,YNL301C,0,-0.22993368,0.10969964414834976,0.9960899353027344,0.8289064764976501
YGL175C,YIL087C,0,-0.2307477,0.10968783497810364,0.9960899353027344,0.8290067315101624
YGR074W,YJR091C,0,-0.23177671,0.10967603325843811,0.9960899353027344,0.8291069269180298
YBL018C,YNL076W,0,-0.23228073,0.10966422408819199,0.9960899353027344,0.829207181930542
YER129W,YEL077C,0,-0.23554462,0.10965242981910706,0.9960899353027344,0.8293073773384094
YGL098W,YOL033W,0,-0.23570359,0.10964062809944153,0.9960899353027344,0.8294076323509216
YLL032C,YIL044C,0,-0.23667437,0.1096288338303566,0.9960899353027344,0.8295078873634338
YNL188W,YIL096C,0,-0.23850083,0.10961703956127167,0.9960899353027344,0.8296080827713013
YPR019W,YKL084W,0,-0.23864797,0.10960524529218674,0.9960899353027344,0.8297083377838135
YBL051C,YFL022C,0,-0.23878038,0.1095934584736824,0.9960899353027344,0.8298085331916809
YJL145W,YBR240C,0,-0.23913154,0.10958167910575867,0.9960899353027344,0.8299087882041931
YDR169C,YLR010C,0,-0.23924053,0.10956989228725433,0.9960899353027344,0.8300090432167053
YFR014C,YDR084C,0,-0.24020761,0.1095581129193306,0.9960899353027344,0.8301092386245728
YPR057W,YDR186C,0,-0.24040142,0.10954633355140686,0.9960899353027344,0.830209493637085
YDR324C,YGL196W,0,-0.24045122,0.10953456163406372,0.9960899353027344,0.8303096890449524
YPL061W,YGR007W,0,-0.24059826,0.10952278226613998,0.9960899353027344,0.8304099440574646
YDR490C,YOR136W,0,-0.24103263,0.10951101779937744,0.9960899353027344,0.8305101990699768
YBR158W,YPR034W,0,-0.24186492,0.1094992458820343,0.9960899353027344,0.8306103944778442
YHL009C,YKR039W,0,-0.2422171,0.10948748141527176,0.9960899353027344,0.8307106494903564
YJR102C,YMR072W,0,-0.24411255,0.10947571694850922,0.9960899353027344,0.8308108448982239
YKR078W,YMR165C,0,-0.24450016,0.10946395993232727,0.9960899353027344,0.8309110999107361
YPR033C,YDR408C,0,-0.24536532,0.10945220291614532,0.9960899353027344,0.8310113549232483
YDR469W,YCL011C,0,-0.24568582,0.10944044589996338,0.9960899353027344,0.8311115503311157
YDR127W,YLR409C,0,-0.2458624,0.10942869633436203,0.9960899353027344,0.8312118053436279
YOL148C,YDR513W,0,-0.24634844,0.10941694676876068,0.9960899353027344,0.8313120007514954
YDR122W,YGL054C,0,-0.24723107,0.10940519720315933,0.9960899353027344,0.8314122557640076
YDR100W,YMR139W,0,-0.24954993,0.10939345508813858,0.9960899353027344,0.831512451171875
YIL052C,YJL198W,0,-0.2498312,0.10938170552253723,0.9960899353027344,0.8316127061843872
YDL190C,YPR021C,0,-0.25086087,0.10936997085809708,0.9960899353027344,0.8317129611968994
YBL054W,YMR116C,0,-0.25336337,0.10935822874307632,0.9960899353027344,0.8318131566047668
YGR120C,YOR061W,0,-0.2535582,0.10934649407863617,0.9960899353027344,0.831913411617279
YNL087W,YJL125C,0,-0.25370944,0.10933476686477661,0.9960899353027344,0.8320136070251465
YGL035C,YKL040C,0,-0.25446007,0.10932303220033646,0.9960899353027344,0.8321138620376587
YOR124C,YDR507C,0,-0.25465178,0.1093113049864769,0.9960899353027344,0.8322141170501709
YDR482C,YGL104C,0,-0.2548593,0.10929958522319794,0.9960899353027344,0.8323143124580383
YLR115W,YNL233W,0,-0.2560199,0.10928785800933838,0.9960899353027344,0.8324145674705505
YDR110W,YLR417W,0,-0.25834733,0.10927613824605942,0.9960899353027344,0.832514762878418
YPL084W,YMR104C,0,-0.25984555,0.10926441848278046,0.9960899353027344,0.8326150178909302
YKL184W,YKL021C,0,-0.26125067,0.10925270617008209,0.9960899353027344,0.8327152729034424
YJR135C,YJL019W,0,-0.26187173,0.10924099385738373,0.9960899353027344,0.8328154683113098
YKL216W,YML102W,0,-0.2626081,0.10922928154468536,0.9960899353027344,0.832915723323822
YLR343W,YIR010W,0,-0.26330748,0.1092175766825676,0.9960899353027344,0.8330159187316895
YOL041C,YHL003C,0,-0.2639023,0.10920587182044983,0.9960899353027344,0.8331161737442017
YNL224C,YOL065C,0,-0.26394057,0.10919416695833206,0.9960899353027344,0.8332163691520691
YDL144C,YCR081W,0,-0.2655165,0.10918246954679489,0.9960899353027344,0.8333166241645813
YNL220W,YPR186C,0,-0.26633814,0.10917077213525772,0.9960899353027344,0.8334168791770935
YOR046C,YDL139C,0,-0.266595,0.10915908217430115,0.9960899353027344,0.8335170745849609
YPL153C,YML092C,0,-0.26747754,0.10914738476276398,0.9960899353027344,0.8336173295974731
YOR064C,YMR041C,0,-0.26791972,0.1091356948018074,0.9960899353027344,0.8337175250053406
YIL118W,YPL235W,0,-0.2680431,0.10912401229143143,0.9960899353027344,0.8338177800178528
YKL108W,YLL011W,0,-0.2692825,0.10911232233047485,0.9960899353027344,0.833918035030365
YGL116W,YNR023W,0,-0.26967052,0.10910063982009888,0.9960899353027344,0.8340182304382324
YPL231W,YPL212C,0,-0.26988983,0.1090889647603035,0.9960899353027344,0.8341184854507446
YMR278W,YNL291C,0,-0.26996237,0.10907728224992752,0.9960899353027344,0.8342186808586121
YPL153C,YLR248W,0,-0.27005008,0.10906560719013214,0.9960899353027344,0.8343189358711243
YDL080C,YCL011C,0,-0.27152556,0.10905393958091736,0.9960899353027344,0.8344191908836365
YGR061C,YPR010C,0,-0.2722464,0.10904227197170258,0.9960899353027344,0.8345193862915039
YLR347C,YLR067C,0,-0.2736847,0.10903060436248779,0.9960899353027344,0.8346196413040161
YFR009W,YOL021C,0,-0.27425992,0.10901893675327301,0.9960899353027344,0.8347198367118835
YLR006C,YIR033W,0,-0.27450442,0.10900727659463882,0.9960899353027344,0.8348200917243958
YHR112C,YDR533C,0,-0.27484882,0.10899561643600464,0.9960899353027344,0.8349202871322632
YFR027W,YMR293C,0,-0.2753058,0.10898395627737045,0.9960899353027344,0.8350205421447754
YML115C,YDR080W,0,-0.27724436,0.10897230356931686,0.9960899353027344,0.8351207971572876
YGR024C,YOR332W,0,-0.27783722,0.10896065086126328,0.9960899353027344,0.835220992565155
YOL144W,YGR121C,0,-0.27845746,0.10894899815320969,0.9960899353027344,0.8353212475776672
YKL064W,YBR290W,1,-0.2820227,0.10904426127672195,0.9970674514770508,0.8353212475776672
YPL146C,YDL064W,0,-0.28237474,0.10903260111808777,0.9970674514770508,0.8354214429855347
YOL049W,YEL044W,0,-0.28468442,0.10902094841003418,0.9970674514770508,0.8355216979980469
YOL125W,YCR020W-B,0,-0.2855966,0.10900929570198059,0.9970674514770508,0.8356219530105591
YKL213C,YER177W,0,-0.2861318,0.1089976504445076,0.9970674514770508,0.8357221484184265
YDL144C,YLR226W,0,-0.28701538,0.1089860051870346,0.9970674514770508,0.8358224034309387
YML074C,YLR258W,0,-0.28716427,0.10897435992956161,0.9970674514770508,0.8359225988388062
YLR333C,YJL143W,0,-0.28838587,0.10896271467208862,0.9970674514770508,0.8360228538513184
YPR168W,YDR399W,0,-0.29059017,0.10895107686519623,0.9970674514770508,0.8361231088638306
YPL009C,YDR437W,0,-0.29167175,0.10893943905830383,0.9970674514770508,0.836223304271698
YHR165C,YOR136W,0,-0.2930091,0.10892780870199203,0.9970674514770508,0.8363235592842102
YBR001C,YDL166C,0,-0.29648829,0.10891617834568024,0.9970674514770508,0.8364237546920776
YDR259C,YKL146W,0,-0.29724413,0.10890454798936844,0.9970674514770508,0.8365240097045898
YJL047C,YCR081W,0,-0.29733557,0.10889292508363724,0.9970674514770508,0.836624264717102
YHL009C,YJL025W,0,-0.29854244,0.10888129472732544,0.9970674514770508,0.8367244601249695
YBR119W,YAL047C,0,-0.30059695,0.10886967927217484,0.9970674514770508,0.8368247151374817
YOR141C,YBR086C,0,-0.3015233,0.10885805636644363,0.9970674514770508,0.8369249105453491
YLR210W,YDL160C,0,-0.30201808,0.10884644091129303,0.9970674514770508,0.8370251655578613
YLR260W,YLR417W,0,-0.3024233,0.10883482545614243,0.9970674514770508,0.8371253609657288
YBR009C,YDR441C,0,-0.30251402,0.10882321745157242,0.9970674514770508,0.837225615978241
YLR052W,YJL208C,0,-0.30319482,0.10881160944700241,0.9970674514770508,0.8373258709907532
YML088W,YBR030W,0,-0.30633843,0.1088000014424324,0.9970674514770508,0.8374260663986206
YGR002C,YCR008W,0,-0.30832013,0.1087883934378624,0.9970674514770508,0.8375263214111328
YKL028W,YDR422C,0,-0.30865872,0.10877679288387299,0.9970674514770508,0.8376265168190002
YPL075W,YOL148C,0,-0.30925584,0.10876519232988358,0.9970674514770508,0.8377267718315125
YKR018C,YOR034C,0,-0.31072623,0.10875359922647476,0.9970674514770508,0.8378270268440247
YKL043W,YLR064W,0,-0.31105018,0.10874200612306595,0.9970674514770508,0.8379272222518921
YGR209C,YIR017C,0,-0.31122723,0.10873041301965714,0.9970674514770508,0.8380274772644043
YDR418W,YJR076C,0,-0.3117439,0.10871881991624832,0.9970674514770508,0.8381276726722717
YDL110C,YJL090C,0,-0.31185853,0.1087072342634201,0.9970674514770508,0.8382279276847839
YLR421C,YPL148C,0,-0.31216267,0.10869564861059189,0.9970674514770508,0.8383281826972961
YJR060W,YJR016C,0,-0.31347448,0.10868407040834427,0.9970674514770508,0.8384283781051636
YBR112C,YNL287W,0,-0.31367075,0.10867249220609665,0.9970674514770508,0.8385286331176758
YJL197W,YPL207W,0,-0.3139348,0.10866091400384903,0.9970674514770508,0.8386288285255432
YLR421C,YHR203C,0,-0.31456453,0.108649343252182,0.9970674514770508,0.8387290835380554
YPR052C,YKL125W,0,-0.3149707,0.10863776504993439,0.9970674514770508,0.8388292789459229
YEL019C,YIR007W,0,-0.31760675,0.10862620174884796,0.9970674514770508,0.8389295339584351
YOR244W,YML067C,0,-0.31910527,0.10861463099718094,0.9970674514770508,0.8390297889709473
YPL111W,YJL051W,0,-0.3201258,0.10860306769609451,0.9970674514770508,0.8391299843788147
YOR227W,YNL185C,0,-0.32056087,0.10859150439500809,0.9970674514770508,0.8392302393913269
YMR142C,YGR124W,0,-0.3218279,0.10857994109392166,0.9970674514770508,0.8393304347991943
YGL125W,YGR098C,0,-0.32262146,0.10856838524341583,0.9970674514770508,0.8394306898117065
YKL069W,YPL005W,0,-0.32300103,0.10855682939291,0.9970674514770508,0.8395309448242188
YDL134C,YML075C,0,-0.32344672,0.10854528099298477,0.9970674514770508,0.8396311402320862
YPL253C,YHR023W,0,-0.3238611,0.10853373259305954,0.9970674514770508,0.8397313952445984
YLR126C,YMR119W,0,-0.3239016,0.10852218419313431,0.9970674514770508,0.8398315906524658
YAL061W,YML041C,0,-0.32390755,0.10851063579320908,0.9970674514770508,0.839931845664978
YDR513W,YMR183C,0,-0.3253622,0.10849909484386444,0.9970674514770508,0.8400321006774902
YBR049C,YGL063W,0,-0.329244,0.1084875538945198,0.9970674514770508,0.8401322960853577
YGL238W,YNL088W,0,-0.3293066,0.10847602039575577,0.9970674514770508,0.8402325510978699
YPR016C,YLR135W,0,-0.33274955,0.10846448689699173,0.9970674514770508,0.8403327465057373
YER056C-A,YDR037W,0,-0.3332057,0.10845295339822769,0.9970674514770508,0.8404330015182495
YLR131C,YBR038W,0,-0.33324346,0.10844141989946365,0.9970674514770508,0.8405331969261169
YAL015C,YER089C,0,-0.33347225,0.10842989385128021,0.9970674514770508,0.8406334519386292
YDR017C,YDR311W,0,-0.33357614,0.10841836780309677,0.9970674514770508,0.8407337069511414
YBR280C,YML004C,0,-0.3352258,0.10840684175491333,0.9970674514770508,0.8408339023590088
YDR507C,YOL020W,0,-0.33560467,0.10839532315731049,0.9970674514770508,0.840934157371521
YER142C,YLR008C,0,-0.33691394,0.10838380455970764,0.9970674514770508,0.8410343527793884
YKL173W,YNL041C,0,-0.33711925,0.1083722934126854,0.9970674514770508,0.8411346077919006
YBL055C,YMR262W,0,-0.3400614,0.10836077481508255,0.9970674514770508,0.8412348628044128
YGR205W,YNL299W,0,-0.34022337,0.1083492636680603,0.9970674514770508,0.8413350582122803
YGL151W,YML067C,0,-0.34031272,0.10833775997161865,0.9970674514770508,0.8414353132247925
YDR471W,YGR054W,0,-0.34160304,0.108326256275177,0.9970674514770508,0.8415355086326599
YIL007C,YPL097W,0,-0.34441602,0.10831475257873535,0.9970674514770508,0.8416357636451721
YKL059C,YGR007W,0,-0.34493667,0.1083032488822937,0.9970674514770508,0.8417360186576843
YPL046C,YDL160C,0,-0.3453017,0.10829175263643265,0.9970674514770508,0.8418362140655518
YDR238C,YBR056W,0,-0.3461526,0.1082802563905716,0.9970674514770508,0.841936469078064
YKL176C,YML114C,0,-0.34657437,0.10826876014471054,0.9970674514770508,0.8420366644859314
YNL330C,YLR373C,0,-0.3470937,0.10825727134943008,0.9970674514770508,0.8421369194984436
YNR027W,YKL114C,0,-0.35121724,0.10824578255414963,0.9970674514770508,0.8422371745109558
YKR080W,YNL021W,0,-0.35166028,0.10823429375886917,0.9970674514770508,0.8423373699188232
YPL198W,YDL093W,0,-0.35184693,0.10822281241416931,0.9970674514770508,0.8424376249313354
YLR362W,YNL317W,0,-0.35342434,0.10821133106946945,0.9970674514770508,0.8425378203392029
YOR076C,YER122C,0,-0.35397077,0.10819984972476959,0.9970674514770508,0.8426380753517151
YER142C,YJL045W,0,-0.3541774,0.10818837583065033,0.9970674514770508,0.8427382707595825
YBL002W,YIL049W,0,-0.35453802,0.10817690193653107,0.9970674514770508,0.8428385257720947
YDR171W,YJR035W,0,-0.35659385,0.1081654280424118,0.9970674514770508,0.8429387807846069
YDR293C,YNR063W,0,-0.3567528,0.10815396159887314,0.9970674514770508,0.8430389761924744
YCR035C,YDR135C,0,-0.357761,0.10814249515533447,0.9970674514770508,0.8431392312049866
YGL195W,YHR084W,0,-0.3591542,0.1081310287117958,0.9970674514770508,0.843239426612854
YLL009C,YGL124C,0,-0.35966206,0.10811956971883774,0.9970674514770508,0.8433396816253662
YDR142C,YOR026W,0,-0.36005938,0.10810811072587967,0.9970674514770508,0.8434399366378784
YNL229C,YDL065C,0,-0.3600623,0.1080966517329216,0.9970674514770508,0.8435401320457458
YCL031C,YPR021C,0,-0.36030608,0.10808520019054413,0.9970674514770508,0.8436403870582581
YMR021C,YPL010W,0,-0.3604008,0.10807374119758606,0.9970674514770508,0.8437405824661255
YGL210W,YOR312C,0,-0.36091223,0.10806229710578918,0.9970674514770508,0.8438408374786377
YNL126W,YBR121C,0,-0.36115846,0.10805084556341171,0.9970674514770508,0.8439410924911499
YEL019C,YDR219C,0,-0.36192513,0.10803940147161484,0.9970674514770508,0.8440412878990173
YPL225W,YMR152W,0,-0.36208248,0.10802795737981796,0.9970674514770508,0.8441415429115295
YCR088W,YKL149C,0,-0.36263993,0.10801652073860168,0.9970674514770508,0.844241738319397
YJR084W,YFR006W,0,-0.36287618,0.1080050840973854,0.9970674514770508,0.8443419933319092
YMR074C,YOR332W,0,-0.36414284,0.10799364745616913,0.9970674514770508,0.8444421887397766
YDL165W,YLR200W,0,-0.36477512,0.10798221826553345,0.9970674514770508,0.8445424437522888
YGL092W,YPL226W,0,-0.36708072,0.10797078162431717,0.9970674514770508,0.844642698764801
YBL008W,YOR316C,0,-0.37163025,0.10795935988426208,0.9970674514770508,0.8447428941726685
YJL033W,YGL022W,0,-0.37213057,0.1079479306936264,0.9970674514770508,0.8448431491851807
YMR037C,YPL124W,0,-0.37284946,0.10793650895357132,0.9970674514770508,0.8449433445930481
YGL087C,YDR253C,0,-0.37506312,0.10792508721351624,0.9970674514770508,0.8450435996055603
YDR007W,YMR016C,0,-0.37530887,0.10791366547346115,0.9970674514770508,0.8451438546180725
YIL026C,YLR155C,0,-0.37559953,0.10790225118398666,0.9970674514770508,0.8452440500259399
YIL119C,YGR116W,0,-0.37573755,0.10789083689451218,0.9970674514770508,0.8453443050384521
YNL152W,YKR077W,0,-0.3758934,0.10787943005561829,0.9970674514770508,0.8454445004463196
YDL220C,YEL055C,0,-0.37592804,0.1078680232167244,0.9970674514770508,0.8455447554588318
YKL216W,YCR092C,0,-0.37639806,0.1078566163778305,0.9970674514770508,0.845645010471344
YMR004W,YER113C,0,-0.3768171,0.10784520953893661,0.9970674514770508,0.8457452058792114
YMR037C,YKR097W,0,-0.37790605,0.10783381015062332,0.9970674514770508,0.8458454608917236
YMR201C,YBR069C,0,-0.37920582,0.10782241076231003,0.9970674514770508,0.8459456562995911
YKL110C,YGR191W,0,-0.3816203,0.10781101137399673,0.9970674514770508,0.8460459113121033
YMR047C,YOR326W,0,-0.38191092,0.10779961943626404,0.9970674514770508,0.8461461067199707
YOR197W,YLR342W,0,-0.3833549,0.10778822749853134,0.9970674514770508,0.8462463617324829
YAR015W,YPL221W,0,-0.38369045,0.10777683556079865,0.9970674514770508,0.8463466167449951
YKL139W,YLR068W,0,-0.38401383,0.10776545107364655,0.9970674514770508,0.8464468121528625
YPR107C,YGL201C,0,-0.38672757,0.10775406658649445,0.9970674514770508,0.8465470671653748
YGR017W,YDR256C,0,-0.3871432,0.10774268209934235,0.9970674514770508,0.8466472625732422
YOR124C,YJL097W,0,-0.38946792,0.10773130506277084,0.9970674514770508,0.8467475175857544
YDL002C,YPR110C,0,-0.39011854,0.10771992802619934,0.9970674514770508,0.8468477725982666
YOL076W,YPL105C,0,-0.39096358,0.10770855098962784,0.9970674514770508,0.846947968006134
YBR146W,YHR166C,0,-0.39221543,0.10769718140363693,0.9970674514770508,0.8470482230186462
YKL028W,YOR246C,0,-0.39296213,0.10768581181764603,0.9970674514770508,0.8471484184265137
YHL020C,YIL173W,0,-0.39313692,0.10767444223165512,0.9970674514770508,0.8472486734390259
YDR235W,YER172C,0,-0.39331323,0.10766308009624481,0.9970674514770508,0.8473489284515381
YJR059W,YMR048W,0,-0.39582282,0.1076517179608345,0.9970674514770508,0.8474491238594055
YJR052W,YLR138W,0,-0.3964638,0.1076403558254242,0.9970674514770508,0.8475493788719177
YDR515W,YDR386W,0,-0.39718026,0.10762899369001389,0.9970674514770508,0.8476495742797852
YDR224C,YIL008W,0,-0.39752352,0.10761763900518417,0.9970674514770508,0.8477498292922974
YIL138C,YMR149W,0,-0.4005547,0.10760628432035446,0.9970674514770508,0.8478500843048096
YDR054C,YOR116C,0,-0.40120566,0.10759493708610535,0.9970674514770508,0.847950279712677
YML004C,YNL176C,0,-0.40229762,0.10758358985185623,0.9970674514770508,0.8480505347251892
YOR257W,YDR348C,0,-0.4032405,0.10757224261760712,0.9970674514770508,0.8481507301330566
YGL025C,YDR356W,0,-0.40371704,0.107560895383358,0.9970674514770508,0.8482509851455688
YDR354W,YOR128C,0,-0.40499425,0.10754955559968948,0.9970674514770508,0.8483511805534363
YGR186W,YDR001C,0,-0.40511614,0.10753821581602097,0.9970674514770508,0.8484514355659485
YMR236W,YNL082W,0,-0.40800214,0.10752688348293304,0.9970674514770508,0.8485516905784607
YGL035C,YLR172C,0,-0.40881133,0.10751555114984512,0.9970674514770508,0.8486518859863281
YML027W,YGR124W,0,-0.40975523,0.1075042188167572,0.9970674514770508,0.8487521409988403
YMR153W,YNL257C,0,-0.41131175,0.10749288648366928,0.9970674514770508,0.8488523364067078
YGL181W,YDR169C,0,-0.41312325,0.10748156160116196,0.9970674514770508,0.84895259141922
YGL035C,YBR146W,0,-0.41369486,0.10747023671865463,0.9970674514770508,0.8490528464317322
YBR217W,YDL190C,0,-0.41399992,0.10745891183614731,0.9970674514770508,0.8491530418395996
YFR031C-A,YBL054W,0,-0.41508228,0.10744759440422058,0.9970674514770508,0.8492532968521118
YGR277C,YBR058C,0,-0.4159205,0.10743627697229385,0.9970674514770508,0.8493534922599792
YDL220C,YPL236C,0,-0.41648197,0.10742495954036713,0.9970674514770508,0.8494537472724915
YPR073C,YLR315W,0,-0.41659385,0.107413649559021,0.9970674514770508,0.8495540022850037
YJL203W,YDL042C,0,-0.41707665,0.10740233957767487,0.9970674514770508,0.8496541976928711
YJR056C,YOL088C,0,-0.41735524,0.10739102959632874,0.9970674514770508,0.8497544527053833
YLR147C,YDR485C,0,-0.41895556,0.1073797270655632,0.9970674514770508,0.8498546481132507
YKL032C,YNR043W,0,-0.41956377,0.10736842453479767,0.9970674514770508,0.8499549031257629
YDR028C,YOL088C,0,-0.42171514,0.10735712200403214,0.9970674514770508,0.8500550985336304
YBR082C,YPL100W,0,-0.42404616,0.1073458194732666,0.9970674514770508,0.8501553535461426
YCL039W,YPL079W,0,-0.42636055,0.10733452439308167,0.9970674514770508,0.8502556085586548
YGL086W,YHR020W,0,-0.42688358,0.10732322931289673,0.9970674514770508,0.8503558039665222
YLR410W,YEL061C,0,-0.42730236,0.10731194168329239,0.9970674514770508,0.8504560589790344
YBR175W,YNL148C,0,-0.42803866,0.10730065405368805,0.9970674514770508,0.8505562543869019
YJR060W,YIL038C,0,-0.42840326,0.10728936642408371,0.9970674514770508,0.8506565093994141
YMR105C,YDR328C,0,-0.42906952,0.10727807879447937,0.9970674514770508,0.8507567644119263
YML001W,YHR114W,0,-0.42995715,0.10726679861545563,0.9970674514770508,0.8508569598197937
YDL190C,YLR201C,0,-0.43018848,0.10725551843643188,0.9970674514770508,0.8509572148323059
YHR172W,YDR086C,0,-0.43056357,0.10724424570798874,0.9970674514770508,0.8510574102401733
YGL227W,YDR005C,0,-0.43076187,0.107232965528965,0.9970674514770508,0.8511576652526855
YNL183C,YNL063W,0,-0.43084204,0.10722170025110245,0.9970674514770508,0.8512579202651978
YOL127W,YDR365C,0,-0.4309172,0.1072104275226593,0.9970674514770508,0.8513581156730652
YPR110C,YAL001C,0,-0.43095946,0.10719916224479675,0.9970674514770508,0.8514583706855774
YBR289W,YOL147C,0,-0.4332782,0.1071878969669342,0.9970674514770508,0.8515585660934448
YPL066W,YLR373C,0,-0.43411732,0.10717663168907166,0.9970674514770508,0.851658821105957
YEL042W,YLL018C,0,-0.4349528,0.1071653738617897,0.9970674514770508,0.8517590165138245
YKR099W,YLR148W,0,-0.43574333,0.10715411603450775,0.9970674514770508,0.8518592715263367
YNL151C,YHR133C,0,-0.43687558,0.1071428582072258,0.9970674514770508,0.8519595265388489
YML062C,YMR275C,0,-0.43713772,0.10713160037994385,0.9970674514770508,0.8520597219467163
YGR058W,YHR017W,0,-0.43909276,0.10712035000324249,0.9970674514770508,0.8521599769592285
YGL115W,YDR162C,0,-0.44080925,0.10710910707712173,0.9970674514770508,0.852260172367096
YML069W,YER051W,0,-0.4410264,0.10709785670042038,0.9970674514770508,0.8523604273796082
YGR277C,YBR142W,0,-0.44169098,0.10708661377429962,0.9970674514770508,0.8524606823921204
YDR130C,YPL135W,0,-0.44309556,0.10707537084817886,0.9970674514770508,0.8525608777999878
YJR097W,YLR013W,0,-0.44393533,0.1070641353726387,0.9970674514770508,0.8526611328125
YMR080C,YJL047C,0,-0.4479305,0.10705289989709854,0.9970674514770508,0.8527613282203674
YML095C,YAR019C,0,-0.44864714,0.10704166442155838,0.9970674514770508,0.8528615832328796
YMR016C,YDR251W,0,-0.44884628,0.10703042894601822,0.9970674514770508,0.8529618382453918
YGL175C,YNL146W,0,-0.4494655,0.10701920092105865,0.9970674514770508,0.8530620336532593
YPL225W,YBL080C,0,-0.45138878,0.10700797289609909,0.9970674514770508,0.8531622886657715
YCL055W,YPR141C,0,-0.4516257,0.10699674487113953,0.9970674514770508,0.8532624840736389
YHR009C,YGL063W,0,-0.4526267,0.10698552429676056,0.9970674514770508,0.8533627390861511
YGL254W,YGR207C,0,-0.4528643,0.10697430372238159,0.9970674514770508,0.8534629940986633
YPL133C,YHR194W,0,-0.45331472,0.10696309059858322,0.9970674514770508,0.8535631895065308
YOR269W,YLR081W,0,-0.45363337,0.10695187002420425,0.9970674514770508,0.853663444519043
YKL164C,YIR022W,0,-0.45372707,0.10694065690040588,0.9970674514770508,0.8537636399269104
YNL124W,YDR188W,0,-0.45380062,0.10692945122718811,0.9970674514770508,0.8538638949394226
YER142C,YJR075W,0,-0.45398837,0.10691823810338974,0.9970674514770508,0.85396409034729
YOR308C,YDL149W,0,-0.45399255,0.10690703243017197,0.9970674514770508,0.8540643453598022
YLL036C,YOR014W,0,-0.45437145,0.1068958267569542,0.9970674514770508,0.8541646003723145
YPL105C,YGR094W,0,-0.45629388,0.10688462853431702,0.9970674514770508,0.8542647957801819
YPR022C,YDR150W,0,-0.4578989,0.10687343031167984,0.9970674514770508,0.8543650507926941
YDL165W,YHL003C,0,-0.46004194,0.10686223208904266,0.9970674514770508,0.8544652462005615
YHR143W-A,YNR008W,0,-0.4602689,0.10685103386640549,0.9970674514770508,0.8545655012130737
YGL104C,YJR050W,0,-0.46129125,0.10683984309434891,0.9970674514770508,0.8546657562255859
YFL002C,YMR236W,0,-0.4615789,0.10682865232229233,0.9970674514770508,0.8547659516334534
YGR074W,YLR239C,0,-0.46425855,0.10681746900081635,0.9970674514770508,0.8548662066459656
YEL058W,YDL178W,0,-0.46468222,0.10680628567934036,0.9970674514770508,0.854966402053833
YNL068C,YDR098C,0,-0.46530163,0.10679510235786438,0.9970674514770508,0.8550666570663452
YOR262W,YPR101W,0,-0.46661818,0.1067839190363884,0.9970674514770508,0.8551669120788574
YLR147C,YPR155C,0,-0.46668726,0.10677274316549301,0.9970674514770508,0.8552671074867249
YPR057W,YBR091C,0,-0.46717268,0.10676156729459763,0.9970674514770508,0.8553673624992371
YLR453C,YHR114W,0,-0.4672892,0.10675039142370224,0.9970674514770508,0.8554675579071045
YJR097W,YML023C,0,-0.46858102,0.10673922300338745,0.9970674514770508,0.8555678129196167
YJL197W,YMR036C,0,-0.46900332,0.10672805458307266,0.9970674514770508,0.8556680083274841
YJL033W,YBL009W,0,-0.4694153,0.10671688616275787,0.9970674514770508,0.8557682633399963
YMR314W,YML004C,0,-0.469997,0.10670572519302368,0.9970674514770508,0.8558685183525085
YKL112W,YGL106W,0,-0.47073114,0.10669456422328949,0.9970674514770508,0.855968713760376
YNL214W,YER100W,0,-0.4718433,0.1066834032535553,0.9970674514770508,0.8560689687728882
YBR156C,YIL154C,0,-0.4724177,0.1066722422838211,0.9970674514770508,0.8561691641807556
YIL017C,YMR302C,0,-0.4748215,0.10666108876466751,0.9970674514770508,0.8562694191932678
YNL136W,YGL017W,0,-0.47731656,0.10664993524551392,0.9970674514770508,0.85636967420578
YER174C,YKL011C,0,-0.47801995,0.10663878917694092,0.9970674514770508,0.8564698696136475
YOR181W,YOL094C,0,-0.48019296,0.10662764310836792,0.9970674514770508,0.8565701246261597
YJL069C,YGL141W,0,-0.48054647,0.10661649703979492,0.9970674514770508,0.8566703200340271
YNL180C,YLR154C,0,-0.48162985,0.10660535097122192,0.9970674514770508,0.8567705750465393
YKL091C,YPL091W,0,-0.48313892,0.10659421235322952,0.9970674514770508,0.8568708300590515
YOR122C,YDR171W,0,-0.48336715,0.10658307373523712,0.9970674514770508,0.856971025466919
YGL125W,YFL029C,0,-0.4887756,0.10657193511724472,0.9970674514770508,0.8570712804794312
YMR125W,YAL028W,0,-0.49187696,0.10656080394983292,0.9970674514770508,0.8571714758872986
YJL145W,YKL183W,0,-0.4928974,0.10654967278242111,0.9970674514770508,0.8572717308998108
YML124C,YMR135C,0,-0.49298453,0.10653854161500931,0.9970674514770508,0.8573719263076782
YDR468C,YBL023C,0,-0.49303603,0.1065274178981781,0.9970674514770508,0.8574721813201904
YDR129C,YDR307W,0,-0.49307495,0.1065162941813469,0.9970674514770508,0.8575724363327026
YMR104C,YBR228W,0,-0.4940753,0.10650517046451569,0.9970674514770508,0.8576726317405701
YIL106W,YBL018C,0,-0.49492002,0.10649404674768448,0.9970674514770508,0.8577728867530823
YEL060C,YPL152W,0,-0.49530953,0.10648293048143387,0.9970674514770508,0.8578730821609497
YDR513W,YJL207C,0,-0.49533468,0.10647181421518326,0.9970674514770508,0.8579733371734619
YGR158C,YGL095C,0,-0.49564028,0.10646070539951324,0.9970674514770508,0.8580735921859741
YOR179C,YJL174W,0,-0.4993326,0.10644959658384323,0.9970674514770508,0.8581737875938416
YBR065C,YKL092C,0,-0.49942052,0.10643848776817322,0.9970674514770508,0.8582740426063538
YKR078W,YJR035W,0,-0.49970305,0.1064273789525032,0.9970674514770508,0.8583742380142212
YNL229C,YGL151W,0,-0.500074,0.10641627758741379,0.9970674514770508,0.8584744930267334
YBR119W,YOL033W,0,-0.50144243,0.10640517622232437,0.9970674514770508,0.8585747480392456
YNL123W,YMR142C,0,-0.50180936,0.10639407485723495,0.9970674514770508,0.858674943447113
YDR217C,YPR101W,0,-0.50186807,0.10638298094272614,0.9970674514770508,0.8587751984596252
YKL004W,YDR194C,0,-0.5023763,0.10637188702821732,0.9970674514770508,0.8588753938674927
YMR288W,YJL058C,0,-0.50433004,0.1063607931137085,0.9970674514770508,0.8589756488800049
YBR060C,YMR242C,0,-0.5046297,0.10634969919919968,0.9970674514770508,0.8590759038925171
YHL001W,YGR208W,0,-0.5064561,0.10633861273527145,0.9970674514770508,0.8591760993003845
YJR129C,YNL188W,0,-0.50788397,0.10632753372192383,0.9970674514770508,0.8592763543128967
YDR478W,YPL224C,0,-0.50801647,0.1063164472579956,0.9970674514770508,0.8593765497207642
YKL149C,YBL024W,0,-0.50922596,0.10630536824464798,0.9970674514770508,0.8594768047332764
YDL129W,YDL153C,0,-0.5100425,0.10629428923130035,0.9970674514770508,0.8595770001411438
YHR043C,YDL136W,0,-0.5106655,0.10628321021795273,0.9970674514770508,0.859677255153656
YBR082C,YDR078C,0,-0.5108397,0.1062721386551857,0.9970674514770508,0.8597775101661682
YGR202C,YDL076C,0,-0.5127182,0.10626106709241867,0.9970674514770508,0.8598777055740356
YFR047C,YGL095C,0,-0.5127758,0.10625000298023224,0.9970674514770508,0.8599779605865479
YOR208W,YHR034C,0,-0.51420295,0.10623893141746521,0.9970674514770508,0.8600781559944153
YIL101C,YAL009W,0,-0.51529247,0.10622786730527878,0.9970674514770508,0.8601784110069275
YBL035C,YAL058W,0,-0.5155416,0.10621681064367294,0.9970674514770508,0.8602786660194397
YKL193C,YOR332W,0,-0.51666903,0.10620574653148651,0.9970674514770508,0.8603788614273071
YDL051W,YPR046W,0,-0.51965916,0.10619468986988068,0.9970674514770508,0.8604791164398193
YBR216C,YBR038W,0,-0.5207356,0.10618363320827484,0.9970674514770508,0.8605793118476868
YDR052C,YML095C,0,-0.5211168,0.1061725839972496,0.9970674514770508,0.860679566860199
YGL137W,YPL241C,0,-0.52336025,0.10616153478622437,0.9970674514770508,0.8607798218727112
YER173W,YPL203W,0,-0.5236464,0.10615048557519913,0.9970674514770508,0.8608800172805786
YER028C,YDR545W,0,-0.52389777,0.10613943636417389,0.9970674514770508,0.8609802722930908
YPR154W,YDL188C,0,-0.5240464,0.10612839460372925,0.9970674514770508,0.8610804677009583
YNL186W,YGL147C,0,-0.52424204,0.1061173528432846,0.9970674514770508,0.8611807227134705
YLR403W,YIR012W,0,-0.52455497,0.10610631108283997,0.9970674514770508,0.8612809181213379
YJL145W,YAR019C,0,-0.5255947,0.10609527677297592,0.9970674514770508,0.8613811731338501
YER155C,YBR127C,0,-0.52753437,0.10608424246311188,0.9970674514770508,0.8614814281463623
YHR148W,YIL018W,0,-0.5277643,0.10607320815324783,0.9970674514770508,0.8615816235542297
YLR274W,YOR076C,0,-0.5310248,0.10606218129396439,0.9970674514770508,0.8616818785667419
YLR406C,YNL189W,0,-0.5322776,0.10605115443468094,0.9970674514770508,0.8617820739746094
YMR235C,YER035W,0,-0.5365056,0.10604012757539749,0.9970674514770508,0.8618823289871216
YMR170C,YHL015W,0,-0.53662825,0.10602910816669464,0.9970674514770508,0.8619825839996338
YPL030W,YHR072W,0,-0.53677416,0.10601808875799179,0.9970674514770508,0.8620827794075012
YOR143C,YGL115W,0,-0.537482,0.10600706934928894,0.9970674514770508,0.8621830344200134
YOR064C,YDL005C,0,-0.5381151,0.10599604994058609,0.9970674514770508,0.8622832298278809
YGL116W,YBR189W,0,-0.5389117,0.10598503798246384,0.9970674514770508,0.8623834848403931
YML069W,YCR028C,0,-0.53933674,0.10597402602434158,0.9970674514770508,0.8624837398529053
YBR229C,YBR049C,0,-0.5394403,0.10596301406621933,0.9970674514770508,0.8625839352607727
YMR053C,YKL157W,0,-0.541391,0.10595200955867767,0.9970674514770508,0.8626841902732849
YER164W,YDR198C,0,-0.5415629,0.10594100505113602,0.9970674514770508,0.8627843856811523
YBL021C,YIL096C,0,-0.5425232,0.10593000054359436,0.9970674514770508,0.8628846406936646
YMR079W,YIR015W,0,-0.5429696,0.1059190034866333,0.9970674514770508,0.862984836101532
YIL017C,YKL197C,0,-0.5434792,0.10590800642967224,0.9970674514770508,0.8630850911140442
YMR164C,YLL057C,0,-0.5436625,0.10589700937271118,0.9970674514770508,0.8631853461265564
YMR021C,YER155C,0,-0.5450512,0.10588601976633072,0.9970674514770508,0.8632855415344238
YCR016W,YMR261C,0,-0.54565203,0.10587502270936966,0.9970674514770508,0.863385796546936
YMR277W,YGL189C,0,-0.54588974,0.1058640405535698,0.9970674514770508,0.8634859919548035
YDR118W,YDR438W,0,-0.546079,0.10585305094718933,0.9970674514770508,0.8635862469673157
YHR013C,YPL212C,0,-0.5465683,0.10584206879138947,0.9970674514770508,0.8636865019798279
YAL019W,YOR360C,0,-0.5472934,0.1058310866355896,0.9970674514770508,0.8637866973876953
YLR421C,YOR386W,0,-0.54860485,0.10582010447978973,0.9970674514770508,0.8638869524002075
YER027C,YPR073C,0,-0.5487952,0.10580912977457047,0.9970674514770508,0.863987147808075
YDR191W,YFR006W,0,-0.5494302,0.1057981550693512,0.9970674514770508,0.8640874028205872
YGL189C,YJL008C,0,-0.54959464,0.10578718036413193,0.9970674514770508,0.8641876578330994
YGL238W,YJR054W,0,-0.55037653,0.10577621310949326,0.9970674514770508,0.8642878532409668
YNL245C,YHR207C,0,-0.553438,0.10576524585485458,0.9970674514770508,0.864388108253479
YPR186C,YGL017W,0,-0.5538667,0.10575427860021591,0.9970674514770508,0.8644883036613464
YPR118W,YOL039W,0,-0.55498874,0.10574331134557724,0.9970674514770508,0.8645885586738586
YGR128C,YDR043C,0,-0.55702776,0.10573235154151917,0.9970674514770508,0.8646888136863708
YPL091W,YLR093C,0,-0.557701,0.10572139173746109,0.9970674514770508,0.8647890090942383
YLR098C,YPL262W,0,-0.55932295,0.10571043938398361,0.9970674514770508,0.8648892641067505
YIL137C,YCL029C,0,-0.55963814,0.10569947957992554,0.9970674514770508,0.8649894595146179
YLR247C,YER020W,0,-0.56106806,0.10568852722644806,0.9970674514770508,0.8650897145271301
YGR123C,YHR034C,0,-0.5627321,0.10567758232355118,0.9970674514770508,0.8651899099349976
YKR037C,YJR153W,0,-0.5633007,0.1056666299700737,0.9970674514770508,0.8652901649475098
YMR244C-A,YHR191C,0,-0.5643301,0.10565568506717682,0.9970674514770508,0.865390419960022
YDL060W,YNL051W,0,-0.56439173,0.10564474016427994,0.9970674514770508,0.8654906153678894
YOL098C,YKR022C,0,-0.5652864,0.10563380271196365,0.9970674514770508,0.8655908703804016
YNL113W,YHR133C,0,-0.5662,0.10562286525964737,0.9970674514770508,0.865691065788269
YPR018W,YOR217W,0,-0.56727034,0.10561192780733109,0.9970674514770508,0.8657913208007812
YPL016W,YNL189W,0,-0.5678052,0.1056009903550148,0.9970674514770508,0.8658915758132935
YDR050C,YOR056C,0,-0.5680219,0.10559006035327911,0.9970674514770508,0.8659917712211609
YCR033W,YGL243W,0,-0.56807816,0.10557913035154343,0.9970674514770508,0.8660920262336731
YOR026W,YPL181W,0,-0.5685816,0.10556820780038834,0.9970674514770508,0.8661922216415405
YPR102C,YLR384C,0,-0.5687994,0.10555727779865265,0.9970674514770508,0.8662924766540527
YCL040W,YLR345W,0,-0.5694347,0.10554635524749756,0.9970674514770508,0.8663927316665649
YPR118W,YPL005W,0,-0.56962055,0.10553544014692307,0.9970674514770508,0.8664929270744324
YDR103W,YLL001W,0,-0.57068026,0.10552451759576797,0.9970674514770508,0.8665931820869446
YGR024C,YMR278W,0,-0.5711689,0.10551360249519348,0.9970674514770508,0.866693377494812
YER147C,YGL092W,0,-0.5722666,0.10550268739461899,0.9970674514770508,0.8667936325073242
YBR237W,YJR046W,0,-0.57342315,0.10549177974462509,0.9970674514770508,0.8668938279151917
YBR175W,YFR024C-A,0,-0.57609224,0.1054808720946312,0.9970674514770508,0.8669940829277039
YDL220C,YDR054C,0,-0.57621896,0.1054699644446373,0.9970674514770508,0.8670943379402161
YDR191W,YDR190C,0,-0.57653356,0.1054590567946434,0.9970674514770508,0.8671945333480835
YDR139C,YML012W,0,-0.5765768,0.1054481565952301,0.9970674514770508,0.8672947883605957
YOR363C,YMR201C,0,-0.5809072,0.1054372563958168,0.9970674514770508,0.8673949837684631
YOR090C,YPL100W,0,-0.5817077,0.1054263561964035,0.9970674514770508,0.8674952387809753
YKR099W,YGR046W,0,-0.5818236,0.1054154634475708,0.9970674514770508,0.8675954937934875
YDL099W,YKR031C,0,-0.5830751,0.1054045706987381,0.9970674514770508,0.867695689201355
YDL134C,YDR273W,0,-0.58328533,0.1053936779499054,0.9970674514770508,0.8677959442138672
YGL227W,YBR044C,0,-0.5836688,0.10538278520107269,0.9970674514770508,0.8678961396217346
YOR229W,YNL176C,0,-0.58424544,0.10537189990282059,0.9970674514770508,0.8679963946342468
YDR394W,YLR248W,0,-0.58473146,0.10536101460456848,0.9970674514770508,0.868096649646759
YKR081C,YLL014W,0,-0.5853508,0.10535013675689697,0.9970674514770508,0.8681968450546265
YDL065C,YCL016C,0,-0.5853833,0.10533925145864487,0.9970674514770508,0.8682971000671387
YNL045W,YHR020W,0,-0.5857924,0.10532837361097336,0.9970674514770508,0.8683972954750061
YML081W,YDR099W,0,-0.5864296,0.10531750321388245,0.9970674514770508,0.8684975504875183
YDL175C,YIL113W,0,-0.5900608,0.10530662536621094,0.9970674514770508,0.8685977458953857
YOR244W,YIR010W,0,-0.5905341,0.10529575496912003,0.9970674514770508,0.868698000907898
YDL110C,YDR506C,0,-0.5908599,0.10528489202260971,0.9970674514770508,0.8687982559204102
YDR176W,YGL115W,0,-0.5913868,0.1052740216255188,0.9970674514770508,0.8688984513282776
YBR107C,YGR047C,0,-0.5928392,0.10526315867900848,0.9970674514770508,0.8689987063407898
YIR010W,YBR046C,0,-0.59475064,0.10525229573249817,0.9970674514770508,0.8690989017486572
YGL141W,YGL023C,0,-0.59530234,0.10524143278598785,0.9970674514770508,0.8691991567611694
YDR489W,YCR042C,0,-0.59601164,0.10523057729005814,0.9970674514770508,0.8692994117736816
YMR038C,YEL031W,1,-0.5977191,0.10532288253307343,0.9980449676513672,0.8692994117736816
YGR008C,YIL041W,0,-0.59796256,0.10531201958656311,0.9980449676513672,0.8693996071815491
YGR142W,YML054C,0,-0.59826577,0.1053011566400528,0.9980449676513672,0.8694998621940613
YJL013C,YEL013W,0,-0.59869576,0.10529029369354248,0.9980449676513672,0.8696000576019287
YOL125W,YPR068C,0,-0.59942627,0.10527943819761276,0.9980449676513672,0.8697003126144409
YAR014C,YHR122W,0,-0.60035646,0.10526858270168304,0.9980449676513672,0.8698005676269531
YDR524C,YLR200W,0,-0.60045135,0.10525773465633392,0.9980449676513672,0.8699007630348206
YHL007C,YPL045W,0,-0.6013138,0.1052468791604042,0.9980449676513672,0.8700010180473328
YDR408C,YPR131C,0,-0.60163695,0.10523603111505508,0.9980449676513672,0.8701012134552002
YKR018C,YMR216C,0,-0.6021404,0.10522519052028656,0.9980449676513672,0.8702014684677124
YML093W,YPL023C,0,-0.6031243,0.10521434247493744,0.9980449676513672,0.8703017234802246
YGR277C,YDR013W,0,-0.60470945,0.10520350188016891,0.9980449676513672,0.870401918888092
YEL047C,YOR034C,0,-0.60664976,0.10519266128540039,0.9980449676513672,0.8705021739006042
YBR065C,YDL235C,0,-0.60785633,0.10518182814121246,0.9980449676513672,0.8706023693084717
YJL138C,YLL036C,0,-0.60800636,0.10517099499702454,0.9980449676513672,0.8707026243209839
YKR077W,YBL075C,0,-0.60883796,0.10516016185283661,0.9980449676513672,0.8708028197288513
YNL025C,YMR214W,0,-0.6091403,0.10514932870864868,0.9980449676513672,0.8709030747413635
YNL186W,YDR519W,0,-0.6092223,0.10513850301504135,0.9980449676513672,0.8710033297538757
YGR129W,YIL062C,0,-0.60933244,0.10512767732143402,0.9980449676513672,0.8711035251617432
YOR151C,YGL133W,0,-0.6108477,0.10511685162782669,0.9980449676513672,0.8712037801742554
YOR269W,YMR161W,0,-0.61338294,0.10510603338479996,0.9980449676513672,0.8713039755821228
YBR167C,YBR258C,0,-0.6138404,0.10509521514177322,0.9980449676513672,0.871404230594635
YER030W,YDR376W,0,-0.61418366,0.10508439689874649,0.9980449676513672,0.8715044856071472
YFL008W,YJL198W,0,-0.61488324,0.10507358610630035,0.9980449676513672,0.8716046810150146
YLR376C,YIL120W,0,-0.6156285,0.10506276786327362,0.9980449676513672,0.8717049360275269
YGL184C,YDL127W,0,-0.6161002,0.10505195707082748,0.9980449676513672,0.8718051314353943
YDR020C,YDR348C,0,-0.6168461,0.10504115372896194,0.9980449676513672,0.8719053864479065
YOL144W,YGL195W,0,-0.6184418,0.1050303503870964,0.9980449676513672,0.8720056414604187
YOL012C,YPL126W,0,-0.6208527,0.10501953959465027,0.9980449676513672,0.8721058368682861
YFR009W,YBL097W,0,-0.6215976,0.10500874370336533,0.9980449676513672,0.8722060918807983
YML004C,YPL144W,0,-0.62189853,0.10499794036149979,0.9980449676513672,0.8723062872886658
YER142C,YMR260C,0,-0.622164,0.10498714447021484,0.9980449676513672,0.872406542301178
YOR358W,YDR071C,0,-0.62359494,0.1049763485789299,0.9980449676513672,0.8725067377090454
YOR217W,YLR148W,0,-0.6240185,0.10496556013822556,0.9980449676513672,0.8726069927215576
YPL055C,YPL155C,0,-0.62493515,0.10495477169752121,0.9980449676513672,0.8727072477340698
YBL093C,YML102W,0,-0.62690663,0.10494398325681686,0.9980449676513672,0.8728074431419373
YGR097W,YDL194W,0,-0.6293363,0.10493319481611252,0.9980449676513672,0.8729076981544495
YPR065W,YGR193C,0,-0.63086075,0.10492241382598877,0.9980449676513672,0.8730078935623169
YMR263W,YOR141C,0,-0.63148135,0.10491163283586502,0.9980449676513672,0.8731081485748291
YPL081W,YKL108W,0,-0.6328101,0.10490085184574127,0.9980449676513672,0.8732084035873413
YJR017C,YDR386W,0,-0.6328596,0.10489007830619812,0.9980449676513672,0.8733085989952087
YNL164C,YJL111W,0,-0.6329434,0.10487930476665497,0.9980449676513672,0.873408854007721
YHR023W,YDL004W,0,-0.6342751,0.10486853122711182,0.9980449676513672,0.8735090494155884
YLR115W,YMR171C,0,-0.6344739,0.10485775768756866,0.9980449676513672,0.8736093044281006
YOR260W,YJR058C,0,-0.63569975,0.10484699159860611,0.9980449676513672,0.8737095594406128
YIL063C,YPL133C,0,-0.6360744,0.10483622550964355,0.9980449676513672,0.8738097548484802
YPR154W,YDR165W,0,-0.63712716,0.104825459420681,0.9980449676513672,0.8739100098609924
YDL165W,YKR098C,0,-0.6388054,0.10481470078229904,0.9980449676513672,0.8740102052688599
YDR482C,YNL064C,0,-0.6400462,0.10480394214391708,0.9980449676513672,0.8741104602813721
YPR118W,YOR086C,0,-0.6409124,0.10479318350553513,0.9980449676513672,0.8742106556892395
YDR130C,YOR190W,0,-0.6413368,0.10478243231773376,0.9980449676513672,0.8743109107017517
YDR279W,YLR370C,0,-0.6418716,0.1047716811299324,0.9980449676513672,0.8744111657142639
YOL049W,YIL090W,0,-0.643693,0.10476092994213104,0.9980449676513672,0.8745113611221313
YNR046W,YHR072W,0,-0.6452962,0.10475017875432968,0.9980449676513672,0.8746116161346436
YPL066W,YDR341C,0,-0.64564407,0.10473943501710892,0.9980449676513672,0.874711811542511
YOR258W,YGR172C,0,-0.65031433,0.10472869127988815,0.9980449676513672,0.8748120665550232
YGL035C,YOL031C,0,-0.65053284,0.10471794754266739,0.9980449676513672,0.8749123215675354
YML010W,YOL078W,0,-0.65241444,0.10470721125602722,0.9980449676513672,0.8750125169754028
YDR265W,YHR200W,0,-0.65500367,0.10469647496938705,0.9980449676513672,0.875112771987915
YMR318C,YPL206C,0,-0.6560357,0.10468573868274689,0.9980449676513672,0.8752129673957825
YPR023C,YJR099W,0,-0.656157,0.10467500239610672,0.9980449676513672,0.8753132224082947
YOL144W,YNR022C,0,-0.6608153,0.10466427356004715,0.9980449676513672,0.8754134774208069
YPL051W,YDL101C,0,-0.66096115,0.10465354472398758,0.9980449676513672,0.8755136728286743
YOL080C,YCR092C,0,-0.66173345,0.1046428233385086,0.9980449676513672,0.8756139278411865
YNL051W,YLL014W,0,-0.66311085,0.10463209450244904,0.9980449676513672,0.875714123249054
YEL071W,YPR034W,0,-0.6634682,0.10462137311697006,0.9980449676513672,0.8758143782615662
YPR118W,YER039C,0,-0.663492,0.10461065918207169,0.9980449676513672,0.8759146332740784
YNL330C,YLR118C,0,-0.6636363,0.10459993779659271,0.9980449676513672,0.8760148286819458
YPR052C,YPR034W,0,-0.66425645,0.10458922386169434,0.9980449676513672,0.876115083694458
YOR362C,YCL039W,0,-0.66490626,0.10457850992679596,0.9980449676513672,0.8762152791023254
YOL012C,YCR081W,0,-0.66655195,0.10456780344247818,0.9980449676513672,0.8763155341148376
YKL216W,YDR490C,0,-0.66701514,0.1045570895075798,0.9980449676513672,0.8764157295227051
YOR326W,YML060W,0,-0.66802794,0.10454638302326202,0.9980449676513672,0.8765159845352173
YBR229C,YNL162W,0,-0.6733032,0.10453568398952484,0.9980449676513672,0.8766162395477295
YBL084C,YJL137C,0,-0.673803,0.10452497750520706,0.9980449676513672,0.8767164349555969
YIL107C,YLR248W,0,-0.67406166,0.10451427847146988,0.9980449676513672,0.8768166899681091
YPR025C,YHR207C,0,-0.6751238,0.1045035794377327,0.9980449676513672,0.8769168853759766
YPR180W,YBR213W,0,-0.67655385,0.10449288785457611,0.9980449676513672,0.8770171403884888
YHR201C,YPR104C,0,-0.67804396,0.10448219627141953,0.9980449676513672,0.877117395401001
YAL041W,YBR288C,0,-0.67826885,0.10447150468826294,0.9980449676513672,0.8772175908088684
YDR531W,YJL154C,0,-0.6789614,0.10446081310510635,0.9980449676513672,0.8773178458213806
YOR129C,YMR283C,0,-0.6800046,0.10445012897253036,0.9980449676513672,0.877418041229248
YBL103C,YFL047W,0,-0.68039507,0.10443944483995438,0.9980449676513672,0.8775182962417603
YJR090C,YOL007C,0,-0.6823679,0.10442876070737839,0.9980449676513672,0.8776185512542725
YOR368W,YOR151C,0,-0.683228,0.104418084025383,0.9980449676513672,0.8777187466621399
YNL229C,YPL190C,0,-0.6833656,0.1044074073433876,0.9980449676513672,0.8778190016746521
YER038C,YDL012C,0,-0.6854819,0.10439673066139221,0.9980449676513672,0.8779191970825195
YLL009C,YDR205W,1,-0.6858772,0.10448829084634781,0.9990224838256836,0.8779191970825195
YHR169W,YIL106W,0,-0.68626213,0.10447761416435242,0.9990224838256836,0.8780194520950317
YLR234W,YPL224C,0,-0.6866928,0.10446693003177643,0.9990224838256836,0.8781196475028992
YMR226C,YBR240C,0,-0.688343,0.10445625334978104,0.9990224838256836,0.8782199025154114
YJR056C,YMR316W,0,-0.6890849,0.10444557666778564,0.9990224838256836,0.8783201575279236
YLR118C,YHR091C,0,-0.69198155,0.10443490743637085,0.9990224838256836,0.878420352935791
YMR268C,YLR039C,0,-0.69236225,0.10442423820495605,0.9990224838256836,0.8785206079483032
YDL141W,YLR214W,0,-0.694908,0.10441356897354126,0.9990224838256836,0.8786208033561707
YLR011W,YIR023W,0,-0.69735205,0.10440289974212646,0.9990224838256836,0.8787210583686829
YBL074C,YNL056W,0,-0.6996583,0.10439223796129227,0.9990224838256836,0.8788213133811951
YIL036W,YJR097W,0,-0.7033586,0.10438157618045807,0.9990224838256836,0.8789215087890625
YBL023C,YBR185C,0,-0.70345104,0.10437091439962387,0.9990224838256836,0.8790217638015747
YOR118W,YIR026C,0,-0.70351124,0.10436026006937027,0.9990224838256836,0.8791219592094421
YOL076W,YGR120C,0,-0.7059461,0.10434959828853607,0.9990224838256836,0.8792222142219543
YIL106W,YOR075W,0,-0.7070825,0.10433895140886307,0.9990224838256836,0.8793224692344666
YGR109C,YHR111W,0,-0.709044,0.10432829707860947,0.9990224838256836,0.879422664642334
YML041C,YKR007W,0,-0.7103713,0.10431765019893646,0.9990224838256836,0.8795229196548462
YLR347C,YER119C,0,-0.71063614,0.10430700331926346,0.9990224838256836,0.8796231150627136
YOR119C,YPL079W,0,-0.7111666,0.10429635643959045,0.9990224838256836,0.8797233700752258
YLR019W,YPL192C,0,-0.71153694,0.10428571701049805,0.9990224838256836,0.8798235654830933
YNL062C,YFR027W,0,-0.7125915,0.10427507758140564,0.9990224838256836,0.8799238204956055
YLR449W,YPL249C-A,0,-0.7168164,0.10426443815231323,0.9990224838256836,0.8800240755081177
YIR003W,YLR426W,0,-0.7176155,0.10425379872322083,0.9990224838256836,0.8801242709159851
YNL221C,YER016W,0,-0.7176311,0.10424316674470901,0.9990224838256836,0.8802245259284973
YNL068C,YGL022W,0,-0.71771705,0.1042325347661972,0.9990224838256836,0.8803247213363647
YEL009C,YLR138W,0,-0.71773493,0.1042219027876854,0.9990224838256836,0.880424976348877
YJL143W,YDR328C,0,-0.71794766,0.10421127825975418,0.9990224838256836,0.8805252313613892
YHR207C,YDR436W,0,-0.71824104,0.10420065373182297,0.9990224838256836,0.8806254267692566
YGR208W,YBR142W,0,-0.7183068,0.10419002920389175,0.9990224838256836,0.8807256817817688
YGL232W,YDR390C,0,-0.7206389,0.10417941212654114,0.9990224838256836,0.8808258771896362
YPR031W,YOR177C,0,-0.7216068,0.10416878759860992,0.9990224838256836,0.8809261322021484
YBR175W,YGL033W,0,-0.7222506,0.10415817052125931,0.9990224838256836,0.8810263872146606
YLR186W,YPL204W,0,-0.72259355,0.10414756089448929,0.9990224838256836,0.8811265826225281
YMR030W,YGR178C,0,-0.72327495,0.10413694381713867,0.9990224838256836,0.8812268376350403
YKR025W,YGL079W,0,-0.7248614,0.10412633419036865,0.9990224838256836,0.8813270330429077
YLR210W,YKL073W,0,-0.7254567,0.10411573201417923,0.9990224838256836,0.8814272880554199
YPL209C,YCR094W,0,-0.72580785,0.10410512238740921,0.9990224838256836,0.8815275430679321
YPL190C,YJL044C,0,-0.72812474,0.10409452021121979,0.9990224838256836,0.8816277384757996
YOR174W,YIL112W,0,-0.7285497,0.10408391803503036,0.9990224838256836,0.8817279934883118
YGR004W,YMR153W,0,-0.72897494,0.10407332330942154,0.9990224838256836,0.8818281888961792
YHR031C,YJL046W,0,-0.7291969,0.10406272113323212,0.9990224838256836,0.8819284439086914
YOR360C,YJL041W,0,-0.72932786,0.10405212640762329,0.9990224838256836,0.8820286393165588
YOR046C,YKL173W,0,-0.72947145,0.10404153168201447,0.9990224838256836,0.882128894329071
YNL035C,YJL104W,0,-0.72967964,0.10403094440698624,0.9990224838256836,0.8822291493415833
YPL217C,YDL150W,0,-0.730107,0.10402035713195801,0.9990224838256836,0.8823293447494507
YPR104C,YLR240W,0,-0.73020697,0.10400976985692978,0.9990224838256836,0.8824295997619629
YBR267W,YNL072W,0,-0.7308367,0.10399918258190155,0.9990224838256836,0.8825297951698303
YML011C,YLR324W,0,-0.73160625,0.10398860275745392,0.9990224838256836,0.8826300501823425
YOL064C,YGL027C,0,-0.73263645,0.10397802293300629,0.9990224838256836,0.8827303051948547
YGR071C,YKL157W,0,-0.73276365,0.10396744310855865,0.9990224838256836,0.8828305006027222
YBR156C,YOR205C,0,-0.73660123,0.10395687073469162,0.9990224838256836,0.8829307556152344
YIL150C,YJL002C,0,-0.7373084,0.10394629836082458,0.9990224838256836,0.8830309510231018
YDR156W,YPL262W,0,-0.73789275,0.10393572598695755,0.9990224838256836,0.883131206035614
YGR158C,YLR172C,0,-0.74005413,0.10392516106367111,0.9990224838256836,0.8832314610481262
YER139C,YKR024C,0,-0.7436932,0.10391458868980408,0.9990224838256836,0.8833316564559937
YDR189W,YJR084W,0,-0.743834,0.10390402376651764,0.9990224838256836,0.8834319114685059
YLR336C,YDR427W,0,-0.7441803,0.1038934662938118,0.9990224838256836,0.8835321068763733
YGR192C,YGR247W,0,-0.7443779,0.10388290137052536,0.9990224838256836,0.8836323618888855
YML114C,YDR080W,0,-0.7446526,0.10387234389781952,0.9990224838256836,0.8837325572967529
YDR228C,YJL186W,0,-0.74547815,0.10386178642511368,0.9990224838256836,0.8838328123092651
YPR066W,YER014W,0,-0.7465745,0.10385123640298843,0.9990224838256836,0.8839330673217773
YJL042W,YMR224C,0,-0.74966025,0.10384068638086319,0.9990224838256836,0.8840332627296448
YMR234W,YLR288C,0,-0.75016713,0.10383013635873795,0.9990224838256836,0.884133517742157
YDR520C,YNL151C,0,-0.7505659,0.1038195863366127,0.9990224838256836,0.8842337131500244
YDR191W,YMR135C,0,-0.75108624,0.10380904376506805,0.9990224838256836,0.8843339681625366
YIL026C,YDR406W,0,-0.7527478,0.10379849374294281,0.9990224838256836,0.8844342231750488
YPR118W,YDR055W,0,-0.7547044,0.10378795862197876,0.9990224838256836,0.8845344185829163
YIR010W,YML120C,0,-0.7577777,0.10377741605043411,0.9990224838256836,0.8846346735954285
YDR469W,YLR240W,0,-0.7603038,0.10376688092947006,0.9990224838256836,0.8847348690032959
YIL091C,YGR157W,0,-0.7612487,0.10375634580850601,0.9990224838256836,0.8848351240158081
YPR019W,YMR023C,0,-0.76179516,0.10374581068754196,0.9990224838256836,0.8849353790283203
YHR169W,YLR298C,0,-0.76200986,0.10373528301715851,0.9990224838256836,0.8850355744361877
YGR097W,YLR170C,0,-0.76272106,0.10372475534677505,0.9990224838256836,0.8851358294487
YOR259C,YDL043C,0,-0.7631031,0.1037142276763916,0.9990224838256836,0.8852360248565674
YDL043C,YDL127W,0,-0.7634157,0.10370370000600815,0.9990224838256836,0.8853362798690796
YDR524C,YGR024C,0,-0.7649572,0.10369317978620529,0.9990224838256836,0.885436475276947
YPR019W,YGL129C,0,-0.76619095,0.10368265956640244,0.9990224838256836,0.8855367302894592
YLR347C,YDR495C,0,-0.7670726,0.10367214679718018,0.9990224838256836,0.8856369853019714
YPL016W,YER006W,0,-0.77143955,0.10366162657737732,0.9990224838256836,0.8857371807098389
YER012W,YDR485C,0,-0.7720877,0.10365111380815506,0.9990224838256836,0.8858374357223511
YDL190C,YPR140W,0,-0.77410024,0.1036406010389328,0.9990224838256836,0.8859376311302185
YIL096C,YGL040C,0,-0.7743991,0.10363009572029114,0.9990224838256836,0.8860378861427307
YLR258W,YBR201W,0,-0.77558255,0.10361959040164948,0.9990224838256836,0.8861381411552429
YCR088W,YDR017C,0,-0.7759638,0.10360908508300781,0.9990224838256836,0.8862383365631104
YPR019W,YDR443C,0,-0.776083,0.10359857976436615,0.9990224838256836,0.8863385915756226
YGL087C,YGR133W,0,-0.77705455,0.10358808189630508,0.9990224838256836,0.88643878698349
YJR084W,YNL082W,0,-0.77769375,0.10357758402824402,0.9990224838256836,0.8865390419960022
YGR116W,YOL001W,0,-0.7807188,0.10356708616018295,0.9990224838256836,0.8866392970085144
YFR050C,YMR208W,0,-0.7851292,0.10355658829212189,0.9990224838256836,0.8867394924163818
YBL091C,YLR023C,0,-0.7875124,0.10354609787464142,0.9990224838256836,0.886839747428894
YBR123C,YFR004W,0,-0.7889242,0.10353560745716095,0.9990224838256836,0.8869399428367615
YDR293C,YOR259C,0,-0.78898424,0.10352512449026108,0.9990224838256836,0.8870401978492737
YJL047C,YIL144W,0,-0.78906465,0.10351463407278061,0.9990224838256836,0.8871403932571411
YNL135C,YHR045W,0,-0.7908273,0.10350415110588074,0.9990224838256836,0.8872406482696533
YDR432W,YKL110C,0,-0.791886,0.10349366813898087,0.9990224838256836,0.8873409032821655
YHL013C,YJL058C,0,-0.79454684,0.10348319262266159,0.9990224838256836,0.887441098690033
YER003C,YML014W,0,-0.7950704,0.10347271710634232,0.9990224838256836,0.8875413537025452
YML026C,YGL016W,0,-0.79597545,0.10346224159002304,0.9990224838256836,0.8876415491104126
YOL067C,YEL003W,0,-0.79715335,0.10345176607370377,0.9990224838256836,0.8877418041229248
YFL044C,YBR142W,0,-0.7977822,0.10344129800796509,0.9990224838256836,0.887842059135437
YOR372C,YAL068C,0,-0.7979233,0.10343082994222641,0.9990224838256836,0.8879422545433044
YBR234C,YGL023C,0,-0.79865134,0.10342036187648773,0.9990224838256836,0.8880425095558167
YHR009C,YEL061C,0,-0.7995548,0.10340989381074905,0.9990224838256836,0.8881427049636841
YER003C,YER031C,0,-0.8014337,0.10339943319559097,0.9990224838256836,0.8882429599761963
YLR347C,YDL145C,0,-0.803437,0.10338897258043289,0.9990224838256836,0.8883432149887085
YGL099W,YHR113W,0,-0.8045671,0.10337851196527481,0.9990224838256836,0.8884434103965759
YJR097W,YFR004W,0,-0.80468094,0.10336805880069733,0.9990224838256836,0.8885436654090881
YDR318W,YNL250W,0,-0.80530095,0.10335760563611984,0.9990224838256836,0.8886438608169556
YHR167W,YJL184W,0,-0.80558383,0.10334715247154236,0.9990224838256836,0.8887441158294678
YLR117C,YGL136C,0,-0.8062732,0.10333670675754547,0.9990224838256836,0.88884437084198
YLR085C,YNL257C,0,-0.80671346,0.10332625359296799,0.9990224838256836,0.8889445662498474
YHR076W,YML098W,0,-0.80932665,0.1033158078789711,0.9990224838256836,0.8890448212623596
YBL037W,YDL135C,0,-0.8112893,0.10330536961555481,0.9990224838256836,0.889145016670227
YGL099W,YNR019W,0,-0.8134345,0.10329492390155792,0.9990224838256836,0.8892452716827393
YDR088C,YDL209C,0,-0.8141544,0.10328448563814163,0.9990224838256836,0.8893454670906067
YPL266W,YBR048W,0,-0.81433475,0.10327404737472534,0.9990224838256836,0.8894457221031189
YKL191W,YFL034C-A,0,-0.816008,0.10326361656188965,0.9990224838256836,0.8895459771156311
YMR021C,YPL164C,0,-0.81606054,0.10325318574905396,0.9990224838256836,0.8896461725234985
YDR202C,YNL009W,0,-0.81635106,0.10324275493621826,0.9990224838256836,0.8897464275360107
YDR141C,YJL183W,0,-0.8164835,0.10323232412338257,0.9990224838256836,0.8898466229438782
YPR081C,YNL272C,0,-0.81704086,0.10322189331054688,0.9990224838256836,0.8899468779563904
YGL240W,YDR408C,0,-0.81734335,0.10321146994829178,0.9990224838256836,0.8900471329689026
YLR175W,YPR034W,0,-0.82004035,0.10320104658603668,0.9990224838256836,0.89014732837677
YBL103C,YDR032C,0,-0.8225002,0.10319063067436218,0.9990224838256836,0.8902475833892822
YHR197W,YGR152C,0,-0.82329524,0.10318021476268768,0.9990224838256836,0.8903477787971497
YDR524C,YGR271C-A,0,-0.8241873,0.10316979885101318,0.9990224838256836,0.8904480338096619
YHR031C,YLR246W,0,-0.8250414,0.10315938293933868,0.9990224838256836,0.8905482888221741
YLR017W,YBL069W,0,-0.82541275,0.10314896702766418,0.9990224838256836,0.8906484842300415
YDR118W,YNL097C,0,-0.827267,0.10313855856657028,0.9990224838256836,0.8907487392425537
YDR367W,YDR134C,0,-0.8285922,0.10312815010547638,0.9990224838256836,0.8908489346504211
YFR004W,YPL169C,0,-0.829428,0.10311774909496307,0.9990224838256836,0.8909491896629333
YHR010W,YMR282C,0,-0.82969004,0.10310734808444977,0.9990224838256836,0.8910493850708008
YDL220C,YEL013W,0,-0.8299205,0.10309694707393646,0.9990224838256836,0.891149640083313
YDR324C,YDR322W,0,-0.83136547,0.10308654606342316,0.9990224838256836,0.8912498950958252
YBL074C,YNL312W,0,-0.83355224,0.10307614505290985,0.9990224838256836,0.8913500905036926
YDR330W,YBL027W,0,-0.83364606,0.10306575149297714,0.9990224838256836,0.8914503455162048
YGR090W,YBR164C,0,-0.8344039,0.10305535793304443,0.9990224838256836,0.8915505409240723
YMR002W,YOR057W,0,-0.8360557,0.10304497182369232,0.9990224838256836,0.8916507959365845
YBL055C,YBL016W,0,-0.83636147,0.10303457826375961,0.9990224838256836,0.8917510509490967
YNL245C,YNL054W,0,-0.838084,0.1030241921544075,0.9990224838256836,0.8918512463569641
YDL134C,YHL003C,0,-0.83864325,0.10301380604505539,0.9990224838256836,0.8919515013694763
YMR002W,YPR066W,0,-0.84000325,0.10300342738628387,0.9990224838256836,0.8920516967773438
YGL243W,YAL015C,0,-0.8410465,0.10299304872751236,0.9990224838256836,0.892151951789856
YBL004W,YGL129C,0,-0.84185195,0.10298267006874084,0.9990224838256836,0.8922522068023682
YPL031C,YGR156W,0,-0.84609383,0.10297229140996933,0.9990224838256836,0.8923524022102356
YIL097W,YIL031W,0,-0.8495834,0.10296192020177841,0.9990224838256836,0.8924526572227478
YOR295W,YPR188C,0,-0.8497432,0.1029515489935875,0.9990224838256836,0.8925528526306152
YDR054C,YLR460C,0,-0.8550595,0.10294117778539658,0.9990224838256836,0.8926531076431274
YJR056C,YML085C,0,-0.8566519,0.10293080657720566,0.9990224838256836,0.8927533030509949
YCR027C,YML060W,0,-0.8600813,0.10292044281959534,0.9990224838256836,0.8928535580635071
YHR027C,YDR108W,0,-0.8626584,0.10291007906198502,0.9990224838256836,0.8929538130760193
YKR095W,YCR016W,0,-0.86369896,0.1028997153043747,0.9990224838256836,0.8930540084838867
YBR073W,YGR241C,0,-0.8649168,0.10288935899734497,0.9990224838256836,0.8931542634963989
YNL064C,YOR341W,0,-0.8670745,0.10287900269031525,0.9990224838256836,0.8932544589042664
YDR266C,YLR221C,0,-0.86737585,0.10286864638328552,0.9990224838256836,0.8933547139167786
YOR133W,YNL244C,0,-0.867449,0.1028582900762558,0.9990224838256836,0.8934549689292908
YBR237W,YDL139C,0,-0.86928874,0.10284794121980667,0.9990224838256836,0.8935551643371582
YJR052W,YFL034C-A,0,-0.8724316,0.10283759236335754,0.9990224838256836,0.8936554193496704
YOL067C,YLR332W,0,-0.8734697,0.10282724350690842,0.9990224838256836,0.8937556147575378
YKL017C,YDR386W,0,-0.87502325,0.10281690210103989,0.9990224838256836,0.89385586977005
YFR010W,YMR166C,0,-0.8771642,0.10280656069517136,0.9990224838256836,0.8939561247825623
YNL245C,YLR118C,0,-0.87742996,0.10279621928930283,0.9990224838256836,0.8940563201904297
YHR133C,YER020W,0,-0.8788562,0.1027858778834343,0.9990224838256836,0.8941565752029419
YLR424W,YER023W,0,-0.8794832,0.10277554392814636,0.9990224838256836,0.8942567706108093
YPL193W,YDR452W,0,-0.8805266,0.10276520997285843,0.9990224838256836,0.8943570256233215
YDR191W,YPR034W,0,-0.8847507,0.1027548760175705,0.9990224838256836,0.8944572806358337
YNL119W,YJL118W,0,-0.88665664,0.10274454951286316,0.9990224838256836,0.8945574760437012
YGL097W,YJL048C,0,-0.89190626,0.10273421555757523,0.9990224838256836,0.8946577310562134
YEL011W,YGL048C,0,-0.89401364,0.10272388905286789,0.9990224838256836,0.8947579264640808
YGL254W,YHR017W,0,-0.8952782,0.10271356999874115,0.9990224838256836,0.894858181476593
YOL097C,YLR056W,0,-0.89544153,0.10270324349403381,0.9990224838256836,0.8949583768844604
YEL039C,YJL020C,0,-0.89604974,0.10269292443990707,0.9990224838256836,0.8950586318969727
YNL248C,YDL002C,0,-0.8964865,0.10268260538578033,0.9990224838256836,0.8951588869094849
YDL043C,YBR200W,0,-0.8967145,0.10267229378223419,0.9990224838256836,0.8952590823173523
YDR180W,YKL154W,0,-0.89682966,0.10266198217868805,0.9990224838256836,0.8953593373298645
YOR197W,YHR046C,0,-0.89768183,0.1026516705751419,0.9990224838256836,0.8954595327377319
YDL020C,YLR362W,0,-0.8978212,0.10264135897159576,0.9990224838256836,0.8955597877502441
YDL134C,YCR044C,0,-0.89924,0.10263104736804962,0.9990224838256836,0.8956600427627563
YGL035C,YDL145C,0,-0.9020883,0.10262074321508408,0.9990224838256836,0.8957602381706238
YPR120C,YDL093W,0,-0.90257263,0.10261043906211853,0.9990224838256836,0.895860493183136
YLR337C,YDR427W,0,-0.90496397,0.10260014235973358,0.9990224838256836,0.8959606885910034
YOR124C,YML023C,0,-0.90602326,0.10258983820676804,0.9990224838256836,0.8960609436035156
YPL075W,YLR320W,0,-0.90667915,0.10257954150438309,0.9990224838256836,0.8961611986160278
YDR510W,YDR009W,0,-0.90990293,0.10256925225257874,0.9990224838256836,0.8962613940238953
YPL115C,YLL022C,0,-0.9104167,0.10255895555019379,0.9990224838256836,0.8963616490364075
YHR167W,YDR420W,0,-0.9108763,0.10254866629838943,0.9990224838256836,0.8964618444442749
YDR075W,YDL161W,0,-0.91306436,0.10253837704658508,0.9990224838256836,0.8965620994567871
YJL090C,YDR341C,0,-0.9146931,0.10252808779478073,0.9990224838256836,0.8966622948646545
YKL139W,YOR381W,0,-0.91568804,0.10251780599355698,0.9990224838256836,0.8967625498771667
YPR168W,YKL213C,0,-0.916026,0.10250752419233322,0.9990224838256836,0.896862804889679
YJL123C,YDR256C,0,-0.91634834,0.10249724239110947,0.9990224838256836,0.8969630002975464
YER174C,YDL104C,0,-0.9163592,0.10248696058988571,0.9990224838256836,0.8970632553100586
YKR099W,YDR420W,0,-0.9258027,0.10247668623924255,0.9990224838256836,0.897163450717926
YLR371W,YDL144C,0,-0.9283875,0.1024664118885994,0.9990224838256836,0.8972637057304382
YIL148W,YHR044C,0,-0.929749,0.10245613753795624,0.9990224838256836,0.8973639607429504
YPL209C,YDL108W,0,-0.93136954,0.10244587063789368,0.9990224838256836,0.8974641561508179
YFL002C,YOL152W,0,-0.93207204,0.10243560373783112,0.9990224838256836,0.8975644111633301
YIR009W,YDR100W,0,-0.9325801,0.10242533683776855,0.9990224838256836,0.8976646065711975
YLR106C,YKL183W,0,-0.9332067,0.102415069937706,0.9990224838256836,0.8977648615837097
YHR178W,YHR183W,0,-0.9332284,0.10240481048822403,0.9990224838256836,0.8978651165962219
YJL090C,YML104C,0,-0.93582726,0.10239455103874207,0.9990224838256836,0.8979653120040894
YAR008W,YDR346C,0,-0.9358704,0.1023842915892601,0.9990224838256836,0.8980655670166016
YOR264W,YNL045W,0,-0.93715394,0.10237403213977814,0.9990224838256836,0.898165762424469
YML076C,YGR244C,0,-0.9395478,0.10236378014087677,0.9990224838256836,0.8982660174369812
YDR266C,YDR267C,0,-0.94059706,0.1023535281419754,0.9990224838256836,0.8983662128448486
YNL166C,YFL049W,0,-0.944437,0.10234328359365463,0.9990224838256836,0.8984664678573608
YGR128C,YMR060C,0,-0.94819975,0.10233303159475327,0.9990224838256836,0.898566722869873
YFL002C,YHR027C,0,-0.94886494,0.1023227870464325,0.9990224838256836,0.8986669182777405
YGR104C,YBR022W,0,-0.94993484,0.10231254249811172,0.9990224838256836,0.8987671732902527
YER027C,YPR097W,0,-0.9507363,0.10230230540037155,0.9990224838256836,0.8988673686981201
YNL036W,YOL149W,0,-0.9513266,0.10229206085205078,0.9990224838256836,0.8989676237106323
YDR050C,YOR241W,0,-0.95149755,0.10228182375431061,0.9990224838256836,0.8990678787231445
YER118C,YPL215W,0,-0.9518882,0.10227158665657043,0.9990224838256836,0.899168074131012
YJR049C,YGL048C,0,-0.9551027,0.10226135700941086,0.9990224838256836,0.8992683291435242
YLR345W,YDR390C,0,-0.9554018,0.10225112736225128,0.9990224838256836,0.8993685245513916
YDR465C,YLR381W,0,-0.9558128,0.1022408977150917,0.9990224838256836,0.8994687795639038
YJR123W,YPL210C,0,-0.9579779,0.10223066806793213,0.9990224838256836,0.899569034576416
YMR220W,YDR434W,0,-0.95820916,0.10222044587135315,0.9990224838256836,0.8996692299842834
YOR249C,YDR294C,0,-0.95907044,0.10221022367477417,0.9990224838256836,0.8997694849967957
YHR081W,YJL014W,0,-0.95918226,0.10220000147819519,0.9990224838256836,0.8998696804046631
YGL157W,YOR131C,0,-0.96074116,0.10218977928161621,0.9990224838256836,0.8999699354171753
YDR301W,YDL076C,0,-0.962512,0.10217956453561783,0.9990224838256836,0.9000701904296875
YMR076C,YPR046W,0,-0.9643326,0.10216934978961945,0.9990224838256836,0.9001703858375549
YBR087W,YGR188C,0,-0.9644339,0.10215913504362106,0.9990224838256836,0.9002706408500671
YDR438W,YER122C,0,-0.96454716,0.10214892774820328,0.9990224838256836,0.9003708362579346
YPL108W,YGL064C,0,-0.9673308,0.10213872045278549,0.9990224838256836,0.9004710912704468
YDR155C,YJR033C,0,-0.9675906,0.1021285131573677,0.9990224838256836,0.9005712866783142
YLR421C,YFL034C-B,0,-0.9677324,0.10211830586194992,0.9990224838256836,0.9006715416908264
YDL115C,YNL086W,0,-0.9686384,0.10210810601711273,0.9990224838256836,0.9007717967033386
YOR115C,YKR090W,0,-0.96866834,0.10209789872169495,0.9990224838256836,0.900871992111206
YAR014C,YDL101C,0,-0.9702009,0.10208770632743835,0.9990224838256836,0.9009722471237183
YML095C,YBR056W,0,-0.97158825,0.10207750648260117,0.9990224838256836,0.9010724425315857
YER124C,YGL139W,0,-0.9722533,0.10206731408834457,0.9990224838256836,0.9011726975440979
YPL217C,YDR346C,0,-0.97341025,0.10205712169408798,0.9990224838256836,0.9012729525566101
YER070W,YPL043W,0,-0.97341585,0.10204692929983139,0.9990224838256836,0.9013731479644775
YMR263W,YOR242C,0,-0.9750749,0.1020367443561554,0.9990224838256836,0.9014734029769897
YOR269W,YNL207W,0,-0.97722566,0.1020265519618988,0.9990224838256836,0.9015735983848572
YDL129W,YBR200W,0,-0.9772612,0.10201636701822281,0.9990224838256836,0.9016738533973694
YOR120W,YBL008W,0,-0.97760653,0.10200618952512741,0.9990224838256836,0.9017741084098816
YDR480W,YPL164C,0,-0.98028183,0.10199600458145142,0.9990224838256836,0.901874303817749
YER155C,YER164W,0,-0.9803307,0.10198582708835602,0.9990224838256836,0.9019745588302612
YML004C,YER102W,0,-0.9807427,0.10197565704584122,0.9990224838256836,0.9020747542381287
YER174C,YBR152W,0,-0.9826555,0.10196547955274582,0.9990224838256836,0.9021750092506409
YLR398C,YPR070W,0,-0.9830017,0.10195530951023102,0.9990224838256836,0.9022752046585083
YDL165W,YBR245C,0,-0.98303115,0.10194513946771622,0.9990224838256836,0.9023754596710205
YLR376C,YDL166C,0,-0.9836881,0.10193496942520142,0.9990224838256836,0.9024757146835327
YFR009W,YDR279W,0,-0.98379636,0.10192479938268661,0.9990224838256836,0.9025759100914001
YML076C,YOR265W,0,-0.9856167,0.10191463679075241,0.9990224838256836,0.9026761651039124
YMR164C,YLR007W,0,-0.9916252,0.1019044741988182,0.9990224838256836,0.9027763605117798
YKL058W,YGR208W,0,-0.9919609,0.1018943190574646,0.9990224838256836,0.902876615524292
YGL078C,YHL050C,0,-0.99275696,0.1018841564655304,0.9990224838256836,0.9029768705368042
YDL188C,YOL100W,0,-0.99420667,0.10187400132417679,0.9990224838256836,0.9030770659446716
YBR211C,YIL157C,0,-0.9954276,0.10186384618282318,0.9990224838256836,0.9031773209571838
YPL256C,YOR197W,0,-0.9955127,0.10185369849205017,0.9990224838256836,0.9032775163650513
YHR009C,YDR057W,0,-0.9965855,0.10184355080127716,0.9990224838256836,0.9033777713775635
YNL088W,YIR004W,0,-0.9970778,0.10183340311050415,0.9990224838256836,0.9034780263900757
YMR236W,YKR064W,0,-0.9974227,0.10182325541973114,0.9990224838256836,0.9035782217979431
YDL110C,YDL145C,0,-0.9985714,0.10181310772895813,0.9990224838256836,0.9036784768104553
YDR266C,YJR086W,0,-0.99884117,0.10180296748876572,0.9990224838256836,0.9037786722183228
YCL050C,YNL130C,0,-1.0001068,0.1017928272485733,0.9990224838256836,0.903878927230835
YGR223C,YPL101W,0,-1.0014343,0.10178269445896149,0.9990224838256836,0.9039791226387024
YCL063W,YDR023W,0,-1.0019791,0.10177255421876907,0.9990224838256836,0.9040793776512146
YDR520C,YGL043W,0,-1.0021148,0.10176242142915726,0.9990224838256836,0.9041796326637268
YLR275W,YOR198C,0,-1.0033067,0.10175228863954544,0.9990224838256836,0.9042798280715942
YOR269W,YLR424W,0,-1.0034461,0.10174216330051422,0.9990224838256836,0.9043800830841064
YJL145W,YNL119W,0,-1.0046829,0.1017320305109024,0.9990224838256836,0.9044802784919739
YNL183C,YGR104C,0,-1.0063509,0.10172190517187119,0.9990224838256836,0.9045805335044861
YER040W,YBL005W,0,-1.0071552,0.10171177983283997,0.9990224838256836,0.9046807885169983
YPR184W,YER113C,0,-1.0073211,0.10170166194438934,0.9990224838256836,0.9047809839248657
YMR277W,YGL021W,0,-1.0099739,0.10169154405593872,0.9990224838256836,0.9048812389373779
YDR324C,YGL002W,0,-1.0136108,0.1016814261674881,0.9990224838256836,0.9049814343452454
YKL079W,YLR178C,0,-1.0155058,0.10167130827903748,0.9990224838256836,0.9050816893577576
YPR118W,YNL038W,0,-1.016897,0.10166119784116745,0.9990224838256836,0.9051819443702698
YKL048C,YLR310C,0,-1.0177515,0.10165108740329742,0.9990224838256836,0.9052821397781372
YLR032W,YPR033C,0,-1.0181383,0.1016409769654274,0.9990224838256836,0.9053823947906494
YPR143W,YBR201W,0,-1.0183063,0.10163086652755737,0.9990224838256836,0.9054825901985168
YGL133W,YNL185C,0,-1.0187478,0.10162076354026794,0.9990224838256836,0.905582845211029
YGR091W,YML018C,0,-1.0190153,0.10161066055297852,0.9990224838256836,0.9056831002235413
YLR221C,YNL029C,0,-1.0202568,0.10160055756568909,0.9990224838256836,0.9057832956314087
YIL153W,YLR011W,0,-1.0218143,0.10159045457839966,0.9990224838256836,0.9058835506439209
YCL016C,YPL140C,0,-1.0219928,0.10158035904169083,0.9990224838256836,0.9059837460517883
YGL093W,YML034W,0,-1.0223016,0.101570263504982,0.9990224838256836,0.9060840010643005
YBR060C,YDR128W,0,-1.0225828,0.10156016796827316,0.9990224838256836,0.906184196472168
YBL002W,YLR084C,0,-1.0229938,0.10155007988214493,0.9990224838256836,0.9062844514846802
YPR025C,YKR081C,0,-1.0242598,0.1015399917960167,0.9990224838256836,0.9063847064971924
YLR216C,YKR046C,0,-1.0244298,0.10152990370988846,0.9990224838256836,0.9064849019050598
YJR068W,YMR314W,0,-1.0250337,0.10151981562376022,0.9990224838256836,0.906585156917572
YFR050C,YFR016C,0,-1.0251247,0.10150973498821259,0.9990224838256836,0.9066853523254395
YMR012W,YML086C,0,-1.0251551,0.10149965435266495,0.9990224838256836,0.9067856073379517
YOR319W,YNL217W,0,-1.0297153,0.10148957371711731,0.9990224838256836,0.9068858623504639
YER143W,YLR079W,0,-1.0298264,0.10147949308156967,0.9990224838256836,0.9069860577583313
YJR145C,YER149C,0,-1.0301229,0.10146941989660263,0.9990224838256836,0.9070863127708435
YMR199W,YIL019W,0,-1.0322043,0.10145934671163559,0.9990224838256836,0.9071865081787109
YDR248C,YBR254C,0,-1.0339587,0.10144927352666855,0.9990224838256836,0.9072867631912231
YMR201C,YJL076W,0,-1.0340123,0.1014392077922821,0.9990224838256836,0.9073870182037354
YCR096C,YDR387C,0,-1.0340577,0.10142914205789566,0.9990224838256836,0.9074872136116028
YKR060W,YCR024C-A,0,-1.035222,0.10141907632350922,0.9990224838256836,0.907587468624115
YDR328C,YOL018C,0,-1.0375807,0.10140901058912277,0.9990224838256836,0.9076876640319824
YBL046W,YKR029C,0,-1.0380551,0.10139894485473633,0.9990224838256836,0.9077879190444946
YML063W,YHR104W,0,-1.0394378,0.10138888657093048,0.9990224838256836,0.9078881144523621
YDR201W,YDR191W,0,-1.0394678,0.10137882828712463,0.9990224838256836,0.9079883694648743
YML076C,YLR265C,0,-1.0395346,0.10136877745389938,0.9990224838256836,0.9080886244773865
YGL099W,YJL099W,0,-1.0399482,0.10135871917009354,0.9990224838256836,0.9081888198852539
YDR168W,YBR211C,0,-1.0462568,0.10134866833686829,0.9990224838256836,0.9082890748977661
YMR277W,YGR181W,0,-1.0469239,0.10133862495422363,0.9990224838256836,0.9083892703056335
YGR205W,YPL120W,0,-1.0482808,0.10132857412099838,0.9990224838256836,0.9084895253181458
YOR144C,YDR210W,0,-1.0509446,0.10131853073835373,0.9990224838256836,0.908589780330658
YDR328C,YDR435C,0,-1.051881,0.10130848735570908,0.9990224838256836,0.9086899757385254
YGR156W,YJR076C,0,-1.0541855,0.10129844397306442,0.9990224838256836,0.9087902307510376
YKR080W,YIL129C,0,-1.0546049,0.10128840804100037,0.9990224838256836,0.908890426158905
YDR191W,YPR168W,0,-1.054908,0.10127836465835571,0.9990224838256836,0.9089906811714172
YJR052W,YPR075C,0,-1.0551634,0.10126832872629166,0.9990224838256836,0.9090909361839294
YMR268C,YOR312C,0,-1.0577568,0.1012583002448082,0.9990224838256836,0.9091911315917969
YOL144W,YDR397C,0,-1.0589272,0.10124826431274414,0.9990224838256836,0.9092913866043091
YDR318W,YER060W,0,-1.0597241,0.10123823583126068,0.9990224838256836,0.9093915820121765
YPR161C,YDR244W,0,-1.0604401,0.10122820734977722,0.9990224838256836,0.9094918370246887
YNL272C,YKL183W,0,-1.0610013,0.10121818631887436,0.9990224838256836,0.9095920324325562
YBL004W,YOR059C,0,-1.0621707,0.1012081578373909,0.9990224838256836,0.9096922874450684
YJL076W,YKL021C,0,-1.0631267,0.10119813680648804,0.9990224838256836,0.9097925424575806
YJL074C,YIL155C,0,-1.0631889,0.10118811577558517,0.9990224838256836,0.909892737865448
YLR337C,YFR027W,0,-1.0633543,0.10117810219526291,0.9990224838256836,0.9099929928779602
YHR113W,YCR036W,0,-1.0638437,0.10116808861494064,0.9990224838256836,0.9100931882858276
YIL056W,YDR361C,0,-1.0653772,0.10115807503461838,0.9990224838256836,0.9101934432983398
YJL013C,YHR184W,0,-1.0661644,0.10114806145429611,0.9990224838256836,0.910293698310852
YER124C,YCL017C,0,-1.0679684,0.10113804787397385,0.9990224838256836,0.9103938937187195
YPL037C,YPL220W,0,-1.0707183,0.10112804174423218,0.9990224838256836,0.9104941487312317
YHR009C,YKL198C,0,-1.0720233,0.10111803561449051,0.9990224838256836,0.9105943441390991
YDR098C,YML014W,0,-1.0747877,0.10110803693532944,0.9990224838256836,0.9106945991516113
YDR247W,YER012W,0,-1.07937,0.10109803080558777,0.9990224838256836,0.9107948541641235
YDR412W,YOL132W,0,-1.0811737,0.1010880321264267,0.9990224838256836,0.910895049571991
YLR032W,YER153C,0,-1.085379,0.10107803344726562,0.9990224838256836,0.9109953045845032
YGR078C,YDR189W,0,-1.0869042,0.10106803476810455,0.9990224838256836,0.9110954999923706
YER124C,YHR102W,0,-1.0877734,0.10105804353952408,0.9990224838256836,0.9111957550048828
YDL115C,YDL153C,0,-1.0902936,0.1010480523109436,0.9990224838256836,0.911296010017395
YMR170C,YPR166C,0,-1.0941072,0.10103806108236313,0.9990224838256836,0.9113962054252625
YML096W,YDR483W,0,-1.094246,0.10102807730436325,0.9990224838256836,0.9114964604377747
YDR480W,YOR380W,0,-1.0945408,0.10101808607578278,0.9990224838256836,0.9115966558456421
YMR164C,YIL090W,0,-1.0967596,0.1010081022977829,0.9990224838256836,0.9116969108581543
YNL136W,YER033C,0,-1.097284,0.10099812597036362,0.9990224838256836,0.9117971062660217
YOR189W,YLR408C,0,-1.0990885,0.10098814219236374,0.9990224838256836,0.9118973612785339
YGL093W,YKL018W,0,-1.0997722,0.10097816586494446,0.9990224838256836,0.9119976162910461
YOL049W,YGL201C,0,-1.1011643,0.10096818953752518,0.9990224838256836,0.9120978116989136
YDR103W,YOR328W,0,-1.101466,0.1009582132101059,0.9990224838256836,0.9121980667114258
YHR052W,YGL136C,0,-1.1036928,0.10094824433326721,0.9990224838256836,0.9122982621192932
YGR274C,YPL012W,0,-1.1037767,0.10093826800584793,0.9990224838256836,0.9123985171318054
YBR119W,YGR212W,0,-1.1051626,0.10092830657958984,0.9990224838256836,0.9124987721443176
YDR409W,YOL096C,0,-1.1052423,0.10091833770275116,0.9990224838256836,0.9125989675521851
YEL019C,YDR288W,0,-1.1056434,0.10090837627649307,0.9990224838256836,0.9126992225646973
YPL030W,YLR336C,0,-1.1057158,0.10089840739965439,0.9990224838256836,0.9127994179725647
YDR122W,YLL011W,0,-1.1062037,0.1008884534239769,0.9990224838256836,0.9128996729850769
YJL047C,YGL137W,0,-1.1062613,0.10087849199771881,0.9990224838256836,0.9129999279975891
YJR052W,YBR021W,0,-1.1063278,0.10086853802204132,0.9990224838256836,0.9131001234054565
YFR005C,YIL085C,0,-1.1063536,0.10085858404636383,0.9990224838256836,0.9132003784179688
YGR007W,YGL038C,0,-1.107478,0.10084863007068634,0.9990224838256836,0.9133005738258362
YOL097C,YPL101W,0,-1.1081631,0.10083867609500885,0.9990224838256836,0.9134008288383484
YIR003W,YDR104C,0,-1.1096365,0.10082872956991196,0.9990224838256836,0.9135010242462158
YMR268C,YGR006W,0,-1.1104349,0.10081878304481506,0.9990224838256836,0.913601279258728
YBR088C,YPL186C,0,-1.1107401,0.10080883651971817,0.9990224838256836,0.9137015342712402
YIL112W,YNR073C,0,-1.1110344,0.10079889744520187,0.9990224838256836,0.9138017296791077
YBL035C,YDR096W,0,-1.1127592,0.10078895092010498,0.9990224838256836,0.9139019846916199
YNL123W,YHL009C,0,-1.1129086,0.10077901929616928,0.9990224838256836,0.9140021800994873
YJR135C,YBR167C,0,-1.1182153,0.10076908022165298,0.9990224838256836,0.9141024351119995
YMR021C,YOR067C,0,-1.1188529,0.10075914114713669,0.9990224838256836,0.9142026901245117
YLR406C,YOR252W,0,-1.121935,0.10074920952320099,0.9990224838256836,0.9143028855323792
YOR073W,YER169W,0,-1.121942,0.10073927789926529,0.9990224838256836,0.9144031405448914
YNL113W,YJL121C,0,-1.1245574,0.10072935372591019,0.9990224838256836,0.9145033359527588
YDR425W,YMR021C,0,-1.124958,0.10071942210197449,0.9990224838256836,0.914603590965271
YNL151C,YPL210C,0,-1.1258669,0.10070949792861938,0.9990224838256836,0.9147038459777832
YGL246C,YER140W,0,-1.1262484,0.10069957375526428,0.9990224838256836,0.9148040413856506
YPL066W,YBR301W,0,-1.126254,0.10068965703248978,0.9990224838256836,0.9149042963981628
YJR126C,YER127W,0,-1.1274167,0.10067973285913467,0.9990224838256836,0.9150044918060303
YOR252W,YMR199W,0,-1.1276355,0.10066981613636017,0.9990224838256836,0.9151047468185425
YML114C,YKR062W,0,-1.1276531,0.10065990686416626,0.9990224838256836,0.9152049422264099
YBR169C,YLR324W,0,-1.1286299,0.10064999014139175,0.9990224838256836,0.9153051972389221
YPR188C,YOL006C,0,-1.1337926,0.10064008086919785,0.9990224838256836,0.9154054522514343
YOL125W,YDR463W,0,-1.1345974,0.10063017159700394,0.9990224838256836,0.9155056476593018
YHR167W,YDR435C,0,-1.1367779,0.10062026232481003,0.9990224838256836,0.915605902671814
YMR037C,YDR097C,0,-1.1377816,0.10061035305261612,0.9990224838256836,0.9157060980796814
YEL050C,YPL023C,0,-1.1394517,0.10060045123100281,0.9990224838256836,0.9158063530921936
YGL246C,YDL033C,0,-1.1396105,0.1005905494093895,0.9990224838256836,0.9159066081047058
YDR324C,YGL141W,0,-1.142924,0.10058065503835678,0.9990224838256836,0.9160068035125732
YGL157W,YIL101C,0,-1.1432638,0.10057075321674347,0.9990224838256836,0.9161070585250854
YJR135C,YNR019W,0,-1.1453532,0.10056085884571075,0.9990224838256836,0.9162072539329529
YPL198W,YDR466W,0,-1.14732,0.10055096447467804,0.9990224838256836,0.9163075089454651
YIR010W,YPR021C,0,-1.1489344,0.10054107010364532,0.9990224838256836,0.9164077639579773
YJL179W,YGL013C,0,-1.1491544,0.1005311831831932,0.9990224838256836,0.9165079593658447
YDR299W,YDR169C,0,-1.1496118,0.10052129626274109,0.9990224838256836,0.9166082143783569
YOR018W,YBL060W,0,-1.1501133,0.10051140934228897,0.9990224838256836,0.9167084097862244
YLL039C,YDR513W,0,-1.1506587,0.10050152242183685,0.9990224838256836,0.9168086647987366
YIL137C,YOR354C,0,-1.1516778,0.10049164295196533,0.9990224838256836,0.9169089198112488
YDR325W,YDR398W,0,-1.1572526,0.10048176348209381,0.9990224838256836,0.9170091152191162
YDR368W,YLR418C,0,-1.1574948,0.10047188401222229,0.9990224838256836,0.9171093702316284
YPR188C,YPR068C,0,-1.159165,0.10046200454235077,0.9990224838256836,0.9172095656394958
YDR531W,YOL139C,0,-1.1592159,0.10045213252305984,0.9990224838256836,0.9173098206520081
YHL009C,YBR214W,0,-1.1596041,0.10044226050376892,0.9990224838256836,0.9174100160598755
YKL184W,YDR412W,0,-1.1597998,0.100432388484478,0.9990224838256836,0.9175102710723877
YKR010C,YDR398W,0,-1.1607592,0.10042252391576767,0.9990224838256836,0.9176105260848999
YGL073W,YAR007C,0,-1.1619167,0.10041265189647675,0.9990224838256836,0.9177107214927673
YDR074W,YNL051W,0,-1.1624615,0.10040278732776642,0.9990224838256836,0.9178109765052795
YLR424W,YGL171W,0,-1.16258,0.10039293020963669,0.9990224838256836,0.917911171913147
YGL016W,YKL008C,0,-1.1632688,0.10038306564092636,0.9990224838256836,0.9180114269256592
YNR011C,YOR046C,0,-1.1635045,0.10037320852279663,0.9990224838256836,0.9181116819381714
YOR258W,YMR262W,0,-1.1643071,0.1003633514046669,0.9990224838256836,0.9182118773460388
YML022W,YLR007W,0,-1.1652609,0.10035349428653717,0.9990224838256836,0.918312132358551
YBR055C,YJL058C,0,-1.1658969,0.10034364461898804,0.9990224838256836,0.9184123277664185
YNR049C,YHR161C,0,-1.1701274,0.1003337949514389,0.9990224838256836,0.9185125827789307
YER143W,YHR122W,0,-1.1707478,0.10032394528388977,0.9990224838256836,0.9186128377914429
YNL330C,YML010W,0,-1.1757537,0.10031409561634064,0.9990224838256836,0.9187130331993103
YLR055C,YJR088C,0,-1.1772856,0.1003042533993721,0.9990224838256836,0.9188132882118225
YDR237W,YOR278W,0,-1.1773478,0.10029440373182297,0.9990224838256836,0.9189134836196899
YAR015W,YKL027W,0,-1.1803486,0.10028456151485443,0.9990224838256836,0.9190137386322021
YPL115C,YNL077W,0,-1.1804065,0.10027472674846649,0.9990224838256836,0.9191139340400696
YCR009C,YNL233W,0,-1.1816972,0.10026488453149796,0.9990224838256836,0.9192141890525818
YBR237W,YIL039W,0,-1.1845199,0.10025504976511002,0.9990224838256836,0.919314444065094
YLR032W,YGL115W,0,-1.184689,0.10024521499872208,0.9990224838256836,0.9194146394729614
YHL009C,YDR011W,0,-1.185616,0.10023538768291473,0.9990224838256836,0.9195148944854736
YHL009C,YDR506C,0,-1.1856616,0.1002255529165268,0.9990224838256836,0.9196150898933411
YBR119W,YDR197W,0,-1.186681,0.10021572560071945,0.9990224838256836,0.9197153449058533
YBR214W,YGR156W,0,-1.1871855,0.1002059057354927,0.9990224838256836,0.9198155999183655
YIL111W,YHR101C,0,-1.1896069,0.10019607841968536,0.9990224838256836,0.9199157953262329
YLR055C,YIL062C,0,-1.1910065,0.10018625855445862,0.9990224838256836,0.9200160503387451
YPR118W,YBR227C,0,-1.1920977,0.10017643868923187,0.9990224838256836,0.9201162457466125
YDL134C,YPR048W,0,-1.1928015,0.10016661882400513,0.9990224838256836,0.9202165007591248
YBR073W,YLR265C,0,-1.1933603,0.10015679895877838,0.9990224838256836,0.920316755771637
YNR012W,YGR211W,0,-1.1934929,0.10014698654413223,0.9990224838256836,0.9204169511795044
YDR409W,YBR169C,0,-1.1961149,0.10013717412948608,0.9990224838256836,0.9205172061920166
YPL008W,YAR018C,0,-1.1982628,0.10012736171483994,0.9990224838256836,0.920617401599884
YJR014W,YDR420W,0,-1.1987218,0.10011755675077438,0.9990224838256836,0.9207176566123962
YDR130C,YIL050W,0,-1.2006385,0.10010775178670883,0.9990224838256836,0.9208178520202637
YGR278W,YER100W,0,-1.2011992,0.10009794682264328,0.9990224838256836,0.9209181070327759
YOL034W,YDR037W,0,-1.2037393,0.10008814185857773,0.9990224838256836,0.9210183620452881
YPL049C,YGL106W,0,-1.2039431,0.10007833689451218,0.9990224838256836,0.9211185574531555
YER174C,YOL122C,0,-1.2117555,0.10006853938102722,0.9990224838256836,0.9212188124656677
YBR083W,YCR073C,0,-1.2118182,0.10005874186754227,0.9990224838256836,0.9213190078735352
YLR272C,YDR105C,0,-1.2140989,0.10004894435405731,0.9990224838256836,0.9214192628860474
YKL089W,YDR372C,0,-1.2145549,0.10003915429115295,0.9990224838256836,0.9215195178985596
YGR041W,YOL094C,0,-1.2145685,0.1000293642282486,0.9990224838256836,0.921619713306427
YBL091C,YFR016C,0,-1.2168853,0.10001957416534424,0.9990224838256836,0.9217199683189392
YKL010C,YOR320C,0,-1.2177844,0.10000978410243988,0.9990224838256836,0.9218201637268066
YPR017C,YOR278W,0,-1.2183527,0.10000000149011612,0.9990224838256836,0.9219204187393188
YDL101C,YML104C,0,-1.222516,0.09999021887779236,0.9990224838256836,0.922020673751831
YOR210W,YAL008W,0,-1.2249134,0.0999804362654686,0.9990224838256836,0.9221208691596985
YER113C,YDR150W,0,-1.2250495,0.09997065365314484,0.9990224838256836,0.9222211241722107
YER173W,YOR322C,0,-1.2255225,0.09996087849140167,0.9990224838256836,0.9223213195800781
YGR278W,YBR193C,0,-1.2260556,0.09995110332965851,0.9990224838256836,0.9224215745925903
YLR298C,YER139C,0,-1.2282387,0.09994132816791534,0.9990224838256836,0.9225218296051025
YGR161C,YIL112W,0,-1.2291937,0.09993155300617218,0.9990224838256836,0.92262202501297
YBR253W,YHL013C,0,-1.2304506,0.09992178529500961,0.9990224838256836,0.9227222800254822
YPL009C,YJL008C,0,-1.231534,0.09991201758384705,0.9990224838256836,0.9228224754333496
YIL062C,YLR003C,0,-1.2329608,0.09990224987268448,0.9990224838256836,0.9229227304458618
YML058W,YPL194W,0,-1.2346351,0.09989248216152191,0.9990224838256836,0.9230229258537292
YNL158W,YBL069W,0,-1.2347885,0.09988272190093994,0.9990224838256836,0.9231231808662415
YGL073W,YML129C,0,-1.2352283,0.09987296164035797,0.9990224838256836,0.9232234358787537
YPL155C,YDR017C,0,-1.2395927,0.099863201379776,0.9990224838256836,0.9233236312866211
YOR207C,YKL101W,0,-1.2405691,0.09985344111919403,0.9990224838256836,0.9234238862991333
YMR226C,YDR317W,0,-1.2405952,0.09984368830919266,0.9990224838256836,0.9235240817070007
YGL201C,YPL224C,0,-1.2406293,0.09983393549919128,0.9990224838256836,0.9236243367195129
YBR083W,YJL045W,0,-1.2409761,0.09982418268918991,0.9990224838256836,0.9237245917320251
YGR040W,YBR123C,0,-1.2425984,0.09981443732976913,0.9990224838256836,0.9238247871398926
YHR027C,YOR284W,0,-1.2426288,0.09980468451976776,0.9990224838256836,0.9239250421524048
YGR205W,YJR089W,0,-1.2437735,0.09979493916034698,0.9990224838256836,0.9240252375602722
YLR185W,YIR021W,0,-1.245692,0.0997852012515068,0.9990224838256836,0.9241254925727844
YPL043W,YFL047W,0,-1.2463999,0.09977545589208603,0.9990224838256836,0.9242257475852966
YDR540C,YGL127C,0,-1.248873,0.09976571798324585,0.9990224838256836,0.9243259429931641
YFL029C,YPL206C,0,-1.2493389,0.09975598007440567,0.9990224838256836,0.9244261980056763
YDR399W,YKR075C,0,-1.2500921,0.09974624216556549,0.9990224838256836,0.9245263934135437
YLR102C,YMR130W,0,-1.2503682,0.09973651170730591,0.9990224838256836,0.9246266484260559
YHR201C,YOR372C,0,-1.2507186,0.09972677379846573,0.9990224838256836,0.9247268438339233
YNR012W,YPR071W,0,-1.2521204,0.09971704334020615,0.9990224838256836,0.9248270988464355
YFL002C,YDR084C,0,-1.252254,0.09970732033252716,0.9990224838256836,0.9249273538589478
YDR312W,YOR140W,0,-1.2526082,0.09969758987426758,0.9990224838256836,0.9250275492668152
YOR101W,YPR120C,0,-1.2531581,0.09968786686658859,0.9990224838256836,0.9251278042793274
YNR023W,YOR347C,0,-1.2547265,0.0996781438589096,0.9990224838256836,0.9252279996871948
YIL033C,YEL011W,0,-1.2553247,0.09966842085123062,0.9990224838256836,0.925328254699707
YIL150C,YDR113C,0,-1.2575943,0.09965870529413223,0.9990224838256836,0.9254285097122192
YLR052W,YKR100C,0,-1.2603445,0.09964898228645325,0.9990224838256836,0.9255287051200867
YML114C,YGR170W,0,-1.2628071,0.09963927417993546,0.9990224838256836,0.9256289601325989
YFR005C,YCL045C,0,-1.2644356,0.09962955862283707,0.9990224838256836,0.9257291555404663
YNL072W,YHR032W,0,-1.2646685,0.09961984306573868,0.9990224838256836,0.9258294105529785
YLR376C,YOR171C,0,-1.2658937,0.09961013495922089,0.9990224838256836,0.9259296655654907
YMR309C,YGR278W,0,-1.2677363,0.0996004268527031,0.9990224838256836,0.9260298609733582
YGL210W,YDR047W,0,-1.2753029,0.0995907261967659,0.9990224838256836,0.9261301159858704
YGL127C,YBR024W,0,-1.2764201,0.09958101809024811,0.9990224838256836,0.9262303113937378
YMR009W,YER006W,0,-1.2767544,0.09957131743431091,0.9990224838256836,0.92633056640625
YBR060C,YOR078W,0,-1.2774322,0.09956161677837372,0.9990224838256836,0.9264307618141174
YMR125W,YIL112W,0,-1.2821581,0.09955191612243652,0.9990224838256836,0.9265310168266296
YNL098C,YKL145W,0,-1.282977,0.09954222291707993,0.9990224838256836,0.9266312718391418
YKL139W,YLR433C,0,-1.2837181,0.09953252971172333,0.9990224838256836,0.9267314672470093
YPL084W,YDR422C,0,-1.2849389,0.09952283650636673,0.9990224838256836,0.9268317222595215
YKL042W,YNL096C,0,-1.2850692,0.09951314330101013,0.9990224838256836,0.9269319176673889
YGR116W,YDR206W,0,-1.2854064,0.09950345754623413,0.9990224838256836,0.9270321726799011
YPL037C,YBR245C,0,-1.2858223,0.09949377179145813,0.9990224838256836,0.9271324276924133
YLR340W,YDR097C,0,-1.2868493,0.09948408603668213,0.9990224838256836,0.9272326231002808
YMR192W,YDR110W,0,-1.2870413,0.09947440028190613,0.9990224838256836,0.927332878112793
YOR117W,YDR264C,0,-1.2875075,0.09946472197771072,0.9990224838256836,0.9274330735206604
YCR036W,YEL015W,0,-1.2910159,0.09945504367351532,0.9990224838256836,0.9275333285331726
YMR047C,YOR086C,0,-1.2921227,0.09944536536931992,0.9990224838256836,0.9276335835456848
YKR031C,YBL018C,0,-1.2923005,0.09943568706512451,0.9990224838256836,0.9277337789535522
YJR049C,YDR171W,0,-1.292896,0.0994260162115097,0.9990224838256836,0.9278340339660645
YGR253C,YDL141W,0,-1.2930079,0.0994163453578949,0.9990224838256836,0.9279342293739319
YIL041W,YLR071C,0,-1.2952464,0.09940667450428009,0.9990224838256836,0.9280344843864441
YAL015C,YNL191W,0,-1.2961906,0.09939700365066528,0.9990224838256836,0.9281347393989563
YBR160W,YOR083W,0,-1.2969147,0.09938734024763107,0.9990224838256836,0.9282349348068237
YDR020C,YDR099W,0,-1.2976573,0.09937767684459686,0.9990224838256836,0.9283351898193359
YER142C,YLR242C,0,-1.3002304,0.09936801344156265,0.9990224838256836,0.9284353852272034
YML098W,YPL148C,0,-1.3008324,0.09935835003852844,0.9990224838256836,0.9285356402397156
YJL181W,YER035W,0,-1.3012613,0.09934869408607483,0.9990224838256836,0.928635835647583
YPL047W,YER118C,0,-1.3042594,0.09933903813362122,0.9990224838256836,0.9287360906600952
YIL007C,YER109C,0,-1.306649,0.0993293821811676,0.9990224838256836,0.9288363456726074
YDR217C,YPL212C,0,-1.3072219,0.09931972622871399,0.9990224838256836,0.9289365410804749
YMR226C,YER095W,0,-1.3104758,0.09931007772684097,0.9990224838256836,0.9290367960929871
YDR280W,YPL103C,0,-1.3118646,0.09930042922496796,0.9990224838256836,0.9291369915008545
YLR319C,YNR026C,0,-1.3128185,0.09929078072309494,0.9990224838256836,0.9292372465133667
YER159C,YNL136W,0,-1.3132434,0.09928113222122192,0.9990224838256836,0.9293375015258789
YOL012C,YBR038W,0,-1.3162843,0.0992714911699295,0.9990224838256836,0.9294376969337463
YDR356W,YJR084W,0,-1.3176537,0.09926185011863708,0.9990224838256836,0.9295379519462585
YPL193W,YNL221C,0,-1.3219122,0.09925220906734467,0.9990224838256836,0.929638147354126
YGR008C,YJR135C,0,-1.328608,0.09924256801605225,0.9990224838256836,0.9297384023666382
YKL149C,YJL062W,0,-1.330132,0.09923293441534042,0.9990224838256836,0.9298386573791504
YPL225W,YDR113C,0,-1.3380373,0.0992233008146286,0.9990224838256836,0.9299388527870178
YPL190C,YLR430W,0,-1.3381917,0.09921366721391678,0.9990224838256836,0.93003910779953
YKL028W,YGR278W,0,-1.3382659,0.09920404106378555,0.9990224838256836,0.9301393032073975
YHR167W,YIL027C,0,-1.3411274,0.09919440746307373,0.9990224838256836,0.9302395582199097
YJR135C,YGR193C,0,-1.341409,0.0991847813129425,0.9990224838256836,0.9303397536277771
YPL155C,YMR166C,0,-1.3429189,0.09917515516281128,0.9990224838256836,0.9304400086402893
YNL133C,YPL068C,0,-1.3429577,0.09916553646326065,0.9990224838256836,0.9305402636528015
YKR096W,YHR106W,0,-1.3463016,0.09915591031312943,0.9990224838256836,0.930640459060669
YMR125W,YNL275W,0,-1.3524165,0.0991462916135788,0.9990224838256836,0.9307407140731812
YPR025C,YMR262W,0,-1.3539916,0.09913668036460876,0.9990224838256836,0.9308409094810486
YNL224C,YER007C-A,0,-1.3562244,0.09912706166505814,0.9990224838256836,0.9309411644935608
YBR107C,YCR067C,0,-1.3577739,0.0991174504160881,0.9990224838256836,0.931041419506073
YER112W,YLR118C,0,-1.3585083,0.09910783916711807,0.9990224838256836,0.9311416149139404
YFL044C,YPL194W,0,-1.3586532,0.09909822791814804,0.9990224838256836,0.9312418699264526
YMR235C,YMR142C,0,-1.35877,0.09908861666917801,0.9990224838256836,0.9313420653343201
YMR109W,YGR223C,0,-1.3588612,0.09907901287078857,0.9990224838256836,0.9314423203468323
YMR234W,YGR278W,0,-1.3618214,0.09906940907239914,0.9990224838256836,0.9315425753593445
YCR033W,YER176W,0,-1.3619583,0.0990598052740097,0.9990224838256836,0.9316427707672119
YPL161C,YKL092C,0,-1.3626275,0.09905020147562027,0.9990224838256836,0.9317430257797241
YAL025C,YNL247W,0,-1.3639753,0.09904060512781143,0.9990224838256836,0.9318432211875916
YMR268C,YJL096W,0,-1.3659507,0.0990310087800026,0.9990224838256836,0.9319434762001038
YDR330W,YKR077W,0,-1.3661633,0.09902141243219376,0.9990224838256836,0.9320436716079712
YER147C,YNL082W,0,-1.3661839,0.09901181608438492,0.9990224838256836,0.9321439266204834
YDR177W,YLR381W,0,-1.370408,0.09900222718715668,0.9990224838256836,0.9322441816329956
YKL004W,YLL036C,0,-1.3710012,0.09899263828992844,0.9990224838256836,0.932344377040863
YLR022C,YDR257C,0,-1.3710124,0.0989830493927002,0.9990224838256836,0.9324446320533752
YPL155C,YDR398W,0,-1.3712492,0.09897346794605255,0.9990224838256836,0.9325448274612427
YLR210W,YLR185W,0,-1.3714707,0.09896387904882431,0.9990224838256836,0.9326450824737549
YPL008W,YHR101C,0,-1.3719628,0.09895429760217667,0.9990224838256836,0.9327453374862671
YGR156W,YPR008W,0,-1.3725429,0.09894471615552902,0.9990224838256836,0.9328455328941345
YLL009C,YPR124W,1,-1.3767904,0.0990319475531578,1.0,0.9328455328941345
YLR143W,YDR308C,0,-1.3844036,0.09902235865592957,1.0,0.9329457879066467
YLR210W,YOL071W,0,-1.3920894,0.09901277720928192,1.0,0.9330459833145142
YBR083W,YJR134C,0,-1.3921492,0.09900319576263428,1.0,0.9331462383270264
YML074C,YIL072W,0,-1.3932557,0.09899361431598663,1.0,0.9332464933395386
YER167W,YCR054C,0,-1.3935455,0.09898403286933899,1.0,0.933346688747406
YPL204W,YER075C,0,-1.3938212,0.09897445887327194,1.0,0.9334469437599182
YER112W,YHL002W,0,-1.3945354,0.0989648848772049,1.0,0.9335471391677856
YDR354W,YNL222W,0,-1.394996,0.09895531088113785,1.0,0.9336473941802979
YKL193C,YKL208W,0,-1.3967799,0.0989457368850708,1.0,0.9337476491928101
YOR117W,YAL019W,0,-1.4032258,0.09893617033958435,1.0,0.9338478446006775
YLR118C,YER123W,0,-1.4057958,0.0989266037940979,1.0,0.9339480996131897
YMR277W,YNL244C,0,-1.4060051,0.09891703724861145,1.0,0.9340482950210571
YHR009C,YHR090C,0,-1.411166,0.098907470703125,1.0,0.9341485500335693
YJR052W,YNL099C,0,-1.4157852,0.09889791160821915,1.0,0.9342487454414368
YDR253C,YML065W,0,-1.4165182,0.0988883525133133,1.0,0.934349000453949
YHR023W,YNL183C,0,-1.4169543,0.09887879341840744,1.0,0.9344492554664612
YBR079C,YLR413W,0,-1.4215217,0.09886923432350159,1.0,0.9345494508743286
YOR363C,YPR048W,0,-1.4221361,0.09885968267917633,1.0,0.9346497058868408
YCL035C,YJL010C,0,-1.4224305,0.09885013103485107,1.0,0.9347499012947083
YLR319C,YDR058C,0,-1.423531,0.09884057939052582,1.0,0.9348501563072205
YPL193W,YKR078W,0,-1.4248312,0.09883102774620056,1.0,0.9349504113197327
YGL254W,YBR070C,0,-1.4255905,0.0988214835524559,1.0,0.9350506067276001
YFR028C,YIL096C,0,-1.4266639,0.09881193935871124,1.0,0.9351508617401123
YML081W,YOL092W,0,-1.4278274,0.09880239516496658,1.0,0.9352510571479797
YNL250W,YML043C,0,-1.4280031,0.09879285097122192,1.0,0.9353513121604919
YDR395W,YKL060C,0,-1.4282769,0.09878331422805786,1.0,0.9354515671730042
YPL242C,YOL019W,0,-1.4288123,0.0987737774848938,1.0,0.9355517625808716
YNL250W,YNL244C,0,-1.4329357,0.09876424074172974,1.0,0.9356520175933838
YGL184C,YOR110W,0,-1.4371288,0.09875470399856567,1.0,0.9357522130012512
YJL057C,YNR053C,0,-1.4385585,0.09874517470598221,1.0,0.9358524680137634
YOL041C,YDR441C,0,-1.4402504,0.09873564541339874,1.0,0.9359526634216309
YOR210W,YOR034C,0,-1.4417437,0.09872611612081528,1.0,0.9360529184341431
YFR010W,YGL136C,0,-1.4426877,0.09871658682823181,1.0,0.9361531734466553
YOR144C,YBR022W,0,-1.4432654,0.09870706498622894,1.0,0.9362533688545227
YMR079W,YLR371W,0,-1.446394,0.09869754314422607,1.0,0.9363536238670349
YGR091W,YFR046C,0,-1.4478297,0.0986880213022232,1.0,0.9364538192749023
YDR465C,YDL168W,0,-1.4497807,0.09867849946022034,1.0,0.9365540742874146
YDL141W,YML085C,0,-1.4516001,0.09866898506879807,1.0,0.9366543292999268
YBL091C,YPL161C,0,-1.4520981,0.0986594632267952,1.0,0.9367545247077942
YLR117C,YKL045W,0,-1.4525508,0.09864994883537292,1.0,0.9368547797203064
YNL330C,YOR174W,0,-1.4544845,0.09864044189453125,1.0,0.9369549751281738
YNL197C,YBR302C,0,-1.4555972,0.09863092750310898,1.0,0.937055230140686
YMR199W,YGL095C,0,-1.4566543,0.0986214205622673,1.0,0.9371554851531982
YMR288W,YCL044C,0,-1.4574566,0.09861191362142563,1.0,0.9372556805610657
YHR166C,YGL022W,0,-1.4581144,0.09860240668058395,1.0,0.9373559355735779
YKR038C,YPL210C,0,-1.4660562,0.09859290719032288,1.0,0.9374561309814453
YGR013W,YPL031C,0,-1.4697003,0.0985834077000618,1.0,0.9375563859939575
YHR118C,YDR148C,0,-1.4706457,0.09857390820980072,1.0,0.937656581401825
YPR118W,YCL017C,0,-1.471667,0.09856440871953964,1.0,0.9377568364143372
YML124C,YLR115W,0,-1.4722388,0.09855491667985916,1.0,0.9378570914268494
YOR124C,YDR003W,0,-1.4759333,0.09854541718959808,1.0,0.9379572868347168
YEL018W,YGL092W,0,-1.4832194,0.0985359251499176,1.0,0.938057541847229
YGL043W,YHR183W,0,-1.4848081,0.09852644056081772,1.0,0.9381577372550964
YGL238W,YML041C,0,-1.4848825,0.09851694852113724,1.0,0.9382579922676086
YOR372C,YDR438W,0,-1.4862213,0.09850746393203735,1.0,0.9383582472801208
YNL059C,YDR478W,0,-1.4887645,0.09849797934293747,1.0,0.9384584426879883
YHR169W,YFR040W,0,-1.4890337,0.09848849475383759,1.0,0.9385586977005005
YDL002C,YNL293W,0,-1.490854,0.0984790176153183,1.0,0.9386588931083679
YMR048W,YHR091C,0,-1.4919329,0.09846953302621841,1.0,0.9387591481208801
YGL116W,YGR296W,0,-1.4920069,0.09846005588769913,1.0,0.9388594031333923
YOR120W,YKR009C,0,-1.492046,0.09845057874917984,1.0,0.9389595985412598
YKR064W,YJL091C,0,-1.4930234,0.09844110906124115,1.0,0.939059853553772
YDR328C,YGL061C,0,-1.4962757,0.09843163937330246,1.0,0.9391600489616394
YGL141W,YBL047C,0,-1.5003736,0.09842216968536377,1.0,0.9392603039741516
YLR032W,YMR302C,0,-1.5020206,0.09841269999742508,1.0,0.9393605589866638
YMR199W,YMR312W,0,-1.5054708,0.09840323030948639,1.0,0.9394607543945312
YCL011C,YDR088C,0,-1.5058439,0.0983937680721283,1.0,0.9395610094070435
YLR398C,YNL257C,0,-1.5073259,0.0983843058347702,1.0,0.9396612048149109
YDR408C,YJR047C,0,-1.5093889,0.09837484359741211,1.0,0.9397614598274231
YOR026W,YGL061C,0,-1.5137873,0.09836538136005402,1.0,0.9398616552352905
YKR096W,YDR393W,0,-1.5143778,0.09835592657327652,1.0,0.9399619102478027
YPL068C,YHR111W,0,-1.5151348,0.09834647178649902,1.0,0.9400621652603149
YOR361C,YIL136W,0,-1.5170788,0.09833701699972153,1.0,0.9401623606681824
YEL058W,YDL166C,0,-1.5184085,0.09832756966352463,1.0,0.9402626156806946
YLR441C,YJR035W,0,-1.5188528,0.09831811487674713,1.0,0.940362811088562
YNL098C,YPL210C,0,-1.5194879,0.09830866754055023,1.0,0.9404630661010742
YDL134C,YMR092C,0,-1.5205622,0.09829922020435333,1.0,0.9405633211135864
YDL081C,YHR107C,0,-1.5243602,0.09828978031873703,1.0,0.9406635165214539
YFR050C,YIL127C,0,-1.5255023,0.09828033298254013,1.0,0.9407637715339661
YNL124W,YPL204W,0,-1.529068,0.09827089309692383,1.0,0.9408639669418335
YBL007C,YAL035W,0,-1.5292964,0.09826145321130753,1.0,0.9409642219543457
YBR156C,YLR426W,0,-1.5342951,0.09825201332569122,1.0,0.9410644769668579
YFL002C,YFR016C,0,-1.53602,0.09824258089065552,1.0,0.9411646723747253
YBL031W,YJR076C,0,-1.5365369,0.09823314845561981,1.0,0.9412649273872375
YNL186W,YJL203W,0,-1.5368942,0.0982237160205841,1.0,0.941365122795105
YNL286W,YDR376W,0,-1.5376501,0.0982142835855484,1.0,0.9414653778076172
YDL168W,YHR205W,0,-1.5408263,0.09820485860109329,1.0,0.9415655732154846
YJR132W,YGL166W,0,-1.543429,0.09819543361663818,1.0,0.9416658282279968
YGL229C,YLR097C,0,-1.5435157,0.09818600863218307,1.0,0.941766083240509
YIL007C,YGL137W,0,-1.5469261,0.09817658364772797,1.0,0.9418662786483765
YNL132W,YDR341C,0,-1.5470078,0.09816716611385345,1.0,0.9419665336608887
YNL209W,YPL126W,0,-1.5486958,0.09815774112939835,1.0,0.9420667290687561
YNL151C,YJL057C,0,-1.5504885,0.09814832359552383,1.0,0.9421669840812683
YGL116W,YHL017W,0,-1.550878,0.09813891351222992,1.0,0.9422672390937805
YBL036C,YGL253W,0,-1.5512235,0.09812949597835541,1.0,0.942367434501648
YLR032W,YBR087W,0,-1.5527203,0.09812008589506149,1.0,0.9424676895141602
YJL183W,YBR302C,0,-1.5545173,0.09811067581176758,1.0,0.9425678849220276
YJL208C,YIL052C,0,-1.560555,0.09810126572847366,1.0,0.9426681399345398
YNL154C,YBR254C,0,-1.561521,0.09809185564517975,1.0,0.942768394947052
YJR043C,YPL086C,0,-1.5626675,0.09808245301246643,1.0,0.9428685903549194
YPR168W,YLL038C,0,-1.5632788,0.09807305037975311,1.0,0.9429688453674316
YBR211C,YKL017C,0,-1.5649471,0.0980636477470398,1.0,0.9430690407752991
YER112W,YIR010W,0,-1.5655146,0.09805425256490707,1.0,0.9431692957878113
YDR191W,YOR144C,0,-1.5663177,0.09804484993219376,1.0,0.9432694911956787
YHR006W,YDR253C,0,-1.5666851,0.09803545475006104,1.0,0.9433697462081909
YDL103C,YOR308C,0,-1.5667225,0.09802606701850891,1.0,0.9434700012207031
YDL017W,YGR195W,0,-1.5668821,0.09801667183637619,1.0,0.9435701966285706
YOL032W,YCR047C,0,-1.5698211,0.09800728410482407,1.0,0.9436704516410828
YLR247C,YLR133W,0,-1.5724082,0.09799788892269135,1.0,0.9437706470489502
YDR510W,YOR158W,0,-1.5769975,0.09798850864171982,1.0,0.9438709020614624
YNL166C,YHR184W,0,-1.5802321,0.0979791209101677,1.0,0.9439711570739746
YGR253C,YJR060W,0,-1.5806701,0.09796974062919617,1.0,0.944071352481842
YNL061W,YLR037C,0,-1.5809807,0.09796035289764404,1.0,0.9441716074943542
YGR008C,YLR095C,0,-1.5812255,0.09795098006725311,1.0,0.9442718029022217
YOR141C,YLR226W,0,-1.5827668,0.09794159978628159,1.0,0.9443720579147339
YDL117W,YER071C,0,-1.5832393,0.09793221950531006,1.0,0.9444723129272461
YBL004W,YMR086W,0,-1.584589,0.09792284667491913,1.0,0.9445725083351135
YGL130W,YIL168W,0,-1.5849361,0.0979134738445282,1.0,0.9446727633476257
YHR169W,YOR267C,0,-1.5888629,0.09790410846471786,1.0,0.9447729587554932
YPR017C,YGR028W,0,-1.589313,0.09789473563432693,1.0,0.9448732137680054
YHR172W,YOR095C,0,-1.5901908,0.0978853702545166,1.0,0.9449734091758728
YDR482C,YMR278W,0,-1.5911438,0.09787600487470627,1.0,0.945073664188385
YNR049C,YDR490C,0,-1.5933969,0.09786663949489594,1.0,0.9451739192008972
YGL130W,YKL054C,0,-1.6031678,0.0978572815656662,1.0,0.9452741146087646
YNL076W,YJR035W,0,-1.6031742,0.09784791618585587,1.0,0.9453743696212769
YPL209C,YNL047C,0,-1.6032026,0.09783855825662613,1.0,0.9454745650291443
YIL034C,YOR207C,0,-1.6042662,0.09782920777797699,1.0,0.9455748200416565
YLR144C,YEL071W,0,-1.607147,0.09781984984874725,1.0,0.9456750750541687
YGL016W,YDL127W,0,-1.6071545,0.09781049937009811,1.0,0.9457752704620361
YER172C,YLR433C,0,-1.6078396,0.09780114889144897,1.0,0.9458755254745483
YIL110W,YHR129C,0,-1.6097528,0.09779179841279984,1.0,0.9459757208824158
YHR165C,YML009C,0,-1.6099057,0.0977824479341507,1.0,0.946075975894928
YOR189W,YMR162C,0,-1.6118584,0.09777310490608215,1.0,0.9461762309074402
YDR533C,YGL157W,0,-1.6125474,0.09776376187801361,1.0,0.9462764263153076
YGL157W,YDL161W,0,-1.6169732,0.09775441884994507,1.0,0.9463766813278198
YCR033W,YDR480W,0,-1.6171263,0.09774507582187653,1.0,0.9464768767356873
YDR524C,YEL038W,0,-1.6185389,0.09773574024438858,1.0,0.9465771317481995
YJR096W,YJL125C,0,-1.6211463,0.09772640466690063,1.0,0.9466773867607117
YDR464W,YDL042C,0,-1.6240559,0.09771706908941269,1.0,0.9467775821685791
YML093W,YPL283C,0,-1.6245506,0.09770773351192474,1.0,0.9468778371810913
YKL021C,YKR062W,0,-1.6256753,0.0976984053850174,1.0,0.9469780325889587
YKL012W,YDL124W,0,-1.6274796,0.09768907725811005,1.0,0.947078287601471
YJL050W,YDL079C,0,-1.6337593,0.0976797491312027,1.0,0.9471784830093384
YML107C,YJL041W,0,-1.63497,0.09767042100429535,1.0,0.9472787380218506
YGL090W,YOR157C,0,-1.6353183,0.0976611003279686,1.0,0.9473789930343628
YNL216W,YPR056W,0,-1.6361586,0.09765177220106125,1.0,0.9474791884422302
YNL126W,YML088W,0,-1.6398213,0.0976424515247345,1.0,0.9475794434547424
YPL066W,YDR261C,0,-1.644383,0.09763313829898834,1.0,0.9476796388626099
YNL025C,YDL154W,0,-1.6492356,0.09762381762266159,1.0,0.9477798938751221
YGR120C,YER007C-A,0,-1.6516815,0.09761450439691544,1.0,0.9478801488876343
YIL106W,YJR042W,0,-1.6538422,0.09760519117116928,1.0,0.9479803442955017
YLR435W,YGL022W,0,-1.6576693,0.09759587794542313,1.0,0.9480805993080139
YJR022W,YDR022C,0,-1.6619077,0.09758657217025757,1.0,0.9481807947158813
YMR030W,YIL034C,0,-1.6642699,0.09757725894451141,1.0,0.9482810497283936
YPR188C,YER111C,0,-1.6654861,0.09756795316934586,1.0,0.9483813047409058
YNL299W,YHL013C,0,-1.6662892,0.0975586473941803,1.0,0.9484815001487732
YJR049C,YDR194C,0,-1.6688416,0.09754934906959534,1.0,0.9485817551612854
YNL248C,YHR149C,0,-1.6722181,0.09754004329442978,1.0,0.9486819505691528
YDR118W,YIL156W,0,-1.6767974,0.09753074496984482,1.0,0.948782205581665
YLR424W,YLR260W,0,-1.678849,0.09752144664525986,1.0,0.9488824009895325
YKL091C,YER114C,0,-1.6803527,0.0975121557712555,1.0,0.9489826560020447
YHR178W,YPR133C,0,-1.6807865,0.09750285744667053,1.0,0.9490829110145569
YDR087C,YDR376W,0,-1.6841035,0.09749356657266617,1.0,0.9491831064224243
YMR021C,YBL036C,0,-1.6882007,0.0974842756986618,1.0,0.9492833614349365
YGL155W,YPL051W,0,-1.6886978,0.09747498482465744,1.0,0.949383556842804
YJL098W,YNL119W,0,-1.6893022,0.09746570140123367,1.0,0.9494838118553162
YOR250C,YGL210W,0,-1.6896964,0.0974564179778099,1.0,0.9495840668678284
YMR309C,YLR398C,0,-1.6899145,0.09744713455438614,1.0,0.9496842622756958
YML081W,YMR278W,0,-1.6900406,0.09743785113096237,1.0,0.949784517288208
YER133W,YNL118C,0,-1.6926464,0.0974285677075386,1.0,0.9498847126960754
YDR325W,YHR014W,0,-1.6927574,0.09741929173469543,1.0,0.9499849677085876
YDR398W,YHR090C,0,-1.6937679,0.09741001576185226,1.0,0.9500852227210999
YPL155C,YJL129C,0,-1.6940817,0.0974007397890091,1.0,0.9501854181289673
YPL043W,YNL099C,0,-1.6951475,0.09739147126674652,1.0,0.9502856731414795
YLR022C,YJL010C,0,-1.6956097,0.09738219529390335,1.0,0.9503858685493469
YDR367W,YGL086W,0,-1.6963414,0.09737292677164078,1.0,0.9504861235618591
YNL098C,YBR142W,0,-1.6964288,0.0973636656999588,1.0,0.9505863189697266
YLR418C,YIR002C,0,-1.6991415,0.09735439717769623,1.0,0.9506865739822388
YDR409W,YJR043C,0,-1.7004291,0.09734513610601425,1.0,0.950786828994751
YDR513W,YDL180W,0,-1.7016251,0.09733586758375168,1.0,0.9508870244026184
YLR032W,YER027C,0,-1.7029872,0.0973266065120697,1.0,0.9509872794151306
YDR425W,YMR135C,0,-1.7038226,0.09731735289096832,1.0,0.951087474822998
YBL035C,YER035W,0,-1.7080333,0.09730809181928635,1.0,0.9511877298355103
YMR104C,YFL029C,0,-1.7099637,0.09729883819818497,1.0,0.9512879848480225
YPL105C,YJR014W,0,-1.7126731,0.09728958457708359,1.0,0.9513881802558899
YPL161C,YPL283C,0,-1.7169833,0.0972803384065628,1.0,0.9514884352684021
YML074C,YBR204C,0,-1.7174307,0.09727108478546143,1.0,0.9515886306762695
YAL014C,YBL055C,0,-1.720819,0.09726183861494064,1.0,0.9516888856887817
YJR129C,YMR014W,0,-1.723695,0.09725259244441986,1.0,0.951789140701294
YJL090C,YDR243C,0,-1.7260942,0.09724334627389908,1.0,0.9518893361091614
YDR098C,YPL239W,0,-1.727038,0.0972341001033783,1.0,0.9519895911216736
YBL014C,YDR065W,0,-1.7278607,0.09722486138343811,1.0,0.952089786529541
YNL180C,YHR017W,0,-1.7327392,0.09721562266349792,1.0,0.9521900415420532
YLR084C,YHR107C,0,-1.7363672,0.09720638394355774,1.0,0.9522902965545654
YNL126W,YHR025W,0,-1.7371733,0.09719715267419815,1.0,0.9523904919624329
YFR010W,YGR178C,0,-1.7381349,0.09718791395425797,1.0,0.9524907469749451
YJR094W-A,YLR340W,0,-1.7493961,0.09717868268489838,1.0,0.9525909423828125
YLR134W,YER139C,0,-1.7546496,0.09716945141553879,1.0,0.9526911973953247
YGR129W,YOL094C,0,-1.7554716,0.0971602275967598,1.0,0.9527913928031921
YMR288W,YBR207W,0,-1.7562071,0.09715099632740021,1.0,0.9528916478157043
YOR070C,YLR039C,0,-1.7652707,0.09714177250862122,1.0,0.9529919028282166
YIL112W,YNR022C,0,-1.7659906,0.09713254868984222,1.0,0.953092098236084
YHR197W,YGL076C,0,-1.7833867,0.09712332487106323,1.0,0.9531923532485962
YGL016W,YNR022C,0,-1.7845197,0.09711410850286484,1.0,0.9532925486564636
YCL029C,YNL076W,0,-1.7851863,0.09710489213466644,1.0,0.9533928036689758
YBR158W,YGR163W,0,-1.7926953,0.09709566831588745,1.0,0.953493058681488
YOR091W,YOR155C,0,-1.7928013,0.09708645939826965,1.0,0.9535932540893555
YDR367W,YLR276C,0,-1.7943636,0.09707724303007126,1.0,0.9536935091018677
YOR210W,YGR191W,0,-1.7968806,0.09706803411245346,1.0,0.9537937045097351
YGL116W,YPR029C,0,-1.7997082,0.09705882519483566,1.0,0.9538939595222473
YDR190C,YOR320C,0,-1.8048838,0.09704961627721786,1.0,0.9539942145347595
YDR515W,YLR166C,0,-1.8056374,0.09704040735960007,1.0,0.954094409942627
YJR089W,YHR014W,0,-1.8059552,0.09703120589256287,1.0,0.9541946649551392
YOR091W,YGL166W,0,-1.8070407,0.09702200442552567,1.0,0.9542948603630066
YGL195W,YNR054C,0,-1.8096292,0.09701280295848846,1.0,0.9543951153755188
YMR268C,YJL183W,0,-1.8124813,0.09700360149145126,1.0,0.9544953107833862
YGL111W,YCR107W,0,-1.813786,0.09699440747499466,1.0,0.9545955657958984
YFR009W,YNL207W,0,-1.8180044,0.09698521345853806,1.0,0.9546958208084106
YDR500C,YLR044C,0,-1.8189216,0.09697601944208145,1.0,0.9547960162162781
YIL103W,YDR390C,0,-1.8215679,0.09696682542562485,1.0,0.9548962712287903
YMR127C,YOR269W,0,-1.8243836,0.09695763140916824,1.0,0.9549964666366577
YNL189W,YER114C,0,-1.8252769,0.09694844484329224,1.0,0.9550967216491699
YLR449W,YGL093W,0,-1.8283442,0.09693925827741623,1.0,0.9551969766616821
YKL034W,YPL217C,0,-1.8318107,0.09693007171154022,1.0,0.9552971720695496
YDR425W,YDL103C,0,-1.8326786,0.09692089259624481,1.0,0.9553974270820618
YDR318W,YPL123C,0,-1.8328505,0.0969117060303688,1.0,0.9554976224899292
YLR136C,YDL135C,0,-1.8382676,0.0969025269150734,1.0,0.9555978775024414
YPL133C,YOR307C,0,-1.8410046,0.09689334779977798,1.0,0.9556981325149536
YPR154W,YDL005C,0,-1.8417451,0.09688417613506317,1.0,0.955798327922821
YLR210W,YDR409W,0,-1.8475573,0.09687499701976776,1.0,0.9558985829353333
YBR030W,YOR035C,0,-1.8483369,0.09686582535505295,1.0,0.9559987783432007
YBR188C,YPR141C,0,-1.8499088,0.09685665369033813,1.0,0.9560990333557129
YPL016W,YMR014W,0,-1.8511634,0.09684748947620392,1.0,0.9561992287635803
YMR079W,YFL034C-B,0,-1.852107,0.0968383178114891,1.0,0.9562994837760925
YPL117C,YBL021C,0,-1.8521448,0.09682915359735489,1.0,0.9563997387886047
YNL299W,YLR139C,0,-1.8521947,0.09681998938322067,1.0,0.9564999341964722
YHR043C,YLR037C,0,-1.8530989,0.09681082516908646,1.0,0.9566001892089844
YOR073W,YDR524C,0,-1.8562919,0.09680166840553284,1.0,0.9567003846168518
YOR026W,YOR196C,0,-1.858732,0.09679250419139862,1.0,0.956800639629364
YMR131C,YGR234W,0,-1.8623499,0.096783347427845,1.0,0.9569008946418762
YNL061W,YKL028W,0,-1.8636165,0.09677419066429138,1.0,0.9570010900497437
YGL131C,YNL072W,0,-1.8638461,0.09676504135131836,1.0,0.9571013450622559
YJR017C,YMR106C,0,-1.8676548,0.09675588458776474,1.0,0.9572015404701233
YDR482C,YHR072W,0,-1.8746715,0.09674673527479172,1.0,0.9573017954826355
YFR010W,YJR001W,0,-1.8778814,0.0967375859618187,1.0,0.9574020504951477
YKR095W,YOL094C,0,-1.8877902,0.09672844409942627,1.0,0.9575022459030151
YBL074C,YMR024W,0,-1.8903072,0.09671929478645325,1.0,0.9576025009155273
YKR081C,YHR072W,0,-1.891485,0.09671015292406082,1.0,0.9577026963233948
YGR013W,YHR114W,0,-1.9006045,0.0967010110616684,1.0,0.957802951335907
YGL246C,YBR005W,0,-1.9034492,0.09669186919927597,1.0,0.9579032063484192
YOR372C,YER110C,0,-1.9101713,0.09668273478746414,1.0,0.9580034017562866
YGR098C,YGL049C,0,-1.9118254,0.09667360037565231,1.0,0.9581036567687988
YNL126W,YML004C,0,-1.919858,0.09666445851325989,1.0,0.9582038521766663
YDL108W,YOR090C,0,-1.9241693,0.09665533155202866,1.0,0.9583041071891785
YKL181W,YOR096W,0,-1.9253252,0.09664619714021683,1.0,0.9584043025970459
YCR065W,YJL050W,0,-1.9260619,0.0966370701789856,1.0,0.9585045576095581
YIL064W,YDR097C,0,-1.927558,0.09662794321775436,1.0,0.9586048126220703
YJR135C,YEL044W,0,-1.9306643,0.09661881625652313,1.0,0.9587050080299377
YER142C,YAL009W,0,-1.9308162,0.0966096892952919,1.0,0.95880526304245
YPL030W,YPR143W,0,-1.9320824,0.09660056978464127,1.0,0.9589054584503174
YDL115C,YJL151C,0,-1.93224,0.09659144282341003,1.0,0.9590057134628296
YGL128C,YEL058W,0,-1.9371548,0.0965823233127594,1.0,0.9591059684753418
YJR132W,YOL146W,0,-1.9378722,0.09657321125268936,1.0,0.9592061638832092
YIL007C,YML014W,0,-1.9403765,0.09656409174203873,1.0,0.9593064188957214
YJL123C,YKR067W,0,-1.9462578,0.09655497968196869,1.0,0.9594066143035889
YMR125W,YNL265C,0,-1.9480994,0.09654586762189865,1.0,0.9595068693161011
YDR478W,YLL021W,0,-1.9490607,0.09653675556182861,1.0,0.9596071243286133
YLR272C,YGL017W,0,-1.949868,0.09652764350175858,1.0,0.9597073197364807
YDR330W,YBR049C,0,-1.9533186,0.09651853889226913,1.0,0.9598075747489929
YLR102C,YOR207C,0,-1.9551785,0.0965094342827797,1.0,0.9599077701568604
YPL043W,YNL288W,0,-1.9580984,0.09650032967329025,1.0,0.9600080251693726
YJL197W,YDL201W,0,-1.9597533,0.09649122506380081,1.0,0.96010822057724
YLR442C,YLL036C,0,-1.9605415,0.09648212790489197,1.0,0.9602084755897522
YPR141C,YJR139C,0,-1.9616108,0.09647303074598312,1.0,0.9603087306022644
YDR098C,YDL043C,0,-1.9629555,0.09646393358707428,1.0,0.9604089260101318
YPR031W,YOL094C,0,-1.9677882,0.09645483642816544,1.0,0.960509181022644
YDL188C,YOL013C,0,-1.9693153,0.09644574671983719,1.0,0.9606093764305115
YJL148W,YKL193C,0,-1.9738994,0.09643664956092834,1.0,0.9607096314430237
YCL029C,YER167W,0,-1.9740832,0.0964275598526001,1.0,0.9608098864555359
YHR201C,YHR133C,0,-1.974412,0.09641847014427185,1.0,0.9609100818634033
YBL105C,YGR156W,0,-1.9787376,0.0964093878865242,1.0,0.9610103368759155
YKR081C,YHR106W,0,-1.9809012,0.09640029817819595,1.0,0.961110532283783
YFR047C,YMR109W,0,-1.9809644,0.0963912159204483,1.0,0.9612107872962952
YIL091C,YMR055C,0,-1.982662,0.09638213366270065,1.0,0.9613110423088074
YDR060W,YOR086C,0,-1.9829743,0.0963730588555336,1.0,0.9614112377166748
YGR078C,YPL152W,0,-1.9897451,0.09636397659778595,1.0,0.961511492729187
YML124C,YNR024W,0,-1.9943757,0.0963549017906189,1.0,0.9616116881370544
YIR009W,YFL044C,0,-1.9948664,0.09634582698345184,1.0,0.9617119431495667
YJR052W,YNR022C,0,-1.9983702,0.09633675217628479,1.0,0.9618121385574341
YOR028C,YER155C,0,-2.0000517,0.09632768481969833,1.0,0.9619123935699463
YCR092C,YLR435W,0,-2.0011058,0.09631861746311188,1.0,0.9620126485824585
YNL098C,YDR531W,0,-2.0043986,0.09630954265594482,1.0,0.9621128439903259
YMR226C,YPR021C,0,-2.0049613,0.09630048274993896,1.0,0.9622130990028381
YAL041W,YGL017W,0,-2.011643,0.09629141539335251,1.0,0.9623132944107056
YML031W,YNR024W,0,-2.014166,0.09628235548734665,1.0,0.9624135494232178
YBR156C,YNR054C,0,-2.016138,0.09627329558134079,1.0,0.96251380443573
YPL211W,YBR094W,0,-2.0190086,0.09626423567533493,1.0,0.9626139998435974
YGL128C,YMR113W,0,-2.0226078,0.09625517576932907,1.0,0.9627142548561096
YJR135C,YGR200C,0,-2.031575,0.09624611586332321,1.0,0.962814450263977
YNR049C,YDR115W,0,-2.0318048,0.09623706340789795,1.0,0.9629147052764893
YER126C,YDL113C,0,-2.0342462,0.09622801095247269,1.0,0.9630149602890015
YBL051C,YDR372C,0,-2.036529,0.09621895849704742,1.0,0.9631151556968689
YDL150W,YDR541C,0,-2.0395331,0.09620991349220276,1.0,0.9632154107093811
YDR130C,YOL034W,0,-2.0405118,0.0962008684873581,1.0,0.9633156061172485
YNL254C,YNL164C,0,-2.0411909,0.09619181603193283,1.0,0.9634158611297607
YGL201C,YPR134W,0,-2.0436978,0.09618277847766876,1.0,0.963516116142273
YNL098C,YLR382C,0,-2.0448391,0.0961737334728241,1.0,0.9636163115501404
YGR080W,YIL062C,0,-2.0450935,0.09616469591856003,1.0,0.9637165665626526
YKR060W,YGL195W,0,-2.0456781,0.09615565091371536,1.0,0.96381676197052
YMR170C,YNL159C,0,-2.0497396,0.0961466133594513,1.0,0.9639170169830322
YKL017C,YKL010C,0,-2.0518317,0.09613758325576782,1.0,0.9640172123908997
YDR447C,YCR016W,0,-2.0535111,0.09612854570150375,1.0,0.9641174674034119
YAL034W-A,YMR072W,0,-2.058741,0.09611951559782028,1.0,0.9642177224159241
YDR235W,YML007W,0,-2.059618,0.09611048549413681,1.0,0.9643179178237915
YJR096W,YIR023W,0,-2.0620575,0.09610145539045334,1.0,0.9644181728363037
YOR272W,YOR141C,0,-2.0641444,0.09609243273735046,1.0,0.9645183682441711
YFR004W,YIL154C,0,-2.0668871,0.09608340263366699,1.0,0.9646186232566833
YBL021C,YHR129C,0,-2.069127,0.09607437998056412,1.0,0.9647188782691956
YIL131C,YDL064W,0,-2.0712945,0.09606535732746124,1.0,0.964819073677063
YLL039C,YOL060C,0,-2.07431,0.09605633467435837,1.0,0.9649193286895752
YHR027C,YIL106W,0,-2.0767386,0.09604731947183609,1.0,0.9650195240974426
YOL001W,YKL039W,0,-2.0848737,0.09603830426931381,1.0,0.9651197791099548
YPR017C,YKL135C,0,-2.0856001,0.09602928906679153,1.0,0.965220034122467
YML060W,YKL040C,0,-2.086797,0.09602027386426926,1.0,0.9653202295303345
YJR089W,YOR242C,0,-2.0965118,0.09601125866174698,1.0,0.9654204845428467
YPL198W,YJL121C,0,-2.0967739,0.0960022509098053,1.0,0.9655206799507141
YER155C,YER167W,0,-2.0987985,0.09599324315786362,1.0,0.9656209349632263
YBR060C,YLR405W,0,-2.1036747,0.09598423540592194,1.0,0.9657211303710938
YDR482C,YLR265C,0,-2.1060503,0.09597523510456085,1.0,0.965821385383606
YPR073C,YDR424C,0,-2.1073444,0.09596622735261917,1.0,0.9659216403961182
YDL080C,YGL054C,0,-2.1095612,0.09595722705125809,1.0,0.9660218358039856
YJR025C,YDL119C,0,-2.1198833,0.095948226749897,1.0,0.9661220908164978
YHR143W-A,YOR367W,0,-2.1234825,0.09593922644853592,1.0,0.9662222862243652
YER126C,YJL111W,0,-2.1272562,0.09593023359775543,1.0,0.9663225412368774
YPL155C,YNL257C,0,-2.1273768,0.09592124074697495,1.0,0.9664227962493896
YDR280W,YBL018C,0,-2.1307855,0.09591224789619446,1.0,0.9665229916572571
YLL009C,YOL148C,0,-2.1308258,0.09590325504541397,1.0,0.9666232466697693
YGR090W,YML013W,0,-2.1364806,0.09589426219463348,1.0,0.9667234420776367
YDR208W,YNL076W,0,-2.1375568,0.0958852767944336,1.0,0.9668236970901489
YDR480W,YNL162W,0,-2.1375854,0.0958762913942337,1.0,0.9669239521026611
YOR258W,YDL002C,0,-2.1391075,0.09586730599403381,1.0,0.9670241475105286
YGL125W,YMR092C,0,-2.1401138,0.09585832059383392,1.0,0.9671244025230408
YEL055C,YJR098C,0,-2.1423864,0.09584934264421463,1.0,0.9672245979309082
YER007C-A,YNL088W,0,-2.1438518,0.09584035724401474,1.0,0.9673248529434204
YER161C,YOR141C,0,-2.1442466,0.09583137929439545,1.0,0.9674250483512878
YLR051C,YNL185C,0,-2.144469,0.09582240879535675,1.0,0.9675253033638
YJL145W,YIL138C,0,-2.1595774,0.09581343084573746,1.0,0.9676255583763123
YBR158W,YGL021W,0,-2.1596632,0.09580446034669876,1.0,0.9677257537841797
YGR013W,YDR316W,0,-2.1611729,0.09579548984766006,1.0,0.9678260087966919
YLR131C,YER139C,0,-2.1657145,0.09578651934862137,1.0,0.9679262042045593
YBL087C,YPR110C,0,-2.1697042,0.09577754884958267,1.0,0.9680264592170715
YJL115W,YDR117C,0,-2.170431,0.09576858580112457,1.0,0.9681267142295837
YCR091W,YJR014W,0,-2.1723335,0.09575961530208588,1.0,0.9682269096374512
YJL179W,YDL025C,0,-2.1772926,0.09575065225362778,1.0,0.9683271646499634
YBL014C,YOR346W,0,-2.1788495,0.09574169665575027,1.0,0.9684273600578308
YPR154W,YGL128C,0,-2.1794627,0.09573273360729218,1.0,0.968527615070343
YER003C,YJL189W,0,-2.1837022,0.09572377800941467,1.0,0.9686278700828552
YBR126C,YPL154C,0,-2.1837852,0.09571482241153717,1.0,0.9687280654907227
YPL030W,YKR024C,0,-2.184727,0.09570586681365967,1.0,0.9688283205032349
YCR035C,YBR176W,0,-2.1853201,0.09569691121578217,1.0,0.9689285159111023
YHR193C,YKL027W,0,-2.185527,0.09568796306848526,1.0,0.9690287709236145
YLR210W,YPL242C,0,-2.1883123,0.09567901492118835,1.0,0.9691290259361267
YLR210W,YMR022W,0,-2.1925077,0.09567006677389145,1.0,0.9692292213439941
YGR092W,YHR129C,0,-2.2011428,0.09566111862659454,1.0,0.9693294763565063
YNL082W,YIL112W,0,-2.2017944,0.09565217047929764,1.0,0.9694296717643738
YCR018C,YGR103W,0,-2.2025614,0.09564322978258133,1.0,0.969529926776886
YGL016W,YPL164C,0,-2.2092438,0.09563428908586502,1.0,0.9696301221847534
YGL131C,YKR022C,0,-2.2127588,0.09562534838914871,1.0,0.9697303771972656
YML011C,YOL051W,0,-2.2239048,0.095616415143013,1.0,0.9698306322097778
YPL105C,YLL036C,0,-2.228968,0.09560747444629669,1.0,0.9699308276176453
YML074C,YGR004W,0,-2.231783,0.09559854120016098,1.0,0.9700310826301575
YDR507C,YCR054C,0,-2.2338362,0.09558960795402527,1.0,0.9701312780380249
YDR412W,YKR050W,0,-2.2355254,0.09558067470788956,1.0,0.9702315330505371
YDL051W,YDR280W,0,-2.2359543,0.09557174891233444,1.0,0.9703317880630493
YDR390C,YER146W,0,-2.2445977,0.09556282311677933,1.0,0.9704319834709167
YJL148W,YPL237W,0,-2.2477372,0.09555389732122421,1.0,0.970532238483429
YBL008W,YML023C,0,-2.24844,0.0955449715256691,1.0,0.9706324338912964
YHR010W,YIL038C,0,-2.2518647,0.09553604573011398,1.0,0.9707326889038086
YOL068C,YJL057C,0,-2.2520013,0.09552712738513947,1.0,0.9708329439163208
YLR032W,YIL062C,0,-2.2537768,0.09551820904016495,1.0,0.9709331393241882
YHR207C,YDR307W,0,-2.254861,0.09550929069519043,1.0,0.9710333943367004
YJL001W,YDR058C,0,-2.2557628,0.09550037235021591,1.0,0.9711335897445679
YDR191W,YGL223C,0,-2.2571948,0.09549146145582199,1.0,0.9712338447570801
YLR068W,YGR195W,0,-2.2653425,0.09548254311084747,1.0,0.9713340401649475
YMR021C,YLR373C,0,-2.2836502,0.09547363221645355,1.0,0.9714342951774597
YGL016W,YOL020W,0,-2.2842371,0.09546472877264023,1.0,0.9715345501899719
YLR210W,YCR083W,0,-2.2885954,0.09545581787824631,1.0,0.9716347455978394
YIL153W,YGR193C,0,-2.2888143,0.09544691443443298,1.0,0.9717350006103516
YJL110C,YIR021W,0,-2.2983637,0.09543801099061966,1.0,0.971835196018219
YKL049C,YOL116W,0,-2.29858,0.09542910754680634,1.0,0.9719354510307312
YOR363C,YKL173W,0,-2.2986913,0.09542020410299301,1.0,0.9720357060432434
YDL150W,YGR223C,0,-2.299976,0.09541130065917969,1.0,0.9721359014511108
YIL148W,YGR295C,0,-2.3038466,0.09540240466594696,1.0,0.972236156463623
YGR178C,YDL156W,0,-2.3071098,0.09539350867271423,1.0,0.9723363518714905
YKL112W,YML098W,0,-2.3077173,0.0953846126794815,1.0,0.9724366068840027
YFL002C,YGL223C,0,-2.312947,0.09537572413682938,1.0,0.9725368618965149
YKL112W,YMR162C,0,-2.3182864,0.09536682814359665,1.0,0.9726370573043823
YOR249C,YDR532C,0,-2.3272207,0.09535793960094452,1.0,0.9727373123168945
YDL110C,YDR206W,0,-2.3322477,0.09534905105829239,1.0,0.972837507724762
YPL066W,YLR090W,0,-2.341266,0.09534016996622086,1.0,0.9729377627372742
YDR118W,YPR134W,0,-2.3416603,0.09533128142356873,1.0,0.9730379581451416
YGL227W,YDR058C,0,-2.3508584,0.09532240033149719,1.0,0.9731382131576538
YDL081C,YML022W,0,-2.3561008,0.09531351923942566,1.0,0.973238468170166
YDR130C,YOR359W,0,-2.3582928,0.09530463814735413,1.0,0.9733386635780334
YDL103C,YMR278W,0,-2.3652906,0.09529576450586319,1.0,0.9734389185905457
YFR050C,YGR033C,0,-2.3693473,0.09528688341379166,1.0,0.9735391139984131
YOR001W,YJR098C,0,-2.3802116,0.09527800977230072,1.0,0.9736393690109253
YLR085C,YPR105C,0,-2.3833501,0.09526913613080978,1.0,0.9737396240234375
YMR226C,YLR423C,0,-2.3897932,0.09526026993989944,1.0,0.9738398194313049
YGR140W,YLR409C,0,-2.391632,0.09525139629840851,1.0,0.9739400744438171
YJR050W,YPL086C,0,-2.4160426,0.09524253010749817,1.0,0.9740402698516846
YJR089W,YMR318C,0,-2.4225547,0.09523366391658783,1.0,0.9741405248641968
YBR133C,YGR280C,0,-2.428968,0.09522479772567749,1.0,0.974240779876709
YML098W,YIL065C,0,-2.4411511,0.09521593153476715,1.0,0.9743409752845764
YBL035C,YCL055W,0,-2.4444616,0.09520707279443741,1.0,0.9744412302970886
YPR086W,YDR292C,0,-2.4453878,0.09519821405410767,1.0,0.974541425704956
YCR053W,YOR334W,0,-2.4479365,0.09518935531377792,1.0,0.9746416807174683
YML027W,YPR168W,0,-2.4581692,0.09518049657344818,1.0,0.9747419357299805
YPL079W,YKL099C,0,-2.4586098,0.09517164528369904,1.0,0.9748421311378479
YNL248C,YOL130W,0,-2.460077,0.09516279399394989,1.0,0.9749423861503601
YNL247W,YKL156W,0,-2.4722402,0.09515394270420074,1.0,0.9750425815582275
YML027W,YGR156W,0,-2.4739566,0.0951450914144516,1.0,0.9751428365707397
YPR017C,YBR038W,0,-2.5016844,0.09513624012470245,1.0,0.9752430319786072
YDR266C,YOR075W,0,-2.5035143,0.0951273962855339,1.0,0.9753432869911194
YMR285C,YDR312W,0,-2.506041,0.09511855244636536,1.0,0.9754435420036316
YER155C,YGL231C,0,-2.5150764,0.09510970860719681,1.0,0.975543737411499
YLR022C,YGR103W,0,-2.5196686,0.09510086476802826,1.0,0.9756439924240112
YNL254C,YDR273W,0,-2.5202723,0.09509202092885971,1.0,0.9757441878318787
YIL033C,YDR388W,0,-2.5214963,0.09508318454027176,1.0,0.9758444428443909
YNR012W,YDR037W,0,-2.5232198,0.09507434815168381,1.0,0.9759446978569031
YDR409W,YDR092W,0,-2.5251539,0.09506551176309586,1.0,0.9760448932647705
YDR303C,YNR026C,0,-2.5272167,0.0950566828250885,1.0,0.9761451482772827
YCL050C,YAL015C,0,-2.5285294,0.09504784643650055,1.0,0.9762453436851501
YER112W,YOR357C,0,-2.5359585,0.0950390174984932,1.0,0.9763455986976624
YLR210W,YJL129C,0,-2.5402157,0.09503018856048584,1.0,0.9764458537101746
YKL042W,YBR130C,0,-2.546309,0.09502136707305908,1.0,0.976546049118042
YKR081C,YHR133C,0,-2.5474641,0.09501253813505173,1.0,0.9766463041305542
YOR078W,YER075C,0,-2.5492623,0.09500371664762497,1.0,0.9767464995384216
YMR036C,YHR013C,0,-2.5537183,0.09499489516019821,1.0,0.9768467545509338
YNL250W,YLR051C,0,-2.55447,0.09498607367277145,1.0,0.9769469499588013
YNL166C,YDR435C,0,-2.5615509,0.0949772521853447,1.0,0.9770472049713135
YGL155W,YHR003C,0,-2.5639067,0.09496843814849854,1.0,0.9771474599838257
YCR016W,YER020W,0,-2.593835,0.09495962411165237,1.0,0.9772476553916931
YBL051C,YDR346C,0,-2.5945992,0.09495081007480621,1.0,0.9773479104042053
YGR090W,YJL054W,0,-2.596967,0.09494199603796005,1.0,0.9774481058120728
YLR002C,YER111C,0,-2.6032999,0.09493318200111389,1.0,0.977548360824585
YIR009W,YGR283C,0,-2.6087885,0.09492437541484833,1.0,0.9776486158370972
YMR067C,YKL208W,0,-2.6091259,0.09491556882858276,1.0,0.9777488112449646
YDL075W,YDR447C,0,-2.6122696,0.0949067622423172,1.0,0.9778490662574768
YER003C,YPR118W,0,-2.6135008,0.09489795565605164,1.0,0.9779492616653442
YDR087C,YPR154W,0,-2.6137319,0.09488915652036667,1.0,0.9780495166778564
YBR082C,YAL030W,0,-2.6152349,0.0948803573846817,1.0,0.9781497716903687
YGR092W,YNL328C,0,-2.641176,0.09487155824899673,1.0,0.9782499670982361
YPR008W,YML060W,0,-2.6445448,0.09486275911331177,1.0,0.9783502221107483
YKL139W,YOR347C,0,-2.6481054,0.0948539674282074,1.0,0.9784504175186157
YMR224C,YBR142W,0,-2.6487367,0.09484516829252243,1.0,0.9785506725311279
YDR130C,YGR271C-A,0,-2.6498652,0.09483637660741806,1.0,0.9786508679389954
YBL023C,YHR091C,0,-2.6539345,0.09482758492231369,1.0,0.9787511229515076
YDR440W,YCR054C,0,-2.6566076,0.09481879323720932,1.0,0.9788513779640198
YOR001W,YNL268W,0,-2.6570723,0.09481000900268555,1.0,0.9789515733718872
YHR031C,YOR358W,0,-2.661083,0.09480122476816177,1.0,0.9790518283843994
YPL116W,YGR038W,0,-2.6706724,0.094792440533638,1.0,0.9791520237922668
YFL002C,YGR014W,0,-2.6745563,0.09478365629911423,1.0,0.979252278804779
YOR244W,YMR098C,0,-2.6813815,0.09477487206459045,1.0,0.9793525338172913
YIL150C,YGR162W,0,-2.6836624,0.09476609528064728,1.0,0.9794527292251587
YFR028C,YPR041W,0,-2.683712,0.0947573184967041,1.0,0.9795529842376709
YMR131C,YLR118C,0,-2.6900942,0.09474854171276093,1.0,0.9796531796455383
YJL074C,YOL094C,0,-2.6913455,0.09473976492881775,1.0,0.9797534346580505
YMR234W,YER020W,0,-2.6924317,0.09473099559545517,1.0,0.9798536896705627
YDR440W,YDR346C,0,-2.6968215,0.094722218811512,1.0,0.9799538850784302
YGR013W,YJR014W,0,-2.697302,0.09471344947814941,1.0,0.9800541400909424
YDL115C,YOR386W,0,-2.7014916,0.09470468759536743,1.0,0.9801543354988098
YKL091C,YOR267C,0,-2.7067645,0.09469591826200485,1.0,0.980254590511322
YIL064W,YOR205C,0,-2.7090702,0.09468715637922287,1.0,0.9803548455238342
YBL035C,YLR014C,0,-2.7198515,0.09467838704586029,1.0,0.9804550409317017
YJR041C,YNL292W,0,-2.7211733,0.09466962516307831,1.0,0.9805552959442139
YOR258W,YGR163W,0,-2.7249157,0.09466087073087692,1.0,0.9806554913520813
YDL051W,YPL210C,0,-2.7250478,0.09465210884809494,1.0,0.9807557463645935
YOR234C,YLR430W,0,-2.7258008,0.09464335441589355,1.0,0.9808559417724609
YBR237W,YDR153C,0,-2.7278423,0.09463459998369217,1.0,0.9809561967849731
YJL122W,YLR172C,0,-2.73573,0.09462584555149078,1.0,0.9810564517974854
YBR160W,YIR022W,0,-2.7379153,0.0946170911192894,1.0,0.9811566472053528
YGL130W,YML121W,0,-2.7380266,0.09460834413766861,1.0,0.981256902217865
YPR081C,YDR490C,0,-2.7417629,0.09459958970546722,1.0,0.9813570976257324
YLR215C,YDR507C,0,-2.7427485,0.09459084272384644,1.0,0.9814573526382446
YDR120C,YLR324W,0,-2.7443798,0.09458210319280624,1.0,0.9815576076507568
YJR060W,YOL007C,0,-2.7668834,0.09457335621118546,1.0,0.9816578030586243
YEL055C,YOR233W,0,-2.7928746,0.09456461668014526,1.0,0.9817580580711365
YDL115C,YBR073W,0,-2.7950413,0.09455587714910507,1.0,0.9818582534790039
YLR337C,YJL057C,0,-2.809605,0.09454713761806488,1.0,0.9819585084915161
YJR135C,YHR115C,0,-2.8174858,0.09453839808702469,1.0,0.9820587635040283
YGL011C,YDR479C,0,-2.8189902,0.0945296585559845,1.0,0.9821589589118958
YGR245C,YMR217W,0,-2.819564,0.0945209264755249,1.0,0.982259213924408
YHR034C,YNR054C,0,-2.8230424,0.09451219439506531,1.0,0.9823594093322754
YCR035C,YLR283W,0,-2.8284237,0.09450346231460571,1.0,0.9824596643447876
YJL069C,YNL112W,0,-2.841115,0.09449473768472672,1.0,0.982559859752655
YKL129C,YDR386W,0,-2.850601,0.09448600560426712,1.0,0.9826601147651672
YBR133C,YPL086C,0,-2.8516517,0.09447728097438812,1.0,0.9827603697776794
YCR086W,YDR202C,0,-2.8621967,0.09446855634450912,1.0,0.9828605651855469
YGL043W,YJR035W,0,-2.8638923,0.09445983171463013,1.0,0.9829608201980591
YJR041C,YBR154C,0,-2.8654401,0.09445111453533173,1.0,0.9830610156059265
YML070W,YDR294C,0,-2.871111,0.09444238990545273,1.0,0.9831612706184387
YKR083C,YGL136C,0,-2.8786247,0.09443367272615433,1.0,0.9832615256309509
YOR144C,YDR204W,0,-2.8806152,0.09442495554685593,1.0,0.9833617210388184
YDR087C,YOR127W,0,-2.8831015,0.09441624581813812,1.0,0.9834619760513306
YKL213C,YMR262W,0,-2.8864825,0.09440752863883972,1.0,0.983562171459198
YGL201C,YOR241W,0,-2.8930528,0.09439881891012192,1.0,0.9836624264717102
YML114C,YGR083C,0,-2.8941119,0.09439010918140411,1.0,0.9837626814842224
YMR001C,YKR022C,0,-2.895768,0.09438139945268631,1.0,0.9838628768920898
YHL033C,YPR132W,0,-2.9005797,0.0943726971745491,1.0,0.983963131904602
YGL061C,YPR110C,0,-2.9091828,0.0943639874458313,1.0,0.9840633273124695
YMR268C,YGR078C,0,-2.9156172,0.09435528516769409,1.0,0.9841635823249817
YOR358W,YOL006C,0,-2.9220695,0.09434658288955688,1.0,0.9842637777328491
YMR277W,YNL068C,0,-2.9251525,0.09433788061141968,1.0,0.9843640327453613
YKR096W,YMR128W,0,-2.931979,0.09432918578386307,1.0,0.9844642877578735
YPL115C,YNL176C,0,-2.9337146,0.09432048350572586,1.0,0.984564483165741
YKL091C,YHL013C,0,-2.9348764,0.09431178867816925,1.0,0.9846647381782532
YDR447C,YNL061W,0,-2.9730184,0.09430309385061264,1.0,0.9847649335861206
YIL153W,YPL178W,0,-2.9736714,0.09429440647363663,1.0,0.9848651885986328
YMR226C,YOR075W,0,-2.9749908,0.09428571164608002,1.0,0.984965443611145
YOL032W,YJR052W,0,-2.9750884,0.094277024269104,1.0,0.9850656390190125
YOR117W,YGR013W,0,-2.994574,0.09426833689212799,1.0,0.9851658940315247
YKL129C,YMR128W,0,-2.9954224,0.09425964951515198,1.0,0.9852660894393921
YOL080C,YNL021W,0,-3.0005863,0.09425096958875656,1.0,0.9853663444519043
YOR179C,YKL101W,0,-3.0027988,0.09424228221178055,1.0,0.9854665994644165
YHR009C,YJL099W,0,-3.017605,0.09423360228538513,1.0,0.9855667948722839
YDR130C,YNR038W,0,-3.023796,0.09422492235898972,1.0,0.9856670498847961
YHR006W,YJL104W,0,-3.0568497,0.0942162424325943,1.0,0.9857672452926636
YMR131C,YGL219C,0,-3.057221,0.09420756995677948,1.0,0.9858675003051758
YJR089W,YDR150W,0,-3.0645254,0.09419889748096466,1.0,0.985967755317688
YGL043W,YBR198C,0,-3.0659432,0.09419022500514984,1.0,0.9860679507255554
YOR260W,YNL151C,0,-3.0688856,0.09418155252933502,1.0,0.9861682057380676
YIL033C,YGR023W,0,-3.0705829,0.0941728800535202,1.0,0.9862684011459351
YMR001C,YDL017W,0,-3.0758603,0.09416421502828598,1.0,0.9863686561584473
YNL151C,YBR121C,0,-3.083494,0.09415554255247116,1.0,0.9864688515663147
YLR405W,YDL112W,0,-3.085234,0.09414687752723694,1.0,0.9865691065788269
YDR299W,YHR020W,0,-3.0928767,0.09413821995258331,1.0,0.9866693615913391
YOL125W,YHR021C,0,-3.1027203,0.09412955492734909,1.0,0.9867695569992065
YOR272W,YLR084C,0,-3.1104949,0.09412089735269547,1.0,0.9868698120117188
YKL149C,YPR140W,0,-3.1110964,0.09411223232746124,1.0,0.9869700074195862
YDL060W,YLR120C,0,-3.1274955,0.09410357475280762,1.0,0.9870702624320984
YPL217C,YPR112C,0,-3.1283934,0.09409492462873459,1.0,0.9871705174446106
YIL019W,YML043C,0,-3.1289158,0.09408626705408096,1.0,0.987270712852478
YGL016W,YKR031C,0,-3.1353238,0.09407761693000793,1.0,0.9873709678649902
YMR233W,YJL076W,0,-3.1476293,0.0940689668059349,1.0,0.9874711632728577
YOR210W,YDL113C,0,-3.1621764,0.09406031668186188,1.0,0.9875714182853699
YBL061C,YAL008W,0,-3.163769,0.09405166655778885,1.0,0.9876716732978821
YOL144W,YDL112W,0,-3.18307,0.09404302388429642,1.0,0.9877718687057495
YJL123C,YPL206C,0,-3.1940482,0.09403438121080399,1.0,0.9878721237182617
YHR088W,YDR097C,0,-3.1997752,0.09402573853731155,1.0,0.9879723191261292
YJL125C,YDR001C,0,-3.205423,0.09401709586381912,1.0,0.9880725741386414
YGR135W,YLR200W,0,-3.213552,0.09400845319032669,1.0,0.9881727695465088
YGL238W,YDL164C,0,-3.2279682,0.09399981796741486,1.0,0.988273024559021
YLR248W,YOR069W,0,-3.2305841,0.09399118274450302,1.0,0.9883732795715332
YOL080C,YNL161W,0,-3.233406,0.09398254752159119,1.0,0.9884734749794006
YER111C,YKL045W,0,-3.2426388,0.09397391229867935,1.0,0.9885737299919128
YDL110C,YJR090C,0,-3.2496471,0.09396527707576752,1.0,0.9886739253997803
YKR064W,YDR463W,0,-3.2642334,0.09395664930343628,1.0,0.9887741804122925
YLR272C,YBR204C,0,-3.2719686,0.09394802153110504,1.0,0.9888744354248047
YCR016W,YNL167C,0,-3.2798452,0.0939393937587738,1.0,0.9889746308326721
YDR091C,YLR449W,0,-3.2806222,0.09393076598644257,1.0,0.9890748858451843
YGL016W,YOR014W,0,-3.295468,0.09392214566469193,1.0,0.9891750812530518
YML074C,YJL047C,0,-3.3105814,0.09391352534294128,1.0,0.989275336265564
YOL041C,YJL189W,0,-3.3278654,0.09390490502119064,1.0,0.9893755912780762
YOR144C,YDR085C,0,-3.3392422,0.09389628469944,1.0,0.9894757866859436
YDR299W,YOR234C,0,-3.3512776,0.09388766437768936,1.0,0.9895760416984558
YGL141W,YIL155C,0,-3.3530176,0.09387905150651932,1.0,0.9896762371063232
YGR092W,YBR176W,0,-3.3628132,0.09387043863534927,1.0,0.9897764921188354
YML074C,YLR248W,0,-3.3634946,0.09386182576417923,1.0,0.9898766875267029
YLR222C,YHR104W,0,-3.3758767,0.09385321289300919,1.0,0.9899769425392151
YLR002C,YHL013C,0,-3.3806431,0.09384460002183914,1.0,0.9900771975517273
YGL130W,YPR178W,0,-3.382633,0.0938359946012497,1.0,0.9901773929595947
YJR089W,YLR345W,0,-3.3857594,0.09382738918066025,1.0,0.9902776479721069
YDR324C,YOR069W,0,-3.3888166,0.0938187837600708,1.0,0.9903778433799744
YDR280W,YDL190C,0,-3.400745,0.09381017833948135,1.0,0.9904780983924866
YKR092C,YOR095C,0,-3.4042504,0.0938015803694725,1.0,0.9905783534049988
YPR107C,YPL138C,0,-3.405463,0.09379297494888306,1.0,0.9906785488128662
YML070W,YDL003W,0,-3.4086707,0.0937843769788742,1.0,0.9907788038253784
YML124C,YDR078C,0,-3.4258673,0.09377577900886536,1.0,0.9908789992332458
YNR012W,YDR490C,0,-3.4294283,0.0937671884894371,1.0,0.9909792542457581
YJL122W,YHR036W,0,-3.4505584,0.09375859051942825,1.0,0.9910795092582703
YDR130C,YDR017C,0,-3.450778,0.09375,1.0,0.9911797046661377
YBR126C,YNL194C,0,-3.4528759,0.09374140948057175,1.0,0.9912799596786499
YMR170C,YNL045W,0,-3.4533803,0.0937328189611435,1.0,0.9913801550865173
YBL061C,YLL052C,0,-3.4541543,0.09372423589229584,1.0,0.9914804100990295
YNL166C,YNL325C,0,-3.4574564,0.09371564537286758,1.0,0.9915806651115417
YFL002C,YDL052C,0,-3.471495,0.09370706230401993,1.0,0.9916808605194092
YGL232W,YOR246C,0,-3.471574,0.09369847923517227,1.0,0.9917811155319214
YMR288W,YDL043C,0,-3.487035,0.09368989616632462,1.0,0.9918813109397888
YGL120C,YDL042C,0,-3.487232,0.09368132054805756,1.0,0.991981565952301
YMR067C,YGR005C,0,-3.4873137,0.0936727374792099,1.0,0.9920817613601685
YDR021W,YPR016C,0,-3.494544,0.09366416186094284,1.0,0.9921820163726807
YNL186W,YHR148W,0,-3.5191545,0.09365558624267578,1.0,0.9922822713851929
YDR482C,YKL049C,0,-3.5214868,0.09364701807498932,1.0,0.9923824667930603
YOR026W,YPL120W,0,-3.5300696,0.09363844245672226,1.0,0.9924827218055725
YGR253C,YMR110C,0,-3.5326512,0.0936298742890358,1.0,0.9925829172134399
YNL186W,YOR205C,0,-3.54624,0.09362130612134933,1.0,0.9926831722259521
YLR449W,YLR409C,0,-3.5494547,0.09361273795366287,1.0,0.9927834272384644
YBL061C,YPR175W,0,-3.5596688,0.09360416978597641,1.0,0.9928836226463318
YMR233W,YNL097C,0,-3.5721986,0.09359560906887054,1.0,0.992983877658844
YDR299W,YDL159W,0,-3.5772855,0.09358704835176468,1.0,0.9930840730667114
YDR412W,YPR048W,0,-3.6018631,0.09357848763465881,1.0,0.9931843280792236
YIR009W,YLR119W,0,-3.6125066,0.09356992691755295,1.0,0.9932845830917358
YLR272C,YER122C,0,-3.6353903,0.09356136620044708,1.0,0.9933847784996033
YBL060W,YGL136C,0,-3.6919532,0.09355281293392181,1.0,0.9934850335121155
YMR242C,YCL059C,0,-3.6984622,0.09354425966739655,1.0,0.9935852289199829
YGL099W,YDR450W,0,-3.7117608,0.09353570640087128,1.0,0.9936854839324951
YLR210W,YLR060W,0,-3.7130308,0.09352715313434601,1.0,0.9937856793403625
YLR068W,YDL150W,0,-3.7438617,0.09351859986782074,1.0,0.9938859343528748
YOR260W,YKL113C,0,-3.777336,0.09351005405187607,1.0,0.993986189365387
YGL016W,YOL094C,0,-3.7793736,0.0935015082359314,1.0,0.9940863847732544
YFR005C,YNL294C,0,-3.7863863,0.09349296241998672,1.0,0.9941866397857666
YLR002C,YNL091W,0,-3.8046448,0.09348441660404205,1.0,0.994286835193634
YNL209W,YCL059C,0,-3.8329785,0.09347587823867798,1.0,0.9943870902061462
YLR068W,YGR208W,0,-3.8681498,0.0934673398733139,1.0,0.9944873452186584
YOL077C,YNR047W,0,-3.88402,0.09345879405736923,1.0,0.9945875406265259
YLR222C,YLR196W,0,-3.8882568,0.09345026314258575,1.0,0.9946877956390381
YBL054W,YPL239W,0,-3.8914595,0.09344172477722168,1.0,0.9947879910469055
YBL061C,YDR500C,0,-3.901106,0.0934331938624382,1.0,0.9948882460594177
YGR098C,YML060W,0,-3.9160993,0.09342465549707413,1.0,0.9949885010719299
YPR118W,YGL171W,0,-3.94298,0.09341612458229065,1.0,0.9950886964797974
YDR227W,YPL207W,0,-3.9479682,0.09340759366750717,1.0,0.9951889514923096
YGR195W,YNL012W,0,-3.9918058,0.09339907020330429,1.0,0.995289146900177
YBL054W,YNL002C,0,-4.0056086,0.09339053928852081,1.0,0.9953894019126892
YIL110W,YNL207W,0,-4.0185823,0.09338201582431793,1.0,0.9954895973205566
YOR073W,YIR014W,0,-4.07948,0.09337349236011505,1.0,0.9955898523330688
YLR175W,YPL212C,0,-4.1202955,0.09336496889591217,1.0,0.995690107345581
YNL299W,YGR083C,0,-4.137332,0.09335645288228989,1.0,0.9957903027534485
YOR272W,YOR224C,0,-4.151933,0.0933479368686676,1.0,0.9958905577659607
YHR169W,YER146W,0,-4.2406206,0.09333941340446472,1.0,0.9959907531738281
YBL061C,YER012W,0,-4.2541895,0.09333089739084244,1.0,0.9960910081863403
YDR279W,YOR254C,0,-4.288331,0.09332238882780075,1.0,0.9961912631988525
YJR089W,YBR070C,0,-4.2912607,0.09331387281417847,1.0,0.99629145860672
YML022W,YER006W,0,-4.3145924,0.09330536425113678,1.0,0.9963917136192322
YIL148W,YJR065C,0,-4.3279643,0.09329685568809509,1.0,0.9964919090270996
YDR440W,YPR169W,0,-4.385022,0.0932883471250534,1.0,0.9965921640396118
YIL010W,YHR088W,0,-4.3881426,0.09327983856201172,1.0,0.996692419052124
YKR081C,YNR053C,0,-4.449123,0.09327133744955063,1.0,0.9967926144599915
YKL181W,YNL002C,0,-4.449936,0.09326282888650894,1.0,0.9968928694725037
YDL103C,YBR160W,0,-4.460882,0.09325432777404785,1.0,0.9969930648803711
YNL124W,YDR299W,0,-4.5550323,0.09324582666158676,1.0,0.9970933198928833
YOL080C,YNL188W,0,-4.574458,0.09323733299970627,1.0,0.9971935749053955
YNL186W,YPL183C,0,-4.6433887,0.09322883188724518,1.0,0.9972937703132629
YOR272W,YDR300C,0,-4.666436,0.09322033822536469,1.0,0.9973940253257751
YOR144C,YNL082W,0,-4.7378283,0.09321184456348419,1.0,0.9974942207336426
YIL110W,YNL061W,0,-4.754059,0.0932033509016037,1.0,0.9975944757461548
YJL050W,YNR038W,0,-4.782682,0.0931948646903038,1.0,0.9976946711540222
YNL061W,YIL154C,0,-4.786606,0.09318637102842331,1.0,0.9977949261665344
YOR210W,YPR081C,0,-4.824769,0.09317788481712341,1.0,0.9978951811790466
YBL061C,YER041W,0,-4.9314203,0.09316939860582352,1.0,0.9979953765869141
YOR073W,YMR197C,0,-4.980891,0.09316091239452362,1.0,0.9980956315994263
YJR094W-A,YGL189C,0,-5.023408,0.09315243363380432,1.0,0.9981958270072937
YER102W,YDL191W,0,-5.0421677,0.09314394742250443,1.0,0.9982960820198059
YPR143W,YDR023W,0,-5.0423536,0.09313546866178513,1.0,0.9983963370323181
YKR081C,YGR103W,0,-5.0660424,0.09312698990106583,1.0,0.9984965324401855
YDR330W,YML004C,0,-5.0777445,0.09311851114034653,1.0,0.9985967874526978
YDR120C,YNL115C,0,-5.1024685,0.09311003983020782,1.0,0.9986969828605652
YNL186W,YNL308C,0,-5.278366,0.09310156852006912,1.0,0.9987972378730774
YGL099W,YDL201W,0,-5.3466544,0.09309308975934982,1.0,0.9988974928855896
YML022W,YBR189W,0,-5.4565234,0.09308462589979172,1.0,0.998997688293457
YOR101W,YGR280C,0,-5.5310307,0.09307615458965302,1.0,0.9990979433059692
YML022W,YOL139C,0,-5.5471926,0.09306768327951431,1.0,0.9991981387138367
YDL075W,YML026C,0,-5.8500195,0.09305921941995621,1.0,0.9992983937263489
YHR170W,YNL256W,0,-5.948084,0.0930507555603981,1.0,0.9993985891342163
YGL099W,YDR190C,0,-6.23147,0.09304229170084,1.0,0.9994988441467285
YKR060W,YIR003W,0,-6.4507236,0.09303382784128189,1.0,0.9995990991592407
YML063W,YNL119W,0,-6.552246,0.09302537143230438,1.0,0.9996992945671082
YPL211W,YLR003C,0,-7.223646,0.09301691502332687,1.0,0.9997995495796204
YDR399W,YLR435W,0,-7.5680046,0.09300845861434937,1.0,0.9998997449874878
YLR441C,YDR023W,0,-8.347028,0.09300000220537186,1.0,1.0
