Gene A,Gene B,Label,Score,Precision,Recall,False Positive Rate
YDR254W,YEL026W,0,0.5568848,0.0,0.0,9.999999747378752e-05
YOL147C,YOL068C,0,0.5152996,0.0,0.0,0.00019999999494757503
YLR075W,YNR056C,0,0.50079846,0.0,0.0,0.0003000000142492354
YBR164C,YMR035W,1,0.49679732,0.25,0.0010000000474974513,0.0003000000142492354
YEL066W,YBR211C,0,0.44675076,0.20000000298023224,0.0010000000474974513,0.00039999998989515007
YMR227C,YKL192C,0,0.44663763,0.1666666716337204,0.0010000000474974513,0.0005000000237487257
YFL050C,YEL026W,0,0.44473666,0.1428571492433548,0.0010000000474974513,0.0006000000284984708
YDR324C,YDL160C,0,0.43811655,0.125,0.0010000000474974513,0.000699999975040555
YNR046W,YBR132C,0,0.4299475,0.1111111119389534,0.0010000000474974513,0.0007999999797903001
YBL018C,YDR254W,0,0.4288007,0.10000000149011612,0.0010000000474974513,0.0008999999845400453
YKL148C,YBR288C,0,0.41749352,0.09090909361839294,0.0010000000474974513,0.0010000000474974513
YDR320C,YCL025C,0,0.41386378,0.0833333358168602,0.0010000000474974513,0.0010999999940395355
YNL129W,YOR147W,0,0.4035052,0.07692307978868484,0.0010000000474974513,0.0012000000569969416
YJL090C,YPL218W,0,0.40139374,0.0714285746216774,0.0010000000474974513,0.0013000000035390258
YBR118W,YOR328W,0,0.39356983,0.06666667014360428,0.0010000000474974513,0.00139999995008111
YER015W,YJL033W,0,0.38609666,0.0625,0.0010000000474974513,0.001500000013038516
YLR316C,YGL166W,0,0.38403112,0.05882352963089943,0.0010000000474974513,0.0015999999595806003
YML055W,YBL078C,1,0.37503844,0.1111111119389534,0.0020000000949949026,0.0015999999595806003
YPR138C,YDL143W,0,0.3695782,0.10526315867900848,0.0020000000949949026,0.0017000000225380063
YDR353W,YLR394W,0,0.3660823,0.10000000149011612,0.0020000000949949026,0.0017999999690800905
YNR019W,YLR167W,0,0.36384746,0.095238097012043,0.0020000000949949026,0.0019000000320374966
YAL021C,YOR267C,0,0.36195064,0.09090909361839294,0.0020000000949949026,0.0020000000949949026
YER015W,YLR068W,0,0.36124095,0.08695652335882187,0.0020000000949949026,0.002099999925121665
YML058W,YER147C,0,0.35813302,0.0833333358168602,0.0020000000949949026,0.002199999988079071
YNL177C,YOR355W,0,0.3542769,0.07999999821186066,0.0020000000949949026,0.002300000051036477
YDR345C,YKL179C,0,0.3539976,0.07692307978868484,0.0020000000949949026,0.002400000113993883
YDR277C,YLR192C,0,0.35316974,0.07407407462596893,0.0020000000949949026,0.0024999999441206455
YNR056C,YDR385W,0,0.35052165,0.0714285746216774,0.0020000000949949026,0.0026000000070780516
YLR182W,YER095W,0,0.35026166,0.06896551698446274,0.0020000000949949026,0.0027000000700354576
YDR244W,YLR292C,1,0.34770748,0.10000000149011612,0.003000000026077032,0.0027000000700354576
YMR001C,YAL026C,0,0.34712481,0.09677419066429138,0.003000000026077032,0.00279999990016222
YNL256W,YCR061W,0,0.34608227,0.09375,0.003000000026077032,0.002899999963119626
YHR194W,YML060W,0,0.3407303,0.09090909361839294,0.003000000026077032,0.003000000026077032
YGR029W,YML103C,1,0.34038723,0.11764705926179886,0.004000000189989805,0.003000000026077032
YDR045C,YGL227W,0,0.3398021,0.11428571492433548,0.004000000189989805,0.003100000089034438
YNR047W,YFL039C,0,0.33709526,0.1111111119389534,0.004000000189989805,0.0031999999191612005
YLR081W,YMR073C,0,0.33566985,0.10810811072587967,0.004000000189989805,0.0032999999821186066
YER082C,YJL053W,0,0.33563876,0.10526315867900848,0.004000000189989805,0.0034000000450760126
YNL274C,YBR092C,0,0.33558184,0.10256410390138626,0.004000000189989805,0.0035000001080334187
YER095W,YJL085W,0,0.33506116,0.10000000149011612,0.004000000189989805,0.003599999938160181
YLR135W,YFL039C,0,0.33456948,0.09756097197532654,0.004000000189989805,0.003700000001117587
YNR056C,YJL074C,0,0.33443344,0.095238097012043,0.004000000189989805,0.003800000064074993
YBL003C,YMR044W,0,0.33409745,0.09302325546741486,0.004000000189989805,0.0038999998942017555
YGL111W,YLL041C,0,0.33152744,0.09090909361839294,0.004000000189989805,0.004000000189989805
YGR092W,YHR139C,0,0.3307808,0.08888889104127884,0.004000000189989805,0.004100000020116568
YPR198W,YGR078C,0,0.3260972,0.08695652335882187,0.004000000189989805,0.00419999985024333
YJL087C,YNL015W,0,0.32575175,0.08510638028383255,0.004000000189989805,0.00430000014603138
YLR081W,YKL016C,0,0.32043839,0.0833333358168602,0.004000000189989805,0.004399999976158142
YHR084W,YGR161C,0,0.3199413,0.08163265138864517,0.004000000189989805,0.0044999998062849045
YFR048W,YNL239W,0,0.31936735,0.07999999821186066,0.004000000189989805,0.004600000102072954
YLL017W,YNL248C,0,0.31675518,0.0784313753247261,0.004000000189989805,0.004699999932199717
YMR077C,YGL200C,0,0.3133147,0.07692307978868484,0.004000000189989805,0.004800000227987766
YNR056C,YBR082C,0,0.3055659,0.07547169923782349,0.004000000189989805,0.004900000058114529
YLR340W,YGL181W,0,0.3038687,0.07407407462596893,0.004000000189989805,0.004999999888241291
YEL036C,YER003C,0,0.3023148,0.072727270424366,0.004000000189989805,0.005100000184029341
YPR183W,YER116C,0,0.29659578,0.0714285746216774,0.004000000189989805,0.005200000014156103
YOR243C,YBR077C,0,0.29583398,0.07017543911933899,0.004000000189989805,0.0052999998442828655
YIL110W,YMR056C,0,0.295497,0.06896551698446274,0.004000000189989805,0.005400000140070915
YGL136C,YER171W,0,0.29445547,0.06779661029577255,0.004000000189989805,0.005499999970197678
YDL081C,YML099C,0,0.29437983,0.06666667014360428,0.004000000189989805,0.00559999980032444
YEL036C,YGR075C,0,0.29360375,0.06557376682758331,0.004000000189989805,0.00570000009611249
YPR110C,YFL050C,0,0.29322994,0.06451612710952759,0.004000000189989805,0.005799999926239252
YJR126C,YHL028W,1,0.2929693,0.0793650820851326,0.004999999888241291,0.005799999926239252
YDR244W,YPR139C,1,0.2922101,0.09375,0.006000000052154064,0.005799999926239252
YLR009W,YDL013W,0,0.291869,0.0923076942563057,0.006000000052154064,0.005900000222027302
YMR227C,YOR020C,0,0.29014426,0.09090909361839294,0.006000000052154064,0.006000000052154064
YIR012W,YER119C,0,0.28905717,0.08955223858356476,0.006000000052154064,0.006099999882280827
YIR008C,YFL050C,0,0.28872558,0.0882352963089943,0.006000000052154064,0.006200000178068876
YJR153W,YBR030W,0,0.2877524,0.08695652335882187,0.006000000052154064,0.006300000008195639
YNL070W,YDR192C,1,0.2838647,0.10000000149011612,0.007000000216066837,0.006300000008195639
YMR016C,YLR139C,0,0.28378895,0.09859155118465424,0.007000000216066837,0.006399999838322401
YDR456W,YJL133W,0,0.28328258,0.0972222238779068,0.007000000216066837,0.006500000134110451
YDR148C,YOR144C,0,0.28298932,0.09589041024446487,0.007000000216066837,0.006599999964237213
YDR244W,YHR005C-A,1,0.28189117,0.10810811072587967,0.00800000037997961,0.006599999964237213
YDR172W,YBR177C,0,0.28032735,0.1066666692495346,0.00800000037997961,0.0066999997943639755
YPR029C,YPR074C,0,0.27916715,0.10526315867900848,0.00800000037997961,0.006800000090152025
YGL219C,YER127W,0,0.2782002,0.10389610379934311,0.00800000037997961,0.006899999920278788
YMR293C,YLL031C,0,0.27769426,0.10256410390138626,0.00800000037997961,0.007000000216066837
YMR267W,YDR448W,0,0.2759003,0.10126582533121109,0.00800000037997961,0.0071000000461936
YOL147C,YCR005C,0,0.2728974,0.10000000149011612,0.00800000037997961,0.007199999876320362
YHR055C,YNL327W,0,0.27239844,0.09876543283462524,0.00800000037997961,0.007300000172108412
YJL090C,YOR132W,0,0.2721087,0.09756097197532654,0.00800000037997961,0.007400000002235174
YHR083W,YOR359W,1,0.27154484,0.10843373835086823,0.008999999612569809,0.007400000002235174
YPL262W,YMR065W,0,0.2710913,0.1071428582072258,0.008999999612569809,0.007499999832361937
YJR077C,YML052W,0,0.2708341,0.10588235408067703,0.008999999612569809,0.007600000128149986
YNR057C,YGL120C,0,0.26991612,0.10465116053819656,0.008999999612569809,0.007699999958276749
YOR272W,YHL024W,0,0.26940915,0.1034482792019844,0.008999999612569809,0.007799999788403511
YHR034C,YGL022W,0,0.26933935,0.10227272659540176,0.008999999612569809,0.007899999618530273
YER015W,YGL246C,0,0.26564628,0.10112359374761581,0.008999999612569809,0.00800000037997961
YPR020W,YKL108W,0,0.26557568,0.10000000149011612,0.008999999612569809,0.008100000210106373
YDR277C,YNL177C,0,0.26515377,0.09890110045671463,0.008999999612569809,0.008200000040233135
YCL025C,YBR058C,0,0.2634384,0.09782608598470688,0.008999999612569809,0.008299999870359898
YDR177W,YEL002C,0,0.26310027,0.09677419066429138,0.008999999612569809,0.00839999970048666
YMR235C,YKL195W,1,0.26205084,0.10638298094272614,0.009999999776482582,0.00839999970048666
YER042W,YDL231C,0,0.26159766,0.10526315867900848,0.009999999776482582,0.008500000461935997
YDR184C,YDR251W,0,0.2615257,0.1041666641831398,0.009999999776482582,0.00860000029206276
YNR007C,YDR086C,1,0.26104856,0.11340206116437912,0.010999999940395355,0.00860000029206276
YHR083W,YMR153W,1,0.25883168,0.12244898080825806,0.012000000104308128,0.00860000029206276
YGR014W,YAR010C,0,0.25880015,0.12121212482452393,0.012000000104308128,0.008700000122189522
YLR155C,YBL051C,0,0.2564525,0.11999999731779099,0.012000000104308128,0.008799999952316284
YAR019C,YKR099W,0,0.25507915,0.11881188303232193,0.012000000104308128,0.008899999782443047
YCL011C,YGR112W,0,0.25459886,0.11764705926179886,0.012000000104308128,0.008999999612569809
YOR148C,YKR027W,0,0.2545104,0.11650485545396805,0.012000000104308128,0.009100000374019146
YPL159C,YER171W,0,0.25367454,0.11538461595773697,0.012000000104308128,0.009200000204145908
YMR083W,YER082C,0,0.25215423,0.11428571492433548,0.012000000104308128,0.00930000003427267
YHL025W,YGL001C,0,0.25128475,0.11320754885673523,0.012000000104308128,0.009399999864399433
YFR052W,YHR084W,0,0.24997883,0.11214952915906906,0.012000000104308128,0.009499999694526196
YER095W,YGL257C,0,0.2498272,0.1111111119389534,0.012000000104308128,0.009600000455975533
YOR123C,YPR199C,0,0.24955654,0.11009174585342407,0.012000000104308128,0.009700000286102295
YOR115C,YML081C-A,0,0.24888073,0.1090909093618393,0.012000000104308128,0.009800000116229057
YGL187C,YGL233W,0,0.24819162,0.10810811072587967,0.012000000104308128,0.00989999994635582
YGR078C,YLL041C,0,0.24765058,0.1071428582072258,0.012000000104308128,0.009999999776482582
YPL195W,YDR093W,0,0.24680072,0.10619468986988068,0.012000000104308128,0.010099999606609344
YNL062C,YOR113W,0,0.24643064,0.10526315867900848,0.012000000104308128,0.010200000368058681
YBL082C,YNL045W,0,0.24571468,0.104347825050354,0.012000000104308128,0.010300000198185444
YCL044C,YOR272W,0,0.24567588,0.1034482792019844,0.012000000104308128,0.010400000028312206
YDL126C,YDR045C,0,0.24543938,0.10256410390138626,0.012000000104308128,0.010499999858438969
YLR176C,YMR309C,0,0.2448807,0.10169491171836853,0.012000000104308128,0.010599999688565731
YLR009W,YPL110C,0,0.24418963,0.10084033757448196,0.012000000104308128,0.010700000450015068
YPL196W,YDR075W,0,0.24384461,0.10000000149011612,0.012000000104308128,0.01080000028014183
YAL024C,YDL143W,0,0.24340905,0.09917355328798294,0.012000000104308128,0.010900000110268593
YKL148C,YGR179C,0,0.2420146,0.09836065769195557,0.012000000104308128,0.010999999940395355
YDR225W,YBR211C,0,0.24104838,0.09756097197532654,0.012000000104308128,0.011099999770522118
YDR091C,YDR244W,1,0.24104373,0.10483870655298233,0.013000000268220901,0.011099999770522118
YHR084W,YPL276W,0,0.2402523,0.10400000214576721,0.013000000268220901,0.01119999960064888
YDR436W,YGR123C,0,0.2395222,0.1031746044754982,0.013000000268220901,0.011300000362098217
YJL087C,YBR077C,0,0.2394768,0.10236220806837082,0.013000000268220901,0.01140000019222498
YDR075W,YMR096W,0,0.23885448,0.1015625,0.013000000268220901,0.011500000022351742
YOR245C,YGL246C,0,0.23725434,0.10077519714832306,0.013000000268220901,0.011599999852478504
YMR033W,YOR113W,0,0.23673075,0.10000000149011612,0.013000000268220901,0.011699999682605267
YJR121W,YOR151C,0,0.2365958,0.09923664480447769,0.013000000268220901,0.011800000444054604
YMR097C,YNL126W,0,0.2360789,0.09848485141992569,0.013000000268220901,0.011900000274181366
YHR075C,YOR272W,0,0.23570009,0.09774436056613922,0.013000000268220901,0.012000000104308128
YER018C,YER147C,0,0.23505537,0.09701492637395859,0.013000000268220901,0.01209999993443489
YCL029C,YPL159C,0,0.23387572,0.0962962955236435,0.013000000268220901,0.012199999764561653
YFL058W,YER061C,0,0.23329273,0.09558823704719543,0.013000000268220901,0.012299999594688416
YOL124C,YOR187W,0,0.23305686,0.09489051252603531,0.013000000268220901,0.012400000356137753
YOL158C,YNL256W,0,0.23210831,0.09420289844274521,0.013000000268220901,0.012500000186264515
YJR006W,YPR201W,0,0.23056112,0.09352517873048782,0.013000000268220901,0.012600000016391277
YOR328W,YER126C,0,0.23016973,0.09285714477300644,0.013000000268220901,0.01269999984651804
YFR029W,YHR066W,0,0.22954683,0.09219858050346375,0.013000000268220901,0.012799999676644802
YHR139C,YIR019C,0,0.22877817,0.09154929220676422,0.013000000268220901,0.012900000438094139
YAL022C,YIL036W,0,0.22780487,0.09090909361839294,0.013000000268220901,0.013000000268220901
YIR008C,YML128C,0,0.22588076,0.0902777761220932,0.013000000268220901,0.013100000098347664
YBR179C,YJL138C,0,0.22565813,0.08965517580509186,0.013000000268220901,0.013199999928474426
YFL050C,YOR224C,0,0.22477263,0.0890410989522934,0.013000000268220901,0.013299999758601189
YHL024W,YOR056C,0,0.22461806,0.08843537420034409,0.013000000268220901,0.013399999588727951
YBR185C,YPL267W,0,0.22403021,0.0878378376364708,0.013000000268220901,0.013500000350177288
YFR052W,YER109C,0,0.22346464,0.08724832534790039,0.013000000268220901,0.01360000018030405
YLL024C,YNR007C,1,0.22306494,0.09333333373069763,0.014000000432133675,0.01360000018030405
YDR303C,YNR064C,0,0.22295567,0.09271523356437683,0.014000000432133675,0.013700000010430813
YDR087C,YKL016C,0,0.22295146,0.09210526198148727,0.014000000432133675,0.013799999840557575
YCR066W,YBL074C,0,0.22282638,0.09150326997041702,0.014000000432133675,0.013899999670684338
YJL087C,YPL110C,0,0.22229604,0.09090909361839294,0.014000000432133675,0.014000000432133675
YLL017W,YLR447C,0,0.22190224,0.0903225839138031,0.014000000432133675,0.014100000262260437
YGL122C,YGL206C,0,0.22163273,0.08974359184503555,0.014000000432133675,0.0142000000923872
YHL024W,YEL026W,0,0.22139232,0.08917197585105896,0.014000000432133675,0.014299999922513962
YKL170W,YDL081C,0,0.22071199,0.08860759437084198,0.014000000432133675,0.014399999752640724
YMR156C,YDR418W,0,0.2203531,0.08805031329393387,0.014000000432133675,0.014499999582767487
YDR457W,YGR010W,0,0.2197313,0.08749999850988388,0.014000000432133675,0.014600000344216824
YOR008C,YBR211C,0,0.2194379,0.08695652335882187,0.014000000432133675,0.014700000174343586
YPL195W,YGL206C,0,0.21921678,0.08641975373029709,0.014000000432133675,0.014800000004470348
YGR279C,YDR311W,0,0.21815974,0.08588957041501999,0.014000000432133675,0.01489999983459711
YNL066W,YNL094W,0,0.21808855,0.08536585420370102,0.014000000432133675,0.014999999664723873
YDR299W,YBR006W,0,0.21772848,0.08484848588705063,0.014000000432133675,0.01510000042617321
YBR060C,YPR201W,0,0.21670511,0.08433734625577927,0.014000000432133675,0.015200000256299973
YPL147W,YMR246W,0,0.21642138,0.08383233845233917,0.014000000432133675,0.015300000086426735
YGL181W,YDR418W,0,0.21579304,0.0833333358168602,0.014000000432133675,0.015399999916553497
YML081C-A,YLR363C,0,0.21504681,0.08284023404121399,0.014000000432133675,0.01549999974668026
YIR022W,YBL078C,1,0.21487415,0.0882352963089943,0.014999999664723873,0.01549999974668026
YML029W,YHR066W,0,0.21415477,0.08771929889917374,0.014999999664723873,0.015599999576807022
YDR172W,YLR453C,0,0.21410672,0.0872092992067337,0.014999999664723873,0.015699999406933784
YCR102C,YLR129W,0,0.21396987,0.08670520037412643,0.014999999664723873,0.015799999237060547
YDL079C,YBR030W,0,0.21386848,0.08620689809322357,0.014999999664723873,0.01590000092983246
YAL009W,YLR068W,0,0.2136605,0.08571428805589676,0.014999999664723873,0.01600000075995922
YLR221C,YKL192C,0,0.21355952,0.08522727340459824,0.014999999664723873,0.016100000590085983
YGR161C,YER171W,0,0.21244287,0.08474576473236084,0.014999999664723873,0.016200000420212746
YBR217W,YPR139C,1,0.21239185,0.08988764137029648,0.01600000075995922,0.016200000420212746
YBR057C,YDR440W,0,0.21199386,0.08938547223806381,0.01600000075995922,0.016300000250339508
YPL130W,YML038C,0,0.21138124,0.08888889104127884,0.01600000075995922,0.01640000008046627
YER116C,YER126C,0,0.21095054,0.0883977934718132,0.01600000075995922,0.016499999910593033
YOR344C,YAL021C,0,0.21072616,0.08791209012269974,0.01600000075995922,0.016599999740719795
YKL148C,YAL032C,0,0.21057813,0.08743169158697128,0.01600000075995922,0.016699999570846558
YAL022C,YPL138C,0,0.2105702,0.08695652335882187,0.01600000075995922,0.01679999940097332
YGL106W,YKL203C,0,0.20793377,0.08648648858070374,0.01600000075995922,0.016899999231100082
YOR156C,YHR070W,0,0.20789234,0.08602150529623032,0.01600000075995922,0.017000000923871994
YDL160C,YER127W,0,0.20749833,0.08556149899959564,0.01600000075995922,0.017100000753998756
YKL081W,YPL010W,0,0.20747556,0.08510638028383255,0.01600000075995922,0.01720000058412552
YOR344C,YBR244W,0,0.2073393,0.08465608209371567,0.01600000075995922,0.01730000041425228
YEL036C,YJL145W,0,0.2067674,0.08421052992343903,0.01600000075995922,0.017400000244379044
YDL155W,YIL017C,0,0.20656878,0.08376963436603546,0.01600000075995922,0.017500000074505806
YOR344C,YGL180W,0,0.20654543,0.0833333358168602,0.01600000075995922,0.01759999990463257
YJL010C,YBR035C,0,0.20585111,0.08290155231952667,0.01600000075995922,0.01769999973475933
YKL195W,YGL016W,1,0.2058446,0.08762886375188828,0.017000000923871994,0.01769999973475933
YER178W,YNL209W,0,0.20485047,0.08717948943376541,0.017000000923871994,0.017799999564886093
YMR001C,YBL003C,0,0.20373097,0.08673469722270966,0.017000000923871994,0.017899999395012856
YHR083W,YLR292C,1,0.20270987,0.09137056022882462,0.017999999225139618,0.017899999395012856
YNL068C,YLL041C,0,0.20259893,0.09090909361839294,0.017999999225139618,0.017999999225139618
YJL069C,YGL219C,0,0.20221138,0.09045226126909256,0.017999999225139618,0.01810000091791153
YHR006W,YHR084W,0,0.20200554,0.09000000357627869,0.017999999225139618,0.018200000748038292
YMR096W,YDR385W,0,0.20195894,0.08955223858356476,0.017999999225139618,0.018300000578165054
YOL005C,YDL126C,0,0.20057233,0.0891089141368866,0.017999999225139618,0.018400000408291817
YGR123C,YPL170W,0,0.19960175,0.08866994827985764,0.017999999225139618,0.01850000023841858
YFL004W,YBR179C,0,0.1990696,0.0882352963089943,0.017999999225139618,0.01860000006854534
YLR394W,YML062C,0,0.19884406,0.08780487626791,0.017999999225139618,0.018699999898672104
YKL178C,YHR143W-A,0,0.19865043,0.08737864345312119,0.017999999225139618,0.018799999728798866
YOR344C,YMR056C,0,0.19791903,0.08695652335882187,0.017999999225139618,0.01889999955892563
YER015W,YHR088W,0,0.19737963,0.08653846383094788,0.017999999225139618,0.01899999938905239
YOL067C,YJR140C,0,0.19687521,0.08612440526485443,0.017999999225139618,0.019099999219179153
YML092C,YAL068C,0,0.19644733,0.08571428805589676,0.017999999225139618,0.019200000911951065
YMR188C,YFL039C,0,0.19624233,0.08530806005001068,0.017999999225139618,0.019300000742077827
YML092C,YIL038C,0,0.19603702,0.08490566164255142,0.017999999225139618,0.01940000057220459
YIL049W,YOR056C,0,0.1959381,0.0845070406794548,0.017999999225139618,0.019500000402331352
YDR231C,YGR014W,0,0.19547148,0.08411215245723724,0.017999999225139618,0.019600000232458115
YAL022C,YBR199W,0,0.19511765,0.08372092992067337,0.017999999225139618,0.019700000062584877
YDR277C,YDR308C,0,0.19487174,0.0833333358168602,0.017999999225139618,0.01979999989271164
YKL144C,YOL126C,0,0.19451778,0.08294931054115295,0.017999999225139618,0.019899999722838402
YDR091C,YBR217W,1,0.19438961,0.08715596050024033,0.01899999938905239,0.019899999722838402
YGL106W,YML081C-A,0,0.19394773,0.08675798773765564,0.01899999938905239,0.019999999552965164
YLL017W,YEL053C,0,0.19325815,0.08636363595724106,0.01899999938905239,0.020099999383091927
YOL033W,YGR005C,0,0.19312434,0.0859728530049324,0.01899999938905239,0.02019999921321869
YOR058C,YGR192C,0,0.1928298,0.0855855867266655,0.01899999938905239,0.0203000009059906
YLR135W,YJL060W,0,0.19191015,0.08520179241895676,0.01899999938905239,0.020400000736117363
YDR179C,YER171W,0,0.19180018,0.0848214253783226,0.01899999938905239,0.020500000566244125
YDR299W,YDR122W,0,0.19164792,0.08444444090127945,0.01899999938905239,0.020600000396370888
YNR056C,YEL053C,0,0.19126408,0.08407079428434372,0.01899999938905239,0.02070000022649765
YFR034C,YNL267W,0,0.19126318,0.08370044082403183,0.01899999938905239,0.020800000056624413
YER015W,YBR253W,0,0.19082099,0.0833333358168602,0.01899999938905239,0.020899999886751175
YJL010C,YBR006W,0,0.18991594,0.08296943455934525,0.01899999938905239,0.020999999716877937
YGL021W,YPL159C,0,0.1898268,0.08260869234800339,0.01899999938905239,0.0210999995470047
YPL015C,YAL022C,0,0.18977162,0.08225107938051224,0.01899999938905239,0.021199999377131462
YPR139C,YBL078C,1,0.18970431,0.08620689809322357,0.019999999552965164,0.021199999377131462
YBR253W,YER116C,0,0.18917497,0.08583690971136093,0.019999999552965164,0.021299999207258224
YJL133W,YIL002C,0,0.18847357,0.08547008782625198,0.019999999552965164,0.021400000900030136
YBR253W,YDR122W,0,0.18817939,0.08510638028383255,0.019999999552965164,0.0215000007301569
YGL022W,YDR045C,0,0.18799116,0.08474576473236084,0.019999999552965164,0.02160000056028366
YNL094W,YPR009W,0,0.18783993,0.08438818901777267,0.019999999552965164,0.021700000390410423
YBR168W,YGL032C,0,0.18763424,0.08403361588716507,0.019999999552965164,0.021800000220537186
YNR056C,YBR297W,0,0.18721427,0.08368200808763504,0.019999999552965164,0.021900000050663948
YDR295C,YNL002C,0,0.18713652,0.0833333358168602,0.019999999552965164,0.02199999988079071
YMR128W,YER062C,0,0.18707576,0.08298755437135696,0.019999999552965164,0.022099999710917473
YDR244W,YOR232W,1,0.18595926,0.08677686005830765,0.020999999716877937,0.022099999710917473
YBR216C,YHR068W,0,0.18562225,0.08641975373029709,0.020999999716877937,0.022199999541044235
YBR199W,YDR045C,0,0.1856158,0.08606557548046112,0.020999999716877937,0.022299999371170998
YOL147C,YDR087C,0,0.18530515,0.08571428805589676,0.020999999716877937,0.02239999920129776
YKL194C,YNL002C,0,0.1849988,0.08536585420370102,0.020999999716877937,0.02250000089406967
YHR175W,YHR129C,0,0.18481441,0.08502024412155151,0.020999999716877937,0.022600000724196434
YOR344C,YKR009C,0,0.18447402,0.08467742055654526,0.020999999716877937,0.022700000554323196
YNR047W,YLR210W,0,0.1840447,0.08433734625577927,0.020999999716877937,0.02280000038444996
YLR313C,YIL122W,0,0.18400024,0.08399999886751175,0.020999999716877937,0.02290000021457672
YPR009W,YKR089C,0,0.18340236,0.08366534113883972,0.020999999716877937,0.023000000044703484
YBR274W,YNR038W,0,0.1833852,0.0833333358168602,0.020999999716877937,0.023099999874830246
YML124C,YER018C,0,0.18287219,0.0830039530992508,0.020999999716877937,0.02319999970495701
YOL011W,YIL110W,0,0.18287101,0.08267716318368912,0.020999999716877937,0.02329999953508377
YML029W,YHR068W,0,0.1827647,0.08235294371843338,0.020999999716877937,0.023399999365210533
YNR046W,YPL053C,0,0.18250829,0.08203125,0.020999999716877937,0.023499999195337296
YPL276W,YOR355W,0,0.18240865,0.08171205967664719,0.020999999716877937,0.023600000888109207
YNR046W,YPL110C,0,0.18237522,0.08139535039663315,0.020999999716877937,0.02370000071823597
YKL144C,YNR056C,0,0.18197465,0.0810810774564743,0.020999999716877937,0.023800000548362732
YNR046W,YGL181W,0,0.18176186,0.08076923340559006,0.020999999716877937,0.023900000378489494
YLR068W,YLR088W,0,0.18147667,0.08045977354049683,0.020999999716877937,0.024000000208616257
YDR087C,YLR144C,0,0.1813097,0.08015266805887222,0.020999999716877937,0.02410000003874302
YBR058C,YPL153C,0,0.18126725,0.07984790951013565,0.020999999716877937,0.02419999986886978
YJR126C,YHR005C-A,1,0.1807944,0.0833333358168602,0.02199999988079071,0.02419999986886978
YGR007W,YJR153W,0,0.18067983,0.08301886916160583,0.02199999988079071,0.024299999698996544
YHR204W,YPL147W,0,0.18056196,0.0827067643404007,0.02199999988079071,0.024399999529123306
YBR006W,YHR143W-A,0,0.18054707,0.08239700645208359,0.02199999988079071,0.02449999935925007
YEL004W,YOR272W,0,0.18041857,0.08208955079317093,0.02199999988079071,0.02459999918937683
YGL097W,YOL082W,1,0.18009754,0.08550185710191727,0.023000000044703484,0.02459999918937683
YCL038C,YKL143W,1,0.17980088,0.08888889104127884,0.024000000208616257,0.02459999918937683
YJL106W,YJR140C,0,0.17962185,0.08856088668107986,0.024000000208616257,0.024700000882148743
YEL036C,YLR115W,0,0.17900331,0.0882352963089943,0.024000000208616257,0.024800000712275505
YHR068W,YKL070W,0,0.17900077,0.08791209012269974,0.024000000208616257,0.024900000542402267
YER005W,YDL130W,0,0.17889753,0.08759123831987381,0.024000000208616257,0.02500000037252903
YLR193C,YHL028W,1,0.17863293,0.09090909361839294,0.02500000037252903,0.02500000037252903
YBR274W,YMR128W,0,0.17787942,0.09057971090078354,0.02500000037252903,0.025100000202655792
YNL206C,YBR082C,0,0.17747083,0.09025270491838455,0.02500000037252903,0.025200000032782555
YJL138C,YCL029C,0,0.17746045,0.08992806077003479,0.02500000037252903,0.025299999862909317
YBR006W,YMR015C,0,0.17734216,0.08960573375225067,0.02500000037252903,0.02539999969303608
YOL090W,YER025W,0,0.17719476,0.0892857164144516,0.02500000037252903,0.025499999523162842
YMR083W,YDR324C,0,0.177121,0.08896797150373459,0.02500000037252903,0.025599999353289604
YDL126C,YPL275W,0,0.17666353,0.08865248411893845,0.02500000037252903,0.025699999183416367
YOR132W,YHR143W-A,0,0.17663513,0.08833922445774078,0.02500000037252903,0.025800000876188278
YPR110C,YDL160C,0,0.1759439,0.08802817016839981,0.02500000037252903,0.02590000070631504
YLR405W,YDR263C,0,0.1756638,0.08771929889917374,0.02500000037252903,0.026000000536441803
YDR151C,YNL021W,0,0.17524631,0.08741258829832077,0.02500000037252903,0.026100000366568565
YIR015W,YNL312W,0,0.17479627,0.08710801601409912,0.02500000037252903,0.026200000196695328
YLR423C,YHR068W,0,0.174302,0.0868055522441864,0.02500000037252903,0.02630000002682209
YHR175W,YPR201W,0,0.17413357,0.08650518953800201,0.02500000037252903,0.026399999856948853
YBR098W,YCL025C,0,0.17388068,0.08620689809322357,0.02500000037252903,0.026499999687075615
YHR006W,YFL002C,0,0.17386924,0.08591065555810928,0.02500000037252903,0.026599999517202377
YIL031W,YML060W,0,0.17384122,0.08561643958091736,0.02500000037252903,0.02669999934732914
YOL090W,YDR263C,0,0.17326598,0.0853242352604866,0.02500000037252903,0.026799999177455902
YAR019C,YKR063C,0,0.173247,0.08503401279449463,0.02500000037252903,0.026900000870227814
YPR138C,YDR251W,0,0.17298591,0.08474576473236084,0.02500000037252903,0.027000000700354576
YML092C,YJR108W,0,0.17287372,0.08445946127176285,0.02500000037252903,0.02710000053048134
YER015W,YML024W,0,0.17224534,0.08417508751153946,0.02500000037252903,0.0272000003606081
YLL017W,YPL010W,0,0.17211916,0.08389262109994888,0.02500000037252903,0.027300000190734863
YBL018C,YPR007C,0,0.17174332,0.08361203968524933,0.02500000037252903,0.027400000020861626
YJL060W,YGR005C,0,0.17145902,0.0833333358168602,0.02500000037252903,0.027499999850988388
YJL145W,YOL165C,0,0.17144568,0.0830564796924591,0.02500000037252903,0.02759999968111515
YMR267W,YHL025W,0,0.17131065,0.08278145641088486,0.02500000037252903,0.027699999511241913
YGR191W,YOR372C,0,0.17125823,0.08250825107097626,0.02500000037252903,0.027799999341368675
YMR182C,YBR168W,0,0.1709011,0.08223684132099152,0.02500000037252903,0.027899999171495438
YOR344C,YIL036W,0,0.17087747,0.08196721225976944,0.02500000037252903,0.02800000086426735
YLR005W,YJR153W,0,0.17053571,0.08169934898614883,0.02500000037252903,0.02810000069439411
YLL016W,YGR192C,0,0.17035854,0.08143322169780731,0.02500000037252903,0.028200000524520874
YBR006W,YLR084C,0,0.17018627,0.08116883039474487,0.02500000037252903,0.028300000354647636
YOR148C,YPR074C,0,0.169726,0.08090614527463913,0.02500000037252903,0.0284000001847744
YDR255C,YEL026W,0,0.16940263,0.08064515888690948,0.02500000037252903,0.02850000001490116
YBR199W,YMR234W,0,0.16928913,0.08038584887981415,0.02500000037252903,0.028599999845027924
YHL025W,YHR038W,0,0.1691905,0.08012820780277252,0.02500000037252903,0.028699999675154686
YHR139C,YGL022W,0,0.16875869,0.07987220585346222,0.02500000037252903,0.02879999950528145
YML013W,YER127W,0,0.16823855,0.07961783558130264,0.02500000037252903,0.02889999933540821
YBR035C,YLR051C,0,0.16730931,0.0793650820851326,0.02500000037252903,0.028999999165534973
YDR309C,YDR122W,0,0.16719621,0.0791139230132103,0.02500000037252903,0.029100000858306885
YGR024C,YLL031C,0,0.16645552,0.07886435091495514,0.02500000037252903,0.029200000688433647
YOR057W,YOL091W,0,0.1658398,0.07861635088920593,0.02500000037252903,0.02930000051856041
YLR265C,YOR355W,0,0.16577691,0.07836990803480148,0.02500000037252903,0.029400000348687172
YNL318C,YKL016C,0,0.16554318,0.078125,0.02500000037252903,0.029500000178813934
YML013W,YKL173W,0,0.16549152,0.07788161933422089,0.02500000037252903,0.029600000008940697
YDR435C,YML109W,0,0.16542447,0.07763975113630295,0.02500000037252903,0.02969999983906746
YPL196W,YEL026W,0,0.16533716,0.07739938050508499,0.02500000037252903,0.02979999966919422
YDL079C,YFL039C,0,0.1647307,0.07716049253940582,0.02500000037252903,0.029899999499320984
YEL015W,YDL198C,0,0.16442047,0.07692307978868484,0.02500000037252903,0.029999999329447746
YPL015C,YKL173W,0,0.16441278,0.07668711990118027,0.02500000037252903,0.03009999915957451
YJL039C,YPL159C,0,0.1639901,0.0764525979757309,0.02500000037252903,0.03020000085234642
YKL081W,YAL068C,0,0.16376993,0.07621951401233673,0.02500000037252903,0.030300000682473183
YER178W,YGL106W,0,0.16374986,0.07598784565925598,0.02500000037252903,0.030400000512599945
YOR272W,YJL113W,0,0.16291085,0.07575757801532745,0.02500000037252903,0.030500000342726707
YDR353W,YLL026W,0,0.16287263,0.07552870362997055,0.02500000037252903,0.03060000017285347
YMR156C,YER003C,0,0.16266942,0.07530120760202408,0.02500000037252903,0.030700000002980232
YHR175W,YGR289C,0,0.16208917,0.07507507503032684,0.02500000037252903,0.030799999833106995
YDR507C,YOL142W,0,0.16164047,0.07485029846429825,0.02500000037252903,0.030899999663233757
YKL175W,YOR224C,0,0.16143724,0.0746268630027771,0.02500000037252903,0.03099999949336052
YDR052C,YLR084C,0,0.1610958,0.0744047611951828,0.02500000037252903,0.031099999323487282
YDR148C,YMR260C,0,0.161001,0.07418397814035416,0.02500000037252903,0.031199999153614044
YMR250W,YDL130W,0,0.16062011,0.07396449893712997,0.02500000037252903,0.031300000846385956
YGR286C,YDR381W,0,0.16017695,0.07374631613492966,0.02500000037252903,0.03139999881386757
YLR447C,YDR324C,0,0.16012283,0.07352941483259201,0.02500000037252903,0.03150000050663948
YMR083W,YDR052C,0,0.15996253,0.07331378012895584,0.02500000037252903,0.031599998474121094
YGL122C,YOR187W,0,0.1599503,0.07309941202402115,0.02500000037252903,0.031700000166893005
YKL064W,YER171W,0,0.15994826,0.07288629561662674,0.02500000037252903,0.03180000185966492
YIR015W,YGL223C,0,0.15967968,0.07267441600561142,0.02500000037252903,0.03189999982714653
YBR085W,YER116C,0,0.15959533,0.07246376574039459,0.02500000037252903,0.03200000151991844
YPL028W,YMR227C,0,0.15936561,0.07225433737039566,0.02500000037252903,0.032099999487400055
YDR324C,YJR153W,0,0.15920004,0.07204610854387283,0.02500000037252903,0.03220000118017197
YLR060W,YIL122W,0,0.15879339,0.07183907926082611,0.02500000037252903,0.03229999914765358
YMR296C,YER116C,0,0.15871961,0.0716332346200943,0.02500000037252903,0.03240000084042549
YOR188W,YML075C,0,0.15849832,0.0714285746216774,0.02500000037252903,0.032499998807907104
YER025W,YOR002W,0,0.15807843,0.07122506946325302,0.02500000037252903,0.032600000500679016
YDL081C,YDL227C,0,0.15799204,0.07102272659540176,0.02500000037252903,0.03269999846816063
YMR301C,YPL110C,0,0.15783435,0.07082153111696243,0.02500000037252903,0.03280000016093254
YHR055C,YNL267W,0,0.157822,0.07062146812677383,0.02500000037252903,0.03290000185370445
YER044C-A,YER042W,0,0.15777384,0.07042253762483597,0.02500000037252903,0.032999999821186066
YBR217W,YHR005C-A,1,0.15760458,0.07303370535373688,0.026000000536441803,0.032999999821186066
YOR151C,YDR251W,0,0.15741897,0.07282913476228714,0.026000000536441803,0.03310000151395798
YDR231C,YDL145C,0,0.1567207,0.07262569665908813,0.026000000536441803,0.03319999948143959
YHR015W,YIR015W,0,0.15622352,0.07242339849472046,0.026000000536441803,0.0333000011742115
YDR283C,YMR250W,0,0.15605582,0.07222222536802292,0.026000000536441803,0.033399999141693115
YGL106W,YBR170C,0,0.15579097,0.07202216237783432,0.026000000536441803,0.03350000083446503
YMR065W,YML128C,0,0.15529682,0.07182320207357407,0.026000000536441803,0.03359999880194664
YAL022C,YPL240C,0,0.15498705,0.07162534445524216,0.026000000536441803,0.03370000049471855
YPL051W,YDL004W,0,0.15490428,0.0714285746216774,0.026000000536441803,0.033799998462200165
YLL026W,YPL170W,0,0.15472358,0.0712328776717186,0.026000000536441803,0.033900000154972076
YMR267W,YMR096W,0,0.15466534,0.07103825360536575,0.026000000536441803,0.03400000184774399
YFR047C,YML094W,0,0.15429915,0.07084468752145767,0.026000000536441803,0.0340999998152256
YGR279C,YOR081C,0,0.15321966,0.07065217196941376,0.026000000536441803,0.03420000150799751
YOR171C,YHR053C,0,0.15244867,0.07046070694923401,0.026000000536441803,0.034299999475479126
YKL088W,YFL022C,0,0.15213348,0.07027027010917664,0.026000000536441803,0.03440000116825104
YLR115W,YHR066W,0,0.15182146,0.07008086144924164,0.026000000536441803,0.03449999913573265
YAL009W,YJL201W,0,0.15127078,0.06989247351884842,0.026000000536441803,0.03460000082850456
YOL034W,YDL045C,0,0.15120898,0.06970509141683578,0.026000000536441803,0.034699998795986176
YML055W,YNL059C,1,0.15109754,0.07219251245260239,0.027000000700354576,0.034699998795986176
YCR033W,YOR151C,0,0.15061887,0.07199999690055847,0.027000000700354576,0.03480000048875809
YJL069C,YGR161C,0,0.15058078,0.07180850952863693,0.027000000700354576,0.0348999984562397
YNL248C,YAL001C,0,0.14963683,0.07161803543567657,0.027000000700354576,0.03500000014901161
YOR239W,YDR122W,0,0.14959942,0.0714285746216774,0.027000000700354576,0.035100001841783524
YDR448W,YBR170C,0,0.14958933,0.07124010473489761,0.027000000700354576,0.03519999980926514
YOR328W,YGL120C,0,0.14954616,0.07105263322591782,0.027000000700354576,0.03530000150203705
YBR274W,YPR033C,0,0.149425,0.07086614519357681,0.027000000700354576,0.03539999946951866
YMR227C,YDL047W,0,0.14938778,0.07068062573671341,0.027000000700354576,0.03550000116229057
YCL038C,YBR171W,1,0.14911005,0.073107048869133,0.02800000086426735,0.03550000116229057
YDR072C,YBR020W,0,0.14859529,0.0729166641831398,0.02800000086426735,0.035599999129772186
YDR172W,YLR098C,0,0.1483193,0.072727270424366,0.02800000086426735,0.0357000008225441
YML043C,YHR055C,0,0.14812647,0.07253886014223099,0.02800000086426735,0.03579999879002571
YMR083W,YDL102W,0,0.1478488,0.07235141843557358,0.02800000086426735,0.03590000048279762
YOR132W,YLR014C,0,0.14710183,0.07216494530439377,0.02800000086426735,0.035999998450279236
YBL051C,YOL054W,0,0.14703743,0.07197943329811096,0.02800000086426735,0.03610000014305115
YHR020W,YKR007W,0,0.14628904,0.07179487496614456,0.02800000086426735,0.03620000183582306
YHR034C,YLR129W,0,0.14607957,0.07161125540733337,0.02800000086426735,0.03629999980330467
YDL155W,YOL147C,0,0.14591663,0.0714285746216774,0.02800000086426735,0.036400001496076584
YBR142W,YBR216C,0,0.14588645,0.07124681770801544,0.02800000086426735,0.0364999994635582
YHR143W-A,YBR211C,0,0.14563063,0.0710659921169281,0.02800000086426735,0.03660000115633011
YLL024C,YOR232W,1,0.14561053,0.07341772317886353,0.028999999165534973,0.03660000115633011
YGR054W,YJR155W,0,0.1454922,0.07323232293128967,0.028999999165534973,0.03669999912381172
YNL248C,YKR089C,0,0.14533801,0.07304786145687103,0.028999999165534973,0.03680000081658363
YFL002C,YJL108C,0,0.14524712,0.07286432385444641,0.028999999165534973,0.03689999878406525
YBR085W,YOR288C,0,0.14508145,0.07268170267343521,0.028999999165534973,0.03700000047683716
YHR034C,YJL033W,0,0.14507471,0.07249999791383743,0.028999999165534973,0.03709999844431877
YMR308C,YKL195W,1,0.14451247,0.07481297105550766,0.029999999329447746,0.03709999844431877
YLR117C,YIR012W,0,0.14407976,0.0746268630027771,0.029999999329447746,0.03720000013709068
YBL074C,YHR129C,0,0.14369228,0.07444168627262115,0.029999999329447746,0.037300001829862595
YKL014C,YPR138C,0,0.1435921,0.07425742596387863,0.029999999329447746,0.03739999979734421
YDR311W,YER042W,0,0.14350519,0.07407407462596893,0.029999999329447746,0.03750000149011612
YLR201C,YBR092C,0,0.14315696,0.07389162480831146,0.029999999329447746,0.03759999945759773
YGR225W,YKR028W,0,0.14288491,0.07371007651090622,0.029999999329447746,0.037700001150369644
YBR102C,YNL209W,0,0.14284454,0.07352941483259201,0.029999999329447746,0.03779999911785126
YLR221C,YAR007C,0,0.14262845,0.07334963232278824,0.029999999329447746,0.03790000081062317
YCL016C,YJL060W,0,0.14260522,0.0731707289814949,0.029999999329447746,0.03799999877810478
YGL078C,YJL053W,0,0.14202441,0.07299269735813141,0.029999999329447746,0.038100000470876694
YMR198W,YML032C,0,0.14140551,0.07281553745269775,0.029999999329447746,0.03819999843835831
YBR058C,YKR009C,0,0.14059871,0.07263922691345215,0.029999999329447746,0.03830000013113022
YGR262C,YNL243W,0,0.14027253,0.07246376574039459,0.029999999329447746,0.03840000182390213
YFR027W,YOR224C,0,0.14011669,0.07228915393352509,0.029999999329447746,0.03849999979138374
YGR262C,YCL001W,0,0.13997987,0.07211538404226303,0.029999999329447746,0.038600001484155655
YLR139C,YDL047W,0,0.13966016,0.07194244861602783,0.029999999329447746,0.03869999945163727
YNR007C,YPR139C,1,0.13899349,0.07416267693042755,0.03099999949336052,0.03869999945163727
YDR456W,YDR184C,0,0.13884595,0.07398568093776703,0.03099999949336052,0.03880000114440918
YMR293C,YNL239W,0,0.13877405,0.07380952686071396,0.03099999949336052,0.03889999911189079
YNL153C,YPL153C,0,0.13831507,0.07363420724868774,0.03099999949336052,0.039000000804662704
YLR075W,YNR047W,0,0.1380425,0.07345971465110779,0.03099999949336052,0.03909999877214432
YGL144C,YOR272W,0,0.13762455,0.07328604906797409,0.03099999949336052,0.03920000046491623
YHR034C,YEL026W,0,0.13716446,0.07311321049928665,0.03099999949336052,0.03929999843239784
YML038C,YNR046W,0,0.13712011,0.07294117659330368,0.03099999949336052,0.039400000125169754
YHR068W,YGL136C,0,0.1370288,0.07276995480060577,0.03099999949336052,0.039500001817941666
YPL053C,YFL058W,0,0.13697918,0.07259953022003174,0.03099999949336052,0.03959999978542328
YAL068C,YEL026W,0,0.13670231,0.07242990285158157,0.03099999949336052,0.03970000147819519
YER003C,YOL164W,0,0.13612968,0.07226107269525528,0.03099999949336052,0.039799999445676804
YFR029W,YOR335C,0,0.13611475,0.07209302484989166,0.03099999949336052,0.039900001138448715
YDR299W,YCR005C,0,0.13611394,0.07192575186491013,0.03099999949336052,0.03999999910593033
YML051W,YDR345C,0,0.13603903,0.07175926119089127,0.03099999949336052,0.04010000079870224
YDR297W,YBL102W,0,0.13601829,0.07159353047609329,0.03099999949336052,0.04019999876618385
YCR028C-A,YOR123C,0,0.1357082,0.0714285746216774,0.03099999949336052,0.040300000458955765
YDR436W,YGR191W,0,0.13530084,0.0712643712759018,0.03099999949336052,0.04039999842643738
YPR138C,YIL039W,0,0.13518229,0.07110092043876648,0.03099999949336052,0.04050000011920929
YDL155W,YLR350W,0,0.13485046,0.07093821465969086,0.03099999949336052,0.0406000018119812
YLR060W,YPR007C,0,0.1345781,0.07077625393867493,0.03099999949336052,0.040699999779462814
YNR046W,YNR056C,0,0.13456345,0.07061503082513809,0.03099999949336052,0.040800001472234726
YOL147C,YEL071W,0,0.1345375,0.07045454531908035,0.03099999949336052,0.04089999943971634
YDR192C,YLR008C,1,0.13419096,0.07256235927343369,0.03200000151991844,0.04089999943971634
YML093W,YOR081C,0,0.13412903,0.07239819318056107,0.03200000151991844,0.04100000113248825
YKL042W,YLR144C,0,0.1339982,0.07223476469516754,0.03200000151991844,0.041099999099969864
YJL085W,YBR177C,0,0.13375835,0.07207207381725311,0.03200000151991844,0.041200000792741776
YDR295C,YKR060W,0,0.13369472,0.07191011309623718,0.03200000151991844,0.04129999876022339
YDR325W,YCR075C,0,0.13366981,0.07174888253211975,0.03200000151991844,0.0414000004529953
YPL096W,YER018C,0,0.13345635,0.07158836722373962,0.03200000151991844,0.04149999842047691
YLR376C,YBR084W,0,0.13337362,0.0714285746216774,0.03200000151991844,0.041600000113248825
YOL147C,YOR224C,0,0.1329,0.07126948982477188,0.03200000151991844,0.04170000180602074
YKL178C,YHR118C,0,0.13286944,0.07111111283302307,0.03200000151991844,0.04179999977350235
YDR456W,YLR084C,0,0.13269895,0.07095343619585037,0.03200000151991844,0.04190000146627426
YCL069W,YML021C,0,0.13257742,0.07079645991325378,0.03200000151991844,0.041999999433755875
YBR098W,YKR060W,0,0.1325588,0.07064017653465271,0.03200000151991844,0.042100001126527786
YHR190W,YML060W,0,0.13247636,0.07048457860946655,0.03200000151991844,0.0421999990940094
YML031W,YBL078C,1,0.1324209,0.07252747565507889,0.032999999821186066,0.0421999990940094
YJL069C,YKL178C,0,0.13231467,0.07236842066049576,0.032999999821186066,0.04230000078678131
YOR115C,YHR082C,0,0.13205291,0.07221006602048874,0.032999999821186066,0.042399998754262924
YLR176C,YLR155C,0,0.1318935,0.07205240428447723,0.032999999821186066,0.042500000447034836
YLR410W,YDR123C,0,0.13175978,0.07189542800188065,0.032999999821186066,0.04259999841451645
YDR191W,YLR026C,0,0.13169242,0.07173912972211838,0.032999999821186066,0.04270000010728836
YDR436W,YJL168C,0,0.13152735,0.07158351689577103,0.032999999821186066,0.04280000180006027
YMR128W,YKR097W,0,0.13129503,0.0714285746216774,0.032999999821186066,0.042899999767541885
YDL047W,YAL001C,0,0.13129163,0.0712742954492569,0.032999999821186066,0.0430000014603138
YIL121W,YML107C,0,0.13049044,0.07112068682909012,0.032999999821186066,0.04309999942779541
YLR193C,YNL059C,1,0.12978026,0.07311827689409256,0.03400000184774399,0.04309999942779541
YCL016C,YJR137C,0,0.12967312,0.07296137511730194,0.03400000184774399,0.04320000112056732
YLR276C,YMR077C,0,0.1295283,0.07280513644218445,0.03400000184774399,0.043299999088048935
YDR440W,YLR114C,0,0.1292517,0.07264957576990128,0.03400000184774399,0.04340000078082085
YDR436W,YFL004W,0,0.12902166,0.07249467074871063,0.03400000184774399,0.04349999874830246
YOL067C,YDL164C,0,0.12888817,0.07234042882919312,0.03400000184774399,0.04360000044107437
YML029W,YNR056C,0,0.1288576,0.07218683511018753,0.03400000184774399,0.043699998408555984
YDR295C,YGL111W,0,0.12871286,0.07203389704227448,0.03400000184774399,0.043800000101327896
YJL090C,YFR031C,0,0.12860602,0.07188160717487335,0.03400000184774399,0.04390000179409981
YLR135W,YPR199C,0,0.12846087,0.07172995805740356,0.03400000184774399,0.04399999976158142
YDR163W,YGR258C,0,0.12839973,0.07157894968986511,0.03400000184774399,0.04410000145435333
YDL227C,YDR381W,0,0.12838185,0.0714285746216774,0.03400000184774399,0.044199999421834946
YLL017W,YDR341C,0,0.12752526,0.07127882540225983,0.03400000184774399,0.04430000111460686
YPL275W,YBR127C,0,0.12740538,0.071129709482193,0.03400000184774399,0.04439999908208847
YAL022C,YBL051C,0,0.12727888,0.0709812119603157,0.03400000184774399,0.04450000077486038
YDL007W,YDR436W,0,0.12722121,0.07083333283662796,0.03400000184774399,0.044599998742341995
YIL002C,YNL062C,0,0.12701793,0.07068607211112976,0.03400000184774399,0.04470000043511391
YBR098W,YCR028C-A,0,0.12686191,0.07053942233324051,0.03400000184774399,0.04479999840259552
YLR265C,YNL251C,0,0.1266716,0.07039337605237961,0.03400000184774399,0.04490000009536743
YER044C-A,YAR033W,0,0.12665334,0.07024793326854706,0.03400000184774399,0.04500000178813934
YGR014W,YGR072W,0,0.12655246,0.07010309398174286,0.03400000184774399,0.045099999755620956
YMR015C,YGR157W,0,0.12650403,0.06995885074138641,0.03400000184774399,0.04520000144839287
YML113W,YGL122C,0,0.12638102,0.06981519609689713,0.03400000184774399,0.04529999941587448
YDL031W,YER178W,0,0.12610191,0.069672130048275,0.03400000184774399,0.04540000110864639
YLR182W,YGR024C,0,0.12609679,0.06952965259552002,0.03400000184774399,0.045499999076128006
YDR091C,YKL195W,1,0.12586689,0.0714285746216774,0.03500000014901161,0.045499999076128006
YJL087C,YOR187W,0,0.12552728,0.07128309458494186,0.03500000014901161,0.04560000076889992
YDL079C,YML060W,0,0.12541527,0.07113821059465408,0.03500000014901161,0.04569999873638153
YFL039C,YDR484W,0,0.12533097,0.07099391520023346,0.03500000014901161,0.04580000042915344
YMR156C,YER025W,0,0.12521109,0.0708502009510994,0.03500000014901161,0.045899998396635056
YFR034C,YDL126C,0,0.12502278,0.07070706784725189,0.03500000014901161,0.04600000008940697
YGL006W,YKR099W,0,0.124871284,0.07056451588869095,0.03500000014901161,0.04610000178217888
YDR247W,YGL120C,0,0.12481496,0.07042253762483597,0.03500000014901161,0.04619999974966049
YBR077C,YEL029C,0,0.12430823,0.07028112560510635,0.03500000014901161,0.046300001442432404
YNL326C,YGR211W,0,0.12429142,0.0701402798295021,0.03500000014901161,0.04639999940991402
YGR225W,YIL039W,0,0.12356576,0.07000000029802322,0.03500000014901161,0.04650000110268593
YMR182C,YOR058C,0,0.12351684,0.06986027956008911,0.03500000014901161,0.04659999907016754
YML043C,YKR007W,0,0.123401225,0.06972111761569977,0.03500000014901161,0.04670000076293945
YDL130W-A,YBR211C,0,0.12291844,0.0695825070142746,0.03500000014901161,0.046799998730421066
YPR065W,YIL038C,0,0.12271859,0.0694444477558136,0.03500000014901161,0.04690000042319298
YMR016C,YGL200C,0,0.122417435,0.06930693238973618,0.03500000014901161,0.04699999839067459
YML124C,YAL032C,0,0.12231,0.06916996091604233,0.03500000014901161,0.0471000000834465
YNR046W,YNL080C,0,0.12216352,0.06903353333473206,0.03500000014901161,0.047200001776218414
YOR304W,YLR060W,0,0.1220645,0.06889763474464417,0.03500000014901161,0.04729999974370003
YHR188C,YJR153W,0,0.12180948,0.06876228004693985,0.03500000014901161,0.04740000143647194
YLL024C,YKL195W,1,0.121712446,0.07058823853731155,0.035999998450279236,0.04740000143647194
YHR075C,YHR070W,0,0.12153937,0.07045009732246399,0.035999998450279236,0.04749999940395355
YGR123C,YCL069W,0,0.121477455,0.0703125,0.035999998450279236,0.047600001096725464
YGR279C,YKR099W,0,0.1214713,0.07017543911933899,0.035999998450279236,0.04769999906420708
YGR078C,YML025C,0,0.121429294,0.07003890722990036,0.035999998450279236,0.04780000075697899
YBR077C,YLR249W,0,0.1211251,0.06990291178226471,0.035999998450279236,0.0478999987244606
YKL108W,YOR224C,0,0.12005307,0.06976744532585144,0.035999998450279236,0.04800000041723251
YFR048W,YGR075C,0,0.11989328,0.06963249295949936,0.035999998450279236,0.04809999838471413
YKL195W,YGL099W,1,0.11955772,0.0714285746216774,0.03700000047683716,0.04809999838471413
YKL108W,YLR192C,0,0.11937052,0.07129094749689102,0.03700000047683716,0.04820000007748604
YLL017W,YOR002W,0,0.11932357,0.07115384936332703,0.03700000047683716,0.04830000177025795
YJL033W,YDR453C,0,0.1192721,0.07101727277040482,0.03700000047683716,0.04839999973773956
YMR016C,YNL239W,0,0.11898151,0.07088122516870499,0.03700000047683716,0.048500001430511475
YJR108W,YDR225W,0,0.11887723,0.07074569910764694,0.03700000047683716,0.04859999939799309
YNL001W,YPL283C,0,0.11837523,0.07061068713665009,0.03700000047683716,0.048700001090765
YDR456W,YGR118W,0,0.11824244,0.07047618925571442,0.03700000047683716,0.04879999905824661
YDR057W,YKL192C,0,0.117843956,0.07034220546483994,0.03700000047683716,0.048900000751018524
YKL101W,YPL106C,0,0.1176669,0.07020872831344604,0.03700000047683716,0.04899999871850014
YBR035C,YFL022C,0,0.1176476,0.07007575780153275,0.03700000047683716,0.04910000041127205
YFR034C,YHR082C,0,0.11746009,0.06994328647851944,0.03700000047683716,0.04919999837875366
YHL024W,YER122C,0,0.1173871,0.06981132179498672,0.03700000047683716,0.049300000071525574
YML055W,YMR153W,1,0.117109895,0.07156308740377426,0.03799999877810478,0.049300000071525574
YNL066W,YPL170W,0,0.11698434,0.0714285746216774,0.03799999877810478,0.049400001764297485
YBL074C,YPL110C,0,0.11696699,0.07129456102848053,0.03799999877810478,0.0494999997317791
YMR293C,YHR038W,0,0.11684902,0.07116104662418365,0.03799999877810478,0.04960000142455101
YNL256W,YBL040C,0,0.116562515,0.07102803885936737,0.03799999877810478,0.04969999939203262
YGR002C,YLR129W,0,0.11652495,0.07089552283287048,0.03799999877810478,0.049800001084804535
YJL069C,YOL126C,0,0.11643876,0.070763498544693,0.03799999877810478,0.04989999905228615
YBR186W,YKL170W,0,0.11612567,0.0706319734454155,0.03799999877810478,0.05000000074505806
YBR006W,YPR073C,0,0.11604929,0.0705009251832962,0.03799999877810478,0.05009999871253967
YDL028C,YER012W,0,0.11560126,0.07037036865949631,0.03799999877810478,0.050200000405311584
YJL039C,YHR163W,0,0.11556196,0.07024029642343521,0.03799999877810478,0.0502999983727932
YML057W,YDR075W,0,0.11543569,0.07011070102453232,0.03799999877810478,0.05040000006556511
YCR075C,YBR179C,0,0.11540699,0.06998158246278763,0.03799999877810478,0.05050000175833702
YGL194C,YEL053C,0,0.11540595,0.06985294073820114,0.03799999877810478,0.050599999725818634
YPL276W,YHL003C,0,0.11535704,0.06972476840019226,0.03799999877810478,0.050700001418590546
YML029W,YER171W,0,0.11519705,0.06959707289934158,0.03799999877810478,0.05079999938607216
YPR183W,YGR238C,0,0.11505742,0.06946983188390732,0.03799999877810478,0.05090000107884407
YDR244W,YPL243W,1,0.11499031,0.07116788625717163,0.039000000804662704,0.05090000107884407
YHR015W,YOL128C,0,0.11496265,0.07103825360536575,0.039000000804662704,0.050999999046325684
YHR061C,YDR456W,0,0.114865884,0.07090909034013748,0.039000000804662704,0.051100000739097595
YIR015W,YOL091W,0,0.114800304,0.07078039646148682,0.039000000804662704,0.05119999870657921
YGL194C,YLR009W,0,0.11457579,0.07065217196941376,0.039000000804662704,0.05130000039935112
YDL079C,YNL062C,0,0.114444,0.07052440941333771,0.039000000804662704,0.05139999836683273
YDR324C,YFR027W,0,0.11434679,0.07039710879325867,0.039000000804662704,0.051500000059604645
YDR436W,YAL038W,0,0.11390497,0.07027027010917664,0.039000000804662704,0.051600001752376556
YIL122W,YGR191W,0,0.11365713,0.07014388591051102,0.039000000804662704,0.05169999971985817
YJR077C,YGR075C,0,0.11335848,0.07001795619726181,0.039000000804662704,0.05180000141263008
YJL087C,YBR273C,0,0.11328325,0.06989247351884842,0.039000000804662704,0.051899999380111694
YML075C,YJR013W,0,0.113107696,0.06976744532585144,0.039000000804662704,0.052000001072883606
YCL034W,YGR276C,0,0.11309986,0.06964285671710968,0.039000000804662704,0.05209999904036522
YOL069W,YML057W,0,0.112362504,0.06951871514320374,0.039000000804662704,0.05220000073313713
YLR008C,YDR495C,1,0.11233254,0.07117437571287155,0.03999999910593033,0.05220000073313713
YLR167W,YKL070W,0,0.11178696,0.07104795426130295,0.03999999910593033,0.052299998700618744
YOR304W,YNL312W,0,0.111432195,0.07092198729515076,0.03999999910593033,0.052400000393390656
YEL050C,YGR002C,0,0.11118473,0.07079645991325378,0.03999999910593033,0.05249999836087227
YJL069C,YKL175W,0,0.11110659,0.07067137956619263,0.03999999910593033,0.05260000005364418
YNR019W,YLR192C,0,0.11107087,0.07054673880338669,0.03999999910593033,0.05270000174641609
YJL117W,YDR477W,0,0.1103366,0.07042253762483597,0.03999999910593033,0.052799999713897705
YGR078C,YMR096W,0,0.11018331,0.07029876857995987,0.03999999910593033,0.05290000140666962
YCL025C,YNL259C,0,0.11006874,0.07017543911933899,0.03999999910593033,0.05299999937415123
YGL006W,YDL150W,0,0.11002748,0.07005254179239273,0.03999999910593033,0.05310000106692314
YHR015W,YLR376C,0,0.10976088,0.0699300691485405,0.03999999910593033,0.053199999034404755
YPL232W,YMR268C,0,0.109684184,0.06980802863836288,0.03999999910593033,0.053300000727176666
YDR091C,YNR007C,1,0.109504074,0.0714285746216774,0.04100000113248825,0.053300000727176666
YGL200C,YNR064C,0,0.10920207,0.07130435109138489,0.04100000113248825,0.05339999869465828
YJR090C,YOL164W,0,0.10915357,0.0711805522441864,0.04100000113248825,0.05350000038743019
YKL144C,YKL070W,0,0.10912658,0.07105719298124313,0.04100000113248825,0.053599998354911804
YCL025C,YAL026C,0,0.108999744,0.07093425840139389,0.04100000113248825,0.053700000047683716
YIL101C,YDR341C,0,0.10891034,0.07081174105405807,0.04100000113248825,0.05380000174045563
YDR179C,YLR026C,0,0.108799875,0.07068965584039688,0.04100000113248825,0.05389999970793724
YLR075W,YLR098C,0,0.10878417,0.07056798785924911,0.04100000113248825,0.05400000140070915
YLR221C,YLR155C,0,0.10853709,0.07044673711061478,0.04100000113248825,0.054099999368190765
YBR185C,YLR155C,0,0.10848814,0.07032590359449387,0.04100000113248825,0.05420000106096268
YNL326C,YPL283C,0,0.10806854,0.07020547986030579,0.04100000113248825,0.05429999902844429
YKR029C,YHR020W,0,0.10792829,0.07008547335863113,0.04100000113248825,0.0544000007212162
YKL170W,YOR056C,0,0.107711405,0.06996586918830872,0.04100000113248825,0.054499998688697815
YBR002C,YMR156C,0,0.107440725,0.06984667479991913,0.04100000113248825,0.05460000038146973
YOL005C,YIL154C,0,0.10669905,0.06972789019346237,0.04100000113248825,0.05469999834895134
YOL054W,YDR308C,0,0.10620749,0.06960950791835785,0.04100000113248825,0.05480000004172325
YNL267W,YHR053C,0,0.1062042,0.06949152797460556,0.04100000113248825,0.05490000173449516
YIR015W,YJL060W,0,0.106003016,0.06937394291162491,0.04100000113248825,0.054999999701976776
YBL018C,YJR153W,0,0.105743185,0.06925676017999649,0.04100000113248825,0.05510000139474869
YLR129W,YJL113W,0,0.105450764,0.06913996487855911,0.04100000113248825,0.0551999993622303
YPL069C,YDL160C,0,0.10538593,0.06902357190847397,0.04100000113248825,0.05530000105500221
YCR084C,YPL267W,0,0.10531774,0.06890756636857986,0.04100000113248825,0.055399999022483826
YML051W,YDL015C,0,0.10522924,0.0687919482588768,0.04100000113248825,0.05550000071525574
YML043C,YPL110C,0,0.10514274,0.06867671757936478,0.04100000113248825,0.05559999868273735
YBR006W,YIR012W,0,0.10509513,0.06856187433004379,0.04100000113248825,0.05570000037550926
YAL024C,YDL130W-A,0,0.10501908,0.06844741106033325,0.04100000113248825,0.055799998342990875
YIL066C,YOR076C,0,0.10497239,0.06833333522081375,0.04100000113248825,0.05590000003576279
YGR225W,YML109W,0,0.10494302,0.0682196319103241,0.04100000113248825,0.0560000017285347
YJL133W,YLR005W,0,0.10493578,0.06810630857944489,0.04100000113248825,0.05609999969601631
YLR035C-A,YIL049W,0,0.104839295,0.06799336522817612,0.04100000113248825,0.05620000138878822
YLL056C,YNL129W,0,0.104833886,0.0678807944059372,0.04100000113248825,0.056299999356269836
YFL058W,YFL022C,0,0.10482825,0.06776859611272812,0.04100000113248825,0.05640000104904175
YPL196W,YGR245C,0,0.104737744,0.06765676289796829,0.04100000113248825,0.05649999901652336
YDR191W,YLR410W,0,0.104630694,0.06754530221223831,0.04100000113248825,0.05660000070929527
YHR075C,YDR450W,0,0.10451257,0.06743421405553818,0.04100000113248825,0.056699998676776886
YDR244W,YMR235C,1,0.10446723,0.06896551698446274,0.041999999433755875,0.056699998676776886
YLL024C,YCL038C,1,0.10434562,0.07049180567264557,0.0430000014603138,0.056699998676776886
YAL056W,YLR060W,0,0.104231566,0.0703764334321022,0.0430000014603138,0.0568000003695488
YER068W,YER061C,0,0.10417402,0.07026144117116928,0.0430000014603138,0.05689999833703041
YER015W,YNL318C,0,0.10389604,0.0701468214392662,0.0430000014603138,0.05700000002980232
YCL025C,YLR210W,0,0.10378912,0.07003257423639297,0.0430000014603138,0.057100001722574234
YPR132W,YER068W,0,0.103531,0.06991869956254959,0.0430000014603138,0.05719999969005585
YJL170C,YLR035C-A,0,0.10322581,0.06980519741773605,0.0430000014603138,0.05730000138282776
YML055W,YKL143W,1,0.10309155,0.0713128075003624,0.04399999976158142,0.05730000138282776
YBR257W,YJL072C,0,0.10295817,0.07119741290807724,0.04399999976158142,0.05739999935030937
YKL192C,YOR171C,0,0.10287835,0.07108239084482193,0.04399999976158142,0.057500001043081284
YHR143W-A,YDL160C,0,0.10247269,0.07096774131059647,0.04399999976158142,0.0575999990105629
YML124C,YGR238C,0,0.102146775,0.07085346430540085,0.04399999976158142,0.05770000070333481
YGL078C,YAL034W-A,0,0.10209185,0.07073955237865448,0.04399999976158142,0.05779999867081642
YHR020W,YKL070W,0,0.10181007,0.07062600553035736,0.04399999976158142,0.05790000036358833
YGL078C,YKL192C,0,0.10124025,0.07051282376050949,0.04399999976158142,0.057999998331069946
YPR183W,YPL276W,0,0.10105385,0.07039999961853027,0.04399999976158142,0.05810000002384186
YML092C,YFL050C,0,0.10097177,0.0702875405550003,0.04399999976158142,0.05820000171661377
YER062C,YLR298C,0,0.10090953,0.07017543911933899,0.04399999976158142,0.05829999968409538
YBR256C,YMR212C,0,0.10089509,0.07006369531154633,0.04399999976158142,0.058400001376867294
YBL074C,YHR055C,0,0.10085344,0.06995230168104172,0.04399999976158142,0.05849999934434891
YPL130W,YOL069W,0,0.10059869,0.06984127312898636,0.04399999976158142,0.05860000103712082
YMR060C,YDL079C,0,0.10047811,0.06973058730363846,0.04399999976158142,0.05869999900460243
YML093W,YJR083C,0,0.100447506,0.06962025165557861,0.04399999976158142,0.058800000697374344
YER108C,YBR273C,0,0.10008048,0.06951026618480682,0.04399999976158142,0.05889999866485596
YDR325W,YGR054W,0,0.09986596,0.06940063089132309,0.04399999976158142,0.05900000035762787
YNR064C,YMR080C,0,0.09981621,0.06929133832454681,0.04399999976158142,0.05909999832510948
YLR075W,YIL036W,0,0.09966892,0.069182388484478,0.04399999976158142,0.05920000001788139
YJL087C,YBR136W,0,0.09959574,0.06907378137111664,0.04399999976158142,0.059300001710653305
YNR007C,YER009W,1,0.09954493,0.0705329179763794,0.04500000178813934,0.059300001710653305
YML058W-A,YPL126W,0,0.09941779,0.07042253762483597,0.04500000178813934,0.05939999967813492
YMR026C,YBR217W,1,0.09940635,0.07187499850988388,0.04600000008940697,0.05939999967813492
YMR309C,YDR263C,0,0.09939337,0.07176286727190018,0.04600000008940697,0.05950000137090683
YEL026W,YML128C,0,0.099293336,0.07165109366178513,0.04600000008940697,0.05959999933838844
YJL104W,YHR083W,1,0.09928924,0.07309486716985703,0.04699999839067459,0.05959999933838844
YKL108W,YBL003C,0,0.09919377,0.07298136502504349,0.04699999839067459,0.059700001031160355
YDR255C,YKR056W,0,0.09893273,0.0728682205080986,0.04699999839067459,0.05979999899864197
YMR296C,YHR088W,0,0.09880562,0.07275541871786118,0.04699999839067459,0.05990000069141388
YIL110W,YDR484W,0,0.09867922,0.0726429671049118,0.04699999839067459,0.05999999865889549
YDR477W,YMR050C,0,0.09843925,0.07253086566925049,0.04699999839067459,0.060100000351667404
YGR161C,YER126C,0,0.098101154,0.07241910696029663,0.04699999839067459,0.06019999831914902
YHR204W,YOR117W,0,0.09807703,0.07230769097805023,0.04699999839067459,0.06030000001192093
YER145C,YHR001W,0,0.09803097,0.07219661772251129,0.04699999839067459,0.06040000170469284
YIL037C,YDL047W,0,0.097867385,0.07208588719367981,0.04699999839067459,0.060499999672174454
YBR057C,YGL206C,0,0.09746593,0.07197549939155579,0.04699999839067459,0.060600001364946365
YJL033W,YDL160C,0,0.097448915,0.07186544686555862,0.04699999839067459,0.06069999933242798
YER082C,YIL066C,0,0.09739256,0.07175572216510773,0.04699999839067459,0.06080000102519989
YAR007C,YML060W,0,0.09729767,0.07164634019136429,0.04699999839067459,0.0608999989926815
YBL058W,YOR081C,0,0.09723328,0.07153729349374771,0.04699999839067459,0.061000000685453415
YNL126W,YCR102C,0,0.09714855,0.0714285746216774,0.04699999839067459,0.06109999865293503
YER087C-A,YBR217W,1,0.097012,0.07283763587474823,0.04800000041723251,0.06109999865293503
YBR228W,YGR214W,0,0.096967384,0.072727270424366,0.04800000041723251,0.06120000034570694
YER005W,YLR051C,0,0.09687169,0.07261724770069122,0.04800000041723251,0.06129999831318855
YNL225C,YGL219C,0,0.096706614,0.07250755280256271,0.04800000041723251,0.061400000005960464
YDR123C,YMR212C,0,0.09657195,0.07239819318056107,0.04800000041723251,0.061500001698732376
YMR309C,YKL203C,0,0.09649595,0.07228915393352509,0.04800000041723251,0.06159999966621399
YDL150W,YOR147W,0,0.096199036,0.07218044996261597,0.04800000041723251,0.0617000013589859
YHR083W,YER009W,1,0.09610385,0.07357357442378998,0.04899999871850014,0.0617000013589859
YOR076C,YKL101W,0,0.09603068,0.07346326857805252,0.04899999871850014,0.061799999326467514
YJL026W,YDR170W-A,0,0.095750645,0.07335329055786133,0.04899999871850014,0.061900001019239426
YML013W,YKL144C,0,0.09573701,0.073243647813797,0.04899999871850014,0.06199999898672104
YOR147W,YBL003C,0,0.095703915,0.07313432544469833,0.04899999871850014,0.06210000067949295
YJL008C,YGR014W,0,0.09565366,0.07302533835172653,0.04899999871850014,0.062199998646974564
YBR172C,YPL275W,0,0.09556122,0.0729166641831398,0.04899999871850014,0.062300000339746475
YLL016W,YFL004W,0,0.09555119,0.07280831784009933,0.04899999871850014,0.06239999830722809
YGL120C,YBR273C,0,0.09519145,0.07270029932260513,0.04899999871850014,0.0625
YPL175W,YDR453C,0,0.0950813,0.072592593729496,0.04899999871850014,0.06260000169277191
YGL025C,YPR009W,0,0.09501131,0.07248520851135254,0.04899999871850014,0.06270000338554382
YHR163W,YLR068W,0,0.094809845,0.07237813621759415,0.04899999871850014,0.06279999762773514
YNR047W,YLR026C,0,0.09470169,0.07227138429880142,0.04899999871850014,0.06289999932050705
YNL318C,YOL095C,0,0.094604,0.07216494530439377,0.04899999871850014,0.06300000101327896
YPR074C,YJL113W,0,0.09445055,0.07205882668495178,0.04899999871850014,0.06310000270605087
YCR082W,YGL028C,0,0.09424956,0.07195301353931427,0.04899999871850014,0.06319999694824219
YIL036W,YER108C,0,0.09418517,0.07184750586748123,0.04899999871850014,0.0632999986410141
YDR236C,YBR077C,0,0.09414478,0.07174231112003326,0.04899999871850014,0.06340000033378601
YAR019C,YDR353W,0,0.09404562,0.07163742929697037,0.04899999871850014,0.06350000202655792
YLR376C,YGR225W,0,0.09378557,0.07153284549713135,0.04899999871850014,0.06360000371932983
YHR079C-B,YMR060C,0,0.09374728,0.0714285746216774,0.04899999871850014,0.06369999796152115
YBR179C,YDL130W,0,0.09337562,0.07132460176944733,0.04899999871850014,0.06379999965429306
YPL181W,YIL121W,0,0.092994094,0.07122092694044113,0.04899999871850014,0.06390000134706497
YNL326C,YLR298C,0,0.09271793,0.07111756503582001,0.04899999871850014,0.06400000303983688
YDR244W,YKR065C,1,0.0926355,0.07246376574039459,0.05000000074505806,0.06400000303983688
YLR431C,YDL088C,1,0.09216142,0.07380607724189758,0.050999999046325684,0.06400000303983688
YFL002C,YLL041C,0,0.091924906,0.07369942218065262,0.050999999046325684,0.0640999972820282
YIL153W,YLR081W,0,0.09177308,0.07359307259321213,0.050999999046325684,0.06419999897480011
YMR283C,YIL049W,0,0.09176965,0.07348702847957611,0.050999999046325684,0.06430000066757202
YDL227C,YLR115W,0,0.09145656,0.07338129729032516,0.050999999046325684,0.06440000236034393
YDR135C,YCR020C,0,0.09141416,0.0732758641242981,0.050999999046325684,0.06449999660253525
YGL071W,YDR225W,0,0.091356725,0.0731707289814949,0.050999999046325684,0.06459999829530716
YDL194W,YMR015C,0,0.091269836,0.07306589931249619,0.050999999046325684,0.06469999998807907
YER024W,YDL130W,0,0.09125228,0.07296137511730194,0.050999999046325684,0.06480000168085098
YLL056C,YML060W,0,0.0909348,0.07285714149475098,0.050999999046325684,0.0649000033736229
YER082C,YKL178C,0,0.09054437,0.07275321334600449,0.050999999046325684,0.06499999761581421
YMR309C,YPL147W,0,0.090296894,0.07264957576990128,0.050999999046325684,0.06509999930858612
YER018C,YLR088W,0,0.0902877,0.07254622876644135,0.050999999046325684,0.06520000100135803
YIL153W,YCR020C,0,0.09026669,0.07244317978620529,0.050999999046325684,0.06530000269412994
YLR026C,YER116C,0,0.090235665,0.07234042882919312,0.050999999046325684,0.06539999693632126
YJL170C,YLR068W,0,0.08994256,0.07223796099424362,0.050999999046325684,0.06549999862909317
YDR263C,YGR192C,0,0.08985278,0.07213578373193741,0.050999999046325684,0.06560000032186508
YLR005W,YGL106W,0,0.08984281,0.07203389704227448,0.050999999046325684,0.065700002014637
YML093W,YML058W-A,0,0.089709565,0.07193230092525482,0.050999999046325684,0.0658000037074089
YML043C,YAL001C,0,0.08960812,0.07183098793029785,0.050999999046325684,0.06589999794960022
YML075C,YBR092C,0,0.08926828,0.07172995805740356,0.050999999046325684,0.06599999964237213
YOR243C,YBR273C,0,0.08920595,0.07162921130657196,0.050999999046325684,0.06610000133514404
YLR453C,YDR418W,0,0.08910313,0.07152875512838364,0.050999999046325684,0.06620000302791595
YKR056W,YDR277C,0,0.08902012,0.0714285746216774,0.050999999046325684,0.06629999727010727
YLR340W,YGL180W,0,0.089009464,0.07132866978645325,0.050999999046325684,0.06639999896287918
YPL123C,YNR011C,0,0.08895101,0.07122904807329178,0.050999999046325684,0.06650000065565109
YPL275W,YDR385W,0,0.08894168,0.071129709482193,0.050999999046325684,0.066600002348423
YCR066W,YDL081C,0,0.088931486,0.0710306391119957,0.050999999046325684,0.06669999659061432
YCL034W,YIR012W,0,0.08884585,0.07093185186386108,0.050999999046325684,0.06679999828338623
YLR060W,YJL013C,0,0.08848311,0.07083333283662796,0.050999999046325684,0.06689999997615814
YCR026C,YNR011C,0,0.08815956,0.07073508948087692,0.050999999046325684,0.06700000166893005
YAL022C,YKL064W,0,0.0880135,0.07063712179660797,0.050999999046325684,0.06710000336170197
YDR086C,YMR035W,1,0.08773146,0.07192254811525345,0.052000001072883606,0.06710000336170197
YHR055C,YBL090W,0,0.08755261,0.07182320207357407,0.052000001072883606,0.06719999760389328
YGL032C,YER173W,0,0.08749831,0.07172413915395737,0.052000001072883606,0.06729999929666519
YJL117W,YKR089C,0,0.08742702,0.07162534445524216,0.052000001072883606,0.0674000009894371
YLR081W,YHR163W,0,0.08690937,0.07152682542800903,0.052000001072883606,0.06750000268220901
YFL004W,YMR036C,0,0.08682242,0.0714285746216774,0.052000001072883606,0.06759999692440033
YLR394W,YGL187C,0,0.086660236,0.07133059203624725,0.052000001072883606,0.06769999861717224
YDR299W,YJR077C,0,0.08654025,0.0712328776717186,0.052000001072883606,0.06780000030994415
YOR156C,YIL076W,0,0.086333886,0.07113543152809143,0.052000001072883606,0.06790000200271606
YDL052C,YGR179C,0,0.08632983,0.07103825360536575,0.052000001072883606,0.06800000369548798
YDR345C,YDR179C,0,0.08631565,0.07094133645296097,0.052000001072883606,0.06809999793767929
YBR102C,YNL065W,0,0.08610386,0.07084468752145767,0.052000001072883606,0.0681999996304512
YPL160W,YBL102W,0,0.08591327,0.07074829936027527,0.052000001072883606,0.06830000132322311
YPR138C,YDL150W,0,0.085907474,0.07065217196941376,0.052000001072883606,0.06840000301599503
YCL005W-A,YGR010W,0,0.08584583,0.07055631279945374,0.052000001072883606,0.06849999725818634
YEL066W,YPL159C,0,0.085828766,0.07046070694923401,0.052000001072883606,0.06859999895095825
YHR084W,YJL113W,0,0.08580315,0.07036536186933517,0.052000001072883606,0.06870000064373016
YDR436W,YOL128C,0,0.08510089,0.07027027010917664,0.052000001072883606,0.06880000233650208
YBR228W,YDL081C,0,0.0848708,0.07017543911933899,0.052000001072883606,0.06889999657869339
YNR007C,YML031W,1,0.08481072,0.0714285746216774,0.05299999937415123,0.06889999657869339
YNL326C,YIL101C,0,0.08480296,0.07133243978023529,0.05299999937415123,0.0689999982714653
YMR267W,YGL111W,0,0.08453511,0.07123655825853348,0.05299999937415123,0.06909999996423721
YLR081W,YDL130W-A,0,0.084417015,0.07114093750715256,0.05299999937415123,0.06920000165700912
YDR170W-A,YDR073W,0,0.08438772,0.07104557752609253,0.05299999937415123,0.06930000334978104
YBR060C,YER020W,0,0.08430375,0.0709504708647728,0.05299999937415123,0.06939999759197235
YIR019C,YDR092W,0,0.08428307,0.07085561752319336,0.05299999937415123,0.06949999928474426
YOR245C,YLR249W,0,0.08409573,0.07076101750135422,0.05299999937415123,0.06960000097751617
YHR015W,YBR182C,0,0.08407453,0.07066666334867477,0.05299999937415123,0.06970000267028809
YDR165W,YJR155W,0,0.08402315,0.07057256996631622,0.05299999937415123,0.0697999969124794
YJL033W,YCR005C,0,0.0839594,0.07047872245311737,0.05299999937415123,0.06989999860525131
YBR085W,YLR035C-A,0,0.08388844,0.07038512825965881,0.05299999937415123,0.07000000029802322
YER049W,YKR009C,0,0.08331765,0.07029177993535995,0.05299999937415123,0.07010000199079514
YPR200C,YEL026W,0,0.083248734,0.0701986774802208,0.05299999937415123,0.07020000368356705
YHR006W,YJL069C,0,0.08322872,0.07010582089424133,0.05299999937415123,0.07029999792575836
YGR262C,YDR398W,0,0.082921416,0.07001321017742157,0.05299999937415123,0.07039999961853027
YBR142W,YFL039C,0,0.082766965,0.0699208453297615,0.05299999937415123,0.07050000131130219
YLR340W,YDR311W,0,0.082737684,0.06982871890068054,0.05299999937415123,0.0706000030040741
YPL196W,YMR246W,0,0.08257075,0.06973684579133987,0.05299999937415123,0.07069999724626541
YPL181W,YGL194C,0,0.08250958,0.06964520364999771,0.05299999937415123,0.07079999893903732
YMR267W,YKL070W,0,0.08238576,0.06955380737781525,0.05299999937415123,0.07090000063180923
YLR276C,YLR329W,0,0.08238058,0.06946264952421188,0.05299999937415123,0.07100000232458115
YLR316C,YBR035C,0,0.08226299,0.06937173008918762,0.05299999937415123,0.07109999656677246
YPR020W,YPR201W,0,0.08225739,0.06928104907274246,0.05299999937415123,0.07119999825954437
YLR340W,YBR020W,0,0.08222777,0.0691905990242958,0.05299999937415123,0.07129999995231628
YHR015W,YLR144C,0,0.08197509,0.06910039484500885,0.05299999937415123,0.0714000016450882
YIR019C,YCR092C,0,0.08196533,0.0690104141831398,0.05299999937415123,0.07150000333786011
YJL090C,YDR484W,0,0.081859946,0.06892067939043045,0.05299999937415123,0.07159999758005142
YHR204W,YCR082W,0,0.081775844,0.06883116811513901,0.05299999937415123,0.07169999927282333
YGR276C,YJR013W,0,0.081744224,0.06874189525842667,0.05299999937415123,0.07180000096559525
YGR289C,YLR144C,0,0.08146702,0.06865285336971283,0.05299999937415123,0.07190000265836716
YIR022W,YNR007C,1,0.08144538,0.06985769420862198,0.05400000140070915,0.07190000265836716
YML029W,YER061C,0,0.08141582,0.06976744532585144,0.05400000140070915,0.07199999690055847
YKL143W,YEL013W,1,0.0811048,0.07096774131059647,0.054999999701976776,0.07199999690055847
YDR263C,YBR127C,0,0.08107167,0.07087628543376923,0.054999999701976776,0.07209999859333038
YCL025C,YKR028W,0,0.081061274,0.07078506797552109,0.054999999701976776,0.0722000002861023
YDR170W-A,YMR065W,0,0.081013225,0.07069408893585205,0.054999999701976776,0.0723000019788742
YGL099W,YNR007C,1,0.08072828,0.07188703119754791,0.0560000017285347,0.0723000019788742
YIL009C-A,YAL001C,0,0.08057928,0.07179487496614456,0.0560000017285347,0.07240000367164612
YJL173C,YDL227C,0,0.07993479,0.07170294225215912,0.0560000017285347,0.07249999791383743
YHR055C,YLR088W,0,0.07976173,0.07161125540733337,0.0560000017285347,0.07259999960660934
YGR217W,YGR054W,0,0.07971789,0.07151979207992554,0.0560000017285347,0.07270000129938126
YPL160W,YIL101C,0,0.07960366,0.0714285746216774,0.0560000017285347,0.07280000299215317
YML116W,YJL074C,0,0.079442635,0.07133758068084717,0.0560000017285347,0.07289999723434448
YJR083C,YIR019C,0,0.07926604,0.07124681770801544,0.0560000017285347,0.0729999989271164
YOL146W,YGR186W,0,0.07924554,0.07115629315376282,0.0560000017285347,0.0731000006198883
YDL088C,YIL149C,1,0.079172045,0.07233502715826035,0.05700000002980232,0.0731000006198883
YJL087C,YKL194C,0,0.07886918,0.0722433477640152,0.05700000002980232,0.07320000231266022
YJL006C,YMR096W,0,0.078515396,0.07215189933776855,0.05700000002980232,0.07329999655485153
YOL124C,YBL100W-B,0,0.07851088,0.07206068187952042,0.05700000002980232,0.07339999824762344
YMR260C,YAL026C,0,0.07841644,0.07196969538927078,0.05700000002980232,0.07349999994039536
YDR086C,YCL038C,1,0.07827853,0.0731399729847908,0.057999998331069946,0.07349999994039536
YLR423C,YDR087C,0,0.07821256,0.07304786145687103,0.057999998331069946,0.07360000163316727
YPR201W,YER171W,0,0.078095034,0.07295597344636917,0.057999998331069946,0.07370000332593918
YIL117C,YJR006W,0,0.07793237,0.07286432385444641,0.057999998331069946,0.0737999975681305
YDL155W,YDR284C,0,0.077922955,0.07277289777994156,0.057999998331069946,0.0738999992609024
YGL006W,YOL034W,0,0.07778981,0.07268170267343521,0.057999998331069946,0.07400000095367432
YLR176C,YPL228W,0,0.077719316,0.07259073853492737,0.057999998331069946,0.07410000264644623
YIL122W,YMR234W,0,0.07758659,0.07249999791383743,0.057999998331069946,0.07419999688863754
YJL010C,YBR256C,0,0.0772616,0.072409488260746,0.057999998331069946,0.07429999858140945
YOR355W,YBL102W,0,0.07715981,0.07231920212507248,0.057999998331069946,0.07440000027418137
YDL079C,YGR112W,0,0.077084035,0.07222913950681686,0.057999998331069946,0.07450000196695328
YOR344C,YIL154C,0,0.07686202,0.07213930040597916,0.057999998331069946,0.07460000365972519
YNR038W,YDL004W,0,0.076615825,0.07204969227313995,0.057999998331069946,0.0746999979019165
YMR033W,YDR453C,0,0.076610774,0.07196030020713806,0.057999998331069946,0.07479999959468842
YNL045W,YHR053C,0,0.07659654,0.07187112420797348,0.057999998331069946,0.07490000128746033
YGL155W,YKR009C,0,0.07659526,0.0717821791768074,0.057999998331069946,0.07500000298023224
YLR081W,YHR020W,0,0.07650374,0.07169345021247864,0.057999998331069946,0.07509999722242355
YNL001W,YHL024W,0,0.076341346,0.07160493731498718,0.057999998331069946,0.07519999891519547
YCL069W,YER061C,0,0.07633796,0.07151664793491364,0.057999998331069946,0.07530000060796738
YJL134W,YPL138C,0,0.07624148,0.0714285746216774,0.057999998331069946,0.07540000230073929
YBR136W,YDR247W,0,0.07617049,0.07134070992469788,0.057999998331069946,0.0754999965429306
YML075C,YHR082C,0,0.075529724,0.07125306874513626,0.057999998331069946,0.07559999823570251
YPR010C,YER018C,0,0.0752279,0.07116564363241196,0.057999998331069946,0.07569999992847443
YLR060W,YFL011W-A,0,0.07500869,0.07107843458652496,0.057999998331069946,0.07580000162124634
YKL189W,YAL022C,0,0.07500586,0.07099143415689468,0.057999998331069946,0.07590000331401825
YOR335C,YGL048C,0,0.07487665,0.07090464234352112,0.057999998331069946,0.07599999755620956
YER166W,YJL069C,0,0.07481974,0.07081807404756546,0.057999998331069946,0.07609999924898148
YBR210W,YOR147W,0,0.0746319,0.07073170691728592,0.057999998331069946,0.07620000094175339
YGL078C,YDL100C,0,0.0746247,0.07064555585384369,0.057999998331069946,0.0763000026345253
YER145C,YML098W,0,0.07450749,0.07055961340665817,0.057999998331069946,0.07639999687671661
YJL090C,YOR113W,0,0.074460894,0.07047387957572937,0.057999998331069946,0.07649999856948853
YNR047W,YGR075C,0,0.07443909,0.07038834691047668,0.057999998331069946,0.07660000026226044
YMR309C,YLR035C-A,0,0.074300155,0.07030303031206131,0.057999998331069946,0.07670000195503235
YKR009C,YML109W,0,0.07427262,0.07021791487932205,0.057999998331069946,0.07680000364780426
YPR067W,YHR143W-A,0,0.07421753,0.07013300806283951,0.057999998331069946,0.07689999788999557
YKR057W,YGL071W,0,0.07416305,0.07004830986261368,0.057999998331069946,0.07699999958276749
YGR262C,YNL274C,0,0.07412076,0.06996381282806396,0.057999998331069946,0.0771000012755394
YDR153C,YER009W,1,0.074104294,0.07108433544635773,0.05900000035762787,0.0771000012755394
YLR394W,YMR301C,0,0.07390201,0.07099879533052444,0.05900000035762787,0.07720000296831131
YDR303C,YAR010C,0,0.07350382,0.07091346383094788,0.05900000035762787,0.07729999721050262
YNR035C,YFL050C,0,0.07349657,0.07082833349704742,0.05900000035762787,0.07739999890327454
YGR092W,YDL130W,0,0.0734085,0.07074340432882309,0.05900000035762787,0.07750000059604645
YLR129W,YCL029C,0,0.073322594,0.07065868377685547,0.05900000035762787,0.07760000228881836
YBR228W,YPL276W,0,0.07320732,0.07057416439056396,0.05900000035762787,0.07769999653100967
YHR006W,YML043C,0,0.072875485,0.07048984616994858,0.05900000035762787,0.07779999822378159
YER024W,YEL029C,0,0.07282744,0.07040572911500931,0.05900000035762787,0.0778999999165535
YLR192C,YBR092C,0,0.07272096,0.07032181322574615,0.05900000035762787,0.07800000160932541
YDL052C,YFR048W,0,0.07272076,0.07023809850215912,0.05900000035762787,0.07810000330209732
YAR007C,YER018C,0,0.07268269,0.0701545774936676,0.05900000035762787,0.07819999754428864
YOL005C,YMR238W,0,0.072488666,0.0700712576508522,0.05900000035762787,0.07829999923706055
YML024W,YNL267W,0,0.07247384,0.06998813897371292,0.05900000035762787,0.07840000092983246
YDL227C,YER174C,0,0.07240023,0.06990521401166916,0.05900000035762787,0.07850000262260437
YMR150C,YFR002W,1,0.07237941,0.0710059180855751,0.05999999865889549,0.07850000262260437
YBR217W,YGL016W,1,0.07236926,0.07210402190685272,0.061000000685453415,0.07850000262260437
YPL276W,YNR046W,0,0.072354704,0.07201889157295227,0.061000000685453415,0.07859999686479568
YMR150C,YNR007C,1,0.07232279,0.07311321049928665,0.06199999898672104,0.07859999686479568
YBR098W,YEL050C,0,0.07225588,0.07302708923816681,0.06199999898672104,0.0786999985575676
YOL011W,YGR179C,0,0.07222642,0.07294117659330368,0.06199999898672104,0.07880000025033951
YBR085W,YCR067C,0,0.072169065,0.07285546511411667,0.06199999898672104,0.07890000194311142
YGR156W,YDR122W,0,0.07201065,0.07276995480060577,0.06199999898672104,0.07900000363588333
YAL056W,YLR129W,0,0.07177001,0.072684645652771,0.06199999898672104,0.07909999787807465
YGL078C,YOL088C,0,0.07156922,0.07259953022003174,0.06199999898672104,0.07919999957084656
YOL005C,YOR187W,0,0.07143167,0.0725146234035492,0.06199999898672104,0.07930000126361847
YPR200C,YGL120C,0,0.07132612,0.07242990285158157,0.06199999898672104,0.07940000295639038
YDR277C,YBR211C,0,0.07120372,0.07234539091587067,0.06199999898672104,0.0794999971985817
YNL078W,YDR013W,0,0.07116485,0.07226107269525528,0.06199999898672104,0.07959999889135361
YNL002C,YER003C,0,0.07076205,0.07217694818973541,0.06199999898672104,0.07970000058412552
YML121W,YBR135W,0,0.07048012,0.07209302484989166,0.06199999898672104,0.07980000227689743
YOL011W,YJR140C,0,0.07044545,0.07200929522514343,0.06199999898672104,0.07989999651908875
YAL002W,YLR145W,0,0.070392266,0.07192575186491013,0.06199999898672104,0.07999999821186066
YGR276C,YBL003C,0,0.070285305,0.07184240967035294,0.06199999898672104,0.08009999990463257
YMR150C,YLR008C,1,0.07023089,0.0729166641831398,0.06300000101327896,0.08009999990463257
YNL047C,YDR309C,0,0.07021858,0.0728323683142662,0.06300000101327896,0.08020000159740448
YML075C,YEL002C,0,0.07011178,0.07274826616048813,0.06300000101327896,0.08030000329017639
YNR038W,YOR372C,0,0.07005615,0.07266435772180557,0.06300000101327896,0.0803999975323677
YER087C-A,YDL088C,1,0.07003571,0.07373271882534027,0.06400000303983688,0.0803999975323677
YNL284C-B,YOL095C,0,0.07001506,0.0736478716135025,0.06400000303983688,0.08049999922513962
YHR214C-C,YDR261W-A,0,0.06997359,0.07356321811676025,0.06400000303983688,0.08060000091791153
YGL032C,YPL275W,0,0.069927424,0.07347875833511353,0.06400000303983688,0.08070000261068344
YDR261C-D,YMR050C,0,0.069921,0.07339449226856232,0.06400000303983688,0.08079999685287476
YBL082C,YAL030W,0,0.06980376,0.07331042736768723,0.06400000303983688,0.08089999854564667
YAL068C,YPL097W,0,0.06976695,0.07322654128074646,0.06400000303983688,0.08100000023841858
YIL002C,YOL142W,0,0.06971978,0.07314285635948181,0.06400000303983688,0.08110000193119049
YGR225W,YGL028C,0,0.069308236,0.07305935770273209,0.06400000303983688,0.0812000036239624
YOL091W,YDR453C,0,0.06928249,0.07297605276107788,0.06400000303983688,0.08129999786615372
YDL052C,YMR036C,0,0.06924835,0.0728929415345192,0.06400000303983688,0.08139999955892563
YKL081W,YGL194C,0,0.069123596,0.07281000912189484,0.06400000303983688,0.08150000125169754
YIR012W,YDL120W,0,0.06881957,0.072727270424366,0.06400000303983688,0.08160000294446945
YIR013C,YKL179C,0,0.06873666,0.07264472544193268,0.06400000303983688,0.08169999718666077
YIL149C,YBL078C,1,0.068675175,0.07369614392518997,0.06499999761581421,0.08169999718666077
YPR110C,YNR030W,0,0.06842063,0.07361268252134323,0.06499999761581421,0.08179999887943268
YAL030W,YKR024C,0,0.06839399,0.07352941483259201,0.06499999761581421,0.08190000057220459
YJL010C,YLR206W,0,0.0683365,0.07344632595777512,0.06499999761581421,0.0820000022649765
YDR261C-D,YPL170W,0,0.067892775,0.07336343079805374,0.06499999761581421,0.08209999650716782
YDR153C,YLR292C,1,0.06782274,0.07440811395645142,0.06599999964237213,0.08209999650716782
YML127W,YDR440W,0,0.067777395,0.07432432472705841,0.06599999964237213,0.08219999819993973
YCR026C,YMR293C,0,0.067702666,0.07424072176218033,0.06599999964237213,0.08229999989271164
YHR084W,YLR329W,0,0.06734896,0.07415730506181717,0.06599999964237213,0.08240000158548355
YHR079C-B,YJR137C,0,0.06720799,0.07407407462596893,0.06599999964237213,0.08250000327825546
YCL069W,YNL225C,0,0.06712587,0.07399103045463562,0.06599999964237213,0.08259999752044678
YGL049C,YKR009C,0,0.06696281,0.07390817254781723,0.06599999964237213,0.08269999921321869
YMR182C,YLR107W,0,0.06672735,0.07382550090551376,0.06599999964237213,0.0828000009059906
YBR217W,YHR197W,1,0.06663148,0.0748603343963623,0.06700000166893005,0.0828000009059906
YGR161C-D,YOR245C,0,0.06661322,0.0747767835855484,0.06700000166893005,0.08290000259876251
YDR277C,YDL164C,0,0.06656295,0.07469341903924942,0.06700000166893005,0.08299999684095383
YMR182C,YGR161C-D,0,0.06653791,0.07461024820804596,0.06700000166893005,0.08309999853372574
YDR261C-D,YBR177C,0,0.0664532,0.07452725619077682,0.06700000166893005,0.08320000022649765
YPR007C,YNL284C-B,0,0.066217884,0.07444444298744202,0.06700000166893005,0.08330000191926956
YGR027W-B,YHR118C,0,0.06613317,0.07436182349920273,0.06700000166893005,0.08340000361204147
YGL246C,YDL231C,0,0.06601159,0.07427938282489777,0.06700000166893005,0.08349999785423279
YGR038C-B,YLR170C,0,0.06592608,0.07419712096452713,0.06700000166893005,0.0835999995470047
YLR014C,YML057W,0,0.06580585,0.07411504536867142,0.06700000166893005,0.08370000123977661
YCR033W,YFR031C,0,0.06573732,0.07403314858675003,0.06700000166893005,0.08380000293254852
YMR156C,YOL095C,0,0.06569448,0.07395143806934357,0.06700000166893005,0.08389999717473984
YDR153C,YHR197W,1,0.06558283,0.07497243583202362,0.06800000369548798,0.08389999717473984
YGL033W,YMR309C,0,0.06546037,0.07488986849784851,0.06800000369548798,0.08399999886751175
YCR033W,YLR134W,0,0.06517342,0.07480747997760773,0.06800000369548798,0.08410000056028366
YJR031C,YOR117W,0,0.06515132,0.07472527772188187,0.06800000369548798,0.08420000225305557
YOL034W,YOR007C,0,0.06505492,0.07464324682950974,0.06800000369548798,0.08429999649524689
YDR093W,YOR002W,0,0.064768,0.07456140220165253,0.06800000369548798,0.0843999981880188
YOR187W,YKR060W,0,0.06475276,0.07447973638772964,0.06800000369548798,0.08449999988079071
YMR188C,YDL164C,0,0.06459487,0.07439824938774109,0.06800000369548798,0.08460000157356262
YPR137C-B,YCR009C,0,0.064567655,0.07431694120168686,0.06800000369548798,0.08470000326633453
YDR365W-A,YKL166C,0,0.064545736,0.07423580437898636,0.06800000369548798,0.08479999750852585
YNL054W-A,YMR056C,0,0.06432661,0.07415485382080078,0.06800000369548798,0.08489999920129776
YFL004W,YPL170W,0,0.064316496,0.07407407462596893,0.06800000369548798,0.08500000089406967
YPL137C,YNL284C-B,0,0.06429739,0.07399347424507141,0.06800000369548798,0.08510000258684158
YGL144C,YPL218W,0,0.064116776,0.07391304522752762,0.06800000369548798,0.0851999968290329
YGL025C,YEL026W,0,0.06410897,0.07383278757333755,0.06800000369548798,0.08529999852180481
YKL148C,YOR151C,0,0.06408349,0.07375270873308182,0.06800000369548798,0.08540000021457672
YPL041C,YDR182W,0,0.06385687,0.0736728087067604,0.06800000369548798,0.08550000190734863
YDL028C,YNL284C-B,0,0.0636546,0.07359307259321213,0.06800000369548798,0.08560000360012054
YHR175W,YER127W,0,0.06355332,0.07351351529359818,0.06800000369548798,0.08569999784231186
YNL261W,YHL009W-B,0,0.06351583,0.07343412190675735,0.06800000369548798,0.08579999953508377
YPL257W-B,YDR545W,0,0.063501224,0.07335490733385086,0.06800000369548798,0.08590000122785568
YKR028W,YGR161C-D,0,0.0634647,0.0732758641242981,0.06800000369548798,0.0860000029206276
YNL153C,YML128C,0,0.06321819,0.07319698482751846,0.06800000369548798,0.08609999716281891
YLL056C,YML021C,0,0.06316961,0.07311827689409256,0.06800000369548798,0.08619999885559082
YPL028W,YKL173W,0,0.06310615,0.07303974032402039,0.06800000369548798,0.08630000054836273
YBR216C,YGR097W,0,0.063077465,0.07296137511730194,0.06800000369548798,0.08640000224113464
YPR137C-B,YPL170W,0,0.063062966,0.07288317382335663,0.06800000369548798,0.08649999648332596
YBR217W,YIL149C,1,0.06300138,0.0738757997751236,0.0689999982714653,0.08649999648332596
YGR038C-B,YKR097W,0,0.06293878,0.07379679381847382,0.0689999982714653,0.08659999817609787
YMR065W,YDR261W-A,0,0.062909566,0.07371795177459717,0.0689999982714653,0.08669999986886978
YBR186W,YDL020C,0,0.06284554,0.07363927364349365,0.0689999982714653,0.0868000015616417
YGR161C-D,YNL021W,0,0.06275617,0.07356076687574387,0.0689999982714653,0.0869000032544136
YGR027W-B,YCR092C,0,0.062675826,0.07348243147134781,0.0689999982714653,0.08699999749660492
YBR217W,YML103C,1,0.06261651,0.07446808367967606,0.07000000029802322,0.08699999749660492
YPR158W-A,YER174C,0,0.062442087,0.07438895106315613,0.07000000029802322,0.08709999918937683
YDR098C-A,YPL170W,0,0.06240557,0.07430998235940933,0.07000000029802322,0.08720000088214874
YKL189W,YGR038C-B,0,0.062164526,0.07423117756843567,0.07000000029802322,0.08730000257492065
YBR060C,YDL052C,0,0.06212494,0.07415254414081573,0.07000000029802322,0.08739999681711197
YPR051W,YJL060W,0,0.0621198,0.07407407462596893,0.07000000029802322,0.08749999850988388
YPR132W,YDR261W-A,0,0.062106095,0.07399576902389526,0.07000000029802322,0.08760000020265579
YLR176C,YPR201W,0,0.062100813,0.07391763478517532,0.07000000029802322,0.0877000018954277
YPL195W,YDR261C-D,0,0.062098786,0.07383966445922852,0.07000000029802322,0.08780000358819962
YGL025C,YMR238W,0,0.0620572,0.07376185804605484,0.07000000029802322,0.08789999783039093
YHR079C-B,YLR051C,0,0.061959468,0.0736842080950737,0.07000000029802322,0.08799999952316284
YDL079C,YBL090W,0,0.061903674,0.07360672950744629,0.07000000029802322,0.08810000121593475
YNR007C,YBR171W,1,0.061880995,0.07457983493804932,0.07100000232458115,0.08810000121593475
YNL054W-A,YBR193C,0,0.06185044,0.07450157403945923,0.07100000232458115,0.08820000290870667
YDR320C,YPR158W-A,0,0.06169492,0.07442347705364227,0.07100000232458115,0.08829999715089798
YDR261C-D,YPL040C,0,0.06165324,0.07434555143117905,0.07100000232458115,0.08839999884366989
YFR031C,YNL284C-B,0,0.061590713,0.07426778227090836,0.07100000232458115,0.0885000005364418
YNL054W-A,YNL080C,0,0.061549023,0.0741901770234108,0.07100000232458115,0.08860000222921371
YLR316C,YHL009W-B,0,0.06131716,0.07411273568868637,0.07100000232458115,0.08869999647140503
YIL049W,YPL060C-A,0,0.0612168,0.07403545081615448,0.07100000232458115,0.08879999816417694
YGL246C,YDR261W-A,0,0.06117917,0.07395832985639572,0.07100000232458115,0.08889999985694885
YPR110C,YMR036C,0,0.06113628,0.0738813728094101,0.07100000232458115,0.08900000154972076
YPR137C-B,YGR007W,0,0.06097845,0.073804572224617,0.07100000232458115,0.08910000324249268
YGR054W,YLR210W,0,0.060797114,0.07372793555259705,0.07100000232458115,0.08919999748468399
YDR072C,YLR227W-A,0,0.060716815,0.07365145534276962,0.07100000232458115,0.0892999991774559
YNL267W,YPL060C-A,0,0.060716815,0.07357513159513474,0.07100000232458115,0.08940000087022781
YNL326C,YLR009W,0,0.060703162,0.07349896430969238,0.07100000232458115,0.08950000256299973
YBR193C,YFL011W-A,0,0.060623586,0.07342296093702316,0.07100000232458115,0.08959999680519104
YDL194W,YDR034C-C,0,0.06062237,0.07334710657596588,0.07100000232458115,0.08969999849796295
YEL036C,YBR253W,0,0.060473297,0.07327141612768173,0.07100000232458115,0.08980000019073486
YOR095C,YIL154C,0,0.0604106,0.07319587469100952,0.07100000232458115,0.08990000188350677
YBR172C,YML098W,0,0.0603016,0.07312049716711044,0.07100000232458115,0.09000000357627869
YNL206C,YLR114C,0,0.06029645,0.0730452686548233,0.07100000232458115,0.09009999781847
YMR250W,YER171W,0,0.060251426,0.0729701966047287,0.07100000232458115,0.09019999951124191
YOL158C,YML060W,0,0.060190026,0.07289527356624603,0.07100000232458115,0.09030000120401382
YOL033W,YIL031W,0,0.060181387,0.0728205144405365,0.07100000232458115,0.09040000289678574
YDL145C,YPL283C,0,0.06008037,0.0727459043264389,0.07100000232458115,0.09049999713897705
YHR175W,YIL049W,0,0.060073745,0.07267144322395325,0.07100000232458115,0.09059999883174896
YFR031C,YNL259C,0,0.06003357,0.07259713858366013,0.07100000232458115,0.09070000052452087
YCL025C,YMR188C,0,0.059963156,0.07252298295497894,0.07100000232458115,0.09080000221729279
YPL060C-A,YKR060W,0,0.059923258,0.0724489763379097,0.07100000232458115,0.0908999964594841
YLR430W,YDR365W-A,0,0.059923258,0.07237512618303299,0.07100000232458115,0.09099999815225601
YOR187W,YBR211C,0,0.05983225,0.07230142503976822,0.07100000232458115,0.09109999984502792
YGR156W,YDR341C,0,0.05982818,0.07222787290811539,0.07100000232458115,0.09120000153779984
YDL194W,YER018C,0,0.05980364,0.0721544697880745,0.07100000232458115,0.09130000323057175
YHR129C,YNR056C,0,0.05967979,0.07208121567964554,0.07100000232458115,0.09139999747276306
YNL284C-B,YOR171C,0,0.059597276,0.07200811058282852,0.07100000232458115,0.09149999916553497
YGR161C-D,YIL080W,0,0.05927065,0.07193515449762344,0.07100000232458115,0.09160000085830688
YDL081C,YLR227W-A,0,0.05921385,0.0718623474240303,0.07100000232458115,0.0917000025510788
YNL090W,YBR211C,0,0.059129782,0.0717896893620491,0.07100000232458115,0.09179999679327011
YCL062W,YDL102W,0,0.059052993,0.07171717286109924,0.07100000232458115,0.09189999848604202
YPL160W,YLR394W,0,0.059021894,0.07164480537176132,0.07100000232458115,0.09200000017881393
YBL003C,YDR479C,0,0.058929984,0.07157257944345474,0.07100000232458115,0.09210000187158585
YGR027W-A,YER126C,0,0.058475412,0.0715005025267601,0.07100000232458115,0.09220000356435776
YDL052C,YDR261W-A,0,0.058361806,0.0714285746216774,0.07100000232458115,0.09229999780654907
YGL257C,YLR265C,0,0.05828447,0.07135678082704544,0.07100000232458115,0.09239999949932098
YKL088W,YML024W,0,0.05825632,0.07128514349460602,0.07100000232458115,0.0925000011920929
YGR123C,YNL054W,0,0.058141503,0.07121364027261734,0.07100000232458115,0.09260000288486481
YNR056C,YLR238W,0,0.05811625,0.0711422860622406,0.07100000232458115,0.09269999712705612
YGR054W,YER018C,0,0.05800313,0.0710710734128952,0.07100000232458115,0.09279999881982803
YGR109W-A,YOR002W,0,0.057864778,0.07100000232458115,0.07100000232458115,0.09290000051259995
YPR158C-C,YDL130W,0,0.057864778,0.07092907279729843,0.07100000232458115,0.09300000220537186
YDL052C,YPR158W-A,0,0.05782218,0.07085828483104706,0.07100000232458115,0.09309999644756317
YPR132W,YGR027W-A,0,0.057751168,0.07078763842582703,0.07100000232458115,0.09319999814033508
YDR261C-D,YGR007W,0,0.057751168,0.07071713358163834,0.07100000232458115,0.093299999833107
YER109C,YPR137C-B,0,0.057680167,0.07064676284790039,0.07100000232458115,0.0934000015258789
YJL053W,YKL166C,0,0.057565894,0.07057654112577438,0.07100000232458115,0.09350000321865082
YMR283C,YHR053C,0,0.057537694,0.07050645351409912,0.07100000232458115,0.09359999746084213
YHR214C-C,YLR265C,0,0.05751787,0.0704365074634552,0.07100000232458115,0.09369999915361404
YOR209C,YCR067C,0,0.057470832,0.07036670297384262,0.07100000232458115,0.09380000084638596
YJL090C,YNL284C-B,0,0.057365455,0.07029703259468079,0.07100000232458115,0.09390000253915787
YOL034W,YOL126C,0,0.05733366,0.0702274963259697,0.07100000232458115,0.09399999678134918
YPR065W,YOR240W,0,0.057322506,0.07015810161828995,0.07100000232458115,0.0940999984741211
YHR214C-C,YPL011C,0,0.05731464,0.07008884847164154,0.07100000232458115,0.094200000166893
YOR188W,YDR098C-A,0,0.05714529,0.07001972198486328,0.07100000232458115,0.09430000185966492
YNL153C,YER044C-A,0,0.056932393,0.06995073705911636,0.07100000232458115,0.09440000355243683
YMR001C,YDR450W,0,0.056924187,0.06988188624382019,0.07100000232458115,0.09449999779462814
YGR161C-D,YKR007W,0,0.056904346,0.06981317698955536,0.07100000232458115,0.09459999948740005
YKR027W,YFL025C,0,0.056895968,0.06974459439516068,0.07100000232458115,0.09470000118017197
YGR227W,YBL102W,0,0.05683652,0.06967615336179733,0.07100000232458115,0.09480000287294388
YDR231C,YDR034C-C,0,0.056768768,0.06960784643888474,0.07100000232458115,0.09489999711513519
YPL060C-A,YER003C,0,0.05674158,0.06953966617584229,0.07100000232458115,0.0949999988079071
YKL178C,YDR210W-B,0,0.05672799,0.06947162747383118,0.07100000232458115,0.09510000050067902
YBR060C,YGR276C,0,0.05666439,0.06940371543169022,0.07100000232458115,0.09520000219345093
YDR484W,YPL060C-A,0,0.056619238,0.0693359375,0.07100000232458115,0.09529999643564224
YDR098C-A,YFL022C,0,0.056510497,0.06926829367876053,0.07100000232458115,0.09539999812841415
YNL294C,YNR011C,0,0.056499746,0.0692007765173912,0.07100000232458115,0.09549999982118607
YHR214C-C,YDR263C,0,0.056496896,0.06913340091705322,0.07100000232458115,0.09560000151395798
YHR079C-B,YHR008C,0,0.056456536,0.06906614452600479,0.07100000232458115,0.09570000320672989
YGL166W,YDR210W-B,0,0.056360967,0.0689990296959877,0.07100000232458115,0.0957999974489212
YOL090W,YNL284C-B,0,0.05630596,0.06893204152584076,0.07100000232458115,0.09589999914169312
YNL294C,YNL209W,0,0.056160014,0.06886518001556396,0.07100000232458115,0.09600000083446503
YDL031W,YJL052W,0,0.05613527,0.06879845261573792,0.07100000232458115,0.09610000252723694
YEL050C,YOR123C,0,0.056104183,0.06873185187578201,0.07100000232458115,0.09619999676942825
YIL066C,YPR201W,0,0.056053028,0.06866537779569626,0.07100000232458115,0.09629999846220016
YDR069C,YLR210W,0,0.055753186,0.06859903037548065,0.07100000232458115,0.09640000015497208
YGL075C,YPL060C-A,0,0.055745423,0.06853281706571579,0.07100000232458115,0.09650000184774399
YGR027W-A,YGL120C,0,0.055639528,0.06846673041582108,0.07100000232458115,0.0966000035405159
YMR212C,YGR010W,0,0.055472147,0.06840077042579651,0.07100000232458115,0.09669999778270721
YJL053W,YFL022C,0,0.055421423,0.06833493709564209,0.07100000232458115,0.09679999947547913
YOL067C,YDL004W,0,0.05534512,0.06826923042535782,0.07100000232458115,0.09690000116825104
YDL155W,YKL166C,0,0.055318255,0.0682036504149437,0.07100000232458115,0.09700000286102295
YOR148C,YOR288C,0,0.055318173,0.06813819706439972,0.07100000232458115,0.09709999710321426
YAR010C,YBR030W,0,0.055030953,0.06807287037372589,0.07100000232458115,0.09719999879598618
YBR216C,YER025W,0,0.05482006,0.06800766289234161,0.07100000232458115,0.09730000048875809
YKR028W,YDR034C-C,0,0.054669295,0.06794258207082748,0.07100000232458115,0.09740000218153
YPL096W,YKL042W,0,0.054462228,0.0678776279091835,0.07100000232458115,0.09749999642372131
YOL042W,YIL154C,0,0.054458637,0.06781280040740967,0.07100000232458115,0.09759999811649323
YNL225C,YBR127C,0,0.05430345,0.06774809211492538,0.07100000232458115,0.09769999980926514
YOL088C,YNR064C,0,0.0542158,0.06768351048231125,0.07100000232458115,0.09780000150203705
YPR198W,YDR381W,0,0.054188494,0.06761904805898666,0.07100000232458115,0.09790000319480896
YIL017C,YLR134W,0,0.05408476,0.06755471229553223,0.07100000232458115,0.09799999743700027
YKR061W,YGR161C-D,0,0.05403994,0.06749049574136734,0.07100000232458115,0.09809999912977219
YMR182C,YPL147W,0,0.05402151,0.067426398396492,0.07100000232458115,0.0982000008225441
YDR448W,YLR227W-A,0,0.054000095,0.06736242771148682,0.07100000232458115,0.09830000251531601
YPL028W,YLR114C,0,0.053956203,0.06729857623577118,0.07100000232458115,0.09839999675750732
YMR250W,YNL284C-B,0,0.053853992,0.06723485141992569,0.07100000232458115,0.09849999845027924
YOL067C,YHR053C,0,0.05378258,0.06717123836278915,0.07100000232458115,0.09860000014305115
YER127W,YDR545W,0,0.05375388,0.06710775196552277,0.07100000232458115,0.09870000183582306
YGR038C-B,YGR002C,0,0.053548507,0.06704438477754593,0.07100000232458115,0.09880000352859497
YMR250W,YMR198W,0,0.053527106,0.06698112934827805,0.07100000232458115,0.09889999777078629
YLR227W-A,YER025W,0,0.053482093,0.06691800057888031,0.07100000232458115,0.0989999994635582
YBR199W,YER108C,0,0.053406037,0.06685499101877213,0.07100000232458115,0.09910000115633011
YER147C,YFL058W,0,0.053110715,0.06679210066795349,0.07100000232458115,0.09920000284910202
YPR183W,YPR158W-A,0,0.0530006,0.06672932207584381,0.07100000232458115,0.09929999709129333
YJL008C,YCR075C,0,0.052980278,0.06666667014360428,0.07100000232458115,0.09939999878406525
YDR098C-A,YJR137C,0,0.05282937,0.0666041299700737,0.07100000232458115,0.09950000047683716
YIL039W,YNR064C,0,0.052809898,0.06654170900583267,0.07100000232458115,0.09960000216960907
YKR057W,YNL274C,0,0.052780554,0.0664793998003006,0.07100000232458115,0.09969999641180038
YMR083W,YGL078C,0,0.052705694,0.06641720980405807,0.07100000232458115,0.0997999981045723
YPR033C,YPR158C-C,0,0.052686684,0.0663551390171051,0.07100000232458115,0.09989999979734421
YOR187W,YHR023W,0,0.05254792,0.06629318743944168,0.07100000232458115,0.10000000149011612
YPR158W-A,YPR199C,0,0.05254399,0.06623134016990662,0.07100000232458115,0.10010000318288803
YOR359W,YER009W,1,0.05246644,0.06710158288478851,0.07199999690055847,0.10010000318288803
YER015W,YBR210W,0,0.052385736,0.0670391097664833,0.07199999690055847,0.10019999742507935
YOR008C,YGR054W,0,0.05229241,0.06697674095630646,0.07199999690055847,0.10029999911785126
YCL001W,YDR254W,0,0.0521289,0.06691449880599976,0.07199999690055847,0.10040000081062317
YJL087C,YKL203C,0,0.0521223,0.06685236841440201,0.07199999690055847,0.10050000250339508
YKL088W,YKL200C,0,0.052098192,0.06679034978151321,0.07199999690055847,0.1005999967455864
YNL054W-A,YPR201W,0,0.051711783,0.06672845035791397,0.07199999690055847,0.1006999984383583
YML121W,YDR098C-A,0,0.051711783,0.06666667014360428,0.07199999690055847,0.10080000013113022
YAL068C,YDR045C,0,0.05142239,0.06660499423742294,0.07199999690055847,0.10090000182390213
YDL145C,YCR102C,0,0.051302116,0.06654343754053116,0.07199999690055847,0.10100000351667404
YHR053C,YDR210W-B,0,0.05129861,0.06648199260234833,0.07199999690055847,0.10109999775886536
YDR011W,YPL267W,0,0.051252306,0.06642066687345505,0.07199999690055847,0.10119999945163727
YGR161C-D,YER122C,0,0.050949827,0.06635944545269012,0.07199999690055847,0.10130000114440918
YHR030C,YNL206C,0,0.050924923,0.06629834324121475,0.07199999690055847,0.10140000283718109
YHL009W-B,YDR263C,0,0.05079564,0.06623735278844833,0.07199999690055847,0.1014999970793724
YKL195W,YDL088C,1,0.05077481,0.06709558516740799,0.0729999989271164,0.1014999970793724
YCR075C,YGR109W-A,0,0.05064145,0.06703397631645203,0.0729999989271164,0.10159999877214432
YLR361C,YDR225W,0,0.05029391,0.06697247922420502,0.0729999989271164,0.10170000046491623
YML024W,YMR096W,0,0.0502815,0.06691109389066696,0.0729999989271164,0.10180000215768814
YNL206C,YLR227W-A,0,0.050240558,0.06684982031583786,0.0729999989271164,0.10189999639987946
YMR050C,YDR365W-A,0,0.050225142,0.06678865849971771,0.0729999989271164,0.10199999809265137
YBL082C,YLR430W,0,0.05010361,0.06672760844230652,0.0729999989271164,0.10209999978542328
YMR260C,YLR329W,0,0.050045185,0.06666667014360428,0.0729999989271164,0.10220000147819519
YMR296C,YHL024W,0,0.050014254,0.0666058361530304,0.0729999989271164,0.1023000031709671
YBR228W,YIR008C,0,0.050008345,0.06654512137174606,0.0729999989271164,0.10239999741315842
YDR172W,YMR050C,0,0.04994582,0.06648451834917068,0.0729999989271164,0.10249999910593033
YGR289C,YNL054W-A,0,0.049901344,0.06642401963472366,0.0729999989271164,0.10260000079870224
YBR135W,YDR365W-A,0,0.04988592,0.0663636326789856,0.0729999989271164,0.10270000249147415
YMR056C,YLR026C,0,0.04986259,0.06630335748195648,0.0729999989271164,0.10279999673366547
YGL111W,YDR098C-A,0,0.049855083,0.06624319404363632,0.0729999989271164,0.10289999842643738
YER025W,YNR064C,0,0.049775895,0.06618313491344452,0.0729999989271164,0.10300000011920929
YBR098W,YFR027W,0,0.049756106,0.06612318754196167,0.0729999989271164,0.1031000018119812
YDR244W,YOR359W,1,0.049721617,0.06696832925081253,0.07400000095367432,0.1031000018119812
YKR063C,YAL034W-A,0,0.04966886,0.06690777838230133,0.07400000095367432,0.10320000350475311
YCR009C,YFL011W-A,0,0.049546834,0.06684733182191849,0.07400000095367432,0.10329999774694443
YDR365W-A,YPL159C,0,0.049531292,0.0667870044708252,0.07400000095367432,0.10339999943971634
YPR183W,YOR257W,0,0.0494545,0.06672678142786026,0.07400000095367432,0.10350000113248825
YGR109W-A,YDR140W,0,0.049423356,0.06666667014360428,0.07400000095367432,0.10360000282526016
YDR098C-A,YOR147W,0,0.049330838,0.06660666316747665,0.07400000095367432,0.10369999706745148
YGL144C,YOR148C,0,0.04931542,0.06654676049947739,0.07400000095367432,0.10379999876022339
YIR012W,YMR096W,0,0.049186382,0.06648696959018707,0.07400000095367432,0.1039000004529953
YGR147C,YLR098C,0,0.04916874,0.06642729043960571,0.07400000095367432,0.10400000214576721
YAR007C,YDR034C-C,0,0.049053304,0.06636771559715271,0.07400000095367432,0.10409999638795853
YGR285C,YMR156C,0,0.04894616,0.06630824506282806,0.07400000095367432,0.10419999808073044
YJL026W,YMR065W,0,0.048864324,0.06624887883663177,0.07400000095367432,0.10429999977350235
YJR140C,YOR355W,0,0.04884899,0.06618962436914444,0.07400000095367432,0.10440000146627426
YIL034C,YCL062W,0,0.048603576,0.06613047420978546,0.07400000095367432,0.10450000315904617
YKR009C,YPR158C-C,0,0.04854949,0.06607142835855484,0.07400000095367432,0.10459999740123749
YMR026C,YLR292C,1,0.048510667,0.06690455228090286,0.07500000298023224,0.10459999740123749
YBR182C,YPL228W,0,0.0485096,0.06684491783380508,0.07500000298023224,0.1046999990940094
YJR126C,YIR022W,1,0.048397887,0.0676758661866188,0.07599999755620956,0.1046999990940094
YBR118W,YGR027W-A,0,0.048327614,0.06761565804481506,0.07599999755620956,0.10480000078678131
YLL016W,YMR065W,0,0.048218057,0.06755555421113968,0.07599999755620956,0.10490000247955322
YHR015W,YBR244W,0,0.04819726,0.06749556213617325,0.07599999755620956,0.10499999672174454
YHL009W-B,YJL138C,0,0.04813532,0.06743566691875458,0.07599999755620956,0.10509999841451645
YLL016W,YHR152W,0,0.048028443,0.06737588346004486,0.07599999755620956,0.10520000010728836
YKL144C,YLR035C-A,0,0.04794397,0.0673162117600441,0.07599999755620956,0.10530000180006027
YOR008C,YNL129W,0,0.04793783,0.0672566369175911,0.07599999755620956,0.10540000349283218
YBR274W,YEL029C,0,0.0477777,0.06719717383384705,0.07599999755620956,0.1054999977350235
YLR141W,YMR212C,0,0.04772489,0.06713780760765076,0.07599999755620956,0.10559999942779541
YER166W,YJL006C,0,0.047688913,0.06707855314016342,0.07599999755620956,0.10570000112056732
YLR376C,YFL022C,0,0.04763822,0.06701940298080444,0.07599999755620956,0.10580000281333923
YHR079C-B,YJL168C,0,0.047593046,0.06696034967899323,0.07599999755620956,0.10589999705553055
YLR340W,YJR090C,0,0.047370236,0.06690140813589096,0.07599999755620956,0.10599999874830246
YNL070W,YDL088C,1,0.047348794,0.06772207468748093,0.07699999958276749,0.10599999874830246
YIL153W,YNR057C,0,0.047252964,0.0676625669002533,0.07699999958276749,0.10610000044107437
YJL133W,YPL060C-A,0,0.047208697,0.06760316342115402,0.07699999958276749,0.10620000213384628
YIL049W,YER174C,0,0.047138963,0.06754385679960251,0.07699999958276749,0.1062999963760376
YPL015C,YDR098C-A,0,0.04712241,0.06748466193675995,0.07699999958276749,0.10639999806880951
YER049W,YPR158W-A,0,0.04712241,0.06742557138204575,0.07699999958276749,0.10649999976158142
YBR135W,YML127W,0,0.046824813,0.0673665776848793,0.07699999958276749,0.10660000145435333
YMR036C,YPL110C,0,0.04671516,0.06730769574642181,0.07699999958276749,0.10670000314712524
YBL082C,YER020W,0,0.046660315,0.06724891066551208,0.07699999958276749,0.10679999738931656
YOR057W,YNL021W,0,0.04664864,0.06719022989273071,0.07699999958276749,0.10689999908208847
YGR038C-B,YGR238C,0,0.04652924,0.0671316459774971,0.07699999958276749,0.10700000077486038
YNL256W,YCL016C,0,0.04651359,0.06707317382097244,0.07699999958276749,0.1071000024676323
YLR005W,YER042W,0,0.04647695,0.06701479852199554,0.07699999958276749,0.10719999670982361
YNL284C-B,YBR035C,0,0.046410605,0.0669565200805664,0.07699999958276749,0.10729999840259552
YJL008C,YDR227W,0,0.04639912,0.06689834594726562,0.07699999958276749,0.10740000009536743
YER082C,YPR158W-A,0,0.04635668,0.0668402761220932,0.07699999958276749,0.10750000178813934
YPR158C-C,YLR144C,0,0.04630276,0.06678231060504913,0.07699999958276749,0.10760000348091125
YFL058W,YNL021W,0,0.046245653,0.06672443449497223,0.07699999958276749,0.10769999772310257
YDL100C,YGR027W-A,0,0.046173334,0.06666667014360428,0.07699999958276749,0.10779999941587448
YLR182W,YNL054W-A,0,0.046151772,0.06660899519920349,0.07699999958276749,0.10790000110864639
YBR274W,YLR075W,0,0.04606406,0.06655142456293106,0.07699999958276749,0.1080000028014183
YGR118W,YFR027W,0,0.046061847,0.06649395823478699,0.07699999958276749,0.10809999704360962
YMR182C,YBL102W,0,0.045990314,0.06643658131361008,0.07699999958276749,0.10819999873638153
YMR077C,YNL284C-B,0,0.04598999,0.06637930870056152,0.07699999958276749,0.10830000042915344
YGR027W-A,YDR381W,0,0.045828223,0.06632213294506073,0.07699999958276749,0.10840000212192535
YGR005C,YJL072C,0,0.045782153,0.0662650614976883,0.07699999958276749,0.10849999636411667
YHL009W-B,YJR137C,0,0.04576351,0.06620807945728302,0.07699999958276749,0.10859999805688858
YHR079C-B,YHL024W,0,0.045749646,0.0661512017250061,0.07699999958276749,0.10869999974966049
YER082C,YDR261W-A,0,0.045731153,0.06609442085027695,0.07699999958276749,0.1088000014424324
YDR261C-D,YNL239W,0,0.045623306,0.06603773683309555,0.07699999958276749,0.10890000313520432
YPL257W-B,YLL031C,0,0.04561252,0.06598114967346191,0.07699999958276749,0.10899999737739563
YAL021C,YOR372C,0,0.04558396,0.06592465937137604,0.07699999958276749,0.10909999907016754
YLR084C,YCL062W,0,0.045583196,0.06586826592683792,0.07699999958276749,0.10920000076293945
YPR073C,YDR034C-C,0,0.04553703,0.06581196933984756,0.07699999958276749,0.10930000245571136
YLR035C-A,YDR450W,0,0.045376558,0.06575576215982437,0.07699999958276749,0.10939999669790268
YDL007W,YMR096W,0,0.04533227,0.06569965928792953,0.07699999958276749,0.10949999839067459
YNL070W,YDR244W,1,0.04527164,0.06649616360664368,0.07800000160932541,0.10949999839067459
YJL008C,YLR023C,0,0.0452517,0.06643952429294586,0.07800000160932541,0.1096000000834465
YDR011W,YFL022C,0,0.04521694,0.0663829818367958,0.07800000160932541,0.10970000177621841
YDR365W-B,YNL126W,0,0.045197412,0.06632652878761292,0.07800000160932541,0.10980000346899033
YDR011W,YDR385W,0,0.045146454,0.06627018004655838,0.07800000160932541,0.10989999771118164
YGR279C,YOR372C,0,0.045136075,0.06621392071247101,0.07800000160932541,0.10999999940395355
YER087C-A,YDR192C,1,0.045111332,0.0670059397816658,0.07900000363588333,0.10999999940395355
YLR035C-A,YML107C,0,0.045080017,0.06694915145635605,0.07900000363588333,0.11010000109672546
YLR319C,YKL200C,0,0.045016326,0.06689246743917465,0.07900000363588333,0.11020000278949738
YHR061C,YDR365W-B,0,0.0449891,0.06683587282896042,0.07900000363588333,0.11029999703168869
YLR423C,YDL081C,0,0.044857074,0.06677937507629395,0.07900000363588333,0.1103999987244606
YDR261C-D,YNL129W,0,0.044760946,0.06672297418117523,0.07900000363588333,0.11050000041723251
YHR006W,YIR019C,0,0.044753086,0.06666667014360428,0.07900000363588333,0.11060000211000443
YBR193C,YGR027W-B,0,0.044741105,0.06661045551300049,0.07900000363588333,0.11069999635219574
YPL137C,YCL025C,0,0.0447017,0.06655433773994446,0.07900000363588333,0.11079999804496765
YHR214C-C,YIL049W,0,0.04460223,0.06649831682443619,0.07900000363588333,0.11089999973773956
YIL153W,YBR118W,0,0.044597153,0.06644238531589508,0.07900000363588333,0.11100000143051147
YPL028W,YJL170C,0,0.044585604,0.06638655811548233,0.07900000363588333,0.11110000312328339
YLR453C,YPL257W-B,0,0.044512957,0.06633081287145615,0.07900000363588333,0.1111999973654747
YBR038W,YNL039W,0,0.044509444,0.06627516448497772,0.07900000363588333,0.11129999905824661
YAL001C,YLR129W,0,0.044471715,0.06621961295604706,0.07900000363588333,0.11140000075101852
YDR191W,YBR185C,0,0.044458684,0.06616415083408356,0.07900000363588333,0.11150000244379044
YLR060W,YML058W-A,0,0.044448823,0.06610878556966782,0.07900000363588333,0.11159999668598175
YDR231C,YDR261C-C,0,0.044403832,0.06605350971221924,0.07900000363588333,0.11169999837875366
YMR015C,YBR211C,0,0.044403646,0.06599833071231842,0.07900000363588333,0.11180000007152557
YJL069C,YJR108W,0,0.04438666,0.06594324111938477,0.07900000363588333,0.11190000176429749
YNR064C,YLR363C,0,0.0442705,0.06588824093341827,0.07900000363588333,0.1120000034570694
YGR038C-B,YGR027W-B,0,0.044215363,0.06583333015441895,0.07900000363588333,0.11209999769926071
YGR027W-A,YMR044W,0,0.044056643,0.06577851623296738,0.07900000363588333,0.11219999939203262
YGR109W-A,YBR177C,0,0.044007044,0.06572379171848297,0.07900000363588333,0.11230000108480453
YNL078W,YNL278W,0,0.043928105,0.06566916406154633,0.07900000363588333,0.11240000277757645
YHL009W-B,YMR268C,0,0.04388801,0.06561461836099625,0.07900000363588333,0.11249999701976776
YDR236C,YGR054W,0,0.04376984,0.06556016951799393,0.07900000363588333,0.11259999871253967
YKR097W,YPL126W,0,0.043731306,0.06550580263137817,0.07900000363588333,0.11270000040531158
YDR449C,YOL088C,0,0.043677513,0.06545153260231018,0.07900000363588333,0.1128000020980835
YHR061C,YGR038C-B,0,0.043630097,0.06539735198020935,0.07900000363588333,0.11289999634027481
YJL108C,YLR227W-A,0,0.043530896,0.06534326076507568,0.07900000363588333,0.11299999803304672
YJR137C,YOL054W,0,0.043530893,0.06528925895690918,0.07900000363588333,0.11309999972581863
YNL262W,YAR010C,0,0.043258358,0.06523533910512924,0.07900000363588333,0.11320000141859055
YDR353W,YHR008C,0,0.04316948,0.06518151611089706,0.07900000363588333,0.11330000311136246
YBR288C,YML081C-A,0,0.04313788,0.06512778252363205,0.07900000363588333,0.11339999735355377
YGR027W-B,YDL120W,0,0.043094434,0.0650741383433342,0.07900000363588333,0.11349999904632568
YDR163W,YDR098C-A,0,0.043005686,0.06502057611942291,0.07900000363588333,0.1136000007390976
YCR028C-A,YGR109W-A,0,0.042978317,0.06496710330247879,0.07900000363588333,0.1137000024318695
YAL001C,YMR246W,0,0.042971075,0.06491371989250183,0.07900000363588333,0.11379999667406082
YGR112W,YDR034C-C,0,0.04293269,0.06486042588949203,0.07900000363588333,0.11389999836683273
YMR128W,YDR479C,0,0.042914387,0.0648072212934494,0.07900000363588333,0.11400000005960464
YJL176C,YGR109W-A,0,0.04285969,0.06475409865379333,0.07900000363588333,0.11410000175237656
YGR161C-D,YGR112W,0,0.04281406,0.06470106542110443,0.07900000363588333,0.11420000344514847
YDR365W-B,YBR253W,0,0.042750187,0.0646481141448021,0.07900000363588333,0.11429999768733978
YJL053W,YPL257W-B,0,0.042731937,0.06459525972604752,0.07900000363588333,0.1143999993801117
YKL062W,YJL072C,0,0.042686973,0.0645424872636795,0.07900000363588333,0.1145000010728836
YJL138C,YFL011W-A,0,0.042618487,0.06448979675769806,0.07900000363588333,0.11460000276565552
YPR138C,YDR261C-C,0,0.042416926,0.06443719565868378,0.07900000363588333,0.11469999700784683
YDR135C,YDR365W-A,0,0.04235106,0.06438467651605606,0.07900000363588333,0.11479999870061874
YAL030W,YNL284C-B,0,0.04235106,0.06433224678039551,0.07900000363588333,0.11490000039339066
YBR186W,YDR034C-C,0,0.04234667,0.06427989900112152,0.07900000363588333,0.11500000208616257
YGR014W,YNL284C-B,0,0.042329103,0.0642276406288147,0.07900000363588333,0.11509999632835388
YER044C-A,YKL200C,0,0.04225596,0.06417546421289444,0.07900000363588333,0.1151999980211258
YGR038C-B,YKR009C,0,0.042250067,0.06412337720394135,0.07900000363588333,0.1152999997138977
YPR010C,YFL011W-A,0,0.042154025,0.06407137215137482,0.07900000363588333,0.11540000140666962
YPR201W,YDR261W-A,0,0.042122725,0.06401944905519485,0.07900000363588333,0.11550000309944153
YML011C,YDR210W-B,0,0.042083204,0.06396760791540146,0.07900000363588333,0.11559999734163284
YGR289C,YER171W,0,0.041976366,0.06391585618257523,0.07900000363588333,0.11569999903440475
YHR034C,YLR397C,0,0.04196955,0.06386418640613556,0.07900000363588333,0.11580000072717667
YOR115C,YGR109W-A,0,0.04190317,0.06381259858608246,0.07900000363588333,0.11590000241994858
YFR029W,YDR365W-A,0,0.041810956,0.06376110017299652,0.07900000363588333,0.11599999666213989
YPR110C,YER119C,0,0.04180147,0.06370967626571655,0.07900000363588333,0.1160999983549118
YGR147C,YJL039C,0,0.04176119,0.06365834176540375,0.07900000363588333,0.11620000004768372
YMR050C,YMR183C,0,0.041731197,0.06360708177089691,0.07900000363588333,0.11630000174045563
YDR255C,YGR038C-B,0,0.041674837,0.06355591118335724,0.07900000363588333,0.11640000343322754
YPL181W,YGL001C,0,0.041594107,0.06350482255220413,0.07900000363588333,0.11649999767541885
YFR052W,YJR140C,0,0.041497845,0.06345381587743759,0.07900000363588333,0.11659999936819077
YDR141C,YJR026W,0,0.04144602,0.06340289115905762,0.07900000363588333,0.11670000106096268
YBR186W,YKL179C,0,0.04143957,0.06335204839706421,0.07900000363588333,0.11680000275373459
YOR182C,YLR088W,0,0.0413996,0.06330128014087677,0.07900000363588333,0.1168999969959259
YOR304W,YLR227W-A,0,0.04139381,0.0632506012916565,0.07900000363588333,0.11699999868869781
YBR060C,YGR147C,0,0.041356828,0.06319999694824219,0.07900000363588333,0.11710000038146973
YOR151C,YPR158C-C,0,0.041284032,0.06314948201179504,0.07900000363588333,0.11720000207424164
YOR359W,YCL038C,1,0.041146997,0.0638977661728859,0.07999999821186066,0.11720000207424164
YIL153W,YBR182C,0,0.041061614,0.06384676694869995,0.07999999821186066,0.11729999631643295
YNL054W-A,YKL108W,0,0.041038133,0.06379584968090057,0.07999999821186066,0.11739999800920486
YKL042W,YJR121W,0,0.041019212,0.06374502182006836,0.07999999821186066,0.11749999970197678
YCR067C,YBL090W,0,0.040893417,0.06369426846504211,0.07999999821186066,0.11760000139474869
YIL017C,YDR034C-C,0,0.04079662,0.06364359706640244,0.07999999821186066,0.1177000030875206
YLL017W,YBR085W,0,0.040756427,0.06359300762414932,0.07999999821186066,0.11779999732971191
YDR457W,YPL097W,0,0.04071674,0.06354249268770218,0.07999999821186066,0.11789999902248383
YER095W,YJL074C,0,0.040670414,0.0634920671582222,0.07999999821186066,0.11800000071525574
YMR309C,YLR098C,0,0.04061386,0.06344171613454819,0.07999999821186066,0.11810000240802765
YDL028C,YOR207C,0,0.040580723,0.06339143961668015,0.07999999821186066,0.11819999665021896
YKR099W,YDR210W-B,0,0.040577073,0.06334125250577927,0.07999999821186066,0.11829999834299088
YPR065W,YNL284C-B,0,0.04056829,0.06329113990068436,0.07999999821186066,0.11840000003576279
YMR309C,YGL219C,0,0.040491994,0.06324110925197601,0.07999999821186066,0.1185000017285347
YDR045C,YMR075W,0,0.040491123,0.06319115310907364,0.07999999821186066,0.11860000342130661
YBR217W,YHL028W,1,0.040466163,0.06393054127693176,0.08100000023841858,0.11860000342130661
YLR135W,YGR161C-D,0,0.040418994,0.06388012319803238,0.08100000023841858,0.11869999766349792
YDR098C-A,YDR140W,0,0.040357515,0.06382978707551956,0.08100000023841858,0.11879999935626984
YOR115C,YIL117C,0,0.040060356,0.06377952545881271,0.08100000023841858,0.11890000104904175
YER147C,YDR261C-C,0,0.040045753,0.06372934579849243,0.08100000023841858,0.11900000274181366
YDL235C,YER171W,0,0.040008917,0.06367924809455872,0.08100000023841858,0.11909999698400497
YER082C,YLL056C,0,0.039972845,0.06362922489643097,0.08100000023841858,0.11919999867677689
YHL009W-B,YGL120C,0,0.03994037,0.06357927620410919,0.08100000023841858,0.1193000003695488
YDR299W,YCR009C,0,0.039911646,0.06352940946817398,0.08100000023841858,0.11940000206232071
YEL053C,YML058W-A,0,0.039869007,0.06347962468862534,0.08100000023841858,0.11949999630451202
YMR096W,YHR118C,0,0.03977801,0.06342991441488266,0.08100000023841858,0.11959999799728394
YLR394W,YPR158C-C,0,0.039777897,0.06338027864694595,0.08100000023841858,0.11969999969005585
YKR029C,YML043C,0,0.039760806,0.06333072483539581,0.08100000023841858,0.11980000138282776
YGL257C,YOR257W,0,0.039614443,0.06328125298023224,0.08100000023841858,0.11990000307559967
YCR033W,YJR153W,0,0.03942542,0.06323184818029404,0.08100000023841858,0.11999999731779099
YLR319C,YHR214C-C,0,0.03930652,0.0631825253367424,0.08100000023841858,0.1200999990105629
YBR002C,YDR122W,0,0.039237145,0.06313328444957733,0.08100000023841858,0.12020000070333481
YPR183W,YDL231C,0,0.039209906,0.06308411061763763,0.08100000023841858,0.12030000239610672
YAL009W,YDR261C-D,0,0.039127447,0.0630350187420845,0.08100000023841858,0.12039999663829803
YNR046W,YER122C,0,0.038925093,0.06298600137233734,0.08100000023841858,0.12049999833106995
YDR098C-A,YIL039W,0,0.038609616,0.06293706595897675,0.08100000023841858,0.12060000002384186
YDR098C-A,YDL015C,0,0.038535036,0.06288819760084152,0.08100000023841858,0.12070000171661377
YLR227W-A,YDR261C-C,0,0.038467236,0.06283941119909286,0.08100000023841858,0.12080000340938568
YLR139C,YPL060C-A,0,0.03835198,0.06279069930315018,0.08100000023841858,0.120899997651577
YIL037C,YHR143W-A,0,0.03830448,0.06274206191301346,0.08100000023841858,0.12099999934434891
YLL056C,YPL257W-B,0,0.038277403,0.06269349902868271,0.08100000023841858,0.12110000103712082
YJR083C,YLR227W-A,0,0.038257066,0.06264501065015793,0.08100000023841858,0.12120000272989273
YMR033W,YCL001W,0,0.038227547,0.06259659677743912,0.08100000023841858,0.12129999697208405
YLR035C-A,YJL168C,0,0.0381938,0.06254826486110687,0.08100000023841858,0.12139999866485596
YNL078W,YNR019W,0,0.03810522,0.0625,0.08100000023841858,0.12150000035762787
YER087C-A,YOL082W,1,0.038016148,0.06322282552719116,0.0820000022649765,0.12150000035762787
YBR015C,YGL206C,0,0.038008384,0.06317411363124847,0.0820000022649765,0.12160000205039978
YDR365W-B,YLL031C,0,0.037999433,0.06312548369169235,0.0820000022649765,0.1216999962925911
YIL066C,YNR044W,0,0.037876178,0.0630769208073616,0.0820000022649765,0.121799997985363
YNR046W,YKL062W,0,0.037871473,0.06302843987941742,0.0820000022649765,0.12189999967813492
YDR365W-B,YLR238W,0,0.03778602,0.0629800334572792,0.0820000022649765,0.12200000137090683
YJR126C,YDR292C,1,0.037701532,0.0636991560459137,0.08299999684095383,0.12200000137090683
YEL036C,YPR051W,0,0.037524763,0.06365031003952026,0.08299999684095383,0.12210000306367874
YBR038W,YCL062W,0,0.037407525,0.0636015310883522,0.08299999684095383,0.12219999730587006
YDR263C,YML081C-A,0,0.037402947,0.06355283409357071,0.08299999684095383,0.12229999899864197
YDR292C,YOR359W,1,0.03733653,0.06426931917667389,0.08399999886751175,0.12229999899864197
YMR293C,YPR158C-C,0,0.037306976,0.06422018259763718,0.08399999886751175,0.12240000069141388
YDR244W,YHR083W,1,0.037239183,0.06493506580591202,0.08500000089406967,0.12240000069141388
YER109C,YDR261C-C,0,0.0372261,0.06488549709320068,0.08500000089406967,0.12250000238418579
YDR320C,YPL267W,0,0.037175763,0.06483600288629532,0.08500000089406967,0.1225999966263771
YGL028C,YJR026W,0,0.03717296,0.06478658318519592,0.08500000089406967,0.12269999831914902
YHR188C,YHL009W-B,0,0.037166994,0.0647372454404831,0.08500000089406967,0.12280000001192093
YPL096W,YDR365W-B,0,0.03714833,0.06468797475099564,0.08500000089406967,0.12290000170469284
YAR010C,YBR082C,0,0.037112504,0.06463878601789474,0.08500000089406967,0.12300000339746475
YGL180W,YJL052W,0,0.037100557,0.06458966434001923,0.08500000089406967,0.12309999763965607
YIL101C,YDR261C-C,0,0.037011463,0.06454062461853027,0.08500000089406967,0.12319999933242798
YNR011C,YBL102W,0,0.0369795,0.0644916519522667,0.08500000089406967,0.12330000102519989
YHR214C-C,YPR074C,0,0.03695547,0.06444276124238968,0.08500000089406967,0.1234000027179718
YNL066W,YBL100W-B,0,0.036921643,0.06439393758773804,0.08500000089406967,0.12349999696016312
YDR231C,YBR118W,0,0.03689727,0.06434519588947296,0.08500000089406967,0.12359999865293503
YNL284C-B,YKL179C,0,0.036815487,0.06429652124643326,0.08500000089406967,0.12370000034570694
YHR098C,YLR227W-A,0,0.036728386,0.06424792110919952,0.08500000089406967,0.12380000203847885
YIL076W,YOR003W,0,0.03662966,0.06419939547777176,0.08500000089406967,0.12389999628067017
YGR027W-B,YLR410W,0,0.036547966,0.06415094435214996,0.08500000089406967,0.12399999797344208
YLR014C,YKR027W,0,0.036495987,0.06410256773233414,0.08500000089406967,0.12409999966621399
YBL074C,YNL054W-A,0,0.036467087,0.06405425816774368,0.08500000089406967,0.1242000013589859
YLR129W,YOR372C,0,0.03644036,0.0640060231089592,0.08500000089406967,0.12430000305175781
YHR084W,YHR038W,0,0.03620154,0.06395786255598068,0.08500000089406967,0.12439999729394913
YGR027W-A,YLR145W,0,0.03619957,0.06390977650880814,0.08500000089406967,0.12449999898672104
YLR227W-A,YNL278W,0,0.036059584,0.06386175751686096,0.08500000089406967,0.12460000067949295
YPL041C,YBR185C,0,0.036053587,0.06381381303071976,0.08500000089406967,0.12470000237226486
YLL017W,YGL206C,0,0.03604058,0.06376594305038452,0.08500000089406967,0.12479999661445618
YGR038C-B,YBL057C,0,0.03602537,0.06371814012527466,0.08500000089406967,0.12489999830722809
YGR027W-A,YGR192C,0,0.03598493,0.06367041170597076,0.08500000089406967,0.125
YBR102C,YDR261C-C,0,0.0358605,0.06362275779247284,0.08500000089406967,0.1251000016927719
YML094W,YLR350W,0,0.035826538,0.06357517093420029,0.08500000089406967,0.12520000338554382
YDR098C-A,YGR238C,0,0.035779625,0.0635276511311531,0.08500000089406967,0.12530000507831573
YHR006W,YPR051W,0,0.03577927,0.0634802058339119,0.08500000089406967,0.12540000677108765
YOL069W,YGR245C,0,0.035732824,0.06343283504247665,0.08500000089406967,0.12549999356269836
YPR029C,YDR261C-C,0,0.03554632,0.06338553130626678,0.08500000089406967,0.12559999525547028
YDL227C,YDR440W,0,0.03554297,0.06333830207586288,0.08500000089406967,0.1256999969482422
YNL284C-B,YGL166W,0,0.035490327,0.06329113990068436,0.08500000089406967,0.1257999986410141
YMR033W,YDR163W,0,0.035476696,0.0632440447807312,0.08500000089406967,0.125900000333786
YKL200C,YPR029C,0,0.035475474,0.06319702416658401,0.08500000089406967,0.12600000202655792
YIL002C,YKR099W,0,0.03546453,0.0631500706076622,0.08500000089406967,0.12610000371932983
YBR102C,YML021C,0,0.03544751,0.06310319155454636,0.08500000089406967,0.12620000541210175
YKL042W,YDR057W,0,0.035363834,0.06305637955665588,0.08500000089406967,0.12630000710487366
YER044C-A,YML107C,0,0.035319038,0.06300963461399078,0.08500000089406967,0.12639999389648438
YPL196W,YNL256W,0,0.035318796,0.06296296417713165,0.08500000089406967,0.1264999955892563
YGR027W-A,YER042W,0,0.035266384,0.0629163607954979,0.08500000089406967,0.1265999972820282
YNL054W-A,YPL138C,0,0.035229806,0.06286982446908951,0.08500000089406967,0.1266999989748001
YBR274W,YOL142W,0,0.035156447,0.0628233551979065,0.08500000089406967,0.12680000066757202
YPR137C-B,YKL179C,0,0.03511016,0.06277696043252945,0.08500000089406967,0.12690000236034393
YAL034W-A,YML128C,0,0.03509358,0.06273062527179718,0.08500000089406967,0.12700000405311584
YDR045C,YOR002W,0,0.03503215,0.06268436461687088,0.08500000089406967,0.12710000574588776
YOR003W,YER127W,0,0.03496782,0.06263817101716995,0.08500000089406967,0.12720000743865967
YNL326C,YGR002C,0,0.034966875,0.0625920444726944,0.08500000089406967,0.12729999423027039
YDR098C-A,YOL142W,0,0.034954786,0.06254599243402481,0.08500000089406967,0.1273999959230423
YGL071W,YML062C,0,0.034925807,0.0625,0.08500000089406967,0.1274999976158142
YGR109W-A,YKR089C,0,0.034923222,0.06245407834649086,0.08500000089406967,0.12759999930858612
YBR006W,YER126C,0,0.03491592,0.06240822374820709,0.08500000089406967,0.12770000100135803
YAL068C,YDR507C,0,0.034844205,0.0623624362051487,0.08500000089406967,0.12780000269412994
YKL170W,YHR214C-C,0,0.034821257,0.062316715717315674,0.08500000089406967,0.12790000438690186
YOR344C,YDL045C,0,0.034796372,0.06227106228470802,0.08500000089406967,0.12800000607967377
YPR010C,YKL064W,0,0.03478696,0.062225475907325745,0.08500000089406967,0.12809999287128448
YDR011W,YDL235C,0,0.03470147,0.06217995658516884,0.08500000089406967,0.1281999945640564
YNL094W,YDR261C-C,0,0.034692585,0.062134504318237305,0.08500000089406967,0.1282999962568283
YER145C,YPL275W,0,0.0346123,0.062089115381240845,0.08500000089406967,0.12839999794960022
YML025C,YOR056C,0,0.034602646,0.062043797224760056,0.08500000089406967,0.12849999964237213
YPR065W,YBR182C,0,0.034566913,0.06199854239821434,0.08500000089406967,0.12860000133514404
YHR139C,YDL235C,0,0.034534264,0.061953354626894,0.08500000089406967,0.12870000302791595
YKL170W,YPR158W-A,0,0.034459516,0.06190823018550873,0.08500000089406967,0.12880000472068787
YPL257W-B,YMR044W,0,0.03438183,0.06186317279934883,0.08500000089406967,0.12890000641345978
YHR214C-C,YBR161W,0,0.034372117,0.06181818246841431,0.08500000089406967,0.1289999932050705
YLR298C,YDR210W-B,0,0.034367263,0.061773255467414856,0.08500000089406967,0.1290999948978424
YGR109W-A,YNL274C,0,0.03435512,0.06172839552164078,0.08500000089406967,0.12919999659061432
YJR083C,YDR261W-A,0,0.03429928,0.06168359890580177,0.08500000089406967,0.12929999828338623
YLR340W,YDR365W-A,0,0.034171823,0.06163886934518814,0.08500000089406967,0.12939999997615814
YOR304W,YNL054W-A,0,0.034163326,0.06159420311450958,0.08500000089406967,0.12950000166893005
YKL042W,YHL009W-B,0,0.03410673,0.0615496002137661,0.08500000089406967,0.12960000336170197
YHR034C,YPL060C-A,0,0.034098964,0.061505064368247986,0.08500000089406967,0.12970000505447388
YNL054W-A,YHR129C,0,0.03404452,0.06146059185266495,0.08500000089406967,0.1298000067472458
YGR285C,YGR072W,0,0.034040023,0.06141618639230728,0.08500000089406967,0.1298999935388565
YML011C,YNL284C-B,0,0.03394212,0.06137184053659439,0.08500000089406967,0.12999999523162842
YHR015W,YNL054W-A,0,0.033853978,0.06132756173610687,0.08500000089406967,0.13009999692440033
YIL117C,YPL060C-A,0,0.033738613,0.06128334626555443,0.08500000089406967,0.13019999861717224
YDR013W,YBR298C,0,0.033726692,0.06123919412493706,0.08500000089406967,0.13030000030994415
YDR353W,YKR009C,0,0.033725712,0.06119510531425476,0.08500000089406967,0.13040000200271606
YHR079C-B,YBR168W,0,0.0336881,0.06115107983350754,0.08500000089406967,0.13050000369548798
YNL054W-A,YIL079C,0,0.033676397,0.06110711768269539,0.08500000089406967,0.1306000053882599
YNL054W-A,YDL235C,0,0.03363492,0.061063218861818314,0.08500000089406967,0.1307000070810318
YDR341C,YJR108W,0,0.033487696,0.06101938337087631,0.08500000089406967,0.13079999387264252
YBR132C,YAL011W,0,0.0334148,0.060975611209869385,0.08500000089406967,0.13089999556541443
YGR156W,YHL009W-B,0,0.0334042,0.06093189865350723,0.08500000089406967,0.13099999725818634
YKR065C,YKL143W,1,0.03339011,0.061604585498571396,0.0860000029206276,0.13099999725818634
YGL033W,YDR261C-D,0,0.03332772,0.061560485512018204,0.0860000029206276,0.13109999895095825
YGL071W,YHR038W,0,0.03316309,0.061516452580690384,0.0860000029206276,0.13120000064373016
YIL110W,YPR158C-C,0,0.033156622,0.06147247925400734,0.0860000029206276,0.13130000233650208
YER015W,YCL016C,0,0.032845218,0.06142857298254967,0.0860000029206276,0.131400004029274
YDR247W,YCR067C,0,0.032801736,0.06138472631573677,0.0860000029206276,0.1315000057220459
YJR090C,YJL170C,0,0.032724496,0.06134094297885895,0.0860000029206276,0.1316000074148178
YPL276W,YER173W,0,0.032717127,0.0612972192466259,0.0860000029206276,0.13169999420642853
YNL054W-A,YCR028C-A,0,0.032667745,0.061253562569618225,0.0860000029206276,0.13179999589920044
YHR150W,YDR261W-A,0,0.03262642,0.061209965497255325,0.0860000029206276,0.13189999759197235
YCR028C-A,YPR158W-A,0,0.03262642,0.0611664280295372,0.0860000029206276,0.13199999928474426
YOL088C,YML081C-A,0,0.032615464,0.06112295761704445,0.0860000029206276,0.13210000097751617
YOR328W,YDR398W,0,0.032602984,0.06107954680919647,0.0860000029206276,0.13220000267028809
YNL284C-B,YMR234W,0,0.032507863,0.06103619560599327,0.0860000029206276,0.13230000436306
YDR449C,YER018C,0,0.032405738,0.06099290773272514,0.0860000029206276,0.1324000060558319
YLR430W,YNL284C-B,0,0.032400828,0.06094967946410179,0.0860000029206276,0.13249999284744263
YBR118W,YAL001C,0,0.032344613,0.06090651452541351,0.0860000029206276,0.13259999454021454
YJL145W,YPL170W,0,0.032255758,0.06086341291666031,0.0860000029206276,0.13269999623298645
YMR301C,YDR141C,0,0.032251943,0.06082036718726158,0.0860000029206276,0.13279999792575836
YNL054W-A,YOL135C,0,0.032225363,0.06077738478779793,0.0860000029206276,0.13289999961853027
YGR279C,YOL095C,0,0.032203574,0.06073446199297905,0.0860000029206276,0.13300000131130219
YDR135C,YDR288W,0,0.032184836,0.060691602528095245,0.0860000029206276,0.1331000030040741
YLR075W,YAL032C,0,0.032127965,0.060648802667856216,0.0860000029206276,0.133200004696846
YJL039C,YML128C,0,0.03195688,0.06060606241226196,0.0860000029206276,0.13330000638961792
YNL054W-A,YOL165C,0,0.03184828,0.060563381761312485,0.0860000029206276,0.13339999318122864
YIL038C,YDR034C-C,0,0.031841077,0.06052076071500778,0.0860000029206276,0.13349999487400055
YGR027W-B,YML060W,0,0.031783156,0.060478199273347855,0.0860000029206276,0.13359999656677246
YDL143W,YMR156C,0,0.03175121,0.0604356974363327,0.0860000029206276,0.13369999825954437
YGR038C-B,YKL140W,0,0.031750724,0.060393258929252625,0.0860000029206276,0.13379999995231628
YCR082W,YGR027W-B,0,0.031742536,0.06035087630152702,0.0860000029206276,0.1339000016450882
YNL054W-A,YMR288W,0,0.03173305,0.060308557003736496,0.0860000029206276,0.1340000033378601
YJL012C-A,YDR170W-A,0,0.03166797,0.060266293585300446,0.0860000029206276,0.13410000503063202
YOR343C-B,YDR141C,0,0.03166797,0.06022408977150917,0.0860000029206276,0.13420000672340393
YDR014W-A,YLR227W-A,0,0.03166797,0.06018194556236267,0.0860000029206276,0.13429999351501465
YHL024W,YOR343C-B,0,0.03166797,0.06013986095786095,0.0860000029206276,0.13439999520778656
YLR276C,YOR343C-B,0,0.03166797,0.0600978322327137,0.0860000029206276,0.13449999690055847
YDR014W-A,YPL175W,0,0.03166797,0.060055866837501526,0.0860000029206276,0.13459999859333038
YER015W,YNL054W-A,0,0.03166797,0.06001395732164383,0.0860000029206276,0.1347000002861023
YER015W,YPR158W-A,0,0.03166797,0.05997210741043091,0.0860000029206276,0.1348000019788742
YDR435C,YLR227W-A,0,0.03166797,0.059930313378572464,0.0860000029206276,0.13490000367164612
YDR014W-A,YGL252C,0,0.03166797,0.059888578951358795,0.0860000029206276,0.13500000536441803
YER166W,YPL060C-A,0,0.03166797,0.0598469041287899,0.0860000029206276,0.13510000705718994
YDR014W-A,YML075C,0,0.03166797,0.059805285185575485,0.0860000029206276,0.13519999384880066
YBR172C,YGR161C-D,0,0.03166797,0.059763725847005844,0.0860000029206276,0.13529999554157257
YBR136W,YDR365W-B,0,0.03166797,0.05972222238779068,0.0860000029206276,0.13539999723434448
YCL062W,YDR210W-B,0,0.03166797,0.05968077853322029,0.0860000029206276,0.1354999989271164
YPL196W,YOR343C-B,0,0.03166797,0.05963939055800438,0.0860000029206276,0.1356000006198883
YDR014W-A,YGL048C,0,0.03166797,0.059598058462142944,0.0860000029206276,0.13570000231266022
YDR014W-A,YDR072C,0,0.03166797,0.059556785970926285,0.0860000029206276,0.13580000400543213
YDR014W-A,YPL153C,0,0.03166797,0.0595155693590641,0.0860000029206276,0.13590000569820404
YGR109W-A,YER008C,0,0.03166797,0.059474412351846695,0.0860000029206276,0.13600000739097595
YGR007W,YOR343C-B,0,0.03166797,0.059433311223983765,0.0860000029206276,0.13609999418258667
YHR079C-B,YGR027W-B,0,0.03166797,0.05939226597547531,0.0860000029206276,0.13619999587535858
YDR484W,YOR343C-B,0,0.03166797,0.059351276606321335,0.0860000029206276,0.1362999975681305
YDR014W-A,YDR011W,0,0.03166797,0.059310343116521835,0.0860000029206276,0.1363999992609024
YDR093W,YHL009W-B,0,0.03166797,0.05926946923136711,0.0860000029206276,0.13650000095367432
YNL278W,YOR343C-B,0,0.03166797,0.059228651225566864,0.0860000029206276,0.13660000264644623
YOR343C-B,YMR036C,0,0.03166797,0.059187885373830795,0.0860000029206276,0.13670000433921814
YOR343C-B,YGL001C,0,0.03166797,0.0591471791267395,0.0860000029206276,0.13680000603199005
YGL006W,YNL284C-B,0,0.03166797,0.059106528759002686,0.0860000029206276,0.13689999282360077
YGL006W,YGR038C-B,0,0.03166797,0.059065934270620346,0.0860000029206276,0.13699999451637268
YJL145W,YOR343C-B,0,0.03166797,0.059025395661592484,0.0860000029206276,0.1370999962091446
YOR343C-B,YPL228W,0,0.03166797,0.0589849092066288,0.0860000029206276,0.1371999979019165
YBR172C,YPL060C-A,0,0.03166797,0.05894448235630989,0.0860000029206276,0.13729999959468842
YOR343C-B,YLR051C,0,0.03166797,0.05890411138534546,0.0860000029206276,0.13740000128746033
YDR014W-A,YBR182C,0,0.03166797,0.058863792568445206,0.0860000029206276,0.13750000298023224
YOR343C-B,YER116C,0,0.03166797,0.05882352963089943,0.0860000029206276,0.13760000467300415
YDR456W,YOR343C-B,0,0.03166797,0.05878332257270813,0.0860000029206276,0.13770000636577606
YJL012C-A,YPR158C-C,0,0.03166797,0.05874316766858101,0.0860000029206276,0.13779999315738678
YDR014W-A,YMR096W,0,0.03166797,0.05870307236909866,0.0860000029206276,0.1378999948501587
YDR165W,YOR343C-B,0,0.03166797,0.058663029223680496,0.0860000029206276,0.1379999965429306
YDR014W-A,YNR047W,0,0.03166797,0.058623041957616806,0.0860000029206276,0.13809999823570251
YDR014W-A,YER018C,0,0.03166797,0.058583106845617294,0.0860000029206276,0.13819999992847443
YDR365W-B,YAL001C,0,0.03166797,0.05854322761297226,0.0860000029206276,0.13830000162124634
YBR257W,YOR343C-B,0,0.03166797,0.0585034005343914,0.0860000029206276,0.13840000331401825
YLL026W,YOR343C-B,0,0.03166797,0.058463629335165024,0.0860000029206276,0.13850000500679016
YDR014W-A,YBR210W,0,0.03166797,0.05842391401529312,0.0860000029206276,0.13860000669956207
YGL022W,YOR343C-B,0,0.03166797,0.0583842508494854,0.0860000029206276,0.1386999934911728
YGR227W,YNL284C-B,0,0.03166797,0.05834463983774185,0.0860000029206276,0.1387999951839447
YLR329W,YOR343C-B,0,0.03166797,0.05830508470535278,0.0860000029206276,0.1388999968767166
YGR109W-A,YKR095W-A,0,0.03166797,0.05826558172702789,0.0860000029206276,0.13899999856948853
YOL158C,YPL060C-A,0,0.03166797,0.05822613462805748,0.0860000029206276,0.13910000026226044
YJL012C-A,YDR365W-A,0,0.03166797,0.058186739683151245,0.0860000029206276,0.13920000195503235
YDR014W-A,YDR236C,0,0.03166797,0.05814739689230919,0.0860000029206276,0.13930000364780426
YOR343C-B,YDR453C,0,0.03166797,0.05810810625553131,0.0860000029206276,0.13940000534057617
YGR038C-B,YER108C,0,0.03166797,0.05806887149810791,0.0860000029206276,0.13950000703334808
YBL051C,YOR343C-B,0,0.03166797,0.05802968889474869,0.0860000029206276,0.1395999938249588
YJL012C-A,YJR026W,0,0.03166797,0.057990558445453644,0.0860000029206276,0.1396999955177307
YMR033W,YOR343C-B,0,0.03166797,0.05795148387551308,0.0860000029206276,0.13979999721050262
YER166W,YNL054W-A,0,0.03166797,0.05791245773434639,0.0860000029206276,0.13989999890327454
YGL155W,YDR014W-A,0,0.03166797,0.05787348747253418,0.0860000029206276,0.14000000059604645
YDR014W-A,YLR361C,0,0.03166797,0.05783456563949585,0.0860000029206276,0.14010000228881836
YKL200C,YAR010C,0,0.03166797,0.057795699685811996,0.0860000029206276,0.14020000398159027
YMR309C,YOR343C-B,0,0.03166797,0.05775688216090202,0.0860000029206276,0.14030000567436218
YLR155C,YOR343C-B,0,0.03166797,0.05771812051534653,0.0860000029206276,0.1404000073671341
YDR052C,YDR014W-A,0,0.03166797,0.05767941102385521,0.0860000029206276,0.1404999941587448
YDR014W-A,YOR182C,0,0.03166797,0.05764074996113777,0.0860000029206276,0.14059999585151672
YDL013W,YOR343C-B,0,0.03166797,0.05760214477777481,0.0860000029206276,0.14069999754428864
YDR014W-A,YER044C-A,0,0.03166797,0.05756358802318573,0.0860000029206276,0.14079999923706055
YCL005W-A,YLR035C-A,0,0.03166797,0.05752508342266083,0.0860000029206276,0.14090000092983246
YLR397C,YOR343C-B,0,0.03166797,0.057486630976200104,0.0860000029206276,0.14100000262260437
YJR083C,YOR343C-B,0,0.03166797,0.05744823068380356,0.0860000029206276,0.14110000431537628
YOR343C-B,YHR088W,0,0.03166797,0.05740987882018089,0.0860000029206276,0.1412000060081482
YNL054W-A,YCL062W,0,0.03166797,0.057371582835912704,0.0860000029206276,0.1412999927997589
YDR014W-A,YCR005C,0,0.03166797,0.0573333315551281,0.0860000029206276,0.14139999449253082
YCL011C,YOR343C-B,0,0.03166797,0.05729513615369797,0.0860000029206276,0.14149999618530273
YDR014W-A,YIL039W,0,0.03166797,0.05725698918104172,0.0860000029206276,0.14159999787807465
YMR227C,YPR158W-A,0,0.031584453,0.057218894362449646,0.0860000029206276,0.14169999957084656
YBR216C,YPL060C-A,0,0.031514578,0.05718085169792175,0.0860000029206276,0.14180000126361847
YDR244W,YGR119C,1,0.031452812,0.057807307690382004,0.08699999749660492,0.14180000126361847
YPL276W,YML107C,0,0.031442467,0.05776892602443695,0.08699999749660492,0.14190000295639038
YEL036C,YPR137C-B,0,0.03143126,0.05773058906197548,0.08699999749660492,0.1420000046491623
YDR261C-D,YNL065W,0,0.03141287,0.057692307978868484,0.08699999749660492,0.1421000063419342
YGR286C,YNL097C,0,0.03140894,0.05765407532453537,0.08699999749660492,0.14219999313354492
YNL054W-A,YDR179C,0,0.031402227,0.057615894824266434,0.08699999749660492,0.14229999482631683
YPL130W,YOR288C,0,0.031263623,0.05757776275277138,0.08699999749660492,0.14239999651908875
YAL002W,YBR092C,0,0.031260986,0.0575396828353405,0.08699999749660492,0.14249999821186066
YLR276C,YNR057C,0,0.031112064,0.0575016513466835,0.08699999749660492,0.14259999990463257
YNR011C,YDR261C-C,0,0.031068355,0.05746367201209068,0.08699999749660492,0.14270000159740448
YGL187C,YDR440W,0,0.030967962,0.057425741106271744,0.08699999749660492,0.1428000032901764
YDR295C,YOR224C,0,0.030958239,0.05738786235451698,0.08699999749660492,0.1429000049829483
YBL082C,YIL002C,0,0.030793156,0.0573500320315361,0.08699999749660492,0.14300000667572021
YGL194C,YBL003C,0,0.030719314,0.0573122538626194,0.08699999749660492,0.14309999346733093
YDR093W,YHL020C,0,0.0306723,0.05727452412247658,0.08699999749660492,0.14319999516010284
YCR009C,YML024W,0,0.030627046,0.057236842811107635,0.08699999749660492,0.14329999685287476
YKR027W,YER127W,0,0.030589748,0.05719920992851257,0.08699999749660492,0.14339999854564667
YJL026W,YIR013C,0,0.0305298,0.05716162919998169,0.08699999749660492,0.14350000023841858
YLR221C,YMR250W,0,0.030512627,0.057124096900224686,0.08699999749660492,0.1436000019311905
YBR186W,YHL020C,0,0.030476097,0.05708661302924156,0.08699999749660492,0.1437000036239624
YML113W,YMR156C,0,0.030369032,0.05704918131232262,0.08699999749660492,0.14380000531673431
YJL176C,YLL041C,0,0.030308073,0.05701179429888725,0.08699999749660492,0.14390000700950623
YER145C,YGL136C,0,0.03029899,0.05697445943951607,0.08699999749660492,0.14399999380111694
YKL200C,YFR047C,0,0.030224513,0.05693717300891876,0.08699999749660492,0.14409999549388885
YDR341C,YDR123C,0,0.030204099,0.05689993500709534,0.08699999749660492,0.14419999718666077
YOR151C,YHR150W,0,0.030193884,0.05686274543404579,0.08699999749660492,0.14429999887943268
YGR214W,YOR003W,0,0.030061875,0.056825604289770126,0.08699999749660492,0.1444000005722046
YMR035W,YKL143W,1,0.029917832,0.05744125321507454,0.08799999952316284,0.1444000005722046
YAL026C,YAL032C,0,0.029914163,0.05740378424525261,0.08799999952316284,0.1445000022649765
YJR077C,YPL181W,0,0.029775236,0.05736636370420456,0.08799999952316284,0.1446000039577484
YER147C,YPR158C-C,0,0.029749583,0.05732899159193039,0.08799999952316284,0.14470000565052032
YGR027W-B,YPL283C,0,0.029662458,0.0572916679084301,0.08799999952316284,0.14480000734329224
YER001W,YOL135C,0,0.029579643,0.05725439265370369,0.08799999952316284,0.14489999413490295
YML109W,YMR096W,0,0.029551886,0.05721716582775116,0.08799999952316284,0.14499999582767487
YNR007C,YDR495C,1,0.029442735,0.057829760015010834,0.08900000154972076,0.14499999582767487
YDR456W,YDR098C-A,0,0.029442577,0.05779220908880234,0.08900000154972076,0.14509999752044678
YJR031C,YDL231C,0,0.02940588,0.05775470659136772,0.08900000154972076,0.1451999992132187
YPR065W,YGR192C,0,0.029355738,0.05771724879741669,0.08900000154972076,0.1453000009059906
YKL144C,YAL068C,0,0.029329538,0.05767984315752983,0.08900000154972076,0.1454000025987625
YFL004W,YIL117C,0,0.029276792,0.057642485946416855,0.08900000154972076,0.14550000429153442
YJL053W,YER108C,0,0.029227722,0.05760517716407776,0.08900000154972076,0.14560000598430634
YMR172W,YLR155C,0,0.02919544,0.05756791681051254,0.08900000154972076,0.14569999277591705
YMR267W,YHR214C-C,0,0.029164616,0.05753070488572121,0.08900000154972076,0.14579999446868896
YGL075C,YLR069C,0,0.029142704,0.05749354138970375,0.08900000154972076,0.14589999616146088
YER087C-A,YNR007C,1,0.029137548,0.05810200050473213,0.09000000357627869,0.14589999616146088
YOR148C,YLR227W-A,0,0.029133495,0.05806451663374901,0.09000000357627869,0.1459999978542328
YGR038C-B,YGL028C,0,0.029027704,0.058027077466249466,0.09000000357627869,0.1460999995470047
YFR029W,YBR210W,0,0.028945696,0.0579896904528141,0.09000000357627869,0.1462000012397766
YPR137C-B,YLR447C,0,0.028872127,0.05795235186815262,0.09000000357627869,0.14630000293254852
YFL004W,YDR098C-A,0,0.028853461,0.057915057986974716,0.09000000357627869,0.14640000462532043
YHR034C,YDR210W-B,0,0.028841013,0.057877812534570694,0.09000000357627869,0.14650000631809235
YOR115C,YPL060C-A,0,0.028838938,0.05784061551094055,0.09000000357627869,0.14659999310970306
YGL194C,YDR170W-A,0,0.02879271,0.05780346691608429,0.09000000357627869,0.14669999480247498
YPL275W,YDR045C,0,0.028707935,0.05776636675000191,0.09000000357627869,0.1467999964952469
YLR081W,YJL012C-A,0,0.028649816,0.057729315012693405,0.09000000357627869,0.1468999981880188
YHR015W,YFR031C,0,0.028589778,0.057692307978868484,0.09000000357627869,0.1469999998807907
YKL042W,YDR261C-C,0,0.02850289,0.057655349373817444,0.09000000357627869,0.14710000157356262
YIR013C,YMR219W,0,0.02833854,0.05761843919754028,0.09000000357627869,0.14720000326633453
YBR185C,YBR288C,0,0.028322566,0.057581573724746704,0.09000000357627869,0.14730000495910645
YDL164C,YER174C,0,0.028296743,0.057544756680727005,0.09000000357627869,0.14740000665187836
YDR255C,YPL267W,0,0.028281674,0.057507988065481186,0.09000000357627869,0.14749999344348907
YPR158W-A,YPL047W,0,0.02826434,0.05747126415371895,0.09000000357627869,0.147599995136261
YPL041C,YIR012W,0,0.028153438,0.05743458867073059,0.09000000357627869,0.1476999968290329
YDR261C-C,YPR199C,0,0.028148178,0.057397957891225815,0.09000000357627869,0.1477999985218048
YDL145C,YER062C,0,0.028008927,0.05736137554049492,0.09000000357627869,0.14790000021457672
YHR152W,YLR014C,0,0.027950067,0.0573248416185379,0.09000000357627869,0.14800000190734863
YML058W,YPL257W-B,0,0.02786871,0.05728835240006447,0.09000000357627869,0.14810000360012054
YGR145W,YGR109W-A,0,0.027729392,0.057251907885074615,0.09000000357627869,0.14820000529289246
YBR077C,YGL106W,0,0.027639102,0.05721551179885864,0.09000000357627869,0.14830000698566437
YMR033W,YBR257W,0,0.02760576,0.05717916041612625,0.09000000357627869,0.14839999377727509
YNL001W,YFR048W,0,0.0274727,0.05714285746216774,0.09000000357627869,0.148499995470047
YBR217W,YFR002W,1,0.027373608,0.05774111673235893,0.09099999815225601,0.148499995470047
YPR051W,YPL257W-B,0,0.02729769,0.05770450085401535,0.09099999815225601,0.1485999971628189
YGL257C,YMR096W,0,0.027193863,0.05766793340444565,0.09099999815225601,0.14869999885559082
YHR079C-B,YER095W,0,0.027164139,0.05763141065835953,0.09099999815225601,0.14880000054836273
YHR083W,YGL099W,1,0.027062919,0.05822784826159477,0.09200000017881393,0.14880000054836273
YJL008C,YGR109W-A,0,0.027047787,0.05819102004170418,0.09200000017881393,0.14890000224113464
YJL090C,YGR186W,0,0.02698236,0.058154236525297165,0.09200000017881393,0.14900000393390656
YFL013C,YDL164C,0,0.02696636,0.058117497712373734,0.09200000017881393,0.14910000562667847
YHR020W,YOR117W,0,0.026912224,0.05808080732822418,0.09200000017881393,0.14920000731945038
YDR365W-B,YML109W,0,0.026890315,0.05804416537284851,0.09200000017881393,0.1492999941110611
YBR060C,YCR009C,0,0.026859425,0.05800756439566612,0.09200000017881393,0.149399995803833
YLR176C,YDR191W,0,0.026830558,0.05797101557254791,0.09200000017881393,0.14949999749660492
YKL081W,YOR132W,0,0.026761908,0.057934507727622986,0.09200000017881393,0.14959999918937683
YGR038C-B,YNL097C,0,0.026755149,0.05789804831147194,0.09200000017881393,0.14970000088214874
YNL261W,YLR265C,0,0.02672078,0.057861633598804474,0.09200000017881393,0.14980000257492065
YPR009W,YCL062W,0,0.026623128,0.05782526731491089,0.09200000017881393,0.14990000426769257
YDR254W,YEL029C,0,0.026505452,0.057788945734500885,0.09200000017881393,0.15000000596046448
YBR142W,YML025C,0,0.026496816,0.05775266885757446,0.09200000017881393,0.1500999927520752
YOL147C,YKL166C,0,0.026485,0.05771643668413162,0.09200000017881393,0.1501999944448471
YOR008C,YHR023W,0,0.026425121,0.05768024921417236,0.09200000017881393,0.15029999613761902
YDR244W,YLR008C,1,0.026388172,0.05827067792415619,0.09300000220537186,0.15029999613761902
YIL076W,YCR102C,0,0.026367804,0.058234188705682755,0.09300000220537186,0.15039999783039093
YDR098C-A,YHR066W,0,0.026279885,0.0581977479159832,0.09300000220537186,0.15049999952316284
YBR228W,YLR227W-A,0,0.026279885,0.05816135182976723,0.09300000220537186,0.15060000121593475
YGR092W,YDR435C,0,0.02616417,0.058125000447034836,0.09300000220537186,0.15070000290870667
YDR231C,YIL009C-A,0,0.026154596,0.058088693767786026,0.09300000220537186,0.15080000460147858
YKL179C,YDR210W-B,0,0.026119933,0.058052435517311096,0.09300000220537186,0.1509000062942505
YPR132W,YKR067W,0,0.025947835,0.05801621824502945,0.09300000220537186,0.1509999930858612
YOR057W,YDR261C-C,0,0.025869932,0.05798004940152168,0.09300000220537186,0.15109999477863312
YGR179C,YLR069C,0,0.025784556,0.0579439252614975,0.09300000220537186,0.15119999647140503
YNL054W-A,YBR177C,0,0.02575485,0.057907845824956894,0.09300000220537186,0.15129999816417694
YBR085W,YDR098C-A,0,0.025584217,0.05787181109189987,0.09300000220537186,0.15139999985694885
YFL013C,YOR272W,0,0.02557173,0.05783582106232643,0.09300000220537186,0.15150000154972076
YLR167W,YGL136C,0,0.025511134,0.05779987573623657,0.09300000220537186,0.15160000324249268
YDR365W-A,YLR069C,0,0.02540168,0.057763975113630295,0.09300000220537186,0.1517000049352646
YOR209C,YPL047W,0,0.025247298,0.0577281191945076,0.09300000220537186,0.1518000066280365
YJR006W,YDR261C-C,0,0.0252112,0.057692307978868484,0.09300000220537186,0.15189999341964722
YGR157W,YDR210W-B,0,0.025123902,0.05765654146671295,0.09300000220537186,0.15199999511241913
YPR158W-A,YPL106C,0,0.025052465,0.057620819658041,0.09300000220537186,0.15209999680519104
YER087C-A,YLR431C,1,0.025038842,0.05820433422923088,0.09399999678134918,0.15209999680519104
YDR292C,YHR083W,1,0.024976283,0.05878712981939316,0.0949999988079071,0.15209999680519104
YMR128W,YER116C,0,0.024798062,0.05875077471137047,0.0949999988079071,0.15219999849796295
YPL262W,YDR261C-C,0,0.024764245,0.05871446058154106,0.0949999988079071,0.15230000019073486
YCR061W,YDR261C-C,0,0.024625974,0.058678194880485535,0.0949999988079071,0.15240000188350677
YGR038C-B,YNL206C,0,0.024487704,0.05864197388291359,0.0949999988079071,0.1525000035762787
YHR005C,YPR158C-C,0,0.024414733,0.058605797588825226,0.0949999988079071,0.1526000052690506
YDR456W,YCR092C,0,0.024367187,0.058569665998220444,0.0949999988079071,0.1527000069618225
YER147C,YKR007W,0,0.024214279,0.05853357911109924,0.0949999988079071,0.15279999375343323
YDL227C,YNL251C,0,0.024200816,0.058497536927461624,0.0949999988079071,0.15289999544620514
YGL120C,YDR440W,0,0.024186898,0.05846153944730759,0.0949999988079071,0.15299999713897705
YJL039C,YDR365W-A,0,0.024126094,0.05842558294534683,0.0949999988079071,0.15309999883174896
YNR007C,YLR008C,1,0.024066422,0.05900430306792259,0.09600000083446503,0.15309999883174896
YHR188C,YNL126W,0,0.024057847,0.058968059718608856,0.09600000083446503,0.15320000052452087
YJL012C-A,YLR068W,0,0.024054281,0.0589318610727787,0.09600000083446503,0.15330000221729279
YER001W,YMR301C,0,0.024028614,0.05889570713043213,0.09600000083446503,0.1534000039100647
YNL284C-B,YMR212C,0,0.023992637,0.05885959416627884,0.09600000083446503,0.1535000056028366
YCR066W,YDR365W-A,0,0.02394959,0.05882352963089943,0.09600000083446503,0.15360000729560852
YDR098C-A,YDR263C,0,0.02390169,0.0587875060737133,0.09600000083446503,0.15369999408721924
YDR299W,YAR033W,0,0.023821741,0.058751530945301056,0.09600000083446503,0.15379999577999115
YPR200C,YMR234W,0,0.023817685,0.05871559679508209,0.09600000083446503,0.15389999747276306
YGR276C,YPR074C,0,0.023805756,0.05867970734834671,0.09600000083446503,0.15399999916553497
YJR121W,YCL011C,0,0.023772588,0.05864385887980461,0.09600000083446503,0.15410000085830688
YHL009W-B,YNL177C,0,0.023668196,0.05860805884003639,0.09600000083446503,0.1542000025510788
YLR221C,YBR035C,0,0.023648303,0.058572299778461456,0.09600000083446503,0.1543000042438507
YGR027W-B,YDR385W,0,0.023518408,0.0585365854203701,0.09600000083446503,0.15440000593662262
YBL082C,YBR170C,0,0.023513231,0.05850091576576233,0.09600000083446503,0.15449999272823334
YLR397C,YDL194W,0,0.023432348,0.05846528708934784,0.09600000083446503,0.15459999442100525
YNL054W-A,YGR007W,0,0.023280501,0.05842970311641693,0.09600000083446503,0.15469999611377716
YMR039C,YBL040C,0,0.023210581,0.058394160121679306,0.09600000083446503,0.15479999780654907
YMR001C,YNL284C-B,0,0.02315715,0.05835866183042526,0.09600000083446503,0.15489999949932098
YLR276C,YBR193C,0,0.022889663,0.0583232082426548,0.09600000083446503,0.1550000011920929
YPR201W,YHR023W,0,0.022883873,0.05828779563307762,0.09600000083446503,0.1551000028848648
YCL005W-A,YOR132W,0,0.022861786,0.058252427726984024,0.09600000083446503,0.15520000457763672
YOR209C,YIL101C,0,0.022825774,0.05821710079908371,0.09600000083446503,0.15530000627040863
YJL026W,YPL257W-B,0,0.022822328,0.05818181857466698,0.09600000083446503,0.15539999306201935
YDR365W-B,YJR090C,0,0.022787077,0.05814657732844353,0.09600000083446503,0.15549999475479126
YKL148C,YGL246C,0,0.022769976,0.05811138078570366,0.09600000083446503,0.15559999644756317
YGR038C-B,YPL147W,0,0.022769462,0.058076225221157074,0.09600000083446503,0.15569999814033508
YGR211W,YOL034W,0,0.022745695,0.05804111063480377,0.09600000083446503,0.155799999833107
YNL070W,YMR235C,1,0.022647824,0.05861027166247368,0.09700000286102295,0.155799999833107
YPL160W,YDR295C,0,0.02248726,0.05857487767934799,0.09700000286102295,0.1559000015258789
YLR227W-A,YML116W,0,0.022478689,0.05853952839970589,0.09700000286102295,0.15600000321865082
YPL051W,YML075C,0,0.022429544,0.058504220098257065,0.09700000286102295,0.15610000491142273
YOR123C,YPR074C,0,0.022363815,0.058468956500291824,0.09700000286102295,0.15620000660419464
YNL054W-A,YPR029C,0,0.022346519,0.05843373388051987,0.09700000286102295,0.15629999339580536
YOL090W,YPR199C,0,0.022139989,0.05839855596423149,0.09700000286102295,0.15639999508857727
YML058W,YGR161C-D,0,0.022117434,0.0583634190261364,0.09700000286102295,0.15649999678134918
YBL018C,YPR137C-B,0,0.022117434,0.05832832306623459,0.09700000286102295,0.1565999984741211
YCL069W,YDR098C-A,0,0.022029318,0.05829326808452606,0.09700000286102295,0.156700000166893
YDR191W,YGR112W,0,0.021930132,0.05825825780630112,0.09700000286102295,0.15680000185966492
YPR158C-C,YPL040C,0,0.021916874,0.058223288506269455,0.09700000286102295,0.15690000355243683
YDR456W,YHR129C,0,0.02189273,0.058188363909721375,0.09700000286102295,0.15700000524520874
YHL009W-B,YFL039C,0,0.021856464,0.05815347656607628,0.09700000286102295,0.15710000693798065
YPL196W,YIL110W,0,0.021835934,0.058118633925914764,0.09700000286102295,0.15719999372959137
YNR007C,YOR359W,1,0.021815255,0.0586826354265213,0.09799999743700027,0.15719999372959137
YPR198W,YDR450W,0,0.021769833,0.0586475171148777,0.09799999743700027,0.15729999542236328
YBR168W,YML109W,0,0.021762531,0.05861243978142738,0.09799999743700027,0.1573999971151352
YKL194C,YGR072W,0,0.02168161,0.05857740715146065,0.09799999743700027,0.1574999988079071
YHR079C-B,YNL065W,0,0.021637464,0.058542411774396896,0.09799999743700027,0.15760000050067902
YOL069W,YML038C,0,0.021422293,0.05850746110081673,0.09799999743700027,0.15770000219345093
YMR001C,YBR015C,0,0.021358628,0.05847255513072014,0.09799999743700027,0.15780000388622284
YBR168W,YMR309C,0,0.021335397,0.058437686413526535,0.09799999743700027,0.15790000557899475
YMR065W,YDR177W,0,0.021301497,0.05840286239981651,0.09799999743700027,0.15800000727176666
YDR381W,YNR030W,0,0.02126706,0.058368075639009476,0.09799999743700027,0.15809999406337738
YCL034W,YFL025C,0,0.021250982,0.05833333358168602,0.09799999743700027,0.1581999957561493
YML075C,YDR075W,0,0.021225426,0.05829863250255585,0.09799999743700027,0.1582999974489212
YOL091W,YOL069W,0,0.021118674,0.05826397240161896,0.09799999743700027,0.15839999914169312
YHR082C,YNL062C,0,0.02097718,0.05822935327887535,0.09799999743700027,0.15850000083446503
YER082C,YAL026C,0,0.020966265,0.05819477513432503,0.09799999743700027,0.15860000252723694
YGR007W,YDR341C,0,0.020917933,0.05816023796796799,0.09799999743700027,0.15870000422000885
YPR033C,YHL024W,0,0.02089164,0.05812574177980423,0.09799999743700027,0.15880000591278076
YFR052W,YDR303C,0,0.020787667,0.058091286569833755,0.09799999743700027,0.15889999270439148
YLR316C,YNL094W,0,0.020757433,0.058056872338056564,0.09799999743700027,0.1589999943971634
YJL106W,YPL060C-A,0,0.020726051,0.058022499084472656,0.09799999743700027,0.1590999960899353
YML098W,YDR365W-A,0,0.020674277,0.05798816680908203,0.09799999743700027,0.15919999778270721
YDR261C-D,YDR075W,0,0.020648394,0.05795387178659439,0.09799999743700027,0.15929999947547913
YFR034C,YGR027W-A,0,0.020622507,0.05791962146759033,0.09799999743700027,0.15940000116825104
YGL028C,YOR257W,0,0.020517122,0.057885412126779556,0.09799999743700027,0.15950000286102295
YPL060C-A,YLR114C,0,0.020493064,0.057851240038871765,0.09799999743700027,0.15960000455379486
YML075C,YMR073C,0,0.020491268,0.05781710892915726,0.09799999743700027,0.15970000624656677
YBR199W,YNL062C,0,0.0204621,0.05778301879763603,0.09799999743700027,0.1597999930381775
YGR147C,YNL284C-B,0,0.020346373,0.05774896964430809,0.09799999743700027,0.1598999947309494
YPL060C-A,YBL003C,0,0.02025145,0.05771495774388313,0.09799999743700027,0.1599999964237213
YMR250W,YML109W,0,0.020246264,0.05768099054694176,0.09799999743700027,0.16009999811649323
YOR207C,YOL126C,0,0.020182066,0.057647060602903366,0.09799999743700027,0.16019999980926514
YBL074C,YBR297W,0,0.020105068,0.05761316791176796,0.09799999743700027,0.16030000150203705
YDR163W,YGR211W,0,0.020060334,0.057579319924116135,0.09799999743700027,0.16040000319480896
YKL014C,YFL050C,0,0.02002624,0.057545509189367294,0.09799999743700027,0.16050000488758087
YDL100C,YPL060C-A,0,0.01998395,0.05751173570752144,0.09799999743700027,0.16060000658035278
YMR198W,YDR365W-B,0,0.019975321,0.057478006929159164,0.09799999743700027,0.1606999933719635
YDR098C-A,YGR112W,0,0.019932173,0.057444315403699875,0.09799999743700027,0.1607999950647354
YOL165C,YKR095W-A,0,0.019927932,0.05741066113114357,0.09799999743700027,0.16089999675750732
YHR020W,YDR261C-C,0,0.019923544,0.05737704783678055,0.09799999743700027,0.16099999845027924
YGL075C,YDR179C,0,0.019867148,0.05734347552061081,0.09799999743700027,0.16110000014305115
YPL041C,YGR161C-D,0,0.019854514,0.057309940457344055,0.09799999743700027,0.16120000183582306
YAL002W,YMR212C,0,0.019820552,0.057276446372270584,0.09799999743700027,0.16130000352859497
YPL161C,YLR129W,0,0.019807871,0.0572429895401001,0.09799999743700027,0.16140000522136688
YBR118W,YPR198W,0,0.019690152,0.057209573686122894,0.09799999743700027,0.1615000069141388
YML124C,YGR161C-D,0,0.019681934,0.057176195085048676,0.09799999743700027,0.1615999937057495
YPL232W,YML058W-A,0,0.01967677,0.05714285746216774,0.09799999743700027,0.16169999539852142
YGR027W-B,YIL031W,0,0.019673303,0.05710955709218979,0.09799999743700027,0.16179999709129333
YAL068C,YGR214W,0,0.019545153,0.05707629770040512,0.09799999743700027,0.16189999878406525
YOL090W,YPL060C-A,0,0.01951798,0.05704307183623314,0.09799999743700027,0.16200000047683716
YNL225C,YPL060C-A,0,0.01950935,0.05700989067554474,0.09799999743700027,0.16210000216960907
YEL015W,YPR067W,0,0.019506719,0.056976743042469025,0.09799999743700027,0.16220000386238098
YDR148C,YMR128W,0,0.019495819,0.056943636387586594,0.09799999743700027,0.1623000055551529
YLR130C,YOR117W,0,0.01945214,0.056910570710897446,0.09799999743700027,0.1624000072479248
YJL085W,YPR158C-C,0,0.019431688,0.056877538561820984,0.09799999743700027,0.16249999403953552
YHR139C,YKR063C,0,0.019350577,0.056844547390937805,0.09799999743700027,0.16259999573230743
YAL026C,YGL048C,0,0.01931705,0.05681159347295761,0.09799999743700027,0.16269999742507935
YGR027W-B,YNL225C,0,0.01930265,0.0567786805331707,0.09799999743700027,0.16279999911785126
YPL276W,YDL235C,0,0.019299176,0.056745801120996475,0.09799999743700027,0.16290000081062317
YOR187W,YFL011W-A,0,0.019298453,0.05671296268701553,0.09799999743700027,0.16300000250339508
YIL079C,YBR020W,0,0.019251,0.056680161505937576,0.09799999743700027,0.163100004196167
YDR436W,YLR192C,0,0.01923062,0.056647397577762604,0.09799999743700027,0.1632000058889389
YML021C,YLR206W,0,0.019181674,0.056614674627780914,0.09799999743700027,0.16329999268054962
YGL025C,YDR261C-C,0,0.019157935,0.05658198520541191,0.09799999743700027,0.16339999437332153
YGR027W-B,YOL165C,0,0.019149419,0.05654933676123619,0.09799999743700027,0.16349999606609344
YDR261C-C,YLR026C,0,0.019106857,0.056516725569963455,0.09799999743700027,0.16359999775886536
YPR067W,YDR261W-A,0,0.019098345,0.056484151631593704,0.09799999743700027,0.16369999945163727
YDR477W,YPR158C-C,0,0.019089831,0.05645161122083664,0.09799999743700027,0.16380000114440918
YJL069C,YBR077C,0,0.01908474,0.05641911178827286,0.09799999743700027,0.1639000028371811
YLL024C,YDL088C,1,0.019043956,0.0569620244204998,0.0989999994635582,0.1639000028371811
YDR170W-A,YLR035C-A,0,0.019023452,0.056929267942905426,0.0989999994635582,0.164000004529953
YGR211W,YLR069C,0,0.01902325,0.056896552443504333,0.0989999994635582,0.16410000622272491
YNL129W,YBL003C,0,0.018982615,0.05686387047171593,0.0989999994635582,0.16419999301433563
YCL034W,YPR137C-B,0,0.018979166,0.056831229478120804,0.0989999994635582,0.16429999470710754
YBR186W,YPL276W,0,0.018884197,0.05679862201213837,0.0989999994635582,0.16439999639987946
YDR449C,YCL062W,0,0.018837702,0.05676605552434921,0.0989999994635582,0.16449999809265137
YGR123C,YDR261C-C,0,0.0188004,0.056733522564172745,0.0989999994635582,0.16459999978542328
YPR042C,YDR261C-C,0,0.018792205,0.05670103058218956,0.0989999994635582,0.1647000014781952
YLL017W,YLR192C,0,0.018789286,0.05666857585310936,0.0989999994635582,0.1648000031709671
YGR027W-A,YJL133W,0,0.0186879,0.056636154651641846,0.0989999994635582,0.164900004863739
YOR209C,YOR267C,0,0.018641833,0.056603774428367615,0.0989999994635582,0.16500000655651093
YDR052C,YEL026W,0,0.018638123,0.05657142773270607,0.0989999994635582,0.16509999334812164
YGR161C-D,YDR165W,0,0.018615693,0.05653912201523781,0.0989999994635582,0.16519999504089355
YGR054W,YOL165C,0,0.018596806,0.05650684982538223,0.0989999994635582,0.16529999673366547
YBR274W,YPR201W,0,0.018523052,0.05647461488842964,0.0989999994635582,0.16539999842643738
YPL060C-A,YDR225W,0,0.018503366,0.056442417204380035,0.0989999994635582,0.1655000001192093
YOR187W,YJL113W,0,0.018437948,0.056410256773233414,0.0989999994635582,0.1656000018119812
YOR240W,YDR507C,0,0.018360589,0.05637813359498978,0.0989999994635582,0.1657000035047531
YDL102W,YHR038W,0,0.018326934,0.056346043944358826,0.0989999994635582,0.16580000519752502
YDR261C-C,YGL001C,0,0.018318832,0.05631399154663086,0.0989999994635582,0.16590000689029694
YBR136W,YPL010W,0,0.018317465,0.056281980127096176,0.0989999994635582,0.16599999368190765
YJL176C,YBL003C,0,0.018144164,0.05624999850988388,0.0989999994635582,0.16609999537467957
YGR038C-B,YNL054W,0,0.018046036,0.05621805787086487,0.0989999994635582,0.16619999706745148
YKL195W,YOR232W,1,0.017978925,0.05675368756055832,0.10000000149011612,0.16619999706745148
YJL069C,YLR023C,0,0.017927192,0.05672149732708931,0.10000000149011612,0.1662999987602234
YBR172C,YDR254W,0,0.017913971,0.056689340621232986,0.10000000149011612,0.1664000004529953
YPR158W-A,YDL130W-A,0,0.01780534,0.056657224893569946,0.10000000149011612,0.1665000021457672
YDR098C-A,YNL274C,0,0.017789295,0.05662514269351959,0.10000000149011612,0.16660000383853912
YML113W,YBR161W,0,0.017782513,0.056593094021081924,0.10000000149011612,0.16670000553131104
YBL018C,YMR073C,0,0.017772168,0.05656108632683754,0.10000000149011612,0.16680000722408295
YBR035C,YPL110C,0,0.017770901,0.05652911216020584,0.10000000149011612,0.16689999401569366
YER145C,YIR013C,0,0.017685946,0.05649717524647713,0.10000000149011612,0.16699999570846558
YDR365W-B,YHR005C,0,0.017612781,0.0564652755856514,0.10000000149011612,0.1670999974012375
YOR057W,YOR187W,0,0.01756576,0.056433409452438354,0.10000000149011612,0.1671999990940094
YDR365W-B,YJL168C,0,0.017508479,0.056401580572128296,0.10000000149011612,0.1673000007867813
YOR151C,YLR227W-A,0,0.017404178,0.05636978521943092,0.10000000149011612,0.16740000247955322
YGL033W,YPL181W,0,0.01730344,0.056338027119636536,0.10000000149011612,0.16750000417232513
YGR027W-B,YOR355W,0,0.017283827,0.05630630627274513,0.10000000149011612,0.16760000586509705
YDR261W-A,YBL040C,0,0.017235685,0.056274618953466415,0.10000000149011612,0.16769999265670776
YDR261W-A,YDR034C-C,0,0.017195571,0.05624296888709068,0.10000000149011612,0.16779999434947968
YHL020C,YNL054W-A,0,0.017147433,0.056211356073617935,0.10000000149011612,0.1678999960422516
YDR261C-D,YNL278W,0,0.017107487,0.056179776787757874,0.10000000149011612,0.1679999977350235
YPL060C-A,YAL032C,0,0.01702768,0.0561482310295105,0.10000000149011612,0.1680999994277954
YDR098C-A,YCR005C,0,0.017001076,0.05611672252416611,0.10000000149011612,0.16820000112056732
YLL016W,YGR214W,0,0.016944688,0.0560852512717247,0.10000000149011612,0.16830000281333923
YLR221C,YGR109W-A,0,0.016921684,0.05605380982160568,0.10000000149011612,0.16840000450611115
YDR365W-B,YMR234W,0,0.016832385,0.05602240934967995,0.10000000149011612,0.16850000619888306
YGR109W-A,YDR087C,0,0.016826011,0.0559910424053669,0.10000000149011612,0.16859999299049377
YHR079C-B,YLR084C,0,0.016768258,0.055959708988666534,0.10000000149011612,0.16869999468326569
YHR118C,YMR080C,0,0.016765933,0.055928412824869156,0.10000000149011612,0.1687999963760376
YKL189W,YMR234W,0,0.01672582,0.055897150188684464,0.10000000149011612,0.1688999980688095
YOL042W,YCR102C,0,0.01672354,0.05586592108011246,0.10000000149011612,0.16899999976158142
YKL108W,YDR365W-A,0,0.0167112,0.055834729224443436,0.10000000149011612,0.16910000145435333
YML060W,YLR115W,0,0.016647656,0.0558035708963871,0.10000000149011612,0.16920000314712524
YIL080W,YCR028C-A,0,0.016576877,0.05577244982123375,0.10000000149011612,0.16930000483989716
YGR262C,YIL033C,0,0.016560774,0.055741358548402786,0.10000000149011612,0.16940000653266907
YCL005W-A,YDR263C,0,0.01634734,0.055710308253765106,0.10000000149011612,0.16949999332427979
YBR060C,YDR170W-A,0,0.01632085,0.055679287761449814,0.10000000149011612,0.1695999950170517
YKL144C,YJL113W,0,0.016303975,0.055648304522037506,0.10000000149011612,0.1696999967098236
YJL010C,YDL126C,0,0.016193816,0.055617351084947586,0.10000000149011612,0.16979999840259552
YCR033W,YPL060C-A,0,0.016188176,0.05558643862605095,0.10000000149011612,0.16990000009536743
YOR240W,YKL178C,0,0.01609744,0.0555555559694767,0.10000000149011612,0.17000000178813934
YJL010C,YBL100W-B,0,0.016070813,0.05552470684051514,0.10000000149011612,0.17010000348091125
YMR267W,YKL200C,0,0.01604468,0.05549389496445656,0.10000000149011612,0.17020000517368317
YGR279C,YKL203C,0,0.016040012,0.055463116616010666,0.10000000149011612,0.17030000686645508
YDR013W,YHL024W,0,0.016004499,0.05543237179517746,0.10000000149011612,0.1703999936580658
YHL009W-B,YBL100W-B,0,0.015996825,0.05540166050195694,0.10000000149011612,0.1704999953508377
YKL064W,YNL284C-B,0,0.01597131,0.055370986461639404,0.10000000149011612,0.17059999704360962
YOL033W,YKR060W,0,0.015960176,0.05534034222364426,0.10000000149011612,0.17069999873638153
YML032C,YPR158C-C,0,0.015958555,0.055309735238552094,0.10000000149011612,0.17080000042915344
YIL122W,YNL054W-A,0,0.015945802,0.05527915805578232,0.10000000149011612,0.17090000212192535
YHR175W,YOR007C,0,0.015904043,0.05524861812591553,0.10000000149011612,0.17100000381469727
YIL017C,YFL004W,0,0.015901495,0.05521811172366142,0.10000000149011612,0.17110000550746918
YML055W,YDR192C,1,0.015898038,0.05573951452970505,0.10100000351667404,0.17110000550746918
YNL054W,YMR212C,0,0.015889022,0.05570876970887184,0.10100000351667404,0.1712000072002411
YJL072C,YGR245C,0,0.015886817,0.05567805841565132,0.10100000351667404,0.1712999939918518
YDR292C,YNL070W,1,0.015873458,0.056198347359895706,0.10199999809265137,0.1712999939918518
YDL081C,YLR453C,0,0.015835982,0.05616740137338638,0.10199999809265137,0.17139999568462372
YDR303C,YDR034C-C,0,0.015805848,0.056136488914489746,0.10199999809265137,0.17149999737739563
YBL100W-B,YDR261W-A,0,0.015703406,0.056105609983205795,0.10199999809265137,0.17159999907016754
YDL164C,YPL047W,0,0.015657913,0.05607476457953453,0.10199999809265137,0.17170000076293945
YDR288W,YDL198C,0,0.015555937,0.05604395642876625,0.10199999809265137,0.17180000245571136
YGR289C,YPL091W,0,0.015547086,0.05601317808032036,0.10199999809265137,0.17190000414848328
YGR123C,YNL239W,0,0.015527833,0.05598243698477745,0.10199999809265137,0.1720000058412552
YOL091W,YMR073C,0,0.015515335,0.05595172941684723,0.10199999809265137,0.1720999926328659
YBR038W,YLR361C,0,0.015469167,0.055921051651239395,0.10199999809265137,0.17219999432563782
YLR135W,YFL058W,0,0.015416287,0.055890411138534546,0.10199999809265137,0.17229999601840973
YOR144C,YDL130W,0,0.015412934,0.05585980415344238,0.10199999809265137,0.17239999771118164
YMR227C,YDR261C-C,0,0.015316408,0.05582922697067261,0.10199999809265137,0.17249999940395355
YPL060C-A,YML128C,0,0.015193667,0.05579868704080582,0.10199999809265137,0.17260000109672546
YPR138C,YCL011C,0,0.015096981,0.05576818063855171,0.10199999809265137,0.17270000278949738
YBR002C,YGL227W,0,0.015074898,0.055737704038619995,0.10199999809265137,0.1728000044822693
YPL096W,YDR034C-C,0,0.015046561,0.05570726469159126,0.10199999809265137,0.1729000061750412
YLR316C,YKL173W,0,0.015034877,0.05567685514688492,0.10199999809265137,0.17299999296665192
YGR109W-A,YBR298C,0,0.015003286,0.05564648285508156,0.10199999809265137,0.17309999465942383
YLL017W,YCL011C,0,0.015001785,0.055616140365600586,0.10199999809265137,0.17319999635219574
YNL002C,YOR338W,0,0.014989868,0.0555858314037323,0.10199999809265137,0.17329999804496765
YPR138C,YPR158W-A,0,0.014890792,0.0555555559694767,0.10199999809265137,0.17339999973773956
YNL209W,YFL011W-A,0,0.0148841925,0.055525314062833786,0.10199999809265137,0.17350000143051147
YCR102C,YDL130W-A,0,0.014855888,0.05549510195851326,0.10199999809265137,0.1736000031232834
YOL124C,YBR211C,0,0.014850434,0.05546492710709572,0.10199999809265137,0.1737000048160553
YKL108W,YCR028C-A,0,0.014803916,0.055434782058000565,0.10199999809265137,0.1738000065088272
YBR288C,YLR227W-A,0,0.014795601,0.0554046705365181,0.10199999809265137,0.17389999330043793
YGR092W,YOL067C,0,0.014707677,0.055374592542648315,0.10199999809265137,0.17399999499320984
YGL166W,YGL001C,0,0.014610454,0.05534454807639122,0.10199999809265137,0.17409999668598175
YOR020C,YML099C,0,0.014548078,0.05531453341245651,0.10199999809265137,0.17419999837875366
YAR019C,YPL195W,0,0.014536213,0.05528455227613449,0.10199999809265137,0.17430000007152557
YOL091W,YDR261C-C,0,0.014510034,0.055254604667425156,0.10199999809265137,0.17440000176429749
YPL041C,YDR484W,0,0.014506906,0.05522468686103821,0.10199999809265137,0.1745000034570694
YER015W,YGL223C,0,0.014473617,0.055194806307554245,0.10199999809265137,0.1746000051498413
YAR007C,YDR381W,0,0.014419068,0.05516495555639267,0.10199999809265137,0.17470000684261322
YML116W,YER122C,0,0.014205802,0.05513513460755348,0.10199999809265137,0.17479999363422394
YDR261C-D,YER044C-A,0,0.014181189,0.05510534718632698,0.10199999809265137,0.17489999532699585
YHR214C-C,YCL069W,0,0.014172537,0.055075593292713165,0.10199999809265137,0.17499999701976776
YPL028W,YJL085W,0,0.014106128,0.055045872926712036,0.10199999809265137,0.17509999871253967
YJR121W,YPL257W-B,0,0.014103306,0.055016182363033295,0.10199999809265137,0.17520000040531158
YBR015C,YDR545W,0,0.014099903,0.05498652160167694,0.10199999809265137,0.1753000020980835
YBR085W,YOL164W,0,0.013960201,0.05495689809322357,0.10199999809265137,0.1754000037908554
YJL173C,YNR011C,0,0.013912801,0.05492730066180229,0.10199999809265137,0.17550000548362732
YML057W,YPL257W-B,0,0.0138437,0.054897740483284,0.10199999809265137,0.17560000717639923
YPL257W-B,YDR182W,0,0.013826391,0.05486821010708809,0.10199999809265137,0.17569999396800995
YOR020C,YDR210W-B,0,0.013809081,0.05483870953321457,0.10199999809265137,0.17579999566078186
YIR015W,YGR285C,0,0.013725128,0.054809242486953735,0.10199999809265137,0.17589999735355377
YLR376C,YDR098C-A,0,0.013705239,0.05477980524301529,0.10199999809265137,0.17599999904632568
YML075C,YLR129W,0,0.013676513,0.05475040152668953,0.10199999809265137,0.1761000007390976
YER173W,YPR158W-A,0,0.013627354,0.054721031337976456,0.10199999809265137,0.1762000024318695
YOR148C,YPL060C-A,0,0.0136187,0.05469168722629547,0.10199999809265137,0.17630000412464142
YDL102W,YAL032C,0,0.013596017,0.05466238036751747,0.10199999809265137,0.17640000581741333
YJL134W,YPR158C-C,0,0.013540814,0.05463309958577156,0.10199999809265137,0.17649999260902405
YPL267W,YBR177C,0,0.013509806,0.054603856056928635,0.10199999809265137,0.17659999430179596
YPR158C-C,YLR026C,0,0.013400368,0.0545746386051178,0.10199999809265137,0.17669999599456787
YLR009W,YDR261C-C,0,0.013374465,0.05454545468091965,0.10199999809265137,0.17679999768733978
YNL206C,YHR068W,0,0.013329212,0.054516300559043884,0.10199999809265137,0.1768999993801117
YKR057W,YOR171C,0,0.013307035,0.05448717996478081,0.10199999809265137,0.1770000010728836
YMR128W,YMR050C,0,0.013297971,0.05445808917284012,0.10199999809265137,0.17710000276565552
YPR051W,YOR288C,0,0.01319446,0.05442902818322182,0.10199999809265137,0.17720000445842743
YCL062W,YGR161C,0,0.013181124,0.0544000007212162,0.10199999809265137,0.17730000615119934
YLR227W-A,YEL029C,0,0.013102535,0.054371003061532974,0.10199999809265137,0.17739999294281006
YGR156W,YDR325W,0,0.013082916,0.054342035204172134,0.10199999809265137,0.17749999463558197
YGR038C-B,YOR144C,0,0.013011891,0.05431310087442398,0.10199999809265137,0.17759999632835388
YNL318C,YKL140W,0,0.01300386,0.054284192621707916,0.10199999809265137,0.1776999980211258
YNL021W,YMR036C,0,0.012919277,0.05425531789660454,0.10199999809265137,0.1777999997138977
YDR140W,YOL164W,0,0.012858268,0.054226476699113846,0.10199999809265137,0.17790000140666962
YJL013C,YFL022C,0,0.012848455,0.05419766157865524,0.10199999809265137,0.17800000309944153
YPL106C,YDR261W-A,0,0.012791757,0.054168879985809326,0.10199999809265137,0.17810000479221344
YGL078C,YER111C,0,0.012749348,0.0541401281952858,0.10199999809265137,0.17820000648498535
YOR182C,YPL091W,0,0.012730457,0.054111406207084656,0.10199999809265137,0.17829999327659607
YML051W,YDR225W,0,0.012627874,0.0540827140212059,0.10199999809265137,0.17839999496936798
YML021C,YGR109W-A,0,0.012366615,0.054054055362939835,0.10199999809265137,0.1784999966621399
YDR045C,YEL050C,0,0.012354195,0.054025422781705856,0.10199999809265137,0.1785999983549118
YHR139C,YKL017C,0,0.012322042,0.053996823728084564,0.10199999809265137,0.17870000004768372
YHL020C,YML058W-A,0,0.012272213,0.05396825447678566,0.10199999809265137,0.17880000174045563
YDR277C,YFR031C,0,0.012217391,0.05393971502780914,0.10199999809265137,0.17890000343322754
YGR161C-D,YNL045W,0,0.012215465,0.053911205381155014,0.10199999809265137,0.17900000512599945
YML121W,YFL011W-A,0,0.012163779,0.05388272553682327,0.10199999809265137,0.17910000681877136
YHR194W,YMR268C,0,0.0121474825,0.05385427549481392,0.10199999809265137,0.17919999361038208
YLL016W,YNL062C,0,0.012029108,0.05382585898041725,0.10199999809265137,0.179299995303154
YDR179C,YHR163W,0,0.011964489,0.05379746854305267,0.10199999809265137,0.1793999969959259
YMR283C,YPR132W,0,0.011953566,0.05376910790801048,0.10199999809265137,0.17949999868869781
YHR204W,YPR158C-C,0,0.011882549,0.05374078080058098,0.10199999809265137,0.17960000038146973
YPR183W,YAL024C,0,0.011877291,0.05371247977018356,0.10199999809265137,0.17970000207424164
YCL034W,YDR225W,0,0.011813216,0.053684212267398834,0.10199999809265137,0.17980000376701355
YDR295C,YDR261C-C,0,0.01175881,0.053655970841646194,0.10199999809265137,0.17990000545978546
YHR015W,YDR210W-B,0,0.011745054,0.05362775921821594,0.10199999809265137,0.18000000715255737
YPL276W,YOR207C,0,0.0116988085,0.053599581122398376,0.10199999809265137,0.1800999939441681
YMR033W,YDR210W-B,0,0.011690065,0.0535714291036129,0.10199999809265137,0.18019999563694
YLR227W-A,YOR002W,0,0.0116763115,0.05354330688714981,0.10199999809265137,0.18029999732971191
YPL123C,YBR257W,0,0.011645127,0.05351521447300911,0.10199999809265137,0.18039999902248383
YOR002W,YEL026W,0,0.011584315,0.053487151861190796,0.10199999809265137,0.18050000071525574
YPL028W,YOR182C,0,0.011556651,0.05345911905169487,0.10199999809265137,0.18060000240802765
YHR152W,YAR010C,0,0.011535354,0.05343111604452133,0.10199999809265137,0.18070000410079956
YCR082W,YNL054W-A,0,0.011511324,0.05340314283967018,0.10199999809265137,0.18080000579357147
YOR115C,YOR257W,0,0.011438731,0.05337519571185112,0.10199999809265137,0.1808999925851822
YKR063C,YOL164W,0,0.011378255,0.053347282111644745,0.10199999809265137,0.1809999942779541
YLL016W,YMR234W,0,0.011334222,0.05331939458847046,0.10199999809265137,0.181099995970726
YGR027W-B,YDR261C-C,0,0.01130509,0.05329153686761856,0.10199999809265137,0.18119999766349792
YMR060C,YPR137C-B,0,0.011140101,0.05326370894908905,0.10199999809265137,0.18129999935626984
YDL126C,YKR009C,0,0.011125274,0.05323590710759163,0.10199999809265137,0.18140000104904175
YLL017W,YDR448W,0,0.011116957,0.053208138793706894,0.10199999809265137,0.18150000274181366
YEL036C,YER042W,0,0.01109134,0.05318039655685425,0.10199999809265137,0.18160000443458557
YER109C,YDR098C-A,0,0.011057604,0.05315268412232399,0.10199999809265137,0.18170000612735748
YDR436W,YJL012C-A,0,0.010992272,0.05312500149011612,0.10199999809265137,0.1817999929189682
YFL004W,YNL251C,0,0.010988455,0.05309734493494034,0.10199999809265137,0.1818999946117401
YPL161C,YDR247W,0,0.01097643,0.053069718182086945,0.10199999809265137,0.18199999630451202
YHR030C,YDR177W,0,0.010971654,0.05304212123155594,0.10199999809265137,0.18209999799728394
YBR168W,YOR148C,0,0.010937337,0.05301455408334732,0.10199999809265137,0.18219999969005585
YNL054W-A,YIR013C,0,0.010920115,0.05298701301217079,0.10199999809265137,0.18230000138282776
YBR060C,YPL276W,0,0.010912582,0.05295950174331665,0.10199999809265137,0.18240000307559967
YML075C,YNL065W,0,0.010853801,0.0529320202767849,0.10199999809265137,0.18250000476837158
YJL069C,YNR064C,0,0.01083963,0.05290456488728523,0.10199999809265137,0.1826000064611435
YBL078C,YKL143W,1,0.010789219,0.05339554324746132,0.10300000011920929,0.1826000064611435
YDR381W,YHR023W,0,0.010777816,0.05336787551641464,0.10300000011920929,0.1826999932527542
YHR214C-C,YNR019W,0,0.0106726345,0.05334023758769035,0.10300000011920929,0.18279999494552612
YFR031C,YBR132C,0,0.010616679,0.05331262946128845,0.10300000011920929,0.18289999663829803
YKL148C,YNL248C,0,0.010610048,0.05328504741191864,0.10300000011920929,0.18299999833106995
YPL147W,YDR210W-B,0,0.010535141,0.053257498890161514,0.10300000011920929,0.18310000002384186
YPL041C,YJL060W,0,0.010390528,0.05322997272014618,0.10300000011920929,0.18320000171661377
YMR301C,YFL058W,0,0.010363698,0.05320248007774353,0.10300000011920929,0.18330000340938568
YGR289C,YPL257W-B,0,0.010273911,0.05317501351237297,0.10300000011920929,0.1834000051021576
YIR013C,YCR067C,0,0.010265168,0.0531475730240345,0.10300000011920929,0.1835000067949295
YBR186W,YNL021W,0,0.010136787,0.053120166063308716,0.10300000011920929,0.18359999358654022
YDR098C-A,YKR022C,0,0.010095164,0.05309278517961502,0.10300000011920929,0.18369999527931213
YIL066C,YDR165W,0,0.010037538,0.053065430372953415,0.10300000011920929,0.18379999697208405
YHL003C,YER119C,0,0.009981684,0.0530381053686142,0.10300000011920929,0.18389999866485596
YMR026C,YHR197W,1,0.009965461,0.05352547764778137,0.10400000214576721,0.18389999866485596
YCL001W,YGR072W,0,0.009930391,0.05349794402718544,0.10400000214576721,0.18400000035762787
YGR002C,YPL218W,0,0.00990596,0.0534704364836216,0.10400000214576721,0.18410000205039978
YGR161C-D,YIL049W,0,0.009888932,0.05344295874238014,0.10400000214576721,0.1842000037431717
YGR161C,YNR038W,0,0.009762052,0.053415510803461075,0.10400000214576721,0.1843000054359436
YNL177C,YNL239W,0,0.009663481,0.0533880889415741,0.10400000214576721,0.18440000712871552
YOR272W,YHR038W,0,0.009659324,0.053360696882009506,0.10400000214576721,0.18449999392032623
YDL028C,YML092C,0,0.009582911,0.0533333346247673,0.10400000214576721,0.18459999561309814
YLR115W,YDR297W,0,0.009544391,0.05330599844455719,0.10400000214576721,0.18469999730587006
YLR265C,YLR051C,0,0.009360176,0.053278688341379166,0.10400000214576721,0.18479999899864197
YBR135W,YDR251W,0,0.009356681,0.05325140804052353,0.10400000214576721,0.18490000069141388
YML057W,YMR044W,0,0.009298522,0.05322415381669998,0.10400000214576721,0.1850000023841858
YNL068C,YNL278W,0,0.0091314055,0.05319692939519882,0.10400000214576721,0.1851000040769577
YAR010C,YAL034W-A,0,0.00912131,0.05316973477602005,0.10400000214576721,0.18520000576972961
YOR209C,YDL120W,0,0.00907417,0.05314256623387337,0.10400000214576721,0.18529999256134033
YHR079C-B,YPL175W,0,0.009013463,0.053115423768758774,0.10400000214576721,0.18539999425411224
YHR075C,YOR240W,0,0.0088931285,0.05308831110596657,0.10400000214576721,0.18549999594688416
YAR019C,YDR365W-A,0,0.008860372,0.05306122452020645,0.10400000214576721,0.18559999763965607
YHR034C,YIL037C,0,0.008798841,0.05303416773676872,0.10400000214576721,0.18569999933242798
YER049W,YOL164W,0,0.00874785,0.05300713703036308,0.10400000214576721,0.1858000010251999
YER087C-A,YFR002W,1,0.008618217,0.0534895583987236,0.10499999672174454,0.1858000010251999
YKL014C,YML029W,0,0.008597124,0.05346232280135155,0.10499999672174454,0.1859000027179718
YJL008C,YOL034W,0,0.008506026,0.05343511328101158,0.10499999672174454,0.1860000044107437
YJL074C,YDR261W-A,0,0.008459214,0.053407933562994,0.10499999672174454,0.18610000610351562
YOL033W,YNL284C-B,0,0.008400217,0.05338078364729881,0.10499999672174454,0.18619999289512634
YCL044C,YGR109W-A,0,0.008384638,0.05335365980863571,0.10499999672174454,0.18629999458789825
YKL148C,YPL257W-B,0,0.008256555,0.0533265620470047,0.10499999672174454,0.18639999628067017
YBR161W,YJL170C,0,0.008229714,0.053299494087696075,0.10499999672174454,0.18649999797344208
YEL015W,YDR341C,0,0.008217502,0.05327245220541954,0.10499999672174454,0.186599999666214
YGL032C,YFL013C,0,0.008196186,0.053245436400175095,0.10499999672174454,0.1867000013589859
YDL043C,YKL178C,0,0.008169521,0.053218450397253036,0.10499999672174454,0.1868000030517578
YDR477W,YNR057C,0,0.008045983,0.05319149047136307,0.10499999672174454,0.18690000474452972
YPL041C,YLR009W,0,0.00804032,0.05316455662250519,0.10499999672174454,0.18700000643730164
YHR075C,YPR158C-C,0,0.007952344,0.053137652575969696,0.10499999672174454,0.18709999322891235
YAR010C,YPR158W-A,0,0.0079043135,0.05311077460646629,0.10499999672174454,0.18719999492168427
YBL051C,YLR227W-A,0,0.0076481365,0.05308392271399498,0.10499999672174454,0.18729999661445618
YGL194C,YDR365W-A,0,0.007616114,0.053057100623846054,0.10499999672174454,0.1873999983072281
YCL001W,YOR025W,0,0.007511843,0.05303030461072922,0.10499999672174454,0.1875
YJL012C-A,YER122C,0,0.0075070076,0.05300353467464447,0.10499999672174454,0.1876000016927719
YGR027W-B,YPL170W,0,0.0074720196,0.05297679081559181,0.10499999672174454,0.18770000338554382
YLR453C,YGR258C,0,0.007338483,0.05295007675886154,0.10499999672174454,0.18780000507831573
YDL145C,YGL048C,0,0.0073035844,0.05292338877916336,0.10499999672174454,0.18790000677108765
YER178W,YAL024C,0,0.007215023,0.05289672687649727,0.10499999672174454,0.18799999356269836
YLR115W,YMR080C,0,0.007123828,0.052870091050863266,0.10499999672174454,0.18809999525547028
YNL070W,YMR026C,1,0.007043097,0.05334675312042236,0.10599999874830246,0.18809999525547028
YPL210C,YMR035W,1,0.0070345104,0.05382293835282326,0.10700000077486038,0.18809999525547028
YJR077C,YNL267W,0,0.0070130043,0.05379587784409523,0.10700000077486038,0.1881999969482422
YDR192C,YHL028W,1,0.0069396384,0.054271355271339417,0.1080000028014183,0.1881999969482422
YGR272C,YJL008C,0,0.0068986677,0.05424409732222557,0.1080000028014183,0.1882999986410141
YKL194C,YNL284C-B,0,0.0067995638,0.05421686917543411,0.1080000028014183,0.188400000333786
YPL041C,YBR038W,0,0.0067980476,0.054189663380384445,0.1080000028014183,0.18850000202655792
YPL283C,YDR261W-A,0,0.006719511,0.054162487387657166,0.1080000028014183,0.18860000371932983
YJR006W,YDR034C-C,0,0.006687492,0.054135337471961975,0.1080000028014183,0.18870000541210175
YML032C,YLR227W-A,0,0.0065594055,0.05410821735858917,0.1080000028014183,0.18880000710487366
YDR353W,YGR038C-B,0,0.006543394,0.05408112332224846,0.1080000028014183,0.18889999389648438
YMR172W,YDR255C,0,0.0065022297,0.054054055362939835,0.1080000028014183,0.1889999955892563
YGR276C,YLR144C,0,0.006489232,0.0540270134806633,0.1080000028014183,0.1890999972820282
YNL259C,YOR095C,0,0.0064828433,0.05400000140070915,0.1080000028014183,0.1891999989748001
YLR227W-A,YBL102W,0,0.0063993,0.053973011672496796,0.1080000028014183,0.18930000066757202
YDR172W,YPL181W,0,0.0062376447,0.053946055471897125,0.1080000028014183,0.18940000236034393
YLR319C,YHR053C,0,0.0061667897,0.053919121623039246,0.1080000028014183,0.18950000405311584
YHR034C,YML043C,0,0.006162919,0.053892213851213455,0.1080000028014183,0.18960000574588776
YPL181W,YFL011W-A,0,0.006104555,0.05386533588171005,0.1080000028014183,0.18970000743865967
YNL047C,YDR261W-A,0,0.005999025,0.05383848398923874,0.1080000028014183,0.18979999423027039
YLR081W,YEL015W,0,0.005973365,0.053811658173799515,0.1080000028014183,0.1898999959230423
YDR283C,YHR079C-B,0,0.005895015,0.05378486216068268,0.1080000028014183,0.1899999976158142
YJL052W,YDR210W-B,0,0.005710829,0.05375808849930763,0.1080000028014183,0.19009999930858612
YEL036C,YBR002C,0,0.0055979155,0.053731344640254974,0.1080000028014183,0.19020000100135803
YLR206W,YKL173W,0,0.0055096634,0.05370462313294411,0.1080000028014183,0.19030000269412994
YFR034C,YKL016C,0,0.005391065,0.05367793142795563,0.1080000028014183,0.19040000438690186
YBR179C,YDR261W-A,0,0.0053855553,0.05365126579999924,0.1080000028014183,0.19050000607967377
YLR227W-A,YIL154C,0,0.0051708035,0.053624626249074936,0.1080000028014183,0.19059999287128448
YLL016W,YNL239W,0,0.005101893,0.05359801650047302,0.1080000028014183,0.1906999945640564
YLR410W,YGR109W-A,0,0.005063422,0.0535714291036129,0.1080000028014183,0.1907999962568283
YKL088W,YPL060C-A,0,0.005027633,0.053544867783784866,0.1080000028014183,0.19089999794960022
YGL025C,YPL060C-A,0,0.0049381517,0.05351833626627922,0.1080000028014183,0.19099999964237213
YDR148C,YCL005W-A,0,0.0049251355,0.053491827100515366,0.1080000028014183,0.19110000133514404
YFL058W,YGL233W,0,0.004889164,0.0534653477370739,0.1080000028014183,0.19120000302791595
YDR255C,YPR158W-A,0,0.004777085,0.05343889072537422,0.1080000028014183,0.19130000472068787
YLR423C,YIR013C,0,0.00473674,0.05341246351599693,0.1080000028014183,0.19140000641345978
YOL005C,YER024W,0,0.004723992,0.053386058658361435,0.1080000028014183,0.1914999932050705
YKL088W,YLR068W,0,0.0046369024,0.053359683603048325,0.1080000028014183,0.1915999948978424
YMR172W,YCL001W,0,0.0045805424,0.0533333346247673,0.1080000028014183,0.19169999659061432
YHL028W,YBR171W,1,0.004471544,0.05380059406161308,0.10899999737739563,0.19169999659061432
YPR158C-C,YBR211C,0,0.0044012703,0.05377405136823654,0.10899999737739563,0.19179999828338623
YAL056W,YGL078C,0,0.004353609,0.05374753475189209,0.10899999737739563,0.19189999997615814
YOR240W,YJL085W,0,0.0043206364,0.05372104421257973,0.10899999737739563,0.19200000166893005
YPL196W,YDR225W,0,0.0042276345,0.053694579750299454,0.10899999737739563,0.19210000336170197
YDR057W,YML094W,0,0.0041221417,0.05366814509034157,0.10899999737739563,0.19220000505447388
YIL121W,YNL284C-B,0,0.0041149333,0.05364173278212547,0.10899999737739563,0.1923000067472458
YLR081W,YPR137C-B,0,0.004079137,0.05361534655094147,0.10899999737739563,0.1923999935388565
YMR260C,YGR112W,0,0.0040557273,0.05358898639678955,0.10899999737739563,0.19249999523162842
YOR095C,YML078W,0,0.004037071,0.053562652319669724,0.10899999737739563,0.19259999692440033
YDR365W-B,YBR058C,0,0.004025448,0.053536344319581985,0.10899999737739563,0.19269999861717224
YGL111W,YML058W-A,0,0.0038433708,0.05351006239652634,0.10899999737739563,0.19280000030994415
YFL002C,YMR077C,0,0.0037626363,0.05348380655050278,0.10899999737739563,0.19290000200271606
YHR079C-B,YGL223C,0,0.0036472343,0.05345757678151131,0.10899999737739563,0.19300000369548798
YPR029C,YML025C,0,0.0034885816,0.053431373089551926,0.10899999737739563,0.1931000053882599
YHR139C,YDR098C-A,0,0.0034706704,0.053405191749334335,0.10899999737739563,0.1932000070810318
YJL012C-A,YKL062W,0,0.003462281,0.05337904021143913,0.10899999737739563,0.19329999387264252
YDR093W,YBR193C,0,0.0033659711,0.05335291102528572,0.10899999737739563,0.19339999556541443
YOR359W,YEL013W,1,0.003341183,0.0538160465657711,0.10999999940395355,0.19339999556541443
YOR148C,YPL091W,0,0.0033400618,0.05378973111510277,0.10999999940395355,0.19349999725818634
YDL052C,YCR102C,0,0.0033146106,0.05376344174146652,0.10999999940395355,0.19359999895095825
YDL081C,YDR484W,0,0.0033041127,0.05373717471957207,0.10999999940395355,0.19370000064373016
YIL080W,YDR072C,0,0.0032092482,0.0537109375,0.10999999940395355,0.19380000233650208
YGR272C,YNL062C,0,0.0032009035,0.053684722632169724,0.10999999940395355,0.193900004029274
YGR075C,YKL070W,0,0.0031980537,0.053658537566661835,0.10999999940395355,0.1940000057220459
YJL087C,YLR170C,0,0.0031550862,0.05363237485289574,0.10999999940395355,0.1941000074148178
YMR183C,YKL070W,0,0.0031492151,0.05360623821616173,0.10999999940395355,0.19419999420642853
YJR083C,YGR014W,0,0.00309252,0.05358012765645981,0.10999999940395355,0.19429999589920044
YER119C,YNL327W,0,0.0030800886,0.05355403944849968,0.10999999940395355,0.19439999759197235
YNR046W,YGR109W-A,0,0.0030311458,0.05352798104286194,0.10999999940395355,0.19449999928474426
YDL081C,YMR044W,0,0.003024388,0.05350194498896599,0.10999999940395355,0.19460000097751617
YCR067C,YDL013W,0,0.002853196,0.05347593501210213,0.10999999940395355,0.19470000267028809
YPL267W,YML011C,0,0.0026969872,0.053449951112270355,0.10999999940395355,0.19480000436306
YPR198W,YAL011W,0,0.0026952736,0.05342399328947067,0.10999999940395355,0.1949000060558319
YER108C,YJL138C,0,0.0026666932,0.05339805781841278,0.10999999940395355,0.19499999284744263
YGL155W,YKL064W,0,0.002657134,0.05337214842438698,0.10999999940395355,0.19509999454021454
YML013W,YLR014C,0,0.0026560612,0.053346265107393265,0.10999999940395355,0.19519999623298645
YDR057W,YML116W,0,0.0026485845,0.05332040786743164,0.10999999940395355,0.19529999792575836
YIR022W,YOL082W,1,0.0026472919,0.05377906933426857,0.11100000143051147,0.19529999792575836
YML075C,YJL201W,0,0.002643276,0.05375302582979202,0.11100000143051147,0.19539999961853027
YNL094W,YPR158C-C,0,0.0025905222,0.053727008402347565,0.11100000143051147,0.19550000131130219
YMR283C,YGR038C-B,0,0.0025564916,0.053701017051935196,0.11100000143051147,0.1956000030040741
YOL124C,YER061C,0,0.0025455803,0.05367504805326462,0.11100000143051147,0.195700004696846
YDR365W-A,YER174C,0,0.002488438,0.05364910513162613,0.11100000143051147,0.19580000638961792
YGR192C,YMR030W,0,0.002471976,0.05362318828701973,0.11100000143051147,0.19589999318122864
YHR079C-B,YLR134W,0,0.002457898,0.05359729751944542,0.11100000143051147,0.19599999487400055
YHR070W,YCR009C,0,0.002442319,0.0535714291036129,0.11100000143051147,0.19609999656677246
YIR013C,YNL248C,0,0.0024411194,0.05354558676481247,0.11100000143051147,0.19619999825954437
YPL130W,YBR020W,0,0.0021764003,0.05351976677775383,0.11100000143051147,0.19629999995231628
YOL135C,YKL200C,0,0.002086889,0.05349397659301758,0.11100000143051147,0.1964000016450882
YML081C-A,YDL164C,0,0.0020216294,0.05346820876002312,0.11100000143051147,0.1965000033378601
YDR439W,YDR210W-B,0,0.00197801,0.05344246327877045,0.11100000143051147,0.19660000503063202
YER095W,YHR214C-C,0,0.0018929467,0.053416747599840164,0.11100000143051147,0.19670000672340393
YGL223C,YOR144C,0,0.0018867292,0.05339105427265167,0.11100000143051147,0.19679999351501465
YGR118W,YKL200C,0,0.0017886795,0.05336538329720497,0.11100000143051147,0.19689999520778656
YJL085W,YPR201W,0,0.0017109104,0.05333974212408066,0.11100000143051147,0.19699999690055847
YPL267W,YGR007W,0,0.00167704,0.05331411957740784,0.11100000143051147,0.19709999859333038
YBR228W,YJL133W,0,0.0015578307,0.053288526833057404,0.11100000143051147,0.1972000002861023
YLR176C,YGR054W,0,0.0015124902,0.05326295644044876,0.11100000143051147,0.1973000019788742
YDR277C,YNL259C,0,0.0014089979,0.05323740839958191,0.11100000143051147,0.19740000367164612
YGL033W,YIL122W,0,0.0014046617,0.053211890161037445,0.11100000143051147,0.19750000536441803
YHR139C,YFL025C,0,0.0013872869,0.05318639054894447,0.11100000143051147,0.19760000705718994
YOR187W,YFR031C,0,0.0012702532,0.05316092073917389,0.11100000143051147,0.19769999384880066
YLR176C,YNL090W,0,0.0012672581,0.053135473281145096,0.11100000143051147,0.19779999554157257
YPL218W,YFL022C,0,0.0012257956,0.05311004817485809,0.11100000143051147,0.19789999723434448
YML032C,YPL060C-A,0,0.0010422394,0.05308464914560318,0.11100000143051147,0.1979999989271164
YMR077C,YLR249W,0,0.0009399019,0.05305927246809006,0.11100000143051147,0.1981000006198883
YBL082C,YHR023W,0,0.00084697455,0.053033921867609024,0.11100000143051147,0.19820000231266022
YLR423C,YNL262W,0,0.000537131,0.05300859734416008,0.11100000143051147,0.19830000400543213
YFL050C,YBL051C,0,0.0004887618,0.05298329517245293,0.11100000143051147,0.19840000569820404
YCL044C,YNL284C-B,0,0.0003957115,0.052958015352487564,0.11100000143051147,0.19850000739097595
YPL040C,YGR186W,0,0.00037099794,0.05293276160955429,0.11100000143051147,0.19859999418258667
YGL021W,YLR035C-A,0,0.00033903494,0.05290753021836281,0.11100000143051147,0.19869999587535858
YNL284C-B,YEL029C,0,0.00025959685,0.052882324904203415,0.11100000143051147,0.1987999975681305
YDR093W,YGL150C,0,0.00021686405,0.05285714194178581,0.11100000143051147,0.1988999992609024
YIL076W,YPL257W-B,0,-4.665926e-05,0.0528319850564003,0.11100000143051147,0.19900000095367432
YJR126C,YJL104W,1,-7.117912e-05,0.053282588720321655,0.1120000034570694,0.19900000095367432
YLR193C,YIL149C,1,-9.9446625e-05,0.05373276397585869,0.11299999803304672,0.19900000095367432
YGR054W,YIL080W,0,-0.00021441653,0.053707223385572433,0.11299999803304672,0.19910000264644623
YHR001W,YDR365W-A,0,-0.00028485432,0.05368170887231827,0.11299999803304672,0.19920000433921814
YBR244W,YOR288C,0,-0.00032570586,0.05365622043609619,0.11299999803304672,0.19930000603199005
YPR110C,YBL102W,0,-0.00032730773,0.053630754351615906,0.11299999803304672,0.19939999282360077
YKR097W,YEL029C,0,-0.00036486238,0.05360531434416771,0.11299999803304672,0.19949999451637268
YPL041C,YLL026W,0,-0.0004091151,0.053579896688461304,0.11299999803304672,0.1995999962091446
YML075C,YLR453C,0,-0.00045923516,0.05355450138449669,0.11299999803304672,0.1996999979019165
YCL069W,YBR118W,0,-0.00054265186,0.05352913215756416,0.11299999803304672,0.19979999959468842
YDR172W,YER116C,0,-0.0005878024,0.05350378900766373,0.11299999803304672,0.19990000128746033
YNL326C,YAR010C,0,-0.00060809776,0.05347846820950508,0.11299999803304672,0.20000000298023224
YBR265W,YLR084C,0,-0.00063687935,0.053453169763088226,0.11299999803304672,0.20010000467300415
YBR002C,YBL051C,0,-0.0008818321,0.05342789739370346,0.11299999803304672,0.20020000636577606
YNL251C,YGL001C,0,-0.00088584423,0.053402647376060486,0.11299999803304672,0.20029999315738678
YGR027W-A,YGL219C,0,-0.0010097176,0.0533774197101593,0.11299999803304672,0.2003999948501587
YLR176C,YGL033W,0,-0.0010242909,0.05335221812129021,0.11299999803304672,0.2004999965429306
YOR151C,YPR158W-A,0,-0.0011078194,0.0533270426094532,0.11299999803304672,0.20059999823570251
YOL091W,YAL032C,0,-0.0011358373,0.05330188572406769,0.11299999803304672,0.20069999992847443
YEL050C,YPL060C-A,0,-0.0011704229,0.053276754915714264,0.11299999803304672,0.20080000162124634
YDR439W,YPR158W-A,0,-0.0012014098,0.05325165018439293,0.11299999803304672,0.20090000331401825
YDL126C,YIR019C,0,-0.0012220368,0.053226567804813385,0.11299999803304672,0.20100000500679016
YBR006W,YHL009W-B,0,-0.0012324005,0.05320150777697563,0.11299999803304672,0.20110000669956207
YMR150C,YGR119C,1,-0.0013861023,0.053647059947252274,0.11400000005960464,0.20110000669956207
YGR279C,YKR056W,0,-0.0015828125,0.05362182483077049,0.11400000005960464,0.2011999934911728
YMR172W,YHR194W,0,-0.0016073398,0.0535966157913208,0.11400000005960464,0.2012999951839447
YFR052W,YBL100W-B,0,-0.0016693883,0.0535714291036129,0.11400000005960464,0.2013999968767166
YGR272C,YDL120W,0,-0.0017247908,0.05354626476764679,0.11400000005960464,0.20149999856948853
YER166W,YER108C,0,-0.0017372705,0.05352112650871277,0.11400000005960464,0.20160000026226044
YGR272C,YLR206W,0,-0.0019767247,0.05349601060152054,0.11400000005960464,0.20170000195503235
YGR109W-A,YML116W,0,-0.0019856468,0.0534709207713604,0.11400000005960464,0.20180000364780426
YKR072C,YBR179C,0,-0.0019967593,0.05344584956765175,0.11400000005960464,0.20190000534057617
YIL002C,YER116C,0,-0.0020356104,0.05342080444097519,0.11400000005960464,0.20200000703334808
YCL062W,YML058W-A,0,-0.002118133,0.05339578539133072,0.11400000005960464,0.2020999938249588
YPL137C,YDR440W,0,-0.0021292306,0.05337078496813774,0.11400000005960464,0.2021999955177307
YEL004W,YOR245C,0,-0.002186764,0.05334581062197685,0.11400000005960464,0.20229999721050262
YCL005W-A,YDL102W,0,-0.0022555143,0.05332086235284805,0.11400000005960464,0.20239999890327454
YNL177C,YBR177C,0,-0.0022892281,0.053295932710170746,0.11400000005960464,0.20250000059604645
YHR139C,YDR507C,0,-0.0023706742,0.05327102914452553,0.11400000005960464,0.20260000228881836
YGR211W,YML116W,0,-0.0025398843,0.0532461479306221,0.11400000005960464,0.20270000398159027
YER062C,YHR005C,0,-0.0025620759,0.053221289068460464,0.11400000005960464,0.20280000567436218
YIL110W,YKR089C,0,-0.0025624447,0.05319645255804062,0.11400000005960464,0.2029000073671341
YNR056C,YPR074C,0,-0.0025759116,0.05317164212465286,0.11400000005960464,0.2029999941587448
YCL062W,YER005W,0,-0.0026468448,0.0531468540430069,0.11400000005960464,0.20309999585151672
YJL087C,YFR041C,0,-0.0027959459,0.05312208831310272,0.11400000005960464,0.20319999754428864
YDR365W-B,YDR418W,0,-0.0028810278,0.05309734493494034,0.11400000005960464,0.20329999923706055
YCL016C,YDR418W,0,-0.0029105432,0.053072623908519745,0.11400000005960464,0.20340000092983246
YMR083W,YGR027W-B,0,-0.0029387996,0.05304792895913124,0.11400000005960464,0.20350000262260437
YDR179C,YDR453C,0,-0.0029412434,0.05302325636148453,0.11400000005960464,0.20360000431537628
YKR027W,YHR053C,0,-0.0029526763,0.052998606115579605,0.11400000005960464,0.2037000060081482
YOR153W,YML107C,0,-0.0030686818,0.05297397822141647,0.11400000005960464,0.2037999927997589
YOR346W,YNL284C-B,0,-0.0030906908,0.05294937267899513,0.11400000005960464,0.20389999449253082
YJR090C,YPR158W-A,0,-0.0031394325,0.05292478948831558,0.11400000005960464,0.20399999618530273
YIL037C,YBR082C,0,-0.0032144748,0.05290023237466812,0.11400000005960464,0.20409999787807465
YLR035C-A,YBL100W-B,0,-0.0032331608,0.05287569388747215,0.11400000005960464,0.20419999957084656
YAL021C,YKR024C,0,-0.0032429732,0.05285118147730827,0.11400000005960464,0.20430000126361847
YHR005C,YGL120C,0,-0.0033050887,0.052826691418886185,0.11400000005960464,0.20440000295639038
YKL203C,YPR158W-A,0,-0.003310006,0.05280222371220589,0.11400000005960464,0.2045000046491623
YDL052C,YPL170W,0,-0.0033133514,0.05277777835726738,0.11400000005960464,0.2046000063419342
YAL022C,YGR014W,0,-0.0033238344,0.05275335535407066,0.11400000005960464,0.20469999313354492
YGR027W-B,YCR020C,0,-0.003358733,0.05272895470261574,0.11400000005960464,0.20479999482631683
YPL041C,YDR295C,0,-0.003361959,0.0527045764029026,0.11400000005960464,0.20489999651908875
YDR292C,YKR065C,1,-0.0033684485,0.053142327815294266,0.11500000208616257,0.20489999651908875
YLR081W,YEL066W,0,-0.0033798926,0.0531177818775177,0.11500000208616257,0.20499999821186066
YDR192C,YKL143W,1,-0.0035115778,0.05355494096875191,0.11599999666213989,0.20499999821186066
YJL106W,YDL145C,0,-0.0035596006,0.05353022739291191,0.11599999666213989,0.20509999990463257
YJL104W,YDR192C,1,-0.0037893243,0.053966790437698364,0.11699999868869781,0.20509999990463257
YNL054W-A,YDR122W,0,-0.0037973486,0.05394190922379494,0.11699999868869781,0.20520000159740448
YHR015W,YOR002W,0,-0.0038178824,0.0539170503616333,0.11699999868869781,0.2053000032901764
YJL090C,YCL025C,0,-0.0038313307,0.053892213851213455,0.11699999868869781,0.2054000049829483
YDR057W,YHL009W-B,0,-0.0041628517,0.0538674034178257,0.11699999868869781,0.20550000667572021
YCL034W,YPL053C,0,-0.004187476,0.05384261533617973,0.11699999868869781,0.20559999346733093
YPR137C-B,YDR261W-A,0,-0.00426032,0.05381784588098526,0.11699999868869781,0.20569999516010284
YML081C-A,YPR158W-A,0,-0.004284691,0.053793102502822876,0.11699999868869781,0.20579999685287476
YKL148C,YGL025C,0,-0.004296623,0.05376838147640228,0.11699999868869781,0.20589999854564667
YPL091W,YDL150W,0,-0.0043334328,0.05374368280172348,0.11699999868869781,0.20600000023841858
YDR448W,YIL154C,0,-0.0043803193,0.05371900647878647,0.11699999868869781,0.2061000019311905
YBR038W,YPL159C,0,-0.004441496,0.053694356232881546,0.11699999868869781,0.2062000036239624
YPR042C,YPL267W,0,-0.004659634,0.053669724613428116,0.11699999868869781,0.20630000531673431
YDR236C,YGR245C,0,-0.004710026,0.053645115345716476,0.11699999868869781,0.20640000700950623
YJL108C,YMR036C,0,-0.004745465,0.053620532155036926,0.11699999868869781,0.20649999380111694
YIR019C,YLR383W,0,-0.005013887,0.05359596759080887,0.11699999868869781,0.20659999549388885
YPL060C-A,YOR003W,0,-0.005040072,0.0535714291036129,0.11699999868869781,0.20669999718666077
YCL069W,YCR028C-A,0,-0.0050450303,0.05354690924286842,0.11699999868869781,0.20679999887943268
YGR038C-B,YDR341C,0,-0.005064439,0.053522415459156036,0.11699999868869781,0.2069000005722046
YHR079C-B,YER001W,0,-0.0051384754,0.05349794402718544,0.11699999868869781,0.2070000022649765
YDL155W,YOR257W,0,-0.005183127,0.053473491221666336,0.11699999868869781,0.2071000039577484
YGR038C-B,YBL090W,0,-0.005186271,0.05344906449317932,0.11699999868869781,0.20720000565052032
YPR010C,YPL147W,0,-0.0052470006,0.0534246563911438,0.11699999868869781,0.20730000734329224
YPL069C,YDR261W-A,0,-0.0053081103,0.053400274366140366,0.11699999868869781,0.20739999413490295
YDR045C,YLR107W,0,-0.0054940507,0.053375910967588425,0.11699999868869781,0.20749999582767487
YOR113W,YGR010W,0,-0.005536448,0.05335157364606857,0.11699999868869781,0.20759999752044678
YLR117C,YGL194C,0,-0.0056100935,0.053327254951000214,0.11699999868869781,0.2076999992132187
YLR430W,YNL278W,0,-0.0057545863,0.053302962332963943,0.11699999868869781,0.2078000009059906
YCL062W,YLR249W,0,-0.0057593286,0.053278688341379166,0.11699999868869781,0.2079000025987625
YBR297W,YKL101W,0,-0.005760204,0.05325443670153618,0.11699999868869781,0.20800000429153442
YNL054W,YDR210W-B,0,-0.005868554,0.05323021113872528,0.11699999868869781,0.20810000598430634
YNL054W-A,YER005W,0,-0.0059416555,0.053206004202365875,0.11699999868869781,0.20819999277591705
YCL025C,YBR002C,0,-0.005954277,0.05318181961774826,0.11699999868869781,0.20829999446868896
YNL153C,YFL058W,0,-0.005989004,0.053157657384872437,0.11699999868869781,0.20839999616146088
YPL153C,YKL166C,0,-0.006070342,0.053133513778448105,0.11699999868869781,0.2084999978542328
YOL165C,YGL106W,0,-0.0061203204,0.05310939624905586,0.11699999868869781,0.2085999995470047
YML051W,YLR115W,0,-0.006167218,0.05308530107140541,0.11699999868869781,0.2087000012397766
YGR262C,YKR009C,0,-0.0062690526,0.05306122452020645,0.11699999868869781,0.20880000293254852
YGL022W,YGR005C,0,-0.0063909255,0.05303717032074928,0.11699999868869781,0.20890000462532043
YGL120C,YOL126C,0,-0.006477978,0.053013138473033905,0.11699999868869781,0.20900000631809235
YIL066C,YIL049W,0,-0.006507706,0.05298912897706032,0.11699999868869781,0.20909999310970306
YGL106W,YDR210W-B,0,-0.0065165535,0.05296514183282852,0.11699999868869781,0.20919999480247498
YLR135W,YBR035C,0,-0.0065382533,0.052941177040338516,0.11699999868869781,0.2092999964952469
YOL005C,YBR127C,0,-0.0065399446,0.0529172308743,0.11699999868869781,0.2093999981880188
YDR365W-B,YHR070W,0,-0.0067592748,0.05289331078529358,0.11699999868869781,0.2094999998807907
YNL318C,YPR199C,0,-0.00676601,0.05286940932273865,0.11699999868869781,0.20960000157356262
YLR394W,YLR035C-A,0,-0.006766297,0.05284553021192551,0.11699999868869781,0.20970000326633453
YDL052C,YKR099W,0,-0.0067828707,0.05282166972756386,0.11699999868869781,0.20980000495910645
YML029W,YER003C,0,-0.0067854226,0.0527978353202343,0.11699999868869781,0.20990000665187836
YBR127C,YDR210W-B,0,-0.0069430396,0.05277401953935623,0.11699999868869781,0.20999999344348907
YHL024W,YKR095W-A,0,-0.007055681,0.052750226110219955,0.11699999868869781,0.210099995136261
YDL081C,YOR076C,0,-0.0070710145,0.05272645503282547,0.11699999868869781,0.2101999968290329
YDR263C,YHR085W,0,-0.007072892,0.05270270258188248,0.11699999868869781,0.2102999985218048
YGR262C,YER127W,0,-0.007076185,0.052678972482681274,0.11699999868869781,0.21040000021457672
YGR211W,YJR026W,0,-0.0070830807,0.05265526473522186,0.11699999868869781,0.21050000190734863
YKL194C,YBR172C,0,-0.007122945,0.05263157933950424,0.11699999868869781,0.21060000360012054
YGR289C,YNL284C-B,0,-0.0071545355,0.05260791257023811,0.11699999868869781,0.21070000529289246
YKL148C,YPR074C,0,-0.007163804,0.052584268152713776,0.11699999868869781,0.21080000698566437
YHL025W,YGR027W-B,0,-0.00720153,0.05256064608693123,0.11699999868869781,0.21089999377727509
YER095W,YGL223C,0,-0.0072637387,0.05253704637289047,0.11699999868869781,0.210999995470047
YNL261W,YGL223C,0,-0.007365953,0.05251346528530121,0.11699999868869781,0.2110999971628189
YPL028W,YDR477W,0,-0.007369846,0.052489906549453735,0.11699999868869781,0.21119999885559082
YIR013C,YLR167W,0,-0.007372614,0.052466366440057755,0.11699999868869781,0.21130000054836273
YOL067C,YBR084W,0,-0.0074150674,0.05244285240769386,0.11699999868869781,0.21140000224113464
YMR073C,YGR027W-B,0,-0.0074365214,0.052419353276491165,0.11699999868869781,0.21150000393390656
YEL036C,YOR338W,0,-0.007654611,0.05239588022232056,0.11699999868869781,0.21160000562667847
YBR135W,YKL070W,0,-0.0077768043,0.05237242579460144,0.11699999868869781,0.21170000731945038
YFL039C,YLR227W-A,0,-0.00795351,0.052348993718624115,0.11699999868869781,0.2117999941110611
YOL165C,YPL040C,0,-0.007978525,0.05232558026909828,0.11699999868869781,0.211899995803833
YMR283C,YML060W,0,-0.0080695115,0.05230218917131424,0.11699999868869781,0.21199999749660492
YGR027W-A,YDL198C,0,-0.008071009,0.05227882042527199,0.11699999868869781,0.21209999918937683
YOR328W,YBL100W-B,0,-0.008123662,0.05225547030568123,0.11699999868869781,0.21220000088214874
YGL078C,YPR137C-B,0,-0.008211996,0.05223214253783226,0.11699999868869781,0.21230000257492065
YGL200C,YNL312W,0,-0.008270081,0.05220883712172508,0.11699999868869781,0.21240000426769257
YGL078C,YDR365W-B,0,-0.008305997,0.0521855503320694,0.11699999868869781,0.21250000596046448
YFR031C,YLR453C,0,-0.008347299,0.052162282168865204,0.11699999868869781,0.2125999927520752
YOL128C,YPR158W-A,0,-0.008376498,0.0521390363574028,0.11699999868869781,0.2126999944448471
YJR126C,YPR139C,1,-0.008433368,0.05256124585866928,0.11800000071525574,0.2126999944448471
YHL009W-B,YOR245C,0,-0.008493997,0.05253784358501434,0.11800000071525574,0.21279999613761902
YIL153W,YDL155W,0,-0.008532222,0.052514463663101196,0.11800000071525574,0.21289999783039093
YKL108W,YBR082C,0,-0.00865772,0.05249110236763954,0.11800000071525574,0.21299999952316284
YGL025C,YHR068W,0,-0.008677494,0.05246776342391968,0.11800000071525574,0.21310000121593475
YBR038W,YPL257W-B,0,-0.0086819865,0.052444443106651306,0.11800000071525574,0.21320000290870667
YOR239W,YOR187W,0,-0.008905228,0.052421145141124725,0.11800000071525574,0.21330000460147858
YOR057W,YCL005W-A,0,-0.00890746,0.052397869527339935,0.11800000071525574,0.2134000062942505
YGL097W,YMR035W,1,-0.008975457,0.05281846597790718,0.11900000274181366,0.2134000062942505
YLL017W,YMR016C,0,-0.0090646185,0.05279503017663956,0.11900000274181366,0.2134999930858612
YMR235C,YMR035W,1,-0.00908009,0.05321507900953293,0.11999999731779099,0.2134999930858612
YCR082W,YFL022C,0,-0.00913484,0.05319149047136307,0.11999999731779099,0.21359999477863312
YLR081W,YLR144C,0,-0.0092166625,0.0531679205596447,0.11999999731779099,0.21369999647140503
YKL148C,YDR038C,0,-0.009451013,0.05314437672495842,0.11999999731779099,0.21379999816417694
YML132W,YFL050C,0,-0.009462368,0.05312085151672363,0.11999999731779099,0.21389999985694885
YLR329W,YAL038W,0,-0.009509329,0.05309734493494034,0.11999999731779099,0.21400000154972076
YHR084W,YCL044C,0,-0.009517673,0.053073860704898834,0.11999999731779099,0.21410000324249268
YML013W,YGR272C,0,-0.009576652,0.05305039882659912,0.11999999731779099,0.2142000049352646
YOR002W,YJL006C,0,-0.009639416,0.0530269555747509,0.11999999731779099,0.2143000066280365
YML029W,YOR346W,0,-0.009670634,0.05300353467464447,0.11999999731779099,0.21439999341964722
YBR058C,YDR034C-C,0,-0.009809952,0.05298013240098953,0.11999999731779099,0.21449999511241913
YGL033W,YDL002C,0,-0.009830799,0.052956752479076385,0.11999999731779099,0.21459999680519104
YKR089C,YLR051C,0,-0.009837564,0.05293339118361473,0.11999999731779099,0.21469999849796295
YKR065C,YIL149C,1,-0.009863231,0.05335097014904022,0.12099999934434891,0.21469999849796295
YGR272C,YOR020C,0,-0.009874228,0.05332745611667633,0.12099999934434891,0.21480000019073486
YLR423C,YGR211W,0,-0.009903904,0.05330396443605423,0.12099999934434891,0.21490000188350677
YPL137C,YOL069W,0,-0.009974655,0.05328049138188362,0.12099999934434891,0.2150000035762787
YNL002C,YDR251W,0,-0.010014143,0.0532570406794548,0.12099999934434891,0.2151000052690506
YGL150C,YKL140W,0,-0.010020528,0.053233612328767776,0.12099999934434891,0.2152000069618225
YLR201C,YNR064C,0,-0.010133471,0.05321020260453224,0.12099999934434891,0.21529999375343323
YKL014C,YGL144C,0,-0.010208484,0.0531868115067482,0.12099999934434891,0.21539999544620514
YBR077C,YKL101W,0,-0.010266911,0.053163446485996246,0.12099999934434891,0.21549999713897705
YPL041C,YHR082C,0,-0.010336321,0.05314009636640549,0.12099999934434891,0.21559999883174896
YOR240W,YKL016C,0,-0.010507379,0.05311676859855652,0.12099999934434891,0.21570000052452087
YKR065C,YGL099W,1,-0.010523688,0.053532250225543976,0.12200000137090683,0.21570000052452087
YIR015W,YJL053W,0,-0.010571431,0.05350877344608307,0.12200000137090683,0.21580000221729279
YCL001W,YNR044W,0,-0.01064324,0.053485315293073654,0.12200000137090683,0.2159000039100647
YJR155W,YNL090W,0,-0.010703001,0.05346187576651573,0.12200000137090683,0.2160000056028366
YPR137C-B,YGR191W,0,-0.010704525,0.0534384585916996,0.12200000137090683,0.21610000729560852
YDR247W,YNR038W,0,-0.010797065,0.05341506004333496,0.12200000137090683,0.21619999408721924
YLR035C-A,YER061C,0,-0.010848042,0.05339168384671211,0.12200000137090683,0.21629999577999115
YOL090W,YHR055C,0,-0.010918107,0.053368330001831055,0.12200000137090683,0.21639999747276306
YDR170W-A,YPL110C,0,-0.011037368,0.05334499478340149,0.12200000137090683,0.21649999916553497
YDR353W,YGR027W-B,0,-0.011205893,0.053321678191423416,0.12200000137090683,0.21660000085830688
YPL160W,YCL062W,0,-0.011382133,0.053298383951187134,0.12200000137090683,0.2167000025510788
YML060W,YBL040C,0,-0.0113858245,0.053275108337402344,0.12200000137090683,0.2168000042438507
YOR188W,YDR141C,0,-0.01142117,0.053251855075359344,0.12200000137090683,0.21690000593662262
YOR095C,YDR034C-C,0,-0.011480849,0.05322862043976784,0.12200000137090683,0.21699999272823334
YPR137C-B,YOR272W,0,-0.011723455,0.05320540815591812,0.12200000137090683,0.21709999442100525
YMR065W,YPR201W,0,-0.011818629,0.0531822144985199,0.12200000137090683,0.21719999611377716
YDL047W,YKR007W,0,-0.011830207,0.053159043192863464,0.12200000137090683,0.21729999780654907
YAR019C,YJL026W,0,-0.011830941,0.053135886788368225,0.12200000137090683,0.21739999949932098
YGR054W,YDR034C-C,0,-0.011852838,0.053112756460905075,0.12200000137090683,0.2175000011920929
YPR138C,YCL029C,0,-0.011919249,0.05308964475989342,0.12200000137090683,0.2176000028848648
YJL033W,YHR150W,0,-0.011964288,0.05306655168533325,0.12200000137090683,0.21770000457763672
YHR015W,YGL219C,0,-0.011974838,0.05304347723722458,0.12200000137090683,0.21780000627040863
YPL028W,YGR024C,0,-0.012060028,0.0530204251408577,0.12200000137090683,0.21789999306201935
YDR231C,YHR079C-B,0,-0.012070995,0.052997395396232605,0.12200000137090683,0.21799999475479126
YBR253W,YPL275W,0,-0.012103241,0.05297438055276871,0.12200000137090683,0.21809999644756317
YKR056W,YGL150C,0,-0.012138028,0.0529513880610466,0.12200000137090683,0.21819999814033508
YDR283C,YDR098C-A,0,-0.012300804,0.052928417921066284,0.12200000137090683,0.218299999833107
YNL094W,YDR013W,0,-0.012380492,0.05290546268224716,0.12200000137090683,0.2184000015258789
YPL130W,YLR410W,0,-0.012393806,0.05288252979516983,0.12200000137090683,0.21850000321865082
YHR098C,YNL225C,0,-0.012400653,0.05285961925983429,0.12200000137090683,0.21860000491142273
YMR039C,YPR007C,0,-0.01245071,0.05283672735095024,0.12200000137090683,0.21870000660419464
YIL153W,YBR211C,0,-0.012457915,0.052813854068517685,0.12200000137090683,0.21879999339580536
YDR261C-D,YML107C,0,-0.012458447,0.05279099941253662,0.12200000137090683,0.21889999508857727
YBR179C,YGL001C,0,-0.012591895,0.05276816710829735,0.12200000137090683,0.21899999678134918
YOL091W,YCL005W-A,0,-0.012690235,0.05274535343050957,0.12200000137090683,0.2190999984741211
YHL009W-B,YOL147C,0,-0.012918256,0.05272255837917328,0.12200000137090683,0.219200000166893
YOL147C,YPL011C,0,-0.012935553,0.05269978567957878,0.12200000137090683,0.21930000185966492
YDR299W,YLR035C-A,0,-0.012990225,0.05267702788114548,0.12200000137090683,0.21940000355243683
YJL106W,YEL050C,0,-0.013028126,0.05265429615974426,0.12200000137090683,0.21950000524520874
YLL043W,YNL062C,0,-0.013068732,0.05263157933950424,0.12200000137090683,0.21960000693798065
YMR073C,YAL024C,0,-0.013079938,0.05260888487100601,0.12200000137090683,0.21969999372959137
YDR057W,YPL175W,0,-0.013125073,0.052586205303668976,0.12200000137090683,0.21979999542236328
YPR020W,YGR027W-B,0,-0.013219591,0.05256355181336403,0.12200000137090683,0.2198999971151352
YDR277C,YKL016C,0,-0.013232704,0.052540913224220276,0.12200000137090683,0.2199999988079071
YCL001W,YHR053C,0,-0.013355505,0.052518296986818314,0.12200000137090683,0.22010000050067902
YDR365W-A,YPR199C,0,-0.01346067,0.052495695650577545,0.12200000137090683,0.22020000219345093
YEL013W,YDR495C,1,-0.013487514,0.052903227508068085,0.12300000339746475,0.22020000219345093
YJL012C-A,YMR001C,0,-0.013540726,0.052880480885505676,0.12300000339746475,0.22030000388622284
YHR214C-C,YOL068C,0,-0.013611328,0.05285775661468506,0.12300000339746475,0.22040000557899475
YPR042C,YDL002C,0,-0.013668574,0.05283505097031593,0.12300000339746475,0.22050000727176666
YIL110W,YNL225C,0,-0.013671454,0.0528123676776886,0.12300000339746475,0.22059999406337738
YPL069C,YDL130W-A,0,-0.0139496885,0.05278969928622246,0.12300000339746475,0.2206999957561493
YLR350W,YML099C,0,-0.0140620135,0.05276705324649811,0.12300000339746475,0.2207999974489212
YOR020C,YJR153W,0,-0.014237855,0.05274442583322525,0.12300000339746475,0.22089999914169312
YMR308C,YEL013W,1,-0.014262799,0.05315044894814491,0.12399999797344208,0.22089999914169312
YNR019W,YLR383W,0,-0.0142780505,0.053127676248550415,0.12399999797344208,0.22100000083446503
YIL122W,YLR035C-A,0,-0.014283333,0.05310492590069771,0.12399999797344208,0.22110000252723694
YLR453C,YBL090W,0,-0.014330547,0.053082190454006195,0.12399999797344208,0.22120000422000885
YOR147W,YNL021W,0,-0.014363039,0.05305947735905647,0.12399999797344208,0.22130000591278076
YDL028C,YPR138C,0,-0.01437464,0.05303678289055824,0.12399999797344208,0.22139999270439148
YHR214C-C,YER178W,0,-0.014424939,0.053014107048511505,0.12399999797344208,0.2214999943971634
YBR199W,YJR013W,0,-0.014504816,0.05299145355820656,0.12399999797344208,0.2215999960899353
YMR308C,YGR206W,1,-0.014505353,0.05339598283171654,0.125,0.2215999960899353
YER015W,YBR172C,0,-0.014511991,0.05337318405508995,0.125,0.22169999778270721
YMR182C,YNL045W,0,-0.01454927,0.053350403904914856,0.125,0.22179999947547913
YHL009W-B,YOR132W,0,-0.014876947,0.05332764610648155,0.125,0.22190000116825104
YBR038W,YCR005C,0,-0.014941733,0.05330490320920944,0.125,0.22200000286102295
YGL071W,YEL026W,0,-0.015017495,0.05328218266367912,0.125,0.22210000455379486
YJL085W,YDL164C,0,-0.015150208,0.053259480744600296,0.125,0.22220000624656677
YOL069W,YCL029C,0,-0.015227314,0.05323679745197296,0.125,0.2222999930381775
YNR046W,YER119C,0,-0.015227396,0.05321413278579712,0.125,0.2223999947309494
YDR365W-B,YLR145W,0,-0.015283752,0.05319149047136307,0.125,0.2224999964237213
YBR274W,YKL101W,0,-0.015296403,0.05316886305809021,0.125,0.22259999811649323
YCL001W,YGR027W-B,0,-0.015449479,0.05314625799655914,0.125,0.22269999980926514
YLR221C,YLR206W,0,-0.0156242065,0.05312367156147957,0.125,0.22280000150203705
YBR217W,YMR235C,1,-0.015677359,0.05352591350674629,0.12600000202655792,0.22280000150203705
YGR147C,YJR153W,0,-0.015725631,0.053503185510635376,0.12600000202655792,0.22290000319480896
YEL053C,YDR365W-A,0,-0.01597682,0.05348047614097595,0.12600000202655792,0.22300000488758087
YIR015W,YER061C,0,-0.01621738,0.05345778539776802,0.12600000202655792,0.22310000658035278
YMR197C,YGL246C,0,-0.016237307,0.05343511328101158,0.12600000202655792,0.2231999933719635
YDR069C,YEL066W,0,-0.016254243,0.05341246351599693,0.12600000202655792,0.2232999950647354
YOR182C,YMR073C,0,-0.01640796,0.05338982865214348,0.12600000202655792,0.22339999675750732
YHR214C-C,YPL262W,0,-0.016489092,0.053367216140031815,0.12600000202655792,0.22349999845027924
YPL275W,YJL074C,0,-0.016561773,0.05334462225437164,0.12600000202655792,0.22360000014305115
YEL029C,YDR122W,0,-0.016580235,0.053322046995162964,0.12600000202655792,0.22370000183582306
YFR048W,YDR122W,0,-0.016659688,0.053299494087696075,0.12600000202655792,0.22380000352859497
YMR293C,YGR027W-B,0,-0.01668496,0.05327695608139038,0.12600000202655792,0.22390000522136688
YLR201C,YNL126W,0,-0.016893145,0.05325443670153618,0.12600000202655792,0.2240000069141388
YHR098C,YDL235C,0,-0.01696233,0.05323193967342377,0.12600000202655792,0.2240999937057495
YDL020C,YGR179C,0,-0.01700567,0.05320946127176285,0.12600000202655792,0.22419999539852142
YFR034C,YBR006W,0,-0.017028641,0.05318699777126312,0.12600000202655792,0.22429999709129333
YPR065W,YGL194C,0,-0.017044965,0.05316455662250519,0.12600000202655792,0.22439999878406525
YBR077C,YOL042W,0,-0.017097201,0.053142134100198746,0.12600000202655792,0.22450000047683716
YHR034C,YGR157W,0,-0.01720788,0.053119730204343796,0.12600000202655792,0.22460000216960907
YNL261W,YIL121W,0,-0.017284017,0.05309734493494034,0.12600000202655792,0.22470000386238098
YJL106W,YDR385W,0,-0.017370258,0.05307497829198837,0.12600000202655792,0.2248000055551529
YLR238W,YJL113W,0,-0.01745877,0.0530526302754879,0.12600000202655792,0.2249000072479248
YNR064C,YPR158W-A,0,-0.017481193,0.05303030461072922,0.12600000202655792,0.22499999403953552
YCL001W,YGR038C-B,0,-0.017557677,0.05300799384713173,0.12600000202655792,0.22509999573230743
YDR449C,YGL187C,0,-0.017578412,0.05298570170998573,0.12600000202655792,0.22519999742507935
YOL147C,YDR450W,0,-0.017644774,0.05296342819929123,0.12600000202655792,0.22529999911785126
YHR190W,YHL009W-B,0,-0.017649438,0.052941177040338516,0.12600000202655792,0.22540000081062317
YPR065W,YLR227W-A,0,-0.0177565,0.052918940782547,0.12600000202655792,0.22550000250339508
YER108C,YGR186W,0,-0.017827902,0.05289672687649727,0.12600000202655792,0.225600004196167
YDR072C,YNR038W,0,-0.018074375,0.052874527871608734,0.12600000202655792,0.2257000058889389
YPR051W,YDL102W,0,-0.018084645,0.05285234749317169,0.12600000202655792,0.22579999268054962
YOR338W,YKL016C,0,-0.018102605,0.05283018946647644,0.12600000202655792,0.22589999437332153
YGR038C-B,YOR272W,0,-0.018123563,0.05280804634094238,0.12600000202655792,0.22599999606609344
YGR279C,YGR225W,0,-0.018250588,0.052785925567150116,0.12600000202655792,0.22609999775886536
YMR026C,YLR431C,1,-0.01826426,0.05318257957696915,0.12700000405311584,0.22609999775886536
YPL051W,YHR098C,0,-0.018276159,0.05316031724214554,0.12700000405311584,0.22619999945163727
YBR057C,YPR033C,0,-0.018283855,0.05313807353377342,0.12700000405311584,0.22630000114440918
YLR431C,YKR020W,1,-0.018302526,0.05353408679366112,0.12800000607967377,0.22630000114440918
YDL155W,YNL209W,0,-0.018310934,0.05351170524954796,0.12800000607967377,0.2264000028371811
YML029W,YBR172C,0,-0.0183358,0.05348934233188629,0.12800000607967377,0.226500004529953
YHL009W-B,YBR035C,0,-0.018398862,0.053467001765966415,0.12800000607967377,0.22660000622272491
YIL117C,YDR261W-A,0,-0.01850592,0.05344467610120773,0.12800000607967377,0.22669999301433563
YML058W-A,YOR056C,0,-0.018539716,0.05342236906290054,0.12800000607967377,0.22679999470710754
YDR448W,YNL248C,0,-0.01861661,0.053400084376335144,0.12800000607967377,0.22689999639987946
YBL074C,YCR005C,0,-0.018722326,0.05337781459093094,0.12800000607967377,0.22699999809265137
YFR052W,YAL022C,0,-0.0187785,0.053355563431978226,0.12800000607967377,0.22709999978542328
YKL144C,YLR238W,0,-0.018789914,0.0533333346247673,0.12800000607967377,0.2272000014781952
YOR182C,YDR034C-C,0,-0.018872987,0.053311120718717575,0.12800000607967377,0.2273000031709671
YLR423C,YGR272C,0,-0.018906485,0.05328892543911934,0.12800000607967377,0.227400004863739
YFR048W,YCR102C,0,-0.018937886,0.053266748785972595,0.12800000607967377,0.22750000655651093
YMR172W,YIR019C,0,-0.01901785,0.053244590759277344,0.12800000607967377,0.22759999334812164
YGL106W,YBR297W,0,-0.019111332,0.05322245508432388,0.12800000607967377,0.22769999504089355
YMR015C,YDR479C,0,-0.019133847,0.053200334310531616,0.12800000607967377,0.22779999673366547
YPR183W,YIR015W,0,-0.019170057,0.05317822843790054,0.12800000607967377,0.22789999842643738
YML132W,YGR075C,0,-0.019210484,0.05315614491701126,0.12800000607967377,0.2280000001192093
YBR161W,YCR102C,0,-0.019247744,0.05313408002257347,0.12800000607967377,0.2281000018119812
YOL146W,YGR258C,0,-0.0192541,0.05311203375458717,0.12800000607967377,0.2282000035047531
YLR155C,YMR183C,0,-0.01926475,0.05309000238776207,0.12800000607967377,0.22830000519752502
YML127W,YFL011W-A,0,-0.019303236,0.05306799337267876,0.12800000607967377,0.22840000689029694
YGR272C,YOL005C,0,-0.019312564,0.05304599925875664,0.12800000607967377,0.22849999368190765
YER082C,YLR206W,0,-0.019365784,0.05302402749657631,0.12800000607967377,0.22859999537467957
YER111C,YGR038C-B,0,-0.019438881,0.053002070635557175,0.12800000607967377,0.22869999706745148
YBL082C,YDR034C-C,0,-0.019561235,0.05298013240098953,0.12800000607967377,0.2287999987602234
YDR172W,YOR240W,0,-0.019736461,0.05295821279287338,0.12800000607967377,0.2289000004529953
YGL032C,YNL312W,0,-0.019777033,0.052936311811208725,0.12800000607967377,0.2290000021457672
YKR099W,YCR005C,0,-0.020076435,0.05291442573070526,0.12800000607967377,0.22910000383853912
YGR217W,YPR158W-A,0,-0.020111825,0.05289256200194359,0.12800000607967377,0.22920000553131104
YOR335C,YGL166W,0,-0.020240944,0.05287071317434311,0.12800000607967377,0.22930000722408295
YPR132W,YDR034C-C,0,-0.020295355,0.05284888669848442,0.12800000607967377,0.22939999401569366
YKL192C,YER127W,0,-0.020337578,0.052827075123786926,0.12800000607967377,0.22949999570846558
YFL002C,YCR067C,0,-0.02048653,0.052805282175540924,0.12800000607967377,0.2295999974012375
YPR010C,YIL080W,0,-0.020690564,0.052783504128456116,0.12800000607967377,0.2296999990940094
YCR067C,YDR341C,0,-0.020725723,0.0527617484331131,0.12800000607967377,0.2298000007867813
YML055W,YEL013W,1,-0.020817567,0.053152039647102356,0.1289999932050705,0.2298000007867813
YIR008C,YNL015W,0,-0.020845708,0.053130149841308594,0.1289999932050705,0.22990000247955322
YPL218W,YDR210W-B,0,-0.021029495,0.053108274936676025,0.1289999932050705,0.23000000417232513
YGL200C,YDR034C-C,0,-0.021029495,0.05308641865849495,0.1289999932050705,0.23010000586509705
YPR132W,YGR289C,0,-0.021068286,0.053064581006765366,0.1289999932050705,0.23019999265670776
YPL096W,YCL001W,0,-0.021096628,0.053042761981487274,0.1289999932050705,0.23029999434947968
YGL033W,YLR405W,0,-0.021293815,0.053020961582660675,0.1289999932050705,0.2303999960422516
YLL017W,YEL066W,0,-0.021327868,0.05299917981028557,0.1289999932050705,0.2304999977350235
YDL015C,YDR122W,0,-0.02135818,0.052977412939071655,0.1289999932050705,0.2305999994277954
YKR072C,YKL200C,0,-0.021359555,0.052955664694309235,0.1289999932050705,0.23070000112056732
YDR052C,YGL206C,0,-0.0213863,0.052933935075998306,0.1289999932050705,0.23080000281333923
YDL102W,YKR095W-A,0,-0.021493372,0.05291222408413887,0.1289999932050705,0.23090000450611115
YCR066W,YLR410W,0,-0.021552693,0.05289052799344063,0.1289999932050705,0.23100000619888306
YDL116W,YKL195W,1,-0.021649625,0.053278688341379166,0.12999999523162842,0.23100000619888306
YBR057C,YGL028C,0,-0.021680523,0.05325686186552048,0.12999999523162842,0.23109999299049377
YAL021C,YAL011W,0,-0.021750014,0.05323505401611328,0.12999999523162842,0.23119999468326569
YGL106W,YBR015C,0,-0.021773454,0.05321326106786728,0.12999999523162842,0.2312999963760376
YLR376C,YGR214W,0,-0.021876827,0.05319149047136307,0.12999999523162842,0.2313999980688095
YJL106W,YLR075W,0,-0.021892931,0.05316973477602005,0.12999999523162842,0.23149999976158142
YPR073C,YPL159C,0,-0.022038635,0.053147997707128525,0.12999999523162842,0.23160000145435333
YNL261W,YGR072W,0,-0.022058126,0.05312627553939819,0.12999999523162842,0.23170000314712524
YML013W,YKR095W-A,0,-0.022232357,0.05310457572340965,0.12999999523162842,0.23180000483989716
YKL057C,YLR193C,1,-0.022429686,0.053491219878196716,0.13099999725818634,0.23180000483989716
YDL020C,YKR095W-A,0,-0.022451483,0.05346938595175743,0.13099999725818634,0.23190000653266907
YMR073C,YDR261W-A,0,-0.022497755,0.05344757065176964,0.13099999725818634,0.23199999332427979
YAL022C,YFR048W,0,-0.022560459,0.05342577397823334,0.13099999725818634,0.2320999950170517
YML098W,YHR005C,0,-0.022652443,0.05340399593114853,0.13099999725818634,0.2321999967098236
YJL108C,YGR118W,0,-0.022694644,0.053382232785224915,0.13099999725818634,0.23229999840259552
YIL079C,YJR108W,0,-0.022758052,0.05336048826575279,0.13099999725818634,0.23240000009536743
YLR397C,YAL068C,0,-0.02288105,0.05333876237273216,0.13099999725818634,0.23250000178813934
YER005W,YGL166W,0,-0.022962447,0.053317055106163025,0.13099999725818634,0.23260000348091125
YHR061C,YMR234W,0,-0.022994798,0.05329536274075508,0.13099999725818634,0.23270000517368317
YLR075W,YNL045W,0,-0.023148354,0.05327368900179863,0.13099999725818634,0.23280000686645508
YGR092W,YMR296C,0,-0.023153704,0.05325203388929367,0.13099999725818634,0.2328999936580658
YPL123C,YGR092W,0,-0.023205828,0.053230393677949905,0.13099999725818634,0.2329999953508377
YMR060C,YCL062W,0,-0.023223314,0.05320877209305763,0.13099999725818634,0.23309999704360962
YLR075W,YLR023C,0,-0.023291033,0.05318716913461685,0.13099999725818634,0.23319999873638153
YKL200C,YER147C,0,-0.023401834,0.053165584802627563,0.13099999725818634,0.23330000042915344
YIR015W,YNR038W,0,-0.023460642,0.05314401537179947,0.13099999725818634,0.23340000212192535
YKL148C,YPL041C,0,-0.023582075,0.05312246456742287,0.13099999725818634,0.23350000381469727
YLR276C,YIL037C,0,-0.023683112,0.05310093238949776,0.13099999725818634,0.23360000550746918
YJL060W,YPL011C,0,-0.023767624,0.05307941511273384,0.13099999725818634,0.2337000072002411
YNL261W,YAL001C,0,-0.024150249,0.05305791646242142,0.13099999725818634,0.2337999939918518
YCL005W-A,YLL031C,0,-0.02424359,0.053036436438560486,0.13099999725818634,0.23389999568462372
YNL070W,YMR308C,1,-0.024314787,0.05341966822743416,0.13199999928474426,0.23389999568462372
YKL108W,YKL166C,0,-0.02433699,0.05339805781841278,0.13199999928474426,0.23399999737739563
YDR295C,YNL261W,0,-0.02439868,0.053376466035842896,0.13199999928474426,0.23409999907016754
YBR006W,YGR027W-A,0,-0.024424847,0.053354889154434204,0.13199999928474426,0.23420000076293945
YHR190W,YJL085W,0,-0.024488073,0.0533333346247673,0.13199999928474426,0.23430000245571136
YOR240W,YMR246W,0,-0.02451251,0.0533117949962616,0.13199999928474426,0.23440000414848328
YNR011C,YIR019C,0,-0.024525527,0.053290270268917084,0.13199999928474426,0.2345000058412552
YGL144C,YDL047W,0,-0.024542984,0.05326876416802406,0.13199999928474426,0.2345999926328659
YIL153W,YFR031C,0,-0.024631891,0.053247276693582535,0.13199999928474426,0.23469999432563782
YIR008C,YHR088W,0,-0.024725806,0.0532258078455925,0.13199999928474426,0.23479999601840973
YEL066W,YDL160C,0,-0.024921712,0.05320435389876366,0.13199999928474426,0.23489999771118164
YML043C,YOL126C,0,-0.024969827,0.05318291857838631,0.13199999928474426,0.23499999940395355
YGR092W,YOL034W,0,-0.024989855,0.05316149815917015,0.13199999928474426,0.23510000109672546
YKL042W,YAR033W,0,-0.025024619,0.05314009636640549,0.13199999928474426,0.23520000278949738
YOL005C,YML132W,0,-0.025166865,0.053118713200092316,0.13199999928474426,0.2353000044822693
YLR292C,YBL078C,1,-0.025239076,0.05349959805607796,0.13300000131130219,0.2353000044822693
YBR006W,YML094W,0,-0.02527577,0.05347808450460434,0.13300000131130219,0.2354000061750412
YER044C-A,YJR108W,0,-0.025289323,0.05345659330487251,0.13300000131130219,0.23549999296665192
YLR135W,YOL033W,0,-0.025322888,0.05343511328101158,0.13300000131130219,0.23559999465942383
YDL126C,YGL049C,0,-0.025455248,0.05341365560889244,0.13300000131130219,0.23569999635219574
YFR004W,YNL239W,0,-0.025472041,0.053392212837934494,0.13300000131130219,0.23579999804496765
YOR240W,YMR284W,0,-0.025571246,0.05337078496813774,0.13300000131130219,0.23589999973773956
YJL173C,YGR145W,0,-0.02562743,0.05334937945008278,0.13300000131130219,0.23600000143051147
YIR008C,YKR009C,0,-0.025639374,0.05332798883318901,0.13300000131130219,0.2361000031232834
YML060W,YML057W,0,-0.025697667,0.053306613117456436,0.13300000131130219,0.2362000048160553
YGR156W,YFL011W-A,0,-0.02576306,0.053285256028175354,0.13300000131130219,0.2363000065088272
YPR183W,YNL284C-B,0,-0.025923703,0.053263917565345764,0.13300000131130219,0.23639999330043793
YPL267W,YCR020C,0,-0.026122343,0.05324259400367737,0.13300000131130219,0.23649999499320984
YPL051W,YHR034C,0,-0.026353952,0.053221289068460464,0.13300000131130219,0.23659999668598175
YDL116W,YML055W,1,-0.026462924,0.053599998354911804,0.1340000033378601,0.23659999668598175
YJR140C,YFR047C,0,-0.026476335,0.05357856675982475,0.1340000033378601,0.23669999837875366
YEL004W,YAL011W,0,-0.026504513,0.053557153791189194,0.1340000033378601,0.23680000007152557
YMR283C,YDR179C,0,-0.026560206,0.05353575572371483,0.1340000033378601,0.23690000176429749
YML060W,YOL054W,0,-0.026570369,0.053514376282691956,0.1340000033378601,0.2370000034570694
YBR057C,YEL066W,0,-0.026580017,0.053493015468120575,0.1340000033378601,0.2371000051498413
YOR113W,YLR068W,0,-0.026890691,0.05347166955471039,0.1340000033378601,0.23720000684261322
YNL261W,YKL070W,0,-0.026943807,0.053450338542461395,0.1340000033378601,0.23729999363422394
YBR265W,YKL070W,0,-0.026958343,0.053429026156663895,0.1340000033378601,0.23739999532699585
YIL101C,YLR035C-A,0,-0.027035218,0.053407732397317886,0.1340000033378601,0.23749999701976776
YCR084C,YDR165W,0,-0.027081449,0.05338645353913307,0.1340000033378601,0.23759999871253967
YDR172W,YBL100W-B,0,-0.027142424,0.05336519330739975,0.1340000033378601,0.23770000040531158
YKL108W,YDR170W-A,0,-0.027393755,0.05334394797682762,0.1340000033378601,0.2378000020980835
YLR141W,YLR009W,0,-0.027409222,0.053322721272706985,0.1340000033378601,0.2379000037908554
YGR272C,YPL011C,0,-0.02760939,0.05330151319503784,0.1340000033378601,0.23800000548362732
YJL012C-A,YHL003C,0,-0.027725082,0.053280316293239594,0.1340000033378601,0.23810000717639923
YKL200C,YNL002C,0,-0.027814593,0.053259141743183136,0.1340000033378601,0.23819999396800995
YBR006W,YKR022C,0,-0.0278535,0.05323798209428787,0.1340000033378601,0.23829999566078186
YFR004W,YLR098C,0,-0.027896974,0.0532168373465538,0.1340000033378601,0.23839999735355377
YKL014C,YOR240W,0,-0.027984876,0.053195711225271225,0.1340000033378601,0.23849999904632568
YPL218W,YER126C,0,-0.028265323,0.05317460373044014,0.1340000033378601,0.2386000007390976
YGR285C,YIL122W,0,-0.028283197,0.05315351113677025,0.1340000033378601,0.2387000024318695
YIL080W,YDR075W,0,-0.028397512,0.05313243344426155,0.1340000033378601,0.23880000412464142
YGL252C,YLR035C-A,0,-0.028590586,0.053111374378204346,0.1340000033378601,0.23890000581741333
YDL045C,YER126C,0,-0.028653223,0.05309033393859863,0.1340000033378601,0.23899999260902405
YFR052W,YHR053C,0,-0.028740238,0.053069308400154114,0.1340000033378601,0.23909999430179596
YLR376C,YNL318C,0,-0.028824288,0.05304829776287079,0.1340000033378601,0.23919999599456787
YIL110W,YCL062W,0,-0.028883416,0.053027305752038956,0.1340000033378601,0.23929999768733978
YLR081W,YAR010C,0,-0.029088821,0.05300632864236832,0.1340000033378601,0.2393999993801117
YNL318C,YML032C,0,-0.02914254,0.05298537015914917,0.1340000033378601,0.2395000010728836
YCR082W,YPR033C,0,-0.029212784,0.05296442657709122,0.1340000033378601,0.23960000276565552
YGR014W,YOR257W,0,-0.029224765,0.052943501621484756,0.1340000033378601,0.23970000445842743
YJL170C,YER116C,0,-0.029448677,0.05292259156703949,0.1340000033378601,0.23980000615119934
YMR219W,YDL150W,0,-0.029485855,0.05290169641375542,0.1340000033378601,0.23989999294281006
YLR210W,YJR026W,0,-0.029940117,0.052880819886922836,0.1340000033378601,0.23999999463558197
YOR182C,YOR132W,0,-0.02995466,0.05285996198654175,0.1340000033378601,0.24009999632835388
YPR020W,YOL124C,0,-0.029956322,0.052839115262031555,0.1340000033378601,0.2401999980211258
YIL031W,YFL011W-A,0,-0.029983725,0.05281829088926315,0.1340000033378601,0.2402999997138977
YKL062W,YGR075C,0,-0.029988382,0.052797477692365646,0.1340000033378601,0.24040000140666962
YKR061W,YFL022C,0,-0.030112255,0.05277668312191963,0.1340000033378601,0.24050000309944153
YLR431C,YMR308C,1,-0.030152034,0.05314960703253746,0.13500000536441803,0.24050000309944153
YER087C-A,YCL038C,1,-0.030184072,0.05352223664522171,0.13600000739097595,0.24050000309944153
YJL133W,YDR263C,0,-0.030384045,0.0535011813044548,0.13600000739097595,0.24060000479221344
YLR423C,YDR038C,0,-0.030444797,0.05348014086484909,0.13600000739097595,0.24070000648498535
YNL153C,YML132W,0,-0.03052685,0.05345911905169487,0.13600000739097595,0.24079999327659607
YER012W,YER171W,0,-0.030529227,0.05343811213970184,0.13600000739097595,0.24089999496936798
YBR020W,YMR212C,0,-0.030591946,0.05341712385416031,0.13600000739097595,0.2409999966621399
YDL227C,YHL003C,0,-0.0306045,0.05339615419507027,0.13600000739097595,0.2410999983549118
YDR284C,YKL108W,0,-0.030609887,0.05337519571185112,0.13600000739097595,0.24120000004768372
YJL012C-A,YGR179C,0,-0.030777585,0.053354255855083466,0.13600000739097595,0.24130000174045563
YDR385W,YOL164W,0,-0.031024825,0.0533333346247673,0.13600000739097595,0.24140000343322754
YHR015W,YBR057C,0,-0.031141955,0.053312428295612335,0.13600000739097595,0.24150000512599945
YNL078W,YBL003C,0,-0.03114229,0.05329153686761856,0.13600000739097595,0.24160000681877136
YLR009W,YPR074C,0,-0.031217914,0.05327066034078598,0.13600000739097595,0.24169999361038208
YPL053C,YGL166W,0,-0.03122462,0.05324980244040489,0.13600000739097595,0.241799995303154
YGL122C,YDL231C,0,-0.031250145,0.053228963166475296,0.13600000739097595,0.2418999969959259
YMR050C,YDR385W,0,-0.031263042,0.053208138793706894,0.13600000739097595,0.24199999868869781
YOR002W,YGR072W,0,-0.031341907,0.053187329322099686,0.13600000739097595,0.24210000038146973
YNL259C,YDR288W,0,-0.031362664,0.05316653475165367,0.13600000739097595,0.24220000207424164
YPR132W,YLR238W,0,-0.031439792,0.05314575880765915,0.13600000739097595,0.24230000376701355
YJR090C,YMR219W,0,-0.03144327,0.05312500149011612,0.13600000739097595,0.24240000545978546
YML025C,YDR308C,0,-0.031465825,0.053104255348443985,0.13600000739097595,0.24250000715255737
YHL003C,YGL136C,0,-0.031467717,0.05308352783322334,0.13600000739097595,0.2425999939441681
YPR201W,YMR075W,0,-0.031526435,0.053062815219163895,0.13600000739097595,0.24269999563694
YML025C,YOR267C,0,-0.03166276,0.05304212123155594,0.13600000739097595,0.24279999732971191
YOR240W,YPL106C,0,-0.03170016,0.05302144214510918,0.13600000739097595,0.24289999902248383
YER044C-A,YKL016C,0,-0.03178109,0.05300077795982361,0.13600000739097595,0.24300000071525574
YNL278W,YBL003C,0,-0.031861838,0.05298013240098953,0.13600000739097595,0.24310000240802765
YHL028W,YML031W,1,-0.031914216,0.05334891006350517,0.13699999451637268,0.24310000240802765
YKL081W,YPR065W,0,-0.031977337,0.05332814157009125,0.13699999451637268,0.24320000410079956
YGR214W,YKR009C,0,-0.032015387,0.053307391703128815,0.13699999451637268,0.24330000579357147
YPL218W,YBR297W,0,-0.032029707,0.053286660462617874,0.13699999451637268,0.2433999925851822
YGR286C,YMR284W,0,-0.03210858,0.05326594039797783,0.13699999451637268,0.2434999942779541
YMR227C,YIL049W,0,-0.03220625,0.053245238959789276,0.13699999451637268,0.243599995970726
YGR285C,YOL165C,0,-0.032272864,0.05322455242276192,0.13699999451637268,0.24369999766349792
YDR236C,YNL097C,0,-0.032273795,0.05320388451218605,0.13699999451637268,0.24379999935626984
YMR015C,YMR036C,0,-0.032317024,0.05318323150277138,0.13699999451637268,0.24390000104904175
YOR249C,YNL209W,0,-0.03234033,0.0531625933945179,0.13699999451637268,0.24400000274181366
YNL197C,YAR010C,0,-0.032426354,0.05314197018742561,0.13699999451637268,0.24410000443458557
YJL012C-A,YDR484W,0,-0.03256562,0.05312136560678482,0.13699999451637268,0.24420000612735748
YNL318C,YML021C,0,-0.03257717,0.05310077592730522,0.13699999451637268,0.2442999929189682
YLR084C,YPL011C,0,-0.032645147,0.053080201148986816,0.13699999451637268,0.2443999946117401
YNL274C,YPR074C,0,-0.03266881,0.053059644997119904,0.13699999451637268,0.24449999630451202
YLR155C,YAL021C,0,-0.032723982,0.053039100021123886,0.13699999451637268,0.24459999799728394
YOR156C,YNL078W,0,-0.032754157,0.05301857739686966,0.13699999451637268,0.24469999969005585
YAL068C,YDR545W,0,-0.03280239,0.05299806594848633,0.13699999451637268,0.24480000138282776
YOL042W,YCR061W,0,-0.032861214,0.05297757312655449,0.13699999451637268,0.24490000307559967
YJL060W,YKL070W,0,-0.03289302,0.052957091480493546,0.13699999451637268,0.24500000476837158
YLR005W,YPL047W,0,-0.03293248,0.05293663218617439,0.13699999451637268,0.2451000064611435
YCL034W,YFL011W-A,0,-0.033018287,0.052916184067726135,0.13699999451637268,0.2451999932527542
YDL028C,YLR009W,0,-0.03312159,0.05289575457572937,0.13699999451637268,0.24529999494552612
YBL079W,YDR192C,1,-0.03325506,0.05326128751039505,0.1379999965429306,0.24529999494552612
YER109C,YGL048C,0,-0.033291873,0.05324074253439903,0.1379999965429306,0.24539999663829803
YLR423C,YAL022C,0,-0.033316117,0.05322020873427391,0.1379999965429306,0.24549999833106995
YNR057C,YBR297W,0,-0.033388298,0.05319968983530998,0.1379999965429306,0.24560000002384186
YGR157W,YLR249W,0,-0.03339992,0.053179189562797546,0.1379999965429306,0.24570000171661377
YNL002C,YDR288W,0,-0.03342625,0.053158704191446304,0.1379999965429306,0.24580000340938568
YLR276C,YAL002W,0,-0.03344476,0.053138237446546555,0.1379999965429306,0.2459000051021576
YML013W,YBR102C,0,-0.033484098,0.0531177818775177,0.1379999965429306,0.2460000067949295
YDR284C,YCL062W,0,-0.033534806,0.05309734493494034,0.1379999965429306,0.24609999358654022
YIL034C,YKR024C,0,-0.03379939,0.05307692289352417,0.1379999965429306,0.24619999527931213
YOR209C,YAR010C,0,-0.03382015,0.053056515753269196,0.1379999965429306,0.24629999697208405
YJL087C,YCL025C,0,-0.03382759,0.053036127239465714,0.1379999965429306,0.24639999866485596
YCL062W,YGL200C,0,-0.033831928,0.05301574990153313,0.1379999965429306,0.24650000035762787
YDR513W,YML058W-A,0,-0.033930536,0.05299539119005203,0.1379999965429306,0.24660000205039978
YHR083W,YHL028W,1,-0.033931535,0.05335892364382744,0.13899999856948853,0.24660000205039978
YBR030W,YDR141C,0,-0.03403152,0.05333844944834709,0.13899999856948853,0.2467000037431717
YKL195W,YIL149C,1,-0.034052756,0.05370157212018967,0.14000000059604645,0.2467000037431717
YNR011C,YDR440W,0,-0.034231905,0.05368098244071007,0.14000000059604645,0.2468000054359436
YIR013C,YGL136C,0,-0.03424525,0.05366040766239166,0.14000000059604645,0.24690000712871552
YKL195W,YBR171W,1,-0.034384023,0.05402299016714096,0.14100000262260437,0.24690000712871552
YGL219C,YMR212C,0,-0.03447548,0.054002296179533005,0.14100000262260437,0.24699999392032623
YJL010C,YHR034C,0,-0.034495424,0.05398162454366684,0.14100000262260437,0.24709999561309814
YBR142W,YDL045C,0,-0.03449617,0.05396096408367157,0.14100000262260437,0.24719999730587006
YHR194W,YER127W,0,-0.03466181,0.05394032225012779,0.14100000262260437,0.24729999899864197
YER024W,YNL090W,0,-0.034844,0.05391969531774521,0.14100000262260437,0.24740000069141388
YOR115C,YBR082C,0,-0.034878578,0.05389908328652382,0.14100000262260437,0.2475000023841858
YPL232W,YHR008C,0,-0.034990575,0.05387848615646362,0.14100000262260437,0.2476000040769577
YHL020C,YLR363C,0,-0.03500427,0.05385790765285492,0.14100000262260437,0.24770000576972961
YPR183W,YNR064C,0,-0.03501055,0.05383734405040741,0.14100000262260437,0.24779999256134033
YBR035C,YNL090W,0,-0.03503425,0.053816795349121094,0.14100000262260437,0.24789999425411224
YBR161W,YDL150W,0,-0.035088528,0.05379626154899597,0.14100000262260437,0.24799999594688416
YOR249C,YDL150W,0,-0.03515355,0.05377574265003204,0.14100000262260437,0.24809999763965607
YOL147C,YOR346W,0,-0.035166454,0.05375524237751961,0.14100000262260437,0.24819999933242798
YLR115W,YLR129W,0,-0.035267647,0.053734757006168365,0.14100000262260437,0.2483000010251999
YER008C,YHR163W,0,-0.035330158,0.05371428653597832,0.14100000262260437,0.2484000027179718
YDR192C,YDR086C,1,-0.035478484,0.05407463759183884,0.1420000046491623,0.2484000027179718
YMR047C,YLR193C,1,-0.035484847,0.05443471670150757,0.14300000667572021,0.2484000027179718
YMR293C,YGR214W,0,-0.03558555,0.05441400408744812,0.14300000667572021,0.2485000044107437
YLR376C,YMR212C,0,-0.03560112,0.054393306374549866,0.14300000667572021,0.24860000610351562
YLR141W,YKL203C,0,-0.035603683,0.054372623562812805,0.14300000667572021,0.24869999289512634
YDL047W,YML078W,0,-0.035768878,0.05435195565223694,0.14300000667572021,0.24879999458789825
YDR436W,YBR082C,0,-0.035779353,0.054331306368112564,0.14300000667572021,0.24889999628067017
YBL082C,YIL049W,0,-0.0357867,0.054310671985149384,0.14300000667572021,0.24899999797344208
YPL196W,YGR145W,0,-0.035888057,0.0542900525033474,0.14300000667572021,0.249099999666214
YLR319C,YLR023C,0,-0.035947394,0.054269447922706604,0.14300000667572021,0.2492000013589859
YDL100C,YBR038W,0,-0.035969857,0.0542488619685173,0.14300000667572021,0.2493000030517578
YHR084W,YOR239W,0,-0.03597955,0.0542282909154892,0.14300000667572021,0.24940000474452972
YGR289C,YAL026C,0,-0.03601503,0.054207734763622284,0.14300000667572021,0.24950000643730164
YJL173C,YNL326C,0,-0.036173727,0.054187193512916565,0.14300000667572021,0.24959999322891235
YJR140C,YMR039C,0,-0.03626285,0.05416666716337204,0.14300000667572021,0.24969999492168427
YCL038C,YPR139C,1,-0.0362914,0.054524801671504974,0.14399999380111694,0.24969999492168427
YCR028C-A,YIL038C,0,-0.03629219,0.054504163563251495,0.14399999380111694,0.24979999661445618
YOR008C,YGR072W,0,-0.0362948,0.05448354035615921,0.14399999380111694,0.2498999983072281
YDR091C,YOL082W,1,-0.036322277,0.05484114959836006,0.14499999582767487,0.2498999983072281
YJL060W,YDR045C,0,-0.036462788,0.05482041463255882,0.14499999582767487,0.25
YJL170C,YGL219C,0,-0.036568638,0.054799698293209076,0.14499999582767487,0.2500999867916107
YDL120W,YDL130W,0,-0.036863867,0.05477899685502052,0.14499999582767487,0.2502000033855438
YDR299W,YLR069C,0,-0.036907,0.054758306592702866,0.14499999582767487,0.25029999017715454
YOL135C,YHR194W,0,-0.03694423,0.054737638682127,0.14499999582767487,0.25040000677108765
YOL095C,YKL070W,0,-0.036962572,0.05471698194742203,0.14499999582767487,0.25049999356269836
YHL025W,YAL001C,0,-0.03698268,0.05469634011387825,0.14499999582767487,0.25060001015663147
YJL176C,YDR450W,0,-0.03712217,0.054675716906785965,0.14499999582767487,0.2506999969482422
YML092C,YDL079C,0,-0.037127342,0.054655108600854874,0.14499999582767487,0.2508000135421753
YNL312W,YKR095W-A,0,-0.037131663,0.054634515196084976,0.14499999582767487,0.250900000333786
YBR085W,YBR297W,0,-0.037326764,0.05461393669247627,0.14499999582767487,0.25099998712539673
YJL090C,YDR092W,0,-0.03733055,0.05459337309002876,0.14499999582767487,0.25110000371932983
YHR015W,YMR268C,0,-0.037383538,0.054572828114032745,0.14499999582767487,0.25119999051094055
YDR311W,YHR143W-A,0,-0.03744151,0.05455229431390762,0.14499999582767487,0.25130000710487366
YNL259C,YLR005W,0,-0.037459824,0.054531779140233994,0.14499999582767487,0.2513999938964844
YKR065C,YGL016W,1,-0.037526276,0.05488721653819084,0.1459999978542328,0.2513999938964844
YAL068C,YDR151C,0,-0.037538078,0.054866593331098557,0.1459999978542328,0.2515000104904175
YLR023C,YOL042W,0,-0.03755218,0.05484598129987717,0.1459999978542328,0.2515999972820282
YMR283C,YNL039W,0,-0.03757744,0.05482538416981697,0.1459999978542328,0.2517000138759613
YGL078C,YOR171C,0,-0.037601527,0.05480480566620827,0.1459999978542328,0.251800000667572
YOR008C,YDR191W,0,-0.037645977,0.05478423833847046,0.1459999978542328,0.25189998745918274
YPL137C,YOL142W,0,-0.03769731,0.05476368963718414,0.1459999978542328,0.25200000405311584
YHL025W,YER001W,0,-0.03772222,0.05474315583705902,0.1459999978542328,0.25209999084472656
YOL135C,YDR141C,0,-0.037748773,0.05472263693809509,0.1459999978542328,0.25220000743865967
YHR098C,YOL165C,0,-0.03791481,0.05470213666558266,0.1459999978542328,0.2522999942302704
YDL150W,YER108C,0,-0.038126584,0.054681647568941116,0.1459999978542328,0.2524000108242035
YNR011C,YHR082C,0,-0.0382925,0.05466117709875107,0.1459999978542328,0.2524999976158142
YLR008C,YBL078C,1,-0.03831693,0.055014971643686295,0.1469999998807907,0.2524999976158142
YHL020C,YNL045W,0,-0.038410906,0.05499438941478729,0.1469999998807907,0.2526000142097473
YLR430W,YDL126C,0,-0.038522515,0.054973822087049484,0.1469999998807907,0.25270000100135803
YLR023C,YGR072W,0,-0.03859393,0.05495326966047287,0.1469999998807907,0.25279998779296875
YBR020W,YDR140W,0,-0.038693916,0.05493273586034775,0.1469999998807907,0.25290000438690186
YPR007C,YLR145W,0,-0.03876755,0.05491221696138382,0.1469999998807907,0.2529999911785126
YPL196W,YGR272C,0,-0.038867887,0.05489170923829079,0.1469999998807907,0.2531000077724457
YOL034W,YMR065W,0,-0.038878497,0.054871220141649246,0.1469999998807907,0.2531999945640564
YLR051C,YJL113W,0,-0.039092313,0.0548507459461689,0.1469999998807907,0.2533000111579895
YBR193C,YCR020C,0,-0.0391311,0.05483028665184975,0.1469999998807907,0.2533999979496002
YLR410W,YBL100W-B,0,-0.039152678,0.05480984225869179,0.1469999998807907,0.2535000145435333
YGR238C,YLR051C,0,-0.03928077,0.05478941649198532,0.1469999998807907,0.25360000133514404
YBR057C,YLR060W,0,-0.03930712,0.05476900190114975,0.1469999998807907,0.25369998812675476
YJL013C,YKL016C,0,-0.03939886,0.05474860221147537,0.1469999998807907,0.25380000472068787
YJL012C-A,YER008C,0,-0.039493192,0.05472822114825249,0.1469999998807907,0.2538999915122986
YAL009W,YNL239W,0,-0.039630692,0.0547078512609005,0.1469999998807907,0.2540000081062317
YPR200C,YGR024C,0,-0.03982446,0.0546875,0.1469999998807907,0.2540999948978424
YCL062W,YGR078C,0,-0.039834168,0.054667163640260696,0.1469999998807907,0.2542000114917755
YKL192C,YKR007W,0,-0.039853346,0.05464683845639229,0.1469999998807907,0.25429999828338623
YDL160C,YLR238W,0,-0.039867397,0.05462653189897537,0.1469999998807907,0.25440001487731934
YHR005C-A,YMR153W,1,-0.04011252,0.05497771129012108,0.14800000190734863,0.25440001487731934
YCL011C,YAL024C,0,-0.04018947,0.05495729669928551,0.14800000190734863,0.25450000166893005
YDL002C,YDR236C,0,-0.04019088,0.05493689700961113,0.14800000190734863,0.25459998846054077
YMR283C,YOL128C,0,-0.040427152,0.054916512221097946,0.14800000190734863,0.2547000050544739
YJR153W,YKL140W,0,-0.04047581,0.054896142333745956,0.14800000190734863,0.2547999918460846
YPL028W,YDR140W,0,-0.04048839,0.05487578734755516,0.14800000190734863,0.2549000084400177
YLL016W,YDL047W,0,-0.040547904,0.05485544726252556,0.14800000190734863,0.2549999952316284
YJL013C,YKL192C,0,-0.04059313,0.05483512580394745,0.14800000190734863,0.2551000118255615
YML032C,YNL097C,0,-0.040618833,0.054814815521240234,0.14800000190734863,0.25519999861717224
YPR020W,YGR191W,0,-0.04072575,0.054794520139694214,0.14800000190734863,0.25529998540878296
YNL318C,YNR038W,0,-0.040765356,0.05477423965930939,0.14800000190734863,0.25540000200271606
YOR182C,YPL275W,0,-0.040801745,0.05475397780537605,0.14800000190734863,0.2554999887943268
YKR028W,YDR247W,0,-0.04083846,0.054733727127313614,0.14800000190734863,0.2556000053882599
YLR141W,YJL117W,0,-0.040855724,0.05471349507570267,0.14800000190734863,0.2556999921798706
YOR020C,YBR210W,0,-0.04085988,0.054693274199962616,0.14800000190734863,0.2558000087738037
YNL001W,YML078W,0,-0.040889364,0.05467306822538376,0.14800000190734863,0.25589999556541443
YDR448W,YPL218W,0,-0.04096881,0.05465288087725639,0.14800000190734863,0.25600001215934753
YOR272W,YKL200C,0,-0.04107937,0.054632704704999924,0.14800000190734863,0.25609999895095825
YCL011C,YGR192C,0,-0.04109482,0.054612547159194946,0.14800000190734863,0.25619998574256897
YDL007W,YFR048W,0,-0.04133417,0.054592400789260864,0.14800000190734863,0.2563000023365021
YBR136W,YPL110C,0,-0.0413347,0.054572273045778275,0.14800000190734863,0.2563999891281128
YDR295C,YNR064C,0,-0.04145099,0.05455215647816658,0.14800000190734863,0.2565000057220459
YGR227W,YPL275W,0,-0.041578557,0.05453205481171608,0.14800000190734863,0.2565999925136566
YEL026W,YNL239W,0,-0.04168583,0.05451197177171707,0.14800000190734863,0.2567000091075897
YPL051W,YKR061W,0,-0.041692298,0.05449189990758896,0.14800000190734863,0.25679999589920044
YPL262W,YOR257W,0,-0.041715544,0.05447184294462204,0.14800000190734863,0.25690001249313354
YCL025C,YMR050C,0,-0.041790303,0.05445180460810661,0.14800000190734863,0.25699999928474426
YBR164C,YGL016W,1,-0.041817013,0.05479956045746803,0.14900000393390656,0.25699999928474426
YDL007W,YLR167W,0,-0.04187577,0.05477941036224365,0.14900000393390656,0.257099986076355
YGL200C,YDR311W,0,-0.041902233,0.054759278893470764,0.14900000393390656,0.2572000026702881
YKL178C,YML060W,0,-0.041931327,0.05473916232585907,0.14900000393390656,0.2572999894618988
YDR309C,YNL274C,0,-0.04197676,0.05471906065940857,0.14900000393390656,0.2574000060558319
YDR151C,YKL070W,0,-0.04218222,0.05469897389411926,0.14900000393390656,0.2574999928474426
YBR127C,YJL072C,0,-0.04221632,0.05467889830470085,0.14900000393390656,0.25760000944137573
YOL095C,YBL003C,0,-0.042286914,0.05465884134173393,0.14900000393390656,0.25769999623298645
YLR084C,YDR440W,0,-0.042314727,0.05463879555463791,0.14900000393390656,0.25780001282691956
YBR142W,YMR238W,0,-0.04238234,0.05461876839399338,0.14900000393390656,0.2578999996185303
YKL170W,YAR010C,0,-0.04241536,0.05459875240921974,0.14900000393390656,0.257999986410141
YHR015W,YML121W,0,-0.042440314,0.0545787550508976,0.14900000393390656,0.2581000030040741
YDL081C,YCL062W,0,-0.042517696,0.05455876886844635,0.14900000393390656,0.2581999897956848
YML092C,YGL246C,0,-0.04253317,0.054538797587156296,0.14900000393390656,0.2583000063896179
YBR038W,YER001W,0,-0.042696703,0.054518844932317734,0.14900000393390656,0.25839999318122864
YLR350W,YJL113W,0,-0.042750414,0.05449890345335007,0.14900000393390656,0.25850000977516174
YJR090C,YNL274C,0,-0.042768504,0.054478976875543594,0.14900000393390656,0.25859999656677246
YMR077C,YCR102C,0,-0.04277646,0.054459065198898315,0.14900000393390656,0.25870001316070557
YMR077C,YBR135W,0,-0.042857725,0.05443916842341423,0.14900000393390656,0.2587999999523163
YPL123C,YHR204W,0,-0.04291762,0.05441928282380104,0.14900000393390656,0.258899986743927
YHR175W,YGL120C,0,-0.042964544,0.05439941585063934,0.14900000393390656,0.2590000033378601
YDR436W,YHR204W,0,-0.042992394,0.05437956377863884,0.14900000393390656,0.2590999901294708
YLR316C,YER020W,0,-0.04301403,0.05435972288250923,0.14900000393390656,0.25920000672340393
YKR056W,YIL154C,0,-0.043054935,0.05433989688754082,0.14900000393390656,0.25929999351501465
YGL187C,YDR308C,0,-0.04307365,0.0543200857937336,0.14900000393390656,0.25940001010894775
YKL070W,YML078W,0,-0.043074515,0.05430029332637787,0.14900000393390656,0.25949999690055847
YKR065C,YOR232W,1,-0.043084327,0.054644808173179626,0.15000000596046448,0.25949999690055847
YDR153C,YGL016W,1,-0.043196347,0.05498907342553139,0.1509999930858612,0.25949999690055847
YOR144C,YGR024C,0,-0.043214884,0.05496905744075775,0.1509999930858612,0.2596000134944916
YDR435C,YLR035C-A,0,-0.043241438,0.05494905263185501,0.1509999930858612,0.2597000002861023
YML113W,YGR225W,0,-0.043336,0.05492906644940376,0.1509999930858612,0.259799987077713
YGL078C,YGL075C,0,-0.043364834,0.05490909144282341,0.1509999930858612,0.2599000036716461
YCR020C,YKL203C,0,-0.0433813,0.05488913133740425,0.1509999930858612,0.25999999046325684
YML113W,YML029W,0,-0.043399934,0.054869186133146286,0.1509999930858612,0.26010000705718994
YCL034W,YGR054W,0,-0.043403555,0.054849255830049515,0.1509999930858612,0.26019999384880066
YLR201C,YPR074C,0,-0.04342472,0.05482934042811394,0.1509999930858612,0.26030001044273376
YDR170W-A,YHR066W,0,-0.043440808,0.054809436202049255,0.1509999930858612,0.2603999972343445
YER173W,YOR095C,0,-0.043505277,0.054789550602436066,0.1509999930858612,0.2605000138282776
YGL223C,YGL181W,0,-0.043666627,0.05476967617869377,0.1509999930858612,0.2606000006198883
YDR172W,YKL062W,0,-0.043669876,0.05474982038140297,0.1509999930858612,0.260699987411499
YLR084C,YGR097W,0,-0.04368409,0.05472997575998306,0.1509999930858612,0.26080000400543213
YML029W,YCL005W-A,0,-0.04371017,0.05471014603972435,0.1509999930858612,0.26089999079704285
YER087C-A,YLL024C,1,-0.043825325,0.05505251884460449,0.15199999511241913,0.26089999079704285
YMR183C,YGL206C,0,-0.043975245,0.05503258481621742,0.15199999511241913,0.26100000739097595
YML013W,YEL004W,0,-0.04401272,0.05501266568899155,0.15199999511241913,0.26109999418258667
YDL007W,YIL153W,0,-0.04402804,0.05499276518821716,0.15199999511241913,0.2612000107765198
YIL149C,YHL028W,1,-0.044038687,0.05533453822135925,0.15299999713897705,0.2612000107765198
YJL053W,YLL016W,0,-0.04403999,0.05531453341245651,0.15299999713897705,0.2612999975681305
YJL069C,YER042W,0,-0.04413866,0.055294543504714966,0.15299999713897705,0.2614000141620636
YCL069W,YOR144C,0,-0.044281777,0.055274564772844315,0.15299999713897705,0.2615000009536743
YML093W,YPL161C,0,-0.04430185,0.055254604667425156,0.15299999713897705,0.26159998774528503
YOR338W,YDR398W,0,-0.04433417,0.05523465573787689,0.15299999713897705,0.26170000433921814
YBL003C,YPL159C,0,-0.04433928,0.05521472543478012,0.15299999713897705,0.26179999113082886
YOR095C,YML107C,0,-0.044453066,0.055194806307554245,0.15299999713897705,0.26190000772476196
YEL004W,YOL034W,0,-0.044620436,0.05517490208148956,0.15299999713897705,0.2619999945163727
YIR015W,YLL056C,0,-0.044720065,0.055155009031295776,0.15299999713897705,0.2621000111103058
YKR072C,YHR068W,0,-0.044773523,0.05513513460755348,0.15299999713897705,0.2621999979019165
YJR083C,YNL062C,0,-0.044824112,0.05511527508497238,0.15299999713897705,0.2623000144958496
YGR054W,YHR023W,0,-0.04482576,0.055095426738262177,0.15299999713897705,0.2624000012874603
YHR053C,YKL101W,0,-0.04489975,0.055075593292713165,0.15299999713897705,0.26249998807907104
YDR398W,YBR020W,0,-0.045020144,0.05505577474832535,0.15299999713897705,0.26260000467300415
YER005W,YGL150C,0,-0.045040283,0.055035971105098724,0.15299999713897705,0.26269999146461487
YJL168C,YKL070W,0,-0.045170512,0.055016182363033295,0.15299999713897705,0.262800008058548
YJL013C,YLL056C,0,-0.045275267,0.05499640479683876,0.15299999713897705,0.2628999948501587
YJL134W,YPR200C,0,-0.04531337,0.05497664213180542,0.15299999713897705,0.2630000114440918
YLR431C,YBR164C,1,-0.045392003,0.05531609058380127,0.15399999916553497,0.2630000114440918
YOR115C,YGR227W,0,-0.045393866,0.05529623106122017,0.15399999916553497,0.2630999982357025
YDL100C,YMR016C,0,-0.04544015,0.055276382714509964,0.15399999916553497,0.2632000148296356
YLR081W,YMR001C,0,-0.04546131,0.05525654926896095,0.15399999916553497,0.26330000162124634
YML051W,YBR256C,0,-0.045500647,0.05523672699928284,0.15399999916553497,0.26339998841285706
YHL020C,YOL033W,0,-0.045571487,0.05521692335605621,0.15399999916553497,0.26350000500679016
YML132W,YDR381W,0,-0.045626383,0.055197130888700485,0.15399999916553497,0.2635999917984009
YGR014W,YDL150W,0,-0.045652684,0.05517735704779625,0.15399999916553497,0.263700008392334
YNL294C,YNL068C,0,-0.045662787,0.05515759438276291,0.15399999916553497,0.2637999951839447
YOL088C,YJL133W,0,-0.045674827,0.055137842893600464,0.15399999916553497,0.2639000117778778
YCL011C,YKR027W,0,-0.04569446,0.05511811003088951,0.15399999916553497,0.2639999985694885
YLR265C,YKL070W,0,-0.045710336,0.055098388344049454,0.15399999916553497,0.26409998536109924
YLR313C,YOR123C,0,-0.04572585,0.05507868528366089,0.15399999916553497,0.26420000195503235
YGR245C,YPL047W,0,-0.045747254,0.05505899339914322,0.15399999916553497,0.26429998874664307
YHR079C-B,YNL262W,0,-0.045759436,0.055039312690496445,0.15399999916553497,0.26440000534057617
YDL145C,YJL113W,0,-0.04580852,0.05501965060830116,0.15399999916553497,0.2644999921321869
YDL116W,YHL028W,1,-0.045846086,0.05535714328289032,0.1550000011920929,0.2644999921321869
YDR011W,YDL126C,0,-0.04585618,0.05533738061785698,0.1550000011920929,0.26460000872612
YNL129W,YGR186W,0,-0.045936327,0.055317629128694534,0.1550000011920929,0.2646999955177307
YDR057W,YOL033W,0,-0.045948554,0.05529789626598358,0.1550000011920929,0.2648000121116638
YNL015W,YPL040C,0,-0.045962576,0.055278174579143524,0.1550000011920929,0.26489999890327454
YIL002C,YKR022C,0,-0.046268594,0.05525846779346466,0.1550000011920929,0.26499998569488525
YJL008C,YGR157W,0,-0.046272885,0.05523877590894699,0.1550000011920929,0.26510000228881836
YGL194C,YKR095W-A,0,-0.04633415,0.05521909520030022,0.1550000011920929,0.2651999890804291
YMR268C,YDR141C,0,-0.046351667,0.055199429392814636,0.1550000011920929,0.2653000056743622
YMR293C,YOR081C,0,-0.04637022,0.05517977848649025,0.1550000011920929,0.2653999924659729
YLR329W,YNR057C,0,-0.04642542,0.05516014248132706,0.1550000011920929,0.265500009059906
YNL002C,YDR092W,0,-0.046497103,0.05514051765203476,0.1550000011920929,0.2655999958515167
YML013W,YHR005C,0,-0.04652999,0.055120911449193954,0.1550000011920929,0.26570001244544983
YHR023W,YOL142W,0,-0.046556536,0.055101316422224045,0.1550000011920929,0.26579999923706055
YDR450W,YIL033C,0,-0.046656642,0.05508173257112503,0.1550000011920929,0.26589998602867126
YLR405W,YPR198W,0,-0.04667796,0.05506216734647751,0.1550000011920929,0.26600000262260437
YKL081W,YER116C,0,-0.046748284,0.05504261329770088,0.1550000011920929,0.2660999894142151
YGR054W,YJL085W,0,-0.046781722,0.05502307415008545,0.1550000011920929,0.2662000060081482
YNL126W,YAR033W,0,-0.046784412,0.05500354990363121,0.1550000011920929,0.2662999927997589
YPL041C,YER012W,0,-0.04693569,0.05498403683304787,0.1550000011920929,0.266400009393692
YGL219C,YNL248C,0,-0.046980206,0.05496453866362572,0.1550000011920929,0.26649999618530273
YKR065C,YER009W,1,-0.04732051,0.0552995391190052,0.15600000321865082,0.26649999618530273
YHR163W,YPL159C,0,-0.047416348,0.055279944092035294,0.15600000321865082,0.26660001277923584
YCL005W-A,YGL150C,0,-0.047545608,0.05526036024093628,0.15600000321865082,0.26669999957084656
YDL150W,YKL070W,0,-0.047823552,0.05524079501628876,0.15600000321865082,0.2667999863624573
YIL154C,YKL101W,0,-0.04785384,0.05522123724222183,0.15600000321865082,0.2669000029563904
YDL227C,YER062C,0,-0.047999155,0.0552016980946064,0.15600000321865082,0.2669999897480011
YLR453C,YCR102C,0,-0.048051808,0.05518217012286186,0.15600000321865082,0.2671000063419342
YHR188C,YPL275W,0,-0.04814538,0.05516266077756882,0.15600000321865082,0.2671999931335449
YIL034C,YJL013C,0,-0.048159357,0.05514315888285637,0.15600000321865082,0.267300009727478
YAL009W,YMR172W,0,-0.048194688,0.05512367561459541,0.15600000321865082,0.26739999651908875
YOR025W,YER127W,0,-0.048200723,0.05510420352220535,0.15600000321865082,0.26750001311302185
YER147C,YLR298C,0,-0.048418593,0.055084746330976486,0.15600000321865082,0.26759999990463257
YKL170W,YNL209W,0,-0.048435245,0.055065300315618515,0.15600000321865082,0.2676999866962433
YBR186W,YDR439W,0,-0.048439372,0.055045872926712036,0.15600000321865082,0.2678000032901764
YHR034C,YLR145W,0,-0.048519064,0.05502645671367645,0.15600000321865082,0.2678999900817871
YAL068C,YPL106C,0,-0.048565317,0.055007051676511765,0.15600000321865082,0.2680000066757202
YIL002C,YOR002W,0,-0.048652332,0.05498766154050827,0.15600000321865082,0.26809999346733093
YML124C,YLR084C,0,-0.048724446,0.05496828630566597,0.15600000321865082,0.26820001006126404
YGL032C,YLL041C,0,-0.04873396,0.05494892597198486,0.15600000321865082,0.26829999685287476
YML032C,YKL070W,0,-0.04877309,0.05492957681417465,0.15600000321865082,0.26840001344680786
YMR026C,YLR008C,1,-0.04889336,0.05526223033666611,0.15700000524520874,0.26840001344680786
YOL005C,YAR007C,0,-0.04889823,0.055242788046598434,0.15700000524520874,0.2685000002384186
YDR038C,YML078W,0,-0.048950475,0.05522335693240166,0.15700000524520874,0.2685999870300293
YJL087C,YER025W,0,-0.048970353,0.055203936994075775,0.15700000524520874,0.2687000036239624
YLR134W,YOR338W,0,-0.049028467,0.055184535682201385,0.15700000524520874,0.2687999904155731
YLR081W,YLR361C,0,-0.049063202,0.05516514554619789,0.15700000524520874,0.2689000070095062
YOR304W,YBL100W-B,0,-0.049069952,0.05514576658606529,0.15700000524520874,0.26899999380111694
YDR311W,YNL248C,0,-0.049095076,0.055126406252384186,0.15700000524520874,0.26910001039505005
YIL002C,YIL079C,0,-0.049339596,0.055107053369283676,0.15700000524520874,0.26919999718666077
YJL053W,YNL261W,0,-0.04941692,0.05508771911263466,0.15700000524520874,0.26930001378059387
YOR025W,YML116W,0,-0.049570244,0.05506839603185654,0.15700000524520874,0.2694000005722046
YFR034C,YBR082C,0,-0.049718317,0.05504908785223961,0.15700000524520874,0.2694999873638153
YKL189W,YMR238W,0,-0.04983029,0.055029794573783875,0.15700000524520874,0.2696000039577484
YER009W,YBL078C,1,-0.04983255,0.05536089837551117,0.15800000727176666,0.2696000039577484
YDR165W,YOR338W,0,-0.04983836,0.05534150451421738,0.15800000727176666,0.26969999074935913
YJL176C,YKL200C,0,-0.049919184,0.055322129279375076,0.15800000727176666,0.26980000734329224
YGL200C,YKL203C,0,-0.049941104,0.05530276522040367,0.15800000727176666,0.26989999413490295
YMR128W,YNL054W,0,-0.0499502,0.05528341606259346,0.15800000727176666,0.27000001072883606
YLR430W,YGR276C,0,-0.049968693,0.055264078080654144,0.15800000727176666,0.2700999975204468
YBR098W,YNL001W,0,-0.050181504,0.05524475499987602,0.15800000727176666,0.2702000141143799
YBL074C,YBR273C,0,-0.05025224,0.055225446820259094,0.15800000727176666,0.2703000009059906
YJL085W,YDR141C,0,-0.050263893,0.05520614981651306,0.15800000727176666,0.2703999876976013
YKR061W,YKL140W,0,-0.05039389,0.05518686771392822,0.15800000727176666,0.2705000042915344
YML055W,YGL016W,1,-0.050396886,0.05551676079630852,0.1589999943971634,0.2705000042915344
YLR265C,YOR224C,0,-0.05045415,0.05549738183617592,0.1589999943971634,0.27059999108314514
YPL130W,YDR251W,0,-0.05072448,0.055478017777204514,0.1589999943971634,0.27070000767707825
YNL261W,YIL031W,0,-0.050759513,0.0554586686193943,0.1589999943971634,0.27079999446868896
YLR014C,YBL102W,0,-0.050984126,0.05543933063745499,0.1589999943971634,0.27090001106262207
YOL142W,YNL327W,0,-0.051035997,0.055420007556676865,0.1589999943971634,0.2709999978542328
YAL026C,YOR257W,0,-0.051065903,0.05540069565176964,0.1589999943971634,0.2711000144481659
YLR005W,YHR088W,0,-0.05112819,0.055381398648023605,0.1589999943971634,0.2712000012397766
YHR079C-B,YJR140C,0,-0.05114053,0.055362116545438766,0.1589999943971634,0.27129998803138733
YLR276C,YLR023C,0,-0.05117586,0.05534284561872482,0.1589999943971634,0.27140000462532043
YGL071W,YJL012C-A,0,-0.051251482,0.05532358959317207,0.1589999943971634,0.27149999141693115
YOR243C,YAL030W,0,-0.05130856,0.05530434846878052,0.1589999943971634,0.27160000801086426
YGR227W,YLR035C-A,0,-0.051381823,0.05528511852025986,0.1589999943971634,0.271699994802475
YBR038W,YDR182W,0,-0.0514498,0.05526590347290039,0.1589999943971634,0.2718000113964081
YER166W,YMR296C,0,-0.051458966,0.05524669960141182,0.1589999943971634,0.2718999981880188
YBR006W,YMR033W,0,-0.051488873,0.05522751063108444,0.1589999943971634,0.2720000147819519
YDL126C,YLR167W,0,-0.051575627,0.05520833283662796,0.1589999943971634,0.2721000015735626
YLL056C,YML127W,0,-0.05199815,0.05518916994333267,0.1589999943971634,0.27219998836517334
YHR015W,YBL074C,0,-0.052008096,0.05517002195119858,0.1589999943971634,0.27230000495910645
YJL087C,YER042W,0,-0.052102145,0.05515088513493538,0.1589999943971634,0.27239999175071716
YLR155C,YLR005W,0,-0.052124757,0.055131763219833374,0.1589999943971634,0.27250000834465027
YOR359W,YDR495C,1,-0.052242424,0.05545927211642265,0.1599999964237213,0.27250000834465027
YEL036C,YOR144C,0,-0.052284535,0.05544005706906319,0.1599999964237213,0.272599995136261
YPL181W,YAL011W,0,-0.052413728,0.055420853197574615,0.1599999964237213,0.2727000117301941
YOR209C,YDR177W,0,-0.05253158,0.05540166050195694,0.1599999964237213,0.2727999985218048
YNL054W,YBL040C,0,-0.052534077,0.055382486432790756,0.1599999964237213,0.2728999853134155
YJR083C,YDR165W,0,-0.05255867,0.05536332353949547,0.1599999964237213,0.27300000190734863
YHR055C,YBR179C,0,-0.052594494,0.055344171822071075,0.1599999964237213,0.27309998869895935
YIL017C,YLR014C,0,-0.05259495,0.05532503500580788,0.1599999964237213,0.27320000529289246
YPR042C,YMR050C,0,-0.052632276,0.05530590936541557,0.1599999964237213,0.2732999920845032
YLL016W,YBL051C,0,-0.052692305,0.055286798626184464,0.1599999964237213,0.2734000086784363
YLR088W,YIL033C,0,-0.052744363,0.05526770278811455,0.1599999964237213,0.273499995470047
YMR283C,YLR139C,0,-0.052918974,0.05524861812591553,0.1599999964237213,0.2736000120639801
YDR236C,YDR072C,0,-0.052941788,0.0552295483648777,0.1599999964237213,0.2736999988555908
YOL067C,YNL062C,0,-0.053040233,0.05521048977971077,0.1599999964237213,0.27379998564720154
YHR015W,YGL200C,0,-0.05305363,0.05519144609570503,0.1599999964237213,0.27390000224113464
YOR240W,YMR238W,0,-0.05337843,0.05517241358757019,0.1599999964237213,0.27399998903274536
YAL022C,YGL106W,0,-0.053419095,0.05515339598059654,0.1599999964237213,0.27410000562667847
YIL153W,YKR060W,0,-0.053431373,0.05513438954949379,0.1599999964237213,0.2741999924182892
YML029W,YOL091W,0,-0.05359095,0.05511539801955223,0.1599999964237213,0.2743000090122223
YJR140C,YJL168C,0,-0.053595196,0.05509641766548157,0.1599999964237213,0.274399995803833
YBL074C,YDR303C,0,-0.053616192,0.0550774522125721,0.1599999964237213,0.2745000123977661
YJL134W,YOL165C,0,-0.053642426,0.055058497935533524,0.1599999964237213,0.27459999918937683
YOL142W,YDR182W,0,-0.053738173,0.05503955855965614,0.1599999964237213,0.27469998598098755
YOR156C,YGL187C,0,-0.053742897,0.05502063408493996,0.1599999964237213,0.27480000257492065
YBR136W,YKL088W,0,-0.0538284,0.05500171706080437,0.1599999964237213,0.27489998936653137
YBR102C,YDL130W,0,-0.05386887,0.05498281866312027,0.1599999964237213,0.2750000059604645
YBR256C,YEL029C,0,-0.05391362,0.05496393144130707,0.1599999964237213,0.2750999927520752
YLR176C,YDR325W,0,-0.05391625,0.05494505539536476,0.1599999964237213,0.2752000093460083
YKL108W,YDL235C,0,-0.0540242,0.05492619425058365,0.1599999964237213,0.275299996137619
YCL016C,YBR002C,0,-0.054088514,0.05490734428167343,0.1599999964237213,0.2754000127315521
YBL057C,YDR092W,0,-0.054196816,0.05488850921392441,0.1599999964237213,0.27549999952316284
YKR095W-A,YKL166C,0,-0.05426004,0.05486968532204628,0.1599999964237213,0.27559998631477356
YJL090C,YOL069W,0,-0.054285508,0.05485087260603905,0.1599999964237213,0.27570000290870667
YHL003C,YOR372C,0,-0.054315094,0.05483207851648331,0.1599999964237213,0.2757999897003174
YGL246C,YNR030W,0,-0.054441508,0.05481329187750816,0.1599999964237213,0.2759000062942505
YML081C-A,YNR030W,0,-0.05471353,0.054794520139694214,0.1599999964237213,0.2759999930858612
YGL120C,YGL227W,0,-0.054844897,0.05477576330304146,0.1599999964237213,0.2761000096797943
YMR128W,YNL267W,0,-0.054863025,0.0547570139169693,0.1599999964237213,0.27619999647140503
YMR039C,YDR381W,0,-0.054864656,0.05473828315734863,0.1599999964237213,0.27630001306533813
YLR221C,YMR075W,0,-0.0548763,0.05471956357359886,0.1599999964237213,0.27639999985694885
YDL079C,YGL233W,0,-0.055071782,0.054700855165719986,0.1599999964237213,0.27649998664855957
YLR423C,YNL062C,0,-0.05508844,0.054682161659002304,0.1599999964237213,0.2766000032424927
YCR102C,YBR211C,0,-0.055092376,0.05466347932815552,0.1599999964237213,0.2766999900341034
YIL009C-A,YDL020C,0,-0.055279862,0.054644808173179626,0.1599999964237213,0.2768000066280365
YGR272C,YGR289C,0,-0.05535109,0.05462615191936493,0.1599999964237213,0.2768999934196472
YLR176C,YER178W,0,-0.055375423,0.05460750684142113,0.1599999964237213,0.2770000100135803
YLR397C,YDR038C,0,-0.05541842,0.05458887666463852,0.1599999964237213,0.27709999680519104
YGL022W,YGL181W,0,-0.05547821,0.05457025766372681,0.1599999964237213,0.27720001339912415
YMR182C,YNL259C,0,-0.055587072,0.05455165356397629,0.1599999964237213,0.27730000019073486
YKL081W,YLR410W,0,-0.055590343,0.054533060640096664,0.1599999964237213,0.2773999869823456
YIL110W,YBR020W,0,-0.055615347,0.054514478892087936,0.1599999964237213,0.2775000035762787
YHR075C,YDL198C,0,-0.055793565,0.0544959120452404,0.1599999964237213,0.2775999903678894
YGR156W,YGR024C,0,-0.055811983,0.05447735637426376,0.1599999964237213,0.2777000069618225
YBR164C,YEL013W,1,-0.055817377,0.05479918420314789,0.16099999845027924,0.2777000069618225
YKL064W,YPL106C,0,-0.055876773,0.054780539125204086,0.16099999845027924,0.2777999937534332
YOR209C,YBR020W,0,-0.05594835,0.05476190522313118,0.16099999845027924,0.27790001034736633
YBR077C,YHR163W,0,-0.0560108,0.05474328622221947,0.16099999845027924,0.27799999713897705
YJR031C,YML132W,0,-0.05612119,0.05472467839717865,0.16099999845027924,0.27810001373291016
YML057W,YNL327W,0,-0.05614389,0.05470608174800873,0.16099999845027924,0.2782000005245209
YLR340W,YLR361C,0,-0.056359824,0.0546875,0.16099999845027924,0.2782999873161316
YDL227C,YMR075W,0,-0.056377176,0.05466892942786217,0.16099999845027924,0.2784000039100647
YHR075C,YJL201W,0,-0.056408126,0.05465037375688553,0.16099999845027924,0.2784999907016754
YDR093W,YKL017C,0,-0.056454543,0.054631829261779785,0.16099999845027924,0.2786000072956085
YDR057W,YBR244W,0,-0.05652159,0.05461329594254494,0.16099999845027924,0.27869999408721924
YAR007C,YER116C,0,-0.056533273,0.05459477752447128,0.16099999845027924,0.27880001068115234
YCR075C,YER005W,0,-0.05653554,0.054576270282268524,0.16099999845027924,0.27889999747276306
YER095W,YCL016C,0,-0.0565571,0.05455777794122696,0.16099999845027924,0.27900001406669617
YML052W,YER005W,0,-0.0566166,0.05453929677605629,0.16099999845027924,0.2791000008583069
YKR072C,YJL012C-A,0,-0.056634437,0.054520826786756516,0.16099999845027924,0.2791999876499176
YOR020C,YJL074C,0,-0.056716952,0.05450236797332764,0.16099999845027924,0.2793000042438507
YDR045C,YLR098C,0,-0.056734566,0.05448392406105995,0.16099999845027924,0.2793999910354614
YAL026C,YKL062W,0,-0.05679108,0.05446549504995346,0.16099999845027924,0.27950000762939453
YBL035C,YNL015W,0,-0.056801427,0.054447073489427567,0.16099999845027924,0.27959999442100525
YCL011C,YDR069C,0,-0.056822192,0.054428666830062866,0.16099999845027924,0.27970001101493835
YML032C,YML081C-A,0,-0.056898307,0.05441027507185936,0.16099999845027924,0.2797999978065491
YDL116W,YHR083W,1,-0.056941357,0.054729729890823364,0.16200000047683716,0.2797999978065491
YHR129C,YIL066C,0,-0.057016995,0.054711245000362396,0.16200000047683716,0.2799000144004822
YPL232W,YDR284C,0,-0.057144154,0.05469277501106262,0.16200000047683716,0.2800000011920929
YKR056W,YER061C,0,-0.05721752,0.05467431619763374,0.16200000047683716,0.2800999879837036
YCL062W,YGR186W,0,-0.057329353,0.05465587228536606,0.16200000047683716,0.2802000045776367
YCR005C,YIL038C,0,-0.05734798,0.05463743582367897,0.16200000047683716,0.28029999136924744
YIL002C,YBL100W-B,0,-0.057399448,0.054619014263153076,0.16200000047683716,0.28040000796318054
YFL058W,YPR074C,0,-0.057572965,0.054600607603788376,0.16200000047683716,0.28049999475479126
YIR013C,YBR035C,0,-0.057581875,0.05458220839500427,0.16200000047683716,0.28060001134872437
YPL041C,YMR015C,0,-0.05759191,0.05456382781267166,0.16200000047683716,0.2806999981403351
YGR279C,YGR147C,0,-0.05765752,0.05454545468091965,0.16200000047683716,0.2808000147342682
YGL180W,YHR066W,0,-0.057705846,0.05452709645032883,0.16200000047683716,0.2809000015258789
YGR054W,YDR177W,0,-0.05772647,0.0545087493956089,0.16200000047683716,0.2809999883174896
YDR192C,YOR232W,1,-0.057785567,0.0548267737030983,0.16300000250339508,0.2809999883174896
YAL009W,YLR340W,0,-0.057797533,0.05480833724141121,0.16300000250339508,0.28110000491142273
YPL267W,YKR009C,0,-0.057809096,0.054789915680885315,0.16300000250339508,0.28119999170303345
YGL028C,YBR273C,0,-0.05804691,0.054771505296230316,0.16300000250339508,0.28130000829696655
YDR244W,YHR197W,1,-0.058067244,0.055089015513658524,0.164000004529953,0.28130000829696655
YMR219W,YLR129W,0,-0.058101792,0.05507051572203636,0.164000004529953,0.28139999508857727
YNL326C,YDR045C,0,-0.058467608,0.055052030831575394,0.164000004529953,0.2815000116825104
YMR073C,YNR064C,0,-0.05859581,0.05503355711698532,0.164000004529953,0.2815999984741211
YML032C,YIL079C,0,-0.05859701,0.055015094578266144,0.164000004529953,0.2816999852657318
YKL148C,YER122C,0,-0.058628228,0.05499664694070816,0.164000004529953,0.2818000018596649
YDR247W,YDL143W,0,-0.058659967,0.05497821047902107,0.164000004529953,0.28189998865127563
YCL016C,YER108C,0,-0.058717404,0.05495978519320488,0.164000004529953,0.28200000524520874
YHR197W,YMR035W,1,-0.058718394,0.055276382714509964,0.16500000655651093,0.28200000524520874
YJR006W,YDL164C,0,-0.059012953,0.05525787174701691,0.16500000655651093,0.28209999203681946
YOR076C,YAL038W,0,-0.05904011,0.055239371955394745,0.16500000655651093,0.28220000863075256
YGL187C,YPL126W,0,-0.059333693,0.05522088333964348,0.16500000655651093,0.2822999954223633
YHR079C-B,YKL200C,0,-0.059417825,0.055202409625053406,0.16500000655651093,0.2824000120162964
YER095W,YKR027W,0,-0.059452336,0.05518394708633423,0.16500000655651093,0.2824999988079071
YJR126C,YNL059C,1,-0.059531596,0.055499833077192307,0.16599999368190765,0.2824999988079071
YJL010C,YOR240W,0,-0.05958907,0.055481284856796265,0.16599999368190765,0.2825999855995178
YBR135W,YCR005C,0,-0.059604038,0.05546274781227112,0.16599999368190765,0.2827000021934509
YML031W,YOL082W,1,-0.059675585,0.055778224021196365,0.16699999570846558,0.2827000021934509
YJL010C,YMR293C,0,-0.060021345,0.055759597569704056,0.16699999570846558,0.28279998898506165
YCR026C,YLR249W,0,-0.060032267,0.05574098974466324,0.16699999570846558,0.28290000557899475
YJL134W,YBR211C,0,-0.06005552,0.05572238937020302,0.16699999570846558,0.28299999237060547
YGR272C,YHR194W,0,-0.060117174,0.05570380389690399,0.16699999570846558,0.2831000089645386
YCL034W,YMR016C,0,-0.060162578,0.05568522959947586,0.16699999570846558,0.2831999957561493
YER095W,YGL033W,0,-0.060201038,0.055666666477918625,0.16699999570846558,0.2833000123500824
YDL043C,YCR102C,0,-0.060238358,0.05564811825752258,0.16699999570846558,0.2833999991416931
YKL170W,YNL080C,0,-0.06039017,0.055629581212997437,0.16699999570846558,0.28349998593330383
YLR075W,YGL194C,0,-0.060405564,0.055611055344343185,0.16699999570846558,0.28360000252723694
YOL158C,YGR002C,0,-0.060441177,0.05559254437685013,0.16699999570846558,0.28369998931884766
YPL137C,YOR056C,0,-0.06045187,0.055574044585227966,0.16699999570846558,0.28380000591278076
YNL262W,YKL179C,0,-0.060454722,0.0555555559694767,0.16699999570846558,0.2838999927043915
YDR284C,YMR301C,0,-0.060541157,0.05553707852959633,0.16699999570846558,0.2840000092983246
YDR191W,YGR145W,0,-0.060694914,0.05551861599087715,0.16699999570846558,0.2840999960899353
YER111C,YBR257W,0,-0.060848195,0.05550016462802887,0.16699999570846558,0.2842000126838684
YLR276C,YAL030W,0,-0.060862985,0.05548172816634178,0.16699999570846558,0.2842999994754791
YML029W,YEL029C,0,-0.06089749,0.05546330288052559,0.16699999570846558,0.28439998626708984
YHL025W,YJR013W,0,-0.06090511,0.05544488877058029,0.16699999570846558,0.28450000286102295
YML113W,YLR430W,0,-0.060935978,0.05542648583650589,0.16699999570846558,0.28459998965263367
YJL060W,YJL145W,0,-0.060968217,0.05540809407830238,0.16699999570846558,0.2847000062465668
YNL045W,YDR184C,0,-0.060977306,0.05538971722126007,0.16699999570846558,0.2847999930381775
YLR170C,YJR026W,0,-0.061114255,0.055371351540088654,0.16699999570846558,0.2849000096321106
YJL033W,YKL178C,0,-0.06112873,0.05535300076007843,0.16699999570846558,0.2849999964237213
YBL090W,YJL201W,0,-0.061251383,0.055334657430648804,0.16699999570846558,0.2851000130176544
YML093W,YLR141W,0,-0.06128597,0.05531632900238037,0.16699999570846558,0.28519999980926514
YJL010C,YOR156C,0,-0.061358508,0.055298011749982834,0.16699999570846558,0.28529998660087585
YPR183W,YOL158C,0,-0.061617013,0.05527970939874649,0.16699999570846558,0.28540000319480896
YPR183W,YJL170C,0,-0.061751913,0.055261414498090744,0.16699999570846558,0.2854999899864197
YNL045W,YLR383W,0,-0.061758082,0.05524313449859619,0.16699999570846558,0.2856000065803528
YPL275W,YPR033C,0,-0.061766315,0.05522486940026283,0.16699999570846558,0.2856999933719635
YDL007W,YDR122W,0,-0.061793428,0.05520661175251007,0.16699999570846558,0.2858000099658966
YKL042W,YGR262C,0,-0.061890107,0.0551883690059185,0.16699999570846558,0.2858999967575073
YKL144C,YPL097W,0,-0.06217925,0.05517013370990753,0.16699999570846558,0.28600001335144043
YBR172C,YPL153C,0,-0.062281277,0.05515191704034805,0.16699999570846558,0.28610000014305115
YFL002C,YKL203C,0,-0.06229238,0.05513370782136917,0.16699999570846558,0.28619998693466187
YDR135C,YLL016W,0,-0.062310364,0.055115509778261185,0.16699999570846558,0.28630000352859497
YML132W,YPL275W,0,-0.06236371,0.05509732663631439,0.16699999570846558,0.2863999903202057
YGR289C,YPL010W,0,-0.062385697,0.055079154670238495,0.16699999570846558,0.2865000069141388
YPL276W,YGR072W,0,-0.062484857,0.05506099388003349,0.16699999570846558,0.2865999937057495
YDL015C,YGR024C,0,-0.06248788,0.055042847990989685,0.16699999570846558,0.2867000102996826
YAL030W,YLR249W,0,-0.062494334,0.05502471327781677,0.16699999570846558,0.28679999709129333
YHR079C-B,YPL069C,0,-0.062601134,0.05500658601522446,0.16699999570846558,0.28690001368522644
YFR052W,YAL068C,0,-0.06272563,0.054988473653793335,0.16699999570846558,0.28700000047683716
YEL053C,YDR453C,0,-0.06278129,0.05497037619352341,0.16699999570846558,0.2870999872684479
YDR325W,YKL016C,0,-0.06298557,0.054952286183834076,0.16699999570846558,0.287200003862381
YLR005W,YIL038C,0,-0.06321643,0.05493421107530594,0.16699999570846558,0.2872999906539917
YJL173C,YAL068C,0,-0.06322625,0.0549161471426487,0.16699999570846558,0.2874000072479248
YOR188W,YER015W,0,-0.06323154,0.05489809438586235,0.16699999570846558,0.2874999940395355
YLR114C,YDR122W,0,-0.06327568,0.0548800528049469,0.16699999570846558,0.28760001063346863
YKL200C,YDL150W,0,-0.06345078,0.054862022399902344,0.16699999570846558,0.28769999742507935
YLR206W,YBL057C,0,-0.0634878,0.05484400689601898,0.16699999570846558,0.28780001401901245
YFL004W,YGR258C,0,-0.063549906,0.054826002568006516,0.16699999570846558,0.28790000081062317
YPL041C,YPL097W,0,-0.06355251,0.054808009415864944,0.16699999570846558,0.2879999876022339
YPR138C,YDR324C,0,-0.063590184,0.05479002743959427,0.16699999570846558,0.288100004196167
YMR033W,YJL106W,0,-0.06373161,0.05477205663919449,0.16699999570846558,0.2881999909877777
YBL074C,YHR082C,0,-0.06386164,0.054754097014665604,0.16699999570846558,0.2883000075817108
YMR156C,YLR249W,0,-0.06391455,0.05473615229129791,0.16699999570846558,0.28839999437332153
YKL144C,YER166W,0,-0.064040035,0.05471821874380112,0.16699999570846558,0.28850001096725464
YCR066W,YGR092W,0,-0.06404668,0.05470029637217522,0.16699999570846558,0.28859999775886536
YER025W,YDL160C,0,-0.06408268,0.05468238517642021,0.16699999570846558,0.28870001435279846
YPL160W,YKL192C,0,-0.064149916,0.0546644851565361,0.16699999570846558,0.2888000011444092
YLL024C,YNL059C,1,-0.06421365,0.054973822087049484,0.1679999977350235,0.2888000011444092
YBR136W,YCR020C,0,-0.06423095,0.05495584011077881,0.1679999977350235,0.2888999879360199
YDR311W,YFL011W-A,0,-0.064278424,0.05493786931037903,0.1679999977350235,0.289000004529953
YOR008C,YDR255C,0,-0.064337984,0.05491990968585014,0.1679999977350235,0.2890999913215637
YGL194C,YDR177W,0,-0.06434758,0.054901961237192154,0.1679999977350235,0.2892000079154968
YJL104W,YLL024C,1,-0.06435099,0.055210717022418976,0.16899999976158142,0.2892000079154968
YBR288C,YNL015W,0,-0.064545736,0.05519268289208412,0.16899999976158142,0.28929999470710754
YML113W,YDR170W-A,0,-0.06469943,0.05517466366291046,0.16899999976158142,0.28940001130104065
YGR279C,YIL079C,0,-0.0647521,0.055156659334897995,0.16899999976158142,0.28949999809265137
YMR260C,YJL074C,0,-0.06481995,0.055138662457466125,0.16899999976158142,0.2896000146865845
YNR035C,YKL203C,0,-0.064869836,0.05512067675590515,0.16899999976158142,0.2897000014781952
YER082C,YDR151C,0,-0.06487304,0.05510270595550537,0.16899999976158142,0.2897999882698059
YLR394W,YAL011W,0,-0.0649955,0.055084746330976486,0.16899999976158142,0.289900004863739
YOL068C,YHR068W,0,-0.06515789,0.0550667978823185,0.16899999976158142,0.28999999165534973
YKL144C,YCL062W,0,-0.065295875,0.0550488606095314,0.16899999976158142,0.29010000824928284
YMR150C,YGL016W,1,-0.06531149,0.05535656213760376,0.17000000178813934,0.29010000824928284
YGR289C,YMR080C,0,-0.06544632,0.0553385429084301,0.17000000178813934,0.29019999504089355
YHR034C,YJL053W,0,-0.065450385,0.055320534855127335,0.17000000178813934,0.29030001163482666
YKL014C,YPL010W,0,-0.065458134,0.055302537977695465,0.17000000178813934,0.2903999984264374
YCL069W,YDL235C,0,-0.065539226,0.05528455227613449,0.17000000178813934,0.2904999852180481
YNR011C,YGR289C,0,-0.065563396,0.05526658147573471,0.17000000178813934,0.2906000018119812
YGR289C,YGR286C,0,-0.065597564,0.05524861812591553,0.17000000178813934,0.2906999886035919
YBL074C,YKR063C,0,-0.06562182,0.05523066967725754,0.17000000178813934,0.290800005197525
YKL200C,YDR297W,0,-0.0656389,0.055212732404470444,0.17000000178813934,0.29089999198913574
YKL014C,YPR065W,0,-0.06576049,0.055194806307554245,0.17000000178813934,0.29100000858306885
YCL005W-A,YGR014W,0,-0.06578711,0.05517689138650894,0.17000000178813934,0.29109999537467957
YBR006W,YFL025C,0,-0.0658216,0.055158987641334534,0.17000000178813934,0.29120001196861267
YBR217W,YHR083W,1,-0.06585553,0.0554654560983181,0.17100000381469727,0.29120001196861267
YDR153C,YMR308C,1,-0.06596826,0.05577172338962555,0.1720000058412552,0.29120001196861267
YOL042W,YNL015W,0,-0.06617968,0.05575364828109741,0.1720000058412552,0.2912999987602234
YIL002C,YER108C,0,-0.06619474,0.05573558062314987,0.1720000058412552,0.2913999855518341
YNL153C,YLR107W,0,-0.06626107,0.05571752414107323,0.1720000058412552,0.2915000021457672
YOL067C,YDR255C,0,-0.0663397,0.055699482560157776,0.1720000058412552,0.29159998893737793
YDL045C,YHR053C,0,-0.06636195,0.05568145215511322,0.1720000058412552,0.29170000553131104
YLR081W,YBR030W,0,-0.066401735,0.05566342920064926,0.1720000058412552,0.29179999232292175
YDR052C,YNL312W,0,-0.06650978,0.0556454211473465,0.1720000058412552,0.29190000891685486
YJL173C,YGL181W,0,-0.06651628,0.05562742426991463,0.1720000058412552,0.2919999957084656
YJL012C-A,YKL064W,0,-0.06652503,0.05560944229364395,0.1720000058412552,0.2921000123023987
YOL088C,YPL232W,0,-0.06667642,0.05559146776795387,0.1720000058412552,0.2921999990940094
YJL012C-A,YFL013C,0,-0.06670509,0.05557350441813469,0.1720000058412552,0.2922999858856201
YOR020C,YMR156C,0,-0.06688972,0.0555555559694767,0.1720000058412552,0.2924000024795532
YLL017W,YMR075W,0,-0.06690064,0.055537618696689606,0.1720000058412552,0.29249998927116394
YBR057C,YNR030W,0,-0.06694426,0.05551968887448311,0.1720000058412552,0.29260000586509705
YGR145W,YDR123C,0,-0.06694712,0.055501773953437805,0.1720000058412552,0.29269999265670776
YPR138C,YOR025W,0,-0.067002535,0.0554838702082634,0.1720000058412552,0.29280000925064087
YGL075C,YFL004W,0,-0.06701027,0.055465977638959885,0.1720000058412552,0.2928999960422516
YGL006W,YML109W,0,-0.067020625,0.05544809624552727,0.1720000058412552,0.2930000126361847
YOL147C,YML107C,0,-0.06708914,0.055430229753255844,0.1720000058412552,0.2930999994277954
YML052W,YLR068W,0,-0.06712292,0.05541237071156502,0.1720000058412552,0.29319998621940613
YOR335C,YGL227W,0,-0.06724279,0.055394526571035385,0.1720000058412552,0.29330000281333923
YNL225C,YMR268C,0,-0.067352414,0.05537668988108635,0.1720000058412552,0.29339998960494995
YOR240W,YIL036W,0,-0.06738119,0.05535886809229851,0.1720000058412552,0.29350000619888306
YBL082C,YBR136W,0,-0.06739691,0.05534105375409126,0.1720000058412552,0.2935999929904938
YBR217W,YKR065C,1,-0.06740649,0.05564490333199501,0.17299999296665192,0.2935999929904938
YLL043W,YHR194W,0,-0.06767118,0.0556270107626915,0.17299999296665192,0.2937000095844269
YGR029W,YMR026C,1,-0.067724064,0.055930569767951965,0.17399999499320984,0.2937000095844269
YKR028W,YPL110C,0,-0.067799434,0.05591259524226189,0.17399999499320984,0.2937999963760376
YAL021C,YLL026W,0,-0.067841515,0.055894635617733,0.17399999499320984,0.2939000129699707
YDL028C,YBR085W,0,-0.06797853,0.05587668716907501,0.17399999499320984,0.2939999997615814
YJL012C-A,YLR051C,0,-0.06813361,0.05585874617099762,0.17399999499320984,0.29409998655319214
YCR020C,YIL154C,0,-0.0681503,0.05584082007408142,0.17399999499320984,0.29420000314712524
YGR211W,YHR068W,0,-0.06824267,0.05582290515303612,0.17399999499320984,0.29429998993873596
YDR255C,YDR191W,0,-0.06824374,0.05580500140786171,0.17399999499320984,0.29440000653266907
YHR015W,YNL294C,0,-0.068318784,0.055787112563848495,0.17399999499320984,0.2944999933242798
YOR113W,YDR308C,0,-0.06831923,0.05576923117041588,0.17399999499320984,0.2946000099182129
YNL177C,YIR012W,0,-0.06832151,0.055751360952854156,0.17399999499320984,0.2946999967098236
YKL088W,YKR027W,0,-0.06835739,0.05573350563645363,0.17399999499320984,0.2948000133037567
YER087C-A,YKR065C,1,-0.068483025,0.05603586137294769,0.17499999701976776,0.2948000133037567
YJL033W,YDR545W,0,-0.06867659,0.0560179241001606,0.17499999701976776,0.29490000009536743
YLR361C,YNL090W,0,-0.06867835,0.0560000017285347,0.17499999701976776,0.29499998688697815
YDR184C,YGL206C,0,-0.068690434,0.055982086807489395,0.17499999701976776,0.29510000348091125
YFR029W,YBR135W,0,-0.06872623,0.05596418306231499,0.17499999701976776,0.295199990272522
YCL016C,YJL033W,0,-0.06878656,0.055946290493011475,0.17499999701976776,0.2953000068664551
YDL028C,YER171W,0,-0.06882949,0.055928412824869156,0.17499999701976776,0.2953999936580658
YBL079W,YHR083W,1,-0.06896961,0.056230030953884125,0.17599999904632568,0.2953999936580658
YMR083W,YGR072W,0,-0.06910694,0.05621207132935524,0.17599999904632568,0.2955000102519989
YOR020C,YPL283C,0,-0.06912407,0.05619412660598755,0.17599999904632568,0.2955999970436096
YML075C,YKL070W,0,-0.06919329,0.056176189333200455,0.17599999904632568,0.2957000136375427
YHR079C-B,YJL052W,0,-0.06927234,0.056158263236284256,0.17599999904632568,0.29580000042915344
YBR257W,YLR350W,0,-0.06934826,0.05614035204052925,0.17599999904632568,0.29589998722076416
YKL200C,YNL062C,0,-0.06940368,0.05612244829535484,0.17599999904632568,0.29600000381469727
YLR135W,YMR309C,0,-0.06945698,0.05610455945134163,0.17599999904632568,0.296099990606308
YGR272C,YGL219C,0,-0.06953536,0.05608667805790901,0.17599999904632568,0.2962000072002411
YGR217W,YDR453C,0,-0.06957987,0.05606881156563759,0.17599999904632568,0.2962999939918518
YDL013W,YER127W,0,-0.06961268,0.05605095624923706,0.17599999904632568,0.2964000105857849
YKL088W,YDR309C,0,-0.06961574,0.05603311210870743,0.17599999904632568,0.29649999737739563
YIL031W,YDR308C,0,-0.069648236,0.05601527541875839,0.17599999904632568,0.29660001397132874
YMR301C,YGR097W,0,-0.06968008,0.05599745362997055,0.17599999904632568,0.29670000076293945
YIL149C,YNR007C,1,-0.06983957,0.05629770830273628,0.1770000010728836,0.29670000076293945
YHR190W,YPL126W,0,-0.06986655,0.05627980828285217,0.1770000010728836,0.29679998755455017
YOR187W,YHR085W,0,-0.06991498,0.05626191943883896,0.1770000010728836,0.2969000041484833
YML124C,YER061C,0,-0.07004261,0.05624404177069664,0.1770000010728836,0.296999990940094
YMR026C,YNR007C,1,-0.0702865,0.05654383823275566,0.17800000309944153,0.296999990940094
YLL016W,YML011C,0,-0.07049817,0.056525882333517075,0.17800000309944153,0.2971000075340271
YIL121W,YFL025C,0,-0.070601955,0.056507937610149384,0.17800000309944153,0.2971999943256378
YNL197C,YIL076W,0,-0.07063083,0.05649000406265259,0.17800000309944153,0.2973000109195709
YDR191W,YBL035C,0,-0.07068959,0.05647208169102669,0.17800000309944153,0.29739999771118164
YPR132W,YER062C,0,-0.07071215,0.05645417049527168,0.17800000309944153,0.29750001430511475
YJL134W,YJR026W,0,-0.070950836,0.05643627047538757,0.17800000309944153,0.29760000109672546
YGR118W,YGR024C,0,-0.070954815,0.05641838535666466,0.17800000309944153,0.2976999878883362
YDR439W,YHR008C,0,-0.07100995,0.05640050768852234,0.17800000309944153,0.2978000044822693
YKR065C,YHL028W,1,-0.071099326,0.056699398905038834,0.17900000512599945,0.2978000044822693
YKR067W,YJL145W,0,-0.071306646,0.05668144300580025,0.17900000512599945,0.29789999127388
YLR376C,YPL276W,0,-0.071359575,0.056663502007722855,0.17900000512599945,0.2980000078678131
YDL028C,YOR095C,0,-0.07148561,0.05664556846022606,0.17900000512599945,0.29809999465942383
YDR353W,YMR096W,0,-0.07148975,0.05662764981389046,0.17900000512599945,0.29820001125335693
YJR121W,YAL011W,0,-0.071510166,0.05660974234342575,0.17900000512599945,0.29829999804496765
YHR084W,YIL154C,0,-0.07159583,0.05659184232354164,0.17900000512599945,0.29840001463890076
YHR163W,YDR087C,0,-0.07165696,0.056573957204818726,0.17900000512599945,0.2985000014305115
YDR341C,YBL090W,0,-0.07167335,0.056556083261966705,0.17900000512599945,0.2985999882221222
YER025W,YFL058W,0,-0.07178371,0.05653821676969528,0.17900000512599945,0.2987000048160553
YGL032C,YOR020C,0,-0.071909025,0.05652036517858505,0.17900000512599945,0.298799991607666
YKR061W,YER174C,0,-0.071949035,0.05650252476334572,0.17900000512599945,0.2989000082015991
YIL149C,YMR035W,1,-0.07213198,0.05680025368928909,0.18000000715255737,0.2989000082015991
YDL155W,YGR238C,0,-0.07223268,0.05678233504295349,0.18000000715255737,0.29899999499320984
YGR262C,YGL166W,0,-0.072316766,0.056764427572488785,0.18000000715255737,0.29910001158714294
YMR050C,YDR140W,0,-0.0723339,0.056746531277894974,0.18000000715255737,0.29919999837875366
YOR188W,YAR007C,0,-0.07247798,0.05672864615917206,0.18000000715255737,0.2992999851703644
YIR015W,YIL034C,0,-0.07252699,0.056710775941610336,0.18000000715255737,0.2994000017642975
YJL013C,YNR064C,0,-0.07255261,0.05669291317462921,0.18000000715255737,0.2994999885559082
YHR084W,YJR026W,0,-0.07259965,0.05667506158351898,0.18000000715255737,0.2996000051498413
YLR135W,YLR035C-A,0,-0.07280195,0.056657224893569946,0.18000000715255737,0.299699991941452
YNL326C,YPR051W,0,-0.072872356,0.05663939565420151,0.18000000715255737,0.29980000853538513
YKL014C,YCR082W,0,-0.07287526,0.056621577590703964,0.18000000715255737,0.29989999532699585
YCR005C,YNL239W,0,-0.0728866,0.056603774428367615,0.18000000715255737,0.30000001192092896
YLR410W,YMR183C,0,-0.07298158,0.05658597871661186,0.18000000715255737,0.3000999987125397
YHR082C,YFR048W,0,-0.073044255,0.0565681979060173,0.18000000715255737,0.3001999855041504
YBR002C,YMR096W,0,-0.073157266,0.05655042454600334,0.18000000715255737,0.3003000020980835
YGR054W,YJL013C,0,-0.07322879,0.056532662361860275,0.18000000715255737,0.3003999888896942
YPL041C,YNL066W,0,-0.07339817,0.0565149150788784,0.18000000715255737,0.3005000054836273
YML021C,YIL036W,0,-0.07342678,0.05649717524647713,0.18000000715255737,0.30059999227523804
YLR316C,YMR016C,0,-0.0736828,0.05647944658994675,0.18000000715255737,0.30070000886917114
YLL017W,YHR118C,0,-0.07371499,0.05646173283457756,0.18000000715255737,0.30079999566078186
YNL318C,YFL013C,0,-0.07373783,0.05644402652978897,0.18000000715255737,0.30090001225471497
YER018C,YDR418W,0,-0.073749766,0.05642633140087128,0.18000000715255737,0.3009999990463257
YNL015W,YER174C,0,-0.07379407,0.05640865117311478,0.18000000715255737,0.3010999858379364
YCR067C,YGR072W,0,-0.07391165,0.05639097839593887,0.18000000715255737,0.3012000024318695
YMR293C,YKR089C,0,-0.0741362,0.056373316794633865,0.18000000715255737,0.3012999892234802
YMR172W,YDR345C,0,-0.07451399,0.05635566636919975,0.18000000715255737,0.30140000581741333
YKR065C,YBR171W,1,-0.07460712,0.05665101855993271,0.1809999942779541,0.30140000581741333
YIR008C,YGR186W,0,-0.074710965,0.05663328990340233,0.1809999942779541,0.30149999260902405
YJL134W,YLR115W,0,-0.074765325,0.05661557614803314,0.1809999942779541,0.30160000920295715
YPL276W,YLR117C,0,-0.07477808,0.05659787356853485,0.1809999942779541,0.30169999599456787
YBR228W,YMR260C,0,-0.07483284,0.056580182164907455,0.1809999942779541,0.301800012588501
YMR198W,YEL029C,0,-0.07489404,0.05656249821186066,0.1809999942779541,0.3018999993801117
YDR153C,YHR005C-A,1,-0.07493897,0.05685723200440407,0.18199999630451202,0.3018999993801117
YDR135C,YNL209W,0,-0.07495828,0.0568394735455513,0.18199999630451202,0.3019999861717224
YNL039W,YOR207C,0,-0.07519393,0.056821729987859726,0.18199999630451202,0.3021000027656555
YBL079W,YLR431C,1,-0.07522689,0.057116106152534485,0.18299999833106995,0.3021000027656555
YHL025W,YKL166C,0,-0.07525225,0.05709828436374664,0.18299999833106995,0.30219998955726624
YMR250W,YEL071W,0,-0.07525802,0.0570804737508297,0.18299999833106995,0.30230000615119934
YJL033W,YPR074C,0,-0.07532206,0.057062674313783646,0.18299999833106995,0.30239999294281006
YBR210W,YER119C,0,-0.0753822,0.05704488605260849,0.18299999833106995,0.30250000953674316
YDL002C,YJR153W,0,-0.07547015,0.05702711269259453,0.18299999833106995,0.3025999963283539
YPL161C,YHR163W,0,-0.07547267,0.05700934678316116,0.18299999833106995,0.302700012922287
YER166W,YHR070W,0,-0.07550223,0.056991592049598694,0.18299999833106995,0.3027999997138977
YGL187C,YGR024C,0,-0.0755095,0.05697384849190712,0.18299999833106995,0.3028999865055084
YJL060W,YMR096W,0,-0.075652465,0.05695611611008644,0.18299999833106995,0.30300000309944153
YLR081W,YML132W,0,-0.075789616,0.05693839490413666,0.18299999833106995,0.30309998989105225
YER044C-A,YBL051C,0,-0.07579701,0.05692068487405777,0.18299999833106995,0.30320000648498535
YNR035C,YMR073C,0,-0.07583319,0.05690298601984978,0.18299999833106995,0.30329999327659607
YLR447C,YPL153C,0,-0.07589537,0.05688529834151268,0.18299999833106995,0.3034000098705292
YDL079C,YKL108W,0,-0.07606414,0.05686761811375618,0.18299999833106995,0.3034999966621399
YNL318C,YMR056C,0,-0.07614148,0.05684995278716087,0.18299999833106995,0.303600013256073
YIL066C,YFL011W-A,0,-0.076218635,0.05683229863643646,0.18299999833106995,0.3037000000476837
YCR066W,YDL150W,0,-0.07621898,0.05681465566158295,0.18299999833106995,0.30379998683929443
YGR272C,YML011C,0,-0.076332346,0.05679702013731003,0.18299999833106995,0.30390000343322754
YGR118W,YDR545W,0,-0.07637499,0.0567793995141983,0.18299999833106995,0.30399999022483826
YPL181W,YNL225C,0,-0.07637714,0.056761786341667175,0.18299999833106995,0.30410000681877136
YFR004W,YIR019C,0,-0.07644425,0.05674418434500694,0.18299999833106995,0.3041999936103821
YOR156C,YER126C,0,-0.07651143,0.056726597249507904,0.18299999833106995,0.3043000102043152
YJL173C,YKL070W,0,-0.07655381,0.05670901760458946,0.18299999833106995,0.3043999969959259
YOR132W,YNL251C,0,-0.076733604,0.056691449135541916,0.18299999833106995,0.304500013589859
YNL094W,YHR055C,0,-0.07678929,0.056673891842365265,0.18299999833106995,0.3046000003814697
YCR082W,YLR144C,0,-0.07689999,0.05665634572505951,0.18299999833106995,0.30469998717308044
YIR015W,YDR151C,0,-0.07691355,0.05663881078362465,0.18299999833106995,0.30480000376701355
YKL042W,YIL049W,0,-0.076955944,0.056621287018060684,0.18299999833106995,0.30489999055862427
YPR029C,YHR163W,0,-0.07696158,0.056603774428367615,0.18299999833106995,0.3050000071525574
YKL014C,YLR098C,0,-0.07715383,0.05658626928925514,0.18299999833106995,0.3050999939441681
YBR136W,YBR077C,0,-0.0772323,0.056568779051303864,0.18299999833106995,0.3052000105381012
YHR055C,YER008C,0,-0.077273056,0.05655129626393318,0.18299999833106995,0.3052999973297119
YPL161C,YHR020W,0,-0.0772751,0.056533828377723694,0.18299999833106995,0.305400013923645
YML057W,YJR026W,0,-0.07735708,0.0565163679420948,0.18299999833106995,0.30550000071525574
YKR057W,YOL091W,0,-0.077392176,0.05649891868233681,0.18299999833106995,0.30559998750686646
YAL024C,YNL267W,0,-0.07739942,0.05648148059844971,0.18299999833106995,0.30570000410079956
YIL037C,YLR340W,0,-0.07740101,0.0564640536904335,0.18299999833106995,0.3057999908924103
YDL013W,YDR440W,0,-0.07747832,0.05644663795828819,0.18299999833106995,0.3059000074863434
YIR008C,YNL021W,0,-0.07748707,0.05642923340201378,0.18299999833106995,0.3059999942779541
YBL082C,YDL058W,0,-0.077519745,0.05641183629631996,0.18299999833106995,0.3061000108718872
YDR448W,YAL034W-A,0,-0.07755385,0.05639445409178734,0.18299999833106995,0.3061999976634979
YER109C,YMR096W,0,-0.077596486,0.05637707933783531,0.18299999833106995,0.30630001425743103
YBR038W,YMR246W,0,-0.07764284,0.05635971575975418,0.18299999833106995,0.30640000104904175
YHR098C,YML032C,0,-0.07765615,0.056342363357543945,0.18299999833106995,0.30649998784065247
YER049W,YIL002C,0,-0.07769516,0.056325022131204605,0.18299999833106995,0.30660000443458557
YDL100C,YIL037C,0,-0.077877045,0.05630769208073616,0.18299999833106995,0.3066999912261963
YGR227W,YLR249W,0,-0.07789181,0.05629037320613861,0.18299999833106995,0.3068000078201294
YOR249C,YLL017W,0,-0.07806048,0.05627306178212166,0.18299999833106995,0.3068999946117401
YER111C,YHL024W,0,-0.07811399,0.0562557652592659,0.18299999833106995,0.3070000112056732
YBR058C,YPL040C,0,-0.078227535,0.05623847618699074,0.18299999833106995,0.30709999799728394
YHR008C,YMR075W,0,-0.07829586,0.05622119829058647,0.18299999833106995,0.30720001459121704
YGR156W,YOR056C,0,-0.07831435,0.0562039315700531,0.18299999833106995,0.30730000138282776
YML058W,YOR346W,0,-0.07843435,0.056186676025390625,0.18299999833106995,0.3073999881744385
YIL036W,YLR249W,0,-0.07849856,0.056169427931308746,0.18299999833106995,0.3075000047683716
YJR121W,YMR301C,0,-0.07855734,0.05615219473838806,0.18299999833106995,0.3075999915599823
YBR288C,YBR179C,0,-0.07865365,0.056134968996047974,0.18299999833106995,0.3077000081539154
YMR182C,YCR102C,0,-0.078662336,0.05611775442957878,0.18299999833106995,0.3077999949455261
YHR150W,YGR097W,0,-0.07869916,0.056100551038980484,0.18299999833106995,0.30790001153945923
YJL108C,YLR129W,0,-0.07873766,0.05608335882425308,0.18299999833106995,0.30799999833106995
YOL011W,YDR453C,0,-0.078752264,0.056066177785396576,0.18299999833106995,0.30809998512268066
YIR012W,YNL015W,0,-0.07880077,0.056049004197120667,0.18299999833106995,0.30820000171661377
YJR083C,YPL047W,0,-0.078899845,0.05603184178471565,0.18299999833106995,0.3082999885082245
YLR176C,YOR338W,0,-0.07894181,0.056014690548181534,0.18299999833106995,0.3084000051021576
YOL124C,YCR028C-A,0,-0.07902405,0.05599755048751831,0.18299999833106995,0.3084999918937683
YOR346W,YDR341C,0,-0.07910551,0.05598042160272598,0.18299999833106995,0.3086000084877014
YPL276W,YDR072C,0,-0.07917105,0.05596330389380455,0.18299999833106995,0.30869999527931213
YOR249C,YMR219W,0,-0.07917707,0.055946193635463715,0.18299999833106995,0.30880001187324524
YOR081C,YBR118W,0,-0.07919848,0.055929094552993774,0.18299999833106995,0.30889999866485596
YAR007C,YKL173W,0,-0.07920866,0.05591200664639473,0.18299999833106995,0.3089999854564667
YOR188W,YMR156C,0,-0.0792757,0.05589492991566658,0.18299999833106995,0.3091000020503998
YHR152W,YCR028C-A,0,-0.079289794,0.055877864360809326,0.18299999833106995,0.3091999888420105
YDR192C,YPR139C,1,-0.07937537,0.05616605654358864,0.18400000035762787,0.3091999888420105
YHR083W,YLR008C,1,-0.07938519,0.05645407363772392,0.1850000023841858,0.3091999888420105
YLR201C,YHR055C,0,-0.07942222,0.05643685162067413,0.1850000023841858,0.3093000054359436
YLR410W,YPL283C,0,-0.079457715,0.05641964077949524,0.1850000023841858,0.3093999922275543
YKR028W,YBR265W,0,-0.07951178,0.05640243738889694,0.1850000023841858,0.3095000088214874
YPL275W,YOR372C,0,-0.07955381,0.05638524889945984,0.1850000023841858,0.30959999561309814
YFR029W,YGL049C,0,-0.07955831,0.05636806786060333,0.1850000023841858,0.30970001220703125
YLR313C,YBR179C,0,-0.079610035,0.05635089799761772,0.1850000023841858,0.30979999899864197
YKR099W,YNL021W,0,-0.07963885,0.056333739310503006,0.1850000023841858,0.3098999857902527
YBR020W,YGL233W,0,-0.07964946,0.056316591799259186,0.1850000023841858,0.3100000023841858
YKL194C,YBR082C,0,-0.07977305,0.05629945173859596,0.1850000023841858,0.3100999891757965
YER173W,YMR296C,0,-0.079784736,0.056282322853803635,0.1850000023841858,0.3102000057697296
YEL026W,YGL001C,0,-0.07982129,0.0562652051448822,0.1850000023841858,0.31029999256134033
YLR298C,YLR129W,0,-0.07984364,0.056248098611831665,0.1850000023841858,0.31040000915527344
YGL078C,YGL227W,0,-0.07988532,0.05623100325465202,0.1850000023841858,0.31049999594688416
YBR228W,YNR044W,0,-0.080083326,0.05621391534805298,0.1850000023841858,0.31060001254081726
YNR035C,YMR036C,0,-0.08045934,0.05619684234261513,0.1850000023841858,0.310699999332428
YDL126C,YLR051C,0,-0.08068885,0.056179776787757874,0.1850000023841858,0.3107999861240387
YPL276W,YHR030C,0,-0.0807748,0.056162718683481216,0.1850000023841858,0.3109000027179718
YDL028C,YIL080W,0,-0.08089048,0.05614567548036575,0.1850000023841858,0.3109999895095825
YLR135W,YDL052C,0,-0.08092056,0.05612863972783089,0.1850000023841858,0.3111000061035156
YOR245C,YJL138C,0,-0.08102235,0.056111615151166916,0.1850000023841858,0.31119999289512634
YJL106W,YDR140W,0,-0.08114284,0.05609460175037384,0.1850000023841858,0.31130000948905945
YDR093W,YDL130W-A,0,-0.08118603,0.05607759952545166,0.1850000023841858,0.31139999628067017
YHR190W,YKL101W,0,-0.081282854,0.05606060475111008,0.1850000023841858,0.31150001287460327
YDR325W,YPR200C,0,-0.08130562,0.05604362487792969,0.1850000023841858,0.311599999666214
YLL016W,YJL108C,0,-0.081352904,0.0560266487300396,0.1850000023841858,0.3116999864578247
YML032C,YPL275W,0,-0.08145736,0.0560096874833107,0.1850000023841858,0.3118000030517578
YLR340W,YPL240C,0,-0.081507444,0.0559927374124527,0.1850000023841858,0.31189998984336853
YDR123C,YBL100W-B,0,-0.08165839,0.05597579479217529,0.1850000023841858,0.31200000643730164
YDR436W,YLR035C-A,0,-0.081668034,0.055958863347768784,0.1850000023841858,0.31209999322891235
YDL043C,YMR156C,0,-0.08169147,0.05594194307923317,0.1850000023841858,0.31220000982284546
YCR066W,YPL276W,0,-0.08178134,0.05592503026127815,0.1850000023841858,0.3122999966144562
YDR148C,YOR239W,0,-0.0817859,0.05590812861919403,0.1850000023841858,0.3124000132083893
YDL145C,YNL267W,0,-0.08189286,0.055891238152980804,0.1850000023841858,0.3125
YDR093W,YJL072C,0,-0.081967935,0.055874358862638474,0.1850000023841858,0.3125999867916107
YLR431C,YHR005C-A,1,-0.081984475,0.05615942180156708,0.1860000044107437,0.3125999867916107
YKL081W,YER061C,0,-0.08200365,0.05614246800541878,0.1860000044107437,0.3127000033855438
YMR150C,YBL078C,1,-0.082129866,0.056427277624607086,0.18700000643730164,0.3127000033855438
YDL155W,YDR457W,0,-0.082130596,0.056410256773233414,0.18700000643730164,0.31279999017715454
YLL056C,YKL101W,0,-0.082148224,0.05639324337244034,0.18700000643730164,0.31290000677108765
YHL025W,YLR115W,0,-0.08214864,0.056376244872808456,0.18700000643730164,0.31299999356269836
YCR026C,YPL276W,0,-0.08225198,0.05635925382375717,0.18700000643730164,0.31310001015663147
YOR081C,YFR027W,0,-0.08240141,0.056342270225286484,0.18700000643730164,0.3131999969482422
YGR147C,YIL154C,0,-0.08254203,0.05632530152797699,0.18700000643730164,0.3133000135421753
YPL123C,YKR095W-A,0,-0.0825478,0.05630834028124809,0.18700000643730164,0.313400000333786
YBR256C,YKR027W,0,-0.082561135,0.05629139021039009,0.18700000643730164,0.31349998712539673
YPL123C,YGR272C,0,-0.08256827,0.056274451315402985,0.18700000643730164,0.31360000371932983
YDL052C,YKR063C,0,-0.082612485,0.056257519870996475,0.18700000643730164,0.31369999051094055
YMR293C,YOL164W,0,-0.08261341,0.05624060332775116,0.18700000643730164,0.31380000710487366
YLR316C,YGR258C,0,-0.08263539,0.05622369050979614,0.18700000643730164,0.3138999938964844
YGL075C,YGR078C,0,-0.08281261,0.05620679259300232,0.18700000643730164,0.3140000104904175
YMR083W,YKL144C,0,-0.08289562,0.05618990212678909,0.18700000643730164,0.3140999972820282
YJL087C,YGR289C,0,-0.08329947,0.05617302656173706,0.18700000643730164,0.3142000138759613
YLR319C,YGL006W,0,-0.08334459,0.05615615472197533,0.18700000643730164,0.314300000667572
YGR145W,YKR095W-A,0,-0.083449945,0.056139297783374786,0.18700000643730164,0.31439998745918274
YDR231C,YJL012C-A,0,-0.083557725,0.05612244829535484,0.18700000643730164,0.31450000405311584
YHR143W-A,YGR258C,0,-0.08356142,0.056105609983205795,0.18700000643730164,0.31459999084472656
YBR136W,YBR006W,0,-0.08363742,0.05608878284692764,0.18700000643730164,0.31470000743865967
YML060W,YOL126C,0,-0.08375864,0.05607196316123009,0.18700000643730164,0.3147999942302704
YGL025C,YOL146W,0,-0.083863825,0.05605515465140343,0.18700000643730164,0.3149000108242035
YFL002C,YLR035C-A,0,-0.08396703,0.05603835731744766,0.18700000643730164,0.3149999976158142
YOR182C,YAR033W,0,-0.08399688,0.05602157115936279,0.18700000643730164,0.3151000142097473
YLR431C,YLR193C,1,-0.08411956,0.05630428344011307,0.18799999356269836,0.3151000142097473
YOR095C,YKR095W-A,0,-0.084318966,0.05628742650151253,0.18799999356269836,0.31520000100135803
YNL259C,YNL045W,0,-0.084394604,0.056270577013492584,0.18799999356269836,0.31529998779296875
YPL161C,YLR023C,0,-0.08443816,0.056253738701343536,0.18799999356269836,0.31540000438690186
YDR091C,YCL038C,1,-0.0845173,0.05653604492545128,0.1889999955892563,0.31540000438690186
YPL175W,YBR185C,0,-0.08454238,0.05651913955807686,0.1889999955892563,0.3154999911785126
YOL042W,YPR074C,0,-0.08454594,0.056502241641283035,0.1889999955892563,0.3156000077724457
YAL002W,YGR279C,0,-0.08454746,0.05648535490036011,0.1889999955892563,0.3156999945640564
YMR156C,YHR023W,0,-0.08456434,0.056468479335308075,0.1889999955892563,0.3158000111579895
YPL051W,YHR075C,0,-0.084586635,0.05645161122083664,0.1889999955892563,0.3158999979496002
YDL126C,YGR014W,0,-0.08470994,0.0564347580075264,0.1889999955892563,0.3160000145435333
YOL128C,YOL126C,0,-0.084723175,0.05641791224479675,0.1889999955892563,0.31610000133514404
YPR051W,YPL053C,0,-0.08475676,0.056401073932647705,0.1889999955892563,0.31619998812675476
YBR182C,YML099C,0,-0.08480832,0.05638424679636955,0.1889999955892563,0.31630000472068787
YDL043C,YOR245C,0,-0.08481179,0.056367430835962296,0.1889999955892563,0.3163999915122986
YKL014C,YDR309C,0,-0.084988415,0.056350626051425934,0.1889999955892563,0.3165000081062317
YAL021C,YKR060W,0,-0.08502875,0.05633382871747017,0.1889999955892563,0.3165999948978424
YDL031W,YGR075C,0,-0.085067675,0.0563170425593853,0.1889999955892563,0.3167000114917755
YDL081C,YGR147C,0,-0.08506946,0.056300267577171326,0.1889999955892563,0.31679999828338623
YOR020C,YDR418W,0,-0.08511154,0.05628350377082825,0.1889999955892563,0.31690001487731934
YNR064C,YOL126C,0,-0.08514553,0.056266747415065765,0.1889999955892563,0.31700000166893005
YPR201W,YDR479C,0,-0.08515592,0.05624999850988388,0.1889999955892563,0.31709998846054077
YGL006W,YNR011C,0,-0.08516373,0.05623326450586319,0.1889999955892563,0.3172000050544739
YHR079C-B,YGL246C,0,-0.08532001,0.056216537952423096,0.1889999955892563,0.3172999918460846
YOR187W,YDR227W,0,-0.08537382,0.0561998225748539,0.1889999955892563,0.3174000084400177
YNL243W,YML078W,0,-0.085510686,0.056183114647865295,0.1889999955892563,0.3174999952316284
YJL090C,YJL134W,0,-0.08552183,0.05616641789674759,0.1889999955892563,0.3176000118255615
YPL161C,YMR015C,0,-0.08560778,0.05614973232150078,0.1889999955892563,0.31769999861717224
YAR010C,YDL198C,0,-0.08563003,0.05613305792212486,0.1889999955892563,0.31779998540878296
YKL057C,YNR007C,1,-0.08566901,0.05641330033540726,0.1899999976158142,0.31779998540878296
YLR098C,YJL006C,0,-0.085727274,0.05639655515551567,0.1899999976158142,0.31790000200271606
YGL078C,YPL218W,0,-0.08576016,0.05637982115149498,0.1899999976158142,0.3179999887943268
YPR020W,YIR008C,0,-0.08584422,0.056363098323345184,0.1899999976158142,0.3181000053882599
YBR199W,YJL012C-A,0,-0.08585569,0.056346382945775986,0.1899999976158142,0.3181999921798706
YCR028C-A,YPR067W,0,-0.08588418,0.056329675018787384,0.1899999976158142,0.3183000087738037
YLL056C,YKR099W,0,-0.085927024,0.056312981992959976,0.1899999976158142,0.31839999556541443
YMR172W,YJR026W,0,-0.08598676,0.056296296417713165,0.1899999976158142,0.31850001215934753
YLL056C,YLR363C,0,-0.08610876,0.05627962201833725,0.1899999976158142,0.31859999895095825
YCL016C,YJL134W,0,-0.08628596,0.05626295506954193,0.1899999976158142,0.31869998574256897
YLR176C,YDR013W,0,-0.08629666,0.05624629929661751,0.1899999976158142,0.3188000023365021
YKR057W,YOR148C,0,-0.086413994,0.05622965469956398,0.1899999976158142,0.3188999891281128
YGR272C,YGR214W,0,-0.08653955,0.05621301755309105,0.1899999976158142,0.3190000057220459
YLL056C,YJL201W,0,-0.08661558,0.056196391582489014,0.1899999976158142,0.3190999925136566
YML058W,YGR147C,0,-0.086629376,0.056179776787757874,0.1899999976158142,0.3192000091075897
YNL262W,YMR065W,0,-0.08674559,0.05616316944360733,0.1899999976158142,0.31929999589920044
YBR102C,YDR398W,0,-0.08690773,0.05614657327532768,0.1899999976158142,0.31940001249313354
YOR147W,YKL166C,0,-0.086973265,0.05612998455762863,0.1899999976158142,0.31949999928474426
YGR225W,YKL070W,0,-0.08700532,0.056113407015800476,0.1899999976158142,0.319599986076355
YNL294C,YFL022C,0,-0.08707844,0.056096840649843216,0.1899999976158142,0.3197000026702881
YKL057C,YDR495C,1,-0.08708449,0.05637544393539429,0.19099999964237213,0.3197000026702881
YNL002C,YNL243W,0,-0.087095216,0.056358806788921356,0.19099999964237213,0.3197999894618988
YLR005W,YDL102W,0,-0.087138355,0.05634218454360962,0.19099999964237213,0.3199000060558319
YOR243C,YDR163W,0,-0.08732717,0.05632556602358818,0.19099999964237213,0.3199999928474426
YIR015W,YDR140W,0,-0.087393805,0.056308962404727936,0.19099999964237213,0.32010000944137573
YIL037C,YML062C,0,-0.08745076,0.05629236623644829,0.19099999964237213,0.32019999623298645
YER108C,YPL106C,0,-0.08757745,0.056275781244039536,0.19099999964237213,0.32030001282691956
YCR028C-A,YCR061W,0,-0.08757983,0.05625920370221138,0.19099999964237213,0.3203999996185303
YER095W,YMR015C,0,-0.08773303,0.05624263733625412,0.19099999964237213,0.320499986410141
YDR170W-A,YGL223C,0,-0.087748244,0.056226082146167755,0.19099999964237213,0.3206000030040741
YHR175W,YDR151C,0,-0.087781236,0.05620953440666199,0.19099999964237213,0.3206999897956848
YDR086C,YMR153W,1,-0.08782077,0.056487202644348145,0.19200000166893005,0.3206999897956848
YER108C,YFL022C,0,-0.08799298,0.056470587849617004,0.19200000166893005,0.3208000063896179
YGL025C,YHR082C,0,-0.087995335,0.05645398423075676,0.19200000166893005,0.32089999318122864
YDR135C,YBR170C,0,-0.08803633,0.05643738806247711,0.19200000166893005,0.32100000977516174
YPR138C,YBR297W,0,-0.088186115,0.05642080679535866,0.19200000166893005,0.32109999656677246
YLL024C,YLR193C,1,-0.08829431,0.05669800192117691,0.19300000369548798,0.32109999656677246
YIL154C,YHR088W,0,-0.088420615,0.056681349873542786,0.19300000369548798,0.32120001316070557
YOL068C,YFR027W,0,-0.08843489,0.056664709001779556,0.19300000369548798,0.3212999999523163
YMR288W,YML078W,0,-0.08844505,0.05664807930588722,0.19300000369548798,0.321399986743927
YLR005W,YDR122W,0,-0.08859773,0.056631457060575485,0.19300000369548798,0.3215000033378601
YKL170W,YCR067C,0,-0.08864401,0.056614842265844345,0.19300000369548798,0.3215999901294708
YBR102C,YDR191W,0,-0.088701114,0.0565982386469841,0.19300000369548798,0.32170000672340393
YDR225W,YFR027W,0,-0.088725016,0.05658164620399475,0.19300000369548798,0.32179999351501465
YDR295C,YLR447C,0,-0.08878411,0.0565650649368763,0.19300000369548798,0.32190001010894775
YPL276W,YDR484W,0,-0.08893372,0.05654849112033844,0.19300000369548798,0.32199999690055847
YNL294C,YML021C,0,-0.08919628,0.05653192847967148,0.19300000369548798,0.3221000134944916
YDR052C,YNR019W,0,-0.089222685,0.056515373289585114,0.19300000369548798,0.3222000002861023
YNL070W,YML031W,1,-0.08924124,0.05679157003760338,0.1940000057220459,0.3222000002861023
YGR123C,YER108C,0,-0.08925475,0.05677494779229164,0.1940000057220459,0.322299987077713
YDR192C,YIL149C,1,-0.089280605,0.057050906121730804,0.19499999284744263,0.322299987077713
YPL041C,YNL015W,0,-0.08928232,0.057034220546483994,0.19499999284744263,0.3224000036716461
YPR183W,YHR006W,0,-0.08937925,0.05701754242181778,0.19499999284744263,0.32249999046325684
YGL144C,YOR132W,0,-0.08940457,0.05700087547302246,0.19499999284744263,0.32260000705718994
YHR150W,YDR418W,0,-0.08943707,0.05698421970009804,0.19499999284744263,0.32269999384880066
YPL041C,YFL058W,0,-0.089477435,0.05696757137775421,0.19499999284744263,0.32280001044273376
YJL168C,YBL090W,0,-0.08952886,0.05695093423128128,0.19499999284744263,0.3228999972343445
YBR118W,YNL225C,0,-0.08964966,0.056934308260679245,0.19499999284744263,0.3230000138282776
YEL004W,YIL034C,0,-0.08972274,0.056917689740657806,0.19499999284744263,0.3231000006198883
YKR027W,YLR107W,0,-0.08974783,0.056901078671216965,0.19499999284744263,0.323199987411499
YOR132W,YML058W-A,0,-0.08978987,0.05688448250293732,0.19499999284744263,0.32330000400543213
YNL256W,YDR457W,0,-0.08989532,0.05686789005994797,0.19499999284744263,0.32339999079704285
YLR155C,YNR030W,0,-0.09032355,0.05685131251811981,0.19499999284744263,0.32350000739097595
YKR067W,YKR095W-A,0,-0.090326,0.05683474242687225,0.19499999284744263,0.32359999418258667
YNL225C,YER127W,0,-0.09040873,0.05681818351149559,0.19499999284744263,0.3237000107765198
YPL195W,YNR046W,0,-0.09042753,0.056801632046699524,0.19499999284744263,0.3237999975681305
YGL016W,YBL078C,1,-0.09051646,0.05707629770040512,0.19599999487400055,0.3237999975681305
YJL133W,YKL175W,0,-0.09060149,0.05705967918038368,0.19599999487400055,0.3239000141620636
YGR285C,YOR346W,0,-0.0907007,0.05704307183623314,0.19599999487400055,0.3240000009536743
YPL028W,YML043C,0,-0.09070422,0.05702647566795349,0.19599999487400055,0.32409998774528503
YLL024C,YHL028W,1,-0.09071644,0.05730075761675835,0.19699999690055847,0.32409998774528503
YER062C,YHR053C,0,-0.090949714,0.057284094393253326,0.19699999690055847,0.32420000433921814
YJL074C,YKR007W,0,-0.09114392,0.0572674423456192,0.19699999690055847,0.32429999113082886
YAR019C,YJR108W,0,-0.09124042,0.057250797748565674,0.19699999690055847,0.32440000772476196
YBR015C,YLL041C,0,-0.09140393,0.05723416432738304,0.19699999690055847,0.3244999945163727
YFR052W,YMR250W,0,-0.09141861,0.057217542082071304,0.19699999690055847,0.3246000111103058
YGR072W,YEL071W,0,-0.09145744,0.05720093101263046,0.19699999690055847,0.3246999979019165
YJL090C,YPL041C,0,-0.09152992,0.05718432366847992,0.19699999690055847,0.3248000144958496
YGR147C,YKL140W,0,-0.09162627,0.05716773122549057,0.19699999690055847,0.3249000012874603
YPL210C,YKL195W,1,-0.09176572,0.05744125321507454,0.1979999989271164,0.3249000012874603
YMR016C,YML057W,0,-0.0917664,0.05742459371685982,0.1979999989271164,0.32499998807907104
YIR013C,YNR064C,0,-0.09180017,0.05740794539451599,0.1979999989271164,0.32510000467300415
YDR057W,YDR381W,0,-0.091827765,0.05739130452275276,0.1979999989271164,0.32519999146461487
YKL203C,YKL179C,0,-0.09183799,0.05737467482686043,0.1979999989271164,0.325300008058548
YOR288C,YCR061W,0,-0.09188749,0.05735805258154869,0.1979999989271164,0.3253999948501587
YML075C,YML107C,0,-0.09192209,0.05734144151210785,0.1979999989271164,0.3255000114440918
YER012W,YDL231C,0,-0.09197803,0.0573248416185379,0.1979999989271164,0.3255999982357025
YDL155W,YMR096W,0,-0.09198877,0.05730824917554855,0.1979999989271164,0.3257000148296356
YGL144C,YGL257C,0,-0.09199612,0.0572916679084301,0.1979999989271164,0.32580000162124634
YGR225W,YLR383W,0,-0.09202196,0.05727509409189224,0.1979999989271164,0.32589998841285706
YPL053C,YEL050C,0,-0.09208606,0.05725853145122528,0.1979999989271164,0.32600000500679016
YBR164C,YHL028W,1,-0.09211494,0.05753107741475105,0.19900000095367432,0.32600000500679016
YKL144C,YGL206C,0,-0.09219964,0.05751445144414902,0.19900000095367432,0.3260999917984009
YLR376C,YLL056C,0,-0.09224041,0.05749783292412758,0.19900000095367432,0.326200008392334
YPR201W,YOR002W,0,-0.09229763,0.057481225579977036,0.19900000095367432,0.3262999951839447
YLR117C,YNL248C,0,-0.09235595,0.05746462568640709,0.19900000095367432,0.3264000117778778
YIL037C,YKL173W,0,-0.09243299,0.05744803696870804,0.19900000095367432,0.3264999985694885
YOR188W,YAL002W,0,-0.0925066,0.057431455701589584,0.19900000095367432,0.32659998536109924
YOR003W,YOR224C,0,-0.092651114,0.057414889335632324,0.19900000095367432,0.32670000195503235
YJL108C,YBL090W,0,-0.0927438,0.05739832669496536,0.19900000095367432,0.32679998874664307
YPL195W,YJR026W,0,-0.09276034,0.057381775230169296,0.19900000095367432,0.32690000534057617
YLR060W,YER108C,0,-0.092772186,0.057365234941244125,0.19900000095367432,0.3269999921321869
YBR228W,YOL165C,0,-0.09280132,0.05734870210289955,0.19900000095367432,0.32710000872612
YIL017C,YKR095W-A,0,-0.09286523,0.05733218044042587,0.19900000095367432,0.3271999955177307
YHR079C-B,YOL005C,0,-0.09286581,0.05731566995382309,0.19900000095367432,0.3273000121116638
YMR172W,YOR144C,0,-0.09306012,0.057299163192510605,0.19900000095367432,0.32739999890327454
YNL129W,YOL128C,0,-0.0931337,0.057282671332359314,0.19900000095367432,0.32749998569488525
YNL248C,YLR114C,0,-0.09315406,0.05726618692278862,0.19900000095367432,0.32760000228881836
YLR316C,YPL130W,0,-0.09328686,0.05724971368908882,0.19900000095367432,0.3276999890804291
YPR065W,YHR066W,0,-0.093346894,0.05723324790596962,0.19900000095367432,0.3278000056743622
YML124C,YGR225W,0,-0.09335637,0.057216789573431015,0.19900000095367432,0.3278999924659729
YIL034C,YCR102C,0,-0.09335698,0.057200346142053604,0.19900000095367432,0.328000009059906
YLR276C,YDR457W,0,-0.093360245,0.05718390643596649,0.19900000095367432,0.3280999958515167
YER009W,YMR035W,1,-0.09337793,0.057454753667116165,0.20000000298023224,0.3280999958515167
YER095W,YLR249W,0,-0.09344749,0.05743825435638428,0.20000000298023224,0.32820001244544983
YPL160W,YOL147C,0,-0.09355639,0.057421762496232986,0.20000000298023224,0.32829999923706055
YOR346W,YDL235C,0,-0.09366506,0.05740528181195259,0.20000000298023224,0.32839998602867126
YLR394W,YDR418W,0,-0.093693,0.05738880857825279,0.20000000298023224,0.32850000262260437
YGL075C,YGR007W,0,-0.093699545,0.05737234652042389,0.20000000298023224,0.3285999894142151
YBR118W,YER108C,0,-0.093703955,0.05735589191317558,0.20000000298023224,0.3287000060081482
YDL155W,YPL010W,0,-0.093750134,0.05733944848179817,0.20000000298023224,0.3287999927997589
YDR075W,YPL228W,0,-0.09383269,0.057323016226291656,0.20000000298023224,0.328900009393692
YOR002W,YBR170C,0,-0.09387396,0.05730659142136574,0.20000000298023224,0.32899999618530273
YLR060W,YDR453C,0,-0.09389475,0.057290174067020416,0.20000000298023224,0.32910001277923584
YMR097C,YJL060W,0,-0.09400256,0.05727376788854599,0.20000000298023224,0.32919999957084656
YNR011C,YPL097W,0,-0.094155684,0.05725737288594246,0.20000000298023224,0.3292999863624573
YDR345C,YDR247W,0,-0.094163,0.057240985333919525,0.20000000298023224,0.3294000029563904
YDR038C,YOR207C,0,-0.09421392,0.05722460523247719,0.20000000298023224,0.3294999897480011
YOL146W,YBR182C,0,-0.09425427,0.057208236306905746,0.20000000298023224,0.3296000063419342
YJL104W,YEL013W,1,-0.09428801,0.057477839291095734,0.20100000500679016,0.3296000063419342
YHR075C,YCR092C,0,-0.0942944,0.05746140703558922,0.20100000500679016,0.3296999931335449
YMR153W,YBL078C,1,-0.09441127,0.0577307790517807,0.20200000703334808,0.3296999931335449
YGL144C,YDL164C,0,-0.094425514,0.05771428719162941,0.20200000703334808,0.329800009727478
YGR285C,YER018C,0,-0.09445098,0.05769779905676842,0.20200000703334808,0.32989999651908875
YJL069C,YDR247W,0,-0.094509974,0.05768132582306862,0.20200000703334808,0.33000001311302185
YGL033W,YOL158C,0,-0.094562635,0.05766486003994942,0.20200000703334808,0.33009999990463257
YGR123C,YGR161C,0,-0.09474917,0.05764840170741081,0.20200000703334808,0.3301999866962433
YML013W,YHR082C,0,-0.09475128,0.0576319545507431,0.20200000703334808,0.3303000032901764
YDL116W,YLR008C,1,-0.09488562,0.05790074169635773,0.2029999941587448,0.3303000032901764
YPL275W,YDR545W,0,-0.094967484,0.057884231209754944,0.2029999941587448,0.3303999900817871
YML043C,YIL036W,0,-0.094974816,0.057867731899023056,0.2029999941587448,0.3305000066757202
YDL043C,YGL219C,0,-0.095046386,0.057851240038871765,0.2029999941587448,0.33059999346733093
YKL178C,YER127W,0,-0.09505169,0.05783475935459137,0.2029999941587448,0.33070001006126404
YHL025W,YOL124C,0,-0.095102355,0.05781828612089157,0.2029999941587448,0.33079999685287476
YOR147W,YAL038W,0,-0.09515591,0.05780182406306267,0.2029999941587448,0.33090001344680786
YFR034C,YAL068C,0,-0.09533335,0.05778536945581436,0.2029999941587448,0.3310000002384186
YMR235C,YLR193C,1,-0.09541558,0.058053500950336456,0.20399999618530273,0.3310000002384186
YJR108W,YAR033W,0,-0.09547259,0.058036983013153076,0.20399999618530273,0.3310999870300293
YAL034W-A,YLR115W,0,-0.09548208,0.05802047625184059,0.20399999618530273,0.3312000036239624
YJL106W,YNL090W,0,-0.095603496,0.058003980666399,0.20399999618530273,0.3312999904155731
YMR296C,YKR095W-A,0,-0.09574784,0.05798749253153801,0.20399999618530273,0.3314000070095062
YIR013C,YDR288W,0,-0.095946565,0.05797101557254791,0.20399999618530273,0.33149999380111694
YKL064W,YHR194W,0,-0.095966145,0.05795454606413841,0.20399999618530273,0.33160001039505005
YDR038C,YPL047W,0,-0.09605126,0.05793808400630951,0.20399999618530273,0.33169999718666077
YHR070W,YKL070W,0,-0.09608334,0.0579216368496418,0.20399999618530273,0.33180001378059387
YIL017C,YNR030W,0,-0.09608489,0.05790519341826439,0.20399999618530273,0.3319000005722046
YHR098C,YNL209W,0,-0.09610823,0.057888761162757874,0.20399999618530273,0.3319999873638153
YML013W,YPL228W,0,-0.09611204,0.05787234008312225,0.20399999618530273,0.3321000039577484
YBR217W,YEL013W,1,-0.096263155,0.058139536529779434,0.20499999821186066,0.3321000039577484
YKL042W,YJL072C,0,-0.09637003,0.05812305212020874,0.20499999821186066,0.33219999074935913
YDR057W,YBR182C,0,-0.09644516,0.05810657516121864,0.20499999821186066,0.33230000734329224
YGR029W,YLL024C,1,-0.096447065,0.058373477309942245,0.20600000023841858,0.33230000734329224
YLR361C,YOR224C,0,-0.096478626,0.05835694074630737,0.20600000023841858,0.33239999413490295
YOR008C,YHR055C,0,-0.09652878,0.0583404116332531,0.20600000023841858,0.33250001072883606
YJL117W,YPL170W,0,-0.09667881,0.058323897421360016,0.20600000023841858,0.3325999975204468
YMR182C,YER108C,0,-0.096885204,0.05830738693475723,0.20600000023841858,0.3327000141143799
YGR192C,YLL026W,0,-0.0969121,0.058290887624025345,0.20600000023841858,0.3328000009059906
YBR256C,YER178W,0,-0.096969336,0.05827439948916435,0.20600000023841858,0.3328999876976013
YCL034W,YJL145W,0,-0.09699784,0.05825791880488396,0.20600000023841858,0.3330000042915344
YJL090C,YGR285C,0,-0.09699853,0.05824144929647446,0.20600000023841858,0.33309999108314514
YGR054W,YHR152W,0,-0.09703395,0.058224987238645554,0.20600000023841858,0.33320000767707825
YAL022C,YNR046W,0,-0.09703459,0.05820853263139725,0.20600000023841858,0.33329999446868896
YHR034C,YDR182W,0,-0.09709038,0.058192089200019836,0.20600000023841858,0.33340001106262207
YMR296C,YAL026C,0,-0.09715441,0.05817565694451332,0.20600000023841858,0.3334999978542328
YNL126W,YBL090W,0,-0.09723547,0.0581592321395874,0.20600000023841858,0.3336000144481659
YHR070W,YER018C,0,-0.097360834,0.05814281851053238,0.20600000023841858,0.3337000012397766
YKR028W,YDL120W,0,-0.09743868,0.05812641233205795,0.20600000023841858,0.33379998803138733
YDL150W,YCR061W,0,-0.09746651,0.058110013604164124,0.20600000023841858,0.33390000462532043
YGL150C,YER126C,0,-0.09760915,0.05809362605214119,0.20600000023841858,0.33399999141693115
YJL033W,YMR075W,0,-0.0976436,0.05807724967598915,0.20600000023841858,0.33410000801086426
YPR042C,YMR234W,0,-0.09766282,0.05806088075041771,0.20600000023841858,0.334199994802475
YOR182C,YJR108W,0,-0.097697034,0.058044519275426865,0.20600000023841858,0.3343000113964081
YGR262C,YIL039W,0,-0.09773438,0.058028168976306915,0.20600000023841858,0.3343999981880188
YKL014C,YKR029C,0,-0.0978149,0.05801182612776756,0.20600000023841858,0.3345000147819519
YJL090C,YNL054W,0,-0.097839504,0.057995494455099106,0.20600000023841858,0.3346000015735626
YDR231C,YBL100W-B,0,-0.09786312,0.057979173958301544,0.20600000023841858,0.33469998836517334
YPR010C,YJL060W,0,-0.09798145,0.05796285718679428,0.20600000023841858,0.33480000495910645
YDR069C,YGL049C,0,-0.098105565,0.05794655531644821,0.20600000023841858,0.33489999175071716
YJL176C,YGR245C,0,-0.09815401,0.05793025717139244,0.20600000023841858,0.33500000834465027
YDR163W,YGR010W,0,-0.09844001,0.057913973927497864,0.20600000023841858,0.335099995136261
YJL069C,YDR182W,0,-0.09849033,0.057897694408893585,0.20600000023841858,0.3352000117301941
YOR344C,YPL097W,0,-0.098491326,0.0578814260661602,0.20600000023841858,0.3352999985218048
YMR077C,YER025W,0,-0.09852825,0.057865168899297714,0.20600000023841858,0.3353999853134155
YKL194C,YGR118W,0,-0.09856118,0.05784891918301582,0.20600000023841858,0.33550000190734863
YMR283C,YDL120W,0,-0.098789096,0.05783267691731453,0.20600000023841858,0.33559998869895935
YER061C,YDL004W,0,-0.0987917,0.05781644582748413,0.20600000023841858,0.33570000529289246
YBR253W,YMR268C,0,-0.0988009,0.05780022591352463,0.20600000023841858,0.3357999920845032
YOR249C,YAL032C,0,-0.098815784,0.05778400972485542,0.20600000023841858,0.3359000086784363
YML113W,YBR186W,0,-0.09885594,0.05776780843734741,0.20600000023841858,0.335999995470047
YNL045W,YAL011W,0,-0.09887497,0.0577516108751297,0.20600000023841858,0.3361000120639801
YNL045W,YML025C,0,-0.099223495,0.05773542448878288,0.20600000023841858,0.3361999988555908
YLR008C,YMR153W,1,-0.099302754,0.05799943953752518,0.2070000022649765,0.3361999988555908
YLR363C,YER174C,0,-0.09932841,0.057983193546533585,0.2070000022649765,0.33629998564720154
YFR004W,YNL062C,0,-0.099494964,0.05796695500612259,0.2070000022649765,0.33640000224113464
YLR075W,YCR092C,0,-0.09963012,0.05795072764158249,0.2070000022649765,0.33649998903274536
YCR026C,YJL117W,0,-0.09969832,0.057934507727622986,0.2070000022649765,0.33660000562667847
YBR098W,YNR019W,0,-0.09974849,0.05791829898953438,0.2070000022649765,0.3366999924182892
YCR033W,YOL124C,0,-0.09976371,0.05790209770202637,0.2070000022649765,0.3368000090122223
YOL067C,YGR289C,0,-0.09980984,0.05788590759038925,0.2070000022649765,0.336899995803833
YIL121W,YLR115W,0,-0.09981519,0.05786972492933273,0.2070000022649765,0.3370000123977661
YLR075W,YJL085W,0,-0.099827126,0.05785354971885681,0.2070000022649765,0.33709999918937683
YNL256W,YKL062W,0,-0.09983958,0.057837385684251785,0.2070000022649765,0.33719998598098755
YBL082C,YAR010C,0,-0.09990439,0.057821229100227356,0.2070000022649765,0.33730000257492065
YOL054W,YPL218W,0,-0.09991017,0.05780508369207382,0.2070000022649765,0.33739998936653137
YLR394W,YHR143W-A,0,-0.10013579,0.057788945734500885,0.2070000022649765,0.3375000059604645
YNL047C,YMR050C,0,-0.1001811,0.057772815227508545,0.2070000022649765,0.3375999927520752
YLL024C,YLR292C,1,-0.10026154,0.0580357126891613,0.20800000429153442,0.3375999927520752
YGL206C,YGR024C,0,-0.1002803,0.058019526302814484,0.20800000429153442,0.3377000093460083
YBR085W,YMR284W,0,-0.10028078,0.058003347367048264,0.20800000429153442,0.337799996137619
YLR081W,YGR286C,0,-0.100287154,0.05798717588186264,0.20800000429153442,0.3379000127315521
YNL094W,YEL036C,0,-0.10032068,0.05797101557254791,0.20800000429153442,0.33799999952316284
YDR011W,YOR002W,0,-0.100392416,0.05795486271381378,0.20800000429153442,0.33809998631477356
YKR097W,YDR453C,0,-0.100555554,0.05793871730566025,0.20800000429153442,0.33820000290870667
YPR198W,YHR118C,0,-0.1006296,0.05792258307337761,0.20800000429153442,0.3382999897003174
YML032C,YDR341C,0,-0.10065949,0.057906460016965866,0.20800000429153442,0.3384000062942505
YLR023C,YEL053C,0,-0.100672975,0.05789034068584442,0.20800000429153442,0.3384999930858612
YPL028W,YML024W,0,-0.10076423,0.05787423625588417,0.20800000429153442,0.3386000096797943
YER166W,YLR249W,0,-0.10087147,0.05785813555121422,0.20800000429153442,0.33869999647140503
YFR002W,YCL038C,1,-0.10088928,0.058120135217905045,0.20900000631809235,0.33869999647140503
YMR050C,YKL178C,0,-0.10089998,0.05810397490859032,0.20900000631809235,0.33880001306533813
YDR231C,YDR324C,0,-0.10114974,0.058087825775146484,0.20900000631809235,0.33889999985694885
YJR126C,YER009W,1,-0.101288274,0.05834954231977463,0.20999999344348907,0.33889999985694885
YGR092W,YIL101C,0,-0.10143335,0.05833333358168602,0.20999999344348907,0.33899998664855957
YIL153W,YJR006W,0,-0.101547256,0.05831713229417801,0.20999999344348907,0.3391000032424927
YER087C-A,YNL059C,1,-0.10159694,0.05857856571674347,0.210999995470047,0.3391000032424927
YPR020W,YLR145W,0,-0.10166593,0.05856230854988098,0.210999995470047,0.3391999900341034
YJR121W,YPL153C,0,-0.10173319,0.05854605883359909,0.210999995470047,0.3393000066280365
YDL145C,YMR219W,0,-0.10179572,0.058529820293188095,0.210999995470047,0.3393999934196472
YBR182C,YFL058W,0,-0.101826385,0.0585135892033577,0.210999995470047,0.3395000100135803
YJL053W,YNR064C,0,-0.10189195,0.058497365564107895,0.210999995470047,0.33959999680519104
YML043C,YFR031C,0,-0.10202043,0.05848115310072899,0.210999995470047,0.33970001339912415
YKL057C,YLR008C,1,-0.10208823,0.058742035180330276,0.21199999749660492,0.33970001339912415
YML038C,YDR165W,0,-0.10216126,0.058725763112306595,0.21199999749660492,0.33980000019073486
YGR238C,YLR014C,0,-0.10220756,0.05870949849486351,0.21199999749660492,0.3398999869823456
YCR026C,YDR435C,0,-0.10221158,0.05869324505329132,0.21199999749660492,0.3400000035762787
YER005W,YJL039C,0,-0.10232775,0.05867699906229973,0.21199999749660492,0.3400999903678894
YGR118W,YGR072W,0,-0.102402255,0.05866076424717903,0.21199999749660492,0.3402000069618225
YBR058C,YBR082C,0,-0.10241082,0.05864453688263893,0.21199999749660492,0.3402999937534332
YGL022W,YPL053C,0,-0.1024818,0.05862831696867943,0.21199999749660492,0.34040001034736633
YHR061C,YDL047W,0,-0.10251865,0.05861210823059082,0.21199999749660492,0.34049999713897705
YPL041C,YNL274C,0,-0.10252099,0.05859591066837311,0.21199999749660492,0.34060001373291016
YBR228W,YDR072C,0,-0.10262331,0.058579716831445694,0.21199999749660492,0.3407000005245209
YPL210C,YMR026C,1,-0.102662876,0.05883977934718132,0.21299999952316284,0.3407000005245209
YEL004W,YOR372C,0,-0.10267873,0.05882352963089943,0.21299999952316284,0.3407999873161316
YBL058W,YER005W,0,-0.10289876,0.058807287365198135,0.21299999952316284,0.3409000039100647
YHR005C,YIL033C,0,-0.102954105,0.05879105627536774,0.21299999952316284,0.3409999907016754
YLR115W,YNL278W,0,-0.102956906,0.058774832636117935,0.21299999952316284,0.3411000072956085
YLR182W,YOR182C,0,-0.10302091,0.05875862017273903,0.21299999952316284,0.34119999408721924
YKL088W,YGL111W,0,-0.103053674,0.05874241515994072,0.21299999952316284,0.34130001068115234
YBR020W,YMR044W,0,-0.10318582,0.058726221323013306,0.21299999952316284,0.34139999747276306
YOR346W,YJR013W,0,-0.10318808,0.05871003493666649,0.21299999952316284,0.34150001406669617
YDL079C,YOL164W,0,-0.10320614,0.05869385600090027,0.21299999952316284,0.3416000008583069
YDR284C,YER012W,0,-0.10326789,0.058677684515714645,0.21299999952316284,0.3416999876499176
YLR035C-A,YOR003W,0,-0.10341358,0.05866152420639992,0.21299999952316284,0.3418000042438507
YBL074C,YHR163W,0,-0.103415444,0.058645375072956085,0.21299999952316284,0.3418999910354614
YPL267W,YDL004W,0,-0.103474155,0.05862923339009285,0.21299999952316284,0.34200000762939453
YBL082C,YDR163W,0,-0.103549555,0.05861309915781021,0.21299999952316284,0.34209999442100525
YLL017W,YJL060W,0,-0.10373393,0.05859697237610817,0.21299999952316284,0.34220001101493835
YCL016C,YEL053C,0,-0.10381614,0.05858085677027702,0.21299999952316284,0.3422999978065491
YGR217W,YGL021W,0,-0.10393955,0.05856475234031677,0.21299999952316284,0.3424000144004822
YBR193C,YNR056C,0,-0.103969336,0.05854865163564682,0.21299999952316284,0.3425000011920929
YHR190W,YLR084C,0,-0.10399045,0.05853256210684776,0.21299999952316284,0.3425999879837036
YJR126C,YKL057C,1,-0.10399461,0.058791209012269974,0.21400000154972076,0.3425999879837036
YML029W,YML011C,0,-0.10409635,0.05877506360411644,0.21400000154972076,0.3427000045776367
YBL100W-B,YGL206C,0,-0.10413246,0.058758921921253204,0.21400000154972076,0.34279999136924744
YGL075C,YOR272W,0,-0.104309306,0.05874279513955116,0.21400000154972076,0.34290000796318054
YFL002C,YJL012C-A,0,-0.10434084,0.05872667580842972,0.21400000154972076,0.34299999475479126
YNL197C,YDL198C,0,-0.104340926,0.05871056392788887,0.21400000154972076,0.34310001134872437
YGL187C,YNL045W,0,-0.10449247,0.05869445949792862,0.21400000154972076,0.3431999981403351
YGR007W,YNL097C,0,-0.10464387,0.058678366243839264,0.21400000154972076,0.3433000147342682
YBR210W,YER003C,0,-0.104735225,0.058662280440330505,0.21400000154972076,0.3434000015258789
YIL037C,YIL110W,0,-0.10474111,0.05864620581269264,0.21400000154972076,0.3434999883174896
YNL326C,YIL080W,0,-0.10475528,0.058630138635635376,0.21400000154972076,0.34360000491142273
YPL283C,YGR097W,0,-0.10476977,0.05861407890915871,0.21400000154972076,0.34369999170303345
YBL074C,YER145C,0,-0.10477002,0.058598026633262634,0.21400000154972076,0.34380000829696655
YLR192C,YOL054W,0,-0.10481416,0.058581989258527756,0.21400000154972076,0.34389999508857727
YHL025W,YML078W,0,-0.104914024,0.058565955609083176,0.21400000154972076,0.3440000116825104
YLR117C,YKL070W,0,-0.105080485,0.05854993313550949,0.21400000154972076,0.3440999984741211
YER087C-A,YKR020W,1,-0.1052226,0.05880744010210037,0.2150000035762787,0.3440999984741211
YBR006W,YPL053C,0,-0.10531101,0.05879135802388191,0.2150000035762787,0.3441999852657318
YHR015W,YFL011W-A,0,-0.10541874,0.05877528712153435,0.2150000035762787,0.3443000018596649
YOL124C,YLR363C,0,-0.10543436,0.05875922366976738,0.2150000035762787,0.34439998865127563
YML038C,YNL209W,0,-0.10545769,0.05874316766858101,0.2150000035762787,0.34450000524520874
YNL129W,YOR056C,0,-0.10572663,0.05872712284326553,0.2150000035762787,0.34459999203681946
YLR075W,YDR011W,0,-0.10574135,0.058711085468530655,0.2150000035762787,0.34470000863075256
YDR345C,YMR073C,0,-0.1057698,0.05869505926966667,0.2150000035762787,0.3447999954223633
YDR439W,YIL117C,0,-0.10587594,0.058679040521383286,0.2150000035762787,0.3449000120162964
YDR456W,YBR172C,0,-0.10590133,0.058663029223680496,0.2150000035762787,0.3449999988079071
YLR170C,YCR102C,0,-0.10591328,0.058647025376558304,0.2150000035762787,0.3450999855995178
YGR285C,YPL283C,0,-0.105918854,0.05863103270530701,0.2150000035762787,0.3452000021934509
YLR005W,YDR092W,0,-0.105925396,0.05861504748463631,0.2150000035762787,0.34529998898506165
YEL015W,YGL021W,0,-0.10597208,0.0585990734398365,0.2150000035762787,0.34540000557899475
YGL246C,YBR035C,0,-0.1060106,0.058583106845617294,0.2150000035762787,0.34549999237060547
YPL276W,YHR118C,0,-0.10605034,0.058567147701978683,0.2150000035762787,0.3456000089645386
YPR200C,YDR418W,0,-0.10605191,0.05855119973421097,0.2150000035762787,0.3456999957561493
YMR091C,YLR431C,1,-0.10618119,0.05880751460790634,0.2160000056028366,0.3456999957561493
YHR088W,YGL001C,0,-0.106315434,0.05879150703549385,0.2160000056028366,0.3458000123500824
YKL081W,YNL259C,0,-0.1064332,0.058775510638952255,0.2160000056028366,0.3458999991416931
YNR011C,YLR014C,0,-0.10643323,0.05875952169299126,0.2160000056028366,0.34599998593330383
YGR272C,YLR060W,0,-0.10644406,0.058743540197610855,0.2160000056028366,0.34610000252723694
YGR072W,YPL097W,0,-0.10650799,0.05872756987810135,0.2160000056028366,0.34619998931884766
YFL013C,YHR020W,0,-0.10655223,0.05871160700917244,0.2160000056028366,0.34630000591278076
YDR288W,YBR035C,0,-0.10655476,0.05869565159082413,0.2160000056028366,0.3463999927043915
YOR148C,YML128C,0,-0.10663138,0.05867970734834671,0.2160000056028366,0.3465000092983246
YNL070W,YKL195W,1,-0.10664041,0.058935362845659256,0.21699999272823334,0.3465000092983246
YFL050C,YBR210W,0,-0.106705636,0.058919358998537064,0.21699999272823334,0.3465999960899353
YDR045C,YPR067W,0,-0.10681476,0.05890336632728577,0.21699999272823334,0.3467000126838684
YDL052C,YDL235C,0,-0.1070842,0.058887381106615067,0.21699999272823334,0.3467999994754791
YHR083W,YEL013W,1,-0.107166305,0.05914270132780075,0.21799999475479126,0.3467999994754791
YDL045C,YMR183C,0,-0.10723205,0.059126660227775574,0.21799999475479126,0.34689998626708984
YLL024C,YOL082W,1,-0.1072468,0.05938177928328514,0.21899999678134918,0.34689998626708984
YJR077C,YMR293C,0,-0.107277885,0.05936568230390549,0.21899999678134918,0.34700000286102295
YJL010C,YHR139C,0,-0.10751405,0.05934959277510643,0.21899999678134918,0.34709998965263367
YCR033W,YKR099W,0,-0.10758361,0.05933351442217827,0.21899999678134918,0.3472000062465668
YNR035C,YIL122W,0,-0.107674524,0.059317443519830704,0.21899999678134918,0.3472999930381775
YNL001W,YJL039C,0,-0.10779172,0.059301380068063736,0.21899999678134918,0.3474000096321106
YDL194W,YBR002C,0,-0.107975096,0.059285327792167664,0.21899999678134918,0.3474999964237213
YJL117W,YLR170C,0,-0.10799365,0.05926928296685219,0.21899999678134918,0.3476000130176544
YGR156W,YMR156C,0,-0.10800497,0.05925324559211731,0.21899999678134918,0.34769999980926514
YCR082W,YAL034W-A,0,-0.10807066,0.059237219393253326,0.21899999678134918,0.34779998660087585
YDR227W,YDR308C,0,-0.108176336,0.05922120064496994,0.21899999678134918,0.34790000319480896
YCR075C,YLR394W,0,-0.10822116,0.05920518934726715,0.21899999678134918,0.3479999899864197
YKL088W,YMR080C,0,-0.10822894,0.05918918922543526,0.21899999678134918,0.3481000065803528
YIR008C,YDR345C,0,-0.108245805,0.05917319655418396,0.21899999678134918,0.3481999933719635
YCR084C,YIL076W,0,-0.10839842,0.05915721133351326,0.21899999678134918,0.3483000099658966
YDR303C,YIL049W,0,-0.10840446,0.059141237288713455,0.21899999678134918,0.3483999967575073
YMR056C,YGL049C,0,-0.10849044,0.05912527069449425,0.21899999678134918,0.34850001335144043
YAL030W,YIL101C,0,-0.1085446,0.05910931155085564,0.21899999678134918,0.34860000014305115
YLL043W,YML109W,0,-0.10856825,0.05909336358308792,0.21899999678134918,0.34869998693466187
YPL196W,YKL088W,0,-0.10872428,0.059077419340610504,0.21899999678134918,0.34880000352859497
YDR449C,YHR034C,0,-0.10886797,0.05906148999929428,0.21899999678134918,0.3488999903202057
YPR200C,YER018C,0,-0.10890177,0.059045564383268356,0.21899999678134918,0.3490000069141388
YHR079C-B,YJL145W,0,-0.10899912,0.05902964994311333,0.21899999678134918,0.3490999937057495
YGL257C,YML024W,0,-0.10907249,0.059013742953538895,0.21899999678134918,0.3492000102996826
YPR020W,YML029W,0,-0.10909717,0.05899784341454506,0.21899999678134918,0.34929999709129333
YJR126C,YBR171W,1,-0.10920796,0.05925127863883972,0.2199999988079071,0.34929999709129333
YAL011W,YBR170C,0,-0.10927074,0.05923532694578171,0.2199999988079071,0.34940001368522644
YDL100C,YBR030W,0,-0.10943101,0.05921938270330429,0.2199999988079071,0.34950000047683716
YHR139C,YGL106W,0,-0.10947263,0.05920344591140747,0.2199999988079071,0.3495999872684479
YGR002C,YDR418W,0,-0.10950133,0.05918751657009125,0.2199999988079071,0.349700003862381
YJL026W,YDR456W,0,-0.109546036,0.05917159840464592,0.2199999988079071,0.3497999906539917
YIR015W,YHR023W,0,-0.10963707,0.05915568768978119,0.2199999988079071,0.3499000072479248
YPL276W,YLR114C,0,-0.10963744,0.059139784425497055,0.2199999988079071,0.3499999940395355
YNR044W,YGR276C,0,-0.10964765,0.059123892337083817,0.2199999988079071,0.35010001063346863
YJR126C,YGL097W,1,-0.109686896,0.05937667936086655,0.22100000083446503,0.35010001063346863
YML052W,YHR053C,0,-0.10974124,0.05936073139309883,0.22100000083446503,0.35019999742507935
YNR035C,YGL187C,0,-0.109790415,0.05934479087591171,0.22100000083446503,0.35030001401901245
YHR190W,YGR279C,0,-0.10993436,0.05932885780930519,0.22100000083446503,0.35040000081062317
YPR200C,YMR096W,0,-0.10999511,0.059312935918569565,0.22100000083446503,0.3504999876022339
YDR449C,YML092C,0,-0.11001323,0.059297021478414536,0.22100000083446503,0.350600004196167
YAL056W,YOR144C,0,-0.11005311,0.0592811144888401,0.22100000083446503,0.3506999909877777
YMR026C,YGR206W,1,-0.11007139,0.059533387422561646,0.22200000286102295,0.3506999909877777
YPL130W,YFL004W,0,-0.11012259,0.059517424553632736,0.22200000286102295,0.3508000075817108
YNL070W,YGL097W,1,-0.11013739,0.05976950004696846,0.22300000488758087,0.3508000075817108
YLR350W,YCR092C,0,-0.1102228,0.05975348502397537,0.22300000488758087,0.35089999437332153
YPL181W,YDL130W,0,-0.11024211,0.05973747745156288,0.22300000488758087,0.35100001096725464
YKL144C,YAL032C,0,-0.11027445,0.05972147732973099,0.22300000488758087,0.35109999775886536
YMR077C,YLR051C,0,-0.110278815,0.05970548838376999,0.22300000488758087,0.35120001435279846
YBR193C,YML099C,0,-0.11033912,0.05968950688838959,0.22300000488758087,0.3513000011444092
YER044C-A,YLL041C,0,-0.110403225,0.05967353656888008,0.22300000488758087,0.3513999879360199
YDR263C,YLR134W,0,-0.11042595,0.05965756997466087,0.22300000488758087,0.351500004529953
YOR020C,YLR134W,0,-0.11043219,0.05964161455631256,0.22300000488758087,0.3515999913215637
YKR024C,YDL231C,0,-0.110451475,0.059625666588544846,0.22300000488758087,0.3517000079154968
YBR038W,YJR006W,0,-0.11046977,0.059609729796648026,0.22300000488758087,0.35179999470710754
YIR008C,YER049W,0,-0.110485,0.0595938004553318,0.22300000488758087,0.35190001130104065
YOR304W,YHR079C-B,0,-0.11052024,0.059577878564596176,0.22300000488758087,0.35199999809265137
YHR070W,YBL100W-B,0,-0.110578194,0.05956196412444115,0.22300000488758087,0.3521000146865845
YKR056W,YML099C,0,-0.11067434,0.05954606086015701,0.22300000488758087,0.3522000014781952
YAL024C,YPL283C,0,-0.11071108,0.059530165046453476,0.22300000488758087,0.3522999882698059
YHL025W,YLR023C,0,-0.11073436,0.059514276683330536,0.22300000488758087,0.352400004863739
YJL106W,YCL069W,0,-0.11084123,0.05949839949607849,0.22300000488758087,0.35249999165534973
YPR110C,YBR020W,0,-0.11084944,0.05948252975940704,0.22300000488758087,0.35260000824928284
YHR150W,YLR249W,0,-0.11093296,0.05946666747331619,0.22300000488758087,0.35269999504089355
YDR057W,YMR219W,0,-0.11099745,0.05945081263780594,0.22300000488758087,0.35280001163482666
YBR085W,YNL126W,0,-0.11102261,0.05943496897816658,0.22300000488758087,0.3528999984264374
YPL195W,YHR143W-A,0,-0.11110924,0.05941913276910782,0.22300000488758087,0.3529999852180481
YLL017W,YKL088W,0,-0.111133784,0.059403304010629654,0.22300000488758087,0.3531000018119812
YER127W,YNL239W,0,-0.11113945,0.059387482702732086,0.22300000488758087,0.3531999886035919
YHL025W,YDL126C,0,-0.111227766,0.059371672570705414,0.22300000488758087,0.353300005197525
YPL161C,YDL150W,0,-0.11128603,0.05935586988925934,0.22300000488758087,0.35339999198913574
YML043C,YML057W,0,-0.111367896,0.05934007465839386,0.22300000488758087,0.35350000858306885
YLR431C,YGL099W,1,-0.111380026,0.05959031730890274,0.2240000069141388,0.35350000858306885
YER008C,YPR074C,0,-0.11139868,0.059574469923973083,0.2240000069141388,0.35359999537467957
YOL067C,YNL039W,0,-0.11147164,0.059558626264333725,0.2240000069141388,0.35370001196861267
YER095W,YFL058W,0,-0.111618295,0.05954279750585556,0.2240000069141388,0.3537999987602234
YBR185C,YCL062W,0,-0.1116198,0.059526972472667694,0.2240000069141388,0.3538999855518341
YML098W,YDR453C,0,-0.1116495,0.05951115861535072,0.2240000069141388,0.3540000021457672
YLL041C,YIR019C,0,-0.1116675,0.05949535220861435,0.2240000069141388,0.35409998893737793
YJL053W,YDL047W,0,-0.11175704,0.05947955325245857,0.2240000069141388,0.35420000553131104
YIL009C-A,YIR019C,0,-0.11177604,0.05946376547217369,0.2240000069141388,0.35429999232292175
YGR161C,YNL209W,0,-0.11178599,0.05944798141717911,0.2240000069141388,0.35440000891685486
YOR355W,YJR006W,0,-0.112063155,0.05943220853805542,0.2240000069141388,0.3544999957084656
YHR061C,YGR118W,0,-0.11215879,0.05941644683480263,0.2240000069141388,0.3546000123023987
YML043C,YER147C,0,-0.11227207,0.059400688856840134,0.2240000069141388,0.3546999990940094
YLR329W,YNL021W,0,-0.11241108,0.059384942054748535,0.2240000069141388,0.3547999858856201
YIL121W,YOR224C,0,-0.11250037,0.059369202703237534,0.2240000069141388,0.3549000024795532
YMR077C,YGR078C,0,-0.11264174,0.05935347080230713,0.2240000069141388,0.35499998927116394
YNL318C,YCL025C,0,-0.11266965,0.05933775007724762,0.2240000069141388,0.35510000586509705
YNR044W,YFL022C,0,-0.11269541,0.05932203307747841,0.2240000069141388,0.35519999265670776
YAL024C,YDR297W,0,-0.11270417,0.05930632725358009,0.2240000069141388,0.35530000925064087
YMR296C,YEL071W,0,-0.11271463,0.059290628880262375,0.2240000069141388,0.3553999960422516
YOR057W,YNL243W,0,-0.11275847,0.05927494168281555,0.2240000069141388,0.3555000126361847
YER095W,YML116W,0,-0.11303352,0.05925925821065903,0.2240000069141388,0.3555999994277954
YMR047C,YML055W,1,-0.113059565,0.059508066624403,0.22499999403953552,0.3555999994277954
YGR227W,YGR024C,0,-0.11310357,0.0594923309981823,0.22499999403953552,0.35569998621940613
YLR141W,YJL074C,0,-0.113136336,0.05947660654783249,0.22499999403953552,0.35580000281333923
YOL164W,YJL201W,0,-0.11314741,0.05946088954806328,0.22499999403953552,0.35589998960494995
YLR319C,YPL047W,0,-0.1131901,0.059445179998874664,0.22499999403953552,0.35600000619888306
YPL051W,YIL049W,0,-0.11319652,0.05942947790026665,0.22499999403953552,0.3560999929904938
YAL009W,YNL225C,0,-0.11320378,0.05941378325223923,0.22499999403953552,0.3562000095844269
YFR034C,YDR513W,0,-0.11325741,0.0593980997800827,0.22499999403953552,0.3562999963760376
YDR345C,YGL252C,0,-0.11327131,0.059382423758506775,0.22499999403953552,0.3564000129699707
YIL031W,YPL091W,0,-0.11329089,0.059366755187511444,0.22499999403953552,0.3564999997615814
YDR283C,YHR084W,0,-0.11333656,0.05935109406709671,0.22499999403953552,0.35659998655319214
YGR289C,YOL042W,0,-0.113454,0.05933544412255287,0.22499999403953552,0.35670000314712524
YLL016W,YDR179C,0,-0.113559976,0.05931979790329933,0.22499999403953552,0.35679998993873596
YLR423C,YML124C,0,-0.11361827,0.05930416285991669,0.22499999403953552,0.35690000653266907
YBR058C,YNL015W,0,-0.11363228,0.05928853899240494,0.22499999403953552,0.3569999933242798
YDL126C,YML052W,0,-0.11367053,0.05927291885018349,0.22499999403953552,0.3571000099182129
YJL010C,YPL170W,0,-0.11368735,0.05925730988383293,0.22499999403953552,0.3571999967098236
YJR077C,YNR047W,0,-0.11387408,0.059241704642772675,0.22499999403953552,0.3573000133037567
YMR047C,YLL024C,1,-0.11399995,0.05948933959007263,0.22599999606609344,0.3573000133037567
YOR239W,YMR036C,0,-0.11406146,0.059473685920238495,0.22599999606609344,0.35740000009536743
YGL006W,YLR005W,0,-0.114068076,0.059458035975694656,0.22599999606609344,0.35749998688697815
YDR231C,YOL124C,0,-0.11410703,0.05944239720702171,0.22599999606609344,0.35760000348091125
YJL173C,YAR033W,0,-0.114243954,0.059426769614219666,0.22599999606609344,0.357699990272522
YER111C,YMR033W,0,-0.11425759,0.059411145746707916,0.22599999606609344,0.3578000068664551
YHR204W,YCL016C,0,-0.114339575,0.05939553305506706,0.22599999606609344,0.3578999936580658
YHR150W,YOR117W,0,-0.11436427,0.059379927814006805,0.22599999606609344,0.3580000102519989
YKR072C,YHR082C,0,-0.11450103,0.059364330023527145,0.22599999606609344,0.3580999970436096
YIL080W,YDR251W,0,-0.11451395,0.05934873968362808,0.22599999606609344,0.3582000136375427
YNL078W,YEL026W,0,-0.11460151,0.059333156794309616,0.22599999606609344,0.35830000042915344
YLR397C,YIL121W,0,-0.11460352,0.059317585080862045,0.22599999606609344,0.35839998722076416
YLR130C,YEL053C,0,-0.1146653,0.05930202081799507,0.22599999606609344,0.35850000381469727
YNL066W,YGR157W,0,-0.11483738,0.059286464005708694,0.22599999606609344,0.358599990606308
YCR005C,YLR026C,0,-0.114847615,0.059270914644002914,0.22599999606609344,0.3587000072002411
YAL002W,YBL051C,0,-0.11489411,0.05925537645816803,0.22599999606609344,0.3587999939918518
YJR126C,YGR206W,1,-0.11489798,0.05950196459889412,0.22699999809265137,0.3587999939918518
YBR118W,YHR023W,0,-0.11497213,0.059486374258995056,0.22699999809265137,0.3589000105857849
YGL155W,YAL024C,0,-0.11506499,0.05947078764438629,0.22699999809265137,0.35899999737739563
YML103C,YMR035W,1,-0.11528303,0.05971712991595268,0.2280000001192093,0.35899999737739563
YIL117C,YHR020W,0,-0.11531623,0.05970149114727974,0.2280000001192093,0.35910001397132874
YER147C,YDR479C,0,-0.115321726,0.05968586355447769,0.2280000001192093,0.35920000076293945
YLL017W,YHR070W,0,-0.115376964,0.05967024341225624,0.2280000001192093,0.35929998755455017
YKL178C,YER108C,0,-0.11544494,0.05965463072061539,0.2280000001192093,0.3594000041484833
YDR345C,YGL006W,0,-0.11553474,0.05963902547955513,0.2280000001192093,0.359499990940094
YER082C,YOR209C,0,-0.1155394,0.05962343141436577,0.2280000001192093,0.3596000075340271
YOL088C,YMR198W,0,-0.11568029,0.059607844799757004,0.2280000001192093,0.3596999943256378
YJL069C,YFR047C,0,-0.1157175,0.05959226191043854,0.2280000001192093,0.3598000109195709
YLR394W,YPL267W,0,-0.11587976,0.05957669019699097,0.2280000001192093,0.35989999771118164
YAL002W,YGL049C,0,-0.115909144,0.05956112965941429,0.2280000001192093,0.36000001430511475
YDR398W,YDL120W,0,-0.11594768,0.059545572847127914,0.2280000001192093,0.36010000109672546
YDR277C,YLR453C,0,-0.11596717,0.05953002721071243,0.2280000001192093,0.3601999878883362
YNL262W,YNL078W,0,-0.11606766,0.05951448529958725,0.2280000001192093,0.3603000044822693
YOR132W,YNL021W,0,-0.11609261,0.05949895456433296,0.2280000001192093,0.36039999127388
YOL146W,YOL164W,0,-0.11610301,0.05948343500494957,0.2280000001192093,0.3605000078678131
YOL011W,YOR207C,0,-0.1162062,0.059467919170856476,0.2280000001192093,0.36059999465942383
YLR023C,YIR012W,0,-0.11630982,0.05945241078734398,0.2280000001192093,0.36070001125335693
YLR221C,YNL243W,0,-0.11633456,0.05943691357970238,0.2280000001192093,0.36079999804496765
YOR057W,YKL101W,0,-0.11647649,0.05942142382264137,0.2280000001192093,0.36090001463890076
YCR005C,YER108C,0,-0.116657555,0.059405941516160965,0.2280000001192093,0.3610000014305115
YJL053W,YBR038W,0,-0.116686285,0.059390466660261154,0.2280000001192093,0.3610999882221222
YJL090C,YER008C,0,-0.11672653,0.05937499925494194,0.2280000001192093,0.3612000048160553
YDL116W,YGL099W,1,-0.11698665,0.05961989238858223,0.2290000021457672,0.3612000048160553
YHR061C,YIL080W,0,-0.11698915,0.05960437282919884,0.2290000021457672,0.361299991607666
YGR238C,YJR013W,0,-0.117004305,0.05958886444568634,0.2290000021457672,0.3614000082015991
YDR449C,YER062C,0,-0.117022485,0.05957335978746414,0.2290000021457672,0.36149999499320984
YBR132C,YNL062C,0,-0.11704327,0.05955786630511284,0.2290000021457672,0.36160001158714294
YGL246C,YLR361C,0,-0.11704616,0.05954238027334213,0.2290000021457672,0.36169999837875366
YOR304W,YNL068C,0,-0.11723967,0.05952690541744232,0.2290000021457672,0.3617999851703644
YOR081C,YKL140W,0,-0.117255464,0.05951143428683281,0.2290000021457672,0.3619000017642975
YGR157W,YCR092C,0,-0.11725856,0.05949597433209419,0.2290000021457672,0.3619999885559082
YML116W,YLR361C,0,-0.117277324,0.059480518102645874,0.2290000021457672,0.3621000051498413
YKL081W,YHR008C,0,-0.1172982,0.05946507304906845,0.2290000021457672,0.362199991941452
YPR065W,YDR045C,0,-0.117468715,0.059449635446071625,0.2290000021457672,0.36230000853538513
YER178W,YHR053C,0,-0.11751865,0.059434205293655396,0.2290000021457672,0.36239999532699585
YHR079C-B,YLR329W,0,-0.117591366,0.05941878631711006,0.2290000021457672,0.36250001192092896
YNL197C,YGR092W,0,-0.117668495,0.059403371065855026,0.2290000021457672,0.3625999987125397
YGR272C,YAR007C,0,-0.11771615,0.059387966990470886,0.2290000021457672,0.3626999855041504
YMR035W,YPR139C,1,-0.11776362,0.0596318393945694,0.23000000417232513,0.3626999855041504
YGR029W,YDR495C,1,-0.11787589,0.05987558141350746,0.23100000619888306,0.3626999855041504
YNL066W,YKL016C,0,-0.11799531,0.05986006557941437,0.23100000619888306,0.3628000020980835
YLR206W,YOL142W,0,-0.11803456,0.05984456092119217,0.23100000619888306,0.3628999888896942
YLR139C,YKL016C,0,-0.11805476,0.05982905998826027,0.23100000619888306,0.3630000054836273
YDL020C,YMR212C,0,-0.118095726,0.059813566505908966,0.23100000619888306,0.36309999227523804
YFR034C,YML011C,0,-0.1181175,0.05979808419942856,0.23100000619888306,0.36320000886917114
YGR276C,YBL040C,0,-0.118140236,0.05978260934352875,0.23100000619888306,0.36329999566078186
YLR410W,YOR257W,0,-0.11823939,0.059767141938209534,0.23100000619888306,0.36340001225471497
YMR016C,YKL179C,0,-0.1184109,0.05975168198347092,0.23100000619888306,0.3634999990463257
YOR359W,YBL078C,1,-0.1187053,0.05999482795596123,0.23199999332427979,0.3634999990463257
YCL005W-A,YNL209W,0,-0.11872102,0.05997931584715843,0.23199999332427979,0.3635999858379364
YBR217W,YLR431C,1,-0.11883043,0.06022227928042412,0.2329999953508377,0.3635999858379364
YOL147C,YER116C,0,-0.118837625,0.06020671874284744,0.2329999953508377,0.3637000024318695
YDR353W,YNL206C,0,-0.11885987,0.060191165655851364,0.2329999953508377,0.3637999892234802
YDR457W,YAL038W,0,-0.11900313,0.06017562001943588,0.2329999953508377,0.36390000581741333
YOL090W,YJR153W,0,-0.11905797,0.060160081833601,0.2329999953508377,0.36399999260902405
YOR156C,YKR095W-A,0,-0.11910917,0.06014455482363701,0.2329999953508377,0.36410000920295715
YML011C,YLL056C,0,-0.11915359,0.06012903153896332,0.2329999953508377,0.36419999599456787
YHR006W,YDR303C,0,-0.119223356,0.06011351943016052,0.2329999953508377,0.364300012588501
YCR075C,YNL251C,0,-0.11923055,0.060098014771938324,0.2329999953508377,0.3643999993801117
YLR182W,YJL006C,0,-0.11933778,0.06008251756429672,0.2329999953508377,0.3644999861717224
YBR098W,YOL135C,0,-0.11937998,0.06006702780723572,0.2329999953508377,0.3646000027656555
YML013W,YIL101C,0,-0.11942829,0.06005154550075531,0.2329999953508377,0.36469998955726624
YDL155W,YLR068W,0,-0.1196889,0.0600360743701458,0.2329999953508377,0.36480000615119934
YHR079C-B,YMR227C,0,-0.11975098,0.060020606964826584,0.2329999953508377,0.36489999294281006
YGL022W,YKR095W-A,0,-0.119878605,0.060005150735378265,0.2329999953508377,0.36500000953674316
YKL081W,YOL135C,0,-0.11992104,0.059989701956510544,0.2329999953508377,0.3650999963283539
YOL090W,YDR448W,0,-0.11992277,0.05997426062822342,0.2329999953508377,0.365200012922287
YER109C,YBL003C,0,-0.1199729,0.05995882675051689,0.2329999953508377,0.3652999997138977
YIR008C,YIL076W,0,-0.119976476,0.05994340032339096,0.2329999953508377,0.3653999865055084
YNL318C,YBR082C,0,-0.120109245,0.059927985072135925,0.2329999953508377,0.36550000309944153
YHR079C-B,YGR123C,0,-0.12016559,0.05991257354617119,0.2329999953508377,0.36559998989105225
YJL060W,YJR108W,0,-0.12019566,0.05989717319607735,0.2329999953508377,0.36570000648498535
YGR286C,YOR058C,0,-0.12024243,0.0598817802965641,0.2329999953508377,0.36579999327659607
YER044C-A,YER003C,0,-0.12025316,0.059866391122341156,0.2329999953508377,0.3659000098705292
YBL100W-B,YNL015W,0,-0.1202787,0.059851013123989105,0.2329999953508377,0.3659999966621399
YHR084W,YPR073C,0,-0.12034887,0.05983564630150795,0.2329999953508377,0.366100013256073
YOL069W,YGR024C,0,-0.12045638,0.05982028320431709,0.2329999953508377,0.3662000000476837
YBR058C,YPL159C,0,-0.120473266,0.05980492755770683,0.2329999953508377,0.36629998683929443
YHL025W,YML021C,0,-0.120606646,0.05978958308696747,0.2329999953508377,0.36640000343322754
YNL294C,YIR012W,0,-0.12064864,0.0597742423415184,0.2329999953508377,0.36649999022483826
YGL032C,YNL015W,0,-0.120649025,0.05975891277194023,0.2329999953508377,0.36660000681877136
YGR078C,YEL066W,0,-0.12066166,0.05974359065294266,0.2329999953508377,0.3666999936103821
YPR138C,YNL126W,0,-0.12067258,0.05972827598452568,0.2329999953508377,0.3668000102043152
YDR341C,YMR056C,0,-0.12068054,0.0597129687666893,0.2329999953508377,0.3668999969959259
YBR136W,YMR246W,0,-0.12069024,0.05969766899943352,0.2329999953508377,0.367000013589859
YIL080W,YDL102W,0,-0.12072508,0.05968237668275833,0.2329999953508377,0.3671000003814697
YOR338W,YKL062W,0,-0.12076704,0.05966709181666374,0.2329999953508377,0.36719998717308044
YML043C,YDR288W,0,-0.120784655,0.05965181812644005,0.2329999953508377,0.36730000376701355
YML055W,YHL028W,1,-0.12082727,0.059892501682043076,0.23399999737739563,0.36730000376701355
YDR435C,YDR072C,0,-0.12082808,0.0598771758377552,0.23399999737739563,0.36739999055862427
YIL101C,YER108C,0,-0.120831,0.05986185744404793,0.23399999737739563,0.3675000071525574
YHR055C,YLL031C,0,-0.12088798,0.05984654650092125,0.23399999737739563,0.3675999939441681
YGR217W,YGR179C,0,-0.12092672,0.059831246733665466,0.23399999737739563,0.3677000105381012
YHR139C,YML011C,0,-0.120956495,0.05981595069169998,0.23399999737739563,0.3677999973297119
YMR309C,YER062C,0,-0.12104194,0.05980066582560539,0.23399999737739563,0.367900013923645
YER109C,YCL016C,0,-0.12109564,0.0597853846848011,0.23399999737739563,0.36800000071525574
YHR175W,YPL040C,0,-0.12120481,0.059770114719867706,0.23399999737739563,0.36809998750686646
YHR204W,YNL259C,0,-0.12124099,0.05975485220551491,0.23399999737739563,0.36820000410079956
YPL123C,YMR001C,0,-0.12125516,0.059739597141742706,0.23399999737739563,0.3682999908924103
YMR198W,YDR450W,0,-0.12142354,0.0597243495285511,0.23399999737739563,0.3684000074863434
YMR293C,YPR051W,0,-0.12142876,0.059709109365940094,0.23399999737739563,0.3684999942779541
YOL126C,YKL070W,0,-0.12143268,0.05969387665390968,0.23399999737739563,0.3686000108718872
YDL052C,YPL097W,0,-0.121482134,0.05967865511775017,0.23399999737739563,0.3686999976634979
YLR410W,YIL039W,0,-0.12148833,0.05966343730688095,0.23399999737739563,0.36880001425743103
YBL018C,YKL017C,0,-0.12154122,0.05964822694659233,0.23399999737739563,0.36890000104904175
YOR304W,YOR272W,0,-0.121854976,0.059633027762174606,0.23399999737739563,0.36899998784065247
YOR182C,YAL001C,0,-0.121922776,0.05961783602833748,0.23399999737739563,0.36910000443458557
YLR060W,YKR095W-A,0,-0.12199275,0.05960264801979065,0.23399999737739563,0.3691999912261963
YPR051W,YBL051C,0,-0.12201196,0.059587471187114716,0.23399999737739563,0.3693000078201294
YOR344C,YHR082C,0,-0.122064605,0.05957230180501938,0.23399999737739563,0.3693999946117401
YDL227C,YER012W,0,-0.12209676,0.05955713987350464,0.23399999737739563,0.3695000112056732
YDR170W-A,YNL039W,0,-0.12209903,0.059541985392570496,0.23399999737739563,0.36959999799728394
YMR227C,YIL154C,0,-0.122153684,0.05952683836221695,0.23399999737739563,0.36970001459121704
YHR152W,YBR177C,0,-0.12218426,0.059511698782444,0.23399999737739563,0.36980000138282776
YER087C-A,YDR153C,1,-0.12223761,0.05975082516670227,0.23499999940395355,0.36980000138282776
YPL041C,YGL032C,0,-0.12224774,0.05973563715815544,0.23499999940395355,0.3698999881744385
YDR320C,YGL022W,0,-0.12225647,0.05972045660018921,0.23499999940395355,0.3700000047683716
YDR163W,YJR006W,0,-0.12226632,0.059705283492803574,0.23499999940395355,0.3700999915599823
YLR316C,YEL050C,0,-0.12233399,0.059690117835998535,0.23499999940395355,0.3702000081539154
YDR011W,YOR007C,0,-0.12237269,0.05967496335506439,0.23499999940395355,0.3702999949455261
YPL137C,YAL068C,0,-0.122447595,0.05965981259942055,0.23499999940395355,0.37040001153945923
YFL050C,YDL164C,0,-0.122498676,0.0596446692943573,0.23499999940395355,0.37049999833106995
YHR129C,YLR329W,0,-0.12252845,0.05962953716516495,0.23499999940395355,0.37059998512268066
YPR065W,YNR057C,0,-0.1226071,0.059614408761262894,0.23499999940395355,0.37070000171661377
YLR431C,YML103C,1,-0.12263614,0.059852905571460724,0.23600000143051147,0.37070000171661377
YPL015C,YNL039W,0,-0.122675285,0.05983772873878479,0.23600000143051147,0.3707999885082245
YBL018C,YDR263C,0,-0.122693524,0.05982255935668945,0.23600000143051147,0.3709000051021576
YDR192C,YDL088C,1,-0.122716025,0.06006082147359848,0.2370000034570694,0.3709000051021576
YJL090C,YGL028C,0,-0.12271881,0.06004560366272926,0.2370000034570694,0.3709999918937683
YMR016C,YIL080W,0,-0.12278785,0.06003039330244064,0.2370000034570694,0.3711000084877014
YLR319C,YDR165W,0,-0.12284689,0.06001519411802292,0.2370000034570694,0.37119999527931213
YCR075C,YNL015W,0,-0.12290667,0.05999999865889549,0.2370000034570694,0.37130001187324524
YDR284C,YFR047C,0,-0.12303589,0.05998481437563896,0.2370000034570694,0.37139999866485596
YGR054W,YOR132W,0,-0.123166844,0.05996963381767273,0.2370000034570694,0.3714999854564667
YNL294C,YPL069C,0,-0.12322275,0.05995446443557739,0.2370000034570694,0.3716000020503998
YOL095C,YGL166W,0,-0.12324381,0.05993930250406265,0.2370000034570694,0.3716999888420105
YAL009W,YER127W,0,-0.12326433,0.05992414802312851,0.2370000034570694,0.3718000054359436
YDL013W,YLR114C,0,-0.12344505,0.059908997267484665,0.2370000034570694,0.3718999922275543
YGR078C,YKL101W,0,-0.12350534,0.059893857687711716,0.2370000034570694,0.3720000088214874
YMR288W,YBR127C,0,-0.12353118,0.05987872555851936,0.2370000034570694,0.37209999561309814
YER173W,YGL206C,0,-0.123553574,0.05986360087990761,0.2370000034570694,0.37220001220703125
YHR085W,YNL239W,0,-0.12358506,0.05984848365187645,0.2370000034570694,0.37229999899864197
YPL096W,YBL082C,0,-0.12359269,0.05983337387442589,0.2370000034570694,0.3723999857902527
YPL130W,YNL039W,0,-0.12361245,0.05981827527284622,0.2370000034570694,0.3725000023841858
YOL158C,YLR035C-A,0,-0.12368478,0.059803180396556854,0.2370000034570694,0.3725999891757965
YLR141W,YOL068C,0,-0.12368773,0.059788092970848083,0.2370000034570694,0.3727000057697296
YAL009W,YLR145W,0,-0.12371208,0.05977301299571991,0.2370000034570694,0.37279999256134033
YEL036C,YLL026W,0,-0.12384842,0.05975794419646263,0.2370000034570694,0.37290000915527344
YOR272W,YLL031C,0,-0.12392768,0.05974287912249565,0.2370000034570694,0.37299999594688416
YDR439W,YLL056C,0,-0.12401104,0.05972782149910927,0.2370000034570694,0.37310001254081726
YLR431C,YGL016W,1,-0.124017745,0.059964727610349655,0.23800000548362732,0.37310001254081726
YHR143W-A,YKL062W,0,-0.12409212,0.05994962155818939,0.23800000548362732,0.373199999332428
YAL068C,YOR020C,0,-0.12416679,0.059934526681900024,0.23800000548362732,0.3732999861240387
YOR344C,YOR076C,0,-0.124296844,0.059919435530900955,0.23800000548362732,0.3734000027179718
YBR038W,YJL145W,0,-0.124355,0.05990435555577278,0.23800000548362732,0.3734999895095825
YOR153W,YOR076C,0,-0.12441042,0.059889279305934906,0.23800000548362732,0.3736000061035156
YLR316C,YHR055C,0,-0.12442285,0.059874214231967926,0.23800000548362732,0.37369999289512634
YLR423C,YNR056C,0,-0.12455015,0.05985915660858154,0.23800000548362732,0.37380000948905945
YNL206C,YPL147W,0,-0.12456231,0.05984410271048546,0.23800000548362732,0.37389999628067017
YCL038C,YLR008C,1,-0.124580756,0.06008044257760048,0.23899999260902405,0.37389999628067017
YBR210W,YER042W,0,-0.12465854,0.06006534397602081,0.23899999260902405,0.37400001287460327
YCL034W,YNR030W,0,-0.124663964,0.060050252825021744,0.23899999260902405,0.374099999666214
YLL056C,YDR045C,0,-0.124695346,0.06003516539931297,0.23899999260902405,0.3741999864578247
YBR085W,YBR002C,0,-0.12478939,0.0600200891494751,0.23899999260902405,0.3743000030517578
YJL087C,YOL165C,0,-0.12480725,0.06000502035021782,0.23899999260902405,0.37439998984336853
YML011C,YML107C,0,-0.12481135,0.05998995900154114,0.23899999260902405,0.37450000643730164
YBR179C,YNL045W,0,-0.1251277,0.05997490510344505,0.23899999260902405,0.37459999322891235
YLR376C,YHL020C,0,-0.12516461,0.059959858655929565,0.23899999260902405,0.37470000982284546
YBR057C,YLR139C,0,-0.12519796,0.059944819658994675,0.23899999260902405,0.3747999966144562
YCR067C,YDL015C,0,-0.12520874,0.05992978811264038,0.23899999260902405,0.3749000132083893
YDL081C,YNR030W,0,-0.12521553,0.059914764016866684,0.23899999260902405,0.375
YBR199W,YBL003C,0,-0.12522203,0.05989975109696388,0.23899999260902405,0.3750999867916107
YER173W,YHR163W,0,-0.12523009,0.05988474190235138,0.23899999260902405,0.3752000033855438
YPL267W,YML081C-A,0,-0.12529889,0.05986974015831947,0.23899999260902405,0.37529999017715454
YLR009W,YKR027W,0,-0.12542985,0.059854745864868164,0.23899999260902405,0.37540000677108765
YIR022W,YDL088C,1,-0.12552063,0.06009013578295708,0.23999999463558197,0.37540000677108765
YIR013C,YOR020C,0,-0.12555723,0.06007509306073189,0.23999999463558197,0.37549999356269836
YIL153W,YJR026W,0,-0.12557934,0.060060061514377594,0.23999999463558197,0.37560001015663147
YBR136W,YHR055C,0,-0.12558421,0.0600450336933136,0.23999999463558197,0.3756999969482422
YKL108W,YJR026W,0,-0.12570058,0.0600300133228302,0.23999999463558197,0.3758000135421753
YJL106W,YNR056C,0,-0.12593661,0.0600150041282177,0.23999999463558197,0.375900000333786
YDR163W,YER122C,0,-0.12594268,0.05999999865889549,0.23999999463558197,0.37599998712539673
YOR243C,YDR255C,0,-0.12596378,0.05998500436544418,0.23999999463558197,0.37610000371932983
YFL004W,YER174C,0,-0.12606463,0.05997001379728317,0.23999999463558197,0.37619999051094055
YBR217W,YGL099W,1,-0.12607175,0.060204844921827316,0.2409999966621399,0.37619999051094055
YMR301C,YKR089C,0,-0.12607725,0.060189809650182724,0.2409999966621399,0.37630000710487366
YBR136W,YHR075C,0,-0.12610108,0.06017478182911873,0.2409999966621399,0.3763999938964844
YER020W,YNL065W,0,-0.12610377,0.06015976145863533,0.2409999966621399,0.3765000104904175
YMR288W,YLR453C,0,-0.12610814,0.06014474853873253,0.2409999966621399,0.3765999972820282
YKL088W,YML062C,0,-0.12624341,0.060129739344120026,0.2409999966621399,0.3767000138759613
YOL067C,YML052W,0,-0.1263852,0.06011474132537842,0.2409999966621399,0.376800000667572
YIL049W,YDR341C,0,-0.12640093,0.06009975075721741,0.2409999966621399,0.37689998745918274
YMR073C,YJR006W,0,-0.12640719,0.06008476763963699,0.2409999966621399,0.37700000405311584
YPL091W,YMR096W,0,-0.1265101,0.060069791972637177,0.2409999966621399,0.37709999084472656
YJR121W,YML011C,0,-0.12676507,0.06005482003092766,0.2409999966621399,0.37720000743865967
YPL175W,YLR167W,0,-0.12678619,0.060039859265089035,0.2409999966621399,0.3772999942302704
YIL009C-A,YCR005C,0,-0.12680632,0.06002490594983101,0.2409999966621399,0.3774000108242035
YMR172W,YAR033W,0,-0.12684162,0.06000996008515358,0.2409999966621399,0.3774999976158142
YMR047C,YHR005C-A,1,-0.12689847,0.060243964195251465,0.24199999868869781,0.3774999976158142
YOR240W,YLR238W,0,-0.12690997,0.060228969901800156,0.24199999868869781,0.3776000142097473
YFR052W,YPL110C,0,-0.12691876,0.06021398305892944,0.24199999868869781,0.37770000100135803
YJL108C,YPR067W,0,-0.12694368,0.06019900366663933,0.24199999868869781,0.37779998779296875
YML132W,YNL021W,0,-0.12701035,0.06018403545022011,0.24199999868869781,0.37790000438690186
YNR046W,YGL219C,0,-0.1272132,0.060169070959091187,0.24199999868869781,0.3779999911785126
YPL147W,YDR225W,0,-0.12745692,0.06015411391854286,0.24199999868869781,0.3781000077724457
YDR456W,YLR088W,0,-0.12755498,0.060139164328575134,0.24199999868869781,0.3781999945640564
YBR256C,YOR207C,0,-0.12758346,0.060124222189188004,0.24199999868869781,0.3783000111579895
YJR090C,YML078W,0,-0.12770937,0.06010929122567177,0.24199999868869781,0.3783999979496002
YDR247W,YLR009W,0,-0.12775323,0.06009436398744583,0.24199999868869781,0.3785000145435333
YOR081C,YMR036C,0,-0.12785675,0.06007944419980049,0.24199999868869781,0.37860000133514404
YLR155C,YHR023W,0,-0.12790662,0.06006453186273575,0.24199999868869781,0.37869998812675476
YDL194W,YDR297W,0,-0.12820305,0.0600496269762516,0.24199999868869781,0.37880000472068787
YLR397C,YKL140W,0,-0.12833409,0.06003472954034805,0.24199999868869781,0.3788999915122986
YBL058W,YIL002C,0,-0.12833478,0.0600198395550251,0.24199999868869781,0.3790000081062317
YDR295C,YER025W,0,-0.12835869,0.060004960745573044,0.24199999868869781,0.3790999948978424
YJL090C,YBR127C,0,-0.12842093,0.059990085661411285,0.24199999868869781,0.3792000114917755
YOR288C,YKR007W,0,-0.12855875,0.059975218027830124,0.24199999868869781,0.37929999828338623
YIL034C,YBR002C,0,-0.12858059,0.05996035784482956,0.24199999868869781,0.37940001487731934
YER145C,YER173W,0,-0.12860923,0.05994550511240959,0.24199999868869781,0.37950000166893005
YDL002C,YHR020W,0,-0.1286222,0.05993065983057022,0.24199999868869781,0.37959998846054077
YGR179C,YAL038W,0,-0.12869728,0.05991582199931145,0.24199999868869781,0.3797000050544739
YKR065C,YMR153W,1,-0.12874708,0.060148514807224274,0.24300000071525574,0.3797000050544739
YPL267W,YOR003W,0,-0.12878288,0.06013362854719162,0.24300000071525574,0.3797999918460846
YNR057C,YEL053C,0,-0.12885778,0.06011875346302986,0.24300000071525574,0.3799000084400177
YCL044C,YOL142W,0,-0.12886946,0.0601038821041584,0.24300000071525574,0.3799999952316284
YBR060C,YBR244W,0,-0.1288708,0.06008902192115784,0.24300000071525574,0.3801000118255615
YLR115W,YJL113W,0,-0.1288857,0.06007416546344757,0.24300000071525574,0.38019999861717224
YBR288C,YHR008C,0,-0.12898637,0.0600593164563179,0.24300000071525574,0.38029998540878296
YGL075C,YML075C,0,-0.12898989,0.06004447862505913,0.24300000071525574,0.38040000200271606
YMR198W,YFL022C,0,-0.1290311,0.06002964451909065,0.24300000071525574,0.3804999887943268
YML058W,YKR009C,0,-0.1291313,0.060014817863702774,0.24300000071525574,0.3806000053882599
YOR076C,YDR087C,0,-0.12920488,0.05999999865889549,0.24300000071525574,0.3806999921798706
YMR260C,YDL160C,0,-0.12921777,0.059985190629959106,0.24300000071525574,0.3808000087738037
YNL318C,YPL053C,0,-0.12926637,0.05997038632631302,0.24300000071525574,0.38089999556541443
YPL196W,YMR267W,0,-0.12944937,0.05995558947324753,0.24300000071525574,0.38100001215934753
YGL122C,YIL080W,0,-0.12948358,0.059940800070762634,0.24300000071525574,0.38109999895095825
YNL094W,YBR182C,0,-0.12957956,0.05992601811885834,0.24300000071525574,0.38119998574256897
YIL121W,YMR080C,0,-0.12960254,0.05991124361753464,0.24300000071525574,0.3813000023365021
YGL033W,YJL052W,0,-0.12962852,0.059896476566791534,0.24300000071525574,0.3813999891281128
YCL016C,YGR286C,0,-0.12967679,0.05988171696662903,0.24300000071525574,0.3815000057220459
YNL045W,YBL090W,0,-0.12975845,0.05986696109175682,0.24300000071525574,0.3815999925136566
YGL028C,YDR184C,0,-0.1297862,0.05985221639275551,0.24300000071525574,0.3817000091075897
YHR084W,YNL251C,0,-0.1298216,0.05983747914433479,0.24300000071525574,0.38179999589920044
YEL036C,YML038C,0,-0.12988739,0.059822745621204376,0.24300000071525574,0.38190001249313354
YER044C-A,YOL068C,0,-0.12990327,0.059808023273944855,0.24300000071525574,0.38199999928474426
YPL130W,YOR076C,0,-0.12997676,0.05979330837726593,0.24300000071525574,0.382099986076355
YJL069C,YBL090W,0,-0.13001586,0.059778597205877304,0.24300000071525574,0.3822000026702881
YNL256W,YGR238C,0,-0.13005525,0.05976389721035957,0.24300000071525574,0.3822999894618988
YDR093W,YDR398W,0,-0.13008653,0.05974920094013214,0.24300000071525574,0.3824000060558319
YEL071W,YKL166C,0,-0.13013323,0.059734512120485306,0.24300000071525574,0.3824999928474426
YNL197C,YDR308C,0,-0.13021879,0.059719834476709366,0.24300000071525574,0.38260000944137573
YLR170C,YDL231C,0,-0.13022515,0.059705160558223724,0.24300000071525574,0.38269999623298645
YJL026W,YJL201W,0,-0.13023941,0.05969049409031868,0.24300000071525574,0.38280001282691956
YKL042W,YHR082C,0,-0.13025106,0.05967583507299423,0.24300000071525574,0.3828999996185303
YJR121W,YNL078W,0,-0.13035896,0.05966118350625038,0.24300000071525574,0.382999986410141
YAL024C,YOR151C,0,-0.1304595,0.05964653939008713,0.24300000071525574,0.3831000030040741
YLR155C,YKR007W,0,-0.13049217,0.05963190272450447,0.24300000071525574,0.3831999897956848
YNR011C,YNL177C,0,-0.1304922,0.05961727350950241,0.24300000071525574,0.3833000063896179
YBR193C,YGL120C,0,-0.13051875,0.05960264801979065,0.24300000071525574,0.38339999318122864
YGL028C,YDR545W,0,-0.13055147,0.05958803370594978,0.24300000071525574,0.38350000977516174
YNL153C,YAL002W,0,-0.13064885,0.059573423117399216,0.24300000071525574,0.38359999656677246
YBL074C,YCL029C,0,-0.13070804,0.05955882370471954,0.24300000071525574,0.38370001316070557
YKL189W,YHR030C,0,-0.13076086,0.05954422801733017,0.24300000071525574,0.3837999999523163
YOR132W,YOL165C,0,-0.13080063,0.05952964350581169,0.24300000071525574,0.383899986743927
YOL158C,YGR186W,0,-0.13134284,0.05951506271958351,0.24300000071525574,0.3840000033378601
YCL069W,YDL015C,0,-0.13149948,0.05950048938393593,0.24300000071525574,0.3840999901294708
YLR405W,YMR188C,0,-0.13153401,0.05948592349886894,0.24300000071525574,0.38420000672340393
YIL017C,YAL034W-A,0,-0.13157701,0.05947136506438255,0.24300000071525574,0.38429999351501465
YBR228W,YDR151C,0,-0.13173263,0.05945681408047676,0.24300000071525574,0.38440001010894775
YDR148C,YCR102C,0,-0.13174267,0.059442270547151566,0.24300000071525574,0.38449999690055847
YEL036C,YIL076W,0,-0.13183977,0.05942773446440697,0.24300000071525574,0.3846000134944916
YER005W,YGR258C,0,-0.13187695,0.05941320210695267,0.24300000071525574,0.3847000002861023
YML029W,YGR024C,0,-0.1318849,0.05939868092536926,0.24300000071525574,0.384799987077713
YMR293C,YDR398W,0,-0.13193068,0.05938416346907616,0.24300000071525574,0.3849000036716461
YHR075C,YOR338W,0,-0.13196537,0.059369657188653946,0.24300000071525574,0.38499999046325684
YPR010C,YML075C,0,-0.13196795,0.059355154633522034,0.24300000071525574,0.38510000705718994
YPL130W,YJL134W,0,-0.13201047,0.05934065952897072,0.24300000071525574,0.38519999384880066
YOR076C,YLR114C,0,-0.13201103,0.059326171875,0.24300000071525574,0.38530001044273376
YPR042C,YHR152W,0,-0.13206045,0.05931169167160988,0.24300000071525574,0.3853999972343445
YCR075C,YML094W,0,-0.13219072,0.059297218918800354,0.24300000071525574,0.3855000138282776
YML058W,YOR056C,0,-0.1322205,0.059282753616571426,0.24300000071525574,0.3856000006198883
YIL066C,YPR033C,0,-0.13232253,0.0592682920396328,0.24300000071525574,0.385699987411499
YHR020W,YKL017C,0,-0.1323304,0.059253841638565063,0.24300000071525574,0.38580000400543213
YOL034W,YOR257W,0,-0.13235986,0.05923939496278763,0.24300000071525574,0.38589999079704285
YML094W,YIL036W,0,-0.13237606,0.05922495573759079,0.24300000071525574,0.38600000739097595
YMR288W,YBR182C,0,-0.13246953,0.05921052768826485,0.24300000071525574,0.38609999418258667
YLR329W,YOR338W,0,-0.13249181,0.0591961033642292,0.24300000071525574,0.3862000107765198
YFR002W,YHR083W,1,-0.1325279,0.0594252310693264,0.24400000274181366,0.3862000107765198
YNL001W,YER020W,0,-0.13254602,0.059410762041807175,0.24400000274181366,0.3862999975681305
YPL096W,YMR083W,0,-0.13261788,0.059396300464868546,0.24400000274181366,0.3864000141620636
YMR267W,YJL133W,0,-0.13262197,0.05938184633851051,0.24400000274181366,0.3865000009536743
YDR075W,YAR033W,0,-0.1326616,0.05936739593744278,0.24400000274181366,0.38659998774528503
YPR183W,YLR201C,0,-0.1326642,0.05935295671224594,0.24400000274181366,0.38670000433921814
YAL022C,YER122C,0,-0.13271184,0.0593385212123394,0.24400000274181366,0.38679999113082886
YCL069W,YLR035C-A,0,-0.13275567,0.05932409316301346,0.24400000274181366,0.38690000772476196
YKL017C,YHR118C,0,-0.13282809,0.05930967256426811,0.24400000274181366,0.3869999945163727
YPL028W,YOL091W,0,-0.13283144,0.05929525941610336,0.24400000274181366,0.3871000111103058
YBR098W,YPL011C,0,-0.13297321,0.05928085371851921,0.24400000274181366,0.3871999979019165
YIL034C,YER116C,0,-0.13301326,0.059266455471515656,0.24400000274181366,0.3873000144958496
YDR192C,YEL013W,1,-0.13302542,0.059494901448488235,0.24500000476837158,0.3873000144958496
YDR255C,YGL106W,0,-0.13303731,0.0594804547727108,0.24500000476837158,0.3874000012874603
YDR283C,YER042W,0,-0.13306381,0.05946601927280426,0.24500000476837158,0.38749998807907104
YPL130W,YER145C,0,-0.13308226,0.05945159122347832,0.24500000476837158,0.38760000467300415
YER082C,YBR297W,0,-0.13310169,0.05943716689944267,0.24500000476837158,0.38769999146461487
YKL144C,YGR054W,0,-0.13319142,0.059422750025987625,0.24500000476837158,0.387800008058548
YDR172W,YHR139C,0,-0.13320388,0.059408340603113174,0.24500000476837158,0.3878999948501587
YDL164C,YJL201W,0,-0.13322744,0.05939393863081932,0.24500000476837158,0.3880000114440918
YBL058W,YOL005C,0,-0.13329226,0.059379544109106064,0.24500000476837158,0.3880999982357025
YEL036C,YJL113W,0,-0.13337533,0.059365157037973404,0.24500000476837158,0.3882000148296356
YJL087C,YPR200C,0,-0.13341363,0.05935077369213104,0.24500000476837158,0.38830000162124634
YJL039C,YLR298C,0,-0.13364083,0.059336401522159576,0.24500000476837158,0.38839998841285706
YPR065W,YBR015C,0,-0.13367198,0.05932203307747841,0.24500000476837158,0.38850000500679016
YMR227C,YKL101W,0,-0.13385297,0.05930767208337784,0.24500000476837158,0.3885999917984009
YDL227C,YCR005C,0,-0.13398565,0.05929332226514816,0.24500000476837158,0.388700008392334
YCR020C,YPR067W,0,-0.13405508,0.05927897244691849,0.24500000476837158,0.3887999951839447
YOR156C,YOL005C,0,-0.13407026,0.05926463380455971,0.24500000476837158,0.3889000117778778
YHR139C,YKL175W,0,-0.13412772,0.059250302612781525,0.24500000476837158,0.3889999985694885
YHR175W,YGR075C,0,-0.1341921,0.05923597514629364,0.24500000476837158,0.38909998536109924
YNL094W,YBR118W,0,-0.13431282,0.05922165885567665,0.24500000476837158,0.38920000195503235
YOR272W,YOR002W,0,-0.13431866,0.05920734629034996,0.24500000476837158,0.38929998874664307
YGR157W,YGL150C,0,-0.13432844,0.05919304117560387,0.24500000476837158,0.38940000534057617
YDL088C,YEL013W,1,-0.13433175,0.05942029133439064,0.2460000067949295,0.38940000534057617
YGL078C,YBR273C,0,-0.13436036,0.059405941516160965,0.2460000067949295,0.3894999921321869
YJL006C,YGL001C,0,-0.1344578,0.05939159914851189,0.2460000067949295,0.38960000872612
YGL022W,YBR244W,0,-0.13446544,0.059377264231443405,0.2460000067949295,0.3896999955177307
YBL058W,YMR288W,0,-0.13471128,0.05936293303966522,0.2460000067949295,0.3898000121116638
YIR013C,YFR031C,0,-0.13473308,0.059348613023757935,0.2460000067949295,0.38989999890327454
YER025W,YGL206C,0,-0.13477181,0.059334296733140945,0.2460000067949295,0.38999998569488525
YLR206W,YMR212C,0,-0.13479255,0.05931999161839485,0.2460000067949295,0.39010000228881836
YLR319C,YDL231C,0,-0.13479374,0.059305690228939056,0.2460000067949295,0.3901999890804291
YFR052W,YKR063C,0,-0.13483836,0.05929139629006386,0.2460000067949295,0.3903000056743622
YMR091C,YEL013W,1,-0.13489257,0.05951807275414467,0.24699999392032623,0.3903000056743622
YNR056C,YGL219C,0,-0.13489422,0.05950373411178589,0.24699999392032623,0.3903999924659729
YPL028W,YLR139C,0,-0.13497014,0.059489402920007706,0.24699999392032623,0.390500009059906
YDL126C,YOR020C,0,-0.13512374,0.05947507917881012,0.24699999392032623,0.3905999958515167
YGR279C,YNR019W,0,-0.13515076,0.05946075916290283,0.24699999392032623,0.39070001244544983
YFL002C,YPL275W,0,-0.13532907,0.05944645032286644,0.24699999392032623,0.39079999923706055
YDR277C,YPL275W,0,-0.13534208,0.059432145208120346,0.24699999392032623,0.39089998602867126
YER166W,YDR324C,0,-0.13536198,0.05941785126924515,0.24699999392032623,0.39100000262260437
YGR272C,YGR225W,0,-0.1353665,0.05940356105566025,0.24699999392032623,0.3910999894142151
YDR052C,YJR140C,0,-0.13541166,0.059389274567365646,0.24699999392032623,0.3912000060081482
YFR048W,YGL166W,0,-0.1354201,0.05937499925494194,0.24699999392032623,0.3912999927997589
YOR020C,YER018C,0,-0.13542224,0.05936073139309883,0.24699999392032623,0.391400009393692
YGR286C,YER042W,0,-0.13546993,0.05934646725654602,0.24699999392032623,0.39149999618530273
YOR117W,YGR258C,0,-0.13547996,0.05933221057057381,0.24699999392032623,0.39160001277923584
YBR136W,YNL278W,0,-0.13563615,0.05931796506047249,0.24699999392032623,0.39169999957084656
YDR093W,YLR051C,0,-0.13577034,0.05930372327566147,0.24699999392032623,0.3917999863624573
YCR067C,YOR148C,0,-0.13578555,0.05928948521614075,0.24699999392032623,0.3919000029563904
YLR394W,YPL283C,0,-0.13580689,0.05927525833249092,0.24699999392032623,0.3919999897480011
YCR026C,YDR072C,0,-0.13585462,0.05926103517413139,0.24699999392032623,0.3921000063419342
YDL235C,YOR056C,0,-0.13592283,0.05924682319164276,0.24699999392032623,0.3921999931335449
YKL108W,YHR194W,0,-0.13593052,0.05923261493444443,0.24699999392032623,0.392300009727478
YAL011W,YLR350W,0,-0.13595676,0.05921841412782669,0.24699999392032623,0.39239999651908875
YCR066W,YOR056C,0,-0.1359945,0.05920421704649925,0.24699999392032623,0.39250001311302185
YNL243W,YBR177C,0,-0.13601227,0.05919003114104271,0.24699999392032623,0.39259999990463257
YLR316C,YKL200C,0,-0.13601552,0.059175848960876465,0.24699999392032623,0.3926999866962433
YBR057C,YNL239W,0,-0.13603298,0.059161677956581116,0.24699999392032623,0.3928000032901764
YGR002C,YJR013W,0,-0.13622583,0.059147510677576065,0.24699999392032623,0.3928999900817871
YHR068W,YML025C,0,-0.13625461,0.05913335084915161,0.24699999392032623,0.3930000066757202
YGR157W,YGR097W,0,-0.13625588,0.059119194746017456,0.24699999392032623,0.39309999346733093
YER049W,YMR075W,0,-0.13630868,0.059105049818754196,0.24699999392032623,0.39320001006126404
YDR244W,YDL116W,1,-0.13637505,0.05933014303445816,0.24799999594688416,0.39320001006126404
YGL180W,YJR153W,0,-0.13652413,0.05931595340371132,0.24799999594688416,0.39329999685287476
YER015W,YER003C,0,-0.13655512,0.059301771223545074,0.24799999594688416,0.39340001344680786
YBR179C,YLR363C,0,-0.1367382,0.05928759276866913,0.24799999594688416,0.3935000002384186
YMR026C,YHL028W,1,-0.13675262,0.0595124289393425,0.24899999797344208,0.3935000002384186
YAR007C,YML094W,0,-0.13675313,0.05949820950627327,0.24899999797344208,0.3935999870300293
YDR325W,YOR003W,0,-0.1367604,0.05948399379849434,0.24899999797344208,0.3937000036239624
YOL158C,YLR210W,0,-0.13679543,0.059469789266586304,0.24899999797344208,0.3937999904155731
YDR244W,YGL016W,1,-0.13697302,0.05969436466693878,0.25,0.3937999904155731
YMR172W,YNL248C,0,-0.13702662,0.059680115431547165,0.25,0.3939000070095062
YJL074C,YFL011W-A,0,-0.13720264,0.05966586992144585,0.25,0.39399999380111694
YGL025C,YLR210W,0,-0.13728353,0.059651635587215424,0.25,0.39410001039505005
YNL001W,YER001W,0,-0.13732864,0.0596374049782753,0.25,0.39419999718666077
YJL069C,YMR065W,0,-0.13741782,0.05962318181991577,0.25,0.39430001378059387
YGL181W,YGR112W,0,-0.13746019,0.05960896611213684,0.25,0.3944000005722046
YML132W,YOL146W,0,-0.1374781,0.05959475412964821,0.25,0.3944999873638153
YDL164C,YBR092C,0,-0.13750653,0.05958055332303047,0.25,0.3946000039577484
YBR265W,YNL243W,0,-0.13755931,0.05956635624170303,0.25,0.39469999074935913
YBL074C,YOL033W,0,-0.13758476,0.05955216661095619,0.25,0.39480000734329224
YER082C,YDR073W,0,-0.13772534,0.05953798443078995,0.25,0.39489999413490295
YHR020W,YLR238W,0,-0.13774948,0.0595238097012043,0.25,0.39500001072883606
YJL090C,YER116C,0,-0.1377927,0.05950964242219925,0.25,0.3950999975204468
YKL042W,YMR219W,0,-0.13792424,0.0594954788684845,0.25,0.3952000141143799
YDR191W,YDR435C,0,-0.13801476,0.05948132276535034,0.25,0.3953000009059906
YGL032C,YML098W,0,-0.1380918,0.05946717411279678,0.25,0.3953999876976013
YDL079C,YDR165W,0,-0.13813312,0.05945303291082382,0.25,0.3955000042915344
YLR430W,YNL045W,0,-0.13823675,0.05943889543414116,0.25,0.39559999108314514
YMR172W,YML024W,0,-0.13830745,0.05942476913332939,0.25,0.39570000767707825
YNL259C,YMR065W,0,-0.13846093,0.05941064655780792,0.25,0.39579999446868896
YGL075C,YGL187C,0,-0.1386893,0.05939653143286705,0.25,0.39590001106262207
YMR060C,YDR225W,0,-0.13881283,0.059382423758506775,0.25,0.3959999978542328
YGL180W,YNL239W,0,-0.13881563,0.0593683198094368,0.25,0.3961000144481659
YPL160W,YPR067W,0,-0.13883305,0.05935422703623772,0.25,0.3962000012397766
YLL016W,YDL020C,0,-0.13884881,0.059340137988328934,0.25,0.39629998803138733
YLR170C,YOL095C,0,-0.13887167,0.05932605639100075,0.25,0.39640000462532043
YML103C,YBR164C,1,-0.13887693,0.059549227356910706,0.25099998712539673,0.39640000462532043
YLR376C,YOL054W,0,-0.13888104,0.059535104781389236,0.25099998712539673,0.39649999141693115
YFR052W,YMR260C,0,-0.13893984,0.059520985931158066,0.25099998712539673,0.39660000801086426
YLR431C,YBR171W,1,-0.13899644,0.05974395573139191,0.25200000405311584,0.39660000801086426
YLR276C,YKR061W,0,-0.13905181,0.059729792177677155,0.25200000405311584,0.396699994802475
YGL071W,YOR372C,0,-0.13926822,0.0597156397998333,0.25200000405311584,0.3968000113964081
YJL106W,YLR453C,0,-0.1392862,0.05970149114727974,0.25200000405311584,0.3968999981880188
YLR088W,YCL029C,0,-0.13928673,0.059687353670597076,0.25200000405311584,0.3970000147819519
YIL017C,YOL165C,0,-0.1395153,0.05967321991920471,0.25200000405311584,0.3971000015735626
YPR020W,YDL164C,0,-0.1395184,0.059659089893102646,0.25200000405311584,0.39719998836517334
YJR121W,YDR151C,0,-0.13953935,0.059644971042871475,0.25200000405311584,0.39730000495910645
YOL067C,YDR069C,0,-0.13957353,0.0596308559179306,0.25200000405311584,0.39739999175071716
YDR236C,YOR148C,0,-0.13991834,0.05961674824357033,0.25200000405311584,0.39750000834465027
YMR056C,YMR212C,0,-0.139933,0.05960264801979065,0.25200000405311584,0.397599995136261
YBR082C,YBR273C,0,-0.13997485,0.05958855524659157,0.25200000405311584,0.3977000117301941
YNL261W,YPR067W,0,-0.14014603,0.059574469923973083,0.25200000405311584,0.3977999985218048
YHR129C,YCR005C,0,-0.14016525,0.0595603883266449,0.25200000405311584,0.3978999853134155
YNR007C,YGL097W,1,-0.14017175,0.05978260934352875,0.2529999911785126,0.3978999853134155
YHL028W,YDR495C,1,-0.14029397,0.06000472605228424,0.2540000081062317,0.3978999853134155
YDL088C,YML031W,1,-0.14038898,0.06022673472762108,0.2549999952316284,0.3978999853134155
YJL085W,YLR107W,0,-0.14057618,0.06021251529455185,0.2549999952316284,0.39800000190734863
YOL165C,YOL164W,0,-0.14063345,0.06019829958677292,0.2549999952316284,0.39809998869895935
YPL041C,YPR009W,0,-0.14065239,0.060184091329574585,0.2549999952316284,0.39820000529289246
YDR320C,YAL024C,0,-0.14071989,0.06016989052295685,0.2549999952316284,0.3982999920845032
YML029W,YLR145W,0,-0.14080621,0.06015569716691971,0.2549999952316284,0.3984000086784363
YOL090W,YEL053C,0,-0.1408301,0.060141511261463165,0.2549999952316284,0.398499995470047
YKR065C,YOR359W,1,-0.14093424,0.06036312133073807,0.25600001215934753,0.398499995470047
YMR083W,YOL091W,0,-0.1411482,0.06034889072179794,0.25600001215934753,0.3986000120639801
YLR107W,YJL138C,0,-0.14129128,0.060334667563438416,0.25600001215934753,0.3986999988555908
YPR051W,YBR127C,0,-0.14129855,0.060320451855659485,0.25600001215934753,0.39879998564720154
YOR243C,YOR003W,0,-0.14130862,0.06030624359846115,0.25600001215934753,0.39890000224113464
YCL034W,YPR132W,0,-0.14135127,0.060292039066553116,0.25600001215934753,0.39899998903274536
YER062C,YMR301C,0,-0.14146094,0.06027784198522568,0.25600001215934753,0.39910000562667847
YBR077C,YLR210W,0,-0.14161071,0.060263652354478836,0.25600001215934753,0.3991999924182892
YGL028C,YAL032C,0,-0.14164068,0.06024947017431259,0.25600001215934753,0.3993000090122223
YOL069W,YGR258C,0,-0.14167508,0.060235295444726944,0.25600001215934753,0.399399995803833
YHR079C-B,YKL173W,0,-0.14168338,0.060221124440431595,0.25600001215934753,0.3995000123977661
YLR397C,YAL001C,0,-0.14179046,0.06020696088671684,0.25600001215934753,0.39959999918937683
YKR065C,YMR308C,1,-0.14182448,0.06042793393135071,0.25699999928474426,0.39959999918937683
YOR056C,YGR112W,0,-0.14197011,0.06041372939944267,0.25699999928474426,0.39969998598098755
YDL045C,YLR051C,0,-0.14200525,0.060399528592824936,0.25699999928474426,0.39980000257492065
YLR313C,YIL034C,0,-0.14203073,0.060385338962078094,0.25699999928474426,0.39989998936653137
YIL117C,YNR057C,0,-0.1420335,0.06037115305662155,0.25699999928474426,0.4000000059604645
YEL036C,YBR211C,0,-0.1420643,0.060356974601745605,0.25699999928474426,0.4000999927520752
YOL165C,YEL071W,0,-0.14209421,0.060342803597450256,0.25699999928474426,0.4002000093460083
YOR147W,YDL058W,0,-0.14217684,0.060328640043735504,0.25699999928474426,0.400299996137619
YPR183W,YNL278W,0,-0.1422074,0.06031448021531105,0.25699999928474426,0.4004000127315521
YGR007W,YKR009C,0,-0.14227338,0.060300327837467194,0.25699999928474426,0.40049999952316284
YLR376C,YHR070W,0,-0.14235319,0.060286182910203934,0.25699999928474426,0.40059998631477356
YBL078C,YGR206W,1,-0.14247543,0.06050656735897064,0.257999986410141,0.40059998631477356
YPL015C,YJL106W,0,-0.1424758,0.0604923814535141,0.257999986410141,0.40070000290870667
YJL090C,YHR023W,0,-0.14251147,0.060478199273347855,0.257999986410141,0.4007999897003174
YML043C,YER116C,0,-0.14259541,0.06046402454376221,0.257999986410141,0.4009000062942505
YIL009C-A,YEL053C,0,-0.14265263,0.060449860990047455,0.257999986410141,0.4009999930858612
YPL091W,YAL032C,0,-0.14267698,0.0604356974363327,0.257999986410141,0.4011000096797943
YDR324C,YBR015C,0,-0.14274678,0.060421545058488846,0.257999986410141,0.40119999647140503
YEL004W,YPL276W,0,-0.14279895,0.060407400131225586,0.257999986410141,0.40130001306533813
YHR053C,YMR036C,0,-0.14281099,0.060393258929252625,0.257999986410141,0.40139999985694885
YGL120C,YDR225W,0,-0.14285421,0.06037912517786026,0.257999986410141,0.40149998664855957
YGR054W,YMR188C,0,-0.1429135,0.06036499887704849,0.257999986410141,0.4016000032424927
YGL246C,YDR440W,0,-0.14301063,0.06035087630152702,0.257999986410141,0.4016999900341034
YGL006W,YKR095W-A,0,-0.14301158,0.06033676490187645,0.257999986410141,0.4018000066280365
YOR115C,YOR095C,0,-0.14302243,0.060322657227516174,0.257999986410141,0.4018999934196472
YPL137C,YOL164W,0,-0.14312737,0.060308557003736496,0.257999986410141,0.4020000100135803
YMR288W,YKR095W-A,0,-0.14314388,0.060294460505247116,0.257999986410141,0.40209999680519104
YDR013W,YBR127C,0,-0.14316124,0.06028037518262863,0.257999986410141,0.40220001339912415
YLR394W,YKR063C,0,-0.14332844,0.060266293585300446,0.257999986410141,0.40230000019073486
YPL232W,YER109C,0,-0.14354162,0.060252219438552856,0.257999986410141,0.4023999869823456
YBR161W,YMR296C,0,-0.1435891,0.060238149017095566,0.257999986410141,0.4025000035762787
YJL173C,YER173W,0,-0.14366315,0.06022408977150917,0.257999986410141,0.4025999903678894
YLR394W,YDL130W,0,-0.14367391,0.060210034251213074,0.257999986410141,0.4027000069618225
YKL170W,YDR418W,0,-0.14369343,0.060195986181497574,0.257999986410141,0.4027999937534332
YMR047C,YNL070W,1,-0.14369427,0.06041520833969116,0.2590000033378601,0.4027999937534332
YHR190W,YMR172W,0,-0.14370316,0.06040111929178238,0.2590000033378601,0.40290001034736633
YDR507C,YGR078C,0,-0.14385228,0.06038703769445419,0.2590000033378601,0.40299999713897705
YGR272C,YDR011W,0,-0.1438637,0.060372959822416306,0.2590000033378601,0.40310001373291016
YMR039C,YOR355W,0,-0.14394727,0.060358889400959015,0.2590000033378601,0.4032000005245209
YML052W,YAR010C,0,-0.14398764,0.06034482643008232,0.2590000033378601,0.4032999873161316
YLR265C,YNL021W,0,-0.14413297,0.060330770909786224,0.2590000033378601,0.4034000039100647
YLR394W,YAL024C,0,-0.14427216,0.060316722840070724,0.2590000033378601,0.4034999907016754
YKL194C,YPR200C,0,-0.14434887,0.06030267849564552,0.2590000033378601,0.4036000072956085
YOR245C,YNL225C,0,-0.14447595,0.06028864160180092,0.2590000033378601,0.40369999408721924
YOR156C,YLR221C,0,-0.14448759,0.06027460843324661,0.2590000033378601,0.40380001068115234
YER109C,YCL001W,0,-0.1445676,0.0602605864405632,0.2590000033378601,0.40389999747276306
YOL034W,YCL029C,0,-0.1445878,0.06024656817317009,0.2590000033378601,0.40400001406669617
YAR007C,YNL248C,0,-0.14465742,0.060232557356357574,0.2590000033378601,0.4041000008583069
YLR088W,YHR088W,0,-0.14466943,0.060218553990125656,0.2590000033378601,0.4041999876499176
YNL326C,YDR288W,0,-0.14468347,0.060204554349184036,0.2590000033378601,0.4043000042438507
YPL232W,YER044C-A,0,-0.14469883,0.06019056588411331,0.2590000033378601,0.4043999910354614
YKL108W,YCL029C,0,-0.14470614,0.060176581144332886,0.2590000033378601,0.40450000762939453
YBL058W,YHR053C,0,-0.14472616,0.06016260012984276,0.2590000033378601,0.40459999442100525
YHR150W,YJR153W,0,-0.14480026,0.060148630291223526,0.2590000033378601,0.40470001101493835
YDR436W,YNL177C,0,-0.14482126,0.06013466417789459,0.2590000033378601,0.4047999978065491
YKL088W,YHR118C,0,-0.14490843,0.060120705515146255,0.2590000033378601,0.4049000144004822
YDR398W,YDL164C,0,-0.14507316,0.060106754302978516,0.2590000033378601,0.4050000011920929
YDR325W,YLR144C,0,-0.14508979,0.060092806816101074,0.2590000033378601,0.4050999879837036
YDR231C,YGL257C,0,-0.1450945,0.06007886677980423,0.2590000033378601,0.4052000045776367
YIL009C-A,YGL181W,0,-0.14513096,0.06006493419408798,0.2590000033378601,0.40529999136924744
YMR198W,YER174C,0,-0.14523672,0.06005100905895233,0.2590000033378601,0.40540000796318054
YGR147C,YPL053C,0,-0.14537129,0.06003708764910698,0.2590000033378601,0.40549999475479126
YKR022C,YLR453C,0,-0.14541765,0.060023173689842224,0.2590000033378601,0.40560001134872437
YGR092W,YJL173C,0,-0.14547491,0.060009267181158066,0.2590000033378601,0.4056999981403351
YJL008C,YGL006W,0,-0.14552434,0.059995368123054504,0.2590000033378601,0.4058000147342682
YLR430W,YLR376C,0,-0.14556265,0.05998147279024124,0.2590000033378601,0.4059000015258789
YNL326C,YML081C-A,0,-0.14560662,0.059967584908008575,0.2590000033378601,0.4059999883174896
YIL066C,YJL113W,0,-0.14567582,0.059953704476356506,0.2590000033378601,0.40610000491142273
YDL020C,YMR219W,0,-0.14575256,0.059939827769994736,0.2590000033378601,0.40619999170303345
YMR197C,YJL113W,0,-0.14584209,0.05992595851421356,0.2590000033378601,0.40630000829696655
YNL256W,YDR295C,0,-0.14594553,0.059912096709012985,0.2590000033378601,0.40639999508857727
YBR098W,YAL032C,0,-0.14595228,0.059898242354393005,0.2590000033378601,0.4065000116825104
YJR006W,YDL102W,0,-0.1460636,0.059884391725063324,0.2590000033378601,0.4065999984741211
YML098W,YNL002C,0,-0.14616193,0.05987054854631424,0.2590000033378601,0.4066999852657318
YOL147C,YLR249W,0,-0.14617176,0.05985671281814575,0.2590000033378601,0.4068000018596649
YNL326C,YNL126W,0,-0.14621294,0.05984288454055786,0.2590000033378601,0.40689998865127563
YHR139C,YDR341C,0,-0.14625742,0.05982905998826027,0.2590000033378601,0.40700000524520874
YER095W,YNL278W,0,-0.14639044,0.059815242886543274,0.2590000033378601,0.40709999203681946
YGL033W,YLR221C,0,-0.14646237,0.059801433235406876,0.2590000033378601,0.40720000863075256
YBR161W,YIL101C,0,-0.14646591,0.059787627309560776,0.2590000033378601,0.4072999954223633
YPL153C,YML058W-A,0,-0.14646609,0.05977382883429527,0.2590000033378601,0.4074000120162964
YER166W,YDR184C,0,-0.14651288,0.05976003780961037,0.2590000033378601,0.4074999988079071
YFL013C,YPL097W,0,-0.14657342,0.05974625051021576,0.2590000033378601,0.4075999855995178
YHR053C,YJL113W,0,-0.14675005,0.05973247066140175,0.2590000033378601,0.4077000021934509
YLL016W,YGL206C,0,-0.146765,0.059718698263168335,0.2590000033378601,0.40779998898506165
YDR135C,YDL100C,0,-0.14681427,0.05970493331551552,0.2590000033378601,0.40790000557899475
YPL137C,YGL206C,0,-0.14701794,0.059691172093153,0.2590000033378601,0.40799999237060547
YOR081C,YJR153W,0,-0.14706354,0.05967741832137108,0.2590000033378601,0.4081000089645386
YJR155W,YLR088W,0,-0.14707567,0.059663672000169754,0.2590000033378601,0.4081999957561493
YOL135C,YPL170W,0,-0.14712682,0.05964992940425873,0.2590000033378601,0.4083000123500824
YDL116W,YLR292C,1,-0.14723974,0.05986645072698593,0.25999999046325684,0.4083000123500824
YLR313C,YDR345C,0,-0.14742546,0.05985267087817192,0.25999999046325684,0.4083999991416931
YLR313C,YGL120C,0,-0.14743052,0.05983889475464821,0.25999999046325684,0.40849998593330383
YBR193C,YJL113W,0,-0.14746699,0.05982512608170509,0.25999999046325684,0.40860000252723694
YNL070W,YHR197W,1,-0.14747189,0.060041408985853195,0.26100000739097595,0.40860000252723694
YDR324C,YKR009C,0,-0.14747904,0.0600275993347168,0.26100000739097595,0.40869998931884766
YNL070W,YGR119C,1,-0.14749037,0.06024373322725296,0.2619999945163727,0.40869998931884766
YLR329W,YMR212C,0,-0.14760427,0.06022988632321358,0.2619999945163727,0.40880000591278076
YCL001W,YMR227C,0,-0.14765747,0.06021604314446449,0.2619999945163727,0.4088999927043915
YKR086W,YFL058W,0,-0.14766683,0.060202207416296005,0.2619999945163727,0.4090000092983246
YNL078W,YER001W,0,-0.14780688,0.060188375413417816,0.2619999945163727,0.4090999960899353
YPL161C,YDL130W,0,-0.147836,0.060174550861120224,0.2619999945163727,0.4092000126838684
YDR385W,YNL239W,0,-0.14785236,0.06016073375940323,0.2619999945163727,0.4092999994754791
YML092C,YGL049C,0,-0.14788865,0.06014692410826683,0.2619999945163727,0.40939998626708984
YFR034C,YGR161C,0,-0.14798142,0.06013311818242073,0.2619999945163727,0.40950000286102295
YOL067C,YMR296C,0,-0.14803348,0.06011931970715523,0.2619999945163727,0.40959998965263367
YFR048W,YOR144C,0,-0.1482131,0.06010552868247032,0.2619999945163727,0.4097000062465668
YML051W,YLL056C,0,-0.14821674,0.060091741383075714,0.2619999945163727,0.4097999930381775
YCL038C,YML031W,1,-0.1482801,0.06030726805329323,0.2630000114440918,0.4097999930381775
YMR096W,YFR027W,0,-0.1483257,0.060293443500995636,0.2630000114440918,0.4099000096321106
YMR150C,YBR164C,1,-0.14832953,0.06050882488489151,0.2639999985694885,0.4099000096321106
YPL195W,YOR095C,0,-0.14841683,0.060494959354400635,0.2639999985694885,0.4099999964237213
YNL126W,YLR144C,0,-0.14844167,0.060481101274490356,0.2639999985694885,0.4101000130176544
YOR123C,YKL070W,0,-0.14848039,0.06046724691987038,0.2639999985694885,0.41019999980926514
YPR007C,YOL165C,0,-0.14848758,0.060453400015830994,0.2639999985694885,0.41029998660087585
YML038C,YDL130W-A,0,-0.14851262,0.06043956056237221,0.2639999985694885,0.41040000319480896
YDR263C,YGR147C,0,-0.14852063,0.06042572855949402,0.2639999985694885,0.4104999899864197
YPL123C,YGR123C,0,-0.14853491,0.06041190028190613,0.2639999985694885,0.4106000065803528
YCL069W,YDR341C,0,-0.14856641,0.060398079454898834,0.2639999985694885,0.4106999933719635
YOR132W,YPR199C,0,-0.14863119,0.06038426235318184,0.2639999985694885,0.4108000099658966
YCR026C,YLR430W,0,-0.14867379,0.06037045642733574,0.2639999985694885,0.4108999967575073
YDL043C,YFR047C,0,-0.14872779,0.06035665422677994,0.2639999985694885,0.41100001335144043
YPL028W,YCL001W,0,-0.14874601,0.060342855751514435,0.2639999985694885,0.41110000014305115
YCL016C,YER001W,0,-0.14879164,0.06032906845211983,0.2639999985694885,0.41119998693466187
YLR397C,YNL326C,0,-0.14884259,0.06031528487801552,0.2639999985694885,0.41130000352859497
YDL088C,YOR359W,1,-0.1488493,0.0605299212038517,0.26499998569488525,0.41130000352859497
YLR410W,YNR019W,0,-0.14890449,0.060516100376844406,0.26499998569488525,0.4113999903202057
YMR267W,YHR163W,0,-0.14905731,0.06050228327512741,0.26499998569488525,0.4115000069141388
YDL198C,YCR005C,0,-0.14923175,0.06048847362399101,0.26499998569488525,0.4115999937057495
YJL173C,YDR309C,0,-0.14923353,0.06047466769814491,0.26499998569488525,0.4117000102996826
YBR172C,YMR077C,0,-0.14928737,0.06046087294816971,0.26499998569488525,0.41179999709129333
YAR010C,YPL283C,0,-0.1494597,0.0604470819234848,0.26499998569488525,0.41190001368522644
YNL065W,YIL038C,0,-0.14961646,0.060433294624090195,0.26499998569488525,0.41200000047683716
YCL011C,YOL034W,0,-0.14967148,0.06041951850056648,0.26499998569488525,0.4120999872684479
YNL078W,YER008C,0,-0.14969146,0.06040574610233307,0.26499998569488525,0.412200003862381
YKR056W,YGR157W,0,-0.14974049,0.060391977429389954,0.26499998569488525,0.4122999906539917
YML013W,YNR057C,0,-0.14974894,0.060378219932317734,0.26499998569488525,0.4124000072479248
YDR297W,YEL066W,0,-0.14991672,0.06036446616053581,0.26499998569488525,0.4124999940395355
YGL006W,YDR297W,0,-0.15005995,0.06035071611404419,0.26499998569488525,0.41260001063346863
YBR170C,YBR211C,0,-0.1500673,0.06033697724342346,0.26499998569488525,0.41269999742507935
YOL164W,YER127W,0,-0.15029815,0.06032324209809303,0.26499998569488525,0.41280001401901245
YER174C,YDL058W,0,-0.15038006,0.0603095144033432,0.26499998569488525,0.41290000081062317
YDR236C,YCL029C,0,-0.15040426,0.06029579043388367,0.26499998569488525,0.4129999876022339
YBR136W,YGR258C,0,-0.15041938,0.06028207391500473,0.26499998569488525,0.413100004196167
YPL051W,YGR157W,0,-0.15054749,0.06026836484670639,0.26499998569488525,0.4131999909877777
YPL028W,YGL106W,0,-0.15061998,0.06025465950369835,0.26499998569488525,0.4133000075817108
YDR170W-A,YPR199C,0,-0.15065543,0.0602409653365612,0.26499998569488525,0.41339999437332153
YDR263C,YPL283C,0,-0.15068306,0.06022727116942406,0.26499998569488525,0.41350001096725464
YKR060W,YNL021W,0,-0.15081032,0.060213588178157806,0.26499998569488525,0.41359999775886536
YJL013C,YOL164W,0,-0.15093784,0.060199908912181854,0.26499998569488525,0.41370001435279846
YGL187C,YLR383W,0,-0.15107894,0.0601862370967865,0.26499998569488525,0.4138000011444092
YPR110C,YMR188C,0,-0.15110023,0.06017256900668144,0.26499998569488525,0.4138999879360199
YHR098C,YMR234W,0,-0.15110357,0.06015891209244728,0.26499998569488525,0.414000004529953
YJL010C,YIL076W,0,-0.15111506,0.06014525517821312,0.26499998569488525,0.4140999913215637
YLR265C,YML099C,0,-0.15122648,0.060131609439849854,0.26499998569488525,0.4142000079154968
YDR091C,YMR026C,1,-0.1512427,0.06034482643008232,0.26600000262260437,0.4142000079154968
YAL021C,YDR381W,0,-0.15142377,0.06033113971352577,0.26600000262260437,0.41429999470710754
YNL177C,YLR107W,0,-0.15144041,0.06031746044754982,0.26600000262260437,0.41440001130104065
YHR082C,YDL160C,0,-0.15150042,0.060303784906864166,0.26600000262260437,0.41449999809265137
YDR244W,YMR153W,1,-0.15154777,0.06051677092909813,0.2669999897480011,0.41449999809265137
YNL256W,YLR117C,0,-0.15155762,0.06050305813550949,0.2669999897480011,0.4146000146865845
YLR397C,YML038C,0,-0.15155846,0.06048935279250145,0.2669999897480011,0.4147000014781952
YBL082C,YDR295C,0,-0.15156662,0.06047565117478371,0.2669999897480011,0.4147999882698059
YJL008C,YHR038W,0,-0.15161379,0.06046195700764656,0.2669999897480011,0.414900004863739
YPL123C,YLR141W,0,-0.15181555,0.06044826656579971,0.2669999897480011,0.41499999165534973
YDR135C,YML021C,0,-0.15182707,0.06043458729982376,0.2669999897480011,0.41510000824928284
YIL009C-A,YMR197C,0,-0.15187573,0.06042090803384781,0.2669999897480011,0.41519999504089355
YFR048W,YDR092W,0,-0.15191816,0.06040723994374275,0.2669999897480011,0.41530001163482666
YER109C,YKL189W,0,-0.15197532,0.060393575578927994,0.2669999897480011,0.4153999984264374
YOR115C,YDL164C,0,-0.15209636,0.06037991866469383,0.2669999897480011,0.4154999852180481
YIR019C,YKR024C,0,-0.15221138,0.06036626547574997,0.2669999897480011,0.4156000018119812
YMR238W,YKR009C,0,-0.15221496,0.060352623462677,0.2669999897480011,0.4156999886035919
YGR014W,YER108C,0,-0.15223442,0.060338981449604034,0.2669999897480011,0.415800005197525
YOR304W,YBR015C,0,-0.15226574,0.06032535061240196,0.2669999897480011,0.41589999198913574
YGR002C,YLR035C-A,0,-0.15236145,0.06031172350049019,0.2669999897480011,0.41600000858306885
YPL276W,YDR123C,0,-0.1524328,0.06029810383915901,0.2669999897480011,0.41609999537467957
YFR034C,YDR093W,0,-0.15245609,0.060284487903118134,0.2669999897480011,0.41620001196861267
YCL016C,YDR236C,0,-0.15248322,0.06027087941765785,0.2669999897480011,0.4162999987602234
YKL088W,YFL013C,0,-0.15253024,0.06025727838277817,0.2669999897480011,0.4163999855518341
YBR168W,YOR151C,0,-0.1525347,0.06024368107318878,0.2669999897480011,0.4165000021457672
YGL025C,YGR245C,0,-0.15264282,0.06023009121417999,0.2669999897480011,0.41659998893737793
YKL195W,YDR192C,1,-0.1526444,0.060442037880420685,0.2680000066757202,0.41659998893737793
YDR303C,YNR057C,0,-0.1527088,0.06042841076850891,0.2680000066757202,0.41670000553131104
YDL081C,YDR297W,0,-0.15278049,0.060414787381887436,0.2680000066757202,0.41679999232292175
YOL158C,YFL022C,0,-0.15278663,0.06040117144584656,0.2680000066757202,0.41690000891685486
YGR289C,YGR054W,0,-0.15286224,0.060387562960386276,0.2680000066757202,0.4169999957084656
YOR182C,YFL050C,0,-0.1528898,0.06037395820021629,0.2680000066757202,0.4171000123023987
YCL044C,YJR026W,0,-0.1529109,0.06036036089062691,0.2680000066757202,0.4171999990940094
YIL031W,YOR056C,0,-0.15299,0.06034676730632782,0.2680000066757202,0.4172999858856201
YER166W,YOL142W,0,-0.15303113,0.06033318489789963,0.2680000066757202,0.4174000024795532
YKR009C,YJL074C,0,-0.15304439,0.060319602489471436,0.2680000066757202,0.41749998927116394
YDR192C,YBR171W,1,-0.15305795,0.06053105369210243,0.26899999380111694,0.41749998927116394
YDR381W,YPL126W,0,-0.15313075,0.060517434030771255,0.26899999380111694,0.41760000586509705
YNL126W,YBL040C,0,-0.15317777,0.060503821820020676,0.26899999380111694,0.41769999265670776
YPL126W,YMR030W,0,-0.15317817,0.06049021705985069,0.26899999380111694,0.41780000925064087
YER015W,YMR016C,0,-0.15322436,0.06047661975026131,0.26899999380111694,0.4178999960422516
YLR453C,YOR288C,0,-0.15331961,0.06046302616596222,0.26899999380111694,0.4180000126361847
YPL196W,YPR010C,0,-0.15333976,0.06044944003224373,0.26899999380111694,0.4180999994277954
YIL002C,YML024W,0,-0.15338454,0.060435857623815536,0.26899999380111694,0.41819998621940613
YNL129W,YML107C,0,-0.1535231,0.06042228266596794,0.26899999380111694,0.41830000281333923
YBR217W,YPL243W,1,-0.15358856,0.060633279383182526,0.27000001072883606,0.41830000281333923
YHR129C,YKL192C,0,-0.15362807,0.060619667172431946,0.27000001072883606,0.41839998960494995
YPL041C,YBL100W-B,0,-0.15362912,0.06060606241226196,0.27000001072883606,0.41850000619888306
YGR029W,YDL088C,1,-0.15369889,0.06081687659025192,0.2709999978542328,0.41850000619888306
YDR292C,YCL038C,1,-0.15378106,0.06102759763598442,0.2720000147819519,0.41850000619888306
YPR067W,YJL074C,0,-0.15395653,0.06101390719413757,0.2720000147819519,0.4185999929904938
YKL101W,YBR211C,0,-0.15404178,0.06100022420287132,0.2720000147819519,0.4187000095844269
YML092C,YDR435C,0,-0.15406574,0.06098654866218567,0.2720000147819519,0.4187999963760376
YBR256C,YLR009W,0,-0.15413405,0.060972876846790314,0.2720000147819519,0.4189000129699707
YOR207C,YOR257W,0,-0.15413678,0.060959212481975555,0.2720000147819519,0.4189999997615814
YOR304W,YJR108W,0,-0.1541842,0.060945551842451096,0.2720000147819519,0.41909998655319214
YDR477W,YCR102C,0,-0.15420115,0.06093189865350723,0.2720000147819519,0.41920000314712524
YBL040C,YFL022C,0,-0.15420501,0.06091825291514397,0.2720000147819519,0.41929998993873596
YBR057C,YLR201C,0,-0.1542406,0.060904610902071,0.2720000147819519,0.41940000653266907
YDR303C,YLR005W,0,-0.15433945,0.06089098006486893,0.2720000147819519,0.4194999933242798
YGR285C,YER062C,0,-0.15449177,0.060877349227666855,0.2720000147819519,0.4196000099182129
YER145C,YER178W,0,-0.154542,0.06086372956633568,0.2720000147819519,0.4196999967098236
YER166W,YBR020W,0,-0.15459776,0.0608501136302948,0.2720000147819519,0.4198000133037567
YNL078W,YML128C,0,-0.15465076,0.06083650141954422,0.2720000147819519,0.41990000009536743
YDR170W-A,YDL120W,0,-0.1546727,0.06082289665937424,0.2720000147819519,0.41999998688697815
YKL088W,YIL036W,0,-0.15471514,0.06080929934978485,0.2720000147819519,0.42010000348091125
YJL106W,YBR253W,0,-0.15472023,0.06079570949077606,0.2720000147819519,0.420199990272522
YPL051W,YIL036W,0,-0.1547244,0.06078212335705757,0.2720000147819519,0.4203000068664551
YML098W,YDR087C,0,-0.15478724,0.06076854467391968,0.2720000147819519,0.4203999936580658
YDR231C,YGR211W,0,-0.15480302,0.06075496971607208,0.2720000147819519,0.4205000102519989
YOR148C,YJL006C,0,-0.15483095,0.060741402208805084,0.2720000147819519,0.4205999970436096
YGL187C,YOL042W,0,-0.15495183,0.06072784215211868,0.2720000147819519,0.4207000136375427
YPL015C,YKL170W,0,-0.15496217,0.06071428582072258,0.2720000147819519,0.42080000042915344
YDR192C,YKL057C,1,-0.15503226,0.060923900455236435,0.27300000190734863,0.42080000042915344
YMR267W,YGL180W,0,-0.15507399,0.06091030687093735,0.27300000190734863,0.42089998722076416
YBR058C,YNL062C,0,-0.15512525,0.06089672073721886,0.27300000190734863,0.42100000381469727
YJR121W,YEL015W,0,-0.15512691,0.060883138328790665,0.27300000190734863,0.421099990606308
YNL259C,YMR030W,0,-0.15517686,0.06086956337094307,0.27300000190734863,0.4212000072002411
YHL025W,YOR355W,0,-0.15517719,0.06085599586367607,0.27300000190734863,0.4212999939918518
YJL053W,YOL142W,0,-0.15523984,0.06084243208169937,0.27300000190734863,0.4214000105857849
YBL058W,YBL074C,0,-0.15526362,0.06082887575030327,0.27300000190734863,0.42149999737739563
YGR238C,YBR015C,0,-0.15532075,0.06081532686948776,0.27300000190734863,0.42160001397132874
YML029W,YIR013C,0,-0.15534082,0.060801781713962555,0.27300000190734863,0.42170000076293945
YGR217W,YJL168C,0,-0.15538497,0.060788244009017944,0.27300000190734863,0.42179998755455017
YNL153C,YIL049W,0,-0.15542887,0.06077471002936363,0.27300000190734863,0.4219000041484833
YPR183W,YOR344C,0,-0.15547438,0.06076118350028992,0.27300000190734863,0.421999990940094
YMR083W,YGR225W,0,-0.15555067,0.0607476644217968,0.27300000190734863,0.4221000075340271
YOL158C,YML021C,0,-0.15556063,0.06073414906859398,0.27300000190734863,0.4221999943256378
YML093W,YMR234W,0,-0.1557484,0.060720641165971756,0.27300000190734863,0.4223000109195709
YPL096W,YIL031W,0,-0.15579675,0.06070713698863983,0.27300000190734863,0.42239999771118164
YMR060C,YOR335C,0,-0.15588035,0.060693640261888504,0.27300000190734863,0.42250001430511475
YHR034C,YIR015W,0,-0.15609272,0.06068015098571777,0.27300000190734863,0.42260000109672546
YLL056C,YDR381W,0,-0.15612869,0.06066666543483734,0.27300000190734863,0.4226999878883362
YNL326C,YMR073C,0,-0.15614778,0.060653187334537506,0.27300000190734863,0.4228000044822693
YDR309C,YER061C,0,-0.15616615,0.06063971668481827,0.27300000190734863,0.42289999127388
YCR066W,YCR102C,0,-0.15625648,0.06062624976038933,0.27300000190734863,0.4230000078678131
YML032C,YEL029C,0,-0.15627305,0.060612790286540985,0.27300000190734863,0.42309999465942383
YOR007C,YDL164C,0,-0.15633978,0.06059933453798294,0.27300000190734863,0.42320001125335693
YMR219W,YMR030W,0,-0.15635316,0.06058588624000549,0.27300000190734863,0.42329999804496765
YGR007W,YGL136C,0,-0.15637828,0.060572441667318344,0.27300000190734863,0.42340001463890076
YJR121W,YKR009C,0,-0.15645176,0.06055900454521179,0.27300000190734863,0.4235000014305115
YER068W,YOR207C,0,-0.15658866,0.06054557487368584,0.27300000190734863,0.4235999882221222
YPL160W,YCR009C,0,-0.15660913,0.06053214892745018,0.27300000190734863,0.4237000048160553
YIL009C-A,YNR044W,0,-0.15664501,0.06051873043179512,0.27300000190734863,0.423799991607666
YDR435C,YIL049W,0,-0.1566826,0.06050531938672066,0.27300000190734863,0.4239000082015991
YNR011C,YBL100W-B,0,-0.15671003,0.06049191206693649,0.27300000190734863,0.42399999499320984
YPL243W,YDL088C,1,-0.15671055,0.06070004403591156,0.27399998903274536,0.42399999499320984
YKL057C,YER009W,1,-0.15679619,0.060908082872629166,0.2750000059604645,0.42399999499320984
YGR272C,YLR182W,0,-0.15683559,0.060894597321748734,0.2750000059604645,0.42410001158714294
YGR029W,YHL028W,1,-0.15683801,0.061102502048015594,0.2759999930858612,0.42410001158714294
YLR431C,YNR007C,1,-0.15692227,0.061310313642024994,0.2770000100135803,0.42410001158714294
YLR060W,YNL039W,0,-0.15697177,0.061296746134757996,0.2770000100135803,0.42419999837875366
YLR117C,YNL177C,0,-0.15698086,0.061283186078071594,0.2770000100135803,0.4242999851703644
YNL070W,YDR153C,1,-0.15701091,0.06149081885814667,0.27799999713897705,0.4242999851703644
YOR187W,YGL150C,0,-0.15701465,0.06147722154855728,0.27799999713897705,0.4244000017642975
YPR183W,YGL219C,0,-0.15708765,0.06146363168954849,0.27799999713897705,0.4244999885559082
YLR114C,YPL097W,0,-0.15711342,0.06145004555583,0.27799999713897705,0.4246000051498413
YOL034W,YNL274C,0,-0.15723373,0.06143646314740181,0.27799999713897705,0.424699991941452
YMR197C,YOR147W,0,-0.157277,0.061422888189554214,0.27799999713897705,0.42480000853538513
YNL129W,YOR171C,0,-0.1572852,0.061409320682287216,0.27799999713897705,0.42489999532699585
YBL082C,YJL013C,0,-0.1572987,0.061395760625600815,0.27799999713897705,0.42500001192092896
YIL121W,YOL068C,0,-0.15730366,0.06138220429420471,0.27799999713897705,0.4250999987125397
YCR026C,YOR117W,0,-0.15730844,0.06136865168809891,0.27799999713897705,0.4251999855041504
YLR130C,YKL179C,0,-0.15738593,0.061355110257864,0.27799999713897705,0.4253000020980835
YOR243C,YBL051C,0,-0.1575256,0.06134157255291939,0.27799999713897705,0.4253999888896942
YLR276C,YPR042C,0,-0.15756224,0.061328038573265076,0.27799999713897705,0.4255000054836273
YIL017C,YNL261W,0,-0.15774357,0.06131451204419136,0.27799999713897705,0.42559999227523804
YDR283C,YOR187W,0,-0.15782413,0.06130099296569824,0.27799999713897705,0.42570000886917114
YBR060C,YDR225W,0,-0.15787245,0.06128747761249542,0.27799999713897705,0.42579999566078186
YHR175W,YEL029C,0,-0.15790488,0.0612739697098732,0.27799999713897705,0.42590001225471497
YER147C,YJL052W,0,-0.15798973,0.061260465532541275,0.27799999713897705,0.4259999990463257
YMR283C,YOR153W,0,-0.15802288,0.061246972531080246,0.27799999713897705,0.4260999858379364
YAL056W,YKR060W,0,-0.15802698,0.06123347952961922,0.27799999713897705,0.4262000024318695
YGR285C,YOR355W,0,-0.15803507,0.061219993978738785,0.27799999713897705,0.4262999892234802
YER147C,YGR191W,0,-0.15807568,0.06120651587843895,0.27799999713897705,0.42640000581741333
YOR151C,YPL069C,0,-0.15811808,0.06119304522871971,0.27799999713897705,0.42649999260902405
YKL148C,YMR219W,0,-0.15828416,0.06117957830429077,0.27799999713897705,0.42660000920295715
YIL122W,YKL178C,0,-0.1583774,0.06116611510515213,0.27799999713897705,0.42669999599456787
YBR168W,YOR003W,0,-0.15838261,0.061152663081884384,0.27799999713897705,0.426800012588501
YBR228W,YHR098C,0,-0.15839769,0.06113921105861664,0.27799999713897705,0.4268999993801117
YDL043C,YMR172W,0,-0.15846457,0.06112577021121979,0.27799999713897705,0.4269999861717224
YER044C-A,YGL021W,0,-0.15854935,0.061112333089113235,0.27799999713897705,0.4271000027656555
YOR171C,YLR069C,0,-0.15877281,0.06109889969229698,0.27799999713897705,0.42719998955726624
YJR090C,YJR108W,0,-0.15883939,0.061085477471351624,0.27799999713897705,0.42730000615119934
YJL108C,YNL225C,0,-0.15888263,0.061072055250406265,0.27799999713897705,0.42739999294281006
YDR263C,YLR383W,0,-0.15893655,0.0610586442053318,0.27799999713897705,0.42750000953674316
YMR097C,YML052W,0,-0.15897627,0.06104523316025734,0.27799999713897705,0.4275999963283539
YDR091C,YMR035W,1,-0.15900426,0.06125137209892273,0.27900001406669617,0.4275999963283539
YML029W,YGL194C,0,-0.15904126,0.06123792752623558,0.27900001406669617,0.427700012922287
YAR019C,YBL057C,0,-0.15920477,0.06122449040412903,0.27900001406669617,0.4277999997138977
YER109C,YJR013W,0,-0.1592213,0.061211057007312775,0.27900001406669617,0.4278999865055084
YKL014C,YER173W,0,-0.1592455,0.06119763106107712,0.27900001406669617,0.42800000309944153
YCL025C,YPL170W,0,-0.15926102,0.06118420884013176,0.27900001406669617,0.42809998989105225
YGL028C,YHR143W-A,0,-0.15930401,0.061170794069767,0.27900001406669617,0.42820000648498535
YBL018C,YGR179C,0,-0.15934175,0.061157386749982834,0.27900001406669617,0.42829999327659607
YCL005W-A,YHR023W,0,-0.15942228,0.06114398315548897,0.27900001406669617,0.4284000098705292
YDR086C,YGL097W,1,-0.15954123,0.061349693685770035,0.2800000011920929,0.4284000098705292
YLR319C,YHR194W,0,-0.15974036,0.061336252838373184,0.2800000011920929,0.4284999966621399
YOL128C,YKL179C,0,-0.15976761,0.06132281944155693,0.2800000011920929,0.428600013256073
YLR193C,YBR171W,1,-0.15978374,0.06152835488319397,0.2809999883174896,0.428600013256073
YCR067C,YIL066C,0,-0.15999779,0.06151488795876503,0.2809999883174896,0.4287000000476837
YCL062W,YDL130W-A,0,-0.16008042,0.06150142103433609,0.2809999883174896,0.42879998683929443
YEL050C,YBL102W,0,-0.16008705,0.061487965285778046,0.2809999883174896,0.42890000343322754
YCR066W,YNL261W,0,-0.16009788,0.0614745132625103,0.2809999883174896,0.42899999022483826
YDL155W,YGR007W,0,-0.16012427,0.06146106868982315,0.2809999883174896,0.42910000681877136
YHR023W,YML128C,0,-0.16026573,0.0614476278424263,0.2809999883174896,0.4291999936103821
YPL040C,YPR199C,0,-0.16038379,0.061434194445610046,0.2809999883174896,0.4293000102043152
YLR008C,YGL097W,1,-0.16039501,0.061639342457056046,0.28200000524520874,0.4293000102043152
YLR135W,YOR188W,0,-0.16040453,0.061625875532627106,0.28200000524520874,0.4293999969959259
YIL009C-A,YDR057W,0,-0.16052087,0.061612408608198166,0.28200000524520874,0.429500013589859
YJL053W,YJR153W,0,-0.16055463,0.06159895285964012,0.28200000524520874,0.4296000003814697
YHL003C,YMR268C,0,-0.16068552,0.061585500836372375,0.28200000524520874,0.42969998717308044
YER001W,YAL034W-A,0,-0.16080724,0.06157205253839493,0.28200000524520874,0.42980000376701355
YNL001W,YGL181W,0,-0.16080792,0.06155861169099808,0.28200000524520874,0.42989999055862427
YBL100W-B,YCR102C,0,-0.16083284,0.061545178294181824,0.28200000524520874,0.4300000071525574
YGL006W,YNR064C,0,-0.1608646,0.06153174862265587,0.28200000524520874,0.4300999939441681
YMR172W,YNL274C,0,-0.16086625,0.06151832640171051,0.28200000524520874,0.4302000105381012
YPR073C,YGR161C,0,-0.16087098,0.06150490790605545,0.28200000524520874,0.4302999973297119
YKR029C,YBR118W,0,-0.16089235,0.06149149686098099,0.28200000524520874,0.430400013923645
YDR045C,YAL038W,0,-0.16102485,0.06147808954119682,0.28200000524520874,0.43050000071525574
YDR135C,YDR324C,0,-0.16105352,0.061464689671993256,0.28200000524520874,0.43059998750686646
YJL069C,YPL228W,0,-0.16106604,0.061451297253370285,0.28200000524520874,0.43070000410079956
YKL200C,YNL065W,0,-0.16117023,0.06143790856003761,0.28200000524520874,0.4307999908924103
YOL069W,YDL004W,0,-0.16117401,0.06142452731728554,0.28200000524520874,0.4309000074863434
YPL181W,YGR157W,0,-0.16119784,0.06141114979982376,0.28200000524520874,0.4309999942779541
YMR083W,YDR436W,0,-0.16120367,0.06139777973294258,0.28200000524520874,0.4311000108718872
YBR084W,YOR328W,0,-0.16124529,0.0613844133913517,0.28200000524520874,0.4311999976634979
YGR054W,YGR078C,0,-0.1612532,0.061371054500341415,0.28200000524520874,0.43130001425743103
YHR055C,YER001W,0,-0.16131505,0.06135770305991173,0.28200000524520874,0.43140000104904175
YBL057C,YEL066W,0,-0.16135435,0.06134435534477234,0.28200000524520874,0.43149998784065247
YBR172C,YNL327W,0,-0.1614083,0.06133101508021355,0.28200000524520874,0.43160000443458557
YOR304W,YMR075W,0,-0.16151007,0.06131767854094505,0.28200000524520874,0.4316999912261963
YMR016C,YOR267C,0,-0.16151275,0.061304349452257156,0.28200000524520874,0.4318000078201294
YOR288C,YML107C,0,-0.1615573,0.06129102408885956,0.28200000524520874,0.4318999946117401
YOL067C,YOR148C,0,-0.1615999,0.06127770617604256,0.28200000524520874,0.4320000112056732
YJR006W,YKL070W,0,-0.16165072,0.061264391988515854,0.28200000524520874,0.43209999799728394
YML052W,YEL066W,0,-0.16170119,0.06125108525156975,0.28200000524520874,0.43220001459121704
YBR118W,YER173W,0,-0.16172712,0.06123778596520424,0.28200000524520874,0.43230000138282776
YEL015W,YER108C,0,-0.1618102,0.06122449040412903,0.28200000524520874,0.4323999881744385
YAL030W,YDR184C,0,-0.16181993,0.061211198568344116,0.28200000524520874,0.4325000047683716
YNR044W,YPL138C,0,-0.16211894,0.0611979179084301,0.28200000524520874,0.4325999915599823
YML075C,YLR134W,0,-0.16212113,0.06118463724851608,0.28200000524520874,0.4327000081539154
YPL196W,YNL327W,0,-0.16241401,0.06117136776447296,0.28200000524520874,0.4327999949455261
YJL173C,YNL251C,0,-0.16246335,0.06115810200572014,0.28200000524520874,0.43290001153945923
YBR015C,YBL051C,0,-0.16253151,0.061144839972257614,0.28200000524520874,0.43299999833106995
YER001W,YDR448W,0,-0.16254157,0.06113158538937569,0.28200000524520874,0.43309998512268066
YBR035C,YOR144C,0,-0.16256143,0.06111833453178406,0.28200000524520874,0.43320000171661377
YOR095C,YGR112W,0,-0.16258131,0.061105091124773026,0.28200000524520874,0.4332999885082245
YNL054W,YDR545W,0,-0.16266075,0.06109185516834259,0.28200000524520874,0.4334000051021576
YLR316C,YHR023W,0,-0.1626612,0.061078622937202454,0.28200000524520874,0.4334999918937683
YOL091W,YMR036C,0,-0.16268645,0.061065394431352615,0.28200000524520874,0.4336000084877014
YCR026C,YER005W,0,-0.16273253,0.06105217710137367,0.28200000524520874,0.43369999527931213
YGR225W,YPL161C,0,-0.16279203,0.06103895977139473,0.28200000524520874,0.43380001187324524
YOL090W,YCL069W,0,-0.16293241,0.06102575361728668,0.28200000524520874,0.43389999866485596
YIL110W,YDL164C,0,-0.1630858,0.061012547463178635,0.28200000524520874,0.4339999854564667
YPL041C,YML107C,0,-0.16315915,0.06099935248494148,0.28200000524520874,0.4341000020503998
YNL294C,YMR250W,0,-0.16323878,0.06098615750670433,0.28200000524520874,0.4341999888420105
YDR172W,YNL312W,0,-0.16337864,0.060972973704338074,0.28200000524520874,0.4343000054359436
YOL054W,YGR258C,0,-0.16339168,0.060959793627262115,0.28200000524520874,0.4343999922275543
YMR188C,YML058W-A,0,-0.16344918,0.060946617275476456,0.28200000524520874,0.4345000088214874
YJR031C,YOR372C,0,-0.1635713,0.06093344837427139,0.28200000524520874,0.43459999561309814
YER178W,YHR070W,0,-0.1635773,0.06092028692364693,0.28200000524520874,0.43470001220703125
YAL030W,YJR006W,0,-0.16373293,0.06090712919831276,0.28200000524520874,0.43479999899864197
YDL045C,YOL164W,0,-0.16374423,0.06089397519826889,0.28200000524520874,0.4348999857902527
YMR293C,YBR211C,0,-0.16379303,0.06088082864880562,0.28200000524520874,0.4350000023841858
YBR217W,YBR164C,1,-0.16386606,0.061083532869815826,0.28299999237060547,0.4350000023841858
YJL026W,YGR024C,0,-0.16399021,0.06107034906744957,0.28299999237060547,0.4350999891757965
YNL248C,YDR182W,0,-0.1640042,0.06105717271566391,0.28299999237060547,0.4352000057697296
YBR228W,YDL120W,0,-0.16402158,0.06104400381445885,0.28299999237060547,0.43529999256134033
YOR338W,YPL097W,0,-0.16409512,0.06103083863854408,0.28299999237060547,0.43540000915527344
YIL034C,YMR183C,0,-0.16409813,0.061017680913209915,0.28299999237060547,0.43549999594688416
YIL037C,YNL094W,0,-0.16411905,0.061004526913166046,0.28299999237060547,0.43560001254081726
YMR308C,YBL078C,1,-0.16413899,0.06120689585804939,0.2840000092983246,0.43560001254081726
YPR033C,YDL231C,0,-0.1642138,0.06119370833039284,0.2840000092983246,0.435699999332428
YKL081W,YER005W,0,-0.16434747,0.06118052452802658,0.2840000092983246,0.4357999861240387
YMR188C,YDR324C,0,-0.16441524,0.06116734817624092,0.2840000092983246,0.4359000027179718
YKL088W,YOL042W,0,-0.164429,0.06115417927503586,0.2840000092983246,0.4359999895095825
YJR031C,YML127W,0,-0.16449386,0.061141010373830795,0.2840000092983246,0.4361000061035156
YDR448W,YKL203C,0,-0.16450517,0.06112785264849663,0.2840000092983246,0.43619999289512634
YBL079W,YBR164C,1,-0.1645714,0.06132989004254341,0.2849999964237213,0.43619999289512634
YLR221C,YDR011W,0,-0.16457333,0.06131669506430626,0.2849999964237213,0.43630000948905945
YLR170C,YHR163W,0,-0.16459419,0.061303507536649704,0.2849999964237213,0.43639999628067017
YCL011C,YOL033W,0,-0.1646402,0.06129032373428345,0.2849999964237213,0.43650001287460327
YMR250W,YCR033W,0,-0.16464591,0.06127714365720749,0.2849999964237213,0.436599999666214
YMR293C,YPL106C,0,-0.16465001,0.06126397103071213,0.2849999964237213,0.4366999864578247
YDL235C,YIL154C,0,-0.16470113,0.06125080585479736,0.2849999964237213,0.4368000030517578
YNL094W,YOL147C,0,-0.16473688,0.0612376444041729,0.2849999964237213,0.43689998984336853
YDR507C,YJR108W,0,-0.16477711,0.06122449040412903,0.2849999964237213,0.43700000643730164
YGL219C,YJL138C,0,-0.16480684,0.06121134012937546,0.2849999964237213,0.43709999322891235
YKL144C,YKL108W,0,-0.16481218,0.061198197305202484,0.2849999964237213,0.43720000982284546
YIL009C-A,YMR030W,0,-0.16500376,0.06118505820631981,0.2849999964237213,0.4372999966144562
YDR057W,YHR020W,0,-0.1650503,0.06117192655801773,0.2849999964237213,0.4374000132083893
YIL080W,YMR015C,0,-0.16510518,0.06115879863500595,0.2849999964237213,0.4375
YOL090W,YOR182C,0,-0.16516201,0.06114567816257477,0.2849999964237213,0.4375999867916107
YLR410W,YNL054W,0,-0.16524221,0.061132561415433884,0.2849999964237213,0.4377000033855438
YOL011W,YNL021W,0,-0.16529365,0.061119452118873596,0.2849999964237213,0.43779999017715454
YKR065C,YMR235C,1,-0.16532117,0.06132075563073158,0.28600001335144043,0.43779999017715454
YJL069C,YML121W,0,-0.16532376,0.06130760908126831,0.28600001335144043,0.43790000677108765
YML132W,YDR092W,0,-0.16532691,0.061294469982385635,0.28600001335144043,0.43799999356269836
YJR126C,YIL149C,1,-0.16542931,0.06149560585618019,0.28700000047683716,0.43799999356269836
YBR274W,YGR262C,0,-0.16548395,0.06148243322968483,0.28700000047683716,0.43810001015663147
YLR084C,YJR026W,0,-0.16548665,0.06146926432847977,0.28700000047683716,0.4381999969482422
YLR155C,YLR088W,0,-0.16553758,0.0614561028778553,0.28700000047683716,0.4383000135421753
YLR145W,YBL102W,0,-0.16555758,0.06144294515252113,0.28700000047683716,0.438400000333786
YJL087C,YAR007C,0,-0.16583587,0.06142979487776756,0.28700000047683716,0.43849998712539673
YDR135C,YOL042W,0,-0.16587265,0.06141664832830429,0.28700000047683716,0.43860000371932983
YJR126C,YFR002W,1,-0.16587874,0.06161746010184288,0.2879999876022339,0.43860000371932983
YMR219W,YDL235C,0,-0.16598679,0.061604276299476624,0.2879999876022339,0.43869999051094055
YGL099W,YGR206W,1,-0.16623065,0.061804961413145065,0.289000004529953,0.43869999051094055
YNL094W,YIL121W,0,-0.16633911,0.06179174780845642,0.289000004529953,0.43880000710487366
YLR135W,YGR286C,0,-0.16640584,0.061778537929058075,0.289000004529953,0.4388999938964844
YNL262W,YMR077C,0,-0.16674164,0.061765335500240326,0.289000004529953,0.4390000104904175
YIR008C,YGL122C,0,-0.16679524,0.061752136796712875,0.289000004529953,0.4390999972820282
YEL036C,YFR047C,0,-0.16682921,0.06173894554376602,0.289000004529953,0.4392000138759613
YLR430W,YLR107W,0,-0.1668877,0.06172575801610947,0.289000004529953,0.439300000667572
YML051W,YOL033W,0,-0.16696131,0.06171257793903351,0.289000004529953,0.43939998745918274
YNL259C,YML107C,0,-0.16705282,0.06169940158724785,0.289000004529953,0.43950000405311584
YPL275W,YGR072W,0,-0.16708943,0.061686232686042786,0.289000004529953,0.43959999084472656
YNL054W,YGL001C,0,-0.16714916,0.06167306751012802,0.289000004529953,0.43970000743865967
YDR507C,YBR035C,0,-0.16726798,0.061659909784793854,0.289000004529953,0.4397999942302704
YIL076W,YDR225W,0,-0.16731438,0.06164675951004028,0.289000004529953,0.4399000108242035
YGL078C,YCR092C,0,-0.1673959,0.06163360923528671,0.289000004529953,0.4399999976158142
YOR081C,YIR019C,0,-0.1674056,0.06162047013640404,0.289000004529953,0.4401000142097473
YGL122C,YLR329W,0,-0.16745667,0.06160733476281166,0.289000004529953,0.44020000100135803
YER003C,YMR030W,0,-0.16746564,0.06159420311450958,0.289000004529953,0.44029998779296875
YER119C,YEL066W,0,-0.16749889,0.0615810789167881,0.289000004529953,0.44040000438690186
YDR236C,YML058W-A,0,-0.16750358,0.06156795844435692,0.289000004529953,0.4404999911785126
YDR449C,YLR098C,0,-0.16751046,0.06155484542250633,0.289000004529953,0.4406000077724457
YCR066W,YBR172C,0,-0.16751544,0.061541736125946045,0.289000004529953,0.4406999945640564
YDL031W,YBR210W,0,-0.16758887,0.061528634279966354,0.289000004529953,0.4408000111579895
YAL024C,YML021C,0,-0.16759066,0.06151553988456726,0.289000004529953,0.4408999979496002
YJL134W,YCL029C,0,-0.16761197,0.06150244548916817,0.289000004529953,0.4410000145435333
YDL235C,YBR211C,0,-0.16765308,0.06148936226963997,0.289000004529953,0.44110000133514404
YJL108C,YPL153C,0,-0.16773686,0.06147628277540207,0.289000004529953,0.44119998812675476
YFR029W,YOL042W,0,-0.16786744,0.06146320700645447,0.289000004529953,0.44130000472068787
YER087C-A,YDR292C,1,-0.16799799,0.061662767082452774,0.28999999165534973,0.44130000472068787
YML081C-A,YDR453C,0,-0.1681076,0.061649661511182785,0.28999999165534973,0.4413999915122986
YBR182C,YOR002W,0,-0.16819735,0.061636555939912796,0.28999999165534973,0.4415000081062317
YHR139C,YML081C-A,0,-0.16840467,0.061623457819223404,0.28999999165534973,0.4415999948978424
YGR214W,YJL085W,0,-0.16842103,0.06161036714911461,0.28999999165534973,0.4417000114917755
YBR265W,YDR457W,0,-0.16842432,0.06159728020429611,0.28999999165534973,0.44179999828338623
YFR031C,YNL097C,0,-0.16846974,0.06158420071005821,0.28999999165534973,0.44190001487731934
YLL056C,YNL097C,0,-0.16853553,0.06157112494111061,0.28999999165534973,0.44200000166893005
YLL016W,YMR030W,0,-0.16856165,0.06155805662274361,0.28999999165534973,0.44209998846054077
YKL108W,YBL102W,0,-0.16857234,0.0615449920296669,0.28999999165534973,0.4422000050544739
YIR013C,YFR047C,0,-0.16859831,0.06153193116188049,0.28999999165534973,0.4422999918460846
YPR110C,YNL021W,0,-0.16864675,0.06151888146996498,0.28999999165534973,0.4424000084400177
YKR065C,YDR192C,1,-0.16871051,0.0617179200053215,0.29100000858306885,0.4424000084400177
YCR009C,YNR064C,0,-0.16872256,0.061704833060503006,0.29100000858306885,0.4424999952316284
YDL194W,YBR172C,0,-0.16874255,0.061691753566265106,0.29100000858306885,0.4426000118255615
YJR137C,YHR066W,0,-0.16877425,0.061678677797317505,0.29100000858306885,0.44269999861717224
YGR262C,YLR170C,0,-0.16879041,0.0616656057536602,0.29100000858306885,0.44279998540878296
YNL126W,YKL140W,0,-0.16886379,0.061652541160583496,0.29100000858306885,0.44290000200271606
YDR457W,YOR187W,0,-0.1688716,0.06163948401808739,0.29100000858306885,0.4429999887943268
YOL128C,YEL071W,0,-0.1689442,0.06162643060088158,0.29100000858306885,0.4431000053882599
YHR053C,YML107C,0,-0.16897345,0.061613380908966064,0.29100000858306885,0.4431999921798706
YDR052C,YOL128C,0,-0.16909981,0.06160033866763115,0.29100000858306885,0.4433000087738037
YAR010C,YCR005C,0,-0.16914558,0.06158730015158653,0.29100000858306885,0.44339999556541443
YMR050C,YBL057C,0,-0.16921929,0.06157426908612251,0.29100000858306885,0.44350001215934753
YGR024C,YPL240C,0,-0.1694335,0.06156124547123909,0.29100000858306885,0.44359999895095825
YFL050C,YPL110C,0,-0.16946486,0.06154822185635567,0.29100000858306885,0.44369998574256897
YPL051W,YJR006W,0,-0.1695119,0.06153520941734314,0.29100000858306885,0.4438000023365021
YKR027W,YBR170C,0,-0.16954042,0.06152219697833061,0.29100000858306885,0.4438999891281128
YGL025C,YHR005C,0,-0.16959038,0.06150919571518898,0.29100000858306885,0.4440000057220459
YLR313C,YNL068C,0,-0.1696007,0.06149619445204735,0.29100000858306885,0.4440999925136566
YMR308C,YNR007C,1,-0.1696031,0.06169448420405388,0.2919999957084656,0.4440999925136566
YHR005C-A,YMR035W,1,-0.16970915,0.06189269199967384,0.2930000126361847,0.4440999925136566
YJR077C,YDL164C,0,-0.16981342,0.06187961995601654,0.2930000126361847,0.4442000091075897
YOR187W,YJR026W,0,-0.16983856,0.061866555362939835,0.2930000126361847,0.44429999589920044
YGL227W,YKL166C,0,-0.1700467,0.06185349449515343,0.2930000126361847,0.44440001249313354
YLR363C,YNL080C,0,-0.1700854,0.06184043735265732,0.2930000126361847,0.44449999928474426
YAL022C,YPR074C,0,-0.1701388,0.061827391386032104,0.2930000126361847,0.444599986076355
YKL195W,YHR197W,1,-0.17019232,0.062025316059589386,0.2939999997615814,0.444599986076355
YGR262C,YOL054W,0,-0.17036635,0.06201223284006119,0.2939999997615814,0.4447000026702881
YBR185C,YGL106W,0,-0.17048357,0.061999157071113586,0.2939999997615814,0.4447999894618988
YAR019C,YOR148C,0,-0.17061354,0.061986085027456284,0.2939999997615814,0.4449000060558319
YBL051C,YMR036C,0,-0.17064172,0.06197301670908928,0.2939999997615814,0.4449999928474426
YDL052C,YLR009W,0,-0.17082122,0.06195995956659317,0.2939999997615814,0.44510000944137573
YHR139C,YER025W,0,-0.1710147,0.06194690242409706,0.2939999997615814,0.44519999623298645
YDR052C,YPR132W,0,-0.17101862,0.06193385273218155,0.2939999997615814,0.44530001282691956
YPL096W,YLR035C-A,0,-0.1710363,0.061920810490846634,0.2939999997615814,0.4453999996185303
YBL079W,YNL059C,1,-0.17108081,0.06211834028363228,0.29499998688697815,0.4453999996185303
YDR311W,YPR199C,0,-0.17108436,0.06210526451468468,0.29499998688697815,0.445499986410141
YBL074C,YGR186W,0,-0.17110933,0.062092192471027374,0.29499998688697815,0.4456000030040741
YGR211W,YDL145C,0,-0.17112224,0.06207912415266037,0.29499998688697815,0.4456999897956848
YGL120C,YIL033C,0,-0.17114885,0.06206606328487396,0.29499998688697815,0.4458000063896179
YAL022C,YML060W,0,-0.17116305,0.06205300614237785,0.29499998688697815,0.44589999318122864
YLR265C,YLR114C,0,-0.17118011,0.06203995645046234,0.29499998688697815,0.44600000977516174
YML038C,YIR012W,0,-0.17120102,0.062026914209127426,0.29499998688697815,0.44609999656677246
YPL196W,YGL001C,0,-0.17122565,0.06201387569308281,0.29499998688697815,0.44620001316070557
YGR217W,YOR182C,0,-0.17124574,0.06200084090232849,0.29499998688697815,0.4462999999523163
YER003C,YLR107W,0,-0.17125748,0.06198781356215477,0.29499998688697815,0.446399986743927
YBL074C,YPL159C,0,-0.17126843,0.06197478994727135,0.29499998688697815,0.4465000033378601
YDL088C,YHL028W,1,-0.1713283,0.0621718131005764,0.29600000381469727,0.4465000033378601
YGR238C,YGR007W,0,-0.17132992,0.06215875595808029,0.29600000381469727,0.4465999901294708
YBR257W,YOL095C,0,-0.17145164,0.06214570626616478,0.29600000381469727,0.44670000672340393
YKR072C,YPL228W,0,-0.171537,0.062132660299539566,0.29600000381469727,0.44679999351501465
YKR057W,YIL066C,0,-0.17168678,0.06211962178349495,0.29600000381469727,0.44690001010894775
YAL009W,YBR085W,0,-0.17170396,0.06210658699274063,0.29600000381469727,0.44699999690055847
YKR020W,YMR153W,1,-0.171735,0.0623033344745636,0.296999990940094,0.44699999690055847
YIL037C,YBR172C,0,-0.17193653,0.06229026988148689,0.296999990940094,0.4471000134944916
YOL091W,YNL209W,0,-0.17202282,0.06227720528841019,0.296999990940094,0.4472000002861023
YGL021W,YLL041C,0,-0.17213316,0.062264151871204376,0.296999990940094,0.447299987077713
YNL001W,YBL058W,0,-0.17216252,0.062251102179288864,0.296999990940094,0.4474000036716461
YDR057W,YIL039W,0,-0.1722246,0.06223805621266365,0.296999990940094,0.44749999046325684
YLL056C,YDR251W,0,-0.17236122,0.062225013971328735,0.296999990940094,0.44760000705718994
YDR123C,YMR246W,0,-0.1727021,0.062211982905864716,0.296999990940094,0.44769999384880066
YMR036C,YMR212C,0,-0.17275503,0.062198951840400696,0.296999990940094,0.44780001044273376
YBR185C,YHR005C,0,-0.17275691,0.06218592822551727,0.296999990940094,0.4478999972343445
YDL155W,YGR097W,0,-0.17281763,0.06217291206121445,0.296999990940094,0.4480000138282776
YGR123C,YOR355W,0,-0.1728555,0.06215989962220192,0.296999990940094,0.4481000006198883
YPR051W,YKL108W,0,-0.17291652,0.06214689090847969,0.296999990940094,0.448199987411499
YGR157W,YOL054W,0,-0.17292987,0.06213388964533806,0.296999990940094,0.44830000400543213
YDL047W,YGL200C,0,-0.17295577,0.06212089583277702,0.296999990940094,0.44839999079704285
YDL100C,YOR123C,0,-0.1729741,0.06210790574550629,0.296999990940094,0.44850000739097595
YJR153W,YLR088W,0,-0.17300805,0.06209491938352585,0.296999990940094,0.44859999418258667
YKR072C,YDR069C,0,-0.17304394,0.06208194047212601,0.296999990940094,0.4487000107765198
YDL116W,YHR197W,1,-0.17313983,0.06227795034646988,0.2980000078678131,0.4487000107765198
YHR152W,YLR350W,0,-0.17315218,0.06226493790745735,0.2980000078678131,0.4487999975681305
YMR267W,YOR171C,0,-0.17321005,0.06225193291902542,0.2980000078678131,0.4489000141620636
YLR141W,YLR051C,0,-0.17323394,0.06223893165588379,0.2980000078678131,0.4490000009536743
YBR058C,YJR108W,0,-0.17329043,0.062225934118032455,0.2980000078678131,0.44909998774528503
YML113W,YIR013C,0,-0.17340757,0.06221294403076172,0.2980000078678131,0.44920000433921814
YKR029C,YNR056C,0,-0.17346677,0.06219995766878128,0.2980000078678131,0.44929999113082886
YIR013C,YOL034W,0,-0.17355716,0.06218697875738144,0.2980000078678131,0.44940000772476196
YER005W,YNL129W,0,-0.17368878,0.062174003571271896,0.2980000078678131,0.4494999945163727
YML127W,YOL128C,0,-0.1736999,0.06216103583574295,0.2980000078678131,0.4496000111103058
YCR082W,YGL111W,0,-0.17374332,0.0621480718255043,0.2980000078678131,0.4496999979019165
YJL090C,YFR004W,0,-0.17396644,0.062135111540555954,0.2980000078678131,0.4498000144958496
YBR060C,YBR185C,0,-0.17399783,0.0621221587061882,0.2980000078678131,0.4499000012874603
YNL126W,YEL071W,0,-0.17405012,0.06210921332240105,0.2980000078678131,0.44999998807907104
YBR179C,YGL120C,0,-0.17417009,0.06209627166390419,0.2980000078678131,0.45010000467300415
YBL058W,YMR268C,0,-0.17422044,0.06208333373069763,0.2980000078678131,0.45019999146461487
YNR007C,YMR153W,1,-0.17469592,0.06227869167923927,0.29899999499320984,0.45019999146461487
YBL058W,YJL113W,0,-0.1747585,0.06226572394371033,0.29899999499320984,0.450300008058548
YML051W,YKL192C,0,-0.17479245,0.06225275993347168,0.29899999499320984,0.4503999948501587
YPL130W,YER044C-A,0,-0.17482603,0.06223979964852333,0.29899999499320984,0.4505000114440918
YDR381W,YHR163W,0,-0.17483716,0.06222684681415558,0.29899999499320984,0.4505999982357025
YLR170C,YLR453C,0,-0.17485316,0.062213897705078125,0.29899999499320984,0.4507000148296356
YPL028W,YMR077C,0,-0.1752766,0.06220095604658127,0.29899999499320984,0.45080000162124634
YCR075C,YCR102C,0,-0.17528431,0.06218801811337471,0.29899999499320984,0.45089998841285706
YPL015C,YBR253W,0,-0.17529833,0.06217508763074875,0.29899999499320984,0.45100000500679016
YIR008C,YDR477W,0,-0.17530186,0.062162160873413086,0.29899999499320984,0.4510999917984009
YOR243C,YPL028W,0,-0.17531478,0.06214924156665802,0.29899999499320984,0.451200008392334
YLR005W,YMR212C,0,-0.17545512,0.06213632598519325,0.29899999499320984,0.4512999951839447
YGR156W,YGR010W,0,-0.17546837,0.062123414129018784,0.29899999499320984,0.4514000117778778
YOR156C,YLR115W,0,-0.17562963,0.06211050972342491,0.29899999499320984,0.4514999985694885
YAR007C,YHR005C,0,-0.17565298,0.062097612768411636,0.29899999499320984,0.45159998536109924
YBR185C,YIL080W,0,-0.1756623,0.06208471581339836,0.29899999499320984,0.45170000195503235
YBR274W,YMR267W,0,-0.17566742,0.06207183003425598,0.29899999499320984,0.45179998874664307
YGL155W,YML032C,0,-0.17582613,0.0620589442551136,0.29899999499320984,0.45190000534057617
YJR153W,YKR024C,0,-0.17585658,0.06204606592655182,0.29899999499320984,0.4519999921321869
YGL022W,YNR038W,0,-0.17586918,0.06203319504857063,0.29899999499320984,0.45210000872612
YIL080W,YPL047W,0,-0.17591266,0.062020327895879745,0.29899999499320984,0.4521999955177307
YPR132W,YDR093W,0,-0.17601012,0.062007464468479156,0.29899999499320984,0.4523000121116638
YOL067C,YBR058C,0,-0.1760512,0.061994608491659164,0.29899999499320984,0.45239999890327454
YDR435C,YBR297W,0,-0.17605992,0.06198175624012947,0.29899999499320984,0.45249998569488525
YNR046W,YMR044W,0,-0.17611204,0.061968911439180374,0.29899999499320984,0.45260000228881836
YER015W,YJR026W,0,-0.17615159,0.061956070363521576,0.29899999499320984,0.4526999890804291
YIL009C-A,YLR068W,0,-0.17620641,0.061943236738443375,0.29899999499320984,0.4528000056743622
YHL020C,YER122C,0,-0.17622298,0.06193040683865547,0.29899999499320984,0.4528999924659729
YGR225W,YNR038W,0,-0.17622864,0.06191758066415787,0.29899999499320984,0.453000009059906
YJR140C,YBL090W,0,-0.17628388,0.06190476194024086,0.29899999499320984,0.4530999958515167
YHR083W,YBR171W,1,-0.17629258,0.06209894269704819,0.30000001192092896,0.4530999958515167
YLR009W,YEL015W,0,-0.17640536,0.06208609417080879,0.30000001192092896,0.45320001244544983
YLR394W,YBR035C,0,-0.1764951,0.0620732456445694,0.30000001192092896,0.45329999923706055
YBR098W,YBR006W,0,-0.17662422,0.0620604045689106,0.30000001192092896,0.45339998602867126
YPL276W,YKR067W,0,-0.17663822,0.0620475709438324,0.30000001192092896,0.45350000262260437
YLR265C,YAL026C,0,-0.1767044,0.062034741044044495,0.30000001192092896,0.4535999894142151
YOL082W,YKL143W,1,-0.17675607,0.06222865357995033,0.3009999990463257,0.4535999894142151
YPL041C,YDR297W,0,-0.17676811,0.062215790152549744,0.3009999990463257,0.4537000060081482
YBR135W,YKR089C,0,-0.17682381,0.06220293417572975,0.3009999990463257,0.4537999927997589
YOR338W,YDL231C,0,-0.17696361,0.06219008192420006,0.3009999990463257,0.453900009393692
YDR255C,YDR545W,0,-0.17712998,0.06217723712325096,0.3009999990463257,0.45399999618530273
YHR061C,YDL143W,0,-0.17715569,0.06216439604759216,0.3009999990463257,0.45410001277923584
YPL243W,YEL013W,1,-0.1771805,0.06235804408788681,0.3019999861717224,0.45410001277923584
YML098W,YGL257C,0,-0.17718847,0.062345169484615326,0.3019999861717224,0.45419999957084656
YKR089C,YDR545W,0,-0.17727602,0.06233230233192444,0.3019999861717224,0.4542999863624573
YBR077C,YDL143W,0,-0.17744862,0.06231943890452385,0.3019999861717224,0.4544000029563904
YER173W,YNL239W,0,-0.17749156,0.06230658292770386,0.3019999861717224,0.4544999897480011
YNL039W,YMR301C,0,-0.17752422,0.062293730676174164,0.3019999861717224,0.4546000063419342
YPL123C,YDR225W,0,-0.17764162,0.06228088214993477,0.3019999861717224,0.4546999931335449
YGL122C,YFR041C,0,-0.17775896,0.06226804107427597,0.3019999861717224,0.454800009727478
YPR110C,YJR155W,0,-0.17786308,0.06225520372390747,0.3019999861717224,0.45489999651908875
YNL045W,YHR088W,0,-0.17789161,0.06224237382411957,0.3019999861717224,0.45500001311302185
YDR191W,YNL267W,0,-0.17806046,0.062229547649621964,0.3019999861717224,0.45509999990463257
YBR098W,YMR238W,0,-0.1780786,0.062216728925704956,0.3019999861717224,0.4551999866962433
YPL275W,YLR298C,0,-0.17809069,0.06220391392707825,0.3019999861717224,0.4553000032901764
YGL033W,YHR088W,0,-0.17809261,0.06219110265374184,0.3019999861717224,0.4553999900817871
YBR265W,YLR107W,0,-0.1781487,0.06217829883098602,0.3019999861717224,0.4555000066757202
YOR272W,YGL181W,0,-0.1782007,0.06216549873352051,0.3019999861717224,0.45559999346733093
YBR038W,YJR108W,0,-0.17822473,0.06215270608663559,0.3019999861717224,0.45570001006126404
YCR026C,YDR341C,0,-0.1782338,0.06213991716504097,0.3019999861717224,0.45579999685287476
YBL018C,YMR246W,0,-0.17828791,0.06212713569402695,0.3019999861717224,0.45590001344680786
YLR430W,YKL178C,0,-0.17839971,0.06211435794830322,0.3019999861717224,0.4560000002384186
YLR130C,YGL048C,0,-0.17876412,0.0621015839278698,0.3019999861717224,0.4560999870300293
YGL078C,YMR039C,0,-0.1788842,0.06208881735801697,0.3019999861717224,0.4562000036239624
YNL326C,YKR067W,0,-0.17898771,0.06207605451345444,0.3019999861717224,0.4562999904155731
YBL058W,YGR072W,0,-0.17900263,0.062063295394182205,0.3019999861717224,0.4564000070095062
YML094W,YAL026C,0,-0.1790417,0.06205054372549057,0.3019999861717224,0.45649999380111694
YOL069W,YPR007C,0,-0.17918329,0.06203779950737953,0.3019999861717224,0.45660001039505005
YKL014C,YOR003W,0,-0.17926972,0.062025055289268494,0.3019999861717224,0.45669999718666077
YDR011W,YBR085W,0,-0.17950983,0.06201231852173805,0.3019999861717224,0.45680001378059387
YIL017C,YLR130C,0,-0.17951386,0.06199958920478821,0.3019999861717224,0.4569000005722046
YLR447C,YKL070W,0,-0.1795166,0.06198686361312866,0.3019999861717224,0.4569999873638153
YJL108C,YJL006C,0,-0.1795864,0.061974141746759415,0.3019999861717224,0.4571000039577484
YHR034C,YLR329W,0,-0.17965035,0.061961427330970764,0.3019999861717224,0.45719999074935913
YOR243C,YER166W,0,-0.17983586,0.06194871664047241,0.3019999861717224,0.45730000734329224
YDR320C,YLL016W,0,-0.17986085,0.06193601340055466,0.3019999861717224,0.45739999413490295
YKL170W,YDR251W,0,-0.17994736,0.0619233138859272,0.3019999861717224,0.45750001072883606
YDR456W,YGL144C,0,-0.18005611,0.06191061809659004,0.3019999861717224,0.4575999975204468
YOR081C,YOL069W,0,-0.18005832,0.06189792975783348,0.3019999861717224,0.4577000141143799
YBR182C,YNL243W,0,-0.18012698,0.06188524514436722,0.3019999861717224,0.4578000009059906
YHR204W,YML128C,0,-0.18015943,0.06187256798148155,0.3019999861717224,0.4578999876976013
YGR179C,YLR249W,0,-0.1802412,0.061859894543886185,0.3019999861717224,0.4580000042915344
YLR397C,YCL016C,0,-0.18026273,0.061847224831581116,0.3019999861717224,0.45809999108314514
YCL044C,YJR153W,0,-0.18028286,0.061834562569856644,0.3019999861717224,0.45820000767707825
YDR381W,YNL248C,0,-0.18049262,0.06182190403342247,0.3019999861717224,0.45829999446868896
YGL246C,YNL251C,0,-0.18059458,0.061809249222278595,0.3019999861717224,0.45840001106262207
YBR172C,YHR070W,0,-0.18063934,0.06179660186171532,0.3019999861717224,0.4584999978542328
YDR073W,YLR145W,0,-0.18069088,0.061783961951732635,0.3019999861717224,0.4586000144481659
YPR067W,YKL017C,0,-0.18091482,0.061771322041749954,0.3019999861717224,0.4587000012397766
YLL016W,YKR067W,0,-0.18096754,0.06175868958234787,0.3019999861717224,0.45879998803138733
YML058W-A,YDR308C,0,-0.18101,0.06174606457352638,0.3019999861717224,0.45890000462532043
YGL122C,YEL002C,0,-0.18101035,0.061733443289995193,0.3019999861717224,0.45899999141693115
YOR344C,YJL176C,0,-0.18103677,0.0617208257317543,0.3019999861717224,0.45910000801086426
YAL021C,YOR007C,0,-0.18105127,0.06170821562409401,0.3019999861717224,0.459199994802475
YHR006W,YBR179C,0,-0.18112692,0.061695609241724014,0.3019999861717224,0.4593000113964081
YMR172W,YGL252C,0,-0.18115117,0.06168300658464432,0.3019999861717224,0.4593999981880188
YCR075C,YJL039C,0,-0.18124883,0.06167041137814522,0.3019999861717224,0.4595000147819519
YJL010C,YDR052C,0,-0.18140818,0.06165781989693642,0.3019999861717224,0.4596000015735626
YDL143W,YDL102W,0,-0.1814437,0.061645232141017914,0.3019999861717224,0.45969998836517334
YCL016C,YKR024C,0,-0.18153387,0.06163265183568001,0.3019999861717224,0.45980000495910645
YGR118W,YNL126W,0,-0.18158275,0.0616200789809227,0.3019999861717224,0.45989999175071716
YMR260C,YJR137C,0,-0.18161564,0.06160750612616539,0.3019999861717224,0.46000000834465027
YJR155W,YKL173W,0,-0.18161719,0.06159494072198868,0.3019999861717224,0.460099995136261
YHR188C,YDL145C,0,-0.18163121,0.06158238276839256,0.3019999861717224,0.4602000117301941
YFR031C,YOL042W,0,-0.18168733,0.061569828540086746,0.3019999861717224,0.4602999985218048
YML021C,YFR027W,0,-0.18173121,0.06155727803707123,0.3019999861717224,0.4603999853134155
YMR036C,YJR026W,0,-0.18178596,0.06154473125934601,0.3019999861717224,0.46050000190734863
YAR019C,YDL081C,0,-0.18192208,0.061532191932201385,0.3019999861717224,0.46059998869895935
YLR182W,YER166W,0,-0.18193819,0.06151965633034706,0.3019999861717224,0.46070000529289246
YPL262W,YBR182C,0,-0.18196891,0.061507128179073334,0.3019999861717224,0.4607999920845032
YGL025C,YBR182C,0,-0.1819877,0.061494603753089905,0.3019999861717224,0.4609000086784363
YPL096W,YFR047C,0,-0.1819989,0.061482083052396774,0.3019999861717224,0.460999995470047
YBR288C,YHR194W,0,-0.1820016,0.06146956980228424,0.3019999861717224,0.4611000120639801
YNL078W,YGL001C,0,-0.18207358,0.061457060277462006,0.3019999861717224,0.4611999988555908
YPL195W,YJL133W,0,-0.18214886,0.06144455820322037,0.3019999861717224,0.46129998564720154
YGL257C,YLR238W,0,-0.1821797,0.06143205985426903,0.3019999861717224,0.46140000224113464
YJL069C,YER005W,0,-0.18224908,0.061419565230607986,0.3019999861717224,0.46149998903274536
YBR228W,YLL031C,0,-0.18226437,0.061407074332237244,0.3019999861717224,0.46160000562667847
YDR477W,YEL026W,0,-0.18229909,0.0613945908844471,0.3019999861717224,0.4616999924182892
YHR175W,YBR020W,0,-0.1823401,0.06138211488723755,0.3019999861717224,0.4618000090122223
YLR376C,YKL101W,0,-0.18235327,0.061369638890028,0.3019999861717224,0.461899995803833
YCR020C,YMR183C,0,-0.1823752,0.06135717034339905,0.3019999861717224,0.4620000123977661
YHR082C,YHR020W,0,-0.18237947,0.06134470924735069,0.3019999861717224,0.46209999918937683
YAR007C,YLR107W,0,-0.1825158,0.061332251876592636,0.3019999861717224,0.46219998598098755
YML094W,YDR297W,0,-0.1825393,0.06131979823112488,0.3019999861717224,0.46230000257492065
YMR047C,YGL097W,1,-0.18259375,0.0615103542804718,0.30300000309944153,0.46230000257492065
YGL257C,YDL004W,0,-0.18270682,0.06149786710739136,0.30300000309944153,0.46239998936653137
YOR057W,YJL108C,0,-0.1827154,0.06148539111018181,0.30300000309944153,0.4625000059604645
YNL318C,YKL189W,0,-0.18276991,0.06147291511297226,0.30300000309944153,0.4625999927520752
YDL015C,YKL173W,0,-0.18278992,0.06146044656634331,0.30300000309944153,0.4627000093460083
YBR002C,YDR227W,0,-0.18307322,0.061447981745004654,0.30300000309944153,0.462799996137619
YGR147C,YBL051C,0,-0.18308173,0.0614355243742466,0.30300000309944153,0.4629000127315521
YBR186W,YER001W,0,-0.18309054,0.06142307072877884,0.30300000309944153,0.46299999952316284
YKR086W,YDL047W,0,-0.18312325,0.06141062080860138,0.30300000309944153,0.46309998631477356
YML094W,YPL218W,0,-0.18315662,0.06139817461371422,0.30300000309944153,0.46320000290870667
YER015W,YBR297W,0,-0.1831968,0.061385735869407654,0.30300000309944153,0.4632999897003174
YLR423C,YPL126W,0,-0.1833191,0.061373304575681686,0.30300000309944153,0.4634000062942505
YOL165C,YGL233W,0,-0.18342543,0.06136087328195572,0.30300000309944153,0.4634999930858612
YGR245C,YLR361C,0,-0.18346922,0.06134844943881035,0.30300000309944153,0.4636000096797943
YIL009C-A,YDR182W,0,-0.18352467,0.061336033046245575,0.30300000309944153,0.46369999647140503
YLR221C,YDL235C,0,-0.18359381,0.0613236203789711,0.30300000309944153,0.46380001306533813
YDR284C,YDR311W,0,-0.18371363,0.06131121143698692,0.30300000309944153,0.46389999985694885
YAR019C,YPL040C,0,-0.18371771,0.061298806220293045,0.30300000309944153,0.46399998664855957
YMR172W,YER061C,0,-0.18374676,0.061286408454179764,0.30300000309944153,0.4641000032424927
YGL078C,YMR227C,0,-0.18378036,0.06127401441335678,0.30300000309944153,0.4641999900341034
YAR033W,YJL201W,0,-0.1838707,0.0612616240978241,0.30300000309944153,0.4643000066280365
YJL117W,YPL010W,0,-0.18412022,0.06124924123287201,0.30300000309944153,0.4643999934196472
YIL017C,YOR355W,0,-0.18443054,0.06123686209321022,0.30300000309944153,0.4645000100135803
YDR172W,YKR009C,0,-0.18444802,0.06122449040412903,0.30300000309944153,0.46459999680519104
YJL008C,YJR026W,0,-0.18450043,0.061212122440338135,0.30300000309944153,0.46470001339912415
YJL026W,YNL062C,0,-0.18457426,0.06119975820183754,0.30300000309944153,0.46480000019073486
YGL097W,YLR292C,1,-0.18462479,0.061389338225126266,0.30399999022483826,0.46480000019073486
YML121W,YDR093W,0,-0.18467076,0.061376944184303284,0.30399999022483826,0.4648999869823456
YPL175W,YMR044W,0,-0.18468876,0.0613645538687706,0.30399999022483826,0.4650000035762787
YLR276C,YLR088W,0,-0.18489602,0.06135217100381851,0.30399999022483826,0.4650999903678894
YNR047W,YER122C,0,-0.18491931,0.06133979186415672,0.30399999022483826,0.4652000069618225
YNR057C,YLR069C,0,-0.1849496,0.06132741644978523,0.30399999022483826,0.4652999937534332
YFR034C,YOR207C,0,-0.18499342,0.06131504476070404,0.30399999022483826,0.46540001034736633
YKR065C,YHR083W,1,-0.18528953,0.06150433421134949,0.3050000071525574,0.46540001034736633
YDL126C,YNL080C,0,-0.18534808,0.061491936445236206,0.3050000071525574,0.46549999713897705
YML121W,YOL033W,0,-0.18537392,0.061479538679122925,0.3050000071525574,0.46560001373291016
YPL196W,YIR012W,0,-0.18543847,0.06146715208888054,0.3050000071525574,0.4657000005245209
YOL034W,YPL275W,0,-0.18557565,0.06145476549863815,0.3050000071525574,0.4657999873161316
YBR077C,YPL262W,0,-0.18570752,0.061442386358976364,0.3050000071525574,0.4659000039100647
YMR097C,YDL235C,0,-0.18573514,0.061430010944604874,0.3050000071525574,0.4659999907016754
YIR008C,YGR157W,0,-0.18574284,0.06141763925552368,0.3050000071525574,0.4661000072956085
YGR157W,YPL110C,0,-0.18584044,0.06140527501702309,0.3050000071525574,0.46619999408721924
YDR283C,YBR142W,0,-0.18599978,0.06139291450381279,0.3050000071525574,0.46630001068115234
YBL058W,YGL180W,0,-0.18602413,0.06138055771589279,0.3050000071525574,0.46639999747276306
YPR138C,YOL128C,0,-0.18604262,0.06136820837855339,0.3050000071525574,0.46650001406669617
YJL108C,YGL200C,0,-0.18611935,0.06135586276650429,0.3050000071525574,0.4666000008583069
YEL004W,YKL192C,0,-0.18627992,0.06134352460503578,0.3050000071525574,0.4666999876499176
YDR255C,YHR075C,0,-0.18629241,0.061331190168857574,0.3050000071525574,0.4668000042438507
YBR172C,YDL058W,0,-0.1863947,0.061318859457969666,0.3050000071525574,0.4668999910354614
YLR316C,YDL004W,0,-0.18643324,0.061306532472372055,0.3050000071525574,0.46700000762939453
YBL079W,YOL082W,1,-0.18656443,0.06149517744779587,0.3059999942779541,0.46700000762939453
YBR216C,YLR167W,0,-0.18659718,0.06148282065987587,0.3059999942779541,0.46709999442100525
YLR170C,YCR028C-A,0,-0.18665497,0.06147047132253647,0.3059999942779541,0.46720001101493835
YNL039W,YDL164C,0,-0.18686377,0.061458125710487366,0.3059999942779541,0.4672999978065491
YDR457W,YDR507C,0,-0.18697801,0.06144578382372856,0.3059999942779541,0.4674000144004822
YDL002C,YDR309C,0,-0.18700846,0.061433445662260056,0.3059999942779541,0.4675000011920929
YCR084C,YDR072C,0,-0.18703055,0.06142111495137215,0.3059999942779541,0.4675999879837036
YLR316C,YCL016C,0,-0.1870703,0.061408791691064835,0.3059999942779541,0.4677000045776367
YML029W,YJR108W,0,-0.1871232,0.06139646843075752,0.3059999942779541,0.46779999136924744
YGR119C,YOR359W,1,-0.18715595,0.06158475577831268,0.3070000112056732,0.46779999136924744
YER166W,YPR132W,0,-0.18727984,0.06157240271568298,0.3070000112056732,0.46790000796318054
YDL100C,YNR046W,0,-0.18730687,0.06156005710363388,0.3070000112056732,0.46799999475479126
YAL022C,YML011C,0,-0.18735225,0.061547715216875076,0.3070000112056732,0.46810001134872437
YHR015W,YKR024C,0,-0.18736693,0.06153537705540657,0.3070000112056732,0.4681999981403351
YIL037C,YML127W,0,-0.1873827,0.06152304634451866,0.3070000112056732,0.4683000147342682
YGL144C,YER044C-A,0,-0.18739168,0.06151071935892105,0.3070000112056732,0.4684000015258789
YMR097C,YER005W,0,-0.18742684,0.06149839609861374,0.3070000112056732,0.4684999883174896
YIL149C,YOL082W,1,-0.18743694,0.06168635934591293,0.30799999833106995,0.4684999883174896
YFR041C,YNL080C,0,-0.18760723,0.06167401000857353,0.30799999833106995,0.46860000491142273
YBR256C,YNL066W,0,-0.18763347,0.06166166067123413,0.30799999833106995,0.46869999170303345
YMR156C,YDL102W,0,-0.18770121,0.06164931878447533,0.30799999833106995,0.46880000829696655
YOR188W,YFL013C,0,-0.18773347,0.06163698062300682,0.30799999833106995,0.46889999508857727
YKL194C,YIL110W,0,-0.18776964,0.06162464991211891,0.30799999833106995,0.4690000116825104
YBR060C,YHR006W,0,-0.18778636,0.0616123229265213,0.30799999833106995,0.4690999984741211
YIL153W,YML058W-A,0,-0.18781193,0.06159999966621399,0.30799999833106995,0.4691999852657318
YGR285C,YHR152W,0,-0.18782254,0.061587683856487274,0.30799999833106995,0.4693000018596649
YJR126C,YLR292C,1,-0.18792401,0.061775289475917816,0.3089999854564667,0.4693000018596649
YJL090C,YBL040C,0,-0.18795933,0.06176294386386871,0.3089999854564667,0.46939998865127563
YLL043W,YJL052W,0,-0.18804996,0.06175059825181961,0.3089999854564667,0.46950000524520874
YHR015W,YFL050C,0,-0.18816276,0.061738260090351105,0.3089999854564667,0.46959999203681946
YMR183C,YJL039C,0,-0.18824214,0.061725929379463196,0.3089999854564667,0.46970000863075256
YAR019C,YML081C-A,0,-0.1882786,0.061713602393865585,0.3089999854564667,0.4697999954223633
YNL248C,YDR092W,0,-0.18835951,0.06170127913355827,0.3089999854564667,0.4699000120162964
YBR265W,YER024W,0,-0.18849555,0.06168895959854126,0.3089999854564667,0.4699999988079071
YCL011C,YEL050C,0,-0.18854357,0.06167664751410484,0.3089999854564667,0.4700999855995178
YLR141W,YKR089C,0,-0.18855475,0.061664339154958725,0.3089999854564667,0.4702000021934509
YGR029W,YGL097W,1,-0.18857692,0.06185155734419823,0.3100000023841858,0.4702000021934509
YLL043W,YOL034W,0,-0.1885879,0.06183921918272972,0.3100000023841858,0.47029998898506165
YGR214W,YKL166C,0,-0.18861453,0.061826884746551514,0.3100000023841858,0.47040000557899475
YOR328W,YMR296C,0,-0.18863614,0.0618145577609539,0.3100000023841858,0.47049999237060547
YJL039C,YLR026C,0,-0.1886364,0.06180223450064659,0.3100000023841858,0.4706000089645386
YHR088W,YLL031C,0,-0.18866691,0.06178991496562958,0.3100000023841858,0.4706999957561493
YMR293C,YKL016C,0,-0.18881571,0.06177759915590286,0.3100000023841858,0.4708000123500824
YDR297W,YDL130W,0,-0.18883209,0.061765290796756744,0.3100000023841858,0.4708999991416931
YKL014C,YDR385W,0,-0.18890741,0.06175298988819122,0.3100000023841858,0.47099998593330383
YLR313C,YCR075C,0,-0.1890141,0.0617406889796257,0.3100000023841858,0.47110000252723694
YGL200C,YGL106W,0,-0.18901557,0.06172839552164078,0.3100000023841858,0.47119998931884766
YLR193C,YHR005C-A,1,-0.18902378,0.061915189027786255,0.3109999895095825,0.47119998931884766
YOR249C,YNL062C,0,-0.18908924,0.06190286576747894,0.3109999895095825,0.47130000591278076
YIL037C,YDR045C,0,-0.18915193,0.06189054623246193,0.3109999895095825,0.4713999927043915
YDL150W,YLR249W,0,-0.18917447,0.06187823414802551,0.3109999895095825,0.4715000092983246
YNL065W,YFL022C,0,-0.18933164,0.061865925788879395,0.3109999895095825,0.4715999960899353
YER087C-A,YKL057C,1,-0.18944953,0.06205250695347786,0.31200000643730164,0.4715999960899353
YLR182W,YFR029W,0,-0.1894542,0.062040168792009354,0.31200000643730164,0.4717000126838684
YJR140C,YGL048C,0,-0.1894807,0.062027834355831146,0.31200000643730164,0.4717999994754791
YOR144C,YDR479C,0,-0.18950567,0.06201550364494324,0.31200000643730164,0.47189998626708984
YJL087C,YDR507C,0,-0.18951787,0.062003180384635925,0.31200000643730164,0.47200000286102295
YER087C-A,YJL104W,1,-0.18955569,0.06218954920768738,0.31299999356269836,0.47200000286102295
YLR023C,YJL006C,0,-0.18959905,0.06217719614505768,0.31299999356269836,0.47209998965263367
YBR186W,YDR277C,0,-0.18961658,0.06216484680771828,0.31299999356269836,0.4722000062465668
YBL074C,YCL001W,0,-0.18967047,0.062152501195669174,0.31299999356269836,0.4722999930381775
YMR050C,YGR097W,0,-0.18971555,0.06214016303420067,0.31299999356269836,0.4724000096321106
YBL058W,YDR324C,0,-0.18972036,0.06212782859802246,0.31299999356269836,0.4724999964237213
YDR013W,YGR192C,0,-0.18979703,0.06211549788713455,0.31299999356269836,0.4726000130176544
YDR477W,YDL231C,0,-0.18984096,0.06210317462682724,0.31299999356269836,0.47269999980926514
YER042W,YDR182W,0,-0.19003825,0.062090855091810226,0.31299999356269836,0.47279998660087585
YDR435C,YGL049C,0,-0.19004439,0.06207853928208351,0.31299999356269836,0.47290000319480896
YGR029W,YBL079W,1,-0.1901537,0.06226452440023422,0.3140000104904175,0.47290000319480896
YLR397C,YDR236C,0,-0.19017066,0.06225218251347542,0.3140000104904175,0.4729999899864197
YMR016C,YDR251W,0,-0.19017796,0.062239840626716614,0.3140000104904175,0.4731000065803528
YMR283C,YKL088W,0,-0.19021228,0.062227506190538406,0.3140000104904175,0.4731999933719635
YBR179C,YOL142W,0,-0.19028233,0.0622151754796505,0.3140000104904175,0.4733000099658966
YIL153W,YMR075W,0,-0.19060013,0.062202852219343185,0.3140000104904175,0.4733999967575073
YLR405W,YCL062W,0,-0.19067453,0.06219053268432617,0.3140000104904175,0.47350001335144043
YDR283C,YNR056C,0,-0.19067918,0.06217821687459946,0.3140000104904175,0.47360000014305115
YMR301C,YJL085W,0,-0.1907482,0.06216590851545334,0.3140000104904175,0.47369998693466187
YKL194C,YLR329W,0,-0.19088261,0.06215360388159752,0.3140000104904175,0.47380000352859497
YKR063C,YGL257C,0,-0.1908891,0.062141302973032,0.3140000104904175,0.4738999903202057
YDR073W,YGR097W,0,-0.19090511,0.062129005789756775,0.3140000104904175,0.4740000069141388
YFR034C,YGL150C,0,-0.19091259,0.06211671605706215,0.3140000104904175,0.4740999937057495
YDR439W,YHR066W,0,-0.19098671,0.06210443004965782,0.3140000104904175,0.4742000102996826
YDL130W,YML107C,0,-0.19104894,0.06209214776754379,0.3140000104904175,0.47429999709129333
YML055W,YHR197W,1,-0.19104934,0.06227758154273033,0.3149999976158142,0.47429999709129333
YHL028W,YGL097W,1,-0.19118305,0.0624629370868206,0.3160000145435333,0.47429999709129333
YLR265C,YOL164W,0,-0.19118606,0.0624505914747715,0.3160000145435333,0.47440001368522644
YPR020W,YJL113W,0,-0.19119592,0.062438253313302994,0.3160000145435333,0.47450000047683716
YKL189W,YJL145W,0,-0.19133283,0.062425918877124786,0.3160000145435333,0.4745999872684479
YJR140C,YMR044W,0,-0.19142488,0.06241358816623688,0.3160000145435333,0.474700003862381
YGL122C,YLR155C,0,-0.19144368,0.062401264905929565,0.3160000145435333,0.4747999906539917
YHR098C,YBR020W,0,-0.19147311,0.06238894537091255,0.3160000145435333,0.4749000072479248
YHR055C,YAL032C,0,-0.191561,0.06237662956118584,0.3160000145435333,0.4749999940395355
YBR182C,YBL102W,0,-0.1916198,0.06236431747674942,0.3160000145435333,0.47510001063346863
YJL108C,YEL026W,0,-0.19167137,0.0623520128428936,0.3160000145435333,0.47519999742507935
YIR013C,YOL146W,0,-0.1920238,0.06233971193432808,0.3160000145435333,0.47530001401901245
YGR289C,YIL117C,0,-0.19228876,0.062327414751052856,0.3160000145435333,0.47540000081062317
YPR029C,YHR085W,0,-0.19235705,0.06231512501835823,0.3160000145435333,0.4754999876022339
YAL024C,YDL130W,0,-0.19239311,0.0623028390109539,0.3160000145435333,0.475600004196167
YGL071W,YLL031C,0,-0.19240345,0.062290556728839874,0.3160000145435333,0.4756999909877777
YPL041C,YGR010W,0,-0.19251858,0.06227828189730644,0.3160000145435333,0.4758000075817108
YDL150W,YDR308C,0,-0.19259697,0.06226601079106331,0.3160000145435333,0.47589999437332153
YER008C,YDL130W-A,0,-0.19271128,0.062253743410110474,0.3160000145435333,0.47600001096725464
YNL326C,YBR172C,0,-0.1927776,0.06224147975444794,0.3160000145435333,0.47609999775886536
YCL025C,YMR212C,0,-0.19278602,0.062229223549366,0.3160000145435333,0.47620001435279846
YMR267W,YDR075W,0,-0.19280085,0.062216971069574356,0.3160000145435333,0.4763000011444092
YKR056W,YGL022W,0,-0.19280913,0.06220472604036331,0.3160000145435333,0.4763999879360199
YBR179C,YER061C,0,-0.19282776,0.06219248101115227,0.3160000145435333,0.476500004529953
YPL096W,YER166W,0,-0.19291294,0.06218024343252182,0.3160000145435333,0.4765999913215637
YER095W,YNL047C,0,-0.19294766,0.06216800957918167,0.3160000145435333,0.4767000079154968
YLR405W,YPL283C,0,-0.19296789,0.06215578317642212,0.3160000145435333,0.47679999470710754
YMR065W,YIL049W,0,-0.19301869,0.062143560498952866,0.3160000145435333,0.47690001130104065
YFR031C,YDL004W,0,-0.19304468,0.06213134154677391,0.3160000145435333,0.47699999809265137
YDR153C,YKL143W,1,-0.19310232,0.06231570616364479,0.31700000166893005,0.47699999809265137
YOR008C,YPL283C,0,-0.19314949,0.06230345740914345,0.31700000166893005,0.4771000146865845
YML132W,YGR192C,0,-0.19326802,0.0622912161052227,0.31700000166893005,0.4772000014781952
YKR056W,YBR244W,0,-0.1934198,0.062278978526592255,0.31700000166893005,0.4772999882698059
YNL177C,YGR072W,0,-0.19344325,0.062266744673252106,0.31700000166893005,0.477400004863739
YOR209C,YMR097C,0,-0.19350742,0.062254518270492554,0.31700000166893005,0.47749999165534973
YNL070W,YKR065C,1,-0.19354083,0.062438640743494034,0.3179999887943268,0.47749999165534973
YCR082W,YDR072C,0,-0.19354923,0.062426384538412094,0.3179999887943268,0.47760000824928284
YJL006C,YEL029C,0,-0.19355737,0.06241413205862045,0.3179999887943268,0.47769999504089355
YOR245C,YMR246W,0,-0.19356315,0.06240188330411911,0.3179999887943268,0.47780001163482666
YMR150C,YLR292C,1,-0.19367312,0.06258583813905716,0.3190000057220459,0.47780001163482666
YDR052C,YDL047W,0,-0.19398229,0.06257355958223343,0.3190000057220459,0.4778999984264374
YMR296C,YDL120W,0,-0.1940114,0.0625612884759903,0.3190000057220459,0.4779999852180481
YDR381W,YLR129W,0,-0.19402848,0.06254901736974716,0.3190000057220459,0.4781000018119812
YDL079C,YER042W,0,-0.19406462,0.06253676116466522,0.3190000057220459,0.4781999886035919
YGR289C,YJR013W,0,-0.19414607,0.06252449750900269,0.3190000057220459,0.478300005197525
YER062C,YAL026C,0,-0.19422449,0.06251224875450134,0.3190000057220459,0.47839999198913574
YMR197C,YIL080W,0,-0.19435708,0.0625,0.3190000057220459,0.47850000858306885
YBR082C,YKL179C,0,-0.19439262,0.062487758696079254,0.3190000057220459,0.47859999537467957
YKL143W,YBR171W,1,-0.1944273,0.06267136335372925,0.3199999928474426,0.47859999537467957
YER109C,YJL085W,0,-0.19445057,0.06265909224748611,0.3199999928474426,0.47870001196861267
YAL068C,YGR010W,0,-0.19448268,0.06264682859182358,0.3199999928474426,0.4787999987602234
YER082C,YMR056C,0,-0.19475634,0.06263456493616104,0.3199999928474426,0.4788999855518341
YJL106W,YFL004W,0,-0.19478992,0.0626223087310791,0.3199999928474426,0.4790000021457672
YBR253W,YDR448W,0,-0.1949506,0.06261005997657776,0.3199999928474426,0.47909998893737793
YPL195W,YNL243W,0,-0.19499268,0.06259781122207642,0.3199999928474426,0.47920000553131104
YBR216C,YPR074C,0,-0.19500442,0.06258556991815567,0.3199999928474426,0.47929999232292175
YLR329W,YML109W,0,-0.19515178,0.06257332861423492,0.3199999928474426,0.47940000891685486
YML124C,YHL024W,0,-0.19519208,0.06256109476089478,0.3199999928474426,0.4794999957084656
YER087C-A,YMR091C,1,-0.19527684,0.06274433434009552,0.32100000977516174,0.4794999957084656
YPL028W,YIL076W,0,-0.19530402,0.06273207068443298,0.32100000977516174,0.4796000123023987
YDR277C,YPR029C,0,-0.1953391,0.06271981447935104,0.32100000977516174,0.4796999990940094
YPL210C,YBL078C,1,-0.19537085,0.06290291249752045,0.32199999690055847,0.4796999990940094
YOR057W,YER062C,0,-0.19540821,0.06289062649011612,0.32199999690055847,0.4797999858856201
YBR216C,YPL267W,0,-0.19543073,0.06287834048271179,0.32199999690055847,0.4799000024795532
YDL013W,YAL034W-A,0,-0.19546793,0.06286606937646866,0.32199999690055847,0.47999998927116394
YNR044W,YPL170W,0,-0.19547874,0.06285379827022552,0.32199999690055847,0.48010000586509705
YLR431C,YGL097W,1,-0.19554539,0.06303668767213821,0.3230000138282776,0.48010000586509705
YBR274W,YDR320C,0,-0.19563282,0.06302438676357269,0.3230000138282776,0.48019999265670776
YDR297W,YBL100W-B,0,-0.19567667,0.06301209330558777,0.3230000138282776,0.48030000925064087
YIL110W,YML032C,0,-0.1957923,0.06299980729818344,0.3230000138282776,0.4803999960422516
YCR075C,YOR144C,0,-0.19584465,0.06298752129077911,0.3230000138282776,0.4805000126361847
YNL251C,YJL072C,0,-0.19585617,0.06297523528337479,0.3230000138282776,0.4805999994277954
YBR118W,YBR273C,0,-0.19594474,0.06296296417713165,0.3230000138282776,0.48069998621940613
YDL116W,YHR005C-A,1,-0.19597067,0.06314558535814285,0.3240000009536743,0.48069998621940613
YNL047C,YDR345C,0,-0.19603819,0.06313328444957733,0.3240000009536743,0.48080000281333923
YDL052C,YER044C-A,0,-0.19607168,0.06312098354101181,0.3240000009536743,0.48089998960494995
YFR002W,YGL097W,1,-0.19612019,0.06330347061157227,0.32499998807907104,0.48089998960494995
YDR135C,YNL197C,0,-0.19616064,0.06329113990068436,0.32499998807907104,0.48100000619888306
YBR085W,YJL145W,0,-0.19619465,0.06327881664037704,0.32499998807907104,0.4810999929904938
YEL004W,YGL021W,0,-0.19620994,0.06326650083065033,0.32499998807907104,0.4812000095844269
YPL053C,YLR069C,0,-0.1962442,0.06325418502092361,0.32499998807907104,0.4812999963760376
YER044C-A,YPL010W,0,-0.19625159,0.0632418766617775,0.32499998807907104,0.4814000129699707
YER001W,YNL225C,0,-0.19630153,0.06322956830263138,0.32499998807907104,0.4814999997615814
YBR228W,YDR353W,0,-0.1963035,0.06321727484464645,0.32499998807907104,0.48159998655319214
YIL117C,YDR263C,0,-0.19634074,0.06320498138666153,0.32499998807907104,0.48170000314712524
YNL153C,YAL021C,0,-0.19635428,0.0631926879286766,0.32499998807907104,0.48179998993873596
YMR260C,YGL071W,0,-0.19638078,0.06318040192127228,0.32499998807907104,0.48190000653266907
YBR193C,YOR224C,0,-0.19641238,0.06316812336444855,0.32499998807907104,0.4819999933242798
YAL056W,YDR297W,0,-0.19645226,0.06315585225820541,0.32499998807907104,0.4821000099182129
YIR012W,YBL057C,0,-0.19649778,0.06314358115196228,0.32499998807907104,0.4821999967098236
YCL001W,YNL312W,0,-0.1965888,0.06313131004571915,0.32499998807907104,0.4823000133037567
YER062C,YGL200C,0,-0.19662774,0.06311905384063721,0.32499998807907104,0.48240000009536743
YER109C,YML052W,0,-0.19663739,0.06310679763555527,0.32499998807907104,0.48249998688697815
YIL031W,YDR165W,0,-0.19664042,0.06309454143047333,0.32499998807907104,0.48260000348091125
YER024W,YCR102C,0,-0.1966637,0.06308230012655258,0.32499998807907104,0.482699990272522
YMR227C,YMR301C,0,-0.1966685,0.06307005882263184,0.32499998807907104,0.4828000068664551
YFL013C,YER008C,0,-0.19667043,0.06305781751871109,0.32499998807907104,0.4828999936580658
YOL042W,YPL047W,0,-0.19668935,0.06304558366537094,0.32499998807907104,0.4830000102519989
YJL090C,YDL031W,0,-0.19678468,0.06303335726261139,0.32499998807907104,0.4830999970436096
YPL275W,YBR132C,0,-0.19690965,0.06302113831043243,0.32499998807907104,0.4832000136375427
YNL243W,YDR092W,0,-0.1969582,0.06300891935825348,0.32499998807907104,0.48330000042915344
YMR016C,YBL040C,0,-0.1972317,0.06299670785665512,0.32499998807907104,0.48339998722076416
YER178W,YCR092C,0,-0.19732398,0.06298449635505676,0.32499998807907104,0.48350000381469727
YHR139C,YEL029C,0,-0.19743934,0.062972292304039,0.32499998807907104,0.483599990606308
YJL010C,YML098W,0,-0.19744886,0.06296009570360184,0.32499998807907104,0.4837000072002411
YAL024C,YDR341C,0,-0.19746396,0.06294789910316467,0.32499998807907104,0.4837999939918518
YDL045C,YBR030W,0,-0.1974837,0.0629357099533081,0.32499998807907104,0.4839000105857849
YLL056C,YMR044W,0,-0.19756511,0.06292352080345154,0.32499998807907104,0.48399999737739563
YMR235C,YDR495C,1,-0.19763327,0.06310492008924484,0.32600000500679016,0.48399999737739563
YOR245C,YPL010W,0,-0.19763677,0.06309270113706589,0.32600000500679016,0.48410001397132874
YKL148C,YOR209C,0,-0.19768599,0.06308049708604813,0.32600000500679016,0.48420000076293945
YJL033W,YIL036W,0,-0.19781959,0.06306829303503036,0.32600000500679016,0.48429998755455017
YMR250W,YCL001W,0,-0.197897,0.0630560964345932,0.32600000500679016,0.4844000041484833
YMR097C,YOL147C,0,-0.19790104,0.06304389983415604,0.32600000500679016,0.484499990940094
YGR286C,YIL036W,0,-0.19813524,0.06303171068429947,0.32600000500679016,0.4846000075340271
YOR243C,YDR236C,0,-0.19817519,0.0630195215344429,0.32600000500679016,0.4846999943256378
YNL045W,YMR234W,0,-0.19825332,0.06300734728574753,0.32600000500679016,0.4848000109195709
YLR182W,YJL170C,0,-0.19825335,0.06299516558647156,0.32600000500679016,0.48489999771118164
YKR061W,YNR064C,0,-0.19828184,0.06298299878835678,0.32600000500679016,0.48500001430511475
YPL181W,YKL166C,0,-0.19833313,0.062970831990242,0.32600000500679016,0.48510000109672546
YER087C-A,YMR047C,1,-0.19837005,0.06315179914236069,0.3269999921321869,0.48510000109672546
YJL145W,YOR148C,0,-0.19839115,0.06313960254192352,0.3269999921321869,0.4851999878883362
YOL147C,YML058W-A,0,-0.19840457,0.06312741339206696,0.3269999921321869,0.4853000044822693
YKL194C,YML058W,0,-0.19840656,0.06311523169279099,0.3269999921321869,0.48539999127388
YNR057C,YMR030W,0,-0.19841194,0.06310304999351501,0.3269999921321869,0.4855000078678131
YLR316C,YJL072C,0,-0.19872093,0.06309087574481964,0.3269999921321869,0.48559999465942383
YDR148C,YLR265C,0,-0.19872563,0.06307870149612427,0.3269999921321869,0.48570001125335693
YNL066W,YNR057C,0,-0.19878133,0.06306653469800949,0.3269999921321869,0.48579999804496765
YCR075C,YDR038C,0,-0.1987951,0.06305437535047531,0.3269999921321869,0.48590001463890076
YPL137C,YDR457W,0,-0.19893718,0.06304222345352173,0.3269999921321869,0.4860000014305115
YCR020C,YOR272W,0,-0.19904673,0.06303007155656815,0.3269999921321869,0.4860999882221222
YLR329W,YMR238W,0,-0.19912972,0.06301791965961456,0.3269999921321869,0.4862000048160553
YJL117W,YCR102C,0,-0.19916748,0.06300578266382217,0.3269999921321869,0.486299991607666
YMR309C,YNL039W,0,-0.19917588,0.06299364566802979,0.3269999921321869,0.4864000082015991
YGR276C,YMR056C,0,-0.19921036,0.0629815086722374,0.3269999921321869,0.48649999499320984
YKL108W,YFR047C,0,-0.19936822,0.0629693791270256,0.3269999921321869,0.48660001158714294
YFR034C,YFL013C,0,-0.1994036,0.06295725703239441,0.3269999921321869,0.48669999837875366
YGL071W,YOR117W,0,-0.19941823,0.06294514238834381,0.3269999921321869,0.4867999851703644
YBR118W,YLR115W,0,-0.19943388,0.06293302774429321,0.3269999921321869,0.4869000017642975
YHR143W-A,YER008C,0,-0.1995364,0.06292091310024261,0.3269999921321869,0.4869999885559082
YPL015C,YPL283C,0,-0.19955462,0.06290881335735321,0.3269999921321869,0.4871000051498413
YGR029W,YMR153W,1,-0.19961824,0.06308905780315399,0.328000009059906,0.4871000051498413
YDR345C,YPR198W,0,-0.19964659,0.0630769208073616,0.328000009059906,0.487199991941452
YBR288C,YML107C,0,-0.1996807,0.06306479871273041,0.328000009059906,0.48730000853538513
YDR013W,YDR311W,0,-0.19973649,0.06305266916751862,0.328000009059906,0.48739999532699585
YML021C,YFL025C,0,-0.19975278,0.06304055452346802,0.328000009059906,0.48750001192092896
YIL039W,YNL097C,0,-0.19976094,0.06302843987941742,0.328000009059906,0.4875999987125397
YCL025C,YGR005C,0,-0.19978501,0.06301633268594742,0.328000009059906,0.4876999855041504
YLR088W,YAR033W,0,-0.1998183,0.06300422549247742,0.328000009059906,0.4878000020980835
YLR182W,YDR484W,0,-0.2000243,0.06299212574958801,0.328000009059906,0.4878999888896942
YHR139C,YJL113W,0,-0.20007178,0.0629800334572792,0.328000009059906,0.4880000054836273
YER001W,YMR219W,0,-0.20025136,0.0629679411649704,0.328000009059906,0.48809999227523804
YGR029W,YLR431C,1,-0.20033725,0.06314779072999954,0.32899999618530273,0.48809999227523804
YGR262C,YPR199C,0,-0.20044181,0.06313567608594894,0.32899999618530273,0.48820000886917114
YBR168W,YMR212C,0,-0.20051363,0.06312356144189835,0.32899999618530273,0.48829999566078186
YNL078W,YGR192C,0,-0.20053807,0.06311145424842834,0.32899999618530273,0.48840001225471497
YLR098C,YJL074C,0,-0.2005762,0.06309934705495834,0.32899999618530273,0.4884999990463257
YGL033W,YPL091W,0,-0.20065753,0.06308724731206894,0.32899999618530273,0.4885999858379364
YHR005C,YOR148C,0,-0.20067303,0.06307515501976013,0.32899999618530273,0.4887000024318695
YML094W,YJR155W,0,-0.20067613,0.06306306272745132,0.32899999618530273,0.4887999892234802
YPL161C,YHL024W,0,-0.2008787,0.06305097788572311,0.32899999618530273,0.48890000581741333
YDR292C,YDR495C,1,-0.20088466,0.06323050707578659,0.33000001311302185,0.48890000581741333
YOR002W,YDR123C,0,-0.2008962,0.06321839243173599,0.33000001311302185,0.48899999260902405
YNL225C,YPL170W,0,-0.20098524,0.06320628523826599,0.33000001311302185,0.48910000920295715
YOL054W,YLR114C,0,-0.20107052,0.06319417804479599,0.33000001311302185,0.48919999599456787
YMR077C,YPL040C,0,-0.20111622,0.06318207830190659,0.33000001311302185,0.489300012588501
YDR236C,YKR063C,0,-0.20117876,0.06316998600959778,0.33000001311302185,0.4893999993801117
YDR255C,YDL198C,0,-0.20119655,0.06315789371728897,0.33000001311302185,0.4894999861717224
YPL153C,YLR298C,0,-0.20126437,0.06314580887556076,0.33000001311302185,0.4896000027656555
YPL010W,YGR186W,0,-0.2014484,0.06313373148441315,0.33000001311302185,0.48969998955726624
YBR142W,YGL150C,0,-0.20152168,0.06312165409326553,0.33000001311302185,0.48980000615119934
YER042W,YMR036C,0,-0.20154126,0.06310958415269852,0.33000001311302185,0.48989999294281006
YLR210W,YBL003C,0,-0.2016858,0.0630975142121315,0.33000001311302185,0.49000000953674316
YHR066W,YBL040C,0,-0.20174374,0.06308545172214508,0.33000001311302185,0.4900999963283539
YLR155C,YOL033W,0,-0.20177995,0.06307339668273926,0.33000001311302185,0.490200012922287
YGL075C,YMR016C,0,-0.20178175,0.06306134164333344,0.33000001311302185,0.4902999997138977
YPL041C,YMR198W,0,-0.20179039,0.06304929405450821,0.33000001311302185,0.4903999865055084
YPL175W,YBL102W,0,-0.20190768,0.06303724646568298,0.33000001311302185,0.49050000309944153
YIL117C,YPR073C,0,-0.2019608,0.06302521377801895,0.33000001311302185,0.49059998989105225
YGR285C,YAL022C,0,-0.20199478,0.06301317363977432,0.33000001311302185,0.49070000648498535
YBR058C,YJL039C,0,-0.20207335,0.06300114840269089,0.33000001311302185,0.49079999327659607
YGR123C,YML121W,0,-0.20208733,0.06298912316560745,0.33000001311302185,0.4909000098705292
YPL275W,YIL154C,0,-0.20208995,0.06297709792852402,0.33000001311302185,0.4909999966621399
YPR200C,YLR383W,0,-0.20223196,0.06296508014202118,0.33000001311302185,0.491100013256073
YCL044C,YMR296C,0,-0.20223948,0.06295306980609894,0.33000001311302185,0.4912000000476837
YJL087C,YBR170C,0,-0.2022798,0.0629410669207573,0.33000001311302185,0.49129998683929443
YCL069W,YJR026W,0,-0.20237279,0.06292906403541565,0.33000001311302185,0.49140000343322754
YLR453C,YOL142W,0,-0.20245886,0.062917061150074,0.33000001311302185,0.49149999022483826
YOR346W,YLR026C,0,-0.20246178,0.06290507316589355,0.33000001311302185,0.49160000681877136
YMR227C,YMR212C,0,-0.20250714,0.0628930851817131,0.33000001311302185,0.4916999936103821
YPR042C,YFL002C,0,-0.20259587,0.06288109719753265,0.33000001311302185,0.4918000102043152
YLR155C,YIL036W,0,-0.20265502,0.0628691166639328,0.33000001311302185,0.4918999969959259
YKR086W,YER003C,0,-0.20266517,0.06285714358091354,0.33000001311302185,0.492000013589859
YMR267W,YPL137C,0,-0.20267718,0.06284517049789429,0.33000001311302185,0.4921000003814697
YIR022W,YML055W,1,-0.2028061,0.06302361190319061,0.3310000002384186,0.4921000003814697
YOR115C,YDR479C,0,-0.20283872,0.06301160901784897,0.3310000002384186,0.49219998717308044
YJL008C,YOR153W,0,-0.20285298,0.06299962103366852,0.3310000002384186,0.49230000376701355
YJL013C,YER127W,0,-0.20288204,0.06298763304948807,0.3310000002384186,0.49239999055862427
YPR132W,YGR072W,0,-0.20290472,0.06297564506530762,0.3310000002384186,0.4925000071525574
YGR157W,YKR007W,0,-0.20296611,0.06296366453170776,0.3310000002384186,0.4925999939441681
YER082C,YGR272C,0,-0.20297232,0.06295169144868851,0.3310000002384186,0.4927000105381012
YPL010W,YBR002C,0,-0.20299909,0.06293972581624985,0.3310000002384186,0.4927999973297119
YKR028W,YHR118C,0,-0.2031464,0.06292776018381119,0.3310000002384186,0.492900013923645
YHL003C,YER127W,0,-0.20316221,0.06291579455137253,0.3310000002384186,0.49300000071525574
YOR207C,YHR038W,0,-0.2032299,0.06290383636951447,0.3310000002384186,0.49309998750686646
YPL130W,YBL051C,0,-0.20326462,0.062891885638237,0.3310000002384186,0.49320000410079956
YLR376C,YDR288W,0,-0.20326686,0.06287994235754013,0.3310000002384186,0.4932999908924103
YOR232W,YEL013W,1,-0.20329387,0.06305792927742004,0.3319999873638153,0.4932999908924103
YML038C,YOR224C,0,-0.20332704,0.06304595619440079,0.3319999873638153,0.4934000074863434
YLR005W,YLR088W,0,-0.20339032,0.06303398311138153,0.3319999873638153,0.4934999942779541
YIR013C,YGR097W,0,-0.203443,0.06302201747894287,0.3319999873638153,0.4936000108718872
YBR265W,YBL003C,0,-0.20348018,0.06301005929708481,0.3319999873638153,0.4936999976634979
YHL025W,YGL033W,0,-0.20373788,0.06299810111522675,0.3319999873638153,0.49380001425743103
YOR153W,YDR450W,0,-0.20374745,0.06298615038394928,0.3319999873638153,0.49390000104904175
YBR193C,YOR355W,0,-0.20394479,0.06297419965267181,0.3319999873638153,0.49399998784065247
YMR150C,YML031W,1,-0.20399831,0.06315190345048904,0.3330000042915344,0.49399998784065247
YGL155W,YEL036C,0,-0.20402318,0.06313993036746979,0.3330000042915344,0.49410000443458557
YAL030W,YMR183C,0,-0.20407872,0.06312796473503113,0.3330000042915344,0.4941999912261963
YOL033W,YDR381W,0,-0.20408763,0.06311599910259247,0.3330000042915344,0.4943000078201294
YER005W,YKR024C,0,-0.2040942,0.06310403347015381,0.3330000042915344,0.4943999946117401
YIL117C,YGR007W,0,-0.20415817,0.06309208273887634,0.3330000042915344,0.4945000112056732
YNL094W,YMR060C,0,-0.20418443,0.06308013200759888,0.3330000042915344,0.49459999799728394
YPR010C,YAL026C,0,-0.20430116,0.06306818127632141,0.3330000042915344,0.49470001459121704
YJL072C,YBR082C,0,-0.20433126,0.06305623799562454,0.3330000042915344,0.49480000138282776
YDR093W,YKL178C,0,-0.20439954,0.06304430216550827,0.3330000042915344,0.4948999881744385
YCR020C,YML116W,0,-0.20457324,0.063032366335392,0.3330000042915344,0.4950000047683716
YOR335C,YNL239W,0,-0.2045788,0.06302043795585632,0.3330000042915344,0.4950999915599823
YMR198W,YML043C,0,-0.20463316,0.06300851702690125,0.3330000042915344,0.4952000081539154
YMR235C,YOL082W,1,-0.20465374,0.06318577378988266,0.33399999141693115,0.4952000081539154
YDR191W,YML021C,0,-0.20466448,0.0631738230586052,0.33399999141693115,0.4952999949455261
YIL122W,YER147C,0,-0.20472729,0.06316187232732773,0.33399999141693115,0.49540001153945923
YFR004W,YFR031C,0,-0.20496798,0.06314993649721146,0.33399999141693115,0.49549999833106995
YER082C,YGL206C,0,-0.20498131,0.06313799321651459,0.33399999141693115,0.49559998512268066
YOR076C,YDL160C,0,-0.20510007,0.06312606483697891,0.33399999141693115,0.49570000171661377
YNL197C,YPR132W,0,-0.20511292,0.06311413645744324,0.33399999141693115,0.4957999885082245
YER001W,YDR013W,0,-0.20516343,0.06310220807790756,0.33399999141693115,0.4959000051021576
YLR182W,YER024W,0,-0.20519726,0.06309029459953308,0.33399999141693115,0.4959999918937683
YOL005C,YLL026W,0,-0.20525421,0.063078373670578,0.33399999141693115,0.4961000084877014
YER178W,YHR005C,0,-0.20528066,0.06306646764278412,0.33399999141693115,0.49619999527931213
YML093W,YMR060C,0,-0.20528899,0.06305456161499023,0.33399999141693115,0.49630001187324524
YDR069C,YER042W,0,-0.2053375,0.06304265558719635,0.33399999141693115,0.49639999866485596
YBR182C,YPR201W,0,-0.2053604,0.06303075700998306,0.33399999141693115,0.4964999854564667
YER044C-A,YER018C,0,-0.20537867,0.06301886588335037,0.33399999141693115,0.4966000020503998
YDR309C,YNL251C,0,-0.20540637,0.06300698220729828,0.33399999141693115,0.4966999888420105
YMR301C,YML021C,0,-0.20546754,0.06299509853124619,0.33399999141693115,0.4968000054359436
YOL124C,YER116C,0,-0.20550506,0.06298321485519409,0.33399999141693115,0.4968999922275543
YMR150C,YML103C,1,-0.20551756,0.06315988302230835,0.33500000834465027,0.4968999922275543
YKL042W,YCR092C,0,-0.20555273,0.06314797699451447,0.33500000834465027,0.4970000088214874
YGR156W,YEL066W,0,-0.205567,0.06313607096672058,0.33500000834465027,0.49709999561309814
YOR076C,YLR107W,0,-0.20558967,0.0631241723895073,0.33500000834465027,0.49720001220703125
YOR304W,YHR053C,0,-0.20564713,0.0631122812628746,0.33500000834465027,0.49729999899864197
YPL040C,YGR010W,0,-0.20584542,0.06310039758682251,0.33500000834465027,0.4973999857902527
YBR135W,YMR030W,0,-0.205922,0.06308851391077042,0.33500000834465027,0.4975000023841858
YMR097C,YIR019C,0,-0.20597793,0.06307663023471832,0.33500000834465027,0.4975999891757965
YCL016C,YBR085W,0,-0.20609637,0.06306476145982742,0.33500000834465027,0.4977000057697296
YCR033W,YOR338W,0,-0.20617312,0.06305289268493652,0.33500000834465027,0.49779999256134033
YPL160W,YIR013C,0,-0.2062088,0.06304102391004562,0.33500000834465027,0.49790000915527344
YDR295C,YPL218W,0,-0.2062196,0.06302916258573532,0.33500000834465027,0.49799999594688416
YAL021C,YFR047C,0,-0.20623183,0.06301730871200562,0.33500000834465027,0.49810001254081726
YKL057C,YBR164C,1,-0.20623226,0.06319352984428406,0.335999995470047,0.49810001254081726
YDR013W,YPR067W,0,-0.20630047,0.06318164616823196,0.335999995470047,0.498199999332428
YMR293C,YER171W,0,-0.20641923,0.06316976994276047,0.335999995470047,0.4982999861240387
YPR138C,YML021C,0,-0.20642039,0.06315789371728897,0.335999995470047,0.4984000027179718
YDR254W,YKL179C,0,-0.20642062,0.06314602494239807,0.335999995470047,0.4984999895095825
YNR047W,YDR013W,0,-0.20643167,0.06313416361808777,0.335999995470047,0.4986000061035156
YGR119C,YNR007C,1,-0.20650584,0.0633101612329483,0.3370000123977661,0.4986000061035156
YBR256C,YMR227C,0,-0.20653038,0.06329827010631561,0.3370000123977661,0.49869999289512634
YER087C-A,YDR495C,1,-0.20659098,0.06347417831420898,0.33799999952316284,0.49869999289512634
YLR313C,YKL088W,0,-0.2067943,0.0634622573852539,0.33799999952316284,0.49880000948905945
YJL053W,YLR060W,0,-0.2068739,0.06345034390687943,0.33799999952316284,0.49889999628067017
YDR231C,YKL179C,0,-0.20692761,0.06343843787908554,0.33799999952316284,0.49900001287460327
YJL168C,YML025C,0,-0.20696187,0.06342653185129166,0.33799999952316284,0.499099999666214
YFR031C,YOR113W,0,-0.20699249,0.06341463327407837,0.33799999952316284,0.4991999864578247
YMR308C,YNL059C,1,-0.20699824,0.06359031796455383,0.33899998664855957,0.4991999864578247
YGL200C,YBR244W,0,-0.20709829,0.06357839703559875,0.33899998664855957,0.4993000030517578
YIR022W,YEL013W,1,-0.20715034,0.06375398486852646,0.3400000035762787,0.4993000030517578
YOL090W,YHR070W,0,-0.20716208,0.06374203413724899,0.3400000035762787,0.49939998984336853
YNL094W,YDL120W,0,-0.20721032,0.06373008340597153,0.3400000035762787,0.49950000643730164
YML051W,YGR145W,0,-0.20722173,0.06371814012527466,0.3400000035762787,0.49959999322891235
YEL004W,YBR273C,0,-0.20726374,0.06370620429515839,0.3400000035762787,0.49970000982284546
YJL010C,YJR006W,0,-0.2073058,0.06369426846504211,0.3400000035762787,0.4997999966144562
YLR141W,YKL088W,0,-0.20730694,0.06368234008550644,0.3400000035762787,0.4999000132083893
YGL223C,YJR026W,0,-0.20736276,0.06367041170597076,0.3400000035762787,0.5
YOR057W,YJR137C,0,-0.2073961,0.06365849077701569,0.3400000035762787,0.5001000165939331
YBR132C,YHR118C,0,-0.20742147,0.0636465772986412,0.3400000035762787,0.5001999735832214
YBR102C,YJL072C,0,-0.20756602,0.06363466382026672,0.3400000035762787,0.5002999901771545
YHR020W,YGL200C,0,-0.20760186,0.06362275779247284,0.3400000035762787,0.5004000067710876
YDL100C,YDR309C,0,-0.20768943,0.06361085176467896,0.3400000035762787,0.5005000233650208
YIL066C,YOL042W,0,-0.20769922,0.06359895318746567,0.3400000035762787,0.5005999803543091
YDR513W,YHR020W,0,-0.20773153,0.06358705461025238,0.3400000035762787,0.5006999969482422
YMR073C,YOR187W,0,-0.20799042,0.06357517093420029,0.3400000035762787,0.5008000135421753
YBL018C,YOR272W,0,-0.2080234,0.0635632798075676,0.3400000035762787,0.5008999705314636
YMR309C,YHR005C,0,-0.20808886,0.0635514035820961,0.3400000035762787,0.5009999871253967
YBL074C,YGL233W,0,-0.20809262,0.0635395273566246,0.3400000035762787,0.5011000037193298
YGR286C,YNL015W,0,-0.208214,0.0635276511311531,0.3400000035762787,0.5012000203132629
YGR119C,YLR431C,1,-0.2082554,0.06370259821414948,0.3409999907016754,0.5012000203132629
YER166W,YFR047C,0,-0.20827687,0.06369069963693619,0.3409999907016754,0.5012999773025513
YMR083W,YJR090C,0,-0.20828067,0.0636788085103035,0.3409999907016754,0.5013999938964844
YML093W,YPL147W,0,-0.20831183,0.0636669173836708,0.3409999907016754,0.5015000104904175
YDR231C,YDL052C,0,-0.20838411,0.06365503370761871,0.3409999907016754,0.5016000270843506
YER082C,YLR265C,0,-0.20844734,0.06364315003156662,0.3409999907016754,0.5016999840736389
YFR031C,YER042W,0,-0.20848507,0.06363127380609512,0.3409999907016754,0.501800000667572
YAL009W,YLR026C,0,-0.20850877,0.06361940503120422,0.3409999907016754,0.5019000172615051
YAL068C,YJL006C,0,-0.20859005,0.06360753625631332,0.3409999907016754,0.5019999742507935
YBR006W,YGL252C,0,-0.20862266,0.06359567493200302,0.3409999907016754,0.5020999908447266
YJL090C,YGL150C,0,-0.20871137,0.06358381360769272,0.3409999907016754,0.5022000074386597
YLR361C,YMR075W,0,-0.2088116,0.06357195973396301,0.3409999907016754,0.5023000240325928
YML113W,YPL041C,0,-0.20886277,0.0635601133108139,0.3409999907016754,0.5023999810218811
YBR217W,YDL088C,1,-0.2089261,0.06373462826013565,0.34200000762939453,0.5023999810218811
YHR005C-A,YCL038C,1,-0.2089549,0.06390907615423203,0.34299999475479126,0.5023999810218811
YDL081C,YJL108C,0,-0.20902465,0.06389717012643814,0.34299999475479126,0.5024999976158142
YLR376C,YGL150C,0,-0.20903167,0.06388526409864426,0.34299999475479126,0.5026000142097473
YLR276C,YJL053W,0,-0.20929495,0.06387337297201157,0.34299999475479126,0.5026999711990356
YER025W,YPL011C,0,-0.20931767,0.06386148184537888,0.34299999475479126,0.5027999877929688
YMR077C,YHR008C,0,-0.20932089,0.06384959071874619,0.34299999475479126,0.5029000043869019
YGR002C,YCL029C,0,-0.20934299,0.06383770704269409,0.34299999475479126,0.503000020980835
YOR249C,YER147C,0,-0.20940651,0.0638258308172226,0.34299999475479126,0.5030999779701233
YJR153W,YOR144C,0,-0.20945545,0.0638139545917511,0.34299999475479126,0.5031999945640564
YHR188C,YJL176C,0,-0.20955913,0.0638020858168602,0.34299999475479126,0.5033000111579895
YLR201C,YHR150W,0,-0.20980261,0.0637902170419693,0.34299999475479126,0.5034000277519226
YDR320C,YOL067C,0,-0.20984535,0.063778355717659,0.34299999475479126,0.5034999847412109
YGL144C,YLR206W,0,-0.20991758,0.06376650184392929,0.34299999475479126,0.503600001335144
YBL079W,YMR035W,1,-0.20993541,0.06394051760435104,0.3440000116825104,0.503600001335144
YCL001W,YJR013W,0,-0.20996678,0.06392864137887955,0.3440000116825104,0.5037000179290771
YMR172W,YPR033C,0,-0.2100017,0.06391675770282745,0.3440000116825104,0.5037999749183655
YML031W,YNL059C,1,-0.210144,0.06409065425395966,0.3449999988079071,0.5037999749183655
YBR058C,YBL003C,0,-0.21019457,0.06407874822616577,0.3449999988079071,0.5038999915122986
YIL037C,YOR151C,0,-0.21021895,0.06406684964895248,0.3449999988079071,0.5040000081062317
YDR038C,YGL001C,0,-0.2102284,0.0640549585223198,0.3449999988079071,0.5041000247001648
YOL005C,YAL026C,0,-0.2102774,0.0640430673956871,0.3449999988079071,0.5041999816894531
YER087C-A,YOR359W,1,-0.21029061,0.06421677768230438,0.34599998593330383,0.5041999816894531
YHR001W,YFL025C,0,-0.21037284,0.0642048642039299,0.34599998593330383,0.5042999982833862
YJR083C,YER116C,0,-0.2104048,0.06419295072555542,0.34599998593330383,0.5044000148773193
YLR201C,YDL143W,0,-0.21056008,0.06418104469776154,0.34599998593330383,0.5044999718666077
YPR029C,YEL066W,0,-0.21059833,0.06416913866996765,0.34599998593330383,0.5045999884605408
YMR267W,YBR058C,0,-0.21065862,0.06415724009275436,0.34599998593330383,0.5047000050544739
YJL145W,YGL150C,0,-0.21080017,0.06414534896612167,0.34599998593330383,0.504800021648407
YLR447C,YLR107W,0,-0.21087113,0.06413345783948898,0.34599998593330383,0.5048999786376953
YPL175W,YGL246C,0,-0.21087123,0.06412157416343689,0.34599998593330383,0.5049999952316284
YKL144C,YGR258C,0,-0.211013,0.0641096904873848,0.34599998593330383,0.5051000118255615
YLR139C,YLR192C,0,-0.2110255,0.0640978142619133,0.34599998593330383,0.5052000284194946
YLR193C,YOR359W,1,-0.21112113,0.06427115947008133,0.34700000286102295,0.5052000284194946
YKL189W,YCR028C-A,0,-0.21121241,0.06425926089286804,0.34700000286102295,0.505299985408783
YGR156W,YLR192C,0,-0.21121286,0.06424736231565475,0.34700000286102295,0.5054000020027161
YKL203C,YGL206C,0,-0.21134026,0.06423547118902206,0.34700000286102295,0.5055000185966492
YNL078W,YIL031W,0,-0.21140517,0.06422358006238937,0.34700000286102295,0.5055999755859375
YJR140C,YML062C,0,-0.21140818,0.06421169638633728,0.34700000286102295,0.5056999921798706
YOR008C,YER145C,0,-0.21141012,0.06419981271028519,0.34700000286102295,0.5058000087738037
YLL043W,YBR084W,0,-0.21146052,0.06418793648481369,0.34700000286102295,0.5059000253677368
YLR117C,YER012W,0,-0.21151842,0.06417606770992279,0.34700000286102295,0.5059999823570251
YGR014W,YKL140W,0,-0.21152963,0.06416419893503189,0.34700000286102295,0.5060999989509583
YAL022C,YMR080C,0,-0.21157427,0.06415233761072159,0.34700000286102295,0.5062000155448914
YBR199W,YBR193C,0,-0.21157964,0.06414048373699188,0.34700000286102295,0.5062999725341797
YLR075W,YGL048C,0,-0.21167813,0.06412862986326218,0.34700000286102295,0.5063999891281128
YHL003C,YLR192C,0,-0.21181376,0.06411677598953247,0.34700000286102295,0.5065000057220459
YPL106C,YDL130W-A,0,-0.21181841,0.06410492956638336,0.34700000286102295,0.506600022315979
YJL085W,YML025C,0,-0.21191086,0.06409309059381485,0.34700000286102295,0.5066999793052673
YDR093W,YEL002C,0,-0.21206756,0.06408125907182693,0.34700000286102295,0.5067999958992004
YPL232W,YJL069C,0,-0.21213736,0.06406942754983902,0.34700000286102295,0.5069000124931335
YPL137C,YJL052W,0,-0.21222062,0.0640575960278511,0.34700000286102295,0.5070000290870667
YDL028C,YLR453C,0,-0.21222426,0.06404577195644379,0.34700000286102295,0.507099986076355
YLR141W,YMR001C,0,-0.21223404,0.06403395533561707,0.34700000286102295,0.5072000026702881
YOL128C,YBR030W,0,-0.21235307,0.06402213871479034,0.34700000286102295,0.5073000192642212
YHR061C,YMR296C,0,-0.21240939,0.06401032954454422,0.34700000286102295,0.5073999762535095
YNL066W,YGR054W,0,-0.21244194,0.06399852782487869,0.34700000286102295,0.5074999928474426
YGR123C,YER012W,0,-0.21247031,0.06398672610521317,0.34700000286102295,0.5076000094413757
YCL044C,YOR147W,0,-0.21253975,0.06397492438554764,0.34700000286102295,0.5077000260353088
YKL178C,YLR088W,0,-0.21264412,0.06396313011646271,0.34700000286102295,0.5077999830245972
YDL052C,YOR132W,0,-0.21265672,0.06395134329795837,0.34700000286102295,0.5078999996185303
YDR052C,YNL054W,0,-0.21266137,0.06393956393003464,0.34700000286102295,0.5080000162124634
YCR028C-A,YPL091W,0,-0.21271749,0.0639277845621109,0.34700000286102295,0.5080999732017517
YHR197W,YDR495C,1,-0.21273182,0.06410020589828491,0.3479999899864197,0.5080999732017517
YHR150W,YBL100W-B,0,-0.21274175,0.06408839672803879,0.3479999899864197,0.5081999897956848
YDL100C,YKL200C,0,-0.21278284,0.06407659500837326,0.3479999899864197,0.5083000063896179
YDR231C,YDL164C,0,-0.21278892,0.06406480073928833,0.3479999899864197,0.508400022983551
YPL096W,YNL002C,0,-0.21289848,0.0640530064702034,0.3479999899864197,0.5084999799728394
YPL069C,YOR003W,0,-0.21290345,0.06404121965169907,0.3479999899864197,0.5085999965667725
YNL327W,YNL080C,0,-0.21293207,0.06402944028377533,0.3479999899864197,0.5087000131607056
YMR083W,YDR457W,0,-0.21302597,0.06401766091585159,0.3479999899864197,0.5088000297546387
YBR217W,YGL097W,1,-0.21302916,0.06418981403112411,0.3490000069141388,0.5088000297546387
YPL137C,YCR020C,0,-0.21303691,0.06417800486087799,0.3490000069141388,0.508899986743927
YDL052C,YLR051C,0,-0.21304603,0.06416621059179306,0.3490000069141388,0.5090000033378601
YLR206W,YCR028C-A,0,-0.21324302,0.06415440887212753,0.3490000069141388,0.5091000199317932
YIL080W,YBR170C,0,-0.21329178,0.0641426220536232,0.3490000069141388,0.5091999769210815
YIL076W,YMR065W,0,-0.2133014,0.06413083523511887,0.3490000069141388,0.5092999935150146
YAL009W,YIR019C,0,-0.21339555,0.06411904841661453,0.3490000069141388,0.5094000101089478
YOR081C,YLR075W,0,-0.21345656,0.06410727649927139,0.3490000069141388,0.5095000267028809
YBR216C,YKL070W,0,-0.21351223,0.06409549713134766,0.3490000069141388,0.5095999836921692
YML051W,YHR088W,0,-0.21356218,0.06408373266458511,0.3490000069141388,0.5097000002861023
YDR345C,YJR006W,0,-0.21357648,0.06407196819782257,0.3490000069141388,0.5098000168800354
YPL181W,YLR069C,0,-0.2136574,0.06406020373106003,0.3490000069141388,0.5098999738693237
YNL094W,YIL080W,0,-0.21367718,0.06404844671487808,0.3490000069141388,0.5099999904632568
YDR320C,YGL028C,0,-0.21368538,0.06403669714927673,0.3490000069141388,0.5101000070571899
YKR009C,YJL113W,0,-0.21378298,0.06402494758367538,0.3490000069141388,0.510200023651123
YOL091W,YDR288W,0,-0.21379097,0.06401320546865463,0.3490000069141388,0.5102999806404114
YER015W,YOL034W,0,-0.21383168,0.06400147080421448,0.3490000069141388,0.5103999972343445
YGR119C,YEL013W,1,-0.21392594,0.06417308747768402,0.3499999940395355,0.5103999972343445
YOR338W,YDR182W,0,-0.2141089,0.06416132301092148,0.3499999940395355,0.5105000138282776
YDL043C,YLR135W,0,-0.2141466,0.06414955854415894,0.3499999940395355,0.5105999708175659
YJR126C,YML031W,1,-0.21421553,0.06432105600833893,0.35100001096725464,0.5105999708175659
YML092C,YEL053C,0,-0.21423192,0.0643092691898346,0.35100001096725464,0.510699987411499
YJR031C,YDR251W,0,-0.21427138,0.06429748982191086,0.35100001096725464,0.5108000040054321
YEL036C,YDR092W,0,-0.21428247,0.06428571790456772,0.35100001096725464,0.5109000205993652
YAL009W,YHR143W-A,0,-0.21435107,0.06427394598722458,0.35100001096725464,0.5109999775886536
YMR182C,YOR153W,0,-0.21436356,0.06426217406988144,0.35100001096725464,0.5110999941825867
YGL252C,YKR060W,0,-0.2144384,0.0642504096031189,0.35100001096725464,0.5112000107765198
YOL067C,YDR148C,0,-0.21449058,0.06423865258693695,0.35100001096725464,0.5113000273704529
YPR200C,YOR171C,0,-0.21449657,0.064226895570755,0.35100001096725464,0.5113999843597412
YJL087C,YHR188C,0,-0.21453096,0.06421514600515366,0.35100001096725464,0.5115000009536743
YKL088W,YNL015W,0,-0.21455263,0.0642034038901329,0.35100001096725464,0.5116000175476074
YNL021W,YMR044W,0,-0.21455951,0.06419166177511215,0.35100001096725464,0.5116999745368958
YDR477W,YLR129W,0,-0.21458723,0.0641799196600914,0.35100001096725464,0.5117999911308289
YOR245C,YOR117W,0,-0.21467017,0.06416819244623184,0.35100001096725464,0.511900007724762
YML052W,YDL130W,0,-0.21474381,0.06415645778179169,0.35100001096725464,0.5120000243186951
YOL067C,YDR449C,0,-0.21479209,0.06414473801851273,0.35100001096725464,0.5120999813079834
YKL194C,YOR209C,0,-0.21489252,0.06413301825523376,0.35100001096725464,0.5121999979019165
YDL047W,YMR268C,0,-0.21493663,0.0641212984919548,0.35100001096725464,0.5123000144958496
YGL194C,YDL130W-A,0,-0.21495156,0.06410958617925644,0.35100001096725464,0.5123999714851379
YDL155W,YCL011C,0,-0.21505632,0.06409788131713867,0.35100001096725464,0.512499988079071
YMR308C,YOL082W,1,-0.2151985,0.06426876038312912,0.35199999809265137,0.512499988079071
YMR060C,YGR078C,0,-0.2152315,0.06425702571868896,0.35199999809265137,0.5126000046730042
YDL100C,YIL017C,0,-0.21523173,0.0642452985048294,0.35199999809265137,0.5127000212669373
YKL014C,YKR022C,0,-0.2153546,0.06423357874155045,0.35199999809265137,0.5127999782562256
YGL078C,YOR257W,0,-0.21536224,0.06422185897827148,0.35199999809265137,0.5128999948501587
YER166W,YLR405W,0,-0.21536358,0.06421013921499252,0.35199999809265137,0.5130000114440918
YDR345C,YLR361C,0,-0.21552385,0.06419843435287476,0.35199999809265137,0.5131000280380249
YER173W,YNL097C,0,-0.21558787,0.06418672204017639,0.35199999809265137,0.5131999850273132
YGR186W,YFR027W,0,-0.21559583,0.06417502462863922,0.35199999809265137,0.5133000016212463
YBL058W,YFL058W,0,-0.2156039,0.06416332721710205,0.35199999809265137,0.5134000182151794
YDR283C,YDR453C,0,-0.21561007,0.06415162980556488,0.35199999809265137,0.5134999752044678
YDL043C,YKL101W,0,-0.21568196,0.0641399398446083,0.35199999809265137,0.5135999917984009
YER082C,YGR097W,0,-0.21590866,0.06412825733423233,0.35199999809265137,0.513700008392334
YMR296C,YFR027W,0,-0.21594931,0.06411657482385635,0.35199999809265137,0.5138000249862671
YLR292C,YEL013W,1,-0.21604116,0.06428701430559158,0.3529999852180481,0.5138000249862671
YPR009W,YOR076C,0,-0.2160555,0.06427530944347382,0.3529999852180481,0.5138999819755554
YDL081C,YER012W,0,-0.21608956,0.06426360458135605,0.3529999852180481,0.5139999985694885
YPR138C,YDL126C,0,-0.21614261,0.06425191462039948,0.3529999852180481,0.5141000151634216
YBR030W,YML099C,0,-0.21617563,0.0642402172088623,0.3529999852180481,0.51419997215271
YKL108W,YMR075W,0,-0.21619184,0.06422852724790573,0.3529999852180481,0.5142999887466431
YJL060W,YKL200C,0,-0.21619652,0.06421684473752975,0.3529999852180481,0.5144000053405762
YPR007C,YAL021C,0,-0.21624948,0.06420516222715378,0.3529999852180481,0.5145000219345093
YAR019C,YDR227W,0,-0.21626301,0.0641934871673584,0.3529999852180481,0.5145999789237976
YKL179C,YMR075W,0,-0.21636944,0.06418181955814362,0.3529999852180481,0.5146999955177307
YMR156C,YBR015C,0,-0.21650876,0.06417015194892883,0.3529999852180481,0.5148000121116638
YFL039C,YNL002C,0,-0.21665661,0.06415848433971405,0.3529999852180481,0.5149000287055969
YDR141C,YDR440W,0,-0.21665813,0.06414683163166046,0.3529999852180481,0.5149999856948853
YFR034C,YGL155W,0,-0.2167048,0.06413517147302628,0.3529999852180481,0.5151000022888184
YJR121W,YMR050C,0,-0.21670847,0.06412352621555328,0.3529999852180481,0.5152000188827515
YGR238C,YMR212C,0,-0.2167735,0.06411188095808029,0.3529999852180481,0.5152999758720398
YDL028C,YGL078C,0,-0.21717755,0.0641002357006073,0.3529999852180481,0.5153999924659729
YJR121W,YAR033W,0,-0.21723486,0.0640885978937149,0.3529999852180481,0.515500009059906
YIR013C,YLR155C,0,-0.21723975,0.0640769675374031,0.3529999852180481,0.5156000256538391
YHR055C,YOR025W,0,-0.21725436,0.06406533718109131,0.3529999852180481,0.5156999826431274
YHR139C,YJL176C,0,-0.21726145,0.06405371427536011,0.3529999852180481,0.5157999992370605
YKR065C,YFR002W,1,-0.21729888,0.064223513007164,0.3540000021457672,0.5157999992370605
YDL079C,YHL003C,0,-0.21744804,0.06421186029911041,0.3540000021457672,0.5159000158309937
YPL051W,YML121W,0,-0.21745665,0.06420021504163742,0.3540000021457672,0.515999972820282
YBR265W,YGL223C,0,-0.21747972,0.06418857723474503,0.3540000021457672,0.5160999894142151
YDL015C,YGR245C,0,-0.21754773,0.06417693942785263,0.3540000021457672,0.5162000060081482
YPR042C,YDR165W,0,-0.21761386,0.06416530907154083,0.3540000021457672,0.5163000226020813
YPL091W,YFL022C,0,-0.2176678,0.06415367871522903,0.3540000021457672,0.5163999795913696
YOR304W,YNL097C,0,-0.21769367,0.06414205580949783,0.3540000021457672,0.5164999961853027
YBL100W-B,YDR308C,0,-0.21781076,0.06413043290376663,0.3540000021457672,0.5166000127792358
YDR292C,YBR217W,1,-0.21785598,0.06429994851350784,0.35499998927116394,0.5166000127792358
YNL197C,YMR156C,0,-0.21791644,0.06428830325603485,0.35499998927116394,0.516700029373169
YDR353W,YOR288C,0,-0.2179303,0.06427665799856186,0.35499998927116394,0.5167999863624573
YMR150C,YBL079W,1,-0.21794204,0.06444605439901352,0.35600000619888306,0.5167999863624573
YKR065C,YNR007C,1,-0.21803208,0.06461538374423981,0.3569999933242798,0.5167999863624573
YDR353W,YBR179C,0,-0.21805789,0.06460369378328323,0.3569999933242798,0.5169000029563904
YKR029C,YDR545W,0,-0.21821733,0.06459200382232666,0.3569999933242798,0.5170000195503235
YML055W,YGR206W,1,-0.21828516,0.0647612139582634,0.3580000102519989,0.5170000195503235
YDR284C,YKR007W,0,-0.2183704,0.06474950164556503,0.3580000102519989,0.5170999765396118
YPR042C,YOR335C,0,-0.21853517,0.06473779678344727,0.3580000102519989,0.5171999931335449
YOL067C,YLR221C,0,-0.21855189,0.0647260919213295,0.3580000102519989,0.517300009727478
YDR052C,YPL110C,0,-0.21857698,0.06471438705921173,0.3580000102519989,0.5174000263214111
YKL148C,YPL170W,0,-0.21858568,0.06470268964767456,0.3580000102519989,0.5174999833106995
YMR308C,YKR020W,1,-0.21862791,0.06487169861793518,0.35899999737739563,0.5174999833106995
YGR002C,YER122C,0,-0.21874239,0.06485997885465622,0.35899999737739563,0.5175999999046326
YDL028C,YGR211W,0,-0.21874796,0.06484826654195786,0.35899999737739563,0.5177000164985657
YOL069W,YFR031C,0,-0.21882929,0.06483655422925949,0.35899999737739563,0.517799973487854
YER166W,YNL225C,0,-0.21888642,0.06482484936714172,0.35899999737739563,0.5178999900817871
YLR135W,YOR224C,0,-0.21894367,0.06481314450502396,0.35899999737739563,0.5180000066757202
YOL147C,YGR002C,0,-0.2190593,0.06480144709348679,0.35899999737739563,0.5181000232696533
YLR135W,YBR168W,0,-0.21911947,0.06478974968194962,0.35899999737739563,0.5181999802589417
YBR256C,YDR141C,0,-0.21912928,0.06477805972099304,0.35899999737739563,0.5182999968528748
YLR023C,YIL049W,0,-0.21914323,0.06476636976003647,0.35899999737739563,0.5184000134468079
YDR507C,YGL120C,0,-0.21917363,0.06475468724966049,0.35899999737739563,0.5184999704360962
YCL001W,YIL049W,0,-0.2193581,0.06474301218986511,0.35899999737739563,0.5185999870300293
YKL042W,YLR145W,0,-0.2194059,0.06473133713006973,0.35899999737739563,0.5187000036239624
YNL066W,YPR199C,0,-0.21952625,0.06471966952085495,0.35899999737739563,0.5188000202178955
YML075C,YGR005C,0,-0.21960552,0.06470800191164017,0.35899999737739563,0.5188999772071838
YBR298C,YMR246W,0,-0.21969213,0.06469634175300598,0.35899999737739563,0.5189999938011169
YGL150C,YBR082C,0,-0.21971656,0.0646846815943718,0.35899999737739563,0.51910001039505
YBR257W,YKL101W,0,-0.21977006,0.0646730288863182,0.35899999737739563,0.5192000269889832
YLR423C,YML075C,0,-0.21979837,0.06466138362884521,0.35899999737739563,0.5192999839782715
YCR075C,YBR216C,0,-0.21981584,0.06464973837137222,0.35899999737739563,0.5194000005722046
YBL018C,YAR010C,0,-0.21984573,0.06463810056447983,0.35899999737739563,0.5195000171661377
YFR031C,YHR143W-A,0,-0.21985592,0.06462646275758743,0.35899999737739563,0.519599974155426
YDR091C,YMR150C,1,-0.2198713,0.06479481607675552,0.36000001430511475,0.519599974155426
YIL034C,YNL090W,0,-0.21987684,0.06478315591812134,0.36000001430511475,0.5196999907493591
YEL050C,YDL120W,0,-0.21993847,0.06477150321006775,0.36000001430511475,0.5198000073432922
YOL158C,YIL079C,0,-0.21995799,0.06475985050201416,0.36000001430511475,0.5199000239372253
YKR029C,YBR265W,0,-0.21997534,0.06474819779396057,0.36000001430511475,0.5199999809265137
YPL051W,YBL090W,0,-0.22007962,0.06473655998706818,0.36000001430511475,0.5200999975204468
YDR236C,YPL106C,0,-0.22024818,0.06472492218017578,0.36000001430511475,0.5202000141143799
YLR141W,YML029W,0,-0.22026713,0.06471328437328339,0.36000001430511475,0.5202999711036682
YGR217W,YOR245C,0,-0.22028841,0.06470165401697159,0.36000001430511475,0.5203999876976013
YPL096W,YDR418W,0,-0.22036178,0.06469002366065979,0.36000001430511475,0.5205000042915344
YLR135W,YGR262C,0,-0.22037812,0.06467840820550919,0.36000001430511475,0.5206000208854675
YNL066W,YER044C-A,0,-0.220482,0.06466678529977798,0.36000001430511475,0.5206999778747559
YDL088C,YBR164C,1,-0.22053786,0.06483477354049683,0.3610000014305115,0.5206999778747559
YGL122C,YPL010W,0,-0.22056703,0.06482312828302383,0.3610000014305115,0.520799994468689
YDR165W,YLR115W,0,-0.22083898,0.06481149047613144,0.3610000014305115,0.5209000110626221
YOR187W,YER005W,0,-0.22088443,0.06479986011981964,0.3610000014305115,0.5210000276565552
YGR161C,YEL026W,0,-0.22090425,0.06478822976350784,0.3610000014305115,0.5210999846458435
YMR267W,YPR198W,0,-0.2209212,0.06477659940719604,0.3610000014305115,0.5212000012397766
YLR423C,YGR007W,0,-0.22094353,0.06476498395204544,0.3610000014305115,0.5213000178337097
YCL001W,YBL003C,0,-0.22111459,0.06475336104631424,0.3610000014305115,0.521399974822998
YML092C,YMR284W,0,-0.22114958,0.06474175304174423,0.3610000014305115,0.5214999914169312
YMR001C,YAL034W-A,0,-0.22115664,0.06473014503717422,0.3610000014305115,0.5216000080108643
YGR145W,YDL102W,0,-0.22122206,0.06471853703260422,0.3610000014305115,0.5217000246047974
YLR423C,YOL147C,0,-0.22130738,0.06470693647861481,0.3610000014305115,0.5217999815940857
YDR135C,YOR117W,0,-0.22133018,0.064695343375206,0.3610000014305115,0.5218999981880188
YDR184C,YML109W,0,-0.22154938,0.06468375027179718,0.3610000014305115,0.5220000147819519
YGL078C,YML057W,0,-0.22158815,0.06467215716838837,0.3610000014305115,0.5220999717712402
YHR030C,YKL178C,0,-0.22158946,0.06466057896614075,0.3610000014305115,0.5221999883651733
YLR221C,YPR198W,0,-0.22161172,0.06464900076389313,0.3610000014305115,0.5223000049591064
YPL028W,YIL121W,0,-0.22183885,0.06463742256164551,0.3610000014305115,0.5224000215530396
YMR267W,YPR010C,0,-0.22190614,0.06462585180997849,0.3610000014305115,0.5224999785423279
YLR023C,YNL062C,0,-0.2219284,0.06461428105831146,0.3610000014305115,0.522599995136261
YDR057W,YIL080W,0,-0.22198589,0.06460271775722504,0.3610000014305115,0.5227000117301941
YGR119C,YHL028W,1,-0.22201987,0.06477008759975433,0.3619999885559082,0.5227000117301941
YLR431C,YHL028W,1,-0.22204874,0.06493739038705826,0.3630000054836273,0.5227000117301941
YER068W,YCR067C,0,-0.22212778,0.06492577493190765,0.3630000054836273,0.5228000283241272
YJL052W,YDL231C,0,-0.22219308,0.06491415947675705,0.3630000054836273,0.5228999853134155
YNL326C,YOL068C,0,-0.22234248,0.06490255892276764,0.3630000054836273,0.5230000019073486
YDR439W,YKL064W,0,-0.22239788,0.06489095091819763,0.3630000054836273,0.5231000185012817
YML021C,YFL058W,0,-0.22241987,0.06487935781478882,0.3630000054836273,0.5231999754905701
YGL099W,YOL082W,1,-0.22243972,0.06504645943641663,0.36399999260902405,0.5231999754905701
YML075C,YBR216C,0,-0.22248901,0.06503483653068542,0.36399999260902405,0.5232999920845032
YPL232W,YGL252C,0,-0.22263493,0.06502322107553482,0.36399999260902405,0.5234000086784363
YJL026W,YDL120W,0,-0.22269858,0.06501160562038422,0.36399999260902405,0.5235000252723694
YLL016W,YDR227W,0,-0.22274877,0.06499999761581421,0.36399999260902405,0.5235999822616577
YBR084W,YDR448W,0,-0.22275932,0.0649883970618248,0.36399999260902405,0.5236999988555908
YDR263C,YNL129W,0,-0.22278039,0.06497679650783539,0.36399999260902405,0.5238000154495239
YLL017W,YIR019C,0,-0.22294743,0.06496519595384598,0.36399999260902405,0.5238999724388123
YFR052W,YDL102W,0,-0.2230014,0.06495360285043716,0.36399999260902405,0.5239999890327454
YPL161C,YPL170W,0,-0.22301622,0.06494201719760895,0.36399999260902405,0.5241000056266785
YNL070W,YNL059C,1,-0.22305407,0.06510881334543228,0.36500000953674316,0.5241000056266785
YNL068C,YNL094W,0,-0.22306727,0.06509719789028168,0.36500000953674316,0.5242000222206116
YDR093W,YGR005C,0,-0.22318782,0.06508558988571167,0.36500000953674316,0.5242999792098999
YKL057C,YMR035W,1,-0.22321083,0.06525227427482605,0.3659999966621399,0.5242999792098999
YHR055C,YMR246W,0,-0.22322907,0.06524064391851425,0.3659999966621399,0.524399995803833
YDR345C,YAL030W,0,-0.22341458,0.06522901356220245,0.3659999966621399,0.5245000123977661
YER062C,YJL006C,0,-0.2234839,0.06521739065647125,0.3659999966621399,0.5246000289916992
YOL067C,YDR341C,0,-0.22348775,0.06520577520132065,0.3659999966621399,0.5246999859809875
YKR072C,YFR027W,0,-0.22350262,0.06519415974617004,0.3659999966621399,0.5248000025749207
YIR008C,YGR002C,0,-0.22354127,0.06518254429101944,0.3659999966621399,0.5249000191688538
YKR065C,YMR035W,1,-0.22370084,0.06534900516271591,0.367000013589859,0.5249000191688538
YOR188W,YDL130W,0,-0.22373284,0.06533736735582352,0.367000013589859,0.5249999761581421
YGR145W,YGL001C,0,-0.22394879,0.06532573699951172,0.367000013589859,0.5250999927520752
YBR098W,YBR161W,0,-0.22403295,0.06531411409378052,0.367000013589859,0.5252000093460083
YKL170W,YLR363C,0,-0.2240716,0.06530249118804932,0.367000013589859,0.5253000259399414
YDR299W,YMR197C,0,-0.22409473,0.06529087573289871,0.367000013589859,0.5253999829292297
YOR243C,YLR265C,0,-0.22409602,0.06527926027774811,0.367000013589859,0.5254999995231628
YHR008C,YKL166C,0,-0.2241471,0.0652676522731781,0.367000013589859,0.525600016117096
YLR276C,YDR013W,0,-0.22415258,0.0652560442686081,0.367000013589859,0.5256999731063843
YDL088C,YDR495C,1,-0.22416653,0.06542222201824188,0.36800000071525574,0.5256999731063843
YBR217W,YOR359W,1,-0.22428806,0.0655883401632309,0.36899998784065247,0.5256999731063843
YNL318C,YMR044W,0,-0.22433694,0.06557668745517731,0.36899998784065247,0.5257999897003174
YBR002C,YLR005W,0,-0.22442035,0.06556503474712372,0.36899998784065247,0.5259000062942505
YCR033W,YLR210W,0,-0.224449,0.06555338203907013,0.36899998784065247,0.5260000228881836
YML058W,YER062C,0,-0.22447647,0.06554174423217773,0.36899998784065247,0.5260999798774719
YKR086W,YMR075W,0,-0.22449668,0.06553009897470474,0.36899998784065247,0.526199996471405
YJR140C,YKL166C,0,-0.22449817,0.06551846861839294,0.36899998784065247,0.5263000130653381
YBR182C,YDR263C,0,-0.22453757,0.06550683826208115,0.36899998784065247,0.5264000296592712
YBL035C,YGL233W,0,-0.2245651,0.06549520790576935,0.36899998784065247,0.5264999866485596
YMR260C,YDR440W,0,-0.2246174,0.06548358500003815,0.36899998784065247,0.5266000032424927
YGR014W,YKR060W,0,-0.22481318,0.06547196954488754,0.36899998784065247,0.5267000198364258
YGL033W,YGR123C,0,-0.22482906,0.06546035408973694,0.36899998784065247,0.5267999768257141
YLR075W,YNL243W,0,-0.22492881,0.06544873863458633,0.36899998784065247,0.5268999934196472
YDR231C,YDR439W,0,-0.22499909,0.06543713063001633,0.36899998784065247,0.5270000100135803
YMR026C,YDL088C,1,-0.22508402,0.06560283899307251,0.3700000047683716,0.5270000100135803
YML013W,YIL009C-A,0,-0.22512718,0.06559120863676071,0.3700000047683716,0.5271000266075134
YHL003C,YOL126C,0,-0.2251689,0.06557957828044891,0.3700000047683716,0.5271999835968018
YHL025W,YDL081C,0,-0.22542842,0.06556796282529831,0.3700000047683716,0.5273000001907349
YIL121W,YPL011C,0,-0.22546692,0.06555633991956711,0.3700000047683716,0.527400016784668
YOR257W,YGR258C,0,-0.22558902,0.0655447319149971,0.3700000047683716,0.5274999737739563
YAL026C,YDL130W,0,-0.22560455,0.0655331239104271,0.3700000047683716,0.5275999903678894
YML093W,YHR030C,0,-0.22565539,0.06552151590585709,0.3700000047683716,0.5277000069618225
YHR020W,YNL126W,0,-0.2257259,0.06550991535186768,0.3700000047683716,0.5278000235557556
YDR284C,YLR134W,0,-0.22576298,0.06549831479787827,0.3700000047683716,0.527899980545044
YGL097W,YBR171W,1,-0.22583015,0.06566371768712997,0.3709999918937683,0.527899980545044
YMR050C,YFR048W,0,-0.22593655,0.06565209478139877,0.3709999918937683,0.527999997138977
YIL009C-A,YDR439W,0,-0.22607778,0.06564047932624817,0.3709999918937683,0.5281000137329102
YFL050C,YBR082C,0,-0.22613318,0.06562887132167816,0.3709999918937683,0.5281999707221985
YNL153C,YMR172W,0,-0.22616877,0.06561726331710815,0.3709999918937683,0.5282999873161316
YDR436W,YER122C,0,-0.22621317,0.06560565531253815,0.3709999918937683,0.5284000039100647
YMR083W,YDR484W,0,-0.2262183,0.06559406220912933,0.3709999918937683,0.5285000205039978
YJR126C,YKL143W,1,-0.22627236,0.06575923413038254,0.3720000088214874,0.5285000205039978
YLR376C,YLL026W,0,-0.2263393,0.06574761122465134,0.3720000088214874,0.5285999774932861
YGR147C,YER003C,0,-0.22637026,0.06573599576950073,0.3720000088214874,0.5286999940872192
YGL016W,YBR171W,1,-0.22639193,0.06590106338262558,0.37299999594688416,0.5286999940872192
YJL006C,YDR545W,0,-0.22653838,0.06588941812515259,0.37299999594688416,0.5288000106811523
YOL034W,YLR009W,0,-0.22660623,0.06587778031826019,0.37299999594688416,0.5289000272750854
YLR431C,YDR086C,1,-0.22661544,0.06604273617267609,0.37400001287460327,0.5289000272750854
YHR030C,YOL142W,0,-0.22661896,0.0660310760140419,0.37400001287460327,0.5289999842643738
YOR156C,YJL008C,0,-0.22668667,0.06601941585540771,0.37400001287460327,0.5291000008583069
YCR084C,YNL209W,0,-0.22695763,0.06600776314735413,0.37400001287460327,0.52920001745224
YMR172W,YDR184C,0,-0.22701587,0.06599611788988113,0.37400001287460327,0.5292999744415283
YNL267W,YDR251W,0,-0.22702576,0.06598447263240814,0.37400001287460327,0.5293999910354614
YHR175W,YOR182C,0,-0.2270496,0.06597283482551575,0.37400001287460327,0.5295000076293945
YNR035C,YLR107W,0,-0.22707264,0.06596119701862335,0.37400001287460327,0.5296000242233276
YBR161W,YAL068C,0,-0.22713216,0.06594956666231155,0.37400001287460327,0.529699981212616
YKL108W,YOL126C,0,-0.2271619,0.06593794375658035,0.37400001287460327,0.5297999978065491
YDR057W,YHR152W,0,-0.22718991,0.06592632085084915,0.37400001287460327,0.5299000144004822
YNL078W,YOR187W,0,-0.22729652,0.06591469794511795,0.37400001287460327,0.5299999713897705
YBR161W,YGR097W,0,-0.22734098,0.06590308248996735,0.37400001287460327,0.5300999879837036
YMR250W,YIL002C,0,-0.22740097,0.06589147448539734,0.37400001287460327,0.5302000045776367
YOR188W,YPL041C,0,-0.2274188,0.06587986648082733,0.37400001287460327,0.5303000211715698
YER109C,YDR092W,0,-0.22749068,0.06586826592683792,0.37400001287460327,0.5303999781608582
YMR284W,YNL080C,0,-0.22749914,0.06585666537284851,0.37400001287460327,0.5304999947547913
YBR060C,YGL200C,0,-0.2275316,0.0658450722694397,0.37400001287460327,0.5306000113487244
YML038C,YOR171C,0,-0.22757043,0.06583347916603088,0.37400001287460327,0.5307000279426575
YLR431C,YOR359W,1,-0.22758274,0.0659978911280632,0.375,0.5307000279426575
YER109C,YER068W,0,-0.22758694,0.0659862756729126,0.375,0.5307999849319458
YDL088C,YPR139C,1,-0.22761936,0.06615059822797775,0.37599998712539673,0.5307999849319458
YNL262W,YHR150W,0,-0.22767295,0.06613896042108536,0.37599998712539673,0.5309000015258789
YGL025C,YMR073C,0,-0.22780915,0.06612733006477356,0.37599998712539673,0.531000018119812
YDL145C,YBL035C,0,-0.22785635,0.06611569970846176,0.37599998712539673,0.5310999751091003
YLR139C,YML025C,0,-0.22802849,0.06610407680273056,0.37599998712539673,0.5311999917030334
YDR123C,YKL140W,0,-0.22808863,0.06609246134757996,0.37599998712539673,0.5313000082969666
YMR288W,YKL178C,0,-0.22814508,0.06608084589242935,0.37599998712539673,0.5314000248908997
YML124C,YIL036W,0,-0.228202,0.06606923043727875,0.37599998712539673,0.531499981880188
YOR056C,YMR030W,0,-0.22827144,0.06605762243270874,0.37599998712539673,0.5315999984741211
YPR042C,YKL170W,0,-0.22853057,0.06604602187871933,0.37599998712539673,0.5317000150680542
YGR092W,YKL178C,0,-0.22854592,0.06603442132472992,0.37599998712539673,0.5317999720573425
YFL002C,YCR028C-A,0,-0.22854696,0.0660228282213211,0.37599998712539673,0.5318999886512756
YHR175W,YJL176C,0,-0.22868381,0.06601123511791229,0.37599998712539673,0.5320000052452087
YDR448W,YNL062C,0,-0.22869582,0.06599964946508408,0.37599998712539673,0.5321000218391418
YCL069W,YIL079C,0,-0.22871913,0.06598806381225586,0.37599998712539673,0.5321999788284302
YOL128C,YNL239W,0,-0.22874863,0.06597648561000824,0.37599998712539673,0.5322999954223633
YMR219W,YOL068C,0,-0.22889964,0.06596491485834122,0.37599998712539673,0.5324000120162964
YDL155W,YKL016C,0,-0.22899987,0.0659533441066742,0.37599998712539673,0.5325000286102295
YMR172W,YDR324C,0,-0.22904019,0.06594177335500717,0.37599998712539673,0.5325999855995178
YNL094W,YLR134W,0,-0.22943352,0.06593021005392075,0.37599998712539673,0.5327000021934509
YHR030C,YOR144C,0,-0.22943933,0.06591865420341492,0.37599998712539673,0.532800018787384
YLR081W,YPL047W,0,-0.22959991,0.06590709835290909,0.37599998712539673,0.5328999757766724
YKL200C,YMR156C,0,-0.22973137,0.06589554995298386,0.37599998712539673,0.5329999923706055
YDL007W,YPR042C,0,-0.22976418,0.06588400155305862,0.37599998712539673,0.5331000089645386
YKL057C,YCL038C,1,-0.22993268,0.06604765355587006,0.37700000405311584,0.5331000089645386
YPL181W,YGL200C,0,-0.22998513,0.06603608280420303,0.37700000405311584,0.5332000255584717
YFL050C,YNR044W,0,-0.23004957,0.06602451950311661,0.37700000405311584,0.53329998254776
YKL062W,YNL097C,0,-0.23006968,0.06601295620203018,0.37700000405311584,0.5333999991416931
YDL227C,YML127W,0,-0.23009606,0.06600140035152435,0.37700000405311584,0.5335000157356262
YDR436W,YLR114C,0,-0.23015456,0.06598984450101852,0.37700000405311584,0.5335999727249146
YER005W,YJL072C,0,-0.23028912,0.06597829610109329,0.37700000405311584,0.5336999893188477
YPL015C,YDL227C,0,-0.23037164,0.06596675515174866,0.37700000405311584,0.5338000059127808
YMR016C,YKR060W,0,-0.23058678,0.06595521420240402,0.37700000405311584,0.5339000225067139
YLR081W,YNL248C,0,-0.23067121,0.06594367325305939,0.37700000405311584,0.5339999794960022
YHR005C-A,YGR206W,1,-0.23068418,0.06610702723264694,0.3779999911785126,0.5339999794960022
YKR057W,YBR058C,0,-0.23069029,0.06609547138214111,0.3779999911785126,0.5340999960899353
YER025W,YDR227W,0,-0.23074193,0.06608391553163528,0.3779999911785126,0.5342000126838684
YLR115W,YNL021W,0,-0.23087655,0.06607236713171005,0.3779999911785126,0.5343000292778015
YIL149C,YLR008C,1,-0.23091881,0.06623557955026627,0.3790000081062317,0.5343000292778015
YDR439W,YDL150W,0,-0.23096724,0.06622400879859924,0.3790000081062317,0.5343999862670898
YHR061C,YLR139C,0,-0.23102938,0.06621243804693222,0.3790000081062317,0.534500002861023
YLR117C,YML024W,0,-0.23111387,0.0662008747458458,0.3790000081062317,0.534600019454956
YMR047C,YHR197W,1,-0.23111738,0.06636395305395126,0.3799999952316284,0.534600019454956
YKR020W,YGL097W,1,-0.23112132,0.06652697920799255,0.38100001215934753,0.534600019454956
YFL013C,YER061C,0,-0.23115109,0.06651536375284195,0.38100001215934753,0.5346999764442444
YOR081C,YPR200C,0,-0.23118277,0.06650375574827194,0.38100001215934753,0.5347999930381775
YPL051W,YBR210W,0,-0.23125763,0.06649214774370193,0.38100001215934753,0.5349000096321106
YDL052C,YCR005C,0,-0.23129909,0.06648054718971252,0.38100001215934753,0.5350000262260437
YDL102W,YNL327W,0,-0.23130043,0.06646894663572311,0.38100001215934753,0.535099983215332
YNL078W,YAR033W,0,-0.2313735,0.0664573535323143,0.38100001215934753,0.5351999998092651
YOR355W,YNL327W,0,-0.23144762,0.06644576042890549,0.38100001215934753,0.5353000164031982
YMR235C,YBL078C,1,-0.23149557,0.06660854071378708,0.38199999928474426,0.5353000164031982
YNL326C,YAL032C,0,-0.23157655,0.06659693270921707,0.38199999928474426,0.5353999733924866
YOL067C,YDR308C,0,-0.2316417,0.06658532470464706,0.38199999928474426,0.5354999899864197
YOL042W,YIL049W,0,-0.2317137,0.06657371670007706,0.38199999928474426,0.5356000065803528
YPL137C,YML078W,0,-0.23174076,0.06656211614608765,0.38199999928474426,0.5357000231742859
YML021C,YML081C-A,0,-0.23175703,0.06655052304267883,0.38199999928474426,0.5357999801635742
YMR047C,YMR235C,1,-0.2318481,0.0667131170630455,0.382999986410141,0.5357999801635742
YKR022C,YOL164W,0,-0.23187976,0.0667014941573143,0.382999986410141,0.5358999967575073
YDR325W,YPL010W,0,-0.23189802,0.0666898861527443,0.382999986410141,0.5360000133514404
YKR072C,YKL108W,0,-0.23194592,0.06667827069759369,0.382999986410141,0.5360999703407288
YBL051C,YGR186W,0,-0.23199113,0.06666667014360428,0.382999986410141,0.5361999869346619
YMR227C,YKR009C,0,-0.2320248,0.06665506213903427,0.382999986410141,0.536300003528595
YNL062C,YDR122W,0,-0.23211323,0.06664346903562546,0.382999986410141,0.5364000201225281
YHR006W,YEL029C,0,-0.23217912,0.06663186848163605,0.382999986410141,0.5364999771118164
YOR239W,YOR056C,0,-0.23224299,0.06662028282880783,0.382999986410141,0.5365999937057495
YHR088W,YAL001C,0,-0.2323121,0.06660869717597961,0.382999986410141,0.5367000102996826
YFR034C,YHR194W,0,-0.2324012,0.0665971115231514,0.382999986410141,0.5368000268936157
YAL068C,YKR009C,0,-0.2324133,0.06658553332090378,0.382999986410141,0.536899983882904
YBL058W,YBR127C,0,-0.23256613,0.06657396256923676,0.382999986410141,0.5370000004768372
YBR030W,YLR145W,0,-0.23258547,0.06656239181756973,0.382999986410141,0.5371000170707703
YHR150W,YMR075W,0,-0.23261471,0.0665508285164833,0.382999986410141,0.5371999740600586
YKR063C,YNL021W,0,-0.23263939,0.06653926521539688,0.382999986410141,0.5372999906539917
YML058W,YDR288W,0,-0.23266555,0.06652770191431046,0.382999986410141,0.5374000072479248
YMR097C,YAL011W,0,-0.2328337,0.06651615351438522,0.382999986410141,0.5375000238418579
YMR267W,YER005W,0,-0.23284836,0.06650460511445999,0.382999986410141,0.5375999808311462
YJR121W,YFR031C,0,-0.2328644,0.06649305671453476,0.382999986410141,0.5376999974250793
YDR449C,YNL278W,0,-0.23287942,0.06648151576519012,0.382999986410141,0.5378000140190125
YOL067C,YGL075C,0,-0.23290406,0.06646997481584549,0.382999986410141,0.5378999710083008
YKR022C,YDL130W,0,-0.23291351,0.06645844131708145,0.382999986410141,0.5379999876022339
YMR267W,YDR398W,0,-0.23305972,0.06644691526889801,0.382999986410141,0.538100004196167
YBL058W,YBR118W,0,-0.23307581,0.06643538922071457,0.382999986410141,0.5382000207901001
YDR449C,YOL042W,0,-0.23311473,0.06642386317253113,0.382999986410141,0.5382999777793884
YHR084W,YFR004W,0,-0.23313846,0.06641234457492828,0.382999986410141,0.5383999943733215
YPL130W,YAL038W,0,-0.2332537,0.06640083342790604,0.382999986410141,0.5385000109672546
YDR038C,YLR069C,0,-0.23328014,0.06638932228088379,0.382999986410141,0.5386000275611877
YDR439W,YBR060C,0,-0.23329319,0.06637781858444214,0.382999986410141,0.5386999845504761
YGL252C,YDL047W,0,-0.23338102,0.06636631488800049,0.382999986410141,0.5388000011444092
YNR011C,YMR065W,0,-0.2334245,0.06635481864213943,0.382999986410141,0.5389000177383423
YNL225C,YPR067W,0,-0.23348756,0.06634332239627838,0.382999986410141,0.5389999747276306
YDR184C,YKR009C,0,-0.23349325,0.06633183360099792,0.382999986410141,0.5390999913215637
YOR156C,YLR145W,0,-0.23353575,0.06632034480571747,0.382999986410141,0.5392000079154968
YGL257C,YNL062C,0,-0.23379241,0.06630886346101761,0.382999986410141,0.5393000245094299
YNL318C,YPL159C,0,-0.23390116,0.06629738956689835,0.382999986410141,0.5393999814987183
YOR232W,YLR008C,1,-0.23395856,0.06645898520946503,0.3840000033378601,0.5393999814987183
YCL044C,YKL173W,0,-0.23400633,0.06644748151302338,0.3840000033378601,0.5394999980926514
YMR077C,YPL110C,0,-0.2340569,0.06643598526716232,0.3840000033378601,0.5396000146865845
YPR138C,YGR145W,0,-0.2341011,0.06642449647188187,0.3840000033378601,0.5396999716758728
YHR197W,YGR206W,1,-0.23412417,0.0665859580039978,0.38499999046325684,0.5396999716758728
YGL006W,YDL160C,0,-0.23412769,0.06657443940639496,0.38499999046325684,0.5397999882698059
YKR061W,YGR285C,0,-0.23419271,0.06656293570995331,0.38499999046325684,0.539900004863739
YMR267W,YGL022W,0,-0.23425229,0.06655142456293106,0.38499999046325684,0.5400000214576721
YMR267W,YPL091W,0,-0.23442112,0.06653992086648941,0.38499999046325684,0.5400999784469604
YDL047W,YHR194W,0,-0.23442145,0.06652842462062836,0.38499999046325684,0.5401999950408936
YDR093W,YPR074C,0,-0.23451035,0.0665169283747673,0.38499999046325684,0.5403000116348267
YDR191W,YMR015C,0,-0.23455445,0.06650543957948685,0.38499999046325684,0.5404000282287598
YMR073C,YLR210W,0,-0.2346027,0.06649395823478699,0.38499999046325684,0.5404999852180481
YLR081W,YKR024C,0,-0.23466174,0.06648246943950653,0.38499999046325684,0.5406000018119812
YDR091C,YLR431C,1,-0.2347859,0.06664364784955978,0.38600000739097595,0.5406000018119812
YKR065C,YDR086C,1,-0.23480313,0.06680476665496826,0.3869999945163727,0.5406000018119812
YLR430W,YGL048C,0,-0.23488463,0.06679323315620422,0.3869999945163727,0.5407000184059143
YJL090C,YPL130W,0,-0.23494901,0.06678170710802078,0.3869999945163727,0.5407999753952026
YER044C-A,YER005W,0,-0.2349586,0.06677018851041794,0.3869999945163727,0.5408999919891357
YPL276W,YDR247W,0,-0.23501556,0.0667586699128151,0.3869999945163727,0.5410000085830688
YBR085W,YPL267W,0,-0.23536815,0.06674715131521225,0.3869999945163727,0.541100025177002
YMR288W,YEL026W,0,-0.23537011,0.0667356476187706,0.3869999945163727,0.5411999821662903
YJL145W,YOL126C,0,-0.23541655,0.06672413647174835,0.3869999945163727,0.5412999987602234
YIL009C-A,YOL124C,0,-0.2354321,0.0667126327753067,0.3869999945163727,0.5414000153541565
YIR012W,YCR028C-A,0,-0.23549236,0.06670113652944565,0.3869999945163727,0.5414999723434448
YKL194C,YOL088C,0,-0.23578797,0.0666896402835846,0.3869999945163727,0.5415999889373779
YJL173C,YOR153W,0,-0.23584332,0.06667815148830414,0.3869999945163727,0.541700005531311
YNL068C,YER008C,0,-0.23588245,0.06666667014360428,0.3869999945163727,0.5418000221252441
YDL081C,YBR288C,0,-0.23588856,0.06665518134832382,0.3869999945163727,0.5418999791145325
YOR113W,YIL033C,0,-0.23606877,0.06664370745420456,0.3869999945163727,0.5419999957084656
YJL074C,YDL130W,0,-0.23609652,0.0666322335600853,0.3869999945163727,0.5421000123023987
YKL195W,YDR495C,1,-0.23611929,0.06679290533065796,0.3880000114440918,0.5421000123023987
YCR066W,YEL015W,0,-0.23614122,0.0667814090847969,0.3880000114440918,0.5422000288963318
YEL036C,YBR030W,0,-0.23616143,0.06676992028951645,0.3880000114440918,0.5422999858856201
YDR449C,YDL100C,0,-0.23628654,0.06675843149423599,0.3880000114440918,0.5424000024795532
YEL002C,YOL068C,0,-0.23640223,0.06674695014953613,0.3880000114440918,0.5425000190734863
YOR188W,YAL024C,0,-0.23642953,0.06673546880483627,0.3880000114440918,0.5425999760627747
YPL147W,YHR085W,0,-0.23646487,0.06672398746013641,0.3880000114440918,0.5426999926567078
YGL194C,YNR030W,0,-0.23648177,0.06671251356601715,0.3880000114440918,0.5428000092506409
YGR156W,YOL068C,0,-0.23648934,0.06670104712247849,0.3880000114440918,0.542900025844574
YBL079W,YNL070W,1,-0.2365175,0.06686146557331085,0.3889999985694885,0.542900025844574
YHR129C,YLR005W,0,-0.23652945,0.0668499767780304,0.3889999985694885,0.5429999828338623
YIL110W,YJR090C,0,-0.236587,0.06683848798274994,0.3889999985694885,0.5430999994277954
YJL008C,YIL066C,0,-0.2366649,0.06682700663805008,0.3889999985694885,0.5432000160217285
YDR324C,YNL065W,0,-0.2366979,0.06681552529335022,0.3889999985694885,0.5432999730110168
YLL043W,YPL126W,0,-0.2367327,0.06680405139923096,0.3889999985694885,0.54339998960495
YOR188W,YMR284W,0,-0.23677982,0.06679258495569229,0.3889999985694885,0.5435000061988831
YBR253W,YIL038C,0,-0.23684509,0.06678111851215363,0.3889999985694885,0.5436000227928162
YLL016W,YAL034W-A,0,-0.23686971,0.06676965206861496,0.3889999985694885,0.5436999797821045
YMR033W,YIL031W,0,-0.23689316,0.06675819307565689,0.3889999985694885,0.5437999963760376
YDL020C,YFR031C,0,-0.2371882,0.06674674153327942,0.3889999985694885,0.5439000129699707
YML116W,YKL016C,0,-0.23730354,0.06673528999090195,0.3889999985694885,0.5440000295639038
YLR008C,YOL082W,1,-0.2373318,0.06689536571502686,0.38999998569488525,0.5440000295639038
YPL175W,YLR361C,0,-0.23739962,0.06688389927148819,0.38999998569488525,0.5440999865531921
YJR126C,YBR217W,1,-0.23746462,0.06704389303922653,0.39100000262260437,0.5440999865531921
YPR183W,YDR381W,0,-0.23747982,0.06703240424394608,0.39100000262260437,0.5442000031471252
YNL326C,YJL013C,0,-0.23753078,0.06702091544866562,0.39100000262260437,0.5443000197410583
YGL144C,YGR276C,0,-0.23753373,0.06700942665338516,0.39100000262260437,0.5443999767303467
YMR227C,YLR026C,0,-0.23756324,0.0669979453086853,0.39100000262260437,0.5444999933242798
YOR338W,YNL312W,0,-0.23757826,0.06698646396398544,0.39100000262260437,0.5446000099182129
YNL002C,YHR001W,0,-0.23760535,0.06697499006986618,0.39100000262260437,0.544700026512146
YDR448W,YML024W,0,-0.23763509,0.06696352362632751,0.39100000262260437,0.5447999835014343
YLR376C,YMR001C,0,-0.23772185,0.06695205718278885,0.39100000262260437,0.5449000000953674
YNL070W,YLR008C,1,-0.23772411,0.0671117976307869,0.3919999897480011,0.5449000000953674
YMR197C,YNL312W,0,-0.23772599,0.06710030883550644,0.3919999897480011,0.5450000166893005
YBR168W,YJL145W,0,-0.23785488,0.06708882749080658,0.3919999897480011,0.5450999736785889
YKR020W,YER009W,1,-0.23785998,0.06724846363067627,0.3930000066757202,0.5450999736785889
YIL149C,YOR359W,1,-0.23800452,0.06740804016590118,0.39399999380111694,0.5450999736785889
YKR072C,YOR288C,0,-0.23817958,0.06739651411771774,0.39399999380111694,0.545199990272522
YMR128W,YAL026C,0,-0.23823632,0.0673849806189537,0.39399999380111694,0.5453000068664551
YHR066W,YMR234W,0,-0.23824401,0.06737346202135086,0.39399999380111694,0.5454000234603882
YFR031C,YMR065W,0,-0.23828949,0.06736194342374802,0.39399999380111694,0.5454999804496765
YCL044C,YGR211W,0,-0.23835112,0.06735042482614517,0.39399999380111694,0.5455999970436096
YBR038W,YCR020C,0,-0.23851271,0.06733891367912292,0.39399999380111694,0.5457000136375427
YMR309C,YGR097W,0,-0.23854046,0.06732740998268127,0.39399999380111694,0.545799970626831
YGL025C,YER018C,0,-0.23855223,0.06731590628623962,0.39399999380111694,0.5458999872207642
YDR513W,YBL057C,0,-0.23867293,0.06730441004037857,0.39399999380111694,0.5460000038146973
YML058W,YEL026W,0,-0.23877572,0.06729291379451752,0.39399999380111694,0.5461000204086304
YOL005C,YMR096W,0,-0.23881276,0.06728141754865646,0.39399999380111694,0.5461999773979187
YML043C,YGR097W,0,-0.23883365,0.0672699362039566,0.39399999380111694,0.5462999939918518
YGL078C,YGL049C,0,-0.23886807,0.06725844740867615,0.39399999380111694,0.5464000105857849
YBR186W,YDR191W,0,-0.2389458,0.06724697351455688,0.39399999380111694,0.546500027179718
YLR206W,YGL223C,0,-0.23903473,0.06723549216985703,0.39399999380111694,0.5465999841690063
YOR304W,YKL144C,0,-0.23913129,0.06722402572631836,0.39399999380111694,0.5467000007629395
YDL081C,YBR161W,0,-0.23914368,0.0672125518321991,0.39399999380111694,0.5468000173568726
YLR005W,YBR273C,0,-0.23916925,0.06720109283924103,0.39399999380111694,0.5468999743461609
YKR086W,YFR034C,0,-0.23943825,0.06718963384628296,0.39399999380111694,0.546999990940094
YPL010W,YLL031C,0,-0.2394896,0.06717817485332489,0.39399999380111694,0.5471000075340271
YDR385W,YFL025C,0,-0.23952322,0.06716672331094742,0.39399999380111694,0.5472000241279602
YHR075C,YPL228W,0,-0.23954244,0.06715527176856995,0.39399999380111694,0.5472999811172485
YKR029C,YBR127C,0,-0.23960136,0.06714382767677307,0.39399999380111694,0.5473999977111816
YIL036W,YDL130W,0,-0.23961104,0.0671323910355568,0.39399999380111694,0.5475000143051147
YBL079W,YNR007C,1,-0.23968877,0.06729131191968918,0.39500001072883606,0.5475000143051147
YGL028C,YGR014W,0,-0.2397591,0.06727985292673111,0.39500001072883606,0.5475999712944031
YGR192C,YOL126C,0,-0.23987864,0.06726839393377304,0.39500001072883606,0.5476999878883362
YLL024C,YHR005C-A,1,-0.24014758,0.06742721050977707,0.3959999978542328,0.5476999878883362
YMR309C,YLR130C,0,-0.24017553,0.06741572916507721,0.3959999978542328,0.5478000044822693
YPL243W,YGL016W,1,-0.24020372,0.06757447123527527,0.3970000147819519,0.5478000044822693
YDR141C,YKR089C,0,-0.24027647,0.06756296753883362,0.3970000147819519,0.5479000210762024
YML093W,YMR015C,0,-0.24027951,0.06755147129297256,0.3970000147819519,0.5479999780654907
YHR005C,YER127W,0,-0.24035956,0.06753998249769211,0.3970000147819519,0.5480999946594238
YCL016C,YGR157W,0,-0.24038537,0.06752849370241165,0.3970000147819519,0.5482000112533569
YKL148C,YLR014C,0,-0.24047734,0.0675170049071312,0.3970000147819519,0.54830002784729
YHL025W,YBR092C,0,-0.24063294,0.06750552356243134,0.3970000147819519,0.5483999848365784
YJL087C,YFR029W,0,-0.24071725,0.06749404966831207,0.3970000147819519,0.5485000014305115
YMR047C,YBL078C,1,-0.24077405,0.06765256077051163,0.39800000190734863,0.5485000014305115
YHR084W,YDR140W,0,-0.24090521,0.06764105707406998,0.39800000190734863,0.5486000180244446
YFR029W,YLL056C,0,-0.24096756,0.06762956827878952,0.39800000190734863,0.5486999750137329
YNL274C,YKL070W,0,-0.2409829,0.06761807948350906,0.39800000190734863,0.548799991607666
YNL259C,YML094W,0,-0.24102189,0.06760659068822861,0.39800000190734863,0.5489000082015991
YLR329W,YPL097W,0,-0.241049,0.06759510934352875,0.39800000190734863,0.5490000247955322
YER018C,YKL016C,0,-0.2411701,0.06758362799882889,0.39800000190734863,0.5490999817848206
YBL079W,YML055W,1,-0.24131902,0.06774193793535233,0.39899998903274536,0.5490999817848206
YPL175W,YNL206C,0,-0.24138536,0.06773043423891068,0.39899998903274536,0.5491999983787537
YDR057W,YGL223C,0,-0.24147902,0.06771893799304962,0.39899998903274536,0.5493000149726868
YDR292C,YKL057C,1,-0.2414919,0.0678771436214447,0.4000000059604645,0.5493000149726868
YAL009W,YDR381W,0,-0.24161322,0.06786562502384186,0.4000000059604645,0.5493999719619751
YDL043C,YGL032C,0,-0.24170329,0.06785411387681961,0.4000000059604645,0.5494999885559082
YPL196W,YEL050C,0,-0.24178503,0.06784260272979736,0.4000000059604645,0.5496000051498413
YLR176C,YLR350W,0,-0.24180372,0.06783109903335571,0.4000000059604645,0.5497000217437744
YER087C-A,YLR292C,1,-0.24187382,0.06798914819955826,0.4009999930858612,0.5497000217437744
YOR002W,YJR108W,0,-0.24188052,0.06797762215137482,0.4009999930858612,0.5497999787330627
YBL082C,YGL136C,0,-0.24194439,0.06796610355377197,0.4009999930858612,0.5498999953269958
YPL028W,YKL017C,0,-0.2420436,0.06795458495616913,0.4009999930858612,0.550000011920929
YPR042C,YDR227W,0,-0.24216156,0.06794307380914688,0.4009999930858612,0.5501000285148621
YOL011W,YDR439W,0,-0.24223204,0.06793156266212463,0.4009999930858612,0.5501999855041504
YKR020W,YHR005C-A,1,-0.24224551,0.06808943301439285,0.4020000100135803,0.5501999855041504
YDR135C,YNL256W,0,-0.24225871,0.06807789951562881,0.4020000100135803,0.5503000020980835
YBR217W,YGR206W,1,-0.24226509,0.06823569536209106,0.40299999713897705,0.5503000020980835
YPL181W,YFL004W,0,-0.24235223,0.06822413951158524,0.40299999713897705,0.5504000186920166
YDL047W,YDR418W,0,-0.24244739,0.06821259111166,0.40299999713897705,0.5504999756813049
YGL025C,YDL020C,0,-0.2425104,0.06820105016231537,0.40299999713897705,0.550599992275238
YLR405W,YAR033W,0,-0.24256255,0.06818950921297073,0.40299999713897705,0.5507000088691711
YML113W,YMR293C,0,-0.24256311,0.0681779757142067,0.40299999713897705,0.5508000254631042
YGL022W,YER024W,0,-0.24264164,0.06816644221544266,0.40299999713897705,0.5508999824523926
YHR006W,YLR206W,0,-0.24272014,0.06815491616725922,0.40299999713897705,0.5509999990463257
YHR023W,YER119C,0,-0.24275766,0.06814339011907578,0.40299999713897705,0.5511000156402588
YMR301C,YHR143W-A,0,-0.24280228,0.06813187152147293,0.40299999713897705,0.5511999726295471
YLR316C,YAL021C,0,-0.24282826,0.06812035292387009,0.40299999713897705,0.5512999892234802
YDL194W,YJL168C,0,-0.24287243,0.06810884177684784,0.40299999713897705,0.5514000058174133
YOR239W,YDR324C,0,-0.24305616,0.06809733062982559,0.40299999713897705,0.5515000224113464
YIR008C,YGL155W,0,-0.2430975,0.06808582693338394,0.40299999713897705,0.5515999794006348
YLR410W,YJR137C,0,-0.24322696,0.06807432323694229,0.40299999713897705,0.5516999959945679
YIL002C,YGL021W,0,-0.24325283,0.06806282699108124,0.40299999713897705,0.551800012588501
YPL232W,YNL327W,0,-0.24325426,0.06805133074522018,0.40299999713897705,0.5519000291824341
YLR313C,YOL165C,0,-0.24325545,0.06803984194993973,0.40299999713897705,0.5519999861717224
YNL078W,YOL054W,0,-0.24329157,0.06802836060523987,0.40299999713897705,0.5521000027656555
YDR440W,YBR092C,0,-0.24332349,0.06801687926054001,0.40299999713897705,0.5522000193595886
YML032C,YEL066W,0,-0.24346496,0.06800539791584015,0.40299999713897705,0.552299976348877
YGL099W,YMR035W,1,-0.24349703,0.06816264241933823,0.40400001406669617,0.552299976348877
YLR134W,YDR182W,0,-0.24358122,0.06815114617347717,0.40400001406669617,0.5523999929428101
YIL039W,YHR066W,0,-0.24359952,0.06813964992761612,0.40400001406669617,0.5525000095367432
YCL044C,YBL090W,0,-0.2437778,0.06812816113233566,0.40400001406669617,0.5526000261306763
YDR299W,YHR098C,0,-0.24380533,0.0681166723370552,0.40400001406669617,0.5526999831199646
YCR067C,YBR182C,0,-0.24400695,0.06810519099235535,0.40400001406669617,0.5527999997138977
YGR029W,YKL057C,1,-0.2440656,0.0682622641324997,0.4050000011920929,0.5527999997138977
YPR020W,YPL147W,0,-0.24409597,0.06825076043605804,0.4050000011920929,0.5529000163078308
YJL069C,YNR011C,0,-0.24409644,0.0682392567396164,0.4050000011920929,0.5529999732971191
YOR057W,YNL065W,0,-0.24414761,0.06822776049375534,0.4050000011920929,0.5530999898910522
YGL155W,YNL274C,0,-0.24416293,0.06821627169847488,0.4050000011920929,0.5532000064849854
YER087C-A,YLR193C,1,-0.24418165,0.0683731883764267,0.4059999883174896,0.5532000064849854
YER178W,YER061C,0,-0.24418516,0.06836167722940445,0.4059999883174896,0.5533000230789185
YER062C,YDL013W,0,-0.24426638,0.0683501660823822,0.4059999883174896,0.5533999800682068
YAR019C,YKL064W,0,-0.24433373,0.06833866238594055,0.4059999883174896,0.5534999966621399
YCR075C,YLL056C,0,-0.24435152,0.0683271661400795,0.4059999883174896,0.553600013256073
YDR345C,YER178W,0,-0.2444321,0.06831566244363785,0.4059999883174896,0.5536999702453613
YFL002C,YDL102W,0,-0.24444385,0.06830417364835739,0.4059999883174896,0.5537999868392944
YJL010C,YOL034W,0,-0.2444994,0.06829268485307693,0.4059999883174896,0.5539000034332275
YDL145C,YHR194W,0,-0.24454321,0.06828119605779648,0.4059999883174896,0.5540000200271606
YBR058C,YKL064W,0,-0.24467643,0.06826971471309662,0.4059999883174896,0.554099977016449
YNR035C,YLR026C,0,-0.24473779,0.06825824081897736,0.4059999883174896,0.5541999936103821
YLR201C,YDR072C,0,-0.24500768,0.0682467669248581,0.4059999883174896,0.5543000102043152
YIL034C,YML099C,0,-0.24506284,0.06823529303073883,0.4059999883174896,0.5544000267982483
YJL170C,YPL097W,0,-0.24517424,0.06822382658720016,0.4059999883174896,0.5544999837875366
YJL145W,YER024W,0,-0.24521871,0.0682123675942421,0.4059999883174896,0.5546000003814697
YMR047C,YIR022W,1,-0.24530806,0.06836888939142227,0.40700000524520874,0.5546000003814697
YML103C,YKL143W,1,-0.24534397,0.06852535903453827,0.40799999237060547,0.5546000003814697
YMR250W,YHR020W,0,-0.24547152,0.06851385533809662,0.40799999237060547,0.5547000169754028
YJL069C,YBR288C,0,-0.2455106,0.06850235164165497,0.40799999237060547,0.5547999739646912
YIL036W,YDR123C,0,-0.24553375,0.06849084794521332,0.40799999237060547,0.5548999905586243
YKL064W,YML052W,0,-0.24556644,0.06847935914993286,0.40799999237060547,0.5550000071525574
YMR267W,YJR108W,0,-0.24583252,0.06846786290407181,0.40799999237060547,0.5551000237464905
YBL100W-B,YNL097C,0,-0.24583639,0.06845637410879135,0.40799999237060547,0.5551999807357788
YOL042W,YER122C,0,-0.2459221,0.06844489276409149,0.40799999237060547,0.5552999973297119
YFR029W,YKR061W,0,-0.24596356,0.06843341141939163,0.40799999237060547,0.555400013923645
YLR431C,YML055W,1,-0.24618234,0.06858963519334793,0.4090000092983246,0.555400013923645
YPL096W,YML038C,0,-0.24638467,0.06857813894748688,0.4090000092983246,0.5554999709129333
YGR014W,YLR098C,0,-0.24640353,0.06856663525104523,0.4090000092983246,0.5555999875068665
YAL009W,YJL170C,0,-0.2464187,0.06855514645576477,0.4090000092983246,0.5557000041007996
YLR193C,YLR292C,1,-0.24650718,0.06871124356985092,0.4099999964237213,0.5557000041007996
YCR066W,YGR214W,0,-0.24651705,0.06869973242282867,0.4099999964237213,0.5558000206947327
YML124C,YJL085W,0,-0.24661244,0.06868822127580643,0.4099999964237213,0.555899977684021
YNL094W,YDL143W,0,-0.24662821,0.06867671757936478,0.4099999964237213,0.5559999942779541
YFR034C,YER042W,0,-0.2467394,0.06866521388292313,0.4099999964237213,0.5561000108718872
YDL227C,YIL049W,0,-0.24681367,0.06865371763706207,0.4099999964237213,0.5562000274658203
YDR013W,YPR074C,0,-0.2471437,0.06864222139120102,0.4099999964237213,0.5562999844551086
YLR060W,YGR005C,0,-0.24717276,0.06863073259592056,0.4099999964237213,0.5564000010490417
YDR288W,YDL004W,0,-0.24720408,0.0686192438006401,0.4099999964237213,0.5565000176429749
YKL057C,YKL143W,1,-0.2472171,0.06877510249614716,0.41100001335144043,0.5565000176429749
YIL034C,YBR297W,0,-0.2472695,0.06876359134912491,0.41100001335144043,0.5565999746322632
YKR020W,YBL078C,1,-0.24729945,0.06891936808824539,0.41200000047683716,0.5565999746322632
YMR150C,YMR308C,1,-0.24734445,0.0690750926733017,0.4129999876022339,0.5565999746322632
YDR299W,YLR383W,0,-0.24739008,0.06906354427337646,0.4129999876022339,0.5566999912261963
YGL033W,YER061C,0,-0.24748833,0.06905199587345123,0.4129999876022339,0.5568000078201294
YOL147C,YMR219W,0,-0.24750455,0.0690404549241066,0.4129999876022339,0.5569000244140625
YGR227W,YER126C,0,-0.24751724,0.06902891397476196,0.4129999876022339,0.5569999814033508
YNR057C,YOR002W,0,-0.24751802,0.06901738047599792,0.4129999876022339,0.5570999979972839
YGL033W,YLR060W,0,-0.24758218,0.06900584697723389,0.4129999876022339,0.557200014591217
YPL096W,YGR024C,0,-0.24778385,0.06899432092905045,0.4129999876022339,0.5572999715805054
YGL122C,YNR044W,0,-0.24779089,0.068982794880867,0.4129999876022339,0.5573999881744385
YBR216C,YLR350W,0,-0.24783464,0.06897127628326416,0.4129999876022339,0.5575000047683716
YDR013W,YHR118C,0,-0.24791057,0.06895975768566132,0.4129999876022339,0.5576000213623047
YPL210C,YLR008C,1,-0.24800105,0.06911519169807434,0.414000004529953,0.5576000213623047
YCR075C,YPL159C,0,-0.2480544,0.0691036581993103,0.414000004529953,0.557699978351593
YDR457W,YBL051C,0,-0.24810268,0.06909212470054626,0.414000004529953,0.5577999949455261
YDR057W,YDL004W,0,-0.24825706,0.06908059120178223,0.414000004529953,0.5579000115394592
YGL033W,YNL062C,0,-0.24829014,0.06906907260417938,0.414000004529953,0.5580000281333923
YDR045C,YDR140W,0,-0.24837627,0.06905754655599594,0.414000004529953,0.5580999851226807
YJR137C,YDR479C,0,-0.24847095,0.0690460279583931,0.414000004529953,0.5582000017166138
YCL069W,YHR053C,0,-0.24872126,0.06903451681137085,0.414000004529953,0.5583000183105469
YNR011C,YOR209C,0,-0.24874435,0.0690230056643486,0.414000004529953,0.5583999752998352
YLR313C,YDR191W,0,-0.2487892,0.06901150196790695,0.414000004529953,0.5584999918937683
YER178W,YDL143W,0,-0.24880971,0.0689999982714653,0.414000004529953,0.5586000084877014
YHR139C,YCR028C-A,0,-0.24882244,0.06898850202560425,0.414000004529953,0.5587000250816345
YCR102C,YJR026W,0,-0.24886598,0.0689770057797432,0.414000004529953,0.5587999820709229
YFL004W,YHR150W,0,-0.2489052,0.06896551698446274,0.414000004529953,0.558899998664856
YPL195W,YFR031C,0,-0.24893244,0.06895402818918228,0.414000004529953,0.5590000152587891
YCR066W,YAR007C,0,-0.2489409,0.06894254684448242,0.414000004529953,0.5590999722480774
YOR081C,YGL032C,0,-0.24898352,0.06893106549978256,0.414000004529953,0.5591999888420105
YLR431C,YOL082W,1,-0.2491545,0.06908606737852097,0.41499999165534973,0.5591999888420105
YIL076W,YJR026W,0,-0.24919702,0.06907456368207932,0.41499999165534973,0.5593000054359436
YLR023C,YOR076C,0,-0.24944846,0.06906307488679886,0.41499999165534973,0.5594000220298767
YDL126C,YLR329W,0,-0.2494532,0.0690515786409378,0.41499999165534973,0.559499979019165
YDR513W,YLR447C,0,-0.24949221,0.06904008984565735,0.41499999165534973,0.5595999956130981
YER015W,YJR121W,0,-0.24952246,0.06902860850095749,0.41499999165534973,0.5597000122070312
YIL036W,YNR030W,0,-0.24957503,0.06901712715625763,0.41499999165534973,0.5598000288009644
YOR249C,YGL025C,0,-0.24958394,0.06900565326213837,0.41499999165534973,0.5598999857902527
YFL004W,YDL130W-A,0,-0.2496003,0.0689941793680191,0.41499999165534973,0.5600000023841858
YEL004W,YDR092W,0,-0.24987753,0.06898271292448044,0.41499999165534973,0.5601000189781189
YDR320C,YIL076W,0,-0.24991973,0.06897124648094177,0.41499999165534973,0.5601999759674072
YLR340W,YGL048C,0,-0.2499397,0.0689597874879837,0.41499999165534973,0.5602999925613403
YNL209W,YJL006C,0,-0.25000644,0.06894832849502563,0.41499999165534973,0.5604000091552734
YGL111W,YML052W,0,-0.25006443,0.06893687695264816,0.41499999165534973,0.5605000257492065
YML121W,YIL117C,0,-0.25016674,0.06892542541027069,0.41499999165534973,0.5605999827384949
YGR147C,YER147C,0,-0.2501821,0.06891398131847382,0.41499999165534973,0.560699999332428
YJL173C,YPR007C,0,-0.25022268,0.06890253722667694,0.41499999165534973,0.5608000159263611
YIR015W,YKR067W,0,-0.25037405,0.06889110058546066,0.41499999165534973,0.5608999729156494
YJL026W,YMR039C,0,-0.25045955,0.06887967139482498,0.41499999165534973,0.5609999895095825
YKR022C,YEL050C,0,-0.25054157,0.0688682347536087,0.41499999165534973,0.5611000061035156
YBR199W,YML024W,0,-0.25062346,0.06885681301355362,0.41499999165534973,0.5612000226974487
YDR072C,YGL181W,0,-0.25062928,0.06884539127349854,0.41499999165534973,0.5612999796867371
YDR247W,YDL102W,0,-0.2506538,0.06883396953344345,0.41499999165534973,0.5613999962806702
YLR431C,YLR008C,1,-0.25078395,0.0689883902668953,0.41600000858306885,0.5613999962806702
YJR083C,YOR355W,0,-0.2509425,0.06897695362567902,0.41600000858306885,0.5615000128746033
YHR129C,YGR192C,0,-0.2509549,0.06896551698446274,0.41600000858306885,0.5616000294685364
YEL036C,YHR088W,0,-0.25100258,0.06895408779382706,0.41600000858306885,0.5616999864578247
YAL068C,YPR198W,0,-0.25113916,0.06894265860319138,0.41600000858306885,0.5618000030517578
YNL068C,YOL128C,0,-0.25143415,0.06893123686313629,0.41600000858306885,0.5619000196456909
YNL248C,YPL218W,0,-0.25150836,0.06891981512308121,0.41600000858306885,0.5619999766349792
YNL312W,YBR092C,0,-0.25156096,0.06890840083360672,0.41600000858306885,0.5620999932289124
YLR316C,YJR137C,0,-0.25157946,0.06889698654413223,0.41600000858306885,0.5622000098228455
YCL025C,YJR137C,0,-0.2515871,0.06888557970523834,0.41600000858306885,0.5623000264167786
YBR274W,YNL251C,0,-0.2516243,0.06887417286634445,0.41600000858306885,0.5623999834060669
YOR207C,YDL015C,0,-0.25162667,0.06886277347803116,0.41600000858306885,0.5625
YLL016W,YIL031W,0,-0.25164595,0.06885137408971786,0.41600000858306885,0.5626000165939331
YDR192C,YLR292C,1,-0.25179377,0.06900545954704285,0.4169999957084656,0.5626000165939331
YFR031C,YGR245C,0,-0.25184262,0.06899404525756836,0.4169999957084656,0.5626999735832214
YKL064W,YGL200C,0,-0.25197315,0.06898263096809387,0.4169999957084656,0.5627999901771545
YML024W,YBL051C,0,-0.2520155,0.06897122412919998,0.4169999957084656,0.5629000067710876
YMR156C,YKL179C,0,-0.2520172,0.06895981729030609,0.4169999957084656,0.5630000233650208
YDL155W,YLR134W,0,-0.25208908,0.0689484104514122,0.4169999957084656,0.5630999803543091
YER020W,YDL120W,0,-0.25214943,0.06893701106309891,0.4169999957084656,0.5631999969482422
YLR176C,YFR047C,0,-0.2522075,0.06892561912536621,0.4169999957084656,0.5633000135421753
YDR057W,YDL015C,0,-0.25225914,0.06891422718763351,0.4169999957084656,0.5633999705314636
YDR263C,YDL047W,0,-0.25236517,0.06890284270048141,0.4169999957084656,0.5634999871253967
YER082C,YCL029C,0,-0.2523711,0.06889145821332932,0.4169999957084656,0.5636000037193298
YPR110C,YGL022W,0,-0.25262004,0.06888008117675781,0.4169999957084656,0.5637000203132629
YOL095C,YGR072W,0,-0.25280446,0.06886870414018631,0.4169999957084656,0.5637999773025513
YNL326C,YOL124C,0,-0.25297767,0.0688573345541954,0.4169999957084656,0.5638999938964844
YOR117W,YMR080C,0,-0.2531522,0.0688459649682045,0.4169999957084656,0.5640000104904175
YGR029W,YMR308C,1,-0.25342977,0.06899967044591904,0.4180000126361847,0.5640000104904175
YOL146W,YHR053C,0,-0.25344715,0.06898827850818634,0.4180000126361847,0.5641000270843506
YNL312W,YKR089C,0,-0.25351703,0.06897689402103424,0.4180000126361847,0.5641999840736389
YLR265C,YIL038C,0,-0.25352436,0.06896551698446274,0.4180000126361847,0.564300000667572
YLR170C,YIL101C,0,-0.2535376,0.06895413994789124,0.4180000126361847,0.5644000172615051
YIL037C,YKL064W,0,-0.25373727,0.06894277036190033,0.4180000126361847,0.5644999742507935
YIL153W,YBR127C,0,-0.2537812,0.06893140077590942,0.4180000126361847,0.5645999908447266
YLR182W,YAL022C,0,-0.2538033,0.06892003118991852,0.4180000126361847,0.5647000074386597
YPL010W,YFL039C,0,-0.25384912,0.06890866905450821,0.4180000126361847,0.5648000240325928
YML132W,YML109W,0,-0.25387204,0.0688973143696785,0.4180000126361847,0.5648999810218811
YBR179C,YOR207C,0,-0.25389162,0.06888595968484879,0.4180000126361847,0.5649999976158142
YHL025W,YGL166W,0,-0.25406033,0.06887460500001907,0.4180000126361847,0.5651000142097473
YKL170W,YOL067C,0,-0.25409472,0.06886326521635056,0.4180000126361847,0.5651999711990356
YIL034C,YPR200C,0,-0.25411987,0.06885191798210144,0.4180000126361847,0.5652999877929688
YKL192C,YGR014W,0,-0.25415,0.06884057819843292,0.4180000126361847,0.5654000043869019
YLR313C,YOL142W,0,-0.2542042,0.068829245865345,0.4180000126361847,0.565500020980835
YOL124C,YPL228W,0,-0.25421768,0.06881791353225708,0.4180000126361847,0.5655999779701233
YJL052W,YGR075C,0,-0.25430602,0.06880658119916916,0.4180000126361847,0.5656999945640564
YDL031W,YMR293C,0,-0.25442412,0.06879525631666183,0.4180000126361847,0.5658000111579895
YJL008C,YBR020W,0,-0.2545521,0.06878393888473511,0.4180000126361847,0.5659000277519226
YLR340W,YMR296C,0,-0.25474432,0.06877262145280838,0.4180000126361847,0.5659999847412109
YDL047W,YIL079C,0,-0.2549106,0.06876131147146225,0.4180000126361847,0.566100001335144
YDR284C,YML109W,0,-0.2549308,0.06875000149011612,0.4180000126361847,0.5662000179290771
YDL007W,YKL088W,0,-0.25496715,0.06873869150876999,0.4180000126361847,0.5662999749183655
YJL010C,YGR024C,0,-0.25500548,0.06872738897800446,0.4180000126361847,0.5663999915122986
YHR055C,YMR044W,0,-0.25503522,0.06871609389781952,0.4180000126361847,0.5665000081062317
YGR211W,YML099C,0,-0.25508133,0.06870479881763458,0.4180000126361847,0.5666000247001648
YER173W,YOR056C,0,-0.25522435,0.06869351118803024,0.4180000126361847,0.5666999816894531
YAR019C,YLL026W,0,-0.25525534,0.0686822235584259,0.4180000126361847,0.5667999982833862
YLR298C,YBR273C,0,-0.25536788,0.06867093592882156,0.4180000126361847,0.5669000148773193
YKL189W,YML094W,0,-0.25538704,0.06865965574979782,0.4180000126361847,0.5669999718666077
YPR042C,YLR068W,0,-0.25539786,0.06864838302135468,0.4180000126361847,0.5670999884605408
YML011C,YHR008C,0,-0.25546843,0.06863711029291153,0.4180000126361847,0.5672000050544739
YMR073C,YNL002C,0,-0.25555834,0.06862584501504898,0.4180000126361847,0.567300021648407
YNL090W,YLR129W,0,-0.2555706,0.06861457973718643,0.4180000126361847,0.5673999786376953
YCR033W,YKR060W,0,-0.25563145,0.06860331445932388,0.4180000126361847,0.5674999952316284
YGL122C,YOL158C,0,-0.2556726,0.06859205663204193,0.4180000126361847,0.5676000118255615
YCL069W,YKL179C,0,-0.2558366,0.06858080625534058,0.4180000126361847,0.5677000284194946
YOL069W,YLR249W,0,-0.2558378,0.06856955587863922,0.4180000126361847,0.567799985408783
YOR156C,YOR207C,0,-0.25588286,0.06855830550193787,0.4180000126361847,0.5679000020027161
YOR249C,YJL108C,0,-0.2558986,0.06854706257581711,0.4180000126361847,0.5680000185966492
YCL034W,YKR028W,0,-0.25589937,0.06853582710027695,0.4180000126361847,0.5680999755859375
YCR075C,YGL166W,0,-0.25594074,0.06852459162473679,0.4180000126361847,0.5681999921798706
YJL117W,YLR139C,0,-0.25595975,0.06851335614919662,0.4180000126361847,0.5683000087738037
YDR153C,YDL088C,1,-0.25598156,0.068666011095047,0.4189999997615814,0.5683000087738037
YBL079W,YDL116W,1,-0.2559876,0.06881861388683319,0.41999998688697815,0.5683000087738037
YMR128W,YMR065W,0,-0.2560568,0.06880734115839005,0.41999998688697815,0.5684000253677368
YGR029W,YNL070W,1,-0.25616235,0.06895986944437027,0.42100000381469727,0.5684000253677368
YKL042W,YHR030C,0,-0.256205,0.06894857436418533,0.42100000381469727,0.5684999823570251
YJR126C,YLR008C,1,-0.25642172,0.06910102814435959,0.421999990940094,0.5684999823570251
YOL005C,YBR216C,0,-0.2564671,0.06908971816301346,0.421999990940094,0.5685999989509583
YDR439W,YIL076W,0,-0.25648493,0.06907840818166733,0.421999990940094,0.5687000155448914
YGL223C,YLL041C,0,-0.2564868,0.0690671056509018,0.421999990940094,0.5687999725341797
YNL153C,YGR258C,0,-0.2565282,0.06905580312013626,0.421999990940094,0.5688999891281128
YDL164C,YCR092C,0,-0.25668198,0.06904450058937073,0.421999990940094,0.5690000057220459
YNL318C,YIL038C,0,-0.25671118,0.06903320550918579,0.421999990940094,0.569100022315979
YBL051C,YNL045W,0,-0.2567692,0.06902191787958145,0.421999990940094,0.5691999793052673
YML132W,YML128C,0,-0.25678948,0.06901063024997711,0.421999990940094,0.5692999958992004
YGR225W,YDL160C,0,-0.25682157,0.06899934262037277,0.421999990940094,0.5694000124931335
YCR067C,YAL026C,0,-0.25710315,0.06898806244134903,0.421999990940094,0.5695000290870667
YLR014C,YML025C,0,-0.25714204,0.06897678971290588,0.421999990940094,0.569599986076355
YGR029W,YHR083W,1,-0.25717592,0.06912894546985626,0.4230000078678131,0.569599986076355
YPR007C,YCR005C,0,-0.25719574,0.06911765038967133,0.4230000078678131,0.5697000026702881
YKL088W,YLR114C,0,-0.257199,0.06910635530948639,0.4230000078678131,0.5698000192642212
YCR075C,YIL121W,0,-0.25720894,0.06909506767988205,0.4230000078678131,0.5698999762535095
YOL091W,YDR011W,0,-0.2572118,0.06908378005027771,0.4230000078678131,0.5699999928474426
YLR430W,YIL049W,0,-0.2572149,0.06907249987125397,0.4230000078678131,0.5701000094413757
YOR003W,YGL166W,0,-0.25723886,0.06906122714281082,0.4230000078678131,0.5702000260353088
YMR016C,YLR394W,0,-0.25729126,0.06904995441436768,0.4230000078678131,0.5702999830245972
YBL074C,YNL039W,0,-0.25731704,0.06903868168592453,0.4230000078678131,0.5703999996185303
YOL158C,YCL001W,0,-0.25732335,0.06902741640806198,0.4230000078678131,0.5705000162124634
YPL161C,YDR227W,0,-0.25738326,0.06901615113019943,0.4230000078678131,0.5705999732017517
YPL047W,YML107C,0,-0.25738698,0.06900489330291748,0.4230000078678131,0.5706999897956848
YOR025W,YIL033C,0,-0.25738773,0.06899363547563553,0.4230000078678131,0.5708000063896179
YMR150C,YGL097W,1,-0.2574157,0.06914546340703964,0.42399999499320984,0.5708000063896179
YPL123C,YER145C,0,-0.25752854,0.0691341906785965,0.42399999499320984,0.570900022983551
YJL085W,YLR350W,0,-0.25765914,0.06912291795015335,0.42399999499320984,0.5709999799728394
YAR019C,YOR153W,0,-0.25781816,0.0691116526722908,0.42399999499320984,0.5710999965667725
YML051W,YIL076W,0,-0.25794998,0.06910039484500885,0.42399999499320984,0.5712000131607056
YBR164C,YIL149C,1,-0.25795656,0.06925208121538162,0.42500001192092896,0.5712000131607056
YGR279C,YOR020C,0,-0.25799698,0.06924079358577728,0.42500001192092896,0.5713000297546387
YGR214W,YLR394W,0,-0.25812402,0.06922951340675354,0.42500001192092896,0.571399986743927
YDL007W,YLR221C,0,-0.25814638,0.0692182406783104,0.42500001192092896,0.5715000033378601
YDR231C,YER061C,0,-0.25822055,0.06920696794986725,0.42500001192092896,0.5716000199317932
YDR057W,YDR453C,0,-0.2582293,0.0691957026720047,0.42500001192092896,0.5716999769210815
YDL031W,YBL003C,0,-0.25824687,0.06918443739414215,0.42500001192092896,0.5717999935150146
YDR052C,YER174C,0,-0.25826424,0.0691731795668602,0.42500001192092896,0.5719000101089478
YDL227C,YOR328W,0,-0.258479,0.06916192173957825,0.42500001192092896,0.5720000267028809
YDR191W,YOL146W,0,-0.25852102,0.0691506639122963,0.42500001192092896,0.5720999836921692
YDR325W,YKL178C,0,-0.2585647,0.06913942098617554,0.42500001192092896,0.5722000002861023
YBR217W,YMR153W,1,-0.2585768,0.06929082423448563,0.4259999990463257,0.5722000002861023
YMR033W,YHR005C,0,-0.2585954,0.06927955895662308,0.4259999990463257,0.5723000168800354
YGR014W,YDR140W,0,-0.25860754,0.06926829367876053,0.4259999990463257,0.5723999738693237
YML029W,YDR093W,0,-0.2586241,0.06925702840089798,0.4259999990463257,0.5724999904632568
YHR005C-A,YOL082W,1,-0.2586265,0.06940831989049911,0.4269999861717224,0.5724999904632568
YGR285C,YDR440W,0,-0.2587268,0.06939703971147537,0.4269999861717224,0.5726000070571899
YIR013C,YBR211C,0,-0.25878584,0.06938576698303223,0.4269999861717224,0.572700023651123
YER087C-A,YGL016W,1,-0.25880992,0.0695369616150856,0.42800000309944153,0.572700023651123
YLR394W,YDL150W,0,-0.25888216,0.06952566653490067,0.42800000309944153,0.5727999806404114
YDR507C,YDR251W,0,-0.25910208,0.06951437145471573,0.42800000309944153,0.5728999972343445
YKL042W,YNL294C,0,-0.25910655,0.06950308382511139,0.42800000309944153,0.5730000138282776
YDR450W,YGR258C,0,-0.259137,0.06949180364608765,0.42800000309944153,0.5730999708175659
YOL090W,YPL069C,0,-0.25913846,0.0694805160164833,0.42800000309944153,0.573199987411499
YDL079C,YML043C,0,-0.2591596,0.06946924328804016,0.42800000309944153,0.5733000040054321
YDL143W,YFL025C,0,-0.25934768,0.06945797055959702,0.42800000309944153,0.5734000205993652
YNL259C,YBR298C,0,-0.25935352,0.06944669783115387,0.42800000309944153,0.5734999775886536
YKR022C,YHL003C,0,-0.25944442,0.06943543255329132,0.42800000309944153,0.5735999941825867
YER082C,YGR179C,0,-0.25952253,0.06942416727542877,0.42800000309944153,0.5737000107765198
YPL195W,YPL262W,0,-0.25961033,0.06941290944814682,0.42800000309944153,0.5738000273704529
YOL091W,YJL072C,0,-0.25962195,0.06940165162086487,0.42800000309944153,0.5738999843597412
YDL081C,YOR095C,0,-0.25972322,0.06939040124416351,0.42800000309944153,0.5740000009536743
YBL074C,YMR015C,0,-0.25974312,0.06937915086746216,0.42800000309944153,0.5741000175476074
YBR038W,YHR008C,0,-0.2597448,0.0693679079413414,0.42800000309944153,0.5741999745368958
YOR058C,YOR355W,0,-0.25983852,0.06935666501522064,0.42800000309944153,0.5742999911308289
YNL094W,YML098W,0,-0.2601231,0.06934542953968048,0.42800000309944153,0.574400007724762
YMR284W,YGR112W,0,-0.26025274,0.06933419406414032,0.42800000309944153,0.5745000243186951
YJL106W,YJR155W,0,-0.26036677,0.06932296603918076,0.42800000309944153,0.5745999813079834
YER068W,YLR130C,0,-0.26040003,0.06931173801422119,0.42800000309944153,0.5746999979019165
YBR085W,YIL038C,0,-0.26047656,0.06930051743984222,0.42800000309944153,0.5748000144958496
YMR172W,YOL124C,0,-0.26065415,0.06928929686546326,0.42800000309944153,0.5748999714851379
YOR338W,YPL170W,0,-0.26068658,0.06927808374166489,0.42800000309944153,0.574999988079071
YPR200C,YGL049C,0,-0.2608347,0.06926687061786652,0.42800000309944153,0.5751000046730042
YER020W,YGL252C,0,-0.26089427,0.06925566494464874,0.42800000309944153,0.5752000212669373
YJL108C,YDL047W,0,-0.26090088,0.06924445927143097,0.42800000309944153,0.5752999782562256
YML055W,YCL038C,1,-0.26096657,0.0693950206041336,0.42899999022483826,0.5752999782562256
YJL010C,YLR135W,0,-0.2610257,0.06938379257917404,0.42899999022483826,0.5753999948501587
YBR006W,YIL079C,0,-0.26108915,0.06937257200479507,0.42899999022483826,0.5755000114440918
YGR191W,YLR144C,0,-0.2612125,0.0693613588809967,0.42899999022483826,0.5756000280380249
YIL066C,YIL154C,0,-0.26127303,0.06935014575719833,0.42899999022483826,0.5756999850273132
YML013W,YGR227W,0,-0.26133767,0.06933894008398056,0.42899999022483826,0.5758000016212463
YLR298C,YJR026W,0,-0.26138014,0.06932773441076279,0.42899999022483826,0.5759000182151794
YLL026W,YML062C,0,-0.26147556,0.06931652873754501,0.42899999022483826,0.5759999752044678
YER087C-A,YML103C,1,-0.26150152,0.06946688145399094,0.4300000071525574,0.5759999752044678
YIR013C,YAL011W,0,-0.26173112,0.06945566087961197,0.4300000071525574,0.5760999917984009
YCL038C,YLR292C,1,-0.26180962,0.06960594654083252,0.4309999942779541,0.5760999917984009
YNR064C,YDR479C,0,-0.26182058,0.06959470361471176,0.4309999942779541,0.576200008392334
YDL227C,YML021C,0,-0.2618684,0.0695834681391716,0.4309999942779541,0.5763000249862671
YMR016C,YKL017C,0,-0.26194382,0.06957223266363144,0.4309999942779541,0.5763999819755554
YDR075W,YLR167W,0,-0.26195922,0.06956100463867188,0.4309999942779541,0.5764999985694885
YDR448W,YDR075W,0,-0.26210785,0.06954978406429291,0.4309999942779541,0.5766000151634216
YJL069C,YDR163W,0,-0.26214212,0.06953856348991394,0.4309999942779541,0.57669997215271
YIL110W,YNL267W,0,-0.26230657,0.06952734291553497,0.4309999942779541,0.5767999887466431
YML032C,YDR092W,0,-0.2623691,0.0695161297917366,0.4309999942779541,0.5769000053405762
YOR232W,YHR083W,1,-0.26247102,0.06966618448495865,0.4320000112056732,0.5769000053405762
YML124C,YPL218W,0,-0.262552,0.06965494900941849,0.4320000112056732,0.5770000219345093
YOR058C,YOL095C,0,-0.26259905,0.06964372098445892,0.4320000112056732,0.5770999789237976
YBR217W,YNL059C,1,-0.2626966,0.06979367882013321,0.43299999833106995,0.5770999789237976
YBL082C,YGR289C,0,-0.2627006,0.06978243589401245,0.43299999833106995,0.5771999955177307
YFR034C,YOR144C,0,-0.26287693,0.0697711855173111,0.43299999833106995,0.5773000121116638
YGR156W,YGL106W,0,-0.26288962,0.06975995004177094,0.43299999833106995,0.5774000287055969
YPL106C,YDR479C,0,-0.26290882,0.06974871456623077,0.43299999833106995,0.5774999856948853
YGL071W,YML052W,0,-0.2629187,0.06973747909069061,0.43299999833106995,0.5776000022888184
YML029W,YJL039C,0,-0.26296204,0.06972625106573105,0.43299999833106995,0.5777000188827515
YMR296C,YGL219C,0,-0.2629789,0.06971502304077148,0.43299999833106995,0.5777999758720398
YBR118W,YGL219C,0,-0.2630683,0.06970380246639252,0.43299999833106995,0.5778999924659729
YPL181W,YNL097C,0,-0.2630705,0.06969258189201355,0.43299999833106995,0.578000009059906
YDR011W,YNL261W,0,-0.26307446,0.06968136131763458,0.43299999833106995,0.5781000256538391
YOR245C,YML062C,0,-0.26320675,0.06967015564441681,0.43299999833106995,0.5781999826431274
YHR139C,YKR024C,0,-0.26331395,0.06965894252061844,0.43299999833106995,0.5782999992370605
YDR295C,YPL170W,0,-0.26344693,0.06964773684740067,0.43299999833106995,0.5784000158309937
YML121W,YML094W,0,-0.26356304,0.06963653862476349,0.43299999833106995,0.578499972820282
YHR015W,YJR153W,0,-0.26368228,0.06962534040212631,0.43299999833106995,0.5785999894142151
YDR381W,YER042W,0,-0.26375332,0.06961414963006973,0.43299999833106995,0.5787000060081482
YKL170W,YOL147C,0,-0.2637802,0.06960295885801315,0.43299999833106995,0.5788000226020813
YJR140C,YKL189W,0,-0.26388288,0.06959176808595657,0.43299999833106995,0.5788999795913696
YPL262W,YLR009W,0,-0.26388854,0.06958058476448059,0.43299999833106995,0.5789999961853027
YMR091C,YDR192C,1,-0.26391315,0.06973008066415787,0.4339999854564667,0.5789999961853027
YCL044C,YNL251C,0,-0.26392317,0.0697188749909401,0.4339999854564667,0.5791000127792358
YBR085W,YPL126W,0,-0.26397362,0.06970767676830292,0.4339999854564667,0.579200029373169
YPL053C,YHR066W,0,-0.2640222,0.06969648599624634,0.4339999854564667,0.5792999863624573
YDL007W,YBR193C,0,-0.26403365,0.06968529522418976,0.4339999854564667,0.5794000029563904
YMR188C,YDL160C,0,-0.26408562,0.06967410445213318,0.4339999854564667,0.5795000195503235
YLR005W,YDR182W,0,-0.2643246,0.0696629211306572,0.4339999854564667,0.5795999765396118
YKR020W,YDR086C,1,-0.26432478,0.06981223076581955,0.4350000023841858,0.5795999765396118
YHR150W,YHR194W,0,-0.26434705,0.06980102509260178,0.4350000023841858,0.5796999931335449
YOR304W,YPR110C,0,-0.26434937,0.0697898268699646,0.4350000023841858,0.579800009727478
YJR077C,YAL009W,0,-0.26435992,0.06977863609790802,0.4350000023841858,0.5799000263214111
YLR376C,YCL001W,0,-0.26437867,0.06976744532585144,0.4350000023841858,0.5799999833106995
YAL030W,YDR435C,0,-0.26441783,0.06975625455379486,0.4350000023841858,0.5800999999046326
YHL020C,YLR051C,0,-0.26442522,0.06974507123231888,0.4350000023841858,0.5802000164985657
YER082C,YDR477W,0,-0.26458332,0.0697338879108429,0.4350000023841858,0.580299973487854
YDL081C,YNL021W,0,-0.26461154,0.06972271203994751,0.4350000023841858,0.5803999900817871
YOR057W,YDR284C,0,-0.26462004,0.06971153616905212,0.4350000023841858,0.5805000066757202
YGR145W,YLR192C,0,-0.26475444,0.06970036774873734,0.4350000023841858,0.5806000232696533
YOR288C,YHR118C,0,-0.2648395,0.06968919932842255,0.4350000023841858,0.5806999802589417
YCR026C,YGL136C,0,-0.2648614,0.06967803835868835,0.4350000023841858,0.5807999968528748
YMR065W,YER008C,0,-0.26490074,0.06966687738895416,0.4350000023841858,0.5809000134468079
YNL126W,YOR171C,0,-0.2649045,0.06965572386980057,0.4350000023841858,0.5809999704360962
YFL002C,YDL120W,0,-0.26499254,0.06964457035064697,0.4350000023841858,0.5810999870300293
YDR151C,YHR066W,0,-0.2652175,0.06963342428207397,0.4350000023841858,0.5812000036239624
YMR036C,YPL106C,0,-0.2652282,0.06962227821350098,0.4350000023841858,0.5813000202178955
YPR198W,YMR296C,0,-0.2652999,0.06961113959550858,0.4350000023841858,0.5813999772071838
YDR057W,YGL194C,0,-0.26535428,0.06960000097751617,0.4350000023841858,0.5814999938011169
YJL133W,YGL150C,0,-0.26550546,0.06958886235952377,0.4350000023841858,0.58160001039505
YHR152W,YBR035C,0,-0.2655609,0.06957773864269257,0.4350000023841858,0.5817000269889832
YOR188W,YGL033W,0,-0.26557106,0.06956660747528076,0.4350000023841858,0.5817999839782715
YOL069W,YGL223C,0,-0.26574528,0.06955548375844955,0.4350000023841858,0.5819000005722046
YMR268C,YOR372C,0,-0.26578206,0.06954436749219894,0.4350000023841858,0.5820000171661377
YOR058C,YLR115W,0,-0.26596272,0.06953325122594833,0.4350000023841858,0.582099974155426
YPR198W,YKR009C,0,-0.2660312,0.06952213495969772,0.4350000023841858,0.5821999907493591
YER111C,YDL194W,0,-0.26606077,0.06951102614402771,0.4350000023841858,0.5823000073432922
YHR005C-A,YGL097W,1,-0.26624182,0.06965968757867813,0.4359999895095825,0.5823000073432922
YER166W,YHR008C,0,-0.2662567,0.06964856386184692,0.4359999895095825,0.5824000239372253
YGL033W,YGR258C,0,-0.26630643,0.06963744014501572,0.4359999895095825,0.5824999809265137
YNL068C,YNL251C,0,-0.26638675,0.06962631642818451,0.4359999895095825,0.5825999975204468
YOL091W,YDR179C,0,-0.26640016,0.0696152001619339,0.4359999895095825,0.5827000141143799
YMR150C,YKL143W,1,-0.2664877,0.06976372748613358,0.43700000643730164,0.5827000141143799
YCR028C-A,YNL243W,0,-0.2665531,0.06975259631872177,0.43700000643730164,0.5827999711036682
YHR175W,YDR038C,0,-0.2666707,0.06974146515130997,0.43700000643730164,0.5828999876976013
YJR077C,YNL068C,0,-0.26671714,0.06973033398389816,0.43700000643730164,0.5830000042915344
YAR007C,YLR060W,0,-0.26673585,0.06971921026706696,0.43700000643730164,0.5831000208854675
YCL011C,YDR484W,0,-0.26673847,0.06970808655023575,0.43700000643730164,0.5831999778747559
YFL002C,YML038C,0,-0.2667938,0.06969697028398514,0.43700000643730164,0.583299994468689
YGL097W,YPR139C,1,-0.26681608,0.06984531879425049,0.43799999356269836,0.583299994468689
YGR075C,YDR182W,0,-0.26688385,0.06983418017625809,0.43799999356269836,0.5834000110626221
YLR397C,YLR363C,0,-0.26689744,0.06982304900884628,0.43799999356269836,0.5835000276565552
YMR047C,YKR065C,1,-0.26694286,0.06997130811214447,0.4390000104904175,0.5835000276565552
YHR188C,YKL166C,0,-0.2670042,0.06996016204357147,0.4390000104904175,0.5835999846458435
YOR328W,YKL140W,0,-0.26701874,0.06994900852441788,0.4390000104904175,0.5837000012397766
YBR193C,YKR060W,0,-0.2670704,0.06993786990642548,0.4390000104904175,0.5838000178337097
YBL079W,YEL013W,1,-0.2671163,0.07008601725101471,0.4399999976158142,0.5838000178337097
YMR198W,YDR087C,0,-0.26712617,0.07007485628128052,0.4399999976158142,0.583899974822998
YLR134W,YKL192C,0,-0.2671637,0.07006369531154633,0.4399999976158142,0.5839999914169312
YDR247W,YIR013C,0,-0.26720887,0.07005254179239273,0.4399999976158142,0.5841000080108643
YJR140C,YOR239W,0,-0.2672475,0.07004138827323914,0.4399999976158142,0.5842000246047974
YKL057C,YGL097W,1,-0.26730806,0.07018940150737762,0.4410000145435333,0.5842000246047974
YML103C,YOR359W,1,-0.26735312,0.07033736258745193,0.44200000166893005,0.5842000246047974
YBR265W,YDL150W,0,-0.2673555,0.07032617181539536,0.44200000166893005,0.5842999815940857
YEL036C,YOL165C,0,-0.26743996,0.07031498849391937,0.44200000166893005,0.5843999981880188
YKL014C,YOR117W,0,-0.26745003,0.07030380517244339,0.44200000166893005,0.5845000147819519
YNL047C,YJL138C,0,-0.26745978,0.07029262185096741,0.44200000166893005,0.5845999717712402
YAL024C,YGR238C,0,-0.26746684,0.07028144598007202,0.44200000166893005,0.5846999883651733
YCL011C,YLR107W,0,-0.26754078,0.07027027010917664,0.44200000166893005,0.5848000049591064
YER044C-A,YDR507C,0,-0.26755744,0.07025910168886185,0.44200000166893005,0.5849000215530396
YLR316C,YPR073C,0,-0.267577,0.07024793326854706,0.44200000166893005,0.5849999785423279
YBR015C,YDL160C,0,-0.26763982,0.07023677229881287,0.44200000166893005,0.585099995136261
YBR182C,YGR024C,0,-0.2676937,0.07022561132907867,0.44200000166893005,0.5852000117301941
YNR056C,YBR273C,0,-0.26773807,0.07021445780992508,0.44200000166893005,0.5853000283241272
YKL178C,YDL235C,0,-0.2677537,0.07020330429077148,0.44200000166893005,0.5853999853134155
YJL039C,YER126C,0,-0.26778704,0.07019215822219849,0.44200000166893005,0.5855000019073486
YLL043W,YOL147C,0,-0.2680761,0.07018101215362549,0.44200000166893005,0.5856000185012817
YOR151C,YDR263C,0,-0.2681289,0.07016986608505249,0.44200000166893005,0.5856999754905701
YDL198C,YDL120W,0,-0.26817316,0.07015872746706009,0.44200000166893005,0.5857999920845032
YKR009C,YBR035C,0,-0.26825482,0.07014759629964828,0.44200000166893005,0.5859000086784363
YER111C,YFL013C,0,-0.2682721,0.07013646513223648,0.44200000166893005,0.5860000252723694
YBR161W,YLR114C,0,-0.26832986,0.07012533396482468,0.44200000166893005,0.5860999822616577
YPL015C,YDR151C,0,-0.26836646,0.07011421024799347,0.44200000166893005,0.5861999988555908
YNR011C,YLL056C,0,-0.26839903,0.07010309398174286,0.44200000166893005,0.5863000154495239
YIL009C-A,YIL017C,0,-0.26847786,0.07009197771549225,0.44200000166893005,0.5863999724388123
YAL002W,YIR015W,0,-0.2685383,0.07008086144924164,0.44200000166893005,0.5864999890327454
YDR325W,YOR147W,0,-0.26855537,0.07006975263357162,0.44200000166893005,0.5866000056266785
YMR212C,YOR267C,0,-0.2686227,0.07005864381790161,0.44200000166893005,0.5867000222206116
YML024W,YDR151C,0,-0.26866567,0.0700475424528122,0.44200000166893005,0.5867999792098999
YPL041C,YPR065W,0,-0.26879364,0.07003644108772278,0.44200000166893005,0.586899995803833
YOL126C,YDR225W,0,-0.26884726,0.07002534717321396,0.44200000166893005,0.5870000123977661
YGR192C,YNL243W,0,-0.2689849,0.07001425325870514,0.44200000166893005,0.5871000289916992
YML092C,YNL243W,0,-0.26900616,0.07000316679477692,0.44200000166893005,0.5871999859809875
YPR042C,YOL128C,0,-0.26907045,0.0699920803308487,0.44200000166893005,0.5873000025749207
YML038C,YMR288W,0,-0.26921493,0.06998100131750107,0.44200000166893005,0.5874000191688538
YKR061W,YPL126W,0,-0.26922128,0.06996992230415344,0.44200000166893005,0.5874999761581421
YIL153W,YOL005C,0,-0.26925087,0.06995885074138641,0.44200000166893005,0.5875999927520752
YER166W,YML127W,0,-0.26931417,0.06994777917861938,0.44200000166893005,0.5877000093460083
YCL016C,YHL024W,0,-0.26943114,0.06993670761585236,0.44200000166893005,0.5878000259399414
YML029W,YML127W,0,-0.26945472,0.06992564350366592,0.44200000166893005,0.5878999829292297
YMR293C,YBR179C,0,-0.2694606,0.06991458684206009,0.44200000166893005,0.5879999995231628
YJL090C,YMR039C,0,-0.26953867,0.06990353018045425,0.44200000166893005,0.588100016117096
YLR075W,YML107C,0,-0.26972476,0.06989247351884842,0.44200000166893005,0.5881999731063843
YER020W,YJL053W,0,-0.26974732,0.06988142430782318,0.44200000166893005,0.5882999897003174
YPR132W,YCR075C,0,-0.26977605,0.06987037509679794,0.44200000166893005,0.5884000062942505
YHR139C,YML094W,0,-0.2699244,0.0698593333363533,0.44200000166893005,0.5885000228881836
YML099C,YBR092C,0,-0.26994738,0.06984829157590866,0.44200000166893005,0.5885999798774719
YPL091W,YCR092C,0,-0.26999187,0.06983725726604462,0.44200000166893005,0.588699996471405
YDR231C,YGR157W,0,-0.27000144,0.06982622295618057,0.44200000166893005,0.5888000130653381
YMR039C,YLR098C,0,-0.27009574,0.06981519609689713,0.44200000166893005,0.5889000296592712
YIL117C,YBR182C,0,-0.27016622,0.06980416923761368,0.44200000166893005,0.5889999866485596
YML093W,YJL072C,0,-0.27026764,0.06979314982891083,0.44200000166893005,0.5891000032424927
YOR188W,YHR055C,0,-0.2703293,0.06978213042020798,0.44200000166893005,0.5892000198364258
YGL075C,YKR027W,0,-0.27036524,0.06977111101150513,0.44200000166893005,0.5892999768257141
YBR210W,YNL243W,0,-0.27037704,0.06976009905338287,0.44200000166893005,0.5893999934196472
YPL175W,YMR188C,0,-0.27056295,0.06974909454584122,0.44200000166893005,0.5895000100135803
YBR256C,YGL180W,0,-0.27057713,0.06973809003829956,0.44200000166893005,0.5896000266075134
YOR232W,YMR153W,1,-0.27058837,0.06988483667373657,0.4429999887943268,0.5896000266075134
YGR211W,YHR005C,0,-0.2706098,0.06987381726503372,0.4429999887943268,0.5896999835968018
YDR172W,YBR179C,0,-0.27062148,0.06986279785633087,0.4429999887943268,0.5898000001907349
YLR170C,YEL050C,0,-0.27063432,0.06985177844762802,0.4429999887943268,0.589900016784668
YNL294C,YBR092C,0,-0.27070668,0.06984076648950577,0.4429999887943268,0.5899999737739563
YIL009C-A,YNL274C,0,-0.27078044,0.06982976198196411,0.4429999887943268,0.5900999903678894
YLR009W,YIL039W,0,-0.27085164,0.06981875747442245,0.4429999887943268,0.5902000069618225
YHR055C,YNL090W,0,-0.27087224,0.0698077529668808,0.4429999887943268,0.5903000235557556
YNL318C,YNR044W,0,-0.27091098,0.06979675590991974,0.4429999887943268,0.590399980545044
YIL080W,YMR284W,0,-0.27099115,0.06978575885295868,0.4429999887943268,0.590499997138977
YGR123C,YDL058W,0,-0.27102613,0.06977476924657822,0.4429999887943268,0.5906000137329102
YGR119C,YHR083W,1,-0.27112508,0.06992126256227493,0.4440000057220459,0.5906000137329102
YBR193C,YIL031W,0,-0.27121633,0.06991025060415268,0.4440000057220459,0.5906999707221985
YNL039W,YNR057C,0,-0.271304,0.06989924609661102,0.4440000057220459,0.5907999873161316
YDL045C,YJL072C,0,-0.27130508,0.06988824158906937,0.4440000057220459,0.5909000039100647
YNL177C,YML127W,0,-0.27130815,0.0698772445321083,0.4440000057220459,0.5910000205039978
YGR179C,YCR092C,0,-0.27133268,0.06986624747514725,0.4440000057220459,0.5910999774932861
YLR081W,YER024W,0,-0.2714948,0.06985525786876678,0.4440000057220459,0.5911999940872192
YDL126C,YNL278W,0,-0.2714958,0.06984426826238632,0.4440000057220459,0.5913000106811523
YKR097W,YDR385W,0,-0.27151743,0.06983327865600586,0.4440000057220459,0.5914000272750854
YGR156W,YDL143W,0,-0.27158847,0.069822296500206,0.4440000057220459,0.5914999842643738
YFL039C,YOR288C,0,-0.27163413,0.06981132179498672,0.4440000057220459,0.5916000008583069
YBL079W,YIR022W,1,-0.27180904,0.06995755434036255,0.4449999928474426,0.5916000008583069
YMR150C,YGL099W,1,-0.27197412,0.07010374218225479,0.44600000977516174,0.5916000008583069
YHR098C,YKL192C,0,-0.2720095,0.07009272277355194,0.44600000977516174,0.59170001745224
YHL003C,YBR135W,0,-0.27202487,0.07008171081542969,0.44600000977516174,0.5917999744415283
YBR058C,YDR177W,0,-0.27210197,0.07007069885730743,0.44600000977516174,0.5918999910354614
YJR090C,YKR027W,0,-0.27217913,0.07005969434976578,0.44600000977516174,0.5920000076293945
YER109C,YLR192C,0,-0.27219975,0.07004868984222412,0.44600000977516174,0.5921000242233276
YPL267W,YDR381W,0,-0.27233395,0.07003768533468246,0.44600000977516174,0.592199981212616
YBL057C,YOR003W,0,-0.272335,0.0700266882777214,0.44600000977516174,0.5922999978065491
YJL039C,YBR177C,0,-0.27239382,0.07001569867134094,0.44600000977516174,0.5924000144004822
YLR329W,YNR056C,0,-0.27246177,0.07000470906496048,0.44600000977516174,0.5924999713897705
YLR329W,YFR047C,0,-0.2725148,0.06999371945858002,0.44600000977516174,0.5925999879837036
YMR283C,YIL153W,0,-0.2726866,0.06998273730278015,0.44600000977516174,0.5927000045776367
YDR283C,YNR038W,0,-0.27274,0.06997176259756088,0.44600000977516174,0.5928000211715698
YGR262C,YPL283C,0,-0.27274352,0.06996078789234161,0.44600000977516174,0.5928999781608582
YPL170W,YCR102C,0,-0.27274352,0.06994981318712234,0.44600000977516174,0.5929999947547913
YPL047W,YGR010W,0,-0.2727473,0.06993884593248367,0.44600000977516174,0.5931000113487244
YLR130C,YBL100W-B,0,-0.27280718,0.069927878677845,0.44600000977516174,0.5932000279426575
YLR431C,YCL038C,1,-0.27281553,0.0700736790895462,0.44699999690055847,0.5932000279426575
YMR267W,YDL130W,0,-0.27282295,0.07006269693374634,0.44699999690055847,0.5932999849319458
YNR035C,YER116C,0,-0.27283102,0.07005171477794647,0.44699999690055847,0.5934000015258789
YER062C,YKL017C,0,-0.27286354,0.0700407400727272,0.44699999690055847,0.593500018119812
YMR047C,YER009W,1,-0.2728688,0.07018643617630005,0.4480000138282776,0.593500018119812
YHR197W,YBR164C,1,-0.27292442,0.07033208012580872,0.4490000009536743,0.593500018119812
YJR140C,YMR097C,0,-0.27303565,0.07032106816768646,0.4490000009536743,0.5935999751091003
YPL130W,YHR088W,0,-0.27319637,0.07031005620956421,0.4490000009536743,0.5936999917030334
YIL153W,YNL318C,0,-0.2732535,0.07029904425144196,0.4490000009536743,0.5938000082969666
YLR075W,YOL034W,0,-0.27328867,0.0702880397439003,0.4490000009536743,0.5939000248908997
YBR168W,YDL013W,0,-0.27338603,0.07027703523635864,0.4490000009536743,0.593999981880188
YGR118W,YNR044W,0,-0.2735681,0.07026603817939758,0.4490000009536743,0.5940999984741211
YML029W,YPL047W,0,-0.27357864,0.07025504857301712,0.4490000009536743,0.5942000150680542
YMR182C,YDL150W,0,-0.27365834,0.07024405151605606,0.4490000009536743,0.5942999720573425
YER068W,YBR288C,0,-0.27373108,0.0702330693602562,0.4490000009536743,0.5943999886512756
YDR341C,YKL166C,0,-0.27375793,0.07022207975387573,0.4490000009536743,0.5945000052452087
YGR262C,YOR209C,0,-0.27377808,0.07021110504865646,0.4490000009536743,0.5946000218391418
YOL005C,YLR170C,0,-0.27378815,0.0702001228928566,0.4490000009536743,0.5946999788284302
YDL007W,YOR245C,0,-0.2739057,0.07018914818763733,0.4490000009536743,0.5947999954223633
YKL101W,YNL239W,0,-0.27402604,0.07017818093299866,0.4490000009536743,0.5949000120162964
YER049W,YPR199C,0,-0.2740417,0.07016721367835999,0.4490000009536743,0.5950000286102295
YPL123C,YPL097W,0,-0.2741911,0.07015624642372131,0.4490000009536743,0.5950999855995178
YHR034C,YMR128W,0,-0.2743118,0.07014528661966324,0.4490000009536743,0.5952000021934509
YPL160W,YMR001C,0,-0.2743122,0.07013433426618576,0.4490000009536743,0.595300018787384
YKR063C,YNR057C,0,-0.27431786,0.07012338191270828,0.4490000009536743,0.5953999757766724
YLR431C,YDR495C,1,-0.27433637,0.07026857882738113,0.44999998807907104,0.5953999757766724
YML132W,YHR008C,0,-0.27435023,0.07025761157274246,0.44999998807907104,0.5954999923706055
YER082C,YOL042W,0,-0.27447575,0.07024664431810379,0.44999998807907104,0.5956000089645386
YAL038W,YJL201W,0,-0.27453005,0.07023567706346512,0.44999998807907104,0.5957000255584717
YDL145C,YGR179C,0,-0.27463967,0.07022471725940704,0.44999998807907104,0.59579998254776
YGR286C,YPR067W,0,-0.27464533,0.07021376490592957,0.44999998807907104,0.5958999991416931
YPR009W,YEL050C,0,-0.27467322,0.07020280510187149,0.44999998807907104,0.5960000157356262
YGR289C,YPL097W,0,-0.27470708,0.07019186019897461,0.44999998807907104,0.5960999727249146
YMR016C,YOR209C,0,-0.274746,0.07018090784549713,0.44999998807907104,0.5961999893188477
YKL014C,YOL135C,0,-0.27481723,0.07016997039318085,0.44999998807907104,0.5963000059127808
YAL021C,YAL034W-A,0,-0.27501994,0.07015902549028397,0.44999998807907104,0.5964000225067139
YLR316C,YCL044C,0,-0.27504566,0.07014808803796768,0.44999998807907104,0.5964999794960022
YPR110C,YGL233W,0,-0.2750712,0.070137158036232,0.44999998807907104,0.5965999960899353
YMR016C,YDR345C,0,-0.27508187,0.07012622803449631,0.44999998807907104,0.5967000126838684
YHR005C,YNL259C,0,-0.27522242,0.07011529803276062,0.44999998807907104,0.5968000292778015
YDR172W,YDR440W,0,-0.27527583,0.07010437548160553,0.44999998807907104,0.5968999862670898
YGL025C,YLR453C,0,-0.275287,0.07009346038103104,0.44999998807907104,0.597000002861023
YKL178C,YOR076C,0,-0.2753081,0.07008254528045654,0.44999998807907104,0.597100019454956
YDR057W,YER174C,0,-0.27536845,0.07007163017988205,0.44999998807907104,0.5971999764442444
YGR054W,YER147C,0,-0.27538636,0.07006072252988815,0.44999998807907104,0.5972999930381775
YOL091W,YOR338W,0,-0.2754258,0.07004981487989426,0.44999998807907104,0.5974000096321106
YPL170W,YHR088W,0,-0.27545437,0.07003890722990036,0.44999998807907104,0.5975000262260437
YHL028W,YKL143W,1,-0.27545452,0.07018362730741501,0.45100000500679016,0.5975000262260437
YLR423C,YPL069C,0,-0.27555287,0.07017271220684052,0.45100000500679016,0.597599983215332
YCR020C,YHR118C,0,-0.27574807,0.07016178965568542,0.45100000500679016,0.5976999998092651
YGR238C,YNL251C,0,-0.27582067,0.07015088200569153,0.45100000500679016,0.5978000164031982
YNR011C,YCL016C,0,-0.27584508,0.07013996690511703,0.45100000500679016,0.5978999733924866
YOR209C,YLR129W,0,-0.27584767,0.07012905925512314,0.45100000500679016,0.5979999899864197
YPL262W,YNR056C,0,-0.27586645,0.07011815905570984,0.45100000500679016,0.5981000065803528
YDR011W,YHR053C,0,-0.2759735,0.07010725885629654,0.45100000500679016,0.5982000231742859
YOR245C,YJR137C,0,-0.2759893,0.07009636610746384,0.45100000500679016,0.5982999801635742
YKR009C,YLL031C,0,-0.27601367,0.07008547335863113,0.45100000500679016,0.5983999967575073
YAL009W,YER111C,0,-0.2760386,0.07007458060979843,0.45100000500679016,0.5985000133514404
YNR046W,YBR092C,0,-0.2760656,0.07006369531154633,0.45100000500679016,0.5985999703407288
YMR156C,YOR076C,0,-0.27619112,0.07005281001329422,0.45100000500679016,0.5986999869346619
YPL051W,YLR363C,0,-0.27620375,0.07004193216562271,0.45100000500679016,0.598800003528595
YKL170W,YOL088C,0,-0.27626413,0.0700310543179512,0.45100000500679016,0.5989000201225281
YHR005C,YGR191W,0,-0.27630138,0.07002018392086029,0.45100000500679016,0.5989999771118164
YBR057C,YGL106W,0,-0.2764723,0.07000931352376938,0.45100000500679016,0.5990999937057495
YMR156C,YFL039C,0,-0.27650964,0.06999845057725906,0.45100000500679016,0.5992000102996826
YLR410W,YDL120W,0,-0.27663314,0.06998758763074875,0.45100000500679016,0.5993000268936157
YMR073C,YJR155W,0,-0.27665618,0.06997672468423843,0.45100000500679016,0.599399983882904
YGR161C,YDR182W,0,-0.2767725,0.06996586918830872,0.45100000500679016,0.5995000004768372
YML124C,YGR157W,0,-0.2768396,0.0699550211429596,0.45100000500679016,0.5996000170707703
YDR309C,YOL126C,0,-0.27685654,0.06994416564702988,0.45100000500679016,0.5996999740600586
YAL001C,YJL113W,0,-0.27688184,0.06993332505226135,0.45100000500679016,0.5997999906539917
YJL013C,YMR065W,0,-0.27689153,0.06992247700691223,0.45100000500679016,0.5999000072479248
YDR087C,YBL040C,0,-0.27691913,0.0699116438627243,0.45100000500679016,0.6000000238418579
YIL122W,YMR284W,0,-0.27694416,0.06990080326795578,0.45100000500679016,0.6000999808311462
YGR285C,YLL026W,0,-0.27697998,0.06988997012376785,0.45100000500679016,0.6001999974250793
YPR010C,YDR453C,0,-0.2770028,0.06987914443016052,0.45100000500679016,0.6003000140190125
YPL196W,YOL095C,0,-0.27709547,0.06986831873655319,0.45100000500679016,0.6003999710083008
YIL009C-A,YBR057C,0,-0.27726507,0.06985750049352646,0.45100000500679016,0.6004999876022339
YAL030W,YGR276C,0,-0.27743274,0.06984667479991913,0.45100000500679016,0.600600004196167
YDR135C,YKL175W,0,-0.27745855,0.06983586400747299,0.45100000500679016,0.6007000207901001
YAL002W,YNL126W,0,-0.27756596,0.06982505321502686,0.45100000500679016,0.6007999777793884
YBR057C,YPL053C,0,-0.27769092,0.06981424242258072,0.45100000500679016,0.6008999943733215
YOR272W,YDL004W,0,-0.27785417,0.06980343908071518,0.45100000500679016,0.6010000109672546
YKR057W,YOR257W,0,-0.27788478,0.06979263573884964,0.45100000500679016,0.6011000275611877
YOR153W,YML109W,0,-0.27803886,0.0697818323969841,0.45100000500679016,0.6011999845504761
YER015W,YDR072C,0,-0.27808326,0.06977103650569916,0.45100000500679016,0.6013000011444092
YGR286C,YMR065W,0,-0.27827042,0.06976024806499481,0.45100000500679016,0.6014000177383423
YBR168W,YDL150W,0,-0.27827168,0.06974945962429047,0.45100000500679016,0.6014999747276306
YPR007C,YHL003C,0,-0.27830002,0.06973867118358612,0.45100000500679016,0.6015999913215637
YML094W,YDL102W,0,-0.27834886,0.06972789019346237,0.45100000500679016,0.6017000079154968
YMR172W,YNL066W,0,-0.2784497,0.06971710920333862,0.45100000500679016,0.6018000245094299
YMR227C,YDR179C,0,-0.27849138,0.06970633566379547,0.45100000500679016,0.6018999814987183
YNL070W,YCL038C,1,-0.27849928,0.06985010206699371,0.4519999921321869,0.6018999814987183
YLR117C,YLR145W,0,-0.27857488,0.06983930617570877,0.4519999921321869,0.6019999980926514
YER062C,YGL021W,0,-0.2786176,0.06982851773500443,0.4519999921321869,0.6021000146865845
YBL102W,YDR251W,0,-0.27868354,0.06981772929430008,0.4519999921321869,0.6021999716758728
YLR201C,YDR163W,0,-0.2786909,0.06980694830417633,0.4519999921321869,0.6022999882698059
YIL017C,YIL038C,0,-0.27871737,0.06979616731405258,0.4519999921321869,0.602400004863739
YNL177C,YER025W,0,-0.2787263,0.06978539377450943,0.4519999921321869,0.6025000214576721
YBR084W,YOR209C,0,-0.2787509,0.06977462023496628,0.4519999921321869,0.6025999784469604
YMR235C,YKR020W,1,-0.27882072,0.0699182003736496,0.453000009059906,0.6025999784469604
YER009W,YGL016W,1,-0.27897358,0.07006172835826874,0.45399999618530273,0.6025999784469604
YML094W,YMR284W,0,-0.27901685,0.0700509175658226,0.45399999618530273,0.6026999950408936
YMR091C,YHR005C-A,1,-0.27902955,0.07019438594579697,0.45500001311302185,0.6026999950408936
YLR206W,YDL160C,0,-0.27905315,0.07018356025218964,0.45500001311302185,0.6028000116348267
YML075C,YER024W,0,-0.2790982,0.0701727345585823,0.45500001311302185,0.6029000282287598
YMR182C,YGR217W,0,-0.27915,0.07016190886497498,0.45500001311302185,0.6029999852180481
YBR182C,YER127W,0,-0.27916723,0.07015109807252884,0.45500001311302185,0.6031000018119812
YGR192C,YAR033W,0,-0.27919936,0.0701402798295021,0.45500001311302185,0.6032000184059143
YER062C,YBR179C,0,-0.27922297,0.07012946903705597,0.45500001311302185,0.6032999753952026
YFR029W,YDR263C,0,-0.2793228,0.07011866569519043,0.45500001311302185,0.6033999919891357
YKR061W,YDR069C,0,-0.2793753,0.0701078549027443,0.45500001311302185,0.6035000085830688
YLR394W,YKL178C,0,-0.27952537,0.07009705901145935,0.45500001311302185,0.603600025177002
YDR091C,YDR192C,1,-0.27966073,0.07024029642343521,0.4560000002384186,0.603600025177002
YGR286C,YDR045C,0,-0.27984515,0.07022947818040848,0.4560000002384186,0.6036999821662903
YGR286C,YLR298C,0,-0.27988115,0.07021865993738174,0.4560000002384186,0.6037999987602234
YER087C-A,YNL070W,1,-0.279976,0.07036181539297104,0.4569999873638153,0.6037999987602234
YIL122W,YPL170W,0,-0.27998006,0.07035098224878311,0.4569999873638153,0.6039000153541565
YFL050C,YMR246W,0,-0.28015447,0.07034015655517578,0.4569999873638153,0.6039999723434448
YMR033W,YJL013C,0,-0.28017232,0.07032933086156845,0.4569999873638153,0.6040999889373779
YDL155W,YDR297W,0,-0.28020668,0.07031851261854172,0.4569999873638153,0.604200005531311
YDR436W,YOR153W,0,-0.28034228,0.07030769437551498,0.4569999873638153,0.6043000221252441
YBR118W,YER178W,0,-0.28036234,0.07029687613248825,0.4569999873638153,0.6043999791145325
YMR260C,YHR194W,0,-0.28043085,0.07028606534004211,0.4569999873638153,0.6044999957084656
YEL026W,YOR267C,0,-0.2804423,0.07027525454759598,0.4569999873638153,0.6046000123023987
YGR214W,YCR005C,0,-0.2805568,0.07026445120573044,0.4569999873638153,0.6047000288963318
YGR289C,YNL312W,0,-0.28065085,0.0702536478638649,0.4569999873638153,0.6047999858856201
YPR042C,YER049W,0,-0.2806795,0.07024285197257996,0.4569999873638153,0.6049000024795532
YLR117C,YNL129W,0,-0.28069133,0.07023205608129501,0.4569999873638153,0.6050000190734863
YDR288W,YKR009C,0,-0.28083074,0.07022126764059067,0.4569999873638153,0.6050999760627747
YNR019W,YPL170W,0,-0.28083482,0.07021047919988632,0.4569999873638153,0.6051999926567078
YNR007C,YGR206W,1,-0.28089732,0.07035329937934875,0.4580000042915344,0.6051999926567078
YDR320C,YDR263C,0,-0.2809271,0.07034249603748322,0.4580000042915344,0.6053000092506409
YHL025W,YDR440W,0,-0.28095,0.07033169269561768,0.4580000042915344,0.605400025844574
YJR155W,YGR005C,0,-0.2810601,0.07032089680433273,0.4580000042915344,0.6054999828338623
YGR289C,YER001W,0,-0.2810605,0.07031010091304779,0.4580000042915344,0.6055999994277954
YBR077C,YDL160C,0,-0.28107697,0.07029931247234344,0.4580000042915344,0.6057000160217285
YOL090W,YPL040C,0,-0.28115064,0.0702885240316391,0.4580000042915344,0.6057999730110168
YER166W,YIL017C,0,-0.28120333,0.07027773559093475,0.4580000042915344,0.60589998960495
YHR190W,YGL075C,0,-0.2812897,0.070266954600811,0.4580000042915344,0.6060000061988831
YER020W,YOR335C,0,-0.28136927,0.07025617361068726,0.4580000042915344,0.6061000227928162
YLR098C,YOL095C,0,-0.2813768,0.0702454000711441,0.4580000042915344,0.6061999797821045
YDR148C,YAR019C,0,-0.2814251,0.07023462653160095,0.4580000042915344,0.6062999963760376
YML098W,YMR183C,0,-0.28143877,0.0702238604426384,0.4580000042915344,0.6064000129699707
YCL016C,YER127W,0,-0.2814492,0.07021309435367584,0.4580000042915344,0.6065000295639038
YIL110W,YLR088W,0,-0.28155974,0.07020232826471329,0.4580000042915344,0.6065999865531921
YJL133W,YMR296C,0,-0.28158796,0.07019156962633133,0.4580000042915344,0.6067000031471252
YMR283C,YPR110C,0,-0.2816009,0.07018081843852997,0.4580000042915344,0.6068000197410583
YBR217W,YLR292C,1,-0.2816145,0.07032327353954315,0.45899999141693115,0.6068000197410583
YMR150C,YER087C-A,1,-0.28173766,0.07046568393707275,0.46000000834465027,0.6068000197410583
YLR130C,YLR009W,0,-0.28176817,0.07045489549636841,0.46000000834465027,0.6068999767303467
YKL178C,YML078W,0,-0.28193787,0.07044410705566406,0.46000000834465027,0.6069999933242798
YGL155W,YJL173C,0,-0.28199017,0.07043331861495972,0.46000000834465027,0.6071000099182129
YLR141W,YLR129W,0,-0.28222585,0.07042253762483597,0.46000000834465027,0.607200026512146
YOR239W,YJR013W,0,-0.2822935,0.07041175663471222,0.46000000834465027,0.6072999835014343
YJR121W,YPR201W,0,-0.28245997,0.07040098309516907,0.46000000834465027,0.6074000000953674
YPL053C,YML128C,0,-0.2824704,0.07039020955562592,0.46000000834465027,0.6075000166893005
YKR065C,YDL088C,1,-0.28253606,0.0705324336886406,0.460999995470047,0.6075000166893005
YBR127C,YGR097W,0,-0.2825461,0.07052164524793625,0.460999995470047,0.6075999736785889
YHR190W,YOL142W,0,-0.28256458,0.0705108568072319,0.460999995470047,0.607699990272522
YAL009W,YBR216C,0,-0.28265247,0.07050007581710815,0.460999995470047,0.6078000068664551
YBR186W,YNR064C,0,-0.28273717,0.0704892948269844,0.460999995470047,0.6079000234603882
YOL005C,YML124C,0,-0.28279775,0.07047852128744125,0.460999995470047,0.6079999804496765
YGR078C,YGL048C,0,-0.28287455,0.0704677477478981,0.460999995470047,0.6080999970436096
YGR118W,YIL038C,0,-0.28291887,0.07045697420835495,0.460999995470047,0.6082000136375427
YKR057W,YGL049C,0,-0.282924,0.0704462081193924,0.460999995470047,0.608299970626831
YPL210C,YGR206W,1,-0.28296924,0.07058823853731155,0.4620000123977661,0.608299970626831
YOR020C,YML024W,0,-0.28302187,0.07057745009660721,0.4620000123977661,0.6083999872207642
YBR168W,YDR141C,0,-0.28306177,0.07056666910648346,0.4620000123977661,0.6085000038146973
YOL135C,YGR157W,0,-0.28318888,0.07055589556694031,0.4620000123977661,0.6086000204086304
YFR029W,YJL072C,0,-0.2832935,0.07054512202739716,0.4620000123977661,0.6086999773979187
YGL111W,YNL327W,0,-0.28329536,0.070534348487854,0.4620000123977661,0.6087999939918518
YOR245C,YMR015C,0,-0.28344494,0.07052358239889145,0.4620000123977661,0.6089000105857849
YER166W,YBR030W,0,-0.2834521,0.07051282376050949,0.4620000123977661,0.609000027179718
YGR029W,YCL038C,1,-0.2834831,0.07065466046333313,0.46299999952316284,0.609000027179718
YKR022C,YBR092C,0,-0.2835607,0.07064387947320938,0.46299999952316284,0.6090999841690063
YLL017W,YJL113W,0,-0.2838445,0.07063310593366623,0.46299999952316284,0.6092000007629395
YOR239W,YCR092C,0,-0.2839961,0.07062233239412308,0.46299999952316284,0.6093000173568726
YBR199W,YLR026C,0,-0.28402895,0.07061155885457993,0.46299999952316284,0.6093999743461609
YNL294C,YDL143W,0,-0.28412116,0.07060079276561737,0.46299999952316284,0.609499990940094
YLR276C,YPR200C,0,-0.28418994,0.07059002667665482,0.46299999952316284,0.6096000075340271
YMR026C,YML055W,1,-0.28426975,0.07073170691728592,0.46399998664855957,0.6096000075340271
YDR153C,YML031W,1,-0.28435642,0.07087334245443344,0.4650000035762787,0.6096000075340271
YJR121W,YNR019W,0,-0.2843793,0.0708625391125679,0.4650000035762787,0.6097000241279602
YCR084C,YDR163W,0,-0.28438255,0.07085174322128296,0.4650000035762787,0.6097999811172485
YBR297W,YBL040C,0,-0.28444842,0.07084094732999802,0.4650000035762787,0.6098999977111816
YDR057W,YPL069C,0,-0.28456184,0.07083015888929367,0.4650000035762787,0.6100000143051147
YFR002W,YEL013W,1,-0.28460115,0.07097167521715164,0.4659999907016754,0.6100000143051147
YLR394W,YIL038C,0,-0.28461194,0.0709608644247055,0.4659999907016754,0.6100999712944031
YGR225W,YGR186W,0,-0.28467402,0.07095006108283997,0.4659999907016754,0.6101999878883362
YFR041C,YPR010C,0,-0.28472343,0.07093925774097443,0.4659999907016754,0.6103000044822693
YLR383W,YNL327W,0,-0.28472513,0.07092846184968948,0.4659999907016754,0.6104000210762024
YBR006W,YBR035C,0,-0.284756,0.07091766595840454,0.4659999907016754,0.6104999780654907
YNL261W,YPR199C,0,-0.28475854,0.0709068775177002,0.4659999907016754,0.6105999946594238
YPL015C,YCR102C,0,-0.28501564,0.07089608907699585,0.4659999907016754,0.6107000112533569
YBR186W,YGL022W,0,-0.28505808,0.0708853080868721,0.4659999907016754,0.61080002784729
YGL071W,YJR013W,0,-0.28506002,0.07087452709674835,0.4659999907016754,0.6108999848365784
YIR015W,YER127W,0,-0.28514272,0.0708637461066246,0.4659999907016754,0.6110000014305115
YOR007C,YOR113W,0,-0.2853035,0.07085297256708145,0.4659999907016754,0.6111000180244446
YGR276C,YKL140W,0,-0.28535706,0.0708421990275383,0.4659999907016754,0.6111999750137329
YML103C,YBR171W,1,-0.28536987,0.07098343223333359,0.46700000762939453,0.6111999750137329
YLR141W,YNL274C,0,-0.2855444,0.07097264379262924,0.46700000762939453,0.611299991607666
YHR055C,YIL121W,0,-0.2856501,0.0709618628025055,0.46700000762939453,0.6114000082015991
YDL143W,YML057W,0,-0.2856571,0.07095108181238174,0.46700000762939453,0.6115000247955322
YJL010C,YNL021W,0,-0.28585613,0.070940300822258,0.46700000762939453,0.6115999817848206
YGR029W,YER009W,1,-0.28587067,0.07108140736818314,0.46799999475479126,0.6115999817848206
YIR008C,YMR246W,0,-0.28587446,0.0710706114768982,0.46799999475479126,0.6116999983787537
YMR047C,YMR308C,1,-0.2858928,0.07121165841817856,0.4690000116825104,0.6116999983787537
YHR139C,YML032C,0,-0.28591654,0.07120084762573242,0.4690000116825104,0.6118000149726868
YIL017C,YJL060W,0,-0.28592172,0.07119004428386688,0.4690000116825104,0.6118999719619751
YPR007C,YML057W,0,-0.28593877,0.07117924094200134,0.4690000116825104,0.6119999885559082
YIL031W,YML109W,0,-0.2859833,0.0711684376001358,0.4690000116825104,0.6121000051498413
YOL095C,YPL097W,0,-0.28625247,0.07115764170885086,0.4690000116825104,0.6122000217437744
YGR289C,YBR297W,0,-0.2863383,0.07114684581756592,0.4690000116825104,0.6122999787330627
YGR262C,YDL120W,0,-0.28634626,0.07113604992628098,0.4690000116825104,0.6123999953269958
YEL004W,YGL028C,0,-0.2863504,0.07112526893615723,0.4690000116825104,0.612500011920929
YKL192C,YFL039C,0,-0.28637698,0.07111448049545288,0.4690000116825104,0.6126000285148621
YKL203C,YDR453C,0,-0.2863796,0.07110369950532913,0.4690000116825104,0.6126999855041504
YMR227C,YER119C,0,-0.28647014,0.07109291851520538,0.4690000116825104,0.6128000020980835
YHR188C,YLR014C,0,-0.28662592,0.07108214497566223,0.4690000116825104,0.6129000186920166
YMR296C,YKL101W,0,-0.28680235,0.07107137143611908,0.4690000116825104,0.6129999756813049
YDR177W,YPL097W,0,-0.2869347,0.07106060534715652,0.4690000116825104,0.613099992275238
YCR009C,YBL100W-B,0,-0.28694564,0.07104983925819397,0.4690000116825104,0.6132000088691711
YAR007C,YCR009C,0,-0.28708574,0.07103908061981201,0.4690000116825104,0.6133000254631042
YBR098W,YHR082C,0,-0.28716362,0.07102832198143005,0.4690000116825104,0.6133999824523926
YMR128W,YMR284W,0,-0.28730223,0.0710175633430481,0.4690000116825104,0.6134999990463257
YAL026C,YDR092W,0,-0.2873082,0.07100681215524673,0.4690000116825104,0.6136000156402588
YMR016C,YDR308C,0,-0.28732085,0.07099606096744537,0.4690000116825104,0.6136999726295471
YOR156C,YDR440W,0,-0.28734496,0.07098531723022461,0.4690000116825104,0.6137999892234802
YER111C,YGL075C,0,-0.28744128,0.07097457349300385,0.4690000116825104,0.6139000058174133
YML113W,YML127W,0,-0.28747925,0.07096383720636368,0.4690000116825104,0.6140000224113464
YPR200C,YPL228W,0,-0.28748804,0.07095310091972351,0.4690000116825104,0.6140999794006348
YDL120W,YMR246W,0,-0.28757137,0.07094237208366394,0.4690000116825104,0.6141999959945679
YGR007W,YOL095C,0,-0.2878195,0.07093163579702377,0.4690000116825104,0.614300012588501
YNL039W,YMR212C,0,-0.28783345,0.0709209144115448,0.4690000116825104,0.6144000291824341
YPR138C,YML081C-A,0,-0.2879532,0.07091019302606583,0.4690000116825104,0.6144999861717224
YEL071W,YKL017C,0,-0.2882253,0.07089947164058685,0.4690000116825104,0.6146000027656555
YCL016C,YMR183C,0,-0.28833535,0.07088875770568848,0.4690000116825104,0.6147000193595886
YDR299W,YNL278W,0,-0.28836906,0.0708780437707901,0.4690000116825104,0.614799976348877
YDR191W,YDR254W,0,-0.2883876,0.07086732983589172,0.4690000116825104,0.6148999929428101
YOR008C,YNR011C,0,-0.2884769,0.07085662335157394,0.4690000116825104,0.6150000095367432
YKL064W,YPL110C,0,-0.28855595,0.07084592431783676,0.4690000116825104,0.6151000261306763
YKL081W,YGL071W,0,-0.28859234,0.07083521783351898,0.4690000116825104,0.6151999831199646
YDR457W,YIL154C,0,-0.28866827,0.0708245262503624,0.4690000116825104,0.6152999997138977
YDR325W,YML098W,0,-0.2886985,0.07081382721662521,0.4690000116825104,0.6154000163078308
YDR324C,YDL130W-A,0,-0.2886997,0.07080314308404922,0.4690000116825104,0.6154999732971191
YIL037C,YPR074C,0,-0.28870767,0.07079245150089264,0.4690000116825104,0.6155999898910522
YAL024C,YHL003C,0,-0.28871185,0.07078176736831665,0.4690000116825104,0.6157000064849854
YER109C,YML075C,0,-0.28872585,0.07077109068632126,0.4690000116825104,0.6158000230789185
YLR430W,YKR099W,0,-0.28876615,0.07076041400432587,0.4690000116825104,0.6158999800682068
YNL326C,YBR058C,0,-0.28883642,0.07074973732233047,0.4690000116825104,0.6159999966621399
YMR026C,YJL104W,1,-0.28891212,0.0708898976445198,0.4699999988079071,0.6159999966621399
YOL088C,YOL158C,0,-0.28891575,0.07087920606136322,0.4699999988079071,0.616100013256073
YDR075W,YPL040C,0,-0.28910744,0.07086851447820663,0.4699999988079071,0.6161999702453613
YMR073C,YHR068W,0,-0.28952828,0.07085783034563065,0.4699999988079071,0.6162999868392944
YHR084W,YOR058C,0,-0.2895388,0.07084715366363525,0.4699999988079071,0.6164000034332275
YFR004W,YGR024C,0,-0.28956977,0.07083646953105927,0.4699999988079071,0.6165000200271606
YKL042W,YER111C,0,-0.28974766,0.07082580029964447,0.4699999988079071,0.616599977016449
YDL160C,YCR092C,0,-0.28981513,0.07081512361764908,0.4699999988079071,0.6166999936103821
YOR267C,YNL080C,0,-0.2898455,0.07080446183681488,0.4699999988079071,0.6168000102043152
YMR033W,YLR084C,0,-0.29004475,0.07079379260540009,0.4699999988079071,0.6169000267982483
YJL170C,YGR097W,0,-0.29005235,0.07078313082456589,0.4699999988079071,0.6169999837875366
YDL045C,YGR157W,0,-0.29006338,0.07077247649431229,0.4699999988079071,0.6171000003814697
YPR007C,YLR088W,0,-0.29007757,0.07076182216405869,0.4699999988079071,0.6172000169754028
YNL225C,YER008C,0,-0.29013363,0.07075116783380508,0.4699999988079071,0.6172999739646912
YNL070W,YGL099W,1,-0.29021454,0.07089103013277054,0.47099998593330383,0.6172999739646912
YKR027W,YDL058W,0,-0.29031074,0.07088036090135574,0.47099998593330383,0.6173999905586243
YBL074C,YOR328W,0,-0.29038036,0.07086969912052155,0.47099998593330383,0.6175000071525574
YAL009W,YMR128W,0,-0.2904591,0.07085903733968735,0.47099998593330383,0.6176000237464905
YDR309C,YBR030W,0,-0.29054463,0.07084837555885315,0.47099998593330383,0.6176999807357788
YNL153C,YDR418W,0,-0.2905866,0.07083772122859955,0.47099998593330383,0.6177999973297119
YHR030C,YGL111W,0,-0.2906493,0.07082706689834595,0.47099998593330383,0.617900013923645
YER062C,YNL021W,0,-0.29066384,0.07081642001867294,0.47099998593330383,0.6179999709129333
YMR172W,YMR260C,0,-0.2906695,0.07080577313899994,0.47099998593330383,0.6180999875068665
YBR030W,YML062C,0,-0.2907518,0.07079513370990753,0.47099998593330383,0.6182000041007996
YDL116W,YIL149C,1,-0.29083934,0.07093477249145508,0.47200000286102295,0.6182000041007996
YBR136W,YER001W,0,-0.2908399,0.07092411816120148,0.47200000286102295,0.6183000206947327
YOR182C,YHR118C,0,-0.29091072,0.07091346383094788,0.47200000286102295,0.618399977684021
YOR115C,YHL024W,0,-0.2909769,0.07090280950069427,0.47200000286102295,0.6184999942779541
YGL166W,YML078W,0,-0.29108536,0.07089216262102127,0.47200000286102295,0.6186000108718872
YGR217W,YPR010C,0,-0.29109314,0.07088151574134827,0.47200000286102295,0.6187000274658203
YPL130W,YKR097W,0,-0.2911247,0.07087086886167526,0.47200000286102295,0.6187999844551086
YDR345C,YOL068C,0,-0.29117638,0.07086022943258286,0.47200000286102295,0.6189000010490417
YIR022W,YJL104W,1,-0.29118314,0.07099969685077667,0.4729999899864197,0.6189000010490417
YLR182W,YGR002C,0,-0.29121342,0.07098904252052307,0.4729999899864197,0.6190000176429749
YMR033W,YOR147W,0,-0.29128358,0.07097838819026947,0.4729999899864197,0.6190999746322632
YLR430W,YOR057W,0,-0.2913249,0.07096774131059647,0.4729999899864197,0.6191999912261963
YHR008C,YCR061W,0,-0.29138917,0.07095709443092346,0.4729999899864197,0.6193000078201294
YDR398W,YLR192C,0,-0.29144904,0.07094645500183105,0.4729999899864197,0.6194000244140625
YNL094W,YJL013C,0,-0.29154474,0.07093581557273865,0.4729999899864197,0.6194999814033508
YIL017C,YER003C,0,-0.29160944,0.07092517614364624,0.4729999899864197,0.6195999979972839
YML043C,YML127W,0,-0.29161155,0.07091454416513443,0.4729999899864197,0.619700014591217
YPL262W,YPL011C,0,-0.29163846,0.07090391218662262,0.4729999899864197,0.6197999715805054
YPR110C,YBR288C,0,-0.2916702,0.0708932876586914,0.4729999899864197,0.6198999881744385
YCR020C,YGR005C,0,-0.29170457,0.07088266313076019,0.4729999899864197,0.6200000047683716
YMR288W,YGL233W,0,-0.2917758,0.07087203860282898,0.4729999899864197,0.6201000213623047
YLR265C,YPR033C,0,-0.2918573,0.07086142152547836,0.4729999899864197,0.620199978351593
YAL026C,YOR144C,0,-0.2918594,0.07085081189870834,0.4729999899864197,0.6202999949455261
YPL240C,YML025C,0,-0.2918762,0.07084019482135773,0.4729999899864197,0.6204000115394592
YGL022W,YDR151C,0,-0.29188108,0.0708295926451683,0.4729999899864197,0.6205000281333923
YDR153C,YDR495C,1,-0.29189956,0.07096870988607407,0.4740000069141388,0.6205000281333923
YLR431C,YHR197W,1,-0.2919209,0.07110778242349625,0.4749999940395355,0.6205000281333923
YMR096W,YPL228W,0,-0.29194432,0.07109714299440384,0.4749999940395355,0.6205999851226807
YAL009W,YBL040C,0,-0.29195228,0.07108650356531143,0.4749999940395355,0.6207000017166138
YBR228W,YOR007C,0,-0.29216492,0.07107586413621902,0.4749999940395355,0.6208000183105469
YFR029W,YOR239W,0,-0.29235262,0.07106523215770721,0.4749999940395355,0.6208999752998352
YNL153C,YMR309C,0,-0.29235446,0.0710546001791954,0.4749999940395355,0.6209999918937683
YOR156C,YIR015W,0,-0.29247403,0.07104397565126419,0.4749999940395355,0.6211000084877014
YDL043C,YLR088W,0,-0.29249072,0.07103335112333298,0.4749999940395355,0.6212000250816345
YDR165W,YCR028C-A,0,-0.2925717,0.07102272659540176,0.4749999940395355,0.6212999820709229
YOL091W,YER122C,0,-0.29258305,0.07101210951805115,0.4749999940395355,0.621399998664856
YHR005C-A,YEL013W,1,-0.2926402,0.07115097343921661,0.47600001096725464,0.621399998664856
YPL051W,YDL145C,0,-0.2926821,0.0711403414607048,0.47600001096725464,0.6215000152587891
YMR060C,YIL079C,0,-0.29270652,0.071129709482193,0.47600001096725464,0.6215999722480774
YLR023C,YNR030W,0,-0.29280013,0.07111907750368118,0.47600001096725464,0.6216999888420105
YAL056W,YGL111W,0,-0.292853,0.07110845297574997,0.47600001096725464,0.6218000054359436
YDR052C,YKL101W,0,-0.29288527,0.07109783589839935,0.47600001096725464,0.6219000220298767
YJL026W,YCR075C,0,-0.29303885,0.07108721882104874,0.47600001096725464,0.621999979019165
YDR448W,YEL002C,0,-0.29305142,0.07107660174369812,0.47600001096725464,0.6220999956130981
YHR194W,YDR545W,0,-0.29315752,0.0710659921169281,0.47600001096725464,0.6222000122070312
YIR022W,YGL016W,1,-0.2932158,0.07120465487241745,0.47699999809265137,0.6222000122070312
YLL043W,YLR130C,0,-0.2932215,0.07119403034448624,0.47699999809265137,0.6223000288009644
YGR147C,YBL003C,0,-0.29324034,0.07118340581655502,0.47699999809265137,0.6223999857902527
YJR137C,YDR227W,0,-0.29329532,0.07117278128862381,0.47699999809265137,0.6225000023841858
YKL170W,YMR001C,0,-0.29330578,0.0711621642112732,0.47699999809265137,0.6226000189781189
YDR192C,YHR197W,1,-0.2933658,0.07130071520805359,0.4779999852180481,0.6226000189781189
YDL031W,YMR060C,0,-0.29344645,0.07129008322954178,0.4779999852180481,0.6226999759674072
YNR011C,YDR545W,0,-0.29345244,0.07127945125102997,0.4779999852180481,0.6227999925613403
YDR513W,YCL069W,0,-0.29346424,0.07126882672309875,0.4779999852180481,0.6229000091552734
YER015W,YHR038W,0,-0.29355514,0.07125820219516754,0.4779999852180481,0.6230000257492065
YDR435C,YML116W,0,-0.29362702,0.07124757766723633,0.4779999852180481,0.6230999827384949
YOR188W,YDR311W,0,-0.29363757,0.07123696058988571,0.4779999852180481,0.623199999332428
YNR044W,YOR267C,0,-0.293731,0.0712263435125351,0.4779999852180481,0.6233000159263611
YFR031C,YDL102W,0,-0.29379734,0.07121573388576508,0.4779999852180481,0.6233999729156494
YCL029C,YIL038C,0,-0.29382804,0.07120512425899506,0.4779999852180481,0.6234999895095825
YGL032C,YER061C,0,-0.2938366,0.07119452208280563,0.4779999852180481,0.6236000061035156
YMR284W,YER126C,0,-0.29391274,0.07118391990661621,0.4779999852180481,0.6237000226974487
YJL134W,YPR009W,0,-0.29398507,0.07117331773042679,0.4779999852180481,0.6237999796867371
YCL016C,YDL164C,0,-0.29405564,0.07116272300481796,0.4779999852180481,0.6238999962806702
YOR182C,YNL054W,0,-0.29406023,0.07115212827920914,0.4779999852180481,0.6240000128746033
YHL025W,YMR182C,0,-0.29437894,0.07114154100418091,0.4779999852180481,0.6241000294685364
YPR010C,YNL065W,0,-0.2945745,0.07113095372915268,0.4779999852180481,0.6241999864578247
YIR015W,YKL175W,0,-0.29459012,0.07112036645412445,0.4779999852180481,0.6243000030517578
YOR243C,YNL080C,0,-0.2946381,0.07110978662967682,0.4779999852180481,0.6244000196456909
YDL020C,YPL069C,0,-0.2946475,0.07109921425580978,0.4779999852180481,0.6244999766349792
YOR151C,YBL003C,0,-0.29470545,0.07108863443136215,0.4779999852180481,0.6245999932289124
YLR170C,YHR194W,0,-0.2947888,0.07107806950807571,0.4779999852180481,0.6247000098228455
YNL326C,YGL252C,0,-0.29484534,0.07106749713420868,0.4779999852180481,0.6248000264167786
YHR204W,YNL090W,0,-0.29486018,0.07105693221092224,0.4779999852180481,0.6248999834060669
YHL025W,YNL054W,0,-0.2949011,0.0710463747382164,0.4779999852180481,0.625
YLR221C,YDL227C,0,-0.2949401,0.07103581726551056,0.4779999852180481,0.6251000165939331
YOR123C,YGR075C,0,-0.2950042,0.07102525979280472,0.4779999852180481,0.6251999735832214
YLR170C,YOL054W,0,-0.29504597,0.07101470977067947,0.4779999852180481,0.6252999901771545
YER178W,YJL072C,0,-0.29511705,0.07100415974855423,0.4779999852180481,0.6254000067710876
YDR192C,YLR193C,1,-0.2951487,0.07114213705062866,0.4790000021457672,0.6254000067710876
YJL117W,YLR068W,0,-0.29520756,0.07113157212734222,0.4790000021457672,0.6255000233650208
YLR170C,YFR027W,0,-0.29524273,0.07112100720405579,0.4790000021457672,0.6255999803543091
YNL256W,YBR172C,0,-0.2952516,0.07111044973134995,0.4790000021457672,0.6256999969482422
YMR060C,YMR128W,0,-0.2952885,0.0710998997092247,0.4790000021457672,0.6258000135421753
YCR075C,YGR186W,0,-0.29553694,0.07108934223651886,0.4790000021457672,0.6258999705314636
YGR156W,YJL069C,0,-0.2955559,0.07107879221439362,0.4790000021457672,0.6259999871253967
YNL318C,YHR005C,0,-0.2956499,0.07106824964284897,0.4790000021457672,0.6261000037193298
YML092C,YMR030W,0,-0.29565498,0.07105770707130432,0.4790000021457672,0.6262000203132629
YCL016C,YKR060W,0,-0.29569268,0.07104716449975967,0.4790000021457672,0.6262999773025513
YFR004W,YMR065W,0,-0.29569945,0.07103662937879562,0.4790000021457672,0.6263999938964844
YHR204W,YKL140W,0,-0.29576367,0.07102609425783157,0.4790000021457672,0.6265000104904175
YGR211W,YML127W,0,-0.29584038,0.07101556658744812,0.4790000021457672,0.6266000270843506
YJR137C,YDR254W,0,-0.2960341,0.07100503891706467,0.4790000021457672,0.6266999840736389
YPR200C,YOR288C,0,-0.29609144,0.07099451869726181,0.4790000021457672,0.626800000667572
YFR047C,YCL029C,0,-0.29630312,0.07098399847745895,0.4790000021457672,0.6269000172615051
YBR136W,YPR067W,0,-0.29631543,0.0709734782576561,0.4790000021457672,0.6269999742507935
YHR204W,YGL048C,0,-0.2963224,0.07096296548843384,0.4790000021457672,0.6270999908447266
YAL034W-A,YNL090W,0,-0.29632998,0.07095245271921158,0.4790000021457672,0.6272000074386597
YNL065W,YBR082C,0,-0.29636532,0.07094193994998932,0.4790000021457672,0.6273000240325928
YBL082C,YJR137C,0,-0.29641408,0.07093143463134766,0.4790000021457672,0.6273999810218811
YGR024C,YOL164W,0,-0.29643905,0.07092093676328659,0.4790000021457672,0.6274999976158142
YOR008C,YOR346W,0,-0.2964984,0.07091043889522552,0.4790000021457672,0.6276000142097473
YFL050C,YNL129W,0,-0.29650557,0.07089994102716446,0.4790000021457672,0.6276999711990356
YML075C,YGR097W,0,-0.29650694,0.07088945060968399,0.4790000021457672,0.6277999877929688
YLR394W,YGR192C,0,-0.29673785,0.07087896019220352,0.4790000021457672,0.6279000043869019
YOL011W,YDR457W,0,-0.2968103,0.07086846977472305,0.4790000021457672,0.628000020980835
YHR075C,YJL085W,0,-0.2968212,0.07085798680782318,0.4790000021457672,0.6280999779701233
YPL210C,YEL013W,1,-0.2971285,0.07099541276693344,0.47999998927116394,0.6280999779701233
YKL195W,YPL243W,1,-0.29713804,0.07113280147314072,0.48100000619888306,0.6280999779701233
YJL176C,YDR440W,0,-0.29721922,0.07112228125333786,0.48100000619888306,0.6281999945640564
YOR267C,YDL130W,0,-0.29733288,0.0711117684841156,0.48100000619888306,0.6283000111579895
YDL116W,YKL057C,1,-0.29746562,0.07124907523393631,0.4819999933242798,0.6283000111579895
YLR397C,YGR010W,0,-0.29753995,0.07123854756355286,0.4819999933242798,0.6284000277519226
YDL052C,YBR077C,0,-0.29755592,0.0712280198931694,0.4819999933242798,0.6284999847412109
YFL002C,YDL164C,0,-0.29757205,0.07121749222278595,0.4819999933242798,0.628600001335144
YDR231C,YOL067C,0,-0.2975936,0.0712069720029831,0.4819999933242798,0.6287000179290771
YPL051W,YDR477W,0,-0.29767737,0.07119645178318024,0.4819999933242798,0.6287999749183655
YMR047C,YPL210C,1,-0.29778978,0.0713336318731308,0.4830000102519989,0.6287999749183655
YOR328W,YDL004W,0,-0.29779384,0.07132309675216675,0.4830000102519989,0.6288999915122986
YER087C-A,YGR119C,1,-0.2977961,0.07146020978689194,0.48399999737739563,0.6288999915122986
YOR182C,YJL170C,0,-0.29786927,0.0714496597647667,0.48399999737739563,0.6290000081062317
YNL261W,YKL101W,0,-0.29787225,0.07143911719322205,0.48399999737739563,0.6291000247001648
YIL080W,YPL159C,0,-0.29797658,0.0714285746216774,0.48399999737739563,0.6291999816894531
YNR064C,YGL136C,0,-0.2981326,0.07141803205013275,0.48399999737739563,0.6292999982833862
YMR153W,YGL016W,1,-0.29816014,0.07155503332614899,0.48500001430511475,0.6292999982833862
YOR188W,YNL327W,0,-0.29817694,0.07154447585344315,0.48500001430511475,0.6294000148773193
YHR190W,YLR134W,0,-0.29826564,0.0715339258313179,0.48500001430511475,0.6294999718666077
YJR137C,YOR076C,0,-0.29826784,0.07152337580919266,0.48500001430511475,0.6295999884605408
YMR182C,YPR009W,0,-0.2983388,0.07151282578706741,0.48500001430511475,0.6297000050544739
YDR172W,YNL080C,0,-0.29838166,0.07150228321552277,0.48500001430511475,0.629800021648407
YDL028C,YDR325W,0,-0.29844844,0.07149174809455872,0.48500001430511475,0.6298999786376953
YLL016W,YLR206W,0,-0.29850316,0.07148120552301407,0.48500001430511475,0.6299999952316284
YAL024C,YNR047W,0,-0.29851425,0.07147067785263062,0.48500001430511475,0.6301000118255615
YDR320C,YGR217W,0,-0.29852402,0.07146014273166656,0.48500001430511475,0.6302000284194946
YPL232W,YOR007C,0,-0.2985584,0.07144961506128311,0.48500001430511475,0.630299985408783
YNL062C,YIL038C,0,-0.29886216,0.07143909484148026,0.48500001430511475,0.6304000020027161
YHR084W,YGL200C,0,-0.29892159,0.0714285746216774,0.48500001430511475,0.6305000185966492
YNL294C,YBR168W,0,-0.29894072,0.07141805440187454,0.48500001430511475,0.6305999755859375
YLR206W,YJR006W,0,-0.29899746,0.07140754163265228,0.48500001430511475,0.6306999921798706
YBR168W,YDR308C,0,-0.29915956,0.07139702886343002,0.48500001430511475,0.6308000087738037
YER095W,YCR082W,0,-0.29916608,0.07138651609420776,0.48500001430511475,0.6309000253677368
YBR257W,YML116W,0,-0.29918522,0.0713760107755661,0.48500001430511475,0.6309999823570251
YAL030W,YGR112W,0,-0.29928043,0.07136550545692444,0.48500001430511475,0.6310999989509583
YCR061W,YCL029C,0,-0.29936856,0.07135500758886337,0.48500001430511475,0.6312000155448914
YIR015W,YML098W,0,-0.29937133,0.07134450972080231,0.48500001430511475,0.6312999725341797
YJL117W,YLL041C,0,-0.29941553,0.07133401930332184,0.48500001430511475,0.6313999891281128
YHR070W,YIL038C,0,-0.29944855,0.07132352888584137,0.48500001430511475,0.6315000057220459
YIL009C-A,YEL015W,0,-0.29945362,0.0713130459189415,0.48500001430511475,0.631600022315979
YGR289C,YMR030W,0,-0.29957247,0.07130255550146103,0.48500001430511475,0.6316999793052673
YHR038W,YKR060W,0,-0.29960814,0.07129207998514175,0.48500001430511475,0.6317999958992004
YBR060C,YNL327W,0,-0.2996585,0.07128159701824188,0.48500001430511475,0.6319000124931335
YER024W,YGR072W,0,-0.29965994,0.07127112150192261,0.48500001430511475,0.6320000290870667
YER087C-A,YMR235C,1,-0.29971933,0.07140757888555527,0.4860000014305115,0.6320000290870667
YML098W,YDR309C,0,-0.29982546,0.0713970884680748,0.4860000014305115,0.632099986076355
YOR239W,YFR031C,0,-0.299833,0.07138660550117493,0.4860000014305115,0.6322000026702881
YPR042C,YER122C,0,-0.29984024,0.07137612253427505,0.4860000014305115,0.6323000192642212
YDR091C,YHR083W,1,-0.29995304,0.07151248306035995,0.4869999885559082,0.6323000192642212
YER082C,YLR363C,0,-0.30000234,0.07150198519229889,0.4869999885559082,0.6323999762535095
YHR175W,YBR006W,0,-0.30008245,0.07149148732423782,0.4869999885559082,0.6324999928474426
YMR183C,YBL003C,0,-0.3001522,0.07148098945617676,0.4869999885559082,0.6326000094413757
YLR430W,YOR020C,0,-0.30021104,0.07147049903869629,0.4869999885559082,0.6327000260353088
YKR099W,YAL034W-A,0,-0.30026025,0.07146001607179642,0.4869999885559082,0.6327999830245972
YMR250W,YLR363C,0,-0.30027303,0.07144953310489655,0.4869999885559082,0.6328999996185303
YKR061W,YAL026C,0,-0.30031675,0.07143905013799667,0.4869999885559082,0.6330000162124634
YJL087C,YLL026W,0,-0.30047524,0.0714285746216774,0.4869999885559082,0.6330999732017517
YFR052W,YJR137C,0,-0.3004794,0.07141809910535812,0.4869999885559082,0.6331999897956848
YPR010C,YAL024C,0,-0.30054975,0.07140762358903885,0.4869999885559082,0.6333000063896179
YJR108W,YNL327W,0,-0.30055246,0.07139715552330017,0.4869999885559082,0.633400022983551
YNR007C,YEL013W,1,-0.30058423,0.07153327763080597,0.4880000054836273,0.633400022983551
YLR383W,YHR053C,0,-0.3006529,0.0715227872133255,0.4880000054836273,0.6334999799728394
YNR035C,YBR082C,0,-0.3006617,0.07151231169700623,0.4880000054836273,0.6335999965667725
YPL232W,YGL194C,0,-0.30104184,0.07150182873010635,0.4880000054836273,0.6337000131607056
YNR038W,YDR140W,0,-0.3012014,0.07149135321378708,0.4880000054836273,0.6338000297546387
YGR279C,YLR210W,0,-0.30121285,0.0714808851480484,0.4880000054836273,0.633899986743927
YDR448W,YML062C,0,-0.30135104,0.07147041708230972,0.4880000054836273,0.6340000033378601
YDR038C,YIR019C,0,-0.30153263,0.07145994901657104,0.4880000054836273,0.6341000199317932
YDR153C,YOR359W,1,-0.30156088,0.07159589976072311,0.48899999260902405,0.6341000199317932
YKR065C,YEL013W,1,-0.30161574,0.0717318132519722,0.49000000953674316,0.6341000199317932
YDR255C,YML032C,0,-0.3016315,0.07172130793333054,0.49000000953674316,0.6341999769210815
YMR293C,YPL040C,0,-0.3016382,0.07171081751585007,0.49000000953674316,0.6342999935150146
YEL004W,YNL097C,0,-0.30168575,0.071700319647789,0.49000000953674316,0.6344000101089478
YDR255C,YMR246W,0,-0.3018154,0.07168982923030853,0.49000000953674316,0.6345000267028809
YER173W,YNR030W,0,-0.30183998,0.07167934626340866,0.49000000953674316,0.6345999836921692
YAL068C,YHR194W,0,-0.30187237,0.07166886329650879,0.49000000953674316,0.6347000002861023
YDR320C,YBR118W,0,-0.30191487,0.07165838032960892,0.49000000953674316,0.6348000168800354
YDL047W,YEL071W,0,-0.30202726,0.07164790481328964,0.49000000953674316,0.6348999738693237
YPL196W,YDL143W,0,-0.30220163,0.07163742929697037,0.49000000953674316,0.6349999904632568
YDR436W,YDL231C,0,-0.30220553,0.07162695378065109,0.49000000953674316,0.6351000070571899
YLR221C,YDL013W,0,-0.30238953,0.07161648571491241,0.49000000953674316,0.635200023651123
YER178W,YLL031C,0,-0.30243146,0.07160601764917374,0.49000000953674316,0.6352999806404114
YJL008C,YKR007W,0,-0.30257323,0.07159555703401566,0.49000000953674316,0.6353999972343445
YNL001W,YJR013W,0,-0.30276862,0.07158509641885757,0.49000000953674316,0.6355000138282776
YPL096W,YML132W,0,-0.30279642,0.07157464325428009,0.49000000953674316,0.6355999708175659
YKR020W,YEL013W,1,-0.30286688,0.07171023637056351,0.4909999966621399,0.6355999708175659
YER109C,YIR019C,0,-0.3030691,0.07169976830482483,0.4909999966621399,0.635699987411499
YGR029W,YGR206W,1,-0.3031563,0.07183530181646347,0.492000013589859,0.635699987411499
YDR141C,YGL136C,0,-0.3031791,0.0718248188495636,0.492000013589859,0.6358000040054321
YDL081C,YNL206C,0,-0.30348998,0.07181433588266373,0.492000013589859,0.6359000205993652
YOR239W,YDL160C,0,-0.30350834,0.07180385291576385,0.492000013589859,0.6359999775886536
YJL104W,YBR171W,1,-0.30358145,0.07193929702043533,0.49300000071525574,0.6359999775886536
YDR284C,YOR144C,0,-0.30368423,0.07192879915237427,0.49300000071525574,0.6360999941825867
YNL045W,YPL138C,0,-0.30369708,0.0719183087348938,0.49300000071525574,0.6362000107765198
YCR066W,YKR022C,0,-0.30369708,0.07190781831741333,0.49300000071525574,0.6363000273704529
YIL122W,YLR383W,0,-0.303855,0.07189732789993286,0.49300000071525574,0.6363999843597412
YNL002C,YNL021W,0,-0.30387872,0.07188684493303299,0.49300000071525574,0.6365000009536743
YOL158C,YGL206C,0,-0.30388403,0.07187636941671371,0.49300000071525574,0.6366000175476074
YIL121W,YLR026C,0,-0.3040612,0.07186588644981384,0.49300000071525574,0.6366999745368958
YGR005C,YDL231C,0,-0.3040864,0.07185541838407516,0.49300000071525574,0.6367999911308289
YLR081W,YMR234W,0,-0.3040905,0.07184494286775589,0.49300000071525574,0.636900007724762
YMR039C,YHR023W,0,-0.30423987,0.07183447480201721,0.49300000071525574,0.6370000243186951
YDR052C,YJR137C,0,-0.30428016,0.07182400673627853,0.49300000071525574,0.6370999813079834
YGR214W,YNL243W,0,-0.30429056,0.07181354612112045,0.49300000071525574,0.6371999979019165
YGR286C,YLR383W,0,-0.30429253,0.07180308550596237,0.49300000071525574,0.6373000144958496
YPL051W,YLR107W,0,-0.3043607,0.07179263234138489,0.49300000071525574,0.6373999714851379
YLR394W,YLR210W,0,-0.30438697,0.0717821791768074,0.49300000071525574,0.637499988079071
YIL117C,YDR038C,0,-0.3044059,0.07177172601222992,0.49300000071525574,0.6376000046730042
YDR309C,YBR244W,0,-0.30449802,0.07176128029823303,0.49300000071525574,0.6377000212669373
YNL261W,YDL130W-A,0,-0.30459225,0.07175083458423615,0.49300000071525574,0.6377999782562256
YGR211W,YOR025W,0,-0.30468428,0.07174039632081985,0.49300000071525574,0.6378999948501587
YGL122C,YER024W,0,-0.30490053,0.07172995805740356,0.49300000071525574,0.6380000114440918
YPL160W,YBR185C,0,-0.30496988,0.07171951979398727,0.49300000071525574,0.6381000280380249
YIL009C-A,YMR015C,0,-0.30497134,0.07170908898115158,0.49300000071525574,0.6381999850273132
YPL047W,YDR479C,0,-0.30503073,0.07169866561889648,0.49300000071525574,0.6383000016212463
YER082C,YJL138C,0,-0.30522698,0.07168823480606079,0.49300000071525574,0.6384000182151794
YMR091C,YHL028W,1,-0.30553716,0.07182320207357407,0.49399998784065247,0.6384000182151794
YLL026W,YDR440W,0,-0.3055963,0.07181276381015778,0.49399998784065247,0.6384999752044678
YOR123C,YGL166W,0,-0.30571443,0.07180232554674149,0.49399998784065247,0.6385999917984009
YBR135W,YGR258C,0,-0.30575758,0.0717918872833252,0.49399998784065247,0.638700008392334
YML103C,YLR193C,1,-0.3058316,0.07192676514387131,0.4950000047683716,0.638700008392334
YIL066C,YJR108W,0,-0.3058493,0.07191631197929382,0.4950000047683716,0.6388000249862671
YDR093W,YNR046W,0,-0.30588543,0.07190586626529694,0.4950000047683716,0.6388999819755554
YBR164C,YLR008C,1,-0.30600592,0.07204066962003708,0.4959999918937683,0.6388999819755554
YDR439W,YCR020C,0,-0.30611053,0.072030209004879,0.4959999918937683,0.6389999985694885
YAR007C,YOL095C,0,-0.3062422,0.07201974838972092,0.4959999918937683,0.6391000151634216
YHL028W,YER009W,1,-0.30629548,0.0721544697880745,0.4970000088214874,0.6391000151634216
YDL043C,YBL040C,0,-0.30629554,0.07214399427175522,0.4970000088214874,0.63919997215271
YBR085W,YHR143W-A,0,-0.306327,0.07213352620601654,0.4970000088214874,0.6392999887466431
YHR082C,YDR165W,0,-0.30638555,0.07212305814027786,0.4970000088214874,0.6394000053405762
YAL056W,YOR008C,0,-0.30640888,0.07211259752511978,0.4970000088214874,0.6395000219345093
YHR015W,YKL148C,0,-0.30645055,0.0721021294593811,0.4970000088214874,0.6395999789237976
YCR067C,YML094W,0,-0.30649295,0.07209167629480362,0.4970000088214874,0.6396999955177307
YPR200C,YPR073C,0,-0.3064945,0.07208121567964554,0.4970000088214874,0.6398000121116638
YLR088W,YLR144C,0,-0.30651596,0.07207076251506805,0.4970000088214874,0.6399000287055969
YDR236C,YOR328W,0,-0.30668107,0.07206031680107117,0.4970000088214874,0.6399999856948853
YOR187W,YFL022C,0,-0.3068567,0.07204987108707428,0.4970000088214874,0.6401000022888184
YER005W,YER173W,0,-0.30693978,0.07203942537307739,0.4970000088214874,0.6402000188827515
YOR346W,YKL178C,0,-0.3069957,0.0720289871096611,0.4970000088214874,0.6402999758720398
YGR227W,YJR137C,0,-0.30729014,0.07201854884624481,0.4970000088214874,0.6403999924659729
YHR015W,YPL040C,0,-0.30741918,0.07200811058282852,0.4970000088214874,0.640500009059906
YBL018C,YDR324C,0,-0.30749312,0.07199767976999283,0.4970000088214874,0.6406000256538391
YER109C,YLR051C,0,-0.30750835,0.07198725640773773,0.4970000088214874,0.6406999826431274
YMR128W,YOR153W,0,-0.30756497,0.07197682559490204,0.4970000088214874,0.6407999992370605
YGL122C,YPR051W,0,-0.3076384,0.07196640968322754,0.4970000088214874,0.6409000158309937
YPR183W,YNL090W,0,-0.3076936,0.07195598632097244,0.4970000088214874,0.640999972820282
YGL111W,YNL177C,0,-0.30794913,0.07194557040929794,0.4970000088214874,0.6410999894142151
YER087C-A,YBR164C,1,-0.30810064,0.07207989692687988,0.49799999594688416,0.6410999894142151
YMR172W,YML038C,0,-0.30813688,0.07206946611404419,0.49799999594688416,0.6412000060081482
YER109C,YJR153W,0,-0.30828595,0.0720590353012085,0.49799999594688416,0.6413000226020813
YDR244W,YEL013W,1,-0.30833268,0.07219328731298447,0.49900001287460327,0.6413000226020813
YLR383W,YDR254W,0,-0.3083554,0.07218284159898758,0.49900001287460327,0.6413999795913696
YKL189W,YJL085W,0,-0.30836594,0.07217240333557129,0.49900001287460327,0.6414999961853027
YJR006W,YDL120W,0,-0.30842876,0.072161965072155,0.49900001287460327,0.6416000127792358
YOR188W,YNR047W,0,-0.3084653,0.0721515342593193,0.49900001287460327,0.641700029373169
YNL259C,YHR143W-A,0,-0.30860683,0.07214110344648361,0.49900001287460327,0.6417999863624573
YLR069C,YNL080C,0,-0.30862626,0.07213067263364792,0.49900001287460327,0.6419000029563904
YBR060C,YPL195W,0,-0.3086751,0.07212024927139282,0.49900001287460327,0.6420000195503235
YNL206C,YOL126C,0,-0.3086971,0.07210982590913773,0.49900001287460327,0.6420999765396118
YLR201C,YBR168W,0,-0.3086985,0.07209940999746323,0.49900001287460327,0.6421999931335449
YLR170C,YGR112W,0,-0.3087389,0.07208899408578873,0.49900001287460327,0.642300009727478
YIL154C,YOR113W,0,-0.30882996,0.07207857817411423,0.49900001287460327,0.6424000263214111
YNL206C,YBR132C,0,-0.30884916,0.07206816971302032,0.49900001287460327,0.6424999833106995
YMR296C,YEL029C,0,-0.30895525,0.07205776125192642,0.49900001287460327,0.6425999999046326
YOR148C,YOL142W,0,-0.30897453,0.07204736024141312,0.49900001287460327,0.6427000164985657
YBL074C,YJL133W,0,-0.30911517,0.07203695923089981,0.49900001287460327,0.642799973487854
YDR277C,YDR141C,0,-0.30920884,0.0720265582203865,0.49900001287460327,0.6428999900817871
YOL165C,YDR075W,0,-0.309218,0.0720161646604538,0.49900001287460327,0.6430000066757202
YML093W,YNL021W,0,-0.309237,0.07200577110052109,0.49900001287460327,0.6431000232696533
YJL104W,YDL088C,1,-0.30924976,0.0721396654844284,0.5,0.6431000232696533
YML043C,YEL002C,0,-0.30927783,0.0721292570233345,0.5,0.6431999802589417
YJR077C,YOR267C,0,-0.3093506,0.0721188485622406,0.5,0.6432999968528748
YDR091C,YMR047C,1,-0.30936676,0.07225266844034195,0.5009999871253967,0.6432999968528748
YGR092W,YEL015W,0,-0.30941832,0.07224225252866745,0.5009999871253967,0.6434000134468079
YDR477W,YCL011C,0,-0.30945164,0.07223183661699295,0.5009999871253967,0.6434999704360962
YLR206W,YAL038W,0,-0.3094686,0.07222142070531845,0.5009999871253967,0.6435999870300293
YKL178C,YLR114C,0,-0.30947873,0.07221101224422455,0.5009999871253967,0.6437000036239624
YNL047C,YPL175W,0,-0.30948865,0.07220060378313065,0.5009999871253967,0.6438000202178955
YLR176C,YJL106W,0,-0.3094926,0.07219020277261734,0.5009999871253967,0.6438999772071838
YOL082W,YBR171W,1,-0.3095913,0.07232387363910675,0.5019999742507935,0.6438999772071838
YML124C,YOR020C,0,-0.3096046,0.07231345772743225,0.5019999742507935,0.6439999938011169
YDL052C,YLR068W,0,-0.30960515,0.07230304181575775,0.5019999742507935,0.64410001039505
YDR135C,YNL239W,0,-0.309824,0.07229262590408325,0.5019999742507935,0.6442000269889832
YNL002C,YBR244W,0,-0.30985627,0.07228221744298935,0.5019999742507935,0.6442999839782715
YFR034C,YJL134W,0,-0.30986312,0.07227180898189545,0.5019999742507935,0.6444000005722046
YBR006W,YOL033W,0,-0.30987513,0.07226140797138214,0.5019999742507935,0.6445000171661377
YHL025W,YMR219W,0,-0.31000054,0.07225100696086884,0.5019999742507935,0.644599974155426
YLR005W,YOR025W,0,-0.31012952,0.07224061340093613,0.5019999742507935,0.6446999907493591
YBR142W,YML121W,0,-0.31015426,0.07223021239042282,0.5019999742507935,0.6448000073432922
YPR010C,YBR035C,0,-0.31017256,0.07221982628107071,0.5019999742507935,0.6449000239372253
YLR221C,YJL170C,0,-0.31024578,0.072209432721138,0.5019999742507935,0.6449999809265137
YAL024C,YCR009C,0,-0.31026685,0.07219905406236649,0.5019999742507935,0.6450999975204468
YMR091C,YIL149C,1,-0.31029972,0.0723324716091156,0.503000020980835,0.6450999975204468
YCL034W,YER044C-A,0,-0.31053096,0.0723220705986023,0.503000020980835,0.6452000141143799
YCR084C,YCR092C,0,-0.31053156,0.07231167703866959,0.503000020980835,0.6452999711036682
YGR276C,YLR298C,0,-0.3106897,0.07230127602815628,0.503000020980835,0.6453999876976013
YDR345C,YAL024C,0,-0.31095064,0.07229088991880417,0.503000020980835,0.6455000042915344
YLR431C,YOR232W,1,-0.31104517,0.07242419570684433,0.5040000081062317,0.6455000042915344
YLR329W,YML078W,0,-0.31106776,0.07241379469633102,0.5040000081062317,0.6456000208854675
YAL024C,YNR019W,0,-0.31114,0.07240339368581772,0.5040000081062317,0.6456999778747559
YKL170W,YNL259C,0,-0.31129915,0.07239299267530441,0.5040000081062317,0.645799994468689
YER122C,YAL032C,0,-0.31147456,0.07238259166479111,0.5040000081062317,0.6459000110626221
YMR238W,YGR024C,0,-0.3114891,0.0723721981048584,0.5040000081062317,0.6460000276565552
YPR183W,YHR082C,0,-0.3115809,0.07236181199550629,0.5040000081062317,0.6460999846458435
YKR097W,YAL001C,0,-0.31158143,0.07235141843557358,0.5040000081062317,0.6462000012397766
YDR325W,YAL032C,0,-0.31162274,0.07234103977680206,0.5040000081062317,0.6463000178337097
YBL082C,YGL206C,0,-0.31163353,0.07233065366744995,0.5040000081062317,0.646399974822998
YIR013C,YOL164W,0,-0.31174058,0.07232027500867844,0.5040000081062317,0.6464999914169312
YKL195W,YML103C,1,-0.31174737,0.07245337218046188,0.5049999952316284,0.6464999914169312
YER068W,YBR002C,0,-0.31183258,0.07244297862052917,0.5049999952316284,0.6466000080108643
YNL261W,YDR072C,0,-0.31187108,0.07243258506059647,0.5049999952316284,0.6467000246047974
YPR138C,YMR288W,0,-0.31189573,0.07242219895124435,0.5049999952316284,0.6467999815940857
YMR238W,YMR030W,0,-0.31191638,0.07241181284189224,0.5049999952316284,0.6468999981880188
YNR007C,YKR020W,1,-0.3119226,0.07254480570554733,0.5059999823570251,0.6468999981880188
YKL088W,YLL026W,0,-0.31197903,0.07253440469503403,0.5059999823570251,0.6470000147819519
YER012W,YPL110C,0,-0.3120168,0.07252401113510132,0.5059999823570251,0.6470999717712402
YIL117C,YNL045W,0,-0.31202736,0.07251361757516861,0.5059999823570251,0.6471999883651733
YML113W,YDR177W,0,-0.3120339,0.0725032240152359,0.5059999823570251,0.6473000049591064
YER109C,YGR276C,0,-0.31218132,0.07249283790588379,0.5059999823570251,0.6474000215530396
YKL042W,YFR052W,0,-0.31237158,0.07248245179653168,0.5059999823570251,0.6474999785423279
YOL082W,YGR206W,1,-0.3124853,0.07261529564857483,0.5070000290870667,0.6474999785423279
YLL024C,YGL099W,1,-0.3128186,0.072748102247715,0.5080000162124634,0.6474999785423279
YCR075C,YDR011W,0,-0.312828,0.0727376863360405,0.5080000162124634,0.647599995136261
YCR026C,YJR108W,0,-0.31293526,0.072727270424366,0.5080000162124634,0.6477000117301941
YGL252C,YPL069C,0,-0.31299716,0.0727168619632721,0.5080000162124634,0.6478000283241272
YKL014C,YML109W,0,-0.3130833,0.07270645350217819,0.5080000162124634,0.6478999853134155
YLR176C,YKL200C,0,-0.31309217,0.07269605249166489,0.5080000162124634,0.6480000019073486
YNR035C,YDL081C,0,-0.3131035,0.07268565148115158,0.5080000162124634,0.6481000185012817
YHR061C,YHR023W,0,-0.31316245,0.07267525047063828,0.5080000162124634,0.6481999754905701
YPR073C,YLR129W,0,-0.31323147,0.07266485691070557,0.5080000162124634,0.6482999920845032
YOL147C,YLR069C,0,-0.31331778,0.07265446335077286,0.5080000162124634,0.6484000086784363
YER049W,YLL031C,0,-0.31334227,0.07264406979084015,0.5080000162124634,0.6485000252723694
YLL016W,YFL050C,0,-0.31334636,0.07263368368148804,0.5080000162124634,0.6485999822616577
YML092C,YLR026C,0,-0.31351545,0.07262330502271652,0.5080000162124634,0.6486999988555908
YGL032C,YAL038W,0,-0.3135333,0.07261291891336441,0.5080000162124634,0.6488000154495239
YKL057C,YGL016W,1,-0.3136741,0.07274546474218369,0.5090000033378601,0.6488000154495239
YCR082W,YPL275W,0,-0.31379598,0.07273506373167038,0.5090000033378601,0.6488999724388123
YPR042C,YBL040C,0,-0.31384116,0.07272467762231827,0.5090000033378601,0.6489999890327454
YOR151C,YOR056C,0,-0.3139121,0.07271428406238556,0.5090000033378601,0.6491000056266785
YIL049W,YDR453C,0,-0.31397396,0.07270389795303345,0.5090000033378601,0.6492000222206116
YML055W,YKL057C,1,-0.3140037,0.07283633202314377,0.5099999904632568,0.6492000222206116
YKR099W,YBL057C,0,-0.31401205,0.07282593101263046,0.5099999904632568,0.6492999792098999
YNL225C,YOL054W,0,-0.31425944,0.07281553745269775,0.5099999904632568,0.649399995803833
YCR084C,YOR002W,0,-0.3142778,0.07280513644218445,0.5099999904632568,0.6495000123977661
YNL318C,YPL047W,0,-0.3143766,0.07279475033283234,0.5099999904632568,0.6496000289916992
YDL116W,YGL016W,1,-0.31441003,0.0729270726442337,0.5109999775886536,0.6496000289916992
YML092C,YKL175W,0,-0.3146606,0.0729166641831398,0.5109999775886536,0.6496999859809875
YER111C,YBL051C,0,-0.31472325,0.0729062631726265,0.5109999775886536,0.6498000025749207
YDR341C,YJL052W,0,-0.31475836,0.07289586216211319,0.5109999775886536,0.6499000191688538
YHR066W,YDR479C,0,-0.31483275,0.07288546860218048,0.5109999775886536,0.6499999761581421
YPL161C,YKL203C,0,-0.31497613,0.07287506759166718,0.5109999775886536,0.6500999927520752
YPR138C,YAL030W,0,-0.31500083,0.07286468148231506,0.5109999775886536,0.6502000093460083
YLR319C,YAL002W,0,-0.3150141,0.07285428792238235,0.5109999775886536,0.6503000259399414
YER166W,YPR073C,0,-0.3151204,0.07284390926361084,0.5109999775886536,0.6503999829292297
YLR394W,YKL140W,0,-0.31513757,0.07283352315425873,0.5109999775886536,0.6504999995231628
YLR182W,YGL223C,0,-0.3151743,0.07282314449548721,0.5109999775886536,0.650600016117096
YPL123C,YCL029C,0,-0.3152461,0.0728127658367157,0.5109999775886536,0.6506999731063843
YLR316C,YKL101W,0,-0.3152682,0.07280239462852478,0.5109999775886536,0.6507999897003174
YKR029C,YOL126C,0,-0.31540376,0.07279202342033386,0.5109999775886536,0.6509000062942505
YHR066W,YER061C,0,-0.31541643,0.07278165221214294,0.5109999775886536,0.6510000228881836
YNL259C,YKR099W,0,-0.31545362,0.07277128845453262,0.5109999775886536,0.6510999798774719
YLR009W,YGR024C,0,-0.31552854,0.0727609246969223,0.5109999775886536,0.651199996471405
YKR029C,YCL011C,0,-0.3156904,0.07275056838989258,0.5109999775886536,0.6513000130653381
YPR183W,YPL040C,0,-0.31583005,0.07274021208286285,0.5109999775886536,0.6514000296592712
YDR057W,YDL045C,0,-0.31586975,0.07272986322641373,0.5109999775886536,0.6514999866485596
YHR139C,YBR177C,0,-0.3158791,0.072719506919384,0.5109999775886536,0.6516000032424927
YMR198W,YCL044C,0,-0.3159672,0.07270916551351547,0.5109999775886536,0.6517000198364258
YCL025C,YJL108C,0,-0.31597888,0.07269881665706635,0.5109999775886536,0.6517999768257141
YMR227C,YER147C,0,-0.31604326,0.07268847525119781,0.5109999775886536,0.6518999934196472
YLR193C,YKL143W,1,-0.31612334,0.07282036542892456,0.5120000243186951,0.6518999934196472
YMR172W,YDR069C,0,-0.316191,0.07281000912189484,0.5120000243186951,0.6520000100135803
YHR034C,YOL033W,0,-0.31631514,0.07279966026544571,0.5120000243186951,0.6521000266075134
YDR163W,YOL164W,0,-0.31634885,0.07278931140899658,0.5120000243186951,0.6521999835968018
YOR148C,YFR048W,0,-0.31637493,0.07277896255254745,0.5120000243186951,0.6523000001907349
YIL017C,YEL036C,0,-0.31645715,0.07276862114667892,0.5120000243186951,0.652400016784668
YMR267W,YER095W,0,-0.31648752,0.0727582797408104,0.5120000243186951,0.6524999737739563
YNR038W,YHR053C,0,-0.31651613,0.07274793833494186,0.5120000243186951,0.6525999903678894
YNR047W,YGL233W,0,-0.31663638,0.07273760437965393,0.5120000243186951,0.6527000069618225
YML052W,YDR013W,0,-0.3166718,0.072727270424366,0.5120000243186951,0.6528000235557556
YML121W,YGL120C,0,-0.3167116,0.07271694391965866,0.5120000243186951,0.652899980545044
YDL088C,YKL057C,1,-0.31674913,0.07284862548112869,0.5130000114440918,0.652899980545044
YNL047C,YNL126W,0,-0.31681383,0.07283827662467957,0.5130000114440918,0.652999997138977
YJL085W,YLR145W,0,-0.31683588,0.07282793521881104,0.5130000114440918,0.6531000137329102
YEL004W,YCL034W,0,-0.3168781,0.0728176012635231,0.5130000114440918,0.6531999707221985
YPL028W,YNL047C,0,-0.31708485,0.07280726730823517,0.5130000114440918,0.6532999873161316
YMR234W,YBL040C,0,-0.317209,0.07279693335294724,0.5130000114440918,0.6534000039100647
YML098W,YLR069C,0,-0.31723952,0.0727866068482399,0.5130000114440918,0.6535000205039978
YER087C-A,YOR232W,1,-0.3172536,0.07291814684867859,0.5139999985694885,0.6535000205039978
YML029W,YEL066W,0,-0.31734943,0.07290779799222946,0.5139999985694885,0.6535999774932861
YOR002W,YNL097C,0,-0.31740043,0.07289746403694153,0.5139999985694885,0.6536999940872192
YJL170C,YMR036C,0,-0.3174327,0.072887122631073,0.5139999985694885,0.6538000106811523
YPL267W,YML021C,0,-0.31752002,0.07287678867578506,0.5139999985694885,0.6539000272750854
YOR243C,YEL066W,0,-0.3176475,0.07286646217107773,0.5139999985694885,0.6539999842643738
YLR431C,YPL243W,1,-0.31773478,0.07299787551164627,0.5149999856948853,0.6539999842643738
YDR057W,YMR188C,0,-0.31784594,0.07298752665519714,0.5149999856948853,0.6541000008583069
YDL043C,YGL120C,0,-0.31786278,0.07297718524932861,0.5149999856948853,0.65420001745224
YDL028C,YPL047W,0,-0.31801826,0.07296684384346008,0.5149999856948853,0.6542999744415283
YMR227C,YPL040C,0,-0.31801853,0.07295650988817215,0.5149999856948853,0.6543999910354614
YFR029W,YAL034W-A,0,-0.3180336,0.07294617593288422,0.5149999856948853,0.6545000076293945
YKL192C,YOR056C,0,-0.3180983,0.07293584197759628,0.5149999856948853,0.6546000242233276
YLR084C,YGR186W,0,-0.31816015,0.07292551547288895,0.5149999856948853,0.654699981212616
YMR153W,YOL082W,1,-0.3186251,0.07305677235126495,0.515999972820282,0.654699981212616
YBR102C,YBR257W,0,-0.31875798,0.07304643094539642,0.515999972820282,0.6547999978065491
YIL017C,YGL233W,0,-0.3188023,0.07303609699010849,0.515999972820282,0.6549000144004822
YBR058C,YMR219W,0,-0.31882197,0.07302575558423996,0.515999972820282,0.6549999713897705
YJL087C,YOR002W,0,-0.31885737,0.07301542162895203,0.515999972820282,0.6550999879837036
YGL120C,YPL011C,0,-0.3188857,0.07300509512424469,0.515999972820282,0.6552000045776367
YNL097C,YGL048C,0,-0.31890994,0.07299476861953735,0.515999972820282,0.6553000211715698
YLR423C,YBR135W,0,-0.31901696,0.07298444211483002,0.515999972820282,0.6553999781608582
YJL033W,YCR009C,0,-0.3190537,0.07297412306070328,0.515999972820282,0.6554999947547913
YLR081W,YHL003C,0,-0.31924182,0.07296380400657654,0.515999972820282,0.6556000113487244
YGR262C,YHR085W,0,-0.31925654,0.0729534849524498,0.515999972820282,0.6557000279426575
YML038C,YCR028C-A,0,-0.31929618,0.07294317334890366,0.515999972820282,0.6557999849319458
YNR019W,YNL015W,0,-0.31930548,0.07293286174535751,0.515999972820282,0.6559000015258789
YMR227C,YMR183C,0,-0.31936148,0.07292255759239197,0.515999972820282,0.656000018119812
YDR325W,YLL026W,0,-0.3198472,0.07291225343942642,0.515999972820282,0.6560999751091003
YBR161W,YLR167W,0,-0.31985602,0.07290194928646088,0.515999972820282,0.6561999917030334
YJL069C,YCR033W,0,-0.3198831,0.07289165258407593,0.515999972820282,0.6563000082969666
YBR084W,YOR288C,0,-0.31989503,0.07288135588169098,0.515999972820282,0.6564000248908997
YDL028C,YPL069C,0,-0.31992677,0.07287106662988663,0.515999972820282,0.656499981880188
YOL091W,YDR093W,0,-0.31993285,0.07286077737808228,0.515999972820282,0.6565999984741211
YER082C,YLL043W,0,-0.3199854,0.07285048812627792,0.515999972820282,0.6567000150680542
YML051W,YDL102W,0,-0.32004064,0.07284020632505417,0.515999972820282,0.6567999720573425
YDR283C,YLR026C,0,-0.32004157,0.07282992452383041,0.515999972820282,0.6568999886512756
YPL196W,YJL176C,0,-0.32016224,0.07281964272260666,0.515999972820282,0.6570000052452087
YHR005C,YLR383W,0,-0.3202099,0.0728093683719635,0.515999972820282,0.6571000218391418
YBR288C,YPR067W,0,-0.3204132,0.07279909402132034,0.515999972820282,0.6571999788284302
YPL147W,YAR033W,0,-0.32042402,0.07278882712125778,0.515999972820282,0.6572999954223633
YMR077C,YML116W,0,-0.32060045,0.07277856022119522,0.515999972820282,0.6574000120162964
YHL025W,YJL008C,0,-0.3206397,0.07276830077171326,0.515999972820282,0.6575000286102295
YDL155W,YMR080C,0,-0.3206579,0.0727580338716507,0.515999972820282,0.6575999855995178
YOR304W,YJR031C,0,-0.32070172,0.07274778187274933,0.515999972820282,0.6577000021934509
YMR188C,YGL233W,0,-0.3207071,0.07273752242326736,0.515999972820282,0.657800018787384
YML103C,YER009W,1,-0.32076243,0.0728682205080986,0.5170000195503235,0.657800018787384
YLR430W,YNR044W,0,-0.3208409,0.07285794615745544,0.5170000195503235,0.6578999757766724
YGL099W,YHR005C-A,1,-0.32084465,0.0729885846376419,0.5180000066757202,0.6578999757766724
YBL079W,YGL097W,1,-0.32086602,0.07311918586492538,0.5189999938011169,0.6578999757766724
YFL004W,YPL153C,0,-0.32087165,0.07310888916254044,0.5189999938011169,0.6579999923706055
YHR070W,YNR056C,0,-0.3208941,0.07309859246015549,0.5189999938011169,0.6581000089645386
YBR102C,YER049W,0,-0.320955,0.07308829575777054,0.5189999938011169,0.6582000255584717
YBL082C,YOL054W,0,-0.32097283,0.07307800650596619,0.5189999938011169,0.65829998254776
YOR239W,YDR075W,0,-0.32097387,0.07306771725416183,0.5189999938011169,0.6583999991416931
YBL035C,YGR186W,0,-0.3210334,0.07305743545293808,0.5189999938011169,0.6585000157356262
YPR132W,YML098W,0,-0.32104146,0.07304714620113373,0.5189999938011169,0.6585999727249146
YBR210W,YBL035C,0,-0.32124308,0.07303687185049057,0.5189999938011169,0.6586999893188477
YMR182C,YPL161C,0,-0.32129228,0.07302659004926682,0.5189999938011169,0.6588000059127808
YPL159C,YPL011C,0,-0.3213464,0.07301632314920425,0.5189999938011169,0.6589000225067139
YGL155W,YNL054W,0,-0.32147163,0.0730060487985611,0.5189999938011169,0.6589999794960022
YMR065W,YDR484W,0,-0.32155016,0.07299578189849854,0.5189999938011169,0.6590999960899353
YGL032C,YDR507C,0,-0.3216951,0.07298551499843597,0.5189999938011169,0.6592000126838684
YGR225W,YER018C,0,-0.32172325,0.07297525554895401,0.5189999938011169,0.6593000292778015
YJL170C,YLR145W,0,-0.32197475,0.07296499609947205,0.5189999938011169,0.6593999862670898
YER001W,YKR060W,0,-0.322002,0.07295473664999008,0.5189999938011169,0.659500002861023
YHR075C,YMR234W,0,-0.32201412,0.07294448465108871,0.5189999938011169,0.659600019454956
YMR073C,YPL010W,0,-0.32210603,0.07293423265218735,0.5189999938011169,0.6596999764442444
YPL161C,YDR453C,0,-0.3221348,0.07292398810386658,0.5189999938011169,0.6597999930381775
YGR029W,YDR292C,1,-0.32213762,0.0730542317032814,0.5199999809265137,0.6597999930381775
YMR033W,YPL053C,0,-0.32217535,0.07304396480321884,0.5199999809265137,0.6599000096321106
YLR023C,YPL106C,0,-0.3222047,0.07303370535373688,0.5199999809265137,0.6600000262260437
YLL043W,YGR285C,0,-0.32223073,0.07302345335483551,0.5199999809265137,0.660099983215332
YDR283C,YDR165W,0,-0.32251465,0.07301320135593414,0.5199999809265137,0.6601999998092651
YLR182W,YNL177C,0,-0.32252312,0.07300294935703278,0.5199999809265137,0.6603000164031982
YML011C,YGR161C,0,-0.3225712,0.07299269735813141,0.5199999809265137,0.6603999733924866
YFR048W,YDR140W,0,-0.32260403,0.07298245280981064,0.5199999809265137,0.6604999899864197
YKL178C,YKL179C,0,-0.3226914,0.07297221571207047,0.5199999809265137,0.6606000065803528
YIL079C,YJL138C,0,-0.32271934,0.07296197861433029,0.5199999809265137,0.6607000231742859
YMR060C,YGR097W,0,-0.32296598,0.07295174151659012,0.5199999809265137,0.6607999801635742
YDL100C,YLR134W,0,-0.3229665,0.07294150441884995,0.5199999809265137,0.6608999967575073
YNL294C,YCR028C-A,0,-0.32308564,0.07293127477169037,0.5199999809265137,0.6610000133514404
YCL001W,YCR020C,0,-0.32311743,0.07292105257511139,0.5199999809265137,0.6610999703407288
YNL318C,YCR033W,0,-0.32319188,0.07291082292795181,0.5199999809265137,0.6611999869346619
YKL148C,YMR288W,0,-0.32331857,0.07290060073137283,0.5199999809265137,0.661300003528595
YLR098C,YBR170C,0,-0.32335883,0.07289038598537445,0.5199999809265137,0.6614000201225281
YAL026C,YOL128C,0,-0.3234063,0.07288017123937607,0.5199999809265137,0.6614999771118164
YIR013C,YER018C,0,-0.3235721,0.07286995649337769,0.5199999809265137,0.6615999937057495
YDL088C,YER009W,1,-0.3236501,0.07299985736608505,0.5210000276565552,0.6615999937057495
YBR253W,YJR006W,0,-0.32374007,0.07298963516950607,0.5210000276565552,0.6617000102996826
YGR005C,YPL047W,0,-0.3239249,0.0729794055223465,0.5210000276565552,0.6618000268936157
YDR091C,YNL059C,1,-0.3239345,0.07310924679040909,0.5220000147819519,0.6618000268936157
YDL155W,YBL057C,0,-0.32402873,0.07309900224208832,0.5220000147819519,0.661899983882904
YMR172W,YNL062C,0,-0.3240332,0.07308877259492874,0.5220000147819519,0.6620000004768372
YPR042C,YOL042W,0,-0.324042,0.07307853549718857,0.5220000147819519,0.6621000170707703
YPL028W,YIL154C,0,-0.3243745,0.07306830585002899,0.5220000147819519,0.6621999740600586
YPR067W,YDL015C,0,-0.32447433,0.07305808365345001,0.5220000147819519,0.6622999906539917
YJL010C,YER109C,0,-0.32469445,0.07304786145687103,0.5220000147819519,0.6624000072479248
YEL071W,YPL097W,0,-0.32469767,0.07303763926029205,0.5220000147819519,0.6625000238418579
YNR011C,YLR363C,0,-0.32490304,0.07302741706371307,0.5220000147819519,0.6625999808311462
YGR092W,YGR007W,0,-0.3249125,0.07301720231771469,0.5220000147819519,0.6626999974250793
YNR007C,YHL028W,1,-0.32493848,0.07314684987068176,0.5230000019073486,0.6626999974250793
YLR009W,YKL166C,0,-0.32496443,0.07313662767410278,0.5230000019073486,0.6628000140190125
YAL009W,YDR484W,0,-0.32524228,0.0731263980269432,0.5230000019073486,0.6628999710083008
YMR016C,YHR150W,0,-0.32530874,0.07311617583036423,0.5230000019073486,0.6629999876022339
YBR265W,YJL145W,0,-0.32535663,0.07310595363378525,0.5230000019073486,0.663100004196167
YLR005W,YHR150W,0,-0.325362,0.07309573888778687,0.5230000019073486,0.6632000207901001
YER009W,YGL097W,1,-0.32542807,0.07322526723146439,0.5239999890327454,0.6632000207901001
YEL004W,YKL173W,0,-0.32549864,0.07321503758430481,0.5239999890327454,0.6632999777793884
YDR255C,YKR024C,0,-0.3255489,0.07320480793714523,0.5239999890327454,0.6633999943733215
YOR232W,YHL028W,1,-0.32564133,0.07333426177501678,0.5249999761581421,0.6633999943733215
YLR098C,YDR141C,0,-0.3256809,0.07332402467727661,0.5249999761581421,0.6635000109672546
YLR075W,YJR013W,0,-0.32587498,0.07331378012895584,0.5249999761581421,0.6636000275611877
YBR257W,YLR145W,0,-0.3260434,0.07330354303121567,0.5249999761581421,0.6636999845504761
YGL078C,YML107C,0,-0.32613233,0.07329331338405609,0.5249999761581421,0.6638000011444092
YER166W,YGR112W,0,-0.32613882,0.07328308373689651,0.5249999761581421,0.6639000177383423
YMR033W,YAL034W-A,0,-0.326237,0.07327285408973694,0.5249999761581421,0.6639999747276306
YGR156W,YGL048C,0,-0.3262968,0.07326263189315796,0.5249999761581421,0.6640999913215637
YBR058C,YMR065W,0,-0.32631356,0.07325240969657898,0.5249999761581421,0.6642000079154968
YGR157W,YDR140W,0,-0.32640612,0.0732421875,0.5249999761581421,0.6643000245094299
YKL194C,YDR353W,0,-0.32646328,0.07323197275400162,0.5249999761581421,0.6643999814987183
YMR219W,YGR024C,0,-0.32649228,0.07322175800800323,0.5249999761581421,0.6644999980926514
YKR061W,YML032C,0,-0.326589,0.07321154326200485,0.5249999761581421,0.6646000146865845
YOL069W,YNR056C,0,-0.3266471,0.07320133596658707,0.5249999761581421,0.6646999716758728
YHR066W,YML099C,0,-0.3266559,0.07319113612174988,0.5249999761581421,0.6647999882698059
YFR002W,YGL099W,1,-0.32665625,0.07332032173871994,0.5260000228881836,0.6647999882698059
YBL074C,YDR075W,0,-0.32677013,0.07331010699272156,0.5260000228881836,0.664900004863739
YOR187W,YPR067W,0,-0.32680088,0.07329988479614258,0.5260000228881836,0.6650000214576721
YOR207C,YPL040C,0,-0.32692057,0.07328967750072479,0.5260000228881836,0.6650999784469604
YDR227W,YMR030W,0,-0.3269233,0.07327946275472641,0.5260000228881836,0.6651999950408936
YJL010C,YOR153W,0,-0.32699734,0.07326925545930862,0.5260000228881836,0.6653000116348267
YPR042C,YDR295C,0,-0.3271551,0.07325905561447144,0.5260000228881836,0.6654000282287598
YJL108C,YLR410W,0,-0.32723016,0.07324884831905365,0.5260000228881836,0.6654999852180481
YGR179C,YOR355W,0,-0.32733214,0.07323864847421646,0.5260000228881836,0.6656000018119812
YLR410W,YHR118C,0,-0.32742426,0.07322845607995987,0.5260000228881836,0.6657000184059143
YHR061C,YGR276C,0,-0.3274649,0.07321826368570328,0.5260000228881836,0.6657999753952026
YIR015W,YMR198W,0,-0.32757747,0.07320807129144669,0.5260000228881836,0.6658999919891357
YLR313C,YNL326C,0,-0.32774103,0.07319788634777069,0.5260000228881836,0.6660000085830688
YML121W,YIL002C,0,-0.32786036,0.0731877014040947,0.5260000228881836,0.666100025177002
YML132W,YLR023C,0,-0.32798123,0.0731775164604187,0.5260000228881836,0.6661999821662903
YGR227W,YGL021W,0,-0.32814077,0.0731673389673233,0.5260000228881836,0.6662999987602234
YNL047C,YKL178C,0,-0.3281745,0.0731571614742279,0.5260000228881836,0.6664000153541565
YER024W,YPL228W,0,-0.32821137,0.0731469914317131,0.5260000228881836,0.6664999723434448
YCL016C,YGL227W,0,-0.32833248,0.0731368213891983,0.5260000228881836,0.6665999889373779
YGR214W,YPL283C,0,-0.3284077,0.0731266513466835,0.5260000228881836,0.666700005531311
YOR346W,YLR350W,0,-0.32842234,0.0731164887547493,0.5260000228881836,0.6668000221252441
YLR361C,YDR308C,0,-0.32853204,0.0731063261628151,0.5260000228881836,0.6668999791145325
YLR276C,YGR024C,0,-0.32868683,0.07309616357088089,0.5260000228881836,0.6669999957084656
YGL033W,YDL004W,0,-0.32871413,0.07308600842952728,0.5260000228881836,0.6671000123023987
YOR008C,YBR118W,0,-0.32871994,0.07307585328817368,0.5260000228881836,0.6672000288963318
YIL002C,YGR075C,0,-0.32876378,0.07306570559740067,0.5260000228881836,0.6672999858856201
YDL116W,YLL024C,1,-0.32885927,0.07319444417953491,0.5270000100135803,0.6672999858856201
YER109C,YOR224C,0,-0.32898784,0.07318428158760071,0.5270000100135803,0.6674000024795532
YDR345C,YML081C-A,0,-0.3290216,0.0731741189956665,0.5270000100135803,0.6675000190734863
YBR084W,YDL130W,0,-0.32908228,0.0731639564037323,0.5270000100135803,0.6675999760627747
YBL058W,YOR123C,0,-0.32920668,0.07315380126237869,0.5270000100135803,0.6676999926567078
YGR092W,YIL033C,0,-0.329208,0.07314365357160568,0.5270000100135803,0.6678000092506409
YPR033C,YML062C,0,-0.32925588,0.07313349843025208,0.5270000100135803,0.667900025844574
YNL078W,YKL203C,0,-0.32931668,0.07312335073947906,0.5270000100135803,0.6679999828338623
YAL034W-A,YDR545W,0,-0.32936737,0.07311321049928665,0.5270000100135803,0.6680999994277954
YIL009C-A,YFL025C,0,-0.32946506,0.07310306280851364,0.5270000100135803,0.6682000160217285
YBL051C,YNL126W,0,-0.32949862,0.07309293001890182,0.5270000100135803,0.6682999730110168
YDR484W,YIL033C,0,-0.32965147,0.07308278977870941,0.5270000100135803,0.66839998960495
YPL137C,YOL165C,0,-0.32982275,0.0730726569890976,0.5270000100135803,0.6685000061988831
YMR060C,YGR005C,0,-0.32988167,0.07306252419948578,0.5270000100135803,0.6686000227928162
YBR210W,YLR129W,0,-0.32989168,0.07305239886045456,0.5270000100135803,0.6686999797821045
YPL096W,YBR177C,0,-0.32990217,0.07304227352142334,0.5270000100135803,0.6687999963760376
YNL047C,YHR070W,0,-0.33001465,0.07303214818239212,0.5270000100135803,0.6689000129699707
YHR190W,YPR065W,0,-0.33005363,0.0730220302939415,0.5270000100135803,0.6690000295639038
YLR430W,YEL050C,0,-0.33008367,0.07301191240549088,0.5270000100135803,0.6690999865531921
YNR035C,YOR020C,0,-0.3301841,0.07300180196762085,0.5270000100135803,0.6692000031471252
YMR308C,YDR192C,1,-0.3302852,0.07313019037246704,0.527999997138977,0.6692000031471252
YNL327W,YBR092C,0,-0.33033812,0.07312006503343582,0.527999997138977,0.6693000197410583
YAL030W,YHR008C,0,-0.33064395,0.0731099396944046,0.527999997138977,0.6693999767303467
YNL197C,YAL038W,0,-0.33074287,0.07309982180595398,0.527999997138977,0.6694999933242798
YPL181W,YBR211C,0,-0.3308363,0.07308970391750336,0.527999997138977,0.6696000099182129
YOR249C,YDR052C,0,-0.33085987,0.07307958602905273,0.527999997138977,0.669700026512146
YOR338W,YOL164W,0,-0.33086362,0.07306946814060211,0.527999997138977,0.6697999835014343
YER068W,YGR157W,0,-0.33096135,0.07305935770273209,0.527999997138977,0.6699000000953674
YPL175W,YGL120C,0,-0.33102423,0.07304925471544266,0.527999997138977,0.6700000166893005
YDR057W,YFR041C,0,-0.33115447,0.07303914427757263,0.527999997138977,0.6700999736785889
YFR002W,YOR359W,1,-0.33117962,0.0731673613190651,0.5289999842643738,0.6700999736785889
YNL262W,YGL257C,0,-0.33119953,0.07315723598003387,0.5289999842643738,0.670199990272522
YCL016C,YEL029C,0,-0.33124334,0.07314712554216385,0.5289999842643738,0.6703000068664551
YAR019C,YOR355W,0,-0.33126825,0.07313700765371323,0.5289999842643738,0.6704000234603882
YBR288C,YHR023W,0,-0.33127427,0.0731268972158432,0.5289999842643738,0.6704999804496765
YMR150C,YDR495C,1,-0.3313123,0.0732550099492073,0.5299999713897705,0.6704999804496765
YPL196W,YLR068W,0,-0.33141536,0.07324488461017609,0.5299999713897705,0.6705999970436096
YLR206W,YGL233W,0,-0.33147645,0.07323476672172546,0.5299999713897705,0.6707000136375427
YKR022C,YBR211C,0,-0.33153516,0.07322464883327484,0.5299999713897705,0.670799970626831
YML021C,YBR135W,0,-0.3315799,0.07321453094482422,0.5299999713897705,0.6708999872207642
YGR258C,YFR027W,0,-0.33160102,0.0732044205069542,0.5299999713897705,0.6710000038146973
YCR009C,YKL017C,0,-0.33169806,0.07319431006908417,0.5299999713897705,0.6711000204086304
YDL052C,YNL094W,0,-0.33189857,0.07318419963121414,0.5299999713897705,0.6711999773979187
YBR057C,YMR075W,0,-0.33199486,0.07317409664392471,0.5299999713897705,0.6712999939918518
YMR047C,YKL195W,1,-0.3320982,0.07330204546451569,0.531000018119812,0.6712999939918518
YPR198W,YKL062W,0,-0.3321213,0.07329192757606506,0.531000018119812,0.6714000105857849
YOR209C,YML052W,0,-0.33220255,0.07328180968761444,0.531000018119812,0.671500027179718
YPR042C,YBR161W,0,-0.33225182,0.07327169924974442,0.531000018119812,0.6715999841690063
YLR069C,YMR044W,0,-0.33226827,0.07326158881187439,0.531000018119812,0.6717000007629395
YIL017C,YML058W,0,-0.33227485,0.07325148582458496,0.531000018119812,0.6718000173568726
YJR121W,YKL179C,0,-0.33239228,0.07324138283729553,0.531000018119812,0.6718999743461609
YGL187C,YOL068C,0,-0.3324548,0.0732312798500061,0.531000018119812,0.671999990940094
YPL175W,YLR130C,0,-0.33250386,0.07322117686271667,0.531000018119812,0.6721000075340271
YCR102C,YPL110C,0,-0.33260107,0.07321108877658844,0.531000018119812,0.6722000241279602
YDL116W,YBR171W,1,-0.33277938,0.07333884388208389,0.5320000052452087,0.6722000241279602
YGL071W,YOR245C,0,-0.33278763,0.07332874089479446,0.5320000052452087,0.6722999811172485
YAL022C,YFL022C,0,-0.33283213,0.07331863045692444,0.5320000052452087,0.6723999977111816
YBR060C,YNL225C,0,-0.3328328,0.07330852746963501,0.5320000052452087,0.6725000143051147
YHR020W,YJL052W,0,-0.3329448,0.07329843193292618,0.5320000052452087,0.6725999712944031
YHL024W,YKR009C,0,-0.3330858,0.07328832894563675,0.5320000052452087,0.6726999878883362
YJL010C,YML099C,0,-0.3331239,0.07327823340892792,0.5320000052452087,0.6728000044822693
YDR182W,YPL159C,0,-0.3331255,0.07326814532279968,0.5320000052452087,0.6729000210762024
YMR283C,YER020W,0,-0.33320373,0.07325805723667145,0.5320000052452087,0.6729999780654907
YDR457W,YLR155C,0,-0.33343402,0.07324796915054321,0.5320000052452087,0.6730999946594238
YJL010C,YDR283C,0,-0.3334685,0.07323788851499557,0.5320000052452087,0.6732000112533569
YCL044C,YDR435C,0,-0.33361012,0.07322780787944794,0.5320000052452087,0.67330002784729
YPL161C,YHR152W,0,-0.33363265,0.0732177272439003,0.5320000052452087,0.6733999848365784
YER049W,YLR265C,0,-0.33369857,0.07320765405893326,0.5320000052452087,0.6735000014305115
YML103C,YCL038C,1,-0.33385843,0.07333517074584961,0.5329999923706055,0.6735000014305115
YPL053C,YER024W,0,-0.33394486,0.07332508265972137,0.5329999923706055,0.6736000180244446
YMR150C,YNL070W,1,-0.33395588,0.07345254719257355,0.5339999794960022,0.6736000180244446
YKR065C,YNL059C,1,-0.33399078,0.07357997447252274,0.5350000262260437,0.6736000180244446
YGR289C,YKL062W,0,-0.3341008,0.07356985658407211,0.5350000262260437,0.6736999750137329
YDR013W,YMR268C,0,-0.33412623,0.07355973869562149,0.5350000262260437,0.673799991607666
YMR198W,YNL256W,0,-0.334589,0.07354962825775146,0.5350000262260437,0.6739000082015991
YDR177W,YML062C,0,-0.3346839,0.07353951781988144,0.5350000262260437,0.6740000247955322
YDL013W,YER008C,0,-0.33490884,0.07352941483259201,0.5350000262260437,0.6740999817848206
YDR172W,YGR147C,0,-0.33496806,0.07351930439472198,0.5350000262260437,0.6741999983787537
YBR136W,YKR028W,0,-0.33500445,0.07350920885801315,0.5350000262260437,0.6743000149726868
YDR052C,YCR092C,0,-0.3350289,0.07349910587072372,0.5350000262260437,0.6743999719619751
YDR435C,YEL002C,0,-0.3350657,0.07348901033401489,0.5350000262260437,0.6744999885559082
YLR376C,YDL079C,0,-0.33512613,0.07347891479730606,0.5350000262260437,0.6746000051498413
YOL090W,YPR183W,0,-0.33518386,0.07346882671117783,0.5350000262260437,0.6747000217437744
YMR077C,YIL154C,0,-0.3352371,0.07345873862504959,0.5350000262260437,0.6747999787330627
YOR123C,YLR107W,0,-0.33524558,0.07344865798950195,0.5350000262260437,0.6748999953269958
YDR284C,YML058W-A,0,-0.3353408,0.07343856990337372,0.5350000262260437,0.675000011920929
YHL025W,YOL069W,0,-0.3354036,0.07342849671840668,0.5350000262260437,0.6751000285148621
YJR090C,YKL101W,0,-0.33552372,0.07341841608285904,0.5350000262260437,0.6751999855041504
YPL096W,YJL026W,0,-0.33556223,0.073408342897892,0.5350000262260437,0.6753000020980835
YJL173C,YDL130W,0,-0.33561084,0.07339826971292496,0.5350000262260437,0.6754000186920166
YPL262W,YOL042W,0,-0.33570948,0.07338820397853851,0.5350000262260437,0.6754999756813049
YNL126W,YBR082C,0,-0.33571407,0.07337813824415207,0.5350000262260437,0.675599992275238
YLR023C,YBL040C,0,-0.3358481,0.07336807250976562,0.5350000262260437,0.6757000088691711
YLL043W,YOR002W,0,-0.335849,0.07335801422595978,0.5350000262260437,0.6758000254631042
YDR299W,YLR265C,0,-0.33587956,0.07334795594215393,0.5350000262260437,0.6758999824523926
YHR084W,YOR355W,0,-0.33594507,0.07333790510892868,0.5350000262260437,0.6759999990463257
YPR065W,YPR201W,0,-0.33595014,0.07332785427570343,0.5350000262260437,0.6761000156402588
YOL067C,YKL166C,0,-0.33603877,0.07331780344247818,0.5350000262260437,0.6761999726295471
YCR075C,YPR067W,0,-0.33609778,0.07330775260925293,0.5350000262260437,0.6762999892234802
YDR172W,YPL069C,0,-0.33612984,0.07329770922660828,0.5350000262260437,0.6764000058174133
YPL041C,YGR147C,0,-0.3361512,0.07328767329454422,0.5350000262260437,0.6765000224113464
YOR132W,YOR328W,0,-0.33623102,0.07327762991189957,0.5350000262260437,0.6765999794006348
YER009W,YNL059C,1,-0.3365649,0.07340454310178757,0.5360000133514404,0.6765999794006348
YER042W,YLR167W,0,-0.33665287,0.07339449226856232,0.5360000133514404,0.6766999959945679
YPL243W,YDR086C,1,-0.3367016,0.07352136075496674,0.5370000004768372,0.6766999959945679
YHR188C,YER024W,0,-0.33671105,0.07351129502058029,0.5370000004768372,0.676800012588501
YMR047C,YKR020W,1,-0.33699784,0.07363810390233994,0.5379999876022339,0.676800012588501
YDR320C,YDR038C,0,-0.33704036,0.0736280307173729,0.5379999876022339,0.6769000291824341
YER145C,YAL026C,0,-0.33708936,0.07361795008182526,0.5379999876022339,0.6769999861717224
YBR256C,YML058W-A,0,-0.3371068,0.07360788434743881,0.5379999876022339,0.6771000027656555
YLR176C,YER049W,0,-0.33713412,0.07359781116247177,0.5379999876022339,0.6772000193595886
YML092C,YDR448W,0,-0.33714056,0.07358774542808533,0.5379999876022339,0.677299976348877
YCR026C,YGR262C,0,-0.33715504,0.07357767969369888,0.5379999876022339,0.6773999929428101
YMR288W,YNL090W,0,-0.3371697,0.07356762140989304,0.5379999876022339,0.6775000095367432
YKL192C,YHL003C,0,-0.33731854,0.07355756312608719,0.5379999876022339,0.6776000261306763
YCR082W,YOL068C,0,-0.33742708,0.07354750484228134,0.5379999876022339,0.6776999831199646
YBR253W,YMR183C,0,-0.33744508,0.07353745400905609,0.5379999876022339,0.6777999997138977
YOL011W,YOR008C,0,-0.33745486,0.07352740317583084,0.5379999876022339,0.6779000163078308
YDL007W,YFL039C,0,-0.337464,0.07351735234260559,0.5379999876022339,0.6779999732971191
YPR042C,YIL154C,0,-0.33749977,0.07350730895996094,0.5379999876022339,0.6780999898910522
YER087C-A,YHR005C-A,1,-0.337606,0.07363387942314148,0.5389999747276306,0.6780999898910522
YHL025W,YPL011C,0,-0.33769614,0.07362382113933563,0.5389999747276306,0.6782000064849854
YLR075W,YDL120W,0,-0.3377031,0.07361377030611038,0.5389999747276306,0.6783000230789185
YBR006W,YJL008C,0,-0.3377598,0.07360371202230453,0.5389999747276306,0.6783999800682068
YNL225C,YJL176C,0,-0.33778095,0.07359366118907928,0.5389999747276306,0.6784999966621399
YDL007W,YOR267C,0,-0.33779514,0.07358361780643463,0.5389999747276306,0.678600013256073
YOR355W,YEL029C,0,-0.33779907,0.07357357442378998,0.5389999747276306,0.6786999702453613
YJR031C,YOL128C,0,-0.3378275,0.07356353104114532,0.5389999747276306,0.6787999868392944
YHR006W,YLR394W,0,-0.3379074,0.07355349510908127,0.5389999747276306,0.6789000034332275
YJL008C,YDR225W,0,-0.3379628,0.07354345917701721,0.5389999747276306,0.6790000200271606
YMR026C,YKL195W,1,-0.3382095,0.07366985082626343,0.5400000214576721,0.6790000200271606
YHR190W,YBR077C,0,-0.3382229,0.07365979999303818,0.5400000214576721,0.679099977016449
YOR243C,YMR268C,0,-0.3382528,0.07364975661039352,0.5400000214576721,0.6791999936103821
YGL022W,YDR251W,0,-0.33859137,0.07363971322774887,0.5400000214576721,0.6793000102043152
YLR313C,YBL003C,0,-0.33861828,0.07362966984510422,0.5400000214576721,0.6794000267982483
YKR009C,YGL233W,0,-0.33871534,0.07361963391304016,0.5400000214576721,0.6794999837875366
YBR170C,YKL017C,0,-0.33877194,0.0736095979809761,0.5400000214576721,0.6796000003814697
YBR228W,YOR025W,0,-0.33894292,0.07359956204891205,0.5400000214576721,0.6797000169754028
YOR249C,YLR098C,0,-0.33900398,0.07358953356742859,0.5400000214576721,0.6797999739646912
YOR081C,YKL062W,0,-0.33923924,0.07357950508594513,0.5400000214576721,0.6798999905586243
YBL058W,YLR145W,0,-0.33931285,0.07356948405504227,0.5400000214576721,0.6800000071525574
YGR286C,YDR311W,0,-0.33935,0.0735594630241394,0.5400000214576721,0.6801000237464905
YMR182C,YER005W,0,-0.3394893,0.07354944199323654,0.5400000214576721,0.6801999807357788
YHR188C,YLR117C,0,-0.33951572,0.07353942841291428,0.5400000214576721,0.6802999973297119
YKL042W,YHR129C,0,-0.33956513,0.07352941483259201,0.5400000214576721,0.680400013923645
YDR513W,YGR258C,0,-0.33966926,0.07351940125226974,0.5400000214576721,0.6804999709129333
YNL153C,YER145C,0,-0.3396936,0.07350939512252808,0.5400000214576721,0.6805999875068665
YJR077C,YLR155C,0,-0.33970985,0.07349938899278641,0.5400000214576721,0.6807000041007996
YKR072C,YDR179C,0,-0.33976433,0.07348938286304474,0.5400000214576721,0.6808000206947327
YGR217W,YKL166C,0,-0.33977804,0.07347938418388367,0.5400000214576721,0.680899977684021
YJL026W,YHR082C,0,-0.3399177,0.0734693855047226,0.5400000214576721,0.6809999942779541
YDR449C,YNL047C,0,-0.3400762,0.07345939427614212,0.5400000214576721,0.6811000108718872
YPR201W,YIL154C,0,-0.34011388,0.07344940304756165,0.5400000214576721,0.6812000274658203
YER020W,YDR011W,0,-0.34020737,0.07343941181898117,0.5400000214576721,0.6812999844551086
YDL116W,YLR193C,1,-0.34024203,0.07356540858745575,0.5410000085830688,0.6812999844551086
YGL246C,YHR070W,0,-0.3404352,0.07355540245771408,0.5410000085830688,0.6814000010490417
YMR097C,YKL192C,0,-0.34045738,0.07354540377855301,0.5410000085830688,0.6815000176429749
YKL081W,YEL029C,0,-0.3406328,0.07353540509939194,0.5410000085830688,0.6815999746322632
YEL004W,YDL015C,0,-0.340661,0.07352541387081146,0.5410000085830688,0.6816999912261963
YLR292C,YOL082W,1,-0.34066248,0.07365131378173828,0.5419999957084656,0.6816999912261963
YCL038C,YGL097W,1,-0.34068412,0.07377717643976212,0.5429999828338623,0.6816999912261963
YLR265C,YAL032C,0,-0.34079778,0.07376714795827866,0.5429999828338623,0.6818000078201294
YOR232W,YGL016W,1,-0.34086135,0.07389296591281891,0.5440000295639038,0.6818000078201294
YCL011C,YJL013C,0,-0.34088117,0.07388292998075485,0.5440000295639038,0.6819000244140625
YBL018C,YPL161C,0,-0.34096912,0.0738728940486908,0.5440000295639038,0.6819999814033508
YBL079W,YDR153C,1,-0.34098482,0.07399864494800568,0.5450000166893005,0.6819999814033508
YGL180W,YJL176C,0,-0.34113395,0.07398859411478043,0.5450000166893005,0.6820999979972839
YLR316C,YBR182C,0,-0.34125483,0.07397855073213577,0.5450000166893005,0.682200014591217
YDR191W,YKL088W,0,-0.34172535,0.07396851480007172,0.5450000166893005,0.6822999715805054
YLR117C,YPL126W,0,-0.3417338,0.07395847141742706,0.5450000166893005,0.6823999881744385
YNL261W,YLL041C,0,-0.3417936,0.0739484429359436,0.5450000166893005,0.6825000047683716
YBR199W,YDL102W,0,-0.34190327,0.07393840700387955,0.5450000166893005,0.6826000213623047
YKR097W,YBR135W,0,-0.34198207,0.07392837852239609,0.5450000166893005,0.682699978351593
YER166W,YNL021W,0,-0.34198874,0.07391835004091263,0.5450000166893005,0.6827999949455261
YLR068W,YDL058W,0,-0.34214962,0.07390832901000977,0.5450000166893005,0.6829000115394592
YOR132W,YOL054W,0,-0.34220138,0.0738983079791069,0.5450000166893005,0.6830000281333923
YER001W,YDR385W,0,-0.34223136,0.07388828694820404,0.5450000166893005,0.6830999851226807
YHL025W,YAL034W-A,0,-0.34224638,0.07387827336788177,0.5450000166893005,0.6832000017166138
YJR153W,YML025C,0,-0.34238005,0.07386825978755951,0.5450000166893005,0.6833000183105469
YFL050C,YDR297W,0,-0.34252876,0.07385824620723724,0.5450000166893005,0.6833999752998352
YGR145W,YJL170C,0,-0.3426975,0.07384824007749557,0.5450000166893005,0.6834999918937683
YBR060C,YPL069C,0,-0.34290475,0.0738382339477539,0.5450000166893005,0.6836000084877014
YNL267W,YKR060W,0,-0.3429194,0.07382822781801224,0.5450000166893005,0.6837000250816345
YKL175W,YBL003C,0,-0.34302905,0.07381822913885117,0.5450000166893005,0.6837999820709229
YMR283C,YOL135C,0,-0.34307265,0.0738082304596901,0.5450000166893005,0.683899998664856
YGL071W,YFL050C,0,-0.3431508,0.07379823923110962,0.5450000166893005,0.6840000152587891
YLR081W,YBR084W,0,-0.34316203,0.07378824800252914,0.5450000166893005,0.6840999722480774
YMR260C,YHR055C,0,-0.34317106,0.07377825677394867,0.5450000166893005,0.6841999888420105
YPL267W,YJL013C,0,-0.34322363,0.07376827299594879,0.5450000166893005,0.6843000054359436
YCL034W,YLL016W,0,-0.3432973,0.07375828921794891,0.5450000166893005,0.6844000220298767
YIL034C,YIL017C,0,-0.3435582,0.07374830543994904,0.5450000166893005,0.684499979019165
YBR186W,YER044C-A,0,-0.34356618,0.07373832911252975,0.5450000166893005,0.6845999956130981
YMR150C,YKR020W,1,-0.34367514,0.07386363297700882,0.5460000038146973,0.6845999956130981
YLR376C,YLR394W,0,-0.34370628,0.07385364174842834,0.5460000038146973,0.6847000122070312
YLR350W,YIL038C,0,-0.34381247,0.07384365797042847,0.5460000038146973,0.6848000288009644
YNL066W,YAL021C,0,-0.3438539,0.07383367419242859,0.5460000038146973,0.6848999857902527
YFR041C,YLR139C,0,-0.34405196,0.07382369041442871,0.5460000038146973,0.6850000023841858
YBR297W,YGR258C,0,-0.34407845,0.07381370663642883,0.5460000038146973,0.6851000189781189
YMR219W,YDR479C,0,-0.34412304,0.07380373030900955,0.5460000038146973,0.6851999759674072
YPL051W,YJL145W,0,-0.34419692,0.07379375398159027,0.5460000038146973,0.6852999925613403
YDR345C,YDR398W,0,-0.34432942,0.07378378510475159,0.5460000038146973,0.6854000091552734
YHL024W,YIL033C,0,-0.3443417,0.0737738162279129,0.5460000038146973,0.6855000257492065
YFR048W,YDR251W,0,-0.34436417,0.07376384735107422,0.5460000038146973,0.6855999827384949
YML075C,YBR035C,0,-0.34441915,0.07375388592481613,0.5460000038146973,0.685699999332428
YML132W,YDL002C,0,-0.3444831,0.07374392449855804,0.5460000038146973,0.6858000159263611
YCL034W,YHR118C,0,-0.34450012,0.07373396307229996,0.5460000038146973,0.6858999729156494
YDL155W,YLR026C,0,-0.34458777,0.07372400909662247,0.5460000038146973,0.6859999895095825
YHR030C,YPR010C,0,-0.34466827,0.07371405512094498,0.5460000038146973,0.6861000061035156
YPR009W,YLR088W,0,-0.34467816,0.07370410114526749,0.5460000038146973,0.6862000226974487
YDL227C,YJL133W,0,-0.344715,0.0736941546201706,0.5460000038146973,0.6862999796867371
YLR176C,YOR239W,0,-0.34484875,0.0736842080950737,0.5460000038146973,0.6863999962806702
YKL081W,YBR058C,0,-0.34485695,0.0736742690205574,0.5460000038146973,0.6865000128746033
YOR057W,YDR324C,0,-0.34522155,0.07366432994604111,0.5460000038146973,0.6866000294685364
YCR026C,YER109C,0,-0.34522516,0.07365439087152481,0.5460000038146973,0.6866999864578247
YGR286C,YLR107W,0,-0.34527844,0.07364445924758911,0.5460000038146973,0.6868000030517578
YPL028W,YGL048C,0,-0.34528765,0.07363452762365341,0.5460000038146973,0.6869000196456909
YOR344C,YCL016C,0,-0.34541214,0.07362459599971771,0.5460000038146973,0.6869999766349792
YPL232W,YOR148C,0,-0.34541482,0.07361467182636261,0.5460000038146973,0.6870999932289124
YIR022W,YHL028W,1,-0.3454476,0.07373955100774765,0.546999990940094,0.6870999932289124
YGR119C,YIL149C,1,-0.34551376,0.0738644003868103,0.5479999780654907,0.6870999932289124
YHR098C,YDL150W,0,-0.34590203,0.07385444641113281,0.5479999780654907,0.6872000098228455
YOR187W,YBR127C,0,-0.34608892,0.07384449243545532,0.5479999780654907,0.6873000264167786
YLL043W,YLR023C,0,-0.34627676,0.07383454591035843,0.5479999780654907,0.6873999834060669
YJR121W,YDR477W,0,-0.34639665,0.07382459938526154,0.5479999780654907,0.6875
YGR211W,YLR363C,0,-0.3463986,0.07381465286016464,0.5479999780654907,0.6876000165939331
YDR177W,YCR092C,0,-0.34657797,0.07380471378564835,0.5479999780654907,0.6876999735832214
YOR359W,YHR005C-A,1,-0.34662938,0.07392943650484085,0.5490000247955322,0.6876999735832214
YMR219W,YPR199C,0,-0.34677112,0.07391948252916336,0.5490000247955322,0.6877999901771545
YKL081W,YHR152W,0,-0.34679347,0.07390952855348587,0.5490000247955322,0.6879000067710876
YGL106W,YFL025C,0,-0.3468039,0.07389958202838898,0.5490000247955322,0.6880000233650208
YLL041C,YPR029C,0,-0.34683037,0.07388963550329208,0.5490000247955322,0.6880999803543091
YLL043W,YAL034W-A,0,-0.34686583,0.07387969642877579,0.5490000247955322,0.6881999969482422
YCR067C,YLR361C,0,-0.34702608,0.0738697499036789,0.5490000247955322,0.6883000135421753
YPR010C,YGR075C,0,-0.34721488,0.0738598108291626,0.5490000247955322,0.6883999705314636
YBR193C,YDR251W,0,-0.3472754,0.0738498792052269,0.5490000247955322,0.6884999871253967
YJL104W,YDL116W,1,-0.3475239,0.07397444546222687,0.550000011920929,0.6884999871253967
YMR197C,YPR007C,0,-0.34772325,0.07396449893712997,0.550000011920929,0.6886000037193298
YKL192C,YNL251C,0,-0.34796786,0.07395455241203308,0.550000011920929,0.6887000203132629
YFR052W,YBR030W,0,-0.34840006,0.07394460588693619,0.550000011920929,0.6887999773025513
YCR067C,YJL006C,0,-0.34859848,0.07393466681241989,0.550000011920929,0.6888999938964844
YGR029W,YFR002W,1,-0.34877723,0.0740591362118721,0.5509999990463257,0.6888999938964844
YIL034C,YNL243W,0,-0.34878278,0.07404918968677521,0.5509999990463257,0.6890000104904175
YKR028W,YLR005W,0,-0.34878305,0.07403923571109772,0.5509999990463257,0.6891000270843506
YJR077C,YOR020C,0,-0.34884328,0.07402928918600082,0.5509999990463257,0.6891999840736389
YGL099W,YDR495C,1,-0.34890336,0.07415368407964706,0.5519999861717224,0.6891999840736389
YAL009W,YAR019C,0,-0.34892413,0.07414372265338898,0.5519999861717224,0.689300000667572
YDR439W,YOR081C,0,-0.34897292,0.07413376122713089,0.5519999861717224,0.6894000172615051
YDR436W,YJL052W,0,-0.3489915,0.0741238072514534,0.5519999861717224,0.6894999742507935
YOR115C,YOR056C,0,-0.34899497,0.07411385327577591,0.5519999861717224,0.6895999908447266
YIL076W,YFL050C,0,-0.3491711,0.07410390675067902,0.5519999861717224,0.6897000074386597
YGL194C,YNL259C,0,-0.3492577,0.07409396022558212,0.5519999861717224,0.6898000240325928
YOR117W,YGR010W,0,-0.34934235,0.07408401370048523,0.5519999861717224,0.6898999810218811
YDL116W,YEL013W,1,-0.34949562,0.07420826703310013,0.5529999732971191,0.6898999810218811
YDL043C,YKR029C,0,-0.34967834,0.07419831305742264,0.5529999732971191,0.6899999976158142
YKL189W,YDR435C,0,-0.3497466,0.07418835163116455,0.5529999732971191,0.6901000142097473
YDR456W,YKL192C,0,-0.34977412,0.07417840510606766,0.5529999732971191,0.6901999711990356
YJL069C,YEL036C,0,-0.34986472,0.07416845858097076,0.5529999732971191,0.6902999877929688
YER024W,YOL164W,0,-0.35007703,0.07415851205587387,0.5529999732971191,0.6904000043869019
YMR153W,YBR171W,1,-0.3502466,0.07428264617919922,0.5540000200271606,0.6904000043869019
YOR207C,YOL054W,0,-0.35028496,0.07427269220352173,0.5540000200271606,0.690500020980835
YBR216C,YDR073W,0,-0.3503328,0.07426273822784424,0.5540000200271606,0.6905999779701233
YIL076W,YDR141C,0,-0.35037357,0.07425278425216675,0.5540000200271606,0.6906999945640564
YML093W,YER005W,0,-0.35066107,0.07424283027648926,0.5540000200271606,0.6908000111579895
YPL123C,YJL108C,0,-0.3508737,0.07423288375139236,0.5540000200271606,0.6909000277519226
YDR182W,YPR199C,0,-0.3508767,0.07422293722629547,0.5540000200271606,0.6909999847412109
YHL025W,YGL155W,0,-0.35104275,0.07421299070119858,0.5540000200271606,0.691100001335144
YER044C-A,YML052W,0,-0.3510449,0.07420305162668228,0.5540000200271606,0.6912000179290771
YBR118W,YLR453C,0,-0.35105777,0.07419312000274658,0.5540000200271606,0.6912999749183655
YHR088W,YGR258C,0,-0.3510898,0.07418318092823029,0.5540000200271606,0.6913999915122986
YFL050C,YKR099W,0,-0.3511203,0.07417324930429459,0.5540000200271606,0.6915000081062317
YER087C-A,YPL210C,1,-0.35118362,0.07429718971252441,0.5550000071525574,0.6915000081062317
YOR115C,YDR177W,0,-0.3513251,0.07428724318742752,0.5550000071525574,0.6916000247001648
YHR015W,YJL039C,0,-0.35144487,0.07427730411291122,0.5550000071525574,0.6916999816894531
YCR026C,YDR545W,0,-0.351516,0.07426736503839493,0.5550000071525574,0.6917999982833862
YGR262C,YER171W,0,-0.35154244,0.07425742596387863,0.5550000071525574,0.6919000148773193
YGL257C,YOL042W,0,-0.35154945,0.07424749433994293,0.5550000071525574,0.6919999718666077
YDL116W,YGR206W,1,-0.35158885,0.0743713229894638,0.5559999942779541,0.6919999718666077
YER166W,YIR015W,0,-0.35159457,0.07436137646436691,0.5559999942779541,0.6920999884605408
YDR045C,YKR009C,0,-0.35160774,0.07435142993927002,0.5559999942779541,0.6922000050544739
YDR135C,YKL194C,0,-0.35171777,0.07434149086475372,0.5559999942779541,0.692300021648407
YKR028W,YBL051C,0,-0.35177857,0.07433155179023743,0.5559999942779541,0.6923999786376953
YJR126C,YML103C,1,-0.3518707,0.07445528358221054,0.5569999814033508,0.6923999786376953
YOL068C,YNL015W,0,-0.35212943,0.07444533705711365,0.5569999814033508,0.6924999952316284
YDR163W,YHL003C,0,-0.35216358,0.07443539053201675,0.5569999814033508,0.6926000118255615
YMR188C,YOR002W,0,-0.35225278,0.07442544400691986,0.5569999814033508,0.6927000284194946
YML038C,YNL177C,0,-0.35239768,0.07441549748182297,0.5569999814033508,0.692799985408783
YOR148C,YER024W,0,-0.35240388,0.07440555840730667,0.5569999814033508,0.6929000020027161
YGR211W,YML021C,0,-0.3525027,0.07439561933279037,0.5569999814033508,0.6930000185966492
YGL144C,YMR183C,0,-0.3527064,0.07438568025827408,0.5569999814033508,0.6930999755859375
YMR293C,YBR085W,0,-0.3527137,0.07437574863433838,0.5569999814033508,0.6931999921798706
YOR207C,YER008C,0,-0.35273865,0.07436582446098328,0.5569999814033508,0.6933000087738037
YHR005C,YOL068C,0,-0.35282522,0.07435589283704758,0.5569999814033508,0.6934000253677368
YDR091C,YJR126C,1,-0.35286218,0.07447944581508636,0.5580000281333923,0.6934000253677368
YOL054W,YAR033W,0,-0.35293698,0.07446950674057007,0.5580000281333923,0.6934999823570251
YOR335C,YKL173W,0,-0.3529567,0.07445956766605377,0.5580000281333923,0.6935999989509583
YCL069W,YDR072C,0,-0.35298306,0.07444963604211807,0.5580000281333923,0.6937000155448914
YBL018C,YLR130C,0,-0.35305268,0.07443970441818237,0.5580000281333923,0.6937999725341797
YIL009C-A,YML128C,0,-0.35306412,0.07442977279424667,0.5580000281333923,0.6938999891281128
YDR052C,YGL111W,0,-0.3530749,0.07441984862089157,0.5580000281333923,0.6940000057220459
YJL013C,YFR047C,0,-0.35309952,0.07440992444753647,0.5580000281333923,0.694100022315979
YDR311W,YOR003W,0,-0.35338688,0.07440000027418137,0.5580000281333923,0.6941999793052673
YER145C,YGL187C,0,-0.35374916,0.07439008355140686,0.5580000281333923,0.6942999958992004
YJL006C,YML107C,0,-0.35390282,0.07438016682863235,0.5580000281333923,0.6944000124931335
YBR127C,YLR192C,0,-0.3539496,0.07437025010585785,0.5580000281333923,0.6945000290870667
YML055W,YML103C,1,-0.35403845,0.07449360191822052,0.5590000152587891,0.6945000290870667
YGR214W,YOR025W,0,-0.3541836,0.07448367774486542,0.5590000152587891,0.694599986076355
YNL209W,YLR088W,0,-0.35440445,0.07447375357151031,0.5590000152587891,0.6947000026702881
YKR007W,YGR097W,0,-0.354631,0.07446383684873581,0.5590000152587891,0.6948000192642212
YKR028W,YJL033W,0,-0.3547532,0.0744539126753807,0.5590000152587891,0.6948999762535095
YPL175W,YLR134W,0,-0.35478878,0.0744440034031868,0.5590000152587891,0.6949999928474426
YLR026C,YNL080C,0,-0.35483134,0.07443408668041229,0.5590000152587891,0.6951000094413757
YHR150W,YBR020W,0,-0.35484725,0.07442417740821838,0.5590000152587891,0.6952000260353088
YER062C,YNR038W,0,-0.35485,0.07441426813602448,0.5590000152587891,0.6952999830245972
YKL189W,YNL126W,0,-0.35505086,0.07440436631441116,0.5590000152587891,0.6953999996185303
YBR057C,YOR153W,0,-0.35516077,0.07439446449279785,0.5590000152587891,0.6955000162124634
YNL209W,YDL164C,0,-0.35530126,0.07438456267118454,0.5590000152587891,0.6955999732017517
YDR013W,YDL130W-A,0,-0.3553348,0.07437466830015182,0.5590000152587891,0.6956999897956848
YDR345C,YER003C,0,-0.35535026,0.07436477392911911,0.5590000152587891,0.6958000063896179
YIR022W,YML103C,1,-0.35535693,0.07448789477348328,0.5600000023841858,0.6958000063896179
YDR292C,YER009W,1,-0.35540658,0.07461098581552505,0.5609999895095825,0.6958000063896179
YML113W,YDR172W,0,-0.355585,0.07460106164216995,0.5609999895095825,0.695900022983551
YIL034C,YPL175W,0,-0.3555994,0.07459114491939545,0.5609999895095825,0.6959999799728394
YJL069C,YMR212C,0,-0.3556773,0.07458122819662094,0.5609999895095825,0.6960999965667725
YGL078C,YDR477W,0,-0.3557933,0.07457131147384644,0.5609999895095825,0.6962000131607056
YDR244W,YDR192C,1,-0.35609096,0.07469431310892105,0.5619999766349792,0.6962000131607056
YML113W,YCR084C,0,-0.35618475,0.07468438893556595,0.5619999766349792,0.6963000297546387
YDR179C,YAL011W,0,-0.35618496,0.07467446476221085,0.5619999766349792,0.696399986743927
YDR135C,YBR142W,0,-0.35625684,0.07466454058885574,0.5619999766349792,0.6965000033378601
YHR175W,YPL161C,0,-0.3565498,0.07465462386608124,0.5619999766349792,0.6966000199317932
YDR057W,YJL006C,0,-0.35662872,0.07464470714330673,0.5619999766349792,0.6966999769210815
YMR047C,YKL143W,1,-0.356749,0.0747675970196724,0.5630000233650208,0.6966999769210815
YMR198W,YGR007W,0,-0.35677263,0.0747576653957367,0.5630000233650208,0.6967999935150146
YNL326C,YDR141C,0,-0.35679203,0.07474774122238159,0.5630000233650208,0.6969000101089478
YFL039C,YIL036W,0,-0.35693893,0.07473781704902649,0.5630000233650208,0.6970000267028809
YLR193C,YLR008C,1,-0.3571696,0.07486063241958618,0.5640000104904175,0.6970000267028809
YER009W,YEL013W,1,-0.35730475,0.07498341053724289,0.5649999976158142,0.6970000267028809
YBR199W,YBL090W,0,-0.35756245,0.074973464012146,0.5649999976158142,0.6970999836921692
YMR267W,YML107C,0,-0.35760325,0.0749635100364685,0.5649999976158142,0.6972000002861023
YMR026C,YDR153C,1,-0.3576762,0.07508622854948044,0.5659999847412109,0.6972000002861023
YDL198C,YOR123C,0,-0.35773242,0.07507626712322235,0.5659999847412109,0.6973000168800354
YLR210W,YPL126W,0,-0.35775408,0.07506631314754486,0.5659999847412109,0.6973999738693237
YKR065C,YML031W,1,-0.3578016,0.07518896460533142,0.5669999718666077,0.6973999738693237
YOR008C,YFL004W,0,-0.35782075,0.07517899572849274,0.5669999718666077,0.6974999904632568
YLR068W,YBR297W,0,-0.35789332,0.07516903430223465,0.5669999718666077,0.6976000070571899
YBR136W,YNL015W,0,-0.3580073,0.07515906542539597,0.5669999718666077,0.697700023651123
YOR115C,YKL017C,0,-0.35808817,0.07514910399913788,0.5669999718666077,0.6977999806404114
YDL020C,YFL039C,0,-0.35812023,0.07513915002346039,0.5669999718666077,0.6978999972343445
YMR227C,YCR020C,0,-0.35814643,0.0751291885972023,0.5669999718666077,0.6980000138282776
YHR005C,YJL006C,0,-0.35816514,0.07511923462152481,0.5669999718666077,0.6980999708175659
YLR135W,YML025C,0,-0.35818717,0.07510928809642792,0.5669999718666077,0.698199987411499
YGL033W,YLR298C,0,-0.35832018,0.07509933412075043,0.5669999718666077,0.6983000040054321
YGL155W,YLR265C,0,-0.35841444,0.07508939504623413,0.5669999718666077,0.6984000205993652
YPL137C,YMR182C,0,-0.35847723,0.07507944852113724,0.5669999718666077,0.6984999775886536
YLR176C,YFL039C,0,-0.35847965,0.07506950944662094,0.5669999718666077,0.6985999941825867
YPL110C,YNL080C,0,-0.35853216,0.07505957037210464,0.5669999718666077,0.6987000107765198
YLR192C,YGR072W,0,-0.35857004,0.07504963874816895,0.5669999718666077,0.6988000273704529
YOR057W,YJL072C,0,-0.35861686,0.07503970712423325,0.5669999718666077,0.6988999843597412
YOL042W,YDR092W,0,-0.35868755,0.07502977550029755,0.5669999718666077,0.6990000009536743
YLR060W,YOR144C,0,-0.35870278,0.07501984387636185,0.5669999718666077,0.6991000175476074
YNL294C,YHR194W,0,-0.35873738,0.07500991970300674,0.5669999718666077,0.6991999745368958
YML060W,YNL090W,0,-0.35875916,0.07500000298023224,0.5669999718666077,0.6992999911308289
YDR052C,YER024W,0,-0.3587739,0.07499007880687714,0.5669999718666077,0.699400007724762
YPR183W,YLR170C,0,-0.35887268,0.07498016208410263,0.5669999718666077,0.6995000243186951
YNL262W,YOL135C,0,-0.3590961,0.07497025281190872,0.5669999718666077,0.6995999813079834
YOL069W,YDR179C,0,-0.35912013,0.07496033608913422,0.5669999718666077,0.6996999979019165
YMR128W,YJL039C,0,-0.35914734,0.07495042681694031,0.5669999718666077,0.6998000144958496
YBR038W,YPR009W,0,-0.35922736,0.074940524995327,0.5669999718666077,0.6998999714851379
YBR127C,YIL121W,0,-0.35923192,0.07493062317371368,0.5669999718666077,0.699999988079071
YMR172W,YJR137C,0,-0.3592701,0.07492072135210037,0.5669999718666077,0.7001000046730042
YLR182W,YGR072W,0,-0.35932755,0.07491081953048706,0.5669999718666077,0.7002000212669373
YOR020C,YEL026W,0,-0.35944325,0.07490092515945435,0.5669999718666077,0.7002999782562256
YKR024C,YPR074C,0,-0.35961357,0.07489103078842163,0.5669999718666077,0.7003999948501587
YMR267W,YJL006C,0,-0.35981703,0.07488114386796951,0.5669999718666077,0.7005000114440918
YDR247W,YPR007C,0,-0.35986176,0.0748712494969368,0.5669999718666077,0.7006000280380249
YPL130W,YNL327W,0,-0.35990033,0.07486137002706528,0.5669999718666077,0.7006999850273132
YMR091C,YLL024C,1,-0.3600009,0.07498349994421005,0.5680000185966492,0.7006999850273132
YHR088W,YML099C,0,-0.36011222,0.07497359812259674,0.5680000185966492,0.7008000016212463
YNL097C,YEL071W,0,-0.3601507,0.07496370375156403,0.5680000185966492,0.7009000182151794
YKL081W,YBL018C,0,-0.3604,0.07495381683111191,0.5680000185966492,0.7009999752044678
YMR047C,YDR495C,1,-0.3604567,0.07507586479187012,0.5690000057220459,0.7009999752044678
YDL143W,YJR090C,0,-0.3605087,0.0750659629702568,0.5690000057220459,0.7010999917984009
YPL210C,YOR359W,1,-0.360764,0.07518796622753143,0.5699999928474426,0.7010999917984009
YDR439W,YDL198C,0,-0.3609886,0.07517805695533752,0.5699999928474426,0.701200008392334
YCR026C,YHR139C,0,-0.36107787,0.07516814023256302,0.5699999928474426,0.7013000249862671
YEL004W,YDL145C,0,-0.3611785,0.07515823096036911,0.5699999928474426,0.7013999819755554
YKR065C,YPL243W,1,-0.36126655,0.07528015971183777,0.5709999799728394,0.7013999819755554
YML092C,YML109W,0,-0.36142728,0.07527023553848267,0.5709999799728394,0.7014999985694885
YML092C,YPR010C,0,-0.36149222,0.07526031136512756,0.5709999799728394,0.7016000151634216
YOR344C,YML098W,0,-0.36181104,0.07525039464235306,0.5709999799728394,0.70169997215271
YMR026C,YDR244W,1,-0.36187834,0.07537224888801575,0.5720000267028809,0.70169997215271
YIL031W,YML128C,0,-0.36191577,0.07536231726408005,0.5720000267028809,0.7017999887466431
YGL075C,YBR132C,0,-0.36213285,0.07535239309072495,0.5720000267028809,0.7019000053405762
YAL030W,YML094W,0,-0.36244604,0.07534246891736984,0.5720000267028809,0.7020000219345093
YER005W,YHR066W,0,-0.36257073,0.07533254474401474,0.5720000267028809,0.7020999789237976
YML043C,YLR114C,0,-0.36260325,0.07532262057065964,0.5720000267028809,0.7021999955177307
YML051W,YBR142W,0,-0.36269516,0.07531270384788513,0.5720000267028809,0.7023000121116638
YAL024C,YIL121W,0,-0.36282516,0.07530279457569122,0.5720000267028809,0.7024000287055969
YDR303C,YJL085W,0,-0.36292267,0.07529287785291672,0.5720000267028809,0.7024999856948853
YIL002C,YBL035C,0,-0.3630017,0.07528296858072281,0.5720000267028809,0.7026000022888184
YPR183W,YLR405W,0,-0.3630321,0.0752730593085289,0.5720000267028809,0.7027000188827515
YPL181W,YGL106W,0,-0.36308444,0.07526315748691559,0.5720000267028809,0.7027999758720398
YGL075C,YML062C,0,-0.36309963,0.07525325566530228,0.5720000267028809,0.7028999924659729
YMR227C,YGR005C,0,-0.36333907,0.07524335384368896,0.5720000267028809,0.703000009059906
YBR257W,YLR238W,0,-0.36339742,0.07523345947265625,0.5720000267028809,0.7031000256538391
YML011C,YOL128C,0,-0.3634255,0.07522356510162354,0.5720000267028809,0.7031999826431274
YLR313C,YPR009W,0,-0.36346555,0.07521367818117142,0.5720000267028809,0.7032999992370605
YLR316C,YAL032C,0,-0.36366987,0.0752037838101387,0.5720000267028809,0.7034000158309937
YLR182W,YJR083C,0,-0.36376405,0.07519389688968658,0.5720000267028809,0.703499972820282
YJL052W,YGR112W,0,-0.36378115,0.07518401741981506,0.5720000267028809,0.7035999894142151
YDR191W,YMR234W,0,-0.36393917,0.07517413794994354,0.5720000267028809,0.7037000060081482
YPL130W,YHR066W,0,-0.3639419,0.07516425848007202,0.5720000267028809,0.7038000226020813
YFR031C,YGL048C,0,-0.36396414,0.0751543790102005,0.5720000267028809,0.7038999795913696
YDL007W,YBR077C,0,-0.36415756,0.07514450699090958,0.5720000267028809,0.7039999961853027
YLL016W,YDR163W,0,-0.36426052,0.07513463497161865,0.5720000267028809,0.7041000127792358
YHR083W,YMR035W,1,-0.364327,0.0752561092376709,0.5730000138282776,0.7041000127792358
YBR161W,YBR127C,0,-0.36434004,0.07524622231721878,0.5730000138282776,0.704200029373169
YKR086W,YDR341C,0,-0.3643805,0.07523634284734726,0.5730000138282776,0.7042999863624573
YER087C-A,YDR086C,1,-0.36443776,0.07535775005817413,0.5740000009536743,0.7042999863624573
YER111C,YOR002W,0,-0.36448348,0.07534786313772202,0.5740000009536743,0.7044000029563904
YIR015W,YLR170C,0,-0.36459753,0.0753379687666893,0.5740000009536743,0.7045000195503235
YMR150C,YPL210C,1,-0.36476767,0.0754593163728714,0.574999988079071,0.7045000195503235
YKR067W,YGR191W,0,-0.36480716,0.07544941455125809,0.574999988079071,0.7045999765396118
YKL144C,YJR140C,0,-0.36485296,0.07543952018022537,0.574999988079071,0.7046999931335449
YGL155W,YPR199C,0,-0.36486074,0.07542961835861206,0.574999988079071,0.704800009727478
YOL090W,YJL176C,0,-0.36489597,0.07541972398757935,0.574999988079071,0.7049000263214111
YCR067C,YEL050C,0,-0.36492574,0.07540983706712723,0.574999988079071,0.7049999833106995
YOL146W,YIL002C,0,-0.36498016,0.07539995014667511,0.574999988079071,0.7050999999046326
YER095W,YOR187W,0,-0.36499125,0.07539006322622299,0.574999988079071,0.7052000164985657
YAR007C,YGL187C,0,-0.36500528,0.07538017630577087,0.574999988079071,0.705299973487854
YOR359W,YMR035W,1,-0.3650512,0.07550137490034103,0.5759999752044678,0.705299973487854
YHL024W,YOR076C,0,-0.36507043,0.07549148052930832,0.5759999752044678,0.7053999900817871
YLR423C,YMR293C,0,-0.3650862,0.0754815861582756,0.5759999752044678,0.7055000066757202
YBR217W,YDL116W,1,-0.365341,0.07560272514820099,0.5770000219345093,0.7055000066757202
YBR199W,YNR056C,0,-0.36537746,0.07559282332658768,0.5770000219345093,0.7056000232696533
YKL178C,YOR147W,0,-0.36540866,0.07558292150497437,0.5770000219345093,0.7056999802589417
YGR014W,YHR066W,0,-0.36541232,0.07557301968336105,0.5770000219345093,0.7057999968528748
YDL002C,YHR143W-A,0,-0.36543474,0.07556312531232834,0.5770000219345093,0.7059000134468079
YDL116W,YDR192C,1,-0.3654398,0.07568416744470596,0.578000009059906,0.7059000134468079
YNL209W,YHR118C,0,-0.36551493,0.07567425817251205,0.578000009059906,0.7059999704360962
YER049W,YPL240C,0,-0.36552927,0.07566435635089874,0.578000009059906,0.7060999870300293
YDL116W,YMR235C,1,-0.36556268,0.07578533887863159,0.5789999961853027,0.7060999870300293
YOR151C,YOL033W,0,-0.36562306,0.07577542215585709,0.5789999961853027,0.7062000036239624
YPL210C,YHR083W,1,-0.36570895,0.07589635998010635,0.5799999833106995,0.7062000036239624
YIL117C,YMR056C,0,-0.3657773,0.07588642835617065,0.5799999833106995,0.7063000202178955
YHR061C,YGL166W,0,-0.3657972,0.07587650418281555,0.5799999833106995,0.7063999772071838
YIR008C,YHR188C,0,-0.36587036,0.07586658000946045,0.5799999833106995,0.7064999938011169
YAL002W,YMR033W,0,-0.36591303,0.07585665583610535,0.5799999833106995,0.70660001039505
YGL155W,YGR147C,0,-0.3660833,0.07584673911333084,0.5799999833106995,0.7067000269889832
YPL015C,YOL165C,0,-0.36609697,0.07583682239055634,0.5799999833106995,0.7067999839782715
YLL024C,YEL013W,1,-0.36642122,0.07595764100551605,0.5809999704360962,0.7067999839782715
YCR020C,YLL031C,0,-0.36643946,0.07594770938158035,0.5809999704360962,0.7069000005722046
YEL071W,YPL159C,0,-0.366569,0.07593778520822525,0.5809999704360962,0.7070000171661377
YGR289C,YNL002C,0,-0.36682776,0.07592786103487015,0.5809999704360962,0.707099974155426
YOL158C,YGL252C,0,-0.3668524,0.07591794431209564,0.5809999704360962,0.7071999907493591
YER024W,YER119C,0,-0.36691192,0.07590802013874054,0.5809999704360962,0.7073000073432922
YGR214W,YBR035C,0,-0.36698407,0.07589810341596603,0.5809999704360962,0.7074000239372253
YDR153C,YMR153W,1,-0.3670224,0.0760188102722168,0.5820000171661377,0.7074000239372253
YHR070W,YEL002C,0,-0.36714906,0.0760088786482811,0.5820000171661377,0.7074999809265137
YDR153C,YDL116W,1,-0.3673357,0.07612954080104828,0.5830000042915344,0.7074999809265137
YBR253W,YDR182W,0,-0.36745614,0.07611959427595139,0.5830000042915344,0.7075999975204468
YLR376C,YOL128C,0,-0.36764935,0.07610966265201569,0.5830000042915344,0.7077000141143799
YLR130C,YMR183C,0,-0.36769998,0.07609972357749939,0.5830000042915344,0.7077999711036682
YOL165C,YKL062W,0,-0.36773625,0.07608979195356369,0.5830000042915344,0.7078999876976013
YDR449C,YNL177C,0,-0.36775267,0.07607986778020859,0.5830000042915344,0.7080000042915344
YIR022W,YIL149C,1,-0.36794215,0.07620041817426682,0.5839999914169312,0.7080000042915344
YPL123C,YMR268C,0,-0.3679492,0.07619047909975052,0.5839999914169312,0.7081000208854675
YGL200C,YDL130W-A,0,-0.36801636,0.07618054002523422,0.5839999914169312,0.7081999778747559
YKR022C,YGR161C,0,-0.36815012,0.07617060095071793,0.5839999914169312,0.708299994468689
YGR007W,YJR013W,0,-0.36815643,0.07616066932678223,0.5839999914169312,0.7084000110626221
YGR279C,YDR309C,0,-0.36822325,0.07615073770284653,0.5839999914169312,0.7085000276565552
YNL243W,YBR297W,0,-0.36830342,0.07614080607891083,0.5839999914169312,0.7085999846458435
YJL173C,YGR010W,0,-0.3683205,0.07613088190555573,0.5839999914169312,0.7087000012397766
YOL090W,YNL039W,0,-0.3683873,0.07612095773220062,0.5839999914169312,0.7088000178337097
YGR192C,YDL058W,0,-0.36843723,0.07611104100942612,0.5839999914169312,0.708899974822998
YEL004W,YNL039W,0,-0.3684736,0.07610112428665161,0.5839999914169312,0.7089999914169312
YDL028C,YGR262C,0,-0.3685235,0.0760912075638771,0.5839999914169312,0.7091000080108643
YLR319C,YJL176C,0,-0.36853522,0.0760812908411026,0.5839999914169312,0.7092000246047974
YDR456W,YNL021W,0,-0.36858636,0.07607138156890869,0.5839999914169312,0.7092999815940857
YBR118W,YGL257C,0,-0.3686424,0.07606147229671478,0.5839999914169312,0.7093999981880188
YDR284C,YPL153C,0,-0.3686434,0.07605157047510147,0.5839999914169312,0.7095000147819519
YMR293C,YAR033W,0,-0.36872938,0.07604166865348816,0.5839999914169312,0.7095999717712402
YML058W,YHL024W,0,-0.3687399,0.07603176683187485,0.5839999914169312,0.7096999883651733
YDL145C,YGL246C,0,-0.36877975,0.07602187246084213,0.5839999914169312,0.7098000049591064
YOL090W,YNL239W,0,-0.36892033,0.07601197808980942,0.5839999914169312,0.7099000215530396
YNL059C,YDR495C,1,-0.3689437,0.07613222301006317,0.5849999785423279,0.7099000215530396
YIL153W,YJR155W,0,-0.3690001,0.07612231373786926,0.5849999785423279,0.7099999785423279
YIL101C,YOR148C,0,-0.36926976,0.07611241191625595,0.5849999785423279,0.710099995136261
YAL026C,YJR013W,0,-0.36934236,0.07610251009464264,0.5849999785423279,0.7102000117301941
YFR031C,YNR047W,0,-0.36938748,0.07609260827302933,0.5849999785423279,0.7103000283241272
YPR020W,YDR309C,0,-0.369696,0.07608271390199661,0.5849999785423279,0.7103999853134155
YMR150C,YOR359W,1,-0.36970216,0.0762028619647026,0.5860000252723694,0.7103999853134155
YOR132W,YDL231C,0,-0.3697346,0.0761929526925087,0.5860000252723694,0.7105000019073486
YLL043W,YOL095C,0,-0.36994696,0.07618305087089539,0.5860000252723694,0.7106000185012817
YLR201C,YJR090C,0,-0.36999446,0.07617314159870148,0.5860000252723694,0.7106999754905701
YKL042W,YDR052C,0,-0.37000164,0.07616324722766876,0.5860000252723694,0.7107999920845032
YBR168W,YHR075C,0,-0.3700131,0.07615334540605545,0.5860000252723694,0.7109000086784363
YIL009C-A,YBL051C,0,-0.370024,0.07614345103502274,0.5860000252723694,0.7110000252723694
YJL108C,YML052W,0,-0.37007797,0.07613355666399002,0.5860000252723694,0.7110999822616577
YOL042W,YKR060W,0,-0.3701982,0.0761236697435379,0.5860000252723694,0.7111999988555908
YOL124C,YDL047W,0,-0.3703083,0.07611378282308578,0.5860000252723694,0.7113000154495239
YDR087C,YMR212C,0,-0.3703618,0.07610389590263367,0.5860000252723694,0.7113999724388123
YGR092W,YOR372C,0,-0.37049294,0.07609401643276215,0.5860000252723694,0.7114999890327454
YJL108C,YBR297W,0,-0.37054724,0.07608413696289062,0.5860000252723694,0.7116000056266785
YOR182C,YML062C,0,-0.3706553,0.0760742574930191,0.5860000252723694,0.7117000222206116
YLR410W,YLR453C,0,-0.37069142,0.07606438547372818,0.5860000252723694,0.7117999792098999
YDR191W,YML098W,0,-0.37091357,0.07605451345443726,0.5860000252723694,0.711899995803833
YHR129C,YML078W,0,-0.3709181,0.07604464143514633,0.5860000252723694,0.7120000123977661
YBR179C,YPL126W,0,-0.37097937,0.076034776866436,0.5860000252723694,0.7121000289916992
YKR072C,YMR056C,0,-0.3711512,0.07602491229772568,0.5860000252723694,0.7121999859809875
YDL015C,YDR453C,0,-0.3711817,0.07601504772901535,0.5860000252723694,0.7123000025749207
YPL195W,YKR067W,0,-0.37127137,0.07600519061088562,0.5860000252723694,0.7124000191688538
YCR028C-A,YOR007C,0,-0.37128943,0.07599533349275589,0.5860000252723694,0.7124999761581421
YDR324C,YBL057C,0,-0.37131637,0.07598547637462616,0.5860000252723694,0.7125999927520752
YJL013C,YPL106C,0,-0.3713665,0.07597562670707703,0.5860000252723694,0.7127000093460083
YHR152W,YBR211C,0,-0.37137082,0.0759657770395279,0.5860000252723694,0.7128000259399414
YCL034W,YAL021C,0,-0.3714759,0.07595592737197876,0.5860000252723694,0.7128999829292297
YPL153C,YKR060W,0,-0.37154543,0.07594608515501022,0.5860000252723694,0.7129999995231628
YNL256W,YML032C,0,-0.37165892,0.07593624293804169,0.5860000252723694,0.713100016117096
YNR046W,YDL120W,0,-0.3718149,0.07592640817165375,0.5860000252723694,0.7131999731063843
YER087C-A,YKL143W,1,-0.37198284,0.07604611665010452,0.5870000123977661,0.7131999731063843
YGL155W,YJL069C,0,-0.37206548,0.07603626698255539,0.5870000123977661,0.7132999897003174
YDR439W,YPL161C,0,-0.37215182,0.07602642476558685,0.5870000123977661,0.7134000062942505
YMR293C,YLR350W,0,-0.3722433,0.07601657509803772,0.5870000123977661,0.7135000228881836
YDR325W,YEL066W,0,-0.37226403,0.07600673288106918,0.5870000123977661,0.7135999798774719
YBR084W,YGR097W,0,-0.37229234,0.07599689066410065,0.5870000123977661,0.713699996471405
YLR319C,YAR007C,0,-0.3724461,0.07598705589771271,0.5870000123977661,0.7138000130653381
YIL076W,YPL170W,0,-0.3725317,0.07597722113132477,0.5870000123977661,0.7139000296592712
YML038C,YHR070W,0,-0.37254032,0.07596738636493683,0.5870000123977661,0.7139999866485596
YDR507C,YCR009C,0,-0.3726161,0.07595755904912949,0.5870000123977661,0.7141000032424927
YNL262W,YEL066W,0,-0.37270352,0.07594773173332214,0.5870000123977661,0.7142000198364258
YLR276C,YBR182C,0,-0.37270525,0.0759379044175148,0.5870000123977661,0.7142999768257141
YER095W,YEL066W,0,-0.3727839,0.07592808455228806,0.5870000123977661,0.7143999934196472
YIL037C,YDR182W,0,-0.3728127,0.07591826468706131,0.5870000123977661,0.7145000100135803
YGL032C,YKL140W,0,-0.37282372,0.07590844482183456,0.5870000123977661,0.7146000266075134
YML038C,YBR177C,0,-0.37283164,0.07589863240718842,0.5870000123977661,0.7146999835968018
YLR117C,YNL262W,0,-0.37296987,0.07588881999254227,0.5870000123977661,0.7148000001907349
YER082C,YNL209W,0,-0.37309086,0.07587900757789612,0.5870000123977661,0.714900016784668
YMR172W,YGR245C,0,-0.3732037,0.07586920261383057,0.5870000123977661,0.7149999737739563
YNL243W,YER147C,0,-0.3732666,0.07585939764976501,0.5870000123977661,0.7150999903678894
YEL053C,YMR030W,0,-0.37328833,0.07584959268569946,0.5870000123977661,0.7152000069618225
YML127W,YNL090W,0,-0.37331063,0.07583979517221451,0.5870000123977661,0.7153000235557556
YML038C,YKR063C,0,-0.37334883,0.07582999765872955,0.5870000123977661,0.715399980545044
YOR188W,YAL032C,0,-0.37346578,0.0758202001452446,0.5870000123977661,0.715499997138977
YHR143W-A,YGL206C,0,-0.37347814,0.07581041008234024,0.5870000123977661,0.7156000137329102
YGL257C,YDR072C,0,-0.37352157,0.07580062001943588,0.5870000123977661,0.7156999707221985
YNL326C,YDL164C,0,-0.37352648,0.07579082995653152,0.5870000123977661,0.7157999873161316
YBR168W,YAL022C,0,-0.37369233,0.07578104734420776,0.5870000123977661,0.7159000039100647
YMR283C,YML124C,0,-0.3737421,0.075771264731884,0.5870000123977661,0.7160000205039978
YNR007C,YOL082W,1,-0.37384668,0.07589055597782135,0.5879999995231628,0.7160000205039978
YGR123C,YMR015C,0,-0.3739381,0.0758807584643364,0.5879999995231628,0.7160999774932861
YOR187W,YBL003C,0,-0.37401915,0.07587096840143204,0.5879999995231628,0.7161999940872192
YDR484W,YMR212C,0,-0.3740277,0.07586117833852768,0.5879999995231628,0.7163000106811523
YNR007C,YNL059C,1,-0.37408718,0.07598039507865906,0.5889999866485596,0.7163000106811523
YDR325W,YJL201W,0,-0.3741286,0.0759705901145935,0.5889999866485596,0.7164000272750854
YCL011C,YOR224C,0,-0.37420374,0.07596079260110855,0.5889999866485596,0.7164999842643738
YOL126C,YDR251W,0,-0.3742113,0.0759510025382042,0.5889999866485596,0.7166000008583069
YDR284C,YNR057C,0,-0.37422645,0.07594120502471924,0.5889999866485596,0.71670001745224
YFR034C,YDR345C,0,-0.37434557,0.07593141496181488,0.5889999866485596,0.7167999744415283
YBR142W,YDR140W,0,-0.37448248,0.07592163234949112,0.5889999866485596,0.7168999910354614
YBR002C,YCR009C,0,-0.37453774,0.07591184228658676,0.5889999866485596,0.7170000076293945
YDR177W,YBR297W,0,-0.37466532,0.075902059674263,0.5889999866485596,0.7171000242233276
YKL057C,YEL013W,1,-0.3746972,0.07602113485336304,0.5899999737739563,0.7171000242233276
YPL015C,YHR118C,0,-0.3749287,0.07601133733987808,0.5899999737739563,0.717199981212616
YML113W,YDR069C,0,-0.37498868,0.07600154727697372,0.5899999737739563,0.7172999978065491
YER062C,YGR238C,0,-0.3750341,0.07599175721406937,0.5899999737739563,0.7174000144004822
YOR081C,YER008C,0,-0.37504828,0.07598196715116501,0.5899999737739563,0.7174999713897705
YLR176C,YOL034W,0,-0.37521464,0.07597218453884125,0.5899999737739563,0.7175999879837036
YDL031W,YGL028C,0,-0.37524217,0.07596240192651749,0.5899999737739563,0.7177000045776367
YFR029W,YLR206W,0,-0.3752551,0.07595262676477432,0.5899999737739563,0.7178000211715698
YGL022W,YDR013W,0,-0.3752675,0.07594285160303116,0.5899999737739563,0.7178999781608582
YJL026W,YDR545W,0,-0.37533933,0.075933076441288,0.5899999737739563,0.7179999947547913
YNL126W,YER171W,0,-0.37548414,0.07592330127954483,0.5899999737739563,0.7181000113487244
YJR137C,YML128C,0,-0.37557608,0.07591353356838226,0.5899999737739563,0.7182000279426575
YDL164C,YER003C,0,-0.3755949,0.0759037658572197,0.5899999737739563,0.7182999849319458
YJL134W,YOR147W,0,-0.37563896,0.07589400559663773,0.5899999737739563,0.7184000015258789
YFR004W,YDR308C,0,-0.3756742,0.07588424533605576,0.5899999737739563,0.718500018119812
YER001W,YPL110C,0,-0.37567496,0.07587448507547379,0.5899999737739563,0.7185999751091003
YLR201C,YOL165C,0,-0.37571165,0.07586473226547241,0.5899999737739563,0.7186999917030334
YPL196W,YJR026W,0,-0.3758803,0.07585497200489044,0.5899999737739563,0.7188000082969666
YHR061C,YDL013W,0,-0.37605625,0.07584522664546967,0.5899999737739563,0.7189000248908997
YDR292C,YKL195W,1,-0.37606186,0.07596401125192642,0.5910000205039978,0.7189000248908997
YPL160W,YFR041C,0,-0.37608728,0.07595425099134445,0.5910000205039978,0.718999981880188
YDR247W,YDR184C,0,-0.37617925,0.07594449073076248,0.5910000205039978,0.7190999984741211
YMR219W,YHL024W,0,-0.3767287,0.07593473047018051,0.5910000205039978,0.7192000150680542
YOL005C,YJR013W,0,-0.37692645,0.07592497766017914,0.5910000205039978,0.7192999720573425
YJR090C,YPR073C,0,-0.37698668,0.07591522485017776,0.5910000205039978,0.7193999886512756
YDL088C,YHR083W,1,-0.37723124,0.07603390514850616,0.5920000076293945,0.7193999886512756
YDR299W,YPL267W,0,-0.37730765,0.0760241448879242,0.5920000076293945,0.7195000052452087
YIL049W,YKR007W,0,-0.37748754,0.07601438462734222,0.5920000076293945,0.7196000218391418
YBR168W,YNL267W,0,-0.3775143,0.07600462436676025,0.5920000076293945,0.7196999788284302
YHR034C,YDR247W,0,-0.37765187,0.07599486410617828,0.5920000076293945,0.7197999954223633
YML043C,YHR143W-A,0,-0.377755,0.07598511129617691,0.5920000076293945,0.7199000120162964
YJL173C,YJL138C,0,-0.37784085,0.07597535848617554,0.5920000076293945,0.7200000286102295
YGR217W,YLR026C,0,-0.37791717,0.07596561312675476,0.5920000076293945,0.7200999855995178
YML103C,YGL099W,1,-0.37794557,0.07608416676521301,0.5929999947547913,0.7200999855995178
YBR127C,YDR418W,0,-0.3782335,0.07607440650463104,0.5929999947547913,0.7202000021934509
YOL005C,YCL029C,0,-0.37829125,0.07606464624404907,0.5929999947547913,0.720300018787384
YPL243W,YKR020W,1,-0.3785032,0.07618314772844315,0.593999981880188,0.720300018787384
YKL144C,YER003C,0,-0.37853628,0.07617338001728058,0.593999981880188,0.7203999757766724
YPR042C,YKL179C,0,-0.37857348,0.07616361230611801,0.593999981880188,0.7204999923706055
YML075C,YDR545W,0,-0.37857896,0.07615384459495544,0.593999981880188,0.7206000089645386
YNL327W,YDL130W,0,-0.37876534,0.07614408433437347,0.593999981880188,0.7207000255584717
YDL007W,YMR172W,0,-0.37880248,0.0761343240737915,0.593999981880188,0.72079998254776
YDR440W,YDL231C,0,-0.37886143,0.07612456381320953,0.593999981880188,0.7208999991416931
YOR272W,YOR267C,0,-0.3789987,0.07611481100320816,0.593999981880188,0.7210000157356262
YKR065C,YCL038C,1,-0.37903035,0.07623318582773209,0.5950000286102295,0.7210000157356262
YEL053C,YGR186W,0,-0.37906182,0.07622341811656952,0.5950000286102295,0.7210999727249146
YKR065C,YLR431C,1,-0.37909034,0.07634174823760986,0.5960000157356262,0.7210999727249146
YDL079C,YBL057C,0,-0.37911397,0.0763319656252861,0.5960000157356262,0.7211999893188477
YIL002C,YOL068C,0,-0.37919986,0.07632219046354294,0.5960000157356262,0.7213000059127808
YNL318C,YAL026C,0,-0.37924883,0.07631242275238037,0.5960000157356262,0.7214000225067139
YGR262C,YKL166C,0,-0.37936002,0.07630264759063721,0.5960000157356262,0.7214999794960022
YKL042W,YNL065W,0,-0.3794119,0.07629287987947464,0.5960000157356262,0.7215999960899353
YDR244W,YMR091C,1,-0.3794436,0.07641111314296722,0.597000002861023,0.7215999960899353
YJL170C,YBL051C,0,-0.37945777,0.07640133053064346,0.597000002861023,0.7217000126838684
YFR052W,YAR019C,0,-0.3795128,0.0763915553689003,0.597000002861023,0.7218000292778015
YJL010C,YLR134W,0,-0.3796272,0.07638178020715714,0.597000002861023,0.7218999862670898
YPL196W,YBR102C,0,-0.37972182,0.07637201249599457,0.597000002861023,0.722000002861023
YPR020W,YPR007C,0,-0.3797389,0.0763622373342514,0.597000002861023,0.722100019454956
YNL326C,YNL261W,0,-0.379829,0.07635247707366943,0.597000002861023,0.7221999764442444
YNL267W,YMR234W,0,-0.37989467,0.07634270936250687,0.597000002861023,0.7222999930381775
YDR292C,YDR192C,1,-0.37989813,0.0764608085155487,0.5979999899864197,0.7222999930381775
YHL020C,YBR015C,0,-0.38005275,0.07645103335380554,0.5979999899864197,0.7224000096321106
YLL024C,YPL243W,1,-0.380131,0.0765690878033638,0.5989999771118164,0.7224000096321106
YDL045C,YEL050C,0,-0.38017777,0.07655930519104004,0.5989999771118164,0.7225000262260437
YNL094W,YJR153W,0,-0.38022077,0.07654952257871628,0.5989999771118164,0.722599983215332
YBR199W,YMR080C,0,-0.3802601,0.07653973996639252,0.5989999771118164,0.7226999998092651
YPL130W,YLR394W,0,-0.3804054,0.07652995735406876,0.5989999771118164,0.7228000164031982
YOL088C,YMR238W,0,-0.38048813,0.07652018219232559,0.5989999771118164,0.7228999733924866
YCR033W,YDR297W,0,-0.38048813,0.07651040703058243,0.5989999771118164,0.7229999899864197
YGL075C,YML032C,0,-0.38050503,0.07650063931941986,0.5989999771118164,0.7231000065803528
YDR091C,YER087C-A,1,-0.38062543,0.07661856710910797,0.6000000238418579,0.7231000065803528
YJR126C,YMR047C,1,-0.38070512,0.0767364650964737,0.6010000109672546,0.7231000065803528
YMR308C,YML055W,1,-0.380869,0.07685433328151703,0.6019999980926514,0.7231000065803528
YPR183W,YJR137C,0,-0.3809056,0.07684452086687088,0.6019999980926514,0.7232000231742859
YJL039C,YOR144C,0,-0.38115504,0.07683471590280533,0.6019999980926514,0.7232999801635742
YCR033W,YEL029C,0,-0.38125247,0.07682491093873978,0.6019999980926514,0.7233999967575073
YNL326C,YAL030W,0,-0.38155714,0.07681510597467422,0.6019999980926514,0.7235000133514404
YCR026C,YHR088W,0,-0.38158202,0.07680530846118927,0.6019999980926514,0.7235999703407288
YKL014C,YOR257W,0,-0.38164142,0.07679551094770432,0.6019999980926514,0.7236999869346619
YLR182W,YCL001W,0,-0.38167813,0.07678571343421936,0.6019999980926514,0.723800003528595
YMR250W,YER147C,0,-0.38180667,0.076775923371315,0.6019999980926514,0.7239000201225281
YPL051W,YGR007W,0,-0.38202703,0.07676613330841064,0.6019999980926514,0.7239999771118164
YGL120C,YBR082C,0,-0.38203466,0.07675634324550629,0.6019999980926514,0.7240999937057495
YDR013W,YLR051C,0,-0.3821354,0.07674656063318253,0.6019999980926514,0.7242000102996826
YAL024C,YDL160C,0,-0.38227153,0.07673677802085876,0.6019999980926514,0.7243000268936157
YDR255C,YOR171C,0,-0.38233152,0.076726995408535,0.6019999980926514,0.724399983882904
YPR067W,YBL090W,0,-0.38244405,0.07671722024679184,0.6019999980926514,0.7245000004768372
YGR276C,YLR129W,0,-0.38252866,0.07670744508504868,0.6019999980926514,0.7246000170707703
YKL178C,YEL002C,0,-0.38271108,0.07669766992330551,0.6019999980926514,0.7246999740600586
YDR192C,YGR206W,1,-0.38286403,0.07681528478860855,0.6029999852180481,0.7246999740600586
YMR026C,YGL016W,1,-0.3829545,0.0769328773021698,0.6039999723434448,0.7246999740600586
YDL164C,YNL327W,0,-0.38305002,0.07692307978868484,0.6039999723434448,0.7247999906539917
YIL122W,YLR098C,0,-0.3830819,0.07691328227519989,0.6039999723434448,0.7249000072479248
YJL010C,YNL261W,0,-0.3831318,0.07690349221229553,0.6039999723434448,0.7250000238418579
YNL129W,YEL071W,0,-0.38313904,0.07689369469881058,0.6039999723434448,0.7250999808311462
YKL195W,YNL059C,1,-0.38317627,0.07701120525598526,0.6050000190734863,0.7250999808311462
YML052W,YOL164W,0,-0.38319463,0.07700140029191971,0.6050000190734863,0.7251999974250793
YMR026C,YDR495C,1,-0.38327113,0.07711885869503021,0.6060000061988831,0.7251999974250793
YJL170C,YLR088W,0,-0.38341033,0.07710904628038406,0.6060000061988831,0.7253000140190125
YCR082W,YHR082C,0,-0.38366255,0.07709923386573792,0.6060000061988831,0.7253999710083008
YML103C,YHR005C-A,1,-0.38371328,0.07721664011478424,0.6069999933242798,0.7253999710083008
YEL015W,YPL106C,0,-0.3838597,0.0772068202495575,0.6069999933242798,0.7254999876022339
YGR192C,YNR038W,0,-0.3838696,0.07719700038433075,0.6069999933242798,0.725600004196167
YPL175W,YDR398W,0,-0.38402858,0.077187180519104,0.6069999933242798,0.7257000207901001
YDL031W,YDL047W,0,-0.38406545,0.07717736810445786,0.6069999933242798,0.7257999777793884
YKR060W,YER174C,0,-0.38412696,0.0771675556898117,0.6069999933242798,0.7258999943733215
YML121W,YMR301C,0,-0.38418558,0.07715775072574615,0.6069999933242798,0.7260000109672546
YDR299W,YMR198W,0,-0.3842101,0.0771479383111,0.6069999933242798,0.7261000275611877
YBR216C,YML052W,0,-0.3842846,0.07713813334703445,0.6069999933242798,0.7261999845504761
YPL051W,YNL327W,0,-0.38434076,0.0771283358335495,0.6069999933242798,0.7263000011444092
YAL011W,YBL040C,0,-0.3843752,0.07711853832006454,0.6069999933242798,0.7264000177383423
YNR011C,YGR238C,0,-0.38438022,0.07710874080657959,0.6069999933242798,0.7264999747276306
YOR057W,YJR006W,0,-0.3844334,0.07709894329309464,0.6069999933242798,0.7265999913215637
YHR061C,YNL327W,0,-0.38447943,0.07708915323019028,0.6069999933242798,0.7267000079154968
YKL108W,YHR005C,0,-0.3845632,0.07707936316728592,0.6069999933242798,0.7268000245094299
YOR188W,YGL233W,0,-0.38458198,0.07706958055496216,0.6069999933242798,0.7268999814987183
YKR072C,YBR020W,0,-0.38463223,0.0770597979426384,0.6069999933242798,0.7269999980926514
YGR119C,YDR495C,1,-0.38481814,0.07717695087194443,0.6079999804496765,0.7269999980926514
YER068W,YGR211W,0,-0.38485157,0.07716715335845947,0.6079999804496765,0.7271000146865845
YDR163W,YMR073C,0,-0.38515764,0.07715736329555511,0.6079999804496765,0.7271999716758728
YBR256C,YLR394W,0,-0.38526824,0.07714757323265076,0.6079999804496765,0.7272999882698059
YLR265C,YPL069C,0,-0.3855637,0.0771377831697464,0.6079999804496765,0.727400004863739
YLR431C,YBL078C,1,-0.385675,0.07725485414266586,0.609000027179718,0.727400004863739
YHR084W,YMR182C,0,-0.38570267,0.07724505662918091,0.609000027179718,0.7275000214576721
YMR060C,YDR484W,0,-0.38577107,0.07723525911569595,0.609000027179718,0.7275999784469604
YKR029C,YNL327W,0,-0.38580185,0.077225461602211,0.609000027179718,0.7276999950408936
YGR286C,YEL053C,0,-0.38587207,0.07721567153930664,0.609000027179718,0.7278000116348267
YGR092W,YBL035C,0,-0.38590315,0.07720588147640228,0.609000027179718,0.7279000282287598
YJL090C,YIL079C,0,-0.3859452,0.07719609886407852,0.609000027179718,0.7279999852180481
YNL262W,YDR236C,0,-0.38605368,0.07718630880117416,0.609000027179718,0.7281000018119812
YNL177C,YKL017C,0,-0.386076,0.077176533639431,0.609000027179718,0.7282000184059143
YER095W,YAR007C,0,-0.3862675,0.07716675102710724,0.609000027179718,0.7282999753952026
YGL206C,YDR308C,0,-0.3864385,0.07715697586536407,0.609000027179718,0.7283999919891357
YNL177C,YIL033C,0,-0.3864569,0.07714720070362091,0.609000027179718,0.7285000085830688
YPR073C,YJR108W,0,-0.3864971,0.07713742554187775,0.609000027179718,0.728600025177002
YMR150C,YLL024C,1,-0.38659942,0.07725430279970169,0.6100000143051147,0.728600025177002
YCR026C,YCL011C,0,-0.38686365,0.07724452018737793,0.6100000143051147,0.7286999821662903
YGR285C,YER173W,0,-0.3869894,0.07723474502563477,0.6100000143051147,0.7287999987602234
YDR303C,YAL011W,0,-0.38712934,0.077224962413311,0.6100000143051147,0.7289000153541565
YPL130W,YDR288W,0,-0.38715374,0.07721518725156784,0.6100000143051147,0.7289999723434448
YOL042W,YGR024C,0,-0.38720876,0.07720541954040527,0.6100000143051147,0.7290999889373779
YCR084C,YBL040C,0,-0.38723052,0.07719564437866211,0.6100000143051147,0.729200005531311
YCL016C,YMR188C,0,-0.38728586,0.07718587666749954,0.6100000143051147,0.7293000221252441
YAL024C,YPL228W,0,-0.38744682,0.07717611640691757,0.6100000143051147,0.7293999791145325
YKR086W,YER024W,0,-0.38756078,0.077166348695755,0.6100000143051147,0.7294999957084656
YBR020W,YDR227W,0,-0.38769308,0.07715658843517303,0.6100000143051147,0.7296000123023987
YJR126C,YPL243W,1,-0.3877215,0.07727330178022385,0.6110000014305115,0.7296000123023987
YLR081W,YIL101C,0,-0.38774502,0.07726353406906128,0.6110000014305115,0.7297000288963318
YER082C,YDR236C,0,-0.3877748,0.07725375890731812,0.6110000014305115,0.7297999858856201
YNL002C,YER122C,0,-0.3879967,0.07724399864673615,0.6110000014305115,0.7299000024795532
YML013W,YGR238C,0,-0.3880614,0.07723423093557358,0.6110000014305115,0.7300000190734863
YNL294C,YNL274C,0,-0.388184,0.07722447067499161,0.6110000014305115,0.7300999760627747
YOL005C,YIL122W,0,-0.38823414,0.07721471041440964,0.6110000014305115,0.7301999926567078
YBR060C,YGR285C,0,-0.38825703,0.07720495015382767,0.6110000014305115,0.7303000092506409
YMR267W,YPL051W,0,-0.38850975,0.0771951973438263,0.6110000014305115,0.730400025844574
YHR005C,YLR145W,0,-0.3885524,0.07718544453382492,0.6110000014305115,0.7304999828338623
YLR182W,YOR132W,0,-0.3885718,0.07717569917440414,0.6110000014305115,0.7305999994277954
YER020W,YMR060C,0,-0.38861084,0.07716595381498337,0.6110000014305115,0.7307000160217285
YER166W,YDR165W,0,-0.3887665,0.07715620845556259,0.6110000014305115,0.7307999730110168
YIL037C,YGL001C,0,-0.38884816,0.07714646309614182,0.6110000014305115,0.73089998960495
YOL090W,YMR283C,0,-0.38889432,0.07713672518730164,0.6110000014305115,0.7310000061988831
YGL223C,YHR163W,0,-0.38895667,0.07712698727846146,0.6110000014305115,0.7311000227928162
YEL026W,YIL038C,0,-0.38902313,0.07711725682020187,0.6110000014305115,0.7311999797821045
YPL160W,YIL121W,0,-0.38907117,0.0771075189113617,0.6110000014305115,0.7312999963760376
YDR123C,YKL173W,0,-0.38914427,0.07709778845310211,0.6110000014305115,0.7314000129699707
YLR447C,YHR150W,0,-0.38915128,0.07708806544542313,0.6110000014305115,0.7315000295639038
YBL057C,YLR068W,0,-0.38915157,0.07707834243774414,0.6110000014305115,0.7315999865531921
YMR047C,YBR171W,1,-0.38926739,0.07719475030899048,0.6119999885559082,0.7315999865531921
YNL294C,YMR188C,0,-0.3892842,0.0771850198507309,0.6119999885559082,0.7317000031471252
YGR119C,YGR206W,1,-0.3895417,0.07730139046907425,0.6129999756813049,0.7317000031471252
YGR156W,YPL232W,0,-0.38975936,0.07729163765907288,0.6129999756813049,0.7318000197410583
YAL009W,YOR187W,0,-0.38985413,0.0772818997502327,0.6129999756813049,0.7318999767303467
YNR035C,YGR191W,0,-0.38985825,0.07727215439081192,0.6129999756813049,0.7319999933242798
YDR449C,YML057W,0,-0.38988218,0.07726241648197174,0.6129999756813049,0.7321000099182129
YOR156C,YMR296C,0,-0.3898854,0.07725267857313156,0.6129999756813049,0.732200026512146
YDL116W,YML031W,1,-0.3899411,0.07736895233392715,0.6140000224113464,0.732200026512146
YOL033W,YGL219C,0,-0.39006194,0.07735920697450638,0.6140000224113464,0.7322999835014343
YLR210W,YPL159C,0,-0.39013404,0.0773494616150856,0.6140000224113464,0.7324000000953674
YIR012W,YAL011W,0,-0.39017043,0.07733971625566483,0.6140000224113464,0.7325000166893005
YMR073C,YDL143W,0,-0.39018333,0.07732997834682465,0.6140000224113464,0.7325999736785889
YKL014C,YDL194W,0,-0.3903529,0.07732024043798447,0.6140000224113464,0.732699990272522
YLR155C,YER061C,0,-0.3904199,0.07731050252914429,0.6140000224113464,0.7328000068664551
YLR340W,YER042W,0,-0.3904373,0.07730076462030411,0.6140000224113464,0.7329000234603882
YFR034C,YBR161W,0,-0.39044434,0.07729103416204453,0.6140000224113464,0.7329999804496765
YLR176C,YLR023C,0,-0.3905074,0.07728131115436554,0.6140000224113464,0.7330999970436096
YPR183W,YBR265W,0,-0.39060488,0.07727158069610596,0.6140000224113464,0.7332000136375427
YDR341C,YLR192C,0,-0.39064357,0.07726185768842697,0.6140000224113464,0.733299970626831
YPL153C,YOL095C,0,-0.39066213,0.07725214213132858,0.6140000224113464,0.7333999872207642
YGR092W,YHR118C,0,-0.39069098,0.0772424191236496,0.6140000224113464,0.7335000038146973
YOR171C,YNL327W,0,-0.39075816,0.07723270356655121,0.6140000224113464,0.7336000204086304
YGR029W,YHR005C-A,1,-0.3908943,0.07734876126050949,0.6150000095367432,0.7336000204086304
YNL126W,YOR147W,0,-0.39095035,0.07733903080224991,0.6150000095367432,0.7336999773979187
YDL031W,YLR026C,0,-0.39096177,0.07732930779457092,0.6150000095367432,0.7337999939918518
YDR435C,YDR311W,0,-0.3910156,0.07731958478689194,0.6150000095367432,0.7339000105857849
YGR014W,YER008C,0,-0.39108264,0.07730986922979355,0.6150000095367432,0.734000027179718
YER145C,YAL022C,0,-0.3911579,0.07730015367269516,0.6150000095367432,0.7340999841690063
YKL195W,YGR206W,1,-0.39136222,0.07741611450910568,0.6159999966621399,0.7340999841690063
YJR077C,YNL261W,0,-0.3914895,0.0774063840508461,0.6159999966621399,0.7342000007629395
YDR244W,YLR431C,1,-0.39162883,0.07752230018377304,0.6169999837875366,0.7342000007629395
YJL085W,YJL168C,0,-0.3916566,0.07751256227493286,0.6169999837875366,0.7343000173568726
YKR063C,YER147C,0,-0.39176756,0.07750282436609268,0.6169999837875366,0.7343999743461609
YEL036C,YOR257W,0,-0.3918186,0.0774930939078331,0.6169999837875366,0.734499990940094
YNL001W,YBR172C,0,-0.39183253,0.07748336344957352,0.6169999837875366,0.7346000075340271
YJL168C,YOR076C,0,-0.3918601,0.07747363299131393,0.6169999837875366,0.7347000241279602
YBL018C,YNL068C,0,-0.3919685,0.07746390253305435,0.6169999837875366,0.7347999811172485
YPL123C,YMR267W,0,-0.392028,0.07745417952537537,0.6169999837875366,0.7348999977111816
YDL155W,YGR286C,0,-0.39203218,0.07744445651769638,0.6169999837875366,0.7350000143051147
YOR002W,YMR246W,0,-0.3921627,0.07743474096059799,0.6169999837875366,0.7350999712944031
YBR177C,YGR186W,0,-0.39220324,0.0774250254034996,0.6169999837875366,0.7351999878883362
YMR128W,YOR267C,0,-0.3922141,0.07741530984640121,0.6169999837875366,0.7353000044822693
YDL164C,YDR418W,0,-0.39240053,0.07740559428930283,0.6169999837875366,0.7354000210762024
YDR381W,YNR056C,0,-0.39257625,0.07739588618278503,0.6169999837875366,0.7354999780654907
YMR268C,YEL066W,0,-0.39260164,0.07738617807626724,0.6169999837875366,0.7355999946594238
YBL051C,YPL106C,0,-0.39270863,0.07737646996974945,0.6169999837875366,0.7357000112533569
YBL058W,YLR363C,0,-0.3927715,0.07736676931381226,0.6169999837875366,0.73580002784729
YGL021W,YDR341C,0,-0.3928486,0.07735706865787506,0.6169999837875366,0.7358999848365784
YGR227W,YKL178C,0,-0.39289534,0.07734737545251846,0.6169999837875366,0.7360000014305115
YJL090C,YKR063C,0,-0.39291883,0.07733768224716187,0.6169999837875366,0.7361000180244446
YER087C-A,YGL099W,1,-0.39313525,0.07745331525802612,0.6179999709129333,0.7361000180244446
YLR405W,YLR298C,0,-0.39315414,0.07744360715150833,0.6179999709129333,0.7361999750137329
YNL001W,YLR167W,0,-0.39334002,0.07743390649557114,0.6179999709129333,0.736299991607666
YGL022W,YGL187C,0,-0.3934035,0.07742420583963394,0.6179999709129333,0.7364000082015991
YMR219W,YGR072W,0,-0.39342552,0.07741450518369675,0.6179999709129333,0.7365000247955322
YDR013W,YMR238W,0,-0.39357117,0.07740481197834015,0.6179999709129333,0.7365999817848206
YCL034W,YLR114C,0,-0.3936358,0.07739511877298355,0.6179999709129333,0.7366999983787537
YLR206W,YNL054W,0,-0.39379558,0.07738542556762695,0.6179999709129333,0.7368000149726868
YBL079W,YDR086C,1,-0.39408153,0.07750093936920166,0.6190000176429749,0.7368000149726868
YMR096W,YML128C,0,-0.3941122,0.07749123871326447,0.6190000176429749,0.7368999719619751
YDR231C,YKL070W,0,-0.39425194,0.07748153805732727,0.6190000176429749,0.7369999885559082
YDL007W,YOR171C,0,-0.39425507,0.07747183740139008,0.6190000176429749,0.7371000051498413
YGR157W,YBL040C,0,-0.39439958,0.07746214419603348,0.6190000176429749,0.7372000217437744
YLR430W,YGR258C,0,-0.39440018,0.07745245099067688,0.6190000176429749,0.7372999787330627
YNL001W,YGL257C,0,-0.39449647,0.07744276523590088,0.6190000176429749,0.7373999953269958
YBL057C,YKR060W,0,-0.394523,0.07743307203054428,0.6190000176429749,0.737500011920929
YPR198W,YFL039C,0,-0.3946128,0.07742338627576828,0.6190000176429749,0.7376000285148621
YPL161C,YPR065W,0,-0.39485416,0.07741370797157288,0.6190000176429749,0.7376999855041504
YNL153C,YLR340W,0,-0.39500535,0.07740402966737747,0.6190000176429749,0.7378000020980835
YLR276C,YDR163W,0,-0.39525884,0.07739435136318207,0.6190000176429749,0.7379000186920166
YLR363C,YBR132C,0,-0.3957455,0.07738467305898666,0.6190000176429749,0.7379999756813049
YJL108C,YLR447C,0,-0.395792,0.07737500220537186,0.6190000176429749,0.738099992275238
YHR006W,YCL016C,0,-0.39593384,0.07736533135175705,0.6190000176429749,0.7382000088691711
YBR274W,YER020W,0,-0.39596665,0.07735566049814224,0.6190000176429749,0.7383000254631042
YDL007W,YAL032C,0,-0.39597628,0.07734599709510803,0.6190000176429749,0.7383999824523926
YDL088C,YBL078C,1,-0.3959788,0.07746127247810364,0.6200000047683716,0.7383999824523926
YML093W,YDL227C,0,-0.39603353,0.07745159417390823,0.6200000047683716,0.7384999990463257
YPR020W,YDR341C,0,-0.3961201,0.07744191586971283,0.6200000047683716,0.7386000156402588
YJR083C,YNL054W,0,-0.3961905,0.07743224501609802,0.6200000047683716,0.7386999726295471
YDR011W,YNL243W,0,-0.39629596,0.07742257416248322,0.6200000047683716,0.7387999892234802
YPR073C,YAL026C,0,-0.3963186,0.077412910759449,0.6200000047683716,0.7389000058174133
YMR026C,YHR083W,1,-0.3965937,0.07752808928489685,0.6209999918937683,0.7389000058174133
YGR227W,YMR309C,0,-0.39666158,0.07751841098070145,0.6209999918937683,0.7390000224113464
YMR219W,YLR026C,0,-0.39676356,0.07750874012708664,0.6209999918937683,0.7390999794006348
YJL008C,YNL209W,0,-0.3969566,0.07749906182289124,0.6209999918937683,0.7391999959945679
YBL018C,YJL173C,0,-0.3970485,0.07748939096927643,0.6209999918937683,0.739300012588501
YNR044W,YMR001C,0,-0.39715132,0.07747972756624222,0.6209999918937683,0.7394000291824341
YNL197C,YJL039C,0,-0.39731333,0.07747005671262741,0.6209999918937683,0.7394999861717224
YPL160W,YDL052C,0,-0.397347,0.0774603933095932,0.6209999918937683,0.7396000027656555
YPL053C,YMR212C,0,-0.3974226,0.07745073735713959,0.6209999918937683,0.7397000193595886
YLR430W,YPL097W,0,-0.39747772,0.07744107395410538,0.6209999918937683,0.739799976348877
YLR115W,YFR048W,0,-0.39754927,0.07743141800165176,0.6209999918937683,0.7398999929428101
YBL082C,YML029W,0,-0.39794552,0.07742176949977875,0.6209999918937683,0.7400000095367432
YOR147W,YDR453C,0,-0.3979713,0.07741211354732513,0.6209999918937683,0.7401000261306763
YJR140C,YMR065W,0,-0.3979874,0.07740246504545212,0.6209999918937683,0.7401999831199646
YMR293C,YGR002C,0,-0.3981244,0.0773928239941597,0.6209999918937683,0.7402999997138977
YGL022W,YDR308C,0,-0.39813554,0.07738317549228668,0.6209999918937683,0.7404000163078308
YGR214W,YJL052W,0,-0.39815396,0.07737353444099426,0.6209999918937683,0.7404999732971191
YAL002W,YGL257C,0,-0.3981582,0.07736389338970184,0.6209999918937683,0.7405999898910522
YMR227C,YBR092C,0,-0.39825267,0.07735425978899002,0.6209999918937683,0.7407000064849854
YML032C,YLR144C,0,-0.39833054,0.0773446261882782,0.6209999918937683,0.7408000230789185
YER025W,YMR234W,0,-0.398332,0.07733499258756638,0.6209999918937683,0.7408999800682068
YMR039C,YNL080C,0,-0.39837575,0.07732536643743515,0.6209999918937683,0.7409999966621399
YBR098W,YNL327W,0,-0.39845264,0.07731574028730392,0.6209999918937683,0.741100013256073
YER166W,YMR056C,0,-0.39851645,0.0773061141371727,0.6209999918937683,0.7411999702453613
YML098W,YDR545W,0,-0.3985859,0.07729648798704147,0.6209999918937683,0.7412999868392944
YML058W,YOR007C,0,-0.3986004,0.07728686928749084,0.6209999918937683,0.7414000034332275
YKL195W,YDR086C,1,-0.3989827,0.07740169018507004,0.621999979019165,0.7414000034332275
YPL210C,YER009W,1,-0.39902085,0.07751648873090744,0.6230000257492065,0.7414000034332275
YML052W,YGR179C,0,-0.39919123,0.07750684022903442,0.6230000257492065,0.7415000200271606
YHR020W,YER171W,0,-0.3992123,0.077497199177742,0.6230000257492065,0.741599977016449
YMR238W,YDR123C,0,-0.39921486,0.07748756557703018,0.6230000257492065,0.7416999936103821
YOR188W,YDL081C,0,-0.3992165,0.07747792452573776,0.6230000257492065,0.7418000102043152
YJR140C,YGL049C,0,-0.39933842,0.07746829092502594,0.6230000257492065,0.7419000267982483
YMR267W,YJL138C,0,-0.39941305,0.07745865732431412,0.6230000257492065,0.7419999837875366
YBR244W,YOL128C,0,-0.39948052,0.07744903117418289,0.6230000257492065,0.7421000003814697
YPL243W,YCL038C,1,-0.39951473,0.07756370306015015,0.6240000128746033,0.7421000003814697
YDR513W,YNR046W,0,-0.39964283,0.07755406200885773,0.6240000128746033,0.7422000169754028
YMR033W,YGL048C,0,-0.39982072,0.0775444284081459,0.6240000128746033,0.7422999739646912
YPR139C,YBR171W,1,-0.4001825,0.07765904814004898,0.625,0.7422999739646912
YPL137C,YNR057C,0,-0.40047103,0.07764939963817596,0.625,0.7423999905586243
YPL210C,YOL082W,1,-0.40051287,0.07776397466659546,0.6259999871253967,0.7423999905586243
YGR119C,YJL104W,1,-0.40052488,0.07787852734327316,0.6269999742507935,0.7423999905586243
YOL142W,YDR297W,0,-0.40057242,0.07786884903907776,0.6269999742507935,0.7425000071525574
YDR179C,YGR186W,0,-0.4007086,0.07785918563604355,0.6269999742507935,0.7426000237464905
YDR436W,YER042W,0,-0.40071863,0.07784951478242874,0.6269999742507935,0.7426999807357788
YML113W,YAL056W,0,-0.4008897,0.07783985137939453,0.6269999742507935,0.7427999973297119
YGL180W,YPR201W,0,-0.4009508,0.07783018797636032,0.6269999742507935,0.742900013923645
YBR060C,YIL121W,0,-0.40096074,0.07782053202390671,0.6269999742507935,0.7429999709129333
YML055W,YFR002W,1,-0.40099102,0.07793497294187546,0.628000020980835,0.7429999709129333
YMR080C,YMR212C,0,-0.4010915,0.07792530208826065,0.628000020980835,0.7430999875068665
YML058W,YIL066C,0,-0.4012408,0.07791563123464584,0.628000020980835,0.7432000041007996
YLR081W,YIL066C,0,-0.401355,0.07790596783161163,0.628000020980835,0.7433000206947327
YGR211W,YLR114C,0,-0.40150732,0.07789630442857742,0.628000020980835,0.743399977684021
YAL009W,YBL090W,0,-0.40157956,0.07788664102554321,0.628000020980835,0.7434999942779541
YNL177C,YJL138C,0,-0.40167475,0.0778769850730896,0.628000020980835,0.7436000108718872
YNL039W,YLR114C,0,-0.40169978,0.07786732912063599,0.628000020980835,0.7437000274658203
YML021C,YPL040C,0,-0.40170443,0.07785767316818237,0.628000020980835,0.7437999844551086
YBR082C,YML025C,0,-0.4017612,0.07784802466630936,0.628000020980835,0.7439000010490417
YCR005C,YBR211C,0,-0.4018271,0.07783837616443634,0.628000020980835,0.7440000176429749
YMR047C,YLR008C,1,-0.40211838,0.07795266062021255,0.6290000081062317,0.7440000176429749
YMR096W,YCL029C,0,-0.40232843,0.07794299721717834,0.6290000081062317,0.7440999746322632
YOR132W,YMR268C,0,-0.40234104,0.07793334126472473,0.6290000081062317,0.7441999912261963
YAL009W,YLR394W,0,-0.40236723,0.07792368531227112,0.6290000081062317,0.7443000078201294
YMR065W,YPL047W,0,-0.40245214,0.0779140368103981,0.6290000081062317,0.7444000244140625
YMR033W,YDL126C,0,-0.40247825,0.07790438085794449,0.6290000081062317,0.7444999814033508
YCL016C,YBR092C,0,-0.4026022,0.07789473980665207,0.6290000081062317,0.7445999979972839
YBR168W,YHL020C,0,-0.4027648,0.07788509130477905,0.6290000081062317,0.744700014591217
YDR320C,YLR005W,0,-0.40286136,0.07787545025348663,0.6290000081062317,0.7447999715805054
YCR075C,YDL002C,0,-0.40287384,0.07786580920219421,0.6290000081062317,0.7448999881744385
YBR228W,YDR484W,0,-0.40307015,0.0778561681509018,0.6290000081062317,0.7450000047683716
YPL210C,YGL016W,1,-0.4031606,0.07797029614448547,0.6299999952316284,0.7450000047683716
YBR098W,YDR381W,0,-0.40346837,0.07796064764261246,0.6299999952316284,0.7451000213623047
YBR257W,YMR234W,0,-0.40360314,0.07795099914073944,0.6299999952316284,0.745199978351593
YBR060C,YIR012W,0,-0.4036219,0.07794135808944702,0.6299999952316284,0.7452999949455261
YDR292C,YIR022W,1,-0.4036534,0.07805541902780533,0.6309999823570251,0.7452999949455261
YCL025C,YEL050C,0,-0.40366507,0.07804576307535172,0.6309999823570251,0.7454000115394592
YLR447C,YMR073C,0,-0.4037706,0.0780361145734787,0.6309999823570251,0.7455000281333923
YGR179C,YLR210W,0,-0.4038778,0.07802645862102509,0.6309999823570251,0.7455999851226807
YML013W,YER003C,0,-0.40397948,0.07801681756973267,0.6309999823570251,0.7457000017166138
YHR150W,YNR030W,0,-0.40421164,0.07800716906785965,0.6309999823570251,0.7458000183105469
YDR153C,YIL149C,1,-0.40422678,0.0781211405992508,0.6320000290870667,0.7458000183105469
YNR047W,YHR038W,0,-0.40450993,0.07811148464679718,0.6320000290870667,0.7458999752998352
YDL002C,YBR085W,0,-0.40455014,0.07810182869434357,0.6320000290870667,0.7459999918937683
YBR057C,YNL097C,0,-0.40460068,0.07809218019247055,0.6320000290870667,0.7461000084877014
YBR118W,YPL106C,0,-0.40462032,0.07808253169059753,0.6320000290870667,0.7462000250816345
YIR008C,YDL160C,0,-0.40483105,0.07807288318872452,0.6320000290870667,0.7462999820709229
YML051W,YHR150W,0,-0.40487427,0.0780632421374321,0.6320000290870667,0.746399998664856
YLR249W,YML078W,0,-0.4049062,0.07805360108613968,0.6320000290870667,0.7465000152587891
YHR061C,YGR014W,0,-0.40503395,0.07804396003484726,0.6320000290870667,0.7465999722480774
YLR084C,YFL022C,0,-0.4051544,0.07803432643413544,0.6320000290870667,0.7466999888420105
YLR193C,YKR020W,1,-0.40518284,0.07814814895391464,0.6330000162124634,0.7466999888420105
YLR340W,YER147C,0,-0.40523243,0.07813850045204163,0.6330000162124634,0.7468000054359436
YJL090C,YGL252C,0,-0.4052785,0.0781288594007492,0.6330000162124634,0.7469000220298767
YDR353W,YBR082C,0,-0.40530095,0.07811921834945679,0.6330000162124634,0.746999979019165
YDL047W,YEL066W,0,-0.405451,0.07810957729816437,0.6330000162124634,0.7470999956130981
YFR002W,YBR164C,1,-0.40546232,0.078223317861557,0.6340000033378601,0.7470999956130981
YER015W,YFL058W,0,-0.40550175,0.07821366935968399,0.6340000033378601,0.7472000122070312
YMR234W,YPL047W,0,-0.40557146,0.07820402085781097,0.6340000033378601,0.7473000288009644
YBR057C,YCL029C,0,-0.40560985,0.07819437235593796,0.6340000033378601,0.7473999857902527
YLR265C,YNR057C,0,-0.40568888,0.07818473130464554,0.6340000033378601,0.7475000023841858
YDR507C,YKL179C,0,-0.40593374,0.07817509025335312,0.6340000033378601,0.7476000189781189
YBR216C,YOR144C,0,-0.4059597,0.0781654566526413,0.6340000033378601,0.7476999759674072
YCL069W,YKL173W,0,-0.40610814,0.07815581560134888,0.6340000033378601,0.7477999925613403
YMR150C,YMR235C,1,-0.40626293,0.07826944440603256,0.6349999904632568,0.7477999925613403
YJL117W,YPL138C,0,-0.40635896,0.07825979590415955,0.6349999904632568,0.7479000091552734
YLR405W,YML025C,0,-0.40639573,0.07825015485286713,0.6349999904632568,0.7480000257492065
YER166W,YNL054W,0,-0.4064925,0.07824051380157471,0.6349999904632568,0.7480999827384949
YDL102W,YLR088W,0,-0.40656286,0.07823087275028229,0.6349999904632568,0.748199999332428
YPL232W,YKL178C,0,-0.40696138,0.07822123914957047,0.6349999904632568,0.7483000159263611
YLL024C,YKL143W,1,-0.40704307,0.07833477109670639,0.6359999775886536,0.7483000159263611
YMR026C,YEL013W,1,-0.40710816,0.07844827324151993,0.6370000243186951,0.7483000159263611
YDR191W,YKR007W,0,-0.40722692,0.07843861728906631,0.6370000243186951,0.7483999729156494
YMR033W,YCR067C,0,-0.40724128,0.0784289613366127,0.6370000243186951,0.7484999895095825
YDR052C,YNL047C,0,-0.40734214,0.07841930538415909,0.6370000243186951,0.7486000061035156
YCR009C,YEL050C,0,-0.4073539,0.07840964943170547,0.6370000243186951,0.7487000226974487
YHR075C,YLR447C,0,-0.40749496,0.07840000092983246,0.6370000243186951,0.7487999796867371
YBR186W,YMR001C,0,-0.40762663,0.07839035242795944,0.6370000243186951,0.7488999962806702
YBR257W,YPL011C,0,-0.40774137,0.07838070392608643,0.6370000243186951,0.7490000128746033
YKL042W,YIL066C,0,-0.4077947,0.078371062874794,0.6370000243186951,0.7491000294685364
YBL058W,YGR075C,0,-0.4080246,0.07836142182350159,0.6370000243186951,0.7491999864578247
YLR447C,YDL045C,0,-0.4080367,0.07835178077220917,0.6370000243186951,0.7493000030517578
YER087C-A,YMR308C,1,-0.40823522,0.07846513390541077,0.6380000114440918,0.7493000030517578
YAL009W,YER166W,0,-0.40830138,0.07845548540353775,0.6380000114440918,0.7494000196456909
YCR028C-A,YNL015W,0,-0.40836668,0.07844583690166473,0.6380000114440918,0.7494999766349792
YER068W,YOL128C,0,-0.4084912,0.07843619585037231,0.6380000114440918,0.7495999932289124
YIL034C,YML038C,0,-0.40850297,0.0784265547990799,0.6380000114440918,0.7497000098228455
YMR283C,YJL087C,0,-0.40850583,0.07841691374778748,0.6380000114440918,0.7498000264167786
YDL020C,YBR127C,0,-0.40862435,0.07840727269649506,0.6380000114440918,0.7498999834060669
YMR033W,YGR245C,0,-0.40880248,0.07839763909578323,0.6380000114440918,0.75
YOR344C,YGR211W,0,-0.40885085,0.07838800549507141,0.6380000114440918,0.7501000165939331
YML031W,YDR495C,1,-0.4089625,0.07850123196840286,0.6389999985694885,0.7501000165939331
YER082C,YOL128C,0,-0.40918612,0.07849158346652985,0.6389999985694885,0.7501999735832214
YPR199C,YDR479C,0,-0.40923858,0.07848194241523743,0.6389999985694885,0.7502999901771545
YOR249C,YGR186W,0,-0.40962252,0.0784723088145256,0.6389999985694885,0.7504000067710876
YKL016C,YGL001C,0,-0.40986174,0.07846267521381378,0.6389999985694885,0.7505000233650208
YAL002W,YLR405W,0,-0.4099205,0.07845304161310196,0.6389999985694885,0.7505999803543091
YPL210C,YBR171W,1,-0.4100291,0.07856616377830505,0.6399999856948853,0.7505999803543091
YDR236C,YKL173W,0,-0.41004282,0.07855652272701263,0.6399999856948853,0.7506999969482422
YPR042C,YDR038C,0,-0.4101043,0.07854688167572021,0.6399999856948853,0.7508000135421753
YPR010C,YIL039W,0,-0.41013676,0.0785372406244278,0.6399999856948853,0.7508999705314636
YBR142W,YER005W,0,-0.41025662,0.07852760702371597,0.6399999856948853,0.7509999871253967
YPL160W,YBR257W,0,-0.410329,0.07851797342300415,0.6399999856948853,0.7511000037193298
YHL025W,YMR001C,0,-0.4103746,0.07850833982229233,0.6399999856948853,0.7512000203132629
YDL160C,YGR112W,0,-0.41047794,0.0784987136721611,0.6399999856948853,0.7512999773025513
YGL194C,YOR328W,0,-0.41054875,0.07848908752202988,0.6399999856948853,0.7513999938964844
YGR024C,YDL130W-A,0,-0.4105489,0.07847946137189865,0.6399999856948853,0.7515000104904175
YAL056W,YDR151C,0,-0.41062248,0.07846983522176743,0.6399999856948853,0.7516000270843506
YDR456W,YHL024W,0,-0.4107045,0.0784602165222168,0.6399999856948853,0.7516999840736389
YDL007W,YDR295C,0,-0.41079575,0.07845059782266617,0.6399999856948853,0.751800000667572
YDR449C,YOR058C,0,-0.4110061,0.07844098657369614,0.6399999856948853,0.7519000172615051
YLR069C,YBL040C,0,-0.41109416,0.0784313753247261,0.6399999856948853,0.7519999742507935
YOR008C,YHR070W,0,-0.41118544,0.07842176407575607,0.6399999856948853,0.7520999908447266
YJL060W,YGR157W,0,-0.41161972,0.07841215282678604,0.6399999856948853,0.7522000074386597
YBR182C,YDL160C,0,-0.41174978,0.0784025490283966,0.6399999856948853,0.7523000240325928
YJR126C,YGR029W,1,-0.41182196,0.0785154327750206,0.640999972820282,0.7523000240325928
YBR098W,YLL026W,0,-0.4118851,0.07850581407546997,0.640999972820282,0.7523999810218811
YNL326C,YMR246W,0,-0.41194865,0.07849620282649994,0.640999972820282,0.7524999976158142
YJL026W,YNL209W,0,-0.41195366,0.07848659157752991,0.640999972820282,0.7526000142097473
YNL262W,YKL101W,0,-0.41203326,0.07847698032855988,0.640999972820282,0.7526999711990356
YJL176C,YNR038W,0,-0.41205022,0.07846737653017044,0.640999972820282,0.7527999877929688
YML132W,YOR132W,0,-0.41215363,0.078457772731781,0.640999972820282,0.7529000043869019
YLL043W,YAL011W,0,-0.412195,0.07844816893339157,0.640999972820282,0.753000020980835
YHR204W,YNL126W,0,-0.41220295,0.07843857258558273,0.640999972820282,0.7530999779701233
YLR117C,YOR147W,0,-0.41226685,0.0784289762377739,0.640999972820282,0.7531999945640564
YGL252C,YOR187W,0,-0.41241553,0.07841937988996506,0.640999972820282,0.7533000111579895
YFR002W,YIL149C,1,-0.41251945,0.07853210717439651,0.6420000195503235,0.7533000111579895
YHR175W,YFR052W,0,-0.41272148,0.07852250337600708,0.6420000195503235,0.7534000277519226
YPL243W,YOL082W,1,-0.41275638,0.07863519340753555,0.6430000066757202,0.7534000277519226
YOL142W,YAL032C,0,-0.41277802,0.07862558215856552,0.6430000066757202,0.7534999847412109
YML058W,YPR198W,0,-0.41289967,0.07861597090959549,0.6430000066757202,0.753600001335144
YMR267W,YHR061C,0,-0.41291657,0.07860635966062546,0.6430000066757202,0.7537000179290771
YBR216C,YDR141C,0,-0.41344485,0.07859674841165543,0.6430000066757202,0.7537999749183655
YBR298C,YMR075W,0,-0.4135349,0.07858714461326599,0.6430000066757202,0.7538999915122986
YML103C,YHL028W,1,-0.41362828,0.0786997452378273,0.6439999938011169,0.7538999915122986
YJL173C,YPL147W,0,-0.4136653,0.07869012653827667,0.6439999938011169,0.7540000081062317
YKL195W,YPR139C,1,-0.41369584,0.078802689909935,0.6449999809265137,0.7540000081062317
YMR219W,YER147C,0,-0.41384435,0.07879306375980377,0.6449999809265137,0.7541000247001648
YLR313C,YLR075W,0,-0.41407067,0.07878343760967255,0.6449999809265137,0.7541999816894531
YKR097W,YNL278W,0,-0.41408244,0.07877381891012192,0.6449999809265137,0.7542999982833862
YDR309C,YAL038W,0,-0.41413707,0.07876419275999069,0.6449999809265137,0.7544000148773193
YPL195W,YMR056C,0,-0.41421214,0.07875458151102066,0.6449999809265137,0.7544999718666077
YMR267W,YGR156W,0,-0.41430253,0.07874496281147003,0.6449999809265137,0.7545999884605408
YMR077C,YLR383W,0,-0.41431597,0.0787353515625,0.6449999809265137,0.7547000050544739
YBL057C,YJL052W,0,-0.4143877,0.07872574031352997,0.6449999809265137,0.754800021648407
YCL044C,YKL108W,0,-0.4146108,0.07871613651514053,0.6449999809265137,0.7548999786376953
YNL129W,YGR010W,0,-0.41464406,0.0787065252661705,0.6449999809265137,0.7549999952316284
YOR359W,YKR020W,1,-0.4147227,0.07881893962621689,0.6460000276565552,0.7549999952316284
YGL032C,YBL102W,0,-0.4147247,0.07880932092666626,0.6460000276565552,0.7551000118255615
YPL262W,YOL135C,0,-0.41484445,0.07879970967769623,0.6460000276565552,0.7552000284194946
YJR126C,YHR197W,1,-0.4148654,0.07891206443309784,0.6470000147819519,0.7552000284194946
YIL037C,YER062C,0,-0.41487825,0.07890243828296661,0.6470000147819519,0.755299985408783
YBR102C,YMR128W,0,-0.41494206,0.07889281958341599,0.6470000147819519,0.7554000020027161
YML021C,YDR225W,0,-0.4150297,0.07888320088386536,0.6470000147819519,0.7555000185966492
YLR098C,YKL101W,0,-0.4150653,0.07887358218431473,0.6470000147819519,0.7555999755859375
YPL243W,YLR193C,1,-0.41515046,0.07898586243391037,0.6480000019073486,0.7555999755859375
YOR007C,YNL239W,0,-0.41519234,0.07897623628377914,0.6480000019073486,0.7556999921798706
YOR132W,YGR186W,0,-0.4152844,0.07896661013364792,0.6480000019073486,0.7558000087738037
YLR431C,YJL104W,1,-0.41542947,0.07907883822917938,0.6489999890327454,0.7558000087738037
YFR048W,YML128C,0,-0.41557702,0.07906919717788696,0.6489999890327454,0.7559000253677368
YJL053W,YOL069W,0,-0.41568515,0.07905957102775574,0.6489999890327454,0.7559999823570251
YDL126C,YML025C,0,-0.41577154,0.07904993742704391,0.6489999890327454,0.7560999989509583
YDR163W,YKL178C,0,-0.41581535,0.07904031127691269,0.6489999890327454,0.7562000155448914
YGR123C,YBR127C,0,-0.41591612,0.07903068512678146,0.6489999890327454,0.7562999725341797
YGR112W,YDR251W,0,-0.41643807,0.07902106642723083,0.6489999890327454,0.7563999891281128
YJL176C,YKR060W,0,-0.4166506,0.07901144027709961,0.6489999890327454,0.7565000057220459
YHL025W,YBR185C,0,-0.41666248,0.07900182902812958,0.6489999890327454,0.756600022315979
YCR066W,YBR193C,0,-0.41675952,0.07899221032857895,0.6489999890327454,0.7566999793052673
YHR075C,YOL042W,0,-0.41689417,0.07898259907960892,0.6489999890327454,0.7567999958992004
YOL165C,YOR002W,0,-0.41698116,0.07897298783063889,0.6489999890327454,0.7569000124931335
YDR052C,YKR007W,0,-0.41704673,0.07896337658166885,0.6489999890327454,0.7570000290870667
YLR405W,YBR092C,0,-0.41716704,0.07895377278327942,0.6489999890327454,0.757099986076355
YMR065W,YGR014W,0,-0.41774648,0.07894416898488998,0.6489999890327454,0.7572000026702881
YIL079C,YJL201W,0,-0.41785362,0.07893456518650055,0.6489999890327454,0.7573000192642212
YNL256W,YCR028C-A,0,-0.41788635,0.07892496883869171,0.6489999890327454,0.7573999762535095
YER087C-A,YPL243W,1,-0.41788933,0.07903696596622467,0.6499999761581421,0.7573999762535095
YGL227W,YNL278W,0,-0.41791362,0.07902735471725464,0.6499999761581421,0.7574999928474426
YHR001W,YLR107W,0,-0.41793346,0.0790177509188652,0.6499999761581421,0.7576000094413757
YDL043C,YKR060W,0,-0.4179714,0.07900814712047577,0.6499999761581421,0.7577000260353088
YPR073C,YDL198C,0,-0.41818577,0.07899854332208633,0.6499999761581421,0.7577999830245972
YKL042W,YMR198W,0,-0.41822404,0.0789889395236969,0.6499999761581421,0.7578999996185303
YIL017C,YMR073C,0,-0.41841698,0.07897934317588806,0.6499999761581421,0.7580000162124634
YDR086C,YGR206W,1,-0.41844228,0.07909124344587326,0.6510000228881836,0.7580000162124634
YGL111W,YGL028C,0,-0.41853884,0.07908163219690323,0.6510000228881836,0.7580999732017517
YPR033C,YLL026W,0,-0.41868514,0.0790720283985138,0.6510000228881836,0.7581999897956848
YER015W,YDR140W,0,-0.41871879,0.07906242460012436,0.6510000228881836,0.7583000063896179
YPL181W,YAL021C,0,-0.41873065,0.07905282080173492,0.6510000228881836,0.758400022983551
YOR304W,YLL041C,0,-0.41878045,0.07904322445392609,0.6510000228881836,0.7584999799728394
YCR033W,YLR155C,0,-0.41882175,0.07903362810611725,0.6510000228881836,0.7585999965667725
YPL051W,YBL003C,0,-0.41887295,0.07902403175830841,0.6510000228881836,0.7587000131607056
YGR286C,YDL150W,0,-0.41913342,0.07901444286108017,0.6510000228881836,0.7588000297546387
YOR151C,YOR025W,0,-0.41918746,0.07900485396385193,0.6510000228881836,0.758899986743927
YBR288C,YHR068W,0,-0.41922107,0.07899526506662369,0.6510000228881836,0.7590000033378601
YMR227C,YGR245C,0,-0.4195415,0.07898568361997604,0.6510000228881836,0.7591000199317932
YMR235C,YIL149C,1,-0.4196306,0.07909741252660751,0.6520000100135803,0.7591000199317932
YMR060C,YOL042W,0,-0.41985458,0.07908782362937927,0.6520000100135803,0.7591999769210815
YBR057C,YBR084W,0,-0.41987213,0.07907822728157043,0.6520000100135803,0.7592999935150146
YGR029W,YGR119C,1,-0.41988182,0.07918991148471832,0.652999997138977,0.7592999935150146
YAL021C,YPL091W,0,-0.42023933,0.07918030768632889,0.652999997138977,0.7594000101089478
YER087C-A,YER009W,1,-0.42049217,0.0792919471859932,0.6539999842643738,0.7594000101089478
YJL090C,YLR329W,0,-0.42050058,0.07928233593702316,0.6539999842643738,0.7595000267028809
YNL094W,YKL175W,0,-0.4205798,0.07927272468805313,0.6539999842643738,0.7595999836921692
YBL074C,YER126C,0,-0.42068708,0.0792631208896637,0.6539999842643738,0.7597000002861023
YJR013W,YEL029C,0,-0.4208633,0.07925351709127426,0.6539999842643738,0.7598000168800354
YKR057W,YER049W,0,-0.42090037,0.07924391329288483,0.6539999842643738,0.7598999738693237
YBR199W,YLR394W,0,-0.42090973,0.07923430949449539,0.6539999842643738,0.7599999904632568
YMR047C,YJL104W,1,-0.4209463,0.07934585213661194,0.6549999713897705,0.7599999904632568
YGR118W,YGR078C,0,-0.42096898,0.0793362408876419,0.6549999713897705,0.7601000070571899
YOR243C,YEL029C,0,-0.4210671,0.07932662963867188,0.6549999713897705,0.760200023651123
YNR011C,YFR031C,0,-0.42110652,0.07931702584028244,0.6549999713897705,0.7602999806404114
YDR292C,YHR197W,1,-0.42112628,0.07942850142717361,0.656000018119812,0.7602999806404114
YKR072C,YDL081C,0,-0.4214712,0.07941888272762299,0.656000018119812,0.7603999972343445
YOL088C,YDR308C,0,-0.42156526,0.07940927147865295,0.656000018119812,0.7605000138282776
YPL243W,YHR005C-A,1,-0.42160898,0.07952069491147995,0.6570000052452087,0.7605000138282776
YDR320C,YCR075C,0,-0.42165336,0.07951107621192932,0.6570000052452087,0.7605999708175659
YDR288W,YKL017C,0,-0.4217089,0.0795014500617981,0.6570000052452087,0.760699987411499
YOR344C,YBR015C,0,-0.42183387,0.07949183136224747,0.6570000052452087,0.7608000040054321
YDR435C,YPR029C,0,-0.42196268,0.07948221266269684,0.6570000052452087,0.7609000205993652
YCR075C,YIL117C,0,-0.42216495,0.0794726014137268,0.6570000052452087,0.7609999775886536
YLR423C,YHR190W,0,-0.4221744,0.07946299016475677,0.6570000052452087,0.7610999941825867
YNL047C,YKR027W,0,-0.42231876,0.07945337891578674,0.6570000052452087,0.7612000107765198
YFR041C,YGL028C,0,-0.4223464,0.07944377511739731,0.6570000052452087,0.7613000273704529
YHR083W,YDR495C,1,-0.42237076,0.07955507189035416,0.6579999923706055,0.7613000273704529
YER111C,YPL195W,0,-0.4224523,0.07954545319080353,0.6579999923706055,0.7613999843597412
YDR477W,YOL142W,0,-0.42246348,0.0795358419418335,0.6579999923706055,0.7615000009536743
YJR155W,YLR363C,0,-0.42251632,0.07952622324228287,0.6579999923706055,0.7616000175476074
YOR243C,YLR182W,0,-0.42252576,0.07951661944389343,0.6579999923706055,0.7616999745368958
YGL194C,YMR030W,0,-0.42262655,0.0795070081949234,0.6579999923706055,0.7617999911308289
YAL002W,YML109W,0,-0.42268544,0.07949740439653397,0.6579999923706055,0.761900007724762
YGL155W,YOL146W,0,-0.42276996,0.07948780059814453,0.6579999923706055,0.7620000243186951
YGL219C,YGL049C,0,-0.42283326,0.0794781967997551,0.6579999923706055,0.7620999813079834
YPR139C,YGR206W,1,-0.4228875,0.0795893743634224,0.6589999794960022,0.7620999813079834
YHR001W,YPL159C,0,-0.4230376,0.07957976311445236,0.6589999794960022,0.7621999979019165
YCR028C-A,YDR418W,0,-0.42310965,0.07957015186548233,0.6589999794960022,0.7623000144958496
YCL011C,YGL194C,0,-0.4232289,0.0795605480670929,0.6589999794960022,0.7623999714851379
YEL026W,YLL031C,0,-0.42338958,0.07955094426870346,0.6589999794960022,0.762499988079071
YGR078C,YML094W,0,-0.423404,0.07954134047031403,0.6589999794960022,0.7626000046730042
YER178W,YFR004W,0,-0.4235393,0.07953173667192459,0.6589999794960022,0.7627000212669373
YMR150C,YJL104W,1,-0.42361104,0.07964281737804413,0.6600000262260437,0.7627000212669373
YEL002C,YCL029C,0,-0.42361218,0.0796332061290741,0.6600000262260437,0.7627999782562256
YLR135W,YPL160W,0,-0.423684,0.07962359488010406,0.6600000262260437,0.7628999948501587
YLR134W,YDR450W,0,-0.42373008,0.07961399108171463,0.6600000262260437,0.7630000114440918
YJR126C,YKR065C,1,-0.4238727,0.0797250047326088,0.6610000133514404,0.7630000114440918
YDR450W,YLR383W,0,-0.42390418,0.07971538603305817,0.6610000133514404,0.7631000280380249
YNR035C,YMR044W,0,-0.4240593,0.07970577478408813,0.6610000133514404,0.7631999850273132
YPR183W,YLR144C,0,-0.42409965,0.0796961635351181,0.6610000133514404,0.7633000016212463
YJR090C,YER122C,0,-0.42412528,0.07968655973672867,0.6610000133514404,0.7634000182151794
YML013W,YCL034W,0,-0.42414618,0.07967695593833923,0.6610000133514404,0.7634999752044678
YIL149C,YLR292C,1,-0.42417726,0.07978787273168564,0.6620000004768372,0.7634999752044678
YML132W,YNL267W,0,-0.42440128,0.0797782614827156,0.6620000004768372,0.7635999917984009
YPL196W,YJL108C,0,-0.4244281,0.07976865023374557,0.6620000004768372,0.763700008392334
YLR182W,YBR216C,0,-0.42444372,0.07975903898477554,0.6620000004768372,0.7638000249862671
YBL078C,YNL059C,1,-0.4245215,0.07986989617347717,0.6629999876022339,0.7638000249862671
YBR161W,YDR277C,0,-0.42453197,0.07986027747392654,0.6629999876022339,0.7638999819755554
YPL123C,YPR132W,0,-0.42453235,0.07985065877437592,0.6629999876022339,0.7639999985694885
YMR039C,YDR263C,0,-0.42465568,0.07984104007482529,0.6629999876022339,0.7641000151634216
YPR183W,YOR020C,0,-0.4247424,0.07983142882585526,0.6629999876022339,0.76419997215271
YKL057C,YOR359W,1,-0.4247785,0.07994221150875092,0.6639999747276306,0.76419997215271
YML013W,YOR025W,0,-0.42488623,0.07993258535861969,0.6639999747276306,0.7642999887466431
YHR061C,YGR214W,0,-0.4249063,0.07992296665906906,0.6639999747276306,0.7644000053405762
YHR088W,YDR225W,0,-0.42512184,0.07991334795951843,0.6639999747276306,0.7645000219345093
YGL099W,YKR020W,1,-0.42556456,0.08002407103776932,0.6650000214576721,0.7645000219345093
YER068W,YNL267W,0,-0.42565787,0.0800144374370575,0.6650000214576721,0.7645999789237976
YLR135W,YBR257W,0,-0.42568123,0.08000481128692627,0.6650000214576721,0.7646999955177307
YML043C,YLR363C,0,-0.42588612,0.07999518513679504,0.6650000214576721,0.7648000121116638
YNL094W,YGR258C,0,-0.42589074,0.07998556643724442,0.6650000214576721,0.7649000287055969
YHR015W,YJL074C,0,-0.4260435,0.07997594773769379,0.6650000214576721,0.7649999856948853
YDR141C,YML062C,0,-0.42610765,0.07996632903814316,0.6650000214576721,0.7651000022888184
YJL104W,YFR002W,1,-0.42611626,0.08007694780826569,0.6660000085830688,0.7651000022888184
YBR035C,YMR030W,0,-0.42635304,0.08006732165813446,0.6660000085830688,0.7652000188827515
YOR002W,YOR372C,0,-0.4263613,0.08005770295858383,0.6660000085830688,0.7652999758720398
YLL024C,YML055W,1,-0.42647704,0.08016826957464218,0.6669999957084656,0.7652999758720398
YLR238W,YAR033W,0,-0.4265929,0.08015863597393036,0.6669999957084656,0.7653999924659729
YER049W,YER001W,0,-0.42661244,0.08014900237321854,0.6669999957084656,0.765500009059906
YAL024C,YCL029C,0,-0.42670923,0.08013937622308731,0.6669999957084656,0.7656000256538391
YDR353W,YOR207C,0,-0.4269565,0.08012974262237549,0.6669999957084656,0.7656999826431274
YOR007C,YKL173W,0,-0.42739218,0.08012011647224426,0.6669999957084656,0.7657999992370605
YJL106W,YML132W,0,-0.4274214,0.08011049777269363,0.6669999957084656,0.7659000158309937
YMR283C,YDR507C,0,-0.42747355,0.080100879073143,0.6669999957084656,0.765999972820282
YCR033W,YER024W,0,-0.42752233,0.08009126037359238,0.6669999957084656,0.7660999894142151
YDL120W,YGR005C,0,-0.42759457,0.08008164167404175,0.6669999957084656,0.7662000060081482
YML052W,YER042W,0,-0.42778,0.08007203042507172,0.6669999957084656,0.7663000226020813
YMR128W,YDR013W,0,-0.4278136,0.08006241917610168,0.6669999957084656,0.7663999795913696
YDL126C,YOL033W,0,-0.4278472,0.08005280792713165,0.6669999957084656,0.7664999961853027
YGL111W,YDL130W,0,-0.4278922,0.08004320412874222,0.6669999957084656,0.7666000127792358
YPL051W,YNL047C,0,-0.42794013,0.08003360033035278,0.6669999957084656,0.766700029373169
YFL002C,YEL002C,0,-0.42815098,0.08002399653196335,0.6669999957084656,0.7667999863624573
YDR135C,YLR130C,0,-0.4281934,0.08001439273357391,0.6669999957084656,0.7669000029563904
YOL147C,YPL138C,0,-0.42826664,0.08000479638576508,0.6669999957084656,0.7670000195503235
YLR431C,YER009W,1,-0.42831922,0.08011513203382492,0.6679999828338623,0.7670000195503235
YDR191W,YJL006C,0,-0.42835808,0.08010552823543549,0.6679999828338623,0.7670999765396118
YLR008C,YGR206W,1,-0.42839128,0.08021582663059235,0.6690000295639038,0.7670999765396118
YPL137C,YOL068C,0,-0.42857048,0.08020620793104172,0.6690000295639038,0.7671999931335449
YAR019C,YLR107W,0,-0.42857093,0.08019659668207169,0.6690000295639038,0.767300009727478
YGR147C,YER127W,0,-0.42861402,0.08018698543310165,0.6690000295639038,0.7674000263214111
YER009W,YLR008C,1,-0.42866024,0.08029721677303314,0.6700000166893005,0.7674000263214111
YLR394W,YOR187W,0,-0.42879006,0.08028759807348251,0.6700000166893005,0.7674999833106995
YOR239W,YNL312W,0,-0.42881185,0.08027797937393188,0.6700000166893005,0.7675999999046326
YML031W,YPR139C,1,-0.42900667,0.08038816601037979,0.6710000038146973,0.7675999999046326
YDR013W,YNL097C,0,-0.42910588,0.08037853240966797,0.6710000038146973,0.7677000164985657
YKR007W,YDR227W,0,-0.42920634,0.08036890625953674,0.6710000038146973,0.767799973487854
YKR061W,YML128C,0,-0.4292512,0.08035928010940552,0.6710000038146973,0.7678999900817871
YER068W,YPL218W,0,-0.4292665,0.08034966140985489,0.6710000038146973,0.7680000066757202
YLR130C,YBR182C,0,-0.42929602,0.08034003525972366,0.6710000038146973,0.7681000232696533
YKL014C,YNL267W,0,-0.42935973,0.08033041656017303,0.6710000038146973,0.7681999802589417
YGL194C,YBR297W,0,-0.42947122,0.080320805311203,0.6710000038146973,0.7682999968528748
YNR046W,YBL035C,0,-0.4296227,0.08031119406223297,0.6710000038146973,0.7684000134468079
YFR041C,YHR098C,0,-0.42972416,0.08030158281326294,0.6710000038146973,0.7684999704360962
YBR161W,YOR147W,0,-0.4298411,0.08029197156429291,0.6710000038146973,0.7685999870300293
YDR436W,YOR288C,0,-0.42995527,0.08028236776590347,0.6710000038146973,0.7687000036239624
YBR084W,YFR048W,0,-0.43010324,0.08027275651693344,0.6710000038146973,0.7688000202178955
YKR027W,YGR112W,0,-0.43017834,0.0802631601691246,0.6710000038146973,0.7688999772071838
YGR092W,YOL069W,0,-0.43019238,0.08025355637073517,0.6710000038146973,0.7689999938011169
YMR077C,YHR053C,0,-0.4301984,0.08024396002292633,0.6710000038146973,0.76910001039505
YHR055C,YDL120W,0,-0.43035555,0.08023436367511749,0.6710000038146973,0.7692000269889832
YCR084C,YDR255C,0,-0.4307271,0.08022477477788925,0.6710000038146973,0.7692999839782715
YCR075C,YGL180W,0,-0.43073297,0.08021518588066101,0.6710000038146973,0.7694000005722046
YMR267W,YOR239W,0,-0.43109733,0.08020559698343277,0.6710000038146973,0.7695000171661377
YMR283C,YMR056C,0,-0.43111038,0.08019600808620453,0.6710000038146973,0.769599974155426
YIR012W,YER122C,0,-0.43116197,0.08018642663955688,0.6710000038146973,0.7696999907493591
YLR192C,YLR298C,0,-0.43120372,0.08017684519290924,0.6710000038146973,0.7698000073432922
YFR034C,YDR398W,0,-0.43125582,0.0801672637462616,0.6710000038146973,0.7699000239372253
YJL026W,YOR355W,0,-0.4312631,0.08015768975019455,0.6710000038146973,0.7699999809265137
YLR453C,YDR182W,0,-0.4312947,0.0801481157541275,0.6710000038146973,0.7700999975204468
YGR156W,YCR028C-A,0,-0.43134397,0.08013854175806046,0.6710000038146973,0.7702000141143799
YKL017C,YGL181W,0,-0.43138975,0.08012896776199341,0.6710000038146973,0.7702999711036682
YNL326C,YBR185C,0,-0.43158463,0.08011940121650696,0.6710000038146973,0.7703999876976013
YDR093W,YER061C,0,-0.43169445,0.08010983467102051,0.6710000038146973,0.7705000042915344
YDL028C,YNL327W,0,-0.4319775,0.08010027557611465,0.6710000038146973,0.7706000208854675
YDL045C,YJR006W,0,-0.43225694,0.0800907164812088,0.6710000038146973,0.7706999778747559
YDR192C,YHR083W,1,-0.43232325,0.08020050078630447,0.671999990940094,0.7706999778747559
YNL259C,YOR267C,0,-0.4323586,0.08019093424081802,0.671999990940094,0.770799994468689
YGL194C,YGR258C,0,-0.43251532,0.08018136024475098,0.671999990940094,0.7709000110626221
YBR172C,YIL002C,0,-0.43263555,0.08017179369926453,0.671999990940094,0.7710000276565552
YDR448W,YMR015C,0,-0.432705,0.08016223460435867,0.671999990940094,0.7710999846458435
YCR066W,YLR088W,0,-0.43276852,0.08015266805887222,0.671999990940094,0.7712000012397766
YMR267W,YER082C,0,-0.43286473,0.08014311641454697,0.671999990940094,0.7713000178337097
YDR251W,YBR211C,0,-0.43292165,0.08013355731964111,0.671999990940094,0.771399974822998
YJL026W,YOR239W,0,-0.43293437,0.08012399822473526,0.671999990940094,0.7714999914169312
YOR151C,YGR007W,0,-0.4329812,0.08011444658041,0.671999990940094,0.7716000080108643
YJL106W,YAL024C,0,-0.43317127,0.08010490238666534,0.671999990940094,0.7717000246047974
YCL001W,YDR092W,0,-0.43322396,0.08009535074234009,0.671999990940094,0.7717999815940857
YIL076W,YGR010W,0,-0.43340164,0.08008580654859543,0.671999990940094,0.7718999981880188
YAL002W,YKL192C,0,-0.43340552,0.08007626235485077,0.671999990940094,0.7720000147819519
YNR011C,YIL031W,0,-0.4334123,0.0800667256116867,0.671999990940094,0.7720999717712402
YBR142W,YMR183C,0,-0.43366522,0.08005718141794205,0.671999990940094,0.7721999883651733
YNL197C,YMR288W,0,-0.4336664,0.08004764467477798,0.671999990940094,0.7723000049591064
YCL011C,YPR073C,0,-0.43370903,0.08003811538219452,0.671999990940094,0.7724000215530396
YBR142W,YKL203C,0,-0.43381023,0.08002857863903046,0.671999990940094,0.7724999785423279
YOR002W,YOR123C,0,-0.43386093,0.08001904934644699,0.671999990940094,0.772599995136261
YGR217W,YKR029C,0,-0.4338691,0.08000952750444412,0.671999990940094,0.7727000117301941
YAL056W,YPL181W,0,-0.4340611,0.07999999821186066,0.671999990940094,0.7728000283241272
YGL049C,YEL071W,0,-0.43410408,0.07999047636985779,0.671999990940094,0.7728999853134155
YDR057W,YGR024C,0,-0.43411744,0.07998095452785492,0.671999990940094,0.7730000019073486
YDR135C,YLR009W,0,-0.43412012,0.07997144013643265,0.671999990940094,0.7731000185012817
YNL094W,YHR038W,0,-0.4341943,0.07996192574501038,0.671999990940094,0.7731999754905701
YOR008C,YDR123C,0,-0.4342732,0.0799524113535881,0.671999990940094,0.7732999920845032
YDL031W,YLR088W,0,-0.43433553,0.07994289696216583,0.671999990940094,0.7734000086784363
YER044C-A,YDL198C,0,-0.43480146,0.07993339002132416,0.671999990940094,0.7735000252723694
YMR001C,YML127W,0,-0.4349056,0.07992388308048248,0.671999990940094,0.7735999822616577
YLL016W,YIL122W,0,-0.43496537,0.07991437613964081,0.671999990940094,0.7736999988555908
YDL043C,YML109W,0,-0.4350314,0.07990487664937973,0.671999990940094,0.7738000154495239
YDR292C,YGR206W,1,-0.43514103,0.08001426607370377,0.6729999780654907,0.7738000154495239
YLR182W,YNL294C,0,-0.43528008,0.0800047516822815,0.6729999780654907,0.7738999724388123
YPR073C,YDL164C,0,-0.43528193,0.07999524474143982,0.6729999780654907,0.7739999890327454
YJL176C,YHR023W,0,-0.43533087,0.07998573780059814,0.6729999780654907,0.7741000056266785
YJL008C,YDR477W,0,-0.43543708,0.07997623085975647,0.6729999780654907,0.7742000222206116
YDL194W,YLR069C,0,-0.43554282,0.07996673136949539,0.6729999780654907,0.7742999792098999
YGL257C,YCR028C-A,0,-0.435613,0.07995723187923431,0.6729999780654907,0.774399995803833
YJR031C,YFL022C,0,-0.435739,0.07994773238897324,0.6729999780654907,0.7745000123977661
YNL066W,YDR545W,0,-0.4357559,0.07993823289871216,0.6729999780654907,0.7746000289916992
YCR005C,YBL090W,0,-0.43577993,0.07992874085903168,0.6729999780654907,0.7746999859809875
YPR010C,YGR054W,0,-0.43580043,0.0799192488193512,0.6729999780654907,0.7748000025749207
YDL043C,YLR051C,0,-0.436288,0.07990975677967072,0.6729999780654907,0.7749000191688538
YER119C,YDR141C,0,-0.43641764,0.07990027219057083,0.6729999780654907,0.7749999761581421
YBR193C,YNL039W,0,-0.436639,0.07989078760147095,0.6729999780654907,0.7750999927520752
YER111C,YKL017C,0,-0.43666005,0.07988130301237106,0.6729999780654907,0.7752000093460083
YGL155W,YFL022C,0,-0.43676433,0.07987182587385178,0.6729999780654907,0.7753000259399414
YGR206W,YKL143W,1,-0.43696508,0.0799810141324997,0.6740000247955322,0.7753000259399414
YPL053C,YER122C,0,-0.43703842,0.07997152209281921,0.6740000247955322,0.7753999829292297
YDR244W,YCL038C,1,-0.43711972,0.08008067309856415,0.675000011920929,0.7753999829292297
YAL038W,YDR092W,0,-0.4371286,0.08007117360830307,0.675000011920929,0.7754999995231628
YCR067C,YKL178C,0,-0.437231,0.08006167411804199,0.675000011920929,0.775600016117096
YNL225C,YGR161C,0,-0.43752635,0.08005218207836151,0.675000011920929,0.7756999731063843
YPL160W,YIL017C,0,-0.4375754,0.08004269003868103,0.675000011920929,0.7757999897003174
YBR035C,YGL136C,0,-0.4376588,0.08003319799900055,0.675000011920929,0.7759000062942505
YHR061C,YPL159C,0,-0.43781906,0.08002371340990067,0.675000011920929,0.7760000228881836
YFR002W,YPR139C,1,-0.43782404,0.08013276755809784,0.6759999990463257,0.7760000228881836
YLL024C,YBR164C,1,-0.43794817,0.08024179190397263,0.6769999861717224,0.7760000228881836
YGL180W,YPL240C,0,-0.43826315,0.08023228496313095,0.6769999861717224,0.7760999798774719
YMR227C,YEL066W,0,-0.43843472,0.08022277802228928,0.6769999861717224,0.776199996471405
YDR299W,YJR013W,0,-0.43845946,0.0802132710814476,0.6769999861717224,0.7763000130653381
YBL079W,YPL243W,1,-0.4387491,0.08032223582267761,0.6779999732971191,0.7763000130653381
YNR056C,YHL024W,0,-0.43876266,0.08031272143125534,0.6779999732971191,0.7764000296592712
YBR171W,YDR495C,1,-0.43880132,0.08042164891958237,0.6790000200271606,0.7764000296592712
YDR456W,YNL239W,0,-0.43890655,0.0804121270775795,0.6790000200271606,0.7764999866485596
YLR201C,YOR187W,0,-0.43895763,0.08040260523557663,0.6790000200271606,0.7766000032424927
YGR276C,YNL312W,0,-0.43902093,0.08039308339357376,0.6790000200271606,0.7767000198364258
YDL020C,YNL080C,0,-0.43902096,0.08038356900215149,0.6790000200271606,0.7767999768257141
YJL026W,YBR002C,0,-0.4390713,0.08037405461072922,0.6790000200271606,0.7768999934196472
YOL158C,YLR139C,0,-0.43936494,0.08036454021930695,0.6790000200271606,0.7770000100135803
YER005W,YMR056C,0,-0.4393747,0.08035503327846527,0.6790000200271606,0.7771000266075134
YBR161W,YKL175W,0,-0.4394809,0.080345518887043,0.6790000200271606,0.7771999835968018
YOR025W,YKR060W,0,-0.439506,0.08033601194620132,0.6790000200271606,0.7773000001907349
YDL102W,YOL095C,0,-0.4396461,0.08032651245594025,0.6790000200271606,0.777400016784668
YLR431C,YML031W,1,-0.43978238,0.08043529838323593,0.6800000071525574,0.777400016784668
YLR130C,YLR206W,0,-0.4399039,0.08042578399181366,0.6800000071525574,0.7774999737739563
YDR353W,YMR288W,0,-0.4400023,0.08041626960039139,0.6800000071525574,0.7775999903678894
YGL155W,YGR118W,0,-0.44002876,0.08040676265954971,0.6800000071525574,0.7777000069618225
YML121W,YCR028C-A,0,-0.4400789,0.08039725571870804,0.6800000071525574,0.7778000235557556
YDL002C,YMR238W,0,-0.44038963,0.08038775622844696,0.6800000071525574,0.777899980545044
YBR210W,YLR115W,0,-0.4404875,0.08037824928760529,0.6800000071525574,0.777999997138977
YDR436W,YGL071W,0,-0.4405393,0.08036874979734421,0.6800000071525574,0.7781000137329102
YJL104W,YBR164C,1,-0.44093335,0.08047743141651154,0.6809999942779541,0.7781000137329102
YLR081W,YGR276C,0,-0.44112933,0.08046791702508926,0.6809999942779541,0.7781999707221985
YOR344C,YEL053C,0,-0.44114637,0.08045841008424759,0.6809999942779541,0.7782999873161316
YLR298C,YPR199C,0,-0.44123715,0.08044891059398651,0.6809999942779541,0.7784000039100647
YPL096W,YNL267W,0,-0.441747,0.08043940365314484,0.6809999942779541,0.7785000205039978
YJL069C,YGL028C,0,-0.44195282,0.08042990416288376,0.6809999942779541,0.7785999774932861
YLR193C,YGL016W,1,-0.44230056,0.08053849637508392,0.6819999814033508,0.7785999774932861
YOR239W,YGL223C,0,-0.44232145,0.08052898943424225,0.6819999814033508,0.7786999940872192
YJL133W,YPR033C,0,-0.44233596,0.08051948249340057,0.6819999814033508,0.7788000106811523
YOR188W,YGR092W,0,-0.44243318,0.0805099755525589,0.6819999814033508,0.7789000272750854
YJL117W,YDL004W,0,-0.44246364,0.08050046861171722,0.6819999814033508,0.7789999842643738
YML103C,YMR153W,1,-0.44249445,0.08060899376869202,0.6830000281333923,0.7789999842643738
YDL235C,YFL022C,0,-0.4425181,0.08059947937726974,0.6830000281333923,0.7791000008583069
YER001W,YML052W,0,-0.44255823,0.08058997243642807,0.6830000281333923,0.77920001745224
YML113W,YHR150W,0,-0.4426489,0.0805804654955864,0.6830000281333923,0.7792999744415283
YML058W,YJL176C,0,-0.4427422,0.08057095855474472,0.6830000281333923,0.7793999910354614
YIR022W,YPR139C,1,-0.4432225,0.08067940920591354,0.6840000152587891,0.7793999910354614
YER015W,YDL231C,0,-0.44322324,0.08066988736391068,0.6840000152587891,0.7795000076293945
YML051W,YHR034C,0,-0.44345728,0.080660380423069,0.6840000152587891,0.7796000242233276
YDR309C,YJL052W,0,-0.44345886,0.08065086603164673,0.6840000152587891,0.779699981212616
YGL257C,YDL235C,0,-0.44356334,0.08064135909080505,0.6840000152587891,0.7797999978065491
YML013W,YMR030W,0,-0.44362903,0.08063185214996338,0.6840000152587891,0.7799000144004822
YKL057C,YDR086C,1,-0.44372654,0.08074021339416504,0.6850000023841858,0.7799000144004822
YJL145W,YOR002W,0,-0.44373316,0.08073069900274277,0.6850000023841858,0.7799999713897705
YPL051W,YGR214W,0,-0.44375712,0.0807211846113205,0.6850000023841858,0.7800999879837036
YFR004W,YJR006W,0,-0.44383773,0.08071167767047882,0.6850000023841858,0.7802000045776367
YLR075W,YLR014C,0,-0.44386122,0.08070217072963715,0.6850000023841858,0.7803000211715698
YNL209W,YKL101W,0,-0.44387,0.08069266378879547,0.6850000023841858,0.7803999781608582
YOR207C,YML127W,0,-0.44388905,0.0806831568479538,0.6850000023841858,0.7804999947547913
YJL090C,YMR001C,0,-0.44422597,0.08067365735769272,0.6850000023841858,0.7806000113487244
YBR060C,YBR182C,0,-0.44427088,0.08066415786743164,0.6850000023841858,0.7807000279426575
YNL294C,YLR453C,0,-0.44440085,0.08065465837717056,0.6850000023841858,0.7807999849319458
YJR126C,YMR091C,1,-0.44446254,0.08076289296150208,0.6859999895095825,0.7807999849319458
YNR019W,YLR005W,0,-0.44456726,0.0807533860206604,0.6859999895095825,0.7809000015258789
YOR209C,YER174C,0,-0.4446664,0.08074387907981873,0.6859999895095825,0.781000018119812
YCR020C,YDR453C,0,-0.44470352,0.08073437958955765,0.6859999895095825,0.7810999751091003
YLR430W,YKR056W,0,-0.44515818,0.08072488009929657,0.6859999895095825,0.7811999917030334
YGR029W,YHR197W,1,-0.44516087,0.08083304017782211,0.6869999766349792,0.7811999917030334
YDL155W,YLR363C,0,-0.4454841,0.08082352578639984,0.6869999766349792,0.7813000082969666
YLR430W,YBR135W,0,-0.44548953,0.08081401884555817,0.6869999766349792,0.7814000248908997
YOR117W,YBR298C,0,-0.4456523,0.08080451935529709,0.6869999766349792,0.781499981880188
YDL043C,YLR201C,0,-0.44570792,0.08079501241445541,0.6869999766349792,0.7815999984741211
YOR288C,YOR076C,0,-0.44571996,0.08078551292419434,0.6869999766349792,0.7817000150680542
YCL001W,YGL136C,0,-0.44573644,0.08077601343393326,0.6869999766349792,0.7817999720573425
YJL087C,YJL039C,0,-0.44577032,0.08076652139425278,0.6869999766349792,0.7818999886512756
YGR123C,YHR020W,0,-0.44591373,0.0807570219039917,0.6869999766349792,0.7820000052452087
YKR060W,YBR273C,0,-0.4459195,0.08074752986431122,0.6869999766349792,0.7821000218391418
YLL024C,YBR171W,1,-0.44614512,0.08085556328296661,0.6880000233650208,0.7821000218391418
YOL124C,YOR346W,0,-0.44614622,0.08084606379270554,0.6880000233650208,0.7821999788284302
YNL129W,YBR132C,0,-0.4462558,0.08083656430244446,0.6880000233650208,0.7822999954223633
YNL015W,YDR479C,0,-0.44635123,0.08082706481218338,0.6880000233650208,0.7824000120162964
YGL252C,YAL021C,0,-0.44646448,0.0808175727725029,0.6880000233650208,0.7825000286102295
YGL099W,YOR359W,1,-0.44673705,0.08092553168535233,0.6890000104904175,0.7825000286102295
YMR235C,YHR005C-A,1,-0.4468966,0.08103346824645996,0.6899999976158142,0.7825000286102295
YJL053W,YCR075C,0,-0.44694132,0.08102395385503769,0.6899999976158142,0.7825999855995178
YAR007C,YPL218W,0,-0.44708982,0.08101443946361542,0.6899999976158142,0.7827000021934509
YML124C,YER012W,0,-0.44727185,0.08100493252277374,0.6899999976158142,0.782800018787384
YER025W,YCL029C,0,-0.4472866,0.08099542558193207,0.6899999976158142,0.7828999757766724
YGR147C,YGR024C,0,-0.44747722,0.0809859186410904,0.6899999976158142,0.7829999923706055
YBR118W,YGL049C,0,-0.44753742,0.08097641170024872,0.6899999976158142,0.7831000089645386
YOR288C,YJR155W,0,-0.44765237,0.08096691220998764,0.6899999976158142,0.7832000255584717
YMR033W,YJL026W,0,-0.44783187,0.08095741271972656,0.6899999976158142,0.78329998254776
YEL066W,YBR298C,0,-0.44791016,0.08094791322946548,0.6899999976158142,0.7833999991416931
YLR176C,YML058W,0,-0.44808263,0.0809384137392044,0.6899999976158142,0.7835000157356262
YOL135C,YOL165C,0,-0.44815746,0.08092892169952393,0.6899999976158142,0.7835999727249146
YML011C,YAL011W,0,-0.4482084,0.08091942965984344,0.6899999976158142,0.7836999893188477
YLR192C,YER127W,0,-0.44825685,0.08090994507074356,0.6899999976158142,0.7838000059127808
YLR447C,YMR015C,0,-0.4482963,0.08090046048164368,0.6899999976158142,0.7839000225067139
YGL166W,YHR053C,0,-0.44847763,0.08089097589254379,0.6899999976158142,0.7839999794960022
YMR026C,YBL078C,1,-0.44876513,0.08099871128797531,0.6909999847412109,0.7839999794960022
YPL091W,YLR361C,0,-0.44893822,0.08098921924829483,0.6909999847412109,0.7840999960899353
YHR190W,YBR210W,0,-0.44897884,0.08097972720861435,0.6909999847412109,0.7842000126838684
YLR023C,YLR453C,0,-0.44906092,0.08097023516893387,0.6909999847412109,0.7843000292778015
YMR182C,YLR098C,0,-0.44907758,0.08096075057983398,0.6909999847412109,0.7843999862670898
YGL033W,YMR077C,0,-0.44909024,0.0809512659907341,0.6909999847412109,0.784500002861023
YNL001W,YHR005C,0,-0.44921347,0.08094178140163422,0.6909999847412109,0.784600019454956
YBR020W,YLR350W,0,-0.4495475,0.08093230426311493,0.6909999847412109,0.7846999764442444
YBR084W,YPL153C,0,-0.4496618,0.08092282712459564,0.6909999847412109,0.7847999930381775
YNL001W,YNL039W,0,-0.4498744,0.08091334998607635,0.6909999847412109,0.7849000096321106
YPR073C,YDR225W,0,-0.44987965,0.08090387284755707,0.6909999847412109,0.7850000262260437
YHR197W,YMR153W,1,-0.4501385,0.08101147413253784,0.6919999718666077,0.7850000262260437
YGL071W,YDL013W,0,-0.45019466,0.08100198954343796,0.6919999718666077,0.785099983215332
YBR161W,YFR027W,0,-0.4502097,0.08099251240491867,0.6919999718666077,0.7851999998092651
YOR132W,YDR141C,0,-0.45023453,0.08098302781581879,0.6919999718666077,0.7853000164031982
YML024W,YDR177W,0,-0.4502546,0.0809735581278801,0.6919999718666077,0.7853999733924866
YOR188W,YOR007C,0,-0.45027217,0.08096408098936081,0.6919999718666077,0.7854999899864197
YGR123C,YGL021W,0,-0.45044044,0.08095461130142212,0.6919999718666077,0.7856000065803528
YMR073C,YDR122W,0,-0.45057893,0.08094514161348343,0.6919999718666077,0.7857000231742859
YOR117W,YLR144C,0,-0.45059544,0.08093567192554474,0.6919999718666077,0.7857999801635742
YMR250W,YLL043W,0,-0.45061925,0.08092620968818665,0.6919999718666077,0.7858999967575073
YGL187C,YPL110C,0,-0.4507614,0.08091674745082855,0.6919999718666077,0.7860000133514404
YAL021C,YGR075C,0,-0.45094916,0.08090728521347046,0.6919999718666077,0.7860999703407288
YPL243W,YMR035W,1,-0.45106322,0.0810147300362587,0.6930000185966492,0.7860999703407288
YDR440W,YMR246W,0,-0.451172,0.08100526034832001,0.6930000185966492,0.7861999869346619
YPR009W,YLR361C,0,-0.4513684,0.08099579066038132,0.6930000185966492,0.786300003528595
YML060W,YPL240C,0,-0.45138985,0.08098632842302322,0.6930000185966492,0.7864000201225281
YDL102W,YGR072W,0,-0.45165485,0.08097686618566513,0.6930000185966492,0.7864999771118164
YBR297W,YML025C,0,-0.45181695,0.08096740394830704,0.6930000185966492,0.7865999937057495
YML121W,YNL126W,0,-0.45192695,0.08095794171094894,0.6930000185966492,0.7867000102996826
YOL088C,YLR249W,0,-0.45201075,0.08094848692417145,0.6930000185966492,0.7868000268936157
YBL102W,YDR479C,0,-0.45202574,0.08093903213739395,0.6930000185966492,0.786899983882904
YDL052C,YNL078W,0,-0.4524325,0.08092957735061646,0.6930000185966492,0.7870000004768372
YOL142W,YPL040C,0,-0.45247,0.08092013001441956,0.6930000185966492,0.7871000170707703
YMR219W,YLR363C,0,-0.4524926,0.08091068267822266,0.6930000185966492,0.7871999740600586
YOL091W,YLR134W,0,-0.45252421,0.08090123534202576,0.6930000185966492,0.7872999906539917
YPL228W,YHR118C,0,-0.4525876,0.08089179545640945,0.6930000185966492,0.7874000072479248
YDR345C,YDL004W,0,-0.45270014,0.08088235557079315,0.6930000185966492,0.7875000238418579
YOR355W,YLR350W,0,-0.4528492,0.08087291568517685,0.6930000185966492,0.7875999808311462
YDL079C,YML127W,0,-0.45289725,0.08086347579956055,0.6930000185966492,0.7876999974250793
YDR191W,YER174C,0,-0.45298404,0.08085404336452484,0.6930000185966492,0.7878000140190125
YKL189W,YGR186W,0,-0.45300812,0.08084461092948914,0.6930000185966492,0.7878999710083008
YJL173C,YBR210W,0,-0.45300972,0.08083517849445343,0.6930000185966492,0.7879999876022339
YDR381W,YML116W,0,-0.45309716,0.08082575350999832,0.6930000185966492,0.788100004196167
YNL312W,YER171W,0,-0.45318583,0.08081632852554321,0.6930000185966492,0.7882000207901001
YEL004W,YGL181W,0,-0.45320934,0.0808069035410881,0.6930000185966492,0.7882999777793884
YPL137C,YNL126W,0,-0.45342413,0.080797478556633,0.6930000185966492,0.7883999943733215
YBR186W,YMR172W,0,-0.45344844,0.08078806102275848,0.6930000185966492,0.7885000109672546
YKR086W,YKL016C,0,-0.4539642,0.08077864348888397,0.6930000185966492,0.7886000275611877
YJL087C,YOR115C,0,-0.4540156,0.08076923340559006,0.6930000185966492,0.7886999845504761
YBR253W,YPL138C,0,-0.45407248,0.08075981587171555,0.6930000185966492,0.7888000011444092
YDR072C,YPR029C,0,-0.4543696,0.08075040578842163,0.6930000185966492,0.7889000177383423
YBR136W,YHR082C,0,-0.45455027,0.08074100315570831,0.6930000185966492,0.7889999747276306
YCR084C,YGR279C,0,-0.45469898,0.0807315930724144,0.6930000185966492,0.7890999913215637
YJL010C,YBR253W,0,-0.45490193,0.08072219043970108,0.6930000185966492,0.7892000079154968
YJL087C,YOL128C,0,-0.45491898,0.08071278780698776,0.6930000185966492,0.7893000245094299
YAL056W,YJL039C,0,-0.4549527,0.08070338517427444,0.6930000185966492,0.7893999814987183
YJR121W,YPL028W,0,-0.45510352,0.08069398999214172,0.6930000185966492,0.7894999980926514
YMR073C,YHR053C,0,-0.45513234,0.080684594810009,0.6930000185966492,0.7896000146865845
YNL054W,YBR211C,0,-0.45522466,0.08067520707845688,0.6930000185966492,0.7896999716758728
YHR068W,YDL058W,0,-0.45524603,0.08066581189632416,0.6930000185966492,0.7897999882698059
YER020W,YKL017C,0,-0.4553069,0.08065642416477203,0.6930000185966492,0.789900004863739
YML062C,YBR211C,0,-0.45551592,0.08064703643321991,0.6930000185966492,0.7900000214576721
YJR083C,YOL135C,0,-0.4555204,0.08063765615224838,0.6930000185966492,0.7900999784469604
YLR376C,YNL312W,0,-0.45556217,0.08062827587127686,0.6930000185966492,0.7901999950408936
YBL003C,YJL072C,0,-0.45568722,0.08061889559030533,0.6930000185966492,0.7903000116348267
YLR447C,YFR031C,0,-0.45571652,0.0806095153093338,0.6930000185966492,0.7904000282287598
YOL090W,YPL196W,0,-0.4558362,0.08060014247894287,0.6930000185966492,0.7904999852180481
YOR007C,YJR137C,0,-0.45596528,0.08059076964855194,0.6930000185966492,0.7906000018119812
YFR002W,YDR192C,1,-0.4561205,0.0806976780295372,0.6940000057220459,0.7906000018119812
YOR008C,YDR450W,0,-0.4562257,0.08068829029798508,0.6940000057220459,0.7907000184059143
YDR449C,YBR082C,0,-0.45638022,0.08067891001701355,0.6940000057220459,0.7907999753952026
YGR217W,YBR132C,0,-0.45654958,0.08066953718662262,0.6940000057220459,0.7908999919891357
YIL034C,YMR234W,0,-0.45657724,0.08066015690565109,0.6940000057220459,0.7910000085830688
YAL022C,YGL246C,0,-0.4568412,0.08065078407526016,0.6940000057220459,0.791100025177002
YDL031W,YLR084C,0,-0.4568487,0.08064141124486923,0.6940000057220459,0.7911999821662903
YNL251C,YFL025C,0,-0.45697787,0.0806320458650589,0.6940000057220459,0.7912999987602234
YGR289C,YNR056C,0,-0.45702526,0.08062267303466797,0.6940000057220459,0.7914000153541565
YPR138C,YLL043W,0,-0.4572713,0.08061331510543823,0.6940000057220459,0.7914999723434448
YNR047W,YNL274C,0,-0.4573843,0.0806039497256279,0.6940000057220459,0.7915999889373779
YOR148C,YGL181W,0,-0.4574383,0.08059459179639816,0.6940000057220459,0.791700005531311
YMR035W,YEL013W,1,-0.45745617,0.08070134371519089,0.6949999928474426,0.791700005531311
YBR217W,YCL038C,1,-0.45771113,0.08080808073282242,0.6959999799728394,0.791700005531311
YLR363C,YDL058W,0,-0.45828354,0.08079870045185089,0.6959999799728394,0.7918000221252441
YCR033W,YER005W,0,-0.4583282,0.08078932017087936,0.6959999799728394,0.7918999791145325
YHR082C,YDR072C,0,-0.4583863,0.08077994734048843,0.6959999799728394,0.7919999957084656
YPR051W,YLR192C,0,-0.4584198,0.0807705670595169,0.6959999799728394,0.7921000123023987
YNL047C,YHR008C,0,-0.45857546,0.08076119422912598,0.6959999799728394,0.7922000288963318
YKR099W,YMR212C,0,-0.45858848,0.08075182884931564,0.6959999799728394,0.7922999858856201
YCR084C,YJL201W,0,-0.45861295,0.08074245601892471,0.6959999799728394,0.7924000024795532
YKR065C,YML055W,1,-0.45867103,0.08084908872842789,0.6970000267028809,0.7924000024795532
YMR250W,YOL158C,0,-0.4591024,0.08083971589803696,0.6970000267028809,0.7925000190734863
YOL146W,YBR170C,0,-0.45924652,0.08083033561706543,0.6970000267028809,0.7925999760627747
YDR436W,YGR157W,0,-0.45930284,0.0808209627866745,0.6970000267028809,0.7926999926567078
YLR192C,YBR035C,0,-0.45952374,0.08081159740686417,0.6970000267028809,0.7928000092506409
YPL196W,YPR138C,0,-0.45963216,0.08080222457647324,0.6970000267028809,0.792900025844574
YOL090W,YPR065W,0,-0.459656,0.0807928591966629,0.6970000267028809,0.7929999828338623
YGL025C,YBR102C,0,-0.4597698,0.08078349381685257,0.6970000267028809,0.7930999994277954
YDR292C,YEL013W,1,-0.4598462,0.08089002221822739,0.6980000138282776,0.7930999994277954
YOL158C,YMR156C,0,-0.45994216,0.08088064938783646,0.6980000138282776,0.7932000160217285
YNL078W,YEL015W,0,-0.46026704,0.08087127655744553,0.6980000138282776,0.7932999730110168
YOR355W,YBR244W,0,-0.46031752,0.08086191117763519,0.6980000138282776,0.79339998960495
YDL116W,YKR020W,1,-0.4604134,0.08096837997436523,0.6990000009536743,0.79339998960495
YGR217W,YKR024C,0,-0.46057695,0.08095899969339371,0.6990000009536743,0.7935000061988831
YLL026W,YMR246W,0,-0.460639,0.08094962686300278,0.6990000009536743,0.7936000227928162
YGL155W,YML062C,0,-0.46078795,0.08094024658203125,0.6990000009536743,0.7936999797821045
YMR301C,YLR383W,0,-0.46088445,0.08093088120222092,0.6990000009536743,0.7937999963760376
YKR029C,YBL035C,0,-0.46102324,0.08092150837182999,0.6990000009536743,0.7939000129699707
YML132W,YER119C,0,-0.46117896,0.08091214299201965,0.6990000009536743,0.7940000295639038
YNL153C,YOR058C,0,-0.46119016,0.08090277761220932,0.6990000009536743,0.7940999865531921
YML093W,YOR076C,0,-0.46140242,0.08089341223239899,0.6990000009536743,0.7942000031471252
YAR007C,YBL102W,0,-0.46157467,0.08088405430316925,0.6990000009536743,0.7943000197410583
YDR172W,YML011C,0,-0.46160012,0.08087469637393951,0.6990000009536743,0.7943999767303467
YOR151C,YBR002C,0,-0.46170378,0.08086533844470978,0.6990000009536743,0.7944999933242798
YEL004W,YPL267W,0,-0.46175092,0.08085598796606064,0.6990000009536743,0.7946000099182129
YEL036C,YML024W,0,-0.46183783,0.0808466374874115,0.6990000009536743,0.794700026512146
YAL021C,YLR014C,0,-0.46187335,0.08083728700876236,0.6990000009536743,0.7947999835014343
YOL158C,YDR092W,0,-0.46190536,0.08082793653011322,0.6990000009536743,0.7949000000953674
YML052W,YDR385W,0,-0.4621334,0.08081859350204468,0.6990000009536743,0.7950000166893005
YNL259C,YBR297W,0,-0.4621752,0.08080925047397614,0.6990000009536743,0.7950999736785889
YOR243C,YKL017C,0,-0.46227163,0.08079990744590759,0.6990000009536743,0.795199990272522
YIL034C,YER012W,0,-0.4623947,0.08079057186841965,0.6990000009536743,0.7953000068664551
YBR199W,YKL140W,0,-0.46242362,0.0807812288403511,0.6990000009536743,0.7954000234603882
YJL085W,YJR013W,0,-0.46279323,0.08077190071344376,0.6990000009536743,0.7954999804496765
YFR047C,YMR156C,0,-0.4629637,0.08076256513595581,0.6990000009536743,0.7955999970436096
YBL082C,YGR285C,0,-0.46299005,0.08075323700904846,0.6990000009536743,0.7957000136375427
YMR250W,YCR009C,0,-0.46299714,0.08074390888214111,0.6990000009536743,0.795799970626831
YGL144C,YGR010W,0,-0.4630003,0.08073458075523376,0.6990000009536743,0.7958999872207642
YML093W,YGR211W,0,-0.46300215,0.08072526007890701,0.6990000009536743,0.7960000038146973
YDR013W,YDR545W,0,-0.46306497,0.08071593195199966,0.6990000009536743,0.7961000204086304
YLR084C,YNL090W,0,-0.46308327,0.08070661872625351,0.6990000009536743,0.7961999773979187
YDL155W,YOL069W,0,-0.46308422,0.08069729804992676,0.6990000009536743,0.7962999939918518
YPR020W,YOR224C,0,-0.46313572,0.0806879848241806,0.6990000009536743,0.7964000105857849
YPL051W,YOR056C,0,-0.46347433,0.08067867159843445,0.6990000009536743,0.796500027179718
YNR047W,YGR072W,0,-0.4634856,0.0806693583726883,0.6990000009536743,0.7965999841690063
YFL004W,YML011C,0,-0.46348774,0.08066005259752274,0.6990000009536743,0.7967000007629395
YLR060W,YLR210W,0,-0.4638213,0.08065074682235718,0.6990000009536743,0.7968000173568726
YGR245C,YJL138C,0,-0.46387392,0.08064144104719162,0.6990000009536743,0.7968999743461609
YMR047C,YMR091C,1,-0.46389377,0.08074749261140823,0.699999988079071,0.7968999743461609
YDR477W,YOR257W,0,-0.4639362,0.08073817938566208,0.699999988079071,0.796999990940094
YOL128C,YER171W,0,-0.4640414,0.08072886615991592,0.699999988079071,0.7971000075340271
YMR198W,YLR088W,0,-0.46404976,0.08071956038475037,0.699999988079071,0.7972000241279602
YDL007W,YOR147W,0,-0.4641177,0.08071024715900421,0.699999988079071,0.7972999811172485
YGR157W,YNL062C,0,-0.46414948,0.08070094883441925,0.699999988079071,0.7973999977111816
YML013W,YFR052W,0,-0.46427804,0.08069164305925369,0.699999988079071,0.7975000143051147
YER127W,YGR097W,0,-0.46469402,0.08068234473466873,0.699999988079071,0.7975999712944031
YDR093W,YPL283C,0,-0.46477765,0.08067304641008377,0.699999988079071,0.7976999878883362
YLR084C,YJR090C,0,-0.4648649,0.08066374808549881,0.699999988079071,0.7978000044822693
YPR009W,YGL028C,0,-0.46515352,0.08065444976091385,0.699999988079071,0.7979000210762024
YER119C,YGR112W,0,-0.46527755,0.08064515888690948,0.699999988079071,0.7979999780654907
YHR084W,YAL021C,0,-0.4653046,0.08063586801290512,0.699999988079071,0.7980999946594238
YMR026C,YKR065C,1,-0.46574044,0.0807417631149292,0.7009999752044678,0.7980999946594238
YML024W,YER171W,0,-0.46575302,0.08073246479034424,0.7009999752044678,0.7982000112533569
YER178W,YGL180W,0,-0.46584487,0.08072316646575928,0.7009999752044678,0.79830002784729
YBR102C,YBR211C,0,-0.46600002,0.08071387559175491,0.7009999752044678,0.7983999848365784
YPL196W,YDR123C,0,-0.46614164,0.08070458471775055,0.7009999752044678,0.7985000014305115
YOR243C,YMR267W,0,-0.4662236,0.08069529384374619,0.7009999752044678,0.7986000180244446
YBR179C,YBR015C,0,-0.46628237,0.08068600296974182,0.7009999752044678,0.7986999750137329
YDR292C,YKL143W,1,-0.4663052,0.08079180866479874,0.7020000219345093,0.7986999750137329
YML121W,YOR144C,0,-0.46646786,0.08078251034021378,0.7020000219345093,0.798799991607666
YDL145C,YDR507C,0,-0.46695632,0.08077321201562881,0.7020000219345093,0.7989000082015991
YKR022C,YGL180W,0,-0.46717918,0.08076392114162445,0.7020000219345093,0.7990000247955322
YBR098W,YDR297W,0,-0.4673987,0.08075463026762009,0.7020000219345093,0.7990999817848206
YBR216C,YML021C,0,-0.46766186,0.08074533939361572,0.7020000219345093,0.7991999983787537
YOL165C,YDR479C,0,-0.4679433,0.08073605597019196,0.7020000219345093,0.7993000149726868
YDL002C,YPL010W,0,-0.46801102,0.08072677254676819,0.7020000219345093,0.7993999719619751
YPL243W,YIL149C,1,-0.46811253,0.08083247393369675,0.703000009059906,0.7993999719619751
YHR006W,YGR112W,0,-0.46817362,0.08082317560911179,0.703000009059906,0.7994999885559082
YGL099W,YLR193C,1,-0.46819854,0.08092883974313736,0.7039999961853027,0.7994999885559082
YDR439W,YML058W-A,0,-0.4684617,0.0809195414185524,0.7039999961853027,0.7996000051498413
YGR118W,YLR139C,0,-0.4687478,0.08091024309396744,0.7039999961853027,0.7997000217437744
YMR073C,YGL048C,0,-0.46904767,0.08090094476938248,0.7039999961853027,0.7997999787330627
YFR002W,YBR171W,1,-0.46913743,0.08100654929876328,0.7049999833106995,0.7997999787330627
YOR355W,YOL095C,0,-0.46915376,0.08099724352359772,0.7049999833106995,0.7998999953269958
YER178W,YNL090W,0,-0.46940082,0.08098793774843216,0.7049999833106995,0.800000011920929
YLR316C,YFR048W,0,-0.46962595,0.0809786319732666,0.7049999833106995,0.8001000285148621
YOR182C,YKR009C,0,-0.46963745,0.08096933364868164,0.7049999833106995,0.8001999855041504
YPR065W,YMR219W,0,-0.4698326,0.08096003532409668,0.7049999833106995,0.8003000020980835
YBL082C,YGL200C,0,-0.46988004,0.08095073699951172,0.7049999833106995,0.8004000186920166
YJR126C,YPL210C,1,-0.47007346,0.08105625957250595,0.7059999704360962,0.8004000186920166
YGR156W,YBR288C,0,-0.4701224,0.0810469537973404,0.7059999704360962,0.8004999756813049
YPL175W,YDR381W,0,-0.47040313,0.08103764802217484,0.7059999704360962,0.800599992275238
YER173W,YAL032C,0,-0.47072172,0.08102834969758987,0.7059999704360962,0.8007000088691711
YGL071W,YPL262W,0,-0.47077346,0.08101905137300491,0.7059999704360962,0.8008000254631042
YMR267W,YPR073C,0,-0.47079462,0.08100975304841995,0.7059999704360962,0.8008999824523926
YPR201W,YFL058W,0,-0.47083163,0.08100046217441559,0.7059999704360962,0.8009999990463257
YGR214W,YPL097W,0,-0.47089475,0.08099116384983063,0.7059999704360962,0.8011000156402588
YCL034W,YGR005C,0,-0.47092062,0.08098187297582626,0.7059999704360962,0.8011999726295471
YBR060C,YJL033W,0,-0.47105855,0.0809725895524025,0.7059999704360962,0.8012999892234802
YHR006W,YGL194C,0,-0.4711001,0.08096330612897873,0.7059999704360962,0.8014000058174133
YIL049W,YAL032C,0,-0.47120678,0.08095402270555496,0.7059999704360962,0.8015000224113464
YDL164C,YGL233W,0,-0.4712535,0.0809447392821312,0.7059999704360962,0.8015999794006348
YBR216C,YJR006W,0,-0.47135812,0.08093545585870743,0.7059999704360962,0.8016999959945679
YIR008C,YGL049C,0,-0.47181147,0.08092617988586426,0.7059999704360962,0.801800012588501
YKR061W,YJR153W,0,-0.47208434,0.08091690391302109,0.7059999704360962,0.8019000291824341
YEL053C,YER147C,0,-0.47208697,0.08090763539075851,0.7059999704360962,0.8019999861717224
YDR513W,YFL022C,0,-0.47213382,0.08089835941791534,0.7059999704360962,0.8021000027656555
YPL106C,YPR074C,0,-0.47259122,0.08088909089565277,0.7059999704360962,0.8022000193595886
YBR265W,YNL126W,0,-0.47275758,0.0808798223733902,0.7059999704360962,0.802299976348877
YHR055C,YKL108W,0,-0.4729352,0.08087056130170822,0.7059999704360962,0.8023999929428101
YEL002C,YML127W,0,-0.47294456,0.08086130023002625,0.7059999704360962,0.8025000095367432
YOL158C,YDR172W,0,-0.47295493,0.08085203915834427,0.7059999704360962,0.8026000261306763
YDL155W,YFR041C,0,-0.4730149,0.08084277808666229,0.7059999704360962,0.8026999831199646
YJL176C,YJL201W,0,-0.47307545,0.08083352446556091,0.7059999704360962,0.8027999997138977
YOL067C,YBR211C,0,-0.47314745,0.08082427084445953,0.7059999704360962,0.8029000163078308
YDL002C,YPR199C,0,-0.4732582,0.08081501722335815,0.7059999704360962,0.8029999732971191
YNL070W,YOL082W,1,-0.47339547,0.08092022687196732,0.7070000171661377,0.8029999732971191
YCL001W,YGR112W,0,-0.47341985,0.08091096580028534,0.7070000171661377,0.8030999898910522
YGR225W,YHL020C,0,-0.473428,0.08090170472860336,0.7070000171661377,0.8032000064849854
YLR423C,YLR376C,0,-0.47375917,0.08089245110750198,0.7070000171661377,0.8033000230789185
YBL058W,YCL016C,0,-0.4737931,0.0808831974864006,0.7070000171661377,0.8033999800682068
YDR284C,YDL013W,0,-0.4738359,0.08087394386529922,0.7070000171661377,0.8034999966621399
YPL028W,YJR140C,0,-0.47392178,0.08086469024419785,0.7070000171661377,0.803600013256073
YOR057W,YOR171C,0,-0.47403908,0.08085544407367706,0.7070000171661377,0.8036999702453613
YML024W,YKR060W,0,-0.4740513,0.08084619790315628,0.7070000171661377,0.8037999868392944
YGL227W,YER042W,0,-0.47407573,0.0808369517326355,0.7070000171661377,0.8039000034332275
YBR253W,YNR046W,0,-0.47413045,0.08082771301269531,0.7070000171661377,0.8040000200271606
YBR185C,YER008C,0,-0.47434247,0.08081847429275513,0.7070000171661377,0.804099977016449
YKL042W,YHR152W,0,-0.4744472,0.08080923557281494,0.7070000171661377,0.8041999936103821
YBL018C,YJL069C,0,-0.47447747,0.08079999685287476,0.7070000171661377,0.8043000102043152
YLR060W,YPL011C,0,-0.47456485,0.08079076558351517,0.7070000171661377,0.8044000267982483
YDL126C,YDL231C,0,-0.4747867,0.08078153431415558,0.7070000171661377,0.8044999837875366
YFL004W,YDL102W,0,-0.47485757,0.08077230304479599,0.7070000171661377,0.8046000003814697
YNL251C,YBR298C,0,-0.47498953,0.080763079226017,0.7070000171661377,0.8047000169754028
YDL052C,YMR096W,0,-0.47504246,0.080753855407238,0.7070000171661377,0.8047999739646912
YMR219W,YML099C,0,-0.47514725,0.08074463158845901,0.7070000171661377,0.8048999905586243
YNL225C,YLR210W,0,-0.4751563,0.08073541522026062,0.7070000171661377,0.8050000071525574
YBR058C,YGR112W,0,-0.475308,0.08072619140148163,0.7070000171661377,0.8051000237464905
YLR134W,YBR030W,0,-0.47542274,0.08071697503328323,0.7070000171661377,0.8051999807357788
YDR244W,YFR002W,1,-0.47548103,0.0808219164609909,0.7080000042915344,0.8051999807357788
YER145C,YJL074C,0,-0.47562754,0.08081269264221191,0.7080000042915344,0.8052999973297119
YOR153W,YOR187W,0,-0.47573245,0.08080346882343292,0.7080000042915344,0.805400013923645
YGR217W,YAL032C,0,-0.47591478,0.08079424500465393,0.7080000042915344,0.8054999709129333
YJR006W,YLR238W,0,-0.47591937,0.08078502863645554,0.7080000042915344,0.8055999875068665
YOR156C,YDR435C,0,-0.47597665,0.08077581226825714,0.7080000042915344,0.8057000041007996
YMR150C,YBR171W,1,-0.47600073,0.08088067173957825,0.7089999914169312,0.8057000041007996
YGR156W,YLR145W,0,-0.47670382,0.08087144792079926,0.7089999914169312,0.8058000206947327
YDR057W,YBR199W,0,-0.47684395,0.08086222410202026,0.7089999914169312,0.805899977684021
YGR078C,YLR134W,0,-0.47687334,0.08085300773382187,0.7089999914169312,0.8059999942779541
YOR007C,YBR273C,0,-0.47707504,0.08084378391504288,0.7089999914169312,0.8061000108718872
YIR022W,YMR308C,1,-0.47718477,0.08094858378171921,0.7099999785423279,0.8061000108718872
YFR034C,YML052W,0,-0.4772448,0.08093935251235962,0.7099999785423279,0.8062000274658203
YNL097C,YOR113W,0,-0.47728533,0.08093012869358063,0.7099999785423279,0.8062999844551086
YLR319C,YJL085W,0,-0.47729164,0.08092090487480164,0.7099999785423279,0.8064000010490417
YDL007W,YGL025C,0,-0.4777251,0.08091168105602264,0.7099999785423279,0.8065000176429749
YLR397C,YER171W,0,-0.47786218,0.08090246468782425,0.7099999785423279,0.8065999746322632
YDR091C,YMR153W,1,-0.47793514,0.08100717514753342,0.7110000252723694,0.8065999746322632
YIL076W,YBR020W,0,-0.47824538,0.08099795132875443,0.7110000252723694,0.8066999912261963
YKR072C,YBR132C,0,-0.47829294,0.08098872005939484,0.7110000252723694,0.8068000078201294
YPL195W,YDR288W,0,-0.47857034,0.08097949624061584,0.7110000252723694,0.8069000244140625
YJL106W,YOR153W,0,-0.47866887,0.08097027987241745,0.7110000252723694,0.8069999814033508
YML121W,YGR211W,0,-0.4786902,0.08096105605363846,0.7110000252723694,0.8070999979972839
YMR091C,YGR206W,1,-0.47879738,0.08106569200754166,0.7120000123977661,0.8070999979972839
YLR206W,YNL312W,0,-0.47888333,0.08105646818876266,0.7120000123977661,0.807200014591217
YMR097C,YOL033W,0,-0.47896564,0.08104723691940308,0.7120000123977661,0.8072999715805054
YNL262W,YOR003W,0,-0.4791416,0.08103801310062408,0.7120000123977661,0.8073999881744385
YIL009C-A,YFL002C,0,-0.4792059,0.08102878928184509,0.7120000123977661,0.8075000047683716
YMR150C,YKR065C,1,-0.47934473,0.08113336563110352,0.7129999995231628,0.8075000047683716
YOL069W,YJL168C,0,-0.47936302,0.08112413436174393,0.7129999995231628,0.8076000213623047
YNR019W,YGR245C,0,-0.47942716,0.08111490309238434,0.7129999995231628,0.807699978351593
YDR011W,YNL239W,0,-0.47945863,0.08110567927360535,0.7129999995231628,0.8077999949455261
YNL001W,YOR008C,0,-0.4795379,0.08109644800424576,0.7129999995231628,0.8079000115394592
YDR069C,YKL016C,0,-0.47960025,0.08108723163604736,0.7129999995231628,0.8080000281333923
YDL227C,YHR152W,0,-0.4796657,0.08107800781726837,0.7129999995231628,0.8080999851226807
YKL148C,YBR170C,0,-0.4796899,0.08106879144906998,0.7129999995231628,0.8082000017166138
YHR006W,YBR193C,0,-0.47972518,0.08105957508087158,0.7129999995231628,0.8083000183105469
YNL261W,YIL002C,0,-0.47985935,0.08105035871267319,0.7129999995231628,0.8083999752998352
YER001W,YKR027W,0,-0.47988993,0.08104114234447479,0.7129999995231628,0.8084999918937683
YFR041C,YNL327W,0,-0.47993463,0.081031933426857,0.7129999995231628,0.8086000084877014
YDR179C,YPL011C,0,-0.47995782,0.0810227245092392,0.7129999995231628,0.8087000250816345
YGR289C,YIL031W,0,-0.48001474,0.081013523042202,0.7129999995231628,0.8087999820709229
YIR022W,YHR083W,1,-0.48004824,0.08111792802810669,0.7139999866485596,0.8087999820709229
YGR211W,YOR372C,0,-0.48005158,0.0811087116599083,0.7139999866485596,0.808899998664856
YBR265W,YDL120W,0,-0.48015457,0.0810995027422905,0.7139999866485596,0.8090000152587891
YGR217W,YIR019C,0,-0.48019457,0.0810902863740921,0.7139999866485596,0.8090999722480774
YLR201C,YER178W,0,-0.4804275,0.0810810774564743,0.7139999866485596,0.8091999888420105
YDR092W,YBL040C,0,-0.48065317,0.0810718759894371,0.7139999866485596,0.8093000054359436
YGR029W,YLR008C,1,-0.48066205,0.08117620646953583,0.7149999737739563,0.8093000054359436
YNR044W,YNL090W,0,-0.48073226,0.08116699010133743,0.7149999737739563,0.8094000220298767
YBR058C,YGR014W,0,-0.48088723,0.08115777373313904,0.7149999737739563,0.809499979019165
YDR091C,YMR091C,1,-0.48091942,0.08126205950975418,0.7160000205039978,0.809499979019165
YBL058W,YLL043W,0,-0.4809326,0.08125283569097519,0.7160000205039978,0.8095999956130981
YHR190W,YER122C,0,-0.4810472,0.0812436193227768,0.7160000205039978,0.8097000122070312
YPL175W,YHR163W,0,-0.4811921,0.0812344029545784,0.7160000205039978,0.8098000288009644
YIR022W,YGR206W,1,-0.48128176,0.08133862912654877,0.7170000076293945,0.8098000288009644
YIR013C,YML052W,0,-0.48130715,0.08132939785718918,0.7170000076293945,0.8098999857902527
YIR008C,YIL039W,0,-0.4813257,0.08132017403841019,0.7170000076293945,0.8100000023841858
YBR288C,YKR060W,0,-0.4814325,0.08131095767021179,0.7170000076293945,0.8101000189781189
YML057W,YBR297W,0,-0.4816109,0.0813017338514328,0.7170000076293945,0.8101999759674072
YLR319C,YOR288C,0,-0.48166978,0.0812925174832344,0.7170000076293945,0.8102999925613403
YLR316C,YKL062W,0,-0.48206633,0.08128330111503601,0.7170000076293945,0.8104000091552734
YPL096W,YNR035C,0,-0.48208445,0.08127408474683762,0.7170000076293945,0.8105000257492065
YDL031W,YGL022W,0,-0.48209321,0.08126487582921982,0.7170000076293945,0.8105999827384949
YBR168W,YIL033C,0,-0.48222595,0.08125566691160202,0.7170000076293945,0.810699999332428
YER015W,YDR254W,0,-0.4822691,0.08124645799398422,0.7170000076293945,0.8108000159263611
YER109C,YGR285C,0,-0.48235792,0.08123725652694702,0.7170000076293945,0.8108999729156494
YDL028C,YDL120W,0,-0.48241532,0.08122804760932922,0.7170000076293945,0.8109999895095825
YER015W,YML132W,0,-0.4826358,0.08121884614229202,0.7170000076293945,0.8111000061035156
YER095W,YMR016C,0,-0.48269945,0.08120965212583542,0.7170000076293945,0.8112000226974487
YKR028W,YNL206C,0,-0.48272365,0.08120045065879822,0.7170000076293945,0.8112999796867371
YOR249C,YNL001W,0,-0.482781,0.08119125664234161,0.7170000076293945,0.8113999962806702
YBR253W,YEL029C,0,-0.4828841,0.08118206262588501,0.7170000076293945,0.8115000128746033
YDR057W,YOL158C,0,-0.48309642,0.081172876060009,0.7170000076293945,0.8116000294685364
YML132W,YKL140W,0,-0.48310322,0.0811636820435524,0.7170000076293945,0.8116999864578247
YGL246C,YER008C,0,-0.48328894,0.08115449547767639,0.7170000076293945,0.8118000030517578
YPL175W,YFL004W,0,-0.48334843,0.08114531636238098,0.7170000076293945,0.8119000196456909
YMR227C,YPL126W,0,-0.48336816,0.08113612979650497,0.7170000076293945,0.8119999766349792
YLR316C,YML121W,0,-0.48359245,0.08112695068120956,0.7170000076293945,0.8120999932289124
YOR288C,YNR038W,0,-0.48362273,0.08111777156591415,0.7170000076293945,0.8122000098228455
YKL192C,YDR182W,0,-0.48362303,0.08110859990119934,0.7170000076293945,0.8123000264167786
YBR182C,YML025C,0,-0.4836573,0.08109942078590393,0.7170000076293945,0.8123999834060669
YDR153C,YDR086C,1,-0.48396987,0.08120334893465042,0.7179999947547913,0.8123999834060669
YNL039W,YNL278W,0,-0.48408824,0.08119416236877441,0.7179999947547913,0.8125
YBR185C,YGL166W,0,-0.48413396,0.081184983253479,0.7179999947547913,0.8126000165939331
YCR084C,YNL327W,0,-0.48417926,0.0811758041381836,0.7179999947547913,0.8126999735832214
YIL009C-A,YDL198C,0,-0.48471045,0.08116663247346878,0.7179999947547913,0.8127999901771545
YNR044W,YMR246W,0,-0.48475415,0.08115745335817337,0.7179999947547913,0.8129000067710876
YJL133W,YJL072C,0,-0.48485303,0.08114828169345856,0.7179999947547913,0.8130000233650208
YBR020W,YGL166W,0,-0.48497695,0.08113911002874374,0.7179999947547913,0.8130999803543091
YLR130C,YDR435C,0,-0.48507988,0.08112994581460953,0.7179999947547913,0.8131999969482422
YLR313C,YBR015C,0,-0.485254,0.08112077414989471,0.7179999947547913,0.8133000135421753
YCR092C,YCL029C,0,-0.4853291,0.0811116099357605,0.7179999947547913,0.8133999705314636
YER145C,YDL047W,0,-0.4854524,0.08110245317220688,0.7179999947547913,0.8134999871253967
YOR188W,YDL198C,0,-0.48550528,0.08109328895807266,0.7179999947547913,0.8136000037193298
YIL002C,YGL180W,0,-0.48568523,0.08108413219451904,0.7179999947547913,0.8137000203132629
YML092C,YOR209C,0,-0.48598725,0.08107497543096542,0.7179999947547913,0.8137999773025513
YNL070W,YHL028W,1,-0.48607528,0.08117873221635818,0.718999981880188,0.8137999773025513
YDR153C,YPR139C,1,-0.48626518,0.08128245919942856,0.7200000286102295,0.8137999773025513
YDR013W,YPL228W,0,-0.48637635,0.08127328008413315,0.7200000286102295,0.8138999938964844
YPR042C,YLR363C,0,-0.48639202,0.08126410841941833,0.7200000286102295,0.8140000104904175
YMR198W,YDL227C,0,-0.4864816,0.08125493675470352,0.7200000286102295,0.8141000270843506
YPR051W,YIR012W,0,-0.48654217,0.08124576508998871,0.7200000286102295,0.8141999840736389
YOR304W,YJR083C,0,-0.487028,0.08123660087585449,0.7200000286102295,0.814300000667572
YOR346W,YEL015W,0,-0.48732948,0.08122743666172028,0.7200000286102295,0.8144000172615051
YER122C,YNL090W,0,-0.4874426,0.08121827244758606,0.7200000286102295,0.8144999742507935
YLR276C,YGL028C,0,-0.48795837,0.08120911568403244,0.7200000286102295,0.8145999908447266
YEL071W,YDR225W,0,-0.48798525,0.08119995146989822,0.7200000286102295,0.8147000074386597
YCR033W,YCR067C,0,-0.4880501,0.0811907947063446,0.7200000286102295,0.8148000240325928
YCL044C,YER005W,0,-0.48819262,0.08118164539337158,0.7200000286102295,0.8148999810218811
YKL057C,YLR292C,1,-0.48823434,0.08128523081541061,0.7210000157356262,0.8148999810218811
YOR372C,YNL080C,0,-0.4883241,0.0812760666012764,0.7210000157356262,0.8149999976158142
YIR022W,YLR008C,1,-0.48836344,0.08137962222099304,0.722000002861023,0.8149999976158142
YGR118W,YDL235C,0,-0.48837978,0.08137045055627823,0.722000002861023,0.8151000142097473
YDR477W,YJL074C,0,-0.4886459,0.08136127889156342,0.722000002861023,0.8151999711990356
YAL022C,YGL028C,0,-0.48894316,0.0813521146774292,0.722000002861023,0.8152999877929688
YGL075C,YKR009C,0,-0.48899096,0.08134295046329498,0.722000002861023,0.8154000043869019
YOR020C,YMR001C,0,-0.4891246,0.08133378624916077,0.722000002861023,0.815500020980835
YLR084C,YLR026C,0,-0.48918647,0.08132462203502655,0.722000002861023,0.8155999779701233
YMR284W,YBR035C,0,-0.48946285,0.08131546527147293,0.722000002861023,0.8156999945640564
YDR091C,YIR022W,1,-0.48964995,0.08141891658306122,0.7229999899864197,0.8156999945640564
YMR096W,YGL181W,0,-0.48966742,0.081409752368927,0.7229999899864197,0.8158000111579895
YPR183W,YGL252C,0,-0.48969573,0.08140058815479279,0.7229999899864197,0.8159000277519226
YER012W,YDR122W,0,-0.49006444,0.08139142394065857,0.7229999899864197,0.8159999847412109
YKL042W,YJL008C,0,-0.49019212,0.08138225972652435,0.7229999899864197,0.816100001335144
YKR029C,YFR027W,0,-0.4901923,0.08137310296297073,0.7229999899864197,0.8162000179290771
YGR092W,YNL126W,0,-0.49022382,0.08136394619941711,0.7229999899864197,0.8162999749183655
YJR140C,YJL039C,0,-0.49054766,0.0813547894358635,0.7229999899864197,0.8163999915122986
YPL028W,YIL037C,0,-0.49064487,0.08134563267230988,0.7229999899864197,0.8165000081062317
YAR007C,YBR298C,0,-0.49071717,0.08133648335933685,0.7229999899864197,0.8166000247001648
YHL025W,YIL033C,0,-0.49092144,0.08132733404636383,0.7229999899864197,0.8166999816894531
YDL120W,YLR350W,0,-0.49125022,0.08131818473339081,0.7229999899864197,0.8167999982833862
YHR075C,YBR177C,0,-0.49128193,0.08130904287099838,0.7229999899864197,0.8169000148773193
YBR161W,YOL091W,0,-0.49146622,0.08129990100860596,0.7229999899864197,0.8169999718666077
YNL206C,YMR234W,0,-0.49148422,0.08129075914621353,0.7229999899864197,0.8170999884605408
YHR034C,YDL002C,0,-0.49155068,0.0812816172838211,0.7229999899864197,0.8172000050544739
YML092C,YOR355W,0,-0.49156553,0.08127248287200928,0.7229999899864197,0.817300021648407
YOL158C,YBL102W,0,-0.49187863,0.08126334846019745,0.7229999899864197,0.8173999786376953
YDR309C,YGL200C,0,-0.49199593,0.08125421404838562,0.7229999899864197,0.8174999952316284
YCL011C,YHR005C,0,-0.49206036,0.08124508708715439,0.7229999899864197,0.8176000118255615
YJR126C,YKL195W,1,-0.4922186,0.08134831488132477,0.7239999771118164,0.8176000118255615
YNL326C,YFR004W,0,-0.49250966,0.08133917301893234,0.7239999771118164,0.8177000284194946
YGR078C,YMR001C,0,-0.49251634,0.08133003860712051,0.7239999771118164,0.817799985408783
YKR063C,YCR061W,0,-0.4926105,0.08132090419530869,0.7239999771118164,0.8179000020027161
YER042W,YGL136C,0,-0.49265516,0.08131176978349686,0.7239999771118164,0.8180000185966492
YLR134W,YMR056C,0,-0.49277478,0.08130263537168503,0.7239999771118164,0.8180999755859375
YNL261W,YDR440W,0,-0.49286705,0.0812935084104538,0.7239999771118164,0.8181999921798706
YBR127C,YKL017C,0,-0.49297267,0.08128438144922256,0.7239999771118164,0.8183000087738037
YIL101C,YCR009C,0,-0.4930101,0.08127525448799133,0.7239999771118164,0.8184000253677368
YMR083W,YDR450W,0,-0.4930231,0.0812661349773407,0.7239999771118164,0.8184999823570251
YMR172W,YLR201C,0,-0.49321747,0.08125701546669006,0.7239999771118164,0.8185999989509583
YJL026W,YKL140W,0,-0.49322712,0.08124789595603943,0.7239999771118164,0.8187000155448914
YBR136W,YDR479C,0,-0.4932379,0.0812387764453888,0.7239999771118164,0.8187999725341797
YHR084W,YJL176C,0,-0.49323875,0.08122966438531876,0.7239999771118164,0.8188999891281128
YDL002C,YFL050C,0,-0.49327666,0.08122055232524872,0.7239999771118164,0.8190000057220459
YML116W,YLR350W,0,-0.49353653,0.08121144026517868,0.7239999771118164,0.819100022315979
YBL018C,YDL130W,0,-0.49374837,0.08120233565568924,0.7239999771118164,0.8191999793052673
YDR299W,YML021C,0,-0.4937672,0.0811932235956192,0.7239999771118164,0.8192999958992004
YOR359W,YMR153W,1,-0.4937783,0.08129625767469406,0.7250000238418579,0.8192999958992004
YCR033W,YER174C,0,-0.49408132,0.08128713816404343,0.7250000238418579,0.8194000124931335
YNL206C,YGL257C,0,-0.49412835,0.08127802610397339,0.7250000238418579,0.8195000290870667
YIL009C-A,YGL206C,0,-0.49423033,0.08126891404390335,0.7250000238418579,0.819599986076355
YML043C,YMR183C,0,-0.49424547,0.08125980943441391,0.7250000238418579,0.8197000026702881
YBR161W,YPL159C,0,-0.49445432,0.08125069737434387,0.7250000238418579,0.8198000192642212
YGL122C,YBR298C,0,-0.49445993,0.08124159276485443,0.7250000238418579,0.8198999762535095
YML043C,YDR297W,0,-0.49449927,0.08123249560594559,0.7250000238418579,0.8199999928474426
YDR013W,YPL040C,0,-0.49457645,0.08122339099645615,0.7250000238418579,0.8201000094413757
YPL015C,YBR136W,0,-0.4945842,0.0812142938375473,0.7250000238418579,0.8202000260353088
YBR127C,YEL066W,0,-0.49459296,0.08120519667863846,0.7250000238418579,0.8202999830245972
YGL200C,YDL164C,0,-0.4947365,0.08119609951972961,0.7250000238418579,0.8203999996185303
YGR029W,YDR086C,1,-0.49500036,0.08129899203777313,0.7260000109672546,0.8203999996185303
YKL148C,YBR193C,0,-0.4950059,0.08128988742828369,0.7260000109672546,0.8205000162124634
YNR030W,YPR074C,0,-0.49511987,0.08128079026937485,0.7260000109672546,0.8205999732017517
YFL013C,YBL057C,0,-0.49514443,0.0812716856598854,0.7260000109672546,0.8206999897956848
YGL155W,YNL126W,0,-0.49521226,0.08126259595155716,0.7260000109672546,0.8208000063896179
YKL189W,YMR073C,0,-0.4952855,0.08125349879264832,0.7260000109672546,0.820900022983551
YKR099W,YGR258C,0,-0.49531126,0.08124440163373947,0.7260000109672546,0.8209999799728394
YGR156W,YGR262C,0,-0.49550217,0.08123531192541122,0.7260000109672546,0.8210999965667725
YBL018C,YER173W,0,-0.49550402,0.08122622221708298,0.7260000109672546,0.8212000131607056
YGR145W,YDR122W,0,-0.49551952,0.08121713995933533,0.7260000109672546,0.8213000297546387
YMR047C,YMR153W,1,-0.49552405,0.0813199132680893,0.7269999980926514,0.8213000297546387
YDR477W,YKL017C,0,-0.49552518,0.08131081610918045,0.7269999980926514,0.821399986743927
YDL013W,YMR268C,0,-0.49553317,0.0813017189502716,0.7269999980926514,0.8215000033378601
YGR179C,YGR245C,0,-0.49553907,0.08129262924194336,0.7269999980926514,0.8216000199317932
YKR057W,YJR077C,0,-0.4957679,0.08128353953361511,0.7269999980926514,0.8216999769210815
YNL094W,YAL030W,0,-0.496253,0.08127445727586746,0.7269999980926514,0.8217999935150146
YPL243W,YML031W,1,-0.496323,0.08137714862823486,0.7279999852180481,0.8217999935150146
YMR172W,YLR210W,0,-0.49634832,0.08136805891990662,0.7279999852180481,0.8219000101089478
YJL053W,YIL101C,0,-0.49640352,0.08135896176099777,0.7279999852180481,0.8220000267028809
YPR010C,YNL261W,0,-0.49642378,0.08134987205266953,0.7279999852180481,0.8220999836921692
YDL007W,YMR039C,0,-0.49650723,0.08134078234434128,0.7279999852180481,0.8222000002861023
YLR135W,YMR016C,0,-0.49660033,0.08133169263601303,0.7279999852180481,0.8223000168800354
YOL091W,YOR224C,0,-0.4967454,0.08132261037826538,0.7279999852180481,0.8223999738693237
YOR123C,YDR184C,0,-0.49687034,0.08131352812051773,0.7279999852180481,0.8224999904632568
YPL181W,YDR092W,0,-0.49706978,0.08130444586277008,0.7279999852180481,0.8226000070571899
YCR082W,YHR088W,0,-0.4971258,0.08129536360502243,0.7279999852180481,0.822700023651123
YMR033W,YAL022C,0,-0.49718916,0.08128628879785538,0.7279999852180481,0.8227999806404114
YDL002C,YER025W,0,-0.49741024,0.08127721399068832,0.7279999852180481,0.8228999972343445
YKR029C,YGR010W,0,-0.4974813,0.08126813918352127,0.7279999852180481,0.8230000138282776
YGL099W,YPR139C,1,-0.49766505,0.08137068897485733,0.7289999723434448,0.8230000138282776
YJL090C,YDR052C,0,-0.49777597,0.08136160671710968,0.7289999723434448,0.8230999708175659
YDR341C,YLR051C,0,-0.49796724,0.08135252445936203,0.7289999723434448,0.823199987411499
YFR048W,YPL159C,0,-0.49802762,0.08134344965219498,0.7289999723434448,0.8233000040054321
YDR057W,YPL138C,0,-0.4982049,0.08133437484502792,0.7289999723434448,0.8234000205993652
YDR151C,YLR350W,0,-0.49832058,0.08132530003786087,0.7289999723434448,0.8234999775886536
YKR072C,YNL062C,0,-0.4987849,0.08131623268127441,0.7289999723434448,0.8235999941825867
YOR020C,YOR025W,0,-0.49878907,0.08130715787410736,0.7289999723434448,0.8237000107765198
YLR276C,YJL168C,0,-0.49906045,0.0812980905175209,0.7289999723434448,0.8238000273704529
YPL181W,YER173W,0,-0.49914557,0.08128903061151505,0.7289999723434448,0.8238999843597412
YKL148C,YFR047C,0,-0.49918908,0.08127996325492859,0.7289999723434448,0.8240000009536743
YDR052C,YIL031W,0,-0.4995116,0.08127090334892273,0.7289999723434448,0.8241000175476074
YLL043W,YMR015C,0,-0.49956483,0.08126184344291687,0.7289999723434448,0.8241999745368958
YAR019C,YNL054W,0,-0.4995876,0.08125278353691101,0.7289999723434448,0.8242999911308289
YER082C,YBR179C,0,-0.49977815,0.08124373108148575,0.7289999723434448,0.824400007724762
YJL134W,YGR007W,0,-0.49979925,0.08123467862606049,0.7289999723434448,0.8245000243186951
YGL032C,YDR435C,0,-0.49989575,0.08122562617063522,0.7289999723434448,0.8245999813079834
YHR139C,YLR117C,0,-0.49990237,0.08121658116579056,0.7289999723434448,0.8246999979019165
YMR267W,YMR183C,0,-0.49991822,0.0812075287103653,0.7289999723434448,0.8248000144958496
YCR026C,YDR141C,0,-0.49994606,0.08119848370552063,0.7289999723434448,0.8248999714851379
YMR065W,YPL126W,0,-0.49997097,0.08118943870067596,0.7289999723434448,0.824999988079071
YMR283C,YMR234W,0,-0.5004242,0.0811804011464119,0.7289999723434448,0.8251000046730042
YMR060C,YER062C,0,-0.5004592,0.08117136359214783,0.7289999723434448,0.8252000212669373
YMR235C,YKL057C,1,-0.500623,0.08127366006374359,0.7300000190734863,0.8252000212669373
YLR098C,YGL206C,0,-0.5006241,0.08126460760831833,0.7300000190734863,0.8252999782562256
YIL149C,YKL143W,1,-0.50081486,0.0813668742775917,0.7310000061988831,0.8252999782562256
YIL149C,YDR086C,1,-0.5010157,0.08146911859512329,0.7319999933242798,0.8252999782562256
YDL015C,YEL066W,0,-0.5012948,0.08146005123853683,0.7319999933242798,0.8253999948501587
YDL227C,YIR019C,0,-0.5015994,0.08145098388195038,0.7319999933242798,0.8255000114440918
YMR301C,YER025W,0,-0.50165063,0.08144192397594452,0.7319999933242798,0.8256000280380249
YHR190W,YGR147C,0,-0.5016592,0.08143286406993866,0.7319999933242798,0.8256999850273132
YPL175W,YPL053C,0,-0.5019472,0.0814238041639328,0.7319999933242798,0.8258000016212463
YKR065C,YBL078C,1,-0.50205237,0.08152597397565842,0.7329999804496765,0.8258000016212463
YFR004W,YLR410W,0,-0.5020545,0.08151690661907196,0.7329999804496765,0.8259000182151794
YDR513W,YER015W,0,-0.5021377,0.0815078392624855,0.7329999804496765,0.8259999752044678
YML103C,YLR008C,1,-0.50220376,0.08160996437072754,0.734000027179718,0.8259999752044678
YGL155W,YHR005C,0,-0.5023194,0.08160088956356049,0.734000027179718,0.8260999917984009
YML029W,YDR435C,0,-0.5024071,0.08159182220697403,0.734000027179718,0.826200008392334
YMR047C,YOL082W,1,-0.5024496,0.08169389516115189,0.7350000143051147,0.826200008392334
YMR197C,YPL262W,0,-0.5024591,0.08168482035398483,0.7350000143051147,0.8263000249862671
YLR316C,YGR156W,0,-0.5027565,0.08167573809623718,0.7350000143051147,0.8263999819755554
YDR449C,YGL144C,0,-0.50301594,0.08166666328907013,0.7350000143051147,0.8264999985694885
YER068W,YLR023C,0,-0.50302905,0.08165759593248367,0.7350000143051147,0.8266000151634216
YIR022W,YLR431C,1,-0.50306517,0.08175960928201675,0.7360000014305115,0.8266000151634216
YML081C-A,YBR082C,0,-0.5033155,0.0817505270242691,0.7360000014305115,0.82669997215271
YDL155W,YDR141C,0,-0.50342506,0.08174144476652145,0.7360000014305115,0.8267999887466431
YML052W,YGR186W,0,-0.50363296,0.0817323699593544,0.7360000014305115,0.8269000053405762
YBR084W,YDR303C,0,-0.50372344,0.08172329515218735,0.7360000014305115,0.8270000219345093
YNL261W,YJL134W,0,-0.5037349,0.0817142203450203,0.7360000014305115,0.8270999789237976
YDR448W,YOR025W,0,-0.50380343,0.08170515298843384,0.7360000014305115,0.8271999955177307
YLR410W,YJL074C,0,-0.5038335,0.08169607818126678,0.7360000014305115,0.8273000121116638
YOR344C,YBR210W,0,-0.50416034,0.08168701082468033,0.7360000014305115,0.8274000287055969
YKR067W,YOL033W,0,-0.50418407,0.08167795091867447,0.7360000014305115,0.8274999856948853
YOR335C,YOR076C,0,-0.5043068,0.08166888356208801,0.7360000014305115,0.8276000022888184
YER001W,YGR010W,0,-0.5044241,0.08165982365608215,0.7360000014305115,0.8277000188827515
YHR204W,YLR249W,0,-0.50459665,0.0816507637500763,0.7360000014305115,0.8277999758720398
YKR063C,YKR009C,0,-0.50482386,0.08164171129465103,0.7360000014305115,0.8278999924659729
YCR009C,YDR182W,0,-0.5050526,0.08163265138864517,0.7360000014305115,0.828000009059906
YIL036W,YOR267C,0,-0.5051779,0.08162359893321991,0.7360000014305115,0.8281000256538391
YOR304W,YHR085W,0,-0.50538665,0.08161454647779465,0.7360000014305115,0.8281999826431274
YDR456W,YOR346W,0,-0.50544,0.08160550147294998,0.7360000014305115,0.8282999992370605
YOR328W,YPR199C,0,-0.5054651,0.08159644901752472,0.7360000014305115,0.8284000158309937
YLR023C,YMR238W,0,-0.5057356,0.08158740401268005,0.7360000014305115,0.828499972820282
YKL014C,YOL142W,0,-0.50583416,0.08157836645841599,0.7360000014305115,0.8285999894142151
YJL069C,YML107C,0,-0.50585496,0.08156932145357132,0.7360000014305115,0.8287000060081482
YLR176C,YJL176C,0,-0.5058827,0.08156028389930725,0.7360000014305115,0.8288000226020813
YBR216C,YHR008C,0,-0.5058906,0.08155124634504318,0.7360000014305115,0.8288999795913696
YBL079W,YFR002W,1,-0.5060395,0.08165299892425537,0.7369999885559082,0.8288999795913696
YMR172W,YML132W,0,-0.5060708,0.0816439539194107,0.7369999885559082,0.8289999961853027
YJL053W,YIL066C,0,-0.50614655,0.08163491636514664,0.7369999885559082,0.8291000127792358
YDR091C,YLL024C,1,-0.5062504,0.08173662424087524,0.7379999756813049,0.8291000127792358
YGL257C,YLR145W,0,-0.50626904,0.08172757178544998,0.7379999756813049,0.829200029373169
YDR303C,YMR056C,0,-0.50652206,0.08171852678060532,0.7379999756813049,0.8292999863624573
YBR228W,YOR123C,0,-0.50656503,0.08170947432518005,0.7379999756813049,0.8294000029563904
YCL044C,YOL147C,0,-0.50697595,0.08170042932033539,0.7379999756813049,0.8295000195503235
YCL044C,YNR047W,0,-0.5070787,0.08169139176607132,0.7379999756813049,0.8295999765396118
YOL146W,YOR076C,0,-0.5071628,0.08168234676122665,0.7379999756813049,0.8296999931335449
YMR267W,YCL016C,0,-0.5074107,0.08167330920696259,0.7379999756813049,0.829800009727478
YMR301C,YDR045C,0,-0.5075597,0.08166427165269852,0.7379999756813049,0.8299000263214111
YMR047C,YGR119C,1,-0.50761384,0.08176587522029877,0.7390000224113464,0.8299000263214111
YHR083W,YPR139C,1,-0.5077511,0.08186746388673782,0.7400000095367432,0.8299000263214111
YDR299W,YMR073C,0,-0.50791997,0.08185840398073196,0.7400000095367432,0.8299999833106995
YGL033W,YOL147C,0,-0.50792533,0.0818493515253067,0.7400000095367432,0.8300999999046326
YDR449C,YDR177W,0,-0.50795025,0.08184029906988144,0.7400000095367432,0.8302000164985657
YLR135W,YKL016C,0,-0.5079867,0.08183125406503677,0.7400000095367432,0.830299973487854
YGR279C,YIR019C,0,-0.508329,0.08182220160961151,0.7400000095367432,0.8303999900817871
YPL051W,YDR236C,0,-0.50835997,0.08181315660476685,0.7400000095367432,0.8305000066757202
YNL090W,YKL101W,0,-0.50840056,0.08180411159992218,0.7400000095367432,0.8306000232696533
YKR089C,YHR088W,0,-0.50840354,0.08179506659507751,0.7400000095367432,0.8306999802589417
YML031W,YMR153W,1,-0.5084231,0.08189655095338821,0.7409999966621399,0.8306999802589417
YNR035C,YMR096W,0,-0.50855315,0.08188749849796295,0.7409999966621399,0.8307999968528748
YLR316C,YHR070W,0,-0.50860626,0.08187845349311829,0.7409999966621399,0.8309000134468079
YPR198W,YMR056C,0,-0.5086105,0.08186940848827362,0.7409999966621399,0.8309999704360962
YBL057C,YLR238W,0,-0.5086357,0.08186036348342896,0.7409999966621399,0.8310999870300293
YBR058C,YML052W,0,-0.508683,0.08185131847858429,0.7409999966621399,0.8312000036239624
YPL015C,YDR479C,0,-0.508707,0.08184228092432022,0.7409999966621399,0.8313000202178955
YNL001W,YLR192C,0,-0.50899696,0.08183324337005615,0.7409999966621399,0.8313999772071838
YBR136W,YPR042C,0,-0.5090563,0.08182420581579208,0.7409999966621399,0.8314999938011169
YFR004W,YLR363C,0,-0.5093309,0.08181516826152802,0.7409999966621399,0.83160001039505
YPL051W,YML024W,0,-0.5093911,0.08180613815784454,0.7409999966621399,0.8317000269889832
YGR227W,YDL004W,0,-0.5094635,0.08179710805416107,0.7409999966621399,0.8317999839782715
YGL194C,YNL239W,0,-0.5097479,0.0817880779504776,0.7409999966621399,0.8319000005722046
YNL062C,YGR024C,0,-0.5098631,0.08177905529737473,0.7409999966621399,0.8320000171661377
YER015W,YAL032C,0,-0.509919,0.08177002519369125,0.7409999966621399,0.832099974155426
YDR436W,YGR289C,0,-0.50992006,0.08176100999116898,0.7409999966621399,0.8321999907493591
YER166W,YLR014C,0,-0.5100854,0.0817519873380661,0.7409999966621399,0.8323000073432922
YGR225W,YHR152W,0,-0.5101301,0.08174296468496323,0.7409999966621399,0.8324000239372253
YOR232W,YIL149C,1,-0.5102247,0.0818442553281784,0.7419999837875366,0.8324000239372253
YDR325W,YIR012W,0,-0.5102308,0.08183522522449493,0.7419999837875366,0.8324999809265137
YAL021C,YGR024C,0,-0.51035017,0.08182620257139206,0.7419999837875366,0.8325999975204468
YDR011W,YCL069W,0,-0.51058173,0.08181717991828918,0.7419999837875366,0.8327000141143799
YMR308C,YOR359W,1,-0.5108063,0.08191841095685959,0.7429999709129333,0.8327000141143799
YNL153C,YDR450W,0,-0.5109765,0.08190938085317612,0.7429999709129333,0.8327999711036682
YOR232W,YGL099W,1,-0.5110052,0.08201058208942413,0.7440000176429749,0.8327999711036682
YHR005C-A,YLR292C,1,-0.5110188,0.08211176097393036,0.7450000047683716,0.8327999711036682
YMR283C,YAR007C,0,-0.51107633,0.0821027085185051,0.7450000047683716,0.8328999876976013
YIR015W,YMR156C,0,-0.5110903,0.08209366351366043,0.7450000047683716,0.8330000042915344
YKR097W,YEL002C,0,-0.51131517,0.08208461850881577,0.7450000047683716,0.8331000208854675
YML121W,YJL117W,0,-0.5114134,0.0820755735039711,0.7450000047683716,0.8331999778747559
YDL007W,YDR320C,0,-0.5114288,0.08206653594970703,0.7450000047683716,0.833299994468689
YML092C,YJL145W,0,-0.511506,0.08205749839544296,0.7450000047683716,0.8334000110626221
YKR024C,YGR097W,0,-0.51160926,0.0820484608411789,0.7450000047683716,0.8335000276565552
YER178W,YBR182C,0,-0.5116183,0.08203942328691483,0.7450000047683716,0.8335999846458435
YDL043C,YHR053C,0,-0.5117496,0.08203039318323135,0.7450000047683716,0.8337000012397766
YGL144C,YPL069C,0,-0.51192284,0.08202135562896729,0.7450000047683716,0.8338000178337097
YJL087C,YIL079C,0,-0.511939,0.08201233297586441,0.7450000047683716,0.833899974822998
YDR341C,YOR144C,0,-0.51203597,0.08200330287218094,0.7450000047683716,0.8339999914169312
YLR141W,YBR082C,0,-0.5120428,0.08199428021907806,0.7450000047683716,0.8341000080108643
YJL133W,YHR163W,0,-0.51207656,0.08198525011539459,0.7450000047683716,0.8342000246047974
YDR309C,YBL040C,0,-0.5121625,0.08197623491287231,0.7450000047683716,0.8342999815940857
YDR052C,YHR023W,0,-0.51223713,0.08196721225976944,0.7450000047683716,0.8343999981880188
YHR015W,YMR097C,0,-0.5122768,0.08195819705724716,0.7450000047683716,0.8345000147819519
YGL187C,YDR251W,0,-0.51229304,0.08194918185472488,0.7450000047683716,0.8345999717712402
YLR376C,YOR025W,0,-0.51229507,0.0819401666522026,0.7450000047683716,0.8346999883651733
YDR295C,YNL225C,0,-0.51261026,0.08193115890026093,0.7450000047683716,0.8348000049591064
YLR423C,YGL194C,0,-0.5127252,0.08192214369773865,0.7450000047683716,0.8349000215530396
YFR002W,YDL088C,1,-0.5129766,0.08202309161424637,0.7459999918937683,0.8349000215530396
YMR150C,YGR029W,1,-0.51313174,0.0821240097284317,0.746999979019165,0.8349000215530396
YCL011C,YBR193C,0,-0.5131995,0.08211497962474823,0.746999979019165,0.8349999785423279
YOR245C,YFR027W,0,-0.513258,0.08210595697164536,0.746999979019165,0.835099995136261
YLL024C,YER009W,1,-0.51332754,0.0822068378329277,0.7480000257492065,0.835099995136261
YML052W,YHR150W,0,-0.5135444,0.08219780027866364,0.7480000257492065,0.8352000117301941
YGL180W,YLR383W,0,-0.513601,0.08218877017498016,0.7480000257492065,0.8353000283241272
YAR007C,YDR479C,0,-0.51372004,0.08217974007129669,0.7480000257492065,0.8353999853134155
YHR085W,YOR372C,0,-0.5138397,0.08217070996761322,0.7480000257492065,0.8355000019073486
YGL028C,YML062C,0,-0.51389575,0.08216168731451035,0.7480000257492065,0.8356000185012817
YDR091C,YER009W,1,-0.5140779,0.08226249366998672,0.7490000128746033,0.8356000185012817
YJR126C,YDL116W,1,-0.5145363,0.08236327767372131,0.75,0.8356000185012817
YMR309C,YPL069C,0,-0.5154628,0.08235423266887665,0.75,0.8356999754905701
YML081C-A,YCR061W,0,-0.515734,0.08234518766403198,0.75,0.8357999920845032
YER012W,YGR078C,0,-0.5157501,0.08233615010976791,0.75,0.8359000086784363
YGL032C,YGR078C,0,-0.5157692,0.08232711255550385,0.75,0.8360000252723694
YAR007C,YNL065W,0,-0.5157918,0.08231807500123978,0.75,0.8360999822616577
YPL196W,YDR011W,0,-0.51601636,0.0823090448975563,0.75,0.8361999988555908
YGL078C,YKR007W,0,-0.5162735,0.08230000734329224,0.75,0.8363000154495239
YHR197W,YOR359W,1,-0.5162906,0.08240070194005966,0.7509999871253967,0.8363000154495239
YOL034W,YLR383W,0,-0.5164207,0.0823916643857956,0.7509999871253967,0.8363999724388123
YOR148C,YLR350W,0,-0.51648945,0.08238262683153152,0.7509999871253967,0.8364999890327454
YBL090W,YMR234W,0,-0.5166078,0.08237358927726746,0.7509999871253967,0.8366000056266785
YLR292C,YKL143W,1,-0.51682055,0.0824742242693901,0.7519999742507935,0.8366000056266785
YBR006W,YER116C,0,-0.5169429,0.08246517926454544,0.7519999742507935,0.8367000222206116
YKR072C,YLR329W,0,-0.517016,0.08245614171028137,0.7519999742507935,0.8367999792098999
YBR132C,YGR072W,0,-0.51746505,0.0824470967054367,0.7519999742507935,0.836899995803833
YEL036C,YMR268C,0,-0.51749533,0.08243805915117264,0.7519999742507935,0.8370000123977661
YJR121W,YBR253W,0,-0.5178637,0.08242902904748917,0.7519999742507935,0.8371000289916992
YNL068C,YKR028W,0,-0.5180671,0.0824199914932251,0.7519999742507935,0.8371999859809875
YOR335C,YMR234W,0,-0.5181828,0.08241096138954163,0.7519999742507935,0.8373000025749207
YNL256W,YLR383W,0,-0.5184019,0.08240193128585815,0.7519999742507935,0.8374000191688538
YGL099W,YNL059C,1,-0.5184558,0.08250246196985245,0.753000020980835,0.8374000191688538
YER173W,YNL021W,0,-0.518494,0.08249342441558838,0.753000020980835,0.8374999761581421
YAL030W,YLR069C,0,-0.5185758,0.08248438686132431,0.753000020980835,0.8375999927520752
YCR084C,YLR098C,0,-0.51873916,0.08247535675764084,0.753000020980835,0.8377000093460083
YEL050C,YKL017C,0,-0.5190507,0.08246632665395737,0.753000020980835,0.8378000259399414
YLR182W,YKL173W,0,-0.51909393,0.0824572965502739,0.753000020980835,0.8378999829292297
YCL044C,YFL004W,0,-0.51912564,0.08244826644659042,0.753000020980835,0.8379999995231628
YER111C,YFR031C,0,-0.5191706,0.08243923634290695,0.753000020980835,0.838100016117096
YKR099W,YGL120C,0,-0.51940393,0.08243021368980408,0.753000020980835,0.8381999731063843
YDR254W,YLR026C,0,-0.5195297,0.0824211910367012,0.753000020980835,0.8382999897003174
YMR056C,YNL080C,0,-0.51978487,0.08241216838359833,0.753000020980835,0.8384000062942505
YMR153W,YDR495C,1,-0.51992744,0.08251258730888367,0.7540000081062317,0.8384000062942505
YER082C,YFL004W,0,-0.5200383,0.0825035572052002,0.7540000081062317,0.8385000228881836
YCR084C,YGL257C,0,-0.5202518,0.08249452710151672,0.7540000081062317,0.8385999798774719
YOL095C,YFL025C,0,-0.52028847,0.08248550444841385,0.7540000081062317,0.838699996471405
YGL187C,YPL138C,0,-0.52040035,0.08247648179531097,0.7540000081062317,0.8388000130653381
YHR005C-A,YML031W,1,-0.5204883,0.08257683366537094,0.7549999952316284,0.8388000130653381
YKR089C,YER174C,0,-0.5207575,0.08256780356168747,0.7549999952316284,0.8389000296592712
YIL034C,YOR076C,0,-0.5207691,0.082558773458004,0.7549999952316284,0.8389999866485596
YDR192C,YMR035W,1,-0.52080584,0.08265908807516098,0.7559999823570251,0.8389999866485596
YLR115W,YNR030W,0,-0.5209408,0.08265005052089691,0.7559999823570251,0.8391000032424927
YML031W,YLR292C,1,-0.5210208,0.08275032788515091,0.7570000290870667,0.8391000032424927
YPL096W,YJR006W,0,-0.52105397,0.08274128288030624,0.7570000290870667,0.8392000198364258
YMR150C,YIL149C,1,-0.5211017,0.08284153044223785,0.7580000162124634,0.8392000198364258
YPL175W,YCR028C-A,0,-0.5211405,0.08283247798681259,0.7580000162124634,0.8392999768257141
YKL170W,YER015W,0,-0.52114564,0.08282342553138733,0.7580000162124634,0.8393999934196472
YGL246C,YNL090W,0,-0.52144873,0.08281438052654266,0.7580000162124634,0.8395000100135803
YMR308C,YFR002W,1,-0.5216416,0.0829145759344101,0.7590000033378601,0.8395000100135803
YAR007C,YDL020C,0,-0.5216638,0.08290551602840424,0.7590000033378601,0.8396000266075134
YBR161W,YDR311W,0,-0.52172226,0.08289646357297897,0.7590000033378601,0.8396999835968018
YKR028W,YDL235C,0,-0.52174336,0.08288741111755371,0.7590000033378601,0.8398000001907349
YOL091W,YDR263C,0,-0.5220316,0.08287835866212845,0.7590000033378601,0.839900016784668
YGR145W,YBL057C,0,-0.52214295,0.08286930620670319,0.7590000033378601,0.8399999737739563
YGR225W,YKL016C,0,-0.52219146,0.08286026120185852,0.7590000033378601,0.8400999903678894
YDL028C,YKR009C,0,-0.52220577,0.08285121619701385,0.7590000033378601,0.8402000069618225
YCR026C,YBR035C,0,-0.5222092,0.08284217119216919,0.7590000033378601,0.8403000235557556
YDR013W,YBR015C,0,-0.5223855,0.08283313363790512,0.7590000033378601,0.840399980545044
YBR172C,YFL004W,0,-0.52254254,0.08282409608364105,0.7590000033378601,0.840499997138977
YMR308C,YER009W,1,-0.522606,0.08292416483163834,0.7599999904632568,0.840499997138977
YOR025W,YML099C,0,-0.5226623,0.08291511982679367,0.7599999904632568,0.8406000137329102
YML029W,YJL108C,0,-0.52270097,0.082906074821949,0.7599999904632568,0.8406999707221985
YDR345C,YDL020C,0,-0.5232411,0.08289702981710434,0.7599999904632568,0.8407999873161316
YKL175W,YBR244W,0,-0.5234541,0.08288799226284027,0.7599999904632568,0.8409000039100647
YOL005C,YDR418W,0,-0.52354676,0.0828789547085762,0.7599999904632568,0.8410000205039978
YCR020C,YOR056C,0,-0.52363497,0.08286991715431213,0.7599999904632568,0.8410999774932861
YKR065C,YKL057C,1,-0.52396345,0.08296991139650345,0.7609999775886536,0.8410999774932861
YER012W,YBR244W,0,-0.52435523,0.08296086639165878,0.7609999775886536,0.8411999940872192
YCL044C,YPR200C,0,-0.52477515,0.08295182138681412,0.7609999775886536,0.8413000106811523
YOR359W,YGR206W,1,-0.5249917,0.08305177092552185,0.7620000243186951,0.8413000106811523
YOR148C,YHR118C,0,-0.52518815,0.08304271847009659,0.7620000243186951,0.8414000272750854
YDL002C,YDR151C,0,-0.52520865,0.08303367346525192,0.7620000243186951,0.8414999842643738
YDR507C,YNR044W,0,-0.5252387,0.08302462100982666,0.7620000243186951,0.8416000008583069
YBR132C,YHR085W,0,-0.52536374,0.083015576004982,0.7620000243186951,0.84170001745224
YPL267W,YOR056C,0,-0.52539736,0.08300653845071793,0.7620000243186951,0.8417999744415283
YML092C,YDL145C,0,-0.525608,0.08299749344587326,0.7620000243186951,0.8418999910354614
YBR256C,YLR363C,0,-0.52588946,0.08298845589160919,0.7620000243186951,0.8420000076293945
YKR022C,YBR297W,0,-0.52610976,0.08297941833734512,0.7620000243186951,0.8421000242233276
YER145C,YHR088W,0,-0.52633065,0.08297038078308105,0.7620000243186951,0.842199981212616
YMR308C,YDR086C,1,-0.526676,0.08307022601366043,0.7630000114440918,0.842199981212616
YLR383W,YKR060W,0,-0.5269187,0.08306118100881577,0.7630000114440918,0.8422999978065491
YDL227C,YJL074C,0,-0.52704805,0.0830521360039711,0.7630000114440918,0.8424000144004822
YLR397C,YOL128C,0,-0.5270706,0.08304309844970703,0.7630000114440918,0.8424999713897705
YJR140C,YGR262C,0,-0.5272767,0.08303406089544296,0.7630000114440918,0.8425999879837036
YNL070W,YLR193C,1,-0.52749574,0.08313383907079697,0.7639999985694885,0.8425999879837036
YDL100C,YJL176C,0,-0.5275171,0.0831247940659523,0.7639999985694885,0.8427000045776367
YNL177C,YDR308C,0,-0.527587,0.08311575651168823,0.7639999985694885,0.8428000211715698
YDR182W,YER116C,0,-0.5276199,0.08310671150684357,0.7639999985694885,0.8428999781608582
YDR449C,YHR005C,0,-0.52768856,0.0830976739525795,0.7639999985694885,0.8429999947547913
YLR005W,YLR361C,0,-0.52794224,0.08308863639831543,0.7639999985694885,0.8431000113487244
YPR073C,YNL251C,0,-0.5280955,0.08307959884405136,0.7639999985694885,0.8432000279426575
YOR132W,YBR297W,0,-0.52818227,0.08307056874036789,0.7639999985694885,0.8432999849319458
YIL017C,YBR085W,0,-0.52843577,0.08306153863668442,0.7639999985694885,0.8434000015258789
YLR431C,YLR292C,1,-0.5286421,0.08316121250391006,0.7649999856948853,0.8434000015258789
YAR019C,YGR238C,0,-0.5287415,0.083152174949646,0.7649999856948853,0.843500018119812
YLL026W,YGR010W,0,-0.52884215,0.08314313739538193,0.7649999856948853,0.8435999751091003
YGR118W,YEL066W,0,-0.5289356,0.08313409984111786,0.7649999856948853,0.8436999917030334
YBL003C,YPL106C,0,-0.5290154,0.08312506973743439,0.7649999856948853,0.8438000082969666
YOL068C,YOL142W,0,-0.52906793,0.08311603963375092,0.7649999856948853,0.8439000248908997
YKR067W,YHR152W,0,-0.52918553,0.08310700953006744,0.7649999856948853,0.843999981880188
YMR150C,YPL243W,1,-0.5292962,0.08320660144090652,0.765999972820282,0.843999981880188
YPR009W,YML094W,0,-0.529402,0.08319756388664246,0.765999972820282,0.8440999984741211
YGL194C,YML128C,0,-0.52945584,0.08318853378295898,0.765999972820282,0.8442000150680542
YFL039C,YPL218W,0,-0.52949446,0.08317949622869492,0.765999972820282,0.8442999720573425
YHR084W,YLR167W,0,-0.5297536,0.08317046612501144,0.765999972820282,0.8443999886512756
YBR084W,YEL066W,0,-0.52989244,0.08316143602132797,0.765999972820282,0.8445000052452087
YOR002W,YDL015C,0,-0.5305317,0.0831524133682251,0.765999972820282,0.8446000218391418
YMR097C,YGR258C,0,-0.5305796,0.08314338326454163,0.765999972820282,0.8446999788284302
YJL087C,YLR405W,0,-0.5306167,0.08313436061143875,0.765999972820282,0.8447999954223633
YKL148C,YPR029C,0,-0.53076273,0.08312533795833588,0.765999972820282,0.8449000120162964
YLR060W,YGL106W,0,-0.5308807,0.0831163227558136,0.765999972820282,0.8450000286102295
YJR121W,YBR085W,0,-0.530955,0.08310730010271072,0.765999972820282,0.8450999855995178
YKL057C,YIL149C,1,-0.53104,0.08320677280426025,0.7670000195503235,0.8450999855995178
YFR041C,YAL032C,0,-0.5310414,0.08319774270057678,0.7670000195503235,0.8452000021934509
YBR035C,YIL033C,0,-0.53123575,0.08318872004747391,0.7670000195503235,0.845300018787384
YMR083W,YER173W,0,-0.5314072,0.08317969739437103,0.7670000195503235,0.8453999757766724
YBR015C,YNL209W,0,-0.53169566,0.08317068219184875,0.7670000195503235,0.8454999923706055
YHR098C,YGL048C,0,-0.531793,0.08316165953874588,0.7670000195503235,0.8456000089645386
YHR061C,YPL175W,0,-0.53200054,0.0831526443362236,0.7670000195503235,0.8457000255584717
YOR188W,YNL078W,0,-0.53208345,0.08314362913370132,0.7670000195503235,0.84579998254776
YNL197C,YHL024W,0,-0.5321284,0.08313462138175964,0.7670000195503235,0.8458999991416931
YGL021W,YPL091W,0,-0.53222156,0.08312560617923737,0.7670000195503235,0.8460000157356262
YLR170C,YHR053C,0,-0.5323966,0.08311659842729568,0.7670000195503235,0.8460999727249146
YLR130C,YHR194W,0,-0.532438,0.0831075981259346,0.7670000195503235,0.8461999893188477
YMR288W,YLR329W,0,-0.5329685,0.08309859037399292,0.7670000195503235,0.8463000059127808
YMR283C,YER061C,0,-0.5332337,0.08308959007263184,0.7670000195503235,0.8464000225067139
YMR026C,YOR232W,1,-0.53335196,0.08318890631198883,0.7680000066757202,0.8464000225067139
YNR011C,YNL062C,0,-0.5334154,0.08317989856004715,0.7680000066757202,0.8464999794960022
YEL004W,YDR163W,0,-0.53350216,0.08317089080810547,0.7680000066757202,0.8465999960899353
YFR002W,YMR153W,1,-0.5338366,0.08327016979455948,0.7689999938011169,0.8465999960899353
YPR067W,YML128C,0,-0.5341025,0.0832611545920372,0.7689999938011169,0.8467000126838684
YBR164C,YGL097W,1,-0.5342186,0.08336039632558823,0.7699999809265137,0.8467000126838684
YOR147W,YKR009C,0,-0.53423136,0.08335137367248535,0.7699999809265137,0.8468000292778015
YDR295C,YHR152W,0,-0.5345758,0.08334235101938248,0.7699999809265137,0.8468999862670898
YCR026C,YPR199C,0,-0.5348325,0.0833333358168602,0.7699999809265137,0.847000002861023
YDL198C,YKL101W,0,-0.53483874,0.08332431316375732,0.7699999809265137,0.847100019454956
YDR135C,YPL240C,0,-0.53492886,0.08331529796123505,0.7699999809265137,0.8471999764442444
YLR298C,YCR061W,0,-0.53513724,0.08330628275871277,0.7699999809265137,0.8472999930381775
YJL072C,YPL218W,0,-0.5352738,0.08329727500677109,0.7699999809265137,0.8474000096321106
YDL002C,YOR117W,0,-0.53538066,0.0832882672548294,0.7699999809265137,0.8475000262260437
YKR067W,YNL312W,0,-0.53538424,0.08327925950288773,0.7699999809265137,0.847599983215332
YER020W,YKL016C,0,-0.5354947,0.08327025175094604,0.7699999809265137,0.8476999998092651
YGL075C,YDR297W,0,-0.5357172,0.08326124399900436,0.7699999809265137,0.8478000164031982
YMR128W,YER001W,0,-0.5357317,0.08325224369764328,0.7699999809265137,0.8478999733924866
YJL006C,YLR145W,0,-0.53588754,0.0832432433962822,0.7699999809265137,0.8479999899864197
YLR193C,YGR206W,1,-0.5359578,0.08334234356880188,0.7710000276565552,0.8479999899864197
YJL008C,YGR211W,0,-0.5359604,0.0833333358168602,0.7710000276565552,0.8481000065803528
YCR020C,YGL233W,0,-0.53602844,0.08332432806491852,0.7710000276565552,0.8482000231742859
YML011C,YBL035C,0,-0.5360397,0.08331532031297684,0.7710000276565552,0.8482999801635742
YML132W,YMR077C,0,-0.53608257,0.08330632001161575,0.7710000276565552,0.8483999967575073
YEL050C,YDL004W,0,-0.53609246,0.08329731971025467,0.7710000276565552,0.8485000133514404
YML021C,YHL003C,0,-0.5363128,0.08328831940889359,0.7710000276565552,0.8485999703407288
YLR176C,YDR254W,0,-0.53632104,0.0832793265581131,0.7710000276565552,0.8486999869346619
YCR033W,YCL016C,0,-0.53661734,0.08327033370733261,0.7710000276565552,0.848800003528595
YIL154C,YDR479C,0,-0.5367874,0.08326134085655212,0.7710000276565552,0.8489000201225281
YBR035C,YDL130W,0,-0.53733283,0.08325234800577164,0.7710000276565552,0.8489999771118164
YMR284W,YLR238W,0,-0.53751457,0.08324336260557175,0.7710000276565552,0.8490999937057495
YJL134W,YDR297W,0,-0.5377211,0.08323436975479126,0.7710000276565552,0.8492000102996826
YPR198W,YER173W,0,-0.5377965,0.08322539180517197,0.7710000276565552,0.8493000268936157
YJR031C,YKL108W,0,-0.5379105,0.08321640640497208,0.7710000276565552,0.849399983882904
YIL076W,YMR246W,0,-0.53817904,0.08320742845535278,0.7710000276565552,0.8495000004768372
YJR126C,YEL013W,1,-0.53829354,0.08330635726451874,0.7720000147819519,0.8495000004768372
YPR183W,YOR095C,0,-0.53843933,0.08329736441373825,0.7720000147819519,0.8496000170707703
YOL147C,YPL159C,0,-0.5385931,0.08328837901353836,0.7720000147819519,0.8496999740600586
YDL194W,YJR155W,0,-0.5386027,0.08327939361333847,0.7720000147819519,0.8497999906539917
YER145C,YDL164C,0,-0.53860533,0.08327041566371918,0.7720000147819519,0.8499000072479248
YCR026C,YLR134W,0,-0.53878266,0.08326143026351929,0.7720000147819519,0.8500000238418579
YJL060W,YHR008C,0,-0.5390646,0.0832524523139,0.7720000147819519,0.8500999808311462
YOR153W,YKR097W,0,-0.53927356,0.0832434743642807,0.7720000147819519,0.8501999974250793
YLL043W,YLR363C,0,-0.5392809,0.083234503865242,0.7720000147819519,0.8503000140190125
YMR260C,YKL179C,0,-0.53936,0.08322552591562271,0.7720000147819519,0.8503999710083008
YNL243W,YDL015C,0,-0.5393977,0.08321655541658401,0.7720000147819519,0.8504999876022339
YMR047C,YCL038C,1,-0.53947765,0.08331537246704102,0.7730000019073486,0.8504999876022339
YIR015W,YDR381W,0,-0.53955907,0.08330638706684113,0.7730000019073486,0.850600004196167
YPL170W,YKR089C,0,-0.5395734,0.08329741656780243,0.7730000019073486,0.8507000207901001
YMR235C,YDR086C,1,-0.53968334,0.08339618891477585,0.7739999890327454,0.8507000207901001
YDR381W,YGR276C,0,-0.5397723,0.08338720351457596,0.7739999890327454,0.8507999777793884
YKL175W,YOR025W,0,-0.5399274,0.08337821811437607,0.7739999890327454,0.8508999943733215
YJL087C,YOL146W,0,-0.54003197,0.08336924016475677,0.7739999890327454,0.8510000109672546
YOL068C,YAL034W-A,0,-0.5403698,0.08336025476455688,0.7739999890327454,0.8511000275611877
YGL200C,YKR097W,0,-0.5404166,0.08335128426551819,0.7739999890327454,0.8511999845504761
YPL161C,YNL312W,0,-0.54042804,0.0833423063158989,0.7739999890327454,0.8513000011444092
YDR513W,YLL031C,0,-0.54049057,0.0833333358168602,0.7739999890327454,0.8514000177383423
YJR140C,YLR447C,0,-0.5405963,0.0833243653178215,0.7739999890327454,0.8514999747276306
YJL104W,YMR035W,1,-0.5407402,0.08342303335666656,0.7749999761581421,0.8514999747276306
YNL153C,YPL232W,0,-0.54126567,0.08341405540704727,0.7749999761581421,0.8515999913215637
YBL079W,YOR232W,1,-0.5413463,0.08351270109415054,0.7760000228881836,0.8515999913215637
YJR140C,YLR117C,0,-0.54163235,0.08350371569395065,0.7760000228881836,0.8517000079154968
YOL124C,YOL068C,0,-0.54166526,0.08349473029375076,0.7760000228881836,0.8518000245094299
YMR172W,YMR246W,0,-0.54201925,0.08348574489355087,0.7760000228881836,0.8518999814987183
YER068W,YML081C-A,0,-0.5421121,0.08347676694393158,0.7760000228881836,0.8519999980926514
YOR359W,YPR139C,1,-0.5421295,0.08357534557580948,0.7770000100135803,0.8519999980926514
YNL126W,YBR030W,0,-0.54231644,0.08356636017560959,0.7770000100135803,0.8521000146865845
YDR072C,YER042W,0,-0.5423734,0.0835573747754097,0.7770000100135803,0.8521999716758728
YNL225C,YIL038C,0,-0.5426772,0.08354838937520981,0.7770000100135803,0.8522999882698059
YNL153C,YNL256W,0,-0.54270977,0.08353940397500992,0.7770000100135803,0.852400004863739
YOR249C,YPL130W,0,-0.5427321,0.08353042602539062,0.7770000100135803,0.8525000214576721
YJL010C,YJL168C,0,-0.5429245,0.08352144807577133,0.7770000100135803,0.8525999784469604
YKR061W,YOR025W,0,-0.5429599,0.08351247012615204,0.7770000100135803,0.8526999950408936
YBR256C,YDL198C,0,-0.5430562,0.08350349217653275,0.7770000100135803,0.8528000116348267
YDR075W,YER122C,0,-0.54322153,0.08349452167749405,0.7770000100135803,0.8529000282287598
YDR436W,YPR007C,0,-0.54322845,0.08348555117845535,0.7770000100135803,0.8529999852180481
YHR204W,YOR239W,0,-0.5433882,0.08347658067941666,0.7770000100135803,0.8531000018119812
YBL079W,YLR193C,1,-0.5434935,0.08357503265142441,0.777999997138977,0.8531000018119812
YJR140C,YER174C,0,-0.5435034,0.08356605470180511,0.777999997138977,0.8532000184059143
YMR288W,YML032C,0,-0.54354995,0.08355708420276642,0.777999997138977,0.8532999753952026
YGR119C,YPR139C,1,-0.5435583,0.08365549892187119,0.7789999842643738,0.8532999753952026
YML124C,YGL200C,0,-0.543991,0.0836465135216713,0.7789999842643738,0.8533999919891357
YLL026W,YER025W,0,-0.54402953,0.083637535572052,0.7789999842643738,0.8535000085830688
YPL195W,YGR289C,0,-0.5441637,0.08362855762243271,0.7789999842643738,0.853600025177002
YPL147W,YNL312W,0,-0.54422253,0.08361957967281342,0.7789999842643738,0.8536999821662903
YHL025W,YMR056C,0,-0.5445686,0.08361060172319412,0.7789999842643738,0.8537999987602234
YGR279C,YKR089C,0,-0.5446779,0.08360163122415543,0.7789999842643738,0.8539000153541565
YBR199W,YML127W,0,-0.5447623,0.08359266072511673,0.7789999842643738,0.8539999723434448
YDR148C,YBR170C,0,-0.5451279,0.08358369022607803,0.7789999842643738,0.8540999889373779
YHR139C,YML025C,0,-0.5451481,0.08357472717761993,0.7789999842643738,0.854200005531311
YKL057C,YHR005C-A,1,-0.5452587,0.08367303013801575,0.7799999713897705,0.854200005531311
YNL197C,YDL227C,0,-0.5453871,0.08366405963897705,0.7799999713897705,0.8543000221252441
YER024W,YMR075W,0,-0.54539025,0.08365508168935776,0.7799999713897705,0.8543999791145325
YBL051C,YHR088W,0,-0.54577595,0.08364611119031906,0.7799999713897705,0.8544999957084656
YOR249C,YMR183C,0,-0.5458551,0.08363714069128036,0.7799999713897705,0.8546000123023987
YLR170C,YBR020W,0,-0.54590684,0.08362817764282227,0.7799999713897705,0.8547000288963318
YEL015W,YGL106W,0,-0.54607534,0.08361921459436417,0.7799999713897705,0.8547999858856201
YAR019C,YDR435C,0,-0.54609174,0.08361024409532547,0.7799999713897705,0.8549000024795532
YIL036W,YLR363C,0,-0.54609746,0.08360128849744797,0.7799999713897705,0.8550000190734863
YHR053C,YOR056C,0,-0.5463041,0.08359232544898987,0.7799999713897705,0.8550999760627747
YFL039C,YPL097W,0,-0.54662365,0.08358336985111237,0.7799999713897705,0.8551999926567078
YFR047C,YGL181W,0,-0.54663295,0.08357441425323486,0.7799999713897705,0.8553000092506409
YLR319C,YMR267W,0,-0.546652,0.08356545865535736,0.7799999713897705,0.855400025844574
YJL104W,YKL057C,1,-0.5468636,0.08366363495588303,0.781000018119812,0.855400025844574
YIL002C,YDR450W,0,-0.546899,0.08365467190742493,0.781000018119812,0.8554999828338623
YKR020W,YCL038C,1,-0.5470697,0.08375281095504761,0.7820000052452087,0.8554999828338623
YGR286C,YDR297W,0,-0.5471036,0.08374384045600891,0.7820000052452087,0.8555999994277954
YHR204W,YDR311W,0,-0.54718626,0.08373487740755081,0.7820000052452087,0.8557000160217285
YJR140C,YNL261W,0,-0.54724324,0.08372590690851212,0.7820000052452087,0.8557999730110168
YOL011W,YHR118C,0,-0.54734164,0.08371694386005402,0.7820000052452087,0.85589998960495
YPR073C,YKL062W,0,-0.54737383,0.08370798826217651,0.7820000052452087,0.8560000061988831
YBR288C,YNL062C,0,-0.54739445,0.08369902521371841,0.7820000052452087,0.8561000227928162
YDR308C,YOR224C,0,-0.54741204,0.08369006961584091,0.7820000052452087,0.8561999797821045
YGR145W,YGL021W,0,-0.5480131,0.08368111401796341,0.7820000052452087,0.8562999963760376
YNR047W,YAL026C,0,-0.5482068,0.08367215842008591,0.7820000052452087,0.8564000129699707
YIR012W,YPL011C,0,-0.548279,0.083663210272789,0.7820000052452087,0.8565000295639038
YMR238W,YML078W,0,-0.5483952,0.0836542546749115,0.7820000052452087,0.8565999865531921
YPL262W,YOR346W,0,-0.54843694,0.0836453065276146,0.7820000052452087,0.8567000031471252
YPL096W,YER116C,0,-0.5485036,0.08363636583089828,0.7820000052452087,0.8568000197410583
YPL147W,YJL201W,0,-0.5488965,0.08362741768360138,0.7820000052452087,0.8568999767303467
YHR082C,YLR115W,0,-0.5492485,0.08361847698688507,0.7820000052452087,0.8569999933242798
YMR091C,YCL038C,1,-0.5492934,0.08371645212173462,0.7829999923706055,0.8569999933242798
YGL071W,YPL170W,0,-0.5493944,0.08370750397443771,0.7829999923706055,0.8571000099182129
YLR316C,YLR363C,0,-0.5494195,0.08369855582714081,0.7829999923706055,0.857200026512146
YOL090W,YLR115W,0,-0.54947263,0.0836896076798439,0.7829999923706055,0.8572999835014343
YMR283C,YGR186W,0,-0.5501077,0.0836806669831276,0.7829999923706055,0.8574000000953674
YDL052C,YDR184C,0,-0.5501421,0.08367172628641129,0.7829999923706055,0.8575000166893005
YKR028W,YML038C,0,-0.5504036,0.08366278558969498,0.7829999923706055,0.8575999736785889
YAR019C,YCR067C,0,-0.5506148,0.08365384489297867,0.7829999923706055,0.857699990272522
YLR170C,YKR089C,0,-0.55073494,0.08364491164684296,0.7829999923706055,0.8578000068664551
YAL009W,YLR176C,0,-0.55104095,0.08363597840070724,0.7829999923706055,0.8579000234603882
YHR005C,YJL072C,0,-0.5510729,0.08362704515457153,0.7829999923706055,0.8579999804496765
YOL090W,YLL031C,0,-0.55115664,0.08361811190843582,0.7829999923706055,0.8580999970436096
YLR319C,YPL126W,0,-0.5511784,0.0836091861128807,0.7829999923706055,0.8582000136375427
YMR293C,YDR457W,0,-0.551407,0.083600252866745,0.7829999923706055,0.858299970626831
YOR344C,YNL256W,0,-0.55151284,0.08359133452177048,0.7829999923706055,0.8583999872207642
YFR052W,YPR065W,0,-0.55163145,0.08358240872621536,0.7829999923706055,0.8585000038146973
YOL069W,YML058W,0,-0.5516663,0.08357349038124084,0.7829999923706055,0.8586000204086304
YOL068C,YER061C,0,-0.5520452,0.08356456458568573,0.7829999923706055,0.8586999773979187
YBR265W,YMR065W,0,-0.552136,0.08355565369129181,0.7829999923706055,0.8587999939918518
YOR188W,YNL248C,0,-0.5522619,0.08354673534631729,0.7829999923706055,0.8589000105857849
YGR147C,YBR035C,0,-0.55285835,0.08353782445192337,0.7829999923706055,0.859000027179718
YDR303C,YDR448W,0,-0.55295,0.08352890610694885,0.7829999923706055,0.8590999841690063
YPL028W,YBR199W,0,-0.5529897,0.08352000266313553,0.7829999923706055,0.8592000007629395
YMR293C,YGR161C,0,-0.55301076,0.08351109176874161,0.7829999923706055,0.8593000173568726
YLL024C,YMR235C,1,-0.5530784,0.08360882848501205,0.7839999794960022,0.8593000173568726
YGL006W,YNL097C,0,-0.5535249,0.08359991759061813,0.7839999794960022,0.8593999743461609
YDR284C,YGR072W,0,-0.55373186,0.08359099924564362,0.7839999794960022,0.859499990940094
YOR232W,YCL038C,1,-0.55405325,0.08368869870901108,0.7850000262260437,0.859499990940094
YBR265W,YGL111W,0,-0.5541616,0.08367978036403656,0.7850000262260437,0.8596000075340271
YDR045C,YDR013W,0,-0.5542407,0.08367086201906204,0.7850000262260437,0.8597000241279602
YIL122W,YER178W,0,-0.5543789,0.08366194367408752,0.7850000262260437,0.8597999811172485
YLR340W,YGR014W,0,-0.5545527,0.083653025329113,0.7850000262260437,0.8598999977111816
YDR381W,YIL066C,0,-0.5547255,0.08364411443471909,0.7850000262260437,0.8600000143051147
YER111C,YJL173C,0,-0.55492616,0.08363520354032516,0.7850000262260437,0.8600999712944031
YDL100C,YOR003W,0,-0.5550499,0.08362629264593124,0.7850000262260437,0.8601999878883362
YML043C,YML060W,0,-0.5554051,0.08361738175153732,0.7850000262260437,0.8603000044822693
YBR057C,YPR198W,0,-0.5556279,0.083608478307724,0.7850000262260437,0.8604000210762024
YHR204W,YDR385W,0,-0.5557238,0.08359957486391068,0.7850000262260437,0.8604999780654907
YKL189W,YML078W,0,-0.55576557,0.08359067142009735,0.7850000262260437,0.8605999946594238
YPR138C,YLR130C,0,-0.5559857,0.08358177542686462,0.7850000262260437,0.8607000112533569
YJR137C,YHR088W,0,-0.55607647,0.0835728719830513,0.7850000262260437,0.86080002784729
YCL069W,YBR244W,0,-0.5561449,0.08356397598981857,0.7850000262260437,0.8608999848365784
YKL192C,YDL130W,0,-0.5563285,0.08355507999658585,0.7850000262260437,0.8610000014305115
YGL049C,YPR074C,0,-0.55638486,0.08354619145393372,0.7850000262260437,0.8611000180244446
YDR255C,YHR139C,0,-0.5566227,0.08353729546070099,0.7850000262260437,0.8611999750137329
YNL206C,YEL002C,0,-0.55678684,0.08352840691804886,0.7850000262260437,0.861299991607666
YHR061C,YKL101W,0,-0.5568704,0.08351952582597733,0.7850000262260437,0.8614000082015991
YLR313C,YJL072C,0,-0.55711377,0.0835106372833252,0.7850000262260437,0.8615000247955322
YGR289C,YKR009C,0,-0.5572355,0.08350175619125366,0.7850000262260437,0.8615999817848206
YCL016C,YOR123C,0,-0.5577124,0.08349287509918213,0.7850000262260437,0.8616999983787537
YHR030C,YLR170C,0,-0.55778885,0.0834839940071106,0.7850000262260437,0.8618000149726868
YJL145W,YJL168C,0,-0.5581971,0.08347512036561966,0.7850000262260437,0.8618999719619751
YLR201C,YBR182C,0,-0.55840373,0.08346623927354813,0.7850000262260437,0.8619999885559082
YDL079C,YLR069C,0,-0.5586837,0.08345736563205719,0.7850000262260437,0.8621000051498413
YLR376C,YDR038C,0,-0.5588493,0.08344849944114685,0.7850000262260437,0.8622000217437744
YGL144C,YER061C,0,-0.5589681,0.08343962579965591,0.7850000262260437,0.8622999787330627
YER012W,YKL140W,0,-0.55920684,0.08343075960874557,0.7850000262260437,0.8623999953269958
YKR029C,YNL243W,0,-0.5592516,0.08342189341783524,0.7850000262260437,0.862500011920929
YIL009C-A,YOL005C,0,-0.55929106,0.0834130272269249,0.7850000262260437,0.8626000285148621
YGL099W,YBR171W,1,-0.55942136,0.08351041376590729,0.7860000133514404,0.8626000285148621
YKR028W,YLR139C,0,-0.5594581,0.08350154012441635,0.7860000133514404,0.8626999855041504
YFL004W,YER147C,0,-0.55967206,0.08349267393350601,0.7860000133514404,0.8628000020980835
YPL232W,YDL004W,0,-0.5606823,0.08348380029201508,0.7860000133514404,0.8629000186920166
YML055W,YML031W,1,-0.56080896,0.08358114212751389,0.7870000004768372,0.8629000186920166
YPL160W,YLR145W,0,-0.5609481,0.08357226103544235,0.7870000004768372,0.8629999756813049
YMR060C,YJL176C,0,-0.5612847,0.08356338739395142,0.7870000004768372,0.863099992275238
YKR028W,YDR477W,0,-0.5618401,0.08355451375246048,0.7870000004768372,0.8632000088691711
YFR052W,YMR188C,0,-0.56189483,0.08354564756155014,0.7870000004768372,0.8633000254631042
YBR185C,YPL040C,0,-0.56189996,0.0835367813706398,0.7870000004768372,0.8633999824523926
YNL278W,YER116C,0,-0.561945,0.08352791517972946,0.7870000004768372,0.8634999990463257
YDR163W,YDR013W,0,-0.5620281,0.08351904898881912,0.7870000004768372,0.8636000156402588
YPL096W,YER174C,0,-0.56210655,0.08351019024848938,0.7870000004768372,0.8636999726295471
YER049W,YLR145W,0,-0.56212276,0.08350132405757904,0.7870000004768372,0.8637999892234802
YLR329W,YDR453C,0,-0.56219393,0.0834924653172493,0.7870000004768372,0.8639000058174133
YOR123C,YMR212C,0,-0.5622905,0.08348361402750015,0.7870000004768372,0.8640000224113464
YBR288C,YOR117W,0,-0.562437,0.08347475528717041,0.7870000004768372,0.8640999794006348
YFR048W,YLR363C,0,-0.56265956,0.08346590399742126,0.7870000004768372,0.8641999959945679
YOR335C,YOR095C,0,-0.5626776,0.08345705270767212,0.7870000004768372,0.864300012588501
YOL088C,YPL010W,0,-0.5626927,0.08344820141792297,0.7870000004768372,0.8644000291824341
YFR041C,YNL259C,0,-0.5628428,0.08343935757875443,0.7870000004768372,0.8644999861717224
YMR182C,YOR095C,0,-0.56287605,0.08343050628900528,0.7870000004768372,0.8646000027656555
YMR083W,YHL003C,0,-0.56288534,0.08342166990041733,0.7870000004768372,0.8647000193595886
YHR066W,YKR007W,0,-0.5631092,0.08341282606124878,0.7870000004768372,0.864799976348877
YMR283C,YBL035C,0,-0.5632815,0.08340398222208023,0.7870000004768372,0.8648999929428101
YFR052W,YOR058C,0,-0.5634615,0.08339514583349228,0.7870000004768372,0.8650000095367432
YGR119C,YMR308C,1,-0.5635073,0.08349226415157318,0.7879999876022339,0.8650000095367432
YIR008C,YLR192C,0,-0.5636033,0.08348342031240463,0.7879999876022339,0.8651000261306763
YGL097W,YKL143W,1,-0.56368345,0.08358050882816315,0.7889999747276306,0.8651000261306763
YOL005C,YGL246C,0,-0.56425977,0.083571657538414,0.7889999747276306,0.8651999831199646
YGR211W,YNR046W,0,-0.56436676,0.08356280624866486,0.7889999747276306,0.8652999997138977
YMR288W,YER171W,0,-0.564452,0.08355395495891571,0.7889999747276306,0.8654000163078308
YDR297W,YHR066W,0,-0.56448036,0.08354511111974716,0.7889999747276306,0.8654999732971191
YJL145W,YLR051C,0,-0.56450486,0.08353625982999802,0.7889999747276306,0.8655999898910522
YMR015C,YKL016C,0,-0.5645593,0.08352741599082947,0.7889999747276306,0.8657000064849854
YDL031W,YCR061W,0,-0.5646342,0.08351857960224152,0.7889999747276306,0.8658000230789185
YBR274W,YML032C,0,-0.5648262,0.08350973576307297,0.7889999747276306,0.8658999800682068
YPL196W,YPR199C,0,-0.56490254,0.08350089937448502,0.7889999747276306,0.8659999966621399
YKR022C,YDL130W-A,0,-0.5650156,0.08349206298589706,0.7889999747276306,0.866100013256073
YLR014C,YLR107W,0,-0.5650846,0.08348322659730911,0.7889999747276306,0.8661999702453613
YDR075W,YDR308C,0,-0.5652514,0.08347439765930176,0.7889999747276306,0.8662999868392944
YLR130C,YLR134W,0,-0.56527257,0.0834655687212944,0.7889999747276306,0.8664000034332275
YGL099W,YML031W,1,-0.56546134,0.08356251567602158,0.7900000214576721,0.8664000034332275
YCR026C,YPR065W,0,-0.5654705,0.08355367183685303,0.7900000214576721,0.8665000200271606
YFR029W,YPL283C,0,-0.5655044,0.08354484289884567,0.7900000214576721,0.866599977016449
YMR091C,YBL078C,1,-0.5656785,0.08364174515008926,0.7910000085830688,0.866599977016449
YDL145C,YKL175W,0,-0.56572324,0.08363290131092072,0.7910000085830688,0.8666999936103821
YPL232W,YPL267W,0,-0.56592137,0.08362406492233276,0.7910000085830688,0.8668000102043152
YJR126C,YGR119C,1,-0.5659904,0.08372092992067337,0.7919999957084656,0.8668000102043152
YKL148C,YER095W,0,-0.56606716,0.08371207863092422,0.7919999957084656,0.8669000267982483
YLR340W,YER025W,0,-0.56625,0.08370323479175568,0.7919999957084656,0.8669999837875366
YNR011C,YJL168C,0,-0.5665841,0.08369439095258713,0.7919999957084656,0.8671000003814697
YBL090W,YCR092C,0,-0.56673557,0.08368554711341858,0.7919999957084656,0.8672000169754028
YPL161C,YBR288C,0,-0.5667382,0.08367670327425003,0.7919999957084656,0.8672999739646912
YML043C,YBR172C,0,-0.5668459,0.08366786688566208,0.7919999957084656,0.8673999905586243
YMR065W,YJR013W,0,-0.5669073,0.08365902304649353,0.7919999957084656,0.8675000071525574
YDL052C,YAL038W,0,-0.5669479,0.08365018665790558,0.7919999957084656,0.8676000237464905
YPL106C,YGL048C,0,-0.56723505,0.08364135771989822,0.7919999957084656,0.8676999807357788
YPL210C,YLR193C,1,-0.5673153,0.08373811841011047,0.7929999828338623,0.8676999807357788
YDL116W,YPL243W,1,-0.56768256,0.08383486419916153,0.7940000295639038,0.8676999807357788
YNL001W,YKR099W,0,-0.56768715,0.08382601290941238,0.7940000295639038,0.8677999973297119
YMR026C,YKL057C,1,-0.5682513,0.08392272889614105,0.7950000166893005,0.8677999973297119
YMR091C,YBR171W,1,-0.5686446,0.08401942253112793,0.7960000038146973,0.8677999973297119
YIL079C,YGR005C,0,-0.5686843,0.08401055634021759,0.7960000038146973,0.867900013923645
YHR190W,YOR239W,0,-0.56919223,0.08400169014930725,0.7960000038146973,0.8679999709129333
YHR084W,YGL120C,0,-0.56965184,0.08399282395839691,0.7960000038146973,0.8680999875068665
YER082C,YDR418W,0,-0.56966513,0.08398396521806717,0.7960000038146973,0.8682000041007996
YGR225W,YOR288C,0,-0.56976265,0.08397510647773743,0.7960000038146973,0.8683000206947327
YKL192C,YML057W,0,-0.5701831,0.08396624773740768,0.7960000038146973,0.868399977684021
YER020W,YDR073W,0,-0.57029575,0.08395738899707794,0.7960000038146973,0.8684999942779541
YAR019C,YNR019W,0,-0.5704462,0.0839485377073288,0.7960000038146973,0.8686000108718872
YLR447C,YAL038W,0,-0.5705125,0.08393967896699905,0.7960000038146973,0.8687000274658203
YNL078W,YAL032C,0,-0.57067573,0.08393082767724991,0.7960000038146973,0.8687999844551086
YMR150C,YOL082W,1,-0.5708672,0.08402740955352783,0.796999990940094,0.8687999844551086
YPL130W,YML062C,0,-0.57091105,0.08401855081319809,0.796999990940094,0.8689000010490417
YML093W,YKL166C,0,-0.57098776,0.08400969952344894,0.796999990940094,0.8690000176429749
YKR067W,YMR219W,0,-0.5714447,0.0840008407831192,0.796999990940094,0.8690999746322632
YLR206W,YNL239W,0,-0.5715667,0.08399198949337006,0.796999990940094,0.8691999912261963
YDR284C,YPR065W,0,-0.57156783,0.08398313820362091,0.796999990940094,0.8693000078201294
YDR069C,YDR184C,0,-0.57161236,0.08397429436445236,0.796999990940094,0.8694000244140625
YMR060C,YER178W,0,-0.5721455,0.08396544307470322,0.796999990940094,0.8694999814033508
YLR115W,YMR075W,0,-0.572505,0.08395659923553467,0.796999990940094,0.8695999979972839
YNL177C,YKR027W,0,-0.5727491,0.08394775539636612,0.796999990940094,0.869700014591217
YPR110C,YDR072C,0,-0.57281464,0.08393891155719757,0.796999990940094,0.8697999715805054
YGL227W,YDR141C,0,-0.57289976,0.08393007516860962,0.796999990940094,0.8698999881744385
YAL022C,YPL091W,0,-0.5729691,0.08392123878002167,0.796999990940094,0.8700000047683716
YMR083W,YFL004W,0,-0.5732708,0.08391240239143372,0.796999990940094,0.8701000213623047
YLR265C,YKR099W,0,-0.57333624,0.08390356600284576,0.796999990940094,0.870199978351593
YKL042W,YGR156W,0,-0.5737174,0.08389473706483841,0.796999990940094,0.8702999949455261
YCR033W,YNL251C,0,-0.5741419,0.08388590812683105,0.796999990940094,0.8704000115394592
YDR292C,YFR002W,1,-0.5741591,0.08398231863975525,0.7979999780654907,0.8704000115394592
YER044C-A,YML098W,0,-0.57422364,0.0839734822511673,0.7979999780654907,0.8705000281333923
YBR038W,YGR014W,0,-0.57445455,0.08396464586257935,0.7979999780654907,0.8705999851226807
YDR345C,YPL010W,0,-0.57446533,0.0839558094739914,0.7979999780654907,0.8707000017166138
YBR102C,YDR477W,0,-0.57449836,0.08394698053598404,0.7979999780654907,0.8708000183105469
YNL197C,YBR257W,0,-0.57450885,0.08393815159797668,0.7979999780654907,0.8708999752998352
YER003C,YDL058W,0,-0.57458204,0.08392932265996933,0.7979999780654907,0.8709999918937683
YDR172W,YMR301C,0,-0.57480484,0.08392049372196198,0.7979999780654907,0.8711000084877014
YMR227C,YPL047W,0,-0.5750286,0.08391167223453522,0.7979999780654907,0.8712000250816345
YER178W,YML107C,0,-0.57507783,0.08390285074710846,0.7979999780654907,0.8712999820709229
YML021C,YPR029C,0,-0.5751756,0.0838940292596817,0.7979999780654907,0.871399998664856
YLR130C,YFL039C,0,-0.57524544,0.08388520777225494,0.7979999780654907,0.8715000152587891
YOR257W,YKR024C,0,-0.57525176,0.08387639373540878,0.7979999780654907,0.8715999722480774
YDR247W,YPR201W,0,-0.57534045,0.08386757969856262,0.7979999780654907,0.8716999888420105
YNL153C,YJL072C,0,-0.575626,0.08385876566171646,0.7979999780654907,0.8718000054359436
YAR007C,YML116W,0,-0.5759106,0.0838499516248703,0.7979999780654907,0.8719000220298767
YPR051W,YGL227W,0,-0.5759183,0.08384114503860474,0.7979999780654907,0.871999979019165
YNL259C,YEL066W,0,-0.5760075,0.08383233845233917,0.7979999780654907,0.8720999956130981
YLR117C,YDR227W,0,-0.5761815,0.08382353186607361,0.7979999780654907,0.8722000122070312
YDR072C,YKR089C,0,-0.5767668,0.08381472527980804,0.7979999780654907,0.8723000288009644
YKR028W,YGL049C,0,-0.5768102,0.08380592614412308,0.7979999780654907,0.8723999857902527
YNR035C,YPR029C,0,-0.57688975,0.08379711955785751,0.7979999780654907,0.8725000023841858
YBR085W,YPR074C,0,-0.5773824,0.08378832787275314,0.7979999780654907,0.8726000189781189
YDR075W,YOR113W,0,-0.57774806,0.08377952873706818,0.7979999780654907,0.8726999759674072
YML055W,YLR292C,1,-0.57787627,0.08387570828199387,0.7990000247955322,0.8726999759674072
YDR251W,YML062C,0,-0.5780794,0.0838669016957283,0.7990000247955322,0.8727999925613403
YHR084W,YLL031C,0,-0.57810503,0.08385810256004333,0.7990000247955322,0.8729000091552734
YIR022W,YGL097W,1,-0.5781751,0.08395424485206604,0.800000011920929,0.8729000091552734
YCL001W,YPL106C,0,-0.57834816,0.08394543826580048,0.800000011920929,0.8730000257492065
YIL049W,YKL062W,0,-0.5786497,0.08393662422895432,0.800000011920929,0.8730999827384949
YLR135W,YKR097W,0,-0.57881397,0.08392782509326935,0.800000011920929,0.873199999332428
YGR279C,YNL065W,0,-0.5796332,0.08391901850700378,0.800000011920929,0.8733000159263611
YPL195W,YAR033W,0,-0.57980555,0.08391021937131882,0.800000011920929,0.8733999729156494
YFL013C,YNL267W,0,-0.58013934,0.08390141278505325,0.800000011920929,0.8734999895095825
YDR151C,YML062C,0,-0.58027166,0.08389262109994888,0.800000011920929,0.8736000061035156
YOR002W,YNL239W,0,-0.58067894,0.08388382196426392,0.800000011920929,0.8737000226974487
YDL126C,YOR003W,0,-0.5807544,0.08387502282857895,0.800000011920929,0.8737999796867371
YNL153C,YPL175W,0,-0.5807926,0.08386623114347458,0.800000011920929,0.8738999962806702
YMR235C,YOR359W,1,-0.5808528,0.08396226167678833,0.8009999990463257,0.8738999962806702
YNR044W,YEL066W,0,-0.5809623,0.08395346254110336,0.8009999990463257,0.8740000128746033
YML094W,YEL026W,0,-0.58097035,0.0839446634054184,0.8009999990463257,0.8741000294685364
YLR319C,YPL040C,0,-0.58141404,0.08393587172031403,0.8009999990463257,0.8741999864578247
YPL160W,YNL243W,0,-0.58149654,0.08392707258462906,0.8009999990463257,0.8743000030517578
YIR015W,YDR087C,0,-0.5815076,0.08391828089952469,0.8009999990463257,0.8744000196456909
YNL066W,YEL002C,0,-0.58207726,0.08390948921442032,0.8009999990463257,0.8744999766349792
YPL096W,YDR288W,0,-0.5821185,0.08390070497989655,0.8009999990463257,0.8745999932289124
YCL011C,YBR244W,0,-0.58218616,0.08389191329479218,0.8009999990463257,0.8747000098228455
YMR308C,YML031W,1,-0.58235085,0.08398785442113876,0.8019999861717224,0.8747000098228455
YER003C,YGL001C,0,-0.5827883,0.0839790552854538,0.8019999861717224,0.8748000264167786
YML051W,YAL022C,0,-0.5828795,0.08397026360034943,0.8019999861717224,0.8748999834060669
YOR132W,YNR047W,0,-0.58297485,0.08396147191524506,0.8019999861717224,0.875
YKL189W,YBR265W,0,-0.5833684,0.08395268768072128,0.8019999861717224,0.8751000165939331
YBR118W,YGL071W,0,-0.583527,0.08394389599561691,0.8019999861717224,0.8751999735832214
YDR038C,YGL166W,0,-0.58353776,0.08393511176109314,0.8019999861717224,0.8752999901771545
YGL032C,YLR249W,0,-0.5847706,0.08392632752656937,0.8019999861717224,0.8754000067710876
YCR028C-A,YHR068W,0,-0.58519906,0.08391755074262619,0.8019999861717224,0.8755000233650208
YGL155W,YDR381W,0,-0.58529824,0.08390876650810242,0.8019999861717224,0.8755999803543091
YLL026W,YBR082C,0,-0.5854279,0.08389998972415924,0.8019999861717224,0.8756999969482422
YBL079W,YHL028W,1,-0.585594,0.08399581909179688,0.8029999732971191,0.8756999969482422
YOL165C,YDR123C,0,-0.58571374,0.0839870274066925,0.8029999732971191,0.8758000135421753
YAR019C,YOR171C,0,-0.58610815,0.08397825062274933,0.8029999732971191,0.8758999705314636
YOR025W,YPL047W,0,-0.58616537,0.08396946638822556,0.8029999732971191,0.8759999871253967
YOR057W,YPR073C,0,-0.58625644,0.08396068960428238,0.8029999732971191,0.8761000037193298
YPL137C,YML127W,0,-0.5863313,0.0839519053697586,0.8029999732971191,0.8762000203132629
YPL160W,YBR060C,0,-0.5863606,0.08394312858581543,0.8029999732971191,0.8762999773025513
YMR091C,YMR035W,1,-0.58670986,0.0840388834476471,0.8040000200271606,0.8762999773025513
YHR098C,YKL064W,0,-0.5870561,0.08403009921312332,0.8040000200271606,0.8763999938964844
YFL013C,YBR179C,0,-0.58710814,0.08402132242918015,0.8040000200271606,0.8765000104904175
YLR206W,YGL206C,0,-0.5872887,0.08401253819465637,0.8040000200271606,0.8766000270843506
YOL069W,YBR118W,0,-0.58747524,0.0840037614107132,0.8040000200271606,0.8766999840736389
YCR026C,YLR361C,0,-0.5876632,0.08399498462677002,0.8040000200271606,0.876800000667572
YDR153C,YFR002W,1,-0.5882402,0.08409067243337631,0.8050000071525574,0.876800000667572
YMR227C,YKR067W,0,-0.58855397,0.08408188819885254,0.8050000071525574,0.8769000172615051
YNL066W,YGL001C,0,-0.58899873,0.08407310396432877,0.8050000071525574,0.8769999742507935
YER178W,YHR001W,0,-0.5890595,0.08406432718038559,0.8050000071525574,0.8770999908447266
YIL110W,YBL057C,0,-0.5893,0.08405555039644241,0.8050000071525574,0.8772000074386597
YML043C,YOR056C,0,-0.58953434,0.08404677361249924,0.8050000071525574,0.8773000240325928
YOR243C,YPR183W,0,-0.5895346,0.08403799682855606,0.8050000071525574,0.8773999810218811
YPR138C,YNR057C,0,-0.5896513,0.08402922749519348,0.8050000071525574,0.8774999976158142
YGR276C,YNL327W,0,-0.5897782,0.0840204581618309,0.8050000071525574,0.8776000142097473
YDL081C,YNL129W,0,-0.5897859,0.08401168882846832,0.8050000071525574,0.8776999711990356
YBR077C,YHR053C,0,-0.5899156,0.08400291949510574,0.8050000071525574,0.8777999877929688
YKL108W,YDR177W,0,-0.58993644,0.08399415761232376,0.8050000071525574,0.8779000043869019
YLL026W,YOL095C,0,-0.59012586,0.08398539572954178,0.8050000071525574,0.878000020980835
YNL062C,YEL029C,0,-0.59024364,0.0839766338467598,0.8050000071525574,0.8780999779701233
YHR190W,YPL010W,0,-0.59045815,0.08396787196397781,0.8050000071525574,0.8781999945640564
YLR060W,YPL091W,0,-0.59088135,0.08395911753177643,0.8050000071525574,0.8783000111579895
YPL243W,YGL099W,1,-0.5913047,0.08405464887619019,0.8059999942779541,0.8783000111579895
YGR029W,YBL078C,1,-0.5913302,0.08415015786886215,0.8069999814033508,0.8783000111579895
YKL170W,YER012W,0,-0.5914467,0.08414138108491898,0.8069999814033508,0.8784000277519226
YDL120W,YPL011C,0,-0.5921368,0.0841326117515564,0.8069999814033508,0.8784999847412109
YPR073C,YDR450W,0,-0.59238106,0.08412384241819382,0.8069999814033508,0.878600001335144
YMR026C,YGR119C,1,-0.5924488,0.0842193067073822,0.8080000281333923,0.878600001335144
YHR098C,YJL039C,0,-0.5927294,0.08421052992343903,0.8080000281333923,0.8787000179290771
YNL261W,YOR355W,0,-0.59283316,0.08420175313949585,0.8080000281333923,0.8787999749183655
YLR221C,YKR099W,0,-0.59341794,0.08419297635555267,0.8080000281333923,0.8788999915122986
YHR152W,YNL278W,0,-0.59351116,0.0841842070221901,0.8080000281333923,0.8790000081062317
YDL116W,YML103C,1,-0.593609,0.0842796117067337,0.8090000152587891,0.8790000081062317
YDR436W,YAR033W,0,-0.59364146,0.08427083492279053,0.8090000152587891,0.8791000247001648
YMR039C,YPL153C,0,-0.5937421,0.08426205813884735,0.8090000152587891,0.8791999816894531
YDR456W,YLL041C,0,-0.5938924,0.08425328135490417,0.8090000152587891,0.8792999982833862
YNL070W,YER009W,1,-0.5942672,0.0843486413359642,0.8100000023841858,0.8792999982833862
YAL030W,YNL312W,0,-0.59440887,0.08433985710144043,0.8100000023841858,0.8794000148773193
YDR484W,YPL110C,0,-0.5946165,0.08433108031749725,0.8100000023841858,0.8794999718666077
YDR255C,YBL040C,0,-0.5947019,0.08432229608297348,0.8100000023841858,0.8795999884605408
YDL081C,YCL011C,0,-0.594812,0.0843135192990303,0.8100000023841858,0.8797000050544739
YLR075W,YLR192C,0,-0.5948945,0.08430474251508713,0.8100000023841858,0.879800021648407
YIL079C,YDR385W,0,-0.5954643,0.08429597318172455,0.8100000023841858,0.8798999786376953
YGR147C,YER116C,0,-0.59551007,0.08428720384836197,0.8100000023841858,0.8799999952316284
YPL210C,YJL104W,1,-0.5955655,0.08438248187303543,0.8109999895095825,0.8799999952316284
YPL232W,YGR145W,0,-0.5955785,0.08437369763851166,0.8109999895095825,0.8801000118255615
YHR083W,YLR193C,1,-0.59571815,0.08446894586086273,0.8119999766349792,0.8801000118255615
YDL043C,YPL228W,0,-0.5957566,0.08446016162633896,0.8119999766349792,0.8802000284194946
YLR405W,YER003C,0,-0.59592384,0.08445137739181519,0.8119999766349792,0.880299985408783
YMR235C,YFR002W,1,-0.59593755,0.08454658836126328,0.8130000233650208,0.880299985408783
YGL025C,YHR139C,0,-0.59595686,0.0845377966761589,0.8130000233650208,0.8804000020027161
YJL013C,YCR005C,0,-0.596218,0.08452900499105453,0.8130000233650208,0.8805000185966492
YLL043W,YOR335C,0,-0.59624475,0.08452022075653076,0.8130000233650208,0.8805999755859375
YIR008C,YER122C,0,-0.59626865,0.08451143652200699,0.8130000233650208,0.8806999921798706
YBR210W,YLR238W,0,-0.5962743,0.08450265228748322,0.8130000233650208,0.8808000087738037
YML121W,YOR335C,0,-0.5963721,0.08449386805295944,0.8130000233650208,0.8809000253677368
YOR153W,YLR410W,0,-0.5965291,0.08448509126901627,0.8130000233650208,0.8809999823570251
YLL043W,YDR184C,0,-0.59653926,0.08447630703449249,0.8130000233650208,0.8810999989509583
YGR279C,YPR009W,0,-0.59660363,0.08446753025054932,0.8130000233650208,0.8812000155448914
YNR047W,YGR157W,0,-0.596723,0.08445876091718674,0.8130000233650208,0.8812999725341797
YAL022C,YJL085W,0,-0.5967489,0.08444998413324356,0.8130000233650208,0.8813999891281128
YGR092W,YER003C,0,-0.5968427,0.08444121479988098,0.8130000233650208,0.8815000057220459
YHR190W,YDL160C,0,-0.5971939,0.0844324454665184,0.8130000233650208,0.881600022315979
YDR153C,YML103C,1,-0.59720117,0.08452751487493515,0.8140000104904175,0.881600022315979
YER024W,YGL181W,0,-0.5974093,0.08451873809099197,0.8140000104904175,0.8816999793052673
YEL004W,YIL037C,0,-0.59779865,0.0845099687576294,0.8140000104904175,0.8817999958992004
YIR022W,YMR235C,1,-0.5980929,0.08460500091314316,0.8149999976158142,0.8817999958992004
YKR057W,YKR060W,0,-0.5984312,0.08459622412919998,0.8149999976158142,0.8819000124931335
YMR153W,YPR139C,1,-0.5985523,0.08469122648239136,0.8159999847412109,0.8819000124931335
YJL010C,YML043C,0,-0.5987511,0.08468244224786758,0.8159999847412109,0.8820000290870667
YMR056C,YFR027W,0,-0.5987766,0.08467365056276321,0.8159999847412109,0.882099986076355
YJR077C,YKR097W,0,-0.59906954,0.08466486632823944,0.8159999847412109,0.8822000026702881
YER020W,YLL043W,0,-0.59922594,0.08465608209371567,0.8159999847412109,0.8823000192642212
YJL090C,YML099C,0,-0.5992425,0.08464730530977249,0.8159999847412109,0.8823999762535095
YER009W,YPR139C,1,-0.5995185,0.08474224805831909,0.8169999718666077,0.8823999762535095
YEL050C,YOR147W,0,-0.5996656,0.08473345637321472,0.8169999718666077,0.8824999928474426
YKR028W,YLR134W,0,-0.59989077,0.08472467213869095,0.8169999718666077,0.8826000094413757
YBL079W,YMR235C,1,-0.6000714,0.08481957763433456,0.8180000185966492,0.8826000094413757
YDL079C,YDR072C,0,-0.6005389,0.0848107859492302,0.8180000185966492,0.8827000260353088
YDR038C,YOR372C,0,-0.6006486,0.08480198681354523,0.8180000185966492,0.8827999830245972
YPL175W,YMR015C,0,-0.60082173,0.08479320257902145,0.8180000185966492,0.8828999996185303
YGR192C,YBR082C,0,-0.60083014,0.08478441089391708,0.8180000185966492,0.8830000162124634
YML093W,YMR001C,0,-0.6009382,0.08477562665939331,0.8180000185966492,0.8830999732017517
YJL008C,YBR257W,0,-0.6013943,0.08476684242486954,0.8180000185966492,0.8831999897956848
YGR156W,YOR025W,0,-0.6015789,0.08475805819034576,0.8180000185966492,0.8833000063896179
YHR188C,YER173W,0,-0.60159296,0.08474927395582199,0.8180000185966492,0.883400022983551
YKL148C,YCR033W,0,-0.60161877,0.08474049717187881,0.8180000185966492,0.8834999799728394
YBL058W,YGL227W,0,-0.6018699,0.08473172038793564,0.8180000185966492,0.8835999965667725
YCL016C,YBL102W,0,-0.6020726,0.08472294360399246,0.8180000185966492,0.8837000131607056
YIL031W,YNL080C,0,-0.6021278,0.08471416682004929,0.8180000185966492,0.8838000297546387
YDL002C,YER005W,0,-0.6023137,0.0847053974866867,0.8180000185966492,0.883899986743927
YLR182W,YKR067W,0,-0.6028009,0.08469662815332413,0.8180000185966492,0.8840000033378601
YOL158C,YDL013W,0,-0.603118,0.08468785881996155,0.8180000185966492,0.8841000199317932
YLR430W,YJL069C,0,-0.6040333,0.08467908948659897,0.8180000185966492,0.8841999769210815
YLR182W,YDL045C,0,-0.60477716,0.08467032760381699,0.8180000185966492,0.8842999935150146
YDR324C,YKR099W,0,-0.6049488,0.0846615582704544,0.8180000185966492,0.8844000101089478
YBR168W,YPL159C,0,-0.6050046,0.08465279638767242,0.8180000185966492,0.8845000267028809
YBR127C,YML057W,0,-0.6050059,0.08464404195547104,0.8180000185966492,0.8845999836921692
YER012W,YDL004W,0,-0.6051851,0.08463528007268906,0.8180000185966492,0.8847000002861023
YPL137C,YMR075W,0,-0.6052305,0.08462652564048767,0.8180000185966492,0.8848000168800354
YJR140C,YPL161C,0,-0.60552806,0.08461777120828629,0.8180000185966492,0.8848999738693237
YDL081C,YGL032C,0,-0.6056352,0.0846090167760849,0.8180000185966492,0.8849999904632568
YDR288W,YLR363C,0,-0.60599774,0.08460026979446411,0.8180000185966492,0.8851000070571899
YPR033C,YER174C,0,-0.6060097,0.08459152281284332,0.8180000185966492,0.885200023651123
YMR182C,YHR066W,0,-0.6060143,0.08458277583122253,0.8180000185966492,0.8852999806404114
YLR167W,YOR056C,0,-0.60622466,0.08457402884960175,0.8180000185966492,0.8853999972343445
YOL011W,YGL001C,0,-0.6063927,0.08456528186798096,0.8180000185966492,0.8855000138282776
YDR299W,YER171W,0,-0.6066666,0.08455654233694077,0.8180000185966492,0.8855999708175659
YJL176C,YNL090W,0,-0.6066673,0.08454780280590057,0.8180000185966492,0.885699987411499
YIL110W,YJL133W,0,-0.60683614,0.08453906327486038,0.8180000185966492,0.8858000040054321
YER015W,YDR141C,0,-0.60684425,0.08453033119440079,0.8180000185966492,0.8859000205993652
YJL013C,YLR383W,0,-0.6069106,0.0845215916633606,0.8180000185966492,0.8859999775886536
YIR022W,YGL099W,1,-0.60699517,0.08461617678403854,0.8190000057220459,0.8859999775886536
YBR127C,YGR007W,0,-0.6071134,0.08460743725299835,0.8190000057220459,0.8860999941825867
YOL095C,YGR245C,0,-0.6072254,0.08459869772195816,0.8190000057220459,0.8862000107765198
YKR029C,YPL195W,0,-0.6072566,0.08458995819091797,0.8190000057220459,0.8863000273704529
YGR217W,YOL165C,0,-0.60741836,0.08458122611045837,0.8190000057220459,0.8863999843597412
YDR435C,YFR027W,0,-0.6075818,0.08457249402999878,0.8190000057220459,0.8865000009536743
YDR163W,YBR092C,0,-0.6076352,0.08456376194953918,0.8190000057220459,0.8866000175476074
YPR073C,YEL066W,0,-0.60794395,0.08455502986907959,0.8190000057220459,0.8866999745368958
YJL008C,YAL032C,0,-0.60801595,0.08454629778862,0.8190000057220459,0.8867999911308289
YJL104W,YIL149C,1,-0.6080512,0.08464079350233078,0.8199999928474426,0.8867999911308289
YLR313C,YLR221C,0,-0.6083131,0.08463205397129059,0.8199999928474426,0.886900007724762
YDL028C,YBR185C,0,-0.6083726,0.084623321890831,0.8199999928474426,0.8870000243186951
YPL028W,YHR129C,0,-0.6083891,0.0846145898103714,0.8199999928474426,0.8870999813079834
YKL189W,YCR082W,0,-0.60906744,0.0846058577299118,0.8199999928474426,0.8871999979019165
YHL028W,YNL059C,1,-0.60908633,0.08470030128955841,0.8209999799728394,0.8871999979019165
YHR175W,YOR335C,0,-0.6091728,0.08469156175851822,0.8209999799728394,0.8873000144958496
YOL005C,YMR212C,0,-0.609177,0.08468282967805862,0.8209999799728394,0.8873999714851379
YBR102C,YDL130W-A,0,-0.60928917,0.08467409014701843,0.8209999799728394,0.887499988079071
YAL038W,YDR225W,0,-0.6094211,0.08466535806655884,0.8209999799728394,0.8876000046730042
YNR011C,YDL058W,0,-0.60949945,0.08465663343667984,0.8209999799728394,0.8877000212669373
YOR288C,YDR184C,0,-0.61012596,0.08464790135622025,0.8209999799728394,0.8877999782562256
YMR150C,YMR035W,1,-0.6101311,0.08474227041006088,0.8220000267028809,0.8877999782562256
YBR102C,YER008C,0,-0.61080045,0.08473353087902069,0.8220000267028809,0.8878999948501587
YOR153W,YKR089C,0,-0.6108569,0.0847247987985611,0.8220000267028809,0.8880000114440918
YOR344C,YIL110W,0,-0.61093354,0.0847160667181015,0.8220000267028809,0.8881000280380249
YOR148C,YKL179C,0,-0.611176,0.0847073346376419,0.8220000267028809,0.8881999850273132
YGR227W,YDL120W,0,-0.611601,0.08469861000776291,0.8220000267028809,0.8883000016212463
YBR127C,YLR014C,0,-0.6121554,0.08468988537788391,0.8220000267028809,0.8884000182151794
YKR072C,YDR073W,0,-0.6125103,0.08468116074800491,0.8220000267028809,0.8884999752044678
YAL056W,YBL018C,0,-0.61271334,0.08467243611812592,0.8220000267028809,0.8885999917984009
YOR335C,YGR192C,0,-0.6132352,0.08466371148824692,0.8220000267028809,0.888700008392334
YBL082C,YHR068W,0,-0.61346716,0.08465499430894852,0.8220000267028809,0.8888000249862671
YNL001W,YGR211W,0,-0.61373323,0.08464627712965012,0.8220000267028809,0.8888999819755554
YFR052W,YOR245C,0,-0.6139985,0.08463755995035172,0.8220000267028809,0.8889999985694885
YER015W,YCR061W,0,-0.614021,0.08462885022163391,0.8220000267028809,0.8891000151634216
YBR186W,YPL069C,0,-0.6140841,0.08462013304233551,0.8220000267028809,0.88919997215271
YLR405W,YGL021W,0,-0.61436,0.0846114233136177,0.8220000267028809,0.8892999887466431
YHR152W,YML094W,0,-0.61446095,0.0846027135848999,0.8220000267028809,0.8894000053405762
YDR163W,YOR132W,0,-0.6147526,0.0845940113067627,0.8220000267028809,0.8895000219345093
YDR292C,YDL116W,1,-0.6148318,0.0846882089972496,0.8230000138282776,0.8895000219345093
YPR051W,YPL159C,0,-0.6148471,0.0846794918179512,0.8230000138282776,0.8895999789237976
YPL267W,YOR328W,0,-0.6148707,0.0846707820892334,0.8230000138282776,0.8896999955177307
YHL024W,YGL181W,0,-0.61487687,0.0846620723605156,0.8230000138282776,0.8898000121116638
YPR020W,YKR067W,0,-0.61518705,0.08465336263179779,0.8230000138282776,0.8899000287055969
YNR047W,YPR029C,0,-0.6154115,0.08464466035366058,0.8230000138282776,0.8899999856948853
YMR091C,YHR197W,1,-0.61576146,0.08473879098892212,0.8240000009536743,0.8899999856948853
YOR355W,YLL031C,0,-0.6158216,0.08473007380962372,0.8240000009536743,0.8901000022888184
YER166W,YNL097C,0,-0.61588496,0.08472136408090591,0.8240000009536743,0.8902000188827515
YGL150C,YKL101W,0,-0.6159093,0.08471265435218811,0.8240000009536743,0.8902999758720398
YNL078W,YBL035C,0,-0.6159828,0.0847039446234703,0.8240000009536743,0.8903999924659729
YDR011W,YOR267C,0,-0.6162081,0.0846952423453331,0.8240000009536743,0.890500009059906
YGL180W,YML081C-A,0,-0.6162898,0.08468654006719589,0.8240000009536743,0.8906000256538391
YMR260C,YHR066W,0,-0.61632174,0.08467783033847809,0.8240000009536743,0.8906999826431274
YDR069C,YML062C,0,-0.6163279,0.08466913551092148,0.8240000009536743,0.8907999992370605
YLL041C,YEL066W,0,-0.61648947,0.08466043323278427,0.8240000009536743,0.8909000158309937
YLR340W,YJL039C,0,-0.61666673,0.08465173840522766,0.8240000009536743,0.890999972820282
YPL110C,YGR112W,0,-0.6168062,0.08464304357767105,0.8240000009536743,0.8910999894142151
YOR304W,YCR066W,0,-0.6170245,0.08463434875011444,0.8240000009536743,0.8912000060081482
YML051W,YAR019C,0,-0.6170688,0.08462565392255783,0.8240000009536743,0.8913000226020813
YLR182W,YLR206W,0,-0.6174558,0.08461696654558182,0.8240000009536743,0.8913999795913696
YMR026C,YDL116W,1,-0.61755043,0.08471095561981201,0.824999988079071,0.8913999795913696
YHR194W,YKL062W,0,-0.61780113,0.0847022607922554,0.824999988079071,0.8914999961853027
YLR405W,YGR014W,0,-0.6180335,0.08469356596469879,0.824999988079071,0.8916000127792358
YER082C,YMR001C,0,-0.6181493,0.08468487113714218,0.824999988079071,0.891700029373169
YLR298C,YPL240C,0,-0.61841613,0.08467617630958557,0.824999988079071,0.8917999863624573
YHR175W,YPR074C,0,-0.618483,0.08466748893260956,0.824999988079071,0.8919000029563904
YNL197C,YPL240C,0,-0.6185401,0.08465880155563354,0.824999988079071,0.8920000195503235
YDL020C,YLR005W,0,-0.618812,0.08465011417865753,0.824999988079071,0.8920999765396118
YHR068W,YER003C,0,-0.6188999,0.08464142680168152,0.824999988079071,0.8921999931335449
YGL099W,YER009W,1,-0.61921376,0.08473533391952515,0.8259999752044678,0.8921999931335449
YBR265W,YLR383W,0,-0.61972255,0.08472663909196854,0.8259999752044678,0.892300009727478
YGL078C,YDR325W,0,-0.6198767,0.08471795171499252,0.8259999752044678,0.8924000263214111
YLR361C,YKL140W,0,-0.62044436,0.08470925688743591,0.8259999752044678,0.8924999833106995
YDR091C,YKL143W,1,-0.62176245,0.08480311930179596,0.8270000219345093,0.8924999833106995
YMR047C,YHL028W,1,-0.6218199,0.08489695191383362,0.828000009059906,0.8924999833106995
YDL007W,YPL051W,0,-0.6224292,0.08488824963569641,0.828000009059906,0.8925999999046326
YOL147C,YBR298C,0,-0.6228811,0.0848795473575592,0.828000009059906,0.8927000164985657
YDR320C,YER119C,0,-0.623064,0.084870845079422,0.828000009059906,0.892799973487854
YMR047C,YDL088C,1,-0.6231154,0.08496464043855667,0.8289999961853027,0.892799973487854
YAL011W,YHR085W,0,-0.62338746,0.08495593070983887,0.8289999961853027,0.8928999900817871
YJR126C,YLR193C,1,-0.623874,0.08504969626665115,0.8299999833106995,0.8928999900817871
YGL006W,YNL243W,0,-0.62402993,0.08504098653793335,0.8299999833106995,0.8930000066757202
YGR285C,YFL004W,0,-0.62409824,0.08503226935863495,0.8299999833106995,0.8931000232696533
YJL033W,YDR288W,0,-0.62450755,0.08502355962991714,0.8299999833106995,0.8931999802589417
YCL034W,YGR014W,0,-0.62468827,0.08501484990119934,0.8299999833106995,0.8932999968528748
YJL104W,YNL059C,1,-0.62500054,0.08510856330394745,0.8309999704360962,0.8932999968528748
YPR020W,YIL039W,0,-0.6256806,0.08509984612464905,0.8309999704360962,0.8934000134468079
YML043C,YML024W,0,-0.62571156,0.08509112894535065,0.8309999704360962,0.8934999704360962
YNL015W,YPL106C,0,-0.6258937,0.08508241921663284,0.8309999704360962,0.8935999870300293
YML055W,YPL243W,1,-0.6259315,0.08517608791589737,0.8320000171661377,0.8935999870300293
YHR129C,YBR127C,0,-0.62603885,0.08516736328601837,0.8320000171661377,0.8937000036239624
YBR006W,YGR002C,0,-0.62612516,0.08515864610671997,0.8320000171661377,0.8938000202178955
YHR197W,YLR008C,1,-0.6262072,0.08525227755308151,0.8330000042915344,0.8938000202178955
YDR292C,YMR308C,1,-0.6264555,0.08534588664770126,0.8339999914169312,0.8938000202178955
YOR117W,YDR075W,0,-0.6274624,0.08533715456724167,0.8339999914169312,0.8938999772071838
YDR091C,YGL099W,1,-0.6276774,0.08543073385953903,0.8349999785423279,0.8938999772071838
YML121W,YGL206C,0,-0.6279507,0.08542199432849884,0.8349999785423279,0.8939999938011169
YLR144C,YGR112W,0,-0.6279586,0.08541325479745865,0.8349999785423279,0.89410001039505
YGR029W,YBR164C,1,-0.6285201,0.08550680428743362,0.8360000252723694,0.89410001039505
YBR168W,YGL049C,0,-0.6289053,0.08549805730581284,0.8360000252723694,0.8942000269889832
YGR092W,YOR209C,0,-0.6291685,0.08548931032419205,0.8360000252723694,0.8942999839782715
YMR026C,YPR139C,1,-0.62940186,0.08558282256126404,0.8370000123977661,0.8942999839782715
YPR183W,YOR008C,0,-0.6294883,0.08557407557964325,0.8370000123977661,0.8944000005722046
YBR015C,YMR234W,0,-0.62966937,0.08556532114744186,0.8370000123977661,0.8945000171661377
YBL018C,YBL003C,0,-0.6300849,0.08555657416582108,0.8370000123977661,0.894599974155426
YFR047C,YNL274C,0,-0.63016754,0.08554783463478088,0.8370000123977661,0.8946999907493591
YDR507C,YOR267C,0,-0.63048667,0.0855390876531601,0.8370000123977661,0.8948000073432922
YNR044W,YPL228W,0,-0.63051707,0.0855303481221199,0.8370000123977661,0.8949000239372253
YGL006W,YOR003W,0,-0.63084525,0.08552160859107971,0.8370000123977661,0.8949999809265137
YNL326C,YNL256W,0,-0.6310392,0.08551287651062012,0.8370000123977661,0.8950999975204468
YMR033W,YOR344C,0,-0.6311509,0.08550413697957993,0.8370000123977661,0.8952000141143799
YOR359W,YLR008C,1,-0.6316084,0.08559754490852356,0.8379999995231628,0.8952000141143799
YPR065W,YDR507C,0,-0.63187534,0.08558880537748337,0.8379999995231628,0.8952999711036682
YAL022C,YMR001C,0,-0.63198584,0.08558006584644318,0.8379999995231628,0.8953999876976013
YLR014C,YOL068C,0,-0.6323039,0.08557132631540298,0.8379999995231628,0.8955000042915344
YDL079C,YHR194W,0,-0.63242775,0.08556258678436279,0.8379999995231628,0.8956000208854675
YPL091W,YLR088W,0,-0.6328077,0.0855538547039032,0.8379999995231628,0.8956999778747559
YJR083C,YDL020C,0,-0.6331284,0.0855451226234436,0.8379999995231628,0.895799994468689
YMR183C,YGL200C,0,-0.63320017,0.08553639054298401,0.8379999995231628,0.8959000110626221
YDL043C,YER042W,0,-0.6333235,0.08552765846252441,0.8379999995231628,0.8960000276565552
YGL155W,YBR084W,0,-0.63393515,0.08551893383264542,0.8379999995231628,0.8960999846458435
YGL246C,YJL039C,0,-0.6341571,0.08551020175218582,0.8379999995231628,0.8962000012397766
YDR353W,YDR172W,0,-0.63443327,0.08550147712230682,0.8379999995231628,0.8963000178337097
YNL078W,YLR014C,0,-0.6346916,0.08549275994300842,0.8379999995231628,0.896399974822998
YHR075C,YIL036W,0,-0.6349947,0.08548403531312943,0.8379999995231628,0.8964999914169312
YBR253W,YPL069C,0,-0.6351091,0.08547531813383102,0.8379999995231628,0.8966000080108643
YLL024C,YIL149C,1,-0.6351109,0.08556858450174332,0.8389999866485596,0.8966000080108643
YIL034C,YLR350W,0,-0.63519794,0.08555985987186432,0.8389999866485596,0.8967000246047974
YKL189W,YKL016C,0,-0.6353863,0.08555113524198532,0.8389999866485596,0.8967999815940857
YBR060C,YEL029C,0,-0.63572997,0.08554241806268692,0.8389999866485596,0.8968999981880188
YFL013C,YOR132W,0,-0.6361336,0.08553369343280792,0.8389999866485596,0.8970000147819519
YNL153C,YOR151C,0,-0.6363932,0.08552497625350952,0.8389999866485596,0.8970999717712402
YBR265W,YGL180W,0,-0.63641626,0.08551625907421112,0.8389999866485596,0.8971999883651733
YBL057C,YMR246W,0,-0.6366322,0.08550754189491272,0.8389999866485596,0.8973000049591064
YGL049C,YBR082C,0,-0.63687795,0.08549882471561432,0.8389999866485596,0.8974000215530396
YDR345C,YJL138C,0,-0.63707024,0.08549011498689651,0.8389999866485596,0.8974999785423279
YMR033W,YPL106C,0,-0.6371187,0.08548140525817871,0.8389999866485596,0.897599995136261
YCL016C,YMR156C,0,-0.63747334,0.08547269552946091,0.8389999866485596,0.8977000117301941
YGR214W,YDL015C,0,-0.6374877,0.0854639932513237,0.8389999866485596,0.8978000283241272
YDR148C,YDR163W,0,-0.6377389,0.0854552835226059,0.8389999866485596,0.8978999853134155
YOR232W,YKL143W,1,-0.63801587,0.08554842323064804,0.8399999737739563,0.8978999853134155
YGR179C,YDR288W,0,-0.6381732,0.08553971350193024,0.8399999737739563,0.8980000019073486
YFR002W,YPL243W,1,-0.6384608,0.08563283085823059,0.8410000205039978,0.8980000019073486
YHR030C,YER062C,0,-0.6385081,0.08562410622835159,0.8410000205039978,0.8981000185012817
YDR320C,YOR057W,0,-0.6385344,0.08561538904905319,0.8410000205039978,0.8981999754905701
YBR161W,YDL004W,0,-0.63865834,0.08560667932033539,0.8410000205039978,0.8982999920845032
YGL219C,YML107C,0,-0.63969535,0.08559796214103699,0.8410000205039978,0.8984000086784363
YBL079W,YKR020W,1,-0.6398336,0.08569102734327316,0.8420000076293945,0.8984000086784363
YML055W,YLR008C,1,-0.63993824,0.08578406274318695,0.8429999947547913,0.8984000086784363
YMR128W,YLR145W,0,-0.63998264,0.08577533811330795,0.8429999947547913,0.8985000252723694
YOR209C,YMR238W,0,-0.6401397,0.08576660603284836,0.8429999947547913,0.8985999822616577
YPL011C,YDR122W,0,-0.6401859,0.08575788140296936,0.8429999947547913,0.8986999988555908
YER001W,YER003C,0,-0.6402454,0.08574916422367096,0.8429999947547913,0.8988000154495239
YHL028W,YGR206W,1,-0.6407503,0.08584214746952057,0.843999981880188,0.8988000154495239
YDL004W,YDR479C,0,-0.6407643,0.08583341538906097,0.843999981880188,0.8988999724388123
YPL267W,YJL145W,0,-0.64078337,0.08582469075918198,0.843999981880188,0.8989999890327454
YMR283C,YPL040C,0,-0.6408226,0.08581596612930298,0.843999981880188,0.8991000056266785
YBR274W,YER178W,0,-0.6412,0.08580724149942398,0.843999981880188,0.8992000222206116
YBL003C,YPL218W,0,-0.64131254,0.08579851686954498,0.843999981880188,0.8992999792098999
YNL197C,YMR033W,0,-0.6415297,0.08578979223966599,0.843999981880188,0.899399995803833
YKR028W,YML107C,0,-0.6418015,0.08578107506036758,0.843999981880188,0.8995000123977661
YMR060C,YOR076C,0,-0.641802,0.08577235788106918,0.843999981880188,0.8996000289916992
YIL017C,YER008C,0,-0.64189035,0.08576364070177078,0.843999981880188,0.8996999859809875
YDR244W,YKR020W,1,-0.6424027,0.08585653454065323,0.8450000286102295,0.8996999859809875
YPL126W,YOR224C,0,-0.6425392,0.08584780991077423,0.8450000286102295,0.8998000025749207
YDR091C,YBR171W,1,-0.64356256,0.08594067394733429,0.8460000157356262,0.8998000025749207
YDR507C,YDR073W,0,-0.644022,0.0859319418668747,0.8460000157356262,0.8999000191688538
YNL070W,YOR232W,1,-0.6442341,0.08602478355169296,0.847000002861023,0.8999000191688538
YBL079W,YMR091C,1,-0.64450485,0.08611760288476944,0.8479999899864197,0.8999000191688538
YGR191W,YER171W,0,-0.6453879,0.08610885590314865,0.8479999899864197,0.8999999761581421
YIL034C,YFL002C,0,-0.6456002,0.08610010892152786,0.8479999899864197,0.9000999927520752
YLR361C,YNL274C,0,-0.64563054,0.08609136939048767,0.8479999899864197,0.9002000093460083
YDR353W,YLR405W,0,-0.6457153,0.08608262985944748,0.8479999899864197,0.9003000259399414
YDL043C,YPR073C,0,-0.64616114,0.08607389032840729,0.8479999899864197,0.9003999829292297
YMR183C,YPL228W,0,-0.6464321,0.08606515824794769,0.8479999899864197,0.9004999995231628
YHL020C,YOR346W,0,-0.64695036,0.0860564261674881,0.8479999899864197,0.900600016117096
YIL034C,YFL004W,0,-0.647096,0.0860476940870285,0.8479999899864197,0.9006999731063843
YIL039W,YPR074C,0,-0.6474216,0.08603896200656891,0.8479999899864197,0.9007999897003174
YOL126C,YGR097W,0,-0.6478713,0.08603022992610931,0.8479999899864197,0.9009000062942505
YNL153C,YPL138C,0,-0.6479157,0.08602150529623032,0.8479999899864197,0.9010000228881836
YGL155W,YDR075W,0,-0.6479896,0.08601278066635132,0.8479999899864197,0.9010999798774719
YER020W,YBR273C,0,-0.64804846,0.08600405603647232,0.8479999899864197,0.901199996471405
YKR099W,YBR030W,0,-0.6488861,0.08599533885717392,0.8479999899864197,0.9013000130653381
YBL079W,YBR171W,1,-0.6490161,0.08608801662921906,0.8489999771118164,0.9013000130653381
YLR405W,YER025W,0,-0.6492399,0.08607928454875946,0.8489999771118164,0.9014000296592712
YDL143W,YOL128C,0,-0.6494016,0.08607055991888046,0.8489999771118164,0.9014999866485596
YBR210W,YKL101W,0,-0.64951664,0.08606183528900146,0.8489999771118164,0.9016000032424927
YLR005W,YER173W,0,-0.6495732,0.08605311065912247,0.8489999771118164,0.9017000198364258
YGL246C,YKR060W,0,-0.6496672,0.08604439347982407,0.8489999771118164,0.9017999768257141
YFR041C,YER062C,0,-0.64998496,0.08603566884994507,0.8489999771118164,0.9018999934196472
YER111C,YCR005C,0,-0.6500617,0.08602695167064667,0.8489999771118164,0.9020000100135803
YMR309C,YDL047W,0,-0.6509288,0.08601823449134827,0.8489999771118164,0.9021000266075134
YBL058W,YBL102W,0,-0.65166795,0.08600952476263046,0.8489999771118164,0.9021999835968018
YDR320C,YMR039C,0,-0.65186685,0.08600080758333206,0.8489999771118164,0.9023000001907349
YMR188C,YCR092C,0,-0.65211755,0.08599209785461426,0.8489999771118164,0.902400016784668
YDR091C,YGL097W,1,-0.652422,0.08608466386795044,0.8500000238418579,0.902400016784668
YMR091C,YKL143W,1,-0.65271646,0.08617721498012543,0.8510000109672546,0.902400016784668
YER145C,YLR249W,0,-0.65309685,0.08616849035024643,0.8510000109672546,0.9024999737739563
YLR192C,YLR026C,0,-0.653164,0.08615976572036743,0.8510000109672546,0.9025999903678894
YLR292C,YNL059C,1,-0.65325415,0.08625227957963943,0.8519999980926514,0.9025999903678894
YMR097C,YPL228W,0,-0.6533713,0.08624354749917984,0.8519999980926514,0.9027000069618225
YAL001C,YDL130W-A,0,-0.6534533,0.08623481541872025,0.8519999980926514,0.9028000235557556
YIL079C,YNL065W,0,-0.6537229,0.08622609078884125,0.8519999980926514,0.902899980545044
YBL079W,YKL057C,1,-0.65412956,0.08631855994462967,0.8529999852180481,0.902899980545044
YDR086C,YLR008C,1,-0.65431464,0.0864110067486763,0.8539999723434448,0.902899980545044
YDL013W,YCL029C,0,-0.6544859,0.08640226721763611,0.8539999723434448,0.902999997138977
YJL052W,YNL015W,0,-0.6548851,0.08639352768659592,0.8539999723434448,0.9031000137329102
YDR072C,YOL128C,0,-0.6549314,0.08638478815555573,0.8539999723434448,0.9031999707221985
YHR001W,YNL243W,0,-0.65493613,0.08637604862451553,0.8539999723434448,0.9032999873161316
YHR098C,YDR418W,0,-0.6551185,0.08636731654405594,0.8539999723434448,0.9034000039100647
YJR140C,YDL102W,0,-0.65516704,0.08635857701301575,0.8539999723434448,0.9035000205039978
YPR010C,YLR134W,0,-0.6555632,0.08634984493255615,0.8539999723434448,0.9035999774932861
YPR020W,YBR172C,0,-0.6556614,0.08634112030267715,0.8539999723434448,0.9036999940872192
YIL002C,YLR115W,0,-0.6557031,0.08633238822221756,0.8539999723434448,0.9038000106811523
YER024W,YBR298C,0,-0.65570396,0.08632366359233856,0.8539999723434448,0.9039000272750854
YIL039W,YBR035C,0,-0.65583766,0.08631493896245956,0.8539999723434448,0.9039999842643738
YMR182C,YGR214W,0,-0.65597016,0.08630621433258057,0.8539999723434448,0.9041000008583069
YMR182C,YPL126W,0,-0.6563836,0.08629749715328217,0.8539999723434448,0.90420001745224
YJL145W,YPL126W,0,-0.6564937,0.08628877252340317,0.8539999723434448,0.9042999744415283
YPL015C,YIL034C,0,-0.6566524,0.08628005534410477,0.8539999723434448,0.9043999910354614
YML057W,YML078W,0,-0.6571453,0.08627133816480637,0.8539999723434448,0.9045000076293945
YMR091C,YOL082W,1,-0.65725374,0.08636363595724106,0.8550000190734863,0.9045000076293945
YNL094W,YHR001W,0,-0.65798336,0.08635491132736206,0.8550000190734863,0.9046000242233276
YML094W,YER122C,0,-0.6583777,0.08634619414806366,0.8550000190734863,0.904699981212616
YBR002C,YPL126W,0,-0.6585266,0.08633747696876526,0.8550000190734863,0.9047999978065491
YPL123C,YDL126C,0,-0.6592826,0.08632875233888626,0.8550000190734863,0.9049000144004822
YER095W,YML057W,0,-0.6595591,0.08632004261016846,0.8550000190734863,0.9049999713897705
YLR350W,YLR238W,0,-0.65989393,0.08631132543087006,0.8550000190734863,0.9050999879837036
YOL158C,YBR127C,0,-0.6601562,0.08630261570215225,0.8550000190734863,0.9052000045776367
YLR008C,YLR292C,1,-0.6602735,0.08639483153820038,0.8560000061988831,0.9052000045776367
YHL020C,YGR002C,0,-0.66106695,0.08638611435890198,0.8560000061988831,0.9053000211715698
YOL091W,YKL178C,0,-0.6621215,0.08637739717960358,0.8560000061988831,0.9053999781608582
YBR030W,YML078W,0,-0.66251606,0.08636868000030518,0.8560000061988831,0.9054999947547913
YLR182W,YDL020C,0,-0.66255796,0.08635997027158737,0.8560000061988831,0.9056000113487244
YKL179C,YBR211C,0,-0.6626698,0.08635125309228897,0.8560000061988831,0.9057000279426575
YDR398W,YBR030W,0,-0.6627437,0.08634254336357117,0.8560000061988831,0.9057999849319458
YDR353W,YDR309C,0,-0.66314536,0.08633384108543396,0.8560000061988831,0.9059000015258789
YKL016C,YMR044W,0,-0.6632423,0.08632513135671616,0.8560000061988831,0.906000018119812
YAL030W,YML025C,0,-0.6633098,0.08631642907857895,0.8560000061988831,0.9060999751091003
YML103C,YML031W,1,-0.663492,0.08640854805707932,0.8569999933242798,0.9060999751091003
YMR128W,YHR152W,0,-0.663609,0.08639983832836151,0.8569999933242798,0.9061999917030334
YLR276C,YDR297W,0,-0.66372883,0.08639112859964371,0.8569999933242798,0.9063000082969666
YGL252C,YDL198C,0,-0.6639553,0.0863824188709259,0.8569999933242798,0.9064000248908997
YGL097W,YMR153W,1,-0.6640324,0.08647450059652328,0.8579999804496765,0.9064000248908997
YPL175W,YKR022C,0,-0.664196,0.08646578341722488,0.8579999804496765,0.906499981880188
YOL054W,YAL032C,0,-0.6646878,0.08645707368850708,0.8579999804496765,0.9065999984741211
YGR014W,YNR030W,0,-0.66515946,0.08644836395978928,0.8579999804496765,0.9067000150680542
YPL015C,YKL148C,0,-0.6657911,0.08643965423107147,0.8579999804496765,0.9067999720573425
YOL146W,YMR301C,0,-0.6663037,0.08643094450235367,0.8579999804496765,0.9068999886512756
YMR308C,YKL143W,1,-0.666544,0.08652296662330627,0.859000027179718,0.9068999886512756
YOR207C,YMR080C,0,-0.6666765,0.08651424944400787,0.859000027179718,0.9070000052452087
YBR102C,YGL166W,0,-0.66729236,0.08650553971529007,0.859000027179718,0.9071000218391418
YML081C-A,YLR361C,0,-0.66746086,0.08649682998657227,0.859000027179718,0.9071999788284302
YDL007W,YPR020W,0,-0.6681797,0.08648812025785446,0.859000027179718,0.9072999954223633
YER145C,YOR151C,0,-0.66880745,0.08647941052913666,0.859000027179718,0.9074000120162964
YDR295C,YIL079C,0,-0.66919357,0.08647070825099945,0.859000027179718,0.9075000286102295
YKR072C,YMR096W,0,-0.669308,0.08646200597286224,0.859000027179718,0.9075999855995178
YDR172W,YAL011W,0,-0.66985047,0.08645330369472504,0.859000027179718,0.9077000021934509
YBR085W,YOL042W,0,-0.6698867,0.08644460141658783,0.859000027179718,0.907800018787384
YKL081W,YNL066W,0,-0.6700023,0.08643589913845062,0.859000027179718,0.9078999757766724
YGL016W,YNL059C,1,-0.6701582,0.08652781695127487,0.8600000143051147,0.9078999757766724
YJL176C,YIL039W,0,-0.67159885,0.08651911467313766,0.8600000143051147,0.9079999923706055
YMR097C,YPR073C,0,-0.6718414,0.08651041239500046,0.8600000143051147,0.9081000089645386
YER015W,YGR112W,0,-0.67202294,0.08650171011686325,0.8600000143051147,0.9082000255584717
YDR135C,YER003C,0,-0.67218953,0.08649300783872604,0.8600000143051147,0.90829998254776
YMR056C,YGR024C,0,-0.67222327,0.08648431301116943,0.8600000143051147,0.9083999991416931
YMR235C,YGL097W,1,-0.6723044,0.08657617121934891,0.8610000014305115,0.9083999991416931
YCR026C,YLR115W,0,-0.6723682,0.0865674614906311,0.8610000014305115,0.9085000157356262
YMR235C,YMR153W,1,-0.67241836,0.08665929734706879,0.8619999885559082,0.9085000157356262
YDR153C,YKR065C,1,-0.6724283,0.08675110340118408,0.8629999756813049,0.9085000157356262
YFL002C,YJL008C,0,-0.67274123,0.08674238622188568,0.8629999756813049,0.9085999727249146
YKR027W,YMR212C,0,-0.67284924,0.08673366904258728,0.8629999756813049,0.9086999893188477
YPL110C,YNL239W,0,-0.67295325,0.08672495186328888,0.8629999756813049,0.9088000059127808
YDR011W,YBR216C,0,-0.67318285,0.08671623468399048,0.8629999756813049,0.9089000225067139
YFL039C,YPL091W,0,-0.673251,0.08670752495527267,0.8629999756813049,0.9089999794960022
YBL035C,YML081C-A,0,-0.6735006,0.08669881522655487,0.8629999756813049,0.9090999960899353
YPL091W,YKL062W,0,-0.6735721,0.08669010549783707,0.8629999756813049,0.9092000126838684
YMR039C,YCR005C,0,-0.67384267,0.08668139576911926,0.8629999756813049,0.9093000292778015
YDL081C,YLR009W,0,-0.67384297,0.08667269349098206,0.8629999756813049,0.9093999862670898
YPL130W,YOR257W,0,-0.6743247,0.08666399121284485,0.8629999756813049,0.909500002861023
YOR153W,YGR010W,0,-0.6748592,0.08665528893470764,0.8629999756813049,0.909600019454956
YDR191W,YJL117W,0,-0.6752389,0.08664658665657043,0.8629999756813049,0.9096999764442444
YKR086W,YOL146W,0,-0.6753379,0.08663788437843323,0.8629999756813049,0.9097999930381775
YGR119C,YDR086C,1,-0.6755384,0.08672957122325897,0.8640000224113464,0.9097999930381775
YJR083C,YGR024C,0,-0.6762242,0.08672086894512177,0.8640000224113464,0.9099000096321106
YJR006W,YER119C,0,-0.6763287,0.08671216666698456,0.8640000224113464,0.9100000262260437
YLR397C,YHR143W-A,0,-0.67645687,0.08670346438884735,0.8640000224113464,0.910099983215332
YGR072W,YNL080C,0,-0.67696553,0.08669476211071014,0.8640000224113464,0.9101999998092651
YBR274W,YCR092C,0,-0.67704403,0.08668606728315353,0.8640000224113464,0.9103000164031982
YLR397C,YEL053C,0,-0.6772708,0.08667736500501633,0.8640000224113464,0.9103999733924866
YOR156C,YMR284W,0,-0.67793083,0.08666867017745972,0.8640000224113464,0.9104999899864197
YPL028W,YOL158C,0,-0.67795926,0.0866599828004837,0.8640000224113464,0.9106000065803528
YPL210C,YIL149C,1,-0.67802435,0.08675158023834229,0.8650000095367432,0.9106000065803528
YOL088C,YBR253W,0,-0.67808515,0.08674287796020508,0.8650000095367432,0.9107000231742859
YBL058W,YDR479C,0,-0.67809933,0.08673418313264847,0.8650000095367432,0.9107999801635742
YHR008C,YBR132C,0,-0.6782554,0.08672548830509186,0.8650000095367432,0.9108999967575073
YDL013W,YDL120W,0,-0.67861646,0.08671679347753525,0.8650000095367432,0.9110000133514404
YKR067W,YJL060W,0,-0.6788131,0.08670809864997864,0.8650000095367432,0.9110999703407288
YPL210C,YHR005C-A,1,-0.6789046,0.08679963648319244,0.8659999966621399,0.9110999703407288
YKR067W,YNR030W,0,-0.6790033,0.08679094165563583,0.8659999966621399,0.9111999869346619
YOR249C,YBR168W,0,-0.6790364,0.08678223937749863,0.8659999966621399,0.911300003528595
YFR052W,YBR193C,0,-0.6796645,0.08677354454994202,0.8659999966621399,0.9114000201225281
YDR045C,YKL166C,0,-0.6798591,0.0867648497223854,0.8659999966621399,0.9114999771118164
YMR150C,YML055W,1,-0.68098444,0.08685634285211563,0.8669999837875366,0.9114999771118164
YEL015W,YMR001C,0,-0.6811454,0.08684764057397842,0.8669999837875366,0.9115999937057495
YPR042C,YKR009C,0,-0.6820179,0.08683894574642181,0.8669999837875366,0.9117000102996826
YLR319C,YLR363C,0,-0.6820575,0.0868302434682846,0.8669999837875366,0.9118000268936157
YER095W,YLR023C,0,-0.6824405,0.086821548640728,0.8669999837875366,0.911899983882904
YHR061C,YML099C,0,-0.68253154,0.08681285381317139,0.8669999837875366,0.9120000004768372
YJL104W,YKL143W,1,-0.6825618,0.08690428733825684,0.8679999709129333,0.9120000004768372
YGL155W,YCR020C,0,-0.6832155,0.08689558506011963,0.8679999709129333,0.9121000170707703
YNL070W,YDR086C,1,-0.6834212,0.08698698878288269,0.8690000176429749,0.9121000170707703
YML055W,YHR005C-A,1,-0.6834526,0.08707837015390396,0.8700000047683716,0.9121000170707703
YCL038C,YBL078C,1,-0.6834587,0.08716973662376404,0.8709999918937683,0.9121000170707703
YHR175W,YLR447C,0,-0.68354523,0.08716101199388504,0.8709999918937683,0.9121999740600586
YJL145W,YIR012W,0,-0.68413126,0.08715229481458664,0.8709999918937683,0.9122999906539917
YBR057C,YGR276C,0,-0.6842893,0.08714357018470764,0.8709999918937683,0.9124000072479248
YHR175W,YPL160W,0,-0.68466,0.08713485300540924,0.8709999918937683,0.9125000238418579
YGL252C,YOR117W,0,-0.6848351,0.08712613582611084,0.8709999918937683,0.9125999808311462
YIL101C,YIL036W,0,-0.6848807,0.08711742609739304,0.8709999918937683,0.9126999974250793
YLR423C,YGL181W,0,-0.6851947,0.08710870891809464,0.8709999918937683,0.9128000140190125
YJR126C,YCL038C,1,-0.6852198,0.08720000088214874,0.871999979019165,0.9128000140190125
YGL071W,YGL219C,0,-0.6853187,0.08719128370285034,0.871999979019165,0.9128999710083008
YDR353W,YLR060W,0,-0.685414,0.08718256652355194,0.871999979019165,0.9129999876022339
YKL170W,YHR001W,0,-0.68570673,0.08717384934425354,0.871999979019165,0.913100004196167
YHR008C,YDR092W,0,-0.6863807,0.08716513216495514,0.871999979019165,0.9132000207901001
YBR256C,YGL227W,0,-0.6865595,0.08715642243623734,0.871999979019165,0.9132999777793884
YPR067W,YAR033W,0,-0.6865749,0.08714771270751953,0.871999979019165,0.9133999943733215
YCL034W,YPL240C,0,-0.6865919,0.08713900297880173,0.871999979019165,0.9135000109672546
YPL181W,YBR179C,0,-0.68665844,0.08713029325008392,0.871999979019165,0.9136000275611877
YCL044C,YOR117W,0,-0.6868845,0.08712159097194672,0.871999979019165,0.9136999845504761
YDL143W,YLR210W,0,-0.6872129,0.08711288869380951,0.871999979019165,0.9138000011444092
YER145C,YGL111W,0,-0.6879996,0.0871041864156723,0.871999979019165,0.9139000177383423
YDL047W,YJL138C,0,-0.6885918,0.0870954841375351,0.871999979019165,0.9139999747276306
YBR182C,YLR410W,0,-0.6892123,0.08708678930997849,0.871999979019165,0.9140999913215637
YCR082W,YLR350W,0,-0.68934965,0.08707808703184128,0.871999979019165,0.9142000079154968
YKL192C,YML128C,0,-0.6894218,0.08706939220428467,0.871999979019165,0.9143000245094299
YDR456W,YDR295C,0,-0.6897418,0.08706070482730865,0.871999979019165,0.9143999814987183
YDL143W,YEL026W,0,-0.689767,0.08705200999975204,0.871999979019165,0.9144999980926514
YOR188W,YPR033C,0,-0.68983245,0.08704332262277603,0.871999979019165,0.9146000146865845
YLR193C,YOL082W,1,-0.69012856,0.08713444322347641,0.8730000257492065,0.9146000146865845
YDR292C,YBR164C,1,-0.69023347,0.0872255489230156,0.8740000128746033,0.9146000146865845
YDR353W,YLR009W,0,-0.69082844,0.08721684664487839,0.8740000128746033,0.9146999716758728
YJL053W,YLL043W,0,-0.6909326,0.08720814436674118,0.8740000128746033,0.9147999882698059
YKL195W,YCL038C,1,-0.69101983,0.08729921281337738,0.875,0.9147999882698059
YGL252C,YHR085W,0,-0.69113404,0.08729050308465958,0.875,0.914900004863739
YNL070W,YML055W,1,-0.6914414,0.08738154917955399,0.8759999871253967,0.914900004863739
YGR029W,YKR020W,1,-0.69288397,0.0874725729227066,0.8769999742507935,0.914900004863739
YDR263C,YDR038C,0,-0.6929105,0.0874638482928276,0.8769999742507935,0.9150000214576721
YPL262W,YDR092W,0,-0.69305015,0.08745512366294861,0.8769999742507935,0.9150999784469604
YIL149C,YNL059C,1,-0.6937202,0.08754611760377884,0.878000020980835,0.9150999784469604
YCR066W,YPL138C,0,-0.69383055,0.08753738552331924,0.878000020980835,0.9151999950408936
YDR513W,YCL016C,0,-0.6946024,0.08752866089344025,0.878000020980835,0.9153000116348267
YBR244W,YKR007W,0,-0.6952752,0.08751993626356125,0.878000020980835,0.9154000282287598
YDL088C,YGL097W,1,-0.6953116,0.0876108855009079,0.8790000081062317,0.9154000282287598
YNL094W,YER024W,0,-0.69570154,0.0876021534204483,0.8790000081062317,0.9154999852180481
YBL079W,YMR308C,1,-0.69580144,0.08769307285547256,0.8799999952316284,0.9154999852180481
YCL011C,YJL006C,0,-0.69644475,0.08768433332443237,0.8799999952316284,0.9156000018119812
YBR244W,YGR075C,0,-0.6974344,0.08767560124397278,0.8799999952316284,0.9157000184059143
YPL160W,YGR078C,0,-0.6974885,0.08766686916351318,0.8799999952316284,0.9157999753952026
YBR256C,YKL064W,0,-0.69804156,0.08765812963247299,0.8799999952316284,0.9158999919891357
YDR292C,YBR171W,1,-0.69848925,0.08774900436401367,0.8809999823570251,0.9158999919891357
YJL104W,YML103C,1,-0.6985814,0.08783985674381256,0.8820000290870667,0.9158999919891357
YDR381W,YBR135W,0,-0.699271,0.08783110976219177,0.8820000290870667,0.9160000085830688
YKR027W,YNL327W,0,-0.699277,0.08782236278057098,0.8820000290870667,0.916100025177002
YLR075W,YFL004W,0,-0.6994677,0.08781362324953079,0.8820000290870667,0.9161999821662903
YNL153C,YOL146W,0,-0.6997816,0.08780487626791,0.8820000290870667,0.9162999987602234
YDR513W,YGR245C,0,-0.70060253,0.08779613673686981,0.8820000290870667,0.9164000153541565
YDL081C,YJL033W,0,-0.70155185,0.08778739720582962,0.8820000290870667,0.9164999723434448
YDR353W,YER109C,0,-0.7018688,0.08777866512537003,0.8820000290870667,0.9165999889373779
YNR019W,YCR005C,0,-0.7020769,0.08776992559432983,0.8820000290870667,0.916700005531311
YLR182W,YNL327W,0,-0.70213073,0.08776119351387024,0.8820000290870667,0.9168000221252441
YLR098C,YPL138C,0,-0.7021793,0.08775246143341064,0.8820000290870667,0.9168999791145325
YGL219C,YPL153C,0,-0.7022824,0.08774372935295105,0.8820000290870667,0.9169999957084656
YJL106W,YDR247W,0,-0.7031595,0.08773500472307205,0.8820000290870667,0.9171000123023987
YMR060C,YPL110C,0,-0.70317,0.08772628009319305,0.8820000290870667,0.9172000288963318
YPL210C,YDL116W,1,-0.7034127,0.0878170058131218,0.8830000162124634,0.9172000288963318
YBR057C,YMR268C,0,-0.7038799,0.0878082737326622,0.8830000162124634,0.9172999858856201
YBR298C,YPL011C,0,-0.7038855,0.0877995416522026,0.8830000162124634,0.9174000024795532
YOR057W,YOR007C,0,-0.7040138,0.08779080957174301,0.8830000162124634,0.9175000190734863
YDL145C,YDL164C,0,-0.70401484,0.08778208494186401,0.8830000162124634,0.9175999760627747
YML093W,YLL026W,0,-0.70404464,0.08777336031198502,0.8830000162124634,0.9176999926567078
YKL016C,YKR007W,0,-0.70407254,0.08776463568210602,0.8830000162124634,0.9178000092506409
YGR286C,YDR398W,0,-0.7041086,0.08775591105222702,0.8830000162124634,0.917900025844574
YMR235C,YPR139C,1,-0.70432156,0.08784656971693039,0.8840000033378601,0.917900025844574
YDL116W,YDL088C,1,-0.70608306,0.08793719857931137,0.8849999904632568,0.917900025844574
YKL175W,YDL130W-A,0,-0.706488,0.08792846649885178,0.8849999904632568,0.9179999828338623
YOR188W,YDR182W,0,-0.7069623,0.08791972696781158,0.8849999904632568,0.9180999994277954
YBL079W,YHR197W,1,-0.7070221,0.08801033347845078,0.8859999775886536,0.9180999994277954
YHR098C,YDR163W,0,-0.7074302,0.08800158649682999,0.8859999775886536,0.9182000160217285
YMR026C,YMR153W,1,-0.707451,0.08809216320514679,0.8870000243186951,0.9182000160217285
YBR274W,YJL168C,0,-0.7075204,0.088083416223526,0.8870000243186951,0.9182999730110168
YKL144C,YDR297W,0,-0.7075747,0.08807466924190521,0.8870000243186951,0.91839998960495
YLR319C,YBR288C,0,-0.70789266,0.08806592226028442,0.8870000243186951,0.9185000061988831
YFL002C,YPL240C,0,-0.7087963,0.08805718272924423,0.8870000243186951,0.9186000227928162
YML011C,YOL095C,0,-0.7088057,0.08804844319820404,0.8870000243186951,0.9186999797821045
YBR257W,YPL159C,0,-0.70883226,0.08803970366716385,0.8870000243186951,0.9187999963760376
YLR329W,YDR177W,0,-0.70903426,0.08803096413612366,0.8870000243186951,0.9189000129699707
YEL004W,YDR457W,0,-0.70947725,0.08802223205566406,0.8870000243186951,0.9190000295639038
YOR025W,YKR089C,0,-0.7095646,0.08801349252462387,0.8870000243186951,0.9190999865531921
YMR091C,YER009W,1,-0.7097812,0.08810397982597351,0.8880000114440918,0.9190999865531921
YDR324C,YML024W,0,-0.70995253,0.08809524029493332,0.8880000114440918,0.9192000031471252
YML092C,YBR118W,0,-0.71006054,0.08808650076389313,0.8880000114440918,0.9193000197410583
YGR156W,YNL080C,0,-0.71016806,0.08807776123285294,0.8880000114440918,0.9193999767303467
YDR052C,YER111C,0,-0.7103006,0.08806902915239334,0.8880000114440918,0.9194999933242798
YBR057C,YIL031W,0,-0.71086574,0.08806029707193375,0.8880000114440918,0.9196000099182129
YPR065W,YHR075C,0,-0.7111444,0.08805156499147415,0.8880000114440918,0.919700026512146
YPR073C,YDR288W,0,-0.7114144,0.08804283291101456,0.8880000114440918,0.9197999835014343
YLR170C,YGR245C,0,-0.7119106,0.08803410083055496,0.8880000114440918,0.9199000000953674
YGR156W,YCR033W,0,-0.7119359,0.08802537620067596,0.8880000114440918,0.9200000166893005
YML051W,YGR024C,0,-0.71198577,0.08801665157079697,0.8880000114440918,0.9200999736785889
YPL243W,YOR232W,1,-0.7128822,0.08810703456401825,0.8889999985694885,0.9200999736785889
YIL117C,YPL159C,0,-0.71290445,0.08809830248355865,0.8889999985694885,0.920199990272522
YMR198W,YBR265W,0,-0.713035,0.08808957785367966,0.8889999985694885,0.9203000068664551
YML011C,YNL062C,0,-0.71310264,0.08808084577322006,0.8889999985694885,0.9204000234603882
YDR148C,YOL146W,0,-0.7141178,0.08807212114334106,0.8889999985694885,0.9204999804496765
YHR075C,YLL026W,0,-0.71550745,0.08806339651346207,0.8889999985694885,0.9205999970436096
YHR082C,YMR036C,0,-0.7155495,0.08805467188358307,0.8889999985694885,0.9207000136375427
YPL123C,YPL126W,0,-0.7163461,0.08804595470428467,0.8889999985694885,0.920799970626831
YJL168C,YKL173W,0,-0.7166018,0.08803723752498627,0.8889999985694885,0.9208999872207642
YNL078W,YDR385W,0,-0.7168954,0.08802852034568787,0.8889999985694885,0.9210000038146973
YDR247W,YLR350W,0,-0.71691686,0.08801980316638947,0.8889999985694885,0.9211000204086304
YNL256W,YER171W,0,-0.7169588,0.08801108598709106,0.8889999985694885,0.9211999773979187
YJL104W,YLR292C,1,-0.71698576,0.08810136467218399,0.8899999856948853,0.9211999773979187
YER082C,YMR080C,0,-0.71705025,0.08809264749288559,0.8899999856948853,0.9212999939918518
YCR066W,YKR089C,0,-0.71711,0.08808393031358719,0.8899999856948853,0.9214000105857849
YBR298C,YOR372C,0,-0.7171213,0.08807521313428879,0.8899999856948853,0.921500027179718
YJL104W,YBL078C,1,-0.71723145,0.08816544711589813,0.890999972820282,0.921500027179718
YNL066W,YJL117W,0,-0.7173268,0.08815672248601913,0.890999972820282,0.9215999841690063
YPL123C,YLL026W,0,-0.7186138,0.08814800530672073,0.890999972820282,0.9217000007629395
YDR277C,YFL025C,0,-0.7189321,0.08813928067684174,0.890999972820282,0.9218000173568726
YMR033W,YLR129W,0,-0.7190619,0.08813056349754333,0.890999972820282,0.9218999743461609
YEL050C,YDR450W,0,-0.71920186,0.08812184631824493,0.890999972820282,0.921999990940094
YDR255C,YCL044C,0,-0.71940154,0.08811313658952713,0.890999972820282,0.9221000075340271
YBR172C,YKL173W,0,-0.7194273,0.08810441941022873,0.890999972820282,0.9222000241279602
YLR069C,YPL040C,0,-0.71962154,0.08809570968151093,0.890999972820282,0.9222999811172485
YMR183C,YFL022C,0,-0.7197198,0.08808699995279312,0.890999972820282,0.9223999977111816
YML052W,YGR014W,0,-0.7199244,0.08807829022407532,0.890999972820282,0.9225000143051147
YBR002C,YDR075W,0,-0.7200189,0.08806958794593811,0.890999972820282,0.9225999712944031
YCR020C,YDR092W,0,-0.7218468,0.0880608782172203,0.890999972820282,0.9226999878883362
YOL142W,YMR246W,0,-0.7218553,0.0880521759390831,0.890999972820282,0.9228000044822693
YDR072C,YHR038W,0,-0.722654,0.08804348111152649,0.890999972820282,0.9229000210762024
YDR091C,YDR086C,1,-0.72293836,0.08813358098268509,0.8920000195503235,0.9229000210762024
YML121W,YJL008C,0,-0.722946,0.08812487870454788,0.8920000195503235,0.9229999780654907
YGR238C,YHR038W,0,-0.72316605,0.08811616897583008,0.8920000195503235,0.9230999946594238
YGL252C,YBR297W,0,-0.7234287,0.08810746669769287,0.8920000195503235,0.9232000112533569
YMR097C,YLR144C,0,-0.72377795,0.08809876441955566,0.8920000195503235,0.92330002784729
YIL039W,YDL164C,0,-0.7245132,0.08809006214141846,0.8920000195503235,0.9233999848365784
YDL007W,YOR372C,0,-0.72474176,0.08808136731386185,0.8920000195503235,0.9235000014305115
YDL079C,YDR288W,0,-0.7252555,0.08807267248630524,0.8920000195503235,0.9236000180244446
YDR153C,YKR020W,1,-0.7255159,0.08816269785165787,0.8930000066757202,0.9236000180244446
YPL262W,YDR151C,0,-0.72576207,0.08815399557352066,0.8930000066757202,0.9236999750137329
YCR067C,YBR210W,0,-0.72585475,0.08814529329538345,0.8930000066757202,0.923799991607666
YHR129C,YDR324C,0,-0.72649366,0.08813659846782684,0.8930000066757202,0.9239000082015991
YDR153C,YML055W,1,-0.7268066,0.08822658658027649,0.8939999938011169,0.9239000082015991
YJL033W,YBR216C,0,-0.7269605,0.08821787685155869,0.8939999938011169,0.9240000247955322
YHR139C,YLL026W,0,-0.7278546,0.08820917457342148,0.8939999938011169,0.9240999817848206
YDL031W,YFR029W,0,-0.7278693,0.08820047229528427,0.8939999938011169,0.9241999983787537
YFR052W,YIL033C,0,-0.72905266,0.08819177001714706,0.8939999938011169,0.9243000149726868
YAL056W,YNL047C,0,-0.7295349,0.08818307518959045,0.8939999938011169,0.9243999719619751
YMR235C,YNL059C,1,-0.72955567,0.08827300369739532,0.8949999809265137,0.9243999719619751
YFR041C,YKL189W,0,-0.72971714,0.08826430141925812,0.8949999809265137,0.9244999885559082
YNR044W,YPL097W,0,-0.72998077,0.08825559914112091,0.8949999809265137,0.9246000051498413
YBR142W,YMR001C,0,-0.73020726,0.0882468968629837,0.8949999809265137,0.9247000217437744
YGR119C,YGL099W,1,-0.73020834,0.08833678066730499,0.8960000276565552,0.9247000217437744
YIL079C,YBR132C,0,-0.7303967,0.08832807838916779,0.8960000276565552,0.9247999787330627
YGL078C,YJL026W,0,-0.73073137,0.08831936866044998,0.8960000276565552,0.9248999953269958
YDR231C,YDR283C,0,-0.73081464,0.08831066638231277,0.8960000276565552,0.925000011920929
YPR067W,YOR372C,0,-0.730825,0.08830196410417557,0.8960000276565552,0.9251000285148621
YHR175W,YDL145C,0,-0.7319688,0.08829326182603836,0.8960000276565552,0.9251999855041504
YMR047C,YIL149C,1,-0.73237926,0.08838309347629547,0.8970000147819519,0.9251999855041504
YJL138C,YNL248C,0,-0.7324935,0.08837438374757767,0.8970000147819519,0.9253000020980835
YFL002C,YPL091W,0,-0.7326378,0.08836568146944046,0.8970000147819519,0.9254000186920166
YMR235C,YOR232W,1,-0.73392093,0.08845547586679459,0.8980000019073486,0.9254000186920166
YFL004W,YML094W,0,-0.7340732,0.08844676613807678,0.8980000019073486,0.9254999756813049
YDR151C,YLR361C,0,-0.73415744,0.08843805640935898,0.8980000019073486,0.925599992275238
YDR456W,YDL079C,0,-0.73479664,0.08842934668064117,0.8980000019073486,0.9257000088691711
YPR065W,YMR073C,0,-0.736088,0.08842063695192337,0.8980000019073486,0.9258000254631042
YML038C,YPL097W,0,-0.7365386,0.08841193467378616,0.8980000019073486,0.9258999824523926
YOL042W,YLR088W,0,-0.73673147,0.08840323239564896,0.8980000019073486,0.9259999990463257
YDR192C,YOL082W,1,-0.7368733,0.08849295973777771,0.8989999890327454,0.9259999990463257
YLR397C,YLR068W,0,-0.73689705,0.0884842500090599,0.8989999890327454,0.9261000156402588
YNL054W,YLR210W,0,-0.7370012,0.0884755402803421,0.8989999890327454,0.9261999726295471
YMR235C,YLR292C,1,-0.73706037,0.08856524527072906,0.8999999761581421,0.9261999726295471
YNL225C,YOL135C,0,-0.73727447,0.08855652809143066,0.8999999761581421,0.9262999892234802
YGR119C,YNL059C,1,-0.7373085,0.08864620327949524,0.9010000228881836,0.9262999892234802
YOL005C,YGR245C,0,-0.7378576,0.08863747864961624,0.9010000228881836,0.9264000058174133
YBR274W,YHR061C,0,-0.73823506,0.08862876147031784,0.9010000228881836,0.9265000224113464
YBR256C,YLL043W,0,-0.738251,0.08862004429101944,0.9010000228881836,0.9265999794006348
YER082C,YER025W,0,-0.73846513,0.08861132711172104,0.9010000228881836,0.9266999959945679
YPL123C,YNR047W,0,-0.7386607,0.08860261738300323,0.9010000228881836,0.926800012588501
YJR155W,YBR132C,0,-0.73872,0.08859390020370483,0.9010000228881836,0.9269000291824341
YJL173C,YOL146W,0,-0.73892313,0.08858519047498703,0.9010000228881836,0.9269999861717224
YBR020W,YPL138C,0,-0.7390079,0.08857648074626923,0.9010000228881836,0.9271000027656555
YPR033C,YGL001C,0,-0.73965997,0.08856777846813202,0.9010000228881836,0.9272000193595886
YNL262W,YML094W,0,-0.739862,0.08855906873941422,0.9010000228881836,0.927299976348877
YDL116W,YMR153W,1,-0.74018556,0.08864864706993103,0.9020000100135803,0.927299976348877
YGL028C,YBR002C,0,-0.7403763,0.08863993734121323,0.9020000100135803,0.9273999929428101
YOR057W,YKL017C,0,-0.74081117,0.08863122761249542,0.9020000100135803,0.9275000095367432
YMR172W,YKR029C,0,-0.7413238,0.08862251788377762,0.9020000100135803,0.9276000261306763
YDR341C,YOR224C,0,-0.7413437,0.08861381560564041,0.9020000100135803,0.9276999831199646
YBR084W,YPR051W,0,-0.74174625,0.08860510587692261,0.9020000100135803,0.9277999997138977
YHR152W,YDR484W,0,-0.7419742,0.0885964035987854,0.9020000100135803,0.9279000163078308
YPL160W,YNL066W,0,-0.74216586,0.0885877013206482,0.9020000100135803,0.9279999732971191
YMR016C,YPL069C,0,-0.7429343,0.08857900649309158,0.9020000100135803,0.9280999898910522
YPR200C,YAL001C,0,-0.7435565,0.08857030421495438,0.9020000100135803,0.9282000064849854
YML057W,YBR298C,0,-0.7435792,0.08856160938739777,0.9020000100135803,0.9283000230789185
YDR244W,YDR153C,1,-0.74462837,0.08865109086036682,0.902999997138977,0.9283000230789185
YDL045C,YHR152W,0,-0.74513817,0.08864238858222961,0.902999997138977,0.9283999800682068
YHR055C,YBR092C,0,-0.74560434,0.08863368630409241,0.902999997138977,0.9284999966621399
YPR183W,YDR341C,0,-0.7458653,0.0886249840259552,0.902999997138977,0.928600013256073
YOR188W,YNL068C,0,-0.74687296,0.08861628919839859,0.902999997138977,0.9286999702453613
YDL002C,YDL020C,0,-0.7470755,0.08860759437084198,0.902999997138977,0.9287999868392944
YCR033W,YLR144C,0,-0.7478499,0.08859889954328537,0.902999997138977,0.9289000034332275
YDR288W,YPR199C,0,-0.7481492,0.08859021216630936,0.902999997138977,0.9290000200271606
YLR170C,YOR372C,0,-0.74863535,0.08858151733875275,0.902999997138977,0.929099977016449
YFR004W,YFL050C,0,-0.74879974,0.08857282996177673,0.902999997138977,0.9291999936103821
YGR010W,YDL231C,0,-0.7489041,0.08856414258480072,0.902999997138977,0.9293000102043152
YDR292C,YML103C,1,-0.7490403,0.08865352720022202,0.9039999842643738,0.9293000102043152
YPR065W,YNL274C,0,-0.7493342,0.0886448323726654,0.9039999842643738,0.9294000267982483
YLR170C,YGR072W,0,-0.7495455,0.0886361375451088,0.9039999842643738,0.9294999837875366
YGL122C,YGR186W,0,-0.75006086,0.08862745016813278,0.9039999842643738,0.9296000003814697
YNR047W,YGR010W,0,-0.7509621,0.08861876279115677,0.9039999842643738,0.9297000169754028
YHR084W,YLR249W,0,-0.7516553,0.08861007541418076,0.9039999842643738,0.9297999739646912
YDR292C,YPL243W,1,-0.75169075,0.08869940042495728,0.9049999713897705,0.9297999739646912
YDR072C,YDL130W-A,0,-0.7519194,0.08869071304798126,0.9049999713897705,0.9298999905586243
YDR091C,YMR235C,1,-0.7524423,0.0887800082564354,0.906000018119812,0.9298999905586243
YER009W,YHR005C-A,1,-0.7528007,0.08886929601430893,0.9070000052452087,0.9298999905586243
YHR098C,YPR067W,0,-0.75306493,0.08886058628559113,0.9070000052452087,0.9300000071525574
YLR144C,YCR092C,0,-0.75323623,0.08885188400745392,0.9070000052452087,0.9301000237464905
YML013W,YDR453C,0,-0.75450283,0.08884317427873611,0.9070000052452087,0.9301999807357788
YFR034C,YMR182C,0,-0.7552308,0.0888344794511795,0.9070000052452087,0.9302999973297119
YKR097W,YPL138C,0,-0.7555581,0.0888257771730423,0.9070000052452087,0.930400013923645
YPL243W,YKL057C,1,-0.75557554,0.08891500532627106,0.9079999923706055,0.930400013923645
YDL100C,YPR029C,0,-0.75608295,0.08890629559755325,0.9079999923706055,0.9304999709129333
YOL068C,YER025W,0,-0.75648755,0.08889759331941605,0.9079999923706055,0.9305999875068665
YPL123C,YPR010C,0,-0.7565047,0.08888889104127884,0.9079999923706055,0.9307000041007996
YOL146W,YPL126W,0,-0.7570233,0.08888018876314163,0.9079999923706055,0.9308000206947327
YLR107W,YHR118C,0,-0.7570941,0.08887148648500443,0.9079999923706055,0.930899977684021
YJR031C,YLR068W,0,-0.75756294,0.08886279165744781,0.9079999923706055,0.9309999942779541
YPL195W,YGL136C,0,-0.7575874,0.0888540968298912,0.9079999923706055,0.9311000108718872
YDL079C,YDR251W,0,-0.75799865,0.0888454020023346,0.9079999923706055,0.9312000274658203
YNL256W,YDR225W,0,-0.758612,0.08883670717477798,0.9079999923706055,0.9312999844551086
YPL123C,YOR346W,0,-0.7591427,0.08882801979780197,0.9079999923706055,0.9314000010490417
YKR057W,YGR227W,0,-0.7598435,0.08881933242082596,0.9079999923706055,0.9315000176429749
YIL122W,YGR072W,0,-0.7608929,0.08881064504384995,0.9079999923706055,0.9315999746322632
YHR204W,YGR123C,0,-0.7623909,0.08880195766687393,0.9079999923706055,0.9316999912261963
YHR006W,YBR077C,0,-0.7624882,0.08879327028989792,0.9079999923706055,0.9318000078201294
YPL153C,YPL159C,0,-0.76283914,0.0887845903635025,0.9079999923706055,0.9319000244140625
YKL057C,YML031W,1,-0.7640062,0.08887367695569992,0.9089999794960022,0.9319000244140625
YFL013C,YBL035C,0,-0.7643553,0.08886498957872391,0.9089999794960022,0.9319999814033508
YNL097C,YNL239W,0,-0.76464283,0.0888563022017479,0.9089999794960022,0.9320999979972839
YGL166W,YLR350W,0,-0.7646936,0.08884762227535248,0.9089999794960022,0.932200014591217
YNL206C,YNL002C,0,-0.76490676,0.08883893489837646,0.9089999794960022,0.9322999715805054
YDL028C,YKL178C,0,-0.7649237,0.08883025497198105,0.9089999794960022,0.9323999881744385
YMR039C,YJL168C,0,-0.7655284,0.08882157504558563,0.9089999794960022,0.9325000047683716
YGL099W,YLR292C,1,-0.76573336,0.08891060203313828,0.9100000262260437,0.9325000047683716
YDR288W,YDR254W,0,-0.7660656,0.08890191465616226,0.9100000262260437,0.9326000213623047
YBR170C,YOR171C,0,-0.766198,0.08889322727918625,0.9100000262260437,0.932699978351593
YDL126C,YER024W,0,-0.76644516,0.08888454735279083,0.9100000262260437,0.9327999949455261
YBL082C,YHR098C,0,-0.7670226,0.08887586742639542,0.9100000262260437,0.9329000115394592
YDR086C,YPR139C,1,-0.7670737,0.08896484225988388,0.9110000133514404,0.9329000115394592
YDR353W,YEL071W,0,-0.76904374,0.08895615488290787,0.9110000133514404,0.9330000281333923
YAR019C,YER062C,0,-0.7693157,0.08894746750593185,0.9110000133514404,0.9330999851226807
YPL210C,YMR153W,1,-0.7695796,0.08903641253709793,0.9120000004768372,0.9330999851226807
YIR022W,YBR171W,1,-0.77049774,0.08912534266710281,0.9129999876022339,0.9330999851226807
YLR135W,YDR277C,0,-0.77066916,0.0891166403889656,0.9129999876022339,0.9332000017166138
YKR061W,YDR309C,0,-0.7710472,0.089107945561409,0.9129999876022339,0.9333000183105469
YMR308C,YMR235C,1,-0.77166575,0.0891968384385109,0.9139999747276306,0.9333000183105469
YLR176C,YLR361C,0,-0.7717339,0.08918813616037369,0.9139999747276306,0.9333999752998352
YBL018C,YPL262W,0,-0.7723573,0.08917943388223648,0.9139999747276306,0.9334999918937683
YLR316C,YKR024C,0,-0.7731555,0.08917073160409927,0.9139999747276306,0.9336000084877014
YOR245C,YPR198W,0,-0.7732058,0.08916202932596207,0.9139999747276306,0.9337000250816345
YKL148C,YPR199C,0,-0.773622,0.08915333449840546,0.9139999747276306,0.9337999820709229
YBR060C,YHR005C,0,-0.77397317,0.08914463967084885,0.9139999747276306,0.933899998664856
YIL034C,YIL049W,0,-0.77422786,0.08913594484329224,0.9139999747276306,0.9340000152587891
YDR236C,YML078W,0,-0.7744306,0.08912725746631622,0.9139999747276306,0.9340999722480774
YJL104W,YER009W,1,-0.7744668,0.08921606838703156,0.9150000214576721,0.9340999722480774
YAL002W,YBR179C,0,-0.7745701,0.08920737355947495,0.9150000214576721,0.9341999888420105
YML092C,YBR035C,0,-0.77618986,0.08919867128133774,0.9150000214576721,0.9343000054359436
YGL187C,YFL039C,0,-0.776542,0.08918997645378113,0.9150000214576721,0.9344000220298767
YMR083W,YBR118W,0,-0.7775553,0.08918128907680511,0.9150000214576721,0.934499979019165
YHR034C,YDR255C,0,-0.777661,0.0891725942492485,0.9150000214576721,0.9345999956130981
YFR004W,YGR005C,0,-0.77856165,0.08916390687227249,0.9150000214576721,0.9347000122070312
YGL106W,YKL179C,0,-0.77905494,0.08915521949529648,0.9150000214576721,0.9348000288009644
YHL025W,YGR238C,0,-0.77938527,0.08914653211832047,0.9150000214576721,0.9348999857902527
YMR150C,YLR193C,1,-0.77946717,0.08923526853322983,0.9160000085830688,0.9348999857902527
YNR019W,YMR036C,0,-0.77956206,0.08922657370567322,0.9160000085830688,0.9350000023841858
YHR152W,YKR022C,0,-0.7796201,0.08921787887811661,0.9160000085830688,0.9351000189781189
YNL039W,YIL002C,0,-0.77985746,0.0892091915011406,0.9160000085830688,0.9351999759674072
YGL122C,YBR077C,0,-0.7804911,0.08920050412416458,0.9160000085830688,0.9352999925613403
YGL106W,YKR027W,0,-0.7805681,0.08919182419776917,0.9160000085830688,0.9354000091552734
YNL197C,YDL079C,0,-0.78095084,0.08918313682079315,0.9160000085830688,0.9355000257492065
YDL028C,YGL006W,0,-0.78275996,0.08917445689439774,0.9160000085830688,0.9355999827384949
YLR276C,YKR022C,0,-0.7827607,0.08916577696800232,0.9160000085830688,0.935699999332428
YPL196W,YOR245C,0,-0.7834771,0.0891570970416069,0.9160000085830688,0.9358000159263611
YLR292C,YBR171W,1,-0.7837519,0.0892457440495491,0.9169999957084656,0.9358000159263611
YKR057W,YEL066W,0,-0.7838214,0.08923705667257309,0.9169999957084656,0.9358999729156494
YLR130C,YNL239W,0,-0.78525436,0.08922837674617767,0.9169999957084656,0.9359999895095825
YLR075W,YMR128W,0,-0.78566015,0.08921968936920166,0.9169999957084656,0.9361000061035156
YLR405W,YOR272W,0,-0.7858246,0.08921100944280624,0.9169999957084656,0.9362000226974487
YHR190W,YER020W,0,-0.7860175,0.08920233696699142,0.9169999957084656,0.9362999796867371
YOR272W,YDR450W,0,-0.78652835,0.08919365704059601,0.9169999957084656,0.9363999962806702
YHR204W,YMR246W,0,-0.7865789,0.08918498456478119,0.9169999957084656,0.9365000128746033
YDR247W,YER116C,0,-0.7871011,0.08917631208896637,0.9169999957084656,0.9366000294685364
YJL104W,YOL082W,1,-0.7877648,0.089264877140522,0.9179999828338623,0.9366000294685364
YDR299W,YOL095C,0,-0.78815174,0.08925619721412659,0.9179999828338623,0.9366999864578247
YLR423C,YJL201W,0,-0.7882078,0.08924751728773117,0.9179999828338623,0.9368000030517578
YNL294C,YCR092C,0,-0.7884127,0.08923884481191635,0.9179999828338623,0.9369000196456909
YBR161W,YMR044W,0,-0.7888135,0.08923017233610153,0.9179999828338623,0.9369999766349792
YDL007W,YDL100C,0,-0.7895487,0.08922149986028671,0.9179999828338623,0.9370999932289124
YOL033W,YML078W,0,-0.789691,0.0892128273844719,0.9179999828338623,0.9372000098228455
YER109C,YKR028W,0,-0.78977853,0.08920416235923767,0.9179999828338623,0.9373000264167786
YMR283C,YBL058W,0,-0.7898328,0.08919548988342285,0.9179999828338623,0.9373999834060669
YDR439W,YML032C,0,-0.78999496,0.08918682485818863,0.9179999828338623,0.9375
YHR085W,YDR479C,0,-0.79009515,0.0891781598329544,0.9179999828338623,0.9376000165939331
YDR436W,YGR072W,0,-0.7908128,0.08916950225830078,0.9179999828338623,0.9376999735832214
YDL058W,YER116C,0,-0.7910354,0.08916083723306656,0.9179999828338623,0.9377999901771545
YHL003C,YKL140W,0,-0.79135996,0.08915217965841293,0.9179999828338623,0.9379000067710876
YML011C,YGL227W,0,-0.7916265,0.08914352208375931,0.9179999828338623,0.9380000233650208
YFL039C,YBR135W,0,-0.7916579,0.08913486450910568,0.9179999828338623,0.9380999803543091
YHR152W,YDL058W,0,-0.7917649,0.08912621438503265,0.9179999828338623,0.9381999969482422
YIL034C,YIL033C,0,-0.79178965,0.08911756426095963,0.9179999828338623,0.9383000135421753
YAL034W-A,YOL142W,0,-0.79224306,0.0891089141368866,0.9179999828338623,0.9383999705314636
YBL057C,YOR076C,0,-0.7928127,0.08910026401281357,0.9179999828338623,0.9384999871253967
YML093W,YML098W,0,-0.7928633,0.08909161388874054,0.9179999828338623,0.9386000037193298
YBR164C,YDR086C,1,-0.7934607,0.08918000757694244,0.9190000295639038,0.9386000037193298
YDR148C,YMR156C,0,-0.7935006,0.08917135745286942,0.9190000295639038,0.9387000203132629
YKR063C,YDL130W-A,0,-0.79407835,0.08916270732879639,0.9190000295639038,0.9387999773025513
YMR026C,YMR035W,1,-0.79421717,0.0892510637640953,0.9200000166893005,0.9387999773025513
YOR188W,YMR183C,0,-0.7949229,0.08924240618944168,0.9200000166893005,0.9388999938964844
YIL149C,YPR139C,1,-0.7953206,0.0893307477235794,0.9210000038146973,0.9388999938964844
YGR245C,YGL136C,0,-0.79548097,0.08932208269834518,0.9210000038146973,0.9390000104904175
YER020W,YHL020C,0,-0.7957446,0.08931341767311096,0.9210000038146973,0.9391000270843506
YPR073C,YJL176C,0,-0.79579276,0.08930476009845734,0.9210000038146973,0.9391999840736389
YMR235C,YGL099W,1,-0.79592437,0.08939305692911148,0.921999990940094,0.9391999840736389
YPR033C,YGR192C,0,-0.7959717,0.08938439190387726,0.921999990940094,0.939300000667572
YMR091C,YGL099W,1,-0.7963542,0.08947266638278961,0.9229999780654907,0.939300000667572
YML124C,YPR073C,0,-0.79647183,0.08946399390697479,0.9229999780654907,0.9394000172615051
YFL002C,YMR301C,0,-0.79677397,0.08945532143115997,0.9229999780654907,0.9394999742507935
YDR177W,YDR123C,0,-0.79718226,0.08944664895534515,0.9229999780654907,0.9395999908447266
YPL160W,YMR260C,0,-0.7977933,0.08943798393011093,0.9229999780654907,0.9397000074386597
YML038C,YDR072C,0,-0.79779935,0.08942931890487671,0.9229999780654907,0.9398000240325928
YGL028C,YMR238W,0,-0.79900384,0.08942065387964249,0.9229999780654907,0.9398999810218811
YKL148C,YGL219C,0,-0.7997122,0.08941199630498886,0.9229999780654907,0.9399999976158142
YLR201C,YBR298C,0,-0.79998416,0.08940333127975464,0.9229999780654907,0.9401000142097473
YER082C,YDL227C,0,-0.80103093,0.08939467370510101,0.9229999780654907,0.9401999711990356
YMR308C,YBR171W,1,-0.80110544,0.0894828587770462,0.9240000247955322,0.9401999711990356
YBL079W,YDR292C,1,-0.80144566,0.0895710289478302,0.925000011920929,0.9401999711990356
YPL069C,YLR129W,0,-0.80154675,0.08956235647201538,0.925000011920929,0.9402999877929688
YLR107W,YDL130W-A,0,-0.8023135,0.08955368399620056,0.925000011920929,0.9404000043869019
YGR119C,YFR002W,1,-0.80326873,0.08964181691408157,0.9259999990463257,0.9404000043869019
YHR084W,YER171W,0,-0.80355155,0.08963314443826675,0.9259999990463257,0.940500020980835
YML092C,YMR246W,0,-0.8050503,0.08962446451187134,0.9259999990463257,0.9405999779701233
YDL126C,YOR117W,0,-0.80527157,0.08961579203605652,0.9259999990463257,0.9406999945640564
YOL068C,YER147C,0,-0.80661666,0.0896071195602417,0.9259999990463257,0.9408000111579895
YGR119C,YML031W,1,-0.80676436,0.08969520777463913,0.9269999861717224,0.9408000111579895
YFR041C,YOR113W,0,-0.807084,0.08968653529882431,0.9269999861717224,0.9409000277519226
YLR210W,YJL138C,0,-0.8080932,0.0896778553724289,0.9269999861717224,0.9409999847412109
YDR153C,YPL243W,1,-0.8081866,0.08976591378450394,0.9279999732971191,0.9409999847412109
YPL243W,YPR139C,1,-0.80830187,0.08985394984483719,0.9290000200271606,0.9409999847412109
YGR217W,YER068W,0,-0.808459,0.08984526246786118,0.9290000200271606,0.941100001335144
YPL051W,YPL126W,0,-0.80906624,0.08983657509088516,0.9290000200271606,0.9412000179290771
YML113W,YAL011W,0,-0.8103895,0.08982788771390915,0.9290000200271606,0.9412999749183655
YPR198W,YCR061W,0,-0.8106276,0.08981920033693314,0.9290000200271606,0.9413999915122986
YLR005W,YOR288C,0,-0.8109867,0.08981052041053772,0.9290000200271606,0.9415000081062317
YDR456W,YNR030W,0,-0.8111414,0.0898018330335617,0.9290000200271606,0.9416000247001648
YHR008C,YNL274C,0,-0.81203264,0.08979315310716629,0.9290000200271606,0.9416999816894531
YOR132W,YBR177C,0,-0.81445986,0.08978448063135147,0.9290000200271606,0.9417999982833862
YIL031W,YNL054W,0,-0.8144964,0.08977580070495605,0.9290000200271606,0.9419000148773193
YDR151C,YOR025W,0,-0.81498003,0.08976712822914124,0.9290000200271606,0.9419999718666077
YJL104W,YKR020W,1,-0.8151124,0.08985507488250732,0.9300000071525574,0.9419999718666077
YML121W,YNL039W,0,-0.8158168,0.08984639495611191,0.9300000071525574,0.9420999884605408
YKL173W,YKL016C,0,-0.81700647,0.08983771502971649,0.9300000071525574,0.9422000050544739
YMR150C,YPR139C,1,-0.817633,0.0899256244301796,0.9309999942779541,0.9422000050544739
YGR225W,YOL054W,0,-0.8179589,0.08991693705320358,0.9309999942779541,0.942300021648407
YJL104W,YOR232W,1,-0.81811506,0.0900048315525055,0.9319999814033508,0.942300021648407
YMR172W,YMR001C,0,-0.81816405,0.08999613672494888,0.9319999814033508,0.9423999786376953
YNL243W,YER024W,0,-0.8190853,0.08998744934797287,0.9319999814033508,0.9424999952316284
YPL210C,YOR232W,1,-0.8191423,0.0900753065943718,0.9330000281333923,0.9424999952316284
YPL181W,YNL015W,0,-0.8194336,0.09006661176681519,0.9330000281333923,0.9426000118255615
YMR039C,YGL227W,0,-0.8221136,0.09005791693925858,0.9330000281333923,0.9427000284194946
YBR006W,YHR194W,0,-0.82233655,0.09004922211170197,0.9330000281333923,0.942799985408783
YOL147C,YML128C,0,-0.8224174,0.09004053473472595,0.9330000281333923,0.9429000020027161
YBR084W,YMR183C,0,-0.822699,0.09003184735774994,0.9330000281333923,0.9430000185966492
YLL024C,YML031W,1,-0.8229475,0.09011964499950409,0.9340000152587891,0.9430000185966492
YPR033C,YOL128C,0,-0.82359266,0.09011095017194748,0.9340000152587891,0.9430999755859375
YNL001W,YLR068W,0,-0.82401127,0.09010225534439087,0.9340000152587891,0.9431999921798706
YJL053W,YJL176C,0,-0.82496756,0.09009356796741486,0.9340000152587891,0.9433000087738037
YML011C,YDR179C,0,-0.82550013,0.09008487313985825,0.9340000152587891,0.9434000253677368
YBR274W,YMR198W,0,-0.82660437,0.09007618576288223,0.9340000152587891,0.9434999823570251
YKR056W,YML024W,0,-0.8279214,0.09006750583648682,0.9340000152587891,0.9435999989509583
YML098W,YGR245C,0,-0.8288606,0.0900588184595108,0.9340000152587891,0.9437000155448914
YGL078C,YBR172C,0,-0.8290993,0.09005013853311539,0.9340000152587891,0.9437999725341797
YML057W,YML116W,0,-0.82919264,0.09004145115613937,0.9340000152587891,0.9438999891281128
YNL274C,YML128C,0,-0.8297563,0.09003277122974396,0.9340000152587891,0.9440000057220459
YAL009W,YKL179C,0,-0.8300575,0.09002409875392914,0.9340000152587891,0.944100022315979
YNL294C,YMR197C,0,-0.83116823,0.09001541882753372,0.9340000152587891,0.9441999793052673
YHR083W,YBL078C,1,-0.83227867,0.09010311216115952,0.9350000023841858,0.9441999793052673
YPL123C,YOR328W,0,-0.83231765,0.0900944322347641,0.9350000023841858,0.9442999958992004
YER015W,YBR006W,0,-0.83347946,0.09008575230836868,0.9350000023841858,0.9444000124931335
YBR265W,YKR024C,0,-0.833687,0.09007707238197327,0.9350000023841858,0.9445000290870667
YBR185C,YGR112W,0,-0.8341746,0.09006839245557785,0.9350000023841858,0.944599986076355
YDL143W,YLR192C,0,-0.83474934,0.09005971997976303,0.9350000023841858,0.9447000026702881
YLL026W,YLR144C,0,-0.83494884,0.09005104750394821,0.9350000023841858,0.9448000192642212
YKR022C,YPR067W,0,-0.83632284,0.09004237502813339,0.9350000023841858,0.9448999762535095
YGR119C,YLR292C,1,-0.83633894,0.09012999385595322,0.9359999895095825,0.9448999762535095
YMR091C,YFR002W,1,-0.83650273,0.09021759778261185,0.9369999766349792,0.9448999762535095
YAL056W,YKR097W,0,-0.8366853,0.09020891785621643,0.9369999766349792,0.9449999928474426
YGL078C,YML024W,0,-0.83677727,0.09020023047924042,0.9369999766349792,0.9451000094413757
YHR082C,YHR150W,0,-0.83681107,0.090191550552845,0.9369999766349792,0.9452000260353088
YKL064W,YGR147C,0,-0.8375507,0.09018287062644958,0.9369999766349792,0.9452999830245972
YER009W,YLR292C,1,-0.8376301,0.09027042984962463,0.9380000233650208,0.9452999830245972
YDR435C,YMR156C,0,-0.83790183,0.09026174247264862,0.9380000233650208,0.9453999996185303
YKL144C,YKR063C,0,-0.8389195,0.09025305509567261,0.9380000233650208,0.9455000162124634
YBR256C,YHR098C,0,-0.8390669,0.09024437516927719,0.9380000233650208,0.9455999732017517
YPR183W,YBR127C,0,-0.8393215,0.09023568779230118,0.9380000233650208,0.9456999897956848
YNL197C,YMR197C,0,-0.83991665,0.09022700786590576,0.9380000233650208,0.9458000063896179
YOR243C,YMR260C,0,-0.84020257,0.09021833539009094,0.9380000233650208,0.945900022983551
YOR257W,YLR145W,0,-0.84081817,0.09020965546369553,0.9380000233650208,0.9459999799728394
YBR217W,YMR035W,1,-0.8409019,0.0902971476316452,0.9390000104904175,0.9459999799728394
YDR292C,YNL059C,1,-0.84117395,0.09038461744785309,0.9399999976158142,0.9459999799728394
YBR118W,YER003C,0,-0.84121776,0.09037592262029648,0.9399999976158142,0.9460999965667725
YMR309C,YDL130W,0,-0.84279174,0.09036723524332047,0.9399999976158142,0.9462000131607056
YDL143W,YMR183C,0,-0.8431197,0.09035854786634445,0.9399999976158142,0.9463000297546387
YML093W,YMR183C,0,-0.84336716,0.09034986793994904,0.9399999976158142,0.946399986743927
YAL056W,YHR034C,0,-0.8439878,0.09034118056297302,0.9399999976158142,0.9465000033378601
YDR435C,YHR001W,0,-0.844174,0.0903325006365776,0.9399999976158142,0.9466000199317932
YBL018C,YLR051C,0,-0.8446451,0.09032382071018219,0.9399999976158142,0.9466999769210815
YDL194W,YCL069W,0,-0.8448464,0.09031514078378677,0.9399999976158142,0.9467999935150146
YDL045C,YOR372C,0,-0.8473309,0.09030646830797195,0.9399999976158142,0.9469000101089478
YOR245C,YJR090C,0,-0.84755325,0.09029778838157654,0.9399999976158142,0.9470000267028809
YML013W,YOR245C,0,-0.84776396,0.09028911590576172,0.9399999976158142,0.9470999836921692
YPL130W,YOR372C,0,-0.84783363,0.0902804434299469,0.9399999976158142,0.9472000002861023
YOR232W,YER009W,1,-0.84875613,0.09036780893802643,0.9409999847412109,0.9472000002861023
YKR028W,YMR309C,0,-0.84884775,0.09035912901163101,0.9409999847412109,0.9473000168800354
YDR283C,YLR117C,0,-0.8489201,0.09035045653581619,0.9409999847412109,0.9473999738693237
YGL006W,YLR329W,0,-0.8492649,0.09034178406000137,0.9409999847412109,0.9474999904632568
YBR216C,YER116C,0,-0.8499294,0.09033311158418655,0.9409999847412109,0.9476000070571899
YDR299W,YGL106W,0,-0.8499639,0.09032443910837173,0.9409999847412109,0.947700023651123
YOL011W,YCR092C,0,-0.8515383,0.09031576663255692,0.9409999847412109,0.9477999806404114
YPR020W,YLL041C,0,-0.8527958,0.09030710160732269,0.9409999847412109,0.9478999972343445
YOR346W,YNL062C,0,-0.85298634,0.09029843658208847,0.9409999847412109,0.9480000138282776
YNL047C,YPL159C,0,-0.8531561,0.09028977155685425,0.9409999847412109,0.9480999708175659
YLR292C,YPR139C,1,-0.85325146,0.09037704765796661,0.9419999718666077,0.9480999708175659
YML098W,YKR007W,0,-0.85341287,0.09036838263273239,0.9419999718666077,0.948199987411499
YDR283C,YDR507C,0,-0.8534151,0.09035971015691757,0.9419999718666077,0.9483000040054321
YLR276C,YKR099W,0,-0.85358536,0.09035104513168335,0.9419999718666077,0.9484000205993652
YMR077C,YLL041C,0,-0.8536269,0.09034238010644913,0.9419999718666077,0.9484999775886536
YDR513W,YBL102W,0,-0.8540259,0.0903337150812149,0.9419999718666077,0.9485999941825867
YNR019W,YML116W,0,-0.8544236,0.09032505750656128,0.9419999718666077,0.9487000107765198
YLR423C,YMR188C,0,-0.8551464,0.09031639248132706,0.9419999718666077,0.9488000273704529
YER173W,YGL048C,0,-0.8569228,0.09030773490667343,0.9419999718666077,0.9488999843597412
YBR199W,YGL150C,0,-0.85721564,0.0902990773320198,0.9419999718666077,0.9490000009536743
YKR057W,YGL111W,0,-0.8573054,0.09029042720794678,0.9419999718666077,0.9491000175476074
YPL210C,YMR091C,1,-0.85736483,0.09037761390209198,0.9430000185966492,0.9491000175476074
YDR011W,YEL053C,0,-0.85766894,0.09036894887685776,0.9430000185966492,0.9491999745368958
YDR247W,YLL031C,0,-0.85773,0.09036029130220413,0.9430000185966492,0.9492999911308289
YFR004W,YDL013W,0,-0.8582589,0.0903516337275505,0.9430000185966492,0.949400007724762
YJL104W,YNR007C,1,-0.85878867,0.09043878316879272,0.9440000057220459,0.949400007724762
YMR047C,YNL059C,1,-0.8593946,0.09052591025829315,0.9449999928474426,0.949400007724762
YDR284C,YJR006W,0,-0.8597389,0.09051723778247833,0.9449999928474426,0.9495000243186951
YCL025C,YGR214W,0,-0.8598396,0.09050857275724411,0.9449999928474426,0.9495999813079834
YHR197W,YGL016W,1,-0.860052,0.09059567004442215,0.9459999799728394,0.9495999813079834
YPL210C,YMR308C,1,-0.86031187,0.090682752430439,0.9470000267028809,0.9495999813079834
YDR436W,YJL006C,0,-0.8607347,0.09067407250404358,0.9470000267028809,0.9496999979019165
YDR398W,YDL150W,0,-0.86248976,0.09066539257764816,0.9470000267028809,0.9498000144958496
YNL054W,YDR075W,0,-0.862516,0.09065671265125275,0.9470000267028809,0.9498999714851379
YKR024C,YBR297W,0,-0.8636579,0.09064803272485733,0.9470000267028809,0.949999988079071
YKL144C,YKL081W,0,-0.8648092,0.09063936024904251,0.9470000267028809,0.9501000046730042
YMR060C,YOR007C,0,-0.865511,0.0906306803226471,0.9470000267028809,0.9502000212669373
YLR221C,YIL038C,0,-0.8669285,0.09062200784683228,0.9470000267028809,0.9502999782562256
YCL034W,YER015W,0,-0.86710924,0.09061333537101746,0.9470000267028809,0.9503999948501587
YDL002C,YGR186W,0,-0.86753225,0.09060467034578323,0.9470000267028809,0.9505000114440918
YML011C,YPR067W,0,-0.8680101,0.09059599786996841,0.9470000267028809,0.9506000280380249
YBR161W,YCR005C,0,-0.8680391,0.09058733284473419,0.9470000267028809,0.9506999850273132
YKL144C,YLR397C,0,-0.86821955,0.09057866781949997,0.9470000267028809,0.9508000016212463
YBR256C,YLL026W,0,-0.8682573,0.09057001024484634,0.9470000267028809,0.9509000182151794
YFR052W,YJL072C,0,-0.8687071,0.09056134521961212,0.9470000267028809,0.9509999752044678
YFL050C,YGR072W,0,-0.86940974,0.0905526876449585,0.9470000267028809,0.9510999917984009
YOR245C,YDR311W,0,-0.8698111,0.09054403007030487,0.9470000267028809,0.951200008392334
YIL153W,YBR265W,0,-0.8712155,0.09053537249565125,0.9470000267028809,0.9513000249862671
YDL120W,YML099C,0,-0.8713104,0.09052671492099762,0.9470000267028809,0.9513999819755554
YPL137C,YMR036C,0,-0.8723648,0.09051806479692459,0.9470000267028809,0.9514999985694885
YJL087C,YGL155W,0,-0.8724713,0.09050941467285156,0.9470000267028809,0.9516000151634216
YBR102C,YHR118C,0,-0.87269795,0.09050076454877853,0.9470000267028809,0.95169997215271
YJL106W,YDR069C,0,-0.8731294,0.0904921144247055,0.9470000267028809,0.9517999887466431
YGL200C,YDR385W,0,-0.8732938,0.09048347175121307,0.9470000267028809,0.9519000053405762
YPL210C,YNL059C,1,-0.87359303,0.0905703604221344,0.9480000138282776,0.9519000053405762
YMR198W,YDL013W,0,-0.8744003,0.09056171029806137,0.9480000138282776,0.9520000219345093
YMR097C,YOR123C,0,-0.8749863,0.09055306017398834,0.9480000138282776,0.9520999789237976
YNL047C,YOR372C,0,-0.8768034,0.09054441004991531,0.9480000138282776,0.9521999955177307
YLR397C,YHR066W,0,-0.87687176,0.09053576737642288,0.9480000138282776,0.9523000121116638
YGR119C,YBR164C,1,-0.8768975,0.09062261134386063,0.9490000009536743,0.9523000121116638
YPL210C,YPR139C,1,-0.87719876,0.09070944041013718,0.949999988079071,0.9523000121116638
YHR194W,YNL274C,0,-0.87747,0.09070078283548355,0.949999988079071,0.9524000287055969
YPR065W,YOR113W,0,-0.8794882,0.09069212526082993,0.949999988079071,0.9524999856948853
YNR056C,YJR155W,0,-0.88025695,0.0906834676861763,0.949999988079071,0.9526000022888184
YMR077C,YOR007C,0,-0.88074845,0.09067481011152267,0.949999988079071,0.9527000188827515
YBR199W,YMR056C,0,-0.8819218,0.09066615998744965,0.949999988079071,0.9527999758720398
YKR086W,YDR151C,0,-0.8831971,0.09065750241279602,0.949999988079071,0.9528999924659729
YJL008C,YLR350W,0,-0.88391125,0.09064885228872299,0.949999988079071,0.953000009059906
YMR091C,YNR007C,1,-0.8848731,0.09073561429977417,0.9509999752044678,0.953000009059906
YMR033W,YBR288C,0,-0.8854429,0.09072696417570114,0.9509999752044678,0.9531000256538391
YAL002W,YFL050C,0,-0.88652205,0.09071830660104752,0.9509999752044678,0.9531999826431274
YGR227W,YFL050C,0,-0.88684225,0.09070965647697449,0.9509999752044678,0.9532999992370605
YGL022W,YAL038W,0,-0.8871673,0.09070099890232086,0.9509999752044678,0.9534000158309937
YDR295C,YHR118C,0,-0.8874045,0.09069234877824783,0.9509999752044678,0.953499972820282
YOR058C,YPL138C,0,-0.8876939,0.0906837061047554,0.9509999752044678,0.9535999894142151
YIL122W,YMR039C,0,-0.88790494,0.09067505598068237,0.9509999752044678,0.9537000060081482
YDR484W,YPL153C,0,-0.88820857,0.09066641330718994,0.9509999752044678,0.9538000226020813
YJR155W,YKL062W,0,-0.8905501,0.09065777063369751,0.9509999752044678,0.9538999795913696
YGL150C,YDR418W,0,-0.8913717,0.09064912796020508,0.9509999752044678,0.9539999961853027
YKR022C,YDR288W,0,-0.89184296,0.09064048528671265,0.9509999752044678,0.9541000127792358
YPL137C,YBR298C,0,-0.8925386,0.09063185006380081,0.9509999752044678,0.954200029373169
YDR513W,YIL034C,0,-0.8926113,0.09062321484088898,0.9509999752044678,0.9542999863624573
YNL256W,YOR056C,0,-0.89275235,0.09061457961797714,0.9509999752044678,0.9544000029563904
YPL210C,YFR002W,1,-0.89394444,0.09070122241973877,0.9520000219345093,0.9544000029563904
YNL066W,YBR085W,0,-0.89420074,0.09069257974624634,0.9520000219345093,0.9545000195503235
YPR009W,YFL025C,0,-0.894363,0.0906839370727539,0.9520000219345093,0.9545999765396118
YKL195W,YKR020W,1,-0.89538807,0.09077055007219315,0.953000009059906,0.9545999765396118
YKL175W,YDR092W,0,-0.89885795,0.09076190739870071,0.953000009059906,0.9546999931335449
YER012W,YPL010W,0,-0.8989835,0.09075326472520828,0.953000009059906,0.954800009727478
YBR256C,YPL159C,0,-0.8990673,0.09074462205171585,0.953000009059906,0.9549000263214111
YBR102C,YGR225W,0,-0.8993595,0.09073597937822342,0.953000009059906,0.9549999833106995
YGL187C,YML099C,0,-0.8994444,0.09072734415531158,0.953000009059906,0.9550999999046326
YBR274W,YLL041C,0,-0.89949673,0.09071870893239975,0.953000009059906,0.9552000164985657
YJL008C,YHR118C,0,-0.900206,0.09071007370948792,0.953000009059906,0.955299973487854
YBR142W,YER127W,0,-0.90058625,0.09070143848657608,0.953000009059906,0.9553999900817871
YBR265W,YBR082C,0,-0.9006242,0.09069280326366425,0.953000009059906,0.9555000066757202
YDR295C,YDR507C,0,-0.90082186,0.09068417549133301,0.953000009059906,0.9556000232696533
YPL232W,YBR199W,0,-0.9010574,0.09067554771900177,0.953000009059906,0.9556999802589417
YLR276C,YNR046W,0,-0.90106535,0.09066691994667053,0.953000009059906,0.9557999968528748
YMR293C,YDL045C,0,-0.9013786,0.0906582921743393,0.953000009059906,0.9559000134468079
YBR170C,YAL032C,0,-0.9016585,0.09064967185258865,0.953000009059906,0.9559999704360962
YJR121W,YBR185C,0,-0.9016851,0.09064105153083801,0.953000009059906,0.9560999870300293
YBR256C,YGR072W,0,-0.9027695,0.09063243120908737,0.953000009059906,0.9562000036239624
YHR061C,YDL031W,0,-0.9046143,0.09062381088733673,0.953000009059906,0.9563000202178955
YMR026C,YNL059C,1,-0.9049402,0.09071027487516403,0.9539999961853027,0.9563000202178955
YFR041C,YNL015W,0,-0.9052565,0.09070165455341339,0.9539999961853027,0.9563999772071838
YNL001W,YHR066W,0,-0.9061695,0.09069303423166275,0.9539999961853027,0.9564999938011169
YGL006W,YDR484W,0,-0.90657705,0.09068441390991211,0.9539999961853027,0.95660001039505
YPL267W,YNL259C,0,-0.9066247,0.09067579358816147,0.9539999961853027,0.9567000269889832
YLR135W,YFL025C,0,-0.9068003,0.09066717326641083,0.9539999961853027,0.9567999839782715
YML124C,YLL031C,0,-0.9077092,0.09065856039524078,0.9539999961853027,0.9569000005722046
YMR309C,YOR095C,0,-0.9089129,0.09064994007349014,0.9539999961853027,0.9570000171661377
YGR145W,YLR238W,0,-0.90898216,0.0906413272023201,0.9539999961853027,0.957099974155426
YDL028C,YDR182W,0,-0.9091585,0.09063272178173065,0.9539999961853027,0.9571999907493591
YGR123C,YDR045C,0,-0.909569,0.09062410891056061,0.9539999961853027,0.9573000073432922
YOR095C,YEL026W,0,-0.91049033,0.09061550348997116,0.9539999961853027,0.9574000239372253
YJL087C,YML011C,0,-0.91096175,0.09060689806938171,0.9539999961853027,0.9574999809265137
YPL195W,YPL091W,0,-0.91204363,0.09059829264879227,0.9539999961853027,0.9575999975204468
YIL122W,YGL181W,0,-0.913205,0.09058968722820282,0.9539999961853027,0.9577000141143799
YDL028C,YIL079C,0,-0.91427284,0.09058108925819397,0.9539999961853027,0.9577999711036682
YER001W,YPR074C,0,-0.91448194,0.09057248383760452,0.9539999961853027,0.9578999876976013
YIL079C,YLL026W,0,-0.9150317,0.09056388586759567,0.9539999961853027,0.9580000042915344
YNL097C,YGR024C,0,-0.9165638,0.09055529534816742,0.9539999961853027,0.9581000208854675
YDR436W,YIL066C,0,-0.91695863,0.09054669737815857,0.9539999961853027,0.9581999778747559
YML024W,YOR056C,0,-0.9174045,0.09053810685873032,0.9539999961853027,0.958299994468689
YMR128W,YHR068W,0,-0.9193513,0.09052950888872147,0.9539999961853027,0.9584000110626221
YIL122W,YJL013C,0,-0.9207619,0.09052092581987381,0.9539999961853027,0.9585000276565552
YKR063C,YER122C,0,-0.92147344,0.09051233530044556,0.9539999961853027,0.9585999846458435
YHR150W,YDR073W,0,-0.9220565,0.0905037447810173,0.9539999961853027,0.9587000012397766
YMR033W,YER049W,0,-0.92254466,0.09049516171216965,0.9539999961853027,0.9588000178337097
YLR397C,YGL120C,0,-0.9227111,0.09048657864332199,0.9539999961853027,0.958899974822998
YFR002W,YNL059C,1,-0.92514575,0.09057283401489258,0.9549999833106995,0.958899974822998
YAL056W,YCL034W,0,-0.9256132,0.09056425094604492,0.9549999833106995,0.9589999914169312
YMR238W,YNL015W,0,-0.92570573,0.09055566042661667,0.9549999833106995,0.9591000080108643
YJL133W,YML011C,0,-0.926825,0.09054707735776901,0.9549999833106995,0.9592000246047974
YHR098C,YDR484W,0,-0.92688453,0.09053849428892136,0.9549999833106995,0.9592999815940857
YPL138C,YLR115W,0,-0.9272792,0.0905299112200737,0.9549999833106995,0.9593999981880188
YDR087C,YOR056C,0,-0.92760354,0.09052132815122604,0.9549999833106995,0.9595000147819519
YDR288W,YDR073W,0,-0.9294785,0.09051274508237839,0.9549999833106995,0.9595999717712402
YMR091C,YLR292C,1,-0.92964953,0.0905989408493042,0.9559999704360962,0.9595999717712402
YFL004W,YJR006W,0,-0.9301831,0.09059035032987595,0.9559999704360962,0.9596999883651733
YBR084W,YHR085W,0,-0.9306885,0.09058176726102829,0.9559999704360962,0.9598000049591064
YLR394W,YLL026W,0,-0.93073297,0.09057319164276123,0.9559999704360962,0.9599000215530396
YDR456W,YPL147W,0,-0.9307824,0.09056460857391357,0.9559999704360962,0.9599999785423279
YOR209C,YDR385W,0,-0.93081194,0.09055602550506592,0.9559999704360962,0.960099995136261
YOR057W,YOR328W,0,-0.9315624,0.09054744988679886,0.9559999704360962,0.9602000117301941
YHL024W,YGR005C,0,-0.9336385,0.0905388742685318,0.9559999704360962,0.9603000283241272
YLR107W,YCR092C,0,-0.93472576,0.09053030610084534,0.9559999704360962,0.9603999853134155
YIL066C,YDL013W,0,-0.93522567,0.09052173048257828,0.9559999704360962,0.9605000019073486
YHR152W,YDR184C,0,-0.9359916,0.09051316231489182,0.9559999704360962,0.9606000185012817
YML081C-A,YPL159C,0,-0.9373067,0.09050459414720535,0.9559999704360962,0.9606999754905701
YFL050C,YDR122W,0,-0.93800706,0.09049602597951889,0.9559999704360962,0.9607999920845032
YLR170C,YJR090C,0,-0.9392317,0.09048745781183243,0.9559999704360962,0.9609000086784363
YER145C,YFL022C,0,-0.9400451,0.09047889709472656,0.9559999704360962,0.9610000252723694
YMR077C,YKR024C,0,-0.94054896,0.0904703289270401,0.9559999704360962,0.9610999822616577
YOL068C,YOR372C,0,-0.9408602,0.09046176820993423,0.9559999704360962,0.9611999988555908
YLL026W,YMR056C,0,-0.9410626,0.09045321494340897,0.9559999704360962,0.9613000154495239
YPL137C,YOR372C,0,-0.94357413,0.0904446542263031,0.9559999704360962,0.9613999724388123
YJL053W,YDL013W,0,-0.9441976,0.09043610095977783,0.9559999704360962,0.9614999890327454
YPL123C,YLL041C,0,-0.94586486,0.09042754769325256,0.9559999704360962,0.9616000056266785
YGR145W,YDR151C,0,-0.94682527,0.0904189944267273,0.9559999704360962,0.9617000222206116
YGL049C,YHR068W,0,-0.9472018,0.09041044116020203,0.9559999704360962,0.9617999792098999
YFL002C,YER049W,0,-0.94777215,0.09040188789367676,0.9559999704360962,0.961899995803833
YLL026W,YDR073W,0,-0.9478003,0.09039334207773209,0.9559999704360962,0.9620000123977661
YIL153W,YGR161C,0,-0.94818777,0.09038479626178741,0.9559999704360962,0.9621000289916992
YKR086W,YPL011C,0,-0.9487913,0.09037625044584274,0.9559999704360962,0.9621999859809875
YMR288W,YMR036C,0,-0.9492052,0.09036771208047867,0.9559999704360962,0.9623000025749207
YDR513W,YPL232W,0,-0.9495331,0.090359166264534,0.9559999704360962,0.9624000191688538
YGR156W,YNL327W,0,-0.9503513,0.09035062789916992,0.9559999704360962,0.9624999761581421
YKR056W,YHR143W-A,0,-0.9514932,0.09034208953380585,0.9559999704360962,0.9625999927520752
YDR283C,YPR067W,0,-0.9515564,0.09033355116844177,0.9559999704360962,0.9627000093460083
YER082C,YHR143W-A,0,-0.9519361,0.0903250202536583,0.9559999704360962,0.9628000259399414
YIL122W,YOL135C,0,-0.95346457,0.09031648188829422,0.9559999704360962,0.9628999829292297
YGL006W,YKL016C,0,-0.9537475,0.09030795097351074,0.9559999704360962,0.9629999995231628
YFR052W,YDR251W,0,-0.9585034,0.09029942750930786,0.9559999704360962,0.963100016117096
YLR405W,YDR398W,0,-0.95903015,0.09029089659452438,0.9559999704360962,0.9631999731063843
YMR198W,YPL153C,0,-0.95985776,0.0902823656797409,0.9559999704360962,0.9632999897003174
YER068W,YGL219C,0,-0.96074265,0.09027384221553802,0.9559999704360962,0.9634000062942505
YMR080C,YFL022C,0,-0.9610577,0.09026531875133514,0.9559999704360962,0.9635000228881836
YMR047C,YDR292C,1,-0.9634126,0.09035120904445648,0.9570000171661377,0.9635000228881836
YDR231C,YDR011W,0,-0.96462387,0.090342678129673,0.9570000171661377,0.9635999798774719
YJL053W,YLR361C,0,-0.9650044,0.09033415466547012,0.9570000171661377,0.963699996471405
YBR179C,YGL150C,0,-0.96582407,0.09032562375068665,0.9570000171661377,0.9638000130653381
YGR211W,YOR056C,0,-0.9662835,0.09031710028648376,0.9570000171661377,0.9639000296592712
YKL195W,YLR193C,1,-0.96725684,0.09040294587612152,0.9580000042915344,0.9639000296592712
YIL153W,YKL189W,0,-0.96952695,0.09039441496133804,0.9580000042915344,0.9639999866485596
YDL194W,YBL035C,0,-0.97161263,0.09038588404655457,0.9580000042915344,0.9641000032424927
YLR170C,YML011C,0,-0.9728349,0.09037736058235168,0.9580000042915344,0.9642000198364258
YML121W,YCR009C,0,-0.9735096,0.0903688296675682,0.9580000042915344,0.9642999768257141
YJR090C,YBR179C,0,-0.9738776,0.09036030620336533,0.9580000042915344,0.9643999934196472
YHR070W,YNR046W,0,-0.97415644,0.09035179018974304,0.9580000042915344,0.9645000100135803
YPL160W,YHR068W,0,-0.9758186,0.09034326672554016,0.9580000042915344,0.9646000266075134
YGR002C,YBR244W,0,-0.9758622,0.09033475071191788,0.9580000042915344,0.9646999835968018
YDR091C,YBL079W,1,-0.97760814,0.09042051434516907,0.9589999914169312,0.9646999835968018
YHR061C,YFL025C,0,-0.9779239,0.09041199088096619,0.9589999914169312,0.9648000001907349
YPL160W,YDR172W,0,-0.97865325,0.0904034674167633,0.9589999914169312,0.964900016784668
YLR167W,YOR224C,0,-0.9792599,0.09039495140314102,0.9589999914169312,0.9649999737739563
YNR047W,YDR140W,0,-0.9794306,0.09038642793893814,0.9589999914169312,0.9650999903678894
YDL031W,YGL048C,0,-0.98136014,0.09037791192531586,0.9589999914169312,0.9652000069618225
YIL101C,YNR019W,0,-0.98336524,0.09036939591169357,0.9589999914169312,0.9653000235557556
YPL160W,YNL256W,0,-0.9851268,0.09036087989807129,0.9589999914169312,0.965399980545044
YML052W,YCR020C,0,-0.9866112,0.090352363884449,0.9589999914169312,0.965499997138977
YDR073W,YPR067W,0,-0.9866573,0.09034385532140732,0.9589999914169312,0.9656000137329102
YFL039C,YBR035C,0,-0.98715,0.09033533930778503,0.9589999914169312,0.9656999707221985
YFR002W,YML103C,1,-0.9872572,0.09042102098464966,0.9599999785423279,0.9656999707221985
YIL153W,YPL011C,0,-0.98743206,0.09041250497102737,0.9599999785423279,0.9657999873161316
YBR161W,YER119C,0,-0.9889924,0.09040399640798569,0.9599999785423279,0.9659000039100647
YPL123C,YMR077C,0,-0.9892011,0.0903954803943634,0.9599999785423279,0.9660000205039978
YDR283C,YGL181W,0,-0.9910466,0.09038697183132172,0.9599999785423279,0.9660999774932861
YLR397C,YHR085W,0,-0.9915456,0.09037846326828003,0.9599999785423279,0.9661999940872192
YMR235C,YKL143W,1,-0.9925708,0.09046408534049988,0.9610000252723694,0.9661999940872192
YDR153C,YNR007C,1,-0.9927624,0.09054969996213913,0.9620000123977661,0.9661999940872192
YFL002C,YDR398W,0,-0.9931044,0.09054117649793625,0.9620000123977661,0.9663000106811523
YDR341C,YER126C,0,-0.99357957,0.09053265303373337,0.9620000123977661,0.9664000272750854
YDR163W,YPR200C,0,-0.993802,0.09052413702011108,0.9620000123977661,0.9664999842643738
YDL126C,YGL048C,0,-0.994716,0.0905156210064888,0.9620000123977661,0.9666000008583069
YDR299W,YBR084W,0,-0.99538094,0.09050710499286652,0.9620000123977661,0.96670001745224
YIR022W,YHR005C-A,1,-0.99671596,0.09059266000986099,0.9629999995231628,0.96670001745224
YFL002C,YJL069C,0,-0.997348,0.09058414399623871,0.9629999995231628,0.9667999744415283
YGR145W,YLR069C,0,-0.9975962,0.09057562053203583,0.9629999995231628,0.9668999910354614
YPL147W,YMR044W,0,-0.9979779,0.09056710451841354,0.9629999995231628,0.9670000076293945
YPR051W,YDL045C,0,-0.9980971,0.09055858850479126,0.9629999995231628,0.9671000242233276
YJR155W,YML128C,0,-0.9990395,0.09055007249116898,0.9629999995231628,0.967199981212616
YOL146W,YDR072C,0,-0.9991115,0.09054155647754669,0.9629999995231628,0.9672999978065491
YBL018C,YAL032C,0,-0.99943024,0.090533047914505,0.9629999995231628,0.9674000144004822
YMR197C,YML011C,0,-1.0013516,0.09052453190088272,0.9629999995231628,0.9674999713897705
YKL189W,YKL064W,0,-1.0013964,0.09051602333784103,0.9629999995231628,0.9675999879837036
YKR022C,YGR002C,0,-1.0037564,0.09050752222537994,0.9629999995231628,0.9677000045776367
YDR148C,YBR216C,0,-1.0047404,0.09049901366233826,0.9629999995231628,0.9678000211715698
YBR256C,YKR089C,0,-1.0056145,0.09049051254987717,0.9629999995231628,0.9678999781608582
YGR214W,YDR398W,0,-1.0066655,0.09048200398683548,0.9629999995231628,0.9679999947547913
YBR057C,YLR115W,0,-1.0070605,0.09047350287437439,0.9629999995231628,0.9681000113487244
YHR163W,YOR267C,0,-1.0074171,0.0904650092124939,0.9629999995231628,0.9682000279426575
YPR200C,YML011C,0,-1.0075092,0.0904565081000328,0.9629999995231628,0.9682999849319458
YBR161W,YLR144C,0,-1.007599,0.09044801443815231,0.9629999995231628,0.9684000015258789
YGR118W,YMR128W,0,-1.0100374,0.09043952077627182,0.9629999995231628,0.968500018119812
YPL210C,YMR235C,1,-1.0143546,0.09052493423223495,0.9639999866485596,0.968500018119812
YLR193C,YNR007C,1,-1.0146837,0.0906103253364563,0.9649999737739563,0.968500018119812
YDR436W,YJL201W,0,-1.0152161,0.09060182422399521,0.9649999737739563,0.9685999751091003
YDL028C,YDR255C,0,-1.0155298,0.09059331566095352,0.9649999737739563,0.9686999917030334
YOR245C,YML057W,0,-1.0170051,0.09058481454849243,0.9649999737739563,0.9688000082969666
YLR170C,YPL240C,0,-1.0204288,0.09057630598545074,0.9649999737739563,0.9689000248908997
YBL079W,YML103C,1,-1.0207247,0.0906616598367691,0.9660000205039978,0.9689000248908997
YOR243C,YML024W,0,-1.0212728,0.09065315127372742,0.9660000205039978,0.968999981880188
YGL006W,YMR077C,0,-1.0218644,0.09064465016126633,0.9660000205039978,0.9690999984741211
YOL011W,YDL058W,0,-1.022448,0.09063614159822464,0.9660000205039978,0.9692000150680542
YPR198W,YBR244W,0,-1.0225794,0.09062764048576355,0.9660000205039978,0.9692999720573425
YPL160W,YLR014C,0,-1.0231713,0.09061913937330246,0.9660000205039978,0.9693999886512756
YDR244W,YMR035W,1,-1.0231724,0.09070443361997604,0.9670000076293945,0.9693999886512756
YIL153W,YLL026W,0,-1.0232828,0.09069593250751495,0.9670000076293945,0.9695000052452087
YLR009W,YOL142W,0,-1.0244199,0.09068742394447327,0.9670000076293945,0.9696000218391418
YMR047C,YML103C,1,-1.0252953,0.09077269583940506,0.9679999947547913,0.9696000218391418
YDR507C,YJL013C,0,-1.0256234,0.09076417982578278,0.9679999947547913,0.9696999788284302
YOL126C,YLR144C,0,-1.0313144,0.09075567126274109,0.9679999947547913,0.9697999954223633
YHR008C,YNL015W,0,-1.0321459,0.0907471626996994,0.9679999947547913,0.9699000120162964
YOR335C,YBR030W,0,-1.0326159,0.09073865413665771,0.9679999947547913,0.9700000286102295
YPR009W,YOR095C,0,-1.0335824,0.09073015302419662,0.9679999947547913,0.9700999855995178
YOL124C,YGL120C,0,-1.0340817,0.09072165191173553,0.9679999947547913,0.9702000021934509
YDL079C,YDR163W,0,-1.0342138,0.09071315079927444,0.9679999947547913,0.970300018787384
YGR145W,YHR118C,0,-1.0345101,0.09070464968681335,0.9679999947547913,0.9703999757766724
YMR091C,YMR153W,1,-1.0351713,0.09078984707593918,0.968999981880188,0.9703999757766724
YGR238C,YLR107W,0,-1.0365801,0.09078133851289749,0.968999981880188,0.9704999923706055
YDR123C,YMR036C,0,-1.0373814,0.0907728374004364,0.968999981880188,0.9706000089645386
YLR117C,YBL035C,0,-1.0374451,0.09076432883739471,0.968999981880188,0.9707000255584717
YPR020W,YGL219C,0,-1.0392647,0.09075582772493362,0.968999981880188,0.97079998254776
YDR513W,YPL015C,0,-1.039498,0.09074733406305313,0.968999981880188,0.9708999991416931
YKR067W,YPR067W,0,-1.0402652,0.09073883295059204,0.968999981880188,0.9710000157356262
YLR329W,YCR061W,0,-1.0405378,0.09073033928871155,0.968999981880188,0.9710999727249146
YOR058C,YGR161C,0,-1.0406772,0.09072184562683105,0.968999981880188,0.9711999893188477
YPR132W,YOR335C,0,-1.0421134,0.09071335196495056,0.968999981880188,0.9713000059127808
YNL225C,YOR123C,0,-1.0427086,0.09070485830307007,0.968999981880188,0.9714000225067139
YBL058W,YGL219C,0,-1.0437069,0.09069637209177017,0.968999981880188,0.9714999794960022
YNL294C,YML057W,0,-1.0445493,0.09068787842988968,0.968999981880188,0.9715999960899353
YDR277C,YDL020C,0,-1.0464154,0.09067939221858978,0.968999981880188,0.9717000126838684
YMR260C,YOR272W,0,-1.0468036,0.09067090600728989,0.968999981880188,0.9718000292778015
YJL069C,YLR051C,0,-1.047544,0.09066242724657059,0.968999981880188,0.9718999862670898
YML098W,YDR122W,0,-1.0477785,0.09065394103527069,0.968999981880188,0.972000002861023
YGL006W,YPR067W,0,-1.0511123,0.09064546227455139,0.968999981880188,0.972100019454956
YGR029W,YOL082W,1,-1.0532142,0.09073051810264587,0.9700000286102295,0.972100019454956
YDR148C,YNR019W,0,-1.0548377,0.09072203189134598,0.9700000286102295,0.9721999764442444
YDR072C,YDL120W,0,-1.0549766,0.09071355313062668,0.9700000286102295,0.9722999930381775
YAL056W,YHR150W,0,-1.0550632,0.09070506691932678,0.9700000286102295,0.9724000096321106
YNL039W,YEL053C,0,-1.0553951,0.09069658815860748,0.9700000286102295,0.9725000262260437
YDR244W,YKL195W,1,-1.0556781,0.09078159928321838,0.9710000157356262,0.9725000262260437
YDR292C,YPR139C,1,-1.0560312,0.09086659550666809,0.972000002861023,0.9725000262260437
YFL050C,YJL006C,0,-1.0583562,0.0908581018447876,0.972000002861023,0.972599983215332
YOL146W,YFR004W,0,-1.0584179,0.0908496156334877,0.972000002861023,0.9726999998092651
YMR182C,YBR030W,0,-1.059696,0.09084112197160721,0.972000002861023,0.9728000164031982
YDR288W,YML128C,0,-1.0598319,0.09083263576030731,0.972000002861023,0.9728999733924866
YBR057C,YMR030W,0,-1.0602013,0.09082414209842682,0.972000002861023,0.9729999899864197
YLR405W,YIL079C,0,-1.0604467,0.09081565588712692,0.972000002861023,0.9731000065803528
YGL144C,YDR484W,0,-1.0628896,0.09080717712640762,0.972000002861023,0.9732000231742859
YDL045C,YOL135C,0,-1.0629576,0.09079869091510773,0.972000002861023,0.9732999801635742
YLL041C,YBR132C,0,-1.0632894,0.09079021215438843,0.972000002861023,0.9733999967575073
YGR029W,YBR217W,1,-1.065157,0.09087512642145157,0.9729999899864197,0.9733999967575073
YBR006W,YHR075C,0,-1.0656366,0.09086664021015167,0.9729999899864197,0.9735000133514404
YMR235C,YPL243W,1,-1.0659554,0.09095153957605362,0.9739999771118164,0.9735000133514404
YGR225W,YDR163W,0,-1.0723004,0.09094304591417313,0.9739999771118164,0.9735999703407288
YMR039C,YGR072W,0,-1.0724697,0.09093455225229263,0.9739999771118164,0.9736999869346619
YPL138C,YDL120W,0,-1.0744314,0.09092606604099274,0.9739999771118164,0.973800003528595
YIL122W,YDR179C,0,-1.0745494,0.09091757982969284,0.9739999771118164,0.9739000201225281
YPL123C,YDR247W,0,-1.0759177,0.09090909361839294,0.9739999771118164,0.9739999771118164
YPR200C,YOL135C,0,-1.0767795,0.09090060740709305,0.9739999771118164,0.9740999937057495
YLL031C,YOR372C,0,-1.0768073,0.09089212119579315,0.9739999771118164,0.9742000102996826
YNL047C,YMR198W,0,-1.0768491,0.09088364243507385,0.9739999771118164,0.9743000268936157
YPL210C,YDR153C,1,-1.0770185,0.09096846729516983,0.9750000238418579,0.9743000268936157
YBR179C,YOL054W,0,-1.0772519,0.09095998108386993,0.9750000238418579,0.974399983882904
YAL002W,YDL194W,0,-1.0802672,0.09095149487257004,0.9750000238418579,0.9745000004768372
YNR046W,YHR143W-A,0,-1.0812781,0.09094300866127014,0.9750000238418579,0.9746000170707703
YLR276C,YLR068W,0,-1.0812793,0.09093452990055084,0.9750000238418579,0.9746999740600586
YER082C,YLR009W,0,-1.08149,0.09092604368925095,0.9750000238418579,0.9747999906539917
YFL002C,YGL120C,0,-1.0830336,0.09091756492853165,0.9750000238418579,0.9749000072479248
YKL189W,YLR117C,0,-1.0832536,0.09090909361839294,0.9750000238418579,0.9750000238418579
YLR135W,YGL166W,0,-1.0834489,0.09090061485767365,0.9750000238418579,0.9750999808311462
YMR235C,YBR171W,1,-1.0836456,0.09098536521196365,0.9760000109672546,0.9750999808311462
YCR009C,YPL138C,0,-1.0869229,0.09097688645124435,0.9760000109672546,0.9751999974250793
YGR029W,YLR193C,1,-1.0881326,0.09106160700321198,0.9769999980926514,0.9751999974250793
YFR029W,YGL136C,0,-1.0885924,0.09105312079191208,0.9769999980926514,0.9753000140190125
YLR397C,YLR221C,0,-1.0898061,0.09104463458061218,0.9769999980926514,0.9753999710083008
YPL123C,YMR097C,0,-1.0908751,0.09103615581989288,0.9769999980926514,0.9754999876022339
YOR057W,YCR009C,0,-1.0911505,0.09102766960859299,0.9769999980926514,0.975600004196167
YAL002W,YPR200C,0,-1.0911609,0.09101919084787369,0.9769999980926514,0.9757000207901001
YDR299W,YER049W,0,-1.092186,0.09101071208715439,0.9769999980926514,0.9757999777793884
YDR299W,YGR123C,0,-1.0922095,0.09100223332643509,0.9769999980926514,0.9758999943733215
YDL079C,YKR067W,0,-1.0925002,0.09099376201629639,0.9769999980926514,0.9760000109672546
YLL043W,YDR073W,0,-1.0933154,0.09098528325557709,0.9769999980926514,0.9761000275611877
YPL130W,YBR297W,0,-1.0942987,0.09097681194543839,0.9769999980926514,0.9761999845504761
YAL056W,YPL147W,0,-1.0945772,0.09096834063529968,0.9769999980926514,0.9763000011444092
YMR188C,YCR009C,0,-1.0945953,0.09095987677574158,0.9769999980926514,0.9764000177383423
YJL053W,YDR092W,0,-1.0986946,0.09095140546560287,0.9769999980926514,0.9764999747276306
YCR033W,YGR072W,0,-1.0992659,0.09094294160604477,0.9769999980926514,0.9765999913215637
YDL031W,YKR067W,0,-1.0993497,0.09093447774648666,0.9769999980926514,0.9767000079154968
YDL194W,YKL064W,0,-1.1004214,0.09092601388692856,0.9769999980926514,0.9768000245094299
YML128C,YDR122W,0,-1.1021037,0.09091755002737045,0.9769999980926514,0.9768999814987183
YBR216C,YDR151C,0,-1.1031886,0.09090909361839294,0.9769999980926514,0.9769999980926514
YOR272W,YDR087C,0,-1.1037649,0.09090062975883484,0.9769999980926514,0.9771000146865845
YDR163W,YBR170C,0,-1.1074789,0.09089217334985733,0.9769999980926514,0.9771999716758728
YIL110W,YIL079C,0,-1.109325,0.09088372439146042,0.9769999980926514,0.9772999882698059
YJL013C,YAL001C,0,-1.1118858,0.09087526798248291,0.9769999980926514,0.977400004863739
YMR091C,YNL059C,1,-1.1118861,0.0909598246216774,0.9779999852180481,0.977400004863739
YDR086C,YBR171W,1,-1.112,0.0910443589091301,0.9789999723434448,0.977400004863739
YGR225W,YIL101C,0,-1.1164335,0.09103589504957199,0.9789999723434448,0.9775000214576721
YOR328W,YBR179C,0,-1.1184703,0.09102743119001389,0.9789999723434448,0.9775999784469604
YKL189W,YDR069C,0,-1.1189597,0.09101896733045578,0.9789999723434448,0.9776999950408936
YGL099W,YKL143W,1,-1.1218152,0.0911034643650055,0.9800000190734863,0.9776999950408936
YOL135C,YHR118C,0,-1.1231652,0.09109500050544739,0.9800000190734863,0.9778000116348267
YNL047C,YJL053W,0,-1.1236895,0.09108652919530869,0.9800000190734863,0.9779000282287598
YDR165W,YDL150W,0,-1.1241167,0.09107806533575058,0.9800000190734863,0.9779999852180481
YHR075C,YCR005C,0,-1.1245861,0.09106960147619247,0.9800000190734863,0.9781000018119812
YIL153W,YBR161W,0,-1.1247988,0.09106113761663437,0.9800000190734863,0.9782000184059143
YOR057W,YML081C-A,0,-1.1249753,0.09105268120765686,0.9800000190734863,0.9782999753952026
YBL018C,YCR033W,0,-1.1278446,0.09104422479867935,0.9800000190734863,0.9783999919891357
YER119C,YGL166W,0,-1.1280694,0.09103576093912125,0.9800000190734863,0.9785000085830688
YKL194C,YPL097W,0,-1.1285412,0.09102730453014374,0.9800000190734863,0.978600025177002
YKL189W,YDR311W,0,-1.1304256,0.09101885557174683,0.9800000190734863,0.9786999821662903
YDR324C,YEL026W,0,-1.1307201,0.09101039916276932,0.9800000190734863,0.9787999987602234
YFR041C,YOL068C,0,-1.1312025,0.0910019502043724,0.9800000190734863,0.9789000153541565
YDR153C,YJL104W,1,-1.1333979,0.09108635038137436,0.9810000061988831,0.9789000153541565
YGL219C,YDR179C,0,-1.1338403,0.09107789397239685,0.9810000061988831,0.9789999723434448
YML057W,YIL033C,0,-1.1340514,0.09106943756341934,0.9810000061988831,0.9790999889373779
YJL168C,YHR085W,0,-1.1354624,0.09106098860502243,0.9810000061988831,0.979200005531311
YML098W,YGL048C,0,-1.1363585,0.09105253219604492,0.9810000061988831,0.9793000221252441
YKL144C,YIR012W,0,-1.1374952,0.09104408323764801,0.9810000061988831,0.9793999791145325
YGR029W,YDR244W,1,-1.1377413,0.09112843126058578,0.9819999933242798,0.9793999791145325
YMR288W,YMR077C,0,-1.1380012,0.09111997485160828,0.9819999933242798,0.9794999957084656
YGL144C,YGR245C,0,-1.1383563,0.09111152589321136,0.9819999933242798,0.9796000123023987
YKL064W,YBR273C,0,-1.1406512,0.09110306948423386,0.9819999933242798,0.9797000288963318
YPL138C,YDR182W,0,-1.1407014,0.09109462052583694,0.9819999933242798,0.9797999858856201
YBR256C,YOL068C,0,-1.1410571,0.09108617156744003,0.9819999933242798,0.9799000024795532
YFL050C,YMR056C,0,-1.1431997,0.09107772260904312,0.9819999933242798,0.9800000190734863
YGR145W,YML099C,0,-1.1437014,0.09106927365064621,0.9819999933242798,0.9800999760627747
YGR002C,YHL024W,0,-1.1442121,0.0910608321428299,0.9819999933242798,0.9801999926567078
YGR145W,YDL058W,0,-1.1445053,0.09105239063501358,0.9819999933242798,0.9803000092506409
YKL195W,YNR007C,1,-1.1453782,0.09113665670156479,0.9829999804496765,0.9803000092506409
YER068W,YOR328W,0,-1.1459484,0.09112820774316788,0.9829999804496765,0.980400025844574
YBR199W,YDR182W,0,-1.1499469,0.09111976623535156,0.9829999804496765,0.9804999828338623
YGR029W,YMR091C,1,-1.1511918,0.09120400249958038,0.984000027179718,0.9804999828338623
YFL002C,YLR221C,0,-1.1538082,0.09119555354118347,0.984000027179718,0.9805999994277954
YJL069C,YLR009W,0,-1.1544023,0.09118709713220596,0.984000027179718,0.9807000160217285
YPR110C,YDR172W,0,-1.1563201,0.09117864817380905,0.984000027179718,0.9807999730110168
YGR227W,YNL039W,0,-1.1564987,0.09117019921541214,0.984000027179718,0.98089998960495
YKR089C,YOR267C,0,-1.1565096,0.09116175770759583,0.984000027179718,0.9810000061988831
YMR091C,YPL243W,1,-1.1570971,0.09124594926834106,0.9850000143051147,0.9810000061988831
YGR227W,YPR009W,0,-1.1573188,0.09123749285936356,0.9850000143051147,0.9811000227928162
YBR298C,YAL001C,0,-1.1579773,0.09122904390096664,0.9850000143051147,0.9811999797821045
YFR004W,YDR179C,0,-1.1596675,0.09122059494256973,0.9850000143051147,0.9812999963760376
YDL020C,YNL054W,0,-1.1629508,0.09121214598417282,0.9850000143051147,0.9814000129699707
YLR238W,YDR122W,0,-1.1630865,0.0912037044763565,0.9850000143051147,0.9815000295639038
YDL120W,YKL173W,0,-1.164473,0.09119526296854019,0.9850000143051147,0.9815999865531921
YER025W,YEL026W,0,-1.1682005,0.09118681401014328,0.9850000143051147,0.9817000031471252
YPL160W,YBR084W,0,-1.1712525,0.09117837995290756,0.9850000143051147,0.9818000197410583
YHL020C,YGL150C,0,-1.1731788,0.09116993844509125,0.9850000143051147,0.9818999767303467
YJL069C,YPR010C,0,-1.1765178,0.09116149693727493,0.9850000143051147,0.9819999933242798
YGR119C,YPL243W,1,-1.176669,0.0912456065416336,0.9860000014305115,0.9819999933242798
YBR199W,YDL020C,0,-1.1788651,0.0912371575832367,0.9860000014305115,0.9821000099182129
YHR085W,YPL126W,0,-1.1791327,0.09122871607542038,0.9860000014305115,0.982200026512146
YER049W,YMR309C,0,-1.1814722,0.09122028201818466,0.9860000014305115,0.9822999835014343
YGL136C,YFL025C,0,-1.1820717,0.09121184051036835,0.9860000014305115,0.9824000000953674
YKL170W,YGR002C,0,-1.1844051,0.09120340645313263,0.9860000014305115,0.9825000166893005
YKR024C,YPL011C,0,-1.1851388,0.09119496494531631,0.9860000014305115,0.9825999736785889
YEL026W,YER126C,0,-1.1882132,0.0911865383386612,0.9860000014305115,0.982699990272522
YCR033W,YDR479C,0,-1.1925042,0.09117810428142548,0.9860000014305115,0.9828000068664551
YDR091C,YHR197W,1,-1.1933799,0.09126213937997818,0.9869999885559082,0.9828000068664551
YJR090C,YPL138C,0,-1.1969683,0.09125369787216187,0.9869999885559082,0.9829000234603882
YLR329W,YLL031C,0,-1.1987275,0.09124526381492615,0.9869999885559082,0.9829999804496765
YDR072C,YML081C-A,0,-1.1994786,0.09123682975769043,0.9869999885559082,0.9830999970436096
YDR292C,YPL210C,1,-1.2003579,0.09132082760334015,0.9879999756813049,0.9830999970436096
YDR045C,YHR066W,0,-1.200683,0.09131238609552383,0.9879999756813049,0.9832000136375427
YLR221C,YLR068W,0,-1.2009001,0.09130394458770752,0.9879999756813049,0.983299970626831
YML024W,YDR308C,0,-1.2032057,0.0912955105304718,0.9879999756813049,0.9833999872207642
YKL064W,YLL041C,0,-1.2037411,0.09128707647323608,0.9879999756813049,0.9835000038146973
YDR244W,YBR217W,1,-1.2042239,0.09137102961540222,0.9890000224113464,0.9835000038146973
YDR011W,YGL180W,0,-1.2086911,0.09136258810758591,0.9890000224113464,0.9836000204086304
YFR041C,YPR067W,0,-1.2111001,0.09135414659976959,0.9890000224113464,0.9836999773979187
YBL018C,YGR145W,0,-1.2113982,0.09134571254253387,0.9890000224113464,0.9837999939918518
YML093W,YHR061C,0,-1.2132535,0.09133727103471756,0.9890000224113464,0.9839000105857849
YHR152W,YGR276C,0,-1.2137702,0.09132883697748184,0.9890000224113464,0.984000027179718
YDR172W,YNL248C,0,-1.2142423,0.09132040292024612,0.9890000224113464,0.9840999841690063
YBR179C,YDL013W,0,-1.2168922,0.091311976313591,0.9890000224113464,0.9842000007629395
YGR161C,YCR061W,0,-1.2187848,0.09130354225635529,0.9890000224113464,0.9843000173568726
YBR142W,YJL033W,0,-1.2195127,0.09129511564970016,0.9890000224113464,0.9843999743461609
YDR247W,YNL039W,0,-1.2222558,0.09128668904304504,0.9890000224113464,0.984499990940094
YPR067W,YPL138C,0,-1.2226806,0.09127826243638992,0.9890000224113464,0.9846000075340271
YDR324C,YLR068W,0,-1.224107,0.0912698432803154,0.9890000224113464,0.9847000241279602
YKR089C,YLL031C,0,-1.2263339,0.09126141667366028,0.9890000224113464,0.9847999811172485
YDL045C,YNL129W,0,-1.2265321,0.09125299751758575,0.9890000224113464,0.9848999977111816
YKL175W,YLR069C,0,-1.2273669,0.09124457836151123,0.9890000224113464,0.9850000143051147
YBR216C,YGR147C,0,-1.2280425,0.0912361592054367,0.9890000224113464,0.9850999712944031
YDR295C,YDR075W,0,-1.228196,0.09122774749994278,0.9890000224113464,0.9851999878883362
YJL010C,YDR165W,0,-1.2297887,0.09121933579444885,0.9890000224113464,0.9853000044822693
YGR227W,YDR182W,0,-1.2310859,0.09121091663837433,0.9890000224113464,0.9854000210762024
YDR436W,YDL120W,0,-1.2346559,0.0912025049328804,0.9890000224113464,0.9854999780654907
YPR065W,YGL166W,0,-1.2366402,0.09119410067796707,0.9890000224113464,0.9855999946594238
YPL160W,YJL069C,0,-1.2371924,0.09118568897247314,0.9890000224113464,0.9857000112533569
YIL153W,YML062C,0,-1.2417815,0.09117728471755981,0.9890000224113464,0.98580002784729
YLR135W,YFR029W,0,-1.2442377,0.09116888046264648,0.9890000224113464,0.9858999848365784
YDL028C,YJL006C,0,-1.2445745,0.09116047620773315,0.9890000224113464,0.9860000014305115
YDL045C,YDR484W,0,-1.2446138,0.09115207195281982,0.9890000224113464,0.9861000180244446
YNL197C,YLR329W,0,-1.2453008,0.09114367514848709,0.9890000224113464,0.9861999750137329
YML055W,YDR086C,1,-1.2456172,0.09122742712497711,0.9900000095367432,0.9861999750137329
YIL153W,YPL240C,0,-1.2460706,0.09121901541948318,0.9900000095367432,0.986299991607666
YDR283C,YLR069C,0,-1.2464703,0.09121061116456985,0.9900000095367432,0.9864000082015991
YGR285C,YDR341C,0,-1.2469172,0.09120221436023712,0.9900000095367432,0.9865000247955322
YOL135C,YMR044W,0,-1.250582,0.09119381010532379,0.9900000095367432,0.9865999817848206
YLR068W,YHR085W,0,-1.2511867,0.09118541330099106,0.9900000095367432,0.9866999983787537
YBR182C,YLR023C,0,-1.2526797,0.09117700904607773,0.9900000095367432,0.9868000149726868
YDR247W,YKL064W,0,-1.2536483,0.091168612241745,0.9900000095367432,0.9868999719619751
YPL126W,YEL026W,0,-1.2537527,0.09116022288799286,0.9900000095367432,0.9869999885559082
YGR225W,YJR090C,0,-1.2557275,0.09115182608366013,0.9900000095367432,0.9871000051498413
YGL144C,YOL135C,0,-1.2561321,0.09114343672990799,0.9900000095367432,0.9872000217437744
YIL153W,YBR132C,0,-1.2562015,0.09113504737615585,0.9900000095367432,0.9872999787330627
YDR163W,YKR007W,0,-1.2577003,0.09112665802240372,0.9900000095367432,0.9873999953269958
YBR298C,YMR030W,0,-1.2577882,0.09111826866865158,0.9900000095367432,0.987500011920929
YBR199W,YDL045C,0,-1.2606027,0.09110988676548004,0.9900000095367432,0.9876000285148621
YOL054W,YPL159C,0,-1.2611125,0.0911014974117279,0.9900000095367432,0.9876999855041504
YDR303C,YNR019W,0,-1.2709382,0.09109311550855637,0.9900000095367432,0.9878000020980835
YIL017C,YDR163W,0,-1.2721443,0.09108473360538483,0.9900000095367432,0.9879000186920166
YPR110C,YLR221C,0,-1.2728826,0.09107635915279388,0.9900000095367432,0.9879999756813049
YBR274W,YKR007W,0,-1.2782574,0.09106797724962234,0.9900000095367432,0.988099992275238
YBR217W,YNR007C,1,-1.2783442,0.09115158021450043,0.9909999966621399,0.988099992275238
YGR029W,YKL195W,1,-1.2807829,0.09123516827821732,0.9919999837875366,0.988099992275238
YNL039W,YMR044W,0,-1.2818863,0.09122677892446518,0.9919999837875366,0.9882000088691711
YKL195W,YOL082W,1,-1.2897439,0.09131034463644028,0.9929999709129333,0.9882000088691711
YAL056W,YKL170W,0,-1.2914774,0.09130194783210754,0.9929999709129333,0.9883000254631042
YPL196W,YBR170C,0,-1.2915517,0.09129355847835541,0.9929999709129333,0.9883999824523926
YBR102C,YLR170C,0,-1.291805,0.09128516167402267,0.9929999709129333,0.9884999990463257
YOR304W,YDR069C,0,-1.2920395,0.09127677232027054,0.9929999709129333,0.9886000156402588
YLR135W,YLL031C,0,-1.2943563,0.0912683829665184,0.9929999709129333,0.9886999726295471
YIL122W,YPL147W,0,-1.2982538,0.09125999361276627,0.9929999709129333,0.9887999892234802
YDR299W,YGL120C,0,-1.2985327,0.09125161170959473,0.9929999709129333,0.9889000058174133
YJR090C,YDR151C,0,-1.298598,0.09124322235584259,0.9929999709129333,0.9890000224113464
YMR235C,YHR197W,1,-1.2995472,0.09132672101259232,0.9940000176429749,0.9890000224113464
YPR010C,YOR207C,0,-1.299576,0.09131833165884018,0.9940000176429749,0.9890999794006348
YDL081C,YLR340W,0,-1.2996378,0.09130994230508804,0.9940000176429749,0.9891999959945679
YLL026W,YKL016C,0,-1.300086,0.09130155295133591,0.9940000176429749,0.989300012588501
YMR197C,YFL013C,0,-1.3042214,0.09129316359758377,0.9940000176429749,0.9894000291824341
YMR077C,YJL006C,0,-1.3053247,0.09128478169441223,0.9940000176429749,0.9894999861717224
YMR188C,YOL068C,0,-1.3073057,0.09127639979124069,0.9940000176429749,0.9896000027656555
YOR113W,YMR036C,0,-1.308962,0.09126801788806915,0.9940000176429749,0.9897000193595886
YDR303C,YOR113W,0,-1.3090028,0.09125964343547821,0.9940000176429749,0.989799976348877
YGL180W,YMR044W,0,-1.3143293,0.09125126153230667,0.9940000176429749,0.9898999929428101
YIL153W,YMR097C,0,-1.3145748,0.09124288707971573,0.9940000176429749,0.9900000095367432
YGR147C,YML099C,0,-1.3160712,0.09123451262712479,0.9940000176429749,0.9901000261306763
YDR153C,YKL195W,1,-1.3174796,0.09131791442632675,0.9950000047683716,0.9901000261306763
YPL262W,YML011C,0,-1.3216588,0.09130953252315521,0.9950000047683716,0.9901999831199646
YDL028C,YDR122W,0,-1.3259827,0.09130115807056427,0.9950000047683716,0.9902999997138977
YNL039W,YDR075W,0,-1.3308619,0.09129277616739273,0.9950000047683716,0.9904000163078308
YNL248C,YER126C,0,-1.3351878,0.09128440171480179,0.9950000047683716,0.9904999732971191
YGL111W,YOR272W,0,-1.3355452,0.09127602726221085,0.9950000047683716,0.9905999898910522
YBR216C,YNL039W,0,-1.3363614,0.0912676602602005,0.9950000047683716,0.9907000064849854
YKR024C,YHR088W,0,-1.3373506,0.09125928580760956,0.9950000047683716,0.9908000230789185
YKR056W,YDR398W,0,-1.3547808,0.09125091880559921,0.9950000047683716,0.9908999800682068
YFL013C,YGR072W,0,-1.3550572,0.09124255180358887,0.9950000047683716,0.9909999966621399
YKL189W,YLR144C,0,-1.3577008,0.09123418480157852,0.9950000047683716,0.991100013256073
YLR397C,YDR324C,0,-1.3578405,0.09122581779956818,0.9950000047683716,0.9911999702453613
YOL011W,YGL136C,0,-1.3621216,0.09121745824813843,0.9950000047683716,0.9912999868392944
YKR067W,YHR150W,0,-1.3627639,0.09120909124612808,0.9950000047683716,0.9914000034332275
YPL126W,YER127W,0,-1.3629395,0.09120073169469833,0.9950000047683716,0.9915000200271606
YMR188C,YKL064W,0,-1.3630029,0.09119237214326859,0.9950000047683716,0.991599977016449
YHL024W,YBR273C,0,-1.3651469,0.09118402004241943,0.9950000047683716,0.9916999936103821
YOL124C,YGR245C,0,-1.3675435,0.09117566049098969,0.9950000047683716,0.9918000102043152
YDL045C,YHR038W,0,-1.3682771,0.09116730839014053,0.9950000047683716,0.9919000267982483
YNR019W,YGL136C,0,-1.3697441,0.09115895628929138,0.9950000047683716,0.9919999837875366
YDR513W,YKL148C,0,-1.3749038,0.09115060418844223,0.9950000047683716,0.9921000003814697
YKR063C,YOL054W,0,-1.3755543,0.09114225208759308,0.9950000047683716,0.9922000169754028
YNL047C,YDR303C,0,-1.3758426,0.09113390743732452,0.9950000047683716,0.9922999739646912
YMR097C,YKR022C,0,-1.3846606,0.09112556278705597,0.9950000047683716,0.9923999905586243
YNL197C,YGR002C,0,-1.394831,0.09111721813678741,0.9950000047683716,0.9925000071525574
YGR002C,YGR161C,0,-1.3985999,0.09110887348651886,0.9950000047683716,0.9926000237464905
YKL195W,YBL078C,1,-1.4052802,0.0911920890212059,0.9959999918937683,0.9926000237464905
YIL153W,YIL017C,0,-1.411663,0.09118374437093735,0.9959999918937683,0.9926999807357788
YIL101C,YOR328W,0,-1.4153907,0.0911753922700882,0.9959999918937683,0.9927999973297119
YGR161C,YMR030W,0,-1.4175547,0.09116704761981964,0.9959999918937683,0.992900013923645
YOR058C,YPL159C,0,-1.4215523,0.09115870296955109,0.9959999918937683,0.9929999709129333
YDR255C,YNR019W,0,-1.4232526,0.09115035831928253,0.9959999918937683,0.9930999875068665
YML093W,YGL252C,0,-1.4249187,0.09114202111959457,0.9959999918937683,0.9932000041007996
YML093W,YBR244W,0,-1.4329892,0.09113368391990662,0.9959999918937683,0.9933000206947327
YMR091C,YBR217W,1,-1.4359658,0.09121683239936829,0.996999979019165,0.9933000206947327
YBR185C,YEL053C,0,-1.4372358,0.09120848774909973,0.996999979019165,0.993399977684021
YDL079C,YOL054W,0,-1.4396825,0.09120014309883118,0.996999979019165,0.9934999942779541
YOR304W,YGL181W,0,-1.4419866,0.09119180589914322,0.996999979019165,0.9936000108718872
YDR513W,YDR140W,0,-1.4486077,0.09118346124887466,0.996999979019165,0.9937000274658203
YDR163W,YDL013W,0,-1.4534734,0.0911751240491867,0.996999979019165,0.9937999844551086
YDR283C,YNL294C,0,-1.4647899,0.09116678684949875,0.996999979019165,0.9939000010490417
YDR255C,YDR092W,0,-1.4712739,0.09115844964981079,0.996999979019165,0.9940000176429749
YDR247W,YNL054W,0,-1.4715927,0.09115011990070343,0.996999979019165,0.9940999746322632
YDL002C,YMR044W,0,-1.4738638,0.09114178270101547,0.996999979019165,0.9941999912261963
YGR002C,YLR107W,0,-1.4780452,0.09113345295190811,0.996999979019165,0.9943000078201294
YKR067W,YKL064W,0,-1.4788022,0.09112512320280075,0.996999979019165,0.9944000244140625
YBR102C,YDL058W,0,-1.4875898,0.09111680090427399,0.996999979019165,0.9944999814033508
YPL123C,YCR061W,0,-1.4893816,0.09110847115516663,0.996999979019165,0.9945999979972839
YOR058C,YOR257W,0,-1.4947582,0.09110014885663986,0.996999979019165,0.994700014591217
YDR277C,YBR298C,0,-1.5001899,0.0910918191075325,0.996999979019165,0.9947999715805054
YPL138C,YDR179C,0,-1.5026464,0.09108350425958633,0.996999979019165,0.9948999881744385
YMR097C,YGL181W,0,-1.5034937,0.09107518196105957,0.996999979019165,0.9950000047683716
YMR039C,YKR063C,0,-1.5038118,0.0910668596625328,0.996999979019165,0.9951000213623047
YGR029W,YJL104W,1,-1.5051024,0.09114987403154373,0.9980000257492065,0.9951000213623047
YKL175W,YDR072C,0,-1.5136914,0.09114155173301697,0.9980000257492065,0.995199978351593
YDR288W,YOL068C,0,-1.517523,0.0911332294344902,0.9980000257492065,0.9952999949455261
YDL031W,YMR288W,0,-1.5183419,0.09112490713596344,0.9980000257492065,0.9954000115394592
YPR110C,YER126C,0,-1.5187672,0.09111659228801727,0.9980000257492065,0.9955000281333923
YGR238C,YGR161C,0,-1.5193946,0.09110826998949051,0.9980000257492065,0.9955999851226807
YGR238C,YMR044W,0,-1.5202028,0.09109995514154434,0.9980000257492065,0.9957000017166138
YIL017C,YDR295C,0,-1.5202613,0.09109164029359818,0.9980000257492065,0.9958000183105469
YJL033W,YNL248C,0,-1.5243783,0.09108332544565201,0.9980000257492065,0.9958999752998352
YDR311W,YDR075W,0,-1.5245178,0.09107501059770584,0.9980000257492065,0.9959999918937683
YDL013W,YER116C,0,-1.5270835,0.09106670320034027,0.9980000257492065,0.9961000084877014
YPR020W,YDR148C,0,-1.5301828,0.0910583958029747,0.9980000257492065,0.9962000250816345
YIL017C,YOR346W,0,-1.5365931,0.09105008840560913,0.9980000257492065,0.9962999820709229
YDR513W,YBR185C,0,-1.5377206,0.09104178100824356,0.9980000257492065,0.996399998664856
YFL050C,YIL031W,0,-1.5406721,0.09103347361087799,0.9980000257492065,0.9965000152587891
YDR255C,YGL227W,0,-1.5442367,0.09102517366409302,0.9980000257492065,0.9965999722480774
YOL011W,YDR069C,0,-1.5478303,0.09101687371730804,0.9980000257492065,0.9966999888420105
YOR057W,YMR044W,0,-1.5519042,0.09100857377052307,0.9980000257492065,0.9968000054359436
YOL011W,YKR022C,0,-1.553309,0.0910002738237381,0.9980000257492065,0.9969000220298767
YLR423C,YGR002C,0,-1.5678501,0.09099197387695312,0.9980000257492065,0.996999979019165
YDL031W,YMR128W,0,-1.5687941,0.09098368138074875,0.9980000257492065,0.9970999956130981
YGL099W,YHR197W,1,-1.5730855,0.09106654673814774,0.9990000128746033,0.9970999956130981
YDR244W,YNR007C,1,-1.5793936,0.09114939719438553,1.0,0.9970999956130981
YGR225W,YMR188C,0,-1.5877137,0.09114108979701996,1.0,0.9972000122070312
YHL024W,YPL138C,0,-1.5982511,0.09113278239965439,1.0,0.9973000288009644
YOL146W,YGR227W,0,-1.602776,0.09112447500228882,1.0,0.9973999857902527
YGL252C,YDR479C,0,-1.6122414,0.09111617505550385,1.0,0.9975000023841858
YBR274W,YBR179C,0,-1.6136867,0.09110787510871887,1.0,0.9976000189781189
YIL031W,YKL064W,0,-1.6179557,0.0910995751619339,1.0,0.9976999759674072
YOR057W,YMR030W,0,-1.6182384,0.09109127521514893,1.0,0.9977999925613403
YDR436W,YDR295C,0,-1.6329575,0.09108297526836395,1.0,0.9979000091552734
YOL068C,YMR044W,0,-1.638916,0.09107468277215958,1.0,0.9980000257492065
YGR002C,YKR089C,0,-1.6413856,0.0910663902759552,1.0,0.9980999827384949
YGL120C,YDR398W,0,-1.6479821,0.09105809777975082,1.0,0.998199999332428
YJR090C,YNL054W,0,-1.6750207,0.09104980528354645,1.0,0.9983000159263611
YGL006W,YDR122W,0,-1.6754669,0.09104151278734207,1.0,0.9983999729156494
YCR005C,YER119C,0,-1.6800807,0.09103322774171829,1.0,0.9984999895095825
YOR007C,YPL106C,0,-1.6888354,0.09102494269609451,1.0,0.9986000061035156
YBR274W,YDR436W,0,-1.6911995,0.09101665765047073,1.0,0.9987000226974487
YNL197C,YOL011W,0,-1.6965215,0.09100837260484695,1.0,0.9987999796867371
YML093W,YHR066W,0,-1.7001159,0.09100008755922318,1.0,0.9988999962806702
YAL002W,YDR303C,0,-1.7369981,0.09099180996417999,1.0,0.9990000128746033
YOR328W,YMR036C,0,-1.7747266,0.09098353236913681,1.0,0.9991000294685364
YML011C,YDR140W,0,-1.8136199,0.09097525477409363,1.0,0.9991999864578247
YML093W,YPR010C,0,-1.8238151,0.09096697717905045,1.0,0.9993000030517578
YDR299W,YKR024C,0,-1.8853407,0.09095870703458786,1.0,0.9994000196456909
YDR303C,YGL252C,0,-1.9172164,0.09095042943954468,1.0,0.9994999766349792
YCR033W,YER119C,0,-1.9400914,0.09094215929508209,1.0,0.9995999932289124
YKR063C,YKR022C,0,-1.999244,0.0909338891506195,1.0,0.9997000098228455
YKR067W,YOL126C,0,-2.0052745,0.09092562645673752,1.0,0.9998000264167786
YGL136C,YDR140W,0,-2.0373037,0.09091735631227493,1.0,0.9998999834060669
YKL064W,YBR298C,0,-2.1953032,0.09090909361839294,1.0,1.0
