Gene A,Gene B,Label,Score,Precision,Recall,False Positive Rate
YOR173W,YKL138C,0,11.49569,0.0,0.0,0.00010080645006382838
YGL068W,YBR269C,0,10.87453,0.0,0.0,0.00020161290012765676
YKL150W,YBR230C,1,10.716347,0.3333333432674408,0.0009259259095415473,0.00020161290012765676
YMR110C,YNR037C,0,10.453577,0.25,0.0009259259095415473,0.00030241935746744275
YGR028W,YBR185C,1,10.234803,0.4000000059604645,0.0018518518190830946,0.00030241935746744275
YKL094W,YGL187C,1,10.018005,0.5,0.0027777778450399637,0.00030241935746744275
YDR031W,YBL030C,1,9.731155,0.5714285969734192,0.003703703638166189,0.00030241935746744275
YML054C,YHR198C,0,9.142773,0.5,0.003703703638166189,0.0004032258002553135
YJR080C,YNL036W,1,9.092155,0.5555555820465088,0.004629629664123058,0.0004032258002553135
YDR044W,YML120C,1,9.070078,0.6000000238418579,0.0055555556900799274,0.0004032258002553135
YKL195W,YNL052W,1,8.987185,0.6363636255264282,0.006481481250375509,0.0004032258002553135
YOR045W,YPR155C,1,8.923113,0.6666666865348816,0.007407407276332378,0.0004032258002553135
YDL067C,YOR125C,1,8.902899,0.692307710647583,0.008333333767950535,0.0004032258002553135
YDL174C,YGL187C,1,8.89686,0.7142857313156128,0.009259259328246117,0.0004032258002553135
YGR236C,YJL180C,1,8.720217,0.7333333492279053,0.010185184888541698,0.0004032258002553135
YGR028W,YBR262C,1,8.69136,0.75,0.011111111380159855,0.0004032258002553135
YGL080W,YKL141W,1,8.680998,0.7647058963775635,0.012037036940455437,0.0004032258002553135
YGR112W,YDR178W,1,8.679008,0.7777777910232544,0.012962962500751019,0.0004032258002553135
YOR173W,YMR098C,0,8.670822,0.7368420958518982,0.012962962500751019,0.0005040322430431843
YPR020W,YGR112W,1,8.642489,0.75,0.013888888992369175,0.0005040322430431843
YLR038C,YDL174C,1,8.597188,0.761904776096344,0.014814814552664757,0.0005040322430431843
YDR031W,YMR157C,1,8.527922,0.7727272510528564,0.015740741044282913,0.0005040322430431843
YEL024W,YMR145C,1,8.4899845,0.782608687877655,0.01666666753590107,0.0005040322430431843
YPL271W,YKL087C,1,8.383112,0.7916666865348816,0.017592592164874077,0.0005040322430431843
YGR132C,YDR377W,1,8.383,0.800000011920929,0.018518518656492233,0.0005040322430431843
YMR152W,YGR112W,0,8.359451,0.7692307829856873,0.018518518656492233,0.0006048387149348855
YKL146W,YHR059W,0,8.345619,0.7407407164573669,0.018518518656492233,0.0007056451868265867
YDL067C,YBR003W,1,8.344907,0.75,0.01944444514811039,0.0007056451868265867
YDL149W,YIL157C,1,8.314203,0.7586206793785095,0.020370369777083397,0.0007056451868265867
YIR038C,YOR065W,1,8.284254,0.7666666507720947,0.021296296268701553,0.0007056451868265867
YIL160C,YMR157C,1,8.270321,0.774193525314331,0.02222222276031971,0.0007056451868265867
YKL087C,YCR079W,1,8.265096,0.78125,0.023148147389292717,0.0007056451868265867
YKL195W,YML042W,1,8.258558,0.7878788113594055,0.024074073880910873,0.0007056451868265867
YHR116W,YLR395C,1,8.255651,0.7941176295280457,0.02500000037252903,0.0007056451868265867
YLL041C,YJL080C,0,8.205233,0.7714285850524902,0.02500000037252903,0.000806451600510627
YEL052W,YBR230C,1,8.204764,0.7777777910232544,0.025925925001502037,0.000806451600510627
YDR079W,YHR190W,1,8.196055,0.7837837934494019,0.026851851493120193,0.000806451600510627
YGR243W,YPL271W,1,8.1894245,0.7894737124443054,0.02777777798473835,0.000806451600510627
YLR203C,YDR204W,1,8.186898,0.7948718070983887,0.028703704476356506,0.000806451600510627
YBR147W,YBR185C,1,8.179359,0.800000011920929,0.029629629105329514,0.000806451600510627
YMR205C,YDL004W,1,8.124484,0.8048780560493469,0.03055555559694767,0.000806451600510627
YPL098C,YEL060C,0,8.1119995,0.7857142686843872,0.03055555559694767,0.0009072580724023283
YDR377W,YPR113W,1,8.089192,0.7906976938247681,0.031481482088565826,0.0009072580724023283
YMR098C,YOL052C-A,0,8.085848,0.7727272510528564,0.031481482088565826,0.0010080644860863686
YMR145C,YJR048W,1,8.04844,0.7777777910232544,0.032407406717538834,0.0010080644860863686
YKL067W,YKR065C,1,7.937629,0.782608687877655,0.03333333507180214,0.0010080644860863686
YNR041C,YDR529C,1,7.933891,0.7872340679168701,0.034259259700775146,0.0010080644860863686
YDR044W,YDL174C,1,7.9237924,0.7916666865348816,0.035185184329748154,0.0010080644860863686
YBR185C,YHR042W,1,7.8986244,0.795918345451355,0.03611111268401146,0.0010080644860863686
YBR104W,YJL166W,1,7.8918905,0.800000011920929,0.03703703731298447,0.0010080644860863686
YPL186C,YPL215W,1,7.8636923,0.8039215803146362,0.037962961941957474,0.0010080644860863686
YMR110C,YIL065C,1,7.8315015,0.807692289352417,0.03888889029622078,0.0010080644860863686
YBL099W,YKL053C-A,1,7.801724,0.8113207817077637,0.03981481492519379,0.0010080644860863686
YNL185C,YMR197C,0,7.7985826,0.7962962985038757,0.03981481492519379,0.0011088709579780698
YDR529C,YPL134C,1,7.7842164,0.800000011920929,0.040740739554166794,0.0011088709579780698
YPR151C,YBR085W,1,7.7570796,0.8035714030265808,0.0416666679084301,0.0011088709579780698
YML081C-A,YKL067W,1,7.690831,0.8070175647735596,0.04259259253740311,0.0011088709579780698
YOR065W,YJL161W,1,7.68788,0.8103448152542114,0.043518517166376114,0.0011088709579780698
YDR393W,YDR178W,1,7.6866245,0.8135592937469482,0.04444444552063942,0.0011088709579780698
YDR122W,YHR198C,0,7.6805935,0.800000011920929,0.04444444552063942,0.001209677429869771
YPR113W,YBR039W,1,7.6773205,0.8032786846160889,0.04537037014961243,0.001209677429869771
YHR116W,YDR377W,1,7.6570816,0.8064516186714172,0.046296294778585434,0.001209677429869771
YJL166W,YHR042W,1,7.62892,0.8095238208770752,0.04722222313284874,0.001209677429869771
YKL016C,YBR003W,1,7.6115527,0.8125,0.04814814776182175,0.001209677429869771
YMR194W,YAL001C,0,7.5873113,0.800000011920929,0.04814814776182175,0.0013104839017614722
YNL185C,YIL107C,0,7.586682,0.7878788113594055,0.04814814776182175,0.0014112903736531734
YJR077C,YDR178W,1,7.567659,0.7910447716712952,0.049074072390794754,0.0014112903736531734
YGL191W,YDR353W,1,7.5666203,0.7941176295280457,0.05000000074505806,0.0014112903736531734
YLR038C,YLR043C,1,7.546917,0.7971014380455017,0.05092592537403107,0.0014112903736531734
YFR049W,YML048W,0,7.529012,0.7857142686843872,0.05092592537403107,0.0015120967291295528
YHR194W,YML129C,1,7.4495807,0.7887324094772339,0.051851850003004074,0.0015120967291295528
YMR267W,YMR098C,0,7.4493213,0.7777777910232544,0.051851850003004074,0.001612903201021254
YPR191W,YMR097C,1,7.4152446,0.7808219194412231,0.05277777835726738,0.001612903201021254
YPL132W,YHR051W,1,7.382508,0.7837837934494019,0.05370370298624039,0.001612903201021254
YOR125C,YHR051W,1,7.379029,0.7866666913032532,0.05462963134050369,0.001612903201021254
YLL009C,YHR190W,1,7.3747706,0.7894737124443054,0.0555555559694767,0.001612903201021254
YKL150W,YGR101W,1,7.3699975,0.7922077775001526,0.05648148059844971,0.001612903201021254
YLR038C,YLR100W,1,7.357295,0.7948718070983887,0.05740740895271301,0.001612903201021254
YOR045W,YAR035W,1,7.2945905,0.797468364238739,0.05833333358168602,0.001612903201021254
YPL186C,YJR077C,1,7.2905283,0.800000011920929,0.05925925821065903,0.001612903201021254
YOR065W,YJR048W,1,7.2702937,0.8024691343307495,0.06018518656492233,0.001612903201021254
YLR251W,YML129C,1,7.263235,0.8048780560493469,0.06111111119389534,0.001612903201021254
YER067W,YOR246C,0,7.2514815,0.7951807379722595,0.06111111119389534,0.0017137096729129553
YDR079W,YIL114C,1,7.2292295,0.7976190447807312,0.06203703582286835,0.0017137096729129553
YGR243W,YML129C,1,7.2244124,0.800000011920929,0.06296296417713165,0.0017137096729129553
YGR132C,YDR231C,1,7.2178636,0.8023256063461304,0.06388889253139496,0.0017137096729129553
YDR031W,YLR348C,1,7.1850142,0.8045976758003235,0.06481481343507767,0.0017137096729129553
YDR298C,YGR101W,1,7.1819544,0.8068181872367859,0.06574074178934097,0.0017137096729129553
YJR080C,YLR043C,1,7.1819067,0.8089887499809265,0.06666667014360428,0.0017137096729129553
YGR110W,YLR395C,1,7.1803026,0.8111110925674438,0.06759259104728699,0.0017137096729129553
YLR295C,YML120C,1,7.1732364,0.8131868243217468,0.06851851940155029,0.0017137096729129553
YPR030W,YDR513W,0,7.1528563,0.804347813129425,0.06851851940155029,0.0018145161448046565
YDR079W,YIL157C,1,7.1450744,0.8064516186714172,0.0694444477558136,0.0018145161448046565
YJR080C,YPL078C,1,7.139767,0.8085106611251831,0.07037036865949631,0.0018145161448046565
YKL016C,YMR293C,1,7.123745,0.8105263113975525,0.07129629701375961,0.0018145161448046565
YDL104C,YCR004C,0,7.123159,0.8020833134651184,0.07129629701375961,0.0019153226166963577
YFR033C,YGR101W,1,7.1089754,0.8041236996650696,0.07222222536802292,0.0019153226166963577
YLL041C,YKL154W,0,7.0748596,0.795918345451355,0.07222222536802292,0.002016128972172737
YOR065W,YGL104C,1,7.068453,0.7979797720909119,0.07314814627170563,0.002016128972172737
YHR005C-A,YCR038C,0,7.0641856,0.7900000214576721,0.07314814627170563,0.00211693556047976
YGL253W,YMR056C,1,7.0594783,0.7920792102813721,0.07407407462596893,0.00211693556047976
YKR065C,YDL174C,1,7.053854,0.7941176295280457,0.07500000298023224,0.00211693556047976
YDL217C,YLL041C,1,7.0514436,0.7961165308952332,0.07592592388391495,0.00211693556047976
YKL026C,YLR204W,1,7.042974,0.7980769276618958,0.07685185223817825,0.00211693556047976
YLR193C,YMR203W,1,7.042091,0.800000011920929,0.07777778059244156,0.00211693556047976
YDR044W,YDR197W,1,7.0384355,0.801886796951294,0.07870370149612427,0.00211693556047976
YDL085W,YNL256W,1,7.0276256,0.8037382960319519,0.07962962985038757,0.00211693556047976
YLR395C,YBR265W,1,7.027043,0.8055555820465088,0.08055555820465088,0.00211693556047976
YDL072C,YCR046C,0,7.024801,0.7981651425361633,0.08055555820465088,0.0022177419159561396
YNR007C,YLR380W,0,7.008664,0.7909091114997864,0.08055555820465088,0.002318548271432519
YDR529C,YMR150C,1,7.000933,0.792792797088623,0.08148147910833359,0.002318548271432519
YLR295C,YJL143W,1,6.998306,0.7946428656578064,0.0824074074625969,0.002318548271432519
YBR037C,YMR293C,1,6.9753284,0.7964601516723633,0.0833333358168602,0.002318548271432519
YNL003C,YDR511W,1,6.972883,0.7982456088066101,0.08425925672054291,0.002318548271432519
YBR171W,YNL055C,0,6.962761,0.791304349899292,0.08425925672054291,0.002419354859739542
YLR295C,YBR039W,1,6.9539914,0.7931034564971924,0.08518518507480621,0.002419354859739542
YNR017W,YPR020W,1,6.946222,0.7948718070983887,0.08611111342906952,0.002419354859739542
YPR155C,YBR003W,1,6.9452863,0.7966101765632629,0.08703703433275223,0.002419354859739542
YER067W,YDR046C,0,6.935718,0.7899159789085388,0.08703703433275223,0.0025201612152159214
YML081C-A,YMR150C,1,6.90764,0.7916666865348816,0.08796296268701553,0.0025201612152159214
YMR123W,YBL099W,0,6.8742476,0.7851239442825317,0.08796296268701553,0.0026209678035229445
YOR125C,YIL146C,1,6.8729124,0.7868852615356445,0.08888889104127884,0.0026209678035229445
YPL262W,YGL076C,0,6.8581595,0.7804877758026123,0.08888889104127884,0.002721774158999324
YGR082W,YMR135C,0,6.853478,0.774193525314331,0.08888889104127884,0.002822580747306347
YNL151C,YEL060C,0,6.851059,0.7680000066757202,0.08888889104127884,0.0029233871027827263
YGL062W,YNL015W,0,6.8489766,0.761904776096344,0.08888889104127884,0.0030241934582591057
YHR001W-A,YBL033C,1,6.8334584,0.7637795209884644,0.08981481194496155,0.0030241934582591057
YKR067W,YNL055C,0,6.8296,0.7578125,0.08981481194496155,0.0031250000465661287
YGR112W,YJR135W-A,1,6.8289127,0.7596899271011353,0.09074074029922485,0.0031250000465661287
YDR377W,YGR046W,1,6.8139615,0.7615384459495544,0.09166666865348816,0.0031250000465661287
YOR046C,YBR269C,0,6.8114867,0.7557252049446106,0.09166666865348816,0.003225806402042508
YMR056C,YGR029W,1,6.804414,0.7575757503509521,0.09259258955717087,0.003225806402042508
YDR490C,YLL041C,0,6.799934,0.7518796920776367,0.09259258955717087,0.003326612990349531
YBR037C,YIL124W,1,6.7983165,0.753731369972229,0.09351851791143417,0.003326612990349531
YCL033C,YDR462W,0,6.7921414,0.7481481432914734,0.09351851791143417,0.0034274193458259106
YDR322C-A,YOR147W,1,6.7881217,0.75,0.09444444626569748,0.0034274193458259106
YJL180C,YIL033C,0,6.7872357,0.7445255517959595,0.09444444626569748,0.00352822570130229
YPR061C,YJR147W,0,6.714287,0.739130437374115,0.09444444626569748,0.003629032289609313
YDR079W,YPL270W,1,6.701796,0.7410072088241577,0.09537036716938019,0.003629032289609313
YDR316W,YHR001W-A,1,6.700236,0.7428571581840515,0.0962962955236435,0.003629032289609313
YNL131W,YNL009W,0,6.69987,0.73758864402771,0.0962962955236435,0.0037298386450856924
YDR343C,YML054C,1,6.69887,0.7394366264343262,0.0972222238779068,0.0037298386450856924
YNR002C,YFR049W,0,6.688411,0.7342657446861267,0.0972222238779068,0.0038306452333927155
YGR046W,YGR183C,1,6.6800165,0.7361111044883728,0.09814814478158951,0.0038306452333927155
YJR073C,YDR353W,1,6.678718,0.7379310131072998,0.09907407313585281,0.0038306452333927155
YPR113W,YLR193C,1,6.6726832,0.7397260069847107,0.10000000149011612,0.0038306452333927155
YGL206C,YLL009C,0,6.6685038,0.7346938848495483,0.10000000149011612,0.003931451588869095
YBL064C,YHR008C,0,6.6466346,0.7297297120094299,0.10000000149011612,0.004032257944345474
YML129C,YJR034W,1,6.6445637,0.7315436005592346,0.10092592239379883,0.004032257944345474
YER176W,YAL008W,0,6.643663,0.7266666889190674,0.10092592239379883,0.004133064299821854
YBR262C,YPL215W,1,6.639089,0.7284768223762512,0.10185185074806213,0.004133064299821854
YDL085W,YLL041C,1,6.631828,0.7302631735801697,0.10277777910232544,0.004133064299821854
YJL026W,YHR058C,0,6.6263595,0.7254902124404907,0.10277777910232544,0.00423387112095952
YML110C,YOR347C,0,6.6191797,0.7207792401313782,0.10277777910232544,0.0043346774764359
YGL171W,YKR067W,0,6.616817,0.7161290049552917,0.10277777910232544,0.004435483831912279
YER141W,YDR508C,1,6.605827,0.7179487347602844,0.10370370000600815,0.004435483831912279
YGR044C,YKL053C-A,0,6.5927334,0.7133758068084717,0.10370370000600815,0.0045362901873886585
YDR091C,YDL200C,0,6.583857,0.7088607549667358,0.10370370000600815,0.004637096542865038
YLL041C,YCR072C,0,6.57242,0.704402506351471,0.10370370000600815,0.004737903364002705
YKL053C-A,YAL008W,1,6.5677686,0.706250011920929,0.10462962836027145,0.004737903364002705
YBR230C,YCR072C,0,6.552602,0.7018633484840393,0.10462962836027145,0.004838709719479084
YNR007C,YHR109W,0,6.547692,0.6975308656692505,0.10462962836027145,0.004939516074955463
YOR241W,YML054C,1,6.545978,0.699386477470398,0.10555555671453476,0.004939516074955463
YDR376W,YCR004C,0,6.538996,0.6951219439506531,0.10555555671453476,0.005040322430431843
YKR066C,YNR041C,1,6.5248384,0.6969696879386902,0.10648148506879807,0.005040322430431843
YMR241W,YML129C,1,6.5233345,0.6987951993942261,0.10740740597248077,0.005040322430431843
YDR462W,YLL039C,0,6.5204377,0.6946107745170593,0.10740740597248077,0.0051411292515695095
YKL210W,YLR120C,0,6.5142694,0.6904761791229248,0.10740740597248077,0.005241935607045889
YCL057W,YJR034W,1,6.5017962,0.692307710647583,0.10833333432674408,0.005241935607045889
YKL195W,YJL066C,1,6.500019,0.6941176652908325,0.10925926268100739,0.005241935607045889
YLL026W,YGR084C,0,6.498084,0.6900584697723389,0.10925926268100739,0.005342741962522268
YLL001W,YGR236C,1,6.490786,0.6918604373931885,0.1101851835846901,0.005342741962522268
YDL085W,YMR089C,1,6.4882865,0.6936416029930115,0.1111111119389534,0.005342741962522268
YEL039C,YML054C,1,6.486382,0.6954023241996765,0.1120370402932167,0.005342741962522268
YJR048W,YBR169C,0,6.483241,0.691428542137146,0.1120370402932167,0.005443548317998648
YFR033C,YLL023C,0,6.477578,0.6875,0.1120370402932167,0.005544354673475027
YGR028W,YBR147W,1,6.4750123,0.6892655491828918,0.11296296119689941,0.005544354673475027
YPR004C,YOL129W,0,6.4698358,0.6853932738304138,0.11296296119689941,0.005645161494612694
YBL030C,YBR185C,1,6.468636,0.6871508359909058,0.11388888955116272,0.005645161494612694
YKL194C,YDR287W,0,6.467353,0.6833333373069763,0.11388888955116272,0.005745967850089073
YJL180C,YHR091C,0,6.4551616,0.6795580387115479,0.11388888955116272,0.005846774205565453
YIR037W,YPL099C,1,6.4550548,0.6813187003135681,0.11481481790542603,0.005846774205565453
YPR165W,YOR065W,1,6.4518538,0.6830601096153259,0.11574073880910873,0.005846774205565453
YKL194C,YHR059W,0,6.4499083,0.679347813129425,0.11574073880910873,0.005947580561041832
YPL177C,YPR166C,0,6.436112,0.6756756901741028,0.11574073880910873,0.006048386916518211
YER058W,YHR002W,1,6.426314,0.6774193644523621,0.11666666716337204,0.006048386916518211
YJR077C,YDR298C,1,6.42383,0.6791443824768066,0.11759259551763535,0.006048386916518211
YPR140W,YDL174C,1,6.4210944,0.6808510422706604,0.11851851642131805,0.006048386916518211
YJR080C,YBR003W,1,6.4087577,0.682539701461792,0.11944444477558136,0.006048386916518211
YDL119C,YDR178W,1,6.408209,0.6842105388641357,0.12037037312984467,0.006048386916518211
YOL080C,YHR198C,0,6.397864,0.6806282997131348,0.12037037312984467,0.006149193737655878
YPL098C,YCR083W,0,6.3955493,0.6770833134651184,0.12037037312984467,0.0062500000931322575
YJR147W,YBR207W,0,6.3910327,0.6735751032829285,0.12037037312984467,0.006350806448608637
YIL087C,YGR101W,1,6.3881154,0.6752577424049377,0.12129629403352737,0.006350806448608637
YBR230C,YIL022W,1,6.3881087,0.6769230961799622,0.12222222238779068,0.006350806448608637
YPL078C,YGR174C,1,6.3804855,0.6785714030265808,0.12314815074205399,0.006350806448608637
YOR316C,YLR395C,1,6.376763,0.6802030205726624,0.1240740716457367,0.006350806448608637
YGL171W,YIL124W,0,6.3765926,0.6767676472663879,0.1240740716457367,0.006451612804085016
YEL055C,YLL009C,0,6.3705864,0.6733668446540833,0.1240740716457367,0.006552419159561396
YBL101C,YER182W,0,6.3314023,0.6700000166893005,0.1240740716457367,0.006653225980699062
YLR196W,YAL008W,0,6.326361,0.6666666865348816,0.1240740716457367,0.006754032336175442
YDL168W,YNL131W,0,6.3140106,0.6633663177490234,0.1240740716457367,0.006854838691651821
YDL217C,YKL053C-A,1,6.313021,0.6650246381759644,0.125,0.006854838691651821
YPR002W,YJR077C,1,6.309938,0.6666666865348816,0.1259259283542633,0.006854838691651821
YPL004C,YIL111W,1,6.298823,0.6682927012443542,0.1268518567085266,0.006854838691651821
YGR046W,YGR101W,1,6.291835,0.6699029207229614,0.12777778506278992,0.006854838691651821
YNL003C,YDR122W,0,6.2897744,0.6666666865348816,0.12777778506278992,0.0069556450471282005
YFR049W,YDR410C,0,6.288908,0.6634615659713745,0.12777778506278992,0.00705645140260458
YPL270W,YGR183C,1,6.2870584,0.6650717854499817,0.12870369851589203,0.00705645140260458
YBR056W,YIL022W,1,6.284776,0.6666666865348816,0.12962962687015533,0.00705645140260458
YGR243W,YLL001W,1,6.280789,0.6682464480400085,0.13055555522441864,0.00705645140260458
YLR043C,YKR039W,0,6.2795744,0.6650943160057068,0.13055555522441864,0.007157258223742247
YNL026W,YDL004W,1,6.278513,0.6666666865348816,0.13148148357868195,0.007157258223742247
YGR240C,YPR061C,1,6.2715354,0.6682242751121521,0.13240741193294525,0.007157258223742247
YOR176W,YGR029W,1,6.2686224,0.669767439365387,0.13333334028720856,0.007157258223742247
YJR045C,YNL052W,1,6.266205,0.6712962985038757,0.13425925374031067,0.007157258223742247
YOR266W,YCL038C,0,6.264388,0.6682027578353882,0.13425925374031067,0.007258064579218626
YDR377W,YOR320C,0,6.260743,0.6651375889778137,0.13425925374031067,0.007358870934695005
YPR165W,YLR390W,1,6.255193,0.6666666865348816,0.13518518209457397,0.007358870934695005
YOR317W,YKL137W,1,6.2508483,0.668181836605072,0.13611111044883728,0.007358870934695005
YPL135W,YKL081W,0,6.2491546,0.6651583909988403,0.13611111044883728,0.007459677290171385
YPL271W,YPL172C,1,6.234013,0.6666666865348816,0.13703703880310059,0.007459677290171385
YDR511W,YNL256W,1,6.2248745,0.6681614518165588,0.1379629671573639,0.007459677290171385
YGR154C,YCR046C,0,6.216911,0.6651785969734192,0.1379629671573639,0.007560483645647764
YBL050W,YOL120C,0,6.2159634,0.6622222065925598,0.1379629671573639,0.007661290466785431
YJR073C,YEL039C,1,6.2158656,0.6637167930603027,0.1388888955116272,0.007661290466785431
YBR230C,YBR096W,0,6.215367,0.6607929468154907,0.1388888955116272,0.00776209682226181
YCR004C,YHR059W,0,6.211516,0.6578947305679321,0.1388888955116272,0.00786290317773819
YKL138C,YKL124W,0,6.2112155,0.6550218462944031,0.1388888955116272,0.007963709533214569
YKL018W,YBL091C-A,0,6.210667,0.6521739363670349,0.1388888955116272,0.008064515888690948
YBR230C,YJL208C,1,6.2084074,0.6536796689033508,0.1398148089647293,0.008064515888690948
YBL101C,YDR513W,0,6.206596,0.6508620977401733,0.1398148089647293,0.008165322244167328
YPL135W,YGR240C,0,6.2056117,0.6480686664581299,0.1398148089647293,0.008266128599643707
YGR132C,YGL104C,1,6.204386,0.6495726704597473,0.14074073731899261,0.008266128599643707
YML004C,YCR083W,0,6.191605,0.6468085050582886,0.14074073731899261,0.008366935886442661
YML026C,YGR256W,0,6.1815968,0.6440678238868713,0.14074073731899261,0.00846774224191904
YNL003C,YGR088W,0,6.181552,0.6413502097129822,0.14074073731899261,0.00856854859739542
YIR038C,YDR178W,1,6.1812015,0.6428571343421936,0.14166666567325592,0.00856854859739542
YBR230C,YKR036C,1,6.1789947,0.6443514823913574,0.14259259402751923,0.00856854859739542
YNL256W,YIL065C,1,6.1774573,0.6458333134651184,0.14351852238178253,0.00856854859739542
YLR258W,YML129C,0,6.1749225,0.6431535482406616,0.14351852238178253,0.0086693549528718
YPL132W,YLL001W,1,6.17081,0.64462810754776,0.14444445073604584,0.0086693549528718
YIR024C,YDR529C,1,6.16462,0.6460905075073242,0.14537036418914795,0.0086693549528718
YHR043C,YOL129W,0,6.16315,0.6434426307678223,0.14537036418914795,0.008770161308348179
YMR228W,YML042W,1,6.1522026,0.6448979377746582,0.14629629254341125,0.008770161308348179
YFR055W,YER182W,0,6.1453347,0.642276406288147,0.14629629254341125,0.008870967663824558
YIL114C,YLR204W,1,6.1400256,0.6437246799468994,0.14722222089767456,0.008870967663824558
YKL084W,YGL191W,1,6.1397853,0.6451612710952759,0.14814814925193787,0.008870967663824558
YPR140W,YNL055C,1,6.1304293,0.6465863585472107,0.14907407760620117,0.008870967663824558
YOR266W,YKR067W,0,6.123862,0.6439999938011169,0.14907407760620117,0.008971774019300938
YJL166W,YBL057C,1,6.120867,0.6454183459281921,0.15000000596046448,0.008971774019300938
YDR508C,YLR193C,1,6.120212,0.64682537317276,0.1509259194135666,0.008971774019300938
YNR037C,YKL081W,0,6.1143003,0.6442687511444092,0.1509259194135666,0.009072580374777317
YLL006W,YOL053W,1,6.105383,0.6456692814826965,0.1518518477678299,0.009072580374777317
YFL016C,YNL306W,0,6.0979033,0.6431372761726379,0.1518518477678299,0.009173386730253696
YJR048W,YIL033C,0,6.0951486,0.640625,0.1518518477678299,0.009274193085730076
YDL142C,YMR002W,1,6.092665,0.6420233249664307,0.1527777761220932,0.009274193085730076
YHR005C-A,YHR091C,0,6.092508,0.6395348906517029,0.1527777761220932,0.00937500037252903
YMR267W,YOR085W,0,6.0869875,0.6370656490325928,0.1527777761220932,0.00947580672800541
YER096W,YKL081W,0,6.077261,0.6346153616905212,0.1527777761220932,0.009576613083481789
YOR168W,YBR269C,0,6.072003,0.6321839094161987,0.1527777761220932,0.009677419438958168
YIR038C,YDR058C,1,6.0718746,0.6335877776145935,0.1537037044763565,0.009677419438958168
YJL180C,YGR289C,0,6.070391,0.6311787366867065,0.1537037044763565,0.009778225794434547
YLL026W,YCR028C-A,0,6.054395,0.6287878751754761,0.1537037044763565,0.009879032149910927
YPL271W,YGL020C,1,6.052109,0.6301887035369873,0.1546296328306198,0.009879032149910927
YDR425W,YKL170W,0,6.0518847,0.6278195381164551,0.1546296328306198,0.009979838505387306
YPL098C,YBR170C,1,6.049872,0.6292135119438171,0.15555556118488312,0.009979838505387306
YHR194W,YML030W,1,6.0469184,0.6305969953536987,0.15648147463798523,0.009979838505387306
YLR066W,YML129C,0,6.0433664,0.6282528042793274,0.15648147463798523,0.010080644860863686
YEL052W,YGR049W,1,6.041094,0.6296296119689941,0.15740740299224854,0.010080644860863686
YGR044C,YDL236W,0,6.0392923,0.6273062825202942,0.15740740299224854,0.010181451216340065
YIL160C,YMR110C,1,6.038427,0.6286764740943909,0.15833333134651184,0.010181451216340065
YNL055C,YPR067W,1,6.0384064,0.6300366520881653,0.15925925970077515,0.010181451216340065
YJL103C,YNL151C,0,6.036641,0.6277372241020203,0.15925925970077515,0.010282258503139019
YGR082W,YMR009W,0,6.035602,0.6254545450210571,0.15925925970077515,0.010383064858615398
YPL072W,YMR256C,1,6.034187,0.6268116235733032,0.16018518805503845,0.010383064858615398
YPR091C,YGR088W,0,6.031345,0.6245487332344055,0.16018518805503845,0.010483871214091778
YBR297W,YPR166C,0,6.0290666,0.6223021745681763,0.16018518805503845,0.010584677569568157
YDR079W,YDR470C,1,6.028193,0.6236559152603149,0.16111111640930176,0.010584677569568157
YKL141W,YDR376W,1,6.0089803,0.625,0.16203702986240387,0.010584677569568157
YIL062C,YGL084C,1,6.0083346,0.626334547996521,0.16296295821666718,0.010584677569568157
YPL004C,YPL078C,1,6.0054793,0.6276595592498779,0.16388888657093048,0.010584677569568157
YER026C,YLR295C,1,6.003551,0.6289752721786499,0.1648148149251938,0.010584677569568157
YJR080C,YMR097C,1,6.0022216,0.6302816867828369,0.1657407432794571,0.010584677569568157
YMR098C,YHR116W,1,5.996146,0.6315789222717285,0.1666666716337204,0.010584677569568157
YGR082W,YML004C,0,5.9926267,0.6293706297874451,0.1666666716337204,0.010685483925044537
YDL149W,YBR230C,1,5.9844165,0.6306620240211487,0.1675925999879837,0.010685483925044537
YML081C-A,YOR205C,1,5.982584,0.6319444179534912,0.16851851344108582,0.010685483925044537
YGL107C,YML129C,1,5.9735026,0.633217990398407,0.16944444179534912,0.010685483925044537
YIL062C,YDR322C-A,1,5.962241,0.634482741355896,0.17037037014961243,0.010685483925044537
YMR311C,YOR224C,0,5.954187,0.6323024034500122,0.17037037014961243,0.010786290280520916
YDL054C,YAL008W,0,5.9534984,0.6301369667053223,0.17037037014961243,0.010887096635997295
YMR110C,YDR430C,1,5.9488235,0.6313993334770203,0.17129629850387573,0.010887096635997295
YGL157W,YKL152C,0,5.9480176,0.6292517185211182,0.17129629850387573,0.010987902991473675
YGR101W,YDR231C,1,5.9463935,0.6305084824562073,0.17222222685813904,0.010987902991473675
YLR219W,YNR041C,0,5.943971,0.6283783912658691,0.17222222685813904,0.011088709346950054
YJR004C,YMR194W,0,5.940612,0.6262626051902771,0.17222222685813904,0.011189515702426434
YDR504C,YGR084C,0,5.9394836,0.6241610646247864,0.17222222685813904,0.011290322989225388
YKR066C,YPR133W-A,1,5.93627,0.6254180669784546,0.17314815521240234,0.011290322989225388
YHR194W,YHR143W-A,0,5.931599,0.6233333349227905,0.17314815521240234,0.011391129344701767
YPL004C,YKL141W,1,5.9195304,0.6245847344398499,0.17407406866550446,0.011391129344701767
YGL253W,YPR067W,1,5.9178586,0.6258277893066406,0.17499999701976776,0.011391129344701767
YGR084C,YCR069W,0,5.911382,0.6237623691558838,0.17499999701976776,0.011491935700178146
YBR037C,YBR185C,1,5.9029145,0.625,0.17592592537403107,0.011491935700178146
YGL001C,YGR220C,0,5.896864,0.6229507923126221,0.17592592537403107,0.011592742055654526
YER055C,YGR088W,0,5.889196,0.6209150552749634,0.17592592537403107,0.011693548411130905
YOL096C,YNL320W,1,5.888845,0.6221498250961304,0.17685185372829437,0.011693548411130905
YBR056W,YGR101W,1,5.888018,0.6233766078948975,0.17777778208255768,0.011693548411130905
YDR350C,YOL096C,1,5.8840413,0.6245954632759094,0.17870371043682098,0.011693548411130905
YDL067C,YHR005C-A,1,5.8825088,0.625806450843811,0.1796296238899231,0.011693548411130905
YML030W,YDR031W,1,5.879887,0.6270096302032471,0.1805555522441864,0.011693548411130905
YLR196W,YML004C,0,5.876443,0.625,0.1805555522441864,0.011794354766607285
YKL170W,YLR027C,0,5.8734574,0.6230031847953796,0.1805555522441864,0.011895161122083664
YJR080C,YJR104C,1,5.870151,0.6242038011550903,0.1814814805984497,0.011895161122083664
YGL104C,YPL099C,1,5.86554,0.6253968477249146,0.182407408952713,0.011895161122083664
YER110C,YBR269C,0,5.8617887,0.6234177350997925,0.182407408952713,0.011995967477560043
YOR347C,YPR004C,0,5.8528132,0.6214510798454285,0.182407408952713,0.012096773833036423
YNL098C,YOL082W,0,5.8522468,0.6194968819618225,0.182407408952713,0.012197580188512802
YFR049W,YBR155W,0,5.8489695,0.6175548434257507,0.182407408952713,0.012298387475311756
YMR009W,YDR297W,0,5.8449736,0.6156250238418579,0.182407408952713,0.012399193830788136
YBR050C,YGL157W,0,5.842177,0.6137071847915649,0.182407408952713,0.012500000186264515
YDR122W,YPL132W,0,5.8406334,0.611801266670227,0.182407408952713,0.012600806541740894
YCL052C,YDL049C,0,5.840016,0.6099071502685547,0.182407408952713,0.012701612897217274
YLR356W,YDL198C,1,5.8384843,0.6111111044883728,0.18333333730697632,0.012701612897217274
YIL136W,YMR177W,1,5.836849,0.6123076677322388,0.18425926566123962,0.012701612897217274
YDR165W,YPL230W,0,5.832986,0.6104294657707214,0.18425926566123962,0.012802419252693653
YLR265C,YML058W-A,0,5.824802,0.608562707901001,0.18425926566123962,0.012903225608170033
YKL194C,YPR005C,0,5.8221903,0.6067073345184326,0.18425926566123962,0.013004031963646412
YER004W,YGR174C,1,5.819693,0.6079027652740479,0.18518517911434174,0.013004031963646412
YHR051W,YGR086C,1,5.8166533,0.6090909242630005,0.18611110746860504,0.013004031963646412
YGR154C,YNR037C,0,5.816421,0.6072507500648499,0.18611110746860504,0.013104838319122791
YGR084C,YPR113W,0,5.8130193,0.6054216623306274,0.18611110746860504,0.013205645605921745
YBR121C,YNL015W,0,5.797102,0.6036036014556885,0.18611110746860504,0.013306451961398125
YMR256C,YGR096W,1,5.794804,0.6047903895378113,0.18703703582286835,0.013306451961398125
YBR230C,YOL082W,0,5.7911773,0.6029850840568542,0.18703703582286835,0.013407258316874504
YNL320W,YER058W,1,5.7832036,0.6041666865348816,0.18796296417713165,0.013407258316874504
YPR052C,YDR379W,0,5.781709,0.6023738980293274,0.18796296417713165,0.013508064672350883
YNR002C,YBL056W,0,5.7814283,0.6005917191505432,0.18796296417713165,0.013608871027827263
YNL026W,YER058W,1,5.7781243,0.6017699241638184,0.18888889253139496,0.013608871027827263
YLR020C,YER182W,0,5.774066,0.6000000238418579,0.18888889253139496,0.013709677383303642
YDL075W,YOR142W,0,5.773354,0.5982404947280884,0.18888889253139496,0.013810483738780022
YDL054C,YNL306W,0,5.771667,0.5964912176132202,0.18888889253139496,0.013911290094256401
YLR175W,YMR152W,0,5.768638,0.5947521924972534,0.18888889253139496,0.01401209644973278
YLR426W,YGL191W,1,5.7673664,0.5959302186965942,0.18981482088565826,0.01401209644973278
YLR197W,YGR088W,0,5.7664733,0.5942028760910034,0.18981482088565826,0.01411290280520916
YHR194W,YNL100W,1,5.7612643,0.5953757166862488,0.19074073433876038,0.01411290280520916
YMR098C,YKL087C,1,5.7604566,0.5965417623519897,0.19166666269302368,0.01411290280520916
YLR356W,YJR104C,1,5.746224,0.5977011322975159,0.192592591047287,0.01411290280520916
YOR065W,YML050W,1,5.743504,0.5988538861274719,0.1935185194015503,0.01411290280520916
YKL103C,YLR042C,0,5.732058,0.5971428751945496,0.1935185194015503,0.014213710092008114
YNL083W,YML054C,1,5.721311,0.5982906222343445,0.1944444477558136,0.014213710092008114
YDR377W,YDL072C,0,5.7176566,0.5965909361839294,0.1944444477558136,0.014314516447484493
YIR037W,YMR060C,1,5.7133436,0.597733736038208,0.1953703761100769,0.014314516447484493
YDR487C,YLR258W,0,5.712545,0.596045196056366,0.1953703761100769,0.014415322802960873
YPL004C,YKL026C,1,5.7122645,0.597183108329773,0.19629628956317902,0.014415322802960873
YKL133C,YNL100W,1,5.711825,0.5983145833015442,0.19722221791744232,0.014415322802960873
YKL170W,YGL125W,0,5.7107644,0.5966386795043945,0.19722221791744232,0.014516129158437252
YGL253W,YGR257C,1,5.704643,0.5977653861045837,0.19814814627170563,0.014516129158437252
YBR244W,YGL187C,1,5.7044883,0.5988857746124268,0.19907407462596893,0.014516129158437252
YLR390W,YBR039W,1,5.704388,0.6000000238418579,0.20000000298023224,0.014516129158437252
YLR356W,YGR086C,1,5.6988006,0.6011080145835876,0.20092593133449554,0.014516129158437252
YBR234C,YMR265C,0,5.6983423,0.59944748878479,0.20092593133449554,0.014616935513913631
YML054C,YNL151C,0,5.6873755,0.5977961421012878,0.20092593133449554,0.01471774186939001
YGL084C,YKL067W,1,5.683758,0.598901093006134,0.20185184478759766,0.01471774186939001
YPL131W,YER119C,0,5.6819367,0.5972602963447571,0.20185184478759766,0.01481854822486639
YNL130C,YGL191W,1,5.675289,0.5983606576919556,0.20277777314186096,0.01481854822486639
YCR079W,YOR232W,1,5.671875,0.5994550585746765,0.20370370149612427,0.01481854822486639
YDR361C,YML129C,0,5.6696353,0.5978260636329651,0.20370370149612427,0.01491935458034277
YDR287W,YHR198C,0,5.6694326,0.5962059497833252,0.20370370149612427,0.015020160935819149
YPL271W,YGL226W,1,5.667853,0.5972973108291626,0.20462962985038757,0.015020160935819149
YBL099W,YPL135W,0,5.664568,0.5956873297691345,0.20462962985038757,0.015120967291295528
YJL066C,YBR238C,1,5.6607223,0.5967742204666138,0.20555555820465088,0.015120967291295528
YHR091C,YPL048W,0,5.6537204,0.595174252986908,0.20555555820465088,0.015221774578094482
YLL009C,YER170W,1,5.646932,0.596256673336029,0.20648148655891418,0.015221774578094482
YOR173W,YLR285W,0,5.64136,0.5946666598320007,0.20648148655891418,0.015322580933570862
YKL141W,YJL112W,1,5.637021,0.5957446694374084,0.2074074000120163,0.015322580933570862
YLR110C,YMR265C,0,5.633756,0.5941644310951233,0.2074074000120163,0.015423387289047241
YDR393W,YGR062C,1,5.6319613,0.5952380895614624,0.2083333283662796,0.015423387289047241
YBR037C,YLR043C,1,5.621627,0.5963060855865479,0.2092592567205429,0.015423387289047241
YLR251W,YJR073C,1,5.6211724,0.5973684191703796,0.2101851850748062,0.015423387289047241
YAR002C-A,YLL019C,0,5.6209292,0.595800518989563,0.2101851850748062,0.01552419364452362
YDR487C,YGR112W,1,5.6176033,0.5968586206436157,0.21111111342906952,0.01552419364452362
YLR175W,YNL055C,0,5.615304,0.5953002572059631,0.21111111342906952,0.015625
YGL181W,YNL015W,0,5.6126246,0.59375,0.21111111342906952,0.01572580635547638
YOR228C,YDR371W,0,5.6117563,0.5922077894210815,0.21111111342906952,0.01582661271095276
YIL114C,YOR266W,1,5.607723,0.5932642221450806,0.21203704178333282,0.01582661271095276
YBR291C,YJL166W,1,5.6072536,0.594315230846405,0.21296297013759613,0.01582661271095276
YBR230C,YFR042W,0,5.605849,0.592783510684967,0.21296297013759613,0.015927419066429138
YBL045C,YLR168C,1,5.599883,0.5938303470611572,0.21388888359069824,0.015927419066429138
YNL100W,YNR032W,1,5.5997624,0.5948718190193176,0.21481481194496155,0.015927419066429138
YIL033C,YPR187W,0,5.5974927,0.5933504104614258,0.21481481194496155,0.016028225421905518
YLR388W,YGR256W,0,5.5970454,0.5918367505073547,0.21481481194496155,0.016129031777381897
YML075C,YNL306W,0,5.594431,0.5903307795524597,0.21481481194496155,0.016229838132858276
YKL151C,YDL180W,0,5.5924716,0.5888324975967407,0.21481481194496155,0.016330644488334656
YML054C,YLR017W,0,5.586826,0.5873417854309082,0.21481481194496155,0.016431450843811035
YBR126C,YKR067W,0,5.579183,0.5858585834503174,0.21481481194496155,0.016532257199287415
YNR041C,YBL045C,1,5.5731025,0.5869017839431763,0.21574074029922485,0.016532257199287415
YGR082W,YHR051W,1,5.568667,0.5879396796226501,0.21666666865348816,0.016532257199287415
YLL026W,YIL155C,0,5.5680585,0.5864661931991577,0.21666666865348816,0.016633065417408943
YML110C,YKL157W,0,5.5677,0.5849999785423279,0.21666666865348816,0.016733871772885323
YMR079W,YCR046C,0,5.566098,0.5835411548614502,0.21666666865348816,0.016834678128361702
YLL023C,YPR166C,0,5.565101,0.5820895433425903,0.21666666865348816,0.01693548448383808
YGR110W,YKL120W,1,5.5609136,0.5831265449523926,0.21759259700775146,0.01693548448383808
YHR037W,YOR125C,1,5.5607195,0.5841584205627441,0.21851852536201477,0.01693548448383808
YPR185W,YNL185C,0,5.551131,0.5827160477638245,0.21851852536201477,0.01703629083931446
YHR194W,YBR169C,0,5.5505733,0.5812807679176331,0.21851852536201477,0.01713709719479084
YER078C,YMR110C,1,5.549652,0.5823096036911011,0.21944443881511688,0.01713709719479084
YER004W,YGR183C,1,5.548675,0.5833333134651184,0.2203703671693802,0.01713709719479084
YOR142W,YAL025C,0,5.5428195,0.5819070935249329,0.2203703671693802,0.01723790355026722
YDR226W,YHR112C,0,5.537205,0.5804877877235413,0.2203703671693802,0.0173387099057436
YDR298C,YPR011C,1,5.535671,0.5815085172653198,0.2212962955236435,0.0173387099057436
YML106W,YAL017W,0,5.5338817,0.5800970792770386,0.2212962955236435,0.01743951626121998
YCL033C,YLR248W,0,5.5260973,0.5786924958229065,0.2212962955236435,0.017540322616696358
YLR394W,YLL041C,0,5.5247483,0.5772947072982788,0.2212962955236435,0.017641128972172737
YJR048W,YLR325C,0,5.524588,0.575903594493866,0.2212962955236435,0.017741935327649117
YPL103C,YHR116W,1,5.517916,0.5769230723381042,0.2222222238779068,0.017741935327649117
YJL180C,YPL160W,0,5.516792,0.5755395889282227,0.2222222238779068,0.017842741683125496
YJL141C,YAL025C,0,5.516392,0.5741626620292664,0.2222222238779068,0.017943548038601875
YIR038C,YOR334W,1,5.5087647,0.5751789808273315,0.2231481522321701,0.017943548038601875
YPR098C,YJL054W,1,5.5031247,0.5761904716491699,0.2240740805864334,0.017943548038601875
YBL064C,YNL248C,0,5.5018253,0.5748218297958374,0.2240740805864334,0.018044354394078255
YDL217C,YER144C,0,5.497008,0.5734597444534302,0.2240740805864334,0.018145160749554634
YNL185C,YLR247C,0,5.4918766,0.5721040368080139,0.2240740805864334,0.018245967105031013
YMR302C,YMR150C,1,5.4911513,0.573113203048706,0.22499999403953552,0.018245967105031013
YKL096W,YOR347C,0,5.484654,0.5717647075653076,0.22499999403953552,0.018346773460507393
YBR169C,YBR096W,0,5.4842505,0.5704225301742554,0.22499999403953552,0.018447579815983772
YDL084W,YPL097W,0,5.4827046,0.5690866708755493,0.22499999403953552,0.01854838617146015
YPL060W,YOR065W,1,5.476812,0.5700934529304504,0.22592592239379883,0.01854838617146015
YKL096W,YGR070W,0,5.4708304,0.5687645673751831,0.22592592239379883,0.01864919438958168
YNL026W,YGR183C,1,5.468295,0.569767415523529,0.22685185074806213,0.01864919438958168
YJL008C,YML054C,0,5.4679856,0.5684455037117004,0.22685185074806213,0.01875000074505806
YDR377W,YMR286W,0,5.4625115,0.5671296119689941,0.22685185074806213,0.01885080710053444
YCL033C,YFR049W,0,5.4607615,0.5658198595046997,0.22685185074806213,0.01895161345601082
YGR294W,YHR198C,0,5.4558883,0.5645161271095276,0.22685185074806213,0.019052419811487198
YBL050W,YCR075C,0,5.4544415,0.5632184147834778,0.22685185074806213,0.019153226166963577
YBR222C,YOR224C,0,5.453957,0.5619266033172607,0.22685185074806213,0.019254032522439957
YJR077C,YML030W,1,5.4525857,0.5629290342330933,0.22777777910232544,0.019254032522439957
YDR079W,YDL004W,1,5.4473996,0.5639269351959229,0.22870370745658875,0.019254032522439957
YJL103C,YNL306W,0,5.4451013,0.5626423954963684,0.22870370745658875,0.019354838877916336
YER048W-A,YGL187C,1,5.4448204,0.5636363625526428,0.22962963581085205,0.019354838877916336
YMR256C,YEL059C-A,1,5.4442987,0.5646258592605591,0.23055554926395416,0.019354838877916336
YOR173W,YCR072C,0,5.441998,0.5633484125137329,0.23055554926395416,0.019455645233392715
YKL170W,YBR150C,0,5.43905,0.56207674741745,0.23055554926395416,0.019556451588869095
YML054C,YPL131W,0,5.4358335,0.5608108043670654,0.23055554926395416,0.019657257944345474
YDR477W,YMR105C,0,5.434159,0.5595505833625793,0.23055554926395416,0.019758064299821854
YPL132W,YLR295C,1,5.4292483,0.560538113117218,0.23148147761821747,0.019758064299821854
YBL099W,YNL009W,0,5.4258943,0.5592840909957886,0.23148147761821747,0.019858870655298233
YHR008C,YNL255C,0,5.4247813,0.5580357313156128,0.23148147761821747,0.019959677010774612
YPL097W,YKL100C,0,5.422752,0.5567928552627563,0.23148147761821747,0.020060483366250992
YDR377W,YDL217C,1,5.42127,0.5577777624130249,0.23240740597248077,0.020060483366250992
YKL212W,YGR046W,1,5.4205494,0.5587583184242249,0.23333333432674408,0.020060483366250992
YDR079W,YGR029W,1,5.4162645,0.5597345232963562,0.23425926268100739,0.020060483366250992
YBL078C,YDL217C,0,5.414999,0.5584989190101624,0.23425926268100739,0.02016128972172737
YGL062W,YLR078C,0,5.411981,0.5572687387466431,0.23425926268100739,0.02026209607720375
YER057C,YLR295C,1,5.4055057,0.5582417845726013,0.2351851910352707,0.02026209607720375
YLR393W,YDL149W,1,5.405005,0.5592105388641357,0.2361111044883728,0.02026209607720375
YDL145C,YPR154W,0,5.4041257,0.557986855506897,0.2361111044883728,0.02036290243268013
YFR024C-A,YER055C,0,5.4038982,0.556768536567688,0.2361111044883728,0.02046370878815651
YER182W,YBL027W,0,5.398969,0.5555555820465088,0.2361111044883728,0.020564517006278038
YBL056W,YBR196C,0,5.395943,0.554347813129425,0.2361111044883728,0.020665323361754417
YLR401C,YBL099W,0,5.391742,0.5531453490257263,0.2361111044883728,0.020766129717230797
YOR130C,YBR269C,0,5.387506,0.551948070526123,0.2361111044883728,0.020866936072707176
YOL008W,YBL033C,1,5.3874,0.5529157519340515,0.2370370328426361,0.020866936072707176
YOR178C,YIL155C,0,5.385107,0.5517241358757019,0.2370370328426361,0.020967742428183556
YOR173W,YNL122C,0,5.3848825,0.550537645816803,0.2370370328426361,0.021068548783659935
YLL043W,YNL015W,0,5.382814,0.54935622215271,0.2370370328426361,0.021169355139136314
YJL132W,YER057C,0,5.379785,0.5481798648834229,0.2370370328426361,0.021270161494612694
YDR282C,YBR244W,1,5.3792434,0.5491452813148499,0.23796296119689941,0.021270161494612694
YNL310C,YML054C,1,5.379144,0.5501065850257874,0.23888888955116272,0.021270161494612694
YLR251W,YDR044W,1,5.3774505,0.5510638356208801,0.23981481790542603,0.021270161494612694
YLR253W,YDL027C,1,5.3708363,0.5520169734954834,0.24074074625968933,0.021270161494612694
YIL065C,YBR147W,1,5.3687143,0.5529661178588867,0.24166665971279144,0.021270161494612694
YDR284C,YML129C,0,5.3684106,0.5517970323562622,0.24166665971279144,0.021370967850089073
YFL005W,YNL305C,1,5.3624334,0.552742600440979,0.24259258806705475,0.021370967850089073
YJR135W-A,YMR293C,1,5.3556466,0.5536842346191406,0.24351851642131805,0.021370967850089073
YOL064C,YGR112W,0,5.3542385,0.5525209903717041,0.24351851642131805,0.021471774205565453
YER078C,YBR001C,0,5.3504195,0.5513626933097839,0.24351851642131805,0.021572580561041832
YAL039C,YGR132C,1,5.347839,0.5523012280464172,0.24444444477558136,0.021572580561041832
YHR017W,YDR508C,1,5.3477216,0.5532358884811401,0.24537037312984467,0.021572580561041832
YML110C,YGL157W,0,5.347327,0.5520833134651184,0.24537037312984467,0.02167338691651821
YER067W,YGL232W,0,5.3448253,0.5509355664253235,0.24537037312984467,0.02177419327199459
YHR116W,YOR316C,1,5.3436294,0.5518672466278076,0.24629630148410797,0.02177419327199459
YHR016C,YBR001C,0,5.343165,0.5507246255874634,0.24629630148410797,0.02187499962747097
YDR398W,YGR112W,0,5.339685,0.5495867729187012,0.24629630148410797,0.02197580598294735
YNL180C,YDR016C,0,5.3337526,0.5484536290168762,0.24629630148410797,0.02207661233842373
YLR369W,YER055C,0,5.328591,0.547325074672699,0.24629630148410797,0.02217741869390011
YOL026C,YHR198C,0,5.32221,0.546201229095459,0.24629630148410797,0.022278225049376488
YDR350C,YER170W,1,5.322145,0.5471311211585999,0.24722221493721008,0.022278225049376488
YJL153C,YGL231C,0,5.3192787,0.546012282371521,0.24722221493721008,0.022379031404852867
YEL060C,YBR171W,0,5.3150687,0.5448979735374451,0.24722221493721008,0.022479839622974396
YPR091C,YGR112W,0,5.313741,0.5437881946563721,0.24722221493721008,0.022580645978450775
YPL234C,YGR112W,0,5.307789,0.542682945728302,0.24722221493721008,0.022681452333927155
YGL107C,YDL004W,1,5.302724,0.5436105728149414,0.2481481432914734,0.022681452333927155
YGR112W,YDL198C,1,5.3020024,0.5445343852043152,0.2490740716457367,0.022681452333927155
YBR230C,YKR066C,1,5.3015895,0.5454545617103577,0.25,0.022681452333927155
YAL039C,YNL320W,1,5.3009562,0.5463709831237793,0.2509259283542633,0.022681452333927155
YMR152W,YDR512C,0,5.3001685,0.545271635055542,0.2509259283542633,0.022782258689403534
YCR028C-A,YJL156C,0,5.2987275,0.5441766977310181,0.2509259283542633,0.022883065044879913
YBL050W,YDL195W,0,5.2948437,0.5430861711502075,0.2509259283542633,0.022983871400356293
YLR293C,YLR297W,0,5.291159,0.5419999957084656,0.2509259283542633,0.023084677755832672
YGR012W,YOL053W,1,5.285462,0.5429141521453857,0.2518518567085266,0.023084677755832672
YDR131C,YIL124W,0,5.282957,0.541832685470581,0.2518518567085266,0.02318548411130905
YMR098C,YOR347C,0,5.282348,0.5407554507255554,0.2518518567085266,0.02328629046678543
YDR377W,YBL069W,0,5.2816367,0.5396825671195984,0.2518518567085266,0.02338709682226181
YOR347C,YPR192W,0,5.28158,0.5386138558387756,0.2518518567085266,0.02348790317773819
YNL117W,YNR037C,0,5.276426,0.5375494360923767,0.2518518567085266,0.02358870953321457
YOR137C,YGL126W,0,5.274063,0.5364891290664673,0.2518518567085266,0.02368951588869095
YOR173W,YDL054C,0,5.2718034,0.5354330539703369,0.2518518567085266,0.023790322244167328
YJR135W-A,YPR155C,1,5.26589,0.5363457798957825,0.2527777850627899,0.023790322244167328
YPR140W,YML131W,0,5.263175,0.5352941155433655,0.2527777850627899,0.023891128599643707
YOR176W,YFR033C,1,5.2616515,0.5362035036087036,0.2537037134170532,0.023891128599643707
YPL063W,YOR100C,1,5.2609076,0.537109375,0.25462964177131653,0.023891128599643707
YNR007C,YMR194W,0,5.260712,0.5360623598098755,0.25462964177131653,0.023991934955120087
YNR007C,YDR144C,0,5.2604327,0.5350194573402405,0.25462964177131653,0.024092741310596466
YCL033C,YLR185W,0,5.2600427,0.5339806079864502,0.25462964177131653,0.024193547666072845
YPL097W,YPR166C,0,5.2531195,0.5329457521438599,0.25462964177131653,0.024294354021549225
YDR453C,YHR037W,0,5.251323,0.5319148898124695,0.25462964177131653,0.024395160377025604
YDR393W,YJL180C,1,5.2464004,0.5328185558319092,0.25555557012557983,0.024395160377025604
YOR261C,YLR027C,0,5.243934,0.5317919254302979,0.25555557012557983,0.024495968595147133
YPR118W,YDL054C,0,5.241892,0.5307692289352417,0.25555557012557983,0.024596774950623512
YBR230C,YDL200C,0,5.2416205,0.5297504663467407,0.25555557012557983,0.02469758130609989
YIL114C,YER144C,0,5.241429,0.5287356376647949,0.25555557012557983,0.02479838766157627
YJL180C,YGR084C,0,5.240645,0.5277246832847595,0.25555557012557983,0.02489919401705265
YGR027C,YMR110C,0,5.239862,0.5267175436019897,0.25555557012557983,0.02500000037252903
YDR377W,YDL112W,0,5.2384844,0.5257142782211304,0.25555557012557983,0.02510080672800541
YGR257C,YGL187C,1,5.2356386,0.5266159772872925,0.25648146867752075,0.02510080672800541
YLL023C,YHR039C,0,5.231251,0.5256167054176331,0.25648146867752075,0.02520161308348179
YNR002C,YGL257C,0,5.2311034,0.5246211886405945,0.25648146867752075,0.025302419438958168
YFR055W,YFR049W,0,5.225647,0.5236294865608215,0.25648146867752075,0.025403225794434547
YGR044C,YBR096W,0,5.223449,0.5226414799690247,0.25648146867752075,0.025504032149910927
YDL198C,YDR353W,1,5.2195163,0.5235404968261719,0.25740739703178406,0.025504032149910927
YGR256W,YHR072W,0,5.215645,0.5225563645362854,0.25740739703178406,0.025604838505387306
YOR130C,YAL030W,0,5.214758,0.5215759873390198,0.25740739703178406,0.025705644860863686
YOR130C,YJL166W,1,5.212625,0.5224719047546387,0.25833332538604736,0.025705644860863686
YDR139C,YBR295W,0,5.208719,0.5214953422546387,0.25833332538604736,0.025806451216340065
YDR487C,YBL007C,0,5.20674,0.52052241563797,0.25833332538604736,0.025907257571816444
YBL101C,YIL114C,0,5.2029853,0.5195530652999878,0.25833332538604736,0.026008063927292824
YDR363W,YHR008C,0,5.201716,0.5185873508453369,0.25833332538604736,0.026108870282769203
YER017C,YML001W,1,5.2010612,0.5194805264472961,0.25925925374031067,0.026108870282769203
YNL185C,YPR166C,0,5.199358,0.5185185074806213,0.25925925374031067,0.026209676638245583
YML042W,YIL087C,1,5.1929517,0.5194085240364075,0.260185182094574,0.026209676638245583
YNR002C,YML058W-A,0,5.180668,0.5184502005577087,0.260185182094574,0.026310482993721962
YIL155C,YAL030W,0,5.1797867,0.5174953937530518,0.260185182094574,0.02641129121184349
YOR266W,YJL103C,0,5.1741867,0.5165441036224365,0.260185182094574,0.02651209756731987
YGR027C,YNL015W,0,5.172587,0.515596330165863,0.260185182094574,0.02661290392279625
YMR257C,YOR232W,1,5.17092,0.5164835453033447,0.2611111104488373,0.02661290392279625
YOR117W,YIL124W,0,5.1672063,0.515539288520813,0.2611111104488373,0.02671371027827263
YKL213C,YPL098C,1,5.1662726,0.5164233446121216,0.2620370388031006,0.02671371027827263
YJL208C,YDR343C,1,5.1622458,0.5173041820526123,0.2629629671573639,0.02671371027827263
YDR490C,YML129C,0,5.1621633,0.5163636207580566,0.2629629671573639,0.026814516633749008
YNL003C,YML131W,0,5.1574054,0.515426516532898,0.2629629671573639,0.026915322989225388
YFL016C,YIL043C,1,5.153194,0.5163043737411499,0.2638888955116272,0.026915322989225388
YDR055W,YLR043C,0,5.1527705,0.5153707265853882,0.2638888955116272,0.027016129344701767
YPR185W,YLR185W,0,5.15226,0.5144404172897339,0.2638888955116272,0.027116935700178146
YJL109C,YER182W,0,5.1520586,0.5135135054588318,0.2638888955116272,0.027217742055654526
YOR173W,YML110C,0,5.1489587,0.5125899314880371,0.2638888955116272,0.027318548411130905
YDL112W,YBR169C,0,5.1479964,0.5116696357727051,0.2638888955116272,0.027419354766607285
YDR414C,YNR037C,0,5.1451364,0.5107526779174805,0.2638888955116272,0.027520161122083664
YDR063W,YLR206W,0,5.1387258,0.5098389983177185,0.2638888955116272,0.027620967477560043
YGL252C,YPR004C,0,5.1373124,0.5089285969734192,0.2638888955116272,0.027721773833036423
YER026C,YDR353W,1,5.13438,0.5098039507865906,0.2648148238658905,0.027721773833036423
YBR230C,YIR008C,0,5.134376,0.5088967680931091,0.2648148238658905,0.027822580188512802
YBL064C,YEL054C,0,5.133075,0.5079929232597351,0.2648148238658905,0.02792338654398918
YDL145C,YML004C,0,5.1326365,0.5070921778678894,0.2648148238658905,0.02802419289946556
YGR294W,YBR126C,0,5.130874,0.5061947107315063,0.2648148238658905,0.02812499925494194
YOL008W,YLR390W,1,5.1278663,0.5070671439170837,0.2657407522201538,0.02812499925494194
YBR192W,YPR020W,1,5.123733,0.5079365372657776,0.2666666805744171,0.02812499925494194
YPL218W,YPR020W,0,5.12114,0.5070422291755676,0.2666666805744171,0.02822580561041832
YKL100C,YLR248W,0,5.1202636,0.5061511397361755,0.2666666805744171,0.02832661382853985
YDL054C,YKL081W,0,5.120261,0.5052631497383118,0.2666666805744171,0.028427420184016228
YNL036W,YDR236C,1,5.1193213,0.5061296224594116,0.26759257912635803,0.028427420184016228
YGL062W,YJL055W,0,5.118343,0.5052447319030762,0.26759257912635803,0.028528226539492607
YNL052W,YJL104W,1,5.1167192,0.5061082243919373,0.26851850748062134,0.028528226539492607
YDR376W,YBR177C,1,5.1145325,0.50696861743927,0.26944443583488464,0.028528226539492607
YEL054C,YHR008C,0,5.113584,0.5060869455337524,0.26944443583488464,0.028629032894968987
YOR334W,YBR230C,1,5.110214,0.5069444179534912,0.27037036418914795,0.028629032894968987
YLR324W,YMR281W,0,5.1087804,0.506065845489502,0.27037036418914795,0.028729839250445366
YER067W,YAR002W,0,5.10741,0.5051903128623962,0.27037036418914795,0.028830645605921745
YNR045W,YMR293C,1,5.1063485,0.5060449242591858,0.27129629254341125,0.028830645605921745
YGR044C,YPL236C,0,5.1060843,0.5051724314689636,0.27129629254341125,0.028931451961398125
YPL004C,YER170W,1,5.1049004,0.5060241222381592,0.27222222089767456,0.028931451961398125
YFR055W,YKL100C,0,5.1039066,0.5051546096801758,0.27222222089767456,0.029032258316874504
YGR135W,YKL096W,0,5.1013165,0.5042881369590759,0.27222222089767456,0.029133064672350883
YBR035C,YDL027C,1,5.100765,0.5051369667053223,0.27314814925193787,0.029133064672350883
YDR435C,YHR179W,0,5.1007,0.504273533821106,0.27314814925193787,0.029233871027827263
YHR017W,YGR102C,1,5.1004024,0.5051194429397583,0.27407407760620117,0.029233871027827263
YMR097C,YJL180C,1,5.094362,0.5059625506401062,0.2750000059604645,0.029233871027827263
YAR014C,YPR166C,0,5.0905886,0.5051020383834839,0.2750000059604645,0.029334677383303642
YKL133C,YMR089C,1,5.0892844,0.5059422850608826,0.2759259343147278,0.029334677383303642
YBL091C-A,YHR086W,0,5.087208,0.505084753036499,0.2759259343147278,0.02943548373878002
YBR205W,YKL138C,0,5.0849347,0.5042301416397095,0.2759259343147278,0.0295362900942564
YPR024W,YHR002W,1,5.078605,0.5050675868988037,0.2768518626689911,0.0295362900942564
YNL151C,YPR151C,0,5.07362,0.5042158365249634,0.2768518626689911,0.02963709644973278
YLL009C,YPR020W,1,5.071092,0.5050504803657532,0.2777777910232544,0.02963709644973278
YOL088C,YLR258W,0,5.0701723,0.5042017102241516,0.2777777910232544,0.02973790280520916
YBR297W,YHR179W,0,5.069915,0.5033556818962097,0.2777777910232544,0.02983870916068554
YDL029W,YCR004C,0,5.066096,0.5025125741958618,0.2777777910232544,0.02993951551616192
YJR085C,YLR100W,1,5.064487,0.5033444762229919,0.2787036895751953,0.02993951551616192
YML054C,YOR293W,0,5.0604763,0.5025041699409485,0.2787036895751953,0.030040321871638298
YOL012C,YJR099W,0,5.0580087,0.5016666650772095,0.2787036895751953,0.030141128227114677
YOL055C,YCR004C,0,5.057759,0.5008319616317749,0.2787036895751953,0.030241934582591057
YNL087W,YHR198C,0,5.0574164,0.5,0.2787036895751953,0.030342742800712585
YER154W,YPL134C,1,5.0553403,0.5008291602134705,0.2796296179294586,0.030342742800712585
YJL002C,YNL009W,0,5.0532556,0.5,0.2796296179294586,0.030443549156188965
YEL047C,YOL052C-A,0,5.052975,0.4991735517978668,0.2796296179294586,0.030544355511665344
YNL145W,YGR112W,0,5.0492663,0.4983498454093933,0.2796296179294586,0.030645161867141724
YFR004W,YDR144C,0,5.0477524,0.4975288212299347,0.2796296179294586,0.030745968222618103
YLR324W,YIL124W,0,5.047526,0.49671053886413574,0.2796296179294586,0.030846774578094482
YFR033C,YMR098C,1,5.044708,0.49753695726394653,0.2805555462837219,0.030846774578094482
YMR267W,YOR265W,0,5.0425334,0.4967212975025177,0.2805555462837219,0.030947580933570862
YNL180C,YKL138C,0,5.041308,0.49590834975242615,0.2805555462837219,0.03104838728904724
YGR049W,YML054C,1,5.0403385,0.49673202633857727,0.28148147463798523,0.03104838728904724
YCR028C-A,YML048W,0,5.0340285,0.49592170119285583,0.28148147463798523,0.03114919364452362
YFR011C,YGR183C,1,5.0279193,0.4967426657676697,0.28240740299224854,0.03114919364452362
YBL050W,YCL001W,0,5.0269775,0.49593496322631836,0.28240740299224854,0.03125
YDL085W,YIL065C,1,5.0249057,0.4967532455921173,0.28333333134651184,0.03125
YOR271C,YDL027C,1,5.024284,0.49756887555122375,0.28425925970077515,0.03125
YLR219W,YDL121C,0,5.0240035,0.49676376581192017,0.28425925970077515,0.03135080635547638
YJL034W,YEL020C,0,5.0228744,0.4959612190723419,0.28425925970077515,0.03145161271095276
YOL038W,YNL122C,0,5.0201454,0.4951612949371338,0.28425925970077515,0.03155241906642914
YOL136C,YOL048C,0,5.0183444,0.494363933801651,0.28425925970077515,0.03165322542190552
YHR016C,YOL056W,0,5.0181236,0.49356913566589355,0.28425925970077515,0.0317540317773819
YPL262W,YKL040C,0,5.0180254,0.49277690052986145,0.28425925970077515,0.031854838132858276
YNR017W,YIL065C,1,5.0173845,0.49358972907066345,0.28518518805503845,0.031854838132858276
YFR033C,YDR306C,0,5.0164976,0.4927999973297119,0.28518518805503845,0.031955644488334656
YDR506C,YFR033C,0,5.014607,0.49201276898384094,0.28518518805503845,0.032056450843811035
YNR037C,YCR065W,0,5.0138125,0.4912280738353729,0.28518518805503845,0.032157257199287415
YNR018W,YNL305C,1,5.013237,0.49203822016716003,0.28611111640930176,0.032157257199287415
YBR241C,YNL098C,0,5.0105057,0.4912559688091278,0.28611111640930176,0.032258063554763794
YLR216C,YJR047C,0,5.010119,0.49047619104385376,0.28611111640930176,0.03235886991024017
YDR487C,YGR194C,0,5.009213,0.4896988868713379,0.28611111640930176,0.03245967626571655
YCR083W,YMR319C,0,5.005464,0.4889240562915802,0.28611111640930176,0.03256048262119293
YJR058C,YGR260W,0,5.005318,0.4881516695022583,0.28611111640930176,0.03266128897666931
YJR121W,YFR011C,1,5.0048795,0.4889589846134186,0.28703704476356506,0.03266128897666931
YMR298W,YDL054C,0,4.9986806,0.4881889820098877,0.28703704476356506,0.03276209533214569
YPR030W,YPR167C,0,4.9958277,0.4874213933944702,0.28703704476356506,0.03286290168762207
YGR240C,YJR104C,1,4.9957976,0.488226056098938,0.28796297311782837,0.03286290168762207
YDR470C,YMR110C,1,4.9952655,0.4890282154083252,0.2888889014720917,0.03286290168762207
YLL009C,YDR244W,0,4.993311,0.48826292157173157,0.2888889014720917,0.03296370804309845
YLR218C,YNL036W,1,4.9902353,0.48906248807907104,0.2898148000240326,0.03296370804309845
YLR394W,YOR266W,0,4.9888864,0.48829951882362366,0.2898148000240326,0.03306451439857483
YJR004C,YGL076C,0,4.9881673,0.4875389337539673,0.2898148000240326,0.03316532075405121
YLL039C,YDR144C,0,4.982966,0.48678070306777954,0.2898148000240326,0.033266130834817886
YBR222C,YGL257C,0,4.9810715,0.4860248565673828,0.2898148000240326,0.033366937190294266
YCR065W,YOR037W,0,4.9789133,0.48527130484580994,0.2898148000240326,0.033467743545770645
YDR377W,YLR193C,1,4.976652,0.48606809973716736,0.2907407283782959,0.033467743545770645
YMR258C,YML026C,0,4.9746695,0.48531684279441833,0.2907407283782959,0.033568549901247025
YNL121C,YBL045C,1,4.9745603,0.4861111044883728,0.2916666567325592,0.033568549901247025
YDR163W,YBR096W,0,4.9744725,0.48536208271980286,0.2916666567325592,0.033669356256723404
YJL002C,YKL138C,0,4.9727855,0.48461538553237915,0.2916666567325592,0.03377016261219978
YDR038C,YMR301C,0,4.9679146,0.4838709533214569,0.2916666567325592,0.03387096896767616
YJL180C,YHR083W,1,4.966518,0.48466256260871887,0.2925925850868225,0.03387096896767616
YJR120W,YJL101C,0,4.9626417,0.4839203655719757,0.2925925850868225,0.03397177532315254
YER087C-A,YEL047C,0,4.96126,0.483180433511734,0.2925925850868225,0.03407258167862892
YPR098C,YOR285W,1,4.9585576,0.48396947979927063,0.2935185134410858,0.03407258167862892
YDR226W,YJL066C,1,4.951534,0.48475611209869385,0.2944444417953491,0.03407258167862892
YKL040C,YFR049W,0,4.950832,0.4840182662010193,0.2944444417953491,0.0341733880341053
YOR101W,YHR008C,0,4.9478836,0.4832826852798462,0.2944444417953491,0.03427419438958168
YPL098C,YPR005C,0,4.947561,0.4825493097305298,0.2944444417953491,0.03437500074505806
YLL009C,YGR240C,1,4.9473386,0.4833333194255829,0.2953703701496124,0.03437500074505806
YFR033C,YHR179W,0,4.9457374,0.4826021194458008,0.2953703701496124,0.03447580710053444
YOR317W,YBR091C,1,4.942214,0.4833836853504181,0.29629629850387573,0.03447580710053444
YOR116C,YER182W,0,4.94122,0.4826546013355255,0.29629629850387573,0.03457661345601082
YJL055W,YEL060C,0,4.939693,0.4819277226924896,0.29629629850387573,0.0346774198114872
YDL217C,YGR183C,1,4.938134,0.482706755399704,0.29722222685813904,0.0346774198114872
YLR197W,YMR098C,0,4.9359255,0.4819819927215576,0.29722222685813904,0.03477822616696358
YER087C-A,YKL096W-A,0,4.935617,0.48125937581062317,0.29722222685813904,0.03487903252243996
YOR178C,YGL068W,0,4.935348,0.480538934469223,0.29722222685813904,0.034979838877916336
YJL023C,YCR069W,0,4.9298625,0.4798206388950348,0.29722222685813904,0.035080645233392715
YFR033C,YDR415C,0,4.9294996,0.47910448908805847,0.29722222685813904,0.035181451588869095
YKL195W,YPR024W,1,4.927977,0.47988077998161316,0.29814815521240234,0.035181451588869095
YIL136W,YIL124W,1,4.9260793,0.480654776096344,0.29907408356666565,0.035181451588869095
YPL206C,YBR220C,0,4.9221616,0.4799405634403229,0.29907408356666565,0.035282257944345474
YDR063W,YDR150W,0,4.9134417,0.47922849655151367,0.29907408356666565,0.035383064299821854
YBR222C,YHR063C,0,4.9128366,0.4785185158252716,0.29907408356666565,0.03548387065529823
YKL151C,YOR232W,0,4.911502,0.47781065106391907,0.29907408356666565,0.03558467701077461
YOR285W,YOR356W,1,4.909722,0.478581964969635,0.30000001192092896,0.03558467701077461
YEL063C,YLR043C,0,4.907808,0.47787609696388245,0.30000001192092896,0.03568548336625099
YGL257C,YDR084C,0,4.9060493,0.477172315120697,0.30000001192092896,0.03578628972172737
YJR118C,YLL009C,0,4.9057174,0.47647058963775635,0.30000001192092896,0.03588709607720375
YOR142W,YJR046W,0,4.902718,0.4757709205150604,0.30000001192092896,0.03598790243268013
YDR262W,YEL031W,0,4.9003315,0.47507330775260925,0.30000001192092896,0.03608870878815651
YPL004C,YNL036W,1,4.8999085,0.4758418798446655,0.30092594027519226,0.03608870878815651
YPR151C,YML042W,1,4.8998213,0.47660818696022034,0.3018518388271332,0.03608870878815651
YLR285W,YJL037W,0,4.898619,0.4759124219417572,0.3018518388271332,0.03618951514363289
YJL180C,YKL100C,0,4.8975415,0.47521865367889404,0.3018518388271332,0.03629032149910927
YMR105C,YDR306C,0,4.897099,0.47452694177627563,0.3018518388271332,0.03639112785458565
YMR041C,YPR192W,0,4.8963113,0.4738371968269348,0.3018518388271332,0.03649193421006203
YPL004C,YML042W,1,4.8958354,0.4746008813381195,0.3027777671813965,0.03649193421006203
YPR043W,YDL200C,0,4.8927636,0.4739130437374115,0.3027777671813965,0.036592740565538406
YDL142C,YDR435C,0,4.892154,0.47322720289230347,0.3027777671813965,0.036693546921014786
YER014W,YKL194C,0,4.8899174,0.4725433588027954,0.3027777671813965,0.036794353276491165
YNL159C,YCR072C,0,4.8897495,0.47186148166656494,0.3027777671813965,0.036895159631967545
YDL126C,YLR069C,0,4.8769107,0.4711815416812897,0.3027777671813965,0.036995965987443924
YDR055W,YOR142W,0,4.8757095,0.4705035984516144,0.3027777671813965,0.0370967723429203
YJL143W,YPL099C,1,4.8756485,0.4712643623352051,0.3037036955356598,0.0370967723429203
YER154W,YJR034W,1,4.8732095,0.4720229506492615,0.3046296238899231,0.0370967723429203
YGL181W,YER067W,0,4.872456,0.4713467061519623,0.3046296238899231,0.03719758242368698
YDR453C,YPL274W,0,4.870892,0.4706723988056183,0.3046296238899231,0.03729838877916336
YAL026C,YGR112W,0,4.8696504,0.4699999988079071,0.3046296238899231,0.03739919513463974
YLR309C,YGL012W,0,4.8669214,0.4693295359611511,0.3046296238899231,0.03750000149011612
YMR135C,YOL052C-A,0,4.863163,0.46866098046302795,0.3046296238899231,0.0376008078455925
YLR077W,YHR051W,1,4.8627934,0.4694167971611023,0.3055555522441864,0.0376008078455925
YGL059W,YOR178C,0,4.862427,0.46875,0.3055555522441864,0.03770161420106888
YNL052W,YDR375C,1,4.8592105,0.4695035517215729,0.3064814805984497,0.03770161420106888
YGR084C,YLR193C,0,4.858864,0.46883851289749146,0.3064814805984497,0.03780242055654526
YLR216C,YDR397C,0,4.8577104,0.46817538142204285,0.3064814805984497,0.03790322691202164
YNR017W,YML129C,1,4.857165,0.4689265489578247,0.307407408952713,0.03790322691202164
YPL103C,YBL045C,1,4.855979,0.46967560052871704,0.3083333373069763,0.03790322691202164
YMR145C,YGL020C,1,4.8551364,0.47042253613471985,0.3092592656612396,0.03790322691202164
YER033C,YAL061W,0,4.8542957,0.4697608947753906,0.3092592656612396,0.038004033267498016
YIL006W,YMR145C,1,4.85045,0.47050562500953674,0.31018519401550293,0.038004033267498016
YKL119C,YKL157W,0,4.8429937,0.469845712184906,0.31018519401550293,0.038104839622974396
YER142C,YBR286W,0,4.841011,0.4691876769065857,0.31018519401550293,0.038205645978450775
YDR150W,YAL008W,0,4.8409104,0.46853145956993103,0.31018519401550293,0.038306452333927155
YGR194C,YDR165W,0,4.8382506,0.4678770899772644,0.31018519401550293,0.038407258689403534
YPR140W,YMR319C,0,4.8376865,0.4672245383262634,0.31018519401550293,0.03850806504487991
YDR466W,YCR028C-A,0,4.8363347,0.4665738046169281,0.31018519401550293,0.03860887140035629
YER039C,YEL026W,0,4.836125,0.4659248888492584,0.31018519401550293,0.03870967775583267
YOL052C-A,YNL138W,0,4.8357596,0.4652777910232544,0.31018519401550293,0.03881048411130905
YJR048W,YGR271C-A,0,4.834473,0.46463245153427124,0.31018519401550293,0.03891129046678543
YMR023C,YHR051W,1,4.831402,0.4653739631175995,0.31111112236976624,0.03891129046678543
YJR118C,YOR142W,0,4.830404,0.46473029255867004,0.31111112236976624,0.03901209682226181
YER017C,YJR013W,0,4.8265815,0.46408841013908386,0.31111112236976624,0.03911290317773819
YHR194W,YGL126W,0,4.8244095,0.46344828605651855,0.31111112236976624,0.03921370953321457
YDL121C,YJL042W,0,4.822206,0.4628099203109741,0.31111112236976624,0.03931451588869095
YJR121W,YDR487C,1,4.819964,0.46354883909225464,0.31203705072402954,0.03931451588869095
YPL224C,YOR211C,1,4.8167205,0.4642857015132904,0.31296294927597046,0.03931451588869095
YOL120C,YIL099W,0,4.815867,0.46364882588386536,0.31296294927597046,0.03941532224416733
YPR020W,YCR031C,0,4.815678,0.4630137085914612,0.31296294927597046,0.03951612859964371
YNL138W,YNR037C,0,4.813507,0.4623802900314331,0.31296294927597046,0.03961693495512009
YDR490C,YKL040C,0,4.813136,0.4617486298084259,0.31296294927597046,0.039717741310596466
YJR004C,YBR058C-A,0,4.8087,0.4611186981201172,0.31296294927597046,0.039818547666072845
YDL142C,YNL048W,0,4.8060956,0.46049046516418457,0.31296294927597046,0.039919354021549225
YPL262W,YDR531W,0,4.7994704,0.45986393094062805,0.31296294927597046,0.040020160377025604
YBR236C,YGR289C,0,4.7976155,0.45923912525177,0.31296294927597046,0.040120966732501984
YIL006W,YBR291C,1,4.7969437,0.4599728584289551,0.31388887763023376,0.040120966732501984
YBL050W,YOR341W,0,4.7942333,0.4593496024608612,0.31388887763023376,0.04022177308797836
YDR477W,YIL146C,0,4.79203,0.45872801542282104,0.31388887763023376,0.04032257944345474
YDR353W,YER182W,1,4.7904086,0.45945945382118225,0.31481480598449707,0.04032257944345474
YOL052C,YMR258C,0,4.7889934,0.45883941650390625,0.31481480598449707,0.04042338579893112
YAL029C,YKL138C,0,4.7864275,0.4582210183143616,0.31481480598449707,0.0405241921544075
YEL047C,YDR512C,0,4.783119,0.457604318857193,0.31481480598449707,0.04062499850988388
YLR426W,YJR024C,0,4.7804995,0.45698925852775574,0.31481480598449707,0.04072580486536026
YMR098C,YBL099W,1,4.7802444,0.4577181339263916,0.3157407343387604,0.04072580486536026
YGR082W,YGL059W,0,4.7766347,0.45710456371307373,0.3157407343387604,0.04082661122083664
YLR240W,YGL076C,0,4.7760186,0.4564926326274872,0.3157407343387604,0.04092741757631302
YER179W,YNL302C,0,4.7759805,0.45588234066963196,0.3157407343387604,0.0410282276570797
YIR024C,YDR298C,1,4.7758417,0.4566088020801544,0.3166666626930237,0.0410282276570797
YBR001C,YJR013W,0,4.7746067,0.4560000002384186,0.3166666626930237,0.041129034012556076
YDR376W,YER178W,0,4.7737117,0.4553928077220917,0.3166666626930237,0.041229840368032455
YDR503C,YDR513W,0,4.7709966,0.4547872245311737,0.3166666626930237,0.041330646723508835
YBR241C,YIL019W,0,4.769303,0.45418328046798706,0.3166666626930237,0.041431453078985214
YFR033C,YMR129W,0,4.7678113,0.45358091592788696,0.3166666626930237,0.041532259434461594
YGR088W,YGL252C,0,4.767757,0.4529801309108734,0.3166666626930237,0.04163306578993797
YBR287W,YOL040C,0,4.764816,0.4523809552192688,0.3166666626930237,0.04173387214541435
YDR487C,YNL003C,1,4.7638803,0.4531043469905853,0.317592591047287,0.04173387214541435
YKL124W,YLL009C,0,4.7634134,0.4525066018104553,0.317592591047287,0.04183467850089073
YER048W-A,YEL059C-A,1,4.763128,0.4532279372215271,0.3185185194015503,0.04183467850089073
YIL114C,YDL183C,1,4.761643,0.45394736528396606,0.3194444477558136,0.04183467850089073
YFR033C,YOR261C,0,4.7615566,0.45335084199905396,0.3194444477558136,0.04193548485636711
YDR177W,YCR083W,0,4.7606053,0.4527558982372284,0.3194444477558136,0.04203629121184349
YGR187C,YKL124W,0,4.7605996,0.452162504196167,0.3194444477558136,0.04213709756731987
YIL097W,YKL134C,0,4.7550063,0.45157068967819214,0.3194444477558136,0.04223790392279625
YDL188C,YHR191C,0,4.754445,0.45098039507865906,0.3194444477558136,0.04233871027827263
YBR222C,YMR319C,0,4.752682,0.45039165019989014,0.3194444477558136,0.04243951663374901
YNL242W,YDR236C,0,4.752533,0.449804425239563,0.3194444477558136,0.04254032298922539
YLR175W,YHR086W,0,4.751904,0.44921875,0.3194444477558136,0.04264112934470177
YPR061C,YOR222W,1,4.7487197,0.4499349892139435,0.3203703761100769,0.04264112934470177
YBL045C,YBR044C,1,4.748716,0.45064935088157654,0.3212963044643402,0.04264112934470177
YNL122C,YGL048C,0,4.7460694,0.45006483793258667,0.3212963044643402,0.042741935700178146
YPR098C,YGR222W,1,4.7448277,0.45077720284461975,0.3222222328186035,0.042741935700178146
YDR487C,YKR039W,0,4.7443075,0.4501940608024597,0.3222222328186035,0.042842742055654526
YGR135W,YPL097W,0,4.744051,0.44961240887641907,0.3222222328186035,0.042943548411130905
YDR284C,YDR244W,0,4.7405753,0.4490322470664978,0.3222222328186035,0.043044354766607285
YGR044C,YLR224W,0,4.7334046,0.4484536051750183,0.3222222328186035,0.043145161122083664
YDR506C,YHR005C-A,0,4.730818,0.4478764533996582,0.3222222328186035,0.04324596747756004
YDL084W,YGR143W,0,4.7296724,0.4473007619380951,0.3222222328186035,0.04334677383303642
YDL107W,YGL219C,1,4.7295766,0.44801026582717896,0.3231481611728668,0.04334677383303642
YLR393W,YLR201C,1,4.726544,0.44871795177459717,0.32407405972480774,0.04334677383303642
YCL057C-A,YBR039W,1,4.7191305,0.44942381978034973,0.32499998807907104,0.04334677383303642
YHR016C,YLR380W,0,4.718684,0.4488491117954254,0.32499998807907104,0.0434475801885128
YOR261C,YOR066W,0,4.7178106,0.4482758641242981,0.32499998807907104,0.04354838654398918
YAL001C,YNL306W,0,4.71681,0.4477040767669678,0.32499998807907104,0.04364919289946556
YOR306C,YNR054C,0,4.713325,0.44713374972343445,0.32499998807907104,0.04374999925494194
YDR044W,YGR102C,1,4.711177,0.44783714413642883,0.32592591643333435,0.04374999925494194
YJL180C,YNL129W,0,4.7101293,0.4472680985927582,0.32592591643333435,0.04385080561041832
YOR065W,YDL069C,1,4.709351,0.44796955585479736,0.32685184478759766,0.04385080561041832
YLL006W,YER053C,1,4.7074924,0.4486691951751709,0.32777777314186096,0.04385080561041832
YOL038W,YDR538W,0,4.7053185,0.4481012523174286,0.32777777314186096,0.0439516119658947
YGR255C,YGL219C,1,4.7053,0.4487989842891693,0.32870370149612427,0.0439516119658947
YIL114C,YIR034C,0,4.700438,0.4482323229312897,0.32870370149612427,0.04405241832137108
YGR240C,YNL305C,1,4.700411,0.4489281177520752,0.3296296298503876,0.04405241832137108
YDR091C,YDL021W,0,4.699755,0.44836270809173584,0.3296296298503876,0.04415322467684746
YLR380W,YDR131C,0,4.698548,0.4477987289428711,0.3296296298503876,0.04425403103232384
YER056C-A,YML054C,0,4.6978626,0.44723618030548096,0.3296296298503876,0.04435483738780022
YJL108C,YCL017C,0,4.693131,0.44667503237724304,0.3296296298503876,0.044455643743276596
YML115C,YNR037C,0,4.6920104,0.44611528515815735,0.3296296298503876,0.044556450098752975
YHR051W,YDR377W,1,4.6910644,0.44680851697921753,0.3305555582046509,0.044556450098752975
YER014W,YLL023C,0,4.688915,0.44624999165534973,0.3305555582046509,0.044657256454229355
YLR248W,YNL159C,0,4.686923,0.44569289684295654,0.3305555582046509,0.044758062809705734
YNL121C,YGL219C,1,4.6861935,0.4463840425014496,0.3314814865589142,0.044758062809705734
YNL015W,YMR150C,0,4.685579,0.4458281397819519,0.3314814865589142,0.044858869165182114
YDR125C,YKL053C-A,1,4.6853642,0.4465174078941345,0.3324074149131775,0.044858869165182114
YDR536W,YKL053C-A,0,4.6824765,0.44596272706985474,0.3324074149131775,0.04495967924594879
YDR226W,YNL055C,1,4.681935,0.44665011763572693,0.3333333432674408,0.04495967924594879
YPR155C,YBR238C,1,4.6812577,0.447335809469223,0.3342592716217041,0.04495967924594879
YOR320C,YNL117W,0,4.679741,0.4467821717262268,0.3342592716217041,0.04506048560142517
YAL055W,YHR074W,0,4.676048,0.4462299048900604,0.3342592716217041,0.04516129195690155
YML110C,YLR355C,0,4.6747527,0.4456790089607239,0.3342592716217041,0.04526209831237793
YPR185W,YER078C,0,4.674447,0.44512948393821716,0.3342592716217041,0.04536290466785431
YIL006W,YMR097C,1,4.6740665,0.44581282138824463,0.3351851999759674,0.04536290466785431
YGR065C,YFR033C,0,4.671793,0.44526445865631104,0.3351851999759674,0.04546371102333069
YOR073W,YHR198C,0,4.669644,0.4447174370288849,0.3351851999759674,0.04556451737880707
YPR061C,YPL135W,0,4.668772,0.4441717863082886,0.3351851999759674,0.04566532373428345
YGR016W,YKL152C,0,4.667315,0.4436274468898773,0.3351851999759674,0.04576613008975983
YAR002C-A,YDL054C,0,4.665503,0.4430844485759735,0.3351851999759674,0.045866936445236206
YIR037W,YML030W,1,4.665442,0.4437652826309204,0.3361110985279083,0.045866936445236206
YMR105C,YDR410C,0,4.664293,0.4432234466075897,0.3361110985279083,0.045967742800712585
YBR159W,YBR016W,0,4.663918,0.4426829218864441,0.3361110985279083,0.046068549156188965
YLL009C,YMR089C,1,4.6603103,0.443361759185791,0.33703702688217163,0.046068549156188965
YKL033W-A,YML129C,0,4.659957,0.4428223967552185,0.33703702688217163,0.046169355511665344
YLR367W,YFR045W,0,4.6598916,0.44228431582450867,0.33703702688217163,0.046270161867141724
YLR197W,YNL009W,0,4.6590753,0.4417475759983063,0.33703702688217163,0.0463709682226181
YNL026W,YLR289W,1,4.6575937,0.4424242377281189,0.33796295523643494,0.0463709682226181
YJR048W,YER106W,0,4.655725,0.44188863039016724,0.33796295523643494,0.04647177457809448
YML012W,YKL020C,0,4.6556973,0.44135430455207825,0.33796295523643494,0.04657258093357086
YGR288W,YPR166C,0,4.655465,0.44082126021385193,0.33796295523643494,0.04667338728904724
YJL180C,YMR060C,1,4.6554456,0.44149577617645264,0.33888888359069824,0.04667338728904724
YOL082W,YHR091C,0,4.6540675,0.44096386432647705,0.33888888359069824,0.04677419364452362
YLR172C,YOR035C,0,4.6533217,0.44043320417404175,0.33888888359069824,0.046875
YLR369W,YJR116W,0,4.6519685,0.4399038553237915,0.33888888359069824,0.04697580635547638
YHR197W,YNL055C,0,4.6511245,0.43937575817108154,0.33888888359069824,0.04707661271095276
YGR028W,YMR243C,1,4.649797,0.440047949552536,0.33981481194496155,0.04707661271095276
YOR116C,YER163C,0,4.649755,0.4395209550857544,0.33981481194496155,0.04717741906642914
YJL183W,YNR049C,0,4.6484036,0.43899521231651306,0.33981481194496155,0.04727822542190552
YNR007C,YOL040C,0,4.6479855,0.438470721244812,0.33981481194496155,0.0473790317773819
YNR007C,YFL041W,0,4.647228,0.43794748187065125,0.33981481194496155,0.047479838132858276
YPL072W,YDL004W,1,4.6465487,0.43861740827560425,0.34074074029922485,0.047479838132858276
YDR377W,YDL100C,0,4.643751,0.43809524178504944,0.34074074029922485,0.047580644488334656
YEL052W,YOR205C,1,4.6428666,0.4387633800506592,0.34166666865348816,0.047580644488334656
YER055C,YPR107C,0,4.6416507,0.4382422864437103,0.34166666865348816,0.047681450843811035
YPR147C,YKL170W,0,4.641125,0.43772241473197937,0.34166666865348816,0.047782257199287415
YLL023C,YPR118W,0,4.639234,0.4372037947177887,0.34166666865348816,0.047883063554763794
YNL092W,YML026C,0,4.639194,0.4366863965988159,0.34166666865348816,0.04798386991024017
YAL008W,YLR017W,0,4.6358685,0.43617022037506104,0.34166666865348816,0.04808467626571655
YPR021C,YGL191W,1,4.6331286,0.4368358850479126,0.34259259700775146,0.04808467626571655
YOL048C,YJL165C,0,4.6288643,0.4363207519054413,0.34259259700775146,0.04818548262119293
YPL224C,YER019W,1,4.6271214,0.43698468804359436,0.34351852536201477,0.04818548262119293
YOR163W,YHR008C,0,4.625393,0.4364705979824066,0.34351852536201477,0.04828628897666931
YFR024C-A,YML129C,0,4.6248326,0.4359577000141144,0.34351852536201477,0.04838709533214569
YLL041C,YJR025C,0,4.624212,0.43544602394104004,0.34351852536201477,0.04848790168762207
YGR257C,YPR183W,1,4.6234775,0.4361078441143036,0.3444444537162781,0.04848790168762207
YDL029W,YPL135W,0,4.6203456,0.43559718132019043,0.3444444537162781,0.04858870804309845
YPL103C,YGL219C,1,4.620005,0.4362573027610779,0.3453703820705414,0.04858870804309845
YDR063W,YKR098C,0,4.6173344,0.4357476532459259,0.3453703820705414,0.04868951439857483
YGR158C,YIL107C,0,4.6153836,0.43523919582366943,0.3453703820705414,0.04879032075405121
YER174C,YLR350W,0,4.612229,0.43473193049430847,0.3453703820705414,0.048891130834817886
YKL023W,YJL156C,0,4.6121116,0.434225857257843,0.3453703820705414,0.048991937190294266
YBL056W,YDR415C,0,4.6115894,0.4337209165096283,0.3453703820705414,0.049092743545770645
YLR431C,YCR028C-A,0,4.611099,0.43321719765663147,0.3453703820705414,0.049193549901247025
YIR024C,YLR348C,1,4.6106076,0.4338746964931488,0.3462963104248047,0.049193549901247025
YDR425W,YDR512C,0,4.6096845,0.43337196111679077,0.3462963104248047,0.049294356256723404
YFR045W,YML012W,0,4.6094346,0.43287035822868347,0.3462963104248047,0.04939516261219978
YDR282C,YMR002W,1,4.6093736,0.43352600932121277,0.3472222089767456,0.04939516261219978
YFR033C,YPL227C,0,4.6084094,0.43302538990974426,0.3472222089767456,0.04949596896767616
YMR097C,YML008C,1,4.606507,0.43367934226989746,0.3481481373310089,0.04949596896767616
YBR234C,YJL132W,0,4.603215,0.43317973613739014,0.3481481373310089,0.04959677532315254
YER182W,YJR024C,0,4.600082,0.43268123269081116,0.3481481373310089,0.04969758167862892
YOR246C,YJL002C,0,4.598921,0.4321839213371277,0.3481481373310089,0.0497983880341053
YOR266W,YMR319C,0,4.5985055,0.43168771266937256,0.3481481373310089,0.04989919438958168
YLR253W,YML120C,1,4.596044,0.43233945965766907,0.3490740656852722,0.04989919438958168
YER005W,YLR438C-A,0,4.5956416,0.43184420466423035,0.3490740656852722,0.05000000074505806
YGR249W,YGL261C,0,4.5942326,0.43135011196136475,0.3490740656852722,0.05010080710053444
YLR394W,YGR026W,0,4.5941586,0.4308571517467499,0.3490740656852722,0.05020161345601082
YDR282C,YOR224C,0,4.592822,0.43036529421806335,0.3490740656852722,0.0503024198114872
YGR243W,YNR032W,1,4.592083,0.4310148358345032,0.3499999940395355,0.0503024198114872
YER158C,YKL152C,0,4.5917344,0.43052393198013306,0.3499999940395355,0.05040322616696358
YDR287W,YML131W,0,4.589935,0.4300341308116913,0.3499999940395355,0.05050403252243996
YJR145C,YLR258W,0,4.5865207,0.42954546213150024,0.3499999940395355,0.050604838877916336
YLL023C,YIL124W,0,4.5843515,0.42905789613723755,0.3499999940395355,0.050705645233392715
YOR046C,YOL052C-A,0,4.5842795,0.4285714328289032,0.3499999940395355,0.050806451588869095
YMR003W,YDL107W,1,4.5832734,0.4292185604572296,0.35092592239379883,0.050806451588869095
YHR162W,YBR147W,1,4.5832715,0.4298642575740814,0.35185185074806213,0.050806451588869095
YPR140W,YGR256W,0,4.5830994,0.42937853932380676,0.35185185074806213,0.050907257944345474
YPL012W,YGR088W,0,4.579806,0.42889389395713806,0.35185185074806213,0.051008064299821854
YPL132W,YGR112W,1,4.578967,0.4295377731323242,0.35277777910232544,0.051008064299821854
YBR230C,YDR379W,0,4.5784383,0.42905405163764954,0.35277777910232544,0.05110887065529823
YNL117W,YAL008W,0,4.578297,0.4285714328289032,0.35277777910232544,0.05120967701077461
YFR033C,YLR025W,0,4.5766253,0.4280898869037628,0.35277777910232544,0.05131048336625099
YHR043C,YIL008W,0,4.575927,0.4276094138622284,0.35277777910232544,0.05141128972172737
YBR037C,YBR085W,1,4.575086,0.42825111746788025,0.35370370745658875,0.05141128972172737
YMR242C,YDR504C,0,4.573151,0.42777156829833984,0.35370370745658875,0.05151209607720375
YBR091C,YGR044C,0,4.569621,0.427293062210083,0.35370370745658875,0.05161290243268013
YDL180W,YNL159C,0,4.5683393,0.42681562900543213,0.35370370745658875,0.05171370878815651
YLR038C,YBL030C,1,4.5658383,0.4274553656578064,0.35462963581085205,0.05171370878815651
YNL131W,YPR204W,0,4.56495,0.42697882652282715,0.35462963581085205,0.05181451514363289
YNL162W,YIL033C,0,4.564905,0.42650333046913147,0.35462963581085205,0.05191532149910927
YKL151C,YLR258W,0,4.5642467,0.42602890729904175,0.35462963581085205,0.05201612785458565
YDR506C,YGR082W,0,4.5637565,0.425555557012558,0.35462963581085205,0.05211693421006203
YIR038C,YNR041C,1,4.5632606,0.42619311809539795,0.35555556416511536,0.05211693421006203
YJR048W,YPR065W,0,4.5609202,0.4257206320762634,0.35555556416511536,0.052217740565538406
YCL033C,YGR004W,0,4.5595717,0.4252491593360901,0.35555556416511536,0.052318546921014786
YJR048W,YDL216C,0,4.559363,0.4247787594795227,0.35555556416511536,0.052419353276491165
YGR256W,YKL184W,0,4.558346,0.4243094027042389,0.35555556416511536,0.052520159631967545
YPR154W,YOL023W,0,4.558006,0.42384105920791626,0.35555556416511536,0.052620965987443924
YDR134C,YAR003W,0,4.557604,0.4233737587928772,0.35555556416511536,0.0527217723429203
YDL126C,YGL020C,1,4.555165,0.4240088164806366,0.35648149251937866,0.0527217723429203
YGL157W,YMR288W,0,4.5550046,0.4235423505306244,0.35648149251937866,0.05282258242368698
YDL069C,YPR113W,1,4.5543537,0.42417582869529724,0.35740742087364197,0.05282258242368698
YLR426W,YDL116W,0,4.5530267,0.4237101972103119,0.35740742087364197,0.05292338877916336
YHR008C,YCR031C,0,4.552545,0.4232456088066101,0.35740742087364197,0.05302419513463974
YFR005C,YHR116W,0,4.552124,0.4227820336818695,0.35740742087364197,0.05312500149011612
YFR019W,YJR013W,0,4.55194,0.4223194718360901,0.35740742087364197,0.0532258078455925
YBR205W,YML054C,0,4.5515156,0.42185792326927185,0.35740742087364197,0.05332661420106888
YGR085C,YLR258W,0,4.5504975,0.4213973879814148,0.35740742087364197,0.05342742055654526
YML008C,YDL183C,1,4.549095,0.4220283627510071,0.3583333194255829,0.05342742055654526
YDR063W,YBR280C,0,4.547255,0.4215686321258545,0.3583333194255829,0.05352822691202164
YOR320C,YOR347C,0,4.5447474,0.4211099147796631,0.3583333194255829,0.053629033267498016
YBR121C,YHR037W,0,4.5446725,0.4206521809101105,0.3583333194255829,0.053729839622974396
YDR011W,YDR297W,0,4.5439143,0.42019543051719666,0.3583333194255829,0.053830645978450775
YLR320W,YBR246W,0,4.5435863,0.419739693403244,0.3583333194255829,0.053931452333927155
YOR212W,YMR110C,0,4.5424337,0.4192849397659302,0.3583333194255829,0.054032258689403534
YML093W,YIL124W,0,4.5417104,0.4188311696052551,0.3583333194255829,0.05413306504487991
YIL155C,YDR236C,1,4.541407,0.4194594621658325,0.3592592477798462,0.05413306504487991
YIL099W,YFL027C,0,4.5409284,0.41900646686553955,0.3592592477798462,0.05423387140035629
YDL036C,YIL124W,0,4.538702,0.41855448484420776,0.3592592477798462,0.05433467775583267
YKL020C,YDR084C,0,4.5384245,0.4181034564971924,0.3592592477798462,0.05443548411130905
YKL073W,YGR256W,0,4.537398,0.4176533818244934,0.3592592477798462,0.05453629046678543
YFR045W,YLR283W,1,4.536673,0.4182795584201813,0.3601851761341095,0.05453629046678543
YPL177C,YLR325C,0,4.536066,0.41783028841018677,0.3601851761341095,0.05463709682226181
YER057C,YJR048W,1,4.5352416,0.41845494508743286,0.3611111044883728,0.05463709682226181
YJR085C,YIL134W,1,4.5346627,0.4190782308578491,0.3620370328426361,0.05463709682226181
YBR297W,YOR212W,0,4.533935,0.41862955689430237,0.3620370328426361,0.05473790317773819
YLL023C,YDR084C,0,4.533118,0.41818180680274963,0.3620370328426361,0.05483870953321457
YLL050C,YML004C,0,4.5301657,0.4177350401878357,0.3620370328426361,0.05493951588869095
YNL327W,YDR177W,0,4.5300584,0.41728922724723816,0.3620370328426361,0.05504032224416733
YPL234C,YDL180W,0,4.5277066,0.41684433817863464,0.3620370328426361,0.05514112859964371
YJL055W,YPL135W,0,4.5218616,0.4164004325866699,0.3620370328426361,0.05524193495512009
YKL213C,YLR356W,1,4.5215077,0.4170212745666504,0.3629629611968994,0.05524193495512009
YOL117W,YBR003W,0,4.5203424,0.41657811403274536,0.3629629611968994,0.055342741310596466
YKL194C,YGL076C,0,4.519008,0.41613587737083435,0.3629629611968994,0.055443547666072845
YHR193C,YOL048C,0,4.5162024,0.41569459438323975,0.3629629611968994,0.055544354021549225
YDR330W,YDR415C,0,4.514713,0.41525423526763916,0.3629629611968994,0.055645160377025604
YAL038W,YPR151C,0,4.513929,0.4148148000240326,0.3629629611968994,0.055745966732501984
YGR233C,YIL124W,0,4.5130916,0.41437631845474243,0.3629629611968994,0.05584677308797836
YGR154C,YCR031C,0,4.511876,0.4139387607574463,0.3629629611968994,0.05594757944345474
YNL242W,YOR143C,0,4.511142,0.4135020971298218,0.3629629611968994,0.05604838579893112
YJL132W,YHR037W,0,4.5109477,0.41306638717651367,0.3629629611968994,0.0561491921544075
YPR140W,YAL028W,0,4.510882,0.4126315712928772,0.3629629611968994,0.05624999850988388
YOR241W,YDR197W,1,4.509786,0.4132492244243622,0.3638888895511627,0.05624999850988388
YKR007W,YGR289C,0,4.5078044,0.412815123796463,0.3638888895511627,0.05635080486536026
YNR002C,YDR306C,0,4.507373,0.41238194704055786,0.3638888895511627,0.05645161122083664
YPL250C,YPL243W,0,4.5054445,0.41194969415664673,0.3638888895511627,0.05655241757631302
YMR041C,YOL120C,0,4.504191,0.4115183353424072,0.3638888895511627,0.0566532276570797
YGR177C,YKL157W,0,4.5041013,0.41108787059783936,0.3638888895511627,0.056754034012556076
YER057C,YML030W,1,4.5024915,0.4117032289505005,0.364814817905426,0.056754034012556076
YOL008W,YFL016C,1,4.5024667,0.41231733560562134,0.36574074625968933,0.056754034012556076
YDR470C,YML008C,1,4.501102,0.41293013095855713,0.36666667461395264,0.056754034012556076
YJR004C,YDR280W,0,4.499518,0.4124999940395355,0.36666667461395264,0.056854840368032455
YJL054W,YDR031W,1,4.4991565,0.4131113290786743,0.36759260296821594,0.056854840368032455
YGL062W,YEL022W,0,4.498425,0.41268190741539,0.36759260296821594,0.056955646723508835
YKL119C,YPR192W,0,4.498027,0.41225337982177734,0.36759260296821594,0.057056453078985214
YDL100C,YLR120C,0,4.4973087,0.4118257164955139,0.36759260296821594,0.057157259434461594
YNL036W,YDL027C,1,4.497106,0.41243523359298706,0.36851853132247925,0.057157259434461594
YDL183C,YBR048W,0,4.494587,0.41200828552246094,0.36851853132247925,0.05725806578993797
YDL049C,YCR045C,0,4.49404,0.41158220171928406,0.36851853132247925,0.05735887214541435
YML106W,YDR244W,0,4.4927955,0.4111570119857788,0.36851853132247925,0.05745967850089073
YDR212W,YKR067W,0,4.4927716,0.4107327163219452,0.36851853132247925,0.05756048485636711
YKL096W,YGL068W,0,4.492431,0.4103092849254608,0.36851853132247925,0.05766129121184349
YCL044C,YJR135W-A,1,4.491076,0.4109165668487549,0.36944442987442017,0.05766129121184349
YLL009C,YFR011C,1,4.48745,0.41152262687683105,0.37037035822868347,0.05766129121184349
YOR228C,YIL099W,0,4.486254,0.41109970211982727,0.37037035822868347,0.05776209756731987
YJR077C,YNR032W,1,4.485451,0.41170430183410645,0.3712962865829468,0.05776209756731987
YOR035C,YDR139C,0,4.4840236,0.4112820625305176,0.3712962865829468,0.05786290392279625
YLR234W,YNL145W,0,4.481726,0.41086065769195557,0.3712962865829468,0.05796371027827263
YML058W-A,YCR004C,0,4.480834,0.4104401171207428,0.3712962865829468,0.05806451663374901
YLR258W,YHR057C,0,4.480634,0.4100204408168793,0.3712962865829468,0.05816532298922539
YMR145C,YMR177W,1,4.4803886,0.41062307357788086,0.3722222149372101,0.05816532298922539
YDL048C,YDR304C,0,4.4801707,0.41020408272743225,0.3722222149372101,0.05826612934470177
YLL009C,YCR072C,0,4.4784913,0.4097859263420105,0.3722222149372101,0.058366935700178146
YLR061W,YDL222C,0,4.473385,0.409368634223938,0.3722222149372101,0.058467742055654526
YPL274W,YCR101C,0,4.4733386,0.40895217657089233,0.3722222149372101,0.058568548411130905
YER055C,YMR286W,0,4.473005,0.4085365831851959,0.3722222149372101,0.058669354766607285
YDL112W,YLR258W,0,4.4723444,0.40812182426452637,0.3722222149372101,0.058770161122083664
YOL096C,YBR265W,1,4.4721775,0.4087221026420593,0.3731481432914734,0.058770161122083664
YGR238C,YML106W,0,4.469585,0.4083079993724823,0.3731481432914734,0.05887096747756004
YPL218W,YOL064C,0,4.469055,0.40789473056793213,0.3731481432914734,0.05897177383303642
YFL028C,YMR010W,0,4.468927,0.4074822962284088,0.3731481432914734,0.0590725801885128
YER087C-A,YOR142W,0,4.4675007,0.40707069635391235,0.3731481432914734,0.05917338654398918
YDL103C,YGL229C,0,4.4673915,0.40665993094444275,0.3731481432914734,0.05927419289946556
YDR071C,YDR084C,0,4.4673486,0.40625,0.3731481432914734,0.05937499925494194
YNL159C,YCR031C,0,4.466474,0.4058408737182617,0.3731481432914734,0.05947580561041832
YDR334W,YPL059W,0,4.4649596,0.4054325819015503,0.3731481432914734,0.0595766119658947
YDR212W,YBL078C,0,4.464799,0.4050251245498657,0.3731481432914734,0.05967741832137108
YDR435C,YKL096W,0,4.4629292,0.4046184718608856,0.3731481432914734,0.05977822467684746
YPR083W,YJR118C,0,4.461905,0.40421262383461,0.3731481432914734,0.05987903103232384
YGL206C,YDR297W,0,4.459271,0.4038076102733612,0.3731481432914734,0.05997983738780022
YLR188W,YKR087C,1,4.458688,0.4044044017791748,0.3740740716457367,0.05997983738780022
YJR117W,YGR183C,1,4.457952,0.4050000011920929,0.375,0.05997983738780022
YER026C,YMR228W,1,4.457506,0.4055944085121155,0.3759259283542633,0.05997983738780022
YBL059C-A,YMR293C,1,4.4548364,0.40618762373924255,0.3768518567085266,0.05997983738780022
YDL188C,YGR207C,0,4.4512143,0.40578263998031616,0.3768518567085266,0.060080643743276596
YLR356W,YGR257C,1,4.448012,0.4063745141029358,0.3777777850627899,0.060080643743276596
YKL002W,YGR065C,0,4.446566,0.40597015619277954,0.3777777850627899,0.060181450098752975
YOL082W,YDR144C,0,4.4460416,0.40556660294532776,0.3777777850627899,0.060282256454229355
YPL177C,YBR171W,0,4.4447856,0.40516385436058044,0.3777777850627899,0.060383062809705734
YPL164C,YGL101W,0,4.4435716,0.4047619104385376,0.3777777850627899,0.060483869165182114
YJL091C,YNL055C,0,4.4428244,0.40436074137687683,0.3777777850627899,0.06058467924594879
YIL087C,YNR040W,1,4.4413776,0.40495049953460693,0.3787037134170532,0.06058467924594879
YCL044C,YBR185C,1,4.441344,0.40553906559944153,0.37962964177131653,0.06058467924594879
YNL131W,YDR049W,1,4.4408226,0.406126469373703,0.38055557012557983,0.06058467924594879
YOR065W,YER031C,1,4.4405227,0.40671274065971375,0.38148146867752075,0.06058467924594879
YDR038C,YER124C,0,4.440389,0.40631163120269775,0.38148146867752075,0.06068548560142517
YNL327W,YNL185C,0,4.4402575,0.40591132640838623,0.38148146867752075,0.06078629195690155
YJR048W,YJL112W,1,4.438515,0.4064960777759552,0.38240739703178406,0.06078629195690155
YER078C,YJR025C,0,4.4375663,0.40609636902809143,0.38240739703178406,0.06088709831237793
YCL005W,YNL242W,0,4.437493,0.40569743514060974,0.38240739703178406,0.06098790466785431
YDR155C,YIL160C,1,4.4374285,0.40628066658973694,0.38333332538604736,0.06098790466785431
YFR025C,YPL268W,0,4.436269,0.4058823585510254,0.38333332538604736,0.06108871102333069
YPL097W,YDL180W,0,4.433914,0.4054848253726959,0.38333332538604736,0.06118951737880707
YIL099W,YNL049C,0,4.4336166,0.40508806705474854,0.38333332538604736,0.06129032373428345
YDL067C,YFR045W,1,4.4334188,0.40566959977149963,0.38425925374031067,0.06129032373428345
YNR074C,YIL155C,1,4.4319425,0.40625,0.385185182094574,0.06129032373428345
YOR091W,YNR002C,0,4.431941,0.40585365891456604,0.385185182094574,0.06139113008975983
YKR066C,YBL031W,0,4.4316435,0.40545809268951416,0.385185182094574,0.061491936445236206
YLR388W,YNL306W,0,4.431474,0.40506330132484436,0.385185182094574,0.061592742800712585
YNL131W,YJL037W,0,4.4307637,0.40466925501823425,0.385185182094574,0.061693549156188965
YBR060C,YGR112W,0,4.430394,0.4042759835720062,0.385185182094574,0.061794355511665344
YDR326C,YKL133C,1,4.425715,0.40485435724258423,0.3861111104488373,0.061794355511665344
YBR297W,YGL054C,0,4.4255958,0.40446168184280396,0.3861111104488373,0.061895161867141724
YDR511W,YJL082W,1,4.4202166,0.4050387740135193,0.3870370388031006,0.061895161867141724
YER185W,YPL097W,0,4.419914,0.4046466648578644,0.3870370388031006,0.0619959682226181
YMR008C,YLR216C,0,4.419894,0.40425533056259155,0.3870370388031006,0.06209677457809448
YLR350W,YHR214W,0,4.419293,0.4038647413253784,0.3870370388031006,0.06219758093357086
YNL301C,YAL008W,0,4.4171853,0.403474897146225,0.3870370388031006,0.06229838728904724
YPL236C,YBR013C,0,4.4157205,0.4030858278274536,0.3870370388031006,0.06239919364452362
YJL206C,YIL135C,0,4.4132214,0.40269750356674194,0.3870370388031006,0.0625
YOR306C,YLR435W,0,4.4130692,0.40230992436408997,0.3870370388031006,0.06260080635547638
YNL310C,YAR035W,1,4.410069,0.4028846025466919,0.3879629671573639,0.06260080635547638
YMR033W,YOL048C,0,4.4084735,0.4024975895881653,0.3879629671573639,0.06270161271095276
YPR181C,YPL098C,0,4.4068427,0.40211132168769836,0.3879629671573639,0.06280241906642914
YOR173W,YAL055W,0,4.405949,0.40172579884529114,0.3879629671573639,0.06290322542190552
YML004C,YBR133C,0,4.4051757,0.4013409912586212,0.3879629671573639,0.0630040317773819
YLR446W,YDR501W,0,4.4046807,0.400956928730011,0.3879629671573639,0.06310483813285828
YEL026W,YPR154W,0,4.4046726,0.40057361125946045,0.3879629671573639,0.06320564448833466
YOR101W,YPR151C,0,4.400532,0.4001910090446472,0.3879629671573639,0.06330645084381104
YDR212W,YOR257W,0,4.4003787,0.3998091518878937,0.3879629671573639,0.06340725719928741
YPR067W,YER019W,1,4.4000096,0.40038132667541504,0.3888888955116272,0.06340725719928741
YER182W,YGR187C,0,4.399014,0.4000000059604645,0.3888888955116272,0.0635080635547638
YHR059W,YHR017W,0,4.3977847,0.3996194005012512,0.3888888955116272,0.06360886991024017
YOL048C,YGL220W,0,4.3975077,0.39923954010009766,0.3888888955116272,0.06370967626571655
YDL103C,YHR194W,0,4.397166,0.3988603949546814,0.3888888955116272,0.06381048262119293
YML019W,YPR166C,0,4.394432,0.39848196506500244,0.3888888955116272,0.06391128897666931
YML054C,YGR280C,0,4.394117,0.3981042802333832,0.3888888955116272,0.06401209533214569
YMR166C,YDR504C,0,4.393502,0.39772728085517883,0.3888888955116272,0.06411290168762207
YPL194W,YER078C,0,4.3913302,0.3973509967327118,0.3888888955116272,0.06421370804309845
YPL158C,YOL129W,0,4.388804,0.39697542786598206,0.3888888955116272,0.06431451439857483
YOL082W,YOR327C,0,4.388765,0.3966005742549896,0.3888888955116272,0.06441532075405121
YIL136W,YLR193C,1,4.388731,0.3971697986125946,0.3898148238658905,0.06441532075405121
YLR398C,YLL009C,0,4.3878627,0.39679548144340515,0.3898148238658905,0.06451612710952759
YOR228C,YCL038C,0,4.38753,0.3964218497276306,0.3898148238658905,0.06461693346500397
YNL169C,YDR043C,0,4.387341,0.396048903465271,0.3898148238658905,0.06471773982048035
YLR193C,YDR375C,1,4.3858285,0.39661654829978943,0.3907407522201538,0.06471773982048035
YDR462W,YDR306C,0,4.3854527,0.3962441384792328,0.3907407522201538,0.06481854617595673
YER163C,YCR004C,0,4.383562,0.39587241411209106,0.3907407522201538,0.0649193525314331
YOR353C,YOL048C,0,4.383156,0.39550140500068665,0.3907407522201538,0.06502015888690948
YAR031W,YKL053C-A,0,4.3813105,0.39513108134269714,0.3907407522201538,0.06512096524238586
YBR042C,YHR057C,0,4.378862,0.39476147294044495,0.3907407522201538,0.06522177159786224
YDR350C,YPL158C,0,4.378616,0.3943925201892853,0.3907407522201538,0.06532257795333862
YLR394W,YCL001W,0,4.378039,0.3940242826938629,0.3907407522201538,0.065423384308815
YOL088C,YBL099W,0,4.377547,0.39365673065185547,0.3907407522201538,0.06552419066429138
YBL101C,YDR435C,0,4.3772855,0.39328983426094055,0.3907407522201538,0.06562499701976776
YPL079W,YOL087C,0,4.374485,0.39292365312576294,0.3907407522201538,0.06572580337524414
YMR286W,YLR442C,0,4.374203,0.39255812764167786,0.3907407522201538,0.06582660973072052
YBR016W,YDL056W,0,4.368939,0.3921933174133301,0.3907407522201538,0.0659274160861969
YER142C,YPL079W,0,4.3682146,0.39182916283607483,0.3907407522201538,0.06602822244167328
YDR155C,YMR060C,1,4.367292,0.3923933207988739,0.3916666805744171,0.06602822244167328
YHR162W,YLR201C,1,4.3663044,0.3929564356803894,0.39259257912635803,0.06602822244167328
YHR005C-A,YJL042W,0,4.3659635,0.39259257912635803,0.39259257912635803,0.06612902879714966
YDR063W,YGL126W,0,4.364655,0.3922294080257416,0.39259257912635803,0.06622983515262604
YDL113C,YMR150C,0,4.363954,0.39186692237854004,0.39259257912635803,0.06633064150810242
YLR172C,YBR269C,0,4.3639393,0.39150509238243103,0.39259257912635803,0.0664314553141594
YBR031W,YNL083W,0,4.3626723,0.39114391803741455,0.39259257912635803,0.06653226166963577
YDR453C,YIR034C,0,4.3615217,0.3907833993434906,0.39259257912635803,0.06663306802511215
YKL037W,YOL143C,1,4.3608575,0.3913443684577942,0.39351850748062134,0.06663306802511215
YDL198C,YPR155C,1,4.358894,0.3919043242931366,0.39444443583488464,0.06663306802511215
YOR142W,YLR438C-A,0,4.3587847,0.3915441036224365,0.39444443583488464,0.06673387438058853
YOR140W,YNL129W,0,4.3586555,0.39118456840515137,0.39444443583488464,0.06683468073606491
YIR037W,YOR222W,1,4.357855,0.39174312353134155,0.39537036418914795,0.06683468073606491
YLR393W,YLR038C,1,4.3578353,0.39230063557624817,0.39629629254341125,0.06683468073606491
YDR306C,YLR258W,0,4.356936,0.3919413983821869,0.39629629254341125,0.06693548709154129
YHR091C,YGL257C,0,4.3553863,0.39158278703689575,0.39629629254341125,0.06703629344701767
YBR050C,YPR118W,0,4.355333,0.39122486114501953,0.39629629254341125,0.06713709980249405
YMR244C-A,YER154W,1,4.354419,0.391780823469162,0.39722222089767456,0.06713709980249405
YIR024C,YKR066C,1,4.3523355,0.39233577251434326,0.39814814925193787,0.06713709980249405
YEL020W-A,YDR438W,1,4.3498087,0.39288970828056335,0.39907407760620117,0.06713709980249405
YDL049C,YBR289W,0,4.347122,0.3925318717956543,0.39907407760620117,0.06723790615797043
YIL076W,YMR008C,0,4.3442163,0.39217469096183777,0.39907407760620117,0.06733871251344681
YJL180C,YMR083W,0,4.344,0.39181819558143616,0.39907407760620117,0.06743951886892319
YOL117W,YKL134C,0,4.3424945,0.3914622962474823,0.39907407760620117,0.06754032522439957
YHR162W,YNL052W,1,4.342334,0.3920145332813263,0.4000000059604645,0.06754032522439957
YGL108C,YKL100C,0,4.3403296,0.39165911078453064,0.4000000059604645,0.06764113157987595
YCR023C,YNL041C,0,4.339185,0.3913043439388275,0.4000000059604645,0.06774193793535233
YMR311C,YDR134C,0,4.338883,0.3909502327442169,0.4000000059604645,0.0678427442908287
YBL064C,YPL191C,0,4.337962,0.39059674739837646,0.4000000059604645,0.06794355064630508
YPL250C,YOR085W,0,4.336762,0.39024388790130615,0.4000000059604645,0.06804435700178146
YAL038W,YBR269C,0,4.3367596,0.38989168405532837,0.4000000059604645,0.06814516335725784
YEL031W,YMR150C,0,4.33588,0.3895401358604431,0.4000000059604645,0.06824596971273422
YNR018W,YFR042W,0,4.334327,0.3891891837120056,0.4000000059604645,0.0683467760682106
YNL320W,YKR087C,1,4.332339,0.3897389769554138,0.4009259343147278,0.0683467760682106
YAL030W,YGR178C,0,4.3314786,0.3893885016441345,0.4009259343147278,0.06844758242368698
YMR071C,YGL157W,0,4.330812,0.389038622379303,0.4009259343147278,0.06854838877916336
YPL041C,YKR065C,1,4.3291554,0.38958707451820374,0.4018518626689911,0.06854838877916336
YDL017W,YLL041C,0,4.328439,0.3892376720905304,0.4018518626689911,0.06864919513463974
YDR306C,YDL191W,0,4.3283834,0.3888888955116272,0.4018518626689911,0.06875000149011612
YPL023C,YLR175W,0,4.3275657,0.38854074478149414,0.4018518626689911,0.0688508078455925
YML086C,YPR098C,1,4.3273664,0.38908764719963074,0.4027777910232544,0.0688508078455925
YDL192W,YGR143W,0,4.3269687,0.3887399435043335,0.4027777910232544,0.06895161420106888
YOR228C,YDR177W,0,4.326931,0.3883928656578064,0.4027777910232544,0.06905242055654526
YDR326C,YIR038C,1,4.3241997,0.38893845677375793,0.4037036895751953,0.06905242055654526
YMR041C,YLR092W,0,4.322835,0.38859179615974426,0.4037036895751953,0.06915322691202164
YER158C,YNL222W,0,4.321125,0.38824576139450073,0.4037036895751953,0.06925403326749802
YPL227C,YLR350W,0,4.320607,0.38790035247802734,0.4037036895751953,0.0693548396229744
YKL170W,YBL091C-A,0,4.319502,0.3875555694103241,0.4037036895751953,0.06945564597845078
YML075C,YBR269C,0,4.3192067,0.3872113823890686,0.4037036895751953,0.06955645233392715
YBR192W,YPL135W,0,4.3188396,0.38686779141426086,0.4037036895751953,0.06965725868940353
YBR246W,YHR088W,0,4.318684,0.38652482628822327,0.4037036895751953,0.06975806504487991
YPL012W,YGL046W,0,4.3185444,0.3861824572086334,0.4037036895751953,0.06985887140035629
YJL209W,YOR228C,1,4.3160014,0.38672566413879395,0.4046296179294586,0.06985887140035629
YDL142C,YOR073W,0,4.314675,0.3863837420940399,0.4046296179294586,0.06995967775583267
YML034W,YPR020W,0,4.314552,0.38604241609573364,0.4046296179294586,0.07006048411130905
YIL155C,YAL063C,0,4.3143287,0.3857016861438751,0.4046296179294586,0.07016129046678543
YPL230W,YBR096W,0,4.313708,0.38536155223846436,0.4046296179294586,0.07026209682226181
YML110C,YPR093C,0,4.3103595,0.38502201437950134,0.4046296179294586,0.07036290317773819
YGL068W,YKL138C,0,4.3095865,0.38468310236930847,0.4046296179294586,0.07046370953321457
YLR218C,YDL126C,1,4.309483,0.38522428274154663,0.4055555462837219,0.07046370953321457
YCL050C,YER178W,0,4.3088217,0.3848857581615448,0.4055555462837219,0.07056451588869095
YML004C,YFR016C,0,4.307936,0.3845478594303131,0.4055555462837219,0.07066532224416733
YLR259C,YOL082W,0,4.3079047,0.3842105269432068,0.4055555462837219,0.07076612859964371
YDR090C,YDR077W,0,4.304071,0.3838737905025482,0.4055555462837219,0.07086693495512009
YGR044C,YFL066C,0,4.302824,0.3835376501083374,0.4055555462837219,0.07096774131059647
YLL019C,YMR105C,0,4.301784,0.38320210576057434,0.4055555462837219,0.07106854766607285
YPL164C,YGL231C,0,4.30051,0.38286712765693665,0.4055555462837219,0.07116935402154922
YKR042W,YGL191W,1,4.2991004,0.3834061026573181,0.40648147463798523,0.07116935402154922
YBR035C,YNL052W,1,4.2981353,0.38394415378570557,0.40740740299224854,0.07116935402154922
YPL177C,YLR216C,0,4.296887,0.383609414100647,0.40740740299224854,0.0712701603770256
YBL050W,YDR016C,0,4.293991,0.38327527046203613,0.40740740299224854,0.07137096673250198
YDR257C,YIL124W,0,4.2933187,0.38294169306755066,0.40740740299224854,0.07147177308797836
YOR228C,YGL101W,0,4.2931285,0.38260868191719055,0.40740740299224854,0.07157257944345474
YNL180C,YDR304C,0,4.2920537,0.3822762668132782,0.40740740299224854,0.07167338579893112
YDR536W,YPR137W,0,4.29174,0.3819444477558136,0.40740740299224854,0.0717741921544075
YAL038W,YPL275W,0,4.2887464,0.38161319494247437,0.40740740299224854,0.07187499850988388
YNL185C,YKL119C,0,4.2878923,0.3812825083732605,0.40740740299224854,0.07197580486536026
YLR218C,YAL008W,1,4.287863,0.38181817531585693,0.40833333134651184,0.07197580486536026
YER141W,YLR393W,1,4.287349,0.38235294818878174,0.40925925970077515,0.07197580486536026
YLR426W,YOR201C,0,4.287224,0.3820224702358246,0.40925925970077515,0.07207661122083664
YDR025W,YNL055C,0,4.2870097,0.3816925585269928,0.40925925970077515,0.07217741757631302
YDR435C,YLR196W,0,4.2837014,0.38136324286460876,0.40925925970077515,0.0722782239317894
YGL012W,YHR194W,0,4.283567,0.3810344934463501,0.40925925970077515,0.07237903028726578
YIL087C,YMR243C,1,4.2826185,0.3815676271915436,0.41018518805503845,0.07237903028726578
YDL190C,YGR038W,0,4.2792926,0.38123923540115356,0.41018518805503845,0.07247983664274216
YPR133C,YKL100C,0,4.2779994,0.3809114396572113,0.41018518805503845,0.07258064299821854
YKL134C,YBL093C,0,4.2768903,0.380584180355072,0.41018518805503845,0.07268144935369492
YNL162W,YJL132W,0,4.276101,0.3802575170993805,0.41018518805503845,0.0727822557091713
YBR003W,YMR301C,1,4.2748437,0.38078901171684265,0.41111111640930176,0.0727822557091713
YDR262W,YDR057W,0,4.2739296,0.38046273589134216,0.41111111640930176,0.07288306206464767
YDL192W,YPR166C,0,4.2732377,0.38013699650764465,0.41111111640930176,0.07298386842012405
YPR072W,YLR438C-A,0,4.27305,0.3798117935657501,0.41111111640930176,0.07308467477560043
YLR426W,YDR415C,0,4.2715707,0.37948718667030334,0.41111111640930176,0.07318548113107681
YOL048C,YMR230W,0,4.2707047,0.37916311621665955,0.41111111640930176,0.07328628748655319
YDR500C,YBR126C,0,4.2693753,0.3788395822048187,0.41111111640930176,0.07338709384202957
YGR169C,YDL048C,0,4.267532,0.37851661443710327,0.41111111640930176,0.07348790019750595
YPL098C,YER019W,1,4.2668943,0.3790459930896759,0.41203704476356506,0.07348790019750595
YDR452W,YOL052C-A,0,4.264073,0.3787234127521515,0.41203704476356506,0.07358870655298233
YBL064C,YGL062W,0,4.263904,0.37840136885643005,0.41203704476356506,0.07368951290845871
YIR037W,YIL087C,1,4.2638807,0.3789294958114624,0.41296297311782837,0.07368951290845871
YLR050C,YLR027C,0,4.2637234,0.3786078095436096,0.41296297311782837,0.07379031926393509
YPL098C,YDR538W,0,4.2630525,0.3782866895198822,0.41296297311782837,0.07389112561941147
YOR161C,YLR197W,0,4.26205,0.37796610593795776,0.41296297311782837,0.07399193197488785
YCR094W,YDR090C,0,4.260801,0.3776460587978363,0.41296297311782837,0.07409273833036423
YDR226W,YBR003W,1,4.2605405,0.3781725764274597,0.4138889014720917,0.07409273833036423
YER051W,YKL194C,0,4.2604938,0.3778529167175293,0.4138889014720917,0.0741935446858406
YDR376W,YOR232W,1,4.2586026,0.37837839126586914,0.4148148000240326,0.0741935446858406
YIL063C,YML131W,0,4.2580414,0.378059059381485,0.4148148000240326,0.07429435849189758
YLR426W,YPL270W,1,4.2570186,0.37858346104621887,0.4157407283782959,0.07429435849189758
YPL012W,YHR008C,0,4.2567177,0.37826454639434814,0.4157407283782959,0.07439516484737396
YDL160C,YFR049W,0,4.2538953,0.377946138381958,0.4157407283782959,0.07449597120285034
YLR396C,YPR020W,0,4.2532487,0.37762826681137085,0.4157407283782959,0.07459677755832672
YOR022C,YHR043C,0,4.253089,0.37731093168258667,0.4157407283782959,0.0746975839138031
YER142C,YBR159W,0,4.251778,0.37699413299560547,0.4157407283782959,0.07479839026927948
YNL092W,YPL131W,0,4.2512994,0.37667784094810486,0.4157407283782959,0.07489919662475586
YOR027W,YCR060W,0,4.250975,0.3763621151447296,0.4157407283782959,0.07500000298023224
YOR241W,YMR002W,1,4.250049,0.37688443064689636,0.4166666567325592,0.07500000298023224
YDR504C,YML101C,0,4.2483974,0.3765690326690674,0.4166666567325592,0.07510080933570862
YHR194W,YBR084C-A,0,4.248291,0.3762541711330414,0.4166666567325592,0.075201615691185
YDR236C,YOR071C,0,4.2482047,0.37593984603881836,0.4166666567325592,0.07530242204666138
YGR088W,YOL052C-A,0,4.247523,0.3756260573863983,0.4166666567325592,0.07540322840213776
YER039C,YDR144C,0,4.2473593,0.37531277537345886,0.4166666567325592,0.07550403475761414
YBR287W,YML004C,0,4.24709,0.375,0.4166666567325592,0.07560484111309052
YOL087C,YDR280W,0,4.246695,0.3746877610683441,0.4166666567325592,0.0757056474685669
YAL028W,YLR438C-A,0,4.2460704,0.3743760287761688,0.4166666567325592,0.07580645382404327
YLR068W,YBR222C,0,4.244569,0.3740648329257965,0.4166666567325592,0.07590726017951965
YGR026W,YPR199C,0,4.242167,0.3737541437149048,0.4166666567325592,0.07600806653499603
YBL050W,YBR050C,0,4.2419324,0.37344399094581604,0.4166666567325592,0.07610887289047241
YNL327W,YDR244W,0,4.2402387,0.3731343150138855,0.4166666567325592,0.07620967924594879
YEL020W-A,YMR060C,1,4.2399697,0.37365368008613586,0.4175925850868225,0.07620967924594879
YAL026C,YML004C,0,4.23928,0.373344361782074,0.4175925850868225,0.07631048560142517
YNR020C,YIL097W,0,4.2348948,0.37303557991981506,0.4175925850868225,0.07641129195690155
YOR232W,YFL041W,0,4.2342324,0.37272727489471436,0.4175925850868225,0.07651209831237793
YKL146W,YER017C,0,4.233356,0.37241947650909424,0.4175925850868225,0.07661290466785431
YDR077W,YHR072W,0,4.2333207,0.3721122145652771,0.4175925850868225,0.07671371102333069
YHR116W,YGR095C,0,4.233145,0.37180542945861816,0.4175925850868225,0.07681451737880707
YLL023C,YIL019W,0,4.2329817,0.3714991807937622,0.4175925850868225,0.07691532373428345
YGR084C,YHR037W,0,4.2326345,0.37119340896606445,0.4175925850868225,0.07701613008975983
YKL154W,YCR004C,0,4.2321644,0.3708881437778473,0.4175925850868225,0.0771169364452362
YPR004C,YOR189W,0,4.230177,0.3705834150314331,0.4175925850868225,0.07721774280071259
YDR155C,YER048W-A,1,4.229037,0.37110015749931335,0.4185185134410858,0.07721774280071259
YGR158C,YOR161C,0,4.2257795,0.37079572677612305,0.4185185134410858,0.07731854915618896
YMR244C-A,YPR024W,1,4.224651,0.3713114857673645,0.4194444417953491,0.07731854915618896
YKR066C,YFR002W,0,4.2238526,0.37100738286972046,0.4194444417953491,0.07741935551166534
YDR457W,YOR201C,0,4.220307,0.3707037568092346,0.4194444417953491,0.07752016186714172
YOL100W,YDR016C,0,4.2189937,0.37040066719055176,0.4194444417953491,0.0776209682226181
YLR008C,YBR024W,1,4.21881,0.370915025472641,0.4203703701496124,0.0776209682226181
YBR297W,YGL252C,0,4.2170053,0.370612233877182,0.4203703701496124,0.07772177457809448
YLR067C,YJR135W-A,1,4.2147717,0.37112560868263245,0.42129629850387573,0.07772177457809448
YPL210C,YBL078C,0,4.2141595,0.3708231449127197,0.42129629850387573,0.07782258093357086
YOL120C,YOL163W,0,4.2136517,0.3705211579799652,0.42129629850387573,0.07792338728904724
YDR236C,YKR098C,0,4.211039,0.3702196776866913,0.42129629850387573,0.07802419364452362
YDR262W,YGR038W,0,4.2089925,0.36991870403289795,0.42129629850387573,0.078125
YLR431C,YPR113W,0,4.205888,0.3696182072162628,0.42129629850387573,0.07822580635547638
YJL023C,YKL053C-A,1,4.205767,0.37012988328933716,0.42222222685813904,0.07822580635547638
YPR020W,YDR098C,0,4.205643,0.3698296844959259,0.42222222685813904,0.07832661271095276
YGL084C,YMR293C,1,4.205621,0.37034034729003906,0.42314815521240234,0.07832661271095276
YDR487C,YDL183C,1,4.203296,0.37085020542144775,0.42407408356666565,0.07832661271095276
YOR066W,YNR037C,0,4.2025456,0.37055015563964844,0.42407408356666565,0.07842741906642914
YBR262C,YIL134W,1,4.198857,0.37105900049209595,0.42500001192092896,0.07842741906642914
YEL052W,YMR003W,1,4.197756,0.371567040681839,0.42592594027519226,0.07842741906642914
YOL143C,YDR377W,1,4.1976905,0.3720742464065552,0.4268518388271332,0.07842741906642914
YOL052C-A,YDL104C,0,4.19682,0.37177419662475586,0.4268518388271332,0.07852822542190552
YPL099C,YMR243C,1,4.1959767,0.37228041887283325,0.4277777671813965,0.07852822542190552
YDR236C,YMR010W,0,4.195893,0.3719806671142578,0.4277777671813965,0.0786290317773819
YOL077W-A,YLL041C,1,4.194821,0.3724859356880188,0.4287036955356598,0.0786290317773819
YDL029W,YJR126C,0,4.19444,0.37218648195266724,0.4287036955356598,0.07872983813285828
YGL059W,YGL157W,0,4.193911,0.37188756465911865,0.4287036955356598,0.07883064448833466
YPL160W,YMR150C,0,4.1929836,0.3715890944004059,0.4287036955356598,0.07893145084381104
YAL055W,YBR222C,0,4.190138,0.3712911009788513,0.4287036955356598,0.07903225719928741
YDL048C,YEL055C,0,4.189042,0.37099358439445496,0.4287036955356598,0.0791330635547638
YJL180C,YOR312C,0,4.188868,0.3706965446472168,0.4287036955356598,0.07923386991024017
YPL270W,YER053C,1,4.186938,0.37119999527931213,0.4296296238899231,0.07923386991024017
YNR020C,YLR090W,1,4.186568,0.371702641248703,0.4305555522441864,0.07923386991024017
YEL031W,YJL141C,0,4.1863117,0.3714057505130768,0.4305555522441864,0.07933467626571655
YLR401C,YMR105C,0,4.1850266,0.37110933661460876,0.4305555522441864,0.07943548262119293
YMR035W,YPR165W,1,4.1846833,0.3716108500957489,0.4314814805984497,0.07943548262119293
YMR166C,YBR096W,0,4.184377,0.37131473422050476,0.4314814805984497,0.07953628897666931
YPL042C,YGR038W,0,4.183826,0.3710190951824188,0.4314814805984497,0.07963709533214569
YLR175W,YDL029W,0,4.183626,0.3707239329814911,0.4314814805984497,0.07973790168762207
YDR200C,YLL009C,0,4.1834245,0.37042924761772156,0.4314814805984497,0.07983870804309845
YFR009W,YFR033C,0,4.183102,0.37013503909111023,0.4314814805984497,0.07993951439857483
YDR092W,YIL022W,0,4.182263,0.3698412775993347,0.4314814805984497,0.08004032075405121
YJR104C,YPL099C,1,4.180717,0.3703410029411316,0.432407408952713,0.08004032075405121
YHR005C-A,YBR196C,0,4.1798024,0.37004753947257996,0.432407408952713,0.08014112710952759
YNL248C,YJR078W,0,4.178728,0.3697545528411865,0.432407408952713,0.08024193346500397
YAR002C-A,YPL024W,0,4.1750445,0.3694620132446289,0.432407408952713,0.08034273982048035
YOR037W,YLR120C,0,4.1749578,0.3691699504852295,0.432407408952713,0.08044354617595673
YNL003C,YLL050C,0,4.1747546,0.3688783645629883,0.432407408952713,0.0805443525314331
YDR373W,YNL242W,0,4.1744084,0.3685872256755829,0.432407408952713,0.08064515888690948
YMR265C,YIL155C,0,4.174205,0.3682965338230133,0.432407408952713,0.08074596524238586
YER033C,YOR232W,0,4.1735234,0.36800631880760193,0.432407408952713,0.08084677159786224
YGL197W,YDR236C,0,4.173084,0.367716521024704,0.432407408952713,0.08094757795333862
YDR377W,YJR046W,0,4.1710377,0.3674272298812866,0.432407408952713,0.081048384308815
YDR350C,YKL096W,0,4.171024,0.3671383559703827,0.432407408952713,0.08114919066429138
YDR487C,YML115C,0,4.1705265,0.36684995889663696,0.432407408952713,0.08124999701976776
YHR005C-A,YKL100C,0,4.1702003,0.36656200885772705,0.432407408952713,0.08135080337524414
YCR083W,YLR027C,0,4.168957,0.36627450585365295,0.432407408952713,0.08145160973072052
YDR212W,YDL206W,0,4.1684356,0.3659874498844147,0.432407408952713,0.0815524160861969
YGR088W,YDR504C,0,4.1676307,0.3657008707523346,0.432407408952713,0.08165322244167328
YOL120C,YNL055C,0,4.165171,0.36541470885276794,0.432407408952713,0.08175402879714966
YPL098C,YPR107C,0,4.164004,0.3651289939880371,0.432407408952713,0.08185483515262604
YBR297W,YDR150W,0,4.1636376,0.3648437559604645,0.432407408952713,0.08195564150810242
YKL138C,YPR192W,0,4.162481,0.3645589351654053,0.432407408952713,0.0820564553141594
YGL038C,YPL059W,0,4.160996,0.3642745614051819,0.432407408952713,0.08215726166963577
YMR166C,YMR145C,1,4.160195,0.3647700846195221,0.4333333373069763,0.08215726166963577
YOR154W,YLR350W,0,4.159962,0.3644859790802002,0.4333333373069763,0.08225806802511215
YGR088W,YDR371W,0,4.159332,0.3642023205757141,0.4333333373069763,0.08235887438058853
YDR079W,YMR060C,1,4.158529,0.364696741104126,0.4342592656612396,0.08235887438058853
YER067W,YBR001C,0,4.156625,0.3644133508205414,0.4342592656612396,0.08245968073606491
YPL012W,YIL107C,0,4.15649,0.364130437374115,0.4342592656612396,0.08256048709154129
YLR219W,YHR179W,0,4.153385,0.363847941160202,0.4342592656612396,0.08266129344701767
YKR086W,YER018C,0,4.153342,0.3635658919811249,0.4342592656612396,0.08276209980249405
YDR027C,YPL098C,1,4.1521325,0.36405888199806213,0.43518519401550293,0.08276209980249405
YPR187W,YLR248W,0,4.1521263,0.3637771010398865,0.43518519401550293,0.08286290615797043
YPL158C,YMR110C,0,4.15148,0.36349573731422424,0.43518519401550293,0.08296371251344681
YOL057W,YER033C,0,4.150809,0.3632148504257202,0.43518519401550293,0.08306451886892319
YIL103W,YCR004C,0,4.150088,0.3629343509674072,0.43518519401550293,0.08316532522439957
YDL168W,YGR251W,0,4.149323,0.36265432834625244,0.43518519401550293,0.08326613157987595
YDR531W,YPL230W,0,4.147061,0.3623747229576111,0.43518519401550293,0.08336693793535233
YMR267W,YPR103W,0,4.1469064,0.36209553480148315,0.43518519401550293,0.0834677442908287
YOR341W,YER178W,0,4.1458163,0.36181679368019104,0.43518519401550293,0.08356855064630508
YDR063W,YDR200C,0,4.145012,0.36153846979141235,0.43518519401550293,0.08366935700178146
YGL062W,YPR107C,0,4.1436524,0.3612605631351471,0.43518519401550293,0.08377016335725784
YJR106W,YEL031W,0,4.14309,0.36098310351371765,0.43518519401550293,0.08387096971273422
YJR067C,YLL039C,0,4.143049,0.36070606112480164,0.43518519401550293,0.0839717760682106
YOL038W,YGR220C,0,4.141745,0.36042943596839905,0.43518519401550293,0.08407258242368698
YGR085C,YCR038C,0,4.139149,0.3601532578468323,0.43518519401550293,0.08417338877916336
YOR212W,YML129C,0,4.1390834,0.35987749695777893,0.43518519401550293,0.08427419513463974
YDL168W,YHR059W,0,4.1382966,0.359602153301239,0.43518519401550293,0.08437500149011612
YDR487C,YGR125W,0,4.1378503,0.3593272268772125,0.43518519401550293,0.0844758078455925
YNL306W,YKR098C,0,4.135356,0.35905271768569946,0.43518519401550293,0.08457661420106888
YNL310C,YLR348C,1,4.1351285,0.35954198241233826,0.43611112236976624,0.08457661420106888
YBR297W,YLR435W,0,4.133784,0.3592677414417267,0.43611112236976624,0.08467742055654526
YIL006W,YJR095W,1,4.1331363,0.35975611209869385,0.43703705072402954,0.08467742055654526
YIL077C,YMR150C,1,4.132014,0.36024370789527893,0.43796294927597046,0.08467742055654526
YEL054C,YDR379W,0,4.130694,0.3599695563316345,0.43796294927597046,0.08477822691202164
YPL098C,YBR265W,1,4.1302247,0.36045628786087036,0.43888887763023376,0.08477822691202164
YCL057C-A,YER170W,1,4.1286974,0.3609422445297241,0.43981480598449707,0.08477822691202164
YPL167C,YIL124W,0,4.128695,0.3606681823730469,0.43981480598449707,0.08487903326749802
YLR259C,YJR048W,1,4.1274366,0.3611532747745514,0.4407407343387604,0.08487903326749802
YBR150C,YNR020C,1,4.127401,0.36163759231567383,0.4416666626930237,0.08487903326749802
YNL138W,YML129C,0,4.1270976,0.36136364936828613,0.4416666626930237,0.0849798396229744
YCR028C-A,YCR060W,0,4.126941,0.3610900938510895,0.4416666626930237,0.08508064597845078
YPR167C,YER014C-A,0,4.126781,0.36081695556640625,0.4416666626930237,0.08518145233392715
YJR047C,YBR155W,0,4.1266837,0.36054420471191406,0.4416666626930237,0.08528225868940353
YKR039W,YLR285W,0,4.1264977,0.3602719008922577,0.4416666626930237,0.08538306504487991
YGR088W,YDR531W,0,4.125853,0.36000001430511475,0.4416666626930237,0.08548387140035629
YML130C,YIL033C,0,4.1236086,0.35972851514816284,0.4416666626930237,0.08558467775583267
YPR061C,YBR246W,0,4.1234756,0.35945743322372437,0.4416666626930237,0.08568548411130905
YLR259C,YBR084C-A,0,4.12344,0.35918673872947693,0.4416666626930237,0.08578629046678543
YJR107W,YGR112W,0,4.1220093,0.3589164912700653,0.4416666626930237,0.08588709682226181
YMR098C,YLR300W,0,4.1203628,0.3586466312408447,0.4416666626930237,0.08598790317773819
YOL064C,YML123C,0,4.1195216,0.3583771586418152,0.4416666626930237,0.08608870953321457
YML013W,YIL124W,1,4.1192126,0.3588588535785675,0.442592591047287,0.08608870953321457
YGR294W,YDR415C,0,4.117867,0.35858964920043945,0.442592591047287,0.08618951588869095
YKL002W,YLR401C,0,4.1162286,0.35832083225250244,0.442592591047287,0.08629032224416733
YJL055W,YMR033W,0,4.1158414,0.35805243253707886,0.442592591047287,0.08639112859964371
YCR042C,YMR259C,0,4.1131887,0.3577844202518463,0.442592591047287,0.08649193495512009
YOR353C,YKL077W,0,4.113048,0.3575168251991272,0.442592591047287,0.08659274131059647
YDR435C,YJR054W,0,4.1122956,0.3572496175765991,0.442592591047287,0.08669354766607285
YIL155C,YBR196C,0,4.1120887,0.3569828271865845,0.442592591047287,0.08679435402154922
YDR536W,YOL080C,0,4.1119475,0.35671642422676086,0.442592591047287,0.0868951603770256
YGR181W,YPR011C,1,4.1118274,0.3571961224079132,0.4435185194015503,0.0868951603770256
YLR126C,YLR350W,0,4.1113076,0.3569299578666687,0.4435185194015503,0.08699596673250198
YOR161C,YDR398W,0,4.1092877,0.35666418075561523,0.4435185194015503,0.08709677308797836
YMR166C,YAL030W,0,4.108892,0.3563988208770752,0.4435185194015503,0.08719757944345474
YCR023C,YBR133C,0,4.1065836,0.3561338186264038,0.4435185194015503,0.08729838579893112
YLR105C,YOR355W,0,4.105309,0.35586923360824585,0.4435185194015503,0.0873991921544075
YGR177C,YOR221C,0,4.1034775,0.35560503602027893,0.4435185194015503,0.08749999850988388
YLR393W,YNL320W,1,4.1026015,0.35608309507369995,0.4444444477558136,0.08749999850988388
YDL174C,YER031C,1,4.1013837,0.3565604090690613,0.4453703761100769,0.08749999850988388
YOR019W,YHR091C,0,4.101129,0.3562963008880615,0.4453703761100769,0.08760080486536026
YOL042W,YCR028C-A,0,4.100288,0.3560325801372528,0.4453703761100769,0.08770161122083664
YHR008C,YJL059W,0,4.097991,0.35576921701431274,0.4453703761100769,0.08780241757631302
YLR390W-A,YGR169C,0,4.0976777,0.3555062711238861,0.4453703761100769,0.0879032239317894
YML131W,YOR259C,0,4.097646,0.3552437126636505,0.4453703761100769,0.08800403028726578
YHR168W,YGL187C,1,4.097507,0.35571956634521484,0.4462963044643402,0.08800403028726578
YJR021C,YNR037C,0,4.0973115,0.35545721650123596,0.4462963044643402,0.08810483664274216
YMR110C,YLR300W,0,4.0946126,0.3551952838897705,0.4462963044643402,0.08820564299821854
YIL063C,YGL261C,0,4.0943737,0.3549337387084961,0.4462963044643402,0.08830644935369492
YGR026W,YHR017W,0,4.0941205,0.35467255115509033,0.4462963044643402,0.0884072557091713
YPR167C,YBR083W,0,4.093614,0.3544117510318756,0.4462963044643402,0.08850806206464767
YPL255W,YCR087C-A,0,4.092004,0.3541513681411743,0.4462963044643402,0.08860886842012405
YDR282C,YGL063W,0,4.091815,0.3538913428783417,0.4462963044643402,0.08870967477560043
YDL200C,YKL184W,0,4.0902543,0.3536317050457001,0.4462963044643402,0.08881048113107681
YNR074C,YOR344C,0,4.090009,0.3533724248409271,0.4462963044643402,0.08891128748655319
YDL075W,YPR097W,0,4.0879483,0.3531135618686676,0.4462963044643402,0.08901209384202957
YLR289W,YER014W,1,4.0875297,0.3535871207714081,0.4472222328186035,0.08901209384202957
YOR228C,YKL152C,1,4.0869102,0.35405999422073364,0.4481481611728668,0.08901209384202957
YGR070W,YHR008C,0,4.085203,0.3538011610507965,0.4481481611728668,0.08911290019750595
YPL234C,YDR163W,0,4.084763,0.3535427451133728,0.4481481611728668,0.08921370655298233
YDR425W,YOR046C,0,4.0827417,0.35328465700149536,0.4481481611728668,0.08931451290845871
YLR216C,YBL107C,0,4.0826507,0.35302698612213135,0.4481481611728668,0.08941531926393509
YJR107W,YPL048W,0,4.082194,0.352769672870636,0.4481481611728668,0.08951612561941147
YMR115W,YIL087C,1,4.0790706,0.35324108600616455,0.44907405972480774,0.08951612561941147
YJL008C,YLL023C,0,4.0768766,0.3529839813709259,0.44907405972480774,0.08961693197488785
YMR286W,YGR184C,0,4.0765243,0.3527272641658783,0.44907405972480774,0.08971773833036423
YOL053C-A,YHR143W,0,4.075865,0.35247093439102173,0.44907405972480774,0.0898185446858406
YGL187C,YER019W,1,4.0750766,0.3529411852359772,0.44999998807907104,0.0898185446858406
YGR009C,YBR286W,0,4.074864,0.3526850640773773,0.44999998807907104,0.08991935849189758
YHR008C,YNL102W,0,4.0735364,0.3524293005466461,0.44999998807907104,0.09002016484737396
YBR154C,YIL124W,0,4.07169,0.35217392444610596,0.44999998807907104,0.09012097120285034
YFR039C,YKL152C,0,4.0695653,0.35191890597343445,0.44999998807907104,0.09022177755832672
YCR089W,YCR031C,0,4.0691786,0.3516642451286316,0.44999998807907104,0.0903225839138031
YJR107W,YKL119C,0,4.067671,0.3514099717140198,0.44999998807907104,0.09042339026927948
YLR105C,YJL101C,0,4.063584,0.3511560559272766,0.44999998807907104,0.09052419662475586
YCL045C,YJL156C,0,4.0617547,0.3509025275707245,0.44999998807907104,0.09062500298023224
YGR082W,YLR078C,0,4.0612855,0.350649356842041,0.44999998807907104,0.09072580933570862
YPR147C,YGR084C,0,4.059174,0.3503965437412262,0.44999998807907104,0.090826615691185
YNL122C,YER096W,0,4.058022,0.35014408826828003,0.44999998807907104,0.09092742204666138
YHR161C,YIL155C,0,4.0566716,0.3498920202255249,0.44999998807907104,0.09102822840213776
YIL019W,YLL009C,0,4.0566573,0.34964028000831604,0.44999998807907104,0.09112903475761414
YLR105C,YPL059W,0,4.0552573,0.3493889272212982,0.44999998807907104,0.09122984111309052
YFR045W,YPL135W,0,4.0552263,0.34913793206214905,0.44999998807907104,0.0913306474685669
YIL160C,YPR011C,1,4.05467,0.34960517287254333,0.45092591643333435,0.0913306474685669
YBR058C-A,YDR512C,0,4.0545917,0.3493543863296509,0.45092591643333435,0.09143145382404327
YER158C,YKL113C,0,4.053512,0.3491039574146271,0.45092591643333435,0.09153226017951965
YDR470C,YJL054W,1,4.053269,0.34957021474838257,0.45185184478759766,0.09153226017951965
YPR081C,YOR142W,0,4.053082,0.3493199646472931,0.45185184478759766,0.09163306653499603
YPL271W,YDR236C,1,4.0523915,0.3497854173183441,0.45277777314186096,0.09163306653499603
YER163C,YLR368W,0,4.052256,0.34953537583351135,0.45277777314186096,0.09173387289047241
YPR140W,YLL018C-A,1,4.05148,0.3499999940395355,0.45370370149612427,0.09173387289047241
YOR019W,YGR084C,0,4.050711,0.34975019097328186,0.45370370149612427,0.09183467924594879
YGL080W,YDR376W,1,4.0503297,0.3502139747142792,0.4546296298503876,0.09183467924594879
YJR028W,YER075C,0,4.049666,0.34996435046195984,0.4546296298503876,0.09193548560142517
YOR221C,YGR207C,0,4.0492077,0.34971511363983154,0.4546296298503876,0.09203629195690155
YER037W,YLR043C,0,4.048634,0.3494662046432495,0.4546296298503876,0.09213709831237793
YPL098C,YHR075C,0,4.048166,0.34921765327453613,0.4546296298503876,0.09223790466785431
YOL052C-A,YBR155W,0,4.0480804,0.348969429731369,0.4546296298503876,0.09233871102333069
YJR077C,YML120C,1,4.0459523,0.3494318127632141,0.4555555582046509,0.09233871102333069
YDR306C,YMR083W,0,4.0456824,0.3491838276386261,0.4555555582046509,0.09243951737880707
YLR188W,YNL055C,1,4.0451407,0.34964537620544434,0.4564814865589142,0.09243951737880707
YER087C-A,YNL257C,0,4.0438495,0.34939759969711304,0.4564814865589142,0.09254032373428345
YER067W,YMR071C,0,4.0428343,0.349150151014328,0.4564814865589142,0.09264113008975983
YCL052C,YBR248C,0,4.0420604,0.34890303015708923,0.4564814865589142,0.0927419364452362
YIL136W,YLR253W,1,4.041935,0.3493635058403015,0.4574074149131775,0.0927419364452362
YAR008W,YDR197W,1,4.0405827,0.34982332587242126,0.4583333432674408,0.0927419364452362
YGR027C,YMR265C,0,4.0401363,0.34957626461982727,0.4583333432674408,0.09284274280071259
YMR319C,YNR037C,0,4.037555,0.34932956099510193,0.4583333432674408,0.09294354915618896
YDR077W,YPR020W,0,4.035682,0.34908321499824524,0.4583333432674408,0.09304435551166534
YOR173W,YDR371W,0,4.0351086,0.3488371968269348,0.4583333432674408,0.09314516186714172
YPR030W,YPL135W,0,4.0350933,0.34859153628349304,0.4583333432674408,0.0932459682226181
YMR265C,YGR178C,0,4.0339985,0.3483462333679199,0.4583333432674408,0.09334677457809448
YMR286W,YBR121C,0,4.0330596,0.34810125827789307,0.4583333432674408,0.09344758093357086
YJL045W,YMR177W,1,4.0324974,0.3485593795776367,0.4592592716217041,0.09344758093357086
YDR063W,YER106W,0,4.032398,0.3483146131038666,0.4592592716217041,0.09354838728904724
YJR106W,YCR055C,0,4.031812,0.3480701744556427,0.4592592716217041,0.09364919364452362
YDR503C,YFR004W,0,4.0313277,0.3478260934352875,0.4592592716217041,0.09375
YDL142C,YOR101W,0,4.031024,0.3475823402404785,0.4592592716217041,0.09385080635547638
YOR222W,YDL004W,1,4.030529,0.3480392098426819,0.4601851999759674,0.09385080635547638
YGR238C,YPL191C,0,4.0298886,0.34779566526412964,0.4601851999759674,0.09395161271095276
YOR388C,YDR538W,0,4.0294414,0.34755244851112366,0.4601851999759674,0.09405241906642914
YGR110W,YKR001C,1,4.029196,0.348008394241333,0.4611110985279083,0.09405241906642914
YOL052C,YDR084C,0,4.029078,0.34776535630226135,0.4611110985279083,0.09415322542190552
YML123C,YNL257C,0,4.0283127,0.34752267599105835,0.4611110985279083,0.0942540317773819
YOR265W,YOR130C,0,4.027372,0.3472803235054016,0.4611110985279083,0.09435483813285828
YPR118W,YHR198C,0,4.0263886,0.3470383286476135,0.4611110985279083,0.09445564448833466
YER158C,YKL033W-A,0,4.0260515,0.3467966616153717,0.4611110985279083,0.09455645084381104
YGL261C,YDR057W,0,4.0256767,0.34655532240867615,0.4611110985279083,0.09465725719928741
YKL195W,YDL126C,1,4.025313,0.3470097482204437,0.46203702688217163,0.09465725719928741
YPL103C,YKR087C,1,4.0239596,0.3474635183811188,0.46296295523643494,0.09465725719928741
YER014W,YDR343C,1,4.0223413,0.3479166626930237,0.46388888359069824,0.09465725719928741
YNR018W,YOR071C,0,4.02209,0.34767523407936096,0.46388888359069824,0.0947580635547638
YBR159W,YCR027C,0,4.021686,0.3474341332912445,0.46388888359069824,0.09485886991024017
YLR446W,YPR004C,0,4.020864,0.3471933603286743,0.46388888359069824,0.09495967626571655
YKL152C,YKL023W,0,4.0194755,0.3469529151916504,0.46388888359069824,0.09506048262119293
YBL066C,YMR197C,0,4.0172067,0.34671279788017273,0.46388888359069824,0.09516128897666931
YML087C,YOR246C,0,4.0167165,0.3464730381965637,0.46388888359069824,0.09526209533214569
YDL119C,YAL008W,1,4.0163746,0.34692466259002686,0.46481481194496155,0.09526209533214569
YNL055C,YOR090C,1,4.015696,0.34737569093704224,0.46574074029922485,0.09526209533214569
YNR007C,YMR276W,0,4.0153475,0.3471359610557556,0.46574074029922485,0.09536290168762207
YCL052C,YOL064C,0,4.0139027,0.34689655900001526,0.46574074029922485,0.09546370804309845
YDR282C,YNL117W,0,4.013654,0.34665748476982117,0.46574074029922485,0.09556451439857483
YPL158C,YGR125W,0,4.0128455,0.34641873836517334,0.46574074029922485,0.09566532075405121
YOL026C,YER017C,1,4.0120053,0.3468685448169708,0.46666666865348816,0.09566532075405121
YKL194C,YPR167C,0,4.011155,0.3466299772262573,0.46666666865348816,0.09576612710952759
YNR002C,YDL072C,0,4.0111074,0.3463917672634125,0.46666666865348816,0.09586693346500397
YJR007W,YDR435C,0,4.0105643,0.3461538553237915,0.46666666865348816,0.09596773982048035
YPL218W,YLR224W,0,4.008751,0.3459162712097168,0.46666666865348816,0.09606854617595673
YGL012W,YER037W,0,4.0069447,0.34567901492118835,0.46666666865348816,0.0961693525314331
YBR269C,YAL061W,0,4.006763,0.3454420864582062,0.46666666865348816,0.09627015888690948
YPL135W,YGL050W,0,4.006018,0.34520548582077026,0.46666666865348816,0.09637096524238586
YOR266W,YGR122W,0,4.00513,0.3449692130088806,0.46666666865348816,0.09647177159786224
YER067W,YNL014W,0,4.004679,0.34473323822021484,0.46666666865348816,0.09657257795333862
YDR435C,YLR085C,0,4.0041194,0.3444976210594177,0.46666666865348816,0.096673384308815
YOR197W,YDR512C,0,4.001763,0.3442623019218445,0.46666666865348816,0.09677419066429138
YPL098C,YHL023C,0,4.000294,0.3440273106098175,0.46666666865348816,0.09687499701976776
YPL191C,YGR125W,0,3.9992726,0.3437926471233368,0.46666666865348816,0.09697580337524414
YGL107C,YNL131W,1,3.9984295,0.3442399501800537,0.46759259700775146,0.09697580337524414
YNL003C,YNL169C,1,3.9968388,0.3446866571903229,0.46851852536201477,0.09697580337524414
YBR058C-A,YJR046W,0,3.9942229,0.34445199370384216,0.46851852536201477,0.09707660973072052
YNL306W,YOR071C,0,3.9941578,0.3442176878452301,0.46851852536201477,0.0971774160861969
YOL082W,YCR075C,0,3.9936488,0.3439836800098419,0.46851852536201477,0.09727822244167328
YJR107W,YML071C,0,3.9935129,0.34375,0.46851852536201477,0.09737902879714966
YOL115W,YIL166C,0,3.9930062,0.34351661801338196,0.46851852536201477,0.09747983515262604
YDR435C,YLR407W,0,3.9919631,0.34328359365463257,0.46851852536201477,0.09758064150810242
YGL232W,YOL162W,0,3.990793,0.34305083751678467,0.46851852536201477,0.0976814553141594
YBR240C,YDR531W,0,3.990732,0.3428184390068054,0.46851852536201477,0.09778226166963577
YBR050C,YLR438C-A,0,3.990287,0.34258633852005005,0.46851852536201477,0.09788306802511215
YDR377W,YJL051W,0,3.9893088,0.34235453605651855,0.46851852536201477,0.09798387438058853
YIL097W,YEL068C,0,3.9893005,0.3421230614185333,0.46851852536201477,0.09808468073606491
YJR025C,YLR305C,0,3.9890568,0.341891884803772,0.46851852536201477,0.09818548709154129
YFR045W,YGR125W,0,3.9876497,0.3416610360145569,0.46851852536201477,0.09828629344701767
YGL101W,YHR109W,0,3.9866116,0.3414304852485657,0.46851852536201477,0.09838709980249405
YJL026W,YBL078C,0,3.9836931,0.3412002623081207,0.46851852536201477,0.09848790615797043
YPR005C,YDL192W,0,3.9825566,0.34097033739089966,0.46851852536201477,0.09858871251344681
YMR152W,YHR057C,0,3.982404,0.34074074029922485,0.46851852536201477,0.09868951886892319
YGR229C,YML101C,0,3.9822998,0.3405114412307739,0.46851852536201477,0.09879032522439957
YGL204C,YFL009W,0,3.9819348,0.3402824401855469,0.46851852536201477,0.09889113157987595
YLR262C,YGR026W,0,3.9811676,0.3400537669658661,0.46851852536201477,0.09899193793535233
YIL166C,YHL022C,0,3.9798038,0.3398253917694092,0.46851852536201477,0.0990927442908287
YLR355C,YHR017W,0,3.9796588,0.33959731459617615,0.46851852536201477,0.09919355064630508
YLR436C,YGR026W,0,3.9782808,0.3393695652484894,0.46851852536201477,0.09929435700178146
YOR201C,YDR063W,0,3.9780133,0.3391420841217041,0.46851852536201477,0.09939516335725784
YLR426W,YOL012C,0,3.977089,0.3389149308204651,0.46851852536201477,0.09949596971273422
YML054C,YIL107C,0,3.9767296,0.33868807554244995,0.46851852536201477,0.0995967760682106
YOL143C,YNR041C,1,3.9763794,0.3391304314136505,0.4694444537162781,0.0995967760682106
YMR003W,YDR430C,1,3.9755504,0.3395721912384033,0.4703703820705414,0.0995967760682106
YML130C,YHR039C,0,3.975422,0.33934536576271057,0.4703703820705414,0.09969758242368698
YDL149W,YJL208C,1,3.9752817,0.3397863805294037,0.4712963104248047,0.09969758242368698
YKL170W,YHR059W,0,3.9744415,0.3395597040653229,0.4712963104248047,0.09979838877916336
YLR367W,YCR028C-A,0,3.9720848,0.33933332562446594,0.4712963104248047,0.09989919513463974
YPR058W,YIL087C,1,3.971427,0.3397734761238098,0.4722222089767456,0.09989919513463974
YPR181C,YKR106W,0,3.9712067,0.3395472764968872,0.4722222089767456,0.10000000149011612
YLR027C,YGL261C,0,3.970994,0.3393213450908661,0.4722222089767456,0.1001008078455925
YDL084W,YOL129W,0,3.9709795,0.33909574151039124,0.4722222089767456,0.10020161420106888
YBR058C-A,YKR067W,0,3.9698725,0.33887043595314026,0.4722222089767456,0.10030242055654526
YBL095W,YMR060C,1,3.967808,0.339309424161911,0.4731481373310089,0.10030242055654526
YLR219W,YHR063C,0,3.9676569,0.339084267616272,0.4731481373310089,0.10040322691202164
YER031C,YDL027C,1,3.9661849,0.3395225405693054,0.4740740656852722,0.10040322691202164
YOL100W,YJR145C,0,3.965956,0.3392975628376007,0.4740740656852722,0.10050403326749802
YDR092W,YDL217C,0,3.9633207,0.3390728533267975,0.4740740656852722,0.1006048396229744
YJR120W,YGR112W,0,3.9630537,0.33884844183921814,0.4740740656852722,0.10070564597845078
YJL056C,YKL096W,0,3.9626467,0.33862432837486267,0.4740740656852722,0.10080645233392715
YNR007C,YJR024C,0,3.9615703,0.33840054273605347,0.4740740656852722,0.10090725868940353
YOL100W,YJL002C,0,3.9613047,0.33817702531814575,0.4740740656852722,0.10100806504487991
YBR207W,YGL136C,0,3.9601486,0.3379538059234619,0.4740740656852722,0.10110887140035629
YLR066W,YNL306W,0,3.959992,0.33773088455200195,0.4740740656852722,0.10120967775583267
YPR147C,YOR197W,0,3.9589832,0.3375082314014435,0.4740740656852722,0.10131048411130905
YPL083C,YJL161W,1,3.9578135,0.3379446566104889,0.4749999940395355,0.10131048411130905
YFL052W,YDL216C,0,3.95666,0.33772218227386475,0.4749999940395355,0.10141129046678543
YLR027C,YPL096C-A,0,3.955911,0.3375000059604645,0.4749999940395355,0.10151209682226181
YLR289W,YNL121C,1,3.9546633,0.33793556690216064,0.47592592239379883,0.10151209682226181
YDL103C,YOR355W,0,3.9542964,0.3377135396003723,0.47592592239379883,0.10161290317773819
YPR181C,YBR269C,0,3.9538758,0.3374917805194855,0.47592592239379883,0.10171370953321457
YOL052C,YOL162W,0,3.9524965,0.3372703492641449,0.47592592239379883,0.10181451588869095
YPL164C,YNL145W,0,3.9522545,0.3370491862297058,0.47592592239379883,0.10191532224416733
YPR185W,YPR004C,0,3.9495876,0.3368283212184906,0.47592592239379883,0.10201612859964371
YPL262W,YOR327C,0,3.949383,0.3366077244281769,0.47592592239379883,0.10211693495512009
YOL162W,YDL010W,0,3.949025,0.33638742566108704,0.47592592239379883,0.10221774131059647
YDL121C,YOL052C-A,0,3.948972,0.33616742491722107,0.47592592239379883,0.10231854766607285
YBR297W,YBL016W,0,3.9483669,0.335947722196579,0.47592592239379883,0.10241935402154922
YFR045W,YEL060C,0,3.948293,0.3357282876968384,0.47592592239379883,0.1025201603770256
YKR071C,YJL062W,0,3.9478493,0.33550915122032166,0.47592592239379883,0.10262096673250198
YDR301W,YGL157W,0,3.9455497,0.3352902829647064,0.47592592239379883,0.10272177308797836
YKR071C,YLR120C,0,3.9447277,0.33507171273231506,0.47592592239379883,0.10282257944345474
YKL210W,YHR091C,0,3.943992,0.3348534107208252,0.47592592239379883,0.10292338579893112
YBR192W,YDR377W,1,3.9435017,0.3352864682674408,0.47685185074806213,0.10292338579893112
YER014C-A,YNR006W,0,3.9434893,0.33506831526756287,0.47685185074806213,0.1030241921544075
YML081C-A,YIL124W,1,3.941816,0.33550065755844116,0.47777777910232544,0.1030241921544075
YOR022C,YGR203W,0,3.9398444,0.33528265357017517,0.47777777910232544,0.10312499850988388
YAL001C,YPR004C,0,3.9397223,0.33506494760513306,0.47777777910232544,0.10322580486536026
YGL001C,YPR093C,0,3.9394176,0.33484750986099243,0.47777777910232544,0.10332661122083664
YER004W,YER019W,1,3.9376314,0.33527886867523193,0.47870370745658875,0.10332661122083664
YJL012C,YFR025C,0,3.937615,0.33506157994270325,0.47870370745658875,0.10342741757631302
YJL026W,YDR034C,0,3.9352157,0.33484455943107605,0.47870370745658875,0.1035282239317894
YNL154C,YLR337W,0,3.9338326,0.33462783694267273,0.47870370745658875,0.10362903028726578
YBL101C,YJL062W,0,3.9333792,0.3344113826751709,0.47870370745658875,0.10372983664274216
YML130C,YLR110C,0,3.9326904,0.33419522643089294,0.47870370745658875,0.10383064299821854
YBR297W,YLR110C,0,3.931746,0.3339793384075165,0.47870370745658875,0.10393144935369492
YMR258C,YGL157W,0,3.9313872,0.3337637186050415,0.47870370745658875,0.1040322557091713
YJR048W,YDR415C,0,3.9307106,0.3335483968257904,0.47870370745658875,0.10413306206464767
YNL301C,YCR028C-A,0,3.9296186,0.3333333432674408,0.47870370745658875,0.10423386842012405
YDL021W,YLR042C,0,3.9294698,0.3331185579299927,0.47870370745658875,0.10433467477560043
YPL264C,YDR512C,0,3.929141,0.33290407061576843,0.47870370745658875,0.10443548113107681
YAL026C,YBR207W,0,3.9286735,0.3326898217201233,0.47870370745658875,0.10453628748655319
YBR179C,YGL020C,1,3.9283907,0.3331189751625061,0.47962963581085205,0.10453628748655319
YMR319C,YPL132W,0,3.9272993,0.3329048752784729,0.47962963581085205,0.10463709384202957
YJL206C,YJR078W,0,3.92651,0.3326910734176636,0.47962963581085205,0.10473790019750595
YER055C,YDR057W,0,3.9254005,0.33247753977775574,0.47962963581085205,0.10483870655298233
YJR007W,YGL082W,0,3.924155,0.3322642743587494,0.47962963581085205,0.10493951290845871
YKL157W,YOR327C,0,3.923848,0.33205127716064453,0.47962963581085205,0.10504031926393509
YAL063C,YLR258W,0,3.9222991,0.33183857798576355,0.47962963581085205,0.10514112561941147
YDL119C,YER078C,1,3.9220982,0.33226633071899414,0.48055556416511536,0.10514112561941147
YDR435C,YBR222C,0,3.9214928,0.3320537507534027,0.48055556416511536,0.10524193197488785
YBR013C,YKL152C,0,3.920874,0.33184143900871277,0.48055556416511536,0.10534273833036423
YOR019W,YDR287W,0,3.9198992,0.3316293954849243,0.48055556416511536,0.1054435446858406
YDR181C,YML012W,0,3.9189024,0.33141762018203735,0.48055556416511536,0.10554435849189758
YBL050W,YIL099W,0,3.9185603,0.3312061131000519,0.48055556416511536,0.10564516484737396
YHL023C,YLR337W,0,3.9175036,0.3309949040412903,0.48055556416511536,0.10574597120285034
YLR158C,YPR162C,0,3.917475,0.3307839334011078,0.48055556416511536,0.10584677755832672
YEL006W,YDR204W,1,3.9174342,0.331210196018219,0.48148149251937866,0.10584677755832672
YBR297W,YDR398W,0,3.9172971,0.33099937438964844,0.48148149251937866,0.1059475839138031
YDR294C,YJL091C,0,3.9166405,0.330788791179657,0.48148149251937866,0.10604839026927948
YIL062C,YPR061C,1,3.9153075,0.3312142491340637,0.48240742087364197,0.10604839026927948
YER033C,YGL157W,0,3.914918,0.3310038149356842,0.48240742087364197,0.10614919662475586
YMR205C,YBL107C,1,3.9146543,0.33142855763435364,0.4833333194255829,0.10614919662475586
YER119C,YDR066C,0,3.914511,0.33121827244758606,0.4833333194255829,0.10625000298023224
YDR165W,YKR039W,0,3.9138415,0.33100825548171997,0.4833333194255829,0.10635080933570862
YLR446W,YFL052W,0,3.9135725,0.330798476934433,0.4833333194255829,0.106451615691185
YGR122W,YOL087C,0,3.9135368,0.3305889666080475,0.4833333194255829,0.10655242204666138
YGL054C,YLR042C,0,3.913098,0.33037975430488586,0.4833333194255829,0.10665322840213776
YMR260C,YPL031C,0,3.9130175,0.33017078042030334,0.4833333194255829,0.10675403475761414
YLR396C,YPR113W,0,3.9129422,0.3299620747566223,0.4833333194255829,0.10685484111309052
YKL194C,YLR388W,0,3.9125671,0.3297536373138428,0.4833333194255829,0.1069556474685669
YDL180W,YJL091C,0,3.9103029,0.3295454680919647,0.4833333194255829,0.10705645382404327
YHR120W,YEL060C,0,3.9093554,0.32933753728866577,0.4833333194255829,0.10715726017951965
YNL098C,YJR025C,0,3.9089482,0.3291298747062683,0.4833333194255829,0.10725806653499603
YFL039C,YBR013C,0,3.9085472,0.3289225101470947,0.4833333194255829,0.10735887289047241
YMR228W,YEL006W,1,3.9083865,0.32934507727622986,0.4842592477798462,0.10735887289047241
YPL103C,YHR135C,1,3.908255,0.3297671377658844,0.4851851761341095,0.10735887289047241
YGR156W,YHR008C,0,3.9069674,0.3295597434043884,0.4851851761341095,0.10745967924594879
YCL052C,YNL049C,0,3.9065137,0.32935261726379395,0.4851851761341095,0.10756048560142517
YKL016C,YMR244C-A,1,3.9059498,0.329773873090744,0.4861111044883728,0.10756048560142517
YGR082W,YIR032C,0,3.9056659,0.3295668661594391,0.4861111044883728,0.10766129195690155
YOR356W,YBR085W,1,3.9047818,0.32998746633529663,0.4870370328426361,0.10766129195690155
YER142C,YBR248C,0,3.9047165,0.32978057861328125,0.4870370328426361,0.10776209831237793
YOL021C,YIL124W,0,3.9038315,0.32957392930984497,0.4870370328426361,0.10786290466785431
YLR259C,YDR415C,0,3.9036973,0.32936757802963257,0.4870370328426361,0.10796371102333069
YER039C,YNL019C,0,3.902942,0.32916146516799927,0.4870370328426361,0.10806451737880707
YPL167C,YDR297W,0,3.9024167,0.32895559072494507,0.4870370328426361,0.10816532373428345
YDR294C,YBR126C,0,3.9023283,0.32875001430511475,0.4870370328426361,0.10826613008975983
YER141W,YNR018W,1,3.9023275,0.32916927337646484,0.4879629611968994,0.10826613008975983
YBR220C,YKL096W,0,3.9014752,0.3289637863636017,0.4879629611968994,0.1083669364452362
YNL242W,YGR143W,0,3.8998623,0.32875856757164,0.4879629611968994,0.10846774280071259
YLR293C,YDR472W,0,3.8994029,0.32855361700057983,0.4879629611968994,0.10856854915618896
YLR077W,YDR487C,1,3.8986757,0.3289719521999359,0.4888888895511627,0.10856854915618896
YER058W,YNL328C,1,3.8985538,0.3293897807598114,0.489814817905426,0.10856854915618896
YGR249W,YER182W,0,3.8976245,0.3291848301887512,0.489814817905426,0.10866935551166534
YGL204C,YDL220C,0,3.8976018,0.32898008823394775,0.489814817905426,0.10877016186714172
YER033C,YPL072W,0,3.8955004,0.32877564430236816,0.489814817905426,0.1088709682226181
YDL119C,YPL206C,1,3.895363,0.32919254899024963,0.49074074625968933,0.1088709682226181
YDL188C,YDR163W,0,3.8944752,0.3289881944656372,0.49074074625968933,0.10897177457809448
YER067W,YBR133C,0,3.8939457,0.32878410816192627,0.49074074625968933,0.10907258093357086
YLR418C,YPR154W,0,3.893408,0.3285802900791168,0.49074074625968933,0.10917338728904724
YML004C,YLR401C,0,3.8926952,0.3283767104148865,0.49074074625968933,0.10927419364452362
YHR051W,YNL131W,1,3.8923488,0.3287925720214844,0.49166667461395264,0.10927419364452362
YBR049C,YCL045C,0,3.8917682,0.3285891115665436,0.49166667461395264,0.109375
YJL111W,YOL129W,0,3.891616,0.3283858895301819,0.49166667461395264,0.10947580635547638
YPL186C,YPL005W,1,3.8915927,0.3288009762763977,0.49259260296821594,0.10947580635547638
YGR122W,YDR512C,0,3.8909924,0.32859790325164795,0.49259260296821594,0.10957661271095276
YNL014W,YDR144C,0,3.8901446,0.3283950686454773,0.49259260296821594,0.10967741906642914
YLR147C,YGL204C,0,3.889748,0.32819247245788574,0.49259260296821594,0.10977822542190552
YOL026C,YDR049W,1,3.8894324,0.32860666513442993,0.49351853132247925,0.10977822542190552
YLR435W,YOR228C,0,3.8894227,0.32840418815612793,0.49351853132247925,0.1098790317773819
YLR361C,YGR207C,0,3.8878353,0.3282019793987274,0.49351853132247925,0.10997983813285828
YOR022C,YJR021C,0,3.886898,0.328000009059906,0.49351853132247925,0.11008064448833466
YEL052W,YLR426W,1,3.886194,0.3284132778644562,0.49444442987442017,0.11008064448833466
YDL049C,YER057C,0,3.885978,0.3282114267349243,0.49444442987442017,0.11018145084381104
YLR301W,YLR436C,0,3.8855474,0.32800981402397156,0.49444442987442017,0.11028225719928741
YOR232W,YOL087C,0,3.8854556,0.3278084695339203,0.49444442987442017,0.1103830635547638
YML026C,YFR016C,0,3.8839152,0.3276073634624481,0.49444442987442017,0.11048386991024017
YEL054C,YCR004C,0,3.8822453,0.32740649580955505,0.49444442987442017,0.11058467626571655
YPL098C,YMR201C,0,3.8819745,0.3272058963775635,0.49444442987442017,0.11068548262119293
YDR334W,YKL033W-A,0,3.881369,0.3270055055618286,0.49444442987442017,0.11078628897666931
YKR066C,YGL261C,0,3.880757,0.32680538296699524,0.49444442987442017,0.11088709533214569
YBR021W,YBR196C,0,3.880336,0.32660549879074097,0.49444442987442017,0.11098790168762207
YHL033C,YPR147C,0,3.880288,0.3264058828353882,0.49444442987442017,0.11108870804309845
YNL019C,YLL038C,0,3.880196,0.3262064754962921,0.49444442987442017,0.11118951439857483
YPR113W,YDR204W,1,3.8794782,0.3266178369522095,0.49537035822868347,0.11118951439857483
YDR377W,YNR074C,1,3.8787491,0.32702866196632385,0.4962962865829468,0.11118951439857483
YMR129W,YCR069W,0,3.878264,0.3268292546272278,0.4962962865829468,0.11129032075405121
YGL181W,YLR193C,0,3.8782108,0.3266301155090332,0.4962962865829468,0.11139112710952759
YHR016C,YDL036C,0,3.8777235,0.32643118500709534,0.4962962865829468,0.11149193346500397
YJR025C,YOL163W,0,3.8769932,0.3262324929237366,0.4962962865829468,0.11159273982048035
YLL038C,YBR096W,0,3.8763254,0.3260340690612793,0.4962962865829468,0.11169354617595673
YOL149W,YKL138C,0,3.876321,0.32583585381507874,0.4962962865829468,0.1117943525314331
YMR311C,YPL158C,0,3.8763149,0.32563790678977966,0.4962962865829468,0.11189515888690948
YMR166C,YAL041W,0,3.8763068,0.3254401981830597,0.4962962865829468,0.11199596524238586
YDR462W,YHL028W,0,3.8762944,0.3252427279949188,0.4962962865829468,0.11209677159786224
YDL126C,YGL001C,0,3.8748968,0.32504549622535706,0.4962962865829468,0.11219757795333862
YCL050C,YDR244W,0,3.8738716,0.324848473072052,0.4962962865829468,0.112298384308815
YMR286W,YPL160W,0,3.8736823,0.32465171813964844,0.4962962865829468,0.11239919066429138
YGL231C,YLL009C,0,3.8734672,0.324455201625824,0.4962962865829468,0.11249999701976776
YDR062W,YDR192C,0,3.8699324,0.3242589235305786,0.4962962865829468,0.11260080337524414
YHL046C,YLR436C,0,3.8692398,0.32406288385391235,0.4962962865829468,0.11270160973072052
YOL149W,YIL124W,0,3.8672168,0.3238670825958252,0.4962962865829468,0.1128024160861969
YNL154C,YGR289C,0,3.8667877,0.32367148995399475,0.4962962865829468,0.11290322244167328
YNL122C,YDR057W,0,3.865932,0.3234761655330658,0.4962962865829468,0.11300402879714966
YDL160C,YER018C,0,3.8647287,0.32328104972839355,0.4962962865829468,0.11310483515262604
YCR028C-A,YKL010C,0,3.8642387,0.3230862021446228,0.4962962865829468,0.11320564150810242
YPL031C,YGR144W,0,3.8626256,0.32289156317710876,0.4962962865829468,0.1133064553141594
YIL033C,YCR083W,0,3.8615134,0.32269716262817383,0.4962962865829468,0.11340726166963577
YPR140W,YJL109C,0,3.8611534,0.322503000497818,0.4962962865829468,0.11350806802511215
YHR044C,YER078C,0,3.8606477,0.32230907678604126,0.4962962865829468,0.11360887438058853
YEL052W,YNL256W,1,3.8603356,0.3227163553237915,0.4972222149372101,0.11360887438058853
YBL040C,YHR161C,0,3.859421,0.32252252101898193,0.4972222149372101,0.11370968073606491
YMR267W,YDR503C,0,3.858691,0.32232892513275146,0.4972222149372101,0.11381048709154129
YOR019W,YCL050C,0,3.8568738,0.3221355676651001,0.4972222149372101,0.11391129344701767
YJR047C,YDR415C,0,3.8568377,0.32194244861602783,0.4972222149372101,0.11401209980249405
YOR019W,YMR276W,0,3.8564975,0.3217495381832123,0.4972222149372101,0.11411290615797043
YJL180C,YPL167C,0,3.8561625,0.3215568959712982,0.4972222149372101,0.11421371251344681
YPL191C,YFR037C,0,3.8556836,0.32136446237564087,0.4972222149372101,0.11431451886892319
YER055C,YPR204W,0,3.855138,0.32117223739624023,0.4972222149372101,0.11441532522439957
YLR068W,YNL138W,0,3.8534827,0.3209802806377411,0.4972222149372101,0.11451613157987595
YGL108C,YCL038C,0,3.852725,0.32078853249549866,0.4972222149372101,0.11461693793535233
YML013W,YDR163W,0,3.852656,0.3205970227718353,0.4972222149372101,0.1147177442908287
YJL132W,YLR113W,0,3.8520098,0.3204057216644287,0.4972222149372101,0.11481855064630508
YBL101C,YBR171W,0,3.851822,0.3202146589756012,0.4972222149372101,0.11491935700178146
YLR072W,YLR113W,0,3.8513632,0.3200238347053528,0.4972222149372101,0.11502016335725784
YJR007W,YNR041C,0,3.8509185,0.31983324885368347,0.4972222149372101,0.11512096971273422
YPL168W,YBR177C,1,3.8502836,0.3202380836009979,0.4981481432914734,0.11512096971273422
YPR147C,YGR070W,0,3.8496845,0.3200475871562958,0.4981481432914734,0.1152217760682106
YIR024C,YPL099C,1,3.8488038,0.32045185565948486,0.4990740716457367,0.1152217760682106
YAR002C-A,YNL117W,0,3.8485506,0.3202614486217499,0.4990740716457367,0.11532258242368698
YGR135W,YNL058C,0,3.8485348,0.3200712502002716,0.4990740716457367,0.11542338877916336
YJR085C,YDR470C,1,3.8477213,0.320474773645401,0.5,0.11542338877916336
YDL183C,YER074W,0,3.8476725,0.3202846944332123,0.5,0.11552419513463974
YOR173W,YGL232W,0,3.8473043,0.32009485363960266,0.5,0.11562500149011612
YGL068W,YDR485C,0,3.846317,0.31990522146224976,0.5,0.1157258078455925
YFR005C,YCL033C,0,3.8433886,0.31971579790115356,0.5,0.11582661420106888
YNL130C,YDR178W,1,3.8426254,0.32011833786964417,0.5009258985519409,0.11582661420106888
YFR005C,YCL001W,0,3.842596,0.3199290335178375,0.5009258985519409,0.11592742055654526
YJL026W,YJL206C,0,3.8420126,0.31973996758461,0.5009258985519409,0.11602822691202164
YOR356W,YBR024W,1,3.841813,0.3201417624950409,0.5018518567085266,0.11602822691202164
YPR147C,YBL027W,0,3.8413765,0.3199527859687805,0.5018518567085266,0.11612903326749802
YNR017W,YBL059W,1,3.8386383,0.32035398483276367,0.5027777552604675,0.11612903326749802
YLR446W,YNL154C,0,3.8381703,0.32016509771347046,0.5027777552604675,0.1162298396229744
YLR320W,YOR022C,0,3.8380852,0.31997641921043396,0.5027777552604675,0.11633064597845078
YDL180W,YDR236C,0,3.8377,0.31978797912597656,0.5027777552604675,0.11643145233392715
YMR134W,YEL055C,0,3.8376584,0.31959977746009827,0.5027777552604675,0.11653225868940353
YDR477W,YBR162C,0,3.8375504,0.3194117546081543,0.5027777552604675,0.11663306504487991
YDR414C,YCR080W,0,3.8365748,0.3192239999771118,0.5027777552604675,0.11673387140035629
YPL248C,YEL055C,0,3.8353722,0.31903642416000366,0.5027777552604675,0.11683467775583267
YCL044C,YBR085W,1,3.8353393,0.31943628191947937,0.5037037134170532,0.11683467775583267
YDL126C,YLR193C,1,3.8328578,0.31983569264411926,0.5046296119689941,0.11683467775583267
YMR122W-A,YJR025C,0,3.8322704,0.3196480870246887,0.5046296119689941,0.11693548411130905
YOL026C,YHR168W,1,3.831107,0.32004690170288086,0.5055555701255798,0.11693548411130905
YER096W,YGL157W,0,3.8300426,0.31985941529273987,0.5055555701255798,0.11703629046678543
YOR259C,YLR438C-A,0,3.8293638,0.3196721374988556,0.5055555701255798,0.11713709682226181
YPR061C,YDR244W,0,3.8282058,0.319485068321228,0.5055555701255798,0.11723790317773819
YHR005C-A,YNL302C,0,3.8281612,0.31929823756217957,0.5055555701255798,0.11733870953321457
YHL046C,YMR182C,0,3.8273034,0.3191116452217102,0.5055555701255798,0.11743951588869095
YLR390W-A,YER078C,0,3.826485,0.31892523169517517,0.5055555701255798,0.11754032224416733
YLR446W,YHR008C,0,3.8248498,0.31873905658721924,0.5055555701255798,0.11764112859964371
YLR040C,YER178W,0,3.8246934,0.31855309009552,0.5055555701255798,0.11774193495512009
YJL133W,YIL087C,1,3.8244648,0.31895044445991516,0.5064814686775208,0.11774193495512009
YNL242W,YDR016C,0,3.8244116,0.3187645673751831,0.5064814686775208,0.11784274131059647
YLL019C,YBR281C,0,3.8240192,0.31857892870903015,0.5064814686775208,0.11794354766607285
YPR107C,YNL015W,0,3.8233058,0.3183934688568115,0.5064814686775208,0.11804435402154922
YDR377W,YLR274W,0,3.8227475,0.318208247423172,0.5064814686775208,0.1181451603770256
YDR236C,YLR168C,1,3.8219779,0.31860464811325073,0.5074074268341064,0.1181451603770256
YER067W,YPR072W,0,3.8216906,0.31841951608657837,0.5074074268341064,0.11824596673250198
YOR246C,YCR031C,0,3.8191638,0.3182346224784851,0.5074074268341064,0.11834677308797836
YCL033C,YHR143W-A,0,3.8188517,0.31804990768432617,0.5074074268341064,0.11844757944345474
YDR377W,YDL116W,0,3.8176148,0.31786543130874634,0.5074074268341064,0.11854838579893112
YJL210W,YIR034C,0,3.8175943,0.3176811635494232,0.5074074268341064,0.1186491921544075
YGR125W,YCR069W,0,3.8161697,0.3174971044063568,0.5074074268341064,0.11874999850988388
YBR126C,YCR072C,0,3.815872,0.3173132538795471,0.5074074268341064,0.11885080486536026
YJL180C,YMR042W,0,3.8158095,0.31712964177131653,0.5074074268341064,0.11895161122083664
YLR072W,YFR042W,0,3.8136654,0.31694620847702026,0.5074074268341064,0.11905241757631302
YFR042W,YCL017C,0,3.8118742,0.3167630136013031,0.5074074268341064,0.1191532239317894
YOR320C,YKL096W,0,3.8114412,0.31657999753952026,0.5074074268341064,0.11925403028726578
YGR203W,YKL135C,0,3.810765,0.31639721989631653,0.5074074268341064,0.11935483664274216
YLR061W,YLR193C,0,3.81002,0.3162146508693695,0.5074074268341064,0.11945564299821854
YMR135C,YGL261C,0,3.8072803,0.3160322904586792,0.5074074268341064,0.11955644935369492
YDR212W,YNL040W,0,3.8072255,0.3158501386642456,0.5074074268341064,0.1196572557091713
YPL004C,YJL104W,1,3.8070042,0.3162442445755005,0.5083333253860474,0.1196572557091713
YOL027C,YDR197W,1,3.8068125,0.31663787364959717,0.5092592835426331,0.1196572557091713
YGR004W,YHR198C,0,3.8066537,0.3164556920528412,0.5092592835426331,0.11975806206464767
YDL067C,YBR150C,1,3.8057885,0.3168487548828125,0.510185182094574,0.11975806206464767
YKL151C,YBL069W,0,3.805197,0.3166666626930237,0.510185182094574,0.11985886842012405
YLR330W,YAL008W,0,3.8047001,0.3164847791194916,0.510185182094574,0.11995967477560043
YNR020C,YJR078W,0,3.8046799,0.3163031041622162,0.510185182094574,0.12006048113107681
YER045C,YPR166C,0,3.8032153,0.3161216378211975,0.510185182094574,0.12016128748655319
YMR302C,YJR117W,1,3.8027966,0.3165137469768524,0.5111111402511597,0.12016128748655319
YDR011W,YGR289C,0,3.8024333,0.3163323700428009,0.5111111402511597,0.12026209384202957
YPR091C,YKL100C,0,3.8016624,0.3161512017250061,0.5111111402511597,0.12036290019750595
YLR330W,YPR113W,0,3.8000767,0.315970242023468,0.5111111402511597,0.12046370655298233
YLR401C,YHR112C,0,3.7997754,0.31578946113586426,0.5111111402511597,0.12056451290845871
YLL019C,YDR212W,0,3.7997396,0.3156089186668396,0.5111111402511597,0.12066531926393509
YDL054C,YMR083W,0,3.7995393,0.31542858481407166,0.5111111402511597,0.12076612561941147
YMR241W,YOL009C,1,3.79838,0.31581953167915344,0.5120370388031006,0.12076612561941147
YDR282C,YBR180W,0,3.7982328,0.3156392574310303,0.5120370388031006,0.12086693197488785
YEL055C,YGL046W,0,3.7970843,0.3154592216014862,0.5120370388031006,0.12096773833036423
YPR081C,YOR228C,0,3.7964604,0.31527936458587646,0.5120370388031006,0.1210685446858406
YLR234W,YGL231C,0,3.79593,0.31509971618652344,0.5120370388031006,0.12116935849189758
YPR005C,YJL059W,0,3.7956362,0.3149202764034271,0.5120370388031006,0.12127016484737396
YKL119C,YKL124W,0,3.795598,0.3147410452365875,0.5120370388031006,0.12137097120285034
YOR176W,YIL077C,1,3.795316,0.3151308298110962,0.5129629373550415,0.12137097120285034
YPL167C,YGR112W,0,3.7933896,0.31495168805122375,0.5129629373550415,0.12147177755832672
YER158C,YBL064C,0,3.7893193,0.31477272510528564,0.5129629373550415,0.1215725839138031
YCR028C-A,YER014C-A,0,3.788636,0.31459397077560425,0.5129629373550415,0.12167339026927948
YCR004C,YHR075C,0,3.7874591,0.31441542506217957,0.5129629373550415,0.12177419662475586
YOR217W,YLL023C,0,3.7870357,0.3142370879650116,0.5129629373550415,0.12187500298023224
YPR181C,YAR010C,0,3.787033,0.31405895948410034,0.5129629373550415,0.12197580933570862
YER038C,YMR306W,0,3.7866993,0.3138810098171234,0.5129629373550415,0.122076615691185
YBL066C,YDL222C,0,3.7862015,0.3137032985687256,0.5129629373550415,0.12217742204666138
YGR271W,YHR043C,0,3.7861438,0.3135257363319397,0.5129629373550415,0.12227822840213776
YML048W,YNL302C,0,3.7860882,0.3133484125137329,0.5129629373550415,0.12237903475761414
YGL210W,YMR256C,1,3.7857869,0.31373658776283264,0.5138888955116272,0.12237903475761414
YLR197W,YOL162W,0,3.7843146,0.31355932354927063,0.5138888955116272,0.12247984111309052
YBR291C,YMR150C,1,3.7840736,0.313946932554245,0.5148147940635681,0.12247984111309052
YDL231C,YGR203W,0,3.783418,0.31376975774765015,0.5148147940635681,0.1225806474685669
YMR276W,YGL231C,0,3.7832036,0.313592791557312,0.5148147940635681,0.12268145382404327
YHL017W,YBR133C,0,3.7821684,0.3134160041809082,0.5148147940635681,0.12278226017951965
YCR075C,YNL009W,0,3.7810307,0.3132394254207611,0.5148147940635681,0.12288306653499603
YDR090C,YGR038W,0,3.7800572,0.3130630552768707,0.5148147940635681,0.12298387289047241
YBR179C,YIL022W,1,3.7781248,0.3134496212005615,0.5157407522201538,0.12298387289047241
YLR066W,YPL097W,0,3.7772672,0.3132733404636383,0.5157407522201538,0.12308467924594879
YFR045W,YOR266W,1,3.7770398,0.3136593699455261,0.5166666507720947,0.12308467924594879
YBR205W,YBR222C,0,3.775444,0.3134831488132477,0.5166666507720947,0.12318548560142517
YDL222C,YHR167W,0,3.7748,0.31330713629722595,0.5166666507720947,0.12328629195690155
YDL180W,YOL023W,0,3.7744954,0.31313130259513855,0.5166666507720947,0.12338709831237793
YDR513W,YDR371W,0,3.7740412,0.31295570731163025,0.5166666507720947,0.12348790466785431
YML130C,YLR072W,0,3.773678,0.3127802610397339,0.5166666507720947,0.12358871102333069
YDR262W,YOR173W,0,3.7731156,0.3126050531864166,0.5166666507720947,0.12368951737880707
YLR259C,YIL020C,0,3.772902,0.3124300241470337,0.5166666507720947,0.12379032373428345
YFR045W,YPR107C,0,3.7719696,0.3122551739215851,0.5166666507720947,0.12389113008975983
YOR228C,YER105C,0,3.7713282,0.3120805323123932,0.5166666507720947,0.1239919364452362
YOR336W,YFR049W,0,3.7711403,0.311906099319458,0.5166666507720947,0.12409274280071259
YOR039W,YJL132W,0,3.7709424,0.31173184514045715,0.5166666507720947,0.12419354915618896
YDL116W,YLR027C,0,3.7708204,0.311557799577713,0.5166666507720947,0.12429435551166534
YHR167W,YBR286W,0,3.7707539,0.3113839328289032,0.5166666507720947,0.12439516186714172
YJR116W,YBR289W,0,3.7706528,0.3112102746963501,0.5166666507720947,0.1244959682226181
YPL250C,YBR159W,0,3.7702963,0.3110367953777313,0.5166666507720947,0.12459677457809448
YPR147C,YCR031C,0,3.770245,0.3108634948730469,0.5166666507720947,0.12469758093357086
YNL072W,YFR004W,0,3.7689366,0.31069043278694153,0.5166666507720947,0.12479838728904724
YLR361C,YPL158C,0,3.7664018,0.3105175197124481,0.5166666507720947,0.12489919364452362
YER087C-A,YCR083W,0,3.7659807,0.3103448152542114,0.5166666507720947,0.125
YML086C,YER004W,1,3.765632,0.31072819232940674,0.5175926089286804,0.125
YNR007C,YNL310C,0,3.76492,0.3105555474758148,0.5175926089286804,0.12510080635547638
YOL021C,YGR288W,0,3.764446,0.3103831112384796,0.5175926089286804,0.12520161271095276
YBR096W,YOL129W,0,3.7639773,0.3102108836174011,0.5175926089286804,0.12530241906642914
YLR072W,YPL072W,0,3.763775,0.31003883481025696,0.5175926089286804,0.12540322542190552
YOR109W,YKL077W,0,3.7635236,0.3098669648170471,0.5175926089286804,0.1255040317773819
YOL162W,YML004C,0,3.761841,0.309695303440094,0.5175926089286804,0.12560483813285828
YDR090C,YDR236C,0,3.7610025,0.3095238208770752,0.5175926089286804,0.12570564448833466
YJL186W,YER119C,0,3.7599423,0.3093525171279907,0.5175926089286804,0.12580645084381104
YHR023W,YCL038C,0,3.7587419,0.30918142199516296,0.5175926089286804,0.12590725719928741
YML054C,YFL034C-B,0,3.757034,0.30901050567626953,0.5175926089286804,0.1260080635547638
YDL084W,YDL206W,0,3.7566273,0.3088397681713104,0.5175926089286804,0.12610886991024017
YGR125W,YDL113C,0,3.7561228,0.30866923928260803,0.5175926089286804,0.12620967626571655
YOR197W,YIL124W,0,3.7550871,0.30849888920783997,0.5175926089286804,0.12631048262119293
YDR365C,YEL020C,0,3.7541566,0.3083287477493286,0.5175926089286804,0.1264112889766693
YMR244C-A,YIL065C,1,3.7541149,0.3087100386619568,0.5185185074806213,0.1264112889766693
YBR016W,YOL129W,0,3.753248,0.3085399568080902,0.5185185074806213,0.1265120953321457
YER142C,YOR341W,0,3.7532356,0.30837005376815796,0.5185185074806213,0.12661290168762207
YBR162C,YCR028C-A,0,3.753165,0.30820032954216003,0.5185185074806213,0.12671370804309845
YHR143W-A,YDR084C,0,3.753066,0.3080308139324188,0.5185185074806213,0.12681451439857483
YML103C,YEL020C,0,3.7522562,0.30786147713661194,0.5185185074806213,0.1269153207540512
YBR015C,YJL132W,0,3.751808,0.3076923191547394,0.5185185074806213,0.1270161271095276
YOL055C,YPL158C,0,3.7517183,0.30752333998680115,0.5185185074806213,0.12711693346500397
YDL017W,YBR205W,0,3.7505314,0.30735456943511963,0.5185185074806213,0.12721773982048035
YNR007C,YDL049C,0,3.7480257,0.30718594789505005,0.5185185074806213,0.12731854617595673
YDR353W,YJL112W,1,3.7468457,0.3075657784938812,0.519444465637207,0.12731854617595673
YAL055W,YFL041W,0,3.7467067,0.3073972463607788,0.519444465637207,0.1274193525314331
YER163C,YJR013W,0,3.7462354,0.3072289228439331,0.519444465637207,0.12752015888690948
YBR222C,YNL181W,0,3.746092,0.30706074833869934,0.519444465637207,0.12762096524238586
YLR289W,YKR066C,1,3.7456727,0.3074398338794708,0.520370364189148,0.12762096524238586
YGR194C,YHR143W-A,0,3.744873,0.30727171897888184,0.520370364189148,0.12772177159786224
YGR295C,YGL206C,0,3.7445762,0.30710381269454956,0.520370364189148,0.12782257795333862
YMR098C,YKR098C,0,3.744457,0.306936115026474,0.520370364189148,0.127923384308815
YPR083W,YOL040C,0,3.7442822,0.3067685663700104,0.520370364189148,0.12802419066429138
YHR100C,YKL094W,1,3.7441885,0.30714675784111023,0.5212963223457336,0.12802419066429138
YJR085C,YGR096W,1,3.743885,0.30752453207969666,0.5222222208976746,0.12802419066429138
YDR282C,YKL053C-A,1,3.7433362,0.30790191888809204,0.5231481194496155,0.12802419066429138
YBL066C,YML058W-A,0,3.7432268,0.3077341914176941,0.5231481194496155,0.12812499701976776
YLL019C,YDR292C,0,3.7430727,0.30756667256355286,0.5231481194496155,0.12822580337524414
YJL108C,YMR276W,0,3.7426913,0.30739933252334595,0.5231481194496155,0.12832660973072052
YKR042W,YDR185C,1,3.7420914,0.30777597427368164,0.5240740776062012,0.12832660973072052
YJR116W,YNR019W,0,3.7419364,0.3076086938381195,0.5240740776062012,0.1284274160861969
YDL045C,YLR113W,0,3.7412877,0.3074416220188141,0.5240740776062012,0.12852822244167328
YPL098C,YPL138C,0,3.7395704,0.3072746992111206,0.5240740776062012,0.12862902879714966
YBR152W,YPL158C,0,3.7393374,0.30710798501968384,0.5240740776062012,0.12872983515262604
YDR427W,YMR008C,0,3.738381,0.306941419839859,0.5240740776062012,0.12883064150810242
YDR376W,YDR487C,1,3.7382276,0.3073170781135559,0.5249999761581421,0.12883064150810242
YLR196W,YAL028W,0,3.7357864,0.30715060234069824,0.5249999761581421,0.1289314478635788
YFR039C,YBR248C,0,3.7339094,0.3069843053817749,0.5249999761581421,0.12903225421905518
YKL033W-A,YOR257W,0,3.7336414,0.3068181872367859,0.5249999761581421,0.12913306057453156
YKL133C,YIL146C,1,3.7331917,0.3071930706501007,0.5259259343147278,0.12913306057453156
YLR147C,YCL027C-A,0,3.7326424,0.30702704191207886,0.5259259343147278,0.12923386693000793
YDL048C,YNL040W,0,3.73097,0.30686116218566895,0.5259259343147278,0.12933467328548431
YOL042W,YOL040C,0,3.7309096,0.30669546127319336,0.5259259343147278,0.1294354796409607
YML123C,YDR435C,0,3.7304895,0.3065299391746521,0.5259259343147278,0.12953628599643707
YPR083W,YHR116W,0,3.7294567,0.30636462569236755,0.5259259343147278,0.12963709235191345
YNL162W,YKL134C,0,3.729169,0.30619946122169495,0.5259259343147278,0.12973789870738983
YPR147C,YIL137C,0,3.728586,0.30603447556495667,0.5259259343147278,0.1298387050628662
YJR058C,YOR217W,0,3.7283804,0.3058696687221527,0.5259259343147278,0.1299395114183426
YIL076W,YMR150C,0,3.7279723,0.30570507049560547,0.5259259343147278,0.13004031777381897
YBR150C,YDL075W,0,3.7279437,0.30554062128067017,0.5259259343147278,0.13014112412929535
YOR297C,YGR046W,1,3.7278745,0.3059139847755432,0.5268518328666687,0.13014112412929535
YGR177C,YNR013C,0,3.727714,0.3057495951652527,0.5268518328666687,0.13024193048477173
YKL210W,YGR122W,0,3.7272146,0.3055853843688965,0.5268518328666687,0.1303427368402481
YBR126C,YDR098C,0,3.7265108,0.3054213523864746,0.5268518328666687,0.1304435431957245
YNR007C,YOL042W,0,3.7263334,0.30525749921798706,0.5268518328666687,0.13054434955120087
YLR218C,YGR243W,1,3.725713,0.30563002824783325,0.5277777910232544,0.13054434955120087
YCR045C,YCL004W,0,3.7219725,0.3054662346839905,0.5277777910232544,0.13064515590667725
YPL098C,YER105C,0,3.7213738,0.30530261993408203,0.5277777910232544,0.13074596226215363
YGL157W,YGL194C,0,3.7211206,0.3051391839981079,0.5277777910232544,0.13084676861763
YOR311C,YLL009C,0,3.7199495,0.3049759268760681,0.5277777910232544,0.13094757497310638
YKR007W,YDR092W,0,3.7184942,0.30481284856796265,0.5277777910232544,0.13104838132858276
YIL097W,YMR301C,0,3.7177293,0.3046499192714691,0.5277777910232544,0.13114918768405914
YDR536W,YLR193C,0,3.7162743,0.3044871687889099,0.5277777910232544,0.13124999403953552
YLR193C,YMR150C,1,3.7160518,0.3048585057258606,0.5287036895751953,0.13124999403953552
YOR173W,YFL027C,0,3.7148964,0.30469584465026855,0.5287036895751953,0.1313508003950119
YKL151C,YPL255W,0,3.7135384,0.30453333258628845,0.5287036895751953,0.13145160675048828
YDR011W,YFL013C,0,3.7132614,0.3043709993362427,0.5287036895751953,0.13155241310596466
YOR261C,YER014C-A,0,3.71322,0.3042088449001312,0.5287036895751953,0.13165321946144104
YOR022C,YDR192C,0,3.713128,0.3040468692779541,0.5287036895751953,0.13175402581691742
YOR228C,YPR199C,0,3.712065,0.3038850426673889,0.5287036895751953,0.1318548321723938
YBL050W,YBL027W,0,3.711712,0.30372339487075806,0.5287036895751953,0.13195563852787018
YDL107W,YBR024W,1,3.7113023,0.3040935695171356,0.529629647731781,0.13195563852787018
YLR401C,YDR077W,0,3.7106314,0.30393198132514954,0.529629647731781,0.13205644488334656
YOR154W,YGL046W,0,3.7099488,0.3037705719470978,0.529629647731781,0.13215725123882294
YBR141C,YLR027C,0,3.709541,0.30360934138298035,0.529629647731781,0.13225805759429932
YKL096W-A,YLR224W,0,3.7095175,0.30344828963279724,0.529629647731781,0.1323588639497757
YDR425W,YNL310C,0,3.7095163,0.3032873868942261,0.529629647731781,0.13245967030525208
YGR238C,YDL072C,0,3.7092214,0.30312666296958923,0.529629647731781,0.13256047666072845
YGR194C,YGL001C,0,3.7085335,0.30296608805656433,0.529629647731781,0.13266128301620483
YLR218C,YDR343C,1,3.707971,0.3033351004123688,0.5305555462837219,0.13266128301620483
YOL072W,YGL157W,0,3.7075028,0.30317461490631104,0.5305555462837219,0.1327620893716812
YIL137C,YGL079W,0,3.707369,0.30301427841186523,0.5305555462837219,0.1328629106283188
YLR040C,YDR371W,0,3.7064862,0.30285412073135376,0.5305555462837219,0.13296371698379517
YAR031W,YGL133W,0,3.7060866,0.3026941418647766,0.5305555462837219,0.13306452333927155
YHR005C-A,YKL096W,0,3.7056363,0.3025343120098114,0.5305555462837219,0.13316532969474792
YOR217W,YJR120W,0,3.703767,0.3023746609687805,0.5305555462837219,0.1332661360502243
YPR110C,YDL104C,0,3.7037177,0.30221518874168396,0.5305555462837219,0.13336694240570068
YLR193C,YPR067W,1,3.703054,0.3025830388069153,0.5314815044403076,0.13336694240570068
YMR122W-A,YNL083W,0,3.7024171,0.3024235963821411,0.5314815044403076,0.13346774876117706
YDR282C,YCR075C,0,3.7016227,0.30226436257362366,0.5314815044403076,0.13356855511665344
YDR212W,YPL275W,0,3.7013357,0.30210527777671814,0.5314815044403076,0.13366936147212982
YNL242W,YBR048W,0,3.7007709,0.30194634199142456,0.5314815044403076,0.1337701678276062
YGR194C,YBL064C,0,3.700617,0.3017875850200653,0.5314815044403076,0.13387097418308258
YGR156W,YKL033W-A,0,3.7003458,0.3016290068626404,0.5314815044403076,0.13397178053855896
YMR267W,YAL001C,0,3.7001226,0.3014705777168274,0.5314815044403076,0.13407258689403534
YPL206C,YKR098C,0,3.6997826,0.30131232738494873,0.5314815044403076,0.13417339324951172
YER039C,YOR109W,0,3.699673,0.3011542558670044,0.5314815044403076,0.1342741996049881
YBR220C,YHR037W,0,3.6992984,0.300996333360672,0.5314815044403076,0.13437500596046448
YDR011W,YGL054C,0,3.6979659,0.30083855986595154,0.5314815044403076,0.13447581231594086
YOL052C,YBL056W,0,3.6969273,0.3006809949874878,0.5314815044403076,0.13457661867141724
YDL119C,YJL003W,1,3.69607,0.30104711651802063,0.5324074029922485,0.13457661867141724
YAR050W,YJR116W,0,3.695886,0.3008895814418793,0.5324074029922485,0.13467742502689362
YGL107C,YGR257C,1,3.6952827,0.3012552261352539,0.5333333611488342,0.13467742502689362
YGL128C,YER055C,0,3.695029,0.3010977506637573,0.5333333611488342,0.13477823138237
YJL062W-A,YDR376W,1,3.6948237,0.30146291851997375,0.5342592597007751,0.13477823138237
YOL136C,YPL264C,0,3.69462,0.30130547285079956,0.5342592597007751,0.13487903773784637
YLR369W,YNL145W,0,3.6944597,0.3011482357978821,0.5342592597007751,0.13497984409332275
YBR287W,YGR177C,0,3.6942644,0.30099111795425415,0.5342592597007751,0.13508065044879913
YER158C,YBL005W-A,0,3.6931634,0.30083420872688293,0.5342592597007751,0.1351814568042755
YOR246C,YDR304C,0,3.6928077,0.30067744851112366,0.5342592597007751,0.1352822631597519
YMR276W,YML004C,0,3.6924794,0.3005208373069763,0.5342592597007751,0.13538306951522827
YHR005C-A,YPR041W,0,3.6921937,0.3003644049167633,0.5342592597007751,0.13548387587070465
YLR336C,YHR112C,0,3.6913536,0.30020812153816223,0.5342592597007751,0.13558468222618103
YNL129W,YGR144W,0,3.69113,0.3000520169734955,0.5342592597007751,0.1356854885816574
YGR218W,YLL009C,0,3.690951,0.2998960614204407,0.5342592597007751,0.1357862949371338
YKL138C,YOL163W,0,3.690922,0.2997402548789978,0.5342592597007751,0.13588710129261017
YPL097W,YKL152C,0,3.6896942,0.29958462715148926,0.5342592597007751,0.13598790764808655
YER060W,YFR033C,0,3.6892183,0.29942917823791504,0.5342592597007751,0.13608871400356293
YPL264C,YGL001C,0,3.6882396,0.29927384853363037,0.5342592597007751,0.1361895203590393
YJR028W,YBR162C,0,3.6881294,0.2991187274456024,0.5342592597007751,0.13629032671451569
YGR088W,YDR306C,0,3.687983,0.298963725566864,0.5342592597007751,0.13639113306999207
YCR023C,YAL041W,0,3.6854079,0.29880890250205994,0.5342592597007751,0.13649193942546844
YER176W,YPL262W,0,3.6849208,0.2986542582511902,0.5342592597007751,0.13659274578094482
YPL230W,YCR087C-A,0,3.6822598,0.29849973320961,0.5342592597007751,0.1366935521364212
YNL217W,YHR109W,0,3.681879,0.2983453869819641,0.5342592597007751,0.13679435849189758
YML081C-A,YDR049W,1,3.6815574,0.2987080216407776,0.5351851582527161,0.13679435849189758
YKL094W,YLR283W,1,3.6814854,0.29907023906707764,0.5361111164093018,0.13679435849189758
YDR030C,YDR297W,0,3.6811578,0.2989158630371094,0.5361111164093018,0.13689516484737396
YBL064C,YOL158C,0,3.6793432,0.29876160621643066,0.5361111164093018,0.13699597120285034
YGL254W,YLR137W,0,3.6779947,0.2986075282096863,0.5361111164093018,0.13709677755832672
YJL160C,YBR154C,0,3.676081,0.29845359921455383,0.5361111164093018,0.1371975839138031
YMR010W,YCL004W,0,3.6760461,0.2982998490333557,0.5361111164093018,0.13729839026927948
YMR244C-A,YOR147W,1,3.6757886,0.29866117238998413,0.5370370149612427,0.13729839026927948
YMR134W,YML106W,0,3.6731188,0.2985074520111084,0.5370370149612427,0.13739919662475586
YJL091C,YPR154W,0,3.672557,0.298353910446167,0.5370370149612427,0.13750000298023224
YJL206C,YOL163W,0,3.6717427,0.2982005178928375,0.5370370149612427,0.13760080933570862
YPL004C,YHR017W,1,3.6716712,0.298561155796051,0.5379629731178284,0.13760080933570862
YDL183C,YJL209W,1,3.6715486,0.2989214062690735,0.5388888716697693,0.13760080933570862
YGR203W,YJR054W,0,3.6708658,0.29876795411109924,0.5388888716697693,0.137701615691185
YNL181W,YNL055C,0,3.670069,0.2986146807670593,0.5388888716697693,0.13780242204666138
YGL261C,YDR320C,0,3.6698093,0.29846152663230896,0.5388888716697693,0.13790322840213776
YMR166C,YDL149W,1,3.668697,0.2988211214542389,0.539814829826355,0.13790322840213776
YNR007C,YNL248C,0,3.6681643,0.2986680269241333,0.539814829826355,0.13800403475761414
YNL154C,YFR045W,0,3.6680372,0.29851511120796204,0.539814829826355,0.13810484111309052
YDR513W,YLR262C,0,3.6675894,0.2983623445034027,0.539814829826355,0.1382056474685669
YBR246W,YAL030W,0,3.6675274,0.2982097268104553,0.539814829826355,0.13830645382404327
YOR351C,YOL163W,0,3.6669388,0.2980572581291199,0.539814829826355,0.13840726017951965
YER174C,YBL064C,0,3.6655095,0.29790496826171875,0.539814829826355,0.13850806653499603
YHR016C,YDR292C,0,3.6640732,0.2977527976036072,0.539814829826355,0.1386088728904724
YBL040C,YML058W-A,0,3.662872,0.29760080575942993,0.539814829826355,0.1387096792459488
YKL033W-A,YDL013W,0,3.6613321,0.297448992729187,0.539814829826355,0.13881048560142517
YDR025W,YNR007C,0,3.6604688,0.29729729890823364,0.539814829826355,0.13891129195690155
YOR306C,YIR034C,0,3.658223,0.2971457839012146,0.539814829826355,0.13901209831237793
YER119C,YOL080C,0,3.6577508,0.2969943881034851,0.539814829826355,0.1391129046678543
YLR396C,YLR120C,0,3.6572635,0.29684317111968994,0.539814829826355,0.1392137110233307
YBL101C,YMR135C,0,3.6572495,0.2966921031475067,0.539814829826355,0.13931451737880707
YAL055W,YNL248C,0,3.6572087,0.2965412139892578,0.539814829826355,0.13941532373428345
YER067W,YDR504C,0,3.657183,0.29639044404029846,0.539814829826355,0.13951613008975983
YBR058C-A,YBL091C-A,0,3.6567655,0.29623982310295105,0.539814829826355,0.1396169364452362
YPL098C,YKR001C,1,3.6567588,0.29659727215766907,0.5407407283782959,0.1396169364452362
YKR106W,YNL015W,0,3.655917,0.29644671082496643,0.5407407283782959,0.13971774280071259
YBR192W,YMR166C,1,3.6558034,0.29680365324020386,0.5416666865348816,0.13971774280071259
YIL040W,YGR233C,0,3.6550386,0.296653151512146,0.5416666865348816,0.13981854915618896
YNR052C,YHR086W,0,3.6548514,0.2965027987957001,0.5416666865348816,0.13991935551166534
YGR256W,YMR083W,0,3.6536543,0.2963525950908661,0.5416666865348816,0.14002016186714172
YBR287W,YHR167W,0,3.6535494,0.29620254039764404,0.5416666865348816,0.1401209682226181
YER087C-A,YDR131C,0,3.6532695,0.29605263471603394,0.5416666865348816,0.14022177457809448
YFL038C,YLR258W,0,3.6528594,0.29590287804603577,0.5416666865348816,0.14032258093357086
YPR140W,YKL100C,0,3.651209,0.2957533001899719,0.5416666865348816,0.14042338728904724
YAL067C,YPL209C,0,3.6500628,0.29560384154319763,0.5416666865348816,0.14052419364452362
YFR037C,YLR042C,0,3.6500456,0.2954545319080353,0.5416666865348816,0.140625
YHR161C,YDR236C,0,3.6499789,0.29530540108680725,0.5416666865348816,0.14072580635547638
YER078C,YPR095C,0,3.6495993,0.29515641927719116,0.5416666865348816,0.14082661271095276
YJR085C,YOR017W,1,3.648831,0.2955118417739868,0.5425925850868225,0.14082661271095276
YMR267W,YBR083W,0,3.6486678,0.2953628897666931,0.5425925850868225,0.14092741906642914
YKL037W,YJL161W,1,3.648444,0.29571789503097534,0.5435185432434082,0.14092741906642914
YNR002C,YML115C,0,3.6480138,0.29556897282600403,0.5435185432434082,0.14102822542190552
YOR023C,YJR141W,0,3.6469474,0.29542022943496704,0.5435185432434082,0.1411290317773819
YDL142C,YGL252C,0,3.6469388,0.295271635055542,0.5435185432434082,0.14122983813285828
YGL062W,YHR143W-A,0,3.6464517,0.2951231896877289,0.5435185432434082,0.14133064448833466
YJL132W,YKL104C,0,3.646016,0.2949748635292053,0.5435185432434082,0.14143145084381104
YIL006W,YJL082W,1,3.6458743,0.2953289747238159,0.5444444417953491,0.14143145084381104
YPL098C,YDR131C,0,3.6448994,0.29518070816993713,0.5444444417953491,0.14153225719928741
YGR295C,YBL027W,0,3.6448479,0.2950326204299927,0.5444444417953491,0.1416330635547638
YOR257W,YBR096W,0,3.6446311,0.29488465189933777,0.5444444417953491,0.14173386991024017
YML058W-A,YLR025W,0,3.6444285,0.2947368323802948,0.5444444417953491,0.14183467626571655
YDL190C,YPL135W,0,3.6443126,0.29458919167518616,0.5444444417953491,0.14193548262119293
YGL048C,YEL027W,0,3.6425936,0.29444167017936707,0.5444444417953491,0.1420362889766693
YBR192W,YJL132W,0,3.6412787,0.2942942976951599,0.5444444417953491,0.1421370953321457
YLR369W,YHR008C,0,3.640768,0.2941470742225647,0.5444444417953491,0.14223790168762207
YNL131W,YNL145W,0,3.639333,0.2939999997615814,0.5444444417953491,0.14233870804309845
YDR513W,YCR087C-A,0,3.6393163,0.2938530743122101,0.5444444417953491,0.14243951439857483
YLR253W,YPR125W,1,3.63908,0.29420578479766846,0.5453703999519348,0.14243951439857483
YMR134W,YEL056W,0,3.6388214,0.2940589189529419,0.5453703999519348,0.1425403207540512
YMR098C,YHR194W,1,3.63861,0.29441118240356445,0.5462962985038757,0.1425403207540512
YFR016C,YGL063W,0,3.6381047,0.2942643463611603,0.5462962985038757,0.1426411271095276
YLR293C,YHR161C,0,3.637521,0.29411765933036804,0.5462962985038757,0.14274193346500397
YNL256W,YJL180C,1,3.6373212,0.29446935653686523,0.5472221970558167,0.14274193346500397
YKL146W,YDR084C,0,3.6369593,0.2943226993083954,0.5472221970558167,0.14284273982048035
YDR477W,YMR194W,0,3.636396,0.29417622089385986,0.5472221970558167,0.14294354617595673
YDR055W,YHR043C,0,3.636014,0.2940298616886139,0.5472221970558167,0.1430443525314331
YMR233W,YBR230C,0,3.635506,0.29388365149497986,0.5472221970558167,0.14314515888690948
YHR116W,YAL055W,0,3.635256,0.2937375605106354,0.5472221970558167,0.14324596524238586
YOL120C,YDR090C,0,3.63458,0.2935916483402252,0.5472221970558167,0.14334677159786224
YAR031W,YFL016C,0,3.6344864,0.293445885181427,0.5472221970558167,0.14344757795333862
YOR116C,YNR037C,0,3.6344101,0.29330024123191833,0.5472221970558167,0.143548384308815
YBR192W,YBR196C,0,3.6342008,0.293154776096344,0.5472221970558167,0.14364919066429138
YPL248C,YLR027C,0,3.6319225,0.2930094301700592,0.5472221970558167,0.14374999701976776
YPR147C,YDL058W,0,3.631382,0.29286423325538635,0.5472221970558167,0.14385080337524414
YFR024C-A,YDR288W,0,3.6309385,0.29271915555000305,0.5472221970558167,0.14395160973072052
YJL051W,YPR020W,0,3.6308095,0.2925742566585541,0.5472221970558167,0.1440524160861969
YAR035W,YDL198C,1,3.6301708,0.29292428493499756,0.5481481552124023,0.1440524160861969
YGR065C,YBR013C,0,3.6299617,0.29277941584587097,0.5481481552124023,0.14415322244167328
YAL055W,YDL222C,0,3.6299355,0.2926346957683563,0.5481481552124023,0.14425402879714966
YBR246W,YDR016C,0,3.629289,0.2924901247024536,0.5481481552124023,0.14435483515262604
YLR446W,YNR008W,0,3.6292834,0.29234567284584045,0.5481481552124023,0.14445564150810242
YKL134C,YNL217W,0,3.6291282,0.29220137000083923,0.5481481552124023,0.1445564478635788
YBR050C,YKL135C,0,3.6286743,0.29205721616744995,0.5481481552124023,0.14465725421905518
YER078C,YPR113W,1,3.628505,0.2924063205718994,0.5490740537643433,0.14465725421905518
YHR044C,YGL204C,0,3.6284077,0.2922621965408325,0.5490740537643433,0.14475806057453156
YOR347C,YJR013W,0,3.627826,0.29211822152137756,0.5490740537643433,0.14485886693000793
YGR106C,YJL153C,0,3.6265914,0.29197439551353455,0.5490740537643433,0.14495967328548431
YGL220W,YLR176C,0,3.6258247,0.29183071851730347,0.5490740537643433,0.1450604796409607
YJL055W,YLR027C,0,3.625005,0.29168716073036194,0.5490740537643433,0.14516128599643707
YER185W,YPR113W,0,3.6249468,0.29154375195503235,0.5490740537643433,0.14526209235191345
YOR311C,YDR055W,0,3.6208725,0.2914004921913147,0.5490740537643433,0.14536289870738983
YGR240C,YDL206W,0,3.6194458,0.291257381439209,0.5490740537643433,0.1454637050628662
YKL020C,YBR269C,0,3.618221,0.2911143898963928,0.5490740537643433,0.1455645114183426
YHL033C,YDL188C,0,3.618055,0.2909715473651886,0.5490740537643433,0.14566531777381897
YDR459C,YGL252C,0,3.6175327,0.2908288240432739,0.5490740537643433,0.14576612412929535
YGR084C,YLR211C,0,3.6172771,0.2906862795352936,0.5490740537643433,0.14586693048477173
YML004C,YOR367W,0,3.6171076,0.2905438542366028,0.5490740537643433,0.1459677368402481
YPL177C,YLR297W,0,3.616369,0.2904015779495239,0.5490740537643433,0.1460685431957245
YDR062W,YBR280C,0,3.6163564,0.2902594208717346,0.5490740537643433,0.14616934955120087
YOR390W,YOR293W,0,3.6162045,0.29011741280555725,0.5490740537643433,0.14627015590667725
YOL072W,YOR142W,0,3.6155512,0.2899755537509918,0.5490740537643433,0.14637096226215363
YDR287W,YOL047C,0,3.615323,0.28983381390571594,0.5490740537643433,0.14647176861763
YPR199C,YGL126W,0,3.6148674,0.289692223072052,0.5490740537643433,0.14657257497310638
YPR030W,YPR091C,0,3.6148655,0.28955078125,0.5490740537643433,0.14667338132858276
YDR470C,YJL161W,1,3.6141229,0.28989750146865845,0.550000011920929,0.14667338132858276
YBR013C,YBR269C,0,3.6140764,0.28975608944892883,0.550000011920929,0.14677418768405914
YEL020C,YOR143C,0,3.6136649,0.28961482644081116,0.550000011920929,0.14687499403953552
YBR042C,YMR042W,0,3.6130037,0.28947368264198303,0.550000011920929,0.1469758003950119
YNR056C,YAL038W,0,3.6129522,0.28933268785476685,0.550000011920929,0.14707660675048828
YGR203W,YOR249C,0,3.6123114,0.2891918122768402,0.550000011920929,0.14717741310596466
YGR095C,YGL261C,0,3.6120481,0.2890510857105255,0.550000011920929,0.14727821946144104
YLL050C,YDL206W,0,3.612026,0.28891050815582275,0.550000011920929,0.14737902581691742
YBR013C,YDR244W,0,3.611549,0.28877004981040955,0.550000011920929,0.1474798321723938
YNR007C,YIR008C,0,3.6105258,0.2886297404766083,0.550000011920929,0.14758063852787018
YGR194C,YGL108C,0,3.6104798,0.28848955035209656,0.550000011920929,0.14768144488334656
YDR118W,YFR045W,0,3.6099994,0.2883495092391968,0.550000011920929,0.14778225123882294
YML087C,YGR256W,0,3.6097023,0.28820961713790894,0.550000011920929,0.14788305759429932
YMR105C,YKL184W,0,3.6095276,0.28806984424591064,0.550000011920929,0.1479838639497757
YHR005C-A,YFL034C-B,0,3.6092584,0.2879301905632019,0.550000011920929,0.14808467030525208
YJL206C,YLR433C,0,3.6074724,0.2877906858921051,0.550000011920929,0.14818547666072845
YGL023C,YNR037C,0,3.6067538,0.28765133023262024,0.550000011920929,0.14828628301620483
YBR015C,YGL082W,0,3.6060061,0.2875120937824249,0.550000011920929,0.1483870893716812
YHR075C,YBR096W,0,3.6058228,0.28737300634384155,0.550000011920929,0.1484879106283188
YBL059W,YLR193C,1,3.6054933,0.2877176105976105,0.5509259104728699,0.1484879106283188
YPR140W,YKL037W,1,3.6053436,0.28806185722351074,0.5518518686294556,0.1484879106283188
YNL180C,YDL059C,0,3.6051881,0.2879227101802826,0.5518518686294556,0.14858871698379517
YBL050W,YML075C,0,3.6045127,0.287783682346344,0.5518518686294556,0.14868952333927155
YLL026W,YML133C,0,3.6043212,0.28764477372169495,0.5518518686294556,0.14879032969474792
YOL088C,YAL038W,0,3.6037366,0.2875060439109802,0.5518518686294556,0.1488911360502243
YLR248W,YMR301C,0,3.6037164,0.28736740350723267,0.5518518686294556,0.14899194240570068
YKL220C,YHR005C-A,0,3.602805,0.28722891211509705,0.5518518686294556,0.14909274876117706
YAR010C,YJL165C,0,3.600748,0.28709056973457336,0.5518518686294556,0.14919355511665344
YER174C,YIL022W,0,3.600736,0.28695234656333923,0.5518518686294556,0.14929436147212982
YFL011W-A,YAR003W,0,3.6005452,0.28681424260139465,0.5518518686294556,0.1493951678276062
YJL003W,YER014W,1,3.5988822,0.2871572971343994,0.5527777671813965,0.1493951678276062
YDR077W,YDR131C,0,3.5982242,0.2870192229747772,0.5527777671813965,0.14949597418308258
YER067W,YKL089W,0,3.5970676,0.28688129782676697,0.5527777671813965,0.14959678053855896
YNL258C,YGR026W,0,3.5968492,0.28674352169036865,0.5527777671813965,0.14969758689403534
YOR019W,YGL126W,0,3.595303,0.2866058647632599,0.5527777671813965,0.14979839324951172
YJR106W,YBR048W,0,3.595229,0.2864683270454407,0.5527777671813965,0.1498991996049881
YHR074W,YHR057C,0,3.5951006,0.2863309383392334,0.5527777671813965,0.15000000596046448
YHR116W,YDR055W,0,3.5945446,0.2861936688423157,0.5527777671813965,0.15010081231594086
YMR259C,YIL022W,0,3.5931864,0.2860565483570099,0.5527777671813965,0.15020161867141724
YDR350C,YKL133C,1,3.5927713,0.2863984704017639,0.5537037253379822,0.15020161867141724
YKL100C,YMR010W,0,3.5927153,0.2862613797187805,0.5537037253379822,0.15030242502689362
YDR513W,YKL023W,0,3.592529,0.28612440824508667,0.5537037253379822,0.15040323138237
YLR446W,YHL028W,0,3.5922506,0.2859875559806824,0.5537037253379822,0.15050403773784637
YFL040W,YNL257C,0,3.5918367,0.28585085272789,0.5537037253379822,0.15060484409332275
YOR373W,YKL023W,0,3.5914774,0.2857142984867096,0.5537037253379822,0.15070565044879913
YDR322C-A,YMR059W,1,3.591458,0.28605538606643677,0.5546296238899231,0.15070565044879913
YCL001W,YPR204W,0,3.5898812,0.28591886162757874,0.5546296238899231,0.1508064568042755
YJR117W,YBR213W,0,3.5886185,0.28578245639801025,0.5546296238899231,0.1509072631597519
YLR190W,YLR090W,1,3.5877218,0.28612303733825684,0.5555555820465088,0.1509072631597519
YEL068C,YIL144W,0,3.5862901,0.28598666191101074,0.5555555820465088,0.15100806951522827
YPR125W,YNL159C,0,3.5860226,0.2858504056930542,0.5555555820465088,0.15110887587070465
YNL206C,YER014C-A,0,3.5844593,0.2857142984867096,0.5555555820465088,0.15120968222618103
YLR042C,YOR259C,0,3.584337,0.28557831048965454,0.5555555820465088,0.1513104885816574
YCR060W,YKL152C,0,3.5841796,0.28544244170188904,0.5555555820465088,0.1514112949371338
YDR282C,YNL087W,0,3.5840154,0.2853066921234131,0.5555555820465088,0.15151210129261017
YDR462W,YHR193C,0,3.5829856,0.2851710915565491,0.5555555820465088,0.15161290764808655
YOR163W,YOR178C,0,3.5823066,0.285035640001297,0.5555555820465088,0.15171371400356293
YKL146W,YML021C,0,3.5822713,0.2849002778530121,0.5555555820465088,0.1518145203590393
YBL064C,YGL257C,0,3.5820186,0.2847650647163391,0.5555555820465088,0.15191532671451569
YGL101W,YFR025C,0,3.5814574,0.2846299707889557,0.5555555820465088,0.15201613306999207
YHR188C,YFR033C,0,3.5812142,0.2844950258731842,0.5555555820465088,0.15211693942546844
YBR246W,YOR037W,0,3.580939,0.28436020016670227,0.5555555820465088,0.15221774578094482
YFL010W-A,YDR195W,0,3.580336,0.2842254936695099,0.5555555820465088,0.1523185521364212
YHR035W,YER176W,0,3.5796976,0.28409090638160706,0.5555555820465088,0.15241935849189758
YOR365C,YFL010W-A,0,3.5793943,0.28395646810531616,0.5555555820465088,0.15252016484737396
YBL007C,YKL081W,0,3.5791128,0.2838221490383148,0.5555555820465088,0.15262097120285034
YHL017W,YDR084C,0,3.5790854,0.283687949180603,0.5555555820465088,0.15272177755832672
YBR246W,YDR244W,0,3.5786343,0.2835538685321808,0.5555555820465088,0.1528225839138031
YBR013C,YJL037W,0,3.5782306,0.2834199368953705,0.5555555820465088,0.15292339026927948
YMR097C,YKR042W,1,3.5779116,0.2837582528591156,0.5564814805984497,0.15292339026927948
YHR003C,YDR185C,1,3.5775077,0.28409627079963684,0.5574073791503906,0.15292339026927948
YBR207W,YDR379W,0,3.5770743,0.2839622497558594,0.5574073791503906,0.15302419662475586
YPL206C,YPL072W,1,3.5766556,0.2842998504638672,0.5583333373069763,0.15302419662475586
YOR151C,YML004C,0,3.5766344,0.2841658890247345,0.5583333373069763,0.15312500298023224
YGL067W,YAL030W,0,3.5765347,0.28403201699256897,0.5583333373069763,0.15322580933570862
YER158C,YKL154W,0,3.5755641,0.2838982939720154,0.5583333373069763,0.153326615691185
YBL005W-A,YKL071W,0,3.5746481,0.28376471996307373,0.5583333373069763,0.15342742204666138
YJL183W,YLR193C,0,3.5743442,0.28363123536109924,0.5583333373069763,0.15352822840213776
YMR047C,YPR004C,0,3.573009,0.2834978699684143,0.5583333373069763,0.15362903475761414
YLR336C,YDL048C,0,3.5719123,0.2833646535873413,0.5583333373069763,0.15372984111309052
YML106W,YPL072W,0,3.5718367,0.28323155641555786,0.5583333373069763,0.1538306474685669
YJR111C,YLR110C,0,3.5715277,0.28309857845306396,0.5583333373069763,0.15393145382404327
YLR042C,YJR099W,0,3.570869,0.282965749502182,0.5583333373069763,0.15403226017951965
YMR152W,YGL136C,0,3.5704896,0.2828330099582672,0.5583333373069763,0.15413306653499603
YBL056W,YML081W,0,3.5700598,0.28270041942596436,0.5583333373069763,0.1542338728904724
YML130C,YDR131C,0,3.5700104,0.28256794810295105,0.5583333373069763,0.1543346792459488
YGR012W,YPR061C,1,3.5698028,0.2829039692878723,0.5592592358589172,0.1543346792459488
YDR453C,YHR112C,0,3.5697606,0.2827715277671814,0.5592592358589172,0.15443548560142517
YLR067C,YFR049W,0,3.5696502,0.28263920545578003,0.5592592358589172,0.15453629195690155
YBR015C,YGL059W,0,3.568137,0.2825070023536682,0.5592592358589172,0.15463709831237793
YCL052C,YOR173W,0,3.5673978,0.28237494826316833,0.5592592358589172,0.1547379046678543
YOR022C,YOL158C,0,3.566983,0.2822429835796356,0.5592592358589172,0.1548387110233307
YGL107C,YBR003W,1,3.5666597,0.2825782299041748,0.5601851940155029,0.1548387110233307
YML130C,YBL066C,0,3.5659895,0.28244632482528687,0.5601851940155029,0.15493951737880707
YML106W,YOR017W,0,3.5653741,0.2823145091533661,0.5601851940155029,0.15504032373428345
YML040W,YOR137C,0,3.5651977,0.28218284249305725,0.5601851940155029,0.15514113008975983
YHR044C,YEL055C,0,3.5651977,0.28205129504203796,0.5601851940155029,0.1552419364452362
YJL008C,YGR070W,0,3.564033,0.28191983699798584,0.5601851940155029,0.15534274280071259
YER158C,YNL131W,0,3.5637314,0.28178852796554565,0.5601851940155029,0.15544354915618896
YER163C,YDR165W,0,3.5636892,0.2816573679447174,0.5601851940155029,0.15554435551166534
YBR239C,YKR066C,0,3.5625823,0.2815262973308563,0.5601851940155029,0.15564516186714172
YBR126C,YOL047C,0,3.5621145,0.2813953459262848,0.5601851940155029,0.1557459682226181
YLR350W,YDL195W,0,3.56124,0.2812645137310028,0.5601851940155029,0.15584677457809448
YNL180C,YLR040C,0,3.5611985,0.28113383054733276,0.5601851940155029,0.15594758093357086
YIR024C,YAR035W,1,3.5611515,0.2814677059650421,0.5611110925674438,0.15594758093357086
YDL049C,YCR083W,0,3.5600781,0.28133705258369446,0.5611110925674438,0.15604838728904724
YGR283C,YLR176C,0,3.5599725,0.28120648860931396,0.5611110925674438,0.15614919364452362
YDL217C,YNL131W,1,3.5588772,0.2815398871898651,0.5620370507240295,0.15614919364452362
YML087C,YLL012W,0,3.5582576,0.281409353017807,0.5620370507240295,0.15625
YHL046C,YOR312C,0,3.5575573,0.28127896785736084,0.5620370507240295,0.15635080635547638
YGL206C,YLR092W,0,3.5568125,0.28114867210388184,0.5620370507240295,0.15645161271095276
YMR079W,YHR075C,0,3.5557382,0.28101852536201477,0.5620370507240295,0.15655241906642914
YGR029W,YPR061C,1,3.5556018,0.281351238489151,0.5629629492759705,0.15655241906642914
YBR222C,YDR150W,0,3.5554411,0.28122109174728394,0.5629629492759705,0.15665322542190552
YML106W,YMR281W,0,3.5549433,0.2810910642147064,0.5629629492759705,0.1567540317773819
YOR019W,YDR146C,0,3.5543673,0.28096118569374084,0.5629629492759705,0.15685483813285828
YOL053C-A,YER074W,0,3.5532634,0.28083139657974243,0.5629629492759705,0.15695564448833466
YFR011C,YMR115W,1,3.552937,0.28116342425346375,0.5638889074325562,0.15695564448833466
YFL005W,YGR015C,1,3.5525668,0.2814951539039612,0.5648148059844971,0.15695564448833466
YOL053C-A,YDL029W,0,3.5524533,0.281365305185318,0.5648148059844971,0.15705645084381104
YDR330W,YBR050C,0,3.5521533,0.28123560547828674,0.5648148059844971,0.15715725719928741
YPL098C,YJL059W,0,3.5516045,0.28110599517822266,0.5648148059844971,0.1572580635547638
YOR336W,YDR226W,0,3.551325,0.2809765040874481,0.5648148059844971,0.15735886991024017
YLR426W,YOR373W,0,3.5508754,0.28084713220596313,0.5648148059844971,0.15745967626571655
YBR152W,YGR207C,0,3.550111,0.2807179093360901,0.5648148059844971,0.15756048262119293
YDR304C,YDR379W,0,3.5497382,0.2805887758731842,0.5648148059844971,0.1576612889766693
YBR104W,YBL059W,1,3.5493631,0.28091955184936523,0.5657407641410828,0.1576612889766693
YDL029W,YHR072W,0,3.549017,0.28079044818878174,0.5657407641410828,0.1577620953321457
YOR147W,YBR035C,1,3.5479467,0.28112080693244934,0.5666666626930237,0.1577620953321457
YOL087C,YOL163W,0,3.5471556,0.28099173307418823,0.5666666626930237,0.15786290168762207
YML040W,YLL039C,0,3.54679,0.2808627784252167,0.5666666626930237,0.15796370804309845
YHR178W,YGR125W,0,3.5465982,0.28073394298553467,0.5666666626930237,0.15806451439857483
YER119C,YPR093C,0,3.5458272,0.2806052267551422,0.5666666626930237,0.1581653207540512
YOL048C,YGL252C,0,3.5458086,0.2804766297340393,0.5666666626930237,0.1582661271095276
YJR117W,YBR016W,0,3.5451767,0.28034815192222595,0.5666666626930237,0.15836693346500397
YDL084W,YGR016W,0,3.5443122,0.28021979331970215,0.5666666626930237,0.15846773982048035
YDR453C,YPR151C,0,3.5442905,0.2800915241241455,0.5666666626930237,0.15856854617595673
YPR030W,YDR452W,0,3.544245,0.2799634039402008,0.5666666626930237,0.1586693525314331
YDL072C,YMR078C,0,3.5438833,0.27983540296554565,0.5666666626930237,0.15877015888690948
YCR023C,YJR118C,0,3.5420895,0.27970749139785767,0.5666666626930237,0.15887096524238586
YER179W,YGL108C,0,3.5412223,0.2795797288417816,0.5666666626930237,0.15897177159786224
YDR262W,YIL063C,0,3.5408733,0.27945205569267273,0.5666666626930237,0.15907257795333862
YDR236C,YLR176C,0,3.5396302,0.2793245017528534,0.5666666626930237,0.159173384308815
YHR016C,YNR013C,0,3.5378172,0.2791970670223236,0.5666666626930237,0.15927419066429138
YOR232W,YGL082W,0,3.5372555,0.27906978130340576,0.5666666626930237,0.15937499701976776
YGL054C,YLR258W,0,3.536349,0.2789425849914551,0.5666666626930237,0.15947580337524414
YOR261C,YDR016C,0,3.5344296,0.27881547808647156,0.5666666626930237,0.15957660973072052
YKL138C-A,YNL117W,0,3.5333643,0.2786885201931,0.5666666626930237,0.1596774160861969
YDR361C,YCR080W,0,3.532848,0.27856168150901794,0.5666666626930237,0.15977822244167328
YDR081C,YGR289C,0,3.532661,0.2784349322319031,0.5666666626930237,0.15987902879714966
YDR071C,YFR049W,0,3.5320153,0.27830833196640015,0.5666666626930237,0.15997983515262604
YJL153C,YNL055C,0,3.531751,0.2781818211078644,0.5666666626930237,0.16008064150810242
YJL153C,YDR287W,0,3.5316513,0.27805542945861816,0.5666666626930237,0.1601814478635788
YFL052W,YPR187W,0,3.5316262,0.2779291570186615,0.5666666626930237,0.16028225421905518
YOR265W,YGL197W,0,3.5289624,0.2778030037879944,0.5666666626930237,0.16038306057453156
YPL228W,YGL204C,0,3.5287826,0.27767693996429443,0.5666666626930237,0.16048386693000793
YDL160C,YML110C,0,3.5283618,0.2775510251522064,0.5666666626930237,0.16058467328548431
YLR091W,YDR531W,0,3.5282743,0.27742519974708557,0.5666666626930237,0.1606854796409607
YDR330W,YOL080C,0,3.5278466,0.2772994935512543,0.5666666626930237,0.16078628599643707
YNL180C,YER039C,0,3.5270083,0.2771739065647125,0.5666666626930237,0.16088709235191345
YMR134W,YGL220W,0,3.5265443,0.2770484387874603,0.5666666626930237,0.16098789870738983
YML110C,YLR190W,1,3.526535,0.27737557888031006,0.5675926208496094,0.16098789870738983
YDL183C,YDL045C,0,3.5259206,0.27725011110305786,0.5675926208496094,0.1610887050628662
YLR105C,YLL001W,1,3.5240257,0.27757686376571655,0.5685185194015503,0.1610887050628662
YGL080W,YOR017W,1,3.523093,0.277903288602829,0.5694444179534912,0.1610887050628662
YBL098W,YLR201C,1,3.522879,0.2782294452190399,0.5703703761100769,0.1610887050628662
YFL046W,YLR190W,1,3.521372,0.278555303812027,0.5712962746620178,0.1610887050628662
YMR241W,YER014W,1,3.5201023,0.27888086438179016,0.5722222328186035,0.1610887050628662
YBR240C,YKL212W,0,3.5196855,0.2787550687789917,0.5722222328186035,0.1611895114183426
YLR293C,YBR246W,0,3.519618,0.2786293923854828,0.5722222328186035,0.16129031777381897
YOR045W,YFR011C,1,3.5177617,0.27895447611808777,0.5731481313705444,0.16129031777381897
YOL042W,YDR077W,0,3.5162098,0.27882882952690125,0.5731481313705444,0.16139112412929535
YPL206C,YDR292C,0,3.516104,0.2787032723426819,0.5731481313705444,0.16149193048477173
YDR181C,YMR166C,0,3.5160773,0.27857786417007446,0.5731481313705444,0.1615927368402481
YBR021W,YIL052C,0,3.5148933,0.2784525454044342,0.5731481313705444,0.1616935431957245
YPL079W,YNL055C,0,3.5144932,0.2783273458480835,0.5731481313705444,0.16179434955120087
YMR109W,YPL264C,0,3.5141857,0.27820223569869995,0.5731481313705444,0.16189515590667725
YPR004C,YPL193W,0,3.514068,0.27807727456092834,0.5731481313705444,0.16199596226215363
YPR030W,YCR060W,0,3.5137813,0.2779524028301239,0.5731481313705444,0.16209676861763
YDR363W,YFR045W,0,3.5135245,0.277827650308609,0.5731481313705444,0.16219757497310638
YMR230W,YHR086W,0,3.5133429,0.27770301699638367,0.5731481313705444,0.16229838132858276
YHR044C,YPL023C,0,3.5121434,0.2775784730911255,0.5731481313705444,0.16239918768405914
YML115C,YER182W,0,3.5118644,0.27745404839515686,0.5731481313705444,0.16249999403953552
YJL026W,YJL103C,0,3.5115755,0.2773297429084778,0.5731481313705444,0.1626008003950119
YPR091C,YGR184C,0,3.511263,0.27720555663108826,0.5731481313705444,0.16270160675048828
YOR022C,YDR071C,0,3.5111084,0.2770814597606659,0.5731481313705444,0.16280241310596466
YPL270W,YDR065W,1,3.5108736,0.27740493416786194,0.5740740895271301,0.16280241310596466
YER026C,YOR232W,1,3.509552,0.2777280807495117,0.574999988079071,0.16280241310596466
YDR350C,YOL042W,0,3.5095468,0.2776039242744446,0.574999988079071,0.16290321946144104
YBL064C,YCR081W,0,3.5094113,0.277479887008667,0.574999988079071,0.16300402581691742
YOR261C,YMR010W,0,3.5092757,0.27735596895217896,0.574999988079071,0.1631048321723938
YJL108C,YAR002C-A,0,3.5090756,0.2772321403026581,0.574999988079071,0.16320563852787018
YNL301C,YKL210W,0,3.5089653,0.27710843086242676,0.574999988079071,0.16330644488334656
YDR301W,YNR002C,0,3.5086918,0.276984840631485,0.574999988079071,0.16340725123882294
YDR077W,YOR373W,0,3.5077412,0.2768613398075104,0.574999988079071,0.16350805759429932
YMR122W-A,YOR347C,0,3.5076325,0.2767379581928253,0.574999988079071,0.1636088639497757
YOL082W,YDR150W,0,3.5072103,0.2766146957874298,0.574999988079071,0.16370967030525208
YFR019W,YML106W,0,3.5060146,0.27649155259132385,0.574999988079071,0.16381047666072845
YDR071C,YGR256W,0,3.505706,0.27636849880218506,0.574999988079071,0.16391128301620483
YJL140W,YML075C,0,3.5045779,0.2762455642223358,0.574999988079071,0.1640120893716812
YOL053C-A,YEL063C,0,3.503897,0.27612271904945374,0.574999988079071,0.1641129106283188
YKR071C,YDR038C,0,3.503877,0.2759999930858612,0.574999988079071,0.16421371698379517
YBR239C,YDR207C,0,3.5021217,0.2758773863315582,0.574999988079071,0.16431452333927155
YOR173W,YPR061C,0,3.50191,0.2757548987865448,0.574999988079071,0.16441532969474792
YMR257C,YPL172C,1,3.5018187,0.2760763466358185,0.5759259462356567,0.16441532969474792
YFR019W,YML019W,0,3.5017755,0.27595385909080505,0.5759259462356567,0.1645161360502243
YNL019C,YCR089W,0,3.501521,0.2758314907550812,0.5759259462356567,0.16461694240570068
YHR005C-A,YER040W,0,3.5011258,0.27570921182632446,0.5759259462356567,0.16471774876117706
YBR241C,YPR072W,0,3.501096,0.2755870521068573,0.5759259462356567,0.16481855511665344
YOR085W,YJR025C,0,3.500625,0.2754650115966797,0.5759259462356567,0.16491936147212982
YER056C-A,YFR019W,0,3.4996548,0.27534306049346924,0.5759259462356567,0.1650201678276062
YEL026W,YGL046W,0,3.4989097,0.27522122859954834,0.5759259462356567,0.16512097418308258
YBR095C,YLR380W,0,3.498328,0.275099515914917,0.5759259462356567,0.16522178053855896
YNL154C,YFR039C,0,3.4981434,0.2749778926372528,0.5759259462356567,0.16532258689403534
YDL190C,YCR028C-A,0,3.495259,0.2748563885688782,0.5759259462356567,0.16542339324951172
YNR049C,YGR177C,0,3.4952471,0.2747349739074707,0.5759259462356567,0.1655241996049881
YIL047C,YML129C,0,3.4941227,0.2746136784553528,0.5759259462356567,0.16562500596046448
YLR390W,YML048W,1,3.4936495,0.2749338150024414,0.5768518447875977,0.16562500596046448
YAR002C-A,YPL132W,0,3.4920409,0.2748125195503235,0.5768518447875977,0.16572581231594086
YOL080C,YCR080W,0,3.4919446,0.2746913433074951,0.5768518447875977,0.16582661867141724
YBR095C,YGL261C,0,3.4903634,0.2745702862739563,0.5768518447875977,0.16592742502689362
YDR071C,YJR024C,0,3.4893298,0.27444934844970703,0.5768518447875977,0.16602823138237
YOL082W,YER144C,0,3.4891884,0.2743285000324249,0.5768518447875977,0.16612903773784637
YPL064C,YDL236W,0,3.488575,0.27420774102211,0.5768518447875977,0.16622984409332275
YFR039C,YKL053C-A,0,3.4869542,0.2740871012210846,0.5768518447875977,0.16633065044879913
YGL181W,YHL017W,0,3.4860375,0.27396658062934875,0.5768518447875977,0.1664314568042755
YOR151C,YER067W,0,3.485998,0.2738461494445801,0.5768518447875977,0.1665322631597519
YDR504C,YNL117W,0,3.4858203,0.27372583746910095,0.5768518447875977,0.16663306951522827
YBR159W,YKL157W,0,3.4857385,0.273605614900589,0.5768518447875977,0.16673387587070465
YFR024C-A,YGR203W,0,3.4851696,0.2734855115413666,0.5768518447875977,0.16683468222618103
YHR178W,YML058W-A,0,3.4845352,0.27336549758911133,0.5768518447875977,0.1669354885816574
YMR293C,YIL111W,1,3.4844177,0.27368420362472534,0.5777778029441833,0.1669354885816574
YMR110C,YJR099W,0,3.484079,0.2735642194747925,0.5777778029441833,0.1670362949371338
YOR027W,YDL104C,0,3.4840097,0.27344435453414917,0.5777778029441833,0.16713710129261017
YEL063C,YNL255C,0,3.4837215,0.273324579000473,0.5777778029441833,0.16723790764808655
YDR155C,YLL018C-A,1,3.483579,0.27364271879196167,0.5787037014961243,0.16723790764808655
YBR198C,YHR198C,0,3.4829147,0.2735229730606079,0.5787037014961243,0.16733871400356293
YMR135C,YBR171W,0,3.4826546,0.2734033167362213,0.5787037014961243,0.1674395203590393
YMR197C,YAR003W,0,3.4819725,0.27328377962112427,0.5787037014961243,0.16754032671451569
YPL249C-A,YBR154C,0,3.4817173,0.2731643319129944,0.5787037014961243,0.16764113306999207
YOR085W,YDR379W,0,3.4813352,0.27304500341415405,0.5787037014961243,0.16774193942546844
YPL268W,YOL129W,0,3.481239,0.2729257643222809,0.5787037014961243,0.16784274578094482
YNL180C,YPR110C,0,3.4810991,0.27280664443969727,0.5787037014961243,0.1679435521364212
YBL101C,YML058W-A,0,3.4808135,0.2726876139640808,0.5787037014961243,0.16804435849189758
YLR193C,YGR207C,0,3.479669,0.2725686728954315,0.5787037014961243,0.16814516484737396
YLR109W,YJR116W,0,3.4782531,0.27244988083839417,0.5787037014961243,0.16824597120285034
YGL261C,YDL063C,0,3.4781582,0.2723311483860016,0.5787037014961243,0.16834677755832672
YMR035W,YGR266W,1,3.4777186,0.2726480960845947,0.5796296000480652,0.16834677755832672
YIL135C,YGR294W,0,3.477318,0.27252939343452454,0.5796296000480652,0.1684475839138031
YHR143W,YDL065C,0,3.4772255,0.2724107801914215,0.5796296000480652,0.16854839026927948
YML130C,YLR285W,0,3.4751954,0.27229228615760803,0.5796296000480652,0.16864919662475586
YOR320C,YLR337W,0,3.4743693,0.2721739113330841,0.5796296000480652,0.16875000298023224
YJR107W,YPR103W,0,3.4732304,0.27205562591552734,0.5796296000480652,0.16885080933570862
YOL048C,YBR281C,0,3.4731965,0.27193745970726013,0.5796296000480652,0.168951615691185
YPR147C,YGR154C,0,3.4724333,0.2718193531036377,0.5796296000480652,0.16905242204666138
YPL191C,YLR300W,0,3.4698985,0.2717013955116272,0.5796296000480652,0.16915322840213776
YGL204C,YMR009W,0,3.4697068,0.27158352732658386,0.5796296000480652,0.16925403475761414
YOL096C,YMR243C,1,3.4696827,0.27189940214157104,0.5805555582046509,0.16925403475761414
YDR252W,YPR151C,0,3.4690564,0.2717815339565277,0.5805555582046509,0.16935484111309052
YFL040W,YBL016W,0,3.4670892,0.2716637849807739,0.5805555582046509,0.1694556474685669
YDR063W,YDR362C,0,3.4657598,0.2715461254119873,0.5805555582046509,0.16955645382404327
YGR110W,YLR099C,1,3.465359,0.2718614637851715,0.5814814567565918,0.16955645382404327
YJL111W,YMR165C,0,3.4640305,0.2717438340187073,0.5814814567565918,0.16965726017951965
YCL001W,YHR199C-A,0,3.4635866,0.2716262936592102,0.5814814567565918,0.16975806653499603
YNL019C,YKL138C,0,3.463254,0.2715088725090027,0.5814814567565918,0.1698588728904724
YDL063C,YML129C,0,3.4629278,0.27139154076576233,0.5814814567565918,0.1699596792459488
YCR075C,YOR071C,0,3.462611,0.27127429842948914,0.5814814567565918,0.17006048560142517
YOR320C,YCR075C,0,3.4620721,0.2711571753025055,0.5814814567565918,0.17016129195690155
YMR134W,YPR166C,0,3.4610276,0.271040141582489,0.5814814567565918,0.17026209831237793
YLR017W,YHR075C,0,3.4607954,0.2709231972694397,0.5814814567565918,0.1703629046678543
YMR219W,YGL126W,0,3.4590843,0.27080637216567993,0.5814814567565918,0.1704637110233307
YML048W,YOL087C,0,3.458274,0.2706896662712097,0.5814814567565918,0.17056451737880707
YOR178C,YDR531W,0,3.458049,0.2705730199813843,0.5814814567565918,0.17066532373428345
YOR022C,YHR086W,0,3.4566138,0.2704564929008484,0.5814814567565918,0.17076613008975983
YNL003C,YIL107C,0,3.4565105,0.27034008502960205,0.5814814567565918,0.1708669364452362
YNL131W,YML012W,0,3.455585,0.2702237665653229,0.5814814567565918,0.17096774280071259
YKL203C,YOL026C,0,3.4544475,0.27010753750801086,0.5814814567565918,0.17106854915618896
YLL023C,YNL187W,0,3.453953,0.269991397857666,0.5814814567565918,0.17116935551166534
YNL181W,YGR026W,0,3.453883,0.2698753774166107,0.5814814567565918,0.17127016186714172
YBL078C,YBL066C,0,3.453183,0.2697594463825226,0.5814814567565918,0.1713709682226181
YPR185W,YHR112C,0,3.4530933,0.269643634557724,0.5814814567565918,0.17147177457809448
YMR009W,YPL096C-A,0,3.451535,0.2695278823375702,0.5814814567565918,0.17157258093357086
YJL091C,YJL156C,0,3.4496644,0.2694122791290283,0.5814814567565918,0.17167338728904724
YGR192C,YCR101C,0,3.4496555,0.2692967355251312,0.5814814567565918,0.17177419364452362
YNL310C,YGL219C,1,3.4495018,0.2696099579334259,0.5824074149131775,0.17177419364452362
YOL149W,YJL153C,0,3.449494,0.2694944441318512,0.5824074149131775,0.171875
YOL149W,YBL101C,0,3.4486787,0.26937901973724365,0.5824074149131775,0.17197580635547638
YNL019C,YKL210W,0,3.448131,0.26926368474960327,0.5824074149131775,0.17207661271095276
YPL097W,YKL224C,0,3.448096,0.26914846897125244,0.5824074149131775,0.17217741906642914
YKL018W,YPR046W,0,3.4479072,0.26903337240219116,0.5824074149131775,0.17227822542190552
YGR088W,YFL044C,0,3.4477322,0.26891833543777466,0.5824074149131775,0.1723790317773819
YFL040W,YLR247C,0,3.4475324,0.2688034176826477,0.5824074149131775,0.17247983813285828
YHR162W,YDR125C,1,3.446812,0.26911577582359314,0.5833333134651184,0.17247983813285828
YBL099W,YOL047C,0,3.446523,0.2690008580684662,0.5833333134651184,0.17258064448833466
YMR041C,YBR198C,0,3.4463549,0.2688860297203064,0.5833333134651184,0.17268145084381104
YLR066W,YOR101W,0,3.4459207,0.26877132058143616,0.5833333134651184,0.17278225719928741
YLR105C,YNL159C,0,3.445217,0.26865673065185547,0.5833333134651184,0.1728830635547638
YBR180W,YDR131C,0,3.4440382,0.26854220032691956,0.5833333134651184,0.17298386991024017
YER005W,YBR207W,0,3.444033,0.2684277892112732,0.5833333134651184,0.17308467626571655
YPL191C,YJR120W,0,3.442889,0.268313467502594,0.5833333134651184,0.17318548262119293
YBR133C,YFR049W,0,3.4426453,0.26819923520088196,0.5833333134651184,0.1732862889766693
YMR166C,YLR435W,0,3.4420078,0.2680850923061371,0.5833333134651184,0.1733870953321457
YNL180C,YDR294C,0,3.4418128,0.26797106862068176,0.5833333134651184,0.17348790168762207
YHR178W,YDR066C,0,3.4416153,0.2678571343421936,0.5833333134651184,0.17358870804309845
YFR024C-A,YEL022W,0,3.4415588,0.267743319272995,0.5833333134651184,0.17368951439857483
YDR427W,YMR165C,0,3.4408243,0.26762956380844116,0.5833333134651184,0.1737903207540512
YGL001C,YKL103C,0,3.440705,0.2675159275531769,0.5833333134651184,0.1738911271095276
YGL012W,YAL029C,0,3.4395406,0.26740238070487976,0.5833333134651184,0.17399193346500397
YLR072W,YNR013C,0,3.4392343,0.2672889232635498,0.5833333134651184,0.17409273982048035
YML087C,YJR141W,0,3.4390628,0.2671755850315094,0.5833333134651184,0.17419354617595673
YOR178C,YGR156W,0,3.4389105,0.26706230640411377,0.5833333134651184,0.1742943525314331
YDR221W,YNL138W,0,3.4379015,0.2669491469860077,0.5833333134651184,0.17439515888690948
YFR049W,YOR153W,0,3.4378407,0.2668360769748688,0.5833333134651184,0.17449596524238586
YDR466W,YIL043C,0,3.437834,0.2667231261730194,0.5833333134651184,0.17459677159786224
YIL097W,YGR026W,0,3.4374163,0.2666102349758148,0.5833333134651184,0.17469757795333862
YJL206C,YDL190C,0,3.437031,0.2664974629878998,0.5833333134651184,0.174798384308815
YMR110C,YPL024W,0,3.4368458,0.2663847804069519,0.5833333134651184,0.17489919066429138
YDR504C,YLR042C,0,3.436626,0.2662721872329712,0.5833333134651184,0.17499999701976776
YMR242C,YDL104C,0,3.4360867,0.26615968346595764,0.5833333134651184,0.17510080337524414
YFR024C-A,YCR027C,0,3.4354455,0.26604729890823364,0.5833333134651184,0.17520160973072052
YKL084W,YLR283W,1,3.4354107,0.2663571238517761,0.5842592716217041,0.17520160973072052
YMR166C,YER144C,0,3.4349039,0.2662447392940521,0.5842592716217041,0.1753024160861969
YLR390W-A,YGR283C,0,3.433998,0.2661324441432953,0.5842592716217041,0.17540322244167328
YER014C-A,YPR020W,0,3.433924,0.2660202383995056,0.5842592716217041,0.17550402879714966
YPR011C,YML061C,1,3.4335217,0.2663295269012451,0.585185170173645,0.17550402879714966
YLR325C,YDL010W,0,3.4334161,0.26621735095977783,0.585185170173645,0.17560483515262604
YMR260C,YGR122W,0,3.433329,0.2661052644252777,0.585185170173645,0.17570564150810242
YGL240W,YNL306W,0,3.4332938,0.26599326729774475,0.585185170173645,0.1758064478635788
YFR016C,YDL236W,0,3.4324677,0.26588135957717896,0.585185170173645,0.17590725421905518
YMR003W,YHR001W-A,1,3.4322891,0.2661900818347931,0.5861111283302307,0.17590725421905518
YMR118C,YGR062C,1,3.4315712,0.26649853587150574,0.5870370268821716,0.17590725421905518
YIL020C,YGL059W,0,3.4295564,0.26638656854629517,0.5870370268821716,0.17600806057453156
YJL166W,YER153C,1,3.4288495,0.26669466495513916,0.5879629850387573,0.17600806057453156
YNL258C,YFL052W,0,3.4284098,0.2665826976299286,0.5879629850387573,0.17610886693000793
YPL059W,YDR485C,0,3.4283268,0.26647084951400757,0.5879629850387573,0.17620967328548431
YBR236C,YDR226W,0,3.4276345,0.2663590610027313,0.5879629850387573,0.1763104796409607
YMR166C,YAL008W,1,3.4275851,0.2666666805744171,0.5888888835906982,0.1763104796409607
YDR294C,YIR032C,0,3.426899,0.26655489206314087,0.5888888835906982,0.17641128599643707
YER163C,YNR018W,0,3.426841,0.2664432227611542,0.5888888835906982,0.17651209235191345
YNL185C,YHL046C,0,3.42606,0.26633167266845703,0.5888888835906982,0.17661289870738983
YNL180C,YNR038W,0,3.4258182,0.26622018218040466,0.5888888835906982,0.1767137050628662
YMR276W,YPL097W,0,3.4252079,0.26610878109931946,0.5888888835906982,0.1768145114183426
YGL001C,YML101C,0,3.4251986,0.2659974992275238,0.5888888835906982,0.17691531777381897
YIR004W,YBR016W,0,3.424927,0.2658862769603729,0.5888888835906982,0.17701612412929535
YPL041C,YKL053C-A,1,3.424798,0.26619306206703186,0.5898148417472839,0.17701612412929535
YNL122C,YNL145W,0,3.4247265,0.26608186960220337,0.5898148417472839,0.17711693048477173
YLR042C,YOR143C,0,3.4247205,0.26597076654434204,0.5898148417472839,0.1772177368402481
YOR228C,YBR083W,0,3.4245696,0.2658597528934479,0.5898148417472839,0.1773185431957245
YAR002C-A,YKL194C,0,3.4239671,0.26574885845184326,0.5898148417472839,0.17741934955120087
YPR052C,YPR095C,0,3.4232929,0.2656380236148834,0.5898148417472839,0.17752015590667725
YFR045W,YJR054W,0,3.422702,0.26552730798721313,0.5898148417472839,0.17762096226215363
YLR240W,YGR260W,0,3.422534,0.2654166519641876,0.5898148417472839,0.17772176861763
YNR020C,YER014W,1,3.4213796,0.2657226026058197,0.5907407402992249,0.17772176861763
YMR258C,YDR192C,0,3.420315,0.2656119763851166,0.5907407402992249,0.17782257497310638
YPL208W,YKL033W-A,0,3.420204,0.265501469373703,0.5907407402992249,0.17792338132858276
YJL055W,YER178W,0,3.419865,0.2653910219669342,0.5907407402992249,0.17802418768405914
YPL250C,YFR016C,0,3.4193347,0.26528066396713257,0.5907407402992249,0.17812499403953552
YDR057W,YEL068C,0,3.4188626,0.2651703953742981,0.5907407402992249,0.1782258003950119
YGL080W,YPL041C,1,3.4186351,0.26547569036483765,0.5916666388511658,0.1782258003950119
YML040W,YER185W,0,3.418072,0.26536545157432556,0.5916666388511658,0.17832660675048828
YKL170W,YPR065W,0,3.4178574,0.26525530219078064,0.5916666388511658,0.17842741310596466
YJR004C,YML123C,0,3.4172475,0.2651452422142029,0.5916666388511658,0.17852821946144104
YOR178C,YBR060C,0,3.4169347,0.2650352418422699,0.5916666388511658,0.17862902581691742
YNR056C,YNL040W,0,3.4168224,0.26492536067962646,0.5916666388511658,0.1787298321723938
YJR028W,YGR295C,0,3.4167714,0.2648155689239502,0.5916666388511658,0.17883063852787018
YLR301W,YOL163W,0,3.416072,0.2647058963775635,0.5916666388511658,0.17893144488334656
YGL062W,YEL047C,0,3.4148238,0.26459628343582153,0.5916666388511658,0.17903225123882294
YGL171W,YNL242W,0,3.4146895,0.26448675990104675,0.5916666388511658,0.17913305759429932
YDR438W,YPR097W,1,3.414181,0.2647910714149475,0.5925925970077515,0.17913305759429932
YCL052C,YJL186W,0,3.4139607,0.26468154788017273,0.5925925970077515,0.1792338639497757
YFL010W-A,YLR301W,0,3.4138095,0.2645721435546875,0.5925925970077515,0.17933467030525208
YNL222W,YGR260W,0,3.4121952,0.26446279883384705,0.5925925970077515,0.17943547666072845
YLL049W,YGL063W,0,3.4114554,0.26435357332229614,0.5925925970077515,0.17953628301620483
YKL049C,YBR096W,0,3.411222,0.2642444372177124,0.5925925970077515,0.1796370893716812
YLR050C,YJL034W,0,3.410987,0.26413536071777344,0.5925925970077515,0.1797379106283188
YDR071C,YNL014W,0,3.4104397,0.264026403427124,0.5925925970077515,0.17983871698379517
YLR426W,YDR414C,0,3.4083092,0.2639175355434418,0.5925925970077515,0.17993952333927155
YML004C,YGL082W,0,3.4079854,0.2638087272644043,0.5925925970077515,0.18004032969474792
YDR150W,YML101C,0,3.4066489,0.26370003819465637,0.5925925970077515,0.1801411360502243
YDR236C,YJR091C,1,3.4064622,0.26400330662727356,0.5935184955596924,0.1801411360502243
YGL108C,YMR134W,0,3.405049,0.26389461755752563,0.5935184955596924,0.18024194240570068
YML064C,YMR047C,0,3.4047725,0.2637860178947449,0.5935184955596924,0.18034274876117706
YLR158C,YLR040C,0,3.4042928,0.2636775076389313,0.5935184955596924,0.18044355511665344
YIR034C,YLR211C,0,3.4018464,0.26356908679008484,0.5935184955596924,0.18054436147212982
YBR297W,YBR281C,0,3.4012654,0.26346075534820557,0.5935184955596924,0.1806451678276062
YPL098C,YGL108C,0,3.4008276,0.26335251331329346,0.5935184955596924,0.18074597418308258
YPL072W,YLL018C-A,1,3.4007363,0.26365503668785095,0.5944444537162781,0.18074597418308258
YLR158C,YJL156C,0,3.3993134,0.26354679465293884,0.5944444537162781,0.18084678053855896
YER078C,YDR180W,0,3.3984234,0.2634386420249939,0.5944444537162781,0.18094758689403534
YOR033C,YGL046W,0,3.3982878,0.2633306086063385,0.5944444537162781,0.18104839324951172
YCL001W,YEL060C,0,3.397988,0.2632226347923279,0.5944444537162781,0.1811491996049881
YOR066W,YGR112W,0,3.3978264,0.2631147503852844,0.5944444537162781,0.18125000596046448
YPL096C-A,YDL200C,0,3.3975987,0.26300695538520813,0.5944444537162781,0.18135081231594086
YLR289W,YJL045W,1,3.3969765,0.2633087635040283,0.595370352268219,0.18135081231594086
YEL047C,YBR159W,0,3.396465,0.263200968503952,0.595370352268219,0.18145161867141724
YKL203C,YLR136C,0,3.3963664,0.2630932927131653,0.595370352268219,0.18155242502689362
YNL185C,YHR063C,0,3.3963475,0.2629856765270233,0.595370352268219,0.18165323138237
YIL047C,YGL261C,0,3.3955567,0.2628781795501709,0.595370352268219,0.18175403773784637
YNL083W,YFR042W,0,3.3946183,0.26277074217796326,0.595370352268219,0.18185484409332275
YJL103C,YKL077W,0,3.393552,0.2626633942127228,0.595370352268219,0.18195565044879913
YDL168W,YHL046C,0,3.393399,0.26255613565444946,0.595370352268219,0.1820564568042755
YMR168C,YGL082W,0,3.3932912,0.2624489665031433,0.595370352268219,0.1821572631597519
YAR014C,YER178W,0,3.39291,0.2623418867588043,0.595370352268219,0.18225806951522827
YDR490C,YDR139C,0,3.391932,0.2622348964214325,0.595370352268219,0.18235887587070465
YER037W,YMR306W,0,3.391785,0.26212799549102783,0.595370352268219,0.18245968222618103
YML054C,YOL047C,0,3.3915231,0.26202118396759033,0.595370352268219,0.1825604885816574
YDR027C,YML050W,1,3.3911693,0.262321799993515,0.5962963104248047,0.1825604885816574
YHR165C,YDR297W,0,3.3908665,0.2622149884700775,0.5962963104248047,0.1826612949371338
YOL162W,YER074W,0,3.3905756,0.2621082663536072,0.5962963104248047,0.18276210129261017
YGL071W,YBL040C,0,3.3900797,0.262001633644104,0.5962963104248047,0.18286290764808655
YKL100C,YAL001C,0,3.3897126,0.261895090341568,0.5962963104248047,0.18296371400356293
YPL012W,YOR347C,0,3.3892963,0.26178860664367676,0.5962963104248047,0.1830645203590393
YJL160C,YGR085C,0,3.3890035,0.2616822421550751,0.5962963104248047,0.18316532671451569
YDR055W,YGL231C,0,3.3889325,0.26157596707344055,0.5962963104248047,0.18326613306999207
YOL096C,YOR356W,1,3.387977,0.2618757486343384,0.5972222089767456,0.18326613306999207
YKL170W,YPL248C,0,3.3873913,0.26176947355270386,0.5972222089767456,0.18336693942546844
YBL069W,YFR039C,0,3.3872523,0.2616632878780365,0.5972222089767456,0.18346774578094482
YGL179C,YDR474C,0,3.3870208,0.2615571916103363,0.5972222089767456,0.1835685521364212
YKL073W,YIL124W,0,3.3863714,0.2614511549472809,0.5972222089767456,0.18366935849189758
YER158C,YLR336C,0,3.3857977,0.2613452076911926,0.5972222089767456,0.18377016484737396
YJL111W,YGR294W,0,3.3856924,0.2612393796443939,0.5972222089767456,0.18387097120285034
YNL083W,YDL063C,0,3.3853102,0.26113361120224,0.5972222089767456,0.18397177755832672
YDL183C,YCR069W,0,3.3853042,0.2610279321670532,0.5972222089767456,0.1840725839138031
YML103C,YDR306C,0,3.3838234,0.2609223425388336,0.5972222089767456,0.18417339026927948
YCR023C,YJL055W,0,3.3834457,0.2608168125152588,0.5972222089767456,0.18427419662475586
YPL096C-A,YNL076W,0,3.3832304,0.2607114017009735,0.5972222089767456,0.18437500298023224
YDL121C,YOR130C,0,3.3822381,0.260606050491333,0.5972222089767456,0.18447580933570862
YIL076W,YDR472W,0,3.3814683,0.26050081849098206,0.5972222089767456,0.184576615691185
YBR133C,YGL082W,0,3.38135,0.2603956460952759,0.5972222089767456,0.18467742204666138
YLR175W,YIR034C,0,3.3783178,0.26029056310653687,0.5972222089767456,0.18477822840213776
YGR240C,YOL109W,1,3.3779385,0.26058894395828247,0.5981481671333313,0.18477822840213776
YOR316C,YBL057C,1,3.377023,0.260887086391449,0.5990740656852722,0.18477822840213776
YFR039C,YMR259C,0,3.3769045,0.2607819437980652,0.5990740656852722,0.18487903475761414
YIL033C,YGL116W,0,3.3758845,0.26067686080932617,0.5990740656852722,0.18497984111309052
YMR109W,YNL217W,0,3.3755505,0.2605718970298767,0.5990740656852722,0.1850806474685669
YNL009W,YFL027C,0,3.3744805,0.260466992855072,0.5990740656852722,0.18518145382404327
YML133C,YDR043C,0,3.3743334,0.2603621780872345,0.5990740656852722,0.18528226017951965
YGL261C,YJR006W,0,3.3742096,0.26025745272636414,0.5990740656852722,0.18538306653499603
YDR046C,YML058W-A,0,3.3740714,0.26015278697013855,0.5990740656852722,0.1854838728904724
YOR197W,YGL157W,0,3.3735929,0.2600482404232025,0.5990740656852722,0.1855846792459488
YGR106C,YER037W,0,3.3735285,0.25994375348091125,0.5990740656852722,0.18568548560142517
YOR071C,YCR080W,0,3.3735182,0.25983935594558716,0.5990740656852722,0.18578629195690155
YER179W,YCR031C,0,3.3732474,0.2597350478172302,0.5990740656852722,0.18588709831237793
YFR045W,YDR452W,0,3.373152,0.25963082909584045,0.5990740656852722,0.1859879046678543
YBL101C,YHL017W,0,3.3729231,0.25952666997909546,0.5990740656852722,0.1860887110233307
YLR309C,YOR228C,0,3.3725371,0.2594226002693176,0.5990740656852722,0.18618951737880707
YLL050C,YOR265W,0,3.371771,0.25931864976882935,0.5990740656852722,0.18629032373428345
YBR192W,YPR183W,1,3.371577,0.25961539149284363,0.6000000238418579,0.18629032373428345
YDR079W,YHR083W,1,3.3715289,0.2599118947982788,0.6009259223937988,0.18629032373428345
YFL040W,YDR294C,0,3.371227,0.25980785489082336,0.6009259223937988,0.18639113008975983
YLR309C,YDL180W,0,3.37084,0.2597038745880127,0.6009259223937988,0.1864919364452362
YPL165C,YOL087C,0,3.3707411,0.2596000134944916,0.6009259223937988,0.18659274280071259
YLR258W,YLL012W,0,3.3704312,0.25949621200561523,0.6009259223937988,0.18669354915618896
YDL017W,YIL124W,0,3.3690226,0.25939249992370605,0.6009259223937988,0.18679435551166534
YLR068W,YKL053C-A,0,3.368555,0.25928884744644165,0.6009259223937988,0.18689516186714172
YJR058C,YMR152W,0,3.368521,0.2591853141784668,0.6009259223937988,0.1869959682226181
YLR259C,YDL217C,1,3.3684156,0.2594810426235199,0.6018518805503845,0.1869959682226181
YOL064C,YLR369W,0,3.3681242,0.25937747955322266,0.6018518805503845,0.18709677457809448
YOR176W,YOR222W,1,3.3676336,0.2596729099750519,0.6027777791023254,0.18709677457809448
YLR418C,YKL077W,0,3.3675377,0.259569376707077,0.6027777791023254,0.18719758093357086
YAL030W,YLR017W,0,3.366633,0.25946593284606934,0.6027777791023254,0.18729838728904724
YNR045W,YKL011C,1,3.3662956,0.25976094603538513,0.6037036776542664,0.18729838728904724
YMR134W,YGR233C,0,3.3654337,0.25965750217437744,0.6037036776542664,0.18739919364452362
YDL142C,YDL222C,0,3.3653948,0.2595541477203369,0.6037036776542664,0.1875
YBR152W,YJR028W,0,3.3651206,0.25945085287094116,0.6037036776542664,0.18760080635547638
YOR022C,YKL224C,0,3.3650224,0.2593476474285126,0.6037036776542664,0.18770161271095276
YOL053C-A,YBL056W,0,3.3643837,0.25924453139305115,0.6037036776542664,0.18780241906642914
YLL001W,YML001W,1,3.3629484,0.2595389485359192,0.604629635810852,0.18780241906642914
YJR111C,YGR072W,0,3.3625553,0.25943583250045776,0.604629635810852,0.18790322542190552
YOR237W,YLR407W,0,3.362469,0.2593328058719635,0.604629635810852,0.1880040317773819
YMR152W,YGR144W,0,3.3622587,0.259229838848114,0.604629635810852,0.18810483813285828
YOL021C,YPL052W-A,0,3.361922,0.2591269910335541,0.604629635810852,0.18820564448833466
YNR018W,YHR002W,1,3.3617725,0.25942087173461914,0.605555534362793,0.18820564448833466
YPR043W,YPR204W,0,3.3611453,0.2593179941177368,0.605555534362793,0.18830645084381104
YER110C,YBR003W,0,3.3608344,0.25921520590782166,0.605555534362793,0.18840725719928741
YJL132W,YDR415C,0,3.3608162,0.25911250710487366,0.605555534362793,0.1885080635547638
YBR001C,YDR282C,0,3.3601844,0.2590098977088928,0.605555534362793,0.18860886991024017
YDL116W,YGL108C,0,3.3600457,0.25890737771987915,0.605555534362793,0.18870967626571655
YOR261C,YML131W,0,3.3599074,0.25880491733551025,0.605555534362793,0.18881048262119293
YMR242C,YAL063C,0,3.3585603,0.2587025463581085,0.605555534362793,0.1889112889766693
YFR004W,YLR407W,0,3.3581054,0.25860023498535156,0.605555534362793,0.1890120953321457
YHR116W,YER005W,0,3.358043,0.25849801301956177,0.605555534362793,0.18911290168762207
YJL153C,YHR179W,0,3.3578694,0.25839588046073914,0.605555534362793,0.18921370804309845
YBL056W,YLR350W,0,3.3573987,0.25829383730888367,0.605555534362793,0.18931451439857483
YJR117W,YML049C,0,3.356815,0.258191853761673,0.605555534362793,0.1894153207540512
YDR262W,YMR079W,0,3.3561954,0.25808998942375183,0.605555534362793,0.1895161271095276
YPR147C,YLR131C,0,3.355397,0.2579881548881531,0.605555534362793,0.18961693346500397
YPR181C,YDL206W,0,3.3552988,0.25788643956184387,0.605555534362793,0.18971773982048035
YER055C,YNL251C,0,3.355106,0.25778478384017944,0.605555534362793,0.18981854617595673
YIL097W,YGL136C,0,3.3550985,0.2576832175254822,0.605555534362793,0.1899193525314331
YKL194C,YOR258W,0,3.3550441,0.2575817108154297,0.605555534362793,0.19002015888690948
YDL045C,YDR280W,0,3.3533785,0.25748032331466675,0.605555534362793,0.19012096524238586
YPR166C,YGL126W,0,3.3533618,0.2573789954185486,0.605555534362793,0.19022177159786224
YLR050C,YDR025W,0,3.3531096,0.2572777271270752,0.605555534362793,0.19032257795333862
YDR377W,YNL041C,0,3.3530254,0.25717654824256897,0.605555534362793,0.190423384308815
YML013W,YPL236C,0,3.353012,0.2570754587650299,0.605555534362793,0.19052419066429138
YML061C,YGL187C,1,3.3521547,0.2573673725128174,0.6064814925193787,0.19052419066429138
YOR116C,YDL021W,0,3.3514736,0.2572663128376007,0.6064814925193787,0.19062499701976776
YOR022C,YPL167C,0,3.351421,0.2571652829647064,0.6064814925193787,0.19072580337524414
YGR240C,YBR244W,1,3.3512363,0.25745683908462524,0.6074073910713196,0.19072580337524414
YDR066C,YDL220C,0,3.350934,0.25735583901405334,0.6074073910713196,0.19082660973072052
YJR116W,YGL033W,0,3.3505933,0.2572548985481262,0.6074073910713196,0.1909274160861969
YLR126C,YLR355C,0,3.3494723,0.25715404748916626,0.6074073910713196,0.19102822244167328
YBR035C,YPR183W,1,3.3494523,0.2574451267719269,0.6083333492279053,0.19102822244167328
YOL162W,YMR286W,0,3.3490694,0.2573443055152893,0.6083333492279053,0.19112902879714966
YPR167C,YMR150C,0,3.3489873,0.2572435438632965,0.6083333492279053,0.19122983515262604
YJL042W,YOL163W,0,3.3489654,0.2571428716182709,0.6083333492279053,0.19133064150810242
YDL168W,YBL018C,0,3.3487704,0.25704225897789,0.6083333492279053,0.1914314478635788
YLR426W,YFR045W,1,3.3479295,0.25733280181884766,0.6092592477798462,0.1914314478635788
YCR094W,YBL099W,0,3.3477461,0.2572322189807892,0.6092592477798462,0.19153225421905518
YMR166C,YOR090C,1,3.3467314,0.25752246379852295,0.6101852059364319,0.19153225421905518
YJR111C,YGR026W,0,3.346628,0.2574218809604645,0.6101852059364319,0.19163306057453156
YOR258W,YOL117W,0,3.3466148,0.2573213577270508,0.6101852059364319,0.19173386693000793
YJL210W,YPL175W,0,3.3460205,0.25722092390060425,0.6101852059364319,0.19183467328548431
YHR167W,YFR016C,0,3.3457153,0.2571205496788025,0.6101852059364319,0.1919354796409607
YLL019C,YPL236C,0,3.3456306,0.2570202946662903,0.6101852059364319,0.19203628599643707
YAR002C-A,YER190W,0,3.3446271,0.25692006945610046,0.6101852059364319,0.19213709235191345
YMR276W,YJR141W,0,3.3444521,0.2568199634552002,0.6101852059364319,0.19223789870738983
YBR234C,YBL099W,0,3.344344,0.2567199170589447,0.6101852059364319,0.1923387050628662
YML013W,YDR487C,1,3.34434,0.257009357213974,0.6111111044883728,0.1923387050628662
YLR139C,YER078C,1,3.3434606,0.2572985589504242,0.6120370626449585,0.1923387050628662
YBL078C,YJR120W,0,3.3431032,0.2571984529495239,0.6120370626449585,0.1924395114183426
YGL107C,YBR039W,1,3.342171,0.25748735666275024,0.6129629611968994,0.1924395114183426
YER105C,YPL282C,0,3.342118,0.25738725066185,0.6129629611968994,0.19254031777381897
YDR506C,YML106W,0,3.342008,0.2572872042655945,0.6129629611968994,0.19264112412929535
YPL042C,YEL056W,0,3.341217,0.25718724727630615,0.6129629611968994,0.19274193048477173
YKL194C,YNL302C,0,3.340649,0.257087379693985,0.6129629611968994,0.1928427368402481
YDR538W,YKL023W,0,3.340589,0.2569875717163086,0.6129629611968994,0.1929435431957245
YIL040W,YJR091C,0,3.3405514,0.25688785314559937,0.6129629611968994,0.19304434955120087
YPL210C,YNL159C,0,3.340542,0.2567881941795349,0.6129629611968994,0.19314515590667725
YLL050C,YCR027C,0,3.3405273,0.2566886246204376,0.6129629611968994,0.19324596226215363
YGR088W,YLR274W,0,3.3400779,0.2565891444683075,0.6129629611968994,0.19334676861763
YDR381C-A,YHR057C,0,3.3397474,0.25648972392082214,0.6129629611968994,0.19344757497310638
YKL053C-A,YMR117C,0,3.33951,0.25639039278030396,0.6129629611968994,0.19354838132858276
YGR295C,YJR013W,0,3.3392916,0.25629112124443054,0.6129629611968994,0.19364918768405914
YLL041C,YER144C,0,3.3386526,0.2561919391155243,0.6129629611968994,0.19374999403953552
YGR154C,YDR280W,0,3.3380167,0.2560928463935852,0.6129629611968994,0.1938508003950119
YOR178C,YJR021C,0,3.3379562,0.2559938132762909,0.6129629611968994,0.19395160675048828
YMR009W,YNL248C,0,3.3377416,0.25589486956596375,0.6129629611968994,0.19405241310596466
YER110C,YIL097W,0,3.3375113,0.25579598546028137,0.6129629611968994,0.19415321946144104
YOL096C,YGL253W,1,3.3373404,0.2560834288597107,0.6138888597488403,0.19415321946144104
YGL048C,YIL107C,0,3.3372397,0.2559845447540283,0.6138888597488403,0.19425402581691742
YPL189W,YLR193C,0,3.3361206,0.2558857500553131,0.6138888597488403,0.1943548321723938
YDR531W,YOR037W,0,3.3357337,0.25578704476356506,0.6138888597488403,0.19445563852787018
YDL126C,YOR033C,0,3.335625,0.2556883990764618,0.6138888597488403,0.19455644488334656
YIL146C,YBR048W,0,3.3346794,0.2555898129940033,0.6138888597488403,0.19465725123882294
YJL010C,YJL160C,0,3.3346012,0.25549131631851196,0.6138888597488403,0.19475805759429932
YCR035C,YIL022W,0,3.3341253,0.2553929090499878,0.6138888597488403,0.1948588639497757
YDR536W,YJL062W,0,3.3337758,0.2552945613861084,0.6138888597488403,0.19495967030525208
YGR294W,YLR120C,0,3.3331711,0.25519630312919617,0.6138888597488403,0.19506047666072845
YCR047C,YPL132W,0,3.3328764,0.2550981044769287,0.6138888597488403,0.19516128301620483
YGR084C,YBL093C,0,3.3327048,0.2549999952316284,0.6138888597488403,0.1952620893716812
YAL041W,YCR004C,0,3.3322246,0.2549019753932953,0.6138888597488403,0.1953629106283188
YGR074W,YDR297W,0,3.3319883,0.25480398535728455,0.6138888597488403,0.19546371698379517
YDR363W,YGR122W,0,3.3313906,0.25470611453056335,0.6138888597488403,0.19556452333927155
YER185W,YNL015W,0,3.3313704,0.25460830330848694,0.6138888597488403,0.19566532969474792
YGL067W,YHL046C,0,3.3312314,0.2545105516910553,0.6138888597488403,0.1957661360502243
YFL066C,YLR325C,0,3.330414,0.2544128894805908,0.6138888597488403,0.19586694240570068
YPL228W,YML048W,0,3.329956,0.2543153166770935,0.6138888597488403,0.19596774876117706
YGL023C,YBR096W,0,3.327641,0.25421780347824097,0.6138888597488403,0.19606855511665344
YDR011W,YGL067W,0,3.3250864,0.2541203498840332,0.6138888597488403,0.19616936147212982
YDR381C-A,YNL009W,0,3.3241146,0.2540229856967926,0.6138888597488403,0.1962701678276062
YBL064C,YOR390W,0,3.323826,0.25392571091651917,0.6138888597488403,0.19637097418308258
YER057C,YFR011C,1,3.3233953,0.25421133637428284,0.614814817905426,0.19637097418308258
YGR274C,YLR337W,0,3.3233871,0.254114031791687,0.614814817905426,0.19647178053855896
YBR159W,YNL242W,0,3.323212,0.25401684641838074,0.614814817905426,0.19657258689403534
YJR047C,YDL063C,0,3.323149,0.25391969084739685,0.614814817905426,0.19667339324951172
YMR182C,YNL129W,0,3.3225043,0.2538226246833801,0.614814817905426,0.1967741996049881
YER163C,YKL203C,0,3.322048,0.25372564792633057,0.614814817905426,0.19687500596046448
YLR388W,YEL020C,0,3.3217974,0.2536287307739258,0.614814817905426,0.19697581231594086
YOR306C,YGR289C,0,3.3192537,0.25353187322616577,0.614814817905426,0.19707661867141724
YBR239C,YOR130C,0,3.3175273,0.2534351050853729,0.614814817905426,0.19717742502689362
YNL129W,YGR184C,0,3.3165593,0.25333842635154724,0.614814817905426,0.19727823138237
YHR194W,YHR109W,0,3.3163793,0.25324180722236633,0.614814817905426,0.19737903773784637
YDL103C,YEL027W,0,3.3160532,0.2531452476978302,0.614814817905426,0.19747984409332275
YMR166C,YDR180W,0,3.3154042,0.25304877758026123,0.614814817905426,0.19758065044879913
YJR106W,YLR067C,0,3.3145354,0.25295236706733704,0.614814817905426,0.1976814568042755
YER014W,YCR075C,0,3.3143785,0.25285604596138,0.614814817905426,0.1977822631597519
YLR369W,YKR066C,0,3.3141713,0.25275981426239014,0.614814817905426,0.19788306951522827
YER145C,YMR110C,0,3.3131464,0.25266361236572266,0.614814817905426,0.19798387587070465
YLR380W,YHR057C,0,3.312619,0.2525675296783447,0.614814817905426,0.19808468222618103
YOR197W,YLR193C,0,3.3119605,0.2524714767932892,0.614814817905426,0.1981854885816574
YGR088W,YCR069W,0,3.3118627,0.2523755133152008,0.614814817905426,0.1982862949371338
YLR066W,YIL099W,0,3.311815,0.2522796392440796,0.614814817905426,0.19838710129261017
YOR161C,YBR171W,0,3.311488,0.25218382477760315,0.614814817905426,0.19848790764808655
YEL063C,YOR246C,0,3.311375,0.2520880699157715,0.614814817905426,0.19858871400356293
YGL252C,YER178W,0,3.311192,0.251992404460907,0.614814817905426,0.1986895203590393
YFR024C-A,YEL017C-A,0,3.3097305,0.25189679861068726,0.614814817905426,0.19879032671451569
YJL101C,YCR087C-A,0,3.3093827,0.2518012821674347,0.614814817905426,0.19889113306999207
YMR228W,YBR147W,1,3.308263,0.2520849108695984,0.6157407164573669,0.19889113306999207
YGR122W,YML106W,0,3.3080761,0.2519893944263458,0.6157407164573669,0.19899193942546844
YER110C,YKL194C,0,3.3076723,0.25189393758773804,0.6157407164573669,0.19909274578094482
YHR035W,YBR015C,0,3.3057835,0.2517985701560974,0.6157407164573669,0.1991935521364212
YML043C,YHL028W,0,3.3054569,0.25170326232910156,0.6157407164573669,0.19929435849189758
YJL062W-A,YGR082W,1,3.3052738,0.25198638439178467,0.6166666746139526,0.19929435849189758
YPL271W,YJR117W,1,3.3048174,0.25226929783821106,0.6175925731658936,0.19929435849189758
YDR512C,YDL220C,0,3.3042967,0.25217390060424805,0.6175925731658936,0.19939516484737396
YAL038W,YHR109W,0,3.3042543,0.2520786225795746,0.6175925731658936,0.19949597120285034
YCL001W,YAL067C,0,3.3037946,0.2519833743572235,0.6175925731658936,0.19959677755832672
YML013W,YDR430C,1,3.3036005,0.2522658705711365,0.6185185313224792,0.19959677755832672
YJL210W,YPR046W,0,3.303055,0.2521706223487854,0.6185185313224792,0.1996975839138031
YPL282C,YDR523C,0,3.302923,0.2520754635334015,0.6185185313224792,0.19979839026927948
YLR433C,YBL078C,0,3.3027184,0.25198039412498474,0.6185185313224792,0.19989919662475586
YDL121C,YMR201C,0,3.3021693,0.25188538432121277,0.6185185313224792,0.20000000298023224
YPL208W,YKL023W,0,3.3020284,0.25179043412208557,0.6185185313224792,0.20010080933570862
YOR161C,YIR034C,0,3.3019383,0.25169554352760315,0.6185185313224792,0.200201615691185
YDL058W,YML058W-A,0,3.3018134,0.2516007423400879,0.6185185313224792,0.20030242204666138
YDL121C,YKL020C,0,3.30163,0.2515060305595398,0.6185185313224792,0.20040322840213776
YDL121C,YBR048W,0,3.3006332,0.2514113783836365,0.6185185313224792,0.20050403475761414
YAL028W,YBR248C,0,3.2987907,0.25131678581237793,0.6185185313224792,0.20060484111309052
YJR107W,YNL145W,0,3.2985399,0.25122225284576416,0.6185185313224792,0.2007056474685669
YFL040W,YDL036C,0,3.2982955,0.25112780928611755,0.6185185313224792,0.20080645382404327
YDR462W,YNR018W,0,3.2981975,0.2510334551334381,0.6185185313224792,0.20090726017951965
YBR152W,YCR075C,0,3.2981508,0.25093913078308105,0.6185185313224792,0.20100806653499603
YKL096W,YOR143C,0,3.2976952,0.25084492564201355,0.6185185313224792,0.2011088728904724
YOR265W,YHR037W,0,3.2970881,0.25075075030326843,0.6185185313224792,0.2012096792459488
YKL100C,YLR042C,0,3.297076,0.2506566643714905,0.6185185313224792,0.20131048560142517
YDL072C,YBR196C,0,3.2963312,0.2505626380443573,0.6185185313224792,0.20141129195690155
YBR058C-A,YNL083W,0,3.2957652,0.2504687011241913,0.6185185313224792,0.20151209831237793
YEL004W,YKL023W,0,3.295069,0.25037482380867004,0.6185185313224792,0.2016129046678543
YOR258W,YOL136C,0,3.2945476,0.2502810060977936,0.6185185313224792,0.2017137110233307
YCR094W,YNL217W,0,3.2942173,0.2501872777938843,0.6185185313224792,0.20181451737880707
YHR194W,YGR251W,0,3.293764,0.25009360909461975,0.6185185313224792,0.20191532373428345
YDR025W,YDL029W,0,3.2937315,0.25,0.6185185313224792,0.20201613008975983
YDR376W,YJL002C,0,3.293464,0.24990646541118622,0.6185185313224792,0.2021169364452362
YGR122W,YBR169C,0,3.293218,0.2498130202293396,0.6185185313224792,0.20221774280071259
YNL185C,YLR361C,0,3.29305,0.24971961975097656,0.6185185313224792,0.20231854915618896
YLR259C,YOR257W,0,3.2928684,0.2496263086795807,0.6185185313224792,0.20241935551166534
YDL168W,YGR122W,0,3.2920823,0.2495330572128296,0.6185185313224792,0.20252016186714172
YLR388W,YJL156C,0,3.2919745,0.24943988025188446,0.6185185313224792,0.2026209682226181
YOR147W,YER014W,1,3.291494,0.24972005188465118,0.6194444298744202,0.2026209682226181
YOL026C,YGL119W,1,3.291383,0.25,0.6203703880310059,0.2026209682226181
YDR529C,YHR003C,1,3.2902367,0.2502797544002533,0.6212962865829468,0.2026209682226181
YOL047C,YCL004W,0,3.2899144,0.25018641352653503,0.6212962865829468,0.20272177457809448
YOR306C,YDL183C,0,3.2895663,0.2500931918621063,0.6212962865829468,0.20282258093357086
YLL018C-A,YPL134C,1,3.2872963,0.25037258863449097,0.6222222447395325,0.20282258093357086
YHR037W,YOR162C,0,3.2869647,0.25027933716773987,0.6222222447395325,0.20292338728904724
YBR171W,YLR337W,0,3.2863722,0.25018614530563354,0.6222222447395325,0.20302419364452362
YCR046C,YMR058W,0,3.286155,0.2500930428504944,0.6222222447395325,0.203125
YOR320C,YFR042W,0,3.2861092,0.25,0.6222222447395325,0.20322580635547638
YLR251W,YBL033C,1,3.285475,0.25027891993522644,0.6231481432914734,0.20322580635547638
YLR126C,YML019W,0,3.2841847,0.25018587708473206,0.6231481432914734,0.20332661271095276
YDR376W,YKL152C,1,3.2836478,0.2504644989967346,0.6240741014480591,0.20332661271095276
YBR234C,YGL068W,0,3.2826507,0.25037145614624023,0.6240741014480591,0.20342741906642914
YDR139C,YGL046W,0,3.282204,0.250278502702713,0.6240741014480591,0.20352822542190552
YBR237W,YPR097W,0,3.2821453,0.25018560886383057,0.6240741014480591,0.2036290317773819
YBR015C,YCR004C,0,3.281457,0.2500927746295929,0.6240741014480591,0.20372983813285828
YPR061C,YBR044C,1,3.2814329,0.25037091970443726,0.625,0.20372983813285828
YPR052C,YPR125W,0,3.2802846,0.2502780854701996,0.625,0.20383064448833466
YDR435C,YJL165C,0,3.2798054,0.2501853108406067,0.625,0.20393145084381104
YMR311C,YGR095C,0,3.2788684,0.25009262561798096,0.625,0.20403225719928741
YPL135W,YKL135C,0,3.278865,0.25,0.625,0.2041330635547638
YHR188C,YDL072C,0,3.2785559,0.249907448887825,0.625,0.20423386991024017
YBL056W,YKL138C,0,3.278206,0.2498149573802948,0.625,0.20433467626571655
YJR116W,YLR315W,0,3.277893,0.24972252547740936,0.625,0.20443548262119293
YDR288W,YOL129W,0,3.2777772,0.2496301829814911,0.625,0.2045362889766693
YOR035C,YBL091C-A,0,3.2773578,0.2495379000902176,0.625,0.2046370953321457
YCL044C,YNR017W,1,3.2773228,0.2498152256011963,0.6259258985519409,0.2046370953321457
YMR258C,YLR211C,0,3.277155,0.2497229427099228,0.6259258985519409,0.20473790168762207
YAL028W,YNL186W,0,3.2761881,0.24963071942329407,0.6259258985519409,0.20483870804309845
YPR116W,YPR140W,1,3.2759798,0.2499077171087265,0.6268518567085266,0.20483870804309845
YER067W,YBR073W,0,3.2757983,0.24981549382209778,0.6268518567085266,0.20493951439857483
YDL059C,YPL097W,0,3.2747583,0.24972334504127502,0.6268518567085266,0.2050403207540512
YFR045W,YLR297W,0,3.27466,0.24963127076625824,0.6268518567085266,0.2051411271095276
YDR125C,YLR168C,1,3.2746499,0.24990785121917725,0.6277777552604675,0.2051411271095276
YNL019C,YBR170C,0,3.2738693,0.24981577694416046,0.6277777552604675,0.20524193346500397
YGR027C,YBR015C,0,3.2737808,0.24972376227378845,0.6277777552604675,0.20534273982048035
YPL138C,YIL124W,0,3.2734852,0.24963180720806122,0.6277777552604675,0.20544354617595673
YFL052W,YDL191W,0,3.271813,0.24953992664813995,0.6277777552604675,0.2055443525314331
YOR151C,YKL138C,0,3.2714415,0.24944812059402466,0.6277777552604675,0.20564515888690948
YGR027C,YDR512C,0,3.2708418,0.24935637414455414,0.6277777552604675,0.20574596524238586
YMR109W,YDR063W,0,3.2701664,0.2492647022008896,0.6277777552604675,0.20584677159786224
YDL049C,YNR013C,0,3.2688828,0.249173104763031,0.6277777552604675,0.20594757795333862
YOR019W,YOL136C,0,3.2687314,0.249081552028656,0.6277777552604675,0.206048384308815
YFL035C-A,YGL229C,0,3.2678525,0.24899008870124817,0.6277777552604675,0.20614919066429138
YNR038W,YOR228C,0,3.267761,0.2488986849784851,0.6277777552604675,0.20624999701976776
YGL113W,YPR116W,0,3.2673347,0.24880734086036682,0.6277777552604675,0.20635080337524414
YBR239C,YIR034C,0,3.2645113,0.2487160712480545,0.6277777552604675,0.20645160973072052
YDR257C,YIL099W,0,3.2618916,0.24862486124038696,0.6277777552604675,0.2065524160861969
YLR446W,YPR167C,0,3.2616198,0.2485337257385254,0.6277777552604675,0.20665322244167328
YGL012W,YNL217W,0,3.261387,0.2484426498413086,0.6277777552604675,0.20675402879714966
YHR074W,YKL033W-A,0,3.2607996,0.24835164844989777,0.6277777552604675,0.20685483515262604
YLR369W,YNL169C,0,3.260039,0.2482607066631317,0.6277777552604675,0.20695564150810242
YNR020C,YDR057W,0,3.2600255,0.24816983938217163,0.6277777552604675,0.2070564478635788
YOL162W,YKR039W,0,3.2584107,0.24807903170585632,0.6277777552604675,0.20715725421905518
YBR058C-A,YIL099W,0,3.2580605,0.24798829853534698,0.6277777552604675,0.20725806057453156
YJL160C,YJR041C,0,3.258035,0.24789762496948242,0.6277777552604675,0.20735886693000793
YKL119C,YBR280C,0,3.257552,0.24780701100826263,0.6277777552604675,0.20745967328548431
YOR341W,YJL132W,0,3.2563758,0.24771647155284882,0.6277777552604675,0.2075604796409607
YDR084C,YGL229C,0,3.2562563,0.24762600660324097,0.6277777552604675,0.20766128599643707
YOL048C,YNL040W,0,3.2556865,0.2475356012582779,0.6277777552604675,0.20776209235191345
YER142C,YBR150C,0,3.2555716,0.2474452555179596,0.6277777552604675,0.20786289870738983
YHL017W,YGL082W,0,3.2552657,0.24735498428344727,0.6277777552604675,0.2079637050628662
YDL192W,YPL268W,0,3.255203,0.2472647726535797,0.6277777552604675,0.2080645114183426
YBR154C,YDL104C,0,3.25469,0.24717462062835693,0.6277777552604675,0.20816531777381897
YGR294W,YCL027W,0,3.2539623,0.24708454310894012,0.6277777552604675,0.20826612412929535
YPR005C,YPL096C-A,0,3.2536156,0.24699454009532928,0.6277777552604675,0.20836693048477173
YOL087C,YHR198C,0,3.252533,0.24690458178520203,0.6277777552604675,0.2084677368402481
YCL005W,YKL124W,0,3.2517016,0.24681471288204193,0.6277777552604675,0.2085685431957245
YDL231C,YOR153W,0,3.2514217,0.24672488868236542,0.6277777552604675,0.20866934955120087
YLR431C,YDR236C,0,3.2513123,0.24663513898849487,0.6277777552604675,0.20877015590667725
YBR121C,YDR084C,0,3.2510474,0.2465454488992691,0.6277777552604675,0.20887096226215363
YOL053C-A,YNR020C,0,3.2507184,0.2464558333158493,0.6277777552604675,0.20897176861763
YGL059W,YDR090C,0,3.250282,0.24636627733707428,0.6277777552604675,0.20907257497310638
YDR363W,YLL041C,0,3.2486699,0.24627679586410522,0.6277777552604675,0.20917338132858276
YBR291C,YDL126C,1,3.248142,0.24655047059059143,0.6287037134170532,0.20917338132858276
YJL160C,YER018C,0,3.2470505,0.24646097421646118,0.6287037134170532,0.20927418768405914
YLR126C,YBR073W,0,3.246523,0.2463715523481369,0.6287037134170532,0.20937499403953552
YLR067C,YER053C,1,3.246003,0.24664489924907684,0.6296296119689941,0.20937499403953552
YER017C,YOR130C,1,3.2457898,0.24691805243492126,0.6305555701255798,0.20937499403953552
YHR016C,YGL206C,0,3.2453475,0.24682855606079102,0.6305555701255798,0.2094758003950119
YKL213C,YBR147W,1,3.24492,0.24710145592689514,0.6314814686775208,0.2094758003950119
YNL092W,YJR099W,0,3.2446585,0.2470119595527649,0.6314814686775208,0.20957660675048828
YFR004W,YBR021W,0,3.2439044,0.24692252278327942,0.6314814686775208,0.20967741310596466
YER087C-A,YOR201C,0,3.2436888,0.24683314561843872,0.6314814686775208,0.20977821946144104
YOL012C,YML129C,0,3.2435498,0.246743842959404,0.6314814686775208,0.20987902581691742
YBR240C,YLR224W,0,3.2432299,0.24665461480617523,0.6314814686775208,0.2099798321723938
YGR095C,YDL072C,0,3.2419908,0.24656543135643005,0.6314814686775208,0.21008063852787018
YGR072W,YPR097W,0,3.241987,0.24647632241249084,0.6314814686775208,0.21018144488334656
YHR191C,YDL217C,0,3.240609,0.2463872879743576,0.6314814686775208,0.21028225123882294
YDL217C,YGL054C,0,3.239887,0.24629829823970795,0.6314814686775208,0.21038305759429932
YPL255W,YDR236C,0,3.2397249,0.24620938301086426,0.6314814686775208,0.2104838639497757
YCR075C,YBL051C,0,3.2392774,0.24612052738666534,0.6314814686775208,0.21058467030525208
YLR099C,YGR236C,1,3.2385426,0.24639250338077545,0.6324074268341064,0.21058467030525208
YGL054C,YLR025W,0,3.2385418,0.24630364775657654,0.6324074268341064,0.21068547666072845
YBR201W,YNL186W,0,3.238381,0.2462148517370224,0.6324074268341064,0.21078628301620483
YOL117W,YJL132W,0,3.2380226,0.24612613022327423,0.6324074268341064,0.2108870893716812
YMR183C,YGL046W,0,3.2379045,0.24603746831417084,0.6324074268341064,0.2109879106283188
YML115C,YNL009W,0,3.2376664,0.24594886600971222,0.6324074268341064,0.21108871698379517
YEL059C-A,YJL104W,1,3.2372878,0.24622030556201935,0.6333333253860474,0.21108871698379517
YLR431C,YOR143C,0,3.2371895,0.24613170325756073,0.6333333253860474,0.21118952333927155
YDR086C,YGL157W,0,3.237067,0.2460431605577469,0.6333333253860474,0.21129032969474792
YER005W,YFR033C,0,3.2367265,0.245954692363739,0.6333333253860474,0.2113911360502243
YHR116W,YGR015C,1,3.23668,0.2462257295846939,0.6342592835426331,0.2113911360502243
YNL222W,YMR019W,0,3.2358394,0.24613726139068604,0.6342592835426331,0.21149194240570068
YPR199C,YCL017C,0,3.234472,0.24604885280132294,0.6342592835426331,0.21159274876117706
YGL261C,YGR207C,0,3.2343328,0.24596050381660461,0.6342592835426331,0.21169355511665344
YIL022W,YMR038C,1,3.2339551,0.24623115360736847,0.635185182094574,0.21169355511665344
YDR236C,YCR080W,0,3.233765,0.24614280462265015,0.635185182094574,0.21179436147212982
YPL012W,YCL045C,0,3.2331455,0.2460545152425766,0.635185182094574,0.2118951678276062
YJL141C,YDR410C,0,3.2317905,0.24596630036830902,0.635185182094574,0.21199597418308258
YPL098C,YOL072W,0,3.2312758,0.24587813019752502,0.635185182094574,0.21209678053855896
YDL100C,YBR015C,0,3.2311103,0.245790034532547,0.635185182094574,0.21219758689403534
YOR266W,YHR075C,0,3.231034,0.24570199847221375,0.635185182094574,0.21229839324951172
YBR179C,YOR241W,1,3.2309005,0.24597206711769104,0.6361111402511597,0.21229839324951172
YJL180C,YDR288W,0,3.230488,0.2458840310573578,0.6361111402511597,0.2123991996049881
YMR003W,YML042W,1,3.229265,0.2461538463830948,0.6370370388031006,0.2123991996049881
YLR394W,YGL101W,0,3.2288172,0.24606581032276154,0.6370370388031006,0.21250000596046448
YDR180W,YKL033W-A,0,3.2283835,0.24597783386707306,0.6370370388031006,0.21260081231594086
YGL181W,YJR078W,0,3.2283359,0.24588991701602936,0.6370370388031006,0.21270161867141724
YOL008W,YDR529C,1,3.2271998,0.24615934491157532,0.6379629373550415,0.21270161867141724
YGR074W,YGR071C,0,3.2271218,0.24607142806053162,0.6379629373550415,0.21280242502689362
YLR369W,YCR083W,0,3.2265337,0.2459835708141327,0.6379629373550415,0.21290323138237
YMR165C,YDR414C,0,3.22625,0.24589578807353973,0.6379629373550415,0.21300403773784637
YBR015C,YGR144W,0,3.2260792,0.24580806493759155,0.6379629373550415,0.21310484409332275
YCR046C,YPR004C,0,3.2255943,0.24572040140628815,0.6379629373550415,0.21320565044879913
YCL038C,YMR010W,0,3.2251394,0.24563279747962952,0.6379629373550415,0.2133064568042755
YNL122C,YJR013W,0,3.2238276,0.24554525315761566,0.6379629373550415,0.2134072631597519
YMR079W,YPR116W,0,3.2232568,0.24545778334140778,0.6379629373550415,0.21350806951522827
YBR196C,YAL061W,0,3.2232306,0.24537037312984467,0.6379629373550415,0.21360887587070465
YER014C-A,YML049C,0,3.2231197,0.24528302252292633,0.6379629373550415,0.21370968222618103
YJL019W,YFL041W,0,3.2226484,0.24519573152065277,0.6379629373550415,0.2138104885816574
YKR067W,YDL222C,0,3.2223113,0.245108500123024,0.6379629373550415,0.2139112949371338
YDL036C,YER033C,0,3.2214763,0.24502134323120117,0.6379629373550415,0.21401210129261017
YJR106W,YDL206W,0,3.2212045,0.24493423104286194,0.6379629373550415,0.21411290764808655
YER037W,YGR071C,0,3.220999,0.24484719336032867,0.6379629373550415,0.21421371400356293
YGL261C,YMR277W,0,3.2208729,0.24476021528244019,0.6379629373550415,0.2143145203590393
YOR019W,YDR538W,0,3.2194822,0.24467329680919647,0.6379629373550415,0.21441532671451569
YIL022W,YPL270W,1,3.2193136,0.24494142830371857,0.6388888955116272,0.21441532671451569
YJL108C,YLR211C,0,3.2187846,0.24485450983047485,0.6388888955116272,0.21451613306999207
YNL278W,YMR009W,0,3.217049,0.24476765096187592,0.6388888955116272,0.21461693942546844
YDR294C,YCL045C,0,3.2169988,0.24468085169792175,0.6388888955116272,0.21471774578094482
YGR033C,YGL020C,1,3.2160704,0.2449485957622528,0.6398147940635681,0.21471774578094482
YMR035W,YIL022W,1,3.2159579,0.24521616101264954,0.6407407522201538,0.21471774578094482
YPR067W,YML061C,1,3.2155125,0.24548353254795074,0.6416666507720947,0.21471774578094482
YKL096W,YPL275W,0,3.215203,0.24539659917354584,0.6416666507720947,0.2148185521364212
YLR289W,YHR100C,1,3.2146986,0.24566371738910675,0.6425926089286804,0.2148185521364212
YPR091C,YMR298W,0,3.214469,0.24557678401470184,0.6425926089286804,0.21491935849189758
YBR248C,YBR016W,0,3.2142227,0.2454899251461029,0.6425926089286804,0.21502016484737396
YLL050C,YPR104C,0,3.213299,0.24540311098098755,0.6425926089286804,0.21512097120285034
YGR238C,YEL056W,0,3.2114286,0.24531637132167816,0.6425926089286804,0.21522177755832672
YKL071W,YDL236W,0,3.211302,0.24522967636585236,0.6425926089286804,0.2153225839138031
YJR107W,YKR098C,0,3.2073348,0.24514305591583252,0.6425926089286804,0.21542339026927948
YJL111W,YNL014W,0,3.2072413,0.24505649507045746,0.6425926089286804,0.21552419662475586
YKL146W,YDR282C,0,3.2070897,0.24496999382972717,0.6425926089286804,0.21562500298023224
YER158C,YDR414C,0,3.2064703,0.24488355219364166,0.6425926089286804,0.21572580933570862
YLR251W,YNL328C,1,3.2063577,0.2451499104499817,0.6435185074806213,0.21572580933570862
YBR192W,YDR511W,1,3.205693,0.2454160749912262,0.644444465637207,0.21572580933570862
YPR004C,YDR292C,0,3.2056751,0.2453295737504959,0.644444465637207,0.215826615691185
YDR330W,YPL135W,0,3.20566,0.2452431321144104,0.644444465637207,0.21592742204666138
YHR017W,YIL136W,1,3.2051804,0.24550898373126984,0.645370364189148,0.21592742204666138
YPR083W,YIL166C,0,3.2044075,0.24542254209518433,0.645370364189148,0.21602822840213776
YBR159W,YJL186W,0,3.2032576,0.2453361451625824,0.645370364189148,0.21612903475761414
YAR002C-A,YDR376W,0,3.201895,0.24524982273578644,0.645370364189148,0.21622984111309052
YMR281W,YLL039C,0,3.200932,0.24516355991363525,0.645370364189148,0.2163306474685669
YPR032W,YLR337W,0,3.200744,0.24507735669612885,0.645370364189148,0.21643145382404327
YDL017W,YPL281C,0,3.19897,0.2449912130832672,0.645370364189148,0.21653226017951965
YER045C,YGL157W,0,3.1976461,0.24490512907505035,0.645370364189148,0.21663306653499603
YJL141C,YGR074W,0,3.1976402,0.24481910467147827,0.645370364189148,0.2167338728904724
YDL190C,YIL099W,0,3.1969743,0.24473313987255096,0.645370364189148,0.2168346792459488
YDR081C,YBR141C,0,3.1962073,0.24464724957942963,0.645370364189148,0.21693548560142517
YPR116W,YDL200C,0,3.195832,0.24456140398979187,0.645370364189148,0.21703629195690155
YDL183C,YIL146C,1,3.1952825,0.24482637643814087,0.6462963223457336,0.21703629195690155
YPL210C,YER014C-A,0,3.1941352,0.2447405308485031,0.6462963223457336,0.21713709831237793
YPL264C,YAL038W,0,3.194051,0.24465474486351013,0.6462963223457336,0.2172379046678543
YJL178C,YPR151C,1,3.1935194,0.24491940438747406,0.6472222208976746,0.2172379046678543
YPL079W,YCL001W,0,3.1933968,0.24483361840248108,0.6472222208976746,0.2173387110233307
YOR257W,YCL017C,0,3.1927316,0.24474789202213287,0.6472222208976746,0.21743951737880707
YIL076W,YNL262W,0,3.192586,0.24466224014759064,0.6472222208976746,0.21754032373428345
YPL064C,YJL055W,0,3.191842,0.24457663297653198,0.6472222208976746,0.21764113008975983
YGR082W,YPR167C,0,3.1916492,0.2444910854101181,0.6472222208976746,0.2177419364452362
YJR111C,YLR380W,0,3.1897469,0.244405597448349,0.6472222208976746,0.21784274280071259
YJL055W,YOR390W,0,3.18896,0.24432016909122467,0.6472222208976746,0.21794354915618896
YGR122W,YLL005C,0,3.18878,0.24423480033874512,0.6472222208976746,0.21804435551166534
YLR308W,YIL166C,0,3.1887267,0.24414949119091034,0.6472222208976746,0.21814516186714172
YOL143C,YOR089C,1,3.188589,0.24441340565681458,0.6481481194496155,0.21814516186714172
YBR241C,YLR139C,0,3.1885889,0.2443280965089798,0.6481481194496155,0.2182459682226181
YPR097W,YLR253W,1,3.1883295,0.24459177255630493,0.6490740776062012,0.2182459682226181
YDR262W,YER105C,0,3.187877,0.24450644850730896,0.6490740776062012,0.21834677457809448
YKR072C,YPR113W,0,3.1878388,0.24442119896411896,0.6490740776062012,0.21844758093357086
YMR122W-A,YDR362C,0,3.1876452,0.24433600902557373,0.6490740776062012,0.21854838728904724
YGR125W,YGR184C,0,3.1875975,0.24425086379051208,0.6490740776062012,0.21864919364452362
YML012W,YMR010W,0,3.1875324,0.2441657930612564,0.6490740776062012,0.21875
YER060W,YDL048C,0,3.1873014,0.2440807819366455,0.6490740776062012,0.21885080635547638
YCR060W,YGL252C,0,3.1870768,0.24399583041667938,0.6490740776062012,0.21895161271095276
YPL139C,YPR199C,0,3.1869702,0.24391092360019684,0.6490740776062012,0.21905241906642914
YPL139C,YNR049C,0,3.186814,0.24382609128952026,0.6490740776062012,0.21915322542190552
YNL092W,YLR452C,0,3.1860697,0.24374130368232727,0.6490740776062012,0.2192540317773819
YCR047C,YOL055C,0,3.1854014,0.24365659058094025,0.6490740776062012,0.21935483813285828
YNL019C,YMR079W,0,3.1852887,0.2435719221830368,0.6490740776062012,0.21945564448833466
YML104C,YDR453C,0,3.1837947,0.24348732829093933,0.6490740776062012,0.21955645084381104
YLL009C,YNR018W,1,3.1831338,0.24375000596046448,0.6499999761581421,0.21955645084381104
YGR016W,YLR193C,0,3.1829324,0.2436653971672058,0.6499999761581421,0.21965725719928741
YDR081C,YNL015W,0,3.1827636,0.24358084797859192,0.6499999761581421,0.2197580635547638
YNL063W,YDR474C,0,3.181795,0.2434963583946228,0.6499999761581421,0.21985886991024017
YNL217W,YJL059W,0,3.1816576,0.24341192841529846,0.6499999761581421,0.21995967626571655
YPL177C,YNL063W,0,3.1815445,0.2433275580406189,0.6499999761581421,0.22006048262119293
YHR199C-A,YCR083W,0,3.1815007,0.2432432472705841,0.6499999761581421,0.2201612889766693
YDR091C,YGR084C,0,3.1812215,0.2431589812040329,0.6499999761581421,0.2202620953321457
YOL082W,YLR401C,0,3.1811256,0.24307478964328766,0.6499999761581421,0.22036290168762207
YML004C,YOR197W,0,3.1811178,0.2429906576871872,0.6499999761581421,0.22046370804309845
YMR260C,YDR330W,0,3.1796367,0.2429065704345703,0.6499999761581421,0.22056451439857483
YHR120W,YPR116W,0,3.179102,0.2428225576877594,0.6499999761581421,0.2206653207540512
YDR506C,YOR037W,0,3.1789916,0.24273858964443207,0.6499999761581421,0.2207661271095276
YPR152C,YLR337W,0,3.1781936,0.2426546812057495,0.6499999761581421,0.22086693346500397
YNL301C,YPL072W,0,3.1775694,0.24257083237171173,0.6499999761581421,0.22096773982048035
YOR161C,YGL062W,0,3.1774952,0.24248704314231873,0.6499999761581421,0.22106854617595673
YNL019C,YPR091C,0,3.1772592,0.2424033135175705,0.6499999761581421,0.2211693525314331
YER014W,YBL057C,1,3.1772478,0.24266482889652252,0.6509259343147278,0.2211693525314331
YNR007C,YFL052W,0,3.176713,0.2425810843706131,0.6509259343147278,0.22127015888690948
YOR367W,YML129C,0,3.176635,0.24249741435050964,0.6509259343147278,0.22137096524238586
YNL262W,YCR080W,0,3.1750338,0.24241378903388977,0.6509259343147278,0.22147177159786224
YGL038C,YCR072C,0,3.1749556,0.24233023822307587,0.6509259343147278,0.22157257795333862
YNL301C,YJL056C,0,3.1749175,0.24224673211574554,0.6509259343147278,0.221673384308815
YBR287W,YCR069W,0,3.1745837,0.24216328561306,0.6509259343147278,0.22177419066429138
YHR023W,YKL100C,0,3.173869,0.24207988381385803,0.6509259343147278,0.22187499701976776
YOR019W,YGR071C,0,3.1730196,0.24199655652046204,0.6509259343147278,0.22197580337524414
YGR203W,YBR096W,0,3.1729262,0.24191328883171082,0.6509259343147278,0.22207660973072052
YMR165C,YMR265C,0,3.1726973,0.24183006584644318,0.6509259343147278,0.2221774160861969
YOR221C,YAL025C,0,3.1726246,0.2417469024658203,0.6509259343147278,0.22227822244167328
YHR194W,YBL107C,1,3.172373,0.2420075684785843,0.6518518328666687,0.22227822244167328
YFL016C,YER185W,0,3.172106,0.24192440509796143,0.6518518328666687,0.22237902879714966
YPR072W,YIL022W,0,3.171871,0.24184128642082214,0.6518518328666687,0.22247983515262604
YDL103C,YBR096W,0,3.1718702,0.24175824224948883,0.6518518328666687,0.22258064150810242
YHR075C,YBR048W,0,3.1689026,0.2416752427816391,0.6518518328666687,0.2226814478635788
YOR089C,YLR204W,1,3.168153,0.24193547666072845,0.6527777910232544,0.2226814478635788
YLR396C,YGR220C,0,3.1680562,0.24185249209403992,0.6527777910232544,0.22278225421905518
YMR286W,YOL087C,0,3.1675823,0.24176955223083496,0.6527777910232544,0.22288306057453156
YCR028C-A,YBL005W-A,0,3.1664548,0.2416866570711136,0.6527777910232544,0.22298386693000793
YDL116W,YLR297W,0,3.166199,0.24160383641719818,0.6527777910232544,0.22308467328548431
YMR218C,YMR010W,0,3.1658719,0.24152107536792755,0.6527777910232544,0.2231854796409607
YOR228C,YFL016C,1,3.1655705,0.2417808175086975,0.6537036895751953,0.2231854796409607
YJR058C,YGL046W,0,3.164788,0.24169804155826569,0.6537036895751953,0.22328628599643707
YGL062W,YML075C,0,3.1634703,0.24161532521247864,0.6537036895751953,0.22338709235191345
YBR201W,YIL114C,0,3.163447,0.24153266847133636,0.6537036895751953,0.22348789870738983
YFR024C-A,YBL018C,0,3.163267,0.24145007133483887,0.6537036895751953,0.2235887050628662
YNL271C,YDR306C,0,3.1629922,0.24136751890182495,0.6537036895751953,0.2236895114183426
YNL019C,YDR288W,0,3.1618083,0.2412850260734558,0.6537036895751953,0.22379031777381897
YNL054W-A,YDL075W,0,3.1611586,0.24120259284973145,0.6537036895751953,0.22389112412929535
YIL009W,YDL217C,0,3.160926,0.24112021923065186,0.6537036895751953,0.22399193048477173
YOR154W,YHR079C-B,0,3.1592433,0.24103789031505585,0.6537036895751953,0.2240927368402481
YDR063W,YNL076W,0,3.1579688,0.2409556359052658,0.6537036895751953,0.2241935431957245
YER087C-A,YER051W,0,3.1577895,0.24087342619895935,0.6537036895751953,0.22429434955120087
YKR016W,YLR090W,1,3.1570568,0.24113233387470245,0.654629647731781,0.22429434955120087
YMR242C,YKL033W-A,0,3.1555872,0.241050124168396,0.654629647731781,0.22439515590667725
YMR042W,YOL023W,0,3.1555808,0.24096795916557312,0.654629647731781,0.22449596226215363
YOR027W,YNL015W,0,3.155318,0.24088585376739502,0.654629647731781,0.22459676861763
YER055C,YGR122W,0,3.154978,0.2408038079738617,0.654629647731781,0.22469757497310638
YPL135W,YDR244W,0,3.154965,0.24072182178497314,0.654629647731781,0.22479838132858276
YDR452W,YBR159W,0,3.154275,0.24063989520072937,0.654629647731781,0.22489918768405914
YLR394W,YNL206C,0,3.1541133,0.24055801331996918,0.654629647731781,0.22499999403953552
YKL210W,YCR075C,0,3.1540782,0.24047619104385376,0.654629647731781,0.2251008003950119
YAR014C,YGL076C,0,3.1538851,0.24039442837238312,0.654629647731781,0.22520160675048828
YPL083C,YJL003W,1,3.1538312,0.24065262079238892,0.6555555462837219,0.22520160675048828
YGL168W,YHR112C,0,3.1526377,0.24057084321975708,0.6555555462837219,0.22530241310596466
YOL053C-A,YFL035C-A,0,3.1522956,0.24048912525177002,0.6555555462837219,0.22540321946144104
YBL016W,YOR130C,0,3.1513822,0.24040746688842773,0.6555555462837219,0.22550402581691742
YIL170W,YPR107C,0,3.1510947,0.24032586812973022,0.6555555462837219,0.2256048321723938
YLR126C,YCR083W,0,3.150781,0.2402443140745163,0.6555555462837219,0.22570563852787018
YLL026W,YBR246W,0,3.1507075,0.24016281962394714,0.6555555462837219,0.22580644488334656
YER179W,YMR037C,0,3.149741,0.24008138477802277,0.6555555462837219,0.22590725123882294
YAL026C,YML012W,0,3.1492674,0.23999999463558197,0.6555555462837219,0.22600805759429932
YDR306C,YBR280C,0,3.1480281,0.23991867899894714,0.6555555462837219,0.2261088639497757
YKL133C,YGR015C,1,3.1473148,0.24017615616321564,0.6564815044403076,0.2261088639497757
YDR414C,YJL141C,0,3.1467752,0.24009482562541962,0.6564815044403076,0.22620967030525208
YAL008W,YER057C,1,3.146498,0.240352064371109,0.6574074029922485,0.22620967030525208
YDR361C,YDR435C,0,3.146486,0.240270733833313,0.6574074029922485,0.22631047666072845
YBR058C-A,YML021C,0,3.146032,0.24018944799900055,0.6574074029922485,0.22641128301620483
YMR165C,YEL020C,0,3.145949,0.24010822176933289,0.6574074029922485,0.2265120893716812
YBR001C,YKL224C,0,3.1453772,0.2400270402431488,0.6574074029922485,0.2266129106283188
YER005W,YDR284C,0,3.144632,0.2399459332227707,0.6574074029922485,0.22671371698379517
YJL206C,YOR242C,0,3.144139,0.23986487090587616,0.6574074029922485,0.22681452333927155
YLR216C,YML103C,0,3.1441042,0.2397838532924652,0.6574074029922485,0.22691532969474792
YOR116C,YLR069C,0,3.1440995,0.23970291018486023,0.6574074029922485,0.2270161360502243
YKR106W,YBR090C-A,0,3.144036,0.23962201178073883,0.6574074029922485,0.22711694240570068
YBR141C,YBL091C-A,0,3.1435223,0.239541158080101,0.6574074029922485,0.22721774876117706
YAR031W,YBR171W,0,3.142873,0.23946036398410797,0.6574074029922485,0.22731855511665344
YJR060W,YGR203W,0,3.142007,0.2393796294927597,0.6574074029922485,0.22741936147212982
YDR513W,YPR137C-A,0,3.1419303,0.2392989546060562,0.6574074029922485,0.2275201678276062
YFR045W,YKL010C,0,3.140253,0.2392183244228363,0.6574074029922485,0.22762097418308258
YKL018W,YMR019W,0,3.1399899,0.23913775384426117,0.6574074029922485,0.22772178053855896
YPL191C,YGR220C,0,3.1394517,0.2390572428703308,0.6574074029922485,0.22782258689403534
YLR158C,YBR021W,0,3.139379,0.23897677659988403,0.6574074029922485,0.22792339324951172
YDL045C,YIR032C,0,3.139323,0.23889636993408203,0.6574074029922485,0.2280241996049881
YML040W,YJR107W,0,3.13852,0.2388160079717636,0.6574074029922485,0.22812500596046448
YPL210C,YJR116W,0,3.1381886,0.23873570561408997,0.6574074029922485,0.22822581231594086
YJL160C,YMR168C,0,3.1365206,0.2386554628610611,0.6574074029922485,0.22832661867141724
YHL017W,YAL008W,0,3.1359499,0.2385752648115158,0.6574074029922485,0.22842742502689362
YGL206C,YLR285W,0,3.1354868,0.2384951263666153,0.6574074029922485,0.22852823138237
YJR107W,YOR109W,0,3.135257,0.23841504752635956,0.6574074029922485,0.22862903773784637
YOR163W,YER182W,0,3.1350317,0.2383350133895874,0.6574074029922485,0.22872984409332275
YOL052C,YLR120C,0,3.134918,0.23825503885746002,0.6574074029922485,0.22883065044879913
YNR074C,YOR117W,0,3.1345026,0.23817510902881622,0.6574074029922485,0.2289314568042755
YNR008W,YLL041C,0,3.1343033,0.2380952388048172,0.6574074029922485,0.2290322631597519
YLR126C,YPR166C,0,3.1336057,0.23801541328430176,0.6574074029922485,0.22913306951522827
YGL179C,YFL013C,0,3.1333196,0.23793566226959229,0.6574074029922485,0.22923387587070465
YJR028W,YML114C,0,3.1320624,0.2378559410572052,0.6574074029922485,0.22933468222618103
YDL180W,YMR150C,0,3.1316466,0.23777629435062408,0.6574074029922485,0.2294354885816574
YER163C,YDR057W,0,3.1311433,0.23769669234752655,0.6574074029922485,0.2295362949371338
YHR035W,YPL275W,0,3.1307304,0.2376171350479126,0.6574074029922485,0.22963710129261017
YDL142C,YOR390W,0,3.130522,0.23753763735294342,0.6574074029922485,0.22973790764808655
YLL023C,YHR214W,0,3.1303267,0.23745819926261902,0.6574074029922485,0.22983871400356293
YDR377W,YBR289W,0,3.1303,0.2373788058757782,0.6574074029922485,0.2299395203590393
YLL009C,YLR091W,1,3.1302428,0.23763369023799896,0.6583333611488342,0.2299395203590393
YPL158C,YDR207C,0,3.1296713,0.23755429685115814,0.6583333611488342,0.23004032671451569
YML004C,YGR016W,0,3.129388,0.2374749481678009,0.6583333611488342,0.23014113306999207
YLR248W,YEL022W,0,3.1292453,0.23739565908908844,0.6583333611488342,0.23024193942546844
YLR426W,YML021C,0,3.1292243,0.23731641471385956,0.6583333611488342,0.23034274578094482
YKL100C,YPR116W,0,3.1290395,0.23723722994327545,0.6583333611488342,0.2304435521364212
YPL227C,YHR112C,0,3.128513,0.23715810477733612,0.6583333611488342,0.23054435849189758
YMR071C,YMR134W,0,3.1263373,0.23707902431488037,0.6583333611488342,0.23064516484737396
YBR236C,YLR350W,0,3.1262655,0.2370000034570694,0.6583333611488342,0.23074597120285034
YNL292W,YKL138C,0,3.1261125,0.236921027302742,0.6583333611488342,0.23084677755832672
YLR068W,YOL047C,0,3.1251886,0.2368421107530594,0.6583333611488342,0.2309475839138031
YOR022C,YPR137W,0,3.1239808,0.23676323890686035,0.6583333611488342,0.23104839026927948
YMR122W-A,YKL077W,0,3.1229208,0.2366844266653061,0.6583333611488342,0.23114919662475586
YDR063W,YPR049C,0,3.122614,0.2366056591272354,0.6583333611488342,0.23125000298023224
YDL190C,YOR246C,0,3.122076,0.2365269511938095,0.6583333611488342,0.23135080933570862
YOR355W,YNL306W,0,3.121866,0.2364482879638672,0.6583333611488342,0.231451615691185
YKR071C,YCR004C,0,3.1216934,0.23636968433856964,0.6583333611488342,0.23155242204666138
YGR295C,YBR213W,0,3.1212788,0.23629112541675568,0.6583333611488342,0.23165322840213776
YCL038C,YOL056W,0,3.1201315,0.2362126260995865,0.6583333611488342,0.23175403475761414
YBR246W,YJR078W,0,3.120101,0.23613417148590088,0.6583333611488342,0.23185484111309052
YOR019W,YKL104C,0,3.119974,0.23605577647686005,0.6583333611488342,0.2319556474685669
YER142C,YDL112W,0,3.1195545,0.2359774261713028,0.6583333611488342,0.23205645382404327
YMR008C,YPL096C-A,0,3.1193926,0.23589913547039032,0.6583333611488342,0.23215726017951965
YNL145W,YML075C,0,3.1191926,0.23582088947296143,0.6583333611488342,0.23225806653499603
YOL057W,YMR037C,0,3.1191022,0.2357427030801773,0.6583333611488342,0.2323588728904724
YNR017W,YBR085W,1,3.119002,0.23599602282047272,0.6592592597007751,0.2323588728904724
YMR150C,YOR143C,0,3.1181195,0.2359178215265274,0.6592592597007751,0.2324596792459488
YPR083W,YNL098C,0,3.117729,0.23583967983722687,0.6592592597007751,0.23256048560142517
YGL067W,YGR233C,0,3.1176913,0.2357615828514099,0.6592592597007751,0.23266129195690155
YNL003C,YNR032W,1,3.117373,0.23601455986499786,0.6601851582527161,0.23266129195690155
YER028C,YER182W,0,3.11737,0.2359364628791809,0.6601851582527161,0.23276209831237793
YCL062W,YHR072W,0,3.1170642,0.23585842549800873,0.6601851582527161,0.2328629046678543
YBR003W,YMR033W,0,3.1161768,0.23578041791915894,0.6601851582527161,0.2329637110233307
YGL066W,YDL063C,0,3.1160781,0.2357024848461151,0.6601851582527161,0.23306451737880707
YML110C,YBR244W,1,3.115803,0.23595505952835083,0.6611111164093018,0.23306451737880707
YGL210W,YBL095W,1,3.1156967,0.23620747029781342,0.6620370149612427,0.23306451737880707
YOR019W,YPL248C,0,3.115441,0.23612946271896362,0.6620370149612427,0.23316532373428345
YPL064C,YDL180W,0,3.115414,0.2360514998435974,0.6620370149612427,0.23326613008975983
YDL183C,YCR035C,0,3.114668,0.23597359657287598,0.6620370149612427,0.2333669364452362
YNL003C,YBR058C-A,0,3.1141536,0.23589573800563812,0.6620370149612427,0.23346774280071259
YDR452W,YMR265C,0,3.1133654,0.23581793904304504,0.6620370149612427,0.23356854915618896
YLR110C,YPR005C,0,3.113229,0.23574018478393555,0.6620370149612427,0.23366935551166534
YGL038C,YER045C,0,3.1131415,0.23566249012947083,0.6620370149612427,0.23377016186714172
YDL119C,YJR091C,1,3.112757,0.23591433465480804,0.6629629731178284,0.23377016186714172
YOR258W,YIL166C,0,3.112387,0.23583662509918213,0.6629629731178284,0.2338709682226181
YNL310C,YLR099W-A,1,3.111927,0.23608824610710144,0.6638888716697693,0.2338709682226181
YDR038C,YBR096W,0,3.1117184,0.23601053655147552,0.6638888716697693,0.23397177457809448
YLR285W,YHR079C-B,0,3.1117113,0.2359328716993332,0.6638888716697693,0.23407258093357086
YML115C,YFL052W,0,3.1106782,0.23585526645183563,0.6638888716697693,0.23417338728904724
YKL096W-A,YOL030W,0,3.1098,0.23577770590782166,0.6638888716697693,0.23427419364452362
YBL088C,YGR207C,0,3.109545,0.23570019006729126,0.6638888716697693,0.234375
YKL002W,YNL257C,0,3.1089854,0.23562273383140564,0.6638888716697693,0.23447580635547638
YDR386W,YFR016C,0,3.1087472,0.2355453372001648,0.6638888716697693,0.23457661271095276
YER142C,YHR188C,0,3.1084359,0.23546798527240753,0.6638888716697693,0.23467741906642914
YOR214C,YGR178C,0,3.1078832,0.23539067804813385,0.6638888716697693,0.23477822542190552
YML040W,YFL039C,0,3.107807,0.23531343042850494,0.6638888716697693,0.2348790317773819
YKL138C-A,YHL028W,0,3.1077495,0.23523622751235962,0.6638888716697693,0.23497983813285828
YBR015C,YBR286W,0,3.1071684,0.23515906929969788,0.6638888716697693,0.23508064448833466
YDR462W,YNL063W,0,3.1068082,0.2350819706916809,0.6638888716697693,0.23518145084381104
YPR158C-C,YDR022C,0,3.1066206,0.23500491678714752,0.6638888716697693,0.23528225719928741
YDR134C,YPR166C,0,3.1063645,0.2349279224872589,0.6638888716697693,0.2353830635547638
YFL038C,YLR433C,0,3.1063442,0.23485097289085388,0.6638888716697693,0.23548386991024017
YIL166C,YOR351C,0,3.1062033,0.23477406799793243,0.6638888716697693,0.23558467626571655
YBL091C-A,YJR041C,0,3.1060178,0.23469722270965576,0.6638888716697693,0.23568548262119293
YOR037W,YOR100C,1,3.1056702,0.23494763672351837,0.664814829826355,0.23568548262119293
YLR196W,YFR016C,0,3.10507,0.2348707914352417,0.664814829826355,0.2357862889766693
YBR060C,YHR043C,0,3.1050444,0.23479397594928741,0.664814829826355,0.2358870953321457
YPL164C,YMR265C,0,3.1048872,0.2347172349691391,0.664814829826355,0.23598790168762207
YKL173W,YHL046C,0,3.1040184,0.23464052379131317,0.664814829826355,0.23608870804309845
YDR490C,YDR287W,0,3.1039398,0.23456387221813202,0.664814829826355,0.23618951439857483
YOR151C,YOL129W,0,3.1035879,0.23448726534843445,0.664814829826355,0.2362903207540512
YDR086C,YNL092W,0,3.1035252,0.23441070318222046,0.664814829826355,0.2363911271095276
YFR039C,YFL041W,0,3.1035202,0.23433420062065125,0.664814829826355,0.23649193346500397
YMR242C,YIL137C,0,3.103304,0.2342577427625656,0.664814829826355,0.23659273982048035
YOR027W,YFL066C,0,3.1030006,0.23418134450912476,0.664814829826355,0.23669354617595673
YBR147W,YDL183C,1,3.102752,0.23443104326725006,0.6657407283782959,0.23669354617595673
YDL072C,YER014C-A,0,3.1027315,0.234354630112648,0.6657407283782959,0.2367943525314331
YPL194W,YNR037C,0,3.1020281,0.23427826166152954,0.6657407283782959,0.23689515888690948
YML123C,YKR067W,0,3.1010666,0.23420195281505585,0.6657407283782959,0.23699596524238586
YCR060W,YPR097W,0,3.1006558,0.23412568867206573,0.6657407283782959,0.23709677159786224
YGL068W,YDL065C,0,3.1001608,0.2340494841337204,0.6657407283782959,0.23719757795333862
YKL071W,YJL074C,0,3.1001146,0.23397330939769745,0.6657407283782959,0.237298384308815
YCR055C,YGR251W,0,3.099696,0.23389720916748047,0.6657407283782959,0.23739919066429138
YER185W,YGR184C,0,3.098866,0.23382113873958588,0.6657407283782959,0.23749999701976776
YLR218C,YDR322C-A,1,3.098349,0.23407022655010223,0.6666666865348816,0.23749999701976776
YLL018C-A,YJL082W,1,3.0983136,0.23431913554668427,0.6675925850868225,0.23749999701976776
YHR112C,YGR038W,0,3.0980432,0.2342430204153061,0.6675925850868225,0.23760080337524414
YDR192C,YDL063C,0,3.0980113,0.2341669350862503,0.6675925850868225,0.23770160973072052
YLR407W,YDR244W,0,3.0977442,0.2340909093618393,0.6675925850868225,0.2378024160861969
YPL204W,YGL126W,0,3.0977325,0.23401492834091187,0.6675925850868225,0.23790322244167328
YHR035W,YPL218W,0,3.097364,0.2339390069246292,0.6675925850868225,0.23800402879714966
YMR311C,YCR065W,0,3.096898,0.23386311531066895,0.6675925850868225,0.23810483515262604
YBR104W,YOR266W,1,3.096833,0.23411154747009277,0.6685185432434082,0.23810483515262604
YHR143W,YHR057C,0,3.096238,0.2340356558561325,0.6685185432434082,0.23820564150810242
YOR246C,YMR026C,0,3.0958846,0.23395982384681702,0.6685185432434082,0.2383064478635788
YCR089W,YBR048W,0,3.0949118,0.2338840365409851,0.6685185432434082,0.23840725421905518
YDL183C,YMR047C,0,3.094419,0.23380829393863678,0.6685185432434082,0.23850806057453156
YIL097W,YNL248C,0,3.0942512,0.23373259603977203,0.6685185432434082,0.23860886693000793
YGR122W,YOR017W,0,3.094245,0.23365695774555206,0.6685185432434082,0.23870967328548431
YKL002W,YFL016C,0,3.0939395,0.23358136415481567,0.6685185432434082,0.2388104796409607
YHL017W,YBL018C,0,3.0937674,0.23350581526756287,0.6685185432434082,0.23891128599643707
YOR306C,YDL134C-A,0,3.0935771,0.23343032598495483,0.6685185432434082,0.23901209235191345
YFR049W,YER114C,0,3.093539,0.23335488140583038,0.6685185432434082,0.23911289870738983
YJR141W,YOR232W,0,3.0933805,0.23327948153018951,0.6685185432434082,0.2392137050628662
YLR088W,YIL107C,0,3.0931475,0.23320414125919342,0.6685185432434082,0.2393145114183426
YPR083W,YAL028W,0,3.0927415,0.23312883079051971,0.6685185432434082,0.23941531777381897
YDR462W,YML034W,0,3.0926745,0.23305357992649078,0.6685185432434082,0.23951612412929535
YOR260W,YHR086W,0,3.0923808,0.23297837376594543,0.6685185432434082,0.23961693048477173
YLR110C,YNL117W,0,3.092346,0.23290322721004486,0.6685185432434082,0.2397177368402481
YAR031W,YLR297W,0,3.0915332,0.23282812535762787,0.6685185432434082,0.2398185431957245
YHR112C,YPR192W,0,3.0908391,0.23275306820869446,0.6685185432434082,0.23991934955120087
YPL048W,YNR052C,0,3.090709,0.23267805576324463,0.6685185432434082,0.24002015590667725
YPR041W,YPR137C-A,0,3.090375,0.23260308802127838,0.6685185432434082,0.24012096226215363
YKL212W,YCL027C-A,0,3.090218,0.2325281798839569,0.6685185432434082,0.24022176861763
YBR090C-A,YNL248C,0,3.090205,0.23245331645011902,0.6685185432434082,0.24032257497310638
YJL054W,YGL219C,1,3.0901575,0.23270034790039062,0.6694444417953491,0.24032257497310638
YIL052C,YNL138W,0,3.0889962,0.23262548446655273,0.6694444417953491,0.24042338132858276
YER087C-A,YDR077W,0,3.0885613,0.23255066573619843,0.6694444417953491,0.24052418768405914
YER026C,YGL020C,1,3.0877717,0.23279742896556854,0.6703703999519348,0.24052418768405914
YBL050W,YDR252W,0,3.08732,0.23272259533405304,0.6703703999519348,0.24062499403953552
YDL126C,YKL033W-A,0,3.0867906,0.2326478213071823,0.6703703999519348,0.2407258003950119
YOR130C,YJR120W,0,3.0867686,0.23257307708263397,0.6703703999519348,0.24082660675048828
YGR294W,YER014C-A,0,3.086341,0.2324983924627304,0.6703703999519348,0.24092741310596466
YPR065W,YLR258W,0,3.0857027,0.23242375254631042,0.6703703999519348,0.24102821946144104
YOR214C,YFR036W,0,3.084897,0.23234917223453522,0.6703703999519348,0.24112902581691742
YLR224W,YNL271C,0,3.084512,0.2322746217250824,0.6703703999519348,0.2412298321723938
YFR034C,YNL058C,0,3.0845087,0.23220013082027435,0.6703703999519348,0.24133063852787018
YNL040W,YLR176C,0,3.0845053,0.2321256846189499,0.6703703999519348,0.24143144488334656
YJL222W,YHR079C-B,0,3.0837407,0.232051283121109,0.6703703999519348,0.24153225123882294
YGL128C,YDL236W,0,3.0837214,0.2319769263267517,0.6703703999519348,0.24163305759429932
YHR005C-A,YPL282C,0,3.0833557,0.23190262913703918,0.6703703999519348,0.2417338639497757
YBR021W,YHL028W,0,3.082928,0.23182837665081024,0.6703703999519348,0.24183467030525208
YAL055W,YFL016C,0,3.082834,0.2317541539669037,0.6703703999519348,0.24193547666072845
YDR501W,YMR259C,0,3.082362,0.2316800057888031,0.6703703999519348,0.24203628301620483
YPR137W,YDL180W,0,3.0820808,0.2316058874130249,0.6703703999519348,0.2421370893716812
YJL210W,YDR292C,0,3.0818064,0.23153181374073029,0.6703703999519348,0.2422379106283188
YER110C,YEL068C,0,3.0817287,0.23145779967308044,0.6703703999519348,0.24233871698379517
YML040W,YPL175W,0,3.081704,0.23138383030891418,0.6703703999519348,0.24243952333927155
YDL216C,YLR211C,0,3.081546,0.2313099056482315,0.6703703999519348,0.24254032969474792
YOR266W,YML075C,0,3.0813189,0.2312360256910324,0.6703703999519348,0.2426411360502243
YKL152C,YGR071C,0,3.0808432,0.2311621904373169,0.6703703999519348,0.24274194240570068
YKL033W-A,YOR390W,0,3.080361,0.23108841478824615,0.6703703999519348,0.24284274876117706
YCL062W,YGR144W,0,3.0799775,0.231014683842659,0.6703703999519348,0.24294355511665344
YHR017W,YGR086C,1,3.0798776,0.23125997185707092,0.6712962985038757,0.24294355511665344
YFL038C,YDR294C,0,3.0792265,0.23118622601032257,0.6712962985038757,0.24304436147212982
YKL010C,YAL025C,0,3.0791974,0.2311125248670578,0.6712962985038757,0.2431451678276062
YOR154W,YPL052W-A,0,3.0789793,0.2310388833284378,0.6712962985038757,0.24324597418308258
YFL002W-A,YNL098C,0,3.0779874,0.2309652715921402,0.6712962985038757,0.24334678053855896
YKL016C,YLR099W-A,1,3.0778086,0.23121018707752228,0.6722221970558167,0.24334678053855896
YMR122W-A,YDR504C,0,3.0777905,0.23113657534122467,0.6722221970558167,0.24344758689403534
YCR028C-A,YIR008C,0,3.0776649,0.23106302320957184,0.6722221970558167,0.24354839324951172
YPR005C,YHR112C,0,3.077647,0.2309895008802414,0.6722221970558167,0.2436491996049881
YFR039C,YGR084C,0,3.0775042,0.23091602325439453,0.6722221970558167,0.24375000596046448
YML054C,YHR075C,0,3.0770357,0.23084260523319244,0.6722221970558167,0.24385081231594086
YDR252W,YDL056W,0,3.0768588,0.23076923191547394,0.6722221970558167,0.24395161867141724
YNL180C,YCR080W,0,3.07644,0.230695903301239,0.6722221970558167,0.24405242502689362
YGL204C,YDR016C,0,3.076155,0.23062261939048767,0.6722221970558167,0.24415323138237
YNL169C,YOR297C,1,3.0753934,0.230866938829422,0.6731481552124023,0.24415323138237
YDR381C-A,YIL097W,0,3.0753417,0.23079365491867065,0.6731481552124023,0.24425403773784637
YDR470C,YFL005W,1,3.0737588,0.23103776574134827,0.6740740537643433,0.24425403773784637
YDR282C,YJR021C,0,3.0737202,0.23096446692943573,0.6740740537643433,0.24435484409332275
YDR490C,YHR143W-A,0,3.0736532,0.23089121282100677,0.6740740537643433,0.24445565044879913
YLR436C,YKL154W,0,3.0735776,0.2308180034160614,0.6740740537643433,0.2445564568042755
YJL210W,YGR238C,0,3.0733213,0.2307448536157608,0.6740740537643433,0.2446572631597519
YBR239C,YER014C-A,0,3.0724876,0.2306717336177826,0.6740740537643433,0.24475806951522827
YBR236C,YNR020C,0,3.0722365,0.23059867322444916,0.6740740537643433,0.24485887587070465
YIL040W,YFL052W,0,3.0715427,0.2305256426334381,0.6740740537643433,0.24495968222618103
YDR500C,YJR126C,0,3.0712798,0.23045267164707184,0.6740740537643433,0.2450604885816574
YGL046W,YLR120C,0,3.0709918,0.23037974536418915,0.6740740537643433,0.2451612949371338
YDL213C,YPL097W,0,3.0707953,0.23030686378479004,0.6740740537643433,0.24526210129261017
YFR042W,YOR355W,0,3.0707328,0.2302340269088745,0.6740740537643433,0.24536290764808655
YOR388C,YDR131C,0,3.0704017,0.23016123473644257,0.6740740537643433,0.24546371400356293
YPR167C,YIL099W,0,3.0703857,0.2300885021686554,0.6740740537643433,0.2455645203590393
YGR203W,YLR120C,0,3.0703826,0.2300157994031906,0.6740740537643433,0.24566532671451569
YLR390W-A,YPR167C,0,3.0703764,0.2299431413412094,0.6740740537643433,0.24576613306999207
YHR044C,YGL125W,0,3.0703278,0.22987054288387299,0.6740740537643433,0.24586693942546844
YJR028W,YGL133W,0,3.0700595,0.22979797422885895,0.6740740537643433,0.24596774578094482
YLR247C,YEL020C,0,3.0693023,0.22972546517848969,0.6740740537643433,0.2460685521364212
YJL062W,YJR091C,0,3.0686862,0.229653000831604,0.6740740537643433,0.24616935849189758
YLR050C,YBR297W,0,3.0686493,0.2295805811882019,0.6740740537643433,0.24627016484737396
YOR142W-A,YFR002W,0,3.0684054,0.2295081913471222,0.6740740537643433,0.24637097120285034
YDR427W,YOR265W,0,3.066603,0.22943586111068726,0.6740740537643433,0.24647177755832672
YJR117W,YDR134C,0,3.0660453,0.2293635755777359,0.6740740537643433,0.2465725839138031
YAR010C,YML081W,0,3.0658336,0.22929133474826813,0.6740740537643433,0.24667339026927948
YGR240C,YBR091C,1,3.0656612,0.22953400015830994,0.675000011920929,0.24667339026927948
YFR055W,YDL045C,0,3.0655382,0.22946175932884216,0.675000011920929,0.24677419662475586
YGL038C,YIL019W,0,3.0654943,0.22938954830169678,0.675000011920929,0.24687500298023224
YGL108C,YKL224C,0,3.0647576,0.22931739687919617,0.675000011920929,0.24697580933570862
YPL158C,YDR332W,0,3.064717,0.22924529016017914,0.675000011920929,0.247076615691185
YBR297W,YHR161C,0,3.064132,0.2291732132434845,0.675000011920929,0.24717742204666138
YBL027W,YLR193C,0,3.0625472,0.22910119593143463,0.675000011920929,0.24727822840213776
YBR291C,YOL096C,1,3.0624275,0.22934338450431824,0.6759259104728699,0.24727822840213776
YML034W,YLL009C,0,3.0622826,0.22927135229110718,0.6759259104728699,0.24737903475761414
YFL002W-A,YPR020W,0,3.0616434,0.2291993647813797,0.6759259104728699,0.24747984111309052
YDR477W,YLL039C,0,3.0614815,0.229127436876297,0.6759259104728699,0.2475806474685669
YDR139C,YPR097W,0,3.0614498,0.22905553877353668,0.6759259104728699,0.24768145382404327
YER039C,YCL062W,0,3.0600202,0.22898368537425995,0.6759259104728699,0.24778226017951965
YGL101W,YGL157W,0,3.0598671,0.228911891579628,0.6759259104728699,0.24788306653499603
YLR390W-A,YDL200C,0,3.0597372,0.22884012758731842,0.6759259104728699,0.2479838728904724
YLL004W,YLR350W,0,3.0596387,0.22876840829849243,0.6759259104728699,0.2480846792459488
YKL194C,YCR089W,0,3.059595,0.22869674861431122,0.6759259104728699,0.24818548560142517
YOR189W,YIL107C,0,3.0589736,0.2286251187324524,0.6759259104728699,0.24828629195690155
YFL038C,YPL218W,0,3.0587945,0.22855353355407715,0.6759259104728699,0.24838709831237793
YLR315W,YGR178C,0,3.0586782,0.22848200798034668,0.6759259104728699,0.2484879046678543
YDL085W,YOL027C,1,3.058541,0.228723406791687,0.6768518686294556,0.2484879046678543
YNL294C,YDL222C,0,3.0584257,0.22865186631679535,0.6768518686294556,0.2485887110233307
YER029C,YPL264C,0,3.058417,0.22858035564422607,0.6768518686294556,0.24868951737880707
YBR239C,YLR337W,0,3.058284,0.22850890457630157,0.6768518686294556,0.24879032373428345
YDL085W,YIL111W,1,3.0567703,0.22875000536441803,0.6777777671813965,0.24879032373428345
YOR022C,YLR158C,0,3.0561178,0.22867853939533234,0.6777777671813965,0.24889113008975983
YGL181W,YJL206C,0,3.0560644,0.22860711812973022,0.6777777671813965,0.2489919364452362
YMR115W,YGL219C,1,3.0559933,0.2288479506969452,0.6787037253379822,0.2489919364452362
YER039C,YML054C,0,3.0559125,0.22877652943134308,0.6787037253379822,0.24909274280071259
YDR350C,YHR199C-A,0,3.0553336,0.22870515286922455,0.6787037253379822,0.24919354915618896
YIR032C,YPL268W,0,3.0550148,0.2286338061094284,0.6787037253379822,0.24929435551166534
YOR327C,YEL022W,0,3.0547369,0.22856251895427704,0.6787037253379822,0.24939516186714172
YGR082W,YDL216C,0,3.054447,0.22849127650260925,0.6787037253379822,0.2494959682226181
YDR377W,YGR288W,0,3.0543344,0.22842006385326385,0.6787037253379822,0.24959677457809448
YIL170W,YCR055C,0,3.0542796,0.22834891080856323,0.6787037253379822,0.24969758093357086
YMR042W,YPL059W,0,3.0541263,0.2282778024673462,0.6787037253379822,0.24979838728904724
YBR042C,YGL206C,0,3.0538764,0.22820672392845154,0.6787037253379822,0.24989919364452362
YDL145C,YPR113W,0,3.0535583,0.22813570499420166,0.6787037253379822,0.25
YDR226W,YOR249C,0,3.052568,0.22806471586227417,0.6787037253379822,0.2501008212566376
YLR050C,YNL292W,0,3.0524943,0.22799378633499146,0.6787037253379822,0.25020161271095276
YGR274C,YPR103W,0,3.052403,0.22792288661003113,0.6787037253379822,0.25030243396759033
YDR306C,YPR192W,0,3.05232,0.22785203158855438,0.6787037253379822,0.2504032254219055
YDR092W,YGL257C,0,3.0522888,0.2277812361717224,0.6787037253379822,0.2505040466785431
YOR355W,YPL275W,0,3.0513036,0.22771047055721283,0.6787037253379822,0.2506048381328583
YDR022C,YKL081W,0,3.0511048,0.22763974964618683,0.6787037253379822,0.25070565938949585
YOL053C-A,YKR106W,0,3.0506303,0.2275690734386444,0.6787037253379822,0.25080645084381104
YOR066W,YBR269C,0,3.0506182,0.22749844193458557,0.6787037253379822,0.2509072721004486
YBR239C,YDL216C,0,3.0503855,0.22742785513401031,0.6787037253379822,0.2510080635547638
YPR133C,YEL047C,0,3.0501802,0.22735731303691864,0.6787037253379822,0.25110888481140137
YJR111C,YNL222W,0,3.0496027,0.22728681564331055,0.6787037253379822,0.25120967626571655
YFL038C,YHR198C,0,3.0495608,0.22721636295318604,0.6787037253379822,0.2513104975223541
YDR504C,YBR170C,0,3.048613,0.2271459549665451,0.6787037253379822,0.2514112889766693
YPR067W,YJR117W,1,3.0485785,0.22738537192344666,0.6796296238899231,0.2514112889766693
YER087C-A,YML103C,0,3.0475483,0.22731496393680573,0.6796296238899231,0.2515121102333069
YNL310C,YMR166C,1,3.046326,0.22755417227745056,0.6805555820465088,0.2515121102333069
YBR236C,YAR010C,0,3.0462544,0.22748374938964844,0.6805555820465088,0.25161290168762207
YMR281W,YPR154W,0,3.0456722,0.2274133712053299,0.6805555820465088,0.25171372294425964
YDL213C,YGL012W,0,3.045527,0.22734302282333374,0.6805555820465088,0.25181451439857483
YLR099C,YML048W,1,3.044216,0.2275819480419159,0.6814814805984497,0.25181451439857483
YGR106C,YOL052C-A,0,3.041825,0.22751158475875854,0.6814814805984497,0.2519153356552124
YNR038W,YBR207W,0,3.0412123,0.22744128108024597,0.6814814805984497,0.2520161271095276
YCR038C,YLR262C,0,3.0412073,0.22737102210521698,0.6814814805984497,0.25211694836616516
YIL114C,YDR280W,0,3.041179,0.22730080783367157,0.6814814805984497,0.25221773982048035
YFR045W,YBR013C,0,3.0409462,0.22723062336444855,0.6814814805984497,0.2523185610771179
YLR318W,YGR294W,0,3.0400493,0.2271604984998703,0.6814814805984497,0.2524193525314331
YBR240C,YML004C,0,3.0400486,0.22709040343761444,0.6814814805984497,0.2525201737880707
YJL080C,YNL048W,0,3.0398724,0.22702035307884216,0.6814814805984497,0.25262096524238586
YBR237W,YCL045C,0,3.0396254,0.22695034742355347,0.6814814805984497,0.25272178649902344
YFL038C,YER096W,0,3.0388794,0.22688040137290955,0.6814814805984497,0.2528225779533386
YLR247C,YDR415C,0,3.0388193,0.22681047022342682,0.6814814805984497,0.2529233992099762
YGR044C,YKL104C,0,3.038721,0.22674059867858887,0.6814814805984497,0.2530241906642914
YFR004W,YBR070C,0,3.0385764,0.2266707718372345,0.6814814805984497,0.25312501192092896
YER176W,YBR234C,0,3.0385206,0.2266009896993637,0.6814814805984497,0.25322580337524414
YOL052C,YLR211C,0,3.03827,0.2265312373638153,0.6814814805984497,0.2533266246318817
YGR220C,YJL165C,0,3.0380027,0.22646154463291168,0.6814814805984497,0.2534274160861969
YPL063W,YHR002W,1,3.0378935,0.22669947147369385,0.6824073791503906,0.2534274160861969
YFL044C,YML131W,0,3.037781,0.22662976384162903,0.6824073791503906,0.2535282373428345
YMR018W,YJL059W,0,3.0375154,0.2265601009130478,0.6824073791503906,0.25362902879714966
YGL136C,YLL012W,0,3.0374672,0.22649046778678894,0.6824073791503906,0.25372985005378723
YOL053C-A,YDR334W,0,3.0372696,0.22642089426517487,0.6824073791503906,0.2538306415081024
YGL128C,YBR154C,0,3.036957,0.22635135054588318,0.6824073791503906,0.25393146276474
YKR052C,YMR205C,1,3.0366848,0.2265888899564743,0.6833333373069763,0.25393146276474
YER018C,YHR079C-B,0,3.0361278,0.22651933133602142,0.6833333373069763,0.2540322542190552
YLR216C,YJR078W,0,3.0359576,0.22644983232021332,0.6833333373069763,0.25413307547569275
YBR133C,YKL100C,0,3.0347278,0.2263803631067276,0.6833333373069763,0.25423386693000793
YDR508C,YDR226W,1,3.034678,0.22661760449409485,0.6842592358589172,0.25423386693000793
YBL091C-A,YOL047C,0,3.0345838,0.22654813528060913,0.6842592358589172,0.2543346881866455
YHR178W,YFL027C,0,3.0341995,0.2264786958694458,0.6842592358589172,0.2544354796409607
YDR410C,YHR214W,0,3.0335424,0.22640931606292725,0.6842592358589172,0.25453630089759827
YNL162W,YNL014W,0,3.033229,0.22633996605873108,0.6842592358589172,0.25463709235191345
YBL050W,YGL101W,0,3.030999,0.2262706607580185,0.6842592358589172,0.254737913608551
YNR074C,YLR196W,0,3.0301921,0.22620141506195068,0.6842592358589172,0.2548387050628662
YDR038C,YMR197C,0,3.0301144,0.22613218426704407,0.6842592358589172,0.2549395263195038
YNL100W,YMR059W,1,3.0296373,0.22636891901493073,0.6851851940155029,0.2549395263195038
YMR041C,YPL264C,0,3.029541,0.2262996882200241,0.6851851940155029,0.25504031777381897
YML133C,YPL138C,0,3.0293894,0.22623051702976227,0.6851851940155029,0.25514113903045654
YBR152W,YGR026W,0,3.0292206,0.22616137564182281,0.6851851940155029,0.25524193048477173
YCL005W,YKR019C,0,3.0291154,0.22609226405620575,0.6851851940155029,0.2553427517414093
YIL135C,YEL031W,0,3.0290594,0.22602321207523346,0.6851851940155029,0.2554435431957245
YLR025W,YOL129W,0,3.028835,0.22595420479774475,0.6851851940155029,0.25554436445236206
YLR008C,YGL080W,1,3.0284274,0.2261904776096344,0.6861110925674438,0.25554436445236206
YDR086C,YBR003W,0,3.0282543,0.2261214554309845,0.6861110925674438,0.25564515590667725
YPR147C,YMR281W,0,3.0279033,0.22605247795581818,0.6861110925674438,0.2557459771633148
YDL149W,YOR232W,1,3.0278904,0.22628849744796753,0.6870370507240295,0.2557459771633148
YIL170W,YLL039C,0,3.02788,0.22621950507164001,0.6870370507240295,0.25584676861763
YDL045C,YAL001C,0,3.0272586,0.22615055739879608,0.6870370507240295,0.2559475898742676
YDR381C-A,YEL060C,0,3.0270126,0.22608165442943573,0.6870370507240295,0.25604838132858276
YJL026W,YGL108C,0,3.0269992,0.22601279616355896,0.6870370507240295,0.25614920258522034
YJR067C,YFR039C,0,3.0263088,0.22594396770000458,0.6870370507240295,0.2562499940395355
YJL109C,YJL132W,0,3.0260017,0.22587518393993378,0.6870370507240295,0.2563508152961731
YJL062W-A,YER019W,1,3.0259554,0.2261107712984085,0.6879629492759705,0.2563508152961731
YFL025C,YKL023W,0,3.0254874,0.2260419875383377,0.6879629492759705,0.2564516067504883
YHR005C-A,YNL251C,0,3.02527,0.2259732335805893,0.6879629492759705,0.25655242800712585
YNR074C,YML110C,1,3.0245557,0.22620856761932373,0.6888889074325562,0.25655242800712585
YDR262W,YPL072W,0,3.0241492,0.22613981366157532,0.6888889074325562,0.25665321946144104
YDR415C,YJL037W,0,3.0241423,0.22607110440731049,0.6888889074325562,0.2567540407180786
YPL115C,YCR028C-A,0,3.0237625,0.22600242495536804,0.6888889074325562,0.2568548321723938
YER055C,YGL157W,0,3.0234244,0.22593380510807037,0.6888889074325562,0.25695565342903137
YLR300W,YER074W-A,0,3.0232375,0.2258652150630951,0.6888889074325562,0.25705644488334656
YOL117W,YDR304C,0,3.0227678,0.2257966548204422,0.6888889074325562,0.25715726613998413
YCR083W,YKL154W,0,3.0224497,0.22572815418243408,0.6888889074325562,0.2572580575942993
YOR027W,YLR380W,0,3.0214612,0.22565968334674835,0.6888889074325562,0.2573588788509369
YOR116C,YPL191C,0,3.020981,0.2255912721157074,0.6888889074325562,0.2574596703052521
YLR285W,YBR096W,0,3.0189993,0.22552289068698883,0.6888889074325562,0.25756049156188965
YBR015C,YGR112W,0,3.0185144,0.22545453906059265,0.6888889074325562,0.25766128301620483
YDL213C,YOL129W,0,3.0181193,0.22538624703884125,0.6888889074325562,0.2577621042728424
YJL008C,YNL019C,0,3.0173619,0.22531798481941223,0.6888889074325562,0.2578628957271576
YGL116W,YBR269C,0,3.0161548,0.2252497673034668,0.6888889074325562,0.25796371698379517
YHR023W,YGL204C,0,3.0160909,0.22518159449100494,0.6888889074325562,0.25806450843811035
YPR083W,YBR050C,0,3.01534,0.22511346638202667,0.6888889074325562,0.2581653296947479
YIL103W,YER119C,0,3.015292,0.2250453680753708,0.6888889074325562,0.2582661211490631
YBR289W,YFL027C,0,3.0150323,0.2249773144721985,0.6888889074325562,0.2583669424057007
YLR050C,YBR084C-A,0,3.014373,0.22490930557250977,0.6888889074325562,0.25846773386001587
YPL098C,YNL070W,1,3.014344,0.22514355182647705,0.6898148059844971,0.25846773386001587
YJL180C,YGR065C,0,3.014295,0.22507552802562714,0.6898148059844971,0.25856855511665344
YDR027C,YML120C,1,3.01286,0.2253095805644989,0.6907407641410828,0.25856855511665344
YKL100C,YMR078C,0,3.0126588,0.2252415418624878,0.6907407641410828,0.25866934657096863
YPL059W,YBR084C-A,0,3.0126407,0.22517356276512146,0.6907407641410828,0.2587701678276062
YIL166C,YPL227C,0,3.011967,0.22510561347007751,0.6907407641410828,0.2588709592819214
YJR007W,YPR097W,0,3.0117702,0.22503770887851715,0.6907407641410828,0.25897178053855896
YLR206W,YML115C,0,3.0117512,0.22496984899044037,0.6907407641410828,0.25907257199287415
YBL056W,YAL008W,0,3.0113027,0.22490201890468597,0.6907407641410828,0.2591733932495117
YNL083W,YJR118C,0,3.0109382,0.22483423352241516,0.6907407641410828,0.2592741847038269
YDR334W,YOR197W,0,3.0102882,0.22476649284362793,0.6907407641410828,0.2593750059604645
YOL055C,YLR113W,0,3.0102327,0.22469879686832428,0.6907407641410828,0.25947579741477966
YDR350C,YML050W,1,3.0098643,0.2249322533607483,0.6916666626930237,0.25947579741477966
YOR343W-B,YPL193W,0,3.009652,0.22486454248428345,0.6916666626930237,0.25957661867141724
YNL181W,YIL155C,0,3.009415,0.22479687631130219,0.6916666626930237,0.2596774101257324
YKR087C,YOR020W-A,1,3.0088775,0.2250300794839859,0.6925926208496094,0.2596774101257324
YGR027W-A,YMR037C,0,3.0087304,0.22496241331100464,0.6925926208496094,0.25977823138237
YOL030W,YPL096C-A,0,3.0082102,0.22489476203918457,0.6925926208496094,0.2598790228366852
YPR187W,YGR026W,0,3.0079858,0.22482717037200928,0.6925926208496094,0.25997984409332275
YPL264C,YOR154W,0,3.007232,0.22475960850715637,0.6925926208496094,0.26008063554763794
YBR234C,YBR213W,0,3.007046,0.22469210624694824,0.6925926208496094,0.2601814568042755
YJR116W,YDL113C,0,3.0064137,0.2246246188879013,0.6925926208496094,0.2602822482585907
YLR426W,YMR003W,1,3.0060604,0.2248574048280716,0.6935185194015503,0.2602822482585907
YPL282C,YKL077W,0,3.0060437,0.22478991746902466,0.6935185194015503,0.26038306951522827
YIL166C,YCL017C,0,3.0058825,0.2247224748134613,0.6935185194015503,0.26048386096954346
YDR181C,YPR158C-C,0,3.005565,0.22465506196022034,0.6935185194015503,0.26058468222618103
YER176W,YLR137W,0,3.005097,0.22458770871162415,0.6935185194015503,0.2606854736804962
YLR137W,YCR080W,0,3.0050795,0.22452038526535034,0.6935185194015503,0.2607862949371338
YBR159W,YMR163C,0,3.00505,0.22445310652256012,0.6935185194015503,0.260887086391449
YBL069W,YMR122W-A,0,3.004845,0.22438585758209229,0.6935185194015503,0.26098790764808655
YDL084W,YNR006W,0,3.004557,0.22431865334510803,0.6935185194015503,0.26108869910240173
YFL011W-A,YPL193W,0,3.0044606,0.22425149381160736,0.6935185194015503,0.2611895203590393
YGL204C,YNL317W,0,3.0040996,0.22418437898159027,0.6935185194015503,0.2612903118133545
YIL137C,YOL057W,0,3.004054,0.22411729395389557,0.6935185194015503,0.26139113306999207
YNR049C,YGL142C,0,3.0038698,0.22405025362968445,0.6935185194015503,0.26149192452430725
YJL026W,YKR072C,0,3.003681,0.2239832580089569,0.6935185194015503,0.2615927457809448
YDR046C,YDR284C,0,3.0036547,0.22391629219055176,0.6935185194015503,0.26169353723526
YJR048W,YGR283C,0,3.003472,0.2238493710756302,0.6935185194015503,0.2617943584918976
YMR110C,YER017C,1,3.0030105,0.22408126294612885,0.6944444179534912,0.2617943584918976
YDR181C,YNL122C,0,3.0029962,0.22401434183120728,0.6944444179534912,0.26189514994621277
YKL018W,YBR095C,0,3.002764,0.2239474505186081,0.6944444179534912,0.26199597120285034
YNL327W,YPL268W,0,3.0019977,0.2238806039094925,0.6944444179534912,0.2620967626571655
YGR229C,YDR474C,0,3.0018432,0.22381378710269928,0.6944444179534912,0.2621975839138031
YJL111W,YOL158C,0,3.001775,0.22374701499938965,0.6944444179534912,0.2622983753681183
YER014W,YNL122C,0,3.0009673,0.2236802875995636,0.6944444179534912,0.26239919662475586
YJL140W,YDR513W,0,3.0004714,0.22361359000205994,0.6944444179534912,0.26249998807907104
YPL243W,YLR211C,0,3.000449,0.22354695200920105,0.6944444179534912,0.2626008093357086
YGR109W-B,YHR005C-A,0,3.0002534,0.22348032891750336,0.6944444179534912,0.2627016007900238
YDR459C,YMR010W,0,3.0000656,0.22341376543045044,0.6944444179534912,0.2628024220466614
YKL065W-A,YLR355C,0,2.9985666,0.2233472317457199,0.6944444179534912,0.26290321350097656
YML123C,YJR021C,0,2.9985359,0.22328074276447296,0.6944444179534912,0.26300403475761414
YGR288W,YDR030C,0,2.9980865,0.2232142835855484,0.6944444179534912,0.2631048262119293
YDR410C,YLR025W,0,2.998038,0.22314786911010742,0.6944444179534912,0.2632056474685669
YJL109C,YGR207C,0,2.9966254,0.22308149933815002,0.6944444179534912,0.2633064389228821
YPR020W,YOR344C,0,2.9961154,0.22301515936851501,0.6944444179534912,0.26340726017951965
YDL084W,YGL194C,0,2.9959474,0.2229488641023636,0.6944444179534912,0.26350805163383484
YHR199C-A,YML103C,0,2.9954412,0.22288261353969574,0.6944444179534912,0.2636088728904724
YGL113W,YJL127C-A,0,2.9953988,0.22281639277935028,0.6944444179534912,0.2637096643447876
YEL047C,YPL275W,0,2.9953573,0.2227502167224884,0.6944444179534912,0.26381048560142517
YGR065C,YER018C,0,2.995237,0.2226840853691101,0.6944444179534912,0.26391127705574036
YDR262W,YFR037C,0,2.9950597,0.2226179838180542,0.6944444179534912,0.26401209831237793
YDR301W,YPL052W-A,0,2.993662,0.22255192697048187,0.6944444179534912,0.2641128897666931
YFL002W-A,YOR142W,0,2.9932282,0.22248591482639313,0.6944444179534912,0.2642137110233307
YPR147C,YBR121C,0,2.9930646,0.22241993248462677,0.6944444179534912,0.2643145024776459
YPL098C,YHR178W,0,2.9922862,0.222353994846344,0.6944444179534912,0.26441532373428345
YKL018W,YGL125W,0,2.9919949,0.2222880870103836,0.6944444179534912,0.26451611518859863
YDR503C,YDL063C,0,2.991834,0.2222222238779068,0.6944444179534912,0.2646169364452362
YPR158W-B,YFL027C,0,2.9916496,0.22215640544891357,0.6944444179534912,0.2647177278995514
YFR033C,YOR390W,0,2.9914343,0.22209061682224274,0.6944444179534912,0.26481854915618896
YIL166C,YAR050W,0,2.991389,0.22202487289905548,0.6944444179534912,0.26491934061050415
YPL208W,YKL210W,0,2.991248,0.2219591587781906,0.6944444179534912,0.2650201618671417
YOL053C-A,YGR027C,0,2.9905765,0.22189348936080933,0.6944444179534912,0.2651209533214569
YGR038C-A,YOR312C,0,2.9904861,0.22182786464691162,0.6944444179534912,0.2652217745780945
YCR060W,YBL091C-A,0,2.990358,0.2217622697353363,0.6944444179534912,0.26532256603240967
YHR100C,YGR086C,1,2.9902256,0.22199231386184692,0.6953703761100769,0.26532256603240967
YER154W,YFL005W,1,2.9900012,0.2222222238779068,0.6962962746620178,0.26532256603240967
YML110C,YGL063W,0,2.9897249,0.2221565693616867,0.6962962746620178,0.26542338728904724
YDL145C,YGL179C,0,2.9890325,0.2220909595489502,0.6962962746620178,0.2655241787433624
YBR159W,YGR233C,0,2.9884536,0.22202539443969727,0.6962962746620178,0.265625
YBR239C,YKR039W,0,2.9880466,0.22195985913276672,0.6962962746620178,0.2657258212566376
YEL005C,YLR042C,0,2.9876816,0.22189436852931976,0.6962962746620178,0.26582661271095276
YLR259C,YNL003C,1,2.9872074,0.2221238911151886,0.6972222328186035,0.26582661271095276
YLR224W,YGR135W,0,2.9871588,0.22205838561058044,0.6972222328186035,0.26592743396759033
YDR374W-A,YHR179W,0,2.9868815,0.22199292480945587,0.6972222328186035,0.2660282254219055
YBR154C,YJR054W,0,2.9866111,0.2219274938106537,0.6972222328186035,0.2661290466785431
YLR157C-A,YCR072C,0,2.9864798,0.22186210751533508,0.6972222328186035,0.2662298381328583
YDR377W,YDR055W,0,2.9863172,0.22179676592350006,0.6972222328186035,0.26633065938949585
YDL236W,YBL108C-A,0,2.9858692,0.22173145413398743,0.6972222328186035,0.26643145084381104
YFL057C,YBR016W,0,2.9856145,0.22166617214679718,0.6972222328186035,0.2665322721004486
YLR433C,YOR189W,0,2.9855373,0.22160093486309052,0.6972222328186035,0.2666330635547638
YEL004W,YLL039C,0,2.9852993,0.22153574228286743,0.6972222328186035,0.26673388481140137
YMR105C,YMR019W,0,2.9846308,0.22147059440612793,0.6972222328186035,0.26683467626571655
YKL096W,YER074W-A,0,2.9843438,0.22140547633171082,0.6972222328186035,0.2669354975223541
YPL248C,YPL227C,0,2.9833944,0.2213403880596161,0.6972222328186035,0.2670362889766693
YJL085W,YKL224C,0,2.9833372,0.22127534449100494,0.6972222328186035,0.2671371102333069
YOL064C,YKR098C,0,2.9833367,0.22121034562587738,0.6972222328186035,0.26723790168762207
YFL057C,YOL040C,0,2.9816144,0.2211453765630722,0.6972222328186035,0.26733872294425964
YML110C,YPR116W,1,2.9813797,0.221374049782753,0.6981481313705444,0.26733872294425964
YGR135W,YPR154W,0,2.981219,0.22130906581878662,0.6981481313705444,0.26743951439857483
YDR334W,YHR072W,0,2.9811826,0.22124412655830383,0.6981481313705444,0.2675403356552124
YBL050W,YLR197W,0,2.9809754,0.22117923200130463,0.6981481313705444,0.2676411271095276
YNL222W,YNL055C,0,2.9808896,0.2211143672466278,0.6981481313705444,0.26774194836616516
YGL048C,YMR083W,0,2.9807475,0.22104954719543457,0.6981481313705444,0.26784273982048035
YLR085C,YOR071C,0,2.9802456,0.22098475694656372,0.6981481313705444,0.2679435610771179
YER190W,YKL010C,0,2.9801438,0.22092001140117645,0.6981481313705444,0.2680443525314331
YGL128C,YBR205W,0,2.9797587,0.22085529565811157,0.6981481313705444,0.2681451737880707
YNL257C,YMR319C,0,2.9790595,0.22079062461853027,0.6981481313705444,0.26824596524238586
YML075C,YDL200C,0,2.9787576,0.22072599828243256,0.6981481313705444,0.26834678649902344
YKL151C,YHR109W,0,2.978456,0.22066140174865723,0.6981481313705444,0.2684475779533386
YDL069C,YBR147W,1,2.9782002,0.2208894044160843,0.6990740895271301,0.2684475779533386
YKR086W,YDR284C,0,2.9779198,0.22082480788230896,0.6990740895271301,0.2685483992099762
YLR297W,YDL113C,0,2.9779084,0.22076024115085602,0.6990740895271301,0.2686491906642914
YGL082W,YBR213W,0,2.977859,0.22069570422172546,0.6990740895271301,0.26875001192092896
YDR334W,YLR042C,0,2.977486,0.2206312119960785,0.6990740895271301,0.26885080337524414
YKL018W,YOR237W,0,2.9770372,0.2205667495727539,0.6990740895271301,0.2689516246318817
YMR311C,YFR016C,0,2.9768045,0.2205023318529129,0.6990740895271301,0.2690524160861969
YDR365W-B,YGL116W,0,2.9766397,0.22043795883655548,0.6990740895271301,0.2691532373428345
YOR023C,YDL142C,0,2.976534,0.22037361562252045,0.6990740895271301,0.26925402879714966
YGL240W,YCR087C-A,0,2.9762328,0.2203093022108078,0.6990740895271301,0.26935485005378723
YPL098C,YOR258W,0,2.9761164,0.22024503350257874,0.6990740895271301,0.2694556415081024
YGR271C-A,YMR083W,0,2.9760516,0.22018080949783325,0.6990740895271301,0.26955646276474
YPL250C,YOL042W,0,2.975897,0.22011661529541016,0.6990740895271301,0.2696572542190552
YHL033C,YOR033C,0,2.9758346,0.22005246579647064,0.6990740895271301,0.26975807547569275
YJL023C,YHR037W,1,2.9755633,0.220279723405838,0.699999988079071,0.26975807547569275
YDR316W,YNR045W,1,2.975516,0.22050684690475464,0.7009259462356567,0.26975807547569275
YLR227W-A,YDL191W,0,2.975488,0.22044263780117035,0.7009259462356567,0.26985886693000793
YOR259C,YML129C,0,2.9751813,0.22037845849990845,0.7009259462356567,0.2699596881866455
YDL160C,YJR006W,0,2.9745524,0.22031432390213013,0.7009259462356567,0.2700604796409607
YDR466W,YJL127C-A,0,2.9743917,0.2202502191066742,0.7009259462356567,0.27016130089759827
YKL124W,YDR292C,0,2.9742455,0.22018615901470184,0.7009259462356567,0.27026209235191345
YDR139C,YOR162C,0,2.9741476,0.22012212872505188,0.7009259462356567,0.270362913608551
YPL282C,YCR087C-A,0,2.9736543,0.2200581431388855,0.7009259462356567,0.2704637050628662
YKL026C,YDR185C,1,2.9734359,0.22028480470180511,0.7018518447875977,0.2704637050628662
YBR050C,YDL191W,0,2.973348,0.22022080421447754,0.7018518447875977,0.2705645263195038
YPL274W,YGL261C,0,2.9732778,0.22015683352947235,0.7018518447875977,0.27066531777381897
YOR306C,YOR027W,0,2.9731205,0.22009292244911194,0.7018518447875977,0.27076613903045654
YHL046C,YAR018C,0,2.9730518,0.22002902626991272,0.7018518447875977,0.27086693048477173
YGL194C-A,YLR092W,0,2.973011,0.21996517479419708,0.7018518447875977,0.2709677517414093
YLR147C,YDR504C,0,2.9725296,0.21990136802196503,0.7018518447875977,0.2710685431957245
YDL049C,YNL041C,0,2.972091,0.21983759105205536,0.7018518447875977,0.27116936445236206
YDL075W,YBR096W,0,2.97203,0.21977384388446808,0.7018518447875977,0.27127015590667725
YGL179C,YKL184W,0,2.9715235,0.21971014142036438,0.7018518447875977,0.2713709771633148
YPL103C,YOR020W-A,1,2.9714365,0.21993625164031982,0.7027778029441833,0.2713709771633148
YLR196W,YJR145C,0,2.9710786,0.21987253427505493,0.7027778029441833,0.27147176861763
YLR172C,YBR141C,0,2.9706542,0.21980886161327362,0.7027778029441833,0.2715725898742676
YNL026W,YKL212W,1,2.9706311,0.22003474831581116,0.7037037014961243,0.2715725898742676
YPL096C-A,YDR098C,0,2.9704654,0.21997106075286865,0.7037037014961243,0.27167338132858276
YER014C-A,YGL252C,0,2.9703925,0.21990740299224854,0.7037037014961243,0.27177420258522034
YBR192W,YDR065W,1,2.969716,0.22013306617736816,0.7046296000480652,0.27177420258522034
YCR027C,YDR016C,0,2.9694788,0.22006940841674805,0.7046296000480652,0.2718749940395355
YDR397C,YMR018W,0,2.9693449,0.22000578045845032,0.7046296000480652,0.2719758152961731
YGL076C,YPR113W,0,2.9691737,0.21994219720363617,0.7046296000480652,0.2720766067504883
YDR363W,YJR013W,0,2.9681854,0.2198786437511444,0.7046296000480652,0.27217742800712585
YDR063W,YEL026W,0,2.9662297,0.21981513500213623,0.7046296000480652,0.27227821946144104
YEL031W,YGR184C,0,2.9661677,0.21975165605545044,0.7046296000480652,0.2723790407180786
YKR056W,YNL284C-A,0,2.9649541,0.21968822181224823,0.7046296000480652,0.2724798321723938
YCR055C,YJL091C,0,2.9646666,0.2196248173713684,0.7046296000480652,0.27258065342903137
YHR194W,YLR090W,1,2.9643514,0.21984997391700745,0.7055555582046509,0.27258065342903137
YPL042C,YBR003W,0,2.964194,0.21978655457496643,0.7055555582046509,0.27268144488334656
YGL194C-A,YEL068C,0,2.963733,0.219723179936409,0.7055555582046509,0.27278226613998413
YJL108C,YGL067W,0,2.961754,0.21965985000133514,0.7055555582046509,0.2728830575942993
YOR142W-A,YLR436C,0,2.9616196,0.21959653496742249,0.7055555582046509,0.2729838788509369
YMR009W,YPR154W,0,2.961131,0.2195332795381546,0.7055555582046509,0.2730846703052521
YMR311C,YPR116W,0,2.9607954,0.2194700390100479,0.7055555582046509,0.27318549156188965
YPL096C-A,YHR059W,0,2.960789,0.219406858086586,0.7055555582046509,0.27328628301620483
YPL023C,YDR090C,0,2.9604204,0.21934369206428528,0.7055555582046509,0.2733871042728424
YKL146W,YOR353C,0,2.9602947,0.21928057074546814,0.7055555582046509,0.2734878957271576
YLR131C,YPR170W-B,0,2.960203,0.21921749413013458,0.7055555582046509,0.27358871698379517
YGL076C,YHR124W,0,2.9600492,0.2191544473171234,0.7055555582046509,0.27368950843811035
YPL177C,YJL010C,0,2.9599502,0.21909143030643463,0.7055555582046509,0.2737903296947479
YIL166C,YAL063C,0,2.9595978,0.21902845799922943,0.7055555582046509,0.2738911211490631
YOR257W,YOR290C,0,2.9595335,0.21896551549434662,0.7055555582046509,0.2739919424057007
YDL017W,YBR013C,0,2.9593918,0.2189026176929474,0.7055555582046509,0.27409273386001587
YBR241C,YOR242C,0,2.9583926,0.21883974969387054,0.7055555582046509,0.27419355511665344
YJL127C-B,YBR044C,1,2.9583251,0.21906402707099915,0.7064814567565918,0.27419355511665344
YNL301C,YNL217W,0,2.9574363,0.2190011441707611,0.7064814567565918,0.27429434657096863
YOL158C,YLR078C,0,2.9567206,0.21893830597400665,0.7064814567565918,0.2743951678276062
YPL098C,YMR227C,0,2.9565487,0.21887549757957458,0.7064814567565918,0.2744959592819214
YGR274C,YOR246C,0,2.9564953,0.2188127338886261,0.7064814567565918,0.27459678053855896
YJL108C,YPL160W,0,2.9552205,0.21875,0.7064814567565918,0.27469757199287415
YCL052C,YOR061W,0,2.9541001,0.2186872959136963,0.7064814567565918,0.2747983932495117
YKL002W,YGL113W,0,2.954079,0.21862463653087616,0.7064814567565918,0.2748991847038269
YLR109W,YER185W,0,2.9537313,0.2185620218515396,0.7064814567565918,0.2750000059604645
YER087C-A,YLR078C,0,2.9535577,0.21849942207336426,0.7064814567565918,0.27510079741477966
YOL052C,YCR087C-A,0,2.9526289,0.21843686699867249,0.7064814567565918,0.27520161867141724
YLR066W,YBR170C,0,2.95102,0.2183743566274643,0.7064814567565918,0.2753024101257324
YBR060C,YLR350W,0,2.9506135,0.2183118760585785,0.7064814567565918,0.27540323138237
YNL284C-A,YNL126W,0,2.9505303,0.21824942529201508,0.7064814567565918,0.2755040228366852
YDR180W,YJR025C,0,2.9489968,0.21818701922893524,0.7064814567565918,0.27560484409332275
YDR495C,YML045W-A,0,2.948686,0.2181246429681778,0.7064814567565918,0.27570563554763794
YDR524C-B,YGL048C,0,2.948407,0.21806229650974274,0.7064814567565918,0.2758064568042755
YEL020C,YJL186W,0,2.947553,0.21799999475479126,0.7064814567565918,0.2759072482585907
YER174C,YIL107C,0,2.9473767,0.21793773770332336,0.7064814567565918,0.27600806951522827
YOR147W,YJL127C-B,1,2.9467824,0.21816104650497437,0.7074074149131775,0.27600806951522827
YBR090C-A,YDR244W,0,2.9457743,0.21809877455234528,0.7074074149131775,0.27610886096954346
YOR311C,YNL129W,0,2.9453335,0.21803653240203857,0.7074074149131775,0.27620968222618103
YGR122W,YDL206W,0,2.9445717,0.21797432005405426,0.7074074149131775,0.2763104736804962
YJR028W,YOR017W,0,2.9444993,0.21791215240955353,0.7074074149131775,0.2764112949371338
YOR153W,YHR079C-B,0,2.944199,0.21785001456737518,0.7074074149131775,0.276512086391449
YOL038W,YLR050C,0,2.9438596,0.21778790652751923,0.7074074149131775,0.27661290764808655
YDR425W,YDR212W,0,2.9436576,0.21772584319114685,0.7074074149131775,0.27671369910240173
YMR123W,YGR122W,0,2.9432104,0.21766382455825806,0.7074074149131775,0.2768145203590393
YDR374W-A,YKL040C,0,2.9429977,0.21760182082653046,0.7074074149131775,0.2769153118133545
YKL100C,YPL243W,0,2.942981,0.21753986179828644,0.7074074149131775,0.27701613306999207
YAR035W,YGL057C,1,2.942466,0.21776258945465088,0.7083333134651184,0.27701613306999207
YOR178C,YEL004W,0,2.9423957,0.21770063042640686,0.7083333134651184,0.27711692452430725
YER087C-A,YOL057W,0,2.9423673,0.21763868629932404,0.7083333134651184,0.2772177457809448
YCL027C-A,YFR002W,0,2.9420173,0.2175767868757248,0.7083333134651184,0.27731853723526
YDR503C,YKR039W,0,2.9413984,0.21751493215560913,0.7083333134651184,0.2774193584918976
YMR008C,YFL011W-A,0,2.9409301,0.21745309233665466,0.7083333134651184,0.27752014994621277
YML133C,YPR110C,0,2.9407763,0.21739129722118378,0.7083333134651184,0.27762097120285034
YBR133C,YNL217W,0,2.9405344,0.21732954680919647,0.7083333134651184,0.2777217626571655
YIR004W,YDR092W,0,2.9403718,0.21726782619953156,0.7083333134651184,0.2778225839138031
YBR205W,YOR140W,0,2.9402163,0.21720613539218903,0.7083333134651184,0.2779233753681183
YMR177W,YOR037W,1,2.9399514,0.2174283266067505,0.7092592716217041,0.2779233753681183
YML008C,YDR185C,1,2.9394152,0.2176503986120224,0.710185170173645,0.2779233753681183
YNL145W,YDL054C,0,2.9393868,0.2175886482000351,0.710185170173645,0.27802419662475586
YLL038C,YBR258C,0,2.9388216,0.21752694249153137,0.710185170173645,0.27812498807907104
YOR241W,YER181C,1,2.938454,0.21774879097938538,0.7111111283302307,0.27812498807907104
YJL019W,YCR080W,0,2.9380429,0.21768707036972046,0.7111111283302307,0.2782258093357086
YPL096C-A,YLR053C,0,2.9374352,0.21762539446353912,0.7111111283302307,0.2783266007900238
YAR002W,YPR113W,0,2.9373457,0.21756373345851898,0.7111111283302307,0.2784274220466614
YDR134C,YER182W,0,2.937261,0.21750211715698242,0.7111111283302307,0.27852821350097656
YMR183C,YKL100C,0,2.9369957,0.21744054555892944,0.7111111283302307,0.27862903475761414
YDR365W-B,YLR145W,0,2.9369364,0.21737900376319885,0.7111111283302307,0.2787298262119293
YOR017W,YNL159C,0,2.9367254,0.21731749176979065,0.7111111283302307,0.2788306474685669
YFL040W,YBR287W,0,2.936168,0.21725600957870483,0.7111111283302307,0.2789314389228821
YER055C,YMR219W,0,2.935869,0.2171945720911026,0.7111111283302307,0.27903226017951965
YLR259C,YDR098C,0,2.935572,0.21713316440582275,0.7111111283302307,0.27913305163383484
YGR154C,YDR091C,0,2.9354596,0.2170717865228653,0.7111111283302307,0.2792338728904724
YAL008W,YOR037W,1,2.9343925,0.21729302406311035,0.7120370268821716,0.2792338728904724
YNL162W,YKL033W-A,0,2.9342191,0.2172316312789917,0.7120370268821716,0.2793346643447876
YGL062W,YGR038W,0,2.9341874,0.21717029809951782,0.7120370268821716,0.27943548560142517
YDR529C,YMR059W,1,2.9341466,0.21739129722118378,0.7129629850387573,0.27943548560142517
YKL194C,YGL050W,0,2.9340045,0.2173299491405487,0.7129629850387573,0.27953627705574036
YHR091C,YCL004W,0,2.9333055,0.21726861596107483,0.7129629850387573,0.27963709831237793
YHR199C-A,YPR049C,0,2.9330275,0.21720732748508453,0.7129629850387573,0.2797378897666931
YGR194C,YHR214W,0,2.9323442,0.21714608371257782,0.7129629850387573,0.2798387110233307
YFL057C,YKR066C,0,2.931965,0.2170848548412323,0.7129629850387573,0.2799395024776459
YJR054W,YML114C,0,2.9317162,0.21702367067337036,0.7129629850387573,0.28004032373428345
YPL063W,YDR326C,1,2.931678,0.21724429726600647,0.7138888835906982,0.28004032373428345
YPR147C,YIL043C,0,2.9316657,0.21718309819698334,0.7138888835906982,0.28014111518859863
YNL284C-A,YGL201C,0,2.9312794,0.2171219438314438,0.7138888835906982,0.2802419364452362
YER087C-A,YDR292C,0,2.930885,0.21706080436706543,0.7138888835906982,0.2803427278995514
YLR259C,YMR227C,0,2.930684,0.21699972450733185,0.7138888835906982,0.28044354915618896
YOR017W,YMR194C-B,1,2.9305007,0.21722003817558289,0.7148148417472839,0.28044354915618896
YPR110C,YHR079C-B,0,2.930402,0.21715892851352692,0.7148148417472839,0.28054434061050415
YIL087C,YGR096W,1,2.9303143,0.21737907826900482,0.7157407402992249,0.28054434061050415
YLR068W,YLL023C,0,2.9299567,0.21731796860694885,0.7157407402992249,0.2806451618671417
YGR161C-C,YML123C,0,2.9295363,0.21725688874721527,0.7157407402992249,0.2807459533214569
YDR125C,YAL030W,0,2.9294379,0.21719583868980408,0.7157407402992249,0.2808467745780945
YLR069C,YDR365C,0,2.9291155,0.21713483333587646,0.7157407402992249,0.28094756603240967
YOR293W,YNL014W,0,2.9290905,0.21707385778427124,0.7157407402992249,0.28104838728904724
YGR238C,YDR472W,0,2.9290092,0.2170129120349884,0.7157407402992249,0.2811491787433624
YOL030W,YBR090C-A,0,2.928689,0.21695201098918915,0.7157407402992249,0.28125
YKR052C,YJL062W-A,1,2.9286559,0.21717171370983124,0.7166666388511658,0.28125
YJL111W,YOR390W,0,2.928072,0.2171107977628708,0.7166666388511658,0.2813508212566376
YDR381C-A,YLL023C,0,2.9278152,0.21704991161823273,0.7166666388511658,0.28145161271095276
YNL327W,YGR161C-C,0,2.927654,0.21698907017707825,0.7166666388511658,0.28155243396759033
YPL165C,YDR381C-A,0,2.9275248,0.21692825853824615,0.7166666388511658,0.2816532254219055
YLR262C,YNL015W,0,2.927489,0.21686747670173645,0.7166666388511658,0.2817540466785431
YNL162W,YML058W-A,0,2.927437,0.21680672466754913,0.7166666388511658,0.2818548381328583
YPL236C,YJL085W,0,2.9272163,0.2167460024356842,0.7166666388511658,0.28195565938949585
YOR365C,YNL015W,0,2.9270642,0.21668532490730286,0.7166666388511658,0.28205645084381104
YIL076W,YBR170C,0,2.9265664,0.2166246920824051,0.7166666388511658,0.2821572721004486
YMR033W,YJR099W,0,2.9261758,0.21656407415866852,0.7166666388511658,0.2822580635547638
YAL067C,YNL217W,0,2.92561,0.21650350093841553,0.7166666388511658,0.28235888481140137
YDR503C,YNL255C,0,2.9251873,0.21644295752048492,0.7166666388511658,0.28245967626571655
YOR306C,YDR012W,0,2.9250991,0.2163824439048767,0.7166666388511658,0.2825604975223541
YKL018W,YML058W-A,0,2.9244368,0.21632197499275208,0.7166666388511658,0.2826612889766693
YLR259C,YHR079C-B,0,2.9243839,0.21626152098178864,0.7166666388511658,0.2827621102333069
YLR426W,YER176W,0,2.9243305,0.21620111167430878,0.7166666388511658,0.28286290168762207
YLR157C-A,YDR377W,0,2.9241474,0.2161407470703125,0.7166666388511658,0.28296372294425964
YNL092W,YOR390W,0,2.9240172,0.21608039736747742,0.7166666388511658,0.28306451439857483
YDL190C,YJR107W,0,2.9236505,0.21602009236812592,0.7166666388511658,0.2831653356552124
YGR177C,YLR211C,0,2.9234374,0.2159598171710968,0.7166666388511658,0.2832661271095276
YBR133C,YOL047C,0,2.9229,0.21589958667755127,0.7166666388511658,0.28336694836616516
YOR020W-A,YPR093C,0,2.9221995,0.21583937108516693,0.7166666388511658,0.28346773982048035
YAR014C,YPR005C,0,2.9216874,0.21577920019626617,0.7166666388511658,0.2835685610771179
YLR067C,YAL008W,1,2.9215496,0.21599777042865753,0.7175925970077515,0.2835685610771179
YDR381C-A,YPL134C,1,2.9215403,0.21621622145175934,0.7185184955596924,0.2835685610771179
YPL016W,YKL023W,0,2.92128,0.2161559909582138,0.7185184955596924,0.2836693525314331
YER055C,YCL045C,0,2.9205227,0.21609579026699066,0.7185184955596924,0.2837701737880707
YPR031W,YBL108C-A,0,2.9201028,0.2160356342792511,0.7185184955596924,0.28387096524238586
YGR288W,YBR213W,0,2.9200861,0.21597550809383392,0.7185184955596924,0.28397178649902344
YGL257C,YMR281W,0,2.9199474,0.21591541171073914,0.7185184955596924,0.2840725779533386
YML104C,YPR158C-C,0,2.9198873,0.21585536003112793,0.7185184955596924,0.2841733992099762
YPR140W,YHR100C,1,2.9195821,0.2160734087228775,0.7194444537162781,0.2841733992099762
YMR037C,YFL052W,0,2.9193017,0.2160133421421051,0.7194444537162781,0.2842741906642914
YCL052C,YDR415C,0,2.91926,0.2159533053636551,0.7194444537162781,0.28437501192092896
YBR015C,YPR192W,0,2.9190812,0.21589329838752747,0.7194444537162781,0.28447580337524414
YML004C,YKL135C,0,2.9189188,0.21583333611488342,0.7194444537162781,0.2845766246318817
YFR004W,YLR305C,0,2.9184067,0.21577340364456177,0.7194444537162781,0.2846774160861969
YMR047C,YML087C,0,2.9183712,0.2157134860754013,0.7194444537162781,0.2847782373428345
YKL065W-A,YOR341W,0,2.9180071,0.21565362811088562,0.7194444537162781,0.28487902879714966
YDR536W,YNL015W,0,2.917793,0.21559378504753113,0.7194444537162781,0.28497985005378723
YHR199C-A,YNL257C,0,2.917597,0.21553398668766022,0.7194444537162781,0.2850806415081024
YGL201C,YBR016W,0,2.9171255,0.2154742032289505,0.7194444537162781,0.28518146276474
YDR365W-B,YDL142C,0,2.9167945,0.21541446447372437,0.7194444537162781,0.2852822542190552
YFL057C,YPL177C,0,2.916594,0.2153547704219818,0.7194444537162781,0.28538307547569275
YDR025W,YHR075C,0,2.9162183,0.21529509127140045,0.7194444537162781,0.28548386693000793
YKR090W,YPR097W,0,2.9160545,0.21523545682430267,0.7194444537162781,0.2855846881866455
YGR038W,YCR101C,0,2.9151776,0.21517585217952728,0.7194444537162781,0.2856854796409607
YML013W,YIR034C,0,2.9150798,0.21511627733707428,0.7194444537162781,0.28578630089759827
YPL023C,YGL108C,0,2.9150333,0.21505673229694366,0.7194444537162781,0.28588709235191345
YLR301W,YFL044C,0,2.9148657,0.21499723196029663,0.7194444537162781,0.285987913608551
YDR146C,YDR381C-A,0,2.914744,0.21493776142597198,0.7194444537162781,0.2860887050628662
YML106W,YMR168C,0,2.914221,0.21487832069396973,0.7194444537162781,0.2861895263195038
YJL023C,YIL022W,1,2.914202,0.2150953859090805,0.720370352268219,0.2861895263195038
YGR122W,YLR139C,0,2.9138792,0.21503593027591705,0.720370352268219,0.28629031777381897
YHR035W,YDR381C-A,0,2.9138377,0.21497651934623718,0.720370352268219,0.28639113903045654
YHR197W,YDR306C,0,2.9133875,0.2149171233177185,0.720370352268219,0.28649193048477173
YPL250C,YER041W,0,2.9131346,0.2148577719926834,0.720370352268219,0.2865927517414093
YKL138C-A,YPL268W,0,2.9128811,0.2147984504699707,0.720370352268219,0.2866935431957245
YJL042W,YHR179W,0,2.9127166,0.21473917365074158,0.720370352268219,0.28679436445236206
YJL012C,YOL100W,0,2.912605,0.21467991173267365,0.720370352268219,0.28689515590667725
YNL130C,YOL009C,1,2.912467,0.2148965448141098,0.7212963104248047,0.28689515590667725
YOR320C,YOR020W-A,0,2.912455,0.21483728289604187,0.7212963104248047,0.2869959771633148
YFR024C-A,YJL127C-A,0,2.9123104,0.21477805078029633,0.7212963104248047,0.28709676861763
YGL119W,YDR231C,1,2.9120414,0.21499449014663696,0.7222222089767456,0.28709676861763
YDL206W,YLR438C-A,0,2.9118311,0.21493524312973022,0.7222222089767456,0.2871975898742676
YNL169C,YDR474C,0,2.9118,0.21487602591514587,0.7222222089767456,0.28729838132858276
YER039C,YDR077W,0,2.9117038,0.2148168534040451,0.7222222089767456,0.28739920258522034
YBL066C,YMR301C,0,2.911626,0.21475771069526672,0.7222222089767456,0.2874999940395355
YOR020W-A,YJR034W,1,2.9116068,0.21497385203838348,0.7231481671333313,0.2874999940395355
YLR426W,YPL031C,0,2.9099958,0.2149146944284439,0.7231481671333313,0.2876008152961731
YFL035C-A,YGL136C,0,2.9099834,0.21485556662082672,0.7231481671333313,0.2877016067504883
YFL039C,YKL071W,0,2.9091082,0.21479648351669312,0.7231481671333313,0.28780242800712585
YPR005C,YMR117C,0,2.908783,0.2147374153137207,0.7231481671333313,0.28790321946144104
YDR365W-B,YKL135C,0,2.9087029,0.21467839181423187,0.7231481671333313,0.2880040407180786
YBR058C-A,YGR177C,0,2.9086254,0.21461939811706543,0.7231481671333313,0.2881048321723938
YNL122C,YPR046W,0,2.9082692,0.21456043422222137,0.7231481671333313,0.28820565342903137
YDL149W,YER078C,1,2.9081848,0.2147761583328247,0.7240740656852722,0.28820565342903137
YNR020C,YPR097W,1,2.908051,0.2149917632341385,0.7250000238418579,0.28820565342903137
YFR049W,YHR124W,0,2.9078555,0.21493275463581085,0.7250000238418579,0.28830644488334656
YOR388C,YDR332W,0,2.9074926,0.2148737609386444,0.7250000238418579,0.28840726613998413
YOR116C,YPL097W,0,2.9072874,0.21481481194496155,0.7250000238418579,0.2885080575942993
YLR109W,YJL129C,0,2.90716,0.21475589275360107,0.7250000238418579,0.2886088788509369
YLR227W-A,YIL052C,0,2.9068797,0.21469701826572418,0.7250000238418579,0.2887096703052521
YDR524C-B,YML071C,0,2.9055893,0.21463815867900848,0.7250000238418579,0.28881049156188965
YML087C,YBR233W-A,0,2.9055774,0.21457934379577637,0.7250000238418579,0.28891128301620483
YER018C,YGL082W,0,2.9052,0.21452054381370544,0.7250000238418579,0.2890121042728424
YDR086C,YCR046C,0,2.9051893,0.2144617885351181,0.7250000238418579,0.2891128957271576
YJL127C-A,YOR014W,0,2.9049704,0.21440306305885315,0.7250000238418579,0.28921371698379517
YNL284C-A,YOL120C,0,2.9049363,0.21434436738491058,0.7250000238418579,0.28931450843811035
YDR452W,YGL082W,0,2.9048665,0.2142857164144516,0.7250000238418579,0.2894153296947479
YDR350C,YGL261C,0,2.9046242,0.2142270803451538,0.7250000238418579,0.2895161211490631
YDL059C,YHR086W,0,2.904328,0.2141684889793396,0.7250000238418579,0.2896169424057007
YGR294W,YOL138C,0,2.9038506,0.21410992741584778,0.7250000238418579,0.28971773386001587
YOR037W,YMR010W,0,2.9038393,0.21405139565467834,0.7250000238418579,0.28981855511665344
YJL180C,YJL133C-A,1,2.9027445,0.21426619589328766,0.7259259223937988,0.28981855511665344
YMR010W,YOR143C,0,2.902624,0.21420764923095703,0.7259259223937988,0.28991934657096863
YBR239C,YNL126W,0,2.9023979,0.2141491323709488,0.7259259223937988,0.2900201678276062
YNR072W,YDR063W,0,2.902076,0.21409066021442413,0.7259259223937988,0.2901209592819214
YLR301W,YLR234W,0,2.9020104,0.21403221786022186,0.7259259223937988,0.29022178053855896
YIL008W,YLR193C,0,2.9016793,0.21397380530834198,0.7259259223937988,0.29032257199287415
YML040W,YBR234C,0,2.9016473,0.21391542255878448,0.7259259223937988,0.2904233932495117
YHR168W,YDR376W,1,2.9012215,0.21412983536720276,0.7268518805503845,0.2904233932495117
YOR142W-A,YMR041C,0,2.9012213,0.21407145261764526,0.7268518805503845,0.2905241847038269
YKR039W,YDR297W,0,2.901211,0.21401308476924896,0.7268518805503845,0.2906250059604645
YGR289C,YJR120W,0,2.9009721,0.21395476162433624,0.7268518805503845,0.29072579741477966
YIL124W,YDL122W,0,2.9003155,0.21389645338058472,0.7268518805503845,0.29082661867141724
YLR240W,YCR031C,0,2.9000518,0.21383818984031677,0.7268518805503845,0.2909274101257324
YJR054W,YIL008W,0,2.8990815,0.21377995610237122,0.7268518805503845,0.29102823138237
YMR122W-A,YBL107C,0,2.897878,0.21372175216674805,0.7268518805503845,0.2911290228366852
YNL327W,YAR002C-A,0,2.8978279,0.21366357803344727,0.7268518805503845,0.29122984409332275
YML058W-A,YMR058W,0,2.8975675,0.21360544860363007,0.7268518805503845,0.29133063554763794
YOR241W,YFL016C,1,2.8972998,0.21381936967372894,0.7277777791023254,0.29133063554763794
YDL142C,YGL023C,0,2.897228,0.21376122534275055,0.7277777791023254,0.2914314568042755
YOR232W,YEL027W,0,2.8972254,0.21370309591293335,0.7277777791023254,0.2915322482585907
YPL208W,YDR415C,0,2.8969429,0.21364501118659973,0.7277777791023254,0.29163306951522827
YOR356W,YJL133C-A,1,2.8968215,0.2138586938381195,0.7287036776542664,0.29163306951522827
YOR019W,YPR170W-B,0,2.8966968,0.2138005942106247,0.7287036776542664,0.29173386096954346
YDR374W-A,YGL252C,0,2.8964498,0.21374252438545227,0.7287036776542664,0.29183468222618103
YGR016W,YGL079W,0,2.89612,0.21368449926376343,0.7287036776542664,0.2919354736804962
YCL045C,YKR098C,0,2.8959472,0.21362648904323578,0.7287036776542664,0.2920362949371338
YGR161C-D,YER038C,0,2.8956978,0.2135685235261917,0.7287036776542664,0.292137086391449
YGL108C,YEL069C,0,2.8956857,0.21351058781147003,0.7287036776542664,0.29223790764808655
YHR111W,YDR034C-C,0,2.8952575,0.21345266699790955,0.7287036776542664,0.29233869910240173
YKL065W-A,YOR061W,0,2.8950727,0.21339479088783264,0.7287036776542664,0.2924395203590393
YJL127C-A,YMR145C,1,2.8949354,0.2136080265045166,0.729629635810852,0.2924395203590393
YDL013W,YHR214W,0,2.894509,0.2135501354932785,0.729629635810852,0.2925403118133545
YER005W,YLR027C,0,2.8943956,0.2134922742843628,0.729629635810852,0.29264113306999207
YDR538W,YBL108C-A,0,2.894127,0.21343445777893066,0.729629635810852,0.29274192452430725
YGL197W,YCR028C-A,0,2.8939643,0.21337665617465973,0.729629635810852,0.2928427457809448
YPR083W,YPR170W-B,0,2.8938572,0.21331889927387238,0.729629635810852,0.29294353723526
YLR320W,YKL224C,0,2.8937051,0.21326115727424622,0.729629635810852,0.2930443584918976
YGR082W,YHR179W,0,2.8934557,0.21320345997810364,0.729629635810852,0.29314514994621277
YLL004W,YEL047C,0,2.8933198,0.21314579248428345,0.729629635810852,0.29324597120285034
YOR020W-A,YLR068W,0,2.892913,0.21308815479278564,0.729629635810852,0.2933467626571655
YGR109W-A,YMR009W,0,2.892398,0.21303054690361023,0.729629635810852,0.2934475839138031
YMR276W,YPR137C-A,0,2.8921998,0.2129729688167572,0.729629635810852,0.2935483753681183
YLR091W,YML115C,0,2.8919027,0.21291543543338776,0.729629635810852,0.29364919662475586
YER163C,YOR306C,0,2.891868,0.2128579169511795,0.729629635810852,0.29374998807907104
YBR222C,YOR071C,0,2.891685,0.21280042827129364,0.729629635810852,0.2938508093357086
YER028C,YJR116W,0,2.8910315,0.21274298429489136,0.729629635810852,0.2939516007900238
YOR020W-A,YGL201C,0,2.89096,0.21268555521965027,0.729629635810852,0.2940524220466614
YGR027W-A,YDR122W,0,2.890883,0.21262817084789276,0.729629635810852,0.29415321350097656
YDR365W-B,YER105C,0,2.8907764,0.21257081627845764,0.729629635810852,0.29425403475761414
YML133C,YML075C,0,2.8905914,0.2125134915113449,0.729629635810852,0.2943548262119293
YER018C,YOR343W-B,0,2.8905332,0.21245618164539337,0.729629635810852,0.2944556474685669
YCL033C,YLR176C,0,2.8892877,0.21239891648292542,0.729629635810852,0.2945564389228821
YLR157C-A,YLR285W,0,2.8892648,0.21234168112277985,0.729629635810852,0.29465726017951965
YOL088C,YPR158C-C,0,2.889243,0.21228447556495667,0.729629635810852,0.29475805163383484
YOR142W-A,YGR154C,0,2.8892167,0.21222731471061707,0.729629635810852,0.2948588728904724
YFL041W,YDL063C,0,2.889181,0.21217016875743866,0.729629635810852,0.2949596643447876
YNR019W,YGL126W,0,2.8891585,0.21211305260658264,0.729629635810852,0.29506048560142517
YPL227C,YBR003W,0,2.8886883,0.2120559811592102,0.729629635810852,0.29516127705574036
YPR156C,YLR105C,0,2.8885028,0.21199892461299896,0.729629635810852,0.29526209831237793
YGR038C-A,YPR052C,0,2.8884838,0.2119418978691101,0.729629635810852,0.2953628897666931
YDL134C-A,YCL031C,0,2.888378,0.21188491582870483,0.729629635810852,0.2954637110233307
YJL026W,YNL248C,0,2.8881366,0.21182796359062195,0.729629635810852,0.2955645024776459
YMR008C,YKL100C,0,2.8880312,0.21177102625370026,0.729629635810852,0.29566532373428345
YGR027W-A,YPR116W,0,2.8879125,0.21171413362026215,0.729629635810852,0.29576611518859863
YLL004W,YOR173W,0,2.8876984,0.21165727078914642,0.729629635810852,0.2958669364452362
YDR506C,YDR016C,0,2.8874683,0.2116004228591919,0.729629635810852,0.2959677278995514
YGL101W,YOR257W,0,2.8871207,0.21154361963272095,0.729629635810852,0.29606854915618896
YHR035W,YHR215W,0,2.886843,0.2114868462085724,0.729629635810852,0.29616934061050415
YDR398W,YML034W,0,2.886721,0.21143010258674622,0.729629635810852,0.2962701618671417
YDR462W,YGR161C-C,0,2.8866084,0.21137338876724243,0.729629635810852,0.2963709533214569
YPL248C,YGL079W,0,2.8857348,0.21131670475006104,0.729629635810852,0.2964717745780945
YDR287W,YNL040W,0,2.885493,0.21126005053520203,0.729629635810852,0.29657256603240967
YHR129C,YPR093C,0,2.8853192,0.2112034261226654,0.729629635810852,0.29667338728904724
YDR016C,YEL022W,0,2.8847244,0.21114683151245117,0.729629635810852,0.2967741787433624
YML047C,YHR057C,0,2.88451,0.21109028160572052,0.729629635810852,0.296875
YLR355C,YLR227W-A,0,2.8844683,0.21103374660015106,0.729629635810852,0.2969758212566376
YKL146W,YDL058W,0,2.8844287,0.210977241396904,0.729629635810852,0.29707661271095276
YDR466W,YAL030W,0,2.8833234,0.2109207659959793,0.729629635810852,0.29717743396759033
YDL213C,YLR069C,0,2.8832555,0.2108643352985382,0.729629635810852,0.2972782254219055
YCR058C,YDL104C,0,2.8832126,0.2108079195022583,0.729629635810852,0.2973790466785431
YDL056W,YJR013W,0,2.8832119,0.21075153350830078,0.729629635810852,0.2974798381328583
YDR063W,YPR137C-A,0,2.8831127,0.21069519221782684,0.729629635810852,0.29758065938949585
YOR020W-A,YBL051C,0,2.8823388,0.2106388658285141,0.729629635810852,0.29768145084381104
YBR141C,YDR306C,0,2.8810332,0.21058256924152374,0.729629635810852,0.2977822721004486
YHR083W,YFR033C,1,2.8807125,0.21079348027706146,0.730555534362793,0.2977822721004486
YDR090C,YOR373W,0,2.8806963,0.2107371836900711,0.730555534362793,0.2978830635547638
YDR435C,YBR013C,0,2.8795698,0.21068090200424194,0.730555534362793,0.29798388481140137
YGR027W-A,YLR196W,0,2.8793688,0.21062466502189636,0.730555534362793,0.29808467626571655
YJL012C,YLR431C,0,2.8785322,0.21056845784187317,0.730555534362793,0.2981854975223541
YJR028W,YDR134C,0,2.8783789,0.21051228046417236,0.730555534362793,0.2982862889766693
YGR027W-A,YHR039C,0,2.8779957,0.21045611798763275,0.730555534362793,0.2983871102333069
YDR350C,YER185W,0,2.877775,0.21040000021457672,0.730555534362793,0.29848790168762207
YLR105C,YLR040C,0,2.877198,0.21034391224384308,0.730555534362793,0.29858872294425964
YCL033C,YKL010C,0,2.8770335,0.21028783917427063,0.730555534362793,0.29868951439857483
YCR089W,YBR281C,0,2.8769722,0.21023181080818176,0.730555534362793,0.2987903356552124
YGR161C-C,YLR355C,0,2.8769605,0.21017581224441528,0.730555534362793,0.2988911271095276
YLR446W,YJL183W,0,2.8765242,0.2101198434829712,0.730555534362793,0.29899194836616516
YDR021W,YKL065W-A,0,2.8764198,0.2100639045238495,0.730555534362793,0.29909273982048035
YER039C,YFR026C,0,2.8761642,0.21000798046588898,0.730555534362793,0.2991935610771179
YBR222C,YDR046C,0,2.8760684,0.20995210111141205,0.730555534362793,0.2992943525314331
YCR046C,YML081W,0,2.8755348,0.2098962515592575,0.730555534362793,0.2993951737880707
YKL037W,YMR059W,1,2.8755128,0.21010638773441315,0.7314814925193787,0.2993951737880707
YLR330W,YDR435C,0,2.8750427,0.2100505232810974,0.7314814925193787,0.29949596524238586
YPR158C-C,YGL001C,0,2.8749726,0.20999468863010406,0.7314814925193787,0.29959678649902344
YDR119W-A,YJL141C,0,2.8748364,0.2099388837814331,0.7314814925193787,0.2996975779533386
YDL116W,YKL157W,0,2.8743117,0.20988310873508453,0.7314814925193787,0.2997983992099762
YGR027W-A,YDR379W,0,2.8739817,0.20982736349105835,0.7314814925193787,0.2998991906642914
YKL138C-A,YJL160C,0,2.8732855,0.20977164804935455,0.7314814925193787,0.30000001192092896
YLR309C,YPR091C,0,2.8731096,0.20971594750881195,0.7314814925193787,0.30010080337524414
YDL029W,YJL165C,0,2.872934,0.20966029167175293,0.7314814925193787,0.3002016246318817
YGR158C,YKL071W,0,2.872932,0.2096046656370163,0.7314814925193787,0.3003024160861969
YKL053C-A,YKR036C,1,2.8724203,0.20981432497501373,0.7324073910713196,0.3003024160861969
YHL009W-A,YGL194C,0,2.8719523,0.2097586840391159,0.7324073910713196,0.3004032373428345
YEL054C,YDR034C-C,0,2.8715293,0.20970307290554047,0.7324073910713196,0.30050402879714966
YLR143W,YAR002W,0,2.8714979,0.20964749157428741,0.7324073910713196,0.30060485005378723
YNL054W-A,YCR028C-A,0,2.8714578,0.20959194004535675,0.7324073910713196,0.3007056415081024
YBR239C,YOR061W,0,2.8712351,0.20953641831874847,0.7324073910713196,0.30080646276474
YOR147W,YMR056C,1,2.870787,0.20974576473236084,0.7333333492279053,0.30080646276474
YDR134C,YCR087C-A,0,2.8705742,0.20969022810459137,0.7333333492279053,0.3009072542190552
YOR265W,YDL049C,0,2.8704422,0.2096347212791443,0.7333333492279053,0.30100807547569275
YDR181C,YGL231C,0,2.8699274,0.2095792591571808,0.7333333492279053,0.30110886693000793
YDR034C-C,YJR145C,0,2.8688238,0.20952381193637848,0.7333333492279053,0.3012096881866455
YOR373W,YPR192W,0,2.8686564,0.20946839451789856,0.7333333492279053,0.3013104796409607
YGR271W,YIR034C,0,2.868558,0.20941300690174103,0.7333333492279053,0.30141130089759827
YML104C,YLR126C,0,2.867708,0.20935764908790588,0.7333333492279053,0.30151209235191345
YKL179C,YIL052C,0,2.8674507,0.20930232107639313,0.7333333492279053,0.301612913608551
YOR017W,YLR201C,1,2.8671305,0.20951123535633087,0.7342592477798462,0.301612913608551
YIL159W,YGR177C,0,2.8668091,0.20945589244365692,0.7342592477798462,0.3017137050628662
YDR524C-B,YGR271W,0,2.8666914,0.20940057933330536,0.7342592477798462,0.3018145263195038
YLR024C,YPL096C-A,0,2.8666055,0.20934529602527618,0.7342592477798462,0.30191531777381897
YDR090C,YLR438C-A,0,2.86645,0.2092900574207306,0.7342592477798462,0.30201613903045654
YPR147C,YAR050W,0,2.8663805,0.2092348337173462,0.7342592477798462,0.30211693048477173
YLR424W,YMR319C,0,2.8661714,0.20917963981628418,0.7342592477798462,0.3022177517414093
YGR161C-C,YBR207W,0,2.866039,0.20912447571754456,0.7342592477798462,0.3023185431957245
YMR100W,YLL041C,0,2.8653195,0.20906934142112732,0.7342592477798462,0.30241936445236206
YOL021C,YDR034C-C,0,2.8652418,0.20901423692703247,0.7342592477798462,0.30252015590667725
YER051W,YJL127C-A,0,2.8650968,0.20895916223526,0.7342592477798462,0.3026209771633148
YJL133C-A,YBR265W,1,2.8644042,0.20916754007339478,0.7351852059364319,0.3026209771633148
YER057C,YGR071C,0,2.8643882,0.20911245048046112,0.7351852059364319,0.30272176861763
YBR234C,YPL191C,0,2.864333,0.20905740559101105,0.7351852059364319,0.3028225898742676
YNL185C,YPR004C,0,2.8636525,0.20900237560272217,0.7351852059364319,0.30292338132858276
YER181C,YJR034W,1,2.8636465,0.20921052992343903,0.7361111044883728,0.30292338132858276
YBR234C,YGR220C,0,2.8633373,0.20915548503398895,0.7361111044883728,0.30302420258522034
YMR134W,YDR034C-C,0,2.8633053,0.20910046994686127,0.7361111044883728,0.3031249940395355
YMR257C,YHR168W,1,2.863154,0.2093084454536438,0.7370370626449585,0.3031249940395355
YBL059C-A,YPR011C,1,2.8629334,0.20951630175113678,0.7379629611968994,0.3031249940395355
YDR524C-B,YNR013C,0,2.8623536,0.2094612419605255,0.7379629611968994,0.3032258152961731
YGR031C-A,YEL060C,0,2.8623154,0.20940619707107544,0.7379629611968994,0.3033266067504883
YOR311C,YMR134W,0,2.8622248,0.20935119688510895,0.7379629611968994,0.30342742800712585
YMR194C-B,YKR042W,1,2.8621602,0.20955882966518402,0.7388888597488403,0.30342742800712585
YHR199C-A,YLR042C,0,2.8621533,0.20950379967689514,0.7388888597488403,0.30352821946144104
YDR022C,YMR018W,0,2.8620975,0.20944881439208984,0.7388888597488403,0.3036290407180786
YJL056C,YML019W,0,2.8618648,0.20939385890960693,0.7388888597488403,0.3037298321723938
YDR146C,YGL126W,0,2.8606045,0.2093389332294464,0.7388888597488403,0.30383065342903137
YDR350C,YDR500C,0,2.860548,0.20928402245044708,0.7388888597488403,0.30393144488334656
YJL108C,YNL058C,0,2.8603344,0.20922915637493134,0.7388888597488403,0.30403226613998413
YLR091W,YDR381C-A,1,2.859911,0.20943643152713776,0.739814817905426,0.30403226613998413
YNL154C,YJL042W,0,2.8598208,0.20938155055046082,0.739814817905426,0.3041330575942993
YOL038W,YGR283C,0,2.8595288,0.20932669937610626,0.739814817905426,0.3042338788509369
YOR020W-A,YFR055W,0,2.8595235,0.2092718631029129,0.739814817905426,0.3043346703052521
YBR154C,YGR203W,0,2.8588665,0.20921707153320312,0.739814817905426,0.30443549156188965
YLR050C,YKL081W,0,2.8586538,0.20916230976581573,0.739814817905426,0.30453628301620483
YHR193C,YDL072C,0,2.8583343,0.20910756289958954,0.739814817905426,0.3046371042728424
YER185W,YOR153W,0,2.8582566,0.20905284583568573,0.739814817905426,0.3047378957271576
YJL026W,YKR090W,0,2.8577807,0.2089981734752655,0.739814817905426,0.30483871698379517
YCL052C,YNL159C,0,2.8575447,0.20894351601600647,0.739814817905426,0.30493950843811035
YGR038C-A,YLR145W,0,2.857223,0.20888888835906982,0.739814817905426,0.3050403296947479
YPL234C,YGL122C,0,2.857136,0.20883429050445557,0.739814817905426,0.3051411211490631
YNL301C,YOR390W,0,2.8571281,0.2087797224521637,0.739814817905426,0.3052419424057007
YDR119W-A,YHR017W,1,2.857069,0.20898641645908356,0.7407407164573669,0.3052419424057007
YGR295C,YGL261C,0,2.857055,0.2089318335056305,0.7407407164573669,0.30534273386001587
YGL210W,YJR116W,0,2.8568513,0.20887728035449982,0.7407407164573669,0.30544355511665344
YCR069W,YMR168C,0,2.8567894,0.20882275700569153,0.7407407164573669,0.30554434657096863
YER158C,YPR156C,0,2.8566582,0.20876826345920563,0.7407407164573669,0.3056451678276062
YIL063C,YBR196C-A,0,2.8566163,0.20871379971504211,0.7407407164573669,0.3057459592819214
YDR236C,YBR147W,1,2.856428,0.2089201807975769,0.7416666746139526,0.3057459592819214
YPR181C,YOR020W-A,0,2.8560436,0.2088657170534134,0.7416666746139526,0.30584678053855896
YJL127C-A,YGR033C,1,2.8560188,0.20907194912433624,0.7425925731658936,0.30584678053855896
YHR194W,YJR091C,1,2.8559515,0.20927807688713074,0.7435185313224792,0.30584678053855896
YBR141C,YGL126W,0,2.8552694,0.20922355353832245,0.7435185313224792,0.30594757199287415
YIL160C,YDR508C,1,2.854904,0.209429532289505,0.7444444298744202,0.30594757199287415
YML040W,YLR368W,0,2.8545938,0.20937499403953552,0.7444444298744202,0.3060483932495117
YML086C,YJL133C-A,1,2.8542867,0.20958083868026733,0.7453703880310059,0.3060483932495117
YER176W,YCR055C,0,2.8542829,0.20952628552913666,0.7453703880310059,0.3061491847038269
YER017C,YMR019W,0,2.8541024,0.20947176218032837,0.7453703880310059,0.3062500059604645
YPR043W,YDL121C,0,2.8535333,0.20941726863384247,0.7453703880310059,0.30635079741477966
YHR044C,YHR150W,0,2.8533392,0.20936280488967896,0.7453703880310059,0.30645161867141724
YHR155W,YKL026C,1,2.8532984,0.20956838130950928,0.7462962865829468,0.30645161867141724
YIL170W,YNL154C,0,2.8531992,0.20951390266418457,0.7462962865829468,0.3065524101257324
YDR410C,YGL220W,0,2.8530211,0.20945945382118225,0.7462962865829468,0.30665323138237
YDR119W-A,YGL206C,0,2.8528616,0.20940503478050232,0.7462962865829468,0.3067540228366852
YIL076W,YNL294C,0,2.8524725,0.20935064554214478,0.7462962865829468,0.30685484409332275
YGR082W,YDL217C,1,2.852429,0.2095559537410736,0.7472222447395325,0.30685484409332275
YBL056W,YCL058W-A,0,2.8523915,0.20950156450271606,0.7472222447395325,0.30695563554763794
YOL042W,YOL138C,0,2.8523297,0.20944719016551971,0.7472222447395325,0.3070564568042755
YDR365W-A,YPR116W,0,2.8522136,0.20939284563064575,0.7472222447395325,0.3071572482585907
YNL298W,YKL103C,0,2.8517883,0.20933851599693298,0.7472222447395325,0.30725806951522827
YFR024C-A,YBR031W,0,2.8517013,0.2092842310667038,0.7472222447395325,0.30735886096954346
YMR008C,YBR227C,0,2.8516202,0.209229975938797,0.7472222447395325,0.30745968222618103
YJL034W,YLR350W,0,2.8512976,0.2091757357120514,0.7472222447395325,0.3075604736804962
YAR031W,YMR047C,0,2.8511894,0.20912154018878937,0.7472222447395325,0.3076612949371338
YDR119W-A,YJR118C,0,2.8503358,0.20906735956668854,0.7472222447395325,0.307762086391449
YKL065W-A,YDR212W,0,2.8503227,0.2090132087469101,0.7472222447395325,0.30786290764808655
YLR143W,YNR013C,0,2.8500478,0.20895908772945404,0.7472222447395325,0.30796369910240173
YJL127C-A,YGR177C,0,2.8499668,0.20890499651432037,0.7472222447395325,0.3080645203590393
YFL002W-A,YKL157W,0,2.8494804,0.2088509351015091,0.7472222447395325,0.3081653118133545
YGL258W-A,YAL067C,0,2.8494484,0.208796888589859,0.7472222447395325,0.30826613306999207
YDR119W-A,YDR057W,0,2.8491552,0.2087428867816925,0.7472222447395325,0.30836692452430725
YDR536W,YIL097W,0,2.8486028,0.2086888998746872,0.7472222447395325,0.3084677457809448
YKL073W,YGR016W,0,2.847999,0.20863495767116547,0.7472222447395325,0.30856853723526
YGR161C-C,YDR404C,0,2.847798,0.20858103036880493,0.7472222447395325,0.3086693584918976
YGR169C,YDL045C,0,2.8477166,0.20852713286876678,0.7472222447395325,0.30877014994621277
YFR049W,YGL079W,0,2.8475854,0.20847326517105103,0.7472222447395325,0.30887097120285034
YDR062W,YMR301C,0,2.8473895,0.20841942727565765,0.7472222447395325,0.3089717626571655
YGR161C-C,YKL040C,0,2.8469653,0.20836560428142548,0.7472222447395325,0.3090725839138031
YOR306C,YDL084W,0,2.8463988,0.20831182599067688,0.7472222447395325,0.3091733753681183
YHR199C-A,YHR088W,0,2.8460817,0.20825806260108948,0.7472222447395325,0.30927419662475586
YLR027C,YJL037W,0,2.845517,0.20820432901382446,0.7472222447395325,0.30937498807907104
YPL079W,YDR063W,0,2.8453248,0.20815062522888184,0.7472222447395325,0.3094758093357086
YOR022C,YBR083W,0,2.8453214,0.2080969512462616,0.7472222447395325,0.3095766007900238
YLL019C,YIL156W-B,0,2.845042,0.20804330706596375,0.7472222447395325,0.3096774220466614
YOR022C,YOR261C,0,2.8449945,0.20798969268798828,0.7472222447395325,0.30977821350097656
YHR188C,YDR131C,0,2.8448126,0.207936093211174,0.7472222447395325,0.30987903475761414
YOR142W-A,YBR070C,0,2.8443103,0.20788253843784332,0.7472222447395325,0.3099798262119293
YDL160C,YJL127C-A,0,2.8440125,0.20782899856567383,0.7472222447395325,0.3100806474685669
YOR020W-A,YKL157W,0,2.8435426,0.20777548849582672,0.7472222447395325,0.3101814389228821
YER074W-A,YDL206W,0,2.8435383,0.207722008228302,0.7472222447395325,0.31028226017951965
YPR170W-B,YBR141C,0,2.8432944,0.20766855776309967,0.7472222447395325,0.31038305163383484
YPL042C,YEL047C,0,2.8432157,0.20761512219905853,0.7472222447395325,0.3104838728904724
YPL262W,YDR284C,0,2.8431609,0.20756173133850098,0.7472222447395325,0.3105846643447876
YPR152C,YJR116W,0,2.843097,0.20750835537910461,0.7472222447395325,0.31068548560142517
YNL054W-A,YMR061W,0,2.8423967,0.20745500922203064,0.7472222447395325,0.31078627705574036
YMR122W-A,YDL104C,0,2.8418934,0.20740169286727905,0.7472222447395325,0.31088709831237793
YER051W,YDR262W,0,2.8415089,0.20734840631484985,0.7472222447395325,0.3109878897666931
YGL258W-A,YOR061W,0,2.8410351,0.20729514956474304,0.7472222447395325,0.3110887110233307
YPL250C,YBL018C,0,2.8408363,0.20724190771579742,0.7472222447395325,0.3111895024776459
YAR002C-A,YLR433C,0,2.8406703,0.2071887105703354,0.7472222447395325,0.31129032373428345
YNL222W,YBL040C,0,2.8402052,0.20713552832603455,0.7472222447395325,0.31139111518859863
YDL049C,YGL231C,0,2.8401682,0.2070823758840561,0.7472222447395325,0.3114919364452362
YPL264C,YNL117W,0,2.840067,0.20702923834323883,0.7472222447395325,0.3115927278995514
YDR453C,YPL089C,0,2.8399553,0.20697614550590515,0.7472222447395325,0.31169354915618896
YJL133C-A,YML008C,1,2.8387582,0.2071794867515564,0.7481481432914734,0.31169354915618896
YOR142W-A,YNL186W,0,2.8387356,0.20712637901306152,0.7481481432914734,0.31179434061050415
YPL248C,YBR220C,0,2.8387315,0.20707330107688904,0.7481481432914734,0.3118951618671417
YER017C,YLR211C,0,2.8386412,0.20702023804187775,0.7481481432914734,0.3119959533214569
YKL040C,YJL153C,0,2.8380008,0.20696721971035004,0.7481481432914734,0.3120967745780945
YMR319C,YFL034C-B,0,2.8379781,0.20691421627998352,0.7481481432914734,0.31219756603240967
YOL136C,YOR341W,0,2.8378286,0.2068612426519394,0.7481481432914734,0.31229838728904724
YOL053C-A,YDR081C,0,2.8372195,0.20680829882621765,0.7481481432914734,0.3123991787433624
YBR201W,YNL040W,0,2.8371513,0.2067553699016571,0.7481481432914734,0.3125
YMR276W,YBL107C,0,2.8369021,0.20670248568058014,0.7481481432914734,0.3126008212566376
YBR196C-A,YLR137W,0,2.8366387,0.20664961636066437,0.7481481432914734,0.31270161271095276
YBR074W,YJL055W,0,2.8365457,0.20659677684307098,0.7481481432914734,0.31280243396759033
YGL062W,YLR350W,0,2.8364954,0.2065439671278,0.7481481432914734,0.3129032254219055
YOL077W-A,YOL143C,1,2.836253,0.20674674212932587,0.7490741014480591,0.3129032254219055
YBR073W,YIL156W-B,0,2.8362267,0.20669391751289368,0.7490741014480591,0.3130040466785431
YCL038C,YLR274W,0,2.8361304,0.20664112269878387,0.7490741014480591,0.3131048381328583
YDL017W,YDR119W-A,0,2.8361268,0.20658835768699646,0.7490741014480591,0.31320565938949585
YMR301C,YLR348C,1,2.8359358,0.20679090917110443,0.75,0.31320565938949585
YML123C,YNL308C,0,2.8357377,0.20673812925815582,0.75,0.31330645084381104
YGR271W,YBL108C-A,0,2.8348296,0.2066853791475296,0.75,0.3134072721004486
YLR136C,YLR092W,0,2.8346925,0.20663265883922577,0.75,0.3135080635547638
YGR016W,YNL014W,0,2.8345597,0.20657995343208313,0.75,0.31360888481140137
YLR398C,YCR004C,0,2.8342469,0.20652727782726288,0.75,0.31370967626571655
YDR524C-B,YMR100W,0,2.834204,0.20647463202476501,0.75,0.3138104975223541
YPR170W-B,YMR168C,0,2.8335364,0.20642201602458954,0.75,0.3139112889766693
YNR020C,YKL010C,0,2.8335238,0.20636942982673645,0.75,0.3140121102333069
YFR042W,YGL082W,0,2.8333802,0.20631685853004456,0.75,0.31411290168762207
YPL248C,YML129C,0,2.8332736,0.20626431703567505,0.75,0.31421372294425964
YGL258W-A,YMR105C,0,2.8330023,0.20621180534362793,0.75,0.31431451439857483
YPR133C,YCL045C,0,2.832981,0.2061593234539032,0.75,0.3144153356552124
YGR031C-A,YER145C,0,2.8327773,0.20610687136650085,0.75,0.3145161271095276
YGR169C,YEL056W,0,2.832753,0.2060544341802597,0.75,0.31461694836616516
YHR044C,YDR011W,0,2.832042,0.20600204169750214,0.75,0.31471773982048035
YDL116W,YDL021W,0,2.8318093,0.20594966411590576,0.75,0.3148185610771179
YOL052C,YOR246C,0,2.8311758,0.20589730143547058,0.75,0.3149193525314331
YGL012W,YNL054W-A,0,2.8310711,0.20584498345851898,0.75,0.3150201737880707
YNL181W,YLR438C-A,0,2.8306022,0.20579268038272858,0.75,0.31512096524238586
YGL204C,YHR075C,0,2.8305364,0.20574040710926056,0.75,0.31522178649902344
YDR092W,YDR131C,0,2.8302395,0.20568816363811493,0.75,0.3153225779533386
YIL009W,YBR058C-A,0,2.8300817,0.2056359499692917,0.75,0.3154233992099762
YIL166C,YPR170W-B,0,2.8299987,0.20558375120162964,0.75,0.3155241906642914
YBL091C-A,YLR078C,0,2.829682,0.20553159713745117,0.75,0.31562501192092896
YDL168W,YOR153W,0,2.82951,0.2054794579744339,0.75,0.31572580337524414
YKL053C-A,YOL047C,0,2.8294914,0.20542733371257782,0.75,0.3158266246318817
YPL175W,YBL078C,0,2.828694,0.20537525415420532,0.75,0.3159274160861969
YDR062W,YIL156W-B,0,2.8285687,0.20532318949699402,0.75,0.3160282373428345
YGL204C,YDR177W,0,2.8275642,0.2052711546421051,0.75,0.31612902879714966
YDR381C-A,YMR227C,0,2.8275046,0.20521914958953857,0.75,0.31622985005378723
YGL171W,YPL097W,0,2.8274481,0.20516717433929443,0.75,0.3163306415081024
YLR109W,YOR367W,0,2.8274033,0.2051152139902115,0.75,0.31643146276474
YGR125W,YIR032C,0,2.8271306,0.20506329834461212,0.75,0.3165322542190552
YPR170W-B,YPR065W,0,2.8270183,0.20501138269901276,0.75,0.31663307547569275
YNL058C,YGR143W,0,2.8267386,0.20495951175689697,0.75,0.31673386693000793
YJR058C,YGR229C,0,2.8266838,0.20490767061710358,0.75,0.3168346881866455
YDR306C,YCR065W,0,2.8260524,0.20485584437847137,0.75,0.3169354796409607
YDR524C-B,YDR092W,0,2.825746,0.20480404794216156,0.75,0.31703630089759827
YGR031C-A,YGR288W,0,2.8257427,0.20475228130817413,0.75,0.31713709235191345
YPR030W,YIL156W-B,0,2.8256872,0.2047005295753479,0.75,0.317237913608551
YBL069W,YMR319C,0,2.8256824,0.20464880764484406,0.75,0.3173387050628662
YDR506C,YNL151C,0,2.825256,0.2045971155166626,0.75,0.3174395263195038
YDR273W,YBL091C-A,0,2.825136,0.20454545319080353,0.75,0.31754031777381897
YER051W,YJL186W,0,2.8249748,0.20449382066726685,0.75,0.31764113903045654
YHR156C,YBL107C,0,2.8247464,0.20444220304489136,0.75,0.31774193048477173
YGR194C,YER140W,0,2.8246253,0.20439061522483826,0.75,0.3178427517414093
YEL005C,YGR256W,0,2.8244584,0.20433905720710754,0.75,0.3179435431957245
YKL018W,YGR260W,0,2.824165,0.20428751409053802,0.75,0.31804436445236206
YOR137C,YIL156W-B,0,2.8238971,0.2042360007762909,0.75,0.31814515590667725
YML130C,YGL258W-A,0,2.8234546,0.20418451726436615,0.75,0.3182459771633148
YJR117W,YEL031W,0,2.823428,0.2041330635547638,0.75,0.31834676861763
YGL194C-A,YLL012W,0,2.8231804,0.20408163964748383,0.75,0.3184475898742676
YPR111W,YOR020W-A,0,2.8227344,0.20403023064136505,0.75,0.31854838132858276
YFL011W-A,YBR070C,0,2.8223178,0.20397885143756866,0.75,0.31864920258522034
YOR142W-A,YGL231C,0,2.822274,0.20392748713493347,0.75,0.3187499940395355
YGR231C,YOL027C,1,2.8222678,0.20412786304950714,0.7509258985519409,0.3187499940395355
YBR091C,YMR165C,0,2.821864,0.20407649874687195,0.7509258985519409,0.3188508152961731
YNL284C-A,YLR350W,0,2.821774,0.20402516424655914,0.7509258985519409,0.3189516067504883
YER041W,YDR495C,0,2.8216584,0.20397384464740753,0.7509258985519409,0.31905242800712585
YGL194C-A,YMR135C,0,2.8214343,0.2039225548505783,0.7509258985519409,0.31915321946144104
YLR426W,YBL095W,1,2.8206348,0.20412267744541168,0.7518518567085266,0.31915321946144104
YGR249W,YBL108C-A,0,2.8205698,0.20407137274742126,0.7518518567085266,0.3192540407180786
YHR074W,YIL156W-B,0,2.8205168,0.20402009785175323,0.7518518567085266,0.3193548321723938
YDL003W,YBL078C,0,2.820224,0.2039688527584076,0.7518518567085266,0.31945565342903137
YIL137C,YOL158C,0,2.8201065,0.20391762256622314,0.7518518567085266,0.31955644488334656
YLR396C,YPR192W,0,2.820066,0.20386643707752228,0.7518518567085266,0.31965726613998413
YDR086C,YCL027C-A,0,2.8196485,0.2038152664899826,0.7518518567085266,0.3197580575942993
YDR500C,YDR474C,0,2.8193965,0.20376411080360413,0.7518518567085266,0.3198588788509369
YML045W-A,YBR048W,0,2.81931,0.20371299982070923,0.7518518567085266,0.3199596703052521
YPL132W,YOR109W,0,2.8192213,0.20366190373897552,0.7518518567085266,0.32006049156188965
YHR116W,YLR247C,0,2.8183467,0.2036108374595642,0.7518518567085266,0.32016128301620483
YDR459C,YKL023W,0,2.8183367,0.2035597860813141,0.7518518567085266,0.3202621042728424
YNL284C-A,YHR198C,0,2.8179672,0.20350876450538635,0.7518518567085266,0.3203628957271576
YOL030W,YMR083W,0,2.81792,0.203457772731781,0.7518518567085266,0.32046371698379517
YNL308C,YER185W,0,2.8178399,0.20340681076049805,0.7518518567085266,0.32056450843811035
YBR060C,YPL096C-A,0,2.817762,0.20335587859153748,0.7518518567085266,0.3206653296947479
YGR031C-A,YBL063W,0,2.8177006,0.2033049613237381,0.7518518567085266,0.3207661211490631
YMR311C,YOL077W-A,0,2.8174555,0.2032540738582611,0.7518518567085266,0.3208669424057007
YGL046W,YGR240C,0,2.8168738,0.2032032012939453,0.7518518567085266,0.32096773386001587
YNL185C,YML081W,0,2.8165824,0.2031523585319519,0.7518518567085266,0.32106855511665344
YJR006W,YPL052W-A,0,2.8161526,0.20310154557228088,0.7518518567085266,0.32116934657096863
YHL017W,YPR020W,0,2.8159533,0.20305076241493225,0.7518518567085266,0.3212701678276062
YOR173W,YHR111W,0,2.815825,0.2029999941587448,0.7518518567085266,0.3213709592819214
YPL042C,YOL100W,0,2.8157976,0.20294925570487976,0.7518518567085266,0.32147178053855896
YFL040W,YOR259C,0,2.81579,0.2028985470533371,0.7518518567085266,0.32157257199287415
YDR524C-B,YGL194C-A,0,2.8156092,0.20284786820411682,0.7518518567085266,0.3216733932495117
YDL134C-A,YGR071C,0,2.8151085,0.20279720425605774,0.7518518567085266,0.3217741847038269
YDR438W,YGR101W,1,2.8149903,0.20299625396728516,0.7527777552604675,0.3217741847038269
YJR141W,YLR337W,0,2.814795,0.20294557511806488,0.7527777552604675,0.3218750059604645
YNL180C,YHR214W,0,2.8144462,0.20289494097232819,0.7527777552604675,0.32197579741477966
YGR169C,YJL127C-A,0,2.8144457,0.2028443068265915,0.7527777552604675,0.32207661867141724
YKL173W,YLR053C,0,2.8143551,0.20279371738433838,0.7527777552604675,0.3221774101257324
YAR010C,YOL163W,0,2.8141367,0.20274314284324646,0.7527777552604675,0.32227823138237
YGR027W-A,YOL040C,0,2.8141074,0.20269259810447693,0.7527777552604675,0.3223790228366852
YOR066W,YPR116W,0,2.8137758,0.2026420682668686,0.7527777552604675,0.32247984409332275
YOL088C,YJL127C-A,0,2.8136756,0.20259158313274384,0.7527777552604675,0.32258063554763794
YHR199C-A,YNL055C,0,2.8136127,0.20254111289978027,0.7527777552604675,0.3226814568042755
YPR111W,YGL240W,0,2.8134937,0.2024906575679779,0.7527777552604675,0.3227822482585907
YHR156C,YHR194W,0,2.8129952,0.20244023203849792,0.7527777552604675,0.32288306951522827
YBR196C-A,YDR207C,0,2.8126385,0.20238983631134033,0.7527777552604675,0.32298386096954346
YPR045C,YOR109W,0,2.8125575,0.20233947038650513,0.7527777552604675,0.32308468222618103
YFL040W,YFL009W,0,2.8125432,0.20228911936283112,0.7527777552604675,0.3231854736804962
YFL002W-A,YML075C,0,2.8119228,0.20223881304264069,0.7527777552604675,0.3232862949371338
YGR027W-A,YEL031W,0,2.8116732,0.20218850672245026,0.7527777552604675,0.323387086391449
YBR196C-A,YGR143W,0,2.8111215,0.2021382451057434,0.7527777552604675,0.32348790764808655
YHL017W,YCL058W-A,0,2.8108246,0.20208799839019775,0.7527777552604675,0.32358869910240173
YPR140W,YKL135C,0,2.8104413,0.2020377665758133,0.7527777552604675,0.3236895203590393
YMR041C,YOL082W,0,2.8104064,0.20198757946491241,0.7527777552604675,0.3237903118133545
YAR042W,YBL101W-A,0,2.8099844,0.20193740725517273,0.7527777552604675,0.32389113306999207
YNL310C,YOR147W,1,2.8099172,0.2021355777978897,0.7537037134170532,0.32389113306999207
YPL248C,YMR298W,0,2.8096268,0.20208540558815002,0.7537037134170532,0.32399192452430725
YDR332W,YPR137C-A,0,2.8094614,0.20203524827957153,0.7537037134170532,0.3240927457809448
YJL183W,YPR170W-B,0,2.809418,0.20198510587215424,0.7537037134170532,0.32419353723526
YJR126C,YCL045C,0,2.8090537,0.20193500816822052,0.7537037134170532,0.3242943584918976
YOL095C,YBL099W,1,2.808963,0.2021329402923584,0.7546296119689941,0.3242943584918976
YBL101W-A,YMR219W,0,2.8088686,0.2020828127861023,0.7546296119689941,0.32439514994621277
YIL170W,YPR091C,0,2.8088245,0.20203271508216858,0.7546296119689941,0.32449597120285034
YLR139C,YCR101C,0,2.8088048,0.20198264718055725,0.7546296119689941,0.3245967626571655
YGR031C-A,YEL069C,0,2.8086343,0.2019326090812683,0.7546296119689941,0.3246975839138031
YMR166C,YOR045W,1,2.8078644,0.2021302878856659,0.7555555701255798,0.3246975839138031
YJL133C-A,YJL112W,1,2.8077357,0.2023278921842575,0.7564814686775208,0.3246975839138031
YOR173W,YBL066C,0,2.807723,0.2022777944803238,0.7564814686775208,0.3247983753681183
YPL250C,YGL079W,0,2.8076584,0.20222772657871246,0.7564814686775208,0.32489919662475586
YAR010C,YBR196C,0,2.8070757,0.20217767357826233,0.7564814686775208,0.32499998807907104
YFL052W,YML101C,0,2.807047,0.20212766528129578,0.7564814686775208,0.3251008093357086
YGR031C-A,YDR419W,0,2.80701,0.20207767188549042,0.7564814686775208,0.3252016007900238
YGR031C-A,YGR133W,0,2.8065913,0.20202769339084625,0.7564814686775208,0.3253024220466614
YML013W,YLR053C,0,2.8058934,0.20197774469852448,0.7564814686775208,0.32540321350097656
YKR071C,YMR071C,0,2.8053653,0.20192782580852509,0.7564814686775208,0.32550403475761414
YNL255C,YIL156W-B,0,2.804869,0.20187793672084808,0.7564814686775208,0.3256048262119293
YPR030W,YDR257C,0,2.8045192,0.20182806253433228,0.7564814686775208,0.3257056474685669
YKR039W,YHR198C,0,2.803845,0.20177821815013885,0.7564814686775208,0.3258064389228821
YPR187W,YJR024C,0,2.8037817,0.20172838866710663,0.7564814686775208,0.32590726017951965
YNL284C-A,YKL138C,0,2.8037794,0.20167860388755798,0.7564814686775208,0.32600805163383484
YGR027W-A,YML087C,0,2.803457,0.20162881910800934,0.7564814686775208,0.3261088728904724
YDL017W,YPL132W,0,2.8034363,0.20157907903194427,0.7564814686775208,0.3262096643447876
YLL049W,YJR120W,0,2.8033864,0.2015293538570404,0.7564814686775208,0.32631048560142517
YDR523C,YGR207C,0,2.8032532,0.20147965848445892,0.7564814686775208,0.32641127705574036
YMR135C,YDL200C,0,2.8031595,0.20142997801303864,0.7564814686775208,0.32651209831237793
YKL212W,YJL133C-A,1,2.8028991,0.20162682235240936,0.7574074268341064,0.32651209831237793
YAL067C,YOR246C,0,2.8024561,0.20157712697982788,0.7574074268341064,0.3266128897666931
YOR311C,YKL157W,0,2.8016303,0.20152747631072998,0.7574074268341064,0.3267137110233307
YGR031C-A,YJL103C,0,2.8009965,0.20147782564163208,0.7574074268341064,0.3268145024776459
YGR033C,YOR020W-A,1,2.8008153,0.2016744613647461,0.7583333253860474,0.3268145024776459
YLR355C,YDR538W,0,2.8005292,0.2016248106956482,0.7583333253860474,0.32691532373428345
YOR176W,YGR033C,1,2.7999856,0.20182131230831146,0.7592592835426331,0.32691532373428345
YLR440C,YNL306W,0,2.7999756,0.20177164673805237,0.7592592835426331,0.32701611518859863
YDL072C,YJR006W,0,2.7993484,0.20172201097011566,0.7592592835426331,0.3271169364452362
YGL204C,YCR089W,0,2.7989345,0.20167240500450134,0.7592592835426331,0.3272177278995514
YDR524C-B,YGR207C,0,2.7987227,0.20162281394004822,0.7592592835426331,0.32731854915618896
YNL301C,YGR031C-A,0,2.7983267,0.20157325267791748,0.7592592835426331,0.32741934061050415
YAL067C,YAL038W,0,2.7982533,0.20152372121810913,0.7592592835426331,0.3275201618671417
YPL227C,YOR020W-A,0,2.797988,0.20147420465946198,0.7592592835426331,0.3276209533214569
YBR112C,YLR157C-A,0,2.7977881,0.2014247179031372,0.7592592835426331,0.3277217745780945
YOR142W-A,YGR133W,0,2.797727,0.20137524604797363,0.7592592835426331,0.32782256603240967
YDR457W,YML045W-A,0,2.7968104,0.20132580399513245,0.7592592835426331,0.32792338728904724
YDR427W,YCR101C,0,2.7967045,0.20127639174461365,0.7592592835426331,0.3280241787433624
YCL062W,YGR112W,0,2.7964704,0.20122699439525604,0.7592592835426331,0.328125
YML075C,YKL081W,0,2.795771,0.20117762684822083,0.7592592835426331,0.3282258212566376
YGR027C,YKL033W-A,0,2.7956612,0.2011282742023468,0.7592592835426331,0.32832661271095276
YDR508C,YBR150C,1,2.7956212,0.20132417976856232,0.760185182094574,0.32832661271095276
YCR065W,YNL055C,0,2.7955835,0.2012748271226883,0.760185182094574,0.32842743396759033
YIL156W-B,YMR010W,0,2.7954924,0.20122548937797546,0.760185182094574,0.3285282254219055
YOL023W,YDR244W,0,2.795285,0.20117618143558502,0.760185182094574,0.3286290466785431
YDL183C,YOR153W,0,2.7952673,0.20112690329551697,0.760185182094574,0.3287298381328583
YER014C-A,YGL079W,0,2.7950177,0.2010776400566101,0.760185182094574,0.32883065938949585
YFR009W,YGR125W,0,2.7948465,0.20102840662002563,0.760185182094574,0.32893145084381104
YOR088W,YBR016W,0,2.7948318,0.20097918808460236,0.760185182094574,0.3290322721004486
YPL096C-A,YNL181W,0,2.7944655,0.20092999935150146,0.760185182094574,0.3291330635547638
YDR134C,YCL017C,0,2.7942803,0.20088084042072296,0.760185182094574,0.32923388481140137
YJL127C-A,YIL155C,1,2.793831,0.20107631385326385,0.7611111402511597,0.32923388481140137
YDL107W,YJL161W,1,2.7935092,0.20127169787883759,0.7620370388031006,0.32923388481140137
YER163C,YBR070C,0,2.793135,0.2012224942445755,0.7620370388031006,0.32933467626571655
YKL049C,YJL160C,0,2.7929034,0.2011733055114746,0.7620370388031006,0.3294354975223541
YER163C,YOR091W,0,2.792637,0.2011241465806961,0.7620370388031006,0.3295362889766693
YLR442C,YIL043C,0,2.792527,0.2010750025510788,0.7620370388031006,0.3296371102333069
YDR365W-A,YPR110C,0,2.7925131,0.20102588832378387,0.7620370388031006,0.32973790168762207
YPL167C,YPL236C,0,2.7925038,0.20097680389881134,0.7620370388031006,0.32983872294425964
YJR141W,YGL046W,0,2.7921002,0.200927734375,0.7620370388031006,0.32993951439857483
YMR122W-A,YDR452W,0,2.792083,0.20087869465351105,0.7620370388031006,0.3300403356552124
YPR140W,YDR466W,0,2.79162,0.2008296698331833,0.7620370388031006,0.3301411271095276
YNR049C,YPL249C-A,0,2.7913508,0.20078067481517792,0.7620370388031006,0.33024194836616516
YFR039C,YBL101W-A,0,2.791157,0.20073170959949493,0.7620370388031006,0.33034273982048035
YKL194C,YDL056W,0,2.7911394,0.20068275928497314,0.7620370388031006,0.3304435610771179
YDR125C,YLR053C,0,2.7909396,0.20063383877277374,0.7620370388031006,0.3305443525314331
YBR287W,YOR373W,0,2.790538,0.20058493316173553,0.7620370388031006,0.3306451737880707
YGR122W,YDR292C,0,2.7905133,0.20053605735301971,0.7620370388031006,0.33074596524238586
YPL234C,YJR116W,0,2.7904112,0.20048721134662628,0.7620370388031006,0.33084678649902344
YLR143W,YNL063W,0,2.7902544,0.20043838024139404,0.7620370388031006,0.3309475779533386
YLR446W,YDL183C,0,2.7902355,0.2003895789384842,0.7620370388031006,0.3310483992099762
YOR088W,YPL158C,0,2.790055,0.20034079253673553,0.7620370388031006,0.3311491906642914
YJL127C-A,YLL005C,0,2.7900517,0.20029203593730927,0.7620370388031006,0.33125001192092896
YPR043W,YDR374W-A,0,2.7897768,0.20024330914020538,0.7620370388031006,0.33135080337524414
YGL194C-A,YFL044C,0,2.7897131,0.2001945972442627,0.7620370388031006,0.3314516246318817
YGR031C-A,YOR037W,0,2.789423,0.2001459151506424,0.7620370388031006,0.3315524160861969
YOR343W-B,YAL061W,0,2.7890775,0.2000972479581833,0.7620370388031006,0.3316532373428345
YPL023C,YDL190C,0,2.7889168,0.20004861056804657,0.7620370388031006,0.33175402879714966
YPR158C-C,YOR257W,0,2.7886796,0.20000000298023224,0.7620370388031006,0.33185485005378723
YNL059C,YBR196C-A,0,2.7885988,0.1999514102935791,0.7620370388031006,0.3319556415081024
YAR002C-A,YGL254W,0,2.7883635,0.19990284740924835,0.7620370388031006,0.33205646276474
YHR135C,YPR125W,1,2.7881033,0.20009712874889374,0.7629629373550415,0.33205646276474
YOR365C,YCR038C,0,2.7876866,0.2000485509634018,0.7629629373550415,0.3321572542190552
YGR192C,YHR214W,0,2.7873993,0.20000000298023224,0.7629629373550415,0.33225807547569275
YJR099W,YPL059W,0,2.7871668,0.19995146989822388,0.7629629373550415,0.33235886693000793
YKL010C,YOL158C,0,2.7869625,0.1999029666185379,0.7629629373550415,0.3324596881866455
YBR104W,YML048W,1,2.7868426,0.2000970095396042,0.7638888955116272,0.3324596881866455
YFL028C,YEL027W,0,2.7867837,0.20004849135875702,0.7638888955116272,0.3325604796409607
YLR258W,YDR014W-A,0,2.7866254,0.20000000298023224,0.7638888955116272,0.33266130089759827
YNL294C,YAL030W,0,2.7862766,0.19995152950286865,0.7638888955116272,0.33276209235191345
YDR365W-A,YGL126W,0,2.7862442,0.19990307092666626,0.7638888955116272,0.332862913608551
YLR061W,YGL046W,0,2.7860434,0.19985465705394745,0.7638888955116272,0.3329637050628662
YER014C-A,YPR137C-A,0,2.7857077,0.19980624318122864,0.7638888955116272,0.3330645263195038
YHR016C,YLR418C,0,2.7853622,0.1997578740119934,0.7638888955116272,0.33316531777381897
YLR426W,YBL101W-A,0,2.7848055,0.19970951974391937,0.7638888955116272,0.33326613903045654
YFR009W,YBR196C-A,0,2.784489,0.19966118037700653,0.7638888955116272,0.33336693048477173
YDR524C-B,YOR197W,0,2.7837672,0.19961287081241608,0.7638888955116272,0.3334677517414093
YDR365W-A,YGL171W,0,2.7834628,0.199564591050148,0.7638888955116272,0.3335685431957245
YBL101W-A,YDR221W,0,2.7832954,0.19951632618904114,0.7638888955116272,0.33366936445236206
YGR238C,YBR016W,0,2.7829075,0.19946809113025665,0.7638888955116272,0.33377015590667725
YDR294C,YMR109W,0,2.782471,0.19941987097263336,0.7638888955116272,0.3338709771633148
YNL054W-A,YNR049C,0,2.7823164,0.19937168061733246,0.7638888955116272,0.33397176861763
YNL284C-A,YPR113W,0,2.7821727,0.19932350516319275,0.7638888955116272,0.3340725898742676
YGL254W,YNL284C-A,0,2.7817411,0.19927535951137543,0.7638888955116272,0.33417338132858276
YNL122C,YDR014W-A,0,2.781631,0.1992272436618805,0.7638888955116272,0.33427420258522034
YBL101W-A,YHR059W,0,2.7816193,0.19917914271354675,0.7638888955116272,0.3343749940395355
YMR183C,YJL059W,0,2.7812567,0.1991310715675354,0.7638888955116272,0.3344758152961731
YPR147C,YKL100C,0,2.7809832,0.19908301532268524,0.7638888955116272,0.3345766067504883
YJL056C,YHR212W-A,0,2.7809222,0.19903498888015747,0.7638888955116272,0.33467742800712585
YDR457W,YPR171W,0,2.7808845,0.1989869773387909,0.7638888955116272,0.33477821946144104
YGR027C,YDR404C,0,2.7807882,0.1989389955997467,0.7638888955116272,0.3348790407180786
YNL126W,YOR343W-B,0,2.7807608,0.1988910287618637,0.7638888955116272,0.3349798321723938
YFL010W-A,YCL017C,0,2.7806113,0.1988430917263031,0.7638888955116272,0.33508065342903137
YGR031C-A,YDL003W,0,2.780391,0.19879518449306488,0.7638888955116272,0.33518144488334656
YPL270W,YOR089C,1,2.7803473,0.1989881992340088,0.7648147940635681,0.33518144488334656
YDR365W-A,YFR036W,0,2.7803178,0.19894027709960938,0.7648147940635681,0.33528226613998413
YDR365W-A,YJR054W,0,2.7801974,0.19889236986637115,0.7648147940635681,0.3353830575942993
YLR436C,YPR103W,0,2.7793777,0.19884449243545532,0.7648147940635681,0.3354838788509369
YGR031C-A,YBL066C,0,2.7793095,0.19879662990570068,0.7648147940635681,0.3355846703052521
YPR158C-C,YHR059W,0,2.7788174,0.19874879717826843,0.7648147940635681,0.33568549156188965
YMR018W,YFL028C,0,2.7786868,0.19870097935199738,0.7648147940635681,0.33578628301620483
YDR457W,YOL052C,0,2.7786467,0.1986531913280487,0.7648147940635681,0.3358871042728424
YBR083W,YLR227W-A,0,2.7782354,0.19860543310642242,0.7648147940635681,0.3359878957271576
YLR227W-A,YHR179W,0,2.7782323,0.19855768978595734,0.7648147940635681,0.33608871698379517
YJL180C,YLR398C,0,2.7781546,0.19850997626781464,0.7648147940635681,0.33618950843811035
YMR182C,YHR212W-A,0,2.7781456,0.19846227765083313,0.7648147940635681,0.3362903296947479
YDR261W-B,YEL068C,0,2.778126,0.198414608836174,0.7648147940635681,0.3363911211490631
YOR365C,YFL040W,0,2.778105,0.1983669549226761,0.7648147940635681,0.3364919424057007
YJR117W,YBL101W-A,0,2.7778575,0.19831933081150055,0.7648147940635681,0.33659273386001587
YDR524C-B,YBR192W,0,2.7775562,0.1982717216014862,0.7648147940635681,0.33669355511665344
YDR021W,YHR212W-A,0,2.77755,0.19822414219379425,0.7648147940635681,0.33679434657096863
YKR056W,YHR212W-A,0,2.7773626,0.1981765776872635,0.7648147940635681,0.3368951678276062
YDR282C,YHR212W-A,0,2.7772706,0.19812904298305511,0.7648147940635681,0.3369959592819214
YJL109C,YGR038W,0,2.7771127,0.19808153808116913,0.7648147940635681,0.33709678053855896
YOR388C,YOR020W-A,0,2.7769518,0.19803404808044434,0.7648147940635681,0.33719757199287415
YBR058C-A,YBL005W-A,0,2.7768767,0.19798657298088074,0.7648147940635681,0.3372983932495117
YBL101W-A,YDR386W,0,2.776783,0.19793912768363953,0.7648147940635681,0.3373991847038269
YML045W-A,YIL156W-B,0,2.7766602,0.1978917121887207,0.7648147940635681,0.3375000059604645
YLR301W,YBR196C-A,0,2.776636,0.19784431159496307,0.7648147940635681,0.33760079741477966
YBL101W-A,YHR194W,0,2.7765956,0.19779694080352783,0.7648147940635681,0.33770161867141724
YBR021W,YHR212W-A,0,2.776458,0.19774958491325378,0.7648147940635681,0.3378024101257324
YML045W-A,YPL053C,0,2.7763195,0.19770224392414093,0.7648147940635681,0.33790323138237
YGL210W,YHR212W-A,0,2.776209,0.19765494763851166,0.7648147940635681,0.3380040228366852
YPL264C,YLR452C,0,2.776155,0.19760765135288239,0.7648147940635681,0.33810484409332275
YJL062W-A,YBR085W,1,2.7761438,0.19779956340789795,0.7657407522201538,0.33810484409332275
YML123C,YOR355W,0,2.7760236,0.19775226712226868,0.7657407522201538,0.33820563554763794
YBR196C-A,YLR315W,0,2.775952,0.1977050006389618,0.7657407522201538,0.3383064568042755
YDR306C,YHR212W-A,0,2.775854,0.1976577490568161,0.7657407522201538,0.3384072482585907
YHL017W,YHR212W-A,0,2.7756805,0.1976105123758316,0.7657407522201538,0.33850806951522827
YCR027C,YHR212W-A,0,2.7753541,0.1975633054971695,0.7657407522201538,0.33860886096954346
YGL254W,YDR304C,0,2.7753212,0.19751612842082977,0.7657407522201538,0.33870968222618103
YDR459C,YGL079W,0,2.7752945,0.19746896624565125,0.7657407522201538,0.3388104736804962
YMR163C,YJL037W,0,2.775187,0.1974218189716339,0.7657407522201538,0.3389112949371338
YHR212W-A,YHR088W,0,2.7751555,0.19737470149993896,0.7657407522201538,0.339012086391449
YAR070W-A,YPL031C,0,2.7750995,0.1973276138305664,0.7657407522201538,0.33911290764808655
YAR070W-A,YGR144W,0,2.7750995,0.19728054106235504,0.7657407522201538,0.33921369910240173
YBL101W-A,YIL156W-B,0,2.7750995,0.19723348319530487,0.7657407522201538,0.3393145203590393
YDR261W-B,YCR058C,0,2.7750995,0.1971864551305771,0.7657407522201538,0.3394153118133545
YGR109W-B,YOL053C-A,0,2.7750995,0.1971394568681717,0.7657407522201538,0.33951613306999207
YFL002W-A,YCR055C,0,2.7750995,0.1970924735069275,0.7657407522201538,0.33961692452430725
YFL035C-A,YKL033W-A,0,2.7750995,0.19704550504684448,0.7657407522201538,0.3397177457809448
YAR070W-A,YDR098C,0,2.7750995,0.19699856638908386,0.7657407522201538,0.33981853723526
YPL264C,YCL027C-A,0,2.7750995,0.19695165753364563,0.7657407522201538,0.3399193584918976
YOR088W,YHL009W-A,0,2.7750995,0.1969047635793686,0.7657407522201538,0.34002014994621277
YFL010W-A,YAR070W-A,0,2.7750995,0.19685788452625275,0.7657407522201538,0.34012097120285034
YNL201C,YAR070W-A,0,2.7750995,0.1968110352754593,0.7657407522201538,0.3402217626571655
YJL127C-A,YBL107C,1,2.7750995,0.19700214266777039,0.7666666507720947,0.3402217626571655
YOL053C-A,YMR265C,0,2.7750995,0.19695527851581573,0.7666666507720947,0.3403225839138031
YCL027C-A,YDR134C,0,2.7750995,0.19690844416618347,0.7666666507720947,0.3404233753681183
YCL027C-A,YJR107W,0,2.7750995,0.1968616247177124,0.7666666507720947,0.34052419662475586
YGL204C,YDL134C-A,0,2.7750995,0.19681483507156372,0.7666666507720947,0.34062498807907104
YNL327W,YAR070W-A,0,2.7750995,0.19676806032657623,0.7666666507720947,0.3407258093357086
YJL076W,YAR070W-A,0,2.7750995,0.19672131538391113,0.7666666507720947,0.3408266007900238
YAR070W-A,YNL159C,0,2.7750995,0.19667458534240723,0.7666666507720947,0.3409274220466614
YDL134C-A,YNL181W,0,2.7750995,0.1966278851032257,0.7666666507720947,0.34102821350097656
YJL127C-A,YGR125W,0,2.7750995,0.19658119976520538,0.7666666507720947,0.34112903475761414
YJL127C-A,YHR003C,1,2.7750995,0.19677188992500305,0.7675926089286804,0.34112903475761414
YOL162W,YFL011W-A,0,2.7750995,0.19672520458698273,0.7675926089286804,0.3412298262119293
YGR038C-A,YDR374W-A,0,2.7750995,0.1966785341501236,0.7675926089286804,0.3413306474685669
YLR136C,YAR070W-A,0,2.7750995,0.19663187861442566,0.7675926089286804,0.3414314389228821
YNL284C-A,YBR090C-A,0,2.7750995,0.1965852528810501,0.7675926089286804,0.34153226017951965
YGR031C-A,YAR070W-A,0,2.7750995,0.19653864204883575,0.7675926089286804,0.34163305163383484
YAR070W-A,YEL056W,0,2.7750995,0.1964920610189438,0.7675926089286804,0.3417338728904724
YDL134C-A,YMR018W,0,2.7750995,0.196445494890213,0.7675926089286804,0.3418346643447876
YOL053C-A,YAR010C,0,2.7750995,0.19639895856380463,0.7675926089286804,0.34193548560142517
YJL127C-A,YOR390W,0,2.7750995,0.19635243713855743,0.7675926089286804,0.34203627705574036
YFL035C-A,YEL047C,0,2.7750995,0.19630594551563263,0.7675926089286804,0.34213709831237793
YOL053C-A,YDR034C-D,0,2.7750995,0.19625946879386902,0.7675926089286804,0.3422378897666931
YBR013C,YDL134C-A,0,2.7750995,0.1962130218744278,0.7675926089286804,0.3423387110233307
YNL222W,YBL101W-A,0,2.7750995,0.19616658985614777,0.7675926089286804,0.3424395024776459
YGR295C,YBL091C-A,0,2.774926,0.19612017273902893,0.7675926089286804,0.34254032373428345
YPR137W,YHR212W-A,0,2.7748384,0.19607380032539368,0.7675926089286804,0.34264111518859863
YPR170W-B,YPR137C-A,0,2.7746584,0.19602742791175842,0.7675926089286804,0.3427419364452362
YOR039W,YLR227W-A,0,2.7745738,0.19598108530044556,0.7675926089286804,0.3428427278995514
YDR365W-B,YBR121C,0,2.7745109,0.19593477249145508,0.7675926089286804,0.34294354915618896
YOL080C,YHR079C-B,0,2.7741826,0.1958884745836258,0.7675926089286804,0.34304434061050415
YHR008C,YDR014W-A,0,2.77413,0.1958421915769577,0.7675926089286804,0.3431451618671417
YGR031C-A,YKL089W,0,2.7741292,0.195795938372612,0.7675926089286804,0.3432459533214569
YDR500C,YDR374W-A,0,2.774076,0.1957497000694275,0.7675926089286804,0.3433467745780945
YDR524C-B,YNR056C,0,2.7740662,0.19570349156856537,0.7675926089286804,0.34344756603240967
YDR119W-A,YGR071C,0,2.7740004,0.19565729796886444,0.7675926089286804,0.34354838728904724
YPL024W,YDR014W-A,0,2.7735243,0.1956111341714859,0.7675926089286804,0.3436491787433624
YBR141C,YOL023W,0,2.7733126,0.19556498527526855,0.7675926089286804,0.34375
YIL170W,YLR262C,0,2.7732997,0.1955188661813736,0.7675926089286804,0.3438508212566376
YGL194C-A,YFL052W,0,2.7732277,0.19547276198863983,0.7675926089286804,0.34395161271095276
YCR058C,YML075C,0,2.7731473,0.19542668759822845,0.7675926089286804,0.34405243396759033
YDR373W,YOR035C,0,2.7730057,0.19538062810897827,0.7675926089286804,0.3441532254219055
YOR336W,YDR014W-A,0,2.772876,0.19533458352088928,0.7675926089286804,0.3442540466785431
YLR396C,YER017C,0,2.7727253,0.19528856873512268,0.7675926089286804,0.3443548381328583
YMR010W,YLR337W,0,2.7726533,0.19524258375167847,0.7675926089286804,0.34445565938949585
YIL006W,YMR194C-B,1,2.772561,0.19543206691741943,0.7685185074806213,0.34445565938949585
YDR012W,YHR212W-A,0,2.7725084,0.19538606703281403,0.7685185074806213,0.34455645084381104
YOR257W,YHR212W-A,0,2.7725036,0.1953400820493698,0.7685185074806213,0.3446572721004486
YLR390W-A,YNL201C,0,2.7724774,0.1952941119670868,0.7685185074806213,0.3447580635547638
YDR365W-A,YPR170W-B,0,2.7723353,0.19524817168712616,0.7685185074806213,0.34485888481140137
YKL084W,YPR011C,1,2.7722466,0.1954374462366104,0.769444465637207,0.34485888481140137
YGR031C-A,YLR053C,0,2.7721186,0.1953914910554886,0.769444465637207,0.34495967626571655
YIL170W,YOR014W,0,2.7720788,0.19534555077552795,0.769444465637207,0.3450604975223541
YOR142W-A,YPR097W,0,2.7719965,0.1952996402978897,0.769444465637207,0.3451612889766693
YOR311C,YPR166C,0,2.7719052,0.19525375962257385,0.769444465637207,0.3452621102333069
YBR090C-A,YDR144C,0,2.771784,0.1952078938484192,0.769444465637207,0.34536290168762207
YDR506C,YLR234W,0,2.7715833,0.19516204297542572,0.769444465637207,0.34546372294425964
YDR425W,YNL284C-A,0,2.771394,0.19511622190475464,0.769444465637207,0.34556451439857483
YKR056W,YBL101W-A,0,2.7713516,0.19507041573524475,0.769444465637207,0.3456653356552124
YDR374W-A,YAL063C,0,2.771288,0.19502463936805725,0.769444465637207,0.3457661271095276
YNL258C,YLR350W,0,2.7712755,0.19497887790203094,0.769444465637207,0.34586694836616516
YHR212W-A,YNR006W,0,2.7712405,0.19493314623832703,0.769444465637207,0.34596773982048035
YOR343W-B,YBL051C,0,2.7712066,0.1948874294757843,0.769444465637207,0.3460685610771179
YFL057C,YNL308C,0,2.771139,0.19484172761440277,0.769444465637207,0.3461693525314331
YNL054W-A,YMR219W,0,2.7710917,0.19479605555534363,0.769444465637207,0.3462701737880707
YNL317W,YCL058W-A,0,2.770664,0.19475041329860687,0.769444465637207,0.34637096524238586
YNL083W,YPR199C,0,2.7705433,0.1947047859430313,0.769444465637207,0.34647178649902344
YHL046C,YDL134C-A,0,2.7704775,0.19465917348861694,0.769444465637207,0.3465725779533386
YGR125W,YMR218C,0,2.7704334,0.19461357593536377,0.769444465637207,0.3466733992099762
YPR158W-B,YGL258W-A,0,2.7700408,0.19456802308559418,0.769444465637207,0.3467741906642914
YKL151C,YDL126C,0,2.769955,0.19452247023582458,0.769444465637207,0.34687501192092896
YPL023C,YGL204C,0,2.769935,0.19447694718837738,0.769444465637207,0.34697580337524414
YER179W,YDR057W,0,2.769642,0.19443143904209137,0.769444465637207,0.3470766246318817
YGR256W,YDR419W,0,2.7693822,0.19438596069812775,0.769444465637207,0.3471774160861969
YJL108C,YGR122W,0,2.769169,0.1943405121564865,0.769444465637207,0.3472782373428345
YFL028C,YDL206W,0,2.7690704,0.19429506361484528,0.769444465637207,0.34737902879714966
YGL258W-A,YMR182C,0,2.7690163,0.19424964487552643,0.769444465637207,0.34747985005378723
YNL206C,YGL258W-A,0,2.7688613,0.19420425593852997,0.769444465637207,0.3475806415081024
YDR524C-B,YJL101C,0,2.768758,0.1941588819026947,0.769444465637207,0.34768146276474
YBR241C,YHR212W-A,0,2.7686212,0.19411352276802063,0.769444465637207,0.3477822542190552
YPR081C,YGR016W,0,2.768551,0.19406819343566895,0.769444465637207,0.34788307547569275
YLR446W,YDL216C,0,2.76851,0.19402287900447845,0.769444465637207,0.34798386693000793
YNL054W-A,YGL232W,0,2.7682743,0.19397759437561035,0.769444465637207,0.3480846881866455
YGL257C,YLR193C,0,2.7682054,0.19393232464790344,0.769444465637207,0.3481854796409607
YBR095C,YMR071C,0,2.768103,0.19388706982135773,0.769444465637207,0.34828630089759827
YHR005C-A,YHL046C,0,2.767967,0.1938418447971344,0.769444465637207,0.34838709235191345
YDR393W,YMR098C,1,2.7679665,0.19402985274791718,0.770370364189148,0.34838709235191345
YER078C,YNR052C,0,2.7678702,0.19398461282253265,0.770370364189148,0.348487913608551
YDR381C-A,YLR315W,0,2.767826,0.19393938779830933,0.770370364189148,0.3485887050628662
YML026C,YHR075C,0,2.767614,0.1938941925764084,0.770370364189148,0.3486895263195038
YBR192W,YPR137C-A,0,2.7675564,0.19384902715682983,0.770370364189148,0.34879031777381897
YPL274W,YOR061W,0,2.7674797,0.19380386173725128,0.770370364189148,0.34889113903045654
YDL116W,YBL101W-A,0,2.767454,0.19375872611999512,0.770370364189148,0.34899193048477173
YPL115C,YOR020W-A,0,2.7673695,0.19371362030506134,0.770370364189148,0.3490927517414093
YKL065W-A,YGR161C-D,0,2.7672884,0.19366852939128876,0.770370364189148,0.3491935431957245
YNR038W,YBL101W-A,0,2.7672298,0.19362345337867737,0.770370364189148,0.34929436445236206
YOR020W-A,YDR034C-C,0,2.767197,0.19357840716838837,0.770370364189148,0.34939515590667725
YOR365C,YCR058C,0,2.767168,0.19353337585926056,0.770370364189148,0.3494959771633148
YOR142W-A,YLR357W,0,2.7669587,0.19348837435245514,0.770370364189148,0.34959676861763
YBR241C,YHR199C-A,0,2.7667472,0.1934433877468109,0.770370364189148,0.3496975898742676
YKL081W,YFR042W,0,2.7665646,0.19339841604232788,0.770370364189148,0.34979838132858276
YFL010W-A,YOR212W,0,2.7664878,0.19335347414016724,0.770370364189148,0.34989920258522034
YIL033C,YHR212W-A,0,2.7664673,0.19330854713916779,0.770370364189148,0.3499999940395355
YOL077W-A,YGR240C,1,2.766377,0.19349592924118042,0.7712963223457336,0.3499999940395355
YDR011W,YNL284C-A,0,2.7661598,0.19345100224018097,0.7712963223457336,0.3501008152961731
YKL065W-A,YLR157C-A,0,2.7660172,0.1934060901403427,0.7712963223457336,0.3502016067504883
YGR178C,YDR014W-A,0,2.765594,0.19336119294166565,0.7712963223457336,0.35030242800712585
YIL095W,YBR196C-A,0,2.7655568,0.19331631064414978,0.7712963223457336,0.35040321946144104
YOR373W,YDR014W-A,0,2.7654521,0.1932714581489563,0.7712963223457336,0.3505040407180786
YGR220C,YER166W,0,2.7653644,0.1932266354560852,0.7712963223457336,0.3506048321723938
YCL031C,YPR113W,0,2.765258,0.1931818127632141,0.7712963223457336,0.35070565342903137
YGR031C-A,YMR276W,0,2.7650883,0.1931370347738266,0.7712963223457336,0.35080644488334656
YNL284C-A,YDR472W,0,2.764539,0.1930922567844391,0.7712963223457336,0.35090726613998413
YGR031C-A,YLR438C-A,0,2.7643323,0.19304750859737396,0.7712963223457336,0.3510080575942993
YLR042C,YFR016C,0,2.7642624,0.19300277531147003,0.7712963223457336,0.3511088788509369
YBL101W-A,YOR109W,0,2.764153,0.1929580718278885,0.7712963223457336,0.3512096703052521
YLR147C,YPR170W-B,0,2.7641366,0.19291338324546814,0.7712963223457336,0.35131049156188965
YBL040C,YBL101W-A,0,2.7640483,0.19286872446537018,0.7712963223457336,0.35141128301620483
YGR031C-A,YBR083W,0,2.7640457,0.1928240805864334,0.7712963223457336,0.3515121042728424
YLR157C-A,YBL108C-A,0,2.7637112,0.19277945160865784,0.7712963223457336,0.3516128957271576
YLR385C,YDR119W-A,0,2.7635481,0.19273483753204346,0.7712963223457336,0.35171371698379517
YAR008W,YOR232W,1,2.7634585,0.19292157888412476,0.7722222208976746,0.35171371698379517
YAL026C,YHR191C,0,2.7631156,0.19287696480751038,0.7722222208976746,0.35181450843811035
YLR385C,YNL054W-A,0,2.7631056,0.1928323656320572,0.7722222208976746,0.3519153296947479
YGR082W,YOR322C,0,2.7629654,0.1927877962589264,0.7722222208976746,0.3520161211490631
YKL224C,YNL310C,0,2.7627366,0.1927432417869568,0.7722222208976746,0.3521169424057007
YIL020C,YDR374W-A,0,2.761818,0.19269870221614838,0.7722222208976746,0.35221773386001587
YOR037W,YMR038C,1,2.7614365,0.19288519024848938,0.7731481194496155,0.35221773386001587
YGR031C-A,YMR168C,0,2.7610548,0.19284065067768097,0.7731481194496155,0.35231855511665344
YDR425W,YPL042C,0,2.7609913,0.19279612600803375,0.7731481194496155,0.35241934657096863
YFR037C,YDL236W,0,2.7607465,0.19275161623954773,0.7731481194496155,0.3525201678276062
YER087C-A,YER106W,0,2.76065,0.1927071362733841,0.7731481194496155,0.3526209592819214
YKL119C,YGR192C,0,2.7602541,0.19266267120838165,0.7731481194496155,0.35272178053855896
YMR166C,YPR097W,1,2.7602534,0.19284890592098236,0.7740740776062012,0.35272178053855896
YDR288W,YPL096C-A,0,2.7601552,0.19280442595481873,0.7740740776062012,0.35282257199287415
YPL016W,YPR170W-B,0,2.7599466,0.19275997579097748,0.7740740776062012,0.3529233932495117
YML130C,YLR301W,0,2.7596085,0.19271554052829742,0.7740740776062012,0.3530241847038269
YIL166C,YML129C,0,2.7595496,0.19267112016677856,0.7740740776062012,0.3531250059604645
YBR095C,YBR121C,0,2.7594125,0.1926267296075821,0.7740740776062012,0.35322579741477966
YCR055C,YBL107C,0,2.7590592,0.19258235394954681,0.7740740776062012,0.35332661867141724
YDR212W,YPR170W-B,0,2.7588584,0.19253800809383392,0.7740740776062012,0.3534274101257324
YBR241C,YDR490C,0,2.758646,0.19249366223812103,0.7740740776062012,0.35352823138237
YDR063W,YER040W,0,2.7583153,0.19244936108589172,0.7740740776062012,0.3536290228366852
YDL213C,YDR134C,0,2.7583065,0.19240505993366241,0.7740740776062012,0.35372984409332275
YKL065W-A,YGR085C,0,2.7579057,0.1923607885837555,0.7740740776062012,0.35383063554763794
YOR140W,YBR196C-A,0,2.75731,0.19231654703617096,0.7740740776062012,0.3539314568042755
YOR142W-A,YDR125C,0,2.7570748,0.19227230548858643,0.7740740776062012,0.3540322482585907
YKR008W,YCR069W,0,2.7569206,0.19222809374332428,0.7740740776062012,0.35413306951522827
YGR038C-A,YDR282C,0,2.756575,0.19218391180038452,0.7740740776062012,0.35423386096954346
YBR042C,YPR097W,0,2.7564485,0.19213974475860596,0.7740740776062012,0.35433468222618103
YDL142C,YDR282C,1,2.756017,0.19232536852359772,0.7749999761581421,0.35433468222618103
YGR027W-A,YGL157W,0,2.7555697,0.19228118658065796,0.7749999761581421,0.3544354736804962
YPR081C,YDR306C,0,2.7555242,0.1922370195388794,0.7749999761581421,0.3545362949371338
YBL101W-A,YJR046W,0,2.7553709,0.19219288229942322,0.7749999761581421,0.354637086391449
YCR023C,YGL046W,0,2.7551148,0.19214875996112823,0.7749999761581421,0.35473790764808655
YJR141W,YLR399C,0,2.7547433,0.19210465252399445,0.7749999761581421,0.35483869910240173
YPR158W-B,YMR286W,0,2.7545989,0.19206057488918304,0.7749999761581421,0.3549395203590393
YPL189W,YGR031C-A,0,2.7544105,0.19201651215553284,0.7749999761581421,0.3550403118133545
YDR177W,YOR020W-A,0,2.7543228,0.19197247922420502,0.7749999761581421,0.35514113306999207
YPL274W,YKL157W,0,2.754052,0.1919284611940384,0.7749999761581421,0.35524192452430725
YOL088C,YLR043C,0,2.7536023,0.19188445806503296,0.7749999761581421,0.3553427457809448
YLR211C,YJL074C,0,2.753185,0.19184046983718872,0.7749999761581421,0.35544353723526
YFR039C,YNL041C,0,2.753044,0.19179651141166687,0.7749999761581421,0.3555443584918976
YGL116W,YOR343W-B,0,2.7528696,0.1917525827884674,0.7749999761581421,0.35564514994621277
YNL054W-A,YML058W-A,0,2.752559,0.19170865416526794,0.7749999761581421,0.35574597120285034
YHL017W,YBR213W,0,2.7523818,0.19166475534439087,0.7749999761581421,0.3558467626571655
YFL057C,YIL022W,0,2.752008,0.19162088632583618,0.7749999761581421,0.3559475839138031
YNL003C,YGL012W,0,2.751897,0.1915770173072815,0.7749999761581421,0.3560483753681183
YGR122W,YPR049C,0,2.7518635,0.1915331780910492,0.7749999761581421,0.35614919662475586
YCR058C,YMR259C,0,2.7517502,0.19148936867713928,0.7749999761581421,0.35624998807907104
YMR118C,YDR058C,1,2.7514257,0.19167429208755493,0.7759259343147278,0.35624998807907104
YBL101W-A,YGR207C,0,2.751195,0.19163045287132263,0.7759259343147278,0.3563508093357086
YLR389C,YGR122W,0,2.7511828,0.19158664345741272,0.7759259343147278,0.3564516007900238
YBR042C,YOL042W,0,2.751026,0.1915428638458252,0.7759259343147278,0.3565524220466614
YDR034C,YNL019C,0,2.7510145,0.19149908423423767,0.7759259343147278,0.35665321350097656
YGR031C-A,YMR230W,0,2.7507818,0.19145533442497253,0.7759259343147278,0.35675403475761414
YGR109W-B,YGR187C,0,2.7507682,0.1914115995168686,0.7759259343147278,0.3568548262119293
YIL156W-B,YDL236W,0,2.7507224,0.19136789441108704,0.7759259343147278,0.3569556474685669
YHR197W,YGL206C,0,2.7504892,0.19132420420646667,0.7759259343147278,0.3570564389228821
YDR119W-A,YHR215W,0,2.7504466,0.1912805289030075,0.7759259343147278,0.35715726017951965
YER018C,YCL058W-A,0,2.7498088,0.19123688340187073,0.7759259343147278,0.35725805163383484
YML133C,YGL136C,0,2.7495825,0.19119325280189514,0.7759259343147278,0.3573588728904724
YOR022C,YBL101W-A,0,2.7495224,0.19114963710308075,0.7759259343147278,0.3574596643447876
YOR246C,YDR034C-C,0,2.7494981,0.19110603630542755,0.7759259343147278,0.35756048560142517
YGR004W,YGR074W,0,2.7494447,0.19106246531009674,0.7759259343147278,0.35766127705574036
YLR109W,YJL186W,0,2.7494066,0.19101892411708832,0.7759259343147278,0.35776209831237793
YPL191C,YBL101W-A,0,2.7492268,0.1909753829240799,0.7759259343147278,0.3578628897666931
YFR034C,YPL052W-A,0,2.7491992,0.19093187153339386,0.7759259343147278,0.3579637110233307
YLR433C,YKL224C,0,2.7489524,0.1908883899450302,0.7759259343147278,0.3580645024776459
YLR071C,YGR207C,0,2.7483947,0.19084490835666656,0.7759259343147278,0.35816532373428345
YFL038C,YIL156W-B,0,2.7483819,0.1908014565706253,0.7759259343147278,0.35826611518859863
YIL170W,YBR084C-A,0,2.7483428,0.19075801968574524,0.7759259343147278,0.3583669364452362
YBL101W-A,YLR139C,0,2.7481902,0.19071461260318756,0.7759259343147278,0.3584677278995514
YAR031W,YDR119W-A,0,2.7481432,0.19067122042179108,0.7759259343147278,0.35856854915618896
YOR088W,YOL109W,0,2.7476642,0.1906278431415558,0.7759259343147278,0.35866934061050415
YGL194C-A,YPL255W,0,2.7471108,0.19058449566364288,0.7759259343147278,0.3587701618671417
YDR119W-A,YLR185W,0,2.746628,0.19054114818572998,0.7759259343147278,0.3588709533214569
YHR035W,YLR452C,0,2.7465558,0.19049784541130066,0.7759259343147278,0.3589717745780945
YGR038C-A,YBR096W,0,2.7464757,0.19045454263687134,0.7759259343147278,0.35907256603240967
YLR105C,YGR260W,0,2.745937,0.1904112696647644,0.7759259343147278,0.35917338728904724
YBR227C,YKL033W-A,0,2.7458456,0.19036801159381866,0.7759259343147278,0.3592741787433624
YBL101W-A,YKL103C,0,2.7456906,0.1903247833251953,0.7759259343147278,0.359375
YHR120W,YGR044C,0,2.7456865,0.19028155505657196,0.7759259343147278,0.3594758212566376
YDR044W,YPR058W,1,2.7454805,0.19046537578105927,0.7768518328666687,0.3594758212566376
YPR104C,YOR020W-A,0,2.7453468,0.1904221475124359,0.7768518328666687,0.35957661271095276
YDR034C-C,YLL012W,0,2.7453268,0.19037894904613495,0.7768518328666687,0.35967743396759033
YDR524C-B,YKL138C,0,2.7448988,0.19033575057983398,0.7768518328666687,0.3597782254219055
YML045W-A,YMR227C,0,2.7448375,0.1902925819158554,0.7768518328666687,0.3598790466785431
YNL257C,YPR107C,0,2.7443197,0.19024942815303802,0.7768518328666687,0.3599798381328583
YPL208W,YJR120W,0,2.7441971,0.19020630419254303,0.7768518328666687,0.36008065938949585
YNR017W,YER153C,1,2.7441041,0.19038984179496765,0.7777777910232544,0.36008065938949585
YDR260C,YDR090C,0,2.7439675,0.19034670293331146,0.7777777910232544,0.36018145084381104
YBR196C-A,YKL023W,0,2.7436965,0.19030357897281647,0.7777777910232544,0.3602822721004486
YGL258W-A,YJL183W,0,2.7436144,0.19026046991348267,0.7777777910232544,0.3603830635547638
YDR011W,YDR210W-B,0,2.7435825,0.19021739065647125,0.7777777910232544,0.36048388481140137
YGR031C-A,YGL254W,0,2.743335,0.19017432630062103,0.7777777910232544,0.36058467626571655
YGR238C,YJL206C,0,2.7432652,0.190131276845932,0.7777777910232544,0.3606854975223541
YMR118C,YNR040W,1,2.7425733,0.19031454622745514,0.7787036895751953,0.3606854975223541
YGR109W-B,YOR197W,0,2.7421868,0.1902714967727661,0.7787036895751953,0.3607862889766693
YGR161C-C,YJL140W,0,2.742067,0.19022846221923828,0.7787036895751953,0.3608871102333069
YDR119W-A,YGR096W,1,2.7416937,0.19041158258914948,0.779629647731781,0.3608871102333069
YMR071C,YMR019W,0,2.7415502,0.19036853313446045,0.779629647731781,0.36098790168762207
YNL284C-A,YOL052C-A,0,2.7409213,0.19032549858093262,0.779629647731781,0.36108872294425964
YGR294W,YDR030C,0,2.7404006,0.19028247892856598,0.779629647731781,0.36118951439857483
YNL102W,YMR150C,0,2.7402918,0.19023948907852173,0.779629647731781,0.3612903356552124
YML087C,YDL216C,0,2.7397597,0.19019651412963867,0.779629647731781,0.3613911271095276
YOR088W,YGL116W,0,2.7396715,0.190153568983078,0.779629647731781,0.36149194836616516
YNL206C,YNL284C-A,0,2.7396579,0.19011063873767853,0.779629647731781,0.36159273982048035
YDR092W,YLR315W,0,2.7395847,0.19006772339344025,0.779629647731781,0.3616935610771179
YBL101W-A,YGL063W,0,2.7395213,0.19002482295036316,0.779629647731781,0.3617943525314331
YEL027W,YNL159C,0,2.7394798,0.18998195230960846,0.779629647731781,0.3618951737880707
YFR009W,YMR010W,0,2.739424,0.18993909657001495,0.779629647731781,0.36199596524238586
YOR046C,YDR134C,0,2.739388,0.18989625573158264,0.779629647731781,0.36209678649902344
YLR426W,YPL212C,0,2.7392075,0.18985344469547272,0.779629647731781,0.3621975779533386
YLR446W,YGR027W-A,0,2.7386217,0.1898106336593628,0.779629647731781,0.3622983992099762
YGL194C-A,YHR124W,0,2.738581,0.18976786732673645,0.779629647731781,0.3623991906642914
YDL183C,YDR034C-C,0,2.7380574,0.1897251009941101,0.779629647731781,0.36250001192092896
YDR365W-B,YIL124W,0,2.7377212,0.18968236446380615,0.779629647731781,0.36260080337524414
YHL009W-A,YCR086W,0,2.7376506,0.1896396428346634,0.779629647731781,0.3627016246318817
YGR161W-B,YDR144C,0,2.737635,0.18959693610668182,0.779629647731781,0.3628024160861969
YLL004W,YPL031C,0,2.7367232,0.18955425918102264,0.779629647731781,0.3629032373428345
YGL194C-A,YBR058C-A,0,2.7365315,0.18951159715652466,0.779629647731781,0.36300402879714966
YDR284C,YDR034C-C,0,2.7365124,0.18946895003318787,0.779629647731781,0.36310485005378723
YLR357W,YBL108C-A,0,2.7364855,0.18942631781101227,0.779629647731781,0.3632056415081024
YHL009W-A,YPR154W,0,2.7361848,0.18938371539115906,0.779629647731781,0.36330646276474
YKL071W,YOL047C,0,2.736017,0.18934112787246704,0.779629647731781,0.3634072542190552
YGR295C,YIL156W-B,0,2.7358444,0.18929855525493622,0.779629647731781,0.36350807547569275
YDR365W-A,YHR188C,0,2.7352145,0.18925601243972778,0.779629647731781,0.36360886693000793
YGR260W,YDL048C,0,2.735182,0.18921348452568054,0.779629647731781,0.3637096881866455
YGR161C-C,YKL134C,0,2.7343714,0.1891709715127945,0.779629647731781,0.3638104796409607
YOR061W,YIL146C,0,2.7340982,0.18912848830223083,0.779629647731781,0.36391130089759827
YIL056W,YGR161C-D,0,2.733549,0.18908600509166718,0.779629647731781,0.36401209235191345
YGR161W-B,YHR074W,0,2.7334514,0.1890435516834259,0.779629647731781,0.364112913608551
YER078C,YOL064C,0,2.7333705,0.18900112807750702,0.779629647731781,0.3642137050628662
YJL206C,YHR178W,0,2.7333634,0.18895870447158813,0.779629647731781,0.3643145263195038
YOL149W,YNL306W,0,2.7332797,0.18891631066799164,0.779629647731781,0.36441531777381897
YGR294W,YPL031C,0,2.7331674,0.18887393176555634,0.779629647731781,0.36451613903045654
YGL038C,YDR297W,0,2.7324502,0.18883158266544342,0.779629647731781,0.36461693048477173
YPR158C-C,YLL012W,0,2.7323596,0.1887892335653305,0.779629647731781,0.3647177517414093
YGR101W,YJL133C-A,1,2.7322912,0.18897108733654022,0.7805555462837219,0.3647177517414093
YHR116W,YDR374W-A,0,2.732248,0.1889287382364273,0.7805555462837219,0.3648185431957245
YBR074W,YDR306C,0,2.7322335,0.18888640403747559,0.7805555462837219,0.36491936445236206
YMR071C,YLR137W,0,2.73223,0.18884408473968506,0.7805555462837219,0.36502015590667725
YHR143W,YGR274C,0,2.732016,0.18880179524421692,0.7805555462837219,0.3651209771633148
YBR201W,YHL017W,0,2.7317991,0.18875952064990997,0.7805555462837219,0.36522176861763
YDL126C,YGR031C-A,0,2.731354,0.18871726095676422,0.7805555462837219,0.3653225898742676
YML086C,YDR197W,1,2.7307694,0.18889883160591125,0.7814815044403076,0.3653225898742676
YPR185W,YLR126C,0,2.7301447,0.1888565719127655,0.7814815044403076,0.36542338132858276
YPR043W,YML045W-A,0,2.7297938,0.18881431221961975,0.7814815044403076,0.36552420258522034
YJL010C,YGL261C,0,2.7295535,0.1887720823287964,0.7814815044403076,0.3656249940395355
YDR365W-B,YML087C,0,2.7295282,0.18872986733913422,0.7814815044403076,0.3657258152961731
YOR336W,YBL101W-A,0,2.7293634,0.18868768215179443,0.7814815044403076,0.3658266067504883
YLR211C,YIL022W,0,2.7292697,0.18864551186561584,0.7814815044403076,0.36592742800712585
YDR374W-A,YDR084C,0,2.729171,0.18860335648059845,0.7814815044403076,0.36602821946144104
YAL067C,YPR020W,0,2.7288728,0.18856121599674225,0.7814815044403076,0.3661290407180786
YPR187W,YBR286W,0,2.7284913,0.18851909041404724,0.7814815044403076,0.3662298321723938
YLR315W,YDR244W,0,2.7281082,0.18847699463367462,0.7814815044403076,0.36633065342903137
YPR158C-C,YGL229C,0,2.7280962,0.1884349137544632,0.7814815044403076,0.36643144488334656
YDR506C,YOR153W,0,2.728069,0.18839286267757416,0.7814815044403076,0.36653226613998413
YLR196W,YFR039C,0,2.7279103,0.18835081160068512,0.7814815044403076,0.3666330575942993
YBR196C-A,YJR046W,0,2.7276232,0.18830879032611847,0.7814815044403076,0.3667338788509369
YPL249C-A,YKR019C,0,2.7273257,0.188266783952713,0.7814815044403076,0.3668346703052521
YLR258W,YCR080W,0,2.7273188,0.18822479248046875,0.7814815044403076,0.36693549156188965
YDR365W-B,YMR109W,0,2.7272143,0.18818283081054688,0.7814815044403076,0.36703628301620483
YDR180W,YDR261W-B,0,2.726929,0.1881408840417862,0.7814815044403076,0.3671371042728424
YGL194C-A,YPL204W,0,2.7266786,0.1880989521741867,0.7814815044403076,0.3672378957271576
YDR524C-B,YDL056W,0,2.7266715,0.1880570352077484,0.7814815044403076,0.36733871698379517
YER096W,YPR045C,0,2.7261117,0.1880151480436325,0.7814815044403076,0.36743950843811035
YDR374W-A,YGL122C,0,2.725763,0.1879732757806778,0.7814815044403076,0.3675403296947479
YBR021W,YDR034C-C,0,2.7255087,0.18793141841888428,0.7814815044403076,0.3676411211490631
YLR157C-A,YGL068W,0,2.7254279,0.18788957595825195,0.7814815044403076,0.3677419424057007
YPL165C,YJL023C,0,2.7248938,0.18784776329994202,0.7814815044403076,0.36784273386001587
YDR055W,YMR218C,0,2.724754,0.18780596554279327,0.7814815044403076,0.36794355511665344
YGL197W,YDR066C,0,2.7246404,0.18776418268680573,0.7814815044403076,0.36804434657096863
YJL153C,YOR017W,0,2.7245758,0.18772241473197937,0.7814815044403076,0.3681451678276062
YLR234W,YGL101W,0,2.7243094,0.1876806765794754,0.7814815044403076,0.3682459592819214
YJR107W,YDR150W,0,2.7242038,0.18763895332813263,0.7814815044403076,0.36834678053855896
YGL107C,YLR203C,1,2.7241895,0.18781951069831848,0.7824074029922485,0.36834678053855896
YKR039W,YDL021W,0,2.72377,0.18777777254581451,0.7824074029922485,0.36844757199287415
YOR142W-A,YOR153W,0,2.7236702,0.18773606419563293,0.7824074029922485,0.3685483932495117
YOR116C,YDR261W-B,0,2.7236621,0.18769435584545135,0.7824074029922485,0.3686491847038269
YMR265C,YMR230W,0,2.7236538,0.18765267729759216,0.7824074029922485,0.3687500059604645
YCL052C,YML103C,0,2.723557,0.18761101365089417,0.7824074029922485,0.36885079741477966
YLR300W,YBR196C-A,0,2.7231472,0.18756936490535736,0.7824074029922485,0.36895161867141724
YPR158C-C,YER028C,0,2.7229955,0.18752774596214294,0.7824074029922485,0.3690524101257324
YJL003W,YJL133C-A,1,2.7228572,0.18770800530910492,0.7833333611488342,0.3690524101257324
YML130C,YIL114C,0,2.722719,0.1876663714647293,0.7833333611488342,0.36915323138237
YNL072W,YKL040C,0,2.7220335,0.1876247525215149,0.7833333611488342,0.3692540228366852
YFR025C,YPL072W,0,2.7218692,0.18758314847946167,0.7833333611488342,0.36935484409332275
YKR066C,YDL069C,1,2.721564,0.1877632439136505,0.7842592597007751,0.36935484409332275
YGL258W-A,YGL126W,0,2.72116,0.1877216249704361,0.7842592597007751,0.36945563554763794
YHL009W-A,YKL104C,0,2.7208083,0.18768003582954407,0.7842592597007751,0.3695564568042755
YOR142W-A,YBR280C,0,2.720403,0.18763846158981323,0.7842592597007751,0.3696572482585907
YPL191C,YCR035C,0,2.7203057,0.1875969022512436,0.7842592597007751,0.36975806951522827
YMR018W,YGL054C,0,2.720146,0.18755535781383514,0.7842592597007751,0.36985886096954346
YBR248C,YGL082W,0,2.7199442,0.18751384317874908,0.7842592597007751,0.36995968222618103
YBR234C,YJR024C,0,2.7198288,0.18747232854366302,0.7842592597007751,0.3700604736804962
YNL262W,YEL060C,0,2.7197623,0.18743084371089935,0.7842592597007751,0.3701612949371338
YDR531W,YNL169C,0,2.719624,0.18738937377929688,0.7842592597007751,0.370262086391449
YNL258C,YIR034C,0,2.719405,0.18734793365001678,0.7842592597007751,0.37036290764808655
YPR125W,YJL133C-A,1,2.7193773,0.1875276416540146,0.7851851582527161,0.37036290764808655
YEL063C,YCL001W,0,2.7192948,0.1874861866235733,0.7851851582527161,0.37046369910240173
YIL006W,YOR020W-A,1,2.7190297,0.18766577541828156,0.7861111164093018,0.37046369910240173
YHR035W,YOL026C,0,2.7187626,0.18762430548667908,0.7861111164093018,0.3705645203590393
YNR072W,YPR110C,0,2.7183483,0.1875828504562378,0.7861111164093018,0.3706653118133545
YOR228C,YOR020W-A,1,2.718087,0.1877623200416565,0.7870370149612427,0.3706653118133545
YMR319C,YLR067C,0,2.717904,0.18772085011005402,0.7870370149612427,0.37076613306999207
YNL048W,YLR337W,0,2.7176065,0.18767939507961273,0.7870370149612427,0.37086692452430725
YGL204C,YLR324W,0,2.7173958,0.18763796985149384,0.7870370149612427,0.3709677457809448
YPL155C,YBR096W,0,2.7172577,0.18759655952453613,0.7870370149612427,0.37106853723526
YJL127C-A,YDR038C,0,2.7172546,0.18755516409873962,0.7870370149612427,0.3711693584918976
YCL033C,YDR301W,0,2.71719,0.1875137835741043,0.7870370149612427,0.37127014994621277
YCR032W,YBL056W,0,2.7170947,0.18747243285179138,0.7870370149612427,0.37137097120285034
YNL054W-A,YOR221C,0,2.716627,0.18743109703063965,0.7870370149612427,0.3714717626571655
YBR162C,YNL151C,0,2.716592,0.1873897761106491,0.7870370149612427,0.3715725839138031
YHR035W,YLR013W,0,2.716009,0.18734847009181976,0.7870370149612427,0.3716733753681183
YGR289C,YJR054W,0,2.715391,0.1873071789741516,0.7870370149612427,0.37177419662475586
YPL158C,YPL097W,0,2.715388,0.18726591765880585,0.7870370149612427,0.37187498807907104
YPR097W,YPR020W,1,2.7152114,0.18744494020938873,0.7879629731178284,0.37187498807907104
YER190W,YCR058C,0,2.714612,0.18740364909172058,0.7879629731178284,0.3719758093357086
YIL155C,YDR043C,0,2.7142856,0.187362402677536,0.7879629731178284,0.3720766007900238
YDR365W-B,YDR131C,0,2.713882,0.18732115626335144,0.7879629731178284,0.3721774220466614
YGL204C,YEL004W,0,2.7123473,0.18727992475032806,0.7879629731178284,0.37227821350097656
YLR367W,YGL258W-A,0,2.7123027,0.18723872303962708,0.7879629731178284,0.37237903475761414
YPL248C,YMR258C,0,2.7121084,0.18719753623008728,0.7879629731178284,0.3724798262119293
YJL183W,YOL129W,0,2.7121081,0.18715636432170868,0.7879629731178284,0.3725806474685669
YML013W,YKL073W,0,2.7117274,0.18711522221565247,0.7879629731178284,0.3726814389228821
YBR233W-A,YML075C,0,2.7114263,0.18707408010959625,0.7879629731178284,0.37278226017951965
YLR157C-A,YBR154C,0,2.7105355,0.18703296780586243,0.7879629731178284,0.37288305163383484
YPL191C,YAL067C,0,2.710489,0.1869918704032898,0.7879629731178284,0.3729838728904724
YJL008C,YGL258W-A,0,2.7104304,0.18695078790187836,0.7879629731178284,0.3730846643447876
YLR390W-A,YML103C,0,2.7102435,0.1869097352027893,0.7879629731178284,0.37318548560142517
YLR113W,YBL108C-A,0,2.7101169,0.18686868250370026,0.7879629731178284,0.37328627705574036
YGL204C,YHR191C,0,2.7099369,0.1868276596069336,0.7879629731178284,0.37338709831237793
YDR262W,YGL258W-A,0,2.7086766,0.18678665161132812,0.7879629731178284,0.3734878897666931
YDL126C,YDR435C,0,2.7083066,0.18674567341804504,0.7879629731178284,0.3735887110233307
YGL023C,YLR211C,0,2.7077873,0.18670469522476196,0.7879629731178284,0.3736895024776459
YLR224W,YGL231C,0,2.7076235,0.18666374683380127,0.7879629731178284,0.37379032373428345
YGL108C,YOR367W,0,2.7075775,0.18662281334400177,0.7879629731178284,0.37389111518859863
YDR091C,YMR201C,0,2.7073987,0.18658189475536346,0.7879629731178284,0.3739919364452362
YNL040W,YHR063C,0,2.7070515,0.18654099106788635,0.7879629731178284,0.3740927278995514
YDR119W-A,YGL101W,0,2.7068493,0.18650010228157043,0.7879629731178284,0.37419354915618896
YLR390W-A,YPR125W,0,2.7067225,0.1864592432975769,0.7879629731178284,0.37429434061050415
YDR365W-A,YLR215C,0,2.7064493,0.18641839921474457,0.7879629731178284,0.3743951618671417
YLL049W,YJR091C,0,2.7062032,0.18637757003307343,0.7879629731178284,0.3744959533214569
YML087C,YLL049W,0,2.7061353,0.18633677065372467,0.7879629731178284,0.3745967745780945
YPL194W,YPL135W,0,2.7061138,0.18629597127437592,0.7879629731178284,0.37469756603240967
YGL206C,YDR034C-C,0,2.7051036,0.18625520169734955,0.7879629731178284,0.37479838728904724
YML131W,YLR315W,0,2.7046144,0.18621444702148438,0.7879629731178284,0.3748991787433624
YDR365W-A,YML054C,0,2.704087,0.1861737072467804,0.7879629731178284,0.375
YOR130C,YHR003C,1,2.7039735,0.1863517016172409,0.7888888716697693,0.375
YPR081C,YPR116W,0,2.7034724,0.18631096184253693,0.7888888716697693,0.3751008212566376
YOL026C,YNR074C,1,2.7033508,0.18648885190486908,0.789814829826355,0.3751008212566376
YMR122W-A,YER038C,0,2.7023199,0.1864480823278427,0.789814829826355,0.37520161271095276
YIL160C,YOR147W,1,2.7021885,0.1866258680820465,0.7907407283782959,0.37520161271095276
YJR024C,YBR121C,0,2.7019641,0.18658509850502014,0.7907407283782959,0.37530243396759033
YDR210W-B,YJL074C,0,2.7016854,0.18654434382915497,0.7907407283782959,0.3754032254219055
YGR109W-A,YGL254W,0,2.7016833,0.186503604054451,0.7907407283782959,0.3755040466785431
YJL127C-A,YER182W,1,2.7015178,0.18668122589588165,0.7916666865348816,0.3755040466785431
YCR089W,YPR097W,0,2.7011468,0.18664047122001648,0.7916666865348816,0.3756048381328583
YDR025W,YAR010C,0,2.7011464,0.1865997314453125,0.7916666865348816,0.37570565938949585
YGL116W,YCL058W-A,0,2.7007277,0.1865590214729309,0.7916666865348816,0.37580645084381104
YNL257C,YDR034C-C,0,2.7007182,0.1865183264017105,0.7916666865348816,0.3759072721004486
YLL013C,YPL041C,1,2.700583,0.18669573962688446,0.7925925850868225,0.3759072721004486
YIR004W,YLL005C,0,2.7003443,0.18665502965450287,0.7925925850868225,0.3760080635547638
YCR032W,YOR020W-A,0,2.7000859,0.18661434948444366,0.7925925850868225,0.37610888481140137
YHR035W,YML054C,0,2.699897,0.18657366931438446,0.7925925850868225,0.37620967626571655
YKL096W,YCL027W,0,2.699632,0.18653301894664764,0.7925925850868225,0.3763104975223541
YEL063C,YKL212W,0,2.6993253,0.18649236857891083,0.7925925850868225,0.3764112889766693
YDR381C-A,YHR179W,0,2.6993096,0.1864517480134964,0.7925925850868225,0.3765121102333069
YLR265C,YPR170W-B,0,2.6992834,0.18641115725040436,0.7925925850868225,0.37661290168762207
YOR020W-A,YPL053C,0,2.6992722,0.18637056648731232,0.7925925850868225,0.37671372294425964
YDR025W,YJL023C,0,2.6992426,0.18632999062538147,0.7925925850868225,0.37681451439857483
YJL206C,YBR096W,0,2.699204,0.186289444565773,0.7925925850868225,0.3769153356552124
YPR158C-C,YBR021W,0,2.699172,0.18624891340732574,0.7925925850868225,0.3770161271095276
YLR157C-A,YJL165C,0,2.6989038,0.18620839715003967,0.7925925850868225,0.37711694836616516
YGL204C,YJL168C,0,2.6988435,0.1861678957939148,0.7925925850868225,0.37721773982048035
YFL013C,YDR284C,0,2.6983058,0.1861274242401123,0.7925925850868225,0.3773185610771179
YBR152W,YJL062W,0,2.6981792,0.18608695268630981,0.7925925850868225,0.3774193525314331
YMR100W,YGR106C,0,2.6979156,0.1860465109348297,0.7925925850868225,0.3775201737880707
YNR056C,YPR103W,0,2.6979096,0.1860060840845108,0.7925925850868225,0.37762096524238586
YPR005C,YBR060C,0,2.6978786,0.1859656721353531,0.7925925850868225,0.37772178649902344
YJL160C,YBR248C,0,2.6978552,0.18592527508735657,0.7925925850868225,0.3778225779533386
YBL050W,YBL091C-A,0,2.6971467,0.18588490784168243,0.7925925850868225,0.3779233992099762
YGL204C,YNL129W,0,2.6970062,0.1858445554971695,0.7925925850868225,0.3780241906642914
YDR134C,YML047C,0,2.6967294,0.18580421805381775,0.7925925850868225,0.37812501192092896
YDR503C,YFL028C,0,2.6964588,0.1857638955116272,0.7925925850868225,0.37822580337524414
YKL096W,YPL089C,0,2.6963937,0.18572358787059784,0.7925925850868225,0.3783266246318817
YHR116W,YJL160C,0,2.6962576,0.18568329513072968,0.7925925850868225,0.3784274160861969
YLR293C,YHL046C,0,2.6961987,0.1856430321931839,0.7925925850868225,0.3785282373428345
YDR011W,YGR156W,0,2.695565,0.18560276925563812,0.7925925850868225,0.37862902879714966
YJR106W,YJR120W,0,2.6955073,0.18556253612041473,0.7925925850868225,0.37872985005378723
YFL011W-A,YOR140W,0,2.6953433,0.18552231788635254,0.7925925850868225,0.3788306415081024
YCR055C,YER028C,0,2.694736,0.18548212945461273,0.7925925850868225,0.37893146276474
YFL013C,YDR034C-C,0,2.6943352,0.18544194102287292,0.7925925850868225,0.3790322542190552
YMR018W,YCL016C,0,2.6939065,0.1854017823934555,0.7925925850868225,0.37913307547569275
YDR091C,YJR054W,0,2.6937103,0.18536162376403809,0.7925925850868225,0.37923386693000793
YOR265W,YGL012W,0,2.693586,0.18532149493694305,0.7925925850868225,0.3793346881866455
YGR109W-B,YDR063W,0,2.6935425,0.18528138101100922,0.7925925850868225,0.3794354796409607
YCR083W,YLR300W,0,2.6934354,0.18524129688739777,0.7925925850868225,0.37953630089759827
YLR105C,YGL063W,0,2.6934173,0.18520121276378632,0.7925925850868225,0.37963709235191345
YOR311C,YDR016C,0,2.693165,0.18516114354133606,0.7925925850868225,0.379737913608551
YLR286C,YGL062W,0,2.6930673,0.1851211041212082,0.7925925850868225,0.3798387050628662
YGR203W,YPR151C,0,2.6929924,0.18508107960224152,0.7925925850868225,0.3799395263195038
YOL115W,YBR222C,0,2.692925,0.18504106998443604,0.7925925850868225,0.38004031777381897
YCR032W,YBR003W,0,2.6927717,0.18500107526779175,0.7925925850868225,0.38014113903045654
YOL149W,YMR042W,0,2.6909256,0.18496111035346985,0.7925925850868225,0.38024193048477173
YHL046C,YDR134C,0,2.6905658,0.18492114543914795,0.7925925850868225,0.3803427517414093
YGL066W,YBL108C-A,0,2.6903937,0.18488121032714844,0.7925925850868225,0.3804435431957245
YGR156W,YPR192W,0,2.6903236,0.18484129011631012,0.7925925850868225,0.38054436445236206
YGL194C-A,YKL194C,0,2.6901872,0.184801384806633,0.7925925850868225,0.38064515590667725
YDR462W,YLR071C,0,2.6899946,0.18476149439811707,0.7925925850868225,0.3807459771633148
YMR033W,YDR376W,0,2.6898243,0.18472161889076233,0.7925925850868225,0.38084676861763
YGR027W-A,YBR281C,0,2.6892805,0.18468177318572998,0.7925925850868225,0.3809475898742676
YOL096C,YJL133C-A,1,2.6892664,0.18485763669013977,0.7935185432434082,0.3809475898742676
YOL052C,YPR137C-A,0,2.6892123,0.18481777608394623,0.7935185432434082,0.38104838132858276
YGR082W,YNR052C,0,2.6883385,0.18477791547775269,0.7935185432434082,0.38114920258522034
YHR005C-A,YHL017W,0,2.6880898,0.18473808467388153,0.7935185432434082,0.3812499940395355
YDL168W,YDR381C-A,0,2.6877968,0.18469826877117157,0.7935185432434082,0.3813508152961731
YLR069C,YNL187W,0,2.687717,0.184658482670784,0.7935185432434082,0.3814516067504883
YDL217C,YIR033W,0,2.6876588,0.18461869657039642,0.7935185432434082,0.38155242800712585
YAL008W,YNR052C,0,2.68695,0.18457894027233124,0.7935185432434082,0.38165321946144104
YPL031C,YOR355W,0,2.6868174,0.18453918397426605,0.7935185432434082,0.3817540407180786
YJL210W,YMR129W,0,2.6865973,0.18449945747852325,0.7935185432434082,0.3818548321723938
YFL038C,YFL016C,0,2.685818,0.18445974588394165,0.7935185432434082,0.38195565342903137
YPR041W,YMR010W,0,2.6852844,0.18442004919052124,0.7935185432434082,0.38205644488334656
YOR240W,YLR025W,0,2.6851778,0.18438038229942322,0.7935185432434082,0.38215726613998413
YLR426W,YPL052W-A,0,2.6850674,0.1843407154083252,0.7935185432434082,0.3822580575942993
YBL064C,YNL284C-A,0,2.6848676,0.18430107831954956,0.7935185432434082,0.3823588788509369
YJL210W,YBR031W,0,2.6846495,0.18426145613193512,0.7935185432434082,0.3824596703052521
YNL284C-A,YIL099W,0,2.6841109,0.18422183394432068,0.7935185432434082,0.38256049156188965
YPR065W,YIL124W,0,2.6839852,0.18418224155902863,0.7935185432434082,0.38266128301620483
YLL005C,YKL023W,0,2.6836483,0.18414267897605896,0.7935185432434082,0.3827621042728424
YNL284C-A,YJL085W,0,2.6836345,0.1841031163930893,0.7935185432434082,0.3828628957271576
YJL019W,YDL236W,0,2.6833355,0.18406356871128082,0.7935185432434082,0.38296371698379517
YBR091C,YBL088C,0,2.683324,0.18402405083179474,0.7935185432434082,0.38306450843811035
YBR220C,YOR073W,0,2.6830351,0.18398454785346985,0.7935185432434082,0.3831653296947479
YDR472W,YDR210W-B,0,2.6827729,0.18394505977630615,0.7935185432434082,0.3832661211490631
YMR201C,YFR042W,0,2.6826766,0.18390558660030365,0.7935185432434082,0.3833669424057007
YOR365C,YHR161C,0,2.6823442,0.18386612832546234,0.7935185432434082,0.38346773386001587
YIL056W,YFL016C,0,2.6821797,0.18382668495178223,0.7935185432434082,0.38356855511665344
YDR425W,YKL113C,0,2.6819723,0.1837872564792633,0.7935185432434082,0.38366934657096863
YFL052W,YFL009W,0,2.6816719,0.18374785780906677,0.7935185432434082,0.3837701678276062
YMR194C-B,YBL059C-A,1,2.6812794,0.18392282724380493,0.7944444417953491,0.3837701678276062
YIR004W,YAR010C,0,2.6810458,0.1838834136724472,0.7944444417953491,0.3838709592819214
YGR161C-D,YPL139C,0,2.680469,0.18384401500225067,0.7944444417953491,0.38397178053855896
YGR027W-A,YMR259C,0,2.6802082,0.18380463123321533,0.7944444417953491,0.38407257199287415
YDL188C,YCR031C,0,2.6801913,0.1837652623653412,0.7944444417953491,0.3841733932495117
YGR288W,YMR259C,0,2.6795442,0.18372590839862823,0.7944444417953491,0.3842741847038269
YDR506C,YFR004W,0,2.6795046,0.18368656933307648,0.7944444417953491,0.3843750059604645
YOR365C,YJR140C,0,2.6793528,0.1836472600698471,0.7944444417953491,0.38447579741477966
YOL053C-A,YAL001C,0,2.679086,0.18360796570777893,0.7944444417953491,0.38457661867141724
YNL242W,YPL072W,0,2.6782825,0.18356867134571075,0.7944444417953491,0.3846774101257324
YHL033C,YFL057C,0,2.6779451,0.18352940678596497,0.7944444417953491,0.38477823138237
YGR161W-B,YIL103W,0,2.6778057,0.18349015712738037,0.7944444417953491,0.3848790228366852
YDL142C,YDR414C,0,2.6776474,0.18345093727111816,0.7944444417953491,0.38497984409332275
YDR495C,YKL113C,0,2.677591,0.18341171741485596,0.7944444417953491,0.38508063554763794
YLR099W-A,YML054C,1,2.6772387,0.1835862398147583,0.7953703999519348,0.38508063554763794
YDR011W,YHR017W,0,2.6771967,0.1835470050573349,0.7953703999519348,0.3851814568042755
YLR157C-A,YGL076C,0,2.6771953,0.1835078001022339,0.7953703999519348,0.3852822482585907
YMR083W,YIL156W-B,0,2.676935,0.18346861004829407,0.7953703999519348,0.38538306951522827
YMR008C,YNR008W,0,2.676895,0.18342941999435425,0.7953703999519348,0.38548386096954346
YHL009W-A,YPL230W,0,2.676155,0.18339025974273682,0.7953703999519348,0.38558468222618103
YJR117W,YBL108C-A,0,2.6757674,0.18335111439228058,0.7953703999519348,0.3856854736804962
YOR039W,YHR198C,0,2.675724,0.18331199884414673,0.7953703999519348,0.3857862949371338
YER067W,YDR210W-B,0,2.6755717,0.18327288329601288,0.7953703999519348,0.385887086391449
YGR044C,YGL142C,0,2.6755648,0.18323378264904022,0.7953703999519348,0.38598790764808655
YNL129W,YIR034C,0,2.6753771,0.18319471180438995,0.7953703999519348,0.38608869910240173
YAL025C,YPR004C,0,2.675262,0.18315565586090088,0.7953703999519348,0.3861895203590393
YJL141C,YKL100C,0,2.6743133,0.1831165999174118,0.7953703999519348,0.3862903118133545
YGL181W,YAL030W,0,2.6741397,0.18307757377624512,0.7953703999519348,0.38639113306999207
YJL127C-A,YJR013W,0,2.6740005,0.18303856253623962,0.7953703999519348,0.38649192452430725
YBL016W,YDL113C,0,2.6738868,0.18299958109855652,0.7953703999519348,0.3865927457809448
YGL197W,YFR004W,0,2.6736062,0.1829605996608734,0.7953703999519348,0.38669353723526
YGR229C,YFL044C,0,2.6732254,0.1829216331243515,0.7953703999519348,0.3867943584918976
YLR283W,YAL010C,1,2.6728084,0.18309558928012848,0.7962962985038757,0.3867943584918976
YAR050W,YPR116W,0,2.6727707,0.18305662274360657,0.7962962985038757,0.38689514994621277
YDL004W,YPR125W,1,2.6723778,0.1832304745912552,0.7972221970558167,0.38689514994621277
YHR035W,YIL040W,0,2.6723373,0.18319149315357208,0.7972221970558167,0.38699597120285034
YBR196C-A,YCL058W-A,0,2.6722722,0.18315252661705017,0.7972221970558167,0.3870967626571655
YOL030W,YOR232W,0,2.6722283,0.18311357498168945,0.7972221970558167,0.3871975839138031
YMR009W,YOR143C,0,2.6718037,0.18307463824748993,0.7972221970558167,0.3872983753681183
YJR006W,YML129C,0,2.6717904,0.1830357164144516,0.7972221970558167,0.38739919662475586
YLR157C-A,YBR031W,0,2.6717062,0.18299680948257446,0.7972221970558167,0.38749998807907104
YGL076C,YFR025C,0,2.6714385,0.18295793235301971,0.7972221970558167,0.3876008093357086
YIL097W,YLL043W,0,2.6713889,0.18291905522346497,0.7972221970558167,0.3877016007900238
YGR027W-A,YOR140W,0,2.671353,0.1828802078962326,0.7972221970558167,0.3878024220466614
YGR082W,YDR118W,0,2.6703866,0.18284136056900024,0.7972221970558167,0.38790321350097656
YGL258W-A,YHR059W,0,2.6703098,0.18280254304409027,0.7972221970558167,0.38800403475761414
YGL258W-A,YLR067C,0,2.6703067,0.1827637404203415,0.7972221970558167,0.3881048262119293
YFL041W,YKL184W,0,2.670289,0.1827249526977539,0.7972221970558167,0.3882056474685669
YEL069C,YBL108C-A,0,2.670203,0.18268617987632751,0.7972221970558167,0.3883064389228821
YGL240W,YCL058W-A,0,2.6701405,0.1826474368572235,0.7972221970558167,0.38840726017951965
YHL009W-A,YPR137C-A,0,2.670008,0.1826086938381195,0.7972221970558167,0.38850805163383484
YLR436C,YOR250C,0,2.6697547,0.1825699806213379,0.7972221970558167,0.3886088728904724
YNL072W,YOL026C,0,2.6696334,0.18253126740455627,0.7972221970558167,0.3887096643447876
YDR386W,YCL062W,0,2.6694589,0.18249258399009705,0.7972221970558167,0.38881048560142517
YOR142W-A,YLR078C,0,2.6690423,0.182453915476799,0.7972221970558167,0.38891127705574036
YML106W,YNL048W,0,2.668315,0.18241524696350098,0.7972221970558167,0.38901209831237793
YBR201W,YJR013W,0,2.6678584,0.18237660825252533,0.7972221970558167,0.3891128897666931
YOR306C,YER119C,0,2.6676245,0.18233799934387207,0.7972221970558167,0.3892137110233307
YNR074C,YLR265C,0,2.6674519,0.1822993904352188,0.7972221970558167,0.3893145024776459
YGR065C,YKL073W,0,2.6671531,0.18226079642772675,0.7972221970558167,0.38941532373428345
YNL154C,YBR001C,0,2.6661766,0.18222221732139587,0.7972221970558167,0.38951611518859863
YGR203W,YDR057W,0,2.666088,0.1821836680173874,0.7972221970558167,0.3896169364452362
YGL194C-A,YBL007C,0,2.6660283,0.1821451187133789,0.7972221970558167,0.3897177278995514
YGR294W,YGL231C,0,2.6659892,0.1821065992116928,0.7972221970558167,0.38981854915618896
YDR500C,YNL251C,0,2.6657727,0.1820680946111679,0.7972221970558167,0.38991934061050415
YCR023C,YBR126C,0,2.665426,0.1820296049118042,0.7972221970558167,0.3900201618671417
YDR330W,YBR013C,0,2.6653538,0.1819911152124405,0.7972221970558167,0.3901209533214569
YGR027C,YDR288W,0,2.6653283,0.18195265531539917,0.7972221970558167,0.3902217745780945
YPR091C,YDR365C,0,2.6653097,0.18191422522068024,0.7972221970558167,0.39032256603240967
YFR033C,YGR283C,0,2.66491,0.1818757951259613,0.7972221970558167,0.39042338728904724
YHR203C,YJR078W,0,2.6646576,0.18183737993240356,0.7972221970558167,0.3905241787433624
YER142C,YOL072W,0,2.6646566,0.18179897964000702,0.7972221970558167,0.390625
YGL059W,YBR133C,0,2.664603,0.18176060914993286,0.7972221970558167,0.3907258212566376
YDR365C,YJR024C,0,2.6641543,0.1817222386598587,0.7972221970558167,0.39082661271095276
YML054C,YIL002C,0,2.6641514,0.18168389797210693,0.7972221970558167,0.39092743396759033
YHR043C,YCR101C,0,2.6640365,0.18164557218551636,0.7972221970558167,0.3910282254219055
YDR512C,YGR009C,0,2.663897,0.18160726130008698,0.7972221970558167,0.3911290466785431
YML087C,YCL058W-A,0,2.662979,0.1815689653158188,0.7972221970558167,0.3912298381328583
YKR020W,YGL126W,0,2.6623366,0.1815306842327118,0.7972221970558167,0.39133065938949585
YDR513W,YPL175W,0,2.662195,0.181492418050766,0.7972221970558167,0.39143145084381104
YPL189W,YBL108C-A,0,2.661729,0.18145416676998138,0.7972221970558167,0.3915322721004486
YPL206C,YJR120W,0,2.661413,0.18141593039035797,0.7972221970558167,0.3916330635547638
YBR239C,YOL026C,0,2.6607418,0.18137770891189575,0.7972221970558167,0.39173388481140137
YDR500C,YHR075C,0,2.6606455,0.18133951723575592,0.7972221970558167,0.39183467626571655
YFL038C,YCR080W,0,2.6598113,0.1813013255596161,0.7972221970558167,0.3919354975223541
YGL071W,YFL016C,0,2.6597626,0.18126316368579865,0.7972221970558167,0.3920362889766693
YDR374W-A,YOR249C,0,2.6594303,0.1812250018119812,0.7972221970558167,0.3921371102333069
YKL073W,YML045W-A,0,2.6593306,0.18118686974048615,0.7972221970558167,0.39223790168762207
YDR365W-B,YDL036C,0,2.659191,0.18114875257015228,0.7972221970558167,0.39233872294425964
YML040W,YNL271C,0,2.659074,0.18111065030097961,0.7972221970558167,0.39243951439857483
YML045W-A,YNL159C,0,2.6589453,0.18107254803180695,0.7972221970558167,0.3925403356552124
YLR394W,YCR094W,0,2.6584215,0.18103447556495667,0.7972221970558167,0.3926411271095276
YMR183C,YDR016C,0,2.657243,0.18099643290042877,0.7972221970558167,0.39274194836616516
YGR082W,YBR096W,0,2.657024,0.18095839023590088,0.7972221970558167,0.39284273982048035
YKL010C,YLR113W,0,2.6570039,0.18092036247253418,0.7972221970558167,0.3929435610771179
YOR161C,YJL037W,0,2.656927,0.18088234961032867,0.7972221970558167,0.3930443525314331
YEL047C,YKR098C,0,2.656784,0.18084436655044556,0.7972221970558167,0.3931451737880707
YDL134C-A,YGR084C,0,2.6567595,0.18080638349056244,0.7972221970558167,0.39324596524238586
YFR045W,YOR154W,0,2.656688,0.1807684302330017,0.7972221970558167,0.39334678649902344
YGR109W-B,YHR117W,0,2.6566207,0.18073047697544098,0.7972221970558167,0.3934475779533386
YGR161C-C,YBL066C,0,2.656564,0.18069255352020264,0.7972221970558167,0.3935483992099762
YLL019C,YER119C,0,2.6555676,0.1806546300649643,0.7972221970558167,0.3936491906642914
YDL084W,YAL067C,0,2.6554904,0.18061673641204834,0.7972221970558167,0.39375001192092896
YOR027W,YOL087C,0,2.6551597,0.18057885766029358,0.7972221970558167,0.39385080337524414
YLR426W,YPR045C,0,2.6549175,0.1805409938097,0.7972221970558167,0.3939516246318817
YGR065C,YIL033C,0,2.654712,0.18050314486026764,0.7972221970558167,0.3940524160861969
YNL129W,YJL168C,0,2.6546216,0.18046531081199646,0.7972221970558167,0.3941532373428345
YLR308W,YPL281C,0,2.654421,0.18042749166488647,0.7972221970558167,0.39425402879714966
YJR054W,YNL169C,0,2.6541207,0.18038968741893768,0.7972221970558167,0.39435485005378723
YPR152C,YDL048C,0,2.653842,0.18035191297531128,0.7972221970558167,0.3944556415081024
YOR377W,YBR013C,0,2.6536682,0.18031413853168488,0.7972221970558167,0.39455646276474
YER105C,YGL194C,0,2.6534886,0.18027637898921967,0.7972221970558167,0.3946572542190552
YDL168W,YDR119W-A,0,2.6534874,0.18023864924907684,0.7972221970558167,0.39475807547569275
YMR165C,YDL134C-A,0,2.6531508,0.18020091950893402,0.7972221970558167,0.39485886693000793
YDR261W-B,YCL031C,0,2.6530855,0.1801632195711136,0.7972221970558167,0.3949596881866455
YOL115W,YOL163W,0,2.6530657,0.18012551963329315,0.7972221970558167,0.3950604796409607
YOR246C,YLR368W,0,2.6529677,0.1800878494977951,0.7972221970558167,0.39516130089759827
YMR003W,YOR228C,1,2.6528542,0.18025930225849152,0.7981481552124023,0.39516130089759827
YJR058C,YBR269C,0,2.6527803,0.18022161722183228,0.7981481552124023,0.39526209235191345
YLR285W,YDR297W,0,2.6524513,0.18018394708633423,0.7981481552124023,0.395362913608551
YDR474C,YIL043C,0,2.6524472,0.18014629185199738,0.7981481552124023,0.3954637050628662
YDL231C,YPR052C,0,2.6523466,0.18010865151882172,0.7981481552124023,0.3955645263195038
YGR109W-B,YBR213W,0,2.6522062,0.18007102608680725,0.7981481552124023,0.39566531777381897
YGR161C-D,YFR002W,0,2.6519134,0.18003341555595398,0.7981481552124023,0.39576613903045654
YNR020C,YER037W,0,2.6507933,0.1799958199262619,0.7981481552124023,0.39586693048477173
YBR196C-A,YHR143W-A,0,2.649824,0.17995823919773102,0.7981481552124023,0.3959677517414093
YDR365W-B,YDL065C,0,2.6497142,0.17992068827152252,0.7981481552124023,0.3960685431957245
YPL262W,YGL046W,0,2.6495898,0.17988313734531403,0.7981481552124023,0.39616936445236206
YCR069W,YDR379W,0,2.6490788,0.17984560132026672,0.7981481552124023,0.39627015590667725
YDL192W,YCR080W,0,2.648711,0.1798080950975418,0.7981481552124023,0.3963709771633148
YLR126C,YGL136C,0,2.6481574,0.1797705888748169,0.7981481552124023,0.39647176861763
YDL059C,YGR074W,0,2.6481466,0.17973311245441437,0.7981481552124023,0.3965725898742676
YDR119W-A,YOR030W,0,2.647734,0.17969563603401184,0.7981481552124023,0.39667338132858276
YOR030W,YCR080W,0,2.6473463,0.1796581894159317,0.7981481552124023,0.39677420258522034
YBR141C,YKL081W,0,2.6473064,0.17962075769901276,0.7981481552124023,0.3968749940395355
YLR050C,YOR246C,0,2.6473029,0.1795833259820938,0.7981481552124023,0.3969758152961731
YLR224W,YDR163W,0,2.646539,0.17954592406749725,0.7981481552124023,0.3970766067504883
YOL053C-A,YOR388C,0,2.6463573,0.1795085370540619,0.7981481552124023,0.39717742800712585
YJR004C,YKL065W-A,0,2.6462986,0.17947116494178772,0.7981481552124023,0.39727821946144104
YKL049C,YLR301W,0,2.6460927,0.17943380773067474,0.7981481552124023,0.3973790407180786
YBR133C,YDR210W-B,0,2.6459315,0.17939646542072296,0.7981481552124023,0.3974798321723938
YMR071C,YDR163W,0,2.6458726,0.17935913801193237,0.7981481552124023,0.39758065342903137
YPL052W-A,YBL108C-A,0,2.6455317,0.17932182550430298,0.7981481552124023,0.39768144488334656
YER087C-A,YGL066W,0,2.6446357,0.17928452789783478,0.7981481552124023,0.39778226613998413
YGL210W,YPR133W-A,1,2.644225,0.17945519089698792,0.7990740537643433,0.39778226613998413
YJL034W,YHR091C,0,2.6437619,0.17941787838935852,0.7990740537643433,0.3978830575942993
YLR042C,YAL030W,0,2.6435003,0.17938058078289032,0.7990740537643433,0.3979838788509369
YPL115C,YGR220C,0,2.6432908,0.1793433129787445,0.7990740537643433,0.3980846703052521
YKL103C,YPR125W,0,2.6428647,0.1793060451745987,0.7990740537643433,0.39818549156188965
YPL230W,YKL071W,0,2.6416397,0.17926879227161407,0.7990740537643433,0.39828628301620483
YHR074W,YHR193C,0,2.641338,0.17923156917095184,0.7990740537643433,0.3983871042728424
YPL016W,YPR137C-A,0,2.6412323,0.1791943460702896,0.7990740537643433,0.3984878957271576
YMR218C,YLL009C,0,2.6411111,0.17915715277194977,0.7990740537643433,0.39858871698379517
YDR524C-B,YPL212C,0,2.6402943,0.17911995947360992,0.7990740537643433,0.39868950843811035
YOR266W,YGL122C,0,2.640212,0.17908279597759247,0.7990740537643433,0.3987903296947479
YGR194C,YDR038C,0,2.6399949,0.1790456473827362,0.7990740537643433,0.3988911211490631
YDR262W,YNL271C,0,2.6399584,0.17900849878787994,0.7990740537643433,0.3989919424057007
YOL057W,YGL257C,0,2.6397598,0.17897137999534607,0.7990740537643433,0.39909273386001587
YPR111W,YPL191C,0,2.6396902,0.1789342761039734,0.7990740537643433,0.39919355511665344
YLR110C,YGR184C,0,2.6396081,0.1788971871137619,0.7990740537643433,0.39929434657096863
YDR119W-A,YJR041C,0,2.6395981,0.17886009812355042,0.7990740537643433,0.3993951678276062
YMR122W-A,YDR163W,0,2.639577,0.17882303893566132,0.7990740537643433,0.3994959592819214
YDR034C-D,YLR002C,0,2.639547,0.1787859946489334,0.7990740537643433,0.39959678053855896
YFL035C-A,YOR130C,0,2.6392086,0.1787489652633667,0.7990740537643433,0.39969757199287415
YJR067C,YNL294C,0,2.638514,0.17871195077896118,0.7990740537643433,0.3997983932495117
YBL107C,YGL063W,0,2.638185,0.17867495119571686,0.7990740537643433,0.3998991847038269
YER055C,YDR538W,0,2.6378968,0.17863796651363373,0.7990740537643433,0.4000000059604645
YDR091C,YML075C,0,2.6374638,0.1786009967327118,0.7990740537643433,0.40010079741477966
YLR300W,YML045W-A,0,2.6369073,0.17856404185295105,0.7990740537643433,0.40020161867141724
YKL096W-A,YNL302C,0,2.6367185,0.1785271018743515,0.7990740537643433,0.4003024101257324
YKL089W,YMR150C,0,2.6362698,0.17849017679691315,0.7990740537643433,0.40040323138237
YLR137W,YBL031W,0,2.636245,0.178453266620636,0.7990740537643433,0.4005040228366852
YGR027C,YGR161C-C,0,2.6356375,0.17841637134552002,0.7990740537643433,0.40060484409332275
YLR234W,YGR251W,0,2.6353848,0.17837949097156525,0.7990740537643433,0.40070563554763794
YJR041C,YDR034C-C,0,2.6353147,0.17834262549877167,0.7990740537643433,0.4008064568042755
YMR233W,YMR010W,0,2.6351502,0.17830578982830048,0.7990740537643433,0.4009072482585907
YIL170W,YOR140W,0,2.6349573,0.17826895415782928,0.7990740537643433,0.40100806951522827
YBL064C,YGR161C-C,0,2.6348565,0.1782321333885193,0.7990740537643433,0.40110886096954346
YGL194C-A,YJR054W,0,2.6348355,0.17819532752037048,0.7990740537643433,0.40120968222618103
YHR023W,YAR010C,0,2.6348245,0.17815855145454407,0.7990740537643433,0.4013104736804962
YBR220C,YNL310C,0,2.634745,0.17812177538871765,0.7990740537643433,0.4014112949371338
YKR071C,YGR169C,0,2.6343353,0.17808501422405243,0.7990740537643433,0.401512086391449
YBR227C,YEL027W,0,2.6342108,0.1780482828617096,0.7990740537643433,0.40161290764808655
YBL064C,YNL262W,0,2.6339447,0.17801155149936676,0.7990740537643433,0.40171369910240173
YBR269C,YDL220C,0,2.633813,0.17797483503818512,0.7990740537643433,0.4018145203590393
YGR288W,YDL054C,0,2.6332386,0.17793814837932587,0.7990740537643433,0.4019153118133545
YDL036C,YGR207C,0,2.6317904,0.1779014617204666,0.7990740537643433,0.40201613306999207
YMR037C,YDL200C,0,2.631735,0.17786480486392975,0.7990740537643433,0.40211692452430725
YGR109W-B,YLR309C,0,2.6315095,0.17782814800739288,0.7990740537643433,0.4022177457809448
YGL201C,YJR078W,0,2.6311061,0.1777915060520172,0.7990740537643433,0.40231853723526
YGR156W,YNL181W,0,2.6308405,0.17775489389896393,0.7990740537643433,0.4024193584918976
YNL201C,YJR107W,0,2.6305916,0.17771828174591064,0.7990740537643433,0.40252014994621277
YDR119W-A,YJR006W,0,2.6303499,0.17768169939517975,0.7990740537643433,0.40262097120285034
YLR126C,YMR129W,0,2.6300728,0.17764511704444885,0.7990740537643433,0.4027217626571655
YNL027W,YDR210W-B,0,2.630033,0.17760856449604034,0.7990740537643433,0.4028225839138031
YGR169C,YPL059W,0,2.629468,0.17757201194763184,0.7990740537643433,0.4029233753681183
YFR026C,YBR258C,0,2.629174,0.17753548920154572,0.7990740537643433,0.40302419662475586
YDR472W,YOR343W-B,0,2.6291096,0.1774989664554596,0.7990740537643433,0.40312498807907104
YFR004W,YOR020W-A,0,2.62897,0.17746247351169586,0.7990740537643433,0.4032258093357086
YGR218W,YPR137C-A,0,2.6289103,0.17742598056793213,0.7990740537643433,0.4033266007900238
YJL127C-A,YGR082W,1,2.6287923,0.17759506404399872,0.800000011920929,0.4033266007900238
YOR020W-A,YML021C,0,2.6277354,0.17755857110023499,0.800000011920929,0.4034274220466614
YJL209W,YLR348C,1,2.6273646,0.17772755026817322,0.8009259104728699,0.4034274220466614
YPL255W,YGL108C,0,2.6272368,0.1776910424232483,0.8009259104728699,0.40352821350097656
YDR046C,YHR059W,0,2.627057,0.17765454947948456,0.8009259104728699,0.40362903475761414
YHR035W,YOR178C,0,2.6267338,0.17761807143688202,0.8009259104728699,0.4037298262119293
YJR117W,YIL156W-B,0,2.6267247,0.17758160829544067,0.8009259104728699,0.4038306474685669
YGR082W,YPR116W,1,2.626654,0.17775040864944458,0.8018518686294556,0.4038306474685669
YOR085W,YDR034C-C,0,2.6266475,0.17771393060684204,0.8018518686294556,0.4039314389228821
YNL327W,YBR287W,0,2.6266026,0.1776774674654007,0.8018518686294556,0.40403226017951965
YDR398W,YLR436C,0,2.6261408,0.17764101922512054,0.8018518686294556,0.40413305163383484
YOL100W,YAL063C,0,2.6260917,0.17760460078716278,0.8018518686294556,0.4042338728904724
YOR258W,YGL201C,0,2.6256278,0.17756818234920502,0.8018518686294556,0.4043346643447876
YER163C,YOL117W,0,2.625579,0.17753177881240845,0.8018518686294556,0.40443548560142517
YPL206C,YOR020W-A,1,2.6255352,0.17770035564899445,0.8027777671813965,0.40443548560142517
YHR116W,YER018C,0,2.625021,0.17766393721103668,0.8027777671813965,0.40453627705574036
YLR369W,YNL284C-A,0,2.6247313,0.1776275336742401,0.8027777671813965,0.40463709831237793
YBL107C,YJR078W,0,2.6245835,0.17759114503860474,0.8027777671813965,0.4047378897666931
YLR050C,YLR435W,0,2.6245759,0.17755478620529175,0.8027777671813965,0.4048387110233307
YDR181C,YDR119W-A,0,2.6243749,0.17751842737197876,0.8027777671813965,0.4049395024776459
YMR129W,YMR134W,0,2.6241496,0.17748208343982697,0.8027777671813965,0.40504032373428345
YGR294W,YML075C,0,2.6241007,0.17744576930999756,0.8027777671813965,0.40514111518859863
YLL050C,YJR024C,0,2.623706,0.17740945518016815,0.8027777671813965,0.4052419364452362
YBR241C,YMR042W,0,2.623595,0.17737315595149994,0.8027777671813965,0.4053427278995514
YFL035C-A,YOR037W,0,2.6234982,0.17733687162399292,0.8027777671813965,0.40544354915618896
YDR427W,YJR141W,0,2.6233695,0.1773006170988083,0.8027777671813965,0.40554434061050415
YDR200C,YOR343W-B,0,2.6232905,0.17726436257362366,0.8027777671813965,0.4056451618671417
YGR161C-D,YPR151C,0,2.623206,0.17722812294960022,0.8027777671813965,0.4057459533214569
YLR390W-A,YDL058W,0,2.623142,0.17719191312789917,0.8027777671813965,0.4058467745780945
YNL003C,YER014W,1,2.623107,0.17736002802848816,0.8037037253379822,0.4058467745780945
YGR161C-D,YBR021W,0,2.6228874,0.17732380330562592,0.8037037253379822,0.40594756603240967
YAL055W,YOL026C,0,2.6227422,0.17728757858276367,0.8037037253379822,0.40604838728904724
YLR027C,YGR240C,0,2.6210005,0.17725138366222382,0.8037037253379822,0.4061491787433624
YPR185W,YGR218W,0,2.620861,0.17721518874168396,0.8037037253379822,0.40625
YBR239C,YCL058W-A,0,2.6208355,0.1771790087223053,0.8037037253379822,0.4063508212566376
YOL021C,YHR198C,0,2.6208122,0.17714285850524902,0.8037037253379822,0.40645161271095276
YHL017W,YLR301W,0,2.620738,0.17710670828819275,0.8037037253379822,0.40655243396759033
YNR074C,YLR072W,0,2.6205816,0.17707058787345886,0.8037037253379822,0.4066532254219055
YPR046W,YMR010W,0,2.6205156,0.17703446745872498,0.8037037253379822,0.4067540466785431
YPR116W,YGL229C,0,2.6204097,0.17699836194515228,0.8037037253379822,0.4068548381328583
YMR165C,YCL027C-A,0,2.6194932,0.17696228623390198,0.8037037253379822,0.40695565938949585
YLR175W,YBL056W,0,2.6192102,0.17692621052265167,0.8037037253379822,0.40705645084381104
YDR374W-A,YCL045C,0,2.6190536,0.17689014971256256,0.8037037253379822,0.4071572721004486
YHR083W,YIL155C,1,2.6186948,0.17705786228179932,0.8046296238899231,0.4071572721004486
YER055C,YDR210W-B,0,2.6179092,0.1770218014717102,0.8046296238899231,0.4072580635547638
YIR008C,YOR250C,0,2.6176083,0.1769857406616211,0.8046296238899231,0.40735888481140137
YML123C,YIL166C,0,2.6176007,0.17694970965385437,0.8046296238899231,0.40745967626571655
YMR298W,YNL159C,0,2.617568,0.17691367864608765,0.8046296238899231,0.4075604975223541
YCR027C,YMR230W,0,2.6173446,0.1768776774406433,0.8046296238899231,0.4076612889766693
YGR161C-D,YLR424W,0,2.6171448,0.17684167623519897,0.8046296238899231,0.4077621102333069
YPL176C,YBR269C,0,2.6171343,0.17680568993091583,0.8046296238899231,0.40786290168762207
YPL023C,YML004C,0,2.616957,0.17676973342895508,0.8046296238899231,0.40796372294425964
YLR157C-A,YMR009W,0,2.6169207,0.17673377692699432,0.8046296238899231,0.40806451439857483
YPL072W,YDR292C,0,2.6165402,0.17669785022735596,0.8046296238899231,0.4081653356552124
YGL038C,YOL162W,0,2.616312,0.1766619235277176,0.8046296238899231,0.4082661271095276
YLR066W,YBR083W,0,2.616198,0.17662601172924042,0.8046296238899231,0.40836694836616516
YOR151C,YAL028W,0,2.615331,0.17659012973308563,0.8046296238899231,0.40846773982048035
YEL069C,YJR120W,0,2.6153226,0.17655424773693085,0.8046296238899231,0.4085685610771179
YPR065W,YCR065W,0,2.6151812,0.17651838064193726,0.8046296238899231,0.4086693525314331
YKL151C,YLR126C,0,2.6149,0.17648252844810486,0.8046296238899231,0.4087701737880707
YLR388W,YDL180W,0,2.6142113,0.17644670605659485,0.8046296238899231,0.40887096524238586
YDR374W-A,YNL145W,0,2.6138492,0.17641088366508484,0.8046296238899231,0.40897178649902344
YBR073W,YPL191C,0,2.6138108,0.17637507617473602,0.8046296238899231,0.4090725779533386
YBR060C,YNR049C,0,2.6133888,0.1763392835855484,0.8046296238899231,0.4091733992099762
YML040W,YLR396C,0,2.6131475,0.17630350589752197,0.8046296238899231,0.4092741906642914
YML110C,YDR252W,0,2.612782,0.17626774311065674,0.8046296238899231,0.40937501192092896
YNL122C,YKL071W,0,2.6125414,0.1762319952249527,0.8046296238899231,0.40947580337524414
YJR048W,YDR034C-C,0,2.6119316,0.17619626224040985,0.8046296238899231,0.4095766246318817
YER142C,YPR103W,0,2.6116915,0.1761605441570282,0.8046296238899231,0.4096774160861969
YLR446W,YHR063C,0,2.6114738,0.17612484097480774,0.8046296238899231,0.4097782373428345
YNL054W-A,YNL187W,0,2.610999,0.17608915269374847,0.8046296238899231,0.40987902879714966
YAR002W,YLR227W-A,0,2.6108418,0.1760534793138504,0.8046296238899231,0.40997985005378723
YEL054C,YGL252C,0,2.6100402,0.17601782083511353,0.8046296238899231,0.4100806415081024
YBL101C,YLR355C,0,2.6099656,0.17598217725753784,0.8046296238899231,0.41018146276474
YER067W,YGR154C,0,2.6098294,0.17594654858112335,0.8046296238899231,0.4102822542190552
YJL085W,YCR101C,0,2.6097481,0.17591093480587006,0.8046296238899231,0.41038307547569275
YIL097W,YJR025C,0,2.609361,0.17587533593177795,0.8046296238899231,0.41048386693000793
YOR390W,YLR139C,0,2.608947,0.17583973705768585,0.8046296238899231,0.4105846881866455
YKL018W,YLR069C,0,2.608724,0.17580416798591614,0.8046296238899231,0.4106854796409607
YJL056C,YNL138W,0,2.6076214,0.17576861381530762,0.8046296238899231,0.41078630089759827
YDR365W-B,YGR274C,0,2.6074498,0.1757330596446991,0.8046296238899231,0.41088709235191345
YPL218W,YFL011W-A,0,2.6069298,0.17569753527641296,0.8046296238899231,0.410987913608551
YDR119W-A,YOR373W,0,2.6059449,0.17566201090812683,0.8046296238899231,0.4110887050628662
YKL096W,YBR141C,0,2.60577,0.17562651634216309,0.8046296238899231,0.4111895263195038
YDR226W,YDR244W,0,2.6057107,0.17559102177619934,0.8046296238899231,0.41129031777381897
YLR227W-A,YLR248W,0,2.605363,0.17555555701255798,0.8046296238899231,0.41139113903045654
YNR007C,YGL179C,0,2.6052673,0.17552009224891663,0.8046296238899231,0.41149193048477173
YDR487C,YPR181C,0,2.605107,0.17548465728759766,0.8046296238899231,0.4115927517414093
YBR234C,YPR116W,0,2.604778,0.1754492223262787,0.8046296238899231,0.4116935431957245
YPL212C,YDR119W-A,0,2.6045234,0.1754138022661209,0.8046296238899231,0.41179436445236206
YPL115C,YGR283C,0,2.6041605,0.17537841200828552,0.8046296238899231,0.41189515590667725
YGR271W,YCR004C,0,2.6037815,0.17534302175045013,0.8046296238899231,0.4119959771633148
YBL091C-A,YCL058W-A,0,2.601802,0.17530764639377594,0.8046296238899231,0.41209676861763
YDR332W,YOL163W,0,2.6013517,0.17527228593826294,0.8046296238899231,0.4121975898742676
YLR446W,YPL023C,0,2.6011338,0.17523694038391113,0.8046296238899231,0.41229838132858276
YCL044C,YKL150W,1,2.6007943,0.17540322244167328,0.8055555820465088,0.41229838132858276
YOL012C,YJR120W,0,2.6004362,0.17536786198616028,0.8055555820465088,0.41239920258522034
YDL056W,YCR087C-A,0,2.600041,0.17533253133296967,0.8055555820465088,0.4124999940395355
YPR158C-C,YDR012W,0,2.5998902,0.17529720067977905,0.8055555820465088,0.4126008152961731
YPR093C,YOL056W,0,2.5998042,0.17526188492774963,0.8055555820465088,0.4127016067504883
YKR007W,YOR259C,0,2.599755,0.1752265840768814,0.8055555820465088,0.41280242800712585
YDR330W,YDL036C,0,2.5996997,0.17519129812717438,0.8055555820465088,0.41290321946144104
YDR350C,YOR265W,0,2.5996888,0.17515602707862854,0.8055555820465088,0.4130040407180786
YGL168W,YPR158C-C,0,2.5994616,0.1751207709312439,0.8055555820465088,0.4131048321723938
YGL206C,YIL019W,0,2.5981953,0.17508552968502045,0.8055555820465088,0.41320565342903137
YJL127C-A,YJR034W,1,2.5976188,0.17525151371955872,0.8064814805984497,0.41320565342903137
YNL098C,YML101C,0,2.5972507,0.17521625757217407,0.8064814805984497,0.41330644488334656
YKR106W,YNL129W,0,2.5971377,0.17518101632595062,0.8064814805984497,0.41340726613998413
YPR091C,YPL158C,0,2.5967085,0.17514578998088837,0.8064814805984497,0.4135080575942993
YHR194W,YOR020W-A,1,2.5963402,0.1753116250038147,0.8074073791503906,0.4135080575942993
YHR023W,YOR088W,0,2.5962589,0.17527638375759125,0.8074073791503906,0.4136088788509369
YLR394W,YDR262W,0,2.5958931,0.175241157412529,0.8074073791503906,0.4137096703052521
YDR200C,YPL158C,0,2.595658,0.17520594596862793,0.8074073791503906,0.41381049156188965
YLR361C,YGR027W-A,0,2.5953505,0.17517074942588806,0.8074073791503906,0.41391128301620483
YDR025W,YIR034C,0,2.595038,0.1751355677843094,0.8074073791503906,0.4140121042728424
YER087C-A,YGL257C,0,2.595013,0.1751004010438919,0.8074073791503906,0.4141128957271576
YDR034C-D,YGL062W,0,2.5948038,0.17506524920463562,0.8074073791503906,0.41421371698379517
YNL092W,YCR075C,0,2.5946314,0.17503011226654053,0.8074073791503906,0.41431450843811035
YPR147C,YPL139C,0,2.5942454,0.17499499022960663,0.8074073791503906,0.4144153296947479
YPL249C-A,YHR072W,0,2.5941255,0.17495986819267273,0.8074073791503906,0.4145161211490631
YFL040W,YOR035C,0,2.5936854,0.17492477595806122,0.8074073791503906,0.4146169424057007
YMR256C,YGR015C,1,2.5934741,0.1750902533531189,0.8083333373069763,0.4146169424057007
YDR529C,YNL328C,1,2.5933745,0.1752556711435318,0.8092592358589172,0.4146169424057007
YIL137C,YFL016C,0,2.5931323,0.1752205342054367,0.8092592358589172,0.41471773386001587
YPL165C,YAL063C,0,2.5922081,0.1751854121685028,0.8092592358589172,0.41481855511665344
YMR135C,YGR283C,0,2.5921712,0.1751503050327301,0.8092592358589172,0.41491934657096863
YOR311C,YPR158C-C,0,2.5921452,0.1751152127981186,0.8092592358589172,0.4150201678276062
YOR173W,YDR034C-C,0,2.5919747,0.17508013546466827,0.8092592358589172,0.4151209592819214
YLR110C,YJR126C,0,2.5919688,0.17504505813121796,0.8092592358589172,0.41522178053855896
YGL038C,YJL108C,0,2.5912273,0.17501001060009003,0.8092592358589172,0.41532257199287415
YCR083W,YEL020C,0,2.5909984,0.1749749779701233,0.8092592358589172,0.4154233932495117
YKL203C,YKR067W,0,2.5906296,0.17493994534015656,0.8092592358589172,0.4155241847038269
YJL168C,YMR018W,0,2.5906098,0.1749049425125122,0.8092592358589172,0.4156250059604645
YHR178W,YGR144W,0,2.5902026,0.17486995458602905,0.8092592358589172,0.41572579741477966
YNL072W,YKR067W,0,2.5901804,0.1748349666595459,0.8092592358589172,0.41582661867141724
YFL039C,YMR100W,0,2.590011,0.17479999363422394,0.8092592358589172,0.4159274101257324
YGL048C,YLR380W,0,2.5897462,0.17476505041122437,0.8092592358589172,0.41602823138237
YLR157C-A,YDL113C,0,2.589082,0.1747301071882248,0.8092592358589172,0.4161290228366852
YPR158C-C,YGR084C,0,2.5883412,0.1746951788663864,0.8092592358589172,0.41622984409332275
YGR161W-B,YGR288W,0,2.5881433,0.17466026544570923,0.8092592358589172,0.41633063554763794
YPR002W,YPL189C-A,1,2.5880392,0.17482517659664154,0.8101851940155029,0.41633063554763794
YDR011W,YKL033W-A,0,2.5871577,0.17479024827480316,0.8101851940155029,0.4164314568042755
YDR131C,YMR069W,0,2.586912,0.17475534975528717,0.8101851940155029,0.4165322482585907
YBR015C,YBR220C,0,2.5859778,0.17472045123577118,0.8101851940155029,0.41663306951522827
YDR374W-A,YLL049W,0,2.5857956,0.17468556761741638,0.8101851940155029,0.41673386096954346
YJR117W,YMR033W,0,2.5856822,0.17465069890022278,0.8101851940155029,0.41683468222618103
YIL040W,YJL153C,0,2.58556,0.17461584508419037,0.8101851940155029,0.4169354736804962
YGR161W-B,YHR075C,0,2.5839593,0.17458100616931915,0.8101851940155029,0.4170362949371338
YNL251C,YBR096W,0,2.5838149,0.17454618215560913,0.8101851940155029,0.417137086391449
YJR024C,YPR125W,0,2.5837705,0.1745113730430603,0.8101851940155029,0.41723790764808655
YOR365C,YOL162W,0,2.583236,0.17447656393051147,0.8101851940155029,0.41733869910240173
YOR151C,YHR005C-A,0,2.5831902,0.17444178462028503,0.8101851940155029,0.4174395203590393
YPL210C,YGR065C,0,2.5826523,0.1744070202112198,0.8101851940155029,0.4175403118133545
YOR320C,YLR227W-A,0,2.5824695,0.17437225580215454,0.8101851940155029,0.41764113306999207
YBR070C,YML034W,0,2.5824087,0.17433752119541168,0.8101851940155029,0.41774192452430725
YNL298W,YGR027W-A,0,2.5823948,0.17430278658866882,0.8101851940155029,0.4178427457809448
YDR397C,YPL096C-A,0,2.5821238,0.17426806688308716,0.8101851940155029,0.41794353723526
YPR185W,YMR135C,0,2.5817332,0.17423337697982788,0.8101851940155029,0.4180443584918976
YDR261W-B,YIL099W,0,2.5808785,0.1741986870765686,0.8101851940155029,0.41814514994621277
YBL007C,YGR161C-D,0,2.5808785,0.17416401207447052,0.8101851940155029,0.41824597120285034
YPR204W,YLR265C,0,2.580877,0.17412935197353363,0.8101851940155029,0.4183467626571655
YHR120W,YNR018W,0,2.5807445,0.17409470677375793,0.8101851940155029,0.4184475839138031
YKL065W-A,YEL060C,0,2.5806704,0.17406007647514343,0.8101851940155029,0.4185483753681183
YGL054C,YIL156W-B,0,2.5806658,0.17402546107769012,0.8101851940155029,0.41864919662475586
YDL100C,YNL301C,0,2.5804322,0.17399084568023682,0.8101851940155029,0.41874998807907104
YML034W,YBR295W,0,2.5803692,0.1739562600851059,0.8101851940155029,0.4188508093357086
YJR004C,YGR161C-D,0,2.5800047,0.17392168939113617,0.8101851940155029,0.4189516007900238
YKL179C,YDR261W-B,0,2.5797484,0.17388711869716644,0.8101851940155029,0.4190524220466614
YPL212C,YEL004W,0,2.5796902,0.1738525778055191,0.8101851940155029,0.41915321350097656
YDR071C,YDR282C,0,2.5795944,0.17381803691387177,0.8101851940155029,0.41925403475761414
YPR065W,YJL062W,0,2.5794804,0.17378351092338562,0.8101851940155029,0.4193548262119293
YCR042C,YOR344C,0,2.5794203,0.17374899983406067,0.8101851940155029,0.4194556474685669
YDL222C,YNL138W,0,2.57908,0.1737145185470581,0.8101851940155029,0.4195564389228821
YLR175W,YGR031C-A,0,2.5780838,0.17368003726005554,0.8101851940155029,0.41965726017951965
YOR020W-A,YDL045C,0,2.5779934,0.17364557087421417,0.8101851940155029,0.41975805163383484
YDL134C-A,YDL222C,0,2.5775898,0.1736111044883728,0.8101851940155029,0.4198588728904724
YOR088W,YCR072C,0,2.5773034,0.17357666790485382,0.8101851940155029,0.4199596643447876
YER078C,YBR133C,0,2.577016,0.17354224622249603,0.8101851940155029,0.42006048560142517
YHR199C-A,YOR224C,0,2.5768626,0.17350783944129944,0.8101851940155029,0.42016127705574036
YKL212W,YBR096W,0,2.576763,0.17347343266010284,0.8101851940155029,0.42026209831237793
YBR050C,YBR016W,0,2.576724,0.17343905568122864,0.8101851940155029,0.4203628897666931
YFL066C,YPR031W,0,2.5757797,0.17340467870235443,0.8101851940155029,0.4204637110233307
YEL017C-A,YHR079C-B,0,2.5752156,0.17337031662464142,0.8101851940155029,0.4205645024776459
YGL194C-A,YOR265W,0,2.5746295,0.1733359694480896,0.8101851940155029,0.42066532373428345
YMR135C,YDR379W,0,2.5743036,0.17330163717269897,0.8101851940155029,0.42076611518859863
YAL030W,YNL009W,0,2.573259,0.17326731979846954,0.8101851940155029,0.4208669364452362
YPL255W,YDL134C-A,0,2.5730686,0.1732330173254013,0.8101851940155029,0.4209677278995514
YGL076C,YMR301C,0,2.5730364,0.17319872975349426,0.8101851940155029,0.42106854915618896
YER051W,YGL076C,0,2.5727177,0.1731644570827484,0.8101851940155029,0.42116934061050415
YKL154W,YPR097W,0,2.5723515,0.17313019931316376,0.8101851940155029,0.4212701618671417
YDR210W-B,YIL043C,0,2.5722334,0.1730959415435791,0.8101851940155029,0.4213709533214569
YLR050C,YOR020W-A,0,2.5722144,0.17306171357631683,0.8101851940155029,0.4214717745780945
YBR001C,YBR013C,0,2.572152,0.17302748560905457,0.8101851940155029,0.42157256603240967
YGR109W-B,YJL058C,0,2.5719101,0.1729932725429535,0.8101851940155029,0.42167338728904724
YAL028W,YPL274W,0,2.5719044,0.1729590892791748,0.8101851940155029,0.4217741787433624
YDL192W,YDR134C,0,2.5716426,0.17292490601539612,0.8101851940155029,0.421875
YGR161C-C,YML110C,0,2.5712652,0.17289073765277863,0.8101851940155029,0.4219758212566376
YLR394W,YER174C,0,2.570876,0.17285658419132233,0.8101851940155029,0.42207661271095276
YML123C,YLR265C,0,2.5707824,0.17282243072986603,0.8101851940155029,0.42217743396759033
YHR043C,YDR523C,0,2.5704734,0.17278830707073212,0.8101851940155029,0.4222782254219055
YKL146W,YJL037W,0,2.5700595,0.1727541983127594,0.8101851940155029,0.4223790466785431
YLL026W,YKL125W,0,2.5699873,0.17272008955478668,0.8101851940155029,0.4224798381328583
YBR073W,YOR343W-B,0,2.569803,0.17268601059913635,0.8101851940155029,0.42258065938949585
YAR042W,YDR210W-B,0,2.5697224,0.17265193164348602,0.8101851940155029,0.42268145084381104
YKR106W,YDL036C,0,2.569489,0.1726178675889969,0.8101851940155029,0.4227822721004486
YJR004C,YDL180W,0,2.569149,0.17258383333683014,0.8101851940155029,0.4228830635547638
YGR109W-A,YGR203W,0,2.56893,0.1725497990846634,0.8101851940155029,0.42298388481140137
YPL210C,YER057C,0,2.568868,0.17251577973365784,0.8101851940155029,0.42308467626571655
YER190W,YLR027C,0,2.5686219,0.17248176038265228,0.8101851940155029,0.4231854975223541
YDR119W-A,YDR280W,0,2.5681794,0.17244777083396912,0.8101851940155029,0.4232862889766693
YPL264C,YML045W-A,0,2.5677845,0.17241379618644714,0.8101851940155029,0.4233871102333069
YCR055C,YPR049C,0,2.5676432,0.17237982153892517,0.8101851940155029,0.42348790168762207
YNL154C,YLR248W,0,2.5665917,0.17234587669372559,0.8101851940155029,0.42358872294425964
YLR137W,YCL045C,0,2.5665658,0.172311931848526,0.8101851940155029,0.42368951439857483
YNL180C,YML087C,0,2.5655875,0.1722780019044876,0.8101851940155029,0.4237903356552124
YGR161C-D,YGR133W,0,2.564998,0.1722441017627716,0.8101851940155029,0.4238911271095276
YOL012C,YPR199C,0,2.5647495,0.1722102016210556,0.8101851940155029,0.42399194836616516
YBL107C,YOR014W,0,2.5639026,0.1721763014793396,0.8101851940155029,0.42409273982048035
YOR014W,YOL040C,0,2.5638306,0.17214243113994598,0.8101851940155029,0.4241935610771179
YLR318W,YOR022C,0,2.5633442,0.17210857570171356,0.8101851940155029,0.4242943525314331
YML086C,YBR035C,1,2.563313,0.17227138578891754,0.8111110925674438,0.4242943525314331
YDL188C,YLR248W,0,2.5632498,0.17223751544952393,0.8111110925674438,0.4243951737880707
YMR134W,YDR459C,0,2.5630987,0.1722036600112915,0.8111110925674438,0.42449596524238586
YGR135W,YDL195W,0,2.562667,0.17216980457305908,0.8111110925674438,0.42459678649902344
YOL064C,YER041W,0,2.562269,0.17213597893714905,0.8111110925674438,0.4246975779533386
YOR388C,YOL087C,0,2.5615528,0.1721021682024002,0.8111110925674438,0.4247983992099762
YHR023W,YLL009C,0,2.56154,0.17206835746765137,0.8111110925674438,0.4248991906642914
YFR005C,YER163C,0,2.5607982,0.17203456163406372,0.8111110925674438,0.42500001192092896
YBR021W,YDR320C,0,2.5605721,0.17200078070163727,0.8111110925674438,0.42510080337524414
YCL038C,YGL063W,0,2.5605416,0.171967014670372,0.8111110925674438,0.4252016246318817
YNR007C,YDR474C,0,2.5598814,0.17193326354026794,0.8111110925674438,0.4253024160861969
YEL005C,YGL254W,0,2.5593994,0.17189952731132507,0.8111110925674438,0.4254032373428345
YLR157C-A,YDR055W,0,2.5592763,0.1718658059835434,0.8111110925674438,0.42550402879714966
YNR038W,YAL001C,0,2.5592282,0.17183208465576172,0.8111110925674438,0.42560485005378723
YGR251W,YER144C,0,2.5590708,0.17179839313030243,0.8111110925674438,0.4257056415081024
YGR156W,YCR087C-A,0,2.5590332,0.17176470160484314,0.8111110925674438,0.42580646276474
YOR237W,YPR030W,0,2.558968,0.17173103988170624,0.8111110925674438,0.4259072542190552
YPR147C,YPL275W,0,2.558283,0.17169737815856934,0.8111110925674438,0.42600807547569275
YLR389C,YFR042W,0,2.5581172,0.17166373133659363,0.8111110925674438,0.42610886693000793
YMR197C,YBL027W,0,2.5574286,0.1716300994157791,0.8111110925674438,0.4262096881866455
YML019W,YMR079W,0,2.557093,0.1715964674949646,0.8111110925674438,0.4263104796409607
YFR019W,YDR287W,0,2.557029,0.17156286537647247,0.8111110925674438,0.42641130089759827
YKR056W,YDR503C,0,2.556959,0.17152927815914154,0.8111110925674438,0.42651209235191345
YPR158C-C,YPR110C,0,2.5566843,0.1714956909418106,0.8111110925674438,0.426612913608551
YBL059C-A,YNL256W,1,2.5565095,0.17165786027908325,0.8120370507240295,0.426612913608551
YBL069W,YDR077W,0,2.5563953,0.17162427306175232,0.8120370507240295,0.4267137050628662
YDR273W,YGL082W,0,2.5563939,0.1715906858444214,0.8120370507240295,0.4268145263195038
YHR044C,YNL049C,0,2.5562973,0.17155711352825165,0.8120370507240295,0.42691531777381897
YDR386W,YDR034C-C,0,2.5552952,0.1715235710144043,0.8120370507240295,0.42701613903045654
YER142C,YJR118C,0,2.5551877,0.17149002850055695,0.8120370507240295,0.42711693048477173
YLR088W,YHR059W,0,2.5550597,0.1714565008878708,0.8120370507240295,0.4272177517414093
YDR261W-B,YAL008W,0,2.5548341,0.17142298817634583,0.8120370507240295,0.4273185431957245
YGL023C,YLR438C-A,0,2.5545096,0.17138949036598206,0.8120370507240295,0.42741936445236206
YLR013W,YFL011W-A,0,2.5543702,0.1713559925556183,0.8120370507240295,0.42752015590667725
YOR311C,YNL181W,0,2.5535057,0.1713225245475769,0.8120370507240295,0.4276209771633148
YPR005C,YPR091C,0,2.553366,0.17128905653953552,0.8120370507240295,0.42772176861763
YNL145W,YOL077W-A,0,2.5530322,0.17125561833381653,0.8120370507240295,0.4278225898742676
YNL317W,YDR261W-B,0,2.5530057,0.17122218012809753,0.8120370507240295,0.42792338132858276
YMR109W,YNL048W,0,2.5527625,0.17118875682353973,0.8120370507240295,0.42802420258522034
YLR318W,YGR203W,0,2.5524724,0.17115534842014313,0.8120370507240295,0.4281249940395355
YAR031W,YOR343W-B,0,2.552441,0.17112195491790771,0.8120370507240295,0.4282258152961731
YHR197W,YLR380W,0,2.5520344,0.1710885614156723,0.8120370507240295,0.4283266067504883
YMR219W,YKL077W,0,2.5515425,0.17105519771575928,0.8120370507240295,0.42842742800712585
YDR513W,YCL004W,0,2.5513756,0.17102183401584625,0.8120370507240295,0.42852821946144104
YHL017W,YHL009W-A,0,2.551259,0.17098850011825562,0.8120370507240295,0.4286290407180786
YDR487C,YHL022C,0,2.550965,0.17095516622066498,0.8120370507240295,0.4287298321723938
YML040W,YAR014C,0,2.5509305,0.17092184722423553,0.8120370507240295,0.42883065342903137
YPL228W,YGR109W-A,0,2.5508409,0.17088854312896729,0.8120370507240295,0.42893144488334656
YGR274C,YLR042C,0,2.550814,0.17085525393486023,0.8120370507240295,0.42903226613998413
YPL164C,YJR141W,0,2.5505874,0.17082196474075317,0.8120370507240295,0.4291330575942993
YOR161C,YDR374W-A,0,2.5505292,0.1707887053489685,0.8120370507240295,0.4292338788509369
YKL065W-A,YCL004W,0,2.5504208,0.17075544595718384,0.8120370507240295,0.4293346703052521
YMR311C,YGR178C,0,2.549887,0.17072221636772156,0.8120370507240295,0.42943549156188965
YPR147C,YKR086W,0,2.5496721,0.17068898677825928,0.8120370507240295,0.42953628301620483
YDL036C,YCL001W,0,2.5493257,0.1706557720899582,0.8120370507240295,0.4296371042728424
YOR173W,YFR019W,0,2.549227,0.1706225723028183,0.8120370507240295,0.4297378957271576
YKL152C,YIL107C,0,2.5490243,0.1705893725156784,0.8120370507240295,0.42983871698379517
YBL078C,YIL008W,0,2.5487945,0.1705562025308609,0.8120370507240295,0.42993950843811035
YDR374W-A,YOR189W,0,2.5486133,0.1705230474472046,0.8120370507240295,0.4300403296947479
YGL066W,YDR210W-B,0,2.5486012,0.17048989236354828,0.8120370507240295,0.4301411211490631
YBR236C,YOL026C,0,2.5485454,0.17045675218105316,0.8120370507240295,0.4302419424057007
YER039C,YCL058W-A,0,2.548245,0.17042362689971924,0.8120370507240295,0.43034273386001587
YLR330W,YPR118W,0,2.548172,0.1703905165195465,0.8120370507240295,0.43044355511665344
YDR350C,YOR343W-B,0,2.547609,0.17035742104053497,0.8120370507240295,0.43054434657096863
YOR237W,YLR025W,0,2.5475576,0.17032434046268463,0.8120370507240295,0.4306451678276062
YOR343W-B,YDR480W,0,2.547315,0.1702912598848343,0.8120370507240295,0.4307459592819214
YJL180C,YFL035C-A,0,2.5460865,0.17025820910930634,0.8120370507240295,0.43084678053855896
YGL080W,YJL104W,1,2.5456212,0.17041926085948944,0.8129629492759705,0.43084678053855896
YOR020W-A,YGL082W,0,2.5453656,0.1703861802816391,0.8129629492759705,0.43094757199287415
YGR294W,YOR259C,0,2.545282,0.17035312950611115,0.8129629492759705,0.4310483932495117
YDL217C,YER074W,0,2.5449433,0.1703200787305832,0.8129629492759705,0.4311491847038269
YJR118C,YNL286W,0,2.5447252,0.17028704285621643,0.8129629492759705,0.4312500059604645
YDR472W,YGR203W,0,2.5439332,0.17025402188301086,0.8129629492759705,0.43135079741477966
YAR010C,YCL038C,0,2.5433085,0.1702210158109665,0.8129629492759705,0.43145161867141724
YJL010C,YGL204C,0,2.5432475,0.1701880246400833,0.8129629492759705,0.4315524101257324
YDR294C,YAL025C,0,2.5432365,0.17015503346920013,0.8129629492759705,0.43165323138237
YPL228W,YPL275W,0,2.5430372,0.17012207210063934,0.8129629492759705,0.4317540228366852
YER179W,YLR110C,0,2.5428152,0.17008911073207855,0.8129629492759705,0.43185484409332275
YKR007W,YER119C,0,2.5427725,0.17005616426467896,0.8129629492759705,0.43195563554763794
YNL258C,YCR045C,0,2.5427568,0.17002323269844055,0.8129629492759705,0.4320564568042755
YOL021C,YLR109W,0,2.5426488,0.16999031603336334,0.8129629492759705,0.4321572482585907
YDR057W,YDL063C,0,2.5416934,0.16995741426944733,0.8129629492759705,0.43225806951522827
YMR008C,YER178W,0,2.5412576,0.1699245274066925,0.8129629492759705,0.43235886096954346
YNL186W,YLR092W,0,2.5410833,0.16989164054393768,0.8129629492759705,0.43245968222618103
YNL092W,YPR125W,0,2.5410776,0.16985876858234406,0.8129629492759705,0.4325604736804962
YMR009W,YIL099W,0,2.540843,0.16982591152191162,0.8129629492759705,0.4326612949371338
YNL181W,YAL008W,0,2.540554,0.16979306936264038,0.8129629492759705,0.432762086391449
YER014W,YGR027W-A,0,2.5404594,0.16976024210453033,0.8129629492759705,0.43286290764808655
YLR224W,YJL209W,0,2.5399044,0.16972742974758148,0.8129629492759705,0.43296369910240173
YLR109W,YLR066W,0,2.5398731,0.16969463229179382,0.8129629492759705,0.4330645203590393
YMR258C,YML075C,0,2.5393684,0.16966183483600616,0.8129629492759705,0.4331653118133545
YLR157C-A,YMR135C,0,2.539141,0.1696290522813797,0.8129629492759705,0.43326613306999207
YBR003W,YPL204W,0,2.5389373,0.16959628462791443,0.8129629492759705,0.43336692452430725
YER087C-A,YLR286C,0,2.5383718,0.16956353187561035,0.8129629492759705,0.4334677457809448
YPR147C,YIL114C,0,2.5383453,0.16953079402446747,0.8129629492759705,0.43356853723526
YDR210W-B,YDL122W,0,2.5380685,0.16949807107448578,0.8129629492759705,0.4336693584918976
YNR008W,YOL120C,0,2.5379431,0.1694653481245041,0.8129629492759705,0.43377014994621277
YMR071C,YAL029C,0,2.5373597,0.1694326549768448,0.8129629492759705,0.43387097120285034
YML103C,YKL100C,0,2.5373218,0.16939996182918549,0.8129629492759705,0.4339717626571655
YPR091C,YGR249W,0,2.5372236,0.16936728358268738,0.8129629492759705,0.4340725839138031
YNL169C,YLR099W-A,1,2.5371342,0.16952748596668243,0.8138889074325562,0.4340725839138031
YDL126C,YGL082W,0,2.536381,0.16949479281902313,0.8138889074325562,0.4341733753681183
YKL040C,YGR251W,0,2.5363374,0.16946211457252502,0.8138889074325562,0.43427419662475586
YJR024C,YOL138C,0,2.5363233,0.1694294512271881,0.8138889074325562,0.43437498807907104
YMR182C,YHR167W,0,2.5360796,0.1693968027830124,0.8138889074325562,0.4344758093357086
YMR037C,YCR069W,0,2.5356352,0.16936416923999786,0.8138889074325562,0.4345766007900238
YML087C,YDL217C,0,2.535359,0.16933153569698334,0.8138889074325562,0.4346774220466614
YJL186W,YPR137C-A,0,2.535354,0.16929891705513,0.8138889074325562,0.43477821350097656
YDL121C,YER074W,0,2.5345778,0.16926631331443787,0.8138889074325562,0.43487903475761414
YKL125W,YBL005W-A,0,2.534291,0.16923372447490692,0.8138889074325562,0.4349798262119293
YBR240C,YNR037C,0,2.5342753,0.16920115053653717,0.8138889074325562,0.4350806474685669
YOR089C,YGR015C,1,2.5336697,0.16936103999614716,0.8148148059844971,0.4350806474685669
YGR203W,YOR343W-B,0,2.533294,0.1693284660577774,0.8148148059844971,0.4351814389228821
YLR050C,YDR055W,0,2.5332124,0.16929587721824646,0.8148148059844971,0.43528226017951965
YJR111C,YDR410C,0,2.5330155,0.1692633181810379,0.8148148059844971,0.43538305163383484
YML040W,YDR134C,0,2.5326889,0.16923077404499054,0.8148148059844971,0.4354838728904724
YDL213C,YFL002W-A,0,2.5324426,0.16919822990894318,0.8148148059844971,0.4355846643447876
YNR049C,YOR343W-B,0,2.5324285,0.169165700674057,0.8148148059844971,0.43568548560142517
YGR274C,YBR096W,0,2.5316904,0.16913318634033203,0.8148148059844971,0.43578627705574036
YKL212W,YBR013C,0,2.531424,0.16910068690776825,0.8148148059844971,0.43588709831237793
YGR161C-C,YMR311C,0,2.5303764,0.16906820237636566,0.8148148059844971,0.4359878897666931
YGR161W-B,YGR289C,0,2.5301988,0.16903573274612427,0.8148148059844971,0.4360887110233307
YEL020C,YMR219W,0,2.5297017,0.16900326311588287,0.8148148059844971,0.4361895024776459
YDR294C,YNL262W,0,2.5296388,0.16897080838680267,0.8148148059844971,0.43629032373428345
YDR427W,YOR306C,0,2.529613,0.16893836855888367,0.8148148059844971,0.43639111518859863
YLR426W,YOR137C,0,2.5295265,0.16890594363212585,0.8148148059844971,0.4364919364452362
YBR031W,YGR184C,0,2.5295193,0.16887353360652924,0.8148148059844971,0.4365927278995514
YLL049W,YOR390W,0,2.529425,0.1688411384820938,0.8148148059844971,0.43669354915618896
YPL194W,YER163C,0,2.5292444,0.1688087433576584,0.8148148059844971,0.43679434061050415
YDR513W,YML045W-A,0,2.5291526,0.16877637803554535,0.8148148059844971,0.4368951618671417
YFL035C-A,YNL087W,0,2.529059,0.1687440127134323,0.8148148059844971,0.4369959533214569
YLR446W,YNL159C,0,2.5279496,0.16871166229248047,0.8148148059844971,0.4370967745780945
YMR152W,YDR150W,0,2.5277703,0.16867931187152863,0.8148148059844971,0.43719756603240967
YKL023W,YDR485C,0,2.52761,0.16864699125289917,0.8148148059844971,0.43729838728904724
YLR067C,YHR086W,0,2.527514,0.16861467063426971,0.8148148059844971,0.4373991787433624
YOR019W,YNL284C-A,0,2.527425,0.16858237981796265,0.8148148059844971,0.4375
YFL039C,YOL057W,0,2.5263858,0.16855008900165558,0.8148148059844971,0.4376008212566376
YOL053C-A,YJL062W,0,2.5263693,0.1685178130865097,0.8148148059844971,0.43770161271095276
YGR065C,YBL027W,0,2.5256367,0.16848555207252502,0.8148148059844971,0.43780243396759033
YPL064C,YDR034C-D,0,2.5252664,0.16845329105854034,0.8148148059844971,0.4379032254219055
YBR246W,YDR134C,0,2.5240152,0.16842105984687805,0.8148148059844971,0.4380040466785431
YAL008W,YKL152C,1,2.523744,0.16858017444610596,0.8157407641410828,0.4380040466785431
YMR134W,YJR141W,0,2.522736,0.16854792833328247,0.8157407641410828,0.4381048381328583
YDR288W,YBR013C,0,2.522447,0.16851568222045898,0.8157407641410828,0.43820565938949585
YMR041C,YIL166C,0,2.522415,0.1684834510087967,0.8157407641410828,0.43830645084381104
YNR002C,YCL058W-A,0,2.5223339,0.1684512495994568,0.8157407641410828,0.4384072721004486
YBL007C,YIL043C,0,2.522158,0.1684190332889557,0.8157407641410828,0.4385080635547638
YOR334W,YHR135C,1,2.5216134,0.16857798397541046,0.8166666626930237,0.4385080635547638
YDR011W,YPR041W,0,2.5216038,0.16854576766490936,0.8166666626930237,0.43860888481140137
YDR350C,YDR231C,1,2.5212963,0.16870462894439697,0.8175926208496094,0.43860888481140137
YBL007C,YDR365W-B,0,2.5207744,0.16867239773273468,0.8175926208496094,0.43870967626571655
YOL023W,YLR438C-A,0,2.520267,0.16864018142223358,0.8175926208496094,0.4388104975223541
YGR260W,YGL257C,0,2.5201845,0.16860798001289368,0.8175926208496094,0.4389112889766693
YDR177W,YLR053C,0,2.520151,0.16857579350471497,0.8175926208496094,0.4390121102333069
YGL181W,YPR192W,0,2.5198867,0.16854362189769745,0.8175926208496094,0.43911290168762207
YER060W,YLR227W-A,0,2.5185876,0.16851145029067993,0.8175926208496094,0.43921372294425964
YDR457W,YHR112C,0,2.517761,0.1684792935848236,0.8175926208496094,0.43931451439857483
YHR156C,YAR003W,0,2.51765,0.16844715178012848,0.8175926208496094,0.4394153356552124
YDR350C,YKR071C,1,2.517488,0.1686057597398758,0.8185185194015503,0.4394153356552124
YOR027W,YGR038C-A,0,2.5168464,0.16857360303401947,0.8185185194015503,0.4395161271095276
YDR108W,YJL055W,0,2.5162013,0.16854146122932434,0.8185185194015503,0.43961694836616516
YJL153C,YGL240W,0,2.5161636,0.1685093343257904,0.8185185194015503,0.43971773982048035
YER055C,YKL152C,0,2.515852,0.16847722232341766,0.8185185194015503,0.4398185610771179
YOL120C,YNL181W,0,2.5158434,0.16844512522220612,0.8185185194015503,0.4399193525314331
YOR320C,YMR219W,0,2.5154374,0.16841302812099457,0.8185185194015503,0.4400201737880707
YLR407W,YMR078C,0,2.514649,0.1683809459209442,0.8185185194015503,0.44012096524238586
YML104C,YBR141C,0,2.5144856,0.16834887862205505,0.8185185194015503,0.44022178649902344
YML045W-A,YCR101C,0,2.5143425,0.1683168262243271,0.8185185194015503,0.4403225779533386
YDR506C,YKL033W-A,0,2.5140734,0.16828478872776031,0.8185185194015503,0.4404233992099762
YGL067W,YPR107C,0,2.5127943,0.16825276613235474,0.8185185194015503,0.4405241906642914
YBR220C,YBL016W,0,2.5127695,0.16822074353694916,0.8185185194015503,0.44062501192092896
YJR107W,YDR504C,0,2.5126944,0.16818873584270477,0.8185185194015503,0.44072580337524414
YER174C,YHR198C,0,2.5118606,0.16815674304962158,0.8185185194015503,0.4408266246318817
YCL044C,YIL111W,1,2.5117152,0.16831494867801666,0.8194444179534912,0.4408266246318817
YFR024C-A,YDL072C,0,2.5113993,0.16828294098377228,0.8194444179534912,0.4409274160861969
YPR065W,YOL047C,0,2.5113914,0.1682509481906891,0.8194444179534912,0.4410282373428345
YPL001W,YNR013C,0,2.5113156,0.1682189702987671,0.8194444179534912,0.44112902879714966
YPR158C-C,YML026C,0,2.5112607,0.1681870073080063,0.8194444179534912,0.44122985005378723
YOR353C,YNL098C,0,2.5108511,0.16815504431724548,0.8194444179534912,0.4413306415081024
YOR388C,YKL119C,0,2.5108063,0.16812309622764587,0.8194444179534912,0.44143146276474
YPL191C,YPL175W,0,2.5104613,0.16809116303920746,0.8194444179534912,0.4415322542190552
YIL137C,YOR343W-B,0,2.5102909,0.16805924475193024,0.8194444179534912,0.44163307547569275
YIL022W,YHR117W,1,2.5099907,0.16821719706058502,0.8203703761100769,0.44163307547569275
YER190W,YCR038C,0,2.5098574,0.1681852638721466,0.8203703761100769,0.44173386693000793
YBR150C,YOR266W,1,2.5096993,0.16834314167499542,0.8212962746620178,0.44173386693000793
YML106W,YDL216C,0,2.5095973,0.1683111935853958,0.8212962746620178,0.4418346881866455
YBL040C,YPR107C,0,2.5094948,0.1682792603969574,0.8212962746620178,0.4419354796409607
YLR071C,YML131W,0,2.509238,0.16824734210968018,0.8212962746620178,0.44203630089759827
YJR054W,YGR184C,0,2.508486,0.16821543872356415,0.8212962746620178,0.44213709235191345
YGL076C,YDR038C,0,2.508167,0.16818353533744812,0.8212962746620178,0.442237913608551
YNR054C,YJR054W,0,2.5079777,0.16815166175365448,0.8212962746620178,0.4423387050628662
YDR457W,YGL206C,0,2.5078704,0.16811978816986084,0.8212962746620178,0.4424395263195038
YGR038C-A,YPR095C,0,2.5074866,0.1680879294872284,0.8212962746620178,0.44254031777381897
YGR154C,YDR244W,0,2.5073164,0.16805608570575714,0.8212962746620178,0.44264113903045654
YLR435W,YHL009W-A,0,2.5071976,0.1680242419242859,0.8212962746620178,0.44274193048477173
YDR261W-B,YJR099W,0,2.5070338,0.16799242794513702,0.8212962746620178,0.4428427517414093
YOL053C-A,YCL052C,0,2.5069797,0.16796061396598816,0.8212962746620178,0.4429435431957245
YJR058C,YOR030W,0,2.5068996,0.1679288148880005,0.8212962746620178,0.44304436445236206
YOL053C-A,YPR133C,0,2.506788,0.167897030711174,0.8212962746620178,0.44314515590667725
YGR161W-B,YHR161C,0,2.5065742,0.16786524653434753,0.8212962746620178,0.4432459771633148
YER190W,YGR203W,0,2.5062535,0.16783349215984344,0.8212962746620178,0.44334676861763
YGR135W,YOR066W,0,2.5061815,0.16780173778533936,0.8212962746620178,0.4434475898742676
YPR204W,YKL020C,0,2.505935,0.16776999831199646,0.8212962746620178,0.44354838132858276
YNL317W,YOR343W-B,0,2.5056922,0.16773827373981476,0.8212962746620178,0.44364920258522034
YMR071C,YDL063C,0,2.5050898,0.16770656406879425,0.8212962746620178,0.4437499940395355
YLL005C,YHR198C,0,2.5050037,0.16767485439777374,0.8212962746620178,0.4438508152961731
YGR109W-B,YGL054C,0,2.5048516,0.16764317452907562,0.8212962746620178,0.4439516067504883
YOR151C,YBL078C,0,2.5042686,0.1676114946603775,0.8212962746620178,0.44405242800712585
YFR005C,YOR266W,0,2.504224,0.16757982969284058,0.8212962746620178,0.44415321946144104
YDR260C,YLR367W,0,2.5040286,0.16754816472530365,0.8212962746620178,0.4442540407180786
YDR090C,YFR037C,0,2.5038128,0.1675165295600891,0.8212962746620178,0.4443548321723938
YJR141W,YNL117W,0,2.5037382,0.16748489439487457,0.8212962746620178,0.44445565342903137
YNL151C,YCL058W-A,0,2.5035534,0.16745327413082123,0.8212962746620178,0.44455644488334656
YDL116W,YER018C,0,2.5033467,0.16742166876792908,0.8212962746620178,0.44465726613998413
YOR130C,YBR091C,1,2.5032227,0.167578786611557,0.8222222328186035,0.44465726613998413
YEL063C,YGR088W,0,2.503017,0.16754716634750366,0.8222222328186035,0.4447580575942993
YLR193C,YLL012W,0,2.5027745,0.1675155609846115,0.8222222328186035,0.4448588788509369
YLR426W,YDR365W-A,0,2.5022519,0.16748397052288055,0.8222222328186035,0.4449596703052521
YDR195W,YJL037W,0,2.5018418,0.1674523800611496,0.8222222328186035,0.44506049156188965
YER075C,YCR075C,0,2.5017269,0.16742081940174103,0.8222222328186035,0.44516128301620483
YLR367W,YER055C,0,2.5013452,0.16738925874233246,0.8222222328186035,0.4452621042728424
YOR221C,YBL108C-A,0,2.5012407,0.16735771298408508,0.8222222328186035,0.4453628957271576
YMR218C,YOL047C,0,2.5008056,0.1673261672258377,0.8222222328186035,0.44546371698379517
YBR095C,YHR215W,0,2.499931,0.16729465126991272,0.8222222328186035,0.44556450843811035
YOR030W,YPR113W,0,2.4994464,0.16726313531398773,0.8222222328186035,0.4456653296947479
YFL040W,YGR271C-A,0,2.4989522,0.16723163425922394,0.8222222328186035,0.4457661211490631
YGR255C,YMR301C,1,2.498885,0.1673884391784668,0.8231481313705444,0.4457661211490631
YPR158W-B,YGR156W,0,2.4982796,0.1673569232225418,0.8231481313705444,0.4458669424057007
YJL206C,YDR459C,0,2.4980595,0.16732542216777802,0.8231481313705444,0.44596773386001587
YFL038C,YML110C,0,2.4978392,0.16729393601417542,0.8231481313705444,0.44606855511665344
YHL009W-A,YML131W,0,2.497639,0.167262464761734,0.8231481313705444,0.44616934657096863
YPL190C,YCR083W,0,2.4976125,0.1672309935092926,0.8231481313705444,0.4462701678276062
YLR157C-A,YPL135W,0,2.497247,0.16719955205917358,0.8231481313705444,0.4463709592819214
YBR148W,YIL022W,0,2.4971187,0.16716811060905457,0.8231481313705444,0.44647178053855896
YGL232W,YCR087C-A,0,2.4967973,0.16713668406009674,0.8231481313705444,0.44657257199287415
YIL002C,YLR193C,0,2.4967387,0.16710525751113892,0.8231481313705444,0.4466733932495117
YGR109W-B,YGL082W,0,2.4966176,0.16707386076450348,0.8231481313705444,0.4467741847038269
YLR407W,YEL031W,0,2.496554,0.16704246401786804,0.8231481313705444,0.4468750059604645
YGR084C,YNL014W,0,2.4952042,0.1670110821723938,0.8231481313705444,0.44697579741477966
YLR066W,YJR147W,0,2.4948876,0.16697971522808075,0.8231481313705444,0.44707661867141724
YOL057W,YDL021W,0,2.4943702,0.1669483631849289,0.8231481313705444,0.4471774101257324
YOR365C,YKL020C,0,2.494328,0.16691701114177704,0.8231481313705444,0.44727823138237
YNL180C,YPL227C,0,2.4939883,0.16688567399978638,0.8231481313705444,0.4473790228366852
YLR172C,YOR022C,0,2.4936063,0.1668543517589569,0.8231481313705444,0.44747984409332275
YER163C,YBR205W,0,2.4935973,0.16682304441928864,0.8231481313705444,0.44758063554763794
YFL044C,YOR242C,0,2.4935572,0.16679175198078156,0.8231481313705444,0.4476814568042755
YML043C,YPR192W,0,2.4934583,0.16676045954227448,0.8231481313705444,0.4477822482585907
YOR266W,YOR246C,0,2.4931865,0.1667291820049286,0.8231481313705444,0.44788306951522827
YDR284C,YOR143C,0,2.493081,0.1666979193687439,0.8231481313705444,0.44798386096954346
YDL116W,YNL145W,0,2.4926984,0.1666666716337204,0.8231481313705444,0.44808468222618103
YBR239C,YLL039C,0,2.492588,0.1666354238986969,0.8231481313705444,0.4481854736804962
YDR122W,YHR109W,0,2.4925394,0.1666041910648346,0.8231481313705444,0.4482862949371338
YKR106W,YPL052W-A,0,2.4924433,0.16657298803329468,0.8231481313705444,0.448387086391449
YNL122C,YBR074W,0,2.4923155,0.16654177010059357,0.8231481313705444,0.44848790764808655
YDR092W,YBR090C-A,0,2.4921572,0.16651058197021484,0.8231481313705444,0.44858869910240173
YLR388W,YLL039C,0,2.492062,0.16647939383983612,0.8231481313705444,0.4486895203590393
YKL002W,YMR122W-A,0,2.4920087,0.16644823551177979,0.8231481313705444,0.4487903118133545
YFL011W-A,YER075C,0,2.4918234,0.16641707718372345,0.8231481313705444,0.44889113306999207
YOR336W,YPR137C-A,0,2.4917948,0.16638591885566711,0.8231481313705444,0.44899192452430725
YDR280W,YKL077W,0,2.4906275,0.16635479032993317,0.8231481313705444,0.4490927457809448
YCR027C,YKL224C,0,2.4905164,0.16632366180419922,0.8231481313705444,0.44919353723526
YBR297W,YLR136C,0,2.49037,0.16629254817962646,0.8231481313705444,0.4492943584918976
YKR020W,YJL062W,0,2.4898896,0.1662614494562149,0.8231481313705444,0.44939514994621277
YEL047C,YML045W-A,0,2.489412,0.16623036563396454,0.8231481313705444,0.44949597120285034
YOL052C,YER038C,0,2.4889715,0.16619929671287537,0.8231481313705444,0.4495967626571655
YIL097W,YER140W,0,2.4888663,0.1661682277917862,0.8231481313705444,0.4496975839138031
YPL158C,YKL103C,0,2.4887059,0.16613717377185822,0.8231481313705444,0.4497983753681183
YDR459C,YAL030W,0,2.488547,0.16610613465309143,0.8231481313705444,0.44989919662475586
YDR334W,YEL031W,0,2.4881399,0.16607509553432465,0.8231481313705444,0.44999998807907104
YMR035W,YAR008W,1,2.4878647,0.16623085737228394,0.8240740895271301,0.44999998807907104
YGR095C,YDL206W,0,2.4878538,0.16619981825351715,0.8240740895271301,0.4501008093357086
YNL151C,YBR170C,0,2.4873736,0.16616877913475037,0.8240740895271301,0.4502016007900238
YDL013W,YCR087C-A,0,2.4869752,0.16613776981830597,0.8240740895271301,0.4503024220466614
YLR110C,YAL041W,0,2.4868562,0.16610676050186157,0.8240740895271301,0.45040321350097656
YOR178C,YHR179W,0,2.4867597,0.16607576608657837,0.8240740895271301,0.45050403475761414
YER144C,YLR452C,0,2.48658,0.16604477167129517,0.8240740895271301,0.4506048262119293
YGR249W,YBR013C,0,2.4865308,0.16601380705833435,0.8240740895271301,0.4507056474685669
YPR116W,YGR192C,0,2.4861715,0.16598284244537354,0.8240740895271301,0.4508064389228821
YAR002W,YHR086W,0,2.486152,0.1659518927335739,0.8240740895271301,0.45090726017951965
YLR394W,YHR023W,0,2.485941,0.16592095792293549,0.8240740895271301,0.45100805163383484
YGL204C,YHR215W,0,2.4848516,0.16589002311229706,0.8240740895271301,0.4511088728904724
YLR227W-A,YGR256W,0,2.4843204,0.16585911810398102,0.8240740895271301,0.4512096643447876
YML061C,YGR086C,1,2.4842649,0.16601453721523285,0.824999988079071,0.4512096643447876
YCR086W,YGL101W,0,2.4839725,0.16598360240459442,0.824999988079071,0.45131048560142517
YHL009W-A,YCR065W,0,2.4836433,0.16595269739627838,0.824999988079071,0.45141127705574036
YMR018W,YMR301C,0,2.4836247,0.16592179238796234,0.824999988079071,0.45151209831237793
YLR050C,YBL101C,0,2.4834933,0.1658909022808075,0.824999988079071,0.4516128897666931
YNL222W,YCL045C,0,2.4827602,0.16586001217365265,0.824999988079071,0.4517137110233307
YLR215C,YER185W,0,2.4819455,0.1658291518688202,0.824999988079071,0.4518145024776459
YNL217W,YOL023W,0,2.4818106,0.16579829156398773,0.824999988079071,0.45191532373428345
YGR271W,YPL042C,0,2.4812994,0.16576744616031647,0.824999988079071,0.45201611518859863
YPR147C,YDL195W,0,2.4810522,0.1657366007566452,0.824999988079071,0.4521169364452362
YDL084W,YOL100W,0,2.4809816,0.16570578515529633,0.824999988079071,0.4522177278995514
YOR091W,YHR079C-B,0,2.480345,0.16567496955394745,0.824999988079071,0.45231854915618896
YOR365C,YHR179W,0,2.4798553,0.16564416885375977,0.824999988079071,0.45241934061050415
YPR052C,YNL049C,0,2.4791958,0.16561338305473328,0.824999988079071,0.4525201618671417
YER017C,YDR306C,0,2.4787977,0.16558261215686798,0.824999988079071,0.4526209533214569
YGR038C-A,YOR246C,0,2.4786747,0.16555184125900269,0.824999988079071,0.4527217745780945
YBR090C-A,YOR327C,0,2.4785411,0.16552108526229858,0.824999988079071,0.45282256603240967
YDR350C,YOR228C,1,2.4782364,0.1656760722398758,0.8259259462356567,0.45282256603240967
YKL203C,YHR143W,0,2.4782238,0.1656453162431717,0.8259259462356567,0.45292338728904724
YER078C,YJL008C,0,2.477874,0.1656145602464676,0.8259259462356567,0.4530241787433624
YGR161C-D,YHR203C,0,2.4777944,0.16558381915092468,0.8259259462356567,0.453125
YBR233W-A,YKL053C-A,0,2.47664,0.16555307805538177,0.8259259462356567,0.4532258212566376
YER078C,YOL120C,0,2.4761965,0.16552236676216125,0.8259259462356567,0.45332661271095276
YMR150C,YOL080C,0,2.4757028,0.16549165546894073,0.8259259462356567,0.45342743396759033
YDL217C,YML106W,0,2.475376,0.1654609590768814,0.8259259462356567,0.4535282254219055
YGL171W,YPL096C-A,0,2.4749877,0.16543026268482208,0.8259259462356567,0.4536290466785431
YJL058C,YDR474C,0,2.47487,0.16539959609508514,0.8259259462356567,0.4537298381328583
YLL050C,YKL210W,0,2.4746497,0.1653689295053482,0.8259259462356567,0.45383065938949585
YGR161W-B,YIL022W,0,2.4745724,0.16533827781677246,0.8259259462356567,0.45393145084381104
YJR140C,YPL131W,0,2.4745193,0.1653076410293579,0.8259259462356567,0.4540322721004486
YGR109W-B,YHL023C,0,2.4744189,0.16527700424194336,0.8259259462356567,0.4541330635547638
YFR045W,YPR118W,0,2.4743435,0.16524638235569,0.8259259462356567,0.45423388481140137
YBR201W,YMR071C,0,2.4741817,0.16521577537059784,0.8259259462356567,0.45433467626571655
YPL190C,YDR236C,0,2.4738052,0.16518518328666687,0.8259259462356567,0.4544354975223541
YHR016C,YNL251C,0,2.4729571,0.1651546061038971,0.8259259462356567,0.4545362889766693
YHR005C-A,YJL104W,1,2.47275,0.1653091460466385,0.8268518447875977,0.4545362889766693
YLR426W,YGL128C,0,2.472604,0.16527855396270752,0.8268518447875977,0.4546371102333069
YMR083W,YOL080C,0,2.4724987,0.16524796187877655,0.8268518447875977,0.45473790168762207
YOR142W,YFL041W,0,2.4719715,0.16521738469600677,0.8268518447875977,0.45483872294425964
YOL162W,YGL050W,0,2.4717498,0.1651868224143982,0.8268518447875977,0.45493951439857483
YML040W,YEL054C,0,2.4713743,0.1651562750339508,0.8268518447875977,0.4550403356552124
YGR162W,YBR096W,0,2.47106,0.1651257425546646,0.8268518447875977,0.4551411271095276
YER060W,YMR018W,0,2.470956,0.16509521007537842,0.8268518447875977,0.45524194836616516
YLR247C,YDL048C,0,2.4706063,0.16506469249725342,0.8268518447875977,0.45534273982048035
YOR341W,YNL186W,0,2.4704363,0.1650341898202896,0.8268518447875977,0.4554435610771179
YDR062W,YOR367W,0,2.4702008,0.165003702044487,0.8268518447875977,0.4555443525314331
YHR044C,YLR105C,0,2.4696133,0.1649732142686844,0.8268518447875977,0.4556451737880707
YAL063C,YBR295W,0,2.4689844,0.16494274139404297,0.8268518447875977,0.45574596524238586
YGL168W,YHR199C-A,0,2.468708,0.16491228342056274,0.8268518447875977,0.45584678649902344
YOL077W-A,YPL096C-A,0,2.4685705,0.16488182544708252,0.8268518447875977,0.4559475779533386
YCL052C,YGL108C,0,2.468149,0.16485139727592468,0.8268518447875977,0.4560483992099762
YDR034C-D,YCL045C,0,2.4677603,0.16482096910476685,0.8268518447875977,0.4561491906642914
YJL222W,YPR125W,0,2.4676085,0.1647905558347702,0.8268518447875977,0.45625001192092896
YPR052C,YGL079W,0,2.4674747,0.16476014256477356,0.8268518447875977,0.45635080337524414
YGR109W-A,YOR242C,0,2.467021,0.1647297590970993,0.8268518447875977,0.4564516246318817
YOR261C,YDR236C,0,2.466929,0.16469937562942505,0.8268518447875977,0.4565524160861969
YGR161C-D,YKL138C,0,2.4667144,0.164669007062912,0.8268518447875977,0.4566532373428345
YER014W,YDR523C,0,2.4665625,0.16463863849639893,0.8268518447875977,0.45675402879714966
YGR256W,YDR034C-C,0,2.4665077,0.16460829973220825,0.8268518447875977,0.45685485005378723
YJL002C,YOR153W,0,2.4663455,0.16457796096801758,0.8268518447875977,0.4569556415081024
YHR008C,YDL195W,0,2.4661548,0.1645476371049881,0.8268518447875977,0.45705646276474
YLR216C,YDR034C-D,0,2.466068,0.16451731324195862,0.8268518447875977,0.4571572542190552
YGR289C,YHR150W,0,2.466002,0.16448701918125153,0.8268518447875977,0.45725807547569275
YGL038C,YGR161W-B,0,2.4658394,0.16445672512054443,0.8268518447875977,0.45735886693000793
YPL115C,YPL275W,0,2.4656456,0.16442644596099854,0.8268518447875977,0.4574596881866455
YER140W,YML058W-A,0,2.4644558,0.16439616680145264,0.8268518447875977,0.4575604796409607
YOL072W,YFR016C,0,2.463846,0.16436591744422913,0.8268518447875977,0.45766130089759827
YDR531W,YPR046W,0,2.4637887,0.16433566808700562,0.8268518447875977,0.45776209235191345
YAR002C-A,YGL046W,0,2.4637463,0.1643054336309433,0.8268518447875977,0.457862913608551
YAL017W,YPL052W-A,0,2.4634073,0.16427519917488098,0.8268518447875977,0.4579637050628662
YGL067W,YOR162C,0,2.4624064,0.16424499452114105,0.8268518447875977,0.4580645263195038
YDL100C,YBR150C,0,2.461907,0.16421478986740112,0.8268518447875977,0.45816531777381897
YLR369W,YPR204W,0,2.4617324,0.1641846001148224,0.8268518447875977,0.45826613903045654
YGR194C,YHR179W,0,2.4616497,0.16415441036224365,0.8268518447875977,0.45836693048477173
YHR074W,YJR091C,0,2.461566,0.1641242355108261,0.8268518447875977,0.4584677517414093
YDR506C,YML093W,0,2.4615412,0.16409409046173096,0.8268518447875977,0.4585685431957245
YGR161W-B,YJR116W,0,2.4612875,0.1640639305114746,0.8268518447875977,0.45866936445236206
YML012W,YLR042C,0,2.460514,0.16403380036354065,0.8268518447875977,0.45877015590667725
YPL155C,YCR004C,0,2.4604945,0.1640036702156067,0.8268518447875977,0.4588709771633148
YBR239C,YHL009W-A,0,2.4604053,0.16397355496883392,0.8268518447875977,0.45897176861763
YJR006W,YGL033W,0,2.460362,0.16394345462322235,0.8268518447875977,0.4590725898742676
YGR082W,YOR085W,0,2.4600239,0.16391336917877197,0.8268518447875977,0.45917338132858276
YMR041C,YJR078W,0,2.4597623,0.1638832837343216,0.8268518447875977,0.45927420258522034
YPL064C,YHR091C,0,2.459472,0.1638532131910324,0.8268518447875977,0.4593749940395355
YJR106W,YEL004W,0,2.459432,0.16382315754890442,0.8268518447875977,0.4594758152961731
YNR018W,YMR301C,1,2.4588268,0.1639765202999115,0.8277778029441833,0.4594758152961731
YOR130C,YKL081W,0,2.4587307,0.16394644975662231,0.8277778029441833,0.4595766067504883
YLR197W,YDR261W-B,0,2.458643,0.16391639411449432,0.8277778029441833,0.45967742800712585
YDL100C,YER055C,0,2.4585268,0.16388633847236633,0.8277778029441833,0.45977821946144104
YHR058C,YGR283C,0,2.457434,0.16385629773139954,0.8277778029441833,0.4598790407180786
YOR109W,YGR071C,0,2.457348,0.16382627189159393,0.8277778029441833,0.4599798321723938
YLR394W,YLL038C,0,2.4572108,0.16379626095294952,0.8277778029441833,0.46008065342903137
YLR052W,YMR047C,0,2.4567847,0.1637662649154663,0.8277778029441833,0.46018144488334656
YGR220C,YMR219W,0,2.4562128,0.1637362688779831,0.8277778029441833,0.46028226613998413
YMR242C,YML075C,0,2.456124,0.16370628774166107,0.8277778029441833,0.4603830575942993
YCL050C,YDR459C,0,2.4558954,0.16367630660533905,0.8277778029441833,0.4604838788509369
YHR005C-A,YDR192C,0,2.4558084,0.16364635527133942,0.8277778029441833,0.4605846703052521
YJL058C,YDR210W-B,0,2.4555337,0.16361640393733978,0.8277778029441833,0.46068549156188965
YER106W,YDR034C-C,0,2.4554567,0.16358645260334015,0.8277778029441833,0.46078628301620483
YPL236C,YDL063C,0,2.454014,0.1635565310716629,0.8277778029441833,0.4608871042728424
YBR234C,YAL026C,0,2.4539952,0.16352660953998566,0.8277778029441833,0.4609878957271576
YPR111W,YHR143W,0,2.4538367,0.1634967029094696,0.8277778029441833,0.46108871698379517
YGR161W-B,YLR078C,0,2.4537265,0.16346681118011475,0.8277778029441833,0.46118950843811035
YMR100W,YGL063W,0,2.45348,0.16343693435192108,0.8277778029441833,0.4612903296947479
YML104C,YHL009W-A,0,2.4534156,0.16340705752372742,0.8277778029441833,0.4613911211490631
YDR144C,YIL022W,0,2.4529755,0.16337719559669495,0.8277778029441833,0.4614919424057007
YBR180W,YFR016C,0,2.4521518,0.16334734857082367,0.8277778029441833,0.46159273386001587
YER158C,YGR288W,0,2.4521067,0.1633175015449524,0.8277778029441833,0.46169355511665344
YGR161C-D,YNL088W,0,2.4519348,0.1632876694202423,0.8277778029441833,0.46179434657096863
YOR019W,YER106W,0,2.4517841,0.16325785219669342,0.8277778029441833,0.4618951678276062
YLR398C,YOL087C,0,2.4514263,0.16322804987430573,0.8277778029441833,0.4619959592819214
YFL002W-A,YML071C,0,2.451053,0.16319824755191803,0.8277778029441833,0.46209678053855896
YNL063W,YCL045C,0,2.450637,0.16316846013069153,0.8277778029441833,0.46219757199287415
YPL248C,YMR033W,0,2.4498103,0.16313868761062622,0.8277778029441833,0.4622983932495117
YDR457W,YPR199C,0,2.4490073,0.1631089150905609,0.8277778029441833,0.4623991847038269
YLR227W-A,YKL154W,0,2.4487956,0.163079172372818,0.8277778029441833,0.4625000059604645
YER145C,YFR019W,0,2.4485207,0.16304942965507507,0.8277778029441833,0.46260079741477966
YLR436C,YHR059W,0,2.4482932,0.16301968693733215,0.8277778029441833,0.46270161867141724
YJL002C,YDL013W,0,2.4477818,0.16298997402191162,0.8277778029441833,0.4628024101257324
YOL088C,YMR286W,0,2.4476745,0.1629602611064911,0.8277778029441833,0.46290323138237
YMR041C,YDR282C,0,2.447548,0.16293056309223175,0.8277778029441833,0.4630040228366852
YLR219W,YDL190C,0,2.4469512,0.1629008799791336,0.8277778029441833,0.46310484409332275
YOR019W,YML058W-A,0,2.4468544,0.16287119686603546,0.8277778029441833,0.46320563554763794
YML045W-A,YPL048W,0,2.446358,0.1628415286540985,0.8277778029441833,0.4633064568042755
YGR074W,YEL027W,0,2.4461267,0.16281187534332275,0.8277778029441833,0.4634072482585907
YCL038C,YCR080W,0,2.4459136,0.162782222032547,0.8277778029441833,0.46350806951522827
YGR027W-A,YOL163W,0,2.4453843,0.16275259852409363,0.8277778029441833,0.46360886096954346
YLL050C,YJR141W,0,2.445319,0.16272297501564026,0.8277778029441833,0.46370968222618103
YOR019W,YGR161C-C,0,2.4449952,0.1626933515071869,0.8277778029441833,0.4638104736804962
YGR109W-A,YNL048W,0,2.4446523,0.1626637578010559,0.8277778029441833,0.4639112949371338
YFR024C-A,YCL062W,0,2.4443932,0.16263416409492493,0.8277778029441833,0.464012086391449
YIL137C,YJL080C,0,2.4442816,0.16260458528995514,0.8277778029441833,0.46411290764808655
YER039C,YBR286W,0,2.4440048,0.16257500648498535,0.8277778029441833,0.46421369910240173
YGR109W-B,YJL132W,0,2.4439018,0.16254545748233795,0.8277778029441833,0.4643145203590393
YHR109W,YPR093C,0,2.4437292,0.16251590847969055,0.8277778029441833,0.4644153118133545
YDR165W,YLR248W,0,2.4435275,0.16248637437820435,0.8277778029441833,0.46451613306999207
YLR440C,YMR069W,0,2.4435163,0.16245684027671814,0.8277778029441833,0.46461692452430725
YHR035W,YPL135W,0,2.4431317,0.16242732107639313,0.8277778029441833,0.4647177457809448
YOL008W,YKL027W,1,2.4424,0.1625794768333435,0.8287037014961243,0.4647177457809448
YOR237W,YKL138C,0,2.4420516,0.1625499427318573,0.8287037014961243,0.46481853723526
YGR109W-B,YER096W,0,2.441583,0.1625204235315323,0.8287037014961243,0.4649193584918976
YKL152C,YFL027C,0,2.4414725,0.16249091923236847,0.8287037014961243,0.46502014994621277
YGR109W-B,YJL074C,0,2.4413583,0.16246142983436584,0.8287037014961243,0.46512097120285034
YBR239C,YPR111W,0,2.4412374,0.16243194043636322,0.8287037014961243,0.4652217626571655
YLR240W,YGR143W,0,2.4411805,0.1624024659395218,0.8287037014961243,0.4653225839138031
YJL140W,YPR103W,0,2.440525,0.16237300634384155,0.8287037014961243,0.4654233753681183
YGR229C,YNL138W,0,2.4404585,0.16234354674816132,0.8287037014961243,0.46552419662475586
YDR131C,YHR112C,0,2.440307,0.16231411695480347,0.8287037014961243,0.46562498807907104
YOL143C,YJR095W,1,2.4401677,0.16246600449085236,0.8296296000480652,0.46562498807907104
YML123C,YER017C,0,2.4399388,0.16243654489517212,0.8296296000480652,0.4657258093357086
YFR005C,YFL052W,0,2.4394107,0.16240710020065308,0.8296296000480652,0.4658266007900238
YOL052C,YCL001W,0,2.4392436,0.16237767040729523,0.8296296000480652,0.4659274220466614
YKL023W,YDL063C,0,2.43869,0.16234825551509857,0.8296296000480652,0.46602821350097656
YBR050C,YPR162C,0,2.4385772,0.16231884062290192,0.8296296000480652,0.46612903475761414
YML004C,YCR089W,0,2.4382637,0.16228944063186646,0.8296296000480652,0.4662298262119293
YJR117W,YHR214W,0,2.4378831,0.1622600555419922,0.8296296000480652,0.4663306474685669
YDR419W,YMR010W,0,2.4375262,0.16223067045211792,0.8296296000480652,0.4664314389228821
YOL057W,YGR070W,0,2.4374154,0.16220130026340485,0.8296296000480652,0.46653226017951965
YHL009W-A,YCR031C,0,2.4369137,0.16217194497585297,0.8296296000480652,0.46663305163383484
YLR440C,YGL079W,0,2.4363718,0.16214260458946228,0.8296296000480652,0.4667338728904724
YER174C,YGL229C,0,2.43619,0.1621132642030716,0.8296296000480652,0.4668346643447876
YDR500C,YPR116W,0,2.435984,0.1620839387178421,0.8296296000480652,0.46693548560142517
YNL055C,YNL328C,1,2.4359002,0.16223548352718353,0.8305555582046509,0.46693548560142517
YOL109W,YLR100W,1,2.4356158,0.16238698363304138,0.8314814567565918,0.46693548560142517
YCR023C,YBR141C,0,2.4350858,0.1623576134443283,0.8314814567565918,0.46703627705574036
YPR032W,YIL022W,0,2.4349744,0.16232827305793762,0.8314814567565918,0.46713709831237793
YHL046C,YPL268W,0,2.4349728,0.16229893267154694,0.8314814567565918,0.4672378897666931
YAL008W,YKL023W,0,2.4349167,0.16226960718631744,0.8314814567565918,0.4673387110233307
YER176W,YBL107C,0,2.4340088,0.16224028170108795,0.8314814567565918,0.4674395024776459
YFL057C,YOR022C,0,2.4332728,0.16221098601818085,0.8314814567565918,0.46754032373428345
YBR280C,YML081W,0,2.4326916,0.16218169033527374,0.8314814567565918,0.46764111518859863
YDL217C,YOR290C,0,2.4325802,0.16215239465236664,0.8314814567565918,0.4677419364452362
YPR185W,YHL017W,0,2.4324608,0.16212312877178192,0.8314814567565918,0.4678427278995514
YGR158C,YDL220C,0,2.4323673,0.1620938628911972,0.8314814567565918,0.46794354915618896
YOL077W-A,YPL172C,1,2.4323442,0.16224507987499237,0.8324074149131775,0.46794354915618896
YGR144W,YOL163W,0,2.4322455,0.16221581399440765,0.8324074149131775,0.46804434061050415
YHL009W-A,YNL055C,0,2.432068,0.16218654811382294,0.8324074149131775,0.4681451618671417
YOR266W,YKL152C,1,2.431359,0.16233766078948975,0.8333333134651184,0.4681451618671417
YER179W,YHR197W,0,2.4310844,0.16230838000774384,0.8333333134651184,0.4682459533214569
YPR061C,YFL066C,0,2.4308777,0.16227911412715912,0.8333333134651184,0.4683467745780945
YLR407W,YMR197C,0,2.4308727,0.1622498631477356,0.8333333134651184,0.46844756603240967
YLR350W,YPR113W,0,2.4306726,0.16222062706947327,0.8333333134651184,0.46854838728904724
YDL190C,YDR226W,0,2.4305527,0.16219139099121094,0.8333333134651184,0.4686491787433624
YGR109W-A,YDL190C,0,2.4303992,0.1621621549129486,0.8333333134651184,0.46875
YGR026W,YDL191W,0,2.4303503,0.16213294863700867,0.8333333134651184,0.4688508212566376
YJR111C,YDR504C,0,2.4301212,0.16210374236106873,0.8333333134651184,0.46895161271095276
YCL052C,YJR118C,0,2.429797,0.16207455098628998,0.8333333134651184,0.46905243396759033
YJL206C,YAR031W,0,2.4293861,0.16204537451267242,0.8333333134651184,0.4691532254219055
YDR414C,YER018C,0,2.4292274,0.16201619803905487,0.8333333134651184,0.4692540466785431
YJR060W,YMR281W,0,2.428983,0.1619870364665985,0.8333333134651184,0.4693548381328583
YNL129W,YPL089C,0,2.4288213,0.16195788979530334,0.8333333134651184,0.46945565938949585
YNL054W-A,YBR286W,0,2.4284325,0.16192875802516937,0.8333333134651184,0.46955645084381104
YPL042C,YDL065C,0,2.4277012,0.1618996262550354,0.8333333134651184,0.4696572721004486
YKL053C-A,YDR353W,1,2.427659,0.16205036640167236,0.8342592716217041,0.4696572721004486
YBR050C,YDR055W,0,2.4273396,0.1620212197303772,0.8342592716217041,0.4697580635547638
YGL240W,YNL055C,0,2.427314,0.16199208796024323,0.8342592716217041,0.46985888481140137
YBR162C,YKL040C,0,2.426687,0.16196297109127045,0.8342592716217041,0.46995967626571655
YDR077W,YDL206W,0,2.4266798,0.16193385422229767,0.8342592716217041,0.4700604975223541
YLR066W,YOR343W-B,0,2.4263291,0.16190476715564728,0.8342592716217041,0.4701612889766693
YNL126W,YNR037C,0,2.4257526,0.1618756800889969,0.8342592716217041,0.4702621102333069
YLR361C,YOR347C,0,2.4257293,0.1618465930223465,0.8342592716217041,0.47036290168762207
YML106W,YNR019W,0,2.4257178,0.1618175357580185,0.8342592716217041,0.47046372294425964
YPR111W,YHR112C,0,2.425559,0.1617884784936905,0.8342592716217041,0.47056451439857483
YBR091C,YGR218W,0,2.424836,0.1617594212293625,0.8342592716217041,0.4706653356552124
YLR190W,YOR232W,1,2.4246523,0.16190989315509796,0.835185170173645,0.4706653356552124
YBR220C,YGR203W,0,2.424547,0.16188083589076996,0.835185170173645,0.4707661271095276
YPL158C,YCL045C,0,2.4244778,0.16185177862644196,0.835185170173645,0.47086694836616516
YOR027W,YIL019W,0,2.4241068,0.16182275116443634,0.835185170173645,0.47096773982048035
YHR120W,YBR148W,0,2.423609,0.16179372370243073,0.835185170173645,0.4710685610771179
YCR083W,YFL052W,0,2.4234211,0.1617647111415863,0.835185170173645,0.4711693525314331
YKR016W,YMR060C,1,2.4233718,0.16191500425338745,0.8361111283302307,0.4711693525314331
YBR042C,YDR538W,0,2.423061,0.16188597679138184,0.8361111283302307,0.4712701737880707
YKR106W,YER075C,0,2.4224777,0.16185696423053741,0.8361111283302307,0.47137096524238586
YDR538W,YOR221C,0,2.4224432,0.161827951669693,0.8361111283302307,0.47147178649902344
YML123C,YBR090C-A,0,2.4224036,0.16179895401000977,0.8361111283302307,0.4715725779533386
YPR116W,YLR120C,0,2.4217122,0.16176997125148773,0.8361111283302307,0.4716733992099762
YHR161C,YDR365C,0,2.4209778,0.1617410033941269,0.8361111283302307,0.4717741906642914
YBR058C-A,YOL158C,0,2.420642,0.16171203553676605,0.8361111283302307,0.47187501192092896
YBR239C,YLR308W,0,2.4202127,0.1616830825805664,0.8361111283302307,0.47197580337524414
YOR237W,YDR261W-B,0,2.4200904,0.16165412962436676,0.8361111283302307,0.4720766246318817
YOL055C,YNL040W,0,2.4198005,0.1616252064704895,0.8361111283302307,0.4721774160861969
YLR436C,YFL028C,0,2.4186113,0.16159628331661224,0.8361111283302307,0.4722782373428345
YPR204W,YCR046C,0,2.4182856,0.16156736016273499,0.8361111283302307,0.47237902879714966
YBR297W,YLR418C,0,2.4176214,0.16153846681118011,0.8361111283302307,0.47247985005378723
YBR230C,YJR140C,0,2.417167,0.16150957345962524,0.8361111283302307,0.4725806415081024
YFL044C,YNL242W,0,2.4168391,0.16148068010807037,0.8361111283302307,0.47268146276474
YBR031W,YPR118W,0,2.416394,0.1614518165588379,0.8361111283302307,0.4727822542190552
YGL038C,YDR066C,0,2.4163055,0.1614229530096054,0.8361111283302307,0.47288307547569275
YFR045W,YJL059W,0,2.4159625,0.16139410436153412,0.8361111283302307,0.47298386693000793
YPR158C-C,YGR187C,0,2.415567,0.16136525571346283,0.8361111283302307,0.4730846881866455
YDR373W,YGR122W,0,2.415014,0.16133643686771393,0.8361111283302307,0.4731854796409607
YJL160C,YGL136C,0,2.414929,0.16130760312080383,0.8361111283302307,0.47328630089759827
YJR004C,YLR396C,0,2.4148428,0.16127879917621613,0.8361111283302307,0.47338709235191345
YNL019C,YCR038C,0,2.4144504,0.16124999523162842,0.8361111283302307,0.473487913608551
YKR086W,YFR024C-A,0,2.4139988,0.1612212061882019,0.8361111283302307,0.4735887050628662
YLR110C,YLR176C,0,2.4139855,0.16119243204593658,0.8361111283302307,0.4736895263195038
YDR508C,YOR037W,1,2.4134405,0.16134214401245117,0.8370370268821716,0.4736895263195038
YFL038C,YKL138C,0,2.412464,0.16131335496902466,0.8370370268821716,0.47379031777381897
YNR018W,YIR008C,0,2.4122677,0.16128456592559814,0.8370370268821716,0.47389113903045654
YGR260W,YPL275W,0,2.4121935,0.16125579178333282,0.8370370268821716,0.47399193048477173
YAR002C-A,YBR281C,0,2.412058,0.1612270325422287,0.8370370268821716,0.4740927517414093
YGR161C-D,YCL050C,0,2.411724,0.16119828820228577,0.8370370268821716,0.4741935431957245
YFL035C-A,YML114C,0,2.4114351,0.16116954386234283,0.8370370268821716,0.47429436445236206
YOR341W,YNR006W,0,2.4113219,0.1611408144235611,0.8370370268821716,0.47439515590667725
YER163C,YIL076W,0,2.4108665,0.16111209988594055,0.8370370268821716,0.4744959771633148
YJR141W,YCR031C,0,2.4101932,0.16108338534832,0.8370370268821716,0.47459676861763
YPL096C-A,YNL255C,0,2.4100811,0.16105470061302185,0.8370370268821716,0.4746975898742676
YDR055W,YDL134C-A,0,2.4096425,0.1610260009765625,0.8370370268821716,0.47479838132858276
YOL117W,YLR196W,0,2.4089465,0.16099733114242554,0.8370370268821716,0.47489920258522034
YDL059C,YNR054C,0,2.4086957,0.16096866130828857,0.8370370268821716,0.4749999940395355
YBR201W,YHL009W-A,0,2.4078906,0.1609400063753128,0.8370370268821716,0.4751008152961731
YMR078C,YHR079C-B,0,2.4073431,0.16091135144233704,0.8370370268821716,0.4752016067504883
YLL051C,YML101C,0,2.4069936,0.16088272631168365,0.8370370268821716,0.47530242800712585
YFL010W-A,YDR236C,0,2.4067166,0.16085408627986908,0.8370370268821716,0.47540321946144104
YER190W,YOR143C,0,2.4066813,0.1608254760503769,0.8370370268821716,0.4755040407180786
YPL234C,YBR090C-A,0,2.4064815,0.1607968658208847,0.8370370268821716,0.4756048321723938
YNL222W,YOR351C,0,2.406055,0.1607682704925537,0.8370370268821716,0.47570565342903137
YLR262C,YHR075C,0,2.405237,0.1607396900653839,0.8370370268821716,0.47580644488334656
YOR101W,YOR246C,0,2.4052227,0.1607111096382141,0.8370370268821716,0.47590726613998413
YPR098C,YPL005W,1,2.4050558,0.16086028516292572,0.8379629850387573,0.47590726613998413
YHR017W,YBR170C,1,2.405052,0.16100941598415375,0.8388888835906982,0.47590726613998413
YDR477W,YCR045C,0,2.4050252,0.16098080575466156,0.8388888835906982,0.4760080575942993
YGL128C,YLR452C,0,2.404752,0.16095221042633057,0.8388888835906982,0.4761088788509369
YBL066C,YLR088W,0,2.4046798,0.16092362999916077,0.8388888835906982,0.4762096703052521
YCR055C,YDR071C,0,2.404265,0.16089504957199097,0.8388888835906982,0.47631049156188965
YLR308W,YOR214C,0,2.4036453,0.16086648404598236,0.8388888835906982,0.47641128301620483
YDR474C,YDR292C,0,2.4029741,0.16083791851997375,0.8388888835906982,0.4765121042728424
YJL023C,YHR112C,0,2.4028919,0.16080936789512634,0.8388888835906982,0.4766128957271576
YBR180W,YCR020W-B,0,2.402883,0.16078083217144012,0.8388888835906982,0.47671371698379517
YBR044C,YBR170C,1,2.4024322,0.16092973947525024,0.8398148417472839,0.47671371698379517
YGL171W,YJL056C,0,2.4020078,0.16090118885040283,0.8398148417472839,0.47681450843811035
YJL168C,YGL229C,0,2.4019938,0.1608726531267166,0.8398148417472839,0.4769153296947479
YDR219C,YBR035C,1,2.40192,0.16102145612239838,0.8407407402992249,0.4769153296947479
YAR050W,YBR084C-A,0,2.4018905,0.16099290549755096,0.8407407402992249,0.4770161211490631
YDR261W-B,YOR257W,0,2.4018416,0.16096436977386475,0.8407407402992249,0.4771169424057007
YGR082W,YFR042W,0,2.4018247,0.16093583405017853,0.8407407402992249,0.47721773386001587
YBR239C,YBR281C,0,2.4007237,0.1609073132276535,0.8407407402992249,0.47731855511665344
YJR004C,YER067W,0,2.400608,0.16087880730628967,0.8407407402992249,0.47741934657096863
YHR023W,YDL142C,0,2.4004672,0.16085031628608704,0.8407407402992249,0.4775201678276062
YBR236C,YOL158C,0,2.4002259,0.1608218252658844,0.8407407402992249,0.4776209592819214
YER028C,YER018C,0,2.399709,0.16079333424568176,0.8407407402992249,0.47772178053855896
YOR390W,YJR078W,0,2.3995457,0.1607648730278015,0.8407407402992249,0.47782257199287415
YGR154C,YBL027W,0,2.3992586,0.16073641180992126,0.8407407402992249,0.4779233932495117
YDR034C-C,YJR120W,0,2.398716,0.1607079654932022,0.8407407402992249,0.4780241847038269
YOR261C,YJL156C,0,2.3986437,0.16067951917648315,0.8407407402992249,0.4781250059604645
YGL142C,YDR098C,0,2.3986413,0.1606511026620865,0.8407407402992249,0.47822579741477966
YPR140W,YBR015C,0,2.3981822,0.16062267124652863,0.8407407402992249,0.47832661867141724
YOL087C,YKL045W,0,2.3981297,0.16059426963329315,0.8407407402992249,0.4784274101257324
YFL052W,YIL019W,0,2.3978066,0.16056586802005768,0.8407407402992249,0.47852823138237
YOL064C,YKR007W,0,2.39757,0.1605374813079834,0.8407407402992249,0.4786290228366852
YGL063W,YBR171W,0,2.3974411,0.1605091094970703,0.8407407402992249,0.47872984409332275
YPL228W,YHR194W,0,2.3973212,0.16048073768615723,0.8407407402992249,0.47883063554763794
YGR085C,YBR141C,0,2.3970885,0.16045238077640533,0.8407407402992249,0.4789314568042755
YDR294C,YFL034C-B,0,2.3969362,0.16042402386665344,0.8407407402992249,0.4790322482585907
YEL031W,YDR030C,0,2.3965418,0.16039569675922394,0.8407407402992249,0.47913306951522827
YLR219W,YLR324W,0,2.3964272,0.16036735475063324,0.8407407402992249,0.47923386096954346
YLR143W,YMR109W,0,2.3951983,0.16033904254436493,0.8407407402992249,0.47933468222618103
YPL023C,YGR177C,0,2.3948433,0.16031073033809662,0.8407407402992249,0.4794354736804962
YPL274W,YGR184C,0,2.3947837,0.1602824330329895,0.8407407402992249,0.4795362949371338
YIL020C,YOR343W-B,0,2.3947628,0.16025415062904358,0.8407407402992249,0.479637086391449
YPR147C,YNL058C,0,2.394428,0.16022586822509766,0.8407407402992249,0.47973790764808655
YDL188C,YOR039W,0,2.3936684,0.16019760072231293,0.8407407402992249,0.47983869910240173
YLL050C,YLR043C,0,2.393578,0.1601693481206894,0.8407407402992249,0.4799395203590393
YEL055C,YHR057C,0,2.3931994,0.16014109551906586,0.8407407402992249,0.4800403118133545
YMR311C,YBR213W,0,2.3927548,0.16011285781860352,0.8407407402992249,0.48014113306999207
YDR034C-C,YOR014W,0,2.3921597,0.16008462011814117,0.8407407402992249,0.48024192452430725
YGR161C-D,YNL262W,0,2.392089,0.16005641222000122,0.8407407402992249,0.4803427457809448
YDL048C,YMR042W,0,2.3916423,0.16002820432186127,0.8407407402992249,0.48044353723526
YJL222W,YGR184C,0,2.391475,0.1599999964237213,0.8407407402992249,0.4805443584918976
YNL327W,YMR265C,0,2.3912702,0.15997181832790375,0.8407407402992249,0.48064514994621277
YOR023C,YNL088W,0,2.3907995,0.159943625330925,0.8407407402992249,0.48074597120285034
YML064C,YMR265C,0,2.3907948,0.15991546213626862,0.8407407402992249,0.4808467626571655
YOL052C-A,YBR295W,0,2.3907785,0.15988729894161224,0.8407407402992249,0.4809475839138031
YPR065W,YEL027W,0,2.3904097,0.15985915064811707,0.8407407402992249,0.4810483753681183
YNL003C,YCR047C,0,2.3900743,0.15983101725578308,0.8407407402992249,0.48114919662475586
YLR105C,YGL197W,0,2.3894198,0.1598028838634491,0.8407407402992249,0.48124998807907104
YPL189W,YML081W,0,2.3894114,0.1597747653722763,0.8407407402992249,0.4813508093357086
YJR058C,YMR047C,0,2.389354,0.1597466617822647,0.8407407402992249,0.4814516007900238
YLR446W,YFR045W,0,2.38914,0.1597185581922531,0.8407407402992249,0.4815524220466614
YML115C,YEL027W,0,2.3886764,0.1596904695034027,0.8407407402992249,0.48165321350097656
YDR091C,YDR273W,0,2.3884268,0.1596623808145523,0.8407407402992249,0.48175403475761414
YKL194C,YDR221W,0,2.3884149,0.1596343219280243,0.8407407402992249,0.4818548262119293
YGR065C,YOR250C,0,2.3880103,0.15960626304149628,0.8407407402992249,0.4819556474685669
YPL189W,YFR039C,0,2.3879814,0.15957820415496826,0.8407407402992249,0.4820564389228821
YER181C,YIL043C,1,2.3879738,0.15972588956356049,0.8416666388511658,0.4820564389228821
YDR034C-D,YDR452W,0,2.387876,0.15969781577587128,0.8416666388511658,0.48215726017951965
YLR020C,YBR239C,0,2.387642,0.15966977179050446,0.8416666388511658,0.48225805163383484
YHR074W,YNL151C,0,2.387389,0.15964172780513763,0.8416666388511658,0.4823588728904724
YGL254W,YHR214W,0,2.3873727,0.159613698720932,0.8416666388511658,0.4824596643447876
YOR341W,YCR101C,0,2.3866136,0.15958566963672638,0.8416666388511658,0.48256048560142517
YAR014C,YGL062W,0,2.3865554,0.15955765545368195,0.8416666388511658,0.48266127705574036
YDR252W,YKL184W,0,2.386317,0.1595296561717987,0.8416666388511658,0.48276209831237793
YPL023C,YDR304C,0,2.3863137,0.15950167179107666,0.8416666388511658,0.4828628897666931
YPR065W,YKL224C,0,2.3860357,0.15947368741035461,0.8416666388511658,0.4829637110233307
YOR039W,YDL104C,0,2.3848925,0.15944571793079376,0.8416666388511658,0.4830645024776459
YOL057W,YMR168C,0,2.3848574,0.1594177484512329,0.8416666388511658,0.48316532373428345
YKR072C,YLR407W,0,2.384725,0.15938979387283325,0.8416666388511658,0.48326611518859863
YNL206C,YPR004C,0,2.383892,0.1593618541955948,0.8416666388511658,0.4833669364452362
YDR487C,YBL069W,0,2.3837585,0.15933391451835632,0.8416666388511658,0.4834677278995514
YGL059W,YCL058W-A,0,2.3834794,0.15930598974227905,0.8416666388511658,0.48356854915618896
YDR427W,YCR089W,0,2.3832161,0.15927807986736298,0.8416666388511658,0.48366934061050415
YBL069W,YGR203W,0,2.3827488,0.1592501699924469,0.8416666388511658,0.4837701618671417
YBR155W,YHR086W,0,2.3818195,0.15922227501869202,0.8416666388511658,0.4838709533214569
YNL258C,YNL169C,0,2.3817496,0.15919439494609833,0.8416666388511658,0.4839717745780945
YPR045C,YGL044C,0,2.380605,0.15916651487350464,0.8416666388511658,0.48407256603240967
YPR107C,YKL124W,0,2.3796127,0.15913864970207214,0.8416666388511658,0.48417338728904724
YHR155W,YDR065W,1,2.3795927,0.15928584337234497,0.8425925970077515,0.48417338728904724
YER174C,YHR075C,0,2.3795693,0.15925796329975128,0.8425925970077515,0.4842741787433624
YOR259C,YNL159C,0,2.3793209,0.1592300981283188,0.8425925970077515,0.484375
YCR060W,YPR004C,0,2.379073,0.1592022329568863,0.8425925970077515,0.4844758212566376
YER075C,YCL005W,0,2.3787742,0.15917439758777618,0.8425925970077515,0.48457661271095276
YBL093C,YOR037W,0,2.3782094,0.15914654731750488,0.8425925970077515,0.48467743396759033
YML013W,YDL183C,1,2.3778214,0.15929357707500458,0.8435184955596924,0.48467743396759033
YGR109W-A,YAL025C,0,2.3778121,0.15926574170589447,0.8435184955596924,0.4847782254219055
YBR091C,YIL166C,0,2.3774564,0.15923789143562317,0.8435184955596924,0.4848790466785431
YBL088C,YCR101C,0,2.3774517,0.15921007096767426,0.8435184955596924,0.4849798381328583
YAL041W,YBR003W,0,2.3774216,0.15918225049972534,0.8435184955596924,0.48508065938949585
YEL054C,YAR050W,0,2.37728,0.15915443003177643,0.8435184955596924,0.48518145084381104
YNL310C,YBR213W,0,2.3770726,0.1591266393661499,0.8435184955596924,0.4852822721004486
YBR162C,YLR092W,0,2.376702,0.15909884870052338,0.8435184955596924,0.4853830635547638
YFL025C,YOL023W,0,2.3766136,0.15907107293605804,0.8435184955596924,0.48548388481140137
YEL005C,YJR041C,0,2.3764126,0.1590432971715927,0.8435184955596924,0.48558467626571655
YGR109W-B,YIL170W,0,2.376334,0.15901553630828857,0.8435184955596924,0.4856854975223541
YGR280C,YCR035C,0,2.3762004,0.15898779034614563,0.8435184955596924,0.4857862889766693
YGR109W-B,YKL033W-A,0,2.3756022,0.15896004438400269,0.8435184955596924,0.4858871102333069
YML103C,YPR199C,0,2.3753862,0.15893231332302094,0.8435184955596924,0.48598790168762207
YHR156C,YDR306C,0,2.3753545,0.15890458226203918,0.8435184955596924,0.48608872294425964
YNL327W,YFR004W,0,2.3751345,0.15887688100337982,0.8435184955596924,0.48618951439857483
YGL048C,YBL018C,0,2.3748796,0.15884916484355927,0.8435184955596924,0.4862903356552124
YNL317W,YIL033C,0,2.3743985,0.1588214784860611,0.8435184955596924,0.4863911271095276
YNL222W,YOL082W,0,2.3742692,0.15879379212856293,0.8435184955596924,0.48649194836616516
YDR289C,YHR109W,0,2.373807,0.15876612067222595,0.8435184955596924,0.48659273982048035
YEL068C,YDR280W,0,2.3736544,0.15873844921588898,0.8435184955596924,0.4866935610771179
YMR058W,YML081W,0,2.3733637,0.1587108075618744,0.8435184955596924,0.4867943525314331
YLR175W,YPL249C-A,0,2.3733504,0.1586831510066986,0.8435184955596924,0.4868951737880707
YIL008W,YOL026C,0,2.373123,0.15865552425384521,0.8435184955596924,0.48699596524238586
YKR086W,YGR240C,0,2.3729618,0.15862789750099182,0.8435184955596924,0.48709678649902344
YCL001W,YDL209C,0,2.3727684,0.15860028564929962,0.8435184955596924,0.4871975779533386
YGR135W,YER166W,0,2.37231,0.15857267379760742,0.8435184955596924,0.4872983992099762
YOL088C,YDR306C,0,2.3722932,0.15854507684707642,0.8435184955596924,0.4873991906642914
YLR401C,YFL025C,0,2.3715274,0.1585174947977066,0.8435184955596924,0.48750001192092896
YER179W,YDL134C-A,0,2.3700244,0.1584899127483368,0.8435184955596924,0.48760080337524414
YLR147C,YDR131C,0,2.3698175,0.15846234560012817,0.8435184955596924,0.4877016246318817
YKL119C,YDR131C,0,2.3696647,0.15843477845191956,0.8435184955596924,0.4878024160861969
YIL170W,YJR147W,0,2.3692312,0.15840722620487213,0.8435184955596924,0.4879032373428345
YGR109W-B,YKL103C,0,2.369078,0.1583796888589859,0.8435184955596924,0.48800402879714966
YNL180C,YOR355W,0,2.3687959,0.15835216641426086,0.8435184955596924,0.48810485005378723
YGL232W,YML081W,0,2.3683388,0.15832464396953583,0.8435184955596924,0.4882056415081024
YFL044C,YJR145C,0,2.3678107,0.15829713642597198,0.8435184955596924,0.48830646276474
YPR133C,YDL054C,0,2.3674502,0.15826962888240814,0.8435184955596924,0.4884072542190552
YLR157C-A,YOR367W,0,2.367046,0.1582421362400055,0.8435184955596924,0.48850807547569275
YLR131C,YJR141W,0,2.3667114,0.15821465849876404,0.8435184955596924,0.48860886693000793
YEL017C-A,YDR280W,0,2.366676,0.15818718075752258,0.8435184955596924,0.4887096881866455
YLR091W,YJL023C,1,2.3664677,0.15833333134651184,0.8444444537162781,0.4887096881866455
YMR023C,YMR243C,1,2.3663683,0.15847943723201752,0.845370352268219,0.4887096881866455
YLL043W,YLR040C,0,2.364864,0.15845192968845367,0.845370352268219,0.4888104796409607
YPR111W,YCL062W,0,2.3640049,0.15842443704605103,0.845370352268219,0.48891130089759827
YGL179C,YHR079C-B,0,2.363774,0.15839694440364838,0.845370352268219,0.48901209235191345
YHL017W,YDL192W,0,2.3637476,0.15836946666240692,0.845370352268219,0.489112913608551
YFR019W,YDR221W,0,2.3630078,0.15834200382232666,0.845370352268219,0.4892137050628662
YOL064C,YCL050C,0,2.3628216,0.1583145409822464,0.845370352268219,0.4893145263195038
YLR164W,YGR062C,1,2.3626235,0.15846046805381775,0.8462963104248047,0.4893145263195038
YDR260C,YCL038C,0,2.3626168,0.1584330052137375,0.8462963104248047,0.48941531777381897
YML075C,YIR032C,0,2.3626087,0.15840554237365723,0.8462963104248047,0.48951613903045654
YOL042W,YOR046C,0,2.36181,0.15837809443473816,0.8462963104248047,0.48961693048477173
YLR224W,YNL049C,0,2.361485,0.15835066139698029,0.8462963104248047,0.4897177517414093
YPL189C-A,YDL004W,1,2.3614142,0.1584964543581009,0.8472222089767456,0.4897177517414093
YHR198C,YPR097W,0,2.3612244,0.15846899151802063,0.8472222089767456,0.4898185431957245
YDR261W-B,YFR004W,0,2.361125,0.15844155848026276,0.8472222089767456,0.48991936445236206
YPL208W,YHR161C,0,2.3604963,0.15841412544250488,0.8472222089767456,0.49002015590667725
YNR074C,YOL053C-A,0,2.3602214,0.1583867073059082,0.8472222089767456,0.4901209771633148
YFL066C,YCR083W,0,2.3598044,0.15835928916931152,0.8472222089767456,0.49022176861763
YGL252C,YJL101C,0,2.359672,0.15833188593387604,0.8472222089767456,0.4903225898742676
YHL009W-A,YLR176C,0,2.358481,0.15830449759960175,0.8472222089767456,0.49042338132858276
YOR085W,YOR221C,0,2.358354,0.15827710926532745,0.8472222089767456,0.49052420258522034
YOR388C,YDR459C,0,2.3583286,0.15824973583221436,0.8472222089767456,0.4906249940395355
YKL033W-A,YLR024C,0,2.358176,0.15822237730026245,0.8472222089767456,0.4907258152961731
YLL004W,YGL108C,0,2.3581593,0.15819501876831055,0.8472222089767456,0.4908266067504883
YNR074C,YKL157W,0,2.3580492,0.15816767513751984,0.8472222089767456,0.49092742800712585
YFR005C,YDR090C,0,2.3577206,0.15814033150672913,0.8472222089767456,0.49102821946144104
YIL056W,YOR168W,0,2.35693,0.1581130176782608,0.8472222089767456,0.4911290407180786
YLR234W,YER182W,0,2.356862,0.1580856889486313,0.8472222089767456,0.4912298321723938
YPR005C,YGR095C,0,2.3567662,0.15805839002132416,0.8472222089767456,0.49133065342903137
YHR035W,YHR129C,0,2.356725,0.15803109109401703,0.8472222089767456,0.49143144488334656
YDR055W,YBR207W,0,2.3565743,0.1580037921667099,0.8472222089767456,0.49153226613998413
YCL027C-A,YLL009C,0,2.3563306,0.15797652304172516,0.8472222089767456,0.4916330575942993
YDR326C,YER154W,1,2.356314,0.15812186896800995,0.8481481671333313,0.4916330575942993
YDR210W-B,YFL034C-B,0,2.3561656,0.158094584941864,0.8481481671333313,0.4917338788509369
YHR044C,YKL173W,0,2.3557413,0.15806730091571808,0.8481481671333313,0.4918346703052521
YFR025C,YJR025C,0,2.3550618,0.15804003179073334,0.8481481671333313,0.49193549156188965
YCL045C,YOR343W-B,0,2.3546054,0.1580127626657486,0.8481481671333313,0.49203628301620483
YLR157C-A,YKL081W,0,2.3543227,0.15798550844192505,0.8481481671333313,0.4921371042728424
YLR436C,YPR116W,0,2.3542035,0.1579582691192627,0.8481481671333313,0.4922378957271576
YBL101C,YLR368W,0,2.3536837,0.15793102979660034,0.8481481671333313,0.49233871698379517
YJL108C,YDR055W,0,2.3532639,0.15790380537509918,0.8481481671333313,0.49243950843811035
YJL183W,YMR010W,0,2.3531878,0.15787659585475922,0.8481481671333313,0.4925403296947479
YML114C,YJR120W,0,2.3529413,0.15784938633441925,0.8481481671333313,0.4926411211490631
YGR181W,YAR008W,1,2.3526647,0.15799449384212494,0.8490740656852722,0.4926411211490631
YBR220C,YLR433C,0,2.352459,0.15796726942062378,0.8490740656852722,0.4927419424057007
YOR265W,YKL045W,0,2.351518,0.1579400599002838,0.8490740656852722,0.49284273386001587
YDL126C,YJL103C,0,2.3513424,0.15791286528110504,0.8490740656852722,0.49294355511665344
YKL194C,YCL062W,0,2.3507776,0.15788567066192627,0.8490740656852722,0.49304434657096863
YOR130C,YMR163C,0,2.3494298,0.1578584909439087,0.8490740656852722,0.4931451678276062
YHL033C,YKR019C,0,2.3480234,0.1578313261270523,0.8490740656852722,0.4932459592819214
YLR172C,YBR159W,0,2.3479884,0.15780416131019592,0.8490740656852722,0.49334678053855896
YDL100C,YMR032W,0,2.347605,0.15777701139450073,0.8490740656852722,0.49344757199287415
YGR156W,YIL107C,0,2.3464284,0.15774987637996674,0.8490740656852722,0.4935483932495117
YMR276W,YBR001C,0,2.3448908,0.15772274136543274,0.8490740656852722,0.4936491847038269
YDL100C,YKR039W,0,2.3445337,0.15769562125205994,0.8490740656852722,0.4937500059604645
YNL185C,YGL126W,0,2.344219,0.15766850113868713,0.8490740656852722,0.49385079741477966
YML034W,YHR043C,0,2.344124,0.15764139592647552,0.8490740656852722,0.49395161867141724
YEL005C,YHR161C,0,2.3441164,0.1576143056154251,0.8490740656852722,0.4940524101257324
YJL222W,YOL115W,0,2.3440425,0.1575872153043747,0.8490740656852722,0.49415323138237
YBR241C,YPR154W,0,2.3439634,0.15756013989448547,0.8490740656852722,0.4942540228366852
YPL234C,YDL063C,0,2.3434737,0.15753306448459625,0.8490740656852722,0.49435484409332275
YDL190C,YMR071C,0,2.342732,0.15750601887702942,0.8490740656852722,0.49445563554763794
YER096W,YDL195W,0,2.3422167,0.1574789583683014,0.8490740656852722,0.4945564568042755
YPL274W,YOR259C,0,2.3414533,0.15745192766189575,0.8490740656852722,0.4946572482585907
YLR446W,YLR389C,0,2.3408308,0.1574248969554901,0.8490740656852722,0.49475806951522827
YOL162W,YOR246C,0,2.3406913,0.15739786624908447,0.8490740656852722,0.49485886096954346
YLR407W,YMR150C,0,2.3406105,0.15737086534500122,0.8490740656852722,0.49495968222618103
YBR280C,YHR075C,0,2.3396833,0.15734386444091797,0.8490740656852722,0.4950604736804962
YBR001C,YBR258C,0,2.3389401,0.15731686353683472,0.8490740656852722,0.4951612949371338
YMR118C,YLR390W,1,2.338239,0.15746140480041504,0.8500000238418579,0.4951612949371338
YJR147W,YML075C,0,2.337721,0.1574344038963318,0.8500000238418579,0.495262086391449
YPR167C,YDR192C,0,2.3375926,0.15740740299224854,0.8500000238418579,0.49536290764808655
YIL146C,YMR060C,1,2.3372936,0.1575518548488617,0.8509259223937988,0.49536290764808655
YMR041C,YDL190C,0,2.3366172,0.15752485394477844,0.8509259223937988,0.49546369910240173
YKL096W,YDR472W,0,2.3362134,0.1574978530406952,0.8509259223937988,0.4955645203590393
YGL038C,YPL031C,0,2.3354366,0.15747086703777313,0.8509259223937988,0.4956653118133545
YDR504C,YFR042W,0,2.3354065,0.15744389593601227,0.8509259223937988,0.49576613306999207
YBL013W,YIL107C,0,2.3350677,0.1574169248342514,0.8509259223937988,0.49586692452430725
YOL012C,YOL163W,0,2.3347414,0.15738996863365173,0.8509259223937988,0.4959677457809448
YDR122W,YAL028W,0,2.3338215,0.15736301243305206,0.8509259223937988,0.49606853723526
YFR034C,YGR189C,0,2.3337634,0.1573360711336136,0.8509259223937988,0.4961693584918976
YPR091C,YJR041C,0,2.332751,0.1573091447353363,0.8509259223937988,0.49627014994621277
YPL059W,YOR153W,0,2.3316965,0.15728221833705902,0.8509259223937988,0.49637097120285034
YGR249W,YDR513W,0,2.3316212,0.15725530683994293,0.8509259223937988,0.4964717626571655
YML054C,YOR137C,0,2.3311636,0.15722839534282684,0.8509259223937988,0.4965725839138031
YOR237W,YPR111W,0,2.3305898,0.15720149874687195,0.8509259223937988,0.4966733753681183
YPR045C,YDR131C,0,2.3305194,0.15717461705207825,0.8509259223937988,0.49677419662475586
YBR227C,YBL040C,0,2.33034,0.15714775025844574,0.8509259223937988,0.49687498807907104
YBR287W,YLL012W,0,2.3295305,0.15712086856365204,0.8509259223937988,0.4969758093357086
YGL181W,YNL251C,0,2.329172,0.15709401667118073,0.8509259223937988,0.4970766007900238
YBL016W,YNL159C,0,2.32915,0.1570671647787094,0.8509259223937988,0.4971774220466614
YDR016C,YHR179W,0,2.3290455,0.1570403277873993,0.8509259223937988,0.49727821350097656
YNL049C,YOR214C,0,2.3289897,0.15701349079608917,0.8509259223937988,0.49737903475761414
YDR262W,YMR277W,0,2.3289335,0.15698666870594025,0.8509259223937988,0.4974798262119293
YOL120C,YPR137C-A,0,2.3286474,0.15695986151695251,0.8509259223937988,0.4975806474685669
YLR300W,YEL056W,0,2.328602,0.15693305432796478,0.8509259223937988,0.4976814389228821
YIL052C,YCL045C,0,2.3284652,0.15690626204013824,0.8509259223937988,0.49778226017951965
YGL101W,YCL017C,0,2.3282413,0.1568794846534729,0.8509259223937988,0.49788305163383484
YBL040C,YGR220C,0,2.3277094,0.15685270726680756,0.8509259223937988,0.4979838728904724
YNL257C,YGR074W,0,2.327637,0.1568259447813034,0.8509259223937988,0.4980846643447876
YJL012C,YBR141C,0,2.3271596,0.15679918229579926,0.8509259223937988,0.49818548560142517
YBR021W,YDR090C,0,2.3271542,0.1567724347114563,0.8509259223937988,0.49828627705574036
YML103C,YIL155C,0,2.3269532,0.15674568712711334,0.8509259223937988,0.49838709831237793
YPR049C,YCL062W,0,2.326752,0.15671896934509277,0.8509259223937988,0.4984878897666931
YPL204W,YNR037C,0,2.3267057,0.156692236661911,0.8509259223937988,0.4985887110233307
YER179W,YCR045C,0,2.3264143,0.15666553378105164,0.8509259223937988,0.4986895024776459
YGL179C,YPL048W,0,2.326385,0.15663883090019226,0.8509259223937988,0.49879032373428345
YBR001C,YOR154W,0,2.3258302,0.15661212801933289,0.8509259223937988,0.49889111518859863
YNL258C,YDR297W,0,2.3256133,0.1565854549407959,0.8509259223937988,0.4989919364452362
YGR158C,YCR087C-A,0,2.3254755,0.15655876696109772,0.8509259223937988,0.4990927278995514
YPL227C,YDR043C,0,2.3254206,0.15653210878372192,0.8509259223937988,0.49919354915618896
YJL026W,YNL058C,0,2.3235056,0.15650545060634613,0.8509259223937988,0.49929434061050415
YDL017W,YJL103C,0,2.3230748,0.15647880733013153,0.8509259223937988,0.4993951618671417
YGR109W-B,YER033C,0,2.3228633,0.15645216405391693,0.8509259223937988,0.4994959533214569
YFR004W,YOR117W,0,2.322848,0.15642553567886353,0.8509259223937988,0.4995967745780945
YGL168W,YLR193C,0,2.3216217,0.15639890730381012,0.8509259223937988,0.49969756603240967
YER040W,YDR306C,0,2.3205812,0.1563722938299179,0.8509259223937988,0.49979838728904724
YLL049W,YDR376W,0,2.3203366,0.1563456952571869,0.8509259223937988,0.4998991787433624
YGL179C,YOL087C,0,2.3202243,0.15631909668445587,0.8509259223937988,0.5
YBR050C,YIR033W,0,2.3200638,0.15629251301288605,0.8509259223937988,0.5001007914543152
YDR495C,YOR312C,0,2.3200383,0.15626594424247742,0.8509259223937988,0.5002016425132751
YPR043W,YLR158C,0,2.3198624,0.1562393754720688,0.8509259223937988,0.5003024339675903
YHR214W,YBL051C,0,2.3198144,0.15621282160282135,0.8509259223937988,0.5004032254219055
YDR322C-A,YLR283W,1,2.3197105,0.15635621547698975,0.8518518805503845,0.5004032254219055
YOL072W,YGR133W,0,2.318467,0.15632964670658112,0.8518518805503845,0.5005040168762207
YDR377W,YBL005W-A,0,2.3177612,0.15630309283733368,0.8518518805503845,0.5006048679351807
YMR166C,YGL023C,0,2.3173316,0.15627653896808624,0.8518518805503845,0.5007056593894958
YLR027C,YFR025C,0,2.3171766,0.15625,0.8518518805503845,0.500806450843811
YPL206C,YMR109W,0,2.315871,0.15622346103191376,0.8518518805503845,0.5009072422981262
YFR009W,YMR165C,0,2.3147047,0.1561969369649887,0.8518518805503845,0.5010080933570862
YGR251W,YMR163C,0,2.3144162,0.15617042779922485,0.8518518805503845,0.5011088848114014
YMR267W,YDR252W,0,2.3143587,0.156143918633461,0.8518518805503845,0.5012096762657166
YFL016C,YDR273W,0,2.3140433,0.15611742436885834,0.8518518805503845,0.5013104677200317
YKL194C,YER140W,0,2.3139803,0.15609094500541687,0.8518518805503845,0.5014113187789917
YDR427W,YJR013W,0,2.3139782,0.1560644656419754,0.8518518805503845,0.5015121102333069
YER142C,YJL059W,0,2.3139777,0.15603798627853394,0.8518518805503845,0.5016129016876221
YJL056C,YBR031W,0,2.3135707,0.15601153671741486,0.8518518805503845,0.5017136931419373
YOR297C,YMR203W,1,2.313565,0.15615463256835938,0.8527777791023254,0.5017136931419373
YOR246C,YLR088W,0,2.313528,0.1561281532049179,0.8527777791023254,0.5018145442008972
YDL122W,YGL220W,0,2.3124359,0.15610168874263763,0.8527777791023254,0.5019153356552124
YPL042C,YLR211C,0,2.3123317,0.15607523918151855,0.8527777791023254,0.5020161271095276
YOL052C,YHR150W,0,2.311691,0.15604878962039948,0.8527777791023254,0.5021169185638428
YOR022C,YAR014C,0,2.311288,0.1560223549604416,0.8527777791023254,0.5022177696228027
YAL055W,YML071C,0,2.3107607,0.1559959352016449,0.8527777791023254,0.5023185610771179
YIL063C,YGR016W,0,2.3102322,0.1559695154428482,0.8527777791023254,0.5024193525314331
YLR197W,YDR297W,0,2.3092248,0.1559431105852127,0.8527777791023254,0.5025201439857483
YHL017W,YOL082W,0,2.309148,0.1559167057275772,0.8527777791023254,0.5026209950447083
YDL010W,YER106W,0,2.3090966,0.1558903157711029,0.8527777791023254,0.5027217864990234
YOR019W,YDR150W,0,2.3090143,0.1558639407157898,0.8527777791023254,0.5028225779533386
YOL072W,YGL063W,0,2.3072507,0.15583756566047668,0.8527777791023254,0.5029233694076538
YCR086W,YHR161C,0,2.3072245,0.15581120550632477,0.8527777791023254,0.5030242204666138
YCR045C,YML021C,0,2.3071039,0.15578484535217285,0.8527777791023254,0.503125011920929
YDL183C,YNL222W,0,2.3070443,0.15575850009918213,0.8527777791023254,0.5032258033752441
YDR034C-D,YDL195W,0,2.3069303,0.1557321548461914,0.8527777791023254,0.5033265948295593
YBR289W,YGR178C,0,2.3068168,0.15570583939552307,0.8527777791023254,0.5034274458885193
YKL179C,YLR092W,0,2.3052711,0.15567950904369354,0.8527777791023254,0.5035282373428345
YKL194C,YHR178W,0,2.305178,0.1556532084941864,0.8527777791023254,0.5036290287971497
YJL160C,YER093C,0,2.3051264,0.15562690794467926,0.8527777791023254,0.5037298202514648
YLR320W,YER055C,0,2.305124,0.15560060739517212,0.8527777791023254,0.5038306713104248
YML040W,YCR042C,0,2.304958,0.15557432174682617,0.8527777791023254,0.50393146276474
YLL019C,YDR134C,0,2.3047082,0.15554805099964142,0.8527777791023254,0.5040322542190552
YFL038C,YCL004W,0,2.3040688,0.15552178025245667,0.8527777791023254,0.5041330456733704
YBR240C,YBR246W,0,2.3034637,0.1554955244064331,0.8527777791023254,0.5042338967323303
YHR016C,YLR258W,0,2.3032432,0.15546928346157074,0.8527777791023254,0.5043346881866455
YDR330W,YIL019W,0,2.303075,0.15544304251670837,0.8527777791023254,0.5044354796409607
YDL231C,YOR039W,0,2.3025944,0.155416801571846,0.8527777791023254,0.5045362710952759
YHR156C,YDL217C,0,2.302448,0.15539059042930603,0.8527777791023254,0.5046371221542358
YER163C,YBR084C-A,0,2.3018763,0.15536437928676605,0.8527777791023254,0.504737913608551
YDL183C,YDR131C,0,2.301802,0.15533816814422607,0.8527777791023254,0.5048387050628662
YDR262W,YBR227C,0,2.3017342,0.1553119719028473,0.8527777791023254,0.5049394965171814
YNL284C-A,YDR261W-B,0,2.3016372,0.1552857905626297,0.8527777791023254,0.5050403475761414
YGL125W,YOR039W,0,2.3015778,0.1552596092224121,0.8527777791023254,0.5051411390304565
YNL015W,YOR250C,0,2.300369,0.1552334427833557,0.8527777791023254,0.5052419304847717
YER041W,YER119C,0,2.300353,0.15520727634429932,0.8527777791023254,0.5053427219390869
YLR394W,YCR058C,0,2.3002417,0.1551811248064041,0.8527777791023254,0.5054435729980469
YLR143W,YPL248C,0,2.2997112,0.1551549881696701,0.8527777791023254,0.5055443644523621
YGR288W,YPL282C,0,2.2993386,0.1551288515329361,0.8527777791023254,0.5056451559066772
YNR038W,YEL020C,0,2.2993047,0.15510272979736328,0.8527777791023254,0.5057459473609924
YDR071C,YGR095C,0,2.2991452,0.15507660806179047,0.8527777791023254,0.5058467984199524
YEL026W,YGR038W,0,2.2989798,0.15505050122737885,0.8527777791023254,0.5059475898742676
YDR146C,YLR109W,0,2.2987778,0.15502440929412842,0.8527777791023254,0.5060483813285828
YLR247C,YIL033C,0,2.2985737,0.154998317360878,0.8527777791023254,0.506149172782898
YNL262W,YDR284C,0,2.2985716,0.15497224032878876,0.8527777791023254,0.5062500238418579
YML133C,YJL156C,0,2.2978551,0.15494616329669952,0.8527777791023254,0.5063508152961731
YNL258C,YPL249C-A,0,2.2977722,0.15492010116577148,0.8527777791023254,0.5064516067504883
YPL236C,YER040W,0,2.2975523,0.15489403903484344,0.8527777791023254,0.5065523982048035
YBL005W-A,YOR214C,0,2.2974656,0.1548680067062378,0.8527777791023254,0.5066532492637634
YKL104C,YIR032C,0,2.2966168,0.15484195947647095,0.8527777791023254,0.5067540407180786
YML064C,YGR177C,0,2.2953517,0.1548159420490265,0.8527777791023254,0.5068548321723938
YDL188C,YDR474C,0,2.2948906,0.15478990972042084,0.8527777791023254,0.506955623626709
YOL115W,YJL055W,0,2.294874,0.15476390719413757,0.8527777791023254,0.507056474685669
YGL125W,YBR246W,0,2.2948592,0.1547379046678543,0.8527777791023254,0.5071572661399841
YGR135W,YKR039W,0,2.294831,0.15471191704273224,0.8527777791023254,0.5072580575942993
YDR081C,YDL142C,0,2.294799,0.15468592941761017,0.8527777791023254,0.5073588490486145
YGR158C,YKL077W,0,2.2944436,0.1546599566936493,0.8527777791023254,0.5074597001075745
YLL004W,YDR330W,0,2.2941992,0.15463398396968842,0.8527777791023254,0.5075604915618896
YFL039C,YLL039C,0,2.2939892,0.15460802614688873,0.8527777791023254,0.5076612830162048
YDR531W,YGL142C,0,2.2935016,0.15458206832408905,0.8527777791023254,0.50776207447052
YLR394W,YER140W,0,2.2932675,0.15455614030361176,0.8527777791023254,0.50786292552948
YOR168W,YLR137W,0,2.293212,0.15453019738197327,0.8527777791023254,0.5079637169837952
YOR320C,YMR037C,0,2.292872,0.15450428426265717,0.8527777791023254,0.5080645084381104
YOR258W,YDR419W,0,2.2924736,0.15447835624217987,0.8527777791023254,0.5081652998924255
YJR140C,YFL044C,0,2.292147,0.15445245802402496,0.8527777791023254,0.5082661509513855
YCL033C,YJL168C,0,2.2916112,0.15442655980587006,0.8527777791023254,0.5083669424057007
YBR095C,YGR283C,0,2.2913234,0.15440067648887634,0.8527777791023254,0.5084677338600159
YNR056C,YPL262W,0,2.2910097,0.15437479317188263,0.8527777791023254,0.508568525314331
YLL019C,YPL024W,0,2.2905982,0.1543489247560501,0.8527777791023254,0.508669376373291
YER041W,YPL048W,0,2.290271,0.1543230563402176,0.8527777791023254,0.5087701678276062
YDR373W,YGR189C,0,2.2899494,0.15429720282554626,0.8527777791023254,0.5088709592819214
YGR161W-B,YOL056W,0,2.2895303,0.15427136421203613,0.8527777791023254,0.5089717507362366
YDR425W,YOR153W,0,2.2894485,0.154245525598526,0.8527777791023254,0.5090726017951965
YLR050C,YOR153W,0,2.2890203,0.15421968698501587,0.8527777791023254,0.5091733932495117
YBR180W,YLR438C-A,0,2.289017,0.15419387817382812,0.8527777791023254,0.5092741847038269
YNR072W,YDR131C,0,2.2888293,0.1541680544614792,0.8527777791023254,0.5093749761581421
YGR125W,YCL031C,0,2.2887204,0.15414226055145264,0.8527777791023254,0.509475827217102
YLR085C,YOR347C,0,2.2881122,0.1541164666414261,0.8527777791023254,0.5095766186714172
YBR141C,YJR054W,0,2.287276,0.15409068763256073,0.8527777791023254,0.5096774101257324
YGL261C,YOL026C,0,2.2863567,0.15406490862369537,0.8527777791023254,0.5097782015800476
YDR462W,YPL064C,0,2.2862146,0.15403912961483002,0.8527777791023254,0.5098790526390076
YDR332W,YJR145C,0,2.286174,0.15401338040828705,0.8527777791023254,0.5099798440933228
YGR027C,YDR210W-B,0,2.2852545,0.15398763120174408,0.8527777791023254,0.5100806355476379
YER045C,YFR025C,0,2.2852018,0.1539618819952011,0.8527777791023254,0.5101814270019531
YCL005W,YGR143W,0,2.285097,0.15393614768981934,0.8527777791023254,0.5102822780609131
YDR508C,YPL215W,1,2.2842145,0.15407754480838776,0.8537036776542664,0.5102822780609131
YPL005W,YBR170C,1,2.2835362,0.1542188823223114,0.854629635810852,0.5102822780609131
YFR025C,YCR031C,0,2.2834756,0.15419311821460724,0.854629635810852,0.5103830695152283
YNL019C,YEL004W,0,2.282787,0.15416736900806427,0.854629635810852,0.5104838609695435
YOR240W,YBR269C,0,2.2826798,0.1541416198015213,0.854629635810852,0.5105846524238586
YKR106W,YLR043C,0,2.2826374,0.15411588549613953,0.854629635810852,0.5106855034828186
YNL027W,YBL005W-A,0,2.2820232,0.15409015119075775,0.854629635810852,0.5107862949371338
YJL008C,YKL077W,0,2.2814891,0.15406443178653717,0.854629635810852,0.510887086391449
YER017C,YGL257C,0,2.2813962,0.1540387123823166,0.854629635810852,0.5109878778457642
YGR271W,YPL262W,0,2.281387,0.1540130078792572,0.854629635810852,0.5110887289047241
YFL057C,YGR154C,0,2.281224,0.153987318277359,0.854629635810852,0.5111895203590393
YDR459C,YIR008C,0,2.280763,0.15396162867546082,0.854629635810852,0.5112903118133545
YHR117W,YDL029W,0,2.279863,0.15393595397472382,0.854629635810852,0.5113911032676697
YKL040C,YCR101C,0,2.2790637,0.153910294175148,0.854629635810852,0.5114919543266296
YFL044C,YKL124W,0,2.2790577,0.1538846343755722,0.854629635810852,0.5115927457809448
YGR154C,YIL107C,0,2.2790263,0.1538589745759964,0.854629635810852,0.51169353723526
YIL135C,YGR071C,0,2.2787735,0.1538333296775818,0.854629635810852,0.5117943286895752
YOR246C,YHR039C,0,2.278313,0.15380769968032837,0.854629635810852,0.5118951797485352
YOR306C,YPL031C,0,2.27831,0.15378206968307495,0.854629635810852,0.5119959712028503
YMR100W,YEL068C,0,2.2776694,0.15375645458698273,0.854629635810852,0.5120967626571655
YNR018W,YNL083W,1,2.2776093,0.15389740467071533,0.855555534362793,0.5120967626571655
YJL109C,YGL157W,0,2.2774267,0.15387177467346191,0.855555534362793,0.5121975541114807
YNR056C,YJL091C,0,2.2773638,0.1538461595773697,0.855555534362793,0.5122984051704407
YGL142C,YNL181W,0,2.2773077,0.15382054448127747,0.855555534362793,0.5123991966247559
YJL026W,YKL096W-A,0,2.2769234,0.15379494428634644,0.855555534362793,0.512499988079071
YNL145W,YEL069C,0,2.2759867,0.1537693440914154,0.855555534362793,0.5126007795333862
YOR246C,YCL005W,0,2.2756221,0.15374375879764557,0.855555534362793,0.5127016305923462
YDR452W,YHR058C,0,2.2753284,0.15371818840503693,0.855555534362793,0.5128024220466614
YBR152W,YNR072W,0,2.2751834,0.15369261801242828,0.855555534362793,0.5129032135009766
YDR462W,YPL072W,0,2.274151,0.15366704761981964,0.855555534362793,0.5130040049552917
YMR105C,YER166W,0,2.2736626,0.1536415070295334,0.855555534362793,0.5131048560142517
YGL048C,YNL186W,0,2.2729151,0.15361596643924713,0.855555534362793,0.5132056474685669
YBR179C,YML086C,1,2.2728586,0.15375664830207825,0.8564814925193787,0.5132056474685669
YDR365C,YPR004C,0,2.272508,0.1537310928106308,0.8564814925193787,0.5133064389228821
YOR377W,YBL107C,0,2.2717836,0.15370555222034454,0.8564814925193787,0.5134072303771973
YOL069W,YMR258C,0,2.2717428,0.1536800116300583,0.8564814925193787,0.5135080814361572
YMR109W,YGL068W,0,2.2712398,0.15365448594093323,0.8564814925193787,0.5136088728904724
YJL222W,YLL039C,0,2.2711444,0.15362896025180817,0.8564814925193787,0.5137096643447876
YJR106W,YLR053C,0,2.2707107,0.1536034494638443,0.8564814925193787,0.5138104557991028
YGR125W,YNL088W,0,2.270673,0.15357795357704163,0.8564814925193787,0.5139113068580627
YDR334W,YKL023W,0,2.2705653,0.15355245769023895,0.8564814925193787,0.5140120983123779
YOL129W,YAL061W,0,2.2705414,0.15352697670459747,0.8564814925193787,0.5141128897666931
YJL103C,YDR221W,0,2.2704222,0.153501495718956,0.8564814925193787,0.5142136812210083
YOR101W,YJL037W,0,2.2695887,0.1534760296344757,0.8564814925193787,0.5143145322799683
YJL008C,YMR163C,0,2.2692676,0.15345056354999542,0.8564814925193787,0.5144153237342834
YPL023C,YER057C,0,2.269195,0.15342511236667633,0.8564814925193787,0.5145161151885986
YAR010C,YLL005C,0,2.268362,0.15339966118335724,0.8564814925193787,0.5146169066429138
YPL139C,YGL062W,0,2.2680917,0.15337423980236053,0.8564814925193787,0.5147177577018738
YER144C,YLR337W,0,2.2679358,0.15334880352020264,0.8564814925193787,0.514818549156189
YPL206C,YBR133C,0,2.2678754,0.15332338213920593,0.8564814925193787,0.5149193406105042
YOR228C,YER028C,0,2.2677977,0.15329797565937042,0.8564814925193787,0.5150201320648193
YPL016W,YAL067C,0,2.2675905,0.1532725840806961,0.8564814925193787,0.5151209831237793
YOR023C,YDL054C,0,2.2672672,0.1532471776008606,0.8564814925193787,0.5152217745780945
YPL079W,YNL122C,0,2.2669299,0.15322180092334747,0.8564814925193787,0.5153225660324097
YBL069W,YPL135W,0,2.2667778,0.15319642424583435,0.8564814925193787,0.5154233574867249
YOL053C-A,YHR016C,0,2.2667625,0.15317104756832123,0.8564814925193787,0.5155242085456848
YEL047C,YGL044C,0,2.2667325,0.1531457006931305,0.8564814925193787,0.515625
YBR159W,YBR070C,0,2.2664964,0.15312033891677856,0.8564814925193787,0.5157257914543152
YPL165C,YGL012W,0,2.26638,0.15309500694274902,0.8564814925193787,0.5158266425132751
YGR109W-B,YMR010W,0,2.266281,0.1530696600675583,0.8564814925193787,0.5159274339675903
YLR355C,YOR343W-B,0,2.265756,0.15304434299468994,0.8564814925193787,0.5160282254219055
YIL076W,YEL017C-A,0,2.2654798,0.1530190259218216,0.8564814925193787,0.5161290168762207
YOL162W,YPL275W,0,2.2645462,0.15299370884895325,0.8564814925193787,0.5162298679351807
YDL183C,YMR058W,0,2.2638776,0.1529684066772461,0.8564814925193787,0.5163306593894958
YOR017W,YIR037W,1,2.2638524,0.15310846269130707,0.8574073910713196,0.5163306593894958
YLR091W,YPR133W-A,1,2.2637107,0.15324847400188446,0.8583333492279053,0.5163306593894958
YDL100C,YEL056W,0,2.2631404,0.15322314202785492,0.8583333492279053,0.516431450843811
YBR198C,YJR078W,0,2.2630658,0.15319782495498657,0.8583333492279053,0.5165322422981262
YLR388W,YGL126W,0,2.2629178,0.15317250788211823,0.8583333492279053,0.5166330933570862
YNL162W,YFL044C,0,2.262361,0.15314720571041107,0.8583333492279053,0.5167338848114014
YBR244W,YMR241W,1,2.2620444,0.15328708291053772,0.8592592477798462,0.5167338848114014
YDR219C,YNR020C,1,2.261347,0.1534269154071808,0.8601852059364319,0.5167338848114014
YPL031C,YCR035C,0,2.2611363,0.15340158343315125,0.8601852059364319,0.5168346762657166
YER145C,YIL124W,0,2.2610588,0.1533762514591217,0.8601852059364319,0.5169354677200317
YLR066W,YPL209C,0,2.2607853,0.15335093438625336,0.8601852059364319,0.5170363187789917
YOR377W,YDR090C,0,2.2600129,0.1533256322145462,0.8601852059364319,0.5171371102333069
YFR024C-A,YML093W,0,2.259894,0.15330033004283905,0.8601852059364319,0.5172379016876221
YPR116W,YOL096C,1,2.2598586,0.15344002842903137,0.8611111044883728,0.5172379016876221
YBR095C,YCR087C-A,0,2.259565,0.15341471135616302,0.8611111044883728,0.5173386931419373
YPL210C,YBR091C,0,2.259471,0.15338940918445587,0.8611111044883728,0.5174395442008972
YDL010W,YDL195W,0,2.259458,0.1533641219139099,0.8611111044883728,0.5175403356552124
YPR081C,YAR010C,0,2.2588246,0.15333883464336395,0.8611111044883728,0.5176411271095276
YGR109W-A,YGR229C,0,2.2587306,0.153313547372818,0.8611111044883728,0.5177419185638428
YLR077W,YMR038C,1,2.2587163,0.15345311164855957,0.8620370626449585,0.5177419185638428
YGR260W,YGR289C,0,2.257879,0.1534278243780136,0.8620370626449585,0.5178427696228027
YGR271W,YLR025W,0,2.2578142,0.15340253710746765,0.8620370626449585,0.5179435610771179
YFL057C,YGL033W,0,2.2576206,0.15337726473808289,0.8620370626449585,0.5180443525314331
YMR230W,YJL156C,0,2.2574613,0.15335200726985931,0.8620370626449585,0.5181451439857483
YCR081W,YDR144C,0,2.2574136,0.15332674980163574,0.8620370626449585,0.5182459950447083
YIL137C,YOR344C,0,2.2573054,0.15330149233341217,0.8620370626449585,0.5183467864990234
YCR083W,YOR312C,0,2.256951,0.153276264667511,0.8620370626449585,0.5184475779533386
YDR506C,YPL209C,0,2.2567556,0.1532510221004486,0.8620370626449585,0.5185483694076538
YOR168W,YML075C,0,2.256611,0.15322580933570862,0.8620370626449585,0.5186492204666138
YOR022C,YGL171W,0,2.2557333,0.15320059657096863,0.8620370626449585,0.518750011920929
YNL317W,YGL079W,0,2.2557075,0.15317538380622864,0.8620370626449585,0.5188508033752441
YDL027C,YDR049W,1,2.2554317,0.15331469476222992,0.8629629611968994,0.5188508033752441
YER017C,YBR044C,1,2.2551658,0.15345394611358643,0.8638888597488403,0.5188508033752441
YLR289W,YML061C,1,2.2543213,0.15359315276145935,0.864814817905426,0.5188508033752441
YPR154W,YLL039C,0,2.2542493,0.15356791019439697,0.864814817905426,0.5189515948295593
YDL059C,YJR140C,0,2.2535799,0.1535426527261734,0.864814817905426,0.5190524458885193
YDR487C,YPR045C,0,2.2532282,0.15351742506027222,0.864814817905426,0.5191532373428345
YIL043C,YCL017C,0,2.2530038,0.15349219739437103,0.864814817905426,0.5192540287971497
YJL054W,YIL134W,1,2.252936,0.1536312848329544,0.8657407164573669,0.5192540287971497
YMR194W,YLR300W,0,2.2528636,0.15360604226589203,0.8657407164573669,0.5193548202514648
YPL236C,YCR101C,0,2.252586,0.15358081459999084,0.8657407164573669,0.5194556713104248
YPL096C-A,YOR162C,0,2.2523432,0.15355558693408966,0.8657407164573669,0.51955646276474
YOL072W,YMR152W,0,2.2520225,0.15353037416934967,0.8657407164573669,0.5196572542190552
YLR224W,YPL024W,0,2.2520192,0.15350517630577087,0.8657407164573669,0.5197580456733704
YJL108C,YML013W,0,2.2516906,0.15347997844219208,0.8657407164573669,0.5198588967323303
YAR010C,YDR495C,0,2.2511623,0.15345478057861328,0.8657407164573669,0.5199596881866455
YCR081W,YLR185W,0,2.2507055,0.15342959761619568,0.8657407164573669,0.5200604796409607
YML004C,YCR101C,0,2.2502801,0.15340442955493927,0.8657407164573669,0.5201612710952759
YGR109W-A,YKL152C,0,2.2493846,0.15337926149368286,0.8657407164573669,0.5202621221542358
YER056C-A,YOR014W,0,2.2489312,0.15335410833358765,0.8657407164573669,0.520362913608551
YIL137C,YIL099W,0,2.2486606,0.15332895517349243,0.8657407164573669,0.5204637050628662
YFR019W,YPL048W,0,2.2482417,0.1533038169145584,0.8657407164573669,0.5205644965171814
YNR020C,YOR232W,1,2.2480724,0.1534426212310791,0.8666666746139526,0.5205644965171814
YDR092W,YGL116W,0,2.2476976,0.1534174680709839,0.8666666746139526,0.5206653475761414
YLL038C,YOL158C,0,2.2473004,0.15339232981204987,0.8666666746139526,0.5207661390304565
YHR120W,YOL109W,0,2.2468472,0.15336719155311584,0.8666666746139526,0.5208669304847717
YHR143W,YLR024C,0,2.2467756,0.15334206819534302,0.8666666746139526,0.5209677219390869
YLR219W,YDL059C,0,2.2465127,0.15331695973873138,0.8666666746139526,0.5210685729980469
YHR035W,YPL158C,0,2.2464678,0.15329185128211975,0.8666666746139526,0.5211693644523621
YDL217C,YPL274W,0,2.2456682,0.15326674282550812,0.8666666746139526,0.5212701559066772
YML087C,YBR281C,0,2.245663,0.15324164927005768,0.8666666746139526,0.5213709473609924
YGL071W,YLR042C,0,2.245032,0.15321657061576843,0.8666666746139526,0.5214717984199524
YDR181C,YGR256W,0,2.2442489,0.1531914919614792,0.8666666746139526,0.5215725898742676
YPL158C,YGL126W,0,2.24413,0.15316642820835114,0.8666666746139526,0.5216733813285828
YLR040C,YAL063C,0,2.2441242,0.15314136445522308,0.8666666746139526,0.521774172782898
YBL013W,YOR224C,0,2.2435257,0.15311631560325623,0.8666666746139526,0.5218750238418579
YNL317W,YGR106C,0,2.2433934,0.15309126675128937,0.8666666746139526,0.5219758152961731
YJL023C,YOL023W,0,2.2431962,0.1530662328004837,0.8666666746139526,0.5220766067504883
YPL041C,YBR244W,1,2.2430875,0.15320470929145813,0.8675925731658936,0.5220766067504883
YLR109W,YJR021C,0,2.2428846,0.15317966043949127,0.8675925731658936,0.5221773982048035
YMR244C-A,YDL183C,1,2.242306,0.15331807732582092,0.8685185313224792,0.5221773982048035
YBR013C,YPL089C,0,2.241883,0.15329302847385406,0.8685185313224792,0.5222782492637634
YGR260W,YIL166C,0,2.241309,0.1532679796218872,0.8685185313224792,0.5223790407180786
YEL063C,YKL045W,0,2.2397203,0.15324293076992035,0.8685185313224792,0.5224798321723938
YNL308C,YOL129W,0,2.2395928,0.15321789681911469,0.8685185313224792,0.522580623626709
YJR004C,YPL042C,0,2.2391613,0.15319287776947021,0.8685185313224792,0.522681474685669
YLR110C,YDR212W,0,2.2388594,0.15316785871982574,0.8685185313224792,0.5227822661399841
YNL248C,YDL063C,0,2.238547,0.15314285457134247,0.8685185313224792,0.5228830575942993
YGL020C,YMR243C,1,2.2382734,0.1532810926437378,0.8694444298744202,0.5228830575942993
YPL218W,YHR129C,0,2.2380211,0.15325607359409332,0.8694444298744202,0.5229838490486145
YHL033C,YOL047C,0,2.2372856,0.15323106944561005,0.8694444298744202,0.5230847001075745
YOR037W,YFR002W,0,2.2372692,0.15320606529712677,0.8694444298744202,0.5231854915618896
YGR288W,YNL129W,0,2.237066,0.1531810760498047,0.8694444298744202,0.5232862830162048
YPL115C,YGL054C,0,2.236883,0.1531560868024826,0.8694444298744202,0.52338707447052
YBL013W,YEL055C,0,2.2364316,0.15313111245632172,0.8694444298744202,0.52348792552948
YML104C,YDR131C,0,2.2355762,0.15310615301132202,0.8694444298744202,0.5235887169837952
YGR161W-B,YNL055C,0,2.2352135,0.15308119356632233,0.8694444298744202,0.5236895084381104
YGL001C,YDR386W,0,2.2349598,0.15305623412132263,0.8694444298744202,0.5237902998924255
YER144C,YNL009W,0,2.2345781,0.15303128957748413,0.8694444298744202,0.5238911509513855
YMR166C,YBL088C,0,2.234536,0.15300635993480682,0.8694444298744202,0.5239919424057007
YDR531W,YOL047C,0,2.234162,0.15298143029212952,0.8694444298744202,0.5240927338600159
YAR002W,YER057C,0,2.233596,0.1529565006494522,0.8694444298744202,0.524193525314331
YOL064C,YLR305C,0,2.2334511,0.1529316008090973,0.8694444298744202,0.524294376373291
YOR027W,YBR155W,0,2.2333272,0.15290668606758118,0.8694444298744202,0.5243951678276062
YAR003W,YBR048W,0,2.2330046,0.15288180112838745,0.8694444298744202,0.5244959592819214
YKR056W,YCL045C,0,2.2323844,0.15285691618919373,0.8694444298744202,0.5245967507362366
YGL142C,YAL001C,0,2.2317638,0.15283203125,0.8694444298744202,0.5246976017951965
YOR088W,YCL062W,0,2.2316,0.15280716121196747,0.8694444298744202,0.5247983932495117
YPR118W,YCL004W,0,2.231465,0.15278229117393494,0.8694444298744202,0.5248991847038269
YGL038C,YOR221C,0,2.2313924,0.1527574360370636,0.8694444298744202,0.5249999761581421
YOL069W,YJR047C,0,2.2313313,0.15273259580135345,0.8694444298744202,0.525100827217102
YOL064C,YML049C,0,2.23086,0.1527077555656433,0.8694444298744202,0.5252016186714172
YGL204C,YDL209C,0,2.2305324,0.15268293023109436,0.8694444298744202,0.5253024101257324
YPL158C,YNL302C,0,2.2303488,0.1526581048965454,0.8694444298744202,0.5254032015800476
YDL054C,YNL181W,0,2.2299433,0.15263329446315765,0.8694444298744202,0.5255040526390076
YKL120W,YPL005W,1,2.2292182,0.1527710109949112,0.8703703880310059,0.5255040526390076
YDL100C,YOR367W,0,2.2291987,0.15274618566036224,0.8703703880310059,0.5256048440933228
YCR046C,YMR163C,0,2.2283223,0.1527213603258133,0.8703703880310059,0.5257056355476379
YNR019W,YMR019W,0,2.2282336,0.15269654989242554,0.8703703880310059,0.5258064270019531
YER181C,YLR038C,1,2.2278104,0.15283417701721191,0.8712962865829468,0.5258064270019531
YJR054W,YLR053C,0,2.22739,0.15280935168266296,0.8712962865829468,0.5259072780609131
YOR320C,YDR226W,0,2.2271583,0.1527845412492752,0.8712962865829468,0.5260080695152283
YJL055W,YNL204C,0,2.2271335,0.15275974571704865,0.8712962865829468,0.5261088609695435
YPL177C,YJR041C,0,2.2270749,0.15273495018482208,0.8712962865829468,0.5262096524238586
YIL063C,YBL005W-A,0,2.2267754,0.15271015465259552,0.8712962865829468,0.5263105034828186
YDR063W,YDR257C,0,2.2266383,0.15268537402153015,0.8712962865829468,0.5264112949371338
YNL217W,YBR084C-A,0,2.2265513,0.15266060829162598,0.8712962865829468,0.526512086391449
YBR192W,YKR106W,0,2.225652,0.1526358425617218,0.8712962865829468,0.5266128778457642
YLR336C,YML058W-A,0,2.225636,0.15261109173297882,0.8712962865829468,0.5267137289047241
YER014W,YPR083W,0,2.2255564,0.15258634090423584,0.8712962865829468,0.5268145203590393
YLR433C,YLL039C,0,2.224537,0.15256160497665405,0.8712962865829468,0.5269153118133545
YNL185C,YNL292W,0,2.2240896,0.15253688395023346,0.8712962865829468,0.5270161032676697
YNR020C,YMR177W,1,2.2240813,0.15267422795295715,0.8722222447395325,0.5270161032676697
YBR091C,YGR249W,0,2.2233105,0.15264949202537537,0.8722222447395325,0.5271169543266296
YNR018W,YDL121C,0,2.2228944,0.15262475609779358,0.8722222447395325,0.5272177457809448
YBR091C,YOL055C,0,2.22272,0.15260003507137299,0.8722222447395325,0.52731853723526
YBR090C-A,YBR213W,0,2.2226496,0.1525753140449524,0.8722222447395325,0.5274193286895752
YGL133W,YOR071C,0,2.2225063,0.152550607919693,0.8722222447395325,0.5275201797485352
YLR008C,YGL119W,1,2.222353,0.15268781781196594,0.8731481432914734,0.5275201797485352
YKL179C,YDL220C,0,2.2220836,0.15266311168670654,0.8731481432914734,0.5276209712028503
YJL026W,YOR046C,0,2.2215197,0.15263839066028595,0.8731481432914734,0.5277217626571655
YPR091C,YGL210W,0,2.2208176,0.15261368453502655,0.8731481432914734,0.5278225541114807
YAL067C,YKL152C,0,2.2200239,0.15258899331092834,0.8731481432914734,0.5279234051704407
YNL088W,YHR179W,0,2.2196238,0.15256431698799133,0.8731481432914734,0.5280241966247559
YPR116W,YNL048W,0,2.2183974,0.15253962576389313,0.8731481432914734,0.528124988079071
YPR113W,YLR357W,0,2.2183154,0.1525149643421173,0.8731481432914734,0.5282257795333862
YMR079W,YJL037W,0,2.2180834,0.1524903029203415,0.8731481432914734,0.5283266305923462
YOR365C,YPL158C,0,2.2169895,0.15246564149856567,0.8731481432914734,0.5284274220466614
YGR109W-B,YPL048W,0,2.2167516,0.15244099497795105,0.8731481432914734,0.5285282135009766
YLR126C,YDR084C,0,2.2166483,0.15241636335849762,0.8731481432914734,0.5286290049552917
YER041W,YOR232W,0,2.2161329,0.1523917317390442,0.8731481432914734,0.5287298560142517
YJL210W,YHR191C,0,2.2159045,0.15236710011959076,0.8731481432914734,0.5288306474685669
YDL029W,YDR098C,0,2.2157261,0.15234248340129852,0.8731481432914734,0.5289314389228821
YMR233W,YOR140W,0,2.2152827,0.15231788158416748,0.8731481432914734,0.5290322303771973
YGR084C,YML101C,0,2.215266,0.15229327976703644,0.8731481432914734,0.5291330814361572
YAR002W,YOL047C,0,2.2149723,0.1522686928510666,0.8731481432914734,0.5292338728904724
YBR248C,YDR236C,0,2.2148592,0.15224410593509674,0.8731481432914734,0.5293346643447876
YFR034C,YCL001W,0,2.2141118,0.15221953392028809,0.8731481432914734,0.5294354557991028
YPR046W,YPL048W,0,2.2140586,0.15219496190547943,0.8731481432914734,0.5295363068580627
YDR474C,YJL037W,0,2.2137897,0.15217040479183197,0.8731481432914734,0.5296370983123779
YPL264C,YGR187C,0,2.21264,0.1521458476781845,0.8731481432914734,0.5297378897666931
YPR185W,YPR049C,0,2.2125437,0.15212130546569824,0.8731481432914734,0.5298386812210083
YHR016C,YJL141C,0,2.2121449,0.15209677815437317,0.8731481432914734,0.5299395322799683
YLR320W,YMR009W,0,2.211911,0.1520722508430481,0.8731481432914734,0.5300403237342834
YML043C,YLR211C,0,2.2117898,0.15204772353172302,0.8731481432914734,0.5301411151885986
YOL042W,YKL089W,0,2.2116222,0.15202321112155914,0.8731481432914734,0.5302419066429138
YOR261C,YMR078C,0,2.2107325,0.15199871361255646,0.8731481432914734,0.5303427577018738
YFL066C,YGR071C,0,2.2105274,0.15197421610355377,0.8731481432914734,0.530443549156189
YMR197C,YGR074W,0,2.2104456,0.15194973349571228,0.8731481432914734,0.5305443406105042
YBR150C,YER014C-A,0,2.2104135,0.1519252508878708,0.8731481432914734,0.5306451320648193
YLR193C,YHR072W,0,2.2096088,0.1519007682800293,0.8731481432914734,0.5307459831237793
YNR007C,YJR060W,0,2.2091753,0.1518763154745102,0.8731481432914734,0.5308467745780945
YGR260W,YGR106C,0,2.2090728,0.1518518477678299,0.8731481432914734,0.5309475660324097
YFR045W,YOR073W,0,2.209007,0.15182740986347198,0.8731481432914734,0.5310483574867249
YOR320C,YDL056W,0,2.2080443,0.15180295705795288,0.8731481432914734,0.5311492085456848
YPL282C,YOR214C,0,2.2079313,0.15177853405475616,0.8731481432914734,0.53125
YJR028W,YBL040C,0,2.2077422,0.15175411105155945,0.8731481432914734,0.5313507914543152
YJL133W,YBL107C,1,2.2075052,0.1518905907869339,0.8740741014480591,0.5313507914543152
YOL057W,YMR058W,0,2.2067876,0.151866152882576,0.8740741014480591,0.5314516425132751
YCR075C,YGL063W,0,2.2065418,0.15184172987937927,0.8740741014480591,0.5315524339675903
YPR116W,YBL059W,1,2.206327,0.15197813510894775,0.875,0.5315524339675903
YKL146W,YDR330W,0,2.2059681,0.15195369720458984,0.875,0.5316532254219055
YNL222W,YDR125C,0,2.205621,0.15192925930023193,0.875,0.5317540168762207
YHR112C,YMR301C,0,2.2050016,0.15190483629703522,0.875,0.5318548679351807
YMR182C,YPR097W,0,2.2048323,0.1518804281949997,0.875,0.5319556593894958
YDR071C,YDR273W,0,2.2048297,0.15185602009296417,0.875,0.532056450843811
YLR240W,YKL154W,0,2.204179,0.15183162689208984,0.875,0.5321572422981262
YCR081W,YDL191W,0,2.2040682,0.15180723369121552,0.875,0.5322580933570862
YJL168C,YIL107C,0,2.2039766,0.1517828404903412,0.875,0.5323588848114014
YOR257W,YCR020W-B,0,2.2038245,0.15175847709178925,0.875,0.5324596762657166
YAL038W,YNR037C,0,2.2033482,0.1517340987920761,0.875,0.5325604677200317
YFL039C,YIL155C,0,2.2030618,0.15170975029468536,0.875,0.5326613187789917
YDL200C,YFR002W,0,2.2028472,0.15168538689613342,0.875,0.5327621102333069
YEL005C,YFR037C,0,2.202472,0.15166105329990387,0.875,0.5328629016876221
YGR106C,YDR334W,0,2.2023544,0.15163671970367432,0.875,0.5329636931419373
YOR088W,YFL034C-B,0,2.2020679,0.15161238610744476,0.875,0.5330645442008972
YNL301C,YCR035C,0,2.2019284,0.1515880674123764,0.875,0.5331653356552124
YHR100C,YBR265W,1,2.201708,0.15172414481639862,0.8759258985519409,0.5331653356552124
YPR083W,YIR033W,0,2.2006836,0.15169981122016907,0.8759258985519409,0.5332661271095276
YNR056C,YOR246C,0,2.200503,0.15167547762393951,0.8759258985519409,0.5333669185638428
YLL041C,YLR053C,0,2.2001364,0.15165117383003235,0.8759258985519409,0.5334677696228027
YJL008C,YLR069C,0,2.1997354,0.15162687003612518,0.8759258985519409,0.5335685610771179
YGR161W-B,YOR085W,0,2.1991913,0.15160256624221802,0.8759258985519409,0.5336693525314331
YBR021W,YGL220W,0,2.1989028,0.15157827734947205,0.8759258985519409,0.5337701439857483
YNL278W,YKR067W,0,2.198509,0.15155398845672607,0.8759258985519409,0.5338709950447083
YAL030W,YBL051C,0,2.1984525,0.1515297144651413,0.8759258985519409,0.5339717864990234
YJL206C,YPL024W,0,2.1978335,0.15150544047355652,0.8759258985519409,0.5340725779533386
YJR060W,YBR196C,0,2.197572,0.15148118138313293,0.8759258985519409,0.5341733694076538
YOL052C,YBR083W,0,2.197439,0.15145693719387054,0.8759258985519409,0.5342742204666138
YIL137C,YMR311C,0,2.1970637,0.15143269300460815,0.8759258985519409,0.534375011920929
YOR019W,YGL023C,0,2.1970208,0.15140844881534576,0.8759258985519409,0.5344758033752441
YOR033C,YMR230W,0,2.1967833,0.15138421952724457,0.8759258985519409,0.5345765948295593
YBR159W,YMR259C,0,2.1966312,0.15136000514030457,0.8759258985519409,0.5346774458885193
YDL192W,YCL004W,0,2.1949356,0.15133579075336456,0.8759258985519409,0.5347782373428345
YBL005W-A,YPR166C,0,2.1946056,0.15131157636642456,0.8759258985519409,0.5348790287971497
YLL038C,YCR020W-B,0,2.1933973,0.15128737688064575,0.8759258985519409,0.5349798202514648
YDR490C,YIR032C,0,2.1932647,0.15126319229602814,0.8759258985519409,0.5350806713104248
YNR074C,YOR033C,0,2.193221,0.15123900771141052,0.8759258985519409,0.53518146276474
YPR005C,YGL066W,0,2.1932108,0.1512148380279541,0.8759258985519409,0.5352822542190552
YGR135W,YDR144C,0,2.1929877,0.15119066834449768,0.8759258985519409,0.5353830456733704
YBL107C,YLR100W,1,2.1929276,0.15132629871368408,0.8768518567085266,0.5353830456733704
YNL248C,YNL087W,0,2.192639,0.15130212903022766,0.8768518567085266,0.5354838967323303
YLL049W,YHR037W,0,2.1916504,0.15127795934677124,0.8768518567085266,0.5355846881866455
YKR001C,YMR059W,1,2.1913285,0.15141351521015167,0.8777777552604675,0.5355846881866455
YNL009W,YPR097W,0,2.1911104,0.15138933062553406,0.8777777552604675,0.5356854796409607
YLR066W,YHR079C-B,0,2.1894686,0.15136516094207764,0.8777777552604675,0.5357862710952759
YPR181C,YHL046C,0,2.189178,0.15134099125862122,0.8777777552604675,0.5358871221542358
YPL031C,YGR178C,0,2.1881948,0.151316836476326,0.8777777552604675,0.535987913608551
YGL171W,YOL069W,0,2.1878886,0.15129269659519196,0.8777777552604675,0.5360887050628662
YBR162C,YPL249C-A,0,2.1876576,0.15126855671405792,0.8777777552604675,0.5361894965171814
YGR189C,YPR046W,0,2.186938,0.1512444168329239,0.8777777552604675,0.5362903475761414
YDL104C,YNL048W,0,2.1868913,0.15122029185295105,0.8777777552604675,0.5363911390304565
YLR426W,YMR069W,0,2.186519,0.1511961668729782,0.8777777552604675,0.5364919304847717
YNR074C,YER029C,0,2.186098,0.15117205679416656,0.8777777552604675,0.5365927219390869
YPR192W,YBR286W,0,2.1857946,0.1511479616165161,0.8777777552604675,0.5366935729980469
YKR007W,YHR150W,0,2.1857128,0.15112386643886566,0.8777777552604675,0.5367943644523621
YER005W,YGR289C,0,2.1853871,0.1510997712612152,0.8777777552604675,0.5368951559066772
YBR198C,YHR079C-B,0,2.1842458,0.15107569098472595,0.8777777552604675,0.5369959473609924
YOR265W,YDR163W,0,2.184202,0.1510516256093979,0.8777777552604675,0.5370967984199524
YLR388W,YCL027C-A,0,2.1839166,0.15102756023406982,0.8777777552604675,0.5371975898742676
YBR227C,YLR438C-A,0,2.1838353,0.15100350975990295,0.8777777552604675,0.5372983813285828
YBR162C,YPR049C,0,2.1836855,0.15097945928573608,0.8777777552604675,0.537399172782898
YPL227C,YBL005W-A,0,2.183192,0.1509554088115692,0.8777777552604675,0.5375000238418579
YML043C,YFL057C,0,2.1827452,0.15093137323856354,0.8777777552604675,0.5376008152961731
YBR126C,YBL093C,0,2.181162,0.15090735256671906,0.8777777552604675,0.5377016067504883
YOR265W,YLR176C,0,2.180402,0.15088333189487457,0.8777777552604675,0.5378023982048035
YCL005W,YJL156C,0,2.1799376,0.15085932612419128,0.8777777552604675,0.5379032492637634
YBL091C-A,YGL033W,0,2.1797516,0.150835320353508,0.8777777552604675,0.5380040407180786
YDL145C,YLR248W,0,2.1796944,0.1508113294839859,0.8777777552604675,0.5381048321723938
YDL188C,YKL154W,0,2.179683,0.1507873386144638,0.8777777552604675,0.538205623626709
YGL179C,YNL014W,0,2.1794696,0.1507633626461029,0.8777777552604675,0.538306474685669
YDR062W,YDL191W,0,2.1792865,0.150739386677742,0.8777777552604675,0.5384072661399841
YER014C-A,YGR256W,0,2.1791716,0.1507154256105423,0.8777777552604675,0.5385080575942993
YDR034C,YCL045C,0,2.1790555,0.1506914645433426,0.8777777552604675,0.5386088490486145
YLR206W,YMR301C,0,2.1776724,0.15066751837730408,0.8777777552604675,0.5387097001075745
YLR216C,YGL116W,0,2.176592,0.15064357221126556,0.8777777552604675,0.5388104915618896
YMR135C,YNL262W,0,2.176121,0.15061964094638824,0.8777777552604675,0.5389112830162048
YMR109W,YCL045C,0,2.1759357,0.15059570968151093,0.8777777552604675,0.53901207447052
YOR073W,YHR059W,0,2.1751769,0.1505717933177948,0.8777777552604675,0.53911292552948
YDR021W,YML101C,0,2.174364,0.15054787695407867,0.8777777552604675,0.5392137169837952
YCR083W,YGL194C,0,2.1742039,0.15052397549152374,0.8777777552604675,0.5393145084381104
YPR185W,YJL008C,0,2.1732333,0.1505000740289688,0.8777777552604675,0.5394152998924255
YNL222W,YKL184W,0,2.172962,0.15047618746757507,0.8777777552604675,0.5395161509513855
YBL101C,YDR122W,0,2.1725829,0.15045231580734253,0.8777777552604675,0.5396169424057007
YKL170W,YBL013W,0,2.1725783,0.1504284292459488,0.8777777552604675,0.5397177338600159
YDR363W,YJL186W,0,2.1710918,0.15040457248687744,0.8777777552604675,0.539818525314331
YCL058W-A,YHR086W,0,2.1710532,0.1503807157278061,0.8777777552604675,0.539919376373291
YPR185W,YAR014C,0,2.170135,0.15035685896873474,0.8777777552604675,0.5400201678276062
YLR309C,YJR145C,0,2.168706,0.15033301711082458,0.8777777552604675,0.5401209592819214
YOR336W,YER124C,0,2.168578,0.15030917525291443,0.8777777552604675,0.5402217507362366
YBR001C,YHR199C-A,0,2.1670957,0.15028534829616547,0.8777777552604675,0.5403226017951965
YEL005C,YPR083W,0,2.1662257,0.1502615362405777,0.8777777552604675,0.5404233932495117
YLL023C,YOL100W,0,2.1652737,0.15023772418498993,0.8777777552604675,0.5405241847038269
YMR109W,YML058W-A,0,2.165124,0.15021391212940216,0.8777777552604675,0.5406249761581421
YDR425W,YKL210W,0,2.1650503,0.15019011497497559,0.8777777552604675,0.540725827217102
YER017C,YER124C,0,2.1645477,0.150166317820549,0.8777777552604675,0.5408266186714172
YJR028W,YGR192C,0,2.1638603,0.15014253556728363,0.8777777552604675,0.5409274101257324
YNR020C,YAR042W,0,2.1636946,0.15011876821517944,0.8777777552604675,0.5410282015800476
YOR388C,YIL099W,0,2.1628847,0.15009500086307526,0.8777777552604675,0.5411290526390076
YJL059W,YPR097W,0,2.1626768,0.15007123351097107,0.8777777552604675,0.5412298440933228
YOR022C,YPL275W,0,2.162346,0.15004748106002808,0.8777777552604675,0.5413306355476379
YNL059C,YCL062W,0,2.1621885,0.15002374351024628,0.8777777552604675,0.5414314270019531
YGR085C,YLL012W,0,2.161327,0.15000000596046448,0.8777777552604675,0.5415322780609131
YOL109W,YPR103W,0,2.1612866,0.14997626841068268,0.8777777552604675,0.5416330695152283
YKL138C-A,YJL153C,0,2.1611567,0.14995254576206207,0.8777777552604675,0.5417338609695435
YBL040C,YHR079C-B,0,2.1600435,0.14992883801460266,0.8777777552604675,0.5418346524238586
YHL022C,YLR053C,0,2.1599226,0.14990513026714325,0.8777777552604675,0.5419355034828186
YDL190C,YER038C,0,2.1599195,0.14988142251968384,0.8777777552604675,0.5420362949371338
YBR241C,YKL096W-A,0,2.159879,0.14985772967338562,0.8777777552604675,0.542137086391449
YNR074C,YDL104C,0,2.1595547,0.1498340517282486,0.8777777552604675,0.5422378778457642
YOR201C,YJL002C,0,2.1595323,0.14981037378311157,0.8777777552604675,0.5423387289047241
YOL012C,YNL271C,0,2.1587465,0.14978669583797455,0.8777777552604675,0.5424395203590393
YHR058C,YML081W,0,2.158274,0.14976303279399872,0.8777777552604675,0.5425403118133545
YGL204C,YOR341W,0,2.1575572,0.14973938465118408,0.8777777552604675,0.5426411032676697
YGR178C,YDL056W,0,2.1570694,0.14971573650836945,0.8777777552604675,0.5427419543266296
YGR029W,YFL046W,1,2.156537,0.149849995970726,0.8787037134170532,0.5427419543266296
YNR020C,YMR042W,0,2.155809,0.14982633292675018,0.8787037134170532,0.5428427457809448
YOL162W,YNR013C,0,2.1556585,0.14980268478393555,0.8787037134170532,0.54294353723526
YBR239C,YPR083W,0,2.1550138,0.1497790366411209,0.8787037134170532,0.5430443286895752
YBR244W,YBR262C,1,2.1543944,0.14991320669651031,0.8796296119689941,0.5430443286895752
YDR513W,YLR067C,0,2.1537533,0.14988955855369568,0.8796296119689941,0.5431451797485352
YMR047C,YFR025C,0,2.1536076,0.14986591041088104,0.8796296119689941,0.5432459712028503
YNR017W,YDR487C,1,2.1534383,0.15000000596046448,0.8805555701255798,0.5432459712028503
YOR336W,YDR371W,0,2.153238,0.14997634291648865,0.8805555701255798,0.5433467626571655
YMR009W,YGR095C,0,2.1528554,0.149952694773674,0.8805555701255798,0.5434475541114807
YJR141W,YNL169C,0,2.152784,0.14992906153202057,0.8805555701255798,0.5435484051704407
YDR212W,YKL020C,0,2.152338,0.14990542829036713,0.8805555701255798,0.5436491966247559
YLR389C,YMR152W,0,2.1522248,0.14988179504871368,0.8805555701255798,0.543749988079071
YLR043C,YNL049C,0,2.1520932,0.14985817670822144,0.8805555701255798,0.5438507795333862
YBL007C,YOR293W,0,2.1520712,0.14983457326889038,0.8805555701255798,0.5439516305923462
YOL120C,YCR065W,0,2.1512382,0.14981096982955933,0.8805555701255798,0.5440524220466614
YJL012C,YPL016W,0,2.151035,0.14978736639022827,0.8805555701255798,0.5441532135009766
YBR112C,YJR116W,0,2.1506283,0.1497637778520584,0.8805555701255798,0.5442540049552917
YHR188C,YHR079C-B,0,2.150483,0.14974020421504974,0.8805555701255798,0.5443548560142517
YDR022C,YNL302C,0,2.1492083,0.14971663057804108,0.8805555701255798,0.5444556474685669
YPL281C,YLR027C,0,2.1491282,0.1496930569410324,0.8805555701255798,0.5445564389228821
YGR144W,YPR097W,0,2.1489189,0.14966949820518494,0.8805555701255798,0.5446572303771973
YLR091W,YDR415C,0,2.148633,0.14964595437049866,0.8805555701255798,0.5447580814361572
YBR126C,YLR350W,0,2.148396,0.14962241053581238,0.8805555701255798,0.5448588728904724
YMR166C,YBR227C,1,2.1477573,0.14975617825984955,0.8814814686775208,0.5448588728904724
YOR353C,YIL052C,0,2.1477325,0.14973261952400208,0.8814814686775208,0.5449596643447876
YHR155W,YKL148C,1,2.1472678,0.14986632764339447,0.8824074268341064,0.5449596643447876
YLR348C,YMR059W,1,2.1469576,0.15000000596046448,0.8833333253860474,0.5449596643447876
YER074W-A,YMR150C,0,2.1466982,0.14997641742229462,0.8833333253860474,0.5450604557991028
YJR111C,YPL176C,0,2.1464107,0.14995284378528595,0.8833333253860474,0.5451613068580627
YFL039C,YDL122W,0,2.1463602,0.14992928504943848,0.8833333253860474,0.5452620983123779
YFL010W-A,YKL045W,0,2.1458428,0.149905726313591,0.8833333253860474,0.5453628897666931
YMR008C,YPL016W,0,2.1455033,0.14988216757774353,0.8833333253860474,0.5454636812210083
YNL180C,YPR192W,0,2.1443496,0.14985862374305725,0.8833333253860474,0.5455645322799683
YLR286C,YOR240W,0,2.144102,0.14983507990837097,0.8833333253860474,0.5456653237342834
YGR065C,YDR062W,0,2.1438863,0.1498115509748459,0.8833333253860474,0.5457661151885986
YDR063W,YDR365C,0,2.143571,0.149788036942482,0.8833333253860474,0.5458669066429138
YPL208W,YDL236W,0,2.1434257,0.1497645229101181,0.8833333253860474,0.5459677577018738
YGL197W,YDR257C,0,2.1429315,0.1497410088777542,0.8833333253860474,0.546068549156189
YKL002W,YMR288W,0,2.1428983,0.1497175097465515,0.8833333253860474,0.5461693406105042
YAL017W,YLR248W,0,2.1411068,0.14969402551651,0.8833333253860474,0.5462701320648193
YPR083W,YNL049C,0,2.140969,0.1496705412864685,0.8833333253860474,0.5463709831237793
YNL169C,YCL027W,0,2.1406083,0.149647057056427,0.8833333253860474,0.5464717745780945
YBR248C,YNR037C,0,2.1404045,0.1496235877275467,0.8833333253860474,0.5465725660324097
YJL206C,YJR006W,0,2.1403356,0.14960011839866638,0.8833333253860474,0.5466733574867249
YLR024C,YNL117W,0,2.1402764,0.14957666397094727,0.8833333253860474,0.5467742085456848
YFL066C,YJR120W,0,2.1401973,0.14955322444438934,0.8833333253860474,0.546875
YGR158C,YGL231C,0,2.1399157,0.14952978491783142,0.8833333253860474,0.5469757914543152
YER017C,YOR312C,0,2.139745,0.1495063453912735,0.8833333253860474,0.5470766425132751
YBL005W-A,YML071C,0,2.139499,0.14948292076587677,0.8833333253860474,0.5471774339675903
YHR111W,YML103C,0,2.1392872,0.14945949614048004,0.8833333253860474,0.5472782254219055
YGR288W,YPL274W,0,2.1380177,0.1494360864162445,0.8833333253860474,0.5473790168762207
YHR197W,YDL200C,0,2.1366913,0.14941269159317017,0.8833333253860474,0.5474798679351807
YDL112W,YML047C,0,2.1354537,0.14938928186893463,0.8833333253860474,0.5475806593894958
YMR165C,YIL107C,0,2.1336362,0.14936590194702148,0.8833333253860474,0.547681450843811
YDR536W,YGR154C,0,2.1328251,0.14934252202510834,0.8833333253860474,0.5477822422981262
YNL122C,YOR242C,0,2.1325924,0.1493191421031952,0.8833333253860474,0.5478830933570862
YGR109W-A,YCR047C,0,2.132551,0.14929577708244324,0.8833333253860474,0.5479838848114014
YMR023C,YKR042W,1,2.1324086,0.14942888915538788,0.8842592835426331,0.5479838848114014
YGL171W,YGL067W,0,2.1323183,0.14940550923347473,0.8842592835426331,0.5480846762657166
YLR126C,YPL204W,0,2.1322367,0.14938212931156158,0.8842592835426331,0.5481854677200317
YJL034W,YJL059W,0,2.1318252,0.14935877919197083,0.8842592835426331,0.5482863187789917
YKL010C,YFL027C,0,2.131524,0.14933541417121887,0.8842592835426331,0.5483871102333069
YPL230W,YEL069C,0,2.1309986,0.1493120640516281,0.8842592835426331,0.5484879016876221
YLR224W,YDR150W,0,2.1308868,0.14928872883319855,0.8842592835426331,0.5485886931419373
YER037W,YKL124W,0,2.1305363,0.14926539361476898,0.8842592835426331,0.5486895442008972
YML040W,YJL074C,0,2.130164,0.1492420732975006,0.8842592835426331,0.5487903356552124
YNR020C,YHR079C-B,0,2.1298563,0.14921875298023224,0.8842592835426331,0.5488911271095276
YOR312C,YCL045C,0,2.1296537,0.14919543266296387,0.8842592835426331,0.5489919185638428
YCR081W,YPR113W,0,2.128879,0.1491721272468567,0.8842592835426331,0.5490927696228027
YAL041W,YLR193C,0,2.1280444,0.1491488367319107,0.8842592835426331,0.5491935610771179
YOL055C,YJL085W,0,2.1275716,0.14912554621696472,0.8842592835426331,0.5492943525314331
YML104C,YDL029W,0,2.126941,0.14910227060317993,0.8842592835426331,0.5493951439857483
YNR049C,YPR031W,0,2.126805,0.14907899498939514,0.8842592835426331,0.5494959950447083
YOR260W,YCR087C-A,0,2.1266289,0.14905571937561035,0.8842592835426331,0.5495967864990234
YNL222W,YOR140W,0,2.126475,0.14903245866298676,0.8842592835426331,0.5496975779533386
YDR459C,YDL104C,0,2.1263475,0.14900921285152435,0.8842592835426331,0.5497983694076538
YOL057W,YHR179W,0,2.126192,0.14898595213890076,0.8842592835426331,0.5498992204666138
YLR424W,YGL157W,0,2.1260953,0.14896272122859955,0.8842592835426331,0.550000011920929
YGR122W,YBL066C,0,2.124828,0.14893949031829834,0.8842592835426331,0.5501008033752441
YML040W,YCL031C,0,2.1243393,0.14891625940799713,0.8842592835426331,0.5502015948295593
YLR390W-A,YKL081W,0,2.1243007,0.14889304339885712,0.8842592835426331,0.5503024458885193
YPL138C,YOL163W,0,2.1238143,0.1488698422908783,0.8842592835426331,0.5504032373428345
YEL063C,YHR194W,0,2.1232066,0.14884662628173828,0.8842592835426331,0.5505040287971497
YPL138C,YGR220C,0,2.1230173,0.14882344007492065,0.8842592835426331,0.5506048202514648
YAR014C,YMR010W,0,2.1228049,0.14880025386810303,0.8842592835426331,0.5507056713104248
YDR146C,YPR107C,0,2.1220093,0.1487770676612854,0.8842592835426331,0.55080646276474
YKR106W,YBR001C,0,2.1219528,0.14875389635562897,0.8842592835426331,0.5509072542190552
YER040W,YFR026C,0,2.1219215,0.14873072504997253,0.8842592835426331,0.5510080456733704
YAL067C,YGL126W,0,2.1213253,0.1487075686454773,0.8842592835426331,0.5511088967323303
YDR453C,YBR289W,0,2.1200159,0.14868441224098206,0.8842592835426331,0.5512096881866455
YBL088C,YDL029W,0,2.1199503,0.148661270737648,0.8842592835426331,0.5513104796409607
YDL003W,YDR084C,0,2.1196985,0.14863812923431396,0.8842592835426331,0.5514112710952759
YPR065W,YNL048W,0,2.1195438,0.1486150026321411,0.8842592835426331,0.5515121221542358
YLR091W,YCL017C,0,2.1194289,0.14859187602996826,0.8842592835426331,0.551612913608551
YLR091W,YDL027C,1,2.1194022,0.14872433245182037,0.885185182094574,0.551612913608551
YPL228W,YLL026W,0,2.1191914,0.14870119094848633,0.885185182094574,0.5517137050628662
YNL027W,YKR067W,0,2.1183114,0.14867806434631348,0.885185182094574,0.5518144965171814
YBR162C,YIR032C,0,2.118261,0.14865495264530182,0.885185182094574,0.5519153475761414
YKL040C,YGR016W,0,2.1181984,0.14863184094429016,0.885185182094574,0.5520161390304565
YFL010W-A,YMR276W,0,2.1181748,0.1486087292432785,0.885185182094574,0.5521169304847717
YBR152W,YHR156C,0,2.1176193,0.14858563244342804,0.885185182094574,0.5522177219390869
YGL204C,YDL216C,0,2.1173463,0.14856255054473877,0.885185182094574,0.5523185729980469
YJL023C,YML034W,0,2.117183,0.1485394686460495,0.885185182094574,0.5524193644523621
YMR009W,YBR171W,0,2.1171734,0.14851638674736023,0.885185182094574,0.5525201559066772
YOL053C-A,YMR219W,0,2.1170738,0.14849331974983215,0.885185182094574,0.5526209473609924
YER029C,YJR013W,0,2.116239,0.14847025275230408,0.885185182094574,0.5527217984199524
YDR262W,YGR288W,0,2.1155634,0.1484472006559372,0.885185182094574,0.5528225898742676
YMR008C,YML103C,0,2.115379,0.1484241634607315,0.885185182094574,0.5529233813285828
YGR106C,YOL042W,0,2.1150682,0.14840111136436462,0.885185182094574,0.553024172782898
YKL002W,YLL043W,0,2.114826,0.14837808907032013,0.885185182094574,0.5531250238418579
YIL056W,YDL029W,0,2.1142728,0.14835505187511444,0.885185182094574,0.5532258152961731
YAL008W,YGR236C,1,2.1138084,0.14848719537258148,0.8861111402511597,0.5532258152961731
YGL033W,YPL275W,0,2.1131954,0.1484641581773758,0.8861111402511597,0.5533266067504883
YCR086W,YAL063C,0,2.1131666,0.1484411358833313,0.8861111402511597,0.5534273982048035
YKR106W,YLR368W,0,2.1128395,0.1484181135892868,0.8861111402511597,0.5535282492637634
YKL071W,YMR083W,0,2.1125371,0.1483951061964035,0.8861111402511597,0.5536290407180786
YPR166C,YAR018C,0,2.1122742,0.1483720988035202,0.8861111402511597,0.5537298321723938
YDR022C,YLR297W,0,2.1122646,0.1483490914106369,0.8861111402511597,0.553830623626709
YPR065W,YGL044C,0,2.111873,0.1483260989189148,0.8861111402511597,0.553931474685669
YOR365C,YDL122W,0,2.1115458,0.14830312132835388,0.8861111402511597,0.5540322661399841
YLR394W,YAL025C,0,2.11147,0.14828014373779297,0.8861111402511597,0.5541330575942993
YLR259C,YBR233W-A,0,2.1096127,0.14825716614723206,0.8861111402511597,0.5542338490486145
YDR165W,YDR016C,0,2.1094801,0.14823420345783234,0.8861111402511597,0.5543347001075745
YER110C,YKL077W,0,2.1088765,0.14821124076843262,0.8861111402511597,0.5544354915618896
YIL170W,YJR140C,0,2.10854,0.1481882929801941,0.8861111402511597,0.5545362830162048
YJR147W,YHR214W,0,2.1084406,0.14816534519195557,0.8861111402511597,0.55463707447052
YLR143W,YCL038C,0,2.108312,0.14814241230487823,0.8861111402511597,0.55473792552948
YDL063C,YOR290C,0,2.1079197,0.1481194794178009,0.8861111402511597,0.5548387169837952
YHR037W,YHR117W,1,2.1057332,0.14825130999088287,0.8870370388031006,0.5548387169837952
YJR140C,YLR113W,0,2.1050448,0.14822837710380554,0.8870370388031006,0.5549395084381104
YLR424W,YDR304C,0,2.104771,0.1482054442167282,0.8870370388031006,0.5550402998924255
YML013W,YBR289W,0,2.1047544,0.14818252623081207,0.8870370388031006,0.5551411509513855
YML123C,YGL229C,0,2.1047018,0.14815960824489594,0.8870370388031006,0.5552419424057007
YFL040W,YKR007W,0,2.1038272,0.1481366902589798,0.8870370388031006,0.5553427338600159
YJR067C,YOL100W,0,2.1031845,0.14811378717422485,0.8870370388031006,0.555443525314331
YKL138C-A,YML075C,0,2.103041,0.1480908989906311,0.8870370388031006,0.555544376373291
YDR091C,YGL252C,0,2.1019785,0.14806801080703735,0.8870370388031006,0.5556451678276062
YPL083C,YMR302C,1,2.101714,0.148199662566185,0.8879629373550415,0.5556451678276062
YMR257C,YFL046W,1,2.101251,0.14833126962184906,0.8888888955116272,0.5556451678276062
YIL040W,YGL142C,0,2.1009324,0.14830835163593292,0.8888888955116272,0.5557459592819214
YJL222W,YBR171W,0,2.1007712,0.14828544855117798,0.8888888955116272,0.5558467507362366
YLR289W,YMR118C,1,2.099899,0.14841698110103607,0.8898147940635681,0.5558467507362366
YLR424W,YCR087C-A,0,2.0996046,0.14839406311511993,0.8898147940635681,0.5559476017951965
YOR336W,YOR327C,0,2.099502,0.148371160030365,0.8898147940635681,0.5560483932495117
YAR031W,YIL146C,0,2.0991344,0.14834825694561005,0.8898147940635681,0.5561491847038269
YOL082W,YDR221W,0,2.0981414,0.1483253538608551,0.8898147940635681,0.5562499761581421
YAR050W,YGR187C,0,2.0980437,0.14830246567726135,0.8898147940635681,0.556350827217102
YML034W,YGL054C,0,2.098008,0.1482795923948288,0.8898147940635681,0.5564516186714172
YOR088W,YLR436C,0,2.0976636,0.14825670421123505,0.8898147940635681,0.5565524101257324
YMR134W,YMR069W,0,2.097611,0.14823384582996368,0.8898147940635681,0.5566532015800476
YJL153C,YGR143W,0,2.0975916,0.14821098744869232,0.8898147940635681,0.5567540526390076
YAR014C,YGL204C,0,2.0974076,0.14818812906742096,0.8898147940635681,0.5568548440933228
YPL139C,YNL286W,0,2.097125,0.1481652855873108,0.8898147940635681,0.5569556355476379
YDR472W,YFR025C,0,2.0959997,0.14814244210720062,0.8898147940635681,0.5570564270019531
YBR246W,YGR095C,0,2.0956745,0.14811959862709045,0.8898147940635681,0.5571572780609131
YOL038W,YCR038C,0,2.095247,0.14809678494930267,0.8898147940635681,0.5572580695152283
YNL180C,YNL083W,0,2.0948207,0.1480739563703537,0.8898147940635681,0.5573588609695435
YBR227C,YMR258C,0,2.0934224,0.14805114269256592,0.8898147940635681,0.5574596524238586
YHR023W,YBR287W,0,2.0933228,0.14802834391593933,0.8898147940635681,0.5575605034828186
YIR008C,YPL059W,0,2.0930085,0.14800554513931274,0.8898147940635681,0.5576612949371338
YGL168W,YGL068W,0,2.0929322,0.14798274636268616,0.8898147940635681,0.557762086391449
YPL012W,YOL163W,0,2.0928116,0.14795996248722076,0.8898147940635681,0.5578628778457642
YLR385C,YNL015W,0,2.0926225,0.14793719351291656,0.8898147940635681,0.5579637289047241
YGL054C,YHL023C,0,2.0926082,0.14791442453861237,0.8898147940635681,0.5580645203590393
YJR147W,YGR283C,0,2.092132,0.14789165556430817,0.8898147940635681,0.5581653118133545
YAL001C,YPL135W,0,2.0919578,0.14786890149116516,0.8898147940635681,0.5582661032676697
YJR067C,YJL222W,0,2.091205,0.14784614741802216,0.8898147940635681,0.5583669543266296
YBL093C,YOR355W,0,2.0911129,0.14782340824604034,0.8898147940635681,0.5584677457809448
YGR289C,YKL104C,0,2.089637,0.14780068397521973,0.8898147940635681,0.55856853723526
YPR185W,YPR041W,0,2.0885346,0.14777794480323792,0.8898147940635681,0.5586693286895752
YKL203C,YDR365C,0,2.0883887,0.1477552205324173,0.8898147940635681,0.5587701797485352
YDL188C,YDR289C,0,2.0883293,0.14773251116275787,0.8898147940635681,0.5588709712028503
YGR256W,YMR150C,0,2.0883038,0.14770980179309845,0.8898147940635681,0.5589717626571655
YFR019W,YHR112C,0,2.0879354,0.14768710732460022,0.8898147940635681,0.5590725541114807
YOR085W,YGL050W,0,2.0879338,0.147664412856102,0.8898147940635681,0.5591734051704407
YMR008C,YPL227C,0,2.0877318,0.14764173328876495,0.8898147940635681,0.5592741966247559
YLR293C,YDR221W,0,2.087463,0.14761905372142792,0.8898147940635681,0.559374988079071
YPR030W,YKR086W,0,2.0873566,0.14759637415409088,0.8898147940635681,0.5594757795333862
YDL126C,YKL096W-A,0,2.087148,0.14757370948791504,0.8898147940635681,0.5595766305923462
YLR069C,YML087C,0,2.0867283,0.1475510448217392,0.8898147940635681,0.5596774220466614
YHR023W,YOL047C,0,2.086001,0.14752839505672455,0.8898147940635681,0.5597782135009766
YGL128C,YER014C-A,0,2.0856943,0.1475057601928711,0.8898147940635681,0.5598790049552917
YMR259C,YNL087W,0,2.0856922,0.14748312532901764,0.8898147940635681,0.5599798560142517
YKR090W,YNL040W,0,2.0856261,0.14746049046516418,0.8898147940635681,0.5600806474685669
YER017C,YCR101C,0,2.0852754,0.14743787050247192,0.8898147940635681,0.5601814389228821
YJL222W,YER119C,0,2.0850418,0.14741525053977966,0.8898147940635681,0.5602822303771973
YMR105C,YOR073W,0,2.0849466,0.1473926454782486,0.8898147940635681,0.5603830814361572
YBL050W,YER037W,0,2.08475,0.14737004041671753,0.8898147940635681,0.5604838728904724
YJR007W,YLR091W,0,2.0839558,0.14734743535518646,0.8898147940635681,0.5605846643447876
YNL308C,YMR071C,0,2.0837646,0.1473248451948166,0.8898147940635681,0.5606854557991028
YLR265C,YDL045C,0,2.0830724,0.1473022699356079,0.8898147940635681,0.5607863068580627
YML123C,YLR013W,0,2.082773,0.14727969467639923,0.8898147940635681,0.5608870983123779
YAL067C,YNL058C,0,2.0826173,0.14725711941719055,0.8898147940635681,0.5609878897666931
YLR433C,YDR043C,0,2.0823681,0.14723455905914307,0.8898147940635681,0.5610886812210083
YLR147C,YLR013W,0,2.0816073,0.14721201360225677,0.8898147940635681,0.5611895322799683
YPL234C,YHL017W,0,2.0816019,0.14718946814537048,0.8898147940635681,0.5612903237342834
YGR125W,YCL017C,0,2.081302,0.1471669226884842,0.8898147940635681,0.5613911151885986
YOR390W,YNL041C,0,2.0810452,0.1471443921327591,0.8898147940635681,0.5614919066429138
YOR085W,YNL248C,0,2.0810258,0.147121861577034,0.8898147940635681,0.5615927577018738
YCL027C-A,YNL169C,0,2.0805795,0.1470993459224701,0.8898147940635681,0.561693549156189
YDR011W,YPR116W,0,2.0802372,0.1470768302679062,0.8898147940635681,0.5617943406105042
YLR147C,YMR009W,0,2.0798137,0.14705432951450348,0.8898147940635681,0.5618951320648193
YBR287W,YBR286W,0,2.0796573,0.14703182876110077,0.8898147940635681,0.5619959831237793
YFL016C,YLR176C,0,2.0793557,0.14700932800769806,0.8898147940635681,0.5620967745780945
YBR015C,YNL162W,0,2.078696,0.14698684215545654,0.8898147940635681,0.5621975660324097
YDL084W,YEL031W,0,2.0778494,0.14696437120437622,0.8898147940635681,0.5622983574867249
YOR019W,YDR419W,0,2.0777137,0.1469419002532959,0.8898147940635681,0.5623992085456848
YLR137W,YDR419W,0,2.0771713,0.14691942930221558,0.8898147940635681,0.5625
YLR126C,YIL097W,0,2.0771658,0.14689697325229645,0.8898147940635681,0.5626007914543152
YMR165C,YFL052W,0,2.0762296,0.14687451720237732,0.8898147940635681,0.5627016425132751
YGL257C,YGR283C,0,2.0751734,0.14685207605361938,0.8898147940635681,0.5628024339675903
YGR095C,YGR220C,0,2.074794,0.14682963490486145,0.8898147940635681,0.5629032254219055
YOL162W,YFR036W,0,2.0745385,0.1468072086572647,0.8898147940635681,0.5630040168762207
YBR015C,YDL048C,0,2.0743423,0.14678478240966797,0.8898147940635681,0.5631048679351807
YLR224W,YDR282C,0,2.0734484,0.14676237106323242,0.8898147940635681,0.5632056593894958
YOR261C,YOR130C,0,2.073334,0.14673995971679688,0.8898147940635681,0.563306450843811
YLR215C,YLR113W,0,2.0731735,0.14671756327152252,0.8898147940635681,0.5634072422981262
YGL210W,YPL072W,1,2.0731485,0.14684781432151794,0.8907407522201538,0.5634072422981262
YOR163W,YOR344C,0,2.0727093,0.1468254029750824,0.8907407522201538,0.5635080933570862
YGR218W,YNL242W,0,2.0726469,0.14680299162864685,0.8907407522201538,0.5636088848114014
YLR431C,YDL145C,0,2.0723293,0.1467805951833725,0.8907407522201538,0.5637096762657166
YPR065W,YCL017C,0,2.0711586,0.14675819873809814,0.8907407522201538,0.5638104677200317
YPR133C,YGL206C,0,2.0709844,0.14673581719398499,0.8907407522201538,0.5639113187789917
YOR356W,YLR204W,1,2.0704958,0.14686594903469086,0.8916666507720947,0.5639113187789917
YEL031W,YCR075C,0,2.0704143,0.1468435525894165,0.8916666507720947,0.5640121102333069
YEL060C,YMR277W,0,2.0700822,0.14682115614414215,0.8916666507720947,0.5641129016876221
YDL003W,YLL009C,0,2.069831,0.146798774600029,0.8916666507720947,0.5642136931419373
YPL139C,YHR091C,0,2.0695074,0.14677640795707703,0.8916666507720947,0.5643145442008972
YOL082W,YOR037W,0,2.0690656,0.14675404131412506,0.8916666507720947,0.5644153356552124
YLR091W,YNL169C,1,2.0690656,0.14688405394554138,0.8925926089286804,0.5644153356552124
YDL220C,YCL004W,0,2.069032,0.14686167240142822,0.8925926089286804,0.5645161271095276
YPL175W,YMR298W,0,2.068557,0.14683930575847626,0.8925926089286804,0.5646169185638428
YEL020C,YDR252W,0,2.068422,0.1468169391155243,0.8925926089286804,0.5647177696228027
YOR214C,YBL051C,0,2.0683992,0.14679457247257233,0.8925926089286804,0.5648185610771179
YIL099W,YMR197C,0,2.0682356,0.14677223563194275,0.8925926089286804,0.5649193525314331
YCL062W,YLR185W,0,2.0681756,0.14674988389015198,0.8925926089286804,0.5650201439857483
YPR021C,YBR044C,1,2.067187,0.14687976241111755,0.8935185074806213,0.5650201439857483
YGL252C,YHR109W,0,2.0670447,0.14685741066932678,0.8935185074806213,0.5651209950447083
YMR233W,YBR013C,0,2.066707,0.146835058927536,0.8935185074806213,0.5652217864990234
YGR295C,YML071C,0,2.066498,0.14681272208690643,0.8935185074806213,0.5653225779533386
YLR424W,YBR162C,0,2.0663626,0.14679038524627686,0.8935185074806213,0.5654233694076538
YGL179C,YHR112C,0,2.0661008,0.14676806330680847,0.8935185074806213,0.5655242204666138
YPR204W,YBR133C,0,2.0657175,0.1467457413673401,0.8935185074806213,0.565625011920929
YPL158C,YHR194W,0,2.0654485,0.1467234343290329,0.8935185074806213,0.5657258033752441
YDR011W,YHR214W,0,2.065408,0.1467011272907257,0.8935185074806213,0.5658265948295593
YPR091C,YIL144W,0,2.0649366,0.14667882025241852,0.8935185074806213,0.5659274458885193
YOL149W,YNL040W,0,2.0648644,0.14665652811527252,0.8935185074806213,0.5660282373428345
YHR091C,YJL019W,0,2.0648043,0.14663425087928772,0.8935185074806213,0.5661290287971497
YLR393W,YLR348C,1,2.0645328,0.1467639058828354,0.894444465637207,0.5661290287971497
YOL053C-A,YNL286W,0,2.064078,0.1467416137456894,0.894444465637207,0.5662298202514648
YAL063C,YBR084C-A,0,2.063478,0.1467193216085434,0.894444465637207,0.5663306713104248
YNR019W,YDR150W,0,2.0630407,0.1466970443725586,0.894444465637207,0.56643146276474
YNL292W,YGL142C,0,2.0629709,0.1466747671365738,0.894444465637207,0.5665322542190552
YNL154C,YOR130C,0,2.0627007,0.146652489900589,0.894444465637207,0.5666330456733704
YOR140W,YBR213W,0,2.0623703,0.14663024246692657,0.894444465637207,0.5667338967323303
YNR041C,YPL193W,0,2.061785,0.14660798013210297,0.894444465637207,0.5668346881866455
YDR181C,YER055C,0,2.0616436,0.14658573269844055,0.894444465637207,0.5669354796409607
YHR016C,YOR137C,0,2.0615187,0.14656350016593933,0.894444465637207,0.5670362710952759
YDR435C,YOR240W,0,2.0609677,0.1465412676334381,0.894444465637207,0.5671371221542358
YMR083W,YHR039C,0,2.0607398,0.1465190351009369,0.894444465637207,0.567237913608551
YDL160C,YBR048W,0,2.0606863,0.14649681746959686,0.894444465637207,0.5673387050628662
YDR350C,YCL062W,0,2.0606444,0.14647459983825684,0.894444465637207,0.5674394965171814
YPR097W,YML054C,1,2.060631,0.1466040015220642,0.895370364189148,0.5674394965171814
YJL019W,YOR037W,0,2.06018,0.14658178389072418,0.895370364189148,0.5675403475761414
YOR260W,YFR039C,0,2.0598662,0.14655956625938416,0.895370364189148,0.5676411390304565
YGL068W,YDR365C,0,2.0596848,0.14653734862804413,0.895370364189148,0.5677419304847717
YBR073W,YEL054C,0,2.059234,0.1465151458978653,0.895370364189148,0.5678427219390869
YDR055W,YKL071W,0,2.0591128,0.14649295806884766,0.895370364189148,0.5679435729980469
YHR155W,YML120C,1,2.058826,0.14662224054336548,0.8962963223457336,0.5679435729980469
YJL085W,YNL015W,0,2.058758,0.14660002291202545,0.8962963223457336,0.5680443644523621
YLR240W,YHR088W,0,2.0580313,0.1465778350830078,0.8962963223457336,0.5681451559066772
YOL012C,YBR248C,0,2.0569646,0.14655563235282898,0.8962963223457336,0.5682459473609924
YKL084W,YFL046W,1,2.056424,0.14668482542037964,0.8972222208976746,0.5682459473609924
YDR063W,YOR242C,0,2.056266,0.146662637591362,0.8972222208976746,0.5683467984199524
YOR201C,YOR388C,0,2.0548122,0.14664043486118317,0.8972222208976746,0.5684475898742676
YOR365C,YOL115W,0,2.0545058,0.14661824703216553,0.8972222208976746,0.5685483813285828
YKL212W,YOL109W,1,2.0543714,0.14674735069274902,0.8981481194496155,0.5685483813285828
YER029C,YLR088W,0,2.054203,0.1467251479625702,0.8981481194496155,0.568649172782898
YHR023W,YDL054C,0,2.054102,0.14670296013355255,0.8981481194496155,0.5687500238418579
YPR156C,YGR295C,0,2.0535207,0.1466807872056961,0.8981481194496155,0.5688508152961731
YHR016C,YJR107W,0,2.0534434,0.14665859937667847,0.8981481194496155,0.5689516067504883
YOL149W,YGL122C,0,2.0529225,0.14663642644882202,0.8981481194496155,0.5690523982048035
YGR084C,YOR066W,0,2.0519497,0.14661426842212677,0.8981481194496155,0.5691532492637634
YBR239C,YBR295W,0,2.0517945,0.14659211039543152,0.8981481194496155,0.5692540407180786
YMR041C,YPL275W,0,2.0516624,0.14656996726989746,0.8981481194496155,0.5693548321723938
YKR086W,YOR266W,0,2.0503387,0.1465478241443634,0.8981481194496155,0.569455623626709
YAR050W,YOL077W-A,0,2.0502234,0.14652568101882935,0.8981481194496155,0.569556474685669
YPL132W,YLR092W,0,2.0496917,0.14650355279445648,0.8981481194496155,0.5696572661399841
YIL047C,YKL033W-A,0,2.0490534,0.14648142457008362,0.8981481194496155,0.5697580575942993
YMR258C,YHL022C,0,2.0489712,0.14645931124687195,0.8981481194496155,0.5698588490486145
YPL189W,YBR162C,0,2.0489185,0.14643719792366028,0.8981481194496155,0.5699597001075745
YOR249C,YOR390W,0,2.0488298,0.1464150995016098,0.8981481194496155,0.5700604915618896
YDR506C,YLR050C,0,2.0487554,0.14639300107955933,0.8981481194496155,0.5701612830162048
YBR287W,YBR133C,0,2.0474124,0.14637090265750885,0.8981481194496155,0.57026207447052
YIL170W,YNR020C,0,2.0467727,0.14634881913661957,0.8981481194496155,0.57036292552948
YOL052C,YPL001W,0,2.046439,0.14632675051689148,0.8981481194496155,0.5704637169837952
YGR194C,YDL003W,0,2.0464346,0.1463046818971634,0.8981481194496155,0.5705645084381104
YBR061C,YLR300W,0,2.0460541,0.1462826132774353,0.8981481194496155,0.5706652998924255
YFR024C-A,YBR233W-A,0,2.0459707,0.1462605595588684,0.8981481194496155,0.5707661509513855
YMR009W,YIR033W,0,2.045967,0.1462385058403015,0.8981481194496155,0.5708669424057007
YER145C,YMR194W,0,2.045273,0.1462164670228958,0.8981481194496155,0.5709677338600159
YNL206C,YDR084C,0,2.045009,0.1461944282054901,0.8981481194496155,0.571068525314331
YMR218C,YOL163W,0,2.044965,0.1461723893880844,0.8981481194496155,0.571169376373291
YFL057C,YMR117C,0,2.044833,0.1461503654718399,0.8981481194496155,0.5712701678276062
YLR143W,YKL210W,0,2.0442894,0.1461283564567566,0.8981481194496155,0.5713709592819214
YKL071W,YNL076W,0,2.0441937,0.14610634744167328,0.8981481194496155,0.5714717507362366
YOR214C,YPL031C,0,2.0436754,0.14608433842658997,0.8981481194496155,0.5715726017951965
YFL016C,YLR265C,0,2.0430303,0.14606234431266785,0.8981481194496155,0.5716733932495117
YNL088W,YGL136C,0,2.0427644,0.14604035019874573,0.8981481194496155,0.5717741847038269
YKL179C,YDR177W,0,2.042568,0.1460183709859848,0.8981481194496155,0.5718749761581421
YPL167C,YPL135W,0,2.0419774,0.14599639177322388,0.8981481194496155,0.571975827217102
YPL012W,YHR037W,0,2.041312,0.14597441256046295,0.8981481194496155,0.5720766186714172
YJL165C,YHR017W,0,2.040974,0.14595244824886322,0.8981481194496155,0.5721774101257324
YLR309C,YGR038W,0,2.0404093,0.14593049883842468,0.8981481194496155,0.5722782015800476
YNL217W,YNL302C,0,2.0402863,0.14590854942798615,0.8981481194496155,0.5723790526390076
YLR308W,YHR191C,0,2.0401309,0.1458866000175476,0.8981481194496155,0.5724798440933228
YML013W,YNR013C,0,2.03976,0.14586466550827026,0.8981481194496155,0.5725806355476379
YCL045C,YHR124W,0,2.0387247,0.14584273099899292,0.8981481194496155,0.5726814270019531
YOR151C,YER017C,0,2.0378385,0.14582081139087677,0.8981481194496155,0.5727822780609131
YAL041W,YLR442C,0,2.0378065,0.14579889178276062,0.8981481194496155,0.5728830695152283
YIL170W,YFR019W,0,2.037553,0.14577697217464447,0.8981481194496155,0.5729838609695435
YAL067C,YLR088W,0,2.0373402,0.14575506746768951,0.8981481194496155,0.5730846524238586
YGR027C,YMR301C,0,2.036871,0.14573317766189575,0.8981481194496155,0.5731855034828186
YDL149W,YDR065W,1,2.0367115,0.14586150646209717,0.8990740776062012,0.5731855034828186
YMR135C,YBL088C,0,2.0366094,0.14583958685398102,0.8990740776062012,0.5732862949371338
YDL126C,YIL137C,0,2.0366025,0.14581769704818726,0.8990740776062012,0.573387086391449
YPR107C,YPL204W,0,2.03632,0.1457957923412323,0.8990740776062012,0.5734878778457642
YOR019W,YPR045C,0,2.0359638,0.14577390253543854,0.8990740776062012,0.5735887289047241
YER078C,YGR218W,0,2.0348437,0.14575202763080597,0.8990740776062012,0.5736895203590393
YJL076W,YEL004W,0,2.0348198,0.1457301527261734,0.8990740776062012,0.5737903118133545
YLR088W,YBR295W,0,2.0344815,0.14570827782154083,0.8990740776062012,0.5738911032676697
YBR141C,YDR131C,0,2.033862,0.14568641781806946,0.8990740776062012,0.5739919543266296
YPL177C,YOR265W,0,2.0330591,0.14566457271575928,0.8990740776062012,0.5740927457809448
YOR173W,YMR134W,0,2.0329537,0.1456427127122879,0.8990740776062012,0.57419353723526
YKL089W,YMR105C,0,2.0329142,0.14562088251113892,0.8990740776062012,0.5742943286895752
YGR288W,YGR070W,0,2.0327356,0.14559903740882874,0.8990740776062012,0.5743951797485352
YGR158C,YAL001C,0,2.0327065,0.14557720720767975,0.8990740776062012,0.5744959712028503
YKL040C,YGL194C,0,2.0310295,0.14555539190769196,0.8990740776062012,0.5745967626571655
YOR017W,YPR097W,1,2.03048,0.14568345248699188,0.8999999761581421,0.5745967626571655
YML026C,YDR410C,0,2.0304797,0.1456616222858429,0.8999999761581421,0.5746975541114807
YJL059W,YLR337W,0,2.0298128,0.1456397920846939,0.8999999761581421,0.5747984051704407
YMR267W,YDL116W,0,2.0295544,0.14561797678470612,0.8999999761581421,0.5748991966247559
YDR477W,YJL183W,0,2.0295198,0.14559616148471832,0.8999999761581421,0.574999988079071
YER105C,YCR046C,0,2.0292907,0.14557436108589172,0.8999999761581421,0.5751007795333862
YJR126C,YJL156C,0,2.0286808,0.14555256068706512,0.8999999761581421,0.5752016305923462
YHR161C,YGR009C,0,2.028442,0.14553077518939972,0.8999999761581421,0.5753024220466614
YKL002W,YBR213W,0,2.0281503,0.14550897479057312,0.8999999761581421,0.5754032135009766
YLR017W,YGL220W,0,2.0274305,0.1454872041940689,0.8999999761581421,0.5755040049552917
YBR126C,YLR088W,0,2.0272677,0.1454654335975647,0.8999999761581421,0.5756048560142517
YOR017W,YBR048W,0,2.0267577,0.14544366300106049,0.8999999761581421,0.5757056474685669
YGL012W,YBL051C,0,2.026737,0.14542190730571747,0.8999999761581421,0.5758064389228821
YNL145W,YOR232W,0,2.0267057,0.14540015161037445,0.8999999761581421,0.5759072303771973
YDR282C,YMR163C,0,2.0251381,0.14537839591503143,0.8999999761581421,0.5760080814361572
YDL213C,YDR462W,0,2.0244122,0.1453566551208496,0.8999999761581421,0.5761088728904724
YDL213C,YHR214W,0,2.022477,0.14533492922782898,0.8999999761581421,0.5762096643447876
YLR137W,YIR033W,0,2.0223024,0.14531320333480835,0.8999999761581421,0.5763104557991028
YLR078C,YLR193C,0,2.021601,0.14529147744178772,0.8999999761581421,0.5764113068580627
YNR072W,YBR031W,0,2.021501,0.14526976644992828,0.8999999761581421,0.5765120983123779
YLR286C,YLR265C,0,2.0214942,0.14524805545806885,0.8999999761581421,0.5766128897666931
YGR158C,YKL104C,0,2.02145,0.1452263593673706,0.8999999761581421,0.5767136812210083
YBR297W,YKL049C,0,2.0212424,0.14520466327667236,0.8999999761581421,0.5768145322799683
YFL066C,YOR290C,0,2.02098,0.14518296718597412,0.8999999761581421,0.5769153237342834
YDL126C,YDR398W,0,2.0203824,0.14516128599643707,0.8999999761581421,0.5770161151885986
YPR097W,YML120C,1,2.0200584,0.14528892934322357,0.9009259343147278,0.5770161151885986
YJL103C,YJL168C,0,2.018056,0.14526724815368652,0.9009259343147278,0.5771169066429138
YJL209W,YDR316W,1,2.017775,0.14539483189582825,0.9018518328666687,0.5771169066429138
YNL292W,YMR018W,0,2.0173955,0.14537313580513,0.9018518328666687,0.5772177577018738
YGL168W,YLR126C,0,2.01713,0.14535143971443176,0.9018518328666687,0.577318549156189
YDR150W,YOR162C,0,2.0169616,0.14532975852489471,0.9018518328666687,0.5774193406105042
YKL018W,YNL088W,0,2.0169544,0.14530807733535767,0.9018518328666687,0.5775201320648193
YBL031W,YHR075C,0,2.0157719,0.14528639614582062,0.9018518328666687,0.5776209831237793
YAL063C,YIL022W,0,2.0154562,0.14526472985744476,0.9018518328666687,0.5777217745780945
YAL001C,YBR295W,0,2.0152466,0.1452430635690689,0.9018518328666687,0.5778225660324097
YER185W,YLR274W,0,2.0143638,0.14522141218185425,0.9018518328666687,0.5779233574867249
YML103C,YOL158C,0,2.014001,0.1451997607946396,0.9018518328666687,0.5780242085456848
YDL112W,YJR046W,0,2.0139399,0.14517812430858612,0.9018518328666687,0.578125
YEL068C,YPR171W,0,2.012764,0.14515648782253265,0.9018518328666687,0.5782257914543152
YLR043C,YPR171W,0,2.0126116,0.1451348513364792,0.9018518328666687,0.5783266425132751
YER105C,YEL004W,0,2.012312,0.14511322975158691,0.9018518328666687,0.5784274339675903
YPL243W,YLR248W,0,2.012312,0.14509160816669464,0.9018518328666687,0.5785282254219055
YOR017W,YKR098C,0,2.0120769,0.14507000148296356,0.9018518328666687,0.5786290168762207
YIL097W,YKL157W,0,2.0119684,0.14504839479923248,0.9018518328666687,0.5787298679351807
YJL206C,YJL085W,0,2.011936,0.1450268030166626,0.9018518328666687,0.5788306593894958
YPR091C,YNL251C,0,2.011692,0.1450052112340927,0.9018518328666687,0.578931450843811
YLR050C,YHR088W,0,2.0116694,0.14498361945152283,0.9018518328666687,0.5790322422981262
YDR195W,YGL229C,0,2.0111501,0.14496204257011414,0.9018518328666687,0.5791330933570862
YEL026W,YFL066C,0,2.0110507,0.14494048058986664,0.9018518328666687,0.5792338848114014
YPL189W,YCR083W,0,2.0108478,0.14491890370845795,0.9018518328666687,0.5793346762657166
YGL171W,YML101C,0,2.0108469,0.14489735662937164,0.9018518328666687,0.5794354677200317
YPR043W,YOR311C,0,2.0095484,0.14487579464912415,0.9018518328666687,0.5795363187789917
YJR107W,YDL013W,0,2.009484,0.14485424757003784,0.9018518328666687,0.5796371102333069
YFL010W-A,YDR125C,0,2.0093691,0.14483271539211273,0.9018518328666687,0.5797379016876221
YGR260W,YLR234W,0,2.0093684,0.14481118321418762,0.9018518328666687,0.5798386931419373
YJL076W,YER074W-A,0,2.0074954,0.1447896510362625,0.9018518328666687,0.5799395442008972
YAL048C,YBR035C,1,2.0074635,0.14491677284240723,0.9027777910232544,0.5799395442008972
YJR135W-A,YOL095C,1,2.0071821,0.14504383504390717,0.9037036895751953,0.5799395442008972
YML061C,YNR040W,1,2.0070827,0.1451708823442459,0.904629647731781,0.5799395442008972
YBL088C,YNL181W,0,2.006646,0.14514930546283722,0.904629647731781,0.5800403356552124
YOL047C,YIR008C,0,2.006639,0.14512774348258972,0.904629647731781,0.5801411271095276
YFR004W,YJR141W,0,2.0063128,0.14510619640350342,0.904629647731781,0.5802419185638428
YBR169C,YHR079C-B,0,2.0061784,0.14508464932441711,0.904629647731781,0.5803427696228027
YMR047C,YDR244W,0,2.0061567,0.1450631022453308,0.904629647731781,0.5804435610771179
YBR152W,YLR040C,0,2.0060773,0.1450415700674057,0.904629647731781,0.5805443525314331
YBR152W,YCL058W-A,0,2.0059304,0.1450200378894806,0.904629647731781,0.5806451439857483
YKL146W,YLR110C,0,2.0056498,0.14499852061271667,0.904629647731781,0.5807459950447083
YOR101W,YML081W,0,2.0052829,0.14497700333595276,0.904629647731781,0.5808467864990234
YIL111W,YLR043C,1,2.0047019,0.14510385692119598,0.9055555462837219,0.5808467864990234
YBR021W,YHL046C,0,2.0044365,0.14508232474327087,0.9055555462837219,0.5809475779533386
YPR185W,YHR124W,0,2.0042548,0.14506080746650696,0.9055555462837219,0.5810483694076538
YOL042W,YLR436C,0,2.0042067,0.14503930509090424,0.9055555462837219,0.5811492204666138
YPL167C,YML012W,0,2.0041487,0.14501778781414032,0.9055555462837219,0.581250011920929
YML071C,YJL186W,0,2.0023212,0.1449963003396988,0.9055555462837219,0.5813508033752441
YFL011W-A,YOR030W,0,2.001706,0.14497479796409607,0.9055555462837219,0.5814515948295593
YOR388C,YJL080C,0,2.0016992,0.14495331048965454,0.9055555462837219,0.5815524458885193
YEL055C,YBR048W,0,2.00072,0.1449318379163742,0.9055555462837219,0.5816532373428345
YJR140C,YPL097W,0,2.0005112,0.14491035044193268,0.9055555462837219,0.5817540287971497
YPL234C,YKL173W,0,1.999729,0.14488889276981354,0.9055555462837219,0.5818548202514648
YOR037W,YBR170C,1,1.999423,0.14501555263996124,0.9064815044403076,0.5818548202514648
YER078C,YLR027C,0,1.9994079,0.1449940800666809,0.9064815044403076,0.5819556713104248
YER038C,YCL004W,0,1.9984671,0.14497260749340057,0.9064815044403076,0.58205646276474
YDR289C,YNL015W,0,1.9977406,0.14495113492012024,0.9064815044403076,0.5821572542190552
YBR198C,YGL046W,0,1.9972626,0.1449296772480011,0.9064815044403076,0.5822580456733704
YNL222W,YMR230W,0,1.9972546,0.14490823447704315,0.9064815044403076,0.5823588967323303
YGL001C,YKL045W,0,1.9969652,0.144886776804924,0.9064815044403076,0.5824596881866455
YPL208W,YLR325C,0,1.9967805,0.14486534893512726,0.9064815044403076,0.5825604796409607
YML114C,YCR087C-A,0,1.9956251,0.1448439061641693,0.9064815044403076,0.5826612710952759
YDR466W,YCL027C-A,0,1.9947263,0.14482247829437256,0.9064815044403076,0.5827621221542358
YER037W,YMR032W,0,1.993491,0.144801065325737,0.9064815044403076,0.582862913608551
YNL058C,YHR039C,0,1.993404,0.14477965235710144,0.9064815044403076,0.5829637050628662
YDR034C,YLR091W,0,1.9933326,0.14475823938846588,0.9064815044403076,0.5830644965171814
YPL255W,YEL004W,0,1.9931389,0.14473684132099152,0.9064815044403076,0.5831653475761414
YGL001C,YDR252W,0,1.9926,0.14471544325351715,0.9064815044403076,0.5832661390304565
YJL141C,YML081W,0,1.9922991,0.14469406008720398,0.9064815044403076,0.5833669304847717
YGR044C,YLR136C,0,1.992063,0.1446726769208908,0.9064815044403076,0.5834677219390869
YLR147C,YBR196C,0,1.9920484,0.14465129375457764,0.9064815044403076,0.5835685729980469
YBL064C,YMR061W,0,1.9919747,0.14462992548942566,0.9064815044403076,0.5836693644523621
YIL135C,YMR042W,0,1.99134,0.14460857212543488,0.9064815044403076,0.5837701559066772
YNL072W,YLR136C,0,1.9911863,0.1445872038602829,0.9064815044403076,0.5838709473609924
YKR106W,YMR165C,0,1.9909451,0.1445658653974533,0.9064815044403076,0.5839717984199524
YML123C,YDR057W,0,1.990868,0.14454451203346252,0.9064815044403076,0.5840725898742676
YPR061C,YHR079C-B,0,1.9908556,0.14452317357063293,0.9064815044403076,0.5841733813285828
YKL100C,YLR297W,0,1.9900793,0.14450185000896454,0.9064815044403076,0.584274172782898
YGL113W,YPL282C,0,1.9894916,0.14448052644729614,0.9064815044403076,0.5843750238418579
YIL146C,YBR147W,1,1.9891151,0.14460675418376923,0.9074074029922485,0.5843750238418579
YKL146W,YBR233W-A,0,1.9890074,0.14458543062210083,0.9074074029922485,0.5844758152961731
YKL179C,YDR466W,0,1.9889991,0.14456409215927124,0.9074074029922485,0.5845766067504883
YLR396C,YMR135C,0,1.9889221,0.14454276859760284,0.9074074029922485,0.5846773982048035
YLR069C,YDR207C,0,1.9885963,0.14452145993709564,0.9074074029922485,0.5847782492637634
YOR388C,YBR084C-A,0,1.9884148,0.14450015127658844,0.9074074029922485,0.5848790407180786
YNL181W,YGR207C,0,1.9875433,0.14447884261608124,0.9074074029922485,0.5849798321723938
YGL090W,YDL100C,0,1.9874631,0.14445754885673523,0.9074074029922485,0.585080623626709
YJR111C,YGR065C,0,1.9873624,0.14443625509738922,0.9074074029922485,0.585181474685669
YIL009W,YNR019W,0,1.987205,0.1444149762392044,0.9074074029922485,0.5852822661399841
YML101C,YCL058W-A,0,1.9869188,0.1443936973810196,0.9074074029922485,0.5853830575942993
YER142C,YEL004W,0,1.9868827,0.14437241852283478,0.9074074029922485,0.5854838490486145
YGR288W,YLR109W,0,1.9866743,0.14435115456581116,0.9074074029922485,0.5855847001075745
YDR025W,YBL091C-A,0,1.9866514,0.14432989060878754,0.9074074029922485,0.5856854915618896
YOR353C,YKL081W,0,1.9865879,0.1443086415529251,0.9074074029922485,0.5857862830162048
YHR178W,YKL135C,0,1.9863054,0.14428739249706268,0.9074074029922485,0.58588707447052
YPR147C,YNL102W,0,1.9856533,0.14426615834236145,0.9074074029922485,0.58598792552948
YGR257C,YAL010C,1,1.9855444,0.14439211785793304,0.9083333611488342,0.58598792552948
YNL187W,YKL138C,0,1.9854108,0.14437085390090942,0.9083333611488342,0.5860887169837952
YDR462W,YDR046C,0,1.985335,0.1443496197462082,0.9083333611488342,0.5861895084381104
YGR294W,YGL050W,0,1.9848679,0.14432838559150696,0.9083333611488342,0.5862902998924255
YDL180W,YBL013W,0,1.9848083,0.14430715143680573,0.9083333611488342,0.5863911509513855
YBR074W,YPR093C,0,1.9846994,0.1442859172821045,0.9083333611488342,0.5864919424057007
YLR126C,YAL001C,0,1.9840069,0.14426471292972565,0.9083333611488342,0.5865927338600159
YIL099W,YMR069W,0,1.9837832,0.1442434936761856,0.9083333611488342,0.586693525314331
YOR266W,YER038C,0,1.9836925,0.14422228932380676,0.9083333611488342,0.586794376373291
YGL171W,YJL206C,0,1.9834508,0.14420108497142792,0.9083333611488342,0.5868951678276062
YBR031W,YPL204W,0,1.9827393,0.14417989552021027,0.9083333611488342,0.5869959592819214
YJR117W,YKL157W,0,1.9827375,0.14415870606899261,0.9083333611488342,0.5870967507362366
YAL026C,YBR258C,0,1.9821839,0.14413753151893616,0.9083333611488342,0.5871976017951965
YDR376W,YCR101C,0,1.9820982,0.1441163569688797,0.9083333611488342,0.5872983932495117
YLL018C-A,YGR086C,1,1.9813443,0.144242063164711,0.9092592597007751,0.5872983932495117
YNL151C,YGR178C,0,1.9802003,0.14422088861465454,0.9092592597007751,0.5873991847038269
YDR282C,YOR250C,0,1.9799253,0.1441996991634369,0.9092592597007751,0.5874999761581421
YIL166C,YOR390W,0,1.9798007,0.14417853951454163,0.9092592597007751,0.587600827217102
YBR095C,YLR301W,0,1.9796723,0.14415736496448517,0.9092592597007751,0.5877016186714172
YFL010W-A,YMR061W,0,1.9791616,0.1441362053155899,0.9092592597007751,0.5878024101257324
YNR007C,YLR091W,0,1.9789213,0.14411506056785583,0.9092592597007751,0.5879032015800476
YJL178C,YJL045W,1,1.9784777,0.14424064755439758,0.9101851582527161,0.5879032015800476
YCR094W,YGR038W,0,1.9777447,0.14421948790550232,0.9101851582527161,0.5880040526390076
YGR256W,YLR025W,0,1.9762554,0.14419832825660706,0.9101851582527161,0.5881048440933228
YKR072C,YLR078C,0,1.976136,0.14417718350887299,0.9101851582527161,0.5882056355476379
YKL213C,YMR301C,1,1.9758403,0.14430268108844757,0.9111111164093018,0.5882056355476379
YIL020C,YDR043C,0,1.9755541,0.1442815214395523,0.9111111164093018,0.5883064270019531
YIL095W,YOL026C,0,1.9746741,0.14426037669181824,0.9111111164093018,0.5884072780609131
YNL328C,YOR266W,1,1.9745432,0.14438581466674805,0.9120370149612427,0.5884072780609131
YDR012W,YOR290C,0,1.9736108,0.14436465501785278,0.9120370149612427,0.5885080695152283
YPL064C,YIL166C,0,1.9733876,0.14434349536895752,0.9120370149612427,0.5886088609695435
YCR060W,YML115C,0,1.9731159,0.14432235062122345,0.9120370149612427,0.5887096524238586
YOR089C,YBL057C,1,1.9723703,0.1444476991891861,0.9129629731178284,0.5887096524238586
YLR426W,YLR143W,0,1.9723326,0.14442653954029083,0.9129629731178284,0.5888105034828186
YBR239C,YPL175W,0,1.9722162,0.14440539479255676,0.9129629731178284,0.5889112949371338
YOR240W,YLR399C,0,1.9721177,0.1443842500448227,0.9129629731178284,0.589012086391449
YOL053C-A,YER144C,0,1.971664,0.14436310529708862,0.9129629731178284,0.5891128778457642
YBL078C,YPL281C,0,1.9712766,0.14434197545051575,0.9129629731178284,0.5892137289047241
YHR109W,YJL156C,0,1.9703974,0.14432084560394287,0.9129629731178284,0.5893145203590393
YJL140W,YGR294W,0,1.9700779,0.14429971575737,0.9129629731178284,0.5894153118133545
YNL003C,YBR227C,1,1.9692062,0.1444249302148819,0.9138888716697693,0.5894153118133545
YHR035W,YLR248W,0,1.9682844,0.14440380036830902,0.9138888716697693,0.5895161032676697
YOL057W,YKR008W,0,1.9679631,0.14438268542289734,0.9138888716697693,0.5896169543266296
YCL004W,YOR189W,0,1.9672565,0.14436155557632446,0.9138888716697693,0.5897177457809448
YPL206C,YLR440C,0,1.9670533,0.14434045553207397,0.9138888716697693,0.58981853723526
YGR135W,YDR280W,0,1.9653989,0.1443193405866623,0.9138888716697693,0.5899193286895752
YGL232W,YLR126C,0,1.9648331,0.1442982405424118,0.9138888716697693,0.5900201797485352
YGR238C,YPR110C,0,1.964688,0.1442771553993225,0.9138888716697693,0.5901209712028503
YBR015C,YGL126W,0,1.9642254,0.14425607025623322,0.9138888716697693,0.5902217626571655
YPL001W,YER074W-A,0,1.9638969,0.14423498511314392,0.9138888716697693,0.5903225541114807
YLR440C,YGR070W,0,1.9638294,0.14421391487121582,0.9138888716697693,0.5904234051704407
YGR074W,YLR088W,0,1.9635564,0.14419284462928772,0.9138888716697693,0.5905241966247559
YEL031W,YBR281C,0,1.9612739,0.14417177438735962,0.9138888716697693,0.590624988079071
YJR067C,YGR238C,0,1.9611602,0.1441507190465927,0.9138888716697693,0.5907257795333862
YCL005W,YCR087C-A,0,1.9608803,0.144129678606987,0.9138888716697693,0.5908266305923462
YER041W,YNL151C,0,1.9608461,0.1441086232662201,0.9138888716697693,0.5909274220466614
YOR388C,YMR286W,0,1.9604973,0.14408759772777557,0.9138888716697693,0.5910282135009766
YOL055C,YAR042W,0,1.9596807,0.14406655728816986,0.9138888716697693,0.5911290049552917
YNL256W,YDR049W,1,1.9594017,0.14419147372245789,0.914814829826355,0.5911290049552917
YGR294W,YGR072W,0,1.9591662,0.14417043328285217,0.914814829826355,0.5912298560142517
YJL111W,YMR150C,0,1.9587121,0.14414940774440765,0.914814829826355,0.5913306474685669
YMR242C,YOR261C,0,1.9584653,0.14412836730480194,0.914814829826355,0.5914314389228821
YDL213C,YJL206C,0,1.958459,0.14410735666751862,0.914814829826355,0.5915322303771973
YDL100C,YLR136C,0,1.9574748,0.1440863311290741,0.914814829826355,0.5916330814361572
YBR240C,YMR194W,0,1.9572812,0.14406532049179077,0.914814829826355,0.5917338728904724
YNL162W,YMR165C,0,1.9571636,0.14404432475566864,0.914814829826355,0.5918346643447876
YDL160C,YDR292C,0,1.9563705,0.1440233290195465,0.914814829826355,0.5919354557991028
YJL111W,YEL017C-A,0,1.9561353,0.14400233328342438,0.914814829826355,0.5920363068580627
YDR108W,YJR024C,0,1.9560179,0.14398135244846344,0.914814829826355,0.5921370983123779
YLR390W-A,YDL104C,0,1.9558306,0.1439603716135025,0.914814829826355,0.5922378897666931
YIL009W,YDR284C,0,1.9557999,0.14393939077854156,0.914814829826355,0.5923386812210083
YLL026W,YKL179C,0,1.9557824,0.14391842484474182,0.914814829826355,0.5924395322799683
YKL212W,YLR401C,0,1.9551543,0.14389745891094208,0.914814829826355,0.5925403237342834
YDR536W,YMR071C,0,1.9551051,0.14387650787830353,0.914814829826355,0.5926411151885986
YLR042C,YPR171W,0,1.9550847,0.14385555684566498,0.914814829826355,0.5927419066429138
YDR536W,YMR183C,0,1.9545447,0.14383462071418762,0.914814829826355,0.5928427577018738
YFL052W,YJL085W,0,1.9539471,0.14381368458271027,0.914814829826355,0.592943549156189
YGR154C,YFR026C,0,1.9539224,0.1437927484512329,0.914814829826355,0.5930443406105042
YDR365C,YKL184W,0,1.9537125,0.14377182722091675,0.914814829826355,0.5931451320648193
YJR147W,YPR154W,0,1.952844,0.14375090599060059,0.914814829826355,0.5932459831237793
YDR090C,YJR091C,0,1.9528198,0.14372999966144562,0.914814829826355,0.5933467745780945
YLR224W,YBR170C,0,1.9527751,0.14370909333229065,0.914814829826355,0.5934475660324097
YOR377W,YPL158C,0,1.9517231,0.14368818700313568,0.914814829826355,0.5935483574867249
YER038C,YLR407W,0,1.9500793,0.1436672955751419,0.914814829826355,0.5936492085456848
YFL066C,YKL081W,0,1.949881,0.14364640414714813,0.914814829826355,0.59375
YDR487C,YIL134W,1,1.9497868,0.14377090334892273,0.9157407283782959,0.59375
YJR060W,YGL059W,0,1.9496258,0.14374999701976776,0.9157407283782959,0.5938507914543152
YGL012W,YER074W-A,0,1.9493167,0.143729105591774,0.9157407283782959,0.5939516425132751
YPR185W,YGR203W,0,1.9488939,0.1437082290649414,0.9157407283782959,0.5940524339675903
YKL089W,YLR120C,0,1.9482547,0.14368735253810883,0.9157407283782959,0.5941532254219055
YAR010C,YBR060C,0,1.9481304,0.14366647601127625,0.9157407283782959,0.5942540168762207
YML040W,YCR031C,0,1.9480891,0.14364559948444366,0.9157407283782959,0.5943548679351807
YLR389C,YBR169C,0,1.9470359,0.14362475275993347,0.9157407283782959,0.5944556593894958
YML106W,YGR026W,0,1.9469572,0.14360389113426208,0.9157407283782959,0.594556450843811
YDR466W,YDL200C,0,1.9466499,0.1435830444097519,0.9157407283782959,0.5946572422981262
YDR055W,YDR012W,0,1.9456884,0.1435621976852417,0.9157407283782959,0.5947580933570862
YMR037C,YCL058W-A,0,1.9451424,0.1435413658618927,0.9157407283782959,0.5948588848114014
YGR280C,YNL217W,0,1.945034,0.1435205340385437,0.9157407283782959,0.5949596762657166
YAR002C-A,YJL062W,0,1.9450222,0.1434997171163559,0.9157407283782959,0.5950604677200317
YLR396C,YOR017W,0,1.944935,0.1434788852930069,0.9157407283782959,0.5951613187789917
YLR240W,YOR367W,0,1.9446644,0.14345808327198029,0.9157407283782959,0.5952621102333069
YPL177C,YLR219W,0,1.9442999,0.14343726634979248,0.9157407283782959,0.5953629016876221
YPL204W,YJL132W,0,1.9440892,0.14341647922992706,0.9157407283782959,0.5954636931419373
YGR184C,YHR072W,0,1.9438604,0.14339567720890045,0.9157407283782959,0.5955645442008972
YOR322C,YDR306C,0,1.9435906,0.14337489008903503,0.9157407283782959,0.5956653356552124
YER040W,YBR090C-A,0,1.943129,0.14335410296916962,0.9157407283782959,0.5957661271095276
YBL091C-A,YOL087C,0,1.943117,0.1433333307504654,0.9157407283782959,0.5958669185638428
YFL039C,YGL063W,0,1.9430431,0.14331255853176117,0.9157407283782959,0.5959677696228027
YFR004W,YCR060W,0,1.9429914,0.14329180121421814,0.9157407283782959,0.5960685610771179
YOR090C,YNR032W,1,1.9428806,0.1434159129858017,0.9166666865348816,0.5960685610771179
YMR129W,YKL152C,0,1.9428431,0.14339512586593628,0.9166666865348816,0.5961693525314331
YLR147C,YMR258C,0,1.9425933,0.14337436854839325,0.9166666865348816,0.5962701439857483
YLR126C,YDL045C,0,1.9417698,0.14335361123085022,0.9166666865348816,0.5963709950447083
YJL042W,YMR071C,0,1.9412607,0.1433328539133072,0.9166666865348816,0.5964717864990234
YKR056W,YIL166C,0,1.940922,0.14331209659576416,0.9166666865348816,0.5965725779533386
YGR065C,YPL193W,0,1.9399725,0.14329135417938232,0.9166666865348816,0.5966733694076538
YGL076C,YAL029C,0,1.9399656,0.14327062666416168,0.9166666865348816,0.5967742204666138
YER045C,YKL077W,0,1.9397738,0.14324988424777985,0.9166666865348816,0.596875011920929
YPL250C,YDR363W,0,1.9388553,0.1432291716337204,0.9166666865348816,0.5969758033752441
YPR165W,YER048W-A,1,1.9388283,0.14335310459136963,0.9175925850868225,0.5969758033752441
YNL072W,YIL155C,0,1.9386514,0.1433323621749878,0.9175925850868225,0.5970765948295593
YGL067W,YNL048W,0,1.9386426,0.14331163465976715,0.9175925850868225,0.5971774458885193
YCR032W,YJL055W,0,1.9379522,0.1432909220457077,0.9175925850868225,0.5972782373428345
YLR350W,YAL061W,0,1.9378788,0.14327020943164825,0.9175925850868225,0.5973790287971497
YAL067C,YOR109W,0,1.9377993,0.1432494968175888,0.9175925850868225,0.5974798202514648
YFL009W,YJL062W,0,1.9376904,0.14322878420352936,0.9175925850868225,0.5975806713104248
YPL167C,YOR355W,0,1.9367684,0.1432080864906311,0.9175925850868225,0.59768146276474
YGR271W,YJL141C,0,1.9364234,0.14318740367889404,0.9175925850868225,0.5977822542190552
YDR361C,YOR266W,0,1.9361914,0.14316672086715698,0.9175925850868225,0.5978830456733704
YDR084C,YIR033W,0,1.9359688,0.14314603805541992,0.9175925850868225,0.5979838967323303
YFL039C,YNL087W,0,1.9352112,0.14312535524368286,0.9175925850868225,0.5980846881866455
YDR034C,YNL083W,0,1.9344603,0.143104687333107,0.9175925850868225,0.5981854796409607
YDL010W,YMR042W,0,1.9338516,0.14308403432369232,0.9175925850868225,0.5982862710952759
YBR083W,YDL192W,0,1.9333494,0.14306338131427765,0.9175925850868225,0.5983871221542358
YDR503C,YJL091C,0,1.9331545,0.14304272830486298,0.9175925850868225,0.598487913608551
YNR072W,YMR009W,0,1.9330838,0.1430220752954483,0.9175925850868225,0.5985887050628662
YEL027W,YBR281C,0,1.9325078,0.14300143718719482,0.9175925850868225,0.5986894965171814
YKL100C,YJR141W,0,1.9323599,0.14298081398010254,0.9175925850868225,0.5987903475761414
YIL056W,YER005W,0,1.9320523,0.14296019077301025,0.9175925850868225,0.5988911390304565
YNL019C,YDL049C,0,1.9317322,0.14293956756591797,0.9175925850868225,0.5989919304847717
YIL056W,YLR139C,0,1.9312681,0.14291894435882568,0.9175925850868225,0.5990927219390869
YBL088C,YEL056W,0,1.9308951,0.1428983360528946,0.9175925850868225,0.5991935729980469
YER017C,YNR040W,1,1.9302182,0.14302191138267517,0.9185185432434082,0.5991935729980469
YCR086W,YJL209W,0,1.9299631,0.14300130307674408,0.9185185432434082,0.5992943644523621
YDL213C,YNL131W,0,1.9299408,0.1429806798696518,0.9185185432434082,0.5993951559066772
YJL012C,YGL220W,0,1.9298244,0.1429600864648819,0.9185185432434082,0.5994959473609924
YNR019W,YIL043C,0,1.9296879,0.1429394781589508,0.9185185432434082,0.5995967984199524
YFL035C-A,YGR156W,0,1.9296849,0.1429188847541809,0.9185185432434082,0.5996975898742676
YDR398W,YCL058W-A,0,1.9287269,0.1428983062505722,0.9185185432434082,0.5997983813285828
YFR037C,YGR207C,0,1.9269869,0.1428777128458023,0.9185185432434082,0.599899172782898
YMR260C,YJR047C,0,1.924835,0.1428571492433548,0.9185185432434082,0.6000000238418579
YDR118W,YDR066C,0,1.9246835,0.1428365707397461,0.9185185432434082,0.6001008152961731
YLR158C,YGR070W,0,1.9242414,0.14281600713729858,0.9185185432434082,0.6002016067504883
YLR024C,YPR116W,0,1.9239794,0.14279545843601227,0.9185185432434082,0.6003023982048035
YGL181W,YOR027W,0,1.9234924,0.14277489483356476,0.9185185432434082,0.6004032492637634
YHR156C,YKL096W-A,0,1.9234421,0.14275434613227844,0.9185185432434082,0.6005040407180786
YFL057C,YPL281C,0,1.9233471,0.14273381233215332,0.9185185432434082,0.6006048321723938
YPL042C,YKL045W,0,1.9225492,0.1427132785320282,0.9185185432434082,0.600705623626709
YGR238C,YMR197C,0,1.9221749,0.14269274473190308,0.9185185432434082,0.600806474685669
YJL168C,YLL039C,0,1.9220501,0.14267222583293915,0.9185185432434082,0.6009072661399841
YKR086W,YCR065W,0,1.9218384,0.14265170693397522,0.9185185432434082,0.6010080575942993
YBL056W,YGR038W,0,1.9217726,0.14263120293617249,0.9185185432434082,0.6011088490486145
YPL236C,YML047C,0,1.9214355,0.14261069893836975,0.9185185432434082,0.6012097001075745
YBR083W,YJL051W,0,1.9214255,0.14259019494056702,0.9185185432434082,0.6013104915618896
YNL092W,YPL193W,0,1.9213153,0.14256970584392548,0.9185185432434082,0.6014112830162048
YCL062W,YOR327C,0,1.9212631,0.14254921674728394,0.9185185432434082,0.60151207447052
YOL038W,YOR290C,0,1.9207622,0.1425287425518036,0.9185185432434082,0.60161292552948
YER174C,YPR020W,0,1.9203607,0.14250825345516205,0.9185185432434082,0.6017137169837952
YLR418C,YBR281C,0,1.9201888,0.1424877941608429,0.9185185432434082,0.6018145084381104
YNR008W,YIL124W,0,1.9201776,0.14246731996536255,0.9185185432434082,0.6019152998924255
YGL181W,YOR109W,0,1.9197983,0.1424468755722046,0.9185185432434082,0.6020161509513855
YER014W,YDR353W,1,1.9195287,0.14256998896598816,0.9194444417953491,0.6020161509513855
YGR192C,YHR039C,0,1.9192861,0.142549529671669,0.9194444417953491,0.6021169424057007
YGL059W,YLR337W,0,1.9190024,0.14252907037734985,0.9194444417953491,0.6022177338600159
YFL028C,YPL052W-A,0,1.9188755,0.1425086110830307,0.9194444417953491,0.602318525314331
YOR228C,YMR032W,0,1.9188553,0.14248816668987274,0.9194444417953491,0.602419376373291
YPR030W,YLR399C,0,1.918499,0.14246772229671478,0.9194444417953491,0.6025201678276062
YDR221W,YBR121C,0,1.9183623,0.14244727790355682,0.9194444417953491,0.6026209592819214
YIL002C,YDL048C,0,1.9181703,0.14242684841156006,0.9194444417953491,0.6027217507362366
YMR319C,YKL224C,0,1.9161135,0.1424064189195633,0.9194444417953491,0.6028226017951965
YLR042C,YEL004W,0,1.9159671,0.14238600432872772,0.9194444417953491,0.6029233932495117
YGL108C,YKL071W,0,1.91583,0.14236558973789215,0.9194444417953491,0.6030241847038269
YGL066W,YAR003W,0,1.9156874,0.14234519004821777,0.9194444417953491,0.6031249761581421
YKL152C,YBR258C,0,1.9148661,0.1423247754573822,0.9194444417953491,0.603225827217102
YPR052C,YPL089C,0,1.914744,0.14230439066886902,0.9194444417953491,0.6033266186714172
YFL041W,YDL013W,0,1.9137682,0.14228399097919464,0.9194444417953491,0.6034274101257324
YFR024C-A,YHR017W,0,1.9120493,0.14226360619068146,0.9194444417953491,0.6035282015800476
YJL023C,YOL138C,0,1.911428,0.14224323630332947,0.9194444417953491,0.6036290526390076
YPR045C,YNL048W,0,1.9109999,0.14222285151481628,0.9194444417953491,0.6037298440933228
YPR133C,YDR077W,0,1.9108596,0.1422024965286255,0.9194444417953491,0.6038306355476379
YML012W,YMR219W,0,1.9100963,0.1421821266412735,0.9194444417953491,0.6039314270019531
YCL050C,YMR069W,0,1.9095147,0.1421617716550827,0.9194444417953491,0.6040322780609131
YMR041C,YAL063C,0,1.9091443,0.1421414315700531,0.9194444417953491,0.6041330695152283
YKL033W-A,YDR046C,0,1.9090941,0.1421210765838623,0.9194444417953491,0.6042338609695435
YPL210C,YMR010W,0,1.9090121,0.1421007513999939,0.9194444417953491,0.6043346524238586
YPL206C,YBR150C,1,1.9085914,0.14222349226474762,0.9203703999519348,0.6043346524238586
YPL274W,YEL056W,0,1.9084848,0.14220315217971802,0.9203703999519348,0.6044355034828186
YGL204C,YBR286W,0,1.9081155,0.14218281209468842,0.9203703999519348,0.6045362949371338
YBR246W,YDR257C,0,1.9076761,0.1421624720096588,0.9203703999519348,0.604637086391449
YEL047C,YHR088W,0,1.9073769,0.1421421468257904,0.9203703999519348,0.6047378778457642
YPL165C,YDR373W,0,1.9071969,0.142121821641922,0.9203703999519348,0.6048387289047241
YCR023C,YOL069W,0,1.9069005,0.1421014964580536,0.9203703999519348,0.6049395203590393
YBR234C,YER045C,0,1.9063269,0.14208118617534637,0.9203703999519348,0.6050403118133545
YMR288W,YJR099W,0,1.9052312,0.14206087589263916,0.9203703999519348,0.6051411032676697
YML040W,YGR156W,0,1.9051801,0.14204058051109314,0.9203703999519348,0.6052419543266296
YGL108C,YNL088W,0,1.9040209,0.14202028512954712,0.9203703999519348,0.6053427457809448
YBR133C,YML048W,0,1.9037287,0.1420000046491623,0.9203703999519348,0.60544353723526
YPR133C,YGL048C,0,1.9022352,0.14197972416877747,0.9203703999519348,0.6055443286895752
YER055C,YHR056C,0,1.9016851,0.14195944368839264,0.9203703999519348,0.6056451797485352
YCL052C,YNL258C,0,1.9008743,0.1419391632080078,0.9203703999519348,0.6057459712028503
YOR022C,YNR054C,0,1.9008588,0.14191889762878418,0.9203703999519348,0.6058467626571655
YOR353C,YGL063W,0,1.9007303,0.14189864695072174,0.9203703999519348,0.6059475541114807
YGL059W,YGR233C,0,1.9004676,0.1418783962726593,0.9203703999519348,0.6060484051704407
YLR066W,YDR108W,0,1.9003459,0.14185814559459686,0.9203703999519348,0.6061491966247559
YPL023C,YKR039W,0,1.9003259,0.14183789491653442,0.9203703999519348,0.606249988079071
YPL194W,YER039C,0,1.9002962,0.14181765913963318,0.9203703999519348,0.6063507795333862
YDR181C,YHR059W,0,1.8986875,0.14179743826389313,0.9203703999519348,0.6064516305923462
YFR039C,YNL009W,0,1.8984756,0.14177720248699188,0.9203703999519348,0.6065524220466614
YJL010C,YOL047C,0,1.8970025,0.14175698161125183,0.9203703999519348,0.6066532135009766
YDR282C,YGR133W,0,1.8963087,0.14173677563667297,0.9203703999519348,0.6067540049552917
YFL011W-A,YML114C,0,1.8958939,0.14171656966209412,0.9203703999519348,0.6068548560142517
YBL050W,YFR026C,0,1.8958828,0.14169636368751526,0.9203703999519348,0.6069556474685669
YMR135C,YDR362C,0,1.8958167,0.1416761726140976,0.9203703999519348,0.6070564389228821
YLR024C,YLR113W,0,1.8950896,0.14165598154067993,0.9203703999519348,0.6071572303771973
YIL033C,YPR095C,0,1.8944567,0.14163579046726227,0.9203703999519348,0.6072580814361572
YJR106W,YPL275W,0,1.8939354,0.1416156142950058,0.9203703999519348,0.6073588728904724
YGL113W,YDL190C,0,1.8935426,0.14159543812274933,0.9203703999519348,0.6074596643447876
YOL030W,YOR039W,0,1.8933172,0.14157527685165405,0.9203703999519348,0.6075604557991028
YLR274W,YBR295W,0,1.8930906,0.14155511558055878,0.9203703999519348,0.6076613068580627
YOL077W-A,YDL191W,0,1.8914543,0.1415349543094635,0.9203703999519348,0.6077620983123779
YER075C,YDR297W,0,1.891445,0.14151480793952942,0.9203703999519348,0.6078628897666931
YDR361C,YDL195W,0,1.8913687,0.14149466156959534,0.9203703999519348,0.6079636812210083
YBR090C-A,YML129C,0,1.8910242,0.14147453010082245,0.9203703999519348,0.6080645322799683
YOR214C,YOR355W,0,1.8907498,0.14145438373088837,0.9203703999519348,0.6081653237342834
YOR201C,YOL026C,0,1.8898424,0.14143426716327667,0.9203703999519348,0.6082661151885986
YHR058C,YDR207C,0,1.8890578,0.14141413569450378,0.9203703999519348,0.6083669066429138
YLR158C,YNL102W,0,1.888482,0.1413940191268921,0.9203703999519348,0.6084677577018738
YDR501W,YBR141C,0,1.8879484,0.1413739174604416,0.9203703999519348,0.608568549156189
YLR061W,YLR027C,0,1.8874718,0.1413538157939911,0.9203703999519348,0.6086693406105042
YOR109W,YLR193C,0,1.887364,0.1413337141275406,0.9203703999519348,0.6087701320648193
YGR271W,YEL027W,0,1.8858223,0.1413136124610901,0.9203703999519348,0.6088709831237793
YER056C-A,YNR018W,0,1.885455,0.14129352569580078,0.9203703999519348,0.6089717745780945
YNL049C,YMR058W,0,1.8846389,0.14127345383167267,0.9203703999519348,0.6090725660324097
YGR295C,YER017C,0,1.884566,0.14125338196754456,0.9203703999519348,0.6091733574867249
YGL181W,YIL047C,0,1.8837541,0.14123331010341644,0.9203703999519348,0.6092742085456848
YNL251C,YKL045W,0,1.8831848,0.14121323823928833,0.9203703999519348,0.609375
YLR396C,YHR072W,0,1.883047,0.1411931812763214,0.9203703999519348,0.6094757914543152
YDR289C,YDL063C,0,1.8823426,0.1411731243133545,0.9203703999519348,0.6095766425132751
YOR266W,YMR078C,0,1.8807887,0.14115308225154877,0.9203703999519348,0.6096774339675903
YBL063W,YDL222C,0,1.880546,0.14113304018974304,0.9203703999519348,0.6097782254219055
YLR088W,YEL027W,0,1.8800213,0.14111299812793732,0.9203703999519348,0.6098790168762207
YLR431C,YOR030W,0,1.8796779,0.14109297096729279,0.9203703999519348,0.6099798679351807
YFR019W,YJR107W,0,1.8796695,0.14107294380664825,0.9203703999519348,0.6100806593894958
YHR023W,YEL069C,0,1.8792757,0.14105293154716492,0.9203703999519348,0.610181450843811
YPL177C,YLR398C,0,1.878476,0.14103291928768158,0.9203703999519348,0.6102822422981262
YJL076W,YMR010W,0,1.8776801,0.14101290702819824,0.9203703999519348,0.6103830933570862
YDL100C,YCR080W,0,1.877219,0.1409929096698761,0.9203703999519348,0.6104838848114014
YJL010C,YKL077W,0,1.8766209,0.14097291231155396,0.9203703999519348,0.6105846762657166
YOR258W,YOR153W,0,1.8765384,0.1409529149532318,0.9203703999519348,0.6106854677200317
YLR361C,YDR410C,0,1.876281,0.14093293249607086,0.9203703999519348,0.6107863187789917
YLR110C,YPL249C-A,0,1.8750268,0.1409129500389099,0.9203703999519348,0.6108871102333069
YOL055C,YBR295W,0,1.8743875,0.14089298248291016,0.9203703999519348,0.6109879016876221
YLR286C,YGR071C,0,1.8741287,0.1408730149269104,0.9203703999519348,0.6110886931419373
YHR197W,YDR507C,0,1.8739823,0.14085304737091064,0.9203703999519348,0.6111895442008972
YHR129C,YOR117W,0,1.8734713,0.14083309471607208,0.9203703999519348,0.6112903356552124
YBL005W-A,YDR163W,0,1.8733478,0.14081314206123352,0.9203703999519348,0.6113911271095276
YOR162C,YDL220C,0,1.8727807,0.14079320430755615,0.9203703999519348,0.6114919185638428
YMR117C,YGR026W,0,1.8713413,0.14077326655387878,0.9203703999519348,0.6115927696228027
YJL003W,YBR227C,1,1.8712994,0.14089493453502655,0.9212962985038757,0.6115927696228027
YER145C,YOR214C,0,1.8705212,0.140874981880188,0.9212962985038757,0.6116935610771179
YJR058C,YAR010C,0,1.8703806,0.14085504412651062,0.9212962985038757,0.6117943525314331
YDL183C,YPL138C,0,1.8702849,0.14083510637283325,0.9212962985038757,0.6118951439857483
YIL170W,YPR031W,0,1.8701309,0.14081516861915588,0.9212962985038757,0.6119959950447083
YNL257C,YOR214C,0,1.8699833,0.1407952457666397,0.9212962985038757,0.6120967864990234
YDR457W,YDR330W,0,1.8698479,0.14077532291412354,0.9212962985038757,0.6121975779533386
YER017C,YMR089C,1,1.8698443,0.14089687168598175,0.9222221970558167,0.6121975779533386
YJL160C,YPL158C,0,1.8694363,0.14087694883346558,0.9222221970558167,0.6122983694076538
YLR324W,YGR192C,0,1.8691714,0.1408570259809494,0.9222221970558167,0.6123992204666138
YBR060C,YNR041C,0,1.8679415,0.14083710312843323,0.9222221970558167,0.612500011920929
YPL228W,YPL059W,0,1.8679363,0.14081719517707825,0.9222221970558167,0.6126008033752441
YDR504C,YNL040W,0,1.8673216,0.14079728722572327,0.9222221970558167,0.6127015948295593
YDL192W,YPL096C-A,0,1.8667761,0.1407773792743683,0.9222221970558167,0.6128024458885193
YGR294W,YKL113C,0,1.8665382,0.1407574862241745,0.9222221970558167,0.6129032373428345
YKR106W,YDL195W,0,1.8662027,0.1407376080751419,0.9222221970558167,0.6130040287971497
YOR311C,YPR125W,0,1.8659002,0.14071771502494812,0.9222221970558167,0.6131048202514648
YHR197W,YNL204C,0,1.8654677,0.14069783687591553,0.9222221970558167,0.6132056713104248
YOR320C,YGR072W,0,1.8653336,0.14067795872688293,0.9222221970558167,0.61330646276474
YDR090C,YDR150W,0,1.8644737,0.14065809547901154,0.9222221970558167,0.6134072542190552
YPL042C,YDR538W,0,1.8644375,0.14063823223114014,0.9222221970558167,0.6135080456733704
YKR106W,YEL047C,0,1.8642284,0.14061838388442993,0.9222221970558167,0.6136088967323303
YHR143W,YCR020W-B,0,1.8641895,0.14059853553771973,0.9222221970558167,0.6137096881866455
YCL058W-A,YAR018C,0,1.8640456,0.14057868719100952,0.9222221970558167,0.6138104796409607
YKL203C,YDR139C,0,1.863742,0.1405588537454605,0.9222221970558167,0.6139112710952759
YOR033C,YGR283C,0,1.8634065,0.1405390202999115,0.9222221970558167,0.6140121221542358
YER140W,YPR171W,0,1.8630267,0.1405191868543625,0.9222221970558167,0.614112913608551
YDR415C,YKL113C,0,1.8628616,0.14049936830997467,0.9222221970558167,0.6142137050628662
YER179W,YPL193W,0,1.8617374,0.14047954976558685,0.9222221970558167,0.6143144965171814
YCR086W,YER124C,0,1.8613161,0.14045973122119904,0.9222221970558167,0.6144153475761414
YNL162W,YGR038W,0,1.8613132,0.1404399275779724,0.9222221970558167,0.6145161390304565
YNL201C,YPL230W,0,1.8599263,0.14042013883590698,0.9222221970558167,0.6146169304847717
YLR234W,YBR207W,0,1.8594462,0.14040033519268036,0.9222221970558167,0.6147177219390869
YKR007W,YLR452C,0,1.8589035,0.14038054645061493,0.9222221970558167,0.6148185729980469
YGR065C,YDR125C,0,1.8588315,0.1403607726097107,0.9222221970558167,0.6149193644523621
YAR031W,YPL072W,0,1.8582267,0.14034098386764526,0.9222221970558167,0.6150201559066772
YGR154C,YNR019W,0,1.858022,0.14032121002674103,0.9222221970558167,0.6151209473609924
YER039C,YIL103W,0,1.8580182,0.14030145108699799,0.9222221970558167,0.6152217984199524
YGL046W,YNL041C,0,1.8573699,0.14028169214725494,0.9222221970558167,0.6153225898742676
YOR212W,YDL206W,0,1.8573341,0.1402619332075119,0.9222221970558167,0.6154233813285828
YDR177W,YJL085W,0,1.8571864,0.14024218916893005,0.9222221970558167,0.615524172782898
YOR014W,YPR151C,0,1.8562914,0.1402224451303482,0.9222221970558167,0.6156250238418579
YOR088W,YPR125W,0,1.85579,0.14020270109176636,0.9222221970558167,0.6157258152961731
YOR168W,YJL002C,0,1.854918,0.1401829719543457,0.9222221970558167,0.6158266067504883
YAR050W,YBR133C,0,1.8536578,0.14016324281692505,0.9222221970558167,0.6159273982048035
YLR219W,YAL038W,0,1.8521502,0.1401435136795044,0.9222221970558167,0.6160282492637634
YKL096W,YOR137C,0,1.8518909,0.14012379944324493,0.9222221970558167,0.6161290407180786
YBR150C,YJR078W,0,1.850272,0.14010410010814667,0.9222221970558167,0.6162298321723938
YBR150C,YPR125W,1,1.8497616,0.14022503793239594,0.9231481552124023,0.6162298321723938
YER014W,YCR031C,0,1.8496194,0.14020530879497528,0.9231481552124023,0.616330623626709
YDR414C,YEL069C,0,1.8494568,0.14018559455871582,0.9231481552124023,0.616431474685669
YER038C,YOR142W,0,1.8493869,0.14016589522361755,0.9231481552124023,0.6165322661399841
YKL220C,YLR053C,0,1.8488891,0.1401461958885193,0.9231481552124023,0.6166330575942993
YDR081C,YHR075C,0,1.8482354,0.14012649655342102,0.9231481552124023,0.6167338490486145
YOR178C,YOR014W,0,1.846641,0.14010679721832275,0.9231481552124023,0.6168347001075745
YPL250C,YJR141W,0,1.8465797,0.14008711278438568,0.9231481552124023,0.6169354915618896
YLR091W,YOR290C,0,1.845024,0.1400674283504486,0.9231481552124023,0.6170362830162048
YPR162C,YHR179W,0,1.8443546,0.14004775881767273,0.9231481552124023,0.61713707447052
YPL212C,YKL096W-A,0,1.8441433,0.14002808928489685,0.9231481552124023,0.61723792552948
YLR240W,YCL031C,0,1.8422097,0.14000841975212097,0.9231481552124023,0.6173387169837952
YNL040W,YJL074C,0,1.8417131,0.1399887651205063,0.9231481552124023,0.6174395084381104
YEL055C,YGR026W,0,1.8412054,0.1399691104888916,0.9231481552124023,0.6175402998924255
YJL010C,YKL096W-A,0,1.8411745,0.1399494707584381,0.9231481552124023,0.6176411509513855
YDL100C,YMR194W,0,1.8405739,0.13992983102798462,0.9231481552124023,0.6177419424057007
YGL101W,YDL200C,0,1.8400146,0.13991019129753113,0.9231481552124023,0.6178427338600159
YMR098C,YCR045C,0,1.839118,0.13989055156707764,0.9231481552124023,0.617943525314331
YBR112C,YLR286C,0,1.8388126,0.13987092673778534,0.9231481552124023,0.618044376373291
YPR030W,YPL064C,0,1.837936,0.13985131680965424,0.9231481552124023,0.6181451678276062
YBL031W,YNL217W,0,1.8379053,0.13983169198036194,0.9231481552124023,0.6182459592819214
YMR135C,YNR049C,0,1.8377478,0.13981208205223083,0.9231481552124023,0.6183467507362366
YJL129C,YJL062W,0,1.837746,0.13979248702526093,0.9231481552124023,0.6184476017951965
YPR152C,YBR090C-A,0,1.8376868,0.13977289199829102,0.9231481552124023,0.6185483932495117
YFR024C-A,YOR373W,0,1.837613,0.1397532969713211,0.9231481552124023,0.6186491847038269
YHR167W,YMR306W,0,1.8370848,0.1397337019443512,0.9231481552124023,0.6187499761581421
YMR165C,YOR242C,0,1.8364003,0.13971412181854248,0.9231481552124023,0.618850827217102
YCL062W,YFL027C,0,1.8357471,0.13969455659389496,0.9231481552124023,0.6189516186714172
YFR009W,YLR043C,0,1.835066,0.13967497646808624,0.9231481552124023,0.6190524101257324
YAR050W,YCR046C,0,1.8350098,0.13965541124343872,0.9231481552124023,0.6191532015800476
YLR320W,YPR103W,0,1.8349155,0.1396358609199524,0.9231481552124023,0.6192540526390076
YBL101C,YPL176C,0,1.8334763,0.13961629569530487,0.9231481552124023,0.6193548440933228
YAL029C,YDR386W,0,1.833471,0.13959674537181854,0.9231481552124023,0.6194556355476379
YER142C,YER124C,0,1.8334473,0.1395772099494934,0.9231481552124023,0.6195564270019531
YNL271C,YER185W,0,1.8330375,0.13955767452716827,0.9231481552124023,0.6196572780609131
YLR324W,YPL275W,0,1.832157,0.13953813910484314,0.9231481552124023,0.6197580695152283
YPL176C,YLR027C,0,1.8320857,0.1395186185836792,0.9231481552124023,0.6198588609695435
YHR109W,YCL004W,0,1.8317268,0.13949908316135406,0.9231481552124023,0.6199596524238586
YPL236C,YPL204W,0,1.8309836,0.13947957754135132,0.9231481552124023,0.6200605034828186
YPL191C,YDR365C,0,1.8309556,0.13946005702018738,0.9231481552124023,0.6201612949371338
YCL062W,YCL004W,0,1.8307985,0.13944056630134583,0.9231481552124023,0.620262086391449
YKL224C,YPL072W,0,1.830507,0.13942106068134308,0.9231481552124023,0.6203628778457642
YIL009W,YCR038C,0,1.8301185,0.13940156996250153,0.9231481552124023,0.6204637289047241
YGL240W,YKL020C,0,1.8295299,0.13938207924365997,0.9231481552124023,0.6205645203590393
YDR377W,YMR069W,0,1.829321,0.13936258852481842,0.9231481552124023,0.6206653118133545
YGL044C,YCR045C,0,1.829297,0.13934311270713806,0.9231481552124023,0.6207661032676697
YLL038C,YOR137C,0,1.8292913,0.1393236517906189,0.9231481552124023,0.6208669543266296
YGL054C,YOL138C,0,1.8287717,0.13930417597293854,0.9231481552124023,0.6209677457809448
YMR267W,YLR052W,0,1.8286803,0.13928471505641937,0.9231481552124023,0.62106853723526
YOR205C,YPL103C,1,1.8285811,0.13940493762493134,0.9240740537643433,0.62106853723526
YGR295C,YML049C,0,1.826881,0.13938547670841217,0.9240740537643433,0.6211693286895752
YDR452W,YNL257C,0,1.8266854,0.139366015791893,0.9240740537643433,0.6212701797485352
YOL162W,YML087C,0,1.8264886,0.13934655487537384,0.9240740537643433,0.6213709712028503
YDR195W,YDL029W,0,1.8264501,0.13932709395885468,0.9240740537643433,0.6214717626571655
YGR122W,YPL204W,0,1.8254634,0.1393076479434967,0.9240740537643433,0.6215725541114807
YBR179C,YGR086C,1,1.8248261,0.1394277811050415,0.925000011920929,0.6215725541114807
YER142C,YGL168W,0,1.8247081,0.13940832018852234,0.925000011920929,0.6216734051704407
YLR092W,YOR344C,0,1.8245687,0.13938885927200317,0.925000011920929,0.6217741966247559
YER005W,YOR221C,0,1.8243822,0.1393694132566452,0.925000011920929,0.621874988079071
YKL027W,YPL041C,1,1.8242233,0.13948947191238403,0.9259259104728699,0.621874988079071
YNL327W,YDL072C,0,1.8236411,0.13947001099586487,0.9259259104728699,0.6219757795333862
YBR227C,YMR083W,0,1.823521,0.1394505649805069,0.9259259104728699,0.6220766305923462
YER176W,YHR194W,0,1.8233591,0.13943111896514893,0.9259259104728699,0.6221774220466614
YDR260C,YNL298W,0,1.8232764,0.13941168785095215,0.9259259104728699,0.6222782135009766
YKR007W,YCR004C,0,1.8229843,0.13939225673675537,0.9259259104728699,0.6223790049552917
YIL137C,YDR379W,0,1.82291,0.1393728256225586,0.9259259104728699,0.6224798560142517
YMR281W,YNL009W,0,1.8227364,0.13935339450836182,0.9259259104728699,0.6225806474685669
YHR214W,YHR179W,0,1.8226582,0.13933397829532623,0.9259259104728699,0.6226814389228821
YNR006W,YBR048W,0,1.8224524,0.13931457698345184,0.9259259104728699,0.6227822303771973
YML123C,YEL004W,0,1.8218695,0.13929516077041626,0.9259259104728699,0.6228830814361572
YIL137C,YNL278W,0,1.8207384,0.13927575945854187,0.9259259104728699,0.6229838728904724
YGR135W,YLR301W,0,1.820702,0.13925637304782867,0.9259259104728699,0.6230846643447876
YHR074W,YDR236C,0,1.8205527,0.13923698663711548,0.9259259104728699,0.6231854557991028
YER145C,YLR248W,0,1.8199295,0.13921760022640228,0.9259259104728699,0.6232863068580627
YPL164C,YBR289W,0,1.8199133,0.1391982138156891,0.9259259104728699,0.6233870983123779
YOR214C,YOR014W,0,1.8199073,0.13917884230613708,0.9259259104728699,0.6234878897666931
YLR215C,YKL124W,0,1.819712,0.13915947079658508,0.9259259104728699,0.6235886812210083
YKR007W,YOR290C,0,1.8191537,0.13914011418819427,0.9259259104728699,0.6236895322799683
YJL160C,YCL016C,0,1.8183384,0.13912075757980347,0.9259259104728699,0.6237903237342834
YML049C,YGR144W,0,1.8173859,0.13910140097141266,0.9259259104728699,0.6238911151885986
YGL194C,YKR098C,0,1.8167793,0.13908205926418304,0.9259259104728699,0.6239919066429138
YLR219W,YMR182C,0,1.8164839,0.13906271755695343,0.9259259104728699,0.6240927577018738
YGL023C,YER124C,0,1.8156542,0.13904337584972382,0.9259259104728699,0.624193549156189
YOR137C,YEL027W,0,1.8151939,0.1390240490436554,0.9259259104728699,0.6242943406105042
YGR012W,YBL098W,1,1.814355,0.13914373517036438,0.9268518686294556,0.6242943406105042
YHL046C,YEL056W,0,1.8137285,0.13912439346313477,0.9268518686294556,0.6243951320648193
YKR071C,YOL082W,0,1.8131616,0.13910505175590515,0.9268518686294556,0.6244959831237793
YDR011W,YPR107C,0,1.8126446,0.13908572494983673,0.9268518686294556,0.6245967745780945
YFL041W,YBL051C,0,1.812464,0.1390664130449295,0.9268518686294556,0.6246975660324097
YOR089C,YJL208C,1,1.8120538,0.13918599486351013,0.9277777671813965,0.6246975660324097
YHR129C,YDR472W,0,1.8118168,0.1391666680574417,0.9277777671813965,0.6247983574867249
YML054C,YMR058W,0,1.8109524,0.1391473412513733,0.9277777671813965,0.6248992085456848
YER179W,YDR236C,0,1.8109373,0.13912801444530487,0.9277777671813965,0.625
YKL138C-A,YAL055W,0,1.8109329,0.13910870254039764,0.9277777671813965,0.6251007914543152
YOL021C,YOL052C-A,0,1.8109275,0.13908939063549042,0.9277777671813965,0.6252016425132751
YJL026W,YKL020C,0,1.8106593,0.13907009363174438,0.9277777671813965,0.6253024339675903
YDR536W,YPL209C,0,1.810605,0.13905079662799835,0.9277777671813965,0.6254032254219055
YMR008C,YJL156C,0,1.8102927,0.13903149962425232,0.9277777671813965,0.6255040168762207
YIL033C,YAL061W,0,1.8101465,0.1390122026205063,0.9277777671813965,0.6256048679351807
YOL082W,YDL122W,0,1.8099079,0.13899292051792145,0.9277777671813965,0.6257056593894958
YJL160C,YNL186W,0,1.8098823,0.1389736533164978,0.9277777671813965,0.625806450843811
YOR046C,YMR219W,0,1.8095819,0.13895437121391296,0.9277777671813965,0.6259072422981262
YPR111W,YGL108C,0,1.8092917,0.13893510401248932,0.9277777671813965,0.6260080933570862
YDR108W,YCR045C,0,1.8090255,0.13891585171222687,0.9277777671813965,0.6261088848114014
YDR287W,YPL209C,0,1.8089945,0.13889658451080322,0.9277777671813965,0.6262096762657166
YLR369W,YIR032C,0,1.8081151,0.13887733221054077,0.9277777671813965,0.6263104677200317
YGL108C,YGL261C,0,1.8080348,0.13885809481143951,0.9277777671813965,0.6264113187789917
YER028C,YJR141W,0,1.8074303,0.13883885741233826,0.9277777671813965,0.6265121102333069
YKL002W,YGR095C,0,1.8073511,0.138819620013237,0.9277777671813965,0.6266129016876221
YNL014W,YGL229C,0,1.8073148,0.13880038261413574,0.9277777671813965,0.6267136931419373
YNL257C,YKL040C,0,1.8073008,0.13878116011619568,0.9277777671813965,0.6268145442008972
YDR330W,YNR008W,0,1.8071421,0.13876193761825562,0.9277777671813965,0.6269153356552124
YDR507C,YAR002W,0,1.8069493,0.13874273002147675,0.9277777671813965,0.6270161271095276
YOR168W,YNL217W,0,1.8066857,0.13872352242469788,0.9277777671813965,0.6271169185638428
YAR042W,YLR285W,0,1.8059198,0.138704314827919,0.9277777671813965,0.6272177696228027
YLR380W,YDR410C,0,1.80578,0.13868512213230133,0.9277777671813965,0.6273185610771179
YER018C,YBR286W,0,1.8057042,0.13866592943668365,0.9277777671813965,0.6274193525314331
YKR071C,YCR035C,0,1.804612,0.13864673674106598,0.9277777671813965,0.6275201439857483
YJL023C,YGR283C,0,1.8037673,0.1386275589466095,0.9277777671813965,0.6276209950447083
YML013W,YDR480W,0,1.8036362,0.13860838115215302,0.9277777671813965,0.6277217864990234
YOL088C,YEL068C,0,1.8031483,0.13858921825885773,0.9277777671813965,0.6278225779533386
YPL210C,YHR057C,0,1.8027825,0.13857004046440125,0.9277777671813965,0.6279233694076538
YJL108C,YGR218W,0,1.8026787,0.13855087757110596,0.9277777671813965,0.6280242204666138
YOR178C,YJL168C,0,1.8025712,0.13853172957897186,0.9277777671813965,0.628125011920929
YHR124W,YHR079C-B,0,1.8021513,0.13851258158683777,0.9277777671813965,0.6282258033752441
YJL165C,YNR013C,0,1.8011767,0.13849343359470367,0.9277777671813965,0.6283265948295593
YJR078W,YKL124W,0,1.8008217,0.13847430050373077,0.9277777671813965,0.6284274458885193
YPL236C,YPL138C,0,1.8006302,0.13845516741275787,0.9277777671813965,0.6285282373428345
YDL122W,YLR211C,0,1.8002578,0.13843603432178497,0.9277777671813965,0.6286290287971497
YFL066C,YBR060C,0,1.800212,0.13841690123081207,0.9277777671813965,0.6287298202514648
YFL035C-A,YPL016W,0,1.7999343,0.13839778304100037,0.9277777671813965,0.6288306713104248
YGR229C,YDR435C,0,1.7998587,0.13837867975234985,0.9277777671813965,0.62893146276474
YJL129C,YBR213W,0,1.7995248,0.13835957646369934,0.9277777671813965,0.6290322542190552
YPR113W,YOR153W,0,1.7994925,0.13834047317504883,0.9277777671813965,0.6291330456733704
YGR260W,YNL076W,0,1.7993386,0.13832136988639832,0.9277777671813965,0.6292338967323303
YPL282C,YDR066C,0,1.7985456,0.138302281498909,0.9277777671813965,0.6293346881866455
YNL138W,YGL220W,0,1.7984002,0.13828319311141968,0.9277777671813965,0.6294354796409607
YBR049C,YNL131W,0,1.7975703,0.13826410472393036,0.9277777671813965,0.6295362710952759
YDR425W,YFR037C,0,1.7975296,0.13824503123760223,0.9277777671813965,0.6296371221542358
YOR088W,YMR319C,0,1.7974037,0.1382259577512741,0.9277777671813965,0.629737913608551
YER014C-A,YGL033W,0,1.797331,0.13820689916610718,0.9277777671813965,0.6298387050628662
YLR013W,YNL055C,0,1.7972597,0.13818784058094025,0.9277777671813965,0.6299394965171814
YMR047C,YKR039W,0,1.7967974,0.13816878199577332,0.9277777671813965,0.6300403475761414
YPR030W,YDR288W,0,1.7957493,0.13814973831176758,0.9277777671813965,0.6301411390304565
YKL151C,YER124C,0,1.7957293,0.13813067972660065,0.9277777671813965,0.6302419304847717
YML043C,YPL059W,0,1.7950675,0.1381116509437561,0.9277777671813965,0.6303427219390869
YBL050W,YFL028C,0,1.7945166,0.13809260725975037,0.9277777671813965,0.6304435729980469
YLL049W,YDR379W,0,1.7934246,0.13807357847690582,0.9277777671813965,0.6305443644523621
YKR106W,YJL168C,0,1.7931529,0.13805456459522247,0.9277777671813965,0.6306451559066772
YDR386W,YPR151C,0,1.792992,0.13803553581237793,0.9277777671813965,0.6307459473609924
YML086C,YBL057C,1,1.792834,0.1381542682647705,0.9287037253379822,0.6307459473609924
YMR242C,YOR140W,0,1.7921795,0.13813523948192596,0.9287037253379822,0.6308467984199524
YDR501W,YHR056C,0,1.7920121,0.13811622560024261,0.9287037253379822,0.6309475898742676
YJL008C,YGL079W,0,1.7916967,0.13809721171855927,0.9287037253379822,0.6310483813285828
YIL009W,YHR214W,0,1.7902688,0.13807819783687592,0.9287037253379822,0.631149172782898
YLR091W,YOR241W,1,1.7901641,0.13819684088230133,0.9296296238899231,0.631149172782898
YPL209C,YLR324W,0,1.7901057,0.1381778120994568,0.9296296238899231,0.6312500238418579
YOR336W,YIL008W,0,1.7895137,0.13815879821777344,0.9296296238899231,0.6313508152961731
YFL039C,YEL005C,0,1.7887783,0.1381397843360901,0.9296296238899231,0.6314516067504883
YIL095W,YMR042W,0,1.7886173,0.13812078535556793,0.9296296238899231,0.6315523982048035
YNR049C,YGL062W,0,1.7870957,0.13810178637504578,0.9296296238899231,0.6316532492637634
YDR077W,YML071C,0,1.7862701,0.13808278739452362,0.9296296238899231,0.6317540407180786
YBL066C,YMR163C,0,1.7858089,0.13806380331516266,0.9296296238899231,0.6318548321723938
YDR118W,YBR281C,0,1.7854642,0.1380448192358017,0.9296296238899231,0.631955623626709
YLR418C,YLL012W,0,1.7853879,0.13802585005760193,0.9296296238899231,0.632056474685669
YOR237W,YML129C,0,1.7845087,0.13800686597824097,0.9296296238899231,0.6321572661399841
YER029C,YMR110C,0,1.7841256,0.1379879117012024,0.9296296238899231,0.6322580575942993
YLR407W,YOR242C,0,1.7839602,0.13796894252300262,0.9296296238899231,0.6323588490486145
YCR060W,YLR176C,0,1.7827374,0.13794998824596405,0.9296296238899231,0.6324597001075745
YGR133W,YHR072W,0,1.7825382,0.13793103396892548,0.9296296238899231,0.6325604915618896
YER040W,YCL045C,0,1.7815586,0.1379120945930481,0.9296296238899231,0.6326612830162048
YAL029C,YGR038W,0,1.7811183,0.13789314031600952,0.9296296238899231,0.63276207447052
YNL257C,YLR027C,0,1.7803103,0.13787421584129333,0.9296296238899231,0.63286292552948
YMR288W,YPL059W,0,1.7800655,0.13785527646541595,0.9296296238899231,0.6329637169837952
YOR351C,YDR512C,0,1.7800127,0.13783635199069977,0.9296296238899231,0.6330645084381104
YNL206C,YAL026C,0,1.7800121,0.13781742751598358,0.9296296238899231,0.6331652998924255
YDR021W,YCR089W,0,1.7798699,0.1377985179424286,0.9296296238899231,0.6332661509513855
YJL140W,YDR472W,0,1.7798115,0.1377796083688736,0.9296296238899231,0.6333669424057007
YJL140W,YKL210W,0,1.7797402,0.1377606987953186,0.9296296238899231,0.6334677338600159
YGL059W,YMR037C,0,1.7775058,0.1377418041229248,0.9296296238899231,0.633568525314331
YOR161C,YBR286W,0,1.776275,0.137722909450531,0.9296296238899231,0.633669376373291
YJR060W,YOL100W,0,1.7749842,0.1377040147781372,0.9296296238899231,0.6337701678276062
YNL072W,YNL063W,0,1.7749435,0.1376851350069046,0.9296296238899231,0.6338709592819214
YJR021C,YOR143C,0,1.7749152,0.137666255235672,0.9296296238899231,0.6339717507362366
YIL095W,YBR090C-A,0,1.7748066,0.1376473754644394,0.9296296238899231,0.6340726017951965
YDL168W,YOL163W,0,1.7743286,0.13762851059436798,0.9296296238899231,0.6341733932495117
YCL044C,YGR101W,1,1.7741121,0.13774670660495758,0.9305555820465088,0.6341733932495117
YOR237W,YMR197C,0,1.7733985,0.13772782683372498,0.9305555820465088,0.6342741847038269
YGR169C,YBL040C,0,1.7721967,0.13770896196365356,0.9305555820465088,0.6343749761581421
YDR504C,YFR026C,0,1.7719187,0.13769009709358215,0.9305555820465088,0.634475827217102
YPL210C,YHR214W,0,1.7716798,0.13767123222351074,0.9305555820465088,0.6345766186714172
YOR116C,YJR078W,0,1.7709837,0.13765238225460052,0.9305555820465088,0.6346774101257324
YPL024W,YOR061W,0,1.7707227,0.1376335322856903,0.9305555820465088,0.6347782015800476
YDR462W,YGR009C,0,1.7705551,0.1376146823167801,0.9305555820465088,0.6348790526390076
YBR192W,YDL049C,0,1.7699546,0.13759583234786987,0.9305555820465088,0.6349798440933228
YGL210W,YDL216C,0,1.768195,0.13757699728012085,0.9305555820465088,0.6350806355476379
YLR143W,YMR259C,0,1.7677281,0.13755817711353302,0.9305555820465088,0.6351814270019531
YDR301W,YBR126C,0,1.7665888,0.137539342045784,0.9305555820465088,0.6352822780609131
YGL125W,YIL114C,0,1.7662716,0.13752052187919617,0.9305555820465088,0.6353830695152283
YCL001W,YDR365C,0,1.7655376,0.13750171661376953,0.9305555820465088,0.6354838609695435
YFR019W,YBL031W,0,1.7653806,0.1374828964471817,0.9305555820465088,0.6355846524238586
YPL016W,YLL041C,0,1.7653388,0.13746409118175507,0.9305555820465088,0.6356855034828186
YBR150C,YOR109W,0,1.7650603,0.13744530081748962,0.9305555820465088,0.6357862949371338
YGL101W,YGL220W,0,1.765004,0.137426495552063,0.9305555820465088,0.635887086391449
YER110C,YMR019W,0,1.7648689,0.13740770518779755,0.9305555820465088,0.6359878778457642
YCL001W,YDR212W,0,1.7646827,0.1373889297246933,0.9305555820465088,0.6360887289047241
YOL162W,YPR032W,0,1.7645406,0.13737015426158905,0.9305555820465088,0.6361895203590393
YHR023W,YLR436C,0,1.7634355,0.1373513787984848,0.9305555820465088,0.6362903118133545
YFR019W,YPR204W,0,1.762177,0.13733260333538055,0.9305555820465088,0.6363911032676697
YNL187W,YGL252C,0,1.7616063,0.1373138427734375,0.9305555820465088,0.6364919543266296
YBL016W,YER185W,0,1.7592961,0.13729508221149445,0.9305555820465088,0.6365927457809448
YJR120W,YOL129W,0,1.7590264,0.1372763216495514,0.9305555820465088,0.63669353723526
YAL028W,YCR031C,0,1.7581086,0.13725757598876953,0.9305555820465088,0.6367943286895752
YML123C,YPL176C,0,1.7577671,0.13723883032798767,0.9305555820465088,0.6368951797485352
YLR224W,YBR074W,0,1.7568501,0.137220099568367,0.9305555820465088,0.6369959712028503
YNL258C,YER014W,0,1.7560165,0.13720136880874634,0.9305555820465088,0.6370967626571655
YCR027C,YJL002C,0,1.7555954,0.13718263804912567,0.9305555820465088,0.6371975541114807
YHR074W,YDL104C,0,1.7552408,0.137163907289505,0.9305555820465088,0.6372984051704407
YNR072W,YEL055C,0,1.7547042,0.13714519143104553,0.9305555820465088,0.6373991966247559
YOR221C,YBL051C,0,1.7542586,0.13712649047374725,0.9305555820465088,0.637499988079071
YDR025W,YLR301W,0,1.7538157,0.13710777461528778,0.9305555820465088,0.6376007795333862
YOR260W,YKL071W,0,1.7526803,0.1370890736579895,0.9305555820465088,0.6377016305923462
YOR293W,YHR079C-B,0,1.752636,0.13707037270069122,0.9305555820465088,0.6378024220466614
YER075C,YKL138C,0,1.7523991,0.13705168664455414,0.9305555820465088,0.6379032135009766
YLR265C,YGR233C,0,1.7519668,0.13703300058841705,0.9305555820465088,0.6380040049552917
YCR094W,YGR074W,0,1.7517558,0.13701431453227997,0.9305555820465088,0.6381048560142517
YCR058C,YMR083W,0,1.7506444,0.13699564337730408,0.9305555820465088,0.6382056474685669
YLR013W,YOL040C,0,1.750496,0.13697697222232819,0.9305555820465088,0.6383064389228821
YAR002C-A,YNL063W,0,1.7503499,0.1369583010673523,0.9305555820465088,0.6384072303771973
YGR220C,YPR116W,0,1.7502993,0.1369396448135376,0.9305555820465088,0.6385080814361572
YER017C,YBR295W,0,1.7499601,0.1369209736585617,0.9305555820465088,0.6386088728904724
YJL056C,YLR418C,0,1.7498369,0.1369023323059082,0.9305555820465088,0.6387096643447876
YBR049C,YOR388C,0,1.74968,0.1368836760520935,0.9305555820465088,0.6388104557991028
YPR133C,YPR166C,0,1.7491593,0.13686503469944,0.9305555820465088,0.6389113068580627
YKL089W,YIL099W,0,1.7469076,0.1368464082479477,0.9305555820465088,0.6390120983123779
YKL125W,YKL138C,0,1.7468566,0.1368277668952942,0.9305555820465088,0.6391128897666931
YBR280C,YJL074C,0,1.7468159,0.13680914044380188,0.9305555820465088,0.6392136812210083
YLR136C,YBR048W,0,1.7464546,0.13679052889347076,0.9305555820465088,0.6393145322799683
YBL050W,YPR083W,0,1.7462164,0.13677191734313965,0.9305555820465088,0.6394153237342834
YLR109W,YOR221C,0,1.7460661,0.13675330579280853,0.9305555820465088,0.6395161151885986
YOL088C,YLR324W,0,1.7458514,0.13673469424247742,0.9305555820465088,0.6396169066429138
YNL317W,YER178W,0,1.7453493,0.1367160975933075,0.9305555820465088,0.6397177577018738
YGL104C,YER153C,1,1.745174,0.13683351874351501,0.9314814805984497,0.6397177577018738
YBL101C,YKL138C-A,0,1.7445922,0.1368149071931839,0.9314814805984497,0.639818549156189
YDR490C,YMR301C,0,1.7445529,0.13679629564285278,0.9314814805984497,0.6399193406105042
YIL052C,YGL194C,0,1.7441565,0.13677769899368286,0.9314814805984497,0.6400201320648193
YLR330W,YPL016W,0,1.7441311,0.13675910234451294,0.9314814805984497,0.6401209831237793
YHR044C,YMR260C,0,1.7439781,0.1367405205965042,0.9314814805984497,0.6402217745780945
YOR377W,YOL138C,0,1.7431864,0.13672193884849548,0.9314814805984497,0.6403225660324097
YKR072C,YCR060W,0,1.7431595,0.13670335710048676,0.9314814805984497,0.6404233574867249
YKL138C-A,YAL001C,0,1.7425064,0.13668477535247803,0.9314814805984497,0.6405242085456848
YPL274W,YLR067C,0,1.7420971,0.1366662085056305,0.9314814805984497,0.640625
YBR091C,YPR052C,0,1.7413658,0.13664765655994415,0.9314814805984497,0.6407257914543152
YGL168W,YDR200C,0,1.7409014,0.13662908971309662,0.9314814805984497,0.6408266425132751
YBR239C,YOR224C,0,1.7402837,0.13661053776741028,0.9314814805984497,0.6409274339675903
YNL063W,YHR043C,0,1.7402227,0.13659198582172394,0.9314814805984497,0.6410282254219055
YDL072C,YDR480W,0,1.7396663,0.1365734487771988,0.9314814805984497,0.6411290168762207
YLR240W,YCL017C,0,1.7390305,0.13655491173267365,0.9314814805984497,0.6412298679351807
YML075C,YML093W,0,1.737986,0.1365363746881485,0.9314814805984497,0.6413306593894958
YER140W,YDR131C,0,1.7375199,0.13651783764362335,0.9314814805984497,0.641431450843811
YLR175W,YDR012W,0,1.7370595,0.1364993155002594,0.9314814805984497,0.6415322422981262
YHR072W,YJR078W,0,1.736731,0.13648080825805664,0.9314814805984497,0.6416330933570862
YPL079W,YKL184W,0,1.7360433,0.1364622861146927,0.9314814805984497,0.6417338848114014
YDL183C,YFL013C,0,1.7359055,0.13644377887248993,0.9314814805984497,0.6418346762657166
YFR045W,YBR070C,0,1.7351779,0.13642527163028717,0.9314814805984497,0.6419354677200317
YBR152W,YOR085W,0,1.7342974,0.1364067792892456,0.9314814805984497,0.6420363187789917
YPR166C,YCR020W-B,0,1.733841,0.13638828694820404,0.9314814805984497,0.6421371102333069
YGL232W,YCL062W,0,1.7337159,0.13636979460716248,0.9314814805984497,0.6422379016876221
YKL027W,YBR091C,1,1.7336477,0.13648685812950134,0.9324073791503906,0.6422379016876221
YLL019C,YGL113W,0,1.733485,0.13646835088729858,0.9324073791503906,0.6423386931419373
YDR453C,YDL231C,0,1.7329733,0.13644985854625702,0.9324073791503906,0.6424395442008972
YER037W,YFL011W-A,0,1.7328056,0.13643138110637665,0.9324073791503906,0.6425403356552124
YBR150C,YLR092W,0,1.7318281,0.13641290366649628,0.9324073791503906,0.6426411271095276
YOR073W,YGR283C,0,1.731382,0.1363944262266159,0.9324073791503906,0.6427419185638428
YOR066W,YJR120W,0,1.730242,0.13637594878673553,0.9324073791503906,0.6428427696228027
YGL197W,YDR022C,0,1.7299091,0.13635748624801636,0.9324073791503906,0.6429435610771179
YCL058W-A,YBR084C-A,0,1.7292165,0.13633902370929718,0.9324073791503906,0.6430443525314331
YOR116C,YDL220C,0,1.7292161,0.136320561170578,0.9324073791503906,0.6431451439857483
YPL079W,YGR156W,0,1.7291179,0.13630211353302002,0.9324073791503906,0.6432459950447083
YGR251W,YMR230W,0,1.7284937,0.13628366589546204,0.9324073791503906,0.6433467864990234
YDL116W,YHR214W,0,1.7278634,0.13626521825790405,0.9324073791503906,0.6434475779533386
YLR008C,YHR116W,1,1.7274075,0.1363820880651474,0.9333333373069763,0.6434475779533386
YDR531W,YPL243W,0,1.7272443,0.13636364042758942,0.9333333373069763,0.6435483694076538
YMR003W,YHR116W,1,1.7266923,0.136480450630188,0.9342592358589172,0.6435483694076538
YKL018W,YMR047C,0,1.726627,0.13646200299263,0.9342592358589172,0.6436492204666138
YAR031W,YDR504C,0,1.726517,0.13644354045391083,0.9342592358589172,0.643750011920929
YBR073W,YNL181W,0,1.7263051,0.13642509281635284,0.9342592358589172,0.6438508033752441
YPL227C,YGR294W,0,1.726231,0.13640664517879486,0.9342592358589172,0.6439515948295593
YER105C,YNL014W,0,1.7256069,0.13638821244239807,0.9342592358589172,0.6440524458885193
YBR205W,YGL101W,0,1.7250023,0.13636977970600128,0.9342592358589172,0.6441532373428345
YOR257W,YBR170C,0,1.72483,0.1363513469696045,0.9342592358589172,0.6442540287971497
YAL038W,YJL059W,0,1.7244102,0.1363329291343689,0.9342592358589172,0.6443548202514648
YFR034C,YNL306W,0,1.7241418,0.1363145112991333,0.9342592358589172,0.6444556713104248
YBR061C,YPL048W,0,1.72376,0.1362960934638977,0.9342592358589172,0.64455646276474
YMR182C,YOR197W,0,1.7221417,0.1362776905298233,0.9342592358589172,0.6446572542190552
YDR503C,YOR214C,0,1.7218511,0.1362592875957489,0.9342592358589172,0.6447580456733704
YGR106C,YOL138C,0,1.7190398,0.1362408846616745,0.9342592358589172,0.6448588967323303
YEL063C,YPR005C,0,1.7187115,0.1362224966287613,0.9342592358589172,0.6449596881866455
YKR056W,YDR531W,0,1.7186891,0.13620410859584808,0.9342592358589172,0.6450604796409607
YML133C,YGL261C,0,1.7186462,0.13618572056293488,0.9342592358589172,0.6451612710952759
YEL005C,YER060W,0,1.7185766,0.13616734743118286,0.9342592358589172,0.6452621221542358
YKL073W,YMR071C,0,1.7178624,0.13614897429943085,0.9342592358589172,0.645362913608551
YDL190C,YDR292C,0,1.7178086,0.13613060116767883,0.9342592358589172,0.6454637050628662
YOR140W,YOL158C,0,1.7152933,0.13611222803592682,0.9342592358589172,0.6455644965171814
YNR056C,YOL120C,0,1.7148185,0.136093869805336,0.9342592358589172,0.6456653475761414
YNL003C,YJR106W,0,1.7143097,0.13607552647590637,0.9342592358589172,0.6457661390304565
YDL192W,YLR368W,0,1.7137352,0.13605716824531555,0.9342592358589172,0.6458669304847717
YBR240C,YDR371W,0,1.7135192,0.13603882491588593,0.9342592358589172,0.6459677219390869
YNR038W,YML133C,0,1.713503,0.1360204964876175,0.9342592358589172,0.6460685729980469
YOR237W,YKL194C,0,1.712639,0.13600215315818787,0.9342592358589172,0.6461693644523621
YOR085W,YLR092W,0,1.7121506,0.13598382472991943,0.9342592358589172,0.6462701559066772
YNL186W,YNL306W,0,1.7115632,0.135965496301651,0.9342592358589172,0.6463709473609924
YLR069C,YML114C,0,1.711353,0.13594718277454376,0.9342592358589172,0.6464717984199524
YPR204W,YMR306W,0,1.7113085,0.13592886924743652,0.9342592358589172,0.6465725898742676
YER075C,YPL052W-A,0,1.7110461,0.13591055572032928,0.9342592358589172,0.6466733813285828
YJL058C,YJR025C,0,1.7107271,0.13589225709438324,0.9342592358589172,0.646774172782898
YGL113W,YCR060W,0,1.7106067,0.1358739584684372,0.9342592358589172,0.6468750238418579
YER014W,YBR233W-A,0,1.7087549,0.13585565984249115,0.9342592358589172,0.6469758152961731
YNL185C,YBR233W-A,0,1.7080373,0.1358373761177063,0.9342592358589172,0.6470766067504883
YJL023C,YJR141W,0,1.7072897,0.13581909239292145,0.9342592358589172,0.6471773982048035
YLR336C,YNL204C,0,1.7072327,0.1358008086681366,0.9342592358589172,0.6472782492637634
YGR065C,YNR008W,0,1.7072102,0.13578253984451294,0.9342592358589172,0.6473790407180786
YDR435C,YNL186W,0,1.7064532,0.1357642561197281,0.9342592358589172,0.6474798321723938
YOL072W,YHR143W,0,1.7060637,0.13574600219726562,0.9342592358589172,0.647580623626709
YHR058C,YHR091C,0,1.7057801,0.13572773337364197,0.9342592358589172,0.647681474685669
YPR032W,YFR025C,0,1.7054495,0.1357094794511795,0.9342592358589172,0.6477822661399841
YGR156W,YBR084C-A,0,1.705076,0.13569122552871704,0.9342592358589172,0.6478830575942993
YHL023C,YPL052W-A,0,1.704921,0.13567298650741577,0.9342592358589172,0.6479838490486145
YGR256W,YPR095C,0,1.70455,0.1356547474861145,0.9342592358589172,0.6480847001075745
YER018C,YGL054C,0,1.7041012,0.13563650846481323,0.9342592358589172,0.6481854915618896
YAL028W,YBL088C,0,1.704096,0.13561828434467316,0.9342592358589172,0.6482862830162048
YBR237W,YMR079W,0,1.7039536,0.13560006022453308,0.9342592358589172,0.64838707447052
YER190W,YOR351C,0,1.7034258,0.135581836104393,0.9342592358589172,0.64848792552948
YDR092W,YCR045C,0,1.7034152,0.13556361198425293,0.9342592358589172,0.6485887169837952
YMR230W,YNR013C,0,1.7033895,0.13554540276527405,0.9342592358589172,0.6486895084381104
YGL181W,YLR350W,0,1.7027293,0.13552719354629517,0.9342592358589172,0.6487902998924255
YMR109W,YDR092W,0,1.7018603,0.13550899922847748,0.9342592358589172,0.6488911509513855
YPR181C,YGL232W,0,1.7013688,0.1354908049106598,0.9342592358589172,0.6489919424057007
YLR066W,YPR103W,0,1.7010752,0.1354726105928421,0.9342592358589172,0.6490927338600159
YJL140W,YHR109W,0,1.7010272,0.13545441627502441,0.9342592358589172,0.649193525314331
YLR295C,YDR125C,1,1.7009667,0.1355704665184021,0.9351851940155029,0.649193525314331
YBR234C,YDR043C,0,1.700358,0.1355522722005844,0.9351851940155029,0.649294376373291
YJL209W,YJL082W,1,1.700116,0.13566827774047852,0.9361110925674438,0.649294376373291
YGR065C,YER017C,0,1.6997839,0.13565006852149963,0.9361110925674438,0.6493951678276062
YLR061W,YLR216C,0,1.6997277,0.13563187420368195,0.9361110925674438,0.6494959592819214
YBR095C,YJL209W,0,1.699668,0.13561367988586426,0.9361110925674438,0.6495967507362366
YGL171W,YER185W,0,1.6983721,0.13559550046920776,0.9361110925674438,0.6496976017951965
YLR390W-A,YDR091C,0,1.6977016,0.13557730615139008,0.9361110925674438,0.6497983932495117
YHR111W,YKL184W,0,1.6961541,0.13555912673473358,0.9361110925674438,0.6498991847038269
YDR181C,YDR294C,0,1.6960481,0.13554096221923828,0.9361110925674438,0.6499999761581421
YLR318W,YOR130C,0,1.6958538,0.1355227828025818,0.9361110925674438,0.650100827217102
YBR154C,YDR362C,0,1.6950548,0.1355046182870865,0.9361110925674438,0.6502016186714172
YJL012C,YML106W,0,1.694927,0.13548646867275238,0.9361110925674438,0.6503024101257324
YMR258C,YPR171W,0,1.6948751,0.13546830415725708,0.9361110925674438,0.6504032015800476
YLR265C,YDR244W,0,1.6936852,0.13545015454292297,0.9361110925674438,0.6505040526390076
YDR084C,YCR020W-B,0,1.6931552,0.13543201982975006,0.9361110925674438,0.6506048440933228
YNR041C,YGL194C,0,1.6929618,0.13541387021541595,0.9361110925674438,0.6507056355476379
YPL249C-A,YPR093C,0,1.6927702,0.13539573550224304,0.9361110925674438,0.6508064270019531
YPL189W,YFR049W,0,1.6921962,0.13537761569023132,0.9361110925674438,0.6509072780609131
YBR233W-A,YNR041C,0,1.6919988,0.1353594809770584,0.9361110925674438,0.6510080695152283
YJL180C,YLR215C,0,1.6917801,0.1353413611650467,0.9361110925674438,0.6511088609695435
YDR257C,YER144C,0,1.6908125,0.13532325625419617,0.9361110925674438,0.6512096524238586
YDR212W,YAR003W,0,1.6906946,0.13530513644218445,0.9361110925674438,0.6513105034828186
YBR095C,YER185W,0,1.6903048,0.13528703153133392,0.9361110925674438,0.6514112949371338
YBR201W,YLR440C,0,1.6893276,0.1352689266204834,0.9361110925674438,0.651512086391449
YLL038C,YJR091C,0,1.6892489,0.13525083661079407,0.9361110925674438,0.6516128778457642
YPR020W,YPR095C,0,1.6888375,0.13523274660110474,0.9361110925674438,0.6517137289047241
YGL001C,YLR139C,0,1.6887509,0.1352146565914154,0.9361110925674438,0.6518145203590393
YHR091C,YDL013W,0,1.6886507,0.13519658148288727,0.9361110925674438,0.6519153118133545
YIL040W,YPL155C,0,1.6870536,0.13517850637435913,0.9361110925674438,0.6520161032676697
YDR090C,YLL005C,0,1.6866566,0.135160431265831,0.9361110925674438,0.6521169543266296
YHR056C,YDL045C,0,1.6866187,0.13514235615730286,0.9361110925674438,0.6522177457809448
YER045C,YIR032C,0,1.685577,0.1351242959499359,0.9361110925674438,0.65231853723526
YLL043W,YGL257C,0,1.6831924,0.13510623574256897,0.9361110925674438,0.6524193286895752
YJL010C,YGR144W,0,1.6828258,0.13508819043636322,0.9361110925674438,0.6525201797485352
YEL017C-A,YDR163W,0,1.6818951,0.13507014513015747,0.9361110925674438,0.6526209712028503
YLR435W,YGL108C,0,1.6804434,0.13505209982395172,0.9361110925674438,0.6527217626571655
YJR021C,YDR459C,0,1.6802732,0.13503405451774597,0.9361110925674438,0.6528225541114807
YGR295C,YPR065W,0,1.6793975,0.13501602411270142,0.9361110925674438,0.6529234051704407
YOL115W,YCL058W-A,0,1.6793369,0.13499799370765686,0.9361110925674438,0.6530241966247559
YDR490C,YAL028W,0,1.6791226,0.1349799782037735,0.9361110925674438,0.653124988079071
YML034W,YBR286W,0,1.6787461,0.13496194779872894,0.9361110925674438,0.6532257795333862
YPL227C,YJR047C,0,1.6778042,0.13494394719600677,0.9361110925674438,0.6533266305923462
YDR363W,YOR046C,0,1.6777514,0.1349259316921234,0.9361110925674438,0.6534274220466614
YAR014C,YDL222C,0,1.6773843,0.13490793108940125,0.9361110925674438,0.6535282135009766
YER145C,YJL186W,0,1.6771392,0.13488993048667908,0.9361110925674438,0.6536290049552917
YDR139C,YPL281C,0,1.6771156,0.1348719298839569,0.9361110925674438,0.6537298560142517
YGL113W,YDR046C,0,1.6756253,0.13485394418239594,0.9361110925674438,0.6538306474685669
YHR037W,YOR037W,1,1.6754276,0.1349693238735199,0.9370370507240295,0.6538306474685669
YDR397C,YJL059W,0,1.6751057,0.13495132327079773,0.9370370507240295,0.6539314389228821
YGR251W,YGR038W,0,1.6746864,0.13493333756923676,0.9370370507240295,0.6540322303771973
YBR239C,YGR095C,0,1.6745826,0.13491535186767578,0.9370370507240295,0.6541330814361572
YHR116W,YMR026C,0,1.674101,0.1348973661661148,0.9370370507240295,0.6542338728904724
YDR350C,YDL010W,0,1.6739179,0.13487938046455383,0.9370370507240295,0.6543346643447876
YML034W,YHR088W,0,1.6735861,0.13486140966415405,0.9370370507240295,0.6544354557991028
YMR129W,YLR224W,0,1.6733183,0.13484343886375427,0.9370370507240295,0.6545363068580627
YOR312C,YIL146C,0,1.6730824,0.1348254680633545,0.9370370507240295,0.6546370983123779
YML048W,YJR117W,1,1.6730484,0.1349407285451889,0.9379629492759705,0.6546370983123779
YLR398C,YCR058C,0,1.6730214,0.13492274284362793,0.9379629492759705,0.6547378897666931
YIL137C,YGR106C,0,1.6729951,0.13490478694438934,0.9379629492759705,0.6548386812210083
YGL257C,YDR410C,0,1.6727425,0.13488681614398956,0.9379629492759705,0.6549395322799683
YLR013W,YLL012W,0,1.671132,0.13486886024475098,0.9379629492759705,0.6550403237342834
YOR116C,YDL113C,0,1.6705731,0.1348509043455124,0.9379629492759705,0.6551411151885986
YFL040W,YDR301W,0,1.6685926,0.134832963347435,0.9379629492759705,0.6552419066429138
YGL038C,YCR069W,0,1.6685845,0.1348150074481964,0.9379629492759705,0.6553427577018738
YOL064C,YNL308C,0,1.6682075,0.13479706645011902,0.9379629492759705,0.655443549156189
YDR377W,YOR154W,0,1.6679169,0.13477914035320282,0.9379629492759705,0.6555443406105042
YPL212C,YOR367W,0,1.6675392,0.13476121425628662,0.9379629492759705,0.6556451320648193
YDR477W,YMR134W,0,1.6669476,0.13474328815937042,0.9379629492759705,0.6557459831237793
YLR061W,YLR136C,0,1.6668686,0.13472536206245422,0.9379629492759705,0.6558467745780945
YKL151C,YPR097W,0,1.6668006,0.13470745086669922,0.9379629492759705,0.6559475660324097
YIL137C,YDR221W,0,1.6667211,0.1346895396709442,0.9379629492759705,0.6560483574867249
YJL109C,YIL114C,0,1.666426,0.1346716284751892,0.9379629492759705,0.6561492085456848
YER106W,YCR089W,0,1.663773,0.1346537321805954,0.9379629492759705,0.65625
YOR240W,YOR017W,0,1.6633799,0.1346358358860016,0.9379629492759705,0.6563507914543152
YLR066W,YDL013W,0,1.6633267,0.13461793959140778,0.9379629492759705,0.6564516425132751
YDR425W,YDL200C,0,1.6629709,0.13460005819797516,0.9379629492759705,0.6565524339675903
YOR117W,YHR179W,0,1.662865,0.13458217680454254,0.9379629492759705,0.6566532254219055
YMR166C,YOR390W,0,1.6627709,0.13456429541110992,0.9379629492759705,0.6567540168762207
YLR286C,YOL012C,0,1.662436,0.1345464140176773,0.9379629492759705,0.6568548679351807
YBL107C,YMR117C,0,1.6623085,0.13452854752540588,0.9379629492759705,0.6569556593894958
YLR325C,YOR367W,0,1.6621953,0.13451069593429565,0.9379629492759705,0.657056450843811
YBL050W,YER040W,0,1.6621846,0.13449282944202423,0.9379629492759705,0.6571572422981262
YFL040W,YPR097W,0,1.6620253,0.134474977850914,0.9379629492759705,0.6572580933570862
YPR181C,YGR072W,0,1.6594648,0.13445712625980377,0.9379629492759705,0.6573588848114014
YFL016C,YBL016W,0,1.6585842,0.13443928956985474,0.9379629492759705,0.6574596762657166
YOR151C,YBR248C,0,1.6572183,0.1344214379787445,0.9379629492759705,0.6575604677200317
YPR065W,YGR187C,0,1.657164,0.13440361618995667,0.9379629492759705,0.6576613187789917
YGR288W,YNL242W,0,1.6570524,0.13438577950000763,0.9379629492759705,0.6577621102333069
YIL019W,YFL041W,0,1.6570457,0.1343679577112198,0.9379629492759705,0.6578629016876221
YEL054C,YNL063W,0,1.656973,0.13435013592243195,0.9379629492759705,0.6579636931419373
YLL019C,YGL168W,0,1.6562537,0.1343323141336441,0.9379629492759705,0.6580645442008972
YCR058C,YKL020C,0,1.656243,0.13431450724601746,0.9379629492759705,0.6581653356552124
YGR169C,YOL057W,0,1.6559423,0.1342967003583908,0.9379629492759705,0.6582661271095276
YGL142C,YIL008W,0,1.6558176,0.13427889347076416,0.9379629492759705,0.6583669185638428
YLR301W,YDL209C,0,1.6552261,0.1342611014842987,0.9379629492759705,0.6584677696228027
YOR237W,YPR137W,0,1.6549547,0.13424330949783325,0.9379629492759705,0.6585685610771179
YBR058C-A,YNL308C,0,1.6548089,0.1342255175113678,0.9379629492759705,0.6586693525314331
YGR065C,YDR414C,0,1.6539701,0.13420774042606354,0.9379629492759705,0.6587701439857483
YLR390W-A,YNL187W,0,1.653951,0.13418996334075928,0.9379629492759705,0.6588709950447083
YOR351C,YMR218C,0,1.6538929,0.13417218625545502,0.9379629492759705,0.6589717864990234
YDR425W,YNL286W,0,1.653754,0.13415442407131195,0.9379629492759705,0.6590725779533386
YBR233W-A,YPL059W,0,1.6536877,0.1341366469860077,0.9379629492759705,0.6591733694076538
YHR037W,YLR357W,0,1.6526054,0.13411889970302582,0.9379629492759705,0.6592742204666138
YLR355C,YLR040C,0,1.6521746,0.13410113751888275,0.9379629492759705,0.659375011920929
YBR112C,YOR212W,0,1.6511635,0.13408339023590088,0.9379629492759705,0.6594758033752441
YGR189C,YGL220W,0,1.6510298,0.134065642952919,0.9379629492759705,0.6595765948295593
YGL076C,YFL027C,0,1.6509832,0.13404789566993713,0.9379629492759705,0.6596774458885193
YOR365C,YPR156C,0,1.6509435,0.13403016328811646,0.9379629492759705,0.6597782373428345
YKL096W-A,YKL203C,0,1.6504674,0.13401243090629578,0.9379629492759705,0.6598790287971497
YKL049C,YNR019W,0,1.6503831,0.1339947134256363,0.9379629492759705,0.6599798202514648
YNL258C,YLR389C,0,1.6502954,0.1339769810438156,0.9379629492759705,0.6600806713104248
YLL026W,YER093C,0,1.650258,0.13395926356315613,0.9379629492759705,0.66018146276474
YGR271W,YAL017W,0,1.6500971,0.13394156098365784,0.9379629492759705,0.6602822542190552
YOR117W,YBR048W,0,1.649892,0.13392384350299835,0.9379629492759705,0.6603830456733704
YER176W,YDR503C,0,1.6493096,0.13390614092350006,0.9379629492759705,0.6604838967323303
YPL212C,YER166W,0,1.6487226,0.13388845324516296,0.9379629492759705,0.6605846881866455
YPR072W,YDL104C,0,1.6486126,0.13387075066566467,0.9379629492759705,0.6606854796409607
YDR398W,YKL134C,0,1.6476771,0.13385306298732758,0.9379629492759705,0.6607862710952759
YOL021C,YMR123W,0,1.6474355,0.13383537530899048,0.9379629492759705,0.6608871221542358
YLR320W,YPR151C,0,1.6474143,0.13381770253181458,0.9379629492759705,0.660987913608551
YGL142C,YHR075C,0,1.6474097,0.13380002975463867,0.9379629492759705,0.6610887050628662
YML013W,YGR274C,0,1.647323,0.13378235697746277,0.9379629492759705,0.6611894965171814
YNL206C,YEL027W,0,1.6471498,0.13376468420028687,0.9379629492759705,0.6612903475761414
YMR197C,YLR315W,0,1.6469324,0.13374702632427216,0.9379629492759705,0.6613911390304565
YDR459C,YJR024C,0,1.6465681,0.13372936844825745,0.9379629492759705,0.6614919304847717
YGR038W,YER178W,0,1.6462617,0.13371172547340393,0.9379629492759705,0.6615927219390869
YJL111W,YOR240W,0,1.6462244,0.13369406759738922,0.9379629492759705,0.6616935729980469
YGR070W,YDL200C,0,1.646047,0.1336764246225357,0.9379629492759705,0.6617943644523621
YPR083W,YGL168W,0,1.645901,0.13365879654884338,0.9379629492759705,0.6618951559066772
YER185W,YOR162C,0,1.6458238,0.13364115357398987,0.9379629492759705,0.6619959473609924
YEL069C,YJL091C,0,1.6443713,0.13362352550029755,0.9379629492759705,0.6620967984199524
YHR044C,YBR049C,0,1.644152,0.13360591232776642,0.9379629492759705,0.6621975898742676
YFR039C,YMR061W,0,1.6440005,0.1335882842540741,0.9379629492759705,0.6622983813285828
YNR018W,YFL052W,0,1.6424751,0.13357067108154297,0.9379629492759705,0.662399172782898
YKL224C,YPR199C,0,1.6415135,0.13355305790901184,0.9379629492759705,0.6625000238418579
YGR189C,YOL077W-A,0,1.6414386,0.1335354596376419,0.9379629492759705,0.6626008152961731
YCR047C,YOR258W,0,1.641267,0.13351786136627197,0.9379629492759705,0.6627016067504883
YOR116C,YAL067C,0,1.6407734,0.13350026309490204,0.9379629492759705,0.6628023982048035
YPR083W,YNL083W,0,1.6400474,0.1334826797246933,0.9379629492759705,0.6629032492637634
YJL180C,YGL044C,0,1.6398889,0.13346508145332336,0.9379629492759705,0.6630040407180786
YGR271C-A,YJR047C,0,1.6396614,0.13344749808311462,0.9379629492759705,0.6631048321723938
YMR105C,YKL224C,0,1.6394253,0.13342992961406708,0.9379629492759705,0.663205623626709
YNL186W,YNR013C,0,1.6393071,0.13341234624385834,0.9379629492759705,0.663306474685669
YFR009W,YPR116W,0,1.6387917,0.13339479267597198,0.9379629492759705,0.6634072661399841
YBR050C,YBL013W,0,1.6382917,0.13337722420692444,0.9379629492759705,0.6635080575942993
YGL210W,YJL059W,0,1.6375955,0.1333596557378769,0.9379629492759705,0.6636088490486145
YMR123W,YGR184C,0,1.6371002,0.13334210216999054,0.9379629492759705,0.6637097001075745
YDR034C,YLR126C,0,1.6367927,0.13332456350326538,0.9379629492759705,0.6638104915618896
YNL041C,YGR240C,0,1.6366774,0.13330700993537903,0.9379629492759705,0.6639112830162048
YHR111W,YGR112W,0,1.6359197,0.13328947126865387,0.9379629492759705,0.66401207447052
YLR385C,YFL011W-A,0,1.6356024,0.1332719326019287,0.9379629492759705,0.66411292552948
YFR033C,YGL023C,0,1.635444,0.13325440883636475,0.9379629492759705,0.6642137169837952
YBR049C,YLR318W,0,1.6353438,0.13323688507080078,0.9379629492759705,0.6643145084381104
YBR049C,YLR158C,0,1.6348099,0.13321936130523682,0.9379629492759705,0.6644152998924255
YOR373W,YDR419W,0,1.6347414,0.13320183753967285,0.9379629492759705,0.6645161509513855
YPL176C,YHR143W,0,1.6346983,0.13318432867527008,0.9379629492759705,0.6646169424057007
YGL201C,YOR327C,0,1.6342458,0.1331668198108673,0.9379629492759705,0.6647177338600159
YJL034W,YOL057W,0,1.6341215,0.13314931094646454,0.9379629492759705,0.664818525314331
YKL138C-A,YNL302C,0,1.6336025,0.13313181698322296,0.9379629492759705,0.664919376373291
YCL062W,YLR113W,0,1.6332265,0.13311432301998138,0.9379629492759705,0.6650201678276062
YDL103C,YHR150W,0,1.633213,0.1330968290567398,0.9379629492759705,0.6651209592819214
YEL055C,YOR189W,0,1.6331513,0.13307934999465942,0.9379629492759705,0.6652217507362366
YLR147C,YNL015W,0,1.6316236,0.13306187093257904,0.9379629492759705,0.6653226017951965
YDR415C,YBR171W,0,1.6313437,0.13304439187049866,0.9379629492759705,0.6654233932495117
YER190W,YPR192W,0,1.6310498,0.13302692770957947,0.9379629492759705,0.6655241847038269
YNL185C,YJL056C,0,1.6306163,0.13300944864749908,0.9379629492759705,0.6656249761581421
YMR233W,YOR035C,0,1.6294104,0.1329919844865799,0.9379629492759705,0.665725827217102
YPL248C,YPL001W,0,1.6292111,0.1329745352268219,0.9379629492759705,0.6658266186714172
YML004C,YKL203C,0,1.6283258,0.1329570859670639,0.9379629492759705,0.6659274101257324
YGR189C,YJR116W,0,1.625574,0.1329396367073059,0.9379629492759705,0.6660282015800476
YJR004C,YNL015W,0,1.625538,0.1329221874475479,0.9379629492759705,0.6661290526390076
YFR024C-A,YAR042W,0,1.6251904,0.1329047530889511,0.9379629492759705,0.6662298440933228
YFL066C,YPL175W,0,1.6248697,0.1328873187303543,0.9379629492759705,0.6663306355476379
YKL173W,YER140W,0,1.6245314,0.1328698843717575,0.9379629492759705,0.6664314270019531
YML047C,YPL072W,0,1.62437,0.1328524649143219,0.9379629492759705,0.6665322780609131
YPL024W,YJR006W,0,1.6235875,0.1328350454568863,0.9379629492759705,0.6666330695152283
YNL301C,YLR438C-A,0,1.6231154,0.13281762599945068,0.9379629492759705,0.6667338609695435
YER038C,YHR057C,0,1.6231114,0.13280020654201508,0.9379629492759705,0.6668346524238586
YLR219W,YOR257W,0,1.6222557,0.13278280198574066,0.9379629492759705,0.6669355034828186
YOL136C,YML034W,0,1.62177,0.13276539742946625,0.9379629492759705,0.6670362949371338
YGR271W,YML106W,0,1.6216619,0.13274800777435303,0.9379629492759705,0.667137086391449
YOR085W,YER145C,0,1.6210825,0.1327306032180786,0.9379629492759705,0.6672378778457642
YDR262W,YKL071W,0,1.6210624,0.1327132135629654,0.9379629492759705,0.6673387289047241
YGL197W,YOR373W,0,1.6200513,0.13269583880901337,0.9379629492759705,0.6674395203590393
YEL054C,YOL026C,0,1.61994,0.13267844915390015,0.9379629492759705,0.6675403118133545
YOR212W,YLR024C,0,1.6192611,0.13266107439994812,0.9379629492759705,0.6676411032676697
YFL044C,YHL022C,0,1.6186084,0.1326437145471573,0.9379629492759705,0.6677419543266296
YHR129C,YLR185W,0,1.6181632,0.13262633979320526,0.9379629492759705,0.6678427457809448
YDR373W,YLL038C,0,1.617801,0.13260897994041443,0.9379629492759705,0.66794353723526
YLR320W,YAL061W,0,1.6176809,0.1325916200876236,0.9379629492759705,0.6680443286895752
YLR105C,YGL023C,0,1.6171111,0.13257427513599396,0.9379629492759705,0.6681451797485352
YFR019W,YHR074W,0,1.6166345,0.13255691528320312,0.9379629492759705,0.6682459712028503
YHL023C,YPR020W,0,1.6165311,0.13253958523273468,0.9379629492759705,0.6683467626571655
YLR389C,YLR068W,0,1.6163166,0.13252224028110504,0.9379629492759705,0.6684475541114807
YJR058C,YMR201C,0,1.6161586,0.1325049102306366,0.9379629492759705,0.6685484051704407
YBR104W,YKR042W,1,1.6158856,0.13261836767196655,0.9388889074325562,0.6685484051704407
YKL210W,YER106W,0,1.6154205,0.13260102272033691,0.9388889074325562,0.6686491966247559
YMR009W,YJL074C,0,1.615291,0.13258367776870728,0.9388889074325562,0.668749988079071
YGR280C,YOR137C,0,1.6148478,0.13256634771823883,0.9388889074325562,0.6688507795333862
YDR490C,YOR088W,0,1.6146253,0.13254901766777039,0.9388889074325562,0.6689516305923462
YJR067C,YLR085C,0,1.6145428,0.13253170251846313,0.9388889074325562,0.6690524220466614
YGR178C,YNL087W,0,1.6141679,0.1325143724679947,0.9388889074325562,0.6691532135009766
YPL212C,YDR011W,0,1.6139914,0.13249705731868744,0.9388889074325562,0.6692540049552917
YNL162W,YBR031W,0,1.6138289,0.1324797421693802,0.9388889074325562,0.6693548560142517
YDR273W,YPL031C,0,1.6137277,0.13246244192123413,0.9388889074325562,0.6694556474685669
YNR072W,YML012W,0,1.6135277,0.13244514167308807,0.9388889074325562,0.6695564389228821
YGL076C,YDR108W,0,1.6133724,0.13242784142494202,0.9388889074325562,0.6696572303771973
YPL042C,YGL240W,0,1.613094,0.13241055607795715,0.9388889074325562,0.6697580814361572
YBL069W,YHR143W,0,1.6126703,0.1323932558298111,0.9388889074325562,0.6698588728904724
YGL232W,YER106W,0,1.6120236,0.13237598538398743,0.9388889074325562,0.6699596643447876
YBL050W,YPL024W,0,1.61169,0.13235870003700256,0.9388889074325562,0.6700604557991028
YBL098W,YPR058W,1,1.6114483,0.1324719339609146,0.9398148059844971,0.6700604557991028
YKL125W,YDR071C,0,1.6110345,0.13245464861392975,0.9398148059844971,0.6701613068580627
YML086C,YPL072W,1,1.6108598,0.1325678527355194,0.9407407641410828,0.6701613068580627
YDR362C,YLR418C,0,1.6107892,0.13255055248737335,0.9407407641410828,0.6702620983123779
YBL050W,YDL010W,0,1.6104337,0.1325332671403885,0.9407407641410828,0.6703628897666931
YOR178C,YIL063C,0,1.610433,0.13251598179340363,0.9407407641410828,0.6704636812210083
YFL040W,YPL264C,0,1.6102057,0.13249869644641876,0.9407407641410828,0.6705645322799683
YLR385C,YDR077W,0,1.6101388,0.1324814260005951,0.9407407641410828,0.6706653237342834
YOR373W,YOR250C,0,1.609351,0.13246414065361023,0.9407407641410828,0.6707661151885986
YKR067W,YDR057W,0,1.6092945,0.13244688510894775,0.9407407641410828,0.6708669066429138
YOL069W,YIL114C,0,1.6092032,0.13242961466312408,0.9407407641410828,0.6709677577018738
YLR336C,YGL220W,0,1.6084057,0.1324123591184616,0.9407407641410828,0.671068549156189
YGL038C,YAL041W,0,1.6081955,0.13239510357379913,0.9407407641410828,0.6711693406105042
YPR133C,YMR123W,0,1.6069783,0.13237784802913666,0.9407407641410828,0.6712701320648193
YPR065W,YJL085W,0,1.6067674,0.13236060738563538,0.9407407641410828,0.6713709831237793
YOL088C,YCR065W,0,1.6064079,0.1323433667421341,0.9407407641410828,0.6714717745780945
YNL310C,YPR133W-A,1,1.6053964,0.13245636224746704,0.9416666626930237,0.6714717745780945
YKL152C,YLR248W,0,1.6041694,0.13243912160396576,0.9416666626930237,0.6715725660324097
YNR056C,YJR058C,0,1.6040802,0.13242188096046448,0.9416666626930237,0.6716733574867249
YGL171W,YCL017C,0,1.6039319,0.1324046403169632,0.9416666626930237,0.6717742085456848
YDR139C,YJR145C,0,1.6029347,0.13238739967346191,0.9416666626930237,0.671875
YLR072W,YBR073W,0,1.6026685,0.13237017393112183,0.9416666626930237,0.6719757914543152
YGR189C,YNL217W,0,1.6011428,0.13235294818878174,0.9416666626930237,0.6720766425132751
YGR158C,YGL252C,0,1.6008502,0.13233572244644165,0.9416666626930237,0.6721774339675903
YLR435W,YOL077W-A,0,1.600236,0.13231849670410156,0.9416666626930237,0.6722782254219055
YDR477W,YNL222W,0,1.6000516,0.13230128586292267,0.9416666626930237,0.6723790168762207
YKL020C,YLR285W,0,1.5992013,0.13228407502174377,0.9416666626930237,0.6724798679351807
YPL167C,YBL088C,0,1.5984839,0.13226687908172607,0.9416666626930237,0.6725806593894958
YPL165C,YHR179W,0,1.5975815,0.13224966824054718,0.9416666626930237,0.672681450843811
YML013W,YLR399C,0,1.5974631,0.13223247230052948,0.9416666626930237,0.6727822422981262
YGL181W,YNL258C,0,1.5969537,0.13221529126167297,0.9416666626930237,0.6728830933570862
YFL013C,YDL104C,0,1.5968968,0.13219809532165527,0.9416666626930237,0.6729838848114014
YKL224C,YPL155C,0,1.5954167,0.13218091428279877,0.9416666626930237,0.6730846762657166
YNR049C,YDR386W,0,1.5948436,0.13216374814510345,0.9416666626930237,0.6731854677200317
YDL188C,YBR074W,0,1.5947473,0.13214656710624695,0.9416666626930237,0.6732863187789917
YPR133C,YNL063W,0,1.593191,0.13212940096855164,0.9416666626930237,0.6733871102333069
YMR267W,YNL222W,0,1.5929409,0.13211223483085632,0.9416666626930237,0.6734879016876221
YER005W,YMR134W,0,1.5920889,0.1320950835943222,0.9416666626930237,0.6735886931419373
YNL298W,YDR284C,0,1.59206,0.1320779174566269,0.9416666626930237,0.6736895442008972
YBR095C,YGR016W,0,1.5913702,0.13206076622009277,0.9416666626930237,0.6737903356552124
YJL101C,YPR171W,0,1.5904211,0.13204362988471985,0.9416666626930237,0.6738911271095276
YLR442C,YCR031C,0,1.5900146,0.13202647864818573,0.9416666626930237,0.6739919185638428
YOR109W,YHR059W,0,1.58838,0.1320093423128128,0.9416666626930237,0.6740927696228027
YOR147W,YKR042W,1,1.5875237,0.1321219950914383,0.9425926208496094,0.6740927696228027
YMR150C,YAL010C,1,1.5875076,0.1322346180677414,0.9435185194015503,0.6740927696228027
YDR500C,YCL062W,0,1.5870773,0.13221746683120728,0.9435185194015503,0.6741935610771179
YJL012C,YMR218C,0,1.583594,0.13220031559467316,0.9435185194015503,0.6742943525314331
YOR297C,YKR042W,1,1.5833516,0.13231287896633148,0.9444444179534912,0.6742943525314331
YKR007W,YNL317W,0,1.5831779,0.13229571282863617,0.9444444179534912,0.6743951439857483
YJL062W,YBR048W,0,1.5831074,0.13227856159210205,0.9444444179534912,0.6744959950447083
YGR260W,YAL041W,0,1.5826445,0.13226141035556793,0.9444444179534912,0.6745967864990234
YOR201C,YLR300W,0,1.5826434,0.1322442591190338,0.9444444179534912,0.6746975779533386
YHR074W,YGR070W,0,1.581964,0.1322271227836609,0.9444444179534912,0.6747983694076538
YJR041C,YOR390W,0,1.5818037,0.13220998644828796,0.9444444179534912,0.6748992204666138
YJL023C,YGL067W,0,1.5808861,0.13219285011291504,0.9444444179534912,0.675000011920929
YBR021W,YDR419W,0,1.580839,0.13217571377754211,0.9444444179534912,0.6751008033752441
YGL090W,YMR194W,0,1.5805024,0.13215859234333038,0.9444444179534912,0.6752015948295593
YBL050W,YLR013W,0,1.5802525,0.13214147090911865,0.9444444179534912,0.6753024458885193
YOL088C,YGL168W,0,1.5800846,0.13212434947490692,0.9444444179534912,0.6754032373428345
YDR490C,YLL005C,0,1.5797948,0.13210724294185638,0.9444444179534912,0.6755040287971497
YNL310C,YJL209W,1,1.5787185,0.13221962749958038,0.9453703761100769,0.6755040287971497
YJL012C,YIL137C,0,1.5776075,0.13220250606536865,0.9453703761100769,0.6756048202514648
YPR032W,YDL054C,0,1.5773454,0.13218539953231812,0.9453703761100769,0.6757056713104248
YFL010W-A,YPL282C,0,1.5771865,0.13216827809810638,0.9453703761100769,0.67580646276474
YLR224W,YLR440C,0,1.5769114,0.13215117156505585,0.9453703761100769,0.6759072542190552
YIL047C,YLR438C-A,0,1.5768332,0.1321340799331665,0.9453703761100769,0.6760080456733704
YGL210W,YER182W,1,1.5763043,0.13224637508392334,0.9462962746620178,0.6760080456733704
YJL222W,YDR398W,0,1.5760893,0.1322292685508728,0.9462962746620178,0.6761088967323303
YDR477W,YJL165C,0,1.5758234,0.13221216201782227,0.9462962746620178,0.6762096881866455
YLR355C,YOR130C,0,1.5753239,0.13219505548477173,0.9462962746620178,0.6763104796409607
YBR095C,YCR101C,0,1.5751511,0.13217796385288239,0.9462962746620178,0.6764112710952759
YCL045C,YCR031C,0,1.5744209,0.13216087222099304,0.9462962746620178,0.6765121221542358
YCR027C,YGR184C,0,1.5742694,0.1321437805891037,0.9462962746620178,0.676612913608551
YDR361C,YHR074W,0,1.5737679,0.13212670385837555,0.9462962746620178,0.6767137050628662
YER039C,YDR030C,0,1.5737048,0.1321096122264862,0.9462962746620178,0.6768144965171814
YER060W,YDL216C,0,1.5723213,0.13209253549575806,0.9462962746620178,0.6769153475761414
YPL189W,YOR140W,0,1.5717438,0.1320754736661911,0.9462962746620178,0.6770161390304565
YDR452W,YKL071W,0,1.5714749,0.13205841183662415,0.9462962746620178,0.6771169304847717
YCR089W,YJL059W,0,1.5704529,0.1320413500070572,0.9462962746620178,0.6772177219390869
YGR082W,YBL063W,0,1.5700672,0.13202428817749023,0.9462962746620178,0.6773185729980469
YGR106C,YDL075W,0,1.569717,0.13200722634792328,0.9462962746620178,0.6774193644523621
YMR194W,YNL262W,0,1.5695008,0.13199017941951752,0.9462962746620178,0.6775201559066772
YGL179C,YHR150W,0,1.5694951,0.13197314739227295,0.9462962746620178,0.6776209473609924
YML103C,YMR219W,0,1.5676306,0.1319561004638672,0.9462962746620178,0.6777217984199524
YEL047C,YER166W,0,1.5670761,0.13193906843662262,0.9462962746620178,0.6778225898742676
YOL149W,YKL040C,0,1.5662471,0.13192203640937805,0.9462962746620178,0.6779233813285828
YFR024C-A,YNL310C,0,1.5660101,0.13190500438213348,0.9462962746620178,0.678024172782898
YDR165W,YGL257C,0,1.5659019,0.1318879872560501,0.9462962746620178,0.6781250238418579
YKL152C,YLR120C,0,1.5655503,0.13187097012996674,0.9462962746620178,0.6782258152961731
YOR178C,YMR201C,0,1.5650895,0.13185395300388336,0.9462962746620178,0.6783266067504883
YCR089W,YLR120C,0,1.5640155,0.13183695077896118,0.9462962746620178,0.6784273982048035
YLR027C,YLR067C,0,1.56395,0.1318199336528778,0.9462962746620178,0.6785282492637634
YJL141C,YEL004W,0,1.5636317,0.13180294632911682,0.9462962746620178,0.6786290407180786
YPL190C,YPL031C,0,1.5626551,0.13178594410419464,0.9462962746620178,0.6787298321723938
YER029C,YIL166C,0,1.5626235,0.13176895678043365,0.9462962746620178,0.678830623626709
YGL038C,YER060W,0,1.5624192,0.13175196945667267,0.9462962746620178,0.678931474685669
YJR058C,YBR073W,0,1.5618436,0.13173498213291168,0.9462962746620178,0.6790322661399841
YOL136C,YDR012W,0,1.5618082,0.1317180097103119,0.9462962746620178,0.6791330575942993
YLR369W,YMR047C,0,1.5612596,0.1317010372877121,0.9462962746620178,0.6792338490486145
YJL108C,YPL164C,0,1.5611366,0.1316840648651123,0.9462962746620178,0.6793347001075745
YDR419W,YPR154W,0,1.5602028,0.1316670924425125,0.9462962746620178,0.6794354915618896
YDR435C,YBR286W,0,1.5600426,0.1316501349210739,0.9462962746620178,0.6795362830162048
YDL059C,YBR150C,0,1.5595218,0.13163317739963531,0.9462962746620178,0.67963707447052
YOR137C,YOR017W,0,1.5592837,0.13161621987819672,0.9462962746620178,0.67973792552948
YNL072W,YNL251C,0,1.5590769,0.1315992772579193,0.9462962746620178,0.6798387169837952
YOL149W,YDR415C,0,1.5588554,0.1315823346376419,0.9462962746620178,0.6799395084381104
YLR385C,YHR075C,0,1.5585384,0.1315653920173645,0.9462962746620178,0.6800402998924255
YGR189C,YNL204C,0,1.5584803,0.1315484642982483,0.9462962746620178,0.6801411509513855
YOR168W,YNL063W,0,1.5575894,0.13153153657913208,0.9462962746620178,0.6802419424057007
YFL038C,YER124C,0,1.557104,0.13151460886001587,0.9462962746620178,0.6803427338600159
YHR005C-A,YLR215C,0,1.5561461,0.13149768114089966,0.9462962746620178,0.680443525314331
YPL281C,YDR365C,0,1.5557762,0.13148076832294464,0.9462962746620178,0.680544376373291
YLR355C,YNL014W,0,1.5555607,0.13146385550498962,0.9462962746620178,0.6806451678276062
YBR095C,YLR259C,0,1.5552174,0.1314469426870346,0.9462962746620178,0.6807459592819214
YGR027C,YCL058W-A,0,1.5539366,0.13143004477024078,0.9462962746620178,0.6808467507362366
YDR301W,YFL010W-A,0,1.5535194,0.13141314685344696,0.9462962746620178,0.6809476017951965
YAL041W,YNL014W,0,1.5532292,0.13139624893665314,0.9462962746620178,0.6810483932495117
YPR118W,YHR143W-A,0,1.5526563,0.13137935101985931,0.9462962746620178,0.6811491847038269
YKR067W,YLR442C,0,1.5516701,0.13136246800422668,0.9462962746620178,0.6812499761581421
YPL165C,YNR041C,0,1.5510772,0.13134558498859406,0.9462962746620178,0.681350827217102
YGL257C,YNL041C,0,1.5507667,0.13132870197296143,0.9462962746620178,0.6814516186714172
YCL033C,YGR072W,0,1.5500115,0.13131183385849,0.9462962746620178,0.6815524101257324
YGL062W,YJL076W,0,1.5496682,0.13129496574401855,0.9462962746620178,0.6816532015800476
YHR194W,YCR045C,0,1.5495824,0.13127809762954712,0.9462962746620178,0.6817540526390076
YOR023C,YFR002W,0,1.5493399,0.13126124441623688,0.9462962746620178,0.6818548440933228
YHR035W,YPR111W,0,1.5492176,0.13124437630176544,0.9462962746620178,0.6819556355476379
YBR258C,YFL034C-B,0,1.5490142,0.1312275230884552,0.9462962746620178,0.6820564270019531
YAL063C,YDR419W,0,1.5483806,0.13121068477630615,0.9462962746620178,0.6821572780609131
YER029C,YBL069W,0,1.5482324,0.1311938315629959,0.9462962746620178,0.6822580695152283
YDL049C,YJR126C,0,1.5478426,0.13117699325084686,0.9462962746620178,0.6823588609695435
YER142C,YGL232W,0,1.5475363,0.131160169839859,0.9462962746620178,0.6824596524238586
YDL200C,YHR079C-B,0,1.5474957,0.13114333152770996,0.9462962746620178,0.6825605034828186
YDR330W,YFR037C,0,1.5474076,0.1311265081167221,0.9462962746620178,0.6826612949371338
YJR099W,YOR290C,0,1.5471817,0.13110968470573425,0.9462962746620178,0.682762086391449
YLL005C,YGL252C,0,1.5466601,0.1310928612947464,0.9462962746620178,0.6828628778457642
YGR156W,YFL027C,0,1.5463275,0.13107605278491974,0.9462962746620178,0.6829637289047241
YDR363W,YKL049C,0,1.5457085,0.13105924427509308,0.9462962746620178,0.6830645203590393
YLL038C,YER114C,0,1.5456904,0.13104243576526642,0.9462962746620178,0.6831653118133545
YLR385C,YDL142C,0,1.5456129,0.13102564215660095,0.9462962746620178,0.6832661032676697
YBR003W,YEL069C,0,1.545165,0.13100884854793549,0.9462962746620178,0.6833669543266296
YAR002W,YBR003W,0,1.5449277,0.13099205493927002,0.9462962746620178,0.6834677457809448
YDL160C,YER029C,0,1.5443354,0.13097526133060455,0.9462962746620178,0.68356853723526
YJL109C,YML047C,0,1.5437098,0.13095848262310028,0.9462962746620178,0.6836693286895752
YDR071C,YBR170C,0,1.543208,0.130941703915596,0.9462962746620178,0.6837701797485352
YBR112C,YNL049C,0,1.5430316,0.13092492520809174,0.9462962746620178,0.6838709712028503
YER060W,YBR155W,0,1.5420467,0.13090816140174866,0.9462962746620178,0.6839717626571655
YLR407W,YJL051W,0,1.541423,0.13089139759540558,0.9462962746620178,0.6840725541114807
YLR136C,YOL023W,0,1.5413269,0.1308746337890625,0.9462962746620178,0.6841734051704407
YOR178C,YDL231C,0,1.5412408,0.13085786998271942,0.9462962746620178,0.6842741966247559
YLR147C,YOL057W,0,1.5399331,0.13084112107753754,0.9462962746620178,0.684374988079071
YDR350C,YNL041C,0,1.5399145,0.13082437217235565,0.9462962746620178,0.6844757795333862
YMR109W,YOL158C,0,1.5397011,0.13080762326717377,0.9462962746620178,0.6845766305923462
YEL017C-A,YHR074W,0,1.5394639,0.13079088926315308,0.9462962746620178,0.6846774220466614
YLR224W,YJL074C,0,1.5390768,0.13077415525913239,0.9462962746620178,0.6847782135009766
YHR109W,YDR207C,0,1.5389589,0.1307574212551117,0.9462962746620178,0.6848790049552917
YOR173W,YOL115W,0,1.538899,0.130740687251091,0.9462962746620178,0.6849798560142517
YDL069C,YHR135C,1,1.5385958,0.1308518797159195,0.9472222328186035,0.6849798560142517
YGL240W,YLR120C,0,1.538471,0.1308351457118988,0.9472222328186035,0.6850806474685669
YBL056W,YPL268W,0,1.538437,0.1308184117078781,0.9472222328186035,0.6851814389228821
YER018C,YBR258C,0,1.5382222,0.13080169260501862,0.9472222328186035,0.6852822303771973
YLR424W,YPR133C,0,1.5380533,0.13078495860099792,0.9472222328186035,0.6853830814361572
YPR181C,YLR418C,0,1.5374483,0.13076825439929962,0.9472222328186035,0.6854838728904724
YJL056C,YCL027C-A,0,1.537238,0.13075153529644012,0.9472222328186035,0.6855846643447876
YNR074C,YJL062W,0,1.5371498,0.13073483109474182,0.9472222328186035,0.6856854557991028
YGR294W,YDL013W,0,1.5369006,0.13071811199188232,0.9472222328186035,0.6857863068580627
YMR100W,YER166W,0,1.5368954,0.13070142269134521,0.9472222328186035,0.6858870983123779
YHR035W,YLR436C,0,1.5366956,0.1306847184896469,0.9472222328186035,0.6859878897666931
YPL177C,YBR281C,0,1.5363778,0.1306680291891098,0.9472222328186035,0.6860886812210083
YOR240W,YDR332W,0,1.5356668,0.1306513398885727,0.9472222328186035,0.6861895322799683
YAR014C,YBR070C,0,1.5348175,0.13063465058803558,0.9472222328186035,0.6862903237342834
YNR056C,YCR072C,0,1.5345868,0.13061797618865967,0.9472222328186035,0.6863911151885986
YGR260W,YJL051W,0,1.5345646,0.13060130178928375,0.9472222328186035,0.6864919066429138
YJR117W,YCR038C,0,1.5344735,0.13058462738990784,0.9472222328186035,0.6865927577018738
YBR095C,YCR045C,0,1.5342435,0.13056796789169312,0.9472222328186035,0.686693549156189
YGL125W,YGL257C,0,1.5336082,0.1305513083934784,0.9472222328186035,0.6867943406105042
YLR426W,YPR152C,0,1.5328807,0.13053464889526367,0.9472222328186035,0.6868951320648193
YPR045C,YHR017W,0,1.5328118,0.13051798939704895,0.9472222328186035,0.6869959831237793
YJL103C,YJR126C,0,1.5328095,0.13050134479999542,0.9472222328186035,0.6870967745780945
YHL033C,YFR009W,0,1.5324146,0.1304847002029419,0.9472222328186035,0.6871975660324097
YLR385C,YBR220C,0,1.532066,0.13046805560588837,0.9472222328186035,0.6872983574867249
YPL206C,YFL027C,0,1.5319687,0.13045141100883484,0.9472222328186035,0.6873992085456848
YER087C-A,YMR233W,0,1.5311079,0.1304347813129425,0.9472222328186035,0.6875
YKL040C,YMR026C,0,1.5299456,0.13041815161705017,0.9472222328186035,0.6876007914543152
YNL181W,YHR214W,0,1.5295967,0.13040153682231903,0.9472222328186035,0.6877016425132751
YCR020W-B,YDL191W,0,1.5294999,0.1303849071264267,0.9472222328186035,0.6878024339675903
YPL139C,YDL075W,0,1.5290159,0.13036829233169556,0.9472222328186035,0.6879032254219055
YML013W,YPL115C,0,1.5289994,0.13035167753696442,0.9472222328186035,0.6880040168762207
YER005W,YEL069C,0,1.5289066,0.13033507764339447,0.9472222328186035,0.6881048679351807
YPL131W,YFR037C,0,1.5287513,0.13031847774982452,0.9472222328186035,0.6882056593894958
YER140W,YOR293W,0,1.5286547,0.13030187785625458,0.9472222328186035,0.688306450843811
YDR022C,YOR073W,0,1.5277774,0.13028527796268463,0.9472222328186035,0.6884072422981262
YBL005W-A,YNL306W,0,1.5274729,0.13026869297027588,0.9472222328186035,0.6885080933570862
YDR165W,YGR016W,0,1.525812,0.13025210797786713,0.9472222328186035,0.6886088848114014
YHR156C,YML123C,0,1.5257037,0.13023552298545837,0.9472222328186035,0.6887096762657166
YLR013W,YML047C,0,1.5254308,0.13021893799304962,0.9472222328186035,0.6888104677200317
YDR180W,YAR003W,0,1.5251493,0.13020236790180206,0.9472222328186035,0.6889113187789917
YJL103C,YFR026C,0,1.5250548,0.1301857978105545,0.9472222328186035,0.6890121102333069
YML071C,YML101C,0,1.5250158,0.13016922771930695,0.9472222328186035,0.6891129016876221
YGR271C-A,YMR265C,0,1.5246066,0.13015267252922058,0.9472222328186035,0.6892136931419373
YOR035C,YKL224C,0,1.5245985,0.13013611733913422,0.9472222328186035,0.6893145442008972
YLR247C,YOL052C-A,0,1.5242606,0.13011956214904785,0.9472222328186035,0.6894153356552124
YPL282C,YHR086W,0,1.5239085,0.1301030069589615,0.9472222328186035,0.6895161271095276
YGR106C,YPR046W,0,1.5237952,0.13008646667003632,0.9472222328186035,0.6896169185638428
YDL084W,YDL195W,0,1.5233849,0.13006992638111115,0.9472222328186035,0.6897177696228027
YMR008C,YJR060W,0,1.522496,0.13005340099334717,0.9472222328186035,0.6898185610771179
YDR365C,YKL138C,0,1.5214409,0.130036860704422,0.9472222328186035,0.6899193525314331
YPL208W,YDR022C,0,1.5213208,0.13002033531665802,0.9472222328186035,0.6900201439857483
YOR336W,YIL146C,0,1.5212837,0.13000380992889404,0.9472222328186035,0.6901209950447083
YKL152C,YDL113C,0,1.5211979,0.12998729944229126,0.9472222328186035,0.6902217864990234
YOR140W,YLR215C,0,1.5210131,0.12997077405452728,0.9472222328186035,0.6903225779533386
YEL069C,YCL038C,0,1.5207129,0.1299542635679245,0.9472222328186035,0.6904233694076538
YPR093C,YNR052C,0,1.520085,0.1299377679824829,0.9472222328186035,0.6905242204666138
YGR238C,YLL038C,0,1.5192679,0.12992125749588013,0.9472222328186035,0.690625011920929
YOL136C,YCR081W,0,1.519206,0.12990476191043854,0.9472222328186035,0.6907258033752441
YJL186W,YBR280C,0,1.5189835,0.12988826632499695,0.9472222328186035,0.6908265948295593
YGR233C,YDR292C,0,1.5173892,0.12987178564071655,0.9472222328186035,0.6909274458885193
YCL016C,YOL056W,0,1.5171741,0.12985529005527496,0.9472222328186035,0.6910282373428345
YJL034W,YLR105C,0,1.516861,0.12983880937099457,0.9472222328186035,0.6911290287971497
YPL096C-A,YIL052C,0,1.5165075,0.12982232868671417,0.9472222328186035,0.6912298202514648
YPL012W,YOR221C,0,1.5161175,0.12980586290359497,0.9472222328186035,0.6913306713104248
YOR023C,YPR041W,0,1.5160717,0.12978939712047577,0.9472222328186035,0.69143146276474
YPR185W,YJL160C,0,1.5159092,0.12977293133735657,0.9472222328186035,0.6915322542190552
YOR116C,YKR098C,0,1.5143178,0.12975646555423737,0.9472222328186035,0.6916330456733704
YDR081C,YCR101C,0,1.5138372,0.12974001467227936,0.9472222328186035,0.6917338967323303
YJR117W,YNL145W,0,1.5137762,0.12972356379032135,0.9472222328186035,0.6918346881866455
YNL126W,YBR126C,0,1.5136722,0.12970711290836334,0.9472222328186035,0.6919354796409607
YLR085C,YMR083W,0,1.5136594,0.12969066202640533,0.9472222328186035,0.6920362710952759
YGR288W,YDR252W,0,1.51358,0.12967422604560852,0.9472222328186035,0.6921371221542358
YJL058C,YNL327W,0,1.5135034,0.1296577900648117,0.9472222328186035,0.692237913608551
YHR058C,YBR233W-A,0,1.512488,0.1296413689851761,0.9472222328186035,0.6923387050628662
YDR062W,YCR020W-B,0,1.5117313,0.12962493300437927,0.9472222328186035,0.6924394965171814
YDR350C,YLR433C,0,1.5105708,0.12960851192474365,0.9472222328186035,0.6925403475761414
YBR201W,YIL019W,0,1.5101604,0.12959209084510803,0.9472222328186035,0.6926411390304565
YGL079W,YDR207C,0,1.5099555,0.1295756846666336,0.9472222328186035,0.6927419304847717
YPL138C,YKL135C,0,1.50972,0.12955926358699799,0.9472222328186035,0.6928427219390869
YLL026W,YLR053C,0,1.5093911,0.12954285740852356,0.9472222328186035,0.6929435729980469
YOL136C,YIL052C,0,1.508924,0.12952646613121033,0.9472222328186035,0.6930443644523621
YER051W,YJR006W,0,1.5087036,0.1295100599527359,0.9472222328186035,0.6931451559066772
YLR318W,YIL137C,0,1.5084927,0.12949366867542267,0.9472222328186035,0.6932459473609924
YEL056W,YIL124W,0,1.5076061,0.12947727739810944,0.9472222328186035,0.6933467984199524
YLR318W,YCR069W,0,1.5071996,0.1294609010219574,0.9472222328186035,0.6934475898742676
YDR363W,YFL025C,0,1.5067533,0.12944450974464417,0.9472222328186035,0.6935483813285828
YNL258C,YNL131W,0,1.5063763,0.12942813336849213,0.9472222328186035,0.693649172782898
YOR163W,YDL013W,0,1.5062002,0.12941177189350128,0.9472222328186035,0.6937500238418579
YNL154C,YOL030W,0,1.5057026,0.12939539551734924,0.9472222328186035,0.6938508152961731
YIL135C,YHR086W,0,1.5045644,0.1293790340423584,0.9472222328186035,0.6939516067504883
YMR098C,YNL027W,0,1.5039006,0.12936267256736755,0.9472222328186035,0.6940523982048035
YPL060W,YOR211C,1,1.5038794,0.1294727474451065,0.9481481313705444,0.6940523982048035
YPR185W,YGL033W,0,1.5038594,0.12945638597011566,0.9481481313705444,0.6941532492637634
YPL228W,YJL222W,0,1.5035921,0.12944002449512482,0.9481481313705444,0.6942540407180786
YHL033C,YDL075W,0,1.5033096,0.12942366302013397,0.9481481313705444,0.6943548321723938
YAR002C-A,YOR341W,0,1.5029145,0.12940730154514313,0.9481481313705444,0.694455623626709
YGR095C,YKL152C,0,1.501934,0.12939095497131348,0.9481481313705444,0.694556474685669
YER060W,YDR257C,0,1.5013219,0.12937460839748383,0.9481481313705444,0.6946572661399841
YFL016C,YDR485C,0,1.5011917,0.12935826182365417,0.9481481313705444,0.6947580575942993
YOL115W,YER074W-A,0,1.5009092,0.12934191524982452,0.9481481313705444,0.6948588490486145
YDR500C,YFL011W-A,0,1.5004362,0.12932558357715607,0.9481481313705444,0.6949597001075745
YKR056W,YDR200C,0,1.4998981,0.1293092519044876,0.9481481313705444,0.6950604915618896
YGL066W,YKR020W,0,1.4996991,0.12929293513298035,0.9481481313705444,0.6951612830162048
YJL010C,YGR071C,0,1.4995593,0.1292766034603119,0.9481481313705444,0.69526207447052
YER040W,YGL048C,0,1.4990965,0.12926028668880463,0.9481481313705444,0.69536292552948
YOR030W,YDR297W,0,1.4989877,0.12924396991729736,0.9481481313705444,0.6954637169837952
YOR168W,YHR143W,0,1.4983785,0.1292276680469513,0.9481481313705444,0.6955645084381104
YER096W,YCR038C,0,1.4977943,0.12921135127544403,0.9481481313705444,0.6956652998924255
YFR042W,YPL052W-A,0,1.4977615,0.12919504940509796,0.9481481313705444,0.6957661509513855
YKL096W,YPR187W,0,1.4977541,0.12917876243591309,0.9481481313705444,0.6958669424057007
YLR020C,YBR074W,0,1.4962739,0.12916246056556702,0.9481481313705444,0.6959677338600159
YEL056W,YJR046W,0,1.4960272,0.12914617359638214,0.9481481313705444,0.696068525314331
YOR320C,YLR398C,0,1.4957213,0.12912988662719727,0.9481481313705444,0.696169376373291
YER142C,YLL005C,0,1.4954027,0.1291135996580124,0.9481481313705444,0.6962701678276062
YHR035W,YOR046C,0,1.4945132,0.1290973275899887,0.9481481313705444,0.6963709592819214
YER017C,YJL062W,0,1.4942492,0.12908105552196503,0.9481481313705444,0.6964717507362366
YMR135C,YPL193W,0,1.4941742,0.12906478345394135,0.9481481313705444,0.6965726017951965
YOR088W,YGR135W,0,1.4941715,0.12904852628707886,0.9481481313705444,0.6966733932495117
YNL201C,YNR019W,0,1.4939146,0.12903225421905518,0.9481481313705444,0.6967741847038269
YLR440C,YMR037C,0,1.4933348,0.1290159970521927,0.9481481313705444,0.6968749761581421
YOR320C,YFL009W,0,1.4931723,0.1289997547864914,0.9481481313705444,0.696975827217102
YLR380W,YLR185W,0,1.4929184,0.1289834976196289,0.9481481313705444,0.6970766186714172
YJL076W,YDL048C,0,1.4922177,0.1289672553539276,0.9481481313705444,0.6971774101257324
YDL145C,YGL122C,0,1.4921292,0.12895101308822632,0.9481481313705444,0.6972782015800476
YDR118W,YDL054C,0,1.4919173,0.12893477082252502,0.9481481313705444,0.6973790526390076
YJR111C,YBL013W,0,1.4917668,0.12891854345798492,0.9481481313705444,0.6974798440933228
YLR398C,YIL043C,0,1.491656,0.12890231609344482,0.9481481313705444,0.6975806355476379
YMR118C,YPR002W,1,1.4914459,0.12901195883750916,0.9490740895271301,0.6975806355476379
YML043C,YDR252W,0,1.4902467,0.12899571657180786,0.9490740895271301,0.6976814270019531
YOL064C,YMR218C,0,1.4900663,0.12897948920726776,0.9490740895271301,0.6977822780609131
YER039C,YDR457W,0,1.4888848,0.12896326184272766,0.9490740895271301,0.6978830695152283
YKL194C,YDR386W,0,1.488602,0.12894703447818756,0.9490740895271301,0.6979838609695435
YJR067C,YOR066W,0,1.4885678,0.12893082201480865,0.9490740895271301,0.6980846524238586
YHR178W,YOR071C,0,1.4884608,0.12891459465026855,0.9490740895271301,0.6981855034828186
YGL059W,YPR111W,0,1.4881631,0.12889839708805084,0.9490740895271301,0.6982862949371338
YNL298W,YDR122W,0,1.4876814,0.12888218462467194,0.9490740895271301,0.698387086391449
YAL038W,YJL101C,0,1.4874824,0.12886597216129303,0.9490740895271301,0.6984878778457642
YBL013W,YBR070C,0,1.4871035,0.12884977459907532,0.9490740895271301,0.6985887289047241
YDR195W,YDR512C,0,1.4860328,0.1288335919380188,0.9490740895271301,0.6986895203590393
YDR332W,YBR169C,0,1.4859413,0.1288173943758011,0.9490740895271301,0.6987903118133545
YBL040C,YLR336C,0,1.4855634,0.12880121171474457,0.9490740895271301,0.6988911032676697
YPR111W,YPL275W,0,1.4853345,0.12878502905368805,0.9490740895271301,0.6989919543266296
YLL038C,YML047C,0,1.4852264,0.12876884639263153,0.9490740895271301,0.6990927457809448
YMR165C,YLR407W,0,1.4837421,0.128752663731575,0.9490740895271301,0.69919353723526
YNR054C,YGR084C,0,1.4832982,0.1287364959716797,0.9490740895271301,0.6992943286895752
YDR292C,YBR170C,0,1.4832832,0.12872032821178436,0.9490740895271301,0.6993951797485352
YFL038C,YLR315W,0,1.4827147,0.12870417535305023,0.9490740895271301,0.6994959712028503
YLR259C,YDR523C,0,1.4824381,0.1286880075931549,0.9490740895271301,0.6995967626571655
YNR007C,YNL222W,0,1.4821533,0.12867185473442078,0.9490740895271301,0.6996975541114807
YBL040C,YJL051W,0,1.4810209,0.12865570187568665,0.9490740895271301,0.6997984051704407
YLR088W,YGR071C,0,1.4808599,0.1286395639181137,0.9490740895271301,0.6998991966247559
YGL038C,YML103C,0,1.4798301,0.12862341105937958,0.9490740895271301,0.699999988079071
YHR193C,YKL104C,0,1.4797629,0.12860727310180664,0.9490740895271301,0.7001007795333862
YOR033C,YJL059W,0,1.4791746,0.1285911500453949,0.9490740895271301,0.7002016305923462
YIL097W,YAL067C,0,1.4791516,0.12857501208782196,0.9490740895271301,0.7003024220466614
YPR137W,YDR472W,0,1.4783732,0.12855888903141022,0.9490740895271301,0.7004032135009766
YLL051C,YMR301C,0,1.4783368,0.12854276597499847,0.9490740895271301,0.7005040049552917
YJL058C,YOR237W,0,1.4774243,0.12852664291858673,0.9490740895271301,0.7006048560142517
YDR301W,YOR178C,0,1.4769968,0.12851053476333618,0.9490740895271301,0.7007056474685669
YDR288W,YNL251C,0,1.4766635,0.12849442660808563,0.9490740895271301,0.7008064389228821
YAR050W,YBR281C,0,1.4764587,0.12847831845283508,0.9490740895271301,0.7009072303771973
YGL254W,YMR319C,0,1.475755,0.12846221029758453,0.9490740895271301,0.7010080814361572
YOR085W,YDL209C,0,1.4753205,0.12844611704349518,0.9490740895271301,0.7011088728904724
YLR330W,YER014W,0,1.4747143,0.12843002378940582,0.9490740895271301,0.7012096643447876
YLR197W,YKR019C,0,1.4743947,0.12841393053531647,0.9490740895271301,0.7013104557991028
YGR274C,YGR112W,0,1.4738723,0.1283978521823883,0.9490740895271301,0.7014113068580627
YER038C,YGR088W,0,1.4737445,0.12838175892829895,0.9490740895271301,0.7015120983123779
YDR200C,YHR193C,0,1.4736794,0.1283656805753708,0.9490740895271301,0.7016128897666931
YOR163W,YDR221W,0,1.4731656,0.12834961712360382,0.9490740895271301,0.7017136812210083
YOR322C,YLR258W,0,1.471967,0.12833353877067566,0.9490740895271301,0.7018145322799683
YMR117C,YPR166C,0,1.4718306,0.1283174753189087,0.9490740895271301,0.7019153237342834
YDL216C,YHR037W,0,1.4717023,0.12830141186714172,0.9490740895271301,0.7020161151885986
YMR061W,YCR075C,0,1.4715276,0.12828536331653595,0.9490740895271301,0.7021169066429138
YPL064C,YDR022C,0,1.470483,0.12826929986476898,0.9490740895271301,0.7022177577018738
YJR141W,YDR459C,0,1.4702383,0.1282532513141632,0.9490740895271301,0.702318549156189
YKR007W,YPL209C,0,1.4701294,0.12823720276355743,0.9490740895271301,0.7024193406105042
YHR044C,YDR304C,0,1.4689001,0.12822116911411285,0.9490740895271301,0.7025201320648193
YLR224W,YER124C,0,1.4685621,0.12820513546466827,0.9490740895271301,0.7026209831237793
YDR288W,YDR163W,0,1.4684252,0.1281891018152237,0.9490740895271301,0.7027217745780945
YGL044C,YFL009W,0,1.4683644,0.1281730681657791,0.9490740895271301,0.7028225660324097
YPL177C,YGL232W,0,1.4682239,0.12815703451633453,0.9490740895271301,0.7029233574867249
YBR297W,YFL009W,0,1.4671317,0.12814101576805115,0.9490740895271301,0.7030242085456848
YLR131C,YMR018W,0,1.4670919,0.12812499701976776,0.9490740895271301,0.703125
YBL063W,YGL079W,0,1.4659715,0.12810899317264557,0.9490740895271301,0.7032257914543152
YLL023C,YDR030C,0,1.4649998,0.12809297442436218,0.9490740895271301,0.7033266425132751
YNL201C,YHR198C,0,1.4647228,0.12807697057724,0.9490740895271301,0.7034274339675903
YER033C,YPR097W,0,1.4645389,0.1280609667301178,0.9490740895271301,0.7035282254219055
YLR197W,YDL190C,0,1.464159,0.1280449777841568,0.9490740895271301,0.7036290168762207
YDL190C,YEL056W,0,1.4638821,0.1280289739370346,0.9490740895271301,0.7037298679351807
YGR220C,YMR288W,0,1.4627291,0.1280129849910736,0.9490740895271301,0.7038306593894958
YMR109W,YOR258W,0,1.462597,0.1279969960451126,0.9490740895271301,0.703931450843811
YLR234W,YBR016W,0,1.4624223,0.1279810220003128,0.9490740895271301,0.7040322422981262
YAR050W,YDR306C,0,1.4615608,0.127965047955513,0.9490740895271301,0.7041330933570862
YGL046W,YHR075C,0,1.4613353,0.1279490739107132,0.9490740895271301,0.7042338848114014
YOR240W,YPR065W,0,1.4611408,0.1279330998659134,0.9490740895271301,0.7043346762657166
YKL125W,YOL162W,0,1.4610898,0.12791714072227478,0.9490740895271301,0.7044354677200317
YOR311C,YLR315W,0,1.4604913,0.12790116667747498,0.9490740895271301,0.7045363187789917
YOR265W,YOR046C,0,1.459819,0.12788522243499756,0.9490740895271301,0.7046371102333069
YGL142C,YAR003W,0,1.4597708,0.12786926329135895,0.9490740895271301,0.7047379016876221
YDR294C,YJR007W,0,1.4589206,0.12785331904888153,0.9490740895271301,0.7048386931419373
YOL055C,YHR178W,0,1.4583462,0.12783735990524292,0.9490740895271301,0.7049395442008972
YDL072C,YDR386W,0,1.4583288,0.1278214305639267,0.9490740895271301,0.7050403356552124
YNL088W,YGL194C,0,1.4581245,0.12780548632144928,0.9490740895271301,0.7051411271095276
YDL168W,YBR155W,0,1.4573271,0.12778955698013306,0.9490740895271301,0.7052419185638428
YDL100C,YAL026C,0,1.4568709,0.12777362763881683,0.9490740895271301,0.7053427696228027
YFL025C,YDR207C,0,1.4561155,0.1277576982975006,0.9490740895271301,0.7054435610771179
YGL038C,YDR503C,0,1.4554142,0.1277417689561844,0.9490740895271301,0.7055443525314331
YER174C,YLR396C,0,1.454777,0.12772585451602936,0.9490740895271301,0.7056451439857483
YOR151C,YOR258W,0,1.4545454,0.12770994007587433,0.9490740895271301,0.7057459950447083
YLR017W,YOR250C,0,1.4543434,0.1276940256357193,0.9490740895271301,0.7058467864990234
YPR083W,YML103C,0,1.453291,0.12767812609672546,0.9490740895271301,0.7059475779533386
YCR081W,YHR059W,0,1.4527854,0.12766222655773163,0.9490740895271301,0.7060483694076538
YOL136C,YLR215C,0,1.4524606,0.1276463270187378,0.9490740895271301,0.7061492204666138
YPR072W,YOR327C,0,1.4513596,0.12763042747974396,0.9490740895271301,0.706250011920929
YOR265W,YGL050W,0,1.4513124,0.12761454284191132,0.9490740895271301,0.7063508033752441
YMR078C,YPL072W,0,1.4513057,0.12759865820407867,0.9490740895271301,0.7064515948295593
YDL190C,YPR162C,0,1.4506699,0.12758277356624603,0.9490740895271301,0.7065524458885193
YOR261C,YMR168C,0,1.4505537,0.1275668889284134,0.9490740895271301,0.7066532373428345
YPR133C,YGR220C,0,1.4504142,0.12755101919174194,0.9490740895271301,0.7067540287971497
YBL007C,YDR472W,0,1.4494351,0.1275351494550705,0.9490740895271301,0.7068548202514648
YLR126C,YAR018C,0,1.4479988,0.12751927971839905,0.9490740895271301,0.7069556713104248
YGL038C,YJR041C,0,1.4477353,0.1275034248828888,0.9490740895271301,0.70705646276474
YOR116C,YDR504C,0,1.4476385,0.12748755514621735,0.9490740895271301,0.7071572542190552
YMR165C,YDR495C,0,1.4466516,0.1274717003107071,0.9490740895271301,0.7072580456733704
YDR118W,YFR039C,0,1.446469,0.12745586037635803,0.9490740895271301,0.7073588967323303
YGR154C,YMR319C,0,1.4461827,0.12744000554084778,0.9490740895271301,0.7074596881866455
YNL063W,YPR204W,0,1.4458857,0.12742416560649872,0.9490740895271301,0.7075604796409607
YKL203C,YOR257W,0,1.4458838,0.12740832567214966,0.9490740895271301,0.7076612710952759
YER041W,YDR150W,0,1.4454759,0.1273924857378006,0.9490740895271301,0.7077621221542358
YLR330W,YNL186W,0,1.4429659,0.12737666070461273,0.9490740895271301,0.707862913608551
YGR189C,YPL243W,0,1.4429213,0.12736083567142487,0.9490740895271301,0.7079637050628662
YBR042C,YNR054C,0,1.4422692,0.127345010638237,0.9490740895271301,0.7080644965171814
YDR490C,YJL153C,0,1.4421791,0.12732918560504913,0.9490740895271301,0.7081653475761414
YLR286C,YFL034C-B,0,1.4413368,0.12731337547302246,0.9490740895271301,0.7082661390304565
YBL101C,YHR203C,0,1.4411858,0.1272975653409958,0.9490740895271301,0.7083669304847717
YOR240W,YDR365C,0,1.4408711,0.12728175520896912,0.9490740895271301,0.7084677219390869
YNL131W,YOR154W,0,1.440847,0.12726595997810364,0.9490740895271301,0.7085685729980469
YLL012W,YPL193W,0,1.4394559,0.12725014984607697,0.9490740895271301,0.7086693644523621
YMR219W,YAR018C,0,1.4389704,0.1272343546152115,0.9490740895271301,0.7087701559066772
YFL038C,YAL061W,0,1.4389026,0.1272185742855072,0.9490740895271301,0.7088709473609924
YCR058C,YOR293W,0,1.4382653,0.12720277905464172,0.9490740895271301,0.7089717984199524
YBR083W,YLR399C,0,1.4378108,0.12718699872493744,0.9490740895271301,0.7090725898742676
YLR367W,YPL281C,0,1.43751,0.12717121839523315,0.9490740895271301,0.7091733813285828
YPR045C,YNL014W,0,1.4365927,0.12715543806552887,0.9490740895271301,0.709274172782898
YBR192W,YOL120C,0,1.4346875,0.12713967263698578,0.9490740895271301,0.7093750238418579
YOR306C,YNL059C,0,1.4338434,0.1271238923072815,0.9490740895271301,0.7094758152961731
YER105C,YNL217W,0,1.4338208,0.1271081417798996,0.9490740895271301,0.7095766067504883
YNL242W,YNL088W,0,1.4338003,0.1270923763513565,0.9490740895271301,0.7096773982048035
YPR156C,YGL240W,0,1.4310884,0.12707661092281342,0.9490740895271301,0.7097782492637634
YGR074W,YDR419W,0,1.4304217,0.12706086039543152,0.9490740895271301,0.7098790407180786
YLR071C,YOL077W-A,0,1.4296597,0.12704510986804962,0.9490740895271301,0.7099798321723938
YER060W,YOR249C,0,1.4294672,0.12702937424182892,0.9490740895271301,0.710080623626709
YGR009C,YJR046W,0,1.4291447,0.12701362371444702,0.9490740895271301,0.710181474685669
YNL222W,YPL164C,0,1.4287769,0.12699788808822632,0.9490740895271301,0.7102822661399841
YHR178W,YMR026C,0,1.4283594,0.1269821673631668,0.9490740895271301,0.7103830575942993
YOR322C,YOR137C,0,1.4282514,0.1269664317369461,0.9490740895271301,0.7104838490486145
YDR025W,YLR040C,0,1.4280049,0.1269507110118866,0.9490740895271301,0.7105847001075745
YDL145C,YJR116W,0,1.4278623,0.1269349902868271,0.9490740895271301,0.7106854915618896
YLL050C,YLL005C,0,1.4275415,0.12691926956176758,0.9490740895271301,0.7107862830162048
YCL050C,YHR088W,0,1.427327,0.12690354883670807,0.9490740895271301,0.71088707447052
YPL190C,YDL222C,0,1.4265383,0.12688784301280975,0.9490740895271301,0.71098792552948
YIL008W,YBR196C,0,1.426037,0.12687213718891144,0.9490740895271301,0.7110887169837952
YER074W,YJR046W,0,1.425951,0.12685643136501312,0.9490740895271301,0.7111895084381104
YDR086C,YLR092W,0,1.4258742,0.126840740442276,0.9490740895271301,0.7112902998924255
YOR322C,YOR071C,0,1.4257884,0.12682504951953888,0.9490740895271301,0.7113911509513855
YBR152W,YDR150W,0,1.425661,0.12680935859680176,0.9490740895271301,0.7114919424057007
YDL231C,YLR017W,0,1.4252491,0.12679366767406464,0.9490740895271301,0.7115927338600159
YPL194W,YGR169C,0,1.4251609,0.12677797675132751,0.9490740895271301,0.711693525314331
YCL058W-A,YBR286W,0,1.4248959,0.1267623007297516,0.9490740895271301,0.711794376373291
YNL242W,YDR419W,0,1.4248483,0.12674662470817566,0.9490740895271301,0.7118951678276062
YPR156C,YKR067W,0,1.4247876,0.12673096358776093,0.9490740895271301,0.7119959592819214
YPL097W,YHL022C,0,1.4244659,0.126715287566185,0.9490740895271301,0.7120967507362366
YNR074C,YDR180W,0,1.424308,0.12669962644577026,0.9490740895271301,0.7121976017951965
YHR111W,YBL063W,0,1.4238952,0.12668396532535553,0.9490740895271301,0.7122983932495117
YEL047C,YHR143W,0,1.4237707,0.126668319106102,0.9490740895271301,0.7123991847038269
YGL090W,YOL162W,0,1.4236025,0.12665265798568726,0.9490740895271301,0.7124999761581421
YGR065C,YGR187C,0,1.4235096,0.12663701176643372,0.9490740895271301,0.712600827217102
YLR234W,YOR224C,0,1.4232098,0.12662136554718018,0.9490740895271301,0.7127016186714172
YHR150W,YOR137C,0,1.421253,0.12660573422908783,0.9490740895271301,0.7128024101257324
YOR071C,YDR207C,0,1.4209844,0.1265900880098343,0.9490740895271301,0.7129032015800476
YLR067C,YGR192C,0,1.42063,0.12657445669174194,0.9490740895271301,0.7130040526390076
YFL038C,YLR206W,0,1.420358,0.1265588402748108,0.9490740895271301,0.7131048440933228
YMR110C,YPR095C,0,1.4202737,0.12654320895671844,0.9490740895271301,0.7132056355476379
YML133C,YFR037C,0,1.4201744,0.1265275925397873,0.9490740895271301,0.7133064270019531
YGL044C,YJL080C,0,1.4195352,0.12651197612285614,0.9490740895271301,0.7134072780609131
YML115C,YOR101W,0,1.4195155,0.126496359705925,0.9490740895271301,0.7135080695152283
YPL115C,YBR196C,0,1.4192681,0.12648074328899384,0.9490740895271301,0.7136088609695435
YPL138C,YML012W,0,1.4190899,0.12646514177322388,0.9490740895271301,0.7137096524238586
YGL181W,YJR106W,0,1.4189799,0.12644954025745392,0.9490740895271301,0.7138105034828186
YPL268W,YBR170C,0,1.4181844,0.12643393874168396,0.9490740895271301,0.7139112949371338
YNL049C,YJL085W,0,1.4181818,0.1264183521270752,0.9490740895271301,0.714012086391449
YOR201C,YDR320C,0,1.4171716,0.12640276551246643,0.9490740895271301,0.7141128778457642
YBR061C,YNL186W,0,1.4163073,0.12638717889785767,0.9490740895271301,0.7142137289047241
YPR045C,YJR006W,0,1.4152936,0.1263715922832489,0.9490740895271301,0.7143145203590393
YLR320W,YLR265C,0,1.4150038,0.12635602056980133,0.9490740895271301,0.7144153118133545
YAR014C,YJL091C,0,1.414674,0.12634043395519257,0.9490740895271301,0.7145161032676697
YLR361C,YGR070W,0,1.4145261,0.1263248771429062,0.9490740895271301,0.7146169543266296
YLR401C,YNL310C,0,1.413974,0.12630930542945862,0.9490740895271301,0.7147177457809448
YHR056C,YPR118W,0,1.4139544,0.12629373371601105,0.9490740895271301,0.71481853723526
YLR172C,YLR013W,0,1.4134988,0.12627817690372467,0.9490740895271301,0.7149193286895752
YPR133C,YHR150W,0,1.4131395,0.1262626200914383,0.9490740895271301,0.7150201797485352
YPL264C,YPL275W,0,1.4129164,0.1262470781803131,0.9490740895271301,0.7151209712028503
YPR061C,YER190W,0,1.4108249,0.12623152136802673,0.9490740895271301,0.7152217626571655
YHR044C,YLR399C,0,1.4106971,0.12621597945690155,0.9490740895271301,0.7153225541114807
YPL234C,YOR033C,0,1.410613,0.12620043754577637,0.9490740895271301,0.7154234051704407
YBL066C,YMR288W,0,1.4103299,0.12618491053581238,0.9490740895271301,0.7155241966247559
YCR058C,YMR058W,0,1.4102198,0.1261693686246872,0.9490740895271301,0.715624988079071
YLR253W,YDR185C,1,1.4096793,0.1262769252061844,0.949999988079071,0.715624988079071
YKL212W,YGL076C,0,1.4091712,0.1262613832950592,0.949999988079071,0.7157257795333862
YPL167C,YDL021W,0,1.4086677,0.12624584138393402,0.949999988079071,0.7158266305923462
YDR523C,YOL056W,0,1.4082031,0.12623031437397003,0.949999988079071,0.7159274220466614
YDL069C,YHR083W,1,1.4081906,0.12633779644966125,0.9509259462356567,0.7159274220466614
YEL047C,YMR037C,0,1.4080108,0.12632226943969727,0.9509259462356567,0.7160282135009766
YDR066C,YKL077W,0,1.4067377,0.12630672752857208,0.9509259462356567,0.7161290049552917
YFR024C-A,YNL059C,0,1.4060904,0.1262912005186081,0.9509259462356567,0.7162298560142517
YFR005C,YNR074C,0,1.4059364,0.1262756735086441,0.9509259462356567,0.7163306474685669
YML049C,YPR093C,0,1.4051661,0.12626014649868011,0.9509259462356567,0.7164314389228821
YNR020C,YNL187W,0,1.4048278,0.12624461948871613,0.9509259462356567,0.7165322303771973
YGR095C,YGR071C,0,1.4030148,0.12622910737991333,0.9509259462356567,0.7166330814361572
YOR341W,YMR047C,0,1.4030038,0.12621359527111053,0.9509259462356567,0.7167338728904724
YLR431C,YCR060W,0,1.4010717,0.12619808316230774,0.9509259462356567,0.7168346643447876
YBR201W,YDR287W,0,1.4010063,0.12618257105350494,0.9509259462356567,0.7169354557991028
YOL042W,YBR213W,0,1.4007493,0.12616707384586334,0.9509259462356567,0.7170363068580627
YLR293C,YLR017W,0,1.400138,0.12615157663822174,0.9509259462356567,0.7171370983123779
YPR107C,YMR033W,0,1.3994933,0.12613607943058014,0.9509259462356567,0.7172378897666931
YNR049C,YDL216C,0,1.399032,0.12612059712409973,0.9509259462356567,0.7173386812210083
YBR234C,YPL243W,0,1.3974777,0.12610511481761932,0.9509259462356567,0.7174395322799683
YIL124W,YPL048W,0,1.3970417,0.12608963251113892,0.9509259462356567,0.7175403237342834
YJL210W,YGR133W,0,1.3966528,0.1260741502046585,0.9509259462356567,0.7176411151885986
YJL054W,YGL253W,1,1.3965561,0.12618142366409302,0.9518518447875977,0.7176411151885986
YIL063C,YLR324W,0,1.3963774,0.12616592645645142,0.9518518447875977,0.7177419066429138
YER051W,YOR293W,0,1.3961405,0.126150444149971,0.9518518447875977,0.7178427577018738
YOR306C,YNL083W,0,1.3957558,0.1261349767446518,0.9518518447875977,0.717943549156189
YGR156W,YHR150W,0,1.3955809,0.1261194944381714,0.9518518447875977,0.7180443406105042
YFR034C,YER060W,0,1.3950125,0.12610402703285217,0.9518518447875977,0.7181451320648193
YDR501W,YBR286W,0,1.3946111,0.12608855962753296,0.9518518447875977,0.7182459831237793
YDL126C,YGL232W,0,1.3946033,0.12607309222221375,0.9518518447875977,0.7183467745780945
YPL249C-A,YPR031W,0,1.394342,0.12605763971805573,0.9518518447875977,0.7184475660324097
YKL125W,YAL063C,0,1.393317,0.1260421723127365,0.9518518447875977,0.7185483574867249
YJL168C,YGL257C,0,1.3922576,0.1260267198085785,0.9518518447875977,0.7186492085456848
YOR322C,YJR054W,0,1.3920151,0.12601128220558167,0.9518518447875977,0.71875
YIL170W,YLL038C,0,1.3905162,0.12599582970142365,0.9518518447875977,0.7188507914543152
YPL024W,YBR213W,0,1.3904072,0.12598039209842682,0.9518518447875977,0.7189516425132751
YLR390W-A,YDR462W,0,1.3902112,0.12596495449543,0.9518518447875977,0.7190524339675903
YBR083W,YNL151C,0,1.3901242,0.12594951689243317,0.9518518447875977,0.7191532254219055
YNL251C,YDR419W,0,1.3900609,0.12593409419059753,0.9518518447875977,0.7192540168762207
YDR490C,YNR013C,0,1.3900096,0.1259186714887619,0.9518518447875977,0.7193548679351807
YOL052C,YGL054C,0,1.3888981,0.12590324878692627,0.9518518447875977,0.7194556593894958
YGR240C,YNR013C,0,1.3880332,0.12588782608509064,0.9518518447875977,0.719556450843811
YDL100C,YAL041W,0,1.3875291,0.1258724182844162,0.9518518447875977,0.7196572422981262
YLL051C,YLL026W,0,1.387316,0.12585699558258057,0.9518518447875977,0.7197580933570862
YJL023C,YBR133C,0,1.3872689,0.12584160268306732,0.9518518447875977,0.7198588848114014
YDR038C,YKL104C,0,1.3870898,0.12582619488239288,0.9518518447875977,0.7199596762657166
YIL008W,YHR124W,0,1.3870112,0.12581078708171844,0.9518518447875977,0.7200604677200317
YPL206C,YMR183C,0,1.3865865,0.1257953941822052,0.9518518447875977,0.7201613187789917
YLR324W,YGL050W,0,1.3862373,0.12578000128269196,0.9518518447875977,0.7202621102333069
YOR033C,YGR009C,0,1.3847145,0.1257646232843399,0.9518518447875977,0.7203629016876221
YDR091C,YDL195W,0,1.383957,0.12574923038482666,0.9518518447875977,0.7204636931419373
YDR404C,YGR135W,0,1.3823384,0.1257338523864746,0.9518518447875977,0.7205645442008972
YDL075W,YPL016W,0,1.3821996,0.12571847438812256,0.9518518447875977,0.7206653356552124
YMR298W,YML047C,0,1.3817877,0.1257031112909317,0.9518518447875977,0.7207661271095276
YOR035C,YKL045W,0,1.3815229,0.12568773329257965,0.9518518447875977,0.7208669185638428
YMR242C,YBR205W,0,1.3806194,0.1256723701953888,0.9518518447875977,0.7209677696228027
YMR286W,YGL044C,0,1.3805928,0.12565700709819794,0.9518518447875977,0.7210685610771179
YDL200C,YER114C,0,1.3805227,0.12564165890216827,0.9518518447875977,0.7211693525314331
YGR156W,YOR373W,0,1.3797175,0.12562629580497742,0.9518518447875977,0.7212701439857483
YNL092W,YKL224C,0,1.379705,0.12561094760894775,0.9518518447875977,0.7213709950447083
YCR060W,YJL156C,0,1.3787838,0.1255955994129181,0.9518518447875977,0.7214717864990234
YHR191C,YGR085C,0,1.377996,0.12558026611804962,0.9518518447875977,0.7215725779533386
YLR224W,YKL113C,0,1.3778481,0.12556491792201996,0.9518518447875977,0.7216733694076538
YNL222W,YBR248C,0,1.3777766,0.1255495846271515,0.9518518447875977,0.7217742204666138
YNR008W,YER185W,0,1.3777089,0.12553425133228302,0.9518518447875977,0.721875011920929
YLR216C,YNR072W,0,1.377693,0.12551893293857574,0.9518518447875977,0.7219758033752441
YOR168W,YNL294C,0,1.3769311,0.12550359964370728,0.9518518447875977,0.7220765948295593
YFR004W,YPR065W,0,1.3766006,0.12548828125,0.9518518447875977,0.7221774458885193
YPL209C,YKL135C,0,1.3757815,0.12547296285629272,0.9518518447875977,0.7222782373428345
YLR286C,YBR031W,0,1.3757529,0.12545765936374664,0.9518518447875977,0.7223790287971497
YGR187C,YHR063C,0,1.3753712,0.12544234097003937,0.9518518447875977,0.7224798202514648
YDR501W,YLR442C,0,1.3744603,0.1254270374774933,0.9518518447875977,0.7225806713104248
YGR106C,YGL079W,0,1.3744065,0.1254117339849472,0.9518518447875977,0.72268146276474
YKL010C,YOR061W,0,1.374349,0.12539644539356232,0.9518518447875977,0.7227822542190552
YNL327W,YMR277W,0,1.3733335,0.12538114190101624,0.9518518447875977,0.7228830456733704
YLR143W,YDR091C,0,1.3731779,0.12536585330963135,0.9518518447875977,0.7229838967323303
YPR118W,YDR365C,0,1.3731049,0.12535056471824646,0.9518518447875977,0.7230846881866455
YER017C,YDR495C,0,1.372617,0.12533529102802277,0.9518518447875977,0.7231854796409607
YIL097W,YGL201C,0,1.3721701,0.12532000243663788,0.9518518447875977,0.7232862710952759
YMR242C,YDR177W,0,1.370025,0.12530472874641418,0.9518518447875977,0.7233871221542358
YHR156C,YFR042W,0,1.3698988,0.1252894550561905,0.9518518447875977,0.723487913608551
YLR389C,YDL142C,0,1.3692092,0.125274196267128,0.9518518447875977,0.7235887050628662
YKL018W,YEL017C-A,0,1.3690836,0.1252589225769043,0.9518518447875977,0.7236894965171814
YLR389C,YMR009W,0,1.3687826,0.1252436637878418,0.9518518447875977,0.7237903475761414
YDL142C,YAL001C,0,1.3686591,0.1252284049987793,0.9518518447875977,0.7238911390304565
YJL160C,YOR373W,0,1.3674127,0.125213161110878,0.9518518447875977,0.7239919304847717
YKR067W,YDL056W,0,1.3671479,0.1251979023218155,0.9518518447875977,0.7240927219390869
YKL073W,YLR380W,0,1.3670232,0.12518265843391418,0.9518518447875977,0.7241935729980469
YNL154C,YLL005C,0,1.3668138,0.12516741454601288,0.9518518447875977,0.7242943644523621
YDR034C,YDR192C,0,1.3667458,0.12515218555927277,0.9518518447875977,0.7243951559066772
YIR032C,YLR357W,0,1.3660834,0.12513694167137146,0.9518518447875977,0.7244959473609924
YGR162W,YDL236W,0,1.3646277,0.12512171268463135,0.9518518447875977,0.7245967984199524
YIL135C,YDR090C,0,1.3636163,0.12510648369789124,0.9518518447875977,0.7246975898742676
YBR015C,YDL195W,0,1.3630497,0.12509126961231232,0.9518518447875977,0.7247983813285828
YGR158C,YKR056W,0,1.3625847,0.1250760406255722,0.9518518447875977,0.724899172782898
YJL183W,YMR018W,0,1.3624556,0.1250608265399933,0.9518518447875977,0.7250000238418579
YDL216C,YLR418C,0,1.3624309,0.12504561245441437,0.9518518447875977,0.7251008152961731
YPL089C,YLR017W,0,1.3621503,0.12503041326999664,0.9518518447875977,0.7252016067504883
YPL165C,YDR453C,0,1.3617488,0.12501519918441772,0.9518518447875977,0.7253023982048035
YMR276W,YBR170C,0,1.3613454,0.125,0.9518518447875977,0.7254032492637634
YHR056C,YHR143W-A,0,1.3609933,0.12498480081558228,0.9518518447875977,0.7255040407180786
YDR071C,YAL001C,0,1.3603941,0.12496960908174515,0.9518518447875977,0.7256048321723938
YPR041W,YDR495C,0,1.3601717,0.12495441734790802,0.9518518447875977,0.725705623626709
YAR014C,YNL251C,0,1.3595594,0.12493923306465149,0.9518518447875977,0.725806474685669
YAR003W,YLR368W,0,1.359533,0.12492404878139496,0.9518518447875977,0.7259072661399841
YPL042C,YER037W,0,1.3595198,0.12490887194871902,0.9518518447875977,0.7260080575942993
YPL175W,YMR083W,0,1.3592672,0.12489369511604309,0.9518518447875977,0.7261088490486145
YNL131W,YDL003W,0,1.3591554,0.12487852573394775,0.9518518447875977,0.7262097001075745
YJR060W,YLR398C,0,1.3589503,0.12486335635185242,0.9518518447875977,0.7263104915618896
YBR205W,YBR213W,0,1.3584064,0.12484818696975708,0.9518518447875977,0.7264112830162048
YLR309C,YIL135C,0,1.3577386,0.12483303248882294,0.9518518447875977,0.72651207447052
YNL145W,YDR284C,0,1.3576114,0.1248178705573082,0.9518518447875977,0.72661292552948
YOR116C,YIL114C,0,1.3569517,0.12480271607637405,0.9518518447875977,0.7267137169837952
YBR031W,YNL257C,0,1.3569194,0.12478756904602051,0.9518518447875977,0.7268145084381104
YKL089W,YER182W,0,1.356388,0.12477242201566696,0.9518518447875977,0.7269152998924255
YLR265C,YKR090W,0,1.3562309,0.12475728243589401,0.9518518447875977,0.7270161509513855
YJL186W,YLR305C,0,1.3559242,0.12474214285612106,0.9518518447875977,0.7271169424057007
YHR161C,YDR046C,0,1.3556182,0.12472701072692871,0.9518518447875977,0.7272177338600159
YOR377W,YOR258W,0,1.3551974,0.12471187859773636,0.9518518447875977,0.727318525314331
YDL116W,YOR137C,0,1.354931,0.124696746468544,0.9518518447875977,0.727419376373291
YJR007W,YDL010W,0,1.3542764,0.12468162178993225,0.9518518447875977,0.7275201678276062
YPL190C,YDL029W,0,1.3523476,0.12466650456190109,0.9518518447875977,0.7276209592819214
YNR072W,YHR075C,0,1.3514243,0.12465138733386993,0.9518518447875977,0.7277217507362366
YGR004W,YOR341W,0,1.3512256,0.12463627755641937,0.9518518447875977,0.7278226017951965
YOL158C,YER119C,0,1.3511369,0.12462116777896881,0.9518518447875977,0.7279233932495117
YDL126C,YPL138C,0,1.3502123,0.12460605800151825,0.9518518447875977,0.7280241847038269
YDL100C,YJR116W,0,1.3497984,0.12459095567464828,0.9518518447875977,0.7281249761581421
YMR168C,YNL255C,0,1.3495903,0.12457586079835892,0.9518518447875977,0.728225827217102
YOL064C,YDR034C,0,1.3492829,0.12456076592206955,0.9518518447875977,0.7283266186714172
YOR027W,YPL282C,0,1.3478764,0.12454567849636078,0.9518518447875977,0.7284274101257324
YDR363W,YDR474C,0,1.3472899,0.12453059107065201,0.9518518447875977,0.7285282015800476
YML021C,YDR066C,0,1.3465041,0.12451550364494324,0.9518518447875977,0.7286290526390076
YDR507C,YOL040C,0,1.3464195,0.12450042366981506,0.9518518447875977,0.7287298440933228
YDR507C,YLL039C,0,1.3463981,0.12448535114526749,0.9518518447875977,0.7288306355476379
YDR288W,YOR293W,0,1.3463094,0.12447027117013931,0.9518518447875977,0.7289314270019531
YFR019W,YER040W,0,1.3458241,0.12445520609617233,0.9518518447875977,0.7290322780609131
YOR306C,YDR507C,0,1.345482,0.12444014102220535,0.9518518447875977,0.7291330695152283
YKL018W,YML123C,0,1.3453537,0.12442507594823837,0.9518518447875977,0.7292338609695435
YIL137C,YPL031C,0,1.3448039,0.12441001832485199,0.9518518447875977,0.7293346524238586
YFL010W-A,YKR090W,0,1.3441771,0.1243949681520462,0.9518518447875977,0.7294355034828186
YCR047C,YFL027C,0,1.3434328,0.12437991797924042,0.9518518447875977,0.7295362949371338
YDL231C,YPR107C,0,1.3429526,0.12436486780643463,0.9518518447875977,0.729637086391449
YGL071W,YLR211C,0,1.34293,0.12434982508420944,0.9518518447875977,0.7297378778457642
YHR120W,YLR355C,0,1.34246,0.12433478236198425,0.9518518447875977,0.7298387289047241
YOR265W,YDL036C,0,1.3418591,0.12431974709033966,0.9518518447875977,0.7299395203590393
YLR309C,YMR071C,0,1.341823,0.12430471926927567,0.9518518447875977,0.7300403118133545
YLR061W,YNL298W,0,1.3408948,0.12428968399763107,0.9518518447875977,0.7301411032676697
YHR191C,YIR033W,0,1.3398789,0.12427466362714767,0.9518518447875977,0.7302419543266296
YDR419W,YCR004C,0,1.3377177,0.12425964325666428,0.9518518447875977,0.7303427457809448
YCL031C,YDR252W,0,1.3372785,0.12424462288618088,0.9518518447875977,0.73044353723526
YGL128C,YLR025W,0,1.337218,0.12422960996627808,0.9518518447875977,0.7305443286895752
YPL138C,YKL157W,0,1.336202,0.12421459704637527,0.9518518447875977,0.7306451797485352
YBR201W,YGR070W,0,1.3354508,0.12419959157705307,0.9518518447875977,0.7307459712028503
YLL019C,YLR350W,0,1.3344914,0.12418458610773087,0.9518518447875977,0.7308467626571655
YBR150C,YER017C,1,1.3342638,0.12429037690162659,0.9527778029441833,0.7308467626571655
YBL101C,YGL122C,0,1.3327848,0.12427536398172379,0.9527778029441833,0.7309475541114807
YHR056C,YLR136C,0,1.3325651,0.12426035851240158,0.9527778029441833,0.7310484051704407
YNL076W,YAL030W,0,1.3317385,0.12424535304307938,0.9527778029441833,0.7311491966247559
YGR194C,YJL165C,0,1.3312778,0.12423035502433777,0.9527778029441833,0.731249988079071
YER045C,YFL034C-B,0,1.3312286,0.12421535700559616,0.9527778029441833,0.7313507795333862
YDL059C,YLR216C,0,1.3310547,0.12420035898685455,0.9527778029441833,0.7314516305923462
YBR234C,YPL209C,0,1.3308171,0.12418537586927414,0.9527778029441833,0.7315524220466614
YJR060W,YCR055C,0,1.3306731,0.12417038530111313,0.9527778029441833,0.7316532135009766
YDR122W,YOR327C,0,1.3302333,0.12415540218353271,0.9527778029441833,0.7317540049552917
YMR288W,YOL026C,0,1.329388,0.1241404265165329,0.9527778029441833,0.7318548560142517
YAR031W,YDR257C,0,1.3293127,0.12412545084953308,0.9527778029441833,0.7319556474685669
YBL013W,YCR072C,0,1.3291636,0.12411048263311386,0.9527778029441833,0.7320564389228821
YLR407W,YDR134C,0,1.3283316,0.12409551441669464,0.9527778029441833,0.7321572303771973
YLL019C,YGR133W,0,1.3274739,0.12408054620027542,0.9527778029441833,0.7322580814361572
YML104C,YBR286W,0,1.3272991,0.1240655928850174,0.9527778029441833,0.7323588728904724
YDR125C,YMR134W,0,1.3272698,0.12405063211917877,0.9527778029441833,0.7324596643447876
YER174C,YLR206W,0,1.3266634,0.12403567880392075,0.9527778029441833,0.7325604557991028
YJR058C,YOR109W,0,1.326652,0.12402073293924332,0.9527778029441833,0.7326613068580627
YDR425W,YDR146C,0,1.325456,0.12400578707456589,0.9527778029441833,0.7327620983123779
YPR032W,YLR315W,0,1.3252813,0.12399084120988846,0.9527778029441833,0.7328628897666931
YJL012C,YGR027C,0,1.3252026,0.12397590279579163,0.9527778029441833,0.7329636812210083
YPL165C,YLR013W,0,1.3244559,0.12396097183227539,0.9527778029441833,0.7330645322799683
YLR061W,YAR002W,0,1.3241868,0.12394603341817856,0.9527778029441833,0.7331653237342834
YAR042W,YJL091C,0,1.3226806,0.12393110990524292,0.9527778029441833,0.7332661151885986
YKR056W,YLR248W,0,1.3224491,0.12391618639230728,0.9527778029441833,0.7333669066429138
YLR105C,YPL083C,1,1.3223343,0.12402167171239853,0.9537037014961243,0.7333669066429138
YBR154C,YDR410C,0,1.3220478,0.1240067407488823,0.9537037014961243,0.7334677577018738
YJR126C,YLR315W,0,1.3219756,0.12399181723594666,0.9537037014961243,0.733568549156189
YDR090C,YDR057W,0,1.3212928,0.12397688627243042,0.9537037014961243,0.7336693406105042
YHR056C,YHR072W,0,1.3205005,0.12396197021007538,0.9537037014961243,0.7337701320648193
YOL052C,YNL292W,0,1.320128,0.12394705414772034,0.9537037014961243,0.7338709831237793
YDR118W,YJR046W,0,1.3196548,0.1239321380853653,0.9537037014961243,0.7339717745780945
YHL033C,YMR233W,0,1.3190228,0.12391722947359085,0.9537037014961243,0.7340725660324097
YIL020C,YDR304C,0,1.3187331,0.1239023208618164,0.9537037014961243,0.7341733574867249
YOL082W,YKL224C,0,1.3182971,0.12388741970062256,0.9537037014961243,0.7342742085456848
YHR120W,YGL142C,0,1.3181132,0.12387251853942871,0.9537037014961243,0.734375
YBR244W,YML001W,1,1.3178116,0.12397787719964981,0.9546296000480652,0.734375
YKL173W,YML133C,0,1.3178014,0.12396296858787537,0.9546296000480652,0.7344757914543152
YLR172C,YLR072W,0,1.3174453,0.12394806742668152,0.9546296000480652,0.7345766425132751
YLR355C,YLR215C,0,1.3171924,0.12393316626548767,0.9546296000480652,0.7346774339675903
YPL098C,YDR125C,1,1.3168356,0.1240384578704834,0.9555555582046509,0.7346774339675903
YOR365C,YOR327C,0,1.316214,0.12402355670928955,0.9555555582046509,0.7347782254219055
YJL023C,YOR290C,0,1.3157443,0.1240086480975151,0.9555555582046509,0.7348790168762207
YDR025W,YGL125W,0,1.3156954,0.12399375438690186,0.9555555582046509,0.7349798679351807
YLL043W,YCR069W,0,1.3148541,0.12397885322570801,0.9555555582046509,0.7350806593894958
YER029C,YDR038C,0,1.314685,0.12396396696567535,0.9555555582046509,0.735181450843811
YJR117W,YMR276W,0,1.3140293,0.1239490732550621,0.9555555582046509,0.7352822422981262
YJL056C,YDR474C,0,1.313509,0.12393418699502945,0.9555555582046509,0.7353830933570862
YOR212W,YCR081W,0,1.3134445,0.12391930818557739,0.9555555582046509,0.7354838848114014
YLR330W,YNR008W,0,1.3120307,0.12390442937612534,0.9555555582046509,0.7355846762657166
YLR259C,YDR125C,1,1.3115005,0.12400960177183151,0.9564814567565918,0.7355846762657166
YLR219W,YDR332W,0,1.3108212,0.12399471551179886,0.9564814567565918,0.7356854677200317
YLR293C,YPL167C,0,1.3107743,0.1239798367023468,0.9564814567565918,0.7357863187789917
YPL023C,YNL088W,0,1.3099378,0.12396495789289474,0.9564814567565918,0.7358871102333069
YER005W,YMR301C,0,1.3097075,0.12395008653402328,0.9564814567565918,0.7359879016876221
YNR038W,YHR191C,0,1.3094863,0.12393521517515182,0.9564814567565918,0.7360886931419373
YFR026C,YDL013W,0,1.3094856,0.12392034381628036,0.9564814567565918,0.7361895442008972
YPL165C,YDR098C,0,1.3089794,0.1239054799079895,0.9564814567565918,0.7362903356552124
YDR536W,YGL254W,0,1.3079237,0.12389062345027924,0.9564814567565918,0.7363911271095276
YOR027W,YHR023W,0,1.3069769,0.12387576699256897,0.9564814567565918,0.7364919185638428
YAR002C-A,YDR212W,0,1.3064729,0.1238609105348587,0.9564814567565918,0.7365927696228027
YCL052C,YJL141C,0,1.3059787,0.12384606152772903,0.9564814567565918,0.7366935610771179
YDR350C,YDR118W,0,1.3059157,0.12383121252059937,0.9564814567565918,0.7367943525314331
YOR237W,YLR350W,0,1.3051379,0.12381637096405029,0.9564814567565918,0.7368951439857483
YHL017W,YNL217W,0,1.3050871,0.12380153685808182,0.9564814567565918,0.7369959950447083
YDR373W,YGL201C,0,1.3039501,0.12378669530153275,0.9564814567565918,0.7370967864990234
YLR435W,YLR248W,0,1.303628,0.12377186864614487,0.9564814567565918,0.7371975779533386
YDR021W,YGR135W,0,1.3035061,0.12375704199075699,0.9564814567565918,0.7372983694076538
YBR198C,YKL134C,0,1.3033746,0.12374221533536911,0.9564814567565918,0.7373992204666138
YML061C,YNL070W,1,1.3031689,0.12384716421365738,0.9574074149131775,0.7373992204666138
YPL138C,YMR230W,0,1.3031656,0.1238323375582695,0.9574074149131775,0.737500011920929
YDR419W,YDR284C,0,1.3027278,0.12381750345230103,0.9574074149131775,0.7376008033752441
YNR072W,YPR113W,0,1.3018354,0.12380268424749374,0.9574074149131775,0.7377015948295593
YBR070C,YOL077W-A,0,1.3013533,0.12378785759210587,0.9574074149131775,0.7378024458885193
YMR152W,YDR485C,0,1.3005077,0.12377304583787918,0.9574074149131775,0.7379032373428345
YPR156C,YBR155W,0,1.2992178,0.1237582266330719,0.9574074149131775,0.7380040287971497
YLR418C,YGR207C,0,1.2991766,0.12374341487884521,0.9574074149131775,0.7381048202514648
YJL153C,YMR037C,0,1.2986124,0.12372861057519913,0.9574074149131775,0.7382056713104248
YOR373W,YLR315W,0,1.2976936,0.12371380627155304,0.9574074149131775,0.73830646276474
YHR129C,YOR257W,0,1.2971443,0.12369900941848755,0.9574074149131775,0.7384072542190552
YHL028W,YJR046W,0,1.2970755,0.12368421256542206,0.9574074149131775,0.7385080456733704
YJR145C,YHR063C,0,1.2956067,0.12366941571235657,0.9574074149131775,0.7386088967323303
YHR117W,YML012W,0,1.2954713,0.12365462630987167,0.9574074149131775,0.7387096881866455
YKL020C,YMR306W,0,1.2954512,0.12363984435796738,0.9574074149131775,0.7388104796409607
YGR009C,YGL252C,0,1.2952231,0.12362506240606308,0.9574074149131775,0.7389112710952759
YMR058W,YPR171W,0,1.2950895,0.12361028045415878,0.9574074149131775,0.7390121221542358
YGL257C,YLR399C,0,1.2950811,0.12359550595283508,0.9574074149131775,0.739112913608551
YHR203C,YOR017W,0,1.294619,0.12358073145151138,0.9574074149131775,0.7392137050628662
YJL008C,YKL212W,0,1.2941906,0.12356596440076828,0.9574074149131775,0.7393144965171814
YDR092W,YKR020W,0,1.2940923,0.12355119735002518,0.9574074149131775,0.7394153475761414
YPL063W,YMR241W,1,1.2939593,0.12365591526031494,0.9583333134651184,0.7394153475761414
YGR085C,YLR067C,0,1.2933848,0.12364114075899124,0.9583333134651184,0.7395161390304565
YIL135C,YDL036C,0,1.2930542,0.12362637370824814,0.9583333134651184,0.7396169304847717
YNL117W,YLR176C,0,1.2921981,0.12361160665750504,0.9583333134651184,0.7397177219390869
YGL181W,YJR060W,0,1.2915236,0.12359684705734253,0.9583333134651184,0.7398185729980469
YOR019W,YBR170C,0,1.2912968,0.12358208745718002,0.9583333134651184,0.7399193644523621
YJL023C,YPR199C,0,1.2910463,0.12356733530759811,0.9583333134651184,0.7400201559066772
YLL004W,YGR238C,0,1.290947,0.1235525831580162,0.9583333134651184,0.7401209473609924
YEL063C,YKL119C,0,1.2905234,0.12353783845901489,0.9583333134651184,0.7402217984199524
YGR027C,YOL100W,0,1.2904409,0.12352309376001358,0.9583333134651184,0.7403225898742676
YCR038C,YBL056W,0,1.2900761,0.12350835651159286,0.9583333134651184,0.7404233813285828
YGR194C,YPL001W,0,1.2898911,0.12349361926317215,0.9583333134651184,0.740524172782898
YLL038C,YDR077W,0,1.289167,0.12347888201475143,0.9583333134651184,0.7406250238418579
YMR135C,YDR221W,0,1.2891207,0.12346415221691132,0.9583333134651184,0.7407258152961731
YMR079W,YML071C,0,1.2885641,0.1234494298696518,0.9583333134651184,0.7408266067504883
YML048W,YKR019C,0,1.2881784,0.12343470752239227,0.9583333134651184,0.7409273982048035
YPL281C,YNR006W,0,1.2878768,0.12341998517513275,0.9583333134651184,0.7410282492637634
YNL003C,YAL038W,0,1.2873063,0.12340527027845383,0.9583333134651184,0.7411290407180786
YML013W,YGR154C,0,1.2868263,0.1233905553817749,0.9583333134651184,0.7412298321723938
YLR308W,YNL181W,0,1.2859062,0.12337584793567657,0.9583333134651184,0.741330623626709
YER179W,YDL122W,0,1.2858038,0.12336114794015884,0.9583333134651184,0.741431474685669
YIL155C,YLR315W,0,1.2852682,0.12334644049406052,0.9583333134651184,0.7415322661399841
YOR320C,YDL116W,0,1.2848036,0.12333174794912338,0.9583333134651184,0.7416330575942993
YBR112C,YDR038C,0,1.2848018,0.12331704795360565,0.9583333134651184,0.7417338490486145
YER174C,YDR332W,0,1.283875,0.12330235540866852,0.9583333134651184,0.7418347001075745
YCR086W,YCL017C,0,1.2834419,0.12328767031431198,0.9583333134651184,0.7419354915618896
YNL169C,YMR277W,0,1.2831821,0.12327298521995544,0.9583333134651184,0.7420362830162048
YLR145W,YDR150W,0,1.2830361,0.1232583075761795,0.9583333134651184,0.74213707447052
YGL071W,YNL242W,0,1.28301,0.12324362993240356,0.9583333134651184,0.74223792552948
YER014W,YGL116W,0,1.2827914,0.12322895228862762,0.9583333134651184,0.7423387169837952
YJR060W,YLR147C,0,1.2825161,0.12321428209543228,0.9583333134651184,0.7424395084381104
YOL030W,YLR002C,0,1.2824659,0.12319961935281754,0.9583333134651184,0.7425402998924255
YNL298W,YDR371W,0,1.2822858,0.12318495661020279,0.9583333134651184,0.7426411509513855
YBL027W,YJL101C,0,1.2820836,0.12317029386758804,0.9583333134651184,0.7427419424057007
YMR201C,YIR032C,0,1.2789589,0.1231556385755539,0.9583333134651184,0.7428427338600159
YLR389C,YLL043W,0,1.2785897,0.12314099073410034,0.9583333134651184,0.742943525314331
YGR271C-A,YLR301W,0,1.2783928,0.12312633544206619,0.9583333134651184,0.743044376373291
YEL054C,YPL001W,0,1.2780141,0.12311169505119324,0.9583333134651184,0.7431451678276062
YKR072C,YDR057W,0,1.2779735,0.12309704720973969,0.9583333134651184,0.7432459592819214
YCL033C,YCR042C,0,1.2776018,0.12308241426944733,0.9583333134651184,0.7433467507362366
YGR256W,YER144C,0,1.2766501,0.12306777387857437,0.9583333134651184,0.7434476017951965
YJL058C,YKR067W,0,1.2761889,0.12305314838886261,0.9583333134651184,0.7435483932495117
YBR162C,YLR418C,0,1.2761215,0.12303851544857025,0.9583333134651184,0.7436491847038269
YLL038C,YMR032W,0,1.2726403,0.12302388995885849,0.9583333134651184,0.7437499761581421
YDR200C,YPL274W,0,1.2726215,0.12300927191972733,0.9583333134651184,0.743850827217102
YBR112C,YGL220W,0,1.2717417,0.12299465388059616,0.9583333134651184,0.7439516186714172
YAR031W,YLR131C,0,1.2716899,0.122980035841465,0.9583333134651184,0.7440524101257324
YPL210C,YML081W,0,1.2716278,0.12296542525291443,0.9583333134651184,0.7441532015800476
YDR531W,YMR078C,0,1.2708367,0.12295082211494446,0.9583333134651184,0.7442540526390076
YJL206C,YPL243W,0,1.2703981,0.12293621897697449,0.9583333134651184,0.7443548440933228
YLR206W,YDR452W,0,1.2697383,0.12292161583900452,0.9583333134651184,0.7444556355476379
YOR293W,YMR288W,0,1.2694889,0.12290702015161514,0.9583333134651184,0.7445564270019531
YAL055W,YGL113W,0,1.2693001,0.12289242446422577,0.9583333134651184,0.7446572780609131
YPR156C,YER145C,0,1.2678007,0.12287783622741699,0.9583333134651184,0.7447580695152283
YDL084W,YKL045W,0,1.267195,0.12286324799060822,0.9583333134651184,0.7448588609695435
YOR039W,YDR371W,0,1.2671933,0.12284866720438004,0.9583333134651184,0.7449596524238586
YDR092W,YNL162W,0,1.2670563,0.12283408641815186,0.9583333134651184,0.7450605034828186
YML064C,YCL062W,0,1.2666763,0.12281950563192368,0.9583333134651184,0.7451612949371338
YHR178W,YLR258W,0,1.2658035,0.12280493229627609,0.9583333134651184,0.745262086391449
YMR079W,YLR399C,0,1.2656221,0.1227903664112091,0.9583333134651184,0.7453628778457642
YER060W,YMR033W,0,1.2651532,0.12277580052614212,0.9583333134651184,0.7454637289047241
YGL044C,YIL107C,0,1.2624987,0.12276123464107513,0.9583333134651184,0.7455645203590393
YLL038C,YJR013W,0,1.2618246,0.12274667620658875,0.9583333134651184,0.7456653118133545
YOR237W,YPL177C,0,1.2607524,0.12273212522268295,0.9583333134651184,0.7457661032676697
YOR341W,YOL030W,0,1.2607486,0.12271757423877716,0.9583333134651184,0.7458669543266296
YER038C,YDR495C,0,1.2604082,0.12270302325487137,0.9583333134651184,0.7459677457809448
YOR249C,YOR224C,0,1.26022,0.12268847972154617,0.9583333134651184,0.74606853723526
YOL030W,YGR009C,0,1.2598925,0.12267393618822098,0.9583333134651184,0.7461693286895752
YDL059C,YJR006W,0,1.259606,0.12265940010547638,0.9583333134651184,0.7462701797485352
YLR206W,YGL252C,0,1.2591399,0.12264486402273178,0.9583333134651184,0.7463709712028503
YHR117W,YPL209C,0,1.2589281,0.12263033539056778,0.9583333134651184,0.7464717626571655
YAR031W,YPR041W,0,1.2574629,0.12261580675840378,0.9583333134651184,0.7465725541114807
YFR055W,YBR171W,0,1.2571219,0.12260127812623978,0.9583333134651184,0.7466734051704407
YJL062W,YLR452C,0,1.2568408,0.12258675694465637,0.9583333134651184,0.7467741966247559
YBL064C,YKL104C,0,1.2565963,0.12257224321365356,0.9583333134651184,0.746874988079071
YLR172C,YGL023C,0,1.2564253,0.12255772948265076,0.9583333134651184,0.7469757795333862
YER176W,YLR389C,0,1.256092,0.12254321575164795,0.9583333134651184,0.7470766305923462
YDL059C,YKL104C,0,1.256066,0.12252870947122574,0.9583333134651184,0.7471774220466614
YDR459C,YPL052W-A,0,1.2552817,0.12251420319080353,0.9583333134651184,0.7472782135009766
YIL009W,YOL030W,0,1.2551947,0.12249970436096191,0.9583333134651184,0.7473790049552917
YPL234C,YNL301C,0,1.2540187,0.1224852055311203,0.9583333134651184,0.7474798560142517
YKL096W,YOR312C,0,1.2539301,0.12247071415185928,0.9583333134651184,0.7475806474685669
YLR247C,YIL107C,0,1.2533636,0.12245622277259827,0.9583333134651184,0.7476814389228821
YBR237W,YDR292C,0,1.2532245,0.12244173884391785,0.9583333134651184,0.7477822303771973
YGL113W,YDR459C,0,1.2525922,0.12242725491523743,0.9583333134651184,0.7478830814361572
YOR265W,YFL011W-A,0,1.2521147,0.122412770986557,0.9583333134651184,0.7479838728904724
YBR236C,YGR070W,0,1.2518829,0.12239829450845718,0.9583333134651184,0.7480846643447876
YJR006W,YLR113W,0,1.2518708,0.12238382548093796,0.9583333134651184,0.7481854557991028
YJL034W,YJL023C,0,1.2516202,0.12236935645341873,0.9583333134651184,0.7482863068580627
YEL068C,YBR084C-A,0,1.250859,0.1223548874258995,0.9583333134651184,0.7483870983123779
YOR154W,YJR013W,0,1.2508333,0.12234042584896088,0.9583333134651184,0.7484878897666931
YOR035C,YLR274W,0,1.2504126,0.12232596427202225,0.9583333134651184,0.7485886812210083
YLR286C,YCR065W,0,1.2501563,0.12231151014566422,0.9583333134651184,0.7486895322799683
YBR152W,YDR350C,0,1.2500247,0.12229705601930618,0.9583333134651184,0.7487903237342834
YJR140C,YCR058C,0,1.2496216,0.12228260934352875,0.9583333134651184,0.7488911151885986
YGL116W,YPL193W,0,1.2495236,0.12226816266775131,0.9583333134651184,0.7489919066429138
YPR152C,YLR185W,0,1.2491935,0.12225372344255447,0.9583333134651184,0.7490927577018738
YHR016C,YLR389C,0,1.2489765,0.12223928421735764,0.9583333134651184,0.749193549156189
YLR175W,YKL073W,0,1.248831,0.1222248449921608,0.9583333134651184,0.7492943406105042
YOR027W,YER074W,0,1.2486557,0.12221041321754456,0.9583333134651184,0.7493951320648193
YOL109W,YKL135C,0,1.2475036,0.12219598889350891,0.9583333134651184,0.7494959831237793
YOR377W,YAR014C,0,1.2474321,0.12218155711889267,0.9583333134651184,0.7495967745780945
YPL031C,YPL155C,0,1.2471853,0.12216714024543762,0.9583333134651184,0.7496975660324097
YJR004C,YPL274W,0,1.2468323,0.12215272337198257,0.9583333134651184,0.7497983574867249
YLR020C,YEL026W,0,1.2467958,0.12213830649852753,0.9583333134651184,0.7498992085456848
YAR014C,YPR093C,0,1.2460622,0.12212389707565308,0.9583333134651184,0.75
YOR237W,YCL027W,0,1.245664,0.12210948765277863,0.9583333134651184,0.7501007914543152
YNL301C,YMR182C,0,1.2453879,0.12209507822990417,0.9583333134651184,0.7502016425132751
YOR173W,YLR265C,0,1.2452649,0.12208067625761032,0.9583333134651184,0.7503024339675903
YMR109W,YHR191C,0,1.244476,0.12206628173589706,0.9583333134651184,0.7504032254219055
YKL020C,YMR069W,0,1.2441045,0.12205188721418381,0.9583333134651184,0.7505040168762207
YPR162C,YOR290C,0,1.2423468,0.12203749269247055,0.9583333134651184,0.7506048679351807
YJR048W,YMR277W,0,1.2415001,0.12202310562133789,0.9583333134651184,0.7507056593894958
YLR355C,YAL025C,0,1.2409881,0.12200872600078583,0.9583333134651184,0.750806450843811
YNL059C,YOR259C,0,1.2408402,0.12199433892965317,0.9583333134651184,0.7509072422981262
YCL031C,YCR081W,0,1.2407304,0.1219799667596817,0.9583333134651184,0.7510080933570862
YKR071C,YBL066C,0,1.2405286,0.12196558713912964,0.9583333134651184,0.7511088848114014
YDR062W,YLR368W,0,1.2399123,0.12195122241973877,0.9583333134651184,0.7512096762657166
YGL059W,YER093C,0,1.2396834,0.1219368502497673,0.9583333134651184,0.7513104677200317
YBR281C,YPR125W,0,1.2374467,0.12192248553037643,0.9583333134651184,0.7514113187789917
YJL168C,YGR038W,0,1.2373768,0.12190812826156616,0.9583333134651184,0.7515121102333069
YBL050W,YLL049W,0,1.2369084,0.12189377099275589,0.9583333134651184,0.7516129016876221
YPL138C,YMR058W,0,1.236763,0.12187941372394562,0.9583333134651184,0.7517136931419373
YLR293C,YPL001W,0,1.2343152,0.12186506390571594,0.9583333134651184,0.7518145442008972
YKR019C,YKL224C,0,1.2342571,0.12185072153806686,0.9583333134651184,0.7519153356552124
YIL103W,YLR407W,0,1.2332771,0.12183637171983719,0.9583333134651184,0.7520161271095276
YLR131C,YPR125W,0,1.2329208,0.12182203680276871,0.9583333134651184,0.7521169185638428
YER145C,YDR244W,0,1.2324557,0.12180769443511963,0.9583333134651184,0.7522177696228027
YHR044C,YJR118C,0,1.2320561,0.12179335951805115,0.9583333134651184,0.7523185610771179
YER028C,YAL030W,0,1.2319372,0.12177903205156326,0.9583333134651184,0.7524193525314331
YNR074C,YHR074W,0,1.2319338,0.12176470458507538,0.9583333134651184,0.7525201439857483
YDR531W,YDR419W,0,1.2313417,0.12175038456916809,0.9583333134651184,0.7526209950447083
YDR507C,YKL071W,0,1.2311351,0.1217360645532608,0.9583333134651184,0.7527217864990234
YMR183C,YBR126C,0,1.2309002,0.12172174453735352,0.9583333134651184,0.7528225779533386
YIL020C,YJR147W,0,1.2304038,0.12170743197202682,0.9583333134651184,0.7529233694076538
YOR351C,YHR057C,0,1.2302054,0.12169311940670013,0.9583333134651184,0.7530242204666138
YOR101W,YKL135C,0,1.2301737,0.12167881429195404,0.9583333134651184,0.753125011920929
YOL053C-A,YBR050C,0,1.2290719,0.12166450917720795,0.9583333134651184,0.7532258033752441
YML019W,YOR217W,0,1.2288946,0.12165021151304245,0.9583333134651184,0.7533265948295593
YIL097W,YMR026C,0,1.2280632,0.12163591384887695,0.9583333134651184,0.7534274458885193
YLR175W,YPR125W,0,1.2273813,0.12162162363529205,0.9583333134651184,0.7535282373428345
YDR501W,YLR113W,0,1.2273616,0.12160733342170715,0.9583333134651184,0.7536290287971497
YGR271C-A,YHR150W,0,1.2257558,0.12159304320812225,0.9583333134651184,0.7537298202514648
YGL001C,YCL005W,0,1.2257321,0.12157876044511795,0.9583333134651184,0.7538306713104248
YBR084C-A,YPR095C,0,1.2242907,0.12156448513269424,0.9583333134651184,0.75393146276474
YMR319C,YDR415C,0,1.2241796,0.12155020236968994,0.9583333134651184,0.7540322542190552
YLR136C,YNL186W,0,1.2230659,0.12153593450784683,0.9583333134651184,0.7541330456733704
YNL317W,YAL017W,0,1.222474,0.12152165919542313,0.9583333134651184,0.7542338967323303
YNL151C,YPL048W,0,1.2222921,0.12150739878416061,0.9583333134651184,0.7543346881866455
YDR257C,YOR290C,0,1.2219688,0.1214931309223175,0.9583333134651184,0.7544354796409607
YLR361C,YAL001C,0,1.2179934,0.12147887051105499,0.9583333134651184,0.7545362710952759
YNL292W,YOR224C,0,1.2174023,0.12146461755037308,0.9583333134651184,0.7546371221542358
YNL251C,YHR059W,0,1.217301,0.12145036458969116,0.9583333134651184,0.754737913608551
YLR176C,YLR113W,0,1.2164284,0.12143611162900925,0.9583333134651184,0.7548387050628662
YBR050C,YGR274C,0,1.216317,0.12142186611890793,0.9583333134651184,0.7549394965171814
YOR173W,YOL138C,0,1.215819,0.12140762805938721,0.9583333134651184,0.7550403475761414
YDR495C,YDL209C,0,1.2155228,0.12139338254928589,0.9583333134651184,0.7551411390304565
YLR139C,YCL017C,0,1.2145836,0.12137915194034576,0.9583333134651184,0.7552419304847717
YML058W-A,YAL038W,0,1.2143844,0.12136491388082504,0.9583333134651184,0.7553427219390869
YMR219W,YKL135C,0,1.2143751,0.12135068327188492,0.9583333134651184,0.7554435729980469
YPR181C,YNL059C,0,1.2135049,0.12133646011352539,0.9583333134651184,0.7555443644523621
YGR238C,YPR103W,0,1.2114651,0.12132223695516586,0.9583333134651184,0.7556451559066772
YML019W,YIL052C,0,1.2111193,0.12130801379680634,0.9583333134651184,0.7557459473609924
YJL210W,YMR163C,0,1.211091,0.1212937980890274,0.9583333134651184,0.7558467984199524
YGL128C,YMR037C,0,1.210882,0.12127958983182907,0.9583333134651184,0.7559475898742676
YPR081C,YGL038C,0,1.2108694,0.12126538157463074,0.9583333134651184,0.7560483813285828
YHR056C,YIL146C,0,1.2108194,0.1212511733174324,0.9583333134651184,0.756149172782898
YPL274W,YMR168C,0,1.210605,0.12123696506023407,0.9583333134651184,0.7562500238418579
YMR227C,YOR189W,0,1.2105453,0.12122277170419693,0.9583333134651184,0.7563508152961731
YHR193C,YJR013W,0,1.2083359,0.1212085708975792,0.9583333134651184,0.7564516067504883
YBR162C,YNL102W,0,1.2080649,0.12119437754154205,0.9583333134651184,0.7565523982048035
YJR041C,YOR293W,0,1.2080206,0.12118019163608551,0.9583333134651184,0.7566532492637634
YLR099C,YPR125W,1,1.2074587,0.12128306925296783,0.9592592716217041,0.7566532492637634
YOL038W,YKR019C,0,1.2071197,0.1212688758969307,0.9592592716217041,0.7567540407180786
YPL167C,YJR054W,0,1.2070994,0.12125468254089355,0.9592592716217041,0.7568548321723938
YLL051C,YIL144W,0,1.2070701,0.12124048918485641,0.9592592716217041,0.756955623626709
YAR050W,YEL056W,0,1.2068995,0.12122630327939987,0.9592592716217041,0.757056474685669
YDR181C,YBR295W,0,1.2067422,0.12121212482452393,0.9592592716217041,0.7571572661399841
YIL159W,YHR194W,0,1.2062428,0.12119793891906738,0.9592592716217041,0.7572580575942993
YML026C,YLR211C,0,1.2059636,0.12118376046419144,0.9592592716217041,0.7573588490486145
YNR054C,YLR248W,0,1.2058188,0.12116958945989609,0.9592592716217041,0.7574597001075745
YPR043W,YOR327C,0,1.2054608,0.12115541845560074,0.9592592716217041,0.7575604915618896
YER045C,YOL056W,0,1.2054007,0.12114125490188599,0.9592592716217041,0.7576612830162048
YBR070C,YBR213W,0,1.2048402,0.12112709134817123,0.9592592716217041,0.75776207447052
YHL017W,YFR036W,0,1.2046576,0.12111292779445648,0.9592592716217041,0.75786292552948
YEL017C-A,YKL089W,0,1.2029599,0.12109877169132233,0.9592592716217041,0.7579637169837952
YBR240C,YOR377W,0,1.2020596,0.12108461558818817,0.9592592716217041,0.7580645084381104
YER040W,YML081W,0,1.2006713,0.12107046693563461,0.9592592716217041,0.7581652998924255
YGR082W,YNR072W,0,1.2002282,0.12105631828308105,0.9592592716217041,0.7582661509513855
YHR016C,YDR180W,0,1.1999241,0.1210421770811081,0.9592592716217041,0.7583669424057007
YJR058C,YIL040W,0,1.1997825,0.12102803587913513,0.9592592716217041,0.7584677338600159
YPR140W,YLR274W,0,1.1992162,0.12101390212774277,0.9592592716217041,0.758568525314331
YPL177C,YJR021C,0,1.1978315,0.1209997683763504,0.9592592716217041,0.758669376373291
YKL173W,YHR057C,0,1.197643,0.12098563462495804,0.9592592716217041,0.7587701678276062
YPL227C,YBL056W,0,1.1975013,0.12097150832414627,0.9592592716217041,0.7588709592819214
YCR060W,YDR038C,0,1.1967887,0.1209573820233345,0.9592592716217041,0.7589717507362366
YLR424W,YDR022C,0,1.1962374,0.12094326317310333,0.9592592716217041,0.7590726017951965
YIL076W,YBL013W,0,1.1958663,0.12092914432287216,0.9592592716217041,0.7591733932495117
YKL049C,YNR049C,0,1.1956775,0.12091503292322159,0.9592592716217041,0.7592741847038269
YGL128C,YIL002C,0,1.1952552,0.12090092152357101,0.9592592716217041,0.7593749761581421
YNL201C,YIL135C,0,1.194905,0.12088681757450104,0.9592592716217041,0.759475827217102
YGL240W,YML049C,0,1.1949006,0.12087271362543106,0.9592592716217041,0.7595766186714172
YER039C,YMR233W,0,1.1947842,0.12085860967636108,0.9592592716217041,0.7596774101257324
YBR126C,YDR038C,0,1.194642,0.1208445131778717,0.9592592716217041,0.7597782015800476
YPR156C,YKL157W,0,1.1939102,0.12083041667938232,0.9592592716217041,0.7598790526390076
YJL109C,YCR058C,0,1.1931719,0.12081632763147354,0.9592592716217041,0.7599798440933228
YGR169C,YDR046C,0,1.1924859,0.12080223858356476,0.9592592716217041,0.7600806355476379
YDL126C,YAR002W,0,1.192091,0.12078815698623657,0.9592592716217041,0.7601814270019531
YOR265W,YFL028C,0,1.191823,0.12077407538890839,0.9592592716217041,0.7602822780609131
YDR081C,YLR265C,0,1.191451,0.1207599937915802,0.9592592716217041,0.7603830695152283
YJL111W,YLR263W,0,1.1909533,0.12074591964483261,0.9592592716217041,0.7604838609695435
YHR111W,YNL087W,0,1.1908239,0.12073185294866562,0.9592592716217041,0.7605846524238586
YJL209W,YCL057W,1,1.1907464,0.12083430588245392,0.960185170173645,0.7605846524238586
YNL186W,YKL104C,0,1.1905187,0.12082022428512573,0.960185170173645,0.7606855034828186
YDL216C,YIR032C,0,1.1894705,0.12080615013837814,0.960185170173645,0.7607862949371338
YKR007W,YML034W,0,1.1889683,0.12079207599163055,0.960185170173645,0.760887086391449
YDR046C,YGL044C,0,1.1878196,0.12077800929546356,0.960185170173645,0.7609878778457642
YOR259C,YGL136C,0,1.1876541,0.12076394259929657,0.960185170173645,0.7610887289047241
YLL005C,YER114C,0,1.1874436,0.12074988335371017,0.960185170173645,0.7611895203590393
YER041W,YPR111W,0,1.1869053,0.12073582410812378,0.960185170173645,0.7612903118133545
YJL109C,YNL181W,0,1.186363,0.12072177231311798,0.960185170173645,0.7613911032676697
YHR056C,YMR058W,0,1.1854013,0.12070772051811218,0.960185170173645,0.7614919543266296
YNL222W,YPR095C,0,1.1845539,0.12069366872310638,0.960185170173645,0.7615927457809448
YHR120W,YDR350C,0,1.1841041,0.12067962437868118,0.960185170173645,0.76169353723526
YCR042C,YAL001C,0,1.1837416,0.12066558003425598,0.960185170173645,0.7617943286895752
YBR258C,YER074W-A,0,1.1836181,0.12065154314041138,0.960185170173645,0.7618951797485352
YFR037C,YHL028W,0,1.183448,0.12063750624656677,0.960185170173645,0.7619959712028503
YGR156W,YGL001C,0,1.1828035,0.12062347680330276,0.960185170173645,0.7620967626571655
YOR351C,YKL152C,0,1.1826476,0.12060944736003876,0.960185170173645,0.7621975541114807
YKL157W,YNL286W,0,1.1825795,0.12059541791677475,0.960185170173645,0.7622984051704407
YLR325C,YNL248C,0,1.1825397,0.12058139592409134,0.960185170173645,0.7623991966247559
YDR062W,YBR154C,0,1.1817254,0.12056737393140793,0.960185170173645,0.762499988079071
YPL079W,YPL064C,0,1.1816059,0.12055335938930511,0.960185170173645,0.7626007795333862
YDL021W,YHL028W,0,1.181398,0.1205393448472023,0.960185170173645,0.7627016305923462
YCR086W,YDR066C,0,1.1807266,0.12052533775568008,0.960185170173645,0.7628024220466614
YLR105C,YOR101W,0,1.179059,0.12051133066415787,0.960185170173645,0.7629032135009766
YOR336W,YAL026C,0,1.1790118,0.12049733102321625,0.960185170173645,0.7630040049552917
YLR247C,YPR095C,0,1.1777278,0.12048332393169403,0.960185170173645,0.7631048560142517
YIL137C,YGR154C,0,1.1777238,0.12046933174133301,0.960185170173645,0.7632056474685669
YBL007C,YPL282C,0,1.177481,0.12045533955097198,0.960185170173645,0.7633064389228821
YML103C,YOR037W,0,1.1769255,0.12044134736061096,0.960185170173645,0.7634072303771973
YFR025C,YML071C,0,1.1756215,0.12042736262083054,0.960185170173645,0.7635080814361572
YCL052C,YPL053C,0,1.1752714,0.12041337788105011,0.960185170173645,0.7636088728904724
YOR377W,YER051W,0,1.1743872,0.12039939314126968,0.960185170173645,0.7637096643447876
YDR457W,YER038C,0,1.1741059,0.12038541585206985,0.960185170173645,0.7638104557991028
YMR276W,YCL004W,0,1.1735398,0.12037144601345062,0.960185170173645,0.7639113068580627
YER124C,YNL055C,0,1.1733049,0.12035747617483139,0.960185170173645,0.7640120983123779
YGL071W,YDR350C,0,1.172926,0.12034350633621216,0.960185170173645,0.7641128897666931
YDR472W,YHR063C,0,1.1725166,0.12032954394817352,0.960185170173645,0.7642136812210083
YNL301C,YBR248C,0,1.1725138,0.12031558156013489,0.960185170173645,0.7643145322799683
YKL049C,YLR052W,0,1.1719183,0.12030162662267685,0.960185170173645,0.7644153237342834
YGR271C-A,YOR137C,0,1.1718562,0.12028767168521881,0.960185170173645,0.7645161151885986
YLR440C,YDL191W,0,1.1714813,0.12027371674776077,0.960185170173645,0.7646169066429138
YHR188C,YIL166C,0,1.1690292,0.12025976926088333,0.960185170173645,0.7647177577018738
YER174C,YMR168C,0,1.1688882,0.12024582922458649,0.960185170173645,0.764818549156189
YMR197C,YGR256W,0,1.1685807,0.12023188173770905,0.960185170173645,0.7649193406105042
YLR390W-A,YLL009C,0,1.1684358,0.1202179491519928,0.960185170173645,0.7650201320648193
YDL145C,YJR145C,0,1.166255,0.12020400911569595,0.960185170173645,0.7651209831237793
YKL089W,YHR039C,0,1.1657946,0.1201900765299797,0.960185170173645,0.7652217745780945
YPL165C,YPL064C,0,1.1654491,0.12017615139484406,0.960185170173645,0.7653225660324097
YOR037W,YCR020W-B,0,1.1652795,0.1201622262597084,0.960185170173645,0.7654233574867249
YOR341W,YNL063W,0,1.1651459,0.12014830112457275,0.960185170173645,0.7655242085456848
YAR002C-A,YNL201C,0,1.1647176,0.1201343834400177,0.960185170173645,0.765625
YNL222W,YAL017W,0,1.1645864,0.12012046575546265,0.960185170173645,0.7657257914543152
YMR311C,YHR167W,0,1.1645116,0.12010655552148819,0.960185170173645,0.7658266425132751
YIL022W,YBL033C,1,1.1640736,0.12020845711231232,0.9611111283302307,0.7658266425132751
YBR058C-A,YOR224C,0,1.1632016,0.12019453197717667,0.9611111283302307,0.7659274339675903
YKR072C,YAL001C,0,1.1628026,0.12018062174320221,0.9611111283302307,0.7660282254219055
YHR091C,YPL209C,0,1.1626695,0.12016670405864716,0.9611111283302307,0.7661290168762207
YGL252C,YNL014W,0,1.1620293,0.1201527938246727,0.9611111283302307,0.7662298679351807
YOR035C,YMR069W,0,1.161715,0.12013889104127884,0.9611111283302307,0.7663306593894958
YDR363W,YDR459C,0,1.1610662,0.12012498825788498,0.9611111283302307,0.766431450843811
YKR007W,YPR125W,0,1.1608783,0.12011108547449112,0.9611111283302307,0.7665322422981262
YDL036C,YHR117W,0,1.1605887,0.12009719014167786,0.9611111283302307,0.7666330933570862
YLR139C,YLR258W,0,1.1605335,0.1200832948088646,0.9611111283302307,0.7667338848114014
YJR041C,YNL169C,0,1.1603326,0.12006940692663193,0.9611111283302307,0.7668346762657166
YCR086W,YHR037W,0,1.1602405,0.12005551904439926,0.9611111283302307,0.7669354677200317
YPL210C,YML034W,0,1.159638,0.1200416311621666,0.9611111283302307,0.7670363187789917
YPL139C,YLR285W,0,1.1594667,0.12002775073051453,0.9611111283302307,0.7671371102333069
YNL145W,YEL060C,0,1.1592314,0.12001387774944305,0.9611111283302307,0.7672379016876221
YDR507C,YGR144W,0,1.1589214,0.11999999731779099,0.9611111283302307,0.7673386931419373
YPL023C,YPL167C,0,1.1586244,0.11998613178730011,0.9611111283302307,0.7674395442008972
YGL054C,YJL051W,0,1.1577319,0.11997225880622864,0.9611111283302307,0.7675403356552124
YPL274W,YDL191W,0,1.1571972,0.11995839327573776,0.9611111283302307,0.7676411271095276
YNL292W,YGR233C,0,1.1569825,0.11994453519582748,0.9611111283302307,0.7677419185638428
YJL051W,YPL072W,0,1.155059,0.1199306771159172,0.9611111283302307,0.7678427696228027
YJL108C,YLR442C,0,1.1535242,0.11991681903600693,0.9611111283302307,0.7679435610771179
YHR120W,YBR170C,0,1.1533227,0.11990296840667725,0.9611111283302307,0.7680443525314331
YKR098C,YLR357W,0,1.1528373,0.11988911777734756,0.9611111283302307,0.7681451439857483
YGL210W,YML047C,0,1.1517632,0.11987527459859848,0.9611111283302307,0.7682459950447083
YPL177C,YOR311C,0,1.151112,0.1198614314198494,0.9611111283302307,0.7683467864990234
YMR041C,YAR031W,0,1.1506964,0.11984759569168091,0.9611111283302307,0.7684475779533386
YLR309C,YER037W,0,1.1499709,0.11983375996351242,0.9611111283302307,0.7685483694076538
YER033C,YGL201C,0,1.1480883,0.11981992423534393,0.9611111283302307,0.7686492204666138
YOR154W,YBL031W,0,1.1474491,0.11980609595775604,0.9611111283302307,0.768750011920929
YLR431C,YHR017W,0,1.1459347,0.11979226768016815,0.9611111283302307,0.7688508033752441
YCR032W,YBR162C,0,1.1450981,0.11977844685316086,0.9611111283302307,0.7689515948295593
YAL055W,YDR523C,0,1.1449211,0.11976462602615356,0.9611111283302307,0.7690524458885193
YOR260W,YBR180W,0,1.1444013,0.11975080519914627,0.9611111283302307,0.7691532373428345
YPR113W,YBR085W,1,1.1437935,0.11985234916210175,0.9620370268821716,0.7691532373428345
YHR056C,YDR221W,0,1.1429031,0.11983852088451385,0.9620370268821716,0.7692540287971497
YKL071W,YKL124W,0,1.142207,0.11982470005750656,0.9620370268821716,0.7693548202514648
YHR056C,YLR247C,0,1.1413734,0.11981088668107986,0.9620370268821716,0.7694556713104248
YOR163W,YKL045W,0,1.1410986,0.11979707330465317,0.9620370268821716,0.76955646276474
YOL055C,YCL038C,0,1.1402863,0.11978325992822647,0.9620370268821716,0.7696572542190552
YGL023C,YDR376W,0,1.1401025,0.11976945400238037,0.9620370268821716,0.7697580456733704
YDR016C,YCR020W-B,0,1.1399359,0.11975564807653427,0.9620370268821716,0.7698588967323303
YGR065C,YJR024C,0,1.1396406,0.11974184960126877,0.9620370268821716,0.7699596881866455
YPR152C,YLR137W,0,1.1393656,0.11972805112600327,0.9620370268821716,0.7700604796409607
YAR002W,YDR297W,0,1.1392304,0.11971425265073776,0.9620370268821716,0.7701612710952759
YOR027W,YPL164C,0,1.1390231,0.11970046162605286,0.9620370268821716,0.7702621221542358
YLR069C,YLR176C,0,1.1374923,0.11968667060136795,0.9620370268821716,0.770362913608551
YLL050C,YLR367W,0,1.1369354,0.11967288702726364,0.9620370268821716,0.7704637050628662
YJL076W,YML047C,0,1.1366026,0.11965910345315933,0.9620370268821716,0.7705644965171814
YNL222W,YDR480W,0,1.1360095,0.11964532732963562,0.9620370268821716,0.7706653475761414
YGR295C,YML047C,0,1.1359967,0.11963155120611191,0.9620370268821716,0.7707661390304565
YDR027C,YBR177C,1,1.1358868,0.11973290145397186,0.9629629850387573,0.7707661390304565
YFL010W-A,YBR021W,0,1.1350844,0.11971911787986755,0.9629629850387573,0.7708669304847717
YGR271W,YMR110C,0,1.1339453,0.11970534175634384,0.9629629850387573,0.7709677219390869
YOR257W,YJR006W,0,1.1338915,0.11969156563282013,0.9629629850387573,0.7710685729980469
YPL228W,YBR207W,0,1.1335359,0.11967778950929642,0.9629629850387573,0.7711693644523621
YNL201C,YJL056C,0,1.1330926,0.1196640208363533,0.9629629850387573,0.7712701559066772
YNR056C,YMR047C,0,1.1328543,0.11965025216341019,0.9629629850387573,0.7713709473609924
YLR431C,YLR052W,0,1.1322273,0.11963649094104767,0.9629629850387573,0.7714717984199524
YOR023C,YJL156C,0,1.1318022,0.11962272971868515,0.9629629850387573,0.7715725898742676
YBR150C,YFL034C-B,0,1.1312691,0.11960896849632263,0.9629629850387573,0.7716733813285828
YLR145W,YMR078C,0,1.1306508,0.11959521472454071,0.9629629850387573,0.771774172782898
YLR436C,YDL216C,0,1.1299697,0.11958146840333939,0.9629629850387573,0.7718750238418579
YLR020C,YBR073W,0,1.128815,0.11956771463155746,0.9629629850387573,0.7719758152961731
YLR436C,YPL155C,0,1.1285266,0.11955396831035614,0.9629629850387573,0.7720766067504883
YGL116W,YPR118W,0,1.1284417,0.11954022943973541,0.9629629850387573,0.7721773982048035
YKR001C,YLR190W,1,1.1275702,0.11964142322540283,0.9638888835906982,0.7721773982048035
YPR111W,YDR077W,0,1.1261812,0.11962766945362091,0.9638888835906982,0.7722782492637634
YBL040C,YMR298W,0,1.1256475,0.11961392313241959,0.9638888835906982,0.7723790407180786
YNL154C,YDR125C,0,1.1255106,0.11960018426179886,0.9638888835906982,0.7724798321723938
YLR390W-A,YBR258C,0,1.1250496,0.11958644539117813,0.9638888835906982,0.772580623626709
YPR072W,YML048W,0,1.124682,0.1195727065205574,0.9638888835906982,0.772681474685669
YDL103C,YGL116W,0,1.1239442,0.11955897510051727,0.9638888835906982,0.7727822661399841
YLR394W,YOR154W,0,1.1234405,0.11954524368047714,0.9638888835906982,0.7728830575942993
YNL292W,YMR276W,0,1.1226469,0.11953151971101761,0.9638888835906982,0.7729838490486145
YOR242C,YPR097W,0,1.122511,0.11951779574155807,0.9638888835906982,0.7730847001075745
YBR244W,YPL072W,1,1.121936,0.11961887031793594,0.9648148417472839,0.7730847001075745
YBL013W,YMR037C,0,1.1214848,0.11960513889789581,0.9648148417472839,0.7731854915618896
YKL040C,YGL044C,0,1.1205153,0.11959141492843628,0.9648148417472839,0.7732862830162048
YOR168W,YPR005C,0,1.1197791,0.11957769095897675,0.9648148417472839,0.77338707447052
YDL145C,YER074W,0,1.1194247,0.11956396698951721,0.9648148417472839,0.77348792552948
YKL179C,YHR165C,0,1.1187145,0.11955025047063828,0.9648148417472839,0.7735887169837952
YGL033W,YDR485C,0,1.1184778,0.11953654140233994,0.9648148417472839,0.7736895084381104
YOR143C,YGL122C,0,1.1180522,0.119522824883461,0.9648148417472839,0.7737902998924255
YFL013C,YOR367W,0,1.1168232,0.11950911581516266,0.9648148417472839,0.7738911509513855
YCL016C,YOR242C,0,1.1162865,0.11949541419744492,0.9648148417472839,0.7739919424057007
YNR072W,YOR214C,0,1.1152636,0.11948171257972717,0.9648148417472839,0.7740927338600159
YGL128C,YMR135C,0,1.113992,0.11946801096200943,0.9648148417472839,0.774193525314331
YDR480W,YPR093C,0,1.1136204,0.11945431679487228,0.9648148417472839,0.774294376373291
YPL012W,YCL017C,0,1.1122894,0.11944062262773514,0.9648148417472839,0.7743951678276062
YLR052W,YLR025W,0,1.1121943,0.11942693591117859,0.9648148417472839,0.7744959592819214
YLR234W,YCR027C,0,1.1120015,0.11941324919462204,0.9648148417472839,0.7745967507362366
YLR431C,YOR014W,0,1.1115973,0.11939956247806549,0.9648148417472839,0.7746976017951965
YBR070C,YLR185W,0,1.1111262,0.11938588321208954,0.9648148417472839,0.7747983932495117
YHR165C,YIR033W,0,1.1107024,0.11937220394611359,0.9648148417472839,0.7748991847038269
YDR427W,YPL167C,0,1.1093659,0.11935853213071823,0.9648148417472839,0.7749999761581421
YDR034C,YPL053C,0,1.1093076,0.11934486031532288,0.9648148417472839,0.775100827217102
YLL043W,YEL027W,0,1.1077808,0.11933119595050812,0.9648148417472839,0.7752016186714172
YDR280W,YHR063C,0,1.1077052,0.11931753158569336,0.9648148417472839,0.7753024101257324
YDR122W,YKL010C,0,1.1075358,0.1193038672208786,0.9648148417472839,0.7754032015800476
YIL020C,YNL257C,0,1.1071316,0.11929021030664444,0.9648148417472839,0.7755040526390076
YPL243W,YLR088W,0,1.106817,0.11927655339241028,0.9648148417472839,0.7756048440933228
YER029C,YMR219W,0,1.1066865,0.11926290392875671,0.9648148417472839,0.7757056355476379
YPL190C,YNL186W,0,1.1062038,0.11924925446510315,0.9648148417472839,0.7758064270019531
YNL014W,YLL012W,0,1.1046989,0.11923561245203018,0.9648148417472839,0.7759072780609131
YPR103W,YPR192W,0,1.1044623,0.11922197043895721,0.9648148417472839,0.7760080695152283
YNL201C,YNL015W,0,1.1040232,0.11920832842588425,0.9648148417472839,0.7761088609695435
YMR265C,YML081W,0,1.1032556,0.11919469386339188,0.9648148417472839,0.7762096524238586
YDL213C,YJL222W,0,1.103239,0.1191810593008995,0.9648148417472839,0.7763105034828186
YCR086W,YLL012W,0,1.1031353,0.11916743218898773,0.9648148417472839,0.7764112949371338
YOL088C,YDL063C,0,1.1031286,0.11915380507707596,0.9648148417472839,0.776512086391449
YGR135W,YAL067C,0,1.1030692,0.11914017796516418,0.9648148417472839,0.7766128778457642
YBR234C,YDL100C,0,1.1017305,0.11912655830383301,0.9648148417472839,0.7767137289047241
YOR351C,YFL044C,0,1.1015874,0.11911293864250183,0.9648148417472839,0.7768145203590393
YDL217C,YJL051W,0,1.1014646,0.11909932643175125,0.9648148417472839,0.7769153118133545
YFR009W,YOR341W,0,1.1007417,0.11908571422100067,0.9648148417472839,0.7770161032676697
YGL101W,YBR248C,0,1.1004175,0.11907210946083069,0.9648148417472839,0.7771169543266296
YJL012C,YFL066C,0,1.0988966,0.11905849725008011,0.9648148417472839,0.7772177457809448
YNR019W,YDR419W,0,1.0983771,0.11904489994049072,0.9648148417472839,0.77731853723526
YFR034C,YMR026C,0,1.0978906,0.11903130263090134,0.9648148417472839,0.7774193286895752
YNL327W,YLR440C,0,1.0977346,0.11901770532131195,0.9648148417472839,0.7775201797485352
YLR197W,YPR045C,0,1.0969397,0.11900410801172256,0.9648148417472839,0.7776209712028503
YLL019C,YLL043W,0,1.0957987,0.11899051815271378,0.9648148417472839,0.7777217626571655
YDL116W,YOR017W,0,1.0948637,0.11897693574428558,0.9648148417472839,0.7778225541114807
YGL128C,YCR089W,0,1.0946099,0.11896335333585739,0.9648148417472839,0.7779234051704407
YDR320C,YPL072W,0,1.0937743,0.1189497709274292,0.9648148417472839,0.7780241966247559
YHR017W,YOR147W,1,1.0920147,0.11905033886432648,0.9657407402992249,0.7780241966247559
YHR023W,YLL005C,0,1.0916497,0.11903674900531769,0.9657407402992249,0.778124988079071
YER106W,YOR017W,0,1.0913213,0.1190231665968895,0.9657407402992249,0.7782257795333862
YEL063C,YFL028C,0,1.0907882,0.1190095841884613,0.9657407402992249,0.7783266305923462
YDR090C,YAR003W,0,1.0906453,0.11899600923061371,0.9657407402992249,0.7784274220466614
YKL212W,YJL183W,0,1.089838,0.11898243427276611,0.9657407402992249,0.7785282135009766
YOL082W,YLR136C,0,1.0882117,0.11896885931491852,0.9657407402992249,0.7786290049552917
YFL027C,YPR171W,0,1.0879344,0.11895529180765152,0.9657407402992249,0.7787298560142517
YKR072C,YDR212W,0,1.0879005,0.11894172430038452,0.9657407402992249,0.7788306474685669
YOR037W,YOR017W,1,1.0875019,0.11904218792915344,0.9666666388511658,0.7788306474685669
YNR072W,YKR066C,0,1.0874404,0.11902862042188644,0.9666666388511658,0.7789314389228821
YJR060W,YDR288W,0,1.0869355,0.11901504546403885,0.9666666388511658,0.7790322303771973
YOR212W,YLR355C,0,1.0866281,0.11900148540735245,0.9666666388511658,0.7791330814361572
YEL054C,YMR032W,0,1.0864466,0.11898791790008545,0.9666666388511658,0.7792338728904724
YNL185C,YER145C,0,1.0862051,0.11897435784339905,0.9666666388511658,0.7793346643447876
YKL073W,YDR334W,0,1.0860952,0.11896080523729324,0.9666666388511658,0.7794354557991028
YOL012C,YGR072W,0,1.0858426,0.11894724518060684,0.9666666388511658,0.7795363068580627
YLR050C,YHR023W,0,1.0855519,0.11893370002508163,0.9666666388511658,0.7796370983123779
YPL227C,YDR459C,0,1.0854669,0.11892014741897583,0.9666666388511658,0.7797378897666931
YAL026C,YDR459C,0,1.0848571,0.11890660226345062,0.9666666388511658,0.7798386812210083
YPL212C,YLR002C,0,1.084849,0.11889306455850601,0.9666666388511658,0.7799395322799683
YLR330W,YHR143W,0,1.0848252,0.1188795268535614,0.9666666388511658,0.7800403237342834
YOL021C,YBL056W,0,1.0846677,0.11886598914861679,0.9666666388511658,0.7801411151885986
YER033C,YMR288W,0,1.0843797,0.11885245889425278,0.9666666388511658,0.7802419066429138
YDR507C,YBR248C,0,1.0839509,0.11883892863988876,0.9666666388511658,0.7803427577018738
YER029C,YLR143W,0,1.0835062,0.11882540583610535,0.9666666388511658,0.780443549156189
YPR083W,YJL076W,0,1.083433,0.11881188303232193,0.9666666388511658,0.7805443406105042
YER074W,YGR192C,0,1.0831475,0.11879836022853851,0.9666666388511658,0.7806451320648193
YLR286C,YNL087W,0,1.0830122,0.1187848448753357,0.9666666388511658,0.7807459831237793
YKL152C,YLR113W,0,1.0820086,0.11877132952213287,0.9666666388511658,0.7808467745780945
YAL067C,YLR350W,0,1.0817825,0.11875782161951065,0.9666666388511658,0.7809475660324097
YOL136C,YAL028W,0,1.0804088,0.11874431371688843,0.9666666388511658,0.7810483574867249
YGR229C,YPL274W,0,1.0801877,0.1187308058142662,0.9666666388511658,0.7811492085456848
YMR233W,YDL231C,0,1.079746,0.11871730536222458,0.9666666388511658,0.78125
YDR466W,YBL013W,0,1.0791442,0.11870381236076355,0.9666666388511658,0.7813507914543152
YER041W,YBL063W,0,1.0784847,0.11869031190872192,0.9666666388511658,0.7814516425132751
YPL016W,YNR006W,0,1.0764122,0.1186768189072609,0.9666666388511658,0.7815524339675903
YBR240C,YBR286W,0,1.0735236,0.11866333335638046,0.9666666388511658,0.7816532254219055
YCL052C,YCR032W,0,1.0734047,0.11864984780550003,0.9666666388511658,0.7817540168762207
YMR123W,YLR024C,0,1.0733284,0.1186363622546196,0.9666666388511658,0.7818548679351807
YOR046C,YDR365C,0,1.0731115,0.11862288415431976,0.9666666388511658,0.7819556593894958
YBL069W,YBL018C,0,1.0724057,0.11860940605401993,0.9666666388511658,0.782056450843811
YPL190C,YGR184C,0,1.0722551,0.11859593540430069,0.9666666388511658,0.7821572422981262
YLR110C,YOR091W,0,1.0717626,0.11858246475458145,0.9666666388511658,0.7822580933570862
YNR020C,YAR002W,0,1.0710496,0.11856899410486221,0.9666666388511658,0.7823588848114014
YPR103W,YPL089C,0,1.0694432,0.11855553090572357,0.9666666388511658,0.7824596762657166
YNL126W,YJR047C,0,1.0690082,0.11854206770658493,0.9666666388511658,0.7825604677200317
YML019W,YIL095W,0,1.0685164,0.11852861195802689,0.9666666388511658,0.7826613187789917
YGR260W,YML106W,0,1.0683672,0.11851515620946884,0.9666666388511658,0.7827621102333069
YBL093C,YER114C,0,1.0668777,0.1185017004609108,0.9666666388511658,0.7828629016876221
YGL133W,YPR110C,0,1.0647045,0.11848825216293335,0.9666666388511658,0.7829636931419373
YER014W,YDR125C,1,1.0633603,0.11858829110860825,0.9675925970077515,0.7829636931419373
YPR081C,YER190W,0,1.0632349,0.1185748353600502,0.9675925970077515,0.7830645442008972
YPR045C,YMR033W,0,1.062457,0.11856137961149216,0.9675925970077515,0.7831653356552124
YDR181C,YGL063W,0,1.0623517,0.11854793131351471,0.9675925970077515,0.7832661271095276
YBR091C,YPL243W,0,1.0618696,0.11853448301553726,0.9675925970077515,0.7833669185638428
YPL227C,YER028C,0,1.0609103,0.11852104216814041,0.9675925970077515,0.7834677696228027
YER093C,YNR052C,0,1.0607911,0.11850760132074356,0.9675925970077515,0.7835685610771179
YPL176C,YLR285W,0,1.0603105,0.11849416047334671,0.9675925970077515,0.7836693525314331
YAR002C-A,YLR435W,0,1.0599526,0.11848072707653046,0.9675925970077515,0.7837701439857483
YOR101W,YKL104C,0,1.0598646,0.1184672936797142,0.9675925970077515,0.7838709950447083
YIL002C,YGR144W,0,1.0597612,0.11845386773347855,0.9675925970077515,0.7839717864990234
YDL013W,YHR063C,0,1.0585262,0.11844044178724289,0.9675925970077515,0.7840725779533386
YOL149W,YPL048W,0,1.0582365,0.11842701584100723,0.9675925970077515,0.7841733694076538
YGL181W,YJR140C,0,1.058154,0.11841359734535217,0.9675925970077515,0.7842742204666138
YOR312C,YBR196C,0,1.0573968,0.11840017884969711,0.9675925970077515,0.784375011920929
YPL190C,YGR133W,0,1.0572175,0.11838676780462265,0.9675925970077515,0.7844758033752441
YML104C,YGL113W,0,1.0569433,0.11837335675954819,0.9675925970077515,0.7845765948295593
YER140W,YGL220W,0,1.0565927,0.11835995316505432,0.9675925970077515,0.7846774458885193
YOR351C,YOR242C,0,1.055845,0.11834654957056046,0.9675925970077515,0.7847782373428345
YEL026W,YLR399C,0,1.0550804,0.11833314597606659,0.9675925970077515,0.7848790287971497
YML104C,YGR218W,0,1.0539707,0.11831974983215332,0.9675925970077515,0.7849798202514648
YPL042C,YPL281C,0,1.0537664,0.11830635368824005,0.9675925970077515,0.7850806713104248
YNL327W,YPL243W,0,1.0534902,0.11829295754432678,0.9675925970077515,0.78518146276474
YKR090W,YNL286W,0,1.0533131,0.11827956885099411,0.9675925970077515,0.7852822542190552
YLR216C,YHR056C,0,1.0527815,0.11826618015766144,0.9675925970077515,0.7853830456733704
YIL103W,YGL108C,0,1.0521556,0.11825279891490936,0.9675925970077515,0.7854838967323303
YOR320C,YHR072W,0,1.0511816,0.11823941767215729,0.9675925970077515,0.7855846881866455
YOR351C,YBR048W,0,1.0509416,0.11822604387998581,0.9675925970077515,0.7856854796409607
YGL113W,YIL063C,0,1.050764,0.11821267008781433,0.9675925970077515,0.7857862710952759
YGR251W,YDR410C,0,1.0503567,0.11819929629564285,0.9675925970077515,0.7858871221542358
YML043C,YBR162C,0,1.0502026,0.11818592995405197,0.9675925970077515,0.785987913608551
YER014W,YJL019W,0,1.0501612,0.11817256361246109,0.9675925970077515,0.7860887050628662
YBR112C,YBL040C,0,1.0499331,0.1181592047214508,0.9675925970077515,0.7861894965171814
YBR074W,YGL063W,0,1.0493057,0.11814584583044052,0.9675925970077515,0.7862903475761414
YMR109W,YAL026C,0,1.0488734,0.11813248693943024,0.9675925970077515,0.7863911390304565
YOR168W,YLR175W,0,1.0486978,0.11811913549900055,0.9675925970077515,0.7864919304847717
YMR109W,YOR257W,0,1.0481577,0.11810578405857086,0.9675925970077515,0.7865927219390869
YKL203C,YAR018C,0,1.0477536,0.11809244006872177,0.9675925970077515,0.7866935729980469
YGL171W,YDR252W,0,1.047443,0.11807909607887268,0.9675925970077515,0.7867943644523621
YMR041C,YJL168C,0,1.0469095,0.11806575208902359,0.9675925970077515,0.7868951559066772
YJL034W,YGR189C,0,1.0465263,0.1180524155497551,0.9675925970077515,0.7869959473609924
YER179W,YMR219W,0,1.044536,0.1180390864610672,0.9675925970077515,0.7870967984199524
YLR188W,YDR508C,1,1.044462,0.11813869327306747,0.9685184955596924,0.7870967984199524
YOR373W,YHL023C,0,1.0443962,0.11812534928321838,0.9685184955596924,0.7871975898742676
YPL138C,YJR013W,0,1.0433934,0.11811201274394989,0.9685184955596924,0.7872983813285828
YGL067W,YER166W,0,1.0433544,0.1180986762046814,0.9685184955596924,0.787399172782898
YBR148W,YOR117W,0,1.0426176,0.1180853471159935,0.9685184955596924,0.7875000238418579
YPL097W,YOR242C,0,1.042438,0.1180720180273056,0.9685184955596924,0.7876008152961731
YDR081C,YPR103W,0,1.041835,0.1180586889386177,0.9685184955596924,0.7877016067504883
YBR148W,YLR024C,0,1.0415236,0.1180453673005104,0.9685184955596924,0.7878023982048035
YLR308W,YGR072W,0,1.041261,0.1180320456624031,0.9685184955596924,0.7879032492637634
YER144C,YIL107C,0,1.0408788,0.1180187314748764,0.9685184955596924,0.7880040407180786
YDL216C,YJL062W,0,1.0406641,0.1180054172873497,0.9685184955596924,0.7881048321723938
YGL071W,YLR286C,0,1.0405006,0.117992103099823,0.9685184955596924,0.788205623626709
YGR181W,YLR139C,1,1.0400801,0.11809158325195312,0.9694444537162781,0.788205623626709
YBR061C,YDR043C,0,1.0394491,0.11807826906442642,0.9694444537162781,0.788306474685669
YOR173W,YKR019C,0,1.0385758,0.11806495487689972,0.9694444537162781,0.7884072661399841
YBR148W,YPR091C,0,1.0380902,0.11805164068937302,0.9694444537162781,0.7885080575942993
YBR280C,YDL220C,0,1.0363646,0.11803833395242691,0.9694444537162781,0.7886088490486145
YPL175W,YLR113W,0,1.0363278,0.1180250272154808,0.9694444537162781,0.7887097001075745
YEL063C,YML034W,0,1.0363119,0.1180117204785347,0.9694444537162781,0.7888104915618896
YDL213C,YFR019W,0,1.0359043,0.11799842119216919,0.9694444537162781,0.7889112830162048
YDR118W,YOR066W,0,1.0353963,0.11798512190580368,0.9694444537162781,0.78901207447052
YGL038C,YOR061W,0,1.0351185,0.11797183007001877,0.9694444537162781,0.78911292552948
YAR014C,YJR118C,0,1.035067,0.11795853823423386,0.9694444537162781,0.7892137169837952
YPL248C,YGR009C,0,1.035037,0.11794525384902954,0.9694444537162781,0.7893145084381104
YLR013W,YBL069W,0,1.0348169,0.11793196946382523,0.9694444537162781,0.7894152998924255
YCL033C,YIL159W,0,1.0344244,0.11791868507862091,0.9694444537162781,0.7895161509513855
YPR185W,YCR042C,0,1.0340635,0.11790540814399719,0.9694444537162781,0.7896169424057007
YBR237W,YDL216C,0,1.0336169,0.11789213120937347,0.9694444537162781,0.7897177338600159
YIL097W,YLR440C,0,1.0334448,0.11787885427474976,0.9694444537162781,0.789818525314331
YKR071C,YNL187W,0,1.0328718,0.11786558479070663,0.9694444537162781,0.789919376373291
YNL222W,YML129C,0,1.031904,0.11785231530666351,0.9694444537162781,0.7900201678276062
YGR260W,YFR037C,0,1.031892,0.11783905327320099,0.9694444537162781,0.7901209592819214
YKL073W,YPR103W,0,1.0316906,0.11782579123973846,0.9694444537162781,0.7902217507362366
YPL083C,YER031C,1,1.0314636,0.11792506277561188,0.970370352268219,0.7902217507362366
YOL030W,YPR125W,0,1.030498,0.11791179329156876,0.970370352268219,0.7903226017951965
YLR263W,YLR113W,0,1.0304555,0.11789852380752563,0.970370352268219,0.7904233932495117
YJL042W,YMR019W,0,1.0303928,0.11788526177406311,0.970370352268219,0.7905241847038269
YML101C,YMR306W,0,1.0299168,0.11787200719118118,0.970370352268219,0.7906249761581421
YIL056W,YHR156C,0,1.0293959,0.11785875260829926,0.970370352268219,0.790725827217102
YPR156C,YDL003W,0,1.0286237,0.11784549802541733,0.970370352268219,0.7908266186714172
YKR056W,YNL302C,0,1.0285734,0.1178322434425354,0.970370352268219,0.7909274101257324
YBR083W,YGL261C,0,1.0278316,0.11781899631023407,0.970370352268219,0.7910282015800476
YDR043C,YOR290C,0,1.0275832,0.11780575662851334,0.970370352268219,0.7911290526390076
YLR320W,YDR330W,0,1.0260981,0.1177925169467926,0.970370352268219,0.7912298440933228
YLR390W-A,YGL179C,0,1.025811,0.11777927726507187,0.970370352268219,0.7913306355476379
YGL257C,YDR144C,0,1.0254327,0.11776603758335114,0.970370352268219,0.7914314270019531
YKL212W,YLR388W,0,1.0253079,0.117752805352211,0.970370352268219,0.7915322780609131
YJL058C,YPR030W,0,1.0242763,0.11773958057165146,0.970370352268219,0.7916330695152283
YPL115C,YDR125C,0,1.0238696,0.11772635579109192,0.970370352268219,0.7917338609695435
YKL073W,YDR362C,0,1.0233203,0.11771313101053238,0.970370352268219,0.7918346524238586
YGL171W,YCL050C,0,1.0223688,0.11769991368055344,0.970370352268219,0.7919355034828186
YNR072W,YMR286W,0,1.0219581,0.1176866963505745,0.970370352268219,0.7920362949371338
YOL030W,YJR091C,0,1.0216666,0.11767347902059555,0.970370352268219,0.792137086391449
YBR001C,YLR247C,0,1.0208908,0.1176602691411972,0.970370352268219,0.7922378778457642
YDR150W,YFL034C-B,0,1.0203872,0.11764705926179886,0.970370352268219,0.7923387289047241
YEL005C,YPL193W,0,1.0182436,0.11763385683298111,0.970370352268219,0.7924395203590393
YDR425W,YOR217W,0,1.0178457,0.11762065440416336,0.970370352268219,0.7925403118133545
YHR156C,YIR008C,0,1.016525,0.11760745197534561,0.970370352268219,0.7926411032676697
YNL278W,YCR089W,0,1.0160842,0.11759425699710846,0.970370352268219,0.7927419543266296
YNL251C,YDR046C,0,1.0151548,0.11758106201887131,0.970370352268219,0.7928427457809448
YOR101W,YOL158C,0,1.0148349,0.11756786704063416,0.970370352268219,0.79294353723526
YHR215W,YIR032C,0,1.0135164,0.1175546795129776,0.970370352268219,0.7930443286895752
YML064C,YDR480W,0,1.0123713,0.11754149943590164,0.970370352268219,0.7931451797485352
YLR147C,YIR032C,0,1.0122305,0.11752831935882568,0.970370352268219,0.7932459712028503
YOR173W,YPL138C,0,1.0121518,0.11751513928174973,0.970370352268219,0.7933467626571655
YDL126C,YLR071C,0,1.0118,0.11750195920467377,0.970370352268219,0.7934475541114807
YDR212W,YGL142C,0,1.0114948,0.1174887865781784,0.970370352268219,0.7935484051704407
YDR536W,YDL209C,0,1.0107579,0.11747562140226364,0.970370352268219,0.7936491966247559
YGL038C,YGR162W,0,1.0107477,0.11746244877576828,0.970370352268219,0.793749988079071
YBR289W,YGL194C,0,1.0106897,0.11744929105043411,0.970370352268219,0.7938507795333862
YJL165C,YOR250C,0,1.0089612,0.11743612587451935,0.970370352268219,0.7939516305923462
YLR068W,YKL081W,0,1.0088253,0.11742296814918518,0.970370352268219,0.7940524220466614
YOR351C,YMR042W,0,1.0086706,0.11740981042385101,0.970370352268219,0.7941532135009766
YIL056W,YJR060W,0,1.008187,0.11739666014909744,0.970370352268219,0.7942540049552917
YGL179C,YDR207C,0,1.0077549,0.11738350987434387,0.970370352268219,0.7943548560142517
YAL041W,YDR012W,0,1.0073502,0.1173703670501709,0.970370352268219,0.7944556474685669
YBR258C,YMR058W,0,1.0067077,0.11735722422599792,0.970370352268219,0.7945564389228821
YDR438W,YPL005W,1,1.0066652,0.11745604872703552,0.9712963104248047,0.7945564389228821
YGL179C,YHR056C,0,1.0060759,0.11744289845228195,0.9712963104248047,0.7946572303771973
YLR139C,YJR013W,0,1.0053827,0.11742975562810898,0.9712963104248047,0.7947580814361572
YLR315W,YOR071C,0,1.0041759,0.117416612803936,0.9712963104248047,0.7948588728904724
YAL055W,YDR507C,0,1.0030023,0.11740346997976303,0.9712963104248047,0.7949596643447876
YML034W,YEL060C,0,1.0026056,0.11739033460617065,0.9712963104248047,0.7950604557991028
YMR183C,YOR101W,0,1.0014654,0.11737719923257828,0.9712963104248047,0.7951613068580627
YLR435W,YDR365C,0,1.0014266,0.1173640638589859,0.9712963104248047,0.7952620983123779
YEL056W,YBL027W,0,1.0006285,0.11735093593597412,0.9712963104248047,0.7953628897666931
YPL250C,YDR011W,0,1.000275,0.11733780801296234,0.9712963104248047,0.7954636812210083
YBR042C,YOL069W,0,0.998092,0.11732468754053116,0.9712963104248047,0.7955645322799683
YGL090W,YBR001C,0,0.99723417,0.11731156706809998,0.9712963104248047,0.7956653237342834
YOR130C,YMR061W,0,0.9968101,0.11729844659566879,0.9712963104248047,0.7957661151885986
YBR021W,YGR187C,0,0.99673396,0.1172853335738182,0.9712963104248047,0.7958669066429138
YPL177C,YHL023C,0,0.9964234,0.11727222055196762,0.9712963104248047,0.7959677577018738
YPL012W,YOR154W,0,0.9963637,0.11725910753011703,0.9712963104248047,0.796068549156189
YNL298W,YEL022W,0,0.99592644,0.11724600195884705,0.9712963104248047,0.7961693406105042
YBR152W,YIL097W,0,0.99478,0.11723290383815765,0.9712963104248047,0.7962701320648193
YCL052C,YMR227C,0,0.9944167,0.11721979826688766,0.9712963104248047,0.7963709831237793
YER176W,YMR058W,0,0.99400896,0.11720670759677887,0.9712963104248047,0.7964717745780945
YBL031W,YLR368W,0,0.99190193,0.11719360947608948,0.9712963104248047,0.7965725660324097
YPL023C,YMR201C,0,0.99153346,0.11718051880598068,0.9712963104248047,0.7966733574867249
YBR154C,YDR320C,0,0.9915022,0.11716742813587189,0.9712963104248047,0.7967742085456848
YBR112C,YOR224C,0,0.99135,0.11715434491634369,0.9712963104248047,0.796875
YPL281C,YNL014W,0,0.9910696,0.11714126169681549,0.9712963104248047,0.7969757914543152
YGL240W,YPR049C,0,0.99011284,0.11712818592786789,0.9712963104248047,0.7970766425132751
YMR098C,YML021C,0,0.99003667,0.11711510270833969,0.9712963104248047,0.7971774339675903
YML115C,YBL056W,0,0.9896706,0.11710203438997269,0.9712963104248047,0.7972782254219055
YLR431C,YFL028C,0,0.9859583,0.11708895862102509,0.9712963104248047,0.7973790168762207
YML064C,YOR101W,0,0.9859113,0.11707589030265808,0.9712963104248047,0.7974798679351807
YOR140W,YPL209C,0,0.9858211,0.11706282943487167,0.9712963104248047,0.7975806593894958
YPR156C,YKR072C,0,0.9851911,0.11704976856708527,0.9712963104248047,0.797681450843811
YLR105C,YPL160W,0,0.98466665,0.11703670769929886,0.9712963104248047,0.7977822422981262
YLR388W,YJL165C,0,0.9845126,0.11702364683151245,0.9712963104248047,0.7978830933570862
YOL143C,YML061C,1,0.98421896,0.11712214350700378,0.9722222089767456,0.7978830933570862
YPL204W,YEL056W,0,0.9841742,0.11710907518863678,0.9722222089767456,0.7979838848114014
YDR363W,YPL167C,0,0.9840685,0.11709602177143097,0.9722222089767456,0.7980846762657166
YKL138C-A,YPR046W,0,0.9829993,0.11708296090364456,0.9722222089767456,0.7981854677200317
YGL168W,YPL064C,0,0.98162395,0.11706990748643875,0.9722222089767456,0.7982863187789917
YKR056W,YLR308W,0,0.97658074,0.11705685406923294,0.9722222089767456,0.7983871102333069
YHR191C,YPR065W,0,0.97454435,0.11704380810260773,0.9722222089767456,0.7984879016876221
YLR390W-A,YHR075C,0,0.9744655,0.11703076213598251,0.9722222089767456,0.7985886931419373
YBR248C,YJL051W,0,0.9743699,0.1170177161693573,0.9722222089767456,0.7986895442008972
YLR013W,YJL062W,0,0.9740211,0.11700467765331268,0.9722222089767456,0.7987903356552124
YJL160C,YGL229C,0,0.97360986,0.11699164658784866,0.9722222089767456,0.7988911271095276
YKR072C,YBL063W,0,0.97342366,0.11697860807180405,0.9722222089767456,0.7989919185638428
YDR081C,YKR071C,0,0.9729724,0.11696557700634003,0.9722222089767456,0.7990927696228027
YER055C,YDR086C,0,0.9724485,0.1169525533914566,0.9722222089767456,0.7991935610771179
YDR301W,YLR068W,0,0.97188354,0.11693952232599258,0.9722222089767456,0.7992943525314331
YBR070C,YMR306W,0,0.9717186,0.11692650616168976,0.9722222089767456,0.7993951439857483
YKL212W,YKL224C,0,0.97113556,0.11691348254680634,0.9722222089767456,0.7994959950447083
YKL125W,YBR150C,0,0.97089386,0.11690046638250351,0.9722222089767456,0.7995967864990234
YHR072W,YOL056W,0,0.9703473,0.11688745766878128,0.9722222089767456,0.7996975779533386
YLR197W,YCR031C,0,0.9694785,0.11687444150447845,0.9722222089767456,0.7997983694076538
YJR004C,YLR389C,0,0.96776134,0.11686143279075623,0.9722222089767456,0.7998992204666138
YNR056C,YGL136C,0,0.9670245,0.1168484315276146,0.9722222089767456,0.800000011920929
YBR031W,YEL054C,0,0.9656194,0.11683543026447296,0.9722222089767456,0.8001008033752441
YPR185W,YNR019W,0,0.9654464,0.11682242900133133,0.9722222089767456,0.8002015948295593
YGR154C,YFR025C,0,0.9654146,0.1168094351887703,0.9722222089767456,0.8003024458885193
YGR065C,YOR373W,0,0.9652649,0.11679644137620926,0.9722222089767456,0.8004032373428345
YOR140W,YGR133W,0,0.96429485,0.11678344756364822,0.9722222089767456,0.8005040287971497
YPL228W,YPR046W,0,0.963911,0.11677046120166779,0.9722222089767456,0.8006048202514648
YOL158C,YPL053C,0,0.9636422,0.11675747483968735,0.9722222089767456,0.8007056713104248
YMR233W,YOR312C,0,0.96216303,0.1167444959282875,0.9722222089767456,0.80080646276474
YNL003C,YDR144C,0,0.96216136,0.11673151701688766,0.9722222089767456,0.8009072542190552
YBL013W,YCL031C,0,0.9620212,0.11671853810548782,0.9722222089767456,0.8010080456733704
YBL027W,YKR019C,0,0.961168,0.11670556664466858,0.9722222089767456,0.8011088967323303
YBR239C,YDR485C,0,0.9610055,0.11669259518384933,0.9722222089767456,0.8012096881866455
YJL056C,YLR139C,0,0.9609528,0.11667963117361069,0.9722222089767456,0.8013104796409607
YLR286C,YGR233C,0,0.9609338,0.11666666716337204,0.9722222089767456,0.8014112710952759
YDR090C,YML114C,0,0.9593188,0.11665370315313339,0.9722222089767456,0.8015121221542358
YLR043C,YLR215C,0,0.9590845,0.11664074659347534,0.9722222089767456,0.801612913608551
YPL250C,YEL069C,0,0.95894414,0.11662779003381729,0.9722222089767456,0.8017137050628662
YJL111W,YDR362C,0,0.9588818,0.11661484092473984,0.9722222089767456,0.8018144965171814
YBR233W-A,YDR280W,0,0.9585355,0.11660188436508179,0.9722222089767456,0.8019153475761414
YAL041W,YOR066W,0,0.9582973,0.11658894270658493,0.9722222089767456,0.8020161390304565
YMR047C,YJR091C,0,0.9579551,0.11657599359750748,0.9722222089767456,0.8021169304847717
YLR318W,YDR146C,0,0.95790124,0.11656305193901062,0.9722222089767456,0.8022177219390869
YGL210W,YOL163W,0,0.95634013,0.11655011773109436,0.9722222089767456,0.8023185729980469
YBR091C,YPR043W,0,0.9560931,0.1165371835231781,0.9722222089767456,0.8024193644523621
YPR041W,YJL165C,0,0.955889,0.11652424931526184,0.9722222089767456,0.8025201559066772
YHR074W,YNL145W,0,0.95500046,0.11651131510734558,0.9722222089767456,0.8026209473609924
YER051W,YOR143C,0,0.954874,0.11649838835000992,0.9722222089767456,0.8027217984199524
YAL038W,YBR084C-A,0,0.9546833,0.11648546904325485,0.9722222089767456,0.8028225898742676
YPR032W,YDL065C,0,0.95389307,0.11647254228591919,0.9722222089767456,0.8029233813285828
YFR004W,YCR089W,0,0.9538768,0.11645963042974472,0.9722222089767456,0.803024172782898
YBR148W,YER017C,0,0.95321625,0.11644671112298965,0.9722222089767456,0.8031250238418579
YML026C,YCL027W,0,0.9530726,0.11643379926681519,0.9722222089767456,0.8032258152961731
YDL116W,YGR144W,0,0.95297277,0.11642088741064072,0.9722222089767456,0.8033266067504883
YIL009W,YJR106W,0,0.95242935,0.11640798300504684,0.9722222089767456,0.8034273982048035
YPL177C,YKR072C,0,0.9523807,0.11639507859945297,0.9722222089767456,0.8035282492637634
YAL026C,YLR139C,0,0.9518538,0.1163821741938591,0.9722222089767456,0.8036290407180786
YJR004C,YAL041W,0,0.9499178,0.11636927723884583,0.9722222089767456,0.8037298321723938
YLR424W,YLR248W,0,0.94846976,0.11635638028383255,0.9722222089767456,0.803830623626709
YDR260C,YPR125W,0,0.9483611,0.11634349077939987,0.9722222089767456,0.803931474685669
YPL248C,YDR297W,0,0.9481966,0.1163306012749672,0.9722222089767456,0.8040322661399841
YER166W,YLL039C,0,0.9481706,0.11631771177053452,0.9722222089767456,0.8041330575942993
YBR001C,YOR290C,0,0.9477922,0.11630482971668243,0.9722222089767456,0.8042338490486145
YOR336W,YLR274W,0,0.94696975,0.11629194766283035,0.9722222089767456,0.8043347001075745
YPR045C,YGL229C,0,0.94633764,0.11627907305955887,0.9722222089767456,0.8044354915618896
YDL059C,YPL176C,0,0.94575244,0.11626619100570679,0.9722222089767456,0.8045362830162048
YKL134C,YMR227C,0,0.9448954,0.1162533238530159,0.9722222089767456,0.80463707447052
YDR192C,YHR043C,0,0.9446714,0.11624044924974442,0.9722222089767456,0.80473792552948
YLR369W,YAR002W,0,0.94461733,0.11622758209705353,0.9722222089767456,0.8048387169837952
YEL017C-A,YJL186W,0,0.94446,0.11621472239494324,0.9722222089767456,0.8049395084381104
YOL064C,YLR067C,0,0.9437057,0.11620186269283295,0.9722222089767456,0.8050402998924255
YPL165C,YPL023C,0,0.94365275,0.11618900299072266,0.9722222089767456,0.8051411509513855
YER051W,YPL164C,0,0.94311583,0.11617614328861237,0.9722222089767456,0.8052419424057007
YML115C,YBL018C,0,0.94288665,0.11616329103708267,0.9722222089767456,0.8053427338600159
YIL170W,YPR049C,0,0.942429,0.11615043878555298,0.9722222089767456,0.805443525314331
YPL282C,YJR091C,0,0.9419438,0.11613759398460388,0.9722222089767456,0.805544376373291
YPL024W,YOR242C,0,0.9414976,0.11612474918365479,0.9722222089767456,0.8056451678276062
YGR082W,YJL209W,1,0.9402667,0.11622249335050583,0.9731481671333313,0.8056451678276062
YIL063C,YBR070C,0,0.939731,0.11620964109897614,0.9731481671333313,0.8057459592819214
YLR216C,YPL053C,0,0.9396972,0.11619679629802704,0.9731481671333313,0.8058467507362366
YNR020C,YLR265C,0,0.93894327,0.11618395149707794,0.9731481671333313,0.8059476017951965
YDR435C,YLR336C,0,0.93883437,0.11617110669612885,0.9731481671333313,0.8060483932495117
YGR154C,YOR312C,0,0.9388096,0.11615826934576035,0.9731481671333313,0.8061491847038269
YGR255C,YOL109W,1,0.93827474,0.11625593900680542,0.9740740656852722,0.8061491847038269
YDL145C,YHL023C,0,0.9380719,0.11624309420585632,0.9740740656852722,0.8062499761581421
YDR150W,YMR026C,0,0.93789023,0.11623024940490723,0.9740740656852722,0.806350827217102
YLR240W,YLR136C,0,0.93742675,0.11621741205453873,0.9740740656852722,0.8064516186714172
YJR147W,YOR014W,0,0.9363706,0.11620457470417023,0.9740740656852722,0.8065524101257324
YPL218W,YDL084W,0,0.9358167,0.11619173735380173,0.9740740656852722,0.8066532015800476
YDL126C,YGL044C,0,0.93581593,0.11617890745401382,0.9740740656852722,0.8067540526390076
YKR072C,YGL136C,0,0.9357969,0.11616607755422592,0.9740740656852722,0.8068548440933228
YDR200C,YGR143W,0,0.93550444,0.11615325510501862,0.9740740656852722,0.8069556355476379
YGL254W,YAL063C,0,0.93494546,0.11614042520523071,0.9740740656852722,0.8070564270019531
YLR440C,YDR192C,0,0.93439865,0.116127610206604,0.9740740656852722,0.8071572780609131
YPR185W,YER093C,0,0.9343296,0.1161147877573967,0.9740740656852722,0.8072580695152283
YNL186W,YIL043C,0,0.93428123,0.11610197275876999,0.9740740656852722,0.8073588609695435
YBR236C,YHL022C,0,0.93407804,0.11608916521072388,0.9740740656852722,0.8074596524238586
YHR165C,YGR178C,0,0.93395084,0.11607635766267776,0.9740740656852722,0.8075605034828186
YML130C,YKL138C-A,0,0.9338072,0.11606355011463165,0.9740740656852722,0.8076612949371338
YOL115W,YCR075C,0,0.9333009,0.11605074256658554,0.9740740656852722,0.807762086391449
YMR008C,YCL016C,0,0.93171006,0.11603794246912003,0.9740740656852722,0.8078628778457642
YGR027C,YDR034C,0,0.9310494,0.11602514982223511,0.9740740656852722,0.8079637289047241
YKR056W,YOR117W,0,0.93025655,0.11601234972476959,0.9740740656852722,0.8080645203590393
YBR049C,YJL165C,0,0.9299565,0.11599955707788467,0.9740740656852722,0.8081653118133545
YIL052C,YPL089C,0,0.92897075,0.11598677188158035,0.9740740656852722,0.8082661032676697
YKL220C,YDL054C,0,0.9279242,0.11597398668527603,0.9740740656852722,0.8083669543266296
YHR161C,YMR134W,0,0.92692727,0.11596120148897171,0.9740740656852722,0.8084677457809448
YGR106C,YOL120C,0,0.9258686,0.11594841629266739,0.9740740656852722,0.80856853723526
YGR072W,YML106W,0,0.9253401,0.11593563854694366,0.9740740656852722,0.8086693286895752
YHR150W,YLR176C,0,0.9249276,0.11592286825180054,0.9740740656852722,0.8087701797485352
YGL257C,YCL016C,0,0.9247221,0.11591009050607681,0.9740740656852722,0.8088709712028503
YDL100C,YLR357W,0,0.9236228,0.11589732021093369,0.9740740656852722,0.8089717626571655
YPL175W,YDR523C,0,0.92335886,0.11588455736637115,0.9740740656852722,0.8090725541114807
YHL033C,YLR274W,0,0.9232089,0.11587179452180862,0.9740740656852722,0.8091734051704407
YMR047C,YMR182C,0,0.92290926,0.1158590316772461,0.9740740656852722,0.8092741966247559
YDR062W,YKR019C,0,0.9222942,0.11584626883268356,0.9740740656852722,0.809374988079071
YMR061W,YLR324W,0,0.9215738,0.11583351343870163,0.9740740656852722,0.8094757795333862
YDR125C,YMR026C,0,0.92150944,0.11582076549530029,0.9740740656852722,0.8095766305923462
YDR490C,YMR109W,0,0.9199572,0.11580801755189896,0.9740740656852722,0.8096774220466614
YOR212W,YLR248W,0,0.91985065,0.11579526960849762,0.9740740656852722,0.8097782135009766
YEL026W,YER185W,0,0.91949004,0.11578252166509628,0.9740740656852722,0.8098790049552917
YLR020C,YNL317W,0,0.9186541,0.11576978117227554,0.9740740656852722,0.8099798560142517
YOR176W,YDR125C,1,0.91865236,0.11586707830429077,0.9750000238418579,0.8099798560142517
YNL206C,YDR150W,0,0.918531,0.11585433036088943,0.9750000238418579,0.8100806474685669
YCR047C,YER075C,0,0.9184592,0.1158415824174881,0.9750000238418579,0.8101814389228821
YCL050C,YOR117W,0,0.918358,0.11582884192466736,0.9750000238418579,0.8102822303771973
YPL204W,YPL160W,0,0.9183207,0.11581610143184662,0.9750000238418579,0.8103830814361572
YDR181C,YIL107C,0,0.9178327,0.11580336838960648,0.9750000238418579,0.8104838728904724
YHL033C,YMR306W,0,0.9174416,0.11579062789678574,0.9750000238418579,0.8105846643447876
YGL201C,YIR032C,0,0.9165309,0.11577790230512619,0.9750000238418579,0.8106854557991028
YML013W,YDL058W,0,0.9162099,0.11576516926288605,0.9750000238418579,0.8107863068580627
YLR390W-A,YLR234W,0,0.91580445,0.1157524436712265,0.9750000238418579,0.8108870983123779
YPR005C,YGL122C,0,0.9158003,0.11573972553014755,0.9750000238418579,0.8109878897666931
YJR007W,YEL056W,0,0.9154457,0.115726999938488,0.9750000238418579,0.8110886812210083
YPL175W,YKL096W,0,0.9152469,0.11571428924798965,0.9750000238418579,0.8111895322799683
YNL180C,YIL052C,0,0.914362,0.1157015711069107,0.9750000238418579,0.8112903237342834
YJL129C,YLR418C,0,0.91433877,0.11568886041641235,0.9750000238418579,0.8113911151885986
YNL009W,YMR227C,0,0.91394377,0.115676149725914,0.9750000238418579,0.8114919066429138
YDR410C,YPR199C,0,0.9135898,0.11566344648599625,0.9750000238418579,0.8115927577018738
YER144C,YLR315W,0,0.9135693,0.11565074324607849,0.9750000238418579,0.811693549156189
YOR130C,YPL215W,1,0.9131736,0.1157478615641594,0.9759259223937988,0.811693549156189
YFR026C,YDR419W,0,0.9130275,0.11573515087366104,0.9759259223937988,0.8117943406105042
YGL048C,YOR257W,0,0.9125898,0.11572244018316269,0.9759259223937988,0.8118951320648193
YJL076W,YDL103C,0,0.91095144,0.11570973694324493,0.9759259223937988,0.8119959831237793
YHR056C,YHR124W,0,0.9108622,0.11569703370332718,0.9759259223937988,0.8120967745780945
YDR361C,YML021C,0,0.9103344,0.11568433791399002,0.9759259223937988,0.8121975660324097
YJL165C,YCR020W-B,0,0.90876985,0.11567164212465286,0.9759259223937988,0.8122983574867249
YOR168W,YMR183C,0,0.9087303,0.1156589463353157,0.9759259223937988,0.8123992085456848
YHR044C,YDR212W,0,0.9085557,0.11564625799655914,0.9759259223937988,0.8125
YOL149W,YJL051W,0,0.90726715,0.11563356965780258,0.9759259223937988,0.8126007914543152
YDR427W,YOR365C,0,0.9055654,0.11562088876962662,0.9759259223937988,0.8127016425132751
YGL210W,YMR241W,1,0.9049588,0.11571788787841797,0.9768518805503845,0.8127016425132751
YLR293C,YER110C,0,0.9048298,0.11570519953966141,0.9768518805503845,0.8128024339675903
YBL013W,YDR273W,0,0.904204,0.11569251120090485,0.9768518805503845,0.8129032254219055
YGL128C,YDR030C,0,0.9040808,0.11567982286214828,0.9768518805503845,0.8130040168762207
YLR385C,YPL281C,0,0.90385187,0.11566714197397232,0.9768518805503845,0.8131048679351807
YLR020C,YHR120W,0,0.90349245,0.11565446108579636,0.9768518805503845,0.8132056593894958
YJL058C,YBR205W,0,0.9034731,0.11564178764820099,0.9768518805503845,0.813306450843811
YGR194C,YLR265C,0,0.902399,0.11562910676002502,0.9768518805503845,0.8134072422981262
YPR083W,YFR037C,0,0.9012396,0.11561644077301025,0.9768518805503845,0.8135080933570862
YJL010C,YDR022C,0,0.9012076,0.11560376733541489,0.9768518805503845,0.8136088848114014
YKL146W,YHL022C,0,0.89881694,0.11559110134840012,0.9768518805503845,0.8137096762657166
YBR180W,YMR033W,0,0.89777356,0.11557844281196594,0.9768518805503845,0.8138104677200317
YBL066C,YBR289W,0,0.89591974,0.11556577682495117,0.9768518805503845,0.8139113187789917
YDR091C,YHR117W,0,0.8958297,0.115553118288517,0.9768518805503845,0.8140121102333069
YLR380W,YFL034C-B,0,0.894702,0.11554046720266342,0.9768518805503845,0.8141129016876221
YJL165C,YFL034C-B,0,0.89464873,0.11552781611680984,0.9768518805503845,0.8142136931419373
YIL097W,YAL041W,0,0.894647,0.11551516503095627,0.9768518805503845,0.8143145442008972
YBR015C,YCR075C,0,0.8943624,0.11550252139568329,0.9768518805503845,0.8144153356552124
YMR123W,YER057C,0,0.89372814,0.11548987776041031,0.9768518805503845,0.8145161271095276
YPL167C,YCR081W,0,0.8916283,0.11547723412513733,0.9768518805503845,0.8146169185638428
YER029C,YLR248W,0,0.8905604,0.11546459794044495,0.9768518805503845,0.8147177696228027
YOR388C,YKL135C,0,0.89038473,0.11545196175575256,0.9768518805503845,0.8148185610771179
YDL183C,YDR273W,0,0.8903686,0.11543932557106018,0.9768518805503845,0.8149193525314331
YMR260C,YPL176C,0,0.888433,0.1154266968369484,0.9768518805503845,0.8150201439857483
YLR286C,YML071C,0,0.8881521,0.11541406810283661,0.9768518805503845,0.8151209950447083
YBR112C,YHR111W,0,0.8878952,0.11540144681930542,0.9768518805503845,0.8152217864990234
YLR066W,YML012W,0,0.88720113,0.11538882553577423,0.9768518805503845,0.8153225779533386
YKR007W,YDR146C,0,0.88632727,0.11537620425224304,0.9768518805503845,0.8154233694076538
YPL204W,YLR025W,0,0.8859679,0.11536358296871185,0.9768518805503845,0.8155242204666138
YOR140W,YOR347C,0,0.88550097,0.11535097658634186,0.9768518805503845,0.815625011920929
YEL026W,YNL251C,0,0.885338,0.11533836275339127,0.9768518805503845,0.8157258033752441
YOR116C,YKL073W,0,0.88513476,0.11532575637102127,0.9768518805503845,0.8158265948295593
YKL049C,YNL310C,0,0.8847845,0.11531314998865128,0.9768518805503845,0.8159274458885193
YPL190C,YLR088W,0,0.8833533,0.11530054360628128,0.9768518805503845,0.8160282373428345
YER045C,YDR297W,0,0.8832233,0.11528794467449188,0.9768518805503845,0.8161290287971497
YDL216C,YDL195W,0,0.8815793,0.11527535319328308,0.9768518805503845,0.8162298202514648
YLR175W,YNL186W,0,0.8807261,0.11526275426149368,0.9768518805503845,0.8163306713104248
YBL013W,YGL054C,0,0.88041437,0.11525016278028488,0.9768518805503845,0.81643146276474
YKR090W,YAR003W,0,0.88039345,0.11523757874965668,0.9768518805503845,0.8165322542190552
YKL203C,YOR312C,0,0.88018876,0.11522498726844788,0.9768518805503845,0.8166330456733704
YDR108W,YDR376W,0,0.87931204,0.11521240323781967,0.9768518805503845,0.8167338967323303
YDR011W,YDR414C,0,0.87928885,0.11519982665777206,0.9768518805503845,0.8168346881866455
YMR165C,YCR089W,0,0.8785203,0.11518725007772446,0.9768518805503845,0.8169354796409607
YHR156C,YMR105C,0,0.877978,0.11517467349767685,0.9768518805503845,0.8170362710952759
YMR123W,YLR440C,0,0.87731487,0.11516209691762924,0.9768518805503845,0.8171371221542358
YLL019C,YMR163C,0,0.8759876,0.11514952778816223,0.9768518805503845,0.817237913608551
YBL056W,YOR037W,0,0.87575036,0.11513696610927582,0.9768518805503845,0.8173387050628662
YDR495C,YOR017W,0,0.87482005,0.11512439697980881,0.9768518805503845,0.8174394965171814
YOR341W,YDR480W,0,0.8742499,0.1151118353009224,0.9768518805503845,0.8175403475761414
YLR020C,YGR106C,0,0.87238353,0.11509928107261658,0.9768518805503845,0.8176411390304565
YER174C,YLR105C,0,0.8710205,0.11508672684431076,0.9768518805503845,0.8177419304847717
YDL010W,YGR133W,0,0.8710018,0.11507417261600494,0.9768518805503845,0.8178427219390869
YOL038W,YDR501W,0,0.8694738,0.11506161838769913,0.9768518805503845,0.8179435729980469
YOL088C,YNL088W,0,0.8689696,0.11504907160997391,0.9768518805503845,0.8180443644523621
YGL128C,YPL016W,0,0.86722076,0.11503652483224869,0.9768518805503845,0.8181451559066772
YOR163W,YJR145C,0,0.8665648,0.11502398550510406,0.9768518805503845,0.8182459473609924
YDR289C,YPR072W,0,0.86610454,0.11501144617795944,0.9768518805503845,0.8183467984199524
YDR081C,YGL252C,0,0.86590344,0.11499890685081482,0.9768518805503845,0.8184475898742676
YBR201W,YBR060C,0,0.86517704,0.1149863749742508,0.9768518805503845,0.8185483813285828
YJL012C,YKL134C,0,0.8629099,0.11497384309768677,0.9768518805503845,0.818649172782898
YOL120C,YPR041W,0,0.8618538,0.11496131867170334,0.9768518805503845,0.8187500238418579
YER038C,YMR150C,0,0.8605897,0.11494879424571991,0.9768518805503845,0.8188508152961731
YLR315W,YIL107C,0,0.86035126,0.11493626981973648,0.9768518805503845,0.8189516067504883
YPL190C,YGL048C,0,0.8603343,0.11492374539375305,0.9768518805503845,0.8190523982048035
YPL248C,YDL195W,0,0.86014944,0.11491122841835022,0.9768518805503845,0.8191532492637634
YOR242C,YLR315W,0,0.85972875,0.11489871144294739,0.9768518805503845,0.8192540407180786
YKR056W,YER057C,0,0.85972327,0.11488620191812515,0.9768518805503845,0.8193548321723938
YOL100W,YFR036W,0,0.8595815,0.11487369239330292,0.9768518805503845,0.819455623626709
YPL160W,YNL302C,0,0.8591912,0.11486119031906128,0.9768518805503845,0.819556474685669
YER014W,YDR490C,0,0.85807914,0.11484868079423904,0.9768518805503845,0.8196572661399841
YOR168W,YNL048W,0,0.8579441,0.1148361787199974,0.9768518805503845,0.8197580575942993
YDR021W,YCL017C,0,0.8578462,0.11482368409633636,0.9768518805503845,0.8198588490486145
YBR289W,YBR169C,0,0.8560262,0.11481118947267532,0.9768518805503845,0.8199597001075745
YNL063W,YOR017W,0,0.85570544,0.11479869484901428,0.9768518805503845,0.8200604915618896
YEL063C,YFR037C,0,0.8552391,0.11478620022535324,0.9768518805503845,0.8201612830162048
YIL159W,YMR135C,0,0.8550607,0.1147737130522728,0.9768518805503845,0.82026207447052
YKL089W,YOR035C,0,0.854406,0.11476123332977295,0.9768518805503845,0.82036292552948
YML103C,YAL017W,0,0.8543469,0.1147487461566925,0.9768518805503845,0.8204637169837952
YBR297W,YBR295W,0,0.85286814,0.11473626643419266,0.9768518805503845,0.8205645084381104
YCR055C,YHR143W,0,0.8524083,0.11472379416227341,0.9768518805503845,0.8206652998924255
YDL122W,YNL009W,0,0.8520252,0.11471132189035416,0.9768518805503845,0.8207661509513855
YJR140C,YGR144W,0,0.8518442,0.1146988496184349,0.9768518805503845,0.8208669424057007
YBR133C,YGL063W,0,0.8512449,0.11468637734651566,0.9768518805503845,0.8209677338600159
YPL234C,YGL012W,0,0.85085166,0.114673912525177,0.9768518805503845,0.821068525314331
YBR112C,YHR143W,0,0.8507984,0.11466144770383835,0.9768518805503845,0.821169376373291
YGL054C,YIL008W,0,0.85013765,0.11464899033308029,0.9768518805503845,0.8212701678276062
YPL139C,YBL031W,0,0.8493803,0.11463653296232224,0.9768518805503845,0.8213709592819214
YBR133C,YNL014W,0,0.8493756,0.11462407559156418,0.9768518805503845,0.8214717507362366
YIL047C,YLR068W,0,0.8488508,0.11461162567138672,0.9768518805503845,0.8215726017951965
YLR424W,YOL012C,0,0.8484916,0.11459917575120926,0.9768518805503845,0.8216733932495117
YDR195W,YNL187W,0,0.8478275,0.1145867258310318,0.9768518805503845,0.8217741847038269
YPL023C,YNL151C,0,0.8470009,0.11457428336143494,0.9768518805503845,0.8218749761581421
YDR503C,YFL025C,0,0.8459851,0.11456184089183807,0.9768518805503845,0.821975827217102
YLR318W,YOR250C,0,0.8449263,0.11454940587282181,0.9768518805503845,0.8220766186714172
YNL151C,YPR095C,0,0.84474987,0.11453696340322495,0.9768518805503845,0.8221774101257324
YGR238C,YLR369W,0,0.8442859,0.11452453583478928,0.9768518805503845,0.8222782015800476
YGR162W,YIR033W,0,0.8438687,0.11451210081577301,0.9768518805503845,0.8223790526390076
YPR104C,YPR113W,0,0.8428369,0.11449967324733734,0.9768518805503845,0.8224798440933228
YDR287W,YOL158C,0,0.8422851,0.11448724567890167,0.9768518805503845,0.8225806355476379
YNL088W,YDR244W,0,0.84138966,0.1144748255610466,0.9768518805503845,0.8226814270019531
YML047C,YGR240C,0,0.8412975,0.11446240544319153,0.9768518805503845,0.8227822780609131
YPL177C,YBR248C,0,0.8412482,0.11444999277591705,0.9768518805503845,0.8228830695152283
YFR034C,YJL183W,0,0.84099406,0.11443757265806198,0.9768518805503845,0.8229838609695435
YHR109W,YBR213W,0,0.84077436,0.1144251599907875,0.9768518805503845,0.8230846524238586
YDR181C,YJL141C,0,0.84035945,0.11441275477409363,0.9768518805503845,0.8231855034828186
YER040W,YNL049C,0,0.84016776,0.11440034955739975,0.9768518805503845,0.8232862949371338
YIL019W,YBR096W,0,0.8390704,0.11438794434070587,0.9768518805503845,0.823387086391449
YJL058C,YBL093C,0,0.83799076,0.114375539124012,0.9768518805503845,0.8234878778457642
YNL298W,YOR014W,0,0.83734214,0.11436314135789871,0.9768518805503845,0.8235887289047241
YHR120W,YBR001C,0,0.8367679,0.11435075104236603,0.9768518805503845,0.8236895203590393
YKL002W,YPR162C,0,0.83635277,0.11433835327625275,0.9768518805503845,0.8237903118133545
YHR044C,YLR263W,0,0.8362993,0.11432596296072006,0.9768518805503845,0.8238911032676697
YLR017W,YDL195W,0,0.8359582,0.11431358009576797,0.9768518805503845,0.8239919543266296
YOR197W,YPR095C,0,0.8356753,0.11430118978023529,0.9768518805503845,0.8240927457809448
YER075C,YJL062W,0,0.8352687,0.1142888069152832,0.9768518805503845,0.82419353723526
YFL010W-A,YKL104C,0,0.8340351,0.11427643150091171,0.9768518805503845,0.8242943286895752
YPL167C,YHR193C,0,0.8331436,0.11426405608654022,0.9768518805503845,0.8243951797485352
YGL090W,YPR185W,0,0.8327876,0.11425168067216873,0.9768518805503845,0.8244959712028503
YIL170W,YNL310C,0,0.8326742,0.11423930525779724,0.9768518805503845,0.8245967626571655
YKL146W,YMR019W,0,0.83261853,0.11422693729400635,0.9768518805503845,0.8246975541114807
YHR120W,YAL017W,0,0.83194274,0.11421456933021545,0.9768518805503845,0.8247984051704407
YKR008W,YNL048W,0,0.831474,0.11420220881700516,0.9768518805503845,0.8248991966247559
YJL222W,YKR019C,0,0.8311934,0.11418984830379486,0.9768518805503845,0.824999988079071
YLR139C,YMR288W,0,0.8305244,0.11417748779058456,0.9768518805503845,0.8251007795333862
YLR431C,YCR032W,0,0.8287411,0.11416513472795486,0.9768518805503845,0.8252016305923462
YKL125W,YOR085W,0,0.82815546,0.11415278166532516,0.9768518805503845,0.8253024220466614
YKL018W,YMR227C,0,0.82778484,0.11414042860269547,0.9768518805503845,0.8254032135009766
YGL128C,YOR035C,0,0.82545954,0.11412808299064636,0.9768518805503845,0.8255040049552917
YOL069W,YGR295C,0,0.8244181,0.11411573737859726,0.9768518805503845,0.8256048560142517
YIR004W,YKL096W,0,0.8237544,0.11410339921712875,0.9768518805503845,0.8257056474685669
YBR240C,YLR002C,0,0.8212255,0.11409105360507965,0.9768518805503845,0.8258064389228821
YJL012C,YDR363W,0,0.82051766,0.11407872289419174,0.9768518805503845,0.8259072303771973
YHL028W,YNL302C,0,0.82003564,0.11406638473272324,0.9768518805503845,0.8260080814361572
YDR177W,YBR233W-A,0,0.8196582,0.11405405402183533,0.9768518805503845,0.8261088728904724
YDR377W,YOR242C,0,0.8194664,0.11404172331094742,0.9768518805503845,0.8262096643447876
YLR172C,YDR108W,0,0.8184596,0.1140294000506401,0.9768518805503845,0.8263104557991028
YLR061W,YPL204W,0,0.8177586,0.1140170767903328,0.9768518805503845,0.8264113068580627
YLR071C,YHR072W,0,0.81749165,0.11400475353002548,0.9768518805503845,0.8265120983123779
YDR536W,YPL268W,0,0.8169059,0.11399243772029877,0.9768518805503845,0.8266128897666931
YER045C,YBR048W,0,0.81630915,0.11398012191057205,0.9768518805503845,0.8267136812210083
YOL109W,YCR020W-B,0,0.8161052,0.11396780610084534,0.9768518805503845,0.8268145322799683
YAL008W,YPR199C,0,0.81605536,0.11395549774169922,0.9768518805503845,0.8269153237342834
YOL038W,YNL059C,0,0.815682,0.1139431893825531,0.9768518805503845,0.8270161151885986
YER074W-A,YIR033W,0,0.8144191,0.11393088847398758,0.9768518805503845,0.8271169066429138
YOL120C,YGL033W,0,0.81340986,0.11391858011484146,0.9768518805503845,0.8272177577018738
YOL109W,YMR150C,1,0.81198007,0.11401425302028656,0.9777777791023254,0.8272177577018738
YOR154W,YBR233W-A,0,0.8085899,0.11400194466114044,0.9777777791023254,0.827318549156189
YOL149W,YGL108C,0,0.8082774,0.11398963630199432,0.9777777791023254,0.8274193406105042
YBR201W,YKL173W,0,0.80681,0.1139773353934288,0.9777777791023254,0.8275201320648193
YGR004W,YGR260W,0,0.8067817,0.11396503448486328,0.9777777791023254,0.8276209831237793
YDR427W,YDR273W,0,0.80593884,0.11395273357629776,0.9777777791023254,0.8277217745780945
YBR233W-A,YEL055C,0,0.80565786,0.11394044011831284,0.9777777791023254,0.8278225660324097
YDR480W,YHR143W-A,0,0.80502075,0.11392814666032791,0.9777777791023254,0.8279233574867249
YDL168W,YPL052W-A,0,0.80500424,0.11391586065292358,0.9777777791023254,0.8280242085456848
YER039C,YDR419W,0,0.8040683,0.11390356719493866,0.9777777791023254,0.828125
YNL126W,YOR035C,0,0.8039662,0.11389128863811493,0.9777777791023254,0.8282257914543152
YOR377W,YFL044C,0,0.80372906,0.1138790026307106,0.9777777791023254,0.8283266425132751
YKL096W-A,YBR001C,0,0.8037166,0.11386672407388687,0.9777777791023254,0.8284274339675903
YDR195W,YLR324W,0,0.80321544,0.11385444551706314,0.9777777791023254,0.8285282254219055
YNL292W,YDR046C,0,0.8022863,0.11384217441082001,0.9777777791023254,0.8286290168762207
YER075C,YKR067W,0,0.8015535,0.11382990330457687,0.9777777791023254,0.8287298679351807
YPR156C,YBR198C,0,0.80137795,0.11381763219833374,0.9777777791023254,0.8288306593894958
YLR355C,YMR163C,0,0.80018216,0.1138053685426712,0.9777777791023254,0.828931450843811
YGR271W,YOR017W,0,0.7995885,0.11379310488700867,0.9777777791023254,0.8290322422981262
YLR367W,YHR117W,0,0.799403,0.11378084123134613,0.9777777791023254,0.8291330933570862
YLR369W,YPL164C,0,0.79916686,0.11376858502626419,0.9777777791023254,0.8292338848114014
YDR260C,YER114C,0,0.7989883,0.11375632882118225,0.9777777791023254,0.8293346762657166
YLR424W,YNL310C,0,0.7984331,0.11374407261610031,0.9777777791023254,0.8294354677200317
YGL063W,YBR084C-A,0,0.7981097,0.11373182386159897,0.9777777791023254,0.8295363187789917
YNR038W,YKL020C,0,0.7979725,0.11371957510709763,0.9777777791023254,0.8296371102333069
YPL165C,YFL013C,0,0.7979587,0.11370733380317688,0.9777777791023254,0.8297379016876221
YPL208W,YFL010W-A,0,0.79723597,0.11369509249925613,0.9777777791023254,0.8298386931419373
YOR261C,YKL010C,0,0.7972209,0.11368285119533539,0.9777777791023254,0.8299395442008972
YER051W,YIL063C,0,0.7971334,0.11367060989141464,0.9777777791023254,0.8300403356552124
YGL254W,YCR072C,0,0.79673713,0.1136583760380745,0.9777777791023254,0.8301411271095276
YLL050C,YDR144C,0,0.79619884,0.11364614963531494,0.9777777791023254,0.8302419185638428
YMR041C,YAL067C,0,0.7961105,0.11363391578197479,0.9777777791023254,0.8303427696228027
YLR320W,YHR109W,0,0.7960426,0.11362168937921524,0.9777777791023254,0.8304435610771179
YOR311C,YPL268W,0,0.79373634,0.11360947042703629,0.9777777791023254,0.8305443525314331
YIL103W,YOR117W,0,0.7937022,0.11359724402427673,0.9777777791023254,0.8306451439857483
YJL023C,YPL175W,0,0.79368883,0.11358502507209778,0.9777777791023254,0.8307459950447083
YCR042C,YBL056W,0,0.79330945,0.11357281357049942,0.9777777791023254,0.8308467864990234
YGL090W,YBR171W,0,0.79301363,0.11356059461832047,0.9777777791023254,0.8309475779533386
YAL030W,YBR281C,0,0.79250795,0.1135483905673027,0.9777777791023254,0.8310483694076538
YDR195W,YDL195W,0,0.7914302,0.11353617906570435,0.9777777791023254,0.8311492204666138
YOR351C,YER106W,0,0.79106826,0.11352397501468658,0.9777777791023254,0.831250011920929
YDR081C,YKL212W,0,0.7905419,0.11351177096366882,0.9777777791023254,0.8313508033752441
YBR152W,YDR122W,0,0.7898982,0.11349956691265106,0.9777777791023254,0.8314515948295593
YMR218C,YMR281W,0,0.78828627,0.1134873703122139,0.9777777791023254,0.8315524458885193
YDR165W,YDR365C,0,0.7882156,0.11347517371177673,0.9777777791023254,0.8316532373428345
YOL038W,YGL168W,0,0.7880114,0.11346298456192017,0.9777777791023254,0.8317540287971497
YLR175W,YFL027C,0,0.7874032,0.1134507954120636,0.9777777791023254,0.8318548202514648
YOR237W,YPL255W,0,0.78698194,0.11343860626220703,0.9777777791023254,0.8319556713104248
YBL078C,YML047C,0,0.78572756,0.11342642456293106,0.9777777791023254,0.83205646276474
YJR060W,YDL222C,0,0.78432196,0.11341424286365509,0.9777777791023254,0.8321572542190552
YDR118W,YFR026C,0,0.78401977,0.11340206116437912,0.9777777791023254,0.8322580456733704
YJR106W,YBR180W,0,0.7837034,0.11338988691568375,0.9777777791023254,0.8323588967323303
YOR154W,YDR030C,0,0.7829892,0.11337771266698837,0.9777777791023254,0.8324596881866455
YHL033C,YIL052C,0,0.78272766,0.113365538418293,0.9777777791023254,0.8325604796409607
YDR195W,YNL186W,0,0.78264815,0.11335337162017822,0.9777777791023254,0.8326612710952759
YPR031W,YDL236W,0,0.78107166,0.11334120482206345,0.9777777791023254,0.8327621221542358
YOL012C,YOR109W,0,0.7807061,0.11332903802394867,0.9777777791023254,0.832862913608551
YPL255W,YKL135C,0,0.7801012,0.11331687867641449,0.9777777791023254,0.8329637050628662
YOL082W,YHR143W,0,0.77977526,0.11330471932888031,0.9777777791023254,0.8330644965171814
YPL053C,YCL004W,0,0.77928203,0.11329256743192673,0.9777777791023254,0.8331653475761414
YDR304C,YOR312C,0,0.77925336,0.11328041553497314,0.9777777791023254,0.8332661390304565
YBL088C,YPR162C,0,0.7782156,0.11326826363801956,0.9777777791023254,0.8333669304847717
YOR373W,YNL014W,0,0.77820015,0.11325611174106598,0.9777777791023254,0.8334677219390869
YDR021W,YOR261C,0,0.7778093,0.113243967294693,0.9777777791023254,0.8335685729980469
YDR289C,YDR043C,0,0.77742964,0.11323182284832001,0.9777777791023254,0.8336693644523621
YJR021C,YDL056W,0,0.77715915,0.11321968585252762,0.9777777791023254,0.8337701559066772
YIL099W,YDR150W,0,0.7745152,0.11320754885673523,0.9777777791023254,0.8338709473609924
YPR058W,YER019W,1,0.7742761,0.11330260336399078,0.9787036776542664,0.8338709473609924
YNR019W,YNL204C,0,0.7739029,0.1132904589176178,0.9787036776542664,0.8339717984199524
YCR042C,YML026C,0,0.7738754,0.11327832192182541,0.9787036776542664,0.8340725898742676
YKL224C,YDL195W,0,0.7737184,0.11326617747545242,0.9787036776542664,0.8341733813285828
YOL072W,YGL066W,0,0.77369785,0.11325404793024063,0.9787036776542664,0.834274172782898
YPL016W,YMR032W,0,0.77364135,0.11324191093444824,0.9787036776542664,0.8343750238418579
YPL167C,YCR086W,0,0.77342373,0.11322978138923645,0.9787036776542664,0.8344758152961731
YNL102W,YNR006W,0,0.7730755,0.11321765184402466,0.9787036776542664,0.8345766067504883
YFL034C-B,YOR017W,0,0.77291036,0.11320552974939346,0.9787036776542664,0.8346773982048035
YGL125W,YBR155W,0,0.77271336,0.11319340020418167,0.9787036776542664,0.8347782492637634
YMR218C,YCR031C,0,0.77085626,0.11318128556013107,0.9787036776542664,0.8348790407180786
YBR050C,YML103C,0,0.76914096,0.11316916346549988,0.9787036776542664,0.8349798321723938
YER190W,YMR306W,0,0.76810926,0.11315704882144928,0.9787036776542664,0.835080623626709
YBR152W,YPL139C,0,0.7677221,0.11314493417739868,0.9787036776542664,0.835181474685669
YHL033C,YNL258C,0,0.76605725,0.11313282698392868,0.9787036776542664,0.8352822661399841
YMR109W,YDR280W,0,0.7657583,0.11312071979045868,0.9787036776542664,0.8353830575942993
YCR047C,YMR319C,0,0.7654907,0.11310861259698868,0.9787036776542664,0.8354838490486145
YLR091W,YBR016W,0,0.76492256,0.11309651285409927,0.9787036776542664,0.8355847001075745
YNL255C,YNL302C,0,0.7643637,0.11308441311120987,0.9787036776542664,0.8356854915618896
YFR009W,YLR247C,0,0.76383513,0.11307231336832047,0.9787036776542664,0.8357862830162048
YOR101W,YJL129C,0,0.7614757,0.11306022107601166,0.9787036776542664,0.83588707447052
YLR196W,YKL020C,0,0.7613423,0.11304812878370285,0.9787036776542664,0.83598792552948
YNR054C,YDR066C,0,0.76017123,0.11303603649139404,0.9787036776542664,0.8360887169837952
YPR152C,YDL054C,0,0.75907934,0.11302395164966583,0.9787036776542664,0.8361895084381104
YNL251C,YJR041C,0,0.75868726,0.11301186680793762,0.9787036776542664,0.8362902998924255
YER110C,YDR480W,0,0.7585885,0.11299978941679001,0.9787036776542664,0.8363911509513855
YML054C,YDR207C,0,0.7574772,0.1129877045750618,0.9787036776542664,0.8364919424057007
YNL129W,YKL184W,0,0.7566694,0.11297562718391418,0.9787036776542664,0.8365927338600159
YMR135C,YLR357W,0,0.7548178,0.11296355724334717,0.9787036776542664,0.836693525314331
YHR074W,YPL155C,0,0.7543558,0.11295148730278015,0.9787036776542664,0.836794376373291
YDL013W,YOR355W,0,0.75373477,0.11293941736221313,0.9787036776542664,0.8368951678276062
YJL156C,YIL144W,0,0.7530561,0.11292734742164612,0.9787036776542664,0.8369959592819214
YMR281W,YGL229C,0,0.75262916,0.1129152849316597,0.9787036776542664,0.8370967507362366
YGL023C,YHR109W,0,0.75257075,0.11290322244167328,0.9787036776542664,0.8371976017951965
YDR425W,YER038C,0,0.7513811,0.11289116740226746,0.9787036776542664,0.8372983932495117
YGL023C,YKL134C,0,0.75093883,0.11287911236286163,0.9787036776542664,0.8373991847038269
YPL255W,YOR189W,0,0.7507233,0.11286705732345581,0.9787036776542664,0.8374999761581421
YJL109C,YPR095C,0,0.74994963,0.11285500973463058,0.9787036776542664,0.837600827217102
YPR104C,YLR206W,0,0.74857014,0.11284296214580536,0.9787036776542664,0.8377016186714172
YNL180C,YIR033W,0,0.7454701,0.11283091455698013,0.9787036776542664,0.8378024101257324
YOR242C,YJR013W,0,0.7442147,0.1128188744187355,0.9787036776542664,0.8379032015800476
YDR192C,YPL268W,0,0.7441672,0.11280682682991028,0.9787036776542664,0.8380040526390076
YDR363W,YBR258C,0,0.74396867,0.11279479414224625,0.9787036776542664,0.8381048440933228
YDR062W,YML012W,0,0.7438605,0.11278275400400162,0.9787036776542664,0.8382056355476379
YPR083W,YOR351C,0,0.7438303,0.11277072131633759,0.9787036776542664,0.8383064270019531
YDR200C,YDR077W,0,0.7410819,0.11275869607925415,0.9787036776542664,0.8384072780609131
YAL063C,YMR058W,0,0.741037,0.11274666339159012,0.9787036776542664,0.8385080695152283
YDL188C,YOL115W,0,0.73985845,0.11273463815450668,0.9787036776542664,0.8386088609695435
YLL004W,YPL193W,0,0.738709,0.11272262036800385,0.9787036776542664,0.8387096524238586
YDR165W,YOL120C,0,0.7376879,0.11271060258150101,0.9787036776542664,0.8388105034828186
YCR094W,YDR371W,0,0.7354842,0.11269858479499817,0.9787036776542664,0.8389112949371338
YOL052C,YLR185W,0,0.73402745,0.11268656700849533,0.9787036776542664,0.839012086391449
YGR280C,YHR124W,0,0.732362,0.11267455667257309,0.9787036776542664,0.8391128778457642
YLR385C,YBR148W,0,0.73226684,0.11266254633665085,0.9787036776542664,0.8392137289047241
YDL017W,YBL018C,0,0.7322188,0.11265053600072861,0.9787036776542664,0.8393145203590393
YIL047C,YLR088W,0,0.7314496,0.11263853311538696,0.9787036776542664,0.8394153118133545
YDR459C,YNL302C,0,0.73049337,0.11262653023004532,0.9787036776542664,0.8395161032676697
YGR218W,YAL029C,0,0.73042166,0.11261453479528427,0.9787036776542664,0.8396169543266296
YPL164C,YGL023C,0,0.7293134,0.11260253190994263,0.9787036776542664,0.8397177457809448
YHR056C,YER017C,0,0.72798896,0.11259054392576218,0.9787036776542664,0.83981853723526
YOR336W,YOR143C,0,0.72743696,0.11257854849100113,0.9787036776542664,0.8399193286895752
YOR035C,YPR154W,0,0.7260583,0.11256656050682068,0.9787036776542664,0.8400201797485352
YOL109W,YGL191W,1,0.72543645,0.11266105622053146,0.979629635810852,0.8400201797485352
YLR325C,YDR207C,0,0.7250009,0.11264906078577042,0.979629635810852,0.8401209712028503
YDR260C,YLR067C,0,0.7240674,0.11263707280158997,0.979629635810852,0.8402217626571655
YMR183C,YPL281C,0,0.72381896,0.11262507736682892,0.979629635810852,0.8403225541114807
YBL013W,YOR073W,0,0.72320384,0.11261308938264847,0.979629635810852,0.8404234051704407
YLR424W,YGR154C,0,0.7230086,0.11260110884904861,0.979629635810852,0.8405241966247559
YDR180W,YBR213W,0,0.72269404,0.11258912086486816,0.979629635810852,0.840624988079071
YNR056C,YOL115W,0,0.7217547,0.11257714778184891,0.979629635810852,0.8407257795333862
YOR237W,YDR507C,0,0.7212349,0.11256516724824905,0.979629635810852,0.8408266305923462
YPR156C,YPL115C,0,0.72077113,0.1125531941652298,0.979629635810852,0.8409274220466614
YEL069C,YFL009W,0,0.71880406,0.11254122108221054,0.979629635810852,0.8410282135009766
YJR067C,YDR030C,0,0.71808445,0.11252924799919128,0.979629635810852,0.8411290049552917
YDR361C,YDL103C,0,0.71786654,0.11251728236675262,0.979629635810852,0.8412298560142517
YDR118W,YML054C,0,0.71667606,0.11250531673431396,0.979629635810852,0.8413306474685669
YOR242C,YPR125W,0,0.7163671,0.1124933511018753,0.979629635810852,0.8414314389228821
YOR151C,YCR072C,0,0.71620303,0.11248139292001724,0.979629635810852,0.8415322303771973
YDL058W,YOR257W,0,0.7157758,0.11246943473815918,0.979629635810852,0.8416330814361572
YDR200C,YLR336C,0,0.7146959,0.11245748400688171,0.979629635810852,0.8417338728904724
YLR052W,YJL209W,0,0.7138091,0.11244553327560425,0.979629635810852,0.8418346643447876
YOL038W,YMR298W,0,0.7136534,0.11243358254432678,0.979629635810852,0.8419354557991028
YHR120W,YCR047C,0,0.71317804,0.11242163181304932,0.979629635810852,0.8420363068580627
YMR109W,YLR052W,0,0.7124403,0.11240968853235245,0.979629635810852,0.8421370983123779
YER093C,YPL048W,0,0.71223134,0.11239774525165558,0.979629635810852,0.8422378897666931
YGR027C,YOR201C,0,0.7115446,0.1123858094215393,0.979629635810852,0.8423386812210083
YDR057W,YKL124W,0,0.711281,0.11237387359142303,0.979629635810852,0.8424395322799683
YOR088W,YGR189C,0,0.71108025,0.11236193776130676,0.979629635810852,0.8425403237342834
YDR538W,YGL033W,0,0.71036965,0.11235000193119049,0.979629635810852,0.8426411151885986
YHR075C,YPR095C,0,0.70984966,0.11233807355165482,0.979629635810852,0.8427419066429138
YBR201W,YGL257C,0,0.7093814,0.11232615262269974,0.979629635810852,0.8428427577018738
YNL310C,YLR067C,1,0.70752907,0.11242038011550903,0.980555534362793,0.8428427577018738
YIL146C,YDL220C,0,0.7067717,0.11240845173597336,0.980555534362793,0.842943549156189
YDL195W,YEL022W,0,0.70672613,0.11239651590585709,0.980555534362793,0.8430443406105042
YLR389C,YDR371W,0,0.70568985,0.11238458752632141,0.980555534362793,0.8431451320648193
YLR172C,YFR026C,0,0.70482606,0.11237266659736633,0.980555534362793,0.8432459831237793
YJL056C,YJR091C,0,0.7047934,0.11236074566841125,0.980555534362793,0.8433467745780945
YER041W,YLR068W,0,0.7032077,0.11234882473945618,0.980555534362793,0.8434475660324097
YKL018W,YOL069W,0,0.7028373,0.1123369038105011,0.980555534362793,0.8435483574867249
YNR056C,YOR341W,0,0.70215994,0.11232499033212662,0.980555534362793,0.8436492085456848
YJR007W,YBL027W,0,0.70188373,0.11231307685375214,0.980555534362793,0.84375
YLR066W,YDR365C,0,0.7016981,0.11230116337537766,0.980555534362793,0.8438507914543152
YLR013W,YCR086W,0,0.7002293,0.11228925734758377,0.980555534362793,0.8439516425132751
YOR237W,YPR152C,0,0.70010704,0.11227735131978989,0.980555534362793,0.8440524339675903
YLR052W,YFL025C,0,0.6998643,0.1122654527425766,0.980555534362793,0.8441532254219055
YBR289W,YNL041C,0,0.69957954,0.11225355416536331,0.980555534362793,0.8442540168762207
YPR162C,YHR143W-A,0,0.69680625,0.11224165558815002,0.980555534362793,0.8443548679351807
YJR024C,YMR227C,0,0.69557554,0.11222975701093674,0.980555534362793,0.8444556593894958
YLR105C,YOR224C,0,0.69468325,0.11221786588430405,0.980555534362793,0.844556450843811
YAR003W,YBR171W,0,0.69458854,0.11220597475767136,0.980555534362793,0.8446572422981262
YDL145C,YNL310C,0,0.69397336,0.11219409108161926,0.980555534362793,0.8447580933570862
YLR197W,YDR410C,0,0.6919057,0.11218219995498657,0.980555534362793,0.8448588848114014
YMR311C,YLR442C,0,0.6916717,0.11217032372951508,0.980555534362793,0.8449596762657166
YGR271W,YGL194C,0,0.6897113,0.11215844005346298,0.980555534362793,0.8450604677200317
YMR079W,YNL302C,0,0.6896813,0.11214656382799149,0.980555534362793,0.8451613187789917
YDR046C,YER106W,0,0.6882988,0.11213468760251999,0.980555534362793,0.8452621102333069
YNR054C,YCR060W,0,0.68790483,0.11212281882762909,0.980555534362793,0.8453629016876221
YLR385C,YFL041W,0,0.68670326,0.11211095005273819,0.980555534362793,0.8454636931419373
YBR192W,YKR098C,0,0.6852308,0.11209908127784729,0.980555534362793,0.8455645442008972
YGR082W,YBR073W,0,0.68492144,0.11208721250295639,0.980555534362793,0.8456653356552124
YGR271W,YEL069C,0,0.68492126,0.11207535117864609,0.980555534362793,0.8457661271095276
YOR290C,YDR244W,0,0.68436986,0.11206348985433578,0.980555534362793,0.8458669185638428
YLR234W,YCR089W,0,0.6832723,0.11205163598060608,0.980555534362793,0.8459677696228027
YDR122W,YDL056W,0,0.68257326,0.11203978210687637,0.980555534362793,0.8460685610771179
YEL069C,YNL088W,0,0.68220145,0.11202792823314667,0.980555534362793,0.8461693525314331
YOR023C,YPR093C,0,0.68166524,0.11201607435941696,0.980555534362793,0.8462701439857483
YPL189W,YOR258W,0,0.6812823,0.11200422793626785,0.980555534362793,0.8463709950447083
YDR122W,YBR258C,0,0.68051976,0.11199238896369934,0.980555534362793,0.8464717864990234
YER040W,YDR221W,0,0.6790895,0.11198054254055023,0.980555534362793,0.8465725779533386
YPL064C,YOL138C,0,0.6787486,0.11196870356798172,0.980555534362793,0.8466733694076538
YMR165C,YDR474C,0,0.67775184,0.11195686459541321,0.980555534362793,0.8467742204666138
YIR004W,YCR081W,0,0.67703766,0.11194503307342529,0.980555534362793,0.846875011920929
YNL129W,YNL217W,0,0.6764357,0.11193320155143738,0.980555534362793,0.8469758033752441
YIL020C,YCR072C,0,0.6763738,0.11192137002944946,0.980555534362793,0.8470765948295593
YLL006W,YER154W,1,0.6752028,0.11201521754264832,0.9814814925193787,0.8470765948295593
YOR085W,YER074W,0,0.6749343,0.1120033785700798,0.9814814925193787,0.8471774458885193
YLR424W,YDR371W,0,0.67457527,0.11199154704809189,0.9814814925193787,0.8472782373428345
YGR027C,YIR033W,0,0.6742495,0.11197971552610397,0.9814814925193787,0.8473790287971497
YDL160C,YPL268W,0,0.67320436,0.11196789145469666,0.9814814925193787,0.8474798202514648
YGR271W,YNR072W,0,0.6730796,0.11195605993270874,0.9814814925193787,0.8475806713104248
YDR226W,YHR117W,1,0.6722733,0.11204984784126282,0.9824073910713196,0.8475806713104248
YPR045C,YLR248W,0,0.6721233,0.1120380163192749,0.9824073910713196,0.84768146276474
YML064C,YNL257C,0,0.67162067,0.11202618479728699,0.9824073910713196,0.8477822542190552
YPR081C,YHR165C,0,0.6714724,0.11201436072587967,0.9824073910713196,0.8478830456733704
YER093C,YDR523C,0,0.6713422,0.11200253665447235,0.9824073910713196,0.8479838967323303
YDR332W,YLR305C,0,0.67019475,0.11199071258306503,0.9824073910713196,0.8480846881866455
YCR065W,YDL191W,0,0.6688556,0.11197888851165771,0.9824073910713196,0.8481854796409607
YOR091W,YKL119C,0,0.66835254,0.111967071890831,0.9824073910713196,0.8482862710952759
YER051W,YOR140W,0,0.66785043,0.11195526272058487,0.9824073910713196,0.8483871221542358
YLR388W,YJR046W,0,0.6675521,0.11194344609975815,0.9824073910713196,0.848487913608551
YIL047C,YHR124W,0,0.66552013,0.11193163692951202,0.9824073910713196,0.8485887050628662
YLR206W,YDR192C,0,0.6653374,0.1119198277592659,0.9824073910713196,0.8486894965171814
YKL073W,YML047C,0,0.6634675,0.11190802603960037,0.9824073910713196,0.8487903475761414
YOR116C,YDR487C,0,0.6630661,0.11189622431993484,0.9824073910713196,0.8488911390304565
YDR452W,YKL010C,0,0.6628665,0.11188442260026932,0.9824073910713196,0.8489919304847717
YDR294C,YOL055C,0,0.66151756,0.11187262833118439,0.9824073910713196,0.8490927219390869
YGL067W,YAL026C,0,0.66028744,0.11186083406209946,0.9824073910713196,0.8491935729980469
YKL073W,YEL017C-A,0,0.6601616,0.11184903979301453,0.9824073910713196,0.8492943644523621
YOL069W,YCR004C,0,0.65857315,0.11183725297451019,0.9824073910713196,0.8493951559066772
YJL222W,YLL043W,0,0.65833956,0.11182546615600586,0.9824073910713196,0.8494959473609924
YNL317W,YPR041W,0,0.657937,0.11181367933750153,0.9824073910713196,0.8495967984199524
YOL042W,YJR024C,0,0.6574159,0.11180189996957779,0.9824073910713196,0.8496975898742676
YGL133W,YGL050W,0,0.657304,0.11179012060165405,0.9824073910713196,0.8497983813285828
YMR079W,YOR109W,0,0.6558791,0.11177834123373032,0.9824073910713196,0.849899172782898
YDR034C,YDR022C,0,0.65586877,0.11176656186580658,0.9824073910713196,0.8500000238418579
YDR288W,YGL194C,0,0.6553307,0.11175478994846344,0.9824073910713196,0.8501008152961731
YFL013C,YOR197W,0,0.65528,0.1117430254817009,0.9824073910713196,0.8502016067504883
YHR056C,YNL076W,0,0.6552001,0.11173125356435776,0.9824073910713196,0.8503023982048035
YGR238C,YGL062W,0,0.65515417,0.11171948909759521,0.9824073910713196,0.8504032492637634
YLR131C,YJL101C,0,0.65477777,0.11170772463083267,0.9824073910713196,0.8505040407180786
YLR286C,YGL133W,0,0.65343297,0.11169596761465073,0.9824073910713196,0.8506048321723938
YOL109W,YJL076W,0,0.6521682,0.11168421059846878,0.9824073910713196,0.850705623626709
YPR181C,YMR109W,0,0.6520911,0.11167245358228683,0.9824073910713196,0.850806474685669
YOR039W,YGL063W,0,0.6513005,0.11166070401668549,0.9824073910713196,0.8509072661399841
YOR017W,YMR089C,1,0.6511627,0.11175418645143509,0.9833333492279053,0.8509072661399841
YAL026C,YIL114C,0,0.6504829,0.11174242198467255,0.9833333492279053,0.8510080575942993
YDL036C,YDL216C,0,0.65039146,0.1117306649684906,0.9833333492279053,0.8511088490486145
YPL228W,YFL010W-A,0,0.65014035,0.11171891540288925,0.9833333492279053,0.8512097001075745
YPL210C,YOL138C,0,0.6498555,0.1117071658372879,0.9833333492279053,0.8513104915618896
YGR088W,YDR207C,0,0.6485536,0.11169541627168655,0.9833333492279053,0.8514112830162048
YBR198C,YOL023W,0,0.64825463,0.1116836667060852,0.9833333492279053,0.85151207447052
YGL128C,YGL122C,0,0.64766055,0.11167192459106445,0.9833333492279053,0.85161292552948
YJL109C,YGL136C,0,0.6471681,0.1116601824760437,0.9833333492279053,0.8517137169837952
YHR058C,YMR019W,0,0.6469358,0.11164844036102295,0.9833333492279053,0.8518145084381104
YPR156C,YFL039C,0,0.64512366,0.1116367056965828,0.9833333492279053,0.8519152998924255
YNL076W,YBR280C,0,0.6439912,0.11162497103214264,0.9833333492279053,0.8520161509513855
YKL073W,YFR002W,0,0.6436977,0.11161324381828308,0.9833333492279053,0.8521169424057007
YLL049W,YPL024W,0,0.64351374,0.11160151660442352,0.9833333492279053,0.8522177338600159
YCL033C,YOL069W,0,0.6433687,0.11158978939056396,0.9833333492279053,0.852318525314331
YPR133C,YNL027W,0,0.64250135,0.1115780621767044,0.9833333492279053,0.852419376373291
YLR240W,YDR507C,0,0.64224696,0.11156634241342545,0.9833333492279053,0.8525201678276062
YGL133W,YKR039W,0,0.6409891,0.11155462265014648,0.9833333492279053,0.8526209592819214
YPL023C,YBR248C,0,0.6403152,0.11154290288686752,0.9833333492279053,0.8527217507362366
YDR425W,YOR162C,0,0.6399252,0.11153119057416916,0.9833333492279053,0.8528226017951965
YJR007W,YEL054C,0,0.63959426,0.1115194782614708,0.9833333492279053,0.8529233932495117
YMR061W,YHR017W,0,0.6391972,0.11150777339935303,0.9833333492279053,0.8530241847038269
YBR180W,YGR256W,0,0.63890576,0.11149606108665466,0.9833333492279053,0.8531249761581421
YPL079W,YPR032W,0,0.6387818,0.1114843562245369,0.9833333492279053,0.853225827217102
YDR030C,YER119C,0,0.6385079,0.11147265881299973,0.9833333492279053,0.8533266186714172
YKL049C,YLR105C,0,0.63780063,0.11146095395088196,0.9833333492279053,0.8534274101257324
YHR116W,YGR238C,0,0.6375264,0.11144925653934479,0.9833333492279053,0.8535282015800476
YHR165C,YGL220W,0,0.6374164,0.11143756657838821,0.9833333492279053,0.8536290526390076
YOR237W,YGR240C,0,0.63727003,0.11142587661743164,0.9833333492279053,0.8537298440933228
YHR188C,YJR106W,0,0.63659054,0.11141418665647507,0.9833333492279053,0.8538306355476379
YMR233W,YML012W,0,0.63624465,0.1114024966955185,0.9833333492279053,0.8539314270019531
YGL232W,YKR072C,0,0.632371,0.11139081418514252,0.9833333492279053,0.8540322780609131
YPL190C,YMR230W,0,0.6322577,0.11137913167476654,0.9833333492279053,0.8541330695152283
YLR389C,YHR124W,0,0.6311032,0.11136744916439056,0.9833333492279053,0.8542338609695435
YPL016W,YGR133W,0,0.6307262,0.11135577410459518,0.9833333492279053,0.8543346524238586
YKL152C,YAR018C,0,0.6299787,0.1113440990447998,0.9833333492279053,0.8544355034828186
YPL175W,YDR371W,0,0.62994665,0.11133242398500443,0.9833333492279053,0.8545362949371338
YLR320W,YNL063W,0,0.6297324,0.11132075637578964,0.9833333492279053,0.854637086391449
YDR108W,YLR399C,0,0.6296344,0.11130908876657486,0.9833333492279053,0.8547378778457642
YPL194W,YPL001W,0,0.6285754,0.11129742115736008,0.9833333492279053,0.8548387289047241
YGR289C,YBR083W,0,0.62655073,0.11128576099872589,0.9833333492279053,0.8549395203590393
YLR385C,YPL167C,0,0.62642735,0.1112741008400917,0.9833333492279053,0.8550403118133545
YOL082W,YPL190C,0,0.624798,0.11126244068145752,0.9833333492279053,0.8551411032676697
YDR288W,YBR237W,0,0.623025,0.11125078797340393,0.9833333492279053,0.8552419543266296
YPL210C,YHR109W,0,0.62278974,0.11123913526535034,0.9833333492279053,0.8553427457809448
YOR085W,YAL067C,0,0.622436,0.11122748255729675,0.9833333492279053,0.85544353723526
YFR026C,YDL056W,0,0.62171197,0.11121583729982376,0.9833333492279053,0.8555443286895752
YCR004C,YDR207C,0,0.62097263,0.11120419204235077,0.9833333492279053,0.8556451797485352
YKL173W,YHR161C,0,0.62019825,0.11119254678487778,0.9833333492279053,0.8557459712028503
YDR398W,YDR273W,0,0.61996824,0.11118090152740479,0.9833333492279053,0.8558467626571655
YLR431C,YBR180W,0,0.6196527,0.11116926372051239,0.9833333492279053,0.8559475541114807
YGR133W,YHR075C,0,0.61938447,0.11115763336420059,0.9833333492279053,0.8560484051704407
YJR147W,YKL224C,0,0.61734426,0.1111459955573082,0.9833333492279053,0.8561491966247559
YEL054C,YHL022C,0,0.6170712,0.1111343652009964,0.9833333492279053,0.856249988079071
YLR369W,YGL113W,0,0.615982,0.1111227348446846,0.9833333492279053,0.8563507795333862
YBR236C,YGR009C,0,0.61562365,0.1111111119389534,0.9833333492279053,0.8564516305923462
YIL135C,YPR032W,0,0.61523885,0.1110994890332222,0.9833333492279053,0.8565524220466614
YBR091C,YGL068W,0,0.61523676,0.111087866127491,0.9833333492279053,0.8566532135009766
YLR206W,YNL027W,0,0.6150581,0.1110762506723404,0.9833333492279053,0.8567540049552917
YOR242C,YLL009C,0,0.6146879,0.11106462776660919,0.9833333492279053,0.8568548560142517
YOR073W,YDR280W,0,0.61228186,0.11105301976203918,0.9833333492279053,0.8569556474685669
YAR050W,YLR136C,0,0.61214453,0.11104140430688858,0.9833333492279053,0.8570564389228821
YDR221W,YAR018C,0,0.6117494,0.11102979630231857,0.9833333492279053,0.8571572303771973
YDL013W,YEL022W,0,0.61008316,0.11101818829774857,0.9833333492279053,0.8572580814361572
YLR240W,YNL076W,0,0.61005765,0.11100658774375916,0.9833333492279053,0.8573588728904724
YDR466W,YDR398W,0,0.60963595,0.11099497973918915,0.9833333492279053,0.8574596643447876
YLL019C,YMR288W,0,0.6093068,0.11098338663578033,0.9833333492279053,0.8575604557991028
YLR109W,YLR452C,0,0.60921824,0.11097178608179092,0.9833333492279053,0.8576613068580627
YAL001C,YNL310C,0,0.60890126,0.11096019297838211,0.9833333492279053,0.8577620983123779
YGR229C,YKL184W,0,0.60863334,0.1109485998749733,0.9833333492279053,0.8578628897666931
YOL120C,YPL249C-A,0,0.6080606,0.11093700677156448,0.9833333492279053,0.8579636812210083
YKL049C,YPL016W,0,0.6077269,0.11092542111873627,0.9833333492279053,0.8580645322799683
YMR100W,YOR137C,0,0.6059675,0.11091383546590805,0.9833333492279053,0.8581653237342834
YGR027C,YDR012W,0,0.6056939,0.11090225726366043,0.9833333492279053,0.8582661151885986
YMR194W,YLR085C,0,0.60537475,0.11089067906141281,0.9833333492279053,0.8583669066429138
YAR014C,YGL033W,0,0.60530704,0.11087910085916519,0.9833333492279053,0.8584677577018738
YLR071C,YBL056W,0,0.6035151,0.11086752265691757,0.9833333492279053,0.858568549156189
YLR196W,YCL005W,0,0.60317004,0.11085595190525055,0.9833333492279053,0.8586693406105042
YLR052W,YEL022W,0,0.6020023,0.11084438115358353,0.9833333492279053,0.8587701320648193
YBR112C,YPR111W,0,0.601484,0.1108328104019165,0.9833333492279053,0.8588709831237793
YNL098C,YHR056C,0,0.60138434,0.11082124710083008,0.9833333492279053,0.8589717745780945
YER014W,YFL013C,0,0.598761,0.11080968379974365,0.9833333492279053,0.8590725660324097
YML043C,YHR117W,0,0.59873354,0.11079812049865723,0.9833333492279053,0.8591733574867249
YGL257C,YKR019C,0,0.59766924,0.1107865646481514,0.9833333492279053,0.8592742085456848
YHR143W-A,YLR368W,0,0.59700626,0.11077500879764557,0.9833333492279053,0.859375
YMR117C,YNL088W,0,0.5967905,0.11076345294713974,0.9833333492279053,0.8594757914543152
YAL029C,YDR419W,0,0.596763,0.11075190454721451,0.9833333492279053,0.8595766425132751
YHR165C,YGL126W,0,0.5965131,0.11074035614728928,0.9833333492279053,0.8596774339675903
YOL040C,YDR207C,0,0.5949596,0.11072880774736404,0.9833333492279053,0.8597782254219055
YDR362C,YHR075C,0,0.59437996,0.11071726679801941,0.9833333492279053,0.8598790168762207
YFL013C,YKL135C,0,0.5918632,0.11070572584867477,0.9833333492279053,0.8599798679351807
YPL048W,YER124C,0,0.5913926,0.11069418489933014,0.9833333492279053,0.8600806593894958
YLR308W,YIL135C,0,0.59032434,0.1106826439499855,0.9833333492279053,0.860181450843811
YKL203C,YKL124W,0,0.59018636,0.11067111045122147,0.9833333492279053,0.8602822422981262
YLR385C,YNL138W,0,0.5893875,0.11065958440303802,0.9833333492279053,0.8603830933570862
YOR046C,YNL151C,0,0.58926064,0.11064805090427399,0.9833333492279053,0.8604838848114014
YNL083W,YJR046W,0,0.588887,0.11063652485609055,0.9833333492279053,0.8605846762657166
YER040W,YNL251C,0,0.588788,0.1106249988079071,0.9833333492279053,0.8606854677200317
YLR293C,YKR007W,0,0.5853388,0.11061348021030426,0.9833333492279053,0.8607863187789917
YDR034C,YNL271C,0,0.5835063,0.11060196161270142,0.9833333492279053,0.8608871102333069
YPL204W,YLL012W,0,0.58237356,0.11059044301509857,0.9833333492279053,0.8609879016876221
YDR288W,YMR026C,0,0.58140534,0.11057892441749573,0.9833333492279053,0.8610886931419373
YKR086W,YDR195W,0,0.5810291,0.11056741327047348,0.9833333492279053,0.8611895442008972
YOR116C,YOL136C,0,0.5804556,0.11055590212345123,0.9833333492279053,0.8612903356552124
YDR365C,YLR274W,0,0.5795218,0.11054439842700958,0.9833333492279053,0.8613911271095276
YGL090W,YCR065W,0,0.57833856,0.11053288727998734,0.9833333492279053,0.8614919185638428
YDR320C,YER074W,0,0.57723147,0.11052138358354568,0.9833333492279053,0.8615927696228027
YGR169C,YNL222W,0,0.5772227,0.11050988733768463,0.9833333492279053,0.8616935610771179
YPR118W,YNL076W,0,0.57714343,0.11049838364124298,0.9833333492279053,0.8617943525314331
YDR462W,YBR258C,0,0.57636064,0.11048689484596252,0.9833333492279053,0.8618951439857483
YNL278W,YDR098C,0,0.5760277,0.11047539860010147,0.9833333492279053,0.8619959950447083
YOL069W,YFL013C,0,0.57598346,0.11046390980482101,0.9833333492279053,0.8620967864990234
YOR201C,YOL136C,0,0.5755562,0.11045242100954056,0.9833333492279053,0.8621975779533386
YKL049C,YKL124W,0,0.5743749,0.1104409322142601,0.9833333492279053,0.8622983694076538
YDL048C,YNL186W,0,0.57380354,0.11042945086956024,0.9833333492279053,0.8623992204666138
YOR259C,YAR018C,0,0.573381,0.11041796952486038,0.9833333492279053,0.862500011920929
YER029C,YDR466W,0,0.57325035,0.11040648818016052,0.9833333492279053,0.8626008033752441
YNR008W,YAR050W,0,0.57114065,0.11039500683546066,0.9833333492279053,0.8627015948295593
YOL055C,YFL025C,0,0.5709201,0.1103835329413414,0.9833333492279053,0.8628024458885193
YDR294C,YBL069W,0,0.5709087,0.11037206649780273,0.9833333492279053,0.8629032373428345
YMR061W,YHR037W,0,0.57047874,0.11036059260368347,0.9833333492279053,0.8630040287971497
YGR044C,YER038C,0,0.57026523,0.1103491261601448,0.9833333492279053,0.8631048202514648
YJR060W,YLR274W,0,0.5702308,0.11033765971660614,0.9833333492279053,0.8632056713104248
YER041W,YDR207C,0,0.56962126,0.11032620072364807,0.9833333492279053,0.86330646276474
YOR201C,YJL183W,0,0.56882787,0.11031474173069,0.9833333492279053,0.8634072542190552
YKR090W,YEL069C,0,0.56777596,0.11030328273773193,0.9833333492279053,0.8635080456733704
YER041W,YJL042W,0,0.5675699,0.11029182374477386,0.9833333492279053,0.8636088967323303
YFR034C,YOL149W,0,0.5675487,0.11028037220239639,0.9833333492279053,0.8637096881866455
YIL047C,YLR043C,0,0.5671912,0.11026892066001892,0.9833333492279053,0.8638104796409607
YDR452W,YGL066W,0,0.56700957,0.11025747656822205,0.9833333492279053,0.8639112710952759
YNL126W,YOR293W,0,0.56526965,0.11024603247642517,0.9833333492279053,0.8640121221542358
YNR072W,YGL133W,0,0.5650999,0.1102345883846283,0.9833333492279053,0.864112913608551
YGL067W,YNL059C,0,0.5645109,0.11022314429283142,0.9833333492279053,0.8642137050628662
YJL012C,YMR276W,0,0.56365323,0.11021170765161514,0.9833333492279053,0.8643144965171814
YPR072W,YPR151C,0,0.56361353,0.11020027101039886,0.9833333492279053,0.8644153475761414
YDR427W,YOR023C,0,0.5626208,0.11018883436918259,0.9833333492279053,0.8645161390304565
YKL002W,YPR133C,0,0.5623217,0.1101774051785469,0.9833333492279053,0.8646169304847717
YOR023C,YPR171W,0,0.56097096,0.11016597598791122,0.9833333492279053,0.8647177219390869
YLR110C,YPL255W,0,0.56040984,0.11015454679727554,0.9833333492279053,0.8648185729980469
YDR294C,YNL292W,0,0.55955523,0.11014312505722046,0.9833333492279053,0.8649193644523621
YDR507C,YLR433C,0,0.5588799,0.11013170331716537,0.9833333492279053,0.8650201559066772
YDR195W,YDL192W,0,0.5582937,0.11012028157711029,0.9833333492279053,0.8651209473609924
YDR397C,YJL019W,0,0.55793,0.1101088672876358,0.9833333492279053,0.8652217984199524
YLL005C,YMR019W,0,0.5575873,0.11009745299816132,0.9833333492279053,0.8653225898742676
YEL063C,YFR026C,0,0.55633825,0.11008603870868683,0.9833333492279053,0.8654233813285828
YGR271W,YDR288W,0,0.5562377,0.11007462441921234,0.9833333492279053,0.865524172782898
YJL056C,YGR178C,0,0.55579734,0.11006321758031845,0.9833333492279053,0.8656250238418579
YFL034C-B,YGR240C,0,0.55505794,0.11005181074142456,0.9833333492279053,0.8657258152961731
YNL327W,YOL109W,0,0.5543797,0.11004041135311127,0.9833333492279053,0.8658266067504883
YAR014C,YBR133C,0,0.55407095,0.11002901196479797,0.9833333492279053,0.8659273982048035
YBR236C,YAL028W,0,0.55373544,0.11001761257648468,0.9833333492279053,0.8660282492637634
YEL054C,YOR140W,0,0.5533306,0.11000621318817139,0.9833333492279053,0.8661290407180786
YGR085C,YMR061W,0,0.55242413,0.10999482125043869,0.9833333492279053,0.8662298321723938
YLR085C,YNL248C,0,0.5523044,0.109983429312706,0.9833333492279053,0.866330623626709
YDL075W,YMR117C,0,0.55192125,0.1099720373749733,0.9833333492279053,0.866431474685669
YGR229C,YOR351C,0,0.55154127,0.1099606528878212,0.9833333492279053,0.8665322661399841
YLR367W,YLR418C,0,0.5504336,0.1099492684006691,0.9833333492279053,0.8666330575942993
YIL063C,YDR043C,0,0.5495257,0.1099378913640976,0.9833333492279053,0.8667338490486145
YPL234C,YNL088W,0,0.5492074,0.1099265068769455,0.9833333492279053,0.8668347001075745
YPL139C,YIL002C,0,0.5485674,0.10991512984037399,0.9833333492279053,0.8669354915618896
YML064C,YNL162W,0,0.54821813,0.10990376025438309,0.9833333492279053,0.8670362830162048
YBL078C,YLR399C,0,0.54638326,0.10989238321781158,0.9833333492279053,0.86713707447052
YLL049W,YIR032C,0,0.54607105,0.10988101363182068,0.9833333492279053,0.86723792552948
YLR389C,YMR163C,0,0.5460661,0.10986964404582977,0.9833333492279053,0.8673387169837952
YOR266W,YGR072W,0,0.5436868,0.10985828191041946,0.9833333492279053,0.8674395084381104
YLR385C,YFR025C,0,0.543256,0.10984691977500916,0.9833333492279053,0.8675402998924255
YLR285W,YCR065W,0,0.5429578,0.10983555763959885,0.9833333492279053,0.8676411509513855
YMR041C,YER075C,0,0.54171956,0.10982419550418854,0.9833333492279053,0.8677419424057007
YCR032W,YLR361C,0,0.5409907,0.10981284081935883,0.9833333492279053,0.8678427338600159
YDR071C,YLR185W,0,0.54093426,0.10980148613452911,0.9833333492279053,0.867943525314331
YBL027W,YDL191W,0,0.54082024,0.10979013890028,0.9833333492279053,0.868044376373291
YMR078C,YJL085W,0,0.53967696,0.10977879166603088,0.9833333492279053,0.8681451678276062
YGL201C,YDR066C,0,0.5383096,0.10976744443178177,0.9833333492279053,0.8682459592819214
YGR009C,YHR088W,0,0.53819823,0.10975609719753265,0.9833333492279053,0.8683467507362366
YPL227C,YBR258C,0,0.5374594,0.10974475741386414,0.9833333492279053,0.8684476017951965
YGL220W,YBR155W,0,0.53617185,0.10973341763019562,0.9833333492279053,0.8685483932495117
YGR274C,YCR038C,0,0.53447884,0.1097220778465271,0.9833333492279053,0.8686491847038269
YGR084C,YCR035C,0,0.5342309,0.10971074551343918,0.9833333492279053,0.8687499761581421
YAL026C,YBL027W,0,0.5337808,0.10969941318035126,0.9833333492279053,0.868850827217102
YGR229C,YGL067W,0,0.5333636,0.10968808084726334,0.9833333492279053,0.8689516186714172
YIL063C,YGR072W,0,0.5314422,0.10967675596475601,0.9833333492279053,0.8690524101257324
YOR085W,YBR048W,0,0.53143114,0.10966543108224869,0.9833333492279053,0.8691532015800476
YCL031C,YDR043C,0,0.5311409,0.10965410619974136,0.9833333492279053,0.8692540526390076
YGR158C,YHR191C,0,0.5291144,0.10964278131723404,0.9833333492279053,0.8693548440933228
YLR336C,YNL255C,0,0.5289374,0.10963146388530731,0.9833333492279053,0.8694556355476379
YDR200C,YOR178C,0,0.52779317,0.10962014645338058,0.9833333492279053,0.8695564270019531
YLR330W,YJL023C,0,0.5268113,0.10960883647203445,0.9833333492279053,0.8696572780609131
YHR023W,YDR365C,0,0.5245597,0.10959752649068832,0.9833333492279053,0.8697580695152283
YER040W,YDL013W,0,0.5243517,0.1095862165093422,0.9833333492279053,0.8698588609695435
YNL201C,YER057C,0,0.5220861,0.10957490652799606,0.9833333492279053,0.8699596524238586
YPL165C,YBR248C,0,0.5208922,0.10956360399723053,0.9833333492279053,0.8700605034828186
YDR081C,YCR038C,0,0.5201998,0.109552301466465,0.9833333492279053,0.8701612949371338
YIL159W,YHR058C,0,0.5201958,0.10954099893569946,0.9833333492279053,0.870262086391449
YDR118W,YDR284C,0,0.5199188,0.10952970385551453,0.9833333492279053,0.8703628778457642
YDR034C,YPL175W,0,0.5194398,0.10951840877532959,0.9833333492279053,0.8704637289047241
YDR487C,YLR071C,0,0.51941884,0.10950711369514465,0.9833333492279053,0.8705645203590393
YNL063W,YDR386W,0,0.51819825,0.10949582606554031,0.9833333492279053,0.8706653118133545
YOR260W,YIL063C,0,0.51705575,0.10948453843593597,0.9833333492279053,0.8707661032676697
YLL005C,YDR379W,0,0.5167478,0.10947325080633163,0.9833333492279053,0.8708669543266296
YGL181W,YKL045W,0,0.5146976,0.1094619631767273,0.9833333492279053,0.8709677457809448
YKL049C,YGL128C,0,0.51343036,0.10945068299770355,0.9833333492279053,0.87106853723526
YLL004W,YER051W,0,0.51262933,0.10943940281867981,0.9833333492279053,0.8711693286895752
YNL292W,YPL135W,0,0.5113498,0.10942813009023666,0.9833333492279053,0.8712701797485352
YJL023C,YOR232W,1,0.5109284,0.10951988399028778,0.9842592477798462,0.8712701797485352
YDR462W,YER093C,0,0.50964147,0.10950860381126404,0.9842592477798462,0.8713709712028503
YNR054C,YJL183W,0,0.50729465,0.1094973236322403,0.9842592477798462,0.8714717626571655
YNL027W,YEL069C,0,0.50661963,0.10948604345321655,0.9842592477798462,0.8715725541114807
YBL016W,YCL016C,0,0.5059224,0.10947477072477341,0.9842592477798462,0.8716734051704407
YFR037C,YGR162W,0,0.5055184,0.10946349799633026,0.9842592477798462,0.8717741966247559
YDL145C,YML026C,0,0.5029096,0.10945222526788712,0.9842592477798462,0.871874988079071
YOR116C,YKR056W,0,0.5027442,0.10944095253944397,0.9842592477798462,0.8719757795333862
YMR069W,YNL048W,0,0.5026439,0.10942968726158142,0.9842592477798462,0.8720766305923462
YPL175W,YLR399C,0,0.5021979,0.10941842198371887,0.9842592477798462,0.8721774220466614
YDR361C,YGL126W,0,0.50065076,0.10940716415643692,0.9842592477798462,0.8722782135009766
YNR008W,YOR014W,0,0.50017565,0.10939590632915497,0.9842592477798462,0.8723790049552917
YDR523C,YLR324W,0,0.4988469,0.10938464850187302,0.9842592477798462,0.8724798560142517
YNL058C,YEL027W,0,0.49821934,0.10937339067459106,0.9842592477798462,0.8725806474685669
YCL001W,YMR277W,0,0.49811426,0.10936214029788971,0.9842592477798462,0.8726814389228821
YLR320W,YPR032W,0,0.49765718,0.10935088992118835,0.9842592477798462,0.8727822303771973
YLR206W,YLR399C,0,0.494521,0.109339639544487,0.9842592477798462,0.8728830814361572
YOR237W,YBR248C,0,0.4938339,0.10932839661836624,0.9842592477798462,0.8729838728904724
YDR301W,YKL184W,0,0.49351764,0.10931715369224548,0.9842592477798462,0.8730846643447876
YGR072W,YCL016C,0,0.49237904,0.10930591076612473,0.9842592477798462,0.8731854557991028
YDL036C,YER028C,0,0.49119186,0.10929467529058456,0.9842592477798462,0.8732863068580627
YLR147C,YPR049C,0,0.49060106,0.1092834398150444,0.9842592477798462,0.8733870983123779
YOL088C,YDR221W,0,0.49022457,0.10927220433950424,0.9842592477798462,0.8734878897666931
YGL048C,YER166W,0,0.4892397,0.10926096886396408,0.9842592477798462,0.8735886812210083
YPR032W,YCR081W,0,0.48893315,0.10924974083900452,0.9842592477798462,0.8736895322799683
YBR049C,YKL119C,0,0.4883694,0.10923851281404495,0.9842592477798462,0.8737903237342834
YNL292W,YNL248C,0,0.487934,0.10922729223966599,0.9842592477798462,0.8738911151885986
YKL073W,YCR047C,0,0.48620358,0.10921607166528702,0.9842592477798462,0.8739919066429138
YNL294C,YER038C,0,0.48395288,0.10920485109090805,0.9842592477798462,0.8740927577018738
YNR008W,YML114C,0,0.48215044,0.10919363051652908,0.9842592477798462,0.874193549156189
YPR041W,YMR042W,0,0.48213533,0.10918241739273071,0.9842592477798462,0.8742943406105042
YOR217W,YLR368W,0,0.4820401,0.10917120426893234,0.9842592477798462,0.8743951320648193
YKL049C,YLR433C,0,0.48070663,0.10915999114513397,0.9842592477798462,0.8744959831237793
YPR152C,YGR240C,0,0.48009345,0.1091487854719162,0.9842592477798462,0.8745967745780945
YGL133W,YIR008C,0,0.48007345,0.10913757979869843,0.9842592477798462,0.8746975660324097
YBL031W,YNR013C,0,0.47861737,0.10912637412548065,0.9842592477798462,0.8747983574867249
YDR363W,YBR154C,0,0.4757506,0.10911516845226288,0.9842592477798462,0.8748992085456848
YCR086W,YDR038C,0,0.47574562,0.1091039702296257,0.9842592477798462,0.875
YDR260C,YOL120C,0,0.4753049,0.10909277200698853,0.9842592477798462,0.8751007914543152
YGL038C,YBL051C,0,0.47476438,0.10908158123493195,0.9842592477798462,0.8752016425132751
YOL100W,YPR125W,0,0.4732439,0.10907039046287537,0.9842592477798462,0.8753024339675903
YNL151C,YDR066C,0,0.4726514,0.10905919969081879,0.9842592477798462,0.8754032254219055
YGL206C,YHR215W,0,0.47168413,0.10904800891876221,0.9842592477798462,0.8755040168762207
YOR217W,YDR459C,0,0.46982962,0.10903682559728622,0.9842592477798462,0.8756048679351807
YNL298W,YKL104C,0,0.46978346,0.10902564227581024,0.9842592477798462,0.8757056593894958
YLR263W,YJR118C,0,0.4697327,0.10901445895433426,0.9842592477798462,0.875806450843811
YLR336C,YNL076W,0,0.46899903,0.10900328308343887,0.9842592477798462,0.8759072422981262
YOL158C,YGL240W,0,0.4686781,0.10899210721254349,0.9842592477798462,0.8760080933570862
YLR318W,YMR281W,0,0.46423244,0.1089809313416481,0.9842592477798462,0.8761088848114014
YBR042C,YDR046C,0,0.46311298,0.10896975547075272,0.9842592477798462,0.8762096762657166
YLR435W,YLR274W,0,0.4627619,0.10895858705043793,0.9842592477798462,0.8763104677200317
YEL026W,YLR234W,0,0.46151865,0.10894742608070374,0.9842592477798462,0.8764113187789917
YJL010C,YIL103W,0,0.4614151,0.10893625766038895,0.9842592477798462,0.8765121102333069
YHR023W,YMR083W,0,0.46128035,0.10892509669065475,0.9842592477798462,0.8766129016876221
YGR085C,YHR124W,0,0.46126956,0.10891393572092056,0.9842592477798462,0.8767136931419373
YBR015C,YDR362C,0,0.46114904,0.10890277475118637,0.9842592477798462,0.8768145442008972
YLR061W,YNL027W,0,0.46084768,0.10889162123203278,0.9842592477798462,0.8769153356552124
YBR152W,YBR021W,0,0.4603513,0.10888046771287918,0.9842592477798462,0.8770161271095276
YDR086C,YKR019C,0,0.45994222,0.10886931419372559,0.9842592477798462,0.8771169185638428
YGR070W,YGR184C,0,0.45898274,0.10885816812515259,0.9842592477798462,0.8772177696228027
YPR185W,YOR168W,0,0.45709097,0.10884702205657959,0.9842592477798462,0.8773185610771179
YPR041W,YEL022W,0,0.45669532,0.10883587598800659,0.9842592477798462,0.8774193525314331
YFL057C,YLR131C,0,0.45595765,0.10882473737001419,0.9842592477798462,0.8775201439857483
YLR320W,YJL002C,0,0.4558816,0.10881359130144119,0.9842592477798462,0.8776209950447083
YDR477W,YCR042C,0,0.4552849,0.10880246013402939,0.9842592477798462,0.8777217864990234
YLR367W,YER038C,0,0.45528227,0.10879132151603699,0.9842592477798462,0.8778225779533386
YLR105C,YHR191C,0,0.4539153,0.10878019034862518,0.9842592477798462,0.8779233694076538
YBR227C,YLL049W,0,0.45386928,0.10876905918121338,0.9842592477798462,0.8780242204666138
YHR074W,YNL251C,0,0.45381337,0.10875792801380157,0.9842592477798462,0.878125011920929
YLR424W,YMR219W,0,0.45207286,0.10874680429697037,0.9842592477798462,0.8782258033752441
YKL179C,YBR248C,0,0.44841102,0.10873568058013916,0.9842592477798462,0.8783265948295593
YJR060W,YGL023C,0,0.44653657,0.10872455686330795,0.9842592477798462,0.8784274458885193
YLR367W,YFL010W-A,0,0.44510055,0.10871344059705734,0.9842592477798462,0.8785282373428345
YHR165C,YDR334W,0,0.4440532,0.10870232433080673,0.9842592477798462,0.8786290287971497
YKL045W,YPL268W,0,0.44399428,0.10869120806455612,0.9842592477798462,0.8787298202514648
YOR151C,YGL033W,0,0.44371766,0.10868009179830551,0.9842592477798462,0.8788306713104248
YER005W,YNR054C,0,0.44353184,0.1086689829826355,0.9842592477798462,0.87893146276474
YGR027C,YOR265W,0,0.44331086,0.10865787416696548,0.9842592477798462,0.8790322542190552
YPR156C,YPL167C,0,0.44302356,0.10864677280187607,0.9842592477798462,0.8791330456733704
YGR004W,YLR262C,0,0.44116366,0.10863566398620605,0.9842592477798462,0.8792338967323303
YJL140W,YPL089C,0,0.43980613,0.10862456262111664,0.9842592477798462,0.8793346881866455
YDR487C,YLR380W,0,0.43873885,0.10861346870660782,0.9842592477798462,0.8794354796409607
YMR242C,YDR055W,0,0.43713835,0.1086023673415184,0.9842592477798462,0.8795362710952759
YER176W,YJL109C,0,0.4358553,0.10859127342700958,0.9842592477798462,0.8796371221542358
YPL165C,YML114C,0,0.43494397,0.10858018696308136,0.9842592477798462,0.879737913608551
YLL050C,YDL075W,0,0.43467435,0.10856909304857254,0.9842592477798462,0.8798387050628662
YKL010C,YMR277W,0,0.4342883,0.10855800658464432,0.9842592477798462,0.8799394965171814
YOR341W,YGL044C,0,0.43409598,0.1085469201207161,0.9842592477798462,0.8800403475761414
YPR093C,YOR162C,0,0.43408898,0.10853584110736847,0.9842592477798462,0.8801411390304565
YLR308W,YMR163C,0,0.43343568,0.10852475464344025,0.9842592477798462,0.8802419304847717
YOR014W,YOR017W,0,0.43242365,0.10851367563009262,0.9842592477798462,0.8803427219390869
YPL282C,YOR066W,0,0.4318928,0.10850260406732559,0.9842592477798462,0.8804435729980469
YDL213C,YDR163W,0,0.43178862,0.10849153250455856,0.9842592477798462,0.8805443644523621
YKR008W,YMR301C,0,0.4310431,0.10848045349121094,0.9842592477798462,0.8806451559066772
YDR536W,YDR466W,0,0.4308102,0.1084693893790245,0.9842592477798462,0.8807459473609924
YDL059C,YGR133W,0,0.428941,0.10845831781625748,0.9842592477798462,0.8808467984199524
YPL228W,YNR013C,0,0.42794734,0.10844725370407104,0.9842592477798462,0.8809475898742676
YDR512C,YOR242C,0,0.42682976,0.10843618959188461,0.9842592477798462,0.8810483813285828
YMR061W,YPR151C,0,0.42653382,0.10842513293027878,0.9842592477798462,0.881149172782898
YNL003C,YNR038W,0,0.42513454,0.10841407626867294,0.9842592477798462,0.8812500238418579
YER040W,YPL274W,0,0.42360288,0.10840301960706711,0.9842592477798462,0.8813508152961731
YPL189W,YML064C,0,0.42356867,0.10839196294546127,0.9842592477798462,0.8814516067504883
YIL009W,YNL076W,0,0.42270976,0.10838091373443604,0.9842592477798462,0.8815523982048035
YNL206C,YCR047C,0,0.4224504,0.1083698645234108,0.9842592477798462,0.8816532492637634
YDL145C,YPL175W,0,0.42236382,0.10835881531238556,0.9842592477798462,0.8817540407180786
YLR092W,YJL101C,0,0.42127657,0.10834777355194092,0.9842592477798462,0.8818548321723938
YJL034W,YBR180W,0,0.42089194,0.10833673179149628,0.9842592477798462,0.881955623626709
YJL019W,YBR171W,0,0.42081782,0.10832569003105164,0.9842592477798462,0.882056474685669
YPL079W,YPL249C-A,0,0.42066243,0.10831465572118759,0.9842592477798462,0.8821572661399841
YER176W,YGR085C,0,0.42025524,0.10830361396074295,0.9842592477798462,0.8822580575942993
YPR162C,YPL072W,0,0.42024335,0.1082925871014595,0.9842592477798462,0.8823588490486145
YNL154C,YPL160W,0,0.4194504,0.10828155279159546,0.9842592477798462,0.8824597001075745
YBL013W,YDL209C,0,0.4191857,0.10827052593231201,0.9842592477798462,0.8825604915618896
YDR362C,YPL204W,0,0.41910893,0.10825949907302856,0.9842592477798462,0.8826612830162048
YNR038W,YKL104C,0,0.41907614,0.10824847221374512,0.9842592477798462,0.88276207447052
YKL157W,YGR184C,0,0.4183153,0.10823745280504227,0.9842592477798462,0.88286292552948
YFR034C,YBL093C,0,0.4175197,0.10822643339633942,0.9842592477798462,0.8829637169837952
YLR396C,YMR032W,0,0.41679662,0.10821541398763657,0.9842592477798462,0.8830645084381104
YDR466W,YDR507C,0,0.41664666,0.10820439457893372,0.9842592477798462,0.8831652998924255
YAR014C,YJR147W,0,0.4156044,0.10819338262081146,0.9842592477798462,0.8832661509513855
YIL056W,YBL051C,0,0.4150111,0.10818237066268921,0.9842592477798462,0.8833669424057007
YPR185W,YPL282C,0,0.41486138,0.10817136615514755,0.9842592477798462,0.8834677338600159
YPR072W,YOR109W,0,0.41396117,0.1081603616476059,0.9842592477798462,0.883568525314331
YDL116W,YNL063W,0,0.41312695,0.10814935714006424,0.9842592477798462,0.883669376373291
YPL210C,YBR095C,0,0.4113992,0.10813835263252258,0.9842592477798462,0.8837701678276062
YHR215W,YOR109W,0,0.41074032,0.10812735557556152,0.9842592477798462,0.8838709592819214
YOR101W,YKL184W,0,0.4105628,0.10811635106801987,0.9842592477798462,0.8839717507362366
YER039C,YIL144W,0,0.4098677,0.1081053614616394,0.9842592477798462,0.8840726017951965
YIL103W,YLR325C,0,0.40975803,0.10809436440467834,0.9842592477798462,0.8841733932495117
YFL013C,YPR065W,0,0.4091071,0.10808337479829788,0.9842592477798462,0.8842741847038269
YIL103W,YCR081W,0,0.4089438,0.10807238519191742,0.9842592477798462,0.8843749761581421
YLR215C,YIL063C,0,0.40749076,0.10806140303611755,0.9842592477798462,0.884475827217102
YKL073W,YNL126W,0,0.40603912,0.10805041342973709,0.9842592477798462,0.8845766186714172
YGR135W,YOR037W,0,0.40573788,0.10803943127393723,0.9842592477798462,0.8846774101257324
YHR193C,YHL022C,0,0.4055284,0.10802845656871796,0.9842592477798462,0.8847782015800476
YPR065W,YMR163C,0,0.40531898,0.10801747441291809,0.9842592477798462,0.8848790526390076
YEL055C,YGR133W,0,0.40472454,0.10800649970769882,0.9842592477798462,0.8849798440933228
YOR347C,YNL187W,0,0.40421993,0.10799553245306015,0.9842592477798462,0.8850806355476379
YPR065W,YGL257C,0,0.40394756,0.10798455774784088,0.9842592477798462,0.8851814270019531
YGL168W,YNL204C,0,0.4034282,0.10797359049320221,0.9842592477798462,0.8852822780609131
YLR440C,YDL209C,0,0.40323687,0.10796262323856354,0.9842592477798462,0.8853830695152283
YOR373W,YDR376W,0,0.40074652,0.10795166343450546,0.9842592477798462,0.8854838609695435
YAL026C,YOR091W,0,0.39988106,0.10794069617986679,0.9842592477798462,0.8855846524238586
YLR309C,YOR023C,0,0.399816,0.10792973637580872,0.9842592477798462,0.8856855034828186
YPL234C,YLR385C,0,0.39924628,0.10791878402233124,0.9842592477798462,0.8857862949371338
YGL066W,YGL033W,0,0.39914972,0.10790782421827316,0.9842592477798462,0.885887086391449
YHL022C,YMR301C,0,0.39839527,0.10789687186479568,0.9842592477798462,0.8859878778457642
YJL019W,YIL107C,0,0.39827847,0.1078859195113182,0.9842592477798462,0.8860887289047241
YPR185W,YML047C,0,0.39642972,0.10787497460842133,0.9842592477798462,0.8861895203590393
YDR501W,YGR085C,0,0.39499775,0.10786402970552444,0.9842592477798462,0.8862903118133545
YOR091W,YCR031C,0,0.39395303,0.10785308480262756,0.9842592477798462,0.8863911032676697
YLL043W,YDR046C,0,0.39343932,0.10784213989973068,0.9842592477798462,0.8864919543266296
YER051W,YPL115C,0,0.39336744,0.1078312024474144,0.9842592477798462,0.8865927457809448
YDL084W,YKL119C,0,0.39336294,0.10782026499509811,0.9842592477798462,0.88669353723526
YMR233W,YKL203C,0,0.39237547,0.10780932754278183,0.9842592477798462,0.8867943286895752
YDR397C,YIL047C,0,0.39167464,0.10779839754104614,0.9842592477798462,0.8868951797485352
YOR311C,YBR074W,0,0.3915408,0.10778746753931046,0.9842592477798462,0.8869959712028503
YMR311C,YJL085W,0,0.3901112,0.10777653753757477,0.9842592477798462,0.8870967626571655
YOL109W,YHR008C,0,0.38927734,0.10776561498641968,0.9842592477798462,0.8871975541114807
YNL049C,YBL027W,0,0.38901573,0.10775468498468399,0.9842592477798462,0.8872984051704407
YPR083W,YLR274W,0,0.38642937,0.1077437698841095,0.9842592477798462,0.8873991966247559
YGL210W,YDR288W,0,0.38638592,0.1077328473329544,0.9842592477798462,0.887499988079071
YLR318W,YDR287W,0,0.38585728,0.10772193223237991,0.9842592477798462,0.8876007795333862
YHR074W,YBR180W,0,0.38369817,0.10771101713180542,0.9842592477798462,0.8877016305923462
YBR237W,YDL013W,0,0.3826466,0.10770010203123093,0.9842592477798462,0.8878024220466614
YFR034C,YLR263W,0,0.3818063,0.10768918693065643,0.9842592477798462,0.8879032135009766
YDL010W,YOR327C,0,0.38066936,0.10767827928066254,0.9842592477798462,0.8880040049552917
YBR152W,YOR232W,0,0.3800218,0.10766737908124924,0.9842592477798462,0.8881048560142517
YHR203C,YPL204W,0,0.3775277,0.10765647143125534,0.9842592477798462,0.8882056474685669
YDR457W,YIL170W,0,0.37741396,0.10764557123184204,0.9842592477798462,0.8883064389228821
YDR163W,YKL154W,0,0.37613708,0.10763467103242874,0.9842592477798462,0.8884072303771973
YDR034C,YKL089W,0,0.37367046,0.10762377083301544,0.9842592477798462,0.8885080814361572
YKR056W,YHR143W-A,0,0.37350234,0.10761287808418274,0.9842592477798462,0.8886088728904724
YMR182C,YML021C,0,0.3734635,0.10760198533535004,0.9842592477798462,0.8887096643447876
YPL212C,YDR192C,0,0.3719651,0.10759109258651733,0.9842592477798462,0.8888104557991028
YBR001C,YDR332W,0,0.37191778,0.10758020728826523,0.9842592477798462,0.8889113068580627
YJL140W,YLR066W,0,0.36975032,0.10756931453943253,0.9842592477798462,0.8890120983123779
YKR090W,YDR057W,0,0.3693139,0.10755843669176102,0.9842592477798462,0.8891128897666931
YKR007W,YIL019W,0,0.3691383,0.10754755139350891,0.9842592477798462,0.8892136812210083
YOR140W,YGR072W,0,0.36874604,0.1075366735458374,0.9842592477798462,0.8893145322799683
YLR424W,YOR367W,0,0.3685251,0.1075257956981659,0.9842592477798462,0.8894153237342834
YPR185W,YGR072W,0,0.36796704,0.10751491785049438,0.9842592477798462,0.8895161151885986
YOR091W,YBR154C,0,0.36740476,0.10750404745340347,0.9842592477798462,0.8896169066429138
YBR095C,YKR008W,0,0.3664048,0.10749317705631256,0.9842592477798462,0.8897177577018738
YNR017W,YMR059W,1,0.36561778,0.1075834184885025,0.9851852059364319,0.8897177577018738
YKL220C,YDL113C,0,0.36493468,0.107572540640831,0.9851852059364319,0.889818549156189
YPR104C,YKL134C,0,0.362941,0.10756166279315948,0.9851852059364319,0.8899193406105042
YLR158C,YDR334W,0,0.3617859,0.10755079239606857,0.9851852059364319,0.8900201320648193
YKL220C,YLR258W,0,0.36054462,0.10753992199897766,0.9851852059364319,0.8901209831237793
YLR398C,YKL081W,0,0.3596196,0.10752905160188675,0.9851852059364319,0.8902217745780945
YDR404C,YDR365C,0,0.35871115,0.10751818865537643,0.9851852059364319,0.8903225660324097
YGL197W,YGR070W,0,0.358703,0.10750732570886612,0.9851852059364319,0.8904233574867249
YDR404C,YMR201C,0,0.3584396,0.1074964627623558,0.9851852059364319,0.8905242085456848
YLR024C,YIR008C,0,0.35826856,0.10748560726642609,0.9851852059364319,0.890625
YDR025W,YAR002C-A,0,0.3581228,0.10747474431991577,0.9851852059364319,0.8907257914543152
YGL090W,YLR248W,0,0.35767886,0.10746388882398605,0.9851852059364319,0.8908266425132751
YOR351C,YER166W,0,0.35687643,0.10745304077863693,0.9851852059364319,0.8909274339675903
YLR424W,YBR154C,0,0.35530144,0.10744219273328781,0.9851852059364319,0.8910282254219055
YLR078C,YJL080C,0,0.35522014,0.1074313372373581,0.9851852059364319,0.8911290168762207
YLR131C,YLL012W,0,0.3544548,0.10742049664258957,0.9851852059364319,0.8912298679351807
YLR388W,YOR344C,0,0.35445207,0.10740964859724045,0.9851852059364319,0.8913306593894958
YLR131C,YIL022W,0,0.35401642,0.10739880800247192,0.9851852059364319,0.891431450843811
YKR007W,YDR365C,0,0.3538909,0.1073879674077034,0.9851852059364319,0.8915322422981262
YPL131W,YBR121C,0,0.3527413,0.10737713426351547,0.9851852059364319,0.8916330933570862
YKR086W,YPR041W,0,0.35232165,0.10736629366874695,0.9851852059364319,0.8917338848114014
YHR129C,YPL243W,0,0.35226,0.10735546052455902,0.9851852059364319,0.8918346762657166
YLR172C,YNL258C,0,0.34510028,0.10734463483095169,0.9851852059364319,0.8919354677200317
YGR135W,YAL028W,0,0.34425798,0.10733380168676376,0.9851852059364319,0.8920363187789917
YML019W,YJR013W,0,0.34313747,0.10732297599315643,0.9851852059364319,0.8921371102333069
YNL187W,YLR024C,0,0.34227583,0.1073121502995491,0.9851852059364319,0.8922379016876221
YGR229C,YDL122W,0,0.3412938,0.10730133205652237,0.9851852059364319,0.8923386931419373
YAR002W,YAR003W,0,0.34051663,0.10729051381349564,0.9851852059364319,0.8924395442008972
YLR369W,YNL286W,0,0.34000355,0.1072796955704689,0.9851852059364319,0.8925403356552124
YPL160W,YGL194C,0,0.33945554,0.10726887732744217,0.9851852059364319,0.8926411271095276
YOL055C,YIL095W,0,0.33832586,0.10725806653499603,0.9851852059364319,0.8927419185638428
YNR008W,YPL282C,0,0.33777463,0.1072472557425499,0.9851852059364319,0.8928427696228027
YBR112C,YDR200C,0,0.33760604,0.10723644495010376,0.9851852059364319,0.8929435610771179
YJL056C,YLR442C,0,0.3361219,0.10722563415765762,0.9851852059364319,0.8930443525314331
YPL164C,YGR072W,0,0.33580145,0.10721483081579208,0.9851852059364319,0.8931451439857483
YLR398C,YPL243W,0,0.33543277,0.10720402747392654,0.9851852059364319,0.8932459950447083
YJL109C,YLR262C,0,0.3352452,0.1071932315826416,0.9851852059364319,0.8933467864990234
YOR033C,YHR039C,0,0.3317988,0.10718242824077606,0.9851852059364319,0.8934475779533386
YER174C,YHR056C,0,0.3306802,0.10717163234949112,0.9851852059364319,0.8935483694076538
YLR325C,YGR274C,0,0.32738274,0.10716084390878677,0.9851852059364319,0.8936492204666138
YDR092W,YDL075W,0,0.3271424,0.10715004801750183,0.9851852059364319,0.893750011920929
YLL004W,YLR265C,0,0.3244382,0.10713925957679749,0.9851852059364319,0.8938508033752441
YNL257C,YDR362C,0,0.32165766,0.10712847113609314,0.9851852059364319,0.8939515948295593
YGR074W,YDL013W,0,0.32113376,0.10711769014596939,0.9851852059364319,0.8940524458885193
YPL155C,YLR176C,0,0.32108134,0.10710690915584564,0.9851852059364319,0.8941532373428345
YGL113W,YPR072W,0,0.32050532,0.1070961281657219,0.9851852059364319,0.8942540287971497
YHR120W,YGL252C,0,0.3202429,0.10708534717559814,0.9851852059364319,0.8943548202514648
YJR106W,YPL138C,0,0.31956744,0.1070745661854744,0.9851852059364319,0.8944556713104248
YDL231C,YIL002C,0,0.31873727,0.10706379264593124,0.9851852059364319,0.89455646276474
YKR008W,YCR038C,0,0.3150303,0.10705302655696869,0.9851852059364319,0.8946572542190552
YJL222W,YIL019W,0,0.3143047,0.10704225301742554,0.9851852059364319,0.8947580456733704
YBR236C,YGR229C,0,0.3138626,0.10703148692846298,0.9851852059364319,0.8948588967323303
YML104C,YPR133C,0,0.31237274,0.10702072083950043,0.9851852059364319,0.8949596881866455
YPR111W,YPL281C,0,0.31224418,0.10700995475053787,0.9851852059364319,0.8950604796409607
YOL055C,YPL138C,0,0.30901915,0.10699919611215591,0.9851852059364319,0.8951612710952759
YPL012W,YDR452W,0,0.30896655,0.10698843747377396,0.9851852059364319,0.8952621221542358
YER055C,YBR084C-A,0,0.30847976,0.106977678835392,0.9851852059364319,0.895362913608551
YER028C,YFL028C,0,0.30826002,0.10696692764759064,0.9851852059364319,0.8954637050628662
YOR109W,YLR305C,0,0.30731195,0.10695616900920868,0.9851852059364319,0.8955644965171814
YGL257C,YLR315W,0,0.30564502,0.10694542527198792,0.9851852059364319,0.8956653475761414
YBR112C,YAR014C,0,0.30481604,0.10693467408418655,0.9851852059364319,0.8957661390304565
YGL254W,YBR213W,0,0.30469462,0.10692393034696579,0.9851852059364319,0.8958669304847717
YDR226W,YKL089W,0,0.30223656,0.10691318660974503,0.9851852059364319,0.8959677219390869
YLR367W,YNL248C,0,0.3017364,0.10690244287252426,0.9851852059364319,0.8960685729980469
YLR401C,YPR065W,0,0.3012914,0.1068916991353035,0.9851852059364319,0.8961693644523621
YPR111W,YMR201C,0,0.3006578,0.10688096284866333,0.9851852059364319,0.8962701559066772
YML049C,YPR095C,0,0.30048794,0.10687022656202316,0.9851852059364319,0.8963709473609924
YNL222W,YNL257C,0,0.29941237,0.10685949772596359,0.9851852059364319,0.8964717984199524
YFR026C,YBR070C,0,0.2993727,0.10684876143932343,0.9851852059364319,0.8965725898742676
YEL069C,YOR117W,0,0.29806018,0.10683803260326385,0.9851852059364319,0.8966733813285828
YJL042W,YLR368W,0,0.2966665,0.10682731121778488,0.9851852059364319,0.896774172782898
YML043C,YOR351C,0,0.29629183,0.10681658238172531,0.9851852059364319,0.8968750238418579
YOR311C,YBR281C,0,0.2960891,0.10680586099624634,0.9851852059364319,0.8969758152961731
YAR042W,YMR019W,0,0.29593992,0.10679513961076736,0.9851852059364319,0.8970766067504883
YPL167C,YPR125W,0,0.29498842,0.10678442567586899,0.9851852059364319,0.8971773982048035
YPL228W,YPL167C,0,0.2948777,0.10677370429039001,0.9851852059364319,0.8972782492637634
YDR419W,YDL113C,0,0.2936136,0.10676299780607224,0.9851852059364319,0.8973790407180786
YGR280C,YOL026C,0,0.29324824,0.10675228387117386,0.9851852059364319,0.8974798321723938
YLL004W,YLR431C,0,0.29309314,0.10674156993627548,0.9851852059364319,0.897580623626709
YOR046C,YGL044C,0,0.29245764,0.1067308634519577,0.9851852059364319,0.897681474685669
YOR140W,YKL089W,0,0.2923011,0.10672015696763992,0.9851852059364319,0.8977822661399841
YPL138C,YOR101W,0,0.28982386,0.10670945793390274,0.9851852059364319,0.8978830575942993
YHR194W,YMR277W,0,0.28946856,0.10669875890016556,0.9851852059364319,0.8979838490486145
YOR265W,YIL040W,0,0.28870678,0.10668805986642838,0.9851852059364319,0.8980847001075745
YMR182C,YGR178C,0,0.2886293,0.10667736083269119,0.9851852059364319,0.8981854915618896
YLR361C,YGR229C,0,0.28817207,0.1066666692495346,0.9851852059364319,0.8982862830162048
YML115C,YPR171W,0,0.28751573,0.10665597766637802,0.9851852059364319,0.89838707447052
YDL122W,YIL107C,0,0.28677487,0.10664528608322144,0.9851852059364319,0.89848792552948
YPL274W,YMR069W,0,0.28513315,0.10663459450006485,0.9851852059364319,0.8985887169837952
YAR014C,YDR062W,0,0.2840045,0.10662391036748886,0.9851852059364319,0.8986895084381104
YGR158C,YBR237W,0,0.28097335,0.10661322623491287,0.9851852059364319,0.8987902998924255
YPL206C,YDR386W,0,0.27945274,0.10660254210233688,0.9851852059364319,0.8988911509513855
YPL228W,YER106W,0,0.2789656,0.10659186542034149,0.9851852059364319,0.8989919424057007
YCR094W,YMR032W,0,0.27826118,0.1065811887383461,0.9851852059364319,0.8990927338600159
YFR005C,YMR019W,0,0.277058,0.10657051205635071,0.9851852059364319,0.899193525314331
YLR061W,YPR187W,0,0.27693582,0.10655984282493591,0.9851852059364319,0.899294376373291
YLL004W,YOR258W,0,0.2767828,0.10654916614294052,0.9851852059364319,0.8993951678276062
YPR111W,YPL268W,0,0.27614793,0.10653849691152573,0.9851852059364319,0.8994959592819214
YPL064C,YJL183W,0,0.2760892,0.10652783513069153,0.9851852059364319,0.8995967507362366
YNL258C,YFL028C,0,0.27600193,0.10651716589927673,0.9851852059364319,0.8996976017951965
YLR013W,YDR386W,0,0.27436253,0.10650650411844254,0.9851852059364319,0.8997983932495117
YER075C,YGL063W,0,0.2741078,0.10649584978818893,0.9851852059364319,0.8998991847038269
YLR309C,YAR042W,0,0.27329016,0.10648518800735474,0.9851852059364319,0.8999999761581421
YPR081C,YMR163C,0,0.27311498,0.10647453367710114,0.9851852059364319,0.900100827217102
YER093C,YOR014W,0,0.27253956,0.10646387934684753,0.9851852059364319,0.9002016186714172
YIL047C,YLR433C,0,0.27145326,0.10645322501659393,0.9851852059364319,0.9003024101257324
YOR237W,YBR031W,0,0.26961827,0.10644257813692093,0.9851852059364319,0.9004032015800476
YGL090W,YMR218C,0,0.2677816,0.10643193125724792,0.9851852059364319,0.9005040526390076
YBL069W,YHR088W,0,0.26722562,0.10642128437757492,0.9851852059364319,0.9006048440933228
YPL274W,YDR410C,0,0.2662901,0.10641063749790192,0.9851852059364319,0.9007056355476379
YDR320C,YHR088W,0,0.2659448,0.10639999806880951,0.9851852059364319,0.9008064270019531
YML019W,YER106W,0,0.26324227,0.1063893586397171,0.9851852059364319,0.9009072780609131
YKL113C,YHR039C,0,0.26303965,0.10637872666120529,0.9851852059364319,0.9010080695152283
YLR215C,YEL056W,0,0.2630185,0.10636808723211288,0.9851852059364319,0.9011088609695435
YGL101W,YBR155W,0,0.26210746,0.10635745525360107,0.9851852059364319,0.9012096524238586
YGL071W,YOR221C,0,0.26129234,0.10634682327508926,0.9851852059364319,0.9013105034828186
YBR083W,YIR032C,0,0.2594647,0.10633619874715805,0.9851852059364319,0.9014112949371338
YGR033C,YMR059W,1,0.25903264,0.10642550140619278,0.9861111044883728,0.9014112949371338
YBR031W,YHR197W,0,0.25817323,0.10641486942768097,0.9861111044883728,0.901512086391449
YMR260C,YDR091C,0,0.25794172,0.10640423744916916,0.9861111044883728,0.9016128778457642
YDR495C,YOR367W,0,0.25725535,0.10639360547065735,0.9861111044883728,0.9017137289047241
YBR236C,YOR091W,0,0.25682318,0.10638298094272614,0.9861111044883728,0.9018145203590393
YOL021C,YDR288W,0,0.25648522,0.10637235641479492,0.9861111044883728,0.9019153118133545
YHR111W,YDL013W,0,0.2554364,0.10636173188686371,0.9861111044883728,0.9020161032676697
YGR169C,YOR154W,0,0.25519782,0.1063511073589325,0.9861111044883728,0.9021169543266296
YJL008C,YKL119C,0,0.25508705,0.10634049028158188,0.9861111044883728,0.9022177457809448
YPR152C,YJL129C,0,0.2550718,0.10632987320423126,0.9861111044883728,0.90231853723526
YNR038W,YCR086W,0,0.25485677,0.10631925612688065,0.9861111044883728,0.9024193286895752
YPR133C,YGR133W,0,0.25377023,0.10630864650011063,0.9861111044883728,0.9025201797485352
YDR025W,YGL050W,0,0.25159433,0.1062980368733406,0.9861111044883728,0.9026209712028503
YOR168W,YGR084C,0,0.25140953,0.10628742724657059,0.9861111044883728,0.9027217626571655
YBR180W,YNR019W,0,0.25031957,0.10627681761980057,0.9861111044883728,0.9028225541114807
YCR094W,YMR079W,0,0.24918008,0.10626621544361115,0.9861111044883728,0.9029234051704407
YJL103C,YHR150W,0,0.24737856,0.10625561326742172,0.9861111044883728,0.9030241966247559
YNL327W,YDL191W,0,0.24649608,0.1062450110912323,0.9861111044883728,0.903124988079071
YML104C,YBL051C,0,0.24577814,0.10623441636562347,0.9861111044883728,0.9032257795333862
YGL090W,YAL017W,0,0.24251196,0.10622382164001465,0.9861111044883728,0.9033266305923462
YPL228W,YLR052W,0,0.2418254,0.10621322691440582,0.9861111044883728,0.9034274220466614
YJR060W,YLR399C,0,0.24037093,0.106202632188797,0.9861111044883728,0.9035282135009766
YPL255W,YBL088C,0,0.23914048,0.10619204491376877,0.9861111044883728,0.9036290049552917
YDR500C,YMR182C,0,0.23858464,0.10618145763874054,0.9861111044883728,0.9037298560142517
YDL058W,YGL122C,0,0.23589888,0.10617087036371231,0.9861111044883728,0.9038306474685669
YDR379W,YNL088W,0,0.23545557,0.10616029053926468,0.9861111044883728,0.9039314389228821
YAL041W,YLR248W,0,0.23503438,0.10614970326423645,0.9861111044883728,0.9040322303771973
YOR197W,YGL033W,0,0.23494998,0.10613912343978882,0.9861111044883728,0.9041330814361572
YOL042W,YJL156C,0,0.23468244,0.10612855106592178,0.9861111044883728,0.9042338728904724
YOR212W,YNL286W,0,0.2346583,0.10611797869205475,0.9861111044883728,0.9043346643447876
YDR118W,YCL038C,0,0.23438469,0.10610740631818771,0.9861111044883728,0.9044354557991028
YOR261C,YLR262C,0,0.23385656,0.10609683394432068,0.9861111044883728,0.9045363068580627
YGR271W,YKL049C,0,0.23342004,0.10608626157045364,0.9861111044883728,0.9046370983123779
YOR109W,YMR288W,0,0.23340479,0.1060756966471672,0.9861111044883728,0.9047378897666931
YLR368W,YLR305C,0,0.2326734,0.10606513172388077,0.9861111044883728,0.9048386812210083
YDR081C,YDR125C,0,0.23036703,0.10605457425117493,0.9861111044883728,0.9049395322799683
YGL201C,YLR025W,0,0.23027697,0.10604400932788849,0.9861111044883728,0.9050403237342834
YDL100C,YOR260W,0,0.22934109,0.10603345185518265,0.9861111044883728,0.9051411151885986
YCR089W,YGL194C,0,0.2272352,0.1060228943824768,0.9861111044883728,0.9052419066429138
YLR234W,YBR281C,0,0.22702032,0.10601234436035156,0.9861111044883728,0.9053427577018738
YHR203C,YCR035C,0,0.22399402,0.10600179433822632,0.9861111044883728,0.905443549156189
YPL012W,YCR031C,0,0.22322527,0.10599124431610107,0.9861111044883728,0.9055443406105042
YDR125C,YJR046W,0,0.22321191,0.10598069429397583,0.9861111044883728,0.9056451320648193
YDR507C,YMR037C,0,0.22248632,0.10597015172243118,0.9861111044883728,0.9057459831237793
YGR156W,YBR286W,0,0.22131959,0.10595960915088654,0.9861111044883728,0.9058467745780945
YOR154W,YOR293W,0,0.22074854,0.10594906657934189,0.9861111044883728,0.9059475660324097
YDR425W,YLR318W,0,0.21704468,0.10593852400779724,0.9861111044883728,0.9060483574867249
YGL168W,YBL027W,0,0.21540329,0.10592798888683319,0.9861111044883728,0.9061492085456848
YJR021C,YBL063W,0,0.21502751,0.10591745376586914,0.9861111044883728,0.90625
YHR197W,YNL251C,0,0.21391112,0.10590691864490509,0.9861111044883728,0.9063507914543152
YLR309C,YIR008C,0,0.21315265,0.10589639097452164,0.9861111044883728,0.9064516425132751
YLR145W,YPL255W,0,0.21127278,0.10588586330413818,0.9861111044883728,0.9065524339675903
YOR377W,YJL051W,0,0.2094247,0.10587533563375473,0.9861111044883728,0.9066532254219055
YMR242C,YOR154W,0,0.20922676,0.10586480796337128,0.9861111044883728,0.9067540168762207
YPR125W,YIR033W,0,0.20916495,0.10585428774356842,0.9861111044883728,0.9068548679351807
YER038C,YGR162W,0,0.20893487,0.10584376752376556,0.9861111044883728,0.9069556593894958
YPL016W,YDL065C,0,0.20850387,0.10583324730396271,0.9861111044883728,0.907056450843811
YMR047C,YOR250C,0,0.20768529,0.10582273453474045,0.9861111044883728,0.9071572422981262
YKR008W,YOR066W,0,0.20638487,0.10581222176551819,0.9861111044883728,0.9072580933570862
YER029C,YOR033C,0,0.20610535,0.10580170899629593,0.9861111044883728,0.9073588848114014
YMR023C,YBR091C,1,0.20610529,0.10589053481817245,0.9870370626449585,0.9073588848114014
YBR015C,YBR205W,0,0.20560607,0.1058800145983696,0.9870370626449585,0.9074596762657166
YPL016W,YOR250C,0,0.20489275,0.10586950182914734,0.9870370626449585,0.9075604677200317
YIL040W,YPL138C,0,0.20412806,0.10585898905992508,0.9870370626449585,0.9076613187789917
YMR218C,YNL302C,0,0.20398435,0.10584847629070282,0.9870370626449585,0.9077621102333069
YLR190W,YJR117W,1,0.20376208,0.10593724995851517,0.9879629611968994,0.9077621102333069
YDR334W,YMR117C,0,0.20300835,0.10592673718929291,0.9879629611968994,0.9078629016876221
YDR273W,YDR192C,0,0.20264488,0.10591621696949005,0.9879629611968994,0.9079636931419373
YDR365C,YOR327C,0,0.20217732,0.10590570420026779,0.9879629611968994,0.9080645442008972
YGR065C,YNL126W,0,0.2020961,0.10589519888162613,0.9879629611968994,0.9081653356552124
YPL012W,YBR170C,0,0.20196283,0.10588468611240387,0.9879629611968994,0.9082661271095276
YGR154C,YOR140W,0,0.19906408,0.10587418079376221,0.9879629611968994,0.9083669185638428
YLR175W,YNL126W,0,0.19888738,0.10586367547512054,0.9879629611968994,0.9084677696228027
YDR139C,YML106W,0,0.1966959,0.10585317760705948,0.9879629611968994,0.9085685610771179
YLR105C,YNR054C,0,0.19665939,0.10584267228841782,0.9879629611968994,0.9086693525314331
YDR252W,YER074W,0,0.19614404,0.10583217442035675,0.9879629611968994,0.9087701439857483
YGL033W,YBR281C,0,0.19588405,0.10582167655229568,0.9879629611968994,0.9088709950447083
YGL254W,YNL242W,0,0.1956951,0.10581118613481522,0.9879629611968994,0.9089717864990234
YNL301C,YJR047C,0,0.19556856,0.10580069571733475,0.9879629611968994,0.9090725779533386
YOL012C,YJL074C,0,0.19499621,0.10579020529985428,0.9879629611968994,0.9091733694076538
YJR067C,YOR388C,0,0.1949876,0.10577971488237381,0.9879629611968994,0.9092742204666138
YNL258C,YHR156C,0,0.19362998,0.10576923191547394,0.9879629611968994,0.909375011920929
YOL115W,YER166W,0,0.19344917,0.10575874894857407,0.9879629611968994,0.9094758033752441
YLR061W,YBL063W,0,0.19228408,0.1057482659816742,0.9879629611968994,0.9095765948295593
YDR273W,YBL018C,0,0.19217893,0.10573778301477432,0.9879629611968994,0.9096774458885193
YKR071C,YDL010W,0,0.19153625,0.10572730749845505,0.9879629611968994,0.9097782373428345
YOR073W,YAL017W,0,0.19066218,0.10571683198213577,0.9879629611968994,0.9098790287971497
YPR137W,YJL062W,0,0.18965077,0.1057063639163971,0.9879629611968994,0.9099798202514648
YBR121C,YPR125W,0,0.18901116,0.10569588840007782,0.9879629611968994,0.9100806713104248
YBR031W,YPL209C,0,0.188981,0.10568542033433914,0.9879629611968994,0.91018146276474
YPR043W,YBR060C,0,0.18812633,0.10567495226860046,0.9879629611968994,0.9102822542190552
YOL072W,YPL072W,0,0.18577719,0.10566449165344238,0.9879629611968994,0.9103830456733704
YCR042C,YPL053C,0,0.18496957,0.1056540235877037,0.9879629611968994,0.9104838967323303
YLR263W,YMR026C,0,0.18475837,0.10564356297254562,0.9879629611968994,0.9105846881866455
YIL103W,YPL193W,0,0.18250677,0.10563310235738754,0.9879629611968994,0.9106854796409607
YBR095C,YLR085C,0,0.18232402,0.10562264919281006,0.9879629611968994,0.9107862710952759
YIL114C,YBR084C-A,0,0.18125305,0.10561219602823257,0.9879629611968994,0.9108871221542358
YGL197W,YDL013W,0,0.18107718,0.10560174286365509,0.9879629611968994,0.910987913608551
YDR376W,YOR037W,1,0.180478,0.10569025576114655,0.9888888597488403,0.910987913608551
YDR163W,YBR084C-A,0,0.17986733,0.10567979514598846,0.9888888597488403,0.9110887050628662
YOL082W,YCR089W,0,0.17927256,0.10566933453083038,0.9888888597488403,0.9111894965171814
YHR058C,YCR038C,0,0.1781117,0.1056588813662529,0.9888888597488403,0.9112903475761414
YLR136C,YPL089C,0,0.17692739,0.10564843565225601,0.9888888597488403,0.9113911390304565
YHR120W,YLR424W,0,0.17692256,0.10563798248767853,0.9888888597488403,0.9114919304847717
YDR257C,YJR024C,0,0.17660356,0.10562753677368164,0.9888888597488403,0.9115927219390869
YLR145W,YIL047C,0,0.17519635,0.10561709105968475,0.9888888597488403,0.9116935729980469
YOL117W,YBL016W,0,0.16983443,0.10560664534568787,0.9888888597488403,0.9117943644523621
YBR152W,YNR041C,0,0.16932708,0.10559619963169098,0.9888888597488403,0.9118951559066772
YLR131C,YJL165C,0,0.16803104,0.10558576136827469,0.9888888597488403,0.9119959473609924
YHR120W,YMR079W,0,0.1665942,0.1055753231048584,0.9888888597488403,0.9120967984199524
YKL104C,YNL014W,0,0.16512555,0.1055648922920227,0.9888888597488403,0.9121975898742676
YER166W,YNL204C,0,0.16439214,0.10555445402860641,0.9888888597488403,0.9122983813285828
YJL209W,YMR205C,1,0.16222644,0.10564284771680832,0.989814817905426,0.9122983813285828
YJL091C,YNL087W,0,0.16196364,0.10563240945339203,0.989814817905426,0.912399172782898
YDR500C,YKL089W,0,0.16172358,0.10562197118997574,0.989814817905426,0.9125000238418579
YBR061C,YBR074W,0,0.15987208,0.10561154037714005,0.989814817905426,0.9126008152961731
YOR197W,YPL089C,0,0.15925199,0.10560110956430435,0.989814817905426,0.9127016067504883
YBR289W,YPR187W,0,0.15863019,0.10559067875146866,0.989814817905426,0.9128023982048035
YGR169C,YDL112W,0,0.15826273,0.10558024793863297,0.989814817905426,0.9129032492637634
YML043C,YDR062W,0,0.15752527,0.10556981712579727,0.989814817905426,0.9130040407180786
YER040W,YGR178C,0,0.15725808,0.10555939376354218,0.989814817905426,0.9131048321723938
YMR061W,YHR124W,0,0.15682775,0.10554897040128708,0.989814817905426,0.913205623626709
YFL013C,YPL204W,0,0.15596527,0.10553855448961258,0.989814817905426,0.913306474685669
YNL201C,YLR069C,0,0.15177518,0.10552813112735748,0.989814817905426,0.9134072661399841
YNL327W,YBL031W,0,0.15153927,0.10551771521568298,0.989814817905426,0.9135080575942993
YDL084W,YDR098C,0,0.15149412,0.10550730675458908,0.989814817905426,0.9136088490486145
YLR285W,YOL056W,0,0.15090555,0.10549689084291458,0.989814817905426,0.9137097001075745
YPL209C,YJR006W,0,0.15084267,0.10548648238182068,0.989814817905426,0.9138104915618896
YNR074C,YNR013C,0,0.14816397,0.10547607392072678,0.989814817905426,0.9139112830162048
YER110C,YMR260C,0,0.14692172,0.10546566545963287,0.989814817905426,0.91401207447052
YPL255W,YOR140W,0,0.1467908,0.10545526444911957,0.989814817905426,0.91411292552948
YDR181C,YBR133C,0,0.14608455,0.10544486343860626,0.989814817905426,0.9142137169837952
YBR015C,YLR368W,0,0.14557087,0.10543446242809296,0.989814817905426,0.9143145084381104
YOR212W,YEL056W,0,0.14537308,0.10542406141757965,0.989814817905426,0.9144152998924255
YNL222W,YGR072W,0,0.14498219,0.10541366785764694,0.989814817905426,0.9145161509513855
YLR020C,YOR242C,0,0.14383972,0.10540327429771423,0.989814817905426,0.9146169424057007
YPL164C,YBL088C,0,0.13916886,0.10539288073778152,0.989814817905426,0.9147177338600159
YDR165W,YKL184W,0,0.13760918,0.10538249462842941,0.989814817905426,0.914818525314331
YIL063C,YKL045W,0,0.1369777,0.1053721010684967,0.989814817905426,0.914919376373291
YNR008W,YAR003W,0,0.13664007,0.10536172240972519,0.989814817905426,0.9150201678276062
YOR197W,YGR184C,0,0.13464552,0.10535133630037308,0.989814817905426,0.9151209592819214
YAL017W,YOR242C,0,0.13443488,0.10534095019102097,0.989814817905426,0.9152217507362366
YNR056C,YJR067C,0,0.1341967,0.10533057153224945,0.989814817905426,0.9153226017951965
YIR008C,YDR144C,0,0.13374728,0.10532020032405853,0.989814817905426,0.9154233932495117
YBR280C,YLR368W,0,0.13263941,0.10530982166528702,0.989814817905426,0.9155241847038269
YOR173W,YIL159W,0,0.13151315,0.1052994504570961,0.989814817905426,0.9156249761581421
YLR091W,YOR327C,0,0.13006231,0.10528907924890518,0.989814817905426,0.915725827217102
YDR252W,YIL144W,0,0.12910381,0.10527870804071426,0.989814817905426,0.9158266186714172
YJL010C,YOR154W,0,0.12880397,0.10526834428310394,0.989814817905426,0.9159274101257324
YDR200C,YAL041W,0,0.12629029,0.10525797307491302,0.989814817905426,0.9160282015800476
YOL149W,YDL231C,0,0.12541023,0.1052476093173027,0.989814817905426,0.9161290526390076
YDR181C,YLL004W,0,0.11951917,0.10523725301027298,0.989814817905426,0.9162298440933228
YLR215C,YMR168C,0,0.11552892,0.10522688925266266,0.989814817905426,0.9163306355476379
YDR288W,YHR143W-A,0,0.11550289,0.10521653294563293,0.989814817905426,0.9164314270019531
YDL084W,YGR162W,0,0.11399217,0.10520618408918381,0.989814817905426,0.9165322780609131
YBR083W,YFL013C,0,0.11325615,0.10519582778215408,0.989814817905426,0.9166330695152283
YOR046C,YBR121C,0,0.11266758,0.10518547892570496,0.989814817905426,0.9167338609695435
YHR156C,YDR195W,0,0.11242268,0.10517513006925583,0.989814817905426,0.9168346524238586
YCR065W,YPR171W,0,0.112220325,0.1051647812128067,0.989814817905426,0.9169355034828186
YDL116W,YOL138C,0,0.112049274,0.10515443980693817,0.989814817905426,0.9170362949371338
YLR020C,YDR195W,0,0.11066621,0.10514409095048904,0.989814817905426,0.917137086391449
YBR074W,YDR538W,0,0.11042421,0.10513374954462051,0.989814817905426,0.9172378778457642
YOR035C,YPR095C,0,0.109432496,0.10512341558933258,0.989814817905426,0.9173387289047241
YOL069W,YKR090W,0,0.109247185,0.10511307418346405,0.989814817905426,0.9174395203590393
YLR336C,YFL025C,0,0.10831284,0.10510274022817612,0.989814817905426,0.9175403118133545
YPR162C,YER114C,0,0.108069204,0.10509241372346878,0.989814817905426,0.9176411032676697
YOR130C,YMR069W,0,0.10775416,0.10508207976818085,0.989814817905426,0.9177419543266296
YKL125W,YGR084C,0,0.10763036,0.10507175326347351,0.989814817905426,0.9178427457809448
YPL255W,YGR038W,0,0.10577049,0.10506142675876617,0.989814817905426,0.91794353723526
YLR020C,YLR305C,0,0.105207615,0.10505110025405884,0.989814817905426,0.9180443286895752
YER040W,YBR286W,0,0.10358578,0.1050407811999321,0.989814817905426,0.9181451797485352
YLR388W,YGL001C,0,0.10309421,0.10503045469522476,0.989814817905426,0.9182459712028503
YDR457W,YNL151C,0,0.10167267,0.10502014309167862,0.989814817905426,0.9183467626571655
YPL190C,YLR357W,0,0.098371275,0.10500982403755188,0.989814817905426,0.9184475541114807
YBR074W,YLL039C,0,0.09732591,0.10499951243400574,0.989814817905426,0.9185484051704407
YLR336C,YGR184C,0,0.09578984,0.104989193379879,0.989814817905426,0.9186491966247559
YFR034C,YGR271W,0,0.09485405,0.10497888922691345,0.989814817905426,0.918749988079071
YLR399C,YER114C,0,0.09464132,0.10496857762336731,0.989814817905426,0.9188507795333862
YFL057C,YMR288W,0,0.09340014,0.10495827347040176,0.989814817905426,0.9189516305923462
YKR086W,YGL122C,0,0.092860304,0.10494796931743622,0.989814817905426,0.9190524220466614
YLR286C,YML047C,0,0.09271308,0.10493766516447067,0.989814817905426,0.9191532135009766
YML115C,YLR068W,0,0.09250965,0.10492736846208572,0.989814817905426,0.9192540049552917
YBR234C,YDR144C,0,0.0924518,0.10491706430912018,0.989814817905426,0.9193548560142517
YOL109W,YML114C,0,0.09182041,0.10490677505731583,0.989814817905426,0.9194556474685669
YNL201C,YCL031C,0,0.08915358,0.10489647835493088,0.989814817905426,0.9195564389228821
YOL115W,YCR020W-B,0,0.0866672,0.10488618165254593,0.989814817905426,0.9196572303771973
YLR017W,YDR292C,0,0.08577838,0.10487589240074158,0.989814817905426,0.9197580814361572
YNL206C,YOR101W,0,0.08232518,0.10486561059951782,0.989814817905426,0.9198588728904724
YHR188C,YKL157W,0,0.08209985,0.10485532134771347,0.989814817905426,0.9199596643447876
YGL254W,YPR093C,0,0.081950895,0.10484503954648972,0.989814817905426,0.9200604557991028
YBR152W,YLL038C,0,0.08143606,0.10483475774526596,0.989814817905426,0.9201613068580627
YLR052W,YCR086W,0,0.08105009,0.1048244759440422,0.989814817905426,0.9202620983123779
YAR014C,YNL248C,0,0.07891127,0.10481419414281845,0.989814817905426,0.9203628897666931
YKL040C,YFL028C,0,0.075330056,0.10480391979217529,0.989814817905426,0.9204636812210083
YCR032W,YOR109W,0,0.07362657,0.10479364544153214,0.989814817905426,0.9205645322799683
YJR118C,YBR084C-A,0,0.07209193,0.10478337854146957,0.989814817905426,0.9206653237342834
YOL109W,YMR061W,0,0.071634464,0.10477310419082642,0.989814817905426,0.9207661151885986
YGL001C,YOR061W,0,0.071619935,0.10476283729076385,0.989814817905426,0.9208669066429138
YNL063W,YNL087W,0,0.071406536,0.1047525703907013,0.989814817905426,0.9209677577018738
YLR052W,YJR021C,0,0.07107272,0.10474231094121933,0.989814817905426,0.921068549156189
YPL115C,YGL206C,0,0.06982667,0.10473204404115677,0.989814817905426,0.9211693406105042
YJL076W,YNL151C,0,0.06943568,0.1047217845916748,0.989814817905426,0.9212701320648193
YLR240W,YDR118W,0,0.06918525,0.10471153259277344,0.989814817905426,0.9213709831237793
YJL209W,YJR091C,1,0.06810727,0.10479921847581863,0.9907407164573669,0.9213709831237793
YNL049C,YML071C,0,0.064657204,0.10478895157575607,0.9907407164573669,0.9214717745780945
YNL257C,YOR061W,0,0.06453698,0.10477869212627411,0.9907407164573669,0.9215725660324097
YHR165C,YJL042W,0,0.06335794,0.10476843267679214,0.9907407164573669,0.9216733574867249
YER176W,YOR039W,0,0.0626018,0.10475817322731018,0.9907407164573669,0.9217742085456848
YLR139C,YKR087C,1,0.06255748,0.1048458144068718,0.9916666746139526,0.9217742085456848
YJL111W,YMR288W,0,0.062406234,0.10483555495738983,0.9916666746139526,0.921875
YMR026C,YKL113C,0,0.061239712,0.10482528805732727,0.9916666746139526,0.9219757914543152
YOR259C,YBR171W,0,0.05968135,0.1048150286078453,0.9916666746139526,0.9220766425132751
YPL165C,YGR184C,0,0.05766862,0.10480477660894394,0.9916666746139526,0.9221774339675903
YML104C,YBL069W,0,0.057326548,0.10479451715946198,0.9916666746139526,0.9222782254219055
YDR457W,YGR271C-A,0,0.056813575,0.10478426516056061,0.9916666746139526,0.9223790168762207
YLR105C,YBR227C,1,0.056670524,0.10487184673547745,0.9925925731658936,0.9223790168762207
YPR031W,YOR143C,0,0.056213163,0.10486158728599548,0.9925925731658936,0.9224798679351807
YDR021W,YLR136C,0,0.055138163,0.10485132783651352,0.9925925731658936,0.9225806593894958
YPR083W,YDR207C,0,0.054826073,0.10484107583761215,0.9925925731658936,0.922681450843811
YKL125W,YMR306W,0,0.05328975,0.10483082383871078,0.9925925731658936,0.9227822422981262
YFR026C,YMR061W,0,0.050594263,0.10482057183980942,0.9925925731658936,0.9228830933570862
YCL052C,YLR263W,0,0.04925867,0.10481032729148865,0.9925925731658936,0.9229838848114014
YHR120W,YDR108W,0,0.045343004,0.10480007529258728,0.9925925731658936,0.9230846762657166
YBR070C,YPL243W,0,0.044797294,0.10478983074426651,0.9925925731658936,0.9231854677200317
YPL167C,YPR152C,0,0.043757536,0.10477959364652634,0.9925925731658936,0.9232863187789917
YLR158C,YGR178C,0,0.043333367,0.10476934909820557,0.9925925731658936,0.9233871102333069
YPR061C,YPR152C,0,0.043029778,0.1047591120004654,0.9925925731658936,0.9234879016876221
YGR194C,YHL023C,0,0.041491732,0.10474887490272522,0.9925925731658936,0.9235886931419373
YNL271C,YOL023W,0,0.040117078,0.10473864525556564,0.9925925731658936,0.9236895442008972
YOR116C,YLR262C,0,0.038648166,0.10472840815782547,0.9925925731658936,0.9237903356552124
YPL189W,YMR233W,0,0.03848078,0.1047181785106659,0.9925925731658936,0.9238911271095276
YPL228W,YBR180W,0,0.035732858,0.10470794886350632,0.9925925731658936,0.9239919185638428
YOL109W,YGL116W,0,0.035429932,0.10469772666692734,0.9925925731658936,0.9240927696228027
YBR104W,YOL095C,1,0.03488349,0.10478515923023224,0.9935185313224792,0.9240927696228027
YBR015C,YLR088W,0,0.033825167,0.10477492213249207,0.9935185313224792,0.9241935610771179
YDR480W,YDR207C,0,0.033157744,0.10476469248533249,0.9935185313224792,0.9242943525314331
YHR197W,YDR292C,0,0.03293454,0.10475446283817291,0.9935185313224792,0.9243951439857483
YIL103W,YGL133W,0,0.030379526,0.10474424064159393,0.9935185313224792,0.9244959950447083
YDR365C,YGL194C,0,0.029462673,0.10473401844501495,0.9935185313224792,0.9245967864990234
YDL084W,YDL190C,0,0.028708331,0.10472379624843597,0.9935185313224792,0.9246975779533386
YNR020C,YBR073W,0,0.027058907,0.104713574051857,0.9935185313224792,0.9247983694076538
YHR155W,YBL057C,1,0.024519436,0.10480093955993652,0.9944444298744202,0.9247983694076538
YBR198C,YGR178C,0,0.024458848,0.10479070991277695,0.9944444298744202,0.9248992204666138
YDR091C,YHR039C,0,0.023706935,0.10478048771619797,0.9944444298744202,0.925000011920929
YNL072W,YHR057C,0,0.021364532,0.10477026551961899,0.9944444298744202,0.9251008033752441
YPL218W,YBR031W,0,0.020697169,0.10476004332304001,0.9944444298744202,0.9252015948295593
YOL021C,YBR295W,0,0.019705765,0.10474982857704163,0.9944444298744202,0.9253024458885193
YBR192W,YMR078C,0,0.01487387,0.10473961383104324,0.9944444298744202,0.9254032373428345
YPR111W,YOR154W,0,0.014594026,0.10472939908504486,0.9944444298744202,0.9255040287971497
YOR168W,YLR263W,0,0.01387503,0.10471919178962708,0.9944444298744202,0.9256048202514648
YGL067W,YIL043C,0,0.012748323,0.10470897704362869,0.9944444298744202,0.9257056713104248
YMR117C,YDL220C,0,0.01237493,0.10469876974821091,0.9944444298744202,0.92580646276474
YBR061C,YMR032W,0,0.006125085,0.10468856245279312,0.9944444298744202,0.9259072542190552
YDR081C,YHR193C,0,0.0058374032,0.10467836260795593,0.9944444298744202,0.9260080456733704
YBR227C,YKR086W,0,0.004212849,0.10466816276311874,0.9944444298744202,0.9261088967323303
YNL278W,YGL116W,0,0.0034560487,0.10465796291828156,0.9944444298744202,0.9262096881866455
YLR263W,YJL101C,0,0.0029529855,0.10464776307344437,0.9944444298744202,0.9263104796409607
YPR152C,YPR110C,0,0.002385594,0.10463757067918777,0.9944444298744202,0.9264112710952759
YLL049W,YMR163C,0,0.0019073412,0.10462737828493118,0.9944444298744202,0.9265121221542358
YFR005C,YNL271C,0,-0.00024170429,0.10461718589067459,0.9944444298744202,0.926612913608551
YBL063W,YNL151C,0,-0.0005320385,0.104606993496418,0.9944444298744202,0.9267137050628662
YOR237W,YPR041W,0,-0.0007374659,0.104596808552742,0.9944444298744202,0.9268144965171814
YER166W,YLR139C,0,-0.0015605092,0.10458662360906601,0.9944444298744202,0.9269153475761414
YBR074W,YBR021W,0,-0.0021234676,0.10457643866539001,0.9944444298744202,0.9270161390304565
YJR021C,YKR019C,0,-0.00632789,0.10456625372171402,0.9944444298744202,0.9271169304847717
YMR078C,YGL142C,0,-0.009476937,0.10455607622861862,0.9944444298744202,0.9272177219390869
YLR385C,YLR265C,0,-0.010025509,0.10454589873552322,0.9944444298744202,0.9273185729980469
YCR047C,YER114C,0,-0.010308005,0.10453572124242783,0.9944444298744202,0.9274193644523621
YPR032W,YML021C,0,-0.0122556165,0.10452554374933243,0.9944444298744202,0.9275201559066772
YHR193C,YOR162C,0,-0.012388535,0.10451537370681763,0.9944444298744202,0.9276209473609924
YLR002C,YJL156C,0,-0.0123995915,0.10450520366430283,0.9944444298744202,0.9277217984199524
YDL190C,YDR108W,0,-0.013580568,0.10449504107236862,0.9944444298744202,0.9278225898742676
YMR061W,YOR232W,0,-0.014110632,0.10448487102985382,0.9944444298744202,0.9279233813285828
YBR061C,YDR139C,0,-0.015466996,0.10447470843791962,0.9944444298744202,0.928024172782898
YDR414C,YKL184W,0,-0.019149996,0.10446454584598541,0.9944444298744202,0.9281250238418579
YNR038W,YOR017W,0,-0.019326024,0.10445438325405121,0.9944444298744202,0.9282258152961731
YKL089W,YBR289W,0,-0.019933604,0.1044442281126976,0.9944444298744202,0.9283266067504883
YER005W,YEL017C-A,0,-0.02171857,0.104434072971344,0.9944444298744202,0.9284273982048035
YJL023C,YDR086C,0,-0.023027427,0.10442391782999039,0.9944444298744202,0.9285282492637634
YGR162W,YDL122W,0,-0.023704775,0.10441376268863678,0.9944444298744202,0.9286290407180786
YGL071W,YNL278W,0,-0.023817994,0.10440361499786377,0.9944444298744202,0.9287298321723938
YPL023C,YGR154C,0,-0.025388457,0.10439346730709076,0.9944444298744202,0.928830623626709
YBR091C,YMR230W,0,-0.026627846,0.10438331961631775,0.9944444298744202,0.928931474685669
YPR181C,YOL120C,0,-0.026881792,0.10437317937612534,0.9944444298744202,0.9290322661399841
YLL051C,YGL033W,0,-0.028106041,0.10436303913593292,0.9944444298744202,0.9291330575942993
YLR389C,YMR061W,0,-0.02827961,0.10435289889574051,0.9944444298744202,0.9292338490486145
YNL201C,YCR027C,0,-0.029277153,0.1043427586555481,0.9944444298744202,0.9293347001075745
YDR397C,YPL155C,0,-0.030131705,0.10433261841535568,0.9944444298744202,0.9294354915618896
YML043C,YFR037C,0,-0.031095989,0.10432248562574387,0.9944444298744202,0.9295362830162048
YJL109C,YDR066C,0,-0.03246858,0.10431235283613205,0.9944444298744202,0.92963707447052
YER028C,YMR061W,0,-0.03253729,0.10430222749710083,0.9944444298744202,0.92973792552948
YDR363W,YNL187W,0,-0.033083655,0.10429209470748901,0.9944444298744202,0.9298387169837952
YJR140C,YGL257C,0,-0.033179827,0.1042819693684578,0.9944444298744202,0.9299395084381104
YNL310C,YAL025C,0,-0.037143253,0.10427184402942657,0.9944444298744202,0.9300402998924255
YPL190C,YAL038W,0,-0.03974051,0.10426171869039536,0.9944444298744202,0.9301411509513855
YDR118W,YPR118W,0,-0.04090167,0.10425160080194473,0.9944444298744202,0.9302419424057007
YLR320W,YPL227C,0,-0.041631646,0.10424148291349411,0.9944444298744202,0.9303427338600159
YCR032W,YJL129C,0,-0.042453192,0.10423136502504349,0.9944444298744202,0.930443525314331
YGR027C,YPR137W,0,-0.04452584,0.10422125458717346,0.9944444298744202,0.930544376373291
YNR072W,YCR086W,0,-0.047951527,0.10421113669872284,0.9944444298744202,0.9306451678276062
YDR404C,YLR196W,0,-0.04826211,0.10420102626085281,0.9944444298744202,0.9307459592819214
YMR098C,YOL138C,0,-0.04952807,0.10419092327356339,0.9944444298744202,0.9308467507362366
YIL020C,YLR196W,0,-0.053119965,0.10418081283569336,0.9944444298744202,0.9309476017951965
YIL063C,YEL004W,0,-0.05422225,0.10417070984840393,0.9944444298744202,0.9310483932495117
YFR034C,YMR276W,0,-0.055077158,0.1041606068611145,0.9944444298744202,0.9311491847038269
YPL165C,YPR049C,0,-0.055172153,0.10415050387382507,0.9944444298744202,0.9312499761581421
YFR034C,YDR419W,0,-0.057385333,0.10414040833711624,0.9944444298744202,0.931350827217102
YNL292W,YER124C,0,-0.05770334,0.10413030534982681,0.9944444298744202,0.9314516186714172
YEL055C,YML021C,0,-0.05796632,0.10412020981311798,0.9944444298744202,0.9315524101257324
YDR091C,YBR133C,0,-0.06031198,0.10411012172698975,0.9944444298744202,0.9316532015800476
YBR095C,YLR436C,0,-0.06053949,0.10410002619028091,0.9944444298744202,0.9317540526390076
YGL066W,YDL058W,0,-0.061177917,0.10408993810415268,0.9944444298744202,0.9318548440933228
YER105C,YLR017W,0,-0.065238185,0.10407985001802444,0.9944444298744202,0.9319556355476379
YPL209C,YFL025C,0,-0.06536249,0.1040697693824768,0.9944444298744202,0.9320564270019531
YIR008C,YDL209C,0,-0.06653211,0.10405968129634857,0.9944444298744202,0.9321572780609131
YDL003W,YPR072W,0,-0.067311175,0.10404960066080093,0.9944444298744202,0.9322580695152283
YEL063C,YIR032C,0,-0.06783349,0.1040395200252533,0.9944444298744202,0.9323588609695435
YER144C,YDL200C,0,-0.07095308,0.10402944684028625,0.9944444298744202,0.9324596524238586
YER041W,YLR357W,0,-0.072524525,0.10401937365531921,0.9944444298744202,0.9325605034828186
YML043C,YKL154W,0,-0.07278598,0.10400930047035217,0.9944444298744202,0.9326612949371338
YHL033C,YJL076W,0,-0.07305836,0.10399922728538513,0.9944444298744202,0.932762086391449
YKL018W,YGL232W,0,-0.07362748,0.10398915410041809,0.9944444298744202,0.9328628778457642
YDR165W,YPR095C,0,-0.073872216,0.10397908836603165,0.9944444298744202,0.9329637289047241
YJR047C,YAR018C,0,-0.07395054,0.1039690226316452,0.9944444298744202,0.9330645203590393
YPL012W,YJL085W,0,-0.074011125,0.10395895689725876,0.9944444298744202,0.9331653118133545
YOR353C,YML021C,0,-0.074086495,0.10394889861345291,0.9944444298744202,0.9332661032676697
YOL088C,YGR156W,0,-0.07416988,0.10393884032964706,0.9944444298744202,0.9333669543266296
YMR165C,YOR322C,0,-0.07442566,0.10392878204584122,0.9944444298744202,0.9334677457809448
YGR229C,YOR017W,0,-0.07498222,0.10391872376203537,0.9944444298744202,0.93356853723526
YMR301C,YGR133W,0,-0.07571519,0.10390866547822952,0.9944444298744202,0.9336693286895752
YNL154C,YDL209C,0,-0.07588679,0.10389861464500427,0.9944444298744202,0.9337701797485352
YJR147W,YOR130C,0,-0.07658488,0.10388856381177902,0.9944444298744202,0.9338709712028503
YHR178W,YDL056W,0,-0.07673959,0.10387852042913437,0.9944444298744202,0.9339717626571655
YDR288W,YKL020C,0,-0.07724769,0.10386846959590912,0.9944444298744202,0.9340725541114807
YDR495C,YHR037W,0,-0.07837064,0.10385842621326447,0.9944444298744202,0.9341734051704407
YOL056W,YLR368W,0,-0.07976378,0.10384838283061981,0.9944444298744202,0.9342741966247559
YJL111W,YOR242C,0,-0.082123466,0.10383834689855576,0.9944444298744202,0.934374988079071
YGL171W,YPR049C,0,-0.086723186,0.1038283035159111,0.9944444298744202,0.9344757795333862
YOL030W,YPL209C,0,-0.088173054,0.10381826758384705,0.9944444298744202,0.9345766305923462
YER105C,YDL209C,0,-0.08858218,0.10380823165178299,0.9944444298744202,0.9346774220466614
YHR091C,YLR139C,0,-0.093061484,0.10379820317029953,0.9944444298744202,0.9347782135009766
YGR233C,YLR357W,0,-0.09338901,0.10378817468881607,0.9944444298744202,0.9348790049552917
YLR145W,YGR009C,0,-0.09516505,0.10377814620733261,0.9944444298744202,0.9349798560142517
YNR008W,YJR147W,0,-0.095447965,0.10376811772584915,0.9944444298744202,0.9350806474685669
YGL210W,YIL047C,0,-0.096839316,0.10375808924436569,0.9944444298744202,0.9351814389228821
YDL065C,YIL146C,0,-0.098742016,0.10374806821346283,0.9944444298744202,0.9352822303771973
YHR203C,YOR259C,0,-0.09964507,0.10373804718255997,0.9944444298744202,0.9353830814361572
YER029C,YDR122W,0,-0.09972877,0.1037280261516571,0.9944444298744202,0.9354838728904724
YOR033C,YBR154C,0,-0.10049597,0.10371801257133484,0.9944444298744202,0.9355846643447876
YPR043W,YJL111W,0,-0.10082886,0.10370799899101257,0.9944444298744202,0.9356854557991028
YDR334W,YDR398W,0,-0.10289735,0.10369798541069031,0.9944444298744202,0.9357863068580627
YGR271W,YLR136C,0,-0.10399226,0.10368797183036804,0.9944444298744202,0.9358870983123779
YPL012W,YCL050C,0,-0.10581256,0.10367795825004578,0.9944444298744202,0.9359878897666931
YPL001W,YDL209C,0,-0.108169146,0.10366795212030411,0.9944444298744202,0.9360886812210083
YMR201C,YPR199C,0,-0.11029706,0.10365794599056244,0.9944444298744202,0.9361895322799683
YNL298W,YGL252C,0,-0.11197353,0.10364794731140137,0.9944444298744202,0.9362903237342834
YML103C,YNL048W,0,-0.11326466,0.1036379411816597,0.9944444298744202,0.9363911151885986
YGL197W,YKR090W,0,-0.11495646,0.10362794250249863,0.9944444298744202,0.9364919066429138
YCL031C,YLR274W,0,-0.11610208,0.10361794382333755,0.9944444298744202,0.9365927577018738
YER029C,YBR198C,0,-0.1198568,0.10360795259475708,0.9944444298744202,0.936693549156189
YOR017W,YPL193W,0,-0.1208486,0.10359795391559601,0.9944444298744202,0.9367943406105042
YPL208W,YLR320W,0,-0.12175644,0.10358796268701553,0.9944444298744202,0.9368951320648193
YHR197W,YLR305C,0,-0.122710116,0.10357797145843506,0.9944444298744202,0.9369959831237793
YJR067C,YIL144W,0,-0.12397709,0.10356798768043518,0.9944444298744202,0.9370967745780945
YPR072W,YKL113C,0,-0.12531272,0.1035579964518547,0.9944444298744202,0.9371975660324097
YOL109W,YIL124W,1,-0.1256406,0.10364443063735962,0.9953703880310059,0.9371975660324097
YML104C,YGL050W,0,-0.12623623,0.10363443195819855,0.9953703880310059,0.9372983574867249
YNL278W,YNL083W,0,-0.1271187,0.10362444818019867,0.9953703880310059,0.9373992085456848
YDR139C,YDR292C,0,-0.12776399,0.1036144569516182,0.9953703880310059,0.9375
YHR088W,YDL191W,0,-0.12792528,0.10360447317361832,0.9953703880310059,0.9376007914543152
YBR074W,YMR117C,0,-0.12838429,0.10359448939561844,0.9953703880310059,0.9377016425132751
YPL208W,YFR037C,0,-0.13089907,0.10358450561761856,0.9953703880310059,0.9378024339675903
YNL201C,YOR224C,0,-0.13151926,0.10357452183961868,0.9953703880310059,0.9379032254219055
YPR052C,YOR293W,0,-0.13232252,0.1035645455121994,0.9953703880310059,0.9380040168762207
YDR180W,YNL076W,0,-0.13276732,0.10355456918478012,0.9953703880310059,0.9381048679351807
YLR355C,YML071C,0,-0.13421112,0.10354459285736084,0.9953703880310059,0.9382056593894958
YDL213C,YLR440C,0,-0.1371117,0.10353462398052216,0.9953703880310059,0.938306450843811
YPL131W,YDL209C,0,-0.13723522,0.10352465510368347,0.9953703880310059,0.9384072422981262
YPL167C,YLR336C,0,-0.13779229,0.10351468622684479,0.9953703880310059,0.9385080933570862
YDL116W,YER028C,0,-0.13845441,0.1035047173500061,0.9953703880310059,0.9386088848114014
YPL176C,YLR215C,0,-0.13905251,0.10349475592374802,0.9953703880310059,0.9387096762657166
YGR218W,YFR037C,0,-0.13921219,0.10348478704690933,0.9953703880310059,0.9388104677200317
YPL218W,YBR180W,0,-0.14244407,0.10347482562065125,0.9953703880310059,0.9389113187789917
YDL010W,YLR067C,0,-0.14253202,0.10346487164497375,0.9953703880310059,0.9390121102333069
YLR105C,YNL129W,0,-0.14346352,0.10345491021871567,0.9953703880310059,0.9391129016876221
YPL228W,YML114C,0,-0.14601377,0.10344495624303818,0.9953703880310059,0.9392136931419373
YDR301W,YLR396C,0,-0.14667228,0.10343500226736069,0.9953703880310059,0.9393145442008972
YPL228W,YLR369W,0,-0.14743426,0.1034250557422638,0.9953703880310059,0.9394153356552124
YLR069C,YJL085W,0,-0.14868367,0.1034151017665863,0.9953703880310059,0.9395161271095276
YER060W,YJL002C,0,-0.15058646,0.10340515524148941,0.9953703880310059,0.9396169185638428
YNL258C,YBL027W,0,-0.15580124,0.10339520871639252,0.9953703880310059,0.9397177696228027
YOR242C,YGL050W,0,-0.15811974,0.10338526964187622,0.9953703880310059,0.9398185610771179
YMR061W,YML021C,0,-0.15889943,0.10337532311677933,0.9953703880310059,0.9399193525314331
YLR396C,YGL201C,0,-0.15900648,0.10336538404226303,0.9953703880310059,0.9400201439857483
YGR158C,YOR320C,0,-0.16044086,0.10335544496774673,0.9953703880310059,0.9401209950447083
YGR218W,YGR271C-A,0,-0.16201118,0.10334551334381104,0.9953703880310059,0.9402217864990234
YOR046C,YOR137C,0,-0.16230014,0.10333557426929474,0.9953703880310059,0.9403225779533386
YLR309C,YMR197C,0,-0.16952091,0.10332564264535904,0.9953703880310059,0.9404233694076538
YOR168W,YJL165C,0,-0.17175573,0.10331571102142334,0.9953703880310059,0.9405242204666138
YER029C,YNL310C,0,-0.17217904,0.10330578684806824,0.9953703880310059,0.940625011920929
YFR009W,YKL184W,0,-0.17655551,0.10329585522413254,0.9953703880310059,0.9407258033752441
YML123C,YOR178C,0,-0.17669785,0.10328593105077744,0.9953703880310059,0.9408265948295593
YCR094W,YHR124W,0,-0.1768268,0.10327601432800293,0.9953703880310059,0.9409274458885193
YHR165C,YKL124W,0,-0.18050578,0.10326609015464783,0.9953703880310059,0.9410282373428345
YGR158C,YIL103W,0,-0.18066517,0.10325617343187332,0.9953703880310059,0.9411290287971497
YPL228W,YIL019W,0,-0.1820294,0.10324625670909882,0.9953703880310059,0.9412298202514648
YNR041C,YLR452C,0,-0.18235567,0.10323633998632431,0.9953703880310059,0.9413306713104248
YLR293C,YIL019W,0,-0.18562186,0.1032264232635498,0.9953703880310059,0.94143146276474
YBR248C,YDL013W,0,-0.18755642,0.1032165139913559,0.9953703880310059,0.9415322542190552
YER145C,YOR250C,0,-0.18769968,0.10320660471916199,0.9953703880310059,0.9416330456733704
YBR112C,YOR373W,0,-0.18812549,0.10319669544696808,0.9953703880310059,0.9417338967323303
YGR158C,YLL004W,0,-0.18838733,0.10318679362535477,0.9953703880310059,0.9418346881866455
YBL057C,YKL011C,1,-0.19156122,0.10327287018299103,0.9962962865829468,0.9418346881866455
YDL168W,YGR070W,0,-0.19352332,0.10326295346021652,0.9962962865829468,0.9419354796409607
YPL228W,YLR020C,0,-0.1936369,0.10325304418802261,0.9962962865829468,0.9420362710952759
YBR227C,YOR037W,1,-0.19936636,0.10333909094333649,0.9972222447395325,0.9420362710952759
YPL165C,YBL016W,0,-0.20057502,0.10332917422056198,0.9972222447395325,0.9421371221542358
YDL075W,YLR262C,0,-0.20442963,0.10331926494836807,0.9972222447395325,0.942237913608551
YBR198C,YMR033W,0,-0.2067064,0.10330935567617416,0.9972222447395325,0.9423387050628662
YLR293C,YFL010W-A,0,-0.20709854,0.10329944640398026,0.9972222447395325,0.9424394965171814
YEL054C,YPR052C,0,-0.20887494,0.10328953713178635,0.9972222447395325,0.9425403475761414
YBR073W,YDR466W,0,-0.21165419,0.10327963531017303,0.9972222447395325,0.9426411390304565
YOR260W,YDL192W,0,-0.21473876,0.10326972603797913,0.9972222447395325,0.9427419304847717
YNL292W,YJL156C,0,-0.2147463,0.10325982421636581,0.9972222447395325,0.9428427219390869
YPR152C,YIL099W,0,-0.21734673,0.1032499298453331,0.9972222447395325,0.9429435729980469
YLR263W,YIL097W,0,-0.21737152,0.10324002802371979,0.9972222447395325,0.9430443644523621
YJR041C,YGL050W,0,-0.21836665,0.10323013365268707,0.9972222447395325,0.9431451559066772
YPR052C,YML106W,0,-0.2231167,0.10322023928165436,0.9972222447395325,0.9432459473609924
YGR135W,YGR184C,0,-0.22447857,0.10321035236120224,0.9972222447395325,0.9433467984199524
YDL145C,YIL043C,0,-0.22480708,0.10320045799016953,0.9972222447395325,0.9434475898742676
YOR312C,YLR418C,0,-0.22504607,0.10319057106971741,0.9972222447395325,0.9435483813285828
YKL049C,YIL047C,0,-0.22964728,0.10318068414926529,0.9972222447395325,0.943649172782898
YMR233W,YFR036W,0,-0.23367482,0.10317080467939377,0.9972222447395325,0.9437500238418579
YCR086W,YER114C,0,-0.23401824,0.10316091775894165,0.9972222447395325,0.9438508152961731
YGR271W,YDL084W,0,-0.23426586,0.10315103828907013,0.9972222447395325,0.9439516067504883
YKL089W,YJL156C,0,-0.23474276,0.10314115881919861,0.9972222447395325,0.9440523982048035
YKL125W,YDL113C,0,-0.23627847,0.10313128679990768,0.9972222447395325,0.9441532492637634
YHR109W,YMR058W,0,-0.2365886,0.10312140733003616,0.9972222447395325,0.9442540407180786
YBR021W,YOR030W,0,-0.23720485,0.10311153531074524,0.9972222447395325,0.9443548321723938
YGR085C,YNL262W,0,-0.23786497,0.10310166329145432,0.9972222447395325,0.944455623626709
YIL103W,YMR117C,0,-0.23864627,0.10309179872274399,0.9972222447395325,0.944556474685669
YOL021C,YDL190C,0,-0.23900867,0.10308192670345306,0.9972222447395325,0.9446572661399841
YPR061C,YDR180W,0,-0.23939317,0.10307206213474274,0.9972222447395325,0.9447580575942993
YDR034C,YCR072C,0,-0.2402927,0.10306219756603241,0.9972222447395325,0.9448588490486145
YBL088C,YAR002W,0,-0.2408266,0.10305234044790268,0.9972222447395325,0.9449597001075745
YOL069W,YOR322C,0,-0.24205673,0.10304248332977295,0.9972222447395325,0.9450604915618896
YML043C,YAL029C,0,-0.24295878,0.10303261876106262,0.9972222447395325,0.9451612830162048
YDR334W,YOR217W,0,-0.24377272,0.10302276909351349,0.9972222447395325,0.94526207447052
YOR322C,YBR171W,0,-0.24629939,0.10301291197538376,0.9972222447395325,0.94536292552948
YPL212C,YBR084C-A,0,-0.24633193,0.10300306230783463,0.9972222447395325,0.9454637169837952
YOR237W,YEL031W,0,-0.24643797,0.10299321264028549,0.9972222447395325,0.9455645084381104
YJL056C,YPL268W,0,-0.24744129,0.10298336297273636,0.9972222447395325,0.9456652998924255
YJL129C,YBR281C,0,-0.24782649,0.10297351330518723,0.9972222447395325,0.9457661509513855
YLR309C,YCR042C,0,-0.25039208,0.10296367108821869,0.9972222447395325,0.9458669424057007
YDL231C,YDR332W,0,-0.25319368,0.10295382887125015,0.9972222447395325,0.9459677338600159
YMR023C,YKR036C,1,-0.25328058,0.10303957015275955,0.9981481432914734,0.9459677338600159
YOR377W,YPL064C,0,-0.25371504,0.10302972048521042,0.9981481432914734,0.946068525314331
YIL159W,YPL131W,0,-0.25506365,0.10301987826824188,0.9981481432914734,0.946169376373291
YIL095W,YOR290C,0,-0.25538,0.10301003605127335,0.9981481432914734,0.9462701678276062
YFR005C,YPR095C,0,-0.26139206,0.10300019383430481,0.9981481432914734,0.9463709592819214
YOR311C,YER040W,0,-0.26153073,0.10299035161733627,0.9981481432914734,0.9464717507362366
YBR148W,YAL025C,0,-0.26528472,0.10298050940036774,0.9981481432914734,0.9465726017951965
YPL024W,YPR187W,0,-0.26560146,0.1029706746339798,0.9981481432914734,0.9466733932495117
YGR156W,YOR039W,0,-0.2656703,0.10296083986759186,0.9981481432914734,0.9467741847038269
YOL109W,YDR150W,0,-0.26674134,0.10295100510120392,0.9981481432914734,0.9468749761581421
YKL124W,YMR227C,0,-0.2678616,0.10294117778539658,0.9981481432914734,0.946975827217102
YLR234W,YNR052C,0,-0.2679047,0.10293135046958923,0.9981481432914734,0.9470766186714172
YLR396C,YER114C,0,-0.2697724,0.10292152315378189,0.9981481432914734,0.9471774101257324
YPR043W,YIL019W,0,-0.27389556,0.10291169583797455,0.9981481432914734,0.9472782015800476
YOL072W,YJL085W,0,-0.2763474,0.1029018685221672,0.9981481432914734,0.9473790526390076
YOR101W,YHR058C,0,-0.2765184,0.10289204865694046,0.9981481432914734,0.9474798440933228
YGL090W,YFL009W,0,-0.2783803,0.10288222879171371,0.9981481432914734,0.9475806355476379
YER041W,YJL076W,0,-0.28032967,0.10287240892648697,0.9981481432914734,0.9476814270019531
YCR032W,YDR122W,0,-0.28036147,0.10286259651184082,0.9981481432914734,0.9477822780609131
YBR091C,YOR091W,0,-0.2809924,0.10285278409719467,0.9981481432914734,0.9478830695152283
YER166W,YER178W,0,-0.28193733,0.10284297168254852,0.9981481432914734,0.9479838609695435
YPL218W,YML026C,0,-0.28300974,0.10283315926790237,0.9981481432914734,0.9480846524238586
YLR147C,YKL119C,0,-0.28418517,0.10282334685325623,0.9981481432914734,0.9481855034828186
YER029C,YOR265W,0,-0.2876437,0.10281354188919067,0.9981481432914734,0.9482862949371338
YEL017C-A,YJL074C,0,-0.28902555,0.10280373692512512,0.9981481432914734,0.948387086391449
YKR090W,YPL204W,0,-0.2890784,0.10279393196105957,0.9981481432914734,0.9484878778457642
YDR500C,YGL113W,0,-0.2897185,0.10278413444757462,0.9981481432914734,0.9485887289047241
YGL113W,YBR048W,0,-0.29009086,0.10277433693408966,0.9981481432914734,0.9486895203590393
YDL058W,YDR371W,0,-0.2904509,0.1027645394206047,0.9981481432914734,0.9487903118133545
YKR090W,YPR187W,0,-0.29216594,0.10275474190711975,0.9981481432914734,0.9488911032676697
YDR425W,YIL144W,0,-0.2928968,0.1027449518442154,0.9981481432914734,0.9489919543266296
YLR013W,YPL138C,0,-0.29540324,0.10273515433073044,0.9981481432914734,0.9490927457809448
YLR145W,YOR101W,0,-0.2960678,0.10272536426782608,0.9981481432914734,0.94919353723526
YPL079W,YLR388W,0,-0.29656798,0.10271558165550232,0.9981481432914734,0.9492943286895752
YOR265W,YMR218C,0,-0.29704776,0.10270579159259796,0.9981481432914734,0.9493951797485352
YDR221W,YMR058W,0,-0.29808003,0.1026960089802742,0.9981481432914734,0.9494959712028503
YDR361C,YOL120C,0,-0.29917565,0.10268622636795044,0.9981481432914734,0.9495967626571655
YHR197W,YLR234W,0,-0.30608416,0.10267644375562668,0.9981481432914734,0.9496975541114807
YBR061C,YBR121C,0,-0.3067354,0.10266666859388351,0.9981481432914734,0.9497984051704407
YDL103C,YLR357W,0,-0.30682898,0.10265689343214035,0.9981481432914734,0.9498991966247559
YPR031W,YNL087W,0,-0.3072205,0.10264711827039719,0.9981481432914734,0.949999988079071
YOR101W,YKL154W,0,-0.30861637,0.10263734310865402,0.9981481432914734,0.9501007795333862
YIL033C,YLR234W,0,-0.3108131,0.10262756794691086,0.9981481432914734,0.9502016305923462
YMR182C,YFL025C,0,-0.31377667,0.10261780023574829,0.9981481432914734,0.9503024220466614
YLR024C,YBL018C,0,-0.31506822,0.10260803252458572,0.9981481432914734,0.9504032135009766
YDR081C,YPL053C,0,-0.31713495,0.10259826481342316,0.9981481432914734,0.9505040049552917
YDR507C,YPR049C,0,-0.31932753,0.10258850455284119,0.9981481432914734,0.9506048560142517
YER040W,YDR280W,0,-0.31988406,0.10257874429225922,0.9981481432914734,0.9507056474685669
YFR037C,YAR018C,0,-0.3263536,0.10256898403167725,0.9981481432914734,0.9508064389228821
YHR120W,YJR140C,0,-0.32664305,0.10255922377109528,0.9981481432914734,0.9509072303771973
YPL160W,YJR006W,0,-0.32756963,0.1025494709610939,0.9981481432914734,0.9510080814361572
YMR276W,YLR357W,0,-0.32835865,0.10253971070051193,0.9981481432914734,0.9511088728904724
YML043C,YKL135C,0,-0.32857442,0.10252995789051056,0.9981481432914734,0.9512096643447876
YMR219W,YOR109W,0,-0.3304277,0.10252021253108978,0.9981481432914734,0.9513104557991028
YJL058C,YNL049C,0,-0.3316141,0.10251045972108841,0.9981481432914734,0.9514113068580627
YBR091C,YHR143W-A,0,-0.33211082,0.10250071436166763,0.9981481432914734,0.9515120983123779
YGR271W,YOR217W,0,-0.3366038,0.10249096900224686,0.9981481432914734,0.9516128897666931
YCL027W,YMR227C,0,-0.3432139,0.10248122364282608,0.9981481432914734,0.9517136812210083
YCR086W,YNL186W,0,-0.3432566,0.1024714857339859,0.9981481432914734,0.9518145322799683
YKR019C,YLR368W,0,-0.34375176,0.10246174037456512,0.9981481432914734,0.9519153237342834
YPR041W,YNL041C,0,-0.3445908,0.10245200246572495,0.9981481432914734,0.9520161151885986
YNL308C,YJR021C,0,-0.34519416,0.10244227200746536,0.9981481432914734,0.9521169066429138
YDR195W,YMR230W,0,-0.34520334,0.10243253409862518,0.9981481432914734,0.9522177577018738
YGR229C,YFL028C,0,-0.3469225,0.1024228036403656,0.9981481432914734,0.952318549156189
YOR091W,YIL019W,0,-0.34730843,0.10241307318210602,0.9981481432914734,0.9524193406105042
YPR043W,YDR163W,0,-0.34836602,0.10240334272384644,0.9981481432914734,0.9525201320648193
YDL213C,YLR388W,0,-0.3488886,0.10239361971616745,0.9981481432914734,0.9526209831237793
YMR117C,YLR262C,0,-0.34900528,0.10238388925790787,0.9981481432914734,0.9527217745780945
YGR158C,YNL041C,0,-0.3493243,0.10237416625022888,0.9981481432914734,0.9528225660324097
YMR242C,YJL008C,0,-0.35523164,0.1023644506931305,0.9981481432914734,0.9529233574867249
YPR043W,YFR026C,0,-0.3552828,0.10235472768545151,0.9981481432914734,0.9530242085456848
YPR104C,YJL140W,0,-0.35718304,0.10234501212835312,0.9981481432914734,0.953125
YOR168W,YMR047C,0,-0.35985982,0.10233529657125473,0.9981481432914734,0.9532257914543152
YER176W,YLR262C,0,-0.36057943,0.10232558101415634,0.9981481432914734,0.9533266425132751
YGL210W,YDL084W,0,-0.36095232,0.10231587290763855,0.9981481432914734,0.9534274339675903
YNL206C,YPR046W,0,-0.36339766,0.10230615735054016,0.9981481432914734,0.9535282254219055
YOR116C,YLR361C,0,-0.36376452,0.10229644924402237,0.9981481432914734,0.9536290168762207
YBR192W,YPL204W,0,-0.36705518,0.10228674113750458,0.9981481432914734,0.9537298679351807
YGL090W,YLR396C,0,-0.36759958,0.10227704048156738,0.9981481432914734,0.9538306593894958
YOL012C,YLR234W,0,-0.37036034,0.10226733982563019,0.9981481432914734,0.953931450843811
YNL301C,YMR033W,0,-0.37044537,0.102257639169693,0.9981481432914734,0.9540322422981262
YPR072W,YLR418C,0,-0.37301064,0.1022479385137558,0.9981481432914734,0.9541330933570862
YHR143W-A,YJL074C,0,-0.37333673,0.1022382378578186,0.9981481432914734,0.9542338848114014
YJR067C,YDL231C,0,-0.37369654,0.102228544652462,0.9981481432914734,0.9543346762657166
YOL012C,YER124C,0,-0.37423986,0.10221885144710541,0.9981481432914734,0.9544354677200317
YLR401C,YMR218C,0,-0.37548482,0.10220915824174881,0.9981481432914734,0.9545363187789917
YEL063C,YJR021C,0,-0.3821447,0.10219947248697281,0.9981481432914734,0.9546371102333069
YGL113W,YOR017W,0,-0.3854258,0.10218977928161621,0.9981481432914734,0.9547379016876221
YLR024C,YNL041C,0,-0.38983345,0.10218009352684021,0.9981481432914734,0.9548386931419373
YBR049C,YML021C,0,-0.38984263,0.10217040777206421,0.9981481432914734,0.9549395442008972
YGR072W,YLR285W,0,-0.39072728,0.1021607294678688,0.9981481432914734,0.9550403356552124
YLR020C,YBR171W,0,-0.39518505,0.1021510437130928,0.9981481432914734,0.9551411271095276
YMR117C,YJL002C,0,-0.3957574,0.1021413654088974,0.9981481432914734,0.9552419185638428
YFR037C,YLR078C,0,-0.39626795,0.10213169455528259,0.9981481432914734,0.9553427696228027
YPL175W,YOR259C,0,-0.39708406,0.10212201625108719,0.9981481432914734,0.9554435610771179
YOL149W,YDR361C,0,-0.39921042,0.10211234539747238,0.9981481432914734,0.9555443525314331
YLR052W,YMR218C,0,-0.39941877,0.10210267454385757,0.9981481432914734,0.9556451439857483
YPL209C,YML093W,0,-0.3996895,0.10209300369024277,0.9981481432914734,0.9557459950447083
YGR274C,YDR098C,0,-0.40025717,0.10208333283662796,0.9981481432914734,0.9558467864990234
YMR100W,YDL056W,0,-0.4003216,0.10207366943359375,0.9981481432914734,0.9559475779533386
YBR095C,YPL064C,0,-0.4015533,0.10206400603055954,0.9981481432914734,0.9560483694076538
YBR112C,YML093W,0,-0.40340298,0.10205434262752533,0.9981481432914734,0.9561492204666138
YFL010W-A,YLL038C,0,-0.40356284,0.10204467922449112,0.9981481432914734,0.956250011920929
YGR274C,YKL134C,0,-0.40516508,0.1020350232720375,0.9981481432914734,0.9563508033752441
YBR148W,YNL076W,0,-0.40656257,0.10202536731958389,0.9981481432914734,0.9564515948295593
YDR257C,YPR046W,0,-0.40771443,0.10201571136713028,0.9981481432914734,0.9565524458885193
YFR004W,YIL144W,0,-0.40907317,0.10200605541467667,0.9981481432914734,0.9566532373428345
YHR120W,YOR336W,0,-0.4140266,0.10199640691280365,0.9981481432914734,0.9567540287971497
YML104C,YNL257C,0,-0.4141223,0.10198675841093063,0.9981481432914734,0.9568548202514648
YGL033W,YHR088W,0,-0.4169357,0.10197710990905762,0.9981481432914734,0.9569556713104248
YNR054C,YJL085W,0,-0.41945428,0.1019674614071846,0.9981481432914734,0.95705646276474
YOL069W,YOR221C,0,-0.41998816,0.10195782035589218,0.9981481432914734,0.9571572542190552
YLR067C,YDR419W,0,-0.420712,0.10194817185401917,0.9981481432914734,0.9572580456733704
YGR271C-A,YOR154W,0,-0.42557597,0.10193853080272675,0.9981481432914734,0.9573588967323303
YBR248C,YOR189W,0,-0.42604327,0.10192889720201492,0.9981481432914734,0.9574596881866455
YJR021C,YGR162W,0,-0.42660078,0.1019192561507225,0.9981481432914734,0.9575604796409607
YOR257W,YCL027W,0,-0.42743546,0.10190962255001068,0.9981481432914734,0.9576612710952759
YLR418C,YCR035C,0,-0.4282577,0.10189998894929886,0.9981481432914734,0.9577621221542358
YGL133W,YDL113C,0,-0.4286723,0.10189036279916763,0.9981481432914734,0.957862913608551
YOR061W,YDR280W,0,-0.42876178,0.10188072919845581,0.9981481432914734,0.9579637050628662
YFR034C,YIR004W,0,-0.42918274,0.10187110304832458,0.9981481432914734,0.9580644965171814
YNL298W,YDR200C,0,-0.43067437,0.10186147689819336,0.9981481432914734,0.9581653475761414
YAR014C,YFR002W,0,-0.43589938,0.10185185074806213,0.9981481432914734,0.9582661390304565
YIL040W,YHR088W,0,-0.4370162,0.1018422320485115,0.9981481432914734,0.9583669304847717
YBR015C,YJR147W,0,-0.43796527,0.10183260589838028,0.9981481432914734,0.9584677219390869
YBR240C,YLR361C,0,-0.43961766,0.10182298719882965,0.9981481432914734,0.9585685729980469
YDR077W,YPR171W,0,-0.44071603,0.10181337594985962,0.9981481432914734,0.9586693644523621
YLR336C,YOR293W,0,-0.44130814,0.10180375725030899,0.9981481432914734,0.9587701559066772
YOR085W,YLR234W,0,-0.4436328,0.10179414600133896,0.9981481432914734,0.9588709473609924
YGR085C,YPR162C,0,-0.4439997,0.10178453475236893,0.9981481432914734,0.9589717984199524
YLR435W,YDR410C,0,-0.44451636,0.1017749235033989,0.9981481432914734,0.9590725898742676
YDR386W,YDL113C,0,-0.44527623,0.10176531970500946,0.9981481432914734,0.9591733813285828
YDR301W,YMR033W,0,-0.44681644,0.10175570845603943,0.9981481432914734,0.959274172782898
YNL258C,YLR274W,0,-0.44916952,0.10174610465765,0.9981481432914734,0.9593750238418579
YJL183W,YBR084C-A,0,-0.45190382,0.10173650085926056,0.9981481432914734,0.9594758152961731
YLR131C,YPL281C,0,-0.4538377,0.10172690451145172,0.9981481432914734,0.9595766067504883
YOL109W,YER045C,0,-0.4583509,0.10171730816364288,0.9981481432914734,0.9596773982048035
YBR180W,YNL302C,0,-0.45835167,0.10170771181583405,0.9981481432914734,0.9597782492637634
YDR288W,YAR002W,0,-0.46062624,0.10169811546802521,0.9981481432914734,0.9598790407180786
YKL049C,YCR060W,0,-0.4606592,0.10168851912021637,0.9981481432914734,0.9599798321723938
YOL072W,YEL055C,0,-0.46075028,0.10167893022298813,0.9981481432914734,0.960080623626709
YPL131W,YMR069W,0,-0.46224123,0.10166934132575989,0.9981481432914734,0.960181474685669
YPR032W,YBR121C,0,-0.46451133,0.10165975242853165,0.9981481432914734,0.9602822661399841
YDL084W,YDR292C,0,-0.46526623,0.1016501635313034,0.9981481432914734,0.9603830575942993
YMR218C,YBL018C,0,-0.4654253,0.10164058208465576,0.9981481432914734,0.9604838490486145
YHL023C,YHR063C,0,-0.46736616,0.10163100063800812,0.9981481432914734,0.9605847001075745
YOL149W,YML019W,0,-0.4676872,0.10162141919136047,0.9981481432914734,0.9606854915618896
YOR353C,YGL113W,0,-0.47446775,0.10161183774471283,0.9981481432914734,0.9607862830162048
YJL076W,YNL255C,0,-0.4756121,0.10160226374864578,0.9981481432914734,0.96088707447052
YLR131C,YMR033W,0,-0.47596955,0.10159268975257874,0.9981481432914734,0.96098792552948
YKL125W,YDR180W,0,-0.47611994,0.10158311575651169,0.9981481432914734,0.9610887169837952
YDR071C,YDL075W,0,-0.47763938,0.10157354176044464,0.9981481432914734,0.9611895084381104
YGR274C,YML034W,0,-0.4779654,0.10156397521495819,0.9981481432914734,0.9612902998924255
YBR227C,YEL055C,0,-0.4783002,0.10155440121889114,0.9981481432914734,0.9613911509513855
YMR165C,YPR171W,0,-0.48272026,0.1015448346734047,0.9981481432914734,0.9614919424057007
YPR162C,YPL193W,0,-0.48293293,0.10153527557849884,0.9981481432914734,0.9615927338600159
YLR068W,YLR285W,0,-0.4831229,0.10152570903301239,0.9981481432914734,0.961693525314331
YLR052W,YDL191W,0,-0.48325378,0.10151614993810654,0.9981481432914734,0.961794376373291
YHR215W,YMR218C,0,-0.483864,0.10150659084320068,0.9981481432914734,0.9618951678276062
YKL045W,YDR485C,0,-0.4864226,0.10149703174829483,0.9981481432914734,0.9619959592819214
YOR336W,YLR389C,0,-0.48749536,0.10148748010396957,0.9981481432914734,0.9620967507362366
YDR414C,YMR078C,0,-0.48768395,0.10147792845964432,0.9981481432914734,0.9621976017951965
YKL125W,YLR440C,0,-0.49151236,0.10146837681531906,0.9981481432914734,0.9622983932495117
YLR320W,YER028C,0,-0.49259233,0.1014588251709938,0.9981481432914734,0.9623991847038269
YDR257C,YNR041C,0,-0.4934966,0.10144927352666855,0.9981481432914734,0.9624999761581421
YOR116C,YOR353C,0,-0.49482197,0.10143972933292389,0.9981481432914734,0.962600827217102
YLR309C,YGR154C,0,-0.4950369,0.10143018513917923,0.9981481432914734,0.9627016186714172
YOR091W,YIL002C,0,-0.49860817,0.10142064094543457,0.9981481432914734,0.9628024101257324
YPR137W,YLR067C,0,-0.5006477,0.10141110420227051,0.9981481432914734,0.9629032015800476
YDL168W,YOR035C,0,-0.50121105,0.10140156000852585,0.9981481432914734,0.9630040526390076
YNL201C,YOR143C,0,-0.5012138,0.10139202326536179,0.9981481432914734,0.9631048440933228
YDR501W,YNL271C,0,-0.5036115,0.10138248652219772,0.9981481432914734,0.9632056355476379
YJL085W,YDR419W,0,-0.5041482,0.10137295722961426,0.9981481432914734,0.9633064270019531
YDL056W,YMR306W,0,-0.50524074,0.1013634204864502,0.9981481432914734,0.9634072780609131
YIL009W,YOR224C,0,-0.51024467,0.10135389119386673,0.9981481432914734,0.9635080695152283
YNL083W,YMR227C,0,-0.5113762,0.10134436190128326,0.9981481432914734,0.9636088609695435
YGR156W,YMR047C,0,-0.5116531,0.1013348400592804,0.9981481432914734,0.9637096524238586
YHR156C,YPR061C,0,-0.51514846,0.10132531076669693,0.9981481432914734,0.9638105034828186
YJL010C,YHR111W,0,-0.52050316,0.10131578892469406,0.9981481432914734,0.9639112949371338
YPR152C,YGL201C,0,-0.52171427,0.10130626708269119,0.9981481432914734,0.964012086391449
YKR008W,YMR218C,0,-0.52230793,0.10129674524068832,0.9981481432914734,0.9641128778457642
YGL128C,YMR201C,0,-0.52559525,0.10128723084926605,0.9981481432914734,0.9642137289047241
YDL103C,YLR452C,0,-0.52603585,0.10127771645784378,0.9981481432914734,0.9643145203590393
YDR108W,YIL008W,0,-0.52796185,0.10126820206642151,0.9981481432914734,0.9644153118133545
YPL206C,YGL133W,0,-0.53229135,0.10125868767499924,0.9981481432914734,0.9645161032676697
YLR215C,YLR336C,0,-0.532391,0.10124918073415756,0.9981481432914734,0.9646169543266296
YNL126W,YER166W,0,-0.53377986,0.10123966634273529,0.9981481432914734,0.9647177457809448
YOR085W,YMR069W,0,-0.535858,0.10123015940189362,0.9981481432914734,0.96481853723526
YPL079W,YMR032W,0,-0.5377492,0.10122065991163254,0.9981481432914734,0.9649193286895752
YPL208W,YDL084W,0,-0.53781307,0.10121115297079086,0.9981481432914734,0.9650201797485352
YLL051C,YDR257C,0,-0.5414222,0.10120165348052979,0.9981481432914734,0.9651209712028503
YDR180W,YJL002C,0,-0.545302,0.10119215399026871,0.9981481432914734,0.9652217626571655
YBR112C,YNR038W,0,-0.5467592,0.10118265450000763,0.9981481432914734,0.9653225541114807
YOR151C,YHR203C,0,-0.54948527,0.10117315500974655,0.9981481432914734,0.9654234051704407
YML043C,YNL027W,0,-0.54958564,0.10116366297006607,0.9981481432914734,0.9655241966247559
YOR162C,YMR277W,0,-0.5519024,0.10115417093038559,0.9981481432914734,0.965624988079071
YKL089W,YCL027W,0,-0.5520223,0.10114467889070511,0.9981481432914734,0.9657257795333862
YFR019W,YML103C,0,-0.552337,0.10113519430160522,0.9981481432914734,0.9658266305923462
YGR271C-A,YGL033W,0,-0.5551445,0.10112570226192474,0.9981481432914734,0.9659274220466614
YNL292W,YFR036W,0,-0.5570968,0.10111621767282486,0.9981481432914734,0.9660282135009766
YGR156W,YDR244W,0,-0.5578992,0.10110673308372498,0.9981481432914734,0.9661290049552917
YML047C,YLR399C,0,-0.559383,0.10109724849462509,0.9981481432914734,0.9662298560142517
YKL125W,YKL212W,0,-0.56160945,0.1010877713561058,0.9981481432914734,0.9663306474685669
YOL115W,YOR109W,0,-0.5627821,0.10107829421758652,0.9981481432914734,0.9664314389228821
YGR009C,YCR035C,0,-0.5655932,0.10106881707906723,0.9981481432914734,0.9665322303771973
YML034W,YCR081W,0,-0.5656152,0.10105933994054794,0.9981481432914734,0.9666330814361572
YBR152W,YJL209W,0,-0.565715,0.10104987025260925,0.9981481432914734,0.9667338728904724
YPL131W,YAR018C,0,-0.56782216,0.10104040056467056,0.9981481432914734,0.9668346643447876
YOR046C,YDL209C,0,-0.5679274,0.10103093087673187,0.9981481432914734,0.9669354557991028
YNL201C,YPL175W,0,-0.57424086,0.10102146118879318,0.9981481432914734,0.9670363068580627
YMR194W,YML114C,0,-0.5742965,0.10101199150085449,0.9981481432914734,0.9671370983123779
YDR330W,YNR019W,0,-0.5757478,0.1010025292634964,0.9981481432914734,0.9672378897666931
YOL115W,YJL091C,0,-0.57588726,0.1009930670261383,0.9981481432914734,0.9673386812210083
YCR047C,YHR193C,0,-0.57718027,0.10098360478878021,0.9981481432914734,0.9674395322799683
YGR218W,YGR072W,0,-0.57982165,0.10097415000200272,0.9981481432914734,0.9675403237342834
YIL022W,YMR277W,0,-0.5818111,0.10096468776464462,0.9981481432914734,0.9676411151885986
YPR031W,YDR386W,0,-0.58422583,0.10095523297786713,0.9981481432914734,0.9677419066429138
YGL090W,YLR206W,0,-0.58438176,0.10094577819108963,0.9981481432914734,0.9678427577018738
YDR397C,YGL116W,0,-0.58814186,0.10093633085489273,0.9981481432914734,0.967943549156189
YDR503C,YMR061W,0,-0.5886334,0.10092687606811523,0.9981481432914734,0.9680443406105042
YKL220C,YNL201C,0,-0.5893112,0.10091742873191833,0.9981481432914734,0.9681451320648193
YGL071W,YJL080C,0,-0.58944887,0.10090798139572144,0.9981481432914734,0.9682459831237793
YGR238C,YPR104C,0,-0.593186,0.10089854151010513,0.9981481432914734,0.9683467745780945
YMR218C,YNL041C,0,-0.59326535,0.10088909417390823,0.9981481432914734,0.9684475660324097
YJL080C,YPR072W,0,-0.5938438,0.10087965428829193,0.9981481432914734,0.9685483574867249
YOL012C,YOL080C,0,-0.59425604,0.10087021440267563,0.9981481432914734,0.9686492085456848
YLR452C,YPR125W,0,-0.59444135,0.10086078196763992,0.9981481432914734,0.96875
YDR081C,YKL203C,0,-0.5950728,0.10085134208202362,0.9981481432914734,0.9688507914543152
YDR361C,YJR140C,0,-0.59697795,0.10084190964698792,0.9981481432914734,0.9689516425132751
YIL020C,YDL192W,0,-0.59843576,0.10083247721195221,0.9981481432914734,0.9690524339675903
YNL154C,YHR088W,0,-0.59879786,0.1008230447769165,0.9981481432914734,0.9691532254219055
YOR151C,YOR073W,0,-0.5990781,0.1008136197924614,0.9981481432914734,0.9692540168762207
YBL088C,YAR050W,0,-0.6031171,0.10080418735742569,0.9981481432914734,0.9693548679351807
YER145C,YGL257C,0,-0.60397667,0.10079476237297058,0.9981481432914734,0.9694556593894958
YBL031W,YOL080C,0,-0.6042195,0.10078533738851547,0.9981481432914734,0.969556450843811
YGL090W,YGL201C,0,-0.60554177,0.10077591985464096,0.9981481432914734,0.9696572422981262
YDL103C,YBR155W,0,-0.606147,0.10076649487018585,0.9981481432914734,0.9697580933570862
YFR005C,YOR151C,0,-0.6069228,0.10075707733631134,0.9981481432914734,0.9698588848114014
YPL012W,YDR501W,0,-0.61027676,0.10074766725301743,0.9981481432914734,0.9699596762657166
YPL115C,YCL050C,0,-0.61157215,0.10073824971914291,0.9981481432914734,0.9700604677200317
YOR353C,YDL065C,0,-0.61195666,0.1007288321852684,0.9981481432914734,0.9701613187789917
YLR274W,YLR262C,0,-0.6143046,0.10071942210197449,0.9981481432914734,0.9702621102333069
YLR320W,YLR389C,0,-0.61564034,0.10071001201868057,0.9981481432914734,0.9703629016876221
YPL001W,YIL095W,0,-0.6164085,0.10070060938596725,0.9981481432914734,0.9704636931419373
YOR201C,YNL126W,0,-0.62123424,0.10069119930267334,0.9981481432914734,0.9705645442008972
YNL187W,YNL302C,0,-0.6220239,0.10068179666996002,0.9981481432914734,0.9706653356552124
YPR081C,YNL292W,0,-0.62626547,0.1006723940372467,0.9981481432914734,0.9707661271095276
YLL004W,YML049C,0,-0.62868214,0.10066299140453339,0.9981481432914734,0.9708669185638428
YER110C,YBR074W,0,-0.63538694,0.10065359622240067,0.9981481432914734,0.9709677696228027
YGR106C,YBR084C-A,0,-0.6368589,0.10064420104026794,0.9981481432914734,0.9710685610771179
YDR386W,YMR301C,0,-0.6383295,0.10063479840755463,0.9981481432914734,0.9711693525314331
YGL023C,YKL203C,0,-0.63844705,0.1006254106760025,0.9981481432914734,0.9712701439857483
YML043C,YDL192W,0,-0.64315265,0.10061601549386978,0.9981481432914734,0.9713709950447083
YLL004W,YLR105C,0,-0.6456006,0.10060662776231766,0.9981481432914734,0.9714717864990234
YDR301W,YBL063W,0,-0.64664507,0.10059724003076553,0.9981481432914734,0.9715725779533386
YDR410C,YLR452C,0,-0.6540006,0.10058785229921341,0.9981481432914734,0.9716733694076538
YNL308C,YIR008C,0,-0.6547399,0.10057846456766129,0.9981481432914734,0.9717742204666138
YHL028W,YLR399C,0,-0.654784,0.10056908428668976,0.9981481432914734,0.971875011920929
YDR330W,YPL089C,0,-0.66100526,0.10055970400571823,0.9981481432914734,0.9719758033752441
YNL201C,YMR301C,0,-0.6626398,0.1005503237247467,0.9981481432914734,0.9720765948295593
YDR361C,YLR085C,0,-0.66343933,0.10054094344377518,0.9981481432914734,0.9721774458885193
YLR309C,YJR041C,0,-0.6638375,0.10053157061338425,0.9981481432914734,0.9722782373428345
YMR183C,YMR078C,0,-0.6654878,0.10052219033241272,0.9981481432914734,0.9723790287971497
YGL113W,YIL144W,0,-0.6702239,0.10051281750202179,0.9981481432914734,0.9724798202514648
YIL103W,YKL089W,0,-0.67078954,0.10050345212221146,0.9981481432914734,0.9725806713104248
YNR054C,YGL257C,0,-0.67132634,0.10049407929182053,0.9981481432914734,0.97268146276474
YDR361C,YOR197W,0,-0.67541033,0.10048471391201019,0.9981481432914734,0.9727822542190552
YMR032W,YGR184C,0,-0.67601764,0.10047534853219986,0.9981481432914734,0.9728830456733704
YLR197W,YPL255W,0,-0.6823708,0.10046598315238953,0.9981481432914734,0.9729838967323303
YPL228W,YLR418C,0,-0.6829029,0.1004566177725792,0.9981481432914734,0.9730846881866455
YDL010W,YDL056W,0,-0.6894278,0.10044725984334946,0.9981481432914734,0.9731854796409607
YPR185W,YLR131C,0,-0.69108826,0.10043790191411972,0.9981481432914734,0.9732862710952759
YCR032W,YKL049C,0,-0.6911308,0.10042854398488998,0.9981481432914734,0.9733871221542358
YDR414C,YLR131C,0,-0.69254017,0.10041918605566025,0.9981481432914734,0.973487913608551
YBL051C,YDR292C,0,-0.69528824,0.10040983557701111,0.9981481432914734,0.9735887050628662
YPL210C,YNL087W,0,-0.695645,0.10040048509836197,0.9981481432914734,0.9736894965171814
YDL231C,YDL058W,0,-0.695986,0.10039113461971283,0.9981481432914734,0.9737903475761414
YPL160W,YJL209W,0,-0.6964556,0.10038178414106369,0.9981481432914734,0.9738911390304565
YAR014C,YMR061W,0,-0.7023353,0.10037244111299515,0.9981481432914734,0.9739919304847717
YPR046W,YIR032C,0,-0.7050758,0.1003630980849266,0.9981481432914734,0.9740927219390869
YCR094W,YNL041C,0,-0.70589584,0.10035375505685806,0.9981481432914734,0.9741935729980469
YOR322C,YEL022W,0,-0.70640576,0.10034441202878952,0.9981481432914734,0.9742943644523621
YFR037C,YOR259C,0,-0.706479,0.10033506900072098,0.9981481432914734,0.9743951559066772
YGL136C,YPL193W,0,-0.70852244,0.10032573342323303,0.9981481432914734,0.9744959473609924
YJR067C,YPL227C,0,-0.71071225,0.10031639784574509,0.9981481432914734,0.9745967984199524
YHR120W,YNL258C,0,-0.71141636,0.10030706226825714,0.9981481432914734,0.9746975898742676
YIL097W,YMR201C,0,-0.7135882,0.1002977266907692,0.9981481432914734,0.9747983813285828
YHR074W,YIR033W,0,-0.7198071,0.10028839856386185,0.9981481432914734,0.974899172782898
YPL155C,YOR143C,0,-0.7224154,0.1002790704369545,0.9981481432914734,0.9750000238418579
YBR152W,YER056C-A,0,-0.72335875,0.10026974231004715,0.9981481432914734,0.9751008152961731
YNL328C,YDR353W,1,-0.7236199,0.1003534197807312,0.9990741014480591,0.9751008152961731
YNL298W,YPL089C,0,-0.7255736,0.10034409165382385,0.9990741014480591,0.9752016067504883
YGL116W,YAL029C,0,-0.72588557,0.10033475607633591,0.9990741014480591,0.9753023982048035
YCR047C,YHR143W,0,-0.7319874,0.10032542794942856,0.9990741014480591,0.9754032492637634
YIL159W,YLR285W,0,-0.7365398,0.10031609982252121,0.9990741014480591,0.9755040407180786
YBR152W,YIR008C,0,-0.73739403,0.10030677914619446,0.9990741014480591,0.9756048321723938
YPL167C,YDR386W,0,-0.73746544,0.10029745101928711,0.9990741014480591,0.975705623626709
YLR369W,YLR247C,0,-0.7374871,0.10028813034296036,0.9990741014480591,0.975806474685669
YDR398W,YHR178W,0,-0.7396763,0.1002788096666336,0.9990741014480591,0.9759072661399841
YOR341W,YER105C,0,-0.7405333,0.10026948899030685,0.9990741014480591,0.9760080575942993
YDR386W,YML021C,0,-0.7428788,0.1002601757645607,0.9990741014480591,0.9761088490486145
YBR084C-A,YLR305C,0,-0.74347264,0.10025086253881454,0.9990741014480591,0.9762097001075745
YDR361C,YNL222W,0,-0.7470349,0.10024154931306839,0.9990741014480591,0.9763104915618896
YGL171W,YMR037C,0,-0.7498714,0.10023223608732224,0.9990741014480591,0.9764112830162048
YLR071C,YGL201C,0,-0.7535214,0.10022292286157608,0.9990741014480591,0.97651207447052
YML104C,YOR046C,0,-0.7639776,0.10021361708641052,0.9990741014480591,0.97661292552948
YPR181C,YLR286C,0,-0.7661329,0.10020431131124496,0.9990741014480591,0.9767137169837952
YOR033C,YPL255W,0,-0.7667679,0.1001950055360794,0.9990741014480591,0.9768145084381104
YPR137W,YBL031W,0,-0.7708268,0.10018569976091385,0.9990741014480591,0.9769152998924255
YOR046C,YLL043W,0,-0.7724161,0.10017640143632889,0.9990741014480591,0.9770161509513855
YOL115W,YIL095W,0,-0.77273035,0.10016710311174393,0.9990741014480591,0.9771169424057007
YDR397C,YIL008W,0,-0.7763942,0.10015780478715897,0.9990741014480591,0.9772177338600159
YJR007W,YDL013W,0,-0.7774891,0.100148506462574,0.9990741014480591,0.977318525314331
YDR398W,YIL095W,0,-0.77871925,0.10013920813798904,0.9990741014480591,0.977419376373291
YGL090W,YGL066W,0,-0.7882729,0.10012991726398468,0.9990741014480591,0.9775201678276062
YLR336C,YNL102W,0,-0.78960735,0.10012062638998032,0.9990741014480591,0.9776209592819214
YDR118W,YDR480W,0,-0.7908012,0.10011133551597595,0.9990741014480591,0.9777217507362366
YMR288W,YKL184W,0,-0.8028478,0.10010205209255219,0.9990741014480591,0.9778226017951965
YHR129C,YOR153W,0,-0.80480677,0.10009276121854782,0.9990741014480591,0.9779233932495117
YLR361C,YML103C,0,-0.80579156,0.10008347779512405,0.9990741014480591,0.9780241847038269
YLR196W,YGR162W,0,-0.80647135,0.10007419437170029,0.9990741014480591,0.9781249761581421
YBR150C,YKR019C,0,-0.8086553,0.10006491839885712,0.9990741014480591,0.978225827217102
YDL145C,YNL292W,0,-0.80882716,0.10005563497543335,0.9990741014480591,0.9783266186714172
YOL052C,YOL120C,0,-0.8092014,0.10004635900259018,0.9990741014480591,0.9784274101257324
YAR014C,YMR218C,0,-0.8101205,0.10003708302974701,0.9990741014480591,0.9785282015800476
YKL010C,YDR273W,0,-0.8134035,0.10002781450748444,0.9990741014480591,0.9786290526390076
YNL317W,YPL160W,0,-0.8210742,0.10001853853464127,0.9990741014480591,0.9787298440933228
YLR002C,YNL088W,0,-0.8217558,0.10000927001237869,0.9990741014480591,0.9788306355476379
YLR320W,YDL195W,0,-0.8265049,0.10000000149011612,0.9990741014480591,0.9789314270019531
YLR197W,YLR262C,0,-0.82688314,0.09999073296785355,0.9990741014480591,0.9790322780609131
YPR104C,YGL066W,0,-0.8312879,0.09998146444559097,0.9990741014480591,0.9791330695152283
YAL041W,YGR274C,0,-0.8324797,0.099972203373909,0.9990741014480591,0.9792338609695435
YOR046C,YMR061W,0,-0.8459676,0.09996294230222702,0.9990741014480591,0.9793346524238586
YPL012W,YML049C,0,-0.85788804,0.09995368123054504,0.9990741014480591,0.9794355034828186
YGR156W,YOR217W,0,-0.8582054,0.09994442015886307,0.9990741014480591,0.9795362949371338
YJR060W,YMR033W,0,-0.8585873,0.09993516653776169,0.9990741014480591,0.979637086391449
YPL115C,YER105C,0,-0.86080885,0.09992591291666031,0.9990741014480591,0.9797378778457642
YOL080C,YJL156C,0,-0.8617845,0.09991665929555893,0.9990741014480591,0.9798387289047241
YPL255W,YOR109W,0,-0.8632666,0.09990740567445755,0.9990741014480591,0.9799395203590393
YKL154W,YML093W,0,-0.8636163,0.09989815950393677,0.9990741014480591,0.9800403118133545
YOR066W,YLR357W,0,-0.86450005,0.09988890588283539,0.9990741014480591,0.9801411032676697
YNL308C,YGL050W,0,-0.8651543,0.0998796597123146,0.9990741014480591,0.9802419543266296
YOR168W,YNL286W,0,-0.867362,0.09987042099237442,0.9990741014480591,0.9803427457809448
YCR047C,YMR227C,0,-0.867932,0.09986117482185364,0.9990741014480591,0.98044353723526
YPL255W,YOR322C,0,-0.87382644,0.09985193610191345,0.9990741014480591,0.9805443286895752
YKL089W,YPL016W,0,-0.8742481,0.09984269738197327,0.9990741014480591,0.9806451797485352
YDR081C,YDL191W,0,-0.87689656,0.09983345866203308,0.9990741014480591,0.9807459712028503
YGR085C,YDR139C,0,-0.87847096,0.0998242199420929,0.9990741014480591,0.9808467626571655
YJR007W,YGL232W,0,-0.87955165,0.0998149886727333,0.9990741014480591,0.9809475541114807
YOR035C,YDL058W,0,-0.87987065,0.09980574995279312,0.9990741014480591,0.9810484051704407
YDR288W,YHR124W,0,-0.88270324,0.09979651868343353,0.9990741014480591,0.9811491966247559
YDR165W,YDL112W,0,-0.8881747,0.09978729486465454,0.9990741014480591,0.981249988079071
YBR060C,YPR125W,0,-0.89516145,0.09977806359529495,0.9990741014480591,0.9813507795333862
YDL213C,YIL040W,0,-0.89847386,0.09976883977651596,0.9990741014480591,0.9814516305923462
YJR041C,YOR259C,0,-0.90124494,0.09975961595773697,0.9990741014480591,0.9815524220466614
YPL164C,YDL010W,0,-0.90231544,0.09975039213895798,0.9990741014480591,0.9816532135009766
YOL088C,YEL055C,0,-0.9068208,0.09974117577075958,0.9990741014480591,0.9817540049552917
YPL138C,YDR030C,0,-0.9078767,0.09973195195198059,0.9990741014480591,0.9818548560142517
YKL018W,YKL184W,0,-0.9138505,0.0997227355837822,0.9990741014480591,0.9819556474685669
YLR071C,YER114C,0,-0.9168431,0.0997135192155838,0.9990741014480591,0.9820564389228821
YKR090W,YBL031W,0,-0.9177366,0.0997043028473854,0.9990741014480591,0.9821572303771973
YML114C,YLR305C,0,-0.9232525,0.09969509392976761,0.9990741014480591,0.9822580814361572
YJL012C,YGL133W,0,-0.9287128,0.09968588501214981,0.9990741014480591,0.9823588728904724
YFL013C,YAL025C,0,-0.93016225,0.09967667609453201,0.9990741014480591,0.9824596643447876
YLR147C,YPR187W,0,-0.9305812,0.09966746717691422,0.9990741014480591,0.9825604557991028
YPR110C,YOR259C,0,-0.9317078,0.09965825825929642,0.9990741014480591,0.9826613068580627
YMR047C,YCR072C,0,-0.9326062,0.09964905679225922,0.9990741014480591,0.9827620983123779
YKL173W,YMR168C,0,-0.9329886,0.09963985532522202,0.9990741014480591,0.9828628897666931
YAL026C,YNL204C,0,-0.9369375,0.09963065385818481,0.9990741014480591,0.9829636812210083
YKR008W,YFR002W,0,-0.94353586,0.09962145984172821,0.9990741014480591,0.9830645322799683
YHR197W,YGR274C,0,-0.9493672,0.09961225837469101,0.9990741014480591,0.9831653237342834
YBL088C,YBR133C,0,-0.9500125,0.0996030643582344,0.9990741014480591,0.9832661151885986
YNL126W,YLR285W,0,-0.9505138,0.0995938703417778,0.9990741014480591,0.9833669066429138
YPL208W,YER060W,0,-0.9543921,0.0995846763253212,0.9990741014480591,0.9834677577018738
YJR140C,YPL155C,0,-0.955931,0.09957548975944519,0.9990741014480591,0.983568549156189
YLR234W,YNL087W,0,-0.9652875,0.09956630319356918,0.9990741014480591,0.9836693406105042
YGR158C,YHR088W,0,-0.96559376,0.09955711662769318,0.9990741014480591,0.9837701320648193
YOR091W,YLR368W,0,-0.96584946,0.09954793006181717,0.9990741014480591,0.9838709831237793
YBR091C,YKR056W,0,-0.9725421,0.09953874349594116,0.9990741014480591,0.9839717745780945
YJL023C,YOR257W,0,-0.9796793,0.09952956438064575,0.9990741014480591,0.9840725660324097
YDL103C,YDR320C,0,-0.9840296,0.09952038526535034,0.9990741014480591,0.9841733574867249
YOR201C,YOR037W,0,-0.98650783,0.09951120615005493,0.9990741014480591,0.9842742085456848
YBR162C,YHR143W,0,-0.9959267,0.09950202703475952,0.9990741014480591,0.984375
YML043C,YLR293C,0,-0.99767846,0.09949285537004471,0.9990741014480591,0.9844757914543152
YKL173W,YNL204C,0,-0.9978371,0.0994836837053299,0.9990741014480591,0.9845766425132751
YGR162W,YNL102W,0,-0.9983056,0.09947451204061508,0.9990741014480591,0.9846774339675903
YLR435W,YER105C,0,-0.9985114,0.09946534037590027,0.9990741014480591,0.9847782254219055
YDL116W,YMR227C,0,-1.004876,0.09945616871118546,0.9990741014480591,0.9848790168762207
YIL020C,YPL016W,0,-1.0117437,0.09944700449705124,0.9990741014480591,0.9849798679351807
YDR361C,YDR212W,0,-1.015957,0.09943784028291702,0.9990741014480591,0.9850806593894958
YJL023C,YPL243W,0,-1.017856,0.0994286760687828,0.9990741014480591,0.985181450843811
YDR397C,YGL201C,0,-1.0247041,0.09941951185464859,0.9990741014480591,0.9852822422981262
YDR301W,YBR133C,0,-1.0257081,0.09941035509109497,0.9990741014480591,0.9853830933570862
YLR396C,YOL080C,0,-1.0333956,0.09940119832754135,0.9990741014480591,0.9854838848114014
YKR019C,YLR305C,0,-1.0346437,0.09939204156398773,0.9990741014480591,0.9855846762657166
YOR151C,YPR162C,0,-1.0371379,0.09938288480043411,0.9990741014480591,0.9856854677200317
YJR140C,YMR033W,0,-1.0394605,0.09937373548746109,0.9990741014480591,0.9857863187789917
YMR078C,YOL056W,0,-1.0406882,0.09936457872390747,0.9990741014480591,0.9858871102333069
YOR030W,YEL055C,0,-1.0409068,0.09935542941093445,0.9990741014480591,0.9859879016876221
YML103C,YPL209C,0,-1.0483863,0.09934628754854202,0.9990741014480591,0.9860886931419373
YDL003W,YML026C,0,-1.0531682,0.099337138235569,0.9990741014480591,0.9861895442008972
YLR263W,YOR353C,0,-1.0562621,0.09932799637317657,0.9990741014480591,0.9862903356552124
YER029C,YNL308C,0,-1.0570314,0.09931885451078415,0.9990741014480591,0.9863911271095276
YLL004W,YDR144C,0,-1.0672759,0.09930971264839172,0.9990741014480591,0.9864919185638428
YNL201C,YDR200C,0,-1.0680335,0.0993005707859993,0.9990741014480591,0.9865927696228027
YDL036C,YOL138C,0,-1.0742834,0.09929143637418747,0.9990741014480591,0.9866935610771179
YDL213C,YBR258C,0,-1.0760643,0.09928229451179504,0.9990741014480591,0.9867943525314331
YKR086W,YNL186W,0,-1.0811131,0.09927316009998322,0.9990741014480591,0.9868951439857483
YOR073W,YEL055C,0,-1.0887694,0.09926403313875198,0.9990741014480591,0.9869959950447083
YEL055C,YPR171W,0,-1.089379,0.09925489872694016,0.9990741014480591,0.9870967864990234
YLR197W,YNL206C,0,-1.0901662,0.09924577176570892,0.9990741014480591,0.9871975779533386
YMR288W,YNL014W,0,-1.0983032,0.09923664480447769,0.9990741014480591,0.9872983694076538
YLR052W,YMR277W,0,-1.098648,0.09922751784324646,0.9990741014480591,0.9873992204666138
YBR095C,YPL001W,0,-1.1010822,0.09921839088201523,0.9990741014480591,0.987500011920929
YDR361C,YKL045W,0,-1.104517,0.0992092713713646,0.9990741014480591,0.9876008033752441
YPL016W,YJL168C,0,-1.108306,0.09920014441013336,0.9990741014480591,0.9877015948295593
YGR158C,YOR061W,0,-1.1125208,0.09919102489948273,0.9990741014480591,0.9878024458885193
YPL210C,YDR292C,0,-1.1163758,0.09918191283941269,0.9990741014480591,0.9879032373428345
YNL278W,YNL102W,0,-1.1166964,0.09917279332876205,0.9990741014480591,0.9880040287971497
YNL076W,YDR292C,0,-1.1220046,0.09916368126869202,0.9990741014480591,0.9881048202514648
YNL308C,YBL093C,0,-1.1232818,0.09915456920862198,0.9990741014480591,0.9882056713104248
YPL053C,YML093W,0,-1.1289374,0.09914545714855194,0.9990741014480591,0.98830646276474
YDR180W,YDR480W,0,-1.1503536,0.0991363450884819,0.9990741014480591,0.9884072542190552
YIL008W,YHR143W-A,0,-1.1547424,0.09912724047899246,0.9990741014480591,0.9885080456733704
YBR073W,YJR140C,0,-1.1631278,0.09911813586950302,0.9990741014480591,0.9886088967323303
YIR004W,YMR233W,0,-1.1635743,0.09910903126001358,0.9990741014480591,0.9887096881866455
YJL209W,YAR008W,1,-1.169011,0.09919176995754242,1.0,0.9887096881866455
YKL173W,YPL138C,0,-1.169195,0.09918265789747238,1.0,0.9888104796409607
YNL154C,YML093W,0,-1.1696758,0.09917355328798294,1.0,0.9889112710952759
YLL004W,YPR031W,0,-1.1813658,0.0991644486784935,1.0,0.9890121221542358
YGL201C,YNL151C,0,-1.1907625,0.09915534406900406,1.0,0.989112913608551
YBR073W,YER105C,0,-1.1911197,0.09914623945951462,1.0,0.9892137050628662
YJL023C,YLR215C,0,-1.2022053,0.09913714230060577,1.0,0.9893144965171814
YAR018C,YFR002W,0,-1.2318784,0.09912803769111633,1.0,0.9894153475761414
YKR056W,YOR073W,0,-1.2327876,0.09911894053220749,1.0,0.9895161390304565
YBR154C,YOR322C,0,-1.2353345,0.09910984337329865,1.0,0.9896169304847717
YGR085C,YBR171W,0,-1.2365344,0.0991007536649704,1.0,0.9897177219390869
YPL064C,YOL080C,0,-1.2411841,0.09909165650606155,1.0,0.9898185729980469
YBR061C,YKL049C,0,-1.2494992,0.0990825667977333,1.0,0.9899193644523621
YHR120W,YGR169C,0,-1.2512168,0.09907347708940506,1.0,0.9900201559066772
YNL298W,YOR212W,0,-1.2560983,0.09906439483165741,1.0,0.9901209473609924
YCL031C,YML114C,0,-1.2567358,0.09905530512332916,1.0,0.9902217984199524
YER056C-A,YLR052W,0,-1.2682577,0.09904622286558151,1.0,0.9903225898742676
YDR386W,YDR332W,0,-1.2713072,0.09903714060783386,1.0,0.9904233813285828
YOR322C,YOR257W,0,-1.2798223,0.09902805835008621,1.0,0.990524172782898
YKR008W,YDL036C,0,-1.285638,0.09901897609233856,1.0,0.9906250238418579
YJR140C,YNL088W,0,-1.2859281,0.09900990128517151,1.0,0.9907258152961731
YLR172C,YML103C,0,-1.290182,0.09900082647800446,1.0,0.9908266067504883
YIL020C,YLR052W,0,-1.2958174,0.0989917516708374,1.0,0.9909273982048035
YGR229C,YPR104C,0,-1.304227,0.09898267686367035,1.0,0.9910282492637634
YLR388W,YPR046W,0,-1.3072333,0.09897360950708389,1.0,0.9911290407180786
YJL080C,YKL113C,0,-1.3150018,0.09896453469991684,1.0,0.9912298321723938
YDR397C,YBR083W,0,-1.3151962,0.09895546734333038,1.0,0.991330623626709
YKR072C,YDL013W,0,-1.3309704,0.09894640743732452,1.0,0.991431474685669
YBR154C,YHR058C,0,-1.3330871,0.09893734008073807,1.0,0.9915322661399841
YBR074W,YER040W,0,-1.3474957,0.09892828017473221,1.0,0.9916330575942993
YFR005C,YBR060C,0,-1.3528389,0.09891921281814575,1.0,0.9917338490486145
YGL201C,YFR037C,0,-1.3707895,0.09891015291213989,1.0,0.9918347001075745
YIR004W,YFR037C,0,-1.3718418,0.09890110045671463,1.0,0.9919354915618896
YNL298W,YGL116W,0,-1.3726461,0.09889204055070877,1.0,0.9920362830162048
YLR061W,YMR033W,0,-1.3892395,0.09888298809528351,1.0,0.99213707447052
YIL052C,YBR084C-A,0,-1.3914717,0.09887393563985825,1.0,0.99223792552948
YER029C,YLR067C,0,-1.3952464,0.09886488318443298,1.0,0.9923387169837952
YKL125W,YBR289W,0,-1.3953339,0.09885583817958832,1.0,0.9924395084381104
YKL018W,YDR397C,0,-1.3976306,0.09884678572416306,1.0,0.9925402998924255
YGL171W,YKL089W,0,-1.4020444,0.09883774071931839,1.0,0.9926411509513855
YJL008C,YML114C,0,-1.4114866,0.09882869571447372,1.0,0.9927419424057007
YGL201C,YGR072W,0,-1.4134381,0.09881965070962906,1.0,0.9928427338600159
YNL262W,YOR242C,0,-1.4139055,0.09881061315536499,1.0,0.992943525314331
YLR293C,YML114C,0,-1.4317433,0.09880157560110092,1.0,0.993044376373291
YFR005C,YDR292C,0,-1.4341947,0.09879253804683685,1.0,0.9931451678276062
YJR140C,YDR480W,0,-1.4375257,0.09878350049257278,1.0,0.9932459592819214
YLR043C,YJR047C,0,-1.4375814,0.09877446293830872,1.0,0.9933467507362366
YBR112C,YBL031W,0,-1.4442595,0.09876543283462524,1.0,0.9934476017951965
YKL018W,YOL080C,0,-1.4457932,0.09875640273094177,1.0,0.9935483932495117
YJL111W,YPL243W,0,-1.4503348,0.0987473726272583,1.0,0.9936491847038269
YLR197W,YOR039W,0,-1.4508677,0.09873834252357483,1.0,0.9937499761581421
YDR081C,YNL126W,0,-1.4722588,0.09872931987047195,1.0,0.993850827217102
YLR185W,YOR143C,0,-1.4778296,0.09872028976678848,1.0,0.9939516186714172
YJR067C,YPL160W,0,-1.4874104,0.09871126711368561,1.0,0.9940524101257324
YPL210C,YOR061W,0,-1.5028611,0.09870225191116333,1.0,0.9941532015800476
YBR133C,YLR305C,0,-1.5327477,0.09869322925806046,1.0,0.9942540526390076
YGL201C,YMR288W,0,-1.5383736,0.09868421405553818,1.0,0.9943548440933228
YPL138C,YHL023C,0,-1.5447413,0.0986751914024353,1.0,0.9944556355476379
YML043C,YML114C,0,-1.5511705,0.09866617619991302,1.0,0.9945564270019531
YCR042C,YPR095C,0,-1.5675254,0.09865716844797134,1.0,0.9946572780609131
YOL021C,YPL243W,0,-1.5780815,0.09864815324544907,1.0,0.9947580695152283
YPL255W,YGR280C,0,-1.5862695,0.09863914549350739,1.0,0.9948588609695435
YDL217C,YBR155W,0,-1.5942761,0.0986301377415657,1.0,0.9949596524238586
YPL210C,YOR154W,0,-1.6066548,0.09862112998962402,1.0,0.9950605034828186
YBR112C,YNL102W,0,-1.6151165,0.09861212223768234,1.0,0.9951612949371338
YJL186W,YOL080C,0,-1.6251589,0.09860312193632126,1.0,0.995262086391449
YAL029C,YKL113C,0,-1.6291039,0.09859412163496017,1.0,0.9953628778457642
YML104C,YOR143C,0,-1.6466651,0.09858512133359909,1.0,0.9954637289047241
YOL021C,YLR305C,0,-1.6508845,0.098576121032238,1.0,0.9955645203590393
YBL063W,YFL025C,0,-1.6571494,0.09856712818145752,1.0,0.9956653118133545
YLL004W,YOR046C,0,-1.6787558,0.09855812788009644,1.0,0.9957661032676697
YCR042C,YMR288W,0,-1.681931,0.09854913502931595,1.0,0.9958669543266296
YDR361C,YNL027W,0,-1.6911583,0.09854014962911606,1.0,0.9959677457809448
YPL243W,YFR002W,0,-1.6942959,0.09853115677833557,1.0,0.99606853723526
YCR032W,YGL133W,0,-1.6948279,0.09852216392755508,1.0,0.9961693286895752
YLR309C,YNL076W,0,-1.6950825,0.0985131785273552,1.0,0.9962701797485352
YJL010C,YGL210W,0,-1.7160772,0.0985041931271553,1.0,0.9963709712028503
YPL012W,YBR061C,0,-1.7444793,0.09849521517753601,1.0,0.9964717626571655
YMR194W,YJL209W,0,-1.7746079,0.09848622977733612,1.0,0.9965725541114807
YGR072W,YLR067C,0,-1.7807606,0.09847725182771683,1.0,0.9966734051704407
YNL255C,YJL209W,0,-1.7944995,0.09846827387809753,1.0,0.9967741966247559
YJL058C,YMR033W,0,-1.8039191,0.09845929592847824,1.0,0.996874988079071
YOL021C,YPL155C,0,-1.8306361,0.09845031797885895,1.0,0.9969757795333862
YLR020C,YHR058C,0,-1.8522404,0.09844134747982025,1.0,0.9970766305923462
YBR060C,YOL080C,0,-1.8530377,0.09843237698078156,1.0,0.9971774220466614
YOR116C,YIL159W,0,-1.8669401,0.09842340648174286,1.0,0.9972782135009766
YNL262W,YPL209C,0,-1.8833832,0.09841443598270416,1.0,0.9973790049552917
YDR139C,YML026C,0,-1.9070619,0.09840546548366547,1.0,0.9974798560142517
YCR042C,YDR180W,0,-1.911119,0.09839650243520737,1.0,0.9975806474685669
YLR424W,YML021C,0,-1.9141412,0.09838753938674927,1.0,0.9976814389228821
YOL021C,YBR060C,0,-1.9351758,0.09837857633829117,1.0,0.9977822303771973
YHR197W,YJL129C,0,-1.9510001,0.09836961328983307,1.0,0.9978830814361572
YLR002C,YKL135C,0,-1.9555433,0.09836065769195557,1.0,0.9979838728904724
YPR046W,YNL087W,0,-1.9570192,0.09835170209407806,1.0,0.9980846643447876
YLR002C,YGR274C,0,-1.9939989,0.09834273904561996,1.0,0.9981854557991028
YKL089W,YGR280C,0,-1.9980284,0.09833379089832306,1.0,0.9982863068580627
YML026C,YJL209W,0,-2.0886436,0.09832483530044556,1.0,0.9983870983123779
YLR401C,YOR322C,0,-2.1216962,0.09831588715314865,1.0,0.9984878897666931
YIL020C,YIL159W,0,-2.1232126,0.09830693900585175,1.0,0.9985886812210083
YPL208W,YLR020C,0,-2.24213,0.09829799085855484,1.0,0.9986895322799683
YAR002W,YDR280W,0,-2.321822,0.09828904271125793,1.0,0.9987903237342834
YGL133W,YNL102W,0,-2.3636005,0.09828009456396103,1.0,0.9988911151885986
YJR067C,YNL201C,0,-2.3688076,0.09827115386724472,1.0,0.9989919066429138
YOR101W,YHR167W,0,-2.4042392,0.09826221317052841,1.0,0.9990927577018738
YOL021C,YLR071C,0,-2.4663522,0.0982532724738121,1.0,0.999193549156189
YCR042C,YER114C,0,-2.5287807,0.09824433922767639,1.0,0.9992943406105042
YDR361C,YLR215C,0,-2.5719693,0.09823539853096008,1.0,0.9993951320648193
YLL004W,YHR167W,0,-2.5874093,0.09822646528482437,1.0,0.9994959831237793
YDR397C,YGR271C-A,0,-2.7046368,0.09821753203868866,1.0,0.9995967745780945
YLR002C,YML103C,0,-2.8193228,0.09820859879255295,1.0,0.9996975660324097
YOL115W,YML114C,0,-2.9063816,0.09819967299699783,1.0,0.9997983574867249
YNR054C,YFR002W,0,-3.0546238,0.09819074720144272,1.0,0.9998992085456848
YDL036C,YDR195W,0,-3.3539531,0.0981818214058876,1.0,1.0
