Gene A,Gene B,Label,Score,Precision,Recall,False Positive Rate
YNL182C,YHR040W,0,4.587915,0.0,0.0,0.00010004001524066553
YGR128C,YKL078W,1,3.9815066,0.5,0.0009960159659385681,0.00010004001524066553
YHR196W,YPL126W,1,3.8005712,0.6666666865348816,0.0019920319318771362,0.00010004001524066553
YOL145C,YDR324C,1,3.734378,0.75,0.0029880478978157043,0.00010004001524066553
YMR093W,YKL078W,1,3.6372766,0.800000011920929,0.0039840638637542725,0.00010004001524066553
YMR091C,YDL153C,0,3.5515866,0.6666666865348816,0.0039840638637542725,0.00020008003048133105
YFL002C,YOR310C,0,3.5352244,0.5714285969734192,0.0039840638637542725,0.00030012003844603896
YGL120C,YLR200W,0,3.5013943,0.5,0.0039840638637542725,0.0004001600609626621
YFL023W,YHR196W,1,3.4570932,0.5555555820465088,0.004980079829692841,0.0004001600609626621
YMR093W,YHR196W,1,3.3996437,0.6000000238418579,0.005976095795631409,0.0004001600609626621
YKL139W,YHR196W,1,3.3801048,0.6363636255264282,0.006972111761569977,0.0004001600609626621
YFL023W,YPL126W,1,3.3670652,0.6666666865348816,0.007968127727508545,0.0004001600609626621
YGR128C,YKL139W,1,3.325905,0.692307710647583,0.008964143693447113,0.0004001600609626621
YER148W,YMR270C,1,3.3239563,0.7142857313156128,0.009960159659385681,0.0004001600609626621
YGL070C,YNL110C,0,3.2919328,0.6666666865348816,0.009960159659385681,0.0005002000834792852
YNL110C,YOR310C,0,3.2338908,0.625,0.009960159659385681,0.0006002400768920779
YER126C,YKL068W,0,3.194411,0.5882353186607361,0.009960159659385681,0.0007002801285125315
YHR196W,YNL113W,1,3.1650174,0.6111111044883728,0.01095617562532425,0.0007002801285125315
YGR128C,YNL113W,1,3.111914,0.6315789222717285,0.011952191591262817,0.0007002801285125315
YIL110W,YNL182C,0,3.080404,0.6000000238418579,0.011952191591262817,0.0008003201219253242
YPR187W,YKL139W,1,3.0465577,0.6190476417541504,0.012948207557201385,0.0008003201219253242
YMR270C,YKL082C,0,3.0423367,0.5909090638160706,0.012948207557201385,0.0009003601153381169
YBR154C,YML043C,1,3.0416334,0.6086956262588501,0.013944223523139954,0.0009003601153381169
YJL148W,YPL126W,1,3.0393984,0.625,0.014940239489078522,0.0009003601153381169
YJR031C,YGR145W,0,3.0205376,0.6000000238418579,0.014940239489078522,0.0010004001669585705
YOR340C,YNL248C,1,3.0051153,0.6153846383094788,0.01593625545501709,0.0010004001669585705
YOL145C,YGR128C,1,3.0007045,0.6296296119689941,0.016932271420955658,0.0010004001669585705
YER082C,YML094W,0,2.9884524,0.6071428656578064,0.016932271420955658,0.0011004401603713632
YJL148W,YKL125W,1,2.942828,0.6206896305084229,0.017928287386894226,0.0011004401603713632
YGR128C,YJL006C,1,2.9002244,0.6333333253860474,0.018924303352832794,0.0011004401603713632
YOR340C,YKL139W,1,2.8994775,0.6451612710952759,0.019920319318771362,0.0011004401603713632
YDR398W,YKL139W,1,2.875724,0.65625,0.02091633528470993,0.0011004401603713632
YGR128C,YMR093W,1,2.8749626,0.6666666865348816,0.0219123512506485,0.0011004401603713632
YBR154C,YMR093W,1,2.8745022,0.6764705777168274,0.022908367216587067,0.0011004401603713632
YKL078W,YGL043W,1,2.8558757,0.6857143044471741,0.023904383182525635,0.0011004401603713632
YJL148W,YDL108W,1,2.8471377,0.6944444179534912,0.024900399148464203,0.0011004401603713632
YMR093W,YPL126W,1,2.8346584,0.7027027010917664,0.02589641511440277,0.0011004401603713632
YDR312W,YPR018W,0,2.820409,0.6842105388641357,0.02589641511440277,0.0012004801537841558
YIL110W,YNL113W,0,2.8168378,0.6666666865348816,0.02589641511440277,0.0013005202636122704
YOL145C,YJL148W,1,2.8049023,0.675000011920929,0.02689243108034134,0.0013005202636122704
YJL025W,YJL148W,1,2.8002622,0.6829268336296082,0.027888447046279907,0.0013005202636122704
YMR263W,YHR196W,1,2.7951252,0.6904761791229248,0.028884463012218475,0.0013005202636122704
YBR154C,YKL125W,1,2.789767,0.6976743936538696,0.029880478978157043,0.0013005202636122704
YJL148W,YKL078W,1,2.7882278,0.7045454382896423,0.03087649494409561,0.0013005202636122704
YGR128C,YJL025W,1,2.7846894,0.7111111283302307,0.03187251091003418,0.0013005202636122704
YOR340C,YGL043W,1,2.779256,0.717391312122345,0.03286852687597275,0.0013005202636122704
YOR061W,YOR119C,1,2.7725093,0.7234042286872864,0.033864542841911316,0.0013005202636122704
YMR263W,YKL078W,1,2.7598047,0.7291666865348816,0.034860558807849884,0.0013005202636122704
YDR398W,YKL078W,1,2.7595413,0.7346938848495483,0.03585657477378845,0.0013005202636122704
YFL023W,YDR324C,1,2.7296445,0.7400000095367432,0.03685259073972702,0.0013005202636122704
YHR085W,YPL086C,0,2.729364,0.7254902124404907,0.03685259073972702,0.001400560257025063
YDL108W,YOR119C,1,2.7236958,0.7307692170143127,0.03784860670566559,0.001400560257025063
YBR154C,YKL139W,1,2.7181573,0.7358490824699402,0.038844622671604156,0.001400560257025063
YBR154C,YJL006C,1,2.7109745,0.7407407164573669,0.039840638637542725,0.001400560257025063
YKL078W,YNL248C,1,2.7071297,0.7454545497894287,0.04083665460348129,0.001400560257025063
YBR154C,YKL078W,1,2.7043445,0.75,0.04183267056941986,0.001400560257025063
YNL182C,YKR063C,0,2.700833,0.7368420958518982,0.04183267056941986,0.0015006002504378557
YOR310C,YDR075W,0,2.693935,0.7241379022598267,0.04183267056941986,0.0016006402438506484
YOR340C,YPL126W,1,2.6798568,0.7288135886192322,0.04282868653535843,0.0016006402438506484
YOL145C,YLL035W,1,2.6700099,0.7333333492279053,0.043824702501297,0.0016006402438506484
YKL082C,YLR397C,0,2.660688,0.7213114500045776,0.043824702501297,0.001700680237263441
YMR093W,YML112W,1,2.650826,0.725806474685669,0.044820718467235565,0.001700680237263441
YER148W,YKL078W,1,2.6470127,0.7301587462425232,0.04581673443317413,0.001700680237263441
YMR270C,YOR119C,1,2.6402638,0.734375,0.0468127503991127,0.001700680237263441
YOR224C,YKL139W,1,2.6401236,0.7384615540504456,0.04780876636505127,0.001700680237263441
YOR061W,YHR196W,1,2.6362784,0.7424242496490479,0.04880478233098984,0.001700680237263441
YDR398W,YGL043W,1,2.6288834,0.746268630027771,0.049800798296928406,0.001700680237263441
YBR154C,YBL014C,1,2.6245167,0.75,0.050796814262866974,0.001700680237263441
YKL130C,YDL153C,0,2.6137502,0.739130437374115,0.050796814262866974,0.0018007202306762338
YKL078W,YGL244W,1,2.5973263,0.7428571581840515,0.05179283022880554,0.0018007202306762338
YOR061W,YDR324C,1,2.5930974,0.7464788556098938,0.05278884619474411,0.0018007202306762338
YDR312W,YDR075W,0,2.5823824,0.7361111044883728,0.05278884619474411,0.0019007603405043483
YDR398W,YMR263W,1,2.5742176,0.7397260069847107,0.05378486216068268,0.0019007603405043483
YMR093W,YBL014C,1,2.5711408,0.7432432174682617,0.054780878126621246,0.0019007603405043483
YKL082C,YOR159C,0,2.5621235,0.7333333492279053,0.054780878126621246,0.002000800333917141
YMR093W,YGL244W,1,2.551563,0.7368420958518982,0.055776894092559814,0.002000800333917141
YJL148W,YKL139W,1,2.5432773,0.7402597665786743,0.05677291005849838,0.002000800333917141
YGL244W,YOR119C,1,2.5381439,0.7435897588729858,0.05776892602443695,0.002000800333917141
YPR034W,YPL266W,0,2.534956,0.7341772317886353,0.05776892602443695,0.0021008404437452555
YMR093W,YPR110C,1,2.531956,0.737500011920929,0.05876494199037552,0.0021008404437452555
YLR384C,YKL021C,0,2.5296648,0.7283950448036194,0.05876494199037552,0.0022008803207427263
YOR340C,YNL113W,1,2.5274613,0.7317073345184326,0.05976095795631409,0.0022008803207427263
YOR061W,YJL148W,1,2.5221322,0.7349397540092468,0.060756973922252655,0.0022008803207427263
YGR128C,YPL139C,1,2.5216162,0.738095223903656,0.06175298988819122,0.0022008803207427263
YKL166C,YHR062C,0,2.52036,0.729411780834198,0.06175298988819122,0.002300920430570841
YOR340C,YKL125W,1,2.5119803,0.7325581312179565,0.06274900585412979,0.002300920430570841
YNL096C,YHR040W,0,2.5015795,0.7241379022598267,0.06274900585412979,0.0024009603075683117
YOR206W,YLR397C,0,2.5000455,0.7159090638160706,0.06274900585412979,0.002501000417396426
YDR496C,YMR269W,0,2.4984367,0.7078651785850525,0.06274900585412979,0.0026010405272245407
YFR028C,YPL126W,1,2.49615,0.7111111283302307,0.06374502182006836,0.0026010405272245407
YFL023W,YJL006C,1,2.4939878,0.7142857313156128,0.06474103778600693,0.0026010405272245407
YNL248C,YFR028C,1,2.4828966,0.717391312122345,0.0657370537519455,0.0026010405272245407
YMR263W,YPL126W,1,2.4791772,0.7204301357269287,0.06673306971788406,0.0026010405272245407
YGL120C,YPL112C,0,2.466405,0.7127659320831299,0.06673306971788406,0.0027010804042220116
YPL126W,YNL113W,1,2.4634707,0.7157894968986511,0.06772908568382263,0.0027010804042220116
YMR233W,YHR196W,1,2.4625747,0.71875,0.0687251016497612,0.0027010804042220116
YDL061C,YDL074C,0,2.4608314,0.7113401889801025,0.0687251016497612,0.002801120514050126
YKL139W,YNL113W,1,2.4582837,0.7142857313156128,0.06972111761569977,0.002801120514050126
YJR063W,YGL244W,1,2.4554257,0.7171717286109924,0.07071713358163834,0.002801120514050126
YLR409C,YGL092W,0,2.4437604,0.7099999785423279,0.07071713358163834,0.002901160391047597
YJL025W,YPR110C,1,2.4436424,0.7128713130950928,0.0717131495475769,0.002901160391047597
YER126C,YML094W,0,2.4434993,0.7058823704719543,0.0717131495475769,0.0030012005008757114
YOL145C,YNL248C,1,2.4198387,0.708737850189209,0.07270916551351547,0.0030012005008757114
YJL148W,YML043C,1,2.4183762,0.7115384340286255,0.07370518147945404,0.0030012005008757114
YJR063W,YMR270C,1,2.4116757,0.7142857313156128,0.07470119744539261,0.0030012005008757114
YOR061W,YKL078W,1,2.400017,0.7169811129570007,0.07569721341133118,0.0030012005008757114
YHR034C,YDL014W,0,2.397547,0.7102803587913513,0.07569721341133118,0.003101240610703826
YPR110C,YFR028C,1,2.3969162,0.7129629850387573,0.07669322937726974,0.003101240610703826
YHR119W,YHR170W,0,2.3836706,0.7064220309257507,0.07669322937726974,0.003201280487701297
YDR087C,YOL010W,0,2.378229,0.699999988079071,0.07669322937726974,0.0033013205975294113
YKL078W,YOR123C,1,2.3730075,0.7027027010917664,0.07768924534320831,0.0033013205975294113
YMR270C,YIL110W,0,2.3698542,0.6964285969734192,0.07768924534320831,0.003401360474526882
YJL148W,YGL043W,1,2.3681943,0.6991150379180908,0.07868526130914688,0.003401360474526882
YAL033W,YIL104C,0,2.364055,0.6929824352264404,0.07868526130914688,0.0035014005843549967
YMR138W,YDR184C,0,2.357684,0.686956524848938,0.07868526130914688,0.0036014404613524675
YBR154C,YML010W,1,2.3519247,0.6896551847457886,0.07968127727508545,0.0036014404613524675
YPR110C,YFL023W,1,2.3503964,0.692307710647583,0.08067729324102402,0.0036014404613524675
YOR340C,YBL014C,1,2.3501098,0.694915235042572,0.08167330920696259,0.0036014404613524675
YOR341W,YHR196W,1,2.3436823,0.6974790096282959,0.08266932517290115,0.0036014404613524675
YPR187W,YHR196W,1,2.3410337,0.699999988079071,0.08366534113883972,0.0036014404613524675
YDR398W,YPL082C,1,2.3380115,0.702479362487793,0.08466135710477829,0.0036014404613524675
YGR128C,YER148W,1,2.3370423,0.7049180269241333,0.08565737307071686,0.0036014404613524675
YBL014C,YDR324C,1,2.3229191,0.707317054271698,0.08665338903665543,0.0036014404613524675
YOR340C,YGL244W,1,2.3211365,0.7096773982048035,0.087649405002594,0.0036014404613524675
YJR063W,YFL023W,1,2.3205004,0.7120000123977661,0.08864542096853256,0.0036014404613524675
YOR340C,YML043C,1,2.2975268,0.7142857313156128,0.08964143693447113,0.0036014404613524675
YBR057C,YOR206W,0,2.2918506,0.7086614370346069,0.08964143693447113,0.003701480571180582
YOL145C,YNL113W,1,2.2908802,0.7109375,0.0906374529004097,0.003701480571180582
YMR270C,YHR196W,1,2.2879312,0.713178277015686,0.09163346886634827,0.003701480571180582
YJL025W,YKL078W,1,2.2878454,0.7153846025466919,0.09262948483228683,0.003701480571180582
YDR156W,YHR196W,1,2.2866855,0.7175572514533997,0.0936255007982254,0.003701480571180582
YGR128C,YBL014C,1,2.2843115,0.7196969985961914,0.09462151676416397,0.003701480571180582
YMR138W,YHR069C,0,2.2815225,0.7142857313156128,0.09462151676416397,0.0038015206810086966
YMR263W,YFL023W,1,2.2794585,0.7164179086685181,0.09561753273010254,0.0038015206810086966
YJL148W,YMR263W,1,2.2730458,0.7185184955596924,0.09661354869604111,0.0038015206810086966
YGR246C,YPL266W,0,2.2644823,0.7132353186607361,0.09661354869604111,0.0039015605580061674
YOL145C,YER148W,1,2.2567327,0.7153284549713135,0.09760956466197968,0.0039015605580061674
YJR063W,YKL125W,1,2.2507584,0.717391312122345,0.09860558062791824,0.0039015605580061674
YDR398W,YPL126W,1,2.2472084,0.7194244861602783,0.09960159659385681,0.0039015605580061674
YGR128C,YMR263W,1,2.245816,0.7214285731315613,0.10059761255979538,0.0039015605580061674
YDR156W,YDR398W,1,2.24224,0.7234042286872864,0.10159362852573395,0.0039015605580061674
YJL148W,YBR279W,1,2.2336285,0.7253521084785461,0.10258964449167252,0.0039015605580061674
YPR112C,YJL179W,0,2.2309134,0.7202796936035156,0.10258964449167252,0.004001600667834282
YJL148W,YML010W,1,2.229255,0.7222222089767456,0.10358566045761108,0.004001600667834282
YBR245C,YLL035W,1,2.226967,0.7241379022598267,0.10458167642354965,0.004001600667834282
YBR154C,YJL109C,1,2.2233045,0.7260273694992065,0.10557769238948822,0.004001600667834282
YGR128C,YDL108W,1,2.2208006,0.7278911471366882,0.10657370835542679,0.004001600667834282
YOL145C,YOR119C,1,2.2180645,0.7297297120094299,0.10756972432136536,0.004001600667834282
YKL139W,YNL248C,1,2.2045238,0.7315436005592346,0.10856574028730392,0.004001600667834282
YNL113W,YIL149C,0,2.203143,0.7266666889190674,0.10856574028730392,0.004101640544831753
YGR128C,YGL244W,1,2.2023115,0.7284768223762512,0.10956175625324249,0.004101640544831753
YJL025W,YJR063W,1,2.1931932,0.7302631735801697,0.11055777221918106,0.004101640544831753
YJL025W,YNL248C,1,2.19048,0.7320261597633362,0.11155378818511963,0.004101640544831753
YHR065C,YKR028W,0,2.1866324,0.7272727489471436,0.11155378818511963,0.004201680887490511
YKL078W,YFR028C,1,2.185022,0.7290322780609131,0.1125498041510582,0.004201680887490511
YGR128C,YML010W,1,2.1826184,0.7307692170143127,0.11354582011699677,0.004201680887490511
YKL078W,YOR210W,1,2.1743107,0.7324841022491455,0.11454183608293533,0.004201680887490511
YPL254W,YGR145W,0,2.1703455,0.7278481125831604,0.11454183608293533,0.004301720764487982
YMR093W,YJL025W,1,2.1702397,0.7295597195625305,0.1155378520488739,0.004301720764487982
YGR128C,YNL248C,1,2.1624548,0.731249988079071,0.11653386801481247,0.004301720764487982
YNL227C,YJR068W,0,2.16102,0.7267080545425415,0.11653386801481247,0.004401760641485453
YBR245C,YHR196W,1,2.1557357,0.7283950448036194,0.11752988398075104,0.004401760641485453
YJR063W,YFR028C,1,2.1528094,0.7300613522529602,0.1185258999466896,0.004401760641485453
YML043C,YMR270C,1,2.1470406,0.7317073345184326,0.11952191591262817,0.004401760641485453
YHR196W,YBR279W,1,2.142498,0.7333333492279053,0.12051793187856674,0.004401760641485453
YOR340C,YBR245C,1,2.1404457,0.7349397540092468,0.12151394784450531,0.004401760641485453
YPR187W,YJL006C,1,2.1345727,0.7365269660949707,0.12250996381044388,0.004401760641485453
YKL099C,YMR269W,0,2.1285565,0.7321428656578064,0.12250996381044388,0.0045018005184829235
YDR398W,YJL025W,1,2.115661,0.7337278127670288,0.12350597977638245,0.0045018005184829235
YMR263W,YPR110C,1,2.112557,0.7352941036224365,0.12450199574232101,0.0045018005184829235
YNL061W,YBL052C,0,2.1113684,0.7309941649436951,0.12450199574232101,0.004601840861141682
YIL035C,YPL126W,1,2.1102283,0.7325581312179565,0.12549801170825958,0.004601840861141682
YMR093W,YNL113W,1,2.1091557,0.7341040372848511,0.12649402022361755,0.004601840861141682
YOR123C,YNL113W,1,2.1057777,0.7356321811676025,0.12749004364013672,0.004601840861141682
YOR340C,YER164W,1,2.1008801,0.7371428608894348,0.1284860521554947,0.004601840861141682
YLR405W,YGL120C,0,2.0950055,0.7329545617103577,0.1284860521554947,0.0047018807381391525
YGR128C,YMR233W,1,2.0949416,0.7344632744789124,0.12948207557201385,0.0047018807381391525
YKL139W,YJL109C,1,2.0885482,0.7359550595283508,0.13047808408737183,0.0047018807381391525
YGR128C,YER164W,1,2.0763006,0.7374301552772522,0.131474107503891,0.0047018807381391525
YDR398W,YOR123C,1,2.070783,0.7388888597488403,0.13247011601924896,0.0047018807381391525
YOR061W,YMR093W,1,2.0699122,0.7403314709663391,0.13346613943576813,0.0047018807381391525
YHR143W-A,YKL078W,1,2.0603554,0.7417582273483276,0.1344621479511261,0.0047018807381391525
YJL148W,YHR196W,1,2.0531433,0.7431694269180298,0.13545817136764526,0.0047018807381391525
YBL014C,YNL248C,1,2.0486398,0.7445651888847351,0.13645417988300323,0.0047018807381391525
YJL025W,YER148W,1,2.0439506,0.745945930480957,0.1374502032995224,0.0047018807381391525
YGR128C,YOR039W,1,2.0391922,0.7473118305206299,0.13844621181488037,0.0047018807381391525
YML043C,YDR324C,1,2.0330977,0.7486631274223328,0.13944223523139954,0.0047018807381391525
YPR110C,YJL006C,1,2.0329978,0.75,0.1404382437467575,0.0047018807381391525
YHR196W,YJL109C,1,2.0317912,0.7513227462768555,0.14143426716327667,0.0047018807381391525
YGR128C,YJL148W,1,2.0301518,0.7526316046714783,0.14243027567863464,0.0047018807381391525
YOR206W,YDR145W,0,2.0247505,0.7486910820007324,0.14243027567863464,0.004801920615136623
YKL139W,YOR210W,1,2.0211866,0.75,0.1434262990951538,0.004801920615136623
YJR063W,YJL148W,1,2.0104222,0.7512953281402588,0.14442230761051178,0.004801920615136623
YER025W,YOL135C,0,2.0088708,0.7474226951599121,0.14442230761051178,0.0049019609577953815
YLR026C,YGR211W,0,2.0088005,0.7435897588729858,0.14442230761051178,0.005002000834792852
YGR128C,YOR123C,1,2.0069525,0.7448979616165161,0.14541833102703094,0.005002000834792852
YJL122W,YIL110W,0,2.005996,0.7411167621612549,0.14541833102703094,0.005102040711790323
YMR093W,YOR295W,1,2.0054357,0.7424242496490479,0.14641433954238892,0.005102040711790323
YPL086C,YDL014W,0,1.9993619,0.7386934757232666,0.14641433954238892,0.005202081054449081
YJR031C,YOR078W,0,1.9854516,0.7350000143051147,0.14641433954238892,0.005302120931446552
YNL248C,YNL113W,1,1.9850675,0.7363184094429016,0.14741036295890808,0.005302120931446552
YMR093W,YJL148W,1,1.9825398,0.7376237511634827,0.14840637147426605,0.005302120931446552
YHR148W,YAL003W,0,1.9809066,0.7339901328086853,0.14840637147426605,0.005402160808444023
YML010W,YLL035W,1,1.9802192,0.7352941036224365,0.14940239489078522,0.005402160808444023
YGR128C,YJR063W,1,1.9769427,0.7365853786468506,0.1503984034061432,0.005402160808444023
YMR270C,YPL126W,1,1.9744014,0.737864077091217,0.15139442682266235,0.005402160808444023
YJL006C,YJL109C,1,1.973894,0.739130437374115,0.15239043533802032,0.005402160808444023
YER148W,YDL108W,1,1.973698,0.7403846383094788,0.1533864587545395,0.005402160808444023
YOR210W,YML010W,1,1.965605,0.7416267991065979,0.15438246726989746,0.005402160808444023
YNL182C,YLR292C,0,1.9639452,0.738095223903656,0.15438246726989746,0.005502200685441494
YMR131C,YER122C,0,1.9530874,0.7345971465110779,0.15438246726989746,0.005602241028100252
YBR154C,YER164W,1,1.9492697,0.7358490824699402,0.15537849068641663,0.005602241028100252
YJL025W,YDR324C,1,1.9391454,0.737089216709137,0.1563744992017746,0.005602241028100252
YDR174W,YHR196W,1,1.9344088,0.7383177280426025,0.15737052261829376,0.005602241028100252
YDR398W,YPR110C,1,1.9331563,0.739534854888916,0.15836653113365173,0.005602241028100252
YPL126W,YER164W,1,1.9307073,0.7407407164573669,0.1593625545501709,0.005602241028100252
YML010W,YHR196W,1,1.9304489,0.7419354915618896,0.16035856306552887,0.005602241028100252
YMR093W,YNL248C,1,1.9228648,0.7431192398071289,0.16135458648204803,0.005602241028100252
YOR210W,YHR196W,1,1.9196343,0.7442922592163086,0.162350594997406,0.005602241028100252
YDR398W,YBL025W,1,1.9173349,0.7454545497894287,0.16334661841392517,0.005602241028100252
YMR093W,YMR233W,1,1.9164367,0.7466063499450684,0.16434262692928314,0.005602241028100252
YHR143W-A,YKL125W,1,1.9134575,0.7477477192878723,0.1653386503458023,0.005602241028100252
YDL225W,YHR069C,0,1.9122921,0.7443946003913879,0.1653386503458023,0.005702280905097723
YOR061W,YPL126W,1,1.9080756,0.7455357313156128,0.16633465886116028,0.005702280905097723
YJL148W,YBR245C,1,1.9062474,0.746666669845581,0.16733068227767944,0.005702280905097723
YDR267C,YDL014W,0,1.9060903,0.7433628439903259,0.16733068227767944,0.005802320782095194
YOR341W,YMR270C,1,1.9056067,0.7444933652877808,0.16832669079303741,0.005802320782095194
YLR055C,YHR062C,0,1.9015939,0.7412280440330505,0.16832669079303741,0.005902361124753952
YKL078W,YPL082C,1,1.8965468,0.7423580884933472,0.16932271420955658,0.005902361124753952
YPR010C,YKL078W,1,1.8853554,0.7434782385826111,0.17031872272491455,0.005902361124753952
YGR128C,YHR205W,1,1.8832127,0.7445887327194214,0.17131474614143372,0.005902361124753952
YKL078W,YML043C,1,1.8777192,0.7456896305084229,0.1723107546567917,0.005902361124753952
YOR123C,YLL035W,1,1.8766454,0.7467811107635498,0.17330677807331085,0.005902361124753952
YKL042W,YDL060W,0,1.8763086,0.7435897588729858,0.17330677807331085,0.006002401001751423
YJL148W,YOR039W,1,1.8751966,0.7446808218955994,0.17430278658866882,0.006002401001751423
YJL148W,YOR119C,1,1.8708515,0.7457627058029175,0.175298810005188,0.006002401001751423
YDR398W,YER164W,1,1.8673662,0.746835470199585,0.17629481852054596,0.006002401001751423
YDR267C,YGR145W,0,1.8656638,0.743697464466095,0.17629481852054596,0.006102440878748894
YGL043W,YMR233W,1,1.8652672,0.7447698712348938,0.17729084193706512,0.006102440878748894
YKL078W,YOR341W,1,1.8606175,0.7458333373069763,0.1782868504524231,0.006102440878748894
YBR130C,YBR257W,0,1.8593069,0.7427386045455933,0.1782868504524231,0.006202481221407652
YLR409C,YOR075W,0,1.8548541,0.7396694421768188,0.1782868504524231,0.006302521098405123
YNL248C,YKL125W,1,1.8511126,0.7407407164573669,0.17928287386894226,0.006302521098405123
YOR340C,YOR341W,1,1.8482405,0.7418032884597778,0.18027888238430023,0.006302521098405123
YHR196W,YJL006C,1,1.8477241,0.7428571581840515,0.1812749058008194,0.006302521098405123
YOR340C,YDR156W,1,1.8471277,0.7439024448394775,0.18227091431617737,0.006302521098405123
YNL113W,YJL109C,1,1.8448423,0.7449392676353455,0.18326693773269653,0.006302521098405123
YOR340C,YFR028C,1,1.8434749,0.7459677457809448,0.1842629462480545,0.006302521098405123
YPR187W,YKL125W,1,1.8428255,0.7469879388809204,0.18525896966457367,0.006302521098405123
YOR061W,YNL248C,1,1.8418895,0.7480000257492065,0.18625497817993164,0.006302521098405123
YOR061W,YNL113W,1,1.8408226,0.7490040063858032,0.1872510015964508,0.006302521098405123
YPR187W,YOR119C,1,1.8323561,0.75,0.18824701011180878,0.006302521098405123
YKL125W,YLL035W,1,1.8304662,0.7509881258010864,0.18924303352832794,0.006302521098405123
YDR156W,YNL248C,1,1.8299912,0.751968502998352,0.1902390420436859,0.006302521098405123
YER126C,YPL174C,0,1.8298032,0.7490196228027344,0.1902390420436859,0.006402560975402594
YGR285C,YLR223C,0,1.8273524,0.74609375,0.1902390420436859,0.0065026008524000645
YMR263W,YML043C,1,1.8236573,0.7470816969871521,0.19123506546020508,0.0065026008524000645
YOR026W,YLR409C,0,1.8230275,0.7441860437393188,0.19123506546020508,0.006602641195058823
YBL076C,YKL143W,0,1.8206187,0.7413127422332764,0.19123506546020508,0.0067026810720562935
YDR398W,YLR418C,1,1.8192087,0.7423076629638672,0.19223107397556305,0.0067026810720562935
YPR187W,YGL244W,1,1.8150114,0.7432950139045715,0.19322709739208221,0.0067026810720562935
YLR449W,YHR186C,0,1.8117563,0.7404580116271973,0.19322709739208221,0.006802720949053764
YKL078W,YER164W,1,1.8088621,0.7414448857307434,0.19422310590744019,0.006802720949053764
YBR154C,YPL082C,1,1.8080691,0.7424242496490479,0.19521912932395935,0.006802720949053764
YDR398W,YOR119C,1,1.807402,0.7433962225914001,0.19621513783931732,0.006802720949053764
YDR156W,YFL023W,1,1.8017516,0.7443609237670898,0.1972111612558365,0.006802720949053764
YDL005C,YMR131C,0,1.8003016,0.7415730357170105,0.1972111612558365,0.0069027612917125225
YOR341W,YDR324C,1,1.7976177,0.7425373196601868,0.19820716977119446,0.0069027612917125225
YMR138W,YDR060W,0,1.793106,0.7397769689559937,0.19820716977119446,0.007002801168709993
YNL182C,YOL028C,0,1.7926546,0.7370370626449585,0.19820716977119446,0.007102841045707464
YMR093W,YPL139C,1,1.7904156,0.7380073666572571,0.19920319318771362,0.007102841045707464
YFR028C,YJL006C,1,1.7865236,0.7389705777168274,0.2001992017030716,0.007102841045707464
YHR148W,YPR070W,0,1.7850617,0.7362637519836426,0.2001992017030716,0.007202880922704935
YNL152W,YDL060W,0,1.7789073,0.7335766553878784,0.2001992017030716,0.007302921265363693
YMR093W,YKL125W,1,1.772997,0.7345454692840576,0.20119522511959076,0.007302921265363693
YGR128C,YBR049C,1,1.7715074,0.7355072498321533,0.20219123363494873,0.007302921265363693
YDR398W,YML043C,1,1.7655516,0.7364621162414551,0.2031872570514679,0.007302921265363693
YOL142W,YPL093W,0,1.7633729,0.7338129281997681,0.2031872570514679,0.007402961142361164
YBR154C,YJL148W,1,1.7626712,0.7347670197486877,0.20418326556682587,0.007402961142361164
YLR384C,YOL010W,0,1.7620215,0.7321428656578064,0.20418326556682587,0.007503001019358635
YOR061W,YOR340C,1,1.7579964,0.7330960631370544,0.20517928898334503,0.007503001019358635
YOL145C,YOR210W,1,1.7573526,0.7340425252914429,0.206175297498703,0.007503001019358635
YBL025W,YJL148W,1,1.7572998,0.7349823117256165,0.20717132091522217,0.007503001019358635
YNL061W,YMR240C,0,1.7568113,0.7323943376541138,0.20717132091522217,0.007603041362017393
YPL139C,YDR324C,1,1.7532767,0.7333333492279053,0.20816732943058014,0.007603041362017393
YDR138W,YDR324C,1,1.7526726,0.7342657446861267,0.2091633528470993,0.007603041362017393
YBR154C,YIL035C,1,1.7499924,0.7351916432380676,0.21015936136245728,0.007603041362017393
YMR270C,YLL035W,1,1.7465867,0.7361111044883728,0.21115538477897644,0.007603041362017393
YOR340C,YLL035W,1,1.7444795,0.7370242476463318,0.2121513932943344,0.007603041362017393
YOR340C,YML112W,1,1.7437903,0.7379310131072998,0.21314741671085358,0.007603041362017393
YGL112C,YJL148W,0,1.7437367,0.7353951930999756,0.21314741671085358,0.007703081239014864
YFL023W,YGL244W,1,1.7430117,0.7363013625144958,0.21414342522621155,0.007703081239014864
YOR210W,YGL244W,1,1.7396435,0.7372013926506042,0.2151394486427307,0.007703081239014864
YPL030W,YDR312W,0,1.7383319,0.7346938848495483,0.2151394486427307,0.007803121116012335
YBR049C,YNL113W,1,1.7381394,0.7355931997299194,0.21613545715808868,0.007803121116012335
YMR213W,YHR062C,0,1.7317909,0.7331081032752991,0.21613545715808868,0.007903161458671093
YPL139C,YHR196W,1,1.7293308,0.7340067625045776,0.21713148057460785,0.007903161458671093
YOR123C,YMR233W,1,1.7274454,0.7348993420600891,0.21812748908996582,0.007903161458671093
YOR061W,YOR210W,1,1.7214597,0.735785961151123,0.21912351250648499,0.007903161458671093
YDR398W,YFR028C,1,1.7154689,0.7366666793823242,0.22011952102184296,0.007903161458671093
YFR028C,YHR062C,0,1.7075441,0.7342192530632019,0.22011952102184296,0.008003201335668564
YDR398W,YBR279W,1,1.7074984,0.7350993156433105,0.22111554443836212,0.008003201335668564
YKR060W,YDR060W,0,1.6941768,0.7326732873916626,0.22111554443836212,0.008103241212666035
YPL082C,YHR196W,1,1.6937224,0.7335526347160339,0.2221115529537201,0.008103241212666035
YER148W,YOR123C,1,1.6922295,0.7344262003898621,0.22310757637023926,0.008103241212666035
YIL027C,YHR170W,0,1.6903075,0.7320261597633362,0.22310757637023926,0.008203281089663506
YHR148W,YHR166C,0,1.6899706,0.7296416759490967,0.22310757637023926,0.008303320966660976
YOR341W,YPL126W,1,1.683823,0.7305194735527039,0.22410358488559723,0.008303320966660976
YPL063W,YDL060W,0,1.6812462,0.7281553149223328,0.22410358488559723,0.008403361774981022
YOR243C,YER161C,0,1.6758015,0.725806474685669,0.22410358488559723,0.008503401651978493
YOR243C,YEL021W,0,1.6715587,0.7234726548194885,0.22410358488559723,0.008603441528975964
YMR233W,YDR324C,1,1.6675445,0.7243589758872986,0.2250996083021164,0.008603441528975964
YGL120C,YAL011W,0,1.659422,0.7220447063446045,0.2250996083021164,0.008703481405973434
YML043C,YFR028C,1,1.6565398,0.7229299545288086,0.22609561681747437,0.008703481405973434
YPR010C,YHR196W,1,1.6561147,0.723809540271759,0.22709164023399353,0.008703481405973434
YML112W,YNL113W,1,1.6529169,0.7246835231781006,0.2280876487493515,0.008703481405973434
YHR143W-A,YDR138W,1,1.6518441,0.7255520224571228,0.22908367216587067,0.008703481405973434
YBL014C,YGL120C,0,1.6515317,0.7232704162597656,0.22908367216587067,0.008803521282970905
YDR496C,YDR103W,0,1.6413037,0.7210031151771545,0.22908367216587067,0.008903561159968376
YMR263W,YOR119C,1,1.6384917,0.721875011920929,0.23007968068122864,0.008903561159968376
YIL110W,YPR189W,0,1.6276253,0.7196261882781982,0.23007968068122864,0.009003601036965847
YOL145C,YFR028C,1,1.6269008,0.7204968929290771,0.2310757040977478,0.009003601036965847
YDR439W,YIL104C,0,1.6249332,0.7182662487030029,0.2310757040977478,0.009103641845285892
YBL025W,YBL014C,1,1.6247067,0.7191358208656311,0.23207171261310577,0.009103641845285892
YOL068C,YMR269W,0,1.6225507,0.7169230580329895,0.23207171261310577,0.009203681722283363
YJL087C,YDL014W,0,1.6211174,0.7147239446640015,0.23207171261310577,0.009303721599280834
YOR095C,YOR310C,0,1.6207142,0.7125382423400879,0.23207171261310577,0.009403761476278305
YLR405W,YOL145C,0,1.6149424,0.7103658318519592,0.23207171261310577,0.009503801353275776
YLL035W,YPL112C,0,1.6110014,0.7082067131996155,0.23207171261310577,0.009603841230273247
YGL019W,YLL035W,1,1.6104139,0.7090908885002136,0.23306773602962494,0.009603841230273247
YDR398W,YLL035W,1,1.6078724,0.7099697589874268,0.2340637445449829,0.009603841230273247
YJL148W,YLL035W,1,1.6033608,0.7108433842658997,0.23505976796150208,0.009603841230273247
YPL030W,YJR068W,0,1.6028093,0.7087087035179138,0.23505976796150208,0.009703881107270718
YPR110C,YML043C,1,1.6016651,0.7095808386802673,0.23605577647686005,0.009703881107270718
YOR039W,YKL078W,1,1.6010839,0.7104477882385254,0.2370517998933792,0.009703881107270718
YOR061W,YOR341W,1,1.5999379,0.711309552192688,0.23804780840873718,0.009703881107270718
YGL110C,YGR145W,0,1.5972217,0.7091988325119019,0.23804780840873718,0.009803921915590763
YBL025W,YHR196W,1,1.5939354,0.7100591659545898,0.23904383182525635,0.009803921915590763
YEL003W,YGR152C,0,1.5937628,0.7079645991325378,0.23904383182525635,0.009903961792588234
YMR131C,YBR153W,0,1.5842323,0.7058823704719543,0.23904383182525635,0.010004001669585705
YLR200W,YPL122C,0,1.5748829,0.703812301158905,0.23904383182525635,0.010104041546583176
YKL125W,YFL023W,1,1.571502,0.7046783566474915,0.24003984034061432,0.010104041546583176
YFR028C,YHR196W,1,1.570843,0.705539345741272,0.24103586375713348,0.010104041546583176
YBL025W,YKL078W,1,1.5690292,0.7063953280448914,0.24203187227249146,0.010104041546583176
YER148W,YML112W,1,1.5651485,0.7072463631629944,0.24302789568901062,0.010104041546583176
YOR115C,YOR078W,0,1.5589448,0.7052023410797119,0.24302789568901062,0.010204081423580647
YIR012W,YOL135C,0,1.5501837,0.7031700015068054,0.24302789568901062,0.010304121300578117
YGR128C,YBR245C,1,1.5498325,0.704023003578186,0.2440239042043686,0.010304121300578117
YLR075W,YDR416W,0,1.5489153,0.7020057439804077,0.2440239042043686,0.010404162108898163
YCL011C,YOR078W,0,1.5478457,0.699999988079071,0.2440239042043686,0.010504201985895634
YOL145C,YMR270C,1,1.5398792,0.7008547186851501,0.24501992762088776,0.010504201985895634
YLR200W,YPL112C,0,1.5381469,0.6988636255264282,0.24501992762088776,0.010604241862893105
YBR154C,YBR279W,1,1.5371437,0.6997166872024536,0.24601593613624573,0.010604241862893105
YMR270C,YFR028C,1,1.5359176,0.700564980506897,0.2470119595527649,0.010604241862893105
YPR187W,YNL113W,1,1.5311106,0.7014084458351135,0.24800796806812286,0.010604241862893105
YOR224C,YJL025W,1,1.5304044,0.7022472023963928,0.24900399148464203,0.010604241862893105
YFL002C,YGL092W,0,1.529364,0.7002801299095154,0.24900399148464203,0.010704281739890575
YML098W,YPL266W,0,1.5235429,0.6983240246772766,0.24900399148464203,0.010804321616888046
YOR210W,YJL006C,1,1.5195659,0.6991643309593201,0.25,0.010804321616888046
YNL248C,YJL006C,1,1.5143322,0.699999988079071,0.25099602341651917,0.010804321616888046
YMR263W,YNL113W,1,1.5126274,0.7008309960365295,0.25199201703071594,0.010804321616888046
YPR110C,YDR324C,1,1.5110751,0.7016574740409851,0.2529880404472351,0.010804321616888046
YML063W,YLR129W,0,1.4847183,0.6997244954109192,0.2529880404472351,0.010904361493885517
YHR143W-A,YOR123C,1,1.4834565,0.7005494236946106,0.2539840638637543,0.010904361493885517
YLR242C,YGR063C,0,1.482744,0.698630154132843,0.2539840638637543,0.011004401370882988
YDR308C,YDR145W,0,1.4825963,0.6967213153839111,0.2539840638637543,0.011104442179203033
YER148W,YFR028C,1,1.4790665,0.6975476741790771,0.25498008728027344,0.011104442179203033
YKR094C,YFR028C,0,1.477534,0.695652186870575,0.25498008728027344,0.011204482056200504
YKL006C-A,YBR084W,0,1.4741757,0.6937669515609741,0.25498008728027344,0.011304521933197975
YMR093W,YLL035W,1,1.4733678,0.6945946216583252,0.2559760808944702,0.011304521933197975
YKL041W,YDL153C,0,1.4640845,0.6927223801612854,0.2559760808944702,0.011404561810195446
YML043C,YFL023W,1,1.4618741,0.6935483813285828,0.2569721043109894,0.011404561810195446
YER147C,YCL054W,0,1.458589,0.6916890144348145,0.2569721043109894,0.011504601687192917
YPR110C,YOR123C,1,1.4492134,0.6925133466720581,0.25796812772750854,0.011504601687192917
YKR060W,YER161C,0,1.4455867,0.690666675567627,0.25796812772750854,0.011604641564190388
YJL207C,YKL143W,0,1.4378486,0.688829779624939,0.25796812772750854,0.011704681441187859
YJL145W,YFR028C,0,1.4377375,0.6870026588439941,0.25796812772750854,0.011804722249507904
YPR132W,YHR069C,0,1.4362024,0.6851851940155029,0.25796812772750854,0.011904762126505375
YML043C,YJL109C,1,1.4348826,0.6860158443450928,0.2589641511440277,0.011904762126505375
YOR340C,YOR295W,1,1.433469,0.6868420839309692,0.2599601447582245,0.011904762126505375
YMR093W,YDR174W,1,1.4326068,0.6876640319824219,0.26095616817474365,0.011904762126505375
YOR341W,YOR119C,1,1.4313611,0.6884816884994507,0.2619521915912628,0.011904762126505375
YJL025W,YML043C,1,1.4311751,0.6892950534820557,0.262948215007782,0.011904762126505375
YMR093W,YDR138W,1,1.4295791,0.6901041865348816,0.26394420862197876,0.011904762126505375
YLR405W,YPR018W,0,1.4278704,0.6883116960525513,0.26394420862197876,0.012004802003502846
YLR384C,YJR068W,0,1.4266589,0.6865285038948059,0.26394420862197876,0.012104841880500317
YGR128C,YOR295W,1,1.4217579,0.6873385310173035,0.2649402320384979,0.012104841880500317
YMR093W,YER164W,1,1.4202971,0.688144326210022,0.2659362554550171,0.012104841880500317
YNL227C,YBR104W,0,1.414806,0.6863753199577332,0.2659362554550171,0.012204881757497787
YBL004W,YER129W,0,1.414574,0.6846153736114502,0.2659362554550171,0.012304921634495258
YLR316C,YLR448W,0,1.414054,0.6828644275665283,0.2659362554550171,0.012404962442815304
YOR341W,YML043C,1,1.4113941,0.6836734414100647,0.26693227887153625,0.012404962442815304
YBR245C,YOR341W,1,1.4090316,0.6844783425331116,0.26792827248573303,0.012404962442815304
YPR110C,YDL108W,1,1.4050007,0.6852791905403137,0.2689242959022522,0.012404962442815304
YHR062C,YCL011C,0,1.3929713,0.6835442781448364,0.2689242959022522,0.012505002319812775
YHR143W-A,YKL139W,1,1.3831731,0.6843434572219849,0.26992031931877136,0.012505002319812775
YDR324C,YJL109C,1,1.382033,0.6851385235786438,0.2709163427352905,0.012505002319812775
YOR061W,YJR063W,1,1.3818095,0.6859296560287476,0.2719123363494873,0.012505002319812775
YML043C,YKL125W,1,1.380505,0.6867167949676514,0.27290835976600647,0.012505002319812775
YNL054W,YKL143W,0,1.3702732,0.6850000023841858,0.27290835976600647,0.012605042196810246
YBL004W,YDR184C,0,1.3674877,0.6832917928695679,0.27290835976600647,0.012705082073807716
YHR134W,YHL025W,0,1.3657786,0.6815920472145081,0.27290835976600647,0.012805121950805187
YPL139C,YNL248C,1,1.3639537,0.6823821067810059,0.27390438318252563,0.012805121950805187
YOR341W,YDL108W,1,1.3633885,0.6831682920455933,0.2749004065990448,0.012805121950805187
YDR156W,YOR119C,1,1.3624958,0.6839506030082703,0.2758964002132416,0.012805121950805187
YIL035C,YPR187W,1,1.3611981,0.6847290396690369,0.27689242362976074,0.012805121950805187
YDR087C,YDR482C,0,1.3561927,0.6830466985702515,0.27689242362976074,0.012905161827802658
YER148W,YGL244W,1,1.3553295,0.6838235259056091,0.2778884470462799,0.012905161827802658
YMR233W,YJL109C,1,1.3481103,0.684596598148346,0.2788844704627991,0.012905161827802658
YBR257W,YCL011C,0,1.3480192,0.6829268336296082,0.2788844704627991,0.013005201704800129
YPR144C,YOL010W,0,1.3473936,0.6812652349472046,0.2788844704627991,0.013105242513120174
YPR010C,YMR093W,1,1.34066,0.6820388436317444,0.27988046407699585,0.013105242513120174
YPL082C,YNL113W,1,1.3308547,0.6828086972236633,0.280876487493515,0.013105242513120174
YDR138W,YHR196W,1,1.3285857,0.6835748553276062,0.2818725109100342,0.013105242513120174
YMR263W,YOR341W,1,1.326023,0.6843373775482178,0.28286853432655334,0.013105242513120174
YMR294W,YLR448W,0,1.324833,0.682692289352417,0.28286853432655334,0.013205282390117645
YGL043W,YFR028C,1,1.3227623,0.6834532618522644,0.2838645279407501,0.013205282390117645
YGL043W,YLL035W,1,1.3216797,0.6842105388641357,0.2848605513572693,0.013205282390117645
YGR128C,YLR418C,1,1.3182702,0.6849641799926758,0.28585657477378845,0.013205282390117645
YPR010C,YDR324C,1,1.3169816,0.6857143044471741,0.2868525981903076,0.013205282390117645
YGR105W,YMR269W,0,1.3165025,0.684085488319397,0.2868525981903076,0.013305322267115116
YDL184C,YKL143W,0,1.3157339,0.6824644804000854,0.2868525981903076,0.013405362144112587
YBR123C,YNL061W,0,1.3148198,0.6808510422706604,0.2868525981903076,0.013505402021110058
YPL128C,YDR060W,0,1.3138578,0.6792452931404114,0.2868525981903076,0.013605441898107529
YBL014C,YPL126W,1,1.3129282,0.6800000071525574,0.2878485918045044,0.013605441898107529
YML062C,YCL054W,0,1.3121285,0.6784037351608276,0.2878485918045044,0.013705481775105
YPR110C,YJL109C,1,1.3023118,0.6791568994522095,0.28884461522102356,0.013705481775105
YLR405W,YDR416W,0,1.3021833,0.677570104598999,0.28884461522102356,0.013805522583425045
YPR010C,YBR154C,1,1.3001139,0.6783216595649719,0.2898406386375427,0.013805522583425045
YOR340C,YDR174W,1,1.2937608,0.6790697574615479,0.2908366620540619,0.013805522583425045
YGR128C,YDR324C,1,1.2924784,0.6798143982887268,0.29183265566825867,0.013805522583425045
YHR062C,YCL054W,0,1.2923615,0.6782407164573669,0.29183265566825867,0.013905562460422516
YOR224C,YDL108W,1,1.2913874,0.6789838075637817,0.29282867908477783,0.013905562460422516
YMR283C,YEL015W,0,1.2910718,0.6774193644523621,0.29282867908477783,0.014005602337419987
YMR213W,YLR200W,0,1.2829791,0.6758620738983154,0.29282867908477783,0.014105642214417458
YGL169W,YJL179W,0,1.280717,0.6743119359016418,0.29282867908477783,0.014205682091414928
YER117W,YHR031C,0,1.2767652,0.6727688908576965,0.29282867908477783,0.0143057219684124
YDR156W,YKL078W,1,1.2763907,0.6735159754753113,0.293824702501297,0.0143057219684124
YBR154C,YML112W,1,1.2706735,0.6742596626281738,0.29482072591781616,0.0143057219684124
YBL025W,YPR110C,1,1.2674779,0.675000011920929,0.29581671953201294,0.0143057219684124
YBR154C,YER148W,1,1.2642707,0.6757369637489319,0.2968127429485321,0.0143057219684124
YHR143W-A,YGL244W,1,1.2637868,0.6764705777168274,0.29780876636505127,0.0143057219684124
YGR145W,YBR058C,0,1.2597317,0.6749435663223267,0.29780876636505127,0.01440576184540987
YBL014C,YKL139W,1,1.2582752,0.6756756901741028,0.29880478978157043,0.01440576184540987
YJL025W,YJL109C,1,1.2579455,0.6764044761657715,0.2998007833957672,0.01440576184540987
YGL119W,YMR269W,0,1.2522601,0.6748878955841064,0.2998007833957672,0.014505802653729916
YGR200C,YMR059W,0,1.2504182,0.673378050327301,0.2998007833957672,0.014605842530727386
YBR195C,YMR131C,0,1.249447,0.671875,0.2998007833957672,0.014705882407724857
YLL022C,YLR397C,0,1.2473745,0.6703786253929138,0.2998007833957672,0.014805922284722328
YJL148W,YPL082C,1,1.2392238,0.6711111068725586,0.3007968068122864,0.014805922284722328
YJL025W,YOR119C,1,1.2389691,0.6718403697013855,0.30179283022880554,0.014805922284722328
YDR037W,YLR129W,0,1.2387707,0.6703540086746216,0.30179283022880554,0.014905962161719799
YOR061W,YKL125W,1,1.2352102,0.6710816621780396,0.3027888536453247,0.014905962161719799
YOL145C,YOR295W,1,1.2348579,0.6718061566352844,0.3037848472595215,0.014905962161719799
YER151C,YNL152W,0,1.2345026,0.6703296899795532,0.3037848472595215,0.01500600203871727
YML010W,YOR119C,1,1.2339795,0.6710526347160339,0.30478087067604065,0.01500600203871727
YDR398W,YER148W,1,1.2337538,0.6717724204063416,0.3057768940925598,0.01500600203871727
YPR110C,YML010W,1,1.2329861,0.6724891066551208,0.306772917509079,0.01500600203871727
YPR132W,YBL009W,0,1.2291894,0.671023964881897,0.306772917509079,0.015106042847037315
YLR418C,YOR119C,1,1.228701,0.6717391014099121,0.30776891112327576,0.015106042847037315
YBR189W,YFR031C-A,0,1.2281798,0.6702820062637329,0.30776891112327576,0.015206082724034786
YHR085W,YMR217W,0,1.2258338,0.6688311696052551,0.30776891112327576,0.015306122601032257
YGR128C,YBL025W,1,1.2237757,0.6695464253425598,0.3087649345397949,0.015306122601032257
YDR156W,YOR210W,1,1.2191586,0.670258641242981,0.3097609579563141,0.015306122601032257
YER126C,YJL207C,0,1.211666,0.6688172221183777,0.3097609579563141,0.015406162478029728
YPR187W,YBR279W,1,1.2071763,0.6695278882980347,0.31075698137283325,0.015406162478029728
YBL014C,YAL003W,0,1.2053747,0.6680942177772522,0.31075698137283325,0.015506202355027199
YPL139C,YOR119C,1,1.2036939,0.6688033938407898,0.31175297498703003,0.015506202355027199
YML063W,YDR206W,0,1.2032402,0.6673774123191833,0.31175297498703003,0.01560624223202467
YNL248C,YBR279W,1,1.2015871,0.6680850982666016,0.3127489984035492,0.01560624223202467
YNL096C,YBR245C,0,1.1980311,0.6666666865348816,0.3127489984035492,0.01570628210902214
YKL125W,YPL082C,1,1.1941043,0.6673728823661804,0.31374502182006836,0.01570628210902214
YHR196W,YLL035W,1,1.1869926,0.6680760979652405,0.3147410452365875,0.01570628210902214
YHR196W,YHR205W,1,1.1834242,0.6687763929367065,0.3157370388507843,0.01570628210902214
YLR427W,YHR170W,0,1.1799331,0.6673684120178223,0.3157370388507843,0.015806322917342186
YDR351W,YDR382W,0,1.1734875,0.6659663915634155,0.3157370388507843,0.015906361863017082
YJR063W,YLL035W,1,1.1733004,0.6666666865348816,0.31673306226730347,0.015906361863017082
YJL122W,YBR104W,0,1.172214,0.6652719378471375,0.31673306226730347,0.016006402671337128
YOR061W,YBL014C,1,1.1702911,0.6659707427024841,0.31772908568382263,0.016006402671337128
YHR079C,YHR141C,0,1.1684049,0.6645833253860474,0.31772908568382263,0.016106443479657173
YMR270C,YDL111C,0,1.1669528,0.6632016897201538,0.31772908568382263,0.01620648242533207
YOR341W,YHR205W,1,1.1654279,0.6639004349708557,0.3187251091003418,0.01620648242533207
YNL139C,YDR324C,1,1.1653768,0.6645962595939636,0.3197211027145386,0.01620648242533207
YOR341W,YGL244W,1,1.1650227,0.6652892827987671,0.32071712613105774,0.01620648242533207
YPL139C,YML043C,1,1.1524872,0.6659793853759766,0.3217131495475769,0.01620648242533207
YOR206W,YBL046W,0,1.1502376,0.6646090745925903,0.3217131495475769,0.016306523233652115
YBL014C,YML010W,1,1.1428115,0.6652977466583252,0.32270917296409607,0.016306523233652115
YNL152W,YIL104C,0,1.141459,0.6639344096183777,0.32270917296409607,0.01640656217932701
YPR010C,YFL023W,1,1.138337,0.6646216511726379,0.32370516657829285,0.01640656217932701
YOR061W,YPR187W,1,1.1370345,0.6653061509132385,0.324701189994812,0.01640656217932701
YIR005W,YOR078W,0,1.1355344,0.6639510989189148,0.324701189994812,0.016506602987647057
YNL248C,YML112W,1,1.1346232,0.6646341681480408,0.3256972134113312,0.016506602987647057
YDR156W,YML043C,1,1.1334714,0.6653143763542175,0.32669323682785034,0.016506602987647057
YBL025W,YNL248C,1,1.1311146,0.6659919023513794,0.3276892304420471,0.016506602987647057
YBL004W,YLR129W,0,1.1295531,0.6646464467048645,0.3276892304420471,0.016606641933321953
YJR063W,YBR049C,1,1.1243626,0.6653226017951965,0.3286852538585663,0.016606641933321953
YHR143W-A,YDR324C,1,1.1209426,0.6659959554672241,0.32968127727508545,0.016606641933321953
YJL148W,YJL109C,1,1.1207806,0.6666666865348816,0.3306773006916046,0.016606641933321953
YHR148W,YJR043C,0,1.1189023,0.6653306484222412,0.3306773006916046,0.016706682741642
YPR112C,YKL024C,0,1.1171775,0.6639999747276306,0.3306773006916046,0.016806723549962044
YPR187W,YDR324C,1,1.1167027,0.6646706461906433,0.3316732943058014,0.016806723549962044
YER022W,YDL153C,0,1.1146367,0.6633465886116028,0.3316732943058014,0.01690676249563694
YOR123C,YMR270C,1,1.1126863,0.6640158891677856,0.33266931772232056,0.01690676249563694
YJR063W,YNL113W,1,1.104976,0.6646825671195984,0.3336653411388397,0.01690676249563694
YLR200W,YFR028C,0,1.104688,0.6633663177490234,0.3336653411388397,0.017006803303956985
YKR094C,YHR079C,0,1.1025759,0.6620553135871887,0.3336653411388397,0.01710684224963188
YOL005C,YBL054W,0,1.1024405,0.6607494950294495,0.3336653411388397,0.017206883057951927
YPL063W,YBR017C,0,1.1020027,0.6594488024711609,0.3336653411388397,0.017306922003626823
YER082C,YEL032W,0,1.101883,0.658153235912323,0.3336653411388397,0.01740696281194687
YHL025W,YOR210W,1,1.1008952,0.658823549747467,0.3346613645553589,0.01740696281194687
YMR093W,YMR028W,1,1.0997603,0.6594911813735962,0.33565735816955566,0.01740696281194687
YOL005C,YLR449W,0,1.0996329,0.658203125,0.33565735816955566,0.017507003620266914
YIL149C,YKL024C,0,1.0983673,0.6569200754165649,0.33565735816955566,0.01760704256594181
YDR398W,YJL148W,1,1.0970052,0.6575875282287598,0.33665338158607483,0.01760704256594181
YPR112C,YGL019W,0,1.0904042,0.6563106775283813,0.33665338158607483,0.017707083374261856
YOR224C,YKL078W,1,1.0847389,0.6569767594337463,0.337649405002594,0.017707083374261856
YNL139C,YPL126W,1,1.0835444,0.6576402187347412,0.33864542841911316,0.017707083374261856
YJL148W,YGL019W,1,1.0822839,0.6583011746406555,0.33964142203330994,0.017707083374261856
YOR341W,YJL006C,1,1.0813419,0.6589595079421997,0.3406374454498291,0.017707083374261856
YGL019W,YKL078W,1,1.0804509,0.6596153974533081,0.34163346886634827,0.017707083374261856
YKL166C,YLR292C,0,1.0797739,0.658349335193634,0.34163346886634827,0.017807122319936752
YBL052C,YAL033W,0,1.0778347,0.6570881009101868,0.34163346886634827,0.017907163128256798
YBL014C,YJL109C,1,1.0778081,0.6577438116073608,0.34262949228286743,0.017907163128256798
YPL126W,YLL035W,1,1.0771358,0.6583969593048096,0.3436254858970642,0.017907163128256798
YGL031C,YJL127C,0,1.0729734,0.6571428775787354,0.3436254858970642,0.018007202073931694
YLR316C,YOR335C,0,1.0719626,0.6558935642242432,0.3436254858970642,0.01810724288225174
YDR339C,YFL049W,0,1.0714409,0.6546489596366882,0.3436254858970642,0.018207283690571785
YER117W,YIL149C,0,1.0698202,0.6534090638160706,0.3436254858970642,0.01830732263624668
YBR104W,YDL153C,0,1.0661627,0.6521739363670349,0.3436254858970642,0.018407363444566727
YHR065C,YDR138W,0,1.0651932,0.650943398475647,0.3436254858970642,0.018507402390241623
YPL093W,YHL001W,0,1.0643843,0.6497175097465515,0.3436254858970642,0.01860744319856167
YOR210W,YDR324C,1,1.0638547,0.6503759622573853,0.3446215093135834,0.01860744319856167
YLR182W,YDL153C,0,1.0629822,0.6491557359695435,0.3446215093135834,0.018707482144236565
YDR398W,YNL248C,1,1.0594617,0.6498127579689026,0.34561753273010254,0.018707482144236565
YPR187W,YBL014C,1,1.0562557,0.6504672765731812,0.3466135561466217,0.018707482144236565
YJL025W,YPL082C,1,1.0560013,0.6511194109916687,0.3476095497608185,0.018707482144236565
YDL111C,YPL086C,0,1.0550493,0.6499068737030029,0.3476095497608185,0.01880752295255661
YKL139W,YML043C,1,1.0537705,0.6505576372146606,0.34860557317733765,0.01880752295255661
YLR405W,YBR245C,0,1.0506567,0.649350643157959,0.34860557317733765,0.018907563760876656
YDR496C,YLR182W,0,1.0470363,0.6481481194496155,0.34860557317733765,0.019007602706551552
YDR156W,YJL025W,1,1.04451,0.6487985253334045,0.3496015965938568,0.019007602706551552
YER148W,YJL109C,1,1.0433453,0.6494464874267578,0.350597620010376,0.019007602706551552
YHR069C,YDL102W,0,1.043048,0.6482504606246948,0.350597620010376,0.019107643514871597
YKL114C,YPR189W,0,1.0429409,0.6470588445663452,0.350597620010376,0.019207682460546494
YOR188W,YLR026C,0,1.0414969,0.6458715796470642,0.350597620010376,0.01930772326886654
YLR449W,YGL213C,0,1.0402234,0.6446886658668518,0.350597620010376,0.019407762214541435
YBL052C,YER117W,0,1.0363464,0.6435100436210632,0.350597620010376,0.01950780302286148
YJR042W,YHR040W,0,1.035936,0.6423357725143433,0.350597620010376,0.019607843831181526
YGR128C,YDR138W,1,1.0335101,0.6429872512817383,0.35159361362457275,0.019607843831181526
YKL099C,YIL127C,0,1.030945,0.6418181657791138,0.35159361362457275,0.019707882776856422
YKL006C-A,YDL153C,0,1.0304391,0.6406533718109131,0.35159361362457275,0.019807923585176468
YDR184C,YDR023W,0,1.0277696,0.6394927501678467,0.35159361362457275,0.019907962530851364
YPL082C,YFR028C,1,1.0255008,0.6401446461677551,0.3525896370410919,0.019907962530851364
YMR233W,YML112W,1,1.0249007,0.6407942175865173,0.3535856604576111,0.019907962530851364
YER117W,YGR200C,0,1.0209304,0.6396396160125732,0.3535856604576111,0.02000800333917141
YGR061C,YDR416W,0,1.0204629,0.6384891867637634,0.3535856604576111,0.020108044147491455
YER082C,YER183C,0,1.0176692,0.6373429298400879,0.3535856604576111,0.02020808309316635
YBL014C,YPR110C,1,1.0156037,0.6379928588867188,0.35458168387413025,0.02020808309316635
YBR245C,YPL082C,1,1.0142306,0.6386404037475586,0.355577677488327,0.02020808309316635
YDR447C,YGR020C,0,1.0114417,0.637499988079071,0.355577677488327,0.020308123901486397
YHR069C,YLR026C,0,1.0105834,0.6363636255264282,0.355577677488327,0.020408162847161293
YEL003W,YKL114C,0,1.0086808,0.6352313160896301,0.355577677488327,0.02050820365548134
YER148W,YPR187W,1,1.0062531,0.6358792185783386,0.3565737009048462,0.02050820365548134
YNL250W,YDR184C,0,1.0053518,0.6347517967224121,0.3565737009048462,0.020608242601156235
YPL030W,YML063W,0,1.0052541,0.6336283087730408,0.3565737009048462,0.02070828340947628
YOR276W,YPR017C,0,1.0051583,0.6325088143348694,0.3565737009048462,0.020808324217796326
YNL245C,YOL010W,0,1.0043181,0.631393313407898,0.3565737009048462,0.020908363163471222
YGR118W,YOR276W,0,1.0034835,0.6302816867828369,0.3565737009048462,0.021008403971791267
YBL046W,YDR075W,0,1.002942,0.629173994064331,0.3565737009048462,0.021108442917466164
YPR010C,YNL248C,1,0.99435383,0.6298245787620544,0.35756972432136536,0.021108442917466164
YML043C,YML112W,1,0.9938403,0.6304728388786316,0.3585657477378845,0.021108442917466164
YPL139C,YFL023W,1,0.99306804,0.631118893623352,0.3595617413520813,0.021108442917466164
YER126C,YMR273C,0,0.98986024,0.6300174593925476,0.3595617413520813,0.02120848372578621
YKR079C,YPL266W,0,0.9877253,0.6289198398590088,0.3595617413520813,0.021308522671461105
YJL148W,YBR049C,1,0.98454994,0.6295652389526367,0.36055776476860046,0.021308522671461105
YDL148C,YHR128W,0,0.97847205,0.6284722089767456,0.36055776476860046,0.02140856347978115
YPL129W,YDL184C,0,0.97824174,0.6273829936981201,0.36055776476860046,0.021508604288101196
YKL099C,YJR084W,0,0.976944,0.6262975931167603,0.36055776476860046,0.021608643233776093
YHR154W,YMR240C,0,0.9747593,0.6252158880233765,0.36055776476860046,0.021708684042096138
YOR039W,YFL023W,1,0.968289,0.6258620619773865,0.36155378818511963,0.021708684042096138
YCR063W,YMR091C,0,0.9682837,0.6247848272323608,0.36155378818511963,0.021808722987771034
YLR449W,YGR034W,0,0.9675841,0.623711347579956,0.36155378818511963,0.02190876379609108
YDR002W,YOL067C,0,0.96321684,0.6226415038108826,0.36155378818511963,0.022008802741765976
YIL035C,YNL248C,1,0.9577752,0.6232876777648926,0.3625498116016388,0.022008802741765976
YKL078W,YDR174W,1,0.9560392,0.6239316463470459,0.36354580521583557,0.022008802741765976
YIL148W,YBL054W,0,0.95259136,0.6228668689727783,0.36354580521583557,0.02210884355008602
YBL054W,YDL226C,0,0.95238394,0.6218057870864868,0.36354580521583557,0.022208884358406067
YBL076C,YNL068C,0,0.95096934,0.6207482814788818,0.36354580521583557,0.022308923304080963
YOR224C,YJR063W,1,0.9504055,0.6213921904563904,0.36454182863235474,0.022308923304080963
YKL155C,YLR129W,0,0.94833845,0.6203389763832092,0.36454182863235474,0.02240896411240101
YHR205W,YJL109C,1,0.946335,0.6209813952445984,0.3655378520488739,0.02240896411240101
YOR119C,YJL006C,1,0.9448723,0.6216216087341309,0.36653387546539307,0.02240896411240101
YDR002W,YOR276W,0,0.9418185,0.6205733418464661,0.36653387546539307,0.022509003058075905
YDR311W,YOR119C,1,0.93882483,0.6212121248245239,0.36752986907958984,0.022509003058075905
YJL025W,YKL125W,1,0.9380306,0.6218487620353699,0.368525892496109,0.022509003058075905
YGL105W,YDR083W,0,0.9375116,0.6208053827285767,0.368525892496109,0.02260904386639595
YPR010C,YKL125W,1,0.9366459,0.6214405298233032,0.3695219159126282,0.02260904386639595
YEL015W,YJL035C,0,0.935177,0.6204013228416443,0.3695219159126282,0.022709082812070847
YDR398W,YBR049C,1,0.93330705,0.6210350394248962,0.37051793932914734,0.022709082812070847
YOR335C,YDL074C,0,0.9323607,0.6200000047683716,0.37051793932914734,0.022809123620390892
YMR233W,YGL244W,1,0.93198955,0.6206322908401489,0.3715139329433441,0.022809123620390892
YHL025W,YHR196W,1,0.93140596,0.6212624311447144,0.3725099563598633,0.022809123620390892
YDL108W,YER164W,1,0.9306436,0.6218905448913574,0.37350597977638245,0.022809123620390892
YJR112W,YHL001W,0,0.9250256,0.6208609342575073,0.37350597977638245,0.022909164428710938
YDR447C,YHR079C,0,0.924177,0.6198347210884094,0.37350597977638245,0.023009203374385834
YBR257W,YKL183W,0,0.9202045,0.6188119053840637,0.37350597977638245,0.02310924418270588
YJR063W,YGL019W,1,0.9177653,0.6194398403167725,0.3745020031929016,0.02310924418270588
YPR187W,YOR210W,1,0.9076665,0.6200658082962036,0.3754979968070984,0.02310924418270588
YER148W,YMR263W,1,0.8998013,0.6206896305084229,0.37649402022361755,0.02310924418270588
YNL248C,YLL035W,1,0.8973976,0.6213114857673645,0.3774900436401367,0.02310924418270588
YHR154W,YHL001W,0,0.8964676,0.6202945709228516,0.3774900436401367,0.023209283128380775
YMR093W,YBR049C,1,0.89618355,0.6209150552749634,0.3784860670566559,0.023209283128380775
YMR131C,YOL141W,0,0.8917209,0.6199021339416504,0.3784860670566559,0.02330932393670082
YHR119W,YMR217W,0,0.8864124,0.6188924908638,0.3784860670566559,0.023409362882375717
YLR075W,YNL291C,0,0.88446766,0.6178861856460571,0.3784860670566559,0.023509403690695763
YKL130C,YPR034W,0,0.8831159,0.6168830990791321,0.3784860670566559,0.023609444499015808
YBR057C,YNR016C,0,0.881977,0.6158832907676697,0.3784860670566559,0.023709483444690704
YPL086C,YGL070C,0,0.8812494,0.6148867607116699,0.3784860670566559,0.02380952425301075
YMR263W,YLL035W,1,0.8799878,0.6155089139938354,0.37948206067085266,0.02380952425301075
YMR217W,YMR296C,0,0.87646204,0.6145161390304565,0.37948206067085266,0.023909563198685646
YDL108W,YGL244W,1,0.87467307,0.6151368618011475,0.3804780840873718,0.023909563198685646
YNL182C,YDL007W,0,0.87400544,0.6141479015350342,0.3804780840873718,0.02400960400700569
YCR034W,YOR310C,0,0.872762,0.613162100315094,0.3804780840873718,0.024109642952680588
YDR496C,YBL046W,0,0.87123215,0.6121794581413269,0.3804780840873718,0.024209683761000633
YBL092W,YAL003W,0,0.8706514,0.6111999750137329,0.3804780840873718,0.02430972456932068
YIL035C,YFL023W,1,0.8691411,0.6118211150169373,0.381474107503891,0.02430972456932068
YJL025W,YHR128W,0,0.8687122,0.6108452677726746,0.381474107503891,0.024409763514995575
YCR063W,YMR138W,0,0.86003727,0.6098726391792297,0.381474107503891,0.02450980432331562
YBR189W,YOL004W,0,0.8572041,0.6089030504226685,0.381474107503891,0.024609843268990517
YHR154W,YNL182C,0,0.8561565,0.6079365015029907,0.381474107503891,0.024709884077310562
YDR398W,YJL109C,1,0.855367,0.6085578203201294,0.38247013092041016,0.024709884077310562
YMR012W,YKL099C,0,0.8485446,0.607594907283783,0.38247013092041016,0.024809924885630608
YFR001W,YGL030W,0,0.84489775,0.6066350936889648,0.38247013092041016,0.024909963831305504
YPL226W,YHL001W,0,0.8447291,0.6056782603263855,0.38247013092041016,0.02501000463962555
YGR105W,YBL014C,0,0.8433704,0.6047244071960449,0.38247013092041016,0.025110043585300446
YOR123C,YML043C,1,0.83875954,0.6053459048271179,0.38346612453460693,0.025110043585300446
YDL184C,YDR075W,0,0.8357678,0.6043956279754639,0.38346612453460693,0.02521008439362049
YMR138W,YLR353W,0,0.835388,0.6034482717514038,0.38346612453460693,0.025310123339295387
YGL043W,YER164W,1,0.83512586,0.6040688753128052,0.3844621479511261,0.025310123339295387
YFR028C,YLL035W,1,0.82914156,0.604687511920929,0.38545817136764526,0.025310123339295387
YPL207W,YKL079W,0,0.8284112,0.6037441492080688,0.38545817136764526,0.025410164147615433
YPL169C,YGL092W,0,0.82778865,0.6028037667274475,0.38545817136764526,0.025510204955935478
YDR311W,YNL113W,1,0.8253581,0.6034214496612549,0.38645419478416443,0.025510204955935478
YKL139W,YER164W,1,0.82529527,0.6040372848510742,0.3874501883983612,0.025510204955935478
YOL141W,YDR060W,0,0.8238715,0.6031007766723633,0.3874501883983612,0.025610243901610374
YHR143W-A,YPL126W,1,0.82043403,0.603715181350708,0.38844621181488037,0.025610243901610374
YBR189W,YER173W,0,0.8128904,0.6027820706367493,0.38844621181488037,0.02571028470993042
YJL148W,YOL004W,1,0.80706424,0.6033950448036194,0.38944223523139954,0.02571028470993042
YPR010C,YOR123C,1,0.8052632,0.6040061712265015,0.3904382586479187,0.02571028470993042
YBL072C,YCL054W,0,0.804647,0.6030769348144531,0.3904382586479187,0.025810323655605316
YDR087C,YDL184C,0,0.8035147,0.602150559425354,0.3904382586479187,0.02591036446392536
YLR449W,YLR045C,0,0.7940773,0.6012269854545593,0.3904382586479187,0.026010403409600258
YPL074W,YLR200W,0,0.7940287,0.6003062725067139,0.3904382586479187,0.026110444217920303
YGR118W,YMR127C,0,0.79225475,0.5993883609771729,0.3904382586479187,0.02621048502624035
YJL087C,YKL183W,0,0.79204714,0.598473310470581,0.3904382586479187,0.026310523971915245
YOR224C,YGL244W,1,0.7917887,0.5990853905677795,0.3914342522621155,0.026310523971915245
YJR089W,YDL184C,0,0.7911464,0.5981734991073608,0.3914342522621155,0.02641056478023529
YPL244C,YGL120C,0,0.787758,0.5972644090652466,0.3914342522621155,0.026510603725910187
YDR447C,YPL086C,0,0.78656113,0.5963581204414368,0.3914342522621155,0.026610644534230232
YNL061W,YDL161W,0,0.78534347,0.5954545736312866,0.3914342522621155,0.02671068347990513
YJL096W,YLR409C,0,0.78426826,0.5945537090301514,0.3914342522621155,0.026810724288225174
YJL148W,YPR187W,1,0.7833366,0.5951661467552185,0.39243027567863464,0.026810724288225174
YER129W,YLR409C,0,0.7830066,0.5942685008049011,0.39243027567863464,0.02691076509654522
YBR130C,YOR233W,0,0.7828352,0.5933734774589539,0.39243027567863464,0.027010804042220116
YBL014C,YDR037W,0,0.78148633,0.5924811959266663,0.39243027567863464,0.02711084485054016
YOR026W,YOR279C,0,0.7797626,0.5915915966033936,0.39243027567863464,0.027210883796215057
YPR110C,YNL248C,1,0.77893776,0.5922039151191711,0.3934262990951538,0.027210883796215057
YNL061W,YGL119W,0,0.7786408,0.591317355632782,0.3934262990951538,0.027310924604535103
YNL248C,YOR341W,1,0.7778751,0.591928243637085,0.394422322511673,0.027310924604535103
YIL091C,YBR079C,0,0.7776056,0.5910447835922241,0.394422322511673,0.02741096355021
YOR061W,YGL244W,1,0.7718753,0.5916542410850525,0.39541831612586975,0.02741096355021
YNL110C,YMR247C,0,0.76725346,0.5907738208770752,0.39541831612586975,0.027511004358530045
YDR087C,YHR200W,0,0.7659614,0.5898959636688232,0.39541831612586975,0.02761104516685009
YOR224C,YOR210W,1,0.7637211,0.5905044674873352,0.3964143395423889,0.02761104516685009
YOR198C,YCL054W,0,0.7636391,0.5896296501159668,0.3964143395423889,0.027711084112524986
YKL125W,YBR279W,1,0.7623818,0.5902366638183594,0.3974103629589081,0.027711084112524986
YIL110W,YDR140W,0,0.76213855,0.5893648266792297,0.3974103629589081,0.027811124920845032
YPR017C,YPL198W,0,0.76136744,0.5884955525398254,0.3974103629589081,0.027911163866519928
YDR097C,YDR060W,0,0.757816,0.5876288414001465,0.3974103629589081,0.028011204674839973
YGR063C,YHR196W,1,0.75259256,0.5882353186607361,0.39840638637542725,0.028011204674839973
YJL025W,YGL244W,1,0.7520965,0.5888399481773376,0.399402379989624,0.028011204674839973
YPL082C,YJL006C,1,0.7502099,0.589442789554596,0.4003984034061432,0.028011204674839973
YJR063W,YGR063C,1,0.7494319,0.5900439023971558,0.40139442682266235,0.028011204674839973
YIL035C,YNL113W,1,0.7475134,0.5906432867050171,0.4023904502391815,0.028011204674839973
YJR042W,YOL066C,0,0.7470737,0.5897810459136963,0.4023904502391815,0.02811124362051487
YPR010C,YOR039W,1,0.7465382,0.590378999710083,0.4033864438533783,0.02811124362051487
YJL122W,YGL120C,0,0.7464093,0.5895196795463562,0.4033864438533783,0.028211284428834915
YOR061W,YLL035W,1,0.7463265,0.5901162624359131,0.40438246726989746,0.028211284428834915
YPL226W,YOR276W,0,0.7404701,0.5892598032951355,0.40438246726989746,0.02831132523715496
YOR243C,YKR100C,0,0.73964316,0.5884057879447937,0.40438246726989746,0.028411364182829857
YKL139W,YOR123C,1,0.7388348,0.589001476764679,0.4053784906864166,0.028411364182829857
YLR449W,YIL018W,0,0.7371772,0.5881502628326416,0.4053784906864166,0.028511404991149902
YOR341W,YJL109C,1,0.7357523,0.588744580745697,0.4063745141029358,0.028511404991149902
YOR188W,YLR409C,0,0.7336377,0.5878962278366089,0.4063745141029358,0.0286114439368248
YKL114C,YMR207C,0,0.72687656,0.5870503783226013,0.4063745141029358,0.028711484745144844
YOR295W,YDL108W,1,0.7243374,0.5876436829566956,0.40737050771713257,0.028711484745144844
YLR418C,YML043C,1,0.7243015,0.5882353186607361,0.40836653113365173,0.028711484745144844
YHR186C,YLR129W,0,0.7235446,0.5873925685882568,0.40836653113365173,0.02881152369081974
YBL014C,YOR210W,1,0.7231676,0.5879828333854675,0.4093625545501709,0.02881152369081974
YJL025W,YGL043W,1,0.72022575,0.5885714292526245,0.41035857796669006,0.02881152369081974
YHR143W-A,YNL248C,1,0.71891934,0.5891583561897278,0.41135457158088684,0.02881152369081974
YBR245C,YJL006C,1,0.7158397,0.5897436141967773,0.412350594997406,0.02881152369081974
YJL148W,YLR418C,1,0.7145677,0.5903271436691284,0.41334661841392517,0.02881152369081974
YMR091C,YMR235C,0,0.7131365,0.5894886255264282,0.41334661841392517,0.028911564499139786
YGL049C,YBR017C,0,0.71151954,0.588652491569519,0.41334661841392517,0.02901160530745983
YLL035W,YKL183W,0,0.7114586,0.5878186821937561,0.41334661841392517,0.029111644253134727
YDR482C,YPL266W,0,0.709798,0.5869872570037842,0.41334661841392517,0.029211685061454773
YOR210W,YDR174W,1,0.7058997,0.5875706076622009,0.41434264183044434,0.029211685061454773
YDR174W,YLL035W,1,0.7046723,0.5881523489952087,0.4153386354446411,0.029211685061454773
YBR154C,YMR233W,1,0.70350033,0.5887324213981628,0.4163346588611603,0.029211685061454773
YGL019W,YNL248C,1,0.7027917,0.5893108248710632,0.41733068227767944,0.029211685061454773
YDR311W,YJL109C,1,0.6983083,0.5898876190185547,0.4183267056941986,0.029211685061454773
YOR061W,YDR156W,1,0.6937371,0.5904628038406372,0.4193226993083954,0.029211685061454773
YJL025W,YDL108W,1,0.6934981,0.5910364389419556,0.42031872272491455,0.029211685061454773
YDR496C,YOL006C,0,0.69305724,0.5902097821235657,0.42031872272491455,0.02931172400712967
YOL145C,YOR123C,1,0.69245076,0.590782105922699,0.4213147461414337,0.02931172400712967
YDR295C,YGR152C,0,0.69090986,0.589958131313324,0.4213147461414337,0.029411764815449715
YJL006C,YER164W,1,0.6889139,0.5905292630195618,0.4223107695579529,0.029411764815449715
YHR205W,YPL126W,1,0.68676025,0.5910987257957458,0.42330676317214966,0.029411764815449715
YHR040W,YCR066W,0,0.6867127,0.5902777910232544,0.42330676317214966,0.02951180562376976
YPL235W,YLR200W,0,0.68456227,0.5894590616226196,0.42330676317214966,0.029611844569444656
YNL248C,YHR205W,1,0.6828503,0.5900276899337769,0.4243027865886688,0.029611844569444656
YGL043W,YML010W,1,0.67804664,0.5905947685241699,0.425298810005188,0.029611844569444656
YBR049C,YJL006C,1,0.67768663,0.591160237789154,0.42629483342170715,0.029611844569444656
YOR295W,YNL113W,1,0.6750079,0.591724157333374,0.42729082703590393,0.029611844569444656
YLL022C,YLR223C,0,0.6742795,0.5909090638160706,0.42729082703590393,0.029711885377764702
YPR010C,YHR205W,1,0.66753566,0.591471791267395,0.4282868504524231,0.029711885377764702
YBR084W,YER107C,0,0.6667697,0.5906593203544617,0.4282868504524231,0.029811924323439598
YBR154C,YPR187W,1,0.66643554,0.5912208557128906,0.42928287386894226,0.029811924323439598
YBR130C,YMR283C,0,0.66630155,0.5904109477996826,0.42928287386894226,0.029911965131759644
YDL108W,YML010W,1,0.6637454,0.5909712910652161,0.4302788972854614,0.029911965131759644
YBR049C,YPL126W,1,0.6617666,0.5915300250053406,0.4312748908996582,0.029911965131759644
YOL145C,YDL108W,1,0.6595804,0.5920873284339905,0.43227091431617737,0.029911965131759644
YNL250W,YDR382W,0,0.6590678,0.5912806391716003,0.43227091431617737,0.03001200407743454
YGL105W,YKL183W,0,0.6585661,0.5904762148857117,0.43227091431617737,0.030112044885754585
YPL085W,YKL024C,0,0.65747577,0.5896739363670349,0.43227091431617737,0.03021208569407463
YOR061W,YGL043W,1,0.6545108,0.5902306437492371,0.43326693773269653,0.03021208569407463
YJL061W,YMR270C,0,0.65444547,0.5894308686256409,0.43326693773269653,0.030312124639749527
YOR295W,YPL126W,1,0.6537538,0.5899864435195923,0.4342629611492157,0.030312124639749527
YDR156W,YPL126W,1,0.6515573,0.5905405282974243,0.4352589547634125,0.030312124639749527
YOR295W,YBR279W,1,0.6508954,0.591093122959137,0.43625497817993164,0.030312124639749527
YDR418W,YHR108W,0,0.64889485,0.5902965068817139,0.43625497817993164,0.030412165448069572
YER126C,YJR138W,0,0.6487404,0.5895020365715027,0.43625497817993164,0.03051220439374447
YLR448W,YCR093W,0,0.64842653,0.5887096524238586,0.43625497817993164,0.030612245202064514
YDR418W,YMR179W,0,0.64829654,0.5879194736480713,0.43625497817993164,0.03071228414773941
YDR308C,YMR269W,0,0.64804906,0.5871313810348511,0.43625497817993164,0.030812324956059456
YPR132W,YNL113W,0,0.6480486,0.586345374584198,0.43625497817993164,0.0309123657643795
YLR449W,YER117W,0,0.6458671,0.5855615139007568,0.43625497817993164,0.031012404710054398
YBR049C,YML043C,1,0.6453329,0.5861148238182068,0.4372510015964508,0.031012404710054398
YBR104W,YPR164W,0,0.6429226,0.5853333473205566,0.4372510015964508,0.031112445518374443
YOL145C,YBL002W,0,0.64051634,0.5845539569854736,0.4372510015964508,0.03121248446404934
YDR217C,YOL135C,0,0.6374517,0.583776593208313,0.4372510015964508,0.031312525272369385
YLR075W,YKL099C,0,0.636651,0.5830013155937195,0.4372510015964508,0.03141256421804428
YHR143W-A,YBL014C,1,0.63641876,0.5835543870925903,0.43824702501296997,0.03141256421804428
YOR026W,YMR217W,0,0.6318022,0.5827814340591431,0.43824702501296997,0.031512606889009476
YJR144W,YBR195C,0,0.63178855,0.5820105671882629,0.43824702501296997,0.03161264583468437
YOR039W,YJL109C,1,0.6259486,0.5825627446174622,0.43924301862716675,0.03161264583468437
YMR270C,YLR292C,0,0.62492675,0.5817942023277283,0.43924301862716675,0.03171268478035927
YNL097C,YDR324C,1,0.6235442,0.582345187664032,0.4402390420436859,0.03171268478035927
YOL006C,YKL021C,0,0.6221618,0.5815789699554443,0.4402390420436859,0.031812723726034164
YPL169C,YKL024C,0,0.62187076,0.5808147192001343,0.4402390420436859,0.03191276639699936
YER126C,YDR246W,0,0.61793745,0.5800524950027466,0.4402390420436859,0.032012805342674255
YBL014C,YLL035W,1,0.6176782,0.5806028842926025,0.4412350654602051,0.032012805342674255
YPL226W,YOL051W,0,0.6173557,0.5798429250717163,0.4412350654602051,0.03211284428834915
YOL039W,YIL150C,0,0.6157591,0.5790849924087524,0.4412350654602051,0.032212886959314346
YPR010C,YJL148W,1,0.61549276,0.5796344876289368,0.44223108887672424,0.032212886959314346
YGR128C,YNL139C,1,0.6144037,0.5801825523376465,0.443227082490921,0.032212886959314346
YBR254C,YPR144C,0,0.6111528,0.5794270634651184,0.443227082490921,0.03231292590498924
YHR170W,YGR034W,0,0.6104091,0.5786736011505127,0.443227082490921,0.03241296485066414
YMR308C,YHR040W,0,0.6091146,0.5779221057891846,0.443227082490921,0.032513003796339035
YBL025W,YLL035W,1,0.60767853,0.5784695148468018,0.4442231059074402,0.032513003796339035
YBL002W,YKL068W,0,0.606569,0.5777202248573303,0.4442231059074402,0.03261304646730423
YOR061W,YOR123C,1,0.60618937,0.5782665014266968,0.44521912932395935,0.03261304646730423
YML043C,YML010W,1,0.6031087,0.5788113474845886,0.4462151527404785,0.03261304646730423
YPL235W,YGR118W,0,0.60203904,0.578064501285553,0.4462151527404785,0.032713085412979126
YOR188W,YML094W,0,0.60203546,0.5773195624351501,0.4462151527404785,0.03281312435865402
YBL014C,YBR279W,1,0.59568906,0.5778635740280151,0.4472111463546753,0.03281312435865402
YNL227C,YGL107C,0,0.59530014,0.577120840549469,0.4472111463546753,0.03291316702961922
YOR340C,YLR418C,1,0.5940165,0.5776636600494385,0.44820716977119446,0.03291316702961922
YPL050C,YOL068C,0,0.59111303,0.5769230723381042,0.44820716977119446,0.03301320597529411
YJR089W,YMR131C,0,0.59050494,0.5761843919754028,0.44820716977119446,0.03311324492096901
YHR143W-A,YER148W,1,0.5844587,0.5767263174057007,0.4492031931877136,0.03311324492096901
YBR245C,YMR270C,1,0.5820256,0.5772669315338135,0.4501992166042328,0.03311324492096901
YPR010C,YML010W,1,0.57887214,0.5778061151504517,0.45119521021842957,0.03311324492096901
YOL145C,YBL014C,1,0.57882077,0.57834392786026,0.45219123363494873,0.03311324492096901
YPL207W,YDL081C,0,0.5787584,0.5776081681251526,0.45219123363494873,0.033213283866643906
YBR257W,YMR247C,0,0.57844406,0.5768741965293884,0.45219123363494873,0.0333133265376091
YPR010C,YOR119C,1,0.5767702,0.5774111747741699,0.4531872570514679,0.0333133265376091
YKL084W,YJL148W,0,0.5701067,0.5766793489456177,0.4531872570514679,0.033413365483284
YPR187W,YNL248C,1,0.567691,0.5772151947021484,0.45418328046798706,0.033413365483284
YLR116W,YKL191W,0,0.56519514,0.5764854550361633,0.45418328046798706,0.03351340442895889
YPL063W,YKL191W,0,0.56427675,0.5757575631141663,0.45418328046798706,0.03361344709992409
YOR061W,YJL006C,1,0.56397426,0.5762925744056702,0.45517927408218384,0.03361344709992409
YIR012W,YPR141C,0,0.56275874,0.5755667686462402,0.45517927408218384,0.033713486045598984
YPL139C,YOR123C,1,0.5608694,0.5761006474494934,0.456175297498703,0.033713486045598984
YKR063C,YGR227W,0,0.56005615,0.5753768682479858,0.456175297498703,0.03381352499127388
YHR143W-A,YHR205W,1,0.55818874,0.5759096741676331,0.45717132091522217,0.03381352499127388
YPL030W,YCL063W,0,0.5546312,0.5751879811286926,0.45717132091522217,0.033913563936948776
YMR028W,YNL248C,1,0.55196303,0.5757196545600891,0.45816734433174133,0.033913563936948776
YJR112W,YDR267C,0,0.5491032,0.574999988079071,0.45816734433174133,0.03401360660791397
YGR128C,YHL025W,1,0.5464137,0.5755305886268616,0.4591633379459381,0.03401360660791397
YNL061W,YMR308C,0,0.5457049,0.5748129487037659,0.4591633379459381,0.03411364555358887
YMR131C,YLR427W,0,0.54243475,0.5740971565246582,0.4591633379459381,0.03421368449926376
YIR005W,YJL179W,0,0.54219323,0.573383092880249,0.4591633379459381,0.03431372717022896
YJL145W,YPL122C,0,0.5402741,0.5726708173751831,0.4591633379459381,0.034413766115903854
YDL225W,YJL035C,0,0.5398092,0.5719602704048157,0.4591633379459381,0.03451380506157875
YPR010C,YNL097C,1,0.5370352,0.5724906921386719,0.4601593613624573,0.03451380506157875
YDL148C,YMR176W,0,0.53270096,0.5717821717262268,0.4601593613624573,0.03461384400725365
YOR039W,YMR233W,1,0.53171027,0.572311520576477,0.46115538477897644,0.03461384400725365
YDR156W,YPL082C,1,0.5299045,0.5728394985198975,0.4621514081954956,0.03461384400725365
YOR047C,YHR034C,0,0.5294886,0.5721331834793091,0.4621514081954956,0.03471388667821884
YBL004W,YPR141C,0,0.5294582,0.5714285969734192,0.4621514081954956,0.03481392562389374
YPR187W,YOR295W,1,0.52774376,0.5719557404518127,0.4631474018096924,0.03481392562389374
YJL148W,YMR028W,1,0.52747196,0.5724815726280212,0.46414342522621155,0.03481392562389374
YBL076C,YER147C,0,0.52716535,0.5717791318893433,0.46414342522621155,0.034913964569568634
YDR418W,YER109C,0,0.52694505,0.5710784196853638,0.46414342522621155,0.03501400724053383
YBL072C,YDR219C,0,0.5254417,0.5703794360160828,0.46414342522621155,0.035114046186208725
YOL092W,YDL153C,0,0.5210494,0.5696821808815002,0.46414342522621155,0.03521408513188362
YOR224C,YMR233W,1,0.52099043,0.5702075958251953,0.4651394486427307,0.03521408513188362
YNR057C,YJL200C,0,0.5185107,0.5695121884346008,0.4651394486427307,0.03531412407755852
YNL182C,YFL024C,0,0.51377517,0.5688185095787048,0.4651394486427307,0.03541416674852371
YIR012W,YGR034W,0,0.5135208,0.5681264996528625,0.4651394486427307,0.03551420569419861
YBR153W,YJR042W,0,0.51254183,0.5674362182617188,0.4651394486427307,0.035614244639873505
YER126C,YJL096W,0,0.5109315,0.5667475461959839,0.4651394486427307,0.0357142873108387
YBL014C,YKL125W,1,0.5098975,0.5672727227210999,0.4661354720592499,0.0357142873108387
YLR102C,YJL148W,0,0.50959384,0.5665859580039978,0.4661354720592499,0.035814326256513596
YGR128C,YGL019W,1,0.5059137,0.5671100616455078,0.46713146567344666,0.035814326256513596
YHR062C,YBR245C,0,0.5047015,0.5664251446723938,0.46713146567344666,0.03591436520218849
YBL072C,YKR063C,0,0.5022351,0.5657418370246887,0.46713146567344666,0.03601440414786339
YPL046C,YOR078W,0,0.50064445,0.5650602579116821,0.46713146567344666,0.03611444681882858
YDR174W,YNL113W,1,0.49917766,0.5655836462974548,0.4681274890899658,0.03611444681882858
YOL006C,YOR096W,0,0.4955224,0.5649038553237915,0.4681274890899658,0.03621448576450348
YDL008W,YOL145C,0,0.4952394,0.5642256736755371,0.4681274890899658,0.036314524710178375
YBR132C,YJL164C,0,0.49522236,0.5635491609573364,0.4681274890899658,0.03641456738114357
YHR154W,YLL022C,0,0.4948648,0.5628742575645447,0.4681274890899658,0.036514606326818466
YOR243C,YGR211W,0,0.49463174,0.5622009634971619,0.4681274890899658,0.03661464527249336
YJR063W,YPR187W,1,0.49270657,0.5627239942550659,0.469123512506485,0.03661464527249336
YOR061W,YPL139C,1,0.49263337,0.5632458329200745,0.47011953592300415,0.03661464527249336
YML121W,YOR119C,1,0.49228093,0.563766360282898,0.4711155295372009,0.03661464527249336
YLR409C,YBL087C,0,0.49185446,0.563095211982727,0.4711155295372009,0.03671468421816826
YBL072C,YOL141W,0,0.49136528,0.5624256730079651,0.4711155295372009,0.03681472688913345
YOR224C,YBR154C,1,0.49124476,0.5629453659057617,0.4721115529537201,0.03681472688913345
YIR002C,YGR200C,0,0.4906983,0.5622775554656982,0.4721115529537201,0.03691476583480835
YPR010C,YPL139C,1,0.488295,0.5627962350845337,0.47310757637023926,0.03691476583480835
YOL102C,YDR418W,0,0.48574385,0.5621301531791687,0.47310757637023926,0.037014804780483246
YNL113W,YDL033C,0,0.4836522,0.5614657402038574,0.47310757637023926,0.03711484745144844
YKL068W,YAL011W,0,0.48253927,0.5608028173446655,0.47310757637023926,0.03721488639712334
YMR093W,YLR418C,1,0.48041484,0.5613207817077637,0.4741035997867584,0.03721488639712334
YNL182C,YLR083C,0,0.4797221,0.5606595873832703,0.4741035997867584,0.03731492534279823
YGR165W,YDR405W,0,0.47877434,0.5600000023841858,0.4741035997867584,0.03741496428847313
YCL011C,YOR196C,0,0.47771332,0.5593419671058655,0.4741035997867584,0.037515006959438324
YOR295W,YML112W,1,0.47746196,0.5598591566085815,0.4750995934009552,0.037515006959438324
YMR263W,YKL125W,1,0.4772093,0.5603751540184021,0.47609561681747437,0.037515006959438324
YPR010C,YHL025W,1,0.4758558,0.5608899593353271,0.47709164023399353,0.037515006959438324
YJR063W,YJL109C,1,0.47178003,0.5614035129547119,0.4780876636505127,0.037515006959438324
YHR205W,YOR119C,1,0.47157502,0.5619158744812012,0.4790836572647095,0.037515006959438324
YIL148W,YLR200W,0,0.47024447,0.5612602233886719,0.4790836572647095,0.03761504590511322
YOL145C,YIL035C,1,0.46908954,0.5617715716362,0.48007968068122864,0.03761504590511322
YCL011C,YPL273W,0,0.46554527,0.5611175894737244,0.48007968068122864,0.037715084850788116
YDR339C,YOR096W,0,0.46254966,0.5604650974273682,0.48007968068122864,0.03781512752175331
YDL184C,YLR397C,0,0.46190602,0.5598141551017761,0.48007968068122864,0.03791516646742821
YMR234W,YBL087C,0,0.46108392,0.5591647624969482,0.48007968068122864,0.038015205413103104
YOR061W,YPR110C,1,0.4587398,0.5596755743026733,0.4810757040977478,0.038015205413103104
YJL087C,YBL087C,0,0.4561409,0.5590277910232544,0.4810757040977478,0.038115244358778
YHR154W,YBL087C,0,0.45467064,0.5583814978599548,0.4810757040977478,0.038215287029743195
YFR028C,YML112W,1,0.45354077,0.5588914752006531,0.48207172751426697,0.038215287029743195
YHR143W-A,YOL004W,1,0.4506145,0.5594002604484558,0.48306772112846375,0.038215287029743195
YER082C,YPR164W,0,0.4502985,0.5587557554244995,0.48306772112846375,0.03831532597541809
YLR167W,YKL006W,0,0.44867083,0.5581128001213074,0.48306772112846375,0.03841536492109299
YBR154C,YDL108W,1,0.44700518,0.5586206912994385,0.4840637445449829,0.03841536492109299
YBL025W,YJL109C,1,0.44498166,0.5591274499893188,0.4850597679615021,0.03841536492109299
YPL226W,YBR153W,0,0.44466093,0.5584862232208252,0.4850597679615021,0.03851540759205818
YDR060W,YMR308C,0,0.44149843,0.5578464865684509,0.4850597679615021,0.03861544653773308
YER025W,YDL014W,0,0.43818036,0.557208240032196,0.4850597679615021,0.038715485483407974
YOR061W,YER164W,1,0.43625113,0.5577142834663391,0.48605579137802124,0.038715485483407974
YEL032W,YGR152C,0,0.4281499,0.5570776462554932,0.48605579137802124,0.03881552442908287
YHR143W-A,YHL025W,1,0.42515597,0.557582676410675,0.487051784992218,0.03881552442908287
YOR039W,YKL125W,1,0.41983065,0.5580865740776062,0.4880478084087372,0.03881552442908287
YHR205W,YHR128W,0,0.41747954,0.5574516654014587,0.4880478084087372,0.038915567100048065
YLL035W,YPR018W,0,0.41660598,0.5568181872367859,0.4880478084087372,0.03901560604572296
YOR057W,YLR287C-A,0,0.4148587,0.5561861395835876,0.4880478084087372,0.03911564499139786
YOL145C,YJR043C,0,0.4142113,0.5555555820465088,0.4880478084087372,0.03921568766236305
YLR229C,YDR167W,0,0.41139385,0.5549263954162598,0.4880478084087372,0.03931572660803795
YIL158W,YBR104W,0,0.41130194,0.5542986392974854,0.4880478084087372,0.039415765553712845
YLR418C,YNL113W,1,0.41022167,0.5548022389411926,0.48904383182525635,0.039415765553712845
YJL025W,YMR233W,1,0.41021186,0.555304765701294,0.4900398552417755,0.039415765553712845
YKL099C,YFL004W,0,0.40993732,0.5546786785125732,0.4900398552417755,0.03951580449938774
YEL003W,YPR139C,0,0.4081368,0.5540540814399719,0.4900398552417755,0.039615847170352936
YGR118W,YHL003C,0,0.40622774,0.5534307956695557,0.4900398552417755,0.03971588611602783
YKL004W,YIL150C,0,0.40215304,0.5528090000152588,0.4900398552417755,0.03981592506170273
YIL044C,YOL028C,0,0.40175375,0.5521885752677917,0.4900398552417755,0.03991596773266792
YMR294W,YKL004W,0,0.40005875,0.5515695214271545,0.4900398552417755,0.04001600667834282
YHL025W,YML043C,1,0.39951584,0.5520716905593872,0.4910358488559723,0.04001600667834282
YPL030W,YOL051W,0,0.39604917,0.5514541268348694,0.4910358488559723,0.040116045624017715
YPL235W,YOR276W,0,0.39570102,0.5508379936218262,0.4910358488559723,0.04021608829498291
YHR085W,YER183C,0,0.39522436,0.5502232313156128,0.4910358488559723,0.040316127240657806
YHR184W,YNL110C,0,0.39325616,0.5496098399162292,0.4910358488559723,0.0404161661863327
YDL008W,YDR075W,0,0.39324352,0.5489977598190308,0.4910358488559723,0.0405162051320076
YHR069C,YBR253W,0,0.39082068,0.5483871102333069,0.4910358488559723,0.040616247802972794
YOL004W,YNL113W,1,0.39004233,0.5488888621330261,0.49203187227249146,0.040616247802972794
YHR143W-A,YJL109C,1,0.38547835,0.5493895411491394,0.4930278956890106,0.040616247802972794
YML121W,YHR196W,1,0.3838092,0.5498891472816467,0.4940239191055298,0.040616247802972794
YOR341W,YER164W,1,0.38178974,0.5503876209259033,0.49501991271972656,0.040616247802972794
YBR154C,YLL035W,1,0.38070247,0.5508849620819092,0.4960159361362457,0.040616247802972794
YML121W,YDR324C,1,0.37941644,0.5513812303543091,0.4970119595527649,0.040616247802972794
YMR028W,YHR196W,1,0.37838414,0.5518763661384583,0.49800798296928406,0.040616247802972794
YJL025W,YLL035W,1,0.3771346,0.5523704290390015,0.49900397658348083,0.040616247802972794
YPR187W,YPL082C,1,0.37387428,0.5528634190559387,0.5,0.040616247802972794
YPR010C,YBL025W,1,0.3711559,0.55335533618927,0.5009959936141968,0.040616247802972794
YGR063C,YJL006C,1,0.37035927,0.5538461804389954,0.5019920468330383,0.040616247802972794
YNL096C,YGR002C,0,0.37003618,0.5532382130622864,0.5019920468330383,0.04071628674864769
YCR063W,YOL051W,0,0.36985606,0.5526315569877625,0.5019920468330383,0.040816325694322586
YOR148C,YMR308C,0,0.36857334,0.5520262718200684,0.5019920468330383,0.04091636836528778
YLR409C,YBR291C,0,0.3677824,0.5514222979545593,0.5019920468330383,0.04101640731096268
YER025W,YOL067C,0,0.36778024,0.5508196949958801,0.5019920468330383,0.04111644625663757
YIL035C,YDL108W,1,0.36704642,0.5513100624084473,0.5029880404472351,0.04111644625663757
YGR020C,YIL093C,0,0.36551782,0.5507088303565979,0.5029880404472351,0.04121648520231247
YIL070C,YKL155C,0,0.36471924,0.5501089096069336,0.5029880404472351,0.041316527873277664
YER148W,YGR063C,1,0.3614529,0.5505985021591187,0.5039840340614319,0.041316527873277664
YDL060W,YDL154W,0,0.36126563,0.550000011920929,0.5039840340614319,0.04141656681895256
YBR189W,YER123W,0,0.36049727,0.5494028329849243,0.5039840340614319,0.04151660576462746
YAL011W,YGR057C,0,0.35971445,0.5488069653511047,0.5039840340614319,0.04161664843559265
YOL004W,YML010W,1,0.35920498,0.5492957830429077,0.5049800872802734,0.04161664843559265
YER149C,YOR204W,0,0.35808703,0.548701286315918,0.5049800872802734,0.04171668738126755
YMR294W,YEL015W,0,0.35687423,0.5481081008911133,0.5049800872802734,0.041816726326942444
YOR224C,YGL019W,1,0.35453212,0.5485960841178894,0.5059760808944702,0.041816726326942444
YPL169C,YHL001W,0,0.35402927,0.5480043292045593,0.5059760808944702,0.04191676527261734
YHR034C,YIL018W,0,0.35353956,0.5474137663841248,0.5059760808944702,0.042016807943582535
YNL330C,YMR233W,1,0.3532283,0.5479009747505188,0.5069721341133118,0.042016807943582535
YKR063C,YOR159C,0,0.35290703,0.5473118424415588,0.5069721341133118,0.04211684688925743
YJR072C,YGR165W,0,0.3524275,0.5467239618301392,0.5069721341133118,0.04221688583493233
YPL139C,YGR063C,1,0.3524079,0.5472102761268616,0.5079681277275085,0.04221688583493233
YER122C,YJL035C,0,0.35151267,0.5466237664222717,0.5079681277275085,0.04231692850589752
YOR198C,YHL001W,0,0.3512992,0.5460385680198669,0.5079681277275085,0.04241696745157242
YPL106C,YNL132W,0,0.34911415,0.5454545617103577,0.5079681277275085,0.042517006397247314
YHR205W,YNL113W,1,0.34688142,0.5459401607513428,0.5089641213417053,0.042517006397247314
YBL052C,YDR482C,0,0.34681365,0.5453575253486633,0.5089641213417053,0.04261704534292221
YOR123C,YML010W,1,0.34649462,0.5458422303199768,0.5099601745605469,0.04261704534292221
YDR482C,YDL102W,0,0.34364632,0.5452609062194824,0.5099601745605469,0.042717088013887405
YOR224C,YDR324C,1,0.34348413,0.5457446575164795,0.5109561681747437,0.042717088013887405
YFR027W,YMR269W,0,0.3407158,0.5451647043228149,0.5109561681747437,0.0428171269595623
YOL004W,YOR119C,1,0.34017006,0.5456475615501404,0.5119521617889404,0.0428171269595623
YJL025W,YML010W,1,0.33846858,0.5461293458938599,0.512948215007782,0.0428171269595623
YKR060W,YKL079W,0,0.33808827,0.5455508232116699,0.512948215007782,0.0429171659052372
YOL142W,YFL024C,0,0.33764267,0.5449735522270203,0.512948215007782,0.04301720857620239
YDR311W,YKL125W,1,0.3326365,0.5454545617103577,0.5139442086219788,0.04301720857620239
YJR042W,YGL070C,0,0.33199397,0.5448785424232483,0.5139442086219788,0.04311724752187729
YBL014C,YER164W,1,0.3294967,0.5453586578369141,0.5149402618408203,0.04311724752187729
YDR311W,YLL035W,1,0.32670075,0.5458377003669739,0.5159362554550171,0.04311724752187729
YDR184C,YLR130C,0,0.32373387,0.5452631711959839,0.5159362554550171,0.043217286467552185
YOR174W,YMR308C,0,0.32301453,0.5446897745132446,0.5159362554550171,0.04331732541322708
YJL148W,YML121W,1,0.32221642,0.5451680421829224,0.5169322490692139,0.04331732541322708
YKL024C,YJL207C,0,0.31965873,0.5445960164070129,0.5169322490692139,0.043417368084192276
YNL152W,YLR182W,0,0.31775808,0.544025182723999,0.5169322490692139,0.04351740702986717
YOR295W,YMR233W,1,0.31751004,0.5445026159286499,0.5179283022880554,0.04351740702986717
YOL010W,YNR039C,0,0.3170387,0.5439330339431763,0.5179283022880554,0.04361744597554207
YFR027W,YPL093W,0,0.31590503,0.5433647036552429,0.5179283022880554,0.04371748864650726
YOR061W,YBL025W,1,0.313484,0.5438413619995117,0.5189242959022522,0.04371748864650726
YDR156W,YGL043W,1,0.31035808,0.5443170070648193,0.519920289516449,0.04371748864650726
YDR156W,YBL014C,1,0.30899084,0.5447916388511658,0.5209163427352905,0.04371748864650726
YLR016C,YOL010W,0,0.30754966,0.544224739074707,0.5209163427352905,0.04381752759218216
YBR049C,YFL023W,1,0.30651024,0.5446985363960266,0.5219123363494873,0.04381752759218216
YNL182C,YMR162C,0,0.306451,0.5441328883171082,0.5219123363494873,0.043917566537857056
YKL099C,YKL137W,0,0.30510357,0.54356849193573,0.5219123363494873,0.04401760548353195
YOR224C,YDR311W,1,0.30294523,0.5440414547920227,0.5229083895683289,0.04401760548353195
YML043C,YHR205W,1,0.30254462,0.544513463973999,0.5239043831825256,0.04401760548353195
YPL030W,YOR188W,0,0.30205247,0.5439503788948059,0.5239043831825256,0.04411764815449715
YML056C,YBR079C,0,0.30000135,0.5433884263038635,0.5239043831825256,0.04421768710017204
YDR339C,YJL081C,0,0.2986248,0.5428276658058167,0.5239043831825256,0.04431772604584694
YMR093W,YOL004W,1,0.29792878,0.5432989597320557,0.5249003767967224,0.04431772604584694
YHR085W,YGL005C,0,0.29615644,0.5427394509315491,0.5249003767967224,0.044417768716812134
YER126C,YDR382W,0,0.29251257,0.5421810746192932,0.5249003767967224,0.04451780766248703
YMR012W,YDL061C,0,0.28950164,0.5416238307952881,0.5249003767967224,0.044617846608161926
YOL102C,YMR283C,0,0.2878845,0.5410677790641785,0.5249003767967224,0.04471788555383682
YOL010W,YJR138W,0,0.28746054,0.5405128002166748,0.5249003767967224,0.04481792822480202
YGR211W,YDR450W,0,0.28649476,0.5399590134620667,0.5249003767967224,0.04491796717047691
YHR143W-A,YGL043W,1,0.28605282,0.5404298901557922,0.525896430015564,0.04491796717047691
YDR156W,YLL035W,1,0.28484753,0.5408998131752014,0.5268924236297607,0.04491796717047691
YML098W,YAL003W,0,0.28068697,0.5403472781181335,0.5268924236297607,0.04501800611615181
YHR062C,YOR196C,0,0.27854756,0.5397959351539612,0.5268924236297607,0.045118048787117004
YLR016C,YIL104C,0,0.27084604,0.5392456650733948,0.5268924236297607,0.0452180877327919
YGR128C,YDR311W,1,0.2679621,0.5397148728370667,0.5278884172439575,0.0452180877327919
YIL158W,YKL004W,0,0.2679492,0.5391657948493958,0.5278884172439575,0.0453181266784668
YOR295W,YOR123C,1,0.2670124,0.5396341681480408,0.5288844704627991,0.0453181266784668
YGR063C,YFL023W,1,0.2643113,0.5401015281677246,0.5298804640769958,0.0453181266784668
YML102W,YLL002W,0,0.26391461,0.5395537614822388,0.5298804640769958,0.04541816562414169
YBL052C,YPL112C,0,0.2631107,0.5390070676803589,0.5298804640769958,0.04551820829510689
YIL035C,YKL125W,1,0.26187146,0.5394737124443054,0.5308765172958374,0.04551820829510689
YHR062C,YJR043C,0,0.26162207,0.538928210735321,0.5308765172958374,0.045618247240781784
YBL054W,YKL084W,0,0.2595776,0.5383838415145874,0.5308765172958374,0.04571828618645668
YOR148C,YMR217W,0,0.25948384,0.5378405451774597,0.5308765172958374,0.045818328857421875
YPR187W,YLL035W,1,0.25914213,0.538306474685669,0.5318725109100342,0.045818328857421875
YBL087C,YPL174C,0,0.25732172,0.5377643704414368,0.5318725109100342,0.04591836780309677
YHR143W-A,YLR418C,1,0.2537306,0.5382294058799744,0.532868504524231,0.04591836780309677
YIL035C,YIL018W,0,0.25358972,0.5376884341239929,0.532868504524231,0.04601840674877167
YCL037C,YJL145W,0,0.25305128,0.5371485948562622,0.532868504524231,0.046118445694446564
YPR179C,YLR262C-A,0,0.2519583,0.5366098284721375,0.532868504524231,0.04621848836541176
YBL025W,YOR295W,1,0.2512658,0.5370741486549377,0.5338645577430725,0.04621848836541176
YJL087C,YOL066C,0,0.24763748,0.5365365147590637,0.5338645577430725,0.046318527311086655
YDR138W,YPR110C,1,0.24621996,0.5370000004768372,0.5348605513572693,0.046318527311086655
YOR335C,YEL015W,0,0.24566379,0.5364635586738586,0.5348605513572693,0.04641856625676155
YOR095C,YDR097C,0,0.24517298,0.5359281301498413,0.5348605513572693,0.046518608927726746
YNL297C,YJL148W,0,0.24336085,0.5353938341140747,0.5348605513572693,0.04661864787340164
YDR496C,YMR216C,0,0.23950008,0.5348605513572693,0.5348605513572693,0.04671868681907654
YHR085W,YBL005W,0,0.23680711,0.5343283414840698,0.5348605513572693,0.046818725764751434
YMR235C,YKL114C,0,0.23506975,0.5337972044944763,0.5348605513572693,0.04691876843571663
YIL148W,YMR308C,0,0.23491564,0.5332671403884888,0.5348605513572693,0.047018807381391525
YOR340C,YGR063C,1,0.23469302,0.533730149269104,0.5358565449714661,0.047018807381391525
YOL142W,YML062C,0,0.23453006,0.5332012176513672,0.5358565449714661,0.04711884632706642
YPR189W,YJL117W,0,0.23393205,0.5326732397079468,0.5358565449714661,0.047218888998031616
YPL082C,YOR119C,1,0.23214647,0.5331355333328247,0.5368525981903076,0.047218888998031616
YIR012W,YNL250W,0,0.23068586,0.532608687877655,0.5368525981903076,0.04731892794370651
YPR187W,YPR110C,1,0.22897962,0.5330700874328613,0.5378485918045044,0.04731892794370651
YBR245C,YFR028C,1,0.22880697,0.533530592918396,0.538844645023346,0.04731892794370651
YPR102C,YOL067C,0,0.22789586,0.5330049395561218,0.538844645023346,0.04741896688938141
YDR156W,YML010W,1,0.22458366,0.5334645509719849,0.5398406386375427,0.04741896688938141
YGL105W,YHR031C,0,0.21992864,0.5329400300979614,0.5398406386375427,0.047519005835056305
YKL078W,YGR063C,1,0.21961072,0.5333988070487976,0.5408366322517395,0.047519005835056305
YNL148C,YKL099C,0,0.21628837,0.5328753590583801,0.5408366322517395,0.0476190485060215
YDR382W,YJR043C,0,0.2135497,0.5323529243469238,0.5408366322517395,0.047719087451696396
YDL076C,YDR324C,1,0.20832154,0.5328109860420227,0.541832685470581,0.047719087451696396
YLR229C,YGL030W,0,0.20789708,0.5322896242141724,0.541832685470581,0.04781912639737129
YPR110C,YOR341W,1,0.20489612,0.5327468514442444,0.5428286790847778,0.04781912639737129
YLR449W,YDR268W,0,0.20243031,0.5322265625,0.5428286790847778,0.04791916906833649
YPL129W,YKL183W,0,0.20142502,0.5317073464393616,0.5428286790847778,0.04801920801401138
YPR132W,YEL015W,0,0.20133717,0.5311890840530396,0.5428286790847778,0.04811924695968628
YDR002W,YML098W,0,0.19873258,0.5306718349456787,0.5428286790847778,0.048219285905361176
YPL226W,YOR148C,0,0.19734746,0.5301556587219238,0.5428286790847778,0.04831932857632637
YOL006C,YMR059W,0,0.19535124,0.5296404361724854,0.5428286790847778,0.048419367522001266
YBL076C,YIL018W,0,0.19531164,0.5291262269020081,0.5428286790847778,0.04851940646767616
YOR206W,YPL259C,0,0.19382885,0.5286129713058472,0.5428286790847778,0.04861944913864136
YDR447C,YER155C,0,0.19376507,0.5281007885932922,0.5428286790847778,0.048719488084316254
YPR010C,YDR311W,1,0.19053167,0.5285575985908508,0.5438246726989746,0.048719488084316254
YGL112C,YIL085C,0,0.1896441,0.5280464291572571,0.5438246726989746,0.04881952702999115
YJL122W,YPL148C,0,0.18855125,0.5275362133979797,0.5438246726989746,0.048919565975666046
YJL025W,YBR279W,1,0.18794404,0.5279922485351562,0.5448207259178162,0.048919565975666046
YLR141W,YLL035W,1,0.18659762,0.5284474492073059,0.5458167195320129,0.048919565975666046
YGR165W,YHR040W,0,0.18512337,0.5279383659362793,0.5458167195320129,0.04901960864663124
YBR264C,YKL099C,0,0.1826159,0.5274302363395691,0.5458167195320129,0.04911964759230614
YBR264C,YDR083W,0,0.18200503,0.5269230604171753,0.5458167195320129,0.04921968653798103
YPL235W,YLR448W,0,0.18195188,0.5264168977737427,0.5458167195320129,0.04931972920894623
YKR063C,YHR141C,0,0.1816829,0.5259116888046265,0.5458167195320129,0.049419768154621124
YBL046W,YDR382W,0,0.18046498,0.5254074931144714,0.5458167195320129,0.04951980710029602
YPL082C,YER164W,1,0.17932522,0.5258620977401733,0.5468127727508545,0.04951980710029602
YOR369C,YKL024C,0,0.17443487,0.5253588557243347,0.5468127727508545,0.049619849771261215
YMR263W,YFR028C,1,0.17167404,0.5258126258850098,0.5478087663650513,0.049619849771261215
YLR242C,YML056C,0,0.17047472,0.5253103971481323,0.5478087663650513,0.04971988871693611
YLR448W,YER123W,0,0.1695277,0.5248091816902161,0.5478087663650513,0.04981992766261101
YHL025W,YOR341W,1,0.1691035,0.525262176990509,0.548804759979248,0.04981992766261101
YOR224C,YIL035C,1,0.16900721,0.5257142782211304,0.5498008131980896,0.04981992766261101
YGL110C,YOL028C,0,0.1684753,0.5252140760421753,0.5498008131980896,0.049919966608285904
YMR138W,YGL019W,0,0.1668682,0.5247148275375366,0.5498008131980896,0.0500200092792511
YLR200W,YIL127C,0,0.16409013,0.5242165327072144,0.5498008131980896,0.050120048224925995
YER148W,YDR138W,1,0.16369343,0.5246679186820984,0.5507968068122864,0.050120048224925995
YHR143W-A,YPR187W,1,0.16306302,0.5251184701919556,0.5517928004264832,0.050120048224925995
YPL207W,YDR217C,0,0.16298297,0.5246211886405945,0.5517928004264832,0.05022008717060089
YCR034W,YKL021C,0,0.15401459,0.5241248607635498,0.5517928004264832,0.050320129841566086
YMR308C,YMR240C,0,0.15143079,0.5236294865608215,0.5517928004264832,0.05042016878724098
YER148W,YDR174W,1,0.14765844,0.5240793228149414,0.5527888536453247,0.05042016878724098
YOL039W,YBL014C,0,0.14649916,0.5235849022865295,0.5527888536453247,0.05052020773291588
YEL042W,YLR397C,0,0.14597252,0.5230914354324341,0.5527888536453247,0.050620246678590775
YPR144C,YGR155W,0,0.13871852,0.5225988626480103,0.5527888536453247,0.05072028934955597
YFR051C,YOR206W,0,0.13831177,0.5221072435379028,0.5527888536453247,0.050820328295230865
YJR063W,YMR028W,1,0.13809124,0.5225563645362854,0.5537848472595215,0.050820328295230865
YPR034W,YJR068W,0,0.13539304,0.5220656991004944,0.5537848472595215,0.05092036724090576
YOR335C,YDR103W,0,0.13458021,0.5215759873390198,0.5537848472595215,0.051020409911870956
YDR339C,YDR322W,0,0.13280824,0.5210871696472168,0.5537848472595215,0.05112044885754585
YJL025W,YOL133W,0,0.12941371,0.5205992460250854,0.5537848472595215,0.05122048780322075
YBR123C,YOR276W,0,0.12835968,0.5201122760772705,0.5537848472595215,0.051320526748895645
YHR148W,YOL049W,0,0.12777029,0.5196261405944824,0.5537848472595215,0.05142056941986084
YGR128C,YGR063C,1,0.12267407,0.520074725151062,0.554780900478363,0.05142056941986084
YKR079C,YLR292C,0,0.12175458,0.5195895433425903,0.554780900478363,0.051520608365535736
YNL330C,YHR196W,1,0.121473394,0.5200372934341431,0.5557768940925598,0.051520608365535736
YKL099C,YDR400W,0,0.12085884,0.5195530652999878,0.5557768940925598,0.05162064731121063
YMR131C,YHR128W,0,0.11941268,0.5190697908401489,0.5557768940925598,0.05172068998217583
YIR012W,YGR057C,0,0.117849104,0.5185873508453369,0.5557768940925598,0.05182072892785072
YPL094C,YPL112C,0,0.1165533,0.5181058645248413,0.5557768940925598,0.05192076787352562
YLR141W,YFL023W,1,0.11623221,0.5185528993606567,0.5567728877067566,0.05192076787352562
YOR133W,YDR167W,0,0.116126366,0.5180723071098328,0.5567728877067566,0.052020806819200516
YHR143W-A,YOR039W,1,0.11573724,0.5185185074806213,0.5577689409255981,0.052020806819200516
YMR283C,YGL030W,0,0.11550181,0.5180388689041138,0.5577689409255981,0.05212084949016571
YBR154C,YHR143W-A,1,0.11014571,0.5184842944145203,0.5587649345397949,0.05212084949016571
YCL037C,YOR202W,0,0.107375555,0.5180055499076843,0.5587649345397949,0.05222088843584061
YGL019W,YML010W,1,0.107366405,0.5184502005577087,0.5597609281539917,0.05222088843584061
YFL034C-A,YPL122C,0,0.10668305,0.5179723501205444,0.5597609281539917,0.0523209273815155
YDR398W,YNL330C,1,0.106432594,0.5184162259101868,0.5607569813728333,0.0523209273815155
YLR244C,YNL079C,0,0.1051903,0.5179392695426941,0.5607569813728333,0.0524209700524807
YBR154C,YOL004W,1,0.10495197,0.5183823704719543,0.56175297498703,0.0524209700524807
YBR153W,YDR037W,0,0.10339209,0.5179063081741333,0.56175297498703,0.052521008998155594
YMR263W,YML010W,1,0.10175633,0.5183486342430115,0.5627490282058716,0.052521008998155594
YBL025W,YLR448W,0,0.09941953,0.5178735256195068,0.5627490282058716,0.05262104794383049
YLR449W,YJR124C,0,0.09788134,0.517399251461029,0.5627490282058716,0.052721086889505386
YER082C,YMR162C,0,0.09762389,0.5169258713722229,0.5627490282058716,0.05282112956047058
YML098W,YKL006W,0,0.09483645,0.5164533853530884,0.5627490282058716,0.05292116850614548
YMR131C,YGL075C,0,0.09439167,0.5159817337989807,0.5627490282058716,0.053021207451820374
YPL254W,YDL074C,0,0.09424188,0.5155109763145447,0.5627490282058716,0.05312125012278557
YJL130C,YNL166C,0,0.09364673,0.5150409936904907,0.5627490282058716,0.053221289068460464
YDL008W,YLR129W,0,0.09346284,0.5145719647407532,0.5627490282058716,0.05332132801413536
YDR418W,YKL006C-A,0,0.09146318,0.5141037106513977,0.5627490282058716,0.05342136695981026
YNL272C,YFR001W,0,0.09116662,0.5136363506317139,0.5627490282058716,0.05352140963077545
YDR097C,YPR018W,0,0.087288745,0.5131698250770569,0.5627490282058716,0.05362144857645035
YLR449W,YLR262C-A,0,0.085665904,0.5127041935920715,0.5627490282058716,0.053721487522125244
YHR143W-A,YML010W,1,0.08509716,0.5131459832191467,0.5637450218200684,0.053721487522125244
YER123W,YPR102C,0,0.08504971,0.5126811861991882,0.5637450218200684,0.05382153019309044
YLR409C,YDR266C,0,0.08152305,0.5122172236442566,0.5637450218200684,0.053921569138765335
YMR240C,YOR233W,0,0.0812436,0.5117540955543518,0.5637450218200684,0.05402160808444023
YIL158W,YHR065C,0,0.07985746,0.5112918019294739,0.5637450218200684,0.05412164703011513
YGL043W,YML112W,1,0.07867571,0.5117328763008118,0.5647410154342651,0.05412164703011513
YFR001W,YNL022C,0,0.07811516,0.5112714171409607,0.5647410154342651,0.05422168970108032
YNL026W,YKL082C,0,0.07788249,0.5108107924461365,0.5647410154342651,0.05432172864675522
YKR079C,YDL076C,0,0.07723602,0.5103510618209839,0.5647410154342651,0.054421767592430115
YJR063W,YDL076C,1,0.076823376,0.5107913613319397,0.5657370686531067,0.054421767592430115
YBL004W,YBR253W,0,0.07671281,0.5103324055671692,0.5657370686531067,0.05452181026339531
YGL120C,YFL034C-A,0,0.075813435,0.5098743438720703,0.5657370686531067,0.054621849209070206
YPL093W,YOL045W,0,0.07562371,0.5094170570373535,0.5657370686531067,0.0547218881547451
YPL029W,YEL015W,0,0.07520562,0.5089605450630188,0.5657370686531067,0.05482192710042
YGR034W,YHR031C,0,0.07388563,0.5085049271583557,0.5657370686531067,0.05492196977138519
YDL014W,YLL002W,0,0.07375174,0.5080500841140747,0.5657370686531067,0.05502200871706009
YJR072C,YER173W,0,0.073482074,0.5075960755348206,0.5657370686531067,0.055122047662734985
YKL174C,YDL014W,0,0.07215106,0.5071428418159485,0.5657370686531067,0.05522209033370018
YOL039W,YPL266W,0,0.0716733,0.5066904425621033,0.5657370686531067,0.055322129279375076
YGR118W,YGL169W,0,0.071411274,0.5062388777732849,0.5657370686531067,0.05542216822504997
YGL166W,YLR287C-A,0,0.06931191,0.5057880878448486,0.5657370686531067,0.05552220717072487
YPR132W,YNL110C,0,0.06726607,0.5053380727767944,0.5657370686531067,0.055622249841690063
YOR095C,YER109C,0,0.06707221,0.5048888921737671,0.5657370686531067,0.05572228878736496
YML121W,YMR233W,1,0.06669252,0.5053285956382751,0.5667330622673035,0.05572228878736496
YOR123C,YPL082C,1,0.0647162,0.5057675242424011,0.5677290558815002,0.05572228878736496
YPL198W,YDR206W,0,0.059039183,0.5053191781044006,0.5677290558815002,0.055822327733039856
YKL125W,YML112W,1,0.05814513,0.5057573318481445,0.5687251091003418,0.055822327733039856
YGL215W,YPL266W,0,0.05776777,0.5053097605705261,0.5687251091003418,0.05592237040400505
YGR285C,YML017W,0,0.056846254,0.5048629641532898,0.5687251091003418,0.05602240934967995
YDR026C,YLL035W,1,0.05671089,0.5053003430366516,0.5697211027145386,0.05602240934967995
YPL148C,YKL166C,0,0.056648158,0.5048543810844421,0.5697211027145386,0.05612244829535484
YGR200C,YPR017C,0,0.05511605,0.5044091939926147,0.5697211027145386,0.05622248724102974
YOR224C,YDR174W,1,0.05440917,0.5048457980155945,0.5707171559333801,0.05622248724102974
YBL054W,YCR002C,0,0.053069368,0.5044013857841492,0.5707171559333801,0.056322529911994934
YML102W,YDR341C,0,0.049440615,0.5039578080177307,0.5707171559333801,0.05642256885766983
YOL145C,YBR049C,1,0.04816585,0.5043936967849731,0.5717131495475769,0.05642256885766983
YPL128C,YGL112C,0,0.04815889,0.503950834274292,0.5717131495475769,0.05652260780334473
YOR061W,YOR295W,1,0.04734709,0.5043859481811523,0.5727091431617737,0.05652260780334473
YBL076C,YLR229C,0,0.046995886,0.503943920135498,0.5727091431617737,0.05662265047430992
YBR084W,YBR029C,0,0.045894466,0.503502607345581,0.5727091431617737,0.05672268941998482
YOR369C,YDL033C,0,0.041430794,0.5030621290206909,0.5727091431617737,0.056822728365659714
YER056C,YJL207C,0,0.040354244,0.5026223659515381,0.5727091431617737,0.05692276731133461
YOR295W,YLR418C,1,0.039594255,0.5030567646026611,0.5737051963806152,0.05692276731133461
YDR311W,YML010W,1,0.038827427,0.5034903883934021,0.574701189994812,0.05692276731133461
YJR063W,YLR418C,1,0.03715501,0.5039232969284058,0.5756971836090088,0.05692276731133461
YKL145W,YHR062C,0,0.036446206,0.503484308719635,0.5756971836090088,0.057022809982299805
YIL035C,YNL152W,0,0.03615679,0.5030461549758911,0.5756971836090088,0.0571228489279747
YLL035W,YMR176W,0,0.035904042,0.5026087164878845,0.5756971836090088,0.0572228878736496
YGL049C,YDL081C,0,0.034843706,0.50217205286026,0.5756971836090088,0.05732293054461479
YHL004W,YGL120C,0,0.033911325,0.5017361044883728,0.5756971836090088,0.05742296949028969
YPL093W,YJL099W,0,0.03286185,0.5013009309768677,0.5756971836090088,0.057523008435964584
YHR085W,YLR262C-A,0,0.030522013,0.5008665323257446,0.5756971836090088,0.05762304738163948
YBL054W,YBR291C,0,0.02977624,0.5004329085350037,0.5756971836090088,0.057723090052604675
YBL034C,YOR247W,0,0.029125506,0.5,0.5756971836090088,0.05782312899827957
YBR078W,YER147C,0,0.02890932,0.49956783652305603,0.5756971836090088,0.05792316794395447
YIL048W,YHR141C,0,0.028660262,0.49913644790649414,0.5756971836090088,0.05802321061491966
YGL049C,YOL028C,0,0.026744867,0.49870577454566956,0.5756971836090088,0.05812324956059456
YER025W,YFL049W,0,0.026391441,0.49827587604522705,0.5756971836090088,0.058223288506269455
YOR254C,YOR179C,0,0.025730873,0.49784669280052185,0.5756971836090088,0.05832333117723465
YGR166W,YDR496C,0,0.024965847,0.49741825461387634,0.5756971836090088,0.058423370122909546
YER151C,YHR069C,0,0.024048263,0.49699053168296814,0.5756971836090088,0.05852340906858444
YER148W,YOL004W,1,0.02250501,0.4974226951599121,0.5766932368278503,0.05852340906858444
YFL024C,YDR312W,0,0.021803701,0.4969957172870636,0.5766932368278503,0.05862344801425934
YGL043W,YJL006C,1,0.021635668,0.4974271059036255,0.5776892304420471,0.05862344801425934
YML043C,YLL035W,1,0.0178931,0.4978577494621277,0.5786852836608887,0.05862344801425934
YKL139W,YNL330C,1,0.0174815,0.4982876777648926,0.5796812772750854,0.05862344801425934
YDL045W-A,YGR145W,0,0.016641045,0.49786141514778137,0.5796812772750854,0.05872349068522453
YHL025W,YJL109C,1,0.015086556,0.4982905983924866,0.5806772708892822,0.05872349068522453
YPR132W,YOR281C,0,0.014925027,0.49786508083343506,0.5806772708892822,0.05882352963089943
YAL053W,YDR060W,0,0.014408233,0.49744027853012085,0.5806772708892822,0.058923568576574326
YKL116C,YPR102C,0,0.014093066,0.49701619148254395,0.5806772708892822,0.05902361124753952
YBR084W,YDR382W,0,0.012779677,0.49659284949302673,0.5806772708892822,0.059123650193214417
YMR225C,YOL006C,0,0.011907527,0.4961702227592468,0.5806772708892822,0.05922368913888931
YBL004W,YIL150C,0,0.010156715,0.4957483112812042,0.5806772708892822,0.05932372808456421
YGR118W,YER161C,0,0.009134421,0.4953271150588989,0.5806772708892822,0.059423770755529404
YJL087C,YMR116C,0,0.0037365202,0.49490663409233093,0.5806772708892822,0.0595238097012043
YOR047C,YPR034W,0,0.00037016906,0.49448683857917786,0.5806772708892822,0.059623848646879196
YPL129W,YOL005C,0,-0.003508484,0.4940677881240845,0.5806772708892822,0.05972389131784439
YDR224C,YAL011W,0,-0.0046238657,0.4936494529247284,0.5806772708892822,0.05982393026351929
YPR010C,YDR156W,1,-0.0050885137,0.4940778315067291,0.5816733241081238,0.05982393026351929
YNL227C,YPL052W,0,-0.0060530957,0.49366018176078796,0.5816733241081238,0.05992396920919418
YLR075W,YHR141C,0,-0.012223845,0.4932432472705841,0.5816733241081238,0.06002400815486908
YOR174W,YLR287C-A,0,-0.013805343,0.49282699823379517,0.5816733241081238,0.060124050825834274
YGR221C,YOR369C,0,-0.014332971,0.49241146445274353,0.5816733241081238,0.06022408977150917
YDR473C,YOR233W,0,-0.014436876,0.4919966161251068,0.5816733241081238,0.06032412871718407
YKR094C,YHR083W,0,-0.015459945,0.4915824830532074,0.5816733241081238,0.06042417138814926
YBR067C,YGL032C,0,-0.015524065,0.4911690354347229,0.5816733241081238,0.06052421033382416
YMR270C,YML062C,0,-0.015883861,0.4907563030719757,0.5816733241081238,0.060624249279499054
YPL273W,YLR129W,0,-0.016020333,0.49034425616264343,0.5816733241081238,0.06072428822517395
YCR077C,YER117W,0,-0.017713105,0.4899328947067261,0.5816733241081238,0.060824330896139145
YOR174W,YDL081C,0,-0.019410891,0.48952221870422363,0.5816733241081238,0.06092436984181404
YMR035W,YHR085W,0,-0.020738697,0.4891122281551361,0.5816733241081238,0.06102440878748894
YML112W,YER164W,1,-0.021370267,0.4895397424697876,0.5826693177223206,0.06102440878748894
YOR295W,YER164W,1,-0.021995341,0.4899665415287018,0.5836653113365173,0.06102440878748894
YPL029W,YDR206W,0,-0.022085344,0.4895572364330292,0.5836653113365173,0.06112445145845413
YDL108W,YJL006C,1,-0.023865646,0.48998332023620605,0.5846613645553589,0.06112445145845413
YOR224C,YOL004W,1,-0.025378628,0.49040868878364563,0.5856573581695557,0.06112445145845413
YOR188W,YGL019W,0,-0.025431281,0.49000000953674316,0.5856573581695557,0.06122449040412903
YGR200C,YLR182W,0,-0.025840586,0.4895920157432556,0.5856573581695557,0.061324529349803925
YNL068C,YNL290W,0,-0.025911903,0.4891846776008606,0.5856573581695557,0.06142456829547882
YPR010C,YLR141W,1,-0.026011592,0.4896093010902405,0.5866534113883972,0.06142456829547882
YHR143W-A,YGR063C,1,-0.029062485,0.49003320932388306,0.587649405002594,0.06142456829547882
YLR141W,YNL113W,1,-0.03045868,0.4904564321041107,0.5886453986167908,0.06142456829547882
YOL142W,YLR429W,0,-0.030609464,0.4900497496128082,0.5886453986167908,0.061524610966444016
YBL004W,YNL021W,0,-0.030696517,0.48964375257492065,0.5886453986167908,0.06162464991211891
YGR002C,YDL074C,0,-0.030921733,0.4892384111881256,0.5886453986167908,0.06172468885779381
YOR104W,YKL021C,0,-0.03243635,0.4888337552547455,0.5886453986167908,0.061824731528759
YCR063W,YEL015W,0,-0.034879647,0.4884297549724579,0.5886453986167908,0.0619247704744339
YDR083W,YDL224C,0,-0.03691546,0.4880264103412628,0.5886453986167908,0.062024809420108795
YJL096W,YOL027C,0,-0.038761042,0.48762375116348267,0.5886453986167908,0.06212484836578369
YPL156C,YJL148W,0,-0.03969913,0.48722177743911743,0.5886453986167908,0.062224891036748886
YBL076C,YCR034W,0,-0.040024675,0.48682042956352234,0.5886453986167908,0.06232492998242378
YNL259C,YJR112W,0,-0.040032886,0.48641976714134216,0.5886453986167908,0.06242496892809868
YDL076C,YPL126W,1,-0.043977894,0.4868420958518982,0.5896414518356323,0.06242496892809868
YBR123C,YIL018W,0,-0.04464834,0.48644205927848816,0.5896414518356323,0.06252501159906387
YOR026W,YLR182W,0,-0.044726953,0.48604267835617065,0.5896414518356323,0.06262505054473877
YHR119W,YEL015W,0,-0.044948347,0.48564398288726807,0.5896414518356323,0.06272508949041367
YPL030W,YDR405W,0,-0.046262242,0.4852459132671356,0.5896414518356323,0.06282512843608856
YLR405W,YDR367W,0,-0.048127547,0.4848484992980957,0.5896414518356323,0.06292516738176346
YHR069C,YIL014W,0,-0.04847841,0.4844517111778259,0.5896414518356323,0.06302521377801895
YDR499W,YKR028W,0,-0.04954142,0.48405560851097107,0.5896414518356323,0.06312525272369385
YBL034C,YGL120C,0,-0.050398447,0.48366013169288635,0.5896414518356323,0.06322529166936874
YHR143W-A,YDR311W,1,-0.051219292,0.4840816259384155,0.5906374454498291,0.06322529166936874
YDR201W,YEL042W,0,-0.05124847,0.48368677496910095,0.5906374454498291,0.06332533061504364
YMR233W,YER164W,1,-0.054945104,0.4841075837612152,0.5916334390640259,0.06332533061504364
YKR079C,YDR418W,0,-0.056945033,0.4837133586406708,0.5916334390640259,0.06342536956071854
YNL229C,YDL060W,0,-0.057068594,0.4833197593688965,0.5916334390640259,0.06352540850639343
YLR262C-A,YOR075W,0,-0.059493132,0.4829268157482147,0.5916334390640259,0.06362544745206833
YIL044C,YDL102W,0,-0.059527777,0.4825345277786255,0.5916334390640259,0.06372549384832382
YPR187W,YDR174W,1,-0.060049243,0.4829545319080353,0.5926294922828674,0.06372549384832382
YBR162W-A,YIL046W,0,-0.06046646,0.4825628399848938,0.5926294922828674,0.06382553279399872
YJL148W,YLR141W,1,-0.06140832,0.48298215866088867,0.5936254858970642,0.06382553279399872
YIL148W,YNL021W,0,-0.062669344,0.48259109258651733,0.5936254858970642,0.06392557173967361
YLR418C,YDL108W,1,-0.0631415,0.4830096960067749,0.5946215391159058,0.06392557173967361
YNL097C,YFL023W,1,-0.06479452,0.48342764377593994,0.5956175327301025,0.06392557173967361
YLR141W,YDR324C,1,-0.06520658,0.48384490609169006,0.5966135263442993,0.06392557173967361
YNL182C,YGL219C,0,-0.06598491,0.4834544062614441,0.5966135263442993,0.06402561068534851
YPL226W,YDL161W,0,-0.06698225,0.4830645024776459,0.5966135263442993,0.06412564963102341
YIL148W,YFR028C,0,-0.06704334,0.4826752543449402,0.5966135263442993,0.0642256885766983
YNR009W,YKL099C,0,-0.06773637,0.48228663206100464,0.5966135263442993,0.0643257275223732
YOL141W,YOL006C,0,-0.0680496,0.48189863562583923,0.5966135263442993,0.06442577391862869
YLR075W,YPL188W,0,-0.06902782,0.48151126503944397,0.5966135263442993,0.06452581286430359
YOL051W,YAL003W,0,-0.06969223,0.48112449049949646,0.5966135263442993,0.06462585180997849
YCR063W,YFR031C-A,0,-0.070495285,0.4807383716106415,0.5966135263442993,0.06472589075565338
YPR017C,YPR139C,0,-0.07304304,0.48035284876823425,0.5966135263442993,0.06482592970132828
YDR398W,YNL139C,1,-0.07539492,0.48076921701431274,0.5976095795631409,0.06482592970132828
YOR076C,YJR112W,0,-0.07584461,0.48038432002067566,0.5976095795631409,0.06492596864700317
YOR297C,YLR405W,0,-0.07789145,0.47999998927116394,0.5976095795631409,0.06502600759267807
YGL167C,YGR034W,0,-0.07831619,0.47961631417274475,0.5976095795631409,0.06512605398893356
YER129W,YIL104C,0,-0.078946926,0.4792332351207733,0.5976095795631409,0.06522609293460846
YGR227W,YHR141C,0,-0.080560915,0.47885075211524963,0.5976095795631409,0.06532613188028336
YPR164W,YFL047W,0,-0.081187285,0.4784688949584961,0.5976095795631409,0.06542617082595825
YKL022C,YGR152C,0,-0.08143594,0.4780876636505127,0.5976095795631409,0.06552620977163315
YJL029C,YJL081C,0,-0.081656985,0.47770699858665466,0.5976095795631409,0.06562624871730804
YDR087C,YGR063C,0,-0.08245275,0.4773269593715668,0.5976095795631409,0.06572628766298294
YER155C,YOR159C,0,-0.08460915,0.476947546005249,0.5976095795631409,0.06582633405923843
YNL097C,YNL113W,1,-0.0853079,0.4773629903793335,0.5986055731773376,0.06582633405923843
YGL110C,YLR083C,0,-0.08723666,0.4769841134548187,0.5986055731773376,0.06592637300491333
YOL145C,YPL082C,1,-0.08754472,0.47739890217781067,0.5996015667915344,0.06592637300491333
YMR028W,YOR119C,1,-0.08789656,0.4778130054473877,0.600597620010376,0.06592637300491333
YPL139C,YMR233W,1,-0.08835269,0.4782264530658722,0.6015936136245728,0.06592637300491333
YGL019W,YML112W,1,-0.088501744,0.47863924503326416,0.6025896668434143,0.06592637300491333
YER025W,YER155C,0,-0.088811405,0.47826087474823,0.6025896668434143,0.06602641195058823
YDL076C,YHR196W,1,-0.08927835,0.47867298126220703,0.6035856604576111,0.06602641195058823
YDR087C,YPR122W,0,-0.08997459,0.4782951772212982,0.6035856604576111,0.06612645089626312
YDR311W,YJL006C,1,-0.091837354,0.47870662808418274,0.6045816540718079,0.06612645089626312
YKL191W,YGL129C,0,-0.09255811,0.4783293902873993,0.6045816540718079,0.06622648984193802
YBR078W,YPL140C,0,-0.09322016,0.4779527485370636,0.6045816540718079,0.06632652878761292
YLR316C,YML116W,0,-0.095773794,0.47757670283317566,0.6045816540718079,0.06642656773328781
YGR155W,YHR012W,0,-0.095794536,0.4772012531757355,0.6045816540718079,0.0665266141295433
YPL139C,YOR039W,1,-0.097313814,0.4776119291782379,0.6055777072906494,0.0665266141295433
YLR449W,YNL231C,0,-0.09783227,0.4772370457649231,0.6055777072906494,0.0666266530752182
YGR191W,YPL235W,0,-0.101614095,0.47686275839805603,0.6055777072906494,0.0667266920208931
YNL248C,YGR063C,1,-0.102747835,0.47727271914482117,0.6065737009048462,0.0667266920208931
YGL031C,YGL056C,0,-0.10430043,0.4768989682197571,0.6065737009048462,0.066826730966568
YMR028W,YDR174W,1,-0.10473523,0.4773083031177521,0.607569694519043,0.066826730966568
YOR123C,YGL244W,1,-0.10529772,0.47771695256233215,0.6085657477378845,0.066826730966568
YBL092W,YLR310C,0,-0.107676245,0.47734373807907104,0.6085657477378845,0.06692676991224289
YIL110W,YPL052W,0,-0.10922786,0.4769711196422577,0.6085657477378845,0.06702680885791779
YLR244C,YML016C,0,-0.10924751,0.4765990674495697,0.6085657477378845,0.06712684780359268
YMR138W,YGL030W,0,-0.11027629,0.4762275815010071,0.6085657477378845,0.06722689419984818
YOL092W,YDL241W,0,-0.11095291,0.4758566915988922,0.6085657477378845,0.06732693314552307
YNR009W,YKL139W,0,-0.11096913,0.4754863679409027,0.6085657477378845,0.06742697209119797
YGR262C,YBR079C,0,-0.11227947,0.47511664032936096,0.6085657477378845,0.06752701103687286
YOR341W,YML112W,1,-0.11400785,0.4755244851112366,0.6095617413520813,0.06752701103687286
YDR047W,YPL266W,0,-0.11625288,0.4751552939414978,0.6095617413520813,0.06762704998254776
YOR104W,YKL024C,0,-0.11659569,0.4747866690158844,0.6095617413520813,0.06772708892822266
YDR349C,YCL066W,0,-0.11801005,0.47441861033439636,0.6095617413520813,0.06782712787389755
YGL013C,YDR083W,0,-0.12092722,0.4740511178970337,0.6095617413520813,0.06792717427015305
YIL035C,YGL043W,1,-0.12362204,0.4744582176208496,0.6105577945709229,0.06792717427015305
YDL241W,YOR078W,0,-0.12386539,0.4740912616252899,0.6105577945709229,0.06802721321582794
YBL025W,YGL043W,1,-0.12405715,0.4744976758956909,0.6115537881851196,0.06802721321582794
YBR254C,YJL200C,0,-0.124460764,0.4741312861442566,0.6115537881851196,0.06812725216150284
YBR274W,YHL001W,0,-0.12456075,0.47376543283462524,0.6115537881851196,0.06822729110717773
YBR123C,YOL142W,0,-0.12715477,0.47340014576911926,0.6115537881851196,0.06832733005285263
YLR141W,YKL125W,1,-0.12805268,0.47380584478378296,0.6125497817993164,0.06832733005285263
YPL169C,YJR144W,0,-0.13166296,0.47344109416007996,0.6125497817993164,0.06842736899852753
YDR156W,YJL006C,1,-0.13213068,0.4738461673259735,0.613545835018158,0.06842736899852753
YFR051C,YEL042W,0,-0.13213888,0.4734819233417511,0.613545835018158,0.06852740794420242
YOR039W,YML043C,1,-0.13309021,0.4738863408565521,0.6145418286323547,0.06852740794420242
YCL061C,YHR141C,0,-0.13523072,0.4735226333141327,0.6145418286323547,0.06862745434045792
YHL003C,YGL031C,0,-0.135712,0.473159521818161,0.6145418286323547,0.06872749328613281
YOR295W,YLL035W,1,-0.13611178,0.47356322407722473,0.6155378222465515,0.06872749328613281
YHR085W,YAL002W,0,-0.13616744,0.47320061922073364,0.6155378222465515,0.06882753223180771
YMR012W,YAL033W,0,-0.13687016,0.47283855080604553,0.6155378222465515,0.0689275711774826
YIR012W,YCR073C,0,-0.13735077,0.4724770784378052,0.6155378222465515,0.0690276101231575
YMR235C,YMR028W,0,-0.13794935,0.4721161127090454,0.6155378222465515,0.0691276490688324
YKL004W,YLR166C,0,-0.13838553,0.471755713224411,0.6155378222465515,0.0692276880145073
YNL182C,YGL256W,0,-0.14146033,0.471395879983902,0.6155378222465515,0.06932773441076279
YOR281C,YLR055C,0,-0.14192125,0.4710365831851959,0.6155378222465515,0.06942777335643768
YER025W,YGR152C,0,-0.14320743,0.47067782282829285,0.6155378222465515,0.06952781230211258
YER126C,YKL137W,0,-0.14343357,0.47031962871551514,0.6155378222465515,0.06962785124778748
YPL085W,YBR079C,0,-0.14363603,0.4699619710445404,0.6155378222465515,0.06972789019346237
YML043C,YNL139C,1,-0.14384162,0.4703647494316101,0.6165338754653931,0.06972789019346237
YLR167W,YPR164W,0,-0.14468633,0.47000759840011597,0.6165338754653931,0.06982792913913727
YKR002W,YGL092W,0,-0.14550118,0.4696509838104248,0.6165338754653931,0.06992796808481216
YPL050C,YGL035C,0,-0.14605644,0.4692949056625366,0.6165338754653931,0.07002801448106766
YIL035C,YBR049C,1,-0.14626631,0.469696968793869,0.6175298690795898,0.07002801448106766
YJL041W,YGL092W,0,-0.14928368,0.4693413972854614,0.6175298690795898,0.07012805342674255
YHR143W-A,YOR210W,1,-0.1495218,0.4697428047657013,0.6185259222984314,0.07012805342674255
YHR170W,YKL084W,0,-0.15017292,0.4693877696990967,0.6185259222984314,0.07022809237241745
YLR348C,YHR085W,0,-0.15211317,0.46903324127197266,0.6185259222984314,0.07032813131809235
YIL035C,YOR148C,0,-0.15252738,0.4686792492866516,0.6185259222984314,0.07042817026376724
YOL051W,YPR102C,0,-0.15369406,0.46832579374313354,0.6185259222984314,0.07052820920944214
YPR187W,YNL139C,1,-0.1582648,0.4687264561653137,0.6195219159126282,0.07052820920944214
YMR233W,YLL035W,1,-0.15933837,0.46912649273872375,0.620517909526825,0.07052820920944214
YLR449W,YBR291C,0,-0.16155517,0.4687735140323639,0.620517909526825,0.07062824815511703
YDR367W,YLR129W,0,-0.16305298,0.4684210419654846,0.620517909526825,0.07072829455137253
YML063W,YOR133W,0,-0.16356191,0.4680691063404083,0.620517909526825,0.07082833349704742
YKL006W,YOR196C,0,-0.1663498,0.467717707157135,0.620517909526825,0.07092837244272232
YGR262C,YLR397C,0,-0.16639262,0.4673668444156647,0.620517909526825,0.07102841138839722
YCL055W,YDR167W,0,-0.16667676,0.4670164883136749,0.620517909526825,0.07112845033407211
YGR124W,YJR010C-A,0,-0.16807912,0.46666666865348816,0.620517909526825,0.07122848927974701
YBL025W,YDR382W,0,-0.16893099,0.466317355632782,0.620517909526825,0.0713285282254219
YPL082C,YGL244W,1,-0.1708816,0.4667165279388428,0.6215139627456665,0.0713285282254219
YBL025W,YBR049C,1,-0.17148408,0.4671151041984558,0.6225099563598633,0.0713285282254219
YIR012W,YPR089W,0,-0.1715585,0.46676623821258545,0.6225099563598633,0.0714285746216774
YGR105W,YJL081C,0,-0.17167869,0.46641790866851807,0.6225099563598633,0.0715286135673523
YGL028C,YBR067C,0,-0.17178717,0.4660700857639313,0.6225099563598633,0.07162865251302719
YJL025W,YPR141C,0,-0.17265335,0.46572279930114746,0.6225099563598633,0.07172869145870209
YNL291C,YIL104C,0,-0.17315914,0.46537601947784424,0.6225099563598633,0.07182873040437698
YAL053W,YGL031C,0,-0.17394325,0.465029776096344,0.6225099563598633,0.07192876935005188
YOR104W,YOR159C,0,-0.17535849,0.46468400955200195,0.6225099563598633,0.07202880829572678
YDR322W,YJL179W,0,-0.17744099,0.4643387794494629,0.6225099563598633,0.07212885469198227
YPL122C,YPL052W,0,-0.1785843,0.4639940559864044,0.6225099563598633,0.07222889363765717
YIL158W,YOR310C,0,-0.18063122,0.46364983916282654,0.6225099563598633,0.07232893258333206
YCL037C,YOR369C,0,-0.18070856,0.46330615878105164,0.6225099563598633,0.07242897152900696
YEL021W,YDR378C,0,-0.18081665,0.46296295523643494,0.6225099563598633,0.07252901047468185
YKR060W,YIL014W,0,-0.18103577,0.4626202881336212,0.6225099563598633,0.07262904942035675
YCR063W,YDR002W,0,-0.18115589,0.4622780978679657,0.6225099563598633,0.07272908836603165
YOR204W,YDL074C,0,-0.18251702,0.46193644404411316,0.6225099563598633,0.07282913476228714
YGL112C,YOR148C,0,-0.18577993,0.4615952670574188,0.6225099563598633,0.07292917370796204
YGR006W,YHR170W,0,-0.1886144,0.46125462651252747,0.6225099563598633,0.07302921265363693
YDL154W,YDR450W,0,-0.1907384,0.4609144628047943,0.6225099563598633,0.07312925159931183
YLR382C,YGR152C,0,-0.19127978,0.46057480573654175,0.6225099563598633,0.07322929054498672
YDL184C,YBR058C,0,-0.19167405,0.4602356553077698,0.6225099563598633,0.07332932949066162
YGR063C,YOR119C,1,-0.19214204,0.4606328308582306,0.6235059499740601,0.07332932949066162
YNR009W,YHR200W,0,-0.19286858,0.46029412746429443,0.6235059499740601,0.07342936843633652
YIL070C,YDR075W,0,-0.19364823,0.4599559009075165,0.6235059499740601,0.07352941483259201
YBR049C,YMR233W,1,-0.19778283,0.46035242080688477,0.6245020031929016,0.07352941483259201
YDR311W,YDL108W,1,-0.19921741,0.4607483446598053,0.6254979968070984,0.07352941483259201
YDR217C,YER183C,0,-0.19966489,0.46041056513786316,0.6254979968070984,0.0736294537782669
YGL144C,YGR057C,0,-0.20058823,0.4600732624530792,0.6254979968070984,0.0737294927239418
YHR065C,YJR133W,0,-0.20201945,0.4597364664077759,0.6254979968070984,0.0738295316696167
YJL025W,YLR418C,1,-0.20277078,0.4601316750049591,0.6264940500259399,0.0738295316696167
YPL139C,YHR205W,1,-0.20328793,0.46052631735801697,0.6274900436401367,0.0738295316696167
YIR012W,YKL137W,0,-0.20473772,0.46018990874290466,0.6274900436401367,0.0739295706152916
YKL068W,YHR020W,0,-0.20511468,0.45985400676727295,0.6274900436401367,0.07402960956096649
YMR216C,YDL153C,0,-0.20559241,0.4595186114311218,0.6274900436401367,0.07412964850664139
YPL063W,YLR262C-A,0,-0.20589378,0.4591836631298065,0.6274900436401367,0.07422969490289688
YCL030C,YKL006C-A,0,-0.20688388,0.4588492214679718,0.6274900436401367,0.07432973384857178
YHR079C,YKL024C,0,-0.2070529,0.4585152864456177,0.6274900436401367,0.07442977279424667
YPL029W,YDR311W,0,-0.20731172,0.45818182826042175,0.6274900436401367,0.07452981173992157
YPR017C,YJR016C,0,-0.21004428,0.45784884691238403,0.6274900436401367,0.07462985068559647
YMR207C,YLR129W,0,-0.21057102,0.4575163424015045,0.6274900436401367,0.07472988963127136
YPL266W,YLR403W,0,-0.2111637,0.4571843147277832,0.6274900436401367,0.07482992857694626
YIL018W,YBR079C,0,-0.21133754,0.4568527936935425,0.6274900436401367,0.07492997497320175
YEL032W,YMR308C,0,-0.21313289,0.45652174949645996,0.6274900436401367,0.07503001391887665
YPR144C,YJR124C,0,-0.21367976,0.45619115233421326,0.6274900436401367,0.07513005286455154
YDR418W,YKL114C,0,-0.21578783,0.45586106181144714,0.6274900436401367,0.07523009181022644
YPR112C,YHR184W,0,-0.21633205,0.45553144812583923,0.6274900436401367,0.07533013075590134
YMR131C,YPL052W,0,-0.21681657,0.4552023112773895,0.6274900436401367,0.07543016970157623
YPL266W,YDL154W,0,-0.21743256,0.454873651266098,0.6274900436401367,0.07553020864725113
YDR382W,YDL107W,0,-0.21890888,0.4545454680919647,0.6274900436401367,0.07563025504350662
YJR031C,YOL045W,0,-0.22053972,0.45421773195266724,0.6274900436401367,0.07573029398918152
YHR184W,YDR382W,0,-0.22087255,0.45389050245285034,0.6274900436401367,0.07583033293485641
YGL019W,YJL006C,1,-0.22130707,0.4542836546897888,0.6284860372543335,0.07583033293485641
YJL122W,YBL002W,0,-0.22152314,0.45395684242248535,0.6284860372543335,0.07593037188053131
YDL225W,YBL092W,0,-0.22229767,0.4536304771900177,0.6284860372543335,0.07603041082620621
YJR010C-A,YER013W,0,-0.22293484,0.45330458879470825,0.6284860372543335,0.0761304497718811
YNL272C,YMR131C,0,-0.2230728,0.452979177236557,0.6284860372543335,0.076230488717556
YFR031C-A,YLR409C,0,-0.2231023,0.45265424251556396,0.6284860372543335,0.07633053511381149
YDR097C,YKR063C,0,-0.2235154,0.45232975482940674,0.6284860372543335,0.07643057405948639
YML116W,YGL186C,0,-0.2241563,0.4520057439804077,0.6284860372543335,0.07653061300516129
YBR242W,YPL266W,0,-0.22782972,0.4516821801662445,0.6284860372543335,0.07663065195083618
YPR144C,YOL020W,0,-0.22869456,0.4513590931892395,0.6284860372543335,0.07673069089651108
YML032C,YGR211W,0,-0.22882923,0.4510364532470703,0.6284860372543335,0.07683072984218597
YGR108W,YER173W,0,-0.23164752,0.4507142901420593,0.6284860372543335,0.07693076878786087
YHR065C,YPL259C,0,-0.23173234,0.45039257407188416,0.6284860372543335,0.07703081518411636
YFR031C-A,YMR162C,0,-0.23200889,0.4500713348388672,0.6284860372543335,0.07713085412979126
YDR496C,YPR008W,0,-0.23254505,0.44975054264068604,0.6284860372543335,0.07723089307546616
YHR065C,YFL005W,0,-0.23346746,0.4494301974773407,0.6284860372543335,0.07733093202114105
YLR141W,YFR028C,1,-0.23393732,0.4498220682144165,0.629482090473175,0.07733093202114105
YPL128C,YML063W,0,-0.23466301,0.4495021402835846,0.629482090473175,0.07743097096681595
YDR037W,YDR219C,0,-0.2350375,0.4491826593875885,0.629482090473175,0.07753100991249084
YOR078W,YDR407C,0,-0.23537812,0.4488636255264282,0.629482090473175,0.07763104885816574
YPR010C,YOR210W,1,-0.23665833,0.4492547810077667,0.6304780840873718,0.07763104885816574
YLR044C,YCL061C,0,-0.23699322,0.4489361643791199,0.6304780840873718,0.07773109525442123
YPR010C,YDR398W,1,-0.23716834,0.4493267238140106,0.6314740777015686,0.07773109525442123
YAL033W,YOR332W,0,-0.23728849,0.4490084946155548,0.6314740777015686,0.07783113420009613
YGL019W,YOR341W,1,-0.23967873,0.4493984282016754,0.6324701309204102,0.07783113420009613
YDR385W,YMR308C,0,-0.24179378,0.44908061623573303,0.6324701309204102,0.07793117314577103
YBL004W,YGR002C,0,-0.24217829,0.44876325130462646,0.6324701309204102,0.07803121209144592
YJL025W,YDR138W,1,-0.24371102,0.44915252923965454,0.6334661245346069,0.07803121209144592
YGL247W,YML102W,0,-0.24375601,0.4488355815410614,0.6334661245346069,0.07813125103712082
YLR242C,YHR062C,0,-0.24458806,0.4485190510749817,0.6334661245346069,0.07823128998279572
YOR061W,YIL035C,1,-0.24507597,0.44890767335891724,0.6344621777534485,0.07823128998279572
YKL139W,YDR174W,1,-0.24970943,0.4492957890033722,0.6354581713676453,0.07823128998279572
YOR231W,YBL054W,0,-0.25216335,0.44897958636283875,0.6354581713676453,0.07833132892847061
YOL004W,YLL035W,1,-0.25252575,0.44936707615852356,0.636454164981842,0.07833132892847061
YLR188W,YPL266W,0,-0.2554987,0.44905129075050354,0.636454164981842,0.0784313753247261
YMR138W,YDL184C,0,-0.2564899,0.44873595237731934,0.636454164981842,0.078531414270401
YER155C,YGL030W,0,-0.2565215,0.44842106103897095,0.636454164981842,0.0786314532160759
YMR028W,YML043C,1,-0.25798437,0.44880786538124084,0.6374502182006836,0.0786314532160759
YBR162W-A,YKL084W,0,-0.25815228,0.4484933316707611,0.6374502182006836,0.0787314921617508
YDR339C,YPR082C,0,-0.25898808,0.4481792747974396,0.6374502182006836,0.07883153110742569
YLR448W,YBR135W,0,-0.26058093,0.44786563515663147,0.6374502182006836,0.07893157005310059
YNL248C,YDL076C,1,-0.26065245,0.44825175404548645,0.6384462118148804,0.07893157005310059
YGR285C,YNL070W,0,-0.26089942,0.4479385018348694,0.6384462118148804,0.07903160899877548
YDR447C,YMR176W,0,-0.26207018,0.44762569665908813,0.6384462118148804,0.07913165539503098
YML121W,YNL113W,1,-0.26221898,0.4480111598968506,0.6394422054290771,0.07913165539503098
YLR083C,YHR166C,0,-0.26441935,0.4476987421512604,0.6394422054290771,0.07923169434070587
YGR061C,YOR179C,0,-0.26446238,0.447386771440506,0.6394422054290771,0.07933173328638077
YOL145C,YOL004W,1,-0.2661067,0.4477715790271759,0.6404382586479187,0.07933173328638077
YPL244C,YMR059W,0,-0.26648772,0.44745999574661255,0.6404382586479187,0.07943177223205566
YML094W,YMR116C,0,-0.26691023,0.4471488296985626,0.6404382586479187,0.07953181117773056
YGR105W,YIL053W,0,-0.26960447,0.4468380808830261,0.6404382586479187,0.07963185012340546
YJR072C,YGR108W,0,-0.27420643,0.44652777910232544,0.6404382586479187,0.07973188906908035
YBR130C,YIL085C,0,-0.27596018,0.4462178945541382,0.6404382586479187,0.07983193546533585
YER117W,YHR166C,0,-0.2760877,0.44590845704078674,0.6404382586479187,0.07993197441101074
YOR039W,YML112W,1,-0.27628762,0.4462924599647522,0.6414342522621155,0.07993197441101074
YHR141C,YDR320C-A,0,-0.27824777,0.4459833800792694,0.6414342522621155,0.08003201335668564
YPR010C,YLL035W,1,-0.27826884,0.4463667869567871,0.642430305480957,0.08003201335668564
YIL127C,YDR176W,0,-0.27953398,0.44605809450149536,0.642430305480957,0.08013205230236053
YNL225C,YNL291C,0,-0.27988368,0.44574981927871704,0.642430305480957,0.08023209124803543
YIL158W,YGL030W,0,-0.28014278,0.44544199109077454,0.642430305480957,0.08033213019371033
YLR233C,YFR001W,0,-0.28067183,0.44513458013534546,0.642430305480957,0.08043217658996582
YMR283C,YOL143C,0,-0.28088397,0.4448275864124298,0.642430305480957,0.08053221553564072
YER126C,YGR191W,0,-0.28156963,0.4445210099220276,0.642430305480957,0.08063225448131561
YGR061C,YDR023W,0,-0.28180376,0.4442148804664612,0.642430305480957,0.08073229342699051
YBL076C,YOL045W,0,-0.28287306,0.4439091682434082,0.642430305480957,0.0808323323726654
YOL141W,YDR378C,0,-0.28569496,0.44360384345054626,0.642430305480957,0.0809323713183403
YEL003W,YDR079W,0,-0.2868452,0.44329896569252014,0.642430305480957,0.0810324102640152
YGR105W,YPL254W,0,-0.2886007,0.44299450516700745,0.642430305480957,0.08113245666027069
YGR054W,YGR060W,0,-0.2895289,0.4426904618740082,0.642430305480957,0.08123249560594559
YKL041W,YMR283C,0,-0.29105854,0.44238683581352234,0.642430305480957,0.08133253455162048
YML094W,YDR405W,0,-0.2925568,0.4420836269855499,0.642430305480957,0.08143257349729538
YOR224C,YNL139C,1,-0.292685,0.44246575236320496,0.6434262990951538,0.08143257349729538
YMR067C,YDL060W,0,-0.29376104,0.4421629011631012,0.6434262990951538,0.08153261244297028
YDR156W,YGL019W,1,-0.29410848,0.44254446029663086,0.6444222927093506,0.08153261244297028
YNL135C,YGR145W,0,-0.29509482,0.44224196672439575,0.6444222927093506,0.08163265138864517
YPL226W,YML072C,0,-0.29631478,0.4419398903846741,0.6444222927093506,0.08173269033432007
YBR189W,YKR100C,0,-0.3004809,0.4416382312774658,0.6444222927093506,0.08183273673057556
YOR295W,YMR270C,1,-0.30218095,0.44201910495758057,0.6454183459281921,0.08183273673057556
YCR093W,YKL139W,0,-0.30317098,0.44171780347824097,0.6454183459281921,0.08193277567625046
YKL174C,YER107C,0,-0.30576056,0.4414168894290924,0.6454183459281921,0.08203281462192535
YPL207W,YML127W,0,-0.30988947,0.4411163926124573,0.6454183459281921,0.08213285356760025
YDR156W,YBL025W,1,-0.3113797,0.4414966106414795,0.6464143395423889,0.08213285356760025
YPR187W,YLR141W,1,-0.31281945,0.44187626242637634,0.6474103331565857,0.08213285356760025
YGL213C,YGL223C,0,-0.31356543,0.4415760934352875,0.6474103331565857,0.08223289251327515
YFR013W,YJL035C,0,-0.31567279,0.44127631187438965,0.6474103331565857,0.08233293145895004
YMR028W,YFR028C,1,-0.31571695,0.44165536761283875,0.6484063863754272,0.08233293145895004
YER082C,YLR386W,0,-0.31600448,0.44135594367980957,0.6484063863754272,0.08243297040462494
YMR308C,YKL006W,0,-0.31619498,0.44105690717697144,0.6484063863754272,0.08253301680088043
YOR127W,YKR063C,0,-0.31621787,0.44075828790664673,0.6484063863754272,0.08263305574655533
YGL120C,YJR016C,0,-0.31645736,0.44046008586883545,0.6484063863754272,0.08273309469223022
YCR063W,YOL135C,0,-0.32131118,0.4401622712612152,0.6484063863754272,0.08283313363790512
YMR269W,YLR353W,0,-0.3242252,0.4398648738861084,0.6484063863754272,0.08293317258358002
YBR189W,YLL035W,0,-0.32441834,0.4395678639411926,0.6484063863754272,0.08303321152925491
YBL092W,YBR084W,0,-0.3250167,0.4392712414264679,0.6484063863754272,0.08313325047492981
YML008C,YBR242W,0,-0.3253948,0.4389750361442566,0.6484063863754272,0.0832332968711853
YIL104C,YPR122W,0,-0.3256165,0.4386792480945587,0.6484063863754272,0.0833333358168602
YGL166W,YGR145W,0,-0.32673356,0.4383838474750519,0.6484063863754272,0.0834333747625351
YBL014C,YHR205W,1,-0.3276408,0.43876177072525024,0.649402379989624,0.0834333747625351
YLR200W,YLR130C,0,-0.32791728,0.4384666979312897,0.649402379989624,0.08353341370820999
YNL078W,YGR145W,0,-0.3279418,0.43817204236984253,0.649402379989624,0.08363345265388489
YMR028W,YLL035W,1,-0.32926238,0.43854936957359314,0.6503984332084656,0.08363345265388489
YLR244C,YGL195W,0,-0.32966098,0.43825504183769226,0.6503984332084656,0.08373349159955978
YGL013C,YBL002W,0,-0.33140704,0.4379611015319824,0.6503984332084656,0.08383353054523468
YNL243W,YDL226C,0,-0.3314844,0.4376675486564636,0.6503984332084656,0.08393357694149017
YOR295W,YFR028C,1,-0.33203018,0.4380442202091217,0.6513944268226624,0.08393357694149017
YLR083C,YKR002W,0,-0.3334795,0.43775099515914917,0.6513944268226624,0.08403361588716507
YOL066C,YKL139W,0,-0.3347365,0.43745818734169006,0.6513944268226624,0.08413365483283997
YJR101W,YBL014C,0,-0.3357801,0.437165766954422,0.6513944268226624,0.08423369377851486
YER155C,YML094W,0,-0.33585808,0.43687373399734497,0.6513944268226624,0.08433373272418976
YJL179W,YOR196C,0,-0.33663186,0.43658211827278137,0.6513944268226624,0.08443377166986465
YDL005C,YKL137W,0,-0.33693108,0.4362908601760864,0.6513944268226624,0.08453381061553955
YOR061W,YPL082C,1,-0.33711722,0.43666666746139526,0.6523904204368591,0.08453381061553955
YLR418C,YGL043W,1,-0.3397424,0.4370419681072235,0.6533864736557007,0.08453381061553955
YDR217C,YDR405W,0,-0.34138072,0.43675100803375244,0.6533864736557007,0.08463385701179504
YOR254C,YHR166C,0,-0.34183148,0.43646040558815,0.6533864736557007,0.08473389595746994
YLR316C,YDR170C,0,-0.34419015,0.43617022037506104,0.6533864736557007,0.08483393490314484
YBL015W,YIL072W,0,-0.34453723,0.4358803927898407,0.6533864736557007,0.08493397384881973
YBR154C,YLR141W,1,-0.34478793,0.43625497817993164,0.6543824672698975,0.08493397384881973
YOR047C,YDR515W,0,-0.3448033,0.43596550822257996,0.6543824672698975,0.08503401279449463
YOR297C,YDR225W,0,-0.34630325,0.4356763958930969,0.6543824672698975,0.08513405174016953
YNL097C,YMR233W,1,-0.34678313,0.4360503554344177,0.6553784608840942,0.08513405174016953
YPL169C,YMR012W,0,-0.34684667,0.43576160073280334,0.6553784608840942,0.08523409068584442
YMR138W,YDR141C,0,-0.34807032,0.4354732036590576,0.6553784608840942,0.08533413708209991
YOL006C,YBR058C,0,-0.34809917,0.43518519401550293,0.6553784608840942,0.08543417602777481
YOR188W,YIL091C,0,-0.34819105,0.4348975419998169,0.6553784608840942,0.08553421497344971
YGR061C,YGL215W,0,-0.34902227,0.4346103072166443,0.6553784608840942,0.0856342539191246
YNL250W,YGL049C,0,-0.3498243,0.43432343006134033,0.6553784608840942,0.0857342928647995
YDR138W,YDR174W,1,-0.34991264,0.4346965551376343,0.6563745141029358,0.0857342928647995
YMR213W,YPL254W,0,-0.35177225,0.4344100058078766,0.6563745141029358,0.0858343318104744
YOR115C,YIL127C,0,-0.35243246,0.43412384390830994,0.6563745141029358,0.08593437075614929
YNL227C,YHR186C,0,-0.3527443,0.43383803963661194,0.6563745141029358,0.08603441715240479
YOR188W,YAL011W,0,-0.3530623,0.433552622795105,0.6563745141029358,0.08613445609807968
YJR022W,YJR043C,0,-0.35357648,0.43326759338378906,0.6563745141029358,0.08623449504375458
YGL167C,YLR129W,0,-0.3554617,0.4329829216003418,0.6563745141029358,0.08633453398942947
YNL227C,YJL063C,0,-0.35558665,0.4326986074447632,0.6563745141029358,0.08643457293510437
YLL022C,YDR145W,0,-0.356518,0.432414710521698,0.6563745141029358,0.08653461188077927
YER148W,YOR341W,1,-0.35778344,0.43278688192367554,0.6573705077171326,0.08653461188077927
YHR134W,YLR083C,0,-0.358187,0.43250328302383423,0.6573705077171326,0.08663465082645416
YLR448W,YMR176W,0,-0.35948738,0.4322200417518616,0.6573705077171326,0.08673469722270966
YJR072C,YDR145W,0,-0.35978284,0.43193715810775757,0.6573705077171326,0.08683473616838455
YDR026C,YJL148W,1,-0.3599992,0.43230870366096497,0.6583665609359741,0.08683473616838455
YGL144C,YDR372C,0,-0.36217245,0.4320261478424072,0.6583665609359741,0.08693477511405945
YOR061W,YDR174W,1,-0.36218333,0.43239712715148926,0.6593625545501709,0.08693477511405945
YGR252W,YPR082C,0,-0.36283165,0.4321148693561554,0.6593625545501709,0.08703481405973434
YPL226W,YFL047W,0,-0.36291072,0.4318329989910126,0.6593625545501709,0.08713485300540924
YMR131C,YIL014W,0,-0.36306447,0.4315514862537384,0.6593625545501709,0.08723489195108414
YGL013C,YDR496C,0,-0.36362013,0.4312703609466553,0.6593625545501709,0.08733493089675903
YMR263W,YBR245C,1,-0.3648345,0.431640625,0.6603585481643677,0.08733493089675903
YKR063C,YHR186C,0,-0.36518648,0.43135979771614075,0.6603585481643677,0.08743497729301453
YPR010C,YOR295W,1,-0.36542407,0.4317295253276825,0.6613546013832092,0.08743497729301453
YLR409C,YDR407C,0,-0.36815012,0.4314489960670471,0.6613546013832092,0.08753501623868942
YJL130C,YGL247W,0,-0.36866733,0.4311688244342804,0.6613546013832092,0.08763505518436432
YHR205W,YDR382W,0,-0.37027863,0.4308890402317047,0.6613546013832092,0.08773509413003922
YML062C,YGR124W,0,-0.37112626,0.4306095838546753,0.6613546013832092,0.08783513307571411
YLR021W,YDR311W,0,-0.37122354,0.4303305149078369,0.6613546013832092,0.08793517202138901
YMR234W,YFL047W,0,-0.37274724,0.4300518035888672,0.6613546013832092,0.0880352109670639
YBL092W,YER155C,0,-0.37350973,0.4297734498977661,0.6613546013832092,0.0881352573633194
YLR449W,YIL167W,0,-0.37386104,0.4294954836368561,0.6613546013832092,0.0882352963089943
YNL061W,YDL107W,0,-0.37466767,0.4292178452014923,0.6613546013832092,0.08833533525466919
YMR217W,YJR133W,0,-0.3746738,0.4289405643939972,0.6613546013832092,0.08843537420034409
YML116W,YGL166W,0,-0.37469903,0.4286636412143707,0.6613546013832092,0.08853541314601898
YOR061W,YGR063C,1,-0.37515476,0.42903226613998413,0.662350594997406,0.08853541314601898
YPL019C,YKL006C-A,0,-0.37584856,0.42875564098358154,0.662350594997406,0.08863545209169388
YFR001W,YDR130C,0,-0.37621346,0.4284793734550476,0.662350594997406,0.08873549103736877
YBR189W,YOR369C,0,-0.3762873,0.4282034635543823,0.662350594997406,0.08883553743362427
YIL035C,YML112W,1,-0.37834495,0.4285714328289032,0.6633465886116028,0.08883553743362427
YMR269W,YPL060W,0,-0.37941033,0.4282958209514618,0.6633465886116028,0.08893557637929916
YGL119W,YNL108C,0,-0.37970832,0.42802056670188904,0.6633465886116028,0.08903561532497406
YFR013W,YBL061C,0,-0.37976286,0.42774567008018494,0.6633465886116028,0.08913565427064896
YMR180C,YGR230W,0,-0.37988254,0.4274711310863495,0.6633465886116028,0.08923569321632385
YCL061C,YGR108W,0,-0.37988588,0.4271969199180603,0.6633465886116028,0.08933573216199875
YJL148W,YAL002W,0,-0.38023588,0.42692306637763977,0.6633465886116028,0.08943577110767365
YDR026C,YFL023W,1,-0.38041386,0.4272902011871338,0.6643426418304443,0.08943577110767365
YFL023W,YHR205W,1,-0.3807142,0.4276568591594696,0.6653386354446411,0.08943577110767365
YAL039C,YDL014W,0,-0.38276073,0.4273832440376282,0.6653386354446411,0.08953581750392914
YGR191W,YKL021C,0,-0.38421127,0.4271099865436554,0.6653386354446411,0.08963585644960403
YDR002W,YJL200C,0,-0.38541403,0.4268370568752289,0.6653386354446411,0.08973589539527893
YPR187W,YML121W,1,-0.3870629,0.42720305919647217,0.6663346886634827,0.08973589539527893
YGL040C,YDL153C,0,-0.38865945,0.42693042755126953,0.6663346886634827,0.08983593434095383
YJL025W,YLR141W,1,-0.3887762,0.4272959232330322,0.6673306822776794,0.08983593434095383
YEL003W,YLR148W,0,-0.38888243,0.42702358961105347,0.6673306822776794,0.08993597328662872
YDL060W,YOR147W,0,-0.38926598,0.42675158381462097,0.6673306822776794,0.09003601223230362
YDR473C,YOL028C,0,-0.3900224,0.42647993564605713,0.6673306822776794,0.09013605117797852
YGR024C,YIR015W,0,-0.39071646,0.42620864510536194,0.6673306822776794,0.09023609757423401
YOR297C,YBR291C,0,-0.39183998,0.4259377121925354,0.6673306822776794,0.0903361365199089
YIR017C,YPL188W,0,-0.39498326,0.42566707730293274,0.6673306822776794,0.0904361754655838
YOR127W,YLL035W,0,-0.3973017,0.4253968298435211,0.6673306822776794,0.0905362144112587
YPL198W,YOL045W,0,-0.3999479,0.42512691020965576,0.6673306822776794,0.0906362533569336
YDL225W,YDR267C,0,-0.3999631,0.42485731840133667,0.6673306822776794,0.09073629230260849
YAL040C,YBR283C,0,-0.4000329,0.42458808422088623,0.6673306822776794,0.09083633124828339
YKL078W,YNL330C,1,-0.40252426,0.42495250701904297,0.6683266758918762,0.09083633124828339
YJR124C,YHR170W,0,-0.40317443,0.424683541059494,0.6683266758918762,0.09093637764453888
YDL076C,YML043C,1,-0.40532604,0.4250474274158478,0.6693227291107178,0.09093637764453888
YGL022W,YOR369C,0,-0.4054101,0.4247787594795227,0.6693227291107178,0.09103641659021378
YDR311W,YPL174C,0,-0.40549868,0.4245104193687439,0.6693227291107178,0.09113645553588867
YOR335C,YDR237W,0,-0.4055704,0.42424243688583374,0.6693227291107178,0.09123649448156357
YMR138W,YER173W,0,-0.40815964,0.42397475242614746,0.6693227291107178,0.09133653342723846
YGR166W,YDL184C,0,-0.41042942,0.42370742559432983,0.6693227291107178,0.09143657237291336
YGL120C,YBR276C,0,-0.41119206,0.42344045639038086,0.6693227291107178,0.09153661131858826
YDR473C,YBL087C,0,-0.41225377,0.42317381501197815,0.6693227291107178,0.09163665771484375
YER056C,YHR205W,0,-0.41337752,0.4229075014591217,0.6693227291107178,0.09173669666051865
YGR118W,YLR310C,0,-0.41343465,0.4226415157318115,0.6693227291107178,0.09183673560619354
YOR383C,YDR545W,0,-0.41534522,0.4223758578300476,0.6693227291107178,0.09193677455186844
YBL025W,YMR270C,1,-0.4164684,0.4227387011051178,0.6703187227249146,0.09193677455186844
YBL041W,YGL070C,0,-0.41657582,0.42247331142425537,0.6703187227249146,0.09203681349754333
YOL165C,YGR061C,0,-0.41673216,0.4222082793712616,0.6703187227249146,0.09213685244321823
YLL010C,YDL111C,0,-0.41691676,0.4219435751438141,0.6703187227249146,0.09223689138889313
YBR084W,YLR353W,0,-0.41957712,0.42167919874191284,0.6703187227249146,0.09233693778514862
YGL169W,YPL198W,0,-0.42019978,0.42141515016555786,0.6703187227249146,0.09243697673082352
YER120W,YJR138W,0,-0.4221889,0.42115142941474915,0.6703187227249146,0.09253701567649841
YBL047C,YIL018W,0,-0.422258,0.4208880662918091,0.6703187227249146,0.09263705462217331
YOL039W,YKL166C,0,-0.42289597,0.4206250011920929,0.6703187227249146,0.0927370935678482
YBR154C,YML121W,1,-0.42359212,0.4209868907928467,0.6713147163391113,0.0927370935678482
YOR224C,YHL025W,1,-0.4239602,0.42134830355644226,0.6723107695579529,0.0927370935678482
YPR110C,YDR174W,1,-0.42491788,0.4217092990875244,0.6733067631721497,0.0927370935678482
YDL111C,YLR130C,0,-0.4255801,0.42144638299942017,0.6733067631721497,0.0928371325135231
YLR244C,YIL109C,0,-0.4260657,0.4211837947368622,0.6733067631721497,0.092937171459198
YDR237W,YMR269W,0,-0.42679033,0.42092153429985046,0.6733067631721497,0.09303721785545349
YGL043W,YBR279W,1,-0.42686483,0.4212819039821625,0.6743028163909912,0.09303721785545349
YKL101W,YDL014W,0,-0.42704448,0.42101991176605225,0.6743028163909912,0.09313725680112839
YJL158C,YKL006C-A,0,-0.4277126,0.4207582473754883,0.6743028163909912,0.09323729574680328
YMR028W,YMR270C,1,-0.4280424,0.42111802101135254,0.675298810005188,0.09323729574680328
YJL061W,YDR515W,0,-0.42829812,0.42085662484169006,0.675298810005188,0.09333733469247818
YNL172W,YGR124W,0,-0.42907864,0.42059552669525146,0.675298810005188,0.09343737363815308
YHR200W,YGR108W,0,-0.43102857,0.4203347861766815,0.675298810005188,0.09353741258382797
YML017W,YER155C,0,-0.4318577,0.42007434368133545,0.675298810005188,0.09363745152950287
YGL120C,YER099C,0,-0.43226933,0.41981422901153564,0.675298810005188,0.09373749792575836
YJL061W,YER123W,0,-0.4330158,0.4195544421672821,0.675298810005188,0.09383753687143326
YPR132W,YGL070C,0,-0.43312278,0.41929498314857483,0.675298810005188,0.09393757581710815
YOR276W,YCL063W,0,-0.43344057,0.4190358519554138,0.675298810005188,0.09403761476278305
YJR086W,YNL078W,0,-0.43361565,0.4187770187854767,0.675298810005188,0.09413765370845795
YIL053W,YPL122C,0,-0.43485948,0.4185185134410858,0.675298810005188,0.09423769265413284
YPL215W,YDR184C,0,-0.43489927,0.4182603359222412,0.675298810005188,0.09433773159980774
YHR207C,YKL183W,0,-0.4350565,0.4180024564266205,0.675298810005188,0.09443777799606323
YFL034C-A,YOL028C,0,-0.43518493,0.417744904756546,0.675298810005188,0.09453781694173813
YFR001W,YPR024W,0,-0.43660143,0.4174876809120178,0.675298810005188,0.09463785588741302
YHR143W-A,YDL076C,1,-0.4368116,0.417846143245697,0.6762948036193848,0.09463785588741302
YPL169C,YIL039W,0,-0.43716007,0.4175891876220703,0.6762948036193848,0.09473789483308792
YPR010C,YLR418C,1,-0.4388304,0.4179471433162689,0.6772908568382263,0.09473789483308792
YDR075W,YML109W,0,-0.44013456,0.4176904261112213,0.6772908568382263,0.09483793377876282
YDR311W,YMR233W,1,-0.4436042,0.41804787516593933,0.6782868504524231,0.09483793377876282
YGL169W,YOL133W,0,-0.44361672,0.4177913963794708,0.6782868504524231,0.09493797272443771
YDR217C,YFL047W,0,-0.4440789,0.4175352454185486,0.6782868504524231,0.09503801167011261
YEL003W,YNL249C,0,-0.44426134,0.4172794222831726,0.6782868504524231,0.0951380580663681
YDR311W,YHR205W,1,-0.44450113,0.4176362454891205,0.6792828440666199,0.0951380580663681
YNL330C,YNL113W,1,-0.44456488,0.41799265146255493,0.6802788972854614,0.0951380580663681
YOR123C,YLR141W,1,-0.44843847,0.41834861040115356,0.6812748908996582,0.0951380580663681
YPL207W,YJR084W,0,-0.44931445,0.41809290647506714,0.6812748908996582,0.095238097012043
YJL025W,YER164W,1,-0.44972572,0.41844838857650757,0.6822709441184998,0.095238097012043
YBR084W,YLR148W,0,-0.4499728,0.41819292306900024,0.6822709441184998,0.0953381359577179
YLR188W,YDL153C,0,-0.45155856,0.4179377555847168,0.6822709441184998,0.09543817490339279
YNL139C,YFL023W,1,-0.4523752,0.41829267144203186,0.6832669377326965,0.09543817490339279
YLL010C,YIL018W,0,-0.45406178,0.4180377721786499,0.6832669377326965,0.09553821384906769
YOL145C,YBL025W,1,-0.4544432,0.41839221119880676,0.6842629313468933,0.09553821384906769
YBL076C,YCL061C,0,-0.45619494,0.4181375503540039,0.6842629313468933,0.09563825279474258
YOL010W,YKR068C,0,-0.45768914,0.4178832173347473,0.6842629313468933,0.09573829174041748
YNL330C,YFL023W,1,-0.45854434,0.4182370901107788,0.6852589845657349,0.09573829174041748
YGR212W,YJL122W,0,-0.45861158,0.4179829955101013,0.6852589845657349,0.09583833813667297
YNL229C,YPR139C,0,-0.45932573,0.4177291989326477,0.6852589845657349,0.09593837708234787
YBR254C,YDR176W,0,-0.45987132,0.41747573018074036,0.6852589845657349,0.09603841602802277
YBL025W,YDL102W,0,-0.45993134,0.4172225594520569,0.6852589845657349,0.09613845497369766
YOL039W,YKL114C,0,-0.4600167,0.4169696867465973,0.6852589845657349,0.09623849391937256
YGL105W,YMR127C,0,-0.46238017,0.41671714186668396,0.6852589845657349,0.09633853286504745
YHR186C,YGR060W,0,-0.46263453,0.4164648950099945,0.6852589845657349,0.09643857181072235
YMR188C,YNR016C,0,-0.46265614,0.41621294617652893,0.6852589845657349,0.09653861820697784
YKL084W,YDL184C,0,-0.46531728,0.41596129536628723,0.6852589845657349,0.09663865715265274
YDR341C,YNL053W,0,-0.46660063,0.4157099723815918,0.6852589845657349,0.09673869609832764
YNL177C,YDR515W,0,-0.46681228,0.41545894742012024,0.6852589845657349,0.09683873504400253
YOL092W,YBR084W,0,-0.46771714,0.41520822048187256,0.6852589845657349,0.09693877398967743
YCL037C,YJR010C-A,0,-0.46794203,0.41495779156684875,0.6852589845657349,0.09703881293535233
YGL110C,YDR224C,0,-0.47016826,0.41470766067504883,0.6852589845657349,0.09713885188102722
YIL158W,YKL166C,0,-0.47018448,0.4144578278064728,0.6852589845657349,0.09723889827728271
YPL129W,YGL107C,0,-0.47029755,0.414208322763443,0.6852589845657349,0.09733893722295761
YMR188C,YOR147W,0,-0.47060624,0.4139590859413147,0.6852589845657349,0.09743897616863251
YER122C,YLL022C,0,-0.47351095,0.41371017694473267,0.6852589845657349,0.0975390151143074
YER151C,YOR133W,0,-0.47364256,0.4134615361690521,0.6852589845657349,0.0976390540599823
YHL025W,YPL082C,1,-0.47383985,0.4138137996196747,0.6862549781799316,0.0976390540599823
YGL043W,YOR123C,1,-0.47405216,0.4141656756401062,0.6872509717941284,0.0976390540599823
YNR021W,YDL014W,0,-0.47543648,0.41391721367836,0.6872509717941284,0.0977390930056572
YJR093C,YDL081C,0,-0.4758015,0.41366907954216003,0.6872509717941284,0.09783913195133209
YLR075W,YNL259C,0,-0.47802618,0.4134212136268616,0.6872509717941284,0.09793917834758759
YHL025W,YDR311W,1,-0.47909865,0.41377246379852295,0.68824702501297,0.09793917834758759
YOR115C,YDR023W,0,-0.47916588,0.4135248363018036,0.68824702501297,0.09803921729326248
YPR010C,YPR187W,1,-0.47930735,0.41387560963630676,0.6892430186271667,0.09803921729326248
YPL030W,YBR067C,0,-0.47937337,0.4136282205581665,0.6892430186271667,0.09813925623893738
YOR133W,YER031C,0,-0.48360786,0.4133811295032501,0.6892430186271667,0.09823929518461227
YPL128C,YOL141W,0,-0.48363614,0.4131343364715576,0.6892430186271667,0.09833933413028717
YJR143C,YPR034W,0,-0.48407215,0.412887841463089,0.6892430186271667,0.09843937307596207
YNL097C,YJL109C,1,-0.4841398,0.41323792934417725,0.6902390718460083,0.09843937307596207
YJL061W,YBR276C,0,-0.48424068,0.41299164295196533,0.6902390718460083,0.09853941947221756
YLR418C,YMR270C,1,-0.48474473,0.4133412837982178,0.6912350654602051,0.09853941947221756
YMR270C,YDL165W,0,-0.48512325,0.41309523582458496,0.6912350654602051,0.09863945841789246
YHR134W,YMR247C,0,-0.48516104,0.412849485874176,0.6912350654602051,0.09873949736356735
YMR138W,YDR266C,0,-0.48626766,0.41260403394699097,0.6912350654602051,0.09883953630924225
YLR427W,YGL195W,0,-0.48719868,0.4123588800430298,0.6912350654602051,0.09893957525491714
YMR059W,YKR022C,0,-0.48760524,0.4121140241622925,0.6912350654602051,0.09903961420059204
YKL042W,YPR133W-A,0,-0.48924723,0.41186943650245667,0.6912350654602051,0.09913965314626694
YKL042W,YBR022W,0,-0.4894714,0.4116251468658447,0.6912350654602051,0.09923969954252243
YFL034C-A,YBR253W,0,-0.48947987,0.41138115525245667,0.6912350654602051,0.09933973848819733
YKL041W,YML008C,0,-0.49045226,0.4111374318599701,0.6912350654602051,0.09943977743387222
YGL247W,YMR235C,0,-0.4909568,0.4108940064907074,0.6912350654602051,0.09953981637954712
YDR439W,YDL055C,0,-0.49185684,0.4106508791446686,0.6912350654602051,0.09963985532522202
YPR132W,YGL107C,0,-0.4920728,0.41040804982185364,0.6912350654602051,0.09973989427089691
YHL004W,YFR031C-A,0,-0.49229336,0.4101654887199402,0.6912350654602051,0.09983993321657181
YLR316C,YNL079C,0,-0.49277088,0.4099232256412506,0.6912350654602051,0.0999399796128273
YJL025W,YOL045W,0,-0.4929994,0.4096812307834625,0.6912350654602051,0.1000400185585022
YPL050C,YMR207C,0,-0.49363074,0.4094395339488983,0.6912350654602051,0.1001400575041771
YKL204W,YGR191W,0,-0.49482796,0.4091981053352356,0.6912350654602051,0.10024009644985199
YOR369C,YOR159C,0,-0.4948474,0.40895697474479675,0.6912350654602051,0.10034013539552689
YKL024C,YOR332W,0,-0.49566016,0.4087161421775818,0.6912350654602051,0.10044017434120178
YML112W,YJL006C,1,-0.49805126,0.4090641438961029,0.6922310590744019,0.10044017434120178
YIL027C,YJR010C-A,0,-0.49825865,0.40882351994514465,0.6922310590744019,0.10054021328687668
YMR269W,YKL160W,0,-0.4982929,0.4085831940174103,0.6922310590744019,0.10064025968313217
YOR039W,YJL006C,1,-0.49869528,0.4089306592941284,0.6932271122932434,0.10064025968313217
YMR308C,YBR168W,0,-0.49982595,0.40869054198265076,0.6932271122932434,0.10074029862880707
YNL166C,YGR155W,0,-0.5015517,0.4084506928920746,0.6932271122932434,0.10084033757448196
YOL010W,YJL099W,0,-0.50220346,0.4082111418247223,0.6932271122932434,0.10094037652015686
YNR057C,YHR034C,0,-0.50241107,0.4079718589782715,0.6932271122932434,0.10104041546583176
YOR084W,YOR078W,0,-0.50272095,0.40773287415504456,0.6932271122932434,0.10114045441150665
YOR181W,YEL021W,0,-0.50453544,0.4074941575527191,0.6932271122932434,0.10124049335718155
YDR311W,YMR270C,1,-0.50476503,0.4078408479690552,0.6942231059074402,0.10124049335718155
YGL013C,YGR034W,0,-0.50561416,0.40760233998298645,0.6942231059074402,0.10134053975343704
YKL022C,YKL155C,0,-0.5060989,0.4073641002178192,0.6942231059074402,0.10144057869911194
YBL014C,YOL004W,1,-0.50617266,0.4077102839946747,0.695219099521637,0.10144057869911194
YGR252W,YKR063C,0,-0.50780886,0.40747228264808655,0.695219099521637,0.10154061764478683
YER161C,YDR026C,0,-0.50838095,0.4072345495223999,0.695219099521637,0.10164065659046173
YFR048W,YOR047C,0,-0.50929236,0.40699708461761475,0.695219099521637,0.10174069553613663
YLL022C,YDR206W,0,-0.50938076,0.40675991773605347,0.695219099521637,0.10184073448181152
YOL142W,YNL148C,0,-0.50992554,0.4065230190753937,0.695219099521637,0.10194077342748642
YDR138W,YIL035C,1,-0.5153345,0.40686845779418945,0.6962151527404785,0.10194077342748642
YBL034C,YNL108C,0,-0.5173453,0.4066317677497864,0.6962151527404785,0.10204081982374191
YBR245C,YDR174W,1,-0.51853687,0.40697672963142395,0.6972111463546753,0.10204081982374191
YKL006W,YGL107C,0,-0.5191579,0.4067402780056,0.6972111463546753,0.10214085876941681
YGR285C,YEL016C,0,-0.5200304,0.4065040647983551,0.6972111463546753,0.1022408977150917
YFL002C,YNL247W,0,-0.5205796,0.4062681496143341,0.6972111463546753,0.1023409366607666
YLR418C,YKL125W,1,-0.5207654,0.4066125154495239,0.6982071995735168,0.1023409366607666
YDR217C,YNL225C,0,-0.5221539,0.40637680888175964,0.6982071995735168,0.1024409756064415
YKL006W,YKR028W,0,-0.52346796,0.40614137053489685,0.6982071995735168,0.1025410145521164
YDR351W,YIL039W,0,-0.524219,0.40590620040893555,0.6982071995735168,0.10264105349779129
YLR405W,YPL052W,0,-0.5249661,0.40567129850387573,0.6982071995735168,0.10274109989404678
YPR189W,YHR166C,0,-0.52611107,0.4054366648197174,0.6982071995735168,0.10284113883972168
YDR224C,YDR267C,0,-0.5275789,0.40520229935646057,0.6982071995735168,0.10294117778539658
YDL076C,YJL179W,0,-0.52790314,0.4049682319164276,0.6982071995735168,0.10304121673107147
YOL010W,YER008C,0,-0.5287235,0.40473440289497375,0.6982071995735168,0.10314125567674637
YGL005C,YKR100C,0,-0.53073776,0.4045008718967438,0.6982071995735168,0.10324129462242126
YDR019C,YMR195W,0,-0.5320785,0.4042675793170929,0.6982071995735168,0.10334133356809616
YBR257W,YPR139C,0,-0.53223675,0.4040345847606659,0.6982071995735168,0.10344137996435165
YBR057C,YDR166C,0,-0.53473544,0.403801828622818,0.6982071995735168,0.10354141891002655
YPL128C,YPR016C,0,-0.5364789,0.40356937050819397,0.6982071995735168,0.10364145785570145
YDR225W,YOL066C,0,-0.5364862,0.40333718061447144,0.6982071995735168,0.10374149680137634
YNL079C,YGL030W,0,-0.5377686,0.403105229139328,0.6982071995735168,0.10384153574705124
YIL053W,YBR195C,0,-0.53802454,0.40287357568740845,0.6982071995735168,0.10394157469272614
YDR451C,YGR108W,0,-0.53863317,0.402642160654068,0.6982071995735168,0.10404161363840103
YBL014C,YDR174W,1,-0.53894454,0.4029850661754608,0.6992031931877136,0.10404161363840103
YER116C,YER031C,0,-0.53949803,0.4027538597583771,0.6992031931877136,0.10414166003465652
YKR094C,YKL079W,0,-0.53953916,0.4025229215621948,0.6992031931877136,0.10424169898033142
YDR026C,YOR340C,1,-0.5396276,0.40286532044410706,0.7001991868019104,0.10424169898033142
YOR174W,YML126C,0,-0.5405131,0.4026345908641815,0.7001991868019104,0.10434173792600632
YLR229C,YHR031C,0,-0.5416275,0.40240412950515747,0.7001991868019104,0.10444177687168121
YKL099C,YNR059W,0,-0.54175466,0.4021739065647125,0.7001991868019104,0.10454181581735611
YOR335C,YNL070W,0,-0.54363877,0.40194398164749146,0.7001991868019104,0.104641854763031
YIL148W,YMR089C,0,-0.5442215,0.4017142951488495,0.7001991868019104,0.1047418937087059
YOR061W,YHL025W,1,-0.54547113,0.4020559787750244,0.701195240020752,0.1047418937087059
YKR094C,YOL006C,0,-0.5466853,0.4018264710903168,0.701195240020752,0.1048419401049614
YKR006C,YGR211W,0,-0.5469092,0.401597261428833,0.701195240020752,0.10494197905063629
YHR119W,YGL137W,0,-0.5481553,0.40136829018592834,0.701195240020752,0.10504201799631119
YEL021W,YJR084W,0,-0.54858047,0.40113958716392517,0.701195240020752,0.10514205694198608
YOL141W,YNR016C,0,-0.5494088,0.4009111523628235,0.701195240020752,0.10524209588766098
YDR130C,YKL006W,0,-0.5504057,0.4006829857826233,0.701195240020752,0.10534213483333588
YMR028W,YBR245C,1,-0.5508249,0.40102389454841614,0.7021912336349487,0.10534213483333588
YER063W,YDR060W,0,-0.5510916,0.40079590678215027,0.7021912336349487,0.10544217377901077
YBR057C,YDR439W,0,-0.5516693,0.4005681872367859,0.7021912336349487,0.10554222017526627
YBL076C,YPR133W-A,0,-0.55413985,0.4003407061100006,0.7021912336349487,0.10564225912094116
YDR443C,YGR234W,0,-0.5552981,0.4001134932041168,0.7021912336349487,0.10574229806661606
YOR188W,YOL086C,0,-0.5556458,0.3998865485191345,0.7021912336349487,0.10584233701229095
YKR028W,YGR057C,0,-0.55567306,0.3996598720550537,0.7021912336349487,0.10594237595796585
YER082C,YAL024C,0,-0.55671066,0.399433434009552,0.7021912336349487,0.10604241490364075
YJL029C,YBR017C,0,-0.55686027,0.3992072343826294,0.7021912336349487,0.10614245384931564
YLR075W,YOR034C,0,-0.55835813,0.39898133277893066,0.7021912336349487,0.10624250024557114
YLR316C,YKR043C,0,-0.55851734,0.39875566959381104,0.7021912336349487,0.10634253919124603
YHR134W,YBR153W,0,-0.558847,0.3985302448272705,0.7021912336349487,0.10644257813692093
YLR348C,YOL143C,0,-0.5593466,0.39830508828163147,0.7021912336349487,0.10654261708259583
YNR045W,YLR409C,0,-0.5595718,0.39808017015457153,0.7021912336349487,0.10664265602827072
YDL225W,YOR133W,0,-0.55989605,0.3978555202484131,0.7021912336349487,0.10674269497394562
YDR418W,YNR070W,0,-0.5602527,0.39763113856315613,0.7021912336349487,0.10684273391962051
YOR079C,YDR060W,0,-0.5610121,0.39740699529647827,0.7021912336349487,0.10694278031587601
YPL128C,YDR367W,0,-0.5621739,0.3971830904483795,0.7021912336349487,0.1070428192615509
YJR124C,YHL001W,0,-0.5632116,0.39695945382118225,0.7021912336349487,0.1071428582072258
YLR409C,YOL027C,0,-0.5642281,0.3967360854148865,0.7021912336349487,0.1072428971529007
YMR240C,YGR155W,0,-0.56772035,0.3965129256248474,0.7021912336349487,0.10734293609857559
YNL139C,YIL085C,0,-0.5695063,0.3962900638580322,0.7021912336349487,0.10744297504425049
YNL099C,YJL117W,0,-0.5709843,0.39606741070747375,0.7021912336349487,0.10754301398992538
YHR134W,YFR013W,0,-0.5734654,0.3958450257778168,0.7021912336349487,0.10764306038618088
YGL119W,YHR166C,0,-0.5742103,0.3956229090690613,0.7021912336349487,0.10774309933185577
YFL036W,YDL153C,0,-0.57493496,0.3954010009765625,0.7021912336349487,0.10784313827753067
YBL092W,YGL137W,0,-0.57569647,0.3951793611049652,0.7021912336349487,0.10794317722320557
YFL024C,YDR023W,0,-0.5769545,0.3949579894542694,0.7021912336349487,0.10804321616888046
YGL043W,YHR205W,1,-0.57749164,0.39529675245285034,0.7031872272491455,0.10804321616888046
YIR012W,YDR400W,0,-0.5780906,0.39507555961608887,0.7031872272491455,0.10814325511455536
YHR216W,YGR124W,0,-0.5798395,0.3948545753955841,0.7031872272491455,0.10824329406023026
YOL165C,YER061C,0,-0.5805004,0.39463385939598083,0.7031872272491455,0.10834334045648575
YMR294W,YDR515W,0,-0.5816016,0.39441341161727905,0.7031872272491455,0.10844337940216064
YJR066W,YOR210W,1,-0.58227926,0.39475154876708984,0.7041832804679871,0.10844337940216064
YDR041W,YLL013C,0,-0.5826947,0.39453125,0.7041832804679871,0.10854341834783554
YOR016C,YCR043C,0,-0.5830669,0.39431121945381165,0.7041832804679871,0.10864345729351044
YOL128C,YDR341C,0,-0.5833119,0.3940914273262024,0.7041832804679871,0.10874349623918533
YBR057C,YLR026C,0,-0.58346325,0.39387187361717224,0.7041832804679871,0.10884353518486023
YMR225C,YNL079C,0,-0.5836513,0.3936525583267212,0.7041832804679871,0.10894357413053513
YGR262C,YPL198W,0,-0.5842876,0.39343351125717163,0.7041832804679871,0.10904362052679062
YOR281C,YGL213C,0,-0.5869958,0.3932146728038788,0.7041832804679871,0.10914365947246552
YJR031C,YDL033C,0,-0.5895014,0.3929961025714874,0.7041832804679871,0.10924369841814041
YDL061C,YKL160W,0,-0.5907238,0.39277777075767517,0.7041832804679871,0.10934373736381531
YLR448W,YAL033W,0,-0.59105104,0.392559677362442,0.7041832804679871,0.1094437763094902
YFL024C,YDR167W,0,-0.59140164,0.39234185218811035,0.7041832804679871,0.1095438152551651
YPL092W,YCL066W,0,-0.5919158,0.3921242356300354,0.7041832804679871,0.10964385420084
YLR107W,YDR450W,0,-0.5931115,0.39190688729286194,0.7041832804679871,0.10974390059709549
YGL244W,YER164W,1,-0.59541506,0.39224377274513245,0.7051792740821838,0.10974390059709549
YGL030W,YOR147W,0,-0.595438,0.3920265734195709,0.7051792740821838,0.10984393954277039
YOL141W,YER183C,0,-0.5960101,0.3918096423149109,0.7051792740821838,0.10994397848844528
YNR057C,YML016C,0,-0.5969278,0.39159291982650757,0.7051792740821838,0.11004401743412018
YJL025W,YKL116C,0,-0.59983325,0.39137646555900574,0.7051792740821838,0.11014405637979507
YGL019W,YPL139C,1,-0.59987324,0.3917126953601837,0.7061753273010254,0.11014405637979507
YHL009C,YDL102W,0,-0.60017663,0.3914964199066162,0.7061753273010254,0.11024409532546997
YDR138W,YGR063C,1,-0.6026923,0.39183223247528076,0.7071713209152222,0.11024409532546997
YNR009W,YGL035C,0,-0.6036613,0.3916161060333252,0.7071713209152222,0.11034413427114487
YJR066W,YPL126W,1,-0.6040454,0.3919515013694763,0.708167314529419,0.11034413427114487
YPR100W,YDR170C,0,-0.60465515,0.3917355239391327,0.708167314529419,0.11044418066740036
YMR159C,YEL012W,0,-0.6056189,0.39151981472969055,0.708167314529419,0.11054421961307526
YBL025W,YBL061C,0,-0.60570693,0.3913043439388275,0.708167314529419,0.11064425855875015
YBL025W,YER090W,0,-0.6073428,0.3910891115665436,0.708167314529419,0.11074429750442505
YBL092W,YBL041W,0,-0.608096,0.39087411761283875,0.708167314529419,0.11084433645009995
YHR027C,YLL013C,0,-0.6083333,0.3906593322753906,0.708167314529419,0.11094437539577484
YDL225W,YDL226C,0,-0.61025286,0.390444815158844,0.708167314529419,0.11104441434144974
YOR254C,YIL084C,0,-0.6109669,0.3902305066585541,0.708167314529419,0.11114446073770523
YLR405W,YEL030W,0,-0.61138123,0.39001646637916565,0.708167314529419,0.11124449968338013
YBR088C,YJL148W,0,-0.61218315,0.38980263471603394,0.708167314529419,0.11134453862905502
YOL010W,YMR162C,0,-0.6144741,0.3895890414714813,0.708167314529419,0.11144457757472992
YOR210W,YNL139C,1,-0.61474234,0.3899233341217041,0.7091633677482605,0.11144457757472992
YOR148C,YOR196C,0,-0.6157276,0.3897099196910858,0.7091633677482605,0.11154461652040482
YJL025W,YPL007C,0,-0.6163412,0.38949671387672424,0.7091633677482605,0.11164465546607971
YJL130C,YNL243W,0,-0.61695635,0.38928377628326416,0.7091633677482605,0.11174469441175461
YIL053W,YBL041W,0,-0.61748695,0.3890710473060608,0.7091633677482605,0.1118447408080101
YGR202C,YPR102C,0,-0.6195933,0.3888585567474365,0.7091633677482605,0.111944779753685
YDR026C,YOR295W,1,-0.6223182,0.389192134141922,0.7101593613624573,0.111944779753685
YPR029C,YHR031C,0,-0.62246865,0.38897982239723206,0.7101593613624573,0.1120448186993599
YDR349C,YDL073W,0,-0.6250039,0.38876771926879883,0.7101593613624573,0.11214485764503479
YOR295W,YGR063C,1,-0.6254271,0.3891008198261261,0.711155354976654,0.11214485764503479
YMR234W,YMR225C,0,-0.6270674,0.3888888955116272,0.711155354976654,0.11224489659070969
YLR200W,YLR310C,0,-0.62752736,0.388677179813385,0.711155354976654,0.11234493553638458
YBR049C,YML010W,1,-0.6276527,0.3890098035335541,0.7121514081954956,0.11234493553638458
YKR060W,YOL091W,0,-0.6283252,0.3887982666492462,0.7121514081954956,0.11244497448205948
YMR067C,YLR129W,0,-0.6283919,0.38858696818351746,0.7121514081954956,0.11254502087831497
YJR144W,YHL004W,0,-0.62883323,0.3883758783340454,0.7121514081954956,0.11264505982398987
YEL003W,YMR188C,0,-0.6299634,0.38816502690315247,0.7121514081954956,0.11274509876966476
YPL046C,YDL014W,0,-0.63057595,0.3879544138908386,0.7121514081954956,0.11284513771533966
YOL165C,YGL002W,0,-0.6313071,0.3877440392971039,0.7121514081954956,0.11294517666101456
YLR449W,YJL146W,0,-0.63247913,0.38753387331962585,0.7121514081954956,0.11304521560668945
YGR063C,YDR167W,0,-0.6327122,0.38732394576072693,0.7121514081954956,0.11314525455236435
YMR195W,YDR475C,0,-0.6340183,0.3871142268180847,0.7121514081954956,0.11324530094861984
YOR295W,YOL004W,1,-0.6351958,0.3874458968639374,0.7131474018096924,0.11324530094861984
YNL245C,YPR017C,0,-0.6370516,0.3872363567352295,0.7131474018096924,0.11334533989429474
YJL145W,YER123W,0,-0.6372955,0.3870270252227783,0.7131474018096924,0.11344537883996964
YIL035C,YNL139C,1,-0.6392593,0.3873581886291504,0.7141434550285339,0.11344537883996964
YIR012W,YHL034C,0,-0.6393337,0.38714903593063354,0.7141434550285339,0.11354541778564453
YBR130C,YBR017C,0,-0.6397627,0.3869400918483734,0.7141434550285339,0.11364545673131943
YFR001W,YKL175W,0,-0.6420021,0.3867313861846924,0.7141434550285339,0.11374549567699432
YPL139C,YER164W,1,-0.642255,0.3870619833469391,0.7151394486427307,0.11374549567699432
YOR123C,YOL004W,1,-0.64346737,0.3873922526836395,0.7161354422569275,0.11374549567699432
YCR034W,YGL213C,0,-0.64615625,0.38718363642692566,0.7161354422569275,0.11384553462266922
YBR101C,YLR026C,0,-0.6471325,0.3869752287864685,0.7161354422569275,0.11394558101892471
YBL034C,YOL135C,0,-0.64941806,0.38676708936691284,0.7161354422569275,0.11404561996459961
YMR164C,YKL143W,0,-0.650264,0.3865591287612915,0.7161354422569275,0.1141456589102745
YJL099W,YHL001W,0,-0.651517,0.38635143637657166,0.7161354422569275,0.1142456978559494
YEL003W,YGR108W,0,-0.65155166,0.38614392280578613,0.7161354422569275,0.1143457368016243
YFR013W,YPL063W,0,-0.6524049,0.3859366476535797,0.7161354422569275,0.1144457757472992
YLL013C,YDL107W,0,-0.6525137,0.3857296109199524,0.7161354422569275,0.11454581469297409
YHR119W,YBL034C,0,-0.6531212,0.3855227828025818,0.7161354422569275,0.11464586108922958
YFL034C-A,YLL002W,0,-0.6537625,0.3853161931037903,0.7161354422569275,0.11474590003490448
YLR409C,YGR076C,0,-0.6537884,0.3851098120212555,0.7161354422569275,0.11484593898057938
YOL039W,YDR407C,0,-0.6543835,0.3849036395549774,0.7161354422569275,0.11494597792625427
YOR243C,YDR225W,0,-0.6556649,0.38469770550727844,0.7161354422569275,0.11504601687192917
YLR103C,YBR253W,0,-0.6561206,0.3844919800758362,0.7161354422569275,0.11514605581760406
YDR026C,YOR123C,1,-0.657509,0.38482093811035156,0.717131495475769,0.11514605581760406
YDR418W,YKL160W,0,-0.6578718,0.38461539149284363,0.717131495475769,0.11524609476327896
YBR022W,YGR145W,0,-0.65789884,0.38441002368927,0.717131495475769,0.11534614115953445
YJL130C,YOR181W,0,-0.6580616,0.3842049241065979,0.717131495475769,0.11544618010520935
YOR231W,YLR182W,0,-0.65853685,0.3840000033378601,0.717131495475769,0.11554621905088425
YPL169C,YER183C,0,-0.65859324,0.3837953209877014,0.717131495475769,0.11564625799655914
YHR153C,YGL049C,0,-0.65916556,0.38359084725379944,0.717131495475769,0.11574629694223404
YNL139C,YJL006C,1,-0.6592211,0.3839190602302551,0.7181274890899658,0.11574629694223404
YOR061W,YNL097C,1,-0.65940225,0.38424694538116455,0.7191234827041626,0.11574629694223404
YLR055C,YNL077W,0,-0.6599086,0.38404256105422974,0.7191234827041626,0.11584633588790894
YLR075W,YMR273C,0,-0.6605776,0.38383838534355164,0.7191234827041626,0.11594637483358383
YDR156W,YER148W,1,-0.66164285,0.38416579365730286,0.7201195359230042,0.11594637483358383
YKL055C,YBR079C,0,-0.6636991,0.3839617669582367,0.7201195359230042,0.11604642122983932
YMR091C,YLR229C,0,-0.66386145,0.38375794887542725,0.7201195359230042,0.11614646017551422
YJL025W,YNL097C,1,-0.66419786,0.38408488035202026,0.7211155295372009,0.11614646017551422
YDL225W,YDR482C,0,-0.6644655,0.38388124108314514,0.7211155295372009,0.11624649912118912
YPR016C,YBL091C,0,-0.66477764,0.38367778062820435,0.7211155295372009,0.11634653806686401
YDR443C,YHR092C,0,-0.6655001,0.38347458839416504,0.7211155295372009,0.11644657701253891
YOR128C,YMR059W,0,-0.66555697,0.38327157497406006,0.7211155295372009,0.1165466159582138
YDR138W,YML121W,1,-0.6662413,0.38359788060188293,0.7221115827560425,0.1165466159582138
YPL030W,YDR341C,0,-0.6670106,0.3833950161933899,0.7221115827560425,0.1166466623544693
YGL186C,YOR339C,0,-0.6672801,0.38319239020347595,0.7221115827560425,0.1167467013001442
YNL097C,YKL125W,1,-0.6684764,0.3835182189941406,0.7231075763702393,0.1167467013001442
YNL096C,YMR094W,0,-0.66865987,0.3833157420158386,0.7231075763702393,0.11684674024581909
YBR154C,YDL076C,1,-0.6695081,0.38364115357398987,0.724103569984436,0.11684674024581909
YDL005C,YOR188W,0,-0.67388624,0.3834388256072998,0.724103569984436,0.11694677919149399
YMR093W,YDL076C,1,-0.6739982,0.38376384973526,0.7250996232032776,0.11694677919149399
YML094W,YHL003C,0,-0.6762652,0.3835616409778595,0.7250996232032776,0.11704681813716888
YLR115W,YOL028C,0,-0.6763759,0.3833596706390381,0.7250996232032776,0.11714685708284378
YHR085W,YLR393W,0,-0.677072,0.3831579089164734,0.7250996232032776,0.11724689602851868
YOR104W,YAL003W,0,-0.6779211,0.382956326007843,0.7250996232032776,0.11734694242477417
YJL179W,YKR100C,0,-0.6780682,0.38275498151779175,0.7250996232032776,0.11744698137044907
YIL044C,YPL050C,0,-0.6782196,0.3825538754463196,0.7250996232032776,0.11754702031612396
YNL135C,YCL054W,0,-0.6793289,0.38235294818878174,0.7250996232032776,0.11764705926179886
YJL219W,YLR299W,0,-0.68002236,0.3821522295475006,0.7250996232032776,0.11774709820747375
YDR515W,YKR028W,0,-0.68032056,0.3819517195224762,0.7250996232032776,0.11784713715314865
YDL197C,YNL132W,0,-0.68107855,0.3817514479160309,0.7250996232032776,0.11794717609882355
YBL030C,YML126C,0,-0.6814422,0.3815513551235199,0.7250996232032776,0.11804722249507904
YGR105W,YHR079C,0,-0.68188083,0.381351500749588,0.7250996232032776,0.11814726144075394
YOR335C,YKL055C,0,-0.68247354,0.38115182518959045,0.7250996232032776,0.11824730038642883
YKR060W,YGL008C,0,-0.6826982,0.380952388048172,0.7250996232032776,0.11834733933210373
YOR279C,YPL112C,0,-0.68320495,0.38075312972068787,0.7250996232032776,0.11844737827777863
YPL128C,YLR026C,0,-0.6856777,0.38055410981178284,0.7250996232032776,0.11854741722345352
YBR264C,YBL091C,0,-0.6867115,0.38035526871681213,0.7250996232032776,0.11864745616912842
YGL105W,YPR182W,0,-0.6868333,0.38015666604042053,0.7250996232032776,0.11874750256538391
YIL035C,YNL099C,0,-0.6868529,0.37995824217796326,0.7250996232032776,0.11884754151105881
YDR447C,YPR159W,0,-0.6888804,0.3797600269317627,0.7250996232032776,0.1189475804567337
YER013W,YDL102W,0,-0.6915824,0.37956205010414124,0.7250996232032776,0.1190476194024086
YLR063W,YOR096W,0,-0.69311947,0.3793642520904541,0.7250996232032776,0.1191476583480835
YML063W,YHR027C,0,-0.69376475,0.3791666626930237,0.7250996232032776,0.11924769729375839
YGL215W,YDR267C,0,-0.6939818,0.37896928191185,0.7250996232032776,0.11934773623943329
YHR020W,YPR102C,0,-0.69399595,0.378772109746933,0.7250996232032776,0.11944778263568878
YOR231W,YDR037W,0,-0.6943247,0.3785751461982727,0.7250996232032776,0.11954782158136368
YAL033W,YBR097W,0,-0.6949318,0.37837839126586914,0.7250996232032776,0.11964786052703857
YOR016C,YDR083W,0,-0.6950057,0.3781818151473999,0.7250996232032776,0.11974789947271347
YLR448W,YML124C,0,-0.6964139,0.3779854476451874,0.7250996232032776,0.11984793841838837
YJR072C,YBR253W,0,-0.6974939,0.37778931856155396,0.7250996232032776,0.11994797736406326
YLL013C,YDL226C,0,-0.69836134,0.37759336829185486,0.7250996232032776,0.12004801630973816
YMR023C,YDL014W,0,-0.6991606,0.3773976266384125,0.7250996232032776,0.12014806270599365
YDR138W,YDL108W,1,-0.69926697,0.3777202069759369,0.7260956168174744,0.12014806270599365
YDR138W,YPL082C,1,-0.7001074,0.37804245948791504,0.7270916104316711,0.12014806270599365
YKL166C,YGR063C,0,-0.70051926,0.37784677743911743,0.7270916104316711,0.12024810165166855
YNL113W,YNL135C,0,-0.7015296,0.3776513338088989,0.7270916104316711,0.12034814059734344
YDR140W,YGR040W,0,-0.7022365,0.37745603919029236,0.7270916104316711,0.12044817954301834
YPR089W,YKL006W,0,-0.70235467,0.3772609829902649,0.7270916104316711,0.12054821848869324
YKL125W,YNL139C,1,-0.7031831,0.3775826394557953,0.7280876636505127,0.12054821848869324
YKR037C,YNL108C,0,-0.70320255,0.3773877024650574,0.7280876636505127,0.12064825743436813
YMR028W,YBL014C,1,-0.7037189,0.37770897150039673,0.7290836572647095,0.12064825743436813
YDL061C,YJR119C,0,-0.7037843,0.37751418352127075,0.7290836572647095,0.12074829638004303
YNL097C,YBR245C,1,-0.704362,0.37783506512641907,0.730079710483551,0.12074829638004303
YOL051W,YJR133W,0,-0.70497394,0.37764039635658264,0.730079710483551,0.12084834277629852
YNL330C,YFR028C,1,-0.7055602,0.37796086072921753,0.7310757040977478,0.12084834277629852
YGL040C,YHR148W,0,-0.7061799,0.37776634097099304,0.7310757040977478,0.12094838172197342
YKL114C,YGR060W,0,-0.7062622,0.37757202982902527,0.7310757040977478,0.12104842066764832
YEL003W,YJL207C,0,-0.7064649,0.3773778975009918,0.7310757040977478,0.12114845961332321
YDR097C,YKL191W,0,-0.70670086,0.3771839737892151,0.7310757040977478,0.12124849855899811
YPR100W,YIL149C,0,-0.707115,0.3769902288913727,0.7310757040977478,0.121348537504673
YKR079C,YMR023C,0,-0.70834255,0.3767967224121094,0.7310757040977478,0.1214485764503479
YFL049W,YHR141C,0,-0.70847744,0.3766033947467804,0.7310757040977478,0.1215486228466034
YOR128C,YDR060W,0,-0.70877254,0.37641024589538574,0.7310757040977478,0.12164866179227829
YLL031C,YBL087C,0,-0.7102578,0.3762173354625702,0.7310757040977478,0.12174870073795319
YGL137W,YLR397C,0,-0.7108284,0.37602460384368896,0.7310757040977478,0.12184873968362808
YPL254W,YBR245C,0,-0.71173996,0.37583205103874207,0.7310757040977478,0.12194877862930298
YDR138W,YOR295W,1,-0.7117879,0.3761514723300934,0.7320716977119446,0.12194877862930298
YPL226W,YCL032W,0,-0.7126088,0.3759590685367584,0.7320716977119446,0.12204881757497787
YPL063W,YEL021W,0,-0.71311724,0.3757668733596802,0.7320716977119446,0.12214885652065277
YER116C,YDR418W,0,-0.71314734,0.37557485699653625,0.7320716977119446,0.12224890291690826
YOR039W,YOL004W,1,-0.7139172,0.375893771648407,0.7330677509307861,0.12224890291690826
YOR209C,YCR066W,0,-0.71467096,0.3757018744945526,0.7330677509307861,0.12234894186258316
YPR010C,YBR049C,1,-0.71494067,0.3760204017162323,0.7340637445449829,0.12234894186258316
YIR036C,YLL013C,0,-0.71541935,0.37582865357398987,0.7340637445449829,0.12244898080825806
YMR028W,YOR209C,0,-0.7158491,0.37563711404800415,0.7340637445449829,0.12254901975393295
YLL035W,YBR291C,0,-0.7158684,0.37544575333595276,0.7340637445449829,0.12264905869960785
YEL030W,YDR458C,0,-0.71725106,0.3752545714378357,0.7340637445449829,0.12274909764528275
YJL158C,YDR145W,0,-0.71790636,0.37506362795829773,0.7340637445449829,0.12284913659095764
YDL076C,YDR311W,1,-0.71814305,0.3753814995288849,0.7350597381591797,0.12284913659095764
YDR499W,YBL061C,0,-0.71874076,0.3751906454563141,0.7350597381591797,0.12294918298721313
YHR085W,YIL109C,0,-0.7196242,0.375,0.7350597381591797,0.12304922193288803
YDR002W,YOR127W,0,-0.7199021,0.37480953335762024,0.7350597381591797,0.12314926087856293
YDR041W,YKL042W,0,-0.7200239,0.3746192753314972,0.7350597381591797,0.12324929982423782
YMR028W,YLR418C,1,-0.72092295,0.374936580657959,0.7360557913780212,0.12324929982423782
YNL070W,YKR068C,0,-0.72188085,0.3747464418411255,0.7360557913780212,0.12334933876991272
YOL020W,YER099C,0,-0.7225032,0.3745565116405487,0.7360557913780212,0.12344937771558762
YIL027C,YMR089C,0,-0.7229915,0.37436676025390625,0.7360557913780212,0.12354941666126251
YFL034C-A,YPR128C,0,-0.7236844,0.3741772174835205,0.7360557913780212,0.123649463057518
YDR205W,YGR234W,0,-0.7239756,0.3739878535270691,0.7360557913780212,0.1237495020031929
YBL052C,YDR266C,0,-0.7241151,0.3737986981868744,0.7360557913780212,0.1238495409488678
YHR170W,YDR341C,0,-0.72425586,0.373609721660614,0.7360557913780212,0.1239495798945427
YIR015W,YDL081C,0,-0.7246391,0.37342092394828796,0.7360557913780212,0.12404961884021759
YML017W,YPL172C,0,-0.72474545,0.37323233485221863,0.7360557913780212,0.12414965778589249
YOL165C,YJR084W,0,-0.7254222,0.3730439245700836,0.7360557913780212,0.12424969673156738
YML121W,YGL244W,1,-0.72594535,0.3733602464199066,0.737051784992218,0.12424969673156738
YNR017W,YLR044C,0,-0.7273728,0.37317195534706116,0.737051784992218,0.12434974312782288
YDR369C,YDL184C,0,-0.7280516,0.3729838728904724,0.737051784992218,0.12444978207349777
YMR131C,YHR189W,0,-0.7291409,0.372795969247818,0.737051784992218,0.12454982101917267
YPL019C,YMR138W,0,-0.73145276,0.3726082444190979,0.737051784992218,0.12464985996484756
YPL129W,YKL006C-A,0,-0.7322052,0.3724207282066345,0.737051784992218,0.12474989891052246
YCL037C,YBR189W,0,-0.7327499,0.37223339080810547,0.737051784992218,0.12484993785619736
YLR270W,YNL045W,0,-0.7327989,0.37204626202583313,0.737051784992218,0.12494997680187225
YHR055C,YHR186C,0,-0.7329299,0.37185928225517273,0.737051784992218,0.12505002319812775
YDR339C,YPL060W,0,-0.73296744,0.37167254090309143,0.737051784992218,0.12515005469322205
YOR061W,YBR049C,1,-0.733286,0.3719879388809204,0.7380478382110596,0.12515005469322205
YBL041W,YDR023W,0,-0.7335054,0.37180131673812866,0.7380478382110596,0.12525010108947754
YKL183W,YOR057W,0,-0.7340364,0.37161484360694885,0.7380478382110596,0.12535014748573303
YPL106C,YIL150C,0,-0.73517334,0.37142857909202576,0.7380478382110596,0.12545017898082733
YOR341W,YLR141W,1,-0.73581845,0.37174350023269653,0.7390438318252563,0.12545017898082733
YOR243C,YGL124C,0,-0.7363748,0.3715573251247406,0.7390438318252563,0.12555022537708282
YOL092W,YKL175W,0,-0.73757374,0.3713713586330414,0.7390438318252563,0.12565025687217712
YLR141W,YOR210W,1,-0.73858494,0.37168583273887634,0.7400398254394531,0.12565025687217712
YKL204W,YML052W,0,-0.73989004,0.3714999854564667,0.7400398254394531,0.12575030326843262
YGR285C,YLR403W,0,-0.7401138,0.3713143467903137,0.7400398254394531,0.12585033476352692
YDR311W,YOR210W,1,-0.7402663,0.37162837386131287,0.7410358786582947,0.12585033476352692
YKL022C,YDR375C,0,-0.74038905,0.3714428246021271,0.7410358786582947,0.1259503811597824
YDR217C,YKR006C,0,-0.74049,0.371257483959198,0.7410358786582947,0.1260504275560379
YDL127W,YKL042W,0,-0.74116176,0.37107232213020325,0.7410358786582947,0.1261504590511322
YPL082C,YML112W,1,-0.74164146,0.3713858425617218,0.7420318722724915,0.1261504590511322
YKL191W,YPR114W,0,-0.74224627,0.3712007999420166,0.7420318722724915,0.1262505054473877
YKL182W,YOR147W,0,-0.7427848,0.3710159361362457,0.7420318722724915,0.126350536942482
YGL019W,YOR123C,1,-0.7431262,0.37132900953292847,0.7430278658866882,0.126350536942482
YDR026C,YMR093W,1,-0.7432545,0.37164178490638733,0.7440239191055298,0.126350536942482
YOR210W,YOL004W,1,-0.74331933,0.3719542622566223,0.7450199127197266,0.126350536942482
YOL145C,YMR028W,1,-0.743367,0.37226641178131104,0.7460159659385681,0.126350536942482
YDR308C,YNL249C,0,-0.7454646,0.372081458568573,0.7460159659385681,0.1264505833387375
YOR386W,YLR251W,0,-0.74555224,0.3718967139720917,0.7460159659385681,0.1265506148338318
YGL005C,YBR245C,0,-0.74567527,0.3717121481895447,0.7460159659385681,0.12665066123008728
YHR148W,YDL073W,0,-0.74581707,0.3715277910232544,0.7460159659385681,0.12675070762634277
YBL005W,YER090W,0,-0.747199,0.37134358286857605,0.7460159659385681,0.12685073912143707
YBR067C,YIL150C,0,-0.7474187,0.37115955352783203,0.7460159659385681,0.12695078551769257
YLR141W,YHR205W,1,-0.74833584,0.37147101759910583,0.7470119595527649,0.12695078551769257
YDL055C,YKL079W,0,-0.74842227,0.37128713726997375,0.7470119595527649,0.12705081701278687
YOR254C,YCL066W,0,-0.7484951,0.3711034059524536,0.7470119595527649,0.12715086340904236
YLR037C,YAL068C,0,-0.74904007,0.3709198832511902,0.7470119595527649,0.12725089490413666
YDR224C,YPL007C,0,-0.75014395,0.3707365393638611,0.7470119595527649,0.12735094130039215
YNL113W,YGL056C,0,-0.7503006,0.3705533742904663,0.7470119595527649,0.12745098769664764
YMR202W,YBR253W,0,-0.7506822,0.37037035822868347,0.7470119595527649,0.12755101919174194
YPL074W,YJR043C,0,-0.7508899,0.37018755078315735,0.7470119595527649,0.12765106558799744
YDR311W,YML121W,1,-0.7514937,0.37049826979637146,0.7480079531669617,0.12765106558799744
YGR202C,YBL002W,0,-0.7515265,0.3703155815601349,0.7480079531669617,0.12775109708309174
YNL231C,YLR427W,0,-0.752499,0.37013307213783264,0.7480079531669617,0.12785114347934723
YIL035C,YPL082C,1,-0.7542425,0.37044334411621094,0.7490040063858032,0.12785114347934723
YPL063W,YPR082C,0,-0.75503963,0.37026095390319824,0.7490040063858032,0.12795117497444153
YKL114C,YML032C,0,-0.75569785,0.3700787425041199,0.7490040063858032,0.12805122137069702
YBR162W-A,YNL297C,0,-0.75767404,0.36989670991897583,0.7490040063858032,0.12815126776695251
YPL188W,YKR068C,0,-0.7577802,0.3697148561477661,0.7490040063858032,0.12825129926204681
YBR283C,YPR018W,0,-0.76019275,0.3695331811904907,0.7490040063858032,0.1283513456583023
YER004W,YML126C,0,-0.7605484,0.36935165524482727,0.7490040063858032,0.1284513771533966
YGR221C,YHR034C,0,-0.7617597,0.36917033791542053,0.7490040063858032,0.1285514235496521
YOR133W,YLR244C,0,-0.7621574,0.3689891993999481,0.7490040063858032,0.1286514550447464
YDR026C,YOL145C,1,-0.76218754,0.36929866671562195,0.75,0.1286514550447464
YKL139W,YNL139C,1,-0.76261014,0.3696078360080719,0.7509959936141968,0.1286514550447464
YER031C,YPR182W,0,-0.76369554,0.36942675709724426,0.7509959936141968,0.1287515014410019
YDR041W,YIL018W,0,-0.76389986,0.36924582719802856,0.7509959936141968,0.12885154783725739
YDL008W,YLR079W,0,-0.7639504,0.3690651059150696,0.7509959936141968,0.12895157933235168
YER155C,YDL014W,0,-0.76468503,0.36888453364372253,0.7509959936141968,0.12905162572860718
YDR439W,YDR458C,0,-0.7651407,0.3687041699886322,0.7509959936141968,0.12915165722370148
YLR229C,YOR026W,0,-0.76515526,0.3685239553451538,0.7509959936141968,0.12925170361995697
YPL046C,YPR133W-A,0,-0.7652102,0.36834391951560974,0.7509959936141968,0.12935173511505127
YDR156W,YHL025W,1,-0.7657544,0.36865234375,0.7519920468330383,0.12935173511505127
YNR045W,YBL072C,0,-0.76684743,0.3684724271297455,0.7519920468330383,0.12945178151130676
YMR068W,YLR448W,0,-0.7672989,0.3682926893234253,0.7519920468330383,0.12955182790756226
YGL019W,YHL025W,1,-0.76758265,0.3686006963253021,0.7529880404472351,0.12955182790756226
YMR138W,YNR032W,0,-0.7681634,0.3684210479259491,0.7529880404472351,0.12965185940265656
YFL002C,YBR067C,0,-0.7682973,0.3682416081428528,0.7529880404472351,0.12975190579891205
YMR028W,YML010W,1,-0.76909506,0.3685491681098938,0.7539840340614319,0.12975190579891205
YPR132W,YLL010C,0,-0.7690984,0.36836981773376465,0.7539840340614319,0.12985193729400635
YNL148C,YGL119W,0,-0.7693445,0.3681906759738922,0.7539840340614319,0.12995198369026184
YCR071C,YMR283C,0,-0.7695755,0.3680116534233093,0.7539840340614319,0.13005201518535614
YDR447C,YLR403W,0,-0.7719162,0.36783283948898315,0.7539840340614319,0.13015206158161163
YGL169W,YGL222C,0,-0.77201515,0.3676542043685913,0.7539840340614319,0.13025210797786713
YDR137W,YIR015W,0,-0.77291626,0.3674757182598114,0.7539840340614319,0.13035213947296143
YOR295W,YDL076C,1,-0.7763968,0.3677826225757599,0.7549800872802734,0.13035213947296143
YJR086W,YDR418W,0,-0.7771335,0.36760425567626953,0.7549800872802734,0.13045218586921692
YPR179C,YJR031C,0,-0.77756935,0.3674260675907135,0.7549800872802734,0.13055221736431122
YKL174C,YGL019W,0,-0.77942383,0.3672480583190918,0.7549800872802734,0.1306522637605667
YDR039C,YDR341C,0,-0.7797989,0.3670702278614044,0.7549800872802734,0.130752295255661
YGL019W,YHR205W,1,-0.78090274,0.36737656593322754,0.7559760808944702,0.130752295255661
YCR024C-A,YFL048C,0,-0.78222656,0.3671988248825073,0.7559760808944702,0.1308523416519165
YML098W,YIL149C,0,-0.78281325,0.36702126264572144,0.7559760808944702,0.130952388048172
YLR021W,YPL112C,0,-0.7847764,0.3668438792228699,0.7559760808944702,0.1310524195432663
YDR019C,YPL029W,0,-0.78574556,0.36666667461395264,0.7559760808944702,0.1311524659395218
YJR066W,YNL248C,1,-0.7875011,0.3669724762439728,0.7569721341133118,0.1311524659395218
YER022W,YGR234W,0,-0.7879283,0.3667953610420227,0.7569721341133118,0.1312524974346161
YDR473C,YDR407C,0,-0.78796035,0.36661842465400696,0.7569721341133118,0.13135254383087158
YHR185C,YDL061C,0,-0.7880439,0.36644166707992554,0.7569721341133118,0.13145257532596588
YGR166W,YJL127C,0,-0.78895545,0.36626505851745605,0.7569721341133118,0.13155262172222137
YKR069W,YJR112W,0,-0.78908163,0.3660886287689209,0.7569721341133118,0.13165266811847687
YOR188W,YDR400W,0,-0.789167,0.36591237783432007,0.7569721341133118,0.13175269961357117
YNL097C,YBL014C,1,-0.7896201,0.3662175238132477,0.7579681277275085,0.13175269961357117
YHR098C,YDL060W,0,-0.7899,0.366041362285614,0.7579681277275085,0.13185274600982666
YBR257W,YLR115W,0,-0.79125184,0.3658653795719147,0.7579681277275085,0.13195277750492096
YOR281C,YGL158W,0,-0.79148126,0.36568957567214966,0.7579681277275085,0.13205282390117645
YGL008C,YER022W,0,-0.79209816,0.3655139207839966,0.7579681277275085,0.13215285539627075
YOL066C,YOR057W,0,-0.7925047,0.36533844470977783,0.7579681277275085,0.13225290179252625
YLR405W,YDR375C,0,-0.7925409,0.3651631474494934,0.7579681277275085,0.13235294818878174
YDL161W,YDR461W,0,-0.7925675,0.3649879992008209,0.7579681277275085,0.13245297968387604
YER151C,YOL031C,0,-0.7932069,0.36481302976608276,0.7579681277275085,0.13255302608013153
YIL073C,YKL006W,0,-0.79331857,0.36463823914527893,0.7579681277275085,0.13265305757522583
YLR421C,YBL054W,0,-0.79510164,0.36446359753608704,0.7579681277275085,0.13275310397148132
YBL025W,YNL225C,0,-0.79546624,0.36428913474082947,0.7579681277275085,0.13285313546657562
YIL104C,YGL056C,0,-0.79604244,0.36411482095718384,0.7579681277275085,0.13295318186283112
YER147C,YER099C,0,-0.7962809,0.36394068598747253,0.7579681277275085,0.1330532282590866
YNL096C,YDR253C,0,-0.7962927,0.36376672983169556,0.7579681277275085,0.1331532597541809
YER031C,YJL145W,0,-0.7964271,0.3635929226875305,0.7579681277275085,0.1332533061504364
YJL061W,YOL092W,0,-0.7968282,0.3634192943572998,0.7579681277275085,0.1333533376455307
YKL082C,YLR044C,0,-0.7970672,0.36324581503868103,0.7579681277275085,0.1334533840417862
YBR135W,YBR291C,0,-0.797473,0.3630725145339966,0.7579681277275085,0.1335534155368805
YLL035W,YCL063W,0,-0.7975393,0.36289939284324646,0.7579681277275085,0.133653461933136
YJL130C,YLL022C,0,-0.7978829,0.3627264201641083,0.7579681277275085,0.13375350832939148
YPR144C,YLR382C,0,-0.7980023,0.36255359649658203,0.7579681277275085,0.13385353982448578
YCL030C,YPL198W,0,-0.79825425,0.3623809516429901,0.7579681277275085,0.13395358622074127
YJR112W,YPL007C,0,-0.79870987,0.3622084856033325,0.7579681277275085,0.13405361771583557
YBR049C,YPL082C,1,-0.7989629,0.36251190304756165,0.7589641213417053,0.13405361771583557
YML029W,YGL195W,0,-0.7991782,0.3623395264148712,0.7589641213417053,0.13415366411209106
YDR138W,YOR123C,1,-0.8001137,0.3626425862312317,0.7599601745605469,0.13415366411209106
YDR103W,YDR167W,0,-0.80035645,0.3624702990055084,0.7599601745605469,0.13425369560718536
YNL137C,YDL102W,0,-0.80114144,0.3622981905937195,0.7599601745605469,0.13435374200344086
YCR034W,YOL027C,0,-0.8013721,0.3621262311935425,0.7599601745605469,0.13445378839969635
YKR043C,YEL032W,0,-0.8021677,0.3619544506072998,0.7599601745605469,0.13455381989479065
YGL256W,YDL153C,0,-0.8025047,0.36178284883499146,0.7599601745605469,0.13465386629104614
YML017W,YPR159W,0,-0.8035859,0.36161136627197266,0.7599601745605469,0.13475389778614044
YDR137W,YPR102C,0,-0.80369425,0.3614400625228882,0.7599601745605469,0.13485394418239594
YDR450W,YKR068C,0,-0.80393517,0.36126893758773804,0.7599601745605469,0.13495397567749023
YDR540C,YJL142C,0,-0.8050979,0.36109796166419983,0.7599601745605469,0.13505402207374573
YOR095C,YOR081C,0,-0.8053284,0.36092716455459595,0.7599601745605469,0.13515406847000122
YOL102C,YLR045C,0,-0.80548567,0.3607564866542816,0.7599601745605469,0.13525409996509552
YOR335C,YJL081C,0,-0.80558604,0.360586017370224,0.7599601745605469,0.135354146361351
YGR200C,YOL086C,0,-0.80567056,0.3604156970977783,0.7599601745605469,0.1354541778564453
YDR002W,YDL224C,0,-0.8068192,0.3602455258369446,0.7599601745605469,0.1355542242527008
YMR263W,YKL139W,1,-0.8075797,0.36054742336273193,0.7609561681747437,0.1355542242527008
YML063W,YHL003C,0,-0.8082028,0.36037737131118774,0.7609561681747437,0.1356542557477951
YGR076C,YGL035C,0,-0.8089761,0.3602074384689331,0.7609561681747437,0.1357543021440506
YMR208W,YGR211W,0,-0.8115868,0.3600377142429352,0.7609561681747437,0.1358543485403061
YJL146W,YGL120C,0,-0.8128263,0.3598681092262268,0.7609561681747437,0.1359543800354004
YHR134W,YMR028W,0,-0.81352216,0.35969868302345276,0.7609561681747437,0.13605442643165588
YNL068C,YMR059W,0,-0.81402165,0.35952940583229065,0.7609561681747437,0.13615445792675018
YDR372C,YDR160W,0,-0.81510794,0.35936030745506287,0.7609561681747437,0.13625450432300568
YIR012W,YGL215W,0,-0.81546634,0.359191358089447,0.7609561681747437,0.13635453581809998
YMR131C,YJR119C,0,-0.8156825,0.3590225577354431,0.7609561681747437,0.13645458221435547
YGR063C,YML112W,1,-0.81624013,0.3593236207962036,0.7619521617889404,0.13645458221435547
YLR449W,YGR272C,0,-0.8163584,0.35915493965148926,0.7619521617889404,0.13655462861061096
YDR026C,YKL078W,1,-0.8175947,0.3594556450843811,0.762948215007782,0.13655462861061096
YMR233W,YHR205W,1,-0.81864315,0.35975611209869385,0.7639442086219788,0.13655462861061096
YOR018W,YJL167W,0,-0.8193055,0.3595874309539795,0.7639442086219788,0.13665466010570526
YGL112C,YOL004W,0,-0.81957656,0.35941892862319946,0.7639442086219788,0.13675470650196075
YOL020W,YGL092W,0,-0.8201526,0.35925057530403137,0.7639442086219788,0.13685473799705505
YMR176W,YCR073C,0,-0.8205679,0.3590824007987976,0.7639442086219788,0.13695478439331055
YML094W,YDR056C,0,-0.8212674,0.3589143753051758,0.7639442086219788,0.13705481588840485
YDR372C,YLR287C-A,0,-0.82208645,0.3587464988231659,0.7639442086219788,0.13715486228466034
YJR016C,YDR138W,0,-0.8224881,0.35857877135276794,0.7639442086219788,0.13725490868091583
YNL008C,YKL143W,0,-0.82424045,0.3584112226963043,0.7639442086219788,0.13735494017601013
YBR245C,YHR205W,1,-0.8244491,0.3587108850479126,0.7649402618408203,0.13735494017601013
YKL068W,YDL107W,0,-0.8256058,0.35854342579841614,0.7649402618408203,0.13745498657226562
YPL052W,YDR075W,0,-0.8257087,0.3583761155605316,0.7649402618408203,0.13755501806735992
YER063W,YDR488C,0,-0.8267103,0.35820895433425903,0.7649402618408203,0.13765506446361542
YGR118W,YLR057W,0,-0.82712656,0.3580419719219208,0.7649402618408203,0.13775509595870972
YKL041W,YPL007C,0,-0.8272663,0.35787510871887207,0.7649402618408203,0.1378551423549652
YDR026C,YBR154C,1,-0.8285856,0.358174204826355,0.7659362554550171,0.1378551423549652
YML116W,YIL149C,0,-0.82874405,0.3580074608325958,0.7659362554550171,0.1379551887512207
YER117W,YKR102W,0,-0.82925624,0.3578408658504486,0.7659362554550171,0.138055220246315
YPL093W,YER061C,0,-0.82926744,0.35767441987991333,0.7659362554550171,0.1381552666425705
YMR067C,YKL143W,0,-0.82979494,0.35750812292099,0.7659362554550171,0.1382552981376648
YOR047C,YMR059W,0,-0.8309371,0.357342004776001,0.7659362554550171,0.1383553445339203
YBR084W,YDR367W,0,-0.8319133,0.3571760356426239,0.7659362554550171,0.1384553760290146
YGL008C,YMR225C,0,-0.83217674,0.35701021552085876,0.7659362554550171,0.13855542242527008
YDR378C,YGR152C,0,-0.83239967,0.35684454441070557,0.7659362554550171,0.13865546882152557
YKR002W,YPL198W,0,-0.83312327,0.3566790223121643,0.7659362554550171,0.13875550031661987
YEL021W,YKL189W,0,-0.8333281,0.3565136790275574,0.7659362554550171,0.13885554671287537
YGR212W,YIL046W,0,-0.8334604,0.3563484847545624,0.7659362554550171,0.13895557820796967
YJL200C,YGR040W,0,-0.8346599,0.35618340969085693,0.7659362554550171,0.13905562460422516
YNL192W,YOL010W,0,-0.8359003,0.3560185134410858,0.7659362554550171,0.13915565609931946
YPR122W,YOR057W,0,-0.83595675,0.35585376620292664,0.7659362554550171,0.13925570249557495
YDR138W,YJL006C,1,-0.83643353,0.3561517000198364,0.7669322490692139,0.13925570249557495
YFR031C-A,YGR076C,0,-0.8372599,0.3559870421886444,0.7669322490692139,0.13935574889183044
YML121W,YPL082C,1,-0.8379796,0.35628464818000793,0.7679283022880554,0.13935574889183044
YIL072W,YKR016W,0,-0.8382971,0.3561200797557831,0.7679283022880554,0.13945578038692474
YKR060W,YDR041W,0,-0.8393597,0.35595569014549255,0.7679283022880554,0.13955582678318024
YMR203W,YNL068C,0,-0.83997154,0.3557914197444916,0.7679283022880554,0.13965585827827454
YHR085W,YML116W,0,-0.8401336,0.35562729835510254,0.7679283022880554,0.13975590467453003
YKL068W,YOR307C,0,-0.84036016,0.3554633557796478,0.7679283022880554,0.13985593616962433
YIL162W,YGR034W,0,-0.8403708,0.35529953241348267,0.7679283022880554,0.13995598256587982
YPL139C,YMR263W,1,-0.8414355,0.35559651255607605,0.7689242959022522,0.13995598256587982
YDR138W,YER164W,1,-0.8443273,0.35589319467544556,0.769920289516449,0.13995598256587982
YMR203W,YDR312W,0,-0.84467566,0.3557294011116028,0.769920289516449,0.14005602896213531
YER149C,YJL127C,0,-0.84627384,0.35556578636169434,0.769920289516449,0.14015606045722961
YNL139C,YIL074C,0,-0.847111,0.35540229082107544,0.769920289516449,0.1402561068534851
YKL139W,YLR141W,1,-0.8472052,0.35569852590560913,0.7709163427352905,0.1402561068534851
YCL030C,YAL033W,0,-0.84727246,0.3555351495742798,0.7709163427352905,0.1403561383485794
YPL082C,YNL139C,1,-0.84750026,0.3558310270309448,0.7719123363494873,0.1403561383485794
YKL166C,YBR193C,0,-0.8476342,0.35566774010658264,0.7719123363494873,0.1404561847448349
YOL145C,YBR245C,1,-0.8484083,0.3559632897377014,0.7729083895683289,0.1404561847448349
YOR231W,YEL032W,0,-0.8506103,0.3558000922203064,0.7729083895683289,0.1405562162399292
YFL036W,YBL091C,0,-0.8515827,0.3556370437145233,0.7729083895683289,0.1406562626361847
YOR369C,YML029W,0,-0.85172194,0.3554741144180298,0.7729083895683289,0.14075630903244019
YDL067C,YOR233W,0,-0.85179305,0.3553113639354706,0.7729083895683289,0.14085634052753448
YJL122W,YBR125C,0,-0.8534276,0.3551487326622009,0.7729083895683289,0.14095638692378998
YGL110C,YNR017W,0,-0.8547291,0.3549862802028656,0.7729083895683289,0.14105641841888428
YLR065C,YNL249C,0,-0.85578483,0.3548239469528198,0.7729083895683289,0.14115646481513977
YDR515W,YDR182W,0,-0.8559395,0.3546617925167084,0.7729083895683289,0.14125649631023407
YML017W,YLR026C,0,-0.8562233,0.3544997572898865,0.7729083895683289,0.14135654270648956
YDR019C,YOL135C,0,-0.85666376,0.3543379008769989,0.7729083895683289,0.14145658910274506
YPL226W,YER155C,0,-0.8571333,0.3541761636734009,0.7729083895683289,0.14155662059783936
YNL113W,YLR360W,0,-0.85740906,0.3540146052837372,0.7729083895683289,0.14165666699409485
YER126C,YDR461W,0,-0.8582748,0.35385316610336304,0.7729083895683289,0.14175669848918915
YMR270C,YGL019W,1,-0.8590239,0.35414767265319824,0.7739043831825256,0.14175669848918915
YOL066C,YER123W,0,-0.8596834,0.35398632287979126,0.7739043831825256,0.14185674488544464
YNL330C,YOR123C,1,-0.8604019,0.3542805016040802,0.7749003767967224,0.14185674488544464
YLR141W,YPL082C,1,-0.8604131,0.35457441210746765,0.775896430015564,0.14185674488544464
YOR276W,YHR205W,0,-0.8614797,0.35441309213638306,0.775896430015564,0.14195677638053894
YKL174C,YHR079C,0,-0.86162734,0.3542519211769104,0.775896430015564,0.14205682277679443
YBR283C,YBR245C,0,-0.8626972,0.3540908992290497,0.775896430015564,0.14215686917304993
YOR202W,YFL002C,0,-0.863007,0.3539300262928009,0.775896430015564,0.14225690066814423
YOL071W,YKR016W,0,-0.8656006,0.35376930236816406,0.775896430015564,0.14235694706439972
YBL054W,YBR022W,0,-0.8659012,0.35360872745513916,0.775896430015564,0.14245697855949402
YGL129C,YDR375C,0,-0.8661395,0.3534482717514038,0.775896430015564,0.1425570249557495
YCL025C,YNL137C,0,-0.8669457,0.3532879948616028,0.775896430015564,0.1426570564508438
YDR311W,YER164W,1,-0.86840934,0.35358113050460815,0.7768924236297607,0.1426570564508438
YPR010C,YOR224C,1,-0.8692935,0.3538740277290344,0.7778884172439575,0.1426570564508438
YER120W,YER161C,0,-0.87000203,0.3537137806415558,0.7778884172439575,0.1427571028470993
YHR154W,YDR372C,0,-0.8715353,0.3535536527633667,0.7778884172439575,0.1428571492433548
YLR016C,YPL058C,0,-0.8722216,0.35339367389678955,0.7778884172439575,0.1429571807384491
YNL330C,YOR210W,1,-0.87222594,0.35368612408638,0.7788844704627991,0.1429571807384491
YBR153W,YER183C,0,-0.8726491,0.35352623462677,0.7788844704627991,0.1430572271347046
YDR037W,YDR259C,0,-0.87286633,0.3533664643764496,0.7788844704627991,0.1431572586297989
YDR320C-A,YOR147W,0,-0.8730732,0.3532068729400635,0.7788844704627991,0.14325730502605438
YDR482C,YDR176W,0,-0.87339234,0.3530474007129669,0.7788844704627991,0.14335733652114868
YGR034W,YDR311W,0,-0.87373686,0.3528880774974823,0.7788844704627991,0.14345738291740417
YIL093C,YLR353W,0,-0.87391466,0.3527289032936096,0.7788844704627991,0.14355742931365967
YFL036W,YDR405W,0,-0.8745257,0.3525698781013489,0.7788844704627991,0.14365746080875397
YPL244C,YGL112C,0,-0.8749725,0.3524110019207001,0.7788844704627991,0.14375750720500946
YLR403W,YDR206W,0,-0.87501514,0.3522522449493408,0.7788844704627991,0.14385753870010376
YOR061W,YDR311W,1,-0.8753018,0.3525438904762268,0.7798804640769958,0.14385753870010376
YLR457C,YKL006C-A,0,-0.876229,0.3523852527141571,0.7798804640769958,0.14395758509635925
YMR213W,YHR200W,0,-0.8769676,0.35222673416137695,0.7798804640769958,0.14405761659145355
YEL065W,YML094W,0,-0.87712723,0.35206833481788635,0.7798804640769958,0.14415766298770905
YBL017C,YOR276W,0,-0.8777395,0.3519101142883301,0.7798804640769958,0.14425770938396454
YCL064C,YBR079C,0,-0.87810194,0.35175201296806335,0.7798804640769958,0.14435774087905884
YIL168W,YGL169W,0,-0.878355,0.35159406065940857,0.7798804640769958,0.14445778727531433
YDR026C,YPR187W,1,-0.8786523,0.3518851101398468,0.7808765172958374,0.14445778727531433
YKL167C,YGL144C,0,-0.87971884,0.3517272174358368,0.7808765172958374,0.14455781877040863
YKL175W,YHR166C,0,-0.87984794,0.3515695035457611,0.7808765172958374,0.14465786516666412
YDR026C,YPR010C,1,-0.88042706,0.3518601655960083,0.7818725109100342,0.14465786516666412
YOL165C,YDR246W,0,-0.8804663,0.3517025113105774,0.7818725109100342,0.14475789666175842
YMR263W,YHR205W,1,-0.88048965,0.3519928455352783,0.782868504524231,0.14475789666175842
YAL003W,YER109C,0,-0.8804931,0.3518352806568146,0.782868504524231,0.14485794305801392
YPL198W,YPL174C,0,-0.88073784,0.35167786478996277,0.782868504524231,0.1449579894542694
YKL198C,YGR200C,0,-0.88082737,0.3515205681324005,0.782868504524231,0.1450580209493637
YIL073C,YDL111C,0,-0.8810095,0.3513634204864502,0.782868504524231,0.1451580673456192
YPL259C,YPL052W,0,-0.881494,0.3512064218521118,0.782868504524231,0.1452580988407135
YKL139W,YML121W,1,-0.88217956,0.3514961898326874,0.7838645577430725,0.1452580988407135
YPL198W,YKL160W,0,-0.8835911,0.35133928060531616,0.7838645577430725,0.145358145236969
YHL025W,YOR295W,1,-0.88380224,0.35162875056266785,0.7848605513572693,0.145358145236969
YKL137W,YHR141C,0,-0.88406223,0.3514719009399414,0.7848605513572693,0.1454581767320633
YIL106W,YIR012W,0,-0.8847919,0.3513152003288269,0.7848605513572693,0.1455582231283188
YJL167W,YPL207W,0,-0.88515234,0.35115864872932434,0.7848605513572693,0.14565826952457428
YKR060W,YER090W,0,-0.8870315,0.35100221633911133,0.7848605513572693,0.14575830101966858
YCR063W,YIL046W,0,-0.88747627,0.35084596276283264,0.7848605513572693,0.14585834741592407
YJR124C,YNL108C,0,-0.88880676,0.3506897985935211,0.7848605513572693,0.14595837891101837
YJL130C,YDR173C,0,-0.8890474,0.3505338132381439,0.7848605513572693,0.14605842530727386
YBR088C,YER008C,0,-0.89058787,0.3503779470920563,0.7848605513572693,0.14615845680236816
YIL110W,YIL036W,0,-0.89163685,0.35022222995758057,0.7848605513572693,0.14625850319862366
YDL076C,YOR341W,1,-0.89181876,0.3505108952522278,0.7858565449714661,0.14625850319862366
YGR062C,YOR049C,0,-0.89186007,0.35035523772239685,0.7858565449714661,0.14635854959487915
YHL025W,YBR245C,1,-0.8921495,0.3506435751914978,0.7868525981903076,0.14635854959487915
YHR186C,YML109W,0,-0.8926323,0.35048800706863403,0.7868525981903076,0.14645858108997345
YBR242W,YHR020W,0,-0.89269495,0.3503325879573822,0.7868525981903076,0.14655862748622894
YBR245C,YBR168W,0,-0.89288104,0.3501773178577423,0.7868525981903076,0.14665865898132324
YBR078W,YGR165W,0,-0.89312816,0.35002216696739197,0.7868525981903076,0.14675870537757874
YOR202W,YBR105C,0,-0.89328164,0.3498671352863312,0.7868525981903076,0.14685873687267303
YKL218C,YDL215C,0,-0.89352316,0.3497122526168823,0.7868525981903076,0.14695878326892853
YBL079W,YLR045C,0,-0.8938007,0.3495575189590454,0.7868525981903076,0.14705882966518402
YDR447C,YGR239C,0,-0.89425474,0.34940290451049805,0.7868525981903076,0.14715886116027832
YNL166C,YOR196C,0,-0.89437455,0.3492484390735626,0.7868525981903076,0.1472589075565338
YPR029C,YKR022C,0,-0.8944215,0.34909412264823914,0.7868525981903076,0.1473589390516281
YHR154W,YNL108C,0,-0.89452827,0.3489399254322052,0.7868525981903076,0.1474589854478836
YOR039W,YDR311W,1,-0.89455944,0.3492273688316345,0.7878485918045044,0.1474589854478836
YIL148W,YER133W,0,-0.8952507,0.34907326102256775,0.7878485918045044,0.1475590169429779
YDL225W,YLR026C,0,-0.89526707,0.3489192724227905,0.7878485918045044,0.1476590633392334
YEL065W,YJL134W,0,-0.89643294,0.34876543283462524,0.7878485918045044,0.1477591097354889
YBL033C,YBR294W,0,-0.8978023,0.3486117124557495,0.7878485918045044,0.1478591412305832
YGL022W,YDL074C,0,-0.8979998,0.3484581410884857,0.7878485918045044,0.14795918762683868
YMR012W,YOL128C,0,-0.898071,0.34830471873283386,0.7878485918045044,0.14805921912193298
YNL079C,YJL041W,0,-0.89976907,0.34815141558647156,0.7878485918045044,0.14815926551818848
YHR053C,YDR160W,0,-0.90135837,0.3479982316493988,0.7878485918045044,0.14825929701328278
YLR405W,YDR372C,0,-0.90195304,0.347845196723938,0.7878485918045044,0.14835934340953827
YOR247W,YGR246C,0,-0.90206283,0.3476923108100891,0.7878485918045044,0.14845938980579376
YKL130C,YDR140W,0,-0.9020691,0.3475395441055298,0.7878485918045044,0.14855942130088806
YER116C,YDR037W,0,-0.9034894,0.3473869264125824,0.7878485918045044,0.14865946769714355
YGR212W,YDR382W,0,-0.9035168,0.34723442792892456,0.7878485918045044,0.14875949919223785
YIR017C,YDR320C-A,0,-0.9045501,0.3470820486545563,0.7878485918045044,0.14885954558849335
YKL114C,YLR166C,0,-0.9045505,0.3469298183917999,0.7878485918045044,0.14895957708358765
YJL092W,YKL006C-A,0,-0.9047671,0.3467777371406555,0.7878485918045044,0.14905962347984314
YOR076C,YLR044C,0,-0.90578365,0.34662577509880066,0.7878485918045044,0.14915966987609863
YDL149W,YIL018W,0,-0.9060086,0.34647393226623535,0.7878485918045044,0.14925970137119293
YHR085W,YDR047W,0,-0.9063611,0.346322238445282,0.7878485918045044,0.14935974776744843
YPL244C,YGL049C,0,-0.9064272,0.34617066383361816,0.7878485918045044,0.14945977926254272
YDR496C,YJR133W,0,-0.90666103,0.3460192382335663,0.7878485918045044,0.14955982565879822
YLR409C,YHL003C,0,-0.90684897,0.34586796164512634,0.7878485918045044,0.14965985715389252
YNL139C,YGL244W,1,-0.9069473,0.3461538553237915,0.788844645023346,0.14965985715389252
YHL004W,YGR262C,0,-0.907296,0.34600260853767395,0.788844645023346,0.149759903550148
YML062C,YOR179C,0,-0.9080332,0.3458515405654907,0.788844645023346,0.1498599499464035
YBL014C,YML059C,0,-0.90972394,0.34570056200027466,0.788844645023346,0.1499599814414978
YBR276C,YDR075W,0,-0.9097242,0.34554973244667053,0.788844645023346,0.1500600278377533
YPL200W,YGR234W,0,-0.90979373,0.34539905190467834,0.788844645023346,0.1501600593328476
YBR049C,YHR205W,1,-0.9102979,0.34568437933921814,0.7898406386375427,0.1501600593328476
YNL330C,YJL109C,1,-0.91063637,0.3459694981575012,0.7908366322517395,0.1501600593328476
YGR191W,YFR028C,0,-0.9111816,0.34581881761550903,0.7908366322517395,0.1502601057291031
YOL132W,YKR079C,0,-0.911564,0.3456682562828064,0.7908366322517395,0.1503601372241974
YFL024C,YDL154W,0,-0.912845,0.3455178439617157,0.7908366322517395,0.15046018362045288
YDR044W,YLL002W,0,-0.9128555,0.34536755084991455,0.7908366322517395,0.15056023001670837
YEL030W,YOR310C,0,-0.9131169,0.34521737694740295,0.7908366322517395,0.15066026151180267
YKL167C,YDR382W,0,-0.91325235,0.3450673520565033,0.7908366322517395,0.15076030790805817
YOR231W,YGR124W,0,-0.91372347,0.3449174761772156,0.7908366322517395,0.15086033940315247
YOL051W,YGR246C,0,-0.9137279,0.344767689704895,0.7908366322517395,0.15096038579940796
YGR165W,YHR186C,0,-0.914693,0.3446180522441864,0.7908366322517395,0.15106041729450226
YCR077C,YML056C,0,-0.914857,0.34446853399276733,0.7908366322517395,0.15116046369075775
YNL291C,YER183C,0,-0.914948,0.3443191647529602,0.7908366322517395,0.15126051008701324
YHL006C,YPL273W,0,-0.91508836,0.3441699147224426,0.7908366322517395,0.15136054158210754
YGL019W,YBR245C,1,-0.9157017,0.3444540798664093,0.791832685470581,0.15136054158210754
YNL096C,YDR041W,0,-0.9169319,0.3443048894405365,0.791832685470581,0.15146058797836304
YPL106C,YHR062C,0,-0.91725165,0.34415584802627563,0.791832685470581,0.15156061947345734
YPL254W,YDR372C,0,-0.9172911,0.3440069258213043,0.791832685470581,0.15166066586971283
YDR237W,YOL086C,0,-0.9173672,0.34385812282562256,0.791832685470581,0.15176069736480713
YHL025W,YOR123C,1,-0.91753614,0.34414181113243103,0.7928286790847778,0.15176069736480713
YPR070W,YOL027C,0,-0.91796935,0.34399309754371643,0.7928286790847778,0.15186074376106262
YOR378W,YHR020W,0,-0.9180309,0.3438445031642914,0.7928286790847778,0.15196079015731812
YML121W,YBL002W,0,-0.9182405,0.3436960279941559,0.7928286790847778,0.15206082165241241
YNL152W,YDR103W,0,-0.9187021,0.3435477018356323,0.7928286790847778,0.1521608680486679
YJR066W,YER099C,0,-0.91897184,0.3433994948863983,0.7928286790847778,0.1522608995437622
YNR017W,YOR159C,0,-0.9211284,0.34325140714645386,0.7928286790847778,0.1523609459400177
YFL018W-A,YOR078W,0,-0.92140657,0.34310343861579895,0.7928286790847778,0.152460977435112
YCR071C,YMR188C,0,-0.92197865,0.342955619096756,0.7928286790847778,0.1525610238313675
YGR166W,YOL010W,0,-0.92238563,0.34280791878700256,0.7928286790847778,0.15266107022762299
YMR294W,YBL046W,0,-0.92345387,0.3426603674888611,0.7928286790847778,0.15276110172271729
YJL200C,YFL047W,0,-0.9241872,0.34251290559768677,0.7928286790847778,0.15286114811897278
YBR049C,YGL244W,1,-0.9258216,0.3427956998348236,0.7938246726989746,0.15286114811897278
YDR205W,YLR449W,0,-0.92650044,0.34264832735061646,0.7938246726989746,0.15296117961406708
YLR075W,YAL039C,0,-0.92722076,0.34250107407569885,0.7938246726989746,0.15306122601032257
YHR148W,YDR141C,0,-0.9277832,0.3423539400100708,0.7938246726989746,0.15316125750541687
YDR182W,YML056C,0,-0.9281346,0.3422069549560547,0.7938246726989746,0.15326130390167236
YNL245C,YMR127C,0,-0.92911035,0.3420600891113281,0.7938246726989746,0.15336135029792786
YCL044C,YLR223C,0,-0.9301091,0.3419133424758911,0.7938246726989746,0.15346138179302216
YOR127W,YDR378C,0,-0.93106204,0.34176671504974365,0.7938246726989746,0.15356142818927765
YLL031C,YOR096W,0,-0.9310988,0.34162023663520813,0.7938246726989746,0.15366145968437195
YER151C,YKR002W,0,-0.93201154,0.34147387742996216,0.7938246726989746,0.15376150608062744
YER063W,YBL014C,0,-0.9329074,0.34132763743400574,0.7938246726989746,0.15386153757572174
YGR063C,YBL002W,0,-0.93294257,0.34118151664733887,0.7938246726989746,0.15396158397197723
YDR044W,YHL048W,0,-0.9335474,0.34103551506996155,0.7938246726989746,0.15406163036823273
YOL092W,YIL085C,0,-0.9347714,0.34088966250419617,0.7938246726989746,0.15416166186332703
YMR012W,YGL022W,0,-0.934813,0.34074389934539795,0.7938246726989746,0.15426170825958252
YPL129W,YLR233C,0,-0.9349684,0.34059828519821167,0.7938246726989746,0.15436173975467682
YJL122W,YHL003C,0,-0.9349684,0.34045279026031494,0.7938246726989746,0.1544617861509323
YJL081C,YGR040W,0,-0.9352419,0.34030744433403015,0.7938246726989746,0.1545618176460266
YMR213W,YPL085W,0,-0.9361034,0.3401621878147125,0.7938246726989746,0.1546618640422821
YBL025W,YHR034C,0,-0.9363301,0.34001705050468445,0.7938246726989746,0.1547619104385376
YGL112C,YOR104W,0,-0.9379422,0.3398720622062683,0.7938246726989746,0.1548619419336319
YIL035C,YDR311W,1,-0.9384216,0.34015345573425293,0.7948207259178162,0.1548619419336319
YNL330C,YLL035W,1,-0.93897384,0.34043461084365845,0.7958167195320129,0.1548619419336319
YCR063W,YKR050W,0,-0.93954927,0.3402896225452423,0.7958167195320129,0.1549619883298874
YOR095C,YGR257C,0,-0.9399006,0.3401447534561157,0.7958167195320129,0.1550620198249817
YGR252W,YKL155C,0,-0.94085854,0.3400000035762787,0.7958167195320129,0.15516206622123718
YBR257W,YMR162C,0,-0.942127,0.3398553729057312,0.7958167195320129,0.15526209771633148
YNL333W,YDR268W,0,-0.943956,0.33971089124679565,0.7958167195320129,0.15536214411258698
YOL031C,YOL004W,0,-0.94435894,0.33956649899482727,0.7958167195320129,0.15546219050884247
YCR008W,YDL033C,0,-0.94471496,0.3394222557544708,0.7958167195320129,0.15556222200393677
YLR418C,YFR028C,1,-0.94516766,0.3397027552127838,0.7968127727508545,0.15556222200393677
YEL042W,YPR144C,0,-0.9452352,0.33955857157707214,0.7968127727508545,0.15566226840019226
YDR353W,YGR234W,0,-0.94530785,0.33941450715065,0.7968127727508545,0.15576229989528656
YHR011W,YLR218C,0,-0.9454325,0.33927056193351746,0.7968127727508545,0.15586234629154205
YOR204W,YML052W,0,-0.94568557,0.33912673592567444,0.7968127727508545,0.15596237778663635
YJL121C,YHR128W,0,-0.945722,0.33898305892944336,0.7968127727508545,0.15606242418289185
YDR130C,YKL024C,0,-0.9463018,0.33883947134017944,0.7968127727508545,0.15616247057914734
YBR130C,YBR283C,0,-0.94667965,0.33869603276252747,0.7968127727508545,0.15626250207424164
YLR129W,YFL048C,0,-0.94707066,0.33855268359184265,0.7968127727508545,0.15636254847049713
YOR039W,YLR418C,1,-0.947856,0.3388324975967407,0.7978087663650513,0.15636254847049713
YOR393W,YOL031C,0,-0.9481027,0.3386892080307007,0.7978087663650513,0.15646257996559143
YFL033C,YOR273C,0,-0.94824344,0.3385460674762726,0.7978087663650513,0.15656262636184692
YKL191W,YHR020W,0,-0.9487892,0.33840304613113403,0.7978087663650513,0.15666265785694122
YGR200C,YLR353W,0,-0.9498899,0.33826014399528503,0.7978087663650513,0.15676270425319672
YDR156W,YER164W,1,-0.9499164,0.3385394811630249,0.798804759979248,0.15676270425319672
YHL009C,YKL004W,0,-0.95002145,0.3383966386318207,0.798804759979248,0.1568627506494522
YMR180C,YER042W,0,-0.9504959,0.338253915309906,0.798804759979248,0.1569627821445465
YPL169C,YMR075W,0,-0.9530718,0.3381113111972809,0.798804759979248,0.157062828540802
YDR097C,YML027W,0,-0.9534499,0.3379688262939453,0.798804759979248,0.1571628600358963
YGR041W,YDR075W,0,-0.9539235,0.3378264605998993,0.798804759979248,0.1572629064321518
YNL330C,YDL108W,1,-0.954966,0.3381052613258362,0.7998008131980896,0.1572629064321518
YEL030W,YOR196C,0,-0.9564912,0.33796295523643494,0.7998008131980896,0.1573629379272461
YIL011W,YGR124W,0,-0.956824,0.33782076835632324,0.7998008131980896,0.1574629843235016
YMR028W,YER173W,0,-0.9571236,0.3376787304878235,0.7998008131980896,0.15756303071975708
YBR153W,YPR133W-A,0,-0.9573783,0.3375367820262909,0.7998008131980896,0.15766306221485138
YDR416W,YJL078C,0,-0.9581953,0.33739495277404785,0.7998008131980896,0.15776310861110687
YER151C,YKL167C,0,-0.9593915,0.33725324273109436,0.7998008131980896,0.15786314010620117
YJR101W,YGR020C,0,-0.95952284,0.3371116816997528,0.7998008131980896,0.15796318650245667
YIL018W,YPL052W,0,-0.9601981,0.3369702100753784,0.7998008131980896,0.15806321799755096
YPL129W,YIL044C,0,-0.96085656,0.3368288576602936,0.7998008131980896,0.15816326439380646
YJR143C,YPL122C,0,-0.9613664,0.3366876244544983,0.7998008131980896,0.15826331079006195
YDR170C,YOR057W,0,-0.9619601,0.33654651045799255,0.7998008131980896,0.15836334228515625
YER011W,YKR063C,0,-0.96282387,0.33640551567077637,0.7998008131980896,0.15846338868141174
YGR034W,YLR155C,0,-0.96302706,0.3362646698951721,0.7998008131980896,0.15856342017650604
YJL029C,YDR167W,0,-0.9637697,0.33612391352653503,0.7998008131980896,0.15866346657276154
YGR166W,YGL030W,0,-0.9641996,0.3359832763671875,0.7998008131980896,0.15876349806785583
YKL004W,YDR405W,0,-0.96629816,0.3358427584171295,0.7998008131980896,0.15886354446411133
YOL142W,YHL003C,0,-0.96673447,0.3357023298740387,0.7998008131980896,0.15896359086036682
YPL122C,YPL283C,0,-0.9669673,0.3355620503425598,0.7998008131980896,0.15906362235546112
YOR123C,YNL139C,1,-0.96762455,0.3358395993709564,0.8007968068122864,0.15906362235546112
YMR138W,YKL137W,0,-0.96823287,0.3356993794441223,0.8007968068122864,0.1591636687517166
YLR016C,YNL148C,0,-0.96900564,0.33555927872657776,0.8007968068122864,0.1592637002468109
YEL015W,YKR043C,0,-0.9692487,0.33541926741600037,0.8007968068122864,0.1593637466430664
YJL063C,YGL075C,0,-0.9698773,0.3352794051170349,0.8007968068122864,0.1594637781381607
YCL011C,YPL052W,0,-0.96989316,0.3351396322250366,0.8007968068122864,0.1595638245344162
YKR014C,YGR034W,0,-0.97030944,0.33500000834465027,0.8007968068122864,0.1596638709306717
YPR182W,YLR223C,0,-0.9723425,0.3348604738712311,0.8007968068122864,0.159763902425766
YBR020W,YDL060W,0,-0.97249526,0.33472105860710144,0.8007968068122864,0.15986394882202148
YLR292C,YHL025W,0,-0.97433937,0.33458176255226135,0.8007968068122864,0.15996398031711578
YKL022C,YPL060W,0,-0.9749089,0.3344425857067108,0.8007968068122864,0.16006402671337128
YMR028W,YPR110C,1,-0.97527546,0.33471933007240295,0.8017928004264832,0.16006402671337128
YHL025W,YLR141W,1,-0.97551525,0.334995836019516,0.8027888536453247,0.16006402671337128
YMR162C,YPL198W,0,-0.9764534,0.33485665917396545,0.8027888536453247,0.16016405820846558
YDL224C,YLR129W,0,-0.97751695,0.33471760153770447,0.8027888536453247,0.16026410460472107
YKL125W,YGR063C,1,-0.97822624,0.33499377965927124,0.8037848472595215,0.16026410460472107
YLR107W,YBL087C,0,-0.9783215,0.33485478162765503,0.8037848472595215,0.16036415100097656
YER063W,YLR287C-A,0,-0.97861683,0.334715873003006,0.8037848472595215,0.16046418249607086
YIL035C,YKL130C,0,-0.97912115,0.33457711338996887,0.8037848472595215,0.16056422889232635
YML116W,YDR184C,0,-0.97975403,0.3344384729862213,0.8037848472595215,0.16066426038742065
YIL035C,YFL049W,0,-0.9808222,0.3342999219894409,0.8037848472595215,0.16076430678367615
YGL112C,YLR045C,0,-0.9837322,0.3341614902019501,0.8037848472595215,0.16086435317993164
YOR026W,YLR429W,0,-0.98462725,0.3340231776237488,0.8037848472595215,0.16096438467502594
YDL148C,YDR047W,0,-0.98478556,0.33388498425483704,0.8037848472595215,0.16106443107128143
YPR024W,YDL107W,0,-0.98569536,0.33374691009521484,0.8037848472595215,0.16116446256637573
YNL330C,YKL125W,1,-0.9864066,0.33402231335639954,0.804780900478363,0.16116446256637573
YOR310C,YMR247C,0,-0.9864578,0.3338842988014221,0.804780900478363,0.16126450896263123
YBR057C,YKR050W,0,-0.98753387,0.33374637365341187,0.804780900478363,0.16136454045772552
YBL076C,YHL003C,0,-0.9877215,0.33360859751701355,0.804780900478363,0.16146458685398102
YOL165C,YHL009C,0,-0.987742,0.3334709107875824,0.804780900478363,0.1615646332502365
YLR083C,YLR448W,0,-0.9881609,0.3333333432674408,0.804780900478363,0.1616646647453308
YIR017C,YDR517W,0,-0.98823434,0.33319586515426636,0.804780900478363,0.1617647111415863
YEL030W,YBR132C,0,-0.98878074,0.33305853605270386,0.804780900478363,0.1618647426366806
YHR166C,YJR043C,0,-0.9897401,0.3329212963581085,0.804780900478363,0.1619647890329361
YLR449W,YBR022W,0,-0.99062306,0.33278417587280273,0.804780900478363,0.1620648205280304
YLR313C,YLR390W,0,-0.99063087,0.3326471745967865,0.804780900478363,0.1621648669242859
YPL052W,YKR100C,0,-0.99065465,0.3325102925300598,0.804780900478363,0.16226491332054138
YER031C,YGR202C,0,-0.9910223,0.3323734998703003,0.804780900478363,0.16236494481563568
YPR132W,YNL077W,0,-0.9911424,0.3322368562221527,0.804780900478363,0.16246499121189117
YIL037C,YKL082C,0,-0.9918241,0.3321003019809723,0.804780900478363,0.16256502270698547
YHR053C,YOL067C,0,-0.9919622,0.33196383714675903,0.804780900478363,0.16266506910324097
YGL213C,YDR167W,0,-0.99226564,0.3318275213241577,0.804780900478363,0.16276510059833527
YHR154W,YDL241W,0,-0.9923367,0.33169129490852356,0.804780900478363,0.16286514699459076
YPL019C,YGL030W,0,-0.99236256,0.33155518770217896,0.804780900478363,0.16296519339084625
YMR225C,YKL024C,0,-0.9923678,0.3314191997051239,0.804780900478363,0.16306522488594055
YGL153W,YLR200W,0,-0.9924475,0.331283301115036,0.804780900478363,0.16316527128219604
YOR079C,YKL084W,0,-0.99249595,0.33114755153656006,0.804780900478363,0.16326530277729034
YGL019W,YLR148W,0,-0.9929723,0.33101189136505127,0.804780900478363,0.16336534917354584
YLR384C,YGR054W,0,-0.99307185,0.33087632060050964,0.804780900478363,0.16346538066864014
YOR383C,YGL092W,0,-0.9934561,0.33074089884757996,0.804780900478363,0.16356542706489563
YBL052C,YGR057C,0,-0.99399775,0.33060556650161743,0.804780900478363,0.16366547346115112
YAR035W,YIL167W,0,-0.99408823,0.33047035336494446,0.804780900478363,0.16376550495624542
YFL024C,YLR194C,0,-0.9946448,0.33033522963523865,0.804780900478363,0.16386555135250092
YLR353W,YDR138W,0,-0.9948127,0.3302002549171448,0.804780900478363,0.16396558284759521
YGR063C,YPR082C,0,-0.9953339,0.33006536960601807,0.804780900478363,0.1640656292438507
YJR101W,YGR024C,0,-0.9954544,0.3299305737018585,0.804780900478363,0.164165660738945
YPR114W,YDL061C,0,-0.9958703,0.3297959268093109,0.804780900478363,0.1642657071352005
YDR253C,YDR320C-A,0,-0.9961032,0.32966136932373047,0.804780900478363,0.164365753531456
YIR017C,YNL037C,0,-0.9964527,0.3295269310474396,0.804780900478363,0.1644657850265503
YKL101W,YHL004W,0,-0.9968488,0.32939258217811584,0.804780900478363,0.1645658314228058
YDR473C,YKL055C,0,-0.9971481,0.32925835251808167,0.804780900478363,0.16466586291790009
YLL013C,YIL157C,0,-0.9972424,0.32912424206733704,0.804780900478363,0.16476590931415558
YDR418W,YLR353W,0,-0.9979739,0.32899022102355957,0.804780900478363,0.16486594080924988
YKL079W,YMR240C,0,-0.99892193,0.32885631918907166,0.804780900478363,0.16496598720550537
YLR233C,YOR369C,0,-1.0003244,0.3287225365638733,0.804780900478363,0.16506603360176086
YHR205W,YJL006C,1,-1.0006388,0.3289955258369446,0.8057768940925598,0.16506603360176086
YDL225W,YML062C,0,-1.0008358,0.328861802816391,0.8057768940925598,0.16516606509685516
YMR234W,YNL172W,0,-1.0009441,0.32872816920280457,0.8057768940925598,0.16526611149311066
YKL191W,YLR287C-A,0,-1.0010571,0.3285946249961853,0.8057768940925598,0.16536614298820496
YDL108W,YDR174W,1,-1.0010681,0.32886722683906555,0.8067728877067566,0.16536614298820496
YBR283C,YDR458C,0,-1.0013273,0.32873377203941345,0.8067728877067566,0.16546618938446045
YBR097W,YDR023W,0,-1.0013306,0.3286004066467285,0.8067728877067566,0.16556622087955475
YGL112C,YML116W,0,-1.0017344,0.32846716046333313,0.8067728877067566,0.16566626727581024
YKL125W,YHR205W,1,-1.0035075,0.32873934507369995,0.8077689409255981,0.16566626727581024
YPL147W,YHR141C,0,-1.004014,0.32860615849494934,0.8077689409255981,0.16576631367206573
YDL161W,YPL083C,0,-1.0042213,0.3284730613231659,0.8077689409255981,0.16586634516716003
YCR071C,YLR421C,0,-1.0044159,0.328340083360672,0.8077689409255981,0.16596639156341553
YOR011W,YCR104W,0,-1.004489,0.32820719480514526,0.8077689409255981,0.16606642305850983
YGR257C,YGL031C,0,-1.0068598,0.3280744254589081,0.8077689409255981,0.16616646945476532
YJL200C,YPL147W,0,-1.0070177,0.32794177532196045,0.8077689409255981,0.16626650094985962
YCR008W,YER109C,0,-1.0085982,0.32780921459198,0.8077689409255981,0.1663665473461151
YHL009C,YDR461W,0,-1.0094982,0.32767677307128906,0.8077689409255981,0.1664665937423706
YDR205W,YOL020W,0,-1.0095448,0.3275444209575653,0.8077689409255981,0.1665666252374649
YKL130C,YML062C,0,-1.0095474,0.3274121880531311,0.8077689409255981,0.1666666716337204
YLR409C,YLR343W,0,-1.0096318,0.32728007435798645,0.8077689409255981,0.1667667031288147
YER133W,YLR130C,0,-1.0104483,0.32714805006980896,0.8077689409255981,0.1668667495250702
YLR449W,YBL089W,0,-1.010741,0.32701611518859863,0.8077689409255981,0.1669667810201645
YJL145W,YDL165W,0,-1.0109786,0.32688432931900024,0.8077689409255981,0.16706682741641998
YOR096W,YBR111W-A,0,-1.0110902,0.326752632856369,0.8077689409255981,0.16716687381267548
YNL097C,YML010W,1,-1.0111388,0.32702377438545227,0.8087649345397949,0.16716687381267548
YPR133W-A,YLR397C,0,-1.0116532,0.32689210772514343,0.8087649345397949,0.16726690530776978
YNL096C,YIR005W,0,-1.0120409,0.32676056027412415,0.8087649345397949,0.16736695170402527
YMR180C,YHR040W,0,-1.0133892,0.3266291320323944,0.8087649345397949,0.16746698319911957
YPR132W,YLR313C,0,-1.0135428,0.32649779319763184,0.8087649345397949,0.16756702959537506
YGR020C,YNR016C,0,-1.0143598,0.3263665735721588,0.8087649345397949,0.16766706109046936
YFL024C,YJL117W,0,-1.0144556,0.32623544335365295,0.8087649345397949,0.16776710748672485
YJL092W,YDL074C,0,-1.0154924,0.32610443234443665,0.8087649345397949,0.16786715388298035
YLR141W,YMR233W,1,-1.0158061,0.32637494802474976,0.8097609281539917,0.16786715388298035
YML008C,YGL092W,0,-1.0158155,0.32624396681785583,0.8097609281539917,0.16796718537807465
YOR297C,YMR207C,0,-1.01586,0.32611310482025146,0.8097609281539917,0.16806723177433014
YBL092W,YHL047C,0,-1.015945,0.32598236203193665,0.8097609281539917,0.16816726326942444
YBL034C,YPL007C,0,-1.0160524,0.325851708650589,0.8097609281539917,0.16826730966567993
YGR191W,YGL223C,0,-1.0163624,0.3257211446762085,0.8097609281539917,0.16836734116077423
YDR138W,YML010W,1,-1.0163707,0.3259911835193634,0.8107569813728333,0.16836734116077423
YPL139C,YNL139C,1,-1.016423,0.3262610137462616,0.81175297498703,0.16836734116077423
YDL224C,YDR075W,0,-1.0166098,0.3261304497718811,0.81175297498703,0.16846738755702972
YMR234W,YKL174C,0,-1.017204,0.32600000500679016,0.81175297498703,0.16856743395328522
YAL011W,YGR041W,0,-1.0174819,0.3258696496486664,0.81175297498703,0.16866746544837952
YKR063C,YLR373C,0,-1.0183475,0.32573941349983215,0.81175297498703,0.168767511844635
YDL184C,YBR017C,0,-1.0184523,0.3256092667579651,0.81175297498703,0.1688675433397293
YGL019W,YLR418C,1,-1.018563,0.3258785903453827,0.8127490282058716,0.1688675433397293
YDR217C,YBR274W,0,-1.0185801,0.3257485032081604,0.8127490282058716,0.1689675897359848
YEL016C,YLR397C,0,-1.0189992,0.3256185054779053,0.8127490282058716,0.1690676212310791
YGL056C,YOL143C,0,-1.019389,0.3254886269569397,0.8127490282058716,0.1691676676273346
YHR020W,YGL092W,0,-1.0199335,0.3253588378429413,0.8127490282058716,0.1692677140235901
YLR393W,YGR246C,0,-1.0200939,0.3252291679382324,0.8127490282058716,0.1693677455186844
YPL235W,YGR060W,0,-1.0203332,0.3250995874404907,0.8127490282058716,0.16946779191493988
YGL049C,YLR382C,0,-1.0210775,0.3249701261520386,0.8127490282058716,0.16956782341003418
YMR283C,YPR139C,0,-1.0218122,0.3248407542705536,0.8127490282058716,0.16966786980628967
YJR094C,YIL018W,0,-1.0220447,0.32471150159835815,0.8127490282058716,0.16976790130138397
YNR058W,YOL091W,0,-1.0239348,0.3245823383331299,0.8127490282058716,0.16986794769763947
YJR066W,YNL113W,1,-1.0240409,0.3248508870601654,0.8137450218200684,0.16986794769763947
YPR132W,YGL075C,0,-1.0247264,0.3247217833995819,0.8137450218200684,0.16996799409389496
YKL145W,YHR216W,0,-1.025352,0.3245927691459656,0.8137450218200684,0.17006802558898926
YIL046W,YOR339C,0,-1.027016,0.3244638741016388,0.8137450218200684,0.17016807198524475
YML121W,YJL109C,1,-1.0270958,0.3247320353984833,0.8147410154342651,0.17016807198524475
YDR461W,YDR032C,0,-1.0271399,0.3246031701564789,0.8147410154342651,0.17026810348033905
YER022W,YJR010C-A,0,-1.0276762,0.32447442412376404,0.8147410154342651,0.17036814987659454
YDR439W,YLR026C,0,-1.0277591,0.32434576749801636,0.8147410154342651,0.17046818137168884
YLR056W,YOL020W,0,-1.0286998,0.32421720027923584,0.8147410154342651,0.17056822776794434
YHR119W,YLR166C,0,-1.0290563,0.3240887522697449,0.8147410154342651,0.17066827416419983
YLR244C,YLR006C,0,-1.0295874,0.32396039366722107,0.8147410154342651,0.17076830565929413
YLR075W,YPL019C,0,-1.0299891,0.3238321542739868,0.8147410154342651,0.17086835205554962
YHR148W,YNL077W,0,-1.0299894,0.3237040042877197,0.8147410154342651,0.17096838355064392
YOR061W,YDL076C,1,-1.0322297,0.3239715099334717,0.8157370686531067,0.17096838355064392
YLR393W,YHR170W,0,-1.0323101,0.32384341955184937,0.8157370686531067,0.17106842994689941
YNL113W,YPR082C,0,-1.0334111,0.3237154185771942,0.8157370686531067,0.1711684614419937
YML116W,YPR189W,0,-1.033656,0.3235875070095062,0.8157370686531067,0.1712685078382492
YPL085W,YOL091W,0,-1.0338207,0.3234597146511078,0.8157370686531067,0.1713685542345047
YBR078W,YBL092W,0,-1.03395,0.3233320116996765,0.8157370686531067,0.171468585729599
YCR008W,YOR310C,0,-1.0340086,0.3232044279575348,0.8157370686531067,0.1715686321258545
YML008C,YKL137W,0,-1.0349447,0.32307693362236023,0.8157370686531067,0.1716686636209488
YPL235W,YMR067C,0,-1.0352405,0.32294952869415283,0.8157370686531067,0.17176871001720428
YOR247W,YKL006W,0,-1.0368716,0.322822242975235,0.8157370686531067,0.17186874151229858
YGR105W,YCL066W,0,-1.0376058,0.3226950466632843,0.8157370686531067,0.17196878790855408
YLR421C,YPR182W,0,-1.0388566,0.3225679397583008,0.8157370686531067,0.17206883430480957
YIR012W,YHR100C,0,-1.039025,0.3224409520626068,0.8157370686531067,0.17216886579990387
YMR213W,YER090W,0,-1.0392631,0.32231405377388,0.8157370686531067,0.17226891219615936
YGL040C,YKL139W,0,-1.0406697,0.32218724489212036,0.8157370686531067,0.17236894369125366
YBR078W,YNR021W,0,-1.0406754,0.32206055521965027,0.8157370686531067,0.17246899008750916
YNL249C,YLR262C-A,0,-1.040738,0.32193395495414734,0.8157370686531067,0.17256902158260345
YJR031C,YDR308C,0,-1.0410088,0.32180747389793396,0.8157370686531067,0.17266906797885895
YKR077W,YCL054W,0,-1.0410942,0.32168108224868774,0.8157370686531067,0.17276911437511444
YGL228W,YBR168W,0,-1.0430958,0.3215547800064087,0.8157370686531067,0.17286914587020874
YGR246C,YGR155W,0,-1.0432398,0.3214285671710968,0.8157370686531067,0.17296919226646423
YEL016C,YDR450W,0,-1.043281,0.32130247354507446,0.8157370686531067,0.17306922376155853
YMR028W,YNL139C,1,-1.043782,0.32156863808631897,0.8167330622673035,0.17306922376155853
YGR257C,YBL089W,0,-1.0442991,0.321442574262619,0.8167330622673035,0.17316927015781403
YDR268W,YMR188C,0,-1.0445477,0.32131659984588623,0.8167330622673035,0.17326930165290833
YML017W,YOL028C,0,-1.0450101,0.321190744638443,0.8167330622673035,0.17336934804916382
YHR055C,YDR246W,0,-1.0451474,0.3210650086402893,0.8167330622673035,0.1734693944454193
YDR026C,YPL126W,1,-1.0452467,0.321330726146698,0.8177290558815002,0.1734693944454193
YPL019C,YPL215W,0,-1.046728,0.3212050199508667,0.8177290558815002,0.1735694259405136
YGR239C,YIL018W,0,-1.0481988,0.32107940316200256,0.8177290558815002,0.1736694723367691
YPL128C,YDR097C,0,-1.0489379,0.3209538757801056,0.8177290558815002,0.1737695038318634
YJL121C,YKL006W,0,-1.0494801,0.3208284378051758,0.8177290558815002,0.1738695502281189
YCR077C,YLR448W,0,-1.0497218,0.3207031190395355,0.8177290558815002,0.1739695817232132
YMR067C,YMR188C,0,-1.0497555,0.3205778896808624,0.8177290558815002,0.1740696281194687
YPL046C,YDR378C,0,-1.0514965,0.3204527795314789,0.8177290558815002,0.17416967451572418
YKL078W,YJR066W,1,-1.0518202,0.3207179009914398,0.8187251091003418,0.17416967451572418
YNL272C,YPL122C,0,-1.0535587,0.32059282064437866,0.8187251091003418,0.17426970601081848
YPL148C,YKL042W,0,-1.0547696,0.32046782970428467,0.8187251091003418,0.17436975240707397
YOR202W,YPL093W,0,-1.0555221,0.3203429579734802,0.8187251091003418,0.17446978390216827
YER162C,YOL006C,0,-1.0555576,0.32021814584732056,0.8187251091003418,0.17456983029842377
YBL017C,YHR134W,0,-1.057459,0.32009345293045044,0.8187251091003418,0.17466986179351807
YJL025W,YNL330C,1,-1.057794,0.32035812735557556,0.8197211027145386,0.17466986179351807
YPR121W,YLR129W,0,-1.0590625,0.32023346424102783,0.8197211027145386,0.17476990818977356
YLR065C,YDR026C,0,-1.0590905,0.32010892033576965,0.8197211027145386,0.17486995458602905
YNL113W,YNL263C,0,-1.0596014,0.31998443603515625,0.8197211027145386,0.17496998608112335
YNR057C,YDR206W,0,-1.0606111,0.3198600709438324,0.8197211027145386,0.17507003247737885
YGR024C,YDL154W,0,-1.0612484,0.3197358250617981,0.8197211027145386,0.17517006397247314
YDR351W,YEL032W,0,-1.0618284,0.31961163878440857,0.8197211027145386,0.17527011036872864
YNL230C,YAL003W,0,-1.0618885,0.3194875717163086,0.8197211027145386,0.17537014186382294
YDL179W,YDL111C,0,-1.0631667,0.3193635940551758,0.8197211027145386,0.17547018826007843
YPL063W,YHR079C,0,-1.0632395,0.3192397356033325,0.8197211027145386,0.17557023465633392
YDR224C,YOR057W,0,-1.0640184,0.31911593675613403,0.8197211027145386,0.17567026615142822
YNL330C,YML112W,1,-1.064123,0.3193798363208771,0.8207171559333801,0.17567026615142822
YER022W,YER183C,0,-1.0648599,0.31925609707832336,0.8207171559333801,0.17577031254768372
YPR100W,YIL150C,0,-1.0651257,0.3191324472427368,0.8207171559333801,0.17587034404277802
YOL165C,YLR130C,0,-1.0652851,0.3190089166164398,0.8207171559333801,0.1759703904390335
YKL042W,YHR136C,0,-1.0657107,0.3188854455947876,0.8207171559333801,0.1760704219341278
YOR095C,YGL186C,0,-1.0664736,0.3187620937824249,0.8207171559333801,0.1761704683303833
YOR079C,YGL092W,0,-1.0669366,0.3186388313770294,0.8207171559333801,0.1762705147266388
YNR009W,YHR148W,0,-1.0669484,0.3185156583786011,0.8207171559333801,0.1763705462217331
YJL134W,YJL146W,0,-1.0671419,0.3183925747871399,0.8207171559333801,0.1764705926179886
YLR057W,YDL153C,0,-1.0671719,0.31826961040496826,0.8207171559333801,0.17657062411308289
YPR016C,YJR119C,0,-1.0673664,0.3181467056274414,0.8207171559333801,0.17667067050933838
YER151C,YIR002C,0,-1.0679487,0.3180239200592041,0.8207171559333801,0.17677070200443268
YBL052C,YBR283C,0,-1.0684481,0.31790122389793396,0.8207171559333801,0.17687074840068817
YGL008C,YKL160W,0,-1.0686415,0.31777864694595337,0.8207171559333801,0.17697079479694366
YER162C,YER129W,0,-1.0689311,0.31765612959861755,0.8207171559333801,0.17707082629203796
YBR088C,YDR311W,0,-1.0689718,0.3175337314605713,0.8207171559333801,0.17717087268829346
YJR093C,YKR022C,0,-1.0691806,0.3174113929271698,0.8207171559333801,0.17727090418338776
YIL168W,YDR461W,0,-1.0696774,0.31728917360305786,0.8207171559333801,0.17737095057964325
YOR128C,YBR084W,0,-1.0699663,0.3171670436859131,0.8207171559333801,0.17747098207473755
YPL022W,YJL078C,0,-1.0706406,0.3170450031757355,0.8207171559333801,0.17757102847099304
YPL129W,YHR205W,0,-1.0709351,0.3169230818748474,0.8207171559333801,0.17767107486724854
YKR079C,YOL027C,0,-1.0713108,0.3168012201786041,0.8207171559333801,0.17777110636234283
YOR202W,YLL022C,0,-1.0716358,0.3166794776916504,0.8207171559333801,0.17787115275859833
YNL073W,YIL093C,0,-1.0718881,0.3165578246116638,0.8207171559333801,0.17797118425369263
YDL076C,YKL125W,1,-1.0723087,0.31682026386260986,0.8217131495475769,0.17797118425369263
YMR235C,YHL030W,0,-1.0726557,0.31669867038726807,0.8217131495475769,0.17807123064994812
YMR216C,YER109C,0,-1.0732642,0.31657713651657104,0.8217131495475769,0.17817126214504242
YGR049W,YEL021W,0,-1.0740073,0.3164556920528412,0.8217131495475769,0.1782713085412979
YFL004W,YJL179W,0,-1.0745305,0.3163343667984009,0.8217131495475769,0.1783713549375534
YPL019C,YLR148W,0,-1.0755463,0.31621310114860535,0.8217131495475769,0.1784713864326477
YDR225W,YBL061C,0,-1.0756161,0.31609195470809937,0.8217131495475769,0.1785714328289032
YDL108W,YML121W,1,-1.0760423,0.3163538873195648,0.8227091431617737,0.1785714328289032
YGL119W,YOL066C,0,-1.0768617,0.3162327706813812,0.8227091431617737,0.1786714643239975
YGR247W,YAL003W,0,-1.0774298,0.3161117434501648,0.8227091431617737,0.178771510720253
YHL004W,YHR053C,0,-1.0785488,0.3159908056259155,0.8227091431617737,0.1788715422153473
YJL063C,YPR102C,0,-1.0787194,0.3158699870109558,0.8227091431617737,0.17897158861160278
YDR418W,YDR037W,0,-1.0788147,0.31574922800064087,0.8227091431617737,0.17907163500785828
YPL070W,YBR104W,0,-1.0788444,0.3156285881996155,0.8227091431617737,0.17917166650295258
YNL177C,YNL068C,0,-1.0799617,0.31550800800323486,0.8227091431617737,0.17927171289920807
YEL011W,YNR016C,0,-1.0805646,0.3153875470161438,0.8227091431617737,0.17937174439430237
YAL011W,YGL015C,0,-1.0807947,0.3152671754360199,0.8227091431617737,0.17947179079055786
YKL082C,YIL048W,0,-1.0809709,0.31514689326286316,0.8227091431617737,0.17957182228565216
YLL013C,YDR138W,0,-1.0821831,0.3150267004966736,0.8227091431617737,0.17967186868190765
YDR026C,YGL244W,1,-1.0825642,0.31528782844543457,0.8237051963806152,0.17967186868190765
YDL165W,YBR022W,0,-1.0829571,0.31516769528388977,0.8237051963806152,0.17977191507816315
YLR141W,YER164W,1,-1.0833622,0.31542858481407166,0.824701189994812,0.17977191507816315
YFR048W,YHR079C,0,-1.0834383,0.31530845165252686,0.824701189994812,0.17987194657325745
YPL156C,YPL198W,0,-1.0854251,0.3151884377002716,0.824701189994812,0.17997199296951294
YMR116C,YPL083C,0,-1.0860399,0.31506848335266113,0.824701189994812,0.18007202446460724
YMR235C,YGR041W,0,-1.0862013,0.3149486482143402,0.824701189994812,0.18017207086086273
YGL105W,YER107C,0,-1.086683,0.31482890248298645,0.824701189994812,0.18027210235595703
YER149C,YBR114W,0,-1.0873605,0.31470924615859985,0.824701189994812,0.18037214875221252
YLR403W,YGL056C,0,-1.0874261,0.3145896792411804,0.824701189994812,0.18047219514846802
YOR243C,YLR006C,0,-1.0874346,0.31447017192840576,0.824701189994812,0.18057222664356232
YPL139C,YNL330C,1,-1.0881499,0.3147304356098175,0.8256971836090088,0.18057222664356232
YOL005C,YGL019W,0,-1.0882144,0.31461101770401,0.8256971836090088,0.1806722730398178
YCL063W,YDL154W,0,-1.0885195,0.3144916594028473,0.8256971836090088,0.1807723045349121
YNL227C,YGL223C,0,-1.0886999,0.31437239050865173,0.8256971836090088,0.1808723509311676
YML027W,YJR138W,0,-1.0890934,0.31425321102142334,0.8256971836090088,0.1809723824262619
YKL198C,YLR409C,0,-1.0893258,0.3141341507434845,0.8256971836090088,0.1810724288225174
YKR063C,YLR045C,0,-1.0893492,0.31401515007019043,0.8256971836090088,0.1811724752187729
YOL020W,YJL099W,0,-1.0899228,0.3138962388038635,0.8256971836090088,0.1812725067138672
YNL148C,YBR283C,0,-1.0904416,0.31377744674682617,0.8256971836090088,0.18137255311012268
YML121W,YER164W,1,-1.0911493,0.3140370845794678,0.8266932368278503,0.18137255311012268
YKR053C,YIL046W,0,-1.0924301,0.3139182925224304,0.8266932368278503,0.18147258460521698
YLL035W,YBL005W,0,-1.0932122,0.3137996196746826,0.8266932368278503,0.18157263100147247
YGL153W,YKL160W,0,-1.0932482,0.313681036233902,0.8266932368278503,0.18167266249656677
YDR023W,YNR070W,0,-1.0938816,0.3135625123977661,0.8266932368278503,0.18177270889282227
YLR421C,YML098W,0,-1.094087,0.3134441077709198,0.8266932368278503,0.18187275528907776
YDR083W,YGR054W,0,-1.0941164,0.31332579255104065,0.8266932368278503,0.18197278678417206
YGL166W,YER042W,0,-1.0949197,0.3132075369358063,0.8266932368278503,0.18207283318042755
YGR118W,YOL004W,0,-1.0951653,0.31308940052986145,0.8266932368278503,0.18217286467552185
YAL033W,YJR138W,0,-1.0952284,0.3129713535308838,0.8266932368278503,0.18227291107177734
YGR221C,YFL034C-A,0,-1.0955093,0.3128533661365509,0.8266932368278503,0.18237294256687164
YBR049C,YFR028C,1,-1.095799,0.3131122887134552,0.8276892304420471,0.18237294256687164
YDR540C,YNL231C,0,-1.0959321,0.3129943609237671,0.8276892304420471,0.18247298896312714
YMR208W,YML126C,0,-1.095967,0.31287649273872375,0.8276892304420471,0.18257303535938263
YGL200C,YDR253C,0,-1.0967141,0.31275874376296997,0.8276892304420471,0.18267306685447693
YHR189W,YOR188W,0,-1.0972012,0.31264108419418335,0.8276892304420471,0.18277311325073242
YBL072C,YNL148C,0,-1.0972669,0.3125235140323639,0.8276892304420471,0.18287314474582672
YDL108W,YOL004W,1,-1.0977602,0.31278195977211,0.8286852836608887,0.18287314474582672
YMR096W,YLR188W,0,-1.0992904,0.3126644194126129,0.8286852836608887,0.18297319114208221
YIL053W,YOR209C,0,-1.0993172,0.312546968460083,0.8286852836608887,0.1830732226371765
YLR167W,YNL247W,0,-1.0994817,0.3124295771121979,0.8286852836608887,0.183173269033432
YJL025W,YOL004W,1,-1.1000079,0.3126876950263977,0.8296812772750854,0.183173269033432
YDL225W,YGL049C,0,-1.1015466,0.31257036328315735,0.8296812772750854,0.1832733154296875
YLR316C,YOR057W,0,-1.1030239,0.31245312094688416,0.8296812772750854,0.1833733469247818
YMR208W,YDR166C,0,-1.1047733,0.3123359680175781,0.8296812772750854,0.1834733933210373
YLR242C,YAL003W,0,-1.105076,0.31221890449523926,0.8296812772750854,0.1835734248161316
YPL128C,YDR320C-A,0,-1.1051775,0.31210190057754517,0.8296812772750854,0.18367347121238708
YER091C,YIL085C,0,-1.1053451,0.3119850158691406,0.8296812772750854,0.18377350270748138
YPL074W,YMR268W-A,0,-1.107032,0.31186822056770325,0.8296812772750854,0.18387354910373688
YGL105W,YBR291C,0,-1.1076993,0.31175148487091064,0.8296812772750854,0.18397359549999237
YDR434W,YFL047W,0,-1.1084055,0.3116348683834076,0.8296812772750854,0.18407362699508667
YBL004W,YCL044C,0,-1.1100646,0.3115183115005493,0.8296812772750854,0.18417367339134216
YMR106C,YBR243C,0,-1.1110053,0.3114018738269806,0.8296812772750854,0.18427370488643646
YFL026W,YLR148W,0,-1.1110256,0.31128549575805664,0.8296812772750854,0.18437375128269196
YIL035C,YMR028W,1,-1.1119887,0.3115427792072296,0.8306772708892822,0.18437375128269196
YOR337W,YOR128C,0,-1.1131501,0.31142643094062805,0.8306772708892822,0.18447378277778625
YJL158C,YJR125C,0,-1.1136588,0.31131020188331604,0.8306772708892822,0.18457382917404175
YGR049W,YDR167W,0,-1.1139768,0.3111940324306488,0.8306772708892822,0.18467387557029724
YGR272C,YLR200W,0,-1.1140988,0.31107795238494873,0.8306772708892822,0.18477390706539154
YHR031C,YLR353W,0,-1.1145664,0.3109619617462158,0.8306772708892822,0.18487395346164703
YKR013W,YPL140C,0,-1.1150068,0.3108460605144501,0.8306772708892822,0.18497398495674133
YNL054W,YPL063W,0,-1.1150659,0.3107302486896515,0.8306772708892822,0.18507403135299683
YML121W,YHR205W,1,-1.1152245,0.3109869658946991,0.8316733241081238,0.18507403135299683
YPL139C,YML121W,1,-1.1154113,0.31124347448349,0.8326693177223206,0.18507403135299683
YOR047C,YLL013C,0,-1.1157545,0.3111276626586914,0.8326693177223206,0.18517406284809113
YDL076C,YDR174W,1,-1.1158224,0.3113839328289032,0.8336653113365173,0.18517406284809113
YOR301W,YDR039C,0,-1.1161268,0.3112681210041046,0.8336653113365173,0.18527410924434662
YGR221C,YDR482C,0,-1.1172109,0.3111524283885956,0.8336653113365173,0.1853741556406021
YGL019W,YDL033C,0,-1.118012,0.3110367953777313,0.8336653113365173,0.1854741871356964
YOR337W,YOR368W,0,-1.1182656,0.31092125177383423,0.8336653113365173,0.1855742335319519
YOR297C,YJL035C,0,-1.1189972,0.3108057975769043,0.8336653113365173,0.1856742650270462
YML116W,YPL085W,0,-1.1192116,0.31069043278694153,0.8336653113365173,0.1857743114233017
YGR239C,YJR138W,0,-1.1198794,0.31057512760162354,0.8336653113365173,0.185874342918396
YOR026W,YJL207C,0,-1.1201092,0.3104599416255951,0.8336653113365173,0.1859743893146515
YOL049W,YLR223C,0,-1.1201205,0.3103448152542114,0.8336653113365173,0.18607443571090698
YOR159C,YMR188C,0,-1.1208364,0.3102298080921173,0.8336653113365173,0.18617446720600128
YGL212W,YGR049W,0,-1.1213344,0.31011486053466797,0.8336653113365173,0.18627451360225677
YAL011W,YBR291C,0,-1.1217225,0.3100000023841858,0.8336653113365173,0.18637454509735107
YOL004W,YKL125W,1,-1.1224873,0.3102554678916931,0.8346613645553589,0.18637454509735107
YDR400W,YDR141C,0,-1.1226643,0.3101406395435333,0.8346613645553589,0.18647459149360657
YLR292C,YIL127C,0,-1.1231833,0.3100259006023407,0.8346613645553589,0.18657462298870087
YGL008C,YIL093C,0,-1.1236637,0.30991125106811523,0.8346613645553589,0.18667466938495636
YHR136C,YDL184C,0,-1.1242037,0.30979666113853455,0.8346613645553589,0.18677471578121185
YMR234W,YOR174W,0,-1.124448,0.3096821904182434,0.8346613645553589,0.18687474727630615
YFL026W,YFL047W,0,-1.1245394,0.30956777930259705,0.8346613645553589,0.18697479367256165
YMR159C,YDL007W,0,-1.1251727,0.30945345759391785,0.8346613645553589,0.18707482516765594
YML027W,YCR093W,0,-1.1260191,0.3093392252922058,0.8346613645553589,0.18717487156391144
YDR267C,YLL002W,0,-1.1261077,0.30922508239746094,0.8346613645553589,0.18727490305900574
YMR203W,YNL132W,0,-1.1268517,0.3091110289096832,0.8346613645553589,0.18737494945526123
YPL207W,YCL061C,0,-1.1268688,0.3089970648288727,0.8346613645553589,0.18747499585151672
YNR045W,YMR283C,0,-1.1269718,0.3088831603527069,0.8346613645553589,0.18757502734661102
YAL011W,YJR016C,0,-1.1272517,0.3087693452835083,0.8346613645553589,0.18767507374286652
YNL177C,YBR088C,0,-1.1273819,0.30865561962127686,0.8346613645553589,0.18777510523796082
YMR028W,YFL047W,0,-1.1274425,0.3085419833660126,0.8346613645553589,0.1878751516342163
YMR011W,YNL022C,0,-1.1276923,0.30842840671539307,0.8346613645553589,0.1879751831293106
YLR418C,YOR123C,1,-1.128237,0.3086828589439392,0.8356573581695557,0.1879751831293106
YOL119C,YGL186C,0,-1.128491,0.3085693120956421,0.8356573581695557,0.1880752295255661
YHR053C,YPL007C,0,-1.1285232,0.3084558844566345,0.8356573581695557,0.1881752759218216
YDR378C,YCL055W,0,-1.1287091,0.30834251642227173,0.8356573581695557,0.1882753074169159
YJR031C,YDR173C,0,-1.1287774,0.3082292377948761,0.8356573581695557,0.1883753538131714
YER082C,YDR259C,0,-1.1288524,0.30811604857444763,0.8356573581695557,0.18847538530826569
YGR239C,YNL231C,0,-1.1288742,0.30800294876098633,0.8356573581695557,0.18857543170452118
YNL135C,YCL061C,0,-1.1295168,0.3078899085521698,0.8356573581695557,0.18867546319961548
YKR094C,YDL107W,0,-1.130029,0.30777695775032043,0.8356573581695557,0.18877550959587097
YML059C,YDR140W,0,-1.1301711,0.30766409635543823,0.8356573581695557,0.18887555599212646
YKL006C-A,YLR115W,0,-1.130841,0.3075513243675232,0.8356573581695557,0.18897558748722076
YLR141W,YGR063C,1,-1.1312231,0.30780506134033203,0.8366534113883972,0.18897558748722076
YKR021W,YGL028C,0,-1.1313905,0.3076923191547394,0.8366534113883972,0.18907563388347626
YLR107W,YKL182W,0,-1.1322132,0.3075796365737915,0.8366534113883972,0.18917566537857056
YBR123C,YFL018W-A,0,-1.1326772,0.3074670433998108,0.8366534113883972,0.18927571177482605
YPL030W,YLR348C,0,-1.133088,0.30735456943511963,0.8366534113883972,0.18937574326992035
YLR021W,YGR060W,0,-1.1334709,0.30724212527275085,0.8366534113883972,0.18947578966617584
YDR225W,YJL142C,0,-1.1340735,0.30712980031967163,0.8366534113883972,0.18957583606243134
YDR026C,YKL125W,1,-1.1342154,0.3073830306529999,0.837649405002594,0.18957583606243134
YBL054W,YDR210W,0,-1.1345121,0.30727073550224304,0.837649405002594,0.18967586755752563
YDR499W,YCR024C-A,0,-1.135489,0.307158499956131,0.837649405002594,0.18977591395378113
YIL072W,YGL104C,0,-1.136393,0.3070463538169861,0.837649405002594,0.18987594544887543
YKR053C,YPL200W,0,-1.1367842,0.30693429708480835,0.837649405002594,0.18997599184513092
YKL218C,YNL230C,0,-1.1368934,0.3068223297595978,0.837649405002594,0.19007602334022522
YHR170W,YKR095W-A,0,-1.1377777,0.306710422039032,0.837649405002594,0.1901760697364807
YNL097C,YDR174W,1,-1.1382426,0.306963175535202,0.8386453986167908,0.1901760697364807
YIR015W,YHR083W,0,-1.1386279,0.3068512976169586,0.8386453986167908,0.1902761161327362
YOR337W,YOR034C,0,-1.1388963,0.30673953890800476,0.8386453986167908,0.1903761476278305
YMR180C,YDR037W,0,-1.1390013,0.3066278100013733,0.8386453986167908,0.190476194024086
YGR006W,YGR262C,0,-1.1392282,0.30651620030403137,0.8386453986167908,0.1905762255191803
YJL105W,YNL110C,0,-1.1392779,0.30640465021133423,0.8386453986167908,0.1906762719154358
YPL061W,YGL092W,0,-1.1394941,0.30629318952560425,0.8386453986167908,0.1907763034105301
YDL127W,YNL135C,0,-1.1395676,0.30618181824684143,0.8386453986167908,0.19087634980678558
YNL061W,YIL167W,0,-1.1399258,0.3060705065727234,0.8386453986167908,0.19097639620304108
YLR343W,YKR068C,0,-1.1409377,0.3059593141078949,0.8386453986167908,0.19107642769813538
YMR106C,YHL001W,0,-1.1410688,0.3058481514453888,0.8386453986167908,0.19117647409439087
YMR120C,YDR060W,0,-1.1422237,0.30573710799217224,0.8386453986167908,0.19127650558948517
YKL006C-A,YLR057W,0,-1.1423994,0.30562612414360046,0.8386453986167908,0.19137655198574066
YLR348C,YNL259C,0,-1.1438209,0.30551522970199585,0.8386453986167908,0.19147658348083496
YLR384C,YGR062C,0,-1.1440188,0.3054044246673584,0.8386453986167908,0.19157662987709045
YOR104W,YHR141C,0,-1.144227,0.3052936792373657,0.8386453986167908,0.19167667627334595
YBL014C,YJR138W,0,-1.1447145,0.3051830232143402,0.8386453986167908,0.19177670776844025
YCL030C,YDL061C,0,-1.14492,0.30507245659828186,0.8386453986167908,0.19187675416469574
YGR285C,YLR102C,0,-1.1452919,0.3049619793891907,0.8386453986167908,0.19197678565979004
YDL008W,YGL005C,0,-1.1453371,0.30485156178474426,0.8386453986167908,0.19207683205604553
YGR040W,YJL207C,0,-1.1460649,0.304741233587265,0.8386453986167908,0.19217686355113983
YLR348C,YDR339C,0,-1.1464363,0.30463096499443054,0.8386453986167908,0.19227690994739532
YMR270C,YCR093W,0,-1.1484712,0.30452078580856323,0.8386453986167908,0.19237695634365082
YDL111C,YPR133W-A,0,-1.1485645,0.3044106960296631,0.8386453986167908,0.19247698783874512
YGR200C,YDR079W,0,-1.1486979,0.3043006956577301,0.8386453986167908,0.1925770342350006
YIL072W,YGR230W,0,-1.1492385,0.3041907548904419,0.8386453986167908,0.1926770657300949
YDR141C,YLL016W,0,-1.1492537,0.30408090353012085,0.8386453986167908,0.1927771121263504
YDR026C,YML043C,1,-1.1493274,0.3043321371078491,0.8396414518356323,0.1927771121263504
YDR087C,YER064C,0,-1.1501693,0.30422231554985046,0.8396414518356323,0.1928771436214447
YPL172C,YDR103W,0,-1.1504508,0.3041125535964966,0.8396414518356323,0.1929771900177002
YNL152W,YMR162C,0,-1.1508015,0.30400288105010986,0.8396414518356323,0.1930772364139557
YOR281C,YJR010C-A,0,-1.1510018,0.3038932979106903,0.8396414518356323,0.19317726790905
YHR065C,YCL064C,0,-1.1518856,0.3037837743759155,0.8396414518356323,0.19327731430530548
YPL128C,YFL006W,0,-1.1520348,0.3036743402481079,0.8396414518356323,0.19337734580039978
YPL259C,YDL214C,0,-1.1542224,0.30356499552726746,0.8396414518356323,0.19347739219665527
YPL058C,YDL239C,0,-1.154624,0.3034557104110718,0.8396414518356323,0.19357742369174957
YGL186C,YPL188W,0,-1.1546832,0.30334651470184326,0.8396414518356323,0.19367747008800507
YPR100W,YKL114C,0,-1.1547945,0.3032374083995819,0.8396414518356323,0.19377751648426056
YER160C,YKR100C,0,-1.1548473,0.30312836170196533,0.8396414518356323,0.19387754797935486
YKL166C,YER090W,0,-1.1552391,0.3030194044113159,0.8396414518356323,0.19397759437561035
YPL140C,YLL022C,0,-1.1554233,0.30291053652763367,0.8396414518356323,0.19407762587070465
YER111C,YDR141C,0,-1.1557446,0.3028017282485962,0.8396414518356323,0.19417767226696014
YIL035C,YMR011W,0,-1.1563717,0.3026930093765259,0.8396414518356323,0.19427770376205444
YER116C,YMR308C,0,-1.1564425,0.30258435010910034,0.8396414518356323,0.19437775015830994
YDR341C,YDR277C,0,-1.1564616,0.30247578024864197,0.8396414518356323,0.19447779655456543
YKL082C,YGR224W,0,-1.1565654,0.30236729979515076,0.8396414518356323,0.19457782804965973
YNL068C,YPR024W,0,-1.157003,0.3022588789463043,0.8396414518356323,0.19467787444591522
YGL137W,YCL055W,0,-1.1574975,0.30215054750442505,0.8396414518356323,0.19477790594100952
YPR082C,YEL032W,0,-1.1575862,0.30204227566719055,0.8396414518356323,0.19487795233726501
YJL029C,YOL143C,0,-1.1587666,0.3019340932369232,0.8396414518356323,0.19497798383235931
YCR063W,YDL061C,0,-1.159055,0.30182600021362305,0.8396414518356323,0.1950780302286148
YML058W,YDL076C,0,-1.1593155,0.30171796679496765,0.8396414518356323,0.1951780766248703
YGR171C,YJR133W,0,-1.1594563,0.3016100227832794,0.8396414518356323,0.1952781081199646
YBR158W,YOL141W,0,-1.1597474,0.30150213837623596,0.8396414518356323,0.1953781545162201
YOR369C,YLR427W,0,-1.159901,0.30139434337615967,0.8396414518356323,0.1954781860113144
YGR239C,YPR102C,0,-1.1600523,0.30128663778305054,0.8396414518356323,0.19557823240756989
YNL227C,YCL064C,0,-1.1601019,0.3011789917945862,0.8396414518356323,0.19567826390266418
YGL112C,YHL004W,0,-1.1609409,0.301071435213089,0.8396414518356323,0.19577831029891968
YPL063W,YOL133W,0,-1.1620803,0.3009639382362366,0.8396414518356323,0.19587835669517517
YDR237W,YOL004W,0,-1.1626898,0.3008565306663513,0.8396414518356323,0.19597838819026947
YPL074W,YAL011W,0,-1.1628953,0.30074918270111084,0.8396414518356323,0.19607843458652496
YLR343W,YGL169W,0,-1.1632254,0.3006419539451599,0.8396414518356323,0.19617846608161926
YJR152W,YDL239C,0,-1.1638868,0.30053475499153137,0.8396414518356323,0.19627851247787476
YOR133W,YGR054W,0,-1.1643299,0.30042764544487,0.8396414518356323,0.19637854397296906
YBR123C,YBL076C,0,-1.1647366,0.3003206253051758,0.8396414518356323,0.19647859036922455
YNL290W,YER090W,0,-1.1648743,0.30021366477012634,0.8396414518356323,0.19657863676548004
YBR276C,YER123W,0,-1.1651406,0.30010679364204407,0.8396414518356323,0.19667866826057434
YCL066W,YOL045W,0,-1.1651458,0.30000001192092896,0.8396414518356323,0.19677871465682983
YNL061W,YOR084W,0,-1.1663359,0.2998932898044586,0.8396414518356323,0.19687874615192413
YMR120C,YIL127C,0,-1.1671059,0.29978662729263306,0.8396414518356323,0.19697879254817963
YFL024C,YOR219C,0,-1.1671239,0.29968005418777466,0.8396414518356323,0.19707883894443512
YIL035C,YHR205W,1,-1.1671277,0.2999289333820343,0.8406374454498291,0.19707883894443512
YMR096W,YFL005W,0,-1.1681184,0.2998223900794983,0.8406374454498291,0.19717887043952942
YHR065C,YKL084W,0,-1.1684345,0.29971590638160706,0.8406374454498291,0.1972789168357849
YBL014C,YJR066W,1,-1.169185,0.2999644875526428,0.8416334390640259,0.1972789168357849
YHL047C,YGL195W,0,-1.1693213,0.29985806345939636,0.8416334390640259,0.1973789483308792
YJL078C,YLR063W,0,-1.1701189,0.2997516989707947,0.8416334390640259,0.1974789947271347
YNL113W,YDR349C,0,-1.1703726,0.29964539408683777,0.8416334390640259,0.197579026222229
YER129W,YLL002W,0,-1.1708212,0.299539178609848,0.8416334390640259,0.1976790726184845
YBL014C,YLR141W,1,-1.1709925,0.29978737235069275,0.8426294922828674,0.1976790726184845
YDR026C,YOR224C,1,-1.1711991,0.30003541707992554,0.8436254858970642,0.1976790726184845
YPL061W,YHR141C,0,-1.1714002,0.2999291718006134,0.8436254858970642,0.19777911901474
YFL036W,YGL144C,0,-1.1719329,0.29982301592826843,0.8436254858970642,0.1978791505098343
YML121W,YJL145W,0,-1.1726297,0.29971691966056824,0.8436254858970642,0.19797919690608978
YPR034W,YGR049W,0,-1.1732172,0.2996108829975128,0.8436254858970642,0.19807922840118408
YJL092W,YNL225C,0,-1.1735212,0.29950493574142456,0.8436254858970642,0.19817927479743958
YML121W,YHR207C,0,-1.1737896,0.29939907789230347,0.8436254858970642,0.19827930629253387
YGR165W,YMR116C,0,-1.1743284,0.29929327964782715,0.8436254858970642,0.19837935268878937
YGR234W,YOR179C,0,-1.1747802,0.299187570810318,0.8436254858970642,0.19847939908504486
YBR104W,YHR128W,0,-1.1750906,0.2990819215774536,0.8436254858970642,0.19857943058013916
YDR225W,YIL093C,0,-1.1753696,0.2989763617515564,0.8436254858970642,0.19867947697639465
YLR200W,YMR179W,0,-1.1762793,0.29887086153030396,0.8436254858970642,0.19877950847148895
YML063W,YOR113W,0,-1.1769582,0.2987654209136963,0.8436254858970642,0.19887955486774445
YBL034C,YGR054W,0,-1.177085,0.2986600995063782,0.8436254858970642,0.19897958636283875
YKR079C,YOL018C,0,-1.1771864,0.29855480790138245,0.8436254858970642,0.19907963275909424
YOR026W,YGR076C,0,-1.1777571,0.2984496057033539,0.8436254858970642,0.19917967915534973
YLR384C,YMR268W-A,0,-1.1778371,0.2983444929122925,0.8436254858970642,0.19927971065044403
YCR002C,YKR022C,0,-1.178719,0.29823943972587585,0.8436254858970642,0.19937975704669952
YOR301W,YNL249C,0,-1.1788673,0.298134446144104,0.8436254858970642,0.19947978854179382
YMR235C,YCR002C,0,-1.1789957,0.2980295419692993,0.8436254858970642,0.19957983493804932
YDR047W,YPL174C,0,-1.1792434,0.2979247272014618,0.8436254858970642,0.19967986643314362
YJL099W,YOR307C,0,-1.1795927,0.29781997203826904,0.8436254858970642,0.1997799128293991
YJL025W,YNL139C,1,-1.1796714,0.29806679487228394,0.8446215391159058,0.1997799128293991
YOL165C,YFL060C,0,-1.1796737,0.2979620397090912,0.8446215391159058,0.1998799592256546
YLR103C,YER031C,0,-1.1797553,0.297857403755188,0.8446215391159058,0.1999799907207489
YOR104W,YDL061C,0,-1.1806943,0.2977527976036072,0.8446215391159058,0.2000800371170044
YER151C,YDR268W,0,-1.1809226,0.2976483106613159,0.8446215391159058,0.2001800686120987
YJR045C,YER177W,0,-1.1815622,0.29754385352134705,0.8446215391159058,0.2002801150083542
YDR434W,YIL044C,0,-1.181625,0.29743948578834534,0.8446215391159058,0.2003801465034485
YJL087C,YNL250W,0,-1.1819174,0.2973352074623108,0.8446215391159058,0.20048019289970398
YLR116W,YOL067C,0,-1.1821843,0.297230988740921,0.8446215391159058,0.20058023929595947
YGR252W,YKL055C,0,-1.1821944,0.297126829624176,0.8446215391159058,0.20068027079105377
YKR095W-A,YJL063C,0,-1.1822045,0.2970227599143982,0.8446215391159058,0.20078031718730927
YKL006W,YGL158W,0,-1.1823694,0.2969187796115875,0.8446215391159058,0.20088034868240356
YGR063C,YHR027C,0,-1.1823884,0.29681482911109924,0.8446215391159058,0.20098039507865906
YDR217C,YDR138W,0,-1.1824036,0.2967109978199005,0.8446215391159058,0.20108042657375336
YPL254W,YJL063C,0,-1.1824344,0.29660719633102417,0.8446215391159058,0.20118047297000885
YGL022W,YHR206W,0,-1.182768,0.296503484249115,0.8446215391159058,0.20128051936626434
YIL169C,YJL122W,0,-1.1833384,0.296399861574173,0.8446215391159058,0.20138055086135864
YMR213W,YNL137C,0,-1.1853822,0.29629629850387573,0.8446215391159058,0.20148059725761414
YMR213W,YDL008W,0,-1.1854508,0.29619279503822327,0.8446215391159058,0.20158062875270844
YOL091W,YDL153C,0,-1.1854876,0.29608938097953796,0.8446215391159058,0.20168067514896393
YLR141W,YMR270C,1,-1.1861755,0.2963350713253021,0.8456175327301025,0.20168067514896393
YNR043W,YPL093W,0,-1.1863183,0.2962316870689392,0.8456175327301025,0.20178070664405823
YJR143C,YJL035C,0,-1.186392,0.29612836241722107,0.8456175327301025,0.20188075304031372
YMR096W,YFL011W,0,-1.1867945,0.2960250973701477,0.8456175327301025,0.2019807994365692
YNL259C,YBR168W,0,-1.1884216,0.2959219217300415,0.8456175327301025,0.2020808309316635
YOL141W,YFR050C,0,-1.1888762,0.2958188056945801,0.8456175327301025,0.202180877327919
YLR244C,YNL263C,0,-1.1898912,0.2957157790660858,0.8456175327301025,0.2022809088230133
YCR002C,YLR397C,0,-1.1904714,0.29561281204223633,0.8456175327301025,0.2023809552192688
YML008C,YBL052C,0,-1.191079,0.295509934425354,0.8456175327301025,0.2024809867143631
YHL006C,YDR545W,0,-1.1914936,0.29540708661079407,0.8456175327301025,0.2025810331106186
YER056C,YNL110C,0,-1.1919729,0.2953043580055237,0.8456175327301025,0.20268107950687408
YPR016C,YJR112W,0,-1.1919769,0.2952016592025757,0.8456175327301025,0.20278111100196838
YDR434W,YNL166C,0,-1.1921493,0.29509904980659485,0.8456175327301025,0.20288115739822388
YGR262C,YPL029W,0,-1.1921593,0.2949965298175812,0.8456175327301025,0.20298118889331818
YDR447C,YDL149W,0,-1.1922852,0.2948940694332123,0.8456175327301025,0.20308123528957367
YLR418C,YML121W,1,-1.192306,0.2951388955116272,0.8466135263442993,0.20308123528957367
YOL004W,YDR174W,1,-1.1923689,0.2953835427761078,0.8476095795631409,0.20308123528957367
YER031C,YNL290W,0,-1.1930488,0.2952810525894165,0.8476095795631409,0.20318126678466797
YBR245C,YKR100C,0,-1.1932316,0.29517862200737,0.8476095795631409,0.20328131318092346
YER147C,YLR026C,0,-1.193916,0.29507628083229065,0.8476095795631409,0.20338135957717896
YDL015C,YLR083C,0,-1.1939684,0.2949739992618561,0.8476095795631409,0.20348139107227325
YIL169C,YDL165W,0,-1.194626,0.29487180709838867,0.8476095795631409,0.20358143746852875
YKL101W,YIL085C,0,-1.1948165,0.29476964473724365,0.8476095795631409,0.20368146896362305
YER117W,YBR114W,0,-1.1956221,0.2946676015853882,0.8476095795631409,0.20378151535987854
YBR162W-A,YDR268W,0,-1.1969665,0.2945655882358551,0.8476095795631409,0.20388154685497284
YMR011W,YGL031C,0,-1.1973397,0.2944636642932892,0.8476095795631409,0.20398159325122833
YDL111C,YJR016C,0,-1.1974455,0.29436179995536804,0.8476095795631409,0.20408163964748383
YLR386W,YOR104W,0,-1.19763,0.29426002502441406,0.8476095795631409,0.20418167114257812
YPL215W,YOR335C,0,-1.1977142,0.29415830969810486,0.8476095795631409,0.20428171753883362
YMR097C,YNL229C,0,-1.1986647,0.2940566837787628,0.8476095795631409,0.20438174903392792
YJR072C,YCL044C,0,-1.1992105,0.29395508766174316,0.8476095795631409,0.2044817954301834
YBL079W,YCR066W,0,-1.1992403,0.2938535809516907,0.8476095795631409,0.2045818269252777
YIL158W,YOR034C,0,-1.199244,0.29375216364860535,0.8476095795631409,0.2046818733215332
YER063W,YDR075W,0,-1.1996282,0.2936508059501648,0.8476095795631409,0.2047819197177887
YPR029C,YJL167W,0,-1.1998199,0.293549507856369,0.8476095795631409,0.204881951212883
YMR270C,YHR206W,0,-1.200142,0.293448269367218,0.8476095795631409,0.2049819976091385
YHL006C,YLR262C-A,0,-1.2004079,0.2933471202850342,0.8476095795631409,0.2050820291042328
YPL215W,YFL049W,0,-1.200534,0.2932460308074951,0.8476095795631409,0.20518207550048828
YCR043C,YGR145W,0,-1.2006385,0.2931450307369232,0.8476095795631409,0.20528210699558258
YLR448W,YGR155W,0,-1.2006811,0.2930440902709961,0.8476095795631409,0.20538215339183807
YNL249C,YJR133W,0,-1.2008106,0.29294320940971375,0.8476095795631409,0.20548219978809357
YHR184W,YML109W,0,-1.2008154,0.29284238815307617,0.8476095795631409,0.20558223128318787
YDL179W,YBL054W,0,-1.2011969,0.29274165630340576,0.8476095795631409,0.20568227767944336
YDR174W,YML112W,1,-1.2013389,0.29298487305641174,0.8486055731773376,0.20568227767944336
YIL106W,YKL191W,0,-1.2016484,0.29288414120674133,0.8486055731773376,0.20578230917453766
YOL145C,YBR114W,0,-1.2017299,0.2927834987640381,0.8486055731773376,0.20588235557079315
YDL225W,YER099C,0,-1.2018379,0.2926829159259796,0.8486055731773376,0.20598238706588745
YGR239C,YGL215W,0,-1.2019823,0.2925824224948883,0.8486055731773376,0.20608243346214294
YDR385W,YDR182W,0,-1.2028205,0.2924819886684418,0.8486055731773376,0.20618247985839844
YGL110C,YJL117W,0,-1.2033559,0.29238161444664,0.8486055731773376,0.20628251135349274
YIL011W,YOR209C,0,-1.2033986,0.29228129982948303,0.8486055731773376,0.20638255774974823
YGR105W,YBR168W,0,-1.2042758,0.2921810746192932,0.8486055731773376,0.20648258924484253
YOL132W,YDR349C,0,-1.2048622,0.29208090901374817,0.8486055731773376,0.20658263564109802
YDR201W,YKL114C,0,-1.2057015,0.2919808030128479,0.8486055731773376,0.20668266713619232
YBL047C,YFL034C-A,0,-1.2060311,0.2918807864189148,0.8486055731773376,0.20678271353244781
YDR026C,YOR039W,1,-1.2064446,0.29212328791618347,0.8496015667915344,0.20678271353244781
YHR185C,YMR296C,0,-1.2074386,0.29202327132225037,0.8496015667915344,0.2068827599287033
YMR138W,YCR043C,0,-1.2075585,0.2919233441352844,0.8496015667915344,0.2069827914237976
YDR026C,YOR341W,1,-1.2076063,0.2921655774116516,0.850597620010376,0.2069827914237976
YKL024C,YOL133W,0,-1.2076483,0.29206565022468567,0.850597620010376,0.2070828378200531
YJL096W,YER177W,0,-1.2082993,0.2919658124446869,0.850597620010376,0.2071828693151474
YBR057C,YCR008W,0,-1.2083553,0.2918660342693329,0.850597620010376,0.2072829157114029
YPL046C,YOL133W,0,-1.209243,0.29176631569862366,0.850597620010376,0.2073829472064972
YLR429W,YDR253C,0,-1.2099775,0.2916666567325592,0.850597620010376,0.20748299360275269
YBR195C,YGR262C,0,-1.2101737,0.2915670871734619,0.850597620010376,0.20758303999900818
YER126C,YMR068W,0,-1.2103053,0.2914675772190094,0.850597620010376,0.20768307149410248
YOR202W,YML126C,0,-1.2104255,0.29136812686920166,0.850597620010376,0.20778311789035797
YHR020W,YHR128W,0,-1.2106054,0.2912687659263611,0.850597620010376,0.20788314938545227
YDR267C,YDR138W,0,-1.210654,0.2911694645881653,0.850597620010376,0.20798319578170776
YKL183W,YOL066C,0,-1.2108322,0.29107022285461426,0.850597620010376,0.20808322727680206
YIL066C,YMR195W,0,-1.2110374,0.290971040725708,0.850597620010376,0.20818327367305756
YGR049W,YGR057C,0,-1.2127184,0.2908719480037689,0.850597620010376,0.20828332006931305
YJL137C,YIR036C,0,-1.2136471,0.2907728850841522,0.850597620010376,0.20838335156440735
YBL014C,YNL330C,1,-1.2136675,0.29101428389549255,0.8515936136245728,0.20838335156440735
YOR279C,YGL107C,0,-1.2140089,0.29091528058052063,0.8515936136245728,0.20848339796066284
YHR154W,YGL049C,0,-1.2147856,0.2908163368701935,0.8515936136245728,0.20858342945575714
YKR060W,YLR341W,0,-1.2155354,0.2907174527645111,0.8515936136245728,0.20868347585201263
YAL011W,YCL063W,0,-1.2156326,0.2906186282634735,0.8515936136245728,0.20878350734710693
YGL105W,YNR032W,0,-1.2157573,0.2905198633670807,0.8515936136245728,0.20888355374336243
YOR128C,YHR136C,0,-1.215764,0.29042118787765503,0.8515936136245728,0.20898360013961792
YHR154W,YDL211C,0,-1.2158405,0.29032257199287415,0.8515936136245728,0.20908363163471222
YIL035C,YOR332W,0,-1.2164911,0.2902240455150604,0.8515936136245728,0.2091836780309677
YDR201W,YBL084C,0,-1.2166194,0.2901255488395691,0.8515936136245728,0.209283709526062
YJR143C,YPR114W,0,-1.2167281,0.2900271415710449,0.8515936136245728,0.2093837559223175
YKL004W,YBR242W,0,-1.2169799,0.2899287939071655,0.8515936136245728,0.2094837874174118
YJL167W,YHR069C,0,-1.2178248,0.2898305058479309,0.8515936136245728,0.2095838338136673
YPL128C,YBL084C,0,-1.2183143,0.28973230719566345,0.8515936136245728,0.2096838802099228
YDL033C,YPR128C,0,-1.2188969,0.2896341383457184,0.8515936136245728,0.2097839117050171
YMR225C,YNR028W,0,-1.2189554,0.2895360589027405,0.8515936136245728,0.20988395810127258
YHL025W,YDL226C,0,-1.2190483,0.28943803906440735,0.8515936136245728,0.20998398959636688
YLR386W,YKL084W,0,-1.219256,0.2893401086330414,0.8515936136245728,0.21008403599262238
YNL177C,YPR034W,0,-1.2194724,0.2892422080039978,0.8515936136245728,0.21018406748771667
YMR273C,YGL163C,0,-1.2202693,0.2891443967819214,0.8515936136245728,0.21028411388397217
YNL054W,YGL092W,0,-1.2207803,0.28904664516448975,0.8515936136245728,0.21038416028022766
YGR118W,YGR155W,0,-1.2215166,0.28894898295402527,0.8515936136245728,0.21048419177532196
YJL130C,YGL166W,0,-1.2227741,0.2888513505458832,0.8515936136245728,0.21058423817157745
YLR418C,YBR245C,1,-1.2230263,0.2890915274620056,0.8525896668434143,0.21058423817157745
YOR254C,YDR225W,0,-1.2232192,0.2889939248561859,0.8525896668434143,0.21068426966667175
YJL117W,YOL133W,0,-1.2235575,0.288896381855011,0.8525896668434143,0.21078431606292725
YMR023C,YGL144C,0,-1.2235945,0.2887989282608032,0.8525896668434143,0.21088434755802155
YKL166C,YLR155C,0,-1.223683,0.28870150446891785,0.8525896668434143,0.21098439395427704
YLR393W,YGR155W,0,-1.224254,0.28860417008399963,0.8525896668434143,0.21108444035053253
YNL135C,YOR188W,0,-1.2246288,0.2885068953037262,0.8525896668434143,0.21118447184562683
YGR049W,YLR292C,0,-1.2247745,0.2884097099304199,0.8525896668434143,0.21128451824188232
YGR212W,YLR037C,0,-1.225209,0.28831255435943604,0.8525896668434143,0.21138454973697662
YLR200W,YGL222C,0,-1.2255001,0.2882154881954193,0.8525896668434143,0.21148459613323212
YML059C,YGL119W,0,-1.225789,0.28811848163604736,0.8525896668434143,0.21158462762832642
YGR212W,YLR292C,0,-1.2261237,0.2880215346813202,0.8525896668434143,0.2116846740245819
YDR140W,YNR032W,0,-1.2273551,0.2879246473312378,0.8525896668434143,0.2117847204208374
YNL110C,YNR070W,0,-1.2276218,0.28782784938812256,0.8525896668434143,0.2118847519159317
YGR239C,YGR041W,0,-1.2280318,0.2877310812473297,0.8525896668434143,0.2119847983121872
YBR097W,YGR230W,0,-1.2291876,0.28763440251350403,0.8525896668434143,0.2120848298072815
YMR012W,YDR458C,0,-1.2292958,0.2875377833843231,0.8525896668434143,0.212184876203537
YHL009C,YIR005W,0,-1.2295989,0.287441223859787,0.8525896668434143,0.2122849076986313
YHR100C,YIL018W,0,-1.2298926,0.287344753742218,0.8525896668434143,0.21238495409488678
YBR145W,YGL223C,0,-1.2298945,0.28724831342697144,0.8525896668434143,0.21248500049114227
YKR063C,YCR007C,0,-1.2299651,0.287151962518692,0.8525896668434143,0.21258503198623657
YDL005C,YDR322W,0,-1.2300491,0.2870556712150574,0.8525896668434143,0.21268507838249207
YFL034C-A,YNL077W,0,-1.2303292,0.2869594395160675,0.8525896668434143,0.21278510987758636
YJL122W,YNL210W,0,-1.2305713,0.2868632674217224,0.8525896668434143,0.21288515627384186
YHR206W,YGR152C,0,-1.2309035,0.2867671549320221,0.8525896668434143,0.21298518776893616
YGR221C,YNL291C,0,-1.2309331,0.28667113184928894,0.8525896668434143,0.21308523416519165
YNR009W,YCR034W,0,-1.2310206,0.28657516837120056,0.8525896668434143,0.21318528056144714
YOR188W,YIR015W,0,-1.2318512,0.28647926449775696,0.8525896668434143,0.21328531205654144
YGR285C,YFL018W-A,0,-1.2334659,0.28638342022895813,0.8525896668434143,0.21338535845279694
YMR213W,YNL078W,0,-1.2341088,0.2862876355648041,0.8525896668434143,0.21348538994789124
YNL231C,YJL117W,0,-1.2346815,0.2861919105052948,0.8525896668434143,0.21358543634414673
YKL004W,YGR108W,0,-1.2347943,0.2860962450504303,0.8525896668434143,0.21368546783924103
YPL235W,YER120W,0,-1.2348579,0.28600066900253296,0.8525896668434143,0.21378551423549652
YCL037C,YJL172W,0,-1.2361363,0.2859051525592804,0.8525896668434143,0.21388556063175201
YOL006C,YDR238C,0,-1.236326,0.2858096957206726,0.8525896668434143,0.2139855921268463
YCL025C,YJR152W,0,-1.236778,0.2857142984867096,0.8525896668434143,0.2140856385231018
YNL139C,YML112W,1,-1.236885,0.285952627658844,0.8535856604576111,0.2140856385231018
YNL182C,YPL156C,0,-1.2374055,0.285857230424881,0.8535856604576111,0.2141856700181961
YKR006C,YDR458C,0,-1.237926,0.28576192259788513,0.8535856604576111,0.2142857164144516
YIL073C,YLR129W,0,-1.2383069,0.28566667437553406,0.8535856604576111,0.2143857479095459
YKL101W,YBL046W,0,-1.2383789,0.28557148575782776,0.8535856604576111,0.2144857943058014
YHR134W,YML058W,0,-1.2383796,0.28547635674476624,0.8535856604576111,0.21458584070205688
YHR206W,YDR253C,0,-1.2386636,0.2853812873363495,0.8535856604576111,0.21468587219715118
YPR132W,YDR130C,0,-1.2388269,0.2852862775325775,0.8535856604576111,0.21478591859340668
YLR348C,YKL006W,0,-1.2388284,0.2851913571357727,0.8535856604576111,0.21488595008850098
YHR034C,YDL154W,0,-1.239189,0.2850964665412903,0.8535856604576111,0.21498599648475647
YBR257W,YML032C,0,-1.239226,0.285001665353775,0.8535856604576111,0.21508602797985077
YBR057C,YMR028W,0,-1.2393848,0.28490692377090454,0.8535856604576111,0.21518607437610626
YIL121W,YOR075W,0,-1.239458,0.28481224179267883,0.8535856604576111,0.21528612077236176
YNL139C,YLR403W,0,-1.2395457,0.2847176194190979,0.8535856604576111,0.21538615226745605
YGR191W,YOL028C,0,-1.2397908,0.28462305665016174,0.8535856604576111,0.21548619866371155
YLR384C,YNR047W,0,-1.2400967,0.28452855348587036,0.8535856604576111,0.21558623015880585
YNL139C,YHR205W,1,-1.2403723,0.2847660183906555,0.8545816540718079,0.21558623015880585
YKR079C,YGR060W,0,-1.2407542,0.2846715450286865,0.8545816540718079,0.21568627655506134
YER183C,YJL207C,0,-1.2408983,0.2845771014690399,0.8545816540718079,0.21578630805015564
YNL008C,YLR386W,0,-1.2412227,0.2844827473163605,0.8545816540718079,0.21588635444641113
YGL019W,YJR066W,1,-1.2413636,0.28471991419792175,0.8555777072906494,0.21588635444641113
YOL004W,YHR205W,1,-1.2413774,0.2849569320678711,0.8565737009048462,0.21588635444641113
YGL186C,YMR296C,0,-1.2420747,0.28486254811286926,0.8565737009048462,0.21598640084266663
YBL017C,YFL024C,0,-1.2425295,0.2847682237625122,0.8565737009048462,0.21608643233776093
YGR105W,YGR076C,0,-1.2439045,0.2846739590167999,0.8565737009048462,0.21618647873401642
YDR517W,YMR179W,0,-1.2439374,0.2845797538757324,0.8565737009048462,0.21628651022911072
YGR136W,YMR283C,0,-1.2450852,0.2844856083393097,0.8565737009048462,0.2163865566253662
YOR075W,YDR023W,0,-1.2450986,0.28439152240753174,0.8565737009048462,0.2164865881204605
YIL168W,YJR133W,0,-1.2451149,0.28429752588272095,0.8565737009048462,0.216586634516716
YBR195C,YDR405W,0,-1.2457727,0.28420355916023254,0.8565737009048462,0.2166866809129715
YDL225W,YNL177C,0,-1.2464831,0.2841096818447113,0.8565737009048462,0.2167867124080658
YOR192C,YCL054W,0,-1.2469119,0.28401586413383484,0.8565737009048462,0.2168867588043213
YKR060W,YGL158W,0,-1.2470886,0.28392207622528076,0.8565737009048462,0.2169867902994156
YGR221C,YLR427W,0,-1.2473247,0.28382837772369385,0.8565737009048462,0.21708683669567108
YOR128C,YBR294W,0,-1.2473904,0.2837347388267517,0.8565737009048462,0.21718686819076538
YMR208W,YCL066W,0,-1.2474095,0.28364115953445435,0.8565737009048462,0.21728691458702087
YBL076C,YLR386W,0,-1.2476138,0.28354763984680176,0.8565737009048462,0.21738696098327637
YDL008W,YJL117W,0,-1.2482821,0.28345417976379395,0.8565737009048462,0.21748699247837067
YOR061W,YLR141W,1,-1.2483763,0.28369027376174927,0.857569694519043,0.21748699247837067
YLL013C,YLR382C,0,-1.2484556,0.28359684348106384,0.857569694519043,0.21758703887462616
YDR174W,YGL244W,1,-1.2489443,0.28383272886276245,0.8585657477378845,0.21758703887462616
YLR242C,YER161C,0,-1.2491791,0.283739298582077,0.8585657477378845,0.21768707036972046
YOL145C,YBR279W,1,-1.2497646,0.2839750051498413,0.8595617413520813,0.21768707036972046
YLR233C,YOL020W,0,-1.2509445,0.2838815748691559,0.8595617413520813,0.21778711676597595
YLR037C,YPL283C,0,-1.2513369,0.2837882339954376,0.8595617413520813,0.21788714826107025
YNL096C,YCL066W,0,-1.2520727,0.28369492292404175,0.8595617413520813,0.21798719465732574
YOR061W,YNL330C,1,-1.2524642,0.28393033146858215,0.8605577945709229,0.21798719465732574
YKL204W,YOR393W,0,-1.2525669,0.28383705019950867,0.8605577945709229,0.21808724105358124
YGR155W,YOR219C,0,-1.2525896,0.28374382853507996,0.8605577945709229,0.21818727254867554
YIR005W,YOL135C,0,-1.253,0.2836506962776184,0.8605577945709229,0.21828731894493103
YJL087C,YPR179C,0,-1.2530277,0.28355759382247925,0.8605577945709229,0.21838735044002533
YBR104W,YGL114W,0,-1.2534603,0.28346458077430725,0.8605577945709229,0.21848739683628082
YKR043C,YOR310C,0,-1.2536131,0.28337159752845764,0.8605577945709229,0.21858742833137512
YLR179C,YIL168W,0,-1.2543937,0.2832786738872528,0.8605577945709229,0.21868747472763062
YFR013W,YLR107W,0,-1.2546774,0.28318583965301514,0.8605577945709229,0.2187875211238861
YKL041W,YDR295C,0,-1.2547969,0.28309306502342224,0.8605577945709229,0.2188875526189804
YBR168W,YOL068C,0,-1.2549828,0.28300032019615173,0.8605577945709229,0.2189875990152359
YPR132W,YNR059W,0,-1.2552125,0.2829076647758484,0.8605577945709229,0.2190876305103302
YIL017C,YKL150W,0,-1.2557096,0.2828150689601898,0.8605577945709229,0.2191876769065857
YDR217C,YKR028W,0,-1.2558451,0.28272250294685364,0.8605577945709229,0.21928770840168
YOL066C,YNL108C,0,-1.2563134,0.2826300263404846,0.8605577945709229,0.21938775479793549
YLR141W,YDR174W,1,-1.2567421,0.28286463022232056,0.8615537881851196,0.21938775479793549
YDL052C,YKR095W-A,0,-1.2568821,0.28277215361595154,0.8615537881851196,0.21948780119419098
YJL112W,YNL108C,0,-1.2583917,0.2826797366142273,0.8615537881851196,0.21958783268928528
YML058W,YOL133W,0,-1.2586521,0.2825873792171478,0.8615537881851196,0.21968787908554077
YLR056W,YKL004W,0,-1.2588669,0.2824951112270355,0.8615537881851196,0.21978791058063507
YPL093W,YOR180C,0,-1.2589375,0.2824028730392456,0.8615537881851196,0.21988795697689056
YBR132C,YLR382C,0,-1.2592264,0.28231069445610046,0.8615537881851196,0.21998798847198486
YHR119W,YPR164W,0,-1.2596246,0.2822186052799225,0.8615537881851196,0.22008803486824036
YDR205W,YMR011W,0,-1.2596754,0.2821265459060669,0.8615537881851196,0.22018808126449585
YLR457C,YMR283C,0,-1.2597104,0.28203457593917847,0.8615537881851196,0.22028811275959015
YPR010C,YML121W,1,-1.2600886,0.28226858377456665,0.8625497817993164,0.22028811275959015
YEL003W,YKL109W,0,-1.260239,0.2821766138076782,0.8625497817993164,0.22038815915584564
YOR128C,YDR439W,0,-1.2607031,0.28208470344543457,0.8625497817993164,0.22048819065093994
YKL068W,YHR012W,0,-1.2614057,0.2819928228855133,0.8625497817993164,0.22058823704719543
YJL092W,YFL047W,0,-1.2616838,0.2819010317325592,0.8625497817993164,0.22068826854228973
YBR114W,YOL045W,0,-1.2617931,0.2818093001842499,0.8625497817993164,0.22078831493854523
YDL211C,YGR145W,0,-1.2625629,0.2817176282405853,0.8625497817993164,0.22088836133480072
YGL192W,YLR429W,0,-1.2627558,0.28162601590156555,0.8625497817993164,0.22098839282989502
YML116W,YMR273C,0,-1.262905,0.28153446316719055,0.8625497817993164,0.2210884392261505
YDR434W,YCR104W,0,-1.263113,0.2814429700374603,0.8625497817993164,0.2211884707212448
YCR077C,YPL172C,0,-1.2635008,0.2813515365123749,0.8625497817993164,0.2212885171175003
YML098W,YEL016C,0,-1.2635878,0.2812601625919342,0.8625497817993164,0.2213885486125946
YJR089W,YPL169C,0,-1.2639297,0.2811688184738159,0.8625497817993164,0.2214885950088501
YML058W,YGL124C,0,-1.2639959,0.2810775637626648,0.8625497817993164,0.2215886414051056
YIR015W,YDL007W,0,-1.2643306,0.28098636865615845,0.8625497817993164,0.2216886729001999
YKR006C,YOL133W,0,-1.2646033,0.2808952331542969,0.8625497817993164,0.22178871929645538
YOR133W,YGR024C,0,-1.265558,0.2808041572570801,0.8625497817993164,0.22188875079154968
YDR378C,YAL002W,0,-1.2661406,0.28071314096450806,0.8625497817993164,0.22198879718780518
YOL145C,YDR315C,0,-1.2664739,0.2806221544742584,0.8625497817993164,0.22208882868289948
YLR229C,YLR313C,0,-1.2670538,0.28053125739097595,0.8625497817993164,0.22218887507915497
YJR124C,YJR031C,0,-1.2670776,0.28044041991233826,0.8625497817993164,0.22228892147541046
YPL092W,YPL246C,0,-1.2670926,0.28034964203834534,0.8625497817993164,0.22238895297050476
YGR063C,YHL025W,1,-1.2671565,0.2805825173854828,0.863545835018158,0.22238895297050476
YHL025W,YGR063C,1,-1.2671565,0.2808152735233307,0.8645418286323547,0.22238895297050476
YCL037C,YLR102C,0,-1.2675427,0.280724436044693,0.8645418286323547,0.22248899936676025
YDR214W,YBL075C,0,-1.2677765,0.28063368797302246,0.8645418286323547,0.22258903086185455
YOR231W,YML126C,0,-1.2688257,0.2805429995059967,0.8645418286323547,0.22268907725811005
YIL073C,YML094W,0,-1.2689103,0.28045234084129333,0.8645418286323547,0.22278910875320435
YER155C,YDL102W,0,-1.2724346,0.28036177158355713,0.8645418286323547,0.22288915514945984
YLR341W,YDL061C,0,-1.2724485,0.2802712321281433,0.8645418286323547,0.22298920154571533
YKL047W,YMR321C,0,-1.272576,0.28018075227737427,0.8645418286323547,0.22308923304080963
YHL008C,YGR121C,0,-1.2726213,0.2800903618335724,0.8645418286323547,0.22318927943706512
YHR189W,YHR053C,0,-1.2729136,0.2800000011920929,0.8645418286323547,0.22328931093215942
YKL041W,YER129W,0,-1.2729843,0.2799097001552582,0.8645418286323547,0.22338935732841492
YPL128C,YGR234W,0,-1.2729884,0.27981945872306824,0.8645418286323547,0.22348938882350922
YNL099C,YOL066C,0,-1.2732109,0.27972930669784546,0.8645418286323547,0.2235894352197647
YBR254C,YMR149W,0,-1.273423,0.27963918447494507,0.8645418286323547,0.2236894816160202
YJL200C,YBR283C,0,-1.2735462,0.27954912185668945,0.8645418286323547,0.2237895131111145
YOL142W,YHR048W,0,-1.2736524,0.2794591188430786,0.8645418286323547,0.22388955950737
YNL078W,YDR206W,0,-1.2738448,0.27936917543411255,0.8645418286323547,0.2239895910024643
YLR056W,YCL064C,0,-1.2738752,0.27927929162979126,0.8645418286323547,0.2240896373987198
YBR049C,YDR311W,1,-1.274033,0.27951109409332275,0.8655378222465515,0.2240896373987198
YNR057C,YGL215W,0,-1.2740551,0.27942121028900146,0.8655378222465515,0.2241896688938141
YKL101W,YNR070W,0,-1.2746567,0.27933141589164734,0.8655378222465515,0.22428971529006958
YOR350C,YKL079W,0,-1.2748034,0.2792416512966156,0.8655378222465515,0.22438976168632507
YOR208W,YIL108W,0,-1.274888,0.27915194630622864,0.8655378222465515,0.22448979318141937
YBR195C,YHR083W,0,-1.2753747,0.27906230092048645,0.8655378222465515,0.22458983957767487
YFL036W,YOR335C,0,-1.2758411,0.27897271513938904,0.8655378222465515,0.22468987107276917
YDL076C,YMR233W,1,-1.2760392,0.2792041003704071,0.8665338754653931,0.22468987107276917
YCL030C,YML056C,0,-1.2772889,0.2791145443916321,0.8665338754653931,0.22478991746902466
YMR321C,YGL186C,0,-1.2774504,0.27902501821517944,0.8665338754653931,0.22488994896411896
YNL152W,YJL100W,0,-1.2775846,0.2789355516433716,0.8665338754653931,0.22498999536037445
YER126C,YLL067C,0,-1.2778393,0.2788461446762085,0.8665338754653931,0.22509004175662994
YGL019W,YMR263W,1,-1.2781732,0.2790772318840027,0.8675298690795898,0.22509004175662994
YMR263W,YDR174W,1,-1.2789043,0.27930814027786255,0.8685259222984314,0.22509004175662994
YGR108W,YJL057C,0,-1.2791873,0.2792187035083771,0.8685259222984314,0.22519007325172424
YOL165C,YJR112W,0,-1.2792169,0.2791293263435364,0.8685259222984314,0.22529011964797974
YMR308C,YBR125C,0,-1.2796463,0.27904000878334045,0.8685259222984314,0.22539015114307404
YDR375C,YIL093C,0,-1.2802172,0.2789507210254669,0.8685259222984314,0.22549019753932953
YGR024C,YLR360W,0,-1.2810013,0.27886152267456055,0.8685259222984314,0.22559022903442383
YNR028W,YER177W,0,-1.281969,0.27877238392829895,0.8685259222984314,0.22569027543067932
YML116W,YHR132C,0,-1.2821392,0.27868327498435974,0.8685259222984314,0.22579032182693481
YGR272C,YHR205W,0,-1.2822222,0.2785942554473877,0.8685259222984314,0.2258903533220291
YNL079C,YDR369C,0,-1.282239,0.27850526571273804,0.8685259222984314,0.2259903997182846
YLR141W,YOL004W,1,-1.2830424,0.2787356376647949,0.8695219159126282,0.2259903997182846
YIL073C,YOR307C,0,-1.2831997,0.27864667773246765,0.8695219159126282,0.2260904312133789
YMR321C,YJL179W,0,-1.2841758,0.27855774760246277,0.8695219159126282,0.2261904776096344
YDR285W,YHR141C,0,-1.2841816,0.27846890687942505,0.8695219159126282,0.2262905091047287
YBR299W,YOR065W,0,-1.2856176,0.2783800959587097,0.8695219159126282,0.2263905555009842
YOL039W,YOR231W,0,-1.2856644,0.27829137444496155,0.8695219159126282,0.22649060189723969
YGL215W,YAL068C,0,-1.2877481,0.27820268273353577,0.8695219159126282,0.22659063339233398
YJL113W,YNL110C,0,-1.2889471,0.27811405062675476,0.8695219159126282,0.22669067978858948
YDL165W,YLR397C,0,-1.2889718,0.27802547812461853,0.8695219159126282,0.22679071128368378
YDR156W,YHR205W,1,-1.2895294,0.2782553434371948,0.870517909526825,0.22679071128368378
YJL029C,YER173W,0,-1.2896832,0.2781667709350586,0.870517909526825,0.22689075767993927
YEL042W,YDR341C,0,-1.2900767,0.27807825803756714,0.870517909526825,0.22699078917503357
YFL036W,YOR179C,0,-1.2903255,0.27798983454704285,0.870517909526825,0.22709083557128906
YMR097C,YLR390W,0,-1.2904166,0.27790144085884094,0.870517909526825,0.22719088196754456
YDR137W,YJL041W,0,-1.2907017,0.2778131067752838,0.870517909526825,0.22729091346263885
YDR351W,YGR171C,0,-1.2908297,0.2777248024940491,0.870517909526825,0.22739095985889435
YGR020C,YGR257C,0,-1.2914659,0.2776365876197815,0.870517909526825,0.22749099135398865
YOR335C,YGL228W,0,-1.2916168,0.2775484323501587,0.870517909526825,0.22759103775024414
YGL112C,YGL212W,0,-1.2917713,0.2774603068828583,0.870517909526825,0.22769106924533844
YOR126C,YGR057C,0,-1.2920767,0.277372270822525,0.870517909526825,0.22779111564159393
YDR446W,YGR054W,0,-1.2925344,0.27728426456451416,0.870517909526825,0.22789116203784943
YMR120C,YEL032W,0,-1.2926675,0.27719631791114807,0.870517909526825,0.22799119353294373
YJL052W,YPL121C,0,-1.293053,0.27710843086242676,0.870517909526825,0.22809123992919922
YDL076C,YML010W,1,-1.2931578,0.27733755111694336,0.8715139627456665,0.22809123992919922
YBR029C,YLR107W,0,-1.293347,0.27724969387054443,0.8715139627456665,0.22819127142429352
YDR041W,YIL036W,0,-1.2935466,0.2771618664264679,0.8715139627456665,0.228291317820549
YOR128C,YHL001W,0,-1.2947059,0.27707409858703613,0.8715139627456665,0.2283913493156433
YKL161C,YOR332W,0,-1.2953221,0.27698639035224915,0.8715139627456665,0.2284913957118988
YCR029C-A,YHR011W,0,-1.2955585,0.27689874172210693,0.8715139627456665,0.2285914421081543
YER120W,YKR034W,0,-1.2959318,0.2768111228942871,0.8715139627456665,0.2286914736032486
YFR028C,YER164W,1,-1.2960382,0.27703985571861267,0.8725099563598633,0.2286914736032486
YOR126C,YGR054W,0,-1.2973348,0.27695226669311523,0.8725099563598633,0.2287915199995041
YOL092W,YBL002W,0,-1.2973467,0.2768647372722626,0.8725099563598633,0.2288915514945984
YDR002W,YDR056C,0,-1.2980303,0.2767772376537323,0.8725099563598633,0.22899159789085388
YDR182W,YDR184C,0,-1.2981222,0.2766898274421692,0.8725099563598633,0.22909162938594818
YPR100W,YDR311W,0,-1.2987354,0.27660247683525085,0.8725099563598633,0.22919167578220367
YNL148C,YPL283C,0,-1.2988013,0.2765151560306549,0.8725099563598633,0.22929172217845917
YPR070W,YNR039C,0,-1.2988166,0.27642789483070374,0.8725099563598633,0.22939175367355347
YOL049W,YPL112C,0,-1.2989589,0.27634069323539734,0.8725099563598633,0.22949180006980896
YKL166C,YPR089W,0,-1.2993723,0.2762535512447357,0.8725099563598633,0.22959183156490326
YER091C,YNR047W,0,-1.2993783,0.27616646885871887,0.8725099563598633,0.22969187796115875
YML008C,YLR115W,0,-1.2995907,0.2760794162750244,0.8725099563598633,0.22979190945625305
YHL037C,YBL089W,0,-1.2995974,0.2759924530982971,0.8725099563598633,0.22989195585250854
YOL102C,YBL033C,0,-1.2999429,0.2759055197238922,0.8725099563598633,0.22999200224876404
YJL122W,YGR234W,0,-1.3000376,0.2758186459541321,0.8725099563598633,0.23009203374385834
YBL076C,YKL047W,0,-1.3003258,0.2757318317890167,0.8725099563598633,0.23019208014011383
YLR427W,YDR140W,0,-1.3005227,0.27564504742622375,0.8725099563598633,0.23029211163520813
YJR086W,YOR369C,0,-1.3005494,0.27555835247039795,0.8725099563598633,0.23039215803146362
YJR022W,YGR152C,0,-1.3005534,0.27547168731689453,0.8725099563598633,0.23049218952655792
YMR167W,YGR211W,0,-1.3010992,0.2753851115703583,0.8725099563598633,0.23059223592281342
YOL018C,YMR116C,0,-1.301411,0.2752985656261444,0.8725099563598633,0.2306922823190689
YFR013W,YBR276C,0,-1.3015063,0.27521204948425293,0.8725099563598633,0.2307923138141632
YDR103W,YOL067C,0,-1.3015386,0.2751256227493286,0.8725099563598633,0.2308923602104187
YKL183W,YLR373C,0,-1.3018563,0.2750392556190491,0.8725099563598633,0.230992391705513
YMR097C,YOL068C,0,-1.3022019,0.2749529182910919,0.8725099563598633,0.2310924381017685
YOR099W,YPL093W,0,-1.3027444,0.27486664056777954,0.8725099563598633,0.2311924695968628
YFL036W,YGR230W,0,-1.3028935,0.27478042244911194,0.8725099563598633,0.2312925159931183
YPL046C,YLL013C,0,-1.3031644,0.2746942639350891,0.8725099563598633,0.23139256238937378
YMR028W,YOR039W,1,-1.3040067,0.27492162585258484,0.8735059499740601,0.23139256238937378
YML008C,YKL004W,0,-1.3046566,0.274835467338562,0.8735059499740601,0.23149259388446808
YGR105W,YJR084W,0,-1.3049581,0.27474936842918396,0.8735059499740601,0.23159264028072357
YEL015W,YKL084W,0,-1.30537,0.2746633291244507,0.8735059499740601,0.23169267177581787
YPL215W,YPL283C,0,-1.3057367,0.2745773196220398,0.8735059499740601,0.23179271817207336
YIR030C,YNL021W,0,-1.3058962,0.27449139952659607,0.8735059499740601,0.23189274966716766
YMR308C,YPR139C,0,-1.3060988,0.27440550923347473,0.8735059499740601,0.23199279606342316
YPL094C,YNR016C,0,-1.3068348,0.27431967854499817,0.8735059499740601,0.23209284245967865
YIL035C,YDR097C,0,-1.3075978,0.2742339074611664,0.8735059499740601,0.23219287395477295
YGL008C,YKR021W,0,-1.3077568,0.274148166179657,0.8735059499740601,0.23229292035102844
YBL004W,YKL161C,0,-1.3081201,0.27406251430511475,0.8735059499740601,0.23239295184612274
YNR009W,YHR128W,0,-1.3085732,0.2739768922328949,0.8735059499740601,0.23249299824237823
YGL222C,YLR287C-A,0,-1.3089104,0.2738913297653198,0.8735059499740601,0.23259304463863373
YPL244C,YGR239C,0,-1.3101598,0.27380579710006714,0.8735059499740601,0.23269307613372803
YBL079W,YGR211W,0,-1.3102306,0.2737203538417816,0.8735059499740601,0.23279312252998352
YPL162C,YFL034C-A,0,-1.3111392,0.2736349403858185,0.8735059499740601,0.23289315402507782
YKL084W,YLR397C,0,-1.3112024,0.2735495865345001,0.8735059499740601,0.2329932004213333
YNL070W,YLR155C,0,-1.311263,0.27346429228782654,0.8735059499740601,0.2330932319164276
YER063W,YER090W,0,-1.3122789,0.27337905764579773,0.8735059499740601,0.2331932783126831
YCL064C,YJR043C,0,-1.3130525,0.2732938528060913,0.8735059499740601,0.2332933247089386
YDR210W,YBR058C,0,-1.313465,0.27320873737335205,0.8735059499740601,0.2333933562040329
YCR077C,YAL039C,0,-1.3136123,0.2731236517429352,0.8735059499740601,0.2334934026002884
YML121W,YDR545W,0,-1.3139362,0.2730385959148407,0.8735059499740601,0.2335934340953827
YIL084C,YFR028C,0,-1.3139681,0.2729536294937134,0.8735059499740601,0.23369348049163818
YGR105W,YOR115C,0,-1.3140935,0.27286869287490845,0.8735059499740601,0.23379351198673248
YGL030W,YKR037C,0,-1.3142619,0.2727838158607483,0.8735059499740601,0.23389355838298798
YDR447C,YPL148C,0,-1.3149335,0.2726989984512329,0.8735059499740601,0.23399360477924347
YNR043W,YOL128C,0,-1.3150814,0.2726142406463623,0.8735059499740601,0.23409363627433777
YML098W,YER013W,0,-1.3157622,0.2725295126438141,0.8735059499740601,0.23419368267059326
YBR162W-A,YNL044W,0,-1.3158408,0.27244484424591064,0.8735059499740601,0.23429371416568756
YFL049W,YJL035C,0,-1.316528,0.272360235452652,0.8735059499740601,0.23439376056194305
YKR043C,YDL102W,0,-1.3169264,0.2722756862640381,0.8735059499740601,0.23449379205703735
YMR208W,YHR053C,0,-1.3174164,0.27219119668006897,0.8735059499740601,0.23459383845329285
YML121W,YFR031C-A,0,-1.317419,0.27210673689842224,0.8735059499740601,0.23469388484954834
YKL191W,YGR076C,0,-1.3175449,0.2720223367214203,0.8735059499740601,0.23479391634464264
YBR088C,YBR274W,0,-1.3178619,0.2719379961490631,0.8735059499740601,0.23489396274089813
YER107C,YHR020W,0,-1.3180645,0.2718536853790283,0.8735059499740601,0.23499399423599243
YKR063C,YLR153C,0,-1.3181388,0.2717694342136383,0.8735059499740601,0.23509404063224792
YDL108W,YGR063C,1,-1.3182881,0.27199503779411316,0.8745020031929016,0.23509404063224792
YJL167W,YPL061W,0,-1.3183352,0.27191081643104553,0.8745020031929016,0.23519407212734222
YER031C,YGL056C,0,-1.3186716,0.2718266248703003,0.8745020031929016,0.23529411852359772
YFR024C,YPR134W,0,-1.3196272,0.27174249291419983,0.8745020031929016,0.2353941649198532
YGR252W,YKL160W,0,-1.3201965,0.27165842056274414,0.8745020031929016,0.2354941964149475
YDR044W,YDL052C,0,-1.3203275,0.27157437801361084,0.8745020031929016,0.235594242811203
YDL019C,YBR111W-A,0,-1.3203393,0.2714904248714447,0.8745020031929016,0.2356942743062973
YDL177C,YAL011W,0,-1.3204206,0.27140650153160095,0.8745020031929016,0.2357943207025528
YFL002C,YOL018C,0,-1.3205086,0.2713226079940796,0.8745020031929016,0.2358943521976471
YER183C,YBR105C,0,-1.3206576,0.2712388038635254,0.8745020031929016,0.2359943985939026
YOL004W,YPL082C,1,-1.3208202,0.27146387100219727,0.8754979968070984,0.2359943985939026
YBR242W,YEL021W,0,-1.3214594,0.27138006687164307,0.8754979968070984,0.23609444499015808
YLR418C,YNL330C,1,-1.3232008,0.2716049253940582,0.8764940500259399,0.23609444499015808
YGR239C,YLR244C,0,-1.3237749,0.27152112126350403,0.8764940500259399,0.23619447648525238
YLR153C,YNL053W,0,-1.3261424,0.2714373767375946,0.8764940500259399,0.23629452288150787
YPL003W,YIL160C,0,-1.3264942,0.27135369181632996,0.8764940500259399,0.23639455437660217
YNL330C,YLR141W,1,-1.3270615,0.271578311920166,0.8774900436401367,0.23639455437660217
YPL129W,YBL002W,0,-1.3271688,0.271494597196579,0.8774900436401367,0.23649460077285767
YER126C,YMR208W,0,-1.3272424,0.2714109718799591,0.8774900436401367,0.23659463226795197
YLR343W,YGR145W,0,-1.327582,0.2713273763656616,0.8774900436401367,0.23669467866420746
YPR106W,YDL184C,0,-1.3276151,0.2712438404560089,0.8774900436401367,0.23679472506046295
YLR448W,YGL228W,0,-1.3276198,0.271160364151001,0.8774900436401367,0.23689475655555725
YDR041W,YGR234W,0,-1.328646,0.27107691764831543,0.8774900436401367,0.23699480295181274
YDR044W,YLR244C,0,-1.3286626,0.27099353075027466,0.8774900436401367,0.23709483444690704
YLR233C,YCL030C,0,-1.3293439,0.27091020345687866,0.8774900436401367,0.23719488084316254
YIL070C,YOR368W,0,-1.3295361,0.27082693576812744,0.8774900436401367,0.23729491233825684
YGL186C,YOR196C,0,-1.3303428,0.2707436978816986,0.8774900436401367,0.23739495873451233
YJR093C,YER099C,0,-1.3303462,0.27066051959991455,0.8774900436401367,0.23749500513076782
YNL125C,YDL067C,0,-1.33063,0.27057740092277527,0.8774900436401367,0.23759503662586212
YKL167C,YMR217W,0,-1.3307376,0.2704943120479584,0.8774900436401367,0.23769508302211761
YBL046W,YHR166C,0,-1.3308896,0.27041128277778625,0.8774900436401367,0.23779511451721191
YER155C,YFR007W,0,-1.3311961,0.2703283131122589,0.8774900436401367,0.2378951609134674
YNL230C,YOR057W,0,-1.332003,0.27024540305137634,0.8774900436401367,0.2379951924085617
YHL025W,YDR174W,1,-1.3322077,0.27046918869018555,0.8784860372543335,0.2379951924085617
YCR024C-A,YOR310C,0,-1.3324035,0.270386278629303,0.8784860372543335,0.2380952388048172
YLR063W,YER107C,0,-1.3327101,0.2703033983707428,0.8784860372543335,0.2381952852010727
YGR234W,YHR166C,0,-1.3329886,0.2702205777168274,0.8784860372543335,0.238295316696167
YGL013C,YOR196C,0,-1.3333579,0.27013781666755676,0.8784860372543335,0.23839536309242249
YBR123C,YOR298C-A,0,-1.3341004,0.2700551152229309,0.8784860372543335,0.23849539458751678
YPR024W,YFL018W-A,0,-1.3351892,0.26997244358062744,0.8784860372543335,0.23859544098377228
YER025W,YOR219C,0,-1.3352257,0.26988983154296875,0.8784860372543335,0.23869547247886658
YOR196C,YDL224C,0,-1.3362685,0.26980727910995483,0.8784860372543335,0.23879551887512207
YMR263W,YGR063C,1,-1.3364297,0.27003058791160583,0.879482090473175,0.23879551887512207
YPL215W,YKL116C,0,-1.3381342,0.2699480354785919,0.879482090473175,0.23889556527137756
YLR065C,YDR322W,0,-1.3385388,0.2698655128479004,0.879482090473175,0.23899559676647186
YDL108W,YHR205W,1,-1.3392493,0.2700886130332947,0.8804780840873718,0.23899559676647186
YGR118W,YDR285W,0,-1.3400558,0.27000612020492554,0.8804780840873718,0.23909564316272736
YGL213C,YMR028W,0,-1.3401767,0.2699236571788788,0.8804780840873718,0.23919567465782166
YNL263C,YPL086C,0,-1.3408679,0.2698412835597992,0.8804780840873718,0.23929572105407715
YGR191W,YGR165W,0,-1.3425039,0.269758939743042,0.8804780840873718,0.23939575254917145
YGL019W,YMR028W,1,-1.3436924,0.2699816823005676,0.8814740777015686,0.23939575254917145
YOR297C,YGR211W,0,-1.3447832,0.2698993682861328,0.8814740777015686,0.23949579894542694
YIL167W,YDR047W,0,-1.3449975,0.2698170840740204,0.8814740777015686,0.23959584534168243
YLR242C,YER042W,0,-1.3452567,0.26973482966423035,0.8814740777015686,0.23969587683677673
YCR063W,YMR231W,0,-1.3458786,0.26965266466140747,0.8814740777015686,0.23979592323303223
YJL121C,YKL024C,0,-1.3460525,0.269570529460907,0.8814740777015686,0.23989595472812653
YBR078W,YPL147W,0,-1.3465077,0.2694884240627289,0.8814740777015686,0.23999600112438202
YMR263W,YML121W,1,-1.3465179,0.26971080899238586,0.8824701309204102,0.23999600112438202
YEL032W,YIL023C,0,-1.3467599,0.26962873339653015,0.8824701309204102,0.24009603261947632
YBR114W,YNL053W,0,-1.3468105,0.2695466876029968,0.8824701309204102,0.2401960790157318
YPL128C,YLR313C,0,-1.3469468,0.26946473121643066,0.8824701309204102,0.2402961254119873
YPL122C,YDL226C,0,-1.3472264,0.2693828046321869,0.8824701309204102,0.2403961569070816
YOL086C,YHR062C,0,-1.3474138,0.2693009078502655,0.8824701309204102,0.2404962033033371
YBR162W-A,YLR130C,0,-1.3475387,0.2692190706729889,0.8824701309204102,0.2405962347984314
YMR028W,YPL082C,1,-1.3477945,0.26944106817245483,0.8834661245346069,0.2405962347984314
YDR353W,YDL154W,0,-1.3479542,0.2693592607975006,0.8834661245346069,0.2406962811946869
YBR067C,YDR206W,0,-1.348302,0.2692774832248688,0.8834661245346069,0.2407963126897812
YOL039W,YPR082C,0,-1.3492743,0.2691957652568817,0.8834661245346069,0.24089635908603668
YOL145C,YNL097C,1,-1.3499826,0.2694174647331238,0.8844621777534485,0.24089635908603668
YOL128C,YML109W,0,-1.3503358,0.2693357467651367,0.8844621777534485,0.24099640548229218
YNR009W,YAL040C,0,-1.3508351,0.26925408840179443,0.8844621777534485,0.24109643697738647
YDL076C,YML121W,1,-1.3513732,0.2694756090641022,0.8854581713676453,0.24109643697738647
YDR461W,YFL050C,0,-1.3514792,0.2693939507007599,0.8854581713676453,0.24119648337364197
YKL137W,YCL063W,0,-1.3517046,0.26931232213974,0.8854581713676453,0.24129651486873627
YGR247W,YIL085C,0,-1.3517538,0.26923078298568726,0.8854581713676453,0.24139656126499176
YCR071C,YPL198W,0,-1.3519714,0.2691492438316345,0.8854581713676453,0.24149659276008606
YBR257W,YMR225C,0,-1.3521204,0.26906779408454895,0.8854581713676453,0.24159663915634155
YDR253C,YGL222C,0,-1.3522174,0.26898637413978577,0.8854581713676453,0.24169668555259705
YGR252W,YDR182W,0,-1.3524727,0.26890501379966736,0.8854581713676453,0.24179671704769135
YDL179W,YIR030C,0,-1.3525946,0.2688237130641937,0.8854581713676453,0.24189676344394684
YFR013W,YGL119W,0,-1.3526667,0.2687424421310425,0.8854581713676453,0.24199679493904114
YIL066C,YHL034C,0,-1.3527473,0.268661230802536,0.8854581713676453,0.24209684133529663
YPR089W,YBR114W,0,-1.3529865,0.26858004927635193,0.8854581713676453,0.24219687283039093
YLR057W,YOL068C,0,-1.3536605,0.268498957157135,0.8854581713676453,0.24229691922664642
YOR273C,YGR167W,0,-1.3539397,0.2684178650379181,0.8854581713676453,0.24239696562290192
YMR203W,YGR108W,0,-1.3543831,0.26833686232566833,0.8854581713676453,0.24249699711799622
YHR098C,YJL029C,0,-1.3544612,0.26825588941574097,0.8854581713676453,0.2425970435142517
YHR100C,YDR060W,0,-1.3548774,0.2681749761104584,0.8854581713676453,0.242697075009346
YMR268W-A,YOR026W,0,-1.3554682,0.26809409260749817,0.8854581713676453,0.2427971214056015
YOL005C,YFL034C-A,0,-1.3554993,0.26801326870918274,0.8854581713676453,0.2428971529006958
YCL034W,YKL143W,0,-1.3555758,0.2679324746131897,0.8854581713676453,0.2429971992969513
YOR231W,YMR283C,0,-1.3560638,0.2678517699241638,0.8854581713676453,0.2430972456932068
YOR301W,YPL198W,0,-1.3564383,0.2677710950374603,0.8854581713676453,0.2431972771883011
YOR378W,YLR448W,0,-1.3572353,0.2676904499530792,0.8854581713676453,0.24329732358455658
YML010W,YNL139C,1,-1.35726,0.267910897731781,0.886454164981842,0.24329732358455658
YLR457C,YGL030W,0,-1.3593038,0.2678302824497223,0.886454164981842,0.24339735507965088
YDR039C,YLR384C,0,-1.3595791,0.26774969696998596,0.886454164981842,0.24349740147590637
YPR106W,YGL169W,0,-1.3597022,0.2676691710948944,0.886454164981842,0.24359743297100067
YLR332W,YNL061W,0,-1.359862,0.26758870482444763,0.886454164981842,0.24369747936725616
YKL024C,YDR216W,0,-1.3599035,0.26750826835632324,0.886454164981842,0.24379752576351166
YPL244C,YOL068C,0,-1.3627723,0.26742789149284363,0.886454164981842,0.24389755725860596
YCL011C,YFR010W,0,-1.363712,0.2673475444316864,0.886454164981842,0.24399760365486145
YDR156W,YMR233W,1,-1.3639854,0.26756757497787476,0.8874502182006836,0.24399760365486145
YOR079C,YDR140W,0,-1.3641653,0.26748722791671753,0.8874502182006836,0.24409763514995575
YOR231W,YBL052C,0,-1.3643836,0.26740697026252747,0.8874502182006836,0.24419768154621124
YBR049C,YML112W,1,-1.3644052,0.2676267623901367,0.8884462118148804,0.24419768154621124
YHR055C,YJL100W,0,-1.364416,0.26754650473594666,0.8884462118148804,0.24429771304130554
YHR136C,YBR088C,0,-1.3652657,0.267466276884079,0.8884462118148804,0.24439775943756104
YJR022W,YPL273W,0,-1.3654333,0.2673860788345337,0.8884462118148804,0.24449780583381653
YLR229C,YGL158W,0,-1.3660076,0.26730597019195557,0.8884462118148804,0.24459783732891083
YGR277C,YOL010W,0,-1.3660977,0.26722589135169983,0.8884462118148804,0.24469788372516632
YLR244C,YNL127W,0,-1.3662997,0.2671458423137665,0.8884462118148804,0.24479791522026062
YOR174W,YOL027C,0,-1.3665959,0.2670658826828003,0.8884462118148804,0.2448979616165161
YBL041W,YJL179W,0,-1.3668165,0.2669859230518341,0.8884462118148804,0.2449979931116104
YDR026C,YMR263W,1,-1.3671936,0.26720526814460754,0.8894422054290771,0.2449979931116104
YEL032W,YJR119C,0,-1.3677486,0.26712533831596375,0.8894422054290771,0.2450980395078659
YDR322W,YKL183W,0,-1.3685424,0.2670454680919647,0.8894422054290771,0.2451980859041214
YDL081C,YIL066C,0,-1.3690704,0.2669656276702881,0.8894422054290771,0.2452981173992157
YOR198C,YBR084W,0,-1.3691293,0.2668858468532562,0.8894422054290771,0.2453981637954712
YOR307C,YBR017C,0,-1.3691412,0.26680609583854675,0.8894422054290771,0.2454981952905655
YIL158W,YPL129W,0,-1.3691978,0.26672640442848206,0.8894422054290771,0.24559824168682098
YAL053W,YGL137W,0,-1.369866,0.26664677262306213,0.8894422054290771,0.24569827318191528
YMR120C,YNL094W,0,-1.3700784,0.2665671706199646,0.8894422054290771,0.24579831957817078
YOR383C,YPL060W,0,-1.3702466,0.26648762822151184,0.8894422054290771,0.24589836597442627
YKL114C,YJL207C,0,-1.3712891,0.26640811562538147,0.8894422054290771,0.24599839746952057
YHL004W,YKL084W,0,-1.3718268,0.2663286626338959,0.8894422054290771,0.24609844386577606
YOR337W,YAL024C,0,-1.3722085,0.26624926924705505,0.8894422054290771,0.24619847536087036
YLR242C,YOL128C,0,-1.3735662,0.2661699056625366,0.8894422054290771,0.24629852175712585
YOL102C,YGL015C,0,-1.3737625,0.2660905718803406,0.8894422054290771,0.24639855325222015
YPL129W,YKR037C,0,-1.3740534,0.2660113275051117,0.8894422054290771,0.24649859964847565
YDL076C,YGL043W,1,-1.3741916,0.26622989773750305,0.8904382586479187,0.24649859964847565
YPR082C,YOL031C,0,-1.3744899,0.26615065336227417,0.8904382586479187,0.24659864604473114
YOR350C,YDR267C,0,-1.3745166,0.2660714387893677,0.8904382586479187,0.24669867753982544
YDR317W,YKL137W,0,-1.3745238,0.26599225401878357,0.8904382586479187,0.24679872393608093
YLR056W,YNL070W,0,-1.3747367,0.2659131586551666,0.8904382586479187,0.24689875543117523
YDR137W,YKR043C,0,-1.3747698,0.2658340632915497,0.8904382586479187,0.24699880182743073
YBR242W,YLL002W,0,-1.3753055,0.2657550573348999,0.8904382586479187,0.24709883332252502
YLR418C,YGR063C,1,-1.3756346,0.2659732401371002,0.8914342522621155,0.24709883332252502
YGL022W,YBR242W,0,-1.3757509,0.26589423418045044,0.8914342522621155,0.24719887971878052
YGL019W,YOL067C,0,-1.3764664,0.26581525802612305,0.8914342522621155,0.247298926115036
YLR037C,YGL137W,0,-1.3773067,0.26573634147644043,0.8914342522621155,0.2473989576101303
YOL049W,YKL191W,0,-1.3775424,0.2656574547290802,0.8914342522621155,0.2474990040063858
YMR120C,YGL200C,0,-1.3785789,0.26557862758636475,0.8914342522621155,0.2475990355014801
YOR204W,YHR020W,0,-1.3785945,0.26549986004829407,0.8914342522621155,0.2476990818977356
YLR063W,YPR114W,0,-1.3786771,0.2654211223125458,0.8914342522621155,0.2477991133928299
YHR132C,YOR104W,0,-1.3788735,0.2653424143791199,0.8914342522621155,0.2478991597890854
YGR061C,YPL172C,0,-1.3790616,0.26526379585266113,0.8914342522621155,0.24799920618534088
YBL059W,YDR378C,0,-1.379162,0.2651851773262024,0.8914342522621155,0.24809923768043518
YNL135C,YML126C,0,-1.3793474,0.2651066482067108,0.8914342522621155,0.24819928407669067
YIL027C,YDR173C,0,-1.3793882,0.26502811908721924,0.8914342522621155,0.24829931557178497
YKL155C,YDR378C,0,-1.3799657,0.2649496793746948,0.8914342522621155,0.24839936196804047
YBR135W,YLR194C,0,-1.3801242,0.2648712694644928,0.8914342522621155,0.24849939346313477
YDR320C-A,YLR223C,0,-1.3802687,0.26479288935661316,0.8914342522621155,0.24859943985939026
YDR461W,YHR128W,0,-1.3819767,0.2647145688533783,0.8914342522621155,0.24869948625564575
YIL150C,YIL036W,0,-1.3820113,0.2646363079547882,0.8914342522621155,0.24879951775074005
YOR350C,YIL109C,0,-1.3823193,0.2645580768585205,0.8914342522621155,0.24889956414699554
YNL128W,YGL195W,0,-1.3823775,0.2644799053668976,0.8914342522621155,0.24899959564208984
YLR343W,YKR100C,0,-1.3824214,0.26440176367759705,0.8914342522621155,0.24909964203834534
YBL025W,YDR311W,1,-1.382726,0.26461902260780334,0.892430305480957,0.24909964203834534
YIL035C,YMR023C,0,-1.3832072,0.2645408809185028,0.892430305480957,0.24919967353343964
YOR298C-A,YPL060W,0,-1.3846049,0.26446279883384705,0.892430305480957,0.24929971992969513
YJL041W,YKL084W,0,-1.3849888,0.26438477635383606,0.892430305480957,0.24939976632595062
YOR368W,YJL207C,0,-1.3851908,0.26430678367614746,0.892430305480957,0.24949979782104492
YLR057W,YML052W,0,-1.3860861,0.26422885060310364,0.892430305480957,0.24959984421730042
YPL058C,YNL229C,0,-1.3862025,0.2641509473323822,0.892430305480957,0.24969987571239471
YHR170W,YLR312C-B,0,-1.3863949,0.26407310366630554,0.892430305480957,0.2497999221086502
YBR253W,YLR390W,0,-1.3875687,0.26399528980255127,0.892430305480957,0.2498999536037445
YDR311W,YGL244W,1,-1.3879768,0.26421207189559937,0.8934262990951538,0.2498999536037445
YPL063W,YLR386W,0,-1.3882271,0.2641342878341675,0.8934262990951538,0.25
YNL078W,YJL127C,0,-1.3887296,0.264056533575058,0.8934262990951538,0.2501000463962555
YGR076C,YGL158W,0,-1.3896365,0.2639788091182709,0.8934262990951538,0.250200092792511
YDR458C,YKL160W,0,-1.390368,0.26390114426612854,0.8934262990951538,0.2503001093864441
YMR096W,YPR182W,0,-1.3915116,0.263823539018631,0.8934262990951538,0.2504001557826996
YOR193W,YBL079W,0,-1.391901,0.2637459635734558,0.8934262990951538,0.2505002021789551
YML008C,YER177W,0,-1.392212,0.263668417930603,0.8934262990951538,0.25060024857521057
YGL112C,YNL250W,0,-1.3930061,0.2635909616947174,0.8934262990951538,0.25070029497146606
YGL013C,YBR057C,0,-1.3931817,0.2635135054588318,0.8934262990951538,0.25080031156539917
YPL083C,YGL166W,0,-1.393291,0.26343610882759094,0.8934262990951538,0.25090035796165466
YDR210W,YHR062C,0,-1.3934308,0.2633587718009949,0.8934262990951538,0.25100040435791016
YNR028W,YMR011W,0,-1.3935497,0.2632814645767212,0.8934262990951538,0.25110045075416565
YOR193W,YKR100C,0,-1.3942662,0.2632042169570923,0.8934262990951538,0.25120046734809875
YPL129W,YMR231W,0,-1.3944396,0.26312702894210815,0.8934262990951538,0.25130051374435425
YML112W,YHR205W,1,-1.3946573,0.26334309577941895,0.8944222927093506,0.25130051374435425
YOL020W,YDR047W,0,-1.3949245,0.2632659077644348,0.8944222927093506,0.25140056014060974
YAL024C,YER123W,0,-1.3960136,0.26318874955177307,0.8944222927093506,0.25150060653686523
YGR285C,YLR063W,0,-1.3960723,0.2631116211414337,0.8944222927093506,0.2516006529331207
YHL003C,YPL273W,0,-1.3962767,0.26303455233573914,0.8944222927093506,0.25170066952705383
YMR234W,YGL022W,0,-1.3973485,0.26295754313468933,0.8944222927093506,0.2518007159233093
YCR071C,YHL025W,0,-1.3973745,0.2628805637359619,0.8944222927093506,0.2519007623195648
YBL025W,YLR141W,1,-1.3980775,0.26309627294540405,0.8954183459281921,0.2519007623195648
YGR262C,YOL068C,0,-1.3983216,0.263019323348999,0.8954183459281921,0.2520008087158203
YOL092W,YGR211W,0,-1.3985902,0.262942373752594,0.8954183459281921,0.2521008551120758
YOR095C,YDR315C,0,-1.398667,0.26286548376083374,0.8954183459281921,0.2522008717060089
YML102W,YOL068C,0,-1.3992815,0.26278865337371826,0.8954183459281921,0.2523009181022644
YAR033W,YHL034C,0,-1.3995703,0.26271185278892517,0.8954183459281921,0.2524009644985199
YBR153W,YAL002W,0,-1.399644,0.26263511180877686,0.8954183459281921,0.2525010108947754
YPL106C,YML008C,0,-1.400045,0.2625584006309509,0.8954183459281921,0.2526010274887085
YBL076C,YLR403W,0,-1.400205,0.2624817490577698,0.8954183459281921,0.252701073884964
YFL002C,YGR062C,0,-1.4003874,0.262405127286911,0.8954183459281921,0.2528011202812195
YIL085C,YDL226C,0,-1.4009265,0.262328565120697,0.8954183459281921,0.252901166677475
YGL043W,YGR063C,1,-1.4015616,0.26254376769065857,0.8964143395423889,0.252901166677475
YPL074W,YKL139W,0,-1.4017922,0.2624672055244446,0.8964143395423889,0.25300121307373047
YCR024C-A,YGR152C,0,-1.4019531,0.262390673160553,0.8964143395423889,0.2531012296676636
YKL101W,YGL049C,0,-1.4026169,0.26231420040130615,0.8964143395423889,0.25320127606391907
YOR079C,YCR034W,0,-1.4030256,0.2622377574443817,0.8964143395423889,0.25330132246017456
YLR382C,YCL061C,0,-1.4031817,0.26216137409210205,0.8964143395423889,0.25340136885643005
YNL108C,YBR017C,0,-1.4033937,0.2620850205421448,0.8964143395423889,0.25350141525268555
YGR061C,YKL167C,0,-1.4035615,0.2620087265968323,0.8964143395423889,0.25360143184661865
YBL014C,YFL005W,0,-1.4037607,0.26193249225616455,0.8964143395423889,0.25370147824287415
YNR001C,YMR207C,0,-1.4038798,0.2618562579154968,0.8964143395423889,0.25380152463912964
YJL025W,YDL076C,1,-1.4039793,0.26207098364830017,0.8974103331565857,0.25380152463912964
YDL225W,YLL002W,0,-1.4041163,0.26199477910995483,0.8974103331565857,0.25390157103538513
YDR400W,YPL083C,0,-1.4041663,0.2619186043739319,0.8974103331565857,0.25400158762931824
YHR153C,YPL086C,0,-1.4051944,0.2618424892425537,0.8974103331565857,0.25410163402557373
YGL040C,YGR246C,0,-1.405908,0.2617664039134979,0.8974103331565857,0.2542016804218292
YEL032W,YDR545W,0,-1.4059792,0.2616903781890869,0.8974103331565857,0.2543017268180847
YPR016C,YPL046C,0,-1.4059926,0.2616144120693207,0.8974103331565857,0.2544017732143402
YOR307C,YBR276C,0,-1.4060103,0.26153847575187683,0.8974103331565857,0.2545017898082733
YOR301W,YKR037C,0,-1.4060457,0.26146256923675537,0.8974103331565857,0.2546018362045288
YLR130C,YHR166C,0,-1.4061974,0.2613867223262787,0.8974103331565857,0.2547018826007843
YBR130C,YGR191W,0,-1.4068099,0.2613109052181244,0.8974103331565857,0.2548019289970398
YLR386W,YJR073C,0,-1.4069234,0.26123514771461487,0.8974103331565857,0.2549019753932953
YHR053C,YDL239C,0,-1.4071069,0.26115942001342773,0.8974103331565857,0.2550019919872284
YOL102C,YBR029C,0,-1.4072007,0.2610837519168854,0.8974103331565857,0.2551020383834839
YGL192W,YDR097C,0,-1.4072948,0.2610081136226654,0.8974103331565857,0.2552020847797394
YLR056W,YNL166C,0,-1.4084028,0.2609325349330902,0.8974103331565857,0.2553021311759949
YOR386W,YAR033W,0,-1.4087213,0.2608569860458374,0.8974103331565857,0.255402147769928
YJL134W,YDR238C,0,-1.4095529,0.260781466960907,0.8974103331565857,0.25550219416618347
YCR024C-A,YFL047W,0,-1.4096316,0.26070600748062134,0.8974103331565857,0.25560224056243896
YNR001C,YOR181W,0,-1.4097041,0.26063060760498047,0.8974103331565857,0.25570228695869446
YDR253C,YHR083W,0,-1.4103855,0.260555237531662,0.8974103331565857,0.25580233335494995
YGR212W,YJL130C,0,-1.4105036,0.2604798972606659,0.8974103331565857,0.25590234994888306
YLR130C,YGR258C,0,-1.41057,0.2604046165943146,0.8974103331565857,0.25600239634513855
YGL008C,YOR115C,0,-1.4107944,0.26032939553260803,0.8974103331565857,0.25610244274139404
YDL179W,YDR406W,0,-1.411328,0.2602541744709015,0.8974103331565857,0.25620248913764954
YOL049W,YML056C,0,-1.4115292,0.2601790428161621,0.8974103331565857,0.25630253553390503
YCL025C,YOR350C,0,-1.4118971,0.2601039409637451,0.8974103331565857,0.25640255212783813
YNR009W,YMR207C,0,-1.4120656,0.2600288689136505,0.8974103331565857,0.25650259852409363
YLR343W,YPL140C,0,-1.4121915,0.2599538266658783,0.8974103331565857,0.2566026449203491
YJR086W,YFL026W,0,-1.4124447,0.25987884402275085,0.8974103331565857,0.2567026913166046
YML059C,YOR247W,0,-1.4125885,0.2598039209842682,0.8974103331565857,0.2568027079105377
YDR353W,YNL135C,0,-1.4141618,0.2597290277481079,0.8974103331565857,0.2569027543067932
YJL130C,YOR011W,0,-1.4145163,0.25965416431427,0.8974103331565857,0.2570028007030487
YDL127W,YKL006W,0,-1.414745,0.2595793604850769,0.8974103331565857,0.2571028470993042
YOL132W,YPL172C,0,-1.4147891,0.25950461626052856,0.8974103331565857,0.2572028934955597
YJL021C,YBL061C,0,-1.415429,0.2594299018383026,0.8974103331565857,0.2573029100894928
YJL167W,YLR167W,0,-1.4159461,0.25935521721839905,0.8974103331565857,0.2574029564857483
YER149C,YDL211C,0,-1.4160641,0.25928056240081787,0.8974103331565857,0.2575030028820038
YML058W,YJR138W,0,-1.4162291,0.25920599699020386,0.8974103331565857,0.2576030492782593
YMR176W,YBR017C,0,-1.4163529,0.25913143157958984,0.8974103331565857,0.25770309567451477
YPR017C,YJL063C,0,-1.4165024,0.2590569257736206,0.8974103331565857,0.2578031122684479
YOL004W,YDR138W,1,-1.4165365,0.2592698931694031,0.8984063863754272,0.2578031122684479
YDR138W,YOL004W,1,-1.4165365,0.2594827711582184,0.899402379989624,0.2578031122684479
YJL087C,YDR400W,0,-1.4167281,0.25940820574760437,0.899402379989624,0.25790315866470337
YML063W,YOR378W,0,-1.4172524,0.2593337297439575,0.899402379989624,0.25800320506095886
YOL145C,YFL048C,0,-1.4182211,0.25925925374031067,0.899402379989624,0.25810325145721436
YDR402C,YMR138W,0,-1.4182996,0.2591848373413086,0.899402379989624,0.25820326805114746
YHL003C,YGL107C,0,-1.4185287,0.2591104805469513,0.899402379989624,0.25830331444740295
YNL137C,YCL011C,0,-1.4186724,0.2590361535549164,0.899402379989624,0.25840336084365845
YOR298C-A,YCL064C,0,-1.4187363,0.25896185636520386,0.899402379989624,0.25850340723991394
YER091C,YOL119C,0,-1.4189404,0.2588876187801361,0.899402379989624,0.25860345363616943
YJR093C,YGL119W,0,-1.4197,0.25881341099739075,0.899402379989624,0.25870347023010254
YBR189W,YBR020W,0,-1.4198524,0.25873926281929016,0.899402379989624,0.25880351662635803
YJL087C,YNL243W,0,-1.4207228,0.25866514444351196,0.899402379989624,0.2589035630226135
YHR079C,YMR176W,0,-1.4208627,0.25859105587005615,0.899402379989624,0.259003609418869
YNL137C,YDR416W,0,-1.4209043,0.2585170269012451,0.899402379989624,0.2591036558151245
YGL022W,YLR166C,0,-1.4212936,0.25844305753707886,0.899402379989624,0.2592036724090576
YGR142W,YJL148W,0,-1.4213282,0.2583690881729126,0.899402379989624,0.2593037188053131
YDR141C,YOL071W,0,-1.4214642,0.2582952082157135,0.899402379989624,0.2594037652015686
YML063W,YEL013W,0,-1.421492,0.2582213282585144,0.899402379989624,0.2595038115978241
YER177W,YOL133W,0,-1.4216067,0.2581475079059601,0.899402379989624,0.2596038281917572
YMR180C,YER117W,0,-1.4230963,0.25807374715805054,0.899402379989624,0.2597038745880127
YPL093W,YGR060W,0,-1.423205,0.257999986410141,0.899402379989624,0.2598039209842682
YHR170W,YNL094W,0,-1.4239873,0.2579263150691986,0.899402379989624,0.2599039673805237
YML121W,YDR174W,1,-1.4253644,0.2581382095813751,0.9003984332084656,0.2599039673805237
YLR418C,YDR174W,1,-1.4256948,0.2583499848842621,0.9013944268226624,0.2599039673805237
YKL004W,YIL014W,0,-1.4259393,0.2582762539386749,0.9013944268226624,0.2600040137767792
YBR158W,YOL031C,0,-1.4259721,0.25820258259773254,0.9013944268226624,0.2601040303707123
YGL192W,YBL087C,0,-1.4261917,0.25812891125679016,0.9013944268226624,0.2602040767669678
YDR353W,YOR196C,0,-1.4266188,0.25805532932281494,0.9013944268226624,0.26030412316322327
YDR439W,YLR130C,0,-1.4269654,0.2579817473888397,0.9013944268226624,0.26040416955947876
YMR247C,YFR012W,0,-1.427074,0.2579082250595093,0.9013944268226624,0.26050421595573425
YIL084C,YNR028W,0,-1.4274335,0.2578347623348236,0.9013944268226624,0.26060423254966736
YMR179W,YOR179C,0,-1.4278678,0.2577613294124603,0.9013944268226624,0.26070427894592285
YGL019W,YNL097C,1,-1.4280775,0.2579726576805115,0.9023904204368591,0.26070427894592285
YOR202W,YHL001W,0,-1.4298444,0.2578992247581482,0.9023904204368591,0.26080432534217834
YDL076C,YOR123C,1,-1.4302329,0.2581104040145874,0.9033864736557007,0.26080432534217834
YEL065W,YJR045C,0,-1.4303825,0.2580369710922241,0.9033864736557007,0.26090437173843384
YIL104C,YJR127C,0,-1.4304756,0.2579635977745056,0.9033864736557007,0.26100438833236694
YDR041W,YGL049C,0,-1.4306542,0.2578902542591095,0.9033864736557007,0.26110443472862244
YKL166C,YDR182W,0,-1.4311486,0.25781694054603577,0.9033864736557007,0.26120448112487793
YIL104C,YDR259C,0,-1.4313349,0.2577436864376068,0.9033864736557007,0.2613045275211334
YKL034W,YGR053C,0,-1.4319038,0.25767046213150024,0.9033864736557007,0.2614045739173889
YER056C,YIL073C,0,-1.431933,0.25759726762771606,0.9033864736557007,0.261504590511322
YMR283C,YOR126C,0,-1.4319711,0.25752413272857666,0.9033864736557007,0.2616046369075775
YPR112C,YLR006C,0,-1.4322399,0.25745102763175964,0.9033864736557007,0.261704683303833
YBR195C,YDR451C,0,-1.4326627,0.2573779821395874,0.9033864736557007,0.2618047297000885
YOL016C,YJR073C,0,-1.4327394,0.25730496644973755,0.9033864736557007,0.261904776096344
YDR044W,YIL162W,0,-1.4328016,0.2572319805622101,0.9033864736557007,0.2620047926902771
YCR024C-A,YAL009W,0,-1.4330604,0.2571590542793274,0.9033864736557007,0.2621048390865326
YPL019C,YPR114W,0,-1.4331936,0.2570861577987671,0.9033864736557007,0.2622048854827881
YMR091C,YMR094W,0,-1.4332358,0.25701332092285156,0.9033864736557007,0.2623049318790436
YOR084W,YOR332W,0,-1.433717,0.2569405138492584,0.9033864736557007,0.2624049484729767
YDR003W,YDR224C,0,-1.4337595,0.25686773657798767,0.9033864736557007,0.2625049948692322
YOR127W,YLR353W,0,-1.4338292,0.2567950189113617,0.9033864736557007,0.26260504126548767
YPR100W,YGL119W,0,-1.4342474,0.2567223310470581,0.9033864736557007,0.26270508766174316
YGR006W,YFR007W,0,-1.4346329,0.2566497027873993,0.9033864736557007,0.26280513405799866
YOR076C,YGR060W,0,-1.4346828,0.2565770745277405,0.9033864736557007,0.26290515065193176
YIL035C,YNL079C,0,-1.434695,0.25650453567504883,0.9033864736557007,0.26300519704818726
YGR166W,YPL106C,0,-1.4347246,0.2564319968223572,0.9033864736557007,0.26310524344444275
YKR021W,YIL014W,0,-1.434735,0.2563595175743103,0.9033864736557007,0.26320528984069824
YKL204W,YOL016C,0,-1.4348661,0.2562870979309082,0.9033864736557007,0.26330533623695374
YBR130C,YKR013W,0,-1.4350702,0.2562146782875061,0.9033864736557007,0.26340535283088684
YBL047C,YBR111W-A,0,-1.4353064,0.2561423182487488,0.9033864736557007,0.26350539922714233
YEL015W,YOR034C,0,-1.435524,0.25607001781463623,0.9033864736557007,0.2636054456233978
YER056C,YMR216C,0,-1.4355975,0.25599774718284607,0.9033864736557007,0.2637054920196533
YHL004W,YNR016C,0,-1.4357251,0.2559255063533783,0.9033864736557007,0.2638055086135864
YHR185C,YLR103C,0,-1.4364268,0.2558533251285553,0.9033864736557007,0.2639055550098419
YNL068C,YGL075C,0,-1.4364494,0.2557811737060547,0.9033864736557007,0.2640056014060974
YNL099C,YER056C,0,-1.436709,0.25570905208587646,0.9033864736557007,0.2641056478023529
YJL130C,YKR013W,0,-1.4367416,0.255636990070343,0.9033864736557007,0.2642056941986084
YOR159C,YDL107W,0,-1.4367856,0.25556495785713196,0.9033864736557007,0.2643057107925415
YIL018W,YGL015C,0,-1.436889,0.2554929554462433,0.9033864736557007,0.264405757188797
YBL072C,YGR124W,0,-1.4369227,0.2554210126399994,0.9033864736557007,0.2645058035850525
YGL213C,YAL002W,0,-1.4378498,0.2553490996360779,0.9033864736557007,0.264605849981308
YOL092W,YJL179W,0,-1.4381429,0.25527721643447876,0.9033864736557007,0.2647058963775635
YFL033C,YKL158W,0,-1.438377,0.2552053928375244,0.9033864736557007,0.2648059129714966
YPL259C,YGR211W,0,-1.4386206,0.25513362884521484,0.9033864736557007,0.2649059593677521
YDL154W,YNR047W,0,-1.4388065,0.2550618648529053,0.9033864736557007,0.26500600576400757
YGR252W,YPL052W,0,-1.4390792,0.2549901604652405,0.9033864736557007,0.26510605216026306
YJR066W,YHR196W,1,-1.4392571,0.2551995515823364,0.9043824672698975,0.26510605216026306
YGL013C,YJL127C,0,-1.4395865,0.25512784719467163,0.9043824672698975,0.26520606875419617
YER133W,YNL078W,0,-1.4399437,0.2550561726093292,0.9043824672698975,0.26530611515045166
YGR077C,YLR304C,0,-1.4399859,0.2549845576286316,0.9043824672698975,0.26540616154670715
YLR016C,YGR049W,0,-1.4402992,0.25491297245025635,0.9043824672698975,0.26550620794296265
YPL061W,YGL222C,0,-1.4403456,0.2548414170742035,0.9043824672698975,0.26560625433921814
YDL005C,YER099C,0,-1.4405185,0.2547699213027954,0.9043824672698975,0.26570627093315125
YPL029W,YMR231W,0,-1.4410379,0.2546984553337097,0.9043824672698975,0.26580631732940674
YER155C,YKL109W,0,-1.4414676,0.2546270191669464,0.9043824672698975,0.26590636372566223
YGL200C,YJR124C,0,-1.4421158,0.2545556426048279,0.9043824672698975,0.2660064101219177
YHL034C,YJL052W,0,-1.4424236,0.25448429584503174,0.9043824672698975,0.2661064565181732
YGL019W,YDL076C,1,-1.4424399,0.2546931803226471,0.9053784608840942,0.2661064565181732
YKL130C,YNR028W,0,-1.4426888,0.25462186336517334,0.9053784608840942,0.2662064731121063
YML010W,YHR205W,1,-1.4427756,0.25483056902885437,0.9063745141029358,0.2662064731121063
YBR078W,YML127W,0,-1.44315,0.2547592520713806,0.9063745141029358,0.2663065195083618
YOR133W,YOR147W,0,-1.443442,0.25468793511390686,0.9063745141029358,0.2664065659046173
YBR195C,YLR393W,0,-1.4435416,0.2546166777610779,0.9063745141029358,0.2665066123008728
YOR018W,YIL018W,0,-1.4443804,0.2545454502105713,0.9063745141029358,0.2666066288948059
YDR201W,YKR006C,0,-1.444428,0.2544742822647095,0.9063745141029358,0.2667066752910614
YCR008W,YNR001C,0,-1.4445187,0.25440314412117004,0.9063745141029358,0.2668067216873169
YDL215C,YKR028W,0,-1.4456261,0.254332035779953,0.9063745141029358,0.2669067680835724
YML098W,YMR268W-A,0,-1.4458599,0.25426095724105835,0.9063745141029358,0.2670068144798279
YHR079C,YKL055C,0,-1.445948,0.25418993830680847,0.9063745141029358,0.267106831073761
YDR083W,YGR060W,0,-1.446255,0.254118949174881,0.9063745141029358,0.2672068774700165
YNL290W,YER123W,0,-1.4469134,0.25404801964759827,0.9063745141029358,0.267306923866272
YPL046C,YDL184C,0,-1.4469386,0.25397711992263794,0.9063745141029358,0.26740697026252747
YER008C,YKL158W,0,-1.4474609,0.25390625,0.9063745141029358,0.26750701665878296
YML072C,YML062C,0,-1.4478309,0.25383543968200684,0.9063745141029358,0.26760703325271606
YDR026C,YOR061W,1,-1.448028,0.25404348969459534,0.9073705077171326,0.26760703325271606
YOR198C,YCR073C,0,-1.448699,0.2539726793766022,0.9073705077171326,0.26770707964897156
YCR071C,YOL016C,0,-1.4488868,0.2539018988609314,0.9073705077171326,0.26780712604522705
YOR065W,YKL109W,0,-1.4490582,0.253831148147583,0.9073705077171326,0.26790717244148254
YMR235C,YGL228W,0,-1.4490639,0.2537604570388794,0.9073705077171326,0.26800718903541565
YNL245C,YBR253W,0,-1.449803,0.2536897659301758,0.9073705077171326,0.26810723543167114
YJR045C,YPL007C,0,-1.4499935,0.25361916422843933,0.9073705077171326,0.26820728182792664
YMR195W,YBR125C,0,-1.450441,0.2535485625267029,0.9073705077171326,0.26830732822418213
YER056C,YHR200W,0,-1.4515067,0.2534780204296112,0.9073705077171326,0.2684073746204376
YNL247W,YKR043C,0,-1.4517714,0.2534075081348419,0.9073705077171326,0.2685073912143707
YOR095C,YGR277C,0,-1.4520888,0.2533370554447174,0.9073705077171326,0.2686074376106262
YBL014C,YLR343W,0,-1.4521617,0.2532666027545929,0.9073705077171326,0.2687074840068817
YKL145W,YEL015W,0,-1.4525453,0.25319620966911316,0.9073705077171326,0.2688075304031372
YPL244C,YDR026C,0,-1.452862,0.2531258761882782,0.9073705077171326,0.2689075767993927
YOR337W,YCR066W,0,-1.45301,0.25305554270744324,0.9073705077171326,0.2690075933933258
YHL004W,YDR400W,0,-1.4539547,0.25298526883125305,0.9073705077171326,0.2691076397895813
YOR243C,YIR030C,0,-1.4543318,0.25291505455970764,0.9073705077171326,0.2692076861858368
YBR078W,YOL001W,0,-1.4544016,0.25284484028816223,0.9073705077171326,0.2693077325820923
YOR115C,YMR296C,0,-1.4547678,0.2527746856212616,0.9073705077171326,0.2694077491760254
YBL084C,YGR020C,0,-1.4547914,0.25270459055900574,0.9073705077171326,0.2695077955722809
YGR285C,YIL023C,0,-1.4547983,0.2526344954967499,0.9073705077171326,0.2696078419685364
YER155C,YBR066C,0,-1.4552675,0.2525644600391388,0.9073705077171326,0.26970788836479187
YOR301W,YMR234W,0,-1.4553264,0.2524944543838501,0.9073705077171326,0.26980793476104736
YFL055W,YBL089W,0,-1.4554791,0.2524245083332062,0.9073705077171326,0.26990795135498047
YGR006W,YDR312W,0,-1.4558257,0.25235456228256226,0.9073705077171326,0.27000799775123596
YDR353W,YMR011W,0,-1.4563547,0.2522846758365631,0.9073705077171326,0.27010804414749146
YHR136C,YLR353W,0,-1.4581093,0.25221484899520874,0.9073705077171326,0.27020809054374695
YPL046C,YMR059W,0,-1.4586533,0.25214502215385437,0.9073705077171326,0.27030813694000244
YKR053C,YIR041W,0,-1.4591764,0.2520752549171448,0.9073705077171326,0.27040815353393555
YDL127W,YDR458C,0,-1.4596392,0.25200554728507996,0.9073705077171326,0.27050819993019104
YIL110W,YDR461W,0,-1.4601148,0.25193583965301514,0.9073705077171326,0.27060824632644653
YDR476C,YIR015W,0,-1.4603091,0.2518661916255951,0.9073705077171326,0.270708292722702
YOR335C,YOR209C,0,-1.4603122,0.25179657340049744,0.9073705077171326,0.27080830931663513
YJR010C-A,YKR006C,0,-1.4624583,0.25172698497772217,0.9073705077171326,0.2709083557128906
YEL032W,YJL207C,0,-1.4624611,0.2516574561595917,0.9073705077171326,0.2710084021091461
YDR037W,YKL161C,0,-1.4628224,0.25158795714378357,0.9073705077171326,0.2711084485054016
YKL166C,YLR390W,0,-1.4630369,0.25151848793029785,0.9073705077171326,0.2712084949016571
YHR048W,YIR030C,0,-1.4635916,0.2514490783214569,0.9073705077171326,0.2713085114955902
YOR079C,YFL018W-A,0,-1.4639293,0.25137969851493835,0.9073705077171326,0.2714085578918457
YIL091C,YCR066W,0,-1.464454,0.2513103485107422,0.9073705077171326,0.2715086042881012
YOR335C,YER183C,0,-1.4644579,0.2512410283088684,0.9073705077171326,0.2716086506843567
YPR089W,YGL186C,0,-1.4644814,0.2511717677116394,0.9073705077171326,0.2717086970806122
YGR145W,YNR070W,0,-1.4651214,0.2511025369167328,0.9073705077171326,0.2718087136745453
YER162C,YOR095C,0,-1.4660448,0.25103333592414856,0.9073705077171326,0.2719087600708008
YGL153W,YNL139C,0,-1.466169,0.2509641945362091,0.9073705077171326,0.2720088064670563
YPL050C,YDL154W,0,-1.4668733,0.25089508295059204,0.9073705077171326,0.27210885286331177
YFL036W,YPL104W,0,-1.4669566,0.25082600116729736,0.9073705077171326,0.2722088694572449
YOR065W,YLL013C,0,-1.4669657,0.2507569491863251,0.9073705077171326,0.27230891585350037
YCL030C,YHL003C,0,-1.467123,0.25068795680999756,0.9073705077171326,0.27240896224975586
YMR092C,YKL182W,0,-1.4675902,0.25061899423599243,0.9073705077171326,0.27250900864601135
YML063W,YGL228W,0,-1.4679044,0.2505500614643097,0.9073705077171326,0.27260905504226685
YML062C,YJR133W,0,-1.4679762,0.25048115849494934,0.9073705077171326,0.27270907163619995
YDR322W,YER090W,0,-1.4687378,0.25041231513023376,0.9073705077171326,0.27280911803245544
YGL153W,YML059C,0,-1.4687409,0.2503435015678406,0.9073705077171326,0.27290916442871094
YPR082C,YPL085W,0,-1.4695023,0.2502747178077698,0.9073705077171326,0.27300921082496643
YDL052C,YBL005W-B,0,-1.4700807,0.25020599365234375,0.9073705077171326,0.2731092572212219
YAL011W,YBR111W-A,0,-1.4701034,0.2501372992992401,0.9073705077171326,0.27320927381515503
YDR026C,YGL019W,1,-1.4707662,0.25034311413764954,0.9083665609359741,0.27320927381515503
YGL019W,YBR049C,1,-1.4710232,0.2505488395690918,0.9093625545501709,0.27320927381515503
YER120W,YDR473C,0,-1.4718043,0.25048011541366577,0.9093625545501709,0.2733093202114105
YGL227W,YDR418W,0,-1.4721282,0.25041142106056213,0.9093625545501709,0.273409366607666
YCL032W,YKL137W,0,-1.47234,0.2503427565097809,0.9093625545501709,0.2735094130039215
YOR329C,YDL153C,0,-1.4735233,0.250274121761322,0.9093625545501709,0.2736094295978546
YLR229C,YDL241W,0,-1.4739553,0.25020554661750793,0.9093625545501709,0.2737094759941101
YLR167W,YJL078C,0,-1.4743533,0.25013697147369385,0.9093625545501709,0.2738095223903656
YGR252W,YDR266C,0,-1.4743977,0.2500684857368469,0.9093625545501709,0.2739095687866211
YGR105W,YGR062C,0,-1.474442,0.25,0.9093625545501709,0.2740096151828766
YPR112C,YKL047W,0,-1.4756123,0.24993155896663666,0.9093625545501709,0.2741096317768097
YBR253W,YPL174C,0,-1.476883,0.2498631626367569,0.9093625545501709,0.2742096781730652
YMR321C,YGL070C,0,-1.477167,0.24979479610919952,0.9093625545501709,0.2743097245693207
YDR400W,YGR263C,0,-1.4774336,0.24972647428512573,0.9093625545501709,0.27440977096557617
YIL150C,YBR111W-A,0,-1.477863,0.24965819716453552,0.9093625545501709,0.27450981736183167
YLR075W,YNR070W,0,-1.4782375,0.2495899349451065,0.9093625545501709,0.27460983395576477
YOR127W,YKL161C,0,-1.4784552,0.24952173233032227,0.9093625545501709,0.27470988035202026
YKR069W,YGR241C,0,-1.4790812,0.24945354461669922,0.9093625545501709,0.27480992674827576
YMR283C,YMR208W,0,-1.4791715,0.24938541650772095,0.9093625545501709,0.27490997314453125
YNR028W,YLR200W,0,-1.4797431,0.24931731820106506,0.9093625545501709,0.27500998973846436
YBL047C,YOL010W,0,-1.4803303,0.24924924969673157,0.9093625545501709,0.27511003613471985
YEL015W,YLR148W,0,-1.4804221,0.24918122589588165,0.9093625545501709,0.27521008253097534
YGR063C,YNL139C,1,-1.4807998,0.24938608705997467,0.9103585481643677,0.27521008253097534
YHR136C,YOR081C,0,-1.4811662,0.24931806325912476,0.9103585481643677,0.27531012892723083
YCR036W,YCR024C-A,0,-1.4812357,0.24925006926059723,0.9103585481643677,0.27541017532348633
YLR246W,YGR024C,0,-1.4813877,0.24918211996555328,0.9103585481643677,0.27551019191741943
YGR108W,YOR279C,0,-1.4816314,0.24911420047283173,0.9103585481643677,0.2756102383136749
YLL022C,YOL027C,0,-1.481634,0.24904632568359375,0.9103585481643677,0.2757102847099304
YNL247W,YDL014W,0,-1.481914,0.24897848069667816,0.9103585481643677,0.2758103311061859
YHR011W,YMR114C,0,-1.4832793,0.24891068041324615,0.9103585481643677,0.2759103775024414
YBL054W,YBR105C,0,-1.4834751,0.24884290993213654,0.9103585481643677,0.2760103940963745
YML062C,YNL192W,0,-1.483648,0.2487751841545105,0.9103585481643677,0.27611044049263
YJL078C,YLR182W,0,-1.4840988,0.24870748817920685,0.9103585481643677,0.2762104868888855
YDR246W,YDL246C,0,-1.4844197,0.24863982200622559,0.9103585481643677,0.276310533285141
YIL162W,YKL006W,0,-1.4847258,0.2485722005367279,0.9103585481643677,0.2764105498790741
YML094W,YDR320C-A,0,-1.4854027,0.2485046237707138,0.9103585481643677,0.2765105962753296
YML116W,YPL070W,0,-1.4854544,0.2484370768070221,0.9103585481643677,0.2766106426715851
YGL008C,YPL074W,0,-1.4854969,0.24836955964565277,0.9103585481643677,0.2767106890678406
YDR540C,YNL333W,0,-1.485831,0.24830208718776703,0.9103585481643677,0.27681073546409607
YER063W,YDL007W,0,-1.486044,0.24823465943336487,0.9103585481643677,0.2769107520580292
YBR264C,YDR130C,0,-1.4863825,0.2481672614812851,0.9103585481643677,0.27701079845428467
YFR051C,YHL006C,0,-1.4864429,0.2480998933315277,0.9103585481643677,0.27711084485054016
YOR095C,YGL040C,0,-1.486718,0.2480325698852539,0.9103585481643677,0.27721089124679565
YOR179C,YNL078W,0,-1.4867707,0.2479652762413025,0.9103585481643677,0.27731093764305115
YNL146W,YJL146W,0,-1.4872295,0.24789802730083466,0.9103585481643677,0.27741095423698425
YOR065W,YAL002W,0,-1.4880184,0.2478308081626892,0.9103585481643677,0.27751100063323975
YOR188W,YAL039C,0,-1.4898504,0.24776361882686615,0.9103585481643677,0.27761104702949524
YDR002W,YDR315C,0,-1.4901083,0.24769647419452667,0.9103585481643677,0.27771109342575073
YOL005C,YHL009C,0,-1.490142,0.24762937426567078,0.9103585481643677,0.27781111001968384
YBR162W-A,YPL244C,0,-1.490224,0.24756230413913727,0.9103585481643677,0.27791115641593933
YML116W,YCL066W,0,-1.4902548,0.24749526381492615,0.9103585481643677,0.2780112028121948
YJL122W,YGR131W,0,-1.4919422,0.2474282681941986,0.9103585481643677,0.2781112492084503
YLR056W,YJR045C,0,-1.4921547,0.24736130237579346,0.9103585481643677,0.2782112956047058
YGR247W,YGR145W,0,-1.4929283,0.2472943663597107,0.9103585481643677,0.2783113121986389
YGR224W,YDR267C,0,-1.4933559,0.2472274750471115,0.9103585481643677,0.2784113585948944
YBR257W,YGL167C,0,-1.4934965,0.2471606284379959,0.9103585481643677,0.2785114049911499
YDL008W,YDR473C,0,-1.4944841,0.2470938116312027,0.9103585481643677,0.2786114513874054
YML008C,YFL050C,0,-1.495969,0.24702702462673187,0.9103585481643677,0.2787114977836609
YML063W,YIR005W,0,-1.4965314,0.24696028232574463,0.9103585481643677,0.278811514377594
YNL125C,YJR026W,0,-1.4965364,0.24689356982707977,0.9103585481643677,0.2789115607738495
YCL061C,YCL063W,0,-1.4971386,0.2468269020318985,0.9103585481643677,0.279011607170105
YBR254C,YLR403W,0,-1.4974945,0.2467602640390396,0.9103585481643677,0.2791116535663605
YMR075W,YOL018C,0,-1.497552,0.2466936558485031,0.9103585481643677,0.2792116701602936
YMR216C,YOR279C,0,-1.4975523,0.2466270923614502,0.9103585481643677,0.2793117165565491
YNL230C,YOR209C,0,-1.4983596,0.24656055867671967,0.9103585481643677,0.27941176295280457
YIL070C,YLR148W,0,-1.4987451,0.24649406969547272,0.9103585481643677,0.27951180934906006
YGL110C,YFL026W,0,-1.4989921,0.24642761051654816,0.9103585481643677,0.27961185574531555
YJR066W,YBR022W,0,-1.4992982,0.24636118113994598,0.9103585481643677,0.27971187233924866
YJL117W,YDL107W,0,-1.4997852,0.2462947964668274,0.9103585481643677,0.27981191873550415
YNL128W,YDR141C,0,-1.5000818,0.2462284415960312,0.9103585481643677,0.27991196513175964
YER082C,YGR247W,0,-1.5004991,0.24616213142871857,0.9103585481643677,0.28001201152801514
YGR262C,YDR237W,0,-1.5005049,0.24609585106372833,0.9103585481643677,0.28011205792427063
YBL017C,YDR075W,0,-1.5006634,0.24602961540222168,0.9103585481643677,0.28021207451820374
YMR213W,YPR008W,0,-1.5007432,0.24596339464187622,0.9103585481643677,0.28031212091445923
YIL042C,YHR053C,0,-1.5008601,0.24589723348617554,0.9103585481643677,0.2804121673107147
YJL025W,YJL100W,0,-1.5009061,0.24583108723163605,0.9103585481643677,0.2805122137069702
YOR133W,YBL002W,0,-1.5011181,0.24576498568058014,0.9103585481643677,0.2806122303009033
YBR049C,YDR174W,1,-1.5014337,0.24596774578094482,0.9113546013832092,0.2806122303009033
YLR360W,YOL066C,0,-1.502215,0.24590164422988892,0.9113546013832092,0.2807122766971588
YJL167W,YLR395C,0,-1.502369,0.2458355724811554,0.9113546013832092,0.2808123230934143
YNL139C,YFR028C,1,-1.5024607,0.24603813886642456,0.912350594997406,0.2808123230934143
YKR095W-A,YDR253C,0,-1.5025659,0.24597206711769104,0.912350594997406,0.2809123694896698
YLR386W,YHR011W,0,-1.5027057,0.2459060400724411,0.912350594997406,0.2810124158859253
YIL011W,YDL055C,0,-1.5031719,0.24584004282951355,0.912350594997406,0.2811124324798584
YFR018C,YBR301W,0,-1.5035099,0.2457740753889084,0.912350594997406,0.2812124788761139
YGR062C,YGR076C,0,-1.5035291,0.2457081526517868,0.912350594997406,0.2813125252723694
YGL013C,YDR312W,0,-1.5037984,0.2456422597169876,0.912350594997406,0.2814125716686249
YJR066W,YMR270C,1,-1.5045712,0.2458444982767105,0.9133465886116028,0.2814125716686249
YOR039W,YLR141W,1,-1.5047292,0.24604663252830505,0.9143426418304443,0.2814125716686249
YHL032C,YFL056C,0,-1.5052787,0.24598070979118347,0.9143426418304443,0.28151261806488037
YOR115C,YIR041W,0,-1.5058061,0.24591481685638428,0.9143426418304443,0.2816126346588135
YOL132W,YGL129C,0,-1.5060608,0.24584895372390747,0.9143426418304443,0.28171268105506897
YIL167W,YBR153W,0,-1.5063629,0.24578313529491425,0.9143426418304443,0.28181272745132446
YPR029C,YHR216W,0,-1.5064994,0.2457173466682434,0.9143426418304443,0.28191277384757996
YDL052C,YLL013C,0,-1.5075644,0.24565158784389496,0.9143426418304443,0.28201279044151306
YMR173W,YJL052W,0,-1.507594,0.2455858737230301,0.9143426418304443,0.28211283683776855
YML059C,YJR127C,0,-1.5076306,0.2455201894044876,0.9143426418304443,0.28221288323402405
YBR253W,YBR111W-A,0,-1.5077654,0.2454545497894287,0.9143426418304443,0.28231292963027954
YGR191W,YGR262C,0,-1.5078729,0.2453889399766922,0.9143426418304443,0.28241297602653503
YKR060W,YGL163C,0,-1.5079671,0.24532335996627808,0.9143426418304443,0.28251299262046814
YLR421C,YOR127W,0,-1.5081724,0.24525780975818634,0.9143426418304443,0.28261303901672363
YBR276C,YFL018W-A,0,-1.5084726,0.24519230425357819,0.9143426418304443,0.2827130854129791
YPL019C,YLR299W,0,-1.5087086,0.24512682855129242,0.9143426418304443,0.2828131318092346
YLR035C,YIL036W,0,-1.5087813,0.24506139755249023,0.9143426418304443,0.2829131782054901
YLR055C,YOR174W,0,-1.5088991,0.24499599635601044,0.9143426418304443,0.2830131947994232
YPL111W,YDR060W,0,-1.5103418,0.24493062496185303,0.9143426418304443,0.2831132411956787
YKL213C,YGR145W,0,-1.5110407,0.2448652982711792,0.9143426418304443,0.2832132875919342
YOR298C-A,YKL139W,0,-1.5120262,0.24480000138282776,0.9143426418304443,0.2833133339881897
YML072C,YPR128C,0,-1.5122206,0.2447347342967987,0.9143426418304443,0.2834133505821228
YBR242W,YGL186C,0,-1.5123411,0.24466951191425323,0.9143426418304443,0.2835133969783783
YJL142C,YJL052W,0,-1.5124463,0.24460431933403015,0.9143426418304443,0.2836134433746338
YLR167W,YML027W,0,-1.5127176,0.24453915655612946,0.9143426418304443,0.2837134897708893
YML008C,YDR458C,0,-1.5134636,0.24447403848171234,0.9143426418304443,0.2838135361671448
YPL147W,YGL169W,0,-1.5135018,0.24440895020961761,0.9143426418304443,0.2839135527610779
YHR079C,YJR133W,0,-1.5136143,0.24434389173984528,0.9143426418304443,0.2840135991573334
YML121W,YCR093W,0,-1.5139383,0.24427887797355652,0.9143426418304443,0.28411364555358887
YBL033C,YNL132W,0,-1.5140808,0.24421389400959015,0.9143426418304443,0.28421369194984436
YJL121C,YHL030W,0,-1.5141002,0.24414893984794617,0.9143426418304443,0.28431373834609985
YDL161W,YDR179W-A,0,-1.5141016,0.24408401548862457,0.9143426418304443,0.28441375494003296
YDR214W,YMR231W,0,-1.5147315,0.24401913583278656,0.9143426418304443,0.28451380133628845
YDR308C,YGL186C,0,-1.5147833,0.24395428597927094,0.9143426418304443,0.28461384773254395
YKL101W,YGL129C,0,-1.5149449,0.2438894808292389,0.9143426418304443,0.28471389412879944
YLL031C,YOR233W,0,-1.5150623,0.24382470548152924,0.9143426418304443,0.28481391072273254
YDL204W,YBR299W,0,-1.5151578,0.24375995993614197,0.9143426418304443,0.28491395711898804
YGR062C,YGR124W,0,-1.5154184,0.2436952441930771,0.9143426418304443,0.28501400351524353
YGR212W,YDR311W,0,-1.5155236,0.2436305731534958,0.9143426418304443,0.285114049911499
YDR385W,YNR039C,0,-1.5155756,0.24356593191623688,0.9143426418304443,0.2852140963077545
YJR093C,YPR121W,0,-1.5162555,0.24350132048130035,0.9143426418304443,0.2853141129016876
YBR130C,YPR139C,0,-1.5170115,0.2434367537498474,0.9143426418304443,0.2854141592979431
YDR267C,YKL182W,0,-1.5171255,0.24337221682071686,0.9143426418304443,0.2855142056941986
YGR002C,YNL108C,0,-1.5175016,0.2433077096939087,0.9143426418304443,0.2856142520904541
YOR047C,YER090W,0,-1.5175133,0.2432432472705841,0.9143426418304443,0.2857142984867096
YOR301W,YDL197C,0,-1.5177108,0.2431788146495819,0.9143426418304443,0.2858143150806427
YGL200C,YOR115C,0,-1.5185088,0.2431144118309021,0.9143426418304443,0.2859143614768982
YNL297C,YGR200C,0,-1.5185373,0.24305003881454468,0.9143426418304443,0.2860144078731537
YER095W,YHR189W,0,-1.5185984,0.24298571050167084,0.9143426418304443,0.2861144542694092
YOR292C,YKL150W,0,-1.5189636,0.24292141199111938,0.9143426418304443,0.2862145006656647
YMR120C,YDR140W,0,-1.5189637,0.24285714328289032,0.9143426418304443,0.2863145172595978
YLR026C,YJR133W,0,-1.519845,0.24279291927814484,0.9143426418304443,0.28641456365585327
YDR268W,YER183C,0,-1.5200266,0.24272871017456055,0.9143426418304443,0.28651461005210876
YLR332W,YGR040W,0,-1.520058,0.24266454577445984,0.9143426418304443,0.28661465644836426
YMR203W,YIL011W,0,-1.5203501,0.2426004260778427,0.9143426418304443,0.28671467304229736
YLR313C,YOR332W,0,-1.5205559,0.24253632128238678,0.9143426418304443,0.28681471943855286
YLR329W,YDR482C,0,-1.5211498,0.24247226119041443,0.9143426418304443,0.28691476583480835
YMR203W,YPL174C,0,-1.5214646,0.24240824580192566,0.9143426418304443,0.28701481223106384
YDR044W,YLR439W,0,-1.5214795,0.24234424531459808,0.9143426418304443,0.28711485862731934
YGR212W,YNL250W,0,-1.5217336,0.2422802895307541,0.9143426418304443,0.28721487522125244
YIR036C,YKR095W-A,0,-1.5218496,0.24221636354923248,0.9143426418304443,0.28731492161750793
YNL172W,YKL161C,0,-1.5218662,0.24215246737003326,0.9143426418304443,0.2874149680137634
YKL182W,YDL060W,0,-1.5219816,0.24208860099315643,0.9143426418304443,0.2875150144100189
YER090W,YKR022C,0,-1.5223528,0.24202477931976318,0.9143426418304443,0.2876150608062744
YJL099W,YGL119W,0,-1.5224732,0.24196098744869232,0.9143426418304443,0.2877150774002075
YIR005W,YHR207C,0,-1.522543,0.24189724028110504,0.9143426418304443,0.287815123796463
YJR101W,YBR057C,0,-1.5225607,0.24183350801467896,0.9143426418304443,0.2879151701927185
YDR019C,YGL215W,0,-1.5226227,0.24176982045173645,0.9143426418304443,0.288015216588974
YML063W,YGR247W,0,-1.522806,0.24170616269111633,0.9143426418304443,0.2881152331829071
YJR066W,YKL125W,1,-1.5232577,0.24190576374530792,0.9153386354446411,0.2881152331829071
YOL005C,YDR311W,0,-1.5232779,0.2418421059846878,0.9153386354446411,0.2882152795791626
YIL073C,YPR128C,0,-1.5233415,0.24177847802639008,0.9153386354446411,0.2883153259754181
YOR254C,YDR461W,0,-1.5238249,0.24171487987041473,0.9153386354446411,0.2884153723716736
YGR010W,YEL021W,0,-1.5241622,0.24165132641792297,0.9153386354446411,0.2885154187679291
YIL110W,YLR329W,0,-1.5244656,0.2415878027677536,0.9153386354446411,0.2886154353618622
YDL008W,YPL174C,0,-1.5245022,0.24152430891990662,0.9153386354446411,0.2887154817581177
YIR037W,YGL158W,0,-1.5251547,0.24146084487438202,0.9153386354446411,0.28881552815437317
YIR015W,YIL157C,0,-1.5252228,0.241397425532341,0.9153386354446411,0.28891557455062866
YDL211C,YJL179W,0,-1.5252312,0.24133403599262238,0.9153386354446411,0.28901562094688416
YHR134W,YMR296C,0,-1.5255951,0.24127067625522614,0.9153386354446411,0.28911563754081726
YBR135W,YJL099W,0,-1.5257581,0.24120734632015228,0.9153386354446411,0.28921568393707275
YMR068W,YOR206W,0,-1.525761,0.241144061088562,0.9153386354446411,0.28931573033332825
YOR128C,YNL152W,0,-1.5261921,0.24108079075813293,0.9153386354446411,0.28941577672958374
YIL168W,YJR068W,0,-1.526265,0.24101756513118744,0.9153386354446411,0.28951579332351685
YLR056W,YFR012W,0,-1.526606,0.24095438420772552,0.9153386354446411,0.28961583971977234
YLR260W,YHR205W,0,-1.5267276,0.2408912181854248,0.9153386354446411,0.28971588611602783
YCR029C-A,YCR098C,0,-1.5268072,0.24082809686660767,0.9153386354446411,0.2898159325122833
YER151C,YPL052W,0,-1.5268927,0.24076500535011292,0.9153386354446411,0.2899159789085388
YBR301W,YGL158W,0,-1.5277303,0.24070194363594055,0.9153386354446411,0.2900159955024719
YDR026C,YMR233W,1,-1.5278633,0.24090075492858887,0.9163346886634827,0.2900159955024719
YBR195C,YLL031C,0,-1.528098,0.2408376932144165,0.9163346886634827,0.2901160418987274
YNL097C,YDR311W,1,-1.5286304,0.24103638529777527,0.9173306822776794,0.2901160418987274
YKL006C-A,YPL276W,0,-1.5290685,0.2409733086824417,0.9173306822776794,0.2902160882949829
YGL028C,YKR022C,0,-1.5292714,0.24091027677059174,0.9173306822776794,0.2903161346912384
YNL078W,YFL047W,0,-1.5295025,0.24084727466106415,0.9173306822776794,0.2904161810874939
YKR050W,YGL195W,0,-1.5295143,0.24078431725502014,0.9173306822776794,0.290516197681427
YBL072C,YBL002W,0,-1.5298355,0.24072137475013733,0.9173306822776794,0.2906162440776825
YML008C,YLR182W,0,-1.5298971,0.2406584769487381,0.9173306822776794,0.290716290473938
YKR021W,YBL014C,0,-1.5313877,0.24059560894966125,0.9173306822776794,0.2908163368701935
YPL093W,YOR002W,0,-1.5320569,0.2405327707529068,0.9173306822776794,0.2909163534641266
YHR085W,YLL067C,0,-1.5321401,0.24046997725963593,0.9173306822776794,0.2910163998603821
YNL152W,YKR016W,0,-1.5322193,0.24040719866752625,0.9173306822776794,0.2911164462566376
YDR170C,YDL226C,0,-1.5322341,0.24034446477890015,0.9173306822776794,0.29121649265289307
YML008C,YJR124C,0,-1.5323074,0.24028176069259644,0.9173306822776794,0.29131653904914856
YLR278C,YDR026C,0,-1.5330001,0.2402190864086151,0.9173306822776794,0.29141655564308167
YNL139C,YGR060W,0,-1.5331674,0.24015645682811737,0.9173306822776794,0.29151660203933716
YMR268W-A,YPL052W,0,-1.5332882,0.24009384214878082,0.9173306822776794,0.29161664843559265
YDR138W,YDR311W,1,-1.53342,0.24029189348220825,0.9183266758918762,0.29161664843559265
YOR202W,YER008C,0,-1.5335513,0.2402292788028717,0.9183266758918762,0.29171669483184814
YOR198C,YGR258C,0,-1.5337045,0.24016670882701874,0.9183266758918762,0.29181674122810364
YOR016C,YLR304C,0,-1.5342007,0.24010416865348816,0.9183266758918762,0.29191675782203674
YDL161W,YMR059W,0,-1.5342307,0.24004165828227997,0.9183266758918762,0.29201680421829224
YML098W,YDR079W,0,-1.534616,0.23997917771339417,0.9183266758918762,0.29211685061454773
YJL092W,YGL247W,0,-1.5355932,0.23991672694683075,0.9183266758918762,0.2922168970108032
YPR106W,YOR369C,0,-1.5356668,0.23985432088375092,0.9183266758918762,0.29231691360473633
YDL008W,YFL050C,0,-1.5361177,0.23979194462299347,0.9183266758918762,0.2924169600009918
YDR545W,YJR026W,0,-1.5372922,0.23972958326339722,0.9183266758918762,0.2925170063972473
YJL121C,YGL107C,0,-1.537759,0.23966726660728455,0.9183266758918762,0.2926170527935028
YKL150W,YNR016C,0,-1.5378957,0.23960499465465546,0.9183266758918762,0.2927170991897583
YJL092W,YJL057C,0,-1.538181,0.23954273760318756,0.9183266758918762,0.2928171157836914
YNL026W,YAR033W,0,-1.5389348,0.23948052525520325,0.9183266758918762,0.2929171621799469
YMR159C,YER155C,0,-1.5389682,0.23941832780838013,0.9183266758918762,0.2930172085762024
YKL055C,YHR083W,0,-1.5390257,0.2393561750650406,0.9183266758918762,0.2931172549724579
YBL014C,YHR012W,0,-1.539054,0.23929405212402344,0.9183266758918762,0.2932173013687134
YER091C,YGL186C,0,-1.5404218,0.23923197388648987,0.9183266758918762,0.2933173179626465
YMR235C,YOR339C,0,-1.5405155,0.2391699105501175,0.9183266758918762,0.293417364358902
YDR044W,YPR159W,0,-1.5412624,0.2391078770160675,0.9183266758918762,0.29351741075515747
YPL106C,YDR315C,0,-1.5414041,0.2390458881855011,0.9183266758918762,0.29361745715141296
YNL243W,YDR312W,0,-1.5422115,0.23898392915725708,0.9183266758918762,0.29371747374534607
YFR028C,YDR253C,0,-1.5426301,0.23892199993133545,0.9183266758918762,0.29381752014160156
YMR273C,YBL061C,0,-1.5426444,0.2388601005077362,0.9183266758918762,0.29391756653785706
YIL048W,YCR098C,0,-1.5429295,0.23879824578762054,0.9183266758918762,0.29401761293411255
YNL243W,YLR287C-A,0,-1.5432017,0.23873640596866608,0.9183266758918762,0.29411765933036804
YDR137W,YMR296C,0,-1.5433866,0.2386746108531952,0.9183266758918762,0.29421767592430115
YGL040C,YML102W,0,-1.5434624,0.2386128306388855,0.9183266758918762,0.29431772232055664
YNL177C,YPL050C,0,-1.5435672,0.2385510951280594,0.9183266758918762,0.29441776871681213
YGL022W,YOL004W,0,-1.544228,0.23848938941955566,0.9183266758918762,0.2945178151130676
YPL063W,YER160C,0,-1.544336,0.23842772841453552,0.9183266758918762,0.2946178615093231
YJL200C,YCR098C,0,-1.5443383,0.23836608231067657,0.9183266758918762,0.2947178781032562
YGR262C,YDR266C,0,-1.5445656,0.23830446600914001,0.9183266758918762,0.2948179244995117
YER107C,YDR080W,0,-1.5446519,0.23824289441108704,0.9183266758918762,0.2949179708957672
YMR028W,YOL004W,1,-1.5448022,0.238439679145813,0.9193227291107178,0.2949179708957672
YOL132W,YKR068C,0,-1.5450577,0.23837809264659882,0.9193227291107178,0.2950180172920227
YOR393W,YNR032W,0,-1.5452774,0.23831655085086823,0.9193227291107178,0.2951180338859558
YBL015W,YKL042W,0,-1.5456386,0.23825503885746002,0.9193227291107178,0.2952180802822113
YEL013W,YLR129W,0,-1.5456632,0.238193541765213,0.9193227291107178,0.2953181266784668
YDR311W,YFL020C,0,-1.5456635,0.23813208937644958,0.9193227291107178,0.2954181730747223
YMR075W,YOR329C,0,-1.5458945,0.23807066679000854,0.9193227291107178,0.2955182194709778
YKL218C,YLL040C,0,-1.5462493,0.2380092889070511,0.9193227291107178,0.2956182360649109
YOL096C,YMR059W,0,-1.5466751,0.23794792592525482,0.9193227291107178,0.2957182824611664
YOL132W,YJR016C,0,-1.5473329,0.23788659274578094,0.9193227291107178,0.2958183288574219
YPL058C,YDR166C,0,-1.5474033,0.23782530426979065,0.9193227291107178,0.29591837525367737
YLR307W,YOR310C,0,-1.5475723,0.23776404559612274,0.9193227291107178,0.29601842164993286
YDR499W,YHR184W,0,-1.5477744,0.23770280182361603,0.9193227291107178,0.29611843824386597
YGL031C,YFL026W,0,-1.5477835,0.2376416027545929,0.9193227291107178,0.29621848464012146
YDR210W,YCL019W,0,-1.5481123,0.23758043348789215,0.9193227291107178,0.29631853103637695
YMR208W,YPL122C,0,-1.5490075,0.2375192940235138,0.9193227291107178,0.29641857743263245
YKL161C,YDL215C,0,-1.5491517,0.23745819926261902,0.9193227291107178,0.29651859402656555
YDR217C,YJR152W,0,-1.5491554,0.23739711940288544,0.9193227291107178,0.29661864042282104
YER120W,YKR095W-A,0,-1.5491931,0.23733606934547424,0.9193227291107178,0.29671868681907654
YDR434W,YMR167W,0,-1.5493398,0.23727506399154663,0.9193227291107178,0.29681873321533203
YCR071C,YML017W,0,-1.5494769,0.2372140884399414,0.9193227291107178,0.2969187796115875
YKL167C,YDL033C,0,-1.5498266,0.23715312778949738,0.9193227291107178,0.29701879620552063
YFR050C,YBR291C,0,-1.5500191,0.23709221184253693,0.9193227291107178,0.2971188426017761
YER183C,YDL211C,0,-1.5505255,0.23703132569789886,0.9193227291107178,0.2972188889980316
YCR008W,YKR037C,0,-1.5505903,0.2369704693555832,0.9193227291107178,0.2973189353942871
YNL330C,YGL244W,1,-1.5508074,0.23716633021831512,0.9203187227249146,0.2973189353942871
YGR221C,YHR040W,0,-1.5510323,0.23710545897483826,0.9203187227249146,0.2974189817905426
YML008C,YHR027C,0,-1.5511959,0.23704463243484497,0.9203187227249146,0.2975189983844757
YHR205W,YDL224C,0,-1.5512284,0.23698383569717407,0.9203187227249146,0.2976190447807312
YEL065W,YER090W,0,-1.5519334,0.23692308366298676,0.9203187227249146,0.2977190911769867
YJR066W,YML043C,1,-1.5526923,0.2371186912059784,0.9213147163391113,0.2977190911769867
YPL172C,YOR219C,0,-1.5528158,0.23705792427062988,0.9213147163391113,0.2978191375732422
YKL035W,YDL055C,0,-1.5529354,0.23699718713760376,0.9213147163391113,0.2979191541671753
YJR066W,YKL166C,0,-1.5531452,0.23693647980690002,0.9213147163391113,0.2980192005634308
YJL167W,YLR292C,0,-1.5532988,0.23687580227851868,0.9213147163391113,0.2981192469596863
YGR136W,YFL005W,0,-1.5533682,0.23681515455245972,0.9213147163391113,0.2982192933559418
YKL114C,YGR049W,0,-1.5536914,0.23675453662872314,0.9213147163391113,0.29831933975219727
YGR272C,YJR016C,0,-1.5544652,0.23669396340847015,0.9213147163391113,0.29841935634613037
YOR192C,YBR274W,0,-1.5545408,0.23663340508937836,0.9213147163391113,0.29851940274238586
YGL112C,YGR171C,0,-1.5547124,0.23657289147377014,0.9213147163391113,0.29861944913864136
YOR337W,YGL166W,0,-1.5547849,0.23651240766048431,0.9213147163391113,0.29871949553489685
YKR060W,YJL113W,0,-1.555026,0.23645193874835968,0.9213147163391113,0.29881954193115234
YER126C,YCR041W,0,-1.5554043,0.23639151453971863,0.9213147163391113,0.29891955852508545
YKR079C,YPR182W,0,-1.555664,0.23633112013339996,0.9213147163391113,0.29901960492134094
YOR193W,YOL133W,0,-1.5557288,0.2362707555294037,0.9213147163391113,0.29911965131759644
YGR257C,YLR026C,0,-1.5557498,0.2362104207277298,0.9213147163391113,0.29921969771385193
YNL097C,YOR295W,1,-1.5559411,0.2364054173231125,0.9223107695579529,0.29921969771385193
YKR013W,YGL032C,0,-1.5564458,0.2363450676202774,0.9223107695579529,0.29931971430778503
YPR141C,YBR057C,0,-1.5575806,0.2362847626209259,0.9223107695579529,0.2994197607040405
YNR009W,YDR372C,0,-1.5580238,0.2362244874238968,0.9223107695579529,0.299519807100296
YJR143C,YLR457C,0,-1.5580994,0.23616424202919006,0.9223107695579529,0.2996198534965515
YKR021W,YJL117W,0,-1.5581461,0.23610402643680573,0.9223107695579529,0.299719899892807
YBR067C,YGL092W,0,-1.5589108,0.23604384064674377,0.9223107695579529,0.2998199164867401
YPL169C,YNL250W,0,-1.5589801,0.2359836846590042,0.9223107695579529,0.2999199628829956
YBL004W,YOR180C,0,-1.5591248,0.23592357337474823,0.9223107695579529,0.3000200092792511
YDR138W,YOL067C,0,-1.5592877,0.23586347699165344,0.9223107695579529,0.3001200556755066
YPL061W,YER170W,0,-1.5596764,0.23580341041088104,0.9223107695579529,0.3002201020717621
YGR241C,YCR073C,0,-1.5600151,0.23574337363243103,0.9223107695579529,0.3003201186656952
YML072C,YGR109C,0,-1.5604061,0.2356833815574646,0.9223107695579529,0.3004201650619507
YNL079C,YPR133W-A,0,-1.5604411,0.23562340438365936,0.9223107695579529,0.3005202114582062
YBR257W,YDR461W,0,-1.5604435,0.2355634719133377,0.9223107695579529,0.30062025785446167
YER149C,YGR277C,0,-1.5626148,0.23550355434417725,0.9223107695579529,0.3007202744483948
YJR066W,YJL172W,0,-1.5627624,0.23544368147850037,0.9223107695579529,0.30082032084465027
YJR072C,YMR089C,0,-1.5630981,0.23538383841514587,0.9223107695579529,0.30092036724090576
YBL046W,YDL045W-A,0,-1.5631939,0.23532401025295258,0.9223107695579529,0.30102041363716125
YCR071C,YDR461W,0,-1.5637661,0.23526422679424286,0.9223107695579529,0.30112046003341675
YPR029C,YLL031C,0,-1.5641407,0.23520447313785553,0.9223107695579529,0.30122047662734985
YDR476C,YDR256C,0,-1.5641693,0.2351447492837906,0.9223107695579529,0.30132052302360535
YLR102C,YBR153W,0,-1.5646133,0.23508504033088684,0.9223107695579529,0.30142056941986084
YOR034C,YFL020C,0,-1.5646144,0.23502537608146667,0.9223107695579529,0.30152061581611633
YHR119W,YCL025C,0,-1.5648042,0.2349657416343689,0.9223107695579529,0.3016206622123718
YNL073W,YLR395C,0,-1.5652372,0.2349061369895935,0.9223107695579529,0.30172067880630493
YOR378W,YFR031C-A,0,-1.5654552,0.2348465621471405,0.9223107695579529,0.3018207252025604
YMR270C,YER116C,0,-1.5655316,0.2347870171070099,0.9223107695579529,0.3019207715988159
YPL029W,YCL061C,0,-1.5657462,0.23472750186920166,0.9223107695579529,0.3020208179950714
YMR294W,YPR008W,0,-1.5659069,0.23466801643371582,0.9223107695579529,0.3021208345890045
YAR035W,YER107C,0,-1.5659117,0.23460856080055237,0.9223107695579529,0.30222088098526
YPL022W,YOR393W,0,-1.5659894,0.2345491349697113,0.9223107695579529,0.3023209273815155
YDL008W,YNL078W,0,-1.5667061,0.23448973894119263,0.9223107695579529,0.302420973777771
YDR225W,YPL134C,0,-1.5680207,0.23443037271499634,0.9223107695579529,0.3025210201740265
YLR457C,YNL291C,0,-1.5684644,0.23437105119228363,0.9223107695579529,0.3026210367679596
YBL046W,YGL144C,0,-1.5686153,0.23431174457073212,0.9223107695579529,0.3027210831642151
YER147C,YER061C,0,-1.5690833,0.234252467751503,0.9223107695579529,0.3028211295604706
YNR043W,YGL160W,0,-1.5691051,0.23419322073459625,0.9223107695579529,0.3029211759567261
YLR141W,YDL108W,1,-1.569915,0.2343868464231491,0.9233067631721497,0.3029211759567261
YLR103C,YKL022C,0,-1.5701959,0.23432759940624237,0.9233067631721497,0.30302122235298157
YOR188W,YNL022C,0,-1.5702305,0.23426838219165802,0.9233067631721497,0.3031212389469147
YNL231C,YAL002W,0,-1.5708059,0.23420919477939606,0.9233067631721497,0.30322128534317017
YPL083C,YGR241C,0,-1.5708524,0.23415003716945648,0.9233067631721497,0.30332133173942566
YGL019W,YML121W,1,-1.5708884,0.23434343934059143,0.9243028163909912,0.30332133173942566
YOR113W,YGL169W,0,-1.5708886,0.23428426682949066,0.9243028163909912,0.30342137813568115
YGR101W,YDR115W,0,-1.5710056,0.23422513902187347,0.9243028163909912,0.30352139472961426
YOL092W,YOL006C,0,-1.5711654,0.23416604101657867,0.9243028163909912,0.30362144112586975
YLR393W,YOR179C,0,-1.5714628,0.23410695791244507,0.9243028163909912,0.30372148752212524
YDR019C,YOR147W,0,-1.5715272,0.23404791951179504,0.9243028163909912,0.30382153391838074
YKR069W,YMR296C,0,-1.5723649,0.2339889109134674,0.9243028163909912,0.30392158031463623
YNL177C,YIL149C,0,-1.5727512,0.23392991721630096,0.9243028163909912,0.30402159690856934
YCL037C,YPL216W,0,-1.5730245,0.2338709682226181,0.9243028163909912,0.30412164330482483
YOR335C,YFL026W,0,-1.5732411,0.23381204903125763,0.9243028163909912,0.3042216897010803
YJL087C,YDR224C,0,-1.5735667,0.23375314474105835,0.9243028163909912,0.3043217360973358
YML008C,YHR108W,0,-1.5743073,0.23369428515434265,0.9243028163909912,0.3044217824935913
YOL145C,YDL076C,1,-1.5745643,0.2338872104883194,0.925298810005188,0.3044217824935913
YBL017C,YER031C,0,-1.5751117,0.2338283360004425,0.925298810005188,0.3045217990875244
YLR044C,YML029W,0,-1.5751449,0.2337695062160492,0.925298810005188,0.3046218454837799
YPL028W,YPR189W,0,-1.5753101,0.23371069133281708,0.925298810005188,0.3047218918800354
YGR234W,YOL004W,0,-1.5754725,0.23365190625190735,0.925298810005188,0.3048219382762909
YLL067C,YDL154W,0,-1.5757111,0.2335931658744812,0.925298810005188,0.304921954870224
YIL037C,YDR075W,0,-1.5757748,0.23353444039821625,0.925298810005188,0.3050220012664795
YNL173C,YPR182W,0,-1.5760418,0.23347574472427368,0.925298810005188,0.305122047662735
YLR393W,YDL197C,0,-1.5763634,0.2334170788526535,0.925298810005188,0.3052220940589905
YDL204W,YNL135C,0,-1.5765525,0.2333584576845169,0.925298810005188,0.30532214045524597
YPR100W,YCR093W,0,-1.5777261,0.2332998514175415,0.925298810005188,0.3054221570491791
YGL167C,YKL068W,0,-1.5780109,0.2332412749528885,0.925298810005188,0.30552220344543457
YDL161W,YCR073C,0,-1.5784448,0.23318272829055786,0.925298810005188,0.30562224984169006
YNL291C,YNL022C,0,-1.5786554,0.23312421143054962,0.925298810005188,0.30572229623794556
YIR002C,YGR234W,0,-1.5798684,0.23306572437286377,0.925298810005188,0.30582234263420105
YDR451C,YDL197C,0,-1.5799216,0.2330072671175003,0.925298810005188,0.30592235922813416
YHL003C,YPL188W,0,-1.5805266,0.23294883966445923,0.925298810005188,0.30602240562438965
YHR189W,YPL246C,0,-1.5805324,0.23289044201374054,0.925298810005188,0.30612245202064514
YHR055C,YLR386W,0,-1.580669,0.23283207416534424,0.925298810005188,0.30622249841690063
YFL061W,YPR184W,0,-1.5809238,0.23277373611927032,0.925298810005188,0.30632251501083374
YHR100C,YNL132W,0,-1.5813513,0.2327154278755188,0.925298810005188,0.30642256140708923
YCR088W,YFR007W,0,-1.5816255,0.23265714943408966,0.925298810005188,0.3065226078033447
YFR018C,YMR138W,0,-1.5816809,0.2325989007949829,0.925298810005188,0.3066226541996002
YHR186C,YBR276C,0,-1.5818068,0.23254068195819855,0.925298810005188,0.3067227005958557
YDR238C,YIL127C,0,-1.5819205,0.23248247802257538,0.925298810005188,0.3068227171897888
YFL002C,YLR155C,0,-1.5820088,0.2324243187904358,0.925298810005188,0.3069227635860443
YLR304C,YBR111W-A,0,-1.5821718,0.2323661893606186,0.925298810005188,0.3070228099822998
YLR153C,YDR259C,0,-1.5822237,0.23230807483196259,0.925298810005188,0.3071228563785553
YDL239C,YGL070C,0,-1.5846413,0.23225000500679016,0.925298810005188,0.3072229027748108
YDL204W,YJL172W,0,-1.5847389,0.23219195008277893,0.925298810005188,0.3073229193687439
YOR039W,YHL025W,1,-1.5855603,0.23238380253314972,0.9262948036193848,0.3073229193687439
YOR393W,YLR166C,0,-1.5861179,0.23232576251029968,0.9262948036193848,0.3074229657649994
YLR292C,YLR390W,0,-1.5862871,0.23226773738861084,0.9262948036193848,0.3075230121612549
YHR030C,YOR307C,0,-1.5864623,0.23220974206924438,0.9262948036193848,0.3076230585575104
YHR207C,YHL003C,0,-1.5868105,0.23215177655220032,0.9262948036193848,0.3077230751514435
YKR097W,YHR206W,0,-1.5868138,0.23209384083747864,0.9262948036193848,0.307823121547699
YBR135W,YGR257C,0,-1.5870148,0.23203593492507935,0.9262948036193848,0.30792316794395447
YCR008W,YKR100C,0,-1.5874237,0.23197804391384125,0.9262948036193848,0.30802321434020996
YOR386W,YDR540C,0,-1.5875074,0.23192019760608673,0.9262948036193848,0.30812326073646545
YDR130C,YNR016C,0,-1.5876726,0.2318623811006546,0.9262948036193848,0.30822327733039856
YPR029C,YPL052W,0,-1.5877169,0.23180457949638367,0.9262948036193848,0.30832332372665405
YML008C,YKR034W,0,-1.5879425,0.2317468225955963,0.9262948036193848,0.30842337012290955
YIL014W,YKL055C,0,-1.5880257,0.23168909549713135,0.9262948036193848,0.30852341651916504
YBL046W,YHL034C,0,-1.5881556,0.23163138329982758,0.9262948036193848,0.30862346291542053
YGR224W,YOR279C,0,-1.5884249,0.2315737009048462,0.9262948036193848,0.30872347950935364
YJL021C,YIL018W,0,-1.588796,0.2315160632133484,0.9262948036193848,0.30882352590560913
YGL129C,YOR148C,0,-1.589059,0.23145844042301178,0.9262948036193848,0.3089235723018646
YCL025C,YNR001C,0,-1.5893525,0.23140084743499756,0.9262948036193848,0.3090236186981201
YHR206W,YDR277C,0,-1.5903827,0.23134328424930573,0.9262948036193848,0.3091236352920532
YJL029C,YIL074C,0,-1.5904701,0.23128575086593628,0.9262948036193848,0.3092236816883087
YJL041W,YLR360W,0,-1.5906061,0.23122824728488922,0.9262948036193848,0.3093237280845642
YEL003W,YAL002W,0,-1.5907966,0.23117077350616455,0.9262948036193848,0.3094237744808197
YIL104C,YHR053C,0,-1.5909935,0.23111331462860107,0.9262948036193848,0.3095238208770752
YCR088W,YHR141C,0,-1.5910591,0.23105590045452118,0.9262948036193848,0.3096238374710083
YER170W,YCR043C,0,-1.5913436,0.23099851608276367,0.9262948036193848,0.3097238838672638
YML062C,YKR068C,0,-1.5916022,0.23094114661216736,0.9262948036193848,0.3098239302635193
YBL017C,YPL226W,0,-1.591823,0.23088380694389343,0.9262948036193848,0.3099239766597748
YDR443C,YKL099C,0,-1.5918688,0.2308265119791031,0.9262948036193848,0.3100240230560303
YER064C,YLR045C,0,-1.5924202,0.23076923191547394,0.9262948036193848,0.3101240396499634
YBR067C,YNR065C,0,-1.5925776,0.23071198165416718,0.9262948036193848,0.31022408604621887
YNL272C,YFL060C,0,-1.5926696,0.2306547611951828,0.9262948036193848,0.31032413244247437
YNL054W,YKL174C,0,-1.5935212,0.2305975705385208,0.9262948036193848,0.31042417883872986
YDL177C,YDR253C,0,-1.5941856,0.2305404096841812,0.9262948036193848,0.31052419543266296
YOR002W,YOR339C,0,-1.5942595,0.230483278632164,0.9262948036193848,0.31062424182891846
YLL066C,YPL140C,0,-1.5944104,0.23042616248130798,0.9262948036193848,0.31072428822517395
YML063W,YDR369C,0,-1.5944976,0.23036909103393555,0.9262948036193848,0.31082433462142944
YKL143W,YBR125C,0,-1.595037,0.2303120344877243,0.9262948036193848,0.31092438101768494
YML017W,YJL099W,0,-1.595095,0.23025500774383545,0.9262948036193848,0.31102439761161804
YHR185C,YDL074C,0,-1.5954012,0.23019802570343018,0.9262948036193848,0.31112444400787354
YOL128C,YLL002W,0,-1.5954164,0.2301410585641861,0.9262948036193848,0.31122449040412903
YDR451C,YLR310C,0,-1.5958116,0.2300841212272644,0.9262948036193848,0.3113245368003845
YBR049C,YNL330C,1,-1.5962347,0.23027454316616058,0.9272908568382263,0.3113245368003845
YPL022W,YNR039C,0,-1.5963022,0.2302176058292389,0.9272908568382263,0.31142458319664
YCL030C,YOL049W,0,-1.5964302,0.2301606982946396,0.9272908568382263,0.3115245997905731
YDL127W,YER120W,0,-1.596479,0.23010380566120148,0.9272908568382263,0.3116246461868286
YGL153W,YLR390W,0,-1.597514,0.23004694283008575,0.9272908568382263,0.3117246925830841
YGR053C,YOR049C,0,-1.5979501,0.2299901247024536,0.9272908568382263,0.3118247389793396
YLR044C,YOR310C,0,-1.5979567,0.22993332147598267,0.9272908568382263,0.3119247555732727
YDR311W,YFR028C,1,-1.5991151,0.23012346029281616,0.9282868504524231,0.3119247555732727
YKL218C,YGR241C,0,-1.5996901,0.23006665706634521,0.9282868504524231,0.3120248019695282
YHL004W,YLR233C,0,-1.5999538,0.23000986874103546,0.9282868504524231,0.3121248483657837
YOR026W,YBR276C,0,-1.6002315,0.2299531251192093,0.9282868504524231,0.3122248947620392
YIL106W,YER151C,0,-1.6009303,0.2298963963985443,0.9282868504524231,0.3123249411582947
YML058W,YLR312C-B,0,-1.6012696,0.22983969748020172,0.9282868504524231,0.3124249577522278
YNL139C,YML032C,0,-1.6014272,0.2297830432653427,0.9282868504524231,0.3125250041484833
YMR270C,YFL006W,0,-1.6014597,0.2297264039516449,0.9282868504524231,0.31262505054473877
YDL211C,YKR100C,0,-1.6018912,0.22966979444026947,0.9282868504524231,0.31272509694099426
YKL047W,YPL112C,0,-1.6020021,0.22961319983005524,0.9282868504524231,0.31282514333724976
YML094W,YKL175W,0,-1.6027822,0.22955664992332458,0.9282868504524231,0.31292515993118286
YCL064C,YLR397C,0,-1.6031442,0.22950012981891632,0.9282868504524231,0.31302520632743835
YLR075W,YER160C,0,-1.6035084,0.22944362461566925,0.9282868504524231,0.31312525272369385
YJR149W,YJL200C,0,-1.603741,0.22938714921474457,0.9282868504524231,0.31322529911994934
YIL027C,YPR089W,0,-1.6043628,0.22933070361614227,0.9282868504524231,0.31332531571388245
YMR321C,YPL283C,0,-1.6051108,0.22927428781986237,0.9282868504524231,0.31342536211013794
YLR246W,YNR001C,0,-1.6051615,0.22921790182590485,0.9282868504524231,0.31352540850639343
YNL061W,YDR406W,0,-1.6052079,0.22916154563426971,0.9282868504524231,0.3136254549026489
YLR179C,YDL093W,0,-1.6054292,0.22910520434379578,0.9282868504524231,0.3137255012989044
YDR540C,YDR423C,0,-1.6057813,0.22904890775680542,0.9282868504524231,0.3138255178928375
YJL087C,YGR108W,0,-1.606036,0.22899262607097626,0.9282868504524231,0.313925564289093
YLR362W,YBL087C,0,-1.6064856,0.22893637418746948,0.9282868504524231,0.3140256106853485
YHR065C,YLR304C,0,-1.6069123,0.2288801521062851,0.9282868504524231,0.314125657081604
YDR166C,YJL142C,0,-1.607298,0.2288239598274231,0.9282868504524231,0.3142257034778595
YLL031C,YCL030C,0,-1.6073925,0.22876779735088348,0.9282868504524231,0.3143257200717926
YDL161W,YPL085W,0,-1.6074053,0.22871164977550507,0.9282868504524231,0.3144257664680481
YDL127W,YCL019W,0,-1.6086241,0.22865554690361023,0.9282868504524231,0.3145258128643036
YHR108W,YMR067C,0,-1.6088301,0.2285994589328766,0.9282868504524231,0.3146258592605591
YKL068W,YDR285W,0,-1.6089901,0.22854340076446533,0.9282868504524231,0.3147258758544922
YBR067C,YNL110C,0,-1.6091303,0.22848737239837646,0.9282868504524231,0.3148259222507477
YOR378W,YJL207C,0,-1.6094611,0.22843137383460999,0.9282868504524231,0.3149259686470032
YHR048W,YNL022C,0,-1.6098061,0.2283754050731659,0.9282868504524231,0.31502601504325867
YDL161W,YOR307C,0,-1.6098732,0.228319451212883,0.9282868504524231,0.31512606143951416
YCL064C,YPR102C,0,-1.6107169,0.22826352715492249,0.9282868504524231,0.31522607803344727
YGR024C,YNL044W,0,-1.6111987,0.22820763289928436,0.9282868504524231,0.31532612442970276
YHL004W,YGR272C,0,-1.611524,0.22815176844596863,0.9282868504524231,0.31542617082595825
YGR034W,YOR219C,0,-1.612379,0.22809593379497528,0.9282868504524231,0.31552621722221375
YFL036W,YER183C,0,-1.6125504,0.22804012894630432,0.9282868504524231,0.31562626361846924
YGL019W,YBR279W,1,-1.612579,0.22822895646095276,0.9292828440666199,0.31562626361846924
YKR091W,YKR014C,0,-1.6128918,0.2281731516122818,0.9292828440666199,0.31572628021240234
YKL155C,YDR407C,0,-1.6134712,0.22811736166477203,0.9292828440666199,0.31582632660865784
YDL127W,YGR063C,0,-1.6138858,0.22806160151958466,0.9292828440666199,0.31592637300491333
YCL025C,YLR310C,0,-1.6138898,0.22800587117671967,0.9292828440666199,0.3160264194011688
YBR049C,YLR418C,1,-1.6141052,0.2281944751739502,0.9302788972854614,0.3160264194011688
YKL174C,YJL113W,0,-1.6145273,0.2281387448310852,0.9302788972854614,0.31612643599510193
YCR063W,YHR083W,0,-1.6147451,0.2280830293893814,0.9302788972854614,0.3162264823913574
YGR239C,YGR202C,0,-1.6152898,0.22802734375,0.9302788972854614,0.3163265287876129
YJL092W,YNR059W,0,-1.6159822,0.22797168791294098,0.9302788972854614,0.3164265751838684
YNR059W,YGL169W,0,-1.6160983,0.22791606187820435,0.9302788972854614,0.3165266215801239
YCR040W,YOL045W,0,-1.616275,0.2278604507446289,0.9302788972854614,0.316626638174057
YPL169C,YIL070C,0,-1.616275,0.22780488431453705,0.9302788972854614,0.3167266845703125
YGR142W,YLR129W,0,-1.6162767,0.22774933278560638,0.9302788972854614,0.316826730966568
YER126C,YLR104W,0,-1.616697,0.2276938110589981,0.9302788972854614,0.3169267773628235
YPL148C,YJR094C,0,-1.6179436,0.22763831913471222,0.9302788972854614,0.317026823759079
YDR204W,YIL109C,0,-1.6181229,0.22758284211158752,0.9302788972854614,0.3171268403530121
YEL016C,YFL018W-A,0,-1.6184701,0.2275274097919464,0.9302788972854614,0.3172268867492676
YDR451C,YJR133W,0,-1.6189588,0.2274719923734665,0.9302788972854614,0.31732693314552307
YLR021W,YBR078W,0,-1.6191393,0.22741660475730896,0.9302788972854614,0.31742697954177856
YHR053C,YDL214C,0,-1.6192564,0.22736124694347382,0.9302788972854614,0.31752699613571167
YLR395C,YBL061C,0,-1.6195173,0.22730591893196106,0.9302788972854614,0.31762704253196716
YPR089W,YJL041W,0,-1.619661,0.2272506058216095,0.9302788972854614,0.31772708892822266
YKL191W,YFL026W,0,-1.6197402,0.22719532251358032,0.9302788972854614,0.31782713532447815
YDR080W,YBR145W,0,-1.6203321,0.22714008390903473,0.9302788972854614,0.31792718172073364
YHL037C,YKL175W,0,-1.6203631,0.22708486020565033,0.9302788972854614,0.31802719831466675
YOR383C,YDR037W,0,-1.6205345,0.22702965140342712,0.9302788972854614,0.31812724471092224
YER151C,YDR400W,0,-1.6205362,0.2269744873046875,0.9302788972854614,0.31822729110717773
YMR208W,YOL018C,0,-1.6215448,0.22691933810710907,0.9302788972854614,0.3183273375034332
YBL076C,YPL058C,0,-1.6217619,0.22686421871185303,0.9302788972854614,0.3184273838996887
YGL119W,YDR145W,0,-1.6219488,0.22680912911891937,0.9302788972854614,0.3185274004936218
YNL008C,YLR244C,0,-1.6219993,0.2267540693283081,0.9302788972854614,0.3186274468898773
YJR143C,YFL004W,0,-1.622,0.22669902443885803,0.9302788972854614,0.3187274932861328
YNL172W,YIL036W,0,-1.6232243,0.22664402425289154,0.9302788972854614,0.3188275396823883
YNL330C,YBR245C,1,-1.6233481,0.22683162987232208,0.9312748908996582,0.3188275396823883
YML112W,YBR279W,1,-1.6237466,0.22701916098594666,0.9322709441184998,0.3188275396823883
YMR106C,YNL110C,0,-1.6244124,0.22696411609649658,0.9322709441184998,0.3189275562763214
YIL053W,YDR341C,0,-1.6245372,0.2269090861082077,0.9322709441184998,0.3190276026725769
YMR106C,YPL093W,0,-1.6247367,0.2268541008234024,0.9322709441184998,0.3191276490688324
YGL227W,YIL072W,0,-1.6250726,0.2267991304397583,0.9322709441184998,0.3192276954650879
YNL097C,YHL025W,1,-1.6264838,0.22698643803596497,0.9332669377326965,0.3192276954650879
YER063W,YBR242W,0,-1.6267877,0.22693146765232086,0.9332669377326965,0.3193277418613434
YDR137W,YIL149C,0,-1.6270386,0.22687651216983795,0.9332669377326965,0.3194277584552765
YGL008C,YLR057W,0,-1.6279352,0.22682158648967743,0.9332669377326965,0.319527804851532
YFL034C-A,YDR545W,0,-1.6279933,0.2267667055130005,0.9332669377326965,0.3196278512477875
YAL053W,YGR234W,0,-1.6281182,0.22671182453632355,0.9332669377326965,0.31972789764404297
YHL037C,YKL099C,0,-1.6281329,0.2266569882631302,0.9332669377326965,0.31982794404029846
YOR339C,YKR022C,0,-1.6282202,0.22660218179225922,0.9332669377326965,0.31992796063423157
YGL015C,YHR141C,0,-1.6282575,0.22654739022254944,0.9332669377326965,0.32002800703048706
YCR077C,YGR057C,0,-1.6288182,0.22649262845516205,0.9332669377326965,0.32012805342674255
YBR035C,YEL021W,0,-1.629115,0.22643789649009705,0.9332669377326965,0.32022809982299805
YML072C,YCL030C,0,-1.6299746,0.22638317942619324,0.9332669377326965,0.32032811641693115
YBR130C,YLR083C,0,-1.6305453,0.226328507065773,0.9332669377326965,0.32042816281318665
YHR154W,YBL005W,0,-1.6311818,0.22627384960651398,0.9332669377326965,0.32052820920944214
YHR190W,YGL222C,0,-1.6313218,0.22621922194957733,0.9332669377326965,0.32062825560569763
YHR098C,YGR222W,0,-1.6320314,0.22616460919380188,0.9332669377326965,0.3207283020019531
YOR026W,YDR322W,0,-1.632432,0.22611004114151,0.9332669377326965,0.32082831859588623
YKR006C,YLL002W,0,-1.6326272,0.22605548799037933,0.9332669377326965,0.3209283649921417
YLR055C,YPR133W-A,0,-1.6331801,0.22600096464157104,0.9332669377326965,0.3210284113883972
YJL087C,YDL241W,0,-1.6332692,0.22594647109508514,0.9332669377326965,0.3211284577846527
YDR295C,YER109C,0,-1.6334301,0.22589199244976044,0.9332669377326965,0.3212285041809082
YJL081C,YOR350C,0,-1.6335483,0.2258375585079193,0.9332669377326965,0.3213285207748413
YOR329C,YPL083C,0,-1.633751,0.22578313946723938,0.9332669377326965,0.3214285671710968
YHR098C,YFL006W,0,-1.6337904,0.22572873532772064,0.9332669377326965,0.3215286135673523
YOR321W,YDL055C,0,-1.6339151,0.22567437589168549,0.9332669377326965,0.3216286599636078
YDR351W,YGL107C,0,-1.6339554,0.22562003135681152,0.9332669377326965,0.3217287063598633
YKR002W,YPR182W,0,-1.6340103,0.22556571662425995,0.9332669377326965,0.3218287229537964
YNL290W,YBR274W,0,-1.6342531,0.22551143169403076,0.9332669377326965,0.3219287693500519
YOL141W,YOR192C,0,-1.6343685,0.22545717656612396,0.9332669377326965,0.3220288157463074
YIL073C,YBL091C,0,-1.6345979,0.22540293633937836,0.9332669377326965,0.32212886214256287
YCR088W,YGL198W,0,-1.6346091,0.22534872591495514,0.9332669377326965,0.32222887873649597
YPR133W-A,YGR258C,0,-1.6350669,0.2252945452928543,0.9332669377326965,0.32232892513275146
YFL056C,YCR024C-A,0,-1.6351339,0.22524037957191467,0.9332669377326965,0.32242897152900696
YML102W,YGL005C,0,-1.6351856,0.22518625855445862,0.9332669377326965,0.32252901792526245
YOR113W,YFL034C-A,0,-1.6356777,0.22513215243816376,0.9332669377326965,0.32262906432151794
YML116W,YNL022C,0,-1.6358827,0.22507807612419128,0.9332669377326965,0.32272908091545105
YOR231W,YPR189W,0,-1.635964,0.22502401471138,0.9332669377326965,0.32282912731170654
YBR066C,YJL052W,0,-1.6360046,0.2249699831008911,0.9332669377326965,0.32292917370796204
YLL040C,YIR039C,0,-1.6360464,0.2249159812927246,0.9332669377326965,0.32302922010421753
YJR112W,YJL127C,0,-1.6360862,0.2248620092868805,0.9332669377326965,0.323129266500473
YMR138W,YDR375C,0,-1.6362604,0.22480806708335876,0.9332669377326965,0.32322928309440613
YHL003C,YBR250W,0,-1.6364648,0.22475413978099823,0.9332669377326965,0.3233293294906616
YDR039C,YER061C,0,-1.6364778,0.22470024228096008,0.9332669377326965,0.3234293758869171
YER013W,YBL009W,0,-1.6365794,0.22464637458324432,0.9332669377326965,0.3235294222831726
YBR057C,YKL189W,0,-1.6368212,0.22459252178668976,0.9332669377326965,0.3236294388771057
YJR094C,YJL179W,0,-1.6368488,0.22453869879245758,0.9332669377326965,0.3237294852733612
YOR128C,YDR179W-A,0,-1.6369869,0.2244849056005478,0.9332669377326965,0.3238295316696167
YDL179W,YNR016C,0,-1.6370394,0.2244311422109604,0.9332669377326965,0.3239295780658722
YDL165W,YBR242W,0,-1.6371244,0.22437739372253418,0.9332669377326965,0.3240296244621277
YJR101W,YDR047W,0,-1.6378211,0.22432367503643036,0.9332669377326965,0.3241296410560608
YNR009W,YLR218C,0,-1.6379809,0.22426998615264893,0.9332669377326965,0.3242296874523163
YJR001W,YBL087C,0,-1.6380392,0.22421632707118988,0.9332669377326965,0.3243297338485718
YOR338W,YPL266W,0,-1.6382593,0.22416268289089203,0.9332669377326965,0.32442978024482727
YER117W,YFL060C,0,-1.6385509,0.22410906851291656,0.9332669377326965,0.32452982664108276
YPR054W,YIL101C,0,-1.639174,0.2240554690361023,0.9332669377326965,0.32462984323501587
YJL167W,YBR097W,0,-1.6391848,0.2240019142627716,0.9332669377326965,0.32472988963127136
YNL099C,YPL060W,0,-1.6395503,0.2239483743906021,0.9332669377326965,0.32482993602752686
YBR041W,YOR386W,0,-1.6401104,0.223894864320755,0.9332669377326965,0.32492998242378235
YMR270C,YOL018C,0,-1.6401106,0.2238413691520691,0.9332669377326965,0.32502999901771545
YKR095W-A,YLR045C,0,-1.6404985,0.22378791868686676,0.9332669377326965,0.32513004541397095
YMR096W,YDL224C,0,-1.6408099,0.22373448312282562,0.9332669377326965,0.32523009181022644
YMR225C,YIR037W,0,-1.6408237,0.22368106245994568,0.9332669377326965,0.32533013820648193
YIR012W,YKR014C,0,-1.641002,0.22362768650054932,0.9332669377326965,0.3254301846027374
YGL212W,YPL104W,0,-1.6413093,0.22357432544231415,0.9332669377326965,0.32553020119667053
YIL149C,YDR166C,0,-1.6413335,0.22352099418640137,0.9332669377326965,0.325630247592926
YGR285C,YML072C,0,-1.6415364,0.22346767783164978,0.9332669377326965,0.3257302939891815
YCR008W,YLR270W,0,-1.6417295,0.22341440618038177,0.9332669377326965,0.325830340385437
YJL096W,YBL091C,0,-1.641757,0.22336114943027496,0.9332669377326965,0.3259303867816925
YGL219C,YHR141C,0,-1.6421653,0.22330790758132935,0.9332669377326965,0.3260304033756256
YIR002C,YLR166C,0,-1.6422538,0.2232547104358673,0.9332669377326965,0.3261304497718811
YLR242C,YGL158W,0,-1.642285,0.22320152819156647,0.9332669377326965,0.3262304961681366
YIL106W,YDL055C,0,-1.6427649,0.223148375749588,0.9332669377326965,0.3263305425643921
YMR263W,YNL139C,1,-1.6432158,0.22333332896232605,0.9342629313468933,0.3263305425643921
YGR241C,YDR341C,0,-1.6436732,0.2232801765203476,0.9342629313468933,0.3264305591583252
YOR095C,YKR016W,0,-1.644031,0.22322703897953033,0.9342629313468933,0.3265306055545807
YNL096C,YJR026W,0,-1.6440407,0.22317391633987427,0.9342629313468933,0.3266306519508362
YFL047W,YDL033C,0,-1.6446522,0.22312083840370178,0.9342629313468933,0.3267306983470917
YKL166C,YPR008W,0,-1.6447598,0.2230677753686905,0.9342629313468933,0.32683074474334717
YIL169C,YOR337W,0,-1.6448162,0.2230147421360016,0.9342629313468933,0.3269307613372803
YHR062C,YER042W,0,-1.6450465,0.22296172380447388,0.9342629313468933,0.32703080773353577
YCL034W,YLR421C,0,-1.6451297,0.22290875017642975,0.9342629313468933,0.32713085412979126
YNL037C,YGL144C,0,-1.6454877,0.22285579144954681,0.9342629313468933,0.32723090052604675
YMR231W,YDR080W,0,-1.6455517,0.22280284762382507,0.9342629313468933,0.32733094692230225
YLL013C,YDR375C,0,-1.6456002,0.22274993360042572,0.9342629313468933,0.32743096351623535
YOL016C,YOR009W,0,-1.6458782,0.22269704937934875,0.9342629313468933,0.32753100991249084
YBR135W,YER099C,0,-1.6465698,0.22264419496059418,0.9342629313468933,0.32763105630874634
YOL157C,YDR115W,0,-1.6468397,0.2225913554430008,0.9342629313468933,0.32773110270500183
YPR082C,YBR088C,0,-1.647447,0.2225385457277298,0.9342629313468933,0.32783111929893494
YGR136W,YFL026W,0,-1.6477307,0.2224857658147812,0.9342629313468933,0.32793116569519043
YDR351W,YHR030C,0,-1.6484843,0.22243301570415497,0.9342629313468933,0.3280312120914459
YFR051C,YJR026W,0,-1.6486903,0.22238028049468994,0.9342629313468933,0.3281312584877014
YDR184C,YGR060W,0,-1.6495727,0.2223275601863861,0.9342629313468933,0.3282313048839569
YIL037C,YPR122W,0,-1.6496134,0.22227488458156586,0.9342629313468933,0.32833132147789
YOR193W,YKR016W,0,-1.6497619,0.2222222238779068,0.9342629313468933,0.3284313678741455
YPL216W,YPR016C,0,-1.650163,0.22216959297657013,0.9342629313468933,0.328531414270401
YHR134W,YGR258C,0,-1.6501845,0.22211697697639465,0.9342629313468933,0.3286314606666565
YER160C,YPL188W,0,-1.6505598,0.22206439077854156,0.9342629313468933,0.328731507062912
YMR131C,YLL040C,0,-1.6508819,0.22201183438301086,0.9342629313468933,0.3288315236568451
YGR142W,YNL078W,0,-1.6512511,0.22195929288864136,0.9342629313468933,0.3289315700531006
YCR077C,YLR382C,0,-1.6514786,0.22190679609775543,0.9342629313468933,0.3290316164493561
YDL067C,YHR205W,0,-1.651944,0.2218542993068695,0.9342629313468933,0.3291316628456116
YLR343W,YNL130C,0,-1.6525213,0.22180184721946716,0.9342629313468933,0.3292316794395447
YER116C,YLR044C,0,-1.6526618,0.221749410033226,0.9342629313468933,0.32933172583580017
YJL121C,YAR033W,0,-1.652701,0.22169700264930725,0.9342629313468933,0.32943177223205566
YMR167W,YLL067C,0,-1.6530634,0.22164461016654968,0.9342629313468933,0.32953181862831116
YIR002C,YML032C,0,-1.6531545,0.2215922474861145,0.9342629313468933,0.32963186502456665
YLR065C,YMR094W,0,-1.6532563,0.2215399146080017,0.9342629313468933,0.32973188161849976
YER107C,YMR296C,0,-1.6533931,0.2214875966310501,0.9342629313468933,0.32983192801475525
YGR105W,YMR094W,0,-1.6535496,0.2214353233575821,0.9342629313468933,0.32993197441101074
YLR055C,YCR043C,0,-1.6537129,0.22138305008411407,0.9342629313468933,0.33003202080726624
YOR193W,YNL053W,0,-1.6548214,0.22133082151412964,0.9342629313468933,0.33013206720352173
YIR002C,YLR148W,0,-1.654997,0.2212786078453064,0.9342629313468933,0.33023208379745483
YGL019W,YGL244W,1,-1.655743,0.22146226465702057,0.9352589845657349,0.33023208379745483
YNL008C,YMR176W,0,-1.6560303,0.22141005098819733,0.9352589845657349,0.3303321301937103
YLR065C,YCL063W,0,-1.6561307,0.22135785222053528,0.9352589845657349,0.3304321765899658
YBR264C,YFL005W,0,-1.6561363,0.22130568325519562,0.9352589845657349,0.3305322229862213
YOR247W,YPR189W,0,-1.6561912,0.22125352919101715,0.9352589845657349,0.3306322395801544
YGR227W,YPL121C,0,-1.656268,0.22120141983032227,0.9352589845657349,0.3307322859764099
YHR154W,YDR214W,0,-1.656661,0.22114931046962738,0.9352589845657349,0.3308323323726654
YLR179C,YMR023C,0,-1.6570536,0.22109724581241608,0.9352589845657349,0.3309323787689209
YLR316C,YJL100W,0,-1.6572843,0.22104519605636597,0.9352589845657349,0.3310324251651764
YOL039W,YJR101W,0,-1.657308,0.22099317610263824,0.9352589845657349,0.3311324417591095
YCR034W,YKL084W,0,-1.6582745,0.22094117105007172,0.9352589845657349,0.331232488155365
YPL129W,YLR332W,0,-1.6587192,0.22088919579982758,0.9352589845657349,0.3313325345516205
YFR048W,YCR040W,0,-1.6588593,0.22083725035190582,0.9352589845657349,0.331432580947876
YPR189W,YDR047W,0,-1.6592993,0.22078533470630646,0.9352589845657349,0.33153262734413147
YER111C,YDR315C,0,-1.6593801,0.2207334339618683,0.9352589845657349,0.3316326439380646
YDR372C,YOL133W,0,-1.6598805,0.2206815481185913,0.9352589845657349,0.33173269033432007
YMR075W,YKL042W,0,-1.6601101,0.22062969207763672,0.9352589845657349,0.33183273673057556
YOR113W,YCL054W,0,-1.6602682,0.22057786583900452,0.9352589845657349,0.33193278312683105
YNL230C,YBR017C,0,-1.6606525,0.2205260694026947,0.9352589845657349,0.33203279972076416
YPR121W,YBR111W-A,0,-1.6607125,0.22047428786754608,0.9352589845657349,0.33213284611701965
YML062C,YPL092W,0,-1.6611683,0.22042253613471985,0.9352589845657349,0.33223289251327515
YJL012C-A,YOL066C,0,-1.661455,0.2203707993030548,0.9352589845657349,0.33233293890953064
YBL039W-B,YGR200C,0,-1.6619338,0.22031909227371216,0.9352589845657349,0.33243298530578613
YEL016C,YKL158W,0,-1.6620085,0.2202674150466919,0.9352589845657349,0.33253300189971924
YER170W,YPL087W,0,-1.6620973,0.22021575272083282,0.9352589845657349,0.33263304829597473
YOR243C,YPR114W,0,-1.6623532,0.22016412019729614,0.9352589845657349,0.3327330946922302
YJR043C,YNR070W,0,-1.6624622,0.22011251747608185,0.9352589845657349,0.3328331410884857
YDL005C,YIL073C,0,-1.6628741,0.22006092965602875,0.9352589845657349,0.3329331874847412
YOL068C,YPL283C,0,-1.662942,0.22000937163829803,0.9352589845657349,0.3330332040786743
YML008C,YKL068W,0,-1.6629841,0.21995782852172852,0.9352589845657349,0.3331332504749298
YJL146W,YJR124C,0,-1.6632785,0.21990633010864258,0.9352589845657349,0.3332332968711853
YJL092W,YOR076C,0,-1.6635406,0.21985483169555664,0.9352589845657349,0.3333333432674408
YLR194C,YBR250W,0,-1.6641134,0.21980337798595428,0.9352589845657349,0.3334333598613739
YMR012W,YDR473C,0,-1.6641937,0.21975192427635193,0.9352589845657349,0.3335334062576294
YOR016C,YJL105W,0,-1.6642361,0.21970051527023315,0.9352589845657349,0.3336334526538849
YHR185C,YKL047W,0,-1.6644702,0.21964912116527557,0.9352589845657349,0.3337334990501404
YOR297C,YBR274W,0,-1.6644846,0.21959775686264038,0.9352589845657349,0.3338335454463959
YCL064C,YOR219C,0,-1.6645187,0.21954640746116638,0.9352589845657349,0.333933562040329
YLR205C,YKL042W,0,-1.6645279,0.21949508786201477,0.9352589845657349,0.3340336084365845
YMR323W,YDR003W,0,-1.6647446,0.21944379806518555,0.9352589845657349,0.33413365483283997
YGR010W,YFL034C-A,0,-1.6652852,0.21939252316951752,0.9352589845657349,0.33423370122909546
YNL128W,YKL024C,0,-1.6654167,0.21934127807617188,0.9352589845657349,0.33433374762535095
YER004W,YKR095W-A,0,-1.6655194,0.21929004788398743,0.9352589845657349,0.33443376421928406
YGL040C,YOR219C,0,-1.6658803,0.21923884749412537,0.9352589845657349,0.33453381061553955
YDR268W,YHR166C,0,-1.6661116,0.2191876769065857,0.9352589845657349,0.33463385701179504
YML017W,YGL114W,0,-1.6661127,0.21913652122020721,0.9352589845657349,0.33473390340805054
YLR421C,YBL089W,0,-1.6661245,0.21908539533615112,0.9352589845657349,0.33483392000198364
YGL228W,YLR223C,0,-1.6661508,0.21903428435325623,0.9352589845657349,0.33493396639823914
YMR234W,YKL189W,0,-1.666716,0.21898320317268372,0.9352589845657349,0.33503401279449463
YLR055C,YDR266C,0,-1.6669425,0.2189321517944336,0.9352589845657349,0.3351340591907501
YOL157C,YPL058C,0,-1.6670555,0.21888111531734467,0.9352589845657349,0.3352341055870056
YDL055C,YGR211W,0,-1.6687173,0.21883010864257812,0.9352589845657349,0.3353341221809387
YEL016C,YDL154W,0,-1.6687183,0.21877911686897278,0.9352589845657349,0.3354341685771942
YJL130C,YER031C,0,-1.669151,0.21872815489768982,0.9352589845657349,0.3355342149734497
YDL165W,YML016C,0,-1.6691679,0.21867722272872925,0.9352589845657349,0.3356342613697052
YCR088W,YKL022C,0,-1.6694827,0.21862630546092987,0.9352589845657349,0.3357343077659607
YLR429W,YDR259C,0,-1.6694831,0.21857541799545288,0.9352589845657349,0.3358343243598938
YLR079W,YKR006C,0,-1.669545,0.21852454543113708,0.9352589845657349,0.3359343707561493
YOR065W,YJR127C,0,-1.669592,0.21847370266914368,0.9352589845657349,0.3360344171524048
YKL175W,YJR016C,0,-1.67015,0.21842288970947266,0.9352589845657349,0.3361344635486603
YBL054W,YBR101C,0,-1.670175,0.21837209165096283,0.9352589845657349,0.3362344801425934
YBR049C,YOR039W,1,-1.6713442,0.218553826212883,0.9362549781799316,0.3362344801425934
YOR096W,YOR081C,0,-1.6714865,0.21850302815437317,0.9362549781799316,0.3363345265388489
YNL177C,YMR028W,0,-1.6716564,0.21845224499702454,0.9362549781799316,0.33643457293510437
YFL006W,YGL169W,0,-1.6723968,0.2184014916419983,0.9362549781799316,0.33653461933135986
YJL063C,YBL061C,0,-1.6725644,0.21835075318813324,0.9362549781799316,0.33663466572761536
YDR107C,YHR069C,0,-1.6728975,0.21830004453659058,0.9362549781799316,0.33673468232154846
YJL012C-A,YFR028C,0,-1.6729089,0.2182493656873703,0.9362549781799316,0.33683472871780396
YBL092W,YER160C,0,-1.6729847,0.21819870173931122,0.9362549781799316,0.33693477511405945
YCR063W,YDR313C,0,-1.6733869,0.21814806759357452,0.9362549781799316,0.33703482151031494
YDR443C,YKL068W,0,-1.6734536,0.21809744834899902,0.9362549781799316,0.33713486790657043
YOR243C,YLL040C,0,-1.67427,0.2180468589067459,0.9362549781799316,0.33723488450050354
YDR496C,YPR013C,0,-1.6744946,0.217996284365654,0.9362549781799316,0.33733493089675903
YER013W,YOR209C,0,-1.6746372,0.21794573962688446,0.9362549781799316,0.3374349772930145
YJL012C-A,YIL085C,0,-1.6755062,0.21789522469043732,0.9362549781799316,0.33753502368927
YPL215W,YDR315C,0,-1.6765094,0.21784472465515137,0.9362549781799316,0.3376350402832031
YOR192C,YGR145W,0,-1.6771028,0.2177942544221878,0.9362549781799316,0.3377350866794586
YMR302C,YBL087C,0,-1.6788365,0.21774379909038544,0.9362549781799316,0.3378351330757141
YDR342C,YJR043C,0,-1.6788427,0.21769337356090546,0.9362549781799316,0.3379351794719696
YMR278W,YIR019C,0,-1.679172,0.21764297783374786,0.9362549781799316,0.3380352258682251
YGR272C,YER111C,0,-1.6794426,0.21759259700775146,0.9362549781799316,0.3381352424621582
YML121W,YGL110C,0,-1.679579,0.21754223108291626,0.9362549781799316,0.3382352888584137
YGR252W,YFL004W,0,-1.6800147,0.21749189496040344,0.9362549781799316,0.3383353352546692
YJR022W,YDR225W,0,-1.6800178,0.217441588640213,0.9362549781799316,0.3384353816509247
YJR066W,YLR310C,0,-1.6800185,0.21739129722118378,0.9362549781799316,0.3385354280471802
YOR378W,YOR034C,0,-1.6802133,0.21734103560447693,0.9362549781799316,0.3386354446411133
YDR185C,YIL121W,0,-1.6802733,0.21729080379009247,0.9362549781799316,0.3387354910373688
YOR084W,YLR063W,0,-1.6808113,0.2172405868768692,0.9362549781799316,0.33883553743362427
YDR156W,YNL097C,1,-1.6813813,0.21742144227027893,0.9372509717941284,0.33883553743362427
YMR216C,YDR145W,0,-1.6814265,0.21737121045589447,0.9372509717941284,0.33893558382987976
YML063W,YGL002W,0,-1.681594,0.2173210233449936,0.9372509717941284,0.33903560042381287
YHL025W,YDL108W,1,-1.6815944,0.21750172972679138,0.93824702501297,0.33903560042381287
YER161C,YDR140W,0,-1.6816682,0.2174515277147293,0.93824702501297,0.33913564682006836
YDR496C,YKL162C,0,-1.6817201,0.21740134060382843,0.93824702501297,0.33923569321632385
YFR018C,YDR339C,0,-1.6817259,0.21735118329524994,0.93824702501297,0.33933573961257935
YOL049W,YLR360W,0,-1.6818609,0.21730104088783264,0.93824702501297,0.33943578600883484
YHR184W,YOL086C,0,-1.6821265,0.21725092828273773,0.93824702501297,0.33953580260276794
YOR202W,YMR162C,0,-1.682161,0.21720083057880402,0.93824702501297,0.33963584899902344
YML102W,YDR176W,0,-1.6836035,0.2171507626771927,0.93824702501297,0.33973589539527893
YIL110W,YFR050C,0,-1.6836609,0.21710070967674255,0.93824702501297,0.3398359417915344
YJL158C,YGR049W,0,-1.6838428,0.2170506864786148,0.93824702501297,0.3399359881877899
YJL100W,YGL195W,0,-1.684023,0.21700069308280945,0.93824702501297,0.340036004781723
YER120W,YNL078W,0,-1.6840483,0.21695071458816528,0.93824702501297,0.3401360511779785
YDR214W,YOR179C,0,-1.6851487,0.2169007658958435,0.93824702501297,0.340236097574234
YOL102C,YIL168W,0,-1.6860858,0.21685083210468292,0.93824702501297,0.3403361439704895
YMR296C,YHR020W,0,-1.6863458,0.21680091321468353,0.93824702501297,0.3404361605644226
YML056C,YOL031C,0,-1.6866498,0.21675103902816772,0.93824702501297,0.3405362069606781
YPL246C,YOR057W,0,-1.6866938,0.2167011797428131,0.93824702501297,0.3406362533569336
YEL021W,YDR259C,0,-1.6870687,0.2166513353586197,0.93824702501297,0.3407362997531891
YLR079W,YKL189W,0,-1.6870914,0.21660152077674866,0.93824702501297,0.3408363461494446
YLR153C,YDR037W,0,-1.6876041,0.21655172109603882,0.93824702501297,0.3409363627433777
YNL243W,YKR037C,0,-1.6877388,0.21650195121765137,0.93824702501297,0.3410364091396332
YLR065C,YJL081C,0,-1.6877488,0.2164522111415863,0.93824702501297,0.34113645553588867
YHL032C,YMR188C,0,-1.6877493,0.21640248596668243,0.93824702501297,0.34123650193214417
YHR134W,YFR050C,0,-1.6886219,0.21635277569293976,0.93824702501297,0.34133654832839966
YAR035W,YDR476C,0,-1.6887234,0.21630309522151947,0.93824702501297,0.34143656492233276
YBL002W,YIL157C,0,-1.68885,0.21625344455242157,0.93824702501297,0.34153661131858826
YEL030W,YOR383C,0,-1.6891322,0.21620380878448486,0.93824702501297,0.34163665771484375
YBR123C,YJL146W,0,-1.6893419,0.21615420281887054,0.93824702501297,0.34173670411109924
YPL219W,YDR482C,0,-1.689349,0.21610461175441742,0.93824702501297,0.34183672070503235
YHR214C-B,YOR209C,0,-1.6897415,0.21605505049228668,0.93824702501297,0.34193676710128784
YLR044C,YCR066W,0,-1.6897686,0.21600550413131714,0.93824702501297,0.34203681349754333
YNL333W,YDR416W,0,-1.6899321,0.21595598757266998,0.93824702501297,0.34213685989379883
YGL198W,YKR037C,0,-1.6901606,0.21590648591518402,0.93824702501297,0.3422369062900543
YCL025C,YLR405W,0,-1.6903101,0.21585701406002045,0.93824702501297,0.3423369228839874
YLR055C,YNL128W,0,-1.6909492,0.21580755710601807,0.93824702501297,0.3424369692802429
YPR008W,YJR016C,0,-1.6911074,0.21575812995433807,0.93824702501297,0.3425370156764984
YLR362W,YMR269W,0,-1.6913024,0.21570871770381927,0.93824702501297,0.3426370620727539
YKL047W,YLR045C,0,-1.6914824,0.21565933525562286,0.93824702501297,0.3427371084690094
YIL037C,YBR057C,0,-1.6916367,0.21560998260974884,0.93824702501297,0.3428371250629425
YOR115C,YOR076C,0,-1.691939,0.215560644865036,0.93824702501297,0.342937171459198
YOR383C,YGL223C,0,-1.6925392,0.21551132202148438,0.93824702501297,0.3430372178554535
YDR540C,YDL007W,0,-1.6927316,0.21546202898025513,0.93824702501297,0.343137264251709
YNL148C,YFL004W,0,-1.6929003,0.21541276574134827,0.93824702501297,0.3432372808456421
YFL006W,YLL035W,0,-1.6931281,0.2153635174036026,0.93824702501297,0.3433373272418976
YMR120C,YDR450W,0,-1.6937025,0.21531428396701813,0.93824702501297,0.3434373736381531
YGL129C,YML058W,0,-1.6938682,0.21526508033275604,0.93824702501297,0.34353742003440857
YFR048W,YHR020W,0,-1.694107,0.21521590650081635,0.93824702501297,0.34363746643066406
YFR024C,YDR315C,0,-1.694271,0.21516674757003784,0.93824702501297,0.34373748302459717
YJL121C,YNL250W,0,-1.6944021,0.21511760354042053,0.93824702501297,0.34383752942085266
YLR395C,YDR173C,0,-1.694763,0.2150684893131256,0.93824702501297,0.34393757581710815
YLR104W,YOL102C,0,-1.6948172,0.21501940488815308,0.93824702501297,0.34403762221336365
YKR069W,YKL084W,0,-1.6954378,0.21497033536434174,0.93824702501297,0.34413766860961914
YGL222C,YOR147W,0,-1.6954969,0.2149212807416916,0.93824702501297,0.34423768520355225
YMR138W,YKL109W,0,-1.6956204,0.21487225592136383,0.93824702501297,0.34433773159980774
YMR149W,YIL157C,0,-1.6967117,0.21482326090335846,0.93824702501297,0.34443777799606323
YOR202W,YOR096W,0,-1.6967444,0.21477428078651428,0.93824702501297,0.3445378243923187
YBR101C,YDL107W,0,-1.697048,0.2147253304719925,0.93824702501297,0.34463784098625183
YPR017C,YCL066W,0,-1.6972125,0.2146763950586319,0.93824702501297,0.3447378873825073
YDR378C,YNL021W,0,-1.697344,0.2146274745464325,0.93824702501297,0.3448379337787628
YDL008W,YPR164W,0,-1.6974201,0.21457858383655548,0.93824702501297,0.3449379801750183
YJR093C,YGR202C,0,-1.698242,0.21452972292900085,0.93824702501297,0.3450380265712738
YOL145C,YPL104W,0,-1.6983978,0.21448087692260742,0.93824702501297,0.3451380431652069
YGR247W,YNR032W,0,-1.6984628,0.21443204581737518,0.93824702501297,0.3452380895614624
YOR128C,YIL149C,0,-1.6988647,0.21438324451446533,0.93824702501297,0.3453381359577179
YOR335C,YLR278C,0,-1.6989123,0.21433447301387787,0.93824702501297,0.3454381823539734
YAL053W,YGL092W,0,-1.6989478,0.2142857164144516,0.93824702501297,0.3455382287502289
YOR254C,YDR039C,0,-1.6993809,0.21423697471618652,0.93824702501297,0.345638245344162
YIL042C,YKL182W,0,-1.6995288,0.21418826282024384,0.93824702501297,0.3457382917404175
YFL051C,YBR283C,0,-1.6995615,0.21413958072662354,0.93824702501297,0.345838338136673
YPL029W,YIR002C,0,-1.6998793,0.21409091353416443,0.93824702501297,0.34593838453292847
YJL081C,YFL048C,0,-1.7005455,0.21404226124286652,0.93824702501297,0.3460384011268616
YGL247W,YPR133W-A,0,-1.7011582,0.213993638753891,0.93824702501297,0.34613844752311707
YGL005C,YHR200W,0,-1.7015351,0.21394503116607666,0.93824702501297,0.34623849391937256
YDR130C,YKL139W,0,-1.701706,0.21389645338058472,0.93824702501297,0.34633854031562805
YPL254W,YOR339C,0,-1.7018499,0.21384790539741516,0.93824702501297,0.34643858671188354
YDR353W,YFL056C,0,-1.7019974,0.2137993574142456,0.93824702501297,0.34653860330581665
YLR409C,YAL002W,0,-1.702012,0.21375085413455963,0.93824702501297,0.34663864970207214
YOR231W,YBR022W,0,-1.7020905,0.21370236575603485,0.93824702501297,0.34673869609832764
YCR036W,YDR259C,0,-1.702484,0.21365389227867126,0.93824702501297,0.34683874249458313
YMR094W,YGL015C,0,-1.7029237,0.21360544860363007,0.93824702501297,0.3469387888908386
YIL070C,YLR304C,0,-1.7029951,0.21355701982975006,0.93824702501297,0.34703880548477173
YGR041W,YHR128W,0,-1.7030839,0.21350860595703125,0.93824702501297,0.3471388518810272
YGR239C,YLR310C,0,-1.7030861,0.21346023678779602,0.93824702501297,0.3472388982772827
YDR156W,YOR039W,1,-1.7045177,0.21363842487335205,0.9392430186271667,0.3472388982772827
YER153C,YDR037W,0,-1.7050017,0.21359004080295563,0.9392430186271667,0.3473389446735382
YFL026W,YDL107W,0,-1.7051485,0.2135416716337204,0.9392430186271667,0.3474389612674713
YER011W,YIL150C,0,-1.7055782,0.21349331736564636,0.9392430186271667,0.3475390076637268
YBR153W,YHL006C,0,-1.7056336,0.21344499289989471,0.9392430186271667,0.3476390540599823
YOR393W,YLR006C,0,-1.7057456,0.21339669823646545,0.9392430186271667,0.3477391004562378
YNL068C,YPL007C,0,-1.7066833,0.2133484184741974,0.9392430186271667,0.3478391468524933
YLR103C,YGR054W,0,-1.7071917,0.21330015361309052,0.9392430186271667,0.3479391634464264
YJR068W,YFL004W,0,-1.7075211,0.21325191855430603,0.9392430186271667,0.3480392098426819
YLL031C,YKL183W,0,-1.7081431,0.21320371329784393,0.9392430186271667,0.3481392562389374
YBL076C,YKR069W,0,-1.7081583,0.21315550804138184,0.9392430186271667,0.34823930263519287
YPL030W,YDR019C,0,-1.7085155,0.21310734748840332,0.9392430186271667,0.34833934903144836
YOL001W,YER099C,0,-1.708541,0.213059201836586,0.9392430186271667,0.34843936562538147
YIL027C,YNL053W,0,-1.7094325,0.21301107108592987,0.9392430186271667,0.34853941202163696
YMR235C,YDL073W,0,-1.7097563,0.21296297013759613,0.9392430186271667,0.34863945841789246
YOR099W,YJR127C,0,-1.7097589,0.21291488409042358,0.9392430186271667,0.34873950481414795
YLR203C,YHR040W,0,-1.7100912,0.21286681294441223,0.9392430186271667,0.34883952140808105
YNL173C,YHR173C,0,-1.7101809,0.21281877160072327,0.9392430186271667,0.34893956780433655
YDR307W,YLR063W,0,-1.7106376,0.2127707600593567,0.9392430186271667,0.34903961420059204
YBL030C,YNL070W,0,-1.7110137,0.2127227634191513,0.9392430186271667,0.34913966059684753
YNL330C,YOL004W,1,-1.7111901,0.212900310754776,0.9402390718460083,0.34913966059684753
YJL063C,YCR098C,0,-1.7112465,0.21285231411457062,0.9402390718460083,0.349239706993103
YOL010W,YNL127W,0,-1.7119051,0.21280433237552643,0.9402390718460083,0.34933972358703613
YGR166W,YOR339C,0,-1.712052,0.21275636553764343,0.9402390718460083,0.3494397699832916
YCL037C,YOR298C-A,0,-1.7121822,0.21270842850208282,0.9402390718460083,0.3495398163795471
YDL127W,YGR257C,0,-1.7123903,0.2126605063676834,0.9402390718460083,0.3496398627758026
YBL002W,YFL026W,0,-1.7126645,0.21261261403560638,0.9402390718460083,0.3497399091720581
YBL084C,YPR024W,0,-1.7134253,0.21256473660469055,0.9402390718460083,0.3498399257659912
YDR446W,YGL032C,0,-1.713587,0.2125168889760971,0.9402390718460083,0.3499399721622467
YFL024C,YIL048W,0,-1.7143302,0.21246905624866486,0.9402390718460083,0.3500400185585022
YKL026C,YKR095W-A,0,-1.714442,0.2124212384223938,0.9402390718460083,0.3501400649547577
YKL042W,YJR073C,0,-1.7144744,0.21237345039844513,0.9402390718460083,0.3502400815486908
YIL091C,YJL113W,0,-1.7145005,0.21232569217681885,0.9402390718460083,0.3503401279449463
YBR057C,YGL222C,0,-1.7149364,0.21227793395519257,0.9402390718460083,0.3504401743412018
YBL030C,YOR096W,0,-1.7154592,0.21223022043704987,0.9402390718460083,0.3505402207374573
YDR319C,YOR386W,0,-1.7154948,0.21218250691890717,0.9402390718460083,0.35064026713371277
YMR278W,YHL034C,0,-1.7158412,0.21213483810424805,0.9402390718460083,0.3507402837276459
YIR002C,YDR405W,0,-1.7159866,0.21208716928958893,0.9402390718460083,0.35084033012390137
YBR058C,YDR138W,0,-1.7160048,0.2120395302772522,0.9402390718460083,0.35094037652015686
YOR224C,YDL076C,1,-1.7160877,0.21221648156642914,0.9412350654602051,0.35094037652015686
YNL172W,YGR057C,0,-1.7165767,0.2121688425540924,0.9412350654602051,0.35104042291641235
YGL008C,YDL177C,0,-1.7167763,0.21212121844291687,0.9412350654602051,0.35114046931266785
YNL177C,YLR063W,0,-1.7172177,0.21207360923290253,0.9412350654602051,0.35124048590660095
YHR205W,YGR049W,0,-1.7175562,0.21202602982521057,0.9412350654602051,0.35134053230285645
YPL106C,YDR348C,0,-1.7183853,0.2119784653186798,0.9412350654602051,0.35144057869911194
YIL148W,YCL064C,0,-1.71847,0.21193093061447144,0.9412350654602051,0.35154062509536743
YHR134W,YKR034W,0,-1.7189733,0.21188341081142426,0.9412350654602051,0.35164064168930054
YGL198W,YOL143C,0,-1.7191402,0.21183590590953827,0.9412350654602051,0.35174068808555603
YPL215W,YJR066W,0,-1.7196859,0.21178843080997467,0.9412350654602051,0.3518407344818115
YLR373C,YIL150C,0,-1.7199186,0.21174098551273346,0.9412350654602051,0.351940780878067
YIL089W,YML127W,0,-1.7201066,0.21169355511665344,0.9412350654602051,0.3520408272743225
YOR378W,YBL009W,0,-1.7201635,0.21164613962173462,0.9412350654602051,0.3521408438682556
YCL032W,YLR429W,0,-1.7207669,0.211598739027977,0.9412350654602051,0.3522408902645111
YHL009C,YNL297C,0,-1.7207919,0.21155138313770294,0.9412350654602051,0.3523409366607666
YGL112C,YDR488C,0,-1.7208041,0.2115040272474289,0.9412350654602051,0.3524409830570221
YOL132W,YGR227W,0,-1.7210219,0.21145670115947723,0.9412350654602051,0.3525410294532776
YDR138W,YBR049C,1,-1.7212211,0.2116331160068512,0.9422310590744019,0.3525410294532776
YDR205W,YIL149C,0,-1.7212245,0.21158577501773834,0.9422310590744019,0.3526410460472107
YIL148W,YFR010W,0,-1.7221543,0.21153846383094788,0.9422310590744019,0.3527410924434662
YOL005C,YDR130C,0,-1.7221729,0.2114911675453186,0.9422310590744019,0.3528411388397217
YML121W,YGR002C,0,-1.7222894,0.21144390106201172,0.9422310590744019,0.3529411852359772
YNL192W,YIL085C,0,-1.7223349,0.21139664947986603,0.9422310590744019,0.3530412018299103
YDR156W,YPL139C,1,-1.7230003,0.2115728259086609,0.9432271122932434,0.3530412018299103
YOR193W,YDL102W,0,-1.7232615,0.2115255743265152,0.9432271122932434,0.35314124822616577
YDR378C,YDR026C,0,-1.7234296,0.2114783376455307,0.9432271122932434,0.35324129462242126
YGR221C,YNL249C,0,-1.7235337,0.2114311158657074,0.9432271122932434,0.35334134101867676
YML072C,YHL003C,0,-1.7236986,0.21138392388820648,0.9432271122932434,0.35344138741493225
YGR020C,YOR002W,0,-1.724081,0.21133676171302795,0.9432271122932434,0.35354140400886536
YCL030C,YBL046W,0,-1.7241817,0.21128959953784943,0.9432271122932434,0.35364145040512085
YCR036W,YKL166C,0,-1.7245194,0.2112424671649933,0.9432271122932434,0.35374149680137634
YGL013C,YKL084W,0,-1.7252799,0.21119536459445953,0.9432271122932434,0.35384154319763184
YOR159C,YBL091C,0,-1.7260281,0.21114827692508698,0.9432271122932434,0.35394158959388733
YLR270W,YLR360W,0,-1.7260611,0.2111012041568756,0.9432271122932434,0.35404160618782043
YKL174C,YGR131W,0,-1.7261986,0.21105416119098663,0.9432271122932434,0.3541416525840759
YMR234W,YGL124C,0,-1.7264347,0.21100713312625885,0.9432271122932434,0.3542416989803314
YFL049W,YER122C,0,-1.7264928,0.21096011996269226,0.9432271122932434,0.3543417453765869
YGR002C,YML059C,0,-1.7269651,0.21091313660144806,0.9432271122932434,0.35444176197052
YHL008C,YPL061W,0,-1.727034,0.21086618304252625,0.9432271122932434,0.3545418083667755
YKR053C,YNR016C,0,-1.7272265,0.21081922948360443,0.9432271122932434,0.354641854763031
YOL049W,YML058W,0,-1.7272412,0.210772305727005,0.9432271122932434,0.3547419011592865
YNL182C,YNL155W,0,-1.7277497,0.21072541177272797,0.9432271122932434,0.354841947555542
YNL243W,YER109C,0,-1.7282494,0.21067853271961212,0.9432271122932434,0.3549419641494751
YMR091C,YOR192C,0,-1.7283036,0.21063166856765747,0.9432271122932434,0.3550420105457306
YDR353W,YPR070W,0,-1.728375,0.2105848342180252,0.9432271122932434,0.3551420569419861
YLR075W,YKR014C,0,-1.7285168,0.21053801476955414,0.9432271122932434,0.3552421033382416
YMR234W,YGR241C,0,-1.7285904,0.21049122512340546,0.9432271122932434,0.35534214973449707
YNL263C,YFR024C,0,-1.7292638,0.21044445037841797,0.9432271122932434,0.3554421663284302
YMR302C,YIL044C,0,-1.7293428,0.21039769053459167,0.9432271122932434,0.35554221272468567
YKR006C,YNL053W,0,-1.7293736,0.21035096049308777,0.9432271122932434,0.35564225912094116
YPR144C,YMR303C,0,-1.7295309,0.21030424535274506,0.9432271122932434,0.35574230551719666
YGR006W,YDL226C,0,-1.7295531,0.21025754511356354,0.9432271122932434,0.35584232211112976
YER063W,YLR439W,0,-1.7297145,0.2102108746767044,0.9432271122932434,0.35594236850738525
YOR329C,YLR182W,0,-1.7301838,0.21016421914100647,0.9432271122932434,0.35604241490364075
YNL173C,YOR075W,0,-1.7303127,0.21011759340763092,0.9432271122932434,0.35614246129989624
YGL008C,YGL129C,0,-1.730971,0.21007098257541656,0.9432271122932434,0.35624250769615173
YDR170C,YDR311W,0,-1.7309772,0.2100244015455246,0.9432271122932434,0.35634252429008484
YOL049W,YLR310C,0,-1.731059,0.20997782051563263,0.9432271122932434,0.35644257068634033
YHL004W,YOR192C,0,-1.7311754,0.20993128418922424,0.9432271122932434,0.3565426170825958
YNR057C,YOR369C,0,-1.7312795,0.20988474786281586,0.9432271122932434,0.3566426634788513
YER149C,YDL073W,0,-1.7313846,0.20983824133872986,0.9432271122932434,0.3567427098751068
YOR026W,YBR111W-A,0,-1.7314687,0.20979176461696625,0.9432271122932434,0.3568427264690399
YKL022C,YLR312C-B,0,-1.7319571,0.20974528789520264,0.9432271122932434,0.3569427728652954
YGL019W,YNL330C,1,-1.7320285,0.20992028713226318,0.9442231059074402,0.3569427728652954
YAL039C,YBR168W,0,-1.7329534,0.20987381041049957,0.9442231059074402,0.3570428192615509
YPL086C,YGR041W,0,-1.7335087,0.20982736349105835,0.9442231059074402,0.3571428656578064
YFL002C,YGL222C,0,-1.734265,0.20978093147277832,0.9442231059074402,0.3572429120540619
YOR148C,YFL047W,0,-1.7343111,0.20973451435565948,0.9442231059074402,0.357342928647995
YJL021C,YLR182W,0,-1.7345449,0.20968812704086304,0.9442231059074402,0.3574429750442505
YIL160C,YHR141C,0,-1.7351528,0.20964175462722778,0.9442231059074402,0.357543021440506
YHR100C,YMR308C,0,-1.7353188,0.20959539711475372,0.9442231059074402,0.3576430678367615
YOR192C,YBR168W,0,-1.7360166,0.20954906940460205,0.9442231059074402,0.3577430844306946
YIL035C,YDR039C,0,-1.7362685,0.20950275659561157,0.9442231059074402,0.3578431308269501
YBL034C,YIL044C,0,-1.7363693,0.20945647358894348,0.9442231059074402,0.35794317722320557
YLR055C,YNR059W,0,-1.7366513,0.20941020548343658,0.9442231059074402,0.35804322361946106
YIL066C,YBR058C,0,-1.7371393,0.20936395227909088,0.9442231059074402,0.35814327001571655
YOR096W,YIL023C,0,-1.737949,0.20931772887706757,0.9442231059074402,0.35824328660964966
YJL127C,YOL045W,0,-1.7381722,0.20927152037620544,0.9442231059074402,0.35834333300590515
YDR499W,YDR315C,0,-1.7385277,0.2092253416776657,0.9442231059074402,0.35844337940216064
YNR045W,YFR028C,0,-1.7387394,0.20917916297912598,0.9442231059074402,0.35854342579841614
YGR062C,YER095W,0,-1.7387761,0.20913302898406982,0.9442231059074402,0.35864347219467163
YDL165W,YHR214C-B,0,-1.7396711,0.20908689498901367,0.9442231059074402,0.35874348878860474
YOR317W,YPR008W,0,-1.7398219,0.2090407907962799,0.9442231059074402,0.35884353518486023
YFL036W,YER170W,0,-1.739897,0.20899471640586853,0.9442231059074402,0.3589435815811157
YDL093W,YBR020W,0,-1.7400652,0.20894864201545715,0.9442231059074402,0.3590436279773712
YLR229C,YJR026W,0,-1.7402276,0.20890259742736816,0.9442231059074402,0.3591436445713043
YBR162W-A,YOL091W,0,-1.7407407,0.20885658264160156,0.9442231059074402,0.3592436909675598
YOR350C,YGL195W,0,-1.7408866,0.20881056785583496,0.9442231059074402,0.3593437373638153
YCL025C,YHR128W,0,-1.7411498,0.20876458287239075,0.9442231059074402,0.3594437837600708
YOR209C,YFL048C,0,-1.7413434,0.20871862769126892,0.9442231059074402,0.3595438301563263
YOR321W,YLR287C-A,0,-1.742051,0.2086726874113083,0.9442231059074402,0.3596438467502594
YBL047C,YKL143W,0,-1.7422143,0.20862676203250885,0.9442231059074402,0.3597438931465149
YIR017C,YDL127W,0,-1.7430798,0.2085808515548706,0.9442231059074402,0.3598439395427704
YLR421C,YKR016W,0,-1.7432364,0.20853497087955475,0.9442231059074402,0.3599439859390259
YOR076C,YPR128C,0,-1.7436441,0.20848912000656128,0.9442231059074402,0.36004403233528137
YDR170C,YDR545W,0,-1.7439705,0.2084432691335678,0.9442231059074402,0.3601440489292145
YKL145W,YLL022C,0,-1.7443757,0.20839744806289673,0.9442231059074402,0.36024409532546997
YLR044C,YCR041W,0,-1.7444193,0.20835164189338684,0.9442231059074402,0.36034414172172546
YKL198C,YIL150C,0,-1.7447168,0.20830586552619934,0.9442231059074402,0.36044418811798096
YHL004W,YDR416W,0,-1.7450536,0.20826010406017303,0.9442231059074402,0.36054420471191406
YJL041W,YPL188W,0,-1.7453798,0.20821435749530792,0.9442231059074402,0.36064425110816956
YNR001C,YBR111W-A,0,-1.7453805,0.2081686407327652,0.9442231059074402,0.36074429750442505
YKL198C,YPR017C,0,-1.7466294,0.20812293887138367,0.9442231059074402,0.36084434390068054
YDR473C,YHL047C,0,-1.7466829,0.20807726681232452,0.9442231059074402,0.36094439029693604
YCR071C,YML056C,0,-1.7469884,0.20803159475326538,0.9442231059074402,0.36104440689086914
YJR125C,YPL029W,0,-1.7472597,0.20798595249652863,0.9442231059074402,0.36114445328712463
YNL110C,YHR173C,0,-1.747398,0.20794034004211426,0.9442231059074402,0.3612444996833801
YEL016C,YCR066W,0,-1.7476243,0.20789474248886108,0.9442231059074402,0.3613445460796356
YJL012C-A,YDR515W,0,-1.7476357,0.2078491598367691,0.9442231059074402,0.3614445924758911
YDR097C,YKL105C,0,-1.7482039,0.20780359208583832,0.9442231059074402,0.3615446090698242
YLL013C,YNL249C,0,-1.7484905,0.20775805413722992,0.9442231059074402,0.3616446554660797
YOL039W,YLR362W,0,-1.7489043,0.20771253108978271,0.9442231059074402,0.3617447018623352
YNL148C,YFL006W,0,-1.7490559,0.2076670378446579,0.9442231059074402,0.3618447482585907
YLR057W,YLL022C,0,-1.7492468,0.20762154459953308,0.9442231059074402,0.3619447648525238
YGL031C,YNR032W,0,-1.7498595,0.20757609605789185,0.9442231059074402,0.3620448112487793
YKL139W,YDL076C,1,-1.7502328,0.20774956047534943,0.945219099521637,0.3620448112487793
YMR106C,YGL119W,0,-1.7505888,0.207704097032547,0.945219099521637,0.3621448576450348
YIL044C,YLR373C,0,-1.7508672,0.20765864849090576,0.945219099521637,0.3622449040412903
YBR132C,YCL057C-A,0,-1.7509574,0.20761321485042572,0.945219099521637,0.3623449504375458
YER161C,YGR040W,0,-1.750961,0.20756781101226807,0.945219099521637,0.3624449670314789
YLL066C,YKR034W,0,-1.7510077,0.2075224071741104,0.945219099521637,0.3625450134277344
YJL167W,YGL015C,0,-1.7512988,0.20747704803943634,0.945219099521637,0.36264505982398987
YER183C,YGR171C,0,-1.7513934,0.20743168890476227,0.945219099521637,0.36274510622024536
YLR260W,YHR108W,0,-1.7515337,0.20738635957241058,0.945219099521637,0.36284515261650085
YJL172W,YHR001W-A,0,-1.7516562,0.2073410600423813,0.945219099521637,0.36294516921043396
YLR229C,YBR067C,0,-1.7518194,0.207295760512352,0.945219099521637,0.36304521560668945
YFL060C,YFL005W,0,-1.7519886,0.20725049078464508,0.945219099521637,0.36314526200294495
YGR101W,YDR060W,0,-1.7523495,0.20720523595809937,0.945219099521637,0.36324530839920044
YPL162C,YML072C,0,-1.7524683,0.20716001093387604,0.945219099521637,0.36334532499313354
YBL072C,YLL040C,0,-1.7526357,0.2071148008108139,0.945219099521637,0.36344537138938904
YDR540C,YPL046C,0,-1.752688,0.20706960558891296,0.945219099521637,0.36354541778564453
YJL061W,YGR224W,0,-1.752988,0.2070244401693344,0.945219099521637,0.3636454641819
YDR385W,YNR032W,0,-1.7530495,0.20697927474975586,0.945219099521637,0.3637455105781555
YCR104W,YIL113W,0,-1.753797,0.2069341540336609,0.945219099521637,0.3638455271720886
YDL008W,YBR035C,0,-1.7542638,0.20688903331756592,0.945219099521637,0.3639455735683441
YGL005C,YDR259C,0,-1.7545573,0.20684394240379333,0.945219099521637,0.3640456199645996
YNL148C,YMR296C,0,-1.7549585,0.20679886639118195,0.945219099521637,0.3641456663608551
YCL037C,YDR225W,0,-1.7551122,0.20675380527973175,0.945219099521637,0.3642457127571106
YDL015C,YBR128C,0,-1.7554765,0.20670877397060394,0.945219099521637,0.3643457293510437
YLR188W,YDL246C,0,-1.7562691,0.20666375756263733,0.945219099521637,0.3644457757472992
YDR517W,YGR077C,0,-1.7567415,0.2066187709569931,0.945219099521637,0.3645458221435547
YER111C,YDR206W,0,-1.7570611,0.20657379925251007,0.945219099521637,0.3646458685398102
YML059C,YDR372C,0,-1.7573794,0.20652884244918823,0.945219099521637,0.3647458851337433
YJR066W,YDR311W,1,-1.7574788,0.20670147240161896,0.9462151527404785,0.3647458851337433
YPR121W,YIL046W,0,-1.7574993,0.20665651559829712,0.9462151527404785,0.3648459315299988
YHR119W,YOL128C,0,-1.7575864,0.20661157369613647,0.9462151527404785,0.3649459779262543
YDL204W,YMR169C,0,-1.7576259,0.20656664669513702,0.9462151527404785,0.36504602432250977
YOR393W,YJR133W,0,-1.7581637,0.20652173459529877,0.9462151527404785,0.36514607071876526
YHR045W,YKL183W,0,-1.758416,0.2064768522977829,0.9462151527404785,0.36524608731269836
YOL165C,YKL093W,0,-1.7585138,0.20643198490142822,0.9462151527404785,0.36534613370895386
YCR029C-A,YLR079W,0,-1.7589742,0.20638713240623474,0.9462151527404785,0.36544618010520935
YOR356W,YLR353W,0,-1.7599884,0.20634230971336365,0.9462151527404785,0.36554622650146484
YLR155C,YLR045C,0,-1.760094,0.20629750192165375,0.9462151527404785,0.36564627289772034
YHR126C,YBR189W,0,-1.7602264,0.20625270903110504,0.9462151527404785,0.36574628949165344
YJL025W,YHR189W,0,-1.7606143,0.20620794594287872,0.9462151527404785,0.36584633588790894
YKL167C,YMR023C,0,-1.7606729,0.2061631977558136,0.9462151527404785,0.36594638228416443
YHR216W,YDL154W,0,-1.7606806,0.20611846446990967,0.9462151527404785,0.3660464286804199
YEL013W,YHR166C,0,-1.7607229,0.20607374608516693,0.9462151527404785,0.366146445274353
YDR184C,YPL147W,0,-1.7608646,0.20602905750274658,0.9462151527404785,0.3662464916706085
YDR160W,YBR058C,0,-1.7609223,0.20598438382148743,0.9462151527404785,0.366346538066864
YNL259C,YIL158W,0,-1.7611325,0.20593973994255066,0.9462151527404785,0.3664465844631195
YBR057C,YFL060C,0,-1.7615212,0.2058950960636139,0.9462151527404785,0.366546630859375
YKR091W,YBR035C,0,-1.7615595,0.2058504819869995,0.9462151527404785,0.3666466474533081
YGR262C,YLR429W,0,-1.7624106,0.20580589771270752,0.9462151527404785,0.3667466938495636
YJL092W,YBR041W,0,-1.7625245,0.20576131343841553,0.9462151527404785,0.3668467402458191
YLR386W,YDR458C,0,-1.7631372,0.20571675896644592,0.9462151527404785,0.3669467866420746
YMR094W,YCR066W,0,-1.763403,0.2056722193956375,0.9462151527404785,0.3670468330383301
YLR391W,YKL213C,0,-1.7639023,0.2056277096271515,0.9462151527404785,0.3671468496322632
YOR337W,YKR077W,0,-1.7646102,0.20558319985866547,0.9462151527404785,0.3672468960285187
YGR076C,YLR310C,0,-1.7646916,0.20553873479366302,0.9462151527404785,0.36734694242477417
YLR341W,YDR023W,0,-1.7657794,0.20549426972866058,0.9462151527404785,0.36744698882102966
YCR008W,YDR372C,0,-1.7658485,0.20544981956481934,0.9462151527404785,0.36754700541496277
YCL025C,YHR040W,0,-1.7660838,0.20540539920330048,0.9462151527404785,0.36764705181121826
YHR153C,YGR054W,0,-1.7661592,0.205361008644104,0.9462151527404785,0.36774709820747375
YGR252W,YJR073C,0,-1.7664858,0.20531661808490753,0.9462151527404785,0.36784714460372925
YIL073C,YHR186C,0,-1.7665572,0.20527225732803345,0.9462151527404785,0.36794719099998474
YIR017C,YLR115W,0,-1.7667068,0.20522791147232056,0.9462151527404785,0.36804720759391785
YML116W,YCL064C,0,-1.7671688,0.20518358051776886,0.9462151527404785,0.36814725399017334
YMR017W,YJL057C,0,-1.7672814,0.20513927936553955,0.9462151527404785,0.36824730038642883
YDR253C,YAL011W,0,-1.7675494,0.20509499311447144,0.9462151527404785,0.3683473467826843
YOR202W,YEL015W,0,-1.7676903,0.20505072176456451,0.9462151527404785,0.3684473931789398
YKL109W,YDR080W,0,-1.7677611,0.20500648021697998,0.9462151527404785,0.3685474097728729
YHL025W,YHR166C,0,-1.7681793,0.20496223866939545,0.9462151527404785,0.3686474561691284
YFL061W,YIL136W,0,-1.768835,0.2049180269241333,0.9462151527404785,0.3687475025653839
YOR337W,YBR111W-A,0,-1.7690071,0.20487384498119354,0.9462151527404785,0.3688475489616394
YJR084W,YHR031C,0,-1.7694522,0.20482966303825378,0.9462151527404785,0.3689475655555725
YMR075W,YBL047C,0,-1.7697604,0.2047855108976364,0.9462151527404785,0.369047611951828
YGL002W,YLR044C,0,-1.7704209,0.20474137365818024,0.9462151527404785,0.3691476583480835
YDR217C,YNL127W,0,-1.7704357,0.20469726622104645,0.9462151527404785,0.369247704744339
YGL112C,YDL015C,0,-1.7710011,0.20465317368507385,0.9462151527404785,0.3693477511405945
YMR302C,YDL008W,0,-1.7711962,0.20460909605026245,0.9462151527404785,0.3694477677345276
YPL030W,YBR041W,0,-1.7716216,0.20456503331661224,0.9462151527404785,0.3695478141307831
YPL186C,YDL215C,0,-1.7720193,0.20452098548412323,0.9462151527404785,0.3696478605270386
YER011W,YDR285W,0,-1.7722889,0.2044769674539566,0.9462151527404785,0.36974790692329407
YOR204W,YGL040C,0,-1.772617,0.20443296432495117,0.9462151527404785,0.36984795331954956
YEL042W,YKL114C,0,-1.772862,0.20438899099826813,0.9462151527404785,0.36994796991348267
YLR313C,YDR308C,0,-1.7732298,0.20434501767158508,0.9462151527404785,0.37004801630973816
YAR033W,YHL001W,0,-1.7732438,0.20430107414722443,0.9462151527404785,0.37014806270599365
YNR032W,YGL119W,0,-1.7733115,0.20425714552402496,0.9462151527404785,0.37024810910224915
YJR022W,YLR016C,0,-1.773882,0.2042132467031479,0.9462151527404785,0.37034812569618225
YLR167W,YLR203C,0,-1.7740662,0.2041693478822708,0.9462151527404785,0.37044817209243774
YFL024C,YFL004W,0,-1.7741097,0.20412547886371613,0.9462151527404785,0.37054821848869324
YPL162C,YNL068C,0,-1.7743173,0.20408163964748383,0.9462151527404785,0.37064826488494873
YCR071C,YML127W,0,-1.7744201,0.20403780043125153,0.9462151527404785,0.3707483112812042
YDR443C,YCR098C,0,-1.7747996,0.2039939910173416,0.9462151527404785,0.37084832787513733
YLR174W,YGR057C,0,-1.7752289,0.2039501965045929,0.9462151527404785,0.3709483742713928
YMR216C,YLR045C,0,-1.7755239,0.20390641689300537,0.9462151527404785,0.3710484206676483
YMR268W-A,YDL076C,0,-1.7756779,0.20386266708374023,0.9462151527404785,0.3711484670639038
YDR026C,YER164W,1,-1.7761469,0.20403346419334412,0.9472111463546753,0.3711484670639038
YOR297C,YKR022C,0,-1.7767687,0.20398969948291779,0.9472111463546753,0.3712485134601593
YPL061W,YDR097C,0,-1.7768916,0.20394596457481384,0.9472111463546753,0.3713485300540924
YOR065W,YBL029C-A,0,-1.7772094,0.2039022296667099,0.9472111463546753,0.3714485764503479
YHR185C,YNL070W,0,-1.7774206,0.20385852456092834,0.9472111463546753,0.3715486228466034
YFL033C,YDR032C,0,-1.7779388,0.20381483435630798,0.9472111463546753,0.3716486692428589
YMR263W,YML112W,1,-1.7781042,0.20398542284965515,0.9482071995735168,0.3716486692428589
YDR311W,YNL139C,1,-1.7781233,0.20415595173835754,0.9492031931877136,0.3716486692428589
YMR059W,YDR313C,0,-1.7785283,0.2041122317314148,0.9492031931877136,0.371748685836792
YOL159C,YLR223C,0,-1.7786404,0.20406852662563324,0.9492031931877136,0.3718487322330475
YKR053C,YNL250W,0,-1.7789086,0.20402483642101288,0.9492031931877136,0.371948778629303
YDR170C,YCR077C,0,-1.7793039,0.2039811611175537,0.9492031931877136,0.37204882502555847
YBL047C,YMR011W,0,-1.7794825,0.20393751561641693,0.9492031931877136,0.37214887142181396
YOR254C,YJL113W,0,-1.779797,0.20389388501644135,0.9492031931877136,0.37224888801574707
YML098W,YML059C,0,-1.7798039,0.20385026931762695,0.9492031931877136,0.37234893441200256
YNR045W,YGL105W,0,-1.7802403,0.20380666851997375,0.9492031931877136,0.37244898080825806
YDR517W,YLR287C-A,0,-1.7806808,0.20376309752464294,0.9492031931877136,0.37254902720451355
YNL231C,YOL031C,0,-1.7810129,0.20371954143047333,0.9492031931877136,0.37264907360076904
YML126C,YHR184W,0,-1.781439,0.2036760002374649,0.9492031931877136,0.37274909019470215
YPL259C,YPL094C,0,-1.781521,0.20363247394561768,0.9492031931877136,0.37284913659095764
YLR035C,YJR133W,0,-1.781938,0.20358897745609283,0.9492031931877136,0.37294918298721313
YDL127W,YDR319C,0,-1.7822163,0.2035454958677292,0.9492031931877136,0.37304922938346863
YML062C,YOL128C,0,-1.7823251,0.20350202918052673,0.9492031931877136,0.37314924597740173
YJR066W,YKL139W,1,-1.7826792,0.20367208123207092,0.9501991868019104,0.37314924597740173
YHR170W,YJL114W,0,-1.7827425,0.20362859964370728,0.9501991868019104,0.3732492923736572
YIR017C,YML072C,0,-1.7827888,0.20358514785766602,0.9501991868019104,0.3733493387699127
YML008C,YOR079C,0,-1.7829691,0.20354171097278595,0.9501991868019104,0.3734493851661682
YML058W,YIL091C,0,-1.7830244,0.20349828898906708,0.9501991868019104,0.3735494315624237
YBR078W,YPL219W,0,-1.7830492,0.2034548968076706,0.9501991868019104,0.3736494481563568
YKL182W,YLL002W,0,-1.7833381,0.2034115195274353,0.9501991868019104,0.3737494945526123
YIL044C,YDR023W,0,-1.783377,0.2033681571483612,0.9501991868019104,0.3738495409488678
YNL078W,YPR018W,0,-1.7834998,0.2033248096704483,0.9501991868019104,0.3739495873451233
YMR116C,YDR182W,0,-1.7835389,0.2032814770936966,0.9501991868019104,0.3740496337413788
YPL019C,YHR205W,0,-1.7837547,0.20323817431926727,0.9501991868019104,0.3741496503353119
YDR173C,YKL158W,0,-1.7839187,0.20319488644599915,0.9501991868019104,0.3742496967315674
YHR020W,YOR209C,0,-1.784197,0.2031516134738922,0.9501991868019104,0.3743497431278229
YPL246C,YKR050W,0,-1.7844537,0.20310837030410767,0.9501991868019104,0.37444978952407837
YOL119C,YJR068W,0,-1.7847679,0.20306512713432312,0.9501991868019104,0.3745498061180115
YDR137W,YLR403W,0,-1.7855152,0.20302191376686096,0.9501991868019104,0.37464985251426697
YPL186C,YCL057C-A,0,-1.7856618,0.2029787302017212,0.9501991868019104,0.37474989891052246
YML121W,YHR132W-A,0,-1.7859114,0.20293554663658142,0.9501991868019104,0.37484994530677795
YMR138W,YER170W,0,-1.7862116,0.20289239287376404,0.9501991868019104,0.37494999170303345
YBL084C,YKR069W,0,-1.7863499,0.20284923911094666,0.9501991868019104,0.37505000829696655
YDR416W,YHR186C,0,-1.7865341,0.20280611515045166,0.9501991868019104,0.37515005469322205
YPL172C,YER091C,0,-1.7869835,0.20276302099227905,0.9501991868019104,0.37525010108947754
YNL330C,YDR311W,1,-1.787457,0.2029324322938919,0.951195240020752,0.37525010108947754
YER147C,YJR127C,0,-1.7874616,0.2028893083333969,0.951195240020752,0.37535014748573303
YKR037C,YLR370C,0,-1.787553,0.2028462141752243,0.951195240020752,0.3754501938819885
YMR302C,YCR040W,0,-1.7875949,0.20280314981937408,0.951195240020752,0.37555021047592163
YHR132C,YOR209C,0,-1.7878197,0.20276008546352386,0.951195240020752,0.3756502568721771
YDL055C,YER183C,0,-1.7878358,0.20271705090999603,0.951195240020752,0.3757503032684326
YDL076C,YGL244W,1,-1.7879392,0.20288625359535217,0.9521912336349487,0.3757503032684326
YIL089W,YFR010W,0,-1.7879691,0.20284320414066315,0.9521912336349487,0.3758503496646881
YOR393W,YIL023C,0,-1.7880379,0.20280016958713531,0.9521912336349487,0.3759503662586212
YHL009C,YPR018W,0,-1.788211,0.20275716483592987,0.9521912336349487,0.3760504126548767
YGL028C,YOR057W,0,-1.7883242,0.20271416008472443,0.9521912336349487,0.3761504590511322
YFR048W,YEL016C,0,-1.7886502,0.20267118513584137,0.9521912336349487,0.3762505054473877
YMR179W,YPR164W,0,-1.7890921,0.2026282250881195,0.9521912336349487,0.3763505518436432
YDR041W,YBL091C,0,-1.7891365,0.20258529484272003,0.9521912336349487,0.3764505684375763
YCL037C,YOR208W,0,-1.789825,0.20254237949848175,0.9521912336349487,0.3765506148338318
YGR041W,YNR070W,0,-1.7898958,0.20249946415424347,0.9521912336349487,0.3766506612300873
YOL119C,YLR292C,0,-1.7899688,0.20245659351348877,0.9521912336349487,0.3767507076263428
YMR023C,YHR027C,0,-1.7901794,0.20241372287273407,0.9521912336349487,0.37685075402259827
YNL078W,YLR370C,0,-1.7903064,0.20237086713314056,0.9521912336349487,0.37695077061653137
YGR212W,YDL226C,0,-1.7903136,0.20232804119586945,0.9521912336349487,0.37705081701278687
YBR123C,YCR077C,0,-1.790686,0.20228523015975952,0.9521912336349487,0.37715086340904236
YKL114C,YDR160W,0,-1.7908525,0.2022424340248108,0.9521912336349487,0.37725090980529785
YBR049C,YJR066W,1,-1.7911658,0.20241117477416992,0.9531872272491455,0.37725090980529785
YCR040W,YLR310C,0,-1.7912446,0.20236836373806,0.9531872272491455,0.37735092639923096
YDR039C,YML102W,0,-1.7926679,0.20232558250427246,0.9531872272491455,0.37745097279548645
YLR427W,YIL150C,0,-1.7928888,0.20228281617164612,0.9531872272491455,0.37755101919174194
YLR103C,YER155C,0,-1.7929162,0.20224006474018097,0.9531872272491455,0.37765106558799744
YDL067C,YGL002W,0,-1.7933213,0.2021973431110382,0.9531872272491455,0.37775111198425293
YGL212W,YOL006C,0,-1.7934222,0.20215462148189545,0.9531872272491455,0.37785112857818604
YLR403W,YOR057W,0,-1.7936686,0.20211192965507507,0.9531872272491455,0.37795117497444153
YOR374W,YCL057C-A,0,-1.7939123,0.2020692527294159,0.9531872272491455,0.378051221370697
YGR221C,YKR068C,0,-1.7941405,0.2020266056060791,0.9531872272491455,0.3781512677669525
YCR063W,YDR406W,0,-1.7942597,0.2019839584827423,0.9531872272491455,0.378251314163208
YJR045C,YBR283C,0,-1.7944645,0.2019413411617279,0.9531872272491455,0.3783513307571411
YLR284C,YGR124W,0,-1.7950888,0.2018987387418747,0.9531872272491455,0.3784513771533966
YNL172W,YPL174C,0,-1.795175,0.20185615122318268,0.9531872272491455,0.3785514235496521
YOR113W,YGL222C,0,-1.7956802,0.20181357860565186,0.9531872272491455,0.3786514699459076
YDL052C,YBR079C,0,-1.7958595,0.20177103579044342,0.9531872272491455,0.3787514865398407
YDL061C,YPL283C,0,-1.7961609,0.20172849297523499,0.9531872272491455,0.3788515329360962
YNL128W,YCR024C-A,0,-1.7964994,0.20168597996234894,0.9531872272491455,0.3789515793323517
YNR021W,YBR079C,0,-1.796567,0.20164348185062408,0.9531872272491455,0.3790516257286072
YMR075W,YNL297C,0,-1.796688,0.20160101354122162,0.9531872272491455,0.37915167212486267
YJL096W,YLR253W,0,-1.7968923,0.20155854523181915,0.9531872272491455,0.3792516887187958
YIL165C,YGL223C,0,-1.7971703,0.20151610672473907,0.9531872272491455,0.37935173511505127
YPL063W,YGR167W,0,-1.7976655,0.2014736831188202,0.9531872272491455,0.37945178151130676
YNR032W,YIL014W,0,-1.797686,0.2014312744140625,0.9531872272491455,0.37955182790756226
YLR353W,YBR145W,0,-1.7977117,0.2013888955116272,0.9531872272491455,0.37965187430381775
YOR307C,YGL015C,0,-1.7979476,0.2013465166091919,0.9531872272491455,0.37975189089775085
YML058W,YGR211W,0,-1.797973,0.20130416750907898,0.9531872272491455,0.37985193729400635
YER071C,YOR383C,0,-1.798094,0.20126183331012726,0.9531872272491455,0.37995198369026184
YBR254C,YOL031C,0,-1.7985528,0.20121951401233673,0.9531872272491455,0.38005203008651733
YIL162W,YHR092C,0,-1.7990345,0.2011772096157074,0.9531872272491455,0.38015204668045044
YHL009C,YDR311W,0,-1.7992146,0.20113493502140045,0.9531872272491455,0.38025209307670593
YIL035C,YOL001W,0,-1.7993944,0.2010926604270935,0.9531872272491455,0.3803521394729614
YOR378W,YPR182W,0,-1.8002172,0.20105041563510895,0.9531872272491455,0.3804521858692169
YIL044C,YCL019W,0,-1.8002192,0.20100818574428558,0.9531872272491455,0.3805522322654724
YBL004W,YGL205W,0,-1.8007282,0.2009659856557846,0.9531872272491455,0.3806522488594055
YMR302C,YBR276C,0,-1.8008575,0.20092378556728363,0.9531872272491455,0.380752295255661
YLR233C,YML056C,0,-1.8011177,0.20088161528110504,0.9531872272491455,0.3808523416519165
YDR026C,YJL035C,0,-1.8011749,0.20083945989608765,0.9531872272491455,0.380952388048172
YPL074W,YMR028W,0,-1.8013386,0.20079731941223145,0.9531872272491455,0.3810524344444275
YDR019C,YKL182W,0,-1.8018086,0.20075519382953644,0.9531872272491455,0.3811524510383606
YHR173C,YDL153C,0,-1.8018732,0.20071308314800262,0.9531872272491455,0.3812524974346161
YOR368W,YDR145W,0,-1.8019358,0.2006710022687912,0.9531872272491455,0.3813525438308716
YLR284C,YNR028W,0,-1.8023391,0.20062893629074097,0.9531872272491455,0.3814525902271271
YJL081C,YGR054W,0,-1.8023459,0.20058688521385193,0.9531872272491455,0.3815526068210602
YJR016C,YKR068C,0,-1.8026243,0.20054484903812408,0.9531872272491455,0.3816526532173157
YOR131C,YDL060W,0,-1.8032318,0.20050282776355743,0.9531872272491455,0.38175269961357117
YPL030W,YHR055C,0,-1.8033109,0.20046083629131317,0.9531872272491455,0.38185274600982666
YHR185C,YER042W,0,-1.8033866,0.2004188448190689,0.9531872272491455,0.38195279240608215
YBR071W,YHL025W,0,-1.8040766,0.20037688314914703,0.9531872272491455,0.38205280900001526
YOL142W,YOR338W,0,-1.8042405,0.20033493638038635,0.9531872272491455,0.38215285539627075
YGL124C,YGR024C,0,-1.804511,0.20029300451278687,0.9531872272491455,0.38225290179252625
YOL039W,YDR311W,0,-1.8045744,0.20025110244750977,0.9531872272491455,0.38235294818878174
YGR054W,YJL112W,0,-1.8045933,0.20020920038223267,0.9531872272491455,0.38245299458503723
YER042W,YFL048C,0,-1.8046025,0.20016732811927795,0.9531872272491455,0.38255301117897034
YPL226W,YPR122W,0,-1.804919,0.20012547075748444,0.9531872272491455,0.38265305757522583
YLL035W,YNR032W,0,-1.8057635,0.2000836282968521,0.9531872272491455,0.3827531039714813
YJR022W,YLR153C,0,-1.8057921,0.20004180073738098,0.9531872272491455,0.3828531503677368
YLR115W,YGL019W,0,-1.8058525,0.20000000298023224,0.9531872272491455,0.3829531669616699
YOR133W,YDR003W,0,-1.8058974,0.1999582052230835,0.9531872272491455,0.3830532133579254
YPL046C,YGL144C,0,-1.8060726,0.19991643726825714,0.9531872272491455,0.3831532597541809
YIR036C,YNR032W,0,-1.8067311,0.19987468421459198,0.9531872272491455,0.3832533061504364
YMR180C,YKR100C,0,-1.8068467,0.199832946062088,0.9531872272491455,0.3833533525466919
YMR067C,YGL213C,0,-1.8072978,0.19979123771190643,0.9531872272491455,0.383453369140625
YCL061C,YDR141C,0,-1.8074688,0.19974952936172485,0.9531872272491455,0.3835534155368805
YBR189W,YKR013W,0,-1.8077235,0.19970785081386566,0.9531872272491455,0.383653461933136
YER022W,YIL091C,0,-1.8077291,0.19966618716716766,0.9531872272491455,0.3837535083293915
YKL004W,YGL186C,0,-1.8077704,0.19962452352046967,0.9531872272491455,0.383853554725647
YLR057W,YLR403W,0,-1.8080487,0.19958290457725525,0.9531872272491455,0.3839535713195801
YGR150C,YOR233W,0,-1.8084211,0.19954128563404083,0.9531872272491455,0.38405361771583557
YKL175W,YNL130C,0,-1.8086172,0.1994996815919876,0.9531872272491455,0.38415366411209106
YGR066C,YIL101C,0,-1.808751,0.19945810735225677,0.9531872272491455,0.38425371050834656
YLR384C,YOR011W,0,-1.8087589,0.19941654801368713,0.9531872272491455,0.38435372710227966
YNL128W,YCL057C-A,0,-1.8089316,0.1993750035762787,0.9531872272491455,0.38445377349853516
YFL018W-A,YDR167W,0,-1.809183,0.19933347404003143,0.9531872272491455,0.38455381989479065
YHR020W,YGR152C,0,-1.8091949,0.19929195940494537,0.9531872272491455,0.38465386629104614
YIL053W,YOL049W,0,-1.8093463,0.1992504745721817,0.9531872272491455,0.38475391268730164
YNL097C,YNL139C,1,-1.8096191,0.19941715896129608,0.9541832804679871,0.38475391268730164
YBL047C,YER111C,0,-1.8097365,0.19937564432621002,0.9541832804679871,0.38485392928123474
YMR102C,YBR114W,0,-1.810311,0.19933415949344635,0.9541832804679871,0.38495397567749023
YDR079W,YMR114C,0,-1.8106619,0.19929270446300507,0.9541832804679871,0.3850540220737457
YJR045C,YOR335C,0,-1.8107636,0.19925124943256378,0.9541832804679871,0.3851540684700012
YBL039W-B,YPL273W,0,-1.811415,0.1992098093032837,0.9541832804679871,0.3852541148662567
YNR043W,YDR499W,0,-1.8117787,0.199168398976326,0.9541832804679871,0.3853541314601898
YMR240C,YFL048C,0,-1.8123144,0.19912700355052948,0.9541832804679871,0.3854541778564453
YIL053W,YPR134W,0,-1.8123451,0.19908562302589417,0.9541832804679871,0.3855542242527008
YDR476C,YMR102C,0,-1.8124852,0.19904425740242004,0.9541832804679871,0.3856542706489563
YKR077W,YGL158W,0,-1.8125445,0.19900290668010712,0.9541832804679871,0.3857542872428894
YOR202W,YBR132C,0,-1.8126736,0.19896158576011658,0.9541832804679871,0.3858543336391449
YOL092W,YFL026W,0,-1.8127991,0.19892026484012604,0.9541832804679871,0.3859543800354004
YIL042C,YMR273C,0,-1.8128098,0.19887897372245789,0.9541832804679871,0.3860544264316559
YDL149W,YER091C,0,-1.8129209,0.19883769750595093,0.9541832804679871,0.3861544728279114
YNL227C,YGR263C,0,-1.8131768,0.19879643619060516,0.9541832804679871,0.3862544894218445
YDR443C,YCL063W,0,-1.813249,0.1987551897764206,0.9541832804679871,0.3863545358181
YGR285C,YAL034C,0,-1.814094,0.19871395826339722,0.9541832804679871,0.38645458221435547
YBR035C,YJL142C,0,-1.8141448,0.19867275655269623,0.9541832804679871,0.38655462861061096
YGL005C,YCR073C,0,-1.8141773,0.19863155484199524,0.9541832804679871,0.38665467500686646
YNL247W,YBR020W,0,-1.8142686,0.19859038293361664,0.9541832804679871,0.38675469160079956
YML008C,YBL079W,0,-1.8142909,0.19854922592639923,0.9541832804679871,0.38685473799705505
YOL159C,YAL068C,0,-1.8143783,0.19850808382034302,0.9541832804679871,0.38695478439331055
YOR128C,YFL048C,0,-1.8152362,0.198466956615448,0.9541832804679871,0.38705483078956604
YFR014C,YLL040C,0,-1.8154316,0.19842584431171417,0.9541832804679871,0.38715484738349915
YBR153W,YLR063W,0,-1.8160256,0.19838476181030273,0.9541832804679871,0.38725489377975464
YFL049W,YPL058C,0,-1.8162309,0.1983436793088913,0.9541832804679871,0.38735494017601013
YIL035C,YMR097C,0,-1.81639,0.19830262660980225,0.9541832804679871,0.3874549865722656
YLR409C,YPL276W,0,-1.8164353,0.1982615888118744,0.9541832804679871,0.3875550329685211
YEL013W,YDR312W,0,-1.8166444,0.19822056591510773,0.9541832804679871,0.3876550495624542
YHR100C,YLR179C,0,-1.8167962,0.19817955791950226,0.9541832804679871,0.3877550959587097
YFR022W,YKR069W,0,-1.8172475,0.19813857972621918,0.9541832804679871,0.3878551423549652
YLR063W,YHR141C,0,-1.8174644,0.1980976015329361,0.9541832804679871,0.3879551887512207
YIL011W,YIL091C,0,-1.8176713,0.1980566531419754,0.9541832804679871,0.3880552351474762
YGL032C,YPR018W,0,-1.8185359,0.1980157047510147,0.9541832804679871,0.3881552517414093
YPL046C,YLR057W,0,-1.8189809,0.1979747861623764,0.9541832804679871,0.3882552981376648
YJR124C,YPL273W,0,-1.8192183,0.1979338824748993,0.9541832804679871,0.3883553445339203
YLR153C,YOR159C,0,-1.8193498,0.19789299368858337,0.9541832804679871,0.3884553909301758
YBL025W,YLR312C-B,0,-1.8194177,0.19785211980342865,0.9541832804679871,0.3885554075241089
YHL037C,YDL127W,0,-1.8194792,0.1978112757205963,0.9541832804679871,0.3886554539203644
YGR171C,YFR007W,0,-1.8195338,0.19777043163776398,0.9541832804679871,0.3887555003166199
YOR192C,YHR031C,0,-1.8199784,0.19772961735725403,0.9541832804679871,0.38885554671287537
YGL215W,YOR081C,0,-1.8201075,0.19768881797790527,0.9541832804679871,0.38895559310913086
YER031C,YLR329W,0,-1.8202636,0.1976480334997177,0.9541832804679871,0.38905560970306396
YKR069W,YLR299W,0,-1.8204142,0.19760726392269135,0.9541832804679871,0.38915565609931946
YGR202C,YIR037W,0,-1.8205873,0.19756650924682617,0.9541832804679871,0.38925570249557495
YPL022W,YMR094W,0,-1.8207442,0.1975257694721222,0.9541832804679871,0.38935574889183044
YOL165C,YBR168W,0,-1.8207707,0.1974850594997406,0.9541832804679871,0.38945579528808594
YNL177C,YBR168W,0,-1.8210729,0.197444349527359,0.9541832804679871,0.38955581188201904
YJL164C,YIR019C,0,-1.8211085,0.1974036693572998,0.9541832804679871,0.38965585827827454
YKL204W,YCL063W,0,-1.8216449,0.1973630040884018,0.9541832804679871,0.38975590467453003
YNL137C,YER111C,0,-1.8217359,0.19732235372066498,0.9541832804679871,0.3898559510707855
YBL015W,YDR375C,0,-1.8222474,0.19728171825408936,0.9541832804679871,0.38995596766471863
YIL149C,YBR020W,0,-1.8225378,0.19724109768867493,0.9541832804679871,0.3900560140609741
YER183C,YPL104W,0,-1.8227304,0.1972004920244217,0.9541832804679871,0.3901560604572296
YBL030C,YOR018W,0,-1.8231477,0.19715991616249084,0.9541832804679871,0.3902561068534851
YER120W,YJR016C,0,-1.8231853,0.19711934030056,0.9541832804679871,0.3903561532497406
YOR126C,YDL045W-A,0,-1.8238622,0.19707879424095154,0.9541832804679871,0.3904561698436737
YGR062C,YOR078W,0,-1.8239582,0.19703826308250427,0.9541832804679871,0.3905562162399292
YDL005C,YFL006W,0,-1.8242913,0.196997731924057,0.9541832804679871,0.3906562626361847
YJR144W,YLR157C,0,-1.8243576,0.19695723056793213,0.9541832804679871,0.3907563090324402
YDR238C,YDR375C,0,-1.8243655,0.19691675901412964,0.9541832804679871,0.3908563554286957
YKL137W,YLR166C,0,-1.8243816,0.19687628746032715,0.9541832804679871,0.3909563720226288
YGR292W,YFL060C,0,-1.8245522,0.19683583080768585,0.9541832804679871,0.3910564184188843
YMR164C,YKL160W,0,-1.824719,0.19679540395736694,0.9541832804679871,0.39115646481513977
YGR263C,YNL320W,0,-1.8252683,0.19675497710704803,0.9541832804679871,0.39125651121139526
YBR195C,YFL049W,0,-1.8253217,0.1967145800590515,0.9541832804679871,0.39135652780532837
YPL139C,YLR141W,1,-1.8253913,0.19687949120998383,0.9551792740821838,0.39135652780532837
YIL073C,YKL006C-A,0,-1.8260372,0.1968390792608261,0.9551792740821838,0.39145657420158386
YOR298C-A,YGR057C,0,-1.8264309,0.1967986822128296,0.9551792740821838,0.39155662059783936
YFR031C-A,YBR067C,0,-1.8266665,0.19675831496715546,0.9551792740821838,0.39165666699409485
YER095W,YDR446W,0,-1.8277289,0.19671794772148132,0.9551792740821838,0.39175671339035034
YOR337W,YBR088C,0,-1.8278456,0.19667761027812958,0.9551792740821838,0.39185672998428345
YHR132W-A,YDL076C,0,-1.8285061,0.19663727283477783,0.9551792740821838,0.39195677638053894
YCR036W,YER123W,0,-1.828847,0.19659696519374847,0.9551792740821838,0.39205682277679443
YIL168W,YPL259C,0,-1.8291533,0.1965566724538803,0.9551792740821838,0.3921568691730499
YHR132C,YHR027C,0,-1.8293061,0.19651639461517334,0.9551792740821838,0.3922569155693054
YDR026C,YPR017C,0,-1.8295457,0.19647613167762756,0.9551792740821838,0.3923569321632385
YHR069C,YDR277C,0,-1.8298128,0.19643588364124298,0.9551792740821838,0.392456978559494
YKL022C,YML102W,0,-1.8305331,0.1963956654071808,0.9551792740821838,0.3925570249557495
YNL231C,YHR048W,0,-1.8305792,0.1963554471731186,0.9551792740821838,0.392657071352005
YGR191W,YKR102W,0,-1.8312434,0.1963152438402176,0.9551792740821838,0.3927570879459381
YLR393W,YKR094C,0,-1.8314042,0.19627507030963898,0.9551792740821838,0.3928571343421936
YLR157C,YKR006C,0,-1.8315592,0.19623491168022156,0.9551792740821838,0.3929571807384491
YBL076C,YCL034W,0,-1.8316494,0.19619476795196533,0.9551792740821838,0.3930572271347046
YGR212W,YOL143C,0,-1.8318814,0.1961546391248703,0.9551792740821838,0.3931572735309601
YCR097WB,YFL024C,0,-1.8320525,0.19611452519893646,0.9551792740821838,0.3932572901248932
YER173W,YPL104W,0,-1.8324033,0.19607442617416382,0.9551792740821838,0.3933573365211487
YOR368W,YLR329W,0,-1.8329755,0.19603434205055237,0.9551792740821838,0.3934573829174042
YPL216W,YBR084W,0,-1.8329935,0.1959942728281021,0.9551792740821838,0.39355742931365967
YMR270C,YLR155C,0,-1.83315,0.19595423340797424,0.9551792740821838,0.39365747570991516
YCL034W,YGR145W,0,-1.8332739,0.19591419398784637,0.9551792740821838,0.39375749230384827
YNL297C,YPL140C,0,-1.8335212,0.1958741843700409,0.9551792740821838,0.39385753870010376
YDL007W,YLL002W,0,-1.833834,0.1958341896533966,0.9551792740821838,0.39395758509635925
YGL222C,YBR243C,0,-1.8338712,0.19579419493675232,0.9551792740821838,0.39405763149261475
YLR391W,YJL021C,0,-1.8340179,0.19575423002243042,0.9551792740821838,0.39415767788887024
YBL034C,YMR149W,0,-1.834092,0.19571428000926971,0.9551792740821838,0.39425769448280334
YNL148C,YML016C,0,-1.834154,0.1956743448972702,0.9551792740821838,0.39435774087905884
YER025W,YFL060C,0,-1.8342788,0.19563443958759308,0.9551792740821838,0.39445778727531433
YJL130C,YNR058W,0,-1.8345227,0.19559453427791595,0.9551792740821838,0.3945578336715698
YPL156C,YJL057C,0,-1.8353955,0.19555464386940002,0.9551792740821838,0.39465785026550293
YML008C,YIL066C,0,-1.8354073,0.19551478326320648,0.9551792740821838,0.3947578966617584
YOR034C,YPR018W,0,-1.8354167,0.19547492265701294,0.9551792740821838,0.3948579430580139
YAL053W,YOR202W,0,-1.8355129,0.19543509185314178,0.9551792740821838,0.3949579894542694
YGL212W,YML070W,0,-1.8360231,0.19539527595043182,0.9551792740821838,0.3950580358505249
YJR138W,YLL067C,0,-1.8360264,0.19535547494888306,0.9551792740821838,0.395158052444458
YLR421C,YCL064C,0,-1.8366164,0.19531568884849548,0.9551792740821838,0.3952580988407135
YOR329C,YOR292C,0,-1.8369985,0.1952759176492691,0.9551792740821838,0.395358145236969
YGR221C,YDR451C,0,-1.8372755,0.19523616135120392,0.9551792740821838,0.3954581916332245
YIL083C,YDR320C-A,0,-1.8374113,0.19519641995429993,0.9551792740821838,0.39555823802948
YIL148W,YNR032W,0,-1.8383594,0.19515669345855713,0.9551792740821838,0.3956582546234131
YLR115W,YGL075C,0,-1.8385007,0.19511698186397552,0.9551792740821838,0.3957583010196686
YBL076C,YHR100C,0,-1.8386533,0.1950773000717163,0.9551792740821838,0.3958583474159241
YPL216W,YNL021W,0,-1.8387177,0.1950376182794571,0.9551792740821838,0.39595839381217957
YLR116W,YLR220W,0,-1.838931,0.19499796628952026,0.9551792740821838,0.39605841040611267
YHR027C,YPL200W,0,-1.8390331,0.19495832920074463,0.9551792740821838,0.39615845680236816
YPR082C,YOR356W,0,-1.8392084,0.194918692111969,0.9551792740821838,0.39625850319862366
YGR272C,YGL030W,0,-1.8392633,0.19487908482551575,0.9551792740821838,0.39635854959487915
YPR106W,YKR095W-A,0,-1.8393987,0.1948394924402237,0.9551792740821838,0.39645859599113464
YNR001C,YKL114C,0,-1.839427,0.19479991495609283,0.9551792740821838,0.39655861258506775
YCR036W,YKL006W,0,-1.8396622,0.19476035237312317,0.9551792740821838,0.39665865898132324
YHR098C,YFL034C-A,0,-1.8398737,0.1947208195924759,0.9551792740821838,0.39675870537757874
YER063W,YBR067C,0,-1.8408985,0.1946812868118286,0.9551792740821838,0.39685875177383423
YOR198C,YNL077W,0,-1.8410143,0.19464176893234253,0.9551792740821838,0.3969587981700897
YHR065C,YHR173C,0,-1.8414413,0.19460226595401764,0.9551792740821838,0.3970588147640228
YPL094C,YBR274W,0,-1.8416098,0.19456279277801514,0.9551792740821838,0.3971588611602783
YLR395C,YOL045W,0,-1.8417642,0.19452331960201263,0.9551792740821838,0.3972589075565338
YAL053W,YDR047W,0,-1.8418152,0.19448387622833252,0.9551792740821838,0.3973589539527893
YGL200C,YLR312C-B,0,-1.8419154,0.1944444477558136,0.9551792740821838,0.3974589705467224
YOL005C,YLL040C,0,-1.842068,0.19440503418445587,0.9551792740821838,0.3975590169429779
YLR253W,YBL087C,0,-1.8429428,0.19436562061309814,0.9551792740821838,0.3976590633392334
YEL013W,YDR023W,0,-1.843536,0.1943262368440628,0.9551792740821838,0.3977591097354889
YIL035C,YLR194C,0,-1.8437997,0.19428686797618866,0.9551792740821838,0.3978591561317444
YKL130C,YLR429W,0,-1.8439434,0.1942475140094757,0.9551792740821838,0.3979591727256775
YBR135W,YFL047W,0,-1.844041,0.19420817494392395,0.9551792740821838,0.398059219121933
YBR035C,YOR181W,0,-1.8444306,0.19416886568069458,0.9551792740821838,0.3981592655181885
YCR029C-A,YOL143C,0,-1.844469,0.1941295564174652,0.9551792740821838,0.39825931191444397
YLR174W,YKL055C,0,-1.8445181,0.19409026205539703,0.9551792740821838,0.39835935831069946
YOR127W,YLR179C,0,-1.8447312,0.19405099749565125,0.9551792740821838,0.39845937490463257
YER071C,YAL033W,0,-1.8449095,0.19401173293590546,0.9551792740821838,0.39855942130088806
YGL153W,YDR406W,0,-1.8450657,0.19397249817848206,0.9551792740821838,0.39865946769714355
YLR427W,YDL093W,0,-1.845128,0.19393326342105865,0.9551792740821838,0.39875951409339905
YOL071W,YLR310C,0,-1.8454621,0.19389405846595764,0.9551792740821838,0.39885953068733215
YLR395C,YKL150W,0,-1.8454998,0.19385486841201782,0.9551792740821838,0.39895957708358765
YKL084W,YDR375C,0,-1.8456165,0.193815678358078,0.9551792740821838,0.39905962347984314
YOR350C,YLR130C,0,-1.8458492,0.19377651810646057,0.9551792740821838,0.39915966987609863
YOR368W,YJL127C,0,-1.846027,0.19373737275600433,0.9551792740821838,0.3992597162723541
YGL013C,YDR237W,0,-1.8460749,0.1936982423067093,0.9551792740821838,0.39935973286628723
YBR158W,YBR153W,0,-1.8464398,0.19365912675857544,0.9551792740821838,0.3994597792625427
YMR268W-A,YPL198W,0,-1.8466188,0.19362002611160278,0.9551792740821838,0.3995598256587982
YNL247W,YLR353W,0,-1.8474671,0.19358094036579132,0.9551792740821838,0.3996598720550537
YMR203W,YLR045C,0,-1.8474795,0.19354186952114105,0.9551792740821838,0.3997599184513092
YKL166C,YHL047C,0,-1.8476576,0.19350282847881317,0.9551792740821838,0.3998599350452423
YER031C,YKL035W,0,-1.8476905,0.1934637874364853,0.9551792740821838,0.3999599814414978
YDR087C,YHR045W,0,-1.8481104,0.1934247612953186,0.9551792740821838,0.4000600278377533
YOR335C,YFR021W,0,-1.8481424,0.1933857649564743,0.9551792740821838,0.4001600742340088
YJR089W,YGR171C,0,-1.8484602,0.19334676861763,0.9551792740821838,0.4002600908279419
YOR180C,YML126C,0,-1.848804,0.1933078020811081,0.9551792740821838,0.4003601372241974
YIR005W,YAL002W,0,-1.8489472,0.19326885044574738,0.9551792740821838,0.4004601836204529
YLR391W,YFR010W,0,-1.8489568,0.19322989881038666,0.9551792740821838,0.4005602300167084
YOR383C,YFR024C,0,-1.8489863,0.19319097697734833,0.9551792740821838,0.40066027641296387
YER071C,YDR476C,0,-1.8501296,0.1931520700454712,0.9551792740821838,0.400760293006897
YER149C,YBL039W-B,0,-1.8501709,0.19311316311359406,0.9551792740821838,0.40086033940315247
YKR102W,YOR335C,0,-1.8503757,0.1930742859840393,0.9551792740821838,0.40096038579940796
YGR191W,YLR312C-B,0,-1.8506862,0.19303542375564575,0.9551792740821838,0.40106043219566345
YER151C,YNL079C,0,-1.8507408,0.1929965764284134,0.9551792740821838,0.40116047859191895
YDR482C,YDR407C,0,-1.8509218,0.19295774400234222,0.9551792740821838,0.40126049518585205
YIL014W,YOL004W,0,-1.8518025,0.19291892647743225,0.9551792740821838,0.40136054158210754
YPL134C,YFR007W,0,-1.8519071,0.19288012385368347,0.9551792740821838,0.40146058797836304
YOR231W,YOL128C,0,-1.852018,0.1928413361310959,0.9551792740821838,0.40156063437461853
YGL028C,YDR367W,0,-1.8523134,0.1928025782108307,0.9551792740821838,0.40166065096855164
YDR473C,YPL283C,0,-1.8524106,0.1927638202905655,0.9551792740821838,0.40176069736480713
YMR321C,YDR375C,0,-1.8525198,0.1927250772714615,0.9551792740821838,0.4018607437610626
YIL108W,YIR019C,0,-1.8530415,0.19268636405467987,0.9551792740821838,0.4019607901573181
YMR089C,YCL066W,0,-1.8531203,0.19264765083789825,0.9551792740821838,0.4020608365535736
YGR166W,YCL061C,0,-1.8531612,0.19260895252227783,0.9551792740821838,0.4021608531475067
YBL002W,YDR069C,0,-1.8532106,0.1925702840089798,0.9551792740821838,0.4022608995437622
YBR114W,YHR083W,0,-1.85331,0.19253161549568176,0.9551792740821838,0.4023609459400177
YKR063C,YDR065W,0,-1.853499,0.19249297678470612,0.9551792740821838,0.4024609923362732
YKL101W,YJR084W,0,-1.8540117,0.19245433807373047,0.9551792740821838,0.4025610387325287
YOR084W,YER161C,0,-1.8541238,0.1924157291650772,0.9551792740821838,0.4026610553264618
YDR434W,YGR024C,0,-1.8542224,0.19237713515758514,0.9551792740821838,0.4027611017227173
YFL033C,YMR120C,0,-1.854539,0.19233854115009308,0.9551792740821838,0.4028611481189728
YFL006W,YGL092W,0,-1.8545396,0.1922999769449234,0.9551792740821838,0.40296119451522827
YLR233C,YLR035C,0,-1.8545822,0.19226142764091492,0.9551792740821838,0.4030612111091614
YGL008C,YPL283C,0,-1.8554121,0.19222289323806763,0.9551792740821838,0.40316125750541687
YOR084W,YLR044C,0,-1.8554252,0.19218437373638153,0.9551792740821838,0.40326130390167236
YER091C,YML016C,0,-1.8554693,0.19214586913585663,0.9551792740821838,0.40336135029792786
YHR214C-B,YDL060W,0,-1.855505,0.19210736453533173,0.9551792740821838,0.40346139669418335
YHR083W,YFR007W,0,-1.8555998,0.1920688897371292,0.9551792740821838,0.40356141328811646
YOR061W,YJR066W,1,-1.8558646,0.19223067164421082,0.9561753273010254,0.40356141328811646
YJR143C,YOR126C,0,-1.856069,0.1921921968460083,0.9561753273010254,0.40366145968437195
YLR242C,YJR043C,0,-1.8562758,0.1921537220478058,0.9561753273010254,0.40376150608062744
YHR002W,YPR024W,0,-1.8566862,0.19211526215076447,0.9561753273010254,0.40386155247688293
YHR214C-B,YLL067C,0,-1.8568656,0.19207683205604553,0.9561753273010254,0.4039615988731384
YNL230C,YDR369C,0,-1.857308,0.1920384019613266,0.9561753273010254,0.40406161546707153
YNR009W,YPR089W,0,-1.8573313,0.19200000166893005,0.9561753273010254,0.404161661863327
YMR149W,YKL137W,0,-1.8573506,0.1919616013765335,0.9561753273010254,0.4042617082595825
YDR002W,YNL173C,0,-1.8573868,0.19192323088645935,0.9561753273010254,0.404361754655838
YNL099C,YJL099W,0,-1.8574015,0.1918848752975464,0.9561753273010254,0.4044617712497711
YGR277C,YDL211C,0,-1.8574599,0.19184651970863342,0.9561753273010254,0.4045618176460266
YMR180C,YPL070W,0,-1.8581935,0.19180819392204285,0.9561753273010254,0.4046618640422821
YJR073C,YMR296C,0,-1.8582512,0.19176988303661346,0.9561753273010254,0.4047619104385376
YER177W,YOR393W,0,-1.8585705,0.19173157215118408,0.9561753273010254,0.4048619568347931
YPR164W,YOL143C,0,-1.8586148,0.1916932910680771,0.9561753273010254,0.4049619734287262
YNL230C,YCR104W,0,-1.8586408,0.1916550248861313,0.9561753273010254,0.4050620198249817
YDR206W,YER160C,0,-1.8588321,0.19161677360534668,0.9561753273010254,0.4051620662212372
YBR250W,YNR047W,0,-1.8590765,0.19157852232456207,0.9561753273010254,0.4052621126174927
YFL049W,YCR041W,0,-1.859858,0.19154030084609985,0.9561753273010254,0.40536215901374817
YPL106C,YNL128W,0,-1.8600274,0.19150209426879883,0.9561753273010254,0.4054621756076813
YKR102W,YLR312C-B,0,-1.8608999,0.191463902592659,0.9561753273010254,0.40556222200393677
YML127W,YDR311W,0,-1.8612169,0.19142572581768036,0.9561753273010254,0.40566226840019226
YPL063W,YCL019W,0,-1.8619162,0.19138756394386292,0.9561753273010254,0.40576231479644775
YMR162C,YNL223W,0,-1.8626481,0.19134941697120667,0.9561753273010254,0.40586233139038086
YMR023C,YJL063C,0,-1.8627464,0.1913112848997116,0.9561753273010254,0.40596237778663635
YGR166W,YKL055C,0,-1.8633081,0.19127316772937775,0.9561753273010254,0.40606242418289185
YOL065C,YGL070C,0,-1.863878,0.19123506546020508,0.9561753273010254,0.40616247057914734
YER011W,YLR287C-A,0,-1.8642405,0.1911969780921936,0.9561753273010254,0.40626251697540283
YDR339C,YOL096C,0,-1.8646479,0.19115890562534332,0.9561753273010254,0.40636253356933594
YCL060C,YIL158W,0,-1.8653697,0.19112084805965424,0.9561753273010254,0.40646257996559143
YPR070W,YML124C,0,-1.8654305,0.19108280539512634,0.9561753273010254,0.4065626263618469
YOR254C,YBR291C,0,-1.8656579,0.19104477763175964,0.9561753273010254,0.4066626727581024
YHR100C,YGR101W,0,-1.8656721,0.19100676476955414,0.9561753273010254,0.4067627191543579
YOL020W,YNR059W,0,-1.8659815,0.19096876680850983,0.9561753273010254,0.406862735748291
YDR351W,YIR017C,0,-1.8660561,0.1909307837486267,0.9561753273010254,0.4069627821445465
YML121W,YLR386W,0,-1.866353,0.19089281558990479,0.9561753273010254,0.407062828540802
YML008C,YIL160C,0,-1.8664205,0.19085487723350525,0.9561753273010254,0.4071628749370575
YLL017W,YDR138W,0,-1.8666033,0.1908169388771057,0.9561753273010254,0.4072628915309906
YFR048W,YGL256W,0,-1.8669235,0.19077901542186737,0.9561753273010254,0.4073629379272461
YGL129C,YLR310C,0,-1.8671659,0.19074110686779022,0.9561753273010254,0.4074629843235016
YLR083C,YMR167W,0,-1.868111,0.19070321321487427,0.9561753273010254,0.4075630307197571
YNR001C,YER042W,0,-1.8682067,0.1906653493642807,0.9561753273010254,0.4076630771160126
YDR238C,YDL045W-A,0,-1.8682415,0.19062748551368713,0.9561753273010254,0.4077630937099457
YDR308C,YGR230W,0,-1.8684402,0.19058963656425476,0.9561753273010254,0.40786314010620117
YNL245C,YHR048W,0,-1.8685797,0.19055180251598358,0.9561753273010254,0.40796318650245667
YDR351W,YDR461W,0,-1.8688445,0.1905139982700348,0.9561753273010254,0.40806323289871216
YPL074W,YGL163C,0,-1.8688716,0.190476194024086,0.9561753273010254,0.40816327929496765
YOR078W,YMR114C,0,-1.868899,0.1904384046792984,0.9561753273010254,0.40826329588890076
YLR205C,YAL011W,0,-1.8689394,0.190400630235672,0.9561753273010254,0.40836334228515625
YJL134W,YMR179W,0,-1.8689736,0.19036288559436798,0.9561753273010254,0.40846338868141174
YDR418W,YPR071W,0,-1.8691728,0.19032514095306396,0.9561753273010254,0.40856343507766724
YOL091W,YBR250W,0,-1.8694831,0.19028741121292114,0.9561753273010254,0.40866345167160034
YGL019W,YLR141W,1,-1.8697234,0.1904478818178177,0.9571713209152222,0.40866345167160034
YIL039W,YJL021C,0,-1.8701769,0.19041015207767487,0.9571713209152222,0.40876349806785583
YDR499W,YLR429W,0,-1.8709639,0.19037242233753204,0.9571713209152222,0.40886354446411133
YKR069W,YDL111C,0,-1.8710047,0.1903347223997116,0.9571713209152222,0.4089635908603668
YOR095C,YFL026W,0,-1.8710495,0.19029702246189117,0.9571713209152222,0.4090636372566223
YGR061C,YIR030C,0,-1.8710853,0.19025935232639313,0.9571713209152222,0.4091636538505554
YLR393W,YBL029C-A,0,-1.8717566,0.19022169709205627,0.9571713209152222,0.4092637002468109
YER031C,YKL182W,0,-1.8721219,0.19018404185771942,0.9571713209152222,0.4093637466430664
YDR256C,YLR403W,0,-1.8725473,0.19014641642570496,0.9571713209152222,0.4094637930393219
YNL330C,YHR205W,1,-1.8730326,0.1903066337108612,0.958167314529419,0.4094637930393219
YJL134W,YDR019C,0,-1.8735268,0.19026899337768555,0.958167314529419,0.4095638394355774
YOR095C,YFL051C,0,-1.874454,0.19023136794567108,0.958167314529419,0.4096638560295105
YGR141W,YIL014W,0,-1.8746998,0.1901937574148178,0.958167314529419,0.409763902425766
YDL067C,YER091C,0,-1.8748151,0.19015616178512573,0.958167314529419,0.4098639488220215
YIL162W,YCL011C,0,-1.8748672,0.19011858105659485,0.958167314529419,0.409963995218277
YER095W,YOR292C,0,-1.8753263,0.19008101522922516,0.958167314529419,0.4100640118122101
YPL019C,YOR174W,0,-1.8761301,0.19004346430301666,0.958167314529419,0.4101640582084656
YHL009C,YLR203C,0,-1.8763593,0.19000592827796936,0.958167314529419,0.41026410460472107
YGL008C,YGL144C,0,-1.8766044,0.18996840715408325,0.958167314529419,0.41036415100097656
YKR063C,YDR109C,0,-1.876745,0.18993090093135834,0.958167314529419,0.41046419739723206
YJL061W,YDR047W,0,-1.8773408,0.18989340960979462,0.958167314529419,0.41056421399116516
YKL198C,YGL053W,0,-1.8773886,0.1898559331893921,0.958167314529419,0.41066426038742065
YPR182W,YER122C,0,-1.8775562,0.18981847167015076,0.958167314529419,0.41076430678367615
YHR100C,YAL009W,0,-1.8776242,0.18978102505207062,0.958167314529419,0.41086435317993164
YJL081C,YGL228W,0,-1.8776463,0.18974359333515167,0.958167314529419,0.41096439957618713
YDR447C,YML057W,0,-1.8779362,0.18970617651939392,0.958167314529419,0.41106441617012024
YGL161C,YDR106W,0,-1.8788736,0.18966877460479736,0.958167314529419,0.41116446256637573
YGR266W,YKR028W,0,-1.8793304,0.189631387591362,0.958167314529419,0.4112645089626312
YER162C,YMR213W,0,-1.879779,0.18959401547908783,0.958167314529419,0.4113645553588867
YHL009C,YBR041W,0,-1.8799442,0.18955664336681366,0.958167314529419,0.4114645719528198
YCR024C-A,YLR006C,0,-1.8805739,0.18951930105686188,0.958167314529419,0.4115646183490753
YLR429W,YDR047W,0,-1.8808826,0.1894819736480713,0.958167314529419,0.4116646647453308
YNL177C,YFL024C,0,-1.8809198,0.1894446611404419,0.958167314529419,0.4117647111415863
YNL008C,YHL032C,0,-1.8811702,0.1894073635339737,0.958167314529419,0.4118647575378418
YPL235W,YLR220W,0,-1.8815742,0.1893700808286667,0.958167314529419,0.4119647741317749
YNL097C,YOL004W,1,-1.881596,0.1895296275615692,0.9591633677482605,0.4119647741317749
YJL082W,YKR022C,0,-1.8816015,0.189492329955101,0.9591633677482605,0.4120648205280304
YLR284C,YPL086C,0,-1.8816601,0.189455047249794,0.9591633677482605,0.4121648669242859
YNL008C,YGL075C,0,-1.8816773,0.1894177794456482,0.9591633677482605,0.4122649133205414
YBR299W,YDR379C-A,0,-1.8817505,0.18938052654266357,0.9591633677482605,0.4123649597167969
YGL161C,YCL011C,0,-1.8820251,0.18934328854084015,0.9591633677482605,0.41246497631073
YOR335C,YGL158W,0,-1.8820862,0.1893060803413391,0.9591633677482605,0.4125650227069855
YMR283C,YER064C,0,-1.8822596,0.18926887214183807,0.9591633677482605,0.41266506910324097
YMR081C,YKL218C,0,-1.8822795,0.18923167884349823,0.9591633677482605,0.41276511549949646
YDL204W,YOR131C,0,-1.8824371,0.18919450044631958,0.9591633677482605,0.41286513209342957
YML017W,YLR270W,0,-1.8824562,0.18915733695030212,0.9591633677482605,0.41296517848968506
YLR393W,YHR166C,0,-1.8825263,0.18912018835544586,0.9591633677482605,0.41306522488594055
YBL025W,YJR066W,1,-1.8827096,0.18927940726280212,0.9601593613624573,0.41306522488594055
YKL109W,YML100W,0,-1.8827515,0.18924224376678467,0.9601593613624573,0.41316527128219604
YFL006W,YLR148W,0,-1.8832148,0.1892051100730896,0.9601593613624573,0.41326531767845154
YOR115C,YHR126C,0,-1.8832647,0.18916797637939453,0.9601593613624573,0.41336533427238464
YJL164C,YOR393W,0,-1.8836341,0.18913085758686066,0.9601593613624573,0.41346538066864014
YPL070W,YER183C,0,-1.8837534,0.18909376859664917,0.9601593613624573,0.41356542706489563
YKL189W,YJR119C,0,-1.8839635,0.18905667960643768,0.9601593613624573,0.4136654734611511
YBR029C,YFL047W,0,-1.8840744,0.1890196055173874,0.9601593613624573,0.4137655198574066
YGL096W,YGR241C,0,-1.884223,0.1889825463294983,0.9601593613624573,0.4138655364513397
YKR091W,YBR067C,0,-1.8842913,0.18894551694393158,0.9601593613624573,0.4139655828475952
YER117W,YGR222W,0,-1.8848745,0.18890848755836487,0.9601593613624573,0.4140656292438507
YCR034W,YPR164W,0,-1.8850657,0.18887147307395935,0.9601593613624573,0.4141656756401062
YOR128C,YJR045C,0,-1.8857632,0.18883447349071503,0.9601593613624573,0.4142656922340393
YCR071C,YIL084C,0,-1.8861474,0.1887974888086319,0.9601593613624573,0.4143657386302948
YNL210W,YGL070C,0,-1.8862288,0.18876051902770996,0.9601593613624573,0.4144657850265503
YNL054W,YKL160W,0,-1.886587,0.18872356414794922,0.9601593613624573,0.4145658314228058
YBL005W-B,YOL143C,0,-1.8868126,0.18868662416934967,0.9601593613624573,0.4146658778190613
YDL161W,YMR094W,0,-1.8869227,0.18864969909191132,0.9601593613624573,0.4147658944129944
YJL087C,YML052W,0,-1.8871922,0.18861278891563416,0.9601593613624573,0.4148659408092499
YMR302C,YPL060W,0,-1.8874006,0.1885758936405182,0.9601593613624573,0.41496598720550537
YFL006W,YBR193C,0,-1.887415,0.18853901326656342,0.9601593613624573,0.41506603360176086
YMR231W,YDR160W,0,-1.8874516,0.18850214779376984,0.9601593613624573,0.41516607999801636
YDR308C,YLR203C,0,-1.887829,0.18846529722213745,0.9601593613624573,0.41526609659194946
YNL243W,YPL093W,0,-1.8880982,0.18842846155166626,0.9601593613624573,0.41536614298820496
YDR461W,YHR083W,0,-1.8883358,0.18839164078235626,0.9601593613624573,0.41546618938446045
YMR011W,YKL084W,0,-1.8883361,0.18835482001304626,0.9601593613624573,0.41556623578071594
YGL070C,YLR312C-B,0,-1.888698,0.18831802904605865,0.9601593613624573,0.41566625237464905
YMR028W,YDR056C,0,-1.8889546,0.18828125298023224,0.9601593613624573,0.41576629877090454
YGR053C,YCL057C-A,0,-1.8897067,0.18824447691440582,0.9601593613624573,0.41586634516716003
YOR099W,YJL105W,0,-1.889783,0.1882077306509018,0.9601593613624573,0.4159663915634155
YHL008C,YHL004W,0,-1.8899425,0.18817099928855896,0.9601593613624573,0.416066437959671
YJR042W,YHR030C,0,-1.8902305,0.18813426792621613,0.9601593613624573,0.4161664545536041
YBR257W,YDR400W,0,-1.8906864,0.18809756636619568,0.9601593613624573,0.4162665009498596
YOR393W,YOR096W,0,-1.8911101,0.18806086480617523,0.9601593613624573,0.4163665473461151
YMR270C,YDR446W,0,-1.8918618,0.18802419304847717,0.9601593613624573,0.4164665937423706
YNL146W,YKL084W,0,-1.8919007,0.1879875212907791,0.9601593613624573,0.4165666401386261
YHR189W,YKL182W,0,-1.8923348,0.18795086443424225,0.9601593613624573,0.4166666567325592
YJL117W,YIR041W,0,-1.8924181,0.18791423738002777,0.9601593613624573,0.4167667031288147
YIL073C,YDR367W,0,-1.8924264,0.1878776103258133,0.9601593613624573,0.4168667495250702
YGR292W,YKR094C,0,-1.8929611,0.18784099817276,0.9601593613624573,0.4169667959213257
YIL046W,YIL157C,0,-1.8933607,0.18780440092086792,0.9601593613624573,0.4170668125152588
YFL006W,YNR016C,0,-1.8934096,0.18776781857013702,0.9601593613624573,0.4171668589115143
YNL297C,YOR104W,0,-1.8936366,0.18773125112056732,0.9601593613624573,0.4172669053077698
YCL060C,YDR083W,0,-1.8938748,0.1876946985721588,0.9601593613624573,0.41736695170402527
YJL171C,YMR081C,0,-1.8940656,0.1876581609249115,0.9601593613624573,0.41746699810028076
YPL140C,YDR141C,0,-1.8943113,0.18762163817882538,0.9601593613624573,0.41756701469421387
YKR050W,YGL032C,0,-1.8950838,0.18758513033390045,0.9601593613624573,0.41766706109046936
YBL033C,YNL231C,0,-1.8954397,0.18754863739013672,0.9601593613624573,0.41776710748672485
YOR231W,YKL155C,0,-1.895486,0.18751215934753418,0.9601593613624573,0.41786715388298035
YFR018C,YPL129W,0,-1.8956558,0.18747569620609283,0.9601593613624573,0.41796720027923584
YHR186C,YFL048C,0,-1.8957661,0.1874392330646515,0.9601593613624573,0.41806721687316895
YML116W,YDR256C,0,-1.8960606,0.18740279972553253,0.9601593613624573,0.41816726326942444
YFL005W,YOL091W,0,-1.8960713,0.18736638128757477,0.9601593613624573,0.41826730966567993
YNL227C,YFL050C,0,-1.8962971,0.187329962849617,0.9601593613624573,0.4183673560619354
YKR013W,YGR121C,0,-1.8965592,0.18729357421398163,0.9601593613624573,0.41846737265586853
YDL005C,YMR208W,0,-1.8969842,0.18725718557834625,0.9601593613624573,0.418567419052124
YGR221C,YBR193C,0,-1.8972265,0.18722082674503326,0.9601593613624573,0.4186674654483795
YGR252W,YFL050C,0,-1.8975791,0.18718446791172028,0.9601593613624573,0.418767511844635
YMR268W-A,YLL010C,0,-1.8977033,0.18714812397956848,0.9601593613624573,0.4188675582408905
YOR335C,YJL082W,0,-1.8978173,0.18711179494857788,0.9601593613624573,0.4189675748348236
YJR010C-A,YHR200W,0,-1.8980199,0.18707549571990967,0.9601593613624573,0.4190676212310791
YCL060C,YLR115W,0,-1.8983552,0.18703919649124146,0.9601593613624573,0.4191676676273346
YBL030C,YDL067C,0,-1.8989061,0.18700291216373444,0.9601593613624573,0.4192677140235901
YPL022W,YBL079W,0,-1.8991305,0.1869666427373886,0.9601593613624573,0.4193677604198456
YOR099W,YNL128W,0,-1.8992993,0.18693038821220398,0.9601593613624573,0.4194677770137787
YKR077W,YBR111W-A,0,-1.8993558,0.18689414858818054,0.9601593613624573,0.4195678234100342
YKL155C,YLL022C,0,-1.8997039,0.1868579238653183,0.9601593613624573,0.4196678698062897
YOL065C,YDR382W,0,-1.8998897,0.18682169914245605,0.9601593613624573,0.41976791620254517
YDR137W,YLR312C-B,0,-1.9000987,0.1867855042219162,0.9601593613624573,0.41986793279647827
YER147C,YHR132C,0,-1.900395,0.18674932420253754,0.9601593613624573,0.41996797919273376
YJL012C-A,YDL008W,0,-1.9008056,0.18671314418315887,0.9601593613624573,0.42006802558898926
YHL003C,YLL016W,0,-1.9010116,0.1866769939661026,0.9601593613624573,0.42016807198524475
YOR338W,YKR068C,0,-1.9010139,0.18664085865020752,0.9601593613624573,0.42026811838150024
YGL110C,YPR159W,0,-1.9010613,0.18660472333431244,0.9601593613624573,0.42036813497543335
YPL129W,YBR097W,0,-1.9016396,0.18656860291957855,0.9601593613624573,0.42046818137168884
YDR219C,YER090W,0,-1.902124,0.18653251230716705,0.9601593613624573,0.42056822776794434
YKL167C,YGR202C,0,-1.9022329,0.18649642169475555,0.9601593613624573,0.42066827416419983
YBL087C,YKL158W,0,-1.902323,0.18646034598350525,0.9601593613624573,0.4207683205604553
YNL250W,YDR026C,0,-1.9026797,0.18642428517341614,0.9601593613624573,0.4208683371543884
YLR395C,YDL226C,0,-1.902727,0.18638823926448822,0.9601593613624573,0.4209683835506439
YDR458C,YOR332W,0,-1.902908,0.1863522082567215,0.9601593613624573,0.4210684299468994
YNL166C,YDL093W,0,-1.9029762,0.18631619215011597,0.9601593613624573,0.4211684763431549
YLR307W,YFL011W,0,-1.9031292,0.18628019094467163,0.9601593613624573,0.421268492937088
YKL109W,YPR017C,0,-1.9033554,0.1862442046403885,0.9601593613624573,0.4213685393333435
YMR011W,YDL061C,0,-1.9035348,0.18620823323726654,0.9601593613624573,0.421468585729599
YOR084W,YML102W,0,-1.9036857,0.1861722618341446,0.9601593613624573,0.4215686321258545
YHR132W-A,YJR010C-A,0,-1.9039809,0.18613632023334503,0.9601593613624573,0.42166867852211
YJL041W,YDR407C,0,-1.9040753,0.18610039353370667,0.9601593613624573,0.4217686951160431
YPR089W,YIL091C,0,-1.9042408,0.1860644668340683,0.9601593613624573,0.4218687415122986
YBR020W,YER042W,0,-1.9046377,0.18602855503559113,0.9601593613624573,0.4219687879085541
YGR211W,YDL073W,0,-1.9047015,0.18599267303943634,0.9601593613624573,0.42206883430480957
YKL204W,YOL128C,0,-1.9047116,0.18595679104328156,0.9601593613624573,0.42216888070106506
YLR056W,YDR353W,0,-1.9048325,0.18592092394828796,0.9601593613624573,0.42226889729499817
YLR313C,YKL187C,0,-1.9053398,0.18588507175445557,0.9601593613624573,0.42236894369125366
YGR224W,YBR022W,0,-1.9055113,0.18584923446178436,0.9601593613624573,0.42246899008750916
YJL122W,YJR045C,0,-1.9055253,0.18581341207027435,0.9601593613624573,0.42256903648376465
YPL022W,YLL022C,0,-1.9058884,0.18577760457992554,0.9601593613624573,0.42266905307769775
YBL030C,YOR321W,0,-1.9059345,0.18574181199073792,0.9601593613624573,0.42276909947395325
YDR039C,YLR129W,0,-1.905983,0.1857060343027115,0.9601593613624573,0.42286914587020874
YHR065C,YFR012W,0,-1.9062945,0.18567025661468506,0.9601593613624573,0.42296919226646423
YKR094C,YJL105W,0,-1.9063145,0.18563450872898102,0.9601593613624573,0.4230692386627197
YOR383C,YHR053C,0,-1.906484,0.18559876084327698,0.9601593613624573,0.42316925525665283
YMR207C,YPL007C,0,-1.9065163,0.18556304275989532,0.9601593613624573,0.4232693016529083
YGL013C,YPR013C,0,-1.9066075,0.18552732467651367,0.9601593613624573,0.4233693480491638
YCR097WB,YDR069C,0,-1.9067234,0.1854916363954544,0.9601593613624573,0.4234693944454193
YJL021C,YHR153C,0,-1.9068595,0.18545594811439514,0.9601593613624573,0.4235694408416748
YNL243W,YGL104C,0,-1.907361,0.18542027473449707,0.9601593613624573,0.4236694574356079
YER071C,YGL019W,0,-1.9074395,0.1853846162557602,0.9601593613624573,0.4237695038318634
YNL096C,YBR101C,0,-1.9076184,0.1853489726781845,0.9601593613624573,0.4238695502281189
YER063W,YOR337W,0,-1.9078711,0.18531334400177002,0.9601593613624573,0.4239695966243744
YOR298C-A,YGR165W,0,-1.9081982,0.18527773022651672,0.9601593613624573,0.4240696132183075
YNL139C,YLR312C-B,0,-1.9082178,0.18524211645126343,0.9601593613624573,0.424169659614563
YPR100W,YIL167W,0,-1.9082708,0.18520653247833252,0.9601593613624573,0.4242697060108185
YER129W,YJR119C,0,-1.9083155,0.1851709634065628,0.9601593613624573,0.424369752407074
YOR298C-A,YGL222C,0,-1.9083449,0.1851353943347931,0.9601593613624573,0.42446979880332947
YML059C,YKR037C,0,-1.9083911,0.18509984016418457,0.9601593613624573,0.4245698153972626
YJL021C,YKL093W,0,-1.9089453,0.18506431579589844,0.9601593613624573,0.42466986179351807
YML062C,YLR313C,0,-1.9094564,0.1850287914276123,0.9601593613624573,0.42476990818977356
YER063W,YHR132W-A,0,-1.9096854,0.18499328196048737,0.9601593613624573,0.42486995458602905
YOL006C,YKL055C,0,-1.909803,0.18495778739452362,0.9601593613624573,0.42497000098228455
YML116W,YGL049C,0,-1.9098645,0.18492230772972107,0.9601593613624573,0.42507001757621765
YNL137C,YMR216C,0,-1.9101454,0.1848868429660797,0.9601593613624573,0.42517006397247314
YMR262W,YCR073C,0,-1.9108776,0.18485139310359955,0.9601593613624573,0.42527011036872864
YFL050C,YLR182W,0,-1.9108988,0.18481595814228058,0.9601593613624573,0.42537015676498413
YML002W,YOR292C,0,-1.9113083,0.1847805231809616,0.9601593613624573,0.42547017335891724
YPR029C,YGL105W,0,-1.9114068,0.18474511802196503,0.9601593613624573,0.42557021975517273
YLR079W,YDL102W,0,-1.9115664,0.18470971286296844,0.9601593613624573,0.4256702661514282
YFL005W,YJL207C,0,-1.9119197,0.18467432260513306,0.9601593613624573,0.4257703125476837
YFL006W,YOL068C,0,-1.9120599,0.18463896214962006,0.9601593613624573,0.4258703589439392
YAR035W,YOR321W,0,-1.9120611,0.18460360169410706,0.9601593613624573,0.4259703755378723
YNR058W,YDR173C,0,-1.912412,0.18456825613975525,0.9601593613624573,0.4260704219341278
YNL070W,YPL085W,0,-1.9135824,0.18453292548656464,0.9601593613624573,0.4261704683303833
YKL068W,YJL113W,0,-1.913712,0.18449760973453522,0.9601593613624573,0.4262705147266388
YCR077C,YER008C,0,-1.9137466,0.184462308883667,0.9601593613624573,0.4263705611228943
YJR072C,YCR007C,0,-1.914299,0.18442700803279877,0.9601593613624573,0.4264705777168274
YMR164C,YDR267C,0,-1.9143561,0.18439173698425293,0.9601593613624573,0.4265706241130829
YLR414C,YFL020C,0,-1.9154468,0.1843564808368683,0.9601593613624573,0.4266706705093384
YPL207W,YER177W,0,-1.9156613,0.18432122468948364,0.9601593613624573,0.42677071690559387
YJR093C,YKL084W,0,-1.9158038,0.1842859834432602,0.9601593613624573,0.426870733499527
YBR274W,YHR020W,0,-1.9161501,0.18425075709819794,0.9601593613624573,0.42697077989578247
YIL169C,YOR075W,0,-1.9163908,0.18421556055545807,0.9601593613624573,0.42707082629203796
YGR049W,YLR045C,0,-1.916416,0.1841803640127182,0.9601593613624573,0.42717087268829346
YER129W,YNL230C,0,-1.9164375,0.18414518237113953,0.9601593613624573,0.42727091908454895
YKL204W,YMR159C,0,-1.9165224,0.18411000072956085,0.9601593613624573,0.42737093567848206
YBR123C,YPL283C,0,-1.9165463,0.18407484889030457,0.9601593613624573,0.42747098207473755
YHR216W,YDR539W,0,-1.9171139,0.18403971195220947,0.9601593613624573,0.42757102847099304
YCL025C,YML116W,0,-1.9173226,0.18400457501411438,0.9601593613624573,0.42767107486724854
YPR017C,YFR012W,0,-1.9173474,0.18396946787834167,0.9601593613624573,0.42777112126350403
YLR390W,YDR115W,0,-1.9178613,0.18393436074256897,0.9601593613624573,0.42787113785743713
YIR005W,YIL157C,0,-1.9178652,0.18389926850795746,0.9601593613624573,0.4279711842536926
YDR170C,YMR208W,0,-1.9180499,0.18386420607566833,0.9601593613624573,0.4280712306499481
YJL087C,YPR159W,0,-1.9186299,0.1838291436433792,0.9601593613624573,0.4281712770462036
YGR167W,YOR057W,0,-1.919161,0.18379409611225128,0.9601593613624573,0.4282712936401367
YLR102C,YBR264C,0,-1.919171,0.18375904858112335,0.9601593613624573,0.4283713400363922
YOR329C,YGR041W,0,-1.9195178,0.1837240308523178,0.9601593613624573,0.4284713864326477
YDR268W,YPL007C,0,-1.9195725,0.18368902802467346,0.9601593613624573,0.4285714328289032
YKR069W,YGL124C,0,-1.9196,0.1836540251970291,0.9601593613624573,0.4286714792251587
YLL017W,YNL022C,0,-1.9203666,0.18361905217170715,0.9601593613624573,0.4287714958190918
YBR111W-A,YBR294W,0,-1.920395,0.1835840791463852,0.9601593613624573,0.4288715422153473
YDR225W,YDR372C,0,-1.9205877,0.18354912102222443,0.9601593613624573,0.4289715886116028
YDR379C-A,YBL075C,0,-1.9211065,0.18351417779922485,0.9601593613624573,0.4290716350078583
YDR447C,YER160C,0,-1.9212931,0.18347924947738647,0.9601593613624573,0.42917168140411377
YEL042W,YDR080W,0,-1.9213982,0.1834443360567093,0.9601593613624573,0.4292716979980469
YML070W,YJL105W,0,-1.9214262,0.1834094375371933,0.9601593613624573,0.42937174439430237
YJL081C,YFL006W,0,-1.9215225,0.1833745539188385,0.9601593613624573,0.42947179079055786
YIL167W,YHL030W,0,-1.9219319,0.1833396703004837,0.9601593613624573,0.42957183718681335
YOR133W,YLR155C,0,-1.9219536,0.1833048164844513,0.9601593613624573,0.42967188358306885
YEL042W,YNL229C,0,-1.9226035,0.18326996266841888,0.9601593613624573,0.42977190017700195
YPL093W,YDR539W,0,-1.9227766,0.18323512375354767,0.9601593613624573,0.42987194657325745
YLL066C,YDR138W,0,-1.9229207,0.18320029973983765,0.9601593613624573,0.42997199296951294
YMR131C,YGL158W,0,-1.9229652,0.18316549062728882,0.9601593613624573,0.43007203936576843
YDR019C,YMR067C,0,-1.923599,0.18313069641590118,0.9601593613624573,0.43017205595970154
YEL032W,YLR148W,0,-1.9238213,0.18309591710567474,0.9601593613624573,0.43027210235595703
YLR056W,YJL158C,0,-1.9241395,0.1830611526966095,0.9601593613624573,0.4303721487522125
YKL091C,YGL160W,0,-1.9244369,0.18302638828754425,0.9601593613624573,0.430472195148468
YOL165C,YNL008C,0,-1.9248359,0.1829916536808014,0.9601593613624573,0.4305722415447235
YHR048W,YIL018W,0,-1.9253494,0.18295691907405853,0.9601593613624573,0.4306722581386566
YIL109C,YGR041W,0,-1.9255042,0.18292219936847687,0.9601593613624573,0.4307723045349121
YNR058W,YGR145W,0,-1.9257015,0.1828874945640564,0.9601593613624573,0.4308723509311676
YDR224C,YGL160W,0,-1.9257473,0.18285280466079712,0.9601593613624573,0.4309723973274231
YAL034C,YLL013C,0,-1.925979,0.18281812965869904,0.9601593613624573,0.4310724437236786
YHR132C,YKL006C-A,0,-1.9262177,0.18278346955776215,0.9601593613624573,0.4311724603176117
YGR077C,YDR475C,0,-1.926314,0.18274880945682526,0.9601593613624573,0.4312725067138672
YBR162W-A,YOR208W,0,-1.927055,0.18271417915821075,0.9601593613624573,0.4313725531101227
YER056C,YBR088C,0,-1.9274379,0.18267954885959625,0.9601593613624573,0.4314725995063782
YMR012W,YGR222W,0,-1.927637,0.18264494836330414,0.9601593613624573,0.4315726161003113
YPL029W,YBL059W,0,-1.9276798,0.18261034786701202,0.9601593613624573,0.4316726624965668
YFR014C,YCL011C,0,-1.9278904,0.1825757622718811,0.9601593613624573,0.43177270889282227
YFR051C,YGL035C,0,-1.9280493,0.18254119157791138,0.9601593613624573,0.43187275528907776
YIL027C,YIL091C,0,-1.9284683,0.18250662088394165,0.9601593613624573,0.43197280168533325
YGR041W,YDL033C,0,-1.9284787,0.1824720799922943,0.9601593613624573,0.43207281827926636
YKL047W,YMR176W,0,-1.9287735,0.18243755400180817,0.9601593613624573,0.43217286467552185
YLL066C,YKR100C,0,-1.9288945,0.18240302801132202,0.9601593613624573,0.43227291107177734
YNL137C,YOL145C,0,-1.9294058,0.18236851692199707,0.9601593613624573,0.43237295746803284
YMR028W,YKL139W,1,-1.9294375,0.18252317607402802,0.961155354976654,0.43237295746803284
YPL086C,YBR128C,0,-1.9297402,0.18248865008354187,0.961155354976654,0.43247300386428833
YOR179C,YLR130C,0,-1.9298474,0.1824541538953781,0.961155354976654,0.43257302045822144
YLR312C-B,YLR148W,0,-1.9299599,0.18241965770721436,0.961155354976654,0.43267306685447693
YBR132C,YMR094W,0,-1.930015,0.1823851764202118,0.961155354976654,0.4327731132507324
YDR170W-A,YCR007C,0,-1.9300398,0.18235072493553162,0.961155354976654,0.4328731596469879
YMR149W,YMR176W,0,-1.9302427,0.18231627345085144,0.961155354976654,0.432973176240921
YGL213C,YHR079C,0,-1.9302677,0.18228182196617126,0.961155354976654,0.4330732226371765
YGL119W,YLR403W,0,-1.9303313,0.18224740028381348,0.961155354976654,0.433173269033432
YPL029W,YAL009W,0,-1.9303333,0.18221299350261688,0.961155354976654,0.4332733154296875
YIL136W,YGR066C,0,-1.9305109,0.1821785867214203,0.961155354976654,0.433373361825943
YBR111W-A,YFL055W,0,-1.9316635,0.18214420974254608,0.961155354976654,0.4334733784198761
YOR179C,YBR111W-A,0,-1.9323871,0.18210983276367188,0.961155354976654,0.4335734248161316
YDR541C,YDR259C,0,-1.9324577,0.18207547068595886,0.961155354976654,0.4336734712123871
YDL019C,YDR322W,0,-1.9325603,0.18204112350940704,0.961155354976654,0.4337735176086426
YNL250W,YLL013C,0,-1.9326034,0.18200679123401642,0.961155354976654,0.43387356400489807
YER120W,YDR475C,0,-1.9328402,0.181972473859787,0.961155354976654,0.4339735805988312
YKR053C,YER155C,0,-1.9329021,0.18193815648555756,0.961155354976654,0.43407362699508667
YFR012W,YJR119C,0,-1.9329311,0.1819038689136505,0.961155354976654,0.43417367339134216
YDR451C,YNL078W,0,-1.9329594,0.18186958134174347,0.961155354976654,0.43427371978759766
YPL139C,YHL025W,1,-1.9330759,0.18202374875545502,0.9621514081954956,0.43427371978759766
YCR063W,YGR006W,0,-1.9332597,0.18198944628238678,0.9621514081954956,0.43437373638153076
YER122C,YGR230W,0,-1.9334801,0.18195517361164093,0.9621514081954956,0.43447378277778625
YAL039C,YAL014C,0,-1.9335947,0.18192090094089508,0.9621514081954956,0.43457382917404175
YLR429W,YNL249C,0,-1.9336969,0.18188664317131042,0.9621514081954956,0.43467387557029724
YGR136W,YLR395C,0,-1.9340018,0.18185241520404816,0.9621514081954956,0.43477392196655273
YHR205W,YER164W,1,-1.9342177,0.18200640380382538,0.9631474018096924,0.43477392196655273
YKL109W,YHR011W,0,-1.9344975,0.18197214603424072,0.9631474018096924,0.43487393856048584
YDR319C,YKL175W,0,-1.9345185,0.18193791806697845,0.9631474018096924,0.43497398495674133
YHR108W,YER160C,0,-1.9346634,0.1819036900997162,0.9631474018096924,0.4350740313529968
YLR414C,YDR026C,0,-1.9350446,0.1818694770336151,0.9631474018096924,0.4351740777492523
YJL063C,YOL004W,0,-1.9357647,0.18183527886867523,0.9631474018096924,0.4352741241455078
YGL120C,YOL096C,0,-1.9364036,0.18180109560489655,0.9631474018096924,0.4353741407394409
YOR009W,YBR294W,0,-1.9364598,0.18176691234111786,0.9631474018096924,0.4354741871356964
YOR321W,YER031C,0,-1.9365734,0.18173275887966156,0.9631474018096924,0.4355742335319519
YPR070W,YDL211C,0,-1.9367428,0.18169860541820526,0.9631474018096924,0.4356742799282074
YBR123C,YOL114C,0,-1.9370161,0.18166448175907135,0.9631474018096924,0.4357742965221405
YHL009C,YGL166W,0,-1.937068,0.18163035809993744,0.9631474018096924,0.435874342918396
YPR089W,YPL122C,0,-1.937133,0.18159624934196472,0.9631474018096924,0.4359743893146515
YHR002W,YKL163W,0,-1.9374844,0.181562140583992,0.9631474018096924,0.436074435710907
YLR233C,YOL004W,0,-1.9376045,0.18152806162834167,0.9631474018096924,0.4361744821071625
YBL017C,YMR075W,0,-1.9377626,0.18149399757385254,0.9631474018096924,0.4362744987010956
YJL145W,YNR059W,0,-1.9377679,0.1814599335193634,0.9631474018096924,0.4363745450973511
YGL104C,YOL143C,0,-1.9381548,0.18142588436603546,0.9631474018096924,0.43647459149360657
YCR077C,YLR035C,0,-1.9386828,0.1813918650150299,0.9631474018096924,0.43657463788986206
YDR434W,YER013W,0,-1.9388653,0.18135784566402435,0.9631474018096924,0.43667468428611755
YDL179W,YFL024C,0,-1.9396182,0.1813238263130188,0.9631474018096924,0.43677470088005066
YKL204W,YGL028C,0,-1.9398139,0.18128983676433563,0.9631474018096924,0.43687474727630615
YDR317W,YMR321C,0,-1.93987,0.18125586211681366,0.9631474018096924,0.43697479367256165
YGR221C,YHR200W,0,-1.9400004,0.1812218874692917,0.9631474018096924,0.43707484006881714
YDR214W,YOL016C,0,-1.9401889,0.1811879277229309,0.9631474018096924,0.43717485666275024
YKL161C,YBR097W,0,-1.9403504,0.18115398287773132,0.9631474018096924,0.43727490305900574
YHR092C,YOR307C,0,-1.9404801,0.18112005293369293,0.9631474018096924,0.43737494945526123
YLR271W,YKL158W,0,-1.9418038,0.18108613789081573,0.9631474018096924,0.4374749958515167
YLR316C,YGR161W-A,0,-1.9423488,0.18105223774909973,0.9631474018096924,0.4375750422477722
YIR030C,YJR084W,0,-1.9432259,0.18101835250854492,0.9631474018096924,0.4376750588417053
YDL225W,YFL006W,0,-1.9441487,0.1809844672679901,0.9631474018096924,0.4377751052379608
YJL012C-A,YDL076C,0,-1.9442729,0.1809505969285965,0.9631474018096924,0.4378751516342163
YHR136C,YDR075W,0,-1.944537,0.18091674149036407,0.9631474018096924,0.4379751980304718
YHR205W,YFL047W,0,-1.9445528,0.18088290095329285,0.9631474018096924,0.4380752444267273
YKL167C,YKL004W,0,-1.9449093,0.1808490753173828,0.9631474018096924,0.4381752610206604
YJR101W,YEL042W,0,-1.9449204,0.18081526458263397,0.9631474018096924,0.4382753074169159
YPR132W,YDL067C,0,-1.9449621,0.18078145384788513,0.9631474018096924,0.4383753538131714
YOR378W,YER161C,0,-1.944992,0.18074765801429749,0.9631474018096924,0.4384754002094269
YJL078C,YDR277C,0,-1.9453177,0.18071389198303223,0.9631474018096924,0.43857541680336
YOL001W,YLL067C,0,-1.9456968,0.18068012595176697,0.9631474018096924,0.4386754631996155
YJL025W,YNL210W,0,-1.9457909,0.1806463599205017,0.9631474018096924,0.43877550959587097
YOR081C,YLR299W,0,-1.9459516,0.18061262369155884,0.9631474018096924,0.43887555599212646
YDL127W,YLR304C,0,-1.9460888,0.18057890236377716,0.9631474018096924,0.43897560238838196
YPL156C,YCR041W,0,-1.9461235,0.18054518103599548,0.9631474018096924,0.43907561898231506
YOR307C,YHR083W,0,-1.9463011,0.180511474609375,0.9631474018096924,0.43917566537857056
YMR216C,YKL084W,0,-1.9463624,0.1804777830839157,0.9631474018096924,0.43927571177482605
YNL097C,YOR123C,1,-1.9465348,0.18063071370124817,0.9641434550285339,0.43927571177482605
YJL130C,YDL215C,0,-1.9467252,0.18059702217578888,0.9641434550285339,0.43937575817108154
YBL046W,YBR291C,0,-1.9467899,0.1805633306503296,0.9641434550285339,0.43947580456733704
YIL136W,YMR114C,0,-1.946956,0.1805296540260315,0.9641434550285339,0.43957582116127014
YNL068C,YLR153C,0,-1.9477336,0.1804959923028946,0.9641434550285339,0.43967586755752563
YHL037C,YDR312W,0,-1.9481857,0.18046234548091888,0.9641434550285339,0.43977591395378113
YAL053W,YOL004W,0,-1.9483337,0.18042869865894318,0.9641434550285339,0.4398759603500366
YJR125C,YCL055W,0,-1.9483727,0.18039508163928986,0.9641434550285339,0.4399759769439697
YGR141W,YDR315C,0,-1.9483913,0.18036146461963654,0.9641434550285339,0.4400760233402252
YKL022C,YGR121C,0,-1.9486974,0.1803278625011444,0.9641434550285339,0.4401760697364807
YLR244C,YLR390W,0,-1.9488596,0.18029427528381348,0.9641434550285339,0.4402761161327362
YLR284C,YIL042C,0,-1.9488683,0.18026070296764374,0.9641434550285339,0.4403761625289917
YML052W,YDR080W,0,-1.9492887,0.1802271455526352,0.9641434550285339,0.4404761791229248
YNL135C,YMR273C,0,-1.9495195,0.18019360303878784,0.9641434550285339,0.4405762255191803
YMR164C,YBR104W,0,-1.9498881,0.1801600605249405,0.9641434550285339,0.4406762719154358
YGL166W,YIL023C,0,-1.9500428,0.18012653291225433,0.9641434550285339,0.4407763183116913
YPL129W,YNL243W,0,-1.950174,0.18009302020072937,0.9641434550285339,0.4408763647079468
YOR204W,YMR216C,0,-1.950524,0.1800595223903656,0.9641434550285339,0.4409763813018799
YPR106W,YKL024C,0,-1.9506956,0.18002603948116302,0.9641434550285339,0.4410764276981354
YFR024C,YDR080W,0,-1.9512002,0.17999255657196045,0.9641434550285339,0.44117647409439087
YNL125C,YIR041W,0,-1.9520413,0.17995910346508026,0.9641434550285339,0.44127652049064636
YOR321W,YER011W,0,-1.9522084,0.17992565035820007,0.9641434550285339,0.44137653708457947
YMR035W,YIR041W,0,-1.9523145,0.17989221215248108,0.9641434550285339,0.44147658348083496
YDR201W,YNL037C,0,-1.9524201,0.17985878884792328,0.9641434550285339,0.44157662987709045
YER099C,YDR103W,0,-1.9524573,0.17982538044452667,0.9641434550285339,0.44167667627334595
YBR195C,YCR066W,0,-1.952466,0.17979197204113007,0.9641434550285339,0.44177672266960144
YNL026W,YIL046W,0,-1.952541,0.17975859344005585,0.9641434550285339,0.44187673926353455
YLL066C,YDR320C-A,0,-1.9528931,0.17972521483898163,0.9641434550285339,0.44197678565979004
YDR224C,YOL096C,0,-1.9529344,0.1796918511390686,0.9641434550285339,0.44207683205604553
YGL247W,YBL033C,0,-1.9529642,0.17965850234031677,0.9641434550285339,0.442176878452301
YDR044W,YHR214C-B,0,-1.9532531,0.17962516844272614,0.9641434550285339,0.4422769248485565
YML121W,YDL215C,0,-1.9539807,0.1795918345451355,0.9641434550285339,0.4423769414424896
YLR312C-B,YOL071W,0,-1.9542125,0.17955853044986725,0.9641434550285339,0.4424769878387451
YBR024W,YGR211W,0,-1.9542798,0.179525226354599,0.9641434550285339,0.4425770342350006
YEL065W,YDR402C,0,-1.9546348,0.17949193716049194,0.9641434550285339,0.4426770806312561
YMR203W,YBL041W,0,-1.9546391,0.17945866286754608,0.9641434550285339,0.4427770972251892
YCR104W,YDR141C,0,-1.9547613,0.17942538857460022,0.9641434550285339,0.4428771436214447
YKL155C,YER170W,0,-1.9556406,0.17939214408397675,0.9641434550285339,0.4429771900177002
YPL162C,YDR473C,0,-1.9558833,0.17935889959335327,0.9641434550285339,0.4430772364139557
YBR299W,YDR545W,0,-1.955936,0.179325670003891,0.9641434550285339,0.4431772828102112
YBL017C,YFL048C,0,-1.9568396,0.1792924553155899,0.9641434550285339,0.4432772994041443
YFR051C,YBL039W-B,0,-1.9572386,0.17925925552845,0.9641434550285339,0.4433773458003998
YDR311W,YBR279W,1,-1.9576466,0.17941121757030487,0.9651394486427307,0.4433773458003998
YLL010C,YJL142C,0,-1.9578177,0.17937800288200378,0.9651394486427307,0.4434773921966553
YDR253C,YDR375C,0,-1.9578285,0.1793448030948639,0.9651394486427307,0.44357743859291077
YLR393W,YNL077W,0,-1.9580096,0.1793116182088852,0.9651394486427307,0.44367748498916626
YBR024W,YOR096W,0,-1.9580967,0.1792784482240677,0.9651394486427307,0.44377750158309937
YFR027W,YMR179W,0,-1.9588438,0.17924527823925018,0.9651394486427307,0.44387754797935486
YGL186C,YOR247W,0,-1.959072,0.17921213805675507,0.9651394486427307,0.44397759437561035
YML008C,YGL186C,0,-1.9600296,0.17917899787425995,0.9651394486427307,0.44407764077186584
YGR277C,YBR084W,0,-1.9601666,0.17914587259292603,0.9651394486427307,0.44417765736579895
YPL215W,YBR041W,0,-1.960204,0.1791127473115921,0.9651394486427307,0.44427770376205444
YDL179W,YGL213C,0,-1.9603373,0.17907965183258057,0.9651394486427307,0.44437775015830994
YOL049W,YOR179C,0,-1.9605643,0.17904655635356903,0.9651394486427307,0.44447779655456543
YDR482C,YNL223W,0,-1.9611877,0.17901349067687988,0.9651394486427307,0.4445778429508209
YER129W,YDR545W,0,-1.9613734,0.17898042500019073,0.9651394486427307,0.44467785954475403
YOL102C,YKL198C,0,-1.961435,0.17894737422466278,0.9651394486427307,0.4447779059410095
YGR006W,YER123W,0,-1.9614995,0.17891432344913483,0.9651394486427307,0.444877952337265
YLL066C,YDL197C,0,-1.9615997,0.17888130247592926,0.9651394486427307,0.4449779987335205
YOL132W,YDR044W,0,-1.9616851,0.1788482815027237,0.9651394486427307,0.445078045129776
YCR040W,YJL041W,0,-1.9624736,0.17881527543067932,0.9651394486427307,0.4451780617237091
YBL033C,YLR063W,0,-1.9628416,0.17878228425979614,0.9651394486427307,0.4452781081199646
YKR002W,YGR222W,0,-1.9629017,0.17874930799007416,0.9651394486427307,0.4453781545162201
YMR202W,YOL004W,0,-1.9630224,0.17871634662151337,0.9651394486427307,0.4454782009124756
YJL163C,YFL020C,0,-1.963118,0.17868338525295258,0.9651394486427307,0.4455782175064087
YGR165W,YMR167W,0,-1.9631472,0.17865043878555298,0.9651394486427307,0.4456782639026642
YCR077C,YDL093W,0,-1.9633142,0.17861750721931458,0.9651394486427307,0.4457783102989197
YGL200C,YPL007C,0,-1.963611,0.17858459055423737,0.9651394486427307,0.44587835669517517
YHL032C,YPL086C,0,-1.963841,0.17855168879032135,0.9651394486427307,0.44597840309143066
YOR016C,YHL006C,0,-1.9645544,0.17851878702640533,0.9651394486427307,0.44607841968536377
YBL004W,YMR068W,0,-1.9650301,0.1784859150648117,0.9651394486427307,0.44617846608161926
YBL005W-B,YOR078W,0,-1.9654865,0.17845304310321808,0.9651394486427307,0.44627851247787476
YJL172W,YDR379C-A,0,-1.9661518,0.17842018604278564,0.9651394486427307,0.44637855887413025
YLR278C,YER161C,0,-1.9661778,0.1783873289823532,0.9651394486427307,0.44647860527038574
YML126C,YBR105C,0,-1.9662772,0.17835450172424316,0.9651394486427307,0.44657862186431885
YER177W,YDR405W,0,-1.9670681,0.17832167446613312,0.9651394486427307,0.44667866826057434
YCR088W,YGR224W,0,-1.9672769,0.17828886210918427,0.9651394486427307,0.44677871465682983
YBR024W,YLR299W,0,-1.9678675,0.1782560646533966,0.9651394486427307,0.4468787610530853
YJR086W,YKL174C,0,-1.9680511,0.17822328209877014,0.9651394486427307,0.44697877764701843
YGR241C,YKL079W,0,-1.9680761,0.17819051444530487,0.9651394486427307,0.4470788240432739
YPL007C,YJL057C,0,-1.9684851,0.1781577467918396,0.9651394486427307,0.4471788704395294
YLR391W,YDR224C,0,-1.9695001,0.17812499403953552,0.9651394486427307,0.4472789168357849
YMR159C,YEL021W,0,-1.9696609,0.17809225618839264,0.9651394486427307,0.4473789632320404
YBL025W,YML121W,1,-1.9697845,0.17824329435825348,0.9661354422569275,0.4473789632320404
YLR194C,YPL085W,0,-1.9700687,0.1782105416059494,0.9661354422569275,0.4474789798259735
YHL006C,YPL134C,0,-1.9701155,0.17817780375480652,0.9661354422569275,0.447579026222229
YDR461W,YDR206W,0,-1.970167,0.17814508080482483,0.9661354422569275,0.4476790726184845
YML102W,YGR161W-A,0,-1.9702319,0.17811237275600433,0.9661354422569275,0.44777911901474
YDL215C,YCL066W,0,-1.970994,0.17807967960834503,0.9661354422569275,0.4478791654109955
YHL032C,YPL093W,0,-1.9714701,0.17804698646068573,0.9661354422569275,0.4479791820049286
YJL219W,YIL093C,0,-1.9716178,0.17801430821418762,0.9661354422569275,0.4480792284011841
YDR047W,YGR258C,0,-1.9716339,0.1779816448688507,0.9661354422569275,0.4481792747974396
YBR299W,YOR188W,0,-1.9719249,0.177948996424675,0.9661354422569275,0.44827932119369507
YLR341W,YER064C,0,-1.972834,0.17791636288166046,0.9661354422569275,0.4483793377876282
YML070W,YBR111W-A,0,-1.9732441,0.17788372933864594,0.9661354422569275,0.44847938418388367
YHR138C,YFL055W,0,-1.9734731,0.1778511255979538,0.9661354422569275,0.44857943058013916
YLR391W,YBL005W-B,0,-1.9734734,0.17781852185726166,0.9661354422569275,0.44867947697639465
YGR257C,YGR258C,0,-1.9735966,0.17778591811656952,0.9661354422569275,0.44877952337265015
YHR062C,YDR109C,0,-1.9737095,0.17775334417819977,0.9661354422569275,0.44887953996658325
YBR022W,YFL004W,0,-1.9747475,0.17772077023983002,0.9661354422569275,0.44897958636283875
YKR069W,YHR031C,0,-1.9748064,0.17768822610378265,0.9661354422569275,0.44907963275909424
YCR071C,YOR127W,0,-1.9748479,0.1776556819677353,0.9661354422569275,0.44917967915534973
YGL166W,YLR045C,0,-1.9750714,0.17762315273284912,0.9661354422569275,0.4492797255516052
YOL006C,YJR026W,0,-1.9750948,0.17759062349796295,0.9661354422569275,0.44937974214553833
YBL025W,YGR062C,0,-1.9752212,0.17755812406539917,0.9661354422569275,0.4494797885417938
YOR297C,YFR024C,0,-1.9757394,0.1775256246328354,0.9661354422569275,0.4495798349380493
YBR254C,YJL012C-A,0,-1.9759382,0.1774931401014328,0.9661354422569275,0.4496798813343048
YPL215W,YCR002C,0,-1.9759488,0.1774606704711914,0.9661354422569275,0.4497798979282379
YOL128C,YLR006C,0,-1.976184,0.17742820084095,0.9661354422569275,0.4498799443244934
YJR066W,YLL035W,1,-1.9762269,0.1775786429643631,0.967131495475769,0.4498799443244934
YNL079C,YIL036W,0,-1.9769521,0.1775461733341217,0.967131495475769,0.4499799907207489
YBR041W,YGL256W,0,-1.9771025,0.1775137037038803,0.967131495475769,0.4500800371170044
YBR057C,YOL096C,0,-1.9780066,0.1774812638759613,0.967131495475769,0.4501800835132599
YLR362W,YAL034C,0,-1.9781384,0.1774488240480423,0.967131495475769,0.450280100107193
YOL010W,YJR073C,0,-1.9784348,0.17741641402244568,0.967131495475769,0.4503801465034485
YPR182W,YLR312C-B,0,-1.9786664,0.17738400399684906,0.967131495475769,0.450480192899704
YPR029C,YNR039C,0,-1.9786875,0.17735159397125244,0.967131495475769,0.4505802392959595
YBL084C,YLL016W,0,-1.9788092,0.1773192137479782,0.967131495475769,0.45068028569221497
YER162C,YFR010W,0,-1.979692,0.17728683352470398,0.967131495475769,0.45078030228614807
YBL017C,YCR007C,0,-1.9804007,0.17725446820259094,0.967131495475769,0.45088034868240356
YAR035W,YNR017W,0,-1.9807749,0.1772221177816391,0.967131495475769,0.45098039507865906
YGR247W,YHR009C,0,-1.9813645,0.17718978226184845,0.967131495475769,0.45108044147491455
YCR040W,YBR250W,0,-1.9814264,0.1771574467420578,0.967131495475769,0.45118045806884766
YER013W,YGR027W-B,0,-1.9814862,0.17712514102458954,0.967131495475769,0.45128050446510315
YCR088W,YDR069C,0,-1.9815165,0.17709283530712128,0.967131495475769,0.45138055086135864
YPL148C,YDR103W,0,-1.9817153,0.1770605444908142,0.967131495475769,0.45148059725761414
YLR362W,YBR294W,0,-1.9817344,0.17702825367450714,0.967131495475769,0.45158064365386963
YDR451C,YHR207C,0,-1.9819742,0.17699599266052246,0.967131495475769,0.45168066024780273
YLR316C,YGR101W,0,-1.9820637,0.17696373164653778,0.967131495475769,0.4517807066440582
YKR097W,YDR037W,0,-1.9822601,0.1769314855337143,0.967131495475769,0.4518807530403137
YDR171W,YBR132C,0,-1.9823135,0.176899254322052,0.967131495475769,0.4519807994365692
YKR097W,YCL066W,0,-1.9823366,0.1768670380115509,0.967131495475769,0.4520808458328247
YJL142C,YOR075W,0,-1.9827007,0.1768348217010498,0.967131495475769,0.4521808624267578
YOL092W,YOR126C,0,-1.9831129,0.1768026202917099,0.967131495475769,0.4522809088230133
YPL070W,YMR247C,0,-1.9833142,0.1767704337835312,0.967131495475769,0.4523809552192688
YPL022W,YMR296C,0,-1.9833225,0.17673826217651367,0.967131495475769,0.4524810016155243
YFL006W,YLL067C,0,-1.9834578,0.17670609056949615,0.967131495475769,0.4525810182094574
YJL087C,YDR109C,0,-1.9836497,0.17667394876480103,0.967131495475769,0.4526810646057129
YBL101W-B,YJL082W,0,-1.9842536,0.1766418069601059,0.967131495475769,0.4527811110019684
YCR029C-A,YIL018W,0,-1.9846267,0.17660968005657196,0.967131495475769,0.4528811573982239
YCL064C,YPR139C,0,-1.9850978,0.17657755315303802,0.967131495475769,0.45298120379447937
YBR020W,YFL048C,0,-1.9854344,0.17654545605182648,0.967131495475769,0.4530812203884125
YHL009C,YGL053W,0,-1.98582,0.17651335895061493,0.967131495475769,0.45318126678466797
YCL060C,YIL039W,0,-1.9862177,0.17648127675056458,0.967131495475769,0.45328131318092346
YFL018W-A,YIL023C,0,-1.9866608,0.17644920945167542,0.967131495475769,0.45338135957717896
YPL215W,YDL111C,0,-1.9867287,0.17641715705394745,0.967131495475769,0.45348140597343445
YER004W,YHR173C,0,-1.9868987,0.17638510465621948,0.967131495475769,0.45358142256736755
YLR251W,YIL101C,0,-1.9872576,0.1763530671596527,0.967131495475769,0.45368146896362305
YKL137W,YGL032C,0,-1.988193,0.17632104456424713,0.967131495475769,0.45378151535987854
YJL092W,YHR173C,0,-1.9882718,0.17628903687000275,0.967131495475769,0.45388156175613403
YPL029W,YGR227W,0,-1.9883336,0.17625702917575836,0.967131495475769,0.45398157835006714
YGR062C,YJL142C,0,-1.9886268,0.17622505128383636,0.967131495475769,0.45408162474632263
YMR106C,YDL045W-A,0,-1.9889079,0.17619307339191437,0.967131495475769,0.4541816711425781
YDR138W,YMR233W,1,-1.9889156,0.17634253203868866,0.9681274890899658,0.4541816711425781
YDR039C,YJR127C,0,-1.9890019,0.17631053924560547,0.9681274890899658,0.4542817175388336
YDR166C,YER008C,0,-1.9891651,0.17627856135368347,0.9681274890899658,0.4543817639350891
YDL177C,YAL009W,0,-1.9895285,0.17624659836292267,0.9681274890899658,0.4544817805290222
YNL297C,YLR079W,0,-1.9898119,0.17621465027332306,0.9681274890899658,0.4545818269252777
YMR208W,YDR476C,0,-1.9905398,0.17618270218372345,0.9681274890899658,0.4546818733215332
YGR277C,YDR037W,0,-1.9908855,0.17615078389644623,0.9681274890899658,0.4547819197177887
YKR043C,YDL073W,0,-1.9910917,0.176118865609169,0.9681274890899658,0.4548819661140442
YMR120C,YJL099W,0,-1.9913677,0.17608696222305298,0.9681274890899658,0.4549819827079773
YLR384C,YLR174W,0,-1.9920598,0.17605505883693695,0.9681274890899658,0.4550820291042328
YLR382C,YCL066W,0,-1.9921508,0.1760231852531433,0.9681274890899658,0.4551820755004883
YML008C,YDR216W,0,-1.9922161,0.17599131166934967,0.9681274890899658,0.4552821218967438
YNR028W,YOR174W,0,-1.992237,0.17595945298671722,0.9681274890899658,0.4553821384906769
YGL228W,YER090W,0,-1.992811,0.17592760920524597,0.9681274890899658,0.4554821848869324
YNR045W,YGL129C,0,-1.9928702,0.17589576542377472,0.9681274890899658,0.45558223128318787
YFL061W,YEL021W,0,-1.9930646,0.17586393654346466,0.9681274890899658,0.45568227767944336
YKL158W,YPL174C,0,-1.9935616,0.1758321225643158,0.9681274890899658,0.45578232407569885
YDR402C,YDR214W,0,-1.9935894,0.17580032348632812,0.9681274890899658,0.45588234066963196
YNL037C,YGR131W,0,-1.9936296,0.17576853930950165,0.9681274890899658,0.45598238706588745
YJL078C,YGR054W,0,-1.9937567,0.17573675513267517,0.9681274890899658,0.45608243346214294
YAL011W,YDR160W,0,-1.9938726,0.1757049858570099,0.9681274890899658,0.45618247985839844
YGR257C,YLR045C,0,-1.9939711,0.1756732314825058,0.9681274890899658,0.45628252625465393
YDR205W,YJL035C,0,-1.9942645,0.1756414920091629,0.9681274890899658,0.45638254284858704
YFR024C,YKR002W,0,-1.9943202,0.17560975253582,0.9681274890899658,0.45648258924484253
YCR007C,YDR341C,0,-1.994676,0.1755780279636383,0.9681274890899658,0.456582635641098
YOL092W,YOR159C,0,-1.9948906,0.1755463182926178,0.9681274890899658,0.4566826820373535
YDR032C,YOR081C,0,-1.9949715,0.17551462352275848,0.9681274890899658,0.4567826986312866
YDL127W,YJL219W,0,-1.9950083,0.17548294365406036,0.9681274890899658,0.4568827450275421
YFR022W,YIR019C,0,-1.995251,0.17545126378536224,0.9681274890899658,0.4569827914237976
YLR390W,YGL019W,0,-1.9954926,0.17541959881782532,0.9681274890899658,0.4570828378200531
YJL122W,YDL055C,0,-1.9956372,0.17538794875144958,0.9681274890899658,0.4571828842163086
YBL015W,YLR166C,0,-1.9956766,0.17535629868507385,0.9681274890899658,0.4572829008102417
YHL032C,YKR063C,0,-1.9957868,0.1753246784210205,0.9681274890899658,0.4573829472064972
YHL009C,YDR541C,0,-1.996011,0.17529305815696716,0.9681274890899658,0.4574829936027527
YBL101W-B,YPL087W,0,-1.9963068,0.175261452794075,0.9681274890899658,0.4575830399990082
YDR205W,YOR383C,0,-1.996512,0.17522984743118286,0.9681274890899658,0.45768308639526367
YBR162W-A,YGL227W,0,-1.9966308,0.1751982718706131,0.9681274890899658,0.4577831029891968
YDL019C,YDR285W,0,-1.9967326,0.17516669631004333,0.9681274890899658,0.45788314938545227
YLR065C,YDL214C,0,-1.9971987,0.17513513565063477,0.9681274890899658,0.45798319578170776
YBR135W,YBL041W,0,-1.9976021,0.1751035898923874,0.9681274890899658,0.45808324217796326
YPL030W,YKR013W,0,-1.9976996,0.17507204413414001,0.9681274890899658,0.45818325877189636
YOL086C,YJL142C,0,-1.9980826,0.17504051327705383,0.9681274890899658,0.45828330516815186
YBR254C,YPL070W,0,-1.9984292,0.17500899732112885,0.9681274890899658,0.45838335156440735
YDL165W,YPR024W,0,-1.9985261,0.17497749626636505,0.9681274890899658,0.45848339796066284
YDR205W,YER031C,0,-1.9986004,0.17494601011276245,0.9681274890899658,0.45858344435691833
YPL061W,YGR224W,0,-1.9987537,0.17491452395915985,0.9681274890899658,0.45868346095085144
YHR207C,YOL049W,0,-1.9987735,0.17488305270671844,0.9681274890899658,0.45878350734710693
YNL097C,YJR066W,1,-1.9990114,0.17503148317337036,0.9691234827041626,0.45878350734710693
YFL004W,YNR016C,0,-1.9990256,0.17499999701976776,0.9691234827041626,0.4588835537433624
YBR020W,YDL211C,0,-1.9992174,0.17496852576732635,0.9691234827041626,0.4589836001396179
YOR099W,YLR292C,0,-1.9993775,0.17493706941604614,0.9691234827041626,0.4590836465358734
YGR262C,YDR097C,0,-2.0001488,0.17490562796592712,0.9691234827041626,0.4591836631298065
YGL161C,YGL049C,0,-2.0003152,0.1748741865158081,0.9691234827041626,0.459283709526062
YNR039C,YDR266C,0,-2.0004005,0.17484275996685028,0.9691234827041626,0.4593837559223175
YNR065C,YDR307W,0,-2.0004332,0.17481134831905365,0.9691234827041626,0.459483802318573
YDR348C,YPR122W,0,-2.0009046,0.1747799515724182,0.9691234827041626,0.4595838189125061
YLR395C,YGL032C,0,-2.001017,0.17474856972694397,0.9691234827041626,0.4596838653087616
YLR153C,YMR094W,0,-2.0012496,0.17471718788146973,0.9691234827041626,0.4597839117050171
YHR153C,YMR059W,0,-2.0014246,0.17468582093715668,0.9691234827041626,0.4598839581012726
YOL016C,YDR083W,0,-2.001513,0.17465445399284363,0.9691234827041626,0.4599840044975281
YLR203C,YDR167W,0,-2.001652,0.17462311685085297,0.9691234827041626,0.4600840210914612
YAL053W,YMR127C,0,-2.0016723,0.1745917797088623,0.9691234827041626,0.4601840674877167
YLR370C,YLL067C,0,-2.001975,0.17456045746803284,0.9691234827041626,0.46028411388397217
YGL212W,YOR126C,0,-2.002338,0.17452915012836456,0.9691234827041626,0.46038416028022766
YDL008W,YMR011W,0,-2.0025182,0.1744978427886963,0.9691234827041626,0.46048420667648315
YBR041W,YOR126C,0,-2.002875,0.1744665652513504,0.9691234827041626,0.46058422327041626
YGL002W,YGR121C,0,-2.003358,0.17443528771400452,0.9691234827041626,0.46068426966667175
YOR099W,YPL070W,0,-2.0033631,0.17440401017665863,0.9691234827041626,0.46078431606292725
YGL013C,YOR204W,0,-2.0034754,0.17437276244163513,0.9691234827041626,0.46088436245918274
YJR073C,YDR379C-A,0,-2.0038373,0.17434151470661163,0.9691234827041626,0.46098437905311584
YFL061W,YFR031C-A,0,-2.0039816,0.17431028187274933,0.9691234827041626,0.46108442544937134
YPL244C,YEL065W,0,-2.0039856,0.17427906394004822,0.9691234827041626,0.46118447184562683
YKR022C,YGL035C,0,-2.0041323,0.1742478460073471,0.9691234827041626,0.4612845182418823
YNL008C,YOR317W,0,-2.0041826,0.17421665787696838,0.9691234827041626,0.4613845646381378
YKL145W,YOL027C,0,-2.0043662,0.17418546974658966,0.9691234827041626,0.4614845812320709
YEL012W,YDR237W,0,-2.004529,0.17415428161621094,0.9691234827041626,0.4615846276283264
YKL034W,YDR402C,0,-2.0045707,0.1741231232881546,0.9691234827041626,0.4616846740245819
YMR225C,YFL048C,0,-2.0050092,0.17409196496009827,0.9691234827041626,0.4617847204208374
YJR125C,YER061C,0,-2.0050497,0.17406082153320312,0.9691234827041626,0.4618847668170929
YPL129W,YOR339C,0,-2.0051339,0.17402969300746918,0.9691234827041626,0.461984783411026
YMR167W,YJR084W,0,-2.0054038,0.17399856448173523,0.9691234827041626,0.4620848298072815
YIL167W,YAL002W,0,-2.005418,0.17396746575832367,0.9691234827041626,0.462184876203537
YBR046C,YMR262W,0,-2.0054693,0.1739363670349121,0.9691234827041626,0.4622849225997925
YMR262W,YIL121W,0,-2.005494,0.17390526831150055,0.9691234827041626,0.4623849391937256
YAL060W,YGL223C,0,-2.005565,0.17387419939041138,0.9691234827041626,0.4624849855899811
YER177W,YLR107W,0,-2.0058322,0.1738431304693222,0.9691234827041626,0.4625850319862366
YJL130C,YML116W,0,-2.0062077,0.17381207644939423,0.9691234827041626,0.46268507838249207
YPL215W,YKL187C,0,-2.006618,0.17378103733062744,0.9691234827041626,0.46278512477874756
YNR045W,YOR393W,0,-2.0066671,0.17374999821186066,0.9691234827041626,0.46288514137268066
YGL096W,YDR176W,0,-2.0067546,0.17371897399425507,0.9691234827041626,0.46298518776893616
YJR089W,YHR011W,0,-2.0068288,0.17368796467781067,0.9691234827041626,0.46308523416519165
YHL032C,YLR223C,0,-2.0068479,0.17365697026252747,0.9691234827041626,0.46318528056144714
YHR154W,YOR018W,0,-2.0068793,0.17362597584724426,0.9691234827041626,0.46328532695770264
YDR170W-A,YOR338W,0,-2.0070977,0.17359501123428345,0.9691234827041626,0.46338534355163574
YHL003C,YPL134C,0,-2.0072885,0.17356403172016144,0.9691234827041626,0.46348538994789124
YBL059W,YLR329W,0,-2.007471,0.17353308200836182,0.9691234827041626,0.46358543634414673
YJR066W,YER164W,1,-2.007814,0.17368045449256897,0.9701195359230042,0.46358543634414673
YKR034W,YDR115W,0,-2.0079544,0.17364948987960815,0.9701195359230042,0.4636854827404022
YOR099W,YDR115W,0,-2.0081766,0.17361854016780853,0.9701195359230042,0.4637854993343353
YDR348C,YDR261W-A,0,-2.008283,0.1735875904560089,0.9701195359230042,0.4638855457305908
YKR077W,YBL005W-B,0,-2.008287,0.17355667054653168,0.9701195359230042,0.4639855921268463
YOL031C,YFR010W,0,-2.0092692,0.17352575063705444,0.9701195359230042,0.4640856385231018
YGL040C,YJR010C-A,0,-2.0096571,0.1734948307275772,0.9701195359230042,0.4641856849193573
YOR208W,YJR068W,0,-2.0098562,0.17346394062042236,0.9701195359230042,0.4642857015132904
YJL130C,YLR278C,0,-2.0101075,0.17343305051326752,0.9701195359230042,0.4643857479095459
YGR006W,YPR122W,0,-2.0103927,0.17340217530727386,0.9701195359230042,0.4644857943058014
YFR024C,YDR056C,0,-2.010447,0.1733713001012802,0.9701195359230042,0.4645858407020569
YGL144C,YER109C,0,-2.010451,0.17334045469760895,0.9701195359230042,0.4646858870983124
YNR065C,YJL100W,0,-2.0105522,0.17330960929393768,0.9701195359230042,0.4647859036922455
YFR014C,YDR295C,0,-2.01061,0.1732787787914276,0.9701195359230042,0.464885950088501
YHL008C,YNR032W,0,-2.0113564,0.17324794828891754,0.9701195359230042,0.46498599648475647
YOR298C-A,YFL006W,0,-2.0117974,0.17321714758872986,0.9701195359230042,0.46508604288101196
YCR088W,YFL050C,0,-2.01187,0.17318634688854218,0.9701195359230042,0.46518608927726746
YGR124W,YOR307C,0,-2.0121055,0.17315556108951569,0.9701195359230042,0.46528610587120056
YPL061W,YMR283C,0,-2.0123677,0.1731247752904892,0.9701195359230042,0.46538615226745605
YKL191W,YBR128C,0,-2.0125277,0.1730940043926239,0.9701195359230042,0.46548619866371155
YLR460C,YCR007C,0,-2.0127084,0.1730632483959198,0.9701195359230042,0.46558624505996704
YPL172C,YPL085W,0,-2.0127673,0.1730325073003769,0.9701195359230042,0.46568626165390015
YMR075W,YAL039C,0,-2.012981,0.17300178110599518,0.9701195359230042,0.46578630805015564
YHR009C,YDR382W,0,-2.0131,0.17297105491161346,0.9701195359230042,0.46588635444641113
YGL212W,YJR001W,0,-2.013156,0.17294034361839294,0.9701195359230042,0.4659864008426666
YLR429W,YGL144C,0,-2.0131888,0.17290963232517242,0.9701195359230042,0.4660864472389221
YLR153C,YBL009W,0,-2.0138323,0.1728789508342743,0.9701195359230042,0.4661864638328552
YGR041W,YGL015C,0,-2.0139558,0.17284826934337616,0.9701195359230042,0.4662865102291107
YMR096W,YMR270C,0,-2.013966,0.17281760275363922,0.9701195359230042,0.4663865566253662
YGR109C,YLR353W,0,-2.0139782,0.17278693616390228,0.9701195359230042,0.4664866030216217
YGL013C,YMR202W,0,-2.0148208,0.17275629937648773,0.9701195359230042,0.4665866494178772
YML100W,YLR299W,0,-2.0148501,0.17272566258907318,0.9701195359230042,0.4666866660118103
YDR246W,YDR216W,0,-2.0148911,0.17269504070281982,0.9701195359230042,0.4667867124080658
YDL127W,YDL211C,0,-2.0149553,0.17266441881656647,0.9701195359230042,0.4668867588043213
YGR272C,YOR065W,0,-2.015143,0.1726338118314743,0.9701195359230042,0.4669868052005768
YDL177C,YPL058C,0,-2.0151832,0.17260321974754333,0.9701195359230042,0.4670868217945099
YMR179W,YFL047W,0,-2.0153556,0.17257264256477356,0.9701195359230042,0.4671868681907654
YOL073C,YML027W,0,-2.0153792,0.17254206538200378,0.9701195359230042,0.4672869145870209
YLR373C,YLR006C,0,-2.0154557,0.1725115180015564,0.9701195359230042,0.46738696098327637
YLR056W,YPL028W,0,-2.0156214,0.172480970621109,0.9701195359230042,0.46748700737953186
YNL068C,YDL241W,0,-2.0169144,0.17245042324066162,0.9701195359230042,0.46758702397346497
YER162C,YJL012C-A,0,-2.0174022,0.17241989076137543,0.9701195359230042,0.46768707036972046
YLR457C,YGR086C,0,-2.0175655,0.17238937318325043,0.9701195359230042,0.46778711676597595
YDR434W,YOR369C,0,-2.0184875,0.17235887050628662,0.9701195359230042,0.46788716316223145
YNR028W,YFR010W,0,-2.018721,0.172328382730484,0.9701195359230042,0.46798720955848694
YDR358W,YCR097WB,0,-2.018736,0.1722978949546814,0.9701195359230042,0.46808722615242004
YNL225C,YMR162C,0,-2.0191371,0.17226742208003998,0.9701195359230042,0.46818727254867554
YNR016C,YLR218C,0,-2.0194938,0.17223696410655975,0.9701195359230042,0.46828731894493103
YJR138W,YDR379C-A,0,-2.019744,0.17220650613307953,0.9701195359230042,0.4683873653411865
YNL125C,YLL040C,0,-2.0197792,0.1721760630607605,0.9701195359230042,0.46848738193511963
YPR100W,YOR180C,0,-2.0199978,0.17214563488960266,0.9701195359230042,0.4685874283313751
YLR075W,YEL043W,0,-2.0200915,0.17211522161960602,0.9701195359230042,0.4686874747276306
YMR278W,YDR311W,0,-2.020241,0.17208480834960938,0.9701195359230042,0.4687875211238861
YKR060W,YKR102W,0,-2.0205846,0.17205440998077393,0.9701195359230042,0.4688875675201416
YGL212W,YFL050C,0,-2.0207257,0.17202402651309967,0.9701195359230042,0.4689875841140747
YOR148C,YGL205W,0,-2.0211873,0.17199364304542542,0.9701195359230042,0.4690876305103302
YMR120C,YBL061C,0,-2.0213096,0.17196327447891235,0.9701195359230042,0.4691876769065857
YCL060C,YGL107C,0,-2.021316,0.17193292081356049,0.9701195359230042,0.4692877233028412
YLR299W,YGR258C,0,-2.0213482,0.1719025820493698,0.9701195359230042,0.4693877696990967
YPR016C,YOR104W,0,-2.0213811,0.17187224328517914,0.9701195359230042,0.4694877862930298
YLL066C,YOL045W,0,-2.0215364,0.17184191942214966,0.9701195359230042,0.4695878326892853
YNL230C,YNR028W,0,-2.0216398,0.17181161046028137,0.9701195359230042,0.46968787908554077
YIL109C,YNR047W,0,-2.0220368,0.17178130149841309,0.9701195359230042,0.46978792548179626
YPL216W,YLR182W,0,-2.0222976,0.171751007437706,0.9701195359230042,0.46988794207572937
YPL257W-A,YBR046C,0,-2.0223982,0.1717207282781601,0.9701195359230042,0.46998798847198486
YMR023C,YNL291C,0,-2.022559,0.1716904640197754,0.9701195359230042,0.47008803486824036
YNR032W,YJR043C,0,-2.022856,0.17166019976139069,0.9701195359230042,0.47018808126449585
YOL165C,YBR114W,0,-2.0229585,0.17162995040416718,0.9701195359230042,0.47028812766075134
YIL070C,YNL077W,0,-2.0233126,0.17159971594810486,0.9701195359230042,0.47038814425468445
YLR075W,YJL196C,0,-2.0234897,0.17156949639320374,0.9701195359230042,0.47048819065093994
YLR341W,YGR066C,0,-2.0236943,0.1715392768383026,0.9701195359230042,0.47058823704719543
YPL060C-A,YPR017C,0,-2.0238616,0.17150907218456268,0.9701195359230042,0.4706882834434509
YOR301W,YDR285W,0,-2.0238752,0.17147886753082275,0.9701195359230042,0.4707883298397064
YHR216W,YNL125C,0,-2.0242274,0.1714486926794052,0.9701195359230042,0.4708883464336395
YMR203W,YBR195C,0,-2.0242443,0.17141851782798767,0.9701195359230042,0.470988392829895
YBL052C,YNL130C,0,-2.0244007,0.17138835787773132,0.9701195359230042,0.4710884392261505
YKR063C,YMR164C,0,-2.0244086,0.17135819792747498,0.9701195359230042,0.471188485622406
YOR273C,YOR181W,0,-2.0244164,0.17132805287837982,0.9701195359230042,0.4712885022163391
YER061C,YDL045W-A,0,-2.024433,0.17129792273044586,0.9701195359230042,0.4713885486125946
YPL200W,YPR128C,0,-2.0245805,0.1712678074836731,0.9701195359230042,0.4714885950088501
YCR093W,YLL067C,0,-2.0246332,0.17123769223690033,0.9701195359230042,0.4715886414051056
YMR097C,YFL060C,0,-2.0247393,0.17120759189128876,0.9701195359230042,0.4716886878013611
YJL163C,YOR393W,0,-2.024825,0.17117750644683838,0.9701195359230042,0.4717887043952942
YFL056C,YHR184W,0,-2.024989,0.171147421002388,0.9701195359230042,0.4718887507915497
YCL019W,YOL031C,0,-2.0250173,0.17111735045909882,0.9701195359230042,0.4719887971878052
YPL148C,YLR299W,0,-2.0252726,0.17108729481697083,0.9701195359230042,0.47208884358406067
YNL320W,YGL223C,0,-2.0257292,0.17105725407600403,0.9701195359230042,0.47218888998031616
YCR036W,YOR049C,0,-2.0258088,0.17102721333503723,0.9701195359230042,0.47228890657424927
YDR222W,YLL022C,0,-2.0262797,0.17099718749523163,0.9701195359230042,0.47238895297050476
YDR349C,YGL107C,0,-2.0265112,0.17096717655658722,0.9701195359230042,0.47248899936676025
YGL153W,YHR079C,0,-2.026587,0.1709371656179428,0.9701195359230042,0.47258904576301575
YPL162C,YLL002W,0,-2.0270123,0.1709071695804596,0.9701195359230042,0.47268906235694885
YLL031C,YKR050W,0,-2.0273836,0.17087718844413757,0.9701195359230042,0.47278910875320435
YDR170C,YBL101W-B,0,-2.0274289,0.17084722220897675,0.9701195359230042,0.47288915514945984
YKL105C,YOR307C,0,-2.0275474,0.17081725597381592,0.9701195359230042,0.47298920154571533
YOR317W,YDR458C,0,-2.0282416,0.17078730463981628,0.9701195359230042,0.4730892479419708
YFL036W,YGR292W,0,-2.0283945,0.17075736820697784,0.9701195359230042,0.47318926453590393
YGR141W,YNR032W,0,-2.0284274,0.1707274317741394,0.9701195359230042,0.4732893109321594
YDR349C,YNR070W,0,-2.0285091,0.17069751024246216,0.9701195359230042,0.4733893573284149
YOR115C,YDR079W,0,-2.0290942,0.1706676036119461,0.9701195359230042,0.4734894037246704
YIR036C,YPR133W-A,0,-2.0291324,0.17063769698143005,0.9701195359230042,0.4735894501209259
YGL119W,YLR148W,0,-2.0294855,0.1706078052520752,0.9701195359230042,0.473689466714859
YDR451C,YNL172W,0,-2.0294971,0.17057792842388153,0.9701195359230042,0.4737895131111145
YDR204W,YPL200W,0,-2.0297482,0.17054806649684906,0.9701195359230042,0.47388955950737
YMR268W-A,YML124C,0,-2.0303438,0.1705182045698166,0.9701195359230042,0.4739896059036255
YMR087W,YGL137W,0,-2.0306978,0.1704883575439453,0.9701195359230042,0.4740896224975586
YPR182W,YDR446W,0,-2.0307195,0.17045852541923523,0.9701195359230042,0.4741896688938141
YGR105W,YCR029C-A,0,-2.0310633,0.17042869329452515,0.9701195359230042,0.4742897152900696
YDR434W,YOL073C,0,-2.0314753,0.17039887607097626,0.9701195359230042,0.4743897616863251
YOR393W,YJL127C,0,-2.0315323,0.17036907374858856,0.9701195359230042,0.47448980808258057
YDR315C,YGR171C,0,-2.03166,0.17033928632736206,0.9701195359230042,0.47458982467651367
YMR263W,YLR418C,1,-2.03172,0.17048434913158417,0.9711155295372009,0.47458982467651367
YNR001C,YDR295C,0,-2.031925,0.17045454680919647,0.9711155295372009,0.47468987107276917
YJL137C,YOR159C,0,-2.0320685,0.17042474448680878,0.9711155295372009,0.47478991746902466
YBL034C,YPL172C,0,-2.032243,0.17039497196674347,0.9711155295372009,0.47488996386528015
YNR021W,YGL015C,0,-2.0324123,0.17036519944667816,0.9711155295372009,0.47499001026153564
YKL084W,YIL023C,0,-2.0324295,0.17033542692661285,0.9711155295372009,0.47509002685546875
YHL044W,YDR379C-A,0,-2.0325534,0.17030568420886993,0.9711155295372009,0.47519007325172424
YNL037C,YGL166W,0,-2.0328584,0.17027594149112701,0.9711155295372009,0.47529011964797974
YHL009C,YGL010W,0,-2.0329032,0.1702461987733841,0.9711155295372009,0.47539016604423523
YFL006W,YNL021W,0,-2.0330398,0.17021648585796356,0.9711155295372009,0.47549018263816833
YER011W,YLR405W,0,-2.0333142,0.17018677294254303,0.9711155295372009,0.47559022903442383
YGL215W,YDR107C,0,-2.0337484,0.1701570749282837,0.9711155295372009,0.4756902754306793
YMR234W,YLR205C,0,-2.0339208,0.17012737691402435,0.9711155295372009,0.4757903218269348
YOL051W,YFR024C,0,-2.0339918,0.1700976938009262,0.9711155295372009,0.4758903682231903
YMR195W,YIL036W,0,-2.0344772,0.17006802558898926,0.9711155295372009,0.4759903848171234
YDR060W,YCR043C,0,-2.034786,0.1700383722782135,0.9711155295372009,0.4760904312133789
YKL105C,YMR188C,0,-2.0347936,0.17000871896743774,0.9711155295372009,0.4761904776096344
YEL032W,YJR084W,0,-2.0348136,0.16997908055782318,0.9711155295372009,0.4762905240058899
YOL092W,YIR030C,0,-2.0350618,0.1699494570493698,0.9711155295372009,0.4763905704021454
YPR015C,YBR022W,0,-2.0354912,0.16991983354091644,0.9711155295372009,0.4764905869960785
YKR037C,YOR147W,0,-2.0355062,0.16989022493362427,0.9711155295372009,0.476590633392334
YDR170W-A,YCR073C,0,-2.0356967,0.1698606312274933,0.9711155295372009,0.4766906797885895
YPL061W,YJR010C-A,0,-2.0357423,0.1698310375213623,0.9711155295372009,0.47679072618484497
YDR246W,YDR545W,0,-2.0363882,0.16980145871639252,0.9711155295372009,0.4768907427787781
YER153C,YBR145W,0,-2.0364342,0.16977189481258392,0.9711155295372009,0.47699078917503357
YOR368W,YER064C,0,-2.0367548,0.16974234580993652,0.9711155295372009,0.47709083557128906
YDR517W,YER004W,0,-2.0371683,0.16971279680728912,0.9711155295372009,0.47719088196754456
YNL225C,YML030W,0,-2.0372915,0.16968326270580292,0.9711155295372009,0.47729092836380005
YGL228W,YGR057C,0,-2.0374587,0.1696537286043167,0.9711155295372009,0.47739094495773315
YGL247W,YOL018C,0,-2.0375583,0.1696242243051529,0.9711155295372009,0.47749099135398865
YDR130C,YBL041W,0,-2.0377188,0.16959470510482788,0.9711155295372009,0.47759103775024414
YCL034W,YMR188C,0,-2.0378692,0.16956521570682526,0.9711155295372009,0.47769108414649963
YIL027C,YGR222W,0,-2.0378993,0.16953572630882263,0.9711155295372009,0.4777911305427551
YDL008W,YPR089W,0,-2.0379505,0.1695062518119812,0.9711155295372009,0.47789114713668823
YMR323W,YKL158W,0,-2.0379555,0.16947679221630096,0.9711155295372009,0.4779911935329437
YLR205C,YPR128C,0,-2.0380864,0.16944734752178192,0.9711155295372009,0.4780912399291992
YDR185C,YFR024C,0,-2.0384102,0.16941790282726288,0.9711155295372009,0.4781912863254547
YNL026W,YBL079W,0,-2.0384638,0.16938845813274384,0.9711155295372009,0.4782913029193878
YKL145W,YLL002W,0,-2.0386245,0.16935904324054718,0.9711155295372009,0.4783913493156433
YLR278C,YCR073C,0,-2.0386271,0.16932962834835052,0.9711155295372009,0.4784913957118988
YJL167W,YKL004W,0,-2.0387156,0.16930022835731506,0.9711155295372009,0.4785914421081543
YDR246W,YPR008W,0,-2.0387738,0.1692708283662796,0.9711155295372009,0.4786914885044098
YKL035W,YGL253W,0,-2.0389094,0.16924145817756653,0.9711155295372009,0.4787915050983429
YLL040C,YGR230W,0,-2.039049,0.16921207308769226,0.9711155295372009,0.4788915514945984
YLR391W,YDR473C,0,-2.0390499,0.16918271780014038,0.9711155295372009,0.4789915978908539
YNR045W,YIL157C,0,-2.0394053,0.1691533625125885,0.9711155295372009,0.4790916442871094
YGR239C,YNL291C,0,-2.0397894,0.16912402212619781,0.9711155295372009,0.47919169068336487
YGR292W,YOL045W,0,-2.039903,0.16909469664096832,0.9711155295372009,0.479291707277298
YGR166W,YCR071C,0,-2.0403647,0.16906537115573883,0.9711155295372009,0.47939175367355347
YPL063W,YKL161C,0,-2.0413477,0.16903606057167053,0.9711155295372009,0.47949180006980896
YML124C,YFL048C,0,-2.0413723,0.16900676488876343,0.9711155295372009,0.47959184646606445
YMR017W,YIR005W,0,-2.041509,0.16897746920585632,0.9711155295372009,0.47969186305999756
YDR317W,YDR379C-A,0,-2.0415897,0.1689481884241104,0.9711155295372009,0.47979190945625305
YGR272C,YGR131W,0,-2.0418766,0.1689189225435257,0.9711155295372009,0.47989195585250854
YBR158W,YJL100W,0,-2.042068,0.16888965666294098,0.9711155295372009,0.47999200224876404
YFL034W,YPL112C,0,-2.0421736,0.16886040568351746,0.9711155295372009,0.48009204864501953
YGL030W,YNR032W,0,-2.042214,0.16883116960525513,0.9711155295372009,0.48019206523895264
YER011W,YKL189W,0,-2.0423355,0.1688019335269928,0.9711155295372009,0.48029211163520813
YNL172W,YLR200W,0,-2.0426624,0.16877271234989166,0.9711155295372009,0.4803921580314636
YNR043W,YAL068C,0,-2.0429485,0.16874350607395172,0.9711155295372009,0.4804922044277191
YKR097W,YIR012W,0,-2.0430543,0.16871431469917297,0.9711155295372009,0.4805922508239746
YGR292W,YGL070C,0,-2.0437062,0.16868512332439423,0.9711155295372009,0.4806922674179077
YGL075C,YDL226C,0,-2.0437827,0.16865594685077667,0.9711155295372009,0.4807923138141632
YPL060C-A,YDR219C,0,-2.0438247,0.16862677037715912,0.9711155295372009,0.4808923602104187
YGR049W,YER160C,0,-2.044053,0.16859760880470276,0.9711155295372009,0.4809924066066742
YBR071W,YGR060W,0,-2.0441387,0.1685684621334076,0.9711155295372009,0.4810924232006073
YGL247W,YJL112W,0,-2.044177,0.16853933036327362,0.9711155295372009,0.4811924695968628
YOR368W,YBL015W,0,-2.0442123,0.16851019859313965,0.9711155295372009,0.4812925159931183
YPL224C,YCL063W,0,-2.0442262,0.16848108172416687,0.9711155295372009,0.4813925623893738
YLR391W,YFR050C,0,-2.0445,0.1684519648551941,0.9711155295372009,0.4814926087856293
YNL037C,YDR003W,0,-2.0447838,0.1684228777885437,0.9711155295372009,0.4815926253795624
YPL207W,YGR049W,0,-2.0448213,0.16839377582073212,0.9711155295372009,0.48169267177581787
YOR192C-A,YMR089C,0,-2.0448332,0.16836470365524292,0.9711155295372009,0.48179271817207336
YJR072C,YAR033W,0,-2.045185,0.16833563148975372,0.9711155295372009,0.48189276456832886
YDR210W,YNR039C,0,-2.0452135,0.16830657422542572,0.9711155295372009,0.48199281096458435
YEL042W,YKR043C,0,-2.045321,0.1682775318622589,0.9711155295372009,0.48209282755851746
YIR036C,YPR054W,0,-2.0453265,0.1682484894990921,0.9711155295372009,0.48219287395477295
YHL006C,YMR114C,0,-2.0453484,0.1682194620370865,0.9711155295372009,0.48229292035102844
YGL247W,YDR266C,0,-2.0455005,0.16819044947624207,0.9711155295372009,0.48239296674728394
YDL102W,YLR006C,0,-2.0458481,0.16816143691539764,0.9711155295372009,0.48249298334121704
YEL065W,YJL096W,0,-2.0459018,0.16813243925571442,0.9711155295372009,0.48259302973747253
YML126C,YLR194C,0,-2.045938,0.1681034415960312,0.9711155295372009,0.482693076133728
YHR098C,YDL246C,0,-2.0460212,0.16807447373867035,0.9711155295372009,0.4827931225299835
YGR149W,YDR379C-A,0,-2.046074,0.1680455058813095,0.9711155295372009,0.482893168926239
YIL073C,YPL259C,0,-2.0461204,0.16801653802394867,0.9711155295372009,0.4829931855201721
YLR167W,YHR126C,0,-2.046127,0.16798759996891022,0.9711155295372009,0.4830932319164276
YDL076C,YBR276C,0,-2.0464985,0.16795866191387177,0.9711155295372009,0.4831932783126831
YNL290W,YFL006W,0,-2.0468163,0.1679297238588333,0.9711155295372009,0.4832933247089386
YBR066C,YMR207C,0,-2.0471728,0.16790081560611725,0.9711155295372009,0.4833933711051941
YLR056W,YDR378C,0,-2.0472453,0.16787190735340118,0.9711155295372009,0.4834933876991272
YFR022W,YBR084W,0,-2.047376,0.16784299910068512,0.9711155295372009,0.4835934340953827
YPL226W,YAL068C,0,-2.0474925,0.16781412065029144,0.9711155295372009,0.4836934804916382
YNR065C,YGR234W,0,-2.0476415,0.16778524219989777,0.9711155295372009,0.4837935268878937
YCR097WB,YJL092W,0,-2.0477521,0.1677563637495041,0.9711155295372009,0.4838935434818268
YEL015W,YJR138W,0,-2.0479743,0.1677275002002716,0.9711155295372009,0.4839935898780823
YKR002W,YDR080W,0,-2.0480716,0.16769865155220032,0.9711155295372009,0.48409363627433777
YLR055C,YDR541C,0,-2.04811,0.16766981780529022,0.9711155295372009,0.48419368267059326
YBL084C,YMR268W-A,0,-2.0482337,0.16764098405838013,0.9711155295372009,0.48429372906684875
YOR018W,YKR013W,0,-2.0485384,0.16761216521263123,0.9711155295372009,0.48439374566078186
YOR204W,YLR353W,0,-2.0487666,0.16758336126804352,0.9711155295372009,0.48449379205703735
YNL073W,YNL230C,0,-2.0488422,0.1675545573234558,0.9711155295372009,0.48459383845329285
YOL103W-A,YFL055W,0,-2.0494156,0.1675257682800293,0.9711155295372009,0.48469388484954834
YIL089W,YHL004W,0,-2.0502949,0.16749699413776398,0.9711155295372009,0.48479393124580383
YKL084W,YFR012W,0,-2.0502958,0.16746821999549866,0.9711155295372009,0.48489394783973694
YGR049W,YBL029C-A,0,-2.050438,0.16743946075439453,0.9711155295372009,0.48499399423599243
YMR096W,YGL053W,0,-2.0504935,0.1674107164144516,0.9711155295372009,0.4850940406322479
YPL162C,YIR041W,0,-2.05055,0.16738197207450867,0.9711155295372009,0.4851940870285034
YBR130C,YIL167W,0,-2.0510807,0.16735324263572693,0.9711155295372009,0.4852941036224365
YOL103W-A,YAL002W,0,-2.0511773,0.16732452809810638,0.9711155295372009,0.485394150018692
YBL039W-B,YMR102C,0,-2.0512884,0.16729581356048584,0.9711155295372009,0.4854941964149475
YGR150C,YDR367W,0,-2.0514853,0.1672671139240265,0.9711155295372009,0.485594242811203
YBL025W,YHR108W,0,-2.0518696,0.16723842918872833,0.9711155295372009,0.4856942892074585
YBL005W-B,YBR250W,0,-2.0518878,0.16720974445343018,0.9711155295372009,0.4857943058013916
YDR308C,YDR379C-A,0,-2.0520122,0.1671810746192932,0.9711155295372009,0.4858943521976471
YDR032C,YKR100C,0,-2.0526583,0.16715240478515625,0.9711155295372009,0.4859943985939026
YCL048W-A,YMR188C,0,-2.0527375,0.16712374985218048,0.9711155295372009,0.4860944449901581
YKL004W,YKR013W,0,-2.052755,0.1670951098203659,0.9711155295372009,0.4861944913864136
YHR030C,YBR274W,0,-2.0527554,0.16706648468971252,0.9711155295372009,0.4862945079803467
YML008C,YDR375C,0,-2.0529017,0.16703785955905914,0.9711155295372009,0.4863945543766022
YMR023C,YBR066C,0,-2.0530303,0.16700924932956696,0.9711155295372009,0.48649460077285767
YGR136W,YDR482C,0,-2.0531394,0.16698065400123596,0.9711155295372009,0.48659464716911316
YFL002W-B,YGL222C,0,-2.0533953,0.16695205867290497,0.9711155295372009,0.48669466376304626
YKL101W,YBR243C,0,-2.0534902,0.16692347824573517,0.9711155295372009,0.48679471015930176
YER129W,YOL133W,0,-2.0535235,0.16689489781856537,0.9711155295372009,0.48689475655555725
YPL148C,YPR054W,0,-2.0535731,0.16686633229255676,0.9711155295372009,0.48699480295181274
YPL257W-A,YPR157W,0,-2.0538073,0.16683778166770935,0.9711155295372009,0.48709484934806824
YOR192C,YGR027W-B,0,-2.0538566,0.16680924594402313,0.9711155295372009,0.48719486594200134
YPL128C,YGL040C,0,-2.0541217,0.16678071022033691,0.9711155295372009,0.48729491233825684
YJL167W,YPR121W,0,-2.0546706,0.1667521744966507,0.9711155295372009,0.48739495873451233
YPL257W-A,YLR155C,0,-2.0548909,0.16672366857528687,0.9711155295372009,0.4874950051307678
YDR041W,YJL021C,0,-2.0551271,0.16669516265392303,0.9711155295372009,0.4875950515270233
YMR278W,YPL058C,0,-2.0552092,0.1666666716337204,0.9711155295372009,0.4876950681209564
YOR321W,YLR045C,0,-2.0552695,0.16663818061351776,0.9711155295372009,0.4877951145172119
YDR219C,YKR037C,0,-2.0557628,0.16660970449447632,0.9711155295372009,0.4878951609134674
YMR231W,YBL089W,0,-2.0563958,0.16658124327659607,0.9711155295372009,0.4879952073097229
YJL163C,YER095W,0,-2.056412,0.16655278205871582,0.9711155295372009,0.488095223903656
YLR307W,YNL045W,0,-2.0565007,0.16652433574199677,0.9711155295372009,0.4881952702999115
YMR159C,YMR059W,0,-2.0565848,0.1664959043264389,0.9711155295372009,0.488295316696167
YDR482C,YCR043C,0,-2.0566542,0.16646747291088104,0.9711155295372009,0.4883953630924225
YEL016C,YBR294W,0,-2.0567086,0.16643905639648438,0.9711155295372009,0.488495409488678
YBR088C,YDL224C,0,-2.0567732,0.1664106547832489,0.9711155295372009,0.4885954260826111
YKL105C,YGL167C,0,-2.0568793,0.16638225317001343,0.9711155295372009,0.4886954724788666
YML027W,YCL054W,0,-2.056996,0.16635386645793915,0.9711155295372009,0.48879551887512207
YNL192W,YDR182W,0,-2.0571911,0.16632547974586487,0.9711155295372009,0.48889556527137756
YLR393W,YLR203C,0,-2.0572248,0.16629712283611298,0.9711155295372009,0.48899561166763306
YJL078C,YHR062C,0,-2.0572798,0.16626876592636108,0.9711155295372009,0.48909562826156616
YCL044C,YKL175W,0,-2.0573359,0.1662404090166092,0.9711155295372009,0.48919567465782166
YFL030W,YJR044C,0,-2.0577815,0.1662120670080185,0.9711155295372009,0.48929572105407715
YLR395C,YHR214C-B,0,-2.0582561,0.166183739900589,0.9711155295372009,0.48939576745033264
YMR075W,YOL091W,0,-2.0586236,0.16615541279315948,0.9711155295372009,0.48949578404426575
YGR292W,YGR108W,0,-2.0587268,0.16612711548805237,0.9711155295372009,0.48959583044052124
YJR149W,YML070W,0,-2.0587401,0.16609880328178406,0.9711155295372009,0.48969587683677673
YGR027W-B,YIL093C,0,-2.0588284,0.16607052087783813,0.9711155295372009,0.4897959232330322
YPL063W,YOR356W,0,-2.058845,0.1660422384738922,0.9711155295372009,0.4898959696292877
YLR343W,YER064C,0,-2.0589318,0.1660139560699463,0.9711155295372009,0.4899959862232208
YHL037C,YBR264C,0,-2.0590303,0.16598570346832275,0.9711155295372009,0.4900960326194763
YIL167W,YER042W,0,-2.0598998,0.16595745086669922,0.9711155295372009,0.4901960790157318
YPL086C,YIL023C,0,-2.0600035,0.16592919826507568,0.9711155295372009,0.4902961254119873
YMR203W,YDR145W,0,-2.0601723,0.16590097546577454,0.9711155295372009,0.4903961718082428
YGR292W,YER061C,0,-2.0606458,0.1658727526664734,0.9711155295372009,0.4904961884021759
YML008C,YGR222W,0,-2.0607665,0.16584452986717224,0.9711155295372009,0.4905962347984314
YJL099W,YLL002W,0,-2.0608823,0.1658163219690323,0.9711155295372009,0.4906962811946869
YGL247W,YLR406C-A,0,-2.060924,0.16578812897205353,0.9711155295372009,0.4907963275909424
YGR010W,YGR057C,0,-2.06155,0.16575995087623596,0.9711155295372009,0.4908963441848755
YHR001W-A,YGR169C-C,0,-2.0617115,0.1657317727804184,0.9711155295372009,0.490996390581131
YCL048W-A,YHR132C,0,-2.0619874,0.16570360958576202,0.9711155295372009,0.4910964369773865
YHR030C,YFL005W,0,-2.0621421,0.16567544639110565,0.9711155295372009,0.49119648337364197
YPR017C,YIL014W,0,-2.0621552,0.16564729809761047,0.9711155295372009,0.49129652976989746
YKL162C,YKL024C,0,-2.0624094,0.1656191647052765,0.9711155295372009,0.49139654636383057
YGL010W,YML100W,0,-2.0626178,0.1655910313129425,0.9711155295372009,0.49149659276008606
YIL136W,YDR019C,0,-2.0626285,0.16556291282176971,0.9711155295372009,0.49159663915634155
YLR056W,YLR157C,0,-2.063169,0.16553480923175812,0.9711155295372009,0.49169668555259705
YJL134W,YDR416W,0,-2.063339,0.16550670564174652,0.9711155295372009,0.49179673194885254
YHR184W,YJL100W,0,-2.0636008,0.16547861695289612,0.9711155295372009,0.49189674854278564
YOR321W,YFR012W,0,-2.0637598,0.16545052826404572,0.9711155295372009,0.49199679493904114
YLR414C,YGL114W,0,-2.0639625,0.1654224693775177,0.9711155295372009,0.49209684133529663
YLL066C,YGR241C,0,-2.064163,0.1653943955898285,0.9711155295372009,0.4921968877315521
YJR152W,YLR390W,0,-2.0642214,0.16536635160446167,0.9711155295372009,0.49229690432548523
YPL028W,YBR153W,0,-2.06439,0.16533830761909485,0.9711155295372009,0.4923969507217407
YOR099W,YMR247C,0,-2.0645123,0.16531027853488922,0.9711155295372009,0.4924969971179962
YLR154W-A,YBR067C,0,-2.064852,0.1652822494506836,0.9711155295372009,0.4925970435142517
YDR351W,YNR017W,0,-2.064902,0.16525423526763916,0.9711155295372009,0.4926970899105072
YLR270W,YOL096C,0,-2.0651538,0.16522623598575592,0.9711155295372009,0.4927971065044403
YOR386W,YJL057C,0,-2.0653,0.16519823670387268,0.9711155295372009,0.4928971529006958
YMR208W,YOR208W,0,-2.0654109,0.16517025232315063,0.9711155295372009,0.4929971992969513
YFL002W-B,YML098W,0,-2.065629,0.16514228284358978,0.9711155295372009,0.4930972456932068
YOR099W,YIR019C,0,-2.0657973,0.16511431336402893,0.9711155295372009,0.4931972920894623
YLR154W-A,YLR287C-A,0,-2.0658553,0.16508635878562927,0.9711155295372009,0.4932973086833954
YOR374W,YFR012W,0,-2.0659146,0.16505840420722961,0.9711155295372009,0.4933973550796509
YPR015C,YCL057C-A,0,-2.0659645,0.16503046452999115,0.9711155295372009,0.49349740147590637
YJL029C,YIR030C,0,-2.065992,0.16500253975391388,0.9711155295372009,0.49359744787216187
YKR091W,YDL215C,0,-2.0661123,0.1649746149778366,0.9711155295372009,0.49369746446609497
YPL129W,YPL216W,0,-2.0661347,0.16494670510292053,0.9711155295372009,0.49379751086235046
YGR142W,YBL061C,0,-2.0661585,0.16491881012916565,0.9711155295372009,0.49389755725860596
YOR281C,YDR277C,0,-2.0663474,0.16489091515541077,0.9711155295372009,0.49399760365486145
YNL022C,YDR320C-A,0,-2.0663574,0.16486303508281708,0.9711155295372009,0.49409765005111694
YOR113W,YFL050C,0,-2.0663712,0.16483516991138458,0.9711155295372009,0.49419766664505005
YPL086C,YOR219C,0,-2.0666544,0.1648073047399521,0.9711155295372009,0.49429771304130554
YIL037C,YCR029C-A,0,-2.0667498,0.1647794544696808,0.9711155295372009,0.49439775943756104
YGR101W,YDR098C-A,0,-2.0669644,0.16475160419940948,0.9711155295372009,0.49449780583381653
YNR009W,YIL157C,0,-2.0670912,0.16472376883029938,0.9711155295372009,0.494597852230072
YPL244C,YNL230C,0,-2.0672894,0.16469594836235046,0.9711155295372009,0.4946978688240051
YMR169C,YCR024C-A,0,-2.067322,0.16466812789440155,0.9711155295372009,0.4947979152202606
YJR094C,YEL012W,0,-2.0673716,0.16464032232761383,0.9711155295372009,0.4948979616165161
YOR193W,YOR104W,0,-2.0686104,0.1646125316619873,0.9711155295372009,0.4949980080127716
YBL047C,YCR097WB,0,-2.0687273,0.16458474099636078,0.9711155295372009,0.4950980246067047
YOR192C-A,YGL256W,0,-2.068787,0.16455696523189545,0.9711155295372009,0.4951980710029602
YER056C,YIL162W,0,-2.0688756,0.16452918946743011,0.9711155295372009,0.4952981173992157
YOR273C,YOR049C,0,-2.0689664,0.16450142860412598,0.9711155295372009,0.4953981637954712
YCR071C,YJR086W,0,-2.0689933,0.16447368264198303,0.9711155295372009,0.4954982101917267
YFL051C,YPR034W,0,-2.069189,0.1644459366798401,0.9711155295372009,0.4955982267856598
YMR303C,YFR024C,0,-2.069359,0.16441820561885834,0.9711155295372009,0.4956982731819153
YPR182W,YDR138W,0,-2.0695,0.16439048945903778,0.9711155295372009,0.4957983195781708
YIL053W,YKR014C,0,-2.070329,0.16436277329921722,0.9711155295372009,0.49589836597442627
YOR148C,YNL022C,0,-2.0703433,0.16433507204055786,0.9711155295372009,0.49599841237068176
YMR087W,YDR407C,0,-2.0709417,0.1643073856830597,0.9711155295372009,0.49609842896461487
YHR069C,YLR153C,0,-2.071204,0.16427969932556152,0.9711155295372009,0.49619847536087036
YCL048W-A,YGL219C,0,-2.0713713,0.16425202786922455,0.9711155295372009,0.49629852175712585
YOR393W,YHR020W,0,-2.07147,0.16422435641288757,0.9711155295372009,0.49639856815338135
YCR002C,YGL219C,0,-2.0715709,0.1641966998577118,0.9711155295372009,0.49649858474731445
YOR128C,YBR067C,0,-2.071675,0.1641690582036972,0.9711155295372009,0.49659863114356995
YPR024W,YER161C,0,-2.071822,0.16414141654968262,0.9711155295372009,0.49669867753982544
YOR011W,YMR216C,0,-2.0718591,0.16411378979682922,0.9711155295372009,0.49679872393608093
YMR225C,YHL006C,0,-2.0718741,0.16408616304397583,0.9711155295372009,0.4968987703323364
YHL037C,YDR023W,0,-2.0724978,0.16405855119228363,0.9711155295372009,0.49699878692626953
YKL167C,YOR065W,0,-2.0725324,0.16403095424175262,0.9711155295372009,0.497098833322525
YMR321C,YCL061C,0,-2.072637,0.16400335729122162,0.9711155295372009,0.4971988797187805
YOR369C,YDR256C,0,-2.0729089,0.1639757752418518,0.9711155295372009,0.497298926115036
YPR141C,YHR186C,0,-2.0733092,0.1639482080936432,0.9711155295372009,0.4973989725112915
YER111C,YGR086C,0,-2.0734122,0.16392064094543457,0.9711155295372009,0.4974989891052246
YCL060C,YCR007C,0,-2.0735335,0.16389308869838715,0.9711155295372009,0.4975990355014801
YOR254C,YBR250W,0,-2.074099,0.16386555135250092,0.9711155295372009,0.4976990818977356
YLR391W,YIL148W,0,-2.0741649,0.16383801400661469,0.9711155295372009,0.4977991282939911
YLR220W,YDR167W,0,-2.0741775,0.16381047666072845,0.9711155295372009,0.4978991448879242
YBR078W,YIL039W,0,-2.07433,0.1637829691171646,0.9711155295372009,0.4979991912841797
YGR105W,YPL162C,0,-2.0747097,0.16375546157360077,0.9711155295372009,0.4980992376804352
YDR382W,YBL029C-A,0,-2.0749593,0.16372795403003693,0.9711155295372009,0.4981992840766907
YLR391W,YNR065C,0,-2.0750597,0.16370047628879547,0.9711155295372009,0.49829933047294617
YHR027C,YNL173C,0,-2.0758507,0.16367298364639282,0.9711155295372009,0.4983993470668793
YOR231W,YOR026W,0,-2.0760024,0.16364552080631256,0.9711155295372009,0.49849939346313477
YKL145W,YBL029C-A,0,-2.0763981,0.1636180579662323,0.9711155295372009,0.49859943985939026
YDR379C-A,YOR075W,0,-2.0765395,0.16359061002731323,0.9711155295372009,0.49869948625564575
YLR016C,YFR050C,0,-2.0767858,0.16356316208839417,0.9711155295372009,0.49879953265190125
YBL101W-B,YPL276W,0,-2.076851,0.1635357290506363,0.9711155295372009,0.49889954924583435
YDR171W,YGR165W,0,-2.076978,0.16350829601287842,0.9711155295372009,0.49899959564208984
YOR104W,YIR019C,0,-2.0771978,0.16348087787628174,0.9711155295372009,0.49909964203834534
YER133W,YMR149W,0,-2.0775821,0.16345347464084625,0.9711155295372009,0.49919968843460083
YGL015C,YPL174C,0,-2.0779111,0.16342608630657196,0.9711155295372009,0.49929970502853394
YDR039C,YNR058W,0,-2.0786028,0.16339869797229767,0.9711155295372009,0.49939975142478943
YBL005W-B,YKL189W,0,-2.0787127,0.16337130963802338,0.9711155295372009,0.4994997978210449
YER126C,YBL005W-B,0,-2.0788631,0.16334395110607147,0.9711155295372009,0.4995998442173004
YFL006W,YLR370C,0,-2.0793405,0.16331657767295837,0.9711155295372009,0.4996998906135559
YDR225W,YDL144C,0,-2.079352,0.16328923404216766,0.9711155295372009,0.499799907207489
YER063W,YLR203C,0,-2.0797122,0.16326189041137695,0.9711155295372009,0.4998999536037445
YOL001W,YOR148C,0,-2.0798655,0.16323456168174744,0.9711155295372009,0.5
YER117W,YDR476C,0,-2.0799525,0.16320723295211792,0.9711155295372009,0.5001000165939331
YLR313C,YPL060W,0,-2.0801017,0.1631799191236496,0.9711155295372009,0.500200092792511
YKL006C-A,YDR266C,0,-2.080497,0.16315260529518127,0.9711155295372009,0.5003001093864441
YER004W,YDR267C,0,-2.0805712,0.16312530636787415,0.9711155295372009,0.500400185585022
YLR304C,YDR341C,0,-2.0809054,0.1630980223417282,0.9711155295372009,0.5005002021789551
YKL204W,YDR026C,0,-2.0812035,0.16307075321674347,0.9711155295372009,0.5006002187728882
YIL083C,YGL223C,0,-2.0813057,0.16304348409175873,0.9711155295372009,0.5007002949714661
YLR457C,YDR407C,0,-2.0813186,0.163016214966774,0.9711155295372009,0.5008003115653992
YLR246W,YCL055W,0,-2.0814168,0.16298896074295044,0.9711155295372009,0.500900387763977
YLR154W-A,YHR009C,0,-2.0816255,0.16296172142028809,0.9711155295372009,0.5010004043579102
YDR539W,YBL029C-A,0,-2.0816817,0.16293449699878693,0.9711155295372009,0.5011004209518433
YIL136W,YJL092W,0,-2.08169,0.16290727257728577,0.9711155295372009,0.5012004971504211
YMR094W,YKR037C,0,-2.0817494,0.1628800481557846,0.9711155295372009,0.5013005137443542
YMR203W,YPL283C,0,-2.0823283,0.16285285353660583,0.9711155295372009,0.5014005899429321
YBR041W,YLR397C,0,-2.082399,0.16282564401626587,0.9711155295372009,0.5015006065368652
YJR094C,YKL187C,0,-2.082418,0.1627984642982483,0.9711155295372009,0.5016006231307983
YLR103C,YDR261W-A,0,-2.0827177,0.1627712845802307,0.9711155295372009,0.5017006993293762
YNL079C,YGL166W,0,-2.0827584,0.16274411976337433,0.9711155295372009,0.5018007159233093
YDR170W-A,YIL160C,0,-2.0827718,0.16271695494651794,0.9711155295372009,0.5019007325172424
YBR049C,YNL097C,1,-2.0829432,0.16285666823387146,0.9721115827560425,0.5019007325172424
YDR541C,YGL030W,0,-2.0830514,0.16282950341701508,0.9721115827560425,0.5020008087158203
YPL259C,YDR375C,0,-2.0831232,0.1628023386001587,0.9721115827560425,0.5021008253097534
YLR341W,YPL147W,0,-2.083151,0.1627751886844635,0.9721115827560425,0.5022009015083313
YIL011W,YMR268W-A,0,-2.0832036,0.1627480387687683,0.9721115827560425,0.5023009181022644
YGR241C,YPL060W,0,-2.0832586,0.16272090375423431,0.9721115827560425,0.5024009346961975
YLR233C,YPR114W,0,-2.0832655,0.1626937836408615,0.9721115827560425,0.5025010108947754
YPR141C,YHR034C,0,-2.0837138,0.1626666635274887,0.9721115827560425,0.5026010274887085
YIL039W,YDR473C,0,-2.083923,0.1626395583152771,0.9721115827560425,0.5027011036872864
YGR266W,YPL266W,0,-2.0842135,0.16261246800422668,0.9721115827560425,0.5028011202812195
YGR034W,YKL187C,0,-2.0842814,0.16258537769317627,0.9721115827560425,0.5029011368751526
YJL158C,YGL104C,0,-2.0843475,0.16255828738212585,0.9721115827560425,0.5030012130737305
YGR224W,YKR037C,0,-2.084462,0.16253122687339783,0.9721115827560425,0.5031012296676636
YML058W,YEL012W,0,-2.0845044,0.1625041663646698,0.9721115827560425,0.5032013058662415
YNL073W,YDL107W,0,-2.084781,0.16247710585594177,0.9721115827560425,0.5033013224601746
YER064C,YHR166C,0,-2.085656,0.16245006024837494,0.9721115827560425,0.5034013390541077
YFR048W,YHR012W,0,-2.0856934,0.1624230295419693,0.9721115827560425,0.5035014152526855
YHL037C,YGR145W,0,-2.0857422,0.16239601373672485,0.9721115827560425,0.5036014318466187
YLR246W,YKL160W,0,-2.0858417,0.1623689830303192,0.9721115827560425,0.5037015080451965
YMR162C,YMR188C,0,-2.0860755,0.16234198212623596,0.9721115827560425,0.5038015246391296
YNL097C,YML121W,1,-2.086101,0.16248129308223724,0.9731075763702393,0.5038015246391296
YBL033C,YLL017W,0,-2.086261,0.1624542772769928,0.9731075763702393,0.5039015412330627
YOL128C,YKL061W,0,-2.0863574,0.16242726147174835,0.9731075763702393,0.5040016174316406
YDR539W,YCR002C,0,-2.0865352,0.1624002605676651,0.9731075763702393,0.5041016340255737
YKL047W,YHL025W,0,-2.0865862,0.16237327456474304,0.9731075763702393,0.5042017102241516
YJL025W,YMR159C,0,-2.0865884,0.16234628856182098,0.9731075763702393,0.5043017268180847
YGL195W,YGR230W,0,-2.0866761,0.16231931746006012,0.9731075763702393,0.5044017434120178
YHR027C,YER173W,0,-2.086832,0.16229236125946045,0.9731075763702393,0.5045018196105957
YBL076C,YLR044C,0,-2.086937,0.16226540505886078,0.9731075763702393,0.5046018362045288
YGR202C,YNL230C,0,-2.0875778,0.1622384637594223,0.9731075763702393,0.5047018527984619
YOL132W,YNL094W,0,-2.0878816,0.16221152245998383,0.9731075763702393,0.5048019289970398
YDR317W,YLR103C,0,-2.087981,0.16218459606170654,0.9731075763702393,0.5049019455909729
YJL167W,YHR020W,0,-2.0883462,0.16215766966342926,0.9731075763702393,0.5050020217895508
YML094W,YBR066C,0,-2.0885985,0.16213077306747437,0.9731075763702393,0.5051020383834839
YCR029C-A,YDR130C,0,-2.0886345,0.16210386157035828,0.9731075763702393,0.505202054977417
YDR098C-A,YNR016C,0,-2.0888255,0.16207697987556458,0.9731075763702393,0.5053021311759949
YLR153C,YGR211W,0,-2.089227,0.16205009818077087,0.9731075763702393,0.505402147769928
YNL192W,YOR079C,0,-2.0893054,0.16202321648597717,0.9731075763702393,0.5055022239685059
YDR400W,YGL195W,0,-2.089341,0.16199634969234467,0.9731075763702393,0.505602240562439
YGR109C,YDR423C,0,-2.0895317,0.16196949779987335,0.9731075763702393,0.5057022571563721
YLR056W,YJR125C,0,-2.0897102,0.16194264590740204,0.9731075763702393,0.50580233335495
YOL049W,YGR109C,0,-2.0897214,0.16191580891609192,0.9731075763702393,0.5059023499488831
YKL198C,YDR216W,0,-2.0897715,0.161888986825943,0.9731075763702393,0.5060024261474609
YLR233C,YJL029C,0,-2.0900202,0.16186216473579407,0.9731075763702393,0.506102442741394
YBL101W-B,YDR225W,0,-2.0902412,0.16183534264564514,0.9731075763702393,0.5062024593353271
YJL096W,YKL187C,0,-2.0902545,0.1618085503578186,0.9731075763702393,0.506302535533905
YMR102C,YOL114C,0,-2.0906157,0.16178175806999207,0.9731075763702393,0.5064025521278381
YPL128C,YDR026C,0,-2.0907774,0.16175496578216553,0.9731075763702393,0.506502628326416
YGR201C,YIL018W,0,-2.0909941,0.16172818839550018,0.9731075763702393,0.5066026449203491
YPL028W,YHR031C,0,-2.0910285,0.16170142590999603,0.9731075763702393,0.5067026615142822
YHR108W,YNL070W,0,-2.0910394,0.16167466342449188,0.9731075763702393,0.5068027377128601
YER011W,YBL092W,0,-2.0913832,0.16164791584014893,0.9731075763702393,0.5069027543067932
YBL101W-B,YDR080W,0,-2.0916023,0.16162116825580597,0.9731075763702393,0.5070028305053711
YGL167C,YAL002W,0,-2.0916464,0.1615944355726242,0.9731075763702393,0.5071028470993042
YPL092W,YNL053W,0,-2.0917122,0.16156771779060364,0.9731075763702393,0.5072028636932373
YHR085W,YNR058W,0,-2.091778,0.16154100000858307,0.9731075763702393,0.5073029398918152
YMR203W,YDR367W,0,-2.091974,0.1615142971277237,0.9731075763702393,0.5074029564857483
YOL086C,YDR311W,0,-2.0924566,0.1614876091480255,0.9731075763702393,0.5075029730796814
YKL161C,YLR312C-B,0,-2.0925834,0.16146092116832733,0.9731075763702393,0.5076030492782593
YER109C,YDR160W,0,-2.0928586,0.16143423318862915,0.9731075763702393,0.5077030658721924
YKR013W,YMR296C,0,-2.0931907,0.16140756011009216,0.9731075763702393,0.5078031420707703
YDR418W,YDR106W,0,-2.0938075,0.16138090193271637,0.9731075763702393,0.5079031586647034
YIL035C,YOL004W,1,-2.094611,0.16151940822601318,0.974103569984436,0.5079031586647034
YMR094W,YKL182W,0,-2.0946178,0.1614927351474762,0.974103569984436,0.5080031752586365
YDR434W,YPL060C-A,0,-2.0949583,0.1614660769701004,0.974103569984436,0.5081032514572144
YPL257W-A,YGR006W,0,-2.0950992,0.1614394187927246,0.974103569984436,0.5082032680511475
YBL047C,YPL060C-A,0,-2.0954916,0.16141277551651,0.974103569984436,0.5083033442497253
YGR266W,YJR031C,0,-2.095524,0.1613861322402954,0.974103569984436,0.5084033608436584
YGR087C,YGL222C,0,-2.095657,0.1613595187664032,0.974103569984436,0.5085033774375916
YPL246C,YHL047C,0,-2.0959303,0.1613328903913498,0.974103569984436,0.5086034536361694
YOR192C-A,YML002W,0,-2.0960555,0.16130627691745758,0.974103569984436,0.5087034702301025
YIL136W,YHR011W,0,-2.0961428,0.16127967834472656,0.974103569984436,0.5088035464286804
YGL244W,YBR279W,1,-2.0963736,0.16141797602176666,0.9750996232032776,0.5088035464286804
YPL139C,YOL004W,1,-2.0965362,0.161556214094162,0.9760956168174744,0.5088035464286804
YFR021W,YOL143C,0,-2.0965478,0.16152958571910858,0.9760956168174744,0.5089035630226135
YIL084C,YNL290W,0,-2.0968893,0.16150297224521637,0.9760956168174744,0.5090035796165466
YLR056W,YLL031C,0,-2.0969124,0.16147635877132416,0.9760956168174744,0.5091036558151245
YER177W,YPR189W,0,-2.0970635,0.16144976019859314,0.9760956168174744,0.5092036724090576
YLR391W,YML098W,0,-2.0971978,0.16142316162586212,0.9760956168174744,0.5093037486076355
YHR207C,YDL107W,0,-2.0972092,0.1613965779542923,0.9760956168174744,0.5094037652015686
YFR028C,YHR083W,0,-2.0979035,0.16136999428272247,0.9760956168174744,0.5095037817955017
YDR170W-A,YHR100C,0,-2.0979888,0.16134342551231384,0.9760956168174744,0.5096038579940796
YML062C,YMR323W,0,-2.0985067,0.1613168716430664,0.9760956168174744,0.5097038745880127
YER149C,YHL032C,0,-2.0987968,0.16129031777381897,0.9760956168174744,0.5098039507865906
YNR009W,YGR077C,0,-2.0989573,0.16126377880573273,0.9760956168174744,0.5099039673805237
YLR203C,YCR066W,0,-2.099515,0.16123725473880768,0.9760956168174744,0.5100039839744568
YPL257W-A,YDR375C,0,-2.0997145,0.16121073067188263,0.9760956168174744,0.5101040601730347
YDR545W,YNL044W,0,-2.099942,0.16118420660495758,0.9760956168174744,0.5102040767669678
YLR414C,YMR169C,0,-2.1000388,0.16115769743919373,0.9760956168174744,0.5103040933609009
YGR101W,YIR037W,0,-2.100084,0.16113120317459106,0.9760956168174744,0.5104041695594788
YKR002W,YNL130C,0,-2.1005256,0.1611047238111496,0.9760956168174744,0.5105041861534119
YFL056C,YKL084W,0,-2.1009526,0.16107824444770813,0.9760956168174744,0.5106042623519897
YCR098C,YDL211C,0,-2.1011617,0.16105176508426666,0.9760956168174744,0.5107042789459229
YNL148C,YGL019W,0,-2.1011984,0.1610253006219864,0.9760956168174744,0.510804295539856
YLR439W,YNR028W,0,-2.1012838,0.1609988510608673,0.9760956168174744,0.5109043717384338
YJL196C,YHL030W,0,-2.1013422,0.16097240149974823,0.9760956168174744,0.5110043883323669
YHL008C,YHR030C,0,-2.1014605,0.16094596683979034,0.9760956168174744,0.5111044645309448
YDR372C,YPR071W,0,-2.101461,0.16091954708099365,0.9760956168174744,0.5112044811248779
YLR083C,YGR171C,0,-2.1014955,0.16089312732219696,0.9760956168174744,0.511304497718811
YGR087C,YGR024C,0,-2.1016402,0.16086670756340027,0.9760956168174744,0.5114045739173889
YHR148W,YLR154W-A,0,-2.1019478,0.16084030270576477,0.9760956168174744,0.511504590511322
YIL110W,YGR169C-C,0,-2.1021998,0.16081391274929047,0.9760956168174744,0.5116046667098999
YGR161W-A,YPR139C,0,-2.10233,0.16078753769397736,0.9760956168174744,0.511704683303833
YDL015C,YDR179W-A,0,-2.102348,0.16076114773750305,0.9760956168174744,0.5118046998977661
YMR075W,YDL015C,0,-2.102554,0.16073478758335114,0.9760956168174744,0.511904776096344
YLR391W,YDL149W,0,-2.1025865,0.16070842742919922,0.9760956168174744,0.5120047926902771
YPL129W,YJL114W,0,-2.102619,0.1606820821762085,0.9760956168174744,0.512104868888855
YHL025W,YBR097W,0,-2.1029208,0.16065573692321777,0.9760956168174744,0.5122048854827881
YMR017W,YLR037C,0,-2.102938,0.16062940657138824,0.9760956168174744,0.5123049020767212
YCR041W,YMR296C,0,-2.1029813,0.16060307621955872,0.9760956168174744,0.5124049782752991
YDR060W,YBR243C,0,-2.1030889,0.16057676076889038,0.9760956168174744,0.5125049948692322
YMR149W,YPR054W,0,-2.1031172,0.16055046021938324,0.9760956168174744,0.5126050710678101
YLR391W,YOL145C,0,-2.1031344,0.1605241596698761,0.9760956168174744,0.5127050876617432
YOR181W,YJL207C,0,-2.1036797,0.16049787402153015,0.9760956168174744,0.5128051042556763
YGL212W,YDL107W,0,-2.1037686,0.1604715883731842,0.9760956168174744,0.5129051804542542
YDR348C,YOR009W,0,-2.1039045,0.16044531762599945,0.9760956168174744,0.5130051970481873
YAR035W,YIL046W,0,-2.1039393,0.1604190468788147,0.9760956168174744,0.5131052136421204
YOR192C-A,YDR268W,0,-2.10408,0.16039280593395233,0.9760956168174744,0.5132052898406982
YGR169C-C,YDR342C,0,-2.1044734,0.16036655008792877,0.9760956168174744,0.5133053064346313
YOR192C-A,YMR303C,0,-2.1045883,0.1603403091430664,0.9760956168174744,0.5134053826332092
YGR169C-C,YDR322W,0,-2.104798,0.16031408309936523,0.9760956168174744,0.5135053992271423
YMR302C,YMR164C,0,-2.1049457,0.16028785705566406,0.9760956168174744,0.5136054158210754
YGL022W,YDL197C,0,-2.1050932,0.16026164591312408,0.9760956168174744,0.5137054920196533
YNL333W,YKL191W,0,-2.1051219,0.1602354496717453,0.9760956168174744,0.5138055086135864
YBL079W,YOR339C,0,-2.1052258,0.16020925343036652,0.9760956168174744,0.5139055848121643
YCR097WB,YDR541C,0,-2.1053379,0.16018307209014893,0.9760956168174744,0.5140056014060974
YMR097C,YGL219C,0,-2.1053963,0.16015689074993134,0.9760956168174744,0.5141056180000305
YHR132W-A,YMR321C,0,-2.1054144,0.16013072431087494,0.9760956168174744,0.5142056941986084
YPR008W,YGL137W,0,-2.1054966,0.16010455787181854,0.9760956168174744,0.5143057107925415
YCR073C,YJL052W,0,-2.1055424,0.16007840633392334,0.9760956168174744,0.5144057869911194
YHL008C,YML070W,0,-2.1055632,0.16005225479602814,0.9760956168174744,0.5145058035850525
YOR317W,YGR077C,0,-2.1056063,0.16002613306045532,0.9760956168174744,0.5146058201789856
YPL022W,YNL173C,0,-2.105715,0.1599999964237213,0.9760956168174744,0.5147058963775635
YIL048W,YER160C,0,-2.1057189,0.1599738746881485,0.9760956168174744,0.5148059129714966
YOR192C-A,YHR119W,0,-2.10582,0.15994776785373688,0.9760956168174744,0.5149059891700745
YEL030W,YGR027W-B,0,-2.1058962,0.15992167592048645,0.9760956168174744,0.5150060057640076
YJR026W,YMR240C,0,-2.1060112,0.15989558398723602,0.9760956168174744,0.5151060223579407
YIR036C,YLR229C,0,-2.1063278,0.1598694920539856,0.9760956168174744,0.5152060985565186
YDL067C,YNL223W,0,-2.106401,0.15984341502189636,0.9760956168174744,0.5153061151504517
YOR209C,YDR316W-B,0,-2.1067946,0.15981735289096832,0.9760956168174744,0.5154061913490295
YGR142W,YPL259C,0,-2.1068292,0.15979129076004028,0.9760956168174744,0.5155062079429626
YDR246W,YFL055W,0,-2.1069179,0.15976524353027344,0.9760956168174744,0.5156062245368958
YGR101W,YBL061C,0,-2.1069915,0.1597391963005066,0.9760956168174744,0.5157063007354736
YBL039W-B,YDR115W,0,-2.1070487,0.15971316397190094,0.9760956168174744,0.5158063173294067
YBL084C,YGR121C,0,-2.1076157,0.15968714654445648,0.9760956168174744,0.5159063339233398
YCL048W-A,YKL099C,0,-2.1077263,0.15966112911701202,0.9760956168174744,0.5160064101219177
YFL002W-B,YMR173W,0,-2.107802,0.15963512659072876,0.9760956168174744,0.5161064267158508
YIL044C,YNR070W,0,-2.1078627,0.1596091240644455,0.9760956168174744,0.5162065029144287
YKL191W,YBR200W-A,0,-2.107991,0.15958313643932343,0.9760956168174744,0.5163065195083618
YNR043W,YGR169C-C,0,-2.1080403,0.15955714881420135,0.9760956168174744,0.5164065361022949
YNR001C,YLR395C,0,-2.1082888,0.15953117609024048,0.9760956168174744,0.5165066123008728
YGL247W,YKL162C,0,-2.108495,0.1595052033662796,0.9760956168174744,0.5166066288948059
YBL029C-A,YGR152C,0,-2.1087778,0.15947924554347992,0.9760956168174744,0.5167067050933838
YMR012W,YGR258C,0,-2.108795,0.15945330262184143,0.9760956168174744,0.5168067216873169
YKL109W,YGL228W,0,-2.1088972,0.15942735970020294,0.9760956168174744,0.51690673828125
YMR035W,YCL057C-A,0,-2.109227,0.15940143167972565,0.9760956168174744,0.5170068144798279
YKL167C,YHR166C,0,-2.10933,0.15937550365924835,0.9760956168174744,0.517106831073761
YML056C,YPR164W,0,-2.1095262,0.15934959053993225,0.9760956168174744,0.5172069072723389
YER177W,YDR115W,0,-2.109704,0.15932369232177734,0.9760956168174744,0.517306923866272
YMR272W-B,YPR144C,0,-2.10998,0.15929779410362244,0.9760956168174744,0.5174069404602051
YDR476C,YER042W,0,-2.1100738,0.15927189588546753,0.9760956168174744,0.517507016658783
YFL002W-B,YAL033W,0,-2.1101043,0.15924601256847382,0.9760956168174744,0.5176070332527161
YOR378W,YMR195W,0,-2.1101155,0.1592201441526413,0.9760956168174744,0.517707109451294
YBR130C,YER160C,0,-2.1104033,0.15919427573680878,0.9760956168174744,0.517807126045227
YHR126C,YHR069C,0,-2.1106408,0.15916842222213745,0.9760956168174744,0.5179071426391602
YBR254C,YMR278W,0,-2.1111486,0.15914258360862732,0.9760956168174744,0.518007218837738
YOL157C,YDR307W,0,-2.1111686,0.1591167449951172,0.9760956168174744,0.5181072354316711
YDR176W,YDR316W-B,0,-2.1112864,0.15909090638160706,0.9760956168174744,0.518207311630249
YNL247W,YKL155C,0,-2.1114252,0.15906508266925812,0.9760956168174744,0.5183073282241821
YHR048W,YDR539W,0,-2.1114526,0.15903927385807037,0.9760956168174744,0.5184073448181152
YMR272W-B,YHL025W,0,-2.1116014,0.15901346504688263,0.9760956168174744,0.5185074210166931
YKL198C,YJL221C,0,-2.111615,0.15898767113685608,0.9760956168174744,0.5186074376106262
YDR476C,YGL056C,0,-2.1118028,0.15896187722682953,0.9760956168174744,0.5187074542045593
YKL026C,YLR154W-A,0,-2.1122382,0.15893609821796417,0.9760956168174744,0.5188075304031372
YER082C,YDR170W-A,0,-2.1125114,0.15891033411026,0.9760956168174744,0.5189075469970703
YMR262W,YDR316W-B,0,-2.1129045,0.15888457000255585,0.9760956168174744,0.5190076231956482
YBL005W-B,YGR161W-A,0,-2.113033,0.15885880589485168,0.9760956168174744,0.5191076397895813
YMR195W,YGL222C,0,-2.1130626,0.15883305668830872,0.9760956168174744,0.5192076563835144
YKR091W,YGR087C,0,-2.113117,0.15880732238292694,0.9760956168174744,0.5193077325820923
YBR254C,YGR234W,0,-2.1131368,0.15878158807754517,0.9760956168174744,0.5194077491760254
YML121W,YDR319C,0,-2.113444,0.15875586867332458,0.9760956168174744,0.5195078253746033
YOR180C,YLR129W,0,-2.1141446,0.1587301641702652,0.9760956168174744,0.5196078419685364
YDR339C,YPL147W,0,-2.1142588,0.1587044596672058,0.9760956168174744,0.5197078585624695
YMR173W,YML058W,0,-2.1148348,0.15867875516414642,0.9760956168174744,0.5198079347610474
YMR283C,YDL211C,0,-2.1148725,0.15865306556224823,0.9760956168174744,0.5199079513549805
YDR320C-A,YKL187C,0,-2.1150143,0.15862739086151123,0.9760956168174744,0.5200080275535583
YEL011W,YBL033C,0,-2.1151474,0.15860171616077423,0.9760956168174744,0.5201080441474915
YER011W,YDR098C-A,0,-2.1151628,0.15857605636119843,0.9760956168174744,0.5202080607414246
YPL200W,YMR240C,0,-2.1153991,0.15855039656162262,0.9760956168174744,0.5203081369400024
YDR170W-A,YBR132C,0,-2.11594,0.158524751663208,0.9760956168174744,0.5204081535339355
YOR127W,YIL168W,0,-2.1160033,0.1584991067647934,0.9760956168174744,0.5205082297325134
YOR180C,YER183C,0,-2.1161277,0.15847347676753998,0.9760956168174744,0.5206082463264465
YML116W,YFR020W,0,-2.1164181,0.15844786167144775,0.9760956168174744,0.5207082629203796
YFR022W,YOR219C,0,-2.116471,0.15842224657535553,0.9760956168174744,0.5208083391189575
YHR009C,YGR041W,0,-2.116616,0.1583966314792633,0.9760956168174744,0.5209083557128906
YMR272W-B,YCR041W,0,-2.1167226,0.15837104618549347,0.9760956168174744,0.5210084319114685
YCL066W,YML057W,0,-2.1168845,0.15834544599056244,0.9760956168174744,0.5211084485054016
YOR127W,YGR263C,0,-2.1171954,0.1583198755979538,0.9760956168174744,0.5212084650993347
YDR517W,YOL071W,0,-2.1173396,0.15829430520534515,0.9760956168174744,0.5213085412979126
YPL070W,YOR307C,0,-2.117388,0.1582687348127365,0.9760956168174744,0.5214085578918457
YBR132C,YIL066C,0,-2.117772,0.15824317932128906,0.9760956168174744,0.5215085744857788
YLR260W,YGL049C,0,-2.1178277,0.1582176238298416,0.9760956168174744,0.5216086506843567
YER126C,YMR114C,0,-2.1179113,0.15819208323955536,0.9760956168174744,0.5217086672782898
YDR499W,YGL228W,0,-2.1179597,0.1581665575504303,0.9760956168174744,0.5218087434768677
YLR439W,YJL117W,0,-2.118025,0.15814103186130524,0.9760956168174744,0.5219087600708008
YDR026C,YKR037C,0,-2.1180942,0.15811552107334137,0.9760956168174744,0.5220087766647339
YMR272W-B,YMR283C,0,-2.1186776,0.1580900102853775,0.9760956168174744,0.5221088528633118
YNL125C,YJR073C,0,-2.118806,0.15806451439857483,0.9760956168174744,0.5222088694572449
YMR075W,YDR406W,0,-2.1188486,0.15803903341293335,0.9760956168174744,0.5223089456558228
YMR149W,YAL014C,0,-2.1188672,0.15801353752613068,0.9760956168174744,0.5224089622497559
YLR421C,YDR488C,0,-2.1189587,0.1579880714416504,0.9760956168174744,0.522508978843689
YOR393W,YML126C,0,-2.1189613,0.1579626053571701,0.9760956168174744,0.5226090550422668
YLR348C,YOR279C,0,-2.1192424,0.157937154173851,0.9760956168174744,0.5227090716362
YFL061W,YKR016W,0,-2.1192951,0.15791170299053192,0.9760956168174744,0.5228091478347778
YKR050W,YBR200W-A,0,-2.1193273,0.15788625180721283,0.9760956168174744,0.5229091644287109
YLR104W,YCR066W,0,-2.119422,0.15786083042621613,0.9760956168174744,0.523009181022644
YMR272W-B,YPR015C,0,-2.1194801,0.15783539414405823,0.9760956168174744,0.5231092572212219
YPL162C,YKL006C-A,0,-2.1195042,0.15780998766422272,0.9760956168174744,0.523209273815155
YER153C,YMR268W-A,0,-2.1195214,0.1577845811843872,0.9760956168174744,0.5233093500137329
YNL166C,YGR161W-A,0,-2.1196315,0.1577591747045517,0.9760956168174744,0.523409366607666
YML121W,YLR035C,0,-2.1197078,0.15773378312587738,0.9760956168174744,0.5235093832015991
YNL263C,YDR210W-A,0,-2.1199365,0.15770840644836426,0.9760956168174744,0.523609459400177
YGR224W,YKL189W,0,-2.1200588,0.15768302977085114,0.9760956168174744,0.5237094759941101
YCL064C,YKR016W,0,-2.1203463,0.157657653093338,0.9760956168174744,0.523809552192688
YMR096W,YHL030W,0,-2.120351,0.15763229131698608,0.9760956168174744,0.5239095687866211
YLL040C,YJR010C-A,0,-2.1206787,0.15760694444179535,0.9760956168174744,0.5240095853805542
YFL005W,YDR316W-B,0,-2.1206968,0.15758159756660461,0.9760956168174744,0.5241096615791321
YEL065W,YOL091W,0,-2.1207361,0.15755626559257507,0.9760956168174744,0.5242096781730652
YDL179W,YNR039C,0,-2.1207767,0.15753094851970673,0.9760956168174744,0.5243096947669983
YDR098C-A,YLR403W,0,-2.1208444,0.15750563144683838,0.9760956168174744,0.5244097709655762
YPL028W,YGL166W,0,-2.120875,0.15748031437397003,0.9760956168174744,0.5245097875595093
YNL227C,YPL134C,0,-2.1208963,0.15745501220226288,0.9760956168174744,0.5246098637580872
YLR075W,YJL113W,0,-2.1208982,0.15742972493171692,0.9760956168174744,0.5247098803520203
YBL029C-A,YLR403W,0,-2.1210275,0.15740443766117096,0.9760956168174744,0.5248098969459534
YMR323W,YOR192C,0,-2.1210902,0.157379150390625,0.9760956168174744,0.5249099731445312
YML072C,YDR416W,0,-2.121269,0.15735389292240143,0.9760956168174744,0.5250099897384644
YMR272W-B,YPL085W,0,-2.1214728,0.15732862055301666,0.9760956168174744,0.5251100659370422
YPL226W,YIR030C,0,-2.1214733,0.15730337798595428,0.9760956168174744,0.5252100825309753
YLR382C,YIL036W,0,-2.1216707,0.1572781205177307,0.9760956168174744,0.5253100991249084
YHR001W-A,YNL333W,0,-2.1218083,0.15725289285182953,0.9760956168174744,0.5254101753234863
YCR008W,YPL003W,0,-2.1220133,0.15722766518592834,0.9760956168174744,0.5255101919174194
YMR203W,YIL053W,0,-2.1223364,0.15720243752002716,0.9760956168174744,0.5256102681159973
YHR065C,YLR278C,0,-2.1223614,0.15717722475528717,0.9760956168174744,0.5257102847099304
YPL215W,YGR027W-B,0,-2.1228013,0.15715202689170837,0.9760956168174744,0.5258103013038635
YGL222C,YPL007C,0,-2.1228998,0.15712682902812958,0.9760956168174744,0.5259103775024414
YPR106W,YIL121W,0,-2.1229684,0.15710163116455078,0.9760956168174744,0.5260103940963745
YML124C,YPL094C,0,-2.1234968,0.15707644820213318,0.9760956168174744,0.5261104702949524
YBR067C,YNL173C,0,-2.123504,0.15705128014087677,0.9760956168174744,0.5262104868888855
YGL124C,YML100W,0,-2.123573,0.15702611207962036,0.9760956168174744,0.5263105034828186
YGR212W,YGR086C,0,-2.1235971,0.15700095891952515,0.9760956168174744,0.5264105796813965
YJR093C,YBL017C,0,-2.1241748,0.15697580575942993,0.9760956168174744,0.5265105962753296
YCR098C,YDL153C,0,-2.1241794,0.1569506675004959,0.9760956168174744,0.5266106724739075
YDR499W,YER061C,0,-2.124217,0.15692554414272308,0.9760956168174744,0.5267106890678406
YNL054W,YDR141C,0,-2.124223,0.15690042078495026,0.9760956168174744,0.5268107056617737
YFL056C,YIL023C,0,-2.124351,0.15687529742717743,0.9760956168174744,0.5269107818603516
YBR130C,YGR169C-C,0,-2.1243865,0.1568501889705658,0.9760956168174744,0.5270107984542847
YKL204W,YPL283C,0,-2.1246417,0.15682509541511536,0.9760956168174744,0.5271108150482178
YHL037C,YPL094C,0,-2.1246502,0.15680000185966492,0.9760956168174744,0.5272108912467957
YDR517W,YLR115W,0,-2.1246846,0.15677492320537567,0.9760956168174744,0.5273109078407288
YHR132W-A,YDR210W,0,-2.1246855,0.15674984455108643,0.9760956168174744,0.5274109840393066
YNL230C,YML058W,0,-2.1249592,0.15672476589679718,0.9760956168174744,0.5275110006332397
YMR272W-B,YBR104W,0,-2.1255398,0.15669971704483032,0.9760956168174744,0.5276110172271729
YJL163C,YKL137W,0,-2.1259382,0.15667465329170227,0.9760956168174744,0.5277110934257507
YOR174W,YBR200W-A,0,-2.1260726,0.1566496193408966,0.9760956168174744,0.5278111100196838
YKL116C,YGL158W,0,-2.1260865,0.15662458539009094,0.9760956168174744,0.5279111862182617
YJR152W,YDL081C,0,-2.1261857,0.15659955143928528,0.9760956168174744,0.5280112028121948
YLR229C,YJL012C-A,0,-2.126339,0.1565745323896408,0.9760956168174744,0.5281112194061279
YOL103W-A,YDL060W,0,-2.1263692,0.15654951333999634,0.9760956168174744,0.5282112956047058
YCL048W-A,YGL169W,0,-2.1265538,0.15652452409267426,0.9760956168174744,0.5283113121986389
YGL167C,YDR268W,0,-2.126622,0.15649951994419098,0.9760956168174744,0.5284113883972168
YDR170C,YOR079C,0,-2.1267104,0.1564745306968689,0.9760956168174744,0.5285114049911499
YOL065C,YCR104W,0,-2.126719,0.156449556350708,0.9760956168174744,0.528611421585083
YGR169C-C,YLR153C,0,-2.126866,0.15642458200454712,0.9760956168174744,0.5287114977836609
YML016C,YDR316W-B,0,-2.1274679,0.15639962255954742,0.9760956168174744,0.528811514377594
YNR017W,YDR261W-A,0,-2.1277292,0.15637466311454773,0.9760956168174744,0.5289115905761719
YJL081C,YNR059W,0,-2.1277807,0.15634971857070923,0.9760956168174744,0.529011607170105
YPL060C-A,YFR007W,0,-2.1278722,0.15632477402687073,0.9760956168174744,0.5291116237640381
YDR348C,YNR065C,0,-2.1281693,0.15629984438419342,0.9760956168174744,0.529211699962616
YJL219W,YOL027C,0,-2.1282623,0.1562749147415161,0.9760956168174744,0.5293117165565491
YDR080W,YBR200W-A,0,-2.1283295,0.15625,0.9760956168174744,0.529411792755127
YGR053C,YLR304C,0,-2.1285117,0.1562250852584839,0.9760956168174744,0.5295118093490601
YOR350C,YLR166C,0,-2.1286964,0.15620018541812897,0.9760956168174744,0.5296118259429932
YGR141W,YLR244C,0,-2.128995,0.15617530047893524,0.9760956168174744,0.529711902141571
YOR369C,YHR092C,0,-2.12903,0.15615041553974152,0.9760956168174744,0.5298119187355042
YKL163W,YOL103W-A,0,-2.1293063,0.1561255306005478,0.9760956168174744,0.5299119353294373
YAL033W,YHR045W,0,-2.1293244,0.15610067546367645,0.9760956168174744,0.5300120115280151
YHR030C,YOL103W-A,0,-2.1294036,0.15607580542564392,0.9760956168174744,0.5301120281219482
YPL244C,YDR379C-A,0,-2.1295366,0.15605095028877258,0.9760956168174744,0.5302121043205261
YPL169C,YER031C,0,-2.1296217,0.15602611005306244,0.9760956168174744,0.5303121209144592
YGR266W,YFL026W,0,-2.1296608,0.1560012698173523,0.9760956168174744,0.5304121375083923
YNL230C,YDR475C,0,-2.1299436,0.15597644448280334,0.9760956168174744,0.5305122137069702
YCL048W-A,YLR035C,0,-2.130024,0.1559516191482544,0.9760956168174744,0.5306122303009033
YCL060C,YDR185C,0,-2.1301677,0.15592680871486664,0.9760956168174744,0.5307123064994812
YOR128C,YDR103W,0,-2.130193,0.15590199828147888,0.9760956168174744,0.5308123230934143
YCL048W-A,YBL075C,0,-2.1303477,0.15587720274925232,0.9760956168174744,0.5309123396873474
YOL049W,YBR101C,0,-2.13036,0.15585242211818695,0.9760956168174744,0.5310124158859253
YNR058W,YDL093W,0,-2.1303766,0.15582764148712158,0.9760956168174744,0.5311124324798584
YPR122W,YDR109C,0,-2.1304867,0.1558028608560562,0.9760956168174744,0.5312125086784363
YDR353W,YIL039W,0,-2.1307714,0.15577809512615204,0.9760956168174744,0.5313125252723694
YLR154W-A,YER061C,0,-2.1307828,0.15575334429740906,0.9760956168174744,0.5314125418663025
YLR414C,YHR031C,0,-2.1308434,0.15572859346866608,0.9760956168174744,0.5315126180648804
YDR097C,YHR027C,0,-2.1309123,0.1557038426399231,0.9760956168174744,0.5316126346588135
YGL104C,YCL064C,0,-2.1311066,0.1556791067123413,0.9760956168174744,0.5317127108573914
YDR515W,YAL040C,0,-2.1311817,0.15565438568592072,0.9760956168174744,0.5318127274513245
YOR368W,YGL219C,0,-2.131376,0.15562966465950012,0.9760956168174744,0.5319127440452576
YOR133W,YMR067C,0,-2.1319315,0.15560495853424072,0.9760956168174744,0.5320128202438354
YGR049W,YCL019W,0,-2.1321247,0.15558025240898132,0.9760956168174744,0.5321128368377686
YMR131C,YLR154W-A,0,-2.1324606,0.15555556118488312,0.9760956168174744,0.5322129130363464
YNL192W,YBR200W-A,0,-2.132523,0.1555308699607849,0.9760956168174744,0.5323129296302795
YGL192W,YKR100C,0,-2.1326368,0.1555061936378479,0.9760956168174744,0.5324129462242126
YBR071W,YCR040W,0,-2.1329503,0.1554815173149109,0.9760956168174744,0.5325130224227905
YNL243W,YPL156C,0,-2.1332595,0.15545685589313507,0.9760956168174744,0.5326130390167236
YMR272W-B,YHR184W,0,-2.1336157,0.15543219447135925,0.9760956168174744,0.5327130556106567
YMR272W-B,YMR028W,0,-2.133629,0.15540754795074463,0.9760956168174744,0.5328131318092346
YGL198W,YKR050W,0,-2.1336567,0.15538290143013,0.9760956168174744,0.5329131484031677
YMR296C,YHR173C,0,-2.1337552,0.15535826981067657,0.9760956168174744,0.5330132246017456
YBR200W-A,YPR018W,0,-2.133855,0.15533365309238434,0.9760956168174744,0.5331132411956787
YJL096W,YDR400W,0,-2.1339386,0.1553090363740921,0.9760956168174744,0.5332132577896118
YGR027W-B,YOL067C,0,-2.1339452,0.15528441965579987,0.9760956168174744,0.5333133339881897
YNL139C,YHR190W,0,-2.1341608,0.15525981783866882,0.9760956168174744,0.5334133505821228
YMR272W-B,YMR216C,0,-2.1343672,0.15523523092269897,0.9760956168174744,0.5335134267807007
YML098W,YPL070W,0,-2.1343787,0.15521064400672913,0.9760956168174744,0.5336134433746338
YLR362W,YFL004W,0,-2.1346915,0.15518607199192047,0.9760956168174744,0.5337134599685669
YOL102C,YDR476C,0,-2.1348045,0.15516149997711182,0.9760956168174744,0.5338135361671448
YKR043C,YPL147W,0,-2.1348312,0.15513692796230316,0.9760956168174744,0.5339135527610779
YDR379C-A,YOL067C,0,-2.1349623,0.1551123708486557,0.9760956168174744,0.5340136289596558
YKL082C,YOR208W,0,-2.135484,0.15508782863616943,0.9760956168174744,0.5341136455535889
YJL012C-A,YDR313C,0,-2.135499,0.15506328642368317,0.9760956168174744,0.534213662147522
YPL070W,YLR148W,0,-2.1355526,0.1550387591123581,0.9760956168174744,0.5343137383460999
YML072C,YPL111W,0,-2.1355858,0.15501423180103302,0.9760956168174744,0.534413754940033
YIL089W,YCR029C-A,0,-2.1356323,0.15498971939086914,0.9760956168174744,0.5345138311386108
YJL021C,YGR161W-A,0,-2.1356323,0.15496520698070526,0.9760956168174744,0.534613847732544
YCR029C-A,YLR253W,0,-2.1356323,0.15494070947170258,0.9760956168174744,0.534713864326477
YMR272W-B,YDR316W-B,0,-2.1356323,0.1549162119626999,0.9760956168174744,0.5348139405250549
YBR126W-A,YJR107C-A,0,-2.1356323,0.1548917293548584,0.9760956168174744,0.534913957118988
YDR032C,YJR107C-A,0,-2.1356323,0.1548672616481781,0.9760956168174744,0.5350140333175659
YKL150W,YJR107C-A,0,-2.1356323,0.1548427939414978,0.9760956168174744,0.535114049911499
YKL068W,YJR107C-A,0,-2.1356323,0.1548183262348175,0.9760956168174744,0.5352140665054321
YMR127C,YJR107C-A,0,-2.1356323,0.1547938734292984,0.9760956168174744,0.53531414270401
YJR107C-A,YGL222C,0,-2.1356323,0.1547694206237793,0.9760956168174744,0.5354141592979431
YOL016C,YJR107C-A,0,-2.1356323,0.1547449827194214,0.9760956168174744,0.5355141758918762
YGR169C-C,YGR066C,0,-2.1356323,0.15472055971622467,0.9760956168174744,0.5356142520904541
YML008C,YJR107C-A,0,-2.1356323,0.15469613671302795,0.9760956168174744,0.5357142686843872
YFL051C,YCR029C-A,0,-2.1356323,0.15467171370983124,0.9760956168174744,0.5358143448829651
YER056C,YJR107C-A,0,-2.1356323,0.15464730560779572,0.9760956168174744,0.5359143614768982
YKR014C,YJR107C-A,0,-2.1356323,0.1546229124069214,0.9760956168174744,0.5360143780708313
YKL035W,YJR107C-A,0,-2.1356323,0.15459851920604706,0.9760956168174744,0.5361144542694092
YCR029C-A,YDL144C,0,-2.1356323,0.15457412600517273,0.9760956168174744,0.5362144708633423
YBL101W-B,YML056C,0,-2.1356323,0.1545497626066208,0.9760956168174744,0.5363145470619202
YHL037C,YFL018W-A,0,-2.1356323,0.15452538430690765,0.9760956168174744,0.5364145636558533
YBR071W,YFL018W-A,0,-2.1356323,0.1545010209083557,0.9760956168174744,0.5365145802497864
YDR171W,YJR107C-A,0,-2.1356323,0.15447667241096497,0.9760956168174744,0.5366146564483643
YML030W,YJR107C-A,0,-2.1356323,0.15445232391357422,0.9760956168174744,0.5367146730422974
YLR242C,YJR107C-A,0,-2.1356323,0.15442799031734467,0.9760956168174744,0.5368147492408752
YGR169C-C,YKL187C,0,-2.1356323,0.1544036567211151,0.9760956168174744,0.5369147658348083
YOR301W,YJR107C-A,0,-2.1356323,0.15437933802604675,0.9760956168174744,0.5370147824287415
YBL039W-B,YDR098C-A,0,-2.1356323,0.1543550193309784,0.9760956168174744,0.5371148586273193
YJL100W,YJR107C-A,0,-2.1356323,0.15433071553707123,0.9760956168174744,0.5372148752212524
YJL012C-A,YJR107C-A,0,-2.1356323,0.15430641174316406,0.9760956168174744,0.5373149514198303
YOR095C,YDR109C,0,-2.1357923,0.1542821228504181,0.9760956168174744,0.5374149680137634
YDL014W,YBR200W-A,0,-2.1362212,0.15425783395767212,0.9760956168174744,0.5375149846076965
YJR124C,YHL025W,0,-2.136279,0.15423355996608734,0.9760956168174744,0.5376150608062744
YBR046C,YGL228W,0,-2.1365182,0.15420928597450256,0.9760956168174744,0.5377150774002075
YPL061W,YGR262C,0,-2.1366007,0.15418502688407898,0.9760956168174744,0.5378151535987854
YNL128W,YBR145W,0,-2.1366546,0.1541607677936554,0.9760956168174744,0.5379151701927185
YDR379C-A,YAL014C,0,-2.1368854,0.154136523604393,0.9760956168174744,0.5380151867866516
YIL162W,YGL104C,0,-2.1370473,0.15411227941513062,0.9760956168174744,0.5381152629852295
YLR154W-A,YDL214C,0,-2.137413,0.15408805012702942,0.9760956168174744,0.5382152795791626
YDR451C,YKL055C,0,-2.137418,0.15406382083892822,0.9760956168174744,0.5383153557777405
YCL025C,YNL250W,0,-2.137465,0.15403960645198822,0.9760956168174744,0.5384153723716736
YDR246W,YGR167W,0,-2.137468,0.1540154069662094,0.9760956168174744,0.5385153889656067
YMR091C,YNL130C,0,-2.137529,0.1539912074804306,0.9760956168174744,0.5386154651641846
YKL041W,YNL250W,0,-2.1375582,0.1539670079946518,0.9760956168174744,0.5387154817581177
YNL079C,YKL161C,0,-2.137945,0.15394282341003418,0.9760956168174744,0.5388154983520508
YNL148C,YLR079W,0,-2.1380389,0.15391863882541656,0.9760956168174744,0.5389155745506287
YOR174W,YPR134W,0,-2.138087,0.15389446914196014,0.9760956168174744,0.5390155911445618
YGR272C,YDR307W,0,-2.1381047,0.15387031435966492,0.9760956168174744,0.5391156673431396
YER090W,YNL223W,0,-2.1384137,0.1538461595773697,0.9760956168174744,0.5392156839370728
YPL148C,YKL174C,0,-2.1384964,0.15382200479507446,0.9760956168174744,0.5393157005310059
YDR032C,YJL114W,0,-2.1389344,0.15379786491394043,0.9760956168174744,0.5394157767295837
YLR348C,YIL160C,0,-2.1389418,0.1537737399339676,0.9760956168174744,0.5395157933235168
YPL156C,YCL011C,0,-2.1389832,0.15374961495399475,0.9760956168174744,0.5396158695220947
YLR386W,YBR200W-A,0,-2.1391566,0.1537254899740219,0.9760956168174744,0.5397158861160278
YDR369C,YGR040W,0,-2.1393592,0.15370137989521027,0.9760956168174744,0.5398159027099609
YGL096W,YGR054W,0,-2.1396961,0.15367728471755981,0.9760956168174744,0.5399159789085388
YLR079W,YNL155W,0,-2.1398346,0.15365318953990936,0.9760956168174744,0.5400159955024719
YPL200W,YLR373C,0,-2.1401882,0.1536290943622589,0.9760956168174744,0.5401160717010498
YGR010W,YDL008W,0,-2.1404183,0.15360501408576965,0.9760956168174744,0.5402160882949829
YDR170W-A,YBL029C-A,0,-2.1404607,0.1535809487104416,0.9760956168174744,0.540316104888916
YAR033W,YLL002W,0,-2.14047,0.15355688333511353,0.9760956168174744,0.5404161810874939
YDR367W,YDR098C-A,0,-2.1405544,0.15353281795978546,0.9760956168174744,0.540516197681427
YMR272W-B,YIL113W,0,-2.140579,0.1535087674856186,0.9760956168174744,0.5406162738800049
YHR100C,YNL135C,0,-2.1406662,0.15348473191261292,0.9760956168174744,0.540716290473938
YDR496C,YLR154W-A,0,-2.1407623,0.15346069633960724,0.9760956168174744,0.5408163070678711
YEL030W,YNR032W,0,-2.1407988,0.15343667566776276,0.9760956168174744,0.540916383266449
YBL025W,YGR054W,0,-2.1411483,0.15341265499591827,0.9760956168174744,0.5410163998603821
YPR114W,YOL143C,0,-2.1411593,0.1533886343240738,0.9760956168174744,0.54111647605896
YIL066C,YEL013W,0,-2.1417954,0.1533646285533905,0.9760956168174744,0.5412164926528931
YKR077W,YMR308C,0,-2.141994,0.1533406376838684,0.9760956168174744,0.5413165092468262
YCR098C,YGR057C,0,-2.1425133,0.1533166468143463,0.9760956168174744,0.541416585445404
YDR170W-A,YJL092W,0,-2.142597,0.1532926708459854,0.9760956168174744,0.5415166020393372
YMR272W-B,YDR405W,0,-2.1426275,0.1532686948776245,0.9760956168174744,0.5416166186332703
YKL162C,YLL035W,0,-2.1426368,0.1532447189092636,0.9760956168174744,0.5417166948318481
YDR423C,YDR141C,0,-2.1429336,0.1532207578420639,0.9760956168174744,0.5418167114257812
YBR046C,YBR158W,0,-2.1430218,0.1531968116760254,0.9760956168174744,0.5419167876243591
YPR157W,YDR341C,0,-2.1430695,0.15317286550998688,0.9760956168174744,0.5420168042182922
YOR128C,YPL156C,0,-2.1432664,0.15314893424510956,0.9760956168174744,0.5421168208122253
YGL010W,YDR210W-A,0,-2.143596,0.15312500298023224,0.9760956168174744,0.5422168970108032
YOR026W,YHR200W,0,-2.14363,0.15310107171535492,0.9760956168174744,0.5423169136047363
YFR020W,YDR075W,0,-2.1439471,0.1530771702528,0.9760956168174744,0.5424169898033142
YAL040C,YKR095W-A,0,-2.1440127,0.15305325388908386,0.9760956168174744,0.5425170063972473
YLL067C,YDR216W,0,-2.1441019,0.15302935242652893,0.9760956168174744,0.5426170229911804
YOR181W,YLR107W,0,-2.1441123,0.1530054658651352,0.9760956168174744,0.5427170991897583
YNL330C,YBR279W,1,-2.1441267,0.1531376838684082,0.9770916104316711,0.5427170991897583
YMR272W-B,YIL127C,0,-2.1442406,0.15311378240585327,0.9770916104316711,0.5428171157836914
YNR065C,YGR057C,0,-2.144474,0.15308988094329834,0.9770916104316711,0.5429171919822693
YOR192C-A,YJR016C,0,-2.1445837,0.1530659943819046,0.9770916104316711,0.5430172085762024
YCL057C-A,YOL143C,0,-2.144843,0.15304212272167206,0.9770916104316711,0.5431172251701355
YMR272W-B,YKL163W,0,-2.1449091,0.15301825106143951,0.9770916104316711,0.5432173013687134
YDR039C,YPL060C-A,0,-2.1451712,0.15299437940120697,0.9770916104316711,0.5433173179626465
YKL204W,YBR101C,0,-2.1451766,0.15297052264213562,0.9770916104316711,0.5434173941612244
YPL060C-A,YOR148C,0,-2.1452312,0.15294668078422546,0.9770916104316711,0.5435174107551575
YDR137W,YPR164W,0,-2.145439,0.1529228389263153,0.9770916104316711,0.5436174273490906
YMR272W-B,YNL054W,0,-2.145446,0.15289899706840515,0.9770916104316711,0.5437175035476685
YMR081C,YBR158W,0,-2.1455328,0.1528751701116562,0.9770916104316711,0.5438175201416016
YDR319C,YDR206W,0,-2.1458104,0.15285135805606842,0.9770916104316711,0.5439175963401794
YMR272W-B,YDL148C,0,-2.145965,0.15282754600048065,0.9770916104316711,0.5440176129341125
YOR076C,YGL163C,0,-2.1460059,0.15280373394489288,0.9770916104316711,0.5441176295280457
YBL047C,YGL008C,0,-2.1461132,0.1527799367904663,0.9770916104316711,0.5442177057266235
YER061C,YOR081C,0,-2.146181,0.15275615453720093,0.9770916104316711,0.5443177223205566
YIL106W,YJL106W,0,-2.1462271,0.15273237228393555,0.9770916104316711,0.5444177389144897
YLR167W,YDR069C,0,-2.1462924,0.15270859003067017,0.9770916104316711,0.5445178151130676
YDR097C,YNL073W,0,-2.1464312,0.15268482267856598,0.9770916104316711,0.5446178317070007
YBR189W,YGR224W,0,-2.146436,0.15266107022762299,0.9770916104316711,0.5447179079055786
YGR169C-C,YLR244C,0,-2.1465185,0.15263731777668,0.9770916104316711,0.5448179244995117
YBL084C,YLR439W,0,-2.146621,0.152613565325737,0.9770916104316711,0.5449179410934448
YNR043W,YOL143C,0,-2.146696,0.1525898277759552,0.9770916104316711,0.5450180172920227
YPL219W,YBL079W,0,-2.1467268,0.1525660902261734,0.9770916104316711,0.5451180338859558
YKR077W,YPR008W,0,-2.1468081,0.1525423675775528,0.9770916104316711,0.5452181100845337
YGL030W,YBL029C-A,0,-2.1471174,0.15251865983009338,0.9770916104316711,0.5453181266784668
YKR013W,YMR092C,0,-2.147128,0.15249495208263397,0.9770916104316711,0.5454181432723999
YDR140W,YBR250W,0,-2.1472752,0.15247124433517456,0.9770916104316711,0.5455182194709778
YOR273C,YOR350C,0,-2.1473744,0.15244755148887634,0.9770916104316711,0.5456182360649109
YKL198C,YPL083C,0,-2.1474586,0.15242385864257812,0.9770916104316711,0.5457183122634888
YGL114W,YMR217W,0,-2.1475556,0.1524001806974411,0.9770916104316711,0.5458183288574219
YEL021W,YDR379C-A,0,-2.1475618,0.15237651765346527,0.9770916104316711,0.545918345451355
YMR321C,YDR458C,0,-2.147654,0.15235285460948944,0.9770916104316711,0.5460184216499329
YIL158W,YDR179W-A,0,-2.1477287,0.1523291915655136,0.9770916104316711,0.546118438243866
YIL158W,YKR068C,0,-2.1479335,0.15230554342269897,0.9770916104316711,0.5462185144424438
YBR012W-B,YGL056C,0,-2.1482294,0.15228189527988434,0.9770916104316711,0.546318531036377
YDR473C,YBR200W-A,0,-2.1485493,0.1522582620382309,0.9770916104316711,0.5464185476303101
YIL165C,YLR460C,0,-2.1489751,0.15223464369773865,0.9770916104316711,0.5465186238288879
YLR244C,YHR053C,0,-2.1489851,0.1522110104560852,0.9770916104316711,0.546618640422821
YOR128C,YDR026C,0,-2.1490984,0.15218740701675415,0.9770916104316711,0.5467187166213989
YMR278W,YPL086C,0,-2.1491926,0.1521638035774231,0.9770916104316711,0.546818733215332
YHR153C,YLR006C,0,-2.1495497,0.15214020013809204,0.9770916104316711,0.5469187498092651
YPL188W,YLR299W,0,-2.1496146,0.15211661159992218,0.9770916104316711,0.547018826007843
YFR018C,YGR066C,0,-2.14986,0.15209302306175232,0.9770916104316711,0.5471188426017761
YDR214W,YNR047W,0,-2.1499627,0.15206944942474365,0.9770916104316711,0.5472188591957092
YIL169C,YOR321W,0,-2.1503146,0.15204587578773499,0.9770916104316711,0.5473189353942871
YGR142W,YLL022C,0,-2.1504316,0.1520223170518875,0.9770916104316711,0.5474189519882202
YDR372C,YDR210W-A,0,-2.150778,0.15199875831604004,0.9770916104316711,0.5475190281867981
YKL022C,YDL033C,0,-2.1508033,0.15197521448135376,0.9770916104316711,0.5476190447807312
YPL060C-A,YGL057C,0,-2.1508868,0.15195167064666748,0.9770916104316711,0.5477190613746643
YPL111W,YDL165W,0,-2.151089,0.1519281417131424,0.9770916104316711,0.5478191375732422
YNL113W,YPL224C,0,-2.151284,0.1519046127796173,0.9770916104316711,0.5479191541671753
YKL183W,YGR027W-B,0,-2.1514456,0.15188109874725342,0.9770916104316711,0.5480192303657532
YDR185C,YDR210W-A,0,-2.1517105,0.15185758471488953,0.9770916104316711,0.5481192469596863
YEL013W,YDR166C,0,-2.1528614,0.15183408558368683,0.9770916104316711,0.5482192635536194
YBR200W-A,YFR010W,0,-2.1531198,0.15181058645248413,0.9770916104316711,0.5483193397521973
YMR272W-B,YGL200C,0,-2.1531286,0.15178710222244263,0.9770916104316711,0.5484193563461304
YFR010W,YDR316W-B,0,-2.1535738,0.15176361799240112,0.9770916104316711,0.5485194325447083
YHR100C,YNL230C,0,-2.1536589,0.15174013376235962,0.9770916104316711,0.5486194491386414
YER061C,YKL021C,0,-2.1537611,0.1517166644334793,0.9770916104316711,0.5487194657325745
YDL052C,YLR406C-A,0,-2.1538026,0.1516932100057602,0.9770916104316711,0.5488195419311523
YDR338C,YBR200W-A,0,-2.153804,0.15166975557804108,0.9770916104316711,0.5489195585250854
YGR200C,YFR021W,0,-2.1539848,0.15164631605148315,0.9770916104316711,0.5490196347236633
YCL025C,YLR427W,0,-2.153989,0.15162287652492523,0.9770916104316711,0.5491196513175964
YPR106W,YMR269W,0,-2.154111,0.1515994369983673,0.9770916104316711,0.5492196679115295
YOR065W,YFL020C,0,-2.1541483,0.15157601237297058,0.9770916104316711,0.5493197441101074
YGR277C,YNL054W,0,-2.1541762,0.15155260264873505,0.9770916104316711,0.5494197607040405
YGL200C,YFR024C,0,-2.1545186,0.1515291929244995,0.9770916104316711,0.5495198369026184
YDR439W,YDR047W,0,-2.154823,0.15150579810142517,0.9770916104316711,0.5496198534965515
YJL087C,YDR098C-A,0,-2.1548474,0.15148240327835083,0.9770916104316711,0.5497198700904846
YLR154W-A,YLR045C,0,-2.1548932,0.1514590084552765,0.9770916104316711,0.5498199462890625
YKL162C,YBR111W-A,0,-2.155034,0.15143562853336334,0.9770916104316711,0.5499199628829956
YLR405W,YEL013W,0,-2.1552353,0.1514122486114502,0.9770916104316711,0.5500199794769287
YPL257W-A,YNL250W,0,-2.1553056,0.15138888359069824,0.9770916104316711,0.5501200556755066
YNL230C,YDR238C,0,-2.1554015,0.15136553347110748,0.9770916104316711,0.5502200722694397
YLR332W,YLR313C,0,-2.1557581,0.15134218335151672,0.9770916104316711,0.5503201484680176
YJL200C,YGR108W,0,-2.1562266,0.15131883323192596,0.9770916104316711,0.5504201650619507
YCL034W,YNL229C,0,-2.1565187,0.1512954980134964,0.9770916104316711,0.5505201816558838
YIL083C,YLR104W,0,-2.1568854,0.15127216279506683,0.9770916104316711,0.5506202578544617
YLR405W,YLL067C,0,-2.157242,0.15124884247779846,0.9770916104316711,0.5507202744483948
YDL149W,YOR016C,0,-2.1574833,0.1512255221605301,0.9770916104316711,0.5508203506469727
YOR337W,YGR121C,0,-2.1578455,0.1512022167444229,0.9770916104316711,0.5509203672409058
YOR011W,YGL032C,0,-2.1579194,0.15117891132831573,0.9770916104316711,0.5510203838348389
YPL061W,YHR034C,0,-2.1579273,0.15115562081336975,0.9770916104316711,0.5511204600334167
YNR057C,YIR037W,0,-2.1581519,0.15113233029842377,0.9770916104316711,0.5512204766273499
YCL048W-A,YNL073W,0,-2.1582806,0.15110905468463898,0.9770916104316711,0.5513205528259277
YPL140C,YJR026W,0,-2.1583357,0.1510857790708542,0.9770916104316711,0.5514205694198608
YLL067C,YDR379C-A,0,-2.1584888,0.1510625183582306,0.9770916104316711,0.551520586013794
YFL036W,YMR011W,0,-2.1588233,0.151039257645607,0.9770916104316711,0.5516206622123718
YBL052C,YGR161W-A,0,-2.159201,0.1510160118341446,0.9770916104316711,0.5517206788063049
YDR312W,YGL032C,0,-2.159203,0.1509927660226822,0.9770916104316711,0.5518207550048828
YGR169C-C,YCR066W,0,-2.1593745,0.15096953511238098,0.9770916104316711,0.5519207715988159
YDR476C,YKL061W,0,-2.159382,0.15094630420207977,0.9770916104316711,0.552020788192749
YJL021C,YOL066C,0,-2.1595368,0.15092307329177856,0.9770916104316711,0.5521208643913269
YBL014C,YBL005W-B,0,-2.1595578,0.15089985728263855,0.9770916104316711,0.55222088098526
YDR170W-A,YKL187C,0,-2.159595,0.15087665617465973,0.9770916104316711,0.5523209571838379
YMR272W-B,YDR458C,0,-2.1596189,0.1508534550666809,0.9770916104316711,0.552420973777771
YML124C,YGR076C,0,-2.159677,0.1508302539587021,0.9770916104316711,0.5525209903717041
YBL014C,YGR027W-B,0,-2.1596854,0.15080706775188446,0.9770916104316711,0.552621066570282
YJR144W,YMR164C,0,-2.159724,0.15078389644622803,0.9770916104316711,0.5527210831642151
YGL213C,YGL057C,0,-2.160177,0.1507607251405716,0.9770916104316711,0.5528210997581482
YML029W,YGR161W-A,0,-2.1604455,0.15073755383491516,0.9770916104316711,0.5529211759567261
YDL179W,YML100W,0,-2.160525,0.15071439743041992,0.9770916104316711,0.5530211925506592
YPL216W,YER090W,0,-2.1606233,0.15069124102592468,0.9770916104316711,0.5531212687492371
YLR104W,YFL055W,0,-2.160692,0.15066809952259064,0.9770916104316711,0.5532212853431702
YDR317W,YKL004W,0,-2.1610167,0.1506449580192566,0.9770916104316711,0.5533213019371033
YBR123C,YLR229C,0,-2.1611009,0.15062183141708374,0.9770916104316711,0.5534213781356812
YDR097C,YLR218C,0,-2.161311,0.1505987048149109,0.9770916104316711,0.5535213947296143
YER120W,YMR092C,0,-2.161319,0.15057559311389923,0.9770916104316711,0.5536214709281921
YMR240C,YDR316W-B,0,-2.1619656,0.15055248141288757,0.9770916104316711,0.5537214875221252
YCR088W,YGR034W,0,-2.1620843,0.1505293846130371,0.9770916104316711,0.5538215041160583
YLR107W,YLR045C,0,-2.1621408,0.15050628781318665,0.9770916104316711,0.5539215803146362
YDL199C,YOL103W-A,0,-2.1625354,0.15048320591449738,0.9770916104316711,0.5540215969085693
YKL105C,YIL084C,0,-2.162816,0.1504601240158081,0.9770916104316711,0.5541216731071472
YKL068W,YDR316W-B,0,-2.1629417,0.15043704211711884,0.9770916104316711,0.5542216897010803
YLR421C,YER177W,0,-2.163253,0.15041399002075195,0.9770916104316711,0.5543217062950134
YHR185C,YKL061W,0,-2.1634266,0.15039092302322388,0.9770916104316711,0.5544217824935913
YMR321C,YHL001W,0,-2.163804,0.150367870926857,0.9770916104316711,0.5545217990875244
YHR132C,YLR079W,0,-2.1638913,0.1503448337316513,0.9770916104316711,0.5546218752861023
YLL040C,YBR104W,0,-2.1639776,0.15032179653644562,0.9770916104316711,0.5547218918800354
YDR137W,YLR406C-A,0,-2.1640155,0.15029875934123993,0.9770916104316711,0.5548219084739685
YGL028C,YIL036W,0,-2.1642807,0.15027573704719543,0.9770916104316711,0.5549219846725464
YKL101W,YBL101W-B,0,-2.1642914,0.15025271475315094,0.9770916104316711,0.5550220012664795
YDR349C,YPL122C,0,-2.1643398,0.15022970736026764,0.9770916104316711,0.5551220774650574
YMR302C,YDR261W-A,0,-2.1650512,0.15020669996738434,0.9770916104316711,0.5552220940589905
YGR127W,YLR304C,0,-2.1653154,0.15018370747566223,0.9770916104316711,0.5553221106529236
YGL008C,YGL166W,0,-2.1654203,0.15016072988510132,0.9770916104316711,0.5554221868515015
YOR329C,YBR168W,0,-2.1655996,0.1501377373933792,0.9770916104316711,0.5555222034454346
YLR116W,YFL047W,0,-2.1657503,0.1501147598028183,0.9770916104316711,0.5556222200393677
YPL058C,YGL205W,0,-2.165765,0.15009179711341858,0.9770916104316711,0.5557222962379456
YNR059W,YKR100C,0,-2.1659076,0.15006883442401886,0.9770916104316711,0.5558223128318787
YKL047W,YCR002C,0,-2.1659286,0.15004588663578033,0.9770916104316711,0.5559223890304565
YMR323W,YOR368W,0,-2.166015,0.1500229388475418,0.9770916104316711,0.5560224056243896
YGR200C,YGR161W-A,0,-2.166103,0.15000000596046448,0.9770916104316711,0.5561224222183228
YGR277C,YGL205W,0,-2.1661355,0.14997707307338715,0.9770916104316711,0.5562224984169006
YKR053C,YGR142W,0,-2.1662552,0.14995414018630981,0.9770916104316711,0.5563225150108337
YIL046W,YLL040C,0,-2.1664076,0.14993122220039368,0.9770916104316711,0.5564225912094116
YDR201W,YDL211C,0,-2.1664295,0.14990831911563873,0.9770916104316711,0.5565226078033447
YGL212W,YDR210W-A,0,-2.1664722,0.1498854160308838,0.9770916104316711,0.5566226243972778
YMR263W,YOL004W,1,-2.166497,0.15001527965068817,0.9780876636505127,0.5566226243972778
YOL004W,YHR083W,0,-2.166587,0.14999236166477203,0.9780876636505127,0.5567227005958557
YEL013W,YDL014W,0,-2.166875,0.1499694585800171,0.9780876636505127,0.5568227171897888
YLR116W,YOR384W,0,-2.167116,0.14994655549526215,0.9780876636505127,0.5569227933883667
YDR185C,YGR155W,0,-2.1672006,0.1499236673116684,0.9780876636505127,0.5570228099822998
YER095W,YGR227W,0,-2.16763,0.14990077912807465,0.9780876636505127,0.5571228265762329
YJR093C,YLR154W-A,0,-2.167728,0.1498779058456421,0.9780876636505127,0.5572229027748108
YIL066C,YOR209C,0,-2.1680627,0.14985503256320953,0.9780876636505127,0.5573229193687439
YJR124C,YCR041W,0,-2.1681137,0.14983215928077698,0.9780876636505127,0.5574229955673218
YOR115C,YDR261W-A,0,-2.1683214,0.14980930089950562,0.9780876636505127,0.5575230121612549
YPR182W,YJR010C-A,0,-2.1686394,0.14978645741939545,0.9780876636505127,0.557623028755188
YLR304C,YJL127C,0,-2.1688015,0.14976361393928528,0.9780876636505127,0.5577231049537659
YOL005C,YGR131W,0,-2.168963,0.1497407704591751,0.9780876636505127,0.557823121547699
YDL144C,YBR111W-A,0,-2.168966,0.14971794188022614,0.9780876636505127,0.5579231977462769
YMR089C,YDR173C,0,-2.1691632,0.14969512820243835,0.9780876636505127,0.55802321434021
YHR096C,YGR034W,0,-2.1691837,0.14967229962348938,0.9780876636505127,0.5581232309341431
YKL099C,YJL052W,0,-2.169524,0.1496495008468628,0.9780876636505127,0.558223307132721
YLR179C,YLR405W,0,-2.1697416,0.1496267020702362,0.9780876636505127,0.558323323726654
YOR386W,YOR131C,0,-2.1697457,0.14960390329360962,0.9780876636505127,0.5584233403205872
YPL060C-A,YGR266W,0,-2.1697476,0.14958110451698303,0.9780876636505127,0.558523416519165
YMR120C,YDL045W-A,0,-2.1698103,0.14955833554267883,0.9780876636505127,0.5586234331130981
YNR043W,YLR006C,0,-2.1699026,0.14953555166721344,0.9780876636505127,0.558723509311676
YMR096W,YGR054W,0,-2.169915,0.14951278269290924,0.9780876636505127,0.5588235259056091
YMR262W,YNL333W,0,-2.169953,0.14949002861976624,0.9780876636505127,0.5589235424995422
YNL230C,YDR261W-A,0,-2.1701078,0.14946727454662323,0.9780876636505127,0.5590236186981201
YGR141W,YGR169C-C,0,-2.1701117,0.14944453537464142,0.9780876636505127,0.5591236352920532
YOR002W,YPL266W,0,-2.1703289,0.1494217962026596,0.9780876636505127,0.5592237114906311
YIL039W,YGR041W,0,-2.1704266,0.1493990570306778,0.9780876636505127,0.5593237280845642
YOR192C-A,YAL024C,0,-2.170525,0.14937633275985718,0.9780876636505127,0.5594237446784973
YPL030W,YPL257W-A,0,-2.1712153,0.14935360848903656,0.9780876636505127,0.5595238208770752
YGL200C,YPL219W,0,-2.1712382,0.14933089911937714,0.9780876636505127,0.5596238374710083
YNL210W,YPR018W,0,-2.171467,0.1493081897497177,0.9780876636505127,0.5597239136695862
YNL125C,YCR066W,0,-2.1717968,0.14928549528121948,0.9780876636505127,0.5598239302635193
YDR138W,YBR245C,1,-2.1721885,0.1494148075580597,0.9790836572647095,0.5598239302635193
YHR108W,YGR161W-A,0,-2.172342,0.14939209818840027,0.9790836572647095,0.5599239468574524
YJR125C,YIL073C,0,-2.1729503,0.14936940371990204,0.9790836572647095,0.5600240230560303
YNL073W,YDR316W-B,0,-2.1730926,0.1493467092514038,0.9790836572647095,0.5601240396499634
YDR185C,YPL257W-A,0,-2.173173,0.14932401478290558,0.9790836572647095,0.5602241158485413
YER147C,YOL103W-A,0,-2.1733828,0.14930133521556854,0.9790836572647095,0.5603241324424744
YNL250W,YDR210W-A,0,-2.1734138,0.1492786705493927,0.9790836572647095,0.5604241490364075
YKR069W,YPR018W,0,-2.1734507,0.14925599098205566,0.9790836572647095,0.5605242252349854
YCL032W,YIL066C,0,-2.173541,0.14923334121704102,0.9790836572647095,0.5606242418289185
YEL065W,YJR016C,0,-2.1738136,0.14921069145202637,0.9790836572647095,0.5607243180274963
YMR106C,YDR517W,0,-2.1738183,0.14918804168701172,0.9790836572647095,0.5608243346214294
YCL032W,YHR207C,0,-2.1739123,0.14916540682315826,0.9790836572647095,0.5609243512153625
YBL101W-B,YJR016C,0,-2.1742656,0.1491427719593048,0.9790836572647095,0.5610244274139404
YBR058C,YBR243C,0,-2.1744156,0.14912015199661255,0.9790836572647095,0.5611244440078735
YIL053W,YGL015C,0,-2.1746967,0.1490975320339203,0.9790836572647095,0.5612244606018066
YDR434W,YKL130C,0,-2.1749632,0.14907491207122803,0.9790836572647095,0.5613245368003845
YBL034C,YCL055W,0,-2.1751297,0.14905230700969696,0.9790836572647095,0.5614245533943176
YLR406C-A,YLL016W,0,-2.1751378,0.1490297168493271,0.9790836572647095,0.5615246295928955
YOL135C,YDR316W-B,0,-2.1756566,0.14900712668895721,0.9790836572647095,0.5616246461868286
YDR170W-A,YER008C,0,-2.175724,0.14898453652858734,0.9790836572647095,0.5617246627807617
YIL053W,YPR013C,0,-2.1757646,0.14896196126937866,0.9790836572647095,0.5618247389793396
YDR434W,YER173W,0,-2.1759589,0.14893940091133118,0.9790836572647095,0.5619247555732727
YDR351W,YBR253W,0,-2.1760037,0.1489168256521225,0.9790836572647095,0.5620248317718506
YCL060C,YNL320W,0,-2.1762664,0.1488942801952362,0.9790836572647095,0.5621248483657837
YMR067C,YDL241W,0,-2.1763752,0.14887171983718872,0.9790836572647095,0.5622248649597168
YHR062C,YGR060W,0,-2.1765926,0.14884918928146362,0.9790836572647095,0.5623249411582947
YFR027W,YKL109W,0,-2.1766067,0.14882664382457733,0.9790836572647095,0.5624249577522278
YHL037C,YER025W,0,-2.1766386,0.14880411326885223,0.9790836572647095,0.5625250339508057
YGL137W,YPL087W,0,-2.1767704,0.14878159761428833,0.9790836572647095,0.5626250505447388
YCL060C,YHR173C,0,-2.1768734,0.14875908195972443,0.9790836572647095,0.5627250671386719
YOR131C,YFL011W,0,-2.176913,0.14873656630516052,0.9790836572647095,0.5628251433372498
YOL119C,YKL137W,0,-2.1769981,0.1487140655517578,0.9790836572647095,0.5629251599311829
YJL081C,YDR316W-B,0,-2.177061,0.1486915796995163,0.9790836572647095,0.5630252361297607
YNL037C,YGL167C,0,-2.1775677,0.14866909384727478,0.9790836572647095,0.5631252527236938
YPR100W,YMR195W,0,-2.1780553,0.14864660799503326,0.9790836572647095,0.563225269317627
YMR106C,YDR041W,0,-2.17836,0.14862413704395294,0.9790836572647095,0.5633253455162048
YNL263C,YLR130C,0,-2.178642,0.14860166609287262,0.9790836572647095,0.5634253621101379
YHL008C,YBL089W,0,-2.1789196,0.1485791951417923,0.9790836572647095,0.5635254383087158
YMR097C,YPL094C,0,-2.178939,0.14855675399303436,0.9790836572647095,0.5636254549026489
YDR210W,YHR096C,0,-2.1789484,0.14853429794311523,0.9790836572647095,0.563725471496582
YDR317W,YDR170W-A,0,-2.1790073,0.1485118567943573,0.9790836572647095,0.5638255476951599
YNL094W,YMR167W,0,-2.1790345,0.14848943054676056,0.9790836572647095,0.563925564289093
YML002W,YLR307W,0,-2.1793175,0.14846700429916382,0.9790836572647095,0.5640255808830261
YFR051C,YNL291C,0,-2.179344,0.14844457805156708,0.9790836572647095,0.564125657081604
YCL048W-A,YGR060W,0,-2.1794648,0.14842216670513153,0.9790836572647095,0.5642256736755371
YOR321W,YDR541C,0,-2.1800497,0.14839975535869598,0.9790836572647095,0.564325749874115
YPL226W,YHR002W,0,-2.1802151,0.14837735891342163,0.9790836572647095,0.5644257664680481
YDR319C,YPL156C,0,-2.180514,0.14835496246814728,0.9790836572647095,0.5645257830619812
YPR029C,YJL121C,0,-2.180545,0.14833258092403412,0.9790836572647095,0.5646258592605591
YDR087C,YLR154W-A,0,-2.180713,0.14831019937992096,0.9790836572647095,0.5647258758544922
YHR053C,YBL005W-B,0,-2.18097,0.148287832736969,0.9790836572647095,0.5648259520530701
YDR316W-B,YHR040W,0,-2.1810675,0.14826546609401703,0.9790836572647095,0.5649259686470032
YBR130C,YPL022W,0,-2.181107,0.14824309945106506,0.9790836572647095,0.5650259852409363
YLR391W,YOL006C,0,-2.1811883,0.1482207477092743,0.9790836572647095,0.5651260614395142
YHR092C,YBR145W,0,-2.181546,0.14819839596748352,0.9790836572647095,0.5652260780334473
YER173W,YDL211C,0,-2.1817138,0.14817605912685394,0.9790836572647095,0.5653261542320251
YBR274W,YGL205W,0,-2.181846,0.14815373718738556,0.9790836572647095,0.5654261708259583
YCR077C,YPL046C,0,-2.1818545,0.14813140034675598,0.9790836572647095,0.5655261874198914
YGR166W,YAL014C,0,-2.1825845,0.1481090784072876,0.9790836572647095,0.5656262636184692
YOR011W,YNR047W,0,-2.1826313,0.1480867713689804,0.9790836572647095,0.5657262802124023
YIL083C,YFR031C-A,0,-2.182637,0.14806446433067322,0.9790836572647095,0.5658263564109802
YOL065C,YNL229C,0,-2.182883,0.14804217219352722,0.9790836572647095,0.5659263730049133
YGL212W,YDR313C,0,-2.1829443,0.14801988005638123,0.9790836572647095,0.5660263895988464
YOR301W,YKL079W,0,-2.1829545,0.14799758791923523,0.9790836572647095,0.5661264657974243
YGR262C,YMR159C,0,-2.1830409,0.14797531068325043,0.9790836572647095,0.5662264823913574
YER133W,YLR154W-A,0,-2.183146,0.14795303344726562,0.9790836572647095,0.5663265585899353
YKL162C,YDR267C,0,-2.1833775,0.14793077111244202,0.9790836572647095,0.5664265751838684
YCL063W,YGL158W,0,-2.1834311,0.1479085236787796,0.9790836572647095,0.5665265917778015
YGL198W,YBR200W-A,0,-2.1834729,0.147886261343956,0.9790836572647095,0.5666266679763794
YBR012W-B,YDR032C,0,-2.1835155,0.14786401391029358,0.9790836572647095,0.5667266845703125
YHL034C,YGR040W,0,-2.1835227,0.14784178137779236,0.9790836572647095,0.5668267011642456
YJL057C,YOL067C,0,-2.1837575,0.14781954884529114,0.9790836572647095,0.5669267773628235
YIL165C,YDR141C,0,-2.1844356,0.14779731631278992,0.9790836572647095,0.5670267939567566
YLR079W,YDR238C,0,-2.1846116,0.1477750986814499,0.9790836572647095,0.5671268701553345
YDR107C,YDR210W-A,0,-2.1849911,0.14775289595127106,0.9790836572647095,0.5672268867492676
YFL051C,YOL159C,0,-2.1853862,0.14773069322109222,0.9790836572647095,0.5673269033432007
YDR210W-A,YOR307C,0,-2.185521,0.1477084904909134,0.9790836572647095,0.5674269795417786
YNL259C,YPL215W,0,-2.1855252,0.14768630266189575,0.9790836572647095,0.5675269961357117
YMR180C,YGL205W,0,-2.1861746,0.1476641148328781,0.9790836572647095,0.5676270723342896
YKR097W,YER160C,0,-2.1863682,0.14764194190502167,0.9790836572647095,0.5677270889282227
YER160C,YOL067C,0,-2.1866632,0.14761976897716522,0.9790836572647095,0.5678271055221558
YNL130C,YGL163C,0,-2.1869931,0.14759759604930878,0.9790836572647095,0.5679271817207336
YJR068W,YFL020C,0,-2.1873934,0.14757543802261353,0.9790836572647095,0.5680271983146667
YLL016W,YLR148W,0,-2.1876464,0.14755327999591827,0.9790836572647095,0.5681272745132446
YLR116W,YLR299W,0,-2.1876853,0.14753113687038422,0.9790836572647095,0.5682272911071777
YGL212W,YGR169C-C,0,-2.1878116,0.14750900864601135,0.9790836572647095,0.5683273077011108
YGR202C,YPL058C,0,-2.1879084,0.1474868655204773,0.9790836572647095,0.5684273838996887
YJR073C,YOR233W,0,-2.1882675,0.14746475219726562,0.9790836572647095,0.5685274004936218
YGR224W,YHR027C,0,-2.1883686,0.14744262397289276,0.9790836572647095,0.5686274766921997
YLR348C,YDR316W-B,0,-2.1884847,0.1474205106496811,0.9790836572647095,0.5687274932861328
YLR391W,YLR157C,0,-2.1885898,0.14739841222763062,0.9790836572647095,0.5688275098800659
YJL219W,YER042W,0,-2.188645,0.14737631380558014,0.9790836572647095,0.5689275860786438
YHR138C,YBL059W,0,-2.1887205,0.14735421538352966,0.9790836572647095,0.5690276026725769
YGR247W,YLR312C-B,0,-2.188957,0.14733213186264038,0.9790836572647095,0.5691276788711548
YGL247W,YDR488C,0,-2.1891887,0.1473100483417511,0.9790836572647095,0.5692276954650879
YNL229C,YOL103W-A,0,-2.1892855,0.147287979722023,0.9790836572647095,0.569327712059021
YGL192W,YGL227W,0,-2.1893315,0.14726591110229492,0.9790836572647095,0.5694277882575989
YNR065C,YOL066C,0,-2.1896985,0.14724385738372803,0.9790836572647095,0.569527804851532
YBL039W-B,YLL067C,0,-2.1898224,0.14722180366516113,0.9790836572647095,0.5696278214454651
YJL025W,YDR253C,0,-2.189874,0.14719976484775543,0.9790836572647095,0.569727897644043
YDR261W-A,YGR109C,0,-2.1900957,0.14717772603034973,0.9790836572647095,0.5698279142379761
YPR008W,YMR322C,0,-2.1901143,0.14715568721294403,0.9790836572647095,0.569927990436554
YNR057C,YLR179C,0,-2.1901743,0.14713366329669952,0.9790836572647095,0.5700280070304871
YGL032C,YGL075C,0,-2.1903803,0.14711163938045502,0.9790836572647095,0.5701280236244202
YOR065W,YOL103W-A,0,-2.1904373,0.1470896303653717,0.9790836572647095,0.570228099822998
YLR393W,YNL127W,0,-2.1907823,0.1470676213502884,0.9790836572647095,0.5703281164169312
YDR170W-A,YPR114W,0,-2.1909122,0.14704562723636627,0.9790836572647095,0.570428192615509
YEL065W,YNL230C,0,-2.1911166,0.14702363312244415,0.9790836572647095,0.5705282092094421
YKL182W,YNR047W,0,-2.1911402,0.14700163900852203,0.9790836572647095,0.5706282258033752
YLR148W,YFR007W,0,-2.1914046,0.1469796597957611,0.9790836572647095,0.5707283020019531
YCL044C,YGL032C,0,-2.1914313,0.14695769548416138,0.9790836572647095,0.5708283185958862
YDL199C,YJL021C,0,-2.191479,0.14693573117256165,0.9790836572647095,0.5709283947944641
YMR303C,YIL073C,0,-2.1914952,0.14691376686096191,0.9790836572647095,0.5710284113883972
YPR128C,YML057W,0,-2.1915576,0.14689181745052338,0.9790836572647095,0.5711284279823303
YBR301W,YER160C,0,-2.1915693,0.14686986804008484,0.9790836572647095,0.5712285041809082
YHR055C,YJR086W,0,-2.1916687,0.1468479186296463,0.9790836572647095,0.5713285207748413
YEL042W,YGL166W,0,-2.1917183,0.14682598412036896,0.9790836572647095,0.5714285969734192
YIL072W,YOR078W,0,-2.1918814,0.1468040645122528,0.9790836572647095,0.5715286135673523
YBR097W,YNR070W,0,-2.191944,0.14678214490413666,0.9790836572647095,0.5716286301612854
YFR051C,YGR169C-C,0,-2.1923401,0.1467602252960205,0.9790836572647095,0.5717287063598633
YNL068C,YLR203C,0,-2.1925213,0.14673832058906555,0.9790836572647095,0.5718287229537964
YMR120C,YOR127W,0,-2.1925318,0.1467164158821106,0.9790836572647095,0.5719287991523743
YHL004W,YDL161W,0,-2.1926992,0.14669452607631683,0.9790836572647095,0.5720288157463074
YOL018C,YPR182W,0,-2.1927893,0.14667263627052307,0.9790836572647095,0.5721288323402405
YOR384W,YFL011W,0,-2.1927927,0.1466507464647293,0.9790836572647095,0.5722289085388184
YGR169C-C,YGL160W,0,-2.1929,0.14662887156009674,0.9790836572647095,0.5723289251327515
YOL096C,YLR182W,0,-2.1931145,0.14660701155662537,0.9790836572647095,0.5724290013313293
YNL054W,YPL094C,0,-2.193197,0.146585151553154,0.9790836572647095,0.5725290179252625
YCR041W,YLR129W,0,-2.1932147,0.14656329154968262,0.9790836572647095,0.5726290345191956
YFR014C,YBL059W,0,-2.1932995,0.14654144644737244,0.9790836572647095,0.5727291107177734
YGR234W,YGR230W,0,-2.1933172,0.14651960134506226,0.9790836572647095,0.5728291273117065
YNL177C,YLL031C,0,-2.1933293,0.14649777114391327,0.9790836572647095,0.5729291439056396
YPR015C,YDR545W,0,-2.19341,0.14647594094276428,0.9790836572647095,0.5730292201042175
YNL008C,YKL022C,0,-2.1937158,0.1464541107416153,0.9790836572647095,0.5731292366981506
YDR166C,YLL016W,0,-2.1938527,0.1464322954416275,0.9790836572647095,0.5732293128967285
YCL060C,YDR338C,0,-2.1941757,0.1464104801416397,0.9790836572647095,0.5733293294906616
YCR104W,YPR071W,0,-2.1943324,0.1463886797428131,0.9790836572647095,0.5734293460845947
YOR329C,YNL070W,0,-2.1944463,0.1463668793439865,0.9790836572647095,0.5735294222831726
YNR058W,YJR042W,0,-2.19452,0.1463450938463211,0.9790836572647095,0.5736294388771057
YOL020W,YDR210W-A,0,-2.1948192,0.1463233083486557,0.9790836572647095,0.5737295150756836
YGR212W,YKL061W,0,-2.1948714,0.1463015377521515,0.9790836572647095,0.5738295316696167
YPL060C-A,YPL147W,0,-2.1950634,0.14627976715564728,0.9790836572647095,0.5739295482635498
YGR212W,YER129W,0,-2.1950777,0.14625799655914307,0.9790836572647095,0.5740296244621277
YJR093C,YPR157W,0,-2.1950924,0.14623624086380005,0.9790836572647095,0.5741296410560608
YDR402C,YKR006C,0,-2.1952517,0.14621448516845703,0.9790836572647095,0.5742297172546387
YLR406C-A,YGL219C,0,-2.1952696,0.1461927443742752,0.9790836572647095,0.5743297338485718
YOR079C,YDL007W,0,-2.1952794,0.14617100358009338,0.9790836572647095,0.5744297504425049
YAL002W,YPL007C,0,-2.1954381,0.14614927768707275,0.9790836572647095,0.5745298266410828
YIL083C,YBR283C,0,-2.1954498,0.14612755179405212,0.9790836572647095,0.5746298432350159
YNR009W,YER107C,0,-2.195515,0.1461058259010315,0.9790836572647095,0.5747299194335938
YNL152W,YJL127C,0,-2.1956842,0.14608411490917206,0.9790836572647095,0.5748299360275269
YDR385W,YDR475C,0,-2.1961873,0.14606240391731262,0.9790836572647095,0.57492995262146
YMR159C,YLL017W,0,-2.1964347,0.14604070782661438,0.9790836572647095,0.5750300288200378
YDL144C,YDL226C,0,-2.1965692,0.14601901173591614,0.9790836572647095,0.575130045413971
YOL159C,YJR133W,0,-2.1968362,0.1459973305463791,0.9790836572647095,0.5752301216125488
YLR063W,YIL036W,0,-2.1970801,0.14597564935684204,0.9790836572647095,0.5753301382064819
YOL016C,YPL060W,0,-2.197155,0.145953968167305,0.9790836572647095,0.575430154800415
YLL040C,YHR136C,0,-2.1973138,0.14593230187892914,0.9790836572647095,0.5755302309989929
YNL333W,YIL150C,0,-2.1973183,0.14591063559055328,0.9790836572647095,0.575630247592926
YLR260W,YPR141C,0,-2.1976013,0.14588898420333862,0.9790836572647095,0.5757302641868591
YPR015C,YCR002C,0,-2.1977124,0.14586733281612396,0.9790836572647095,0.575830340385437
YLR386W,YKR050W,0,-2.1978326,0.1458456963300705,0.9790836572647095,0.5759303569793701
YIR041W,YGR040W,0,-2.1978915,0.14582405984401703,0.9790836572647095,0.576030433177948
YNL333W,YLR129W,0,-2.1982627,0.14580243825912476,0.9790836572647095,0.5761304497718811
YDL052C,YDR406W,0,-2.1984076,0.14578081667423248,0.9790836572647095,0.5762304663658142
YHR002W,YLR427W,0,-2.1986115,0.1457591950893402,0.9790836572647095,0.5763305425643921
YMR116C,YDR056C,0,-2.198676,0.14573758840560913,0.9790836572647095,0.5764305591583252
YER071C,YHL003C,0,-2.1989856,0.14571598172187805,0.9790836572647095,0.5765306353569031
YGR167W,YFL004W,0,-2.1992905,0.14569438993930817,0.9790836572647095,0.5766306519508362
YER147C,YHR079C,0,-2.1992981,0.14567279815673828,0.9790836572647095,0.5767306685447693
YOR192C-A,YER126C,0,-2.1993587,0.1456512063741684,0.9790836572647095,0.5768307447433472
YJL121C,YDR316W-B,0,-2.1993916,0.1456296294927597,0.9790836572647095,0.5769307613372803
YNL008C,YCL025C,0,-2.1994176,0.145608052611351,0.9790836572647095,0.5770308375358582
YKL150W,YLR304C,0,-2.1994886,0.14558649063110352,0.9790836572647095,0.5771308541297913
YCR097WB,YMR321C,0,-2.1997173,0.14556492865085602,0.9790836572647095,0.5772308707237244
YFR014C,YDR184C,0,-2.199898,0.14554338157176971,0.9790836572647095,0.5773309469223022
YMR096W,YDR145W,0,-2.2000215,0.1455218344926834,0.9790836572647095,0.5774309635162354
YDL127W,YDR378C,0,-2.2000291,0.1455003023147583,0.9790836572647095,0.5775310397148132
YOR126C,YOL096C,0,-2.2006075,0.1454787701368332,0.9790836572647095,0.5776310563087463
YDR170W-A,YOL065C,0,-2.2006829,0.14545723795890808,0.9790836572647095,0.5777310729026794
YBR301W,YKL198C,0,-2.2008178,0.14543572068214417,0.9790836572647095,0.5778311491012573
YOR378W,YER109C,0,-2.200865,0.14541420340538025,0.9790836572647095,0.5779311656951904
YLR103C,YML052W,0,-2.2009013,0.14539268612861633,0.9790836572647095,0.5780312418937683
YER095W,YOR075W,0,-2.2010534,0.1453711986541748,0.9790836572647095,0.5781312584877014
YDR107C,YDR285W,0,-2.2010605,0.14534969627857208,0.9790836572647095,0.5782312750816345
YGL112C,YDR338C,0,-2.2010648,0.14532820880413055,0.9790836572647095,0.5783313512802124
YGL110C,YGR006W,0,-2.2011886,0.14530672132968903,0.9790836572647095,0.5784313678741455
YOL102C,YOL001W,0,-2.2012575,0.1452852487564087,0.9790836572647095,0.5785313844680786
YGR020C,YOR192C,0,-2.2013934,0.14526377618312836,0.9790836572647095,0.5786314606666565
YIL084C,YPL104W,0,-2.201517,0.14524231851100922,0.9790836572647095,0.5787314772605896
YGL010W,YLR246W,0,-2.2015355,0.14522086083889008,0.9790836572647095,0.5788315534591675
YNR058W,YFL055W,0,-2.2016022,0.14519940316677094,0.9790836572647095,0.5789315700531006
YBL033C,YLR406C-A,0,-2.2016232,0.145177960395813,0.9790836572647095,0.5790315866470337
YNR043W,YPR013C,0,-2.2016811,0.14515653252601624,0.9790836572647095,0.5791316628456116
YLR405W,YGL022W,0,-2.2017744,0.1451350897550583,0.9790836572647095,0.5792316794395447
YDR019C,YCL057C-A,0,-2.2022288,0.14511367678642273,0.9790836572647095,0.5793317556381226
YMR208W,YIL023C,0,-2.2022932,0.14509224891662598,0.9790836572647095,0.5794317722320557
YLR056W,YLR449W,0,-2.2026372,0.14507083594799042,0.9790836572647095,0.5795317888259888
YJL171C,YJL145W,0,-2.202958,0.14504943788051605,0.9790836572647095,0.5796318650245667
YLL017W,YFR012W,0,-2.2032712,0.1450280249118805,0.9790836572647095,0.5797318816184998
YHR092C,YJR044C,0,-2.2033904,0.14500664174556732,0.9790836572647095,0.5798319578170776
YKR006C,YDR316W-B,0,-2.2035625,0.14498524367809296,0.9790836572647095,0.5799319744110107
YBL039W-B,YOR076C,0,-2.2036362,0.14496387541294098,0.9790836572647095,0.5800319910049438
YBR029C,YGL158W,0,-2.2037122,0.1449424922466278,0.9790836572647095,0.5801320672035217
YMR169C,YGR127W,0,-2.2038286,0.14492112398147583,0.9790836572647095,0.5802320837974548
YMR131C,YDL019C,0,-2.2039046,0.14489977061748505,0.9790836572647095,0.5803321599960327
YKL161C,YML109W,0,-2.2039235,0.14487840235233307,0.9790836572647095,0.5804321765899658
YLR246W,YEL032W,0,-2.2040784,0.14485706388950348,0.9790836572647095,0.5805321931838989
YLR278C,YJL114W,0,-2.2048788,0.1448357105255127,0.9790836572647095,0.5806322693824768
YPL219W,YGR169C-C,0,-2.2049472,0.1448143720626831,0.9790836572647095,0.5807322859764099
YKR069W,YDR461W,0,-2.2051957,0.1447930485010147,0.9790836572647095,0.5808323621749878
YFR022W,YJL114W,0,-2.2052755,0.1447717249393463,0.9790836572647095,0.5809323787689209
YDL067C,YDR315C,0,-2.2052839,0.14475040137767792,0.9790836572647095,0.581032395362854
YLR065C,YLL016W,0,-2.2054338,0.14472909271717072,0.9790836572647095,0.5811324715614319
YNL128W,YDR003W,0,-2.2060986,0.1447077840566635,0.9790836572647095,0.581232488155365
YER177W,YOR180C,0,-2.2063582,0.1446864902973175,0.9790836572647095,0.5813325047492981
YGL200C,YHR205W,0,-2.2066915,0.1446651965379715,0.9790836572647095,0.581432580947876
YMR028W,YLR141W,1,-2.2067108,0.14479105174541473,0.980079710483551,0.581432580947876
YCR063W,YOR065W,0,-2.207283,0.14476975798606873,0.980079710483551,0.5815325975418091
YCL048W-A,YDR138W,0,-2.2073724,0.14474844932556152,0.980079710483551,0.581632673740387
YIL037C,YOR369C,0,-2.2074513,0.1447271704673767,0.980079710483551,0.5817326903343201
YPL046C,YDR210W-A,0,-2.207486,0.1447058767080307,0.980079710483551,0.5818327069282532
YJR125C,YNR009W,0,-2.2082808,0.1446845978498459,0.980079710483551,0.581932783126831
YMR208W,YBL079W,0,-2.208387,0.14466333389282227,0.980079710483551,0.5820327997207642
YIL083C,YOR180C,0,-2.209065,0.14464206993579865,0.980079710483551,0.582132875919342
YLR057W,YMR240C,0,-2.2091777,0.14462080597877502,0.980079710483551,0.5822328925132751
YJL163C,YBL015W,0,-2.2092617,0.1445995569229126,0.980079710483551,0.5823329091072083
YNL227C,YHR214C-B,0,-2.2092702,0.14457830786705017,0.980079710483551,0.5824329853057861
YIL017C,YLR154W-A,0,-2.2094755,0.14455707371234894,0.980079710483551,0.5825330018997192
YOR297C,YMR247C,0,-2.2095888,0.1445358395576477,0.980079710483551,0.5826330780982971
YHL004W,YOR329C,0,-2.2097113,0.14451462030410767,0.980079710483551,0.5827330946922302
YLR079W,YNR032W,0,-2.2099133,0.14449338614940643,0.980079710483551,0.5828331112861633
YLR056W,YFR027W,0,-2.2100556,0.1444721817970276,0.980079710483551,0.5829331874847412
YLL066C,YGR239C,0,-2.2101223,0.14445096254348755,0.980079710483551,0.5830332040786743
YPL092W,YHR184W,0,-2.2102456,0.1444297730922699,0.980079710483551,0.5831332802772522
YGL005C,YHR048W,0,-2.2104993,0.14440856873989105,0.980079710483551,0.5832332968711853
YCL057C-A,YER160C,0,-2.210571,0.1443873792886734,0.980079710483551,0.5833333134651184
YDR353W,YLR130C,0,-2.210686,0.14436618983745575,0.980079710483551,0.5834333896636963
YPL061W,YOL145C,0,-2.211025,0.1443450152873993,0.980079710483551,0.5835334062576294
YDR261W-A,YFR007W,0,-2.211097,0.14432385563850403,0.980079710483551,0.5836334824562073
YML008C,YKL162C,0,-2.211538,0.14430268108844757,0.980079710483551,0.5837334990501404
YMR120C,YOL103W-A,0,-2.2115867,0.1442815214395523,0.980079710483551,0.5838335156440735
YNL192W,YJR016C,0,-2.2115932,0.14426037669181824,0.980079710483551,0.5839335918426514
YKR097W,YOR338W,0,-2.2117732,0.14423923194408417,0.980079710483551,0.5840336084365845
YGR167W,YOL091W,0,-2.2119362,0.1442180871963501,0.980079710483551,0.5841336250305176
YOR192C-A,YOR338W,0,-2.2120266,0.14419695734977722,0.980079710483551,0.5842337012290955
YLL066C,YMR159C,0,-2.212086,0.14417582750320435,0.980079710483551,0.5843337178230286
YER063W,YOL065C,0,-2.2120998,0.14415469765663147,0.980079710483551,0.5844337940216064
YNL021W,YIL157C,0,-2.212214,0.1441335827112198,0.980079710483551,0.5845338106155396
YCL060C,YKL055C,0,-2.2122161,0.1441124826669693,0.980079710483551,0.5846338272094727
YGR202C,YDR210W-A,0,-2.2123315,0.14409136772155762,0.980079710483551,0.5847339034080505
YMR087W,YBR276C,0,-2.2125056,0.14407028257846832,0.980079710483551,0.5848339200019836
YCR071C,YLR313C,0,-2.2127216,0.14404918253421783,0.980079710483551,0.5849339962005615
YER126C,YDR402C,0,-2.2127512,0.14402809739112854,0.980079710483551,0.5850340127944946
YDR026C,YNL330C,1,-2.2129574,0.14415337145328522,0.9810757040977478,0.5850340127944946
YHR132W-A,YKL114C,0,-2.2130005,0.14413228631019592,0.9810757040977478,0.5851340293884277
YOR159C,YJR127C,0,-2.2130506,0.14411118626594543,0.9810757040977478,0.5852341055870056
YPL162C,YJR084W,0,-2.2131214,0.14409011602401733,0.9810757040977478,0.5853341221809387
YOR378W,YDR461W,0,-2.2132628,0.14406903088092804,0.9810757040977478,0.5854341983795166
YJL021C,YPL092W,0,-2.2132642,0.14404796063899994,0.9810757040977478,0.5855342149734497
YBR126W-A,YDL014W,0,-2.2133338,0.14402690529823303,0.9810757040977478,0.5856342315673828
YBR097W,YGR027W-B,0,-2.2134323,0.14400584995746613,0.9810757040977478,0.5857343077659607
YJL021C,YOL159C,0,-2.213549,0.14398479461669922,0.9810757040977478,0.5858343243598938
YLR103C,YBL029C-A,0,-2.2135706,0.1439637541770935,0.9810757040977478,0.5859344005584717
YMR106C,YGR118W,0,-2.2137578,0.1439427137374878,0.9810757040977478,0.5860344171524048
YLR421C,YBL005W,0,-2.2138388,0.14392168819904327,0.9810757040977478,0.5861344337463379
YNL210W,YDR473C,0,-2.214276,0.14390066266059875,0.9810757040977478,0.5862345099449158
YOR104W,YOR034C,0,-2.2142816,0.14387963712215424,0.9810757040977478,0.5863345265388489
YER141W,YGR109C,0,-2.2144477,0.1438586264848709,0.9810757040977478,0.5864346027374268
YCR008W,YDR097C,0,-2.214568,0.14383761584758759,0.9810757040977478,0.5865346193313599
YER162C,YIL136W,0,-2.2145736,0.14381662011146545,0.9810757040977478,0.586634635925293
YHR055C,YDR277C,0,-2.2146327,0.14379562437534332,0.9810757040977478,0.5867347121238708
YPL060C-A,YHR184W,0,-2.2148285,0.1437746286392212,0.9810757040977478,0.586834728717804
YOR192C-A,YOL006C,0,-2.214975,0.14375364780426025,0.9810757040977478,0.5869347453117371
YMR270C,YNL155W,0,-2.2150111,0.14373266696929932,0.9810757040977478,0.5870348215103149
YGR020C,YNL291C,0,-2.215102,0.14371170103549957,0.9810757040977478,0.587134838104248
YNL127W,YPL050C,0,-2.2152545,0.14369073510169983,0.9810757040977478,0.5872349143028259
YFL002W-B,YBR101C,0,-2.2152789,0.14366978406906128,0.9810757040977478,0.587334930896759
YCL037C,YDR107C,0,-2.2154765,0.14364883303642273,0.9810757040977478,0.5874349474906921
YFR024C,YDR406W,0,-2.2155924,0.14362788200378418,0.9810757040977478,0.58753502368927
YOR335C,YCL019W,0,-2.2155952,0.14360694587230682,0.9810757040977478,0.5876350402832031
YBR299W,YDR182W,0,-2.2156122,0.14358600974082947,0.9810757040977478,0.587735116481781
YBL029C-A,YBR291C,0,-2.215922,0.1435650736093521,0.9810757040977478,0.5878351330757141
YLR179C,YIL093C,0,-2.2159374,0.14354415237903595,0.9810757040977478,0.5879351496696472
YBR046C,YBR071W,0,-2.2159417,0.14352324604988098,0.9810757040977478,0.5880352258682251
YER091C,YEL016C,0,-2.2159605,0.14350232481956482,0.9810757040977478,0.5881352424621582
YBL025W,YNL330C,1,-2.2161424,0.1436270922422409,0.9820716977119446,0.5881352424621582
YDR130C,YDR098C-A,0,-2.2162502,0.14360617101192474,0.9820716977119446,0.5882353186607361
YLL066C,YDR450W,0,-2.2165859,0.14358526468276978,0.9820716977119446,0.5883353352546692
YOR329C,YKL187C,0,-2.2170582,0.1435643583536148,0.9820716977119446,0.5884353518486023
YNL177C,YHL032C,0,-2.217252,0.14354345202445984,0.9820716977119446,0.5885354280471802
YNL192W,YGL129C,0,-2.2173028,0.14352256059646606,0.9820716977119446,0.5886354446411133
YNL173C,YLR406C-A,0,-2.2175734,0.1435016691684723,0.9820716977119446,0.5887355208396912
YPR121W,YKL182W,0,-2.2177618,0.1434807926416397,0.9820716977119446,0.5888355374336243
YGL222C,YDR216W,0,-2.2181795,0.14345991611480713,0.9820716977119446,0.5889355540275574
YLR065C,YHR012W,0,-2.2190137,0.14343903958797455,0.9820716977119446,0.5890356302261353
YDR170W-A,YDR266C,0,-2.2192712,0.14341817796230316,0.9820716977119446,0.5891356468200684
YML094W,YOR356W,0,-2.2193458,0.14339733123779297,0.9820716977119446,0.5892357230186462
YMR225C,YLR157C,0,-2.2193806,0.14337646961212158,0.9820716977119446,0.5893357396125793
YJL021C,YBR071W,0,-2.2194335,0.1433556228876114,0.9820716977119446,0.5894357562065125
YJR022W,YOR356W,0,-2.2195818,0.1433347910642624,0.9820716977119446,0.5895358324050903
YBR264C,YJL164C,0,-2.2198474,0.1433139592409134,0.9820716977119446,0.5896358489990234
YPR029C,YHR132W-A,0,-2.219914,0.1432931274175644,0.9820716977119446,0.5897358655929565
YJR022W,YKL101W,0,-2.2200954,0.1432723104953766,0.9820716977119446,0.5898359417915344
YNL230C,YGL137W,0,-2.2201853,0.14325149357318878,0.9820716977119446,0.5899359583854675
YIR036C,YDL015C,0,-2.22019,0.14323067665100098,0.9820716977119446,0.5900360345840454
YNL008C,YNL291C,0,-2.2202497,0.14320987462997437,0.9820716977119446,0.5901360511779785
YNR032W,YLR304C,0,-2.220275,0.14318907260894775,0.9820716977119446,0.5902360677719116
YHR216W,YDR311W,0,-2.2203248,0.14316828548908234,0.9820716977119446,0.5903361439704895
YPL046C,YDR259C,0,-2.2205317,0.14314749836921692,0.9820716977119446,0.5904361605644226
YER111C,YDR316W-B,0,-2.2205527,0.1431267261505127,0.9820716977119446,0.5905362367630005
YML102W,YBL029C-A,0,-2.2205777,0.14310595393180847,0.9820716977119446,0.5906362533569336
YMR023C,YNL078W,0,-2.2210705,0.14308518171310425,0.9820716977119446,0.5907362699508667
YJR143C,YGR202C,0,-2.221178,0.14306442439556122,0.9820716977119446,0.5908363461494446
YIL160C,YJR016C,0,-2.2217803,0.1430436670780182,0.9820716977119446,0.5909363627433777
YMR278W,YAL039C,0,-2.221939,0.14302292466163635,0.9820716977119446,0.5910364389419556
YIL011W,YJL105W,0,-2.2224638,0.14300218224525452,0.9820716977119446,0.5911364555358887
YDR358W,YDR216W,0,-2.2229133,0.14298143982887268,0.9820716977119446,0.5912364721298218
YMR268W-A,YLR174W,0,-2.2229786,0.14296071231365204,0.9820716977119446,0.5913365483283997
YGR027W-B,YBR145W,0,-2.2230272,0.1429399847984314,0.9820716977119446,0.5914365649223328
YKL004W,YDR338C,0,-2.22326,0.14291925728321075,0.9820716977119446,0.5915366411209106
YHL016C,YGL222C,0,-2.2233124,0.1428985446691513,0.9820716977119446,0.5916366577148438
YGR150C,YOL096C,0,-2.2234623,0.14287784695625305,0.9820716977119446,0.5917366743087769
YPL060C-A,YDR176W,0,-2.2235138,0.1428571492433548,0.9820716977119446,0.5918367505073547
YAL053W,YKR006C,0,-2.2236397,0.14283645153045654,0.9820716977119446,0.5919367671012878
YFR018C,YIL018W,0,-2.2236931,0.1428157538175583,0.9820716977119446,0.5920368432998657
YJR101W,YHL032C,0,-2.2238257,0.14279507100582123,0.9820716977119446,0.5921368598937988
YOR192C-A,YDR475C,0,-2.2239983,0.14277440309524536,0.9820716977119446,0.5922368764877319
YGL013C,YER147C,0,-2.224137,0.1427537351846695,0.9820716977119446,0.5923369526863098
YJR066W,YGL223C,0,-2.224168,0.14273306727409363,0.9820716977119446,0.5924369692802429
YFL002W-B,YCR043C,0,-2.2242482,0.14271239936351776,0.9820716977119446,0.592536985874176
YDR268W,YNL152W,0,-2.224298,0.1426917463541031,0.9820716977119446,0.5926370620727539
YMR099C,YDR216W,0,-2.2243094,0.1426711082458496,0.9820716977119446,0.592737078666687
YDL052C,YIL113W,0,-2.2244985,0.14265047013759613,0.9820716977119446,0.5928371548652649
YGL124C,YDR080W,0,-2.2249877,0.14262983202934265,0.9820716977119446,0.592937171459198
YKL204W,YNL290W,0,-2.2249978,0.14260919392108917,0.9820716977119446,0.5930371880531311
YHL003C,YLR360W,0,-2.2251127,0.1425885707139969,0.9820716977119446,0.593137264251709
YMR075W,YOR016C,0,-2.2253363,0.1425679624080658,0.9820716977119446,0.5932372808456421
YLR079W,YDR047W,0,-2.2256033,0.1425473541021347,0.9820716977119446,0.59333735704422
YGR266W,YDL148C,0,-2.2260435,0.1425267457962036,0.9820716977119446,0.5934373736381531
YFL061W,YBR135W,0,-2.2261155,0.14250613749027252,0.9820716977119446,0.5935373902320862
YJR098C,YKR013W,0,-2.2263198,0.14248554408550262,0.9820716977119446,0.5936374664306641
YFL056C,YGR241C,0,-2.2265341,0.14246496558189392,0.9820716977119446,0.5937374830245972
YKL166C,YBL029C-A,0,-2.2267513,0.14244438707828522,0.9820716977119446,0.593837559223175
YGL040C,YER109C,0,-2.2268994,0.1424238085746765,0.9820716977119446,0.5939375758171082
YGR109C,YBR058C,0,-2.2269373,0.1424032300710678,0.9820716977119446,0.5940375924110413
YIL046W,YDR182W,0,-2.226945,0.1423826664686203,0.9820716977119446,0.5941376686096191
YOR148C,YOL133W,0,-2.2272348,0.14236211776733398,0.9820716977119446,0.5942376852035522
YLR316C,YDR256C,0,-2.2274039,0.14234156906604767,0.9820716977119446,0.5943377614021301
YEL043W,YLR130C,0,-2.2276843,0.14232102036476135,0.9820716977119446,0.5944377779960632
YOL001W,YLR130C,0,-2.2277052,0.14230047166347504,0.9820716977119446,0.5945377945899963
YLR348C,YHR200W,0,-2.22815,0.14227993786334991,0.9820716977119446,0.5946378707885742
YPR139C,YOR075W,0,-2.2284963,0.142259418964386,0.9820716977119446,0.5947378873825073
YPL283C,YML057W,0,-2.2286599,0.14223888516426086,0.9820716977119446,0.5948379635810852
YPL028W,YMR321C,0,-2.22873,0.14221838116645813,0.9820716977119446,0.5949379801750183
YMR159C,YLR154W-A,0,-2.2290552,0.1421978622674942,0.9820716977119446,0.5950379967689514
YIL073C,YBR088C,0,-2.2291856,0.14217735826969147,0.9820716977119446,0.5951380729675293
YOR192C,YGL104C,0,-2.2292283,0.14215686917304993,0.9820716977119446,0.5952380895614624
YDR138W,YJR066W,1,-2.2294757,0.14228051900863647,0.9830677509307861,0.5952380895614624
YEL013W,YHL034C,0,-2.2299764,0.14226001501083374,0.9830677509307861,0.5953381061553955
YML029W,YNL229C,0,-2.2301586,0.142239511013031,0.9830677509307861,0.5954381823539734
YBR057C,YDR475C,0,-2.230312,0.14221902191638947,0.9830677509307861,0.5955381989479065
YNL148C,YMR114C,0,-2.2304146,0.14219853281974792,0.9830677509307861,0.5956382751464844
YJR066W,YDR044W,0,-2.2305205,0.14217804372310638,0.9830677509307861,0.5957382917404175
YHR098C,YHR031C,0,-2.2305243,0.14215756952762604,0.9830677509307861,0.5958383083343506
YNL146W,YKR050W,0,-2.230601,0.1421370953321457,0.9830677509307861,0.5959383845329285
YDR246W,YOL065C,0,-2.230615,0.14211663603782654,0.9830677509307861,0.5960384011268616
YMR097C,YFL002W-B,0,-2.2306461,0.14209617674350739,0.9830677509307861,0.5961384773254395
YMR127C,YOR219C,0,-2.2307312,0.14207571744918823,0.9830677509307861,0.5962384939193726
YNR032W,YOR339C,0,-2.2310956,0.14205527305603027,0.9830677509307861,0.5963385105133057
YKR014C,YAL014C,0,-2.2311463,0.14203482866287231,0.9830677509307861,0.5964385867118835
YJL029C,YBL005W-B,0,-2.2311594,0.14201438426971436,0.9830677509307861,0.5965386033058167
YGR141W,YDL215C,0,-2.231355,0.1419939547777176,0.9830677509307861,0.5966386795043945
YLL066C,YDL067C,0,-2.231448,0.14197354018688202,0.9830677509307861,0.5967386960983276
YNL094W,YFL004W,0,-2.2318027,0.14195311069488525,0.9830677509307861,0.5968387126922607
YPR034W,YGL163C,0,-2.2319582,0.14193269610404968,0.9830677509307861,0.5969387888908386
YKL101W,YCL057C-A,0,-2.2322145,0.1419122964143753,0.9830677509307861,0.5970388054847717
YCR007C,YPR013C,0,-2.2324355,0.14189189672470093,0.9830677509307861,0.5971388816833496
YCL044C,YDR539W,0,-2.232485,0.14187149703502655,0.9830677509307861,0.5972388982772827
YGR212W,YCL057C-A,0,-2.2325718,0.14185111224651337,0.9830677509307861,0.5973389148712158
YER071C,YOR113W,0,-2.2327952,0.14183072745800018,0.9830677509307861,0.5974389910697937
YDR182W,YDR056C,0,-2.2327998,0.141810342669487,0.9830677509307861,0.5975390076637268
YHR170W,YJL078C,0,-2.2332013,0.141789972782135,0.9830677509307861,0.5976390838623047
YML116W,YMR114C,0,-2.2334063,0.14176960289478302,0.9830677509307861,0.5977391004562378
YIL027C,YCR098C,0,-2.233415,0.14174924790859222,0.9830677509307861,0.5978391170501709
YOR208W,YLR390W,0,-2.2337258,0.14172889292240143,0.9830677509307861,0.5979391932487488
YIL136W,YGL075C,0,-2.23373,0.14170853793621063,0.9830677509307861,0.5980392098426819
YIL101C,YML100W,0,-2.233871,0.14168819785118103,0.9830677509307861,0.598139226436615
YOL016C,YJL127C,0,-2.2340105,0.14166785776615143,0.9830677509307861,0.5982393026351929
YDR044W,YDR098C-A,0,-2.2340734,0.14164753258228302,0.9830677509307861,0.598339319229126
YER004W,YLR130C,0,-2.2343733,0.1416272073984146,0.9830677509307861,0.5984393954277039
YDR351W,YHL032C,0,-2.2346745,0.1416068822145462,0.9830677509307861,0.598539412021637
YMR203W,YMR087W,0,-2.2347095,0.141586571931839,0.9830677509307861,0.5986394286155701
YJL163C,YBR243C,0,-2.2348168,0.14156626164913177,0.9830677509307861,0.598739504814148
YHL008C,YJR016C,0,-2.2348588,0.14154596626758575,0.9830677509307861,0.598839521408081
YNL135C,YGR041W,0,-2.235017,0.14152567088603973,0.9830677509307861,0.5989395976066589
YNL026W,YLR362W,0,-2.235029,0.1415053755044937,0.9830677509307861,0.599039614200592
YDR317W,YHR207C,0,-2.2352128,0.1414850950241089,0.9830677509307861,0.5991396307945251
YDR443C,YDR256C,0,-2.2352479,0.14146481454372406,0.9830677509307861,0.599239706993103
YHR009C,YDR267C,0,-2.2353575,0.14144453406333923,0.9830677509307861,0.5993397235870361
YHL034C,YBR058C,0,-2.2355397,0.1414242684841156,0.9830677509307861,0.599439799785614
YLR332W,YHR062C,0,-2.2358057,0.14140401780605316,0.9830677509307861,0.5995398163795471
YJL130C,YBL015W,0,-2.2359369,0.14138375222682953,0.9830677509307861,0.5996398329734802
YDR402C,YLL016W,0,-2.2359493,0.1413635015487671,0.9830677509307861,0.5997399091720581
YMR099C,YDR312W,0,-2.2359645,0.14134326577186584,0.9830677509307861,0.5998399257659912
YGR200C,YJL113W,0,-2.236111,0.1413230299949646,0.9830677509307861,0.5999400019645691
YPL061W,YNL022C,0,-2.2361329,0.14130279421806335,0.9830677509307861,0.6000400185585022
YMR278W,YGR062C,0,-2.2362478,0.1412825584411621,0.9830677509307861,0.6001400351524353
YIL011W,YDR098C-A,0,-2.236473,0.14126233756542206,0.9830677509307861,0.6002401113510132
YOR113W,YML056C,0,-2.2365112,0.1412421315908432,0.9830677509307861,0.6003401279449463
YHR034C,YGR049W,0,-2.2367127,0.14122192561626434,0.9830677509307861,0.6004402041435242
YBR158W,YLR403W,0,-2.2369237,0.14120171964168549,0.9830677509307861,0.6005402207374573
YIL070C,YDR160W,0,-2.2372363,0.14118151366710663,0.9830677509307861,0.6006402373313904
YDL067C,YFL049W,0,-2.2374969,0.14116132259368896,0.9830677509307861,0.6007403135299683
YGL022W,YDR285W,0,-2.237663,0.1411411464214325,0.9830677509307861,0.6008403301239014
YJR072C,YER170W,0,-2.2377326,0.14112095534801483,0.9830677509307861,0.6009403467178345
YPR139C,YDR141C,0,-2.2379918,0.14110077917575836,0.9830677509307861,0.6010404229164124
YLR362W,YKL213C,0,-2.2382686,0.14108061790466309,0.9830677509307861,0.6011404395103455
YCL048W-A,YHR079C,0,-2.238452,0.1410604566335678,0.9830677509307861,0.6012405157089233
YNL272C,YNR039C,0,-2.2386289,0.14104029536247253,0.9830677509307861,0.6013405323028564
YNR059W,YDL033C,0,-2.2388406,0.14102014899253845,0.9830677509307861,0.6014405488967896
YNR043W,YDR267C,0,-2.2388742,0.14100000262260437,0.9830677509307861,0.6015406250953674
YCR071C,YLR457C,0,-2.2394054,0.1409798562526703,0.9830677509307861,0.6016406416893005
YLR414C,YHL025W,0,-2.2394495,0.1409597247838974,0.9830677509307861,0.6017407178878784
YPR109W,YJL179W,0,-2.2395117,0.1409395933151245,0.9830677509307861,0.6018407344818115
YMR173W,YNL249C,0,-2.2397668,0.14091947674751282,0.9830677509307861,0.6019407510757446
YEL011W,YMR081C,0,-2.2400548,0.14089936017990112,0.9830677509307861,0.6020408272743225
YLR393W,YPL070W,0,-2.2400684,0.14087924361228943,0.9830677509307861,0.6021408438682556
YOR126C,YJR073C,0,-2.2404659,0.14085914194583893,0.9830677509307861,0.6022409200668335
YBL101W-B,YLR448W,0,-2.2404866,0.14083904027938843,0.9830677509307861,0.6023409366607666
YKR097W,YKR006C,0,-2.2405295,0.14081895351409912,0.9830677509307861,0.6024409532546997
YLR037C,YJL163C,0,-2.240826,0.14079885184764862,0.9830677509307861,0.6025410294532776
YDR170W-A,YGR241C,0,-2.2408836,0.1407787799835205,0.9830677509307861,0.6026410460472107
YPL060C-A,YJL099W,0,-2.2409818,0.1407586932182312,0.9830677509307861,0.6027411222457886
YMR099C,YBR101C,0,-2.2412336,0.1407386213541031,0.9830677509307861,0.6028411388397217
YPL070W,YGR224W,0,-2.241246,0.14071856439113617,0.9830677509307861,0.6029411554336548
YCR029C-A,YGL137W,0,-2.2415385,0.14069850742816925,0.9830677509307861,0.6030412316322327
YDR367W,YLR312C-B,0,-2.2418993,0.14067845046520233,0.9830677509307861,0.6031412482261658
YIL042C,YBR168W,0,-2.2419724,0.1406584084033966,0.9830677509307861,0.6032413244247437
YDR387C,YOR078W,0,-2.241986,0.1406383514404297,0.9830677509307861,0.6033413410186768
YCL034W,YKL213C,0,-2.2422488,0.14061832427978516,0.9830677509307861,0.6034413576126099
YGR166W,YBL029C-A,0,-2.2423747,0.14059829711914062,0.9830677509307861,0.6035414338111877
YCL032W,YOR198C,0,-2.2425816,0.1405782699584961,0.9830677509307861,0.6036414504051208
YER120W,YDR261W-A,0,-2.2426147,0.14055824279785156,0.9830677509307861,0.603741466999054
YOR181W,YMR322C,0,-2.242735,0.14053823053836823,0.9830677509307861,0.6038415431976318
YKL109W,YIL014W,0,-2.2429037,0.1405182182788849,0.9830677509307861,0.6039415597915649
YJR094C,YGL104C,0,-2.2429898,0.14049822092056274,0.9830677509307861,0.6040416359901428
YFR027W,YHR132C,0,-2.24302,0.1404782235622406,0.9830677509307861,0.6041416525840759
YLL031C,YGR060W,0,-2.243331,0.14045822620391846,0.9830677509307861,0.604241669178009
YGR063C,YFL060C,0,-2.2434323,0.1404382437467575,0.9830677509307861,0.6043417453765869
YKL150W,YFR012W,0,-2.2436194,0.14041826128959656,0.9830677509307861,0.60444176197052
YPL257W-A,YGR165W,0,-2.2437463,0.1403982937335968,0.9830677509307861,0.6045418381690979
YOR016C,YJR133W,0,-2.2438006,0.14037832617759705,0.9830677509307861,0.604641854763031
YIR041W,YNR047W,0,-2.243872,0.1403583586215973,0.9830677509307861,0.6047418713569641
YKR102W,YBL079W,0,-2.2438731,0.14033840596675873,0.9830677509307861,0.604841947555542
YOR193W,YNR065C,0,-2.2439964,0.14031845331192017,0.9830677509307861,0.6049419641494751
YDR204W,YMR059W,0,-2.2440975,0.1402985006570816,0.9830677509307861,0.605042040348053
YBL059W,YDR311W,0,-2.244491,0.14027856290340424,0.9830677509307861,0.6051420569419861
YLR348C,YDR375C,0,-2.244745,0.14025864005088806,0.9830677509307861,0.6052420735359192
YIR019C,YDR003W,0,-2.2450073,0.1402387022972107,0.9830677509307861,0.6053421497344971
YGR227W,YDR313C,0,-2.2457645,0.14021877944469452,0.9830677509307861,0.6054421663284302
YPL148C,YNL054W,0,-2.2460284,0.14019885659217834,0.9830677509307861,0.6055422425270081
YFL030W,YJL114W,0,-2.246184,0.14017894864082336,0.9830677509307861,0.6056422591209412
YNR001C,YJL105W,0,-2.2463014,0.14015904068946838,0.9830677509307861,0.6057422757148743
YML052W,YOR338W,0,-2.2472773,0.1401391476392746,0.9830677509307861,0.6058423519134521
YDL184C,YDR379C-A,0,-2.247298,0.1401192545890808,0.9830677509307861,0.6059423685073853
YOL128C,YCR066W,0,-2.2473104,0.14009936153888702,0.9830677509307861,0.6060424447059631
YGR024C,YKR043C,0,-2.2480662,0.14007948338985443,0.9830677509307861,0.6061424612998962
YDR541C,YOR104W,0,-2.2480924,0.14005960524082184,0.9830677509307861,0.6062424778938293
YDL246C,YFL049W,0,-2.2483776,0.14003972709178925,0.9830677509307861,0.6063425540924072
YMR059W,YBR128C,0,-2.2484403,0.14001986384391785,0.9830677509307861,0.6064425706863403
YPL219W,YDL052C,0,-2.2484577,0.14000000059604645,0.9830677509307861,0.6065425872802734
YMR035W,YML109W,0,-2.248541,0.13998013734817505,0.9830677509307861,0.6066426634788513
YOL016C,YIL113W,0,-2.2486517,0.13996028900146484,0.9830677509307861,0.6067426800727844
YLR329W,YMR162C,0,-2.248834,0.13994045555591583,0.9830677509307861,0.6068427562713623
YOR297C,YDR406W,0,-2.249211,0.13992060720920563,0.9830677509307861,0.6069427728652954
YMR120C,YPR189W,0,-2.2494142,0.13990077376365662,0.9830677509307861,0.6070427894592285
YJR144W,YGR060W,0,-2.249881,0.1398809552192688,0.9830677509307861,0.6071428656578064
YDR097C,YHR009C,0,-2.250744,0.13986113667488098,0.9830677509307861,0.6072428822517395
YGR053C,YBR283C,0,-2.2509363,0.13984131813049316,0.9830677509307861,0.6073429584503174
YOR159C,YGR027W-B,0,-2.2510269,0.13982149958610535,0.9830677509307861,0.6074429750442505
YGR212W,YHR100C,0,-2.2510285,0.13980169594287872,0.9830677509307861,0.6075429916381836
YIL169C,YOR356W,0,-2.2512481,0.1397819072008133,0.9830677509307861,0.6076430678367615
YHR030C,YHR186C,0,-2.2512963,0.13976210355758667,0.9830677509307861,0.6077430844306946
YFL036W,YDR261W-A,0,-2.2513957,0.13974231481552124,0.9830677509307861,0.6078431606292725
YJR068W,YEL013W,0,-2.2514784,0.139722540974617,0.9830677509307861,0.6079431772232056
YDR170W-A,YLR393W,0,-2.2517798,0.13970276713371277,0.9830677509307861,0.6080431938171387
YGL192W,YGR041W,0,-2.2518852,0.13968299329280853,0.9830677509307861,0.6081432700157166
YPL200W,YJR042W,0,-2.2519796,0.1396632194519043,0.9830677509307861,0.6082432866096497
YCL044C,YHR083W,0,-2.2526991,0.13964346051216125,0.9830677509307861,0.6083433628082275
YPR179C,YDR407C,0,-2.2531178,0.1396237164735794,0.9830677509307861,0.6084433794021606
YPR013C,YJR016C,0,-2.2531602,0.13960395753383636,0.9830677509307861,0.6085433959960938
YGL110C,YER091C,0,-2.2532094,0.13958421349525452,0.9830677509307861,0.6086434721946716
YOL051W,YDR261W-A,0,-2.2533543,0.13956448435783386,0.9830677509307861,0.6087434887886047
YHL037C,YDR253C,0,-2.253863,0.13954474031925201,0.9830677509307861,0.6088435649871826
YPL106C,YPL216W,0,-2.2538826,0.13952502608299255,0.9830677509307861,0.6089435815811157
YMR096W,YBL079W,0,-2.253922,0.1395052969455719,0.9830677509307861,0.6090435981750488
YGR141W,YKR077W,0,-2.254223,0.13948558270931244,0.9830677509307861,0.6091436743736267
YDR405W,YPL188W,0,-2.254264,0.13946586847305298,0.9830677509307861,0.6092436909675598
YGR166W,YOR321W,0,-2.2544367,0.1394461691379547,0.9830677509307861,0.6093437671661377
YPL083C,YOR081C,0,-2.2547824,0.13942646980285645,0.9830677509307861,0.6094437837600708
YPL257W-A,YNL166C,0,-2.254783,0.13940678536891937,0.9830677509307861,0.6095438003540039
YHR027C,YLR063W,0,-2.2548258,0.1393870860338211,0.9830677509307861,0.6096438765525818
YIL158W,YOR049C,0,-2.2548592,0.13936741650104523,0.9830677509307861,0.6097438931465149
YOR204W,YIL083C,0,-2.2553492,0.13934773206710815,0.9830677509307861,0.609843909740448
YGR061C,YPL060C-A,0,-2.2558208,0.13932806253433228,0.9830677509307861,0.6099439859390259
YBL084C,YHR045W,0,-2.2558594,0.1393083930015564,0.9830677509307861,0.610044002532959
YBR195C,YBL101W-B,0,-2.2567487,0.1392887383699417,0.9830677509307861,0.6101440787315369
YDL005C,YGR241C,0,-2.2567794,0.13926908373832703,0.9830677509307861,0.61024409532547
YGR239C,YIL167W,0,-2.256901,0.13924942910671234,0.9830677509307861,0.6103441119194031
YDR246W,YOR034C,0,-2.2570958,0.13922978937625885,0.9830677509307861,0.610444188117981
YJL142C,YPL060W,0,-2.2572272,0.13921014964580536,0.9830677509307861,0.6105442047119141
YLR154W-A,YDR372C,0,-2.2573822,0.13919052481651306,0.9830677509307861,0.6106442809104919
YPL148C,YLR353W,0,-2.2574081,0.13917089998722076,0.9830677509307861,0.610744297504425
YKL150W,YPR134W,0,-2.2575872,0.13915127515792847,0.9830677509307861,0.6108443140983582
YJR143C,YDR170W-A,0,-2.2577093,0.13913166522979736,0.9830677509307861,0.610944390296936
YJL087C,YPL061W,0,-2.258011,0.13911205530166626,0.9830677509307861,0.6110444068908691
YFR014C,YGL092W,0,-2.2582052,0.13909244537353516,0.9830677509307861,0.611144483089447
YOR202W,YDR541C,0,-2.2582097,0.13907285034656525,0.9830677509307861,0.6112444996833801
YKR069W,YJL113W,0,-2.2582848,0.13905325531959534,0.9830677509307861,0.6113445162773132
YPL060C-A,YMR127C,0,-2.2583601,0.13903366029262543,0.9830677509307861,0.6114445924758911
YKL162C,YIR015W,0,-2.258498,0.1390140801668167,0.9830677509307861,0.6115446090698242
YBR101C,YHR045W,0,-2.2586763,0.1389945149421692,0.9830677509307861,0.6116446852684021
YBR126W-A,YIR015W,0,-2.2589614,0.13897493481636047,0.9830677509307861,0.6117447018623352
YOR095C,YML052W,0,-2.2592676,0.13895536959171295,0.9830677509307861,0.6118447184562683
YOR298C-A,YBR104W,0,-2.2593338,0.13893580436706543,0.9830677509307861,0.6119447946548462
YGR277C,YOL068C,0,-2.2595284,0.1389162540435791,0.9830677509307861,0.6120448112487793
YJL137C,YOR049C,0,-2.259623,0.13889670372009277,0.9830677509307861,0.6121448874473572
YJR086W,YFR007W,0,-2.259967,0.13887716829776764,0.9830677509307861,0.6122449040412903
YFL002W-B,YKL160W,0,-2.260237,0.1388576179742813,0.9830677509307861,0.6123449206352234
YDR204W,YDR166C,0,-2.2607353,0.13883809745311737,0.9830677509307861,0.6124449968338013
YNR028W,YEL013W,0,-2.2608619,0.13881856203079224,0.9830677509307861,0.6125450134277344
YOL001W,YEL013W,0,-2.2610786,0.1387990415096283,0.9830677509307861,0.6126450300216675
YDR170C,YBL029C-A,0,-2.2612906,0.13877952098846436,0.9830677509307861,0.6127451062202454
YNL073W,YGL160W,0,-2.2614248,0.1387600153684616,0.9830677509307861,0.6128451228141785
YGL227W,YMR159C,0,-2.2614992,0.13874050974845886,0.9830677509307861,0.6129451990127563
YPL216W,YJL112W,0,-2.261692,0.1387210190296173,0.9830677509307861,0.6130452156066895
YPL257W-A,YKR079C,0,-2.2618458,0.13870151340961456,0.9830677509307861,0.6131452322006226
YGL144C,YJL099W,0,-2.2618473,0.138682022690773,0.9830677509307861,0.6132453083992004
YHL037C,YMR179W,0,-2.2619202,0.13866254687309265,0.9830677509307861,0.6133453249931335
YKR097W,YHR020W,0,-2.261971,0.1386430710554123,0.9830677509307861,0.6134454011917114
YOR202W,YFR024C,0,-2.2619712,0.13862359523773193,0.9830677509307861,0.6135454177856445
YER153C,YGR221C,0,-2.262031,0.13860413432121277,0.9830677509307861,0.6136454343795776
YCL037C,YJR149W,0,-2.2625794,0.1385846734046936,0.9830677509307861,0.6137455105781555
YFL002W-B,YLR218C,0,-2.2625856,0.13856521248817444,0.9830677509307861,0.6138455271720886
YNL250W,YER091C,0,-2.2626283,0.13854576647281647,0.9830677509307861,0.6139456033706665
YLR260W,YDL045W-A,0,-2.2628853,0.1385263204574585,0.9830677509307861,0.6140456199645996
YOR159C,YPL246C,0,-2.263034,0.13850687444210052,0.9830677509307861,0.6141456365585327
YGR101W,YGR150C,0,-2.2632663,0.13848744332790375,0.9830677509307861,0.6142457127571106
YLR246W,YFL011W,0,-2.2632682,0.13846801221370697,0.9830677509307861,0.6143457293510437
YHR079C,YOR147W,0,-2.2635992,0.1384485960006714,0.9830677509307861,0.6144458055496216
YIL066C,YIL093C,0,-2.263745,0.1384291797876358,0.9830677509307861,0.6145458221435547
YCL060C,YHL030W,0,-2.263895,0.13840976357460022,0.9830677509307861,0.6146458387374878
YKL116C,YLR203C,0,-2.2640374,0.13839034736156464,0.9830677509307861,0.6147459149360657
YDR342C,YLR312C-B,0,-2.2641933,0.13837094604969025,0.9830677509307861,0.6148459315299988
YFL050C,YJR073C,0,-2.264404,0.13835155963897705,0.9830677509307861,0.6149460077285767
YPL022W,YGR049W,0,-2.2647488,0.13833215832710266,0.9830677509307861,0.6150460243225098
YOR104W,YGL015C,0,-2.26523,0.13831278681755066,0.9830677509307861,0.6151460409164429
YGR212W,YIL084C,0,-2.2655869,0.13829340040683746,0.9830677509307861,0.6152461171150208
YER004W,YLR063W,0,-2.265771,0.13827402889728546,0.9830677509307861,0.6153461337089539
YBR088C,YML016C,0,-2.2658207,0.13825465738773346,0.9830677509307861,0.615446150302887
YAL053W,YLR284C,0,-2.2659314,0.13823530077934265,0.9830677509307861,0.6155462265014648
YLR448W,YKL061W,0,-2.2660992,0.13821592926979065,0.9830677509307861,0.615646243095398
YLR229C,YPL156C,0,-2.2662435,0.13819658756256104,0.9830677509307861,0.6157463192939758
YGR239C,YLR205C,0,-2.266298,0.13817723095417023,0.9830677509307861,0.6158463358879089
YBR242W,YGR040W,0,-2.266578,0.1381578892469406,0.9830677509307861,0.615946352481842
YPL156C,YDL076C,0,-2.2666523,0.1381385624408722,0.9830677509307861,0.6160464286804199
YGL227W,YIL093C,0,-2.2668865,0.13811922073364258,0.9830677509307861,0.616146445274353
YIL136W,YHL008C,0,-2.2669435,0.13809990882873535,0.9830677509307861,0.6162465214729309
YER095W,YHL001W,0,-2.2673483,0.13808058202266693,0.9830677509307861,0.616346538066864
YJL061W,YDR170W-A,0,-2.267642,0.1380612701177597,0.9830677509307861,0.6164465546607971
YLR439W,YOR147W,0,-2.2677407,0.13804195821285248,0.9830677509307861,0.616546630859375
YLR056W,YJL021C,0,-2.2680814,0.13802266120910645,0.9830677509307861,0.6166466474533081
YCL034W,YBL004W,0,-2.2684247,0.13800334930419922,0.9830677509307861,0.616746723651886
YDR044W,YDR461W,0,-2.2687461,0.13798406720161438,0.9830677509307861,0.6168467402458191
YDR540C,YOR079C,0,-2.2692587,0.13796477019786835,0.9830677509307861,0.6169467568397522
YKL105C,YJL081C,0,-2.269336,0.1379454880952835,0.9830677509307861,0.6170468330383301
YPR122W,YHR048W,0,-2.269347,0.13792622089385986,0.9830677509307861,0.6171468496322632
YMR159C,YDR098C-A,0,-2.269491,0.13790693879127502,0.9830677509307861,0.6172469258308411
YOR301W,YLL010C,0,-2.2695994,0.13788767158985138,0.9830677509307861,0.6173469424247742
YIR019C,YOR279C,0,-2.2696936,0.13786841928958893,0.9830677509307861,0.6174469590187073
YBR162W-A,YOL096C,0,-2.2698045,0.13784916698932648,0.9830677509307861,0.6175470352172852
YER095W,YDR342C,0,-2.2701612,0.13782991468906403,0.9830677509307861,0.6176470518112183
YBR158W,YGR131W,0,-2.270186,0.13781066238880157,0.9830677509307861,0.6177471280097961
YLL031C,YDR047W,0,-2.2702615,0.13779142498970032,0.9830677509307861,0.6178471446037292
YNR009W,YGL256W,0,-2.2705247,0.13777218759059906,0.9830677509307861,0.6179471611976624
YHR136C,YOL031C,0,-2.2706811,0.137752965092659,0.9830677509307861,0.6180472373962402
YJL081C,YKR013W,0,-2.2712696,0.13773374259471893,0.9830677509307861,0.6181472539901733
YLR246W,YDR103W,0,-2.271366,0.13771452009677887,0.9830677509307861,0.6182472705841064
YOR273C,YLR016C,0,-2.271555,0.1376953125,0.9830677509307861,0.6183473467826843
YHL006C,YLR026C,0,-2.2717493,0.13767610490322113,0.9830677509307861,0.6184473633766174
YDR137W,YCR093W,0,-2.2717621,0.13765689730644226,0.9830677509307861,0.6185474395751953
YIL106W,YMR075W,0,-2.272001,0.13763770461082458,0.9830677509307861,0.6186474561691284
YER011W,YCR066W,0,-2.2720246,0.1376185119152069,0.9830677509307861,0.6187474727630615
YNL125C,YKR043C,0,-2.2722332,0.13759933412075043,0.9830677509307861,0.6188475489616394
YGR161W-A,YOR196C,0,-2.2723675,0.13758015632629395,0.9830677509307861,0.6189475655555725
YGL212W,YDR259C,0,-2.272452,0.13756097853183746,0.9830677509307861,0.6190476417541504
YPR179C,YGR252W,0,-2.2726254,0.13754180073738098,0.9830677509307861,0.6191476583480835
YHR189W,YBR132C,0,-2.2727876,0.1375226378440857,0.9830677509307861,0.6192476749420166
YKL167C,YBR250W,0,-2.2730577,0.1375034898519516,0.9830677509307861,0.6193477511405945
YJR101W,YBR135W,0,-2.27326,0.1374843269586563,0.9830677509307861,0.6194477677345276
YGR087C,YKL114C,0,-2.2735572,0.13746517896652222,0.9830677509307861,0.6195478439331055
YDL246C,YBR071W,0,-2.2738576,0.13744603097438812,0.9830677509307861,0.6196478605270386
YOR292C,YBL041W,0,-2.2738721,0.13742689788341522,0.9830677509307861,0.6197478771209717
YOR329C,YOR075W,0,-2.274245,0.13740776479244232,0.9830677509307861,0.6198479533195496
YDL005C,YLL040C,0,-2.2747095,0.13738864660263062,0.9830677509307861,0.6199479699134827
YMR092C,YIR019C,0,-2.2747242,0.13736951351165771,0.9830677509307861,0.6200480461120605
YGR131W,YBL005W-B,0,-2.2747648,0.1373504102230072,0.9830677509307861,0.6201480627059937
YLR332W,YNL333W,0,-2.2749035,0.1373312920331955,0.9830677509307861,0.6202480792999268
YDR400W,YBR243C,0,-2.2751248,0.13731218874454498,0.9830677509307861,0.6203481554985046
YCL060C,YML127W,0,-2.2753246,0.13729308545589447,0.9830677509307861,0.6204481720924377
YKR097W,YBR101C,0,-2.2753334,0.13727399706840515,0.9830677509307861,0.6205482482910156
YKL182W,YIL014W,0,-2.2755878,0.13725490868091583,0.9830677509307861,0.6206482648849487
YNR058W,YDL154W,0,-2.2758834,0.1372358202934265,0.9830677509307861,0.6207482814788818
YMR203W,YKR053C,0,-2.2759638,0.1372167319059372,0.9830677509307861,0.6208483576774597
YJL117W,YFR012W,0,-2.2759988,0.13719765841960907,0.9830677509307861,0.6209483742713928
YDL093W,YER107C,0,-2.276151,0.13717859983444214,0.9830677509307861,0.6210483908653259
YGL227W,YDR268W,0,-2.276529,0.137159526348114,0.9830677509307861,0.6211484670639038
YHR055C,YML070W,0,-2.2765555,0.13714046776294708,0.9830677509307861,0.6212484836578369
YCL044C,YKL047W,0,-2.277055,0.13712142407894135,0.9830677509307861,0.6213485598564148
YGR121C,YHR031C,0,-2.277065,0.1371023803949356,0.9830677509307861,0.6214485764503479
YDR317W,YHR030C,0,-2.277431,0.13708333671092987,0.9830677509307861,0.621548593044281
YLL066C,YLR307W,0,-2.2776625,0.13706429302692413,0.9830677509307861,0.6216486692428589
YOR208W,YGL092W,0,-2.2779894,0.1370452642440796,0.9830677509307861,0.621748685836792
YMR173W,YGL215W,0,-2.2780097,0.13702623546123505,0.9830677509307861,0.6218487620353699
YLR205C,YGR246C,0,-2.2780418,0.1370072215795517,0.9830677509307861,0.621948778629303
YIL036W,YLR299W,0,-2.27827,0.13698820769786835,0.9830677509307861,0.6220487952232361
YER022W,YPL046C,0,-2.2787354,0.136969193816185,0.9830677509307861,0.622148871421814
YIR019C,YDR080W,0,-2.2789516,0.13695017993450165,0.9830677509307861,0.6222488880157471
YGL028C,YDR141C,0,-2.2795465,0.1369311809539795,0.9830677509307861,0.622348964214325
YKL198C,YKL175W,0,-2.2795608,0.13691219687461853,0.9830677509307861,0.6224489808082581
YPL060C-A,YGL137W,0,-2.2799213,0.13689319789409637,0.9830677509307861,0.6225489974021912
YCR097WB,YLR313C,0,-2.280103,0.1368742138147354,0.9830677509307861,0.622649073600769
YOR148C,YKL150W,0,-2.2801108,0.13685524463653564,0.9830677509307861,0.6227490901947021
YCL032W,YDL144C,0,-2.28045,0.13683626055717468,0.9830677509307861,0.62284916639328
YBR029C,YLR310C,0,-2.280525,0.1368173062801361,0.9830677509307861,0.6229491829872131
YOR011W,YER099C,0,-2.2806835,0.13679833710193634,0.9830677509307861,0.6230491995811462
YDR451C,YDR316W-B,0,-2.2808244,0.13677938282489777,0.9830677509307861,0.6231492757797241
YNR057C,YJL105W,0,-2.2809346,0.1367604285478592,0.9830677509307861,0.6232492923736572
YGL040C,YER004W,0,-2.2810342,0.13674147427082062,0.9830677509307861,0.6233493685722351
YGL163C,YLR035C,0,-2.2812262,0.13672253489494324,0.9830677509307861,0.6234493851661682
YDR443C,YJL082W,0,-2.2816634,0.13670359551906586,0.9830677509307861,0.6235494017601013
YPL226W,YPR013C,0,-2.2817051,0.13668467104434967,0.9830677509307861,0.6236494779586792
YLR154W-A,YJL096W,0,-2.2818687,0.13666574656963348,0.9830677509307861,0.6237494945526123
YDR185C,YLR246W,0,-2.2822258,0.1366468220949173,0.9830677509307861,0.6238495111465454
YOL020W,YPL200W,0,-2.2824967,0.1366279125213623,0.9830677509307861,0.6239495873451233
YNL146W,YGL031C,0,-2.2829301,0.1366090029478073,0.9830677509307861,0.6240496039390564
YBR066C,YDR545W,0,-2.2830975,0.13659009337425232,0.9830677509307861,0.6241496801376343
YGL212W,YIR041W,0,-2.2834127,0.13657119870185852,0.9830677509307861,0.6242496967315674
YCR040W,YGR054W,0,-2.283561,0.13655230402946472,0.9830677509307861,0.6243497133255005
YOL049W,YBR067C,0,-2.2837977,0.13653340935707092,0.9830677509307861,0.6244497895240784
YHL047C,YDL224C,0,-2.284105,0.13651452958583832,0.9830677509307861,0.6245498061180115
YOL103W-A,YLR287C-A,0,-2.2843328,0.1364956498146057,0.9830677509307861,0.6246498823165894
YMR099C,YML100W,0,-2.2843554,0.1364767700433731,0.9830677509307861,0.6247498989105225
YDR171W,YER183C,0,-2.284883,0.1364579051733017,0.9830677509307861,0.6248499155044556
YGL120C,YKL187C,0,-2.2852178,0.13643904030323029,0.9830677509307861,0.6249499917030334
YPL235W,YGR087C,0,-2.28525,0.13642017543315887,0.9830677509307861,0.6250500082969666
YBR158W,YIL149C,0,-2.285665,0.13640132546424866,0.9830677509307861,0.6251500844955444
YAL053W,YBR301W,0,-2.2857924,0.13638247549533844,0.9830677509307861,0.6252501010894775
YBR162W-A,YKL187C,0,-2.2860973,0.13636364042758942,0.9830677509307861,0.6253501176834106
YGL192W,YJR068W,0,-2.2861738,0.1363448053598404,0.9830677509307861,0.6254501938819885
YKL145W,YPR008W,0,-2.2864568,0.13632597029209137,0.9830677509307861,0.6255502104759216
YDR170C,YHR092C,0,-2.2864883,0.13630713522434235,0.9830677509307861,0.6256502866744995
YCL032W,YJL146W,0,-2.2867553,0.13628831505775452,0.9830677509307861,0.6257503032684326
YKR060W,YGL114W,0,-2.2869432,0.1362694948911667,0.9830677509307861,0.6258503198623657
YMR097C,YNR058W,0,-2.2869952,0.13625068962574005,0.9830677509307861,0.6259503960609436
YIL083C,YHR027C,0,-2.2872074,0.13623188436031342,0.9830677509307861,0.6260504126548767
YCR029C-A,YDR416W,0,-2.2872233,0.13621307909488678,0.9830677509307861,0.6261504888534546
YNL073W,YNR065C,0,-2.2875283,0.13619428873062134,0.9830677509307861,0.6262505054473877
YLR055C,YJL100W,0,-2.2878625,0.1361754983663559,0.9830677509307861,0.6263505220413208
YGL256W,YDR253C,0,-2.287958,0.13615670800209045,0.9830677509307861,0.6264505982398987
YHR085W,YHR153C,0,-2.2879746,0.1361379325389862,0.9830677509307861,0.6265506148338318
YKL047W,YBR058C,0,-2.2882426,0.13611915707588196,0.9830677509307861,0.6266506314277649
YMR207C,YGR161W-A,0,-2.2883186,0.1361003816127777,0.9830677509307861,0.6267507076263428
YMR067C,YPL104W,0,-2.2887523,0.13608162105083466,0.9830677509307861,0.6268507242202759
YGL008C,YGR049W,0,-2.2889524,0.1360628604888916,0.9830677509307861,0.6269508004188538
YJR125C,YOR181W,0,-2.289153,0.13604411482810974,0.9830677509307861,0.6270508170127869
YIR019C,YER160C,0,-2.2892578,0.1360253542661667,0.9830677509307861,0.62715083360672
YKR002W,YJR119C,0,-2.2894106,0.13600660860538483,0.9830677509307861,0.6272509098052979
YIR017C,YIL157C,0,-2.2895205,0.13598787784576416,0.9830677509307861,0.627350926399231
YAL040C,YGR053C,0,-2.2895443,0.1359691470861435,0.9830677509307861,0.6274510025978088
YCR098C,YLL002W,0,-2.2897131,0.13595041632652283,0.9830677509307861,0.6275510191917419
YGR041W,YDR098C-A,0,-2.289805,0.13593168556690216,0.9830677509307861,0.627651035785675
YDR261W-A,YPL134C,0,-2.289814,0.1359129697084427,0.9830677509307861,0.6277511119842529
YJL219W,YMR179W,0,-2.2898962,0.13589425384998322,0.9830677509307861,0.627851128578186
YMR099C,YDR446W,0,-2.2899897,0.13587555289268494,0.9830677509307861,0.6279512047767639
YDR378C,YOR131C,0,-2.290015,0.13585685193538666,0.9830677509307861,0.628051221370697
YLR246W,YGR258C,0,-2.2901254,0.13583815097808838,0.9830677509307861,0.6281512379646301
YNL008C,YMR149W,0,-2.2902038,0.1358194649219513,0.9830677509307861,0.628251314163208
YBR071W,YDL224C,0,-2.2903302,0.13580076396465302,0.9830677509307861,0.6283513307571411
YBR024W,YJL105W,0,-2.2903557,0.13578209280967712,0.9830677509307861,0.628451406955719
YJR124C,YGL228W,0,-2.2905943,0.13576340675354004,0.9830677509307861,0.6285514235496521
YCR036W,YHR214C-B,0,-2.2906477,0.13574473559856415,0.9830677509307861,0.6286514401435852
YFL030W,YCR024C-A,0,-2.2906742,0.13572607934474945,0.9830677509307861,0.6287515163421631
YDR447C,YHL044W,0,-2.2909927,0.13570740818977356,0.9830677509307861,0.6288515329360962
YHL037C,YGR277C,0,-2.29163,0.13568875193595886,0.9830677509307861,0.6289516091346741
YGL112C,YPL092W,0,-2.2916813,0.13567009568214417,0.9830677509307861,0.6290516257286072
YJR149W,YMR291W,0,-2.291979,0.13565145432949066,0.9830677509307861,0.6291516423225403
YDL127W,YPL254W,0,-2.2919915,0.13563281297683716,0.9830677509307861,0.6292517185211182
YDR160W,YER090W,0,-2.2922344,0.13561418652534485,0.9830677509307861,0.6293517351150513
YGR224W,YDL211C,0,-2.2923117,0.13559554517269135,0.9830677509307861,0.6294517517089844
YNL054W,YOL135C,0,-2.2923474,0.13557691872119904,0.9830677509307861,0.6295518279075623
YNL172W,YDR160W,0,-2.2926629,0.13555830717086792,0.9830677509307861,0.6296518445014954
YBR084W,YLR194C,0,-2.293516,0.1355396807193756,0.9830677509307861,0.6297519207000732
YDR222W,YLR148W,0,-2.2935174,0.1355210691690445,0.9830677509307861,0.6298519372940063
YDR044W,YHR173C,0,-2.2936842,0.13550247251987457,0.9830677509307861,0.6299519538879395
YCR036W,YKR028W,0,-2.2944794,0.13548387587070465,0.9830677509307861,0.6300520300865173
YDL149W,YNL320W,0,-2.294555,0.13546527922153473,0.9830677509307861,0.6301520466804504
YHR185C,YGR266W,0,-2.2950058,0.1354466825723648,0.9830677509307861,0.6302521228790283
YKL116C,YNR070W,0,-2.2951002,0.13542810082435608,0.9830677509307861,0.6303521394729614
YIL085C,YJL100W,0,-2.2953684,0.13540951907634735,0.9830677509307861,0.6304521560668945
YLR166C,YDL211C,0,-2.2954402,0.13539095222949982,0.9830677509307861,0.6305522322654724
YGR252W,YDL093W,0,-2.2957497,0.1353723704814911,0.9830677509307861,0.6306522488594055
YCL025C,YPL060C-A,0,-2.2960439,0.13535381853580475,0.9830677509307861,0.6307523250579834
YOL018C,YIL157C,0,-2.296196,0.13533525168895721,0.9830677509307861,0.6308523416519165
YPL257W-A,YMR217W,0,-2.2962425,0.13531669974327087,0.9830677509307861,0.6309523582458496
YOR273C,YGR252W,0,-2.2964075,0.13529814779758453,0.9830677509307861,0.6310524344444275
YAL024C,YDR407C,0,-2.2965984,0.1352796107530594,0.9830677509307861,0.6311524510383606
YKR043C,YKL189W,0,-2.2969568,0.13526105880737305,0.9830677509307861,0.6312525272369385
YKL004W,YGR131W,0,-2.2971883,0.1352425366640091,0.9830677509307861,0.6313525438308716
YIR002C,YGL222C,0,-2.2972496,0.13522399961948395,0.9830677509307861,0.6314525604248047
YGR020C,YNR047W,0,-2.2972958,0.13520547747612,0.9830677509307861,0.6315526366233826
YGR077C,YOR338W,0,-2.2974622,0.13518695533275604,0.9830677509307861,0.6316526532173157
YLR103C,YDR367W,0,-2.2975323,0.13516844809055328,0.9830677509307861,0.6317527294158936
YLR115W,YJL057C,0,-2.2980072,0.13514994084835052,0.9830677509307861,0.6318527460098267
YDR482C,YPL094C,0,-2.2980528,0.13513143360614777,0.9830677509307861,0.6319527626037598
YNL139C,YLR194C,0,-2.298579,0.1351129412651062,0.9830677509307861,0.6320528388023376
YKL213C,YER155C,0,-2.2987287,0.13509444892406464,0.9830677509307861,0.6321528553962708
YMR250W,YLR287C-A,0,-2.2988353,0.13507595658302307,0.9830677509307861,0.6322528719902039
YNL177C,YGR230W,0,-2.2990148,0.1350574642419815,0.9830677509307861,0.6323529481887817
YDR268W,YHR214C-B,0,-2.2990274,0.13503898680210114,0.9830677509307861,0.6324529647827148
YLR283W,YMR240C,0,-2.2991033,0.13502052426338196,0.9830677509307861,0.6325530409812927
YHR132C,YLR304C,0,-2.2991724,0.1350020468235016,0.9830677509307861,0.6326530575752258
YOR192C,YMR179W,0,-2.2994487,0.1349835842847824,0.9830677509307861,0.6327530741691589
YDR201W,YOR297C,0,-2.2994933,0.13496513664722443,0.9830677509307861,0.6328531503677368
YDR434W,YOR133W,0,-2.299682,0.13494667410850525,0.9830677509307861,0.6329531669616699
YOL092W,YJL078C,0,-2.2999055,0.13492822647094727,0.9830677509307861,0.6330532431602478
YKR053C,YDR185C,0,-2.299927,0.13490979373455048,0.9830677509307861,0.6331532597541809
YGR202C,YJL105W,0,-2.3003337,0.1348913460969925,0.9830677509307861,0.633253276348114
YHR027C,YDR285W,0,-2.3005946,0.1348729133605957,0.9830677509307861,0.6333533525466919
YLR104W,YGL002W,0,-2.3007574,0.1348544955253601,0.9830677509307861,0.633453369140625
YOR011W,YPR189W,0,-2.300864,0.13483606278896332,0.9830677509307861,0.6335534453392029
YNL137C,YBL015W,0,-2.3011172,0.13481764495372772,0.9830677509307861,0.633653461933136
YGR101W,YKR034W,0,-2.3015194,0.13479924201965332,0.9830677509307861,0.6337534785270691
YLR271W,YLR182W,0,-2.3016021,0.13478082418441772,0.9830677509307861,0.633853554725647
YFR050C,YKL068W,0,-2.3020422,0.13476242125034332,0.9830677509307861,0.6339535713195801
YGL137W,YIL036W,0,-2.302068,0.13474403321743011,0.9830677509307861,0.634053647518158
YNL243W,YCR093W,0,-2.3021939,0.1347256302833557,0.9830677509307861,0.6341536641120911
YLR246W,YOR208W,0,-2.3024862,0.1347072422504425,0.9830677509307861,0.6342536807060242
YIL091C,YHL025W,0,-2.3025901,0.1346888691186905,0.9830677509307861,0.634353756904602
YPL216W,YDR160W,0,-2.302707,0.13467048108577728,0.9830677509307861,0.6344537734985352
YML008C,YDR406W,0,-2.3029351,0.13465210795402527,0.9830677509307861,0.634553849697113
YBL084C,YKL091C,0,-2.3029573,0.13463374972343445,0.9830677509307861,0.6346538662910461
YLR421C,YPR189W,0,-2.3030317,0.13461539149284363,0.9830677509307861,0.6347538828849792
YDR217C,YJL172W,0,-2.303049,0.1345970332622528,0.9830677509307861,0.6348539590835571
YMR225C,YPR013C,0,-2.3034112,0.134578675031662,0.9830677509307861,0.6349539756774902
YKL084W,YOL114C,0,-2.3036263,0.13456033170223236,0.9830677509307861,0.6350539922714233
YDR080W,YDR545W,0,-2.3036554,0.13454198837280273,0.9830677509307861,0.6351540684700012
YNL250W,YHR214C-B,0,-2.3040383,0.1345236450433731,0.9830677509307861,0.6352540850639343
YMR106C,YGR101W,0,-2.3040762,0.13450531661510468,0.9830677509307861,0.6353541612625122
YLR200W,YDR098C-A,0,-2.304617,0.13448698818683624,0.9830677509307861,0.6354541778564453
YFR048W,YJR086W,0,-2.3048632,0.1344686597585678,0.9830677509307861,0.6355541944503784
YAL009W,YKR016W,0,-2.3050144,0.13445034623146057,0.9830677509307861,0.6356542706489563
YGR152C,YNR047W,0,-2.305402,0.13443203270435333,0.9830677509307861,0.6357542872428894
YER031C,YHL006C,0,-2.3062766,0.1344137340784073,0.9830677509307861,0.6358543634414673
YBR242W,YFL055W,0,-2.3063276,0.13439542055130005,0.9830677509307861,0.6359543800354004
YPL087W,YBR058C,0,-2.3064756,0.134377121925354,0.9830677509307861,0.6360543966293335
YMR321C,YKR037C,0,-2.3066523,0.13435883820056915,0.9830677509307861,0.6361544728279114
YLR130C,YOL004W,0,-2.307126,0.1343405544757843,0.9830677509307861,0.6362544894218445
YGR062C,YBR058C,0,-2.3076186,0.13432227075099945,0.9830677509307861,0.6363545656204224
YDL005C,YHR186C,0,-2.3076432,0.1343039870262146,0.9830677509307861,0.6364545822143555
YHR048W,YGR041W,0,-2.3076491,0.13428571820259094,0.9830677509307861,0.6365545988082886
YER170W,YGR027W-B,0,-2.3078582,0.13426744937896729,0.9830677509307861,0.6366546750068665
YER129W,YOR180C,0,-2.307911,0.13424918055534363,0.9830677509307861,0.6367546916007996
YCL011C,YBR128C,0,-2.3079872,0.13423092663288116,0.9830677509307861,0.6368547677993774
YJL061W,YDL239C,0,-2.3081453,0.1342126727104187,0.9830677509307861,0.6369547843933105
YFL036W,YLL016W,0,-2.308166,0.13419441878795624,0.9830677509307861,0.6370548009872437
YNL245C,YIR019C,0,-2.3082063,0.13417617976665497,0.9830677509307861,0.6371548771858215
YER153C,YIL127C,0,-2.308441,0.1341579407453537,0.9830677509307861,0.6372548937797546
YMR094W,YOL114C,0,-2.308642,0.13413971662521362,0.9830677509307861,0.6373549699783325
YOR099W,YLR148W,0,-2.3086867,0.13412147760391235,0.9830677509307861,0.6374549865722656
YGL028C,YLR429W,0,-2.3092046,0.13410325348377228,0.9830677509307861,0.6375550031661987
YOR378W,YGR024C,0,-2.3098404,0.1340850442647934,0.9830677509307861,0.6376550793647766
YHR134W,YMR302C,0,-2.3100035,0.13406683504581451,0.9830677509307861,0.6377550959587097
YLR179C,YDR138W,0,-2.3101475,0.13404862582683563,0.9830677509307861,0.6378551125526428
YDR222W,YKL042W,0,-2.3104084,0.13403041660785675,0.9830677509307861,0.6379551887512207
YMR169C,YDR083W,0,-2.3107495,0.13401222229003906,0.9830677509307861,0.6380552053451538
YIR017C,YNL230C,0,-2.311002,0.13399402797222137,0.9830677509307861,0.6381552815437317
YHL025W,YDL076C,1,-2.3110583,0.13411158323287964,0.9840637445449829,0.6381552815437317
YKR016W,YAL014C,0,-2.3112662,0.13409337401390076,0.9840637445449829,0.6382552981376648
YDR026C,YJL006C,1,-2.3115556,0.13421088457107544,0.9850597381591797,0.6382552981376648
YBL101W-B,YLR220W,0,-2.3115933,0.13419267535209656,0.9850597381591797,0.6383553147315979
YBR126W-A,YDR307W,0,-2.3117292,0.13417446613311768,0.9850597381591797,0.6384553909301758
YOL165C,YGR145W,0,-2.311924,0.1341562718153,0.9850597381591797,0.6385554075241089
YNL061W,YPL061W,0,-2.3124964,0.1341380774974823,0.9850597381591797,0.6386554837226868
YNL263C,YCL057C-A,0,-2.3125923,0.1341198831796646,0.9850597381591797,0.6387555003166199
YGL227W,YDR496C,0,-2.3128464,0.13410168886184692,0.9850597381591797,0.638855516910553
YMR195W,YGR127W,0,-2.3131988,0.13408350944519043,0.9850597381591797,0.6389555931091309
YPR112C,YFL002W-B,0,-2.3132803,0.13406534492969513,0.9850597381591797,0.639055609703064
YHR132W-A,YJR124C,0,-2.3133554,0.13404716551303864,0.9850597381591797,0.6391556859016418
YGL247W,YGL228W,0,-2.31338,0.13402900099754333,0.9850597381591797,0.639255702495575
YGL022W,YKR043C,0,-2.3135366,0.13401083648204803,0.9850597381591797,0.6393557190895081
YPL106C,YBR046C,0,-2.313941,0.13399268686771393,0.9850597381591797,0.6394557952880859
YCL034W,YHL037C,0,-2.3140693,0.13397453725337982,0.9850597381591797,0.639555811882019
YGR247W,YDL111C,0,-2.3145363,0.13395638763904572,0.9850597381591797,0.6396558880805969
YLL016W,YOL143C,0,-2.315275,0.1339382380247116,0.9850597381591797,0.63975590467453
YDR170W-A,YOR247W,0,-2.315437,0.1339201033115387,0.9850597381591797,0.6398559212684631
YMR263W,YJR066W,1,-2.3155735,0.13403736054897308,0.9860557913780212,0.6398559212684631
YDR137W,YNR028W,0,-2.3159773,0.13401922583580017,0.9860557913780212,0.639955997467041
YLR174W,YHR141C,0,-2.316205,0.13400107622146606,0.9860557913780212,0.6400560140609741
YPL060C-A,YOR335C,0,-2.3164937,0.13398294150829315,0.9860557913780212,0.640156090259552
YCL032W,YDR210W-A,0,-2.3165934,0.13396482169628143,0.9860557913780212,0.6402561068534851
YBR024W,YGL032C,0,-2.3166397,0.13394668698310852,0.9860557913780212,0.6403561234474182
YOR009W,YHR012W,0,-2.3167799,0.1339285671710968,0.9860557913780212,0.6404561996459961
YDR224C,YLR304C,0,-2.316798,0.13391046226024628,0.9860557913780212,0.6405562162399292
YDR319C,YHR085W,0,-2.3169463,0.13389234244823456,0.9860557913780212,0.6406562328338623
YEL032W,YOR049C,0,-2.3170562,0.13387423753738403,0.9860557913780212,0.6407563090324402
YLR233C,YGL228W,0,-2.318456,0.1338561326265335,0.9860557913780212,0.6408563256263733
YBR071W,YIL084C,0,-2.3185203,0.13383804261684418,0.9860557913780212,0.6409564018249512
YNL194C,YDR358W,0,-2.3185227,0.13381995260715485,0.9860557913780212,0.6410564184188843
YLR292C,YKL158W,0,-2.3186483,0.13380186259746552,0.9860557913780212,0.6411564350128174
YDR515W,YER177W,0,-2.318657,0.13378378748893738,0.9860557913780212,0.6412565112113953
YNL263C,YOL045W,0,-2.3187206,0.13376571238040924,0.9860557913780212,0.6413565278053284
YML098W,YGR247W,0,-2.3187995,0.1337476372718811,0.9860557913780212,0.6414566040039062
YLR157C,YDR458C,0,-2.3189027,0.13372956216335297,0.9860557913780212,0.6415566205978394
YLR409C,YOR298C-A,0,-2.3193028,0.13371150195598602,0.9860557913780212,0.6416566371917725
YNL026W,YJR125C,0,-2.3197057,0.13369345664978027,0.9860557913780212,0.6417567133903503
YBR299W,YML094W,0,-2.320031,0.13367539644241333,0.9860557913780212,0.6418567299842834
YPL162C,YLR287C-A,0,-2.3206172,0.13365735113620758,0.9860557913780212,0.6419568061828613
YGR277C,YLR233C,0,-2.3208125,0.13363930583000183,0.9860557913780212,0.6420568227767944
YDR115W,YKL024C,0,-2.3208313,0.13362127542495728,0.9860557913780212,0.6421568393707275
YPR089W,YBL009W,0,-2.3210537,0.13360324501991272,0.9860557913780212,0.6422569155693054
YDL149W,YKL161C,0,-2.3210614,0.13358521461486816,0.9860557913780212,0.6423569321632385
YMR294W,YLR218C,0,-2.321517,0.1335671842098236,0.9860557913780212,0.6424570083618164
YBR078W,YKR013W,0,-2.3221474,0.13354916870594025,0.9860557913780212,0.6425570249557495
YOL157C,YDR184C,0,-2.3222907,0.13353115320205688,0.9860557913780212,0.6426570415496826
YOR281C,YNR032W,0,-2.322326,0.13351315259933472,0.9860557913780212,0.6427571177482605
YPL061W,YJR044C,0,-2.3224952,0.13349515199661255,0.9860557913780212,0.6428571343421936
YGL010W,YJR133W,0,-2.3228762,0.13347715139389038,0.9860557913780212,0.6429572105407715
YDR019C,YKL175W,0,-2.3233368,0.1334591507911682,0.9860557913780212,0.6430572271347046
YOL157C,YJL122W,0,-2.3233855,0.13344116508960724,0.9860557913780212,0.6431572437286377
YOL086C,YCL057C-A,0,-2.3236132,0.13342317938804626,0.9860557913780212,0.6432573199272156
YNL130C,YLR397C,0,-2.3238153,0.13340520858764648,0.9860557913780212,0.6433573365211487
YHR108W,YBR264C,0,-2.3240342,0.1333872228860855,0.9860557913780212,0.6434574127197266
YPL003W,YGL032C,0,-2.3241174,0.13336925208568573,0.9860557913780212,0.6435574293136597
YGL247W,YMR102C,0,-2.3244112,0.13335129618644714,0.9860557913780212,0.6436574459075928
YDL241W,YKR002W,0,-2.3250237,0.13333334028720856,0.9860557913780212,0.6437575221061707
YJR066W,YDL076C,1,-2.3250651,0.13345004618167877,0.987051784992218,0.6437575221061707
YPL226W,YDL127W,0,-2.3254254,0.133432075381279,0.987051784992218,0.6438575387001038
YHR214C-B,YLL022C,0,-2.325446,0.1334141045808792,0.987051784992218,0.6439575552940369
YKL213C,YMR159C,0,-2.3255773,0.13339614868164062,0.987051784992218,0.6440576314926147
YLR421C,YGR040W,0,-2.3256462,0.13337819278240204,0.987051784992218,0.6441576480865479
YGR224W,YOL004W,0,-2.3258002,0.13336025178432465,0.987051784992218,0.6442577242851257
YCR024C-A,YGR161W-A,0,-2.3259175,0.13334231078624725,0.987051784992218,0.6443577408790588
YBL030C,YGR202C,0,-2.3260977,0.13332436978816986,0.987051784992218,0.6444577574729919
YBL002W,YGR171C,0,-2.3262517,0.13330642879009247,0.987051784992218,0.6445578336715698
YFL005W,YKL160W,0,-2.3264756,0.13328850269317627,0.987051784992218,0.6446578502655029
YBR264C,YML109W,0,-2.3275497,0.13327057659626007,0.987051784992218,0.6447579264640808
YML002W,YNR047W,0,-2.3279076,0.13325265049934387,0.987051784992218,0.6448579430580139
YDR041W,YHR083W,0,-2.3279989,0.13323473930358887,0.987051784992218,0.644957959651947
YLR044C,YOL122C,0,-2.328339,0.13321682810783386,0.987051784992218,0.6450580358505249
YCL060C,YGR202C,0,-2.3284085,0.13319893181324005,0.987051784992218,0.645158052444458
YDR047W,YPL121C,0,-2.328438,0.13318102061748505,0.987051784992218,0.6452581286430359
YJL146W,YHR012W,0,-2.3285153,0.13316312432289124,0.987051784992218,0.645358145236969
YMR159C,YCL030C,0,-2.328677,0.13314524292945862,0.987051784992218,0.6454581618309021
YMR081C,YOR368W,0,-2.3287055,0.1331273466348648,0.987051784992218,0.64555823802948
YNL026W,YDL211C,0,-2.3287182,0.1331094652414322,0.987051784992218,0.6456582546234131
YGL212W,YPR128C,0,-2.328948,0.13309159874916077,0.987051784992218,0.645758330821991
YKL022C,YIL073C,0,-2.329148,0.13307371735572815,0.987051784992218,0.6458583474159241
YER129W,YDR277C,0,-2.3295195,0.13305585086345673,0.987051784992218,0.6459583640098572
YDR039C,YDR379C-A,0,-2.3298728,0.1330379843711853,0.987051784992218,0.6460584402084351
YIL136W,YBR022W,0,-2.330018,0.13302013278007507,0.987051784992218,0.6461584568023682
YCL037C,YBR054W,0,-2.3302946,0.13300228118896484,0.987051784992218,0.646258533000946
YNL054W,YNL078W,0,-2.33046,0.13298442959785461,0.987051784992218,0.6463585495948792
YJL029C,YMR092C,0,-2.3311112,0.13296659290790558,0.987051784992218,0.6464585661888123
YGR087C,YLR218C,0,-2.331201,0.13294875621795654,0.987051784992218,0.6465586423873901
YDR179W-A,YGL105W,0,-2.3313124,0.1329309195280075,0.987051784992218,0.6466586589813232
YLR104W,YGR150C,0,-2.3313134,0.13291308283805847,0.987051784992218,0.6467586755752563
YDR204W,YNL068C,0,-2.3315299,0.13289526104927063,0.987051784992218,0.6468587517738342
YIL110W,YJR001W,0,-2.3316998,0.13287745416164398,0.987051784992218,0.6469587683677673
YDR434W,YLL010C,0,-2.3320167,0.13285963237285614,0.987051784992218,0.6470588445663452
YDR044W,YBL089W,0,-2.3322167,0.1328418254852295,0.987051784992218,0.6471588611602783
YEL030W,YDR069C,0,-2.3322833,0.13282401859760284,0.987051784992218,0.6472588777542114
YFL033C,YMR173W,0,-2.3324392,0.1328062117099762,0.987051784992218,0.6473589539527893
YGL002W,YOR078W,0,-2.3327377,0.13278841972351074,0.987051784992218,0.6474589705467224
YPL106C,YGR277C,0,-2.3330686,0.1327706277370453,0.987051784992218,0.6475590467453003
YGR221C,YLR246W,0,-2.33308,0.13275285065174103,0.987051784992218,0.6476590633392334
YOL073C,YDR315C,0,-2.3331378,0.13273505866527557,0.987051784992218,0.6477590799331665
YOR115C,YBL059W,0,-2.3331578,0.1327172964811325,0.987051784992218,0.6478591561317444
YJR094C,YJL127C,0,-2.3333035,0.13269951939582825,0.987051784992218,0.6479591727256775
YIL074C,YDR176W,0,-2.333346,0.13268175721168518,0.987051784992218,0.6480592489242554
YHR216W,YPL276W,0,-2.3333719,0.13266399502754211,0.987051784992218,0.6481592655181885
YJR125C,YOR174W,0,-2.3334274,0.13264623284339905,0.987051784992218,0.6482592821121216
YOL039W,YOL159C,0,-2.3335602,0.13262848556041718,0.987051784992218,0.6483593583106995
YCR008W,YNR032W,0,-2.3335621,0.1326107382774353,0.987051784992218,0.6484593749046326
YNR045W,YNL243W,0,-2.3335693,0.13259299099445343,0.987051784992218,0.6485594511032104
YLR460C,YGR131W,0,-2.3338006,0.13257524371147156,0.987051784992218,0.6486594676971436
YKR021W,YFR013W,0,-2.3339865,0.13255751132965088,0.987051784992218,0.6487594842910767
YFR050C,YOR338W,0,-2.3339903,0.1325397938489914,0.987051784992218,0.6488595604896545
YGR149W,YLR006C,0,-2.3340542,0.13252206146717072,0.987051784992218,0.6489595770835876
YDR204W,YNL137C,0,-2.3341398,0.13250434398651123,0.987051784992218,0.6490596532821655
YOL039W,YPL060W,0,-2.3342774,0.13248662650585175,0.987051784992218,0.6491596698760986
YFR051C,YJR138W,0,-2.3344383,0.13246892392635345,0.987051784992218,0.6492596864700317
YGL010W,YJL096W,0,-2.334551,0.13245122134685516,0.987051784992218,0.6493597626686096
YBL092W,YDR210W,0,-2.3347518,0.13243351876735687,0.987051784992218,0.6494597792625427
YJR066W,YDR372C,0,-2.3348877,0.13241581618785858,0.987051784992218,0.6495597958564758
YLR021W,YKL198C,0,-2.3352058,0.13239812850952148,0.987051784992218,0.6496598720550537
YNL061W,YBR126W-A,0,-2.3352394,0.1323804408311844,0.987051784992218,0.6497598886489868
YIL165C,YNL079C,0,-2.3352635,0.13236276805400848,0.987051784992218,0.6498599648475647
YLR155C,YOR057W,0,-2.3358862,0.1323450803756714,0.987051784992218,0.6499599814414978
YKL026C,YGR141W,0,-2.3360302,0.13232740759849548,0.987051784992218,0.6500599980354309
YGR277C,YIL109C,0,-2.3363156,0.13230974972248077,0.987051784992218,0.6501600742340088
YOR180C,YLR262C-A,0,-2.3364384,0.13229207694530487,0.987051784992218,0.6502600908279419
YCR097WB,YMR089C,0,-2.33675,0.13227441906929016,0.987051784992218,0.6503601670265198
YPL111W,YLR360W,0,-2.3371074,0.13225677609443665,0.987051784992218,0.6504601836204529
YNL245C,YFR024C,0,-2.337552,0.13223911821842194,0.987051784992218,0.650560200214386
YLR006C,YLL016W,0,-2.3377154,0.13222147524356842,0.987051784992218,0.6506602764129639
YKL213C,YHR062C,0,-2.337879,0.1322038471698761,0.987051784992218,0.650760293006897
YKL109W,YFL060C,0,-2.3380373,0.13218620419502258,0.987051784992218,0.6508603692054749
YOR321W,YLR006C,0,-2.3383362,0.13216857612133026,0.987051784992218,0.650960385799408
YPL087W,YNL229C,0,-2.3384736,0.13215094804763794,0.987051784992218,0.6510604023933411
YKR077W,YBR250W,0,-2.3384738,0.1321333348751068,0.987051784992218,0.651160478591919
YCR029C-A,YBL014C,0,-2.3385255,0.13211572170257568,0.987051784992218,0.651260495185852
YBL076C,YIL121W,0,-2.3388026,0.13209810853004456,0.987051784992218,0.6513605713844299
YDR261W-A,YKR028W,0,-2.339104,0.13208049535751343,0.987051784992218,0.651460587978363
YPL169C,YBL033C,0,-2.3392491,0.1320628970861435,0.987051784992218,0.6515606045722961
YDR496C,YCR104W,0,-2.3394768,0.13204529881477356,0.987051784992218,0.651660680770874
YLR414C,YJL113W,0,-2.3395574,0.13202771544456482,0.987051784992218,0.6517606973648071
YBR012W-B,YBR058C,0,-2.3397026,0.13201011717319489,0.987051784992218,0.651860773563385
YIL011W,YGL215W,0,-2.3401673,0.13199254870414734,0.987051784992218,0.6519607901573181
YCL025C,YIL113W,0,-2.3404865,0.1319749653339386,0.987051784992218,0.6520608067512512
YHL004W,YDL214C,0,-2.340674,0.13195739686489105,0.987051784992218,0.6521608829498291
YBL047C,YLR310C,0,-2.3408463,0.1319398283958435,0.987051784992218,0.6522608995437622
YMR099C,YDR047W,0,-2.3409152,0.13192225992679596,0.987051784992218,0.6523609161376953
YHR027C,YMR028W,0,-2.3410242,0.1319046914577484,0.987051784992218,0.6524609923362732
YOR208W,YKL084W,0,-2.3415382,0.13188713788986206,0.987051784992218,0.6525610089302063
YML072C,YHR186C,0,-2.341581,0.1318695992231369,0.987051784992218,0.6526610851287842
YFL060C,YCR041W,0,-2.3416982,0.13185204565525055,0.987051784992218,0.6527611017227173
YJR066W,YPL276W,0,-2.341755,0.1318345069885254,0.987051784992218,0.6528611183166504
YMR278W,YER150W,0,-2.3427136,0.13181696832180023,0.987051784992218,0.6529611945152283
YDL239C,YPL188W,0,-2.3427625,0.13179944455623627,0.987051784992218,0.6530612111091614
YMR302C,YFL034W,0,-2.3429887,0.1317819207906723,0.987051784992218,0.6531612873077393
YIL162W,YKR100C,0,-2.343072,0.13176439702510834,0.987051784992218,0.6532613039016724
YAR035W,YGL153W,0,-2.3431816,0.13174687325954437,0.987051784992218,0.6533613204956055
YIL158W,YJL158C,0,-2.3432791,0.1317293643951416,0.987051784992218,0.6534613966941833
YCR029C-A,YNL132W,0,-2.3434136,0.13171185553073883,0.987051784992218,0.6535614132881165
YPR132W,YDR210W-A,0,-2.3436356,0.13169434666633606,0.987051784992218,0.6536614894866943
YMR106C,YJL100W,0,-2.34394,0.13167685270309448,0.987051784992218,0.6537615060806274
YGR161W-A,YNR047W,0,-2.3439639,0.1316593587398529,0.987051784992218,0.6538615226745605
YPR015C,YDR224C,0,-2.3442307,0.13164186477661133,0.987051784992218,0.6539615988731384
YDR256C,YOR384W,0,-2.344363,0.13162438571453094,0.987051784992218,0.6540616154670715
YLR102C,YGR263C,0,-2.3445618,0.13160690665245056,0.987051784992218,0.6541616916656494
YPR034W,YML052W,0,-2.344714,0.13158942759037018,0.987051784992218,0.6542617082595825
YBL017C,YGR087C,0,-2.3459275,0.131571963429451,0.987051784992218,0.6543617248535156
YMR096W,YAL033W,0,-2.346001,0.1315544992685318,0.987051784992218,0.6544618010520935
YPL070W,YPR017C,0,-2.3460724,0.1315370351076126,0.987051784992218,0.6545618176460266
YIL017C,YDR216W,0,-2.3462038,0.13151957094669342,0.987051784992218,0.6546618938446045
YMR164C,YJR119C,0,-2.3463805,0.13150212168693542,0.987051784992218,0.6547619104385376
YLR341W,YGL040C,0,-2.3464963,0.13148467242717743,0.987051784992218,0.6548619270324707
YFL002W-B,YBL014C,0,-2.3465722,0.13146723806858063,0.987051784992218,0.6549620032310486
YGR006W,YDR047W,0,-2.347381,0.13144978880882263,0.987051784992218,0.6550620198249817
YHR138C,YDR295C,0,-2.347916,0.13143235445022583,0.987051784992218,0.6551620364189148
YPL060C-A,YHR045W,0,-2.3487716,0.13141493499279022,0.987051784992218,0.6552621126174927
YDR402C,YKL021C,0,-2.349149,0.13139750063419342,0.987051784992218,0.6553621292114258
YML098W,YDR107C,0,-2.3492641,0.1313800811767578,0.987051784992218,0.6554622054100037
YDL127W,YGR066C,0,-2.349357,0.1313626766204834,0.987051784992218,0.6555622220039368
YKR077W,YDR238C,0,-2.3494596,0.1313452571630478,0.987051784992218,0.6556622385978699
YJL082W,YPR018W,0,-2.3495364,0.13132785260677338,0.987051784992218,0.6557623147964478
YHR048W,YHR128W,0,-2.3495886,0.13131044805049896,0.987051784992218,0.6558623313903809
YCR041W,YGL166W,0,-2.34959,0.13129305839538574,0.987051784992218,0.6559624075889587
YDR541C,YDR311W,0,-2.3496354,0.13127566874027252,0.987051784992218,0.6560624241828918
YJR144W,YIR037W,0,-2.350042,0.1312582790851593,0.987051784992218,0.656162440776825
YGR108W,YDL214C,0,-2.350108,0.13124088943004608,0.987051784992218,0.6562625169754028
YMR262W,YEL013W,0,-2.3501694,0.13122351467609406,0.987051784992218,0.6563625335693359
YGR127W,YPL104W,0,-2.3502035,0.13120613992214203,0.987051784992218,0.6564626097679138
YLL017W,YBR020W,0,-2.3502042,0.1311887800693512,0.987051784992218,0.6565626263618469
YCR029C-A,YOR179C,0,-2.350422,0.13117140531539917,0.987051784992218,0.65666264295578
YHR055C,YLR104W,0,-2.350435,0.13115404546260834,0.987051784992218,0.6567627191543579
YLR348C,YNR065C,0,-2.3505387,0.1311367005109787,0.987051784992218,0.656862735748291
YER153C,YNR021W,0,-2.3507705,0.13111934065818787,0.987051784992218,0.6569628119468689
YDR179W-A,YPL283C,0,-2.3509767,0.13110199570655823,0.987051784992218,0.657062828540802
YGR006W,YGR149W,0,-2.351272,0.1310846507549286,0.987051784992218,0.6571628451347351
YNL192W,YLR035C,0,-2.3515089,0.13106732070446014,0.987051784992218,0.657262921333313
YJL163C,YDR224C,0,-2.3517137,0.1310499906539917,0.987051784992218,0.6573629379272461
YJL146W,YFR007W,0,-2.3518746,0.13103266060352325,0.987051784992218,0.657463014125824
YMR169C,YHR069C,0,-2.3519585,0.1310153305530548,0.987051784992218,0.6575630307197571
YDR222W,YKL079W,0,-2.3519962,0.13099801540374756,0.987051784992218,0.6576630473136902
YOR386W,YER183C,0,-2.3521392,0.1309807002544403,0.987051784992218,0.6577631235122681
YDR339C,YGR230W,0,-2.3521717,0.13096340000629425,0.987051784992218,0.6578631401062012
YPR132W,YLR218C,0,-2.3521988,0.130946084856987,0.987051784992218,0.6579631567001343
YLR313C,YBR097W,0,-2.3522666,0.13092878460884094,0.987051784992218,0.6580632328987122
YHR138C,YPL003W,0,-2.3522916,0.13091149926185608,0.987051784992218,0.6581632494926453
YOR369C,YPL060W,0,-2.352296,0.13089419901371002,0.987051784992218,0.6582633256912231
YBL061C,YGR230W,0,-2.3526542,0.13087691366672516,0.987051784992218,0.6583633422851562
YKL204W,YJL112W,0,-2.352937,0.1308596283197403,0.987051784992218,0.6584633588790894
YNR057C,YPL007C,0,-2.353143,0.13084235787391663,0.987051784992218,0.6585634350776672
YGL192W,YOR350C,0,-2.3531625,0.13082508742809296,0.987051784992218,0.6586634516716003
YML098W,YGL158W,0,-2.353426,0.1308078169822693,0.987051784992218,0.6587635278701782
YKL084W,YJL057C,0,-2.3535638,0.13079054653644562,0.987051784992218,0.6588635444641113
YMR120C,YDR475C,0,-2.354541,0.13077329099178314,0.987051784992218,0.6589635610580444
YCR088W,YGL019W,0,-2.3547037,0.13075603544712067,0.987051784992218,0.6590636372566223
YGR247W,YER008C,0,-2.3548553,0.1307387799024582,0.987051784992218,0.6591636538505554
YNL008C,YKR068C,0,-2.3548968,0.1307215392589569,0.987051784992218,0.6592637300491333
YHR096C,YLR251W,0,-2.3552716,0.13070429861545563,0.987051784992218,0.6593637466430664
YPL074W,YMR114C,0,-2.3555932,0.13068705797195435,0.987051784992218,0.6594637632369995
YLR391W,YDR517W,0,-2.355616,0.13066983222961426,0.987051784992218,0.6595638394355774
YLR270W,YOR339C,0,-2.3556817,0.13065260648727417,0.987051784992218,0.6596638560295105
YLL022C,YHL048W,0,-2.3557994,0.13063538074493408,0.987051784992218,0.6597639322280884
YPR018W,YGR258C,0,-2.355826,0.1306181699037552,0.987051784992218,0.6598639488220215
YER107C,YBL089W,0,-2.35591,0.1306009441614151,0.987051784992218,0.6599639654159546
YPL148C,YJR044C,0,-2.3559797,0.1305837333202362,0.987051784992218,0.6600640416145325
YAL034C,YGL153W,0,-2.3562052,0.1305665373802185,0.987051784992218,0.6601640582084656
YKR102W,YLR057W,0,-2.3563411,0.1305493414402008,0.987051784992218,0.6602641344070435
YLR166C,YBR250W,0,-2.3563755,0.1305321455001831,0.987051784992218,0.6603641510009766
YMR096W,YBL047C,0,-2.3568957,0.1305149495601654,0.987051784992218,0.6604641675949097
YDL067C,YJR133W,0,-2.356952,0.1304977685213089,0.987051784992218,0.6605642437934875
YLR188W,YJR031C,0,-2.3571,0.1304805725812912,0.987051784992218,0.6606642603874207
YPL162C,YHL003C,0,-2.35766,0.1304634064435959,0.987051784992218,0.6607642769813538
YCR093W,YPR128C,0,-2.357786,0.13044622540473938,0.987051784992218,0.6608643531799316
YOR115C,YPL156C,0,-2.3582342,0.13042905926704407,0.987051784992218,0.6609643697738647
YDR406W,YBR097W,0,-2.3585837,0.13041189312934875,0.987051784992218,0.6610644459724426
YKL163W,YBR029C,0,-2.3590019,0.13039474189281464,0.987051784992218,0.6611644625663757
YDR246W,YKR014C,0,-2.3590217,0.13037757575511932,0.987051784992218,0.6612644791603088
YJR149W,YKL163W,0,-2.359257,0.1303604245185852,0.987051784992218,0.6613645553588867
YLR141W,YGL244W,1,-2.3592744,0.13047480583190918,0.9880478382110596,0.6613645553588867
YML059C,YHR011W,0,-2.3596153,0.13045765459537506,0.9880478382110596,0.6614645719528198
YDR385W,YPR013C,0,-2.3598917,0.13044050335884094,0.9880478382110596,0.6615646481513977
YMR017W,YIL165C,0,-2.3599677,0.13042335212230682,0.9880478382110596,0.6616646647453308
YMR099C,YML094W,0,-2.3600476,0.1304062008857727,0.9880478382110596,0.6617646813392639
YHR001W-A,YBR158W,0,-2.3600621,0.13038906455039978,0.9880478382110596,0.6618647575378418
YNL135C,YBL033C,0,-2.3603616,0.13037192821502686,0.9880478382110596,0.6619647741317749
YDR499W,YOR065W,0,-2.3608015,0.13035479187965393,0.9880478382110596,0.6620648503303528
YDR515W,YPL046C,0,-2.3609302,0.1303376704454422,0.9880478382110596,0.6621648669242859
YGR252W,YOR219C,0,-2.3609536,0.13032054901123047,0.9880478382110596,0.662264883518219
YOR198C,YHR083W,0,-2.3610241,0.13030342757701874,0.9880478382110596,0.6623649597167969
YDR170W-A,YPL019C,0,-2.3612735,0.1302863210439682,0.9880478382110596,0.66246497631073
YLL066C,YOR338W,0,-2.3617408,0.13026919960975647,0.9880478382110596,0.6625650525093079
YBR195C,YOL001W,0,-2.3619087,0.13025210797786713,0.9880478382110596,0.662665069103241
YFL002W-B,YOR310C,0,-2.3619235,0.1302350014448166,0.9880478382110596,0.6627650856971741
YER071C,YMR269W,0,-2.3621583,0.13021790981292725,0.9880478382110596,0.662865161895752
YHR065C,YLR395C,0,-2.3623426,0.1302008181810379,0.9880478382110596,0.6629651784896851
YMR075W,YLR253W,0,-2.3626506,0.13018372654914856,0.9880478382110596,0.6630652546882629
YLR421C,YGR142W,0,-2.3626602,0.1301666498184204,0.9880478382110596,0.663165271282196
YLR157C,YOL031C,0,-2.3632605,0.13014957308769226,0.9880478382110596,0.6632652878761292
YIL037C,YER161C,0,-2.3632674,0.1301324963569641,0.9880478382110596,0.663365364074707
YFL056C,YER183C,0,-2.3633442,0.13011541962623596,0.9880478382110596,0.6634653806686401
YOL165C,YOR292C,0,-2.3634589,0.130098357796669,0.9880478382110596,0.6635653972625732
YGR141W,YLL031C,0,-2.3635004,0.13008129596710205,0.9880478382110596,0.6636654734611511
YOL165C,YPR013C,0,-2.363592,0.1300642490386963,0.9880478382110596,0.6637654900550842
YBR257W,YCR041W,0,-2.363685,0.13004718720912933,0.9880478382110596,0.6638655662536621
YGR212W,YNL148C,0,-2.3648226,0.13003015518188477,0.9880478382110596,0.6639655828475952
YOL005C,YPL147W,0,-2.3649082,0.130013108253479,0.9880478382110596,0.6640655994415283
YJL142C,YIL018W,0,-2.3652217,0.12999606132507324,0.9880478382110596,0.6641656756401062
YLR063W,YFR021W,0,-2.36539,0.12997902929782867,0.9880478382110596,0.6642656922340393
YKL155C,YBR250W,0,-2.3654232,0.1299620121717453,0.9880478382110596,0.6643657684326172
YGR200C,YHR009C,0,-2.3654873,0.12994498014450073,0.9880478382110596,0.6644657850265503
YJL121C,YLR153C,0,-2.3656108,0.12992796301841736,0.9880478382110596,0.6645658016204834
YJR125C,YIR005W,0,-2.365766,0.12991094589233398,0.9880478382110596,0.6646658778190613
YAR035W,YHR126C,0,-2.3658144,0.1298939436674118,0.9880478382110596,0.6647658944129944
YBR126W-A,YKR102W,0,-2.3659813,0.12987692654132843,0.9880478382110596,0.6648659706115723
YER022W,YGL056C,0,-2.3660254,0.12985992431640625,0.9880478382110596,0.6649659872055054
YIL084C,YBL041W,0,-2.3661704,0.12984293699264526,0.9880478382110596,0.6650660037994385
YER153C,YBR126W-A,0,-2.366215,0.12982593476772308,0.9880478382110596,0.6651660799980164
YGR277C,YCL054W,0,-2.3665574,0.1298089474439621,0.9880478382110596,0.6652660965919495
YDL067C,YBR058C,0,-2.3667696,0.1297919601202011,0.9880478382110596,0.6653661727905273
YKL022C,YMR011W,0,-2.366796,0.12977498769760132,0.9880478382110596,0.6654661893844604
YDR185C,YEL013W,0,-2.3669484,0.12975801527500153,0.9880478382110596,0.6655662059783936
YFL002W-B,YPL112C,0,-2.367183,0.12974104285240173,0.9880478382110596,0.6656662821769714
YPL216W,YDL239C,0,-2.367237,0.12972407042980194,0.9880478382110596,0.6657662987709045
YKR097W,YPL276W,0,-2.3672442,0.12970711290836334,0.9880478382110596,0.6658663749694824
YGR212W,YHL044W,0,-2.3677332,0.12969015538692474,0.9880478382110596,0.6659663915634155
YMR213W,YHR030C,0,-2.3677545,0.12967319786548615,0.9880478382110596,0.6660664081573486
YER151C,YNR058W,0,-2.368204,0.12965625524520874,0.9880478382110596,0.6661664843559265
YEL065W,YMR059W,0,-2.3685086,0.12963931262493134,0.9880478382110596,0.6662665009498596
YIL089W,YOR057W,0,-2.368529,0.12962237000465393,0.9880478382110596,0.6663665175437927
YJR086W,YOR338W,0,-2.3685377,0.12960544228553772,0.9880478382110596,0.6664665937423706
YDR338C,YBL079W,0,-2.3689535,0.12958849966526031,0.9880478382110596,0.6665666103363037
YLR103C,YKL162C,0,-2.3690262,0.1295715719461441,0.9880478382110596,0.6666666865348816
YGR010W,YER099C,0,-2.3692894,0.1295546591281891,0.9880478382110596,0.6667667031288147
YML002W,YNL053W,0,-2.369508,0.12953773140907288,0.9880478382110596,0.6668667197227478
YGR002C,YCL061C,0,-2.3698711,0.12952081859111786,0.9880478382110596,0.6669667959213257
YCR071C,YOL092W,0,-2.3698752,0.12950392067432404,0.9880478382110596,0.6670668125152588
YFL056C,YJR073C,0,-2.3700523,0.12948700785636902,0.9880478382110596,0.6671668887138367
YGR141W,YML062C,0,-2.3701887,0.1294701099395752,0.9880478382110596,0.6672669053077698
YCL032W,YAL068C,0,-2.3703709,0.12945321202278137,0.9880478382110596,0.6673669219017029
YER122C,YGL032C,0,-2.3704066,0.12943632900714874,0.9880478382110596,0.6674669981002808
YKR102W,YLR107W,0,-2.370586,0.1294194459915161,0.9880478382110596,0.6675670146942139
YKR079C,YDL144C,0,-2.3705966,0.12940256297588348,0.9880478382110596,0.6676670908927917
YPR114W,YGL205W,0,-2.3706348,0.12938567996025085,0.9880478382110596,0.6677671074867249
YML098W,YGR292W,0,-2.3708348,0.12936881184577942,0.9880478382110596,0.667867124080658
YCR002C,YMR176W,0,-2.371066,0.12935194373130798,0.9880478382110596,0.6679672002792358
YNL128W,YPL174C,0,-2.371166,0.12933507561683655,0.9880478382110596,0.668067216873169
YJL092W,YMR296C,0,-2.3719168,0.1293182075023651,0.9880478382110596,0.6681672930717468
YNL146W,YAR033W,0,-2.3720691,0.12930135428905487,0.9880478382110596,0.6682673096656799
YBL041W,YPR159W,0,-2.3720844,0.12928450107574463,0.9880478382110596,0.668367326259613
YEL016C,YHR012W,0,-2.3723824,0.12926766276359558,0.9880478382110596,0.6684674024581909
YDL015C,YOL135C,0,-2.372523,0.12925080955028534,0.9880478382110596,0.668567419052124
YDL149W,YHR136C,0,-2.37257,0.1292339712381363,0.9880478382110596,0.6686674952507019
YOR011W,YIR030C,0,-2.37274,0.12921714782714844,0.9880478382110596,0.668767511844635
YIL027C,YDR423C,0,-2.372798,0.1292003095149994,0.9880478382110596,0.6688675284385681
YNL135C,YFL051C,0,-2.3728435,0.12918348610401154,0.9880478382110596,0.668967604637146
YGR200C,YDR109C,0,-2.3728867,0.12916666269302368,0.9880478382110596,0.6690676212310791
YHL044W,YGL223C,0,-2.3732944,0.12914985418319702,0.9880478382110596,0.6691676378250122
YFR022W,YLR386W,0,-2.373396,0.12913304567337036,0.9880478382110596,0.6692677140235901
YPL070W,YAL009W,0,-2.373471,0.1291162371635437,0.9880478382110596,0.6693677306175232
YJL092W,YOL143C,0,-2.3735182,0.12909942865371704,0.9880478382110596,0.6694678068161011
YNL054W,YNL250W,0,-2.3735254,0.12908263504505157,0.9880478382110596,0.6695678234100342
YKR069W,YLR360W,0,-2.3737714,0.12906582653522491,0.9880478382110596,0.6696678400039673
YHR207C,YOL027C,0,-2.373829,0.12904904782772064,0.9880478382110596,0.6697679162025452
YPL046C,YHL048W,0,-2.374005,0.12903225421905518,0.9880478382110596,0.6698679327964783
YPL172C,YDR406W,0,-2.374501,0.1290154755115509,0.9880478382110596,0.6699680089950562
YLR393W,YGL222C,0,-2.374516,0.12899869680404663,0.9880478382110596,0.6700680255889893
YMR294W,YJL114W,0,-2.3748498,0.12898193299770355,0.9880478382110596,0.6701680421829224
YJL158C,YJR031C,0,-2.374899,0.12896515429019928,0.9880478382110596,0.6702681183815002
YOR011W,YPL112C,0,-2.375002,0.1289483904838562,0.9880478382110596,0.6703681349754333
YLR166C,YFL050C,0,-2.3752844,0.12893164157867432,0.9880478382110596,0.6704682111740112
YMR099C,YGR040W,0,-2.3755658,0.12891487777233124,0.9880478382110596,0.6705682277679443
YOL119C,YLR304C,0,-2.375599,0.12889812886714935,0.9880478382110596,0.6706682443618774
YCR097WB,YGR063C,0,-2.3757498,0.12888137996196747,0.9880478382110596,0.6707683205604553
YNL290W,YFR021W,0,-2.3759391,0.12886464595794678,0.9880478382110596,0.6708683371543884
YLR329W,YCR104W,0,-2.3767416,0.1288478970527649,0.9880478382110596,0.6709684133529663
YCL011C,YBR145W,0,-2.3770487,0.1288311630487442,0.9880478382110596,0.6710684299468994
YLL010C,YIL150C,0,-2.3770819,0.1288144439458847,0.9880478382110596,0.6711684465408325
YDR488C,YOR075W,0,-2.3771598,0.128797709941864,0.9880478382110596,0.6712685227394104
YLR107W,YOL114C,0,-2.377166,0.12878099083900452,0.9880478382110596,0.6713685393333435
YGL002W,YJL035C,0,-2.3773334,0.12876427173614502,0.9880478382110596,0.6714686155319214
YFL036W,YDR106W,0,-2.3773363,0.12874756753444672,0.9880478382110596,0.6715686321258545
YOL051W,YOR147W,0,-2.3774316,0.1287308633327484,0.9880478382110596,0.6716686487197876
YJL137C,YDR317W,0,-2.377495,0.1287141591310501,0.9880478382110596,0.6717687249183655
YPL060C-A,YDR225W,0,-2.377585,0.1286974549293518,0.9880478382110596,0.6718687415122986
YGR086C,YHL001W,0,-2.377991,0.1286807656288147,0.9880478382110596,0.6719687581062317
YBR078W,YBR020W,0,-2.3784297,0.1286640763282776,0.9880478382110596,0.6720688343048096
YLR104W,YGR077C,0,-2.3784797,0.12864738702774048,0.9880478382110596,0.6721688508987427
YOR181W,YGR165W,0,-2.379277,0.12863071262836456,0.9880478382110596,0.6722689270973206
YGL161C,YER004W,0,-2.3793492,0.12861402332782745,0.9880478382110596,0.6723689436912537
YLR079W,YBR114W,0,-2.3794897,0.12859734892845154,0.9880478382110596,0.6724689602851868
YGR002C,YDR517W,0,-2.380035,0.12858068943023682,0.9880478382110596,0.6725690364837646
YHL037C,YCR077C,0,-2.3800666,0.1285640299320221,0.9880478382110596,0.6726690530776978
YBR012W-B,YOL096C,0,-2.3801463,0.12854735553264618,0.9880478382110596,0.6727691292762756
YJL012C-A,YLR353W,0,-2.3801675,0.12853071093559265,0.9880478382110596,0.6728691458702087
YMR094W,YBR058C,0,-2.3803473,0.12851405143737793,0.9880478382110596,0.6729691624641418
YPL111W,YFL018W-A,0,-2.3803673,0.1284974068403244,0.9880478382110596,0.6730692386627197
YOR115C,YDL052C,0,-2.380606,0.12848076224327087,0.9880478382110596,0.6731692552566528
YER008C,YKR016W,0,-2.3806798,0.12846413254737854,0.9880478382110596,0.6732693314552307
YMR035W,YER111C,0,-2.3808408,0.128447487950325,0.9880478382110596,0.6733693480491638
YGL096W,YOR180C,0,-2.3812606,0.12843085825443268,0.9880478382110596,0.6734693646430969
YBL017C,YBR130C,0,-2.3812919,0.12841424345970154,0.9880478382110596,0.6735694408416748
YDL199C,YOR193W,0,-2.3813553,0.1283976137638092,0.9880478382110596,0.6736694574356079
YOR378W,YHR200W,0,-2.3814225,0.12838099896907806,0.9880478382110596,0.6737695336341858
YOL128C,YDL045W-A,0,-2.3814461,0.12836438417434692,0.9880478382110596,0.6738695502281189
YBR132C,YIL150C,0,-2.3818328,0.12834778428077698,0.9880478382110596,0.673969566822052
YIL053W,YER160C,0,-2.3824062,0.12833118438720703,0.9880478382110596,0.6740696430206299
YBL014C,YLR157C,0,-2.382467,0.12831458449363708,0.9880478382110596,0.674169659614563
YDR039C,YKL109W,0,-2.3825407,0.12829798460006714,0.9880478382110596,0.6742697358131409
YFR020W,YLR271W,0,-2.382611,0.1282813847064972,0.9880478382110596,0.674369752407074
YFL026W,YHR020W,0,-2.3833315,0.12826479971408844,0.9880478382110596,0.6744697690010071
YBR193C,YDL215C,0,-2.3835506,0.12824822962284088,0.9880478382110596,0.674569845199585
YLR329W,YER123W,0,-2.3835626,0.12823164463043213,0.9880478382110596,0.6746698617935181
YLR220W,YGL056C,0,-2.3835828,0.12821507453918457,0.9880478382110596,0.6747698783874512
YPL092W,YDL045W-A,0,-2.3846095,0.128198504447937,0.9880478382110596,0.674869954586029
YDR210W,YOL018C,0,-2.384885,0.12818193435668945,0.9880478382110596,0.6749699711799622
YHL025W,YBR279W,1,-2.3851135,0.12829457223415375,0.9890438318252563,0.6749699711799622
YNL037C,YMR323W,0,-2.3851469,0.1282780021429062,0.9890438318252563,0.67507004737854
YER120W,YPL070W,0,-2.3851802,0.12826143205165863,0.9890438318252563,0.6751700639724731
YNL021W,YGR263C,0,-2.3854325,0.12824486196041107,0.9890438318252563,0.6752700805664062
YGL005C,YDR026C,0,-2.3860676,0.1282283067703247,0.9890438318252563,0.6753701567649841
YDR130C,YBR020W,0,-2.386103,0.12821175158023834,0.9890438318252563,0.6754701733589172
YLR409C,YLR460C,0,-2.3861597,0.12819519639015198,0.9890438318252563,0.6755702495574951
YKR053C,YDR056C,0,-2.3863528,0.1281786561012268,0.9890438318252563,0.6756702661514282
YNL291C,YJL113W,0,-2.3866336,0.12816210091114044,0.9890438318252563,0.6757702827453613
YAL060W,YLR429W,0,-2.3867252,0.12814556062221527,0.9890438318252563,0.6758703589439392
YBR242W,YDR375C,0,-2.3869717,0.1281290352344513,0.9890438318252563,0.6759703755378723
YAR033W,YDR115W,0,-2.3875015,0.12811249494552612,0.9890438318252563,0.6760704517364502
YDL179W,YJR044C,0,-2.3877175,0.12809596955776215,0.9890438318252563,0.6761704683303833
YDR358W,YNR001C,0,-2.3877513,0.12807945907115936,0.9890438318252563,0.6762704849243164
YKL091C,YER155C,0,-2.3878543,0.12806293368339539,0.9890438318252563,0.6763705611228943
YOR148C,YKL061W,0,-2.3883507,0.1280464231967926,0.9890438318252563,0.6764705777168274
YFR028C,YDR109C,0,-2.3883884,0.12802991271018982,0.9890438318252563,0.6765706539154053
YJL130C,YCR007C,0,-2.3884625,0.12801340222358704,0.9890438318252563,0.6766706705093384
YFR027W,YFL026W,0,-2.3889043,0.12799690663814545,0.9890438318252563,0.6767706871032715
YOL001W,YPR018W,0,-2.3891892,0.12798041105270386,0.9890438318252563,0.6768707633018494
YLR056W,YML121W,0,-2.389366,0.12796391546726227,0.9890438318252563,0.6769707798957825
YLL017W,YCR104W,0,-2.38983,0.12794743478298187,0.9890438318252563,0.6770708560943604
YJL134W,YFL005W,0,-2.3898513,0.12793093919754028,0.9890438318252563,0.6771708726882935
YOL006C,YJL221C,0,-2.3901818,0.12791447341442108,0.9890438318252563,0.6772708892822266
YBL041W,YJL221C,0,-2.3902655,0.12789799273014069,0.9890438318252563,0.6773709654808044
YJL021C,YDL008W,0,-2.3904479,0.12788152694702148,0.9890438318252563,0.6774709820747375
YJL146W,YNL247W,0,-2.3905573,0.1278650462627411,0.9890438318252563,0.6775709986686707
YGR224W,YKL068W,0,-2.3905685,0.12784859538078308,0.9890438318252563,0.6776710748672485
YOR047C,YNR065C,0,-2.390594,0.12783212959766388,0.9890438318252563,0.6777710914611816
YDL149W,YNR032W,0,-2.3907592,0.12781567871570587,0.9890438318252563,0.6778711676597595
YJL041W,YDR047W,0,-2.390972,0.12779922783374786,0.9890438318252563,0.6779711842536926
YDR210W,YDL224C,0,-2.3913524,0.12778277695178986,0.9890438318252563,0.6780712008476257
YKR043C,YHR020W,0,-2.3919394,0.12776634097099304,0.9890438318252563,0.6781712770462036
YPR114W,YDR379C-A,0,-2.3920739,0.12774990499019623,0.9890438318252563,0.6782712936401367
YBR012W-B,YBR195C,0,-2.3926852,0.12773346900939941,0.9890438318252563,0.6783713698387146
YPL083C,YDR367W,0,-2.3930812,0.1277170479297638,0.9890438318252563,0.6784713864326477
YDL241W,YDL224C,0,-2.3934276,0.12770061194896698,0.9890438318252563,0.6785714030265808
YDR540C,YHR045W,0,-2.3937228,0.12768419086933136,0.9890438318252563,0.6786714792251587
YOR297C,YLR179C,0,-2.3938584,0.12766778469085693,0.9890438318252563,0.6787714958190918
YBR301W,YHR027C,0,-2.3939795,0.1276513636112213,0.9890438318252563,0.6788715720176697
YLR341W,YMR269W,0,-2.3944962,0.1276349574327469,0.9890438318252563,0.6789715886116028
YGL227W,YMR302C,0,-2.3947442,0.12761855125427246,0.9890438318252563,0.6790716052055359
YOL073C,YNL290W,0,-2.3954298,0.12760215997695923,0.9890438318252563,0.6791716814041138
YAL009W,YER008C,0,-2.3955724,0.127585768699646,0.9890438318252563,0.6792716979980469
YIR041W,YJR133W,0,-2.3957045,0.12756937742233276,0.9890438318252563,0.6793717741966248
YDR317W,YGL008C,0,-2.3957384,0.12755298614501953,0.9890438318252563,0.6794717907905579
YIL106W,YMR278W,0,-2.395913,0.1275366097688675,0.9890438318252563,0.679571807384491
YGL030W,YOR180C,0,-2.3960893,0.12752023339271545,0.9890438318252563,0.6796718835830688
YHL003C,YPL276W,0,-2.3961093,0.12750385701656342,0.9890438318252563,0.679771900177002
YEL012W,YCL011C,0,-2.3962758,0.12748748064041138,0.9890438318252563,0.6798719763755798
YJL171C,YDL199C,0,-2.3964446,0.12747111916542053,0.9890438318252563,0.6799719929695129
YGR266W,YIR002C,0,-2.396454,0.1274547576904297,0.9890438318252563,0.680072009563446
YPL162C,YIL089W,0,-2.3966367,0.12743839621543884,0.9890438318252563,0.6801720857620239
YJR066W,YML112W,1,-2.3973057,0.12755036354064941,0.9900398254394531,0.6801720857620239
YKL041W,YAR035W,0,-2.3973515,0.12753400206565857,0.9900398254394531,0.680272102355957
YNR039C,YKR034W,0,-2.3975067,0.12751764059066772,0.9900398254394531,0.6803721785545349
YOR321W,YJL207C,0,-2.3975165,0.12750127911567688,0.9900398254394531,0.680472195148468
YDL199C,YJL117W,0,-2.3979113,0.12748493254184723,0.9900398254394531,0.6805722117424011
YCR088W,YCL066W,0,-2.3982456,0.12746858596801758,0.9900398254394531,0.680672287940979
YMR278W,YJL167W,0,-2.3983662,0.12745223939418793,0.9900398254394531,0.6807723045349121
YEL012W,YLR251W,0,-2.3990324,0.12743589282035828,0.9900398254394531,0.6808723211288452
YER153C,YDR367W,0,-2.3991053,0.12741956114768982,0.9900398254394531,0.6809723973274231
YPR029C,YLR220W,0,-2.3991082,0.12740322947502136,0.9900398254394531,0.6810724139213562
YDL008W,YKL189W,0,-2.3996913,0.1273868978023529,0.9900398254394531,0.6811724901199341
YNL139C,YER164W,1,-2.3997185,0.12749871611595154,0.9910358786582947,0.6811724901199341
YDR185C,YIL101C,0,-2.3997855,0.12748238444328308,0.9910358786582947,0.6812725067138672
YER149C,YDR446W,0,-2.4000971,0.12746605277061462,0.9910358786582947,0.6813725233078003
YLR063W,YHR053C,0,-2.4001434,0.12744972109794617,0.9910358786582947,0.6814725995063782
YMR097C,YLL040C,0,-2.4001534,0.1274334043264389,0.9910358786582947,0.6815726161003113
YGL186C,YKL187C,0,-2.400596,0.12741708755493164,0.9910358786582947,0.6816726922988892
YBL041W,YOL091W,0,-2.401055,0.12740077078342438,0.9910358786582947,0.6817727088928223
YPL028W,YKL218C,0,-2.401079,0.12738445401191711,0.9910358786582947,0.6818727254867554
YHR098C,YIL168W,0,-2.401601,0.12736815214157104,0.9910358786582947,0.6819728016853333
YMR321C,YJL112W,0,-2.401612,0.12735185027122498,0.9910358786582947,0.6820728182792664
YLR460C,YBR128C,0,-2.4018106,0.1273355484008789,0.9910358786582947,0.6821728944778442
YGL005C,YBL059W,0,-2.4018583,0.12731926143169403,0.9910358786582947,0.6822729110717773
YDR130C,YGL223C,0,-2.4018586,0.12730297446250916,0.9910358786582947,0.6823729276657104
YOR317W,YOL071W,0,-2.4018815,0.12728668749332428,0.9910358786582947,0.6824730038642883
YFL002W-B,YKL055C,0,-2.402008,0.1272704005241394,0.9910358786582947,0.6825730204582214
YMR120C,YOR104W,0,-2.4025805,0.12725412845611572,0.9910358786582947,0.6826730966567993
YPL147W,YJL052W,0,-2.4025838,0.12723785638809204,0.9910358786582947,0.6827731132507324
YPL028W,YKL114C,0,-2.4030693,0.12722158432006836,0.9910358786582947,0.6828731298446655
YDR210W,YPR089W,0,-2.4031484,0.12720531225204468,0.9910358786582947,0.6829732060432434
YNR009W,YDL076C,0,-2.403438,0.1271890550851822,0.9910358786582947,0.6830732226371765
YLR329W,YLL002W,0,-2.4035518,0.1271727979183197,0.9910358786582947,0.6831732988357544
YIR002C,YMR089C,0,-2.403608,0.1271565556526184,0.9910358786582947,0.6832733154296875
YNL297C,YGR150C,0,-2.404043,0.12714029848575592,0.9910358786582947,0.6833733320236206
YLR056W,YMR195W,0,-2.4042757,0.12712405622005463,0.9910358786582947,0.6834734082221985
YBR084W,YDR003W,0,-2.4042914,0.12710781395435333,0.9910358786582947,0.6835734248161316
YDL076C,YNL330C,1,-2.40438,0.1272193193435669,0.9920318722724915,0.6835734248161316
YOL132W,YLL017W,0,-2.4045265,0.1272030621767044,0.9920318722724915,0.6836734414100647
YPR184W,YCL019W,0,-2.4045508,0.1271868199110031,0.9920318722724915,0.6837735176086426
YMR195W,YDR103W,0,-2.4047902,0.12717057764530182,0.9920318722724915,0.6838735342025757
YNL110C,YBR054W,0,-2.4049234,0.12715435028076172,0.9920318722724915,0.6839736104011536
YER063W,YDL144C,0,-2.4053037,0.12713812291622162,0.9920318722724915,0.6840736269950867
YML016C,YLR182W,0,-2.4054904,0.12712189555168152,0.9920318722724915,0.6841736435890198
YMR250W,YBR245C,0,-2.4055507,0.12710566818714142,0.9920318722724915,0.6842737197875977
YDR313C,YDR167W,0,-2.4056609,0.12708944082260132,0.9920318722724915,0.6843737363815308
YFR010W,YPL121C,0,-2.4065077,0.1270732283592224,0.9920318722724915,0.6844738125801086
YMR235C,YEL030W,0,-2.406779,0.1270570158958435,0.9920318722724915,0.6845738291740417
YNL230C,YHR136C,0,-2.407246,0.1270408183336258,0.9920318722724915,0.6846738457679749
YFR050C,YPR013C,0,-2.4072564,0.12702462077140808,0.9920318722724915,0.6847739219665527
YCR063W,YDR115W,0,-2.4072788,0.12700842320919037,0.9920318722724915,0.6848739385604858
YLL040C,YDR267C,0,-2.4076147,0.12699222564697266,0.9920318722724915,0.6849740147590637
YGL212W,YLR386W,0,-2.4076345,0.12697602808475494,0.9920318722724915,0.6850740313529968
YOL071W,YAL002W,0,-2.4080274,0.12695984542369843,0.9920318722724915,0.6851740479469299
YDR103W,YOR219C,0,-2.4081123,0.1269436627626419,0.9920318722724915,0.6852741241455078
YDR185C,YDR182W,0,-2.4084647,0.12692749500274658,0.9920318722724915,0.6853741407394409
YMR216C,YDR069C,0,-2.4085906,0.12691131234169006,0.9920318722724915,0.6854742169380188
YPL111W,YOL018C,0,-2.4088998,0.12689514458179474,0.9920318722724915,0.6855742335319519
YPL111W,YDR109C,0,-2.408974,0.12687897682189941,0.9920318722724915,0.685674250125885
YPL246C,YBR058C,0,-2.4091506,0.12686282396316528,0.9920318722724915,0.6857743263244629
YGL192W,YOR192C,0,-2.4092433,0.12684665620326996,0.9920318722724915,0.685874342918396
YBR071W,YEL015W,0,-2.4092996,0.12683050334453583,0.9920318722724915,0.6859744191169739
YDR353W,YGR262C,0,-2.4100468,0.1268143653869629,0.9920318722724915,0.686074435710907
YDR402C,YNR070W,0,-2.4100783,0.12679821252822876,0.9920318722724915,0.6861744523048401
YOL073C,YGL160W,0,-2.4101448,0.12678207457065582,0.9920318722724915,0.686274528503418
YOL018C,YJR084W,0,-2.4103472,0.12676593661308289,0.9920318722724915,0.6863745450973511
YPR089W,YBR253W,0,-2.4104605,0.12674981355667114,0.9920318722724915,0.6864745616912842
YLR448W,YDR107C,0,-2.4105403,0.1267336755990982,0.9920318722724915,0.6865746378898621
YBL072C,YLR299W,0,-2.4105673,0.12671755254268646,0.9920318722724915,0.6866746544837952
YMR262W,YKR006C,0,-2.4108973,0.1267014443874359,0.9920318722724915,0.686774730682373
YCR024C-A,YPL147W,0,-2.4110303,0.12668532133102417,0.9920318722724915,0.6868747472763062
YNL152W,YOR034C,0,-2.4117177,0.12666921317577362,0.9920318722724915,0.6869747638702393
YMR081C,YML016C,0,-2.4117625,0.12665310502052307,0.9920318722724915,0.6870748400688171
YMR028W,YHR083W,0,-2.4118638,0.12663699686527252,0.9920318722724915,0.6871748566627502
YJL196C,YGL153W,0,-2.4120462,0.12662090361118317,0.9920318722724915,0.6872749328613281
YIL027C,YKR050W,0,-2.412092,0.1266048103570938,0.9920318722724915,0.6873749494552612
YPL244C,YFR051C,0,-2.4122145,0.12658871710300446,0.9920318722724915,0.6874749660491943
YJR066W,YFR028C,1,-2.4123127,0.12669970095157623,0.9930278658866882,0.6874749660491943
YGR234W,YCL019W,0,-2.4124544,0.12668360769748688,0.9930278658866882,0.6875750422477722
YKR053C,YGR246C,0,-2.4126666,0.12666751444339752,0.9930278658866882,0.6876750588417053
YKR079C,YDL093W,0,-2.4126937,0.12665142118930817,0.9930278658866882,0.6877751350402832
YMR067C,YML016C,0,-2.4127896,0.12663534283638,0.9930278658866882,0.6878751516342163
YFL005W,YIL101C,0,-2.4128041,0.12661924958229065,0.9930278658866882,0.6879751682281494
YPL226W,YJL105W,0,-2.4128568,0.1266031712293625,0.9930278658866882,0.6880752444267273
YNL194C,YGR043C,0,-2.4130328,0.12658709287643433,0.9930278658866882,0.6881752610206604
YOR095C,YCL057C-A,0,-2.4137092,0.12657102942466736,0.9930278658866882,0.6882753372192383
YPL169C,YLR203C,0,-2.4139798,0.1265549659729004,0.9930278658866882,0.6883753538131714
YHR126C,YOR292C,0,-2.4142253,0.12653890252113342,0.9930278658866882,0.6884753704071045
YLR065C,YKR102W,0,-2.414251,0.12652283906936646,0.9930278658866882,0.6885754466056824
YKL047W,YOR180C,0,-2.4143705,0.12650679051876068,0.9930278658866882,0.6886754631996155
YBL047C,YDR268W,0,-2.4145067,0.1264907419681549,0.9930278658866882,0.6887755393981934
YPL046C,YDL144C,0,-2.414824,0.12647469341754913,0.9930278658866882,0.6888755559921265
YHL037C,YER160C,0,-2.4149392,0.12645864486694336,0.9930278658866882,0.6889755725860596
YFL036W,YPR089W,0,-2.4155996,0.12644261121749878,0.9930278658866882,0.6890756487846375
YBR097W,YDR080W,0,-2.4161232,0.1264265775680542,0.9930278658866882,0.6891756653785706
YLR393W,YGR230W,0,-2.4164097,0.12641054391860962,0.9930278658866882,0.6892756819725037
YEL016C,YDR266C,0,-2.416495,0.12639452517032623,0.9930278658866882,0.6893757581710815
YDR210W,YOL114C,0,-2.416549,0.12637850642204285,0.9930278658866882,0.6894757747650146
YKR034W,YMR059W,0,-2.4168785,0.12636248767375946,0.9930278658866882,0.6895758509635925
YER095W,YNL130C,0,-2.4169567,0.12634646892547607,0.9930278658866882,0.6896758675575256
YLR141W,YBR279W,1,-2.4172742,0.12645716965198517,0.9940239191055298,0.6896758675575256
YOR202W,YDR499W,0,-2.4175823,0.12644115090370178,0.9940239191055298,0.6897758841514587
YGR086C,YPL140C,0,-2.417747,0.1264251321554184,0.9940239191055298,0.6898759603500366
YOR065W,YCL019W,0,-2.4177854,0.126409113407135,0.9940239191055298,0.6899759769439697
YCL025C,YNL054W,0,-2.418507,0.12639310956001282,0.9940239191055298,0.6900760531425476
YOL132W,YAL060W,0,-2.418617,0.12637710571289062,0.9940239191055298,0.6901760697364807
YPR008W,YDR423C,0,-2.4187376,0.12636110186576843,0.9940239191055298,0.6902760863304138
YIL046W,YOL016C,0,-2.4188468,0.12634511291980743,0.9940239191055298,0.6903761625289917
YBL046W,YFR012W,0,-2.4190323,0.12632910907268524,0.9940239191055298,0.6904761791229248
YDR039C,YHR098C,0,-2.419139,0.12631312012672424,0.9940239191055298,0.6905762553215027
YDR515W,YGR292W,0,-2.4192948,0.12629714608192444,0.9940239191055298,0.6906762719154358
YNL094W,YPL007C,0,-2.4193125,0.12628115713596344,0.9940239191055298,0.6907762885093689
YFR020W,YPR128C,0,-2.419474,0.12626518309116364,0.9940239191055298,0.6908763647079468
YJL207C,YLR155C,0,-2.4194813,0.12624920904636383,0.9940239191055298,0.6909763813018799
YFL002W-B,YOR049C,0,-2.4198184,0.12623323500156403,0.9940239191055298,0.6910764575004578
YDR107C,YDR166C,0,-2.420039,0.12621727585792542,0.9940239191055298,0.6911764740943909
YOR301W,YJL145W,0,-2.420779,0.1262013167142868,0.9940239191055298,0.691276490688324
YPL061W,YGL104C,0,-2.4210227,0.1261853575706482,0.9940239191055298,0.6913765668869019
YDR402C,YPL094C,0,-2.42109,0.12616939842700958,0.9940239191055298,0.691476583480835
YIL084C,YNR059W,0,-2.4211762,0.12615345418453217,0.9940239191055298,0.6915766596794128
YBR126W-A,YLR223C,0,-2.4214168,0.12613750994205475,0.9940239191055298,0.691676676273346
YPL215W,YPL276W,0,-2.4217393,0.12612156569957733,0.9940239191055298,0.691776692867279
YHR138C,YGL114W,0,-2.4225554,0.1261056363582611,0.9940239191055298,0.6918767690658569
YML121W,YPL216W,0,-2.4228542,0.12608970701694489,0.9940239191055298,0.69197678565979
YNR009W,YGR142W,0,-2.4228628,0.12607377767562866,0.9940239191055298,0.6920768022537231
YDL161W,YAL068C,0,-2.4229796,0.12605784833431244,0.9940239191055298,0.692176878452301
YDR369C,YJR133W,0,-2.423035,0.1260419338941574,0.9940239191055298,0.6922768950462341
YLR460C,YDR069C,0,-2.4231865,0.12602601945400238,0.9940239191055298,0.692376971244812
YLR460C,YDR060W,0,-2.4232235,0.12601010501384735,0.9940239191055298,0.6924769878387451
YMR273C,YDR277C,0,-2.4239333,0.12599419057369232,0.9940239191055298,0.6925770044326782
YLR393W,YCR093W,0,-2.4239452,0.1259782910346985,0.9940239191055298,0.6926770806312561
YOR254C,YGR230W,0,-2.4246113,0.12596239149570465,0.9940239191055298,0.6927770972251892
YGL110C,YPR122W,0,-2.4246607,0.12594649195671082,0.9940239191055298,0.6928771734237671
YNR017W,YDR285W,0,-2.42471,0.12593059241771698,0.9940239191055298,0.6929771900177002
YPR029C,YGL019W,0,-2.4247434,0.12591470777988434,0.9940239191055298,0.6930772066116333
YJL099W,YDL073W,0,-2.4247506,0.1258988231420517,0.9940239191055298,0.6931772828102112
YHL016C,YGR060W,0,-2.4262273,0.12588295340538025,0.9940239191055298,0.6932772994041443
YGR211W,YKL061W,0,-2.4264958,0.1258670687675476,0.9940239191055298,0.6933773756027222
YGL032C,YGL160W,0,-2.4265845,0.12585119903087616,0.9940239191055298,0.6934773921966553
YHR148W,YGR066C,0,-2.427448,0.1258353292942047,0.9940239191055298,0.6935774087905884
YPL259C,YHL048W,0,-2.4276457,0.12581945955753326,0.9940239191055298,0.6936774849891663
YLR421C,YHL008C,0,-2.4281893,0.125803604722023,0.9940239191055298,0.6937775015830994
YGR262C,YPR008W,0,-2.4283032,0.12578774988651276,0.9940239191055298,0.6938775777816772
YKL204W,YPL022W,0,-2.428335,0.1257718950510025,0.9940239191055298,0.6939775943756104
YBR012W-B,YGL137W,0,-2.4284441,0.12575605511665344,0.9940239191055298,0.6940776109695435
YDR353W,YDR041W,0,-2.4285707,0.1257402002811432,0.9940239191055298,0.6941776871681213
YGR266W,YGR171C,0,-2.4288294,0.12572436034679413,0.9940239191055298,0.6942777037620544
YLR057W,YNR047W,0,-2.429145,0.12570852041244507,0.9940239191055298,0.6943777799606323
YHR092C,YJL035C,0,-2.4294202,0.1256926953792572,0.9940239191055298,0.6944777965545654
YOR002W,YGL163C,0,-2.4295683,0.12567687034606934,0.9940239191055298,0.6945778131484985
YDL225W,YBR274W,0,-2.429878,0.12566104531288147,0.9940239191055298,0.6946778893470764
YDR268W,YLR166C,0,-2.4300263,0.1256452202796936,0.9940239191055298,0.6947779059410095
YFR051C,YGR222W,0,-2.4302254,0.12562941014766693,0.9940239191055298,0.6948779225349426
YBR299W,YDR141C,0,-2.4303515,0.12561360001564026,0.9940239191055298,0.6949779987335205
YLR037C,YPR182W,0,-2.4304168,0.1255977898836136,0.9940239191055298,0.6950780153274536
YPL216W,YIL149C,0,-2.4304552,0.12558197975158691,0.9940239191055298,0.6951780915260315
YGR053C,YHL003C,0,-2.430767,0.12556618452072144,0.9940239191055298,0.6952781081199646
YMR302C,YDR382W,0,-2.4311945,0.12555038928985596,0.9940239191055298,0.6953781247138977
YFL034W,YDL033C,0,-2.431493,0.12553459405899048,0.9940239191055298,0.6954782009124756
YLR220W,YDR047W,0,-2.4318693,0.125518798828125,0.9940239191055298,0.6955782175064087
YAR033W,YER173W,0,-2.4324481,0.12550301849842072,0.9940239191055298,0.6956782937049866
YLR083C,YKL158W,0,-2.4324584,0.12548723816871643,0.9940239191055298,0.6957783102989197
YOL102C,YDR446W,0,-2.4327772,0.12547145783901215,0.9940239191055298,0.6958783268928528
YPL029W,YJL105W,0,-2.4329078,0.12545569241046906,0.9940239191055298,0.6959784030914307
YEL042W,YLR104W,0,-2.432991,0.12543992698192596,0.9940239191055298,0.6960784196853638
YJL171C,YHR098C,0,-2.4332156,0.12542416155338287,0.9940239191055298,0.6961784958839417
YJR093C,YGR109C,0,-2.4332595,0.12540839612483978,0.9940239191055298,0.6962785124778748
YIR002C,YGL075C,0,-2.433489,0.1253926306962967,0.9940239191055298,0.6963785290718079
YDR451C,YNL247W,0,-2.433636,0.1253768801689148,0.9940239191055298,0.6964786052703857
YIL014W,YDR475C,0,-2.4339716,0.1253611296415329,0.9940239191055298,0.6965786218643188
YML057W,YDR167W,0,-2.4341428,0.1253453940153122,0.9940239191055298,0.6966786980628967
YKR013W,YKL187C,0,-2.4342992,0.1253296434879303,0.9940239191055298,0.6967787146568298
YGL137W,YOR384W,0,-2.434416,0.1253139078617096,0.9940239191055298,0.6968787312507629
YCR007C,YLR130C,0,-2.4345653,0.1252981722354889,0.9940239191055298,0.6969788074493408
YAL033W,YHR173C,0,-2.4347498,0.12528245151042938,0.9940239191055298,0.6970788240432739
YGL015C,YOR219C,0,-2.434833,0.12526673078536987,0.9940239191055298,0.6971789002418518
YNL155W,YDL215C,0,-2.4350288,0.12525101006031036,0.9940239191055298,0.6972789168357849
YLR391W,YEL030W,0,-2.4352791,0.12523528933525085,0.9940239191055298,0.697378933429718
YLR044C,YAL068C,0,-2.4355073,0.12521956861019135,0.9940239191055298,0.6974790096282959
YDR204W,YPL003W,0,-2.436476,0.12520386278629303,0.9940239191055298,0.697579026222229
YDR222W,YER150W,0,-2.437082,0.12518815696239471,0.9940239191055298,0.6976790428161621
YMR120C,YER150W,0,-2.4371111,0.1251724511384964,0.9940239191055298,0.69777911901474
YPL259C,YLL016W,0,-2.4371293,0.12515676021575928,0.9940239191055298,0.6978791356086731
YPR015C,YBR054W,0,-2.437492,0.12514106929302216,0.9940239191055298,0.697979211807251
YPR182W,YPR157W,0,-2.4375656,0.12512537837028503,0.9940239191055298,0.6980792284011841
YGR136W,YGR241C,0,-2.4377005,0.1251096874475479,0.9940239191055298,0.6981792449951172
YLR360W,YFL048C,0,-2.437994,0.12509401142597198,0.9940239191055298,0.6982793211936951
YBL033C,YOL159C,0,-2.4381907,0.12507833540439606,0.9940239191055298,0.6983793377876282
YER141W,YOR159C,0,-2.4386358,0.12506265938282013,0.9940239191055298,0.698479413986206
YJR086W,YML100W,0,-2.438691,0.1250469833612442,0.9940239191055298,0.6985794305801392
YPL060C-A,YLR153C,0,-2.4392276,0.12503132224082947,0.9940239191055298,0.6986794471740723
YAL053W,YNL230C,0,-2.4396756,0.12501566112041473,0.9940239191055298,0.6987795233726501
YNL210W,YPL060W,0,-2.4399455,0.125,0.9940239191055298,0.6988795399665833
YGR066C,YKL139W,0,-2.4400377,0.12498434633016586,0.9940239191055298,0.6989796161651611
YDR496C,YDR115W,0,-2.4402785,0.12496869266033173,0.9940239191055298,0.6990796327590942
YGR131W,YPR134W,0,-2.4405599,0.12495304644107819,0.9940239191055298,0.6991796493530273
YKL116C,YBL009W,0,-2.4411242,0.12493740767240524,0.9940239191055298,0.6992797255516052
YKL130C,YKL158W,0,-2.4412224,0.1249217689037323,0.9940239191055298,0.6993797421455383
YMR323W,YJL063C,0,-2.441231,0.12490613013505936,0.9940239191055298,0.6994798183441162
YBL025W,YFL060C,0,-2.4414465,0.12489049881696701,0.9940239191055298,0.6995798349380493
YHR126C,YGL105W,0,-2.4414675,0.12487487494945526,0.9940239191055298,0.6996798515319824
YLL040C,YPL094C,0,-2.4416137,0.12485925108194351,0.9940239191055298,0.6997799277305603
YML027W,YER090W,0,-2.4416769,0.12484363466501236,0.9940239191055298,0.6998799443244934
YKL026C,YHL025W,0,-2.4416826,0.12482801824808121,0.9940239191055298,0.6999800205230713
YGR131W,YHR173C,0,-2.4427958,0.12481240928173065,0.9940239191055298,0.7000800371170044
YML121W,YDL067C,0,-2.4431794,0.1247968003153801,0.9940239191055298,0.7001800537109375
YOL133W,YLR310C,0,-2.4434087,0.12478119879961014,0.9940239191055298,0.7002801299095154
YER116C,YMR011W,0,-2.4435375,0.12476559728384018,0.9940239191055298,0.7003801465034485
YJL121C,YFL020C,0,-2.4436245,0.12475000321865082,0.9940239191055298,0.7004801630973816
YML102W,YOL049W,0,-2.4438713,0.12473440915346146,0.9940239191055298,0.7005802392959595
YBR097W,YBR243C,0,-2.4441526,0.12471882253885269,0.9940239191055298,0.7006802558898926
YMR167W,YNR059W,0,-2.4441574,0.12470323592424393,0.9940239191055298,0.7007803320884705
YIL083C,YKL160W,0,-2.4441588,0.12468765676021576,0.9940239191055298,0.7008803486824036
YDR416W,YJL142C,0,-2.4448583,0.12467207759618759,0.9940239191055298,0.7009803652763367
YBR264C,YLL016W,0,-2.4448717,0.12465650588274002,0.9940239191055298,0.7010804414749146
YGL013C,YDL161W,0,-2.4454067,0.12464094161987305,0.9940239191055298,0.7011804580688477
YLL010C,YIL157C,0,-2.4456327,0.12462537735700607,0.9940239191055298,0.7012805342674255
YBL054W,YMR302C,0,-2.4458892,0.1246098130941391,0.9940239191055298,0.7013805508613586
YLL067C,YBR125C,0,-2.4461749,0.12459425628185272,0.9940239191055298,0.7014805674552917
YDL161W,YOR350C,0,-2.4466658,0.12457870692014694,0.9940239191055298,0.7015806436538696
YJL105W,YNL130C,0,-2.4466927,0.12456315755844116,0.9940239191055298,0.7016806602478027
YMR278W,YIL108W,0,-2.4468324,0.12454760819673538,0.9940239191055298,0.7017807364463806
YHL006C,YIL048W,0,-2.4468403,0.1245320662856102,0.9940239191055298,0.7018807530403137
YMR216C,YBL005W-B,0,-2.4469912,0.12451653182506561,0.9940239191055298,0.7019807696342468
YDR185C,YNL166C,0,-2.4470594,0.12450099736452103,0.9940239191055298,0.7020808458328247
YMR173W,YIL101C,0,-2.4472163,0.12448547035455704,0.9940239191055298,0.7021808624267578
YIL121W,YLR262C-A,0,-2.4474068,0.12446994334459305,0.9940239191055298,0.7022809386253357
YCL034W,YFL034W,0,-2.4474695,0.12445442378520966,0.9940239191055298,0.7023809552192688
YNL061W,YPR157W,0,-2.4478788,0.12443890422582626,0.9940239191055298,0.7024809718132019
YLL017W,YER111C,0,-2.447924,0.12442339211702347,0.9940239191055298,0.7025810480117798
YPL147W,YPR102C,0,-2.4479501,0.12440788000822067,0.9940239191055298,0.7026810646057129
YER122C,YAL068C,0,-2.448346,0.12439237534999847,0.9940239191055298,0.7027811408042908
YOL092W,YIR015W,0,-2.448561,0.12437687069177628,0.9940239191055298,0.7028811573982239
YGR066C,YPR122W,0,-2.4486773,0.12436137348413467,0.9940239191055298,0.702981173992157
YKR097W,YOR148C,0,-2.4487045,0.12434587627649307,0.9940239191055298,0.7030812501907349
YKL163W,YDR182W,0,-2.448857,0.12433038651943207,0.9940239191055298,0.703181266784668
YLR157C,YNR047W,0,-2.4488778,0.12431489676237106,0.9940239191055298,0.7032812833786011
YHL030W,YOR075W,0,-2.448893,0.12429941445589066,0.9940239191055298,0.703381359577179
YOL073C,YNR070W,0,-2.4489636,0.12428393214941025,0.9940239191055298,0.7034813761711121
YHR020W,YLL002W,0,-2.449068,0.12426845729351044,0.9940239191055298,0.7035814523696899
YIL042C,YGR060W,0,-2.449147,0.12425298988819122,0.9940239191055298,0.703681468963623
YPL276W,YJL127C,0,-2.4492328,0.12423752248287201,0.9940239191055298,0.7037814855575562
YDR541C,YPL276W,0,-2.4494116,0.1242220550775528,0.9940239191055298,0.703881561756134
YGR066C,YDL148C,0,-2.4495246,0.12420659512281418,0.9940239191055298,0.7039815783500671
YKL047W,YJR026W,0,-2.44963,0.12419114261865616,0.9940239191055298,0.704081654548645
YIL089W,YGL114W,0,-2.449817,0.12417569011449814,0.9940239191055298,0.7041816711425781
YDL015C,YBR088C,0,-2.4499612,0.12416023761034012,0.9940239191055298,0.7042816877365112
YFL051C,YCL066W,0,-2.4503713,0.1241447925567627,0.9940239191055298,0.7043817639350891
YDR166C,YGL222C,0,-2.4507833,0.12412935495376587,0.9940239191055298,0.7044817805290222
YIL070C,YOR148C,0,-2.4508457,0.12411391735076904,0.9940239191055298,0.7045818567276001
YOL039W,YOL071W,0,-2.4509683,0.12409847974777222,0.9940239191055298,0.7046818733215332
YGL028C,YDR214W,0,-2.4515312,0.12408305704593658,0.9940239191055298,0.7047818899154663
YIR005W,YGL222C,0,-2.4516876,0.12406762689352036,0.9940239191055298,0.7048819661140442
YJR031C,YAL039C,0,-2.4525764,0.12405220419168472,0.9940239191055298,0.7049819827079773
YER111C,YDR285W,0,-2.4525843,0.12403678894042969,0.9940239191055298,0.7050820589065552
YKR095W-A,YPR164W,0,-2.4526398,0.12402137368917465,0.9940239191055298,0.7051820755004883
YIL093C,YOL114C,0,-2.4529977,0.12400596588850021,0.9940239191055298,0.7052820920944214
YJL057C,YLL002W,0,-2.453956,0.12399055808782578,0.9940239191055298,0.7053821682929993
YDR317W,YDL161W,0,-2.453959,0.12397515773773193,0.9940239191055298,0.7054821848869324
YDL148C,YOL071W,0,-2.454041,0.12395975738763809,0.9940239191055298,0.7055822610855103
YCL060C,YOR339C,0,-2.4540613,0.12394436448812485,0.9940239191055298,0.7056822776794434
YER004W,YBR274W,0,-2.4543443,0.1239289715886116,0.9940239191055298,0.7057822942733765
YKL158W,YJR043C,0,-2.4546053,0.12391358613967896,0.9940239191055298,0.7058823704719543
YIR005W,YIL072W,0,-2.4549518,0.12389820069074631,0.9940239191055298,0.7059823870658875
YHR190W,YHR040W,0,-2.455063,0.12388282269239426,0.9940239191055298,0.7060824036598206
YDR402C,YOL102C,0,-2.455137,0.1238674446940422,0.9940239191055298,0.7061824798583984
YHR214C-B,YIR030C,0,-2.4552176,0.12385207414627075,0.9940239191055298,0.7062824964523315
YJL100W,YLR353W,0,-2.4556887,0.1238367035984993,0.9940239191055298,0.7063825726509094
YDR201W,YJL082W,0,-2.4557824,0.12382134050130844,0.9940239191055298,0.7064825892448425
YMR102C,YEL021W,0,-2.4562624,0.12380597740411758,0.9940239191055298,0.7065826058387756
YDR238C,YDL224C,0,-2.45651,0.12379062175750732,0.9940239191055298,0.7066826820373535
YDR246W,YML124C,0,-2.4568617,0.12377526611089706,0.9940239191055298,0.7067826986312866
YDR423C,YCL066W,0,-2.4569523,0.1237599179148674,0.9940239191055298,0.7068827748298645
YNL172W,YAL039C,0,-2.4570224,0.12374457716941833,0.9940239191055298,0.7069827914237976
YMR217W,YFL011W,0,-2.457058,0.12372923642396927,0.9940239191055298,0.7070828080177307
YPL283C,YLL016W,0,-2.4575002,0.1237138956785202,0.9940239191055298,0.7071828842163086
YMR164C,YPR054W,0,-2.4577167,0.12369856238365173,0.9940239191055298,0.7072829008102417
YGR241C,YHR200W,0,-2.4584067,0.12368322908878326,0.9940239191055298,0.7073829770088196
YIL044C,YDR216W,0,-2.4589603,0.12366790324449539,0.9940239191055298,0.7074829936027527
YGR142W,YGL092W,0,-2.4590871,0.12365258485078812,0.9940239191055298,0.7075830101966858
YLR167W,YJL163C,0,-2.459136,0.12363726645708084,0.9940239191055298,0.7076830863952637
YOR321W,YFL024C,0,-2.4591384,0.12362194806337357,0.9940239191055298,0.7077831029891968
YDR307W,YLR397C,0,-2.459243,0.12360663712024689,0.9940239191055298,0.7078831791877747
YBL014C,YER042W,0,-2.459876,0.1235913336277008,0.9940239191055298,0.7079831957817078
YDR204W,YBR012W-B,0,-2.4599712,0.12357603013515472,0.9940239191055298,0.7080832123756409
YNR021W,YBR153W,0,-2.4600377,0.12356072664260864,0.9940239191055298,0.7081832885742188
YHL004W,YDR307W,0,-2.460123,0.12354543060064316,0.9940239191055298,0.7082833051681519
YOR208W,YKL183W,0,-2.460547,0.12353014200925827,0.9940239191055298,0.7083833813667297
YHL025W,YJR066W,1,-2.4608712,0.12363861501216888,0.9950199127197266,0.7083833813667297
YLR414C,YPL246C,0,-2.4613512,0.1236233115196228,0.9950199127197266,0.7084833979606628
YOR099W,YGR054W,0,-2.4614012,0.12360801547765732,0.9950199127197266,0.708583414554596
YLR200W,YPR157W,0,-2.4617136,0.12359272688627243,0.9950199127197266,0.7086834907531738
YDR107C,YMR114C,0,-2.4618118,0.12357743829488754,0.9950199127197266,0.7087835073471069
YGR109C,YIR019C,0,-2.462112,0.12356214970350266,0.9950199127197266,0.70888352394104
YCR007C,YNL022C,0,-2.462228,0.12354686856269836,0.9950199127197266,0.7089836001396179
YJL100W,YKL139W,0,-2.462249,0.12353159487247467,0.9950199127197266,0.709083616733551
YGR043C,YDR256C,0,-2.4622662,0.12351632118225098,0.9950199127197266,0.7091836929321289
YKL041W,YDR222W,0,-2.4622748,0.12350104749202728,0.9950199127197266,0.709283709526062
YOL159C,YKL189W,0,-2.4633834,0.12348578125238419,0.9950199127197266,0.7093837261199951
YPL022W,YMR273C,0,-2.4634316,0.12347052246332169,0.9950199127197266,0.709483802318573
YMR225C,YDR285W,0,-2.4636385,0.12345526367425919,0.9950199127197266,0.7095838189125061
YGL161C,YPL104W,0,-2.4637878,0.12344001233577728,0.9950199127197266,0.709683895111084
YIR005W,YHL044W,0,-2.4639857,0.12342476099729538,0.9950199127197266,0.7097839117050171
YNL272C,YGL104C,0,-2.4639962,0.12340950965881348,0.9950199127197266,0.7098839282989502
YGL227W,YOL133W,0,-2.4643433,0.12339426577091217,0.9950199127197266,0.7099840044975281
YFR018C,YOL135C,0,-2.4644256,0.12337902933359146,0.9950199127197266,0.7100840210914612
YPL246C,YDL076C,0,-2.464465,0.12336379289627075,0.9950199127197266,0.7101840972900391
YOL065C,YOR188W,0,-2.4649498,0.12334856390953064,0.9950199127197266,0.7102841138839722
YDR079W,YFL020C,0,-2.4650662,0.12333333492279053,0.9950199127197266,0.7103841304779053
YLR329W,YGL030W,0,-2.4651434,0.12331810593605042,0.9950199127197266,0.7104842066764832
YAL060W,YGL070C,0,-2.4652305,0.1233028918504715,0.9950199127197266,0.7105842232704163
YDR044W,YLR271W,0,-2.4653976,0.12328767031431198,0.9950199127197266,0.7106842994689941
YJR098C,YLR223C,0,-2.4658587,0.12327245622873306,0.9950199127197266,0.7107843160629272
YJL134W,YGR266W,0,-2.466059,0.12325724959373474,0.9950199127197266,0.7108843326568604
YIL089W,YIL014W,0,-2.4661105,0.12324204295873642,0.9950199127197266,0.7109844088554382
YKR013W,YLR360W,0,-2.4661653,0.1232268437743187,0.9950199127197266,0.7110844254493713
YOR368W,YLR271W,0,-2.466596,0.12321164458990097,0.9950199127197266,0.7111845016479492
YOR383C,YHR200W,0,-2.4667203,0.12319644540548325,0.9950199127197266,0.7112845182418823
YOL073C,YJL105W,0,-2.4668212,0.12318126112222672,0.9950199127197266,0.7113845348358154
YHR205W,YDR369C,0,-2.467186,0.12316606938838959,0.9950199127197266,0.7114846110343933
YJL078C,YPR017C,0,-2.4672227,0.12315088510513306,0.9950199127197266,0.7115846276283264
YHL016C,YFR010W,0,-2.467553,0.12313570827245712,0.9950199127197266,0.7116846442222595
YGR201C,YKR028W,0,-2.467657,0.12312053143978119,0.9950199127197266,0.7117847204208374
YJL171C,YGR191W,0,-2.4677236,0.12310536205768585,0.9950199127197266,0.7118847370147705
YOR378W,YDR246W,0,-2.4677641,0.12309019267559052,0.9950199127197266,0.7119848132133484
YBR299W,YBL014C,0,-2.4679549,0.12307503074407578,0.9950199127197266,0.7120848298072815
YJL099W,YER160C,0,-2.4681742,0.12305986881256104,0.9950199127197266,0.7121848464012146
YBL039W-B,YDL107W,0,-2.468294,0.1230447068810463,0.9950199127197266,0.7122849225997925
YER116C,YGL053W,0,-2.4688756,0.12302955985069275,0.9950199127197266,0.7123849391937256
YOR174W,YER123W,0,-2.4690454,0.1230144053697586,0.9950199127197266,0.7124850153923035
YLR103C,YDR539W,0,-2.4693868,0.12299925833940506,0.9950199127197266,0.7125850319862366
YNL137C,YHR020W,0,-2.4696925,0.12298411875963211,0.9950199127197266,0.7126850485801697
YCR036W,YGR062C,0,-2.4698966,0.12296897917985916,0.9950199127197266,0.7127851247787476
YHR045W,YDR065W,0,-2.470067,0.12295384705066681,0.9950199127197266,0.7128851413726807
YIL083C,YNR009W,0,-2.47007,0.12293871492147446,0.9950199127197266,0.7129852175712585
YCL037C,YGR053C,0,-2.4704669,0.1229235902428627,0.9950199127197266,0.7130852341651917
YAL040C,YOL133W,0,-2.4711535,0.12290846556425095,0.9950199127197266,0.7131852507591248
YGL005C,YOR180C,0,-2.4713652,0.12289334833621979,0.9950199127197266,0.7132853269577026
YGR292W,YOR247W,0,-2.4714954,0.12287823110818863,0.9950199127197266,0.7133853435516357
YHR098C,YLR414C,0,-2.4716618,0.12286311388015747,0.9950199127197266,0.7134854197502136
YHL001W,YNL223W,0,-2.4719236,0.1228480115532875,0.9950199127197266,0.7135854363441467
YGR149W,YBR128C,0,-2.4721253,0.12283290177583694,0.9950199127197266,0.7136854529380798
YOL122C,YPL186C,0,-2.472277,0.12281779944896698,0.9950199127197266,0.7137855291366577
YER031C,YNR001C,0,-2.4725952,0.12280270457267761,0.9950199127197266,0.7138855457305908
YHR098C,YNL073W,0,-2.4727316,0.12278760969638824,0.9950199127197266,0.7139856219291687
YKL130C,YMR164C,0,-2.473255,0.12277252227067947,0.9950199127197266,0.7140856385231018
YGL212W,YCR043C,0,-2.4733222,0.1227574348449707,0.9950199127197266,0.7141856551170349
YDR353W,YFL026W,0,-2.4734309,0.12274235486984253,0.9950199127197266,0.7142857313156128
YJR086W,YLR393W,0,-2.4735298,0.12272727489471436,0.9950199127197266,0.7143857479095459
YER022W,YDR400W,0,-2.4737277,0.12271219491958618,0.9950199127197266,0.7144858241081238
YFL030W,YMR087W,0,-2.4737952,0.1226971223950386,0.9950199127197266,0.7145858407020569
YIL074C,YEL012W,0,-2.4741004,0.12268205732107162,0.9950199127197266,0.71468585729599
YOR126C,YBR054W,0,-2.4742005,0.12266699224710464,0.9950199127197266,0.7147859334945679
YKR079C,YJL082W,0,-2.4742818,0.12265193462371826,0.9950199127197266,0.714885950088501
YMR017W,YKR037C,0,-2.474755,0.12263687700033188,0.9950199127197266,0.7149859666824341
YNL297C,YGL219C,0,-2.4748757,0.12262182682752609,0.9950199127197266,0.715086042881012
YLR205C,YHR206W,0,-2.4749053,0.1226067766547203,0.9950199127197266,0.7151860594749451
YLR429W,YMR176W,0,-2.4750335,0.12259172648191452,0.9950199127197266,0.715286135673523
YER141W,YOL004W,0,-2.475059,0.12257668375968933,0.9950199127197266,0.715386152267456
YDR160W,YJR119C,0,-2.4752295,0.12256164848804474,0.9950199127197266,0.7154861688613892
YGR053C,YGL092W,0,-2.4756587,0.12254661321640015,0.9950199127197266,0.715586245059967
YHR185C,YOR393W,0,-2.4757416,0.12253158539533615,0.9950199127197266,0.7156862616539001
YNL173C,YGL119W,0,-2.4760106,0.12251655757427216,0.9950199127197266,0.715786337852478
YKL218C,YKR006C,0,-2.476174,0.12250152975320816,0.9950199127197266,0.7158863544464111
YPL111W,YLR251W,0,-2.4764826,0.12248650938272476,0.9950199127197266,0.7159863710403442
YLL066C,YBL059W,0,-2.4765582,0.12247149646282196,0.9950199127197266,0.7160864472389221
YGR227W,YKR006C,0,-2.476857,0.12245648354291916,0.9950199127197266,0.7161864638328552
YLR278C,YPR134W,0,-2.4768574,0.12244147807359695,0.9950199127197266,0.7162865400314331
YER091C,YHR045W,0,-2.4768755,0.12242647260427475,0.9950199127197266,0.7163865566253662
YNL272C,YJL114W,0,-2.4769318,0.12241146713495255,0.9950199127197266,0.7164865732192993
YHL016C,YGR155W,0,-2.4772084,0.12239646911621094,0.9950199127197266,0.7165866494178772
YFL024C,YPR054W,0,-2.4772842,0.12238147854804993,0.9950199127197266,0.7166866660118103
YGL124C,YCL061C,0,-2.4772851,0.12236648797988892,0.9950199127197266,0.7167867422103882
YNR001C,YFL006W,0,-2.4774344,0.1223514974117279,0.9950199127197266,0.7168867588043213
YKL041W,YNR058W,0,-2.47744,0.12233651429414749,0.9950199127197266,0.7169867753982544
YOR243C,YOR247W,0,-2.4774992,0.12232153862714767,0.9950199127197266,0.7170868515968323
YDR353W,YJL113W,0,-2.4775093,0.12230656296014786,0.9950199127197266,0.7171868681907654
YIL017C,YJR138W,0,-2.4776847,0.12229158729314804,0.9950199127197266,0.7172869443893433
YER116C,YNL155W,0,-2.4780529,0.12227661907672882,0.9950199127197266,0.7173869609832764
YMR262W,YKL061W,0,-2.478127,0.1222616583108902,0.9950199127197266,0.7174869775772095
YBL039W-B,YPL174C,0,-2.4785652,0.12224669754505157,0.9950199127197266,0.7175870537757874
YOL016C,YLR035C,0,-2.478694,0.12223173677921295,0.9950199127197266,0.7176870703697205
YLR373C,YBR274W,0,-2.4788857,0.12221678346395493,0.9950199127197266,0.7177870869636536
YPL070W,YNR028W,0,-2.479321,0.1222018375992775,0.9950199127197266,0.7178871631622314
YBL015W,YGR171C,0,-2.4796531,0.12218689173460007,0.9950199127197266,0.7179871797561646
YBL076C,YDR065W,0,-2.4803545,0.12217194586992264,0.9950199127197266,0.7180872559547424
YLR384C,YOL159C,0,-2.4804795,0.1221570074558258,0.9950199127197266,0.7181872725486755
YPR029C,YGR150C,0,-2.4808066,0.12214206904172897,0.9950199127197266,0.7182872891426086
YLR174W,YGR034W,0,-2.4808128,0.12212713807821274,0.9950199127197266,0.7183873653411865
YJL200C,YOL031C,0,-2.4811077,0.1221122145652771,0.9950199127197266,0.7184873819351196
YMR035W,YHR153C,0,-2.4812338,0.12209728360176086,0.9950199127197266,0.7185874581336975
YGL104C,YLR035C,0,-2.481437,0.12208236753940582,0.9950199127197266,0.7186874747276306
YNL128W,YIL023C,0,-2.481756,0.12206745147705078,0.9950199127197266,0.7187874913215637
YML094W,YCL057C-A,0,-2.4820907,0.12205253541469574,0.9950199127197266,0.7188875675201416
YIL073C,YGL166W,0,-2.4821808,0.1220376268029213,0.9950199127197266,0.7189875841140747
YPR112C,YGL002W,0,-2.482415,0.12202271819114685,0.9950199127197266,0.7190876603126526
YLR037C,YMR012W,0,-2.4824846,0.122007817029953,0.9950199127197266,0.7191876769065857
YJL137C,YDR170C,0,-2.4826567,0.12199291586875916,0.9950199127197266,0.7192876935005188
YPL087W,YOR126C,0,-2.4829729,0.1219780221581459,0.9950199127197266,0.7193877696990967
YBR057C,YDL241W,0,-2.4830167,0.12196312844753265,0.9950199127197266,0.7194877862930298
YBR162W-A,YCL057C-A,0,-2.4834616,0.1219482421875,0.9950199127197266,0.7195878624916077
YNL139C,YIL162W,0,-2.4834797,0.12193335592746735,0.9950199127197266,0.7196878790855408
YPL106C,YHL008C,0,-2.4836998,0.12191847711801529,0.9950199127197266,0.7197878956794739
YDR205W,YBR101C,0,-2.4837108,0.12190359830856323,0.9950199127197266,0.7198879718780518
YCL034W,YGR054W,0,-2.4838066,0.12188872694969177,0.9950199127197266,0.7199879884719849
YCR040W,YBR145W,0,-2.4839265,0.12187385559082031,0.9950199127197266,0.7200880646705627
YER091C,YDR065W,0,-2.4843698,0.12185899168252945,0.9950199127197266,0.7201880812644958
YJL146W,YIR015W,0,-2.4847524,0.12184412777423859,0.9950199127197266,0.720288097858429
YGL167C,YGR043C,0,-2.4847572,0.12182927131652832,0.9950199127197266,0.7203881740570068
YML062C,YCR029C-A,0,-2.4857914,0.12181441485881805,0.9950199127197266,0.7204881906509399
YPR017C,YJL113W,0,-2.4857922,0.12179955840110779,0.9950199127197266,0.720588207244873
YCR097WB,YKL055C,0,-2.4865048,0.12178470939397812,0.9950199127197266,0.7206882834434509
YPL254W,YFR021W,0,-2.487074,0.12176986783742905,0.9950199127197266,0.720788300037384
YNL247W,YMR273C,0,-2.48759,0.12175502628087997,0.9950199127197266,0.7208883762359619
YBL017C,YJL105W,0,-2.487746,0.1217401921749115,0.9950199127197266,0.720988392829895
YDR351W,YDR443C,0,-2.4885871,0.12172535806894302,0.9950199127197266,0.7210884094238281
YPL259C,YIL023C,0,-2.4889774,0.12171052396297455,0.9950199127197266,0.721188485622406
YBR158W,YFL048C,0,-2.489057,0.12169569730758667,0.9950199127197266,0.7212885022163391
YBR274W,YDR375C,0,-2.4890873,0.12168087810277939,0.9950199127197266,0.721388578414917
YJL029C,YIR037W,0,-2.4891353,0.1216660588979721,0.9950199127197266,0.7214885950088501
YJR094C,YKL093W,0,-2.4892664,0.12165123969316483,0.9950199127197266,0.7215886116027832
YPR015C,YGR127W,0,-2.4893906,0.12163642793893814,0.9950199127197266,0.7216886878013611
YNL333W,YML030W,0,-2.4898224,0.12162162363529205,0.9950199127197266,0.7217887043952942
YGL112C,YMR089C,0,-2.490014,0.12160681933164597,0.9950199127197266,0.7218887805938721
YKL021C,YDR338C,0,-2.4905815,0.12159201502799988,0.9950199127197266,0.7219887971878052
YML002W,YGR121C,0,-2.490638,0.12157721817493439,0.9950199127197266,0.7220888137817383
YDR319C,YJR094C,0,-2.4909475,0.1215624213218689,0.9950199127197266,0.7221888899803162
YLR026C,YLR218C,0,-2.4910266,0.121547631919384,0.9950199127197266,0.7222889065742493
YGR024C,YLR194C,0,-2.4911861,0.1215328499674797,0.9950199127197266,0.7223889827728271
YBL041W,YGR131W,0,-2.49122,0.12151806056499481,0.9950199127197266,0.7224889993667603
YDL149W,YAL040C,0,-2.4915245,0.12150328606367111,0.9950199127197266,0.7225890159606934
YNR001C,YBR088C,0,-2.4916158,0.12148851156234741,0.9950199127197266,0.7226890921592712
YIR005W,YDR541C,0,-2.4916244,0.12147373706102371,0.9950199127197266,0.7227891087532043
YJL171C,YPL259C,0,-2.491677,0.12145897001028061,0.9950199127197266,0.7228891849517822
YKL004W,YAL068C,0,-2.4919462,0.1214442029595375,0.9950199127197266,0.7229892015457153
YHL044W,YGR155W,0,-2.492319,0.121429443359375,0.9950199127197266,0.7230892181396484
YIL160C,YBR245C,0,-2.492408,0.1214146837592125,0.9950199127197266,0.7231892943382263
YLR246W,YER160C,0,-2.4925885,0.12139992415904999,0.9950199127197266,0.7232893109321594
YPR179C,YDR268W,0,-2.4926503,0.12138517946004868,0.9950199127197266,0.7233893275260925
YER141W,YOL016C,0,-2.4927282,0.12137042731046677,0.9950199127197266,0.7234894037246704
YGL227W,YKL191W,0,-2.4928875,0.12135568261146545,0.9950199127197266,0.7235894203186035
YIL165C,YFL055W,0,-2.4930713,0.12134094536304474,0.9950199127197266,0.7236894965171814
YBL059W,YJR010C-A,0,-2.4933906,0.12132620811462402,0.9950199127197266,0.7237895131111145
YNL333W,YNL152W,0,-2.4934752,0.1213114783167839,0.9950199127197266,0.7238895297050476
YMR087W,YOL045W,0,-2.4937139,0.12129674851894379,0.9950199127197266,0.7239896059036255
YCR071C,YGR131W,0,-2.4941182,0.12128201872110367,0.9950199127197266,0.7240896224975586
YGL010W,YER095W,0,-2.4942873,0.12126729637384415,0.9950199127197266,0.7241896986961365
YML027W,YKR050W,0,-2.494609,0.12125258147716522,0.9950199127197266,0.7242897152900696
YMR302C,YMR269W,0,-2.4946744,0.1212378665804863,0.9950199127197266,0.7243897318840027
YMR067C,YFR007W,0,-2.4948366,0.12122315168380737,0.9950199127197266,0.7244898080825806
YDL241W,YGL222C,0,-2.4949653,0.12120844423770905,0.9950199127197266,0.7245898246765137
YOR002W,YNL022C,0,-2.4950852,0.12119373679161072,0.9950199127197266,0.7246899008750916
YLR307W,YGL119W,0,-2.4952443,0.12117903679609299,0.9950199127197266,0.7247899174690247
YGL110C,YOR338W,0,-2.4956214,0.12116434425115585,0.9950199127197266,0.7248899340629578
YMR303C,YOL145C,0,-2.4956586,0.12114965170621872,0.9950199127197266,0.7249900102615356
YER149C,YPL092W,0,-2.4960258,0.12113495916128159,0.9950199127197266,0.7250900268554688
YGL002W,YHL034C,0,-2.4960976,0.12112027406692505,0.9950199127197266,0.7251901030540466
YLR102C,YDR097C,0,-2.496269,0.12110558897256851,0.9950199127197266,0.7252901196479797
YOR198C,YNR043W,0,-2.496362,0.12109091132879257,0.9950199127197266,0.7253901362419128
YMR099C,YPL070W,0,-2.4965181,0.12107623368501663,0.9950199127197266,0.7254902124404907
YER162C,YML063W,0,-2.4970467,0.12106156349182129,0.9950199127197266,0.7255902290344238
YKL026C,YFL049W,0,-2.4970777,0.12104689329862595,0.9950199127197266,0.7256903052330017
YBL025W,YPL147W,0,-2.4976904,0.1210322231054306,0.9950199127197266,0.7257903218269348
YKL034W,YHL048W,0,-2.49778,0.12101756781339645,0.9950199127197266,0.7258903384208679
YLR037C,YDL060W,0,-2.4981153,0.12100290507078171,0.9950199127197266,0.7259904146194458
YJL196C,YDR295C,0,-2.4983766,0.12098824977874756,0.9950199127197266,0.7260904312133789
YBR057C,YDR003W,0,-2.4988415,0.120973601937294,0.9950199127197266,0.726190447807312
YOR317W,YGR171C,0,-2.498946,0.12095895409584045,0.9950199127197266,0.7262905240058899
YGR292W,YOL016C,0,-2.4994678,0.1209443062543869,0.9950199127197266,0.726390540599823
YFL049W,YBR145W,0,-2.4994988,0.12092966586351395,0.9950199127197266,0.7264906167984009
YPL216W,YBR242W,0,-2.4997532,0.12091503292322159,0.9950199127197266,0.726590633392334
YDR517W,YPL266W,0,-2.5002105,0.12090039998292923,0.9950199127197266,0.7266906499862671
YPR109W,YDR407C,0,-2.5008667,0.12088576704263687,0.9950199127197266,0.726790726184845
YLR079W,YKR037C,0,-2.5010674,0.12087114155292511,0.9950199127197266,0.7268907427787781
YNL146W,YLR362W,0,-2.5016775,0.12085652351379395,0.9950199127197266,0.726990818977356
YMR231W,YJL099W,0,-2.5017524,0.12084189802408218,0.9950199127197266,0.7270908355712891
YMR231W,YKL055C,0,-2.5017598,0.12082728743553162,0.9950199127197266,0.7271908521652222
YGL228W,YEL043W,0,-2.5018551,0.12081267684698105,0.9950199127197266,0.7272909283638
YMR323W,YER160C,0,-2.502025,0.12079806625843048,0.9950199127197266,0.7273909449577332
YFR048W,YOR321W,0,-2.502819,0.12078346312046051,0.9950199127197266,0.727491021156311
YLR448W,YPL224C,0,-2.503121,0.12076885998249054,0.9950199127197266,0.7275910377502441
YOR281C,YPR157W,0,-2.5031617,0.12075426429510117,0.9950199127197266,0.7276910543441772
YBR125C,YMR114C,0,-2.5034335,0.12073966860771179,0.9950199127197266,0.7277911305427551
YLR332W,YKR028W,0,-2.503897,0.12072507292032242,0.9950199127197266,0.7278911471366882
YDR308C,YML052W,0,-2.5039456,0.12071048468351364,0.9950199127197266,0.7279912233352661
YGR054W,YJL052W,0,-2.504094,0.12069590389728546,0.9950199127197266,0.7280912399291992
YLL040C,YJR001W,0,-2.5048406,0.12068132311105728,0.9950199127197266,0.7281912565231323
YMR302C,YDR069C,0,-2.5050776,0.1206667497754097,0.9950199127197266,0.7282913327217102
YMR273C,YGL035C,0,-2.5058153,0.12065217643976212,0.9950199127197266,0.7283913493156433
YJR125C,YOL020W,0,-2.5058823,0.12063760310411453,0.9950199127197266,0.7284914255142212
YJL146W,YKL084W,0,-2.505885,0.12062303721904755,0.9950199127197266,0.7285914421081543
YIL165C,YDL081C,0,-2.5060256,0.12060847878456116,0.9950199127197266,0.7286914587020874
YDL127W,YDR171W,0,-2.5065587,0.12059391289949417,0.9950199127197266,0.7287915349006653
YLR449W,YGR292W,0,-2.5067751,0.12057936191558838,0.9950199127197266,0.7288915514945984
YMR102C,YML056C,0,-2.5072587,0.12056481093168259,0.9950199127197266,0.7289915680885315
YMR202W,YNL037C,0,-2.5073798,0.1205502599477768,0.9950199127197266,0.7290916442871094
YNL152W,YDL197C,0,-2.5075252,0.1205357164144516,0.9950199127197266,0.7291916608810425
YNL137C,YDL241W,0,-2.5075643,0.1205211728811264,0.9950199127197266,0.7292917370796204
YGR142W,YLR310C,0,-2.5079272,0.1205066367983818,0.9950199127197266,0.7293917536735535
YBL033C,YJL081C,0,-2.5080485,0.12049210071563721,0.9950199127197266,0.7294917702674866
YJL137C,YHL025W,0,-2.508321,0.1204775720834732,0.9950199127197266,0.7295918464660645
YFL056C,YNL070W,0,-2.5085027,0.1204630434513092,0.9950199127197266,0.7296918630599976
YIL066C,YGR155W,0,-2.5091612,0.1204485148191452,0.9950199127197266,0.7297919392585754
YLL066C,YPR102C,0,-2.5091853,0.1204339936375618,0.9950199127197266,0.7298919558525085
YNL225C,YDR256C,0,-2.5096338,0.12041947990655899,0.9950199127197266,0.7299919724464417
YJR066W,YLR218C,0,-2.5096414,0.12040496617555618,0.9950199127197266,0.7300920486450195
YNL210W,YJL112W,0,-2.5099838,0.12039045244455338,0.9950199127197266,0.7301920652389526
YGL053W,YOR131C,0,-2.5102968,0.12037594616413116,0.9950199127197266,0.7302921414375305
YIL042C,YGR234W,0,-2.510381,0.12036144733428955,0.9950199127197266,0.7303921580314636
YKL150W,YDR106W,0,-2.5106695,0.12034694850444794,0.9950199127197266,0.7304921746253967
YOR301W,YGL070C,0,-2.5107229,0.12033244967460632,0.9950199127197266,0.7305922508239746
YKR014C,YJR098C,0,-2.5115428,0.1203179582953453,0.9950199127197266,0.7306922674179077
YBR301W,YIL113W,0,-2.5123312,0.12030346691608429,0.9950199127197266,0.7307923436164856
YGR131W,YBR245C,0,-2.5124,0.12028898298740387,0.9950199127197266,0.7308923602104187
YOR356W,YGR076C,0,-2.5127397,0.12027449905872345,0.9950199127197266,0.7309923768043518
YGL253W,YDR307W,0,-2.5130985,0.12026002258062363,0.9950199127197266,0.7310924530029297
YOL039W,YOR329C,0,-2.5136836,0.1202455461025238,0.9950199127197266,0.7311924695968628
YNL247W,YHR011W,0,-2.5140214,0.12023107707500458,0.9950199127197266,0.7312925457954407
YIL039W,YDR369C,0,-2.5142322,0.12021660804748535,0.9950199127197266,0.7313925623893738
YNL250W,YER064C,0,-2.514322,0.12020213901996613,0.9950199127197266,0.7314925789833069
YJR022W,YDL177C,0,-2.5143573,0.1201876774430275,0.9950199127197266,0.7315926551818848
YDR349C,YAL009W,0,-2.5143597,0.12017322331666946,0.9950199127197266,0.7316926717758179
YDR473C,YDL093W,0,-2.5147822,0.12015876919031143,0.9950199127197266,0.731792688369751
YDR348C,YGL053W,0,-2.5148473,0.1201443150639534,0.9950199127197266,0.7318927645683289
YIL048W,YKL024C,0,-2.5150754,0.12012986838817596,0.9950199127197266,0.731992781162262
YFR014C,YOL135C,0,-2.5157878,0.12011542916297913,0.9950199127197266,0.7320928573608398
YCL044C,YMR099C,0,-2.5158048,0.12010098248720169,0.9950199127197266,0.732192873954773
YMR097C,YGL124C,0,-2.516063,0.12008655071258545,0.9950199127197266,0.732292890548706
YJL063C,YOR384W,0,-2.5161917,0.12007211893796921,0.9950199127197266,0.7323929667472839
YKL163W,YGL195W,0,-2.5162075,0.12005768716335297,0.9950199127197266,0.732492983341217
YGR002C,YGL104C,0,-2.516341,0.12004325538873672,0.9950199127197266,0.7325930595397949
YAL033W,YIL066C,0,-2.5164835,0.12002883851528168,0.9950199127197266,0.732693076133728
YEL016C,YCL019W,0,-2.516537,0.12001441419124603,0.9950199127197266,0.7327930927276611
YDR182W,YHR083W,0,-2.517059,0.11999999731779099,0.9950199127197266,0.732893168926239
YDL019C,YDR176W,0,-2.517106,0.11998558789491653,0.9950199127197266,0.7329931855201721
YPR029C,YDR349C,0,-2.5171735,0.11997117847204208,0.9950199127197266,0.73309326171875
YBR126W-A,YHR012W,0,-2.517403,0.11995676904916763,0.9950199127197266,0.7331932783126831
YLR393W,YAL014C,0,-2.5175462,0.11994236707687378,0.9950199127197266,0.7332932949066162
YDR451C,YKR014C,0,-2.517613,0.11992797255516052,0.9950199127197266,0.7333933711051941
YJL114W,YNL223W,0,-2.5180798,0.11991357803344727,0.9950199127197266,0.7334933876991272
YPL106C,YGL075C,0,-2.518092,0.11989918351173401,0.9950199127197266,0.7335934638977051
YGR002C,YDR141C,0,-2.5181525,0.11988479644060135,0.9950199127197266,0.7336934804916382
YGL247W,YDR406W,0,-2.5182889,0.11987040936946869,0.9950199127197266,0.7337934970855713
YOL157C,YOR126C,0,-2.5182893,0.11985602974891663,0.9950199127197266,0.7338935732841492
YDR319C,YKL055C,0,-2.5185113,0.11984165012836456,0.9950199127197266,0.7339935898780823
YIL089W,YHL044W,0,-2.51883,0.1198272779583931,0.9950199127197266,0.7340936660766602
YBL030C,YIL042C,0,-2.5199687,0.11981290578842163,0.9950199127197266,0.7341936826705933
YAL039C,YLR194C,0,-2.5201423,0.11979853361845016,0.9950199127197266,0.7342936992645264
YGL028C,YNR028W,0,-2.5202596,0.11978417634963989,0.9950199127197266,0.7343937754631042
YJR045C,YLR063W,0,-2.5202835,0.11976981163024902,0.9950199127197266,0.7344937920570374
YIL083C,YGR053C,0,-2.5204837,0.11975545436143875,0.9950199127197266,0.7345938086509705
YFL060C,YJL052W,0,-2.5204916,0.11974109709262848,0.9950199127197266,0.7346938848495483
YJL035C,YPL121C,0,-2.5205717,0.1197267472743988,0.9950199127197266,0.7347939014434814
YCL025C,YHR184W,0,-2.5209148,0.11971240490674973,0.9950199127197266,0.7348939776420593
YMR035W,YPR016C,0,-2.5210278,0.11969806253910065,0.9950199127197266,0.7349939942359924
YCL060C,YFL056C,0,-2.5211074,0.11968372017145157,0.9950199127197266,0.7350940108299255
YGR257C,YOR219C,0,-2.5217826,0.11966938525438309,0.9950199127197266,0.7351940870285034
YMR176W,YGL057C,0,-2.5218236,0.1196550503373146,0.9950199127197266,0.7352941036224365
YJL137C,YER116C,0,-2.521907,0.11964071542024612,0.9950199127197266,0.7353941798210144
YML032C,YOR356W,0,-2.5222855,0.11962639540433884,0.9950199127197266,0.7354941964149475
YLR260W,YNL053W,0,-2.5225132,0.11961206793785095,0.9950199127197266,0.7355942130088806
YCR088W,YNL108C,0,-2.5231934,0.11959774792194366,0.9950199127197266,0.7356942892074585
YBR105C,YBR114W,0,-2.5233033,0.11958343535661697,0.9950199127197266,0.7357943058013916
YDR130C,YJL142C,0,-2.5234807,0.11956912279129028,0.9950199127197266,0.7358943819999695
YLR006C,YDL211C,0,-2.5235367,0.11955481022596359,0.9950199127197266,0.7359943985939026
YFR031C-A,YHR053C,0,-2.5237398,0.1195405051112175,0.9950199127197266,0.7360944151878357
YGL161C,YHR185C,0,-2.5241888,0.1195261999964714,0.9950199127197266,0.7361944913864136
YOR393W,YGR121C,0,-2.5242069,0.11951190233230591,0.9950199127197266,0.7362945079803467
YNL182C,YIL121W,0,-2.5242312,0.11949760466814041,0.9950199127197266,0.7363945841789246
YML070W,YPR102C,0,-2.524463,0.11948331445455551,0.9950199127197266,0.7364946007728577
YJR101W,YDR179W-A,0,-2.5251744,0.11946902424097061,0.9950199127197266,0.7365946173667908
YPR054W,YCR093W,0,-2.5258262,0.11945474147796631,0.9950199127197266,0.7366946935653687
YKL213C,YJL121C,0,-2.5261636,0.119440458714962,0.9950199127197266,0.7367947101593018
YIL039W,YKL198C,0,-2.5262918,0.1194261834025383,0.9950199127197266,0.7368947863578796
YGR053C,YGR152C,0,-2.5268734,0.1194119080901146,0.9950199127197266,0.7369948029518127
YBR253W,YIR030C,0,-2.5271006,0.11939763277769089,0.9950199127197266,0.7370948195457458
YKR021W,YHL025W,0,-2.527168,0.11938336491584778,0.9950199127197266,0.7371948957443237
YML126C,YNL127W,0,-2.5277846,0.11936909705400467,0.9950199127197266,0.7372949123382568
YHL003C,YNR047W,0,-2.5277884,0.11935483664274216,0.9950199127197266,0.7373949289321899
YHR132C,YGL205W,0,-2.52793,0.11934058368206024,0.9950199127197266,0.7374950051307678
YIL165C,YNR001C,0,-2.5281672,0.11932632327079773,0.9950199127197266,0.7375950217247009
YBL041W,YBR250W,0,-2.5287642,0.11931207776069641,0.9950199127197266,0.7376950979232788
YJR152W,YPL259C,0,-2.5289934,0.1192978248000145,0.9950199127197266,0.7377951145172119
YDR137W,YGR006W,0,-2.529238,0.11928357928991318,0.9950199127197266,0.737895131111145
YMR180C,YHL004W,0,-2.5293076,0.11926934123039246,0.9950199127197266,0.7379952073097229
YJL041W,YBR105C,0,-2.5293763,0.11925510317087173,0.9950199127197266,0.738095223903656
YBL041W,YLR148W,0,-2.5295553,0.11924087256193161,0.9950199127197266,0.7381953001022339
YNL127W,YLR194C,0,-2.5300133,0.11922663450241089,0.9950199127197266,0.738295316696167
YHR126C,YML100W,0,-2.5300863,0.11921241134405136,0.9950199127197266,0.7383953332901001
YGL153W,YGL223C,0,-2.5306904,0.11919818818569183,0.9950199127197266,0.738495409488678
YJL021C,YDL214C,0,-2.5307953,0.1191839650273323,0.9950199127197266,0.7385954260826111
YPR024W,YJL113W,0,-2.530802,0.11916974931955338,0.9950199127197266,0.738695502281189
YGR131W,YDR176W,0,-2.5308616,0.11915553361177444,0.9950199127197266,0.7387955188751221
YOL141W,YHR153C,0,-2.53089,0.11914132535457611,0.9950199127197266,0.7388955354690552
YDL179W,YHL037C,0,-2.5316093,0.11912711709737778,0.9950199127197266,0.7389956116676331
YLR055C,YJR001W,0,-2.5318458,0.11911291629076004,0.9950199127197266,0.7390956282615662
YNL128W,YBL005W,0,-2.5319226,0.1190987154841423,0.9950199127197266,0.739195704460144
YDR087C,YFR014C,0,-2.5321167,0.11908451467752457,0.9950199127197266,0.7392957210540771
YIR036C,YKR060W,0,-2.5321357,0.11907032132148743,0.9950199127197266,0.7393957376480103
YGL005C,YDL211C,0,-2.5322106,0.11905612796545029,0.9950199127197266,0.7394958138465881
YPL111W,YBL052C,0,-2.5325997,0.11904194205999374,0.9950199127197266,0.7395958304405212
YML002W,YJL096W,0,-2.532688,0.1190277636051178,0.9950199127197266,0.7396959066390991
YER091C,YNL132W,0,-2.5327554,0.11901357769966125,0.9950199127197266,0.7397959232330322
YEL012W,YLR395C,0,-2.5328856,0.1189994066953659,0.9950199127197266,0.7398959398269653
YLL066C,YDL214C,0,-2.533176,0.11898522824048996,0.9950199127197266,0.7399960160255432
YBL039W-B,YGR049W,0,-2.5335171,0.11897106468677521,0.9950199127197266,0.7400960326194763
YGL028C,YFL050C,0,-2.5337055,0.11895689368247986,0.9950199127197266,0.7401960492134094
YJR066W,YNL210W,0,-2.533868,0.1189427301287651,0.9950199127197266,0.7402961254119873
YBR046C,YPL147W,0,-2.5340955,0.11892857402563095,0.9950199127197266,0.7403961420059204
YOR297C,YPL147W,0,-2.5341575,0.1189144179224968,0.9950199127197266,0.7404962182044983
YIR036C,YJR043C,0,-2.534333,0.11890026181936264,0.9950199127197266,0.7405962347984314
YLR242C,YNL127W,0,-2.5345674,0.11888611316680908,0.9950199127197266,0.7406962513923645
YER063W,YOL049W,0,-2.534878,0.11887196451425552,0.9950199127197266,0.7407963275909424
YPL128C,YDR315C,0,-2.5350077,0.11885782331228256,0.9950199127197266,0.7408963441848755
YHL034C,YGR263C,0,-2.5352483,0.1188436821103096,0.9950199127197266,0.7409964203834534
YDR400W,YOL071W,0,-2.535846,0.11882954835891724,0.9950199127197266,0.7410964369773865
YLR439W,YNL128W,0,-2.5361032,0.11881541460752487,0.9950199127197266,0.7411964535713196
YBL054W,YOR317W,0,-2.536202,0.11880128085613251,0.9950199127197266,0.7412965297698975
YCL032W,YPR089W,0,-2.5362785,0.11878715455532074,0.9950199127197266,0.7413965463638306
YOL141W,YML027W,0,-2.5368037,0.11877303570508957,0.9950199127197266,0.7414966225624084
YBR132C,YLR079W,0,-2.5370018,0.1187589168548584,0.9950199127197266,0.7415966391563416
YLR021W,YKR034W,0,-2.5371149,0.11874479800462723,0.9950199127197266,0.7416966557502747
YGR247W,YDR338C,0,-2.5381644,0.11873068660497665,0.9950199127197266,0.7417967319488525
YBL015W,YJL035C,0,-2.5382187,0.11871657520532608,0.9950199127197266,0.7418967485427856
YDR285W,YKL055C,0,-2.5383372,0.1187024712562561,0.9950199127197266,0.7419968247413635
YCR088W,YIR005W,0,-2.5385282,0.11868836730718613,0.9950199127197266,0.7420968413352966
YDR222W,YGR263C,0,-2.5387526,0.11867427080869675,0.9950199127197266,0.7421968579292297
YOR378W,YHR030C,0,-2.5388732,0.11866017431020737,0.9950199127197266,0.7422969341278076
YDR295C,YDR285W,0,-2.539529,0.11864607781171799,0.9950199127197266,0.7423969507217407
YBL041W,YGL163C,0,-2.5396345,0.1186319887638092,0.9950199127197266,0.7424970269203186
YKL167C,YLR205C,0,-2.5397208,0.11861790716648102,0.9950199127197266,0.7425970435142517
YOL031C,YIL023C,0,-2.539809,0.11860382556915283,0.9950199127197266,0.7426970601081848
YNL077W,YLR299W,0,-2.5398872,0.11858974397182465,0.9950199127197266,0.7427971363067627
YOR179C,YDR003W,0,-2.540006,0.11857566982507706,0.9950199127197266,0.7428971529006958
YIL167W,YOR298C-A,0,-2.5405796,0.11856159567832947,0.9950199127197266,0.7429971694946289
YLR393W,YNR021W,0,-2.5411704,0.11854752898216248,0.9950199127197266,0.7430972456932068
YDR307W,YMR291W,0,-2.541299,0.11853346228599548,0.9950199127197266,0.7431972622871399
YJL021C,YNL210W,0,-2.5416956,0.11851939558982849,0.9950199127197266,0.7432973384857178
YIL072W,YPR133W-A,0,-2.5420249,0.1185053363442421,0.9950199127197266,0.7433973550796509
YNR045W,YHR079C,0,-2.542088,0.1184912845492363,0.9950199127197266,0.743497371673584
YIL017C,YPL224C,0,-2.5420969,0.1184772327542305,0.9950199127197266,0.7435974478721619
YDR351W,YHL037C,0,-2.5421069,0.1184631809592247,0.9950199127197266,0.743697464466095
YKL091C,YHR098C,0,-2.5421724,0.1184491366147995,0.9950199127197266,0.7437975406646729
YKR053C,YLR439W,0,-2.5425336,0.1184350922703743,0.9950199127197266,0.743897557258606
YNL225C,YGL032C,0,-2.5426557,0.1184210553765297,0.9950199127197266,0.7439975738525391
YHR098C,YDR145W,0,-2.5426595,0.11840701848268509,0.9950199127197266,0.7440976500511169
YOR128C,YOR209C,0,-2.5426953,0.11839298158884048,0.9950199127197266,0.74419766664505
YOR016C,YMR291W,0,-2.542854,0.11837895214557648,0.9950199127197266,0.7442977428436279
YPL226W,YMR106C,0,-2.5430167,0.11836493015289307,0.9950199127197266,0.744397759437561
YGL160W,YMR247C,0,-2.5439525,0.11835090816020966,0.9950199127197266,0.7444977760314941
YCL064C,YDL144C,0,-2.5439556,0.11833688616752625,0.9950199127197266,0.744597852230072
YNL037C,YOL141W,0,-2.5441842,0.11832287162542343,0.9950199127197266,0.7446978688240051
YJL041W,YIL157C,0,-2.5442035,0.11830885708332062,0.9950199127197266,0.744797945022583
YJL100W,YDR341C,0,-2.544347,0.1182948499917984,0.9950199127197266,0.7448979616165161
YKL084W,YKR016W,0,-2.544471,0.11828084290027618,0.9950199127197266,0.7449979782104492
YCL044C,YOR126C,0,-2.5445738,0.11826684325933456,0.9950199127197266,0.7450980544090271
YDR499W,YDR313C,0,-2.544584,0.11825284361839294,0.9950199127197266,0.7451980710029602
YFR048W,YMR099C,0,-2.5449357,0.11823884397745132,0.9950199127197266,0.7452981472015381
YDL067C,YDR541C,0,-2.545254,0.1182248517870903,0.9950199127197266,0.7453981637954712
YLR104W,YPL007C,0,-2.545316,0.11821085959672928,0.9950199127197266,0.7454981803894043
YJL121C,YBR066C,0,-2.5454524,0.11819687485694885,0.9950199127197266,0.7455982565879822
YBR135W,YOL122C,0,-2.5454695,0.11818289011716843,0.9950199127197266,0.7456982731819153
YHR185C,YPL147W,0,-2.5460498,0.1181689128279686,0.9950199127197266,0.7457982897758484
YDR439W,YDR423C,0,-2.5461433,0.11815493553876877,0.9950199127197266,0.7458983659744263
YOR193W,YOR350C,0,-2.5461926,0.11814096570014954,0.9950199127197266,0.7459983825683594
YLR284C,YDR407C,0,-2.546313,0.1181269958615303,0.9950199127197266,0.7460984587669373
YDR217C,YNR047W,0,-2.5464487,0.11811302602291107,0.9950199127197266,0.7461984753608704
YGL010W,YBL002W,0,-2.5466835,0.11809906363487244,0.9950199127197266,0.7462984919548035
YCL032W,YAL009W,0,-2.5469031,0.1180851086974144,0.9950199127197266,0.7463985681533813
YCR097WB,YBR245C,0,-2.5469506,0.11807114630937576,0.9950199127197266,0.7464985847473145
YNL137C,YIL066C,0,-2.548549,0.11805719882249832,0.9950199127197266,0.7465986609458923
YGR141W,YCR008W,0,-2.5488136,0.11804324388504028,0.9950199127197266,0.7466986775398254
YLR233C,YGL256W,0,-2.549329,0.11802930384874344,0.9950199127197266,0.7467986941337585
YAL034C,YFR020W,0,-2.5496624,0.118015356361866,0.9950199127197266,0.7468987703323364
YNL127W,YPR018W,0,-2.5502203,0.11800141632556915,0.9950199127197266,0.7469987869262695
YER116C,YDL197C,0,-2.5502367,0.1179874837398529,0.9950199127197266,0.7470988631248474
YLR045C,YDR277C,0,-2.5508373,0.11797355115413666,0.9950199127197266,0.7471988797187805
YKR013W,YFL026W,0,-2.5510824,0.11795961856842041,0.9950199127197266,0.7472988963127136
YIL073C,YHR214C-B,0,-2.5522757,0.11794569343328476,0.9950199127197266,0.7473989725112915
YDR065W,YMR296C,0,-2.5523403,0.11793176829814911,0.9950199127197266,0.7474989891052246
YMR322C,YBR168W,0,-2.5526717,0.11791785061359406,0.9950199127197266,0.7475990653038025
YOR204W,YBR145W,0,-2.5528812,0.117903932929039,0.9950199127197266,0.7476990818977356
YPL215W,YDL093W,0,-2.553016,0.11789001524448395,0.9950199127197266,0.7477990984916687
YNL155W,YEL032W,0,-2.5534527,0.11787610501050949,0.9950199127197266,0.7478991746902466
YJL134W,YGR262C,0,-2.5535383,0.11786220222711563,0.9950199127197266,0.7479991912841797
YGR006W,YGL227W,0,-2.5537782,0.11784829199314117,0.9950199127197266,0.7480992674827576
YMR231W,YMR114C,0,-2.5539548,0.11783439666032791,0.9950199127197266,0.7481992840766907
YER149C,YOR339C,0,-2.554142,0.11782050132751465,0.9950199127197266,0.7482993006706238
YHR138C,YOL065C,0,-2.5545871,0.11780660599470139,0.9950199127197266,0.7483993768692017
YPL174C,YFR012W,0,-2.5547574,0.11779271066188812,0.9950199127197266,0.7484993934631348
YPL162C,YIL162W,0,-2.5550873,0.11777882277965546,0.9950199127197266,0.7485994100570679
YOL122C,YIL018W,0,-2.5552194,0.11776494234800339,0.9950199127197266,0.7486994862556458
YJR143C,YER091C,0,-2.5553386,0.11775106191635132,0.9950199127197266,0.7487995028495789
YBL017C,YPL224C,0,-2.555909,0.11773718148469925,0.9950199127197266,0.7488995790481567
YAR033W,YOL119C,0,-2.5559537,0.11772330850362778,0.9950199127197266,0.7489995956420898
YDR214W,YIL085C,0,-2.5559907,0.1177094355225563,0.9950199127197266,0.749099612236023
YPL063W,YPL104W,0,-2.5567048,0.11769556999206543,0.9950199127197266,0.7491996884346008
YPR106W,YCR093W,0,-2.5576634,0.11768170446157455,0.9950199127197266,0.7492997050285339
YLR460C,YMR216C,0,-2.5576835,0.11766784638166428,0.9950199127197266,0.7493997812271118
YCR088W,YOR026W,0,-2.5577037,0.117653988301754,0.9950199127197266,0.7494997978210449
YDR210W,YAL033W,0,-2.557965,0.11764013022184372,0.9950199127197266,0.749599814414978
YOR026W,YDR179W-A,0,-2.5580618,0.11762627959251404,0.9950199127197266,0.7496998906135559
YNL094W,YHR083W,0,-2.5582087,0.11761242896318436,0.9950199127197266,0.749799907207489
YDR434W,YLR360W,0,-2.558243,0.11759858578443527,0.9950199127197266,0.7498999834060669
YML102W,YGL104C,0,-2.5585792,0.11758474260568619,0.9950199127197266,0.75
YGL137W,YDR387C,0,-2.5588202,0.1175709068775177,0.9950199127197266,0.7501000165939331
YLR037C,YDR166C,0,-2.5589345,0.11755707114934921,0.9950199127197266,0.750200092792511
YIL074C,YJL063C,0,-2.559149,0.11754324287176132,0.9950199127197266,0.7503001093864441
YLR056W,YDR405W,0,-2.5592716,0.11752941459417343,0.9950199127197266,0.750400185585022
YIL027C,YDR109C,0,-2.5595584,0.11751558631658554,0.9950199127197266,0.7505002021789551
YIL110W,YLR253W,0,-2.5613744,0.11750176548957825,0.9950199127197266,0.7506002187728882
YML062C,YGL096W,0,-2.5618584,0.11748794466257095,0.9950199127197266,0.7507002949714661
YGL005C,YLR253W,0,-2.5633657,0.11747413128614426,0.9950199127197266,0.7508003115653992
YER116C,YFL060C,0,-2.563486,0.11746031790971756,0.9950199127197266,0.750900387763977
YPL162C,YIL053W,0,-2.5636706,0.11744651198387146,0.9950199127197266,0.7510004043579102
YOR113W,YPL087W,0,-2.5636914,0.11743270605802536,0.9950199127197266,0.7511004209518433
YHL008C,YBR035C,0,-2.563887,0.11741890013217926,0.9950199127197266,0.7512004971504211
YPL147W,YHR128W,0,-2.5639694,0.11740510165691376,0.9950199127197266,0.7513005137443542
YPL162C,YGR257C,0,-2.5641391,0.11739130318164825,0.9950199127197266,0.7514005899429321
YDR268W,YEL013W,0,-2.565207,0.11737751215696335,0.9950199127197266,0.7515006065368652
YGR262C,YGR101W,0,-2.5652592,0.11736372113227844,0.9950199127197266,0.7516006231307983
YLR246W,YMR240C,0,-2.5653713,0.11734993755817413,0.9950199127197266,0.7517006993293762
YIL162W,YJL112W,0,-2.5655148,0.11733615398406982,0.9950199127197266,0.7518007159233093
YIR017C,YDR238C,0,-2.5655456,0.11732237040996552,0.9950199127197266,0.7519007325172424
YBR041W,YPL276W,0,-2.5657332,0.1173085942864418,0.9950199127197266,0.7520008087158203
YGL002W,YGR211W,0,-2.5657685,0.11729482561349869,0.9950199127197266,0.7521008253097534
YGL104C,YJL117W,0,-2.56583,0.11728104948997498,0.9950199127197266,0.7522009015083313
YHR012W,YDL107W,0,-2.5658567,0.11726728826761246,0.9950199127197266,0.7523009181022644
YPL148C,YFL034W,0,-2.5662315,0.11725351959466934,0.9950199127197266,0.7524009346961975
YCR088W,YOR133W,0,-2.5663307,0.11723975837230682,0.9950199127197266,0.7525010108947754
YPR121W,YDR023W,0,-2.5668433,0.1172260046005249,0.9950199127197266,0.7526010274887085
YMR075W,YKL055C,0,-2.5671031,0.11721225082874298,0.9950199127197266,0.7527011036872864
YNL079C,YJL164C,0,-2.5673072,0.11719849705696106,0.9950199127197266,0.7528011202812195
YDR182W,YDR423C,0,-2.5675046,0.11718475073575974,0.9950199127197266,0.7529011368751526
YLR449W,YMR102C,0,-2.5679605,0.11717100441455841,0.9950199127197266,0.7530012130737305
YFL034W,YPR013C,0,-2.568371,0.11715726554393768,0.9950199127197266,0.7531012296676636
YGR121C,YJR084W,0,-2.5689309,0.11714352667331696,0.9950199127197266,0.7532013058662415
YGR262C,YCL044C,0,-2.5693238,0.11712979525327682,0.9950199127197266,0.7533013224601746
YDR238C,YCL057C-A,0,-2.5697515,0.1171160638332367,0.9950199127197266,0.7534013390541077
YGL013C,YPR134W,0,-2.569762,0.11710233241319656,0.9950199127197266,0.7535014152526855
YKL162C,YDR166C,0,-2.5697625,0.11708860844373703,0.9950199127197266,0.7536014318466187
YHR020W,YCL057C-A,0,-2.5699406,0.1170748844742775,0.9950199127197266,0.7537015080451965
YNL173C,YIL101C,0,-2.569969,0.11706116795539856,0.9950199127197266,0.7538015246391296
YNL247W,YOR192C,0,-2.570011,0.11704745143651962,0.9950199127197266,0.7539015412330627
YEL042W,YNR065C,0,-2.570045,0.11703374236822128,0.9950199127197266,0.7540016174316406
YHR138C,YPR013C,0,-2.5701737,0.11702003329992294,0.9950199127197266,0.7541016340255737
YMR235C,YBR101C,0,-2.5702813,0.1170063242316246,0.9950199127197266,0.7542017102241516
YDR137W,YLR299W,0,-2.5703375,0.11699262261390686,0.9950199127197266,0.7543017268180847
YBR066C,YNR047W,0,-2.570359,0.11697892099618912,0.9950199127197266,0.7544017434120178
YLR188W,YKL189W,0,-2.5710227,0.11696522682905197,0.9950199127197266,0.7545018196105957
YIR002C,YKL061W,0,-2.5711515,0.11695153266191483,0.9950199127197266,0.7546018362045288
YBR132C,YMR011W,0,-2.5712125,0.11693784594535828,0.9950199127197266,0.7547018527984619
YBR035C,YGL256W,0,-2.5726645,0.11692415922880173,0.9950199127197266,0.7548019289970398
YGL022W,YNR047W,0,-2.5727856,0.11691047251224518,0.9950199127197266,0.7549019455909729
YDR179W-A,YHR096C,0,-2.5730884,0.11689679324626923,0.9950199127197266,0.7550020217895508
YJL061W,YMR323W,0,-2.5738316,0.11688311398029327,0.9950199127197266,0.7551020383834839
YIL091C,YJR001W,0,-2.5748518,0.11686944216489792,0.9950199127197266,0.755202054977417
YIL121W,YLR310C,0,-2.5752552,0.11685577034950256,0.9950199127197266,0.7553021311759949
YOR016C,YHL047C,0,-2.575528,0.1168421059846878,0.9950199127197266,0.755402147769928
YDR185C,YMR127C,0,-2.575694,0.11682844161987305,0.9950199127197266,0.7555022239685059
YLR260W,YLR233C,0,-2.5761049,0.11681477725505829,0.9950199127197266,0.755602240562439
YMR017W,YNL272C,0,-2.5765164,0.11680112034082413,0.9950199127197266,0.7557022571563721
YPL244C,YJL113W,0,-2.57665,0.11678747087717056,0.9950199127197266,0.75580233335495
YKL145W,YHL032C,0,-2.5766628,0.1167738139629364,0.9950199127197266,0.7559023499488831
YBL039W-B,YHR098C,0,-2.5768569,0.11676017194986343,0.9950199127197266,0.7560024261474609
YAR033W,YPR089W,0,-2.5775309,0.11674652248620987,0.9950199127197266,0.756102442741394
YGR136W,YOR075W,0,-2.5778544,0.1167328804731369,0.9950199127197266,0.7562024593353271
YLR393W,YPL046C,0,-2.5780032,0.11671924591064453,0.9950199127197266,0.756302535533905
YDR515W,YER091C,0,-2.578139,0.11670560389757156,0.9950199127197266,0.7564025521278381
YOL157C,YLR103C,0,-2.5787127,0.11669197678565979,0.9950199127197266,0.756502628326416
YPL259C,YFR012W,0,-2.5788805,0.11667834967374802,0.9950199127197266,0.7566026449203491
YBR046C,YLR115W,0,-2.5798807,0.11666472256183624,0.9950199127197266,0.7567026615142822
YOR016C,YEL043W,0,-2.5799708,0.11665109544992447,0.9950199127197266,0.7568027377128601
YBR126W-A,YPL052W,0,-2.580493,0.11663747578859329,0.9950199127197266,0.7569027543067932
YDR423C,YBL009W,0,-2.5805838,0.11662386357784271,0.9950199127197266,0.7570028305053711
YDR402C,YCL019W,0,-2.58086,0.11661025136709213,0.9950199127197266,0.7571028470993042
YFL030W,YKL163W,0,-2.5812705,0.11659663915634155,0.9950199127197266,0.7572028636932373
YHR001W-A,YHR027C,0,-2.5819557,0.11658303439617157,0.9950199127197266,0.7573029398918152
YGR277C,YPR121W,0,-2.5819728,0.11656942963600159,0.9950199127197266,0.7574029564857483
YEL043W,YDR405W,0,-2.582492,0.1165558248758316,0.9950199127197266,0.7575029730796814
YPR034W,YJR152W,0,-2.5827234,0.11654222756624222,0.9950199127197266,0.7576030492782593
YNR017W,YPL121C,0,-2.5839975,0.11652863770723343,0.9950199127197266,0.7577030658721924
YLR283W,YFL004W,0,-2.5840073,0.11651504784822464,0.9950199127197266,0.7578031420707703
YEL043W,YFL055W,0,-2.5845675,0.11650145798921585,0.9950199127197266,0.7579031586647034
YMR291W,YKL160W,0,-2.5845826,0.11648787558078766,0.9950199127197266,0.7580031752586365
YIL017C,YGR127W,0,-2.5849054,0.11647429317235947,0.9950199127197266,0.7581032514572144
YDR423C,YGL075C,0,-2.5852096,0.11646071076393127,0.9950199127197266,0.7582032680511475
YNL037C,YJR098C,0,-2.5852857,0.11644713580608368,0.9950199127197266,0.7583033442497253
YIL121W,YOR174W,0,-2.5855963,0.11643356829881668,0.9950199127197266,0.7584033608436584
YKL187C,YJR133W,0,-2.5856187,0.11642000079154968,0.9950199127197266,0.7585033774375916
YDL224C,YCR066W,0,-2.5857215,0.11640643328428268,0.9950199127197266,0.7586034536361694
YLR115W,YHR079C,0,-2.5858586,0.11639287322759628,0.9950199127197266,0.7587034702301025
YMR234W,YHL044W,0,-2.5859675,0.11637931317090988,0.9950199127197266,0.7588035464286804
YPL219W,YMR011W,0,-2.586326,0.11636575311422348,0.9950199127197266,0.7589035630226135
YGL167C,YPR139C,0,-2.5867088,0.11635220050811768,0.9950199127197266,0.7590035796165466
YBL084C,YBR126W-A,0,-2.5867887,0.11633864790201187,0.9950199127197266,0.7591036558151245
YKR077W,YDR166C,0,-2.5868313,0.11632510274648666,0.9950199127197266,0.7592036724090576
YOR298C-A,YPR114W,0,-2.5869963,0.11631155759096146,0.9950199127197266,0.7593037486076355
YKR077W,YOR079C,0,-2.587551,0.11629801988601685,0.9950199127197266,0.7594037652015686
YMR011W,YNL127W,0,-2.5875807,0.11628448218107224,0.9950199127197266,0.7595037817955017
YMR068W,YLR174W,0,-2.5877829,0.11627095192670822,0.9950199127197266,0.7596038579940796
YBL015W,YHR030C,0,-2.5880287,0.11625742167234421,0.9950199127197266,0.7597038745880127
YGL227W,YMR308C,0,-2.5880456,0.1162438914179802,0.9950199127197266,0.7598039507865906
YGL161C,YOR180C,0,-2.5887306,0.11623036861419678,0.9950199127197266,0.7599039673805237
YMR099C,YPR139C,0,-2.5887597,0.11621684581041336,0.9950199127197266,0.7600039839744568
YML070W,YPL273W,0,-2.5888464,0.11620333045721054,0.9950199127197266,0.7601040601730347
YOL119C,YDL239C,0,-2.5889516,0.11618981510400772,0.9950199127197266,0.7602040767669678
YHR136C,YDR141C,0,-2.588959,0.1161762997508049,0.9950199127197266,0.7603040933609009
YKL145W,YLR304C,0,-2.589002,0.11616279184818268,0.9950199127197266,0.7604041695594788
YMR173W,YMR092C,0,-2.5890763,0.11614928394556046,0.9950199127197266,0.7605041861534119
YIL148W,YBR128C,0,-2.589451,0.11613578349351883,0.9950199127197266,0.7606042623519897
YBR067C,YDR387C,0,-2.590752,0.1161222830414772,0.9950199127197266,0.7607042789459229
YDR499W,YJL114W,0,-2.5909836,0.11610879004001617,0.9950199127197266,0.760804295539856
YKL163W,YDR080W,0,-2.591095,0.11609529703855515,0.9950199127197266,0.7609043717384338
YNR028W,YNR070W,0,-2.5911672,0.11608180403709412,0.9950199127197266,0.7610043883323669
YJL087C,YLR035C,0,-2.591844,0.11606831848621368,0.9950199127197266,0.7611044645309448
YER004W,YNL297C,0,-2.5924723,0.11605483293533325,0.9950199127197266,0.7612044811248779
YNL172W,YMR162C,0,-2.593096,0.11604135483503342,0.9950199127197266,0.761304497718811
YDR307W,YGR200C,0,-2.593756,0.11602787673473358,0.9950199127197266,0.7614045739173889
YFL034W,YGR252W,0,-2.5938547,0.11601439863443375,0.9950199127197266,0.761504590511322
YOL086C,YHR190W,0,-2.5940683,0.11600092798471451,0.9950199127197266,0.7616046667098999
YER162C,YIR037W,0,-2.5945795,0.11598745733499527,0.9950199127197266,0.761704683303833
YHR132W-A,YMR269W,0,-2.5947177,0.11597399413585663,0.9950199127197266,0.7618046998977661
YGL256W,YHL048W,0,-2.5949311,0.11596053093671799,0.9950199127197266,0.761904776096344
YKL161C,YDR488C,0,-2.5951717,0.11594707518815994,0.9950199127197266,0.7620047926902771
YLR075W,YOL071W,0,-2.5952423,0.1159336194396019,0.9950199127197266,0.762104868888855
YPL200W,YGR149W,0,-2.5954816,0.11592016369104385,0.9950199127197266,0.7622048854827881
YLR065C,YGL158W,0,-2.5955236,0.1159067153930664,0.9950199127197266,0.7623049020767212
YIL074C,YIL104C,0,-2.5956752,0.11589327454566956,0.9950199127197266,0.7624049782752991
YER071C,YPR013C,0,-2.5958343,0.11587982624769211,0.9950199127197266,0.7625049948692322
YGR053C,YCR024C-A,0,-2.5960429,0.11586638540029526,0.9950199127197266,0.7626050710678101
YGL096W,YIR039C,0,-2.5961602,0.115852952003479,0.9950199127197266,0.7627050876617432
YKL105C,YGR227W,0,-2.5963347,0.11583951860666275,0.9950199127197266,0.7628051042556763
YER071C,YDR285W,0,-2.5967357,0.1158260852098465,0.9950199127197266,0.7629051804542542
YOR273C,YDR080W,0,-2.597153,0.11581265926361084,0.9950199127197266,0.7630051970481873
YER071C,YGR222W,0,-2.5972848,0.11579923331737518,0.9950199127197266,0.7631052136421204
YKL109W,YBR145W,0,-2.5973718,0.11578581482172012,0.9950199127197266,0.7632052898406982
YDL177C,YDL052C,0,-2.5975797,0.11577239632606506,0.9950199127197266,0.7633053064346313
YGL010W,YIL046W,0,-2.5978827,0.11575897783041,0.9950199127197266,0.7634053826332092
YOR049C,YGL019W,0,-2.5980859,0.11574556678533554,0.9950199127197266,0.7635053992271423
YKL175W,YDR475C,0,-2.5981686,0.11573215574026108,0.9950199127197266,0.7636054158210754
YLL066C,YFR050C,0,-2.5982423,0.11571875214576721,0.9950199127197266,0.7637054920196533
YMR180C,YBR242W,0,-2.5984638,0.11570534855127335,0.9950199127197266,0.7638055086135864
YGR167W,YDR311W,0,-2.5987732,0.11569195240736008,0.9950199127197266,0.7639055848121643
YNL272C,YDR256C,0,-2.6000428,0.11567855626344681,0.9950199127197266,0.7640056014060974
YHR098C,YFL004W,0,-2.600147,0.11566516011953354,0.9950199127197266,0.7641056180000305
YIR005W,YOR049C,0,-2.600312,0.11565177142620087,0.9950199127197266,0.7642056941986084
YMR087W,YMR216C,0,-2.6008475,0.1156383827328682,0.9950199127197266,0.7643057107925415
YJL134W,YLR427W,0,-2.6013138,0.11562500149011612,0.9950199127197266,0.7644057869911194
YOR104W,YDL144C,0,-2.6015306,0.11561162024736404,0.9950199127197266,0.7645058035850525
YLL010C,YGL057C,0,-2.601628,0.11559823900461197,0.9950199127197266,0.7646058201789856
YLR299W,YGR152C,0,-2.602444,0.11558486521244049,0.9950199127197266,0.7647058963775635
YPR100W,YMR302C,0,-2.6025221,0.11557149142026901,0.9950199127197266,0.7648059129714966
YNR043W,YOL159C,0,-2.6028779,0.11555812507867813,0.9950199127197266,0.7649059891700745
YML070W,YCR002C,0,-2.6035979,0.11554475873708725,0.9950199127197266,0.7650060057640076
YDR351W,YOR192C,0,-2.6038775,0.11553139984607697,0.9950199127197266,0.7651060223579407
YOR104W,YDR065W,0,-2.604422,0.11551804095506668,0.9950199127197266,0.7652060985565186
YDL127W,YLR360W,0,-2.6046267,0.1155046820640564,0.9950199127197266,0.7653061151504517
YGR277C,YEL012W,0,-2.6046655,0.11549133062362671,0.9950199127197266,0.7654061913490295
YGL008C,YCR002C,0,-2.604706,0.11547797918319702,0.9950199127197266,0.7655062079429626
YGR266W,YDL102W,0,-2.605171,0.11546463519334793,0.9950199127197266,0.7656062245368958
YCL034W,YAL002W,0,-2.6054552,0.11545129120349884,0.9950199127197266,0.7657063007354736
YGL215W,YIL084C,0,-2.6059377,0.11543794721364975,0.9950199127197266,0.7658063173294067
YML002W,YGL124C,0,-2.6064332,0.11542461067438126,0.9950199127197266,0.7659063339233398
YKL130C,YMR322C,0,-2.6065252,0.11541127413511276,0.9950199127197266,0.7660064101219177
YBR276C,YIL101C,0,-2.606597,0.11539794504642487,0.9950199127197266,0.7661064267158508
YDR317W,YDR204W,0,-2.6068609,0.11538461595773697,0.9950199127197266,0.7662065029144287
YNL194C,YJR086W,0,-2.6070218,0.11537128686904907,0.9950199127197266,0.7663065195083618
YJL082W,YJR098C,0,-2.6074035,0.11535796523094177,0.9950199127197266,0.7664065361022949
YJR094C,YFL026W,0,-2.608174,0.11534465104341507,0.9950199127197266,0.7665066123008728
YIL083C,YKL143W,0,-2.6087737,0.11533132940530777,0.9950199127197266,0.7666066288948059
YML070W,YER056C,0,-2.6088417,0.11531802266836166,0.9950199127197266,0.7667067050933838
YFL061W,YJL122W,0,-2.6091578,0.11530470848083496,0.9950199127197266,0.7668067216873169
YOR198C,YDR539W,0,-2.6093047,0.11529140174388885,0.9950199127197266,0.76690673828125
YGR087C,YPR070W,0,-2.6093724,0.11527809500694275,0.9950199127197266,0.7670068144798279
YGR087C,YOR188W,0,-2.6094801,0.11526479572057724,0.9950199127197266,0.767106831073761
YOL092W,YHL034C,0,-2.6095054,0.11525149643421173,0.9950199127197266,0.7672069072723389
YDR541C,YKL116C,0,-2.6095912,0.11523820459842682,0.9950199127197266,0.767306923866272
YOR317W,YDR313C,0,-2.6096175,0.1152249127626419,0.9950199127197266,0.7674069404602051
YLR246W,YOR113W,0,-2.6097739,0.11521162837743759,0.9950199127197266,0.767507016658783
YPL058C,YDR109C,0,-2.6098528,0.11519833654165268,0.9950199127197266,0.7676070332527161
YML127W,YGL002W,0,-2.6098874,0.11518505960702896,0.9950199127197266,0.767707109451294
YPR029C,YDR348C,0,-2.6099548,0.11517177522182465,0.9950199127197266,0.767807126045227
YPL200W,YJR044C,0,-2.6102226,0.11515849828720093,0.9950199127197266,0.7679071426391602
YGL057C,YFL055W,0,-2.6108396,0.1151452288031578,0.9950199127197266,0.768007218837738
YMR323W,YBR097W,0,-2.6109216,0.11513195931911469,0.9950199127197266,0.7681072354316711
YCL032W,YLR260W,0,-2.61115,0.11511868983507156,0.9950199127197266,0.768207311630249
YGR201C,YGR145W,0,-2.611448,0.11510542780160904,0.9950199127197266,0.7683073282241821
YER071C,YNL320W,0,-2.6114767,0.11509216576814651,0.9950199127197266,0.7684073448181152
YDR541C,YGL019W,0,-2.6120603,0.11507891118526459,0.9950199127197266,0.7685074210166931
YMR087W,YLL022C,0,-2.612102,0.11506565660238266,0.9950199127197266,0.7686074376106262
YPL148C,YIL093C,0,-2.61216,0.11505240201950073,0.9950199127197266,0.7687074542045593
YIL109C,YOL114C,0,-2.6123192,0.1150391548871994,0.9950199127197266,0.7688075304031372
YER095W,YGR066C,0,-2.612718,0.11502590775489807,0.9950199127197266,0.7689075469970703
YNR009W,YOR307C,0,-2.6127427,0.11501266062259674,0.9950199127197266,0.7690076231956482
YPL058C,YGR066C,0,-2.6128738,0.11499942094087601,0.9950199127197266,0.7691076397895813
YLR233C,YJL100W,0,-2.6130805,0.11498618870973587,0.9950199127197266,0.7692076563835144
YIL162W,YNL210W,0,-2.613153,0.11497295647859573,0.9950199127197266,0.7693077325820923
YBR012W-B,YPR102C,0,-2.6131983,0.1149597242474556,0.9950199127197266,0.7694077491760254
YDR185C,YIR041W,0,-2.6134946,0.11494649946689606,0.9950199127197266,0.7695078253746033
YOR374W,YFL005W,0,-2.6136043,0.11493327468633652,0.9950199127197266,0.7696078419685364
YDR097C,YPL246C,0,-2.6136425,0.11492004990577698,0.9950199127197266,0.7697078585624695
YCR043C,YGR222W,0,-2.613716,0.11490683257579803,0.9950199127197266,0.7698079347610474
YKL109W,YGR121C,0,-2.6138291,0.11489361524581909,0.9950199127197266,0.7699079513549805
YNL231C,YOL159C,0,-2.6139815,0.11488040536642075,0.9950199127197266,0.7700080275535583
YBR253W,YPR109W,0,-2.6144547,0.1148671954870224,0.9950199127197266,0.7701080441474915
YJL092W,YBR046C,0,-2.6145833,0.11485399305820465,0.9950199127197266,0.7702080607414246
YLR233C,YLR251W,0,-2.6149638,0.1148407831788063,0.9950199127197266,0.7703081369400024
YPR015C,YMR028W,0,-2.615023,0.11482758820056915,0.9950199127197266,0.7704081535339355
YDR222W,YER061C,0,-2.6150448,0.1148143857717514,0.9950199127197266,0.7705082297325134
YDL015C,YOR002W,0,-2.615087,0.11480119824409485,0.9950199127197266,0.7706082463264465
YGR136W,YDR080W,0,-2.6152675,0.1147880032658577,0.9950199127197266,0.7707082629203796
YBL033C,YPR122W,0,-2.6153007,0.11477481573820114,0.9950199127197266,0.7708083391189575
YOL141W,YLR395C,0,-2.615599,0.11476162821054459,0.9950199127197266,0.7709083557128906
YOR034C,YDR106W,0,-2.6156418,0.11474844813346863,0.9950199127197266,0.7710084319114685
YPL111W,YGR191W,0,-2.6159956,0.11473526805639267,0.9950199127197266,0.7711084485054016
YNL026W,YDR069C,0,-2.6162484,0.11472209542989731,0.9950199127197266,0.7712084650993347
YOR198C,YJL052W,0,-2.6164572,0.11470892280340195,0.9950199127197266,0.7713085412979126
YOR181W,YDL197C,0,-2.6164787,0.11469575017690659,0.9950199127197266,0.7714085578918457
YFL034W,YDR179W-A,0,-2.616803,0.11468258500099182,0.9950199127197266,0.7715085744857788
YKL213C,YOL027C,0,-2.616805,0.11466941982507706,0.9950199127197266,0.7716086506843567
YLR370C,YFR007W,0,-2.6169302,0.11465626209974289,0.9950199127197266,0.7717086672782898
YMR091C,YGL096W,0,-2.617142,0.11464310437440872,0.9950199127197266,0.7718087434768677
YIL072W,YJR098C,0,-2.6172056,0.11462994664907455,0.9950199127197266,0.7719087600708008
YPL074W,YIL073C,0,-2.6177652,0.11461679637432098,0.9950199127197266,0.7720087766647339
YLL017W,YCR007C,0,-2.6178885,0.11460364609956741,0.9950199127197266,0.7721088528633118
YDR348C,YOR356W,0,-2.6182458,0.11459050327539444,0.9950199127197266,0.7722088694572449
YCR041W,YOR034C,0,-2.6183474,0.11457736045122147,0.9950199127197266,0.7723089456558228
YGL049C,YMR149W,0,-2.6186984,0.11456421762704849,0.9950199127197266,0.7724089622497559
YIL109C,YDR079W,0,-2.6187174,0.11455108225345612,0.9950199127197266,0.772508978843689
YDR295C,YMR296C,0,-2.6187935,0.11453794687986374,0.9950199127197266,0.7726090550422668
YGL010W,YOR159C,0,-2.6187963,0.11452481895685196,0.9950199127197266,0.7727090716362
YLR174W,YHR189W,0,-2.6188486,0.11451169103384018,0.9950199127197266,0.7728091478347778
YBL025W,YPL186C,0,-2.6195931,0.114498570561409,0.9950199127197266,0.7729091644287109
YIL158W,YJL114W,0,-2.619713,0.11448544263839722,0.9950199127197266,0.773009181022644
YJL163C,YPR164W,0,-2.6200147,0.11447232961654663,0.9950199127197266,0.7731092572212219
YCR071C,YAR035W,0,-2.6200476,0.11445920914411545,0.9950199127197266,0.773209273815155
YPL188W,YBR294W,0,-2.6202972,0.11444609612226486,0.9950199127197266,0.7733093500137329
YJR066W,YNL330C,1,-2.6207397,0.11454753577709198,0.9960159659385681,0.7733093500137329
YCR036W,YLR278C,0,-2.620762,0.1145344153046608,0.9960159659385681,0.773409366607666
YJL106W,YMR114C,0,-2.6210418,0.11452130228281021,0.9960159659385681,0.7735093832015991
YPL111W,YMR094W,0,-2.621067,0.11450818926095963,0.9960159659385681,0.773609459400177
YER141W,YJL081C,0,-2.621319,0.11449507623910904,0.9960159659385681,0.7737094759941101
YKL183W,YDR065W,0,-2.6213315,0.11448197066783905,0.9960159659385681,0.773809552192688
YGL161C,YAL068C,0,-2.621366,0.11446886509656906,0.9960159659385681,0.7739095687866211
YGR141W,YML102W,0,-2.6215804,0.11445575952529907,0.9960159659385681,0.7740095853805542
YNR043W,YLL016W,0,-2.6228764,0.11444266140460968,0.9960159659385681,0.7741096615791321
YOL145C,YHR009C,0,-2.6229708,0.11442957073450089,0.9960159659385681,0.7742096781730652
YPL283C,YNR016C,0,-2.623001,0.11441647261381149,0.9960159659385681,0.7743096947669983
YOL073C,YDR065W,0,-2.6230252,0.1144033893942833,0.9960159659385681,0.7744097709655762
YDR307W,YOL122C,0,-2.623088,0.1143902987241745,0.9960159659385681,0.7745097875595093
YGR292W,YHR190W,0,-2.624301,0.1143772155046463,0.9960159659385681,0.7746098637580872
YOR335C,YGR086C,0,-2.6244504,0.1143641322851181,0.9960159659385681,0.7747098803520203
YJR124C,YJR127C,0,-2.6245298,0.1143510565161705,0.9960159659385681,0.7748098969459534
YBL025W,YNL250W,0,-2.6246996,0.1143379807472229,0.9960159659385681,0.7749099731445312
YLR063W,YJR001W,0,-2.6249058,0.1143249124288559,0.9960159659385681,0.7750099897384644
YPL224C,YLR063W,0,-2.6250885,0.11431184411048889,0.9960159659385681,0.7751100659370422
YER013W,YLL016W,0,-2.625139,0.11429877579212189,0.9960159659385681,0.7752100825309753
YLR251W,YCL011C,0,-2.625487,0.11428571492433548,0.9960159659385681,0.7753100991249084
YBR253W,YDR032C,0,-2.6255305,0.11427265405654907,0.9960159659385681,0.7754101753234863
YHR138C,YDR166C,0,-2.6255727,0.11425960063934326,0.9960159659385681,0.7755101919174194
YKL174C,YGR167W,0,-2.6261275,0.11424654722213745,0.9960159659385681,0.7756102681159973
YLL031C,YAL039C,0,-2.6265235,0.11423349380493164,0.9960159659385681,0.7757102847099304
YKL034W,YFL049W,0,-2.6272357,0.11422044783830643,0.9960159659385681,0.7758103013038635
YGL247W,YJL114W,0,-2.6273572,0.11420740187168121,0.9960159659385681,0.7759103775024414
YLR362W,YPR139C,0,-2.6276195,0.114194355905056,0.9960159659385681,0.7760103940963745
YMR068W,YGR234W,0,-2.6280627,0.11418131738901138,0.9960159659385681,0.7761104702949524
YGR247W,YJR127C,0,-2.6283128,0.11416828632354736,0.9960159659385681,0.7762104868888855
YIL101C,YKL189W,0,-2.6283708,0.11415524780750275,0.9960159659385681,0.7763105034828186
YML029W,YGR152C,0,-2.6283903,0.11414222419261932,0.9960159659385681,0.7764105796813965
YDR317W,YPL050C,0,-2.6284487,0.1141291931271553,0.9960159659385681,0.7765105962753296
YHL006C,YOR181W,0,-2.6289148,0.11411616951227188,0.9960159659385681,0.7766106724739075
YIL108W,YJL100W,0,-2.6292114,0.11410314589738846,0.9960159659385681,0.7767106890678406
YOR011W,YOL135C,0,-2.6292443,0.11409012973308563,0.9960159659385681,0.7768107056617737
YLR253W,YPL134C,0,-2.6296005,0.1140771135687828,0.9960159659385681,0.7769107818603516
YHL037C,YKL187C,0,-2.6298118,0.11406410485506058,0.9960159659385681,0.7770107984542847
YNL291C,YDL224C,0,-2.630997,0.11405109614133835,0.9960159659385681,0.7771108150482178
YBR020W,YOR147W,0,-2.6312625,0.11403808742761612,0.9960159659385681,0.7772108912467957
YPL219W,YMR167W,0,-2.6314223,0.11402508616447449,0.9960159659385681,0.7773109078407288
YCL060C,YGR077C,0,-2.6314752,0.11401208490133286,0.9960159659385681,0.7774109840393066
YPL216W,YFL060C,0,-2.6315563,0.11399909108877182,0.9960159659385681,0.7775110006332397
YHR009C,YMR176W,0,-2.6322253,0.11398609727621078,0.9960159659385681,0.7776110172271729
YER063W,YLR065C,0,-2.6322827,0.11397310346364975,0.9960159659385681,0.7777110934257507
YBR135W,YOL018C,0,-2.6324093,0.11396011710166931,0.9960159659385681,0.7778111100196838
YBL076C,YFR012W,0,-2.6328504,0.11394713073968887,0.9960159659385681,0.7779111862182617
YMR159C,YBR242W,0,-2.6328888,0.11393414437770844,0.9960159659385681,0.7780112028121948
YGL015C,YHR083W,0,-2.6333125,0.1139211654663086,0.9960159659385681,0.7781112194061279
YEL012W,YIL018W,0,-2.6336377,0.11390818655490875,0.9960159659385681,0.7782112956047058
YAR035W,YGL010W,0,-2.6340132,0.11389521509408951,0.9960159659385681,0.7783113121986389
YDR097C,YCL057C-A,0,-2.6341202,0.11388224363327026,0.9960159659385681,0.7784113883972168
YML072C,YOL091W,0,-2.6341305,0.11386927962303162,0.9960159659385681,0.7785114049911499
YIL169C,YKL091C,0,-2.6342163,0.11385631561279297,0.9960159659385681,0.778611421585083
YPL070W,YLR155C,0,-2.634239,0.11384335160255432,0.9960159659385681,0.7787114977836609
YLR283W,YPL235W,0,-2.6342804,0.11383039504289627,0.9960159659385681,0.778811514377594
YNL227C,YBR012W-B,0,-2.6348794,0.11381743848323822,0.9960159659385681,0.7789115905761719
YDR339C,YBR126W-A,0,-2.6349452,0.11380448192358017,0.9960159659385681,0.779011607170105
YGR191W,YLL017W,0,-2.635056,0.11379153281450272,0.9960159659385681,0.7791116237640381
YDR434W,YOL071W,0,-2.6353877,0.11377858370542526,0.9960159659385681,0.779211699962616
YNL061W,YKR013W,0,-2.6356497,0.1137656420469284,0.9960159659385681,0.7793117165565491
YLR427W,YPR013C,0,-2.6357353,0.11375270038843155,0.9960159659385681,0.779411792755127
YOR297C,YGL161C,0,-2.6361496,0.11373976618051529,0.9960159659385681,0.7795118093490601
YHL009C,YOL092W,0,-2.636194,0.11372682452201843,0.9960159659385681,0.7796118259429932
YFR050C,YML109W,0,-2.6364946,0.11371389776468277,0.9960159659385681,0.779711902141571
YBR276C,YBR054W,0,-2.6365075,0.11370096355676651,0.9960159659385681,0.7798119187355042
YIL017C,YIL109C,0,-2.636606,0.11368803679943085,0.9960159659385681,0.7799119353294373
YER107C,YJL221C,0,-2.6367595,0.11367511749267578,0.9960159659385681,0.7800120115280151
YJL012C-A,YJR127C,0,-2.636772,0.11366219818592072,0.9960159659385681,0.7801120281219482
YHL009C,YMR099C,0,-2.6368344,0.11364927887916565,0.9960159659385681,0.7802121043205261
YDL179W,YMR169C,0,-2.637449,0.11363636702299118,0.9960159659385681,0.7803121209144592
YGR066C,YDR405W,0,-2.637506,0.11362345516681671,0.9960159659385681,0.7804121375083923
YFR018C,YHL009C,0,-2.6376746,0.11361054331064224,0.9960159659385681,0.7805122137069702
YML121W,YHL032C,0,-2.63853,0.11359763890504837,0.9960159659385681,0.7806122303009033
YOR374W,YOL028C,0,-2.6386588,0.1135847344994545,0.9960159659385681,0.7807123064994812
YBL017C,YNR057C,0,-2.638991,0.11357183754444122,0.9960159659385681,0.7808123230934143
YGR043C,YOR356W,0,-2.6391482,0.11355894058942795,0.9960159659385681,0.7809123396873474
YDR402C,YMR059W,0,-2.6393976,0.11354604363441467,0.9960159659385681,0.7810124158859253
YOR321W,YGR200C,0,-2.6395767,0.113533154129982,0.9960159659385681,0.7811124324798584
YNR058W,YAL039C,0,-2.6396654,0.11352026462554932,0.9960159659385681,0.7812125086784363
YBL054W,YPR157W,0,-2.6402724,0.11350737512111664,0.9960159659385681,0.7813125252723694
YDL005C,YDR517W,0,-2.6403983,0.11349449306726456,0.9960159659385681,0.7814125418663025
YPR159W,YKL160W,0,-2.6405122,0.11348161846399307,0.9960159659385681,0.7815126180648804
YOL073C,YDR406W,0,-2.6408179,0.11346873641014099,0.9960159659385681,0.7816126346588135
YGL200C,YDR315C,0,-2.6408503,0.1134558692574501,0.9960159659385681,0.7817127108573914
YJR044C,YGR057C,0,-2.6410487,0.11344299465417862,0.9960159659385681,0.7818127274513245
YHR153C,YDR407C,0,-2.6411803,0.11343012750148773,0.9960159659385681,0.7819127440452576
YLR439W,YDR313C,0,-2.6413248,0.11341726034879684,0.9960159659385681,0.7820128202438354
YEL012W,YCR043C,0,-2.6415117,0.11340440064668655,0.9960159659385681,0.7821128368377686
YEL011W,YDR023W,0,-2.6416304,0.11339154094457626,0.9960159659385681,0.7822129130363464
YOR115C,YDR541C,0,-2.6416464,0.11337868124246597,0.9960159659385681,0.7823129296302795
YJR066W,YGL244W,1,-2.6421752,0.11347919702529907,0.9970119595527649,0.7823129296302795
YCR040W,YIL066C,0,-2.6430793,0.11346633732318878,0.9970119595527649,0.7824129462242126
YBL084C,YPL156C,0,-2.643097,0.1134534701704979,0.9970119595527649,0.7825130224227905
YOR231W,YFL020C,0,-2.6435835,0.1134406179189682,0.9970119595527649,0.7826130390167236
YJL061W,YJL134W,0,-2.6439927,0.11342776566743851,0.9970119595527649,0.7827130556106567
YPR054W,YIL018W,0,-2.6441739,0.11341491341590881,0.9970119595527649,0.7828131318092346
YFR014C,YKR028W,0,-2.644501,0.11340206116437912,0.9970119595527649,0.7829131484031677
YGL205W,YKL160W,0,-2.6446762,0.11338921636343002,0.9970119595527649,0.7830132246017456
YDR002W,YJL219W,0,-2.6449575,0.11337637156248093,0.9970119595527649,0.7831132411956787
YIL168W,YLR360W,0,-2.6455653,0.11336353421211243,0.9970119595527649,0.7832132577896118
YFR027W,YKL150W,0,-2.6458113,0.11335069686174393,0.9970119595527649,0.7833133339881897
YBL015W,YML094W,0,-2.646025,0.11333785951137543,0.9970119595527649,0.7834133505821228
YPL147W,YBR128C,0,-2.6463358,0.11332502961158752,0.9970119595527649,0.7835134267807007
YJR149W,YBR257W,0,-2.646709,0.11331219971179962,0.9970119595527649,0.7836134433746338
YHR069C,YNL127W,0,-2.6467319,0.11329937726259232,0.9970119595527649,0.7837134599685669
YPL106C,YLR179C,0,-2.6472392,0.11328655481338501,0.9970119595527649,0.7838135361671448
YKL091C,YLR382C,0,-2.647494,0.1132737323641777,0.9970119595527649,0.7839135527610779
YMR235C,YOR113W,0,-2.6476243,0.113260917365551,0.9970119595527649,0.7840136289596558
YAR035W,YNL249C,0,-2.6483455,0.11324810236692429,0.9970119595527649,0.7841136455535889
YJL219W,YDR060W,0,-2.6497767,0.11323529481887817,0.9970119595527649,0.784213662147522
YMR099C,YDR083W,0,-2.6499372,0.11322248727083206,0.9970119595527649,0.7843137383460999
YJL081C,YGL124C,0,-2.6499677,0.11320967972278595,0.9970119595527649,0.784413754940033
YMR303C,YMR225C,0,-2.6501143,0.11319687962532043,0.9970119595527649,0.7845138311386108
YJR001W,YGL223C,0,-2.6501539,0.11318407952785492,0.9970119595527649,0.784613847732544
YJL146W,YDR515W,0,-2.650177,0.11317128688097,0.9970119595527649,0.784713864326477
YOR208W,YHR045W,0,-2.6502383,0.11315848678350449,0.9970119595527649,0.7848139405250549
YKL047W,YBR105C,0,-2.6504152,0.11314570158720016,0.9970119595527649,0.784913957118988
YPR071W,YER090W,0,-2.6504743,0.11313290894031525,0.9970119595527649,0.7850140333175659
YPL147W,YPL198W,0,-2.6520762,0.11312012374401093,0.9970119595527649,0.785114049911499
YLL031C,YCL019W,0,-2.6522558,0.1131073459982872,0.9970119595527649,0.7852140665054321
YOL157C,YJL100W,0,-2.6535747,0.11309456825256348,0.9970119595527649,0.78531414270401
YGR118W,YCL057C-A,0,-2.6535795,0.11308179050683975,0.9970119595527649,0.7854141592979431
YPR106W,YLR026C,0,-2.6539075,0.11306901276111603,0.9970119595527649,0.7855141758918762
YAR033W,YEL015W,0,-2.6539319,0.1130562424659729,0.9970119595527649,0.7856142520904541
YBR024W,YLR035C,0,-2.6543205,0.11304347962141037,0.9970119595527649,0.7857142686843872
YDR402C,YOR292C,0,-2.6546872,0.11303071677684784,0.9970119595527649,0.7858143448829651
YDR032C,YGR201C,0,-2.6546938,0.11301795393228531,0.9970119595527649,0.7859143614768982
YNR058W,YLR079W,0,-2.654868,0.11300519108772278,0.9970119595527649,0.7860143780708313
YDR107C,YBR294W,0,-2.6551352,0.11299243569374084,0.9970119595527649,0.7861144542694092
YCL064C,YDR375C,0,-2.655482,0.11297968029975891,0.9970119595527649,0.7862144708633423
YFR014C,YNL073W,0,-2.6557095,0.11296693235635757,0.9970119595527649,0.7863145470619202
YBL025W,YLR057W,0,-2.6558192,0.11295418441295624,0.9970119595527649,0.7864145636558533
YLR179C,YBR067C,0,-2.655936,0.1129414439201355,0.9970119595527649,0.7865145802497864
YMR092C,YDL211C,0,-2.6559775,0.11292870342731476,0.9970119595527649,0.7866146564483643
YJR098C,YDR056C,0,-2.6562917,0.11291596293449402,0.9970119595527649,0.7867146730422974
YDR402C,YGL144C,0,-2.6569068,0.11290322244167328,0.9970119595527649,0.7868147492408752
YMR094W,YBR111W-A,0,-2.6569362,0.11289048939943314,0.9970119595527649,0.7869147658348083
YJR042W,YMR114C,0,-2.6572402,0.11287776380777359,0.9970119595527649,0.7870147824287415
YLR083C,YCR002C,0,-2.6572812,0.11286503821611404,0.9970119595527649,0.7871148586273193
YNL054W,YLL067C,0,-2.6573646,0.1128523126244545,0.9970119595527649,0.7872148752212524
YJL078C,YER109C,0,-2.657614,0.11283958703279495,0.9970119595527649,0.7873149514198303
YOR368W,YLL016W,0,-2.6576927,0.112826868891716,0.9970119595527649,0.7874149680137634
YMR149W,YLR370C,0,-2.6579814,0.11281415820121765,0.9970119595527649,0.7875149846076965
YHL008C,YJR098C,0,-2.6587207,0.1128014400601387,0.9970119595527649,0.7876150608062744
YMR283C,YOL114C,0,-2.6587706,0.11278872936964035,0.9970119595527649,0.7877150774002075
YLR439W,YPL134C,0,-2.6593387,0.1127760261297226,0.9970119595527649,0.7878151535987854
YDR171W,YIL121W,0,-2.6600072,0.11276332288980484,0.9970119595527649,0.7879151701927185
YJR101W,YLR278C,0,-2.660124,0.11275061964988708,0.9970119595527649,0.7880151867866516
YBL092W,YMR250W,0,-2.660186,0.11273792386054993,0.9970119595527649,0.7881152629852295
YOL073C,YGL256W,0,-2.6603165,0.11272522807121277,0.9970119595527649,0.7882152795791626
YKL055C,YIR039C,0,-2.660413,0.11271253228187561,0.9970119595527649,0.7883153557777405
YLR270W,YGL075C,0,-2.6604683,0.11269984394311905,0.9970119595527649,0.7884153723716736
YLR179C,YOL068C,0,-2.660886,0.11268715560436249,0.9970119595527649,0.7885153889656067
YKL091C,YPR157W,0,-2.6612263,0.11267446726560593,0.9970119595527649,0.7886154651641846
YDR402C,YNL022C,0,-2.6613033,0.11266178637742996,0.9970119595527649,0.7887154817581177
YCR007C,YDR259C,0,-2.6615782,0.1126491129398346,0.9970119595527649,0.7888154983520508
YGR165W,YCL019W,0,-2.6619284,0.11263643205165863,0.9970119595527649,0.7889155745506287
YKL204W,YGR241C,0,-2.6622803,0.11262376606464386,0.9970119595527649,0.7890155911445618
YGL161C,YCL066W,0,-2.662289,0.11261109262704849,0.9970119595527649,0.7891156673431396
YER022W,YCR002C,0,-2.662654,0.11259842664003372,0.9970119595527649,0.7892156839370728
YLR194C,YPR134W,0,-2.66315,0.11258576065301895,0.9970119595527649,0.7893157005310059
YLR116W,YKR034W,0,-2.6632233,0.11257310211658478,0.9970119595527649,0.7894157767295837
YBR101C,YBL089W,0,-2.6632674,0.1125604435801506,0.9970119595527649,0.7895157933235168
YGR002C,YLL067C,0,-2.6633992,0.11254778504371643,0.9970119595527649,0.7896158695220947
YOR368W,YBR067C,0,-2.6636503,0.11253513395786285,0.9970119595527649,0.7897158861160278
YNL077W,YML056C,0,-2.6637204,0.11252248287200928,0.9970119595527649,0.7898159027099609
YGL144C,YPR015C,0,-2.6642814,0.1125098317861557,0.9970119595527649,0.7899159789085388
YJL219W,YBL014C,0,-2.664355,0.11249718815088272,0.9970119595527649,0.7900159955024719
YPL172C,YDR176W,0,-2.6645606,0.11248455196619034,0.9970119595527649,0.7901160717010498
YJR143C,YOL096C,0,-2.6647656,0.11247190833091736,0.9970119595527649,0.7902160882949829
YMR067C,YMR094W,0,-2.664848,0.11245927214622498,0.9970119595527649,0.790316104888916
YNL290W,YPL121C,0,-2.6648662,0.11244664341211319,0.9970119595527649,0.7904161810874939
YER149C,YPL070W,0,-2.6649437,0.1124340146780014,0.9970119595527649,0.790516197681427
YLR362W,YHR205W,0,-2.6650445,0.11242138594388962,0.9970119595527649,0.7906162738800049
YBR024W,YDR026C,0,-2.6650863,0.11240875720977783,0.9970119595527649,0.790716290473938
YLR037C,YDR473C,0,-2.665118,0.11239613592624664,0.9970119595527649,0.7908163070678711
YHL008C,YNR016C,0,-2.6660063,0.11238352209329605,0.9970119595527649,0.790916383266449
YDR517W,YLR397C,0,-2.6660903,0.11237090080976486,0.9970119595527649,0.7910163998603821
YHR134W,YGL057C,0,-2.6662362,0.11235828697681427,0.9970119595527649,0.79111647605896
YJR149W,YBR153W,0,-2.6663954,0.11234568059444427,0.9970119595527649,0.7912164926528931
YDL052C,YJR073C,0,-2.6664016,0.11233307421207428,0.9970119595527649,0.7913165092468262
YNL139C,YBR035C,0,-2.6665304,0.11232046782970428,0.9970119595527649,0.791416585445404
YDR451C,YMR102C,0,-2.6666677,0.11230786144733429,0.9970119595527649,0.7915166020393372
YOR104W,YNL210W,0,-2.6669369,0.11229526251554489,0.9970119595527649,0.7916166186332703
YMR035W,YJL221C,0,-2.6671627,0.11228267103433609,0.9970119595527649,0.7917166948318481
YNL037C,YPR159W,0,-2.667522,0.11227007955312729,0.9970119595527649,0.7918167114257812
YGL022W,YPL156C,0,-2.6676283,0.11225748807191849,0.9970119595527649,0.7919167876243591
YIL083C,YLR229C,0,-2.6676836,0.11224489659070969,0.9970119595527649,0.7920168042182922
YPL254W,YLL016W,0,-2.668146,0.11223231256008148,0.9970119595527649,0.7921168208122253
YOR298C-A,YDR406W,0,-2.6684601,0.11221972852945328,0.9970119595527649,0.7922168970108032
YGL153W,YER141W,0,-2.6689732,0.11220715194940567,0.9970119595527649,0.7923169136047363
YGR277C,YER091C,0,-2.6705334,0.11219457536935806,0.9970119595527649,0.7924169898033142
YDR170C,YHR214C-B,0,-2.6707084,0.11218199878931046,0.9970119595527649,0.7925170063972473
YLR102C,YDR259C,0,-2.6708665,0.11216942965984344,0.9970119595527649,0.7926170229911804
YKL026C,YHR009C,0,-2.6712217,0.11215686053037643,0.9970119595527649,0.7927170991897583
YKL091C,YLR390W,0,-2.6713634,0.11214429885149002,0.9970119595527649,0.7928171157836914
YNL230C,YDR446W,0,-2.671546,0.11213173717260361,0.9970119595527649,0.7929171919822693
YKL101W,YOL119C,0,-2.6716568,0.1121191754937172,0.9970119595527649,0.7930172085762024
YFR020W,YML056C,0,-2.671812,0.11210662126541138,0.9970119595527649,0.7931172251701355
YJR010C-A,YGL114W,0,-2.6718597,0.11209406703710556,0.9970119595527649,0.7932173013687134
YLR203C,YIL048W,0,-2.671903,0.11208151280879974,0.9970119595527649,0.7933173179626465
YJR124C,YBR145W,0,-2.6719716,0.11206896603107452,0.9970119595527649,0.7934173941612244
YIL027C,YMR173W,0,-2.6720002,0.1120564192533493,0.9970119595527649,0.7935174107551575
YPL063W,YOL114C,0,-2.6722553,0.11204387992620468,0.9970119595527649,0.7936174273490906
YDR496C,YMR195W,0,-2.6723318,0.11203134059906006,0.9970119595527649,0.7937175035476685
YIR036C,YOL102C,0,-2.6724703,0.11201880127191544,0.9970119595527649,0.7938175201416016
YOR099W,YLR307W,0,-2.6726253,0.11200626939535141,0.9970119595527649,0.7939175963401794
YDR266C,YJR001W,0,-2.6726577,0.11199373751878738,0.9970119595527649,0.7940176129341125
YOR281C,YGR077C,0,-2.673062,0.11198120564222336,0.9970119595527649,0.7941176295280457
YDL204W,YBR128C,0,-2.6731446,0.11196868121623993,0.9970119595527649,0.7942177057266235
YCR008W,YPR139C,0,-2.6734955,0.1119561567902565,0.9970119595527649,0.7943177223205566
YJR072C,YLR037C,0,-2.6735399,0.11194363981485367,0.9970119595527649,0.7944177389144897
YOL119C,YGL032C,0,-2.6735785,0.11193112283945084,0.9970119595527649,0.7945178151130676
YBR035C,YPL112C,0,-2.6736205,0.111918605864048,0.9970119595527649,0.7946178317070007
YBR243C,YPL112C,0,-2.6737852,0.11190609633922577,0.9970119595527649,0.7947179079055786
YOL020W,YGR049W,0,-2.6741238,0.11189358681440353,0.9970119595527649,0.7948179244995117
YMR028W,YBR020W,0,-2.6745222,0.1118810772895813,0.9970119595527649,0.7949179410934448
YIL160C,YPR114W,0,-2.6749444,0.11186857521533966,0.9970119595527649,0.7950180172920227
YDR406W,YBL061C,0,-2.675268,0.11185607314109802,0.9970119595527649,0.7951180338859558
YIL048W,YPL188W,0,-2.675374,0.11184357851743698,0.9970119595527649,0.7952181100845337
YNR021W,YDR315C,0,-2.675392,0.11183108389377594,0.9970119595527649,0.7953181266784668
YPL216W,YHR001W-A,0,-2.675614,0.1118185892701149,0.9970119595527649,0.7954181432723999
YGL028C,YLR370C,0,-2.6763918,0.11180610209703445,0.9970119595527649,0.7955182194709778
YDL007W,YJR073C,0,-2.6765583,0.11179361492395401,0.9970119595527649,0.7956182360649109
YHR098C,YHR200W,0,-2.6767583,0.11178112775087357,0.9970119595527649,0.7957183122634888
YLR405W,YOR180C,0,-2.6772356,0.11176864802837372,0.9970119595527649,0.7958183288574219
YNL146W,YLR341W,0,-2.6779754,0.11175616830587387,0.9970119595527649,0.795918345451355
YLR283W,YHR108W,0,-2.6779802,0.11174369603395462,0.9970119595527649,0.7960184216499329
YNL297C,YKL175W,0,-2.6782925,0.11173121631145477,0.9970119595527649,0.796118438243866
YDR439W,YPR013C,0,-2.6787078,0.11171875149011612,0.9970119595527649,0.7962185144424438
YNL177C,YMR102C,0,-2.6787698,0.11170627921819687,0.9970119595527649,0.796318531036377
YDR041W,YMR291W,0,-2.678804,0.11169382184743881,0.9970119595527649,0.7964185476303101
YJL087C,YPL219W,0,-2.6788266,0.11168135702610016,0.9970119595527649,0.7965186238288879
YKR097W,YMR270C,0,-2.6801846,0.1116688996553421,0.9970119595527649,0.796618640422821
YML002W,YPL085W,0,-2.6802332,0.11165644228458405,0.9970119595527649,0.7967187166213989
YLR167W,YGL053W,0,-2.6804688,0.11164398491382599,0.9970119595527649,0.796818733215332
YNR057C,YMR159C,0,-2.6806936,0.11163153499364853,0.9970119595527649,0.7969187498092651
YER111C,YPL200W,0,-2.6808202,0.11161909252405167,0.9970119595527649,0.797018826007843
YOL159C,YBR017C,0,-2.6809855,0.1116066426038742,0.9970119595527649,0.7971188426017761
YMR225C,YOL159C,0,-2.6810715,0.11159420013427734,0.9970119595527649,0.7972188591957092
YOR208W,YMR188C,0,-2.6812217,0.11158176511526108,0.9970119595527649,0.7973189353942871
YLR304C,YGR121C,0,-2.6815944,0.11156933009624481,0.9970119595527649,0.7974189519882202
YDR400W,YER183C,0,-2.6816957,0.11155689507722855,0.9970119595527649,0.7975190281867981
YGR006W,YDR387C,0,-2.6818655,0.11154446005821228,0.9970119595527649,0.7976190447807312
YLR174W,YOL016C,0,-2.6819923,0.11153203248977661,0.9970119595527649,0.7977190613746643
YMR081C,YMR164C,0,-2.6823552,0.11151960492134094,0.9970119595527649,0.7978191375732422
YGR167W,YIL109C,0,-2.6824524,0.11150718480348587,0.9970119595527649,0.7979191541671753
YGL227W,YGR227W,0,-2.6825736,0.1114947646856308,0.9970119595527649,0.7980192303657532
YLR229C,YJL082W,0,-2.6826818,0.11148234456777573,0.9970119595527649,0.7981192469596863
YPR034W,YIR041W,0,-2.6827013,0.11146993190050125,0.9970119595527649,0.7982192635536194
YIR041W,YGR171C,0,-2.6827915,0.11145751923322678,0.9970119595527649,0.7983193397521973
YPR070W,YDR109C,0,-2.6829455,0.1114451140165329,0.9970119595527649,0.7984193563461304
YKL150W,YDL214C,0,-2.6831257,0.11143270879983902,0.9970119595527649,0.7985194325447083
YKL162C,YBL089W,0,-2.683628,0.11142030358314514,0.9970119595527649,0.7986194491386414
YMR097C,YHR132C,0,-2.683685,0.11140789836645126,0.9970119595527649,0.7987194657325745
YPL087W,YLR403W,0,-2.6838324,0.11139550060033798,0.9970119595527649,0.7988195419311523
YPL028W,YFL050C,0,-2.6843674,0.1113831102848053,0.9970119595527649,0.7989195585250854
YLR429W,YHR190W,0,-2.6852589,0.11137071996927261,0.9970119595527649,0.7990196347236633
YMR308C,YOL096C,0,-2.6854665,0.11135832965373993,0.9970119595527649,0.7991196513175964
YDL199C,YHR096C,0,-2.685486,0.11134593933820724,0.9970119595527649,0.7992196679115295
YLL031C,YDR109C,0,-2.6855984,0.11133355647325516,0.9970119595527649,0.7993197441101074
YJR094C,YEL032W,0,-2.6856835,0.11132117360830307,0.9970119595527649,0.7994197607040405
YPR017C,YOL096C,0,-2.6857574,0.11130879819393158,0.9970119595527649,0.7995198369026184
YGR127W,YPL121C,0,-2.6857622,0.11129642277956009,0.9970119595527649,0.7996198534965515
YFR020W,YGR171C,0,-2.686221,0.1112840473651886,0.9970119595527649,0.7997198700904846
YDR423C,YGL160W,0,-2.686597,0.1112716794013977,0.9970119595527649,0.7998199462890625
YLR130C,YML100W,0,-2.6871252,0.11125931143760681,0.9970119595527649,0.7999199628829956
YEL013W,YJR010C-A,0,-2.6872394,0.11124694347381592,0.9970119595527649,0.8000199794769287
YML102W,YJR073C,0,-2.6873472,0.11123458296060562,0.9970119595527649,0.8001200556755066
YHL016C,YNL137C,0,-2.6874988,0.11122222244739532,0.9970119595527649,0.8002200722694397
YNL320W,YLL002W,0,-2.6877058,0.11120986193418503,0.9970119595527649,0.8003201484680176
YDL199C,YOR099W,0,-2.687806,0.11119750887155533,0.9970119595527649,0.8004201650619507
YBR299W,YDR387C,0,-2.6883967,0.11118516325950623,0.9970119595527649,0.8005201816558838
YNL290W,YKR050W,0,-2.688678,0.11117281019687653,0.9970119595527649,0.8006202578544617
YOR002W,YFL050C,0,-2.688731,0.11116046458482742,0.9970119595527649,0.8007202744483948
YGL195W,YPL060W,0,-2.6890147,0.11114812642335892,0.9970119595527649,0.8008203506469727
YDR499W,YIL073C,0,-2.6894631,0.11113578081130981,0.9970119595527649,0.8009203672409058
YLL017W,YMR176W,0,-2.6895533,0.11112344264984131,0.9970119595527649,0.8010203838348389
YHR216W,YIL165C,0,-2.6895874,0.1111111119389534,0.9970119595527649,0.8011204600334167
YGR201C,YMR127C,0,-2.68981,0.11109878122806549,0.9970119595527649,0.8012204766273499
YMR180C,YDR106W,0,-2.6898148,0.11108645051717758,0.9970119595527649,0.8013205528259277
YLR460C,YPL134C,0,-2.689832,0.11107411980628967,0.9970119595527649,0.8014205694198608
YLR166C,YLR026C,0,-2.6901133,0.11106179654598236,0.9970119595527649,0.801520586013794
YDR406W,YCL055W,0,-2.6902277,0.11104948073625565,0.9970119595527649,0.8016206622123718
YOR026W,YCR104W,0,-2.690297,0.11103715747594833,0.9970119595527649,0.8017206788063049
YGL192W,YDR219C,0,-2.6904385,0.11102484166622162,0.9970119595527649,0.8018207550048828
YKR069W,YPL094C,0,-2.691212,0.1110125333070755,0.9970119595527649,0.8019207715988159
YJR149W,YMR247C,0,-2.6912305,0.11100022494792938,0.9970119595527649,0.802020788192749
YJL061W,YGL253W,0,-2.6913378,0.11098791658878326,0.9970119595527649,0.8021208643913269
YIL066C,YIL157C,0,-2.6920376,0.11097560822963715,0.9970119595527649,0.80222088098526
YDR246W,YBR132C,0,-2.6927302,0.11096330732107162,0.9970119595527649,0.8023209571838379
YAL068C,YKR016W,0,-2.692963,0.1109510064125061,0.9970119595527649,0.802420973777771
YOR002W,YLR107W,0,-2.6931503,0.11093871295452118,0.9970119595527649,0.8025209903717041
YGR241C,YER013W,0,-2.6933002,0.11092641949653625,0.9970119595527649,0.802621066570282
YOR180C,YDR266C,0,-2.6939318,0.11091412603855133,0.9970119595527649,0.8027210831642151
YMR097C,YOR356W,0,-2.6940582,0.110901840031147,0.9970119595527649,0.8028210997581482
YPL172C,YHL025W,0,-2.6942623,0.11088955402374268,0.9970119595527649,0.8029211759567261
YLR283W,YIL121W,0,-2.6944478,0.11087726801633835,0.9970119595527649,0.8030211925506592
YLR414C,YDL102W,0,-2.6947129,0.11086498945951462,0.9970119595527649,0.8031212687492371
YFR014C,YLR057W,0,-2.6954436,0.11085271090269089,0.9970119595527649,0.8032212853431702
YGL005C,YJL078C,0,-2.6956542,0.11084043979644775,0.9970119595527649,0.8033213019371033
YIR036C,YBR029C,0,-2.695821,0.11082816869020462,0.9970119595527649,0.8034213781356812
YDR319C,YGR066C,0,-2.6962857,0.11081589758396149,0.9970119595527649,0.8035213947296143
YJR084W,YDR375C,0,-2.696969,0.11080363392829895,0.9970119595527649,0.8036214709281921
YIL169C,YPL003W,0,-2.6970975,0.11079137027263641,0.9970119595527649,0.8037214875221252
YGR272C,YLR270W,0,-2.6973531,0.11077910661697388,0.9970119595527649,0.8038215041160583
YOR065W,YPR157W,0,-2.6976526,0.11076685041189194,0.9970119595527649,0.8039215803146362
YNL243W,YDL197C,0,-2.6977913,0.11075459420681,0.9970119595527649,0.8040215969085693
YDL199C,YPR134W,0,-2.6978533,0.11074233800172806,0.9970119595527649,0.8041216731071472
YHL037C,YMR250W,0,-2.6978545,0.11073008924722672,0.9970119595527649,0.8042216897010803
YOR321W,YIL093C,0,-2.698021,0.11071784049272537,0.9970119595527649,0.8043217062950134
YNL146W,YOL020W,0,-2.6986783,0.11070559918880463,0.9970119595527649,0.8044217824935913
YKR077W,YPR159W,0,-2.6990678,0.11069335043430328,0.9970119595527649,0.8045217990875244
YHR098C,YDR539W,0,-2.699207,0.11068111658096313,0.9970119595527649,0.8046218752861023
YBR066C,YML029W,0,-2.6992452,0.11066887527704239,0.9970119595527649,0.8047218918800354
YDL127W,YDR065W,0,-2.699381,0.11065664142370224,0.9970119595527649,0.8048219084739685
YNL146W,YML017W,0,-2.699455,0.11064441502094269,0.9970119595527649,0.8049219846725464
YJR125C,YLR460C,0,-2.6996956,0.11063218116760254,0.9970119595527649,0.8050220012664795
YPL162C,YIL039W,0,-2.6999447,0.11061995476484299,0.9970119595527649,0.8051220774650574
YKL035W,YJL113W,0,-2.6999466,0.11060773581266403,0.9970119595527649,0.8052220940589905
YGR142W,YCR043C,0,-2.7001922,0.11059551686048508,0.9970119595527649,0.8053221106529236
YGR066C,YLL022C,0,-2.7002277,0.11058329790830612,0.9970119595527649,0.8054221868515015
YOL157C,YPR070W,0,-2.7002323,0.11057107895612717,0.9970119595527649,0.8055222034454346
YPL106C,YOR374W,0,-2.70036,0.11055886745452881,0.9970119595527649,0.8056222200393677
YBL014C,YDR003W,0,-2.7003694,0.11054665595293045,0.9970119595527649,0.8057222962379456
YDL149W,YOL020W,0,-2.7011468,0.11053445190191269,0.9970119595527649,0.8058223128318787
YER031C,YPR109W,0,-2.7017312,0.11052224785089493,0.9970119595527649,0.8059223890304565
YMR120C,YGR152C,0,-2.7019336,0.11051004379987717,0.9970119595527649,0.8060224056243896
YPL106C,YGL124C,0,-2.7023993,0.11049784719944,0.9970119595527649,0.8061224222183228
YLR341W,YNL108C,0,-2.7026975,0.11048565059900284,0.9970119595527649,0.8062224984169006
YKL082C,YOL016C,0,-2.702758,0.11047345399856567,0.9970119595527649,0.8063225150108337
YBL054W,YJR152W,0,-2.7029438,0.1104612648487091,0.9970119595527649,0.8064225912094116
YJR086W,YHR207C,0,-2.703013,0.11044907569885254,0.9970119595527649,0.8065226078033447
YOR018W,YOR384W,0,-2.7030468,0.11043689399957657,0.9970119595527649,0.8066226243972778
YJR101W,YAL060W,0,-2.703063,0.1104247123003006,0.9970119595527649,0.8067227005958557
YDR185C,YKL105C,0,-2.7031653,0.11041253060102463,0.9970119595527649,0.8068227171897888
YDR407C,YNL053W,0,-2.7034016,0.11040035635232925,0.9970119595527649,0.8069227933883667
YNL250W,YOR049C,0,-2.7034314,0.11038817465305328,0.9970119595527649,0.8070228099822998
YGR077C,YJR044C,0,-2.7035162,0.11037600785493851,0.9970119595527649,0.8071228265762329
YBR130C,YEL030W,0,-2.7037368,0.11036383360624313,0.9970119595527649,0.8072229027748108
YPL128C,YNL155W,0,-2.703746,0.11035166680812836,0.9970119595527649,0.8073229193687439
YNR058W,YDR475C,0,-2.7037733,0.11033950746059418,0.9970119595527649,0.8074229955673218
YCR036W,YDL019C,0,-2.703929,0.11032734811306,0.9970119595527649,0.8075230121612549
YPL216W,YBR193C,0,-2.70401,0.11031518876552582,0.9970119595527649,0.807623028755188
YKR043C,YGR076C,0,-2.704264,0.11030302941799164,0.9970119595527649,0.8077231049537659
YOL157C,YNL166C,0,-2.7045186,0.11029087752103806,0.9970119595527649,0.807823121547699
YHL025W,YHR205W,1,-2.705216,0.11038889735937119,0.9980079531669617,0.807823121547699
YDR032C,YLR006C,0,-2.7058747,0.110376738011837,0.9980079531669617,0.8079231977462769
YGL227W,YIL162W,0,-2.7060485,0.11036457866430283,0.9980079531669617,0.80802321434021
YPR029C,YHR009C,0,-2.7061026,0.11035241931676865,0.9980079531669617,0.8081232309341431
YCL032W,YLR427W,0,-2.706591,0.11034026741981506,0.9980079531669617,0.808223307132721
YJL142C,YFL055W,0,-2.7066162,0.11032812297344208,0.9980079531669617,0.808323323726654
YER011W,YER123W,0,-2.7066715,0.11031597852706909,0.9980079531669617,0.8084233403205872
YDR402C,YMR294W,0,-2.707106,0.1103038340806961,0.9980079531669617,0.808523416519165
YMR097C,YLR102C,0,-2.707628,0.11029168963432312,0.9980079531669617,0.8086234331130981
YNL073W,YCL044C,0,-2.7079546,0.11027955263853073,0.9980079531669617,0.808723509311676
YLR037C,YOL096C,0,-2.7082932,0.11026741564273834,0.9980079531669617,0.8088235259056091
YDR097C,YIL072W,0,-2.708317,0.11025527864694595,0.9980079531669617,0.8089235424995422
YEL042W,YPR184W,0,-2.708569,0.11024314910173416,0.9980079531669617,0.8090236186981201
YGR063C,YOL016C,0,-2.7087278,0.11023101955652237,0.9980079531669617,0.8091236352920532
YGR086C,YER160C,0,-2.7091098,0.11021889746189117,0.9980079531669617,0.8092237114906311
YGL112C,YNL263C,0,-2.7098017,0.11020677536725998,0.9980079531669617,0.8093237280845642
YOR075W,YKL061W,0,-2.7098653,0.11019465327262878,0.9980079531669617,0.8094237446784973
YNL250W,YIL168W,0,-2.7100222,0.11018253862857819,0.9980079531669617,0.8095238208770752
YGL013C,YKL150W,0,-2.7103035,0.11017042398452759,0.9980079531669617,0.8096238374710083
YMR068W,YOR174W,0,-2.71064,0.11015830934047699,0.9980079531669617,0.8097239136695862
YBR071W,YGL129C,0,-2.71081,0.11014620214700699,0.9980079531669617,0.8098239302635193
YOR383C,YIL048W,0,-2.7112014,0.11013409495353699,0.9980079531669617,0.8099239468574524
YML017W,YFR020W,0,-2.7112076,0.11012198776006699,0.9980079531669617,0.8100240230560303
YER170W,YBR017C,0,-2.71129,0.11010988801717758,0.9980079531669617,0.8101240396499634
YMR106C,YPR089W,0,-2.7112923,0.11009778827428818,0.9980079531669617,0.8102241158485413
YLR174W,YLL002W,0,-2.7115335,0.11008569598197937,0.9980079531669617,0.8103241324424744
YGL096W,YDL073W,0,-2.7115567,0.11007360368967056,0.9980079531669617,0.8104241490364075
YCR007C,YDR423C,0,-2.7116725,0.11006151139736176,0.9980079531669617,0.8105242252349854
YGR142W,YMR269W,0,-2.7116725,0.11004942655563354,0.9980079531669617,0.8106242418289185
YKR077W,YGR150C,0,-2.7120714,0.11003734171390533,0.9980079531669617,0.8107243180274963
YDL177C,YMR164C,0,-2.7121143,0.11002525687217712,0.9980079531669617,0.8108243346214294
YNL128W,YDR342C,0,-2.71239,0.11001317203044891,0.9980079531669617,0.8109243512153625
YJL106W,YGL198W,0,-2.712788,0.1100010946393013,0.9980079531669617,0.8110244274139404
YKR069W,YKL189W,0,-2.7128055,0.10998902469873428,0.9980079531669617,0.8111244440078735
YMR262W,YOR159C,0,-2.7129815,0.10997694730758667,0.9980079531669617,0.8112244606018066
YGL053W,YKL068W,0,-2.7134478,0.10996488481760025,0.9980079531669617,0.8113245368003845
YNL227C,YGR086C,0,-2.7134483,0.10995281487703323,0.9980079531669617,0.8114245533943176
YGR087C,YML002W,0,-2.7142646,0.10994075238704681,0.9980079531669617,0.8115246295928955
YOR202W,YER170W,0,-2.7142918,0.1099286898970604,0.9980079531669617,0.8116246461868286
YHR126C,YPL122C,0,-2.7143164,0.10991662740707397,0.9980079531669617,0.8117246627807617
YBR299W,YGL035C,0,-2.7143867,0.10990457236766815,0.9980079531669617,0.8118247389793396
YPL128C,YGR066C,0,-2.714576,0.10989251732826233,0.9980079531669617,0.8119247555732727
YKR102W,YGL092W,0,-2.7147853,0.1098804697394371,0.9980079531669617,0.8120248317718506
YML002W,YBR242W,0,-2.7154453,0.10986842215061188,0.9980079531669617,0.8121248483657837
YJL021C,YDR461W,0,-2.7158687,0.10985637456178665,0.9980079531669617,0.8122248649597168
YFR022W,YDR443C,0,-2.7163582,0.10984433442354202,0.9980079531669617,0.8123249411582947
YBL015W,YHR045W,0,-2.7168353,0.1098322942852974,0.9980079531669617,0.8124249577522278
YOR374W,YOL145C,0,-2.7168567,0.10982025414705276,0.9980079531669617,0.8125250339508057
YOR383C,YGL031C,0,-2.717031,0.10980822145938873,0.9980079531669617,0.8126250505447388
YHR189W,YDR277C,0,-2.717142,0.1097961887717247,0.9980079531669617,0.8127250671386719
YNL194C,YOL073C,0,-2.7175643,0.10978415608406067,0.9980079531669617,0.8128251433372498
YOR378W,YMR283C,0,-2.7177045,0.10977213084697723,0.9980079531669617,0.8129251599311829
YCL044C,YKL161C,0,-2.7184155,0.1097601056098938,0.9980079531669617,0.8130252361297607
YNL173C,YHR186C,0,-2.7185738,0.10974808037281036,0.9980079531669617,0.8131252527236938
YEL012W,YJR112W,0,-2.718706,0.10973606258630753,0.9980079531669617,0.813225269317627
YJL164C,YDR407C,0,-2.7187111,0.10972404479980469,0.9980079531669617,0.8133253455162048
YJL171C,YFR007W,0,-2.7188752,0.10971203446388245,0.9980079531669617,0.8134253621101379
YPL219W,YGR006W,0,-2.718928,0.1097000241279602,0.9980079531669617,0.8135254383087158
YLR341W,YDR315C,0,-2.7199562,0.10968801379203796,0.9980079531669617,0.8136254549026489
YOR026W,YPL046C,0,-2.7200863,0.10967600345611572,0.9980079531669617,0.813725471496582
YDL241W,YML052W,0,-2.720674,0.10966400057077408,0.9980079531669617,0.8138255476951599
YIL042C,YCR066W,0,-2.7207043,0.10965200513601303,0.9980079531669617,0.813925564289093
YDR475C,YKR022C,0,-2.720727,0.10964000225067139,0.9980079531669617,0.8140255808830261
YNL192W,YDR406W,0,-2.7208512,0.10962800681591034,0.9980079531669617,0.814125657081604
YDL015C,YGR247W,0,-2.7208798,0.10961601883172989,0.9980079531669617,0.8142256736755371
YFL002C,YKR013W,0,-2.7210248,0.10960402339696884,0.9980079531669617,0.814325749874115
YNL026W,YGL222C,0,-2.7211583,0.10959203541278839,0.9980079531669617,0.8144257664680481
YKR060W,YGL160W,0,-2.7213485,0.10958005487918854,0.9980079531669617,0.8145257830619812
YDL179W,YLL035W,0,-2.7215726,0.10956806689500809,0.9980079531669617,0.8146258592605591
YCL019W,YJR119C,0,-2.7216985,0.10955609381198883,0.9980079531669617,0.8147258758544922
YMR213W,YDL224C,0,-2.7218213,0.10954411327838898,0.9980079531669617,0.8148259520530701
YMR268W-A,YGL032C,0,-2.7220676,0.10953214019536972,0.9980079531669617,0.8149259686470032
YML029W,YJL099W,0,-2.7226372,0.10952016711235046,0.9980079531669617,0.8150259852409363
YDR173C,YJL052W,0,-2.7233348,0.10950819402933121,0.9980079531669617,0.8151260614395142
YFR051C,YGR066C,0,-2.723391,0.10949622839689255,0.9980079531669617,0.8152260780334473
YDR201W,YNL155W,0,-2.723577,0.10948426276445389,0.9980079531669617,0.8153261542320251
YCR040W,YNL173C,0,-2.7237928,0.10947230458259583,0.9980079531669617,0.8154261708259583
YHR011W,YDR079W,0,-2.7238295,0.10946034640073776,0.9980079531669617,0.8155261874198914
YNL272C,YLL017W,0,-2.7239015,0.1094483882188797,0.9980079531669617,0.8156262636184692
YDL052C,YDR267C,0,-2.7243187,0.10943643748760223,0.9980079531669617,0.8157262802124023
YNL182C,YOL159C,0,-2.7243636,0.10942448675632477,0.9980079531669617,0.8158263564109802
YAL068C,YGR211W,0,-2.7243822,0.1094125360250473,0.9980079531669617,0.8159263730049133
YIL136W,YLR218C,0,-2.7244208,0.10940059274435043,0.9980079531669617,0.8160263895988464
YFL002C,YHL044W,0,-2.7244418,0.10938864946365356,0.9980079531669617,0.8161264657974243
YJL121C,YDR109C,0,-2.7244527,0.1093767061829567,0.9980079531669617,0.8162264823913574
YER177W,YGR201C,0,-2.725085,0.10936477035284042,0.9980079531669617,0.8163265585899353
YNL182C,YCR104W,0,-2.7252347,0.10935283452272415,0.9980079531669617,0.8164265751838684
YMR087W,YKL084W,0,-2.725652,0.10934089869260788,0.9980079531669617,0.8165265917778015
YMR149W,YFL048C,0,-2.7258,0.1093289703130722,0.9980079531669617,0.8166266679763794
YMR278W,YBR299W,0,-2.7260144,0.10931704193353653,0.9980079531669617,0.8167266845703125
YPR013C,YGL057C,0,-2.72603,0.10930511355400085,0.9980079531669617,0.8168267011642456
YDL019C,YBR054W,0,-2.7268093,0.10929319262504578,0.9980079531669617,0.8169267773628235
YER177W,YGR127W,0,-2.7270033,0.1092812716960907,0.9980079531669617,0.8170267939567566
YDR201W,YPL134C,0,-2.7270076,0.10926935821771622,0.9980079531669617,0.8171268701553345
YHR055C,YOR192C,0,-2.7271392,0.10925744473934174,0.9980079531669617,0.8172268867492676
YIL037C,YBR046C,0,-2.7272933,0.10924553126096725,0.9980079531669617,0.8173269033432007
YOL071W,YJL035C,0,-2.727668,0.10923361778259277,0.9980079531669617,0.8174269795417786
YCR041W,YOL031C,0,-2.7282689,0.10922171175479889,0.9980079531669617,0.8175269961357117
YPL063W,YDR541C,0,-2.7285407,0.109209805727005,0.9980079531669617,0.8176270723342896
YDR499W,YMR167W,0,-2.7286174,0.10919790714979172,0.9980079531669617,0.8177270889282227
YBR029C,YMR250W,0,-2.728854,0.10918600857257843,0.9980079531669617,0.8178271055221558
YDR026C,YFL020C,0,-2.7289922,0.10917410999536514,0.9980079531669617,0.8179271817207336
YHR092C,YOR049C,0,-2.7294638,0.10916221886873245,0.9980079531669617,0.8180271983146667
YBR101C,YLR251W,0,-2.730049,0.10915032774209976,0.9980079531669617,0.8181272745132446
YLR332W,YPL007C,0,-2.7302907,0.10913843661546707,0.9980079531669617,0.8182272911071777
YBR035C,YJL221C,0,-2.7313004,0.10912655293941498,0.9980079531669617,0.8183273077011108
YDL161W,YGR258C,0,-2.732062,0.10911466926336288,0.9980079531669617,0.8184273838996887
YGR077C,YCR093W,0,-2.7321985,0.10910278558731079,0.9980079531669617,0.8185274004936218
YJR133W,YOL067C,0,-2.7322826,0.1090909093618393,0.9980079531669617,0.8186274766921997
YBR123C,YPR015C,0,-2.732397,0.1090790331363678,0.9980079531669617,0.8187274932861328
YGR221C,YLR083C,0,-2.7326844,0.1090671569108963,0.9980079531669617,0.8188275098800659
YGL212W,YNL045W,0,-2.7328098,0.1090552881360054,0.9980079531669617,0.8189275860786438
YDR171W,YDR473C,0,-2.7334394,0.1090434193611145,0.9980079531669617,0.8190276026725769
YJR098C,YPL198W,0,-2.7340715,0.1090315580368042,0.9980079531669617,0.8191276788711548
YPL148C,YKR077W,0,-2.734077,0.1090196967124939,0.9980079531669617,0.8192276954650879
YLR103C,YMR167W,0,-2.7341778,0.1090078353881836,0.9980079531669617,0.819327712059021
YDR185C,YCL044C,0,-2.7342012,0.10899597406387329,0.9980079531669617,0.8194277882575989
YNL125C,YDL241W,0,-2.734357,0.10898412019014359,0.9980079531669617,0.819527804851532
YBL047C,YPR024W,0,-2.7347238,0.10897226631641388,0.9980079531669617,0.8196278214454651
YML121W,YNR058W,0,-2.7349012,0.10896041989326477,0.9980079531669617,0.819727897644043
YLR278C,YDL197C,0,-2.7352436,0.10894857347011566,0.9980079531669617,0.8198279142379761
YKR102W,YGL186C,0,-2.7358105,0.10893672704696655,0.9980079531669617,0.819927990436554
YJR152W,YMR092C,0,-2.7360508,0.10892488062381744,0.9980079531669617,0.8200280070304871
YIL044C,YDR179W-A,0,-2.7364714,0.10891304165124893,0.9980079531669617,0.8201280236244202
YDR205W,YMR102C,0,-2.736622,0.10890120267868042,0.9980079531669617,0.820228099822998
YDR173C,YML109W,0,-2.7367432,0.1088893711566925,0.9980079531669617,0.8203281164169312
YOR231W,YOR180C,0,-2.7367787,0.10887753963470459,0.9980079531669617,0.820428192615509
YPL216W,YDL045W-A,0,-2.7369163,0.10886570811271667,0.9980079531669617,0.8205282092094421
YIL042C,YBR253W,0,-2.737336,0.10885388404130936,0.9980079531669617,0.8206282258033752
YEL011W,YFR021W,0,-2.7375064,0.10884205996990204,0.9980079531669617,0.8207283020019531
YMR081C,YCR066W,0,-2.7383778,0.10883023589849472,0.9980079531669617,0.8208283185958862
YGL200C,YGR241C,0,-2.7389944,0.108818419277668,0.9980079531669617,0.8209283947944641
YCL037C,YML030W,0,-2.7391798,0.10880660265684128,0.9980079531669617,0.8210284113883972
YCL060C,YOR180C,0,-2.7393029,0.10879478603601456,0.9980079531669617,0.8211284279823303
YOR002W,YPL276W,0,-2.7397034,0.10878297686576843,0.9980079531669617,0.8212285041809082
YFL060C,YLR155C,0,-2.7406018,0.10877116769552231,0.9980079531669617,0.8213285207748413
YJR149W,YNL291C,0,-2.7410786,0.10875935852527618,0.9980079531669617,0.8214285969734192
YIL089W,YER177W,0,-2.741728,0.10874755680561066,0.9980079531669617,0.8215286135673523
YDR109C,YNR047W,0,-2.7418206,0.10873575508594513,0.9980079531669617,0.8216286301612854
YPR182W,YOR196C,0,-2.7432585,0.1087239608168602,0.9980079531669617,0.8217287063598633
YAL002W,YAL014C,0,-2.743487,0.10871215909719467,0.9980079531669617,0.8218287229537964
YJR066W,YLR439W,0,-2.7438302,0.10870037227869034,0.9980079531669617,0.8219287991523743
YHR045W,YOR307C,0,-2.744202,0.10868857800960541,0.9980079531669617,0.8220288157463074
YJL200C,YMR195W,0,-2.7443757,0.10867679119110107,0.9980079531669617,0.8221288323402405
YIL011W,YGL227W,0,-2.7450001,0.10866500437259674,0.9980079531669617,0.8222289085388184
YDR319C,YNL210W,0,-2.7451868,0.10865321755409241,0.9980079531669617,0.8223289251327515
YDR315C,YLR035C,0,-2.7454221,0.10864143818616867,0.9980079531669617,0.8224290013313293
YBR035C,YJR138W,0,-2.7457612,0.10862965881824493,0.9980079531669617,0.8225290179252625
YDR253C,YGL223C,0,-2.7458127,0.1086178869009018,0.9980079531669617,0.8226290345191956
YOL065C,YBR294W,0,-2.7459,0.10860611498355865,0.9980079531669617,0.8227291107177734
YBR029C,YDR342C,0,-2.7462409,0.10859434306621552,0.9980079531669617,0.8228291273117065
YDR253C,YBR105C,0,-2.7469392,0.10858257114887238,0.9980079531669617,0.8229291439056396
YJR066W,YHL008C,0,-2.7474976,0.10857080668210983,0.9980079531669617,0.8230292201042175
YML127W,YJL221C,0,-2.7478378,0.10855904966592789,0.9980079531669617,0.8231292366981506
YIL089W,YOR356W,0,-2.747887,0.10854728519916534,0.9980079531669617,0.8232293128967285
YNL172W,YJR001W,0,-2.7479374,0.1085355281829834,0.9980079531669617,0.8233293294906616
YFR020W,YIL014W,0,-2.7483976,0.10852377116680145,0.9980079531669617,0.8234293460845947
YDR439W,YLR370C,0,-2.7485683,0.1085120216012001,0.9980079531669617,0.8235294222831726
YLL017W,YOR180C,0,-2.7486074,0.10850027203559875,0.9980079531669617,0.8236294388771057
YNR043W,YGL005C,0,-2.7486112,0.1084885224699974,0.9980079531669617,0.8237295150756836
YBR024W,YBR242W,0,-2.748793,0.10847678035497665,0.9980079531669617,0.8238295316696167
YKL191W,YLR270W,0,-2.749029,0.1084650382399559,0.9980079531669617,0.8239295482635498
YGR006W,YOR338W,0,-2.749496,0.10845329612493515,0.9980079531669617,0.8240296244621277
YJL167W,YDR109C,0,-2.7500548,0.108441561460495,0.9980079531669617,0.8241296410560608
YDR069C,YLR310C,0,-2.7500594,0.10842982679605484,0.9980079531669617,0.8242297172546387
YKR068C,YGL035C,0,-2.7500956,0.10841809213161469,0.9980079531669617,0.8243297338485718
YKL091C,YHR048W,0,-2.750172,0.10840636491775513,0.9980079531669617,0.8244297504425049
YKL204W,YNL155W,0,-2.7501895,0.10839463770389557,0.9980079531669617,0.8245298266410828
YMR068W,YJL029C,0,-2.7501926,0.10838291049003601,0.9980079531669617,0.8246298432350159
YJR086W,YPL046C,0,-2.7504618,0.10837119072675705,0.9980079531669617,0.8247299194335938
YLR343W,YHR009C,0,-2.750746,0.10835947096347809,0.9980079531669617,0.8248299360275269
YOL159C,YKL093W,0,-2.7515523,0.10834775120019913,0.9980079531669617,0.82492995262146
YFR051C,YHL048W,0,-2.7515647,0.10833603888750076,0.9980079531669617,0.8250300288200378
YMR102C,YMR217W,0,-2.7517729,0.1083243265748024,0.9980079531669617,0.825130045413971
YPR013C,YML109W,0,-2.7519271,0.10831261426210403,0.9980079531669617,0.8252301216125488
YNR017W,YFR020W,0,-2.752204,0.10830090939998627,0.9980079531669617,0.8253301382064819
YGR049W,YGR041W,0,-2.7523482,0.1082892045378685,0.9980079531669617,0.825430154800415
YDR541C,YNL231C,0,-2.752587,0.10827749967575073,0.9980079531669617,0.8255302309989929
YCL034W,YEL043W,0,-2.752604,0.10826580226421356,0.9980079531669617,0.825630247592926
YNL263C,YIR030C,0,-2.7530982,0.10825410485267639,0.9980079531669617,0.8257302641868591
YMR278W,YER147C,0,-2.7531078,0.10824240744113922,0.9980079531669617,0.825830340385437
YKL213C,YPL276W,0,-2.7533505,0.10823071748018265,0.9980079531669617,0.8259303569793701
YNR058W,YGL107C,0,-2.75346,0.10821902751922607,0.9980079531669617,0.826030433177948
YOR292C,YDR446W,0,-2.7535226,0.1082073450088501,0.9980079531669617,0.8261304497718811
YDR083W,YFL011W,0,-2.7535942,0.10819566249847412,0.9980079531669617,0.8262304663658142
YKL116C,YOL159C,0,-2.7538505,0.10818397998809814,0.9980079531669617,0.8263305425643921
YPL019C,YFR012W,0,-2.7542174,0.10817229747772217,0.9980079531669617,0.8264305591583252
YML127W,YKL114C,0,-2.7544553,0.10816062241792679,0.9980079531669617,0.8265306353569031
YJR010C-A,YMR322C,0,-2.755172,0.10814894735813141,0.9980079531669617,0.8266306519508362
YOL159C,YGL070C,0,-2.7555482,0.10813727974891663,0.9980079531669617,0.8267306685447693
YPR109W,YFR007W,0,-2.7556202,0.10812560468912125,0.9980079531669617,0.8268307447433472
YNL037C,YGL056C,0,-2.7564352,0.10811393707990646,0.9980079531669617,0.8269307613372803
YBR114W,YDL211C,0,-2.7564607,0.10810227692127228,0.9980079531669617,0.8270308375358582
YML030W,YDR047W,0,-2.7565913,0.10809061676263809,0.9980079531669617,0.8271308541297913
YOR279C,YJL057C,0,-2.757252,0.1080789566040039,0.9980079531669617,0.8272308707237244
YDL015C,YDR222W,0,-2.7575226,0.10806729644536972,0.9980079531669617,0.8273309469223022
YNR032W,YDR138W,0,-2.7577965,0.10805564373731613,0.9980079531669617,0.8274309635162354
YNL247W,YER170W,0,-2.7578099,0.10804399102926254,0.9980079531669617,0.8275310397148132
YPL162C,YLR148W,0,-2.757826,0.10803234577178955,0.9980079531669617,0.8276310563087463
YGL105W,YGL222C,0,-2.7586324,0.10802070051431656,0.9980079531669617,0.8277310729026794
YPR106W,YGL075C,0,-2.7593281,0.10800905525684357,0.9980079531669617,0.8278311491012573
YMR207C,YIL023C,0,-2.759518,0.10799740999937057,0.9980079531669617,0.8279311656951904
YOR329C,YDR416W,0,-2.7599015,0.10798577219247818,0.9980079531669617,0.8280312418937683
YIL070C,YAL014C,0,-2.7603445,0.10797413438558578,0.9980079531669617,0.8281312584877014
YEL016C,YFR050C,0,-2.7603652,0.10796250402927399,0.9980079531669617,0.8282312750816345
YKL034W,YBL046W,0,-2.7604678,0.10795087367296219,0.9980079531669617,0.8283313512802124
YDL177C,YOL114C,0,-2.7605376,0.10793924331665039,0.9980079531669617,0.8284313678741455
YBR253W,YCL019W,0,-2.760586,0.10792762041091919,0.9980079531669617,0.8285313844680786
YGR020C,YPR157W,0,-2.760698,0.10791599005460739,0.9980079531669617,0.8286314606666565
YPL022W,YMR250W,0,-2.7610857,0.10790437459945679,0.9980079531669617,0.8287314772605896
YNL230C,YDR307W,0,-2.7613163,0.10789275169372559,0.9980079531669617,0.8288315534591675
YLR102C,YLR016C,0,-2.761916,0.10788113623857498,0.9980079531669617,0.8289315700531006
YNL077W,YPL121C,0,-2.7622654,0.10786952078342438,0.9980079531669617,0.8290315866470337
YKL183W,YGR230W,0,-2.7627146,0.10785791277885437,0.9980079531669617,0.8291316628456116
YKL213C,YHL030W,0,-2.7628448,0.10784630477428436,0.9980079531669617,0.8292316794395447
YOL142W,YBR071W,0,-2.7630417,0.10783469676971436,0.9980079531669617,0.8293317556381226
YPL169C,YIL136W,0,-2.763326,0.10782309621572495,0.9980079531669617,0.8294317722320557
YPL111W,YOR002W,0,-2.7633998,0.10781148821115494,0.9980079531669617,0.8295317888259888
YNL148C,YDR065W,0,-2.7634704,0.10779989510774612,0.9980079531669617,0.8296318650245667
YGL158W,YOL091W,0,-2.763612,0.10778829455375671,0.9980079531669617,0.8297318816184998
YLR362W,YOR034C,0,-2.763769,0.1077767014503479,0.9980079531669617,0.8298319578170776
YIL106W,YKR091W,0,-2.7644422,0.10776510834693909,0.9980079531669617,0.8299319744110107
YGR277C,YHR132C,0,-2.764612,0.10775352269411087,0.9980079531669617,0.8300319910049438
YLR057W,YLR166C,0,-2.7646263,0.10774193704128265,0.9980079531669617,0.8301320672035217
YOR095C,YFL055W,0,-2.764673,0.10773035138845444,0.9980079531669617,0.8302320837974548
YPR013C,YNL249C,0,-2.7647517,0.10771877318620682,0.9980079531669617,0.8303321599960327
YPL246C,YMR321C,0,-2.7648804,0.1077071875333786,0.9980079531669617,0.8304321765899658
YHR001W-A,YGR150C,0,-2.7649915,0.10769561678171158,0.9980079531669617,0.8305321931838989
YPL028W,YPL083C,0,-2.765022,0.10768403857946396,0.9980079531669617,0.8306322693824768
YNL263C,YMR176W,0,-2.7651165,0.10767246782779694,0.9980079531669617,0.8307322859764099
YKL162C,YJL100W,0,-2.7658231,0.10766089707612991,0.9980079531669617,0.8308323621749878
YOR378W,YGL153W,0,-2.7661183,0.10764933377504349,0.9980079531669617,0.8309323787689209
YER022W,YER147C,0,-2.7661617,0.10763777047395706,0.9980079531669617,0.831032395362854
YBL072C,YDR342C,0,-2.766408,0.10762620717287064,0.9980079531669617,0.8311324715614319
YOL159C,YNL110C,0,-2.7664926,0.10761465132236481,0.9980079531669617,0.831232488155365
YLL010C,YPR015C,0,-2.7666595,0.10760309547185898,0.9980079531669617,0.8313325047492981
YGR149W,YDR160W,0,-2.7668872,0.10759153962135315,0.9980079531669617,0.831432580947876
YKL035W,YOR307C,0,-2.7669792,0.10757998377084732,0.9980079531669617,0.8315325975418091
YPL244C,YPR054W,0,-2.7670395,0.10756843537092209,0.9980079531669617,0.831632673740387
YDR137W,YDL067C,0,-2.7672908,0.10755689442157745,0.9980079531669617,0.8317326903343201
YBR299W,YJR010C-A,0,-2.7676346,0.10754534602165222,0.9980079531669617,0.8318327069282532
YPL215W,YIL066C,0,-2.768191,0.10753380507230759,0.9980079531669617,0.831932783126831
YMR099C,YPL050C,0,-2.7683642,0.10752226412296295,0.9980079531669617,0.8320327997207642
YOR337W,YGL053W,0,-2.768529,0.10751073062419891,0.9980079531669617,0.832132875919342
YPR082C,YNL210W,0,-2.7691638,0.10749919712543488,0.9980079531669617,0.8322328925132751
YJR149W,YNL021W,0,-2.7695389,0.10748766362667084,0.9980079531669617,0.8323329091072083
YFR022W,YHR132C,0,-2.769863,0.1074761375784874,0.9980079531669617,0.8324329853057861
YGL160W,YOR279C,0,-2.7702477,0.10746460407972336,0.9980079531669617,0.8325330018997192
YNL166C,YBR132C,0,-2.7703207,0.10745308548212051,0.9980079531669617,0.8326330780982971
YNL194C,YKR060W,0,-2.7710707,0.10744155943393707,0.9980079531669617,0.8327330946922302
YLR157C,YPR024W,0,-2.7715065,0.10743004083633423,0.9980079531669617,0.8328331112861633
YLR246W,YKL055C,0,-2.7718697,0.10741852223873138,0.9980079531669617,0.8329331874847412
YFL051C,YOR279C,0,-2.7719257,0.10740701109170914,0.9980079531669617,0.8330332040786743
YML002W,YJL100W,0,-2.7720015,0.10739549994468689,0.9980079531669617,0.8331332802772522
YML008C,YDR023W,0,-2.7720473,0.10738398879766464,0.9980079531669617,0.8332332968711853
YPR013C,YHR166C,0,-2.7721767,0.10737248510122299,0.9980079531669617,0.8333333134651184
YMR169C,YML100W,0,-2.7722046,0.10736097395420074,0.9980079531669617,0.8334333896636963
YLR278C,YIL014W,0,-2.7722497,0.10734947770833969,0.9980079531669617,0.8335334062576294
YHR002W,YIL044C,0,-2.7726657,0.10733797401189804,0.9980079531669617,0.8336334824562073
YLR079W,YDL093W,0,-2.7728891,0.10732647776603699,0.9980079531669617,0.8337334990501404
YHR119W,YMR262W,0,-2.7729235,0.10731498152017593,0.9980079531669617,0.8338335156440735
YJR133W,YNL223W,0,-2.77369,0.10730349272489548,0.9980079531669617,0.8339335918426514
YIR037W,YKR022C,0,-2.7737653,0.10729200392961502,0.9980079531669617,0.8340336084365845
YML102W,YDR295C,0,-2.7738569,0.10728051513433456,0.9980079531669617,0.8341336250305176
YNL128W,YGL160W,0,-2.7739713,0.10726902633905411,0.9980079531669617,0.8342337012290955
YHR034C,YDR539W,0,-2.774687,0.10725754499435425,0.9980079531669617,0.8343337178230286
YHR132C,YNL297C,0,-2.7749145,0.10724606364965439,0.9980079531669617,0.8344337940216064
YOR386W,YBR071W,0,-2.7751958,0.10723458975553513,0.9980079531669617,0.8345338106155396
YMR203W,YBR054W,0,-2.7752905,0.10722311586141586,0.9980079531669617,0.8346338272094727
YNL045W,YDR253C,0,-2.775398,0.1072116419672966,0.9980079531669617,0.8347339034080505
YFR021W,YIL093C,0,-2.7754595,0.10720016807317734,0.9980079531669617,0.8348339200019836
YPR121W,YDL144C,0,-2.775554,0.10718870162963867,0.9980079531669617,0.8349339962005615
YIL035C,YPL186C,0,-2.7758455,0.1071772351861,0.9980079531669617,0.8350340127944946
YNL259C,YDR069C,0,-2.7759688,0.10716577619314194,0.9980079531669617,0.8351340293884277
YKL204W,YER004W,0,-2.775976,0.10715431720018387,0.9980079531669617,0.8352341055870056
YFL034W,YER177W,0,-2.776026,0.1071428582072258,0.9980079531669617,0.8353341221809387
YDL076C,YOL004W,1,-2.7760704,0.10723832249641418,0.9990040063858032,0.8353341221809387
YNL146W,YLR439W,0,-2.7761476,0.10722685605287552,0.9990040063858032,0.8354341983795166
YGR040W,YOL071W,0,-2.7765,0.10721538960933685,0.9990040063858032,0.8355342149734497
YKL116C,YML052W,0,-2.7766068,0.10720393061637878,0.9990040063858032,0.8356342315673828
YOR317W,YDR312W,0,-2.7767878,0.10719247907400131,0.9990040063858032,0.8357343077659607
YHR153C,YPL147W,0,-2.777212,0.10718102008104324,0.9990040063858032,0.8358343243598938
YHR207C,YIR039C,0,-2.7777226,0.10716956853866577,0.9990040063858032,0.8359344005584717
YFL060C,YPL134C,0,-2.7778609,0.1071581169962883,0.9990040063858032,0.8360344171524048
YOR335C,YIL121W,0,-2.7779624,0.10714667290449142,0.9990040063858032,0.8361344337463379
YDR434W,YGR150C,0,-2.7781272,0.10713522881269455,0.9990040063858032,0.8362345099449158
YMR213W,YDL239C,0,-2.7782753,0.10712378472089767,0.9990040063858032,0.8363345265388489
YOL051W,YML002W,0,-2.7792094,0.1071123480796814,0.9990040063858032,0.8364346027374268
YDR179W-A,YGL219C,0,-2.7811134,0.10710090398788452,0.9990040063858032,0.8365346193313599
YGR141W,YGL015C,0,-2.781167,0.10708947479724884,0.9990040063858032,0.836634635925293
YNL263C,YLR026C,0,-2.7814462,0.10707803815603256,0.9990040063858032,0.8367347121238708
YDR402C,YNL152W,0,-2.7818034,0.10706660896539688,0.9990040063858032,0.836834728717804
YDR372C,YDR003W,0,-2.7819982,0.1070551797747612,0.9990040063858032,0.8369347453117371
YLR370C,YKL093W,0,-2.7821264,0.10704375803470612,0.9990040063858032,0.8370348215103149
YDL005C,YGR006W,0,-2.7822683,0.10703233629465103,0.9990040063858032,0.837134838104248
YBR046C,YGR060W,0,-2.7823577,0.10702091455459595,0.9990040063858032,0.8372349143028259
YEL032W,YLR271W,0,-2.7824202,0.10700949281454086,0.9990040063858032,0.837334930896759
YHL008C,YNL152W,0,-2.7825985,0.10699807852506638,0.9990040063858032,0.8374349474906921
YLR166C,YGL205W,0,-2.7826393,0.10698666423559189,0.9990040063858032,0.83753502368927
YBL004W,YMR114C,0,-2.7826881,0.106975257396698,0.9990040063858032,0.8376350402832031
YDR499W,YJR119C,0,-2.7828238,0.10696385055780411,0.9990040063858032,0.837735116481781
YOR084W,YDR372C,0,-2.783092,0.10695244371891022,0.9990040063858032,0.8378351330757141
YDR319C,YGR246C,0,-2.7831955,0.10694103688001633,0.9990040063858032,0.8379351496696472
YMR017W,YOR339C,0,-2.7833502,0.10692963749170303,0.9990040063858032,0.8380352258682251
YKL091C,YJR152W,0,-2.78386,0.10691823810338974,0.9990040063858032,0.8381352424621582
YHR098C,YDL214C,0,-2.7843528,0.10690684616565704,0.9990040063858032,0.8382353186607361
YPR054W,YMR240C,0,-2.784539,0.10689544677734375,0.9990040063858032,0.8383353352546692
YPR106W,YDR423C,0,-2.7846286,0.10688405483961105,0.9990040063858032,0.8384353518486023
YOR273C,YPR016C,0,-2.7849,0.10687267035245895,0.9990040063858032,0.8385354280471802
YIL074C,YER150W,0,-2.7851303,0.10686128586530685,0.9990040063858032,0.8386354446411133
YLL066C,YPR141C,0,-2.785145,0.10684990137815475,0.9990040063858032,0.8387355208396912
YJL196C,YJR068W,0,-2.7853036,0.10683851689100266,0.9990040063858032,0.8388355374336243
YCL063W,YKL189W,0,-2.7857544,0.10682713985443115,0.9990040063858032,0.8389355540275574
YBL052C,YDR222W,0,-2.7859173,0.10681576281785965,0.9990040063858032,0.8390356302261353
YLR304C,YPL283C,0,-2.7859242,0.10680438578128815,0.9990040063858032,0.8391356468200684
YER111C,YDR482C,0,-2.7862055,0.10679301619529724,0.9990040063858032,0.8392357230186462
YDR342C,YMR217W,0,-2.7862937,0.10678164660930634,0.9990040063858032,0.8393357396125793
YPR034W,YLR370C,0,-2.786636,0.10677027702331543,0.9990040063858032,0.8394357562065125
YDL177C,YMR262W,0,-2.7871363,0.10675891488790512,0.9990040063858032,0.8395358324050903
YDR115W,YOR219C,0,-2.7874105,0.10674755275249481,0.9990040063858032,0.8396358489990234
YMR081C,YML062C,0,-2.7874563,0.1067361906170845,0.9990040063858032,0.8397358655929565
YGR087C,YPL122C,0,-2.7879295,0.10672483593225479,0.9990040063858032,0.8398359417915344
YML102W,YDR285W,0,-2.7881482,0.10671348124742508,0.9990040063858032,0.8399359583854675
YJR124C,YML016C,0,-2.788151,0.10670212656259537,0.9990040063858032,0.8400360345840454
YDR107C,YOR065W,0,-2.7886384,0.10669077932834625,0.9990040063858032,0.8401360511779785
YHR126C,YLR233C,0,-2.788907,0.10667943209409714,0.9990040063858032,0.8402360677719116
YNL230C,YPR184W,0,-2.7894843,0.10666808485984802,0.9990040063858032,0.8403361439704895
YDR222W,YDL076C,0,-2.7899535,0.1066567450761795,0.9990040063858032,0.8404361605644226
YJL163C,YDR210W,0,-2.790199,0.10664539784193039,0.9990040063858032,0.8405362367630005
YDR315C,YHR020W,0,-2.7904358,0.10663406550884247,0.9990040063858032,0.8406362533569336
YDR179W-A,YCR104W,0,-2.7904496,0.10662272572517395,0.9990040063858032,0.8407362699508667
YHR098C,YFR020W,0,-2.7908103,0.10661139339208603,0.9990040063858032,0.8408363461494446
YDR488C,YKL061W,0,-2.791157,0.10660006105899811,0.9990040063858032,0.8409363627433777
YJR124C,YLR155C,0,-2.7919228,0.10658873617649078,0.9990040063858032,0.8410364389419556
YDR041W,YLR299W,0,-2.7923243,0.10657741129398346,0.9990040063858032,0.8411364555358887
YNR017W,YLR271W,0,-2.792863,0.10656608641147614,0.9990040063858032,0.8412364721298218
YLR370C,YMR247C,0,-2.7929049,0.10655476152896881,0.9990040063858032,0.8413365483283997
YLR037C,YHL030W,0,-2.793321,0.10654344409704208,0.9990040063858032,0.8414365649223328
YIL042C,YBR017C,0,-2.7933679,0.10653212666511536,0.9990040063858032,0.8415366411209106
YFL049W,YLL010C,0,-2.7937143,0.10652081668376923,0.9990040063858032,0.8416366577148438
YLR115W,YDR407C,0,-2.7945154,0.1065095067024231,0.9990040063858032,0.8417366743087769
YNL333W,YDL111C,0,-2.7945685,0.10649819672107697,0.9990040063858032,0.8418367505073547
YIL113W,YDR047W,0,-2.7948987,0.10648688673973083,0.9990040063858032,0.8419367671012878
YKL026C,YGL200C,0,-2.7949183,0.1064755842089653,0.9990040063858032,0.8420368432998657
YMR323W,YGR246C,0,-2.7949626,0.10646428167819977,0.9990040063858032,0.8421368598937988
YKL034W,YHR062C,0,-2.7950783,0.10645297914743423,0.9990040063858032,0.8422368764877319
YDR351W,YBL059W,0,-2.795606,0.1064416840672493,0.9990040063858032,0.8423369526863098
YGR118W,YGL053W,0,-2.7957036,0.10643038898706436,0.9990040063858032,0.8424369692802429
YOL159C,YDR003W,0,-2.7958004,0.10641910135746002,0.9990040063858032,0.842536985874176
YPL216W,YLR439W,0,-2.7965147,0.10640780627727509,0.9990040063858032,0.8426370620727539
YNL045W,YNL070W,0,-2.796674,0.10639651864767075,0.9990040063858032,0.842737078666687
YGL013C,YNL127W,0,-2.7978601,0.106385238468647,0.9990040063858032,0.8428371548652649
YMR011W,YJL221C,0,-2.7979558,0.10637395083904266,0.9990040063858032,0.842937171459198
YFR021W,YOL066C,0,-2.7984028,0.10636267066001892,0.9990040063858032,0.8430371880531311
YHR045W,YLR390W,0,-2.7984445,0.10635139793157578,0.9990040063858032,0.843137264251709
YKL204W,YOL004W,0,-2.7989078,0.10634011775255203,0.9990040063858032,0.8432372808456421
YGL104C,YGL107C,0,-2.8002741,0.10632884502410889,0.9990040063858032,0.84333735704422
YOL001W,YGR201C,0,-2.8005316,0.10631757229566574,0.9990040063858032,0.8434373736381531
YKR034W,YBR088C,0,-2.8011067,0.10630630701780319,0.9990040063858032,0.8435373902320862
YER095W,YKR016W,0,-2.80117,0.10629504173994064,0.9990040063858032,0.8436374664306641
YOR231W,YNL077W,0,-2.8012953,0.1062837764620781,0.9990040063858032,0.8437374830245972
YGR262C,YOR075W,0,-2.8014827,0.10627251863479614,0.9990040063858032,0.843837559223175
YJL081C,YDR109C,0,-2.8015602,0.1062612533569336,0.9990040063858032,0.8439375758171082
YKL204W,YGL002W,0,-2.8017232,0.10625000298023224,0.9990040063858032,0.8440375924110413
YBR195C,YGR201C,0,-2.802281,0.10623874515295029,0.9990040063858032,0.8441376686096191
YJL061W,YHL044W,0,-2.8023589,0.10622749477624893,0.9990040063858032,0.8442376852035522
YPL140C,YFR021W,0,-2.8024685,0.10621624439954758,0.9990040063858032,0.8443377614021301
YIR017C,YMR116C,0,-2.8032563,0.10620500147342682,0.9990040063858032,0.8444377779960632
YNL250W,YJL112W,0,-2.8037775,0.10619375109672546,0.9990040063858032,0.8445377945899963
YIL046W,YER064C,0,-2.8039744,0.1061825081706047,0.9990040063858032,0.8446378707885742
YOR026W,YLR218C,0,-2.8040211,0.10617127269506454,0.9990040063858032,0.8447378873825073
YMR099C,YMR216C,0,-2.8044074,0.10616003721952438,0.9990040063858032,0.8448379635810852
YGR087C,YGR239C,0,-2.804627,0.10614880174398422,0.9990040063858032,0.8449379801750183
YGR076C,YBR054W,0,-2.8047264,0.10613756626844406,0.9990040063858032,0.8450379967689514
YGL167C,YLR218C,0,-2.805007,0.1061263382434845,0.9990040063858032,0.8451380729675293
YJL172W,YGL028C,0,-2.8056333,0.10611511021852493,0.9990040063858032,0.8452380895614624
YCR063W,YOR002W,0,-2.8057022,0.10610388219356537,0.9990040063858032,0.8453381061553955
YGR227W,YPR071W,0,-2.8061728,0.1060926616191864,0.9990040063858032,0.8454381823539734
YAL024C,YNL173C,0,-2.8062136,0.10608144104480743,0.9990040063858032,0.8455381989479065
YHR079C,YDL144C,0,-2.806267,0.10607022047042847,0.9990040063858032,0.8456382751464844
YHL037C,YOR084W,0,-2.8064015,0.1060590073466301,0.9990040063858032,0.8457382917404175
YDR348C,YDR447C,0,-2.8064082,0.10604778677225113,0.9990040063858032,0.8458383083343506
YPL003W,YDR375C,0,-2.806467,0.10603658109903336,0.9990040063858032,0.8459383845329285
YDR499W,YBL005W,0,-2.8067691,0.10602536797523499,0.9990040063858032,0.8460384011268616
YLR104W,YDL033C,0,-2.807238,0.10601416230201721,0.9990040063858032,0.8461384773254395
YDR047W,YHR012W,0,-2.807327,0.10600295662879944,0.9990040063858032,0.8462384939193726
YMR017W,YJL196C,0,-2.8074942,0.10599175840616226,0.9990040063858032,0.8463385105133057
YGR087C,YBR114W,0,-2.8078578,0.10598056018352509,0.9990040063858032,0.8464385867118835
YGR285C,YNL128W,0,-2.8080952,0.10596936196088791,0.9990040063858032,0.8465386033058167
YNL272C,YIL101C,0,-2.8081658,0.10595816373825073,0.9990040063858032,0.8466386795043945
YMR138W,YHL044W,0,-2.8081691,0.10594697296619415,0.9990040063858032,0.8467386960983276
YDR439W,YDR115W,0,-2.8082323,0.10593578219413757,0.9990040063858032,0.8468387126922607
YNL130C,YKL187C,0,-2.8082788,0.10592459887266159,0.9990040063858032,0.8469387888908386
YPR029C,YBL047C,0,-2.8087447,0.10591340810060501,0.9990040063858032,0.8470388054847717
YKL105C,YER109C,0,-2.8088324,0.10590222477912903,0.9990040063858032,0.8471388816833496
YMR294W,YBL015W,0,-2.809239,0.10589104890823364,0.9990040063858032,0.8472388982772827
YAR035W,YGL057C,0,-2.8098943,0.10587986558675766,0.9990040063858032,0.8473389148712158
YER090W,YBR250W,0,-2.8101366,0.10586868971586227,0.9990040063858032,0.8474389910697937
YMR262W,YBR104W,0,-2.8103292,0.10585752129554749,0.9990040063858032,0.8475390076637268
YKR097W,YNL243W,0,-2.811074,0.1058463454246521,0.9990040063858032,0.8476390838623047
YKR097W,YBL091C,0,-2.8111155,0.10583517700433731,0.9990040063858032,0.8477391004562378
YOR104W,YPR157W,0,-2.8111756,0.10582401603460312,0.9990040063858032,0.8478391170501709
YNR017W,YOR298C-A,0,-2.8117406,0.10581284761428833,0.9990040063858032,0.8479391932487488
YLR270W,YAL011W,0,-2.811881,0.10580168664455414,0.9990040063858032,0.8480392098426819
YKL162C,YOR049C,0,-2.8119264,0.10579052567481995,0.9990040063858032,0.848139226436615
YNL290W,YOR192C,0,-2.8119965,0.10577937215566635,0.9990040063858032,0.8482393026351929
YKL079W,YDL214C,0,-2.81204,0.10576821863651276,0.9990040063858032,0.848339319229126
YGL212W,YNR021W,0,-2.812439,0.10575706511735916,0.9990040063858032,0.8484393954277039
YGL256W,YJR001W,0,-2.8136265,0.10574591159820557,0.9990040063858032,0.848539412021637
YOL051W,YOR131C,0,-2.8136384,0.10573476552963257,0.9990040063858032,0.8486394286155701
YLR332W,YCR002C,0,-2.8136504,0.10572361946105957,0.9990040063858032,0.848739504814148
YMR323W,YGR121C,0,-2.814166,0.10571248084306717,0.9990040063858032,0.848839521408081
YLL017W,YHR031C,0,-2.8143942,0.10570133477449417,0.9990040063858032,0.8489395976066589
YNL045W,YDL045W-A,0,-2.8147252,0.10569020360708237,0.9990040063858032,0.849039614200592
YGR141W,YKL183W,0,-2.8162363,0.10567906498908997,0.9990040063858032,0.8491396307945251
YKL079W,YDR446W,0,-2.816405,0.10566793382167816,0.9990040063858032,0.849239706993103
YMR159C,YDR037W,0,-2.816408,0.10565680265426636,0.9990040063858032,0.8493397235870361
YOL119C,YBL059W,0,-2.8164356,0.10564567148685455,0.9990040063858032,0.849439799785614
YMR087W,YDR461W,0,-2.8171241,0.10563454777002335,0.9990040063858032,0.8495398163795471
YBL033C,YLR360W,0,-2.8173153,0.10562342405319214,0.9990040063858032,0.8496398329734802
YDR026C,YBR291C,0,-2.8174584,0.10561230033636093,0.9990040063858032,0.8497399091720581
YJL146W,YKR014C,0,-2.8178022,0.10560117661952972,0.9990040063858032,0.8498399257659912
YPR122W,YJL142C,0,-2.8181405,0.10559006035327911,0.9990040063858032,0.8499400019645691
YNR032W,YKR100C,0,-2.8185961,0.1055789440870285,0.9990040063858032,0.8500400185585022
YJR149W,YOR113W,0,-2.819128,0.10556783527135849,0.9990040063858032,0.8501400351524353
YPR157W,YKR028W,0,-2.8193676,0.10555672645568848,0.9990040063858032,0.8502401113510132
YER071C,YOR378W,0,-2.8195467,0.10554561764001846,0.9990040063858032,0.8503401279449463
YGR066C,YDR458C,0,-2.8198123,0.10553450882434845,0.9990040063858032,0.8504402041435242
YGR272C,YBR054W,0,-2.8199518,0.10552340745925903,0.9990040063858032,0.8505402207374573
YJL029C,YDR387C,0,-2.8202312,0.10551230609416962,0.9990040063858032,0.8506402373313904
YJL137C,YNL177C,0,-2.8205087,0.1055012121796608,0.9990040063858032,0.8507403135299683
YNL021W,YKL189W,0,-2.8205583,0.10549011081457138,0.9990040063858032,0.8508403301239014
YKL191W,YDR069C,0,-2.8206336,0.10547901690006256,0.9990040063858032,0.8509403467178345
YJR086W,YGL160W,0,-2.8209116,0.10546793043613434,0.9990040063858032,0.8510404229164124
YPL235W,YOR292C,0,-2.8212254,0.10545683652162552,0.9990040063858032,0.8511404395103455
YJR022W,YPL092W,0,-2.8213272,0.1054457500576973,0.9990040063858032,0.8512405157089233
YNL225C,YOR292C,0,-2.8214293,0.10543467104434967,0.9990040063858032,0.8513405323028564
YNL227C,YOR113W,0,-2.82157,0.10542358458042145,0.9990040063858032,0.8514405488967896
YNL194C,YBR189W,0,-2.8219755,0.10541250556707382,0.9990040063858032,0.8515406250953674
YDL239C,YDR475C,0,-2.8229501,0.1054014265537262,0.9990040063858032,0.8516406416893005
YDR170C,YGR149W,0,-2.82354,0.10539035499095917,0.9990040063858032,0.8517407178878784
YGL013C,YHR045W,0,-2.8239298,0.10537928342819214,0.9990040063858032,0.8518407344818115
YDR358W,YNL127W,0,-2.8244154,0.10536821186542511,0.9990040063858032,0.8519407510757446
YGL219C,YDL073W,0,-2.8247988,0.10535714030265808,0.9990040063858032,0.8520408272743225
YOR374W,YEL015W,0,-2.8252008,0.10534607619047165,0.9990040063858032,0.8521408438682556
YOR378W,YHR190W,0,-2.8253496,0.10533501207828522,0.9990040063858032,0.8522409200668335
YKL034W,YGR211W,0,-2.8254383,0.10532395541667938,0.9990040063858032,0.8523409366607666
YOR281C,YDR307W,0,-2.8256547,0.10531289130449295,0.9990040063858032,0.8524409532546997
YNL037C,YGL075C,0,-2.8260531,0.10530183464288712,0.9990040063858032,0.8525410294532776
YLR329W,YJL052W,0,-2.8264444,0.10529078543186188,0.9990040063858032,0.8526410460472107
YLR057W,YCR073C,0,-2.826811,0.10527972877025604,0.9990040063858032,0.8527411222457886
YJR022W,YNR057C,0,-2.8274186,0.1052686795592308,0.9990040063858032,0.8528411388397217
YGL124C,YER064C,0,-2.8276842,0.10525763779878616,0.9990040063858032,0.8529411554336548
YGL110C,YIL168W,0,-2.8278768,0.10524658858776093,0.9990040063858032,0.8530412316322327
YLR271W,YGR263C,0,-2.8280227,0.10523554682731628,0.9990040063858032,0.8531412482261658
YMR028W,YGR054W,0,-2.8281631,0.10522450506687164,0.9990040063858032,0.8532413244247437
YDR439W,YLR035C,0,-2.8284714,0.1052134707570076,0.9990040063858032,0.8533413410186768
YNL128W,YPR157W,0,-2.8284974,0.10520243644714355,0.9990040063858032,0.8534413576126099
YGL205W,YOR075W,0,-2.8285491,0.10519140213727951,0.9990040063858032,0.8535414338111877
YNL194C,YCL025C,0,-2.828886,0.10518036782741547,0.9990040063858032,0.8536414504051208
YDL008W,YOR049C,0,-2.8291125,0.10516934096813202,0.9990040063858032,0.853741466999054
YBL025W,YOR081C,0,-2.8293564,0.10515831410884857,0.9990040063858032,0.8538415431976318
YDL081C,YLR218C,0,-2.8299234,0.10514728724956512,0.9990040063858032,0.8539415597915649
YGR136W,YDR322W,0,-2.830566,0.10513626784086227,0.9990040063858032,0.8540416359901428
YDR434W,YPL094C,0,-2.830836,0.10512524843215942,0.9990040063858032,0.8541416525840759
YDR204W,YOL145C,0,-2.8309777,0.10511422902345657,0.9990040063858032,0.854241669178009
YLR414C,YDL014W,0,-2.831618,0.10510321706533432,0.9990040063858032,0.8543417453765869
YER025W,YPR159W,0,-2.831808,0.10509220510721207,0.9990040063858032,0.85444176197052
YFL024C,YGR258C,0,-2.8318708,0.10508119314908981,0.9990040063858032,0.8545418381690979
YPL074W,YBR128C,0,-2.8320658,0.10507018864154816,0.9990040063858032,0.854641854763031
YKR102W,YDR145W,0,-2.832471,0.1050591841340065,0.9990040063858032,0.8547418713569641
YOR133W,YPL070W,0,-2.832727,0.10504817962646484,0.9990040063858032,0.854841947555542
YER150W,YFL018W-A,0,-2.8334079,0.10503717511892319,0.9990040063858032,0.8549419641494751
YDL149W,YGR040W,0,-2.8334782,0.10502617806196213,0.9990040063858032,0.855042040348053
YBR130C,YJL082W,0,-2.8340812,0.10501518100500107,0.9990040063858032,0.8551420569419861
YGR127W,YKR022C,0,-2.8346622,0.10500418394804001,0.9990040063858032,0.8552420735359192
YJR094C,YER109C,0,-2.8356843,0.10499319434165955,0.9990040063858032,0.8553421497344971
YDR307W,YKL021C,0,-2.835931,0.10498220473527908,0.9990040063858032,0.8554421663284302
YGR266W,YHR012W,0,-2.8364873,0.10497122257947922,0.9990040063858032,0.8555422425270081
YDR541C,YLR373C,0,-2.8367088,0.10496023297309875,0.9990040063858032,0.8556422591209412
YPL156C,YDL214C,0,-2.8369176,0.10494925081729889,0.9990040063858032,0.8557422757148743
YOR095C,YMR322C,0,-2.837096,0.10493826866149902,0.9990040063858032,0.8558423519134521
YFR050C,YDL224C,0,-2.8374639,0.10492729395627975,0.9990040063858032,0.8559423685073853
YMR087W,YGL256W,0,-2.8374722,0.10491631925106049,0.9990040063858032,0.8560424447059631
YGR108W,YJL221C,0,-2.8376315,0.10490534454584122,0.9990040063858032,0.8561424612998962
YPL219W,YOR386W,0,-2.8376455,0.10489436984062195,0.9990040063858032,0.8562424778938293
YKR063C,YKL093W,0,-2.8376522,0.10488340258598328,0.9990040063858032,0.8563425540924072
YJL087C,YDR317W,0,-2.8381207,0.1048724353313446,0.9990040063858032,0.8564425706863403
YIL093C,YML100W,0,-2.8384902,0.10486147552728653,0.9990040063858032,0.8565425872802734
YML058W,YKR028W,0,-2.8386757,0.10485051572322845,0.9990040063858032,0.8566426634788513
YOR018W,YDR219C,0,-2.8388321,0.10483955591917038,0.9990040063858032,0.8567426800727844
YPL216W,YDR237W,0,-2.839159,0.1048285961151123,0.9990040063858032,0.8568427562713623
YHR045W,YOL114C,0,-2.839514,0.10481764376163483,0.9990040063858032,0.8569427728652954
YIR019C,YGL070C,0,-2.8395169,0.10480668395757675,0.9990040063858032,0.8570427894592285
YOL071W,YDR106W,0,-2.8398192,0.10479573905467987,0.9990040063858032,0.8571428656578064
YIL106W,YDR185C,0,-2.8400078,0.10478478670120239,0.9990040063858032,0.8572428822517395
YDR185C,YML070W,0,-2.8407538,0.10477384179830551,0.9990040063858032,0.8573429584503174
YLR460C,YDL215C,0,-2.8413024,0.10476289689540863,0.9990040063858032,0.8574429750442505
YLR329W,YLR382C,0,-2.8413455,0.10475195944309235,0.9990040063858032,0.8575429916381836
YDR499W,YGL160W,0,-2.8416424,0.10474102199077606,0.9990040063858032,0.8576430678367615
YLR307W,YEL043W,0,-2.8416817,0.10473008453845978,0.9990040063858032,0.8577430844306946
YNL099C,YJL057C,0,-2.842475,0.1047191470861435,0.9990040063858032,0.8578431606292725
YKL091C,YKR094C,0,-2.842527,0.1047082170844078,0.9990040063858032,0.8579431772232056
YKL105C,YMR195W,0,-2.842597,0.10469728708267212,0.9990040063858032,0.8580431938171387
YOL159C,YMR089C,0,-2.842809,0.10468635708093643,0.9990040063858032,0.8581432700157166
YPL111W,YIL101C,0,-2.843233,0.10467543452978134,0.9990040063858032,0.8582432866096497
YBL004W,YLR251W,0,-2.8433607,0.10466451197862625,0.9990040063858032,0.8583433628082275
YFR014C,YLR278C,0,-2.8434508,0.10465358942747116,0.9990040063858032,0.8584433794021606
YER063W,YHL047C,0,-2.843547,0.10464267432689667,0.9990040063858032,0.8585433959960938
YLR205C,YDR475C,0,-2.843809,0.10463175177574158,0.9990040063858032,0.8586434721946716
YGL015C,YOL071W,0,-2.8442237,0.10462084412574768,0.9990040063858032,0.8587434887886047
YGR006W,YKL163W,0,-2.8443396,0.10460992902517319,0.9990040063858032,0.8588435649871826
YBR264C,YGL160W,0,-2.8445923,0.10459902137517929,0.9990040063858032,0.8589435815811157
YKR097W,YER008C,0,-2.8449898,0.1045881137251854,0.9990040063858032,0.8590435981750488
YGR127W,YJL207C,0,-2.8451312,0.1045772060751915,0.9990040063858032,0.8591436743736267
YOL165C,YOR081C,0,-2.8451364,0.1045663058757782,0.9990040063858032,0.8592436909675598
YDR204W,YDR387C,0,-2.84532,0.1045554056763649,0.9990040063858032,0.8593437671661377
YER150W,YAL014C,0,-2.8456705,0.1045445054769516,0.9990040063858032,0.8594437837600708
YKL163W,YKL093W,0,-2.8457193,0.1045336127281189,0.9990040063858032,0.8595438003540039
YKL161C,YIL093C,0,-2.8459651,0.1045227199792862,0.9990040063858032,0.8596438765525818
YPL162C,YPR013C,0,-2.8460093,0.10451182723045349,0.9990040063858032,0.8597438931465149
YGL166W,YFL011W,0,-2.8468919,0.10450093448162079,0.9990040063858032,0.859843909740448
YPL162C,YDR443C,0,-2.8470886,0.10449004918336868,0.9990040063858032,0.8599439859390259
YGR066C,YFL048C,0,-2.8473537,0.10447916388511658,0.9990040063858032,0.860044002532959
YER063W,YNL192W,0,-2.8476455,0.10446828603744507,0.9990040063858032,0.8601440787315369
YLR055C,YDR423C,0,-2.847759,0.10445740818977356,0.9990040063858032,0.86024409532547
YGR252W,YDR338C,0,-2.8477643,0.10444653034210205,0.9990040063858032,0.8603441119194031
YJR086W,YNL320W,0,-2.8479764,0.10443565249443054,0.9990040063858032,0.860444188117981
YMR023C,YFL011W,0,-2.8480332,0.10442478209733963,0.9990040063858032,0.8605442047119141
YDR476C,YKR050W,0,-2.848611,0.10441390424966812,0.9990040063858032,0.8606442809104919
YBR067C,YMR167W,0,-2.8491108,0.1044030413031578,0.9990040063858032,0.860744297504425
YLR329W,YBR022W,0,-2.8494914,0.1043921709060669,0.9990040063858032,0.8608443140983582
YGR010W,YGL049C,0,-2.8496945,0.10438130795955658,0.9990040063858032,0.860944390296936
YHL048W,YER123W,0,-2.8497012,0.10437044501304626,0.9990040063858032,0.8610444068908691
YDR170C,YJL114W,0,-2.8497899,0.10435958951711655,0.9990040063858032,0.861144483089447
YML100W,YOR057W,0,-2.8498185,0.10434873402118683,0.9990040063858032,0.8612444996833801
YKL026C,YDR496C,0,-2.849902,0.10433787852525711,0.9990040063858032,0.8613445162773132
YOL122C,YGL163C,0,-2.8506505,0.10432702302932739,0.9990040063858032,0.8614445924758911
YIL053W,YKL109W,0,-2.851197,0.10431617498397827,0.9990040063858032,0.8615446090698242
YMR203W,YFR014C,0,-2.8517668,0.10430532693862915,0.9990040063858032,0.8616446852684021
YFL036W,YDR358W,0,-2.8524578,0.10429447889328003,0.9990040063858032,0.8617447018623352
YGR127W,YHR083W,0,-2.8525488,0.1042836382985115,0.9990040063858032,0.8618447184562683
YOR231W,YDL052C,0,-2.8525853,0.10427279025316238,0.9990040063858032,0.8619447946548462
YHR190W,YGR054W,0,-2.8526537,0.10426195710897446,0.9990040063858032,0.8620448112487793
YDL239C,YPR139C,0,-2.8527489,0.10425111651420593,0.9990040063858032,0.8621448874473572
YBR078W,YMR321C,0,-2.8528776,0.104240283370018,0.9990040063858032,0.8622449040412903
YHR048W,YDR423C,0,-2.8529232,0.10422945022583008,0.9990040063858032,0.8623449206352234
YFL061W,YIL070C,0,-2.8533049,0.10421861708164215,0.9990040063858032,0.8624449968338013
YFL056C,YCR040W,0,-2.853379,0.10420779138803482,0.9990040063858032,0.8625450134277344
YOR079C,YNL077W,0,-2.8539832,0.10419696569442749,0.9990040063858032,0.8626450300216675
YNL045W,YDR407C,0,-2.854365,0.10418614000082016,0.9990040063858032,0.8627451062202454
YIL083C,YDR106W,0,-2.8545177,0.10417532175779343,0.9990040063858032,0.8628451228141785
YMR106C,YHR031C,0,-2.8557587,0.1041645035147667,0.9990040063858032,0.8629451990127563
YKR091W,YLR429W,0,-2.856058,0.10415368527173996,0.9990040063858032,0.8630452156066895
YNL230C,YDR313C,0,-2.8563335,0.10414287447929382,0.9990040063858032,0.8631452322006226
YJL137C,YFR028C,0,-2.856636,0.10413205623626709,0.9990040063858032,0.8632453083992004
YNL045W,YFL047W,0,-2.8566868,0.10412125289440155,0.9990040063858032,0.8633453249931335
YER111C,YOR219C,0,-2.8568006,0.10411044210195541,0.9990040063858032,0.8634454011917114
YEL011W,YBR071W,0,-2.857033,0.10409963876008987,0.9990040063858032,0.8635454177856445
YNL227C,YBR071W,0,-2.8578799,0.10408883541822433,0.9990040063858032,0.8636454343795776
YAL039C,YNL320W,0,-2.8579366,0.1040780320763588,0.9990040063858032,0.8637455105781555
YOR128C,YGR201C,0,-2.8584266,0.10406723618507385,0.9990040063858032,0.8638455271720886
YHR207C,YIR002C,0,-2.8586824,0.10405644029378891,0.9990040063858032,0.8639456033706665
YER111C,YMR149W,0,-2.85877,0.10404564440250397,0.9990040063858032,0.8640456199645996
YMR075W,YDR065W,0,-2.8590968,0.10403484851121902,0.9990040063858032,0.8641456365585327
YLR021W,YFL056C,0,-2.8592463,0.10402406007051468,0.9990040063858032,0.8642457127571106
YIL037C,YPL019C,0,-2.8595145,0.10401327162981033,0.9990040063858032,0.8643457293510437
YBL047C,YDL177C,0,-2.8595645,0.10400249063968658,0.9990040063858032,0.8644458055496216
YDL179W,YDR106W,0,-2.8595932,0.10399170219898224,0.9990040063858032,0.8645458221435547
YDR515W,YHR190W,0,-2.8597999,0.10398092120885849,0.9990040063858032,0.8646458387374878
YJL025W,YGR149W,0,-2.8604572,0.10397014766931534,0.9990040063858032,0.8647459149360657
YPL224C,YDR238C,0,-2.860879,0.10395936667919159,0.9990040063858032,0.8648459315299988
YIL039W,YHL044W,0,-2.8620307,0.10394859313964844,0.9990040063858032,0.8649460077285767
YHR100C,YDR106W,0,-2.8622644,0.10393782705068588,0.9990040063858032,0.8650460243225098
YGR277C,YMR068W,0,-2.862351,0.10392705351114273,0.9990040063858032,0.8651460409164429
YHL008C,YPL219W,0,-2.8623645,0.10391628742218018,0.9990040063858032,0.8652461171150208
YDR204W,YHR166C,0,-2.8623674,0.10390552133321762,0.9990040063858032,0.8653461337089539
YMR278W,YBR066C,0,-2.8625705,0.10389475524425507,0.9990040063858032,0.865446150302887
YJL219W,YLR104W,0,-2.8628576,0.10388399660587311,0.9990040063858032,0.8655462265014648
YCR104W,YMR269W,0,-2.8629904,0.10387323796749115,0.9990040063858032,0.865646243095398
YKL084W,YGR149W,0,-2.863498,0.10386248677968979,0.9990040063858032,0.8657463192939758
YPR132W,YIR019C,0,-2.863838,0.10385172814130783,0.9990040063858032,0.8658463358879089
YJL082W,YML056C,0,-2.864394,0.10384097695350647,0.9990040063858032,0.865946352481842
YKL218C,YGR054W,0,-2.8645215,0.10383022576570511,0.9990040063858032,0.8660464286804199
YLR283W,YMR217W,0,-2.8653684,0.10381948202848434,0.9990040063858032,0.866146445274353
YJR149W,YOL005C,0,-2.8654392,0.10380873829126358,0.9990040063858032,0.8662465214729309
YPL148C,YOR099W,0,-2.8658078,0.10379799455404282,0.9990040063858032,0.866346538066864
YIL169C,YNL146W,0,-2.8662083,0.10378725081682205,0.9990040063858032,0.8664465546607971
YNL026W,YIL074C,0,-2.8662322,0.10377651453018188,0.9990040063858032,0.866546630859375
YOR128C,YDR056C,0,-2.8667438,0.10376577824354172,0.9990040063858032,0.8666466474533081
YHL004W,YGR142W,0,-2.866956,0.10375504195690155,0.9990040063858032,0.866746723651886
YIL037C,YMR028W,0,-2.8681228,0.10374431312084198,0.9990040063858032,0.8668467402458191
YPL028W,YOR016C,0,-2.8682034,0.10373358428478241,0.9990040063858032,0.8669467568397522
YBR057C,YJL172W,0,-2.8686187,0.10372285544872284,0.9990040063858032,0.8670468330383301
YMR302C,YPL094C,0,-2.869046,0.10371212661266327,0.9990040063858032,0.8671468496322632
YDR222W,YGR150C,0,-2.8692534,0.1037014052271843,0.9990040063858032,0.8672469258308411
YHR027C,YNR059W,0,-2.8694413,0.10369068384170532,0.9990040063858032,0.8673469424247742
YGR166W,YDR446W,0,-2.8695395,0.10367996990680695,0.9990040063858032,0.8674469590187073
YOL157C,YGR054W,0,-2.8697875,0.10366924852132797,0.9990040063858032,0.8675470352172852
YDR137W,YBL059W,0,-2.8698227,0.1036585345864296,0.9990040063858032,0.8676470518112183
YLR251W,YHR045W,0,-2.8701062,0.10364782810211182,0.9990040063858032,0.8677471280097961
YPL061W,YJL100W,0,-2.8702934,0.10363711416721344,0.9990040063858032,0.8678471446037292
YJL078C,YPL112C,0,-2.870663,0.10362640768289566,0.9990040063858032,0.8679471611976624
YIL089W,YOR386W,0,-2.8708713,0.10361570119857788,0.9990040063858032,0.8680472373962402
YBR254C,YJL219W,0,-2.8709452,0.1036050021648407,0.9990040063858032,0.8681472539901733
YHR138C,YOL141W,0,-2.8709981,0.10359429568052292,0.9990040063858032,0.8682472705841064
YLR063W,YDL107W,0,-2.87102,0.10358359664678574,0.9990040063858032,0.8683473467826843
YPL070W,YDR065W,0,-2.8710864,0.10357290506362915,0.9990040063858032,0.8684473633766174
YLR055C,YDR539W,0,-2.8712971,0.10356220602989197,0.9990040063858032,0.8685474395751953
YOR099W,YIL093C,0,-2.8713787,0.10355151444673538,0.9990040063858032,0.8686474561691284
YGL008C,YNL137C,0,-2.871434,0.1035408303141594,0.9990040063858032,0.8687474727630615
YFL011W,YPR128C,0,-2.8717346,0.10353013873100281,0.9990040063858032,0.8688475489616394
YIL044C,YER095W,0,-2.8727815,0.10351945459842682,0.9990040063858032,0.8689475655555725
YHR079C,YJL063C,0,-2.8728755,0.10350877046585083,0.9990040063858032,0.8690476417541504
YDL081C,YDR539W,0,-2.8734682,0.10349809378385544,0.9990040063858032,0.8691476583480835
YDR205W,YLR373C,0,-2.873563,0.10348740965127945,0.9990040063858032,0.8692476749420166
YGR101W,YPR106W,0,-2.8737247,0.10347673296928406,0.9990040063858032,0.8693477511405945
YDL225W,YOL071W,0,-2.8745308,0.10346606373786926,0.9990040063858032,0.8694477677345276
YHR030C,YIL091C,0,-2.874892,0.10345538705587387,0.9990040063858032,0.8695478439331055
YNL125C,YHR009C,0,-2.8749764,0.10344471782445908,0.9990040063858032,0.8696478605270386
YER150W,YDL073W,0,-2.875295,0.10343404859304428,0.9990040063858032,0.8697478771209717
YDR115W,YGR054W,0,-2.8753257,0.10342338681221008,0.9990040063858032,0.8698479533195496
YFR022W,YFR013W,0,-2.8764727,0.10341272503137589,0.9990040063858032,0.8699479699134827
YCR007C,YGL015C,0,-2.8764837,0.10340206325054169,0.9990040063858032,0.8700480461120605
YER099C,YPL186C,0,-2.8765774,0.10339140146970749,0.9990040063858032,0.8701480627059937
YDL204W,YLL002W,0,-2.8766673,0.10338074713945389,0.9990040063858032,0.8702480792999268
YPR054W,YNL320W,0,-2.8770087,0.10337009280920029,0.9990040063858032,0.8703481554985046
YLR056W,YDL127W,0,-2.8774357,0.10335943847894669,0.9990040063858032,0.8704481720924377
YDL199C,YMR323W,0,-2.8774416,0.10334879159927368,0.9990040063858032,0.8705482482910156
YNR065C,YER013W,0,-2.877608,0.10333814471960068,0.9990040063858032,0.8706482648849487
YLL031C,YOR147W,0,-2.8778884,0.10332749783992767,0.9990040063858032,0.8707482814788818
YDR222W,YLL016W,0,-2.87919,0.10331685096025467,0.9990040063858032,0.8708483576774597
YPL207W,YMR035W,0,-2.8794854,0.10330621153116226,0.9990040063858032,0.8709483742713928
YGL010W,YOR233W,0,-2.8796775,0.10329557210206985,0.9990040063858032,0.8710483908653259
YIL157C,YDL073W,0,-2.879937,0.10328493267297745,0.9990040063858032,0.8711484670639038
YOR079C,YOL071W,0,-2.8800788,0.10327430069446564,0.9990040063858032,0.8712484836578369
YMR120C,YDR115W,0,-2.8806648,0.10326366871595383,0.9990040063858032,0.8713485598564148
YMR225C,YKL047W,0,-2.8808107,0.10325303673744202,0.9990040063858032,0.8714485764503479
YLR218C,YOL091W,0,-2.881161,0.1032424122095108,0.9990040063858032,0.871548593044281
YHR048W,YOL096C,0,-2.8812015,0.10323178023099899,0.9990040063858032,0.8716486692428589
YKL091C,YOL031C,0,-2.881307,0.10322115570306778,0.9990040063858032,0.871748685836792
YOL073C,YNL099C,0,-2.8813722,0.10321053862571716,0.9990040063858032,0.8718487620353699
YBR071W,YBR276C,0,-2.88141,0.10319991409778595,0.9990040063858032,0.871948778629303
YFL055W,YLR045C,0,-2.8815467,0.10318929702043533,0.9990040063858032,0.8720487952232361
YPR070W,YJL057C,0,-2.8816288,0.10317868739366531,0.9990040063858032,0.872148871421814
YER025W,YDR109C,0,-2.8816824,0.1031680703163147,0.9990040063858032,0.8722488880157471
YMR213W,YDR499W,0,-2.8817341,0.10315746068954468,0.9990040063858032,0.872348964214325
YOL119C,YLR205C,0,-2.8823311,0.10314685106277466,0.9990040063858032,0.8724489808082581
YOR254C,YHR092C,0,-2.8827379,0.10313624888658524,0.9990040063858032,0.8725489974021912
YGR227W,YCR098C,0,-2.8827722,0.10312563925981522,0.9990040063858032,0.872649073600769
YJR072C,YLR460C,0,-2.883203,0.1031150370836258,0.9990040063858032,0.8727490901947021
YDR214W,YMR102C,0,-2.8832695,0.10310444235801697,0.9990040063858032,0.87284916639328
YDL204W,YJR001W,0,-2.8842041,0.10309384018182755,0.9990040063858032,0.8729491829872131
YNL125C,YDR047W,0,-2.8845162,0.10308324545621872,0.9990040063858032,0.8730491995811462
YER004W,YJL041W,0,-2.8845575,0.1030726507306099,0.9990040063858032,0.8731492757797241
YJL134W,YMR114C,0,-2.884603,0.10306206345558167,0.9990040063858032,0.8732492923736572
YLR341W,YLR427W,0,-2.885243,0.10305147618055344,0.9990040063858032,0.8733493685722351
YJR101W,YDR171W,0,-2.885838,0.10304088890552521,0.9990040063858032,0.8734493851661682
YHR170W,YGL096W,0,-2.8859165,0.10303030163049698,0.9990040063858032,0.8735494017601013
YKL091C,YJR098C,0,-2.8860393,0.10301972180604935,0.9990040063858032,0.8736494779586792
YGL110C,YLL066C,0,-2.886118,0.10300914198160172,0.9990040063858032,0.8737494945526123
YDR439W,YHR009C,0,-2.886905,0.10299856215715408,0.9990040063858032,0.8738495111465454
YMR303C,YOR174W,0,-2.887715,0.10298798978328705,0.9990040063858032,0.8739495873451233
YLR157C,YLR218C,0,-2.8878474,0.10297740995883942,0.9990040063858032,0.8740496039390564
YOL132W,YLR115W,0,-2.8879883,0.10296683758497238,0.9990040063858032,0.8741496801376343
YKL091C,YJL029C,0,-2.8882086,0.10295627266168594,0.9990040063858032,0.8742496967315674
YOR115C,YOR374W,0,-2.8883064,0.1029457077383995,0.9990040063858032,0.8743497133255005
YFL036W,YDR065W,0,-2.8886065,0.10293514281511307,0.9990040063858032,0.8744497895240784
YDR307W,YHR030C,0,-2.8891015,0.10292457789182663,0.9990040063858032,0.8745498061180115
YJL219W,YBR153W,0,-2.889224,0.10291401296854019,0.9990040063858032,0.8746498823165894
YBL014C,YMR114C,0,-2.8898892,0.10290345549583435,0.9990040063858032,0.8747498989105225
YPL029W,YIL042C,0,-2.8904355,0.10289289802312851,0.9990040063858032,0.8748499155044556
YOR192C,YOR131C,0,-2.8906252,0.10288234800100327,0.9990040063858032,0.8749499917030334
YGR227W,YPL147W,0,-2.8919704,0.10287179797887802,0.9990040063858032,0.8750500082969666
YBR024W,YGL158W,0,-2.8923318,0.10286124795675278,0.9990040063858032,0.8751500844955444
YCR088W,YDR184C,0,-2.892437,0.10285069793462753,0.9990040063858032,0.8752501010894775
YKL022C,YPL121C,0,-2.892446,0.10284015536308289,0.9990040063858032,0.8753501176834106
YBR130C,YIL023C,0,-2.8928978,0.10282960534095764,0.9990040063858032,0.8754501938819885
YNL225C,YLR155C,0,-2.893199,0.10281907021999359,0.9990040063858032,0.8755502104759216
YBR071W,YJL148W,0,-2.893494,0.10280852764844894,0.9990040063858032,0.8756502866744995
YIL037C,YDR056C,0,-2.8937497,0.1027979925274849,0.9990040063858032,0.8757503032684326
YMR247C,YBR243C,0,-2.8941693,0.10278745740652084,0.9990040063858032,0.8758503198623657
YCR097WB,YJR016C,0,-2.8941753,0.1027769222855568,0.9990040063858032,0.8759503960609436
YOR133W,YDR106W,0,-2.8948936,0.10276639461517334,0.9990040063858032,0.8760504126548767
YLR260W,YBR024W,0,-2.8954217,0.10275586694478989,0.9990040063858032,0.8761504888534546
YNR001C,YOR131C,0,-2.8960278,0.10274533927440643,0.9990040063858032,0.8762505054473877
YDR115W,YMR247C,0,-2.896886,0.10273481160402298,0.9990040063858032,0.8763505220413208
YLR102C,YPR013C,0,-2.8969066,0.10272429138422012,0.9990040063858032,0.8764505982398987
YMR231W,YKL150W,0,-2.8973708,0.10271377116441727,0.9990040063858032,0.8765506148338318
YLR283W,YKL174C,0,-2.8974097,0.10270325839519501,0.9990040063858032,0.8766506314277649
YOR192C,YLR360W,0,-2.8985739,0.10269273817539215,0.9990040063858032,0.8767507076263428
YDR268W,YDR109C,0,-2.8986332,0.10268222540616989,0.9990040063858032,0.8768507242202759
YJL196C,YIL023C,0,-2.8991215,0.10267172008752823,0.9990040063858032,0.8769508004188538
YLR348C,YGL114W,0,-2.8994145,0.10266120731830597,0.9990040063858032,0.8770508170127869
YPL207W,YBR071W,0,-2.900873,0.1026507019996643,0.9990040063858032,0.87715083360672
YOR292C,YKL061W,0,-2.9009094,0.10264019668102264,0.9990040063858032,0.8772509098052979
YDL199C,YHR216W,0,-2.902872,0.10262969136238098,0.9990040063858032,0.877350926399231
YFL024C,YDR285W,0,-2.90313,0.10261919349431992,0.9990040063858032,0.8774510025978088
YKR021W,YNL127W,0,-2.903618,0.10260869562625885,0.9990040063858032,0.8775510191917419
YHR096C,YDL073W,0,-2.9045305,0.10259819775819778,0.9990040063858032,0.877651035785675
YER161C,YHR011W,0,-2.9046316,0.10258770734071732,0.9990040063858032,0.8777511119842529
YML063W,YML057W,0,-2.9047883,0.10257721692323685,0.9990040063858032,0.877851128578186
YER162C,YGL105W,0,-2.905306,0.10256672650575638,0.9990040063858032,0.8779512047767639
YBL017C,YIL121W,0,-2.9077294,0.10255623608827591,0.9990040063858032,0.878051221370697
YDR443C,YHR002W,0,-2.9081597,0.10254575312137604,0.9990040063858032,0.8781512379646301
YDR378C,YHL048W,0,-2.9090683,0.10253527015447617,0.9990040063858032,0.878251314163208
YBR114W,YDL224C,0,-2.9094818,0.1025247871875763,0.9990040063858032,0.8783513307571411
YLR233C,YHR031C,0,-2.9094846,0.10251431167125702,0.9990040063858032,0.878451406955719
YKR077W,YOR307C,0,-2.9095318,0.10250382870435715,0.9990040063858032,0.8785514235496521
YOL020W,YHR190W,0,-2.9100611,0.10249336063861847,0.9990040063858032,0.8786514401435852
YJL078C,YDR387C,0,-2.9102771,0.1024828851222992,0.9990040063858032,0.8787515163421631
YNL146W,YDR488C,0,-2.9106658,0.10247241705656052,0.9990040063858032,0.8788515329360962
YJL029C,YIL101C,0,-2.9109938,0.10246194899082184,0.9990040063858032,0.8789516091346741
YMR131C,YML070W,0,-2.9114046,0.10245148092508316,0.9990040063858032,0.8790516257286072
YLR341W,YDR517W,0,-2.9125073,0.10244102030992508,0.9990040063858032,0.8791516423225403
YPL028W,YPL007C,0,-2.9129617,0.1024305522441864,0.9990040063858032,0.8792517185211182
YBL033C,YNL130C,0,-2.9132283,0.10242009907960892,0.9990040063858032,0.8793517351150513
YIL073C,YLR382C,0,-2.9138796,0.10240963846445084,0.9990040063858032,0.8794517517089844
YAR035W,YDR041W,0,-2.9139254,0.10239918529987335,0.9990040063858032,0.8795518279075623
YMR303C,YDL093W,0,-2.914488,0.10238873213529587,0.9990040063858032,0.8796518445014954
YIL027C,YHR173C,0,-2.9147208,0.10237827897071838,0.9990040063858032,0.8797519207000732
YGL013C,YBR126W-A,0,-2.9148746,0.1023678332567215,0.9990040063858032,0.8798519372940063
YGL186C,YLR253W,0,-2.915352,0.10235738009214401,0.9990040063858032,0.8799519538879395
YER126C,YFR020W,0,-2.9155166,0.10234694182872772,0.9990040063858032,0.8800520300865173
YPL028W,YDR541C,0,-2.9158566,0.10233649611473083,0.9990040063858032,0.8801520466804504
YMR096W,YGR086C,0,-2.916178,0.10232605785131454,0.9990040063858032,0.8802521228790283
YNR043W,YHR083W,0,-2.9163377,0.10231561958789825,0.9990040063858032,0.8803521394729614
YDR541C,YGL056C,0,-2.9167492,0.10230518132448196,0.9990040063858032,0.8804521560668945
YDR285W,YOL096C,0,-2.9168549,0.10229475051164627,0.9990040063858032,0.8805522322654724
YPR029C,YJR098C,0,-2.916938,0.10228431224822998,0.9990040063858032,0.8806522488594055
YJR152W,YLR057W,0,-2.9169924,0.10227388888597488,0.9990040063858032,0.8807523250579834
YNR028W,YLR270W,0,-2.91735,0.10226345807313919,0.9990040063858032,0.8808523416519165
YOR329C,YPR157W,0,-2.9174507,0.1022530347108841,0.9990040063858032,0.8809523582458496
YIL113W,YJL063C,0,-2.9177065,0.102242611348629,0.9990040063858032,0.8810524344444275
YFL051C,YDR259C,0,-2.9178393,0.1022321879863739,0.9990040063858032,0.8811524510383606
YLR174W,YGR150C,0,-2.9178412,0.1022217720746994,0.9990040063858032,0.8812525272369385
YJR093C,YLR460C,0,-2.917995,0.1022113487124443,0.9990040063858032,0.8813525438308716
YNL125C,YFR013W,0,-2.9182248,0.1022009402513504,0.9990040063858032,0.8814525604248047
YLR313C,YBR058C,0,-2.9183342,0.1021905243396759,0.9990040063858032,0.8815526366233826
YHR126C,YOR002W,0,-2.9185598,0.102180115878582,0.9990040063858032,0.8816526532173157
YOR335C,YML030W,0,-2.9187624,0.1021697074174881,0.9990040063858032,0.8817527294158936
YIL072W,YOL004W,0,-2.9190378,0.1021592989563942,0.9990040063858032,0.8818527460098267
YNL172W,YNL320W,0,-2.9194086,0.10214889794588089,0.9990040063858032,0.8819527626037598
YMR017W,YER161C,0,-2.9194956,0.10213848948478699,0.9990040063858032,0.8820528388023376
YLL066C,YJR073C,0,-2.919781,0.10212809592485428,0.9990040063858032,0.8821528553962708
YBR135W,YNL155W,0,-2.9201944,0.10211769491434097,0.9990040063858032,0.8822528719902039
YDL246C,YGL213C,0,-2.9205196,0.10210730135440826,0.9990040063858032,0.8823529481887817
YGL028C,YGL213C,0,-2.9206502,0.10209690779447556,0.9990040063858032,0.8824529647827148
YJL219W,YPL219W,0,-2.9207842,0.10208651423454285,0.9990040063858032,0.8825530409812927
YGL019W,YKL093W,0,-2.9212987,0.10207612812519073,0.9990040063858032,0.8826530575752258
YOR188W,YGR049W,0,-2.921498,0.10206573456525803,0.9990040063858032,0.8827530741691589
YJL163C,YOR276W,0,-2.9215484,0.10205534845590591,0.9990040063858032,0.8828531503677368
YGL212W,YGL166W,0,-2.92234,0.1020449697971344,0.9990040063858032,0.8829531669616699
YJR093C,YGR277C,0,-2.9224932,0.10203459113836288,0.9990040063858032,0.8830532431602478
YLR278C,YAL068C,0,-2.922838,0.10202421247959137,0.9990040063858032,0.8831532597541809
YBL002W,YFR020W,0,-2.923279,0.10201383382081985,0.9990040063858032,0.883253276348114
YJL082W,YER099C,0,-2.923369,0.10200345516204834,0.9990040063858032,0.8833533525466919
YDR170C,YNL263C,0,-2.9236593,0.10199308395385742,0.9990040063858032,0.883453369140625
YDR222W,YGR076C,0,-2.9238632,0.1019827127456665,0.9990040063858032,0.8835534453392029
YOR018W,YDR206W,0,-2.9240272,0.10197234898805618,0.9990040063858032,0.883653461933136
YHR108W,YDR338C,0,-2.9241846,0.10196197777986526,0.9990040063858032,0.8837534785270691
YJR149W,YJL035C,0,-2.924322,0.10195161402225494,0.9990040063858032,0.883853554725647
YDL199C,YOR011W,0,-2.9247205,0.10194125771522522,0.9990040063858032,0.8839535713195801
YKL191W,YFL011W,0,-2.9252107,0.1019308939576149,0.9990040063858032,0.884053647518158
YIL160C,YBR291C,0,-2.9253643,0.10192053765058517,0.9990040063858032,0.8841536641120911
YMR017W,YBR253W,0,-2.9253972,0.10191018134355545,0.9990040063858032,0.8842536807060242
YIR036C,YGR136W,0,-2.9258819,0.10189982503652573,0.9990040063858032,0.884353756904602
YJR124C,YLL016W,0,-2.9270585,0.1018894761800766,0.9990040063858032,0.8844537734985352
YMR203W,YNL148C,0,-2.92776,0.10187912732362747,0.9990040063858032,0.884553849697113
YEL030W,YHR092C,0,-2.9281766,0.10186877846717834,0.9990040063858032,0.8846538662910461
YMR278W,YGR252W,0,-2.928552,0.10185843706130981,0.9990040063858032,0.8847538828849792
YML098W,YBR128C,0,-2.928651,0.10184808820486069,0.9990040063858032,0.8848539590835571
YBR024W,YPR015C,0,-2.9295182,0.10183774679899216,0.9990040063858032,0.8849539756774902
YJL092W,YLR414C,0,-2.9302835,0.10182741284370422,0.9990040063858032,0.8850539922714233
YIL162W,YBR153W,0,-2.9305718,0.1018170714378357,0.9990040063858032,0.8851540684700012
YCR024C-A,YLL002W,0,-2.9306438,0.10180673748254776,0.9990040063858032,0.8852540850639343
YBL033C,YPL007C,0,-2.9312086,0.10179640352725983,0.9990040063858032,0.8853541612625122
YFR048W,YGL010W,0,-2.9312642,0.10178607702255249,0.9990040063858032,0.8854541778564453
YPL219W,YHR045W,0,-2.9314609,0.10177575051784515,0.9990040063858032,0.8855541944503784
YDR097C,YLR307W,0,-2.9317727,0.10176542401313782,0.9990040063858032,0.8856542706489563
YGL096W,YFR021W,0,-2.9317815,0.10175509750843048,0.9990040063858032,0.8857542872428894
YGL015C,YGL223C,0,-2.9319532,0.10174477845430374,0.9990040063858032,0.8858543634414673
YJL196C,YCR073C,0,-2.9320314,0.101734459400177,0.9990040063858032,0.8859543800354004
YDR185C,YFR010W,0,-2.9324105,0.10172414034605026,0.9990040063858032,0.8860543966293335
YDR402C,YFR028C,0,-2.932621,0.10171382129192352,0.9990040063858032,0.8861544728279114
YML058W,YIR019C,0,-2.9328794,0.10170350968837738,0.9990040063858032,0.8862544894218445
YDR540C,YPL050C,0,-2.9334486,0.10169319808483124,0.9990040063858032,0.8863545656204224
YGL167C,YHR153C,0,-2.9336221,0.1016828864812851,0.9990040063858032,0.8864545822143555
YMR250W,YGL119W,0,-2.9337494,0.10167258232831955,0.9990040063858032,0.8865545988082886
YKL022C,YDR307W,0,-2.93397,0.101662278175354,0.9990040063858032,0.8866546750068665
YDR216W,YOR233W,0,-2.9343295,0.10165197402238846,0.9990040063858032,0.8867546916007996
YER126C,YJL082W,0,-2.934725,0.10164166986942291,0.9990040063858032,0.8868547677993774
YMR250W,YDR311W,0,-2.9348829,0.10163137316703796,0.9990040063858032,0.8869547843933105
YPL162C,YKL167C,0,-2.9350107,0.10162107646465302,0.9990040063858032,0.8870548009872437
YDR353W,YML070W,0,-2.9350793,0.10161077976226807,0.9990040063858032,0.8871548771858215
YJL052W,YMR114C,0,-2.9362037,0.10160048305988312,0.9990040063858032,0.8872548937797546
YER153C,YER013W,0,-2.9366658,0.10159019380807877,0.9990040063858032,0.8873549699783325
YDL005C,YLR253W,0,-2.9369752,0.10157990455627441,0.9990040063858032,0.8874549865722656
YDL197C,YHR186C,0,-2.9373705,0.10156962275505066,0.9990040063858032,0.8875550031661987
YNL073W,YNL130C,0,-2.9374788,0.10155933350324631,0.9990040063858032,0.8876550793647766
YER153C,YDR179W-A,0,-2.9375503,0.10154905170202255,0.9990040063858032,0.8877550959587097
YKL174C,YFL020C,0,-2.9376652,0.1015387699007988,0.9990040063858032,0.8878551125526428
YGR200C,YGR201C,0,-2.9380639,0.10152849555015564,0.9990040063858032,0.8879551887512207
YMR225C,YGL166W,0,-2.9387026,0.10151822119951248,0.9990040063858032,0.8880552053451538
YGR010W,YGL256W,0,-2.9387364,0.10150794684886932,0.9990040063858032,0.8881552815437317
YPR179C,YIL165C,0,-2.9388413,0.10149767249822617,0.9990040063858032,0.8882552981376648
YLR341W,YCR093W,0,-2.9402356,0.1014874055981636,0.9990040063858032,0.8883553147315979
YDR201W,YHR012W,0,-2.9403253,0.10147713124752045,0.9990040063858032,0.8884553909301758
YPL104W,YKL093W,0,-2.9405086,0.10146687179803848,0.9990040063858032,0.8885554075241089
YKL204W,YOR131C,0,-2.9406044,0.10145660489797592,0.9990040063858032,0.8886554837226868
YMR017W,YBL075C,0,-2.940616,0.10144634544849396,0.9990040063858032,0.8887555003166199
YHR185C,YGL223C,0,-2.9413807,0.101436085999012,0.9990040063858032,0.888855516910553
YJL021C,YDR446W,0,-2.94181,0.10142582654953003,0.9990040063858032,0.8889555931091309
YFL036W,YMR149W,0,-2.9418225,0.10141557455062866,0.9990040063858032,0.889055609703064
YDR541C,YOR002W,0,-2.942005,0.1014053151011467,0.9990040063858032,0.8891556859016418
YMR278W,YMR322C,0,-2.9421365,0.10139506310224533,0.9990040063858032,0.889255702495575
YGL227W,YJR098C,0,-2.9430137,0.10138481855392456,0.9990040063858032,0.8893557190895081
YDR541C,YNL094W,0,-2.943676,0.10137457400560379,0.9990040063858032,0.8894557952880859
YNL247W,YPL186C,0,-2.9437125,0.10136432200670242,0.9990040063858032,0.889555811882019
YBR168W,YLR148W,0,-2.9443357,0.10135408490896225,0.9990040063858032,0.8896558880805969
YPL019C,YIL073C,0,-2.9445128,0.10134384036064148,0.9990040063858032,0.88975590467453
YJL207C,YPL186C,0,-2.9447205,0.1013336032629013,0.9990040063858032,0.8898559212684631
YKR091W,YNR001C,0,-2.9449244,0.10132336616516113,0.9990040063858032,0.889955997467041
YER064C,YNL223W,0,-2.9449346,0.10131312906742096,0.9990040063858032,0.8900560140609741
YOR374W,YLR115W,0,-2.9452765,0.10130289942026138,0.9990040063858032,0.890156090259552
YGL228W,YPR071W,0,-2.9456995,0.1012926697731018,0.9990040063858032,0.8902561068534851
YER150W,YLR057W,0,-2.9459078,0.10128244012594223,0.9990040063858032,0.8903561234474182
YDR540C,YIL149C,0,-2.94634,0.10127221047878265,0.9990040063858032,0.8904561996459961
YER004W,YER123W,0,-2.9467733,0.10126198828220367,0.9990040063858032,0.8905562162399292
YFL034W,YDL019C,0,-2.9469159,0.1012517660856247,0.9990040063858032,0.8906562328338623
YJL106W,YDR115W,0,-2.9470046,0.10124154388904572,0.9990040063858032,0.8907563090324402
YIR036C,YOR034C,0,-2.9470186,0.10123132914304733,0.9990040063858032,0.8908563256263733
YNL210W,YHR092C,0,-2.9478228,0.10122111439704895,0.9990040063858032,0.8909564018249512
YBL015W,YDR037W,0,-2.9479482,0.10121089965105057,0.9990040063858032,0.8910564184188843
YMR068W,YJL142C,0,-2.9483364,0.10120068490505219,0.9990040063858032,0.8911564350128174
YGL112C,YLR370C,0,-2.9483373,0.1011904776096344,0.9990040063858032,0.8912565112113953
YGL013C,YJL100W,0,-2.948383,0.10118027031421661,0.9990040063858032,0.8913565278053284
YPR024W,YDR216W,0,-2.9486902,0.10117006301879883,0.9990040063858032,0.8914566040039062
YJL196C,YAR033W,0,-2.9494967,0.10115985572338104,0.9990040063858032,0.8915566205978394
YNL128W,YLR155C,0,-2.949705,0.10114965587854385,0.9990040063858032,0.8916566371917725
YGR224W,YPL104W,0,-2.950344,0.10113945603370667,0.9990040063858032,0.8917567133903503
YER162C,YJL158C,0,-2.951117,0.10112926363945007,0.9990040063858032,0.8918567299842834
YMR067C,YIL113W,0,-2.951174,0.10111906379461288,0.9990040063858032,0.8919568061828613
YDR539W,YGR258C,0,-2.9516125,0.10110887140035629,0.9990040063858032,0.8920568227767944
YNL037C,YLR174W,0,-2.9516876,0.1010986790060997,0.9990040063858032,0.8921568393707275
YJR149W,YPL086C,0,-2.9521778,0.10108848661184311,0.9990040063858032,0.8922569155693054
YFR014C,YKR037C,0,-2.9525568,0.10107830166816711,0.9990040063858032,0.8923569321632385
YPL028W,YJL092W,0,-2.9526453,0.10106811672449112,0.9990040063858032,0.8924570083618164
YMR323W,YPR134W,0,-2.9529564,0.10105793178081512,0.9990040063858032,0.8925570249557495
YIL073C,YDL215C,0,-2.9533017,0.10104775428771973,0.9990040063858032,0.8926570415496826
YGL227W,YNL192W,0,-2.9533954,0.10103757679462433,0.9990040063858032,0.8927571177482605
YJL163C,YLR395C,0,-2.9535615,0.10102739930152893,0.9990040063858032,0.8928571343421936
YLR460C,YBL061C,0,-2.953917,0.10101722180843353,0.9990040063858032,0.8929572105407715
YDR541C,YDL154W,0,-2.9543815,0.10100705176591873,0.9990040063858032,0.8930572271347046
YJR089W,YGL222C,0,-2.9546845,0.10099688172340393,0.9990040063858032,0.8931572437286377
YEL011W,YNR009W,0,-2.956261,0.10098671168088913,0.9990040063858032,0.8932573199272156
YNL127W,YOL004W,0,-2.9563982,0.10097654163837433,0.9990040063858032,0.8933573365211487
YBR046C,YLR270W,0,-2.9573205,0.10096637904644012,0.9990040063858032,0.8934574127197266
YOR104W,YOR247W,0,-2.9576988,0.10095621645450592,0.9990040063858032,0.8935574293136597
YBL025W,YBR105C,0,-2.957782,0.10094605386257172,0.9990040063858032,0.8936574459075928
YFL030W,YGR054W,0,-2.9580204,0.10093589872121811,0.9990040063858032,0.8937575221061707
YDR039C,YDR406W,0,-2.9585214,0.1009257361292839,0.9990040063858032,0.8938575387001038
YMR169C,YPL007C,0,-2.9586797,0.1009155884385109,0.9990040063858032,0.8939575552940369
YER170W,YDR406W,0,-2.9599674,0.10090543329715729,0.9990040063858032,0.8940576314926147
YOR321W,YMR273C,0,-2.9602745,0.10089528560638428,0.9990040063858032,0.8941576480865479
YDL204W,YPL122C,0,-2.9624522,0.10088513046503067,0.9990040063858032,0.8942577242851257
YEL013W,YHL044W,0,-2.9627018,0.10087499022483826,0.9990040063858032,0.8943577408790588
YIR017C,YDR416W,0,-2.9627156,0.10086484253406525,0.9990040063858032,0.8944577574729919
YGR142W,YMR011W,0,-2.96288,0.10085470229387283,0.9990040063858032,0.8945578336715698
YIL091C,YIL157C,0,-2.9629998,0.10084456205368042,0.9990040063858032,0.8946578502655029
YER071C,YPR106W,0,-2.963057,0.100834421813488,0.9990040063858032,0.8947579264640808
YDR541C,YOR384W,0,-2.9631875,0.10082428902387619,0.9990040063858032,0.8948579430580139
YKL204W,YIR017C,0,-2.9636552,0.10081414878368378,0.9990040063858032,0.894957959651947
YDR069C,YGR246C,0,-2.964101,0.10080402344465256,0.9990040063858032,0.8950580358505249
YJL164C,YDL239C,0,-2.96464,0.10079389065504074,0.9990040063858032,0.895158052444458
YPR106W,YNL291C,0,-2.9659228,0.10078376531600952,0.9990040063858032,0.8952581286430359
YJL106W,YNL247W,0,-2.965955,0.1007736325263977,0.9990040063858032,0.895358145236969
YHL001W,YBL075C,0,-2.9660618,0.10076351463794708,0.9990040063858032,0.8954581618309021
YDR107C,YDL197C,0,-2.966173,0.10075338929891586,0.9990040063858032,0.89555823802948
YLR037C,YGR241C,0,-2.9664876,0.10074327141046524,0.9990040063858032,0.8956582546234131
YIL160C,YFL004W,0,-2.9666102,0.10073315352201462,0.9990040063858032,0.895758330821991
YMR087W,YOR179C,0,-2.9666169,0.100723035633564,0.9990040063858032,0.8958583474159241
YHL037C,YDR256C,0,-2.9666626,0.10071292519569397,0.9990040063858032,0.8959583640098572
YDR179W-A,YAL009W,0,-2.9666646,0.10070281475782394,0.9990040063858032,0.8960584402084351
YCL044C,YHL048W,0,-2.9669542,0.10069270431995392,0.9990040063858032,0.8961584568023682
YIL158W,YOL122C,0,-2.967077,0.10068259388208389,0.9990040063858032,0.896258533000946
YDR402C,YML062C,0,-2.9672513,0.10067249089479446,0.9990040063858032,0.8963585495948792
YJL172W,YLR182W,0,-2.967399,0.10066238790750504,0.9990040063858032,0.8964585661888123
YPL092W,YML058W,0,-2.968482,0.1006522849202156,0.9990040063858032,0.8965586423873901
YDR539W,YBR020W,0,-2.968572,0.10064218193292618,0.9990040063858032,0.8966586589813232
YFR051C,YJR084W,0,-2.9693234,0.10063208639621735,0.9990040063858032,0.8967586755752563
YML116W,YNL192W,0,-2.9694877,0.10062199085950851,0.9990040063858032,0.8968587517738342
YDR222W,YMR087W,0,-2.969553,0.10061189532279968,0.9990040063858032,0.8969587683677673
YMR308C,YKL093W,0,-2.9695919,0.10060180723667145,0.9990040063858032,0.8970588445663452
YMR303C,YDR406W,0,-2.969864,0.10059171915054321,0.9990040063858032,0.8971588611602783
YNL263C,YJL081C,0,-2.969962,0.10058163106441498,0.9990040063858032,0.8972588777542114
YFR051C,YKL189W,0,-2.9701922,0.10057154297828674,0.9990040063858032,0.8973589539527893
YDR184C,YJL221C,0,-2.9702158,0.1005614623427391,0.9990040063858032,0.8974589705467224
YFR018C,YHR108W,0,-2.9704697,0.10055138170719147,0.9990040063858032,0.8975590467453003
YDR473C,YPL121C,0,-2.9709837,0.10054130107164383,0.9990040063858032,0.8976590633392334
YDL179W,YDL045W-A,0,-2.9716694,0.10053122043609619,0.9990040063858032,0.8977590799331665
YML100W,YMR114C,0,-2.9717267,0.10052114725112915,0.9990040063858032,0.8978591561317444
YOR338W,YLR218C,0,-2.9717317,0.10051107406616211,0.9990040063858032,0.8979591727256775
YOR193W,YHL030W,0,-2.972066,0.10050100088119507,0.9990040063858032,0.8980592489242554
YOR179C,YJL052W,0,-2.97214,0.10049093514680862,0.9990040063858032,0.8981592655181885
YER141W,YOL096C,0,-2.9722276,0.10048086196184158,0.9990040063858032,0.8982592821121216
YBL025W,YOR011W,0,-2.9726462,0.10047080367803574,0.9990040063858032,0.8983593583106995
YMR323W,YHR184W,0,-2.9727342,0.10046073794364929,0.9990040063858032,0.8984593749046326
YLR188W,YGR230W,0,-2.9730244,0.10045067965984344,0.9990040063858032,0.8985594511032104
YNL096C,YFR020W,0,-2.9739292,0.100440613925457,0.9990040063858032,0.8986594676971436
YGR165W,YPR114W,0,-2.9741921,0.10043056309223175,0.9990040063858032,0.8987594842910767
YPL111W,YFL055W,0,-2.9744866,0.1004205048084259,0.9990040063858032,0.8988595604896545
YEL042W,YMR323W,0,-2.9747221,0.10041045397520065,0.9990040063858032,0.8989595770835876
YOR374W,YHL030W,0,-2.9747636,0.1004004031419754,0.9990040063858032,0.8990596532821655
YML032C,YNL127W,0,-2.9756129,0.10039035230875015,0.9990040063858032,0.8991596698760986
YOR317W,YLL035W,0,-2.9761565,0.1003803014755249,0.9990040063858032,0.8992596864700317
YLL022C,YNL320W,0,-2.9761636,0.10037025809288025,0.9990040063858032,0.8993597626686096
YDR056C,YPR114W,0,-2.9768555,0.1003602147102356,0.9990040063858032,0.8994597792625427
YML072C,YKR091W,0,-2.976935,0.10035017877817154,0.9990040063858032,0.8995597958564758
YGR054W,YIL101C,0,-2.9777904,0.10034013539552689,0.9990040063858032,0.8996598720550537
YIL165C,YDL154W,0,-2.97824,0.10033009946346283,0.9990040063858032,0.8997598886489868
YDR476C,YOR233W,0,-2.9785385,0.10032006353139877,0.9990040063858032,0.8998599648475647
YCR034W,YGL160W,0,-2.9785645,0.10031002759933472,0.9990040063858032,0.8999599814414978
YLR260W,YNL172W,0,-2.9789038,0.10029999911785126,0.9990040063858032,0.9000599980354309
YGL256W,YGR222W,0,-2.9793184,0.1002899706363678,0.9990040063858032,0.9001600742340088
YDR540C,YDL073W,0,-2.9794831,0.10027994215488434,0.9990040063858032,0.9002600908279419
YPL226W,YKL218C,0,-2.9799948,0.10026992112398148,0.9990040063858032,0.9003601670265198
YML029W,YHL044W,0,-2.9801207,0.10025989264249802,0.9990040063858032,0.9004601836204529
YPL003W,YLR205C,0,-2.9803026,0.10024987161159515,0.9990040063858032,0.900560200214386
YMR169C,YDL241W,0,-2.9805334,0.10023985803127289,0.9990040063858032,0.9006602764129639
YNL026W,YLR299W,0,-2.9806309,0.10022983700037003,0.9990040063858032,0.900760293006897
YJL029C,YMR149W,0,-2.980654,0.10021982342004776,0.9990040063858032,0.9008603692054749
YDR540C,YBR088C,0,-2.9808505,0.1002098098397255,0.9990040063858032,0.900960385799408
YDR517W,YER064C,0,-2.9810212,0.10019980370998383,0.9990040063858032,0.9010604023933411
YOR018W,YKL084W,0,-2.9810717,0.10018979012966156,0.9990040063858032,0.901160478591919
YGR053C,YHR132C,0,-2.981194,0.10017978399991989,0.9990040063858032,0.901260495185852
YLR188W,YHL032C,0,-2.9826462,0.10016977787017822,0.9990040063858032,0.9013605713844299
YGL019W,YIR039C,0,-2.982939,0.10015977919101715,0.9990040063858032,0.901460587978363
YJL092W,YIL113W,0,-2.9840693,0.10014977306127548,0.9990040063858032,0.9015606045722961
YJL219W,YLL022C,0,-2.9843307,0.10013977438211441,0.9990040063858032,0.901660680770874
YAR035W,YFL051C,0,-2.9851012,0.10012977570295334,0.9990040063858032,0.9017606973648071
YHR185C,YDR499W,0,-2.9851463,0.10011978447437286,0.9990040063858032,0.901860773563385
YLR427W,YGL032C,0,-2.985536,0.10010979324579239,0.9990040063858032,0.9019607901573181
YLR283W,YKL182W,0,-2.9856002,0.10009980201721191,0.9990040063858032,0.9020608067512512
YBR301W,YDR313C,0,-2.986678,0.10008981078863144,0.9990040063858032,0.9021608829498291
YGL008C,YGL028C,0,-2.9875393,0.10007982701063156,0.9990040063858032,0.9022608995437622
YKL091C,YHR092C,0,-2.9875395,0.10006983578205109,0.9990040063858032,0.9023609161376953
YMR097C,YGL253W,0,-2.9882407,0.1000598594546318,0.9990040063858032,0.9024609923362732
YOL122C,YDL197C,0,-2.9884627,0.10004987567663193,0.9990040063858032,0.9025610089302063
YML127W,YNR065C,0,-2.9887536,0.10003989934921265,0.9990040063858032,0.9026610851287842
YGL192W,YHR207C,0,-2.989019,0.10002991557121277,0.9990040063858032,0.9027611017227173
YDR517W,YKL187C,0,-2.989033,0.10001994669437408,0.9990040063858032,0.9028611183166504
YAL060W,YOR206W,0,-2.990854,0.1000099703669548,0.9990040063858032,0.9029611945152283
YFR028C,YKL150W,0,-2.9912856,0.10000000149011612,0.9990040063858032,0.9030612111091614
YOL119C,YCR041W,0,-2.9923513,0.09999003261327744,0.9990040063858032,0.9031612873077393
YNL263C,YFR020W,0,-2.9929535,0.09998006373643875,0.9990040063858032,0.9032613039016724
YCL034W,YGL166W,0,-2.993039,0.09997010231018066,0.9990040063858032,0.9033613204956055
YJR066W,YMR099C,0,-2.9936671,0.09996013343334198,0.9990040063858032,0.9034613966941833
YDL144C,YBL089W,0,-2.9938736,0.09995017200708389,0.9990040063858032,0.9035614132881165
YFR014C,YJL078C,0,-2.9940226,0.0999402180314064,0.9990040063858032,0.9036614894866943
YBR250W,YGL035C,0,-2.994335,0.09993025660514832,0.9990040063858032,0.9037615060806274
YOL092W,YNL333W,0,-2.9951613,0.09992030262947083,0.9990040063858032,0.9038615226745605
YFR020W,YBR097W,0,-2.9954324,0.09991034865379333,0.9990040063858032,0.9039615988731384
YER013W,YPL147W,0,-2.9954388,0.09990040212869644,0.9990040063858032,0.9040616154670715
YMR164C,YCR002C,0,-2.9956095,0.09989044815301895,0.9990040063858032,0.9041616916656494
YGL114W,YER173W,0,-2.9956987,0.09988050162792206,0.9990040063858032,0.9042617082595825
YLR116W,YKR068C,0,-2.9969673,0.09987055510282516,0.9990040063858032,0.9043617248535156
YFL033C,YJL092W,0,-2.9983866,0.09986061602830887,0.9990040063858032,0.9044618010520935
YMR081C,YPL235W,0,-2.9991016,0.09985066950321198,0.9990040063858032,0.9045618176460266
YMR179W,YIL023C,0,-2.9991388,0.09984073042869568,0.9990040063858032,0.9046618938446045
YPR029C,YDL073W,0,-2.9994357,0.09983079880475998,0.9990040063858032,0.9047619104385376
YJR149W,YOL135C,0,-2.9995306,0.09982085973024368,0.9990040063858032,0.9048619270324707
YLL013C,YFR020W,0,-3.0002334,0.09981092810630798,0.9990040063858032,0.9049620032310486
YLR343W,YNR070W,0,-3.0010376,0.09980099648237228,0.9990040063858032,0.9050620198249817
YIL053W,YGR041W,0,-3.001183,0.09979106485843658,0.9990040063858032,0.9051620364189148
YDL019C,YOL091W,0,-3.0013664,0.09978114068508148,0.9990040063858032,0.9052621126174927
YNL078W,YDR407C,0,-3.002193,0.09977120906114578,0.9990040063858032,0.9053621292114258
YPL200W,YDR176W,0,-3.002859,0.09976129233837128,0.9990040063858032,0.9054622054100037
YKL061W,YDL226C,0,-3.0036566,0.09975136816501617,0.9990040063858032,0.9055622220039368
YLR316C,YGL227W,0,-3.0041864,0.09974145144224167,0.9990040063858032,0.9056622385978699
YIL109C,YIL101C,0,-3.0042388,0.09973152726888657,0.9990040063858032,0.9057623147964478
YDL093W,YMR247C,0,-3.0042598,0.09972161799669266,0.9990040063858032,0.9058623313903809
YFL030W,YOR075W,0,-3.0045145,0.09971170127391815,0.9990040063858032,0.9059624075889587
YNR043W,YGL153W,0,-3.0045884,0.09970179200172424,0.9990040063858032,0.9060624241828918
YHL047C,YDR407C,0,-3.0047638,0.09969188272953033,0.9990040063858032,0.906162440776825
YJL171C,YFR031C-A,0,-3.005324,0.09968197345733643,0.9990040063858032,0.9062625169754028
YGR230W,YFL055W,0,-3.0055141,0.09967206418514252,0.9990040063858032,0.9063625335693359
YNL099C,YKL093W,0,-3.0056295,0.0996621623635292,0.9990040063858032,0.9064626097679138
YNL073W,YJR138W,0,-3.0059054,0.0996522605419159,0.9990040063858032,0.9065626263618469
YNL230C,YMR291W,0,-3.0059474,0.09964235872030258,0.9990040063858032,0.90666264295578
YDL179W,YDR539W,0,-3.0062463,0.09963246434926987,0.9990040063858032,0.9067627191543579
YIL072W,YGL107C,0,-3.0067577,0.09962256997823715,0.9990040063858032,0.906862735748291
YEL012W,YPR139C,0,-3.0068512,0.09961267560720444,0.9990040063858032,0.9069628119468689
YER109C,YGL195W,0,-3.0070252,0.09960278123617172,0.9990040063858032,0.907062828540802
YML070W,YEL032W,0,-3.0076244,0.09959288686513901,0.9990040063858032,0.9071628451347351
YNR021W,YIR015W,0,-3.007791,0.09958299994468689,0.9990040063858032,0.907262921333313
YBR195C,YOR113W,0,-3.0080395,0.09957311302423477,0.9990040063858032,0.9073629379272461
YML008C,YNL320W,0,-3.0081804,0.09956323355436325,0.9990040063858032,0.907463014125824
YER162C,YKL047W,0,-3.0084903,0.09955334663391113,0.9990040063858032,0.9075630307197571
YDR358W,YHR031C,0,-3.008541,0.09954346716403961,0.9990040063858032,0.9076630473136902
YPR179C,YMR102C,0,-3.008922,0.09953358769416809,0.9990040063858032,0.9077631235122681
YLR157C,YGR171C,0,-3.0090828,0.09952371567487717,0.9990040063858032,0.9078631401062012
YOR174W,YJL057C,0,-3.0096695,0.09951384365558624,0.9990040063858032,0.9079631567001343
YAL034C,YBL014C,0,-3.0104332,0.09950397163629532,0.9990040063858032,0.9080632328987122
YLR223C,YKL093W,0,-3.0111597,0.0994940996170044,0.9990040063858032,0.9081632494926453
YGR010W,YHR207C,0,-3.011276,0.09948422759771347,0.9990040063858032,0.9082633256912231
YLR065C,YBR054W,0,-3.0112875,0.09947436302900314,0.9990040063858032,0.9083633422851562
YOR208W,YJR001W,0,-3.0113802,0.09946449846029282,0.9990040063858032,0.9084633588790894
YOR292C,YDR266C,0,-3.0117743,0.09945463389158249,0.9990040063858032,0.9085634350776672
YBR046C,YDR065W,0,-3.0117848,0.09944477677345276,0.9990040063858032,0.9086634516716003
YHL008C,YLR006C,0,-3.0118597,0.09943491965532303,0.9990040063858032,0.9087635278701782
YNL044W,YAL014C,0,-3.0119252,0.0994250625371933,0.9990040063858032,0.9088635444641113
YML072C,YDR342C,0,-3.0119264,0.09941520541906357,0.9990040063858032,0.9089635610580444
YGL114W,YOR081C,0,-3.0119479,0.09940534830093384,0.9990040063858032,0.9090636372566223
YPR109W,YIR039C,0,-3.012002,0.0993954986333847,0.9990040063858032,0.9091636538505554
YAL034C,YKL082C,0,-3.0125668,0.09938564896583557,0.9990040063858032,0.9092637300491333
YGL112C,YOR329C,0,-3.0126655,0.09937580674886703,0.9990040063858032,0.9093637466430664
YGR266W,YOL119C,0,-3.0136945,0.0993659570813179,0.9990040063858032,0.9094637632369995
YDR319C,YFR021W,0,-3.0137322,0.09935611486434937,0.9990040063858032,0.9095638394355774
YKR034W,YDR406W,0,-3.0144842,0.09934627264738083,0.9990040063858032,0.9096638560295105
YPL216W,YIR041W,0,-3.014606,0.09933643788099289,0.9990040063858032,0.9097639322280884
YGR149W,YGR155W,0,-3.0147717,0.09932659566402435,0.9990040063858032,0.9098639488220215
YMR250W,YKR006C,0,-3.014852,0.09931676089763641,0.9990040063858032,0.9099639654159546
YCR036W,YLR343W,0,-3.0150387,0.09930693358182907,0.9990040063858032,0.9100640416145325
YML124C,YFL011W,0,-3.0154433,0.09929709881544113,0.9990040063858032,0.9101640582084656
YIL091C,YLR360W,0,-3.0164862,0.09928727149963379,0.9990040063858032,0.9102641344070435
YAL060W,YGR101W,0,-3.0167797,0.09927744418382645,0.9990040063858032,0.9103641510009766
YMR131C,YDR032C,0,-3.0168357,0.0992676168680191,0.9990040063858032,0.9104641675949097
YGR277C,YHL004W,0,-3.0177972,0.09925778955221176,0.9990040063858032,0.9105642437934875
YLR271W,YDR338C,0,-3.0181906,0.09924796968698502,0.9990040063858032,0.9106642603874207
YJL171C,YIL169C,0,-3.0185614,0.09923814982175827,0.9990040063858032,0.9107642769813538
YDL052C,YDR400W,0,-3.0187676,0.09922833740711212,0.9990040063858032,0.9108643531799316
YER141W,YGR145W,0,-3.0189884,0.09921851754188538,0.9990040063858032,0.9109643697738647
YKL191W,YLR251W,0,-3.0199497,0.09920870512723923,0.9990040063858032,0.9110644459724426
YOL073C,YLL035W,0,-3.0203083,0.09919889271259308,0.9990040063858032,0.9111644625663757
YOR208W,YML100W,0,-3.020475,0.09918908029794693,0.9990040063858032,0.9112644791603088
YOR180C,YGR201C,0,-3.0206916,0.09917927533388138,0.9990040063858032,0.9113645553588867
YIL108W,YBR245C,0,-3.0207787,0.09916947036981583,0.9990040063858032,0.9114645719528198
YLR362W,YLR278C,0,-3.0211458,0.09915966540575027,0.9990040063858032,0.9115646481513977
YMR106C,YDR225W,0,-3.021149,0.09914986044168472,0.9990040063858032,0.9116646647453308
YDL019C,YLR270W,0,-3.0211895,0.09914006292819977,0.9990040063858032,0.9117646813392639
YKL198C,YNL044W,0,-3.0213025,0.09913026541471481,0.9990040063858032,0.9118647575378418
YGL114W,YER008C,0,-3.0230782,0.09912046790122986,0.9990040063858032,0.9119647741317749
YJR086W,YGR010W,0,-3.0232587,0.0991106703877449,0.9990040063858032,0.9120648503303528
YFR022W,YLR292C,0,-3.0233521,0.09910088032484055,0.9990040063858032,0.9121648669242859
YNL026W,YAL040C,0,-3.0248325,0.09909109026193619,0.9990040063858032,0.912264883518219
YBL030C,YLR460C,0,-3.0249245,0.09908130019903183,0.9990040063858032,0.9123649597167969
YOR026W,YLR360W,0,-3.0254653,0.09907151013612747,0.9990040063858032,0.91246497631073
YJL137C,YHL030W,0,-3.0259812,0.09906172752380371,0.9990040063858032,0.9125650525093079
YLR329W,YGR054W,0,-3.0263746,0.09905194491147995,0.9990040063858032,0.912665069103241
YPL224C,YPR018W,0,-3.026384,0.09904216229915619,0.9990040063858032,0.9127650856971741
YHL037C,YLR299W,0,-3.0264566,0.09903238713741302,0.9990040063858032,0.912865161895752
YGL198W,YDR206W,0,-3.0264966,0.09902261197566986,0.9990040063858032,0.9129651784896851
YHL008C,YDR167W,0,-3.026891,0.0990128368139267,0.9990040063858032,0.9130652546882629
YOR076C,YOR329C,0,-3.0275724,0.09900306165218353,0.9990040063858032,0.913165271282196
YKL091C,YPR139C,0,-3.02797,0.09899328649044037,0.9990040063858032,0.9132652878761292
YDL177C,YNL037C,0,-3.028715,0.0989835187792778,0.9990040063858032,0.913365364074707
YKL079W,YOR081C,0,-3.0289676,0.09897375106811523,0.9990040063858032,0.9134653806686401
YDR541C,YDR446W,0,-3.0297287,0.09896398335695267,0.9990040063858032,0.9135653972625732
YDR106W,YLL002W,0,-3.0298269,0.0989542230963707,0.9990040063858032,0.9136654734611511
YLR283W,YPL106C,0,-3.0310657,0.09894446283578873,0.9990040063858032,0.9137654900550842
YBL059W,YLR429W,0,-3.031268,0.09893470257520676,0.9990040063858032,0.9138655662536621
YGR201C,YDR003W,0,-3.0320332,0.09892494231462479,0.9990040063858032,0.9139655828475952
YKR021W,YHR189W,0,-3.0342577,0.09891518950462341,0.9990040063858032,0.9140655994415283
YDR446W,YJL100W,0,-3.03498,0.09890543669462204,0.9990040063858032,0.9141656756401062
YMR303C,YGL144C,0,-3.0350716,0.09889568388462067,0.9990040063858032,0.9142656922340393
YER082C,YHR009C,0,-3.035644,0.0988859310746193,0.9990040063858032,0.9143657684326172
YNR021W,YFR021W,0,-3.035874,0.09887618571519852,0.9990040063858032,0.9144657850265503
YJR022W,YDR451C,0,-3.0361521,0.09886644035577774,0.9990040063858032,0.9145658016204834
YMR092C,YDL144C,0,-3.0367067,0.09885669499635696,0.9990040063858032,0.9146658778190613
YNL259C,YNL194C,0,-3.0372257,0.09884694963693619,0.9990040063858032,0.9147658944129944
YHR136C,YOR279C,0,-3.0388095,0.09883721172809601,0.9990040063858032,0.9148659706115723
YDL225W,YDR032C,0,-3.0389624,0.09882747381925583,0.9990040063858032,0.9149659872055054
YER129W,YDR387C,0,-3.0394459,0.09881773591041565,0.9990040063858032,0.9150660037994385
YER064C,YDL076C,0,-3.0399826,0.09880799800157547,0.9990040063858032,0.9151660799980164
YAR035W,YPL172C,0,-3.0401008,0.09879826754331589,0.9990040063858032,0.9152660965919495
YDR517W,YBR114W,0,-3.0401344,0.0987885370850563,0.9990040063858032,0.9153661727905273
YMR127C,YPL121C,0,-3.040202,0.09877880662679672,0.9990040063858032,0.9154661893844604
YJL163C,YMR195W,0,-3.0402582,0.09876907616853714,0.9990040063858032,0.9155662059783936
YIL017C,YER170W,0,-3.0412228,0.09875935316085815,0.9990040063858032,0.9156662821769714
YFR020W,YJR119C,0,-3.041585,0.09874963015317917,0.9990040063858032,0.9157662987709045
YJR066W,YLR141W,1,-3.0417469,0.09883835166692734,1.0,0.9157662987709045
YOR273C,YBR291C,0,-3.041885,0.09882862120866776,1.0,0.9158663749694824
YFL061W,YOR148C,0,-3.0425143,0.09881889820098877,1.0,0.9159663915634155
YDR204W,YNL182C,0,-3.04313,0.09880917519330978,1.0,0.9160664081573486
YOR231W,YNL173C,0,-3.044058,0.0987994521856308,1.0,0.9161664843559265
YGR292W,YGL137W,0,-3.0442545,0.09878972917795181,1.0,0.9162665009498596
YHR153C,YGR201C,0,-3.044651,0.09878000617027283,1.0,0.9163665175437927
YIL165C,YPR114W,0,-3.0448413,0.09877029061317444,1.0,0.9164665937423706
YGL010W,YIL084C,0,-3.0451481,0.09876057505607605,1.0,0.9165666103363037
YBR071W,YDR266C,0,-3.0458033,0.09875085949897766,1.0,0.9166666865348816
YJL219W,YDR023W,0,-3.045965,0.09874115139245987,1.0,0.9167667031288147
YLR283W,YFR013W,0,-3.0460424,0.09873143583536148,1.0,0.9168667197227478
YOR113W,YDR237W,0,-3.0462868,0.09872172772884369,1.0,0.9169667959213257
YBL004W,YKL093W,0,-3.0464814,0.0987120270729065,1.0,0.9170668125152588
YKL091C,YGR063C,0,-3.0471895,0.0987023189663887,1.0,0.9171668887138367
YPL129W,YLR270W,0,-3.0472093,0.09869261831045151,1.0,0.9172669053077698
YLR283W,YGL186C,0,-3.0472562,0.09868291765451431,1.0,0.9173669219017029
YLR016C,YPL121C,0,-3.0476298,0.09867321699857712,1.0,0.9174669981002808
YFL060C,YBR097W,0,-3.0484855,0.09866352379322052,1.0,0.9175670146942139
YDR515W,YJR073C,0,-3.0495493,0.09865383058786392,1.0,0.9176670908927917
YGR141W,YMR302C,0,-3.049585,0.09864413738250732,1.0,0.9177671074867249
YKR002W,YGL223C,0,-3.0498707,0.09863444417715073,1.0,0.917867124080658
YFL036W,YGL161C,0,-3.051386,0.09862475097179413,1.0,0.9179672002792358
YLR384C,YJL221C,0,-3.0528357,0.09861506521701813,1.0,0.918067216873169
YJR101W,YKL161C,0,-3.0533473,0.09860537946224213,1.0,0.9181672930717468
YDR369C,YAL009W,0,-3.0535076,0.09859570115804672,1.0,0.9182673096656799
YOR321W,YAL024C,0,-3.0544844,0.09858601540327072,1.0,0.918367326259613
YJR149W,YDL076C,0,-3.054915,0.09857633709907532,1.0,0.9184674024581909
YPR121W,YDR338C,0,-3.056135,0.09856665879487991,1.0,0.918567419052124
YNR001C,YGR054W,0,-3.0562909,0.0985569879412651,1.0,0.9186674952507019
YER122C,YJR044C,0,-3.0571477,0.0985473096370697,1.0,0.918767511844635
YMR017W,YEL003W,0,-3.0578496,0.0985376387834549,1.0,0.9188675284385681
YAL009W,YGR127W,0,-3.0578501,0.09852796792984009,1.0,0.918967604637146
YER183C,YDR065W,0,-3.0585191,0.09851829707622528,1.0,0.9190676212310791
YIL083C,YBR291C,0,-3.05902,0.09850863367319107,1.0,0.9191676378250122
YMR302C,YFL051C,0,-3.0590556,0.09849897027015686,1.0,0.9192677140235901
YOL145C,YBR054W,0,-3.0592725,0.09848930686712265,1.0,0.9193677306175232
YBR101C,YKL161C,0,-3.059512,0.09847964346408844,1.0,0.9194678068161011
YBL046W,YGL253W,0,-3.0604775,0.09846998751163483,1.0,0.9195678234100342
YHR098C,YOR049C,0,-3.0612,0.09846033155918121,1.0,0.9196678400039673
YOL159C,YHL047C,0,-3.061264,0.0984506756067276,1.0,0.9197679162025452
YDR342C,YCR043C,0,-3.0613515,0.09844102710485458,1.0,0.9198679327964783
YIL017C,YGL223C,0,-3.0618145,0.09843137115240097,1.0,0.9199680089950562
YPL085W,YFR021W,0,-3.061882,0.09842172265052795,1.0,0.9200680255889893
YHR092C,YDL226C,0,-3.0631936,0.09841207414865494,1.0,0.9201680421829224
YMR179W,YLR360W,0,-3.063588,0.09840243309736252,1.0,0.9202681183815002
YBR067C,YLR287C-A,0,-3.0641196,0.0983927845954895,1.0,0.9203681349754333
YNL194C,YHR207C,0,-3.0650625,0.09838314354419708,1.0,0.9204682111740112
YNL250W,YKL187C,0,-3.0654066,0.09837350249290466,1.0,0.9205682277679443
YGR127W,YCL054W,0,-3.0667417,0.09836386889219284,1.0,0.9206682443618774
YPR016C,YMR092C,0,-3.0671613,0.09835423529148102,1.0,0.9207683205604553
YBR299W,YBR283C,0,-3.068107,0.0983445942401886,1.0,0.9208683371543884
YIL037C,YDL074C,0,-3.0684476,0.09833496809005737,1.0,0.9209684133529663
YLL031C,YPL273W,0,-3.0696208,0.09832533448934555,1.0,0.9210684299468994
YIL053W,YGR149W,0,-3.070875,0.09831570833921432,1.0,0.9211684465408325
YNL194C,YDL241W,0,-3.071157,0.0983060821890831,1.0,0.9212685227394104
YJR084W,YPR134W,0,-3.0716565,0.09829645603895187,1.0,0.9213685393333435
YIL113W,YJL148W,0,-3.0716922,0.09828682988882065,1.0,0.9214686155319214
YLR063W,YNL173C,0,-3.0718226,0.09827721118927002,1.0,0.9215686321258545
YNL229C,YJR044C,0,-3.0719817,0.09826759248971939,1.0,0.9216686487197876
YNL073W,YLL031C,0,-3.072006,0.09825797379016876,1.0,0.9217687249183655
YNL130C,YHL044W,0,-3.0723598,0.09824836254119873,1.0,0.9218687415122986
YKL150W,YBR193C,0,-3.0726678,0.0982387438416481,1.0,0.9219687581062317
YPR071W,YER008C,0,-3.0729582,0.09822913259267807,1.0,0.9220688343048096
YHR185C,YNL127W,0,-3.0734065,0.09821952879428864,1.0,0.9221688508987427
YMR068W,YPL259C,0,-3.0736575,0.0982099175453186,1.0,0.9222689270973206
YFL061W,YOR133W,0,-3.0741875,0.09820031374692917,1.0,0.9223689436912537
YNL096C,YMR302C,0,-3.0753152,0.09819070994853973,1.0,0.9224689602851868
YOL119C,YDR069C,0,-3.0755403,0.0981811061501503,1.0,0.9225690364837646
YKL150W,YGL092W,0,-3.0759032,0.09817150980234146,1.0,0.9226690530776978
YNL146W,YOL143C,0,-3.075925,0.09816190600395203,1.0,0.9227691292762756
YJR101W,YBR243C,0,-3.0759876,0.09815230965614319,1.0,0.9228691458702087
YIL084C,YPL224C,0,-3.0766666,0.09814272075891495,1.0,0.9229691624641418
YER063W,YNL146W,0,-3.0767787,0.09813312441110611,1.0,0.9230692386627197
YBR254C,YNL223W,0,-3.0769398,0.09812353551387787,1.0,0.9231692552566528
YHR045W,YFR020W,0,-3.0769906,0.09811394661664963,1.0,0.9232693314552307
YBR299W,YGR124W,0,-3.0773227,0.09810435771942139,1.0,0.9233693480491638
YOL141W,YJR044C,0,-3.0776331,0.09809477627277374,1.0,0.9234693646430969
YIL017C,YNL182C,0,-3.077847,0.0980851873755455,1.0,0.9235694408416748
YIL073C,YJL164C,0,-3.078295,0.09807560592889786,1.0,0.9236694574356079
YBR046C,YPL070W,0,-3.0793421,0.09806603193283081,1.0,0.9237695336341858
YHL037C,YMR303C,0,-3.0805573,0.09805645048618317,1.0,0.9238695502281189
YLR083C,YJL196C,0,-3.0812747,0.09804687649011612,1.0,0.923969566822052
YLR362W,YOR208W,0,-3.0816743,0.09803730249404907,1.0,0.9240696430206299
YBL034C,YIL066C,0,-3.0831866,0.09802772849798203,1.0,0.924169659614563
YMR102C,YBR245C,0,-3.083244,0.09801816195249557,1.0,0.9242697358131409
YLR260W,YMR159C,0,-3.084977,0.09800858795642853,1.0,0.924369752407074
YNL155W,YIL018W,0,-3.085,0.09799902141094208,1.0,0.9244697690010071
YMR099C,YML032C,0,-3.0854008,0.09798946231603622,1.0,0.924569845199585
YGL049C,YGL160W,0,-3.0871842,0.09797989577054977,1.0,0.9246698617935181
YFL030W,YOL132W,0,-3.087422,0.09797033667564392,1.0,0.9247698783874512
YAL060W,YGL166W,0,-3.0874486,0.09796077758073807,1.0,0.924869954586029
YLR182W,YBL075C,0,-3.0879753,0.09795121848583221,1.0,0.9249699711799622
YLR056W,YNL223W,0,-3.0891502,0.09794166684150696,1.0,0.92507004737854
YHL030W,YDR338C,0,-3.0892637,0.0979321077466011,1.0,0.9251700639724731
YJL142C,YLR271W,0,-3.0910704,0.09792255610227585,1.0,0.9252700805664062
YGR010W,YER141W,0,-3.0911252,0.09791301190853119,1.0,0.9253701567649841
YPL235W,YMR102C,0,-3.0917928,0.09790346026420593,1.0,0.9254701733589172
YER150W,YHL034C,0,-3.0929992,0.09789391607046127,1.0,0.9255702495574951
YHL037C,YNL225C,0,-3.093335,0.09788437187671661,1.0,0.9256702661514282
YPL046C,YBR145W,0,-3.0937843,0.09787482768297195,1.0,0.9257702827453613
YFR018C,YPL007C,0,-3.0939424,0.09786529093980789,1.0,0.9258703589439392
YPL140C,YFR010W,0,-3.0942233,0.09785575419664383,1.0,0.9259703755378723
YJL105W,YOL068C,0,-3.0942266,0.09784621745347977,1.0,0.9260704517364502
YJR089W,YCL061C,0,-3.0944455,0.0978366807103157,1.0,0.9261704683303833
YGR227W,YDR216W,0,-3.0944598,0.09782714396715164,1.0,0.9262704849243164
YCL032W,YER064C,0,-3.0971081,0.09781761467456818,1.0,0.9263705611228943
YKR053C,YJR144W,0,-3.0971363,0.09780808538198471,1.0,0.9264705777168274
YCR077C,YDR179W-A,0,-3.0975473,0.09779855608940125,1.0,0.9265706539154053
YGR257C,YDR069C,0,-3.0977285,0.09778903424739838,1.0,0.9266706705093384
YDR107C,YDR130C,0,-3.0980132,0.09777951240539551,1.0,0.9267706871032715
YER162C,YMR250W,0,-3.0982807,0.09776999056339264,1.0,0.9268707633018494
YDR069C,YDR313C,0,-3.0988872,0.09776046872138977,1.0,0.9269707798957825
YLR056W,YKL091C,0,-3.0991893,0.0977509468793869,1.0,0.9270708560943604
YPR109W,YOL143C,0,-3.0998251,0.09774143248796463,1.0,0.9271708726882935
YCL032W,YKR002W,0,-3.1000133,0.09773191809654236,1.0,0.9272708892822266
YNL194C,YNR039C,0,-3.101866,0.09772240370512009,1.0,0.9273709654808044
YIL136W,YPL283C,0,-3.1019943,0.09771289676427841,1.0,0.9274709820747375
YOR321W,YGL028C,0,-3.1021793,0.09770338982343674,1.0,0.9275709986686707
YFL005W,YDR342C,0,-3.1033747,0.09769388288259506,1.0,0.9276710748672485
YCR002C,YGR121C,0,-3.1035957,0.09768437594175339,1.0,0.9277710914611816
YGL192W,YDR541C,0,-3.1043365,0.09767486900091171,1.0,0.9278711676597595
YJR073C,YPR134W,0,-3.1046612,0.09766536951065063,1.0,0.9279711842536926
YKL099C,YJL142C,0,-3.1048205,0.09765587002038956,1.0,0.9280712008476257
YDR204W,YCL011C,0,-3.1058724,0.09764637053012848,1.0,0.9281712770462036
YJL171C,YPR070W,0,-3.1069086,0.097636878490448,1.0,0.9282712936401367
YDR339C,YMR291W,0,-3.1070004,0.09762737900018692,1.0,0.9283713698387146
YNL263C,YKR050W,0,-3.1075866,0.09761788696050644,1.0,0.9284713864326477
YDR317W,YMR102C,0,-3.1081088,0.09760840237140656,1.0,0.9285714030265808
YNL037C,YDL007W,0,-3.1094048,0.09759891033172607,1.0,0.9286714792251587
YML127W,YNL320W,0,-3.1098483,0.09758942574262619,1.0,0.9287714958190918
YGL200C,YBR058C,0,-3.1101348,0.0975799411535263,1.0,0.9288715720176697
YNL259C,YDR342C,0,-3.1102922,0.09757045656442642,1.0,0.9289715886116028
YGL256W,YLL002W,0,-3.110689,0.09756097197532654,1.0,0.9290716052055359
YHL016C,YGR063C,0,-3.1106908,0.09755149483680725,1.0,0.9291716814041138
YER162C,YNL008C,0,-3.1107545,0.09754201769828796,1.0,0.9292716979980469
YPL028W,YPR114W,0,-3.110873,0.09753254055976868,1.0,0.9293717741966248
YLR278C,YDR387C,0,-3.1112657,0.09752307087182999,1.0,0.9294717907905579
YOR273C,YOR307C,0,-3.1113684,0.0975136011838913,1.0,0.929571807384491
YDR443C,YDR130C,0,-3.1125076,0.09750412404537201,1.0,0.9296718835830688
YLL066C,YLR251W,0,-3.112546,0.09749466180801392,1.0,0.929771900177002
YDR295C,YDR065W,0,-3.1126413,0.09748519212007523,1.0,0.9298719763755798
YGR101W,YDR407C,0,-3.1130328,0.09747572988271713,1.0,0.9299719929695129
YGL104C,YPR134W,0,-3.1141675,0.09746626764535904,1.0,0.930072009563446
YJL172W,YBR253W,0,-3.115639,0.09745680540800095,1.0,0.9301720857620239
YMR087W,YPL273W,0,-3.1162353,0.09744734317064285,1.0,0.930272102355957
YDR041W,YDR423C,0,-3.1163843,0.09743788838386536,1.0,0.9303721785545349
YML016C,YML100W,0,-3.116453,0.09742843359708786,1.0,0.930472195148468
YBR041W,YHR096C,0,-3.1174471,0.09741897881031036,1.0,0.9305722117424011
YNL177C,YGL015C,0,-3.117852,0.09740952402353287,1.0,0.930672287940979
YGR002C,YPL121C,0,-3.1181862,0.09740007668733597,1.0,0.9307723045349121
YLR075W,YLR104W,0,-3.1194863,0.09739062935113907,1.0,0.9308723211288452
YMR250W,YPL283C,0,-3.1201851,0.09738118201494217,1.0,0.9309723973274231
YNL291C,YDR003W,0,-3.1205509,0.09737174212932587,1.0,0.9310724139213562
YPL140C,YKL061W,0,-3.1208503,0.09736229479312897,1.0,0.9311724901199341
YOR113W,YPR024W,0,-3.1211836,0.09735285490751266,1.0,0.9312725067138672
YGL161C,YIL101C,0,-3.1229594,0.09734341502189636,1.0,0.9313725233078003
YLR179C,YKL109W,0,-3.1249042,0.09733398258686066,1.0,0.9314725995063782
YBL059W,YGL075C,0,-3.125335,0.09732454270124435,1.0,0.9315726161003113
YBL054W,YNL173C,0,-3.1262782,0.09731511026620865,1.0,0.9316726922988892
YDL076C,YPL276W,0,-3.1268055,0.09730567783117294,1.0,0.9317727088928223
YLL066C,YFL048C,0,-3.1271656,0.09729625284671783,1.0,0.9318727254867554
YPL148C,YOR049C,0,-3.128304,0.09728682041168213,1.0,0.9319728016853333
YMR067C,YLR299W,0,-3.1297438,0.09727739542722702,1.0,0.9320728182792664
YDR434W,YJR098C,0,-3.1303184,0.09726797044277191,1.0,0.9321728944778442
YHR011W,YDL239C,0,-3.130565,0.0972585454583168,1.0,0.9322729110717773
YGL105W,YMR291W,0,-3.1310585,0.09724912792444229,1.0,0.9323729276657104
YPR114W,YHR012W,0,-3.1313996,0.09723971039056778,1.0,0.9324730038642883
YDL019C,YDR065W,0,-3.1314714,0.09723029285669327,1.0,0.9325730204582214
YOR368W,YPR106W,0,-3.132248,0.09722087532281876,1.0,0.9326730966567993
YCR104W,YIL091C,0,-3.1337368,0.09721146523952484,1.0,0.9327731132507324
YGR141W,YHR034C,0,-3.1342478,0.09720205515623093,1.0,0.9328731298446655
YIR019C,YOL096C,0,-3.1344936,0.09719264507293701,1.0,0.9329732060432434
YJL172W,YDR206W,0,-3.1362789,0.0971832349896431,1.0,0.9330732226371765
YGR227W,YGR041W,0,-3.1378973,0.09717383235692978,1.0,0.9331732988357544
YOL122C,YML124C,0,-3.137914,0.09716442227363586,1.0,0.9332733154296875
YJR094C,YPL186C,0,-3.1389306,0.09715501964092255,1.0,0.9333733320236206
YPR141C,YKR014C,0,-3.139006,0.09714562445878983,1.0,0.9334734082221985
YJL196C,YER107C,0,-3.1398132,0.09713622182607651,1.0,0.9335734248161316
YLR313C,YCL044C,0,-3.1404545,0.09712682664394379,1.0,0.9336734414100647
YLR341W,YBL034C,0,-3.140713,0.09711743146181107,1.0,0.9337735176086426
YPR054W,YGL166W,0,-3.1412785,0.09710803627967834,1.0,0.9338735342025757
YCR036W,YGL253W,0,-3.1416883,0.09709864854812622,1.0,0.9339736104011536
YGL096W,YDR167W,0,-3.1426086,0.0970892533659935,1.0,0.9340736269950867
YLR104W,YLR115W,0,-3.1433322,0.09707986563444138,1.0,0.9341736435890198
YGR043C,YJR010C-A,0,-3.1437206,0.09707048535346985,1.0,0.9342737197875977
YKL130C,YJR044C,0,-3.1437726,0.09706109762191772,1.0,0.9343737363815308
YOL159C,YOL133W,0,-3.1445334,0.0970517173409462,1.0,0.9344738125801086
YNL230C,YMR087W,0,-3.1454284,0.09704233705997467,1.0,0.9345738291740417
YLR299W,YLR148W,0,-3.1456015,0.09703295677900314,1.0,0.9346738457679749
YDR317W,YPL207W,0,-3.1465697,0.09702357649803162,1.0,0.9347739219665527
YMR102C,YOR075W,0,-3.1469924,0.09701420366764069,1.0,0.9348739385604858
YNR001C,YNL210W,0,-3.1471918,0.09700483083724976,1.0,0.9349740147590637
YGL247W,YPL087W,0,-3.1475036,0.09699545800685883,1.0,0.9350740313529968
YBL046W,YDR446W,0,-3.1483116,0.09698609262704849,1.0,0.9351740479469299
YFL030W,YER117W,0,-3.1492064,0.09697671979665756,1.0,0.9352741241455078
YLR283W,YER090W,0,-3.150069,0.09696735441684723,1.0,0.9353741407394409
YGR136W,YJL196C,0,-3.1507154,0.0969579890370369,1.0,0.9354742169380188
YGR150C,YPR134W,0,-3.1514482,0.09694863110780716,1.0,0.9355742335319519
YIL084C,YLR390W,0,-3.1519654,0.09693926572799683,1.0,0.935674250125885
YNL194C,YFL034W,0,-3.1527505,0.09692990779876709,1.0,0.9357743263244629
YJL171C,YPL198W,0,-3.1530619,0.09692054986953735,1.0,0.935874342918396
YGR101W,YBR054W,0,-3.1532168,0.09691119939088821,1.0,0.9359744191169739
YFR028C,YDR277C,0,-3.156246,0.09690184146165848,1.0,0.936074435710907
YOR095C,YGL053W,0,-3.1575046,0.09689249098300934,1.0,0.9361744523048401
YNL125C,YOR002W,0,-3.1577737,0.0968831405043602,1.0,0.936274528503418
YOR231W,YGL057C,0,-3.1579363,0.09687379747629166,1.0,0.9363745450973511
YJR031C,YNL320W,0,-3.1591063,0.09686444699764252,1.0,0.9364745616912842
YIL070C,YPR157W,0,-3.159721,0.09685510396957397,1.0,0.9365746378898621
YOR076C,YDR115W,0,-3.1598647,0.09684576094150543,1.0,0.9366746544837952
YLR205C,YGL166W,0,-3.160095,0.09683641791343689,1.0,0.936774730682373
YNL173C,YFL020C,0,-3.161424,0.09682708233594894,1.0,0.9368747472763062
YBL009W,YML100W,0,-3.1620417,0.096817746758461,1.0,0.9369747638702393
YOR174W,YPL060W,0,-3.1625803,0.09680841118097305,1.0,0.9370748400688171
YMR081C,YLR373C,0,-3.1626484,0.09679907560348511,1.0,0.9371748566627502
YMR180C,YDL076C,0,-3.1630425,0.09678974002599716,1.0,0.9372749328613281
YJL163C,YHR045W,0,-3.1641548,0.09678041189908981,1.0,0.9373749494552612
YGL022W,YPL104W,0,-3.1642525,0.09677108377218246,1.0,0.9374749660491943
YHR027C,YOR057W,0,-3.1646478,0.09676175564527512,1.0,0.9375750422477722
YMR202W,YOL071W,0,-3.1652706,0.09675243496894836,1.0,0.9376750588417053
YLR233C,YNL250W,0,-3.1654115,0.09674310684204102,1.0,0.9377751350402832
YDR204W,YDR083W,0,-3.167323,0.09673378616571426,1.0,0.9378751516342163
YDL199C,YOR209C,0,-3.167809,0.09672447293996811,1.0,0.9379751682281494
YLR348C,YNR058W,0,-3.1695225,0.09671515226364136,1.0,0.9380752444267273
YJL137C,YGL167C,0,-3.1702235,0.0967058390378952,1.0,0.9381752610206604
YLR370C,YDR407C,0,-3.1728804,0.09669652581214905,1.0,0.9382753372192383
YOR386W,YDR439W,0,-3.1729612,0.0966872125864029,1.0,0.9383753538131714
YHR085W,YMR195W,0,-3.1731493,0.09667789936065674,1.0,0.9384753704071045
YDL165W,YLR251W,0,-3.1743834,0.09666859358549118,1.0,0.9385754466056824
YMR097C,YHR190W,0,-3.17558,0.09665928781032562,1.0,0.9386754631996155
YNL250W,YBR020W,0,-3.1771414,0.09664998203516006,1.0,0.9387755393981934
YFL036W,YBL047C,0,-3.1772568,0.0966406762599945,1.0,0.9388755559921265
YDR171W,YOL122C,0,-3.177838,0.09663137793540955,1.0,0.9389755725860596
YMR323W,YDR313C,0,-3.1782691,0.09662207961082458,1.0,0.9390756487846375
YGR247W,YFR020W,0,-3.1783764,0.09661278128623962,1.0,0.9391756653785706
YDR201W,YNL125C,0,-3.1790962,0.09660348296165466,1.0,0.9392756819725037
YFR050C,YDR130C,0,-3.1791084,0.0965941920876503,1.0,0.9393757581710815
YKL034W,YGL040C,0,-3.180155,0.09658489376306534,1.0,0.9394757747650146
YDR307W,YFL047W,0,-3.1810157,0.09657560288906097,1.0,0.9395758509635925
YLR253W,YFL020C,0,-3.1815944,0.09656631946563721,1.0,0.9396758675575256
YKL213C,YIL039W,0,-3.1818373,0.09655702859163284,1.0,0.9397758841514587
YFL030W,YHL032C,0,-3.1821048,0.09654774516820908,1.0,0.9398759603500366
YOR337W,YCR104W,0,-3.1828125,0.09653846174478531,1.0,0.9399759769439697
YAL024C,YIL109C,0,-3.1849205,0.09652917832136154,1.0,0.9400760531425476
YGL028C,YBR084W,0,-3.1849778,0.09651990234851837,1.0,0.9401760697364807
YFR048W,YGR053C,0,-3.1856778,0.0965106189250946,1.0,0.9402760863304138
YDR499W,YDR539W,0,-3.1856883,0.09650134295225143,1.0,0.9403761625289917
YPR106W,YKL055C,0,-3.1866488,0.09649207442998886,1.0,0.9404761791229248
YDL161W,YGL104C,0,-3.1876886,0.09648279845714569,1.0,0.9405762553215027
YNL061W,YMR169C,0,-3.1880755,0.09647352993488312,1.0,0.9406762719154358
YBR299W,YNL044W,0,-3.1883347,0.09646426141262054,1.0,0.9407762885093689
YGR101W,YDR539W,0,-3.1894774,0.09645499289035797,1.0,0.9408763647079468
YJL092W,YDL215C,0,-3.1896284,0.0964457243680954,1.0,0.9409763813018799
YOR254C,YPL087W,0,-3.1899574,0.09643646329641342,1.0,0.9410764575004578
YDR406W,YPL134C,0,-3.189994,0.09642720222473145,1.0,0.9411764740943909
YOR076C,YJL052W,0,-3.1903522,0.09641794115304947,1.0,0.941276490688324
YDR107C,YLR253W,0,-3.1921184,0.09640868008136749,1.0,0.9413765668869019
YFR022W,YEL016C,0,-3.1927202,0.09639942646026611,1.0,0.941476583480835
YMR262W,YDL224C,0,-3.1937883,0.09639016538858414,1.0,0.9415766596794128
YKL167C,YIL023C,0,-3.1938503,0.09638091921806335,1.0,0.941676676273346
YCR007C,YMR240C,0,-3.1941276,0.09637166559696198,1.0,0.941776692867279
YNR058W,YJL196C,0,-3.1946528,0.0963624119758606,1.0,0.9418767690658569
YIR017C,YGR150C,0,-3.1950624,0.09635316580533981,1.0,0.94197678565979
YPR029C,YIL136W,0,-3.1951902,0.09634391963481903,1.0,0.9420768022537231
YIL165C,YER008C,0,-3.196091,0.09633467346429825,1.0,0.942176878452301
YDL144C,YDR338C,0,-3.1970634,0.09632543474435806,1.0,0.9422768950462341
YJL207C,YJR044C,0,-3.1988025,0.09631619602441788,1.0,0.942376971244812
YER122C,YNR070W,0,-3.1991851,0.09630695730447769,1.0,0.9424769878387451
YMR091C,YDR107C,0,-3.1993628,0.0962977185845375,1.0,0.9425770044326782
YDR317W,YPR189W,0,-3.2014613,0.09628847986459732,1.0,0.9426770806312561
YKL218C,YNL250W,0,-3.201756,0.09627924859523773,1.0,0.9427770972251892
YGR266W,YLR044C,0,-3.201822,0.09627001732587814,1.0,0.9428771734237671
YHL032C,YDR109C,0,-3.2018418,0.09626078605651855,1.0,0.9429771900177002
YKL047W,YDR069C,0,-3.2019794,0.09625155478715897,1.0,0.9430772066116333
YPR184W,YKR014C,0,-3.2022572,0.09624233096837997,1.0,0.9431772828102112
YPL148C,YJR001W,0,-3.202651,0.09623310714960098,1.0,0.9432772994041443
YLL040C,YHL030W,0,-3.2027268,0.09622388333082199,1.0,0.9433773756027222
YGR043C,YOL028C,0,-3.20293,0.096214659512043,1.0,0.9434773921966553
YMR173W,YDR285W,0,-3.2031133,0.0962054431438446,1.0,0.9435774087905884
YFR014C,YAL009W,0,-3.2039604,0.09619622677564621,1.0,0.9436774849891663
YDR443C,YNL054W,0,-3.2040195,0.09618701040744781,1.0,0.9437775015830994
YOR084W,YIR019C,0,-3.2042477,0.09617779403924942,1.0,0.9438775777816772
YJR143C,YNL045W,0,-3.2050798,0.09616858512163162,1.0,0.9439775943756104
YHR138C,YNL250W,0,-3.2059743,0.09615936875343323,1.0,0.9440776109695435
YGL053W,YNL044W,0,-3.2064068,0.09615015983581543,1.0,0.9441776871681213
YIL127C,YAL002W,0,-3.2065036,0.09614095836877823,1.0,0.9442777037620544
YOR383C,YER042W,0,-3.2072284,0.09613174945116043,1.0,0.9443777799606323
YLR332W,YJR138W,0,-3.207504,0.09612254798412323,1.0,0.9444777965545654
YDR056C,YBR105C,0,-3.2079594,0.09611334651708603,1.0,0.9445778131484985
YNL229C,YGR149W,0,-3.208093,0.09610414505004883,1.0,0.9446778893470764
YEL042W,YOR193W,0,-3.209576,0.09609494358301163,1.0,0.9447779059410095
YGL053W,YKL150W,0,-3.209647,0.09608574956655502,1.0,0.9448779225349426
YLR332W,YNL152W,0,-3.2097306,0.09607655555009842,1.0,0.9449779987335205
YLR044C,YPL134C,0,-3.2100565,0.09606736153364182,1.0,0.9450780153274536
YPL224C,YOR034C,0,-3.2122595,0.09605816751718521,1.0,0.9451780915260315
YOR369C,YJL142C,0,-3.212939,0.0960489809513092,1.0,0.9452781081199646
YFL056C,YER013W,0,-3.2133567,0.0960397943854332,1.0,0.9453781247138977
YDL199C,YIL036W,0,-3.2134135,0.09603060781955719,1.0,0.9454782009124756
YDR349C,YIR039C,0,-3.2137368,0.09602142125368118,1.0,0.9455782175064087
YMR120C,YPR184W,0,-3.21396,0.09601224213838577,1.0,0.9456782937049866
YDR406W,YGR149W,0,-3.214322,0.09600306302309036,1.0,0.9457783102989197
YMR011W,YPL174C,0,-3.2145581,0.09599388390779495,1.0,0.9458783268928528
YKL145W,YBR054W,0,-3.2147152,0.09598470479249954,1.0,0.9459784030914307
YEL042W,YMR250W,0,-3.2150133,0.09597552567720413,1.0,0.9460784196853638
YMR087W,YGR043C,0,-3.217182,0.09596635401248932,1.0,0.9461784958839417
YLR360W,YMR240C,0,-3.2176974,0.0959571823477745,1.0,0.9462785124778748
YDR130C,YLR360W,0,-3.2189186,0.09594801068305969,1.0,0.9463785290718079
YPR013C,YIL101C,0,-3.2193305,0.09593884646892548,1.0,0.9464786052703857
YDL093W,YOR384W,0,-3.2196105,0.09592967480421066,1.0,0.9465786218643188
YPR070W,YIL113W,0,-3.2215822,0.09592051059007645,1.0,0.9466786980628967
YJL171C,YOR174W,0,-3.2219198,0.09591134637594223,1.0,0.9467787146568298
YOR386W,YFR007W,0,-3.2229276,0.09590218961238861,1.0,0.9468787312507629
YGL053W,YGL107C,0,-3.2249334,0.0958930253982544,1.0,0.9469788074493408
YNR001C,YHR128W,0,-3.2251084,0.09588386863470078,1.0,0.9470788240432739
YMR195W,YIL085C,0,-3.2251933,0.09587471187114716,1.0,0.9471789002418518
YJL164C,YPR182W,0,-3.225611,0.09586556255817413,1.0,0.9472789168357849
YIL091C,YFL020C,0,-3.2263079,0.09585640579462051,1.0,0.947378933429718
YIR005W,YGR053C,0,-3.2265885,0.09584725648164749,1.0,0.9474790096282959
YOR297C,YOR181W,0,-3.2269328,0.09583810716867447,1.0,0.947579026222229
YJL146W,YNL044W,0,-3.227401,0.09582895785570145,1.0,0.9476790428161621
YDR402C,YDR166C,0,-3.2286851,0.09581981599330902,1.0,0.94777911901474
YNL152W,YJL114W,0,-3.2288435,0.095810666680336,1.0,0.9478791356086731
YAL039C,YLR360W,0,-3.2289627,0.09580152481794357,1.0,0.947979211807251
YOR206W,YBL015W,0,-3.2291157,0.09579238295555115,1.0,0.9480792284011841
YOL142W,YMR250W,0,-3.229152,0.09578324854373932,1.0,0.9481792449951172
YNL263C,YBR017C,0,-3.2294223,0.09577411413192749,1.0,0.9482793211936951
YMR216C,YJL221C,0,-3.2294683,0.09576497226953506,1.0,0.9483793377876282
YPL022W,YMR262W,0,-3.230295,0.09575584530830383,1.0,0.948479413986206
YHR096C,YGR263C,0,-3.230686,0.095746710896492,1.0,0.9485794305801392
YER170W,YLR057W,0,-3.2307405,0.09573757648468018,1.0,0.9486794471740723
YAL060W,YHR045W,0,-3.2321005,0.09572844952344894,1.0,0.9487795233726501
YDR295C,YCR040W,0,-3.2322702,0.09571932256221771,1.0,0.9488795399665833
YPR106W,YPR015C,0,-3.234228,0.09571020305156708,1.0,0.9489796161651611
YJL105W,YGL075C,0,-3.234925,0.09570107609033585,1.0,0.9490796327590942
YNL225C,YAL002W,0,-3.236046,0.09569195657968521,1.0,0.9491796493530273
YFL055W,YIL036W,0,-3.2368836,0.09568283706903458,1.0,0.9492797255516052
YFR014C,YJL121C,0,-3.2371504,0.09567371755838394,1.0,0.9493797421455383
YDR313C,YGR258C,0,-3.2372053,0.0956646054983139,1.0,0.9494798183441162
YDR087C,YJL142C,0,-3.2396538,0.09565548598766327,1.0,0.9495798349380493
YJL164C,YLR403W,0,-3.2401702,0.09564637392759323,1.0,0.9496798515319824
YPL129W,YGR127W,0,-3.2402065,0.0956372618675232,1.0,0.9497799277305603
YLR307W,YBL091C,0,-3.2408316,0.09562815725803375,1.0,0.9498799443244934
YFR018C,YJL052W,0,-3.241101,0.09561904519796371,1.0,0.9499800205230713
YAL034C,YNL166C,0,-3.2417157,0.09560994058847427,1.0,0.9500800371170044
YDR351W,YKR102W,0,-3.242058,0.09560083597898483,1.0,0.9501800537109375
YDL199C,YML032C,0,-3.2424057,0.09559173882007599,1.0,0.9502801299095154
YDR322W,YGR201C,0,-3.2440176,0.09558263421058655,1.0,0.9503801465034485
YMR235C,YPR106W,0,-3.2442467,0.0955735370516777,1.0,0.9504801630973816
YGL153W,YKL093W,0,-3.2452407,0.09556443989276886,1.0,0.9505802392959595
YLR220W,YNL223W,0,-3.2452967,0.09555534273386002,1.0,0.9506802558898926
YMR262W,YIL127C,0,-3.245527,0.09554625302553177,1.0,0.9507803320884705
YBL091C,YDR103W,0,-3.2471015,0.09553715586662292,1.0,0.9508803486824036
YKR097W,YCL061C,0,-3.2474806,0.09552806615829468,1.0,0.9509803652763367
YGL205W,YDR407C,0,-3.247636,0.09551897644996643,1.0,0.9510804414749146
YIL074C,YIL101C,0,-3.248223,0.09550989419221878,1.0,0.9511804580688477
YOL073C,YDR416W,0,-3.2482579,0.09550081193447113,1.0,0.9512805342674255
YHR185C,YIL036W,0,-3.24883,0.09549172222614288,1.0,0.9513805508613586
YPR071W,YOR332W,0,-3.250918,0.09548264741897583,1.0,0.9514805674552917
YNR045W,YCL044C,0,-3.251361,0.09547356516122818,1.0,0.9515806436538696
YBL025W,YDR277C,0,-3.2515142,0.09546448290348053,1.0,0.9516806602478027
YNL192W,YDR313C,0,-3.252187,0.09545540809631348,1.0,0.9517807364463806
YGR167W,YHR048W,0,-3.2526653,0.09544633328914642,1.0,0.9518807530403137
YNL194C,YOR332W,0,-3.25359,0.09543726593255997,1.0,0.9519807696342468
YLR386W,YBR054W,0,-3.2541814,0.09542819112539291,1.0,0.9520808458328247
YHR096C,YOR219C,0,-3.2549174,0.09541912376880646,1.0,0.9521808624267578
YPR106W,YCL061C,0,-3.2551563,0.09541005641222,1.0,0.9522809386253357
YDL204W,YPL093W,0,-3.256777,0.09540098905563354,1.0,0.9523809552192688
YKR091W,YDL224C,0,-3.2576346,0.09539192169904709,1.0,0.9524809718132019
YJL163C,YOR338W,0,-3.2578232,0.09538286179304123,1.0,0.9525810480117798
YLR341W,YNR065C,0,-3.2579896,0.09537380188703537,1.0,0.9526810646057129
YGR043C,YPL266W,0,-3.2599468,0.09536474198102951,1.0,0.9527811408042908
YIL136W,YOR133W,0,-3.2606351,0.09535568207502365,1.0,0.9528811573982239
YLR260W,YNL250W,0,-3.2614062,0.09534662961959839,1.0,0.952981173992157
YGR127W,YDL226C,0,-3.2621346,0.09533757716417313,1.0,0.9530812501907349
YHL008C,YPR109W,0,-3.2630055,0.09532852470874786,1.0,0.953181266784668
YMR091C,YDR307W,0,-3.2632236,0.0953194722533226,1.0,0.9532812833786011
YOR233W,YDR277C,0,-3.2636456,0.09531041979789734,1.0,0.953381359577179
YKL034W,YGL219C,0,-3.2652996,0.09530137479305267,1.0,0.9534813761711121
YLR153C,YNL291C,0,-3.265567,0.09529232978820801,1.0,0.9535814523696899
YJR044C,YKL139W,0,-3.2657144,0.09528328478336334,1.0,0.953681468963623
YLL031C,YDL214C,0,-3.2661881,0.09527424722909927,1.0,0.9537814855575562
YPL070W,YHR027C,0,-3.2665205,0.09526520222425461,1.0,0.953881561756134
YOR018W,YMR094W,0,-3.267307,0.09525616466999054,1.0,0.9539815783500671
YKR013W,YIL048W,0,-3.267626,0.09524712711572647,1.0,0.954081654548645
YOR273C,YGR131W,0,-3.2717872,0.095238097012043,1.0,0.9541816711425781
YLR205C,YGR040W,0,-3.272887,0.09522905945777893,1.0,0.9542816877365112
YOR174W,YPR114W,0,-3.2730958,0.09522002935409546,1.0,0.9543817639350891
YML063W,YIL108W,0,-3.2740657,0.09521099925041199,1.0,0.9544817805290222
YGL013C,YHR132C,0,-3.2745104,0.09520196914672852,1.0,0.9545818567276001
YDL015C,YPR139C,0,-3.275891,0.09519294649362564,1.0,0.9546818733215332
YNR017W,YMR169C,0,-3.2759943,0.09518392384052277,1.0,0.9547818899154663
YIL083C,YHR001W-A,0,-3.2764947,0.09517490118741989,1.0,0.9548819661140442
YOR374W,YDL153C,0,-3.2776804,0.09516587853431702,1.0,0.9549819827079773
YPL003W,YMR068W,0,-3.278239,0.09515685588121414,1.0,0.9550820589065552
YPL215W,YNL044W,0,-3.2787929,0.09514784067869186,1.0,0.9551820755004883
YJR094C,YGR165W,0,-3.2797394,0.09513882547616959,1.0,0.9552820920944214
YMR323W,YHR011W,0,-3.2800498,0.09512981027364731,1.0,0.9553821682929993
YNL054W,YPR013C,0,-3.2805703,0.09512079507112503,1.0,0.9554821848869324
YIR005W,YER095W,0,-3.2809255,0.09511178731918335,1.0,0.9555822610855103
YDR322W,YKL055C,0,-3.2811933,0.09510277211666107,1.0,0.9556822776794434
YDL007W,YDR342C,0,-3.2813928,0.09509376436471939,1.0,0.9557822942733765
YBR101C,YPL200W,0,-3.2814734,0.0950847640633583,1.0,0.9558823704719543
YDR496C,YGR043C,0,-3.2820501,0.09507575631141663,1.0,0.9559823870658875
YDR069C,YBL005W,0,-3.2820938,0.09506675601005554,1.0,0.9560824036598206
YIR017C,YGL070C,0,-3.28249,0.09505775570869446,1.0,0.9561824798583984
YHR200W,YBL075C,0,-3.2827487,0.09504875540733337,1.0,0.9562824964523315
YIL017C,YAL024C,0,-3.283054,0.09503975510597229,1.0,0.9563825726509094
YBR132C,YDL073W,0,-3.2834501,0.0950307622551918,1.0,0.9564825892448425
YJL172W,YOL018C,0,-3.2836497,0.09502176940441132,1.0,0.9565826058387756
YJL200C,YIL101C,0,-3.2838647,0.09501277655363083,1.0,0.9566826820373535
YOR128C,YBR128C,0,-3.2838848,0.09500378370285034,1.0,0.9567826986312866
YOR113W,YDR080W,0,-3.2860773,0.09499479830265045,1.0,0.9568827748298645
YJR138W,YPR134W,0,-3.2873275,0.09498580545186996,1.0,0.9569827914237976
YFR022W,YGL213C,0,-3.2909827,0.09497682005167007,1.0,0.9570828080177307
YGR142W,YBR283C,0,-3.292294,0.09496784210205078,1.0,0.9571828842163086
YKR053C,YOR317W,0,-3.2923605,0.09495885670185089,1.0,0.9572829008102417
YLR037C,YPL246C,0,-3.2928545,0.0949498787522316,1.0,0.9573829770088196
YGR292W,YHR040W,0,-3.2929466,0.0949409008026123,1.0,0.9574829936027527
YBR128C,YGL223C,0,-3.2929847,0.09493192285299301,1.0,0.9575830101966858
YBL034C,YDR080W,0,-3.2947702,0.09492294490337372,1.0,0.9576830863952637
YOL119C,YFL011W,0,-3.2951376,0.09491397440433502,1.0,0.9577831029891968
YMR303C,YGR239C,0,-3.295987,0.09490500390529633,1.0,0.9578831791877747
YJL137C,YPL083C,0,-3.2969952,0.09489603340625763,1.0,0.9579831957817078
YBR132C,YNL022C,0,-3.298175,0.09488706290721893,1.0,0.9580832123756409
YNL194C,YLR292C,0,-3.2982194,0.09487809240818024,1.0,0.9581832885742188
YBR022W,YDR109C,0,-3.2985814,0.09486912935972214,1.0,0.9582833051681519
YLR037C,YPR070W,0,-3.2988806,0.09486016631126404,1.0,0.9583833813667297
YHR138C,YLR397C,0,-3.2993262,0.09485120326280594,1.0,0.9584833979606628
YMR180C,YDR387C,0,-3.2993762,0.09484224766492844,1.0,0.958583414554596
YOR192C,YBR054W,0,-3.3000512,0.09483328461647034,1.0,0.9586834907531738
YBL004W,YKL163W,0,-3.3003924,0.09482432901859283,1.0,0.9587835073471069
YJL106W,YGL002W,0,-3.301553,0.09481537342071533,1.0,0.95888352394104
YEL065W,YAL014C,0,-3.3043716,0.09480641782283783,1.0,0.9589836001396179
YJR093C,YOL073C,0,-3.3066177,0.09479746967554092,1.0,0.959083616733551
YLR307W,YBR168W,0,-3.306742,0.09478852152824402,1.0,0.9591836929321289
YLR283W,YDL005C,0,-3.3070056,0.09477957338094711,1.0,0.959283709526062
YBL076C,YLR270W,0,-3.3078592,0.09477062523365021,1.0,0.9593837261199951
YLR341W,YOL086C,0,-3.3078847,0.0947616770863533,1.0,0.959483802318573
YIL165C,YKL189W,0,-3.3081665,0.094752736389637,1.0,0.9595838189125061
YDR204W,YML127W,0,-3.308752,0.09474379569292068,1.0,0.959683895111084
YLR414C,YDR056C,0,-3.3091328,0.09473485499620438,1.0,0.9597839117050171
YDR406W,YMR114C,0,-3.3094664,0.09472591429948807,1.0,0.9598839282989502
YJL025W,YGR087C,0,-3.309703,0.09471698105335236,1.0,0.9599840044975281
YMR173W,YGR230W,0,-3.3103883,0.09470804780721664,1.0,0.9600840210914612
YBL084C,YKR102W,0,-3.310467,0.09469911456108093,1.0,0.9601840972900391
YER004W,YPL259C,0,-3.3151584,0.09469018131494522,1.0,0.9602841138839722
YDR171W,YHR069C,0,-3.3157852,0.0946812555193901,1.0,0.9603841304779053
YCR093W,YFL011W,0,-3.3175037,0.0946723222732544,1.0,0.9604842066764832
YJR143C,YDL215C,0,-3.3183477,0.09466339647769928,1.0,0.9605842232704163
YHL016C,YAR033W,0,-3.3200448,0.09465447068214417,1.0,0.9606842994689941
YBL025W,YFL051C,0,-3.320052,0.09464555233716965,1.0,0.9607843160629272
YOR321W,YOL028C,0,-3.3202581,0.09463662654161453,1.0,0.9608843326568604
YNL077W,YPL147W,0,-3.3208869,0.09462770819664001,1.0,0.9609844088554382
YKL204W,YNL045W,0,-3.3209937,0.0946187898516655,1.0,0.9610844254493713
YMR303C,YDR103W,0,-3.3212192,0.09460987895727158,1.0,0.9611845016479492
YDR246W,YCL044C,0,-3.321657,0.09460096061229706,1.0,0.9612845182418823
YML121W,YJL105W,0,-3.3221374,0.09459204971790314,1.0,0.9613845348358154
YJL171C,YFR014C,0,-3.322179,0.09458313882350922,1.0,0.9614846110343933
YDR540C,YDL055C,0,-3.323053,0.0945742279291153,1.0,0.9615846276283264
YPL003W,YDR541C,0,-3.3239405,0.09456531703472137,1.0,0.9616846442222595
YLR270W,YKR043C,0,-3.3243678,0.09455641359090805,1.0,0.9617847204208374
YDL204W,YLR229C,0,-3.3256361,0.09454751014709473,1.0,0.9618847370147705
YKR016W,YBR145W,0,-3.3287954,0.0945386067032814,1.0,0.9619848132133484
YKL163W,YOR279C,0,-3.3294733,0.09452970325946808,1.0,0.9620848298072815
YJL172W,YHR148W,0,-3.330702,0.09452080726623535,1.0,0.9621848464012146
YFL030W,YDR219C,0,-3.3311017,0.09451191127300262,1.0,0.9622849225997925
YJL145W,YGL104C,0,-3.3324585,0.0945030152797699,1.0,0.9623849391937256
YDR246W,YGR053C,0,-3.3348587,0.09449411928653717,1.0,0.9624850153923035
YJL025W,YOL122C,0,-3.3353412,0.09448522329330444,1.0,0.9625850319862366
YIL011W,YJR119C,0,-3.3355534,0.09447633475065231,1.0,0.9626850485801697
YLR343W,YER107C,0,-3.335712,0.09446744620800018,1.0,0.9627851247787476
YIL037C,YNR009W,0,-3.3378866,0.09445855766534805,1.0,0.9628851413726807
YLR341W,YML058W,0,-3.3410056,0.09444966912269592,1.0,0.9629852175712585
YLR246W,YDR499W,0,-3.3417268,0.09444078803062439,1.0,0.9630852341651917
YDR032C,YPR164W,0,-3.3430436,0.09443190693855286,1.0,0.9631852507591248
YOR188W,YNL045W,0,-3.3432314,0.09442302584648132,1.0,0.9632853269577026
YIR017C,YNL182C,0,-3.3438666,0.09441414475440979,1.0,0.9633853435516357
YMR081C,YDR482C,0,-3.3446703,0.09440526366233826,1.0,0.9634854197502136
YER141W,YOR075W,0,-3.3474336,0.09439639002084732,1.0,0.9635854363441467
YEL016C,YOR009W,0,-3.3480365,0.09438751637935638,1.0,0.9636854529380798
YMR162C,YBR145W,0,-3.3482773,0.09437864273786545,1.0,0.9637855291366577
YHR031C,YFL055W,0,-3.3483045,0.09436976909637451,1.0,0.9638855457305908
YOR181W,YLR220W,0,-3.3495946,0.09436090290546417,1.0,0.9639856219291687
YMR068W,YPL186C,0,-3.3496773,0.09435203671455383,1.0,0.9640856385231018
YGL008C,YHR001W-A,0,-3.3501732,0.0943431705236435,1.0,0.9641856551170349
YGL056C,YLR299W,0,-3.3512676,0.09433430433273315,1.0,0.9642857313156128
YMR068W,YPL112C,0,-3.3522584,0.09432543814182281,1.0,0.9643857479095459
YAR033W,YIL101C,0,-3.352867,0.09431657940149307,1.0,0.9644858241081238
YLR332W,YGR241C,0,-3.3531096,0.09430772066116333,1.0,0.9645858407020569
YPR024W,YIR039C,0,-3.3540957,0.09429886192083359,1.0,0.96468585729599
YNL250W,YOR208W,0,-3.354512,0.09429001063108444,1.0,0.9647859334945679
YKR091W,YDR515W,0,-3.356639,0.0942811518907547,1.0,0.964885950088501
YMR303C,YDR253C,0,-3.3578618,0.09427230060100555,1.0,0.9649859666824341
YPL061W,YPR164W,0,-3.3584208,0.09426344931125641,1.0,0.965086042881012
YDL214C,YLR026C,0,-3.358513,0.09425459802150726,1.0,0.9651860594749451
YPR184W,YDL074C,0,-3.3591945,0.09424575418233871,1.0,0.965286135673523
YDR358W,YPL029W,0,-3.3614924,0.09423690289258957,1.0,0.965386152267456
YPL226W,YLR251W,0,-3.3617213,0.09422805905342102,1.0,0.9654861688613892
YIL042C,YIR039C,0,-3.362202,0.09421922266483307,1.0,0.965586245059967
YBL005W,YDR405W,0,-3.362448,0.09421037882566452,1.0,0.9656862616539001
YDR032C,YDR341C,0,-3.3626502,0.09420154243707657,1.0,0.965786337852478
YOR243C,YKR013W,0,-3.3631613,0.09419269859790802,1.0,0.9658863544464111
YGL053W,YIL073C,0,-3.3668702,0.09418386220932007,1.0,0.9659863710403442
YNL225C,YNR070W,0,-3.367192,0.09417503327131271,1.0,0.9660864472389221
YNL045W,YGL031C,0,-3.3672621,0.09416619688272476,1.0,0.9661864638328552
YBR105C,YGL222C,0,-3.3674624,0.09415736794471741,1.0,0.9662865400314331
YDR171W,YDL102W,0,-3.3694756,0.09414853900671005,1.0,0.9663865566253662
YBL017C,YLR307W,0,-3.3700705,0.0941397100687027,1.0,0.9664865732192993
YHR001W-A,YMR116C,0,-3.3717315,0.09413088113069534,1.0,0.9665866494178772
YNL099C,YDR307W,0,-3.3717976,0.09412205964326859,1.0,0.9666866660118103
YIR036C,YIR002C,0,-3.3730805,0.09411323815584183,1.0,0.9667867422103882
YGL096W,YIL113W,0,-3.3732643,0.09410441666841507,1.0,0.9668867588043213
YER091C,YNL155W,0,-3.376703,0.09409559518098831,1.0,0.9669867753982544
YMR120C,YHR083W,0,-3.377525,0.09408677369356155,1.0,0.9670868515968323
YCR088W,YIL149C,0,-3.378141,0.0940779596567154,1.0,0.9671868681907654
YFL030W,YNL022C,0,-3.3786201,0.09406914561986923,1.0,0.9672869443893433
YDR348C,YPR182W,0,-3.379605,0.09406033158302307,1.0,0.9673869609832764
YDR358W,YOL020W,0,-3.3804839,0.09405152499675751,1.0,0.9674869775772095
YGL253W,YBL079W,0,-3.3842595,0.09404271095991135,1.0,0.9675870537757874
YMR195W,YBR291C,0,-3.3857694,0.09403390437364578,1.0,0.9676870703697205
YJL145W,YJL196C,0,-3.3859882,0.09402509778738022,1.0,0.9677870869636536
YKR014C,YEL043W,0,-3.386427,0.09401629120111465,1.0,0.9678871631622314
YNL073W,YCR024C-A,0,-3.3869631,0.09400749206542969,1.0,0.9679871797561646
YJL082W,YCR002C,0,-3.387205,0.09399869292974472,1.0,0.9680872559547424
YLR037C,YIL091C,0,-3.3892052,0.09398988634347916,1.0,0.9681872725486755
YOR337W,YOR386W,0,-3.3893101,0.09398109465837479,1.0,0.9682872891426086
YIL136W,YGL030W,0,-3.3920162,0.09397229552268982,1.0,0.9683873653411865
YMR213W,YML057W,0,-3.3920195,0.09396350383758545,1.0,0.9684873819351196
YMR081C,YPR016C,0,-3.3932836,0.09395470470190048,1.0,0.9685874581336975
YLR157C,YJL105W,0,-3.3941283,0.09394591301679611,1.0,0.9686874747276306
YJL081C,YGR149W,0,-3.396858,0.09393712878227234,1.0,0.9687874913215637
YHR205W,YOL071W,0,-3.3972075,0.09392833709716797,1.0,0.9688875675201416
YFR018C,YLR270W,0,-3.3973067,0.0939195528626442,1.0,0.9689875841140747
YMR203W,YPL186C,0,-3.3990643,0.09391076862812042,1.0,0.9690876603126526
YPR112C,YKL093W,0,-3.39934,0.09390198439359665,1.0,0.9691876769065857
YER161C,YGR149W,0,-3.3993661,0.09389320015907288,1.0,0.9692876935005188
YHR207C,YGL114W,0,-3.4005916,0.0938844233751297,1.0,0.9693877696990967
YDR259C,YMR114C,0,-3.4006064,0.09387563914060593,1.0,0.9694877862930298
YOL016C,YDL239C,0,-3.4018726,0.09386686980724335,1.0,0.9695878624916077
YKR014C,YLR253W,0,-3.4039338,0.09385809302330017,1.0,0.9696878790855408
YOL132W,YCL061C,0,-3.4045348,0.093849316239357,1.0,0.9697878956794739
YNL026W,YHR011W,0,-3.4060009,0.09384054690599442,1.0,0.9698879718780518
YAL034C,YDL045W-A,0,-3.4086208,0.09383177757263184,1.0,0.9699879884719849
YIL162W,YFL047W,0,-3.4088745,0.09382300823926926,1.0,0.9700880646705627
YNR021W,YIL023C,0,-3.4105294,0.09381423890590668,1.0,0.9701880812644958
YBR123C,YGR043C,0,-3.4113002,0.0938054770231247,1.0,0.970288097858429
YGL215W,YPR184W,0,-3.4134123,0.09379671514034271,1.0,0.9703881740570068
YDL015C,YBR193C,0,-3.4146633,0.09378795325756073,1.0,0.9704881906509399
YNL192W,YDL197C,0,-3.4163513,0.09377919137477875,1.0,0.970588207244873
YFR022W,YPL246C,0,-3.4173045,0.09377042949199677,1.0,0.9706882834434509
YER116C,YKL162C,0,-3.418142,0.09376167505979538,1.0,0.970788300037384
YPL022W,YPR134W,0,-3.4186704,0.093752920627594,1.0,0.9708883762359619
YBR105C,YOR147W,0,-3.4205282,0.09374416619539261,1.0,0.970988392829895
YMR180C,YKL189W,0,-3.4225118,0.09373541176319122,1.0,0.9710884094238281
YPL019C,YMR011W,0,-3.426677,0.09372666478157043,1.0,0.971188485622406
YNR001C,YBR066C,0,-3.4293444,0.09371791034936905,1.0,0.9712885022163391
YJL219W,YLR006C,0,-3.4296162,0.09370916336774826,1.0,0.971388578414917
YBR254C,YGL192W,0,-3.432327,0.09370041638612747,1.0,0.9714885950088501
YOL119C,YPL156C,0,-3.4337463,0.09369167685508728,1.0,0.9715886116027832
YEL016C,YFL026W,0,-3.4342396,0.09368293732404709,1.0,0.9716886878013611
YIR002C,YGL104C,0,-3.4372525,0.0936741903424263,1.0,0.9717887043952942
YPR034W,YFL011W,0,-3.4373178,0.09366545081138611,1.0,0.9718887805938721
YKL041W,YGL010W,0,-3.4380543,0.09365671873092651,1.0,0.9719887971878052
YIL136W,YDR339C,0,-3.440783,0.09364797919988632,1.0,0.9720888137817383
YDR307W,YMR167W,0,-3.4425566,0.09363924711942673,1.0,0.9721888899803162
YNL148C,YDL214C,0,-3.4428551,0.09363051503896713,1.0,0.9722889065742493
YML121W,YNL263C,0,-3.4431832,0.09362178295850754,1.0,0.9723889827728271
YGR087C,YBL075C,0,-3.4451315,0.09361305087804794,1.0,0.9724889993667603
YOR113W,YPR017C,0,-3.4455879,0.09360432624816895,1.0,0.9725890159606934
YJL171C,YML032C,0,-3.4456828,0.09359560161828995,1.0,0.9726890921592712
YOL016C,YPR109W,0,-3.4465222,0.09358687698841095,1.0,0.9727891087532043
YLL016W,YOR233W,0,-3.4480848,0.09357815235853195,1.0,0.9728891849517822
YGL227W,YPL156C,0,-3.4488556,0.09356943517923355,1.0,0.9729892015457153
YBR189W,YLR270W,0,-3.449288,0.09356071054935455,1.0,0.9730892181396484
YKR021W,YDR405W,0,-3.4498954,0.09355199337005615,1.0,0.9731892943382263
YER063W,YLL017W,0,-3.4504852,0.09354327619075775,1.0,0.9732893109321594
YIL085C,YKL150W,0,-3.4506683,0.09353456646203995,1.0,0.9733893275260925
YGL110C,YJL164C,0,-3.4508882,0.09352584928274155,1.0,0.9734894037246704
YHL044W,YDR047W,0,-3.4533825,0.09351713955402374,1.0,0.9735894203186035
YNR021W,YPR134W,0,-3.4535892,0.09350842982530594,1.0,0.9736894965171814
YER056C,YML126C,0,-3.4538553,0.09349972009658813,1.0,0.9737895131111145
YMR213W,YOR384W,0,-3.4543736,0.09349101036787033,1.0,0.9738895297050476
YJR094C,YDR171W,0,-3.4568284,0.09348230808973312,1.0,0.9739896059036255
YIL169C,YMR250W,0,-3.4569554,0.09347360581159592,1.0,0.9740896224975586
YIL073C,YOR181W,0,-3.4575572,0.09346490353345871,1.0,0.9741896986961365
YIL160C,YNL127W,0,-3.457943,0.0934562012553215,1.0,0.9742897152900696
YLR174W,YDR160W,0,-3.4579618,0.09344750642776489,1.0,0.9743897318840027
YMR173W,YHR062C,0,-3.459574,0.09343881160020828,1.0,0.9744898080825806
YJL219W,YKL099C,0,-3.4598222,0.09343011677265167,1.0,0.9745898246765137
YKR094C,YNL045W,0,-3.463218,0.09342142194509506,1.0,0.9746899008750916
YLR313C,YNL128W,0,-3.4646778,0.09341272711753845,1.0,0.9747899174690247
YLR194C,YOL071W,0,-3.4657829,0.09340403974056244,1.0,0.9748899340629578
YJR073C,YDL184C,0,-3.4667785,0.09339535236358643,1.0,0.9749900102615356
YOL049W,YML029W,0,-3.4678056,0.09338666498661041,1.0,0.9750900268554688
YKL034W,YKL041W,0,-3.468076,0.0933779776096344,1.0,0.9751901030540466
YDR358W,YBR104W,0,-3.4685533,0.09336929023265839,1.0,0.9752901196479797
YNR028W,YNL297C,0,-3.4702477,0.09336061030626297,1.0,0.9753901362419128
YBR299W,YHL030W,0,-3.4706962,0.09335193037986755,1.0,0.9754902124404907
YJL164C,YML056C,0,-3.4710367,0.09334325045347214,1.0,0.9755902290344238
YMR081C,YJL134W,0,-3.4711993,0.09333457052707672,1.0,0.9756903052330017
YOR018W,YIL101C,0,-3.4755669,0.0933258980512619,1.0,0.9757903218269348
YFR051C,YMR092C,0,-3.4777157,0.09331722557544708,1.0,0.9758903384208679
YOR206W,YHR096C,0,-3.4792044,0.09330855309963226,1.0,0.9759904146194458
YJR093C,YDR313C,0,-3.4806712,0.09329988062381744,1.0,0.9760904312133789
YMR120C,YHL006C,0,-3.4815109,0.09329120814800262,1.0,0.976190447807312
YBL072C,YKL091C,0,-3.4829345,0.0932825431227684,1.0,0.9762905240058899
YLR341W,YER109C,0,-3.4840004,0.09327387809753418,1.0,0.976390540599823
YHR138C,YAL003W,0,-3.4871037,0.09326521307229996,1.0,0.9764906167984009
YPL003W,YLR148W,0,-3.4898596,0.09325654804706573,1.0,0.976590633392334
YHL008C,YGR211W,0,-3.4902341,0.09324789047241211,1.0,0.9766906499862671
YBR132C,YNL110C,0,-3.4904692,0.09323922544717789,1.0,0.976790726184845
YLR270W,YDR476C,0,-3.492729,0.09323056787252426,1.0,0.9768907427787781
YKL105C,YLR251W,0,-3.493716,0.09322191029787064,1.0,0.976990818977356
YBR035C,YIL091C,0,-3.495484,0.09321326017379761,1.0,0.9770908355712891
YDL052C,YKR028W,0,-3.496617,0.09320460259914398,1.0,0.9771908521652222
YPL246C,YJL221C,0,-3.497121,0.09319595247507095,1.0,0.9772909283638
YBL091C,YBR125C,0,-3.4976103,0.09318730235099792,1.0,0.9773909449577332
YIL108W,YOR057W,0,-3.4976566,0.0931786522269249,1.0,0.977491021156311
YMR017W,YOL135C,0,-3.4981482,0.09317000955343246,1.0,0.9775910377502441
YOR301W,YJR044C,0,-3.4983559,0.09316135942935944,1.0,0.9776910543441772
YDR205W,YGL205W,0,-3.4993691,0.093152716755867,1.0,0.9777911305427551
YPL003W,YGR142W,0,-3.499683,0.09314407408237457,1.0,0.9778911471366882
YEL065W,YOL159C,0,-3.5002935,0.09313543885946274,1.0,0.9779912233352661
YNR017W,YIL101C,0,-3.500407,0.0931267961859703,1.0,0.9780912399291992
YCL034W,YNL044W,0,-3.5016294,0.09311816096305847,1.0,0.9781912565231323
YGL110C,YOR292C,0,-3.5050178,0.09310952574014664,1.0,0.9782913327217102
YPL219W,YDR056C,0,-3.5060856,0.0931008905172348,1.0,0.9783913493156433
YJL137C,YMR127C,0,-3.509749,0.09309225529432297,1.0,0.9784914255142212
YNR058W,YDR056C,0,-3.511327,0.09308362752199173,1.0,0.9785914421081543
YEL011W,YLR223C,0,-3.5115087,0.09307499974966049,1.0,0.9786914587020874
YBR078W,YGR043C,0,-3.514869,0.09306637197732925,1.0,0.9787915349006653
YOR128C,YGR127W,0,-3.5158186,0.09305774420499802,1.0,0.9788915514945984
YMR106C,YHL048W,0,-3.516498,0.09304911643266678,1.0,0.9789915680885315
YKL026C,YMR068W,0,-3.518636,0.09304049611091614,1.0,0.9790916442871094
YMR323W,YDR416W,0,-3.5199792,0.0930318757891655,1.0,0.9791916608810425
YNL125C,YLR148W,0,-3.52049,0.09302325546741486,1.0,0.9792917370796204
YKL213C,YBL002W,0,-3.5245569,0.09301463514566422,1.0,0.9793917536735535
YLR283W,YLR373C,0,-3.5253162,0.09300602227449417,1.0,0.9794917702674866
YLR414C,YMR089C,0,-3.526159,0.09299740940332413,1.0,0.9795918464660645
YKR034W,YDR488C,0,-3.5263188,0.09298879653215408,1.0,0.9796918630599976
YNL125C,YHL047C,0,-3.5273297,0.09298018366098404,1.0,0.9797919392585754
YER031C,YGL057C,0,-3.5282485,0.092971570789814,1.0,0.9798919558525085
YDR097C,YGR043C,0,-3.5283623,0.09296296536922455,1.0,0.9799919724464417
YHR190W,YFL047W,0,-3.5289228,0.0929543524980545,1.0,0.9800920486450195
YJR072C,YKL091C,0,-3.5322948,0.09294574707746506,1.0,0.9801920652389526
YKL163W,YHR011W,0,-3.5336971,0.09293714910745621,1.0,0.9802921414375305
YNL054W,YOR317W,0,-3.534837,0.09292854368686676,1.0,0.9803921580314636
YHR002W,YMR208W,0,-3.535463,0.09291994571685791,1.0,0.9804921746253967
YPR184W,YFL055W,0,-3.5376403,0.09291134774684906,1.0,0.9805922508239746
YHL016C,YBL052C,0,-3.5406656,0.09290274977684021,1.0,0.9806922674179077
YJL078C,YFL050C,0,-3.5410893,0.09289415180683136,1.0,0.9807923436164856
YJR086W,YBR294W,0,-3.5423865,0.0928855612874031,1.0,0.9808923602104187
YNR045W,YNL128W,0,-3.5477006,0.09287696331739426,1.0,0.9809923768043518
YPL207W,YPL061W,0,-3.5507827,0.092868372797966,1.0,0.9810924530029297
YDR358W,YDR312W,0,-3.550789,0.09285978227853775,1.0,0.9811924695968628
YIL108W,YER008C,0,-3.5509024,0.0928511992096901,1.0,0.9812925457954407
YIL066C,YCR002C,0,-3.552953,0.09284260869026184,1.0,0.9813925623893738
YOL142W,YOR065W,0,-3.5538604,0.09283402562141418,1.0,0.9814925789833069
YBL072C,YPL134C,0,-3.5545008,0.09282544255256653,1.0,0.9815926551818848
YPL140C,YBL075C,0,-3.5554926,0.09281685948371887,1.0,0.9816926717758179
YGR043C,YOR350C,0,-3.5568442,0.09280828386545181,1.0,0.981792688369751
YMR231W,YDR285W,0,-3.558488,0.09279970079660416,1.0,0.9818927645683289
YNL250W,YDL214C,0,-3.559686,0.0927911251783371,1.0,0.981992781162262
YPL003W,YFL049W,0,-3.5606706,0.09278254956007004,1.0,0.9820928573608398
YHL016C,YPL046C,0,-3.5618832,0.09277398139238358,1.0,0.982192873954773
YIR017C,YLL035W,0,-3.5626416,0.09276540577411652,1.0,0.982292890548706
YGR149W,YPL112C,0,-3.5647314,0.09275683760643005,1.0,0.9823929667472839
YGR142W,YHL044W,0,-3.5665152,0.09274826943874359,1.0,0.982492983341217
YPR054W,YGR040W,0,-3.5682418,0.09273970127105713,1.0,0.9825930595397949
YFR051C,YDL214C,0,-3.5692606,0.09273113310337067,1.0,0.982693076133728
YDL204W,YPR159W,0,-3.5703607,0.0927225723862648,1.0,0.9827930927276611
YBR132C,YDL226C,0,-3.5715802,0.09271401166915894,1.0,0.982893168926239
YMR169C,YKL139W,0,-3.575374,0.09270545095205307,1.0,0.9829931855201721
YCL044C,YMR067C,0,-3.5777574,0.0926968902349472,1.0,0.98309326171875
YKL099C,YMR250W,0,-3.5781372,0.09268832951784134,1.0,0.9831932783126831
YHR096C,YJL142C,0,-3.5814245,0.09267977625131607,1.0,0.9832932949066162
YER013W,YIL023C,0,-3.581481,0.0926712229847908,1.0,0.9833933711051941
YPL244C,YDR256C,0,-3.5848677,0.09266266971826553,1.0,0.9834933876991272
YPR141C,YPR179C,0,-3.5853503,0.09265411645174026,1.0,0.9835934638977051
YLR116W,YMR087W,0,-3.5862124,0.092645563185215,1.0,0.9836934804916382
YFL061W,YKL183W,0,-3.5869503,0.09263701736927032,1.0,0.9837934970855713
YCL037C,YPL087W,0,-3.5907853,0.09262847155332565,1.0,0.9838935732841492
YJL163C,YBR058C,0,-3.5925515,0.09261992573738098,1.0,0.9839935898780823
YDR540C,YDL226C,0,-3.593424,0.09261137992143631,1.0,0.9840936660766602
YDL007W,YIR039C,0,-3.5936477,0.09260284155607224,1.0,0.9841936826705933
YKL218C,YGR086C,0,-3.5941546,0.09259430319070816,1.0,0.9842936992645264
YCL030C,YBL059W,0,-3.5945575,0.09258576482534409,1.0,0.9843937754631042
YPL224C,YDL197C,0,-3.5948923,0.09257722645998001,1.0,0.9844937920570374
YPR141C,YIL162W,0,-3.5952663,0.09256868809461594,1.0,0.9845938086509705
YFR020W,YDR238C,0,-3.5968475,0.09256015717983246,1.0,0.9846938848495483
YNR001C,YHR069C,0,-3.598862,0.09255161881446838,1.0,0.9847939014434814
YIR036C,YGR201C,0,-3.6011496,0.0925430878996849,1.0,0.9848939776420593
YML100W,YPR134W,0,-3.6027315,0.09253456443548203,1.0,0.9849939942359924
YPR139C,YDR313C,0,-3.6047435,0.09252603352069855,1.0,0.9850940108299255
YIL136W,YKL021C,0,-3.6064272,0.09251751005649567,1.0,0.9851940870285034
YNR043W,YJR127C,0,-3.60654,0.09250898659229279,1.0,0.9852941036224365
YDL052C,YMR247C,0,-3.6094592,0.0925004631280899,1.0,0.9853941798210144
YMR081C,YBL009W,0,-3.6097772,0.09249193966388702,1.0,0.9854941964149475
YBR035C,YPL140C,0,-3.6099148,0.09248341619968414,1.0,0.9855942130088806
YBR189W,YNL045W,0,-3.6102593,0.09247490018606186,1.0,0.9856942892074585
YBR123C,YOR321W,0,-3.612056,0.09246638417243958,1.0,0.9857943058013916
YER150W,YDR138W,0,-3.6168146,0.09245786815881729,1.0,0.9858943819999695
YNL250W,YJL142C,0,-3.6172266,0.09244935214519501,1.0,0.9859943985939026
YMR081C,YGL144C,0,-3.6210856,0.09244084358215332,1.0,0.9860944151878357
YHR205W,YKL150W,0,-3.6229932,0.09243233501911163,1.0,0.9861944913864136
YDR358W,YBR105C,0,-3.6333039,0.09242382645606995,1.0,0.9862945079803467
YNL128W,YMR179W,0,-3.6348748,0.09241531789302826,1.0,0.9863945841789246
YJL148W,YHL048W,0,-3.6362677,0.09240680932998657,1.0,0.9864946007728577
YFL047W,YPL147W,0,-3.6402009,0.09239830821752548,1.0,0.9865946173667908
YOL122C,YDR473C,0,-3.6440444,0.09238980710506439,1.0,0.9866946935653687
YLR348C,YIL113W,0,-3.6502206,0.0923813059926033,1.0,0.9867947101593018
YIL113W,YHL001W,0,-3.6517484,0.09237280488014221,1.0,0.9868947863578796
YLR332W,YDL239C,0,-3.6523182,0.09236430376768112,1.0,0.9869948029518127
YPR106W,YDR416W,0,-3.653578,0.09235581010580063,1.0,0.9870948195457458
YDL019C,YBL005W,0,-3.6537561,0.09234731644392014,1.0,0.9871948957443237
YPR141C,YJR098C,0,-3.6556962,0.09233882278203964,1.0,0.9872949123382568
YLR174W,YLR360W,0,-3.656531,0.09233032912015915,1.0,0.9873949289321899
YGL053W,YIR002C,0,-3.6575596,0.09232183545827866,1.0,0.9874950051307678
YPR054W,YLR304C,0,-3.657826,0.09231334924697876,1.0,0.9875950217247009
YGL219C,YFL055W,0,-3.6583123,0.09230486303567886,1.0,0.9876950979232788
YIL136W,YPL200W,0,-3.6591756,0.09229637682437897,1.0,0.9877951145172119
YFR027W,YFL020C,0,-3.6619427,0.09228789061307907,1.0,0.987895131111145
YDR358W,YKL174C,0,-3.6675713,0.09227941185235977,1.0,0.9879952073097229
YOL065C,YOL001W,0,-3.6702273,0.09227093309164047,1.0,0.988095223903656
YEL011W,YGR241C,0,-3.6702533,0.09226245433092117,1.0,0.9881953001022339
YGL028C,YOR016C,0,-3.6709316,0.09225397557020187,1.0,0.988295316696167
YKR091W,YBR017C,0,-3.6715972,0.09224549680948257,1.0,0.9883953332901001
YKL091C,YDR439W,0,-3.6716547,0.09223702549934387,1.0,0.988495409488678
YMR169C,YIL091C,0,-3.673404,0.09222854673862457,1.0,0.9885954260826111
YIL072W,YBR253W,0,-3.6763875,0.09222007542848587,1.0,0.988695502281189
YBL079W,YKL093W,0,-3.6783578,0.09221161156892776,1.0,0.9887955188751221
YKL130C,YPL092W,0,-3.6795523,0.09220314025878906,1.0,0.9888955354690552
YLR343W,YMR092C,0,-3.6799586,0.09219467639923096,1.0,0.9889956116676331
YAL024C,YMR173W,0,-3.6822822,0.09218620508909225,1.0,0.9890956282615662
YPR106W,YOR209C,0,-3.6834164,0.09217774868011475,1.0,0.989195704460144
YLR427W,YML029W,0,-3.685057,0.09216928482055664,1.0,0.9892957210540771
YNL194C,YNL229C,0,-3.6868708,0.09216082096099854,1.0,0.9893957376480103
YJR143C,YBR168W,0,-3.6882956,0.09215236455202103,1.0,0.9894958138465881
YGR043C,YCR034W,0,-3.6926098,0.09214390814304352,1.0,0.9895958304405212
YIL027C,YIL101C,0,-3.6959188,0.09213545173406601,1.0,0.9896959066390991
YHL016C,YPR106W,0,-3.699109,0.0921269953250885,1.0,0.9897959232330322
YMR217W,YBL075C,0,-3.699177,0.09211854636669159,1.0,0.9898959398269653
YGL166W,YML100W,0,-3.7007105,0.09211008995771408,1.0,0.9899960160255432
YGL167C,YDR313C,0,-3.7051675,0.09210164099931717,1.0,0.9900960326194763
YDR079W,YKL093W,0,-3.7069056,0.09209319204092026,1.0,0.9901960492134094
YNL125C,YDL111C,0,-3.7147129,0.09208475053310394,1.0,0.9902961254119873
YJL134W,YPR121W,0,-3.7148814,0.09207630157470703,1.0,0.9903961420059204
YNL073W,YHR048W,0,-3.7173488,0.09206786006689072,1.0,0.9904962182044983
YMR235C,YHR096C,0,-3.7174022,0.0920594185590744,1.0,0.9905962347984314
YPL207W,YPL186C,0,-3.7245085,0.09205097705125809,1.0,0.9906962513923645
YIL160C,YIL150C,0,-3.7245991,0.09204253554344177,1.0,0.9907963275909424
YER162C,YKL035W,0,-3.726481,0.09203410148620605,1.0,0.9908963441848755
YGL198W,YOL068C,0,-3.7319953,0.09202566742897034,1.0,0.9909964203834534
YEL011W,YNL225C,0,-3.7333887,0.09201723337173462,1.0,0.9910964369773865
YNL227C,YIL160C,0,-3.7345166,0.0920087993144989,1.0,0.9911964535713196
YHR096C,YJR152W,0,-3.7355254,0.09200036525726318,1.0,0.9912965297698975
YJL145W,YJL164C,0,-3.735555,0.09199193865060806,1.0,0.9913965463638306
YAL053W,YHR012W,0,-3.7370675,0.09198351204395294,1.0,0.9914966225624084
YOL020W,YJL164C,0,-3.744931,0.09197508543729782,1.0,0.9915966391563416
YDR517W,YIL121W,0,-3.7474961,0.0919666588306427,1.0,0.9916966557502747
YMR068W,YMR240C,0,-3.7581525,0.09195823222398758,1.0,0.9917967319488525
YGL028C,YML124C,0,-3.759657,0.09194981306791306,1.0,0.9918967485427856
YNL077W,YDR160W,0,-3.7619941,0.09194139391183853,1.0,0.9919968247413635
YER126C,YMR173W,0,-3.7709587,0.09193297475576401,1.0,0.9920968413352966
YPR106W,YPR139C,0,-3.7733488,0.09192455559968948,1.0,0.9921968579292297
YDR418W,YIL101C,0,-3.7759502,0.09191614389419556,1.0,0.9922969341278076
YOR034C,YIL093C,0,-3.778341,0.09190772473812103,1.0,0.9923969507217407
YNL054W,YFL011W,0,-3.7783458,0.0918993130326271,1.0,0.9924970269203186
YAL060W,YOR076C,0,-3.7792013,0.09189090132713318,1.0,0.9925970435142517
YDR171W,YPR159W,0,-3.7808151,0.09188248962163925,1.0,0.9926970601081848
YMR323W,YDR499W,0,-3.7843955,0.09187408536672592,1.0,0.9927971363067627
YJL171C,YNL177C,0,-3.784932,0.09186568111181259,1.0,0.9928971529006958
YBL054W,YKL150W,0,-3.7886896,0.09185727685689926,1.0,0.9929971694946289
YHR065C,YKL163W,0,-3.789069,0.09184887260198593,1.0,0.9930972456932068
YJR094C,YHR011W,0,-3.7939107,0.0918404683470726,1.0,0.9931972622871399
YAL033W,YKL093W,0,-3.7965772,0.09183207154273987,1.0,0.9932973384857178
YGR212W,YJL196C,0,-3.8013291,0.09182366728782654,1.0,0.9933973550796509
YDR065W,YOR081C,0,-3.804333,0.0918152704834938,1.0,0.993497371673584
YOL065C,YMR173W,0,-3.8209379,0.09180687367916107,1.0,0.9935974478721619
YGR166W,YMR017W,0,-3.8239977,0.09179848432540894,1.0,0.993697464466095
YDL199C,YMR213W,0,-3.8348265,0.0917900875210762,1.0,0.9937975406646729
YER150W,YOR075W,0,-3.8463511,0.09178169816732407,1.0,0.993897557258606
YMR131C,YDR171W,0,-3.851527,0.09177330881357193,1.0,0.9939975738525391
YKL155C,YIR039C,0,-3.8534377,0.0917649194598198,1.0,0.9940976500511169
YGR285C,YKL163W,0,-3.8598638,0.09175653755664825,1.0,0.99419766664505
YKL163W,YKL143W,0,-3.8612144,0.09174814820289612,1.0,0.9942977428436279
YNL250W,YJR073C,0,-3.8628895,0.09173976629972458,1.0,0.994397759437561
YDR137W,YNL125C,0,-3.8669202,0.09173138439655304,1.0,0.9944977760314941
YGL169W,YML100W,0,-3.8687787,0.0917230024933815,1.0,0.994597852230072
YMR278W,YNL128W,0,-3.875944,0.09171462804079056,1.0,0.9946978688240051
YBR054W,YLR026C,0,-3.8764024,0.09170624613761902,1.0,0.994797945022583
YJR125C,YLR341W,0,-3.880698,0.09169787168502808,1.0,0.9948979616165161
YJR031C,YHR092C,0,-3.890362,0.09168949723243713,1.0,0.9949979782104492
YJL137C,YGR040W,0,-3.8914423,0.09168112277984619,1.0,0.9950980544090271
YIL011W,YER183C,0,-3.8959792,0.09167275577783585,1.0,0.9951980710029602
YNR047W,YGR258C,0,-3.8971324,0.0916643813252449,1.0,0.9952981472015381
YGL002W,YDL019C,0,-3.9003928,0.09165601432323456,1.0,0.9953981637954712
YOR243C,YML100W,0,-3.9047706,0.09164764732122421,1.0,0.9954981803894043
YER150W,YDR372C,0,-3.9056494,0.09163928776979446,1.0,0.9955982565879822
YGR239C,YDR342C,0,-3.9057925,0.09163092076778412,1.0,0.9956982731819153
YNL263C,YNL173C,0,-3.9078364,0.09162256121635437,1.0,0.9957982897758484
YKL035W,YGL056C,0,-3.9178085,0.09161420166492462,1.0,0.9958983659744263
YNL125C,YLR427W,0,-3.9215875,0.09160584211349487,1.0,0.9959983825683594
YJL137C,YKR043C,0,-3.9300652,0.09159748256206512,1.0,0.9960984587669373
YLR427W,YFL011W,0,-3.9342322,0.09158912301063538,1.0,0.9961984753608704
YDR171W,YPL050C,0,-3.9443667,0.09158077090978622,1.0,0.9962984919548035
YOR113W,YHR096C,0,-3.9463208,0.09157241880893707,1.0,0.9963985681533813
YGR149W,YJR016C,0,-3.955388,0.09156406670808792,1.0,0.9964985847473145
YML029W,YML124C,0,-3.9564698,0.09155571460723877,1.0,0.9965986609458923
YKL035W,YIL104C,0,-3.9667833,0.09154736995697021,1.0,0.9966986775398254
YMR294W,YER150W,0,-3.972608,0.09153902530670166,1.0,0.9967986941337585
YLR260W,YFL011W,0,-3.975108,0.0915306806564331,1.0,0.9968987703323364
YDL052C,YNL044W,0,-3.978693,0.09152233600616455,1.0,0.9969987869262695
YLR429W,YIL113W,0,-3.9844658,0.091513991355896,1.0,0.9970988631248474
YPL156C,YJR001W,0,-3.9959219,0.09150565415620804,1.0,0.9971988797187805
YMR017W,YOL128C,0,-4.0157747,0.09149730950593948,1.0,0.9972988963127136
YGR043C,YML124C,0,-4.0159564,0.09148897230625153,1.0,0.9973989725112915
YDR087C,YER150W,0,-4.038909,0.09148063510656357,1.0,0.9974989891052246
YOR337W,YKL035W,0,-4.044486,0.09147230535745621,1.0,0.9975990653038025
YNR009W,YER150W,0,-4.050519,0.09146396815776825,1.0,0.9976990818977356
YOR018W,YDR406W,0,-4.060173,0.09145563840866089,1.0,0.9977990984916687
YPR112C,YGR149W,0,-4.0652757,0.09144730865955353,1.0,0.9978991746902466
YGR118W,YIR039C,0,-4.079377,0.09143897891044617,1.0,0.9979991912841797
YKL130C,YPL186C,0,-4.0860667,0.0914306566119194,1.0,0.9980992674827576
YDR201W,YBR301W,0,-4.10229,0.09142232686281204,1.0,0.9981992840766907
YPL186C,YOR209C,0,-4.1159625,0.09141400456428528,1.0,0.9982993006706238
YKL093W,YDL226C,0,-4.11808,0.09140568226575851,1.0,0.9983993768692017
YGR136W,YNL263C,0,-4.137566,0.09139735996723175,1.0,0.9984993934631348
YMR017W,YDR446W,0,-4.1681113,0.09138903766870499,1.0,0.9985994100570679
YOL141W,YIL101C,0,-4.1712728,0.09138072282075882,1.0,0.9986994862556458
YKR091W,YJL112W,0,-4.2238154,0.09137240797281265,1.0,0.9987995028495789
YMR303C,YFL050C,0,-4.2416515,0.09136409312486649,1.0,0.9988995790481567
YEL012W,YDL014W,0,-4.2850766,0.09135577827692032,1.0,0.9989995956420898
YPR016C,YNL173C,0,-4.288367,0.09134746342897415,1.0,0.999099612236023
YNR057C,YOR049C,0,-4.3460345,0.09133915603160858,1.0,0.9991996884346008
YLR037C,YNL250W,0,-4.3710885,0.09133084863424301,1.0,0.9992997050285339
YCL044C,YHR096C,0,-4.372893,0.09132254123687744,1.0,0.9993997812271118
YNL250W,YER150W,0,-4.378438,0.09131423383951187,1.0,0.9994997978210449
YIL011W,YOL071W,0,-4.385429,0.0913059264421463,1.0,0.999599814414978
YJR143C,YMR017W,0,-4.3979707,0.09129762649536133,1.0,0.9996998906135559
YNL250W,YIL101C,0,-4.5154085,0.09128932654857635,1.0,0.999799907207489
YOR011W,YPL046C,0,-4.5504084,0.09128102660179138,1.0,0.9998999834060669
YJL164C,YOR310C,0,-4.552133,0.09127272665500641,1.0,1.0
