Gene A,Gene B,Label,Score,Precision,Recall,False Positive Rate
YEL061C,YDR113C,1,-0.3407928,1.0,0.0010000000474974513,0.0
YGL116W,YML034W,1,-0.54749715,1.0,0.0020000000949949026,0.0
YGR098C,YPR141C,1,-0.63909286,1.0,0.003000000026077032,0.0
YGL116W,YMR078C,1,-0.6789973,1.0,0.004000000189989805,0.0
YMR078C,YLR272C,1,-0.9247706,1.0,0.004999999888241291,0.0
YOR249C,YHR166C,1,-0.9428154,1.0,0.006000000052154064,0.0
YDL008W,YML034W,1,-1.0598763,1.0,0.007000000216066837,0.0
YEL061C,YOL115W,1,-1.1251143,1.0,0.00800000037997961,0.0
YPL178W,YDL028C,0,-1.1257758,0.8888888955116272,0.00800000037997961,9.999999747378752e-05
YMR117C,YDR325W,1,-1.1291519,0.8999999761581421,0.008999999612569809,9.999999747378752e-05
YOR249C,YER106W,1,-1.1365217,0.9090909361839294,0.009999999776482582,9.999999747378752e-05
YCR086W,YOR073W,1,-1.157621,0.9166666865348816,0.010999999940395355,9.999999747378752e-05
YDR325W,YLR272C,1,-1.1772188,0.9230769276618958,0.012000000104308128,9.999999747378752e-05
YMR078C,YOR073W,1,-1.2432095,0.9285714030265808,0.013000000268220901,9.999999747378752e-05
YHR166C,YCR086W,1,-1.3485008,0.9333333373069763,0.014000000432133675,9.999999747378752e-05
YMR078C,YDR113C,1,-1.4121642,0.9375,0.014999999664723873,9.999999747378752e-05
YBL097W,YEL061C,1,-1.4740919,0.9411764740943909,0.01600000075995922,9.999999747378752e-05
YLR381W,YDR325W,1,-1.476898,0.9444444179534912,0.017000000923871994,9.999999747378752e-05
YAL034W-A,YMR117C,1,-1.4808925,0.9473684430122375,0.017999999225139618,9.999999747378752e-05
YLR086W,YFL037W,1,-1.5111232,0.949999988079071,0.01899999938905239,9.999999747378752e-05
YGL116W,YOL115W,1,-1.5677236,0.9523809552192688,0.019999999552965164,9.999999747378752e-05
YMR078C,YAR018C,1,-1.5878937,0.9545454382896423,0.020999999716877937,9.999999747378752e-05
YDR113C,YMR190C,1,-1.6162093,0.95652174949646,0.02199999988079071,9.999999747378752e-05
YOR073W,YML034W,1,-1.6211222,0.9583333134651184,0.023000000044703484,9.999999747378752e-05
YCL016C,YDR180W,1,-1.6254572,0.9599999785423279,0.024000000208616257,9.999999747378752e-05
YDR113C,YOL006C,1,-1.6456113,0.9615384340286255,0.02500000037252903,9.999999747378752e-05
YCR086W,YDR113C,1,-1.6704942,0.9629629850387573,0.026000000536441803,9.999999747378752e-05
YFR036W,YCR086W,1,-1.6884114,0.9642857313156128,0.027000000700354576,9.999999747378752e-05
YJR060W,YMR117C,1,-1.689445,0.9655172228813171,0.02800000086426735,9.999999747378752e-05
YGR140W,YBR073W,1,-1.6903226,0.9666666388511658,0.028999999165534973,9.999999747378752e-05
YMR078C,YDR439W,1,-1.7023152,0.9677419066429138,0.029999999329447746,9.999999747378752e-05
YBL009W,YDR227W,0,-1.703855,0.9375,0.029999999329447746,0.00019999999494757503
YIL026C,YBR073W,1,-1.7044214,0.939393937587738,0.03099999949336052,0.00019999999494757503
YCR086W,YER106W,1,-1.7405256,0.9411764740943909,0.03200000151991844,0.00019999999494757503
YEL061C,YOL006C,1,-1.7598728,0.9428571462631226,0.032999999821186066,0.00019999999494757503
YDL028C,YHR152W,0,-1.7905091,0.9166666865348816,0.032999999821186066,0.0003000000142492354
YKL022C,YPR141C,1,-1.8010303,0.9189189076423645,0.03400000184774399,0.0003000000142492354
YNL290W,YAL047C,1,-1.8018382,0.9210526347160339,0.03500000014901161,0.0003000000142492354
YJR135C,YAL047C,1,-1.8303348,0.9230769276618958,0.035999998450279236,0.0003000000142492354
YPR007C,YHR014W,1,-1.8418489,0.925000011920929,0.03700000047683716,0.0003000000142492354
YIL026C,YPR007C,1,-1.8443495,0.9268292784690857,0.03799999877810478,0.0003000000142492354
YIR010W,YMR117C,1,-1.8500918,0.9285714030265808,0.039000000804662704,0.0003000000142492354
YGR140W,YOR073W,1,-1.851621,0.930232584476471,0.03999999910593033,0.0003000000142492354
YBR073W,YFL008W,1,-1.8550364,0.9318181872367859,0.04100000113248825,0.0003000000142492354
YOR249C,YFR036W,1,-1.8619771,0.9333333373069763,0.041999999433755875,0.0003000000142492354
YAR018C,YBR073W,1,-1.8721664,0.9347826242446899,0.0430000014603138,0.0003000000142492354
YDR439W,YNL290W,1,-1.8751632,0.936170220375061,0.04399999976158142,0.0003000000142492354
YMR078C,YPR046W,1,-1.8954881,0.9375,0.04500000178813934,0.0003000000142492354
YPR135W,YPR141C,1,-1.8990853,0.9387755393981934,0.04600000008940697,0.0003000000142492354
YPR141C,YJR135C,1,-1.9082133,0.9399999976158142,0.04699999839067459,0.0003000000142492354
YPL200W,YHR014W,1,-1.9209899,0.9411764740943909,0.04800000041723251,0.0003000000142492354
YBR038W,YCL024W,0,-1.9308224,0.9230769276618958,0.04800000041723251,0.00039999998989515007
YLR381W,YFL008W,1,-1.9367648,0.9245283007621765,0.04899999871850014,0.00039999998989515007
YDL003W,YAL034W-A,1,-1.9430189,0.9259259104728699,0.05000000074505806,0.00039999998989515007
YDR439W,YDR113C,1,-1.9461678,0.9272727370262146,0.050999999046325684,0.00039999998989515007
YPR141C,YAL034W-A,1,-1.9489943,0.9285714030265808,0.052000001072883606,0.00039999998989515007
YPR135W,YDR113C,1,-1.9515,0.9298245906829834,0.05299999937415123,0.00039999998989515007
YGL116W,YPL204W,1,-1.9586486,0.931034505367279,0.05400000140070915,0.00039999998989515007
YFL008W,YMR117C,1,-1.962741,0.9322034120559692,0.054999999701976776,0.00039999998989515007
YPL233W,YDR113C,1,-1.9641203,0.9333333373069763,0.0560000017285347,0.00039999998989515007
YGL116W,YDR325W,1,-1.9701561,0.9344262480735779,0.05700000002980232,0.00039999998989515007
YML099C,YBR237W,0,-1.9768661,0.9193548560142517,0.05700000002980232,0.0005000000237487257
YIR010W,YJR112W,1,-1.9898621,0.920634925365448,0.057999998331069946,0.0005000000237487257
YCL016C,YPR046W,1,-2.0056217,0.921875,0.05900000035762787,0.0005000000237487257
YBL085W,YDR146C,0,-2.020379,0.9076923131942749,0.05900000035762787,0.0006000000284984708
YOR249C,YDR113C,1,-2.0233521,0.9090909361839294,0.05999999865889549,0.0006000000284984708
YIR010W,YPL233W,1,-2.0298753,0.9104477763175964,0.061000000685453415,0.0006000000284984708
YDR439W,YMR117C,1,-2.0463002,0.9117646813392639,0.06199999898672104,0.0006000000284984708
YMR078C,YJR112W,1,-2.0508533,0.9130434989929199,0.06300000101327896,0.0006000000284984708
YOR249C,YKL022C,1,-2.055246,0.9142857193946838,0.06400000303983688,0.0006000000284984708
YHR166C,YEL061C,1,-2.0595322,0.9154929518699646,0.06499999761581421,0.0006000000284984708
YMR078C,YAL047C,1,-2.06368,0.9166666865348816,0.06599999964237213,0.0006000000284984708
YER106W,YPR007C,1,-2.064455,0.9178082346916199,0.06700000166893005,0.0006000000284984708
YOR274W,YOR295W,0,-2.064751,0.9054054021835327,0.06700000166893005,0.000699999975040555
YPR135W,YJL074C,1,-2.0686388,0.9066666960716248,0.06800000369548798,0.000699999975040555
YMR078C,YOL115W,1,-2.0724583,0.9078947305679321,0.0689999982714653,0.000699999975040555
YMR268C,YDR126W,0,-2.0725567,0.8961039185523987,0.0689999982714653,0.0007999999797903001
YNL206C,YLR212C,0,-2.0788782,0.8846153616905212,0.0689999982714653,0.0008999999845400453
YDR113C,YER018C,1,-2.0900002,0.8860759735107422,0.07000000029802322,0.0008999999845400453
YFR036W,YPL253C,1,-2.0947754,0.887499988079071,0.07100000232458115,0.0008999999845400453
YAR018C,YDR439W,1,-2.1211226,0.8888888955116272,0.07199999690055847,0.0008999999845400453
YFR036W,YNL290W,1,-2.1212234,0.8902438879013062,0.0729999989271164,0.0008999999845400453
YFR036W,YMR048W,1,-2.134063,0.891566276550293,0.07400000095367432,0.0008999999845400453
YKL049C,YPL253C,1,-2.1432376,0.8928571343421936,0.07500000298023224,0.0008999999845400453
YJR112W,YDR325W,1,-2.1466656,0.8941176533699036,0.07599999755620956,0.0008999999845400453
YLR102C,YBL084C,1,-2.152377,0.895348846912384,0.07699999958276749,0.0008999999845400453
YLR381W,YGL240W,1,-2.1545753,0.8965517282485962,0.07800000160932541,0.0008999999845400453
YGR140W,YMR117C,1,-2.158652,0.8977272510528564,0.07900000363588333,0.0008999999845400453
YMR078C,YBR073W,1,-2.1710422,0.898876428604126,0.07999999821186066,0.0008999999845400453
YGL183C,YDR285W,0,-2.175262,0.8888888955116272,0.07999999821186066,0.0010000000474974513
YKL049C,YAL034W-A,1,-2.1811965,0.8901098966598511,0.08100000023841858,0.0010000000474974513
YJR089W,YPR135W,1,-2.209907,0.8913043737411499,0.0820000022649765,0.0010000000474974513
YER106W,YPL253C,1,-2.2144904,0.8924731016159058,0.08299999684095383,0.0010000000474974513
YPR055W,YMR218C,0,-2.21636,0.8829787373542786,0.08299999684095383,0.0010999999940395355
YPR141C,YDR439W,1,-2.2233453,0.8842105269432068,0.08399999886751175,0.0010999999940395355
YEL061C,YLR357W,1,-2.26668,0.8854166865348816,0.08500000089406967,0.0010999999940395355
YER106W,YER018C,1,-2.2671072,0.8865979313850403,0.0860000029206276,0.0010999999940395355
YMR078C,YLR086W,1,-2.2683754,0.8877550959587097,0.08699999749660492,0.0010999999940395355
YCR086W,YPL253C,1,-2.275799,0.8888888955116272,0.08799999952316284,0.0010999999940395355
YPR046W,YLR321C,1,-2.2853546,0.8899999856948853,0.08900000154972076,0.0010999999940395355
YLR381W,YGR098C,1,-2.3008013,0.8910890817642212,0.09000000357627869,0.0010999999940395355
YPR104C,YMR285C,0,-2.3018732,0.8823529481887817,0.09000000357627869,0.0012000000569969416
YDR113C,YML034W,1,-2.3063188,0.8834951519966125,0.09099999815225601,0.0012000000569969416
YCR086W,YPR046W,1,-2.311762,0.8846153616905212,0.09200000017881393,0.0012000000569969416
YJR053W,YBR133C,0,-2.314844,0.8761904835700989,0.09200000017881393,0.0013000000035390258
YBR073W,YMR117C,1,-2.3222983,0.8773584961891174,0.09300000220537186,0.0013000000035390258
YGL116W,YAR018C,1,-2.3344038,0.8785046935081482,0.09399999678134918,0.0013000000035390258
YDL102W,YNL163C,0,-2.3440833,0.8703703880310059,0.09399999678134918,0.00139999995008111
YGR140W,YDL003W,1,-2.351143,0.8715596199035645,0.0949999988079071,0.00139999995008111
YAR018C,YAL034W-A,1,-2.373053,0.8727272748947144,0.09600000083446503,0.00139999995008111
YEL061C,YJL074C,1,-2.384888,0.8738738894462585,0.09700000286102295,0.00139999995008111
YJR112W,YDR113C,1,-2.3856544,0.875,0.09799999743700027,0.00139999995008111
YMR212C,YJL168C,0,-2.3920176,0.8672566413879395,0.09799999743700027,0.001500000013038516
YJR112W,YOL006C,1,-2.4223254,0.8684210777282715,0.0989999994635582,0.001500000013038516
YMR048W,YDR325W,1,-2.4562905,0.8695651888847351,0.10000000149011612,0.001500000013038516
YJR060W,YPL018W,1,-2.469175,0.8706896305084229,0.10100000351667404,0.001500000013038516
YDR191W,YDR201W,0,-2.4692168,0.8632478713989258,0.10100000351667404,0.0015999999595806003
YFR036W,YDR180W,1,-2.4759836,0.8644067645072937,0.10199999809265137,0.0015999999595806003
YIL026C,YJR135C,1,-2.478096,0.8655462265014648,0.10300000011920929,0.0015999999595806003
YPR046W,YLR357W,1,-2.482069,0.8666666746139526,0.10400000214576721,0.0015999999595806003
YJR135C,YJL074C,1,-2.4849646,0.8677685856819153,0.10499999672174454,0.0015999999595806003
YDR176W,YPL167C,0,-2.4860852,0.8606557250022888,0.10499999672174454,0.0017000000225380063
YPR046W,YLR272C,1,-2.5028365,0.8617886304855347,0.10599999874830246,0.0017000000225380063
YMR048W,YER106W,1,-2.5045779,0.8629032373428345,0.10700000077486038,0.0017000000225380063
YGR227W,YKL055C,0,-2.5068443,0.8560000061988831,0.10700000077486038,0.0017999999690800905
YMR048W,YJL074C,1,-2.5150747,0.8571428656578064,0.1080000028014183,0.0017999999690800905
YOR073W,YAL047C,1,-2.5183504,0.8582677245140076,0.10899999737739563,0.0017999999690800905
YNR008W,YGL094C,0,-2.5247967,0.8515625,0.10899999737739563,0.0019000000320374966
YJR089W,YGL116W,1,-2.5262058,0.8527131676673889,0.10999999940395355,0.0019000000320374966
YOR249C,YBL084C,1,-2.529727,0.8538461327552795,0.11100000143051147,0.0019000000320374966
YBL085W,YGL201C,0,-2.5364044,0.847328245639801,0.11100000143051147,0.0020000000949949026
YPL008W,YEL061C,1,-2.5392268,0.8484848737716675,0.1120000034570694,0.0020000000949949026
YJL019W,YAL047C,1,-2.5485272,0.8496240377426147,0.11299999803304672,0.0020000000949949026
YBL084C,YML034W,1,-2.5494897,0.8507462739944458,0.11400000005960464,0.0020000000949949026
YJR135C,YFL008W,1,-2.5604722,0.8518518805503845,0.11500000208616257,0.0020000000949949026
YJR089W,YJL074C,1,-2.5654056,0.8529411554336548,0.11599999666213989,0.0020000000949949026
YFL024C,YPL127C,0,-2.5683048,0.8467153310775757,0.11599999666213989,0.002099999925121665
YHL022C,YDR532C,0,-2.5688899,0.8405796885490417,0.11599999666213989,0.002199999988079071
YJR089W,YIL026C,1,-2.5722299,0.8417266011238098,0.11699999868869781,0.002199999988079071
YPL112C,YLL021W,0,-2.5760393,0.8357142806053162,0.11699999868869781,0.002300000051036477
YLR381W,YDR113C,1,-2.577946,0.8368794322013855,0.11800000071525574,0.002300000051036477
YDL008W,YOR156C,1,-2.5814722,0.8380281925201416,0.11900000274181366,0.002300000051036477
YDL105W,YKR090W,0,-2.5829487,0.8321678042411804,0.11900000274181366,0.002400000113993883
YKL049C,YER106W,1,-2.5944583,0.8333333134651184,0.11999999731779099,0.002400000113993883
YHR014W,YPL253C,1,-2.5961914,0.834482729434967,0.12099999934434891,0.002400000113993883
YPR135W,YOL006C,1,-2.599917,0.835616409778595,0.12200000137090683,0.002400000113993883
YGL240W,YIR025W,1,-2.6111205,0.8367347121238708,0.12300000339746475,0.002400000113993883
YDR180W,YLR272C,1,-2.6152,0.837837815284729,0.12399999797344208,0.002400000113993883
YMR065W,YPL174C,0,-2.6208687,0.8322147727012634,0.12399999797344208,0.0024999999441206455
YPR141C,YLR321C,1,-2.6295788,0.8333333134651184,0.125,0.0024999999441206455
YFR027W,YDR180W,1,-2.6451118,0.8344370722770691,0.12600000202655792,0.0024999999441206455
YGR140W,YAR018C,1,-2.6468327,0.8355262875556946,0.12700000405311584,0.0024999999441206455
YCR071C,YDR470C,0,-2.6491547,0.8300653696060181,0.12700000405311584,0.0026000000070780516
YFL009W,YJR031C,0,-2.6601727,0.8246753215789795,0.12700000405311584,0.0027000000700354576
YJR089W,YFL008W,1,-2.660603,0.8258064389228821,0.12800000607967377,0.0027000000700354576
YKR083C,YEL018W,0,-2.6645005,0.8205128312110901,0.12800000607967377,0.00279999990016222
YCR086W,YDR439W,1,-2.6652174,0.8216560482978821,0.1289999932050705,0.00279999990016222
YDR179C,YIL150C,0,-2.6697674,0.8164557218551636,0.1289999932050705,0.002899999963119626
YDR439W,YGR275W,1,-2.6749814,0.8176100850105286,0.12999999523162842,0.002899999963119626
YOR249C,YJR089W,1,-2.6751277,0.8187500238418579,0.13099999725818634,0.002899999963119626
YGR140W,YOL006C,1,-2.6755717,0.8198757767677307,0.13199999928474426,0.002899999963119626
YJL074C,YMR117C,1,-2.6763096,0.8209876418113708,0.13300000131130219,0.002899999963119626
YPL267W,YDL155W,0,-2.6772847,0.8159509301185608,0.13300000131130219,0.003000000026077032
YMR287C,YGR220C,0,-2.6865406,0.8109756112098694,0.13300000131130219,0.003100000089034438
YOR026W,YOL102C,0,-2.6872463,0.8060606122016907,0.13300000131130219,0.0031999999191612005
YIR010W,YOR073W,1,-2.6931832,0.8072289228439331,0.1340000033378601,0.0031999999191612005
YGR098C,YAR018C,1,-2.6937861,0.8083832263946533,0.13500000536441803,0.0031999999191612005
YJR089W,YLR272C,1,-2.6950276,0.8095238208770752,0.13600000739097595,0.0031999999191612005
YFR027W,YDR439W,1,-2.6986728,0.8106508851051331,0.13699999451637268,0.0031999999191612005
YAR018C,YAL047C,1,-2.6986983,0.8117647171020508,0.1379999965429306,0.0031999999191612005
YOL017W,YNR048W,0,-2.6996787,0.8070175647735596,0.1379999965429306,0.0032999999821186066
YBR073W,YAL047C,1,-2.704921,0.8081395626068115,0.13899999856948853,0.0032999999821186066
YPR046W,YER018C,1,-2.7103589,0.8092485666275024,0.14000000059604645,0.0032999999821186066
YFR046C,YCR086W,1,-2.7119868,0.8103448152542114,0.14100000262260437,0.0032999999821186066
YDL008W,YNR010W,1,-2.7139125,0.8114285469055176,0.1420000046491623,0.0032999999821186066
YMR268C,YML011C,0,-2.714461,0.8068181872367859,0.1420000046491623,0.0034000000450760126
YEL061C,YFL037W,1,-2.714892,0.8079096078872681,0.14300000667572021,0.0034000000450760126
YGL033W,YJL203W,0,-2.715616,0.8033707737922668,0.14300000667572021,0.0035000001080334187
YMR048W,YPR046W,1,-2.722767,0.8044692873954773,0.14399999380111694,0.0035000001080334187
YDL069C,YGR220C,0,-2.7259786,0.800000011920929,0.14399999380111694,0.003599999938160181
YMR075W,YML049C,0,-2.7300427,0.7955800890922546,0.14399999380111694,0.003700000001117587
YBL097W,YAR018C,1,-2.7338252,0.7967032790184021,0.14499999582767487,0.003700000001117587
YDR013W,YLR212C,0,-2.7475502,0.7923497557640076,0.14499999582767487,0.003800000064074993
YPR135W,YAL047C,1,-2.7478952,0.79347825050354,0.1459999978542328,0.003800000064074993
YLR139C,YHL022C,0,-2.7569795,0.7891891598701477,0.1459999978542328,0.0038999998942017555
YBL097W,YDR439W,1,-2.7600951,0.7903226017951965,0.1469999998807907,0.0038999998942017555
YJR089W,YJR112W,1,-2.7631655,0.7914438247680664,0.14800000190734863,0.0038999998942017555
YGL116W,YAL047C,1,-2.7639084,0.792553186416626,0.14900000393390656,0.0038999998942017555
YGR140W,YPR046W,1,-2.765479,0.7936508059501648,0.15000000596046448,0.0038999998942017555
YIL026C,YOL115W,1,-2.7732046,0.7947368621826172,0.1509999930858612,0.0038999998942017555
YKL049C,YIR025W,1,-2.7775984,0.7958115339279175,0.15199999511241913,0.0038999998942017555
YLR318W,YDR489W,0,-2.7801247,0.7916666865348816,0.15199999511241913,0.004000000189989805
YJL095W,YBR198C,0,-2.7857516,0.787564754486084,0.15199999511241913,0.004100000020116568
YML062C,YGR004W,0,-2.7878072,0.7835051417350769,0.15199999511241913,0.00419999985024333
YBL097W,YPR141C,1,-2.789586,0.7846153974533081,0.15299999713897705,0.00419999985024333
YER149C,YML097C,0,-2.78992,0.7806122303009033,0.15299999713897705,0.00430000014603138
YOL156W,YKR020W,0,-2.79652,0.7766497731208801,0.15299999713897705,0.004399999976158142
YAR018C,YDR325W,1,-2.7987602,0.7777777910232544,0.15399999916553497,0.004399999976158142
YPL008W,YOL115W,1,-2.8011563,0.7788944840431213,0.1550000011920929,0.004399999976158142
YBL097W,YLR381W,1,-2.8014352,0.7799999713897705,0.15600000321865082,0.004399999976158142
YOL104C,YLR032W,0,-2.8029618,0.7761194109916687,0.15600000321865082,0.0044999998062849045
YMR299C,YIL128W,0,-2.803335,0.7722772359848022,0.15600000321865082,0.004600000102072954
YPR135W,YPR007C,1,-2.8033874,0.7733989953994751,0.15700000524520874,0.004600000102072954
YJR092W,YKR082W,0,-2.8034792,0.7696078419685364,0.15700000524520874,0.004699999932199717
YDL105W,YDR227W,0,-2.8039615,0.7658536434173584,0.15700000524520874,0.004800000227987766
YPL008W,YCL016C,1,-2.806571,0.7669903039932251,0.15800000727176666,0.004800000227987766
YGR108W,YPL130W,0,-2.8124747,0.7632850408554077,0.15800000727176666,0.004900000058114529
YOR073W,YOL006C,1,-2.8155148,0.7644230723381042,0.1589999943971634,0.004900000058114529
YKL049C,YAL047C,1,-2.8248744,0.7655502557754517,0.1599999964237213,0.004900000058114529
YCR086W,YDL003W,1,-2.826623,0.7666666507720947,0.16099999845027924,0.004900000058114529
YNR023W,YLR385C,0,-2.8303206,0.7630331516265869,0.16099999845027924,0.004999999888241291
YGR275W,YJL074C,1,-2.8306556,0.7641509175300598,0.16200000047683716,0.004999999888241291
YJL194W,YJL112W,0,-2.835721,0.7605633735656738,0.16200000047683716,0.005100000184029341
YGR006W,YJR110W,0,-2.8361597,0.7570093274116516,0.16200000047683716,0.005200000014156103
YNL257C,YLR045C,0,-2.8441985,0.7534883618354797,0.16200000047683716,0.0052999998442828655
YDR439W,YDR325W,1,-2.8464308,0.7546296119689941,0.16300000250339508,0.0052999998442828655
YEL061C,YPL018W,1,-2.8534524,0.7557603716850281,0.164000004529953,0.0052999998442828655
YJR140C,YOR191W,0,-2.856064,0.752293586730957,0.164000004529953,0.005400000140070915
YPL253C,YDR325W,1,-2.8647275,0.7534246444702148,0.16500000655651093,0.005400000140070915
YDL074C,YAR002W,0,-2.8660305,0.75,0.16500000655651093,0.005499999970197678
YMR163C,YNL304W,0,-2.8714423,0.7466063499450684,0.16500000655651093,0.00559999980032444
YBL097W,YDL003W,1,-2.8749244,0.7477477192878723,0.16599999368190765,0.00559999980032444
YDR524C,YDL209C,0,-2.8771446,0.7443946003913879,0.16599999368190765,0.00570000009611249
YPL200W,YIR025W,1,-2.882225,0.7455357313156128,0.16699999570846558,0.00570000009611249
YOL115W,YBR073W,1,-2.8894656,0.746666669845581,0.1679999977350235,0.00570000009611249
YGR188C,YFL003C,0,-2.8933418,0.7433628439903259,0.1679999977350235,0.005799999926239252
YMR048W,YML124C,1,-2.8968232,0.7444933652877808,0.16899999976158142,0.005799999926239252
YGL116W,YKR054C,1,-2.8980203,0.7456140518188477,0.17000000178813934,0.005799999926239252
YJR060W,YPL253C,1,-2.90004,0.7467249035835266,0.17100000381469727,0.005799999926239252
YKL022C,YPL253C,1,-2.9007165,0.747826099395752,0.1720000058412552,0.005799999926239252
YMR048W,YHR014W,1,-2.9051285,0.7489177584648132,0.17299999296665192,0.005799999926239252
YML074C,YLR427W,0,-2.9060085,0.7456896305084229,0.17299999296665192,0.005900000222027302
YLR102C,YNR010W,1,-2.9092214,0.7467811107635498,0.17399999499320984,0.005900000222027302
YKR034W,YNL304W,0,-2.9123676,0.7435897588729858,0.17399999499320984,0.006000000052154064
YDL102W,YPL254W,0,-2.9134183,0.7404255270957947,0.17399999499320984,0.006099999882280827
YGL240W,YJL019W,1,-2.917228,0.741525411605835,0.17499999701976776,0.006099999882280827
YJR089W,YIR025W,1,-2.922823,0.7426160573959351,0.17599999904632568,0.006099999882280827
YPR049C,YER093C,0,-2.923495,0.7394958138465881,0.17599999904632568,0.006200000178068876
YMR055C,YGL168W,0,-2.9240239,0.7364016771316528,0.17599999904632568,0.006300000008195639
YLR320W,YML114C,0,-2.9246755,0.7333333492279053,0.17599999904632568,0.006399999838322401
YGL205W,YPL130W,0,-2.9305732,0.7302904725074768,0.17599999904632568,0.006500000134110451
YDR113C,YHR014W,1,-2.9319842,0.7314049601554871,0.1770000010728836,0.006500000134110451
YGR098C,YFL037W,1,-2.9466248,0.7325102686882019,0.17800000309944153,0.006500000134110451
YMR078C,YJR135C,1,-2.9551904,0.7336065769195557,0.17900000512599945,0.006500000134110451
YGR188C,YPL192C,0,-2.9576638,0.7306122183799744,0.17900000512599945,0.006599999964237213
YMR048W,YOL115W,1,-2.9576945,0.7317073345184326,0.18000000715255737,0.006599999964237213
YGL116W,YDL003W,1,-2.9593244,0.7327935099601746,0.1809999942779541,0.006599999964237213
YAR018C,YDL003W,1,-2.9594176,0.7338709831237793,0.18199999630451202,0.006599999964237213
YLR274W,YKL203C,0,-2.9603732,0.7309237122535706,0.18199999630451202,0.0066999997943639755
YMR078C,YML085C,1,-2.963299,0.7319999933242798,0.18299999833106995,0.0066999997943639755
YPR046W,YFL037W,1,-2.9709196,0.7330677509307861,0.18400000035762787,0.0066999997943639755
YCL016C,YDR325W,1,-2.9726815,0.7341269850730896,0.1850000023841858,0.0066999997943639755
YLR318W,YKR060W,0,-2.9731872,0.731225311756134,0.1850000023841858,0.006800000090152025
YIR010W,YLR272C,1,-2.9751067,0.7322834730148315,0.1860000044107437,0.006800000090152025
YBR211C,YNL290W,1,-2.9789069,0.7333333492279053,0.18700000643730164,0.006800000090152025
YPR141C,YGR275W,1,-2.9834177,0.734375,0.18799999356269836,0.006800000090152025
YJR089W,YPL253C,1,-2.984146,0.7354085445404053,0.1889999955892563,0.006800000090152025
YPR111W,YNL149C,0,-2.9933746,0.7325581312179565,0.1889999955892563,0.006899999920278788
YKL022C,YFR036W,1,-3.0005639,0.7335907220840454,0.1899999976158142,0.006899999920278788
YPL254W,YPL112C,0,-3.0012155,0.7307692170143127,0.1899999976158142,0.007000000216066837
YGL195W,YCR042C,0,-3.0067463,0.7279693484306335,0.1899999976158142,0.0071000000461936
YDR439W,YLR272C,1,-3.0083787,0.7290076613426208,0.19099999964237213,0.0071000000461936
YKL049C,YIR010W,1,-3.0088446,0.730038046836853,0.19200000166893005,0.0071000000461936
YLR274W,YMR168C,0,-3.009772,0.7272727489471436,0.19200000166893005,0.007199999876320362
YJL031C,YHL022C,0,-3.0104327,0.7245283126831055,0.19200000166893005,0.007300000172108412
YMR048W,YFR031C,1,-3.0165427,0.7255638837814331,0.19300000369548798,0.007300000172108412
YMR048W,YGR098C,1,-3.0178094,0.7265917658805847,0.1940000057220459,0.007300000172108412
YMR078C,YCL016C,1,-3.0180738,0.7276119589805603,0.19499999284744263,0.007300000172108412
YNL148C,YJL081C,0,-3.0189912,0.7249070405960083,0.19499999284744263,0.007400000002235174
YBL097W,YPR046W,1,-3.0191069,0.7259259223937988,0.19599999487400055,0.007400000002235174
YER133W,YPR046W,1,-3.0212,0.7269372940063477,0.19699999690055847,0.007400000002235174
YDR318W,YDR180W,1,-3.0214374,0.7279411554336548,0.1979999989271164,0.007400000002235174
YGR109C,YKL113C,0,-3.024921,0.7252747416496277,0.1979999989271164,0.007499999832361937
YDL245C,YGL063W,0,-3.0344918,0.7226277589797974,0.1979999989271164,0.007600000128149986
YPL008W,YMR117C,1,-3.0358527,0.7236363887786865,0.19900000095367432,0.007600000128149986
YJR089W,YMR190C,1,-3.0389972,0.7246376872062683,0.20000000298023224,0.007600000128149986
YNL268W,YIL037C,0,-3.0411437,0.7220216393470764,0.20000000298023224,0.007699999958276749
YAL047C,YDR325W,1,-3.0424194,0.7230215668678284,0.20100000500679016,0.007699999958276749
YLR399C,YER032W,0,-3.050403,0.7204301357269287,0.20100000500679016,0.007799999788403511
YOL078W,YDR013W,0,-3.0514333,0.7178571224212646,0.20100000500679016,0.007899999618530273
YBR022W,YHL006C,0,-3.0554013,0.7153024673461914,0.20100000500679016,0.00800000037997961
YLR210W,YLR452C,0,-3.0569336,0.7127659320831299,0.20100000500679016,0.008100000210106373
YAL007C,YNL072W,0,-3.061255,0.7102473378181458,0.20100000500679016,0.008200000040233135
YDR163W,YMR227C,0,-3.0621932,0.7077465057373047,0.20100000500679016,0.008299999870359898
YJL100W,YOL042W,0,-3.0644825,0.7052631378173828,0.20100000500679016,0.00839999970048666
YER095W,YHL034C,0,-3.0679824,0.7027971744537354,0.20100000500679016,0.008500000461935997
YML077W,YML049C,0,-3.06946,0.700348436832428,0.20100000500679016,0.00860000029206276
YLR427W,YKL055C,0,-3.0704594,0.6979166865348816,0.20100000500679016,0.008700000122189522
YGL180W,YKL173W,0,-3.0705907,0.6955017447471619,0.20100000500679016,0.008799999952316284
YIL026C,YOL006C,1,-3.0720663,0.6965517401695251,0.20200000703334808,0.008799999952316284
YLR381W,YJR135C,1,-3.07271,0.6975945234298706,0.2029999941587448,0.008799999952316284
YOR249C,YHR014W,1,-3.0736613,0.698630154132843,0.20399999618530273,0.008799999952316284
YMR190C,YLR272C,1,-3.080126,0.6996586918830872,0.20499999821186066,0.008799999952316284
YHR166C,YMR048W,1,-3.080541,0.7006802558898926,0.20600000023841858,0.008799999952316284
YJR022W,YHR038W,0,-3.0843303,0.698305070400238,0.20600000023841858,0.008899999782443047
YMR055C,YCR067C,0,-3.089005,0.6959459185600281,0.20600000023841858,0.008999999612569809
YLR383W,YLR425W,0,-3.0898817,0.6936026811599731,0.20600000023841858,0.009100000374019146
YAR018C,YJL074C,1,-3.0917325,0.6946308612823486,0.2070000022649765,0.009100000374019146
YCR086W,YIL026C,1,-3.0918162,0.695652186870575,0.20800000429153442,0.009100000374019146
YGR036C,YDR251W,0,-3.0918193,0.6933333277702332,0.20800000429153442,0.009200000204145908
YIL072W,YDL090C,0,-3.0930805,0.6910299062728882,0.20800000429153442,0.00930000003427267
YPR119W,YNL021W,0,-3.0965517,0.6887417435646057,0.20800000429153442,0.009399999864399433
YBR211C,YPR141C,1,-3.0979278,0.6897689700126648,0.20900000631809235,0.009399999864399433
YPL008W,YIL144W,1,-3.098405,0.6907894611358643,0.20999999344348907,0.009399999864399433
YER040W,YGR014W,0,-3.1044674,0.688524603843689,0.20999999344348907,0.009499999694526196
YHR166C,YFR027W,1,-3.1053157,0.6895424723625183,0.210999995470047,0.009499999694526196
YJL091C,YMR218C,0,-3.1070776,0.6872963905334473,0.210999995470047,0.009600000455975533
YNL126W,YJL029C,0,-3.1086187,0.6850649118423462,0.210999995470047,0.009700000286102295
YBL097W,YOL006C,1,-3.1140575,0.6860841512680054,0.21199999749660492,0.009700000286102295
YJR089W,YGR098C,1,-3.1143148,0.6870967745780945,0.21299999952316284,0.009700000286102295
YDR281C,YLR045C,0,-3.119055,0.6848874688148499,0.21299999952316284,0.009800000116229057
YGR057C,YMR036C,0,-3.1195683,0.682692289352417,0.21299999952316284,0.00989999994635582
YGR120C,YDR499W,0,-3.1198163,0.6805111765861511,0.21299999952316284,0.009999999776482582
YMR263W,YML021C,0,-3.1198869,0.6783439517021179,0.21299999952316284,0.010099999606609344
YLR078C,YNL304W,0,-3.1265936,0.6761904954910278,0.21299999952316284,0.010200000368058681
YDL030W,YLR313C,0,-3.128746,0.6740506291389465,0.21299999952316284,0.010300000198185444
YML055W,YDR285W,0,-3.1293163,0.6719242930412292,0.21299999952316284,0.010400000028312206
YAR002W,YLR424W,0,-3.1308029,0.6698113083839417,0.21299999952316284,0.010499999858438969
YLR254C,YKL108W,0,-3.1311042,0.667711615562439,0.21299999952316284,0.010599999688565731
YBL097W,YJR135C,1,-3.1311889,0.668749988079071,0.21400000154972076,0.010599999688565731
YGL116W,YPR135W,1,-3.1317427,0.6697819232940674,0.2150000035762787,0.010599999688565731
YMR268C,YCR042C,0,-3.1321547,0.6677018404006958,0.2150000035762787,0.010700000450015068
YNL329C,YGL063W,0,-3.133389,0.6656346917152405,0.2150000035762787,0.01080000028014183
YIR025W,YBR073W,1,-3.1360228,0.6666666865348816,0.2160000056028366,0.01080000028014183
YGR165W,YKR089C,0,-3.1371083,0.6646153926849365,0.2160000056028366,0.010900000110268593
YOR249C,YOR156C,1,-3.1375148,0.6656441688537598,0.21699999272823334,0.010900000110268593
YLR102C,YIR025W,1,-3.1403546,0.6666666865348816,0.21799999475479126,0.010900000110268593
YGL183C,YER180C-A,0,-3.141311,0.6646341681480408,0.21799999475479126,0.010999999940395355
YKL049C,YMR117C,1,-3.1464798,0.6656534671783447,0.21899999678134918,0.010999999940395355
YGL240W,YMR190C,1,-3.150139,0.6666666865348816,0.2199999988079071,0.010999999940395355
YDR254W,YEL061C,1,-3.1506,0.6676737070083618,0.22100000083446503,0.010999999940395355
YGR188C,YMR211W,0,-3.1513975,0.6656626462936401,0.22100000083446503,0.011099999770522118
YDR437W,YLR305C,0,-3.154127,0.6636636853218079,0.22100000083446503,0.01119999960064888
YPL069C,YMR204C,0,-3.1544383,0.6616766452789307,0.22100000083446503,0.011300000362098217
YNL021W,YPR189W,0,-3.1576846,0.6597014665603638,0.22100000083446503,0.01140000019222498
YBR085W,YHR077C,0,-3.1578953,0.6577380895614624,0.22100000083446503,0.011500000022351742
YKL049C,YDR180W,1,-3.1600375,0.6587536931037903,0.22200000286102295,0.011500000022351742
YBR188C,YDR126W,0,-3.1637185,0.6568047404289246,0.22200000286102295,0.011599999852478504
YPR186C,YKR072C,0,-3.1639519,0.6548672318458557,0.22200000286102295,0.011699999682605267
YGR098C,YFR031C,1,-3.1675308,0.6558823585510254,0.22300000488758087,0.011699999682605267
YNL225C,YHL025W,0,-3.1675723,0.6539589166641235,0.22300000488758087,0.011800000444054604
YDR180W,YML034W,1,-3.1745145,0.6549707651138306,0.2240000069141388,0.011800000444054604
YOL156W,YBR081C,0,-3.175084,0.6530612111091614,0.2240000069141388,0.011900000274181366
YLR381W,YPR141C,1,-3.175215,0.6540697813034058,0.22499999403953552,0.011900000274181366
YLR381W,YDR439W,1,-3.1778681,0.6550724506378174,0.22599999606609344,0.011900000274181366
YLR381W,YFR027W,1,-3.1811714,0.6560693383216858,0.22699999809265137,0.011900000274181366
YIR025W,YAL047C,1,-3.1816645,0.6570605039596558,0.2280000001192093,0.011900000274181366
YGR113W,YKL017C,0,-3.1834762,0.6551724076271057,0.2280000001192093,0.012000000104308128
YPR046W,YLR086W,1,-3.184495,0.6561604738235474,0.2290000021457672,0.012000000104308128
YJR092W,YMR091C,0,-3.1893575,0.654285728931427,0.2290000021457672,0.01209999993443489
YHR166C,YMR190C,1,-3.1895094,0.6552706360816956,0.23000000417232513,0.01209999993443489
YDR439W,YJL019W,1,-3.1898804,0.65625,0.23100000619888306,0.01209999993443489
YGL223C,YHR079C-A,0,-3.1902692,0.6543909311294556,0.23100000619888306,0.012199999764561653
YJR089W,YIL144W,1,-3.1911135,0.6553672552108765,0.23199999332427979,0.012199999764561653
YDR446W,YAR008W,0,-3.192619,0.6535211205482483,0.23199999332427979,0.012299999594688416
YJR060W,YDL003W,1,-3.1979558,0.6544944047927856,0.2329999953508377,0.012299999594688416
YMR163C,YDR532C,0,-3.1985111,0.6526610851287842,0.2329999953508377,0.012400000356137753
YHR081W,YGL086W,0,-3.1989312,0.6508380174636841,0.2329999953508377,0.012500000186264515
YHR158C,YNL097C,0,-3.1999142,0.6490250825881958,0.2329999953508377,0.012600000016391277
YMR048W,YIR010W,1,-3.200578,0.6499999761581421,0.23399999737739563,0.012600000016391277
YGL158W,YDR195W,0,-3.2021732,0.6481994390487671,0.23399999737739563,0.01269999984651804
YMR298W,YKR001C,0,-3.2029724,0.6464088559150696,0.23399999737739563,0.012799999676644802
YKL108W,YDR532C,0,-3.203853,0.64462810754776,0.23399999737739563,0.012900000438094139
YLR274W,YBR038W,0,-3.2064412,0.6428571343421936,0.23399999737739563,0.013000000268220901
YLR381W,YOR073W,1,-3.2066572,0.6438356041908264,0.23499999940395355,0.013000000268220901
YJL115W,YMR138W,0,-3.2069528,0.6420764923095703,0.23499999940395355,0.013100000098347664
YML065W,YLR385C,0,-3.2071207,0.640326976776123,0.23499999940395355,0.013199999928474426
YIL085C,YPR186C,0,-3.2071998,0.6385869383811951,0.23499999940395355,0.013299999758601189
YLR357W,YMR117C,1,-3.2135074,0.6395664215087891,0.23600000143051147,0.013299999758601189
YOR266W,YDR473C,0,-3.2170062,0.637837827205658,0.23600000143051147,0.013399999588727951
YJR089W,YMR117C,1,-3.2206929,0.6388140320777893,0.2370000034570694,0.013399999588727951
YGL044C,YML064C,0,-3.220919,0.6370967626571655,0.2370000034570694,0.013500000350177288
YPL018W,YDR325W,1,-3.2225454,0.6380696892738342,0.23800000548362732,0.013500000350177288
YNL245C,YGR116W,0,-3.2240784,0.6363636255264282,0.23800000548362732,0.01360000018030405
YLR433C,YAR008W,0,-3.2270844,0.6346666812896729,0.23800000548362732,0.013700000010430813
YMR207C,YCR052W,0,-3.2273226,0.6329787373542786,0.23800000548362732,0.013799999840557575
YDL005C,YPL011C,0,-3.2278113,0.6312997341156006,0.23800000548362732,0.013899999670684338
YHR166C,YLR321C,1,-3.2279239,0.6322751045227051,0.23899999260902405,0.013899999670684338
YNL041C,YGL212W,0,-3.2313917,0.6306068897247314,0.23899999260902405,0.014000000432133675
YLR399C,YOR144C,0,-3.2345614,0.628947377204895,0.23899999260902405,0.014100000262260437
YAL011W,YNR048W,0,-3.2362044,0.6272965669631958,0.23899999260902405,0.0142000000923872
YIL026C,YFR031C,1,-3.236717,0.6282722353935242,0.23999999463558197,0.0142000000923872
YCR086W,YOL115W,1,-3.2381332,0.6292428374290466,0.2409999966621399,0.0142000000923872
YPL116W,YOR372C,0,-3.239084,0.6276041865348816,0.2409999966621399,0.014299999922513962
YOL095C,YDL030W,0,-3.2401595,0.6259739995002747,0.2409999966621399,0.014399999752640724
YER065C,YER019C-A,0,-3.2422154,0.6243523359298706,0.2409999966621399,0.014499999582767487
YNL264C,YEL004W,0,-3.2437994,0.6227390170097351,0.2409999966621399,0.014600000344216824
YGL240W,YDR325W,1,-3.244939,0.623711347579956,0.24199999868869781,0.014600000344216824
YGL116W,YOL006C,1,-3.2453554,0.6246786713600159,0.24300000071525574,0.014600000344216824
YJR060W,YLR272C,1,-3.247758,0.6256410479545593,0.24400000274181366,0.014600000344216824
YJL203W,YLR277C,0,-3.252209,0.6240409016609192,0.24400000274181366,0.014700000174343586
YPL200W,YER106W,1,-3.2534266,0.625,0.24500000476837158,0.014700000174343586
YDR088C,YGL212W,0,-3.2535748,0.6234096884727478,0.24500000476837158,0.014800000004470348
YMR042W,YOR160W,0,-3.254615,0.6218274235725403,0.24500000476837158,0.01489999983459711
YCL016C,YLR357W,1,-3.2582235,0.6227847933769226,0.2460000067949295,0.01489999983459711
YGR275W,YMR117C,1,-3.2591999,0.6237373948097229,0.24699999392032623,0.01489999983459711
YGL044C,YIL147C,0,-3.2616706,0.6221662759780884,0.24699999392032623,0.014999999664723873
YPR179C,YBR215W,0,-3.263157,0.6206030249595642,0.24699999392032623,0.01510000042617321
YCR086W,YOR156C,1,-3.266112,0.621553897857666,0.24799999594688416,0.01510000042617321
YNL001W,YPR070W,0,-3.2667258,0.6200000047683716,0.24799999594688416,0.015200000256299973
YIL112W,YGR048W,0,-3.267004,0.618453860282898,0.24799999594688416,0.015300000086426735
YGR140W,YDR439W,1,-3.27422,0.6194030046463013,0.24899999797344208,0.015300000086426735
YHR079C-A,YGL145W,0,-3.2745984,0.6178659796714783,0.24899999797344208,0.015399999916553497
YKR054C,YOR073W,1,-3.2750447,0.6188119053840637,0.25,0.015399999916553497
YBL035C,YML049C,0,-3.2813437,0.6172839403152466,0.25,0.01549999974668026
YML006C,YDL105W,0,-3.283707,0.6157635450363159,0.25,0.015599999576807022
YFR046C,YPR141C,1,-3.286237,0.6167076230049133,0.25099998712539673,0.015599999576807022
YJR112W,YMR190C,1,-3.2869384,0.6176470518112183,0.25200000405311584,0.015599999576807022
YIR010W,YPR141C,1,-3.2881308,0.6185818910598755,0.2529999911785126,0.015599999576807022
YJR022W,YNL334C,0,-3.288232,0.6170731782913208,0.2529999911785126,0.015699999406933784
YJR053W,YBR231C,0,-3.2889664,0.6155717968940735,0.2529999911785126,0.015799999237060547
YMR163C,YML059C,0,-3.2890558,0.6140776872634888,0.2529999911785126,0.01590000092983246
YGR098C,YML085C,1,-3.2952063,0.6150121092796326,0.2540000081062317,0.01590000092983246
YBR211C,YJR089W,1,-3.2978718,0.6159420013427734,0.2549999952316284,0.01590000092983246
YPL096C-A,YFL017W-A,0,-3.2982361,0.6144578456878662,0.2549999952316284,0.01600000075995922
YMR078C,YML034W,1,-3.2993295,0.6153846383094788,0.25600001215934753,0.01600000075995922
YNL325C,YJL041W,0,-3.300481,0.6139088869094849,0.25600001215934753,0.016100000590085983
YHR166C,YML034W,1,-3.3019047,0.6148325204849243,0.25699999928474426,0.016100000590085983
YPL059W,YDR191W,0,-3.3054934,0.6133651733398438,0.25699999928474426,0.016200000420212746
YCL029C,YNL253W,0,-3.3088467,0.6119047403335571,0.25699999928474426,0.016300000250339508
YDR076W,YLR010C,0,-3.3089154,0.6104512810707092,0.25699999928474426,0.01640000008046627
YML099C,YDR062W,0,-3.3107812,0.6090047359466553,0.25699999928474426,0.016499999910593033
YML034W,YOL006C,1,-3.311837,0.609929084777832,0.257999986410141,0.016499999910593033
YBR041W,YBL013W,0,-3.3146646,0.6084905862808228,0.257999986410141,0.016599999740719795
YDR180W,YPL253C,1,-3.3149831,0.6094117760658264,0.2590000033378601,0.016599999740719795
YKL022C,YDR325W,1,-3.319451,0.6103286147117615,0.25999999046325684,0.016599999740719795
YFR027W,YFL008W,1,-3.3257658,0.6112412214279175,0.26100000739097595,0.016599999740719795
YJR089W,YBL097W,1,-3.3262126,0.6121495366096497,0.2619999945163727,0.016599999740719795
YNL290W,YMR190C,1,-3.3267741,0.6130536198616028,0.2630000114440918,0.016599999740719795
YDR013W,YLR277C,0,-3.3289666,0.6116279363632202,0.2630000114440918,0.016699999570846558
YJL062W,YBR218C,0,-3.3295481,0.6102088093757629,0.2630000114440918,0.01679999940097332
YIR025W,YBR156C,1,-3.3344245,0.6111111044883728,0.2639999985694885,0.01679999940097332
YML112W,YBR081C,0,-3.3378925,0.6096997857093811,0.2639999985694885,0.016899999231100082
YLR115W,YPL042C,0,-3.3380902,0.6082949042320251,0.2639999985694885,0.017000000923871994
YPR046W,YML085C,1,-3.339063,0.6091954112052917,0.26499998569488525,0.017000000923871994
YPR135W,YLR086W,1,-3.3425753,0.6100917458534241,0.26600000262260437,0.017000000923871994
YCR106W,YOR270C,0,-3.3443694,0.6086956262588501,0.26600000262260437,0.017100000753998756
YOR249C,YGR098C,1,-3.3445592,0.6095890402793884,0.2669999897480011,0.017100000753998756
YHR079C,YIL066C,0,-3.3448467,0.6082004308700562,0.2669999897480011,0.01720000058412552
YNL328C,YHL009C,0,-3.3453197,0.6068181991577148,0.2669999897480011,0.01730000041425228
YLR115W,YNL225C,0,-3.3476024,0.6054421663284302,0.2669999897480011,0.017400000244379044
YNL282W,YPL133C,0,-3.3490334,0.6040723919868469,0.2669999897480011,0.017500000074505806
YPL200W,YIL026C,1,-3.3513215,0.6049661636352539,0.2680000066757202,0.017500000074505806
YJR089W,YOL115W,1,-3.3555207,0.6058558821678162,0.26899999380111694,0.017500000074505806
YFR046C,YDR180W,1,-3.3584168,0.6067415475845337,0.27000001072883606,0.017500000074505806
YMR207C,YMR060C,0,-3.3626764,0.605381190776825,0.27000001072883606,0.01759999990463257
YMR117C,YML124C,1,-3.3627675,0.6062639951705933,0.2709999978542328,0.01759999990463257
YOL076W,YPR055W,0,-3.3648872,0.6049107313156128,0.2709999978542328,0.01769999973475933
YJR158W,YDL044C,0,-3.364923,0.6035634875297546,0.2709999978542328,0.017799999564886093
YCR082W,YBL013W,0,-3.3659756,0.602222204208374,0.2709999978542328,0.017899999395012856
YLR381W,YER106W,1,-3.3659759,0.6031042337417603,0.2720000147819519,0.017899999395012856
YHR166C,YOL006C,1,-3.366028,0.6039823293685913,0.27300000190734863,0.017899999395012856
YML062C,YER149C,0,-3.36894,0.6026490330696106,0.27300000190734863,0.017999999225139618
YPR168W,YMR182C,0,-3.3693879,0.6013215780258179,0.27300000190734863,0.01810000091791153
YCR020W-B,YKL108W,0,-3.369639,0.6000000238418579,0.27300000190734863,0.018200000748038292
YHR015W,YJL203W,0,-3.3698473,0.5986841917037964,0.27300000190734863,0.018300000578165054
YCR038C,YDR392W,0,-3.3754241,0.5973742008209229,0.27300000190734863,0.018400000408291817
YMR190C,YHR014W,1,-3.3789566,0.5982532501220703,0.27399998903274536,0.018400000408291817
YHR166C,YLR272C,1,-3.3793173,0.5991285443305969,0.2750000059604645,0.018400000408291817
YML085C,YDR325W,1,-3.3814926,0.6000000238418579,0.2759999930858612,0.018400000408291817
YOR249C,YER133W,1,-3.3822386,0.6008676886558533,0.2770000100135803,0.018400000408291817
YCR086W,YPR135W,1,-3.3835971,0.6017315983772278,0.27799999713897705,0.018400000408291817
YCL016C,YOL115W,1,-3.3844078,0.6025918126106262,0.27900001406669617,0.018400000408291817
YDR439W,YML034W,1,-3.3851774,0.6034482717514038,0.2800000011920929,0.018400000408291817
YOR249C,YAL034W-A,1,-3.3869581,0.6043010950088501,0.2809999883174896,0.018400000408291817
YJL115W,YBL013W,0,-3.3879282,0.6030042767524719,0.2809999883174896,0.01850000023841858
YMR301C,YER040W,0,-3.3881195,0.6017130613327026,0.2809999883174896,0.01860000006854534
YIL026C,YML034W,1,-3.3909757,0.6025640964508057,0.28200000524520874,0.01860000006854534
YDR439W,YJL074C,1,-3.39169,0.6034114956855774,0.28299999237060547,0.01860000006854534
YOR249C,YFR027W,1,-3.3930516,0.6042553186416626,0.2840000092983246,0.01860000006854534
YMR048W,YFL037W,1,-3.3943527,0.6050955653190613,0.2849999964237213,0.01860000006854534
YJR060W,YPR141C,1,-3.396535,0.6059321761131287,0.28600001335144043,0.01860000006854534
YPL008W,YGR098C,1,-3.4001997,0.6067653298377991,0.28700000047683716,0.01860000006854534
YBR274W,YDL090C,0,-3.401293,0.6054852604866028,0.28700000047683716,0.018699999898672104
YLR078C,YKR082W,0,-3.4013941,0.6042105555534363,0.28700000047683716,0.018799999728798866
YHR188C,YKL129C,0,-3.402012,0.6029411554336548,0.28700000047683716,0.01889999955892563
YER007W,YMR227C,0,-3.403704,0.6016771197319031,0.28700000047683716,0.01899999938905239
YEL004W,YGL210W,0,-3.4039412,0.6004183888435364,0.28700000047683716,0.019099999219179153
YFR046C,YJL019W,1,-3.4097714,0.6012526154518127,0.2879999876022339,0.019099999219179153
YAL015C,YOR279C,0,-3.4118702,0.6000000238418579,0.2879999876022339,0.019200000911951065
YDR252W,YDR059C,0,-3.4158266,0.5987526178359985,0.2879999876022339,0.019300000742077827
YJR060W,YAL047C,1,-3.4192905,0.5995850563049316,0.289000004529953,0.019300000742077827
YDL106C,YCR067C,0,-3.4231317,0.5983436703681946,0.289000004529953,0.01940000057220459
YOR073W,YFL008W,1,-3.4236224,0.5991735458374023,0.28999999165534973,0.01940000057220459
YDL200C,YOR179C,0,-3.4244232,0.5979381203651428,0.28999999165534973,0.019500000402331352
YLR357W,YDR325W,1,-3.4262655,0.5987654328346252,0.29100000858306885,0.019500000402331352
YPL008W,YHR014W,1,-3.4275067,0.5995893478393555,0.2919999957084656,0.019500000402331352
YBL084C,YEL061C,1,-3.4276943,0.6004098653793335,0.2930000126361847,0.019500000402331352
YJL005W,YMR273C,0,-3.4319136,0.5991820096969604,0.2930000126361847,0.019600000232458115
YPL271W,YJR013W,0,-3.4361176,0.5979591608047485,0.2930000126361847,0.019700000062584877
YFR027W,YDR318W,1,-3.4377556,0.5987780094146729,0.2939999997615814,0.019700000062584877
YDR254W,YOR156C,1,-3.4394,0.5995935201644897,0.29499998688697815,0.019700000062584877
YNL225C,YGL066W,0,-3.4394,0.5983772873878479,0.29499998688697815,0.01979999989271164
YHR166C,YIR025W,1,-3.4419901,0.5991902947425842,0.29600000381469727,0.01979999989271164
YNL325C,YGL113W,0,-3.4453316,0.5979797840118408,0.29600000381469727,0.019899999722838402
YMR204C,YLL021W,0,-3.446131,0.5967742204666138,0.29600000381469727,0.019999999552965164
YJL203W,YPR032W,0,-3.4465773,0.5955734252929688,0.29600000381469727,0.020099999383091927
YPL040C,YCR081W,0,-3.4479997,0.5943775177001953,0.29600000381469727,0.02019999921321869
YDL008W,YER018C,1,-3.4500585,0.5951904058456421,0.296999990940094,0.02019999921321869
YJL047C,YLR385C,0,-3.4518688,0.593999981880188,0.296999990940094,0.0203000009059906
YIL026C,YDR318W,1,-3.4531221,0.5948103666305542,0.2980000078678131,0.0203000009059906
YMR036C,YGR004W,0,-3.4536579,0.5936254858970642,0.2980000078678131,0.020400000736117363
YER106W,YML034W,1,-3.4542494,0.5944334268569946,0.29899999499320984,0.020400000736117363
YKL022C,YER018C,1,-3.455583,0.5952380895614624,0.30000001192092896,0.020400000736117363
YHR129C,YER164W,0,-3.4557004,0.594059407711029,0.30000001192092896,0.020500000566244125
YJL194W,YER029C,0,-3.4575696,0.5928853750228882,0.30000001192092896,0.020600000396370888
YFL029C,YOR279C,0,-3.45869,0.5917159914970398,0.30000001192092896,0.02070000022649765
YPR141C,YBR073W,1,-3.461956,0.5925197005271912,0.3009999990463257,0.02070000022649765
YPL008W,YJR112W,1,-3.46261,0.5933202505111694,0.3019999861717224,0.02070000022649765
YKL022C,YGR098C,1,-3.4635317,0.5941176414489746,0.30300000309944153,0.02070000022649765
YJR135C,YLR086W,1,-3.4641328,0.5949119329452515,0.30399999022483826,0.02070000022649765
YGR140W,YGL116W,1,-3.464423,0.595703125,0.3050000071525574,0.02070000022649765
YLR424W,YCL063W,0,-3.4652767,0.5945419073104858,0.3050000071525574,0.020800000056624413
YLR342W,YIL173W,0,-3.4653594,0.5933852195739746,0.3050000071525574,0.020899999886751175
YFR027W,YPL253C,1,-3.4741573,0.5941747426986694,0.3059999942779541,0.020899999886751175
YPR025C,YGR006W,0,-3.474297,0.5930232405662537,0.3059999942779541,0.020999999716877937
YPR135W,YIL144W,1,-3.4747715,0.5938104391098022,0.3070000112056732,0.020999999716877937
YIL026C,YDR439W,1,-3.4761002,0.5945945978164673,0.30799999833106995,0.020999999716877937
YDL164C,YBR136W,0,-3.4764276,0.5934489369392395,0.30799999833106995,0.0210999995470047
YPR135W,YDR439W,1,-3.4793913,0.5942307710647583,0.3089999854564667,0.0210999995470047
YMR001C,YNL304W,0,-3.4803019,0.5930902361869812,0.3089999854564667,0.021199999377131462
YPL153C,YNL310C,0,-3.4806209,0.5919540524482727,0.3089999854564667,0.021299999207258224
YLR381W,YER018C,1,-3.4827697,0.5927342176437378,0.3100000023841858,0.021299999207258224
YCL016C,YFL037W,1,-3.483004,0.5935114622116089,0.3109999895095825,0.021299999207258224
YPR046W,YHR014W,1,-3.486502,0.5942857265472412,0.31200000643730164,0.021299999207258224
YKL173W,YBR097W,0,-3.4865522,0.5931559205055237,0.31200000643730164,0.021400000900030136
YNL290W,YOL094C,1,-3.4879677,0.5939279198646545,0.31299999356269836,0.021400000900030136
YLR321C,YLR086W,1,-3.4884188,0.5946969985961914,0.3140000104904175,0.021400000900030136
YOL094C,YFL008W,1,-3.4898348,0.5954631567001343,0.3149999976158142,0.021400000900030136
YML036W,YFR034C,0,-3.4906154,0.5943396091461182,0.3149999976158142,0.0215000007301569
YJL081C,YIR005W,0,-3.49127,0.5932203531265259,0.3149999976158142,0.02160000056028366
YBL097W,YER018C,1,-3.4916928,0.5939849615097046,0.3160000145435333,0.02160000056028366
YDR439W,YLR086W,1,-3.4931238,0.5947467088699341,0.31700000166893005,0.02160000056028366
YFR046C,YLR086W,1,-3.494754,0.5955055952072144,0.3179999887943268,0.02160000056028366
YHL038C,YNL329C,0,-3.4988742,0.5943925380706787,0.3179999887943268,0.021700000390410423
YPL233W,YFR031C,1,-3.499162,0.5951492786407471,0.3190000057220459,0.021700000390410423
YDR030C,YMR005W,0,-3.5013247,0.5940409898757935,0.3190000057220459,0.021800000220537186
YCL061C,YOR085W,0,-3.5035424,0.5929368138313293,0.3190000057220459,0.021900000050663948
YFR005C,YLR275W,0,-3.5035648,0.5918367505073547,0.3190000057220459,0.02199999988079071
YOL115W,YJL074C,1,-3.5057244,0.5925925970077515,0.3199999928474426,0.02199999988079071
YDL008W,YDR113C,1,-3.508203,0.5933456420898438,0.32100000977516174,0.02199999988079071
YPL018W,YAL047C,1,-3.5100846,0.5940959453582764,0.32199999690055847,0.02199999988079071
YJR089W,YIR010W,1,-3.5122826,0.5948434472084045,0.3230000138282776,0.02199999988079071
YJR131W,YJR004C,0,-3.512577,0.59375,0.3230000138282776,0.022099999710917473
YNL236W,YLR139C,0,-3.512948,0.5926605463027954,0.3230000138282776,0.022199999541044235
YNL245C,YMR299C,0,-3.5186927,0.5915750861167908,0.3230000138282776,0.022299999371170998
YKL049C,YGR098C,1,-3.5200076,0.5923217535018921,0.3240000009536743,0.022299999371170998
YJR089W,YLR381W,1,-3.5202336,0.5930656790733337,0.32499998807907104,0.022299999371170998
YDR208W,YML049C,0,-3.5223188,0.5919854044914246,0.32499998807907104,0.02239999920129776
YNR010W,YDR439W,1,-3.5243533,0.5927272439002991,0.32600000500679016,0.02239999920129776
YIL144W,YDR325W,1,-3.5300655,0.5934664011001587,0.3269999921321869,0.02239999920129776
YNL073W,YJR019C,0,-3.5308268,0.592391312122345,0.3269999921321869,0.02250000089406967
YIL140W,YLR353W,0,-3.5339613,0.5913200974464417,0.3269999921321869,0.022600000724196434
YBR211C,YCR086W,1,-3.535311,0.5920577645301819,0.328000009059906,0.022600000724196434
YDL003W,YFR031C,1,-3.536195,0.592792809009552,0.32899999618530273,0.022600000724196434
YML065W,YDR244W,0,-3.5369956,0.5917266011238098,0.32899999618530273,0.022700000554323196
YNL169C,YML105C,0,-3.5395453,0.590664267539978,0.32899999618530273,0.02280000038444996
YPR122W,YDR240C,0,-3.541507,0.5896057486534119,0.32899999618530273,0.02290000021457672
YJL196C,YKR037C,0,-3.5447035,0.5885509848594666,0.32899999618530273,0.023000000044703484
YML077W,YBR095C,0,-3.5461514,0.5874999761581421,0.32899999618530273,0.023099999874830246
YKR083C,YDR446W,0,-3.5486999,0.5864527821540833,0.32899999618530273,0.02319999970495701
YNL080C,YML062C,0,-3.548721,0.5854092240333557,0.32899999618530273,0.02329999953508377
YEL061C,YHR191C,1,-3.5487268,0.5861456394195557,0.33000001311302185,0.02329999953508377
YMR281W,YGR165W,0,-3.5489216,0.585106372833252,0.33000001311302185,0.023399999365210533
YFL025C,YKL055C,0,-3.5504725,0.5840708017349243,0.33000001311302185,0.023499999195337296
YHR191C,YFR027W,1,-3.5519829,0.5848056674003601,0.3310000002384186,0.023499999195337296
YER133W,YAL034W-A,1,-3.5534577,0.5855379104614258,0.3319999873638153,0.023499999195337296
YPR020W,YMR138W,0,-3.555276,0.5845070481300354,0.3319999873638153,0.023600000888109207
YJL071W,YML061C,0,-3.556387,0.5834797620773315,0.3319999873638153,0.02370000071823597
YOL115W,YIL144W,1,-3.5578072,0.5842105150222778,0.3330000042915344,0.02370000071823597
YBL013W,YDR334W,0,-3.558047,0.5831874012947083,0.3330000042915344,0.023800000548362732
YPR141C,YJR068W,1,-3.558562,0.5839160680770874,0.33399999141693115,0.023800000548362732
YPL018W,YJL074C,1,-3.559979,0.584642231464386,0.33500000834465027,0.023800000548362732
YBR279W,YHR090C,0,-3.5642974,0.5836237072944641,0.33500000834465027,0.023900000378489494
YNR010W,YCR086W,1,-3.5656872,0.5843478441238403,0.335999995470047,0.023900000378489494
YJR060W,YEL061C,1,-3.5669186,0.5850694179534912,0.3370000123977661,0.023900000378489494
YDR456W,YDR244W,0,-3.5672538,0.584055483341217,0.3370000123977661,0.024000000208616257
YPL133C,YHR050W,0,-3.5675132,0.5830450057983398,0.3370000123977661,0.02410000003874302
YDL069C,YHR058C,0,-3.569056,0.5820379853248596,0.3370000123977661,0.02419999986886978
YEL009C,YJR140C,0,-3.5700614,0.5810344815254211,0.3370000123977661,0.024299999698996544
YPR135W,YOL115W,1,-3.570514,0.5817555785179138,0.33799999952316284,0.024299999698996544
YBR129C,YJL168C,0,-3.571435,0.5807560086250305,0.33799999952316284,0.024399999529123306
YMR048W,YPL200W,1,-3.5732436,0.5814751386642456,0.33899998664855957,0.024399999529123306
YJL095W,YHR204W,0,-3.5744185,0.5804794430732727,0.33899998664855957,0.02449999935925007
YPL137C,YFR031C,1,-3.575731,0.5811966061592102,0.3400000035762787,0.02449999935925007
YJR112W,YOL115W,1,-3.577483,0.5819112658500671,0.3409999907016754,0.02449999935925007
YIR010W,YGR275W,1,-3.5817137,0.5826234817504883,0.34200000762939453,0.02449999935925007
YJR053W,YIR008C,0,-3.5822766,0.581632673740387,0.34200000762939453,0.02459999918937683
YDR439W,YOR156C,1,-3.582397,0.5823429822921753,0.34299999475479126,0.02459999918937683
YFR036W,YCL016C,1,-3.5831878,0.5830508470535278,0.3440000116825104,0.02459999918937683
YLR321C,YJL074C,1,-3.583917,0.5837563276290894,0.3449999988079071,0.02459999918937683
YMR275C,YBL008W,0,-3.5843353,0.5827702879905701,0.3449999988079071,0.024700000882148743
YOR020C,YJL214W,0,-3.5851464,0.5817875266075134,0.3449999988079071,0.024800000712275505
YML104C,YMR069W,0,-3.5857973,0.5808081030845642,0.3449999988079071,0.024900000542402267
YDL006W,YBR081C,0,-3.58686,0.5798319578170776,0.3449999988079071,0.02500000037252903
YDR179C,YPL085W,0,-3.5874636,0.5788590312004089,0.3449999988079071,0.025100000202655792
YPR168W,YBR279W,0,-3.5876758,0.5778894424438477,0.3449999988079071,0.025200000032782555
YMR138W,YPL129W,0,-3.5886424,0.5769230723381042,0.3449999988079071,0.025299999862909317
YGL181W,YHL028W,0,-3.5896957,0.5759599208831787,0.3449999988079071,0.02539999969303608
YDL226C,YDR108W,0,-3.5898774,0.574999988079071,0.3449999988079071,0.025499999523162842
YDL003W,YPL233W,1,-3.5909102,0.5757071375846863,0.34599998593330383,0.025499999523162842
YJR135C,YDR180W,1,-3.5910792,0.5764119625091553,0.34700000286102295,0.025499999523162842
YDR108W,YBL057C,0,-3.5931914,0.5754560828208923,0.34700000286102295,0.025599999353289604
YIR013C,YBR130C,0,-3.5940197,0.5745033025741577,0.34700000286102295,0.025699999183416367
YLR381W,YPR007C,1,-3.59494,0.5752066373825073,0.3479999899864197,0.025699999183416367
YIR025W,YPL253C,1,-3.5951378,0.5759075880050659,0.3490000069141388,0.025699999183416367
YDL079C,YOL042W,0,-3.5990217,0.5749588012695312,0.3490000069141388,0.025800000876188278
YJL214W,YKL057C,0,-3.5993516,0.5740131735801697,0.3490000069141388,0.02590000070631504
YBR020W,YDR160W,0,-3.599695,0.5730705857276917,0.3490000069141388,0.026000000536441803
YKR095W-A,YDR212W,0,-3.5997303,0.5721311569213867,0.3490000069141388,0.026100000366568565
YMR219W,YFR040W,0,-3.599756,0.5711947679519653,0.3490000069141388,0.026200000196695328
YPR179C,YDR419W,0,-3.600903,0.5702614188194275,0.3490000069141388,0.02630000002682209
YAL034W-A,YLR321C,1,-3.602475,0.5709624886512756,0.3499999940395355,0.02630000002682209
YCL016C,YNL290W,1,-3.6034777,0.5716612339019775,0.35100001096725464,0.02630000002682209
YOL067C,YER087C-B,0,-3.603757,0.5707316994667053,0.35100001096725464,0.026399999856948853
YJR140C,YNL283C,0,-3.60526,0.5698052048683167,0.35100001096725464,0.026499999687075615
YFL050C,YLR385C,0,-3.60826,0.5688816905021667,0.35100001096725464,0.026599999517202377
YHR178W,YNL088W,0,-3.6083765,0.5679611563682556,0.35100001096725464,0.02669999934732914
YNL009W,YBR022W,0,-3.6085858,0.5670436024665833,0.35100001096725464,0.026799999177455902
YPR104C,YDR165W,0,-3.6087134,0.5661290287971497,0.35100001096725464,0.026900000870227814
YDL002C,YHL022C,0,-3.6090763,0.5652173757553101,0.35100001096725464,0.027000000700354576
YJL058C,YNL282W,0,-3.6091108,0.5643087029457092,0.35100001096725464,0.02710000053048134
YDR334W,YPL157W,0,-3.6109755,0.5634028911590576,0.35100001096725464,0.0272000003606081
YOL017W,YNL128W,0,-3.6127212,0.5625,0.35100001096725464,0.027300000190734863
YPL101W,YOR127W,0,-3.6142485,0.5616000294685364,0.35100001096725464,0.027400000020861626
YJL063C,YCL069W,0,-3.6152275,0.5607028603553772,0.35100001096725464,0.027499999850988388
YMR288W,YKR029C,0,-3.615488,0.559808611869812,0.35100001096725464,0.02759999968111515
YBR038W,YPL045W,0,-3.617253,0.558917224407196,0.35100001096725464,0.027699999511241913
YMR055C,YJR092W,0,-3.6180649,0.5580286383628845,0.35100001096725464,0.027799999341368675
YMR100W,YIL084C,0,-3.6184833,0.5571428537368774,0.35100001096725464,0.027899999171495438
YIR025W,YFL037W,1,-3.619054,0.5578446984291077,0.35199999809265137,0.027899999171495438
YJR092W,YNR003C,0,-3.619596,0.5569620132446289,0.35199999809265137,0.02800000086426735
YMR048W,YGR275W,1,-3.620215,0.5576619505882263,0.3529999852180481,0.02800000086426735
YDL008W,YPR007C,1,-3.6289067,0.5583596229553223,0.3540000021457672,0.02800000086426735
YFR046C,YGR275W,1,-3.6290665,0.5590550899505615,0.35499998927116394,0.02800000086426735
YGL174W,YPL181W,0,-3.6298785,0.5581761002540588,0.35499998927116394,0.02810000069439411
YPL008W,YDL003W,1,-3.630284,0.5588697195053101,0.35600000619888306,0.02810000069439411
YGL222C,YNL049C,0,-3.633653,0.5579937100410461,0.35600000619888306,0.028200000524520874
YFR027W,YLR357W,1,-3.6355553,0.5586854219436646,0.3569999933242798,0.028200000524520874
YGL116W,YGR098C,1,-3.635872,0.559374988079071,0.3580000102519989,0.028200000524520874
YFR040W,YKR001C,0,-3.6359282,0.5585023164749146,0.3580000102519989,0.028300000354647636
YPL269W,YJR160C,0,-3.6376069,0.5576323866844177,0.3580000102519989,0.0284000001847744
YPL233W,YDR180W,1,-3.6377113,0.5583203434944153,0.35899999737739563,0.0284000001847744
YLR131C,YNL197C,0,-3.6390445,0.5574533939361572,0.35899999737739563,0.02850000001490116
YKL220C,YHR172W,0,-3.639241,0.5565891265869141,0.35899999737739563,0.028599999845027924
YPR111W,YLR268W,0,-3.6392617,0.5557275414466858,0.35899999737739563,0.028699999675154686
YHR191C,YIR025W,1,-3.6413968,0.5564142465591431,0.36000001430511475,0.028699999675154686
YHR058C,YDR485C,0,-3.6419797,0.5555555820465088,0.36000001430511475,0.02879999950528145
YJR089W,YFR036W,1,-3.6426055,0.5562403798103333,0.3610000014305115,0.02879999950528145
YNL262W,YGR104C,0,-3.6429176,0.555384635925293,0.3610000014305115,0.02889999933540821
YJR147W,YMR216C,0,-3.646831,0.5545315146446228,0.3610000014305115,0.028999999165534973
YAL020C,YBR231C,0,-3.6487222,0.553680956363678,0.3610000014305115,0.029100000858306885
YOR237W,YPR032W,0,-3.6490846,0.552833080291748,0.3610000014305115,0.029200000688433647
YDR191W,YML095C,0,-3.6529288,0.5519877672195435,0.3610000014305115,0.02930000051856041
YPR081C,YJR006W,0,-3.6541977,0.5511450171470642,0.3610000014305115,0.029400000348687172
YKL042W,YDR086C,0,-3.6548293,0.5503048896789551,0.3610000014305115,0.029500000178813934
YJR135C,YFR031C,1,-3.657229,0.5509893298149109,0.3619999885559082,0.029500000178813934
YPL096W,YFR040W,0,-3.6577764,0.5501520037651062,0.3619999885559082,0.029600000008940697
YLR381W,YHR014W,1,-3.6595147,0.550834596157074,0.3630000054836273,0.029600000008940697
YOR249C,YBL097W,1,-3.6617773,0.5515151619911194,0.36399999260902405,0.029600000008940697
YOL078W,YMR204C,0,-3.6619217,0.5506808161735535,0.36399999260902405,0.02969999983906746
YPR135W,YDR325W,1,-3.6648915,0.5513595342636108,0.36500000953674316,0.02969999983906746
YMR301C,YGR188C,0,-3.667167,0.5505279302597046,0.36500000953674316,0.02979999966919422
YJR060W,YFR036W,1,-3.668904,0.5512048006057739,0.3659999966621399,0.02979999966919422
YNR010W,YGL240W,1,-3.6699712,0.5518797039985657,0.367000013589859,0.02979999966919422
YGR275W,YDR180W,1,-3.6730752,0.5525525808334351,0.36800000071525574,0.02979999966919422
YCL016C,YHR014W,1,-3.6733434,0.5532233715057373,0.36899998784065247,0.02979999966919422
YEL061C,YML034W,1,-3.6787913,0.553892195224762,0.3700000047683716,0.02979999966919422
YML036W,YGR109C,0,-3.6829126,0.5530642867088318,0.3700000047683716,0.029899999499320984
YDR323C,YDR082W,0,-3.6834407,0.5522388219833374,0.3700000047683716,0.029999999329447746
YGR003W,YLL021W,0,-3.6854389,0.5514158010482788,0.3700000047683716,0.03009999915957451
YJR140C,YHR079C-A,0,-3.6889057,0.550595223903656,0.3700000047683716,0.03020000085234642
YGR230W,YFR028C,0,-3.6904984,0.549777090549469,0.3700000047683716,0.030300000682473183
YJR083C,YOR058C,0,-3.6907637,0.5489614009857178,0.3700000047683716,0.030400000512599945
YMR172W,YPR055W,0,-3.691325,0.5481481552124023,0.3700000047683716,0.030500000342726707
YDR437W,YKL195W,0,-3.693896,0.5473372936248779,0.3700000047683716,0.03060000017285347
YGR036C,YNL329C,0,-3.6950676,0.5465288162231445,0.3700000047683716,0.030700000002980232
YDR480W,YMR069W,0,-3.6953883,0.5457227230072021,0.3700000047683716,0.030799999833106995
YGL033W,YOR117W,0,-3.6970055,0.5449190139770508,0.3700000047683716,0.030899999663233757
YGL153W,YML109W,0,-3.6978016,0.5441176295280457,0.3700000047683716,0.03099999949336052
YDR409W,YAL047C,1,-3.698393,0.5447870492935181,0.3709999918937683,0.03099999949336052
YOR250C,YBR216C,0,-3.698616,0.5439882874488831,0.3709999918937683,0.031099999323487282
YGR145W,YOL066C,0,-3.6998334,0.5431917905807495,0.3709999918937683,0.031199999153614044
YGL183C,YBR080C,0,-3.7022512,0.542397677898407,0.3709999918937683,0.031300000846385956
YHR166C,YOL115W,1,-3.7025824,0.5430656671524048,0.3720000088214874,0.031300000846385956
YOR126C,YPL121C,0,-3.7031095,0.5422740578651428,0.3720000088214874,0.03139999881386757
YKL110C,YDR523C,0,-3.703456,0.5414847135543823,0.3720000088214874,0.03150000050663948
YLR381W,YDL003W,1,-3.7038944,0.542151153087616,0.37299999594688416,0.03150000050663948
YNR010W,YDR113C,1,-3.7044895,0.5428156852722168,0.37400001287460327,0.03150000050663948
YMR287C,YIL065C,0,-3.7046902,0.5420289635658264,0.37400001287460327,0.031599998474121094
YJR060W,YIL026C,1,-3.7048957,0.5426917672157288,0.375,0.031599998474121094
YGR275W,YPL253C,1,-3.7081006,0.5433526039123535,0.37599998712539673,0.031599998474121094
YOL094C,YLR086W,1,-3.7083275,0.5440115332603455,0.37700000405311584,0.031599998474121094
YJL091C,YBL023C,0,-3.7087038,0.5432276725769043,0.37700000405311584,0.031700000166893005
YEL019C,YPL128C,0,-3.7096102,0.5424460172653198,0.37700000405311584,0.03180000185966492
YMR078C,YHR014W,1,-3.711303,0.5431034564971924,0.3779999911785126,0.03180000185966492
YML104C,YAL029C,0,-3.711474,0.5423242449760437,0.3779999911785126,0.03189999982714653
YOR074C,YBR038W,0,-3.7122412,0.5415472984313965,0.3779999911785126,0.03200000151991844
YJR055W,YGL212W,0,-3.7158313,0.540772557258606,0.3779999911785126,0.032099999487400055
YBR221C,YPL133C,0,-3.719652,0.5400000214576721,0.3779999911785126,0.03220000118017197
YEL015W,YIR009W,0,-3.7198737,0.539229691028595,0.3779999911785126,0.03229999914765358
YPL008W,YLR321C,1,-3.7288544,0.5398860573768616,0.3790000081062317,0.03229999914765358
YGR098C,YPR007C,1,-3.7291381,0.5405405163764954,0.3799999952316284,0.03229999914765358
YJL194W,YOR241W,0,-3.7297237,0.5397727489471436,0.3799999952316284,0.03240000084042549
YJL019W,YOL115W,1,-3.7300177,0.5404255390167236,0.38100001215934753,0.03240000084042549
YMR287C,YLR313C,0,-3.7308385,0.5396600365638733,0.38100001215934753,0.032499998807907104
YLR431C,YER151C,0,-3.73177,0.5388967394828796,0.38100001215934753,0.032600000500679016
YPL204W,YML034W,1,-3.7345066,0.5395480394363403,0.38199999928474426,0.032600000500679016
YDL126C,YHR090C,0,-3.734528,0.5387870073318481,0.38199999928474426,0.03269999846816063
YNL326C,YER116C,0,-3.7349887,0.5380281805992126,0.38199999928474426,0.03280000016093254
YPL110C,YKL188C,0,-3.7358134,0.5372714400291443,0.38199999928474426,0.03290000185370445
YJR135C,YPL253C,1,-3.7380624,0.5379213690757751,0.382999986410141,0.03290000185370445
YML104C,YMR236W,0,-3.738214,0.5371668934822083,0.382999986410141,0.032999999821186066
YOR156C,YOL115W,1,-3.7392209,0.5378151535987854,0.3840000033378601,0.032999999821186066
YGR092W,YCR089W,0,-3.740336,0.53706294298172,0.3840000033378601,0.03310000151395798
YDL220C,YGL195W,0,-3.7403886,0.5363128781318665,0.3840000033378601,0.03319999948143959
YNL278W,YMR036C,0,-3.7406764,0.5355648398399353,0.3840000033378601,0.0333000011742115
YFR036W,YOL094C,1,-3.7434888,0.5362116694450378,0.38499999046325684,0.0333000011742115
YML023C,YKL173W,0,-3.7436683,0.5354658961296082,0.38499999046325684,0.033399999141693115
YDL161W,YDR244W,0,-3.7449398,0.5347222089767456,0.38499999046325684,0.03350000083446503
YIR013C,YLR309C,0,-3.7462976,0.5339806079864502,0.38499999046325684,0.03359999880194664
YBR211C,YMR048W,1,-3.7468858,0.5346260666847229,0.38600000739097595,0.03359999880194664
YDR179C,YMR052W,0,-3.7471232,0.5338866114616394,0.38600000739097595,0.03370000049471855
YFR046C,YPR135W,1,-3.7490284,0.5345304012298584,0.3869999945163727,0.03370000049471855
YBL020W,YML109W,0,-3.7499528,0.5337930917739868,0.3869999945163727,0.033799998462200165
YOL013C,YOR266W,0,-3.7505956,0.5330578684806824,0.3869999945163727,0.033900000154972076
YEL061C,YMR311C,1,-3.7510464,0.5337001085281372,0.3880000114440918,0.033900000154972076
YOL078W,YHR186C,0,-3.751604,0.5329670310020447,0.3880000114440918,0.03400000184774399
YBL009W,YHR077C,0,-3.7519522,0.5322359204292297,0.3880000114440918,0.0340999998152256
YOL095C,YGR171C,0,-3.7536619,0.5315068364143372,0.3880000114440918,0.03420000150799751
YHR164C,YLR320W,0,-3.7537587,0.5307797789573669,0.3880000114440918,0.034299999475479126
YJL013C,YDR477W,0,-3.7538657,0.5300546288490295,0.3880000114440918,0.03440000116825104
YFR019W,YJL106W,0,-3.7565465,0.5293315052986145,0.3880000114440918,0.03449999913573265
YCR086W,YHR191C,1,-3.7570548,0.5299727320671082,0.3889999985694885,0.03449999913573265
YIL085C,YMR268C,0,-3.7583537,0.5292516946792603,0.3889999985694885,0.03460000082850456
YKR090W,YMR075W,0,-3.7598097,0.5285326242446899,0.3889999985694885,0.034699998795986176
YJL106W,YDL230W,0,-3.7598455,0.5278154611587524,0.3889999985694885,0.03480000048875809
YNL201C,YLR386W,0,-3.7601607,0.5271002650260925,0.3889999985694885,0.0348999984562397
YEL061C,YJL019W,1,-3.7602866,0.5277401804924011,0.38999998569488525,0.0348999984562397
YIL115C,YPL167C,0,-3.7606156,0.5270270109176636,0.38999998569488525,0.03500000014901161
YGL241W,YIL128W,0,-3.7607086,0.5263158082962036,0.38999998569488525,0.035100001841783524
YAL047C,YFL037W,1,-3.7623997,0.526954174041748,0.39100000262260437,0.035100001841783524
YEL032W,YOL125W,0,-3.762624,0.5262449383735657,0.39100000262260437,0.03519999980926514
YPL060W,YKL173W,0,-3.7627668,0.5255376100540161,0.39100000262260437,0.03530000150203705
YHR186C,YOR003W,0,-3.7653253,0.5248321890830994,0.39100000262260437,0.03539999946951866
YOL149W,YOR304W,0,-3.7657845,0.5241286754608154,0.39100000262260437,0.03550000116229057
YMR055C,YJR131W,0,-3.7662742,0.5234270691871643,0.39100000262260437,0.035599999129772186
YNL270C,YCR060W,0,-3.7662754,0.5227272510528564,0.39100000262260437,0.0357000008225441
YNL231C,YDR469W,0,-3.7674685,0.5220293998718262,0.39100000262260437,0.03579999879002571
YMR038C,YCR106W,0,-3.767677,0.5213333368301392,0.39100000262260437,0.03590000048279762
YKL057C,YOR315W,0,-3.768789,0.5206391215324402,0.39100000262260437,0.035999998450279236
YKL113C,YPL007C,0,-3.7688768,0.519946813583374,0.39100000262260437,0.03610000014305115
YGL240W,YML034W,1,-3.7689195,0.5205843448638916,0.3919999897480011,0.03610000014305115
YLR353W,YMR224C,0,-3.7692285,0.5198938846588135,0.3919999897480011,0.03620000183582306
YOR298C-A,YGL158W,0,-3.7710965,0.5192052721977234,0.3919999897480011,0.03629999980330467
YCL051W,YBR111W-A,0,-3.7721224,0.5185185074806213,0.3919999897480011,0.036400001496076584
YOR113W,YBL013W,0,-3.7731578,0.5178335309028625,0.3919999897480011,0.0364999994635582
YJR090C,YDR407C,0,-3.7739067,0.5171504020690918,0.3919999897480011,0.03660000115633011
YNL068C,YOR313C,0,-3.7748256,0.5164690613746643,0.3919999897480011,0.03669999912381172
YPL269W,YKL001C,0,-3.775154,0.5157894492149353,0.3919999897480011,0.03680000081658363
YLR321C,YHR014W,1,-3.7752864,0.5164257287979126,0.3930000066757202,0.03680000081658363
YKL049C,YPL233W,1,-3.7757156,0.5170603394508362,0.39399999380111694,0.03680000081658363
YPL008W,YAL034W-A,1,-3.7770102,0.5176933407783508,0.39500001072883606,0.03680000081658363
YGR135W,YDR285W,0,-3.7782357,0.5170156955718994,0.39500001072883606,0.03689999878406525
YGL240W,YOL006C,1,-3.7803204,0.5176470875740051,0.3959999978542328,0.03689999878406525
YOL045W,YHR178W,0,-3.7808049,0.5169712901115417,0.3959999978542328,0.03700000047683716
YLR219W,YNL304W,0,-3.7818894,0.5162972807884216,0.3959999978542328,0.03709999844431877
YGL174W,YMR137C,0,-3.784331,0.515625,0.3959999978542328,0.03720000013709068
YOL091W,YNL154C,0,-3.78441,0.5149545073509216,0.3959999978542328,0.037300001829862595
YEL069C,YHR186C,0,-3.7845922,0.5142857432365417,0.3959999978542328,0.03739999979734421
YHR129C,YDR515W,0,-3.784868,0.5136186480522156,0.3959999978542328,0.03750000149011612
YJL019W,YNL290W,1,-3.7861073,0.5142487287521362,0.3970000147819519,0.03750000149011612
YGR098C,YER018C,1,-3.786266,0.5148770809173584,0.39800000190734863,0.03750000149011612
YEL015W,YGR005C,0,-3.7868392,0.514211893081665,0.39800000190734863,0.03759999945759773
YML077W,YLR182W,0,-3.7881866,0.5135483741760254,0.39800000190734863,0.037700001150369644
YHR023W,YNL264C,0,-3.7895799,0.5128865838050842,0.39800000190734863,0.03779999911785126
YBL013W,YDR434W,0,-3.7915971,0.5122265219688416,0.39800000190734863,0.03790000081062317
YNL059C,YML036W,0,-3.7925882,0.5115681290626526,0.39800000190734863,0.03799999877810478
YNL219C,YPL096C-A,0,-3.795654,0.5109114050865173,0.39800000190734863,0.038100000470876694
YJL106W,YKL041W,0,-3.7958577,0.5102564096450806,0.39800000190734863,0.03819999843835831
YNL097C,YOR368W,0,-3.7959335,0.5096030831336975,0.39800000190734863,0.03830000013113022
YCR038C,YHR059W,0,-3.7982676,0.5089514255523682,0.39800000190734863,0.03840000182390213
YMR048W,YER018C,1,-3.7987766,0.50957852602005,0.39899998903274536,0.03840000182390213
YMR075W,YGL113W,0,-3.7988605,0.5089285969734192,0.39899998903274536,0.03849999979138374
YLR192C,YBR081C,0,-3.8004212,0.5082802772521973,0.39899998903274536,0.038600001484155655
YCR002C,YMR207C,0,-3.8004549,0.5076335668563843,0.39899998903274536,0.03869999945163727
YDL008W,YMR311C,1,-3.8008919,0.5082592368125916,0.4000000059604645,0.03869999945163727
YPL008W,YPL018W,1,-3.8013003,0.5088832378387451,0.4009999930858612,0.03869999945163727
YPR141C,YFR031C,1,-3.801478,0.5095056891441345,0.4020000100135803,0.03869999945163727
YNL135C,YNL004W,0,-3.8015995,0.5088607668876648,0.4020000100135803,0.03880000114440918
YOL095C,YLR275W,0,-3.8033428,0.508217453956604,0.4020000100135803,0.03889999911189079
YJR092W,YLR106C,0,-3.8048518,0.5075757503509521,0.4020000100135803,0.039000000804662704
YKR083C,YOL031C,0,-3.8048658,0.506935715675354,0.4020000100135803,0.03909999877214432
YOR179C,YKR053C,0,-3.805759,0.50629723072052,0.4020000100135803,0.03920000046491623
YIR023W,YBR095C,0,-3.806786,0.505660355091095,0.4020000100135803,0.03929999843239784
YBR186W,YNL283C,0,-3.8071818,0.5050251483917236,0.4020000100135803,0.039400000125169754
YDL003W,YPL253C,1,-3.8074305,0.5056461691856384,0.40299999713897705,0.039400000125169754
YCL024W,YNL169C,0,-3.8079526,0.5050125122070312,0.40299999713897705,0.039500001817941666
YDL227C,YHR031C,0,-3.8081965,0.504380464553833,0.40299999713897705,0.03959999978542328
YOR156C,YFL037W,1,-3.8097727,0.5049999952316284,0.40400001406669617,0.03959999978542328
YBL097W,YDR254W,1,-3.8125129,0.5056179761886597,0.4050000011920929,0.03959999978542328
YJR089W,YLR086W,1,-3.814237,0.5062344074249268,0.4059999883174896,0.03959999978542328
YER114C,YDL207W,0,-3.8152225,0.5056039690971375,0.4059999883174896,0.03970000147819519
YNL282W,YJL025W,0,-3.8172312,0.5049751400947571,0.4059999883174896,0.039799999445676804
YDR254W,YPL253C,1,-3.817586,0.5055900812149048,0.40700000524520874,0.039799999445676804
YOR353C,YNL126W,0,-3.820916,0.5049628019332886,0.40700000524520874,0.039900001138448715
YDL008W,YGL116W,1,-3.8211563,0.5055761933326721,0.40799999237060547,0.039900001138448715
YLR098C,YCL033C,0,-3.8217254,0.5049505233764648,0.40799999237060547,0.03999999910593033
YDR062W,YLR363C,0,-3.8227532,0.504326343536377,0.40799999237060547,0.04010000079870224
YLR329W,YKL140W,0,-3.8233411,0.5037037134170532,0.40799999237060547,0.04019999876618385
YMR165C,YLR386W,0,-3.8242817,0.5030826330184937,0.40799999237060547,0.040300000458955765
YBL084C,YPL253C,1,-3.824924,0.5036945939064026,0.4090000092983246,0.040300000458955765
YIL021W,YGR013W,0,-3.8271065,0.5030750036239624,0.4090000092983246,0.04039999842643738
YFR046C,YER018C,1,-3.8300781,0.503685474395752,0.4099999964237213,0.04039999842643738
YJL062W,YDL040C,0,-3.8303845,0.5030674934387207,0.4099999964237213,0.04050000011920929
YOL156W,YGR059W,0,-3.8304498,0.5024510025978088,0.4099999964237213,0.0406000018119812
YGL071W,YOL125W,0,-3.8317685,0.5018360018730164,0.4099999964237213,0.040699999779462814
YNR010W,YMR117C,1,-3.8334842,0.5024449825286865,0.41100001335144043,0.040699999779462814
YOR351C,YGR171C,0,-3.8338394,0.5018315315246582,0.41100001335144043,0.040800001472234726
YIL140W,YDL069C,0,-3.8359244,0.5012195110321045,0.41100001335144043,0.04089999943971634
YDR434W,YDR416W,0,-3.8369565,0.5006090402603149,0.41100001335144043,0.04100000113248825
YPR135W,YHR014W,1,-3.8377335,0.5012165307998657,0.41200000047683716,0.04100000113248825
YDL178W,YLR193C,0,-3.8389678,0.5006075501441956,0.41200000047683716,0.041099999099969864
YNL270C,YHR034C,0,-3.8398948,0.5,0.41200000047683716,0.041200000792741776
YDR289C,YGR005C,0,-3.8409216,0.49939393997192383,0.41200000047683716,0.04129999876022339
YEL061C,YFR031C,1,-3.8413792,0.5,0.4129999876022339,0.04129999876022339
YOR033C,YKL032C,0,-3.8420851,0.4993954002857208,0.4129999876022339,0.0414000004529953
YGL033W,YBR168W,0,-3.8438025,0.49879226088523865,0.4129999876022339,0.04149999842047691
YGL216W,YLR316C,0,-3.8448884,0.49819058179855347,0.4129999876022339,0.041600000113248825
YGL241W,YLR166C,0,-3.8455498,0.4975903630256653,0.4129999876022339,0.04170000180602074
YDR163W,YMR097C,0,-3.8467975,0.4969915747642517,0.4129999876022339,0.04179999977350235
YIR010W,YPR046W,1,-3.8474529,0.4975961446762085,0.414000004529953,0.04179999977350235
YAL035W,YNL236W,0,-3.8476806,0.49699878692626953,0.414000004529953,0.04190000146627426
YDR205W,YIL084C,0,-3.848716,0.49640288949012756,0.414000004529953,0.041999999433755875
YIL150C,YPR189W,0,-3.8506157,0.4958083927631378,0.414000004529953,0.042100001126527786
YER106W,YJL074C,1,-3.8509276,0.4964114725589752,0.41499999165534973,0.042100001126527786
YPL204W,YOL115W,1,-3.8526177,0.4970131516456604,0.41600000858306885,0.042100001126527786
YOR244W,YJL085W,0,-3.8535423,0.4964200556278229,0.41600000858306885,0.0421999990940094
YLR376C,YLR329W,0,-3.8547468,0.4958283603191376,0.41600000858306885,0.04230000078678131
YFR027W,YDL003W,1,-3.8559053,0.49642857909202576,0.4169999957084656,0.04230000078678131
YDR499W,YHR178W,0,-3.856085,0.4958382844924927,0.4169999957084656,0.042399998754262924
YDR503C,YDR393W,0,-3.8580294,0.4952494204044342,0.4169999957084656,0.042500000447034836
YOR328W,YML049C,0,-3.8583379,0.49466192722320557,0.4169999957084656,0.04259999841451645
YIR013C,YPR083W,0,-3.858761,0.49407583475112915,0.4169999957084656,0.04270000010728836
YOR033C,YLR347C,0,-3.8594923,0.49349111318588257,0.4169999957084656,0.04280000180006027
YHR079C-A,YKL108W,0,-3.861048,0.4929077923297882,0.4169999957084656,0.042899999767541885
YOR316C,YHR079C-A,0,-3.8642228,0.4923258423805237,0.4169999957084656,0.0430000014603138
YOR349W,YLR363C,0,-3.8647869,0.4917452931404114,0.4169999957084656,0.04309999942779541
YOR058C,YEL004W,0,-3.8656151,0.4911660850048065,0.4169999957084656,0.04320000112056732
YFR008W,YDR515W,0,-3.8671796,0.4905882477760315,0.4169999957084656,0.043299999088048935
YJL074C,YML034W,1,-3.8684702,0.49118682742118835,0.4180000126361847,0.043299999088048935
YDR228C,YGL153W,0,-3.8685374,0.4906103312969208,0.4180000126361847,0.04340000078082085
YER007W,YLR181C,0,-3.8694212,0.49003517627716064,0.4180000126361847,0.04349999874830246
YDL008W,YHR014W,1,-3.8695104,0.4906323254108429,0.4189999997615814,0.04349999874830246
YNR010W,YPL200W,1,-3.8695142,0.4912280738353729,0.41999998688697815,0.04349999874830246
YJR055W,YER022W,0,-3.8697104,0.49065420031547546,0.41999998688697815,0.04360000044107437
YPR119W,YIL076W,0,-3.8721888,0.49008166790008545,0.41999998688697815,0.043699998408555984
YJL094C,YPL121C,0,-3.8724508,0.4895104765892029,0.41999998688697815,0.043800000101327896
YER007W,YGL113W,0,-3.8727984,0.48894062638282776,0.41999998688697815,0.04390000179409981
YFR031C,YMR117C,1,-3.873123,0.4895348846912384,0.42100000381469727,0.04390000179409981
YIL095W,YFR037C,0,-3.8738852,0.48896631598472595,0.42100000381469727,0.04399999976158142
YBR131W,YKL203C,0,-3.8741856,0.48839905858039856,0.42100000381469727,0.04410000145435333
YMR236W,YNL088W,0,-3.8750808,0.4878331422805786,0.42100000381469727,0.044199999421834946
YER123W,YJR110W,0,-3.876165,0.48726850748062134,0.42100000381469727,0.04430000111460686
YGR101W,YNL072W,0,-3.8763034,0.4867052137851715,0.42100000381469727,0.04439999908208847
YOL033W,YGR199W,0,-3.8767247,0.48614320158958435,0.42100000381469727,0.04450000077486038
YNL242W,YIL140W,0,-3.877628,0.48558247089385986,0.42100000381469727,0.044599998742341995
YBR167C,YDR137W,0,-3.877753,0.48502305150032043,0.42100000381469727,0.04470000043511391
YDL197C,YJR140C,0,-3.878463,0.4844649136066437,0.42100000381469727,0.04479999840259552
YKR038C,YLR055C,0,-3.880127,0.4839080572128296,0.42100000381469727,0.04490000009536743
YJR057W,YOR106W,0,-3.8819656,0.4833524823188782,0.42100000381469727,0.04500000178813934
YDR113C,YLR086W,1,-3.8844938,0.48394495248794556,0.421999990940094,0.04500000178813934
YKL179C,YHR079C-A,0,-3.8866196,0.48339059948921204,0.421999990940094,0.045099999755620956
YBR038W,YFR034C,0,-3.8873508,0.4828375279903412,0.421999990940094,0.04520000144839287
YNL245C,YJL125C,0,-3.887913,0.4822857081890106,0.421999990940094,0.04529999941587448
YGR275W,YLR321C,1,-3.888702,0.482876718044281,0.4230000078678131,0.04529999941587448
YDL192W,YDR235W,0,-3.8902757,0.48232612013816833,0.4230000078678131,0.04540000110864639
YLR381W,YOL006C,1,-3.8908403,0.4829157292842865,0.42399999499320984,0.04540000110864639
YMR042W,YKL173W,0,-3.891056,0.48236632347106934,0.42399999499320984,0.045499999076128006
YOL146W,YOR279C,0,-3.891413,0.48181816935539246,0.42399999499320984,0.04560000076889992
YBR211C,YPL253C,1,-3.8915122,0.482406347990036,0.42500001192092896,0.04560000076889992
YGL063W,YFR005C,0,-3.8932793,0.481859415769577,0.42500001192092896,0.04569999873638153
YMR069W,YMR247C,0,-3.8940747,0.48131370544433594,0.42500001192092896,0.04580000042915344
YPL192C,YNL332W,0,-3.8941815,0.48076921701431274,0.42500001192092896,0.045899998396635056
YHR187W,YNL107W,0,-3.894233,0.48022598028182983,0.42500001192092896,0.04600000008940697
YJR083C,YLR329W,0,-3.8961792,0.4796839654445648,0.42500001192092896,0.04610000178217888
YBR211C,YML034W,1,-3.8964484,0.4802705645561218,0.4259999990463257,0.04610000178217888
YIR010W,YDR439W,1,-3.8967166,0.4808558523654938,0.4269999861717224,0.04610000178217888
YHR166C,YJR112W,1,-3.89704,0.48143982887268066,0.42800000309944153,0.04610000178217888
YHR164C,YDR183W,0,-3.8973956,0.4808988869190216,0.42800000309944153,0.04619999974966049
YER007W,YCR042C,0,-3.8978283,0.48035913705825806,0.42800000309944153,0.046300001442432404
YGL033W,YHR079C,0,-3.898023,0.4798206388950348,0.42800000309944153,0.04639999940991402
YPR164W,YNL304W,0,-3.898052,0.47928330302238464,0.42800000309944153,0.04650000110268593
YJR068W,YOR073W,1,-3.903517,0.47986575961112976,0.42899999022483826,0.04650000110268593
YOR030W,YGL211W,0,-3.9049275,0.4793296158313751,0.42899999022483826,0.04659999907016754
YGL223C,YER041W,0,-3.9057481,0.4787946343421936,0.42899999022483826,0.04670000076293945
YOL104C,YGL066W,0,-3.9075189,0.47826087474823,0.42899999022483826,0.046799998730421066
YIL072W,YGL089C,0,-3.9080536,0.4777282774448395,0.42899999022483826,0.04690000042319298
YOR304W,YLR045C,0,-3.9080794,0.4771968722343445,0.42899999022483826,0.04699999839067459
YKR086W,YOR341W,0,-3.9081619,0.476666659116745,0.42899999022483826,0.0471000000834465
YAR018C,YJR068W,1,-3.9082258,0.4772475063800812,0.4300000071525574,0.0471000000834465
YOR249C,YFR031C,1,-3.9085152,0.4778270423412323,0.4309999942779541,0.0471000000834465
YFR027W,YLR086W,1,-3.9087903,0.47840532660484314,0.4320000112056732,0.0471000000834465
YBR110W,YDR126W,0,-3.9096494,0.47787609696388245,0.4320000112056732,0.047200001776218414
YNL059C,YPL129W,0,-3.910291,0.47734805941581726,0.4320000112056732,0.04729999974370003
YPR135W,YOR156C,1,-3.9125154,0.4779249429702759,0.43299999833106995,0.04729999974370003
YLR086W,YML034W,1,-3.9128036,0.4785005450248718,0.4339999854564667,0.04729999974370003
YDR488C,YPR178W,0,-3.9136584,0.4779735803604126,0.4339999854564667,0.04740000143647194
YGR140W,YPL233W,1,-3.9154844,0.4785478413105011,0.4350000023841858,0.04740000143647194
YFR031C,YIL144W,1,-3.9155095,0.4791208803653717,0.4359999895095825,0.04740000143647194
YOR388C,YMR101C,0,-3.9155357,0.47859495878219604,0.4359999895095825,0.04749999940395355
YJR068W,YAL047C,1,-3.9155447,0.4791666567325592,0.43700000643730164,0.04749999940395355
YDL008W,YMR048W,1,-3.915671,0.47973713278770447,0.43799999356269836,0.04749999940395355
YPR111W,YCL055W,0,-3.9164543,0.4792122542858124,0.43799999356269836,0.047600001096725464
YHR034C,YDR334W,0,-3.9169471,0.4786885380744934,0.43799999356269836,0.04769999906420708
YKL022C,YMR048W,1,-3.9183893,0.47925764322280884,0.4390000104904175,0.04769999906420708
YBR085W,YPL239W,0,-3.9209023,0.4787349998950958,0.4390000104904175,0.04780000075697899
YBR215W,YHR031C,0,-3.9214416,0.47821351885795593,0.4390000104904175,0.0478999987244606
YDL056W,YER151C,0,-3.922876,0.4776931405067444,0.4390000104904175,0.04800000041723251
YHL038C,YMR091C,0,-3.9238431,0.47717392444610596,0.4390000104904175,0.04809999838471413
YFR027W,YAR018C,1,-3.9249573,0.4777415990829468,0.4399999976158142,0.04809999838471413
YPL018W,YJR112W,1,-3.9255676,0.4783080220222473,0.4410000145435333,0.04809999838471413
YKL119C,YHR090C,0,-3.926139,0.47778981924057007,0.4410000145435333,0.04820000007748604
YKL134C,YGL058W,0,-3.9266825,0.47727271914482117,0.4410000145435333,0.04830000177025795
YNR010W,YNL290W,1,-3.9271898,0.47783783078193665,0.44200000166893005,0.04830000177025795
YMR078C,YJL080C,1,-3.929013,0.47840172052383423,0.4429999887943268,0.04830000177025795
YMR069W,YER070W,0,-3.929476,0.4778856635093689,0.4429999887943268,0.04839999973773956
YDR205W,YLR105C,0,-3.930073,0.4773706793785095,0.4429999887943268,0.048500001430511475
YMR287C,YOR191W,0,-3.9305296,0.4768568277359009,0.4429999887943268,0.04859999939799309
YGR216C,YNL253W,0,-3.9307785,0.4763440787792206,0.4429999887943268,0.048700001090765
YDL005C,YFR037C,0,-3.9315794,0.47583243250846863,0.4429999887943268,0.04879999905824661
YFL003C,YGL095C,0,-3.9320705,0.475321888923645,0.4429999887943268,0.048900000751018524
YBR167C,YOR313C,0,-3.9330428,0.47481241822242737,0.4429999887943268,0.04899999871850014
YNL225C,YHR091C,0,-3.934525,0.47430408000946045,0.4429999887943268,0.04910000041127205
YOR026W,YDR285W,0,-3.9361823,0.4737967848777771,0.4429999887943268,0.04919999837875366
YDL017W,YGR169C,0,-3.9413862,0.4732905924320221,0.4429999887943268,0.049300000071525574
YHR158C,YOR191W,0,-3.9424167,0.47278547286987305,0.4429999887943268,0.049400001764297485
YDR515W,YKL126W,0,-3.9431844,0.47228145599365234,0.4429999887943268,0.0494999997317791
YLR242C,YOR159C,0,-3.9435408,0.4717784821987152,0.4429999887943268,0.04960000142455101
YAR018C,YJL019W,1,-3.9445822,0.4723404347896576,0.4440000057220459,0.04960000142455101
YDR106W,YNR008W,0,-3.9449785,0.47183847427368164,0.4440000057220459,0.04969999939203262
YOR126C,YER065C,0,-3.9450572,0.47133758664131165,0.4440000057220459,0.049800001084804535
YPR046W,YIR025W,1,-3.9471934,0.4718981981277466,0.4449999928474426,0.049800001084804535
YDR425W,YHL022C,0,-3.9475915,0.4713982939720154,0.4449999928474426,0.04989999905228615
YMR234W,YMR067C,0,-3.9486606,0.47089946269989014,0.4449999928474426,0.05000000074505806
YPR131C,YOR018W,0,-3.9501998,0.47040170431137085,0.4449999928474426,0.05009999871253967
YMR075W,YDR002W,0,-3.953616,0.46990495920181274,0.4449999928474426,0.050200000405311584
YLR357W,YOR073W,1,-3.9555008,0.47046414017677307,0.44600000977516174,0.050200000405311584
YNL059C,YER157W,0,-3.9576492,0.46996837854385376,0.44600000977516174,0.0502999983727932
YOR249C,YAL047C,1,-3.9586642,0.4705263078212738,0.44699999690055847,0.0502999983727932
YPR111W,YBR171W,0,-3.9606643,0.4700315594673157,0.44699999690055847,0.05040000006556511
YOL094C,YDR325W,1,-3.9607348,0.47058823704719543,0.4480000138282776,0.05040000006556511
YGL094C,YBR093C,0,-3.960847,0.4700944423675537,0.4480000138282776,0.05050000175833702
YER133W,YAL047C,1,-3.9625032,0.4706498980522156,0.4490000009536743,0.05050000175833702
YKL049C,YKR054C,1,-3.9627125,0.4712041914463043,0.44999998807907104,0.05050000175833702
YDR254W,YIR025W,1,-3.9663146,0.47175732254981995,0.45100000500679016,0.05050000175833702
YOR367W,YDR285W,0,-3.9680967,0.4712643623352051,0.45100000500679016,0.050599999725818634
YGR231C,YGR006W,0,-3.9688492,0.4707724452018738,0.45100000500679016,0.050700001418590546
YHR023W,YGL070C,0,-3.969458,0.47028154134750366,0.45100000500679016,0.05079999938607216
YJL031C,YNL318C,0,-3.970053,0.4697916805744171,0.45100000500679016,0.05090000107884407
YHR183W,YPL036W,0,-3.9709048,0.46930280327796936,0.45100000500679016,0.050999999046325684
YDL245C,YLR298C,0,-3.9712477,0.4688149690628052,0.45100000500679016,0.051100000739097595
YML077W,YKR083C,0,-3.9714499,0.4683281481266022,0.45100000500679016,0.05119999870657921
YJR140C,YDR322C-A,0,-3.9744096,0.46784231066703796,0.45100000500679016,0.05130000039935112
YER155C,YOR253W,0,-3.9754338,0.4673575162887573,0.45100000500679016,0.05139999836683273
YFR036W,YFR046C,1,-3.975577,0.4679088890552521,0.4519999921321869,0.05139999836683273
YBL097W,YIR025W,1,-3.9760873,0.4684591591358185,0.453000009059906,0.05139999836683273
YGR169C,YIL173W,0,-3.97797,0.4679751992225647,0.453000009059906,0.051500000059604645
YNL290W,YDR409W,1,-3.9798398,0.4685242474079132,0.45399999618530273,0.051500000059604645
YOR301W,YDR126W,0,-3.9798577,0.46804124116897583,0.45399999618530273,0.051600001752376556
YPL137C,YAL047C,1,-3.9799066,0.46858909726142883,0.45500001311302185,0.051600001752376556
YAL026C,YGL016W,0,-3.9802704,0.4681069850921631,0.45500001311302185,0.05169999971985817
YIL173W,YEL002C,0,-3.9807417,0.4676258862018585,0.45500001311302185,0.05180000141263008
YNL004W,YLR045C,0,-3.9808474,0.46714580059051514,0.45500001311302185,0.051899999380111694
YDL220C,YHR164C,0,-3.9810562,0.46666666865348816,0.45500001311302185,0.052000001072883606
YLR035C,YOR295W,0,-3.9813054,0.4661885201931,0.45500001311302185,0.05209999904036522
YCR089W,YCL011C,0,-3.981992,0.4657113552093506,0.45500001311302185,0.05220000073313713
YOR368W,YFL033C,0,-3.9828503,0.46523517370224,0.45500001311302185,0.052299998700618744
YGR098C,YNL290W,1,-3.9838939,0.46578142046928406,0.4560000002384186,0.052299998700618744
YGR204W,YLR098C,0,-3.9841735,0.4653061330318451,0.4560000002384186,0.052400000393390656
YMR116C,YKR095W-A,0,-3.9844081,0.46483179926872253,0.4560000002384186,0.05249999836087227
YEL056W,YLR219W,0,-3.986399,0.46435844898223877,0.4560000002384186,0.05260000005364418
YNL156C,YBR080C,0,-3.9888637,0.4638860523700714,0.4560000002384186,0.05270000174641609
YGR225W,YFR021W,0,-3.9891124,0.46341463923454285,0.4560000002384186,0.052799999713897705
YMR163C,YLR032W,0,-3.9891565,0.4629441499710083,0.4560000002384186,0.05290000140666962
YDL074C,YLR368W,0,-3.9895563,0.46247464418411255,0.4560000002384186,0.05299999937415123
YKR054C,YIR025W,1,-3.989866,0.4630192518234253,0.4569999873638153,0.05299999937415123
YJR082C,YHR058C,0,-3.9900987,0.4625506103038788,0.4569999873638153,0.05310000106692314
YMR042W,YBR198C,0,-3.991535,0.4620829224586487,0.4569999873638153,0.053199999034404755
YKL022C,YFR046C,1,-3.991983,0.46262624859809875,0.4580000042915344,0.053199999034404755
YOL051W,YNR048W,0,-3.993054,0.4621594250202179,0.4580000042915344,0.053300000727176666
YBL002W,YJR022W,0,-3.9949827,0.46169355511665344,0.4580000042915344,0.05339999869465828
YJL186W,YML095C,0,-3.997209,0.461228609085083,0.4580000042915344,0.05350000038743019
YLR433C,YDR166C,0,-3.998038,0.4607645869255066,0.4580000042915344,0.053599998354911804
YDR423C,YNL236W,0,-3.998457,0.4603015184402466,0.4580000042915344,0.053700000047683716
YCR098C,YDR296W,0,-3.9988627,0.4598393440246582,0.4580000042915344,0.05380000174045563
YKL022C,YPL008W,1,-3.999454,0.4603811502456665,0.45899999141693115,0.05380000174045563
YJR140C,YML041C,0,-4.0014577,0.45991984009742737,0.45899999141693115,0.05389999970793724
YER106W,YOL115W,1,-4.0027843,0.46046045422554016,0.46000000834465027,0.05389999970793724
YOR349W,YBR216C,0,-4.0034337,0.46000000834465027,0.46000000834465027,0.05400000140070915
YDL005C,YNL312W,0,-4.0040708,0.459540456533432,0.46000000834465027,0.054099999368190765
YNL021W,YMR149W,0,-4.0044312,0.45908182859420776,0.46000000834465027,0.05420000106096268
YLR368W,YKL006C-A,0,-4.0053134,0.45862412452697754,0.46000000834465027,0.05429999902844429
YBR109C,YOR351C,0,-4.005438,0.45816734433174133,0.46000000834465027,0.0544000007212162
YAL026C,YJL128C,0,-4.0056124,0.45771142840385437,0.46000000834465027,0.054499998688697815
YOL135C,YCR067C,0,-4.0074716,0.4572564661502838,0.46000000834465027,0.05460000038146973
YHR081W,YDR323C,0,-4.007871,0.4568023979663849,0.46000000834465027,0.05469999834895134
YDR016C,YLL031C,0,-4.0091357,0.4563491940498352,0.46000000834465027,0.05480000004172325
YNR075W,YLR212C,0,-4.00952,0.45589691400527954,0.46000000834465027,0.05490000173449516
YGL201C,YDR379W,0,-4.0102944,0.4554455578327179,0.46000000834465027,0.054999999701976776
YIL110W,YPL192C,0,-4.011491,0.4549950659275055,0.46000000834465027,0.05510000139474869
YCL069W,YNL107W,0,-4.012003,0.4545454680919647,0.46000000834465027,0.0551999993622303
YLR433C,YIL095W,0,-4.0121827,0.4540967345237732,0.46000000834465027,0.05530000105500221
YER106W,YJL019W,1,-4.0158906,0.4546351134777069,0.460999995470047,0.05530000105500221
YHR166C,YDR409W,1,-4.0165014,0.45517241954803467,0.4620000123977661,0.05530000105500221
YDL113C,YNL210W,0,-4.0185766,0.45472440123558044,0.4620000123977661,0.055399999022483826
YJL006C,YAR002W,0,-4.0198793,0.45427727699279785,0.4620000123977661,0.05550000071525574
YJR153W,YDR164C,0,-4.0200777,0.4538310468196869,0.4620000123977661,0.05559999868273735
YPL181W,YML076C,0,-4.020111,0.45338568091392517,0.4620000123977661,0.05570000037550926
YBR023C,YDR072C,0,-4.020759,0.4529411792755127,0.4620000123977661,0.055799998342990875
YPR007C,YDR325W,1,-4.021786,0.45347699522972107,0.46299999952316284,0.055799998342990875
YPL055C,YLR141W,0,-4.0232387,0.4530332684516907,0.46299999952316284,0.05590000003576279
YOR058C,YOR191W,0,-4.023248,0.4525904059410095,0.46299999952316284,0.0560000017285347
YIR011C,YDR325W,1,-4.023513,0.453125,0.46399998664855957,0.0560000017285347
YPR141C,YJL019W,1,-4.023594,0.4536585509777069,0.4650000035762787,0.0560000017285347
YKR027W,YPR168W,0,-4.0253196,0.4532163739204407,0.4650000035762787,0.05609999969601631
YDR180W,YML085C,1,-4.0256686,0.45374879240989685,0.4659999907016754,0.05609999969601631
YDR437W,YNL167C,0,-4.0259004,0.4533073902130127,0.4659999907016754,0.05620000138878822
YOL009C,YKL129C,0,-4.0261774,0.4528668522834778,0.4659999907016754,0.056299999356269836
YFR051C,YNL026W,0,-4.030401,0.4524271786212921,0.4659999907016754,0.05640000104904175
YKL049C,YMR190C,1,-4.030676,0.45295828580856323,0.46700000762939453,0.05640000104904175
YIL044C,YCR066W,0,-4.0308776,0.45251938700675964,0.46700000762939453,0.05649999901652336
YKL154W,YKL041W,0,-4.0310454,0.4520813226699829,0.46700000762939453,0.05660000070929527
YNL106C,YGL158W,0,-4.03163,0.45164409279823303,0.46700000762939453,0.056699998676776886
YDR439W,YPR046W,1,-4.03168,0.4521739184856415,0.46799999475479126,0.056699998676776886
YMR032W,YHR200W,0,-4.0319204,0.4517374634742737,0.46799999475479126,0.0568000003695488
YFL009W,YKL165C,0,-4.0320067,0.45130184292793274,0.46799999475479126,0.05689999833703041
YJL101C,YEL056W,0,-4.0327153,0.45086705684661865,0.46799999475479126,0.05700000002980232
YOL017W,YKL173W,0,-4.0334682,0.4504331052303314,0.46799999475479126,0.057100001722574234
YLR115W,YJL039C,0,-4.033693,0.44999998807907104,0.46799999475479126,0.05719999969005585
YGR227W,YMR013C,0,-4.034584,0.4495677351951599,0.46799999475479126,0.05730000138282776
YER106W,YLR272C,1,-4.034874,0.4500959813594818,0.4690000116825104,0.05730000138282776
YCR037C,YPR055W,0,-4.035648,0.449664443731308,0.4690000116825104,0.05739999935030937
YJR089W,YHR191C,1,-4.0380845,0.45019155740737915,0.4699999988079071,0.05739999935030937
YAR014C,YBR250W,0,-4.0386972,0.449760764837265,0.4699999988079071,0.057500001043081284
YIR010W,YFL008W,1,-4.0392556,0.4502868056297302,0.47099998593330383,0.057500001043081284
YOR249C,YMR078C,1,-4.039391,0.45081183314323425,0.47200000286102295,0.057500001043081284
YHL006C,YLR369W,0,-4.0400095,0.45038166642189026,0.47200000286102295,0.0575999990105629
YML048W,YBR223C,0,-4.0401354,0.4499523341655731,0.47200000286102295,0.05770000070333481
YDR392W,YBR216C,0,-4.0416102,0.44952380657196045,0.47200000286102295,0.05779999867081642
YDR251W,YGL115W,0,-4.042191,0.44909611344337463,0.47200000286102295,0.05790000036358833
YNR010W,YJR135C,1,-4.042556,0.44961977005004883,0.4729999899864197,0.05790000036358833
YAL047C,YML085C,1,-4.0426073,0.45014244318008423,0.4740000069141388,0.05790000036358833
YFL017W-A,YPL129W,0,-4.043162,0.44971537590026855,0.4740000069141388,0.057999998331069946
YPR134W,YMR267W,0,-4.044039,0.44928911328315735,0.4740000069141388,0.05810000002384186
YDR030C,YOR129C,0,-4.0450044,0.4488636255264282,0.4740000069141388,0.05820000171661377
YHR150W,YGR004W,0,-4.047003,0.44843897223472595,0.4740000069141388,0.05829999968409538
YMR067C,YGR020C,0,-4.0474463,0.44801512360572815,0.4740000069141388,0.058400001376867294
YIR019C,YGR104C,0,-4.047838,0.4475920796394348,0.4740000069141388,0.05849999934434891
YOR156C,YDR113C,1,-4.048131,0.44811320304870605,0.4749999940395355,0.05849999934434891
YBR111W-A,YDR135C,0,-4.0487485,0.44769084453582764,0.4749999940395355,0.05860000103712082
YHR023W,YMR214W,0,-4.0503707,0.4472692906856537,0.4749999940395355,0.05869999900460243
YBR217W,YFR052W,0,-4.0514565,0.4468485414981842,0.4749999940395355,0.058800000697374344
YAR018C,YBR156C,1,-4.05195,0.44736841320991516,0.47600001096725464,0.058800000697374344
YDL005C,YOR254C,0,-4.052786,0.4469483494758606,0.47600001096725464,0.05889999866485596
YPL202C,YDR473C,0,-4.053212,0.4465290904045105,0.47600001096725464,0.05900000035762787
YCL061C,YPL138C,0,-4.0532866,0.4461105763912201,0.47600001096725464,0.05909999832510948
YDR363W,YDR126W,0,-4.0543222,0.44569289684295654,0.47600001096725464,0.05920000001788139
YDR221W,YDR255C,0,-4.054797,0.4452759623527527,0.47600001096725464,0.059300001710653305
YNL161W,YOR326W,0,-4.055289,0.4448598027229309,0.47600001096725464,0.05939999967813492
YFR036W,YGL240W,1,-4.056256,0.4453781545162201,0.47699999809265137,0.05939999967813492
YDR052C,YDR201W,0,-4.0566635,0.44496268033981323,0.47699999809265137,0.05950000137090683
YGL222C,YPL193W,0,-4.058627,0.44454801082611084,0.47699999809265137,0.05959999933838844
YLR399C,YLR262C,0,-4.0591664,0.44413408637046814,0.47699999809265137,0.059700001031160355
YMR042W,YMR036C,0,-4.0604477,0.4437209367752075,0.47699999809265137,0.05979999899864197
YPL233W,YPR007C,1,-4.0622554,0.44423791766166687,0.4779999852180481,0.05979999899864197
YDR423C,YBR081C,0,-4.062263,0.44382545351982117,0.4779999852180481,0.05990000069141388
YBR211C,YLR272C,1,-4.0622783,0.44434136152267456,0.4790000021457672,0.05990000069141388
YDL028C,YOR018W,0,-4.062559,0.4439295530319214,0.4790000021457672,0.05999999865889549
YPR070W,YGR264C,0,-4.063822,0.4435185194015503,0.4790000021457672,0.060100000351667404
YHR026W,YCL063W,0,-4.063921,0.4431082308292389,0.4790000021457672,0.06019999831914902
YBL009W,YBR164C,0,-4.0645714,0.44269871711730957,0.4790000021457672,0.06030000001192093
YBR200W,YFR034C,0,-4.0659842,0.44228994846343994,0.4790000021457672,0.06040000170469284
YMR055C,YIL112W,0,-4.0660486,0.44188192486763,0.4790000021457672,0.060499999672174454
YHR191C,YOR156C,1,-4.0669346,0.4423963129520416,0.47999998927116394,0.060499999672174454
YJR053W,YOR295W,0,-4.0669923,0.4419889450073242,0.47999998927116394,0.060600001364946365
YAL031C,YDR113C,1,-4.06731,0.44250229001045227,0.48100000619888306,0.060600001364946365
YPL217C,YMR207C,0,-4.0680547,0.4420955777168274,0.48100000619888306,0.06069999933242798
YJR090C,YOL135C,0,-4.0688605,0.4416896104812622,0.48100000619888306,0.06080000102519989
YAL007C,YML127W,0,-4.069158,0.4412844181060791,0.48100000619888306,0.0608999989926815
YHR124W,YOR127W,0,-4.070084,0.4408799409866333,0.48100000619888306,0.061000000685453415
YIL128W,YDR057W,0,-4.0710783,0.4404761791229248,0.48100000619888306,0.06109999865293503
YNL084C,YGL241W,0,-4.0733905,0.4400731921195984,0.48100000619888306,0.06120000034570694
YBR231C,YGR005C,0,-4.073409,0.4396709203720093,0.48100000619888306,0.06129999831318855
YGL116W,YFR031C,1,-4.076116,0.4401826560497284,0.4819999933242798,0.06129999831318855
YBR065C,YMR153W,0,-4.076303,0.4397810101509094,0.4819999933242798,0.061400000005960464
YNL088W,YDR532C,0,-4.076518,0.43938013911247253,0.4819999933242798,0.061500001698732376
YNR072W,YFL005W,0,-4.076705,0.43897995352745056,0.4819999933242798,0.06159999966621399
YBR274W,YDR515W,0,-4.0772157,0.4385805130004883,0.4819999933242798,0.0617000013589859
YGR227W,YPL175W,0,-4.077867,0.4381818175315857,0.4819999933242798,0.061799999326467514
YMR263W,YBR165W,0,-4.078023,0.4377838373184204,0.4819999933242798,0.061900001019239426
YNL225C,YOR119C,0,-4.0790567,0.43738657236099243,0.4819999933242798,0.06199999898672104
YNL325C,YFL003C,0,-4.080466,0.43699002265930176,0.4819999933242798,0.06210000067949295
YBR296C,YDR470C,0,-4.080754,0.4365941882133484,0.4819999933242798,0.062199998646974564
YER173W,YPL153C,0,-4.081728,0.4361990988254547,0.4819999933242798,0.062300000339746475
YNL245C,YDR164C,0,-4.0861173,0.43580469489097595,0.4819999933242798,0.06239999830722809
YGR177C,YLR277C,0,-4.0867686,0.4354110062122345,0.4819999933242798,0.0625
YNL223W,YNL025C,0,-4.086899,0.43501806259155273,0.4819999933242798,0.06260000169277191
YIR023W,YDR495C,0,-4.087078,0.4346257746219635,0.4819999933242798,0.06270000338554382
YGL116W,YLR357W,1,-4.0878167,0.4351351261138916,0.4830000102519989,0.06270000338554382
YPR135W,YJL019W,1,-4.09109,0.4356435537338257,0.48399999737739563,0.06270000338554382
YBR038W,YDR419W,0,-4.0916386,0.43525180220603943,0.48399999737739563,0.06279999762773514
YGL254W,YMR101C,0,-4.092224,0.4348607361316681,0.48399999737739563,0.06289999932050705
YHL019C,YLR313C,0,-4.0925083,0.43447038531303406,0.48399999737739563,0.06300000101327896
YOR266W,YNL253W,0,-4.092861,0.43408071994781494,0.48399999737739563,0.06310000270605087
YCL029C,YNL041C,0,-4.096158,0.43369176983833313,0.48399999737739563,0.06319999694824219
YOL156W,YDR082W,0,-4.097032,0.43330350518226624,0.48399999737739563,0.0632999986410141
YIL112W,YDR460W,0,-4.0980635,0.43291592597961426,0.48399999737739563,0.06340000033378601
YNR058W,YHR165C,0,-4.0982733,0.4325290322303772,0.48399999737739563,0.06350000202655792
YBR236C,YDR407C,0,-4.1014295,0.43214285373687744,0.48399999737739563,0.06360000371932983
YKR101W,YDL159W,0,-4.1018386,0.4317573606967926,0.48399999737739563,0.06369999796152115
YKL022C,YIR010W,1,-4.1027894,0.4322638213634491,0.48500001430511475,0.06369999796152115
YPR168W,YGR074W,0,-4.102913,0.4318788945674896,0.48500001430511475,0.06379999965429306
YOL034W,YDR477W,0,-4.1034565,0.43149465322494507,0.48500001430511475,0.06390000134706497
YBL026W,YGR171C,0,-4.105002,0.43111109733581543,0.48500001430511475,0.06400000303983688
YAR018C,YMR190C,1,-4.105277,0.43161633610725403,0.4860000014305115,0.06400000303983688
YBR211C,YLR086W,1,-4.1053786,0.432120680809021,0.4869999885559082,0.06400000303983688
YLR131C,YOL049W,0,-4.1058064,0.43173760175704956,0.4869999885559082,0.0640999972820282
YNL250W,YDR515W,0,-4.106167,0.43135517835617065,0.4869999885559082,0.06419999897480011
YJL186W,YCR052W,0,-4.106357,0.43097344040870667,0.4869999885559082,0.06430000066757202
YDR409W,YFR031C,1,-4.1066637,0.43147656321525574,0.4880000054836273,0.06430000066757202
YLR102C,YPL233W,1,-4.1068892,0.4319787919521332,0.48899999260902405,0.06430000066757202
YJL041W,YPL045W,0,-4.107991,0.4315975308418274,0.48899999260902405,0.06440000236034393
YLR022C,YNL107W,0,-4.108462,0.43121692538261414,0.48899999260902405,0.06449999660253525
YMR048W,YKR054C,1,-4.1085396,0.43171805143356323,0.49000000953674316,0.06449999660253525
YPR201W,YLR316C,0,-4.108668,0.43133804202079773,0.49000000953674316,0.06459999829530716
YFL060C,YDR400W,0,-4.10889,0.43095865845680237,0.49000000953674316,0.06469999998807907
YJR057W,YML055W,0,-4.1094,0.4305799603462219,0.49000000953674316,0.06480000168085098
YDR138W,YGR276C,0,-4.11152,0.430201917886734,0.49000000953674316,0.0649000033736229
YBR156C,YHR014W,1,-4.1119814,0.43070176243782043,0.4909999966621399,0.0649000033736229
YPL202C,YNL225C,0,-4.112235,0.4303242862224579,0.4909999966621399,0.06499999761581421
YAL031C,YFR031C,1,-4.112904,0.43082311749458313,0.492000013589859,0.06499999761581421
YOR142W,YJL013C,0,-4.113284,0.43044620752334595,0.492000013589859,0.06509999930858612
YFR027W,YPL233W,1,-4.113432,0.4309440553188324,0.49300000071525574,0.06509999930858612
YNL210W,YDL230W,0,-4.113842,0.4305676817893982,0.49300000071525574,0.06520000100135803
YBR211C,YOR073W,1,-4.114372,0.43106457591056824,0.49399998784065247,0.06520000100135803
YKL022C,YPL233W,1,-4.1148367,0.43156060576438904,0.4950000047683716,0.06520000100135803
YJR068W,YOL094C,1,-4.117057,0.4320557415485382,0.4959999918937683,0.06520000100135803
YBL097W,YFR027W,1,-4.1172256,0.4325500428676605,0.4970000088214874,0.06520000100135803
YGL180W,YBR080C,0,-4.1172304,0.4321739077568054,0.4970000088214874,0.06530000269412994
YPR162C,YDR244W,0,-4.1176033,0.43179842829704285,0.4970000088214874,0.06539999693632126
YNL041C,YDL207W,0,-4.118071,0.4314236044883728,0.4970000088214874,0.06549999862909317
YNL004W,YPL133C,0,-4.1188526,0.4310494363307953,0.4970000088214874,0.06560000032186508
YLR084C,YHR056C,0,-4.120312,0.4306759238243103,0.4970000088214874,0.065700002014637
YPR141C,YDR409W,1,-4.1203637,0.4311688244342804,0.49799999594688416,0.065700002014637
YGL201C,YPL128C,0,-4.1222343,0.4307958483695984,0.49799999594688416,0.0658000037074089
YGL206C,YGL222C,0,-4.1226797,0.4304234981536865,0.49799999594688416,0.06589999794960022
YJR017C,YBR037C,0,-4.125151,0.4300518035888672,0.49799999594688416,0.06599999964237213
YEL061C,YML124C,1,-4.1255193,0.43054357171058655,0.49900001287460327,0.06599999964237213
YLR115W,YER001W,0,-4.1262026,0.4301724135875702,0.49900001287460327,0.06610000133514404
YGL240W,YJR112W,1,-4.126233,0.43066322803497314,0.5,0.06610000133514404
YGL180W,YNL236W,0,-4.1267934,0.43029260635375977,0.5,0.06620000302791595
YDL044C,YFR048W,0,-4.1268373,0.42992261052131653,0.5,0.06629999727010727
YLR427W,YFR034C,0,-4.126979,0.4295532703399658,0.5,0.06639999896287918
YDR437W,YOL135C,0,-4.127218,0.42918455600738525,0.5,0.06650000065565109
YKL146W,YEL004W,0,-4.127647,0.42881646752357483,0.5,0.066600002348423
YNL290W,YML034W,1,-4.127764,0.42930591106414795,0.5009999871253967,0.066600002348423
YDR113C,YIR011C,1,-4.128043,0.4297945201396942,0.5019999742507935,0.066600002348423
YOL117W,YLR385C,0,-4.1285963,0.4294268488883972,0.5019999742507935,0.06669999659061432
YLL060C,YJL145W,0,-4.129026,0.42905983328819275,0.5019999742507935,0.06679999828338623
YLR095C,YOR216C,0,-4.1291156,0.42869341373443604,0.5019999742507935,0.06689999997615814
YOR388C,YMR080C,0,-4.129339,0.42832764983177185,0.5019999742507935,0.06700000166893005
YDR126W,YEL004W,0,-4.1311436,0.4279624819755554,0.5019999742507935,0.06710000336170197
YKR082W,YOR129C,0,-4.131323,0.4275979697704315,0.5019999742507935,0.06719999760389328
YNL042W,YPL232W,0,-4.1319194,0.42723405361175537,0.5019999742507935,0.06729999929666519
YPL096C-A,YER116C,0,-4.1322317,0.426870733499527,0.5019999742507935,0.0674000009894371
YKL135C,YKR095W,0,-4.1325283,0.4265080690383911,0.5019999742507935,0.06750000268220901
YDR392W,YIL008W,0,-4.132538,0.426146000623703,0.5019999742507935,0.06759999692440033
YNL222W,YJR019C,0,-4.132662,0.42578455805778503,0.5019999742507935,0.06769999861717224
YDL220C,YNL291C,0,-4.1327724,0.4254237413406372,0.5019999742507935,0.06780000030994415
YLR318W,YMR067C,0,-4.134646,0.42506349086761475,0.5019999742507935,0.06790000200271606
YLR330W,YKL042W,0,-4.1356983,0.4247038960456848,0.5019999742507935,0.06800000369548798
YNL082W,YML049C,0,-4.1359468,0.42434489727020264,0.5019999742507935,0.06809999793767929
YGR113W,YDR463W,0,-4.1361995,0.4239864945411682,0.5019999742507935,0.0681999996304512
YJR089W,YML085C,1,-4.1379633,0.4244725704193115,0.503000020980835,0.0681999996304512
YOR279C,YML097C,0,-4.1380076,0.4241146743297577,0.503000020980835,0.06830000132322311
YCL016C,YMR117C,1,-4.1388297,0.424599826335907,0.5040000081062317,0.06830000132322311
YER032W,YKL055C,0,-4.1390657,0.42424243688583374,0.5040000081062317,0.06840000301599503
YPL133C,YMR013C,0,-4.139083,0.42388561367988586,0.5040000081062317,0.06849999725818634
YER040W,YDL087C,0,-4.139284,0.42352941632270813,0.5040000081062317,0.06859999895095825
YHR187W,YML021C,0,-4.139628,0.42317381501197815,0.5040000081062317,0.06870000064373016
YKL152C,YGL243W,0,-4.140776,0.42281877994537354,0.5040000081062317,0.06880000233650208
YBL020W,YNL222W,0,-4.141136,0.42246437072753906,0.5040000081062317,0.06889999657869339
YJR112W,YHR014W,1,-4.1419587,0.42294806241989136,0.5049999952316284,0.06889999657869339
YPL040C,YLR383W,0,-4.1425714,0.4225941300392151,0.5049999952316284,0.0689999982714653
YDR323C,YBR167C,0,-4.1429367,0.4222407937049866,0.5049999952316284,0.06909999996423721
YOR168W,YLR383W,0,-4.1431913,0.4218880534172058,0.5049999952316284,0.06920000165700912
YCL051W,YCR027C,0,-4.1435127,0.4215358793735504,0.5049999952316284,0.06930000334978104
YLR291C,YDL087C,0,-4.1437254,0.42118433117866516,0.5049999952316284,0.06939999759197235
YOR094W,YDR240C,0,-4.144107,0.4208333194255829,0.5049999952316284,0.06949999928474426
YPL244C,YGL225W,0,-4.144475,0.42048293352127075,0.5049999952316284,0.06960000097751617
YCL016C,YML085C,1,-4.1446705,0.4209650456905365,0.5059999823570251,0.06960000097751617
YPL082C,YOR119C,0,-4.144839,0.42061513662338257,0.5059999823570251,0.06970000267028809
YDR116C,YCR081W,0,-4.145758,0.420265793800354,0.5059999823570251,0.0697999969124794
YEL015W,YHR077C,0,-4.145913,0.4199170172214508,0.5059999823570251,0.06989999860525131
YIL095W,YOR057W,0,-4.146496,0.41956883668899536,0.5059999823570251,0.07000000029802322
YOR346W,YFR040W,0,-4.146798,0.4192212224006653,0.5059999823570251,0.07010000199079514
YIL075C,YCL069W,0,-4.1469297,0.41887417435646057,0.5059999823570251,0.07020000368356705
YBL084C,YLR321C,1,-4.147724,0.4193548262119293,0.5070000290870667,0.07020000368356705
YLR086W,YIR011C,1,-4.1477475,0.419834703207016,0.5080000162124634,0.07020000368356705
YJL194W,YCL066W,0,-4.1482234,0.41948801279067993,0.5080000162124634,0.07029999792575836
YCR086W,YLR381W,1,-4.148552,0.41996699571609497,0.5090000033378601,0.07029999792575836
YNL049C,YDL159W,0,-4.1503158,0.4196207821369171,0.5090000033378601,0.07039999961853027
YGL065C,YGL223C,0,-4.150527,0.4192751348018646,0.5090000033378601,0.07050000131130219
YFR031C,YHR014W,1,-4.151183,0.4197530746459961,0.5099999904632568,0.07050000131130219
YHR166C,YGL240W,1,-4.152144,0.42023026943206787,0.5109999775886536,0.07050000131130219
YMR197C,YNL304W,0,-4.1531806,0.41988494992256165,0.5109999775886536,0.0706000030040741
YJL106W,YMR127C,0,-4.1539335,0.4195402264595032,0.5109999775886536,0.07069999724626541
YJL203W,YHL007C,0,-4.1543045,0.41919606924057007,0.5109999775886536,0.07079999893903732
YER133W,YPR141C,1,-4.155548,0.4196721315383911,0.5120000243186951,0.07079999893903732
YNL166C,YNL318C,0,-4.1558614,0.4193284213542938,0.5120000243186951,0.07090000063180923
YLR427W,YOR362C,0,-4.157745,0.4189852774143219,0.5120000243186951,0.07100000232458115
YNL298W,YJR140C,0,-4.1582785,0.41864266991615295,0.5120000243186951,0.07109999656677246
YBR188C,YHR038W,0,-4.1599464,0.41830065846443176,0.5120000243186951,0.07119999825954437
YNL129W,YBR002C,0,-4.1610756,0.41795918345451355,0.5120000243186951,0.07129999995231628
YOR011W,YDR191W,0,-4.163038,0.4176182746887207,0.5120000243186951,0.0714000016450882
YDL209C,YPL213W,0,-4.163846,0.41727790236473083,0.5120000243186951,0.07150000333786011
YBL103C,YHL022C,0,-4.1638756,0.41693809628486633,0.5120000243186951,0.07159999758005142
YFR046C,YIR010W,1,-4.16394,0.41741251945495605,0.5130000114440918,0.07159999758005142
YGL241W,YLR007W,0,-4.166078,0.41707316040992737,0.5130000114440918,0.07169999927282333
YDR137W,YOR195W,0,-4.166123,0.41673436760902405,0.5130000114440918,0.07180000096559525
YGL113W,YNL126W,0,-4.1666327,0.4163961112499237,0.5130000114440918,0.07190000265836716
YOL078W,YML031W,0,-4.167067,0.41605839133262634,0.5130000114440918,0.07199999690055847
YCL016C,YKR054C,1,-4.167262,0.41653159260749817,0.5139999985694885,0.07199999690055847
YJR060W,YFR027W,1,-4.1679993,0.4170040488243103,0.5149999856948853,0.07199999690055847
YBR109C,YLR032W,0,-4.1681585,0.4166666567325592,0.5149999856948853,0.07209999859333038
YJL024C,YDR310C,0,-4.1691093,0.41632983088493347,0.5149999856948853,0.0722000002861023
YIL115C,YNL128W,0,-4.1700263,0.4159935414791107,0.5149999856948853,0.0723000019788742
YBR211C,YKL022C,1,-4.170114,0.4164648950099945,0.515999972820282,0.0723000019788742
YBR168W,YPL232W,0,-4.171124,0.4161290228366852,0.515999972820282,0.07240000367164612
YFR047C,YKL203C,0,-4.171221,0.4157937169075012,0.515999972820282,0.07249999791383743
YKR037C,YBR231C,0,-4.1714287,0.41545894742012024,0.515999972820282,0.07259999960660934
YML059C,YHL022C,0,-4.1724467,0.41512468457221985,0.515999972820282,0.07270000129938126
YOR388C,YDR162C,0,-4.1724653,0.4147909879684448,0.515999972820282,0.07280000299215317
YNL236W,YDR470C,0,-4.1727953,0.4144578278064728,0.515999972820282,0.07289999723434448
YMR227C,YPL045W,0,-4.1732354,0.4141252040863037,0.515999972820282,0.0729999989271164
YJL214W,YGR033C,0,-4.174559,0.4137931168079376,0.515999972820282,0.0731000006198883
YPL069C,YGR202C,0,-4.1754575,0.4134615361690521,0.515999972820282,0.07320000231266022
YKL005C,YML058W,0,-4.177165,0.4131304919719696,0.515999972820282,0.07329999655485153
YGR098C,YIR025W,1,-4.1772,0.41359999775886536,0.5170000195503235,0.07329999655485153
YOR349W,YJR110W,0,-4.177784,0.41326937079429626,0.5170000195503235,0.07339999824762344
YOL043C,YDR166C,0,-4.178123,0.41293931007385254,0.5170000195503235,0.07349999994039536
YNL021W,YOR288C,0,-4.178639,0.412609726190567,0.5170000195503235,0.07360000163316727
YOL094C,YAL047C,1,-4.178711,0.4130781590938568,0.5180000066757202,0.07360000163316727
YML012W,YPL007C,0,-4.1798706,0.4127489924430847,0.5180000066757202,0.07370000332593918
YFL017W-A,YER022W,0,-4.180873,0.412420392036438,0.5180000066757202,0.0737999975681305
YKR054C,YFR027W,1,-4.181361,0.412887841463089,0.5189999938011169,0.0737999975681305
YBL105C,YBR228W,0,-4.183333,0.4125596284866333,0.5189999938011169,0.0738999992609024
YEL019C,YDR078C,0,-4.184665,0.4122319221496582,0.5189999938011169,0.07400000095367432
YPL097W,YMR101C,0,-4.18491,0.4119047522544861,0.5189999938011169,0.07410000264644623
YDR334W,YER100W,0,-4.185339,0.41157811880111694,0.5189999938011169,0.07419999688863754
YLR078C,YPL132W,0,-4.185715,0.4112519919872284,0.5189999938011169,0.07429999858140945
YDL226C,YPL011C,0,-4.1865697,0.41092637181282043,0.5189999938011169,0.07440000027418137
YGL222C,YER032W,0,-4.1867023,0.41060125827789307,0.5189999938011169,0.07450000196695328
YNL210W,YFL002C,0,-4.1872134,0.4102766811847687,0.5189999938011169,0.07460000365972519
YBR278W,YPR134W,0,-4.187336,0.4099526107311249,0.5189999938011169,0.0746999979019165
YDR318W,YOL094C,1,-4.18876,0.410418301820755,0.5199999809265137,0.0746999979019165
YML061C,YLR139C,0,-4.188907,0.41009464859962463,0.5199999809265137,0.07479999959468842
YPL187W,YOR368W,0,-4.189425,0.40977147221565247,0.5199999809265137,0.07490000128746033
YKL114C,YCL055W,0,-4.189475,0.4094488322734833,0.5199999809265137,0.07500000298023224
YHR059W,YGR170W,0,-4.190149,0.4091266691684723,0.5199999809265137,0.07509999722242355
YPR111W,YNL003C,0,-4.191289,0.4088050425052643,0.5199999809265137,0.07519999891519547
YBR250W,YOL055C,0,-4.192034,0.4084838926792145,0.5199999809265137,0.07530000060796738
YLR357W,YLR321C,1,-4.1933455,0.4089481830596924,0.5210000276565552,0.07530000060796738
YKR054C,YPL253C,1,-4.1935954,0.409411758184433,0.5220000147819519,0.07530000060796738
YPR134W,YCR073W-A,0,-4.1937118,0.40909090638160706,0.5220000147819519,0.07540000230073929
YHR091C,YOR018W,0,-4.1938195,0.4087705612182617,0.5220000147819519,0.0754999965429306
YLR153C,YIL173W,0,-4.196735,0.4084506928920746,0.5220000147819519,0.07559999823570251
YMR164C,YNL154C,0,-4.1971135,0.40813136100769043,0.5220000147819519,0.07569999992847443
YLL060C,YOR351C,0,-4.1972404,0.4078125059604645,0.5220000147819519,0.07580000162124634
YMR036C,YDR419W,0,-4.1972775,0.4074941575527191,0.5220000147819519,0.07590000331401825
YMR055C,YHR070W,0,-4.1973314,0.40717628598213196,0.5220000147819519,0.07599999755620956
YLR318W,YCR026C,0,-4.1978335,0.4068589210510254,0.5220000147819519,0.07609999924898148
YMR036C,YGL011C,0,-4.199781,0.4065420627593994,0.5220000147819519,0.07620000094175339
YGR098C,YPL204W,1,-4.200765,0.40700387954711914,0.5230000019073486,0.07620000094175339
YJL089W,YKL108W,0,-4.200853,0.4066874086856842,0.5230000019073486,0.0763000026345253
YGL145W,YNL229C,0,-4.2013335,0.40637141466140747,0.5230000019073486,0.07639999687671661
YFL025C,YBL008W,0,-4.201383,0.40605589747428894,0.5230000019073486,0.07649999856948853
YJL092W,YNL264C,0,-4.201566,0.405740886926651,0.5230000019073486,0.07660000026226044
YBR205W,YMR224C,0,-4.2018642,0.40542635321617126,0.5230000019073486,0.07670000195503235
YOR257W,YDR314C,0,-4.201987,0.4051123261451721,0.5230000019073486,0.07680000364780426
YEL061C,YBR156C,1,-4.2025394,0.4055727422237396,0.5239999890327454,0.07680000364780426
YJL003W,YKR029C,0,-4.202978,0.40525907278060913,0.5239999890327454,0.07689999788999557
YDL087C,YER116C,0,-4.2032466,0.40494590997695923,0.5239999890327454,0.07699999958276749
YDR446W,YDL161W,0,-4.203907,0.40463319420814514,0.5239999890327454,0.0771000012755394
YFR036W,YOR156C,1,-4.2040153,0.40509259700775146,0.5249999761581421,0.0771000012755394
YPL110C,YKL020C,0,-4.2041903,0.4047802686691284,0.5249999761581421,0.07720000296831131
YML104C,YCR027C,0,-4.204585,0.4044684171676636,0.5249999761581421,0.07729999721050262
YBL026W,YDR076W,0,-4.204655,0.40415704250335693,0.5249999761581421,0.07739999890327454
YBR211C,YFR027W,1,-4.2048287,0.4046153724193573,0.5260000228881836,0.07739999890327454
YJR083C,YMR164C,0,-4.2077847,0.4043043851852417,0.5260000228881836,0.07750000059604645
YDR221W,YGL168W,0,-4.207819,0.4039938449859619,0.5260000228881836,0.07760000228881836
YFR031C,YAL047C,1,-4.209082,0.40445128083229065,0.5270000100135803,0.07760000228881836
YOR191W,YOR172W,0,-4.209445,0.4041410982608795,0.5270000100135803,0.07769999653100967
YCR065W,YGL241W,0,-4.210768,0.403831422328949,0.5270000100135803,0.07779999822378159
YNL318C,YPL063W,0,-4.2111497,0.40352219343185425,0.5270000100135803,0.0778999999165535
YGR276C,YML109W,0,-4.2111883,0.4032134711742401,0.5270000100135803,0.07800000160932541
YMR277W,YPR179C,0,-4.2123303,0.4029051959514618,0.5270000100135803,0.07810000330209732
YBR186W,YCL043C,0,-4.213143,0.4025973975658417,0.5270000100135803,0.07819999754428864
YNL318C,YGR288W,0,-4.2136397,0.40229007601737976,0.5270000100135803,0.07829999923706055
YJR153W,YBL106C,0,-4.214108,0.40198323130607605,0.5270000100135803,0.07840000092983246
YLR418C,YDR311W,0,-4.2141595,0.40167683362960815,0.5270000100135803,0.07850000262260437
YPR171W,YKR089C,0,-4.2142715,0.40137091279029846,0.5270000100135803,0.07859999686479568
YGR057C,YOR172W,0,-4.214844,0.4010654389858246,0.5270000100135803,0.0786999985575676
YGR140W,YOR156C,1,-4.2153206,0.40152090787887573,0.527999997138977,0.0786999985575676
YJR112W,YGR275W,1,-4.217168,0.40197569131851196,0.5289999842643738,0.0786999985575676
YKR035W-A,YML097C,0,-4.21779,0.4016704559326172,0.5289999842643738,0.07880000025033951
YML095C,YMR095C,0,-4.217927,0.4013656973838806,0.5289999842643738,0.07890000194311142
YDR404C,YKL051W,0,-4.2186856,0.40106141567230225,0.5289999842643738,0.07900000363588333
YFR036W,YIL144W,1,-4.2190676,0.4015151560306549,0.5299999713897705,0.07900000363588333
YDR096W,YIL173W,0,-4.2191296,0.4012112021446228,0.5299999713897705,0.07909999787807465
YMR207C,YDR478W,0,-4.2191515,0.4009077250957489,0.5299999713897705,0.07919999957084656
YER038C,YKR053C,0,-4.2239623,0.4006046950817108,0.5299999713897705,0.07930000126361847
YLR381W,YLR357W,1,-4.2241774,0.4010573923587799,0.531000018119812,0.07930000126361847
YNR026C,YIL173W,0,-4.22423,0.4007547199726105,0.531000018119812,0.07940000295639038
YJL072C,YNL206C,0,-4.2248826,0.40045249462127686,0.531000018119812,0.0794999971985817
YML061C,YJR052W,0,-4.225118,0.40015071630477905,0.531000018119812,0.07959999889135361
YNL021W,YOL020W,0,-4.2255273,0.39984938502311707,0.531000018119812,0.07970000058412552
YML023C,YKL108W,0,-4.2258153,0.3995485305786133,0.531000018119812,0.07980000227689743
YBR042C,YMR032W,0,-4.2259717,0.3992481231689453,0.531000018119812,0.07989999651908875
YLR102C,YJR089W,1,-4.2264028,0.39969947934150696,0.5320000052452087,0.07989999651908875
YPR001W,YMR225C,0,-4.226478,0.39939939975738525,0.5320000052452087,0.07999999821186066
YGL247W,YGL066W,0,-4.226584,0.39909976720809937,0.5320000052452087,0.08009999990463257
YFR036W,YML085C,1,-4.2270455,0.3995502293109894,0.5329999923706055,0.08009999990463257
YMR247C,YNL304W,0,-4.2271714,0.39925092458724976,0.5329999923706055,0.08020000159740448
YFR027W,YIR011C,1,-4.228635,0.3997006118297577,0.5339999794960022,0.08020000159740448
YPL155C,YLR316C,0,-4.229178,0.39940163493156433,0.5339999794960022,0.08030000329017639
YDL102W,YOR056C,0,-4.229514,0.3991031348705292,0.5339999794960022,0.0803999975323677
YNL250W,YOR087W,0,-4.2301054,0.39880508184432983,0.5339999794960022,0.08049999922513962
YOR239W,YGR133W,0,-4.2304244,0.3985074758529663,0.5339999794960022,0.08060000091791153
YNR010W,YMR190C,1,-4.231244,0.3989560008049011,0.5350000262260437,0.08060000091791153
YHR160C,YJR052W,0,-4.2320137,0.39865872263908386,0.5350000262260437,0.08070000261068344
YJL031C,YMR275C,0,-4.2322907,0.39836186170578003,0.5350000262260437,0.08079999685287476
YPR005C,YOR057W,0,-4.232804,0.3980654776096344,0.5350000262260437,0.08089999854564667
YOR249C,YMR117C,1,-4.2329946,0.3985130190849304,0.5360000133514404,0.08089999854564667
YOL012C,YAL011W,0,-4.233614,0.39821693301200867,0.5360000133514404,0.08100000023841858
YDR183W,YMR096W,0,-4.23466,0.39792129397392273,0.5360000133514404,0.08110000193119049
YNL317W,YBR111W-A,0,-4.2347164,0.3976261019706726,0.5360000133514404,0.0812000036239624
YOL149W,YOL054W,0,-4.235102,0.3973313570022583,0.5360000133514404,0.08129999786615372
YDR163W,YKL160W,0,-4.2374997,0.3970370292663574,0.5360000133514404,0.08139999955892563
YLR039C,YLR166C,0,-4.239507,0.39674314856529236,0.5360000133514404,0.08150000125169754
YKR027W,YDL106C,0,-4.239583,0.3964497148990631,0.5360000133514404,0.08160000294446945
YOL059W,YFR005C,0,-4.241785,0.3961566984653473,0.5360000133514404,0.08169999718666077
YDL079C,YBR265W,0,-4.2424464,0.3958640992641449,0.5360000133514404,0.08179999887943268
YOR191W,YLR005W,0,-4.242542,0.3955719470977783,0.5360000133514404,0.08190000057220459
YDL220C,YOR144C,0,-4.2430367,0.39528024196624756,0.5360000133514404,0.0820000022649765
YGL257C,YPL032C,0,-4.245053,0.3949889540672302,0.5360000133514404,0.08209999650716782
YDR106W,YIL063C,0,-4.2466245,0.3946980834007263,0.5360000133514404,0.08219999819993973
YMR078C,YIR011C,1,-4.2477045,0.3951434791088104,0.5370000004768372,0.08219999819993973
YCR018C,YBR058C,0,-4.2485156,0.3948529362678528,0.5370000004768372,0.08229999989271164
YDR419W,YNL229C,0,-4.249569,0.39456281065940857,0.5370000004768372,0.08240000158548355
YIL149C,YNL262W,0,-4.2497406,0.39427313208580017,0.5370000004768372,0.08250000327825546
YJL140W,YDR238C,0,-4.249934,0.3939838707447052,0.5370000004768372,0.08259999752044678
YML036W,YBR289W,0,-4.2510657,0.39369502663612366,0.5370000004768372,0.08269999921321869
YHR129C,YOR181W,0,-4.2513704,0.39340659976005554,0.5370000004768372,0.0828000009059906
YJL099W,YLR176C,0,-4.2529364,0.39311859011650085,0.5370000004768372,0.08290000259876251
YMR231W,YMR214W,0,-4.2542443,0.392831027507782,0.5370000004768372,0.08299999684095383
YCR107W,YGR267C,0,-4.2545447,0.39254385232925415,0.5370000004768372,0.08309999853372574
YLR291C,YOL076W,0,-4.2549496,0.39225712418556213,0.5370000004768372,0.08320000022649765
YJL013C,YAR002W,0,-4.255171,0.39197081327438354,0.5370000004768372,0.08330000191926956
YDL232W,YKL166C,0,-4.255384,0.391684889793396,0.5370000004768372,0.08340000361204147
YEL009C,YPL133C,0,-4.255732,0.39139941334724426,0.5370000004768372,0.08349999785423279
YDR088C,YPL016W,0,-4.2557874,0.39111435413360596,0.5370000004768372,0.0835999995470047
YLR035C,YDR486C,0,-4.256281,0.3908296823501587,0.5370000004768372,0.08370000123977661
YNL281W,YPL011C,0,-4.257296,0.39054545760154724,0.5370000004768372,0.08380000293254852
YPL137C,YOR156C,1,-4.2580247,0.39098837971687317,0.5379999876022339,0.08380000293254852
YLR318W,YNL066W,0,-4.258482,0.3907044231891632,0.5379999876022339,0.08389999717473984
YMR025W,YBR279W,0,-4.2585793,0.39042091369628906,0.5379999876022339,0.08399999886751175
YDL093W,YAL002W,0,-4.258874,0.39013779163360596,0.5379999876022339,0.08410000056028366
YCR020C,YOR353C,0,-4.25902,0.3898550868034363,0.5379999876022339,0.08420000225305557
YIL112W,YDR201W,0,-4.2591605,0.38957276940345764,0.5379999876022339,0.08429999649524689
YLR221C,YGR059W,0,-4.26041,0.38929086923599243,0.5379999876022339,0.0843999981880188
YOL068C,YNL082W,0,-4.260496,0.38900938630104065,0.5379999876022339,0.08449999988079071
YCR086W,YFL037W,1,-4.260923,0.38945087790489197,0.5389999747276306,0.08449999988079071
YNL082W,YEL037C,0,-4.2610335,0.3891696631908417,0.5389999747276306,0.08460000157356262
YMR032W,YGR047C,0,-4.261786,0.3888888955116272,0.5389999747276306,0.08470000326633453
YJR060W,YGR098C,1,-4.261938,0.3893294930458069,0.5400000214576721,0.08470000326633453
YLR035C,YNL177C,0,-4.262089,0.3890489935874939,0.5400000214576721,0.08479999750852585
YNL139C,YGL137W,0,-4.2635393,0.38876891136169434,0.5400000214576721,0.08489999920129776
YDR488C,YMR067C,0,-4.2636657,0.3884892165660858,0.5400000214576721,0.08500000089406967
YOR113W,YAL011W,0,-4.264977,0.38820990920066833,0.5400000214576721,0.08510000258684158
YGR098C,YJR135C,1,-4.2658753,0.38864943385124207,0.5410000085830688,0.08510000258684158
YLR103C,YOR174W,0,-4.266579,0.38837042450904846,0.5410000085830688,0.0851999968290329
YMR264W,YCR066W,0,-4.266872,0.3880918323993683,0.5410000085830688,0.08529999852180481
YPL227C,YOL156W,0,-4.2677217,0.38781362771987915,0.5410000085830688,0.08540000021457672
YKR054C,YLR321C,1,-4.267804,0.3882521390914917,0.5419999957084656,0.08540000021457672
YMR052W,YGR133W,0,-4.2681384,0.38797423243522644,0.5419999957084656,0.08550000190734863
YAL026C,YMR032W,0,-4.269422,0.3876967132091522,0.5419999957084656,0.08560000360012054
YMR231W,YML105C,0,-4.2707653,0.38741958141326904,0.5419999957084656,0.08569999784231186
YIR005W,YMR036C,0,-4.270841,0.3871428668498993,0.5419999957084656,0.08579999953508377
YGR041W,YKL055C,0,-4.2710896,0.3868665099143982,0.5419999957084656,0.08590000122785568
YOL034W,YMR183C,0,-4.2732477,0.3865905702114105,0.5419999957084656,0.0860000029206276
YCL066W,YJL035C,0,-4.2736506,0.3863150477409363,0.5419999957084656,0.08609999716281891
YGL222C,YOR254C,0,-4.274891,0.3860398828983307,0.5419999957084656,0.08619999885559082
YMR080C,YMR067C,0,-4.2751284,0.3857651352882385,0.5419999957084656,0.08630000054836273
YDR318W,YGR275W,1,-4.2753706,0.38620197772979736,0.5429999828338623,0.08630000054836273
YNL177C,YKL055C,0,-4.275533,0.3859274983406067,0.5429999828338623,0.08640000224113464
YDR499W,YKR003W,0,-4.2764783,0.38565340638160706,0.5429999828338623,0.08649999648332596
YFL008W,YHR014W,1,-4.2767825,0.38608941435813904,0.5440000295639038,0.08649999648332596
YIR033W,YBR276C,0,-4.277216,0.3858155906200409,0.5440000295639038,0.08659999817609787
YNL084C,YDR228C,0,-4.277545,0.3855421543121338,0.5440000295639038,0.08669999986886978
YGL032C,YJL214W,0,-4.2776265,0.3852691352367401,0.5440000295639038,0.0868000015616417
YDR076W,YPL243W,0,-4.2783666,0.3849964737892151,0.5440000295639038,0.0869000032544136
YER028C,YER070W,0,-4.2785172,0.3847241997718811,0.5440000295639038,0.08699999749660492
YPR104C,YDL047W,0,-4.279729,0.38445228338241577,0.5440000295639038,0.08709999918937683
YOL156W,YMR164C,0,-4.281052,0.38418078422546387,0.5440000295639038,0.08720000088214874
YEL031W,YOR313C,0,-4.2814274,0.383909672498703,0.5440000295639038,0.08730000257492065
YDR254W,YAL047C,1,-4.2823853,0.3843441605567932,0.5450000166893005,0.08730000257492065
YBL099W,YJR140C,0,-4.2834916,0.38407328724861145,0.5450000166893005,0.08739999681711197
YLR207W,YML025C,0,-4.283978,0.3838028311729431,0.5450000166893005,0.08749999850988388
YMR288W,YIL149C,0,-4.2844534,0.38353273272514343,0.5450000166893005,0.08760000020265579
YML098W,YGL212W,0,-4.284516,0.3832630217075348,0.5450000166893005,0.0877000018954277
YPL200W,YER133W,1,-4.285837,0.38369640707969666,0.5460000038146973,0.0877000018954277
YOR156C,YJR112W,1,-4.287069,0.38412922620773315,0.546999990940094,0.0877000018954277
YNL072W,YDR495C,0,-4.287354,0.38385963439941406,0.546999990940094,0.08780000358819962
YGL163C,YBR153W,0,-4.2888665,0.3835904598236084,0.546999990940094,0.08789999783039093
YBR211C,YPR135W,1,-4.2898455,0.38402241468429565,0.5479999780654907,0.08789999783039093
YLR246W,YBR165W,0,-4.2903447,0.3837535083293915,0.5479999780654907,0.08799999952316284
YJL072C,YDR523C,0,-4.29067,0.38348495960235596,0.5479999780654907,0.08810000121593475
YDR421W,YDL209C,0,-4.292082,0.3832167685031891,0.5479999780654907,0.08820000290870667
YIL114C,YLR105C,0,-4.292191,0.38294899463653564,0.5479999780654907,0.08829999715089798
YIR019C,YBR273C,0,-4.2922735,0.38268157839775085,0.5479999780654907,0.08839999884366989
YPL008W,YLR381W,1,-4.2943606,0.3831123411655426,0.5490000247955322,0.08839999884366989
YGR275W,YML124C,1,-4.295787,0.383542537689209,0.550000011920929,0.08839999884366989
YBR133C,YKR082W,0,-4.298635,0.38327527046203613,0.550000011920929,0.0885000005364418
YOL115W,YGR275W,1,-4.2988515,0.3837047219276428,0.5509999990463257,0.0885000005364418
YPL254W,YDL059C,0,-4.299329,0.38343772292137146,0.5509999990463257,0.08860000222921371
YER118C,YNL054W,0,-4.299602,0.38317108154296875,0.5509999990463257,0.08869999647140503
YDR076W,YKL095W,0,-4.299646,0.3829047977924347,0.5509999990463257,0.08879999816417694
YOR074C,YLR084C,0,-4.30012,0.3826389014720917,0.5509999990463257,0.08889999985694885
YHR178W,YJR135W-A,0,-4.3012567,0.3823733627796173,0.5509999990463257,0.08900000154972076
YGL163C,YML043C,0,-4.301748,0.3821081817150116,0.5509999990463257,0.08910000324249268
YKL022C,YJR112W,1,-4.302552,0.382536381483078,0.5519999861717224,0.08910000324249268
YOR156C,YMR190C,1,-4.3027067,0.38296398520469666,0.5529999732971191,0.08910000324249268
YCR082W,YBR102C,0,-4.302914,0.3826989531517029,0.5529999732971191,0.08919999748468399
YBR243C,YGR171C,0,-4.3029995,0.38243430852890015,0.5529999732971191,0.0892999991774559
YBR060C,YLR147C,0,-4.305105,0.38217002153396606,0.5529999732971191,0.08940000087022781
YPL028W,YDR218C,0,-4.305274,0.38190609216690063,0.5529999732971191,0.08950000256299973
YJL090C,YMR073C,0,-4.3057203,0.38164252042770386,0.5529999732971191,0.08959999680519104
YJR105W,YBR119W,0,-4.306745,0.38137930631637573,0.5529999732971191,0.08969999849796295
YGL174W,YNL049C,0,-4.3072286,0.38111647963523865,0.5529999732971191,0.08980000019073486
YDR016C,YNL318C,0,-4.3072977,0.3808539807796478,0.5529999732971191,0.08990000188350677
YOL008W,YLR116W,0,-4.307719,0.38059186935424805,0.5529999732971191,0.09000000357627869
YJL100W,YMR075W,0,-4.307766,0.3803301155567169,0.5529999732971191,0.09009999781847
YLR381W,YPR046W,1,-4.307897,0.3807560205459595,0.5540000200271606,0.09009999781847
YLR207W,YIL149C,0,-4.3091793,0.38049450516700745,0.5540000200271606,0.09019999951124191
YHR191C,YOR073W,1,-4.3093214,0.3809196949005127,0.5550000071525574,0.09019999951124191
YAL041W,YAL011W,0,-4.310018,0.38065844774246216,0.5550000071525574,0.09030000120401382
YGR261C,YLR431C,0,-4.31002,0.3803975284099579,0.5550000071525574,0.09040000289678574
YKR054C,YPL233W,1,-4.3107324,0.38082191348075867,0.5559999942779541,0.09040000289678574
YPR108W,YHL006C,0,-4.3113112,0.3805612623691559,0.5559999942779541,0.09049999713897705
YER014C-A,YER072W,0,-4.3123665,0.38030096888542175,0.5559999942779541,0.09059999883174896
YER106W,YFR031C,1,-4.3129144,0.38072454929351807,0.5569999814033508,0.09059999883174896
YKL114C,YMR138W,0,-4.313268,0.38046449422836304,0.5569999814033508,0.09070000052452087
YML077W,YEL030W,0,-4.3142924,0.3802047669887543,0.5569999814033508,0.09080000221729279
YPL228W,YCL026C-A,0,-4.3146124,0.37994542717933655,0.5569999814033508,0.0908999964594841
YOL045W,YIL121W,0,-4.3152714,0.3796864449977875,0.5569999814033508,0.09099999815225601
YOL130W,YLR305C,0,-4.3153906,0.37942779064178467,0.5569999814033508,0.09109999984502792
YHR164C,YER087C-B,0,-4.315478,0.3791694939136505,0.5569999814033508,0.09120000153779984
YBR211C,YMR311C,1,-4.316117,0.37959182262420654,0.5580000281333923,0.09120000153779984
YNL106C,YAR008W,0,-4.3172503,0.3793337941169739,0.5580000281333923,0.09130000323057175
YLR450W,YOL113W,0,-4.317532,0.3790760934352875,0.5580000281333923,0.09139999747276306
YHR166C,YJR135C,1,-4.3178782,0.37949761748313904,0.5590000152587891,0.09139999747276306
YFR036W,YJL019W,1,-4.3190694,0.37991857528686523,0.5600000023841858,0.09139999747276306
YEL018W,YGL098W,0,-4.319678,0.37966102361679077,0.5600000023841858,0.09149999916553497
YDR422C,YHR090C,0,-4.3198624,0.3794037997722626,0.5600000023841858,0.09160000085830688
YDR254W,YMR078C,1,-4.320519,0.3798239529132843,0.5609999895095825,0.09160000085830688
YKR083C,YDL207W,0,-4.3214436,0.3795669972896576,0.5609999895095825,0.0917000025510788
YOR061W,YDR379W,0,-4.3215365,0.37931033968925476,0.5609999895095825,0.09179999679327011
YDR501W,YPR055W,0,-4.321944,0.3790540397167206,0.5609999895095825,0.09189999848604202
YJL194W,YCR018C,0,-4.3222632,0.37879809737205505,0.5609999895095825,0.09200000017881393
YDR217C,YDL064W,0,-4.3223743,0.3785425126552582,0.5609999895095825,0.09210000187158585
YAL054C,YPR031W,0,-4.322478,0.37828725576400757,0.5609999895095825,0.09220000356435776
YHR079C-A,YDL052C,0,-4.322536,0.3780323565006256,0.5609999895095825,0.09229999780654907
YER107C,YLR328W,0,-4.3226624,0.3777777850627899,0.5609999895095825,0.09239999949932098
YNL218W,YML059C,0,-4.323942,0.3775235414505005,0.5609999895095825,0.0925000011920929
YMR247C,YKR089C,0,-4.324128,0.3772696852684021,0.5609999895095825,0.09260000288486481
YFR008W,YIL112W,0,-4.3247447,0.3770161271095276,0.5609999895095825,0.09269999712705612
YPR135W,YER133W,1,-4.3248844,0.37743452191352844,0.5619999766349792,0.09269999712705612
YNL317W,YOR089C,0,-4.324886,0.37718120217323303,0.5619999766349792,0.09279999881982803
YEL061C,YBL079W,1,-4.32501,0.37759894132614136,0.5630000233650208,0.09279999881982803
YPL233W,YOL006C,1,-4.3262367,0.37801608443260193,0.5640000104904175,0.09279999881982803
YFR028C,YBR210W,0,-4.326538,0.37776288390159607,0.5640000104904175,0.09290000051259995
YLR431C,YPL271W,0,-4.326687,0.37751004099845886,0.5640000104904175,0.09300000220537186
YJL074C,YER018C,1,-4.3268905,0.37792640924453735,0.5649999976158142,0.09300000220537186
YOR030W,YMR182C,0,-4.326991,0.37767380475997925,0.5649999976158142,0.09309999644756317
YKR054C,YOL094C,1,-4.328364,0.3780895173549652,0.5659999847412109,0.09309999644756317
YKL049C,YMR311C,1,-4.328569,0.3785046637058258,0.5669999718666077,0.09309999644756317
YDR446W,YKL006C-A,0,-4.3287053,0.37825217843055725,0.5669999718666077,0.09319999814033508
YKL055C,YGL058W,0,-4.328898,0.3779999911785126,0.5669999718666077,0.093299999833107
YDL220C,YOR351C,0,-4.3296413,0.37774816155433655,0.5669999718666077,0.0934000015258789
YBL084C,YER133W,1,-4.329899,0.3781624436378479,0.5680000185966492,0.0934000015258789
YDR254W,YER106W,1,-4.330292,0.3785761892795563,0.5690000057220459,0.0934000015258789
YMR153W,YJR153W,0,-4.3316293,0.3783244788646698,0.5690000057220459,0.09350000321865082
YMR311C,YDR180W,1,-4.3325233,0.37873753905296326,0.5699999928474426,0.09350000321865082
YDR017C,YOR194C,0,-4.332843,0.3784860670566559,0.5699999928474426,0.09359999746084213
YEL018W,YLL022C,0,-4.3331347,0.3782348930835724,0.5699999928474426,0.09369999915361404
YOR058C,YBR021W,0,-4.333785,0.37798407673835754,0.5699999928474426,0.09380000084638596
YPL233W,YJL080C,1,-4.3341656,0.37839630246162415,0.5709999799728394,0.09380000084638596
YHR091C,YDL105W,0,-4.3344197,0.378145694732666,0.5709999799728394,0.09390000253915787
YDR141C,YMR100W,0,-4.336813,0.37789544463157654,0.5709999799728394,0.09399999678134918
YDL090C,YLR039C,0,-4.3368235,0.37764549255371094,0.5709999799728394,0.0940999984741211
YLR102C,YNL290W,1,-4.3373203,0.3780568540096283,0.5720000267028809,0.0940999984741211
YNL142W,YGL158W,0,-4.337789,0.3778071403503418,0.5720000267028809,0.094200000166893
YKL042W,YKL203C,0,-4.3386626,0.37755775451660156,0.5720000267028809,0.09430000185966492
YOL054W,YDL006W,0,-4.339932,0.3773086965084076,0.5720000267028809,0.09440000355243683
YJR140C,YDR276C,0,-4.3405485,0.3770599961280823,0.5720000267028809,0.09449999779462814
YKR029C,YJL145W,0,-4.341899,0.37681159377098083,0.5720000267028809,0.09459999948740005
YAL034W-A,YGR063C,1,-4.3426013,0.37722185254096985,0.5730000138282776,0.09459999948740005
YMR212C,YNL206C,0,-4.3428745,0.3769736886024475,0.5730000138282776,0.09470000118017197
YPR031W,YFR040W,0,-4.343944,0.37672585248947144,0.5730000138282776,0.09480000287294388
YMR113W,YNL016W,0,-4.345001,0.37647831439971924,0.5730000138282776,0.09489999711513519
YCL026C-A,YDR532C,0,-4.3453455,0.3762311339378357,0.5730000138282776,0.0949999988079071
YNR010W,YAR018C,1,-4.3466682,0.3766404092311859,0.5740000009536743,0.0949999988079071
YMR281W,YMR079W,0,-4.3469257,0.3763934373855591,0.5740000009536743,0.09510000050067902
YCR002C,YDR246W,0,-4.347376,0.3761467933654785,0.5740000009536743,0.09520000219345093
YBR023C,YOR351C,0,-4.3485856,0.3759004473686218,0.5740000009536743,0.09529999643564224
YPL137C,YIL144W,1,-4.348675,0.3763088881969452,0.574999988079071,0.09529999643564224
YDR017C,YOR346W,0,-4.348726,0.3760627806186676,0.574999988079071,0.09539999812841415
YOR002W,YBR097W,0,-4.3488383,0.3758170008659363,0.574999988079071,0.09549999982118607
YIL122W,YPL007C,0,-4.349319,0.37557151913642883,0.574999988079071,0.09560000151395798
YKL138C-A,YLR259C,0,-4.3496075,0.37532636523246765,0.574999988079071,0.09570000320672989
YOL054W,YNL253W,0,-4.350151,0.37508153915405273,0.574999988079071,0.0957999974489212
YNL318C,YML097C,0,-4.350448,0.3748370409011841,0.574999988079071,0.09589999914169312
YOR002W,YER001W,0,-4.35104,0.3745928406715393,0.574999988079071,0.09600000083446503
YLR383W,YCL008C,0,-4.351302,0.3743489682674408,0.574999988079071,0.09610000252723694
YOR109W,YGR070W,0,-4.35152,0.37410539388656616,0.574999988079071,0.09619999676942825
YMR288W,YER100W,0,-4.3519764,0.3738621473312378,0.574999988079071,0.09629999846220016
YCL066W,YPR108W,0,-4.3524733,0.3736192286014557,0.574999988079071,0.09640000015497208
YGR258C,YOL125W,0,-4.35268,0.37337663769721985,0.574999988079071,0.09650000184774399
YOR373W,YML105C,0,-4.3530154,0.3731343150138855,0.574999988079071,0.0966000035405159
YPL204W,YLR086W,1,-4.353384,0.37354084849357605,0.5759999752044678,0.0966000035405159
YOR049C,YMR236W,0,-4.3535542,0.3732987642288208,0.5759999752044678,0.09669999778270721
YJL031C,YBR010W,0,-4.354078,0.3730570077896118,0.5759999752044678,0.09679999947547913
YPL200W,YPR046W,1,-4.3549886,0.3734627962112427,0.5770000219345093,0.09679999947547913
YBR211C,YFL037W,1,-4.3554993,0.37386804819107056,0.578000009059906,0.09679999947547913
YFR041C,YOR162C,0,-4.3562026,0.37362638115882874,0.578000009059906,0.09690000116825104
YLR368W,YJL026W,0,-4.3564076,0.3733850121498108,0.578000009059906,0.09700000286102295
YHR204W,YPL112C,0,-4.356506,0.3731439709663391,0.578000009059906,0.09709999710321426
YBR155W,YGR072W,0,-4.3571033,0.3729032278060913,0.578000009059906,0.09719999879598618
YMR095C,YOL055C,0,-4.3571844,0.37266281247138977,0.578000009059906,0.09730000048875809
YGR230W,YPL128C,0,-4.3574195,0.3724226951599121,0.578000009059906,0.09740000218153
YMR044W,YOR083W,0,-4.358929,0.3721828758716583,0.578000009059906,0.09749999642372131
YMR138W,YNR048W,0,-4.3594337,0.3719433844089508,0.578000009059906,0.09759999811649323
YLR381W,YIR010W,1,-4.3597636,0.37234726548194885,0.5789999961853027,0.09759999811649323
YOL006C,YFL037W,1,-4.3598146,0.3727506399154663,0.5799999833106995,0.09759999811649323
YJL099W,YDL030W,0,-4.3609853,0.37251123785972595,0.5799999833106995,0.09769999980926514
YPL018W,YIL026C,1,-4.3611617,0.37291398644447327,0.5809999704360962,0.09769999980926514
YGR284C,YJL214W,0,-4.3638716,0.3726747930049896,0.5809999704360962,0.09780000150203705
YDR030C,YJR126C,0,-4.3655,0.37243589758872986,0.5809999704360962,0.09790000319480896
YOR023C,YMR204C,0,-4.366498,0.37219730019569397,0.5809999704360962,0.09799999743700027
YHR058C,YKL166C,0,-4.3671427,0.37195903062820435,0.5809999704360962,0.09809999912977219
YBL084C,YOL094C,1,-4.36734,0.37236085534095764,0.5820000171661377,0.09809999912977219
YLR102C,YOR073W,1,-4.3677826,0.37276214361190796,0.5830000042915344,0.09809999912977219
YJL047C,YPR139C,0,-4.3684144,0.3725239634513855,0.5830000042915344,0.0982000008225441
YNR075W,YOR368W,0,-4.3705153,0.3722860813140869,0.5830000042915344,0.09830000251531601
YNL166C,YPR032W,0,-4.3705325,0.3720484972000122,0.5830000042915344,0.09839999675750732
YIR019C,YDL229W,0,-4.371314,0.3718112111091614,0.5830000042915344,0.09849999845027924
YFR046C,YER133W,1,-4.3715105,0.37221160531044006,0.5839999914169312,0.09849999845027924
YNL225C,YDR330W,0,-4.371646,0.37197452783584595,0.5839999914169312,0.09860000014305115
YJR093C,YKR028W,0,-4.372613,0.3717377483844757,0.5839999914169312,0.09870000183582306
YPL221W,YIL013C,0,-4.373048,0.37150126695632935,0.5839999914169312,0.09880000352859497
YOR073W,YFR031C,1,-4.3739724,0.3719008266925812,0.5849999785423279,0.09880000352859497
YGR098C,YDR318W,1,-4.374038,0.3722998797893524,0.5860000252723694,0.09880000352859497
YBR103W,YNR048W,0,-4.374132,0.3720634877681732,0.5860000252723694,0.09889999777078629
YBR279W,YOL038W,0,-4.3749313,0.3718274235725403,0.5860000252723694,0.0989999994635582
YPL132W,YDR416W,0,-4.3752027,0.37159162759780884,0.5860000252723694,0.09910000115633011
YAR019C,YDR052C,0,-4.3754754,0.37135615944862366,0.5860000252723694,0.09920000284910202
YPL018W,YDR318W,1,-4.3754845,0.3717542886734009,0.5870000123977661,0.09920000284910202
YBL084C,YER018C,1,-4.3757143,0.3721519112586975,0.5879999995231628,0.09920000284910202
YMR235C,YAL011W,0,-4.37585,0.3719165027141571,0.5879999995231628,0.09929999709129333
YLR318W,YCR028C-A,0,-4.3760786,0.37168142199516296,0.5879999995231628,0.09939999878406525
YPR070W,YAR031W,0,-4.3764396,0.3714466094970703,0.5879999995231628,0.09950000047683716
YMR048W,YMR190C,1,-4.3766036,0.3718434274196625,0.5889999866485596,0.09950000047683716
YER065C,YOL038W,0,-4.377249,0.37160882353782654,0.5889999866485596,0.09960000216960907
YFL024C,YJL035C,0,-4.3774567,0.3713745176792145,0.5889999866485596,0.09969999641180038
YGL116W,YIR011C,1,-4.377556,0.3717706501483917,0.5899999737739563,0.09969999641180038
YLR357W,YIR011C,1,-4.3779364,0.372166246175766,0.5910000205039978,0.09969999641180038
YNL177C,YOR279C,0,-4.3779693,0.3719320297241211,0.5910000205039978,0.0997999981045723
YKL108W,YDR470C,0,-4.380061,0.3716981112957001,0.5910000205039978,0.09989999979734421
YKL055C,YBL057C,0,-4.3806996,0.37146449089050293,0.5910000205039978,0.10000000149011612
YMR234W,YPL007C,0,-4.3810577,0.37123116850852966,0.5910000205039978,0.10010000318288803
YDR331W,YIL095W,0,-4.3812604,0.3709981143474579,0.5910000205039978,0.10019999742507935
YMR208W,YDL154W,0,-4.3826504,0.37076535820961,0.5910000205039978,0.10029999911785126
YGL130W,YPR055W,0,-4.382813,0.37053292989730835,0.5910000205039978,0.10040000081062317
YHR082C,YIR015W,0,-4.38399,0.3703007400035858,0.5910000205039978,0.10050000250339508
YKL022C,YPL137C,1,-4.384227,0.3706950545310974,0.5920000076293945,0.10050000250339508
YPR094W,YLR360W,0,-4.3845944,0.3704630732536316,0.5920000076293945,0.1005999967455864
YMR213W,YMR287C,0,-4.385861,0.37023138999938965,0.5920000076293945,0.1006999984383583
YLR039C,YML001W,0,-4.3861136,0.3700000047683716,0.5920000076293945,0.10080000013113022
YLR115W,YJL186W,0,-4.3863235,0.369768887758255,0.5920000076293945,0.10090000182390213
YER143W,YLR383W,0,-4.3868723,0.3695380687713623,0.5920000076293945,0.10100000351667404
YJL042W,YBR223C,0,-4.3872075,0.3693075478076935,0.5920000076293945,0.10109999775886536
YNL330C,YGR013W,0,-4.3887067,0.36907729506492615,0.5920000076293945,0.10119999945163727
YLR052W,YMR216C,0,-4.3889585,0.3688473403453827,0.5920000076293945,0.10130000114440918
YNL210W,YNL154C,0,-4.3892922,0.3686176836490631,0.5920000076293945,0.10140000283718109
YHR081W,YDR501W,0,-4.3902183,0.368388295173645,0.5920000076293945,0.1014999970793724
YGL094C,YHR152W,0,-4.3929005,0.3681592047214508,0.5920000076293945,0.10159999877214432
YLR080W,YOL034W,0,-4.3943043,0.3679303824901581,0.5920000076293945,0.10170000046491623
YJR004C,YGR099W,0,-4.3944993,0.36770185828208923,0.5920000076293945,0.10180000215768814
YBR085W,YOL034W,0,-4.3948216,0.36747363209724426,0.5920000076293945,0.10189999639987946
YJL013C,YER044C-A,0,-4.3948245,0.3672456443309784,0.5920000076293945,0.10199999809265137
YBR200W,YJR057W,0,-4.3953166,0.3670179843902588,0.5920000076293945,0.10209999978542328
YGR098C,YDR409W,1,-4.396943,0.36741015315055847,0.5929999947547913,0.10209999978542328
YFR008W,YIL150C,0,-4.3973894,0.3671826720237732,0.5929999947547913,0.10220000147819519
YDR052C,YLR361C,0,-4.3976073,0.3669554591178894,0.5929999947547913,0.1023000031709671
YHR036W,YGR133W,0,-4.39886,0.3667285144329071,0.5929999947547913,0.10239999741315842
YLR131C,YCL066W,0,-4.400246,0.3665018677711487,0.5929999947547913,0.10249999910593033
YPR007C,YER018C,1,-4.4015408,0.36689314246177673,0.593999981880188,0.10249999910593033
YDR419W,YPR143W,0,-4.4019647,0.36666667461395264,0.593999981880188,0.10260000079870224
YMR311C,YJR068W,1,-4.4028287,0.3670573830604553,0.5950000286102295,0.10260000079870224
YMR004W,YIL084C,0,-4.4041886,0.36683106422424316,0.5950000286102295,0.10270000249147415
YNL329C,YML041C,0,-4.4053807,0.3666050434112549,0.5950000286102295,0.10279999673366547
YOL078W,YIL017C,0,-4.4056616,0.3663793206214905,0.5950000286102295,0.10289999842643738
YGR180C,YGL212W,0,-4.4073133,0.3661538362503052,0.5950000286102295,0.10300000011920929
YKL170W,YNL317W,0,-4.4079304,0.36592864990234375,0.5950000286102295,0.1031000018119812
YBL084C,YAL047C,1,-4.4079623,0.36631837487220764,0.5960000157356262,0.1031000018119812
YGR288W,YCR073W-A,0,-4.407982,0.36609336733818054,0.5960000157356262,0.10320000350475311
YGR188C,YNL332W,0,-4.408251,0.36586862802505493,0.5960000157356262,0.10329999774694443
YMR042W,YLR212C,0,-4.4086037,0.3656441569328308,0.5960000157356262,0.10339999943971634
YOR156C,YHR014W,1,-4.4088273,0.3660331070423126,0.597000002861023,0.10339999943971634
YMR119W,YPR168W,0,-4.4097633,0.3658088147640228,0.597000002861023,0.10350000113248825
YDL150W,YDR227W,0,-4.409805,0.3655848205089569,0.597000002861023,0.10360000282526016
YLR098C,YMR109W,0,-4.409946,0.3653610646724701,0.597000002861023,0.10369999706745148
YMR268C,YGL225W,0,-4.411137,0.36513760685920715,0.597000002861023,0.10379999876022339
YDR499W,YCR072C,0,-4.411385,0.3649144172668457,0.597000002861023,0.1039000004529953
YNL271C,YJR033C,0,-4.411652,0.36469149589538574,0.597000002861023,0.10400000214576721
YCL024W,YKL074C,0,-4.412052,0.36446887254714966,0.597000002861023,0.10409999638795853
YER183C,YDR126W,0,-4.4137926,0.3642464876174927,0.597000002861023,0.10419999808073044
YDL090C,YHL025W,0,-4.4140043,0.36402440071105957,0.597000002861023,0.10429999977350235
YLR102C,YPL204W,1,-4.4141784,0.36441195011138916,0.5979999899864197,0.10429999977350235
YKL113C,YOR119C,0,-4.416029,0.364190012216568,0.5979999899864197,0.10440000146627426
YBR102C,YNL214W,0,-4.4162703,0.3639683425426483,0.5979999899864197,0.10450000315904617
YDR179C,YDR224C,0,-4.417645,0.3637469708919525,0.5979999899864197,0.10459999740123749
YPR199C,YPR164W,0,-4.417784,0.3635258376598358,0.5979999899864197,0.1046999990940094
YPL008W,YNL290W,1,-4.4181256,0.36391252279281616,0.5989999771118164,0.1046999990940094
YNR010W,YLR381W,1,-4.42057,0.3642987310886383,0.6000000238418579,0.1046999990940094
YKL022C,YBL079W,1,-4.4211183,0.36468446254730225,0.6010000109672546,0.1046999990940094
YHR166C,YBL079W,1,-4.4213343,0.36506974697113037,0.6019999980926514,0.1046999990940094
YMR268C,YDR086C,0,-4.4218307,0.3648484945297241,0.6019999980926514,0.10480000078678131
YOL146W,YLR147C,0,-4.4218426,0.36462751030921936,0.6019999980926514,0.10490000247955322
YJR105W,YDL130W,0,-4.4231715,0.3644067943096161,0.6019999980926514,0.10499999672174454
YBL082C,YOR172W,0,-4.4257216,0.3641863167285919,0.6019999980926514,0.10509999841451645
YBL009W,YKL165C,0,-4.426028,0.3639661371707916,0.6019999980926514,0.10520000010728836
YMR190C,YLR086W,1,-4.427217,0.36435046792030334,0.6029999852180481,0.10520000010728836
YGL065C,YER021W,0,-4.427678,0.364130437374115,0.6029999852180481,0.10530000180006027
YNR010W,YPL253C,1,-4.430513,0.36451417207717896,0.6039999723434448,0.10530000180006027
YPR019W,YBR240C,0,-4.430652,0.3642943203449249,0.6039999723434448,0.10540000349283218
YLR431C,YDR075W,0,-4.4306717,0.3640747368335724,0.6039999723434448,0.1054999977350235
YHR171W,YOR368W,0,-4.4307528,0.36385542154312134,0.6039999723434448,0.10559999942779541
YOR144C,YGR024C,0,-4.4308105,0.3636363744735718,0.6039999723434448,0.10570000112056732
YER157W,YGR033C,0,-4.430833,0.3634175658226013,0.6039999723434448,0.10580000281333923
YOL135C,YML105C,0,-4.431452,0.36319902539253235,0.6039999723434448,0.10589999705553055
YLR328W,YHR079C-A,0,-4.431701,0.36298078298568726,0.6039999723434448,0.10599999874830246
YKL195W,YJR052W,0,-4.4317975,0.3627627491950989,0.6039999723434448,0.10610000044107437
YDL006W,YHR027C,0,-4.4330983,0.3625450134277344,0.6039999723434448,0.10620000213384628
YKR082W,YNL154C,0,-4.4337363,0.36232754588127136,0.6039999723434448,0.1062999963760376
YNR010W,YPR007C,1,-4.434146,0.36270982027053833,0.6050000190734863,0.1062999963760376
YNL169C,YBL046W,0,-4.434369,0.36249250173568726,0.6050000190734863,0.10639999806880951
YGR180C,YGR002C,0,-4.4344325,0.36227545142173767,0.6050000190734863,0.10649999976158142
YPL040C,YHR023W,0,-4.4353013,0.3620586395263672,0.6050000190734863,0.10660000145435333
YOR301W,YOR367W,0,-4.4354053,0.3618420958518982,0.6050000190734863,0.10670000314712524
YPL271W,YOR373W,0,-4.4354253,0.3616258203983307,0.6050000190734863,0.10679999738931656
YIR005W,YHR200W,0,-4.435558,0.3614097833633423,0.6050000190734863,0.10689999908208847
YGL044C,YDL047W,0,-4.435601,0.36119404435157776,0.6050000190734863,0.10700000077486038
YPL200W,YGR098C,1,-4.4356947,0.361575186252594,0.6060000061988831,0.10700000077486038
YJL080C,YOL006C,1,-4.4358344,0.3619558811187744,0.6069999933242798,0.10700000077486038
YIR011C,YLR272C,1,-4.435895,0.362336128950119,0.6079999804496765,0.10700000077486038
YPL061W,YPR134W,0,-4.436427,0.36212030053138733,0.6079999804496765,0.1071000024676323
YMR231W,YOL102C,0,-4.437885,0.3619047701358795,0.6079999804496765,0.10719999670982361
YLL031C,YCL055W,0,-4.438209,0.3616894781589508,0.6079999804496765,0.10729999840259552
YHR183W,YOR089C,0,-4.438868,0.3614744246006012,0.6079999804496765,0.10740000009536743
YBR211C,YDR439W,1,-4.438922,0.36185383796691895,0.609000027179718,0.10740000009536743
YLR106C,YCR027C,0,-4.4393954,0.36163896322250366,0.609000027179718,0.10750000178813934
YNR026C,YKR072C,0,-4.44068,0.3614243268966675,0.609000027179718,0.10760000348091125
YBL102W,YER180C-A,0,-4.4412594,0.3612099587917328,0.609000027179718,0.10769999772310257
YML124C,YDR325W,1,-4.44165,0.36158862709999084,0.6100000143051147,0.10769999772310257
YEL019C,YJR126C,0,-4.4416566,0.3613744080066681,0.6100000143051147,0.10779999941587448
YKR089C,YIL022W,0,-4.442244,0.3611604571342468,0.6100000143051147,0.10790000110864639
YMR311C,YDR439W,1,-4.4422617,0.36153846979141235,0.6110000014305115,0.10790000110864639
YCR086W,YJR068W,1,-4.4446073,0.36191603541374207,0.6119999885559082,0.10790000110864639
YDR479C,YDL230W,0,-4.44548,0.3617021143436432,0.6119999885559082,0.1080000028014183
YFR024C-A,YPR042C,0,-4.4458675,0.3614884912967682,0.6119999885559082,0.10809999704360962
YLR116W,YJL129C,0,-4.4463854,0.3612750768661499,0.6119999885559082,0.10819999873638153
YNR010W,YGR098C,1,-4.4483604,0.3616519272327423,0.6129999756813049,0.10819999873638153
YML006C,YPL244C,0,-4.4484696,0.36143869161605835,0.6129999756813049,0.10830000042915344
YPL008W,YML085C,1,-4.448517,0.3618149757385254,0.6140000224113464,0.10830000042915344
YHR034C,YOR362C,0,-4.448708,0.36160188913345337,0.6140000224113464,0.10840000212192535
YNL259C,YDR446W,0,-4.448829,0.36138904094696045,0.6140000224113464,0.10849999636411667
YHR119W,YMR156C,0,-4.448849,0.361176460981369,0.6140000224113464,0.10859999805688858
YJR083C,YMR313C,0,-4.4491825,0.3609641492366791,0.6140000224113464,0.10869999974966049
YHR015W,YKR031C,0,-4.449594,0.36075204610824585,0.6140000224113464,0.1088000014424324
YDR005C,YDR011W,0,-4.4497747,0.3605402112007141,0.6140000224113464,0.10890000313520432
YLR005W,YER123W,0,-4.4498625,0.36032864451408386,0.6140000224113464,0.10899999737739563
YPL194W,YGL173C,0,-4.4499817,0.3601173162460327,0.6140000224113464,0.10909999907016754
YJL203W,YPL128C,0,-4.4500494,0.35990622639656067,0.6140000224113464,0.10920000076293945
YMR268C,YHR008C,0,-4.4508367,0.3596953749656677,0.6140000224113464,0.10930000245571136
YKL025C,YJR010C-A,0,-4.450931,0.35948479175567627,0.6140000224113464,0.10939999669790268
YDL069C,YJR135W-A,0,-4.451347,0.35927441716194153,0.6140000224113464,0.10949999839067459
YDR254W,YOR073W,1,-4.4513955,0.359649121761322,0.6150000095367432,0.10949999839067459
YFL050C,YOR181W,0,-4.452832,0.3594389259815216,0.6150000095367432,0.1096000000834465
YGL190C,YGL048C,0,-4.4538903,0.3592289686203003,0.6150000095367432,0.10970000177621841
YKL138C-A,YOR122C,0,-4.453925,0.3590192496776581,0.6150000095367432,0.10980000346899033
YKL048C,YOL156W,0,-4.454063,0.35880979895591736,0.6150000095367432,0.10989999771118164
YFR046C,YOL115W,1,-4.454169,0.359183669090271,0.6159999966621399,0.10989999771118164
YGR143W,YKR031C,0,-4.454187,0.3589743673801422,0.6159999966621399,0.10999999940395355
YLR361C,YEL062W,0,-4.4553423,0.35876527428627014,0.6159999966621399,0.11010000109672546
YDL074C,YJL039C,0,-4.455606,0.35855644941329956,0.6159999966621399,0.11020000278949738
YKL220C,YDL058W,0,-4.456293,0.3583478629589081,0.6159999966621399,0.11029999703168869
YDL105W,YDR077W,0,-4.4564524,0.3581395447254181,0.6159999966621399,0.1103999987244606
YDR440W,YMR047C,0,-4.4570284,0.3579314351081848,0.6159999966621399,0.11050000041723251
YPL174C,YDR532C,0,-4.457126,0.35772356390953064,0.6159999966621399,0.11060000211000443
YDL087C,YHR048W,0,-4.4581394,0.35751596093177795,0.6159999966621399,0.11069999635219574
YKL007W,YER032W,0,-4.458218,0.35730859637260437,0.6159999966621399,0.11079999804496765
YBR136W,YCR066W,0,-4.45822,0.3571014404296875,0.6159999966621399,0.11089999973773956
YNL009W,YCR066W,0,-4.4584064,0.3568945527076721,0.6159999966621399,0.11100000143051147
YDR448W,YAL023C,0,-4.4596686,0.35668790340423584,0.6159999966621399,0.11110000312328339
YHR186C,YHR200W,0,-4.4601817,0.35648149251937866,0.6159999966621399,0.1111999973654747
YOR377W,YNL326C,0,-4.46071,0.3562752902507782,0.6159999966621399,0.11129999905824661
YKL002W,YJL041W,0,-4.462116,0.3560693562030792,0.6159999966621399,0.11140000075101852
YMR267W,YDL033C,0,-4.463456,0.35586366057395935,0.6159999966621399,0.11150000244379044
YHR129C,YDR488C,0,-4.463836,0.3556582033634186,0.6159999966621399,0.11159999668598175
YDL008W,YJR068W,1,-4.463838,0.35603001713752747,0.6169999837875366,0.11159999668598175
YJR060W,YFL037W,1,-4.4640737,0.35640138387680054,0.6179999709129333,0.11159999668598175
YJR135C,YBL079W,1,-4.4650197,0.3567723333835602,0.6190000176429749,0.11159999668598175
YPR201W,YJL062W,0,-4.467545,0.35656681656837463,0.6190000176429749,0.11169999837875366
YDL008W,YIR025W,1,-4.468179,0.3569372594356537,0.6200000047683716,0.11169999837875366
YEL061C,YPR007C,1,-4.4693475,0.3573072552680969,0.6209999918937683,0.11169999837875366
YNL326C,YJR010C-A,0,-4.4693947,0.35710176825523376,0.6209999918937683,0.11180000007152557
YMR022W,YIL173W,0,-4.469596,0.3568965494632721,0.6209999918937683,0.11190000176429749
YKR027W,YJR084W,0,-4.46975,0.3566915690898895,0.6209999918937683,0.1120000034570694
YNL325C,YNL073W,0,-4.470044,0.35648679733276367,0.6209999918937683,0.11209999769926071
YNL166C,YGR004W,0,-4.4700937,0.3562822639942169,0.6209999918937683,0.11219999939203262
YBR160W,YNL218W,0,-4.4701385,0.35607796907424927,0.6209999918937683,0.11230000108480453
YDR108W,YNL244C,0,-4.470733,0.3558739125728607,0.6209999918937683,0.11240000277757645
YBR237W,YCL069W,0,-4.472886,0.35567009449005127,0.6209999918937683,0.11249999701976776
YGL194C,YJL047C,0,-4.473009,0.3554665148258209,0.6209999918937683,0.11259999871253967
YER116C,YGR144W,0,-4.4731774,0.3552631437778473,0.6209999918937683,0.11270000040531158
YDR345C,YGR249W,0,-4.4738684,0.35506004095077515,0.6209999918937683,0.1128000020980835
YNL192W,YNL167C,0,-4.474625,0.3548571467399597,0.6209999918937683,0.11289999634027481
YJL201W,YBR162C,0,-4.4748874,0.3546544909477234,0.6209999918937683,0.11299999803304672
YDL231C,YBR081C,0,-4.4771667,0.3544520437717438,0.6209999918937683,0.11309999972581863
YNR032C-A,YDL058W,0,-4.478486,0.35424986481666565,0.6209999918937683,0.11320000141859055
YGR225W,YIL114C,0,-4.4786625,0.35404789447784424,0.6209999918937683,0.11330000311136246
YAL011W,YJR049C,0,-4.4793053,0.35384616255760193,0.6209999918937683,0.11339999735355377
YDR062W,YPR018W,0,-4.4823766,0.35364463925361633,0.6209999918937683,0.11349999904632568
YPL117C,YIL128W,0,-4.483281,0.3534433841705322,0.6209999918937683,0.1136000007390976
YBL084C,YLR086W,1,-4.483924,0.3538111448287964,0.621999979019165,0.1136000007390976
YER061C,YOR060C,0,-4.484113,0.35361000895500183,0.621999979019165,0.1137000024318695
YKL160W,YDR407C,0,-4.4842315,0.353409081697464,0.621999979019165,0.11379999667406082
YOL091W,YPL042C,0,-4.484953,0.35320839285850525,0.621999979019165,0.11389999836683273
YPR186C,YOL072W,0,-4.4851584,0.3530079424381256,0.621999979019165,0.11400000005960464
YJR013W,YJL143W,0,-4.485229,0.3528077006340027,0.621999979019165,0.11410000175237656
YNL214W,YLR039C,0,-4.4857445,0.35260769724845886,0.621999979019165,0.11420000344514847
YLR353W,YGR288W,0,-4.4859533,0.35240793228149414,0.621999979019165,0.11429999768733978
YNL135C,YKR095W-A,0,-4.4869423,0.35220837593078613,0.621999979019165,0.1143999993801117
YPR031W,YLR386W,0,-4.4870405,0.3520090579986572,0.621999979019165,0.1145000010728836
YLR268W,YDR407C,0,-4.4870973,0.35180994868278503,0.621999979019165,0.11460000276565552
YJL081C,YMR168C,0,-4.4874454,0.35161107778549194,0.621999979019165,0.11469999700784683
YFR046C,YCL016C,1,-4.4882913,0.3519774079322815,0.6230000257492065,0.11469999700784683
YKL052C,YHR154W,0,-4.4884086,0.35177865624427795,0.6230000257492065,0.11479999870061874
YBR023C,YPL151C,0,-4.4885025,0.3515801429748535,0.6230000257492065,0.11490000039339066
YFL017W-A,YHR152W,0,-4.4885216,0.3513818383216858,0.6230000257492065,0.11500000208616257
YJL058C,YBR050C,0,-4.4887047,0.35118377208709717,0.6230000257492065,0.11509999632835388
YDR363W,YOR319W,0,-4.4889235,0.35098591446876526,0.6230000257492065,0.1151999980211258
YDL113C,YHR163W,0,-4.488982,0.35078829526901245,0.6230000257492065,0.1152999997138977
YNL290W,YFR031C,1,-4.4893284,0.3511536419391632,0.6240000128746033,0.1152999997138977
YNR023W,YGR211W,0,-4.4897428,0.35095614194869995,0.6240000128746033,0.11540000140666962
YGR217W,YOL021C,0,-4.4900327,0.3507588505744934,0.6240000128746033,0.11550000309944153
YNL166C,YGL153W,0,-4.490095,0.35056179761886597,0.6240000128746033,0.11559999734163284
YJR097W,YBL023C,0,-4.4907207,0.35036495327949524,0.6240000128746033,0.11569999903440475
YBL013W,YIL138C,0,-4.491144,0.3501683473587036,0.6240000128746033,0.11580000072717667
YIL072W,YBR297W,0,-4.491472,0.3499719500541687,0.6240000128746033,0.11590000241994858
YKL017C,YGR169C,0,-4.492369,0.3497757911682129,0.6240000128746033,0.11599999666213989
YPR119W,YDL060W,0,-4.492487,0.3495798408985138,0.6240000128746033,0.1160999983549118
YPR019W,YML061C,0,-4.4925656,0.3493840992450714,0.6240000128746033,0.11620000004768372
YGL027C,YKL149C,0,-4.4926314,0.34918859601020813,0.6240000128746033,0.11630000174045563
YPR086W,YGL098W,0,-4.4929233,0.34899330139160156,0.6240000128746033,0.11640000343322754
YDR166C,YLR369W,0,-4.4930615,0.3487982153892517,0.6240000128746033,0.11649999767541885
YGR113W,YFL017W-A,0,-4.4931064,0.34860333800315857,0.6240000128746033,0.11659999936819077
YGL027C,YPL085W,0,-4.493129,0.34840869903564453,0.6240000128746033,0.11670000106096268
YCL016C,YAL031C,1,-4.4937515,0.3487723171710968,0.625,0.11670000106096268
YMR208W,YDR358W,0,-4.494773,0.3485777974128723,0.625,0.11680000275373459
YGL071W,YNL214W,0,-4.494883,0.34838348627090454,0.625,0.1168999969959259
YLR131C,YOR178C,0,-4.4963374,0.34818941354751587,0.625,0.11699999868869781
YJR121W,YDR362C,0,-4.4965777,0.3479955494403839,0.625,0.11710000038146973
YBR136W,YJR049C,0,-4.496716,0.34780189394950867,0.625,0.11720000207424164
YGL150C,YBR111W-A,0,-4.497753,0.34760844707489014,0.625,0.11729999631643295
YBR211C,YIR010W,1,-4.4981256,0.3479710817337036,0.6259999871253967,0.11729999631643295
YGR098C,YOL006C,1,-4.500118,0.34833332896232605,0.6269999742507935,0.11729999631643295
YDR254W,YIR010W,1,-4.501105,0.34869515895843506,0.628000020980835,0.11729999631643295
YOR033C,YJL186W,0,-4.5012717,0.34850165247917175,0.628000020980835,0.11739999800920486
YLR102C,YFR027W,1,-4.5013895,0.34886300563812256,0.6290000081062317,0.11739999800920486
YMR052W,YPR024W,0,-4.5015078,0.3486696183681488,0.6290000081062317,0.11749999970197678
YFR036W,YFL037W,1,-4.501997,0.349030464887619,0.6299999952316284,0.11749999970197678
YDR420W,YPL244C,0,-4.5024366,0.3488371968269348,0.6299999952316284,0.11760000139474869
YFR046C,YLR321C,1,-4.502934,0.3491975665092468,0.6309999823570251,0.11760000139474869
YIL013C,YIL120W,0,-4.5030513,0.3490044176578522,0.6309999823570251,0.1177000030875206
YDR302W,YMR172W,0,-4.5038724,0.3488115072250366,0.6309999823570251,0.11779999732971191
YLR114C,YOL038W,0,-4.5040984,0.3486187756061554,0.6309999823570251,0.11789999902248383
YLR084C,YLR066W,0,-4.5041037,0.34842628240585327,0.6309999823570251,0.11800000071525574
YDR137W,YKL214C,0,-4.5044947,0.34823399782180786,0.6309999823570251,0.11810000240802765
YMR208W,YBR102C,0,-4.504544,0.34804192185401917,0.6309999823570251,0.11819999665021896
YPL053C,YCR040W,0,-4.505768,0.3478500545024872,0.6309999823570251,0.11829999834299088
YKL135C,YPL155C,0,-4.5057898,0.3476583957672119,0.6309999823570251,0.11840000003576279
YDR079C-A,YLR090W,0,-4.505913,0.34746694564819336,0.6309999823570251,0.1185000017285347
YDL043C,YGR212W,0,-4.506417,0.3472757339477539,0.6309999823570251,0.11860000342130661
YJR050W,YGR007W,0,-4.5066357,0.3470847010612488,0.6309999823570251,0.11869999766349792
YAL058W,YBR228W,0,-4.5067472,0.34689390659332275,0.6309999823570251,0.11879999935626984
YLR385C,YGR099W,0,-4.5069423,0.34670329093933105,0.6309999823570251,0.11890000104904175
YLR080W,YDR379W,0,-4.5088735,0.34651291370391846,0.6309999823570251,0.11900000274181366
YOR113W,YDL015C,0,-4.5091558,0.3463227152824402,0.6309999823570251,0.11909999698400497
YAR019C,YDL106C,0,-4.509393,0.346132755279541,0.6309999823570251,0.11919999867677689
YDR456W,YGL098W,0,-4.5095215,0.34594297409057617,0.6309999823570251,0.1193000003695488
YJL041W,YLR425W,0,-4.5100746,0.34575343132019043,0.6309999823570251,0.11940000206232071
YOR244W,YBL023C,0,-4.5101085,0.345564067363739,0.6309999823570251,0.11949999630451202
YAR019C,YKR002W,0,-4.5103354,0.3453749418258667,0.6309999823570251,0.11959999799728394
YJR057W,YDR138W,0,-4.510483,0.3451859951019287,0.6309999823570251,0.11969999969005585
YOR168W,YPR189W,0,-4.51169,0.34499725699424744,0.6309999823570251,0.11980000138282776
YPL069C,YDL226C,0,-4.5133405,0.34480875730514526,0.6309999823570251,0.11990000307559967
YKR034W,YOL009C,0,-4.5140443,0.3446204364299774,0.6309999823570251,0.11999999731779099
YJR132W,YNR023W,0,-4.51406,0.3444323241710663,0.6309999823570251,0.1200999990105629
YEL027W,YOR099W,0,-4.5159645,0.34424442052841187,0.6309999823570251,0.12020000070333481
YGL021W,YKL173W,0,-4.5170784,0.3440566956996918,0.6309999823570251,0.12030000239610672
YJR050W,YBR212W,0,-4.5175242,0.3438692092895508,0.6309999823570251,0.12039999663829803
YBR131W,YKL130C,0,-4.5177703,0.3436819314956665,0.6309999823570251,0.12049999833106995
YFL060C,YOR295W,0,-4.518574,0.34349483251571655,0.6309999823570251,0.12060000002384186
YFR046C,YLR357W,1,-4.518775,0.3438520133495331,0.6320000290870667,0.12060000002384186
YIL031W,YHR012W,0,-4.518997,0.3436650335788727,0.6320000290870667,0.12070000171661377
YDR416W,YPR074C,0,-4.5202804,0.343478262424469,0.6320000290870667,0.12080000340938568
YMR224C,YDL044C,0,-4.5203857,0.343291699886322,0.6320000290870667,0.120899997651577
YER167W,YAL058W,0,-4.520474,0.3431053161621094,0.6320000290870667,0.12099999934434891
YNL163C,YGL145W,0,-4.521305,0.34291914105415344,0.6320000290870667,0.12110000103712082
YNL239W,YIR018W,0,-4.521695,0.3427331745624542,0.6320000290870667,0.12120000272989273
YLR102C,YBL097W,1,-4.5217843,0.34308943152427673,0.6330000162124634,0.12120000272989273
YAL032C,YBR294W,0,-4.5222635,0.34290358424186707,0.6330000162124634,0.12129999697208405
YOL095C,YML055W,0,-4.5233464,0.3427179157733917,0.6330000162124634,0.12139999866485596
YDR518W,YLR182W,0,-4.5234256,0.3425324559211731,0.6330000162124634,0.12150000035762787
YBL084C,YOR156C,1,-4.5237136,0.3428880572319031,0.6340000033378601,0.12150000035762787
YDR052C,YJL104W,0,-4.5249815,0.342702716588974,0.6340000033378601,0.12160000205039978
YIR013C,YKL188C,0,-4.524994,0.34251755475997925,0.6340000033378601,0.1216999962925911
YDL117W,YER022W,0,-4.526189,0.3423326015472412,0.6340000033378601,0.121799997985363
YPL254W,YJL106W,0,-4.5263343,0.3421478569507599,0.6340000033378601,0.12189999967813492
YBL080C,YGL167C,0,-4.5269666,0.3419633209705353,0.6340000033378601,0.12200000137090683
YOL149W,YIR009W,0,-4.5279727,0.341778963804245,0.6340000033378601,0.12210000306367874
YPL117C,YLR139C,0,-4.527998,0.3415948152542114,0.6340000033378601,0.12219999730587006
YLR357W,YER018C,1,-4.5291066,0.34194937348365784,0.6349999904632568,0.12219999730587006
YCR091W,YDR200C,0,-4.529183,0.3417653441429138,0.6349999904632568,0.12229999899864197
YHR129C,YMR142C,0,-4.5299234,0.3415814936161041,0.6349999904632568,0.12240000069141388
YJL203W,YNL169C,0,-4.529938,0.34139785170555115,0.6349999904632568,0.12250000238418579
YLR102C,YDR439W,1,-4.530151,0.34175175428390503,0.6359999775886536,0.12250000238418579
YJL003W,YGR029W,0,-4.530911,0.3415682017803192,0.6359999775886536,0.1225999966263771
YMR280C,YGR253C,0,-4.531107,0.3413848578929901,0.6359999775886536,0.12269999831914902
YKL006C-A,YOL102C,0,-4.5311728,0.3412017226219177,0.6359999775886536,0.12280000001192093
YMR001C,YPR019W,0,-4.5313706,0.34101876616477966,0.6359999775886536,0.12290000170469284
YMR207C,YKL113C,0,-4.532476,0.3408360183238983,0.6359999775886536,0.12300000339746475
YPR133C,YJL087C,0,-4.5324984,0.3406534492969513,0.6359999775886536,0.12309999763965607
YJR083C,YKR034W,0,-4.5334635,0.340471088886261,0.6359999775886536,0.12319999933242798
YFR036W,YPL018W,1,-4.533624,0.3408239781856537,0.6370000243186951,0.12319999933242798
YER106W,YML124C,1,-4.53379,0.34117648005485535,0.6380000114440918,0.12319999933242798
YHR163W,YBR294W,0,-4.5342846,0.34099411964416504,0.6380000114440918,0.12330000102519989
YPL018W,YBR073W,1,-4.534396,0.3413461446762085,0.6389999985694885,0.12330000102519989
YPL169C,YML047C,0,-4.534437,0.34116390347480774,0.6389999985694885,0.1234000027179718
YAL031C,YPL233W,1,-4.535835,0.3415154814720154,0.6399999856948853,0.1234000027179718
YIL144W,YML085C,1,-4.5359497,0.341866672039032,0.640999972820282,0.1234000027179718
YBL106C,YOR083W,0,-4.536143,0.3416844308376312,0.640999972820282,0.12349999696016312
YNR008W,YGL137W,0,-4.5367103,0.3415023982524872,0.640999972820282,0.12359999865293503
YOL113W,YIL101C,0,-4.5371795,0.34132054448127747,0.640999972820282,0.12370000034570694
YNL334C,YML041C,0,-4.5373745,0.34113889932632446,0.640999972820282,0.12380000203847885
YEL071W,YOL033W,0,-4.5379887,0.3409574329853058,0.640999972820282,0.12389999628067017
YGR288W,YGR038W,0,-4.53804,0.3407761752605438,0.640999972820282,0.12399999797344208
YML047C,YHR079C-A,0,-4.5385594,0.3405951261520386,0.640999972820282,0.12409999966621399
YJR153W,YMR008C,0,-4.5392494,0.34041422605514526,0.640999972820282,0.1242000013589859
YPR134W,YGR099W,0,-4.5398393,0.34023353457450867,0.640999972820282,0.12430000305175781
YDR488C,YOR380W,0,-4.54067,0.3400530517101288,0.640999972820282,0.12439999729394913
YHR055C,YOR295W,0,-4.5411186,0.3398727476596832,0.640999972820282,0.12449999898672104
YLR321C,YDR409W,1,-4.5413623,0.34022256731987,0.6420000195503235,0.12449999898672104
YDR318W,YDR113C,1,-4.5418406,0.3405720293521881,0.6430000066757202,0.12449999898672104
YGR220C,YDR076W,0,-4.5420976,0.34039175510406494,0.6430000066757202,0.12460000067949295
YGL195W,YJR140C,0,-4.5427685,0.3402116298675537,0.6430000066757202,0.12470000237226486
YDL135C,YDR079C-A,0,-4.5435915,0.3400317430496216,0.6430000066757202,0.12479999661445618
YDL100C,YNL126W,0,-4.5443916,0.3398520052433014,0.6430000066757202,0.12489999830722809
YIL013C,YPL010W,0,-4.545358,0.3396724760532379,0.6430000066757202,0.125
YNL245C,YJL219W,0,-4.5454044,0.33949312567710876,0.6430000066757202,0.1251000016927719
YJL184W,YDR495C,0,-4.545586,0.33931398391723633,0.6430000066757202,0.12520000338554382
YOR030W,YNR052C,0,-4.546181,0.3391350209712982,0.6430000066757202,0.12530000507831573
YDL074C,YKL020C,0,-4.5467644,0.33895623683929443,0.6430000066757202,0.12540000677108765
YER133W,YGR275W,1,-4.5468073,0.33930453658103943,0.6439999938011169,0.12540000677108765
YDL008W,YBL097W,1,-4.5470185,0.3396524488925934,0.6449999809265137,0.12540000677108765
YJR084W,YNL054W,0,-4.5476594,0.339473694562912,0.6449999809265137,0.12549999356269836
YIL016W,YDR416W,0,-4.5495553,0.3392951190471649,0.6449999809265137,0.12559999525547028
YJL020C,YGR288W,0,-4.550675,0.3391167223453522,0.6449999809265137,0.1256999969482422
YOR377W,YJL201W,0,-4.5534315,0.33893850445747375,0.6449999809265137,0.1257999986410141
YGL084C,YOL104C,0,-4.5535197,0.33876049518585205,0.6449999809265137,0.125900000333786
YDR162C,YJL025W,0,-4.553573,0.3385826647281647,0.6449999809265137,0.12600000202655792
YIL026C,YOR156C,1,-4.554188,0.338929682970047,0.6460000276565552,0.12600000202655792
YGR140W,YIR010W,1,-4.5542417,0.33927634358406067,0.6470000147819519,0.12600000202655792
YHL027W,YCR084C,0,-4.5547686,0.3390985429286957,0.6470000147819519,0.12610000371932983
YFR031C,YOL006C,1,-4.5563602,0.33944472670555115,0.6480000019073486,0.12610000371932983
YMR280C,YGR095C,0,-4.5571513,0.3392670154571533,0.6480000019073486,0.12620000541210175
YPL146C,YOL066C,0,-4.557259,0.3390894830226898,0.6480000019073486,0.12630000710487366
YNL279W,YLR010C,0,-4.5573163,0.33891212940216064,0.6480000019073486,0.12639999389648438
YFR036W,YKR054C,1,-4.5595655,0.33925771713256836,0.6489999890327454,0.12639999389648438
YCR082W,YGR144W,0,-4.559789,0.33908045291900635,0.6489999890327454,0.1264999955892563
YKL032C,YCL051W,0,-4.5603943,0.33890339732170105,0.6489999890327454,0.1265999972820282
YPL051W,YJL179W,0,-4.5605373,0.3387265205383301,0.6489999890327454,0.1266999989748001
YGR163W,YGL124C,0,-4.5606966,0.33854982256889343,0.6489999890327454,0.12680000066757202
YNL021W,YER116C,0,-4.560985,0.3383733034133911,0.6489999890327454,0.12690000236034393
YPR135W,YBR073W,1,-4.561356,0.33871808648109436,0.6499999761581421,0.12690000236034393
YML112W,YJR042W,0,-4.5617423,0.3385416567325592,0.6499999761581421,0.12700000405311584
YHR079C,YHR098C,0,-4.562858,0.33836543560028076,0.6499999761581421,0.12710000574588776
YFR028C,YOR172W,0,-4.5636005,0.33818939328193665,0.6499999761581421,0.12720000743865967
YER014C-A,YPL169C,0,-4.565677,0.33801352977752686,0.6499999761581421,0.12729999423027039
YJL140W,YKL108W,0,-4.5659676,0.3378378450870514,0.6499999761581421,0.1273999959230423
YCL043C,YHR172W,0,-4.567498,0.33766233921051025,0.6499999761581421,0.1274999976158142
YLR107W,YJL026W,0,-4.567519,0.33748701214790344,0.6499999761581421,0.12759999930858612
YNR010W,YDR318W,1,-4.569038,0.3378308117389679,0.6510000228881836,0.12759999930858612
YKL025C,YPL022W,0,-4.569059,0.33765560388565063,0.6510000228881836,0.12770000100135803
YKL179C,YCR066W,0,-4.5696583,0.3374805450439453,0.6510000228881836,0.12780000269412994
YGL033W,YMR149W,0,-4.571045,0.3373056948184967,0.6510000228881836,0.12790000438690186
YHR166C,YIL144W,1,-4.57107,0.3376488983631134,0.6520000100135803,0.12790000438690186
YKL130C,YPL128C,0,-4.5715613,0.33747410774230957,0.6520000100135803,0.12800000607967377
YFR046C,YML085C,1,-4.5716243,0.33781686425209045,0.652999997138977,0.12800000607967377
YOR181W,YNL250W,0,-4.572549,0.33764219284057617,0.652999997138977,0.12809999287128448
YPR162C,YOR143C,0,-4.57439,0.3374677002429962,0.652999997138977,0.1281999945640564
YJL140W,YDR460W,0,-4.574671,0.3372933864593506,0.652999997138977,0.1282999962568283
YDL056W,YNL082W,0,-4.5750885,0.3371192514896393,0.652999997138977,0.12839999794960022
YML078W,YNL230C,0,-4.5754776,0.3369452953338623,0.652999997138977,0.12849999964237213
YOR274W,YEL004W,0,-4.575624,0.33677151799201965,0.652999997138977,0.12860000133514404
YKL093W,YDR456W,0,-4.5757065,0.3365979492664337,0.652999997138977,0.12870000302791595
YNL161W,YIL038C,0,-4.5774946,0.3364245295524597,0.652999997138977,0.12880000472068787
YDL031W,YNL126W,0,-4.577512,0.33625128865242004,0.652999997138977,0.12890000641345978
YDR106W,YDL166C,0,-4.5795093,0.3360782265663147,0.652999997138977,0.1289999932050705
YNL326C,YBR294W,0,-4.579671,0.3359053432941437,0.652999997138977,0.1290999948978424
YNL290W,YML124C,1,-4.5800967,0.3362467885017395,0.6539999842643738,0.1290999948978424
YOL044W,YOR261C,0,-4.5802083,0.33607399463653564,0.6539999842643738,0.12919999659061432
YHL034C,YMR156C,0,-4.5802207,0.3359013795852661,0.6539999842643738,0.12929999828338623
YDR446W,YHR163W,0,-4.5807366,0.3357289433479309,0.6539999842643738,0.12939999997615814
YPL101W,YOR195W,0,-4.581634,0.33555668592453003,0.6539999842643738,0.12950000166893005
YDR153C,YKR101W,0,-4.5823545,0.3353846073150635,0.6539999842643738,0.12960000336170197
YHR036W,YDR489W,0,-4.5828056,0.33521270751953125,0.6539999842643738,0.12970000505447388
YPR111W,YML028W,0,-4.5831013,0.33504098653793335,0.6539999842643738,0.1298000067472458
YGR059W,YKR001C,0,-4.583127,0.3348694443702698,0.6539999842643738,0.1298999935388565
YPR199C,YBR129C,0,-4.5836196,0.33469805121421814,0.6539999842643738,0.12999999523162842
YDR142C,YMR227C,0,-4.583984,0.3345268666744232,0.6539999842643738,0.13009999692440033
YOL130W,YPL190C,0,-4.584183,0.33435583114624023,0.6539999842643738,0.13019999861717224
YJL156C,YPL011C,0,-4.584989,0.3341849744319916,0.6539999842643738,0.13030000030994415
YDR318W,YJR112W,1,-4.5857687,0.3345250189304352,0.6549999713897705,0.13030000030994415
YJL194W,YML051W,0,-4.5862136,0.3343542516231537,0.6549999713897705,0.13040000200271606
YDL090C,YFR005C,0,-4.586305,0.3341836631298065,0.6549999713897705,0.13050000369548798
YCR038C,YDR545W,0,-4.586766,0.3340132534503937,0.6549999713897705,0.1306000053882599
YBR213W,YPL157W,0,-4.5871887,0.33384302258491516,0.6549999713897705,0.1307000070810318
YGR216C,YML127W,0,-4.587348,0.3336729407310486,0.6549999713897705,0.13079999387264252
YKL166C,YOL109W,0,-4.5882573,0.3335030674934387,0.6549999713897705,0.13089999556541443
YNL117W,YGR056W,0,-4.5885005,0.3333333432674408,0.6549999713897705,0.13099999725818634
YFL017W-A,YDR285W,0,-4.5885324,0.3331637978553772,0.6549999713897705,0.13109999895095825
YGR037C,YKL201C,0,-4.5889673,0.33299440145492554,0.6549999713897705,0.13120000064373016
YDR414C,YOR174W,0,-4.5892696,0.3328252136707306,0.6549999713897705,0.13130000233650208
YML071C,YDR238C,0,-4.589368,0.3326561748981476,0.6549999713897705,0.131400004029274
YOR156C,YAL047C,1,-4.5898776,0.3329949378967285,0.656000018119812,0.131400004029274
YJL108C,YLR329W,0,-4.59074,0.33282598853111267,0.656000018119812,0.1315000057220459
YLR182W,YMR149W,0,-4.5912824,0.33265718817710876,0.656000018119812,0.1316000074148178
YMR275C,YPL254W,0,-4.591714,0.3324885964393616,0.656000018119812,0.13169999420642853
YML006C,YNR026C,0,-4.591828,0.3323201537132263,0.656000018119812,0.13179999589920044
YCL034W,YPR139C,0,-4.5919747,0.3321518898010254,0.656000018119812,0.13189999759197235
YCL029C,YDR245W,0,-4.5921016,0.3319838047027588,0.656000018119812,0.13199999928474426
YKR002W,YDR076W,0,-4.592479,0.3318158686161041,0.656000018119812,0.13210000097751617
YOR011W,YLR096W,0,-4.5925426,0.3316481411457062,0.656000018119812,0.13220000267028809
YOR388C,YML076C,0,-4.592683,0.3314805328845978,0.656000018119812,0.13230000436306
YPL181W,YOL042W,0,-4.5932455,0.3313131332397461,0.656000018119812,0.1324000060558319
YGL191W,YDL154W,0,-4.5933986,0.33114588260650635,0.656000018119812,0.13249999284744263
YLR357W,YML124C,1,-4.5937634,0.3314833641052246,0.6570000052452087,0.13249999284744263
YBR065C,YNR054C,0,-4.5940022,0.33131617307662964,0.6570000052452087,0.13259999454021454
YJL090C,YER116C,0,-4.595521,0.3311491906642914,0.6570000052452087,0.13269999623298645
YLR274W,YDR369C,0,-4.5957007,0.33098235726356506,0.6570000052452087,0.13279999792575836
YAL031C,YJR135C,1,-4.5957484,0.33131924271583557,0.6579999923706055,0.13279999792575836
YKL032C,YNL251C,0,-4.596084,0.3311524987220764,0.6579999923706055,0.13289999961853027
YDR420W,YOR326W,0,-4.596139,0.3309859037399292,0.6579999923706055,0.13300000131130219
YGR057C,YNL246W,0,-4.59621,0.3308195173740387,0.6579999923706055,0.1331000030040741
YPL233W,YHR014W,1,-4.596238,0.33115577697753906,0.6589999794960022,0.1331000030040741
YHR158C,YBL080C,0,-4.596979,0.33098945021629333,0.6589999794960022,0.133200004696846
YMR128W,YGR072W,0,-4.597069,0.33082330226898193,0.6589999794960022,0.13330000638961792
YLR095C,YBR223C,0,-4.5972843,0.33065730333328247,0.6589999794960022,0.13339999318122864
YKL007W,YPR168W,0,-4.5975113,0.33049148321151733,0.6589999794960022,0.13349999487400055
YPL254W,YNL029C,0,-4.598032,0.33032581210136414,0.6589999794960022,0.13359999656677246
YBR243C,YDR276C,0,-4.5982556,0.33016031980514526,0.6589999794960022,0.13369999825954437
YDR498C,YGR020C,0,-4.5984273,0.3299950063228607,0.6589999794960022,0.13379999995231628
YER167W,YNL257C,0,-4.598607,0.3298298418521881,0.6589999794960022,0.1339000016450882
YOL104C,YER104W,0,-4.5992513,0.32966482639312744,0.6589999794960022,0.1340000033378601
YEL027W,YBL023C,0,-4.5997343,0.3294999897480011,0.6589999794960022,0.13410000503063202
YDL087C,YNL214W,0,-4.6006074,0.3293353319168091,0.6589999794960022,0.13420000672340393
YMR164C,YDR079C-A,0,-4.6012416,0.329170823097229,0.6589999794960022,0.13429999351501465
YAL038W,YLR417W,0,-4.60149,0.32900649309158325,0.6589999794960022,0.13439999520778656
YBR085W,YCL026C-A,0,-4.6019077,0.32884231209754944,0.6589999794960022,0.13449999690055847
YMR150C,YLR165C,0,-4.603506,0.32867830991744995,0.6589999794960022,0.13459999859333038
YJR147W,YIL051C,0,-4.603524,0.3285144567489624,0.6589999794960022,0.1347000002861023
YFR046C,YFL037W,1,-4.6038337,0.32884901762008667,0.6600000262260437,0.1347000002861023
YDL028C,YGR199W,0,-4.604072,0.3286852538585663,0.6600000262260437,0.1348000019788742
YPR031W,YKL140W,0,-4.6041923,0.32852163910865784,0.6600000262260437,0.13490000367164612
YOL005C,YDL064W,0,-4.6042643,0.3283582031726837,0.6600000262260437,0.13500000536441803
YGR188C,YLR051C,0,-4.6049213,0.32819491624832153,0.6600000262260437,0.13510000705718994
YLR163C,YDR011W,0,-4.605036,0.3280318081378937,0.6600000262260437,0.13519999384880066
YJL058C,YPL133C,0,-4.605736,0.32786884903907776,0.6600000262260437,0.13529999554157257
YFR028C,YOR332W,0,-4.605898,0.32770606875419617,0.6600000262260437,0.13539999723434448
YFR046C,YDR325W,1,-4.6066966,0.3280397057533264,0.6610000133514404,0.13539999723434448
YDR439W,YFL037W,1,-4.6069484,0.3283730149269104,0.6620000004768372,0.13539999723434448
YMR014W,YGL172W,0,-4.606998,0.3282102048397064,0.6620000004768372,0.1354999989271164
YMR280C,YDL033C,0,-4.60728,0.32804757356643677,0.6620000004768372,0.1356000006198883
YBR179C,YAL015C,0,-4.6072865,0.32788509130477905,0.6620000004768372,0.13570000231266022
YBR136W,YDR195W,0,-4.607653,0.3277227580547333,0.6620000004768372,0.13580000400543213
YBR136W,YAL017W,0,-4.6078434,0.3275606036186218,0.6620000004768372,0.13590000569820404
YIL085C,YGR202C,0,-4.6078787,0.3273986279964447,0.6620000004768372,0.13600000739097595
YPL194W,YKR028W,0,-4.6083317,0.32723677158355713,0.6620000004768372,0.13609999418258667
YOR377W,YEL019C,0,-4.608502,0.3270750939846039,0.6620000004768372,0.13619999587535858
YNR033W,YPR171W,0,-4.6086574,0.3269135653972626,0.6620000004768372,0.1362999975681305
YMR213W,YPR175W,0,-4.6090856,0.3267522156238556,0.6620000004768372,0.1363999992609024
YER104W,YOL122C,0,-4.6094775,0.32659101486206055,0.6620000004768372,0.13650000095367432
YKL165C,YNL107W,0,-4.6095777,0.32642999291419983,0.6620000004768372,0.13660000264644623
YIR013C,YGL004C,0,-4.6097965,0.32626909017562866,0.6620000004768372,0.13670000433921814
YML077W,YFR008W,0,-4.6105385,0.3261083662509918,0.6620000004768372,0.13680000603199005
YOL045W,YGL100W,0,-4.610641,0.3259478211402893,0.6620000004768372,0.13689999282360077
YMR288W,YDR238C,0,-4.6108108,0.32578739523887634,0.6620000004768372,0.13699999451637268
YIL036W,YLR032W,0,-4.6118197,0.3256271481513977,0.6620000004768372,0.1370999962091446
YDL117W,YLR039C,0,-4.611837,0.325467050075531,0.6620000004768372,0.1371999979019165
YNR010W,YMR078C,1,-4.6121106,0.32579851150512695,0.6629999876022339,0.1371999979019165
YCR010C,YKL113C,0,-4.613072,0.3256385028362274,0.6629999876022339,0.13729999959468842
YGR188C,YHR142W,0,-4.61428,0.3254786431789398,0.6629999876022339,0.13740000128746033
YJL019W,YBR156C,1,-4.6163096,0.32580962777137756,0.6639999747276306,0.13740000128746033
YOR076C,YDR177W,0,-4.616869,0.32564982771873474,0.6639999747276306,0.13750000298023224
YOR249C,YGR275W,1,-4.6170287,0.32598039507865906,0.6650000214576721,0.13750000298023224
YKR029C,YKL119C,0,-4.617295,0.3258206844329834,0.6650000214576721,0.13760000467300415
YDL181W,YIL002C,0,-4.619181,0.3256611227989197,0.6650000214576721,0.13770000636577606
YHR082C,YJL166W,0,-4.6198254,0.3255017101764679,0.6650000214576721,0.13779999315738678
YBR228W,YLR005W,0,-4.621053,0.32534247636795044,0.6650000214576721,0.1378999948501587
YDR314C,YGL049C,0,-4.6216626,0.32518336176872253,0.6650000214576721,0.1379999965429306
YDR439W,YDR409W,1,-4.6218657,0.32551318407058716,0.6660000085830688,0.1379999965429306
YBR205W,YKL034W,0,-4.621873,0.3253541886806488,0.6660000085830688,0.13809999823570251
YDR440W,YLR119W,0,-4.622236,0.3251953125,0.6660000085830688,0.13819999992847443
YOL158C,YML058W-A,0,-4.6223044,0.3250366151332855,0.6660000085830688,0.13830000162124634
YGL063W,YGR169C,0,-4.6228127,0.3248780369758606,0.6660000085830688,0.13840000331401825
YHR166C,YHR014W,1,-4.622865,0.3252072036266327,0.6669999957084656,0.13840000331401825
YJL112W,YNL026W,0,-4.623005,0.3250487446784973,0.6669999957084656,0.13850000500679016
YOR249C,YLR381W,1,-4.6230693,0.325377494096756,0.6679999828338623,0.13850000500679016
YDL148C,YOR195W,0,-4.623444,0.3252190947532654,0.6679999828338623,0.13860000669956207
YJL058C,YLR095C,0,-4.625118,0.32506081461906433,0.6679999828338623,0.1386999934911728
YPR179C,YOL104C,0,-4.625236,0.3249027132987976,0.6679999828338623,0.1387999951839447
YFL024C,YBR265W,0,-4.6257815,0.3247447609901428,0.6679999828338623,0.1388999968767166
YHR086W,YHR154W,0,-4.626954,0.32458698749542236,0.6679999828338623,0.13899999856948853
YPL194W,YDL245C,0,-4.627407,0.32442933320999146,0.6679999828338623,0.13910000026226044
YDR364C,YNL236W,0,-4.6274934,0.3242718577384949,0.6679999828338623,0.13920000195503235
YOL038W,YNL206C,0,-4.627766,0.32411450147628784,0.6679999828338623,0.13930000364780426
YLR321C,YLR272C,1,-4.628677,0.3244422972202301,0.6690000295639038,0.13930000364780426
YER173W,YHL025W,0,-4.6293964,0.32428503036499023,0.6690000295639038,0.13940000534057617
YLR246W,YCR033W,0,-4.629401,0.3241279125213623,0.6690000295639038,0.13950000703334808
YOR033C,YOL146W,0,-4.6296287,0.3239709436893463,0.6690000295639038,0.1395999938249588
YGL254W,YDR477W,0,-4.6309075,0.32381412386894226,0.6690000295639038,0.1396999955177307
YAL031C,YMR190C,1,-4.6309314,0.324141263961792,0.6700000166893005,0.1396999955177307
YOL076W,YFL060C,0,-4.631298,0.3239845335483551,0.6700000166893005,0.13979999721050262
YLR318W,YHR205W,0,-4.6317215,0.32382792234420776,0.6700000166893005,0.13989999890327454
YLR376C,YAL011W,0,-4.6319594,0.32367148995399475,0.6700000166893005,0.14000000059604645
YPL187W,YER095W,0,-4.632015,0.3235152065753937,0.6700000166893005,0.14010000228881836
YPL008W,YBL079W,1,-4.6321855,0.3238416910171509,0.6710000038146973,0.14010000228881836
YNL148C,YJR103W,0,-4.6323233,0.3236854672431946,0.6710000038146973,0.14020000398159027
YKL022C,YMR311C,1,-4.6329293,0.32401156425476074,0.671999990940094,0.14020000398159027
YGR246C,YOL156W,0,-4.6329446,0.3238554298877716,0.671999990940094,0.14030000567436218
YDR254W,YPL233W,1,-4.6333737,0.32418110966682434,0.6729999780654907,0.14030000567436218
YCR026C,YDR484W,0,-4.6335654,0.32402503490448,0.6729999780654907,0.1404000073671341
YMR190C,YML124C,1,-4.6347976,0.3243503272533417,0.6740000247955322,0.1404000073671341
YOR109W,YKR050W,0,-4.6354136,0.3241943120956421,0.6740000247955322,0.1404999941587448
YOR239W,YGL223C,0,-4.6361265,0.32403847575187683,0.6740000247955322,0.14059999585151672
YHR079C,YCL024W,0,-4.636447,0.3238827586174011,0.6740000247955322,0.14069999754428864
YNL230C,YDR314C,0,-4.636619,0.32372719049453735,0.6740000247955322,0.14079999923706055
YKL208W,YIR033W,0,-4.63709,0.3235717713832855,0.6740000247955322,0.14090000092983246
YBL035C,YML058W,0,-4.6376753,0.32341650128364563,0.6740000247955322,0.14100000262260437
YJL111W,YGR003W,0,-4.6377835,0.3232613801956177,0.6740000247955322,0.14110000431537628
YJR097W,YPR054W,0,-4.6378326,0.32310643792152405,0.6740000247955322,0.1412000060081482
YGL241W,YDL095W,0,-4.6381474,0.32295161485671997,0.6740000247955322,0.1412999927997589
YNL021W,YBL080C,0,-4.638168,0.32279694080352783,0.6740000247955322,0.14139999449253082
YNL257C,YOR132W,0,-4.638231,0.32264241576194763,0.6740000247955322,0.14149999618530273
YLR431C,YOR136W,0,-4.6384563,0.32248803973197937,0.6740000247955322,0.14159999787807465
YLR069C,YLR320W,0,-4.638772,0.32233381271362305,0.6740000247955322,0.14169999957084656
YFL024C,YLR055C,0,-4.638855,0.32217973470687866,0.6740000247955322,0.14180000126361847
YPR135W,YLR321C,1,-4.6389194,0.32250359654426575,0.675000011920929,0.14180000126361847
YIR009W,YNR048W,0,-4.6404986,0.32234957814216614,0.675000011920929,0.14190000295639038
YBL084C,YJR068W,1,-4.640813,0.3226730227470398,0.6759999990463257,0.14190000295639038
YER007W,YDR310C,0,-4.641082,0.32251909375190735,0.6759999990463257,0.1420000046491623
YJR140C,YML019W,0,-4.641154,0.32236528396606445,0.6759999990463257,0.1421000063419342
YER183C,YAL024C,0,-4.641714,0.3222116231918335,0.6759999990463257,0.14219999313354492
YOL006C,YML124C,1,-4.6420226,0.3225345313549042,0.6769999861717224,0.14219999313354492
YNR010W,YDR180W,1,-4.643128,0.322857141494751,0.6779999732971191,0.14219999313354492
YBL079W,YDR325W,1,-4.6463227,0.3231794238090515,0.6790000200271606,0.14219999313354492
YBR168W,YPR018W,0,-4.648596,0.3230257034301758,0.6790000200271606,0.14229999482631683
YAL031C,YER018C,1,-4.648643,0.3233475983142853,0.6800000071525574,0.14229999482631683
YDR503C,YJL121C,0,-4.648681,0.32319390773773193,0.6800000071525574,0.14239999651908875
YOL094C,YOL006C,1,-4.6497235,0.3235154449939728,0.6809999942779541,0.14239999651908875
YMR001C,YFL036W,0,-4.650364,0.3233618140220642,0.6809999942779541,0.14249999821186066
YGR177C,YER041W,0,-4.6511655,0.32320836186408997,0.6809999942779541,0.14259999990463257
YGR120C,YKL173W,0,-4.651523,0.3230550289154053,0.6809999942779541,0.14270000159740448
YMR298W,YOR275C,0,-4.65156,0.3229018449783325,0.6809999942779541,0.1428000032901764
YPL040C,YDR443C,0,-4.6526675,0.3227488100528717,0.6809999942779541,0.1429000049829483
YOR257W,YLR318W,0,-4.653646,0.3225959241390228,0.6809999942779541,0.14300000667572021
YMR311C,YOR156C,1,-4.6537476,0.3229166567325592,0.6819999814033508,0.14300000667572021
YBR200W,YLR330W,0,-4.6540837,0.3227638304233551,0.6819999814033508,0.14309999346733093
YGR006W,YAL016W,0,-4.654452,0.32261115312576294,0.6819999814033508,0.14319999516010284
YER014C-A,YGL016W,0,-4.6547008,0.3224586248397827,0.6819999814033508,0.14329999685287476
YIL048W,YOR076C,0,-4.6547437,0.32230624556541443,0.6819999814033508,0.14339999854564667
YOL113W,YJL087C,0,-4.655416,0.3221539855003357,0.6819999814033508,0.14350000023841858
YGL172W,YAR008W,0,-4.6571503,0.3220018744468689,0.6819999814033508,0.1436000019311905
YHR050W,YPL007C,0,-4.657223,0.3218499422073364,0.6819999814033508,0.1437000036239624
YCR086W,YML124C,1,-4.657722,0.32216981053352356,0.6830000281333923,0.1437000036239624
YGR004W,YNL097C,0,-4.6584024,0.3220179080963135,0.6830000281333923,0.14380000531673431
YDR179C,YJL091C,0,-4.658954,0.32186615467071533,0.6830000281333923,0.14390000700950623
YMR081C,YPR165W,0,-4.659493,0.3217145502567291,0.6830000281333923,0.14399999380111694
YGR041W,YDR364C,0,-4.660866,0.32156309485435486,0.6830000281333923,0.14409999549388885
YKL022C,YJR068W,1,-4.6612916,0.32188236713409424,0.6840000152587891,0.14409999549388885
YBR073W,YDR409W,1,-4.6620693,0.32220131158828735,0.6850000023841858,0.14409999549388885
YGR098C,YML124C,1,-4.6622744,0.322519987821579,0.6859999895095825,0.14409999549388885
YML104C,YHL009C,0,-4.6629696,0.32236841320991516,0.6859999895095825,0.14419999718666077
YKL165C,YKL134C,0,-4.66359,0.32221701741218567,0.6859999895095825,0.14429999887943268
YCR107W,YOR346W,0,-4.663774,0.3220657408237457,0.6859999895095825,0.1444000005722046
YLR153C,YER065C,0,-4.663793,0.32191458344459534,0.6859999895095825,0.1445000022649765
YAL024C,YGR156W,0,-4.6645646,0.3217636048793793,0.6859999895095825,0.1446000039577484
YGR220C,YHR079C-A,0,-4.6646385,0.32161274552345276,0.6859999895095825,0.14470000565052032
YBR119W,YML041C,0,-4.6647544,0.3214620351791382,0.6859999895095825,0.14480000734329224
YOR249C,YDR254W,1,-4.6651998,0.32177984714508057,0.6869999766349792,0.14480000734329224
YML062C,YGL030W,0,-4.6658835,0.32162922620773315,0.6869999766349792,0.14489999413490295
YFL022C,YDR126W,0,-4.6661096,0.3214786946773529,0.6869999766349792,0.14499999582767487
YPR168W,YKR031C,0,-4.666476,0.321328341960907,0.6869999766349792,0.14509999752044678
YDL074C,YLR007W,0,-4.66717,0.3211781084537506,0.6869999766349792,0.1451999992132187
YML098W,YKL214C,0,-4.668952,0.3210280239582062,0.6869999766349792,0.1453000009059906
YGL086W,YDR456W,0,-4.669196,0.3208780884742737,0.6869999766349792,0.1454000025987625
YIL098C,YDR416W,0,-4.669664,0.3207283020019531,0.6869999766349792,0.14550000429153442
YPL202C,YDL004W,0,-4.669817,0.3205786347389221,0.6869999766349792,0.14560000598430634
YBR160W,YER164W,0,-4.6699634,0.32042911648750305,0.6869999766349792,0.14569999277591705
YOL091W,YMR005W,0,-4.6704803,0.32027971744537354,0.6869999766349792,0.14579999446868896
YOL072W,YDR135C,0,-4.6711617,0.32013046741485596,0.6869999766349792,0.14589999616146088
YNL206C,YER190W,0,-4.6716437,0.3199813663959503,0.6869999766349792,0.1459999978542328
YLR330W,YDR240C,0,-4.6718245,0.3198324143886566,0.6869999766349792,0.1460999995470047
YOR156C,YPL233W,1,-4.672442,0.32014891505241394,0.6880000233650208,0.1460999995470047
YOR237W,YOR110W,0,-4.6732693,0.3199999928474426,0.6880000233650208,0.1462000012397766
YOR257W,YCR042C,0,-4.6733923,0.31985121965408325,0.6880000233650208,0.14630000293254852
YDR039C,YKR020W,0,-4.673412,0.3197025954723358,0.6880000233650208,0.14640000462532043
YHR099W,YDR372C,0,-4.6740346,0.3195541203022003,0.6880000233650208,0.14650000631809235
YDR284C,YDL058W,0,-4.6755147,0.31940576434135437,0.6880000233650208,0.14659999310970306
YDR208W,YOR294W,0,-4.675915,0.319257527589798,0.6880000233650208,0.14669999480247498
YBR077C,YOR159C,0,-4.675958,0.3191094696521759,0.6880000233650208,0.1467999964952469
YAL032C,YLR313C,0,-4.676267,0.3189615309238434,0.6880000233650208,0.1468999981880188
YGR010W,YOR003W,0,-4.6768675,0.3188137114048004,0.6880000233650208,0.1469999998807907
YBL009W,YBL002W,0,-4.6789603,0.3186660408973694,0.6880000233650208,0.14710000157356262
YNL326C,YBR123C,0,-4.6794286,0.3185185194015503,0.6880000233650208,0.14720000326633453
YNL031C,YOR032C,0,-4.679659,0.31837111711502075,0.6880000233650208,0.14730000495910645
YKR054C,YER133W,1,-4.6803794,0.3186863958835602,0.6890000104904175,0.14730000495910645
YPR171W,YCL066W,0,-4.6804857,0.3185390532016754,0.6890000104904175,0.14740000665187836
YBL016W,YCL061C,0,-4.680728,0.3183918595314026,0.6890000104904175,0.14749999344348907
YDL017W,YOR119C,0,-4.681004,0.3182448148727417,0.6890000104904175,0.147599995136261
YPL100W,YGL113W,0,-4.6811028,0.31809788942337036,0.6890000104904175,0.1476999968290329
YKL054C,YNL310C,0,-4.6813073,0.3179510831832886,0.6890000104904175,0.1477999985218048
YDR254W,YDR409W,1,-4.6815977,0.3182656764984131,0.6899999976158142,0.1477999985218048
YNR072W,YJL102W,0,-4.6818156,0.31811895966529846,0.6899999976158142,0.14790000021457672
YIR033W,YOR209C,0,-4.682595,0.3179723620414734,0.6899999976158142,0.14800000190734863
YGL173C,YFR051C,0,-4.683948,0.31782588362693787,0.6899999976158142,0.14810000360012054
YIL061C,YDR443C,0,-4.684436,0.3176795542240143,0.6899999976158142,0.14820000529289246
YIL037C,YBR283C,0,-4.6849284,0.31753337383270264,0.6899999976158142,0.14830000698566437
YDR086C,YLR417W,0,-4.685518,0.31738731265068054,0.6899999976158142,0.14839999377727509
YOR030W,YOR381W,0,-4.685813,0.317241370677948,0.6899999976158142,0.148499995470047
YKL146W,YKL017C,0,-4.6858716,0.3170955777168274,0.6899999976158142,0.1485999971628189
YDR030C,YFL017W-A,0,-4.6858993,0.3169499337673187,0.6899999976158142,0.14869999885559082
YGL243W,YLR396C,0,-4.686373,0.3168044090270996,0.6899999976158142,0.14880000054836273
YLR276C,YFL024C,0,-4.6864915,0.31665900349617004,0.6899999976158142,0.14890000224113464
YHR191C,YNL290W,1,-4.6865907,0.3169724643230438,0.6909999847412109,0.14890000224113464
YDL069C,YFR024C-A,0,-4.6882944,0.3168271481990814,0.6909999847412109,0.14900000393390656
YOR368W,YEL024W,0,-4.6884155,0.31668195128440857,0.6909999847412109,0.14910000562667847
YLR153C,YBR294W,0,-4.688519,0.31653687357902527,0.6909999847412109,0.14920000731945038
YJL101C,YCR106W,0,-4.6890726,0.3163919448852539,0.6909999847412109,0.1492999941110611
YMR280C,YOL012C,0,-4.689883,0.3162471354007721,0.6909999847412109,0.149399995803833
YGL153W,YOR295W,0,-4.690085,0.3161024749279022,0.6909999847412109,0.14949999749660492
YPL244C,YHR119W,0,-4.6903367,0.3159579336643219,0.6909999847412109,0.14959999918937683
YKL046C,YNL279W,0,-4.690524,0.3158135414123535,0.6909999847412109,0.14970000088214874
YPL008W,YFL037W,1,-4.690902,0.3161260783672333,0.6919999718666077,0.14970000088214874
YKL204W,YER180C-A,0,-4.691197,0.31598174571990967,0.6919999718666077,0.14980000257492065
YER074W-A,YKR014C,0,-4.6925807,0.3158375024795532,0.6919999718666077,0.14990000426769257
YBR109C,YFR019W,0,-4.6927733,0.3156934380531311,0.6919999718666077,0.15000000596046448
YPL096W,YPR139C,0,-4.692823,0.31554946303367615,0.6919999718666077,0.1500999927520752
YJL196C,YJR153W,0,-4.692961,0.31540563702583313,0.6919999718666077,0.1501999944448471
YDR272W,YGL158W,0,-4.694722,0.31526196002960205,0.6919999718666077,0.15029999613761902
YPR134W,YOL122C,0,-4.6947227,0.3151184022426605,0.6919999718666077,0.15039999783039093
YML069W,YKL125W,0,-4.69501,0.31497496366500854,0.6919999718666077,0.15049999952316284
YNL014W,YIR008C,0,-4.6954,0.3148316740989685,0.6919999718666077,0.15060000121593475
YDR358W,YDL090C,0,-4.696254,0.314688503742218,0.6919999718666077,0.15070000290870667
YDR488C,YGL144C,0,-4.6980715,0.3145454525947571,0.6919999718666077,0.15080000460147858
YLR246W,YPL045W,0,-4.69855,0.3144025504589081,0.6919999718666077,0.1509000062942505
YKR095W,YDR142C,0,-4.69877,0.31425976753234863,0.6919999718666077,0.1509999930858612
YER068W,YBL035C,0,-4.6989703,0.31411710381507874,0.6919999718666077,0.15109999477863312
YHR073W,YGL153W,0,-4.6990376,0.3139745891094208,0.6919999718666077,0.15119999647140503
YGL241W,YLR167W,0,-4.6992583,0.31383219361305237,0.6919999718666077,0.15129999816417694
YKL206C,YPR006C,0,-4.699751,0.3136899471282959,0.6919999718666077,0.15139999985694885
YMR216C,YGR185C,0,-4.700529,0.3135477900505066,0.6919999718666077,0.15150000154972076
YHR191C,YLR272C,1,-4.7026567,0.31385868787765503,0.6930000185966492,0.15150000154972076
YDL029W,YPL060W,0,-4.703031,0.3137166202068329,0.6930000185966492,0.15160000324249268
YPR135W,YIR011C,1,-4.703287,0.31402716040611267,0.6940000057220459,0.15160000324249268
YNL259C,YAL024C,0,-4.703974,0.3138851225376129,0.6940000057220459,0.1517000049352646
YMR213W,YDR363W,0,-4.7040787,0.3137432336807251,0.6940000057220459,0.1518000066280365
YKL045W,YKR050W,0,-4.704686,0.31360143423080444,0.6940000057220459,0.15189999341964722
YPL096W,YDR195W,0,-4.704885,0.3134598135948181,0.6940000057220459,0.15199999511241913
YLR259C,YGL004C,0,-4.7051644,0.31331828236579895,0.6940000057220459,0.15209999680519104
YOL051W,YGL124C,0,-4.7056017,0.3131769001483917,0.6940000057220459,0.15219999849796295
YDR384C,YOL104C,0,-4.706541,0.31303563714027405,0.6940000057220459,0.15230000019073486
YBR289W,YKL095W,0,-4.706902,0.3128944933414459,0.6940000057220459,0.15240000188350677
YLR115W,YGR186W,0,-4.706951,0.31275349855422974,0.6940000057220459,0.1525000035762787
YDR384C,YOL034W,0,-4.707132,0.3126126229763031,0.6940000057220459,0.1526000052690506
YNL221C,YCL069W,0,-4.7073426,0.312471866607666,0.6940000057220459,0.1527000069618225
YPR083W,YGL145W,0,-4.7074265,0.3123312294483185,0.6940000057220459,0.15279999375343323
YJR135C,YMR190C,1,-4.7075396,0.31264057755470276,0.6949999928474426,0.15279999375343323
YDL003W,YJR068W,1,-4.707632,0.31294962763786316,0.6959999799728394,0.15279999375343323
YMR311C,YAR018C,1,-4.707972,0.31325843930244446,0.6970000267028809,0.15279999375343323
YDR276C,YKL034W,0,-4.7085395,0.31311771273612976,0.6970000267028809,0.15289999544620514
YOL017W,YOL033W,0,-4.7087436,0.3129771053791046,0.6970000267028809,0.15299999713897705
YGL090W,YHR160C,0,-4.7089024,0.312836617231369,0.6970000267028809,0.15309999883174896
YKL165C,YIL013C,0,-4.7099547,0.31269627809524536,0.6970000267028809,0.15320000052452087
YPR049C,YJL194W,0,-4.710532,0.31255605816841125,0.6970000267028809,0.15330000221729279
YPL076W,YPR162C,0,-4.711114,0.3124159574508667,0.6970000267028809,0.1534000039100647
YDR240C,YBR283C,0,-4.711152,0.3122759759426117,0.6970000267028809,0.1535000056028366
YJR112W,YOL094C,1,-4.7129874,0.31258395314216614,0.6980000138282776,0.1535000056028366
YLR377C,YBR172C,0,-4.71321,0.3124440610408783,0.6980000138282776,0.15360000729560852
YJL026W,YBR058C-A,0,-4.713483,0.3123042583465576,0.6980000138282776,0.15369999408721924
YLR078C,YLR353W,0,-4.713896,0.3121645748615265,0.6980000138282776,0.15379999577999115
YCL061C,YBR079C,0,-4.714113,0.3120250403881073,0.6980000138282776,0.15389999747276306
YLR459W,YPR051W,0,-4.715612,0.31188562512397766,0.6980000138282776,0.15399999916553497
YER007W,YOL072W,0,-4.7161994,0.3117463290691376,0.6980000138282776,0.15410000085830688
YMR285C,YDL043C,0,-4.716726,0.31160715222358704,0.6980000138282776,0.1542000025510788
YPR105C,YDR434W,0,-4.716948,0.31146809458732605,0.6980000138282776,0.1543000042438507
YAR018C,YER018C,1,-4.7171097,0.31177520751953125,0.6990000009536743,0.1543000042438507
YPL233W,YFL037W,1,-4.7171354,0.3120820224285126,0.699999988079071,0.1543000042438507
YDR446W,YNR013C,0,-4.717196,0.3119429647922516,0.699999988079071,0.15440000593662262
YER133W,YAR018C,1,-4.7179728,0.31224945187568665,0.7009999752044678,0.15440000593662262
YMR004W,YOR266W,0,-4.718057,0.31211042404174805,0.7009999752044678,0.15449999272823334
YMR137C,YKR062W,0,-4.7183022,0.311971515417099,0.7009999752044678,0.15459999442100525
YJR125C,YAL032C,0,-4.7184606,0.3118327260017395,0.7009999752044678,0.15469999611377716
YDL003W,YBL079W,1,-4.7188625,0.31213873624801636,0.7020000219345093,0.15469999611377716
YDR254W,YDR113C,1,-4.718896,0.31244444847106934,0.703000009059906,0.15469999611377716
YBL082C,YOR057W,0,-4.719738,0.31230562925338745,0.703000009059906,0.15479999780654907
YJR153W,YDR477W,0,-4.720246,0.3121669590473175,0.703000009059906,0.15489999949932098
YJL058C,YMR022W,0,-4.720364,0.3120284080505371,0.703000009059906,0.1550000011920929
YLL043W,YGR238C,0,-4.7207704,0.31188997626304626,0.703000009059906,0.1551000028848648
YMR311C,YFR031C,1,-4.7208495,0.3121951222419739,0.7039999961853027,0.1551000028848648
YBR236C,YOR362C,0,-4.7218194,0.3120567500591278,0.7039999961853027,0.15520000457763672
YGL124C,YDR292C,0,-4.7228465,0.3119184672832489,0.7039999961853027,0.15530000627040863
YMR225C,YGR009C,0,-4.7229366,0.31178033351898193,0.7039999961853027,0.15539999306201935
YKL006C-A,YNL310C,0,-4.7229805,0.3116423189640045,0.7039999961853027,0.15549999475479126
YNL318C,YMR139W,0,-4.723297,0.31150442361831665,0.7039999961853027,0.15559999644756317
YDL155W,YDR198C,0,-4.7236743,0.31136664748191833,0.7039999961853027,0.15569999814033508
YNL271C,YPL268W,0,-4.7239575,0.31122899055480957,0.7039999961853027,0.155799999833107
YBL023C,YOR103C,0,-4.724678,0.31109148263931274,0.7039999961853027,0.1559000015258789
YKL007W,YJR140C,0,-4.7255774,0.3109540641307831,0.7039999961853027,0.15600000321865082
YNL148C,YGL254W,0,-4.7257557,0.31081676483154297,0.7039999961853027,0.15610000491142273
YLR450W,YGR238C,0,-4.72616,0.3106796145439148,0.7039999961853027,0.15620000660419464
YGL032C,YHR204W,0,-4.7263255,0.3105425536632538,0.7039999961853027,0.15629999339580536
YGR276C,YGL093W,0,-4.7263665,0.3104056417942047,0.7039999961853027,0.15639999508857727
YDR183W,YAR008W,0,-4.726891,0.3102688491344452,0.7039999961853027,0.15649999678134918
YPL153C,YLR043C,0,-4.727578,0.31013214588165283,0.7039999961853027,0.1565999984741211
YBR038W,YPL022W,0,-4.728728,0.3099955916404724,0.7039999961853027,0.156700000166893
YLR321C,YOL006C,1,-4.728741,0.3102993071079254,0.7049999833106995,0.156700000166893
YFR046C,YOR156C,1,-4.7288046,0.31060272455215454,0.7059999704360962,0.156700000166893
YKL001C,YHR079C-A,0,-4.7289686,0.31046614050865173,0.7059999704360962,0.15680000185966492
YDL074C,YDL084W,0,-4.7292504,0.3103296756744385,0.7059999704360962,0.15690000355243683
YMR014W,YDR289C,0,-4.729451,0.31019333004951477,0.7059999704360962,0.15700000524520874
YNL166C,YLR320W,0,-4.730241,0.3100571036338806,0.7059999704360962,0.15710000693798065
YKL049C,YNL290W,1,-4.7311554,0.3103599548339844,0.7070000171661377,0.15710000693798065
YPR175W,YOR367W,0,-4.7314043,0.310223788022995,0.7070000171661377,0.15719999372959137
YBL022C,YKL203C,0,-4.731616,0.3100877106189728,0.7070000171661377,0.15729999542236328
YPR179C,YHR067W,0,-4.7318277,0.3099517822265625,0.7070000171661377,0.1573999971151352
YGR063C,YOL006C,1,-4.7319584,0.31025415658950806,0.7080000042915344,0.1573999971151352
YFL057C,YPL153C,0,-4.7320333,0.31011825799942017,0.7080000042915344,0.1574999988079071
YHR187W,YBR275C,0,-4.732157,0.3099824786186218,0.7080000042915344,0.15760000050067902
YDR228C,YML095C,0,-4.7322526,0.30984681844711304,0.7080000042915344,0.15770000219345093
YPL227C,YBR057C,0,-4.7328973,0.3097112774848938,0.7080000042915344,0.15780000388622284
YGR212W,YKL126W,0,-4.7330832,0.3095758557319641,0.7080000042915344,0.15790000557899475
YPL137C,YDR180W,1,-4.7333927,0.3098776340484619,0.7089999914169312,0.15790000557899475
YNL325C,YKL008C,0,-4.7346044,0.3097422420978546,0.7089999914169312,0.15800000727176666
YDR160W,YOL109W,0,-4.7348876,0.30960699915885925,0.7089999914169312,0.15809999406337738
YMR224C,YGL167C,0,-4.7355556,0.30947184562683105,0.7089999914169312,0.1581999957561493
YNL216W,YMR175W,0,-4.736453,0.3093368113040924,0.7089999914169312,0.1582999974489212
YKL032C,YKR101W,0,-4.736807,0.3092019259929657,0.7089999914169312,0.15839999914169312
YLR176C,YJR126C,0,-4.736995,0.30906713008880615,0.7089999914169312,0.15850000083446503
YHR074W,YKR001C,0,-4.737672,0.30893245339393616,0.7089999914169312,0.15860000252723694
YGR024C,YNR039C,0,-4.7389674,0.3087978959083557,0.7089999914169312,0.15870000422000885
YNL106C,YDL079C,0,-4.7392435,0.3086634874343872,0.7089999914169312,0.15880000591278076
YBR200W,YCL034W,0,-4.7395463,0.30852916836738586,0.7089999914169312,0.15889999270439148
YDR446W,YBR061C,0,-4.739933,0.3083949685096741,0.7089999914169312,0.1589999943971634
YIL061C,YHR099W,0,-4.7409143,0.30826085805892944,0.7089999914169312,0.1590999960899353
YOR030W,YGR004W,0,-4.741526,0.30812689661979675,0.7089999914169312,0.15919999778270721
YDL017W,YER178W,0,-4.7418184,0.3079930543899536,0.7089999914169312,0.15929999947547913
YDR221W,YJL063C,0,-4.7419386,0.30785930156707764,0.7089999914169312,0.15940000116825104
YLR086W,YHR014W,1,-4.742667,0.3081597089767456,0.7099999785423279,0.15940000116825104
YOR250C,YDR255C,0,-4.743656,0.3080260157585144,0.7099999785423279,0.15950000286102295
YKL204W,YHR178W,0,-4.744488,0.30789244174957275,0.7099999785423279,0.15960000455379486
YAL043C,YPL029W,0,-4.744655,0.30775898694992065,0.7099999785423279,0.15970000624656677
YML057W,YJR043C,0,-4.7446666,0.3076256513595581,0.7099999785423279,0.1597999930381775
YIL033C,YMR168C,0,-4.744908,0.3074924349784851,0.7099999785423279,0.1598999947309494
YKL138C-A,YPL154C,0,-4.7454605,0.3073593080043793,0.7099999785423279,0.1599999964237213
YJR031C,YLR427W,0,-4.745749,0.307226300239563,0.7099999785423279,0.16009999811649323
YBR201W,YFR040W,0,-4.745883,0.30709341168403625,0.7099999785423279,0.16019999980926514
YAL058W,YDL207W,0,-4.7466006,0.3069606423377991,0.7099999785423279,0.16030000150203705
YHR166C,YDL003W,1,-4.747344,0.3072601556777954,0.7110000252723694,0.16030000150203705
YER017C,YMR293C,0,-4.7474,0.3071274161338806,0.7110000252723694,0.16040000319480896
YBR236C,YPL194W,0,-4.747552,0.30699482560157776,0.7110000252723694,0.16050000488758087
YGR144W,YHL009C,0,-4.7477684,0.30686232447624207,0.7110000252723694,0.16060000658035278
YJR119C,YDR277C,0,-4.7483535,0.3067299425601959,0.7110000252723694,0.1606999933719635
YGR003W,YHR012W,0,-4.748413,0.30659767985343933,0.7110000252723694,0.1607999950647354
YNL031C,YLR305C,0,-4.7487,0.3064655065536499,0.7110000252723694,0.16089999675750732
YGL173C,YGL244W,0,-4.749951,0.3063334822654724,0.7110000252723694,0.16099999845027924
YDR323C,YAR035W,0,-4.7499948,0.3062015473842621,0.7110000252723694,0.16110000014305115
YER106W,YFL008W,1,-4.75094,0.30650022625923157,0.7120000123977661,0.16110000014305115
YDR420W,YNL253W,0,-4.7516675,0.30636832118034363,0.7120000123977661,0.16120000183582306
YKL002W,YDR486C,0,-4.751986,0.3062365651130676,0.7120000123977661,0.16130000352859497
YDR030C,YER162C,0,-4.752009,0.3061048984527588,0.7120000123977661,0.16140000522136688
YER017C,YER100W,0,-4.753167,0.3059733510017395,0.7120000123977661,0.1615000069141388
YLR033W,YKL212W,0,-4.753753,0.30584192276000977,0.7120000123977661,0.1615999937057495
YML065W,YMR236W,0,-4.755541,0.3057106137275696,0.7120000123977661,0.16169999539852142
YJL094C,YER180C-A,0,-4.7557364,0.30557939410209656,0.7120000123977661,0.16179999709129333
YMR004W,YDR407C,0,-4.755973,0.3054482936859131,0.7120000123977661,0.16189999878406525
YMR212C,YDR473C,0,-4.7560015,0.30531731247901917,0.7120000123977661,0.16200000047683716
YIR004W,YAL032C,0,-4.7561007,0.3051864504814148,0.7120000123977661,0.16210000216960907
YJR112W,YFL037W,1,-4.7561183,0.3054841458797455,0.7129999995231628,0.16210000216960907
YIL118W,YOR060C,0,-4.7561703,0.3053533136844635,0.7129999995231628,0.16220000386238098
YCR086W,YER133W,1,-4.756329,0.3056506812572479,0.7139999866485596,0.16220000386238098
YIL009W,YGR281W,0,-4.756986,0.3055199086666107,0.7139999866485596,0.1623000055551529
YBR073W,YML085C,1,-4.7570124,0.3058169484138489,0.7149999737739563,0.1623000055551529
YDR524C,YGR199W,0,-4.757103,0.30568617582321167,0.7149999737739563,0.1624000072479248
YDL220C,YDL002C,0,-4.7578773,0.3055555522441864,0.7149999737739563,0.16249999403953552
YDR217C,YGR276C,0,-4.7580233,0.3054250180721283,0.7149999737739563,0.16259999573230743
YMR101C,YLR417W,0,-4.7580895,0.30529463291168213,0.7149999737739563,0.16269999742507935
YPL233W,YIL144W,1,-4.758299,0.3055911362171173,0.7160000205039978,0.16269999742507935
YDL002C,YMR227C,0,-4.758744,0.30546075105667114,0.7160000205039978,0.16279999911785126
YNL135C,YOL059W,0,-4.7590456,0.3053304851055145,0.7160000205039978,0.16290000081062317
YGL257C,YJR043C,0,-4.7590494,0.30520033836364746,0.7160000205039978,0.16300000250339508
YJL122W,YOL104C,0,-4.7592,0.30507031083106995,0.7160000205039978,0.163100004196167
YDL052C,YDR213W,0,-4.759348,0.3049403727054596,0.7160000205039978,0.1632000058889389
YNL282W,YPL157W,0,-4.759929,0.3048105537891388,0.7160000205039978,0.16329999268054962
YDR409W,YOL006C,1,-4.7599497,0.30510637164115906,0.7170000076293945,0.16329999268054962
YHR115C,YNL068C,0,-4.7605944,0.30497661232948303,0.7170000076293945,0.16339999437332153
YEL036C,YJL214W,0,-4.760711,0.30484694242477417,0.7170000076293945,0.16349999606609344
YBR038W,YOR188W,0,-4.760795,0.30471739172935486,0.7170000076293945,0.16359999775886536
YOR117W,YGR212W,0,-4.761186,0.3045879304409027,0.7170000076293945,0.16369999945163727
YJR092W,YBL055C,0,-4.76147,0.3044585883617401,0.7170000076293945,0.16380000114440918
YJL014W,YBR077C,0,-4.7617717,0.30432936549186707,0.7170000076293945,0.1639000028371811
YJL071W,YOL009C,0,-4.7618437,0.30420026183128357,0.7170000076293945,0.164000004529953
YJL024C,YMR197C,0,-4.7622347,0.30407124757766724,0.7170000076293945,0.16410000622272491
YOR026W,YOR371C,0,-4.7622766,0.30394235253334045,0.7170000076293945,0.16419999301433563
YMR277W,YER108C,0,-4.763225,0.30381354689598083,0.7170000076293945,0.16429999470710754
YOR253W,YDR372C,0,-4.7632613,0.30368489027023315,0.7170000076293945,0.16439999639987946
YNR008W,YER169W,0,-4.764628,0.30355632305145264,0.7170000076293945,0.16449999809265137
YPL137C,YJL074C,1,-4.7651315,0.30385103821754456,0.7179999947547913,0.16449999809265137
YOL016C,YJR153W,0,-4.7659025,0.3037225008010864,0.7179999947547913,0.16459999978542328
YDR302W,YLR010C,0,-4.766739,0.30359408259391785,0.7179999947547913,0.1647000014781952
YGR056W,YNL066W,0,-4.7670665,0.30346575379371643,0.7179999947547913,0.1648000031709671
YKL053C-A,YDR515W,0,-4.767465,0.30333754420280457,0.7179999947547913,0.164900004863739
YGL180W,YLR262C,0,-4.7675576,0.30320945382118225,0.7179999947547913,0.16500000655651093
YPL101W,YHR102W,0,-4.767655,0.3030814826488495,0.7179999947547913,0.16509999334812164
YOL017W,YLR309C,0,-4.768054,0.3029536008834839,0.7179999947547913,0.16519999504089355
YNL242W,YGR212W,0,-4.7681074,0.30282580852508545,0.7179999947547913,0.16529999673366547
YPL267W,YBR083W,0,-4.7681255,0.30269813537597656,0.7179999947547913,0.16539999842643738
YMR055C,YKL019W,0,-4.7681518,0.3025705814361572,0.7179999947547913,0.1655000001192093
YGL150C,YOR266W,0,-4.769034,0.30244314670562744,0.7179999947547913,0.1656000018119812
YBL097W,YAL031C,1,-4.769478,0.3027368485927582,0.718999981880188,0.1656000018119812
YDL044C,YOR140W,0,-4.7695804,0.3026094138622284,0.718999981880188,0.1657000035047531
YDR176W,YNL167C,0,-4.769609,0.30248212814331055,0.718999981880188,0.16580000519752502
YLR055C,YNL246W,0,-4.769939,0.30235493183135986,0.718999981880188,0.16590000689029694
YKR008W,YML001W,0,-4.7700486,0.30222782492637634,0.718999981880188,0.16599999368190765
YOR094W,YPR200C,0,-4.7710266,0.3021008372306824,0.718999981880188,0.16609999537467957
YBR186W,YDR481C,0,-4.771213,0.30197396874427795,0.718999981880188,0.16619999706745148
YDR138W,YOR261C,0,-4.771303,0.3018471896648407,0.718999981880188,0.1662999987602234
YHR158C,YER142C,0,-4.77182,0.301720529794693,0.718999981880188,0.1664000004529953
YDL117W,YJR052W,0,-4.772387,0.30159395933151245,0.718999981880188,0.1665000021457672
YHL040C,YIL023C,0,-4.773851,0.30146750807762146,0.718999981880188,0.16660000383853912
YOL004W,YGL112C,0,-4.774367,0.30134114623069763,0.718999981880188,0.16670000553131104
YBL041W,YJR010C-A,0,-4.774484,0.30121490359306335,0.718999981880188,0.16680000722408295
YDL028C,YIL022W,0,-4.774847,0.30108878016471863,0.718999981880188,0.16689999401569366
YOR308C,YDR330W,0,-4.7753057,0.30096274614334106,0.718999981880188,0.16699999570846558
YDR254W,YBR073W,1,-4.7754617,0.3012552261352539,0.7200000286102295,0.16699999570846558
YJL179W,YJR153W,0,-4.776242,0.30112922191619873,0.7200000286102295,0.1670999974012375
YJR057W,YNL049C,0,-4.776791,0.3010033369064331,0.7200000286102295,0.1671999990940094
YPR037C,YNL304W,0,-4.7773056,0.30087757110595703,0.7200000286102295,0.1673000007867813
YOR304W,YDR323C,0,-4.7783294,0.30075186491012573,0.7200000286102295,0.16740000247955322
YDL095W,YML097C,0,-4.7785745,0.30062630772590637,0.7200000286102295,0.16750000417232513
YNL127W,YPR139C,0,-4.778814,0.3005008399486542,0.7200000286102295,0.16760000586509705
YJL085W,YOR123C,0,-4.778881,0.30037546157836914,0.7200000286102295,0.16769999265670776
YGR070W,YML109W,0,-4.779099,0.30025020241737366,0.7200000286102295,0.16779999434947968
YHR129C,YJL094C,0,-4.780589,0.3001250624656677,0.7200000286102295,0.1678999960422516
YPR054W,YBR172C,0,-4.7807765,0.30000001192092896,0.7200000286102295,0.1679999977350235
YNL091W,YGR059W,0,-4.780948,0.29987505078315735,0.7200000286102295,0.1680999994277954
YNR010W,YDR409W,1,-4.7810574,0.300166517496109,0.7210000157356262,0.1680999994277954
YPR112C,YMR218C,0,-4.781084,0.3000416159629822,0.7210000157356262,0.16820000112056732
YGL070C,YML041C,0,-4.781194,0.2999168038368225,0.7210000157356262,0.16830000281333923
YGR171C,YDR228C,0,-4.7812867,0.2997921109199524,0.7210000157356262,0.16840000450611115
YPL139C,YDL058W,0,-4.781309,0.29966750741004944,0.7210000157356262,0.16850000619888306
YDL120W,YJL139C,0,-4.781449,0.29954299330711365,0.7210000157356262,0.16859999299049377
YPR051W,YKL074C,0,-4.7815905,0.2994185984134674,0.7210000157356262,0.16869999468326569
YBR133C,YJR126C,0,-4.782602,0.2992943227291107,0.7210000157356262,0.1687999963760376
YNL218W,YER151C,0,-4.7826505,0.2991701364517212,0.7210000157356262,0.1688999980688095
YBL047C,YHR163W,0,-4.7827005,0.29904603958129883,0.7210000157356262,0.16899999976158142
YGL066W,YOL093W,0,-4.7827883,0.298922061920166,0.7210000157356262,0.16910000145435333
YNL169C,YOR229W,0,-4.7830024,0.29879817366600037,0.7210000157356262,0.16920000314712524
YAR031W,YNL309W,0,-4.7836423,0.29867440462112427,0.7210000157356262,0.16930000483989716
YOL133W,YJL168C,0,-4.7837753,0.29855072498321533,0.7210000157356262,0.16940000653266907
YDL004W,YNL329C,0,-4.784272,0.29842716455459595,0.7210000157356262,0.16949999332427979
YPL119C,YOR117W,0,-4.7843184,0.2983036935329437,0.7210000157356262,0.1695999950170517
YMR212C,YAR008W,0,-4.7845397,0.29818031191825867,0.7210000157356262,0.1696999967098236
YEL037C,YML027W,0,-4.784798,0.29805704951286316,0.7210000157356262,0.16979999840259552
YNR010W,YFL037W,1,-4.7848344,0.2983471155166626,0.722000002861023,0.16979999840259552
YKL048C,YFR009W,0,-4.784991,0.2982238829135895,0.722000002861023,0.16990000009536743
YHR036W,YPL138C,0,-4.785706,0.2981007397174835,0.722000002861023,0.17000000178813934
YJL203W,YFL033C,0,-4.7862206,0.2979777157306671,0.722000002861023,0.17010000348091125
YGR133W,YFL017W-A,0,-4.7880125,0.29785478115081787,0.722000002861023,0.17020000517368317
YOR304W,YGL210W,0,-4.788376,0.2977319657802582,0.722000002861023,0.17030000686645508
YHR191C,YLR321C,1,-4.788561,0.29802143573760986,0.7229999899864197,0.17030000686645508
YKR034W,YGL144C,0,-4.7898836,0.29789865016937256,0.7229999899864197,0.1703999936580658
YBR153W,YKR089C,0,-4.7904773,0.2977759540081024,0.7229999899864197,0.1704999953508377
YLR429W,YDR501W,0,-4.7915316,0.29765334725379944,0.7229999899864197,0.17059999704360962
YDR254W,YKL049C,1,-4.7915955,0.2979423999786377,0.7239999771118164,0.17059999704360962
YGL222C,YBR097W,0,-4.7918644,0.2978198230266571,0.7239999771118164,0.17069999873638153
YBR085W,YGL135W,0,-4.792206,0.29769736528396606,0.7239999771118164,0.17080000042915344
YJR125C,YEL019C,0,-4.7923517,0.2975749969482422,0.7239999771118164,0.17090000212192535
YJL203W,YLR176C,0,-4.793349,0.29745274782180786,0.7239999771118164,0.17100000381469727
YPR075C,YCL063W,0,-4.794685,0.2973305881023407,0.7239999771118164,0.17110000550746918
YIL031W,YOR087W,0,-4.7948046,0.2972085475921631,0.7239999771118164,0.1712000072002411
YDR421W,YMR037C,0,-4.794965,0.29708659648895264,0.7239999771118164,0.1712999939918518
YNL059C,YHL007C,0,-4.7954817,0.29696473479270935,0.7239999771118164,0.17139999568462372
YGR261C,YBR265W,0,-4.7955046,0.2968429625034332,0.7239999771118164,0.17149999737739563
YJL219W,YNL304W,0,-4.795561,0.29672130942344666,0.7239999771118164,0.17159999907016754
YHR193C,YDR126W,0,-4.795863,0.29659974575042725,0.7239999771118164,0.17170000076293945
YDR160W,YGR005C,0,-4.795894,0.2964783012866974,0.7239999771118164,0.17180000245571136
YOR058C,YPR037C,0,-4.796097,0.2963569462299347,0.7239999771118164,0.17190000414848328
YBL026W,YGR038W,0,-4.796123,0.29623568058013916,0.7239999771118164,0.1720000058412552
YNL003C,YFR033C,0,-4.796306,0.2961145341396332,0.7239999771118164,0.1720999926328659
YER068W,YOL031C,0,-4.796327,0.295993447303772,0.7239999771118164,0.17219999432563782
YMR255W,YML062C,0,-4.796878,0.2958725094795227,0.7239999771118164,0.17229999601840973
YJR060W,YML034W,1,-4.79711,0.29616013169288635,0.7250000238418579,0.17229999601840973
YGL100W,YNL222W,0,-4.7971363,0.2960391938686371,0.7250000238418579,0.17239999771118164
YFL057C,YBR216C,0,-4.7973604,0.29591837525367737,0.7250000238418579,0.17249999940395355
YCR026C,YGR081C,0,-4.797441,0.2957976460456848,0.7250000238418579,0.17260000109672546
YHR191C,YJL074C,1,-4.797795,0.29608482122421265,0.7260000109672546,0.17260000109672546
YGL144C,YIR015W,0,-4.797817,0.2959641218185425,0.7260000109672546,0.17270000278949738
YPL115C,YDR276C,0,-4.797937,0.2958435118198395,0.7260000109672546,0.1728000044822693
YLR304C,YJR140C,0,-4.798049,0.295723021030426,0.7260000109672546,0.1729000061750412
YHR164C,YER166W,0,-4.798326,0.29560261964797974,0.7260000109672546,0.17299999296665192
YBR177C,YPR054W,0,-4.7985106,0.2954823076725006,0.7260000109672546,0.17309999465942383
YGL130W,YGL098W,0,-4.799394,0.29536208510398865,0.7260000109672546,0.17319999635219574
YNL223W,YOR257W,0,-4.799528,0.29524198174476624,0.7260000109672546,0.17329999804496765
YOL095C,YNL006W,0,-4.7999244,0.2951219379901886,0.7260000109672546,0.17339999973773956
YLR170C,YAL029C,0,-4.8002276,0.2950020432472229,0.7260000109672546,0.17350000143051147
YJR147W,YPR088C,0,-4.8010845,0.294882208108902,0.7260000109672546,0.1736000031232834
YER095W,YNL090W,0,-4.801447,0.2947624921798706,0.7260000109672546,0.1737000048160553
YHR073W,YKR028W,0,-4.80155,0.2946428656578064,0.7260000109672546,0.1738000065088272
YOR144C,YGR267C,0,-4.8016224,0.29452332854270935,0.7260000109672546,0.17389999330043793
YGL100W,YDR200C,0,-4.801849,0.29440388083457947,0.7260000109672546,0.17399999499320984
YKR095W,YOR328W,0,-4.8024173,0.29428455233573914,0.7260000109672546,0.17409999668598175
YGL021W,YKR008W,0,-4.8034377,0.29416531324386597,0.7260000109672546,0.17419999837875366
YOR329C,YOR194C,0,-4.8039103,0.29404616355895996,0.7260000109672546,0.17430000007152557
YNR058W,YJL025W,0,-4.8041306,0.2939271330833435,0.7260000109672546,0.17440000176429749
YAR003W,YPL157W,0,-4.8041863,0.2938081622123718,0.7260000109672546,0.1745000034570694
YML127W,YBR077C,0,-4.804759,0.2936893105506897,0.7260000109672546,0.1746000051498413
YGR275W,YER018C,1,-4.8057585,0.29397493600845337,0.7269999980926514,0.1746000051498413
YOR249C,YPL018W,1,-4.805853,0.29426029324531555,0.7279999852180481,0.1746000051498413
YBL097W,YDR318W,1,-4.8059707,0.294545441865921,0.7289999723434448,0.1746000051498413
YBL084C,YJL019W,1,-4.8059816,0.2948303818702698,0.7300000190734863,0.1746000051498413
YGL253W,YGR144W,0,-4.806373,0.2947113513946533,0.7300000190734863,0.17470000684261322
YOR033C,YLR396C,0,-4.8068295,0.29459241032600403,0.7300000190734863,0.17479999363422394
YHR166C,YPL137C,1,-4.807425,0.29487696290016174,0.7310000061988831,0.17479999363422394
YKR034W,YGL207W,0,-4.807472,0.29475805163383484,0.7310000061988831,0.17489999532699585
YPR179C,YPL214C,0,-4.807587,0.2946392595767975,0.7310000061988831,0.17499999701976776
YAL031C,YJL074C,1,-4.80823,0.29492345452308655,0.7319999933242798,0.17499999701976776
YLR189C,YBR081C,0,-4.808664,0.2948046624660492,0.7319999933242798,0.17509999871253967
YBR110W,YPL155C,0,-4.809253,0.2946859896183014,0.7319999933242798,0.17520000040531158
YGL223C,YDL044C,0,-4.8094993,0.29456740617752075,0.7319999933242798,0.1753000020980835
YJL074C,YGR063C,1,-4.8097644,0.294851154088974,0.7329999804496765,0.1753000020980835
YDR409W,YGR063C,1,-4.8097897,0.29513469338417053,0.734000027179718,0.1753000020980835
YLR429W,YPR131C,0,-4.8098454,0.2950160801410675,0.734000027179718,0.1754000037908554
YML110C,YKL108W,0,-4.8100758,0.29489755630493164,0.734000027179718,0.17550000548362732
YJR001W,YIL150C,0,-4.8106165,0.29477912187576294,0.734000027179718,0.17560000717639923
YBL103C,YOR308C,0,-4.8106427,0.2946607768535614,0.734000027179718,0.17569999396800995
YDR434W,YOR106W,0,-4.8107743,0.294542521238327,0.734000027179718,0.17579999566078186
YML104C,YOR098C,0,-4.8112803,0.2944243848323822,0.734000027179718,0.17589999735355377
YKL055C,YDR235W,0,-4.8116536,0.29430633783340454,0.734000027179718,0.17599999904632568
YML112W,YBL026W,0,-4.81234,0.29418838024139404,0.734000027179718,0.1761000007390976
YML095C,YNL334C,0,-4.812397,0.2940705120563507,0.734000027179718,0.1762000024318695
YNL021W,YLR417W,0,-4.8126645,0.29395273327827454,0.734000027179718,0.17630000412464142
YAR002W,YGL058W,0,-4.8132057,0.2938350737094879,0.734000027179718,0.17640000581741333
YEL019C,YLR200W,0,-4.813518,0.29371747374534607,0.734000027179718,0.17649999260902405
YOR076C,YPL042C,0,-4.813552,0.2935999929904938,0.734000027179718,0.17659999430179596
YFR027W,YPL137C,1,-4.814552,0.29388245940208435,0.7350000143051147,0.17659999430179596
YIL017C,YLR396C,0,-4.814814,0.29376497864723206,0.7350000143051147,0.17669999599456787
YDL090C,YOR367W,0,-4.815136,0.2936476171016693,0.7350000143051147,0.17679999768733978
YNL225C,YLR088W,0,-4.815373,0.29353034496307373,0.7350000143051147,0.1768999993801117
YFR036W,YLR086W,1,-4.8155274,0.2938123643398285,0.7360000014305115,0.1768999993801117
YFR019W,YMR067C,0,-4.815545,0.2936951220035553,0.7360000014305115,0.1770000010728836
YNL230C,YDR283C,0,-4.81582,0.29357796907424927,0.7360000014305115,0.17710000276565552
YPR049C,YMR273C,0,-4.815866,0.2934609353542328,0.7360000014305115,0.17720000445842743
YDR216W,YOR049C,0,-4.816094,0.2933439612388611,0.7360000014305115,0.17730000615119934
YER032W,YHR015W,0,-4.8170676,0.29322710633277893,0.7360000014305115,0.17739999294281006
YGL113W,YER100W,0,-4.8175144,0.29311031103134155,0.7360000014305115,0.17749999463558197
YDR296W,YDR515W,0,-4.8187532,0.2929936349391937,0.7360000014305115,0.17759999632835388
YCR075C,YMR036C,0,-4.818928,0.29287704825401306,0.7360000014305115,0.1776999980211258
YOL135C,YLR141W,0,-4.8190823,0.29276055097579956,0.7360000014305115,0.1777999997138977
YOR144C,YJL210W,0,-4.8193803,0.2926441431045532,0.7360000014305115,0.17790000140666962
YDR456W,YOL055C,0,-4.819922,0.29252782464027405,0.7360000014305115,0.17800000309944153
YJR083C,YMR322C,0,-4.8204355,0.29241159558296204,0.7360000014305115,0.17810000479221344
YBR114W,YDR285W,0,-4.8215647,0.2922954857349396,0.7360000014305115,0.17820000648498535
YLR095C,YDR477W,0,-4.8220243,0.2921794354915619,0.7360000014305115,0.17829999327659607
YPR037C,YGL153W,0,-4.8222666,0.29206350445747375,0.7360000014305115,0.17839999496936798
YGR238C,YGR186W,0,-4.823356,0.2919476330280304,0.7360000014305115,0.1784999966621399
YGL033W,YDR148C,0,-4.8238344,0.2918318808078766,0.7360000014305115,0.1785999983549118
YKR083C,YMR182C,0,-4.823953,0.29171621799468994,0.7360000014305115,0.17870000004768372
YGR140W,YPL200W,1,-4.8240123,0.2919968366622925,0.7369999885559082,0.17870000004768372
YMR032W,YFL013C,0,-4.8241434,0.29188117384910583,0.7369999885559082,0.17880000174045563
YCR010C,YNL088W,0,-4.8250737,0.29176563024520874,0.7369999885559082,0.17890000343322754
YJR001W,YOR074C,0,-4.8252306,0.2916501760482788,0.7369999885559082,0.17900000512599945
YOR001W,YDR311W,0,-4.825251,0.29153481125831604,0.7369999885559082,0.17910000681877136
YJR084W,YGL216W,0,-4.82612,0.29141953587532043,0.7369999885559082,0.17919999361038208
YML074C,YCR052W,0,-4.826245,0.291304349899292,0.7369999885559082,0.179299995303154
YLR039C,YOR117W,0,-4.826792,0.2911892533302307,0.7369999885559082,0.1793999969959259
YJL024C,YML127W,0,-4.827164,0.2910742461681366,0.7369999885559082,0.17949999868869781
YNR057C,YPR171W,0,-4.8272014,0.29095932841300964,0.7369999885559082,0.17960000038146973
YCL061C,YGR147C,0,-4.827284,0.29084450006484985,0.7369999885559082,0.17970000207424164
YFR031C,YIR011C,1,-4.8273935,0.29112425446510315,0.7379999756813049,0.17970000207424164
YPL078C,YMR231W,0,-4.8280063,0.29100945591926575,0.7379999756813049,0.17980000376701355
YMR172W,YGR033C,0,-4.8287196,0.2908947467803955,0.7379999756813049,0.17990000545978546
YHR129C,YMR238W,0,-4.829011,0.29078012704849243,0.7379999756813049,0.18000000715255737
YLR377C,YNL029C,0,-4.8298674,0.2906656265258789,0.7379999756813049,0.1800999939441681
YFL050C,YOR081C,0,-4.8299556,0.29055118560791016,0.7379999756813049,0.18019999563694
YHL027W,YBR111W-A,0,-4.830546,0.29043683409690857,0.7379999756813049,0.18029999732971191
YOL158C,YGR192C,0,-4.830562,0.29032257199287415,0.7379999756813049,0.18039999902248383
YHR191C,YDR409W,1,-4.8309145,0.2906016409397125,0.7390000224113464,0.18039999902248383
YER108C,YMR243C,0,-4.8311687,0.2904874086380005,0.7390000224113464,0.18050000071525574
YNL192W,YAL058W,0,-4.831441,0.290373295545578,0.7390000224113464,0.18060000240802765
YJL006C,YML025C,0,-4.832005,0.2902592420578003,0.7390000224113464,0.18070000410079956
YNL271C,YDR312W,0,-4.832455,0.29014527797698975,0.7390000224113464,0.18080000579357147
YDR440W,YKR031C,0,-4.8329926,0.29003140330314636,0.7390000224113464,0.1808999925851822
YBR035C,YDR142C,0,-4.833126,0.28991761803627014,0.7390000224113464,0.1809999942779541
YBR211C,YJR135C,1,-4.8336744,0.29019609093666077,0.7400000095367432,0.1809999942779541
YGL113W,YGR281W,0,-4.834,0.29008233547210693,0.7400000095367432,0.181099995970726
YBR288C,YCR042C,0,-4.8341146,0.2899686396121979,0.7400000095367432,0.18119999766349792
YKR095W,YDR456W,0,-4.834318,0.28985506296157837,0.7400000095367432,0.18129999935626984
YGL135W,YDR489W,0,-4.834449,0.289741575717926,0.7400000095367432,0.18140000104904175
YDL097C,YPL042C,0,-4.83481,0.28962817788124084,0.7400000095367432,0.18150000274181366
YJL106W,YLR212C,0,-4.83485,0.2895148694515228,0.7400000095367432,0.18160000443458557
YJR013W,YIL147C,0,-4.834915,0.289401650428772,0.7400000095367432,0.18170000612735748
YJR112W,YER018C,1,-4.8354325,0.2896794378757477,0.7409999966621399,0.18170000612735748
YOL148C,YKL086W,0,-4.8355513,0.2895662486553192,0.7409999966621399,0.1817999929189682
YNL148C,YJL157C,0,-4.8356247,0.2894531190395355,0.7409999966621399,0.1818999946117401
YBR086C,YDR146C,0,-4.8359857,0.2893401086330414,0.7409999966621399,0.18199999630451202
YOR098C,YPL175W,0,-4.837205,0.289227157831192,0.7409999966621399,0.18209999799728394
YJL092W,YOR151C,0,-4.8374352,0.2891143262386322,0.7409999966621399,0.18219999969005585
YFL025C,YKR022C,0,-4.8384123,0.28900155425071716,0.7409999966621399,0.18230000138282776
YJL219W,YIL114C,0,-4.838431,0.2888889014720917,0.7409999966621399,0.18240000307559967
YMR182C,YPL045W,0,-4.839507,0.28877630829811096,0.7409999966621399,0.18250000476837158
YPR051W,YGL070C,0,-4.839542,0.2886638045310974,0.7409999966621399,0.1826000064611435
YLR154C,YDR485C,0,-4.8406043,0.288551390171051,0.7409999966621399,0.1826999932527542
YKL206C,YKR089C,0,-4.84076,0.2884390950202942,0.7409999966621399,0.18279999494552612
YBR199W,YLR354C,0,-4.8415155,0.28832685947418213,0.7409999966621399,0.18289999663829803
YDR460W,YDR372C,0,-4.842019,0.28821471333503723,0.7409999966621399,0.18299999833106995
YPL053C,YMR013C,0,-4.842083,0.2881026566028595,0.7409999966621399,0.18310000002384186
YNL090W,YIL153W,0,-4.842146,0.28799065947532654,0.7409999966621399,0.18320000171661377
YBR102C,YJL129C,0,-4.8425465,0.28787878155708313,0.7409999966621399,0.18330000340938568
YGL254W,YMR200W,0,-4.8433104,0.2877669930458069,0.7409999966621399,0.1834000051021576
YDL005C,YOL031C,0,-4.8451076,0.2876552939414978,0.7409999966621399,0.1835000067949295
YDR459C,YBR198C,0,-4.845241,0.2875436544418335,0.7409999966621399,0.18359999358654022
YHR115C,YCR033W,0,-4.846027,0.28743210434913635,0.7409999966621399,0.18369999527931213
YBR276C,YMR067C,0,-4.8463206,0.28732067346572876,0.7409999966621399,0.18379999697208405
YNL221C,YKR037C,0,-4.8467116,0.28720930218696594,0.7409999966621399,0.18389999866485596
YJL104W,YLR039C,0,-4.847307,0.2870980203151703,0.7409999966621399,0.18400000035762787
YPL060W,YNL088W,0,-4.847927,0.2869868278503418,0.7409999966621399,0.18410000205039978
YPR111W,YGL246C,0,-4.848273,0.28687572479248047,0.7409999966621399,0.1842000037431717
YBR037C,YKL095W,0,-4.848386,0.2867647111415863,0.7409999966621399,0.1843000054359436
YLR098C,YJL214W,0,-4.849744,0.2866537570953369,0.7409999966621399,0.18440000712871552
YAL026C,YKR029C,0,-4.8500996,0.2865429222583771,0.7409999966621399,0.18449999392032623
YER029C,YOL102C,0,-4.8504148,0.286432147026062,0.7409999966621399,0.18459999561309814
YPL008W,YJR135C,1,-4.851323,0.28670787811279297,0.7419999837875366,0.18459999561309814
YPR135W,YLR357W,1,-4.851519,0.2869834005832672,0.7429999709129333,0.18459999561309814
YCR040W,YKL014C,0,-4.8521423,0.28687259554862976,0.7429999709129333,0.18469999730587006
YJL060W,YDL093W,0,-4.8524675,0.2867618799209595,0.7429999709129333,0.18479999899864197
YJR092W,YNL127W,0,-4.8529983,0.28665122389793396,0.7429999709129333,0.18490000069141388
YNL219C,YPL235W,0,-4.853579,0.286540687084198,0.7429999709129333,0.1850000023841858
YKR028W,YPL218W,0,-4.854246,0.2864302098751068,0.7429999709129333,0.1851000040769577
YDL008W,YDR409W,1,-4.854632,0.2867051959037781,0.7440000176429749,0.1851000040769577
YHR171W,YNL210W,0,-4.854784,0.2865947484970093,0.7440000176429749,0.18520000576972961
YLR381W,YML034W,1,-4.8553033,0.28686946630477905,0.7450000047683716,0.18520000576972961
YDR318W,YML085C,1,-4.8553114,0.2871439456939697,0.7459999918937683,0.18520000576972961
YDL207W,YMR097C,0,-4.855878,0.28703346848487854,0.7459999918937683,0.18529999256134033
YDL245C,YDR062W,0,-4.855973,0.2869230806827545,0.7459999918937683,0.18539999425411224
YGL116W,YER133W,1,-4.856031,0.2871972322463989,0.746999979019165,0.18539999425411224
YDL008W,YPL008W,1,-4.8570843,0.2874711751937866,0.7480000257492065,0.18539999425411224
YJL214W,YKL001C,0,-4.8577647,0.2873607277870178,0.7480000257492065,0.18549999594688416
YPL249C,YIL153W,0,-4.8578815,0.2872503697872162,0.7480000257492065,0.18559999763965607
YJL194W,YPL101W,0,-4.8579774,0.2871401011943817,0.7480000257492065,0.18569999933242798
YLL022C,YBL057C,0,-4.8583694,0.2870299220085144,0.7480000257492065,0.1858000010251999
YJL072C,YGR285C,0,-4.858968,0.28691983222961426,0.7480000257492065,0.1859000027179718
YOR034C,YKR031C,0,-4.8590655,0.2868098020553589,0.7480000257492065,0.1860000044107437
YIL033C,YBR200W,0,-4.859249,0.28669989109039307,0.7480000257492065,0.18610000610351562
YJL006C,YBL093C,0,-4.859405,0.286590039730072,0.7480000257492065,0.18619999289512634
YDL004W,YGR133W,0,-4.86037,0.28648027777671814,0.7480000257492065,0.18629999458789825
YKR027W,YLL035W,0,-4.860751,0.2863706052303314,0.7480000257492065,0.18639999628067017
YMR280C,YLR305C,0,-4.8615046,0.2862609922885895,0.7480000257492065,0.18649999797344208
YJR013W,YMR080C,0,-4.861861,0.2861514985561371,0.7480000257492065,0.186599999666214
YBR201W,YAL056W,0,-4.8626885,0.28604206442832947,0.7480000257492065,0.1867000013589859
YBR211C,YHR014W,1,-4.862818,0.286314994096756,0.7490000128746033,0.1867000013589859
YOR058C,YCL034W,0,-4.864701,0.28620558977127075,0.7490000128746033,0.1868000030517578
YPL055C,YJL002C,0,-4.8648353,0.2860962450504303,0.7490000128746033,0.18690000474452972
YIL036W,YMR224C,0,-4.8657675,0.2859870195388794,0.7490000128746033,0.18700000643730164
YOL078W,YNL025C,0,-4.865872,0.28587785363197327,0.7490000128746033,0.18709999322891235
YKL049C,YDR409W,1,-4.865885,0.28615033626556396,0.75,0.18709999322891235
YDL105W,YOR047C,0,-4.8659606,0.2860412001609802,0.75,0.18719999492168427
YAL022C,YBR006W,0,-4.8661375,0.28593215346336365,0.75,0.18729999661445618
YBR211C,YAR018C,1,-4.866364,0.2862042784690857,0.7509999871253967,0.18729999661445618
YDR394W,YDR532C,0,-4.866629,0.2860952317714691,0.7509999871253967,0.1873999983072281
YPL095C,YJL104W,0,-4.867561,0.2859863042831421,0.7509999871253967,0.1875
YKL049C,YIL144W,1,-4.868962,0.28625810146331787,0.7519999742507935,0.1875
YLR370C,YLR353W,0,-4.8690944,0.28614917397499084,0.7519999742507935,0.1876000016927719
YGL180W,YDR072C,0,-4.869169,0.2860403060913086,0.7519999742507935,0.18770000338554382
YDR140W,YPL022W,0,-4.869258,0.2859315574169159,0.7519999742507935,0.18780000507831573
YPL076W,YJL203W,0,-4.86964,0.28582286834716797,0.7519999742507935,0.18790000677108765
YDL175C,YIR022W,0,-4.8700604,0.2857142984867096,0.7519999742507935,0.18799999356269836
YKL046C,YPR186C,0,-4.870358,0.2856057584285736,0.7519999742507935,0.18809999525547028
YNL223W,YDR400W,0,-4.871149,0.2854973375797272,0.7519999742507935,0.1881999969482422
YBL013W,YNL154C,0,-4.8715563,0.2853890061378479,0.7519999742507935,0.1882999986410141
YHR191C,YPR007C,1,-4.871631,0.2856600880622864,0.753000020980835,0.1882999986410141
YOR039W,YLR376C,0,-4.871657,0.2855517566204071,0.753000020980835,0.188400000333786
YDR255C,YPL007C,0,-4.871717,0.285443514585495,0.753000020980835,0.18850000202655792
YDR016C,YKL093W,0,-4.8723755,0.28533536195755005,0.753000020980835,0.18860000371932983
YKL212W,YLR386W,0,-4.872463,0.2852272689342499,0.753000020980835,0.18870000541210175
YNL218W,YOR332W,0,-4.872749,0.28511926531791687,0.753000020980835,0.18880000710487366
YKL213C,YDL093W,0,-4.8737392,0.285011351108551,0.753000020980835,0.18889999389648438
YGL240W,YJR068W,1,-4.8742275,0.28528186678886414,0.7540000081062317,0.18889999389648438
YNL279W,YPL045W,0,-4.8743157,0.2851739823818207,0.7540000081062317,0.1889999955892563
YOR244W,YGL153W,0,-4.874536,0.285066157579422,0.7540000081062317,0.1890999972820282
YMR044W,YMR101C,0,-4.874765,0.2849584221839905,0.7540000081062317,0.1891999989748001
YIR004W,YDL059C,0,-4.875287,0.2848507761955261,0.7540000081062317,0.18930000066757202
YJL071W,YLR418C,0,-4.875638,0.28474318981170654,0.7540000081062317,0.18940000236034393
YGL011C,YKL108W,0,-4.8760076,0.2846357226371765,0.7540000081062317,0.18950000405311584
YOL009C,YGR199W,0,-4.876037,0.28452831506729126,0.7540000081062317,0.18960000574588776
YER167W,YDR277C,0,-4.8762374,0.2844209671020508,0.7540000081062317,0.18970000743865967
YER104W,YGL210W,0,-4.876641,0.28431373834609985,0.7540000081062317,0.18979999423027039
YDR078C,YML021C,0,-4.8782396,0.2842065691947937,0.7540000081062317,0.1898999959230423
YKL129C,YHL006C,0,-4.8783493,0.2840994596481323,0.7540000081062317,0.1899999976158142
YOR231W,YBR228W,0,-4.878515,0.2839924693107605,0.7540000081062317,0.19009999930858612
YGR007W,YKR055W,0,-4.878641,0.28388553857803345,0.7540000081062317,0.19020000100135803
YHR143W-A,YGR129W,0,-4.8788347,0.28377869725227356,0.7540000081062317,0.19030000269412994
YOR322C,YLR212C,0,-4.879097,0.28367194533348083,0.7540000081062317,0.19040000438690186
YDL028C,YGR094W,0,-4.879686,0.2835652530193329,0.7540000081062317,0.19050000607967377
YMR268C,YKR062W,0,-4.8800077,0.2834586501121521,0.7540000081062317,0.19059999287128448
YML094W,YOL034W,0,-4.880192,0.2833521366119385,0.7540000081062317,0.1906999945640564
YBR171W,YNL309W,0,-4.881968,0.28324568271636963,0.7540000081062317,0.1907999962568283
YOL068C,YKL154W,0,-4.8820176,0.28313931822776794,0.7540000081062317,0.19089999794960022
YKL175W,YOR129C,0,-4.8821745,0.2830330431461334,0.7540000081062317,0.19099999964237213
YOR261C,YGR104C,0,-4.882758,0.2829268276691437,0.7540000081062317,0.19110000133514404
YBR188C,YGR020C,0,-4.883384,0.2828207015991211,0.7540000081062317,0.19120000302791595
YHR072W-A,YDL093W,0,-4.8835034,0.2827146649360657,0.7540000081062317,0.19130000472068787
YDR264C,YGR217W,0,-4.88366,0.28260868787765503,0.7540000081062317,0.19140000641345978
YEL069C,YJL203W,0,-4.88378,0.28250280022621155,0.7540000081062317,0.1914999932050705
YJR017C,YDL120W,0,-4.8838663,0.28239700198173523,0.7540000081062317,0.1915999948978424
YIL140W,YJR042W,0,-4.883987,0.2822912633419037,0.7540000081062317,0.19169999659061432
YNL029C,YLR084C,0,-4.8842673,0.2821856141090393,0.7540000081062317,0.19179999828338623
YGL173C,YBR237W,0,-4.884774,0.2820800542831421,0.7540000081062317,0.19189999997615814
YDR218C,YDR059C,0,-4.8860116,0.28197458386421204,0.7540000081062317,0.19200000166893005
YGR261C,YHR200W,0,-4.886037,0.28186917304992676,0.7540000081062317,0.19210000336170197
YOR073W,YGR063C,1,-4.886463,0.28213751316070557,0.7549999952316284,0.19210000336170197
YBR260C,YEL051W,0,-4.8866963,0.2820321321487427,0.7549999952316284,0.19220000505447388
YJL090C,YBL093C,0,-4.886967,0.28192681074142456,0.7549999952316284,0.1923000067472458
YGL153W,YLR105C,0,-4.886976,0.2818215787410736,0.7549999952316284,0.1923999935388565
YLL013C,YLR383W,0,-4.887117,0.28171640634536743,0.7549999952316284,0.19249999523162842
YPR019W,YOR253W,0,-4.887372,0.2816113531589508,0.7549999952316284,0.19259999692440033
YBR077C,YCR084C,0,-4.8876143,0.28150632977485657,0.7549999952316284,0.19269999861717224
YIL095W,YDR011W,0,-4.8877583,0.2814014256000519,0.7549999952316284,0.19280000030994415
YDR236C,YLR139C,0,-4.887954,0.28129658102989197,0.7549999952316284,0.19290000200271606
YPR051W,YPR070W,0,-4.888314,0.28119179606437683,0.7549999952316284,0.19300000369548798
YGR261C,YMR204C,0,-4.888391,0.28108713030815125,0.7549999952316284,0.1931000053882599
YLR394W,YGL173C,0,-4.8884654,0.28098249435424805,0.7549999952316284,0.1932000070810318
YGR227W,YHL027W,0,-4.888526,0.2808779776096344,0.7549999952316284,0.19329999387264252
YDR488C,YIL061C,0,-4.8887334,0.2807735204696655,0.7549999952316284,0.19339999556541443
YDR364C,YEL019C,0,-4.8888326,0.2806691527366638,0.7549999952316284,0.19349999725818634
YJR121W,YJR126C,0,-4.889164,0.2805648446083069,0.7549999952316284,0.19359999895095825
YDL164C,YER174C,0,-4.889169,0.2804606258869171,0.7549999952316284,0.19370000064373016
YBR298C,YPR168W,0,-4.889283,0.2803564667701721,0.7549999952316284,0.19380000233650208
YJL031C,YMR164C,0,-4.889947,0.2802524268627167,0.7549999952316284,0.193900004029274
YHR158C,YNL197C,0,-4.8900046,0.2801484167575836,0.7549999952316284,0.1940000057220459
YDR096W,YOL009C,0,-4.8913293,0.2800444960594177,0.7549999952316284,0.1941000074148178
YNL230C,YBR006W,0,-4.8914375,0.279940664768219,0.7549999952316284,0.19419999420642853
YFL056C,YJL036W,0,-4.891616,0.2798369228839874,0.7549999952316284,0.19429999589920044
YGL124C,YER129W,0,-4.892169,0.27973324060440063,0.7549999952316284,0.19439999759197235
YNL236W,YOR212W,0,-4.8923907,0.2796296179294586,0.7549999952316284,0.19449999928474426
YAL031C,YML034W,1,-4.892554,0.2798963487148285,0.7559999823570251,0.19449999928474426
YBL084C,YOL006C,1,-4.8925943,0.28016284108161926,0.7570000290870667,0.19449999928474426
YER183C,YFL017W-A,0,-4.8929267,0.28005918860435486,0.7570000290870667,0.19460000097751617
YMR033W,YHR178W,0,-4.893094,0.2799556255340576,0.7570000290870667,0.19470000267028809
YIR004W,YER044C-A,0,-4.893876,0.27985212206840515,0.7570000290870667,0.19480000436306
YCR063W,YOL009C,0,-4.894183,0.27974870800971985,0.7570000290870667,0.1949000060558319
YMR177W,YOR326W,0,-4.894475,0.2796453535556793,0.7570000290870667,0.19499999284744263
YLR117C,YGR118W,0,-4.8944774,0.27954208850860596,0.7570000290870667,0.19509999454021454
YKL048C,YDR208W,0,-4.894807,0.27943891286849976,0.7570000290870667,0.19519999623298645
YDL164C,YBR119W,0,-4.895125,0.27933579683303833,0.7570000290870667,0.19529999792575836
YDR437W,YJR059W,0,-4.8953238,0.27923277020454407,0.7570000290870667,0.19539999961853027
YOR237W,YPL210C,0,-4.8960023,0.2791298031806946,0.7570000290870667,0.19550000131130219
YPL248C,YLR045C,0,-4.896371,0.27902689576148987,0.7570000290870667,0.1956000030040741
YIR017C,YOL033W,0,-4.8964667,0.2789241075515747,0.7570000290870667,0.195700004696846
YPL267W,YDL015C,0,-4.8965793,0.27882134914398193,0.7570000290870667,0.19580000638961792
YNL026W,YCR033W,0,-4.8968663,0.2787187099456787,0.7570000290870667,0.19589999318122864
YML110C,YMR162C,0,-4.896988,0.27861613035202026,0.7570000290870667,0.19599999487400055
YGL019W,YGR010W,0,-4.8971624,0.2785136103630066,0.7570000290870667,0.19609999656677246
YKL176C,YPR083W,0,-4.897312,0.2784111797809601,0.7570000290870667,0.19619999825954437
YJR160C,YBR153W,0,-4.8978715,0.27830880880355835,0.7570000290870667,0.19629999995231628
YAL020C,YOR113W,0,-4.898172,0.2782065272331238,0.7570000290870667,0.1964000016450882
YHR072W-A,YGL097W,0,-4.8987784,0.27810433506965637,0.7570000290870667,0.1965000033378601
YDR337W,YPR107C,0,-4.8990226,0.27800220251083374,0.7570000290870667,0.19660000503063202
YJL214W,YKR072C,0,-4.900108,0.27790015935897827,0.7570000290870667,0.19670000672340393
YMR255W,YKL017C,0,-4.900266,0.2777981758117676,0.7570000290870667,0.19679999351501465
YDL115C,YOR087W,0,-4.900307,0.27769625186920166,0.7570000290870667,0.19689999520778656
YDR419W,YGR129W,0,-4.9003124,0.2775944173336029,0.7570000290870667,0.19699999690055847
YOR257W,YCR009C,0,-4.900406,0.2774926722049713,0.7570000290870667,0.19709999859333038
YNL223W,YFL033C,0,-4.9011035,0.2773909866809845,0.7570000290870667,0.1972000002861023
YNL251C,YIL123W,0,-4.9015145,0.27728939056396484,0.7570000290870667,0.1973000019788742
YPL190C,YDR200C,0,-4.9016514,0.27718785405158997,0.7570000290870667,0.19740000367164612
YJL019W,YML034W,1,-4.9022136,0.27745240926742554,0.7580000162124634,0.19740000367164612
YKR003W,YDL232W,0,-4.9022183,0.27735090255737305,0.7580000162124634,0.19750000536441803
YDR254W,YPR007C,1,-4.904155,0.2776152193546295,0.7590000033378601,0.19750000536441803
YGL063W,YGR074W,0,-4.9042,0.277513712644577,0.7590000033378601,0.19760000705718994
YAL031C,YER106W,1,-4.904413,0.2777777910232544,0.7599999904632568,0.19760000705718994
YOR113W,YDL013W,0,-4.904733,0.2776762843132019,0.7599999904632568,0.19769999384880066
YJR065C,YMR172W,0,-4.905162,0.2775748670101166,0.7599999904632568,0.19779999554157257
YNL232W,YOR159C,0,-4.9055114,0.2774735391139984,0.7599999904632568,0.19789999723434448
YPL048W,YPR179C,0,-4.905573,0.277372270822525,0.7599999904632568,0.1979999989271164
YDR141C,YDR479C,0,-4.9059725,0.2772710621356964,0.7599999904632568,0.1981000006198883
YEL019C,YJR010C-A,0,-4.9059944,0.27716994285583496,0.7599999904632568,0.19820000231266022
YER087C-B,YGR082W,0,-4.907883,0.2770689129829407,0.7599999904632568,0.19830000400543213
YMR069W,YBR077C,0,-4.9086604,0.27696794271469116,0.7599999904632568,0.19840000569820404
YBR037C,YIR018W,0,-4.9088798,0.2768670320510864,0.7599999904632568,0.19850000739097595
YNR067C,YOR116C,0,-4.909479,0.27676621079444885,0.7599999904632568,0.19859999418258667
YKL073W,YLR141W,0,-4.910437,0.27666544914245605,0.7599999904632568,0.19869999587535858
YDL093W,YDR195W,0,-4.91059,0.2765647768974304,0.7599999904632568,0.1987999975681305
YIL035C,YIL117C,0,-4.910844,0.27646416425704956,0.7599999904632568,0.1988999992609024
YJR135C,YDR409W,1,-4.9113474,0.27672725915908813,0.7609999775886536,0.1988999992609024
YDL117W,YHL002W,0,-4.9114165,0.27662667632102966,0.7609999775886536,0.19900000095367432
YBR131W,YBR188C,0,-4.9123836,0.27652615308761597,0.7609999775886536,0.19910000264644623
YDR320C-A,YCR027C,0,-4.9124846,0.27642571926116943,0.7609999775886536,0.19920000433921814
YHR157W,YHR079C-B,0,-4.912665,0.2763253450393677,0.7609999775886536,0.19930000603199005
YHR001W,YDR369C,0,-4.912837,0.2762250602245331,0.7609999775886536,0.19939999282360077
YNL230C,YDR407C,0,-4.9140186,0.2761248052120209,0.7609999775886536,0.19949999451637268
YOR250C,YNL214W,0,-4.9141045,0.2760246694087982,0.7609999775886536,0.1995999962091446
YPL029W,YLR316C,0,-4.914249,0.27592459321022034,0.7609999775886536,0.1996999979019165
YDL174C,YBR185C,0,-4.914338,0.27582457661628723,0.7609999775886536,0.19979999959468842
YBL045C,YML076C,0,-4.914932,0.2757246494293213,0.7609999775886536,0.19990000128746033
YBR110W,YOR279C,0,-4.915403,0.2756247818470001,0.7609999775886536,0.20000000298023224
YCR027C,YOR313C,0,-4.9171624,0.27552497386932373,0.7609999775886536,0.20010000467300415
YGR108W,YOR106W,0,-4.9176073,0.2754252552986145,0.7609999775886536,0.20020000636577606
YJL071W,YBL041W,0,-4.9178247,0.27532562613487244,0.7609999775886536,0.20029999315738678
YOR322C,YKR037C,0,-4.917966,0.27522602677345276,0.7609999775886536,0.2003999948501587
YLR008C,YDR088C,0,-4.918975,0.27512654662132263,0.7609999775886536,0.2004999965429306
YOR322C,YLR240W,0,-4.9192257,0.2750270962715149,0.7609999775886536,0.20059999823570251
YGL194C,YOR142W,0,-4.9193993,0.2749277353286743,0.7609999775886536,0.20069999992847443
YLR377C,YGL092W,0,-4.919519,0.2748284637928009,0.7609999775886536,0.20080000162124634
YPL213W,YCR066W,0,-4.9196367,0.27472925186157227,0.7609999775886536,0.20090000331401825
YKL135C,YPL011C,0,-4.9206285,0.2746300995349884,0.7609999775886536,0.20100000500679016
YMR311C,YJL074C,1,-4.9206324,0.27489176392555237,0.7620000243186951,0.20100000500679016
YPR182W,YLR182W,0,-4.9210286,0.2747926414012909,0.7620000243186951,0.20110000669956207
YDL044C,YDR160W,0,-4.921056,0.2746935784816742,0.7620000243186951,0.2011999934911728
YOL051W,YER104W,0,-4.9210916,0.27459460496902466,0.7620000243186951,0.2012999951839447
YHL006C,YOR084W,0,-4.9211283,0.2744956910610199,0.7620000243186951,0.2013999968767166
YFR021W,YDL044C,0,-4.921929,0.2743968367576599,0.7620000243186951,0.20149999856948853
YKR034W,YOR216C,0,-4.9219666,0.2742980420589447,0.7620000243186951,0.20160000026226044
YML067C,YDR281C,0,-4.9228573,0.27419936656951904,0.7620000243186951,0.20170000195503235
YDL154W,YJL002C,0,-4.9231625,0.27410072088241577,0.7620000243186951,0.20180000364780426
YNL280C,YFL033C,0,-4.92333,0.27400216460227966,0.7620000243186951,0.20190000534057617
YNL214W,YGR104C,0,-4.923387,0.27390366792678833,0.7620000243186951,0.20200000703334808
YFL056C,YFL060C,0,-4.9267755,0.27380526065826416,0.7620000243186951,0.2020999938249588
YLL031C,YIL123W,0,-4.9274445,0.2737068831920624,0.7620000243186951,0.2021999955177307
YDR030C,YER180C-A,0,-4.9281006,0.27360862493515015,0.7620000243186951,0.20229999721050262
YGR156W,YAR042W,0,-4.928304,0.2735103964805603,0.7620000243186951,0.20239999890327454
YKL052C,YDR292C,0,-4.9285192,0.2734122574329376,0.7620000243186951,0.20250000059604645
YER133W,YOL094C,1,-4.9294524,0.273672878742218,0.7630000114440918,0.20250000059604645
YML069W,YBR289W,0,-4.9296737,0.2735747694969177,0.7630000114440918,0.20260000228881836
YGL191W,YPR024W,0,-4.9298267,0.2734766900539398,0.7630000114440918,0.20270000398159027
YDR086C,YML064C,0,-4.929915,0.27337872982025146,0.7630000114440918,0.20280000567436218
YEL019C,YKL113C,0,-4.930375,0.2732807993888855,0.7630000114440918,0.2029000073671341
YLR357W,YIL144W,1,-4.930447,0.27354100346565247,0.7639999985694885,0.2029000073671341
YJR060W,YPR007C,1,-4.9311676,0.2738009989261627,0.7649999856948853,0.2029000073671341
YGR005C,YGL095C,0,-4.9327145,0.27370303869247437,0.7649999856948853,0.2029999941587448
YLR102C,YIL026C,1,-4.933124,0.2739627957344055,0.765999972820282,0.2029999941587448
YPL267W,YEL012W,0,-4.933972,0.27386486530303955,0.765999972820282,0.20309999585151672
YFL003C,YLR452C,0,-4.934202,0.27376696467399597,0.765999972820282,0.20319999754428864
YCR009C,YOR083W,0,-4.934461,0.27366915345191956,0.765999972820282,0.20329999923706055
YOR231W,YAR042W,0,-4.9346814,0.2735714316368103,0.765999972820282,0.20340000092983246
YPR119W,YOL125W,0,-4.9348073,0.2734737694263458,0.765999972820282,0.20350000262260437
YDR179C,YBL003C,0,-4.9361024,0.2733761668205261,0.765999972820282,0.20360000431537628
YLL018C-A,YLL061W,0,-4.9361954,0.2732786238193512,0.765999972820282,0.2037000060081482
YOL078W,YGR028W,0,-4.9362574,0.27318117022514343,0.765999972820282,0.2037999927997589
YEL036C,YLL043W,0,-4.936302,0.27308377623558044,0.765999972820282,0.20389999449253082
YPR081C,YOR380W,0,-4.9370356,0.2729864716529846,0.765999972820282,0.20399999618530273
YDL236W,YML021C,0,-4.937504,0.2728891968727112,0.765999972820282,0.20409999787807465
YCL055W,YNL066W,0,-4.937652,0.2727920114994049,0.765999972820282,0.20419999957084656
YGL194C,YNL263C,0,-4.938047,0.2726949155330658,0.765999972820282,0.20430000126361847
YEL063C,YNL054W,0,-4.93855,0.27259787917137146,0.765999972820282,0.20440000295639038
YJL104W,YKL214C,0,-4.938737,0.2725009024143219,0.765999972820282,0.2045000046491623
YOR144C,YJR002W,0,-4.938771,0.2724039852619171,0.765999972820282,0.2046000063419342
YPL228W,YER008C,0,-4.93885,0.2723071575164795,0.765999972820282,0.20469999313354492
YMR267W,YDR013W,0,-4.9398465,0.27221038937568665,0.765999972820282,0.20479999482631683
YKL049C,YIR011C,1,-4.940244,0.2724689245223999,0.7670000195503235,0.20479999482631683
YNL290W,YBR156C,1,-4.9407034,0.27272728085517883,0.7680000066757202,0.20479999482631683
YDR086C,YDR372C,0,-4.9410553,0.2726304531097412,0.7680000066757202,0.20489999651908875
YKR082W,YOR328W,0,-4.9415755,0.27253371477127075,0.7680000066757202,0.20499999821186066
YNL262W,YCR067C,0,-4.9422436,0.27243703603744507,0.7680000066757202,0.20509999990463257
YMR168C,YNL317W,0,-4.9426894,0.27234041690826416,0.7680000066757202,0.20520000159740448
YDR148C,YJR033C,0,-4.944119,0.2722438871860504,0.7680000066757202,0.2053000032901764
YDL004W,YDR369C,0,-4.944128,0.27214741706848145,0.7680000066757202,0.2054000049829483
YMR043W,YMR224C,0,-4.9444375,0.27205100655555725,0.7680000066757202,0.20550000667572021
YPL069C,YER094C,0,-4.944471,0.2719546854496002,0.7680000066757202,0.20559999346733093
YNL118C,YKL032C,0,-4.9459853,0.2718583941459656,0.7680000066757202,0.20569999516010284
YPL181W,YDR079C-A,0,-4.9464626,0.2717622220516205,0.7680000066757202,0.20579999685287476
YMR072W,YGR270W,0,-4.946812,0.2716660797595978,0.7680000066757202,0.20589999854564667
YHL038C,YGL019W,0,-4.947041,0.27157002687454224,0.7680000066757202,0.20600000023841858
YLR098C,YMR247C,0,-4.947139,0.27147403359413147,0.7680000066757202,0.2061000019311905
YDR137W,YAL011W,0,-4.947286,0.2713780999183655,0.7680000066757202,0.2062000036239624
YLR098C,YNL330C,0,-4.9473763,0.27128222584724426,0.7680000066757202,0.20630000531673431
YDL102W,YJL093C,0,-4.947765,0.2711864411830902,0.7680000066757202,0.20640000700950623
YJL005W,YMR137C,0,-4.9479313,0.27109071612358093,0.7680000066757202,0.20649999380111694
YKL038W,YOR308C,0,-4.9480915,0.27099505066871643,0.7680000066757202,0.20659999549388885
YDL226C,YNL218W,0,-4.9481997,0.2708994746208191,0.7680000066757202,0.20669999718666077
YLR361C,YML064C,0,-4.948754,0.27080395817756653,0.7680000066757202,0.20679999887943268
YDL028C,YOL124C,0,-4.949223,0.27070850133895874,0.7680000066757202,0.2069000005722046
YML071C,YOL080C,0,-4.9492283,0.2706131041049957,0.7680000066757202,0.2070000022649765
YMR207C,YOR353C,0,-4.94987,0.2705177962779999,0.7680000066757202,0.2071000039577484
YLR206W,YPR178W,0,-4.950632,0.2704225480556488,0.7680000066757202,0.20720000565052032
YJR055W,YOR270C,0,-4.9508767,0.2703273594379425,0.7680000066757202,0.20730000734329224
YHL024W,YJR010C-A,0,-4.950932,0.270232230424881,0.7680000066757202,0.20739999413490295
YJL063C,YGL100W,0,-4.9510975,0.2701371908187866,0.7680000066757202,0.20749999582767487
YKL135C,YOL133W,0,-4.9511933,0.27004218101501465,0.7680000066757202,0.20759999752044678
YBL079W,YLR321C,1,-4.951677,0.2702987790107727,0.7689999938011169,0.20759999752044678
YGL194C,YDR314C,0,-4.952769,0.2702037990093231,0.7689999938011169,0.2076999992132187
YJR144W,YNL012W,0,-4.953137,0.2701088786125183,0.7689999938011169,0.2078000009059906
YBR093C,YMR067C,0,-4.9531684,0.27001404762268066,0.7689999938011169,0.2079000025987625
YJL031C,YGR165W,0,-4.954606,0.2699192762374878,0.7689999938011169,0.20800000429153442
YNL271C,YDR296W,0,-4.955228,0.2698245644569397,0.7689999938011169,0.20810000598430634
YKL055C,YJL047C,0,-4.955228,0.2697299122810364,0.7689999938011169,0.20819999277591705
YOR188W,YML011C,0,-4.955632,0.2696353495121002,0.7689999938011169,0.20829999446868896
YBR275C,YGL104C,0,-4.9558463,0.26954084634780884,0.7689999938011169,0.20839999616146088
YDR179C,YOR153W,0,-4.9560776,0.26944640278816223,0.7689999938011169,0.2084999978542328
YKL002W,YPL116W,0,-4.956199,0.2693520188331604,0.7689999938011169,0.2085999995470047
YLR155C,YNL329C,0,-4.956283,0.26925769448280334,0.7689999938011169,0.2087000012397766
YGL222C,YLR167W,0,-4.956732,0.26916345953941345,0.7689999938011169,0.20880000293254852
YPL127C,YDL093W,0,-4.9567857,0.26906928420066833,0.7689999938011169,0.20890000462532043
YJL062W,YOR224C,0,-4.957124,0.268975168466568,0.7689999938011169,0.20900000631809235
YHR164C,YGL035C,0,-4.9572306,0.2688811123371124,0.7689999938011169,0.20909999310970306
YCL016C,YGR063C,1,-4.957284,0.2691366672515869,0.7699999809265137,0.20909999310970306
YOR153W,YML114C,0,-4.9573555,0.26904264092445374,0.7699999809265137,0.20919999480247498
YJL024C,YLR238W,0,-4.9582644,0.26894864439964294,0.7699999809265137,0.2092999964952469
YBR228W,YKL122C,0,-4.9584694,0.2688547372817993,0.7699999809265137,0.2093999981880188
YPL069C,YDL058W,0,-4.958821,0.26876091957092285,0.7699999809265137,0.2094999998807907
YGL211W,YKR072C,0,-4.9595685,0.2686671316623688,0.7699999809265137,0.20960000157356262
YER030W,YGR241C,0,-4.9596806,0.26857343316078186,0.7699999809265137,0.20970000326633453
YLR284C,YEL062W,0,-4.9597597,0.26847976446151733,0.7699999809265137,0.20980000495910645
YOL078W,YDL227C,0,-4.9601574,0.26838618516921997,0.7699999809265137,0.20990000665187836
YOL068C,YKR025W,0,-4.9602294,0.26829269528388977,0.7699999809265137,0.20999999344348907
YML113W,YMR299C,0,-4.9607396,0.26819923520088196,0.7699999809265137,0.210099995136261
YBR237W,YNL128W,0,-4.96137,0.2681058347225189,0.7699999809265137,0.2101999968290329
YPL133C,YOR346W,0,-4.96156,0.26801252365112305,0.7699999809265137,0.2102999985218048
YFR027W,YML124C,1,-4.9620667,0.2682672142982483,0.7710000276565552,0.2102999985218048
YKL139W,YLR405W,0,-4.962264,0.2681739032268524,0.7710000276565552,0.21040000021457672
YGR262C,YBL046W,0,-4.962482,0.2680806815624237,0.7710000276565552,0.21050000190734863
YFR036W,YDR254W,1,-4.962597,0.2683350741863251,0.7720000147819519,0.21050000190734863
YMR047C,YHR073W,0,-4.9626336,0.268241822719574,0.7720000147819519,0.21060000360012054
YMR069W,YOR087W,0,-4.9637275,0.26814866065979004,0.7720000147819519,0.21070000529289246
YJL214W,YGR202C,0,-4.9643297,0.2680555582046509,0.7720000147819519,0.21080000698566437
YJL104W,YCR018C,0,-4.9648004,0.2679625153541565,0.7720000147819519,0.21089999377727509
YAL026C,YHR059W,0,-4.966423,0.2678695321083069,0.7720000147819519,0.210999995470047
YMR162C,YER190W,0,-4.9666114,0.26777660846710205,0.7720000147819519,0.2110999971628189
YNL094W,YGR217W,0,-4.9667854,0.2676837742328644,0.7720000147819519,0.21119999885559082
YGL130W,YLR200W,0,-4.9669256,0.2675909996032715,0.7720000147819519,0.21130000054836273
YPL269W,YBR118W,0,-4.968126,0.267498254776001,0.7720000147819519,0.21140000224113464
YDR236C,YDR392W,0,-4.9681273,0.26740559935569763,0.7720000147819519,0.21150000393390656
YGR227W,YPL232W,0,-4.9683027,0.26731303334236145,0.7720000147819519,0.21160000562667847
YAL041W,YLR262C,0,-4.969287,0.26722049713134766,0.7720000147819519,0.21170000731945038
YPL228W,YBL046W,0,-4.969653,0.26712802052497864,0.7720000147819519,0.2117999941110611
YPR201W,YER038C,0,-4.969921,0.2670356333255768,0.7720000147819519,0.211899995803833
YOR371C,YDR545W,0,-4.9707847,0.2669433057308197,0.7720000147819519,0.21199999749660492
YMR113W,YDR463W,0,-4.9719133,0.266851007938385,0.7720000147819519,0.21209999918937683
YBR065C,YKR022C,0,-4.972227,0.2667587995529175,0.7720000147819519,0.21220000088214874
YNL116W,YIR009W,0,-4.972254,0.2666666805744171,0.7720000147819519,0.21230000257492065
YHR019C,YHR023W,0,-4.972267,0.26657459139823914,0.7720000147819519,0.21240000426769257
YHR166C,YKL193C,1,-4.97231,0.2668277621269226,0.7730000019073486,0.21240000426769257
YCR040W,YNL309W,0,-4.973267,0.26673567295074463,0.7730000019073486,0.21250000596046448
YLR238W,YNL262W,0,-4.9734282,0.2666436731815338,0.7730000019073486,0.2125999927520752
YMR186W,YJR126C,0,-4.9737854,0.2665517330169678,0.7730000019073486,0.2126999944448471
YMR116C,YJR092W,0,-4.973839,0.2664598524570465,0.7730000019073486,0.21279999613761902
YOL123W,YDR227W,0,-4.9738855,0.26636803150177,0.7730000019073486,0.21289999783039093
YIL065C,YMR175W,0,-4.974404,0.2662762701511383,0.7730000019073486,0.21299999952316284
YBR211C,YBL079W,1,-4.9744167,0.2665289342403412,0.7739999890327454,0.21299999952316284
YPR119W,YHR019C,0,-4.976064,0.2664371728897095,0.7739999890327454,0.21310000121593475
YBR035C,YGR070W,0,-4.97607,0.2663455009460449,0.7739999890327454,0.21320000290870667
YAL015C,YBR097W,0,-4.9767313,0.26625385880470276,0.7739999890327454,0.21330000460147858
YBR041W,YHL022C,0,-4.976803,0.26616230607032776,0.7739999890327454,0.2134000062942505
YNL023C,YGR133W,0,-4.9770613,0.26607081294059753,0.7739999890327454,0.2134999930858612
YPR193C,YLR025W,0,-4.9772024,0.2659793794155121,0.7739999890327454,0.21359999477863312
YCR010C,YMR232W,0,-4.9775066,0.2658880054950714,0.7739999890327454,0.21369999647140503
YML112W,YLR191W,0,-4.978313,0.2657966911792755,0.7739999890327454,0.21379999816417694
YDR469W,YPR133C,0,-4.9783573,0.2657054662704468,0.7739999890327454,0.21389999985694885
YER017C,YJL085W,0,-4.980019,0.26561427116394043,0.7739999890327454,0.21400000154972076
YNL270C,YPL132W,0,-4.980097,0.26552316546440125,0.7739999890327454,0.21410000324249268
YER020W,YLR368W,0,-4.9807687,0.26543208956718445,0.7739999890327454,0.2142000049352646
YLL015W,YNL218W,0,-4.9807873,0.2653411030769348,0.7739999890327454,0.2143000066280365
YAL029C,YMR013C,0,-4.9809184,0.26525017619132996,0.7739999890327454,0.21439999341964722
YPR082C,YKR001C,0,-4.9811096,0.2651593089103699,0.7739999890327454,0.21449999511241913
YKR036C,YNL268W,0,-4.9828734,0.26506850123405457,0.7739999890327454,0.21459999680519104
YPL115C,YDR188W,0,-4.983922,0.26497775316238403,0.7739999890327454,0.21469999849796295
YKR034W,YGL194C,0,-4.984678,0.2648870646953583,0.7739999890327454,0.21480000019073486
YFR046C,YOL094C,1,-4.9855723,0.26513856649398804,0.7749999761581421,0.21480000019073486
YDL245C,YGL100W,0,-4.985626,0.2650478780269623,0.7749999761581421,0.21490000188350677
YDR009W,YNL006W,0,-4.986411,0.2649572789669037,0.7749999761581421,0.2150000035762787
YGL142C,YDR213W,0,-4.9866815,0.2648667097091675,0.7749999761581421,0.2151000052690506
YKL134C,YOR132W,0,-4.986717,0.26477622985839844,0.7749999761581421,0.2152000069618225
YNR019W,YJR140C,0,-4.9869933,0.2646857798099518,0.7749999761581421,0.21529999375343323
YJL203W,YLR166C,0,-4.9874196,0.2645954191684723,0.7749999761581421,0.21539999544620514
YKR029C,YML029W,0,-4.9874206,0.2645051181316376,0.7749999761581421,0.21549999713897705
YKL141W,YKR062W,0,-4.988156,0.26441487669944763,0.7749999761581421,0.21559999883174896
YOL164W,YER173W,0,-4.988638,0.26432469487190247,0.7749999761581421,0.21570000052452087
YMR127C,YKL041W,0,-4.988786,0.2642345726490021,0.7749999761581421,0.21580000221729279
YDR400W,YGR241C,0,-4.9891458,0.26414451003074646,0.7749999761581421,0.2159000039100647
YKL166C,YHR048W,0,-4.989184,0.2640545070171356,0.7749999761581421,0.2160000056028366
YJL063C,YPL133C,0,-4.9892273,0.26396456360816956,0.7749999761581421,0.21610000729560852
YOR156C,YGR063C,1,-4.9892616,0.2642151713371277,0.7760000228881836,0.21610000729560852
YJL125C,YGL086W,0,-4.989394,0.264125257730484,0.7760000228881836,0.21619999408721924
YBR065C,YDR484W,0,-4.989821,0.2640353739261627,0.7760000228881836,0.21629999577999115
YNL094W,YOL128C,0,-4.98983,0.2639455795288086,0.7760000228881836,0.21639999747276306
YLR144C,YGL183C,0,-4.9898896,0.26385584473609924,0.7760000228881836,0.21649999916553497
YDR459C,YDR392W,0,-4.990704,0.2637661397457123,0.7760000228881836,0.21660000085830688
YLR114C,YLR246W,0,-4.9907575,0.2636765241622925,0.7760000228881836,0.2167000025510788
YNL166C,YNR027W,0,-4.9916058,0.26358696818351746,0.7760000228881836,0.2168000042438507
YHR015W,YHR157W,0,-4.991736,0.2634974420070648,0.7760000228881836,0.21690000593662262
YPL075W,YHR165C,0,-4.99199,0.26340800523757935,0.7760000228881836,0.21699999272823334
YOR031W,YMR204C,0,-4.9927344,0.26331862807273865,0.7760000228881836,0.21709999442100525
YMR277W,YPL076W,0,-4.993294,0.2632293105125427,0.7760000228881836,0.21719999611377716
YPL256C,YER123W,0,-4.993428,0.2631400525569916,0.7760000228881836,0.21729999780654907
YMR288W,YCL043C,0,-4.9934454,0.2630508542060852,0.7760000228881836,0.21739999949932098
YDR179C,YKL046C,0,-4.99347,0.2629617154598236,0.7760000228881836,0.2175000011920929
YDR411C,YNR072W,0,-4.9940534,0.2628726363182068,0.7760000228881836,0.2176000028848648
YDL017W,YBR050C,0,-4.9942994,0.26278361678123474,0.7760000228881836,0.21770000457763672
YJR068W,YHR014W,1,-4.994926,0.2630331814289093,0.7770000100135803,0.21770000457763672
YDL008W,YIL144W,1,-4.9949846,0.26328256726264954,0.777999997138977,0.21770000457763672
YOR191W,YGR180C,0,-4.995093,0.2631935179233551,0.777999997138977,0.21780000627040863
YNR013C,YPL268W,0,-4.9954953,0.26310449838638306,0.777999997138977,0.21789999306201935
YJL060W,YMR224C,0,-4.995785,0.2630155384540558,0.777999997138977,0.21799999475479126
YNR023W,YGL104C,0,-4.996003,0.2629266679286957,0.777999997138977,0.21809999644756317
YJR121W,YPL224C,0,-4.996173,0.26283782720565796,0.777999997138977,0.21819999814033508
YIR010W,YPL204W,1,-4.996179,0.26308679580688477,0.7789999842643738,0.21819999814033508
YDR083W,YOR089C,0,-4.9961863,0.26299798488616943,0.7789999842643738,0.218299999833107
YGR029W,YOR060C,0,-4.996284,0.2629092037677765,0.7789999842643738,0.2184000015258789
YKR090W,YDL147W,0,-4.9979568,0.2628205120563507,0.7789999842643738,0.21850000321865082
YDL197C,YMR236W,0,-4.997971,0.2627318799495697,0.7789999842643738,0.21860000491142273
YER040W,YAL055W,0,-4.9988794,0.2626432776451111,0.7789999842643738,0.21870000660419464
YHR088W,YML064C,0,-4.999238,0.26255476474761963,0.7789999842643738,0.21879999339580536
YIL014W,YDR311W,0,-5.000175,0.26246631145477295,0.7789999842643738,0.21889999508857727
YIL037C,YPL011C,0,-5.0002613,0.26237791776657104,0.7789999842643738,0.21899999678134918
YGR003W,YDL036C,0,-5.000343,0.26228955388069153,0.7789999842643738,0.2190999984741211
YDR421W,YBR111W-A,0,-5.000625,0.2622012794017792,0.7789999842643738,0.219200000166893
YJR033C,YHR098C,0,-5.000662,0.2621130645275116,0.7789999842643738,0.21930000185966492
YPR122W,YDR122W,0,-5.001275,0.2620248794555664,0.7789999842643738,0.21940000355243683
YEL037C,YLR119W,0,-5.001278,0.2619367837905884,0.7789999842643738,0.21950000524520874
YMR033W,YBR293W,0,-5.001855,0.2618487477302551,0.7789999842643738,0.21960000693798065
YOR156C,YOL006C,1,-5.0021777,0.2620967626571655,0.7799999713897705,0.21960000693798065
YPL097W,YNL326C,0,-5.0028014,0.2620087265968323,0.7799999713897705,0.21969999372959137
YHR165C,YBR289W,0,-5.005144,0.2619207501411438,0.7799999713897705,0.21979999542236328
YMR079W,YML041C,0,-5.0054317,0.2618328332901001,0.7799999713897705,0.2198999971151352
YOR355W,YDR416W,0,-5.005717,0.26174497604370117,0.7799999713897705,0.2199999988079071
YMR311C,YPR141C,1,-5.005772,0.2619926333427429,0.781000018119812,0.2199999988079071
YGL229C,YFL059W,0,-5.0063424,0.261904776096344,0.781000018119812,0.22010000050067902
YBR055C,YER087C-B,0,-5.0068765,0.26181694865226746,0.781000018119812,0.22020000219345093
YNR010W,YAL031C,1,-5.0069747,0.2620643377304077,0.7820000052452087,0.22020000219345093
YOL111C,YLR176C,0,-5.007045,0.26197654008865356,0.7820000052452087,0.22030000388622284
YGR161C,YOR083W,0,-5.0073385,0.2618888020515442,0.7820000052452087,0.22040000557899475
YHR077C,YBL057C,0,-5.007626,0.2618011236190796,0.7820000052452087,0.22050000727176666
YPR175W,YER040W,0,-5.0079045,0.26171353459358215,0.7820000052452087,0.22059999406337738
YPR049C,YKL054C,0,-5.0081916,0.2616259753704071,0.7820000052452087,0.2206999957561493
YPL060W,YDR311W,0,-5.0082226,0.26153847575187683,0.7820000052452087,0.2207999974489212
YOR078W,YBR130C,0,-5.0092835,0.26145100593566895,0.7820000052452087,0.22089999914169312
YFR046C,YGR063C,1,-5.009303,0.2616978585720062,0.7829999923706055,0.22089999914169312
YDR378C,YIL017W,0,-5.0101438,0.2616104185581207,0.7829999923706055,0.22100000083446503
YJR082C,YBL093C,0,-5.0103264,0.26152303814888,0.7829999923706055,0.22110000252723694
YCL024W,YBR260C,0,-5.010662,0.26143571734428406,0.7829999923706055,0.22120000422000885
YKR003W,YFL004W,0,-5.0113225,0.2613484561443329,0.7829999923706055,0.22130000591278076
YBR288C,YDR432W,0,-5.011397,0.2612612545490265,0.7829999923706055,0.22139999270439148
YNR010W,YLR321C,1,-5.0115957,0.26150766015052795,0.7839999794960022,0.22139999270439148
YNL298W,YGR202C,0,-5.011893,0.26142048835754395,0.7839999794960022,0.2214999943971634
YBR211C,YPL200W,1,-5.0127597,0.2616666555404663,0.7850000262260437,0.2214999943971634
YIR010W,YDR409W,1,-5.012877,0.2619127035140991,0.7860000133514404,0.2214999943971634
YOR244W,YLL031C,0,-5.0132866,0.26182544231414795,0.7860000133514404,0.2215999960899353
YGL016W,YBR171W,0,-5.0133557,0.26173827052116394,0.7860000133514404,0.22169999778270721
YER129W,YLR298C,0,-5.0138855,0.2616511285305023,0.7860000133514404,0.22179999947547913
YFL009W,YDR456W,0,-5.014002,0.2615640461444855,0.7860000133514404,0.22190000116825104
YDL028C,YLR003C,0,-5.0140824,0.2614770531654358,0.7860000133514404,0.22200000286102295
YJR074W,YML055W,0,-5.0140953,0.2613900899887085,0.7860000133514404,0.22210000455379486
YBL047C,YKR090W,0,-5.0147223,0.261303186416626,0.7860000133514404,0.22220000624656677
YBR009C,YBR153W,0,-5.0148506,0.26121634244918823,0.7860000133514404,0.2222999930381775
YPL018W,YIR025W,1,-5.014875,0.2614617943763733,0.7870000004768372,0.2222999930381775
YDR022C,YGR270W,0,-5.0149217,0.26137495040893555,0.7870000004768372,0.2223999947309494
YNL099C,YOL148C,0,-5.0152655,0.2612881660461426,0.7870000004768372,0.2224999964237213
YER068W,YPR112C,0,-5.0154014,0.2612014710903168,0.7870000004768372,0.22259999811649323
YKR034W,YOR049C,0,-5.0155287,0.26111480593681335,0.7870000004768372,0.22269999980926514
YOR144C,YDR518W,0,-5.0157847,0.2610282003879547,0.7870000004768372,0.22280000150203705
YIL143C,YBR165W,0,-5.016304,0.26094165444374084,0.7870000004768372,0.22290000319480896
YBL099W,YOR381W,0,-5.016825,0.26085516810417175,0.7870000004768372,0.22300000488758087
YGR024C,YCL069W,0,-5.017577,0.26076871156692505,0.7870000004768372,0.22310000658035278
YNL259C,YDR394W,0,-5.0175858,0.2606823444366455,0.7870000004768372,0.2231999933719635
YCR010C,YGL236C,0,-5.0178576,0.26059603691101074,0.7870000004768372,0.2232999950647354
YIL039W,YOR129C,0,-5.0184364,0.26050975918769836,0.7870000004768372,0.22339999675750732
YJR084W,YMR013C,0,-5.019225,0.26042357087135315,0.7870000004768372,0.22349999845027924
YDR098C,YGL212W,0,-5.019425,0.2603374123573303,0.7870000004768372,0.22360000014305115
YJL178C,YIL048W,0,-5.019649,0.26025131344795227,0.7870000004768372,0.22370000183582306
YGL104C,YML109W,0,-5.020825,0.2601653039455414,0.7870000004768372,0.22380000352859497
YGL245W,YNL099C,0,-5.021467,0.2600793242454529,0.7870000004768372,0.22390000522136688
YHL024W,YKR001C,0,-5.021561,0.25999340415000916,0.7870000004768372,0.2240000069141388
YIR010W,YML085C,1,-5.0221376,0.26023778319358826,0.7879999876022339,0.2240000069141388
YMR060C,YNL257C,0,-5.0221734,0.26015186309814453,0.7879999876022339,0.2240999937057495
YCR040W,YER007W,0,-5.0222316,0.2600660026073456,0.7879999876022339,0.22419999539852142
YPR193C,YLR007W,0,-5.0225124,0.2599802017211914,0.7879999876022339,0.22429999709129333
YCR026C,YCR084C,0,-5.023022,0.259894460439682,0.7879999876022339,0.22439999878406525
YDR077W,YAL009W,0,-5.02415,0.2598087787628174,0.7879999876022339,0.22450000047683716
YKR083C,YPR088C,0,-5.024161,0.25972312688827515,0.7879999876022339,0.22460000216960907
YLR256W,YPR162C,0,-5.024178,0.2596375644207001,0.7879999876022339,0.22470000386238098
YHR011W,YKR037C,0,-5.025453,0.2595520317554474,0.7879999876022339,0.2248000055551529
YLR176C,YJR010C-A,0,-5.025778,0.25946658849716187,0.7879999876022339,0.2249000072479248
YPL050C,YGL244W,0,-5.025823,0.25938117504119873,0.7879999876022339,0.22499999403953552
YMR109W,YDR407C,0,-5.026926,0.25929582118988037,0.7879999876022339,0.22509999573230743
YGL073W,YOR279C,0,-5.027988,0.2592105269432068,0.7879999876022339,0.22519999742507935
YMR162C,YGL058W,0,-5.0280123,0.259125292301178,0.7879999876022339,0.22529999911785126
YDL105W,YDR091C,0,-5.0290837,0.25904011726379395,0.7879999876022339,0.22540000081062317
YPR128C,YKR025W,0,-5.029612,0.2589549720287323,0.7879999876022339,0.22550000250339508
YPL149W,YIL112W,0,-5.0297937,0.2588699162006378,0.7879999876022339,0.225600004196167
YKL048C,YFR033C,0,-5.030941,0.2587848901748657,0.7879999876022339,0.2257000058889389
YGL222C,YEL002C,0,-5.0319605,0.2586999237537384,0.7879999876022339,0.22579999268054962
YGL190C,YLR026C,0,-5.0319653,0.25861501693725586,0.7879999876022339,0.22589999437332153
YJL071W,YER154W,0,-5.032347,0.2585301697254181,0.7879999876022339,0.22599999606609344
YIL062C,YJL006C,0,-5.0325465,0.2584453821182251,0.7879999876022339,0.22609999775886536
YKL052C,YFL009W,0,-5.032966,0.2583606541156769,0.7879999876022339,0.22619999945163727
YDR365C,YPL130W,0,-5.0334377,0.25827598571777344,0.7879999876022339,0.22630000114440918
YLR353W,YKR060W,0,-5.034,0.2581913471221924,0.7879999876022339,0.2264000028371811
YJR060W,YOL006C,1,-5.0340075,0.25843432545661926,0.7889999747276306,0.2264000028371811
YNL145W,YIL106W,0,-5.034035,0.2583497166633606,0.7889999747276306,0.226500004529953
YBR057C,YOR159C,0,-5.0347543,0.2582651376724243,0.7889999747276306,0.22660000622272491
YPL010W,YJL139C,0,-5.0354095,0.2581806182861328,0.7889999747276306,0.22669999301433563
YLR192C,YIL095W,0,-5.0362835,0.2580961585044861,0.7889999747276306,0.22679999470710754
YKL160W,YPR186C,0,-5.0367107,0.25801175832748413,0.7889999747276306,0.22689999639987946
YHR102W,YBR192W,0,-5.037103,0.25792741775512695,0.7889999747276306,0.22699999809265137
YML110C,YPR032W,0,-5.0379486,0.25784313678741455,0.7889999747276306,0.22709999978542328
YOR266W,YDR330W,0,-5.037991,0.2577589154243469,0.7889999747276306,0.2272000014781952
YDR524C,YPR162C,0,-5.0381203,0.2576747238636017,0.7889999747276306,0.2273000031709671
YOL082W,YLR385C,0,-5.0382986,0.2575905919075012,0.7889999747276306,0.227400004863739
YOR151C,YER087C-B,0,-5.038464,0.25750651955604553,0.7889999747276306,0.22750000655651093
YIR010W,YOR156C,1,-5.038504,0.2577487826347351,0.7900000214576721,0.22750000655651093
YBR102C,YML058W-A,0,-5.038542,0.2576647102832794,0.7900000214576721,0.22759999334812164
YPR046W,YMR190C,1,-5.0386777,0.2579067349433899,0.7910000085830688,0.22759999334812164
YGL130W,YLR305C,0,-5.0387506,0.2578226923942566,0.7910000085830688,0.22769999504089355
YIL036W,YIL065C,0,-5.038755,0.2577386796474457,0.7910000085830688,0.22779999673366547
YMR025W,YNL138W,0,-5.0387917,0.25765472650527954,0.7910000085830688,0.22789999842643738
YJL104W,YER123W,0,-5.0425324,0.2575708329677582,0.7910000085830688,0.2280000001192093
YOL026C,YLR045C,0,-5.0427155,0.2574869692325592,0.7910000085830688,0.2281000018119812
YCR071C,YBR212W,0,-5.0429454,0.2574031949043274,0.7910000085830688,0.2282000035047531
YDR284C,YJR082C,0,-5.0433373,0.25731945037841797,0.7910000085830688,0.22830000519752502
YJL001W,YPL085W,0,-5.043407,0.2572357654571533,0.7910000085830688,0.22840000689029694
YGL247W,YOL045W,0,-5.0434155,0.25715214014053345,0.7910000085830688,0.22849999368190765
YOR319W,YGL070C,0,-5.043443,0.25706857442855835,0.7910000085830688,0.22859999537467957
YHR115C,YOR150W,0,-5.0439663,0.256985068321228,0.7910000085830688,0.22869999706745148
YDR140W,YJL001W,0,-5.044098,0.2569015920162201,0.7910000085830688,0.2287999987602234
YMR032W,YGR185C,0,-5.044346,0.25681817531585693,0.7910000085830688,0.2289000004529953
YOL078W,YMR225C,0,-5.045009,0.25673481822013855,0.7910000085830688,0.2290000021457672
YBR202W,YKL188C,0,-5.045214,0.25665152072906494,0.7910000085830688,0.22910000383853912
YPL028W,YIL120W,0,-5.0453463,0.2565682828426361,0.7910000085830688,0.22920000553131104
YDR254W,YCR086W,1,-5.045428,0.2568093240261078,0.7919999957084656,0.22920000553131104
YKL032C,YIL115C,0,-5.0457664,0.25672608613967896,0.7919999957084656,0.22930000722408295
YLR210W,YKR056W,0,-5.046323,0.2566429078578949,0.7919999957084656,0.22939999401569366
YNR030W,YPL248C,0,-5.046664,0.2565597593784332,0.7919999957084656,0.22949999570846558
YCL034W,YDR137W,0,-5.046949,0.25647667050361633,0.7919999957084656,0.2295999974012375
YHR171W,YIL140W,0,-5.047192,0.2563936412334442,0.7919999957084656,0.2296999990940094
YPR164W,YKR079C,0,-5.0477023,0.25631067156791687,0.7919999957084656,0.2298000007867813
YKL206C,YDR499W,0,-5.0477576,0.2562277615070343,0.7919999957084656,0.22990000247955322
YNL278W,YOR043W,0,-5.0483212,0.2561448812484741,0.7919999957084656,0.23000000417232513
YKL146W,YLR103C,0,-5.048918,0.2560620903968811,0.7919999957084656,0.23010000586509705
YLR170C,YKL119C,0,-5.0497856,0.2559793293476105,0.7919999957084656,0.23019999265670776
YER133W,YJR112W,1,-5.0502863,0.2562197148799896,0.7929999828338623,0.23019999265670776
YJL194W,YJR103W,0,-5.05032,0.256136953830719,0.7929999828338623,0.23029999434947968
YPL203W,YOR083W,0,-5.050409,0.25605425238609314,0.7929999828338623,0.2303999960422516
YNL242W,YHR058C,0,-5.0508432,0.2559715807437897,0.7929999828338623,0.2304999977350235
YMR005W,YJL087C,0,-5.0515947,0.25588899850845337,0.7929999828338623,0.2305999994277954
YGL216W,YGR158C,0,-5.051619,0.25580644607543945,0.7929999828338623,0.23070000112056732
YDR317W,YLR268W,0,-5.0521865,0.2557239532470703,0.7929999828338623,0.23080000281333923
YBR211C,YPL204W,1,-5.0526752,0.25596389174461365,0.7940000295639038,0.23080000281333923
YOL049W,YEL002C,0,-5.053393,0.2558813989162445,0.7940000295639038,0.23090000450611115
YOR178C,YPL283C,0,-5.0535727,0.25579896569252014,0.7940000295639038,0.23100000619888306
YMR168C,YLR176C,0,-5.0545745,0.25571659207344055,0.7940000295639038,0.23109999299049377
YDR358W,YPR107C,0,-5.056658,0.25563424825668335,0.7940000295639038,0.23119999468326569
YKL022C,YOL094C,1,-5.0567446,0.25587382912635803,0.7950000166893005,0.23119999468326569
YJR083C,YGR082W,0,-5.056811,0.2557915151119232,0.7950000166893005,0.2312999963760376
YDR138W,YHR001W,0,-5.0573893,0.2557092308998108,0.7950000166893005,0.2313999980688095
YJL116C,YOL044W,0,-5.0576262,0.25562700629234314,0.7950000166893005,0.23149999976158142
YIL123W,YHR099W,0,-5.0580325,0.25554484128952026,0.7950000166893005,0.23160000145435333
YKL165C,YLR376C,0,-5.059255,0.25546273589134216,0.7950000166893005,0.23170000314712524
YBR111W-A,YGL225W,0,-5.059476,0.25538066029548645,0.7950000166893005,0.23180000483989716
YMR314W,YER022W,0,-5.060008,0.2552986443042755,0.7950000166893005,0.23190000653266907
YDR137W,YGL066W,0,-5.060212,0.25521668791770935,0.7950000166893005,0.23199999332427979
YDR141C,YIR008C,0,-5.060828,0.25513479113578796,0.7950000166893005,0.2320999950170517
YJR050W,YMR069W,0,-5.061378,0.25505292415618896,0.7950000166893005,0.2321999967098236
YCL011C,YAL011W,0,-5.0616183,0.25497114658355713,0.7950000166893005,0.23229999840259552
YOL017W,YBL057C,0,-5.0618386,0.2548893988132477,0.7950000166893005,0.23240000009536743
YML110C,YOL055C,0,-5.0621915,0.2548076808452606,0.7950000166893005,0.23250000178813934
YDL028C,YJL045W,0,-5.0625424,0.2547260522842407,0.7950000166893005,0.23260000348091125
YMR129W,YDR404C,0,-5.0628953,0.2546444535255432,0.7950000166893005,0.23270000517368317
YER014C-A,YJR137C,0,-5.0632133,0.2545629143714905,0.7950000166893005,0.23280000686645508
YNL230C,YIL147C,0,-5.0633874,0.2544814348220825,0.7950000166893005,0.2328999936580658
YMR281W,YLR268W,0,-5.0636816,0.25440001487731934,0.7950000166893005,0.2329999953508377
YCR005C,YKR037C,0,-5.0645127,0.25431862473487854,0.7950000166893005,0.23309999704360962
YPR057W,YOR179C,0,-5.064631,0.2542372941970825,0.7950000166893005,0.23319999873638153
YLR394W,YKL064W,0,-5.0655413,0.2541560232639313,0.7950000166893005,0.23330000042915344
YBR211C,YDL003W,1,-5.0655494,0.25439438223838806,0.7960000038146973,0.23330000042915344
YPR055W,YOR137C,0,-5.0657115,0.2543131113052368,0.7960000038146973,0.23340000212192535
YER133W,YJL019W,1,-5.066249,0.2545512616634369,0.796999990940094,0.23340000212192535
YOR329C,YNL138W,0,-5.067029,0.25446999073028564,0.796999990940094,0.23350000381469727
YNR074C,YMR163C,0,-5.067102,0.2543887794017792,0.796999990940094,0.23360000550746918
YBR060C,YHR205W,0,-5.0674243,0.2543075978755951,0.796999990940094,0.2337000072002411
YPL116W,YPL050C,0,-5.067487,0.2542264759540558,0.796999990940094,0.2337999939918518
YPL008W,YJL080C,1,-5.0677133,0.2544642984867096,0.7979999780654907,0.2337999939918518
YBR055C,YIL008W,0,-5.0678053,0.2543831765651703,0.7979999780654907,0.23389999568462372
YER012W,YER087C-B,0,-5.068093,0.25430211424827576,0.7979999780654907,0.23399999737739563
YOR266W,YOL091W,0,-5.068914,0.2542210817337036,0.7979999780654907,0.23409999907016754
YDR298C,YPL214C,0,-5.0692253,0.25414013862609863,0.7979999780654907,0.23420000076293945
YNL225C,YCR075C,0,-5.0705757,0.25405922532081604,0.7979999780654907,0.23430000245571136
YOL038W,YDR427W,0,-5.0707426,0.2539783716201782,0.7979999780654907,0.23440000414848328
YJR068W,YDR409W,1,-5.0708117,0.25421571731567383,0.7990000247955322,0.23440000414848328
YHR115C,YMR061W,0,-5.070903,0.254134863615036,0.7990000247955322,0.2345000058412552
YOR033C,YKL140W,0,-5.0713954,0.2540540397167206,0.7990000247955322,0.2345999926328659
YDL087C,YGR264C,0,-5.0718513,0.2539733052253723,0.7990000247955322,0.23469999432563782
YER133W,YLR321C,1,-5.0724006,0.25421035289764404,0.800000011920929,0.23469999432563782
YNL223W,YKL139W,0,-5.0726705,0.2541296184062958,0.800000011920929,0.23479999601840973
YPR082C,YDR166C,0,-5.072859,0.2540489137172699,0.800000011920929,0.23489999771118164
YBR050C,YGL066W,0,-5.073328,0.2539682686328888,0.800000011920929,0.23499999940395355
YNL330C,YGR002C,0,-5.073379,0.2538876533508301,0.800000011920929,0.23510000109672546
YML048W,YIL016W,0,-5.073403,0.25380709767341614,0.800000011920929,0.23520000278949738
YDL174C,YOL091W,0,-5.0735726,0.253726601600647,0.800000011920929,0.2353000044822693
YJR055W,YPL129W,0,-5.073775,0.2536461651325226,0.800000011920929,0.2354000061750412
YDR314C,YKR060W,0,-5.074963,0.2535657584667206,0.800000011920929,0.23549999296665192
YGR262C,YDR464W,0,-5.0753465,0.25348541140556335,0.800000011920929,0.23559999465942383
YJR068W,YLR357W,1,-5.075415,0.2537218928337097,0.8009999990463257,0.23559999465942383
YPR164W,YGR220C,0,-5.075468,0.2536415457725525,0.8009999990463257,0.23569999635219574
YCL029C,YHR160C,0,-5.0759788,0.25356125831604004,0.8009999990463257,0.23579999804496765
YOR113W,YGR003W,0,-5.076536,0.25348100066185,0.8009999990463257,0.23589999973773956
YBL097W,YNR010W,1,-5.0765367,0.25371718406677246,0.8019999861717224,0.23589999973773956
YDL145C,YOR308C,0,-5.0766754,0.2536369264125824,0.8019999861717224,0.23600000143051147
YOL017W,YOL038W,0,-5.0767355,0.2535567581653595,0.8019999861717224,0.2361000031232834
YER166W,YNR048W,0,-5.07675,0.253476619720459,0.8019999861717224,0.2362000048160553
YPR178W,YIL076W,0,-5.076835,0.25339651107788086,0.8019999861717224,0.2363000065088272
YKL201C,YDR416W,0,-5.077101,0.2533164918422699,0.8019999861717224,0.23639999330043793
YNR075W,YMR183C,0,-5.0779686,0.2532365024089813,0.8019999861717224,0.23649999499320984
YNL222W,YGR080W,0,-5.079425,0.2531565725803375,0.8019999861717224,0.23659999668598175
YPL018W,YOL006C,1,-5.080398,0.2533922493457794,0.8029999732971191,0.23659999668598175
YCR063W,YNL054W,0,-5.08044,0.25331228971481323,0.8029999732971191,0.23669999837875366
YAL023C,YBR130C,0,-5.080614,0.2532324194908142,0.8029999732971191,0.23680000007152557
YDR364C,YKR020W,0,-5.080762,0.2531525790691376,0.8029999732971191,0.23690000176429749
YPL110C,YHR178W,0,-5.0815825,0.2530727982521057,0.8029999732971191,0.2370000034570694
YML049C,YHR006W,0,-5.0817075,0.25299307703971863,0.8029999732971191,0.2371000051498413
YPL262W,YGL142C,0,-5.0820537,0.25291338562965393,0.8029999732971191,0.23720000684261322
YBR213W,YGR081C,0,-5.082238,0.252833753824234,0.8029999732971191,0.23729999363422394
YNL317W,YKL019W,0,-5.0830097,0.25275418162345886,0.8029999732971191,0.23739999532699585
YFL060C,YNL310C,0,-5.083132,0.2526746392250061,0.8029999732971191,0.23749999701976776
YER155C,YFR051C,0,-5.0832734,0.2525951564311981,0.8029999732971191,0.23759999871253967
YNL127W,YGL137W,0,-5.083279,0.2525157332420349,0.8029999732971191,0.23770000040531158
YGR169C,YGR059W,0,-5.0833845,0.2524363398551941,0.8029999732971191,0.2378000020980835
YKL022C,YFL037W,1,-5.084169,0.2526712715625763,0.8040000200271606,0.2378000020980835
YGR029W,YHR038W,0,-5.084277,0.25259190797805786,0.8040000200271606,0.2379000037908554
YKL002W,YMR100W,0,-5.084317,0.2525125741958618,0.8040000200271606,0.23800000548362732
YGL173C,YBL102W,0,-5.0844116,0.25243327021598816,0.8040000200271606,0.23810000717639923
YDL207W,YKR057W,0,-5.0844803,0.25235405564308167,0.8040000200271606,0.23819999396800995
YNL021W,YDR079W,0,-5.085086,0.25227487087249756,0.8040000200271606,0.23829999566078186
YLR330W,YHR058C,0,-5.0851855,0.2521957457065582,0.8040000200271606,0.23839999735355377
YKR035W-A,YGL020C,0,-5.086197,0.2521166503429413,0.8040000200271606,0.23849999904632568
YIL014W,YGL066W,0,-5.0872726,0.2520376145839691,0.8040000200271606,0.2386000007390976
YCR081W,YER072W,0,-5.087984,0.2519586384296417,0.8040000200271606,0.2387000024318695
YHR193C,YOR127W,0,-5.08811,0.2518796920776367,0.8040000200271606,0.23880000412464142
YBL105C,YGR144W,0,-5.088261,0.2518008053302765,0.8040000200271606,0.23890000581741333
YDR013W,YJR033C,0,-5.088543,0.25172197818756104,0.8040000200271606,0.23899999260902405
YOR033C,YOR346W,0,-5.0889416,0.25164318084716797,0.8040000200271606,0.23909999430179596
YPL256C,YDL042C,0,-5.089243,0.2515644431114197,0.8040000200271606,0.23919999599456787
YEL032W,YDR495C,0,-5.0896544,0.25148576498031616,0.8040000200271606,0.23929999768733978
YNL029C,YER029C,0,-5.089749,0.25140711665153503,0.8040000200271606,0.2393999993801117
YGL116W,YAL031C,1,-5.0921235,0.2516411244869232,0.8050000071525574,0.2393999993801117
YPL008W,YDR318W,1,-5.092504,0.25187501311302185,0.8059999942779541,0.2393999993801117
YGR090W,YDR545W,0,-5.0927978,0.25179630517959595,0.8059999942779541,0.2395000010728836
YKL138C-A,YOL109W,0,-5.093358,0.2517176866531372,0.8059999942779541,0.23960000276565552
YER021W,YGR099W,0,-5.094741,0.25163909792900085,0.8059999942779541,0.23970000445842743
YDR163W,YMR100W,0,-5.095599,0.2515605390071869,0.8059999942779541,0.23980000615119934
YIL038C,YNL049C,0,-5.0956817,0.2514820694923401,0.8059999942779541,0.23989999294281006
YAL001C,YER151C,0,-5.0960774,0.2514036297798157,0.8059999942779541,0.23999999463558197
YGR120C,YMR061W,0,-5.0964537,0.25132521986961365,0.8059999942779541,0.24009999632835388
YPR037C,YOR298C-A,0,-5.096802,0.2512468695640564,0.8059999942779541,0.2401999980211258
YDR201W,YDR059C,0,-5.097546,0.2511685788631439,0.8059999942779541,0.2402999997138977
YFR008W,YDL043C,0,-5.09897,0.2510903477668762,0.8059999942779541,0.24040000140666962
YEL015W,YAL035W,0,-5.09972,0.2510121464729309,0.8059999942779541,0.24050000309944153
YOR034C,YIL076W,0,-5.0997562,0.25093400478363037,0.8059999942779541,0.24060000479221344
YML095C,YOR179C,0,-5.0998816,0.2508558928966522,0.8059999942779541,0.24070000648498535
YKL149C,YPL167C,0,-5.099896,0.25077784061431885,0.8059999942779541,0.24079999327659607
YOR023C,YNL326C,0,-5.1008296,0.25069984793663025,0.8059999942779541,0.24089999496936798
YOL115W,YJR068W,1,-5.1017833,0.25093284249305725,0.8069999814033508,0.24089999496936798
YLR248W,YGR033C,0,-5.1018147,0.25085482001304626,0.8069999814033508,0.2409999966621399
YLR321C,YGR063C,1,-5.102295,0.25108763575553894,0.8080000281333923,0.2409999966621399
YBR212W,YDR372C,0,-5.102525,0.25100964307785034,0.8080000281333923,0.2410999983549118
YJR158W,YLR182W,0,-5.103154,0.25093168020248413,0.8080000281333923,0.24120000004768372
YOL149W,YDR198C,0,-5.1036973,0.2508537769317627,0.8080000281333923,0.24130000174045563
YER149C,YDR329C,0,-5.103982,0.25077590346336365,0.8080000281333923,0.24140000343322754
YOR079C,YNL317W,0,-5.104478,0.25069811940193176,0.8080000281333923,0.24150000512599945
YGR230W,YGR169C,0,-5.104592,0.2506203353404999,0.8080000281333923,0.24160000681877136
YPL060W,YER123W,0,-5.104776,0.25054264068603516,0.8080000281333923,0.24169999361038208
YJL121C,YDR407C,0,-5.1047864,0.2504649758338928,0.8080000281333923,0.241799995303154
YBR200W,YAR019C,0,-5.105101,0.25038737058639526,0.8080000281333923,0.2418999969959259
YGL063W,YPR182W,0,-5.1060863,0.2503097951412201,0.8080000281333923,0.24199999868869781
YGL051W,YLR181C,0,-5.1061964,0.2502322793006897,0.8080000281333923,0.24210000038146973
YBR193C,YGL051W,0,-5.106224,0.2501547932624817,0.8080000281333923,0.24220000207424164
YMR298W,YDL229W,0,-5.1065497,0.25007736682891846,0.8080000281333923,0.24230000376701355
YNL166C,YNL139C,0,-5.1067805,0.25,0.8080000281333923,0.24240000545978546
YDL005C,YDR337W,0,-5.106912,0.24992267787456512,0.8080000281333923,0.24250000715255737
YCR067C,YBR165W,0,-5.107163,0.24984538555145264,0.8080000281333923,0.2425999939441681
YAL031C,YOL094C,1,-5.107428,0.2500772774219513,0.8090000152587891,0.2425999939441681
YGR217W,YHR001W,0,-5.1077366,0.25,0.8090000152587891,0.24269999563694
YGL150C,YBR114W,0,-5.1083064,0.2499227672815323,0.8090000152587891,0.24279999732971191
YLR117C,YDR224C,0,-5.108641,0.24984557926654816,0.8090000152587891,0.24289999902248383
YML099C,YOR275C,0,-5.109774,0.2497684508562088,0.8090000152587891,0.24300000071525574
YLR363C,YLR354C,0,-5.109927,0.24969135224819183,0.8090000152587891,0.24310000240802765
YCR014C,YOR270C,0,-5.110399,0.24961431324481964,0.8090000152587891,0.24320000410079956
YGR116W,YER072W,0,-5.110687,0.24953731894493103,0.8090000152587891,0.24330000579357147
YBR275C,YGR281W,0,-5.1109834,0.249460369348526,0.8090000152587891,0.2433999925851822
YML081C-A,YHR059W,0,-5.1117516,0.24938347935676575,0.8090000152587891,0.2434999942779541
YNL106C,YBL041W,0,-5.1118517,0.24930661916732788,0.8090000152587891,0.243599995970726
YMR078C,YMR311C,1,-5.111981,0.2495379000902176,0.8100000023841858,0.243599995970726
YPL060W,YCL063W,0,-5.112013,0.24946103990077972,0.8100000023841858,0.24369999766349792
YPL028W,YMR218C,0,-5.1126766,0.24938423931598663,0.8100000023841858,0.24379999935626984
YPR111W,YKR050W,0,-5.112748,0.24930748343467712,0.8100000023841858,0.24390000104904175
YPR112C,YKR090W,0,-5.1128516,0.2492307722568512,0.8100000023841858,0.24400000274181366
YGL130W,YIR033W,0,-5.1133113,0.24915410578250885,0.8100000023841858,0.24410000443458557
YBR109C,YDL059C,0,-5.113386,0.24907748401165009,0.8100000023841858,0.24420000612735748
YDL069C,YFR034C,0,-5.114537,0.2490009218454361,0.8100000023841858,0.2442999929189682
YDL106C,YGL137W,0,-5.1145644,0.2489244043827057,0.8100000023841858,0.2443999946117401
YDR030C,YCR052W,0,-5.1146936,0.24884793162345886,0.8100000023841858,0.24449999630451202
YOR371C,YMR239C,0,-5.1149383,0.24877150356769562,0.8100000023841858,0.24459999799728394
YGR003W,YOR076C,0,-5.115198,0.24869512021541595,0.8100000023841858,0.24469999969005585
YHR068W,YKR029C,0,-5.1154737,0.24861878156661987,0.8100000023841858,0.24480000138282776
YDR096W,YOR087W,0,-5.1155252,0.24854250252246857,0.8100000023841858,0.24490000307559967
YOR023C,YKL188C,0,-5.1155486,0.24846625328063965,0.8100000023841858,0.24500000476837158
YKL220C,YBR223C,0,-5.116505,0.2483900636434555,0.8100000023841858,0.2451000064611435
YDR409W,YIR011C,1,-5.1166997,0.24862048029899597,0.8109999895095825,0.2451000064611435
YHR158C,YPL154C,0,-5.116893,0.24854429066181183,0.8109999895095825,0.2451999932527542
YOR049C,YGR143W,0,-5.117508,0.24846813082695007,0.8109999895095825,0.24529999494552612
YFR028C,YMR212C,0,-5.117711,0.2483920305967331,0.8109999895095825,0.24539999663829803
YPR122W,YNL288W,0,-5.1180277,0.2483159899711609,0.8109999895095825,0.24549999833106995
YJR022W,YER072W,0,-5.118633,0.24823997914791107,0.8109999895095825,0.24560000002384186
YDR385W,YOL017W,0,-5.119024,0.24816401302814484,0.8109999895095825,0.24570000171661377
YPL050C,YDR501W,0,-5.119472,0.24808810651302338,0.8109999895095825,0.24580000340938568
YPR131C,YDR183W,0,-5.1201315,0.2480122298002243,0.8109999895095825,0.2459000051021576
YML074C,YBR213W,0,-5.120787,0.24793641269207,0.8109999895095825,0.2460000067949295
YBL063W,YOR338W,0,-5.1208577,0.2478606402873993,0.8109999895095825,0.24609999358654022
YDR069C,YHR158C,0,-5.1212945,0.24778491258621216,0.8109999895095825,0.24619999527931213
YDR228C,YBL035C,0,-5.1213584,0.2477092295885086,0.8109999895095825,0.24629999697208405
YDR323C,YAR042W,0,-5.121466,0.24763359129428864,0.8109999895095825,0.24639999866485596
YFR034C,YFR052W,0,-5.121675,0.24755799770355225,0.8109999895095825,0.24650000035762787
YGL150C,YBR289W,0,-5.121994,0.24748244881629944,0.8109999895095825,0.24660000205039978
YDR293C,YKR001C,0,-5.1224985,0.2474069595336914,0.8109999895095825,0.2467000037431717
YOL080C,YNL072W,0,-5.1226573,0.24733150005340576,0.8109999895095825,0.2468000054359436
YKL002W,YIL021W,0,-5.124248,0.2472561001777649,0.8109999895095825,0.24690000712871552
YLR153C,YGR056W,0,-5.1242914,0.2471807450056076,0.8109999895095825,0.24699999392032623
YNL145W,YIR009W,0,-5.124924,0.2471054196357727,0.8109999895095825,0.24709999561309814
YFR024C-A,YKR062W,0,-5.124985,0.24703015387058258,0.8109999895095825,0.24719999730587006
YNR033W,YML041C,0,-5.1252337,0.24695493280887604,0.8109999895095825,0.24729999899864197
YBR200W,YGR074W,0,-5.125448,0.24687975645065308,0.8109999895095825,0.24740000069141388
YFR034C,YOL128C,0,-5.126036,0.2468046247959137,0.8109999895095825,0.2475000023841858
YPL050C,YEL051W,0,-5.1262436,0.2467295378446579,0.8109999895095825,0.2476000040769577
YJR121W,YOR049C,0,-5.126447,0.24665449559688568,0.8109999895095825,0.24770000576972961
YGL181W,YCL051W,0,-5.126559,0.24657951295375824,0.8109999895095825,0.24779999256134033
YNL214W,YPL152W,0,-5.1266837,0.24650456011295319,0.8109999895095825,0.24789999425411224
YIL066C,YGR008C,0,-5.127606,0.2464296519756317,0.8109999895095825,0.24799999594688416
YER070W,YKL214C,0,-5.1277843,0.24635480344295502,0.8109999895095825,0.24809999763965607
YDR228C,YAR031W,0,-5.1286464,0.2462799847126007,0.8109999895095825,0.24819999933242798
YNR026C,YMR156C,0,-5.128701,0.24620522558689117,0.8109999895095825,0.2483000010251999
YGR092W,YCR044C,0,-5.129006,0.24613049626350403,0.8109999895095825,0.2484000027179718
YFR008W,YGR144W,0,-5.1290383,0.24605582654476166,0.8109999895095825,0.2485000044107437
YJL058C,YIL021W,0,-5.129091,0.24598120152950287,0.8109999895095825,0.24860000610351562
YOR094W,YLR328W,0,-5.1293964,0.24590660631656647,0.8109999895095825,0.24869999289512634
YKL005C,YLR368W,0,-5.129778,0.24583207070827484,0.8109999895095825,0.24879999458789825
YDL008W,YDL003W,1,-5.1299906,0.24606060981750488,0.8119999766349792,0.24879999458789825
YMR075W,YDR297W,0,-5.1301894,0.24598605930805206,0.8119999766349792,0.24889999628067017
YOR274W,YJL154C,0,-5.1305604,0.24591156840324402,0.8119999766349792,0.24899999797344208
YEL015W,YOL040C,0,-5.1306067,0.24583712220191956,0.8119999766349792,0.249099999666214
YDR243C,YLR386W,0,-5.1311636,0.24576270580291748,0.8119999766349792,0.2492000013589859
YNL310C,YMR293C,0,-5.131221,0.24568834900856018,0.8119999766349792,0.2493000030517578
YBR073W,YJR068W,1,-5.132012,0.24591651558876038,0.8130000233650208,0.2493000030517578
YOR113W,YDL178W,0,-5.1320453,0.24584215879440308,0.8130000233650208,0.24940000474452972
YLR148W,YDR460W,0,-5.1321673,0.24576783180236816,0.8130000233650208,0.24950000643730164
YBR077C,YIL016W,0,-5.1326313,0.24569356441497803,0.8130000233650208,0.24959999322891235
YKL002W,YAL042W,0,-5.1329255,0.24561934173107147,0.8130000233650208,0.24969999492168427
YDL045C,YPR131C,0,-5.1330976,0.2455451488494873,0.8130000233650208,0.24979999661445618
YPL269W,YOL054W,0,-5.1333475,0.2454710155725479,0.8130000233650208,0.2498999983072281
YNR057C,YGR246C,0,-5.1334105,0.2453969269990921,0.8130000233650208,0.25
YML071C,YIL014W,0,-5.133499,0.24532286822795868,0.8130000233650208,0.2500999867916107
YLR330W,YKL138C-A,0,-5.133559,0.24524886906147003,0.8130000233650208,0.2502000033855438
YGR267C,YDR240C,0,-5.133908,0.24517491459846497,0.8130000233650208,0.25029999017715454
YMR200W,YNL253W,0,-5.1339526,0.2451009899377823,0.8130000233650208,0.25040000677108765
YPL100W,YLR103C,0,-5.134168,0.24502712488174438,0.8130000233650208,0.25049999356269836
YLL013C,YKL130C,0,-5.134518,0.24495330452919006,0.8130000233650208,0.25060001015663147
YML099C,YML051W,0,-5.134794,0.24487951397895813,0.8130000233650208,0.2506999969482422
YKL176C,YNL218W,0,-5.135079,0.24480578303337097,0.8130000233650208,0.2508000135421753
YPR037C,YDR202C,0,-5.135366,0.2447320818901062,0.8130000233650208,0.250900000333786
YKR095W,YNL073W,0,-5.135386,0.2446584403514862,0.8130000233650208,0.25099998712539673
YCR027C,YNL257C,0,-5.1360593,0.2445848435163498,0.8130000233650208,0.25110000371932983
YCR089W,YLR126C,0,-5.1360765,0.24451127648353577,0.8130000233650208,0.25119999051094055
YGL043W,YMR079W,0,-5.1361065,0.24443776905536652,0.8130000233650208,0.25130000710487366
YCR071C,YGR170W,0,-5.1366506,0.24436429142951965,0.8130000233650208,0.2513999938964844
YOR174W,YIL013C,0,-5.136685,0.24429085850715637,0.8130000233650208,0.2515000104904175
YPL121C,YCR053W,0,-5.1372023,0.24421748518943787,0.8130000233650208,0.2515999972820282
YPL187W,YDR135C,0,-5.1372976,0.24414414167404175,0.8130000233650208,0.2517000138759613
YBL050W,YLR386W,0,-5.137499,0.2440708428621292,0.8130000233650208,0.251800000667572
YGL006W,YBR024W,0,-5.1375365,0.24399760365486145,0.8130000233650208,0.25189998745918274
YNL042W,YLR025W,0,-5.1375976,0.24392439424991608,0.8130000233650208,0.25200000405311584
YGL043W,YJL085W,0,-5.137705,0.24385122954845428,0.8130000233650208,0.25209999084472656
YPL234C,YDL235C,0,-5.1377454,0.24377810955047607,0.8130000233650208,0.25220000743865967
YOR249C,YLR357W,1,-5.1377783,0.24400480091571808,0.8140000104904175,0.25220000743865967
YLR119W,YDR285W,0,-5.1384835,0.24393168091773987,0.8140000104904175,0.2522999942302704
YKL204W,YER040W,0,-5.138841,0.24385859072208405,0.8140000104904175,0.2524000108242035
YNL116W,YDR477W,0,-5.1405144,0.243785560131073,0.8140000104904175,0.2524999976158142
YJL058C,YDL002C,0,-5.1407027,0.24371257424354553,0.8140000104904175,0.2526000142097473
YNL048W,YOL012C,0,-5.1408515,0.24363963305950165,0.8140000104904175,0.25270000100135803
YML067C,YDR435C,0,-5.141315,0.24356672167778015,0.8140000104904175,0.25279998779296875
YDL008W,YFL008W,1,-5.1415296,0.24379299581050873,0.8149999976158142,0.25279998779296875
YLR088W,YLL021W,0,-5.141977,0.24372009932994843,0.8149999976158142,0.25290000438690186
YDL059C,YGR181W,0,-5.142062,0.2436472326517105,0.8149999976158142,0.2529999911785126
YOR388C,YER083C,0,-5.1420684,0.24357441067695618,0.8149999976158142,0.2531000077724457
YOL008W,YGR169C,0,-5.1428666,0.24350164830684662,0.8149999976158142,0.2531999945640564
YNR074C,YJL115W,0,-5.1430173,0.24342891573905945,0.8149999976158142,0.2533000111579895
YJL092W,YPL063W,0,-5.1436815,0.24335622787475586,0.8149999976158142,0.2533999979496002
YPL249C,YPL210C,0,-5.144226,0.24328358471393585,0.8149999976158142,0.2535000145435333
YLR246W,YJL154C,0,-5.1447535,0.24321098625659943,0.8149999976158142,0.25360000133514404
YER018C,YIR011C,1,-5.145234,0.2434367537498474,0.8159999847412109,0.25360000133514404
YGR140W,YMR311C,1,-5.145531,0.24366238713264465,0.8169999718666077,0.25360000133514404
YDR363W,YNL294C,0,-5.1459146,0.24358974397182465,0.8169999718666077,0.25369998812675476
YNL173C,YHR058C,0,-5.1467032,0.24351714551448822,0.8169999718666077,0.25380000472068787
YKL179C,YDL084W,0,-5.1472106,0.24344457685947418,0.8169999718666077,0.2538999915122986
YCR039C,YML095C,0,-5.1478505,0.24337205290794373,0.8169999718666077,0.2540000081062317
YJR139C,YGR192C,0,-5.1485906,0.24329958856105804,0.8169999718666077,0.2540999948978424
YDL226C,YHR206W,0,-5.148624,0.24322715401649475,0.8169999718666077,0.2542000114917755
YDR071C,YDR443C,0,-5.1493754,0.24315476417541504,0.8169999718666077,0.25429999828338623
YOR123C,YDR372C,0,-5.1494365,0.2430824190378189,0.8169999718666077,0.25440001487731934
YNL042W,YBL008W,0,-5.1496906,0.24301011860370636,0.8169999718666077,0.25450000166893005
YKL114C,YER164W,0,-5.149881,0.2429378479719162,0.8169999718666077,0.25459998846054077
YIR033W,YHL025W,0,-5.150217,0.2428656369447708,0.8169999718666077,0.2547000050544739
YBR177C,YEL004W,0,-5.15033,0.24279345571994781,0.8169999718666077,0.2547999918460846
YLR117C,YOR081C,0,-5.150658,0.2427213340997696,0.8169999718666077,0.2549000084400177
YMR001C,YBR109C,0,-5.150783,0.24264924228191376,0.8169999718666077,0.2549999952316284
YJR131W,YER005W,0,-5.1519547,0.2425771951675415,0.8169999718666077,0.2551000118255615
YHR014W,YIL144W,1,-5.151994,0.24280202388763428,0.8180000185966492,0.2551000118255615
YOR074C,YDR363W,0,-5.152156,0.24272997677326202,0.8180000185966492,0.25519999861717224
YHR143W-A,YCL069W,0,-5.1521926,0.24265795946121216,0.8180000185966492,0.25529998540878296
YDL008W,YBL079W,1,-5.1526155,0.24288256466388702,0.8190000057220459,0.25529998540878296
YNL262W,YGL229C,0,-5.1528487,0.24281054735183716,0.8190000057220459,0.25540000200271606
YKL191W,YIR013C,0,-5.1530747,0.24273858964443207,0.8190000057220459,0.2554999887943268
YDL031W,YJR031C,0,-5.1537085,0.24266666173934937,0.8190000057220459,0.2556000053882599
YHL034C,YLR200W,0,-5.1538925,0.24259479343891144,0.8190000057220459,0.2556999921798706
YOR031W,YPL121C,0,-5.154225,0.2425229549407959,0.8190000057220459,0.2558000087738037
YPR001W,YJL139C,0,-5.1546297,0.24245116114616394,0.8190000057220459,0.25589999556541443
YDR323C,YOL122C,0,-5.1548104,0.24237939715385437,0.8190000057220459,0.25600001215934753
YPL119C,YMR004W,0,-5.1550264,0.24230769276618958,0.8190000057220459,0.25609999895095825
YGR230W,YLL060C,0,-5.1553483,0.24223601818084717,0.8190000057220459,0.25619998574256897
YNL099C,YOR308C,0,-5.155353,0.24216440320014954,0.8190000057220459,0.2563000023365021
YMR299C,YFR051C,0,-5.155405,0.2420928180217743,0.8190000057220459,0.2563999891281128
YPL053C,YDR195W,0,-5.155626,0.24202127754688263,0.8190000057220459,0.2565000057220459
YLR207W,YER065C,0,-5.1558924,0.24194978177547455,0.8190000057220459,0.2565999925136566
YKR027W,YHR012W,0,-5.156047,0.24187831580638885,0.8190000057220459,0.2567000091075897
YBL016W,YPR178W,0,-5.1561894,0.24180690944194794,0.8190000057220459,0.25679999589920044
YOR058C,YPL146C,0,-5.1563473,0.2417355328798294,0.8190000057220459,0.25690001249313354
YHR166C,YGR275W,1,-5.157269,0.24195927381515503,0.8199999928474426,0.25690001249313354
YMR207C,YDR146C,0,-5.1572704,0.2418879121541977,0.8199999928474426,0.25699999928474426
YPL178W,YPL138C,0,-5.1573844,0.24181658029556274,0.8199999928474426,0.257099986076355
YKL138C-A,YNL049C,0,-5.157777,0.24174527823925018,0.8199999928474426,0.2572000026702881
YKR095W,YAR035W,0,-5.1579514,0.2416740357875824,0.8199999928474426,0.2572999894618988
YMR150C,YDR498C,0,-5.1580925,0.241602823138237,0.8199999928474426,0.2574000060558319
YDR364C,YBR231C,0,-5.1581125,0.24153167009353638,0.8199999928474426,0.2574999928474426
YBR211C,YLR357W,1,-5.1594687,0.24175500869750977,0.8209999799728394,0.2574999928474426
YBL047C,YLR320W,0,-5.1597705,0.24168384075164795,0.8209999799728394,0.25760000944137573
YDR479C,YER005W,0,-5.1599383,0.24161271750926971,0.8209999799728394,0.25769999623298645
YGR007W,YLR417W,0,-5.1599555,0.24154162406921387,0.8209999799728394,0.25780001282691956
YFL011W-A,YER166W,0,-5.160466,0.2414705902338028,0.8209999799728394,0.2578999996185303
YDR329C,YOR117W,0,-5.161223,0.2413995862007141,0.8209999799728394,0.257999986410141
YDR254W,YNR010W,1,-5.1613264,0.24162258207798004,0.8220000267028809,0.257999986410141
YPR131C,YBR111W-A,0,-5.1616893,0.24155157804489136,0.8220000267028809,0.2581000030040741
YDL029W,YDR392W,0,-5.1623354,0.24148060381412506,0.8220000267028809,0.2581999897956848
YHR116W,YIR022W,0,-5.1627855,0.24140968918800354,0.8220000267028809,0.2583000063896179
YMR048W,YPL137C,1,-5.162888,0.24163241684436798,0.8230000138282776,0.2583000063896179
YNL166C,YMR149W,0,-5.163075,0.24156148731708527,0.8230000138282776,0.25839999318122864
YGR081C,YCR018C,0,-5.1634383,0.24149061739444733,0.8230000138282776,0.25850000977516174
YGL053W,YDR135C,0,-5.163465,0.24141977727413177,0.8230000138282776,0.25859999656677246
YFL036W,YOR327C,0,-5.1639423,0.2413489669561386,0.8230000138282776,0.25870001316070557
YER143W,YKR089C,0,-5.1640463,0.24127821624279022,0.8230000138282776,0.2587999999523163
YGR257C,YEL050C,0,-5.1647654,0.24120751023292542,0.8230000138282776,0.258899986743927
YGL254W,YLR039C,0,-5.165281,0.241136834025383,0.8230000138282776,0.2590000033378601
YLR098C,YPL214C,0,-5.165807,0.24106620252132416,0.8230000138282776,0.2590999901294708
YGR225W,YER178W,0,-5.165826,0.2409956008195877,0.8230000138282776,0.25920000672340393
YBR110W,YDR069C,0,-5.1661744,0.24092505872249603,0.8230000138282776,0.25929999351501465
YKR055W,YDR515W,0,-5.167182,0.24085454642772675,0.8230000138282776,0.25940001010894775
YDR179C,YDR284C,0,-5.167521,0.24078407883644104,0.8230000138282776,0.25949999690055847
YER019W,YBR077C,0,-5.1677127,0.24071365594863892,0.8230000138282776,0.2596000134944916
YDL231C,YNR048W,0,-5.167929,0.24064327776432037,0.8230000138282776,0.2597000002861023
YJR084W,YDR464W,0,-5.168011,0.24057292938232422,0.8230000138282776,0.259799987077713
YBL045C,YLR032W,0,-5.1682076,0.24050262570381165,0.8230000138282776,0.2599000036716461
YLR114C,YJR059W,0,-5.1702724,0.24043236672878265,0.8230000138282776,0.25999999046325684
YFL033C,YOL102C,0,-5.170422,0.24036215245723724,0.8230000138282776,0.26010000705718994
YMR232W,YDR407C,0,-5.1706047,0.24029196798801422,0.8230000138282776,0.26019999384880066
YOR168W,YCL066W,0,-5.1710343,0.24022182822227478,0.8230000138282776,0.26030001044273376
YHR152W,YJL029C,0,-5.171088,0.24015173316001892,0.8230000138282776,0.2603999972343445
YNR030W,YGL163C,0,-5.1712794,0.24008168280124664,0.8230000138282776,0.2605000138282776
YLR459W,YDR062W,0,-5.1713014,0.24001166224479675,0.8230000138282776,0.2606000006198883
YAL031C,YDR409W,1,-5.171309,0.24023324251174927,0.8240000009536743,0.2606000006198883
YDR518W,YDR499W,0,-5.1715107,0.24016322195529938,0.8240000009536743,0.260699987411499
YGL115W,YIL016W,0,-5.1716537,0.24009324610233307,0.8240000009536743,0.26080000400543213
YPL169C,YNL310C,0,-5.1717405,0.24002330005168915,0.8240000009536743,0.26089999079704285
YOL004W,YDR464W,0,-5.172064,0.23995341360569,0.8240000009536743,0.26100000739097595
YPR033C,YGR056W,0,-5.172218,0.23988355696201324,0.8240000009536743,0.26109999418258667
YPR049C,YOR106W,0,-5.172792,0.23981373012065887,0.8240000009536743,0.2612000107765198
YPR178W,YLR136C,0,-5.1729326,0.23974396288394928,0.8240000009536743,0.2612999975681305
YGR156W,YMR079W,0,-5.173002,0.23967422544956207,0.8240000009536743,0.2614000141620636
YNL262W,YIL167W,0,-5.173558,0.23960453271865845,0.8240000009536743,0.2615000009536743
YAL016W,YNL283C,0,-5.1735654,0.2395348846912384,0.8240000009536743,0.26159998774528503
YNL216W,YPL210C,0,-5.1738195,0.23946526646614075,0.8240000009536743,0.26170000433921814
YJR084W,YDR224C,0,-5.1739507,0.23939569294452667,0.8240000009536743,0.26179999113082886
YNL225C,YIL117C,0,-5.174757,0.23932616412639618,0.8240000009536743,0.26190000772476196
YKR060W,YML076C,0,-5.1750717,0.23925668001174927,0.8240000009536743,0.2619999945163727
YMR225C,YJL154C,0,-5.1760044,0.23918722569942474,0.8240000009536743,0.2621000111103058
YPL060W,YBL105C,0,-5.1771445,0.2391178160905838,0.8240000009536743,0.2621999979019165
YJR001W,YLR192C,0,-5.1771555,0.23904845118522644,0.8240000009536743,0.2623000144958496
YPL231W,YOR327C,0,-5.1772075,0.23897911608219147,0.8240000009536743,0.2624000012874603
YBL003C,YHR187W,0,-5.177291,0.23890982568264008,0.8240000009536743,0.26249998807907104
YNL080C,YGR180C,0,-5.1785097,0.23884057998657227,0.8240000009536743,0.26260000467300415
YHR157W,YGL004C,0,-5.178639,0.23877136409282684,0.8240000009536743,0.26269999146461487
YMR301C,YDR078C,0,-5.180351,0.2387022078037262,0.8240000009536743,0.262800008058548
YFL056C,YGR009C,0,-5.180364,0.23863306641578674,0.8240000009536743,0.2628999948501587
YLR129W,YAR003W,0,-5.1804447,0.23856398463249207,0.8240000009536743,0.2630000114440918
YHL047C,YBR097W,0,-5.180491,0.23849493265151978,0.8240000009536743,0.2630999982357025
YNL118C,YBR004C,0,-5.18079,0.23842592537403107,0.8240000009536743,0.2632000148296356
YER167W,YPR018W,0,-5.181455,0.23835696280002594,0.8240000009536743,0.26330000162124634
YLR219W,YML049C,0,-5.181711,0.2382880300283432,0.8240000009536743,0.26339998841285706
YBL040C,YOR346W,0,-5.182118,0.23821914196014404,0.8240000009536743,0.26350000500679016
YGL142C,YOL012C,0,-5.1821847,0.23815028369426727,0.8240000009536743,0.2635999917984009
YBL022C,YDR076W,0,-5.1822968,0.23808148503303528,0.8240000009536743,0.263700008392334
YDR364C,YPL187W,0,-5.18262,0.23801271617412567,0.8240000009536743,0.2637999951839447
YLR223C,YPR075C,0,-5.183229,0.23794397711753845,0.8240000009536743,0.2639000117778778
YGR286C,YGL181W,0,-5.1834364,0.23787528276443481,0.8240000009536743,0.2639999985694885
YIR015W,YLR298C,0,-5.1836243,0.23780663311481476,0.8240000009536743,0.26409998536109924
YOR168W,YCR026C,0,-5.1838155,0.23773802816867828,0.8240000009536743,0.26420000195503235
YBR161W,YIL128W,0,-5.184227,0.2376694530248642,0.8240000009536743,0.26429998874664307
YNL290W,YML085C,1,-5.1842985,0.23788927495479584,0.824999988079071,0.26429998874664307
YDR361C,YDL017W,0,-5.184548,0.23782069981098175,0.824999988079071,0.26440000534057617
YAL059W,YNL021W,0,-5.18458,0.23775215446949005,0.824999988079071,0.2644999921321869
YCL067C,YDR166C,0,-5.185433,0.23768366873264313,0.824999988079071,0.26460000872612
YPL256C,YML031W,0,-5.185702,0.2376152127981186,0.824999988079071,0.2646999955177307
YHR075C,YPL139C,0,-5.1857677,0.23754678666591644,0.824999988079071,0.2648000121116638
YJR033C,YER169W,0,-5.1859117,0.23747840523719788,0.824999988079071,0.26489999890327454
YGL145W,YKR056W,0,-5.1860137,0.2374100685119629,0.824999988079071,0.26499998569488525
YKL130C,YNL229C,0,-5.186298,0.2373417764902115,0.824999988079071,0.26510000228881836
YGL084C,YBL105C,0,-5.1881332,0.23727351427078247,0.824999988079071,0.2651999890804291
YKL170W,YMR200W,0,-5.1883407,0.23720529675483704,0.824999988079071,0.2653000056743622
YMR219W,YHR015W,0,-5.1886563,0.237137109041214,0.824999988079071,0.2653999924659729
YLR286C,YOL066C,0,-5.1888375,0.23706896603107452,0.824999988079071,0.265500009059906
YDR318W,YBL079W,1,-5.189713,0.23728813230991364,0.8259999752044678,0.265500009059906
YDL002C,YIL122W,0,-5.1902437,0.23721998929977417,0.8259999752044678,0.2655999958515167
YGR101W,YDL042C,0,-5.190548,0.2371518760919571,0.8259999752044678,0.26570001244544983
YJR083C,YOL117W,0,-5.1910043,0.2370838075876236,0.8259999752044678,0.26579999923706055
YGL094C,YLR025W,0,-5.19204,0.23701578378677368,0.8259999752044678,0.26589998602867126
YNL042W,YOR275C,0,-5.192333,0.23694778978824615,0.8259999752044678,0.26600000262260437
YER166W,YHR042W,0,-5.192341,0.2368798404932022,0.8259999752044678,0.2660999894142151
YDR176W,YMR153W,0,-5.192494,0.23681192100048065,0.8259999752044678,0.2662000060081482
YJL080C,YAL047C,1,-5.192843,0.23703067004680634,0.8270000219345093,0.2662000060081482
YBR211C,YPL008W,1,-5.1929307,0.23724928498268127,0.828000009059906,0.2662000060081482
YAL040C,YNL325C,0,-5.1936517,0.23718132078647614,0.828000009059906,0.2662999927997589
YCR065W,YBR167C,0,-5.193849,0.23711340129375458,0.828000009059906,0.266400009393692
YER166W,YNL283C,0,-5.1943426,0.2370455265045166,0.828000009059906,0.26649999618530273
YCR044C,YCL033C,0,-5.194591,0.236977681517601,0.828000009059906,0.26660001277923584
YAL031C,YDL003W,1,-5.1951013,0.23719599843025208,0.8289999961853027,0.26660001277923584
YOR032C,YBR231C,0,-5.1954546,0.2371281534433365,0.8289999961853027,0.26669999957084656
YDR052C,YGL068W,0,-5.1956387,0.2370603382587433,0.8289999961853027,0.2667999863624573
YMR033W,YAR019C,0,-5.195806,0.23699256777763367,0.8289999961853027,0.2669000029563904
YLR102C,YGR275W,1,-5.195946,0.23721063137054443,0.8299999833106995,0.2669000029563904
YKL208W,YPR086W,0,-5.196121,0.23714286088943481,0.8299999833106995,0.2669999897480011
YEL030W,YKL095W,0,-5.196369,0.23707512021064758,0.8299999833106995,0.2671000063419342
YCR089W,YGL169W,0,-5.196674,0.23700742423534393,0.8299999833106995,0.2671999931335449
YBR109C,YBL040C,0,-5.1970205,0.23693977296352386,0.8299999833106995,0.267300009727478
YNL148C,YDL084W,0,-5.1970572,0.23687215149402618,0.8299999833106995,0.26739999651908875
YPR119W,YLR372W,0,-5.1972413,0.2368045598268509,0.8299999833106995,0.26750001311302185
YPR033C,YLR141W,0,-5.1976504,0.23673702776432037,0.8299999833106995,0.26759999990463257
YNL006W,YAL001C,0,-5.1982255,0.23666952550411224,0.8299999833106995,0.2676999866962433
YBR136W,YNL221C,0,-5.199044,0.2366020530462265,0.8299999833106995,0.2678000032901764
YNL084C,YMR069W,0,-5.200022,0.23653462529182434,0.8299999833106995,0.2678999900817871
YOR079C,YGL016W,0,-5.200534,0.23646724224090576,0.8299999833106995,0.2680000066757202
YDL003W,YML124C,1,-5.201081,0.23668470978736877,0.8309999704360962,0.2680000066757202
YHR174W,YEL032W,0,-5.2012467,0.236617311835289,0.8309999704360962,0.26809999346733093
YIL114C,YLR448W,0,-5.2013693,0.2365499585866928,0.8309999704360962,0.26820001006126404
YPR186C,YOR047C,0,-5.2018633,0.236482635140419,0.8309999704360962,0.26829999685287476
YBL016W,YIL173W,0,-5.2018847,0.23641535639762878,0.8309999704360962,0.26840001344680786
YIR012W,YGR186W,0,-5.202185,0.23634812235832214,0.8309999704360962,0.2685000002384186
YHR081W,YBL026W,0,-5.2034287,0.2362809181213379,0.8309999704360962,0.2685999870300293
YDR254W,YHR191C,1,-5.2035084,0.23649801313877106,0.8320000171661377,0.2685999870300293
YJR060W,YPR135W,1,-5.2036147,0.23671497404575348,0.8330000042915344,0.2685999870300293
YJL020C,YOR195W,0,-5.203656,0.23664772510528564,0.8330000042915344,0.2687000036239624
YGR037C,YGR033C,0,-5.2039356,0.2365805208683014,0.8330000042915344,0.2687999904155731
YPR082C,YDL006W,0,-5.2045975,0.23651334643363953,0.8330000042915344,0.2689000070095062
YJR121W,YLR097C,0,-5.20486,0.23644621670246124,0.8330000042915344,0.26899999380111694
YBR145W,YDR292C,0,-5.2049804,0.23637911677360535,0.8330000042915344,0.26910001039505005
YPR193C,YIL115C,0,-5.2053432,0.23631206154823303,0.8330000042915344,0.26919999718666077
YMR035W,YER178W,0,-5.2055483,0.2362450361251831,0.8330000042915344,0.26930001378059387
YLR033W,YDR334W,0,-5.2056017,0.23617805540561676,0.8330000042915344,0.2694000005722046
YBR041W,YCR044C,0,-5.205915,0.2361111044883728,0.8330000042915344,0.2694999873638153
YAR015W,YPR054W,0,-5.206046,0.23604419827461243,0.8330000042915344,0.2696000039577484
YPL096W,YJL192C,0,-5.2061605,0.23597733676433563,0.8330000042915344,0.26969999074935913
YLR098C,YOL125W,0,-5.2064357,0.23591050505638123,0.8330000042915344,0.26980000734329224
YAL031C,YFL008W,1,-5.2065167,0.2361268401145935,0.8339999914169312,0.26980000734329224
YHR129C,YPL271W,0,-5.207103,0.2360600084066391,0.8339999914169312,0.26989999413490295
YER114C,YPL213W,0,-5.2081585,0.23599320650100708,0.8339999914169312,0.27000001072883606
YGR288W,YIL017C,0,-5.208401,0.23592644929885864,0.8339999914169312,0.2700999975204468
YGR029W,YGL142C,0,-5.208658,0.2358597218990326,0.8339999914169312,0.2702000141143799
YLR238W,YOR373W,0,-5.2086587,0.23579303920269012,0.8339999914169312,0.2703000009059906
YML048W,YJL063C,0,-5.208749,0.23572640120983124,0.8339999914169312,0.2703999876976013
YBL084C,YPR135W,1,-5.2088094,0.23594236373901367,0.8349999785423279,0.2703999876976013
YKL055C,YIL008W,0,-5.2089252,0.2358757108449936,0.8349999785423279,0.2705000042915344
YMR165C,YHR152W,0,-5.209117,0.2358090877532959,0.8349999785423279,0.27059999108314514
YML051W,YJR031C,0,-5.210563,0.23574252426624298,0.8349999785423279,0.27070000767707825
YIR013C,YDR037W,0,-5.2107615,0.23567597568035126,0.8349999785423279,0.27079999446868896
YGR081C,YGR005C,0,-5.2112303,0.2356094866991043,0.8349999785423279,0.27090001106262207
YLR368W,YPR181C,0,-5.2112584,0.23554301261901855,0.8349999785423279,0.2709999978542328
YIR004W,YPL151C,0,-5.211743,0.23547659814357758,0.8349999785423279,0.2711000144481659
YKL026C,YJR010C-A,0,-5.211891,0.2354101985692978,0.8349999785423279,0.2712000012397766
YKL025C,YJL093C,0,-5.21244,0.23534385859966278,0.8349999785423279,0.27129998803138733
YOR195W,YHR196W,0,-5.2124834,0.23527754843235016,0.8349999785423279,0.27140000462532043
YMR073C,YOR315W,0,-5.212989,0.23521126806735992,0.8349999785423279,0.27149999141693115
YKR036C,YJL012C,0,-5.213453,0.23514503240585327,0.8349999785423279,0.27160000801086426
YER038C,YGL115W,0,-5.213523,0.235078826546669,0.8349999785423279,0.271699994802475
YOR347C,YDR218C,0,-5.2135262,0.23501266539096832,0.8349999785423279,0.2718000113964081
YPL060W,YGL153W,0,-5.213776,0.23494653403759003,0.8349999785423279,0.2718999981880188
YIL062C,YDR337W,0,-5.2138057,0.2348804473876953,0.8349999785423279,0.2720000147819519
YDL117W,YMR095C,0,-5.2138753,0.23481440544128418,0.8349999785423279,0.2721000015735626
YHR042W,YKR086W,0,-5.214317,0.23474837839603424,0.8349999785423279,0.27219998836517334
YMR113W,YML043C,0,-5.2144055,0.23468241095542908,0.8349999785423279,0.27230000495910645
YNL118C,YOR123C,0,-5.2150574,0.2346164584159851,0.8349999785423279,0.27239999175071716
YJL124C,YOR117W,0,-5.215447,0.2345505654811859,0.8349999785423279,0.27250000834465027
YER030W,YCL008C,0,-5.215477,0.2344847023487091,0.8349999785423279,0.272599995136261
YDR361C,YPL069C,0,-5.2159495,0.2344188690185547,0.8349999785423279,0.2727000117301941
YOL043C,YLR022C,0,-5.2161236,0.23435308039188385,0.8349999785423279,0.2727999985218048
YIR010W,YDR180W,1,-5.216135,0.23456789553165436,0.8360000252723694,0.2727999985218048
YHR036W,YDR071C,0,-5.2165313,0.23450210690498352,0.8360000252723694,0.2728999853134155
YHL040C,YKR001C,0,-5.2171917,0.23443634808063507,0.8360000252723694,0.27300000190734863
YDR005C,YOL076W,0,-5.2175994,0.234370619058609,0.8360000252723694,0.27309998869895935
YPL097W,YPL159C,0,-5.2177835,0.23430493474006653,0.8360000252723694,0.27320000529289246
YDR518W,YDL232W,0,-5.2181697,0.23423928022384644,0.8360000252723694,0.2732999920845032
YGR013W,YLL040C,0,-5.218986,0.23417367041110992,0.8360000252723694,0.2734000086784363
YBR004C,YLR105C,0,-5.2192674,0.2341080904006958,0.8360000252723694,0.273499995470047
YLL043W,YGR129W,0,-5.2194934,0.23404255509376526,0.8360000252723694,0.2736000120639801
YBL063W,YFL059W,0,-5.2194996,0.2339770495891571,0.8360000252723694,0.2736999988555908
YIL051C,YJR043C,0,-5.219846,0.23391158878803253,0.8360000252723694,0.27379998564720154
YGR171C,YJL047C,0,-5.220036,0.23384615778923035,0.8360000252723694,0.27390000224113464
YML010W,YDR177W,0,-5.2201877,0.23378075659275055,0.8360000252723694,0.27399998903274536
YNL288W,YGL137W,0,-5.221082,0.23371540009975433,0.8360000252723694,0.27410000562667847
YHR133C,YDR362C,0,-5.2219043,0.2336500883102417,0.8360000252723694,0.2741999924182892
YLL001W,YKL129C,0,-5.222121,0.23358480632305145,0.8360000252723694,0.2743000090122223
YLR353W,YOR140W,0,-5.2222595,0.2335195541381836,0.8360000252723694,0.274399995803833
YCR010C,YAR019C,0,-5.2223473,0.23345434665679932,0.8360000252723694,0.2745000123977661
YIL075C,YKR008W,0,-5.2226176,0.23338916897773743,0.8360000252723694,0.27459999918937683
YCR027C,YNL163C,0,-5.2227454,0.23332403600215912,0.8360000252723694,0.27469998598098755
YMR113W,YFL002C,0,-5.2233915,0.2332589328289032,0.8360000252723694,0.27480000257492065
YJL140W,YKL014C,0,-5.223766,0.23319385945796967,0.8360000252723694,0.27489998936653137
YKL138C-A,YLR193C,0,-5.224574,0.23312883079051971,0.8360000252723694,0.2750000059604645
YJL060W,YER173W,0,-5.224675,0.23306384682655334,0.8360000252723694,0.2750999927520752
YJR060W,YIR025W,1,-5.2253065,0.2332775890827179,0.8370000123977661,0.2750999927520752
YMR211W,YDR334W,0,-5.2255173,0.23321259021759033,0.8370000123977661,0.2752000093460083
YOR367W,YGL112C,0,-5.2261662,0.23314763605594635,0.8370000123977661,0.275299996137619
YFL057C,YHL002W,0,-5.226885,0.23308271169662476,0.8370000123977661,0.2754000127315521
YOR174W,YML076C,0,-5.2274327,0.23301781713962555,0.8370000123977661,0.27549999952316284
YMR055C,YJR064W,0,-5.2274737,0.23295296728610992,0.8370000123977661,0.27559998631477356
YNL117W,YKR002W,0,-5.2276487,0.2328881472349167,0.8370000123977661,0.27570000290870667
YOL038W,YNL263C,0,-5.2278247,0.23282337188720703,0.8370000123977661,0.2757999897003174
YPR046W,YBR156C,1,-5.228376,0.23303671181201935,0.8379999995231628,0.2757999897003174
YPL086C,YBL063W,0,-5.2284336,0.2329719215631485,0.8379999995231628,0.2759000062942505
YMR234W,YIL066C,0,-5.228596,0.23290717601776123,0.8379999995231628,0.2759999930858612
YLR332W,YIL061C,0,-5.228638,0.23284246027469635,0.8379999995231628,0.2761000096797943
YFR036W,YIR011C,1,-5.229321,0.23305556178092957,0.8389999866485596,0.2761000096797943
YBL003C,YOR126C,0,-5.2308693,0.2329908311367035,0.8389999866485596,0.27619999647140503
YER083C,YOL045W,0,-5.2314243,0.232926145195961,0.8389999866485596,0.27630001306533813
YNL106C,YKR082W,0,-5.231899,0.2328615039587021,0.8389999866485596,0.27639999985694885
YDL159W,YPL283C,0,-5.232031,0.23279689252376556,0.8389999866485596,0.27649998664855957
YBR221C,YML064C,0,-5.232281,0.23273231089115143,0.8389999866485596,0.2766000032424927
YCR012W,YPL232W,0,-5.232335,0.23266777396202087,0.8389999866485596,0.2766999900341034
YGL029W,YBL004W,0,-5.232456,0.2326032668352127,0.8389999866485596,0.2768000066280365
YDR298C,YJL186W,0,-5.23259,0.23253880441188812,0.8389999866485596,0.2768999934196472
YMR162C,YDR244W,0,-5.232996,0.23247437179088593,0.8389999866485596,0.2770000100135803
YFR027W,YER133W,1,-5.2331195,0.23268698155879974,0.8399999737739563,0.2770000100135803
YHR171W,YDR420W,0,-5.233189,0.23262254893779755,0.8399999737739563,0.27709999680519104
YPL096W,YOR172W,0,-5.233653,0.23255814611911774,0.8399999737739563,0.27720001339912415
YMR239C,YPL045W,0,-5.2336946,0.23249377310276031,0.8399999737739563,0.27730000019073486
YDR166C,YBR127C,0,-5.2340226,0.23242944478988647,0.8399999737739563,0.2773999869823456
YBR296C,YHR135C,0,-5.2341475,0.23236514627933502,0.8399999737739563,0.2775000035762787
YMR137C,YOR083W,0,-5.234192,0.23230087757110596,0.8399999737739563,0.2775999903678894
YLR242C,YPR075C,0,-5.2341948,0.23223665356636047,0.8399999737739563,0.2777000069618225
YOL117W,YLR268W,0,-5.2342176,0.23217247426509857,0.8399999737739563,0.2777999937534332
YMR119W,YNR072W,0,-5.23438,0.23210830986499786,0.8399999737739563,0.27790001034736633
YGL073W,YLR200W,0,-5.234651,0.23204420506954193,0.8399999737739563,0.27799999713897705
YDR524C,YDR394W,0,-5.234695,0.2319801151752472,0.8399999737739563,0.27810001373291016
YBL063W,YGR085C,0,-5.234696,0.23191606998443604,0.8399999737739563,0.2782000005245209
YDL220C,YML064C,0,-5.2354474,0.23185205459594727,0.8399999737739563,0.2782999873161316
YMR199W,YPL082C,0,-5.235872,0.23178808391094208,0.8399999737739563,0.2784000039100647
YLR330W,YBR179C,0,-5.2358966,0.23172414302825928,0.8399999737739563,0.2784999907016754
YFR021W,YGR230W,0,-5.2364364,0.23166023194789886,0.8399999737739563,0.2786000072956085
YPR105C,YOL008W,0,-5.2365227,0.23159636557102203,0.8399999737739563,0.27869999408721924
YJL002C,YDL232W,0,-5.236753,0.2315325289964676,0.8399999737739563,0.27880001068115234
YHR001W,YLR200W,0,-5.236998,0.23146872222423553,0.8399999737739563,0.27889999747276306
YHR036W,YML011C,0,-5.237213,0.23140496015548706,0.8399999737739563,0.27900001406669617
YDR488C,YHR157W,0,-5.237532,0.23134122788906097,0.8399999737739563,0.2791000008583069
YDR489W,YGL225W,0,-5.2375546,0.23127754032611847,0.8399999737739563,0.2791999876499176
YMR113W,YDR335W,0,-5.237963,0.23121386766433716,0.8399999737739563,0.2793000042438507
YGR288W,YBR221C,0,-5.2383876,0.23115025460720062,0.8399999737739563,0.2793999910354614
YCR107W,YER168C,0,-5.2385917,0.23108665645122528,0.8399999737739563,0.27950000762939453
YNL312W,YLR182W,0,-5.2387094,0.23102310299873352,0.8399999737739563,0.27959999442100525
YKL052C,YPL063W,0,-5.239538,0.23095957934856415,0.8399999737739563,0.27970001101493835
YBR123C,YJR029W,0,-5.239945,0.23089610040187836,0.8399999737739563,0.2797999978065491
YLR098C,YOR148C,0,-5.2401557,0.23083265125751495,0.8399999737739563,0.2799000144004822
YHR073W,YDR545W,0,-5.240199,0.23076923191547394,0.8399999737739563,0.2800000011920929
YGL051W,YKL028W,0,-5.2405357,0.2307058572769165,0.8399999737739563,0.2800999879837036
YMR183C,YJR126C,0,-5.240716,0.23064249753952026,0.8399999737739563,0.2802000045776367
YML012W,YKL017C,0,-5.240746,0.2305791974067688,0.8399999737739563,0.28029999136924744
YDR477W,YER161C,0,-5.240951,0.23051591217517853,0.8399999737739563,0.28040000796318054
YNL264C,YHL009C,0,-5.241573,0.23045267164707184,0.8399999737739563,0.28049999475479126
YPL078C,YKR001C,0,-5.2416253,0.23038946092128754,0.8399999737739563,0.28060001134872437
YLR386W,YMR087W,0,-5.2417345,0.23032629489898682,0.8399999737739563,0.2806999981403351
YDR488C,YBL020W,0,-5.242279,0.23026315867900848,0.8399999737739563,0.2808000147342682
YGR169C,YOL091W,0,-5.2427707,0.23020005226135254,0.8399999737739563,0.2809000015258789
YPL098C,YDL194W,0,-5.243092,0.23013699054718018,0.8399999737739563,0.2809999883174896
YMR032W,YKL055C,0,-5.2432313,0.2300739586353302,0.8399999737739563,0.28110000491142273
YDL093W,YKL214C,0,-5.24329,0.2300109565258026,0.8399999737739563,0.28119999170303345
YGL187C,YJL112W,0,-5.243377,0.2299479842185974,0.8399999737739563,0.28130000829696655
YMR140W,YPR054W,0,-5.243743,0.2298850566148758,0.8399999737739563,0.28139999508857727
YHR001W,YKL141W,0,-5.244038,0.22982215881347656,0.8399999737739563,0.2815000116825104
YIL044C,YBR162C,0,-5.244632,0.2297593057155609,0.8399999737739563,0.2815999984741211
YDR088C,YHR050W,0,-5.2447658,0.22969646751880646,0.8399999737739563,0.2816999852657318
YFL025C,YER162C,0,-5.245953,0.22963367402553558,0.8399999737739563,0.2818000018596649
YDR335W,YDR011W,0,-5.246668,0.2295709252357483,0.8399999737739563,0.28189998865127563
YNL116W,YGL142C,0,-5.2467127,0.2295081913471222,0.8399999737739563,0.28200000524520874
YKR063C,YGL097W,0,-5.246758,0.22944550216197968,0.8399999737739563,0.28209999203681946
YIL098C,YHR102W,0,-5.2471986,0.22938285768032074,0.8399999737739563,0.28220000863075256
YER040W,YJR004C,0,-5.2472525,0.229320228099823,0.8399999737739563,0.2822999954223633
YGR108W,YGL016W,0,-5.247272,0.22925764322280884,0.8399999737739563,0.2824000120162964
YBR095C,YBR130C,0,-5.2491736,0.22919508814811707,0.8399999737739563,0.2824999988079071
YIL002C,YDL085W,0,-5.2493253,0.22913256287574768,0.8399999737739563,0.2825999855995178
YPL059W,YNL257C,0,-5.249411,0.22907008230686188,0.8399999737739563,0.2827000021934509
YLR107W,YKL166C,0,-5.249479,0.22900763154029846,0.8399999737739563,0.28279998898506165
YNL001W,YML076C,0,-5.249906,0.22894521057605743,0.8399999737739563,0.28290000557899475
YGL011C,YML021C,0,-5.2510653,0.2288828343153,0.8399999737739563,0.28299999237060547
YER019W,YHR150W,0,-5.25145,0.22882048785686493,0.8399999737739563,0.2831000089645386
YPL159C,YIL167W,0,-5.2515464,0.22875817120075226,0.8399999737739563,0.2831999957561493
YDL178W,YGR059W,0,-5.251889,0.22869588434696198,0.8399999737739563,0.2833000123500824
YMR100W,YDR293C,0,-5.2519746,0.22863364219665527,0.8399999737739563,0.2833999991416931
YDL117W,YDL024C,0,-5.2521944,0.22857142984867096,0.8399999737739563,0.28349998593330383
YMR156C,YOR162C,0,-5.2524114,0.22850924730300903,0.8399999737739563,0.28360000252723694
YMR025W,YJL210W,0,-5.25298,0.2284471094608307,0.8399999737739563,0.28369998931884766
YPR082C,YOL072W,0,-5.252999,0.22838498651981354,0.8399999737739563,0.28380000591278076
YPL095C,YML062C,0,-5.253015,0.22832290828227997,0.8399999737739563,0.2838999927043915
YPL202C,YGR123C,0,-5.253263,0.22826087474822998,0.8399999737739563,0.2840000092983246
YOR371C,YBR272C,0,-5.2543173,0.2281988561153412,0.8399999737739563,0.2840999960899353
YOL026C,YGL153W,0,-5.254697,0.22813688218593597,0.8399999737739563,0.2842000126838684
YNL225C,YHR088W,0,-5.254847,0.22807493805885315,0.8399999737739563,0.2842999994754791
YOR074C,YKL057C,0,-5.2549596,0.2280130237340927,0.8399999737739563,0.28439998626708984
YJR090C,YMR308C,0,-5.255373,0.22795115411281586,0.8399999737739563,0.28450000286102295
YJL098W,YKL042W,0,-5.255727,0.2278893142938614,0.8399999737739563,0.28459998965263367
YOR039W,YOL071W,0,-5.255956,0.2278275042772293,0.8399999737739563,0.2847000062465668
YBR110W,YER065C,0,-5.256559,0.22776572406291962,0.8399999737739563,0.2847999930381775
YPL231W,YDR057W,0,-5.2566485,0.2277039885520935,0.8399999737739563,0.2849000096321106
YLR418C,YKL125W,0,-5.256825,0.22764228284358978,0.8399999737739563,0.2849999964237213
YMR285C,YER074W-A,0,-5.257246,0.22758060693740845,0.8399999737739563,0.2851000130176544
YDR448W,YPL234C,0,-5.2584896,0.2275189608335495,0.8399999737739563,0.28519999980926514
YLR221C,YGL145W,0,-5.2586303,0.22745734453201294,0.8399999737739563,0.28529998660087585
YPL217C,YHR092C,0,-5.258653,0.22739577293395996,0.8399999737739563,0.28540000319480896
YER178W,YNL054W,0,-5.2588763,0.22733423113822937,0.8399999737739563,0.2854999899864197
YHL019C,YGR163W,0,-5.258933,0.22727273404598236,0.8399999737739563,0.2856000065803528
YOR240W,YOL139C,0,-5.2592754,0.22721125185489655,0.8399999737739563,0.2856999933719635
YOR026W,YOR265W,0,-5.2592816,0.2271498143672943,0.8399999737739563,0.2858000099658966
YGL043W,YLR032W,0,-5.25991,0.22708840668201447,0.8399999737739563,0.2858999967575073
YML058W-A,YBL090W,0,-5.260166,0.227027028799057,0.8399999737739563,0.28600001335144043
YNL317W,YLR165C,0,-5.2605996,0.22696568071842194,0.8399999737739563,0.28610000014305115
YJL106W,YNL154C,0,-5.260625,0.22690437734127045,0.8399999737739563,0.28619998693466187
YMR183C,YHL007C,0,-5.2610927,0.22684310376644135,0.8399999737739563,0.28630000352859497
YOR349W,YGL195W,0,-5.2613273,0.22678185999393463,0.8399999737739563,0.2863999903202057
YER017C,YNL023C,0,-5.2616286,0.2267206460237503,0.8399999737739563,0.2865000069141388
YMR138W,YNL012W,0,-5.262085,0.22665947675704956,0.8399999737739563,0.2865999937057495
YPR191W,YDR393W,0,-5.2621403,0.22659832239151,0.8399999737739563,0.2867000102996826
YDR166C,YHR050W,0,-5.262389,0.22653721272945404,0.8399999737739563,0.28679999709129333
YJL080C,YML085C,1,-5.262638,0.22674575448036194,0.8410000205039978,0.28679999709129333
YMR208W,YBR223C,0,-5.262741,0.22668462991714478,0.8410000205039978,0.28690001368522644
YPL097W,YNR023W,0,-5.2630057,0.2266235500574112,0.8410000205039978,0.28700000047683716
YDR243C,YKL020C,0,-5.263195,0.2265625,0.8410000205039978,0.2870999872684479
YPL018W,YML124C,1,-5.26322,0.2267708033323288,0.8420000076293945,0.2870999872684479
YBR085W,YGR029W,0,-5.264383,0.2267097532749176,0.8420000076293945,0.287200003862381
YPL200W,YPL204W,1,-5.264963,0.22691790759563446,0.8429999947547913,0.287200003862381
YAL010C,YPR168W,0,-5.2650924,0.22685684263706207,0.8429999947547913,0.2872999906539917
YNL082W,YNL221C,0,-5.266176,0.22679580748081207,0.8429999947547913,0.2874000072479248
YNL073W,YBR037C,0,-5.267078,0.22673480212688446,0.8429999947547913,0.2874999940395355
YLR176C,YGR212W,0,-5.267338,0.22667384147644043,0.8429999947547913,0.28760001063346863
YPR105C,YGR249W,0,-5.2676826,0.2266129106283188,0.8429999947547913,0.28769999742507935
YOR353C,YDR485C,0,-5.2678423,0.22655200958251953,0.8429999947547913,0.28780001401901245
YBR250W,YBR143C,0,-5.268214,0.22649113833904266,0.8429999947547913,0.28790000081062317
YDL178W,YNL291C,0,-5.268412,0.22643029689788818,0.8429999947547913,0.2879999876022339
YGL200C,YLR039C,0,-5.268489,0.22636950016021729,0.8429999947547913,0.288100004196167
YBR119W,YBL055C,0,-5.2685246,0.22630871832370758,0.8429999947547913,0.2881999909877777
YCR098C,YPR131C,0,-5.269458,0.22624798119068146,0.8429999947547913,0.2883000075817108
YDR363W,YER142C,0,-5.269591,0.22618728876113892,0.8429999947547913,0.28839999437332153
YIL013C,YGL104C,0,-5.269611,0.22612661123275757,0.8429999947547913,0.28850001096725464
YBR218C,YMR095C,0,-5.2701,0.2260659635066986,0.8429999947547913,0.28859999775886536
YLR078C,YJL014W,0,-5.2702694,0.22600536048412323,0.8429999947547913,0.28870001435279846
YBR073W,YIR011C,1,-5.270295,0.22621281445026398,0.843999981880188,0.28870001435279846
YCR020C-A,YGL048C,0,-5.270436,0.2261521965265274,0.843999981880188,0.2888000011444092
YBR289W,YNL128W,0,-5.270559,0.22609160840511322,0.843999981880188,0.2888999879360199
YDL154W,YLR084C,0,-5.270592,0.22603106498718262,0.843999981880188,0.289000004529953
YGR212W,YMR197C,0,-5.2710915,0.2259705513715744,0.843999981880188,0.2890999913215637
YPR042C,YER118C,0,-5.271537,0.22591006755828857,0.843999981880188,0.2892000079154968
YNL080C,YJR126C,0,-5.2717824,0.22584961354732513,0.843999981880188,0.28929999470710754
YPL115C,YNL149C,0,-5.272088,0.22578918933868408,0.843999981880188,0.28940001130104065
YDR503C,YOR194C,0,-5.2723446,0.2257288098335266,0.843999981880188,0.28949999809265137
YNL278W,YPL095C,0,-5.2724276,0.22566844522953033,0.843999981880188,0.2896000146865845
YER166W,YDR009W,0,-5.2726636,0.22560812532901764,0.843999981880188,0.2897000014781952
YJL129C,YML045W,0,-5.273111,0.22554783523082733,0.843999981880188,0.2897999882698059
YDR446W,YCL008C,0,-5.2735057,0.2254875749349594,0.843999981880188,0.289900004863739
YPR037C,YDR160W,0,-5.2740664,0.22542734444141388,0.843999981880188,0.28999999165534973
YPR111W,YFR051C,0,-5.275158,0.22536715865135193,0.843999981880188,0.29010000824928284
YDR323C,YLR084C,0,-5.275396,0.22530698776245117,0.843999981880188,0.29019999504089355
YGR279C,YNL128W,0,-5.2762113,0.225246861577034,0.843999981880188,0.29030001163482666
YGL207W,YDR545W,0,-5.2763543,0.2251867651939392,0.843999981880188,0.2903999984264374
YOL164W,YER093C,0,-5.277869,0.2251266986131668,0.843999981880188,0.2904999852180481
YML058W-A,YDL235C,0,-5.2779126,0.2250666618347168,0.843999981880188,0.2906000018119812
YOR261C,YOL004W,0,-5.2779484,0.22500666975975037,0.843999981880188,0.2906999886035919
YBL079W,YML124C,1,-5.278709,0.2252132147550583,0.8450000286102295,0.2906999886035919
YNL161W,YBR061C,0,-5.278766,0.22515320777893066,0.8450000286102295,0.290800005197525
YJL145W,YHR152W,0,-5.2787995,0.22509323060512543,0.8450000286102295,0.29089999198913574
YNL309W,YKR001C,0,-5.279394,0.22503328323364258,0.8450000286102295,0.29100000858306885
YPR200C,YGR152C,0,-5.2795954,0.2249733805656433,0.8450000286102295,0.29109999537467957
YNL127W,YHL002W,0,-5.27987,0.22491349279880524,0.8450000286102295,0.29120001196861267
YKL170W,YPL174C,0,-5.2800875,0.22485364973545074,0.8450000286102295,0.2912999987602234
YKR101W,YJL012C-A,0,-5.2801504,0.22479382157325745,0.8450000286102295,0.2913999855518341
YMR207C,YAL011W,0,-5.280378,0.22473403811454773,0.8450000286102295,0.2915000021457672
YNL014W,YER173W,0,-5.2806363,0.2246742844581604,0.8450000286102295,0.29159998893737793
YDR009W,YMR200W,0,-5.2811027,0.22461456060409546,0.8450000286102295,0.29170000553131104
YPL204W,YIR025W,1,-5.2813206,0.22482062876224518,0.8460000157356262,0.29170000553131104
YKR053C,YLR301W,0,-5.2815833,0.22476089000701904,0.8460000157356262,0.29179999232292175
YCR027C,YPL016W,0,-5.2818065,0.2247011959552765,0.8460000157356262,0.29190000891685486
YPL155C,YGR009C,0,-5.2818775,0.22464153170585632,0.8460000157356262,0.2919999957084656
YJL062W,YGL004C,0,-5.282054,0.22458189725875854,0.8460000157356262,0.2921000123023987
YKL022C,YIR011C,1,-5.2827897,0.22478768229484558,0.847000002861023,0.2921000123023987
YOR094W,YBR004C,0,-5.2840285,0.2247280478477478,0.847000002861023,0.2921999990940094
YKL212W,YER041W,0,-5.2843986,0.22466842830181122,0.847000002861023,0.2922999858856201
YGL130W,YKR002W,0,-5.2845535,0.22460885345935822,0.847000002861023,0.2924000024795532
YDR393W,YAL011W,0,-5.2846317,0.2245493084192276,0.847000002861023,0.29249998927116394
YDR016C,YLR147C,0,-5.284775,0.22448979318141937,0.847000002861023,0.29260000586509705
YAR019C,YBR218C,0,-5.285149,0.22443030774593353,0.847000002861023,0.29269999265670776
YHL038C,YKL064W,0,-5.285195,0.22437086701393127,0.847000002861023,0.29280000925064087
YDR254W,YLR086W,1,-5.285253,0.22457626461982727,0.8479999899864197,0.29280000925064087
YBL013W,YJR055W,0,-5.2852736,0.22451680898666382,0.8479999899864197,0.2928999960422516
YPR122W,YOR380W,0,-5.2857547,0.22445738315582275,0.8479999899864197,0.2930000126361847
YOL017W,YDR079W,0,-5.2859006,0.22439798712730408,0.8479999899864197,0.2930999994277954
YML023C,YGL169W,0,-5.286412,0.2243386209011078,0.8479999899864197,0.29319998621940613
YPL051W,YGR120C,0,-5.2869287,0.2242792844772339,0.8479999899864197,0.29330000281333923
YIR013C,YGR152C,0,-5.2874246,0.22421999275684357,0.8479999899864197,0.29339998960494995
YOR058C,YJL170C,0,-5.287504,0.22416071593761444,0.8479999899864197,0.29350000619888306
YGR077C,YOR172W,0,-5.287518,0.2241014838218689,0.8479999899864197,0.2935999929904938
YLL043W,YER178W,0,-5.287523,0.22404226660728455,0.8479999899864197,0.2937000095844269
YMR162C,YOL146W,0,-5.288478,0.22398309409618378,0.8479999899864197,0.2937999963760376
YPL204W,YDL003W,1,-5.2887645,0.22418801486492157,0.8489999771118164,0.2937999963760376
YOL008W,YJR050W,0,-5.288771,0.2241288274526596,0.8489999771118164,0.2939000129699707
YJL092W,YGR253C,0,-5.2891564,0.22406966984272003,0.8489999771118164,0.2939999997615814
YLR377C,YMR216C,0,-5.289224,0.22401055693626404,0.8489999771118164,0.29409998655319214
YGR070W,YDR495C,0,-5.289374,0.22395145893096924,0.8489999771118164,0.29420000314712524
YDR009W,YIL153W,0,-5.2894187,0.22389240562915802,0.8489999771118164,0.29429998993873596
YDL192W,YGL254W,0,-5.290176,0.2238333821296692,0.8489999771118164,0.29440000653266907
YML065W,YKL034W,0,-5.290349,0.22377437353134155,0.8489999771118164,0.2944999933242798
YBR037C,YGR002C,0,-5.2904377,0.2237154096364975,0.8489999771118164,0.2946000099182129
YDR069C,YHL003C,0,-5.2908864,0.22365647554397583,0.8489999771118164,0.2946999967098236
YHR058C,YIR041W,0,-5.2912016,0.22359757125377655,0.8489999771118164,0.2948000133037567
YDR205W,YHR042W,0,-5.2916045,0.22353871166706085,0.8489999771118164,0.29490000009536743
YPR135W,YAL031C,1,-5.291733,0.22374309599399567,0.8500000238418579,0.29490000009536743
YDR121W,YDR120C,0,-5.292393,0.22368420660495758,0.8500000238418579,0.29499998688697815
YPL241C,YNL026W,0,-5.292624,0.22362536191940308,0.8500000238418579,0.29510000348091125
YGL158W,YER008C,0,-5.292982,0.22356654703617096,0.8500000238418579,0.295199990272522
YOR244W,YMR044W,0,-5.293036,0.22350776195526123,0.8500000238418579,0.2953000068664551
YOR349W,YMR015C,0,-5.293404,0.2234490066766739,0.8500000238418579,0.2953999936580658
YNL161W,YPL231W,0,-5.2939534,0.22339028120040894,0.8500000238418579,0.2955000102519989
YML098W,YDL064W,0,-5.2939787,0.22333158552646637,0.8500000238418579,0.2955999970436096
YOR371C,YML062C,0,-5.293988,0.2232729196548462,0.8500000238418579,0.2957000136375427
YMR032W,YMR073C,0,-5.2940907,0.2232142835855484,0.8500000238418579,0.29580000042915344
YHR186C,YNR032W,0,-5.2942886,0.223155677318573,0.8500000238418579,0.29589998722076416
YOR099W,YDR238C,0,-5.2944446,0.22309711575508118,0.8500000238418579,0.29600000381469727
YJL167W,YCL024W,0,-5.2946863,0.22303856909275055,0.8500000238418579,0.296099990606308
YLR391W-A,YDR040C,0,-5.2947927,0.2229800671339035,0.8500000238418579,0.2962000072002411
YGR267C,YHR186C,0,-5.2948246,0.22292158007621765,0.8500000238418579,0.2962999939918518
YBR023C,YIR033W,0,-5.2952275,0.22286313772201538,0.8500000238418579,0.2964000105857849
YNR027W,YIL147C,0,-5.2956643,0.2228047251701355,0.8500000238418579,0.29649999737739563
YBR286W,YML076C,0,-5.296189,0.2227463275194168,0.8500000238418579,0.29660001397132874
YPL274W,YPR024W,0,-5.2967715,0.2226879745721817,0.8500000238418579,0.29670000076293945
YIL033C,YMR224C,0,-5.297087,0.22262965142726898,0.8500000238418579,0.29679998755455017
YDR180W,YDR409W,1,-5.297499,0.22283320128917694,0.8510000109672546,0.29679998755455017
YMR043W,YDL154W,0,-5.2980523,0.22277486324310303,0.8510000109672546,0.2969000041484833
YMR048W,YJL080C,1,-5.29824,0.22297827899456024,0.8519999980926514,0.2969000041484833
YLR275W,YLR455W,0,-5.2989736,0.22291994094848633,0.8519999980926514,0.296999990940094
YMR037C,YLR305C,0,-5.299196,0.2228616327047348,0.8519999980926514,0.2971000075340271
YJL112W,YOR188W,0,-5.299459,0.22280335426330566,0.8519999980926514,0.2971999943256378
YHR116W,YDR137W,0,-5.300917,0.22274509072303772,0.8519999980926514,0.2973000109195709
YHL038C,YKL148C,0,-5.3013916,0.22268687188625336,0.8519999980926514,0.29739999771118164
YPL018W,YPL253C,1,-5.301451,0.2228899896144867,0.8529999852180481,0.29739999771118164
YJL178C,YGR217W,0,-5.301772,0.22283177077770233,0.8529999852180481,0.29750001430511475
YKL055C,YBR289W,0,-5.302136,0.22277356684207916,0.8529999852180481,0.29760000109672546
YPR032W,YKL014C,0,-5.303183,0.22271540760993958,0.8529999852180481,0.2976999878883362
YKL026C,YMR268C,0,-5.3031974,0.22265726327896118,0.8529999852180481,0.2978000044822693
YCR008W,YHR008C,0,-5.303351,0.22259916365146637,0.8529999852180481,0.29789999127388
YBR290W,YNL091W,0,-5.303407,0.22254109382629395,0.8529999852180481,0.2980000078678131
YGL124C,YOR179C,0,-5.3035736,0.2224830538034439,0.8529999852180481,0.29809999465942383
YJL219W,YGL016W,0,-5.303734,0.22242502868175507,0.8529999852180481,0.29820001125335693
YHR067W,YKL154W,0,-5.30408,0.2223670482635498,0.8529999852180481,0.29829999804496765
YLR361C,YMR080C,0,-5.3041687,0.22230909764766693,0.8529999852180481,0.29840001463890076
YGR249W,YKL166C,0,-5.304474,0.22225117683410645,0.8529999852180481,0.2985000014305115
YDR377W,YGR257C,0,-5.3050976,0.22219328582286835,0.8529999852180481,0.2985999882221222
YMR072W,YGL142C,0,-5.305219,0.22213540971279144,0.8529999852180481,0.2987000048160553
YIR011C,YML124C,1,-5.305285,0.22233793139457703,0.8539999723434448,0.2987000048160553
YNL257C,YGL225W,0,-5.305673,0.22228005528450012,0.8539999723434448,0.298799991607666
YPR042C,YPL085W,0,-5.306269,0.2222222238779068,0.8539999723434448,0.2989000082015991
YPL048W,YGL173C,0,-5.306337,0.22216440737247467,0.8539999723434448,0.29899999499320984
YPR023C,YOL102C,0,-5.306721,0.22210663557052612,0.8539999723434448,0.29910001158714294
YBR068C,YJR092W,0,-5.3067493,0.22204887866973877,0.8539999723434448,0.29919999837875366
YNL192W,YKR063C,0,-5.3070526,0.221991166472435,0.8539999723434448,0.2992999851703644
YDR296W,YMR053C,0,-5.307608,0.22193346917629242,0.8539999723434448,0.2994000017642975
YCR107W,YFL013C,0,-5.3080487,0.22187581658363342,0.8539999723434448,0.2994999885559082
YBR057C,YMR165C,0,-5.3082843,0.22181817889213562,0.8539999723434448,0.2996000051498413
YDL147W,YDR362C,0,-5.3089185,0.2217605859041214,0.8539999723434448,0.299699991941452
YPL029W,YDL120W,0,-5.309513,0.22170300781726837,0.8539999723434448,0.29980000853538513
YPL193W,YML010W,0,-5.3096986,0.22164547443389893,0.8539999723434448,0.29989999532699585
YGL004C,YGL207W,0,-5.310247,0.22158795595169067,0.8539999723434448,0.30000001192092896
YGL065C,YGL173C,0,-5.3103056,0.221530482172966,0.8539999723434448,0.3000999987125397
YBL047C,YMR044W,0,-5.310462,0.22147302329540253,0.8539999723434448,0.3001999855041504
YJR065C,YFL004W,0,-5.3107185,0.22141560912132263,0.8539999723434448,0.3003000020980835
YNL245C,YPL266W,0,-5.311033,0.22135820984840393,0.8539999723434448,0.3003999888896942
YKR090W,YOL127W,0,-5.3111315,0.2213008552789688,0.8539999723434448,0.3005000054836273
YCR086W,YPL018W,1,-5.3118353,0.22150258719921112,0.8550000190734863,0.3005000054836273
YLR452C,YML115C,0,-5.3119273,0.2214452177286148,0.8550000190734863,0.30059999227523804
YMR065W,YPR042C,0,-5.3119946,0.22138787806034088,0.8550000190734863,0.30070000886917114
YKL054C,YML032C,0,-5.3121085,0.22133056819438934,0.8550000190734863,0.30079999566078186
YKL007W,YNL317W,0,-5.312168,0.2212732881307602,0.8550000190734863,0.30090001225471497
YJR017C,YFR034C,0,-5.312174,0.22121603786945343,0.8550000190734863,0.3009999990463257
YNL214W,YGR072W,0,-5.3139873,0.22115881741046906,0.8550000190734863,0.3010999858379364
YDR216W,YLR069C,0,-5.3145304,0.22110162675380707,0.8550000190734863,0.3012000024318695
YFL024C,YMR234W,0,-5.314989,0.22104446589946747,0.8550000190734863,0.3012999892234802
YDR440W,YPL095C,0,-5.3149953,0.22098733484745026,0.8550000190734863,0.30140000581741333
YHR036W,YOR213C,0,-5.3159394,0.22093023359775543,0.8550000190734863,0.30149999260902405
YPR020W,YGL086W,0,-5.3161206,0.220873162150383,0.8550000190734863,0.30160000920295715
YDR146C,YML039W,0,-5.3161254,0.22081612050533295,0.8550000190734863,0.30169999599456787
YIR022W,YBR198C,0,-5.3167043,0.22075910866260529,0.8550000190734863,0.301800012588501
YPL028W,YEL069C,0,-5.316804,0.22070211172103882,0.8550000190734863,0.3018999993801117
YCR039C,YJL041W,0,-5.3174305,0.22064515948295593,0.8550000190734863,0.3019999861717224
YKL046C,YLR105C,0,-5.317978,0.22058823704719543,0.8550000190734863,0.3021000027656555
YJL013C,YOL143C,0,-5.3184013,0.22053134441375732,0.8550000190734863,0.30219998955726624
YDR017C,YMR273C,0,-5.3184977,0.2204744666814804,0.8550000190734863,0.30230000615119934
YBR298C,YJL203W,0,-5.3188477,0.22041763365268707,0.8550000190734863,0.30239999294281006
YOR249C,YPL137C,1,-5.3191276,0.22061856091022491,0.8560000061988831,0.30239999294281006
YJR055W,YMR030W,0,-5.319491,0.22056171298027039,0.8560000061988831,0.30250000953674316
YGR216C,YOR241W,0,-5.320189,0.22050489485263824,0.8560000061988831,0.3025999963283539
YFL011W-A,YGR002C,0,-5.320947,0.2204481065273285,0.8560000061988831,0.302700012922287
YNL075W,YHR090C,0,-5.3210187,0.22039134800434113,0.8560000061988831,0.3027999997138977
YIL036W,YNL287W,0,-5.3218303,0.22033461928367615,0.8560000061988831,0.3028999865055084
YKL011C,YML097C,0,-5.322015,0.22027792036533356,0.8560000061988831,0.30300000309944153
YEL031W,YNL012W,0,-5.322129,0.22022125124931335,0.8560000061988831,0.30309998989105225
YGR038W,YGR296W,0,-5.322325,0.22016461193561554,0.8560000061988831,0.30320000648498535
YJR139C,YMR150C,0,-5.3225303,0.2201080024242401,0.8560000061988831,0.30329999327659607
YCR107W,YGR086C,0,-5.322608,0.22005140781402588,0.8560000061988831,0.3034000098705292
YKL022C,YGR275W,1,-5.3228273,0.22025185823440552,0.8569999933242798,0.3034000098705292
YJL219W,YDR470C,0,-5.323334,0.22019527852535248,0.8569999933242798,0.3034999966621399
YNL288W,YDR238C,0,-5.32396,0.22013871371746063,0.8569999933242798,0.303600013256073
YPL231W,YGL194C,0,-5.3242993,0.22008217871189117,0.8569999933242798,0.3037000000476837
YDL044C,YJL192C,0,-5.3247514,0.2200256735086441,0.8569999933242798,0.30379998683929443
YDR400W,YDL109C,0,-5.3247633,0.21996919810771942,0.8569999933242798,0.30390000343322754
YGL222C,YER012W,0,-5.3247905,0.21991275250911713,0.8569999933242798,0.30399999022483826
YMR299C,YGR280C,0,-5.3251853,0.21985633671283722,0.8569999933242798,0.30410000681877136
YOR178C,YDR075W,0,-5.325433,0.2197999507188797,0.8569999933242798,0.3041999936103821
YNL214W,YOR132W,0,-5.3257837,0.21974359452724457,0.8569999933242798,0.3043000102043152
YAL022C,YHR027C,0,-5.3260765,0.21968725323677063,0.8569999933242798,0.3043999969959259
YDR498C,YPL175W,0,-5.3270087,0.21963095664978027,0.8569999933242798,0.304500013589859
YKL139W,YIL080W,0,-5.327333,0.2195746898651123,0.8569999933242798,0.3046000003814697
YKL188C,YGR002C,0,-5.3275266,0.21951843798160553,0.8569999933242798,0.30469998717308044
YOR089C,YNR039C,0,-5.327539,0.21946223080158234,0.8569999933242798,0.30480000376701355
YFR036W,YBR156C,1,-5.327769,0.21966205537319183,0.8579999804496765,0.30480000376701355
YNL031C,YER008C,0,-5.328181,0.21960583329200745,0.8579999804496765,0.30489999055862427
YPR111W,YKR076W,0,-5.3282967,0.21954964101314545,0.8579999804496765,0.3050000071525574
YGR157W,YOL044W,0,-5.3283725,0.21949347853660583,0.8579999804496765,0.3050999939441681
YGR092W,YPR112C,0,-5.3283925,0.2194373458623886,0.8579999804496765,0.3052000105381012
YFL056C,YPR104C,0,-5.328407,0.21938122808933258,0.8579999804496765,0.3052999973297119
YER169W,YBR273C,0,-5.328413,0.21932515501976013,0.8579999804496765,0.305400013923645
YPL078C,YMR264W,0,-5.328601,0.21926909685134888,0.8579999804496765,0.30550000071525574
YLR144C,YGL211W,0,-5.328651,0.2192130833864212,0.8579999804496765,0.30559998750686646
YIL115C,YGR081C,0,-5.328916,0.21915708482265472,0.8579999804496765,0.30570000410079956
YPR131C,YPL010W,0,-5.329191,0.21910113096237183,0.8579999804496765,0.3057999908924103
YGR227W,YMR150C,0,-5.3293424,0.21904519200325012,0.8579999804496765,0.3059000074863434
YML062C,YLR084C,0,-5.329948,0.2189892828464508,0.8579999804496765,0.3059999942779541
YDR174W,YHR200W,0,-5.329975,0.21893340349197388,0.8579999804496765,0.3061000108718872
YIL009W,YIL037C,0,-5.3302445,0.21887755393981934,0.8579999804496765,0.3061999976634979
YNL230C,YOL072W,0,-5.330253,0.21882173418998718,0.8579999804496765,0.30630001425743103
YKL139W,YBL008W,0,-5.330725,0.21876592934131622,0.8579999804496765,0.30640000104904175
YMR234W,YOR367W,0,-5.3308983,0.21871016919612885,0.8579999804496765,0.30649998784065247
YGL021W,YBR023C,0,-5.3311443,0.21865443885326385,0.8579999804496765,0.30660000443458557
YPL224C,YBR077C,0,-5.3314304,0.21859872341156006,0.8579999804496765,0.3066999912261963
YLR133W,YCR075C,0,-5.332393,0.21854305267333984,0.8579999804496765,0.3068000078201294
YNL279W,YGR144W,0,-5.3324995,0.21848739683628082,0.8579999804496765,0.3068999946117401
YHR169W,YMR045C,0,-5.3330555,0.2184317708015442,0.8579999804496765,0.3070000112056732
YFL048C,YOL049W,0,-5.3331428,0.21837617456912994,0.8579999804496765,0.30709999799728394
YLR292C,YOR045W,0,-5.333283,0.21832060813903809,0.8579999804496765,0.30720001459121704
YBL009W,YDR255C,0,-5.3333206,0.21826507151126862,0.8579999804496765,0.30730000138282776
YMR052W,YGL073W,0,-5.334097,0.21820956468582153,0.8579999804496765,0.3073999881744385
YDR224C,YLR332W,0,-5.334704,0.21815408766269684,0.8579999804496765,0.3075000047683716
YJL019W,YGR275W,1,-5.3347664,0.21835282444953918,0.859000027179718,0.3075000047683716
YEL018W,YMR134W,0,-5.3351035,0.2182973325252533,0.859000027179718,0.3075999915599823
YLR080W,YJR021C,0,-5.335459,0.2182418704032898,0.859000027179718,0.3077000081539154
YMR186W,YDR246W,0,-5.3357973,0.21818643808364868,0.859000027179718,0.3077999949455261
YBR207W,YKL138C-A,0,-5.3359036,0.21813103556632996,0.859000027179718,0.30790001153945923
YHL031C,YJL072C,0,-5.3359146,0.21807564795017242,0.859000027179718,0.30799999833106995
YNL101W,YDR411C,0,-5.336429,0.21802030503749847,0.859000027179718,0.30809998512268066
YGL043W,YLR066W,0,-5.336576,0.21796497702598572,0.859000027179718,0.30820000171661377
YKL170W,YBR077C,0,-5.3365993,0.21790969371795654,0.859000027179718,0.3082999885082245
YMR277W,YPR181C,0,-5.3368444,0.21785442531108856,0.859000027179718,0.3084000051021576
YDR331W,YDR485C,0,-5.3371077,0.21779918670654297,0.859000027179718,0.3084999918937683
YER177W,YOL005C,0,-5.33737,0.21774397790431976,0.859000027179718,0.3086000084877014
YDR247W,YIL023C,0,-5.337424,0.21768879890441895,0.859000027179718,0.30869999527931213
YOR033C,YKR057W,0,-5.3377686,0.21763364970684052,0.859000027179718,0.30880001187324524
YGL065C,YJL138C,0,-5.338417,0.21757851541042328,0.859000027179718,0.30889999866485596
YGR180C,YEL012W,0,-5.33846,0.21752342581748962,0.859000027179718,0.3089999854564667
YOL009C,YDR435C,0,-5.3386703,0.21746835112571716,0.859000027179718,0.3091000020503998
YDR054C,YOR371C,0,-5.3389945,0.2174133062362671,0.859000027179718,0.3091999888420105
YML008C,YPL042C,0,-5.3391004,0.2173583060503006,0.859000027179718,0.3093000054359436
YMR277W,YGR169C,0,-5.339104,0.2173033207654953,0.859000027179718,0.3093999922275543
YDR256C,YKR082W,0,-5.3397956,0.2172483503818512,0.859000027179718,0.3095000088214874
YKL130C,YER100W,0,-5.3400607,0.21719342470169067,0.859000027179718,0.30959999561309814
YFL011W-A,YPL112C,0,-5.3406086,0.21713852882385254,0.859000027179718,0.30970001220703125
YBR286W,YIL048W,0,-5.341122,0.2170836478471756,0.859000027179718,0.30979999899864197
YJR053W,YGR249W,0,-5.3418317,0.21702879667282104,0.859000027179718,0.3098999857902527
YJL194W,YMR016C,0,-5.3422146,0.21697399020195007,0.859000027179718,0.3100000023841858
YOL038W,YNL126W,0,-5.342267,0.2169191986322403,0.859000027179718,0.3100999891757965
YBR038W,YLR384C,0,-5.342336,0.2168644219636917,0.859000027179718,0.3102000057697296
YLR357W,YMR190C,1,-5.3426814,0.2170620858669281,0.8600000143051147,0.3102000057697296
YCR005C,YFR048W,0,-5.343033,0.2170073240995407,0.8600000143051147,0.31029999256134033
YOR188W,YIR019C,0,-5.3431463,0.21695257723331451,0.8600000143051147,0.31040000915527344
YNR067C,YHR060W,0,-5.343253,0.2168978601694107,0.8600000143051147,0.31049999594688416
YMR139W,YBR294W,0,-5.343493,0.21684317290782928,0.8600000143051147,0.31060001254081726
YDR168W,YFR005C,0,-5.34388,0.21678850054740906,0.8600000143051147,0.310699999332428
YPL069C,YLR293C,0,-5.344381,0.2167338728904724,0.8600000143051147,0.3107999861240387
YER083C,YNL218W,0,-5.344506,0.21667926013469696,0.8600000143051147,0.3109000027179718
YMR100W,YNL090W,0,-5.3445306,0.2166246920824051,0.8600000143051147,0.3109999895095825
YDL166C,YDR393W,0,-5.344841,0.21657013893127441,0.8600000143051147,0.3111000061035156
YIL013C,YGL004C,0,-5.3448534,0.21651561558246613,0.8600000143051147,0.31119999289512634
YCR048W,YER160C,0,-5.3448944,0.21646110713481903,0.8600000143051147,0.31130000948905945
YLR116W,YNL128W,0,-5.3451624,0.21640664339065552,0.8600000143051147,0.31139999628067017
YNL214W,YJL029C,0,-5.345275,0.2163521945476532,0.8600000143051147,0.31150001287460327
YBR036C,YCR037C,0,-5.34579,0.21629779040813446,0.8600000143051147,0.311599999666214
YBR050C,YDR489W,0,-5.3464694,0.21624340116977692,0.8600000143051147,0.3116999864578247
YAR014C,YGL178W,0,-5.3468304,0.21618904173374176,0.8600000143051147,0.3118000030517578
YNL129W,YLR105C,0,-5.346963,0.216134712100029,0.8600000143051147,0.31189998984336853
YJL018W,YFL008W,1,-5.3470597,0.21633166074752808,0.8610000014305115,0.31189998984336853
YCL067C,YKR008W,0,-5.3471456,0.2162773162126541,0.8610000014305115,0.31200000643730164
YKL021C,YGR186W,0,-5.347303,0.21622300148010254,0.8610000014305115,0.31209999322891235
YML104C,YGL045W,0,-5.3475213,0.21616871654987335,0.8610000014305115,0.31220000982284546
YJR160C,YJR010C-A,0,-5.3484206,0.21611446142196655,0.8610000014305115,0.3122999966144562
YDL135C,YDR135C,0,-5.348607,0.21606022119522095,0.8610000014305115,0.3124000132083893
YDR407C,YBR012W-B,0,-5.3487926,0.21600602567195892,0.8610000014305115,0.3125
YLR098C,YHL002W,0,-5.3495946,0.2159518450498581,0.8610000014305115,0.3125999867916107
YDR173C,YDL017W,0,-5.3498344,0.21589769423007965,0.8610000014305115,0.3127000033855438
YOR353C,YBR165W,0,-5.349901,0.2158435732126236,0.8610000014305115,0.31279999017715454
YGR036C,YGR038W,0,-5.350075,0.21578946709632874,0.8610000014305115,0.31290000677108765
YPR171W,YNL023C,0,-5.351365,0.21573540568351746,0.8610000014305115,0.31299999356269836
YBR237W,YPL214C,0,-5.3513656,0.21568135917186737,0.8610000014305115,0.31310001015663147
YDR174W,YKL095W,0,-5.352763,0.21562734246253967,0.8610000014305115,0.3131999969482422
YDR529C,YLR277C,0,-5.352859,0.21557335555553436,0.8610000014305115,0.3133000135421753
YPL018W,YFL037W,1,-5.353065,0.2157697081565857,0.8619999885559082,0.3133000135421753
YKL160W,YMR313C,0,-5.3530703,0.21571572124958038,0.8619999885559082,0.313400000333786
YNR074C,YLR277C,0,-5.3532662,0.21566174924373627,0.8619999885559082,0.31349998712539673
YDR411C,YOR372C,0,-5.3538003,0.21560780704021454,0.8619999885559082,0.31360000371932983
YIL085C,YEL037C,0,-5.354156,0.2155538946390152,0.8619999885559082,0.31369999051094055
YLR418C,YNL230C,0,-5.3543,0.21549999713897705,0.8619999885559082,0.31380000710487366
YPR119W,YGR111W,0,-5.3549848,0.21544614434242249,0.8619999885559082,0.3138999938964844
YBR023C,YHR067W,0,-5.35536,0.2153923064470291,0.8619999885559082,0.3140000104904175
YHR129C,YAL068C,0,-5.3557324,0.21533849835395813,0.8619999885559082,0.3140999972820282
YJR026W,YOR008C-A,0,-5.355994,0.21528472006320953,0.8619999885559082,0.3142000138759613
YML113W,YOR381W,0,-5.3560143,0.21523095667362213,0.8619999885559082,0.314300000667572
YDL178W,YLR459W,0,-5.3561883,0.2151772379875183,0.8619999885559082,0.31439998745918274
YGL116W,YBR156C,1,-5.3570185,0.21537309885025024,0.8629999756813049,0.31439998745918274
YOR079C,YLR399C,0,-5.3572583,0.21531936526298523,0.8629999756813049,0.31450000405311584
YHR079C,YPR107C,0,-5.3578057,0.2152656465768814,0.8629999756813049,0.31459999084472656
YIL103W,YDR532C,0,-5.357867,0.21521197259426117,0.8629999756813049,0.31470000743865967
YPL200W,YIR011C,1,-5.3580675,0.2154076248407364,0.8640000224113464,0.31470000743865967
YPR007C,YGR275W,1,-5.3583493,0.21560318768024445,0.8650000095367432,0.31470000743865967
YBL079W,YOR073W,1,-5.359809,0.21579866111278534,0.8659999966621399,0.31470000743865967
YKL201C,YDL055C,0,-5.3599315,0.21574489772319794,0.8659999966621399,0.3147999942302704
YCL026C-A,YDL194W,0,-5.360251,0.21569116413593292,0.8659999966621399,0.3149000108242035
YPR141C,YKL193C,1,-5.360378,0.2158864587545395,0.8669999837875366,0.3149000108242035
YOR049C,YPL120W,0,-5.360605,0.21583271026611328,0.8669999837875366,0.3149999976158142
YPL095C,YDR460W,0,-5.3608007,0.21577899158000946,0.8669999837875366,0.3151000142097473
YKL119C,YCL033C,0,-5.3608446,0.21572530269622803,0.8669999837875366,0.31520000100135803
YDR421W,YMR313C,0,-5.360911,0.21567164361476898,0.8669999837875366,0.31529998779296875
YDR443C,YDR310C,0,-5.3612742,0.21561799943447113,0.8669999837875366,0.31540000438690186
YIL037C,YLR090W,0,-5.3614774,0.21556439995765686,0.8669999837875366,0.3154999911785126
YHR036W,YBL093C,0,-5.3618693,0.21551081538200378,0.8669999837875366,0.3156000077724457
YNL330C,YDL097C,0,-5.3632226,0.2154572606086731,0.8669999837875366,0.3156999945640564
YKR029C,YGR285C,0,-5.3635974,0.2154037207365036,0.8669999837875366,0.3158000111579895
YOR250C,YJR006W,0,-5.36457,0.2153502255678177,0.8669999837875366,0.3158999979496002
YJL002C,YFR037C,0,-5.364903,0.21529674530029297,0.8669999837875366,0.3160000145435333
YML021C,YIL039W,0,-5.365073,0.21524329483509064,0.8669999837875366,0.31610000133514404
YER008C,YJR029W,0,-5.365173,0.2151898741722107,0.8669999837875366,0.31619998812675476
YHL007C,YBL005W-B,0,-5.3653297,0.21513648331165314,0.8669999837875366,0.31630000472068787
YOR061W,YNL088W,0,-5.3654847,0.21508310735225677,0.8669999837875366,0.3163999915122986
YLR394W,YER110C,0,-5.365896,0.2150297611951828,0.8669999837875366,0.3165000081062317
YBR022W,YKL166C,0,-5.3659425,0.2149764448404312,0.8669999837875366,0.3165999948978424
YOL133W,YMR153W,0,-5.366076,0.21492315828800201,0.8669999837875366,0.3167000114917755
YBR085W,YPR164W,0,-5.366078,0.214869886636734,0.8669999837875366,0.31679999828338623
YKL052C,YDR404C,0,-5.366303,0.2148166447877884,0.8669999837875366,0.31690001487731934
YOR249C,YAL031C,1,-5.3664665,0.21501114964485168,0.8679999709129333,0.31690001487731934
YJL071W,YLL043W,0,-5.366823,0.21495789289474487,0.8679999709129333,0.31700000166893005
YPL267W,YDR272W,0,-5.3678265,0.21490468084812164,0.8679999709129333,0.31709998846054077
YBR275C,YBR240C,0,-5.369562,0.2148514837026596,0.8679999709129333,0.3172000050544739
YPL076W,YML105C,0,-5.369913,0.21479831635951996,0.8679999709129333,0.3172999918460846
YMR026C,YEL051W,0,-5.369923,0.2147451788187027,0.8679999709129333,0.3174000084400177
YDL040C,YPR182W,0,-5.3707695,0.21469205617904663,0.8679999709129333,0.3174999952316284
YOR304W,YNL264C,0,-5.3712683,0.21463897824287415,0.8679999709129333,0.3176000118255615
YCL026C-A,YMR079W,0,-5.371725,0.21458591520786285,0.8679999709129333,0.31769999861717224
YCR039C,YGR082W,0,-5.371757,0.21453286707401276,0.8679999709129333,0.31779998540878296
YFL034C-B,YBR057C,0,-5.371771,0.21447986364364624,0.8679999709129333,0.31790000200271606
YBR217W,YDL031W,0,-5.372759,0.21442687511444092,0.8679999709129333,0.3179999887943268
YGR147C,YLR376C,0,-5.37295,0.21437391638755798,0.8679999709129333,0.3181000053882599
YBL046W,YGL169W,0,-5.3731103,0.21432098746299744,0.8679999709129333,0.3181999921798706
YDR164C,YKR050W,0,-5.37349,0.21426808834075928,0.8679999709129333,0.3183000087738037
YOR039W,YKR095W,0,-5.3740788,0.2142152041196823,0.8679999709129333,0.31839999556541443
YLR144C,YPL069C,0,-5.3750477,0.21416234970092773,0.8679999709129333,0.31850001215934753
YMR145C,YFL017W-A,0,-5.37506,0.21410952508449554,0.8679999709129333,0.31859999895095825
YKL203C,YIR026C,0,-5.375525,0.21405671536922455,0.8679999709129333,0.31869998574256897
YPR088C,YIL138C,0,-5.3758173,0.21400395035743713,0.8679999709129333,0.3188000023365021
YNR052C,YLR166C,0,-5.376327,0.2139512002468109,0.8679999709129333,0.3188999891281128
YGL211W,YNL129W,0,-5.3764024,0.2138984650373459,0.8679999709129333,0.3190000057220459
YJR060W,YJL080C,1,-5.3764577,0.21409213542938232,0.8690000176429749,0.3190000057220459
YML060W,YLL056C,0,-5.3768315,0.2140394151210785,0.8690000176429749,0.3190999925136566
YDR148C,YLR305C,0,-5.3773293,0.21398670971393585,0.8690000176429749,0.3192000091075897
YPL202C,YNL279W,0,-5.3773704,0.2139340192079544,0.8690000176429749,0.31929999589920044
YML036W,YDL109C,0,-5.3781333,0.21388137340545654,0.8690000176429749,0.31940001249313354
YDL002C,YOL031C,0,-5.3785458,0.21382874250411987,0.8690000176429749,0.31949999928474426
YMR092C,YPL041C,0,-5.3788815,0.2137761414051056,0.8690000176429749,0.319599986076355
YMR267W,YOR089C,0,-5.379559,0.2137235552072525,0.8690000176429749,0.3197000026702881
YOR130C,YNL214W,0,-5.379599,0.213671013712883,0.8690000176429749,0.3197999894618988
YDR499W,YDR055W,0,-5.379602,0.21361848711967468,0.8690000176429749,0.3199000060558319
YBR274W,YOL143C,0,-5.379946,0.21356599032878876,0.8690000176429749,0.3199999928474426
YBR223C,YOR229W,0,-5.380813,0.21351350843906403,0.8690000176429749,0.32010000944137573
YER127W,YPL032C,0,-5.380973,0.21346107125282288,0.8690000176429749,0.32019999623298645
YBR048W,YGR056W,0,-5.381734,0.21340864896774292,0.8690000176429749,0.32030001282691956
YDR414C,YLR095C,0,-5.3817983,0.21335624158382416,0.8690000176429749,0.3203999996185303
YOR148C,YOL125W,0,-5.3818927,0.21330387890338898,0.8690000176429749,0.320499986410141
YOR046C,YPR189W,0,-5.3822603,0.213251531124115,0.8690000176429749,0.3206000030040741
YKR025W,YBR130C,0,-5.3824954,0.2131992131471634,0.8690000176429749,0.3206999897956848
YJL106W,YGR239C,0,-5.3825917,0.21314692497253418,0.8690000176429749,0.3208000063896179
YKL208W,YKL026C,0,-5.382993,0.21309465169906616,0.8690000176429749,0.32089999318122864
YDR517W,YGR212W,0,-5.3830323,0.21304240822792053,0.8690000176429749,0.32100000977516174
YNR075W,YNR015W,0,-5.3833385,0.2129901945590973,0.8690000176429749,0.32109999656677246
YER013W,YHL028W,0,-5.384201,0.21293801069259644,0.8690000176429749,0.32120001316070557
YJR055W,YLR360W,0,-5.385589,0.21288584172725677,0.8690000176429749,0.3212999999523163
YLR141W,YKR053C,0,-5.385822,0.2128337025642395,0.8690000176429749,0.321399986743927
YAL015C,YKL034W,0,-5.3861313,0.21278159320354462,0.8690000176429749,0.3215000033378601
YDL100C,YGR163W,0,-5.386408,0.21272949874401093,0.8690000176429749,0.3215999901294708
YLR238W,YEL019C,0,-5.3865576,0.21267743408679962,0.8690000176429749,0.32170000672340393
YJR053W,YDL111C,0,-5.3867726,0.2126253992319107,0.8690000176429749,0.32179999351501465
YGL058W,YKL126W,0,-5.3868585,0.21257337927818298,0.8690000176429749,0.32190001010894775
YGR140W,YAL031C,1,-5.3870664,0.21276596188545227,0.8700000047683716,0.32190001010894775
YOR136W,YNL202W,0,-5.387402,0.21271394193172455,0.8700000047683716,0.32199999690055847
YER133W,YOL115W,1,-5.3880854,0.2129063755273819,0.8709999918937683,0.32199999690055847
YJL071W,YDR078C,0,-5.388181,0.21285435557365417,0.8709999918937683,0.3221000134944916
YOL013C,YMR218C,0,-5.3889675,0.21280235052108765,0.8709999918937683,0.3222000002861023
YER089C,YML105C,0,-5.3891335,0.2127503603696823,0.8709999918937683,0.322299987077713
YBR192W,YDR135C,0,-5.3894296,0.21269841492176056,0.8709999918937683,0.3224000036716461
YAL034W-A,YJL080C,1,-5.389527,0.212890625,0.871999979019165,0.3224000036716461
YHR086W,YBR198C,0,-5.3896737,0.21283866465091705,0.871999979019165,0.32249999046325684
YJL111W,YDR420W,0,-5.390666,0.2127867192029953,0.871999979019165,0.32260000705718994
YEL056W,YML062C,0,-5.3908367,0.21273481845855713,0.871999979019165,0.32269999384880066
YER038C,YOL031C,0,-5.3916955,0.21268293261528015,0.871999979019165,0.32280001044273376
YER065C,YOL066C,0,-5.392363,0.21263106167316437,0.871999979019165,0.3228999972343445
YGR261C,YKL005C,0,-5.392957,0.21257923543453217,0.871999979019165,0.3230000138282776
YPL095C,YNL090W,0,-5.393294,0.21252742409706116,0.871999979019165,0.3231000006198883
YMR100W,YJL204C,0,-5.3938165,0.21247562766075134,0.871999979019165,0.323199987411499
YGR281W,YGR251W,0,-5.3940463,0.2124238759279251,0.871999979019165,0.32330000400543213
YKR097W,YGR072W,0,-5.3946257,0.21237213909626007,0.871999979019165,0.32339999079704285
YPR201W,YPL154C,0,-5.394658,0.21232043206691742,0.871999979019165,0.32350000739097595
YBL023C,YJR160C,0,-5.395581,0.21226873993873596,0.871999979019165,0.32359999418258667
YPL115C,YJL001W,0,-5.396066,0.2122170776128769,0.871999979019165,0.3237000107765198
YCL011C,YER005W,0,-5.3965836,0.2121654450893402,0.871999979019165,0.3237999975681305
YMR145C,YPR032W,0,-5.3966737,0.21211384236812592,0.871999979019165,0.3239000141620636
YPL096W,YPR086W,0,-5.39695,0.21206225454807281,0.871999979019165,0.3240000009536743
YGR142W,YBL071W-A,0,-5.3971944,0.2120106965303421,0.871999979019165,0.32409998774528503
YAL058W,YHR069C,0,-5.3972764,0.21195916831493378,0.871999979019165,0.32420000433921814
YOR328W,YPR094W,0,-5.397603,0.21190765500068665,0.871999979019165,0.32429999113082886
YLR328W,YPL022W,0,-5.3978715,0.2118561714887619,0.871999979019165,0.32440000772476196
YIL167W,YPR139C,0,-5.3985105,0.21180471777915955,0.871999979019165,0.3244999945163727
YKL204W,YNL329C,0,-5.39858,0.21175327897071838,0.871999979019165,0.3246000111103058
YBR212W,YLR329W,0,-5.399448,0.2117018699645996,0.871999979019165,0.3246999979019165
YLR450W,YBR171W,0,-5.3995466,0.21165049076080322,0.871999979019165,0.3248000144958496
YHL031C,YJR074W,0,-5.3996186,0.21159912645816803,0.871999979019165,0.3249000012874603
YPL115C,YGR156W,0,-5.3997707,0.21154779195785522,0.871999979019165,0.32499998807907104
YBR279W,YJL166W,0,-5.399975,0.2114964872598648,0.871999979019165,0.32510000467300415
YJL194W,YPL086C,0,-5.400733,0.21144519746303558,0.871999979019165,0.32519999146461487
YHR193C,YLR275W,0,-5.4008155,0.21139393746852875,0.871999979019165,0.325300008058548
YPL212C,YLR385C,0,-5.401355,0.2113427072763443,0.871999979019165,0.3253999948501587
YJL208C,YOR327C,0,-5.402361,0.21129149198532104,0.871999979019165,0.3255000114440918
YFR008W,YMR149W,0,-5.402552,0.21124030649662018,0.871999979019165,0.3255999982357025
YER157W,YJL104W,0,-5.402576,0.2111891508102417,0.871999979019165,0.3257000148296356
YDR244W,YDR212W,0,-5.402737,0.21113801002502441,0.871999979019165,0.32580000162124634
YIR008C,YFL018W-A,0,-5.403015,0.21108689904212952,0.871999979019165,0.32589998841285706
YLR105C,YIR018W,0,-5.403225,0.211035817861557,0.871999979019165,0.32600000500679016
YHR056C,YOR359W,0,-5.4045963,0.2109847515821457,0.871999979019165,0.3260999917984009
YDR323C,YMR200W,0,-5.404676,0.21093371510505676,0.871999979019165,0.326200008392334
YPR128C,YJL001W,0,-5.404705,0.21088270843029022,0.871999979019165,0.3262999951839447
YJL087C,YOR129C,0,-5.40499,0.21083171665668488,0.871999979019165,0.3264000117778778
YPR104C,YGL120C,0,-5.405342,0.21078075468540192,0.871999979019165,0.3264999985694885
YNL145W,YGL183C,0,-5.40595,0.21072982251644135,0.871999979019165,0.32659998536109924
YKR054C,YPL204W,1,-5.405979,0.210920512676239,0.8730000257492065,0.32659998536109924
YDR254W,YJL018W,1,-5.4060082,0.21111111342906952,0.8740000128746033,0.32659998536109924
YJL091C,YDR086C,0,-5.406252,0.21106013655662537,0.8740000128746033,0.32670000195503235
YDR072C,YBL035C,0,-5.406658,0.2110091745853424,0.8740000128746033,0.32679998874664307
YGL142C,YLR163C,0,-5.4071674,0.21095824241638184,0.8740000128746033,0.32690000534057617
YKL025C,YPL016W,0,-5.4072733,0.21090734004974365,0.8740000128746033,0.3269999921321869
YIL072W,YNL004W,0,-5.4073553,0.21085645258426666,0.8740000128746033,0.32710000872612
YDR422C,YPR101W,0,-5.4077144,0.21080559492111206,0.8740000128746033,0.3271999955177307
YGR171C,YKR072C,0,-5.408043,0.21075476706027985,0.8740000128746033,0.3273000121116638
YEL069C,YKR060W,0,-5.4081182,0.21070395410060883,0.8740000128746033,0.32739999890327454
YGR133W,YGR024C,0,-5.409283,0.2106531709432602,0.8740000128746033,0.32749998569488525
YMR069W,YJL210W,0,-5.4097013,0.21060240268707275,0.8740000128746033,0.32760000228881836
YJL018W,YFL037W,1,-5.4097767,0.21079258620738983,0.875,0.32760000228881836
YEL018W,YKL214C,0,-5.4099154,0.2107418179512024,0.875,0.3276999890804291
YDR320C-A,YOL127W,0,-5.410068,0.21069106459617615,0.875,0.3278000056743622
YGL065C,YOR260W,0,-5.4102573,0.2106403410434723,0.875,0.3278999924659729
YPL145C,YDR532C,0,-5.410601,0.21058964729309082,0.875,0.328000009059906
YPR128C,YML028W,0,-5.411082,0.21053898334503174,0.875,0.3280999958515167
YCR075C,YER161C,0,-5.411733,0.21048833429813385,0.875,0.32820001244544983
YDR174W,YER028C,0,-5.4125624,0.21043771505355835,0.875,0.32829999923706055
YDL044C,YIR018W,0,-5.4127707,0.21038711071014404,0.875,0.32839998602867126
YHR074W,YDR028C,0,-5.413243,0.21033653616905212,0.875,0.32850000262260437
YMR056C,YPL190C,0,-5.41335,0.2102859914302826,0.875,0.3285999894142151
YPL055C,YOL054W,0,-5.4135995,0.21023546159267426,0.875,0.3287000060081482
YKL113C,YHR060W,0,-5.4136734,0.2101849615573883,0.875,0.3287999927997589
YEL018W,YKR055W,0,-5.4139667,0.21013449132442474,0.875,0.328900009393692
YKR063C,YIL052C,0,-5.4140224,0.21008403599262238,0.875,0.32899999618530273
YDR052C,YDR345C,0,-5.414495,0.2100336104631424,0.875,0.32910001277923584
YJL018W,YGR063C,1,-5.414774,0.21022318303585052,0.8759999871253967,0.32910001277923584
YDR375C,YIL147C,0,-5.415027,0.21017274260520935,0.8759999871253967,0.32919999957084656
YDR216W,YAR008W,0,-5.415393,0.21012233197689056,0.8759999871253967,0.3292999863624573
YKL064W,YDR393W,0,-5.415758,0.21007193624973297,0.8759999871253967,0.3294000029563904
YKR095W,YCR073W-A,0,-5.4159408,0.21002157032489777,0.8759999871253967,0.3294999897480011
YPR135W,YJR068W,1,-5.4159455,0.21021093428134918,0.8769999742507935,0.3294999897480011
YER107C,YOR045W,0,-5.4161544,0.21016055345535278,0.8769999742507935,0.3296000063419342
YJL020C,YOR305W,0,-5.4167757,0.21011020243167877,0.8769999742507935,0.3296999931335449
YPR006C,YNL330C,0,-5.4169803,0.21005988121032715,0.8769999742507935,0.329800009727478
YOR110W,YDL112W,0,-5.417443,0.21000957489013672,0.8769999742507935,0.32989999651908875
YHR026W,YOR143C,0,-5.4174976,0.20995929837226868,0.8769999742507935,0.33000001311302185
YOR236W,YJR050W,0,-5.417819,0.20990905165672302,0.8769999742507935,0.33009999990463257
YPR201W,YKR101W,0,-5.417837,0.20985881984233856,0.8769999742507935,0.3301999866962433
YKL186C,YOR119C,0,-5.4180274,0.2098086178302765,0.8769999742507935,0.3303000032901764
YCR026C,YDR255C,0,-5.4182067,0.2097584307193756,0.8769999742507935,0.3303999900817871
YNL218W,YMR314W,0,-5.418346,0.20970827341079712,0.8769999742507935,0.3305000066757202
YOR216C,YPR107C,0,-5.4184756,0.20965814590454102,0.8769999742507935,0.33059999346733093
YOR226C,YOR341W,0,-5.4186482,0.2096080332994461,0.8769999742507935,0.33070001006126404
YFL003C,YBR153W,0,-5.4188094,0.20955795049667358,0.8769999742507935,0.33079999685287476
YKL150W,YHR039C-B,0,-5.4194775,0.20950788259506226,0.8769999742507935,0.33090001344680786
YOR031W,YKL138C-A,0,-5.4202285,0.20945784449577332,0.8769999742507935,0.3310000002384186
YHR133C,YOL031C,0,-5.4206743,0.20940783619880676,0.8769999742507935,0.3310999870300293
YML031W,YNL090W,0,-5.420712,0.2093578428030014,0.8769999742507935,0.3312000036239624
YGR014W,YNL261W,0,-5.4211335,0.20930787920951843,0.8769999742507935,0.3312999904155731
YFR019W,YIL017C,0,-5.421962,0.20925793051719666,0.8769999742507935,0.3314000070095062
YGR029W,YDR217C,0,-5.4220037,0.20920801162719727,0.8769999742507935,0.33149999380111694
YPR051W,YIL095W,0,-5.42236,0.20915812253952026,0.8769999742507935,0.33160001039505005
YGL238W,YDL227C,0,-5.4224806,0.20910824835300446,0.8769999742507935,0.33169999718666077
YNL291C,YIL051C,0,-5.4225664,0.20905840396881104,0.8769999742507935,0.33180001378059387
YJL201W,YPR193C,0,-5.423203,0.2090085744857788,0.8769999742507935,0.3319000005722046
YFL011W-A,YNL241C,0,-5.423638,0.20895877480506897,0.8769999742507935,0.3319999873638153
YOR349W,YJL063C,0,-5.4238296,0.20890900492668152,0.8769999742507935,0.3321000039577484
YPL149W,YNR048W,0,-5.4239116,0.20885924994945526,0.8769999742507935,0.33219999074935913
YHR090C,YGR211W,0,-5.424086,0.2088095247745514,0.8769999742507935,0.33230000734329224
YER149C,YCR067C,0,-5.4241166,0.20875981450080872,0.8769999742507935,0.33239999413490295
YIL138C,YJR141W,0,-5.424294,0.20871013402938843,0.8769999742507935,0.33250001072883606
YNL163C,YOR106W,0,-5.4246616,0.20866048336029053,0.8769999742507935,0.3325999975204468
YOR159C,YDR218C,0,-5.424885,0.20861084759235382,0.8769999742507935,0.3327000141143799
YLL042C,YBR081C,0,-5.4249516,0.2085612416267395,0.8769999742507935,0.3328000009059906
YGL167C,YML097C,0,-5.4256,0.20851165056228638,0.8769999742507935,0.3328999876976013
YGR246C,YMR263W,0,-5.4260187,0.20846208930015564,0.8769999742507935,0.3330000042915344
YJL128C,YCL008C,0,-5.4261208,0.2084125429391861,0.8769999742507935,0.33309999108314514
YDR378C,YGR009C,0,-5.4263616,0.20836302638053894,0.8769999742507935,0.33320000767707825
YPL053C,YGL211W,0,-5.426697,0.20831353962421417,0.8769999742507935,0.33329999446868896
YKL011C,YDL045C,0,-5.4270296,0.2082640677690506,0.8769999742507935,0.33340001106262207
YIL013C,YLR139C,0,-5.4274664,0.2082146257162094,0.8769999742507935,0.3334999978542328
YDL013W,YDR235W,0,-5.4274755,0.20816519856452942,0.8769999742507935,0.3336000144481659
YMR083W,YBR188C,0,-5.4275,0.20811580121517181,0.8769999742507935,0.3337000012397766
YGL190C,YBR127C,0,-5.4275713,0.2080664336681366,0.8769999742507935,0.33379998803138733
YDR487C,YGR042W,0,-5.427709,0.20801708102226257,0.8769999742507935,0.33390000462532043
YGR077C,YPL276W,0,-5.4280066,0.20796774327754974,0.8769999742507935,0.33399999141693115
YDL024C,YDR477W,0,-5.428471,0.2079184502363205,0.8769999742507935,0.33410000801086426
YOR148C,YCR018C,0,-5.4288754,0.20786915719509125,0.8769999742507935,0.334199994802475
YDL004W,YHR160C,0,-5.4289274,0.20781990885734558,0.8769999742507935,0.3343000113964081
YPR193C,YPL213W,0,-5.4294314,0.2077706754207611,0.8769999742507935,0.3343999981880188
YBR165W,YIL031W,0,-5.4296575,0.20772145688533783,0.8769999742507935,0.3345000147819519
YHL040C,YPL075W,0,-5.429989,0.20767226815223694,0.8769999742507935,0.3346000015735626
YMR162C,YFR041C,0,-5.4301577,0.20762310922145844,0.8769999742507935,0.33469998836517334
YOR250C,YBR058C-A,0,-5.4302926,0.20757396519184113,0.8769999742507935,0.33480000495910645
YPL097W,YOR212W,0,-5.430407,0.2075248509645462,0.8769999742507935,0.33489999175071716
YNL262W,YDR120C,0,-5.4311657,0.20747575163841248,0.8769999742507935,0.33500000834465027
YLR136C,YGR048W,0,-5.431187,0.20742668211460114,0.8769999742507935,0.335099995136261
YMR311C,YOL094C,1,-5.4323473,0.20761409401893616,0.878000020980835,0.335099995136261
YPL095C,YBR129C,0,-5.432351,0.20756500959396362,0.878000020980835,0.3352000117301941
YMR038C,YGL222C,0,-5.432379,0.20751595497131348,0.878000020980835,0.3352999985218048
YJL024C,YPR199C,0,-5.4324408,0.20746691524982452,0.878000020980835,0.3353999853134155
YKL149C,YDR372C,0,-5.4326196,0.20741790533065796,0.878000020980835,0.33550000190734863
YHL034C,YCR073W-A,0,-5.433204,0.20736892521381378,0.878000020980835,0.33559998869895935
YCR106W,YKR050W,0,-5.433994,0.2073199599981308,0.878000020980835,0.33570000529289246
YBR055C,YDR280W,0,-5.4352612,0.207271009683609,0.878000020980835,0.3357999920845032
YML036W,YKL086W,0,-5.435266,0.2072220891714096,0.878000020980835,0.3359000086784363
YIL160C,YPR178W,0,-5.435376,0.2071731984615326,0.878000020980835,0.335999995470047
YGR238C,YDR289C,0,-5.436412,0.20712432265281677,0.878000020980835,0.3361000120639801
YCR005C,YKL046C,0,-5.436603,0.20707547664642334,0.878000020980835,0.3361999988555908
YIL038C,YCR062W,0,-5.436999,0.2070266455411911,0.878000020980835,0.33629998564720154
YJR090C,YDR028C,0,-5.4370937,0.20697784423828125,0.878000020980835,0.33640000224113464
YBR154C,YHR048W,0,-5.437572,0.2069290578365326,0.878000020980835,0.33649998903274536
YGR010W,YML109W,0,-5.4390173,0.20688030123710632,0.878000020980835,0.33660000562667847
YPL204W,YJL018W,1,-5.4396386,0.20706713199615479,0.8790000081062317,0.33660000562667847
YML078W,YOR308C,0,-5.4401855,0.20701837539672852,0.8790000081062317,0.3366999924182892
YER014C-A,YPL138C,0,-5.4402723,0.20696961879730225,0.8790000081062317,0.3368000090122223
YAL024C,YDL188C,0,-5.4403114,0.20692090690135956,0.8790000081062317,0.336899995803833
YGL029W,YML112W,0,-5.440835,0.20687220990657806,0.8790000081062317,0.3370000123977661
YMR311C,YPL204W,1,-5.441882,0.20705881714820862,0.8799999952316284,0.3370000123977661
YAL042W,YER142C,0,-5.442441,0.20701012015342712,0.8799999952316284,0.33709999918937683
YDL079C,YIL018W,0,-5.4426785,0.20696142315864563,0.8799999952316284,0.33719998598098755
YOR103C,YJL001W,0,-5.442685,0.20691277086734772,0.8799999952316284,0.33730000257492065
YER164W,YNL091W,0,-5.4432116,0.206864133477211,0.8799999952316284,0.33739998936653137
YKL125W,YHL022C,0,-5.4436564,0.20681551098823547,0.8799999952316284,0.3375000059604645
YDR086C,YDL235C,0,-5.4438586,0.20676691830158234,0.8799999952316284,0.3375999927520752
YMR199W,YCR081W,0,-5.444631,0.2067183405160904,0.8799999952316284,0.3377000093460083
YCR107W,YBR061C,0,-5.444706,0.20666979253292084,0.8799999952316284,0.337799996137619
YJL039C,YJL104W,0,-5.4456563,0.20662127435207367,0.8799999952316284,0.3379000127315521
YMR044W,YBR256C,0,-5.446825,0.2065727710723877,0.8799999952316284,0.33799999952316284
YDR096W,YER021W,0,-5.446909,0.20652428269386292,0.8799999952316284,0.33809998631477356
YLR080W,YML055W,0,-5.446966,0.20647583901882172,0.8799999952316284,0.33820000290870667
YNL280C,YMR313C,0,-5.4472804,0.20642739534378052,0.8799999952316284,0.3382999897003174
YER019W,YIL138C,0,-5.4474196,0.2063789814710617,0.8799999952316284,0.3384000062942505
YER106W,YDL003W,1,-5.4489484,0.20656506717205048,0.8809999823570251,0.3384000062942505
YOR204W,YKL138C-A,0,-5.4494286,0.20651663839817047,0.8809999823570251,0.3384999930858612
YOL133W,YER038C,0,-5.449521,0.20646823942661285,0.8809999823570251,0.3386000096797943
YOR112W,YOR193W,0,-5.4495425,0.20641987025737762,0.8809999823570251,0.33869999647140503
YBR022W,YCR067C,0,-5.449809,0.2063715159893036,0.8809999823570251,0.33880001306533813
YPL151C,YMR022W,0,-5.4502654,0.20632319152355194,0.8809999823570251,0.33889999985694885
YML019W,YDR404C,0,-5.4502826,0.2062748819589615,0.8809999823570251,0.33899998664855957
YNL270C,YBR114W,0,-5.4504223,0.20622658729553223,0.8809999823570251,0.3391000032424927
YMR173W,YDR495C,0,-5.450663,0.20617832243442535,0.8809999823570251,0.3391999900341034
YKL007W,YOR388C,0,-5.4514027,0.20613008737564087,0.8809999823570251,0.3393000066280365
YJR105W,YML059C,0,-5.451428,0.20608186721801758,0.8809999823570251,0.3393999934196472
YOR371C,YGR020C,0,-5.452031,0.20603367686271667,0.8809999823570251,0.3395000100135803
YNL116W,YPR191W,0,-5.4523253,0.20598550140857697,0.8809999823570251,0.33959999680519104
YOR316C,YKR003W,0,-5.4524446,0.20593735575675964,0.8809999823570251,0.33970001339912415
YKR035W-A,YNL073W,0,-5.452501,0.20588922500610352,0.8809999823570251,0.33980000019073486
YGR225W,YDL043C,0,-5.453039,0.20584112405776978,0.8809999823570251,0.3398999869823456
YOR353C,YKL041W,0,-5.4531426,0.20579303801059723,0.8809999823570251,0.3400000035762787
YJR090C,YOL028C,0,-5.4533744,0.20574498176574707,0.8809999823570251,0.3400999903678894
YLL031C,YGR197C,0,-5.4543366,0.2056969404220581,0.8809999823570251,0.3402000069618225
YPL178W,YLR008C,0,-5.4545345,0.20564892888069153,0.8809999823570251,0.3402999937534332
YOL102C,YBR012W-A,0,-5.4546695,0.20560093224048615,0.8809999823570251,0.34040001034736633
YBR199W,YOL143C,0,-5.454755,0.20555296540260315,0.8809999823570251,0.34049999713897705
YCR073W-A,YDR486C,0,-5.4551277,0.20550501346588135,0.8809999823570251,0.34060001373291016
YOR328W,YAR008W,0,-5.456126,0.20545709133148193,0.8809999823570251,0.3407000005245209
YDR487C,YMR013C,0,-5.456203,0.2054091840982437,0.8809999823570251,0.3407999873161316
YBL079W,YFL008W,1,-5.456615,0.20559440553188324,0.8820000290870667,0.3407999873161316
YMR219W,YJR029W,0,-5.457623,0.20554649829864502,0.8820000290870667,0.3409000039100647
YDR022C,YGL200C,0,-5.457759,0.205498605966568,0.8820000290870667,0.3409999907016754
YNL318C,YER070W,0,-5.458139,0.20545072853565216,0.8820000290870667,0.3411000072956085
YGR003W,YBR022W,0,-5.458981,0.20540288090705872,0.8820000290870667,0.34119999408721924
YLR098C,YJL192C,0,-5.459244,0.20535506308078766,0.8820000290870667,0.34130001068115234
YNL292W,YML109W,0,-5.4599557,0.2053072601556778,0.8820000290870667,0.34139999747276306
YML114C,YDR400W,0,-5.460058,0.20525948703289032,0.8820000290870667,0.34150001406669617
YMR038C,YML059C,0,-5.4600964,0.20521172881126404,0.8820000290870667,0.3416000008583069
YPL241C,YIR005W,0,-5.4603415,0.20516398549079895,0.8820000290870667,0.3416999876499176
YCR038C,YNL073W,0,-5.4606066,0.20511627197265625,0.8820000290870667,0.3418000042438507
YJL080C,YFL008W,1,-5.460911,0.20530109107494354,0.8830000162124634,0.3418000042438507
YJL042W,YOR083W,0,-5.4610534,0.20525337755680084,0.8830000162124634,0.3418999910354614
YDL175C,YFL011W-A,0,-5.461744,0.20520566403865814,0.8830000162124634,0.34200000762939453
YOR030W,YOR179C,0,-5.462649,0.20515799522399902,0.8830000162124634,0.34209999442100525
YMR016C,YLR313C,0,-5.463256,0.2051103413105011,0.8830000162124634,0.34220001101493835
YNR013C,YGL098W,0,-5.4634614,0.20506270229816437,0.8830000162124634,0.3422999978065491
YLR242C,YBR290W,0,-5.463951,0.20501509308815002,0.8830000162124634,0.3424000144004822
YAL010C,YBL022C,0,-5.46409,0.20496749877929688,0.8830000162124634,0.3425000011920929
YIL044C,YDL031W,0,-5.464377,0.2049199342727661,0.8830000162124634,0.3425999879837036
YJR097W,YPR178W,0,-5.4645185,0.20487238466739655,0.8830000162124634,0.3427000045776367
YPR094W,YMR239C,0,-5.464859,0.20482486486434937,0.8830000162124634,0.34279999136924744
YIL036W,YHR030C,0,-5.465098,0.20477735996246338,0.8830000162124634,0.34290000796318054
YGR002C,YGL049C,0,-5.465103,0.20472988486289978,0.8830000162124634,0.34299999475479126
YMR109W,YML114C,0,-5.465301,0.20468242466449738,0.8830000162124634,0.34310001134872437
YFL013C,YIL008W,0,-5.4653454,0.20463499426841736,0.8830000162124634,0.3431999981403351
YGL142C,YLR066W,0,-5.465511,0.20458757877349854,0.8830000162124634,0.3433000147342682
YDR096W,YOL054W,0,-5.4659195,0.2045401930809021,0.8830000162124634,0.3434000015258789
YNL250W,YDR353W,0,-5.4660378,0.20449282228946686,0.8830000162124634,0.3434999883174896
YDL008W,YOL115W,1,-5.4667506,0.204677015542984,0.8840000033378601,0.3434999883174896
YNL261W,YPR088C,0,-5.4671216,0.20462962985038757,0.8840000033378601,0.34360000491142273
YNR035C,YKL006C-A,0,-5.46747,0.20458227396011353,0.8840000033378601,0.34369999170303345
YGL048C,YGR181W,0,-5.4676666,0.20453493297100067,0.8840000033378601,0.34380000829696655
YGR113W,YNL001W,0,-5.4681473,0.2044876217842102,0.8840000033378601,0.34389999508857727
YLR274W,YMR139W,0,-5.4682455,0.20444034039974213,0.8840000033378601,0.3440000116825104
YLR097C,YPR018W,0,-5.4687953,0.20439305901527405,0.8840000033378601,0.3440999984741211
YPL100W,YOR226C,0,-5.4695964,0.20434582233428955,0.8840000033378601,0.3441999852657318
YOR113W,YGR230W,0,-5.4698105,0.20429858565330505,0.8840000033378601,0.3443000018596649
YDR191W,YDR297W,0,-5.470008,0.20425139367580414,0.8840000033378601,0.34439998865127563
YOL042W,YMR273C,0,-5.470178,0.20420420169830322,0.8840000033378601,0.34450000524520874
YDL056W,YLR455W,0,-5.4703536,0.2041570395231247,0.8840000033378601,0.34459999203681946
YNL088W,YDR059C,0,-5.470394,0.20410990715026855,0.8840000033378601,0.34470000863075256
YER107C,YPR067W,0,-5.4709635,0.2040627896785736,0.8840000033378601,0.3447999954223633
YGR227W,YDL084W,0,-5.4717836,0.20401568710803986,0.8840000033378601,0.3449000120162964
YMR232W,YNR049C,0,-5.4725027,0.2039686143398285,0.8840000033378601,0.3449999988079071
YNL149C,YIL147C,0,-5.472516,0.20392157137393951,0.8840000033378601,0.3450999855995178
YNL278W,YMR316W,0,-5.473044,0.20387454330921173,0.8840000033378601,0.3452000021934509
YNL288W,YPL152W,0,-5.4731812,0.20382753014564514,0.8840000033378601,0.34529998898506165
YPL135W,YBR168W,0,-5.4737525,0.20378054678440094,0.8840000033378601,0.34540000557899475
YDR030C,YKL130C,0,-5.4739904,0.20373357832431793,0.8840000033378601,0.34549999237060547
YLR362W,YOL028C,0,-5.4741554,0.2036866396665573,0.8840000033378601,0.3456000089645386
YDR364C,YGL238W,0,-5.4748154,0.20363971590995789,0.8840000033378601,0.3456999957561493
YPR075C,YIL173W,0,-5.475614,0.20359280705451965,0.8840000033378601,0.3458000123500824
YIL040W,YMR101C,0,-5.4758115,0.203545942902565,0.8840000033378601,0.3458999991416931
YLR369W,YDR212W,0,-5.476734,0.20349907875061035,0.8840000033378601,0.34599998593330383
YLR098C,YGR033C,0,-5.4770217,0.2034522444009781,0.8840000033378601,0.34610000252723694
YEL030W,YOR253W,0,-5.4770403,0.20340542495250702,0.8840000033378601,0.34619998931884766
YGL029W,YDL227C,0,-5.4771852,0.20335863530635834,0.8840000033378601,0.34630000591278076
YLR095C,YLR006C,0,-5.4772744,0.20331186056137085,0.8840000033378601,0.3463999927043915
YKL213C,YKR031C,0,-5.477319,0.20326511561870575,0.8840000033378601,0.3465000092983246
YDL095W,YBR240C,0,-5.477727,0.20321838557720184,0.8840000033378601,0.3465999960899353
YLR391W,YOR270C,0,-5.4781227,0.20317168533802032,0.8840000033378601,0.3467000126838684
YDL031W,YPR065W,0,-5.4785724,0.203125,0.8840000033378601,0.3467999994754791
YJR053W,YDR255C,0,-5.478617,0.20307832956314087,0.8840000033378601,0.34689998626708984
YER149C,YLR126C,0,-5.4795923,0.20303168892860413,0.8840000033378601,0.34700000286102295
YPL254W,YNL294C,0,-5.479704,0.20298507809638977,0.8840000033378601,0.34709998965263367
YPR082C,YBR294W,0,-5.480015,0.2029384821653366,0.8840000033378601,0.3472000062465668
YER119C,YGL019W,0,-5.4804535,0.20289190113544464,0.8840000033378601,0.3472999930381775
YDR168W,YGR029W,0,-5.4805655,0.20284533500671387,0.8840000033378601,0.3474000096321106
YML113W,YHR124W,0,-5.48095,0.20279881358146667,0.8840000033378601,0.3474999964237213
YJR042W,YLR447C,0,-5.481047,0.20275229215621948,0.8840000033378601,0.3476000130176544
YPL154C,YLR006C,0,-5.481169,0.20270580053329468,0.8840000033378601,0.34769999980926514
YHR091C,YGR024C,0,-5.4820795,0.20265932381153107,0.8840000033378601,0.34779998660087585
YLR102C,YFL037W,1,-5.482398,0.2028420865535736,0.8849999904632568,0.34779998660087585
YGL206C,YBR201W,0,-5.4827967,0.2027955949306488,0.8849999904632568,0.34790000319480896
YOR244W,YNL213C,0,-5.482855,0.20274914801120758,0.8849999904632568,0.3479999899864197
YDR005C,YDR529C,0,-5.483456,0.20270270109176636,0.8849999904632568,0.3481000065803528
YNL006W,YJL203W,0,-5.483522,0.20265628397464752,0.8849999904632568,0.3481999933719635
YBL080C,YPL138C,0,-5.483678,0.20260989665985107,0.8849999904632568,0.3483000099658966
YMR022W,YNL128W,0,-5.4840875,0.20256350934505463,0.8849999904632568,0.3483999967575073
YDL100C,YBR153W,0,-5.4848514,0.20251716673374176,0.8849999904632568,0.34850001335144043
YJL018W,YLR357W,1,-5.4856434,0.20269961655139923,0.8859999775886536,0.34850001335144043
YDR244W,YNL213C,0,-5.485757,0.20265324413776398,0.8859999775886536,0.34860000014305115
YJR013W,YGL144C,0,-5.485951,0.2026069015264511,0.8859999775886536,0.34869998693466187
YPL227C,YDR164C,0,-5.486041,0.20256058871746063,0.8859999775886536,0.34880000352859497
YLR391W-A,YNL192W,0,-5.4861054,0.20251429080963135,0.8859999775886536,0.3488999903202057
YOR032C,YKR086W,0,-5.486287,0.20246800780296326,0.8859999775886536,0.3490000069141388
YKL138C-A,YHR072W-A,0,-5.4865866,0.20242175459861755,0.8859999775886536,0.3490999937057495
YBL047C,YMR235C,0,-5.4868474,0.20237551629543304,0.8859999775886536,0.3492000102996826
YBR165W,YPR024W,0,-5.486904,0.20232929289340973,0.8859999775886536,0.34929999709129333
YKL201C,YBR223C,0,-5.487289,0.2022830992937088,0.8859999775886536,0.34940001368522644
YDR096W,YJL047C,0,-5.4876895,0.20223693549633026,0.8859999775886536,0.34950000047683716
YMR083W,YKR101W,0,-5.48806,0.20219078660011292,0.8859999775886536,0.3495999872684479
YML105C,YJL029C,0,-5.4880767,0.20214465260505676,0.8859999775886536,0.349700003862381
YKL188C,YCR052W,0,-5.4881415,0.2020985335111618,0.8859999775886536,0.3497999906539917
YKL201C,YNL088W,0,-5.488381,0.20205244421958923,0.8859999775886536,0.3499000072479248
YMR219W,YLR459W,0,-5.488407,0.20200638473033905,0.8859999775886536,0.3499999940395355
YHR068W,YOL093W,0,-5.488704,0.20196034014225006,0.8859999775886536,0.35010001063346863
YPL256C,YGL254W,0,-5.489026,0.20191431045532227,0.8859999775886536,0.35019999742507935
YBR002C,YLR139C,0,-5.489087,0.20186831057071686,0.8859999775886536,0.35030001401901245
YOR056C,YKL045W,0,-5.4890985,0.20182232558727264,0.8859999775886536,0.35040000081062317
YOL038W,YFR040W,0,-5.489162,0.20177635550498962,0.8859999775886536,0.3504999876022339
YDR420W,YDR255C,0,-5.4891934,0.201730415225029,0.8859999775886536,0.350600004196167
YCL038C,YMR204C,0,-5.489978,0.20168450474739075,0.8859999775886536,0.3506999909877777
YFR050C,YDR240C,0,-5.4900928,0.2016385942697525,0.8859999775886536,0.3508000075817108
YGL130W,YMR314W,0,-5.4902644,0.20159271359443665,0.8859999775886536,0.35089999437332153
YEL036C,YOR100C,0,-5.4902787,0.20154686272144318,0.8859999775886536,0.35100001096725464
YKL135C,YML006C,0,-5.4907265,0.2015010267496109,0.8859999775886536,0.35109999775886536
YJL021C,YOR254C,0,-5.4918165,0.20145520567893982,0.8859999775886536,0.35120001435279846
YFR028C,YLR256W,0,-5.4920835,0.20140941441059113,0.8859999775886536,0.3513000011444092
YDR334W,YDL120W,0,-5.4925156,0.20136363804340363,0.8859999775886536,0.3513999879360199
YBR009C,YMR050C,0,-5.492997,0.20131787657737732,0.8859999775886536,0.351500004529953
YBR119W,YLR147C,0,-5.4931293,0.2012721449136734,0.8859999775886536,0.3515999913215637
YMR129W,YNL088W,0,-5.4936414,0.20122644305229187,0.8859999775886536,0.3517000079154968
YLR357W,YGR063C,1,-5.4938498,0.2014078050851822,0.8870000243186951,0.3517000079154968
YBR231C,YBR097W,0,-5.4944105,0.20136208832263947,0.8870000243186951,0.35179999470710754
YML077W,YOL102C,0,-5.4944825,0.20131638646125793,0.8870000243186951,0.35190001130104065
YNR052C,YBR265W,0,-5.4947796,0.2012706995010376,0.8870000243186951,0.35199999809265137
YNL021W,YIR008C,0,-5.494916,0.20122504234313965,0.8870000243186951,0.3521000146865845
YML071C,YOR160W,0,-5.4950027,0.2011794000864029,0.8870000243186951,0.3522000014781952
YPR179C,YOR087W,0,-5.49588,0.20113378763198853,0.8870000243186951,0.3522999882698059
YER167W,YNL023C,0,-5.496038,0.20108819007873535,0.8870000243186951,0.352400004863739
YOR076C,YJR028W,0,-5.4968805,0.20104260742664337,0.8870000243186951,0.35249999165534973
YHR142W,YNL129W,0,-5.4969683,0.20099705457687378,0.8870000243186951,0.35260000824928284
YKL200C,YOL039W,0,-5.497931,0.20095151662826538,0.8870000243186951,0.35269999504089355
YPR135W,YOL094C,1,-5.4981074,0.20113250613212585,0.8880000114440918,0.35269999504089355
YBR100W,YGR158C,0,-5.4989324,0.20108695328235626,0.8880000114440918,0.35280001163482666
YOL059W,YPR139C,0,-5.5004215,0.20104143023490906,0.8880000114440918,0.3528999984264374
YHL025W,YGL169W,0,-5.500541,0.20099592208862305,0.8880000114440918,0.3529999852180481
YMR097C,YBR296C,0,-5.5008516,0.20095044374465942,0.8880000114440918,0.3531000018119812
YGL240W,YKL193C,1,-5.5008616,0.20113122463226318,0.8889999985694885,0.3531000018119812
YGR157W,YML011C,0,-5.5009074,0.20108573138713837,0.8889999985694885,0.3531999886035919
YBR205W,YGL145W,0,-5.500946,0.20104025304317474,0.8889999985694885,0.353300005197525
YBR228W,YHR008C,0,-5.5012317,0.2009948045015335,0.8889999985694885,0.35339999198913574
YEL056W,YER095W,0,-5.501272,0.20094937086105347,0.8889999985694885,0.35350000858306885
YLR191W,YLL016W,0,-5.5018272,0.20090395212173462,0.8889999985694885,0.35359999537467957
YJL035C,YDR486C,0,-5.5020103,0.20085856318473816,0.8889999985694885,0.35370001196861267
YLL015W,YBR201W,0,-5.5021176,0.2008131891489029,0.8889999985694885,0.3537999987602234
YHR056C,YML115C,0,-5.5029135,0.20076784491539001,0.8889999985694885,0.3538999855518341
YJR121W,YPR105C,0,-5.503116,0.20072251558303833,0.8889999985694885,0.3540000021457672
YPL078C,YJL029C,0,-5.5041018,0.20067720115184784,0.8889999985694885,0.35409998893737793
YOR328W,YKL099C,0,-5.5041647,0.20063191652297974,0.8889999985694885,0.35420000553131104
YJR013W,YCR009C,0,-5.504193,0.20058664679527283,0.8889999985694885,0.35429999232292175
YNL291C,YDR281C,0,-5.5044203,0.2005413919687271,0.8889999985694885,0.35440000891685486
YNL230C,YPL031C,0,-5.5048,0.20049616694450378,0.8889999985694885,0.3544999957084656
YIL125W,YDR116C,0,-5.5048485,0.20045095682144165,0.8889999985694885,0.3546000123023987
YGL222C,YDR075W,0,-5.505518,0.2004057765007019,0.8889999985694885,0.3546999990940094
YDR017C,YJR049C,0,-5.505655,0.20036061108112335,0.8889999985694885,0.3547999858856201
YHR005C,YOL009C,0,-5.506233,0.200315460562706,0.8889999985694885,0.3549000024795532
YOL111C,YML041C,0,-5.5063014,0.20027032494544983,0.8889999985694885,0.35499998927116394
YER030W,YOR236W,0,-5.5064435,0.20022521913051605,0.8889999985694885,0.35510000586509705
YBR060C,YBR198C,0,-5.5064855,0.20018014311790466,0.8889999985694885,0.35519999265670776
YDR227W,YOR047C,0,-5.506804,0.20013506710529327,0.8889999985694885,0.35530000925064087
YHR001W,YDL006W,0,-5.5070915,0.20009003579616547,0.8889999985694885,0.3553999960422516
YPL227C,YHR178W,0,-5.507636,0.20004500448703766,0.8889999985694885,0.3555000126361847
YDL192W,YGL066W,0,-5.5080338,0.20000000298023224,0.8889999985694885,0.3555999994277954
YNR058W,YMR162C,0,-5.5084314,0.199955016374588,0.8889999985694885,0.35569998621940613
YPL060W,YGL049C,0,-5.508593,0.19991004467010498,0.8889999985694885,0.35580000281333923
YJR084W,YIL115C,0,-5.508641,0.19986510276794434,0.8889999985694885,0.35589998960494995
YBR129C,YNL333W,0,-5.509012,0.19982019066810608,0.8889999985694885,0.35600000619888306
YGR289C,YOL066C,0,-5.509049,0.19977527856826782,0.8889999985694885,0.3560999929904938
YGL245W,YHR012W,0,-5.5091114,0.19973039627075195,0.8889999985694885,0.3562000095844269
YIL143C,YJL109C,0,-5.509265,0.19968552887439728,0.8889999985694885,0.3562999963760376
YOR257W,YML064C,0,-5.5095167,0.199640691280365,0.8889999985694885,0.3564000129699707
YLR270W,YCL075W,0,-5.509604,0.1995958685874939,0.8889999985694885,0.3564999997615814
YCR071C,YKR095W,0,-5.5098658,0.199551060795784,0.8889999985694885,0.35659998655319214
YGL021W,YHR082C,0,-5.5100865,0.19950628280639648,0.8889999985694885,0.35670000314712524
YPL137C,YJL019W,1,-5.510214,0.19968588650226593,0.8899999856948853,0.35670000314712524
YJL024C,YDR314C,0,-5.510301,0.19964109361171722,0.8899999856948853,0.35679998993873596
YNL207W,YDR198C,0,-5.5104394,0.1995963156223297,0.8899999856948853,0.35690000653266907
YKL045W,YJL093C,0,-5.510972,0.1995515674352646,0.8899999856948853,0.3569999933242798
YJL214W,YNL206C,0,-5.5117145,0.19950683414936066,0.8899999856948853,0.3571000099182129
YFR024C-A,YMR104C,0,-5.511771,0.1994621306657791,0.8899999856948853,0.3571999967098236
YCR026C,YBR097W,0,-5.5124674,0.19941742718219757,0.8899999856948853,0.3573000133037567
YFR041C,YDR311W,0,-5.5129514,0.19937275350093842,0.8899999856948853,0.35740000009536743
YNR058W,YPL157W,0,-5.513071,0.19932810962200165,0.8899999856948853,0.35749998688697815
YLL043W,YER169W,0,-5.5131483,0.19928348064422607,0.8899999856948853,0.35760000348091125
YHL034C,YNL243W,0,-5.5133758,0.1992388665676117,0.8899999856948853,0.357699990272522
YJR017C,YPR051W,0,-5.513427,0.1991942673921585,0.8899999856948853,0.3578000068664551
YIL075C,YMR227C,0,-5.5136123,0.1991496980190277,0.8899999856948853,0.3578999936580658
YOL095C,YNL154C,0,-5.513691,0.1991051435470581,0.8899999856948853,0.3580000102519989
YNL009W,YOL113W,0,-5.5140815,0.1990606188774109,0.8899999856948853,0.3580999970436096
YEL030W,YOR362C,0,-5.51419,0.19901609420776367,0.8899999856948853,0.3582000136375427
YLR292C,YOR295W,0,-5.5150313,0.19897161424160004,0.8899999856948853,0.35830000042915344
YCR038C,YDR312W,0,-5.515037,0.1989271342754364,0.8899999856948853,0.35839998722076416
YNL016W,YBR165W,0,-5.5151873,0.19888268411159515,0.8899999856948853,0.35850000381469727
YJR084W,YGR070W,0,-5.5152774,0.1988382488489151,0.8899999856948853,0.358599990606308
YJL021C,YOR301W,0,-5.515446,0.19879382848739624,0.8899999856948853,0.3587000072002411
YDR240C,YOR008C-A,0,-5.5161595,0.19874943792819977,0.8899999856948853,0.3587999939918518
YGL027C,YDR040C,0,-5.5161633,0.1987050622701645,0.8899999856948853,0.3589000105857849
YDR524C,YMR101C,0,-5.5164084,0.1986607164144516,0.8899999856948853,0.35899999737739563
YKR054C,YJL080C,1,-5.516688,0.19883954524993896,0.890999972820282,0.35899999737739563
YKL110C,YMR134W,0,-5.5170436,0.19879518449306488,0.890999972820282,0.35910001397132874
YCR075C,YPR104C,0,-5.5171804,0.198750838637352,0.890999972820282,0.35920000076293945
YOL012C,YPL063W,0,-5.517292,0.1987065076828003,0.890999972820282,0.35929998755455017
YDR039C,YFL058W,0,-5.517312,0.19866220653057098,0.890999972820282,0.3594000041484833
YJL095W,YPL059W,0,-5.517619,0.19861792027950287,0.890999972820282,0.359499990940094
YCR067C,YPR036W,0,-5.5183883,0.19857366383075714,0.890999972820282,0.3596000075340271
YMR177W,YMR004W,0,-5.5185733,0.1985294073820114,0.890999972820282,0.3596999943256378
YLR221C,YBR130C,0,-5.519653,0.19848518073558807,0.890999972820282,0.3598000109195709
YLL042C,YOR178C,0,-5.520683,0.19844098389148712,0.890999972820282,0.35989999771118164
YPL121C,YGL035C,0,-5.5208364,0.19839678704738617,0.890999972820282,0.36000001430511475
YDR388W,YGR013W,0,-5.5210695,0.1983526200056076,0.890999972820282,0.36010000109672546
YDL113C,YMR012W,0,-5.5218096,0.19830848276615143,0.890999972820282,0.3601999878883362
YAL015C,YMR087W,0,-5.5220804,0.19826434552669525,0.890999972820282,0.3603000044822693
YFL029C,YDL220C,0,-5.52276,0.19822023808956146,0.890999972820282,0.36039999127388
YER142C,YGL058W,0,-5.5230317,0.19817616045475006,0.890999972820282,0.3605000078678131
YJL058C,YPR167C,0,-5.5234094,0.19813208281993866,0.890999972820282,0.36059999465942383
YFL024C,YGL049C,0,-5.5253067,0.19808803498744965,0.890999972820282,0.36070001125335693
YBR161W,YGR135W,0,-5.5253882,0.19804401695728302,0.890999972820282,0.36079999804496765
YLR353W,YDL150W,0,-5.5256276,0.1979999989271164,0.890999972820282,0.36090001463890076
YBR217W,YMR037C,0,-5.5258408,0.19795601069927216,0.890999972820282,0.3610000014305115
YBR289W,YDR400W,0,-5.5267515,0.1979120373725891,0.890999972820282,0.3610999882221222
YIR017C,YGR192C,0,-5.5272183,0.19786809384822845,0.890999972820282,0.3612000048160553
YFL058W,YOR060C,0,-5.52782,0.1978241503238678,0.890999972820282,0.361299991607666
YIL072W,YOR329C,0,-5.5281906,0.19778025150299072,0.890999972820282,0.3614000082015991
YAL007C,YNL263C,0,-5.528342,0.19773635268211365,0.890999972820282,0.36149999499320984
YDL004W,YGR188C,0,-5.5293536,0.19769248366355896,0.890999972820282,0.36160001158714294
YMR129W,YMR127C,0,-5.529526,0.19764862954616547,0.890999972820282,0.36169999837875366
YDR284C,YJL219W,0,-5.529529,0.19760479032993317,0.890999972820282,0.3617999851703644
YPR093C,YDR198C,0,-5.529623,0.19756098091602325,0.890999972820282,0.3619000017642975
YIL036W,YDR146C,0,-5.5297523,0.19751718640327454,0.890999972820282,0.3619999885559082
YML023C,YEL024W,0,-5.5299726,0.197473406791687,0.890999972820282,0.3621000051498413
YGL048C,YLR337W,0,-5.530174,0.19742964208126068,0.890999972820282,0.362199991941452
YML129C,YHR165C,0,-5.5302744,0.19738590717315674,0.890999972820282,0.36230000853538513
YLL042C,YIL098C,0,-5.5304403,0.197342187166214,0.890999972820282,0.36239999532699585
YDR281C,YDR498C,0,-5.5316796,0.19729849696159363,0.890999972820282,0.36250001192092896
YJR046W,YKR056W,0,-5.5318427,0.19725482165813446,0.890999972820282,0.3625999987125397
YGR029W,YAL044C,0,-5.532022,0.1972111612558365,0.890999972820282,0.3626999855041504
YLR369W,YLR466W,0,-5.532639,0.1971675157546997,0.890999972820282,0.3628000020980835
YNL023C,YER052C,0,-5.5339975,0.19712390005588531,0.890999972820282,0.3628999888896942
YNL099C,YGR272C,0,-5.534069,0.19708029925823212,0.890999972820282,0.3630000054836273
YNL068C,YER072W,0,-5.534172,0.1970367133617401,0.890999972820282,0.36309999227523804
YNR030W,YML041C,0,-5.5343523,0.1969931423664093,0.890999972820282,0.36320000886917114
YOR073W,YIR011C,1,-5.5348496,0.19717064499855042,0.8920000195503235,0.36320000886917114
YDL174C,YGR004W,0,-5.5352144,0.1971270740032196,0.8920000195503235,0.36329999566078186
YDL197C,YFL029C,0,-5.5352244,0.19708351790905,0.8920000195503235,0.36340001225471497
YMR080C,YLR059C,0,-5.5365586,0.19703997671604156,0.8920000195503235,0.3634999990463257
YLL022C,YJL208C,0,-5.536882,0.19699646532535553,0.8920000195503235,0.3635999858379364
YKL051W,YPL016W,0,-5.5370407,0.1969529688358307,0.8920000195503235,0.3637000024318695
YER164W,YPL126W,0,-5.537291,0.19690948724746704,0.8920000195503235,0.3637999892234802
YNL026W,YKR050W,0,-5.5376215,0.19686603546142578,0.8920000195503235,0.36390000581741333
YDR069C,YOL051W,0,-5.5376325,0.19682259857654572,0.8920000195503235,0.36399999260902405
YLR219W,YIL023C,0,-5.5382614,0.19677917659282684,0.8920000195503235,0.36410000920295715
YDR361C,YDL229W,0,-5.538321,0.19673576951026917,0.8920000195503235,0.36419999599456787
YJL087C,YMR134W,0,-5.538705,0.19669239223003387,0.8920000195503235,0.364300012588501
YIL112W,YPR086W,0,-5.5393887,0.19664902985095978,0.8920000195503235,0.3643999993801117
YFL035C,YGL244W,0,-5.539813,0.19660568237304688,0.8920000195503235,0.3644999861717224
YCR063W,YOR329C,0,-5.540546,0.19656236469745636,0.8920000195503235,0.3646000027656555
YLR391W-A,YIL013C,0,-5.540649,0.19651906192302704,0.8920000195503235,0.36469998955726624
YOL059W,YGL097W,0,-5.540775,0.1964757740497589,0.8920000195503235,0.36480000615119934
YMR026C,YGR180C,0,-5.5408354,0.19643250107765198,0.8920000195503235,0.36489999294281006
YML058W-A,YLR376C,0,-5.541161,0.19638925790786743,0.8920000195503235,0.36500000953674316
YIR004W,YHR091C,0,-5.541928,0.19634602963924408,0.8920000195503235,0.3650999963283539
YPL249C,YMR069W,0,-5.5419345,0.19630281627178192,0.8920000195503235,0.365200012922287
YHR116W,YPL055C,0,-5.5428443,0.19625963270664215,0.8920000195503235,0.3652999997138977
YCR027C,YGR118W,0,-5.5432014,0.19621644914150238,0.8920000195503235,0.3653999865055084
YBR243C,YIL101C,0,-5.5432997,0.196173295378685,0.8920000195503235,0.36550000309944153
YHR193C,YLR045C,0,-5.5433326,0.19613017141819,0.8920000195503235,0.36559998989105225
YOR328W,YLR032W,0,-5.5433936,0.196087047457695,0.8920000195503235,0.36570000648498535
YAL051W,YMR314W,0,-5.5437117,0.1960439532995224,0.8920000195503235,0.36579999327659607
YOR033C,YLR342W,0,-5.5437217,0.196000874042511,0.8920000195503235,0.3659000098705292
YPL149W,YGL016W,0,-5.544281,0.19595782458782196,0.8920000195503235,0.3659999966621399
YJL085W,YER025W,0,-5.5446672,0.19591477513313293,0.8920000195503235,0.366100013256073
YCR058C,YEL050C,0,-5.5449653,0.1958717554807663,0.8920000195503235,0.3662000000476837
YJR065C,YDL045C,0,-5.5451846,0.19582876563072205,0.8920000195503235,0.36629998683929443
YOR260W,YMR236W,0,-5.545237,0.1957857757806778,0.8920000195503235,0.36640000343322754
YKL074C,YCL005W-A,0,-5.5455227,0.19574281573295593,0.8920000195503235,0.36649999022483826
YDR184C,YGL046W,0,-5.545575,0.19569987058639526,0.8920000195503235,0.36660000681877136
YEL015W,YGR186W,0,-5.545676,0.1956569403409958,0.8920000195503235,0.3666999936103821
YGR158C,YNL304W,0,-5.5459876,0.1956140398979187,0.8920000195503235,0.3668000102043152
YCR026C,YCR073W-A,0,-5.5460978,0.1955711394548416,0.8920000195503235,0.3668999969959259
YFL035C-A,YGL115W,0,-5.546143,0.1955282837152481,0.8920000195503235,0.367000013589859
YBR100W,YPR182W,0,-5.546218,0.1954854279756546,0.8920000195503235,0.3671000003814697
YDL046W,YGL144C,0,-5.5467525,0.1954425871372223,0.8920000195503235,0.36719998717308044
YPL174C,YOR137C,0,-5.5469584,0.19539977610111237,0.8920000195503235,0.36730000376701355
YKL220C,YIL125W,0,-5.54719,0.19535697996616364,0.8920000195503235,0.36739999055862427
YNL270C,YDR202C,0,-5.5483027,0.1953142136335373,0.8920000195503235,0.3675000071525574
YDR078C,YIL008W,0,-5.5489593,0.19527144730091095,0.8920000195503235,0.3675999939441681
YGR227W,YGL068W,0,-5.5493217,0.195228710770607,0.8920000195503235,0.3677000105381012
YAR002C-A,YMR046C,0,-5.549461,0.19518598914146423,0.8920000195503235,0.3677999973297119
YPR002W,YFL018W-A,0,-5.549903,0.19514329731464386,0.8920000195503235,0.367900013923645
YPR083W,YBR037C,0,-5.5502763,0.1951006054878235,0.8920000195503235,0.36800000071525574
YHR188C,YHR200W,0,-5.550333,0.1950579434633255,0.8920000195503235,0.36809998750686646
YHR027C,YOR106W,0,-5.550527,0.1950153112411499,0.8920000195503235,0.36820000410079956
YBR205W,YPL167C,0,-5.550721,0.1949726790189743,0.8920000195503235,0.3682999908924103
YJR119C,YDR086C,0,-5.5508037,0.1949300765991211,0.8920000195503235,0.3684000074863434
YKL139W,YGR054W,0,-5.550815,0.19488747417926788,0.8920000195503235,0.3684999942779541
YCR033W,YLR298C,0,-5.550942,0.19484491646289825,0.8920000195503235,0.3686000108718872
YDR227W,YLR222C,0,-5.5509987,0.19480235874652863,0.8920000195503235,0.3686999976634979
YOR377W,YGR238C,0,-5.5513234,0.19475983083248138,0.8920000195503235,0.36880001425743103
YJR121W,YJR158W,0,-5.551436,0.19471731781959534,0.8920000195503235,0.36890000104904175
YLR268W,YOR172W,0,-5.5517116,0.19467481970787048,0.8920000195503235,0.36899998784065247
YIL033C,YNL309W,0,-5.551756,0.19463233649730682,0.8920000195503235,0.36910000443458557
YGL063W,YDR135C,0,-5.5526557,0.19458988308906555,0.8920000195503235,0.3691999912261963
YDL166C,YDR235W,0,-5.5530815,0.19454744458198547,0.8920000195503235,0.3693000078201294
YIR037W,YOL043C,0,-5.5536914,0.1945050209760666,0.8920000195503235,0.3693999946117401
YCL067C,YDL245C,0,-5.5539412,0.1944626122713089,0.8920000195503235,0.3695000112056732
YNL263C,YER190W,0,-5.554217,0.1944202333688736,0.8920000195503235,0.36959999799728394
YGL257C,YHR138C,0,-5.5543256,0.1943778544664383,0.8920000195503235,0.36970001459121704
YLR102C,YJL074C,1,-5.5545626,0.19455337524414062,0.8930000066757202,0.36970001459121704
YIL121W,YLR372W,0,-5.5553136,0.19451099634170532,0.8930000066757202,0.36980000138282776
YOR240W,YNR067C,0,-5.555535,0.1944686472415924,0.8930000066757202,0.3698999881744385
YLR286C,YGR006W,0,-5.5561934,0.1944262981414795,0.8930000066757202,0.3700000047683716
YMR032W,YMR145C,0,-5.5562105,0.19438397884368896,0.8930000066757202,0.3700999915599823
YHR150W,YGL095C,0,-5.5564194,0.19434167444705963,0.8930000066757202,0.3702000081539154
YMR204C,YOR123C,0,-5.556742,0.1942993849515915,0.8930000066757202,0.3702999949455261
YDR421W,YHR187W,0,-5.556888,0.19425712525844574,0.8930000066757202,0.37040001153945923
YNL177C,YIR015W,0,-5.558059,0.19421488046646118,0.8930000066757202,0.37049999833106995
YLR154C,YCR067C,0,-5.5580797,0.19417265057563782,0.8930000066757202,0.37059998512268066
YBR103W,YML027W,0,-5.55911,0.19413043558597565,0.8930000066757202,0.37070000171661377
YCR075C,YFR048W,0,-5.5591335,0.19408823549747467,0.8930000066757202,0.3707999885082245
YCL035C,YCL061C,0,-5.5591345,0.19404606521129608,0.8930000066757202,0.3709000051021576
YIL009W,YOR172W,0,-5.5604553,0.1940039098262787,0.8930000066757202,0.3709999918937683
YPL132W,YMR208W,0,-5.5605655,0.19396176934242249,0.8930000066757202,0.3711000084877014
YDR005C,YHR039C,0,-5.560682,0.19391965866088867,0.8930000066757202,0.37119999527931213
YDR404C,YGR020C,0,-5.561229,0.19387754797935486,0.8930000066757202,0.37130001187324524
YBR153W,YLL016W,0,-5.561669,0.19383546710014343,0.8930000066757202,0.37139999866485596
YFL048C,YBR102C,0,-5.5624022,0.1937934011220932,0.8930000066757202,0.3714999854564667
YMR138W,YNL291C,0,-5.5646353,0.19375135004520416,0.8930000066757202,0.3716000020503998
YIR004W,YNL029C,0,-5.5648265,0.1937093287706375,0.8930000066757202,0.3716999888420105
YLR438C-A,YOL091W,0,-5.5650477,0.19366732239723206,0.8930000066757202,0.3718000054359436
YLR418C,YBR201W,0,-5.5653167,0.1936253309249878,0.8930000066757202,0.3718999922275543
YGL049C,YER072W,0,-5.565944,0.19358335435390472,0.8930000066757202,0.3720000088214874
YOL095C,YOR229W,0,-5.565972,0.19354139268398285,0.8930000066757202,0.37209999561309814
YER068W,YBR129C,0,-5.5662518,0.19349946081638336,0.8930000066757202,0.37220001220703125
YOL012C,YLR328W,0,-5.566481,0.19345754384994507,0.8930000066757202,0.37229999899864197
YDR420W,YHR206W,0,-5.5666265,0.19341564178466797,0.8930000066757202,0.3723999857902527
YDL245C,YMR008C,0,-5.5672264,0.19337375462055206,0.8930000066757202,0.3725000023841858
YFR036W,YER133W,1,-5.5678916,0.19354838132858276,0.8939999938011169,0.3725000023841858
YER044C-A,YML058W,0,-5.5680637,0.19350649416446686,0.8939999938011169,0.3725999891757965
YDL113C,YNL097C,0,-5.5681715,0.19346462190151215,0.8939999938011169,0.3727000057697296
YCR040W,YPL153C,0,-5.5683484,0.19342276453971863,0.8939999938011169,0.37279999256134033
YGL004C,YKL020C,0,-5.569609,0.1933809220790863,0.8939999938011169,0.37290000915527344
YIR022W,YLR268W,0,-5.5700145,0.19333909451961517,0.8939999938011169,0.37299999594688416
YBR179C,YGL150C,0,-5.570281,0.19329729676246643,0.8939999938011169,0.37310001254081726
YHR166C,YJL080C,1,-5.570682,0.19347168505191803,0.8949999809265137,0.37310001254081726
YEL030W,YDL042C,0,-5.5713353,0.1934298723936081,0.8949999809265137,0.373199999332428
YFL036W,YML055W,0,-5.5718493,0.19338807463645935,0.8949999809265137,0.3732999861240387
YFR051C,YGR002C,0,-5.5721025,0.1933462917804718,0.8949999809265137,0.3734000027179718
YDL135C,YDR486C,0,-5.5721364,0.19330453872680664,0.8949999809265137,0.3734999895095825
YNR033W,YER100W,0,-5.5725393,0.19326280057430267,0.8949999809265137,0.3736000061035156
YPR023C,YNL003C,0,-5.5726595,0.1932210773229599,0.8949999809265137,0.37369999289512634
YOL082W,YGL137W,0,-5.5730796,0.19317936897277832,0.8949999809265137,0.37380000948905945
YGL257C,YKR025W,0,-5.573583,0.19313767552375793,0.8949999809265137,0.37389999628067017
YER164W,YKL020C,0,-5.573733,0.19309601187705994,0.8949999809265137,0.37400001287460327
YHR036W,YBR284W,0,-5.574009,0.19305436313152313,0.8949999809265137,0.374099999666214
YDR419W,YKL058W,0,-5.5743594,0.19301272928714752,0.8949999809265137,0.3741999864578247
YNL221C,YLR337W,0,-5.574521,0.1929711103439331,0.8949999809265137,0.3743000030517578
YNL278W,YDR040C,0,-5.5746613,0.19292950630187988,0.8949999809265137,0.37439998984336853
YBR211C,YMR117C,1,-5.575264,0.19310344755649567,0.8960000276565552,0.37439998984336853
YLR438C-A,YGL100W,0,-5.5762644,0.19306184351444244,0.8960000276565552,0.37450000643730164
YMR073C,YJR042W,0,-5.5762944,0.19302025437355042,0.8960000276565552,0.37459999322891235
YIL112W,YKL166C,0,-5.5770774,0.19297868013381958,0.8960000276565552,0.37470000982284546
YNL239W,YLR045C,0,-5.5772395,0.19293712079524994,0.8960000276565552,0.3747999966144562
YBR210W,YDL093W,0,-5.578278,0.19289559125900269,0.8960000276565552,0.3749000132083893
YOR126C,YGL227W,0,-5.578324,0.19285406172275543,0.8960000276565552,0.375
YMR055C,YOR231W,0,-5.578733,0.19281256198883057,0.8960000276565552,0.3750999867916107
YDR503C,YOL124C,0,-5.5787897,0.1927710771560669,0.8960000276565552,0.3752000033855438
YDR160W,YKL075C,0,-5.578868,0.1927296221256256,0.8960000276565552,0.37529999017715454
YBR236C,YDR058C,0,-5.5801315,0.19268816709518433,0.8960000276565552,0.37540000677108765
YJL204C,YDL112W,0,-5.580329,0.19264674186706543,0.8960000276565552,0.37549999356269836
YNL097C,YAL001C,0,-5.5812674,0.19260533154010773,0.8960000276565552,0.37560001015663147
YLR133W,YOL017W,0,-5.5813913,0.19256393611431122,0.8960000276565552,0.3756999969482422
YNL288W,YCR057C,0,-5.5817823,0.1925225555896759,0.8960000276565552,0.3758000135421753
YDR302W,YDR227W,0,-5.581859,0.19248120486736298,0.8960000276565552,0.375900000333786
YDL040C,YGL210W-A,0,-5.582333,0.19243986904621124,0.8960000276565552,0.37599998712539673
YPR164W,YER082C,0,-5.582592,0.1923985332250595,0.8960000276565552,0.37610000371932983
YGR028W,YDR170C,0,-5.582663,0.19235724210739136,0.8960000276565552,0.37619999051094055
YKL058W,YGL227W,0,-5.582795,0.1923159509897232,0.8960000276565552,0.37630000710487366
YJR057W,YOR181W,0,-5.5829196,0.19227467477321625,0.8960000276565552,0.3763999938964844
YNL080C,YNL088W,0,-5.5834374,0.19223342835903168,0.8960000276565552,0.3765000104904175
YMR237W,YHL022C,0,-5.58359,0.1921921968460083,0.8960000276565552,0.3765999972820282
YCL024W,YDR487C,0,-5.584931,0.19215098023414612,0.8960000276565552,0.3767000138759613
YKL176C,YNR049C,0,-5.5851398,0.19210977852344513,0.8960000276565552,0.376800000667572
YJR125C,YOL009C,0,-5.585313,0.19206859171390533,0.8960000276565552,0.37689998745918274
YLL009C,YOR117W,0,-5.586501,0.19202743470668793,0.8960000276565552,0.37700000405311584
YLR391W-A,YPR065W,0,-5.587507,0.1919862926006317,0.8960000276565552,0.37709999084472656
YKL214C,YML131W,0,-5.58789,0.1919451653957367,0.8960000276565552,0.37720000743865967
YKL006C-A,YDL084W,0,-5.5879793,0.19190405309200287,0.8960000276565552,0.3772999942302704
YNL037C,YOR380W,0,-5.5883937,0.19186295568943024,0.8960000276565552,0.3774000108242035
YFR053C,YCR055C,0,-5.5884695,0.1918218731880188,0.8960000276565552,0.3774999976158142
YDR272W,YLR163C,0,-5.588509,0.19178082048892975,0.8960000276565552,0.3776000142097473
YIL112W,YNL313C,0,-5.5886607,0.1917397826910019,0.8960000276565552,0.37770000100135803
YHR133C,YLL021W,0,-5.588689,0.19169875979423523,0.8960000276565552,0.37779998779296875
YOR266W,YML105C,0,-5.5899935,0.19165775179862976,0.8960000276565552,0.37790000438690186
YMR173W,YIL095W,0,-5.5900955,0.19161677360534668,0.8960000276565552,0.3779999911785126
YFL035C,YDR170C,0,-5.590291,0.1915757954120636,0.8960000276565552,0.3781000077724457
YGR113W,YIL106W,0,-5.5911107,0.1915348470211029,0.8960000276565552,0.3781999945640564
YGL222C,YOR003W,0,-5.5911274,0.1914939135313034,0.8960000276565552,0.3783000111579895
YJL194W,YJL166W,0,-5.591149,0.1914529949426651,0.8960000276565552,0.3783999979496002
YNL080C,YDL090C,0,-5.591185,0.191412091255188,0.8960000276565552,0.3785000145435333
YHL040C,YPL133C,0,-5.5912395,0.19137120246887207,0.8960000276565552,0.37860000133514404
YIL033C,YPR070W,0,-5.591543,0.19133034348487854,0.8960000276565552,0.37869998812675476
YBR160W,YDR016C,0,-5.591583,0.1912894994020462,0.8960000276565552,0.37880000472068787
YDL105W,YCL019W,0,-5.5918956,0.19124867022037506,0.8960000276565552,0.3788999915122986
YJL095W,YDL170W,0,-5.5919185,0.1912078559398651,0.8960000276565552,0.3790000081062317
YMR163C,YPL087W,0,-5.5925536,0.19116705656051636,0.8960000276565552,0.3790999948978424
YDL044C,YGR192C,0,-5.59257,0.19112628698349,0.8960000276565552,0.3792000114917755
YJL186W,YPR107C,0,-5.592758,0.19108551740646362,0.8960000276565552,0.37929999828338623
YBR068C,YHR038W,0,-5.5929255,0.19104477763175964,0.8960000276565552,0.37940001487731934
YNL097C,YNL201C,0,-5.592958,0.19100405275821686,0.8960000276565552,0.37950000166893005
YER174C,YMR030W,0,-5.5931206,0.19096334278583527,0.8960000276565552,0.37959998846054077
YKL146W,YIL070C,0,-5.5931387,0.19092264771461487,0.8960000276565552,0.3797000050544739
YJR060W,YJL019W,1,-5.5933356,0.1910950094461441,0.8970000147819519,0.3797000050544739
YLR060W,YDR156W,0,-5.594723,0.1910543143749237,0.8970000147819519,0.3797999918460846
YMR207C,YNL138W,0,-5.594888,0.1910136342048645,0.8970000147819519,0.3799000084400177
YGL047W,YKR063C,0,-5.595267,0.1909729540348053,0.8970000147819519,0.3799999952316284
YPL200W,YJL080C,1,-5.5966916,0.1911451667547226,0.8980000019073486,0.3799999952316284
YPR143W,YML127W,0,-5.5970516,0.1911044865846634,0.8980000019073486,0.3801000118255615
YOR061W,YCR052W,0,-5.59756,0.19106383621692657,0.8980000019073486,0.38019999861717224
YCL003W,YML123C,0,-5.598005,0.19102318584918976,0.8980000019073486,0.38029998540878296
YOL133W,YDR217C,0,-5.59808,0.19098256528377533,0.8980000019073486,0.38040000200271606
YDR148C,YDR422C,0,-5.598152,0.1909419447183609,0.8980000019073486,0.3804999887943268
YFL013C,YBL071W-A,0,-5.598314,0.19090135395526886,0.8980000019073486,0.3806000053882599
YHL040C,YDR423C,0,-5.5983267,0.1908607929944992,0.8980000019073486,0.3806999921798706
YGR199W,YMR227C,0,-5.5983434,0.19082023203372955,0.8980000019073486,0.3808000087738037
YLR189C,YHR056C,0,-5.5984106,0.1907796859741211,0.8980000019073486,0.38089999556541443
YGR108W,YDR177W,0,-5.5991335,0.19073916971683502,0.8980000019073486,0.38100001215934753
YBR247C,YCL069W,0,-5.599278,0.19069866836071014,0.8980000019073486,0.38109999895095825
YPR199C,YJL053W,0,-5.5992804,0.19065816700458527,0.8980000019073486,0.38119998574256897
YGR108W,YGR056W,0,-5.599375,0.19061771035194397,0.8980000019073486,0.3813000023365021
YDL161W,YLR309C,0,-5.599483,0.19057725369930267,0.8980000019073486,0.3813999891281128
YOR179C,YOR172W,0,-5.5996385,0.19053681194782257,0.8980000019073486,0.3815000057220459
YPR183W,YHL034C,0,-5.599915,0.19049639999866486,0.8980000019073486,0.3815999925136566
YGL247W,YJL104W,0,-5.6001625,0.19045598804950714,0.8980000019073486,0.3817000091075897
YNL271C,YOL002C,0,-5.6004934,0.19041560590267181,0.8980000019073486,0.38179999589920044
YNL312W,YPL210C,0,-5.60055,0.19037523865699768,0.8980000019073486,0.38190001249313354
YBR272C,YKL093W,0,-5.6006036,0.19033488631248474,0.8980000019073486,0.38199999928474426
YDR228C,YDR013W,0,-5.6007977,0.190294548869133,0.8980000019073486,0.382099986076355
YJL081C,YDR486C,0,-5.6010566,0.19025424122810364,0.8980000019073486,0.3822000026702881
YKR097W,YBR172C,0,-5.603753,0.19021393358707428,0.8980000019073486,0.3822999894618988
YLR368W,YIL167W,0,-5.6042457,0.1901736557483673,0.8980000019073486,0.3824000060558319
YNL048W,YER107C,0,-5.604631,0.19013339281082153,0.8980000019073486,0.3824999928474426
YLR391W,YGR055W,0,-5.604809,0.19009314477443695,0.8980000019073486,0.38260000944137573
YIR010W,YMR190C,1,-5.6049705,0.19026455283164978,0.8989999890327454,0.38260000944137573
YGR044C,YHR154W,0,-5.6049814,0.190224289894104,0.8989999890327454,0.38269999623298645
YKL144C,YGR024C,0,-5.6052556,0.19018404185771942,0.8989999890327454,0.38280001282691956
YMR025W,YKL176C,0,-5.605405,0.19014382362365723,0.8989999890327454,0.3828999996185303
YJR119C,YNL231C,0,-5.6055174,0.19010362029075623,0.8989999890327454,0.382999986410141
YGR163W,YBR284W,0,-5.6056232,0.19006343185901642,0.8989999890327454,0.3831000030040741
YLR431C,YPL275W,0,-5.605761,0.1900232583284378,0.8989999890327454,0.3831999897956848
YJL002C,YPL041C,0,-5.606164,0.18998309969902039,0.8989999890327454,0.3833000063896179
YHR077C,YGR020C,0,-5.606171,0.18994295597076416,0.8989999890327454,0.38339999318122864
YJR155W,YGL095C,0,-5.6062775,0.18990282714366913,0.8989999890327454,0.38350000977516174
YDR280W,YNL332W,0,-5.6065164,0.18986272811889648,0.8989999890327454,0.38359999656677246
YJL021C,YDR072C,0,-5.60671,0.18982262909412384,0.8989999890327454,0.38370001316070557
YDR040C,YBR199W,0,-5.606972,0.18978255987167358,0.8989999890327454,0.3837999999523163
YDR364C,YML045W,0,-5.607057,0.18974250555038452,0.8989999890327454,0.383899986743927
YPL061W,YDR320C-A,0,-5.607211,0.18970246613025665,0.8989999890327454,0.3840000033378601
YDL135C,YOR313C,0,-5.6074615,0.18966244161128998,0.8989999890327454,0.3840999901294708
YDL220C,YDR450W,0,-5.608334,0.1896224468946457,0.8989999890327454,0.38420000672340393
YER168C,YLR126C,0,-5.6088166,0.1895824521780014,0.8989999890327454,0.38429999351501465
YDL207W,YBR212W,0,-5.6088734,0.1895424872636795,0.8989999890327454,0.38440001010894775
YDL137W,YDR153C,0,-5.6092534,0.1895025223493576,0.8989999890327454,0.38449999690055847
YJL100W,YLR069C,0,-5.609281,0.1894625872373581,0.8989999890327454,0.3846000134944916
YIL065C,YMR164C,0,-5.6093497,0.18942266702651978,0.8989999890327454,0.3847000002861023
YPL234C,YGL145W,0,-5.609528,0.18938276171684265,0.8989999890327454,0.384799987077713
YER119C,YKL055C,0,-5.6096845,0.18934288620948792,0.8989999890327454,0.3849000036716461
YLR362W,YIL017W,0,-5.609898,0.18930301070213318,0.8989999890327454,0.38499999046325684
YFL011W-A,YML105C,0,-5.610691,0.18926316499710083,0.8989999890327454,0.38510000705718994
YJR033C,YML027W,0,-5.610951,0.18922331929206848,0.8989999890327454,0.38519999384880066
YML071C,YCR018C,0,-5.6110024,0.18918350338935852,0.8989999890327454,0.38530001044273376
YPR049C,YNL016W,0,-5.611235,0.18914370238780975,0.8989999890327454,0.3853999972343445
YNL261W,YDR030C,0,-5.6117425,0.18910391628742218,0.8989999890327454,0.3855000138282776
YMR075W,YHR079C-B,0,-5.611771,0.1890641450881958,0.8989999890327454,0.3856000006198883
YOR355W,YOR049C,0,-5.6122885,0.18902438879013062,0.8989999890327454,0.385699987411499
YGL190C,YLR354C,0,-5.612307,0.18898464739322662,0.8989999890327454,0.38580000400543213
YKL007W,YOR032C,0,-5.6124835,0.18894493579864502,0.8989999890327454,0.38589999079704285
YNL129W,YDR306C,0,-5.612796,0.1889052391052246,0.8989999890327454,0.38600000739097595
YLR078C,YHR008C,0,-5.6128654,0.1888655424118042,0.8989999890327454,0.38609999418258667
YCR080W,YIL039W,0,-5.6134233,0.18882587552070618,0.8989999890327454,0.3862000107765198
YHR142W,YBR218C,0,-5.613487,0.18878622353076935,0.8989999890327454,0.3862999975681305
YEL062W,YPR168W,0,-5.6135306,0.1887465864419937,0.8989999890327454,0.3864000141620636
YMR116C,YFL002W-A,0,-5.6141143,0.18870696425437927,0.8989999890327454,0.3865000009536743
YMR268C,YIL023C,0,-5.614325,0.18866737186908722,0.8989999890327454,0.38659998774528503
YMR001C,YER166W,0,-5.614771,0.18862777948379517,0.8989999890327454,0.38670000433921814
YNL271C,YKR063C,0,-5.615072,0.1885882169008255,0.8989999890327454,0.38679999113082886
YKL165C,YPR139C,0,-5.6151733,0.18854865431785583,0.8989999890327454,0.38690000772476196
YCL011C,YLR223C,0,-5.615269,0.18850912153720856,0.8989999890327454,0.3869999945163727
YER083C,YPL139C,0,-5.6164885,0.18846960365772247,0.8989999890327454,0.3871000111103058
YDR499W,YGR280C,0,-5.6175094,0.18843010067939758,0.8989999890327454,0.3871999979019165
YCR082W,YOR305W,0,-5.6179147,0.1883906126022339,0.8989999890327454,0.3873000144958496
YDR176W,YLR008C,0,-5.6182065,0.18835113942623138,0.8989999890327454,0.3874000012874603
YFL013C,YKL034W,0,-5.618841,0.18831168115139008,0.8989999890327454,0.38749998807907104
YML095C,YHR079C-B,0,-5.6190095,0.18827225267887115,0.8989999890327454,0.38760000467300415
YOR011W,YOR179C,0,-5.619399,0.18823282420635223,0.8989999890327454,0.38769999146461487
YBR009C,YMR183C,0,-5.619423,0.1881934255361557,0.8989999890327454,0.387800008058548
YPL135W,YPR164W,0,-5.6194434,0.18815404176712036,0.8989999890327454,0.3878999948501587
YDL008W,YJR060W,1,-5.619811,0.18832391500473022,0.8999999761581421,0.3878999948501587
YDR036C,YPR108W,0,-5.619834,0.1882845163345337,0.8999999761581421,0.3880000114440918
YGL253W,YML104C,0,-5.6202655,0.18824513256549835,0.8999999761581421,0.3880999982357025
YDR488C,YDR346C,0,-5.6202793,0.1882057785987854,0.8999999761581421,0.3882000148296356
YMR127C,YHR163W,0,-5.620585,0.18816642463207245,0.8999999761581421,0.38830000162124634
YOR377W,YLR088W,0,-5.621497,0.1881270855665207,0.8999999761581421,0.38839998841285706
YDR418W,YIL029C,0,-5.621542,0.18808777630329132,0.8999999761581421,0.38850000500679016
YER116C,YLR362W,0,-5.6217756,0.18804848194122314,0.8999999761581421,0.3885999917984009
YOR367W,YGR129W,0,-5.622083,0.18800918757915497,0.8999999761581421,0.388700008392334
YGR261C,YIL008W,0,-5.6222134,0.18796992301940918,0.8999999761581421,0.3887999951839447
YJR060W,YMR311C,1,-5.622403,0.18813948333263397,0.9010000228881836,0.3887999951839447
YBR159W,YIL048W,0,-5.622424,0.188100203871727,0.9010000228881836,0.3889000117778778
YMR042W,YCR073C,0,-5.6229215,0.1880609542131424,0.9010000228881836,0.3889999985694885
YCR044C,YOR045W,0,-5.623171,0.1880217045545578,0.9010000228881836,0.38909998536109924
YFL009W,YHR099W,0,-5.6236415,0.1879824697971344,0.9010000228881836,0.38920000195503235
YMR025W,YGR249W,0,-5.6238813,0.1879432648420334,0.9010000228881836,0.38929998874664307
YJL003W,YPR125W,0,-5.624292,0.18790405988693237,0.9010000228881836,0.38940000534057617
YHR079C,YJL108C,0,-5.6248794,0.18786488473415375,0.9010000228881836,0.3894999921321869
YKL182W,YPL248C,0,-5.625334,0.18782572448253632,0.9010000228881836,0.38960000872612
YDR236C,YGL100W,0,-5.625451,0.18778657913208008,0.9010000228881836,0.3896999955177307
YDR072C,YKL126W,0,-5.625739,0.18774744868278503,0.9010000228881836,0.3898000121116638
YLR284C,YGR239C,0,-5.6258736,0.18770833313465118,0.9010000228881836,0.38989999890327454
YIL002C,YLR096W,0,-5.6261315,0.18766923248767853,0.9010000228881836,0.38999998569488525
YGR014W,YOR265W,0,-5.6266522,0.18763014674186707,0.9010000228881836,0.39010000228881836
YGL211W,YLR305C,0,-5.6266646,0.187591090798378,0.9010000228881836,0.3901999890804291
YCL044C,YOL113W,0,-5.626754,0.18755203485488892,0.9010000228881836,0.3903000056743622
YFR001W,YMR046C,0,-5.6267543,0.18751300871372223,0.9010000228881836,0.3903999924659729
YIL044C,YIL115C,0,-5.627034,0.18747399747371674,0.9010000228881836,0.390500009059906
YIL150C,YCR031C,0,-5.627608,0.18743498623371124,0.9010000228881836,0.3905999958515167
YDL126C,YNL201C,0,-5.62762,0.18739600479602814,0.9010000228881836,0.39070001244544983
YPL269W,YGR285C,0,-5.627749,0.18735703825950623,0.9010000228881836,0.39079999923706055
YPR199C,YPR051W,0,-5.6279826,0.1873180866241455,0.9010000228881836,0.39089998602867126
YLR074C,YML045W,0,-5.6281757,0.18727914988994598,0.9010000228881836,0.39100000262260437
YJL178C,YNL310C,0,-5.6291404,0.18724022805690765,0.9010000228881836,0.3910999894142151
YOR178C,YGR276C,0,-5.629259,0.1872013360261917,0.9010000228881836,0.3912000060081482
YMR255W,YKL214C,0,-5.629793,0.18716244399547577,0.9010000228881836,0.3912999927997589
YBL003C,YBR168W,0,-5.630775,0.18712356686592102,0.9010000228881836,0.391400009393692
YDR082W,YDR200C,0,-5.631064,0.18708471953868866,0.9010000228881836,0.39149999618530273
YBL084C,YJL018W,1,-5.631482,0.18725347518920898,0.9020000100135803,0.39149999618530273
YER068W,YPR042C,0,-5.631671,0.18721461296081543,0.9020000100135803,0.39160001277923584
YGR029W,YLR095C,0,-5.632327,0.18717576563358307,0.9020000100135803,0.39169999957084656
YDL105W,YNL113W,0,-5.6324077,0.1871369332075119,0.9020000100135803,0.3917999863624573
YNL037C,YGL205W,0,-5.6325393,0.18709811568260193,0.9020000100135803,0.3919000029563904
YHR034C,YIL017W,0,-5.6329627,0.18705931305885315,0.9020000100135803,0.3919999897480011
YGL191W,YDR181C,0,-5.633304,0.18702052533626556,0.9020000100135803,0.3921000063419342
YDR216W,YLL061W,0,-5.633712,0.18698175251483917,0.9020000100135803,0.3921999931335449
YPR105C,YGR090W,0,-5.6337495,0.18694300949573517,0.9020000100135803,0.392300009727478
YDL002C,YNL333W,0,-5.6338983,0.18690426647663116,0.9020000100135803,0.39239999651908875
YBR212W,YOR347C,0,-5.634367,0.18686555325984955,0.9020000100135803,0.39250001311302185
YDR432W,YJL012C,0,-5.634521,0.18682684004306793,0.9020000100135803,0.39259999990463257
YJL196C,YGR056W,0,-5.6352563,0.1867881566286087,0.9020000100135803,0.3926999866962433
YOR100C,YNL247W,0,-5.635657,0.18674948811531067,0.9020000100135803,0.3928000032901764
YBL026W,YJL047C,0,-5.6361146,0.18671081960201263,0.9020000100135803,0.3928999900817871
YMR255W,YDR164C,0,-5.637123,0.186672180891037,0.9020000100135803,0.3930000066757202
YDR320C-A,YJR033C,0,-5.637264,0.18663355708122253,0.9020000100135803,0.39309999346733093
YDR182W,YAL022C,0,-5.637271,0.18659494817256927,0.9020000100135803,0.39320001006126404
YFL050C,YBR240C,0,-5.6373844,0.1865563541650772,0.9020000100135803,0.39329999685287476
YAL040C,YDL230W,0,-5.6385903,0.18651778995990753,0.9020000100135803,0.39340001344680786
YJR060W,YAL031C,1,-5.6388264,0.1866859644651413,0.902999997138977,0.39340001344680786
YLR069C,YNL139C,0,-5.638926,0.18664737045764923,0.902999997138977,0.3935000002384186
YDR153C,YDR246W,0,-5.6393266,0.18660880625247955,0.902999997138977,0.3935999870300293
YDL155W,YMR030W,0,-5.640304,0.18657024204730988,0.902999997138977,0.3937000036239624
YMR036C,YGL135W,0,-5.640663,0.18653170764446259,0.902999997138977,0.3937999904155731
YIL072W,YDR228C,0,-5.640728,0.1864931881427765,0.902999997138977,0.3939000070095062
YIR010W,YER133W,1,-5.641525,0.18666115403175354,0.9039999842643738,0.3939000070095062
YOR002W,YML011C,0,-5.6417055,0.18662261962890625,0.9039999842643738,0.39399999380111694
YGR258C,YOR294W,0,-5.641882,0.18658410012722015,0.9039999842643738,0.39410001039505005
YLR318W,YKL001C,0,-5.6423144,0.18654561042785645,0.9039999842643738,0.39419999718666077
YOR112W,YDR170C,0,-5.6424212,0.18650712072849274,0.9039999842643738,0.39430001378059387
YOL002C,YMR030W,0,-5.642446,0.18646864593029022,0.9039999842643738,0.3944000005722046
YOR058C,YCL043C,0,-5.642456,0.1864301860332489,0.9039999842643738,0.3944999873638153
YDR479C,YAL001C,0,-5.6428027,0.18639175593852997,0.9039999842643738,0.3946000039577484
YBR127C,YPL041C,0,-5.6431684,0.18635332584381104,0.9039999842643738,0.39469999074935913
YNL072W,YLR197W,0,-5.6433654,0.1863149255514145,0.9039999842643738,0.39480000734329224
YML028W,YAR035W,0,-5.643988,0.18627652525901794,0.9039999842643738,0.39489999413490295
YDR296W,YNR023W,0,-5.6448703,0.1862381547689438,0.9039999842643738,0.39500001072883606
YMR316W,YDR501W,0,-5.64501,0.18619979918003082,0.9039999842643738,0.3950999975204468
YCR075C,YPR125W,0,-5.645463,0.18616144359111786,0.9039999842643738,0.3952000141143799
YNL219C,YPR200C,0,-5.6456237,0.18612311780452728,0.9039999842643738,0.3953000009059906
YPL228W,YML048W,0,-5.645669,0.1860848069190979,0.9039999842643738,0.3953999876976013
YPR051W,YDR393W,0,-5.6457453,0.1860465109348297,0.9039999842643738,0.3955000042915344
YLR418C,YMR208W,0,-5.6458626,0.18600822985172272,0.9039999842643738,0.39559999108314514
YJL102W,YMR127C,0,-5.646161,0.18596996366977692,0.9039999842643738,0.39570000767707825
YEL056W,YIL138C,0,-5.6464005,0.1859317123889923,0.9039999842643738,0.39579999446868896
YPR019W,YDL064W,0,-5.6469626,0.1858934760093689,0.9039999842643738,0.39590001106262207
YPR187W,YER160C,0,-5.6470914,0.18585526943206787,0.9039999842643738,0.3959999978542328
YJR021C,YMR236W,0,-5.647494,0.18581706285476685,0.9039999842643738,0.3961000144481659
YPL155C,YHL007C,0,-5.6476517,0.18577887117862701,0.9039999842643738,0.3962000012397766
YGL116W,YJR068W,1,-5.6477165,0.18594616651535034,0.9049999713897705,0.3962000012397766
YLR033W,YKL070W,0,-5.647765,0.1859079748392105,0.9049999713897705,0.39629998803138733
YPR108W,YLR006C,0,-5.647929,0.18586978316307068,0.9049999713897705,0.39640000462532043
YDR448W,YIL014W,0,-5.6480045,0.18583162128925323,0.9049999713897705,0.39649999141693115
YER044C-A,YHR200W,0,-5.6484,0.18579347431659698,0.9049999713897705,0.39660000801086426
YGR163W,YDR164C,0,-5.648443,0.18575534224510193,0.9049999713897705,0.396699994802475
YOL139C,YML105C,0,-5.6488986,0.18571721017360687,0.9049999713897705,0.3968000113964081
YDR273W,YKR076W,0,-5.6511445,0.1856791079044342,0.9049999713897705,0.3968999981880188
YPL015C,YMR004W,0,-5.6517134,0.18564102053642273,0.9049999713897705,0.3970000147819519
YNL328C,YOR151C,0,-5.6517453,0.18560294806957245,0.9049999713897705,0.3971000015735626
YBL093C,YDR362C,0,-5.6518874,0.18556489050388336,0.9049999713897705,0.39719998836517334
YBL098W,YML021C,0,-5.652082,0.18552684783935547,0.9049999713897705,0.39730000495910645
YLR207W,YPL169C,0,-5.6521764,0.18548883497714996,0.9049999713897705,0.39739999175071716
YKL073W,YDR086C,0,-5.6529465,0.18545082211494446,0.9049999713897705,0.39750000834465027
YNL268W,YGR116W,0,-5.653605,0.18541282415390015,0.9049999713897705,0.397599995136261
YLR418C,YDR517W,0,-5.653772,0.18537484109401703,0.9049999713897705,0.3977000117301941
YOR145C,YNR026C,0,-5.653923,0.1853368878364563,0.9049999713897705,0.3977999985218048
YDR263C,YOR327C,0,-5.6539803,0.18529893457889557,0.9049999713897705,0.3978999853134155
YML032C,YBR228W,0,-5.6542006,0.18526099622249603,0.9049999713897705,0.39800000190734863
YAL042W,YKL006C-A,0,-5.6542826,0.18522308766841888,0.9049999713897705,0.39809998869895935
YMR004W,YGR116W,0,-5.6543326,0.18518517911434174,0.9049999713897705,0.39820000529289246
YOL164W,YDR276C,0,-5.6553574,0.18514730036258698,0.9049999713897705,0.3982999920845032
YPL241C,YIL128W,0,-5.6558447,0.1851094365119934,0.9049999713897705,0.3984000086784363
YLR330W,YPL283C,0,-5.656514,0.18507157266139984,0.9049999713897705,0.398499995470047
YKR038C,YLR427W,0,-5.656593,0.18503373861312866,0.9049999713897705,0.3986000120639801
YNL080C,YOR355W,0,-5.656695,0.18499590456485748,0.9049999713897705,0.3986999988555908
YJL018W,YIR011C,1,-5.657072,0.1851624697446823,0.906000018119812,0.3986999988555908
YBR167C,YDR212W,0,-5.6572194,0.18512463569641113,0.906000018119812,0.39879998564720154
YBR100W,YGL244W,0,-5.6579876,0.18508681654930115,0.906000018119812,0.39890000224113464
YDR460W,YJL113W,0,-5.6585503,0.18504901230335236,0.906000018119812,0.39899998903274536
YHL047C,YML051W,0,-5.658796,0.18501123785972595,0.906000018119812,0.39910000562667847
YHR102W,YPR125W,0,-5.658893,0.18497346341609955,0.906000018119812,0.3991999924182892
YGR063C,YML085C,1,-5.659049,0.18513981997966766,0.9070000052452087,0.3991999924182892
YNL110C,YMR046C,0,-5.659128,0.18510204553604126,0.9070000052452087,0.3993000090122223
YIL115C,YER190W,0,-5.6592474,0.18506427109241486,0.9070000052452087,0.399399995803833
YBR164C,YPL128C,0,-5.659447,0.18502652645111084,0.9070000052452087,0.3995000123977661
YMR303C,YBL100W-B,0,-5.6594834,0.18498878180980682,0.9070000052452087,0.39959999918937683
YLR088W,YAL017W,0,-5.6596107,0.1849510669708252,0.9070000052452087,0.39969998598098755
YLR028C,YOR061W,0,-5.6601043,0.18491335213184357,0.9070000052452087,0.39980000257492065
YDL015C,YGR042W,0,-5.6606607,0.18487566709518433,0.9070000052452087,0.39989998936653137
YLR363C,YDR545W,0,-5.6607566,0.18483798205852509,0.9070000052452087,0.4000000059604645
YBR023C,YKL188C,0,-5.661586,0.18480032682418823,0.9070000052452087,0.4000999927520752
YNL225C,YHR050W,0,-5.6617866,0.18476268649101257,0.9070000052452087,0.4002000093460083
YER030W,YGL257C,0,-5.6619453,0.18472504615783691,0.9070000052452087,0.400299996137619
YPL117C,YIL037C,0,-5.6622005,0.18468743562698364,0.9070000052452087,0.4004000127315521
YJR042W,YDR450W,0,-5.663222,0.18464983999729156,0.9070000052452087,0.40049999952316284
YOR100C,YGR144W,0,-5.6635246,0.18461225926876068,0.9070000052452087,0.40059998631477356
YPL249C,YGL236C,0,-5.663568,0.1845746785402298,0.9070000052452087,0.40070000290870667
YGR220C,YPL120W,0,-5.6647367,0.1845371276140213,0.9070000052452087,0.4007999897003174
YJL179W,YJR049C,0,-5.6649876,0.184499591588974,0.9070000052452087,0.4009000062942505
YIL149C,YIL023C,0,-5.6652527,0.1844620704650879,0.9070000052452087,0.4009999930858612
YOL100W,YDR310C,0,-5.665358,0.18442456424236298,0.9070000052452087,0.4011000096797943
YKL179C,YNR067C,0,-5.6666474,0.18438707292079926,0.9070000052452087,0.40119999647140503
YDL132W,YHR163W,0,-5.667229,0.18434959650039673,0.9070000052452087,0.40130001306533813
YOR058C,YKL008C,0,-5.6672845,0.1843121349811554,0.9070000052452087,0.40139999985694885
YPL106C,YMR183C,0,-5.6674314,0.18427468836307526,0.9070000052452087,0.40149998664855957
YBR164C,YDR414C,0,-5.667575,0.1842372566461563,0.9070000052452087,0.4016000032424927
YPL119C,YFL024C,0,-5.6683974,0.18419983983039856,0.9070000052452087,0.4016999900341034
YCL003W,YNL332W,0,-5.668562,0.184162437915802,0.9070000052452087,0.4018000066280365
YNL119W,YHR154W,0,-5.668704,0.18412505090236664,0.9070000052452087,0.4018999934196472
YLL001W,YKL051W,0,-5.669574,0.18408767879009247,0.9070000052452087,0.4020000100135803
YJL024C,YER162C,0,-5.6699185,0.1840503215789795,0.9070000052452087,0.40209999680519104
YNL177C,YGL112C,0,-5.670212,0.1840129792690277,0.9070000052452087,0.40220001339912415
YIL098C,YER008C,0,-5.670495,0.18397565186023712,0.9070000052452087,0.40230000019073486
YNL088W,YJL012C-A,0,-5.670521,0.18393835425376892,0.9070000052452087,0.4023999869823456
YOL008W,YKL108W,0,-5.6707797,0.18390105664730072,0.9070000052452087,0.4025000035762787
YDR198C,YAR042W,0,-5.6710186,0.1838637739419937,0.9070000052452087,0.4025999903678894
YDR129C,YOL128C,0,-5.6711826,0.1838265061378479,0.9070000052452087,0.4027000069618225
YNL042W,YEL027W,0,-5.671604,0.18378925323486328,0.9070000052452087,0.4027999937534332
YNL243W,YJL141C,0,-5.67173,0.18375203013420105,0.9070000052452087,0.40290001034736633
YGR165W,YMR129W,0,-5.671853,0.18371480703353882,0.9070000052452087,0.40299999713897705
YDR377W,YJL021C,0,-5.671945,0.18367759883403778,0.9070000052452087,0.40310001373291016
YPL075W,YLR207W,0,-5.6723695,0.18364042043685913,0.9070000052452087,0.4032000005245209
YGR077C,YBR237W,0,-5.672839,0.18360324203968048,0.9070000052452087,0.4032999873161316
YGL245W,YMR285C,0,-5.673141,0.18356607854366302,0.9070000052452087,0.4034000039100647
YJR119C,YDR164C,0,-5.673252,0.18352892994880676,0.9070000052452087,0.4034999907016754
YDR432W,YGR272C,0,-5.6734805,0.1834918111562729,0.9070000052452087,0.4036000072956085
YGL167C,YOR195W,0,-5.673555,0.183454692363739,0.9070000052452087,0.40369999408721924
YJL020C,YFR041C,0,-5.6738424,0.18341758847236633,0.9070000052452087,0.40380001068115234
YNL207W,YGR144W,0,-5.6739454,0.18338051438331604,0.9070000052452087,0.40389999747276306
YNR016C,YNR072W,0,-5.674154,0.18334344029426575,0.9070000052452087,0.40400001406669617
YLL022C,YCL003W,0,-5.674544,0.18330638110637665,0.9070000052452087,0.4041000008583069
YNL286W,YML006C,0,-5.6749325,0.18326935172080994,0.9070000052452087,0.4041999876499176
YDR346C,YJL113W,0,-5.6751895,0.18323232233524323,0.9070000052452087,0.4043000042438507
YJL184W,YJR046W,0,-5.675861,0.1831953078508377,0.9070000052452087,0.4043999910354614
YKR035W-A,YLR165C,0,-5.6771016,0.18315832316875458,0.9070000052452087,0.40450000762939453
YHR008C,YGR033C,0,-5.6774354,0.18312133848667145,0.9070000052452087,0.40459999442100525
YPL100W,YNL287W,0,-5.678159,0.1830843836069107,0.9070000052452087,0.40470001101493835
YNR030W,YNL073W,0,-5.6782446,0.18304742872714996,0.9070000052452087,0.4047999978065491
YJR083C,YGL004C,0,-5.6787133,0.18301048874855042,0.9070000052452087,0.4049000144004822
YBR110W,YHR114W,0,-5.6788225,0.18297357857227325,0.9070000052452087,0.4050000011920929
YOL080C,YBR058C,0,-5.679069,0.1829366683959961,0.9070000052452087,0.4050999879837036
YPR183W,YAL002W,0,-5.6791058,0.18289977312088013,0.9070000052452087,0.4052000045776367
YPL244C,YDL079C,0,-5.679236,0.18286290764808655,0.9070000052452087,0.40529999136924744
YIL016W,YFL059W,0,-5.6793375,0.18282604217529297,0.9070000052452087,0.40540000796318054
YGR097W,YJL192C,0,-5.6795826,0.18278919160366058,0.9070000052452087,0.40549999475479126
YAR014C,YDR160W,0,-5.6803155,0.18275237083435059,0.9070000052452087,0.40560001134872437
YDR255C,YNL287W,0,-5.680445,0.1827155500650406,0.9070000052452087,0.4056999981403351
YPL055C,YNL244C,0,-5.68076,0.18267874419689178,0.9070000052452087,0.4058000147342682
YJL026W,YDR392W,0,-5.6808887,0.18264196813106537,0.9070000052452087,0.4059000015258789
YHR116W,YKR022C,0,-5.681193,0.18260519206523895,0.9070000052452087,0.4059999883174896
YJL031C,YGR286C,0,-5.681534,0.18256843090057373,0.9070000052452087,0.40610000491142273
YNR032C-A,YCL003W,0,-5.681626,0.1825316995382309,0.9070000052452087,0.40619999170303345
YOR241W,YGL226C-A,0,-5.681734,0.18249496817588806,0.9070000052452087,0.40630000829696655
YPL187W,YER116C,0,-5.6823497,0.18245825171470642,0.9070000052452087,0.40639999508857727
YOR210W,YLR026C,0,-5.6823635,0.18242156505584717,0.9070000052452087,0.4065000116825104
YER044C-A,YLR320W,0,-5.6825027,0.18238487839698792,0.9070000052452087,0.4065999984741211
YDL076C,YJL029C,0,-5.682544,0.18234820663928986,0.9070000052452087,0.4066999852657318
YOR030W,YGR009C,0,-5.6830163,0.18231156468391418,0.9070000052452087,0.4068000018596649
YHL011C,YFL060C,0,-5.6832747,0.1822749227285385,0.9070000052452087,0.40689998865127563
YPL275W,YNL250W,0,-5.683393,0.18223829567432404,0.9070000052452087,0.40700000524520874
YOL100W,YGR116W,0,-5.683586,0.18220168352127075,0.9070000052452087,0.40709999203681946
YOR351C,YOR088W,0,-5.6837926,0.18216508626937866,0.9070000052452087,0.40720000863075256
YDL145C,YMR263W,0,-5.6838555,0.18212851881980896,0.9070000052452087,0.4072999954223633
YPL266W,YJR031C,0,-5.6840405,0.18209195137023926,0.9070000052452087,0.4074000120162964
YER106W,YGR275W,1,-5.684277,0.18225611746311188,0.9079999923706055,0.4074000120162964
YDL040C,YBR082C,0,-5.6851974,0.18221955001354218,0.9079999923706055,0.4074999988079071
YLR052W,YMR296C,0,-5.6854343,0.18218298256397247,0.9079999923706055,0.4075999855995178
YPL137C,YJR068W,1,-5.685532,0.18234704434871674,0.9089999794960022,0.4075999855995178
YGR113W,YOL151W,0,-5.685688,0.18231046199798584,0.9089999794960022,0.4077000021934509
YGL020C,YGR074W,0,-5.6858954,0.18227390944957733,0.9089999794960022,0.40779998898506165
YDR378C,YEL037C,0,-5.68603,0.18223737180233002,0.9089999794960022,0.40790000557899475
YHR075C,YDL038C,0,-5.686443,0.1822008490562439,0.9089999794960022,0.40799999237060547
YNL059C,YER008C,0,-5.686869,0.18216432631015778,0.9089999794960022,0.4081000089645386
YBR286W,YNL229C,0,-5.6870694,0.18212783336639404,0.9089999794960022,0.4081999957561493
YGL086W,YGR241C,0,-5.687212,0.1820913404226303,0.9089999794960022,0.4083000123500824
YBR068C,YBL080C,0,-5.687371,0.18205487728118896,0.9089999794960022,0.4083999991416931
YDR216W,YOR371C,0,-5.6877794,0.1820184290409088,0.9089999794960022,0.40849998593330383
YBR160W,YML051W,0,-5.6879177,0.18198198080062866,0.9089999794960022,0.40860000252723694
YMR038C,YBR133C,0,-5.6879787,0.1819455623626709,0.9089999794960022,0.40869998931884766
YCR009C,YDR523C,0,-5.688937,0.18190914392471313,0.9089999794960022,0.40880000591278076
YPL128C,YPL276W,0,-5.689299,0.18187275528907776,0.9089999794960022,0.4088999927043915
YML062C,YDL033C,0,-5.689357,0.18183636665344238,0.9089999794960022,0.4090000092983246
YKL025C,YGL210W,0,-5.6896753,0.1817999929189682,0.9089999794960022,0.4090999960899353
YOR113W,YPR124W,0,-5.6906524,0.1817636489868164,0.9089999794960022,0.4092000126838684
YNL278W,YGR074W,0,-5.691707,0.1817273050546646,0.9089999794960022,0.4092999994754791
YKL193C,YDR409W,1,-5.69185,0.18189086019992828,0.9100000262260437,0.4092999994754791
YPR165W,YMR247C,0,-5.691993,0.1818545162677765,0.9100000262260437,0.40939998626708984
YFL035C-A,YNL243W,0,-5.6928205,0.1818181872367859,0.9100000262260437,0.40950000286102295
YPL008W,YGR063C,1,-5.69286,0.18198162317276,0.9110000133514404,0.40950000286102295
YMR083W,YPL276W,0,-5.6942096,0.18194527924060822,0.9110000133514404,0.40959998965263367
YML086C,YNL270C,0,-5.6946645,0.18190895020961761,0.9110000133514404,0.4097000062465668
YML078W,YPR175W,0,-5.6948023,0.1818726360797882,0.9110000133514404,0.4097999930381775
YMR008C,YOR083W,0,-5.6950116,0.1818363219499588,0.9110000133514404,0.4099000096321106
YDR345C,YHR214C-B,0,-5.6952896,0.18180003762245178,0.9110000133514404,0.4099999964237213
YPR075C,YNL107W,0,-5.6954303,0.18176376819610596,0.9110000133514404,0.4101000130176544
YFL048C,YMR281W,0,-5.6957335,0.18172751367092133,0.9110000133514404,0.41019999980926514
YGL246C,YKL051W,0,-5.6958146,0.1816912591457367,0.9110000133514404,0.41029998660087585
YDR409W,YFL037W,1,-5.6960106,0.18185444176197052,0.9120000004768372,0.41029998660087585
YOR126C,YOR057W,0,-5.6961956,0.1818181872367859,0.9120000004768372,0.41040000319480896
YBR118W,YGR251W,0,-5.6969657,0.18178194761276245,0.9120000004768372,0.4104999899864197
YML058W-A,YDR464W,0,-5.69726,0.181745707988739,0.9120000004768372,0.4106000065803528
YIR037W,YOR195W,0,-5.69731,0.18170949816703796,0.9120000004768372,0.4106999933719635
YFL050C,YDL220C,0,-5.697336,0.1816733032464981,0.9120000004768372,0.4108000099658966
YDR244W,YKR060W,0,-5.697349,0.18163712322711945,0.9120000004768372,0.4108999967575073
YPR005C,YKL079W,0,-5.6976013,0.18160095810890198,0.9120000004768372,0.41100001335144043
YPR167C,YGL243W,0,-5.6977167,0.1815648078918457,0.9120000004768372,0.41110000014305115
YPR128C,YJR125C,0,-5.6980104,0.18152865767478943,0.9120000004768372,0.41119998693466187
YLR391W,YOR144C,0,-5.6984944,0.18149253726005554,0.9120000004768372,0.41130000352859497
YER110C,YHR124W,0,-5.698544,0.18145643174648285,0.9120000004768372,0.4113999903202057
YNL291C,YGR143W,0,-5.699122,0.18142032623291016,0.9120000004768372,0.4115000069141388
YLR399C,YPL138C,0,-5.6996083,0.18138425052165985,0.9120000004768372,0.4115999937057495
YKR046C,YOR140W,0,-5.6996117,0.18134817481040955,0.9120000004768372,0.4117000102996826
YBR297W,YLR032W,0,-5.699966,0.18131212890148163,0.9120000004768372,0.41179999709129333
YOR002W,YLR043C,0,-5.7000556,0.1812760829925537,0.9120000004768372,0.41190001368522644
YLR117C,YLL024C,0,-5.700368,0.18124006688594818,0.9120000004768372,0.41200000047683716
YOL123W,YKL070W,0,-5.7004223,0.18120405077934265,0.9120000004768372,0.4120999872684479
YOR085W,YBL080C,0,-5.701077,0.1811680644750595,0.9120000004768372,0.412200003862381
YOR002W,YML067C,0,-5.7016015,0.18113207817077637,0.9120000004768372,0.4122999906539917
YGL172W,YNL229C,0,-5.7018504,0.18109610676765442,0.9120000004768372,0.4124000072479248
YPL018W,YPR007C,1,-5.7021146,0.1812586784362793,0.9129999876022339,0.4124000072479248
YGL070C,YBL106C,0,-5.7021165,0.18122270703315735,0.9129999876022339,0.4124999940395355
YFL029C,YLR433C,0,-5.702331,0.1811867505311966,0.9129999876022339,0.41260001063346863
YOR123C,YKR097W,0,-5.702465,0.18115079402923584,0.9129999876022339,0.41269999742507935
YGL098W,YPR125W,0,-5.7026806,0.18111485242843628,0.9129999876022339,0.41280001401901245
YNL029C,YJL204C,0,-5.7029004,0.1810789406299591,0.9129999876022339,0.41290000081062317
YER068W,YGL246C,0,-5.70294,0.18104302883148193,0.9129999876022339,0.4129999876022339
YNL259C,YDR423C,0,-5.7030306,0.18100713193416595,0.9129999876022339,0.413100004196167
YKL160W,YBR296C,0,-5.703103,0.18097126483917236,0.9129999876022339,0.4131999909877777
YGR244C,YNL210W,0,-5.703384,0.18093539774417877,0.9129999876022339,0.4133000075817108
YDL014W,YJL114W,0,-5.703655,0.18089954555034637,0.9129999876022339,0.41339999437332153
YLR368W,YMR087W,0,-5.7037535,0.18086370825767517,0.9129999876022339,0.41350001096725464
YMR214W,YCL008C,0,-5.704246,0.18082788586616516,0.9129999876022339,0.41359999775886536
YJR057W,YDR245W,0,-5.7044363,0.18079207837581635,0.9129999876022339,0.41370001435279846
YOR130C,YBL035C,0,-5.7044687,0.18075628578662872,0.9129999876022339,0.4138000011444092
YNR015W,YGL098W,0,-5.7063723,0.1807205080986023,0.9129999876022339,0.4138999879360199
YJL196C,YLR342W,0,-5.7076106,0.18068474531173706,0.9129999876022339,0.414000004529953
YPR144C,YOR195W,0,-5.707638,0.18064899742603302,0.9129999876022339,0.4140999913215637
YPR081C,YHR154W,0,-5.708555,0.18061324954032898,0.9129999876022339,0.4142000079154968
YCR012W,YLL021W,0,-5.708642,0.18057753145694733,0.9129999876022339,0.41429999470710754
YLR309C,YCR062W,0,-5.708676,0.18054182827472687,0.9129999876022339,0.41440001130104065
YLR370C,YMR100W,0,-5.708909,0.1805061250925064,0.9129999876022339,0.41449999809265137
YNL145W,YIL037C,0,-5.7091303,0.18047045171260834,0.9129999876022339,0.4146000146865845
YGR288W,YOR254C,0,-5.710856,0.18043477833271027,0.9129999876022339,0.4147000014781952
YMR004W,YDR432W,0,-5.7115874,0.18039913475513458,0.9129999876022339,0.4147999882698059
YKL114C,YKR079C,0,-5.712004,0.1803634911775589,0.9129999876022339,0.414900004863739
YPL031C,YBR058C,0,-5.712536,0.1803278625011444,0.9129999876022339,0.41499999165534973
YCL066W,YOL097C,0,-5.712796,0.1802922636270523,0.9129999876022339,0.41510000824928284
YJR069C,YLR008C,0,-5.71282,0.1802566647529602,0.9129999876022339,0.41519999504089355
YDL106C,YDR255C,0,-5.713733,0.1802210807800293,0.9129999876022339,0.41530001163482666
YDR524C,YOR076C,0,-5.7138104,0.18018551170825958,0.9129999876022339,0.4153999984264374
YMR255W,YGL022W,0,-5.714143,0.18014995753765106,0.9129999876022339,0.4154999852180481
YJR055W,YKL214C,0,-5.714291,0.18011441826820374,0.9129999876022339,0.4156000018119812
YDR255C,YMR227C,0,-5.7143393,0.1800788938999176,0.9129999876022339,0.4156999886035919
YLR368W,YDR412W,0,-5.7145925,0.18004338443279266,0.9129999876022339,0.415800005197525
YLR129W,YKL041W,0,-5.7148542,0.18000788986682892,0.9129999876022339,0.41589999198913574
YML112W,YJL141C,0,-5.7149234,0.17997241020202637,0.9129999876022339,0.41600000858306885
YOR308C,YKL075C,0,-5.7150455,0.17993693053722382,0.9129999876022339,0.41609999537467957
YDL209C,YDR329C,0,-5.715595,0.17990148067474365,0.9129999876022339,0.41620001196861267
YNL156C,YOR353C,0,-5.715773,0.1798660308122635,0.9129999876022339,0.4162999987602234
YPL204W,YGR063C,1,-5.7168956,0.180027574300766,0.9139999747276306,0.4162999987602234
YPR094W,YBR240C,0,-5.7171974,0.17999212443828583,0.9139999747276306,0.4163999855518341
YLR102C,YFR046C,1,-5.7177076,0.18015357851982117,0.9150000214576721,0.4163999855518341
YMR043W,YOL109W,0,-5.717876,0.1801181137561798,0.9150000214576721,0.4165000021457672
YPR074C,YDR495C,0,-5.7179523,0.18008266389369965,0.9150000214576721,0.41659998893737793
YML008C,YHR006W,0,-5.7181067,0.18004722893238068,0.9150000214576721,0.41670000553131104
YLR268W,YMR243C,0,-5.7185783,0.1800118088722229,0.9150000214576721,0.41679999232292175
YGL065C,YFL002C,0,-5.719388,0.17997640371322632,0.9150000214576721,0.41690000891685486
YOR371C,YLR248W,0,-5.719426,0.17994099855422974,0.9150000214576721,0.4169999957084656
YBR161W,YOL005C,0,-5.71986,0.17990562319755554,0.9150000214576721,0.4171000123023987
YMR199W,YFL035C,0,-5.7199244,0.17987026274204254,0.9150000214576721,0.4171999990940094
YOL008W,YIL110W,0,-5.720705,0.17983490228652954,0.9150000214576721,0.4172999858856201
YOL044W,YNL049C,0,-5.7208257,0.17979957163333893,0.9150000214576721,0.4174000024795532
YFR028C,YKL126W,0,-5.7212276,0.17976424098014832,0.9150000214576721,0.41749998927116394
YBR100W,YMR149W,0,-5.721372,0.1797289401292801,0.9150000214576721,0.41760000586509705
YPR006C,YOR346W,0,-5.7214446,0.17969363927841187,0.9150000214576721,0.41769999265670776
YPL151C,YJR004C,0,-5.7219,0.17965835332870483,0.9150000214576721,0.41780000925064087
YDR465C,YMR234W,0,-5.7219567,0.179623082280159,0.9150000214576721,0.4178999960422516
YIL040W,YPR200C,0,-5.722097,0.17958782613277435,0.9150000214576721,0.4180000126361847
YDL209C,YGR239C,0,-5.722543,0.1795525848865509,0.9150000214576721,0.4180999994277954
YNR053C,YHL012W,0,-5.7227387,0.17951735854148865,0.9150000214576721,0.41819998621940613
YOL010W,YPL193W,0,-5.7229495,0.17948214709758759,0.9150000214576721,0.41830000281333923
YOR274W,YDR400W,0,-5.7231927,0.17944695055484772,0.9150000214576721,0.41839998960494995
YNR023W,YCR062W,0,-5.723603,0.17941176891326904,0.9150000214576721,0.41850000619888306
YJR135W-A,YGL212W,0,-5.723746,0.17937658727169037,0.9150000214576721,0.4185999929904938
YJL090C,YFL004W,0,-5.7238355,0.17934143543243408,0.9150000214576721,0.4187000095844269
YBR155W,YML011C,0,-5.7239842,0.1793062835931778,0.9150000214576721,0.4187999963760376
YBL098W,YIR022W,0,-5.724109,0.1792711615562439,0.9150000214576721,0.4189000129699707
YLR342W,YPR042C,0,-5.7247066,0.17923603951931,0.9150000214576721,0.4189999997615814
YDR022C,YNL055C,0,-5.7247725,0.1792009472846985,0.9150000214576721,0.41909998655319214
YBL015W,YPR006C,0,-5.72489,0.17916585505008698,0.9150000214576721,0.41920000314712524
YLL042C,YER177W,0,-5.724915,0.17913077771663666,0.9150000214576721,0.41929998993873596
YDL220C,YFL034C-B,0,-5.7251353,0.17909571528434753,0.9150000214576721,0.41940000653266907
YDR448W,YLR292C,0,-5.725468,0.1790606677532196,0.9150000214576721,0.4194999933242798
YDL113C,YBR042C,0,-5.725533,0.17902563512325287,0.9150000214576721,0.4196000099182129
YDR071C,YBR012W-B,0,-5.725637,0.17899061739444733,0.9150000214576721,0.4196999967098236
YLR133W,YCR028C-A,0,-5.7258825,0.17895559966564178,0.9150000214576721,0.4198000133037567
YPL016W,YCL033C,0,-5.72599,0.17892061173915863,0.9150000214576721,0.41990000009536743
YGR288W,YGR072W,0,-5.726462,0.17888562381267548,0.9150000214576721,0.41999998688697815
YOR074C,YDL013W,0,-5.7265763,0.1788506656885147,0.9150000214576721,0.42010000348091125
YGL094C,YJL141C,0,-5.7270956,0.17881570756435394,0.9150000214576721,0.420199990272522
YOR237W,YPL098C,0,-5.7274942,0.17878077924251556,0.9150000214576721,0.4203000068664551
YBL098W,YBR023C,0,-5.727863,0.17874585092067719,0.9150000214576721,0.4203999936580658
YCL039W,YCL017C,0,-5.7278914,0.1787109375,0.9150000214576721,0.4205000102519989
YDL102W,YHL024W,0,-5.728384,0.178676038980484,0.9150000214576721,0.4205999970436096
YNL041C,YLR347C,0,-5.728432,0.1786411553621292,0.9150000214576721,0.4207000136375427
YOL086C,YDR323C,0,-5.728583,0.1786062866449356,0.9150000214576721,0.42080000042915344
YEL029C,YIL110W,0,-5.7286763,0.1785714328289032,0.9150000214576721,0.42089998722076416
YNL333W,YPL283C,0,-5.7290955,0.1785365790128708,0.9150000214576721,0.42100000381469727
YLR163C,YBR167C,0,-5.729323,0.17850175499916077,0.9150000214576721,0.421099990606308
YMR299C,YFL035C,0,-5.7293754,0.17846694588661194,0.9150000214576721,0.4212000072002411
YDR168W,YLR107W,0,-5.7295165,0.1784321367740631,0.9150000214576721,0.4212999939918518
YHR001W,YHR001W-A,0,-5.7298326,0.17839734256267548,0.9150000214576721,0.4214000105857849
YFR048W,YHR143W-A,0,-5.7302914,0.17836257815361023,0.9150000214576721,0.42149999737739563
YOR328W,YCR058C,0,-5.730372,0.17832781374454498,0.9150000214576721,0.42160001397132874
YML001W,YGR296W,0,-5.730613,0.17829306423664093,0.9150000214576721,0.42170000076293945
YAL026C,YNL246W,0,-5.73177,0.17825832962989807,0.9150000214576721,0.42179998755455017
YLR007W,YDR190C,0,-5.73185,0.1782236099243164,0.9150000214576721,0.4219000041484833
YLR052W,YLR362W,0,-5.731886,0.17818890511989594,0.9150000214576721,0.421999990940094
YLR350W,YIL037C,0,-5.7318883,0.17815420031547546,0.9150000214576721,0.4221000075340271
YMR199W,YLR193C,0,-5.732522,0.17811952531337738,0.9150000214576721,0.4221999943256378
YKR072C,YDR429C,0,-5.7326655,0.1780848652124405,0.9150000214576721,0.4223000109195709
YGL084C,YPR083W,0,-5.733348,0.1780502051115036,0.9150000214576721,0.42239999771118164
YPR138C,YDR201W,0,-5.7339025,0.1780155599117279,0.9150000214576721,0.42250001430511475
YOR061W,YOR204W,0,-5.734104,0.1779809445142746,0.9150000214576721,0.42260000109672546
YGR163W,YIL031W,0,-5.7345,0.1779463291168213,0.9150000214576721,0.4226999878883362
YDL197C,YHR072W-A,0,-5.734802,0.17791172862052917,0.9150000214576721,0.4228000044822693
YKL110C,YKL041W,0,-5.735433,0.17787714302539825,0.9150000214576721,0.42289999127388
YDL137W,YPR181C,0,-5.735664,0.17784257233142853,0.9150000214576721,0.4230000078678131
YPL146C,YCR008W,0,-5.735892,0.1778080016374588,0.9150000214576721,0.42309999465942383
YPL015C,YML019W,0,-5.735967,0.17777346074581146,0.9150000214576721,0.42320001125335693
YGR268C,YDR404C,0,-5.736206,0.17773893475532532,0.9150000214576721,0.42329999804496765
YCR048W,YKR022C,0,-5.7364016,0.17770440876483917,0.9150000214576721,0.42340001463890076
YGL065C,YCL033C,0,-5.737331,0.17766989767551422,0.9150000214576721,0.4235000014305115
YLR286C,YGR007W,0,-5.737694,0.17763541638851166,0.9150000214576721,0.4235999882221222
YEL061C,YJL080C,1,-5.738532,0.17779503762722015,0.9160000085830688,0.4235999882221222
YKL196C,YER138C,0,-5.7386312,0.1777605265378952,0.9160000085830688,0.4237000048160553
YBR279W,YDR238C,0,-5.738686,0.17772604525089264,0.9160000085830688,0.423799991607666
YJL106W,YFR001W,0,-5.7387776,0.17769156396389008,0.9160000085830688,0.4239000082015991
YHR115C,YPR144C,0,-5.7388244,0.1776570975780487,0.9160000085830688,0.42399999499320984
YGL150C,YIR018W,0,-5.739267,0.17762264609336853,0.9160000085830688,0.42410001158714294
YLR002C,YNL097C,0,-5.7393246,0.17758820950984955,0.9160000085830688,0.42419999837875366
YML011C,YIL018W,0,-5.7398224,0.17755378782749176,0.9160000085830688,0.4242999851703644
YNR019W,YNL031C,0,-5.7403617,0.17751938104629517,0.9160000085830688,0.4244000017642975
YOR231W,YGR070W,0,-5.740383,0.17748498916625977,0.9160000085830688,0.4244999885559082
YPR189W,YBL061C,0,-5.741763,0.17745059728622437,0.9160000085830688,0.4246000051498413
YMR022W,YOL122C,0,-5.742047,0.17741623520851135,0.9160000085830688,0.424699991941452
YLR418C,YOR132W,0,-5.742117,0.17738187313079834,0.9160000085830688,0.42480000853538513
YHR068W,YDR285W,0,-5.742394,0.17734752595424652,0.9160000085830688,0.42489999532699585
YEL062W,YNL054W,0,-5.7424827,0.1773132085800171,0.9160000085830688,0.42500001192092896
YDR427W,YGL227W,0,-5.7425632,0.17727889120578766,0.9160000085830688,0.4250999987125397
YER108C,YLR200W,0,-5.7427135,0.17724458873271942,0.9160000085830688,0.4251999855041504
YDR294C,YOR338W,0,-5.7428093,0.17721028625965118,0.9160000085830688,0.4253000020980835
YNL192W,YGR086C,0,-5.743154,0.17717601358890533,0.9160000085830688,0.4253999888896942
YHL040C,YDR392W,0,-5.7433,0.17714175581932068,0.9160000085830688,0.4255000054836273
YCL067C,YPL016W,0,-5.74368,0.17710749804973602,0.9160000085830688,0.42559999227523804
YBR156C,YIL144W,1,-5.7441993,0.17726658284664154,0.9169999957084656,0.42559999227523804
YJL021C,YMR080C,0,-5.744349,0.1772323101758957,0.9169999957084656,0.42570000886917114
YIL124W,YKL017C,0,-5.7448287,0.17719806730747223,0.9169999957084656,0.42579999566078186
YNL221C,YLR298C,0,-5.7450666,0.17716383934020996,0.9169999957084656,0.42590001225471497
YCR089W,YGR211W,0,-5.7451797,0.1771296113729477,0.9169999957084656,0.4259999990463257
YLR133W,YGR170W,0,-5.746014,0.17709539830684662,0.9169999957084656,0.4260999858379364
YKL152C,YPR074C,0,-5.7464523,0.17706121504306793,0.9169999957084656,0.4262000024318695
YNR023W,YJL069C,0,-5.746897,0.17702703177928925,0.9169999957084656,0.4262999892234802
YHR193C,YML027W,0,-5.747066,0.17699286341667175,0.9169999957084656,0.42640000581741333
YMR287C,YHR030C,0,-5.747066,0.17695870995521545,0.9169999957084656,0.42649999260902405
YDR277C,YFL036W,0,-5.747228,0.17692455649375916,0.9169999957084656,0.42660000920295715
YCR026C,YDL059C,0,-5.747252,0.17689043283462524,0.9169999957084656,0.42669999599456787
YGL240W,YGR063C,1,-5.7473016,0.1770491749048233,0.9179999828338623,0.42669999599456787
YKL016C,YJR057W,0,-5.747524,0.1770150363445282,0.9179999828338623,0.426800012588501
YBR100W,YGL006W,0,-5.747811,0.1769809126853943,0.9179999828338623,0.4268999993801117
YDR263C,YJL124C,0,-5.747812,0.17694680392742157,0.9179999828338623,0.4269999861717224
YHR158C,YGR249W,0,-5.7493024,0.17691269516944885,0.9179999828338623,0.4271000027656555
YFL035C,YDL128W,0,-5.749648,0.17687861621379852,0.9179999828338623,0.42719998955726624
YOR239W,YOR265W,0,-5.7496877,0.1768445372581482,0.9179999828338623,0.42730000615119934
YDR164C,YOR081C,0,-5.749783,0.17681047320365906,0.9179999828338623,0.42739999294281006
YER028C,YML058W,0,-5.7498937,0.17677642405033112,0.9179999828338623,0.42750000953674316
YCR028C,YDR392W,0,-5.7504582,0.17674238979816437,0.9179999828338623,0.4275999963283539
YGR170W,YKL154W,0,-5.750496,0.1767083704471588,0.9179999828338623,0.427700012922287
YKL179C,YDL236W,0,-5.7505045,0.17667436599731445,0.9179999828338623,0.4277999997138977
YOR002W,YDL192W,0,-5.7507057,0.1766403764486313,0.9179999828338623,0.4278999865055084
YDR101C,YNL031C,0,-5.7507057,0.17660638689994812,0.9179999828338623,0.42800000309944153
YGR245C,YDR532C,0,-5.7508407,0.17657241225242615,0.9179999828338623,0.42809998989105225
YOR181W,YHR138C,0,-5.7511435,0.17653846740722656,0.9179999828338623,0.42820000648498535
YHL038C,YLR136C,0,-5.751296,0.17650452256202698,0.9179999828338623,0.42829999327659607
YHR005C,YDR302W,0,-5.75184,0.1764705926179886,0.9179999828338623,0.4284000098705292
YER164W,YPL130W,0,-5.7519126,0.1764366775751114,0.9179999828338623,0.4284999966621399
YGL150C,YGR101W,0,-5.75211,0.1764027625322342,0.9179999828338623,0.428600013256073
YBR073W,YJL080C,1,-5.7525477,0.17656099796295166,0.9190000295639038,0.428600013256073
YGR185C,YPR139C,0,-5.752607,0.17652708292007446,0.9190000295639038,0.4287000000476837
YGR230W,YCR055C,0,-5.7529526,0.17649318277835846,0.9190000295639038,0.42879998683929443
YJL099W,YPL011C,0,-5.7531056,0.17645929753780365,0.9190000295639038,0.42890000343322754
YKL022C,YML124C,1,-5.7532244,0.17661739885807037,0.9200000166893005,0.42890000343322754
YGL172W,YGR116W,0,-5.753369,0.17658349871635437,0.9200000166893005,0.42899999022483826
YJR137C,YCR106W,0,-5.753661,0.17654961347579956,0.9200000166893005,0.42910000681877136
YOR346W,YLR003C,0,-5.754071,0.17651572823524475,0.9200000166893005,0.4291999936103821
YBR205W,YDR205W,0,-5.7542276,0.17648187279701233,0.9200000166893005,0.4293000102043152
YPR033C,YPL268W,0,-5.7543564,0.1764480173587799,0.9200000166893005,0.4293999969959259
YOR137C,YLR193C,0,-5.755071,0.17641419172286987,0.9200000166893005,0.429500013589859
YGL068W,YKR037C,0,-5.7550926,0.17638036608695984,0.9200000166893005,0.4296000003814697
YJL140W,YOR110W,0,-5.7551117,0.176346555352211,0.9200000166893005,0.42969998717308044
YNL177C,YPL129W,0,-5.7552476,0.17631275951862335,0.9200000166893005,0.42980000376701355
YOR239W,YDR524C,0,-5.755354,0.1762789785861969,0.9200000166893005,0.42989999055862427
YKR036C,YLR301W,0,-5.75659,0.17624521255493164,0.9200000166893005,0.4300000071525574
YDL044C,YLR447C,0,-5.7570753,0.17621144652366638,0.9200000166893005,0.4300999939441681
YER068W,YOR265W,0,-5.758013,0.1761777102947235,0.9200000166893005,0.4302000105381012
YNL059C,YJL138C,0,-5.758024,0.17614397406578064,0.9200000166893005,0.4302999973297119
YKL152C,YNL221C,0,-5.7582855,0.17611026763916016,0.9200000166893005,0.430400013923645
YDR195W,YPL157W,0,-5.75949,0.17607656121253967,0.9200000166893005,0.43050000071525574
YKL038W,YML045W,0,-5.7600484,0.17604286968708038,0.9200000166893005,0.43059998750686646
YGR227W,YDR339C,0,-5.7601132,0.1760091781616211,0.9200000166893005,0.43070000410079956
YBR021W,YDR545W,0,-5.760144,0.1759755164384842,0.9200000166893005,0.4307999908924103
YDR238C,YDL109C,0,-5.7602906,0.17594186961650848,0.9200000166893005,0.4309000074863434
YBR041W,YOR057W,0,-5.7604117,0.17590822279453278,0.9200000166893005,0.4309999942779541
YEL050C,YOR353C,0,-5.76045,0.17587459087371826,0.9200000166893005,0.4311000108718872
YKL179C,YOL059W,0,-5.7606378,0.17584097385406494,0.9200000166893005,0.4311999976634979
YKL213C,YIR009W,0,-5.7607284,0.17580737173557281,0.9200000166893005,0.43130001425743103
YDL008W,YER133W,1,-5.7616844,0.1759648472070694,0.9210000038146973,0.43130001425743103
YPR005C,YJL087C,0,-5.7619057,0.17593123018741608,0.9210000038146973,0.43140000104904175
YKL058W,YCR084C,0,-5.7619195,0.17589762806892395,0.9210000038146973,0.43149998784065247
YAL040C,YMR238W,0,-5.7623553,0.17586404085159302,0.9210000038146973,0.43160000443458557
YEL029C,YDL095W,0,-5.762357,0.17583046853542328,0.9210000038146973,0.4316999912261963
YDR448W,YBL024W,0,-5.7625866,0.17579691112041473,0.9210000038146973,0.4318000078201294
YNR054C,YGL033W,0,-5.7631774,0.1757633537054062,0.9210000038146973,0.4318999946117401
YBL084C,YHR014W,1,-5.763331,0.17592062056064606,0.921999990940094,0.4318999946117401
YJR060W,YER018C,1,-5.763435,0.17607782781124115,0.9229999780654907,0.4318999946117401
YAR015W,YHL006C,0,-5.7634926,0.1760442554950714,0.9229999780654907,0.4320000112056732
YCL067C,YMR137C,0,-5.7636414,0.17601068317890167,0.9229999780654907,0.43209999799728394
YLR163C,YDR422C,0,-5.7636967,0.17597712576389313,0.9229999780654907,0.43220001459121704
YAL058W,YDR427W,0,-5.76375,0.17594358325004578,0.9229999780654907,0.43230000138282776
YCR026C,YJR153W,0,-5.764292,0.17591004073619843,0.9229999780654907,0.4323999881744385
YMR288W,YBR205W,0,-5.7648764,0.17587652802467346,0.9229999780654907,0.4325000047683716
YER106W,YJL018W,1,-5.7649574,0.17603352665901184,0.9240000247955322,0.4325000047683716
YKL022C,YPL200W,1,-5.7652154,0.17619048058986664,0.925000011920929,0.4325000047683716
YEL062W,YHR039C-B,0,-5.7652526,0.1761569231748581,0.925000011920929,0.4325999915599823
YML057W,YHR204W,0,-5.76531,0.17612338066101074,0.925000011920929,0.4327000081539154
YMR208W,YHR119W,0,-5.765902,0.17608985304832458,0.925000011920929,0.4327999949455261
YLR170C,YKL057C,0,-5.766229,0.17605634033679962,0.925000011920929,0.43290001153945923
YIL040W,YGR241C,0,-5.7665405,0.17602284252643585,0.925000011920929,0.43299999833106995
YDR146C,YDL015C,0,-5.766555,0.17598934471607208,0.925000011920929,0.43309998512268066
YLR191W,YIR008C,0,-5.766738,0.1759558618068695,0.925000011920929,0.43320000171661377
YBR020W,YHR048W,0,-5.767183,0.17592240869998932,0.925000011920929,0.4332999885082245
YDR252W,YLR025W,0,-5.767183,0.17588895559310913,0.925000011920929,0.4334000051021576
YIL150C,YMR134W,0,-5.7672467,0.17585551738739014,0.925000011920929,0.4334999918937683
YEL029C,YPR036W,0,-5.767299,0.17582209408283234,0.925000011920929,0.4336000084877014
YDR017C,YHR039C-B,0,-5.767675,0.17578867077827454,0.925000011920929,0.43369999527931213
YER083C,YOR231W,0,-5.7679477,0.17575527727603912,0.925000011920929,0.43380001187324524
YDL045C,YJL208C,0,-5.7683706,0.1757218837738037,0.925000011920929,0.43389999866485596
YPR122W,YML098W,0,-5.76843,0.1756885051727295,0.925000011920929,0.4339999854564667
YFL034C-B,YNL292W,0,-5.768737,0.17565514147281647,0.925000011920929,0.4341000020503998
YOR079C,YML059C,0,-5.76945,0.17562179267406464,0.925000011920929,0.4341999888420105
YJL170C,YLL004W,0,-5.7702036,0.175588458776474,0.925000011920929,0.4343000054359436
YAL055W,YJL012C-A,0,-5.7704134,0.17555513978004456,0.925000011920929,0.4343999922275543
YJR053W,YBR100W,0,-5.77061,0.1755218207836151,0.925000011920929,0.4345000088214874
YGR101W,YJL113W,0,-5.770863,0.17548851668834686,0.925000011920929,0.43459999561309814
YML110C,YDR059C,0,-5.7715707,0.175455242395401,0.925000011920929,0.43470001220703125
YHR196W,YLR277C,0,-5.7721925,0.17542196810245514,0.925000011920929,0.43479999899864197
YDR075W,YKL144C,0,-5.7722073,0.17538869380950928,0.925000011920929,0.4348999857902527
YAL031C,YOR073W,1,-5.77243,0.17554502189159393,0.9259999990463257,0.4348999857902527
YLR002C,YOR106W,0,-5.773258,0.17551174759864807,0.9259999990463257,0.4350000023841858
YDR205W,YJL012C-A,0,-5.77336,0.1754784882068634,0.9259999990463257,0.4350999891757965
YJL208C,YHR079C-B,0,-5.773779,0.17544524371623993,0.9259999990463257,0.4352000057697296
YFL010W-A,YPL214C,0,-5.773989,0.17541201412677765,0.9259999990463257,0.43529999256134033
YPL008W,YJL018W,1,-5.7741466,0.17556817829608917,0.9269999861717224,0.43529999256134033
YML004C,YHR186C,0,-5.774703,0.1755349338054657,0.9269999861717224,0.43540000915527344
YIL036W,YLR147C,0,-5.7752624,0.17550170421600342,0.9269999861717224,0.43549999594688416
YOR327C,YGR161W-A,0,-5.775601,0.17546848952770233,0.9269999861717224,0.43560001254081726
YBL045C,YBR012W-A,0,-5.7761135,0.17543527483940125,0.9269999861717224,0.435699999332428
YOL164W,YLR200W,0,-5.776346,0.17540207505226135,0.9269999861717224,0.4357999861240387
YPL152W,YDR011W,0,-5.776377,0.17536890506744385,0.9269999861717224,0.4359000027179718
YNL091W,YOR193W,0,-5.777194,0.17533573508262634,0.9269999861717224,0.4359999895095825
YER018C,YFL037W,1,-5.7773175,0.17549167573451996,0.9279999732971191,0.4359999895095825
YPR200C,YJL094C,0,-5.778164,0.17545850574970245,0.9279999732971191,0.4361000061035156
YDR183W,YDL084W,0,-5.7787824,0.17542533576488495,0.9279999732971191,0.43619999289512634
YGR014W,YDL130W,0,-5.779069,0.17539218068122864,0.9279999732971191,0.43630000948905945
YNL318C,YDR170C,0,-5.779324,0.17535902559757233,0.9279999732971191,0.43639999628067017
YHR158C,YHR026W,0,-5.7797804,0.1753259003162384,0.9279999732971191,0.43650001287460327
YIL033C,YDR079W,0,-5.7800617,0.17529278993606567,0.9279999732971191,0.436599999666214
YML104C,YDR129C,0,-5.780159,0.17525967955589294,0.9279999732971191,0.4366999864578247
YBR155W,YBR103W,0,-5.7803116,0.1752265840768814,0.9279999732971191,0.4368000030517578
YOR351C,YLR221C,0,-5.780625,0.17519350349903107,0.9279999732971191,0.43689998984336853
YLR246W,YBL100W-B,0,-5.7810264,0.17516043782234192,0.9279999732971191,0.43700000643730164
YKR095W,YOL093W,0,-5.781387,0.17512738704681396,0.9279999732971191,0.43709999322891235
YKL200C,YNL287W,0,-5.7819285,0.175094336271286,0.9279999732971191,0.43720000982284546
YNL280C,YAL002W,0,-5.782622,0.17506131529808044,0.9279999732971191,0.4372999966144562
YDL145C,YDL079C,0,-5.782776,0.17502829432487488,0.9279999732971191,0.4374000132083893
YIR033W,YGL207W,0,-5.782826,0.1749952882528305,0.9279999732971191,0.4375
YFL033C,YLR066W,0,-5.78313,0.17496229708194733,0.9279999732971191,0.4375999867916107
YOR032C,YNL073W,0,-5.7837095,0.17492930591106415,0.9279999732971191,0.4377000033855438
YOR245C,YHR060W,0,-5.783766,0.17489634454250336,0.9279999732971191,0.43779999017715454
YJL020C,YNL246W,0,-5.7837696,0.17486338317394257,0.9279999732971191,0.43790000677108765
YML032C,YEL051W,0,-5.78407,0.17483045160770416,0.9279999732971191,0.43799999356269836
YDL099W,YBR160W,0,-5.784797,0.17479752004146576,0.9279999732971191,0.43810001015663147
YGL019W,YGR133W,0,-5.7850747,0.17476458847522736,0.9279999732971191,0.4381999969482422
YBR274W,YPL028W,0,-5.7851057,0.17473168671131134,0.9279999732971191,0.4383000135421753
YBR160W,YLR066W,0,-5.785217,0.17469879984855652,0.9279999732971191,0.438400000333786
YNL106C,YHR039C-B,0,-5.785401,0.1746659129858017,0.9279999732971191,0.43849998712539673
YDL155W,YJR125C,0,-5.785675,0.17463304102420807,0.9279999732971191,0.43860000371932983
YBR298C,YPR181C,0,-5.785987,0.17460018396377563,0.9279999732971191,0.43869999051094055
YNL068C,YKL025C,0,-5.786295,0.1745673418045044,0.9279999732971191,0.43880000710487366
YNL282W,YKR079C,0,-5.786505,0.17453451454639435,0.9279999732971191,0.4388999938964844
YDR252W,YNR032C-A,0,-5.7869067,0.1745016872882843,0.9279999732971191,0.4390000104904175
YAL041W,YML057W,0,-5.7874618,0.17446888983249664,0.9279999732971191,0.4390999972820282
YLR074C,YPL269W,0,-5.788407,0.17443609237670898,0.9279999732971191,0.4392000138759613
YLR383W,YGR054W,0,-5.7885556,0.17440330982208252,0.9279999732971191,0.439300000667572
YDR255C,YOR143C,0,-5.789387,0.17437054216861725,0.9279999732971191,0.43939998745918274
YKL073W,YDR311W,0,-5.7893963,0.17433777451515198,0.9279999732971191,0.43950000405311584
YMR061W,YJR049C,0,-5.7896967,0.1743050366640091,0.9279999732971191,0.43959999084472656
YIL128W,YMR129W,0,-5.789816,0.1742722988128662,0.9279999732971191,0.43970000743865967
YJL208C,YGR276C,0,-5.789878,0.17423957586288452,0.9279999732971191,0.4397999942302704
YPR094W,YBR283C,0,-5.7900987,0.17420686781406403,0.9279999732971191,0.4399000108242035
YDR195W,YJR029W,0,-5.7901235,0.17417417466640472,0.9279999732971191,0.4399999976158142
YDR411C,YER040W,0,-5.790169,0.17414149641990662,0.9279999732971191,0.4401000142097473
YMR238W,YDL106C,0,-5.7903924,0.1741088181734085,0.9279999732971191,0.44020000100135803
YOR034C,YDR181C,0,-5.790587,0.1740761548280716,0.9279999732971191,0.44029998779296875
YOR216C,YKR079C,0,-5.79087,0.17404350638389587,0.9279999732971191,0.44040000438690186
YBR211C,YJL018W,1,-5.7912827,0.17419838905334473,0.9290000200271606,0.44040000438690186
YFL008W,YER018C,1,-5.791493,0.1743532121181488,0.9300000071525574,0.44040000438690186
YLR154C,YLL024C,0,-5.792635,0.1743205189704895,0.9300000071525574,0.4404999911785126
YBR057C,YNL313C,0,-5.793036,0.1742878556251526,0.9300000071525574,0.4406000077724457
YLR321C,YBR156C,1,-5.7931457,0.1744425743818283,0.9309999942779541,0.4406000077724457
YGL065C,YGR251W,0,-5.7931833,0.1744098961353302,0.9309999942779541,0.4406999945640564
YKR037C,YOR084W,0,-5.7932763,0.1743772178888321,0.9309999942779541,0.4408000111579895
YDR069C,YLR006C,0,-5.7933383,0.17434456944465637,0.9309999942779541,0.4408999979496002
YHR114W,YMR236W,0,-5.794203,0.17431192100048065,0.9309999942779541,0.4410000145435333
YAL035W,YDR030C,0,-5.7944055,0.17427930235862732,0.9309999942779541,0.44110000133514404
YKL002W,YER070W,0,-5.794437,0.174246683716774,0.9309999942779541,0.44119998812675476
YBL103C,YGR002C,0,-5.7944593,0.17421406507492065,0.9309999942779541,0.44130000472068787
YJR004C,YDR469W,0,-5.7945666,0.1741814762353897,0.9309999942779541,0.4413999915122986
YML069W,YER116C,0,-5.7950077,0.17414890229701996,0.9309999942779541,0.4415000081062317
YOR031W,YGL058W,0,-5.7950697,0.1741163283586502,0.9309999942779541,0.4415999948978424
YFR024C-A,YMR026C,0,-5.795256,0.17408376932144165,0.9309999942779541,0.4417000114917755
YGL035C,YKR022C,0,-5.7952695,0.1740512251853943,0.9309999942779541,0.44179999828338623
YMR001C,YCL074W,0,-5.796241,0.17401869595050812,0.9309999942779541,0.44190001487731934
YGL172W,YJL179W,0,-5.796311,0.17398616671562195,0.9309999942779541,0.44200000166893005
YJR093C,YPL214C,0,-5.7963686,0.17395366728305817,0.9309999942779541,0.44209998846054077
YLR107W,YLR003C,0,-5.796374,0.17392116785049438,0.9309999942779541,0.4422000050544739
YDR488C,YMR127C,0,-5.796576,0.1738886833190918,0.9309999942779541,0.4422999918460846
YFL048C,YNL049C,0,-5.797356,0.1738562136888504,0.9309999942779541,0.4424000084400177
YDR263C,YGL254W,0,-5.7976885,0.173823744058609,0.9309999942779541,0.4424999952316284
YPR046W,YJL018W,1,-5.797759,0.17397797107696533,0.9319999814033508,0.4424999952316284
YIL143C,YCR053W,0,-5.797799,0.17394550144672394,0.9319999814033508,0.4426000118255615
YPR104C,YDL051W,0,-5.797895,0.17391304671764374,0.9319999814033508,0.44269999861717224
YER014C-A,YBL045C,0,-5.798042,0.17388059198856354,0.9319999814033508,0.44279998540878296
YEL063C,YLL006W,0,-5.7981744,0.17384816706180573,0.9319999814033508,0.44290000200271606
YOR002W,YNL247W,0,-5.7981906,0.1738157421350479,0.9319999814033508,0.4429999887943268
YBR218C,YBR165W,0,-5.7983737,0.1737833321094513,0.9319999814033508,0.4431000053882599
YBR097W,YCL074W,0,-5.798537,0.17375093698501587,0.9319999814033508,0.4431999921798706
YFL058W,YJL154C,0,-5.7989187,0.17371854186058044,0.9319999814033508,0.4433000087738037
YJR065C,YNL099C,0,-5.799069,0.1736861765384674,0.9319999814033508,0.44339999556541443
YMR314W,YDR030C,0,-5.799106,0.17365381121635437,0.9319999814033508,0.44350001215934753
YKL200C,YLL040C,0,-5.79913,0.17362146079540253,0.9319999814033508,0.44359999895095825
YKL135C,YDL084W,0,-5.7991705,0.17358912527561188,0.9319999814033508,0.44369998574256897
YIR004W,YEL012W,0,-5.7992535,0.17355678975582123,0.9319999814033508,0.4438000023365021
YHR158C,YFL036W,0,-5.7994165,0.17352448403835297,0.9319999814033508,0.4438999891281128
YOR160W,YBR012W-B,0,-5.7998967,0.1734921783208847,0.9319999814033508,0.4440000057220459
YGR010W,YDR170C,0,-5.8002033,0.17345988750457764,0.9319999814033508,0.4440999925136566
YKL054C,YBR198C,0,-5.800793,0.17342761158943176,0.9319999814033508,0.4442000091075897
YCR037C,YGR279C,0,-5.802201,0.17339535057544708,0.9319999814033508,0.44429999589920044
YAL055W,YGR109W-B,0,-5.8027053,0.1733630895614624,0.9319999814033508,0.44440001249313354
YJL214W,YPR167C,0,-5.802917,0.1733308583498001,0.9319999814033508,0.44449999928474426
YGR092W,YDR449C,0,-5.8030467,0.17329862713813782,0.9319999814033508,0.444599986076355
YJR125C,YJL112W,0,-5.8036966,0.17326641082763672,0.9319999814033508,0.4447000026702881
YMR177W,YGR197C,0,-5.8038483,0.17323419451713562,0.9319999814033508,0.4447999894618988
YER165W,YEL037C,0,-5.8048034,0.1732020080089569,0.9319999814033508,0.4449000060558319
YGL173C,YPR094W,0,-5.8048334,0.1731698215007782,0.9319999814033508,0.4449999928474426
YDL105W,YCR058C,0,-5.804834,0.17313764989376068,0.9319999814033508,0.44510000944137573
YBR298C,YJL145W,0,-5.8057694,0.17310549318790436,0.9319999814033508,0.44519999623298645
YNL334C,YJL129C,0,-5.8059754,0.17307335138320923,0.9319999814033508,0.44530001282691956
YKL011C,YEL037C,0,-5.806131,0.1730412244796753,0.9319999814033508,0.4453999996185303
YOL026C,YIL077C,0,-5.8063893,0.17300909757614136,0.9319999814033508,0.445499986410141
YDL226C,YDR372C,0,-5.806619,0.17297698557376862,0.9319999814033508,0.4456000030040741
YDL130W,YGR161C-D,0,-5.8076878,0.17294488847255707,0.9319999814033508,0.4456999897956848
YNR032W,YKR089C,0,-5.80813,0.1729128062725067,0.9319999814033508,0.4458000063896179
YER166W,YLR148W,0,-5.808535,0.17288072407245636,0.9319999814033508,0.44589999318122864
YDL198C,YLR191W,0,-5.808736,0.1728486716747284,0.9319999814033508,0.44600000977516174
YGR086C,YPL210C,0,-5.808805,0.17281661927700043,0.9319999814033508,0.44609999656677246
YDR449C,YFL002W-B,0,-5.808949,0.17278458178043365,0.9319999814033508,0.44620001316070557
YJL190C,YGR161C-D,0,-5.8093686,0.17275254428386688,0.9319999814033508,0.4462999999523163
YDR440W,YBR179C,0,-5.8094664,0.1727205365896225,0.9319999814033508,0.446399986743927
YCR052W,YKL140W,0,-5.810838,0.1726885288953781,0.9319999814033508,0.4465000033378601
YDR228C,YNL054W,0,-5.8108835,0.17265653610229492,0.9319999814033508,0.4465999901294708
YDL004W,YMR044W,0,-5.811267,0.17262455821037292,0.9319999814033508,0.44670000672340393
YNL041C,YBR069C,0,-5.8113127,0.17259259521961212,0.9319999814033508,0.44679999351501465
YGR199W,YHR020W,0,-5.812161,0.17256063222885132,0.9319999814033508,0.44690001010894775
YOR298C-A,YGR170W,0,-5.8126035,0.1725286990404129,0.9319999814033508,0.44699999690055847
YCR061W,YGR027W-B,0,-5.8126707,0.1724967658519745,0.9319999814033508,0.4471000134944916
YJR150C,YNL110C,0,-5.812811,0.17246484756469727,0.9319999814033508,0.4472000002861023
YML011C,YPL283C,0,-5.8130665,0.17243292927742004,0.9319999814033508,0.447299987077713
YJL026W,YFL002W-A,0,-5.8133144,0.1724010407924652,0.9319999814033508,0.4474000036716461
YCR039C,YGR109W-B,0,-5.8133307,0.17236915230751038,0.9319999814033508,0.44749999046325684
YBR159W,YPL188W,0,-5.813534,0.17233727872371674,0.9319999814033508,0.44760000705718994
YPL028W,YDL207W,0,-5.8141904,0.1723054200410843,0.9319999814033508,0.44769999384880066
YBR086C,YDR337W,0,-5.8142495,0.17227356135845184,0.9319999814033508,0.44780001044273376
YOL151W,YPR054W,0,-5.8144927,0.17224173247814178,0.9319999814033508,0.4478999972343445
YCR082W,YOR188W,0,-5.8145714,0.17220990359783173,0.9319999814033508,0.4480000138282776
YML081C-A,YML012W,0,-5.81508,0.17217808961868286,0.9319999814033508,0.4481000006198883
YKL099C,YJL012C-A,0,-5.815104,0.1721462905406952,0.9319999814033508,0.448199987411499
YOL146W,YDL150W,0,-5.8152194,0.17211449146270752,0.9319999814033508,0.44830000400543213
YML060W,YML049C,0,-5.815261,0.17208272218704224,0.9319999814033508,0.44839999079704285
YOL009C,YNL241C,0,-5.815527,0.17205095291137695,0.9319999814033508,0.44850000739097595
YDR388W,YIL061C,0,-5.8172946,0.17201919853687286,0.9319999814033508,0.44859999418258667
YLR107W,YHR079C-B,0,-5.817506,0.17198744416236877,0.9319999814033508,0.4487000107765198
YNL161W,YAL015C,0,-5.81797,0.17195571959018707,0.9319999814033508,0.4487999975681305
YCL012W,YGL046W,0,-5.818408,0.17192399501800537,0.9319999814033508,0.4489000141620636
YOR056C,YDR450W,0,-5.818719,0.17189228534698486,0.9319999814033508,0.4490000009536743
YCR063W,YOL111C,0,-5.819612,0.17186059057712555,0.9319999814033508,0.44909998774528503
YOR026W,YKL073W,0,-5.819761,0.17182891070842743,0.9319999814033508,0.44920000433921814
YKR053C,YGL039W,0,-5.8201585,0.1717972308397293,0.9319999814033508,0.44929999113082886
YNL021W,YKL075C,0,-5.8220334,0.17176556587219238,0.9319999814033508,0.44940000772476196
YDL137W,YML036W,0,-5.8221154,0.17173391580581665,0.9319999814033508,0.4494999945163727
YBR193C,YOR269W,0,-5.8222494,0.1717022806406021,0.9319999814033508,0.4496000111103058
YMR200W,YCR033W,0,-5.8228226,0.17167066037654877,0.9319999814033508,0.4496999979019165
YPL178W,YGL144C,0,-5.8231854,0.17163904011249542,0.9319999814033508,0.4498000144958496
YKL138C-A,YKR046C,0,-5.823383,0.17160743474960327,0.9319999814033508,0.4499000012874603
YOR100C,YER190W,0,-5.823649,0.17157584428787231,0.9319999814033508,0.44999998807907104
YDL042C,YPL129W,0,-5.823768,0.17154426872730255,0.9319999814033508,0.45010000467300415
YML059C,YDL235C,0,-5.824142,0.1715126931667328,0.9319999814033508,0.45019999146461487
YPR185W,YBR100W,0,-5.8241687,0.1714811474084854,0.9319999814033508,0.450300008058548
YCL025C,YDL038C,0,-5.8242726,0.17144960165023804,0.9319999814033508,0.4503999948501587
YML071C,YDL188C,0,-5.8244267,0.17141805589199066,0.9319999814033508,0.4505000114440918
YPL125W,YKL150W,0,-5.8245854,0.17138653993606567,0.9319999814033508,0.4505999982357025
YER021W,YGR109W-B,0,-5.8249288,0.17135502398014069,0.9319999814033508,0.4507000148296356
YBR042C,YBL103C,0,-5.825267,0.1713235229253769,0.9319999814033508,0.45080000162124634
YJR102C,YOR088W,0,-5.826114,0.1712920367717743,0.9319999814033508,0.45089998841285706
YNL271C,YLR119W,0,-5.826326,0.17126056551933289,0.9319999814033508,0.45100000500679016
YIL061C,YFL002W-B,0,-5.8265176,0.17122909426689148,0.9319999814033508,0.4510999917984009
YLR028C,YNL048W,0,-5.828074,0.17119765281677246,0.9319999814033508,0.451200008392334
YLR043C,YKL119C,0,-5.828432,0.17116621136665344,0.9319999814033508,0.4512999951839447
YKL206C,YOR008C-A,0,-5.8288293,0.17113478481769562,0.9319999814033508,0.4514000117778778
YLR196W,YPR158C-D,0,-5.8290606,0.1711033582687378,0.9319999814033508,0.4514999985694885
YER155C,YNL145W,0,-5.8294525,0.17107194662094116,0.9319999814033508,0.45159998536109924
YJL081C,YMR012W,0,-5.82958,0.17104056477546692,0.9319999814033508,0.45170000195503235
YGR145W,YOR244W,0,-5.8296084,0.17100916802883148,0.9319999814033508,0.45179998874664307
YDL046W,YGR161C-C,0,-5.8297005,0.17097780108451843,0.9319999814033508,0.45190000534057617
YDL175C,YOR294W,0,-5.8298473,0.17094644904136658,0.9319999814033508,0.4519999921321869
YOL082W,YOL156W,0,-5.830101,0.17091509699821472,0.9319999814033508,0.45210000872612
YCR060W,YDR246W,0,-5.8302608,0.17088375985622406,0.9319999814033508,0.4521999955177307
YLR103C,YDR273W,0,-5.8302646,0.1708524227142334,0.9319999814033508,0.4523000121116638
YML069W,YOL117W,0,-5.8303437,0.17082111537456512,0.9319999814033508,0.45239999890327454
YKL170W,YER087C-B,0,-5.830554,0.17078980803489685,0.9319999814033508,0.45249998569488525
YGR267C,YNL213C,0,-5.830691,0.17075851559638977,0.9319999814033508,0.45260000228881836
YDL043C,YML027W,0,-5.8310337,0.17072723805904388,0.9319999814033508,0.4526999890804291
YGL236C,YFL002W-B,0,-5.8311834,0.1706959754228592,0.9319999814033508,0.4528000056743622
YOR087W,YLR227W-A,0,-5.831454,0.1706647127866745,0.9319999814033508,0.4528999924659729
YBR155W,YPR078C,0,-5.831804,0.170633465051651,0.9319999814033508,0.453000009059906
YNL291C,YNL206C,0,-5.832255,0.1706022322177887,0.9319999814033508,0.4530999958515167
YJL018W,YKL193C,1,-5.8325095,0.17075403034687042,0.9330000281333923,0.4530999958515167
YBR212W,YLL016W,0,-5.8329906,0.17072278261184692,0.9330000281333923,0.45320001244544983
YOR275C,YDR261W-B,0,-5.8338137,0.17069154977798462,0.9330000281333923,0.45329999923706055
YBR211C,YPL137C,1,-5.834024,0.170843243598938,0.9340000152587891,0.45329999923706055
YJL219W,YBL100W-B,0,-5.8348584,0.1708119958639145,0.9340000152587891,0.45339998602867126
YPL012W,YOR060C,0,-5.8349376,0.17078076303005219,0.9340000152587891,0.45350000262260437
YMR067C,YBR006W,0,-5.835093,0.17074954509735107,0.9340000152587891,0.4535999894142151
YGR142W,YPL275W,0,-5.8351097,0.17071832716464996,0.9340000152587891,0.4537000060081482
YHR058C,YPL283C,0,-5.8352184,0.17068713903427124,0.9340000152587891,0.4537999927997589
YMR301C,YDL118W,0,-5.8352304,0.17065595090389252,0.9340000152587891,0.453900009393692
YKL154W,YOR142W-B,0,-5.8352966,0.170624777674675,0.9340000152587891,0.45399999618530273
YOL031C,YDR098C-B,0,-5.8352966,0.17059360444545746,0.9340000152587891,0.45410001277923584
YBR105C,YGR161W-A,0,-5.835431,0.17056246101856232,0.9340000152587891,0.45419999957084656
YML081C-A,YMR145C,0,-5.8354964,0.17053131759166718,0.9340000152587891,0.4542999863624573
YEL036C,YGL063W,0,-5.8356767,0.17050018906593323,0.9340000152587891,0.4544000029563904
YNL001W,YMR183C,0,-5.835694,0.17046906054019928,0.9340000152587891,0.4544999897480011
YPL016W,YCR062W,0,-5.8358097,0.17043796181678772,0.9340000152587891,0.4546000063419342
YHR193C,YPR158C-D,0,-5.8359065,0.17040686309337616,0.9340000152587891,0.4546999931335449
YBL035C,YLR227W-B,0,-5.836089,0.1703757792711258,0.9340000152587891,0.454800009727478
YDL105W,YPL257W-B,0,-5.8361983,0.17034469544887543,0.9340000152587891,0.45489999651908875
YPR046W,YKL193C,1,-5.8363667,0.17049598693847656,0.9350000023841858,0.45489999651908875
YER094C,YGR161W-A,0,-5.836526,0.1704649031162262,0.9350000023841858,0.45500001311302185
YDR176W,YFL002W-A,0,-5.8367047,0.17043383419513702,0.9350000023841858,0.45509999990463257
YIL033C,YML027W,0,-5.836908,0.17040276527404785,0.9350000023841858,0.4551999866962433
YPL048W,YMR129W,0,-5.8369784,0.17037172615528107,0.9350000023841858,0.4553000032901764
YCL044C,YOR343W-B,0,-5.8371954,0.17034068703651428,0.9350000023841858,0.4553999900817871
YGL027C,YPL045W,0,-5.837358,0.1703096479177475,0.9350000023841858,0.4555000066757202
YAL016W,YOR270C,0,-5.837437,0.1702786386013031,0.9350000023841858,0.45559999346733093
YNL263C,YGR161C-D,0,-5.8376913,0.1702476292848587,0.9350000023841858,0.45570001006126404
YKL021C,YDR485C,0,-5.838194,0.1702166348695755,0.9350000023841858,0.45579999685287476
YMR013C,YNL247W,0,-5.838214,0.1701856553554535,0.9350000023841858,0.45590001344680786
YOR275C,YPR181C,0,-5.83837,0.17015469074249268,0.9350000023841858,0.4560000002384186
YFR041C,YDL159W,0,-5.8383713,0.17012372612953186,0.9350000023841858,0.4560999870300293
YMR013C,YOR343W-B,0,-5.8388906,0.17009277641773224,0.9350000023841858,0.4562000036239624
YMR001C,YJL128C,0,-5.8391957,0.1700618416070938,0.9350000023841858,0.4562999904155731
YOR206W,YDR316W-B,0,-5.839511,0.17003092169761658,0.9350000023841858,0.4564000070095062
YPL202C,YPR051W,0,-5.8395386,0.17000000178813934,0.9350000023841858,0.45649999380111694
YOR294W,YHL012W,0,-5.840241,0.1699690967798233,0.9350000023841858,0.45660001039505005
YIL149C,YLL016W,0,-5.8403196,0.16993820667266846,0.9350000023841858,0.45669999718666077
YOR032C,YER007W,0,-5.840479,0.1699073165655136,0.9350000023841858,0.45680001378059387
YER155C,YBR279W,0,-5.8406615,0.16987645626068115,0.9350000023841858,0.4569000005722046
YJL138C,YPL257W-B,0,-5.84104,0.1698455959558487,0.9350000023841858,0.4569999873638153
YMR208W,YBR179C,0,-5.841154,0.16981475055217743,0.9350000023841858,0.4571000039577484
YPL210C,YOR179C,0,-5.841312,0.16978390514850616,0.9350000023841858,0.45719999074935913
YGL180W,YOR381W,0,-5.84137,0.1697530895471573,0.9350000023841858,0.45730000734329224
YBR118W,YOR142W-A,0,-5.841412,0.1697222739458084,0.9350000023841858,0.45739999413490295
YIL035C,YCR080W,0,-5.841469,0.16969147324562073,0.9350000023841858,0.45750001072883606
YGR216C,YGL135W,0,-5.8415494,0.16966067254543304,0.9350000023841858,0.4575999975204468
YKL165C,YLR157C-B,0,-5.8417435,0.16962990164756775,0.9350000023841858,0.4577000141143799
YGL174W,YHR065C,0,-5.841821,0.16959913074970245,0.9350000023841858,0.4578000009059906
YLL001W,YNL068C,0,-5.841857,0.16956837475299835,0.9350000023841858,0.4578999876976013
YCR063W,YGR116W,0,-5.842163,0.16953761875629425,0.9350000023841858,0.4580000042915344
YMR137C,YOR088W,0,-5.8423667,0.16950689256191254,0.9350000023841858,0.45809999108314514
YOL151W,YGR109W-B,0,-5.8427773,0.16947616636753082,0.9350000023841858,0.45820000767707825
YDL150W,YBR111W-A,0,-5.8430037,0.1694454550743103,0.9350000023841858,0.45829999446868896
YDR252W,YGR161C-D,0,-5.843108,0.16941474378108978,0.9350000023841858,0.45840001106262207
YAL026C,YGR161W-A,0,-5.84319,0.16938406229019165,0.9350000023841858,0.4584999978542328
YDR331W,YLR227W-B,0,-5.8433976,0.16935338079929352,0.9350000023841858,0.4586000144481659
YJR060W,YBL084C,1,-5.8435197,0.1695038080215454,0.9359999895095825,0.4586000144481659
YLR309C,YJL186W,0,-5.8435245,0.16947311162948608,0.9359999895095825,0.4587000012397766
YFL050C,YGR109W-B,0,-5.843604,0.16944243013858795,0.9359999895095825,0.45879998803138733
YPL126W,YDR365W-B,0,-5.8443065,0.169411763548851,0.9359999895095825,0.45890000462532043
YCL054W,YDL038C,0,-5.844418,0.16938111186027527,0.9359999895095825,0.45899999141693115
YOR026W,YLR426W,0,-5.844482,0.16935046017169952,0.9359999895095825,0.45910000801086426
YPL204W,YDR409W,1,-5.844551,0.16950072348117828,0.9369999766349792,0.45910000801086426
YNL048W,YPL159C,0,-5.8450065,0.16947007179260254,0.9369999766349792,0.459199994802475
YDL192W,YNR072W,0,-5.8453627,0.1694394201040268,0.9369999766349792,0.4593000113964081
YDL207W,YML014W,0,-5.846499,0.16940878331661224,0.9369999766349792,0.4593999981880188
YBR041W,YGR086C,0,-5.846739,0.1693781614303589,0.9369999766349792,0.4595000147819519
YGR216C,YER190W,0,-5.847068,0.16934755444526672,0.9369999766349792,0.4596000015735626
YHR073W,YML069W,0,-5.8473325,0.16931694746017456,0.9369999766349792,0.45969998836517334
YDR261C-D,YGR038C-A,0,-5.8477917,0.1692863553762436,0.9369999766349792,0.45980000495910645
YDR183W,YPL257W-B,0,-5.8480287,0.16925577819347382,0.9369999766349792,0.45989999175071716
YKR095W,YDR098C-B,0,-5.8480287,0.16922521591186523,0.9369999766349792,0.46000000834465027
YHR001W,YKL058W,0,-5.848062,0.16919465363025665,0.9369999766349792,0.460099995136261
YPR042C,YJL029C,0,-5.848516,0.16916410624980927,0.9369999766349792,0.4602000117301941
YHR074W,YMR134W,0,-5.848885,0.16913357377052307,0.9369999766349792,0.4602999985218048
YDR252W,YEL053C,0,-5.8490076,0.16910305619239807,0.9369999766349792,0.4603999853134155
YLR155C,YER137C-A,0,-5.8491354,0.16907253861427307,0.9369999766349792,0.46050000190734863
YER083C,YIL037C,0,-5.8492565,0.16904203593730927,0.9369999766349792,0.46059998869895935
YLL011W,YOL028C,0,-5.8496976,0.16901154816150665,0.9369999766349792,0.46070000529289246
YOR089C,YHR161C,0,-5.849766,0.16898106038570404,0.9369999766349792,0.4607999920845032
YOR326W,YNR048W,0,-5.849911,0.16895060241222382,0.9369999766349792,0.4609000086784363
YOR119C,YDR484W,0,-5.850139,0.1689201444387436,0.9369999766349792,0.460999995470047
YBR117C,YJR029W,0,-5.8503456,0.16888968646526337,0.9369999766349792,0.4611000120639801
YMR036C,YMR322C,0,-5.8503556,0.16885925829410553,0.9369999766349792,0.4611999988555908
YIL036W,YFL035C,0,-5.8505425,0.1688288301229477,0.9369999766349792,0.46129998564720154
YPL145C,YLR006C,0,-5.850757,0.16879841685295105,0.9369999766349792,0.46140000224113464
YBR110W,YPR074C,0,-5.8507724,0.1687680184841156,0.9369999766349792,0.46149998903274536
YBR100W,YLR025W,0,-5.851093,0.16873762011528015,0.9369999766349792,0.46160000562667847
YGR010W,YOL147C,0,-5.8511715,0.1687072366476059,0.9369999766349792,0.4616999924182892
YKL120W,YGR272C,0,-5.851467,0.16867686808109283,0.9369999766349792,0.4618000090122223
YGL068W,YIL121W,0,-5.8518453,0.16864651441574097,0.9369999766349792,0.461899995803833
YHR081W,YLR424W,0,-5.852043,0.1686161607503891,0.9369999766349792,0.4620000123977661
YNL279W,YLR157C-B,0,-5.852493,0.16858582198619843,0.9369999766349792,0.46209999918937683
YMR183C,YGL225W,0,-5.8525667,0.16855549812316895,0.9369999766349792,0.46219998598098755
YGL035C,YCR073C,0,-5.852681,0.16852517426013947,0.9369999766349792,0.46230000257492065
YER022W,YJL138C,0,-5.8526855,0.16849488019943237,0.9369999766349792,0.46239998936653137
YOR136W,YGR161C-D,0,-5.8529663,0.16846458613872528,0.9369999766349792,0.4625000059604645
YOR081C,YMR260C,0,-5.853066,0.1684342920780182,0.9369999766349792,0.4625999927520752
YFR033C,YGR161W-B,0,-5.8533616,0.16840402781963348,0.9369999766349792,0.4627000093460083
YOR253W,YDL109C,0,-5.853784,0.16837376356124878,0.9369999766349792,0.462799996137619
YNL031C,YHR158C,0,-5.854038,0.16834351420402527,0.9369999766349792,0.4629000127315521
YPL160W,YDR210C-D,0,-5.8542304,0.16831327974796295,0.9369999766349792,0.46299999952316284
YKL193C,YFR031C,1,-5.8543334,0.16846264898777008,0.9380000233650208,0.46299999952316284
YDR299W,YPL257W-B,0,-5.8545074,0.16843239963054657,0.9380000233650208,0.46309998631477356
YPR081C,YOR142W-A,0,-5.854823,0.16840215027332306,0.9380000233650208,0.46320000290870667
YDR039C,YNL029C,0,-5.8549886,0.16837193071842194,0.9380000233650208,0.4632999897003174
YML062C,YNL213C,0,-5.8551617,0.1683417111635208,0.9380000233650208,0.4634000062942505
YHR142W,YBL100W-B,0,-5.8551803,0.16831150650978088,0.9380000233650208,0.4634999930858612
YAL031C,YJL018W,1,-5.855333,0.16846071183681488,0.9390000104904175,0.4634999930858612
YML095C,YPL257W-B,0,-5.8554945,0.16843049228191376,0.9390000104904175,0.4636000096797943
YGR002C,YDR200C,0,-5.855568,0.16840028762817383,0.9390000104904175,0.46369999647140503
YML074C,YJL184W,0,-5.8557625,0.1683700978755951,0.9390000104904175,0.46380001306533813
YLR133W,YLR059C,0,-5.855849,0.16833990812301636,0.9390000104904175,0.46389999985694885
YDR236C,YPL010W,0,-5.856013,0.16830973327159882,0.9390000104904175,0.46399998664855957
YNL222W,YIL017W,0,-5.8560596,0.16827957332134247,0.9390000104904175,0.4641000032424927
YJL094C,YJR033C,0,-5.856439,0.16824941337108612,0.9390000104904175,0.4641999900341034
YPL117C,YGR161W-B,0,-5.8565617,0.16821928322315216,0.9390000104904175,0.4643000066280365
YOL068C,YGR038C-A,0,-5.856759,0.168189138174057,0.9390000104904175,0.4643999934196472
YNL142W,YCL008C,0,-5.856895,0.16815902292728424,0.9390000104904175,0.4645000100135803
YPR023C,YNL160W,0,-5.8574543,0.16812892258167267,0.9390000104904175,0.46459999680519104
YGL255W,YDR210W-A,0,-5.8579445,0.1680988222360611,0.9390000104904175,0.46470001339912415
YER151C,YJR141W,0,-5.8587294,0.16806873679161072,0.9390000104904175,0.46480000019073486
YIL062C,YPL060C-A,0,-5.858734,0.16803865134716034,0.9390000104904175,0.4648999869823456
YML067C,YPR005C,0,-5.8587546,0.16800859570503235,0.9390000104904175,0.4650000035762787
YCR040W,YNL243W,0,-5.859291,0.16797854006290436,0.9390000104904175,0.4650999903678894
YPR190C,YPR137C-B,0,-5.8593264,0.16794848442077637,0.9390000104904175,0.4652000069618225
YLR316C,YDR316W-B,0,-5.859682,0.16791845858097076,0.9390000104904175,0.4652999937534332
YNR058W,YMR313C,0,-5.860846,0.16788843274116516,0.9390000104904175,0.46540001034736633
YCL044C,YDR098C-B,0,-5.8609066,0.16785842180252075,0.9390000104904175,0.46549999713897705
YGL001C,YDR247W,0,-5.861319,0.16782841086387634,0.9390000104904175,0.46560001373291016
YFR005C,YLR227W-B,0,-5.8613806,0.16779842972755432,0.9390000104904175,0.4657000005245209
YJL214W,YOR142W-A,0,-5.86142,0.1677684485912323,0.9390000104904175,0.4657999873161316
YDR276C,YBR037C,0,-5.8615975,0.16773848235607147,0.9390000104904175,0.4659000039100647
YNR053C,YDR210C-D,0,-5.8616176,0.16770851612091064,0.9390000104904175,0.4659999907016754
YDL031W,YBR289W,0,-5.861665,0.167678564786911,0.9390000104904175,0.4661000072956085
YMR247C,YJL012C-A,0,-5.8619485,0.16764862835407257,0.9390000104904175,0.46619999408721924
YNL278W,YKL011C,0,-5.862061,0.16761870682239532,0.9390000104904175,0.46630001068115234
YGR227W,YLR337W,0,-5.862468,0.16758878529071808,0.9390000104904175,0.46639999747276306
YLR197W,YGR072W,0,-5.863007,0.16755889356136322,0.9390000104904175,0.46650001406669617
YKL146W,YOR087W,0,-5.8630104,0.16752898693084717,0.9390000104904175,0.4666000008583069
YLR023C,YPL041C,0,-5.8630686,0.1674991101026535,0.9390000104904175,0.4666999876499176
YOR113W,YLR227W-A,0,-5.863158,0.16746923327445984,0.9390000104904175,0.4668000042438507
YKR076W,YOR192C-A,0,-5.8635535,0.16743937134742737,0.9390000104904175,0.4668999910354614
YHR166C,YJL018W,1,-5.863744,0.16758780181407928,0.9399999976158142,0.4668999910354614
YJR057W,YMR182C,0,-5.863764,0.16755792498588562,0.9399999976158142,0.46700000762939453
YOL021C,YDR488C,0,-5.8643575,0.16752806305885315,0.9399999976158142,0.46709999442100525
YDR372C,YDR210C-D,0,-5.8643823,0.16749821603298187,0.9399999976158142,0.46720001101493835
YPL190C,YGR027W-B,0,-5.864501,0.1674683839082718,0.9399999976158142,0.4672999978065491
YMR199W,YNL153C,0,-5.86464,0.1674385517835617,0.9399999976158142,0.4674000144004822
YPR067W,YMR081C,0,-5.864694,0.16740871965885162,0.9399999976158142,0.4675000011920929
YMR199W,YNL054W-A,0,-5.8647976,0.16737891733646393,0.9399999976158142,0.4675999879837036
YBL103C,YLR256W-A,0,-5.865271,0.16734911501407623,0.9399999976158142,0.4677000045776367
YDR062W,YKL021C,0,-5.865412,0.16731932759284973,0.9399999976158142,0.46779999136924744
YJL058C,YNL167C,0,-5.865446,0.16728955507278442,0.9399999976158142,0.46790000796318054
YOR373W,YER160C,0,-5.865577,0.16725978255271912,0.9399999976158142,0.46799999475479126
YER019W,YDL115C,0,-5.8655915,0.167230024933815,0.9399999976158142,0.46810001134872437
YOL151W,YGR009C,0,-5.8656654,0.16720028221607208,0.9399999976158142,0.4681999981403351
YIL114C,YNL216W,0,-5.865817,0.16717055439949036,0.9399999976158142,0.4683000147342682
YPR131C,YHR214C-C,0,-5.8663898,0.16714082658290863,0.9399999976158142,0.4684000015258789
YPL135W,YDL038C,0,-5.866419,0.1671111136674881,0.9399999976158142,0.4684999883174896
YDR216W,YKL175W,0,-5.86647,0.16708140075206757,0.9399999976158142,0.46860000491142273
YOR316C,YMR022W,0,-5.86658,0.16705171763896942,0.9399999976158142,0.46869999170303345
YML031W,YDR312W,0,-5.8667336,0.16702203452587128,0.9399999976158142,0.46880000829696655
YIL033C,YHR039C-B,0,-5.867036,0.16699236631393433,0.9399999976158142,0.46889999508857727
YJL108C,YLR026C,0,-5.8674474,0.16696269810199738,0.9399999976158142,0.4690000116825104
YDR013W,YDR394W,0,-5.867515,0.16693304479122162,0.9399999976158142,0.4690999984741211
YCR091W,YLR026C,0,-5.867523,0.16690340638160706,0.9399999976158142,0.4691999852657318
YLR433C,YMR046C,0,-5.8675814,0.1668737828731537,0.9399999976158142,0.4693000018596649
YKL021C,YOR142W-A,0,-5.867597,0.16684415936470032,0.9399999976158142,0.46939998865127563
YCR052W,YKR056W,0,-5.86761,0.16681455075740814,0.9399999976158142,0.46950000524520874
YGR262C,YLR119W,0,-5.8676586,0.16678495705127716,0.9399999976158142,0.46959999203681946
YHR060W,YER137C-A,0,-5.8678503,0.16675536334514618,0.9399999976158142,0.46970000863075256
YDR513W,YJL114W,0,-5.8680253,0.1667257845401764,0.9399999976158142,0.4697999954223633
YKL060C,YHL002W,0,-5.868038,0.1666962206363678,0.9399999976158142,0.4699000120162964
YKL125W,YBR077C,0,-5.8680615,0.1666666716337204,0.9399999976158142,0.4699999988079071
YOL051W,YLR107W,0,-5.868069,0.166637122631073,0.9399999976158142,0.4700999855995178
YOR250C,YPL120W,0,-5.8682466,0.1666075885295868,0.9399999976158142,0.4702000021934509
YLR170C,YCR080W,0,-5.868274,0.16657805442810059,0.9399999976158142,0.47029998898506165
YGL178W,YLL011W,0,-5.8683496,0.16654855012893677,0.9399999976158142,0.47040000557899475
YGR123C,YPR158C-D,0,-5.868357,0.16651904582977295,0.9399999976158142,0.47049999237060547
YBR260C,YLR075W,0,-5.8686795,0.16648955643177032,0.9399999976158142,0.4706000089645386
YJR068W,YOL006C,1,-5.869062,0.16663715243339539,0.9409999847412109,0.4706000089645386
YLR384C,YPL045W,0,-5.8696103,0.16660764813423157,0.9409999847412109,0.4706999957561493
YGL257C,YPL243W,0,-5.869782,0.16657815873622894,0.9409999847412109,0.4708000123500824
YNL066W,YOR338W,0,-5.8698115,0.16654866933822632,0.9409999847412109,0.4708999991416931
YIR041W,YLR410W-A,0,-5.8698573,0.1665191948413849,0.9409999847412109,0.47099998593330383
YLL042C,YDR255C,0,-5.8708653,0.16648973524570465,0.9409999847412109,0.47110000252723694
YOL045W,YPL234C,0,-5.871121,0.1664602905511856,0.9409999847412109,0.47119998931884766
YOL067C,YGR109W-A,0,-5.8711553,0.16643084585666656,0.9409999847412109,0.47130000591278076
YLR022C,YDR034C-C,0,-5.8713818,0.16640141606330872,0.9409999847412109,0.4713999927043915
YMR192W,YDR261W-B,0,-5.871545,0.16637200117111206,0.9409999847412109,0.4715000092983246
YKL082C,YPR137C-B,0,-5.8715606,0.1663425862789154,0.9409999847412109,0.4715999960899353
YPL028W,YGR047C,0,-5.8719296,0.16631318628787994,0.9409999847412109,0.4717000126838684
YDR201W,YJL141C,0,-5.872165,0.16628380119800568,0.9409999847412109,0.4717999994754791
YGR078C,YOR179C,0,-5.8723054,0.1662544161081314,0.9409999847412109,0.47189998626708984
YNL282W,YAR042W,0,-5.872353,0.16622504591941833,0.9409999847412109,0.47200000286102295
YOR341W,YBL100W-B,0,-5.872442,0.16619569063186646,0.9409999847412109,0.47209998965263367
YIL036W,YDL038C,0,-5.872567,0.16616635024547577,0.9409999847412109,0.4722000062465668
YMR219W,YNR053C,0,-5.8727565,0.16613700985908508,0.9409999847412109,0.4722999930381775
YHR142W,YNL068C,0,-5.872785,0.1661076843738556,0.9409999847412109,0.4724000096321106
YLR238W,YPR002W,0,-5.8736167,0.1660783588886261,0.9409999847412109,0.4724999964237213
YNL177C,YBL005W-B,0,-5.8738394,0.166049063205719,0.9409999847412109,0.4726000130176544
YOR240W,YFL010W-A,0,-5.8739433,0.1660197526216507,0.9409999847412109,0.47269999980926514
YPL069C,YJL167W,0,-5.874086,0.16599047183990479,0.9409999847412109,0.47279998660087585
YGR220C,YMR234W,0,-5.8742948,0.16596120595932007,0.9409999847412109,0.47290000319480896
YDR395W,YGR161C-D,0,-5.8750224,0.16593194007873535,0.9409999847412109,0.4729999899864197
YOR260W,YFL034C-B,0,-5.8751884,0.16590267419815063,0.9409999847412109,0.4731000065803528
YNL090W,YBR223C,0,-5.8752384,0.1658734381198883,0.9409999847412109,0.4731999933719635
YAL038W,YOR140W,0,-5.8757453,0.16584420204162598,0.9409999847412109,0.4733000099658966
YDR423C,YPL060C-A,0,-5.876061,0.16581498086452484,0.9409999847412109,0.4733999967575073
YOR034C,YKL058W,0,-5.876361,0.1657857596874237,0.9409999847412109,0.47350001335144043
YCL024W,YMR087W,0,-5.8765216,0.16575656831264496,0.9409999847412109,0.47360000014305115
YDR062W,YDR365W-B,0,-5.876791,0.16572736203670502,0.9409999847412109,0.47369998693466187
YOR099W,YOR142W-A,0,-5.876907,0.16569818556308746,0.9409999847412109,0.47380000352859497
YHR164C,YDR034C-C,0,-5.876945,0.1656690090894699,0.9409999847412109,0.4738999903202057
YKL201C,YGR170W,0,-5.8770957,0.16563984751701355,0.9409999847412109,0.4740000069141388
YOR099W,YGR038C-B,0,-5.877445,0.16561070084571838,0.9409999847412109,0.4740999937057495
YBR211C,YML085C,1,-5.8779726,0.16575752198696136,0.9419999718666077,0.4740999937057495
YDR499W,YBR100W,0,-5.8784285,0.165728360414505,0.9419999718666077,0.4742000102996826
YGL086W,YML032C,0,-5.878567,0.16569921374320984,0.9419999718666077,0.47429999709129333
YJL203W,YJR046W,0,-5.878585,0.16567006707191467,0.9419999718666077,0.47440001368522644
YOR243C,YMR051C,0,-5.8788214,0.1656409353017807,0.9419999718666077,0.47450000047683716
YDR515W,YGL093W,0,-5.8797684,0.16561181843280792,0.9419999718666077,0.4745999872684479
YBR202W,YMR232W,0,-5.880206,0.16558270156383514,0.9419999718666077,0.474700003862381
YML051W,YHR188C,0,-5.880556,0.16555359959602356,0.9419999718666077,0.4747999906539917
YDL194W,YOR353C,0,-5.880843,0.16552451252937317,0.9419999718666077,0.4749000072479248
YDR411C,YDR210W-A,0,-5.8810606,0.16549542546272278,0.9419999718666077,0.4749999940395355
YIL033C,YBR188C,0,-5.881374,0.16546636819839478,0.9419999718666077,0.47510001063346863
YKL073W,YNL313C,0,-5.8818083,0.16543729603290558,0.9419999718666077,0.47519999742507935
YGR120C,YLR157C-B,0,-5.8818684,0.16540825366973877,0.9419999718666077,0.47530001401901245
YFL010W-A,YNL090W,0,-5.881906,0.16537921130657196,0.9419999718666077,0.47540000081062317
YML127W,YKL212W,0,-5.881935,0.16535018384456635,0.9419999718666077,0.4754999876022339
YKL113C,YOL010W,0,-5.882167,0.16532117128372192,0.9419999718666077,0.475600004196167
YPR112C,YCL074W,0,-5.8822703,0.1652921587228775,0.9419999718666077,0.4756999909877777
YMR052W,YDR083W,0,-5.8823442,0.16526316106319427,0.9419999718666077,0.4758000075817108
YBL015W,YLR256W-A,0,-5.882869,0.16523416340351105,0.9419999718666077,0.47589999437332153
YLR110C,YBR216C,0,-5.883046,0.1652051955461502,0.9419999718666077,0.47600001096725464
YLR189C,YBR186W,0,-5.883363,0.16517622768878937,0.9419999718666077,0.47609999775886536
YOR030W,YOR328W,0,-5.8835526,0.16514725983142853,0.9419999718666077,0.47620001435279846
YPR093C,YDR312W,0,-5.8837366,0.16511832177639008,0.9419999718666077,0.4763000011444092
YOL097C,YOR192C-B,0,-5.8837533,0.16508938372135162,0.9419999718666077,0.4763999879360199
YBR035C,YKL188C,0,-5.883783,0.16506044566631317,0.9419999718666077,0.476500004529953
YBL079W,YMR190C,1,-5.883895,0.16520673036575317,0.9430000185966492,0.476500004529953
YIL120W,YGR109W-B,0,-5.884137,0.16517779231071472,0.9430000185966492,0.4765999913215637
YCL012W,YPR110C,0,-5.8842373,0.16514885425567627,0.9430000185966492,0.4767000079154968
YOL086C,YOR142W-A,0,-5.8847914,0.1651199460029602,0.9430000185966492,0.47679999470710754
YIL077C,YLR256W-A,0,-5.88483,0.16509103775024414,0.9430000185966492,0.47690001130104065
YOR224C,YCR080W,0,-5.885222,0.16506214439868927,0.9430000185966492,0.47699999809265137
YBR273C,YNL054W-B,0,-5.8852916,0.1650332510471344,0.9430000185966492,0.4771000146865845
YOL111C,YJL114W,0,-5.885424,0.16500437259674072,0.9430000185966492,0.4772000014781952
YJR074W,YBR123C,0,-5.8860145,0.16497550904750824,0.9430000185966492,0.4772999882698059
YAR018C,YKL193C,1,-5.8860793,0.16512157022953033,0.9440000057220459,0.4772999882698059
YGL201C,YOR338W,0,-5.8869743,0.16509269177913666,0.9440000057220459,0.477400004863739
YDL132W,YCL044C,0,-5.887466,0.16506382822990417,0.9440000057220459,0.47749999165534973
YER107C,YHL006C,0,-5.8875375,0.1650349646806717,0.9440000057220459,0.47760000824928284
YBR009C,YHR098C,0,-5.887544,0.1650061160326004,0.9440000057220459,0.47769999504089355
YDR423C,YKR101W,0,-5.8884377,0.1649772822856903,0.9440000057220459,0.47780001163482666
YOL104C,YPL146C,0,-5.8890347,0.1649484485387802,0.9440000057220459,0.4778999984264374
YKR034W,YNL055C,0,-5.8898535,0.1649196296930313,0.9440000057220459,0.4779999852180481
YKL129C,YDR293C,0,-5.890041,0.1648908257484436,0.9440000057220459,0.4781000018119812
YJL018W,YAL047C,1,-5.8900695,0.16503667831420898,0.9449999928474426,0.4781000018119812
YGR109C,YAL012W,0,-5.8900704,0.16500785946846008,0.9449999928474426,0.4781999886035919
YDR162C,YFR051C,0,-5.8900876,0.16497905552387238,0.9449999928474426,0.478300005197525
YPL129W,YGR109W-A,0,-5.890099,0.16495025157928467,0.9449999928474426,0.47839999198913574
YDR316W-B,YLR227W-A,0,-5.8905606,0.16492146253585815,0.9449999928474426,0.47850000858306885
YOR126C,YOR192C-B,0,-5.8905993,0.16489268839359283,0.9449999928474426,0.47859999537467957
YAL002W,YDR261C-D,0,-5.8909063,0.1648639291524887,0.9449999928474426,0.47870001196861267
YEL054C,YJR029W,0,-5.8910904,0.16483516991138458,0.9449999928474426,0.4787999987602234
YJL014W,YMR255W,0,-5.891561,0.16480641067028046,0.9449999928474426,0.4788999855518341
YGL207W,YHR099W,0,-5.891703,0.16477768123149872,0.9449999928474426,0.4790000021457672
YLR157C,YGR109W-B,0,-5.891829,0.16474895179271698,0.9449999928474426,0.47909998893737793
YNL066W,YDR210C-C,0,-5.8919454,0.16472023725509644,0.9449999928474426,0.47920000553131104
YDR508C,YLR256W-A,0,-5.8922524,0.1646915227174759,0.9449999928474426,0.47929999232292175
YML071C,YBR082C,0,-5.8923564,0.16466283798217773,0.9449999928474426,0.47940000891685486
YGL255W,YDR210C-D,0,-5.892407,0.16463415324687958,0.9449999928474426,0.4794999957084656
YML012W,YCR080W,0,-5.893231,0.16460546851158142,0.9449999928474426,0.4796000123023987
YOR142W,YLR424W,0,-5.893461,0.16457679867744446,0.9449999928474426,0.4796999990940094
YOR026W,YOL071W,0,-5.8935165,0.1645481437444687,0.9449999928474426,0.4797999858856201
YJL060W,YER164W,0,-5.8936214,0.1645195037126541,0.9449999928474426,0.4799000024795532
YMR199W,YGR161C-C,0,-5.8937907,0.16449086368083954,0.9449999928474426,0.47999998927116394
YAL026C,YOR110W,0,-5.893962,0.16446223855018616,0.9449999928474426,0.48010000586509705
YMR212C,YDR210C-D,0,-5.894022,0.16443361341953278,0.9449999928474426,0.48019999265670776
YCR038C,YER072W,0,-5.894055,0.1644050031900406,0.9449999928474426,0.48030000925064087
YIL056W,YDR261W-B,0,-5.894522,0.1643764078617096,0.9449999928474426,0.4803999960422516
YHR124W,YPL019C,0,-5.894676,0.1643478274345398,0.9449999928474426,0.4805000126361847
YDR264C,YDR378C,0,-5.8948283,0.16431924700737,0.9449999928474426,0.4805999994277954
YGL097W,YOR106W,0,-5.895067,0.1642906814813614,0.9449999928474426,0.48069998621940613
YKL026C,YLR450W,0,-5.8952565,0.16426213085651398,0.9449999928474426,0.48080000281333923
YPR181C,YLR224W,0,-5.895272,0.16423358023166656,0.9449999928474426,0.48089998960494995
YER177W,YCL052C,0,-5.895404,0.16420504450798035,0.9449999928474426,0.48100000619888306
YCR075C,YIL112W,0,-5.8954854,0.16417650878429413,0.9449999928474426,0.4810999929904938
YOR315W,YFL002W-B,0,-5.8955216,0.1641479879617691,0.9449999928474426,0.4812000095844269
YPL174C,YNR015W,0,-5.895615,0.16411948204040527,0.9449999928474426,0.4812999963760376
YCR055C,YJR019C,0,-5.895779,0.16409099102020264,0.9449999928474426,0.4814000129699707
YLR417W,YDR210C-D,0,-5.8961763,0.1640625,0.9449999928474426,0.4814999997615814
YDL004W,YLR277C,0,-5.8974295,0.16403402388095856,0.9449999928474426,0.48159998655319214
YBR297W,YHR161C,0,-5.8976116,0.16400554776191711,0.9449999928474426,0.48170000314712524
YDR235W,YGR161W-B,0,-5.8977914,0.16397710144519806,0.9449999928474426,0.48179998993873596
YER017C,YKL015W,0,-5.8980703,0.1639486402273178,0.9449999928474426,0.48190000653266907
YDL056W,YIL008W,0,-5.8982825,0.16392020881175995,0.9449999928474426,0.4819999933242798
YBR179C,YHR165C,0,-5.8983355,0.1638917773962021,0.9449999928474426,0.4821000099182129
YJL099W,YJL039C,0,-5.898834,0.16386336088180542,0.9449999928474426,0.4821999967098236
YDR040C,YKL175W,0,-5.8988523,0.16383494436740875,0.9449999928474426,0.4823000133037567
YKL053C-A,YBR080C,0,-5.8988953,0.16380655765533447,0.9449999928474426,0.48240000009536743
YJL196C,YHR119W,0,-5.8992915,0.163778156042099,0.9449999928474426,0.48249998688697815
YIL149C,YJR004C,0,-5.8994727,0.1637497842311859,0.9449999928474426,0.48260000348091125
YBR097W,YGR272C,0,-5.899798,0.16372141242027283,0.9449999928474426,0.482699990272522
YNL065W,YDR365W-B,0,-5.8998814,0.16369305551052094,0.9449999928474426,0.4828000068664551
YCR081W,YLR410W-A,0,-5.9000154,0.16366469860076904,0.9449999928474426,0.4828999936580658
YDR122W,YLR193C,0,-5.9001303,0.16363635659217834,0.9449999928474426,0.4830000102519989
YPL262W,YOR018W,0,-5.900541,0.16360802948474884,0.9449999928474426,0.4830999970436096
YHR007C,YLR256W-A,0,-5.900572,0.16357971727848053,0.9449999928474426,0.4832000136375427
YPL138C,YLR227W-A,0,-5.9006295,0.16355140507221222,0.9449999928474426,0.48330000042915344
YJL081C,YDL046W,0,-5.9010286,0.1635231077671051,0.9449999928474426,0.48339998722076416
YKL002W,YPL159C,0,-5.9010887,0.16349481046199799,0.9449999928474426,0.48350000381469727
YGL090W,YNL247W,0,-5.9011273,0.16346652805805206,0.9449999928474426,0.483599990606308
YMR280C,YIL022W,0,-5.9011774,0.16343826055526733,0.9449999928474426,0.4837000072002411
YGR254W,YLR227W-B,0,-5.901415,0.1634099930524826,0.9449999928474426,0.4837999939918518
YDR345C,YDR210W-B,0,-5.901741,0.16338174045085907,0.9449999928474426,0.4839000105857849
YML081C-A,YMR287C,0,-5.9018564,0.16335350275039673,0.9449999928474426,0.48399999737739563
YHR115C,YFR001W,0,-5.901934,0.1633252650499344,0.9449999928474426,0.48410001397132874
YBR200W,YOR100C,0,-5.9021482,0.16329704225063324,0.9449999928474426,0.48420000076293945
YGR004W,YJL145W,0,-5.9023414,0.1632688343524933,0.9449999928474426,0.48429998755455017
YDR251W,YPR165W,0,-5.902553,0.16324062645435333,0.9449999928474426,0.4844000041484833
YOR346W,YLR227W-A,0,-5.903275,0.16321243345737457,0.9449999928474426,0.484499990940094
YDR375C,YLR256W-A,0,-5.903792,0.163184255361557,0.9449999928474426,0.4846000075340271
YPR024W,YGR161W-A,0,-5.904789,0.16315607726573944,0.9449999928474426,0.4846999943256378
YKL212W,YGR027W-B,0,-5.9054213,0.16312791407108307,0.9449999928474426,0.4848000109195709
YNL097C,YDL064W,0,-5.905473,0.1630997657775879,0.9449999928474426,0.48489999771118164
YDR062W,YLR208W,0,-5.905576,0.1630716174840927,0.9449999928474426,0.48500001430511475
YGR181W,YPL060C-A,0,-5.9057283,0.16304348409175873,0.9449999928474426,0.48510000109672546
YDL044C,YLR157C-B,0,-5.9059577,0.16301535069942474,0.9449999928474426,0.4851999878883362
YCR002C,YKL152C,0,-5.9062495,0.16298723220825195,0.9449999928474426,0.4853000044822693
YKL057C,YNL054W-B,0,-5.906859,0.16295912861824036,0.9449999928474426,0.48539999127388
YML049C,YPR137C-B,0,-5.9072995,0.16293103992938995,0.9449999928474426,0.4855000078678131
YGR262C,YDL155W,0,-5.9073973,0.16290295124053955,0.9449999928474426,0.48559999465942383
YFL022C,YDL226C,0,-5.9076533,0.16287487745285034,0.9449999928474426,0.48570001125335693
YKL043W,YKL020C,0,-5.9085155,0.16284680366516113,0.9449999928474426,0.48579999804496765
YDR183W,YBL005W-B,0,-5.9086075,0.16281874477863312,0.9449999928474426,0.48590001463890076
YJR060W,YBL079W,1,-5.9087667,0.16296295821666718,0.9459999799728394,0.48590001463890076
YJL005W,YOR117W,0,-5.9088273,0.16293489933013916,0.9459999799728394,0.4860000014305115
YJL099W,YFL033C,0,-5.9089136,0.16290684044361115,0.9459999799728394,0.4860999882221222
YNR032C-A,YJL114W,0,-5.9093623,0.16287878155708313,0.9459999799728394,0.4862000048160553
YDR479C,YGR272C,0,-5.909897,0.1628507524728775,0.9459999799728394,0.486299991607666
YHR039C,YLR007W,0,-5.91005,0.16282272338867188,0.9459999799728394,0.4864000082015991
YAR015W,YGR161C-D,0,-5.9100795,0.16279469430446625,0.9459999799728394,0.48649999499320984
YNL274C,YFL018W-A,0,-5.910401,0.162766695022583,0.9459999799728394,0.48660001158714294
YBL002W,YDR165W,0,-5.9106665,0.16273869574069977,0.9459999799728394,0.48669999837875366
YKL195W,YOR343W-B,0,-5.910712,0.16271069645881653,0.9459999799728394,0.4867999851703644
YGL033W,YOR142W-A,0,-5.9109416,0.16268271207809448,0.9459999799728394,0.4869000017642975
YDR481C,YDR137W,0,-5.911011,0.16265474259853363,0.9459999799728394,0.4869999885559082
YLL001W,YER137C-A,0,-5.9111137,0.16262678802013397,0.9459999799728394,0.4871000051498413
YDR126W,YDR486C,0,-5.9112163,0.16259883344173431,0.9459999799728394,0.487199991941452
YDR205W,YDR316W-B,0,-5.9114027,0.16257089376449585,0.9459999799728394,0.48730000853538513
YFL010W-A,YPR158W-B,0,-5.91144,0.16254295408725739,0.9459999799728394,0.48739999532699585
YLR238W,YFR001W,0,-5.9118595,0.16251502931118011,0.9459999799728394,0.48750001192092896
YMR207C,YBR093C,0,-5.911967,0.16248711943626404,0.9459999799728394,0.4875999987125397
YOR119C,YHR079C-B,0,-5.91198,0.16245920956134796,0.9459999799728394,0.4876999855041504
YDL132W,YMR247C,0,-5.9120994,0.16243131458759308,0.9459999799728394,0.4878000020980835
YFL011W-A,YFR033C,0,-5.9121213,0.1624034345149994,0.9459999799728394,0.4878999888896942
YCL011C,YDR195W,0,-5.912131,0.1623755544424057,0.9459999799728394,0.4880000054836273
YDR495C,YGR281W,0,-5.9124064,0.1623476892709732,0.9459999799728394,0.48809999227523804
YPL032C,YOR343W-A,0,-5.9124184,0.1623198390007019,0.9459999799728394,0.48820000886917114
YLR131C,YGL089C,0,-5.912642,0.1622919887304306,0.9459999799728394,0.48829999566078186
YCL044C,YOR295W,0,-5.9129343,0.1622641533613205,0.9459999799728394,0.48840001225471497
YDL220C,YML039W,0,-5.9130106,0.1622363179922104,0.9459999799728394,0.4884999990463257
YOR011W,YEL050C,0,-5.913059,0.16220849752426147,0.9459999799728394,0.4885999858379364
YML008C,YGR161C-D,0,-5.9132233,0.16218069195747375,0.9459999799728394,0.4887000024318695
YAL044C,YDR126W,0,-5.9136815,0.16215290129184723,0.9459999799728394,0.4887999892234802
YCL039W,YPR181C,0,-5.9137063,0.1621251106262207,0.9459999799728394,0.48890000581741333
YPR189W,YGR109W-B,0,-5.913722,0.16209731996059418,0.9459999799728394,0.48899999260902405
YNL230C,YNR039C,0,-5.91386,0.16206955909729004,0.9459999799728394,0.48910000920295715
YKL201C,YFR033C,0,-5.9138722,0.1620417982339859,0.9459999799728394,0.48919999599456787
YHR072W,YML105C,0,-5.914288,0.16201403737068176,0.9459999799728394,0.489300012588501
YPL100W,YFL004W,0,-5.914362,0.1619863063097,0.9459999799728394,0.4893999993801117
YLR165C,YOR332W,0,-5.914491,0.16195857524871826,0.9459999799728394,0.4894999861717224
YER013W,YAL016W,0,-5.9150686,0.1619308441877365,0.9459999799728394,0.4896000027656555
YGR010W,YDR058C,0,-5.91519,0.16190312802791595,0.9459999799728394,0.48969998955726624
YGR090W,YDR261W-B,0,-5.9151993,0.1618754267692566,0.9459999799728394,0.48980000615119934
YCR082W,YGR104C,0,-5.915282,0.16184774041175842,0.9459999799728394,0.48989999294281006
YER053C,YIL138C,0,-5.915577,0.16182005405426025,0.9459999799728394,0.49000000953674316
YLR291C,YBR159W,0,-5.915836,0.16179236769676208,0.9459999799728394,0.4900999963283539
YHR091C,YOR130C,0,-5.916125,0.1617647111415863,0.9459999799728394,0.490200012922287
YAR002W,YJL001W,0,-5.9161963,0.16173705458641052,0.9459999799728394,0.4902999997138977
YKL165C,YHR039C-B,0,-5.916201,0.16170939803123474,0.9459999799728394,0.4903999865055084
YBL103C,YLR452C,0,-5.9162707,0.16168175637722015,0.9459999799728394,0.49050000309944153
YDL198C,YOR142W-A,0,-5.9166946,0.16165412962436676,0.9459999799728394,0.49059998989105225
YMR153W,YDR098C-B,0,-5.9171743,0.16162651777267456,0.9459999799728394,0.49070000648498535
YJL115W,YMR192W,0,-5.917602,0.16159890592098236,0.9459999799728394,0.49079999327659607
YOR057W,YLR435W,0,-5.9177756,0.16157130897045135,0.9459999799728394,0.4909000098705292
YJR017C,YHR133C,0,-5.9177995,0.16154371201992035,0.9459999799728394,0.4909999966621399
YPL194W,YJL141C,0,-5.9178376,0.16151612997055054,0.9459999799728394,0.491100013256073
YER114C,YPL060C-A,0,-5.917854,0.16148856282234192,0.9459999799728394,0.4912000000476837
YOR349W,YNR017W,0,-5.9179554,0.1614609956741333,0.9459999799728394,0.49129998683929443
YKL002W,YER154W,0,-5.9184613,0.16143344342708588,0.9459999799728394,0.49140000343322754
YIR013C,YBL100W-B,0,-5.9186554,0.16140590608119965,0.9459999799728394,0.49149999022483826
YBR022W,YOR270C,0,-5.9191175,0.16137836873531342,0.9459999799728394,0.49160000681877136
YDL047W,YDL038C,0,-5.9191766,0.16135084629058838,0.9459999799728394,0.4916999936103821
YOR240W,YJR013W,0,-5.9193645,0.16132332384586334,0.9459999799728394,0.4918000102043152
YBR179C,YIL051C,0,-5.919476,0.1612958163022995,0.9459999799728394,0.4918999969959259
YER008C,YJR028W,0,-5.9196467,0.16126832365989685,0.9459999799728394,0.492000013589859
YNL094W,YPR158W-B,0,-5.919693,0.1612408459186554,0.9459999799728394,0.4921000003814697
YNL325C,YML058W-A,0,-5.91972,0.16121335327625275,0.9459999799728394,0.49219998717308044
YOR034C,YLR256W-A,0,-5.919899,0.16118589043617249,0.9459999799728394,0.49230000376701355
YPL055C,YOR192C-A,0,-5.920094,0.16115842759609222,0.9459999799728394,0.49239999055862427
YDR016C,YNR052C,0,-5.9204874,0.16113097965717316,0.9459999799728394,0.4925000071525574
YDR017C,YLR157C-B,0,-5.920529,0.16110354661941528,0.9459999799728394,0.4925999939441681
YGR239C,YHR079C-B,0,-5.920564,0.1610761135816574,0.9459999799728394,0.4927000105381012
YGR142W,YLR391W-A,0,-5.9210906,0.16104869544506073,0.9459999799728394,0.4927999973297119
YJL102W,YDR261C-C,0,-5.921102,0.16102127730846405,0.9459999799728394,0.492900013923645
YDR364C,YDR210C-D,0,-5.921274,0.16099387407302856,0.9459999799728394,0.49300000071525574
YDR264C,YGL205W,0,-5.9217596,0.16096648573875427,0.9459999799728394,0.49309998750686646
YOR381W,YDR343C,0,-5.9217987,0.16093909740447998,0.9459999799728394,0.49320000410079956
YDR106W,YGR097W,0,-5.9218793,0.16091172397136688,0.9459999799728394,0.4932999908924103
YBR036C,YER108C,0,-5.9219623,0.16088435053825378,0.9459999799728394,0.4934000074863434
YML025C,YHR020W,0,-5.922543,0.16085699200630188,0.9459999799728394,0.4934999942779541
YNL153C,YMR156C,0,-5.923383,0.16082964837551117,0.9459999799728394,0.4936000108718872
YAR031W,YDR261W-B,0,-5.923497,0.16080230474472046,0.9459999799728394,0.4936999976634979
YFL018W-A,YGR090W,0,-5.923545,0.16077497601509094,0.9459999799728394,0.49380001425743103
YKL014C,YKR020W,0,-5.923779,0.16074766218662262,0.9459999799728394,0.49390000104904175
YPL075W,YMR172W,0,-5.923971,0.1607203483581543,0.9459999799728394,0.49399998784065247
YLR131C,YHL011C,0,-5.924063,0.16069304943084717,0.9459999799728394,0.49410000443458557
YLR246W,YDR210C-C,0,-5.9242196,0.16066576540470123,0.9459999799728394,0.4941999912261963
YLR459W,YCL011C,0,-5.924249,0.1606384813785553,0.9459999799728394,0.4943000078201294
YPR132W,YAR003W,0,-5.924794,0.16061121225357056,0.9459999799728394,0.4943999946117401
YPL248C,YCR009C,0,-5.9257884,0.16058394312858582,0.9459999799728394,0.4945000112056732
YJR155W,YLR153C,0,-5.9259286,0.16055668890476227,0.9459999799728394,0.49459999799728394
YNL167C,YMR096W,0,-5.926144,0.16052943468093872,0.9459999799728394,0.49470001459121704
YBR038W,YDR449C,0,-5.9263997,0.16050221025943756,0.9459999799728394,0.49480000138282776
YCR044C,YDR362C,0,-5.926476,0.1604749858379364,0.9459999799728394,0.4948999881744385
YKL085W,YDL109C,0,-5.92676,0.16044776141643524,0.9459999799728394,0.4950000047683716
YGL019W,YOR192C-A,0,-5.9272723,0.16042055189609528,0.9459999799728394,0.4950999915599823
YNL261W,YDL038C,0,-5.9277673,0.1603933572769165,0.9459999799728394,0.4952000081539154
YDR392W,YDR261W-B,0,-5.928155,0.16036616265773773,0.9459999799728394,0.4952999949455261
YCR057C,YDR261C-C,0,-5.9281616,0.16033898293972015,0.9459999799728394,0.49540001153945923
YPL239W,YLR157C-B,0,-5.9281964,0.16031181812286377,0.9459999799728394,0.49549999833106995
YDL004W,YLR045C,0,-5.9283943,0.16028465330600739,0.9459999799728394,0.49559998512268066
YMR165C,YLR043C,0,-5.928929,0.1602575033903122,0.9459999799728394,0.49570000171661377
YDR225W,YNL167C,0,-5.9289722,0.160230353474617,0.9459999799728394,0.4957999885082245
YPL181W,YJL101C,0,-5.92915,0.160203218460083,0.9459999799728394,0.4959000051021576
YGL035C,YDL109C,0,-5.929354,0.1601760983467102,0.9459999799728394,0.4959999918937683
YOR355W,YFL033C,0,-5.9293823,0.1601489782333374,0.9459999799728394,0.4961000084877014
YGR057C,YBR213W,0,-5.929416,0.1601218730211258,0.9459999799728394,0.49619999527931213
YGL032C,YOR192C-B,0,-5.929449,0.16009476780891418,0.9459999799728394,0.49630001187324524
YLR097C,YKL196C,0,-5.929625,0.16006767749786377,0.9459999799728394,0.49639999866485596
YLR088W,YDR261C-D,0,-5.9296565,0.16004060208797455,0.9459999799728394,0.4964999854564667
YGL244W,YNL247W,0,-5.9296603,0.16001352667808533,0.9459999799728394,0.4966000020503998
YER137C-A,YMR134W,0,-5.929692,0.1599864661693573,0.9459999799728394,0.4966999888420105
YLR309C,YDL128W,0,-5.929894,0.15995942056179047,0.9459999799728394,0.4968000054359436
YDR163W,YOR087W,0,-5.9300303,0.15993237495422363,0.9459999799728394,0.4968999922275543
YGR268C,YGL205W,0,-5.930074,0.159905344247818,0.9459999799728394,0.4970000088214874
YKR002W,YOL040C,0,-5.9300847,0.15987831354141235,0.9459999799728394,0.49709999561309814
YHR050W,YLR337W,0,-5.9302907,0.1598512977361679,0.9459999799728394,0.49720001220703125
YDR421W,YNL049C,0,-5.9304814,0.15982429683208466,0.9459999799728394,0.49729999899864197
YDR481C,YDR486C,0,-5.930612,0.1597972959280014,0.9459999799728394,0.4973999857902527
YNL329C,YPR078C,0,-5.931018,0.15977030992507935,0.9459999799728394,0.4975000023841858
YDR170C,YLR455W,0,-5.9311595,0.1597433239221573,0.9459999799728394,0.4975999891757965
YKR022C,YGR161W-A,0,-5.9314685,0.15971635282039642,0.9459999799728394,0.4977000057697296
YNL054W,YDR210C-C,0,-5.9316525,0.15968939661979675,0.9459999799728394,0.49779999256134033
YBR160W,YOR172W,0,-5.931845,0.15966244041919708,0.9459999799728394,0.49790000915527344
YDL231C,YML062C,0,-5.9319243,0.1596354991197586,0.9459999799728394,0.49799999594688416
YPL101W,YNL310C,0,-5.932288,0.15960857272148132,0.9459999799728394,0.49810001254081726
YOL143C,YGR161C-C,0,-5.93238,0.15958164632320404,0.9459999799728394,0.498199999332428
YPR093C,YGL207W,0,-5.9327993,0.15955473482608795,0.9459999799728394,0.4982999861240387
YCR071C,YGR161C-C,0,-5.9328127,0.15952782332897186,0.9459999799728394,0.4984000027179718
YLR276C,YLR010C,0,-5.933274,0.15950092673301697,0.9459999799728394,0.4984999895095825
YOR240W,YBL023C,0,-5.93335,0.15947404503822327,0.9459999799728394,0.4986000061035156
YAL031C,YJR112W,1,-5.9337316,0.15961571037769318,0.9470000267028809,0.4986000061035156
YBR274W,YHR214C-C,0,-5.9344597,0.15958881378173828,0.9470000267028809,0.49869999289512634
YDR129C,YIL017W,0,-5.934625,0.1595619171857834,0.9470000267028809,0.49880000948905945
YNR030W,YMR060C,0,-5.9354277,0.15953503549098969,0.9470000267028809,0.49889999628067017
YGR217W,YIL103W,0,-5.935633,0.15950816869735718,0.9470000267028809,0.49900001287460327
YHR183W,YOR192C-A,0,-5.935643,0.15948130190372467,0.9470000267028809,0.499099999666214
YPL145C,YER160C,0,-5.9357033,0.15945445001125336,0.9470000267028809,0.4991999864578247
YGR296W,YGR109W-A,0,-5.9364552,0.15942761301994324,0.9470000267028809,0.4993000030517578
YPL042C,YNL066W,0,-5.9364657,0.15940077602863312,0.9470000267028809,0.49939998984336853
YAL012W,YML027W,0,-5.9364877,0.1593739539384842,0.9470000267028809,0.49950000643730164
YKL176C,YEL050C,0,-5.936547,0.15934713184833527,0.9470000267028809,0.49959999322891235
YPL248C,YDR195W,0,-5.9366755,0.15932032465934753,0.9470000267028809,0.49970000982284546
YKL148C,YCR042C,0,-5.9369006,0.1592935174703598,0.9470000267028809,0.4997999966144562
YDL137W,YBL005W-B,0,-5.937035,0.15926674008369446,0.9470000267028809,0.4999000132083893
YJL026W,YBR294W,0,-5.937836,0.15923994779586792,0.9470000267028809,0.5
YCR063W,YER025W,0,-5.9378395,0.15921318531036377,0.9470000267028809,0.5001000165939331
YOR136W,YLR224W,0,-5.9379053,0.15918642282485962,0.9470000267028809,0.5001999735832214
YBR132C,YNL054W-B,0,-5.9383883,0.15915966033935547,0.9470000267028809,0.5002999901771545
YML129C,YGR113W,0,-5.938408,0.1591329127550125,0.9470000267028809,0.5004000067710876
YMR225C,YGL145W,0,-5.938413,0.15910618007183075,0.9470000267028809,0.5005000233650208
YAL012W,YNL054W-A,0,-5.938585,0.15907946228981018,0.9470000267028809,0.5005999803543091
YHR075C,YCL074W,0,-5.9386053,0.1590527445077896,0.9470000267028809,0.5006999969482422
YJL214W,YHR214C-B,0,-5.9386606,0.15902602672576904,0.9470000267028809,0.5008000135421753
YDR213W,YDR098C-B,0,-5.9389296,0.15899932384490967,0.9470000267028809,0.5008999705314636
YJL140W,YLR157C-A,0,-5.9389296,0.1589726358652115,0.9470000267028809,0.5009999871253967
YAL059W,YPR036W-A,0,-5.9389296,0.1589459478855133,0.9470000267028809,0.5011000037193298
YPL126W,YHL009W-A,0,-5.9389296,0.15891927480697632,0.9470000267028809,0.5012000203132629
YKL015W,YOR343C-A,0,-5.9389296,0.15889261662960052,0.9470000267028809,0.5012999773025513
YJR110W,YGR161W-A,0,-5.9389296,0.15886595845222473,0.9470000267028809,0.5013999938964844
YIR041W,YNL284C-A,0,-5.9389296,0.15883931517601013,0.9470000267028809,0.5015000104904175
YBR228W,YNL284C-A,0,-5.9389296,0.15881267189979553,0.9470000267028809,0.5016000270843506
YOL128C,YPR036W-A,0,-5.9389296,0.15878604352474213,0.9470000267028809,0.5016999840736389
YFL060C,YCR062W,0,-5.9389296,0.15875943005084991,0.9470000267028809,0.501800000667572
YDR121W,YBL101W-B,0,-5.9389296,0.1587328165769577,0.9470000267028809,0.5019000172615051
YOR229W,YLR157C-A,0,-5.9389296,0.15870621800422668,0.9470000267028809,0.5019999742507935
YOL130W,YOR343C-A,0,-5.9389296,0.15867961943149567,0.9470000267028809,0.5020999908447266
YFR051C,YHL009W-A,0,-5.9389296,0.15865303575992584,0.9470000267028809,0.5022000074386597
YBR250W,YDR210W-D,0,-5.9389296,0.1586264669895172,0.9470000267028809,0.5023000240325928
YGR116W,YGR161C-C,0,-5.9389296,0.15859989821910858,0.9470000267028809,0.5023999810218811
YKL099C,YHL009W-A,0,-5.9389296,0.15857334434986115,0.9470000267028809,0.5024999976158142
YKL176C,YDR210W-D,0,-5.9389296,0.1585467904806137,0.9470000267028809,0.5026000142097473
YGL029W,YHL009W-A,0,-5.9389296,0.15852025151252747,0.9470000267028809,0.5026999711990356
YBR132C,YNL284C-A,0,-5.9389296,0.15849372744560242,0.9470000267028809,0.5027999877929688
YJR033C,YPR158C-D,0,-5.9389296,0.15846720337867737,0.9470000267028809,0.5029000043869019
YCL012W,YNL054W-A,0,-5.9389296,0.1584406942129135,0.9470000267028809,0.503000020980835
YHR077C,YOR343C-A,0,-5.9389296,0.15841418504714966,0.9470000267028809,0.5030999779701233
YBR145W,YNL284C-A,0,-5.9389296,0.158387690782547,0.9470000267028809,0.5031999945640564
YDR306C,YGR038C-A,0,-5.9389296,0.15836121141910553,0.9470000267028809,0.5033000111579895
YPL154C,YLR157C-A,0,-5.9389296,0.15833473205566406,0.9470000267028809,0.5034000277519226
YJL012C-A,YMR051C,0,-5.9389296,0.1583082526922226,0.9470000267028809,0.5034999847412109
YJR001W,YOR343C-A,0,-5.9389296,0.15828180313110352,0.9470000267028809,0.503600001335144
YDR277C,YBL101W-B,0,-5.9389296,0.15825535356998444,0.9470000267028809,0.5037000179290771
YPL203W,YPR036W-A,0,-5.9389296,0.15822890400886536,0.9470000267028809,0.5037999749183655
YBL002W,YBL101W-A,0,-5.9389296,0.15820246934890747,0.9470000267028809,0.5038999915122986
YIL017W,YDR034C-C,0,-5.9389296,0.15817604959011078,0.9470000267028809,0.5040000081062317
YPR006C,YLR157C-A,0,-5.9389296,0.1581496298313141,0.9470000267028809,0.5041000247001648
YLR181C,YPR036W-A,0,-5.9389296,0.1581232249736786,0.9470000267028809,0.5041999816894531
YDL153C,YLR157C-A,0,-5.9389296,0.15809683501720428,0.9470000267028809,0.5042999982833862
YMR038C,YOR343C-A,0,-5.9389296,0.15807044506072998,0.9470000267028809,0.5044000148773193
YIL150C,YBL101W-B,0,-5.9389296,0.15804405510425568,0.9470000267028809,0.5044999718666077
YER074W-A,YLL056C,0,-5.9389296,0.15801768004894257,0.9470000267028809,0.5045999884605408
YHR039C-B,YLR346C,0,-5.9389296,0.15799131989479065,0.9470000267028809,0.5047000050544739
YCL026C-A,YDR210W-D,0,-5.9389296,0.15796497464179993,0.9470000267028809,0.504800021648407
YCR055C,YIL029C,0,-5.9389296,0.1579386293888092,0.9470000267028809,0.5048999786376953
YGR231C,YBL101W-B,0,-5.9389296,0.15791228413581848,0.9470000267028809,0.5049999952316284
YOR132W,YPR036W-A,0,-5.9389296,0.15788596868515015,0.9470000267028809,0.5051000118255615
YHR079C-A,YDR261C-D,0,-5.9389296,0.15785963833332062,0.9470000267028809,0.5052000284194946
YNR015W,YBL101W-A,0,-5.9389296,0.15783333778381348,0.9470000267028809,0.505299985408783
YBL101W-B,YLL056C,0,-5.9389296,0.15780703723430634,0.9470000267028809,0.5054000020027161
YDL056W,YDR210W-D,0,-5.9389296,0.1577807366847992,0.9470000267028809,0.5055000185966492
YPL275W,YBL101W-B,0,-5.9389296,0.15775445103645325,0.9470000267028809,0.5055999755859375
YIL125W,YPR036W-A,0,-5.9389296,0.1577281802892685,0.9470000267028809,0.5056999921798706
YML065W,YBL101W-A,0,-5.9389296,0.15770190954208374,0.9470000267028809,0.5058000087738037
YKL148C,YBL101W-B,0,-5.9389296,0.15767565369606018,0.9470000267028809,0.5059000253677368
YHR084W,YOR343C-A,0,-5.9389296,0.15764941275119781,0.9470000267028809,0.5059999823570251
YGR272C,YNL247W,0,-5.9389296,0.15762317180633545,0.9470000267028809,0.5060999989509583
YDL099W,YOR343C-A,0,-5.9389296,0.15759693086147308,0.9470000267028809,0.5062000155448914
YFL034C-B,YGR027W-B,0,-5.9389296,0.1575707197189331,0.9470000267028809,0.5062999725341797
YDR057W,YDR210W-D,0,-5.9389296,0.15754450857639313,0.9470000267028809,0.5063999891281128
YJL072C,YBL101W-A,0,-5.9389296,0.15751829743385315,0.9470000267028809,0.5065000057220459
YLR106C,YDR210W-D,0,-5.9389296,0.15749210119247437,0.9470000267028809,0.506600022315979
YFL035C,YDR034C-C,0,-5.9389296,0.15746591985225677,0.9470000267028809,0.5066999793052673
YLR452C,YNL284C-A,0,-5.9389296,0.15743973851203918,0.9470000267028809,0.5067999958992004
YIL080W,YOR343C-A,0,-5.9389296,0.1574135571718216,0.9470000267028809,0.5069000124931335
YDR331W,YPR036W-A,0,-5.9389296,0.1573874056339264,0.9470000267028809,0.5070000290870667
YGL037C,YNL284C-A,0,-5.9389296,0.1573612540960312,0.9470000267028809,0.507099986076355
YDL059C,YBL101W-A,0,-5.9389296,0.157335102558136,0.9470000267028809,0.5072000026702881
YGL253W,YHL009W-A,0,-5.9389296,0.15730896592140198,0.9470000267028809,0.5073000192642212
YER180C-A,YNL339C,0,-5.9389296,0.15728284418582916,0.9470000267028809,0.5073999762535095
YMR177W,YBL101W-A,0,-5.9389296,0.15725672245025635,0.9470000267028809,0.5074999928474426
YJR049C,YHL009W-A,0,-5.9389296,0.15723061561584473,0.9470000267028809,0.5076000094413757
YFL022C,YLR157C-A,0,-5.9389296,0.1572045087814331,0.9470000267028809,0.5077000260353088
YNL145W,YBL101W-B,0,-5.9389296,0.15717841684818268,0.9470000267028809,0.5077999830245972
YCL074W,YOR343C-A,0,-5.9389296,0.15715233981609344,0.9470000267028809,0.5078999996185303
YLL024C,YBL101W-A,0,-5.9389296,0.1571262627840042,0.9470000267028809,0.5080000162124634
YMR022W,YHL009W-A,0,-5.9389296,0.15710020065307617,0.9470000267028809,0.5080999732017517
YER178W,YLR157C-A,0,-5.9389296,0.15707413852214813,0.9470000267028809,0.5081999897956848
YNL318C,YPL257W-B,0,-5.9389296,0.1570480912923813,0.9470000267028809,0.5083000063896179
YDR210W-A,YOR343C-A,0,-5.9389296,0.15702205896377563,0.9470000267028809,0.508400022983551
YML098W,YPR036W-A,0,-5.9389296,0.15699602663516998,0.9470000267028809,0.5084999799728394
YKL200C,YPR137C-B,0,-5.9389296,0.15696999430656433,0.9470000267028809,0.5085999965667725
YIL017W,YPL060C-A,0,-5.9389296,0.15694397687911987,0.9470000267028809,0.5087000131607056
YBR010W,YBL101W-A,0,-5.9389296,0.1569179743528366,0.9470000267028809,0.5088000297546387
YNL055C,YPL060C-A,0,-5.9389296,0.15689198672771454,0.9470000267028809,0.508899986743927
YLR207W,YBL101W-B,0,-5.9389296,0.15686599910259247,0.9470000267028809,0.5090000033378601
YKL119C,YOR343C-A,0,-5.9389296,0.1568400114774704,0.9470000267028809,0.5091000199317932
YGR185C,YOR343C-A,0,-5.9389296,0.15681403875350952,0.9470000267028809,0.5091999769210815
YNL214W,YLR157C-A,0,-5.9389296,0.15678808093070984,0.9470000267028809,0.5092999935150146
YGL046W,YFL002W-A,0,-5.9389296,0.15676212310791016,0.9470000267028809,0.5094000101089478
YFL059W,YHL009W-A,0,-5.9389296,0.15673618018627167,0.9470000267028809,0.5095000267028809
YMR165C,YOR343C-A,0,-5.9389296,0.15671023726463318,0.9470000267028809,0.5095999836921692
YPL275W,YER103W,0,-5.939157,0.15668430924415588,0.9470000267028809,0.5097000002861023
YLR153C,YOR192C-A,0,-5.939294,0.15665839612483978,0.9470000267028809,0.5098000168800354
YLR006C,YJL164C,0,-5.939566,0.15663248300552368,0.9470000267028809,0.5098999738693237
YIR033W,YBL057C,0,-5.9399695,0.15660658478736877,0.9470000267028809,0.5099999904632568
YPL053C,YML031W,0,-5.9400716,0.15658068656921387,0.9470000267028809,0.5101000070571899
YCR039C,YIL037C,0,-5.9402676,0.15655480325222015,0.9470000267028809,0.510200023651123
YGL086W,YLL024C,0,-5.9404263,0.15652891993522644,0.9470000267028809,0.5102999806404114
YBR293W,YGR027W-B,0,-5.9405947,0.15650305151939392,0.9470000267028809,0.5103999972343445
YDR372C,YDR365W-B,0,-5.9406695,0.1564771980047226,0.9470000267028809,0.5105000138282776
YNL075W,YML045W,0,-5.9406905,0.15645134449005127,0.9470000267028809,0.5105999708175659
YPL098C,YGR161C-C,0,-5.940723,0.15642550587654114,0.9470000267028809,0.510699987411499
YEL071W,YOR099W,0,-5.940889,0.156399667263031,0.9470000267028809,0.5108000040054321
YGR246C,YML023C,0,-5.941125,0.15637384355068207,0.9470000267028809,0.5109000205993652
YJL106W,YLR157C-B,0,-5.9413033,0.15634801983833313,0.9470000267028809,0.5109999775886536
YPL125W,YDR098C-B,0,-5.9414105,0.15632222592830658,0.9470000267028809,0.5110999941825867
YNL023C,YKL055C,0,-5.9415283,0.15629641711711884,0.9470000267028809,0.5112000107765198
YCR082W,YOR313C,0,-5.941623,0.15627062320709229,0.9470000267028809,0.5113000273704529
YKL022C,YHR014W,1,-5.94227,0.1564098298549652,0.9480000138282776,0.5113000273704529
YIL072W,YFL035C-A,0,-5.942511,0.15638403594493866,0.9480000138282776,0.5113999843597412
YPL262W,YPR138C,0,-5.942611,0.1563582420349121,0.9480000138282776,0.5115000009536743
YIR023W,YBR159W,0,-5.942617,0.15633244812488556,0.9480000138282776,0.5116000175476074
YNR033W,YHR160C,0,-5.942901,0.1563066840171814,0.9480000138282776,0.5116999745368958
YJR064W,YHR039C-B,0,-5.943198,0.15628090500831604,0.9480000138282776,0.5117999911308289
YDL031W,YDR261C-C,0,-5.944237,0.15625515580177307,0.9480000138282776,0.511900007724762
YML074C,YHR026W,0,-5.9444485,0.1562294065952301,0.9480000138282776,0.5120000243186951
YFL057C,YPR131C,0,-5.945111,0.15620365738868713,0.9480000138282776,0.5120999813079834
YBL023C,YJL109C,0,-5.9451737,0.15617792308330536,0.9480000138282776,0.5121999979019165
YFL035C,YGR280C,0,-5.945267,0.15615220367908478,0.9480000138282776,0.5123000144958496
YDL232W,YCR058C,0,-5.9456306,0.1561264842748642,0.9480000138282776,0.5123999714851379
YDR091C,YJL012C-A,0,-5.9457335,0.1561007797718048,0.9480000138282776,0.512499988079071
YLR117C,YJL069C,0,-5.945921,0.15607507526874542,0.9480000138282776,0.5126000046730042
YDR225W,YNL163C,0,-5.9462986,0.15604938566684723,0.9480000138282776,0.5127000212669373
YNL220W,YPR158C-D,0,-5.946962,0.15602369606494904,0.9480000138282776,0.5127999782562256
YDR039C,YGL046W,0,-5.947295,0.15599802136421204,0.9480000138282776,0.5128999948501587
YLR254C,YGR038C-A,0,-5.947985,0.15597236156463623,0.9480000138282776,0.5130000114440918
YER007W,YHR099W,0,-5.9480124,0.15594670176506042,0.9480000138282776,0.5131000280380249
YJL170C,YLR452C,0,-5.948093,0.1559210568666458,0.9480000138282776,0.5131999850273132
YJR001W,YOR098C,0,-5.9481134,0.1558954119682312,0.9480000138282776,0.5133000016212463
YFL056C,YMR036C,0,-5.9484854,0.15586978197097778,0.9480000138282776,0.5134000182151794
YKL001C,YPL139C,0,-5.9485145,0.15584415197372437,0.9480000138282776,0.5134999752044678
YJR064W,YLR256W-A,0,-5.948866,0.15581853687763214,0.9480000138282776,0.5135999917984009
YBR221C,YDR183W,0,-5.948893,0.1557929366827011,0.9480000138282776,0.513700008392334
YKL093W,YDR485C,0,-5.949027,0.15576733648777008,0.9480000138282776,0.5138000249862671
YEL053C,YHR034C,0,-5.949032,0.15574175119400024,0.9480000138282776,0.5138999819755554
YBR210W,YLR090W,0,-5.949273,0.1557161659002304,0.9480000138282776,0.5139999985694885
YPL059W,YIR033W,0,-5.9493995,0.15569059550762177,0.9480000138282776,0.5141000151634216
YOR076C,YDR400W,0,-5.9494925,0.15566502511501312,0.9480000138282776,0.51419997215271
YGL142C,YNL119W,0,-5.950288,0.15563946962356567,0.9480000138282776,0.5142999887466431
YNL097C,YIR022W,0,-5.950702,0.15561391413211823,0.9480000138282776,0.5144000053405762
YKL079W,YJL012C,0,-5.9509687,0.15558837354183197,0.9480000138282776,0.5145000219345093
YLR116W,YMR061W,0,-5.9509892,0.1555628478527069,0.9480000138282776,0.5145999789237976
YPL192C,YMR134W,0,-5.9512067,0.15553732216358185,0.9480000138282776,0.5146999955177307
YPR005C,YDR210W-B,0,-5.951648,0.15551181137561798,0.9480000138282776,0.5148000121116638
YBL020W,YER137C-A,0,-5.9516916,0.1554863005876541,0.9480000138282776,0.5149000287055969
YBR289W,YOR047C,0,-5.95217,0.15546080470085144,0.9480000138282776,0.5149999856948853
YPL187W,YLR447C,0,-5.9522805,0.15543532371520996,0.9480000138282776,0.5151000022888184
YNL259C,YPR125W,0,-5.952909,0.15540984272956848,0.9480000138282776,0.5152000188827515
YBL035C,YDR422C,0,-5.9529786,0.155384361743927,0.9480000138282776,0.5152999758720398
YDR345C,YGR109W-A,0,-5.95333,0.15535889565944672,0.9480000138282776,0.5153999924659729
YGR241C,YKL070W,0,-5.953483,0.15533344447612762,0.9480000138282776,0.515500009059906
YKR003W,YBR293W,0,-5.9536023,0.15530799329280853,0.9480000138282776,0.5156000256538391
YHR081W,YLR105C,0,-5.9537044,0.15528255701065063,0.9480000138282776,0.5156999826431274
YDR412W,YGR109W-A,0,-5.953724,0.15525712072849274,0.9480000138282776,0.5157999992370605
YDL039C,YKL125W,0,-5.954431,0.15523169934749603,0.9480000138282776,0.5159000158309937
YLR305C,YDL120W,0,-5.9550037,0.15520629286766052,0.9480000138282776,0.515999972820282
YJR119C,YOL028C,0,-5.955381,0.155180886387825,0.9480000138282776,0.5160999894142151
YJR007W,YKL075C,0,-5.9563384,0.1551554799079895,0.9480000138282776,0.5162000060081482
YGL029W,YGR296W,0,-5.956627,0.15513008832931519,0.9480000138282776,0.5163000226020813
YLR418C,YMR139W,0,-5.9567637,0.15510471165180206,0.9480000138282776,0.5163999795913696
YDL024C,YCR055C,0,-5.956968,0.15507933497428894,0.9480000138282776,0.5164999961853027
YLR330W,YDR198C,0,-5.957192,0.155053973197937,0.9480000138282776,0.5166000127792358
YER008C,YHL007C,0,-5.9576445,0.15502861142158508,0.9480000138282776,0.516700029373169
YDR272W,YLR154C,0,-5.9578633,0.15500326454639435,0.9480000138282776,0.5167999863624573
YNL031C,YML076C,0,-5.958382,0.1549779325723648,0.9480000138282776,0.5169000029563904
YHR058C,YGR272C,0,-5.958598,0.15495260059833527,0.9480000138282776,0.5170000195503235
YGR238C,YIL114C,0,-5.9586124,0.15492726862430573,0.9480000138282776,0.5170999765396118
YPL106C,YDR126W,0,-5.9590607,0.15490196645259857,0.9480000138282776,0.5171999931335449
YDR342C,YGR038C-A,0,-5.9593444,0.15487664937973022,0.9480000138282776,0.517300009727478
YGL173C,YOR305W,0,-5.9598646,0.15485136210918427,0.9480000138282776,0.5174000263214111
YKR025W,YGR048W,0,-5.9602137,0.1548260599374771,0.9480000138282776,0.5174999833106995
YDR488C,YIR015W,0,-5.960628,0.15480078756809235,0.9480000138282776,0.5175999999046326
YNL091W,YOR328W,0,-5.9610076,0.15477551519870758,0.9480000138282776,0.5177000164985657
YPR018W,YDL052C,0,-5.9610147,0.15475024282932281,0.9480000138282776,0.517799973487854
YMR128W,YOR372C,0,-5.9612026,0.15472498536109924,0.9480000138282776,0.5178999900817871
YGL142C,YLR193C,0,-5.9613934,0.15469974279403687,0.9480000138282776,0.5180000066757202
YKR031C,YOR192C-B,0,-5.9614525,0.1546745002269745,0.9480000138282776,0.5181000232696533
YPL256C,YDR121W,0,-5.961876,0.1546492725610733,0.9480000138282776,0.5181999802589417
YOR181W,YOR153W,0,-5.962032,0.15462404489517212,0.9480000138282776,0.5182999968528748
YER110C,YNL263C,0,-5.9624906,0.15459883213043213,0.9480000138282776,0.5184000134468079
YML086C,YER038C,0,-5.9625297,0.15457361936569214,0.9480000138282776,0.5184999704360962
YOR319W,YHL024W,0,-5.9625335,0.15454842150211334,0.9480000138282776,0.5185999870300293
YLR401C,YPR036W,0,-5.962764,0.15452322363853455,0.9480000138282776,0.5187000036239624
YEL027W,YGL167C,0,-5.962907,0.15449804067611694,0.9480000138282776,0.5188000202178955
YOR386W,YDR210C-D,0,-5.963866,0.15447287261486053,0.9480000138282776,0.5188999772071838
YIL044C,YLR227W-B,0,-5.9640408,0.15444770455360413,0.9480000138282776,0.5189999938011169
YKL120W,YMR134W,0,-5.9641294,0.1544225513935089,0.9480000138282776,0.51910001039505
YLR285W,YOR338W,0,-5.964308,0.1543973982334137,0.9480000138282776,0.5192000269889832
YNL229C,YLR157C-B,0,-5.964317,0.15437224507331848,0.9480000138282776,0.5192999839782715
YER108C,YDR330W,0,-5.964414,0.15434712171554565,0.9480000138282776,0.5194000005722046
YAR042W,YJL012C-A,0,-5.964427,0.15432199835777283,0.9480000138282776,0.5195000171661377
YDR022C,YLR410W-A,0,-5.96455,0.154296875,0.9480000138282776,0.519599974155426
YPR132W,YBR012W-A,0,-5.964955,0.15427176654338837,0.9480000138282776,0.5196999907493591
YOR240W,YPR139C,0,-5.9651375,0.15424665808677673,0.9480000138282776,0.5198000073432922
YGR284C,YBR294W,0,-5.9653883,0.1542215645313263,0.9480000138282776,0.5199000239372253
YPR182W,YMR260C,0,-5.9654183,0.15419648587703705,0.9480000138282776,0.5199999809265137
YGR285C,YLR227W-A,0,-5.9654517,0.1541714072227478,0.9480000138282776,0.5200999975204468
YMR322C,YJL114W,0,-5.9655023,0.15414634346961975,0.9480000138282776,0.5202000141143799
YJL014W,YER154W,0,-5.965663,0.1541212797164917,0.9480000138282776,0.5202999711036682
YBR161W,YBR012W-B,0,-5.9657407,0.15409623086452484,0.9480000138282776,0.5203999876976013
YNL048W,YNL004W,0,-5.9658475,0.15407118201255798,0.9480000138282776,0.5205000042915344
YGL016W,YNL054W-A,0,-5.966265,0.15404614806175232,0.9480000138282776,0.5206000208854675
YJR069C,YER138C,0,-5.9662786,0.15402111411094666,0.9480000138282776,0.5206999778747559
YDR272W,YOR229W,0,-5.9667954,0.15399609506130219,0.9480000138282776,0.520799994468689
YPR075C,YNR015W,0,-5.9668665,0.1539710909128189,0.9480000138282776,0.5209000110626221
YBR020W,YFL045C,0,-5.967268,0.15394608676433563,0.9480000138282776,0.5210000276565552
YGL068W,YOL004W,0,-5.9675617,0.15392109751701355,0.9480000138282776,0.5210999846458435
YJR092W,YPL031C,0,-5.9676194,0.15389610826969147,0.9480000138282776,0.5212000012397766
YIR010W,YBL079W,1,-5.9676676,0.15403343737125397,0.9490000009536743,0.5212000012397766
YDL074C,YJL133W,0,-5.9680343,0.1540084332227707,0.9490000009536743,0.5213000178337097
YJL102W,YMR047C,0,-5.9682584,0.1539834439754486,0.9490000009536743,0.521399974822998
YOR381W,YOR327C,0,-5.9684815,0.15395846962928772,0.9490000009536743,0.5214999914169312
YDR375C,YER083C,0,-5.9688396,0.15393349528312683,0.9490000009536743,0.5216000080108643
YHR074W,YDR464W,0,-5.969161,0.15390853583812714,0.9490000009536743,0.5217000246047974
YPR182W,YPR158C-D,0,-5.9702787,0.15388357639312744,0.9490000009536743,0.5217999815940857
YPL202C,YKR046C,0,-5.9708138,0.15385863184928894,0.9490000009536743,0.5218999981880188
YOR319W,YCR083W,0,-5.971167,0.15383368730545044,0.9490000009536743,0.5220000147819519
YLR080W,YLR157C-B,0,-5.971238,0.15380875766277313,0.9490000009536743,0.5220999717712402
YKR027W,YPL178W,0,-5.971329,0.15378382802009583,0.9490000009536743,0.5221999883651733
YER168C,YJL036W,0,-5.972026,0.1537589132785797,0.9490000009536743,0.5223000049591064
YPL078C,YOR316C,0,-5.972162,0.1537339985370636,0.9490000009536743,0.5224000215530396
YDR083W,YGL049C,0,-5.9724054,0.15370909869670868,0.9490000009536743,0.5224999785423279
YER142C,YER087C-B,0,-5.972471,0.15368421375751495,0.9490000009536743,0.522599995136261
YBR164C,YFL048C,0,-5.972504,0.15365932881832123,0.9490000009536743,0.5227000117301941
YBL015W,YNL288W,0,-5.972559,0.1536344438791275,0.9490000009536743,0.5228000283241272
YHR115C,YGR161W-A,0,-5.9725757,0.15360958874225616,0.9490000009536743,0.5228999853134155
YKL138C-A,YOL091W,0,-5.97271,0.15358471870422363,0.9490000009536743,0.5230000019073486
YGR254W,YHR082C,0,-5.9727583,0.1535598635673523,0.9490000009536743,0.5231000185012817
YOR011W,YCR031C,0,-5.9728622,0.15353502333164215,0.9490000009536743,0.5231999754905701
YDL008W,YLR357W,1,-5.973352,0.15367195010185242,0.949999988079071,0.5231999754905701
YJL019W,YJL080C,1,-5.9735227,0.1538088321685791,0.9509999752044678,0.5231999754905701
YPR065W,YBR284W,0,-5.973659,0.15378396213054657,0.9509999752044678,0.5232999920845032
YLL027W,YJL035C,0,-5.9736915,0.15375909209251404,0.9509999752044678,0.5234000086784363
YER142C,YGR161C-C,0,-5.973768,0.1537342369556427,0.9509999752044678,0.5235000252723694
YPL015C,YOL111C,0,-5.9738836,0.15370939671993256,0.9509999752044678,0.5235999822616577
YGR038W,YMR200W,0,-5.974041,0.1536845564842224,0.9509999752044678,0.5236999988555908
YGR144W,YOR084W,0,-5.9740705,0.15365971624851227,0.9509999752044678,0.5238000154495239
YDR517W,YFR052W,0,-5.974149,0.15363489091396332,0.9509999752044678,0.5238999724388123
YHR205W,YDR463W,0,-5.974375,0.15361008048057556,0.9509999752044678,0.5239999890327454
YOR386W,YPR158C-D,0,-5.9751344,0.1535852700471878,0.9509999752044678,0.5241000056266785
YBR212W,YJL128C,0,-5.975332,0.15356047451496124,0.9509999752044678,0.5242000222206116
YJL003W,YGR272C,0,-5.9754634,0.15353567898273468,0.9509999752044678,0.5242999792098999
YOR274W,YPL212C,0,-5.975877,0.1535108983516693,0.9509999752044678,0.524399995803833
YIL023C,YDR210C-D,0,-5.97621,0.15348611772060394,0.9509999752044678,0.5245000123977661
YDR016C,YKL173W,0,-5.976361,0.15346135199069977,0.9509999752044678,0.5246000289916992
YOL124C,YHR090C,0,-5.9765096,0.1534365862607956,0.9509999752044678,0.5246999859809875
YLR391W-A,YDL043C,0,-5.976616,0.1534118354320526,0.9509999752044678,0.5248000025749207
YJL003W,YPR075C,0,-5.976851,0.15338709950447083,0.9509999752044678,0.5249000191688538
YCR038C,YGR267C,0,-5.977049,0.15336236357688904,0.9509999752044678,0.5249999761581421
YOR020C,YGL257C,0,-5.9770637,0.15333762764930725,0.9509999752044678,0.5250999927520752
YLR189C,YOR192C-B,0,-5.977228,0.15331290662288666,0.9509999752044678,0.5252000093460083
YLL031C,YJL098W,0,-5.977577,0.15328820049762726,0.9509999752044678,0.5253000259399414
YDR039C,YNL149C,0,-5.97763,0.15326349437236786,0.9509999752044678,0.5253999829292297
YML051W,YER093C,0,-5.9780188,0.15323880314826965,0.9509999752044678,0.5254999995231628
YDL209C,YDR412W,0,-5.979124,0.15321411192417145,0.9509999752044678,0.525600016117096
YPR083W,YHL028W,0,-5.9796176,0.15318943560123444,0.9509999752044678,0.5256999731063843
YEL009C,YJL204C,0,-5.97969,0.15316475927829742,0.9509999752044678,0.5257999897003174
YBL098W,YIL029C,0,-5.9800715,0.1531400978565216,0.9509999752044678,0.5259000062942505
YNL192W,YLR405W,0,-5.9802594,0.1531154364347458,0.9509999752044678,0.5260000228881836
YER177W,YDR210W-A,0,-5.9803977,0.15309078991413116,0.9509999752044678,0.5260999798774719
YGL150C,YOL142W,0,-5.980574,0.15306615829467773,0.9509999752044678,0.526199996471405
YHR098C,YBL005W-A,0,-5.9810843,0.1530415117740631,0.9509999752044678,0.5263000130653381
YJL111W,YPR162C,0,-5.981376,0.15301689505577087,0.9509999752044678,0.5264000296592712
YPR164W,YDR316W-B,0,-5.9814444,0.15299227833747864,0.9509999752044678,0.5264999866485596
YNR074C,YJR150C,0,-5.9814935,0.1529676765203476,0.9509999752044678,0.5266000032424927
YNL075W,YEL019C,0,-5.9817495,0.15294307470321655,0.9509999752044678,0.5267000198364258
YDR221W,YGR239C,0,-5.981857,0.1529184728860855,0.9509999752044678,0.5267999768257141
YPR081C,YDR210C-C,0,-5.982055,0.15289388597011566,0.9509999752044678,0.5268999934196472
YKL146W,YLR157C-B,0,-5.982114,0.152869313955307,0.9509999752044678,0.5270000100135803
YHR056C,YNL263C,0,-5.9821973,0.15284474194049835,0.9509999752044678,0.5271000266075134
YBL005W-A,YOR343W-B,0,-5.982288,0.1528201848268509,0.9509999752044678,0.5271999835968018
YNL001W,YHL025W,0,-5.982577,0.15279562771320343,0.9509999752044678,0.5273000001907349
YOR332W,YCL074W,0,-5.983087,0.15277108550071716,0.9509999752044678,0.527400016784668
YPR201W,YER137C-A,0,-5.98348,0.1527465432882309,0.9509999752044678,0.5274999737739563
YFL022C,YLR301W,0,-5.9835114,0.15272201597690582,0.9509999752044678,0.5275999903678894
YLR254C,YLR227W-A,0,-5.983771,0.15269748866558075,0.9509999752044678,0.5277000069618225
YGL241W,YHR039C-B,0,-5.9837966,0.15267297625541687,0.9509999752044678,0.5278000235557556
YGR264C,YNL216W,0,-5.983826,0.15264847874641418,0.9509999752044678,0.527899980545044
YKL141W,YDR365W-B,0,-5.983945,0.1526239812374115,0.9509999752044678,0.527999997138977
YJL106W,YOR294W,0,-5.9839544,0.1525994837284088,0.9509999752044678,0.5281000137329102
YGR057C,YCL019W,0,-5.9841638,0.15257500112056732,0.9509999752044678,0.5281999707221985
YPL167C,YDR316W-B,0,-5.9846435,0.15255053341388702,0.9509999752044678,0.5282999873161316
YDR446W,YGL062W,0,-5.984645,0.15252606570720673,0.9509999752044678,0.5284000039100647
YML078W,YBL005W-A,0,-5.984753,0.15250159800052643,0.9509999752044678,0.5285000205039978
YLR291C,YNL291C,0,-5.985109,0.15247714519500732,0.9509999752044678,0.5285999774932861
YDR106W,YLR303W,0,-5.985553,0.15245270729064941,0.9509999752044678,0.5286999940872192
YMR097C,YCR055C,0,-5.9859533,0.1524282693862915,0.9509999752044678,0.5288000106811523
YGL073W,YPR094W,0,-5.98608,0.1524038463830948,0.9509999752044678,0.5289000272750854
YDR030C,YKL034W,0,-5.9862504,0.15237942337989807,0.9509999752044678,0.5289999842643738
YJR132W,YNL054W-A,0,-5.986359,0.15235501527786255,0.9509999752044678,0.5291000008583069
YJR046W,YLR425W,0,-5.986793,0.15233060717582703,0.9509999752044678,0.52920001745224
YMR238W,YOR142W-A,0,-5.9869113,0.1523062139749527,0.9509999752044678,0.5292999744415283
YHR158C,YNL287W,0,-5.9869685,0.15228182077407837,0.9509999752044678,0.5293999910354614
YLR165C,YPL045W,0,-5.987107,0.15225744247436523,0.9509999752044678,0.5295000076293945
YHR034C,YGR152C,0,-5.9879017,0.1522330790758133,0.9509999752044678,0.5296000242233276
YGR055W,YHR079C-B,0,-5.9882693,0.15220870077610016,0.9509999752044678,0.529699981212616
YBL005W-A,YDR261C-D,0,-5.988278,0.1521843522787094,0.9509999752044678,0.5297999978065491
YNR019W,YLR176C,0,-5.9886327,0.15216000378131866,0.9509999752044678,0.5299000144004822
YML112W,YDR372C,0,-5.98883,0.15213565528392792,0.9509999752044678,0.5299999713897705
YGL163C,YDL201W,0,-5.9890604,0.15211132168769836,0.9509999752044678,0.5300999879837036
YPL159C,YHR206W,0,-5.98927,0.15208700299263,0.9509999752044678,0.5302000045776367
YOL066C,YFL045C,0,-5.989372,0.15206268429756165,0.9509999752044678,0.5303000211715698
YDR392W,YLR227W-B,0,-5.98947,0.1520383656024933,0.9509999752044678,0.5303999781608582
YPL101W,YGR161C-C,0,-5.9894996,0.15201406180858612,0.9509999752044678,0.5304999947547913
YOR023C,YMR175W,0,-5.989611,0.15198977291584015,0.9509999752044678,0.5306000113487244
YLR028C,YBR294W,0,-5.9899573,0.15196548402309418,0.9509999752044678,0.5307000279426575
YOR109W,YGR161W-B,0,-5.9907207,0.1519412100315094,0.9509999752044678,0.5307999849319458
YBR156C,YOL006C,1,-5.990843,0.15207667648792267,0.9520000219345093,0.5307999849319458
YER129W,YOR327C,0,-5.991504,0.1520523875951767,0.9520000219345093,0.5309000015258789
YER014C-A,YNL111C,0,-5.991706,0.15202809870243073,0.9520000219345093,0.531000018119812
YPR155C,YGL046W,0,-5.99185,0.15200382471084595,0.9520000219345093,0.5310999751091003
YJR047C,YER116C,0,-5.9918694,0.15197956562042236,0.9520000219345093,0.5311999917030334
YDR310C,YOR088W,0,-5.99207,0.15195530652999878,0.9520000219345093,0.5313000082969666
YOL164W,YPL254W,0,-5.9920993,0.1519310623407364,0.9520000219345093,0.5314000248908997
YNR013C,YGR161C-C,0,-5.992611,0.151906818151474,0.9520000219345093,0.531499981880188
YOL026C,YNL330C,0,-5.9928293,0.1518825739622116,0.9520000219345093,0.5315999984741211
YDR479C,YPL129W,0,-5.99363,0.1518583446741104,0.9520000219345093,0.5317000150680542
YCL024W,YDR025W,0,-5.993772,0.1518341302871704,0.9520000219345093,0.5317999720573425
YBR036C,YGL168W,0,-5.9941974,0.1518099159002304,0.9520000219345093,0.5318999886512756
YDR171W,YDR261C-C,0,-5.994559,0.1517857164144516,0.9520000219345093,0.5320000052452087
YOR341W,YMR016C,0,-5.994766,0.1517615169286728,0.9520000219345093,0.5321000218391418
YGL210W-A,YBR296C,0,-5.995042,0.15173733234405518,0.9520000219345093,0.5321999788284302
YPL146C,YDR210W-A,0,-5.9950824,0.15171314775943756,0.9520000219345093,0.5322999954223633
YBR085W,YJR137C,0,-5.9952836,0.15168897807598114,0.9520000219345093,0.5324000120162964
YGR262C,YLR026C,0,-5.996515,0.15166480839252472,0.9520000219345093,0.5325000286102295
YPR155C,YOR088W,0,-5.996662,0.1516406536102295,0.9520000219345093,0.5325999855995178
YHR187W,YDL147W,0,-5.9968543,0.15161649882793427,0.9520000219345093,0.5327000021934509
YBR160W,YOR143C,0,-5.99714,0.15159235894680023,0.9520000219345093,0.532800018787384
YIL115C,YLR212C,0,-5.997235,0.1515682190656662,0.9520000219345093,0.5328999757766724
YLR399C,YHR001W,0,-5.9973836,0.15154409408569336,0.9520000219345093,0.5329999923706055
YLR129W,YNL283C,0,-5.997394,0.15151996910572052,0.9520000219345093,0.5331000089645386
YMR127C,YLR157C-B,0,-5.997554,0.15149585902690887,0.9520000219345093,0.5332000255584717
YOR344C,YGR038C-A,0,-5.997642,0.15147176384925842,0.9520000219345093,0.53329998254776
YDR343C,YOR126C,0,-5.997746,0.15144766867160797,0.9520000219345093,0.5333999991416931
YKR062W,YOR343W-A,0,-5.9985714,0.15142357349395752,0.9520000219345093,0.5335000157356262
YBL023C,YOL117W,0,-5.9990935,0.15139949321746826,0.9520000219345093,0.5335999727249146
YBR066C,YCL003W,0,-5.999282,0.151375412940979,0.9520000219345093,0.5336999893188477
YBR288C,YEL037C,0,-5.9995036,0.15135134756565094,0.9520000219345093,0.5338000059127808
YHL025W,YIL017W,0,-5.9998093,0.15132729709148407,0.9520000219345093,0.5339000225067139
YBL009W,YKL085W,0,-5.999916,0.1513032466173172,0.9520000219345093,0.5339999794960022
YOR240W,YPL012W,0,-5.9999557,0.15127919614315033,0.9520000219345093,0.5340999960899353
YGR161C,YOR142W-B,0,-6.0000834,0.15125516057014465,0.9520000219345093,0.5342000126838684
YNL009W,YGR144W,0,-6.0002093,0.15123113989830017,0.9520000219345093,0.5343000292778015
YDL014W,YNR064C,0,-6.0002203,0.1512071192264557,0.9520000219345093,0.5343999862670898
YMR296C,YGL244W,0,-6.0006948,0.1511830985546112,0.9520000219345093,0.534500002861023
YKL053C-A,YML064C,0,-6.0007153,0.15115909278392792,0.9520000219345093,0.534600019454956
YNL328C,YFL002W-B,0,-6.0010724,0.15113510191440582,0.9520000219345093,0.5346999764442444
YKL052C,YPL257W-A,0,-6.0011888,0.15111111104488373,0.9520000219345093,0.5347999930381775
YNL253W,YDL112W,0,-6.001595,0.15108713507652283,0.9520000219345093,0.5349000096321106
YOL147C,YFL002W-B,0,-6.0015955,0.15106315910816193,0.9520000219345093,0.5350000262260437
YNR058W,YCR055C,0,-6.0017405,0.15103918313980103,0.9520000219345093,0.535099983215332
YBR119W,YAL011W,0,-6.001805,0.15101522207260132,0.9520000219345093,0.5351999998092651
YGL001C,YHR073W,0,-6.00183,0.1509912759065628,0.9520000219345093,0.5353000164031982
YGL053W,YJL129C,0,-6.0018787,0.1509673297405243,0.9520000219345093,0.5353999733924866
YBR021W,YNL054W-A,0,-6.002119,0.15094339847564697,0.9520000219345093,0.5354999899864197
YPR024W,YIL082W-A,0,-6.0021205,0.15091946721076965,0.9520000219345093,0.5356000065803528
YEL009C,YFL002W-B,0,-6.0021777,0.15089555084705353,0.9520000219345093,0.5357000231742859
YDR429C,YMR050C,0,-6.0024548,0.1508716344833374,0.9520000219345093,0.5357999801635742
YNL091W,YER162C,0,-6.0028315,0.15084773302078247,0.9520000219345093,0.5358999967575073
YGR059W,YLR157C-B,0,-6.002933,0.15082383155822754,0.9520000219345093,0.5360000133514404
YNL127W,YBL093C,0,-6.0033484,0.1507999300956726,0.9520000219345093,0.5360999703407288
YCR091W,YBL046W,0,-6.0036454,0.15077605843544006,0.9520000219345093,0.5361999869346619
YLR028C,YCL066W,0,-6.003748,0.15075217187404633,0.9520000219345093,0.536300003528595
YMR038C,YNL054W-A,0,-6.003864,0.15072831511497498,0.9520000219345093,0.5364000201225281
YJL111W,YDR312W,0,-6.003942,0.15070444345474243,0.9520000219345093,0.5364999771118164
YDR365C,YPR158C-D,0,-6.004097,0.15068060159683228,0.9520000219345093,0.5365999937057495
YDR058C,YCL075W,0,-6.004187,0.15065674483776093,0.9520000219345093,0.5367000102996826
YKL073W,YPR165W,0,-6.004271,0.15063291788101196,0.9520000219345093,0.5368000268936157
YIL128W,YAL001C,0,-6.0043683,0.1506090760231018,0.9520000219345093,0.536899983882904
YDR337W,YNL261W,0,-6.0046964,0.15058526396751404,0.9520000219345093,0.5370000004768372
YDR273W,YJR029W,0,-6.0047903,0.15056143701076508,0.9520000219345093,0.5371000170707703
YPL061W,YDR285W,0,-6.0048633,0.1505376398563385,0.9520000219345093,0.5371999740600586
YMR091C,YKL119C,0,-6.004948,0.15051382780075073,0.9520000219345093,0.5372999906539917
YNL003C,YLR025W,0,-6.0052943,0.15049004554748535,0.9520000219345093,0.5374000072479248
YER133W,YBL079W,1,-6.0058455,0.15062430500984192,0.953000009059906,0.5374000072479248
YER021W,YJR026W,0,-6.005919,0.15060050785541534,0.953000009059906,0.5375000238418579
YEL002C,YCL074W,0,-6.005919,0.15057671070098877,0.953000009059906,0.5375999808311462
YGL181W,YOR229W,0,-6.006137,0.1505529284477234,0.953000009059906,0.5376999974250793
YIR009W,YMR313C,0,-6.0066743,0.150529146194458,0.953000009059906,0.5378000140190125
YLR285W,YKR050W,0,-6.0067677,0.15050536394119263,0.953000009059906,0.5378999710083008
YDL017W,YDR378C,0,-6.006801,0.15048161149024963,0.953000009059906,0.5379999876022339
YJL141C,YDR261W-B,0,-6.0072956,0.15045784413814545,0.953000009059906,0.538100004196167
YDR365C,YDR393W,0,-6.0076084,0.15043409168720245,0.953000009059906,0.5382000207901001
YGR249W,YGL094C,0,-6.0077825,0.15041035413742065,0.953000009059906,0.5382999777793884
YGR047C,YKL035W,0,-6.0081844,0.15038661658763885,0.953000009059906,0.5383999943733215
YBR196C,YER093C,0,-6.0081987,0.15036289393901825,0.953000009059906,0.5385000109672546
YKL064W,YMR022W,0,-6.0084567,0.15033917129039764,0.953000009059906,0.5386000275611877
YDR153C,YOR328W,0,-6.0087423,0.15031546354293823,0.953000009059906,0.5386999845504761
YNR010W,YLR357W,1,-6.0089254,0.1504494547843933,0.9539999961853027,0.5386999845504761
YFR046C,YPL137C,1,-6.009138,0.150583416223526,0.9549999833106995,0.5386999845504761
YML043C,YOR140W,0,-6.0098124,0.1505596786737442,0.9549999833106995,0.5388000011444092
YDR256C,YLL004W,0,-6.010309,0.1505359411239624,0.9549999833106995,0.5389000177383423
YJL196C,YJR029W,0,-6.010375,0.1505122184753418,0.9549999833106995,0.5389999747276306
YBR069C,YIL080W,0,-6.010483,0.1504884958267212,0.9549999833106995,0.5390999913215637
YNL259C,YPR122W,0,-6.0105023,0.15046478807926178,0.9549999833106995,0.5392000079154968
YBR298C,YOL033W,0,-6.0105867,0.15044108033180237,0.9549999833106995,0.5393000245094299
YJL060W,YPL181W,0,-6.010689,0.15041738748550415,0.9549999833106995,0.5393999814987183
YMR255W,YLR105C,0,-6.010904,0.15039369463920593,0.9549999833106995,0.5394999980926514
YNR016C,YCR067C,0,-6.0110407,0.1503700166940689,0.9549999833106995,0.5396000146865845
YBR129C,YNL054W-A,0,-6.0113077,0.15034635365009308,0.9549999833106995,0.5396999716758728
YPR001W,YGL093W,0,-6.0115647,0.15032267570495605,0.9549999833106995,0.5397999882698059
YPR051W,YLR285W,0,-6.0117073,0.15029902756214142,0.9549999833106995,0.539900004863739
YDL174C,YEL050C,0,-6.0117254,0.15027537941932678,0.9549999833106995,0.5400000214576721
YMR038C,YCL033C,0,-6.011966,0.15025173127651215,0.9549999833106995,0.5400999784469604
YOR355W,YBR117C,0,-6.012555,0.1502280980348587,0.9549999833106995,0.5401999950408936
YDR487C,YOR018W,0,-6.01257,0.15020446479320526,0.9549999833106995,0.5403000116348267
YPL028W,YLR268W,0,-6.0125737,0.150180846452713,0.9549999833106995,0.5404000282287598
YGR163W,YMR177W,0,-6.01261,0.15015722811222076,0.9549999833106995,0.5404999852180481
YGL144C,YML014W,0,-6.0127244,0.1501336246728897,0.9549999833106995,0.5406000018119812
YCR107W,YGR161W-B,0,-6.013692,0.15011002123355865,0.9549999833106995,0.5407000184059143
YFR041C,YOL133W,0,-6.013944,0.1500864326953888,0.9549999833106995,0.5407999753952026
YDR135C,YPL283C,0,-6.0141134,0.15006285905838013,0.9549999833106995,0.5408999919891357
YJL167W,YER012W,0,-6.0146055,0.15003927052021027,0.9549999833106995,0.5410000085830688
YFL010W-A,YPL193W,0,-6.014649,0.1500157117843628,0.9549999833106995,0.541100025177002
YAL015C,YDR419W,0,-6.0146766,0.14999215304851532,0.9549999833106995,0.5411999821662903
YAL002W,YNL054W-B,0,-6.0151463,0.14996859431266785,0.9549999833106995,0.5412999987602234
YDR503C,YJL012C-A,0,-6.015406,0.14994505047798157,0.9549999833106995,0.5414000153541565
YML095C,YKL166C,0,-6.015585,0.1499215066432953,0.9549999833106995,0.5414999723434448
YDR407C,YLR435W,0,-6.0157456,0.1498979777097702,0.9549999833106995,0.5415999889373779
YMR288W,YKL195W,0,-6.0160413,0.14987444877624512,0.9549999833106995,0.541700005531311
YIL017W,YOR172W,0,-6.016377,0.14985093474388123,0.9549999833106995,0.5418000221252441
YJL021C,YNL142W,0,-6.0175834,0.14982742071151733,0.9549999833106995,0.5418999791145325
YKL149C,YGR109W-B,0,-6.0175886,0.14980392158031464,0.9549999833106995,0.5419999957084656
YKL179C,YHL024W,0,-6.017629,0.14978042244911194,0.9549999833106995,0.5421000123023987
YGL044C,YGR109W-B,0,-6.0177627,0.14975693821907043,0.9549999833106995,0.5422000288963318
YJL018W,YOL006C,1,-6.018229,0.1498902440071106,0.9559999704360962,0.5422000288963318
YOR039W,YPL257W-B,0,-6.0182867,0.1498667448759079,0.9559999704360962,0.5422999858856201
YLR133W,YOR295W,0,-6.0184994,0.1498432606458664,0.9559999704360962,0.5424000024795532
YHR115C,YPR010C,0,-6.018529,0.1498197764158249,0.9559999704360962,0.5425000190734863
YMR239C,YFL002W-A,0,-6.0185933,0.14979630708694458,0.9559999704360962,0.5425999760627747
YLR259C,YIL106W,0,-6.018712,0.14977283775806427,0.9559999704360962,0.5426999926567078
YGL112C,YDR330W,0,-6.0188813,0.14974936842918396,0.9559999704360962,0.5428000092506409
YBR041W,YEL053C,0,-6.0190516,0.14972591400146484,0.9559999704360962,0.542900025844574
YNR049C,YOR373W,0,-6.0190964,0.14970247447490692,0.9559999704360962,0.5429999828338623
YKR035W-A,YIL115C,0,-6.0193677,0.149679034948349,0.9559999704360962,0.5430999994277954
YOR036W,YGR281W,0,-6.019584,0.14965561032295227,0.9559999704360962,0.5432000160217285
YDL236W,YDL038C,0,-6.019735,0.14963218569755554,0.9559999704360962,0.5432999730110168
YLR466W,YHL012W,0,-6.020774,0.1496087610721588,0.9559999704360962,0.54339998960495
YBL024W,YMR149W,0,-6.0212083,0.14958535134792328,0.9559999704360962,0.5435000061988831
YGL100W,YLR262C,0,-6.022065,0.14956195652484894,0.9559999704360962,0.5436000227928162
YIR005W,YGR014W,0,-6.02241,0.1495385617017746,0.9559999704360962,0.5436999797821045
YER119C,YDL006W,0,-6.022413,0.14951516687870026,0.9559999704360962,0.5437999963760376
YDL128W,YLR090W,0,-6.0229936,0.1494917869567871,0.9559999704360962,0.5439000129699707
YER025W,YBL035C,0,-6.023108,0.14946842193603516,0.9559999704360962,0.5440000295639038
YNL037C,YOR194C,0,-6.02329,0.1494450569152832,0.9559999704360962,0.5440999865531921
YLR286C,YBL102W,0,-6.023506,0.14942169189453125,0.9559999704360962,0.5442000031471252
YPL045W,YGR038C-A,0,-6.02387,0.1493983417749405,0.9559999704360962,0.5443000197410583
YKL119C,YCR062W,0,-6.023884,0.14937500655651093,0.9559999704360962,0.5443999767303467
YEL056W,YGR270W,0,-6.023949,0.14935165643692017,0.9559999704360962,0.5444999933242798
YKL011C,YDR245W,0,-6.0242763,0.1493283361196518,0.9559999704360962,0.5446000099182129
YNL101W,YCR066W,0,-6.024558,0.14930501580238342,0.9559999704360962,0.544700026512146
YKL179C,YDR284C,0,-6.025211,0.14928169548511505,0.9559999704360962,0.5447999835014343
YPL100W,YHR056C,0,-6.0261006,0.14925839006900787,0.9559999704360962,0.5449000000953674
YHR067W,YOL045W,0,-6.0263395,0.1492350846529007,0.9559999704360962,0.5450000166893005
YIR023W,YDL006W,0,-6.0263753,0.1492117941379547,0.9559999704360962,0.5450999736785889
YLL015W,YNL294C,0,-6.0264764,0.14918851852416992,0.9559999704360962,0.545199990272522
YLR391W-A,YPL146C,0,-6.026685,0.14916524291038513,0.9559999704360962,0.5453000068664551
YHL038C,YLR424W,0,-6.02672,0.14914196729660034,0.9559999704360962,0.5454000234603882
YBR132C,YER007W,0,-6.0267305,0.14911870658397675,0.9559999704360962,0.5454999804496765
YOL078W,YHL012W,0,-6.0267696,0.14909544587135315,0.9559999704360962,0.5455999970436096
YCR048W,YMR236W,0,-6.026875,0.14907220005989075,0.9559999704360962,0.5457000136375427
YOR315W,YAL002W,0,-6.027018,0.14904895424842834,0.9559999704360962,0.545799970626831
YGR024C,YBR117C,0,-6.027216,0.14902572333812714,0.9559999704360962,0.5458999872207642
YCR005C,YOR142W-A,0,-6.027301,0.14900249242782593,0.9559999704360962,0.5460000038146973
YGL027C,YER138C,0,-6.027413,0.1489792764186859,0.9559999704360962,0.5461000204086304
YNL317W,YGR085C,0,-6.027468,0.1489560604095459,0.9559999704360962,0.5461999773979187
YCR024C-A,YDR002W,0,-6.027638,0.14893285930156708,0.9559999704360962,0.5462999939918518
YGL011C,YCR080W,0,-6.0278063,0.14890965819358826,0.9559999704360962,0.5464000105857849
YLR242C,YLR227W-A,0,-6.0278244,0.14888647198677063,0.9559999704360962,0.546500027179718
YPL266W,YBR119W,0,-6.0278506,0.148863285779953,0.9559999704360962,0.5465999841690063
YDL069C,YPR078C,0,-6.0278816,0.14884009957313538,0.9559999704360962,0.5467000007629395
YPL188W,YMR156C,0,-6.0280223,0.14881694316864014,0.9559999704360962,0.5468000173568726
YGR005C,YCR083W,0,-6.0281672,0.1487937718629837,0.9559999704360962,0.5468999743461609
YCR039C,YJR126C,0,-6.028456,0.14877061545848846,0.9559999704360962,0.546999990940094
YDL029W,YMR213W,0,-6.02893,0.14874747395515442,0.9559999704360962,0.5471000075340271
YDR437W,YLL056C,0,-6.0289845,0.14872433245182037,0.9559999704360962,0.5472000241279602
YPL241C,YCR081W,0,-6.028995,0.14870119094848633,0.9559999704360962,0.5472999811172485
YOR058C,YDR261W-B,0,-6.0293946,0.14867806434631348,0.9559999704360962,0.5473999977111816
YMR175W,YLR043C,0,-6.029591,0.14865495264530182,0.9559999704360962,0.5475000143051147
YKL135C,YMR232W,0,-6.0298543,0.14863184094429016,0.9559999704360962,0.5475999712944031
YOR034C,YKR095W-A,0,-6.029883,0.1486087292432785,0.9559999704360962,0.5476999878883362
YML099C,YLR429W,0,-6.0299115,0.14858563244342804,0.9559999704360962,0.5478000044822693
YLR103C,YIL017C,0,-6.0300503,0.14856255054473877,0.9559999704360962,0.5479000210762024
YNL246W,YER190W,0,-6.031628,0.1485394686460495,0.9559999704360962,0.5479999780654907
YPR119W,YOL016C,0,-6.031831,0.14851638674736023,0.9559999704360962,0.5480999946594238
YDR331W,YIL039W,0,-6.0319037,0.14849331974983215,0.9559999704360962,0.5482000112533569
YBL057C,YLR435W,0,-6.0319443,0.14847025275230408,0.9559999704360962,0.54830002784729
YMR280C,YGL229C,0,-6.031967,0.1484472006559372,0.9559999704360962,0.5483999848365784
YKL020C,YGR161C-D,0,-6.0320106,0.1484241634607315,0.9559999704360962,0.5485000014305115
YDL207W,YDR210C-D,0,-6.03206,0.14840111136436462,0.9559999704360962,0.5486000180244446
YHR188C,YCR080W,0,-6.0321803,0.14837808907032013,0.9559999704360962,0.5486999750137329
YOR056C,YPL036W,0,-6.0321856,0.14835505187511444,0.9559999704360962,0.548799991607666
YKL149C,YGR118W,0,-6.032214,0.14833204448223114,0.9559999704360962,0.5489000082015991
YHR114W,YJL012C-A,0,-6.0325303,0.14830902218818665,0.9559999704360962,0.5490000247955322
YNL259C,YAL043C,0,-6.0326457,0.14828602969646454,0.9559999704360962,0.5490999817848206
YBR009C,YOR160W,0,-6.033029,0.14826302230358124,0.9559999704360962,0.5491999983787537
YPL115C,YPL283C,0,-6.0330954,0.14824002981185913,0.9559999704360962,0.5493000149726868
YOR032C,YPL234C,0,-6.0332713,0.14821705222129822,0.9559999704360962,0.5493999719619751
YIL002C,YLR447C,0,-6.0336404,0.1481940746307373,0.9559999704360962,0.5494999885559082
YJL092W,YDR487C,0,-6.0336814,0.14817111194133759,0.9559999704360962,0.5496000051498413
YGR008C,YGR033C,0,-6.033788,0.14814814925193787,0.9559999704360962,0.5497000217437744
YLL043W,YIL080W,0,-6.034164,0.14812518656253815,0.9559999704360962,0.5497999787330627
YLR035C,YOL093W,0,-6.0341935,0.14810225367546082,0.9559999704360962,0.5498999953269958
YCL012W,YBR083W,0,-6.0343127,0.1480793058872223,0.9559999704360962,0.550000011920929
YBR298C,YIL038C,0,-6.034342,0.14805637300014496,0.9559999704360962,0.5501000285148621
YDL093W,YPL029W,0,-6.034613,0.14803344011306763,0.9559999704360962,0.5501999855041504
YGR057C,YBR037C,0,-6.034693,0.1480105221271515,0.9559999704360962,0.5503000020980835
YNL101W,YPR171W,0,-6.035078,0.14798761904239655,0.9559999704360962,0.5504000186920166
YER022W,YOR142W-B,0,-6.035201,0.1479647159576416,0.9559999704360962,0.5504999756813049
YKL220C,YHL024W,0,-6.0354877,0.14794181287288666,0.9559999704360962,0.550599992275238
YDL115C,YFL018W-A,0,-6.0358605,0.1479189246892929,0.9559999704360962,0.5507000088691711
YKL176C,YNL002C,0,-6.0359445,0.14789603650569916,0.9559999704360962,0.5508000254631042
YCL011C,YCL074W,0,-6.036257,0.1478731632232666,0.9559999704360962,0.5508999824523926
YJR093C,YIL097W,0,-6.0363555,0.14785028994083405,0.9559999704360962,0.5509999990463257
YGR147C,YOL127W,0,-6.037074,0.14782743155956268,0.9559999704360962,0.5511000156402588
YER108C,YLR362W,0,-6.037549,0.14780457317829132,0.9559999704360962,0.5511999726295471
YHL024W,YOL055C,0,-6.037578,0.14778172969818115,0.9559999704360962,0.5512999892234802
YJL192C,YBL005W-A,0,-6.0377245,0.14775888621807098,0.9559999704360962,0.5514000058174133
YPL218W,YMR197C,0,-6.038438,0.147736057639122,0.9559999704360962,0.5515000224113464
YNL286W,YBR231C,0,-6.0385365,0.14771322906017303,0.9559999704360962,0.5515999794006348
YGR267C,YBR212W,0,-6.0389576,0.14769040048122406,0.9559999704360962,0.5516999959945679
YPR002W,YHR205W,0,-6.039127,0.14766758680343628,0.9559999704360962,0.551800012588501
YLR114C,YDR316W-B,0,-6.039275,0.1476447880268097,0.9559999704360962,0.5519000291824341
YLR069C,YBR123C,0,-6.039378,0.1476219892501831,0.9559999704360962,0.5519999861717224
YER036C,YJL012C,0,-6.0395427,0.14759919047355652,0.9559999704360962,0.5521000027656555
YML086C,YCR009C,0,-6.0397916,0.14757640659809113,0.9559999704360962,0.5522000193595886
YKL191W,YGL210W,0,-6.0398803,0.14755363762378693,0.9559999704360962,0.552299976348877
YDR258C,YNL257C,0,-6.0401564,0.14753086864948273,0.9559999704360962,0.5523999929428101
YJL140W,YDL170W,0,-6.040777,0.14750809967517853,0.9559999704360962,0.5525000095367432
YBR201W,YLR167W,0,-6.0411787,0.14748534560203552,0.9559999704360962,0.5526000261306763
YDL155W,YGR251W,0,-6.0412774,0.14746259152889252,0.9559999704360962,0.5526999831199646
YGL191W,YGL205W,0,-6.041296,0.1474398523569107,0.9559999704360962,0.5527999997138977
YNL210W,YJL191W,0,-6.041498,0.1474171131849289,0.9559999704360962,0.5529000163078308
YKL015W,YGR095C,0,-6.0415034,0.14739438891410828,0.9559999704360962,0.5529999732971191
YKL135C,YKL144C,0,-6.041554,0.14737166464328766,0.9559999704360962,0.5530999898910522
YNL003C,YDL236W,0,-6.042087,0.14734895527362823,0.9559999704360962,0.5532000064849854
YGL070C,YML025C,0,-6.0423155,0.1473262459039688,0.9559999704360962,0.5533000230789185
YPL275W,YML032C,0,-6.0426264,0.1473035365343094,0.9559999704360962,0.5533999800682068
YPL036W,YNL107W,0,-6.042881,0.14728085696697235,0.9559999704360962,0.5534999966621399
YJR007W,YMR236W,0,-6.043814,0.14725816249847412,0.9559999704360962,0.553600013256073
YCL039W,YML069W,0,-6.0438704,0.14723548293113708,0.9559999704360962,0.5536999702453613
YFR047C,YDL085W,0,-6.0441666,0.14721281826496124,0.9559999704360962,0.5537999868392944
YDL044C,YOR305W,0,-6.044339,0.1471901535987854,0.9559999704360962,0.5539000034332275
YLR384C,YLL056C,0,-6.044578,0.14716748893260956,0.9559999704360962,0.5540000200271606
YOL143C,YDR181C,0,-6.044788,0.1471448391675949,0.9559999704360962,0.554099977016449
YBR068C,YLR129W,0,-6.0452743,0.14712218940258026,0.9559999704360962,0.5541999936103821
YLR320W,YNL247W,0,-6.045485,0.1470995545387268,0.9559999704360962,0.5543000102043152
YIL038C,YDR071C,0,-6.045935,0.14707691967487335,0.9559999704360962,0.5544000267982483
YPR183W,YBR060C,0,-6.0459385,0.1470542997121811,0.9559999704360962,0.5544999837875366
YDR377W,YPL082C,0,-6.0463448,0.14703167974948883,0.9559999704360962,0.5546000003814697
YPL262W,YCR020C,0,-6.046632,0.14700907468795776,0.9559999704360962,0.5547000169754028
YDR364C,YJL102W,0,-6.046906,0.1469864696264267,0.9559999704360962,0.5547999739646912
YLR189C,YPL271W,0,-6.0477905,0.14696387946605682,0.9559999704360962,0.5548999905586243
YJR158W,YMR053C,0,-6.0478387,0.14694128930568695,0.9559999704360962,0.5550000071525574
YCL044C,YDR322C-A,0,-6.0478563,0.14691869914531708,0.9559999704360962,0.5551000237464905
YBR132C,YPR164W,0,-6.048041,0.1468961238861084,0.9559999704360962,0.5551999807357788
YIL103W,YDR422C,0,-6.0481386,0.1468735635280609,0.9559999704360962,0.5552999973297119
YGR241C,YOR142W-B,0,-6.0483074,0.14685100317001343,0.9559999704360962,0.555400013923645
YNL031C,YJR026W,0,-6.0485454,0.14682844281196594,0.9559999704360962,0.5554999709129333
YBR153W,YOR340C,0,-6.04879,0.14680589735507965,0.9559999704360962,0.5555999875068665
YKR034W,YEL009C,0,-6.0487995,0.14678335189819336,0.9559999704360962,0.5557000041007996
YKL175W,YGR109W-A,0,-6.0489454,0.14676082134246826,0.9559999704360962,0.5558000206947327
YIR025W,YJL080C,1,-6.0491548,0.146891787648201,0.9570000171661377,0.5558000206947327
YDL004W,YGR038W,0,-6.049564,0.1468692421913147,0.9570000171661377,0.555899977684021
YJR132W,YCR031C,0,-6.0502124,0.1468467116355896,0.9570000171661377,0.5559999942779541
YDL113C,YPL063W,0,-6.05168,0.1468241810798645,0.9570000171661377,0.5561000108718872
YJL018W,YOR073W,1,-6.0517254,0.14695505797863007,0.9580000042915344,0.5561000108718872
YBR213W,YOL031C,0,-6.051872,0.14693251252174377,0.9580000042915344,0.5562000274658203
YML051W,YPL112C,0,-6.052027,0.14690998196601868,0.9580000042915344,0.5562999844551086
YNL286W,YFL002W-A,0,-6.0522265,0.14688745141029358,0.9580000042915344,0.5564000010490417
YKL026C,YDR071C,0,-6.0525517,0.14686493575572968,0.9580000042915344,0.5565000176429749
YGL058W,YCR060W,0,-6.052767,0.14684243500232697,0.9580000042915344,0.5565999746322632
YOR236W,YDL112W,0,-6.0528436,0.14681991934776306,0.9580000042915344,0.5566999912261963
YDR188W,YNL197C,0,-6.0529356,0.14679741859436035,0.9580000042915344,0.5568000078201294
YDR317W,YOR087W,0,-6.053471,0.14677493274211884,0.9580000042915344,0.5569000244140625
YIL044C,YGR158C,0,-6.0534863,0.14675244688987732,0.9580000042915344,0.5569999814033508
YPL275W,YCL074W,0,-6.053545,0.146729975938797,0.9580000042915344,0.5570999979972839
YCR052W,YGR090W,0,-6.053559,0.14670750498771667,0.9580000042915344,0.557200014591217
YCR009C,YOR047C,0,-6.05359,0.14668503403663635,0.9580000042915344,0.5572999715805054
YOL135C,YBR293W,0,-6.0536427,0.14666257798671722,0.9580000042915344,0.5573999881744385
YHR058C,YOR231W,0,-6.053741,0.1466401368379593,0.9580000042915344,0.5575000047683716
YDL100C,YNL107W,0,-6.0537415,0.14661769568920135,0.9580000042915344,0.5576000213623047
YCR082W,YOR142W-A,0,-6.053903,0.14659525454044342,0.9580000042915344,0.557699978351593
YPL275W,YDL047W,0,-6.053991,0.14657282829284668,0.9580000042915344,0.5577999949455261
YLR186W,YDR235W,0,-6.054479,0.14655040204524994,0.9580000042915344,0.5579000115394592
YPL227C,YNL177C,0,-6.05465,0.1465279906988144,0.9580000042915344,0.5580000281333923
YNR008W,YGR008C,0,-6.0550265,0.14650557935237885,0.9580000042915344,0.5580999851226807
YAL016W,YBR265W,0,-6.0551367,0.1464831829071045,0.9580000042915344,0.5582000017166138
YIL029C,YPL257W-A,0,-6.0555725,0.14646078646183014,0.9580000042915344,0.5583000183105469
YGL144C,YAL001C,0,-6.055699,0.14643840491771698,0.9580000042915344,0.5583999752998352
YDR163W,YDR055W,0,-6.055704,0.14641602337360382,0.9580000042915344,0.5584999918937683
YNL106C,YDR365W-A,0,-6.0559654,0.14639364182949066,0.9580000042915344,0.5586000084877014
YJR059W,YDR292C,0,-6.0561156,0.1463712751865387,0.9580000042915344,0.5587000250816345
YML047C,YGR161W-A,0,-6.056161,0.14634890854358673,0.9580000042915344,0.5587999820709229
YER072W,YGR272C,0,-6.056168,0.14632655680179596,0.9580000042915344,0.558899998664856
YNR030W,YOR260W,0,-6.056529,0.14630421996116638,0.9580000042915344,0.5590000152587891
YPL110C,YGR161W-B,0,-6.0569468,0.1462818682193756,0.9580000042915344,0.5590999722480774
YOR100C,YGL243W,0,-6.0571084,0.14625954627990723,0.9580000042915344,0.5591999888420105
YCR005C,YOR343W-B,0,-6.057339,0.14623720943927765,0.9580000042915344,0.5593000054359436
YMR022W,YOR308C,0,-6.057541,0.14621490240097046,0.9580000042915344,0.5594000220298767
YMR072W,YER065C,0,-6.0576615,0.14619258046150208,0.9580000042915344,0.559499979019165
YLR370C,YHR001W-A,0,-6.057732,0.14617027342319489,0.9580000042915344,0.5595999956130981
YLR246W,YPL026C,0,-6.0577536,0.1461479812860489,0.9580000042915344,0.5597000122070312
YDR071C,YPR137C-B,0,-6.05783,0.1461256891489029,0.9580000042915344,0.5598000288009644
YOR319W,YMR236W,0,-6.058061,0.1461033970117569,0.9580000042915344,0.5598999857902527
YDR446W,YNL054W-B,0,-6.058419,0.1460811197757721,0.9580000042915344,0.5600000023841858
YKL120W,YJL114W,0,-6.0591187,0.1460588574409485,0.9580000042915344,0.5601000189781189
YLR376C,YOR338W,0,-6.059418,0.14603658020496368,0.9580000042915344,0.5601999759674072
YGR254W,YLR227W-A,0,-6.05999,0.14601433277130127,0.9580000042915344,0.5602999925613403
YGR165W,YHR163W,0,-6.0600553,0.14599207043647766,0.9580000042915344,0.5604000091552734
YMR113W,YCR080W,0,-6.0604324,0.14596983790397644,0.9580000042915344,0.5605000257492065
YOR094W,YLR133W,0,-6.060477,0.14594759047031403,0.9580000042915344,0.5605999827384949
YDR478W,YMR045C,0,-6.0607567,0.1459253579378128,0.9580000042915344,0.560699999332428
YDR425W,YPL257W-B,0,-6.0607753,0.14590314030647278,0.9580000042915344,0.5608000159263611
YJR043C,YPR143W,0,-6.062324,0.14588092267513275,0.9580000042915344,0.5608999729156494
YGL130W,YOR119C,0,-6.0624557,0.14585870504379272,0.9580000042915344,0.5609999895095825
YIL115C,YKL196C,0,-6.0624557,0.1458365023136139,0.9580000042915344,0.5611000061035156
YHR174W,YMR219W,0,-6.062844,0.14581431448459625,0.9580000042915344,0.5612000226974487
YHR056C,YDR261C-D,0,-6.063132,0.14579211175441742,0.9580000042915344,0.5612999796867371
YMR204C,YDR365W-B,0,-6.06323,0.14576993882656097,0.9580000042915344,0.5613999962806702
YKL008C,YPL243W,0,-6.0637884,0.14574775099754333,0.9580000042915344,0.5615000128746033
YGL019W,YNL090W,0,-6.06385,0.14572559297084808,0.9580000042915344,0.5616000294685364
YDL031W,YDR210C-C,0,-6.063917,0.14570342004299164,0.9580000042915344,0.5616999864578247
YBR236C,YKL122C,0,-6.0644736,0.1456812620162964,0.9580000042915344,0.5618000030517578
YBR182C,YLR410W-A,0,-6.0645065,0.14565911889076233,0.9580000042915344,0.5619000196456909
YLL019C,YOR359W,0,-6.065428,0.14563697576522827,0.9580000042915344,0.5619999766349792
YDR501W,YBR265W,0,-6.065652,0.1456148326396942,0.9580000042915344,0.5620999932289124
YMR225C,YAL002W,0,-6.066098,0.14559270441532135,0.9580000042915344,0.5622000098228455
YEL029C,YMR004W,0,-6.0666013,0.1455705761909485,0.9580000042915344,0.5623000264167786
YGL073W,YOR226C,0,-6.0668263,0.14554846286773682,0.9580000042915344,0.5623999834060669
YNL173C,YDR335W,0,-6.067216,0.14552634954452515,0.9580000042915344,0.5625
YBR240C,YGR161C-D,0,-6.06755,0.14550425112247467,0.9580000042915344,0.5626000165939331
YKL135C,YML039W,0,-6.067639,0.1454821527004242,0.9580000042915344,0.5626999735832214
YAL044C,YKL070W,0,-6.0677204,0.1454600691795349,0.9580000042915344,0.5627999901771545
YGR029W,YEL034W,0,-6.067814,0.14543798565864563,0.9580000042915344,0.5629000067710876
YPL097W,YHL007C,0,-6.067947,0.14541590213775635,0.9580000042915344,0.5630000233650208
YNL156C,YPL016W,0,-6.068856,0.14539383351802826,0.9580000042915344,0.5630999803543091
YOL133W,YPL283C,0,-6.0689883,0.14537177979946136,0.9580000042915344,0.5631999969482422
YDR263C,YBR177C,0,-6.0694427,0.14534972608089447,0.9580000042915344,0.5633000135421753
YLR026C,YLR337W,0,-6.069501,0.14532767236232758,0.9580000042915344,0.5633999705314636
YJL170C,YKL186C,0,-6.069918,0.14530563354492188,0.9580000042915344,0.5634999871253967
YOR346W,YCL019W,0,-6.069924,0.14528359472751617,0.9580000042915344,0.5636000037193298
YER021W,YMR216C,0,-6.0701737,0.14526155591011047,0.9580000042915344,0.5637000203132629
YHR079C-B,YMR214W,0,-6.0702295,0.14523953199386597,0.9580000042915344,0.5637999773025513
YFL035C-A,YKR079C,0,-6.0704837,0.14521752297878265,0.9580000042915344,0.5638999938964844
YLR391W-A,YML057W,0,-6.0707254,0.14519551396369934,0.9580000042915344,0.5640000104904175
YGL045W,YMR210W,0,-6.071408,0.14517350494861603,0.9580000042915344,0.5641000270843506
YOR133W,YHR039C-B,0,-6.0715528,0.1451515108346939,0.9580000042915344,0.5641999840736389
YDL227C,YMR097C,0,-6.071908,0.14512953162193298,0.9580000042915344,0.564300000667572
YPL086C,YPL007C,0,-6.072004,0.14510753750801086,0.9580000042915344,0.5644000172615051
YGR217W,YHR070W,0,-6.0720267,0.14508557319641113,0.9580000042915344,0.5644999742507935
YKL148C,YDR218C,0,-6.0724173,0.1450635939836502,0.9580000042915344,0.5645999908447266
YDR164C,YPR024W,0,-6.072428,0.14504162967205048,0.9580000042915344,0.5647000074386597
YOR257W,YBR159W,0,-6.0728087,0.14501968026161194,0.9580000042915344,0.5648000240325928
YDR298C,YOR304W,0,-6.0728483,0.1449977308511734,0.9580000042915344,0.5648999810218811
YLR401C,YOR304W,0,-6.072993,0.14497578144073486,0.9580000042915344,0.5649999976158142
YNL049C,YKL070W,0,-6.0734406,0.14495384693145752,0.9580000042915344,0.5651000142097473
YJL208C,YCR073W-A,0,-6.0735745,0.14493192732334137,0.9580000042915344,0.5651999711990356
YJR069C,YJL012C-A,0,-6.0738773,0.14490999281406403,0.9580000042915344,0.5652999877929688
YDR276C,YLR126C,0,-6.07434,0.14488808810710907,0.9580000042915344,0.5654000043869019
YKR083C,YLR130C,0,-6.0743575,0.14486616849899292,0.9580000042915344,0.565500020980835
YGL090W,YGR055W,0,-6.074529,0.14484426379203796,0.9580000042915344,0.5655999779701233
YBR179C,YDR213W,0,-6.0757575,0.1448223739862442,0.9580000042915344,0.5656999945640564
YAR008W,YLR426W,0,-6.075773,0.14480048418045044,0.9580000042915344,0.5658000111579895
YGL210W-A,YGR059W,0,-6.0758586,0.14477859437465668,0.9580000042915344,0.5659000277519226
YJL089W,YDR261C-D,0,-6.076091,0.1447567194700241,0.9580000042915344,0.5659999847412109
YGR135W,YBR012W-A,0,-6.076164,0.14473485946655273,0.9580000042915344,0.566100001335144
YLR391W-A,YDR244W,0,-6.0762086,0.14471298456192017,0.9580000042915344,0.5662000179290771
YDL031W,YGR027W-B,0,-6.0769744,0.14469113945960999,0.9580000042915344,0.5662999749183655
YKL193C,YML034W,1,-6.0771837,0.14482030272483826,0.9589999914169312,0.5662999749183655
YPL106C,YPL257W-B,0,-6.0774655,0.1447984278202057,0.9589999914169312,0.5663999915122986
YNR032W,YGR056W,0,-6.07787,0.14477656781673431,0.9589999914169312,0.5665000081062317
YOR349W,YOR187W,0,-6.0779443,0.14475472271442413,0.9589999914169312,0.5666000247001648
YOL021C,YGL097W,0,-6.078147,0.14473287761211395,0.9589999914169312,0.5666999816894531
YMR183C,YBR058C-A,0,-6.078843,0.14471103250980377,0.9589999914169312,0.5667999982833862
YIL117C,YPL139C,0,-6.0789037,0.14468920230865479,0.9589999914169312,0.5669000148773193
YDR450W,YDR392W,0,-6.078957,0.1446673721075058,0.9589999914169312,0.5669999718666077
YCR002C,YKL212W,0,-6.079071,0.144645556807518,0.9589999914169312,0.5670999884605408
YHR115C,YLR048W,0,-6.079496,0.1446237415075302,0.9589999914169312,0.5672000050544739
YMR038C,YPL249C,0,-6.0797153,0.14460192620754242,0.9589999914169312,0.567300021648407
YDR317W,YDR162C,0,-6.0797925,0.14458012580871582,0.9589999914169312,0.5673999786376953
YBR110W,YLR157C-B,0,-6.07992,0.14455834031105042,0.9589999914169312,0.5674999952316284
YLR117C,YGR161C-C,0,-6.080018,0.144536554813385,0.9589999914169312,0.5676000118255615
YCR058C,YJR004C,0,-6.0800586,0.1445147693157196,0.9589999914169312,0.5677000284194946
YLL009C,YMR197C,0,-6.080297,0.1444929987192154,0.9589999914169312,0.567799985408783
YLR385C,YLR301W,0,-6.080333,0.14447122812271118,0.9589999914169312,0.5679000020027161
YOR257W,YOR112W,0,-6.0803456,0.14444947242736816,0.9589999914169312,0.5680000185966492
YBL003C,YNL173C,0,-6.0804543,0.14442771673202515,0.9589999914169312,0.5680999755859375
YGR188C,YDR353W,0,-6.081386,0.14440596103668213,0.9589999914169312,0.5681999921798706
YIR033W,YLR007W,0,-6.081536,0.1443842202425003,0.9589999914169312,0.5683000087738037
YBR145W,YFL048C,0,-6.082586,0.14436247944831848,0.9589999914169312,0.5684000253677368
YKR072C,YDR261W-B,0,-6.083356,0.14434075355529785,0.9589999914169312,0.5684999823570251
YFL050C,YDR276C,0,-6.083528,0.14431904256343842,0.9589999914169312,0.5685999989509583
YJL018W,YML085C,1,-6.083585,0.14444778859615326,0.9599999785423279,0.5685999989509583
YOL158C,YJL108C,0,-6.084129,0.14442606270313263,0.9599999785423279,0.5687000155448914
YHR082C,YPL274W,0,-6.084169,0.144404336810112,0.9599999785423279,0.5687999725341797
YGR008C,YPL139C,0,-6.0842056,0.14438261091709137,0.9599999785423279,0.5688999891281128
YDR254W,YGR063C,1,-6.0845623,0.14451128244400024,0.9610000252723694,0.5688999891281128
YGR003W,YNL202W,0,-6.084772,0.14448955655097961,0.9610000252723694,0.5690000057220459
YCL061C,YGR251W,0,-6.084882,0.14446783065795898,0.9610000252723694,0.569100022315979
YDR263C,YDR210W-B,0,-6.0855155,0.14444611966609955,0.9610000252723694,0.5691999793052673
YCR040W,YOL129W,0,-6.08591,0.1444244086742401,0.9610000252723694,0.5692999958992004
YKL048C,YCL019W,0,-6.0860004,0.14440269768238068,0.9610000252723694,0.5694000124931335
YOR011W,YNL287W,0,-6.0864267,0.14438101649284363,0.9610000252723694,0.5695000290870667
YLR274W,YPL097W,0,-6.0864754,0.14435932040214539,0.9610000252723694,0.569599986076355
YDR330W,YPL257W-B,0,-6.0868897,0.14433763921260834,0.9610000252723694,0.5697000026702881
YIL021W,YOR229W,0,-6.0869093,0.1443159580230713,0.9610000252723694,0.5698000192642212
YPL266W,YCL003W,0,-6.087685,0.14429429173469543,0.9610000252723694,0.5698999762535095
YLR008C,YIL029C,0,-6.0877185,0.14427262544631958,0.9610000252723694,0.5699999928474426
YBR009C,YLR346C,0,-6.0877514,0.14425097405910492,0.9610000252723694,0.5701000094413757
YDR194C,YER154W,0,-6.087873,0.14422932267189026,0.9610000252723694,0.5702000260353088
YKL093W,YGL063W,0,-6.0879526,0.1442076861858368,0.9610000252723694,0.5702999830245972
YLR342W,YBR058C,0,-6.0883293,0.14418604969978333,0.9610000252723694,0.5703999996185303
YLR007W,YDL120W,0,-6.088607,0.14416441321372986,0.9610000252723694,0.5705000162124634
YFL023W,YER021W,0,-6.0892253,0.14414279162883759,0.9610000252723694,0.5705999732017517
YIL040W,YGR003W,0,-6.0892467,0.1441211700439453,0.9610000252723694,0.5706999897956848
YGL153W,YJL093C,0,-6.0893145,0.14409956336021423,0.9610000252723694,0.5708000063896179
YNL339C,YGR161C-D,0,-6.089344,0.14407795667648315,0.9610000252723694,0.570900022983551
YCR012W,YHR039C-B,0,-6.0893726,0.14405636489391327,0.9610000252723694,0.5709999799728394
YDR191W,YGR027W-B,0,-6.09013,0.14403477311134338,0.9610000252723694,0.5710999965667725
YPR018W,YGR161W-B,0,-6.090228,0.1440131813287735,0.9610000252723694,0.5712000131607056
YJL166W,YEL050C,0,-6.090274,0.1439916044473648,0.9610000252723694,0.5713000297546387
YLR170C,YEL037C,0,-6.090345,0.1439700424671173,0.9610000252723694,0.571399986743927
YLR025W,YLR157C-B,0,-6.090424,0.14394846558570862,0.9610000252723694,0.5715000033378601
YPR051W,YIL008W,0,-6.0905976,0.14392691850662231,0.9610000252723694,0.5716000199317932
YPL127C,YOL125W,0,-6.0906324,0.14390535652637482,0.9610000252723694,0.5716999769210815
YJL140W,YIL022W,0,-6.090974,0.1438838094472885,0.9610000252723694,0.5717999935150146
YPR023C,YGL062W,0,-6.090979,0.1438622772693634,0.9610000252723694,0.5719000101089478
YKR008W,YML131W,0,-6.091137,0.1438407450914383,0.9610000252723694,0.5720000267028809
YHR197W,YIL029C,0,-6.0911446,0.14381921291351318,0.9610000252723694,0.5720999836921692
YMR015C,YAL024C,0,-6.0912585,0.14379769563674927,0.9610000252723694,0.5722000002861023
YER095W,YLR193C,0,-6.091432,0.14377617835998535,0.9610000252723694,0.5723000168800354
YLR391W,YOR206W,0,-6.0915127,0.14375467598438263,0.9610000252723694,0.5723999738693237
YDR076W,YKR008W,0,-6.0915318,0.1437331736087799,0.9610000252723694,0.5724999904632568
YDR069C,YDR440W,0,-6.093031,0.14371168613433838,0.9610000252723694,0.5726000070571899
YLR153C,YJL170C,0,-6.0935864,0.14369019865989685,0.9610000252723694,0.572700023651123
YKL201C,YKL035W,0,-6.0944014,0.14366871118545532,0.9610000252723694,0.5727999806404114
YDR448W,YGR027W-B,0,-6.094646,0.143647238612175,0.9610000252723694,0.5728999972343445
YLR207W,YHR020W,0,-6.0951223,0.14362576603889465,0.9610000252723694,0.5730000138282776
YGL029W,YNL261W,0,-6.095346,0.1436043083667755,0.9610000252723694,0.5730999708175659
YOR386W,YPL106C,0,-6.095429,0.14358285069465637,0.9610000252723694,0.573199987411499
YKR066C,YBR185C,0,-6.09548,0.14356139302253723,0.9610000252723694,0.5733000040054321
YBR274W,YLR157C-B,0,-6.095726,0.14353995025157928,0.9610000252723694,0.5734000205993652
YML078W,YLR148W,0,-6.0958323,0.14351852238178253,0.9610000252723694,0.5734999775886536
YDR071C,YNL160W,0,-6.0961194,0.14349709451198578,0.9610000252723694,0.5735999941825867
YDR163W,YGL104C,0,-6.0961924,0.14347566664218903,0.9610000252723694,0.5737000107765198
YKL017C,YGR038C-A,0,-6.0962167,0.14345425367355347,0.9610000252723694,0.5738000273704529
YDL005C,YBL005W-B,0,-6.096464,0.1434328407049179,0.9610000252723694,0.5738999843597412
YDR320C-A,YDL112W,0,-6.0976567,0.14341142773628235,0.9610000252723694,0.5740000009536743
YEL027W,YMR236W,0,-6.097719,0.14339002966880798,0.9610000252723694,0.5741000175476074
YFL048C,YOR353C,0,-6.0981293,0.1433686465024948,0.9610000252723694,0.5741999745368958
YPL262W,YAL002W,0,-6.098624,0.14334724843502045,0.9610000252723694,0.5742999911308289
YER106W,YBR156C,1,-6.0986276,0.1434750258922577,0.9620000123977661,0.5742999911308289
YOR109W,YPL094C,0,-6.0988355,0.14345362782478333,0.9620000123977661,0.574400007724762
YLR103C,YNL009W,0,-6.0990086,0.14343222975730896,0.9620000123977661,0.5745000243186951
YML074C,YCR067C,0,-6.0998178,0.1434108465909958,0.9620000123977661,0.5745999813079834
YBR276C,YOR315W,0,-6.0999923,0.1433894783258438,0.9620000123977661,0.5746999979019165
YEL056W,YMR134W,0,-6.099999,0.14336811006069183,0.9620000123977661,0.5748000144958496
YCR058C,YPL235W,0,-6.1002183,0.14334674179553986,0.9620000123977661,0.5748999714851379
YMR280C,YER143W,0,-6.100799,0.14332538843154907,0.9620000123977661,0.574999988079071
YAL029C,YOR346W,0,-6.1010747,0.1433040350675583,0.9620000123977661,0.5751000046730042
YHR169W,YMR050C,0,-6.101518,0.1432826966047287,0.9620000123977661,0.5752000212669373
YPR154W,YGL144C,0,-6.101541,0.1432613581418991,0.9620000123977661,0.5752999782562256
YKL138C-A,YPR167C,0,-6.101757,0.14324001967906952,0.9620000123977661,0.5753999948501587
YDR492W,YHR150W,0,-6.102382,0.14321869611740112,0.9620000123977661,0.5755000114440918
YPR023C,YMR235C,0,-6.102477,0.14319738745689392,0.9620000123977661,0.5756000280380249
YDL076C,YKL079W,0,-6.102637,0.14317606389522552,0.9620000123977661,0.5756999850273132
YCR060W,YHR138C,0,-6.102694,0.14315475523471832,0.9620000123977661,0.5758000016212463
YBL057C,YER162C,0,-6.10274,0.14313346147537231,0.9620000123977661,0.5759000182151794
YJR160C,YNL333W,0,-6.1029572,0.1431121677160263,0.9620000123977661,0.5759999752044678
YDR473C,YMR093W,0,-6.1031337,0.1430908888578415,0.9620000123977661,0.5760999917984009
YCL035C,YDR503C,0,-6.1032534,0.14306959509849548,0.9620000123977661,0.576200008392334
YKL135C,YAL026C,0,-6.103355,0.14304833114147186,0.9620000123977661,0.5763000249862671
YOR136W,YLR248W,0,-6.1034193,0.14302705228328705,0.9620000123977661,0.5763999819755554
YPR138C,YJL114W,0,-6.1037226,0.14300580322742462,0.9620000123977661,0.5764999985694885
YCL043C,YKL113C,0,-6.1039987,0.142984539270401,0.9620000123977661,0.5766000151634216
YBR026C,YML027W,0,-6.104345,0.14296329021453857,0.9620000123977661,0.57669997215271
YNR010W,YPL137C,1,-6.104784,0.1430906355381012,0.9629999995231628,0.57669997215271
YBR201W,YOR047C,0,-6.1049724,0.14306938648223877,0.9629999995231628,0.5767999887466431
YLR155C,YLL015W,0,-6.1051536,0.14304812252521515,0.9629999995231628,0.5769000053405762
YML023C,YHL028W,0,-6.1051693,0.14302688837051392,0.9629999995231628,0.5770000219345093
YHL003C,YGR054W,0,-6.105728,0.1430056393146515,0.9629999995231628,0.5770999789237976
YNL002C,YBR081C,0,-6.105752,0.14298440515995026,0.9629999995231628,0.5771999955177307
YDR099W,YBL023C,0,-6.105755,0.14296318590641022,0.9629999995231628,0.5773000121116638
YBR109C,YHR163W,0,-6.1060596,0.14294196665287018,0.9629999995231628,0.5774000287055969
YHR163W,YNL263C,0,-6.106708,0.14292074739933014,0.9629999995231628,0.5774999856948853
YKL114C,YJR160C,0,-6.1067567,0.1428995430469513,0.9629999995231628,0.5776000022888184
YPL095C,YPL135W,0,-6.1073494,0.14287833869457245,0.9629999995231628,0.5777000188827515
YNR072W,YPL283C,0,-6.10738,0.1428571492433548,0.9629999995231628,0.5777999758720398
YLR080W,YKR039W,0,-6.1077023,0.14283595979213715,0.9629999995231628,0.5778999924659729
YJR132W,YOR137C,0,-6.107948,0.1428147703409195,0.9629999995231628,0.578000009059906
YLR309C,YGL246C,0,-6.1083617,0.14279359579086304,0.9629999995231628,0.5781000256538391
YML065W,YNL055C,0,-6.1089387,0.14277242124080658,0.9629999995231628,0.5781999826431274
YNL223W,YMR013C,0,-6.109093,0.14275126159191132,0.9629999995231628,0.5782999992370605
YCR080W,YDR200C,0,-6.109223,0.14273010194301605,0.9629999995231628,0.5784000158309937
YMR037C,YNL292W,0,-6.109375,0.14270895719528198,0.9629999995231628,0.578499972820282
YFR041C,YCR053W,0,-6.1095114,0.1426878124475479,0.9629999995231628,0.5785999894142151
YPL028W,YML104C,0,-6.1096377,0.14266666769981384,0.9629999995231628,0.5787000060081482
YMR100W,YML045W,0,-6.1100774,0.14264553785324097,0.9629999995231628,0.5788000226020813
YOL148C,YIL080W,0,-6.110385,0.1426244080066681,0.9629999995231628,0.5788999795913696
YEL018W,YDR456W,0,-6.111197,0.1426032930612564,0.9629999995231628,0.5789999961853027
YBR279W,YLR447C,0,-6.111789,0.14258217811584473,0.9629999995231628,0.5791000127792358
YKR035W-A,YCL052C,0,-6.1118107,0.14256106317043304,0.9629999995231628,0.579200029373169
YGR123C,YDR217C,0,-6.1118546,0.14253996312618256,0.9629999995231628,0.5792999863624573
YOR130C,YBR055C,0,-6.111857,0.14251886308193207,0.9629999995231628,0.5794000029563904
YIL121W,YOR060C,0,-6.112623,0.14249777793884277,0.9629999995231628,0.5795000195503235
YLR355C,YCL074W,0,-6.112698,0.14247669279575348,0.9629999995231628,0.5795999765396118
YML094W,YKL015W,0,-6.1127973,0.14245562255382538,0.9629999995231628,0.5796999931335449
YBR290W,YKL113C,0,-6.1129518,0.14243455231189728,0.9629999995231628,0.579800009727478
YGL090W,YGL093W,0,-6.113289,0.14241348206996918,0.9629999995231628,0.5799000263214111
YPR023C,YBR273C,0,-6.113335,0.14239242672920227,0.9629999995231628,0.5799999833106995
YOR143C,YML039W,0,-6.113374,0.14237137138843536,0.9629999995231628,0.5800999999046326
YKR076W,YGL004C,0,-6.113711,0.14235033094882965,0.9629999995231628,0.5802000164985657
YOR372C,YEL037C,0,-6.1138678,0.14232929050922394,0.9629999995231628,0.580299973487854
YDR501W,YJR028W,0,-6.114478,0.14230826497077942,0.9629999995231628,0.5803999900817871
YOR181W,YLR163C,0,-6.1152864,0.1422872394323349,0.9629999995231628,0.5805000066757202
YGR276C,YMR322C,0,-6.11542,0.14226621389389038,0.9629999995231628,0.5806000232696533
YDR211W,YGR288W,0,-6.1156144,0.14224520325660706,0.9629999995231628,0.5806999802589417
YDR394W,YCR009C,0,-6.1158447,0.14222419261932373,0.9629999995231628,0.5807999968528748
YIL038C,YER160C,0,-6.115878,0.1422031968832016,0.9629999995231628,0.5809000134468079
YOR002W,YFL002C,0,-6.116259,0.14218220114707947,0.9629999995231628,0.5809999704360962
YBR009C,YDL033C,0,-6.116596,0.14216120541095734,0.9629999995231628,0.5810999870300293
YER164W,YDR122W,0,-6.1172247,0.1421402245759964,0.9629999995231628,0.5812000036239624
YER003C,YPL214C,0,-6.1172366,0.14211924374103546,0.9629999995231628,0.5813000202178955
YCR082W,YDL040C,0,-6.1177244,0.14209827780723572,0.9629999995231628,0.5813999772071838
YMR004W,YLR363C,0,-6.1179748,0.14207731187343597,0.9629999995231628,0.5814999938011169
YLR148W,YLR075W,0,-6.118299,0.14205634593963623,0.9629999995231628,0.58160001039505
YIL022W,YLR386W,0,-6.1184196,0.14203539490699768,0.9629999995231628,0.5817000269889832
YFL035C-A,YGR197C,0,-6.11859,0.14201445877552032,0.9629999995231628,0.5817999839782715
YPL094C,YIL138C,0,-6.119449,0.14199350774288177,0.9629999995231628,0.5819000005722046
YDR459C,YGR085C,0,-6.1197968,0.14197257161140442,0.9629999995231628,0.5820000171661377
YDL155W,YOR099W,0,-6.1201816,0.14195165038108826,0.9629999995231628,0.582099974155426
YER054C,YNR048W,0,-6.1202655,0.1419307291507721,0.9629999995231628,0.5821999907493591
YDR225W,YHR023W,0,-6.1204157,0.14190980792045593,0.9629999995231628,0.5823000073432922
YGR284C,YHR039C,0,-6.1207056,0.14188890159130096,0.9629999995231628,0.5824000239372253
YNL173C,YDL200C,0,-6.1212945,0.141867995262146,0.9629999995231628,0.5824999809265137
YPL101W,YGL051W,0,-6.1213574,0.14184710383415222,0.9629999995231628,0.5825999975204468
YHR074W,YOL125W,0,-6.121507,0.14182621240615845,0.9629999995231628,0.5827000141143799
YJR119C,YLL056C,0,-6.1218557,0.14180533587932587,0.9629999995231628,0.5827999711036682
YKL073W,YLR227W-A,0,-6.122233,0.1417844593524933,0.9629999995231628,0.5828999876976013
YNL239W,YNL262W,0,-6.122243,0.1417635828256607,0.9629999995231628,0.5830000042915344
YDR314C,YFL058W,0,-6.1223106,0.14174272119998932,0.9629999995231628,0.5831000208854675
YML078W,YDR194C,0,-6.1224117,0.14172185957431793,0.9629999995231628,0.5831999778747559
YML051W,YOL102C,0,-6.1225667,0.14170099794864655,0.9629999995231628,0.583299994468689
YIR015W,YLR157C-B,0,-6.12292,0.14168015122413635,0.9629999995231628,0.5834000110626221
YGR010W,YNL054W-A,0,-6.1232147,0.14165930449962616,0.9629999995231628,0.5835000276565552
YPL095C,YHR205W,0,-6.1233153,0.14163847267627716,0.9629999995231628,0.5835999846458435
YHR204W,YKR060W,0,-6.123896,0.14161764085292816,0.9629999995231628,0.5837000012397766
YOR150W,YOL005C,0,-6.124314,0.14159682393074036,0.9629999995231628,0.5838000178337097
YAL001C,YPL276W,0,-6.124534,0.14157600700855255,0.9629999995231628,0.583899974822998
YMR038C,YJL114W,0,-6.124964,0.14155519008636475,0.9629999995231628,0.5839999914169312
YNL325C,YKL073W,0,-6.1257057,0.14153438806533813,0.9629999995231628,0.5841000080108643
YJL166W,YPR018W,0,-6.126355,0.14151358604431152,0.9629999995231628,0.5842000246047974
YIR013C,YLR264W,0,-6.1264424,0.1414927989244461,0.9629999995231628,0.5842999815940857
YLR452C,YBL005W-B,0,-6.126545,0.1414720118045807,0.9629999995231628,0.5843999981880188
YHL011C,YOL031C,0,-6.126614,0.14145123958587646,0.9629999995231628,0.5845000147819519
YOL021C,YIL038C,0,-6.1266656,0.14143045246601105,0.9629999995231628,0.5845999717712402
YNR054C,YGL094C,0,-6.126923,0.14140969514846802,0.9629999995231628,0.5846999883651733
YNL328C,YHR039C-B,0,-6.1270533,0.1413889229297638,0.9629999995231628,0.5848000049591064
YGL027C,YNL213C,0,-6.127326,0.14136818051338196,0.9629999995231628,0.5849000215530396
YPL217C,YDR434W,0,-6.1274986,0.14134742319583893,0.9629999995231628,0.5849999785423279
YNL116W,YOR298C-A,0,-6.127718,0.1413266807794571,0.9629999995231628,0.585099995136261
YLR097C,YDR329C,0,-6.127997,0.14130593836307526,0.9629999995231628,0.5852000117301941
YDR397C,YIL031W,0,-6.128264,0.14128521084785461,0.9629999995231628,0.5853000283241272
YLR305C,YPL063W,0,-6.128537,0.14126448333263397,0.9629999995231628,0.5853999853134155
YAL012W,YFL018W-A,0,-6.1286845,0.14124377071857452,0.9629999995231628,0.5855000019073486
YIL002C,YGL044C,0,-6.129077,0.14122305810451508,0.9629999995231628,0.5856000185012817
YNL280C,YGL039W,0,-6.1291065,0.14120234549045563,0.9629999995231628,0.5856999754905701
YLR007W,YGR013W,0,-6.1311927,0.14118164777755737,0.9629999995231628,0.5857999920845032
YKL175W,YMR045C,0,-6.1315203,0.14116095006465912,0.9629999995231628,0.5859000086784363
YGR055W,YJL139C,0,-6.1316166,0.14114026725292206,0.9629999995231628,0.5860000252723694
YIL044C,YPR190C,0,-6.1325526,0.141119584441185,0.9629999995231628,0.5860999822616577
YKL165C,YBL046W,0,-6.132811,0.14109890162944794,0.9629999995231628,0.5861999988555908
YNR033W,YJL071W,0,-6.1330647,0.14107823371887207,0.9629999995231628,0.5863000154495239
YJR105W,YPL174C,0,-6.1334925,0.1410575658082962,0.9629999995231628,0.5863999724388123
YBR160W,YLR328W,0,-6.133598,0.14103691279888153,0.9629999995231628,0.5864999890327454
YLR328W,YER093C,0,-6.134281,0.14101625978946686,0.9629999995231628,0.5866000056266785
YDL220C,YPL265W,0,-6.1350064,0.14099560678005219,0.9629999995231628,0.5867000222206116
YMR177W,YER173W,0,-6.135011,0.1409749686717987,0.9629999995231628,0.5867999792098999
YKL152C,YMR032W,0,-6.1357417,0.14095433056354523,0.9629999995231628,0.586899995803833
YDR244W,YMR239C,0,-6.1360927,0.14093370735645294,0.9629999995231628,0.5870000123977661
YCR028C,YLR043C,0,-6.1362123,0.14091308414936066,0.9629999995231628,0.5871000289916992
YAL020C,YGR074W,0,-6.136354,0.14089246094226837,0.9629999995231628,0.5871999859809875
YER118C,YJL093C,0,-6.136451,0.14087185263633728,0.9629999995231628,0.5873000025749207
YOL026C,YGR109W-A,0,-6.1370573,0.1408512443304062,0.9629999995231628,0.5874000191688538
YPR108W,YNR026C,0,-6.1371293,0.1408306509256363,0.9629999995231628,0.5874999761581421
YBR109C,YDL194W,0,-6.137764,0.1408100575208664,0.9629999995231628,0.5875999927520752
YAL041W,YPL257W-A,0,-6.137843,0.1407894790172577,0.9629999995231628,0.5877000093460083
YAL022C,YMR101C,0,-6.138168,0.140768900513649,0.9629999995231628,0.5878000259399414
YKR008W,YDR078C,0,-6.138219,0.14074832201004028,0.9629999995231628,0.5878999829292297
YMR177W,YOR162C,0,-6.1383004,0.14072775840759277,0.9629999995231628,0.5879999995231628
YMR092C,YFL059W,0,-6.1383142,0.14070719480514526,0.9629999995231628,0.588100016117096
YJL095W,YCR053W,0,-6.138461,0.14068663120269775,0.9629999995231628,0.5881999731063843
YOR112W,YCR020W-B,0,-6.138562,0.14066608250141144,0.9629999995231628,0.5882999897003174
YDL030W,YDR178W,0,-6.1387277,0.14064553380012512,0.9629999995231628,0.5884000062942505
YIL033C,YIL075C,0,-6.138856,0.140625,0.9629999995231628,0.5885000228881836
YER029C,YOR332W,0,-6.1390724,0.14060446619987488,0.9629999995231628,0.5885999798774719
YJR153W,YHL012W,0,-6.139337,0.14058394730091095,0.9629999995231628,0.588699996471405
YOL135C,YGL178W,0,-6.1396103,0.14056342840194702,0.9629999995231628,0.5888000130653381
YBR153W,YHR163W,0,-6.1396217,0.1405429095029831,0.9629999995231628,0.5889000296592712
YAL059W,YOR127W,0,-6.1397967,0.14052240550518036,0.9629999995231628,0.5889999866485596
YNL232W,YMR047C,0,-6.1403394,0.14050190150737762,0.9629999995231628,0.5891000032424927
YGL210W-A,YDR416W,0,-6.1404414,0.1404813975095749,0.9629999995231628,0.5892000198364258
YOR380W,YBL055C,0,-6.1406026,0.14046090841293335,0.9629999995231628,0.5892999768257141
YGR296W,YPR137C-B,0,-6.1407886,0.1404404193162918,0.9629999995231628,0.5893999934196472
YHL040C,YLL001W,0,-6.14082,0.14041994512081146,0.9629999995231628,0.5895000100135803
YPL146C,YDR323C,0,-6.14087,0.14039947092533112,0.9629999995231628,0.5896000266075134
YHR055C,YMR013C,0,-6.1422606,0.14037901163101196,0.9629999995231628,0.5896999835968018
YBR079C,YPL138C,0,-6.1425195,0.1403585523366928,0.9629999995231628,0.5898000001907349
YGL021W,YOR243C,0,-6.1431136,0.14033809304237366,0.9629999995231628,0.589900016784668
YER154W,YOR275C,0,-6.143363,0.1403176486492157,0.9629999995231628,0.5899999737739563
YPR122W,YGL045W,0,-6.143497,0.14029720425605774,0.9629999995231628,0.5900999903678894
YDR211W,YLR126C,0,-6.1446157,0.14027675986289978,0.9629999995231628,0.5902000069618225
YMR207C,YML028W,0,-6.145079,0.14025633037090302,0.9629999995231628,0.5903000235557556
YHR142W,YDR363W,0,-6.1455483,0.14023591578006744,0.9629999995231628,0.590399980545044
YGL244W,YLR466W,0,-6.145573,0.14021548628807068,0.9629999995231628,0.590499997138977
YKL144C,YIL076W,0,-6.1458044,0.1401950865983963,0.9629999995231628,0.5906000137329102
YNL232W,YOR178C,0,-6.1458964,0.14017467200756073,0.9629999995231628,0.5906999707221985
YBR293W,YLR455W,0,-6.145938,0.14015427231788635,0.9629999995231628,0.5907999873161316
YDR138W,YNL097C,0,-6.1460814,0.14013387262821198,0.9629999995231628,0.5909000039100647
YLR274W,YGL209W,0,-6.1461816,0.1401134878396988,0.9629999995231628,0.5910000205039978
YBL016W,YMR050C,0,-6.146259,0.1400931030511856,0.9629999995231628,0.5910999774932861
YGL163C,YOR315W,0,-6.1464024,0.14007273316383362,0.9629999995231628,0.5911999940872192
YGR057C,YCL052C,0,-6.1465592,0.14005236327648163,0.9629999995231628,0.5913000106811523
YIL128W,YIL075C,0,-6.1471086,0.14003199338912964,0.9629999995231628,0.5914000272750854
YHR074W,YBR024W,0,-6.147829,0.14001163840293884,0.9629999995231628,0.5914999842643738
YBL099W,YMR109W,0,-6.1490326,0.13999128341674805,0.9629999995231628,0.5916000008583069
YML012W,YPL082C,0,-6.1490846,0.13997092843055725,0.9629999995231628,0.59170001745224
YNL149C,YDL147W,0,-6.149259,0.13995058834552765,0.9629999995231628,0.5917999744415283
YDR182W,YCL043C,0,-6.149339,0.13993024826049805,0.9629999995231628,0.5918999910354614
YCL067C,YOR326W,0,-6.1498094,0.13990992307662964,0.9629999995231628,0.5920000076293945
YBL106C,YMR093W,0,-6.150026,0.13988959789276123,0.9629999995231628,0.5921000242233276
YBR161W,YHR072W-A,0,-6.150209,0.13986928761005402,0.9629999995231628,0.592199981212616
YMR081C,YNL239W,0,-6.1502557,0.1398489624261856,0.9629999995231628,0.5922999978065491
YMR092C,YLR376C,0,-6.150289,0.1398286670446396,0.9629999995231628,0.5924000144004822
YKL191W,YGL194C,0,-6.1505523,0.13980835676193237,0.9629999995231628,0.5924999713897705
YJR050W,YJL050W,0,-6.1505656,0.13978806138038635,0.9629999995231628,0.5925999879837036
YNL161W,YJL190C,0,-6.15075,0.13976778090000153,0.9629999995231628,0.5927000045776367
YFR051C,YKL028W,0,-6.1513085,0.1397475004196167,0.9629999995231628,0.5928000211715698
YER036C,YER044C-A,0,-6.151479,0.13972721993923187,0.9629999995231628,0.5928999781608582
YLR110C,YDR379W,0,-6.1515527,0.13970695436000824,0.9629999995231628,0.5929999947547913
YGL238W,YER169W,0,-6.1515613,0.1396866887807846,0.9629999995231628,0.5931000113487244
YLR133W,YIL149C,0,-6.1516,0.13966642320156097,0.9629999995231628,0.5932000279426575
YJR059W,YGR038C-B,0,-6.15198,0.13964617252349854,0.9629999995231628,0.5932999849319458
YBL015W,YKL220C,0,-6.152032,0.1396259218454361,0.9629999995231628,0.5934000015258789
YBL042C,YCR026C,0,-6.152227,0.13960568606853485,0.9629999995231628,0.593500018119812
YOL135C,YGL210W-A,0,-6.152868,0.1395854502916336,0.9629999995231628,0.5935999751091003
YAL031C,YLR321C,1,-6.153639,0.13971014320850372,0.9639999866485596,0.5935999751091003
YJL108C,YDR460W,0,-6.153871,0.13968990743160248,0.9639999866485596,0.5936999917030334
YER162C,YDR463W,0,-6.153969,0.13966965675354004,0.9639999866485596,0.5938000082969666
YGR109C,YOR206W,0,-6.1541667,0.1396494209766388,0.9639999866485596,0.5939000248908997
YPR057W,YMR081C,0,-6.1545215,0.13962920010089874,0.9639999866485596,0.593999981880188
YGR238C,YOR110W,0,-6.154533,0.1396089792251587,0.9639999866485596,0.5940999984741211
YHR115C,YLR450W,0,-6.1546364,0.13958875834941864,0.9639999866485596,0.5942000150680542
YHL034C,YBR198C,0,-6.1561556,0.13956855237483978,0.9639999866485596,0.5942999720573425
YPR124W,YML039W,0,-6.1563,0.13954834640026093,0.9639999866485596,0.5943999886512756
YPL203W,YDR261C-D,0,-6.1564946,0.13952815532684326,0.9639999866485596,0.5945000052452087
YPL040C,YGR038C-B,0,-6.157083,0.1395079642534256,0.9639999866485596,0.5946000218391418
YER126C,YJL072C,0,-6.157509,0.13948777318000793,0.9639999866485596,0.5946999788284302
YDR296W,YJL072C,0,-6.157573,0.13946759700775146,0.9639999866485596,0.5947999954223633
YJL071W,YOR313C,0,-6.1579843,0.139447420835495,0.9639999866485596,0.5949000120162964
YDL200C,YJR074W,0,-6.1580377,0.13942724466323853,0.9639999866485596,0.5950000286102295
YOL013C,YOR338W,0,-6.1584506,0.13940708339214325,0.9639999866485596,0.5950999855995178
YPL149W,YPL106C,0,-6.1586394,0.13938692212104797,0.9639999866485596,0.5952000021934509
YOR023C,YLR224W,0,-6.1595426,0.1393667757511139,0.9639999866485596,0.595300018787384
YHR069C,YBR012W-A,0,-6.159973,0.1393466293811798,0.9639999866485596,0.5953999757766724
YOR168W,YCR084C,0,-6.16009,0.13932649791240692,0.9639999866485596,0.5954999923706055
YNL325C,YBL005W-A,0,-6.1604,0.13930635154247284,0.9639999866485596,0.5956000089645386
YHR072W-A,YFL045C,0,-6.160503,0.13928623497486115,0.9639999866485596,0.5957000255584717
YPL101W,YCL075W,0,-6.1606035,0.13926610350608826,0.9639999866485596,0.59579998254776
YNL119W,YEL017C-A,0,-6.16073,0.13924598693847656,0.9639999866485596,0.5958999991416931
YKL011C,YIL051C,0,-6.1617794,0.13922588527202606,0.9639999866485596,0.5960000157356262
YOL049W,YNL263C,0,-6.162246,0.13920578360557556,0.9639999866485596,0.5960999727249146
YML078W,YDR306C,0,-6.1629024,0.13918568193912506,0.9639999866485596,0.5961999893188477
YCR040W,YOL127W,0,-6.1631746,0.13916558027267456,0.9639999866485596,0.5963000059127808
YBR286W,YKL196C,0,-6.163318,0.13914549350738525,0.9639999866485596,0.5964000225067139
YDL045C,YKR085C,0,-6.1634345,0.13912542164325714,0.9639999866485596,0.5964999794960022
YBR228W,YBL100W-B,0,-6.163662,0.13910533487796783,0.9639999866485596,0.5965999960899353
YMR200W,YGL096W,0,-6.1641655,0.13908526301383972,0.9639999866485596,0.5967000126838684
YMR277W,YMR314W,0,-6.1643543,0.1390652060508728,0.9639999866485596,0.5968000292778015
YNL288W,YOL128C,0,-6.1644607,0.13904514908790588,0.9639999866485596,0.5968999862670898
YKR067W,YKR082W,0,-6.164462,0.13902509212493896,0.9639999866485596,0.597000002861023
YOR020C,YNL218W,0,-6.1644654,0.13900505006313324,0.9639999866485596,0.597100019454956
YBR095C,YOL097C,0,-6.16468,0.13898500800132751,0.9639999866485596,0.5971999764442444
YJL196C,YDR508C,0,-6.1648173,0.1389649659395218,0.9639999866485596,0.5972999930381775
YOL135C,YIL013C,0,-6.164832,0.13894493877887726,0.9639999866485596,0.5974000096321106
YCR048W,YCR020C-A,0,-6.1663184,0.13892491161823273,0.9639999866485596,0.5975000262260437
YPR105C,YMR210W,0,-6.166473,0.1389048993587494,0.9639999866485596,0.597599983215332
YOL049W,YBR143C,0,-6.166796,0.13888488709926605,0.9639999866485596,0.5976999998092651
YPL116W,YPR163C,0,-6.1668005,0.13886487483978271,0.9639999866485596,0.5978000164031982
YJL031C,YGL100W,0,-6.167118,0.13884487748146057,0.9639999866485596,0.5978999733924866
YJR132W,YOR353C,0,-6.1672707,0.13882488012313843,0.9639999866485596,0.5979999899864197
YOR034C,YKR097W,0,-6.1673694,0.13880489766597748,0.9639999866485596,0.5981000065803528
YNL149C,YEL037C,0,-6.167396,0.13878491520881653,0.9639999866485596,0.5982000231742859
YBL063W,YDL118W,0,-6.1679845,0.13876493275165558,0.9639999866485596,0.5982999801635742
YKL193C,YJL074C,1,-6.1681423,0.1388888955116272,0.9649999737739563,0.5982999801635742
YJL031C,YGR257C,0,-6.1683908,0.13886889815330505,0.9649999737739563,0.5983999967575073
YML110C,YDL013W,0,-6.1694274,0.1388489156961441,0.9649999737739563,0.5985000133514404
YOR240W,YER183C,0,-6.1697955,0.13882894814014435,0.9649999737739563,0.5985999703407288
YNL117W,YHR074W,0,-6.1698265,0.1388089805841446,0.9649999737739563,0.5986999869346619
YOL151W,YMR004W,0,-6.170252,0.13878901302814484,0.9649999737739563,0.598800003528595
YGR204W,YLR246W,0,-6.170452,0.13876906037330627,0.9649999737739563,0.5989000201225281
YFR037C,YLR452C,0,-6.170525,0.1387491077184677,0.9649999737739563,0.5989999771118164
YKL150W,YMR075W,0,-6.170924,0.13872915506362915,0.9649999737739563,0.5990999937057495
YGR220C,YNL221C,0,-6.1714716,0.13870921730995178,0.9649999737739563,0.5992000102996826
YOR288C,YCR020C,0,-6.1717134,0.13868927955627441,0.9649999737739563,0.5993000268936157
YBR035C,YGL063W,0,-6.172931,0.13866934180259705,0.9649999737739563,0.599399983882904
YBL042C,YIL013C,0,-6.1729717,0.13864941895008087,0.9649999737739563,0.5995000004768372
YHR079C,YIL016W,0,-6.1732335,0.1386295109987259,0.9649999737739563,0.5996000170707703
YFR009W,YMR298W,0,-6.174274,0.13860958814620972,0.9649999737739563,0.5996999740600586
YPR067W,YKL079W,0,-6.1744795,0.13858969509601593,0.9649999737739563,0.5997999906539917
YOR308C,YMR093W,0,-6.1747365,0.13856978714466095,0.9649999737739563,0.5999000072479248
YML086C,YFR048W,0,-6.1751046,0.13854989409446716,0.9649999737739563,0.6000000238418579
YIL018W,YOR129C,0,-6.1755705,0.13853000104427338,0.9649999737739563,0.6000999808311462
YGR279C,YIL063C,0,-6.1759486,0.13851012289524078,0.9649999737739563,0.6001999974250793
YGR037C,YPR052C,0,-6.1760826,0.1384902447462082,0.9649999737739563,0.6003000140190125
YJR064W,YOL080C,0,-6.176229,0.1384703665971756,0.9649999737739563,0.6003999710083008
YLR391W-A,YBR037C,0,-6.1762905,0.1384505033493042,0.9649999737739563,0.6004999876022339
YCR037C,YIL021W,0,-6.1764064,0.1384306401014328,0.9649999737739563,0.600600004196167
YNL202W,YER190W,0,-6.1764274,0.1384107917547226,0.9649999737739563,0.6007000207901001
YDR188W,YMR046C,0,-6.176514,0.1383909434080124,0.9649999737739563,0.6007999777793884
YNL068C,YGR256W,0,-6.1769557,0.13837109506130219,0.9649999737739563,0.6008999943733215
YCL003W,YIL143C,0,-6.177075,0.13835126161575317,0.9649999737739563,0.6010000109672546
YGR254W,YLR337W,0,-6.1770883,0.13833142817020416,0.9649999737739563,0.6011000275611877
YDR142C,YMR045C,0,-6.177545,0.13831159472465515,0.9649999737739563,0.6011999845504761
YKR076W,YDR096W,0,-6.177557,0.13829177618026733,0.9649999737739563,0.6013000011444092
YGL047W,YBR131W,0,-6.1781416,0.13827195763587952,0.9649999737739563,0.6014000177383423
YPL119C,YMR236W,0,-6.1785607,0.1382521539926529,0.9649999737739563,0.6014999747276306
YPL202C,YOR380W,0,-6.1788564,0.13823235034942627,0.9649999737739563,0.6015999913215637
YFR001W,YGL153W,0,-6.1789694,0.13821254670619965,0.9649999737739563,0.6017000079154968
YOR381W,YMR050C,0,-6.1789937,0.13819275796413422,0.9649999737739563,0.6018000245094299
YER161C,YNL138W,0,-6.1795754,0.1381729692220688,0.9649999737739563,0.6018999814987183
YGR037C,YGR289C,0,-6.180065,0.13815318048000336,0.9649999737739563,0.6019999980926514
YDR378C,YPL063W,0,-6.18024,0.13813340663909912,0.9649999737739563,0.6021000146865845
YGR225W,YNL037C,0,-6.1803937,0.13811363279819489,0.9649999737739563,0.6021999716758728
YFL034C-B,YNL313C,0,-6.1805663,0.13809387385845184,0.9649999737739563,0.6022999882698059
YPR002W,YJL140W,0,-6.181224,0.1380741149187088,0.9649999737739563,0.602400004863739
YKR057W,YOL004W,0,-6.182073,0.13805435597896576,0.9649999737739563,0.6025000214576721
YMR043W,YOR265W,0,-6.1826525,0.1380346119403839,0.9649999737739563,0.6025999784469604
YKL017C,YIR041W,0,-6.182939,0.13801486790180206,0.9649999737739563,0.6026999950408936
YKL051W,YOR179C,0,-6.1833816,0.1379951387643814,0.9649999737739563,0.6028000116348267
YJR105W,YDL118W,0,-6.183888,0.13797540962696075,0.9649999737739563,0.6029000282287598
YLR363C,YLL041C,0,-6.184049,0.1379556804895401,0.9649999737739563,0.6029999852180481
YER177W,YHL025W,0,-6.1845026,0.13793596625328064,0.9649999737739563,0.6031000018119812
YFL009W,YJR050W,0,-6.1852818,0.13791625201702118,0.9649999737739563,0.6032000184059143
YDR085C,YLR007W,0,-6.1854253,0.13789653778076172,0.9649999737739563,0.6032999753952026
YEL029C,YEL053C,0,-6.185498,0.13787683844566345,0.9649999737739563,0.6033999919891357
YGL090W,YFL018W-A,0,-6.1855645,0.13785713911056519,0.9649999737739563,0.6035000085830688
YLR096W,YIL051C,0,-6.185617,0.1378374546766281,0.9649999737739563,0.603600025177002
YLR106C,YOR343W-B,0,-6.1862373,0.13781777024269104,0.9649999737739563,0.6036999821662903
YER044C,YDR473C,0,-6.18629,0.13779808580875397,0.9649999737739563,0.6037999987602234
YDR251W,YLR043C,0,-6.1865706,0.1377784162759781,0.9649999737739563,0.6039000153541565
YDR448W,YGL001C,0,-6.186623,0.1377587467432022,0.9649999737739563,0.6039999723434448
YPR005C,YGR170W,0,-6.1869025,0.13773907721042633,0.9649999737739563,0.6040999889373779
YKR036C,YBL050W,0,-6.187631,0.13771942257881165,0.9649999737739563,0.604200005531311
YPL075W,YLR426W,0,-6.188103,0.13769976794719696,0.9649999737739563,0.6043000221252441
YER005W,YHL012W,0,-6.1881933,0.13768012821674347,0.9649999737739563,0.6043999791145325
YHL047C,YKL057C,0,-6.1882205,0.13766048848628998,0.9649999737739563,0.6044999957084656
YLR394W,YGR111W,0,-6.188584,0.1376408487558365,0.9649999737739563,0.6046000123023987
YOR109W,YOR129C,0,-6.189061,0.1376212239265442,0.9649999737739563,0.6047000288963318
YOR236W,YIL039W,0,-6.189477,0.1376015990972519,0.9649999737739563,0.6047999858856201
YDR443C,YML115C,0,-6.189923,0.1375819742679596,0.9649999737739563,0.6049000024795532
YPL015C,YJR049C,0,-6.1899858,0.1375623643398285,0.9649999737739563,0.6050000190734863
YGL168W,YDR345C,0,-6.190004,0.1375427544116974,0.9649999737739563,0.6050999760627747
YNR030W,YGR008C,0,-6.190182,0.13752315938472748,0.9649999737739563,0.6051999926567078
YFL059W,YJR029W,0,-6.1905246,0.13750356435775757,0.9649999737739563,0.6053000092506409
YER129W,YIL080W,0,-6.1907296,0.13748396933078766,0.9649999737739563,0.605400025844574
YOR109W,YER012W,0,-6.190852,0.13746438920497894,0.9649999737739563,0.6054999828338623
YLR102C,YML085C,1,-6.1911287,0.13758723437786102,0.9660000205039978,0.6054999828338623
YDR075W,YGL011C,0,-6.191241,0.1375676393508911,0.9660000205039978,0.6055999994277954
YGL073W,YAR003W,0,-6.191996,0.1375480592250824,0.9660000205039978,0.6057000160217285
YGR103W,YCL074W,0,-6.192021,0.13752847909927368,0.9660000205039978,0.6057999730110168
YKL007W,YKL129C,0,-6.192097,0.13750889897346497,0.9660000205039978,0.60589998960495
YBR247C,YPR031W,0,-6.192131,0.13748931884765625,0.9660000205039978,0.6060000061988831
YNL048W,YAL068C,0,-6.1921625,0.13746975362300873,0.9660000205039978,0.6061000227928162
YFL034C-B,YOR057W,0,-6.192242,0.1374502032995224,0.9660000205039978,0.6061999797821045
YGL084C,YKL079W,0,-6.192503,0.13743063807487488,0.9660000205039978,0.6062999963760376
YML027W,YLR126C,0,-6.1927447,0.13741110265254974,0.9660000205039978,0.6064000129699707
YKL148C,YLR262C,0,-6.1935782,0.13739155232906342,0.9660000205039978,0.6065000295639038
YDR069C,YFL058W,0,-6.1938057,0.13737201690673828,0.9660000205039978,0.6065999865531921
YIL021W,YDR470C,0,-6.193918,0.13735248148441315,0.9660000205039978,0.6067000031471252
YMR145C,YOL020W,0,-6.1941743,0.1373329609632492,0.9660000205039978,0.6068000197410583
YNL153C,YMR080C,0,-6.1943526,0.13731342554092407,0.9660000205039978,0.6068999767303467
YPL012W,YKL130C,0,-6.1946015,0.13729391992092133,0.9660000205039978,0.6069999933242798
YGL063W,YGL227W,0,-6.194778,0.13727439939975739,0.9660000205039978,0.6071000099182129
YPR057W,YBR182C,0,-6.195028,0.13725490868091583,0.9660000205039978,0.607200026512146
YML010W,YGR082W,0,-6.1951957,0.13723540306091309,0.9660000205039978,0.6072999835014343
YOL017W,YEL009C,0,-6.1952357,0.13721591234207153,0.9660000205039978,0.6074000000953674
YFR008W,YJL141C,0,-6.19561,0.13719642162322998,0.9660000205039978,0.6075000166893005
YKR085C,YJL039C,0,-6.1960387,0.13717694580554962,0.9660000205039978,0.6075999736785889
YDR448W,YDR317W,0,-6.196928,0.13715745508670807,0.9660000205039978,0.607699990272522
YMR305C,YBR077C,0,-6.1970754,0.1371379941701889,0.9660000205039978,0.6078000068664551
YER061C,YGR048W,0,-6.1971445,0.13711851835250854,0.9660000205039978,0.6079000234603882
YDR194C,YML010W,0,-6.197619,0.13709905743598938,0.9660000205039978,0.6079999804496765
YMR177W,YDL232W,0,-6.1976857,0.1370796114206314,0.9660000205039978,0.6080999970436096
YER114C,YKL152C,0,-6.1987634,0.13706016540527344,0.9660000205039978,0.6082000136375427
YML074C,YMR127C,0,-6.199596,0.13704071938991547,0.9660000205039978,0.608299970626831
YNR001C,YJL219W,0,-6.1997366,0.1370212733745575,0.9660000205039978,0.6083999872207642
YDL004W,YER129W,0,-6.201108,0.13700184226036072,0.9660000205039978,0.6085000038146973
YDR224C,YOR212W,0,-6.2012076,0.13698241114616394,0.9660000205039978,0.6086000204086304
YDR179C,YLL024C,0,-6.201363,0.13696299493312836,0.9660000205039978,0.6086999773979187
YDL188C,YDL235C,0,-6.202034,0.13694357872009277,0.9660000205039978,0.6087999939918518
YML078W,YDL147W,0,-6.2021065,0.1369241625070572,0.9660000205039978,0.6089000105857849
YJR135C,YBR156C,1,-6.2022643,0.13704648613929749,0.9670000076293945,0.6089000105857849
YCL029C,YER166W,0,-6.202402,0.1370270699262619,0.9670000076293945,0.609000027179718
YLL011W,YDR334W,0,-6.2024508,0.13700765371322632,0.9670000076293945,0.6090999841690063
YPL154C,YGR212W,0,-6.2029066,0.13698823750019073,0.9670000076293945,0.6092000007629395
YNL016W,YNL283C,0,-6.2033772,0.13696883618831635,0.9670000076293945,0.6093000173568726
YKL125W,YBL005W-A,0,-6.203632,0.13694943487644196,0.9670000076293945,0.6093999743461609
YBR160W,YOR132W,0,-6.2065096,0.13693004846572876,0.9670000076293945,0.609499990940094
YDL042C,YGR042W,0,-6.2069087,0.13691066205501556,0.9670000076293945,0.6096000075340271
YOR109W,YDL038C,0,-6.207089,0.13689127564430237,0.9670000076293945,0.6097000241279602
YJR084W,YKL019W,0,-6.2071347,0.13687190413475037,0.9670000076293945,0.6097999811172485
YPL096W,YFL002W-A,0,-6.207625,0.13685253262519836,0.9670000076293945,0.6098999977111816
YGR074W,YKL028W,0,-6.2076483,0.13683316111564636,0.9670000076293945,0.6100000143051147
YGR109C,YDR247W,0,-6.208156,0.13681380450725555,0.9670000076293945,0.6100999712944031
YKL019W,YBR006W,0,-6.2085414,0.13679444789886475,0.9670000076293945,0.6101999878883362
YPL275W,YGR249W,0,-6.209007,0.13677510619163513,0.9670000076293945,0.6103000044822693
YOL158C,YAL068C,0,-6.2092967,0.13675576448440552,0.9670000076293945,0.6104000210762024
YBR143C,YJR110W,0,-6.2093263,0.1367364227771759,0.9670000076293945,0.6104999780654907
YJL170C,YER168C,0,-6.209718,0.13671709597110748,0.9670000076293945,0.6105999946594238
YJL005W,YJR028W,0,-6.2098155,0.13669776916503906,0.9670000076293945,0.6107000112533569
YER143W,YDR135C,0,-6.2101946,0.13667844235897064,0.9670000076293945,0.61080002784729
YBR095C,YDL060W,0,-6.2103753,0.13665913045406342,0.9670000076293945,0.6108999848365784
YIL153W,YLL016W,0,-6.210501,0.1366398185491562,0.9670000076293945,0.6110000014305115
YOR034C,YLR107W,0,-6.210864,0.13662052154541016,0.9670000076293945,0.6111000180244446
YOR130C,YHL034C,0,-6.2109933,0.13660120964050293,0.9670000076293945,0.6111999750137329
YML078W,YGR163W,0,-6.211223,0.1365819275379181,0.9670000076293945,0.611299991607666
YGR195W,YGR109W-B,0,-6.2114577,0.13656263053417206,0.9670000076293945,0.6114000082015991
YLR141W,YDR293C,0,-6.211885,0.13654334843158722,0.9670000076293945,0.6115000247955322
YPL076W,YDR293C,0,-6.21284,0.13652406632900238,0.9670000076293945,0.6115999817848206
YIL070C,YBR218C,0,-6.2129245,0.13650479912757874,0.9670000076293945,0.6116999983787537
YIL149C,YOR027W,0,-6.2138095,0.1364855319261551,0.9670000076293945,0.6118000149726868
YOR239W,YLL043W,0,-6.2138844,0.13646626472473145,0.9670000076293945,0.6118999719619751
YBR236C,YLR240W,0,-6.214662,0.136447012424469,0.9670000076293945,0.6119999885559082
YDR251W,YIL123W,0,-6.214762,0.13642776012420654,0.9670000076293945,0.6121000051498413
YJR144W,YDL093W,0,-6.2149215,0.13640852272510529,0.9670000076293945,0.6122000217437744
YBR298C,YJL138C,0,-6.215297,0.13638928532600403,0.9670000076293945,0.6122999787330627
YHR163W,YJR029W,0,-6.2156067,0.13637004792690277,0.9670000076293945,0.6123999953269958
YLL009C,YNL201C,0,-6.2156887,0.1363508105278015,0.9670000076293945,0.612500011920929
YFL011W-A,YPR125W,0,-6.2160487,0.13633158802986145,0.9670000076293945,0.6126000285148621
YDR153C,YJR004C,0,-6.2164474,0.13631238043308258,0.9670000076293945,0.6126999855041504
YML058W,YER123W,0,-6.2171245,0.13629315793514252,0.9670000076293945,0.6128000020980835
YPL271W,YPL221W,0,-6.2173758,0.13627395033836365,0.9670000076293945,0.6129000186920166
YOL054W,YBR024W,0,-6.2176166,0.13625475764274597,0.9670000076293945,0.6129999756813049
YNL288W,YBL045C,0,-6.218161,0.1362355649471283,0.9670000076293945,0.613099992275238
YCL017C,YPL159C,0,-6.218174,0.13621637225151062,0.9670000076293945,0.6132000088691711
YML010W,YBR162C,0,-6.2185597,0.13619717955589294,0.9670000076293945,0.6133000254631042
YML036W,YPR163C,0,-6.2187753,0.13617800176143646,0.9670000076293945,0.6133999824523926
YER160C,YPR137C-B,0,-6.2189097,0.13615882396697998,0.9670000076293945,0.6134999990463257
YLR256W,YIL110W,0,-6.2189984,0.1361396610736847,0.9670000076293945,0.6136000156402588
YGR057C,YJL029C,0,-6.2191005,0.1361204981803894,0.9670000076293945,0.6136999726295471
YBR179C,YIL160C,0,-6.2191415,0.13610133528709412,0.9670000076293945,0.6137999892234802
YIL117C,YIL173W,0,-6.2193213,0.13608218729496002,0.9670000076293945,0.6139000058174133
YOR346W,YGL227W,0,-6.220651,0.13606303930282593,0.9670000076293945,0.6140000224113464
YMR042W,YNL117W,0,-6.2206593,0.13604389131069183,0.9670000076293945,0.6140999794006348
YOR249C,YML085C,1,-6.2209754,0.13616542518138885,0.9679999947547913,0.6140999794006348
YDL113C,YCL019W,0,-6.2210917,0.13614627718925476,0.9679999947547913,0.6141999959945679
YAL029C,YMR045C,0,-6.221132,0.13612712919712067,0.9679999947547913,0.614300012588501
YDR182W,YPL243W,0,-6.221839,0.13610798120498657,0.9679999947547913,0.6144000291824341
YGR013W,YMR051C,0,-6.2219205,0.13608884811401367,0.9679999947547913,0.6144999861717224
YJL178C,YOR143C,0,-6.222127,0.13606971502304077,0.9679999947547913,0.6146000027656555
YNR016C,YOR304W,0,-6.2234497,0.13605059683322906,0.9679999947547913,0.6147000193595886
YDR183W,YDL150W,0,-6.223636,0.13603147864341736,0.9679999947547913,0.614799976348877
YEL071W,YGL049C,0,-6.224098,0.13601236045360565,0.9679999947547913,0.6148999929428101
YGR094W,YKL214C,0,-6.224171,0.13599325716495514,0.9679999947547913,0.6150000095367432
YOR206W,YNL099C,0,-6.224351,0.13597415387630463,0.9679999947547913,0.6151000261306763
YKR095W,YLL056C,0,-6.2253532,0.1359550505876541,0.9679999947547913,0.6151999831199646
YOL139C,YLR455W,0,-6.2253747,0.1359359622001648,0.9679999947547913,0.6152999997138977
YBR237W,YJL093C,0,-6.225635,0.13591687381267548,0.9679999947547913,0.6154000163078308
YDR202C,YKL154W,0,-6.225759,0.13589780032634735,0.9679999947547913,0.6154999732971191
YIL140W,YMR210W,0,-6.225984,0.13587872684001923,0.9679999947547913,0.6155999898910522
YGL191W,YJR059W,0,-6.22838,0.1358596533536911,0.9679999947547913,0.6157000064849854
YCL026C-A,YOR001W,0,-6.228613,0.13584057986736298,0.9679999947547913,0.6158000230789185
YDL135C,YNL313C,0,-6.2286754,0.13582152128219604,0.9679999947547913,0.6158999800682068
YOL038W,YHR161C,0,-6.2289367,0.1358024626970291,0.9679999947547913,0.6159999966621399
YJL020C,YLR438C-A,0,-6.2290826,0.13578341901302338,0.9679999947547913,0.616100013256073
YPR171W,YHR056C,0,-6.229937,0.13576437532901764,0.9679999947547913,0.6161999702453613
YKL051W,YPR074C,0,-6.2299767,0.1357453316450119,0.9679999947547913,0.6162999868392944
YKL084W,YDR146C,0,-6.230317,0.13572630286216736,0.9679999947547913,0.6164000034332275
YJR057W,YMR091C,0,-6.230806,0.13570727407932281,0.9679999947547913,0.6165000200271606
YLR066W,YCL033C,0,-6.2311215,0.13568826019763947,0.9679999947547913,0.616599977016449
YNL245C,YKL025C,0,-6.231138,0.13566923141479492,0.9679999947547913,0.6166999936103821
YJL091C,YER154W,0,-6.2320256,0.13565021753311157,0.9679999947547913,0.6168000102043152
YLL035W,YER068W,0,-6.232157,0.13563121855258942,0.9679999947547913,0.6169000267982483
YOR304W,YDR247W,0,-6.2322764,0.13561221957206726,0.9679999947547913,0.6169999837875366
YKL054C,YNL138W,0,-6.2329125,0.1355932205915451,0.9679999947547913,0.6171000003814697
YER089C,YMR139W,0,-6.233334,0.13557423651218414,0.9679999947547913,0.6172000169754028
YMR037C,YPR108W,0,-6.2336025,0.135555237531662,0.9679999947547913,0.6172999739646912
YBR215W,YPR101W,0,-6.233704,0.13553626835346222,0.9679999947547913,0.6173999905586243
YNL031C,YPR190C,0,-6.233823,0.13551728427410126,0.9679999947547913,0.6175000071525574
YDR513W,YDR459C,0,-6.2348022,0.1354983150959015,0.9679999947547913,0.6176000237464905
YML129C,YNL009W,0,-6.2349734,0.13547936081886292,0.9679999947547913,0.6176999807357788
YOR377W,YGR101W,0,-6.235525,0.13546039164066315,0.9679999947547913,0.6177999973297119
YMR156C,YGR272C,0,-6.2361884,0.13544143736362457,0.9679999947547913,0.617900013923645
YMR207C,YNL294C,0,-6.2362237,0.1354224979877472,0.9679999947547913,0.6179999709129333
YIL115C,YDL130W,0,-6.2366023,0.1354035586118698,0.9679999947547913,0.6180999875068665
YNL118C,YBL005W-A,0,-6.23661,0.13538461923599243,0.9679999947547913,0.6182000041007996
YBL099W,YLR154C,0,-6.2366414,0.13536567986011505,0.9679999947547913,0.6183000206947327
YML065W,YNL054W-A,0,-6.236679,0.13534675538539886,0.9679999947547913,0.618399977684021
YAL007C,YAR010C,0,-6.2376943,0.13532783091068268,0.9679999947547913,0.6184999942779541
YHR086W,YBL033C,0,-6.238137,0.13530892133712769,0.9679999947547913,0.6186000108718872
YDR414C,YNL216W,0,-6.238173,0.1352900117635727,0.9679999947547913,0.6187000274658203
YGL191W,YMR200W,0,-6.2382803,0.1352711021900177,0.9679999947547913,0.6187999844551086
YPR134W,YBR171W,0,-6.2383566,0.1352522075176239,0.9679999947547913,0.6189000010490417
YOR229W,YLR346C,0,-6.238687,0.1352332979440689,0.9679999947547913,0.6190000176429749
YOR388C,YBR093C,0,-6.238925,0.1352144181728363,0.9679999947547913,0.6190999746322632
YLL016W,YBR143C,0,-6.2399077,0.1351955235004425,0.9679999947547913,0.6191999912261963
YER154W,YOR338W,0,-6.240049,0.1351766586303711,0.9679999947547913,0.6193000078201294
YNR016C,YDR183W,0,-6.240894,0.1351577788591385,0.9679999947547913,0.6194000244140625
YPR093C,YBR061C,0,-6.2411065,0.13513891398906708,0.9679999947547913,0.6194999814033508
YOR031W,YLR286C,0,-6.2413645,0.13512004911899567,0.9679999947547913,0.6195999979972839
YMR038C,YAL002W,0,-6.2420316,0.13510118424892426,0.9679999947547913,0.619700014591217
YMR287C,YLR401C,0,-6.243428,0.13508233428001404,0.9679999947547913,0.6197999715805054
YDR397C,YIL066C,0,-6.243444,0.13506348431110382,0.9679999947547913,0.6198999881744385
YDR025W,YPL235W,0,-6.243468,0.1350446492433548,0.9679999947547913,0.6200000047683716
YDR481C,YLL056C,0,-6.2438574,0.13502579927444458,0.9679999947547913,0.6201000213623047
YMR109W,YOR213C,0,-6.2443757,0.13500697910785675,0.9679999947547913,0.620199978351593
YJL210W,YCR024C-A,0,-6.2446356,0.13498814404010773,0.9679999947547913,0.6202999949455261
YPR025C,YGR161C-D,0,-6.2452774,0.1349693238735199,0.9679999947547913,0.6204000115394592
YJR084W,YMR210W,0,-6.245305,0.13495050370693207,0.9679999947547913,0.6205000281333923
YNL088W,YMR051C,0,-6.245486,0.13493169844150543,0.9679999947547913,0.6205999851226807
YJL122W,YNL116W,0,-6.245646,0.1349128931760788,0.9679999947547913,0.6207000017166138
YOR239W,YMR305C,0,-6.2459235,0.13489408791065216,0.9679999947547913,0.6208000183105469
YKR025W,YOL117W,0,-6.246,0.13487529754638672,0.9679999947547913,0.6208999752998352
YPL097W,YPL175W,0,-6.246134,0.13485650718212128,0.9679999947547913,0.6209999918937683
YLR153C,YOL129W,0,-6.2472324,0.13483771681785583,0.9679999947547913,0.6211000084877014
YOR103C,YDR002W,0,-6.2472606,0.1348189413547516,0.9679999947547913,0.6212000250816345
YIR015W,YGR008C,0,-6.247469,0.13480016589164734,0.9679999947547913,0.6212999820709229
YLR153C,YPL059W,0,-6.247539,0.13478140532970428,0.9679999947547913,0.621399998664856
YPL007C,YNR064C,0,-6.248665,0.13476262986660004,0.9679999947547913,0.6215000152587891
YPR042C,YMR146C,0,-6.2488174,0.13474386930465698,0.9679999947547913,0.6215999722480774
YFL011W-A,YER044C,0,-6.24882,0.13472512364387512,0.9679999947547913,0.6216999888420105
YPR037C,YDL052C,0,-6.249024,0.13470637798309326,0.9679999947547913,0.6218000054359436
YOR362C,YOL142W,0,-6.2493353,0.1346876323223114,0.9679999947547913,0.6219000220298767
YGL037C,YBR289W,0,-6.2499323,0.13466888666152954,0.9679999947547913,0.621999979019165
YPL169C,YER005W,0,-6.2505383,0.13465015590190887,0.9679999947547913,0.6220999956130981
YER030W,YOR040W,0,-6.250823,0.1346314251422882,0.9679999947547913,0.6222000122070312
YOR304W,YLR003C,0,-6.251432,0.13461270928382874,0.9679999947547913,0.6223000288009644
YML062C,YMR053C,0,-6.252088,0.13459399342536926,0.9679999947547913,0.6223999857902527
YLL018C-A,YOL051W,0,-6.2522516,0.1345752775669098,0.9679999947547913,0.6225000023841858
YBL098W,YOL133W,0,-6.25268,0.1345565766096115,0.9679999947547913,0.6226000189781189
YOR236W,YNL106C,0,-6.252953,0.13453787565231323,0.9679999947547913,0.6226999759674072
YNL001W,YAR010C,0,-6.2534485,0.13451917469501495,0.9679999947547913,0.6227999925613403
YEL029C,YER138C,0,-6.2549148,0.13450048863887787,0.9679999947547913,0.6229000091552734
YDR099W,YHR050W,0,-6.254929,0.13448180258274078,0.9679999947547913,0.6230000257492065
YOL080C,YBR103W,0,-6.2557025,0.1344631165266037,0.9679999947547913,0.6230999827384949
YGR296W,YOR172W,0,-6.255707,0.1344444453716278,0.9679999947547913,0.623199999332428
YLR405W,YHR069C,0,-6.2561073,0.13442577421665192,0.9679999947547913,0.6233000159263611
YBR095C,YNR064C,0,-6.2565956,0.13440710306167603,0.9679999947547913,0.6233999729156494
YBR068C,YDR221W,0,-6.257261,0.13438844680786133,0.9679999947547913,0.6234999895095825
YLL027W,YGR245C,0,-6.2572994,0.13436979055404663,0.9679999947547913,0.6236000061035156
YJL098W,YBL102W,0,-6.2573586,0.13435114920139313,0.9679999947547913,0.6237000226974487
YHR001W-A,YML076C,0,-6.257477,0.13433250784873962,0.9679999947547913,0.6237999796867371
YOR174W,YPR016C,0,-6.25764,0.13431386649608612,0.9679999947547913,0.6238999962806702
YLR391W-A,YPR187W,0,-6.2579417,0.13429522514343262,0.9679999947547913,0.6240000128746033
YKR024C,YML127W,0,-6.257984,0.1342765986919403,0.9679999947547913,0.6241000294685364
YGR254W,YDL207W,0,-6.2580223,0.134257972240448,0.9679999947547913,0.6241999864578247
YDL115C,YJL102W,0,-6.2584066,0.13423936069011688,0.9679999947547913,0.6243000030517578
YDR052C,YJR125C,0,-6.2588673,0.13422074913978577,0.9679999947547913,0.6244000196456909
YJL002C,YDR281C,0,-6.258946,0.13420213758945465,0.9679999947547913,0.6244999766349792
YLR256W,YHR152W,0,-6.25899,0.13418352603912354,0.9679999947547913,0.6245999932289124
YBR279W,YDR312W,0,-6.2592006,0.1341649293899536,0.9679999947547913,0.6247000098228455
YDR037W,YER005W,0,-6.2592034,0.13414634764194489,0.9679999947547913,0.6248000264167786
YBL047C,YHR027C,0,-6.259309,0.13412775099277496,0.9679999947547913,0.6248999834060669
YGL183C,YOR043W,0,-6.2593284,0.13410916924476624,0.9679999947547913,0.625
YKR046C,YBR103W,0,-6.259585,0.1340905874967575,0.9679999947547913,0.6251000165939331
YOR130C,YCR024C-A,0,-6.2596893,0.13407202064990997,0.9679999947547913,0.6251999735832214
YNL023C,YNL264C,0,-6.260161,0.13405345380306244,0.9679999947547913,0.6252999901771545
YIL149C,YDL083C,0,-6.260839,0.1340348869562149,0.9679999947547913,0.6254000067710876
YJR131W,YGR109W-B,0,-6.2619,0.13401633501052856,0.9679999947547913,0.6255000233650208
YPR020W,YOR213C,0,-6.261975,0.13399778306484222,0.9679999947547913,0.6255999803543091
YMR138W,YKL043W,0,-6.2628474,0.13397924602031708,0.9679999947547913,0.6256999969482422
YDR312W,YML027W,0,-6.2629237,0.13396069407463074,0.9679999947547913,0.6258000135421753
YCR048W,YDR485C,0,-6.2634115,0.1339421570301056,0.9679999947547913,0.6258999705314636
YGR188C,YOR230W,0,-6.2634444,0.13392363488674164,0.9679999947547913,0.6259999871253967
YGL174W,YKL060C,0,-6.264189,0.1339050978422165,0.9679999947547913,0.6261000037193298
YNR027W,YNL310C,0,-6.264233,0.13388659060001373,0.9679999947547913,0.6262000203132629
YJL003W,YER019W,0,-6.2645593,0.13386806845664978,0.9679999947547913,0.6262999773025513
YDR339C,YMR288W,0,-6.2645884,0.13384956121444702,0.9679999947547913,0.6263999938964844
YOR241W,YDL015C,0,-6.2646494,0.13383105397224426,0.9679999947547913,0.6265000104904175
YBR250W,YOL020W,0,-6.2654934,0.1338125467300415,0.9679999947547913,0.6266000270843506
YBR290W,YNL029C,0,-6.2658296,0.13379405438899994,0.9679999947547913,0.6266999840736389
YKL016C,YMR001C,0,-6.266209,0.13377556204795837,0.9679999947547913,0.626800000667572
YKL060C,YGL229C,0,-6.2665515,0.133757084608078,0.9679999947547913,0.6269000172615051
YKR001C,YNL247W,0,-6.2668476,0.13373860716819763,0.9679999947547913,0.6269999742507935
YKR067W,YPL125W,0,-6.2672668,0.13372012972831726,0.9679999947547913,0.6270999908447266
YLR095C,YGR081C,0,-6.267268,0.1337016522884369,0.9679999947547913,0.6272000074386597
YNL113W,YLR301W,0,-6.2676873,0.1336831897497177,0.9679999947547913,0.6273000240325928
YPR049C,YHR005C,0,-6.268085,0.13366472721099854,0.9679999947547913,0.6273999810218811
YKL017C,YIL017W,0,-6.26868,0.13364627957344055,0.9679999947547913,0.6274999976158142
YGL073W,YDR177W,0,-6.2688265,0.13362783193588257,0.9679999947547913,0.6276000142097473
YJR092W,YIL017C,0,-6.2688913,0.13360938429832458,0.9679999947547913,0.6276999711990356
YGR289C,YLR075W,0,-6.2689714,0.1335909515619278,0.9679999947547913,0.6277999877929688
YLL004W,YHR038W,0,-6.26953,0.133572518825531,0.9679999947547913,0.6279000043869019
YFL005W,YGR143W,0,-6.269808,0.13355408608913422,0.9679999947547913,0.628000020980835
YOR266W,YBR183W,0,-6.270028,0.13353565335273743,0.9679999947547913,0.6280999779701233
YPR070W,YJL208C,0,-6.2701507,0.13351723551750183,0.9679999947547913,0.6281999945640564
YBR207W,YAR042W,0,-6.2703195,0.13349883258342743,0.9679999947547913,0.6283000111579895
YPR201W,YNL271C,0,-6.2717395,0.13348041474819183,0.9679999947547913,0.6284000277519226
YAL015C,YOR213C,0,-6.2720275,0.13346201181411743,0.9679999947547913,0.6284999847412109
YLR270W,YML027W,0,-6.272906,0.13344362378120422,0.9679999947547913,0.628600001335144
YMR035W,YNL313C,0,-6.272929,0.13342522084712982,0.9679999947547913,0.6287000179290771
YFL039C,YJL113W,0,-6.2735453,0.1334068328142166,0.9679999947547913,0.6287999749183655
YJL102W,YKR014C,0,-6.273678,0.1333884596824646,0.9679999947547913,0.6288999915122986
YIL044C,YML080W,0,-6.27387,0.1333700716495514,0.9679999947547913,0.6290000081062317
YPR057W,YER020W,0,-6.2741394,0.13335169851779938,0.9679999947547913,0.6291000247001648
YIL009W,YGL145W,0,-6.274577,0.13333334028720856,0.9679999947547913,0.6291999816894531
YOR194C,YHR020W,0,-6.2746415,0.13331496715545654,0.9679999947547913,0.6292999982833862
YFL024C,YGR109W-B,0,-6.2747183,0.13329660892486572,0.9679999947547913,0.6294000148773193
YPR200C,YIL153W,0,-6.2751956,0.1332782655954361,0.9679999947547913,0.6294999718666077
YJL024C,YML045W,0,-6.2754607,0.13325990736484528,0.9679999947547913,0.6295999884605408
YGL206C,YDR017C,0,-6.275688,0.13324156403541565,0.9679999947547913,0.6297000050544739
YCR012W,YKR001C,0,-6.2761273,0.13322323560714722,0.9679999947547913,0.629800021648407
YPL275W,YMR113W,0,-6.276766,0.1332048922777176,0.9679999947547913,0.6298999786376953
YGR214W,YLR141W,0,-6.276873,0.13318656384944916,0.9679999947547913,0.6299999952316284
YNL173C,YBL100W-B,0,-6.277293,0.13316825032234192,0.9679999947547913,0.6301000118255615
YPL040C,YCR044C,0,-6.278094,0.13314993679523468,0.9679999947547913,0.6302000284194946
YJL165C,YNL049C,0,-6.2784553,0.13313162326812744,0.9679999947547913,0.630299985408783
YOR039W,YNL173C,0,-6.2790256,0.1331133097410202,0.9679999947547913,0.6304000020027161
YPL235W,YKL058W,0,-6.2791576,0.13309501111507416,0.9679999947547913,0.6305000185966492
YLL043W,YKL093W,0,-6.279459,0.1330767124891281,0.9679999947547913,0.6305999755859375
YNL333W,YPL234C,0,-6.279568,0.13305841386318207,0.9679999947547913,0.6306999921798706
YGR246C,YDR202C,0,-6.279849,0.13304013013839722,0.9679999947547913,0.6308000087738037
YLR259C,YPL082C,0,-6.2804384,0.13302184641361237,0.9679999947547913,0.6309000253677368
YHR150W,YDL052C,0,-6.2807503,0.1330035775899887,0.9679999947547913,0.6309999823570251
YML048W,YBR129C,0,-6.2810855,0.13298529386520386,0.9679999947547913,0.6310999989509583
YKR066C,YDL033C,0,-6.2811666,0.1329670399427414,0.9679999947547913,0.6312000155448914
YDR168W,YBR023C,0,-6.2817554,0.13294877111911774,0.9679999947547913,0.6312999725341797
YLR102C,YOL094C,1,-6.2825336,0.13306783139705658,0.968999981880188,0.6312999725341797
YGR267C,YKR003W,0,-6.2828856,0.13304956257343292,0.968999981880188,0.6313999891281128
YKL053C-A,YGL006W,0,-6.2834034,0.13303130865097046,0.968999981880188,0.6315000057220459
YJR050W,YBR213W,0,-6.283801,0.1330130398273468,0.968999981880188,0.631600022315979
YKL046C,YLR126C,0,-6.2839417,0.13299478590488434,0.968999981880188,0.6316999793052673
YGL062W,YPL139C,0,-6.2844186,0.13297653198242188,0.968999981880188,0.6317999958992004
YBR236C,YGL236C,0,-6.284698,0.1329582929611206,0.968999981880188,0.6319000124931335
YBL084C,YFL037W,1,-6.285891,0.1330772340297699,0.9700000286102295,0.6319000124931335
YKL004W,YOR194C,0,-6.287292,0.13305898010730743,0.9700000286102295,0.6320000290870667
YMR280C,YAL023C,0,-6.2881117,0.13304074108600616,0.9700000286102295,0.632099986076355
YPL213W,YHR091C,0,-6.2884808,0.1330224871635437,0.9700000286102295,0.6322000026702881
YOR236W,YJL026W,0,-6.2893395,0.13300424814224243,0.9700000286102295,0.6323000192642212
YDR030C,YBR061C,0,-6.2895713,0.13298600912094116,0.9700000286102295,0.6323999762535095
YPR001W,YKL188C,0,-6.289679,0.1329677850008011,0.9700000286102295,0.6324999928474426
YNL116W,YDR394W,0,-6.289725,0.132949560880661,0.9700000286102295,0.6326000094413757
YJR090C,YOR206W,0,-6.289796,0.13293133676052094,0.9700000286102295,0.6327000260353088
YBR077C,YNL213C,0,-6.2903275,0.13291312754154205,0.9700000286102295,0.6327999830245972
YNL101W,YBR210W,0,-6.2904305,0.13289491832256317,0.9700000286102295,0.6328999996185303
YKL046C,YER154W,0,-6.290876,0.1328767091035843,0.9700000286102295,0.6330000162124634
YMR136W,YIR019C,0,-6.2909775,0.1328585147857666,0.9700000286102295,0.6330999732017517
YBR042C,YDR208W,0,-6.291279,0.1328403204679489,0.9700000286102295,0.6331999897956848
YNL169C,YBR050C,0,-6.292126,0.13282212615013123,0.9700000286102295,0.6333000063896179
YJR025C,YMR236W,0,-6.292496,0.13280394673347473,0.9700000286102295,0.633400022983551
YGR244C,YOR338W,0,-6.2927446,0.13278576731681824,0.9700000286102295,0.6334999799728394
YMR097C,YHR026W,0,-6.293381,0.13276758790016174,0.9700000286102295,0.6335999965667725
YPR199C,YER161C,0,-6.293937,0.13274942338466644,0.9700000286102295,0.6337000131607056
YOL071W,YPR104C,0,-6.2941966,0.13273125886917114,0.9700000286102295,0.6338000297546387
YIL106W,YKR081C,0,-6.294231,0.13271309435367584,0.9700000286102295,0.633899986743927
YNL328C,YBR196C,0,-6.2943897,0.13269494473934174,0.9700000286102295,0.6340000033378601
YBR021W,YBR218C,0,-6.2950563,0.13267679512500763,0.9700000286102295,0.6341000199317932
YNL264C,YLL016W,0,-6.2951336,0.13265864551067352,0.9700000286102295,0.6341999769210815
YMR073C,YJL053W,0,-6.2954884,0.13264049589633942,0.9700000286102295,0.6342999935150146
YER019W,YHR020W,0,-6.296391,0.1326223611831665,0.9700000286102295,0.6344000101089478
YER166W,YBR159W,0,-6.2964406,0.13260424137115479,0.9700000286102295,0.6345000267028809
YJL014W,YOR332W,0,-6.2964606,0.13258610665798187,0.9700000286102295,0.6345999836921692
YHR039C,YMR127C,0,-6.2966323,0.13256798684597015,0.9700000286102295,0.6347000002861023
YKL160W,YPL040C,0,-6.296962,0.13254988193511963,0.9700000286102295,0.6348000168800354
YDL155W,YJR139C,0,-6.298224,0.1325317621231079,0.9700000286102295,0.6348999738693237
YOL123W,YCL075W,0,-6.298292,0.13251365721225739,0.9700000286102295,0.6349999904632568
YKL032C,YNL213C,0,-6.298345,0.13249556720256805,0.9700000286102295,0.6351000070571899
YDR432W,YIR012W,0,-6.298451,0.13247746229171753,0.9700000286102295,0.635200023651123
YBL084C,YGR275W,1,-6.298759,0.13259592652320862,0.9710000157356262,0.635200023651123
YMR137C,YPR187W,0,-6.2991,0.1325778216123581,0.9710000157356262,0.6352999806404114
YAL007C,YLR438C-A,0,-6.299297,0.13255973160266876,0.9710000157356262,0.6353999972343445
YPL159C,YFL058W,0,-6.2995296,0.13254162669181824,0.9710000157356262,0.6355000138282776
YMR173W,YCR071C,0,-6.3004007,0.1325235366821289,0.9710000157356262,0.6355999708175659
YDL051W,YOL091W,0,-6.300792,0.13250546157360077,0.9710000157356262,0.635699987411499
YOL012C,YDR280W,0,-6.3008,0.13248737156391144,0.9710000157356262,0.6358000040054321
YLR221C,YPL007C,0,-6.301682,0.1324693113565445,0.9710000157356262,0.6359000205993652
YFR052W,YNL247W,0,-6.3018084,0.13245123624801636,0.9710000157356262,0.6359999775886536
YLR292C,YAR042W,0,-6.302714,0.13243317604064941,0.9710000157356262,0.6360999941825867
YGL053W,YPR108W,0,-6.303331,0.13241511583328247,0.9710000157356262,0.6362000107765198
YBR132C,YOR137C,0,-6.3040457,0.13239705562591553,0.9710000157356262,0.6363000273704529
YLR080W,YCL034W,0,-6.3042607,0.13237901031970978,0.9710000157356262,0.6363999843597412
YGR143W,YDL170W,0,-6.3047633,0.13236096501350403,0.9710000157356262,0.6365000009536743
YMR145C,YGL046W,0,-6.3050647,0.13234291970729828,0.9710000157356262,0.6366000175476074
YLR353W,YDR178W,0,-6.3051267,0.13232488930225372,0.9710000157356262,0.6366999745368958
YKL149C,YLR136C,0,-6.305197,0.13230685889720917,0.9710000157356262,0.6367999911308289
YOL059W,YOR130C,0,-6.305562,0.1322888284921646,0.9710000157356262,0.636900007724762
YOR074C,YDR365C,0,-6.30605,0.13227081298828125,0.9710000157356262,0.6370000243186951
YLR002C,YGR241C,0,-6.3061056,0.1322527974843979,0.9710000157356262,0.6370999813079834
YDL188C,YCR028C-A,0,-6.306131,0.13223478198051453,0.9710000157356262,0.6371999979019165
YKL186C,YGL212W,0,-6.3063207,0.13221678137779236,0.9710000157356262,0.6373000144958496
YPL029W,YBL055C,0,-6.3068547,0.1321987807750702,0.9710000157356262,0.6373999714851379
YOR040W,YPR054W,0,-6.307952,0.13218078017234802,0.9710000157356262,0.637499988079071
YOR188W,YCR031C,0,-6.308072,0.13216279447078705,0.9710000157356262,0.6376000046730042
YJL014W,YHL007C,0,-6.3082576,0.13214479386806488,0.9710000157356262,0.6377000212669373
YDR244W,YER138C,0,-6.308782,0.1321268230676651,0.9710000157356262,0.6377999782562256
YMR173W,YDR488C,0,-6.3101273,0.13210883736610413,0.9710000157356262,0.6378999948501587
YMR128W,YCL003W,0,-6.310495,0.13209086656570435,0.9710000157356262,0.6380000114440918
YLR248W,YOR338W,0,-6.3107986,0.13207291066646576,0.9710000157356262,0.6381000280380249
YML091C,YKL203C,0,-6.311151,0.13205493986606598,0.9710000157356262,0.6381999850273132
YNL239W,YNL126W,0,-6.311811,0.1320369839668274,0.9710000157356262,0.6383000016212463
YJR160C,YGR090W,0,-6.312343,0.1320190280675888,0.9710000157356262,0.6384000182151794
YGL033W,YLL041C,0,-6.3125668,0.1320010870695114,0.9710000157356262,0.6384999752044678
YCR065W,YDL115C,0,-6.31278,0.13198314607143402,0.9710000157356262,0.6385999917984009
YKL011C,YBR260C,0,-6.3130345,0.13196520507335663,0.9710000157356262,0.638700008392334
YML036W,YLR259C,0,-6.3130894,0.13194727897644043,0.9710000157356262,0.6388000249862671
YER133W,YBR156C,1,-6.313095,0.13206522166728973,0.972000002861023,0.6388000249862671
YDR299W,YOR143C,0,-6.31441,0.13204728066921234,0.972000002861023,0.6388999819755554
YNL270C,YBL098W,0,-6.3148575,0.13202933967113495,0.972000002861023,0.6389999985694885
YJL157C,YER107C,0,-6.3151016,0.13201141357421875,0.972000002861023,0.6391000151634216
YBR278W,YLL041C,0,-6.315221,0.13199348747730255,0.972000002861023,0.63919997215271
YHR068W,YHR056C,0,-6.3159423,0.13197556138038635,0.972000002861023,0.6392999887466431
YOL158C,YIL065C,0,-6.3170652,0.13195765018463135,0.972000002861023,0.6394000053405762
YML113W,YEL071W,0,-6.3170686,0.13193972408771515,0.972000002861023,0.6395000219345093
YIL014W,YMR087W,0,-6.317233,0.13192182779312134,0.972000002861023,0.6395999789237976
YAR002C-A,YEL012W,0,-6.317593,0.13190391659736633,0.972000002861023,0.6396999955177307
YJL168C,YCR083W,0,-6.317915,0.13188602030277252,0.972000002861023,0.6398000121116638
YCL067C,YOR288C,0,-6.317929,0.1318681389093399,0.972000002861023,0.6399000287055969
YLR107W,YNR015W,0,-6.3180523,0.1318502426147461,0.972000002861023,0.6399999856948853
YGL093W,YPL063W,0,-6.318164,0.13183236122131348,0.972000002861023,0.6401000022888184
YGL245W,YDR028C,0,-6.319855,0.13181447982788086,0.972000002861023,0.6402000188827515
YFL018W-A,YDR058C,0,-6.320024,0.13179661333560944,0.972000002861023,0.6402999758720398
YKL004W,YAL026C,0,-6.3201504,0.131778746843338,0.972000002861023,0.6403999924659729
YFL023W,YER162C,0,-6.3214526,0.1317608803510666,0.972000002861023,0.640500009059906
YPR019W,YPR132W,0,-6.321746,0.13174301385879517,0.972000002861023,0.6406000256538391
YPR182W,YMR045C,0,-6.3222594,0.13172516226768494,0.972000002861023,0.6406999826431274
YKR003W,YIL080W,0,-6.3225336,0.1317073106765747,0.972000002861023,0.6407999992370605
YHR187W,YFR024C-A,0,-6.3226786,0.13168947398662567,0.972000002861023,0.6409000158309937
YLR033W,YLL056C,0,-6.3227353,0.13167163729667664,0.972000002861023,0.640999972820282
YGL130W,YCR053W,0,-6.3233294,0.1316538006067276,0.972000002861023,0.6410999894142151
YPL061W,YBR037C,0,-6.323482,0.13163596391677856,0.972000002861023,0.6412000060081482
YOR231W,YMR214W,0,-6.323546,0.13161814212799072,0.972000002861023,0.6413000226020813
YOL123W,YJL063C,0,-6.323792,0.13160032033920288,0.972000002861023,0.6413999795913696
YJL060W,YPL015C,0,-6.323877,0.13158251345157623,0.972000002861023,0.6414999961853027
YER052C,YDL079C,0,-6.3241487,0.13156470656394958,0.972000002861023,0.6416000127792358
YJL093C,YML115C,0,-6.3245587,0.13154689967632294,0.972000002861023,0.641700029373169
YER104W,YDR212W,0,-6.325294,0.1315290927886963,0.972000002861023,0.6417999863624573
YDR517W,YBR212W,0,-6.32543,0.13151130080223083,0.972000002861023,0.6419000029563904
YKL025C,YPR189W,0,-6.326676,0.13149350881576538,0.972000002861023,0.6420000195503235
YBL093C,YIL143C,0,-6.326914,0.13147571682929993,0.972000002861023,0.6420999765396118
YPL235W,YDR429C,0,-6.327147,0.13145793974399567,0.972000002861023,0.6421999931335449
YNL281W,YGL070C,0,-6.3272886,0.1314401626586914,0.972000002861023,0.642300009727478
YKL014C,YJL012C,0,-6.3275685,0.13142238557338715,0.972000002861023,0.6424000263214111
YNR072W,YMR043W,0,-6.327575,0.13140462338924408,0.972000002861023,0.6424999833106995
YBR192W,YFL017W-A,0,-6.3276377,0.131386861205101,0.972000002861023,0.6425999999046326
YMR168C,YMR049C,0,-6.3285117,0.13136909902095795,0.972000002861023,0.6427000164985657
YLR175W,YCL075W,0,-6.329585,0.13135135173797607,0.972000002861023,0.642799973487854
YKL052C,YCL054W,0,-6.3303766,0.1313336044549942,0.972000002861023,0.6428999900817871
YOR020C,YBR293W,0,-6.3312345,0.13131585717201233,0.972000002861023,0.6430000066757202
YLR129W,YDR181C,0,-6.3318357,0.13129812479019165,0.972000002861023,0.6431000232696533
YDL074C,YLR438C-A,0,-6.3318543,0.13128039240837097,0.972000002861023,0.6431999802589417
YKL043W,YBL061C,0,-6.331866,0.1312626600265503,0.972000002861023,0.6432999968528748
YCR084C,YEL051W,0,-6.3320165,0.1312449425458908,0.972000002861023,0.6434000134468079
YBR201W,YFL005W,0,-6.332105,0.13122721016407013,0.972000002861023,0.6434999704360962
YER100W,YJR028W,0,-6.3321834,0.13120950758457184,0.972000002861023,0.6435999870300293
YDL200C,YER138C,0,-6.3322353,0.13119179010391235,0.972000002861023,0.6437000036239624
YLR431C,YBR012W-A,0,-6.3326206,0.13117408752441406,0.972000002861023,0.6438000202178955
YLR078C,YKL141W,0,-6.3326664,0.13115638494491577,0.972000002861023,0.6438999772071838
YDL040C,YGL095C,0,-6.333202,0.13113869726657867,0.972000002861023,0.6439999938011169
YJR001W,YDR098C,0,-6.333263,0.13112100958824158,0.972000002861023,0.64410001039505
YML010W,YJR102C,0,-6.3335595,0.13110332190990448,0.972000002861023,0.6442000269889832
YJL021C,YDR353W,0,-6.333626,0.13108563423156738,0.972000002861023,0.6442999839782715
YDL013W,YJL093C,0,-6.333823,0.13106796145439148,0.972000002861023,0.6444000005722046
YPR124W,YML065W,0,-6.3341494,0.13105028867721558,0.972000002861023,0.6445000171661377
YNR035C,YPR006C,0,-6.3350205,0.13103261590003967,0.972000002861023,0.644599974155426
YJR137C,YNR048W,0,-6.335549,0.13101495802402496,0.972000002861023,0.6446999907493591
YGR004W,YIL029C,0,-6.336049,0.13099730014801025,0.972000002861023,0.6448000073432922
YML081C-A,YBR199W,0,-6.3363185,0.13097965717315674,0.972000002861023,0.6449000239372253
YKL192C,YJL140W,0,-6.336335,0.13096199929714203,0.972000002861023,0.6449999809265137
YCL067C,YKL028W,0,-6.3363385,0.1309443563222885,0.972000002861023,0.6450999975204468
YPL149W,YPL055C,0,-6.336353,0.1309267282485962,0.972000002861023,0.6452000141143799
YDR236C,YHR135C,0,-6.3363605,0.13090908527374268,0.972000002861023,0.6452999711036682
YMR227C,YHR138C,0,-6.33654,0.13089145720005035,0.972000002861023,0.6453999876976013
YLR238W,YOR301W,0,-6.336917,0.13087384402751923,0.972000002861023,0.6455000042915344
YFR053C,YNL334C,0,-6.337412,0.1308562159538269,0.972000002861023,0.6456000208854675
YJL192C,YBR294W,0,-6.337809,0.13083860278129578,0.972000002861023,0.6456999778747559
YOR011W,YNL317W,0,-6.3383355,0.13082098960876465,0.972000002861023,0.645799994468689
YKL182W,YOR372C,0,-6.3384023,0.13080339133739471,0.972000002861023,0.6459000110626221
YJR155W,YNL281W,0,-6.3387136,0.13078579306602478,0.972000002861023,0.6460000276565552
YDR173C,YIR019C,0,-6.339032,0.13076819479465485,0.972000002861023,0.6460999846458435
YPL101W,YMR005W,0,-6.3391075,0.1307506114244461,0.972000002861023,0.6462000012397766
YBR086C,YBR012W-A,0,-6.3399506,0.13073301315307617,0.972000002861023,0.6463000178337097
YNL009W,YNL279W,0,-6.340299,0.13071544468402863,0.972000002861023,0.646399974822998
YDR188W,YOR106W,0,-6.3406353,0.13069786131381989,0.972000002861023,0.6464999914169312
YDR498C,YLL011W,0,-6.3419724,0.13068029284477234,0.972000002861023,0.6466000080108643
YGR239C,YHR001W-A,0,-6.3422675,0.1306627243757248,0.972000002861023,0.6467000246047974
YCR098C,YJL145W,0,-6.342278,0.13064515590667725,0.972000002861023,0.6467999815940857
YBR110W,YEL012W,0,-6.343455,0.1306276023387909,0.972000002861023,0.6468999981880188
YGR109C,YPL275W,0,-6.3435936,0.13061004877090454,0.972000002861023,0.6470000147819519
YER036C,YOR313C,0,-6.3436837,0.13059251010417938,0.972000002861023,0.6470999717712402
YJL024C,YJL210W,0,-6.3438306,0.13057495653629303,0.972000002861023,0.6471999883651733
YJR082C,YBL040C,0,-6.344733,0.13055741786956787,0.972000002861023,0.6473000049591064
YLL016W,YER072W,0,-6.3451495,0.1305398941040039,0.972000002861023,0.6474000215530396
YNR058W,YDL226C,0,-6.345618,0.13052235543727875,0.972000002861023,0.6474999785423279
YGL115W,YGR090W,0,-6.346659,0.13050483167171478,0.972000002861023,0.647599995136261
YGR178C,YOR116C,0,-6.346759,0.13048730790615082,0.972000002861023,0.6477000117301941
YOR381W,YDL064W,0,-6.3468857,0.13046979904174805,0.972000002861023,0.6478000283241272
YOL111C,YLR181C,0,-6.3470826,0.13045229017734528,0.972000002861023,0.6478999853134155
YFL045C,YLR005W,0,-6.347639,0.1304347813129425,0.972000002861023,0.6480000019073486
YDR421W,YIL101C,0,-6.348878,0.13041728734970093,0.972000002861023,0.6481000185012817
YNL006W,YLR191W,0,-6.349873,0.13039977848529816,0.972000002861023,0.6481999754905701
YGR094W,YMR046C,0,-6.3503203,0.13038229942321777,0.972000002861023,0.6482999920845032
YKL152C,YDL154W,0,-6.350343,0.1303648054599762,0.972000002861023,0.6484000086784363
YIL065C,YHL027W,0,-6.3504066,0.1303473263978958,0.972000002861023,0.6485000252723694
YHR092C,YLR346C,0,-6.3507023,0.13032984733581543,0.972000002861023,0.6485999822616577
YDR414C,YCL008C,0,-6.3508077,0.13031236827373505,0.972000002861023,0.6486999988555908
YBR284W,YLR455W,0,-6.351202,0.13029490411281586,0.972000002861023,0.6488000154495239
YKL193C,YIR011C,1,-6.3517566,0.13041147589683533,0.9729999899864197,0.6488000154495239
YPL061W,YJR017C,0,-6.351762,0.13039399683475494,0.9729999899864197,0.6488999724388123
YBL047C,YKL113C,0,-6.351994,0.13037651777267456,0.9729999899864197,0.6489999890327454
YKL048C,YGR289C,0,-6.3522325,0.13035905361175537,0.9729999899864197,0.6491000056266785
YBL082C,YEL034W,0,-6.3527246,0.13034158945083618,0.9729999899864197,0.6492000222206116
YGR142W,YDR314C,0,-6.352797,0.13032414019107819,0.9729999899864197,0.6492999792098999
YNL317W,YCR031C,0,-6.352865,0.130306676030159,0.9729999899864197,0.649399995803833
YNL159C,YEL053C,0,-6.3533945,0.130289226770401,0.9729999899864197,0.6495000123977661
YGL207W,YDR212W,0,-6.3539762,0.1302717924118042,0.9729999899864197,0.6496000289916992
YPR006C,YBL100W-B,0,-6.3544292,0.1302543580532074,0.9729999899864197,0.6496999859809875
YCR028C-A,YHR154W,0,-6.3545947,0.1302369087934494,0.9729999899864197,0.6498000025749207
YPR143W,YHR012W,0,-6.354631,0.1302194893360138,0.9729999899864197,0.6499000191688538
YKL074C,YNL329C,0,-6.3546333,0.130202054977417,0.9729999899864197,0.6499999761581421
YOR224C,YHR152W,0,-6.356935,0.13018463551998138,0.9729999899864197,0.6500999927520752
YOR377W,YOR098C,0,-6.3575883,0.13016723096370697,0.9729999899864197,0.6502000093460083
YMR316W,YIR012W,0,-6.3585196,0.13014981150627136,0.9729999899864197,0.6503000259399414
YLR102C,YOL006C,1,-6.3586016,0.13026614487171173,0.9739999771118164,0.6503000259399414
YLL011W,YJL114W,0,-6.358716,0.13024872541427612,0.9739999771118164,0.6503999829292297
YEL029C,YPR165W,0,-6.3593,0.1302313208580017,0.9739999771118164,0.6504999995231628
YPR005C,YMR235C,0,-6.3593187,0.1302139014005661,0.9739999771118164,0.650600016117096
YMR260C,YDL118W,0,-6.359782,0.1301964968442917,0.9739999771118164,0.6506999731063843
YNL090W,YDR346C,0,-6.359867,0.13017909228801727,0.9739999771118164,0.6507999897003174
YGR202C,YPR137W,0,-6.3602786,0.13016170263290405,0.9739999771118164,0.6509000062942505
YDR361C,YMR213W,0,-6.3613625,0.13014431297779083,0.9739999771118164,0.6510000228881836
YPL169C,YER019C-A,0,-6.362085,0.1301269233226776,0.9739999771118164,0.6510999798774719
YPL110C,YPL015C,0,-6.3621984,0.1301095336675644,0.9739999771118164,0.651199996471405
YJL112W,YDR213W,0,-6.362697,0.13009215891361237,0.9739999771118164,0.6513000130653381
YGL190C,YBL016W,0,-6.3627334,0.13007478415966034,0.9739999771118164,0.6514000296592712
YDL226C,YIL125W,0,-6.36322,0.1300574243068695,0.9739999771118164,0.6514999866485596
YJR060W,YIL144W,1,-6.364364,0.13017356395721436,0.9750000238418579,0.6514999866485596
YPL015C,YMR210W,0,-6.3644786,0.13015618920326233,0.9750000238418579,0.6516000032424927
YGR199W,YFR052W,0,-6.3648477,0.1301388144493103,0.9750000238418579,0.6517000198364258
YNL014W,YHR098C,0,-6.3649106,0.13012143969535828,0.9750000238418579,0.6517999768257141
YJL018W,YHR014W,1,-6.365069,0.13023751974105835,0.9760000109672546,0.6517999768257141
YCL040W,YJR029W,0,-6.365328,0.13022014498710632,0.9760000109672546,0.6518999934196472
YKR003W,YMR005W,0,-6.3657627,0.1302027702331543,0.9760000109672546,0.6520000100135803
YBR065C,YGL245W,0,-6.3664904,0.13018541038036346,0.9760000109672546,0.6521000266075134
YNL048W,YER119C,0,-6.366703,0.13016805052757263,0.9760000109672546,0.6521999835968018
YGL062W,YML127W,0,-6.3671846,0.1301506906747818,0.9760000109672546,0.6523000001907349
YLR189C,YMR005W,0,-6.3672028,0.13013333082199097,0.9760000109672546,0.652400016784668
YMR012W,YBR041W,0,-6.367319,0.13011598587036133,0.9760000109672546,0.6524999737739563
YNR003C,YOL004W,0,-6.3674564,0.1300986409187317,0.9760000109672546,0.6525999903678894
YMR172W,YNL160W,0,-6.367544,0.13008129596710205,0.9760000109672546,0.6527000069618225
YMR288W,YOR153W,0,-6.368197,0.1300639659166336,0.9760000109672546,0.6528000235557556
YDR298C,YOR288C,0,-6.368861,0.13004663586616516,0.9760000109672546,0.652899980545044
YPR128C,YAR042W,0,-6.36898,0.13002930581569672,0.9760000109672546,0.652999997138977
YEL032W,YPR102C,0,-6.3692155,0.13001199066638947,0.9760000109672546,0.6531000137329102
YNL006W,YPL022W,0,-6.369503,0.12999467551708221,0.9760000109672546,0.6531999707221985
YOR372C,YKL058W,0,-6.370722,0.12997736036777496,0.9760000109672546,0.6532999873161316
YPL085W,YBR284W,0,-6.370885,0.1299600601196289,0.9760000109672546,0.6534000039100647
YCL017C,YLR262C,0,-6.371003,0.12994274497032166,0.9760000109672546,0.6535000205039978
YNR010W,YKL193C,1,-6.3716593,0.13005857169628143,0.9769999980926514,0.6535000205039978
YHR088W,YER074W-A,0,-6.372002,0.13004125654697418,0.9769999980926514,0.6535999774932861
YNL156C,YKR022C,0,-6.372266,0.13002395629882812,0.9769999980926514,0.6536999940872192
YPL268W,YIL082W-A,0,-6.372276,0.13000665605068207,0.9769999980926514,0.6538000106811523
YMR109W,YIR022W,0,-6.372441,0.129989355802536,0.9769999980926514,0.6539000272750854
YML058W-A,YLL056C,0,-6.372824,0.12997207045555115,0.9769999980926514,0.6539999842643738
YJL081C,YOR347C,0,-6.3732996,0.1299547702074051,0.9769999980926514,0.6541000008583069
YJL178C,YBL093C,0,-6.373469,0.12993748486042023,0.9769999980926514,0.65420001745224
YLR113W,YBL061C,0,-6.3737183,0.12992021441459656,0.9769999980926514,0.6542999744415283
YJR047C,YDR022C,0,-6.373732,0.1299029439687729,0.9769999980926514,0.6543999910354614
YJL003W,YBL005W-A,0,-6.3739944,0.12988567352294922,0.9769999980926514,0.6545000076293945
YHR154W,YOL129W,0,-6.374774,0.12986840307712555,0.9769999980926514,0.6546000242233276
YNL016W,YJL047C,0,-6.374984,0.12985114753246307,0.9769999980926514,0.654699981212616
YEL027W,YGR147C,0,-6.3753715,0.1298338919878006,0.9769999980926514,0.6547999978065491
YCL029C,YJR137C,0,-6.375411,0.12981663644313812,0.9769999980926514,0.6549000144004822
YPR082C,YDR198C,0,-6.375658,0.12979939579963684,0.9769999980926514,0.6549999713897705
YGR216C,YHR084W,0,-6.375664,0.12978214025497437,0.9769999980926514,0.6550999879837036
YOR137C,YGL039W,0,-6.376029,0.12976491451263428,0.9769999980926514,0.6552000045776367
YER183C,YEL009C,0,-6.376095,0.129747673869133,0.9769999980926514,0.6553000211715698
YGR143W,YJL012C-A,0,-6.3778048,0.1297304481267929,0.9769999980926514,0.6553999781608582
YLR347C,YPL175W,0,-6.3785343,0.12971322238445282,0.9769999980926514,0.6554999947547913
YDR072C,YPL234C,0,-6.3791947,0.12969601154327393,0.9769999980926514,0.6556000113487244
YDR320C-A,YCR040W,0,-6.3793125,0.12967878580093384,0.9769999980926514,0.6557000279426575
YBL079W,YHR014W,1,-6.379377,0.12979429960250854,0.9779999852180481,0.6557000279426575
YML129C,YPL181W,0,-6.3794804,0.12977707386016846,0.9779999852180481,0.6557999849319458
YLR088W,YKL148C,0,-6.380047,0.12975984811782837,0.9779999852180481,0.6559000015258789
YGR078C,YNL332W,0,-6.3802667,0.12974263727664948,0.9779999852180481,0.656000018119812
YNL248C,YHR079C-A,0,-6.380633,0.12972542643547058,0.9779999852180481,0.6560999751091003
YLR095C,YHR039C-B,0,-6.3807178,0.1297082155942917,0.9779999852180481,0.6561999917030334
YBL102W,YPL138C,0,-6.3811307,0.129691019654274,0.9779999852180481,0.6563000082969666
YEL018W,YJL089W,0,-6.38198,0.1296738237142563,0.9779999852180481,0.6564000248908997
YPR181C,YIL101C,0,-6.38335,0.12965664267539978,0.9779999852180481,0.656499981880188
YDR160W,YBR069C,0,-6.383814,0.12963944673538208,0.9779999852180481,0.6565999984741211
YBR294W,YMR046C,0,-6.38421,0.12962226569652557,0.9779999852180481,0.6567000150680542
YLR246W,YDL038C,0,-6.384477,0.12960508465766907,0.9779999852180481,0.6567999720573425
YGR014W,YBR276C,0,-6.384731,0.12958791851997375,0.9779999852180481,0.6568999886512756
YLR002C,YDR086C,0,-6.386033,0.12957075238227844,0.9779999852180481,0.6570000052452087
YDR040C,YLR026C,0,-6.3871775,0.12955358624458313,0.9779999852180481,0.6571000218391418
YDR481C,YMR235C,0,-6.3874106,0.12953642010688782,0.9779999852180481,0.6571999788284302
YNL110C,YKL075C,0,-6.387489,0.1295192688703537,0.9779999852180481,0.6572999954223633
YPR132W,YLR066W,0,-6.3883195,0.12950211763381958,0.9779999852180481,0.6574000120162964
YGR077C,YPL096W,0,-6.3883386,0.12948496639728546,0.9779999852180481,0.6575000286102295
YIL118W,YFL033C,0,-6.389248,0.12946783006191254,0.9779999852180481,0.6575999855995178
YOR160W,YPR131C,0,-6.3893666,0.1294506937265396,0.9779999852180481,0.6577000021934509
YCR091W,YJL025W,0,-6.389814,0.1294335573911667,0.9779999852180481,0.657800018787384
YDL045C,YOL147C,0,-6.389898,0.12941643595695496,0.9779999852180481,0.6578999757766724
YDR116C,YOR137C,0,-6.3901205,0.12939931452274323,0.9779999852180481,0.6579999923706055
YLR332W,YOR362C,0,-6.3902764,0.1293821930885315,0.9779999852180481,0.6581000089645386
YDR489W,YGL097W,0,-6.3904834,0.12936508655548096,0.9779999852180481,0.6582000255584717
YLR330W,YGR178C,0,-6.390593,0.12934796512126923,0.9779999852180481,0.65829998254776
YIL044C,YHR079C,0,-6.391291,0.1293308585882187,0.9779999852180481,0.6583999991416931
YNR013C,YER093C,0,-6.3920817,0.12931376695632935,0.9779999852180481,0.6585000157356262
YMR043W,YKL041W,0,-6.392146,0.12929667532444,0.9779999852180481,0.6585999727249146
YGR145W,YPL159C,0,-6.393105,0.12927958369255066,0.9779999852180481,0.6586999893188477
YGL035C,YKL144C,0,-6.393793,0.12926249206066132,0.9779999852180481,0.6588000059127808
YML047C,YFR040W,0,-6.3938985,0.12924540042877197,0.9779999852180481,0.6589000225067139
YLR293C,YOR076C,0,-6.3939905,0.12922832369804382,0.9779999852180481,0.6589999794960022
YKL113C,YCL075W,0,-6.394468,0.12921126186847687,0.9779999852180481,0.6590999960899353
YAL055W,YKL166C,0,-6.39529,0.12919418513774872,0.9779999852180481,0.6592000126838684
YJL196C,YML051W,0,-6.395865,0.12917712330818176,0.9779999852180481,0.6593000292778015
YNR035C,YKL213C,0,-6.3964243,0.1291600614786148,0.9779999852180481,0.6593999862670898
YBR114W,YLR362W,0,-6.396615,0.12914301455020905,0.9779999852180481,0.659500002861023
YNL291C,YBR055C,0,-6.3966584,0.1291259527206421,0.9779999852180481,0.659600019454956
YDR236C,YMR134W,0,-6.3968563,0.12910890579223633,0.9779999852180481,0.6596999764442444
YFR008W,YDR346C,0,-6.3973737,0.12909187376499176,0.9779999852180481,0.6597999930381775
YPL098C,YPL019C,0,-6.3976417,0.129074826836586,0.9779999852180481,0.6599000096321106
YOR002W,YGL227W,0,-6.398438,0.12905779480934143,0.9779999852180481,0.6600000262260437
YCR008W,YML055W,0,-6.3984637,0.12904077768325806,0.9779999852180481,0.660099983215332
YJL039C,YGR118W,0,-6.3990226,0.1290237456560135,0.9779999852180481,0.6601999998092651
YER044C,YHR178W,0,-6.4008026,0.12900672852993011,0.9779999852180481,0.6603000164031982
YOL095C,YCR067C,0,-6.401631,0.12898971140384674,0.9779999852180481,0.6603999733924866
YGL021W,YJL208C,0,-6.402138,0.12897270917892456,0.9779999852180481,0.6604999899864197
YPL028W,YLR096W,0,-6.4034953,0.1289556920528412,0.9779999852180481,0.6606000065803528
YCR044C,YHL012W,0,-6.403669,0.128938689827919,0.9779999852180481,0.6607000231742859
YNL294C,YHR163W,0,-6.4041796,0.12892170250415802,0.9779999852180481,0.6607999801635742
YPL169C,YDL111C,0,-6.4042163,0.12890470027923584,0.9779999852180481,0.6608999967575073
YGR256W,YER074W-A,0,-6.40434,0.12888771295547485,0.9779999852180481,0.6610000133514404
YOL051W,YCR055C,0,-6.405084,0.12887074053287506,0.9779999852180481,0.6610999703407288
YNL016W,YIL039W,0,-6.405239,0.12885375320911407,0.9779999852180481,0.6611999869346619
YDR206W,YPL175W,0,-6.40562,0.12883678078651428,0.9779999852180481,0.661300003528595
YOR178C,YOL147C,0,-6.4058757,0.1288198083639145,0.9779999852180481,0.6614000201225281
YHR204W,YIL021W,0,-6.406585,0.1288028508424759,0.9779999852180481,0.6614999771118164
YAL020C,YML042W,0,-6.40677,0.1287858784198761,0.9779999852180481,0.6615999937057495
YMR012W,YNL309W,0,-6.4068623,0.1287689208984375,0.9779999852180481,0.6617000102996826
YNR003C,YDL042C,0,-6.406971,0.1287519782781601,0.9779999852180481,0.6618000268936157
YIL160C,YBR260C,0,-6.4078403,0.1287350207567215,0.9779999852180481,0.661899983882904
YMR177W,YLR435W,0,-6.408034,0.1287180781364441,0.9779999852180481,0.6620000004768372
YKL150W,YCL005W-A,0,-6.4081683,0.12870115041732788,0.9779999852180481,0.6621000170707703
YML113W,YPL130W,0,-6.4083753,0.12868420779705048,0.9779999852180481,0.6621999740600586
YDL166C,YOR001W,0,-6.408756,0.12866728007793427,0.9779999852180481,0.6622999906539917
YLL004W,YJL053W,0,-6.409121,0.12865035235881805,0.9779999852180481,0.6624000072479248
YEL017C-A,YJR033C,0,-6.409136,0.12863343954086304,0.9779999852180481,0.6625000238418579
YJL025W,YGR197C,0,-6.4092956,0.12861651182174683,0.9779999852180481,0.6625999808311462
YJR125C,YDL128W,0,-6.4097505,0.1285995990037918,0.9779999852180481,0.6626999974250793
YIL115C,YPL154C,0,-6.4107494,0.12858270108699799,0.9779999852180481,0.6628000140190125
YOR236W,YDL039C,0,-6.4109874,0.12856578826904297,0.9779999852180481,0.6628999710083008
YJL111W,YKL201C,0,-6.4114566,0.12854889035224915,0.9779999852180481,0.6629999876022339
YDL132W,YGL011C,0,-6.411476,0.12853200733661652,0.9779999852180481,0.663100004196167
YJR135C,YJL018W,1,-6.411572,0.12864652276039124,0.9789999723434448,0.663100004196167
YBL033C,YPL283C,0,-6.4120393,0.12862960994243622,0.9789999723434448,0.6632000207901001
YLR189C,YFL060C,0,-6.4122815,0.1286127120256424,0.9789999723434448,0.6632999777793884
YCR061W,YJR141W,0,-6.4126096,0.12859582901000977,0.9789999723434448,0.6633999943733215
YDR342C,YBR105C,0,-6.412683,0.12857893109321594,0.9789999723434448,0.6635000109672546
YDL040C,YHR048W,0,-6.413107,0.1285620480775833,0.9789999723434448,0.6636000275611877
YGR177C,YLR126C,0,-6.413183,0.12854516506195068,0.9789999723434448,0.6636999845504761
YGL115W,YMR051C,0,-6.4132433,0.12852829694747925,0.9789999723434448,0.6638000011444092
YLR418C,YPL019C,0,-6.4135876,0.12851141393184662,0.9789999723434448,0.6639000177383423
YDR168W,YLR384C,0,-6.4149837,0.12849454581737518,0.9789999723434448,0.6639999747276306
YNR027W,YDL230W,0,-6.4164762,0.12847769260406494,0.9789999723434448,0.6640999913215637
YPR112C,YPR042C,0,-6.417624,0.1284608244895935,0.9789999723434448,0.6642000079154968
YOR267C,YGL048C,0,-6.418175,0.12844397127628326,0.9789999723434448,0.6643000245094299
YKL148C,YHR119W,0,-6.418939,0.12842713296413422,0.9789999723434448,0.6643999814987183
YMR163C,YDR025W,0,-6.419089,0.12841027975082397,0.9789999723434448,0.6644999980926514
YHL011C,YCR033W,0,-6.4197226,0.12839344143867493,0.9789999723434448,0.6646000146865845
YHR119W,YGR197C,0,-6.420744,0.12837660312652588,0.9789999723434448,0.6646999716758728
YHR188C,YDR017C,0,-6.421531,0.12835977971553802,0.9789999723434448,0.6647999882698059
YER038C,YJL069C,0,-6.4217696,0.12834294140338898,0.9789999723434448,0.664900004863739
YGL238W,YJL143W,0,-6.4222817,0.12832611799240112,0.9789999723434448,0.6650000214576721
YGR170W,YBR143C,0,-6.422293,0.12830930948257446,0.9789999723434448,0.6650999784469604
YOR249C,YJL018W,1,-6.4223895,0.1284235417842865,0.9800000190734863,0.6650999784469604
YBL047C,YIL014W,0,-6.4232426,0.12840670347213745,0.9800000190734863,0.6651999950408936
YGR003W,YMR051C,0,-6.4235578,0.1283898800611496,0.9800000190734863,0.6653000116348267
YNL145W,YJL208C,0,-6.423917,0.12837307155132294,0.9800000190734863,0.6654000282287598
YDR174W,YDR120C,0,-6.4239516,0.12835624814033508,0.9800000190734863,0.6654999852180481
YPL240C,YMR101C,0,-6.4247227,0.12833943963050842,0.9800000190734863,0.6656000018119812
YHR058C,YDR429C,0,-6.4254494,0.12832264602184296,0.9800000190734863,0.6657000184059143
YCR055C,YER190W,0,-6.42616,0.1283058375120163,0.9800000190734863,0.6657999753952026
YER003C,YBL102W,0,-6.426909,0.12828904390335083,0.9800000190734863,0.6658999919891357
YNL248C,YGL039W,0,-6.42695,0.12827225029468536,0.9800000190734863,0.6660000085830688
YBL024W,YBR103W,0,-6.42697,0.1282554566860199,0.9800000190734863,0.666100025177002
YNL042W,YDR252W,0,-6.427052,0.12823867797851562,0.9800000190734863,0.6661999821662903
YGR180C,YNL160W,0,-6.427055,0.12822189927101135,0.9800000190734863,0.6662999987602234
YMR035W,YER013W,0,-6.42744,0.12820513546466827,0.9800000190734863,0.6664000153541565
YKL179C,YPR190C,0,-6.4278893,0.128188356757164,0.9800000190734863,0.6664999723434448
YLR034C,YDR485C,0,-6.427898,0.12817159295082092,0.9800000190734863,0.6665999889373779
YDR077W,YMR095C,0,-6.428013,0.12815482914447784,0.9800000190734863,0.666700005531311
YGR152C,YLR346C,0,-6.428182,0.12813808023929596,0.9800000190734863,0.6668000221252441
YBR199W,YLR163C,0,-6.4290557,0.12812131643295288,0.9800000190734863,0.6668999791145325
YJR069C,YDL115C,0,-6.4291635,0.1281045824289322,0.9800000190734863,0.6669999957084656
YNL016W,YGR111W,0,-6.4303164,0.1280878335237503,0.9800000190734863,0.6671000123023987
YMR311C,YJL019W,1,-6.432093,0.12820178270339966,0.9810000061988831,0.6671000123023987
YLR170C,YJL157C,0,-6.432786,0.12818501889705658,0.9810000061988831,0.6672000288963318
YDR294C,YJR033C,0,-6.4332714,0.1281682848930359,0.9810000061988831,0.6672999858856201
YNL084C,YJL063C,0,-6.43361,0.128151535987854,0.9810000061988831,0.6674000024795532
YOL068C,YNR015W,0,-6.4339595,0.1281348019838333,0.9810000061988831,0.6675000190734863
YOR237W,YDR087C,0,-6.4340696,0.12811806797981262,0.9810000061988831,0.6675999760627747
YLR103C,YOR132W,0,-6.4357734,0.12810133397579193,0.9810000061988831,0.6676999926567078
YGL257C,YDR276C,0,-6.4361587,0.12808459997177124,0.9810000061988831,0.6678000092506409
YOR213C,YOL122C,0,-6.436234,0.12806788086891174,0.9810000061988831,0.667900025844574
YDR238C,YMR322C,0,-6.436246,0.12805116176605225,0.9810000061988831,0.6679999828338623
YMR043W,YHR030C,0,-6.436356,0.12803445756435394,0.9810000061988831,0.6680999994277954
YPL262W,YDR057W,0,-6.43655,0.12801775336265564,0.9810000061988831,0.6682000160217285
YGR195W,YFL002C,0,-6.4365935,0.12800104916095734,0.9810000061988831,0.6682999730110168
YBR298C,YNL263C,0,-6.436709,0.12798434495925903,0.9810000061988831,0.66839998960495
YBR159W,YDR116C,0,-6.436857,0.12796765565872192,0.9810000061988831,0.6685000061988831
YLR196W,YBL004W,0,-6.436916,0.12795095145702362,0.9810000061988831,0.6686000227928162
YJL124C,YJR059W,0,-6.437055,0.1279342770576477,0.9810000061988831,0.6686999797821045
YPL078C,YDR486C,0,-6.437219,0.1279175877571106,0.9810000061988831,0.6687999963760376
YBR035C,YMR139W,0,-6.437254,0.12790091335773468,0.9810000061988831,0.6689000129699707
YNL075W,YHR099W,0,-6.4374,0.12788423895835876,0.9810000061988831,0.6690000295639038
YHR186C,YJL063C,0,-6.437765,0.12786756455898285,0.9810000061988831,0.6690999865531921
YOR011W,YPL022W,0,-6.438648,0.12785090506076813,0.9810000061988831,0.6692000031471252
YMR043W,YFL002W-A,0,-6.439233,0.1278342455625534,0.9810000061988831,0.6693000197410583
YOL059W,YJL156C,0,-6.439379,0.12781758606433868,0.9810000061988831,0.6693999767303467
YIL117C,YIR015W,0,-6.4393926,0.12780094146728516,0.9810000061988831,0.6694999933242798
YGL178W,YNL326C,0,-6.439643,0.12778429687023163,0.9810000061988831,0.6696000099182129
YLR051C,YDR460W,0,-6.4396486,0.1277676522731781,0.9810000061988831,0.669700026512146
YJR125C,YNR052C,0,-6.4414597,0.12775100767612457,0.9810000061988831,0.6697999835014343
YKL160W,YKL025C,0,-6.4414864,0.12773437798023224,0.9810000061988831,0.6699000000953674
YIR037W,YOR162C,0,-6.44157,0.1277177482843399,0.9810000061988831,0.6700000166893005
YOL054W,YGL207W,0,-6.4416327,0.12770111858844757,0.9810000061988831,0.6700999736785889
YIL048W,YIL080W,0,-6.4419065,0.12768450379371643,0.9810000061988831,0.670199990272522
YML012W,YLR262C,0,-6.4419227,0.1276678740978241,0.9810000061988831,0.6703000068664551
YPL051W,YLR284C,0,-6.4420652,0.12765127420425415,0.9810000061988831,0.6704000234603882
YBR161W,YDR057W,0,-6.4420977,0.127634659409523,0.9810000061988831,0.6704999804496765
YIL056W,YOL109W,0,-6.4425683,0.12761805951595306,0.9810000061988831,0.6705999970436096
YDR182W,YDR284C,0,-6.443234,0.12760145962238312,0.9810000061988831,0.6707000136375427
YKL079W,YIL101C,0,-6.443618,0.12758485972881317,0.9810000061988831,0.670799970626831
YGL223C,YHR098C,0,-6.4441924,0.12756827473640442,0.9810000061988831,0.6708999872207642
YCR071C,YKL141W,0,-6.444275,0.12755168974399567,0.9810000061988831,0.6710000038146973
YIR025W,YJL018W,1,-6.444468,0.12766510248184204,0.9819999933242798,0.6710000038146973
YIR004W,YIR022W,0,-6.444591,0.1276485174894333,0.9819999933242798,0.6711000204086304
YMR296C,YDR170C,0,-6.4448357,0.12763191759586334,0.9819999933242798,0.6711999773979187
YBR085W,YMR210W,0,-6.4450483,0.1276153326034546,0.9819999933242798,0.6712999939918518
YML078W,YAL044C,0,-6.4453526,0.12759874761104584,0.9819999933242798,0.6714000105857849
YKL016C,YMR022W,0,-6.4456797,0.12758217751979828,0.9819999933242798,0.671500027179718
YHR074W,YPL235W,0,-6.445703,0.12756560742855072,0.9819999933242798,0.6715999841690063
YDR096W,YLR106C,0,-6.445788,0.12754903733730316,0.9819999933242798,0.6717000007629395
YOR294W,YJL114W,0,-6.4465156,0.1275324672460556,0.9819999933242798,0.6718000173568726
YMR162C,YMR022W,0,-6.4465194,0.12751591205596924,0.9819999933242798,0.6718999743461609
YOR046C,YJL154C,0,-6.4466834,0.12749935686588287,0.9819999933242798,0.671999990940094
YGL247W,YCR031C,0,-6.447087,0.1274828016757965,0.9819999933242798,0.6721000075340271
YDL188C,YPL192C,0,-6.4471383,0.12746624648571014,0.9819999933242798,0.6722000241279602
YBR192W,YOR132W,0,-6.4472547,0.12744970619678497,0.9819999933242798,0.6722999811172485
YGL092W,YMR267W,0,-6.44735,0.1274331659078598,0.9819999933242798,0.6723999977111816
YBR082C,YML115C,0,-6.447614,0.12741664052009583,0.9819999933242798,0.6725000143051147
YCL043C,YIL114C,0,-6.447879,0.12740010023117065,0.9819999933242798,0.6725999712944031
YCR091W,YNL236W,0,-6.4492993,0.12738357484340668,0.9819999933242798,0.6726999878883362
YJR139C,YBL090W,0,-6.4493914,0.1273670494556427,0.9819999933242798,0.6728000044822693
YIR041W,YDR334W,0,-6.4503126,0.12735053896903992,0.9819999933242798,0.6729000210762024
YIL098C,YBR182C,0,-6.450788,0.12733402848243713,0.9819999933242798,0.6729999780654907
YBR020W,YHR092C,0,-6.4512243,0.12731751799583435,0.9819999933242798,0.6730999946594238
YPL231W,YNL169C,0,-6.4516253,0.12730100750923157,0.9819999933242798,0.6732000112533569
YIR023W,YJL138C,0,-6.4519114,0.12728451192378998,0.9819999933242798,0.67330002784729
YPL008W,YPL137C,1,-6.4520993,0.12739761173725128,0.9829999804496765,0.67330002784729
YLL019C,YFR024C-A,0,-6.452964,0.1273811012506485,0.9829999804496765,0.6733999848365784
YBR153W,YJR046W,0,-6.453304,0.1273646056652069,0.9829999804496765,0.6735000014305115
YJL002C,YDR395W,0,-6.4536505,0.12734809517860413,0.9829999804496765,0.6736000180244446
YLR002C,YPL041C,0,-6.4537535,0.12733159959316254,0.9829999804496765,0.6736999750137329
YJL115W,YLR264W,0,-6.453809,0.12731511890888214,0.9829999804496765,0.673799991607666
YNR049C,YJR126C,0,-6.4538608,0.12729862332344055,0.9829999804496765,0.6739000082015991
YOR150W,YHR001W,0,-6.4542003,0.12728214263916016,0.9829999804496765,0.6740000247955322
YPR020W,YJR156C,0,-6.455279,0.12726566195487976,0.9829999804496765,0.6740999817848206
YMR146C,YCL063W,0,-6.4557605,0.12724919617176056,0.9829999804496765,0.6741999983787537
YKL043W,YAR031W,0,-6.4563713,0.12723271548748016,0.9829999804496765,0.6743000149726868
YBL016W,YNL117W,0,-6.4564133,0.12721624970436096,0.9829999804496765,0.6743999719619751
YPR137W,YGR042W,0,-6.4567184,0.12719979882240295,0.9829999804496765,0.6744999885559082
YLR163C,YPR024W,0,-6.45686,0.12718333303928375,0.9829999804496765,0.6746000051498413
YAL020C,YDR075W,0,-6.458177,0.12716688215732574,0.9829999804496765,0.6747000217437744
YJR139C,YCR020C-A,0,-6.45818,0.12715043127536774,0.9829999804496765,0.6747999787330627
YGL247W,YOR085W,0,-6.4608817,0.12713399529457092,0.9829999804496765,0.6748999953269958
YNR016C,YDR411C,0,-6.461093,0.12711754441261292,0.9829999804496765,0.675000011920929
YMR012W,YPL190C,0,-6.461368,0.1271011084318161,0.9829999804496765,0.6751000285148621
YJL201W,YLR384C,0,-6.461803,0.12708468735218048,0.9829999804496765,0.6751999855041504
YDR228C,YJL108C,0,-6.4618354,0.12706825137138367,0.9829999804496765,0.6753000020980835
YKL201C,YLR224W,0,-6.4620843,0.12705183029174805,0.9829999804496765,0.6754000186920166
YKL064W,YDR486C,0,-6.4624276,0.12703540921211243,0.9829999804496765,0.6754999756813049
YOL123W,YOR103C,0,-6.462585,0.1270189881324768,0.9829999804496765,0.675599992275238
YCR063W,YOR159C,0,-6.4627886,0.12700258195400238,0.9829999804496765,0.6757000088691711
YJR022W,YDL109C,0,-6.463099,0.12698617577552795,0.9829999804496765,0.6758000254631042
YNL280C,YER054C,0,-6.4632354,0.12696976959705353,0.9829999804496765,0.6758999824523926
YPL154C,YIL147C,0,-6.4640093,0.1269533783197403,0.9829999804496765,0.6759999990463257
YGL020C,YKL125W,0,-6.4641657,0.12693698704242706,0.9829999804496765,0.6761000156402588
YMR092C,YLR224W,0,-6.464917,0.12692059576511383,0.9829999804496765,0.6761999726295471
YNL023C,YLR182W,0,-6.4659276,0.1269042044878006,0.9829999804496765,0.6762999892234802
YDL192W,YKR097W,0,-6.4663525,0.12688782811164856,0.9829999804496765,0.6764000058174133
YOL059W,YER129W,0,-6.4679294,0.12687145173549652,0.9829999804496765,0.6765000224113464
YNL148C,YBR182C,0,-6.468267,0.12685507535934448,0.9829999804496765,0.6765999794006348
YPR111W,YER110C,0,-6.4691515,0.12683871388435364,0.9829999804496765,0.6766999959945679
YGL210W-A,YNL264C,0,-6.469621,0.1268223524093628,0.9829999804496765,0.676800012588501
YGR143W,YHR012W,0,-6.470232,0.12680599093437195,0.9829999804496765,0.6769000291824341
YER036C,YDR040C,0,-6.4709167,0.1267896294593811,0.9829999804496765,0.6769999861717224
YMR308C,YHL006C,0,-6.471303,0.12677328288555145,0.9829999804496765,0.6771000027656555
YOL031C,YDR523C,0,-6.471617,0.1267569363117218,0.9829999804496765,0.6772000193595886
YGR238C,YPL042C,0,-6.471854,0.12674058973789215,0.9829999804496765,0.677299976348877
YMR038C,YKL025C,0,-6.4728484,0.1267242431640625,0.9829999804496765,0.6773999929428101
YNL225C,YDL039C,0,-6.473,0.12670791149139404,0.9829999804496765,0.6775000095367432
YLR097C,YOL109W,0,-6.4733315,0.12669157981872559,0.9829999804496765,0.6776000261306763
YPL248C,YBR069C,0,-6.473484,0.12667526304721832,0.9829999804496765,0.6776999831199646
YCR067C,YKR072C,0,-6.475283,0.12665893137454987,0.9829999804496765,0.6777999997138977
YJL108C,YJL141C,0,-6.4755173,0.1266426146030426,0.9829999804496765,0.6779000163078308
YNL004W,YDR086C,0,-6.4755445,0.12662629783153534,0.9829999804496765,0.6779999732971191
YPR075C,YER138C,0,-6.475974,0.12660999596118927,0.9829999804496765,0.6780999898910522
YGR108W,YAR002C-A,0,-6.4760785,0.1265936940908432,0.9829999804496765,0.6782000064849854
YDR040C,YBR289W,0,-6.47626,0.12657739222049713,0.9829999804496765,0.6783000230789185
YDL076C,YNR015W,0,-6.476366,0.12656109035015106,0.9829999804496765,0.6783999800682068
YGR257C,YGL167C,0,-6.47663,0.1265448033809662,0.9829999804496765,0.6784999966621399
YBR160W,YBR256C,0,-6.4770055,0.1265285164117813,0.9829999804496765,0.678600013256073
YNL161W,YDL229W,0,-6.477424,0.12651222944259644,0.9829999804496765,0.6786999702453613
YNL006W,YJR002W,0,-6.477674,0.12649594247341156,0.9829999804496765,0.6787999868392944
YHL040C,YCL008C,0,-6.4779396,0.12647967040538788,0.9829999804496765,0.6789000034332275
YDR245W,YEL002C,0,-6.478338,0.1264633983373642,0.9829999804496765,0.6790000200271606
YLR342W,YNL246W,0,-6.4794083,0.12644712626934052,0.9829999804496765,0.679099977016449
YHL047C,YJR055W,0,-6.47953,0.12643086910247803,0.9829999804496765,0.6791999936103821
YFL018W-A,YMR183C,0,-6.479587,0.12641461193561554,0.9829999804496765,0.6793000102043152
YDR294C,YNL031C,0,-6.4797316,0.12639835476875305,0.9829999804496765,0.6794000267982483
YER052C,YHR206W,0,-6.480064,0.12638209760189056,0.9829999804496765,0.6794999837875366
YPR057W,YDR276C,0,-6.4805827,0.12636585533618927,0.9829999804496765,0.6796000003814697
YCR002C,YDL100C,0,-6.4808273,0.12634961307048798,0.9829999804496765,0.6797000169754028
YNL135C,YMR146C,0,-6.481794,0.12633337080478668,0.9829999804496765,0.6797999739646912
YJL116C,YKL173W,0,-6.4818673,0.12631714344024658,0.9829999804496765,0.6798999905586243
YFR041C,YBR298C,0,-6.4825587,0.12630091607570648,0.9829999804496765,0.6800000071525574
YPL048W,YBL071W-A,0,-6.483053,0.12628468871116638,0.9829999804496765,0.6801000237464905
YPR167C,YCR018C,0,-6.4837823,0.12626846134662628,0.9829999804496765,0.6801999807357788
YBR297W,YNR015W,0,-6.484137,0.12625224888324738,0.9829999804496765,0.6802999973297119
YGL035C,YLR006C,0,-6.4845552,0.12623603641986847,0.9829999804496765,0.680400013923645
YER179W,YFR040W,0,-6.4848943,0.12621982395648956,0.9829999804496765,0.6804999709129333
YER013W,YJL089W,0,-6.485436,0.12620362639427185,0.9829999804496765,0.6805999875068665
YBR079C,YLL021W,0,-6.4860244,0.12618741393089294,0.9829999804496765,0.6807000041007996
YDR060W,YBR250W,0,-6.4864507,0.12617121636867523,0.9829999804496765,0.6808000206947327
YML051W,YGR074W,0,-6.4869523,0.1261550337076187,0.9829999804496765,0.680899977684021
YMR032W,YNR034W,0,-6.4872146,0.126138836145401,0.9829999804496765,0.6809999942779541
YHR070W,YMR243C,0,-6.4875045,0.12612265348434448,0.9829999804496765,0.6811000108718872
YMR005W,YJL143W,0,-6.487516,0.12610648572444916,0.9829999804496765,0.6812000274658203
YOR148C,YLR055C,0,-6.487738,0.12609030306339264,0.9829999804496765,0.6812999844551086
YJR021C,YKR079C,0,-6.4880786,0.12607413530349731,0.9829999804496765,0.6814000010490417
YHL040C,YDR166C,0,-6.4882503,0.126057967543602,0.9829999804496765,0.6815000176429749
YBR286W,YDR485C,0,-6.4883227,0.12604179978370667,0.9829999804496765,0.6815999746322632
YDR085C,YJL035C,0,-6.488737,0.12602564692497253,0.9829999804496765,0.6816999912261963
YJL006C,YKL034W,0,-6.488793,0.1260094791650772,0.9829999804496765,0.6818000078201294
YDR375C,YEL017C-A,0,-6.4888635,0.12599334120750427,0.9829999804496765,0.6819000244140625
YFR041C,YDR018C,0,-6.4899154,0.12597718834877014,0.9829999804496765,0.6819999814033508
YOL043C,YLR248W,0,-6.491007,0.1259610503911972,0.9829999804496765,0.6820999979972839
YER083C,YNR049C,0,-6.4912047,0.12594491243362427,0.9829999804496765,0.682200014591217
YGL047W,YDL194W,0,-6.4913225,0.12592877447605133,0.9829999804496765,0.6822999715805054
YBR217W,YJR019C,0,-6.4914694,0.1259126365184784,0.9829999804496765,0.6823999881744385
YMR232W,YGL135W,0,-6.491933,0.12589651346206665,0.9829999804496765,0.6825000047683716
YJL050W,YLR328W,0,-6.492,0.1258803904056549,0.9829999804496765,0.6826000213623047
YFL024C,YBR182C,0,-6.4920654,0.12586428225040436,0.9829999804496765,0.682699978351593
YOL086C,YOR322C,0,-6.492296,0.12584815919399261,0.9829999804496765,0.6827999949455261
YML104C,YCR031C,0,-6.492306,0.12583205103874207,0.9829999804496765,0.6829000115394592
YBR298C,YMR285C,0,-6.492597,0.12581594288349152,0.9829999804496765,0.6830000281333923
YMR277W,YPR134W,0,-6.4926257,0.12579984962940216,0.9829999804496765,0.6830999851226807
YDR378C,YCR033W,0,-6.4933176,0.1257837563753128,0.9829999804496765,0.6832000017166138
YOL011W,YBR284W,0,-6.4933267,0.12576766312122345,0.9829999804496765,0.6833000183105469
YIL143C,YBR012W-A,0,-6.4933505,0.1257515698671341,0.9829999804496765,0.6833999752998352
YDR194C,YDR498C,0,-6.493446,0.12573547661304474,0.9829999804496765,0.6834999918937683
YPL095C,YLR060W,0,-6.4945173,0.12571939826011658,0.9829999804496765,0.6836000084877014
YNL145W,YIL114C,0,-6.4959292,0.12570331990718842,0.9829999804496765,0.6837000250816345
YHL002W,YDL201W,0,-6.4964747,0.12568725645542145,0.9829999804496765,0.6837999820709229
YOR204W,YDR418W,0,-6.4964757,0.1256711781024933,0.9829999804496765,0.683899998664856
YIR011C,YFL037W,1,-6.496487,0.12578295171260834,0.984000027179718,0.683899998664856
YMR043W,YLR148W,0,-6.4967723,0.12576687335968018,0.984000027179718,0.6840000152587891
YGR074W,YDR018C,0,-6.4969263,0.12575079500675201,0.984000027179718,0.6840999722480774
YKR002W,YLR324W,0,-6.4973426,0.12573473155498505,0.984000027179718,0.6841999888420105
YDL099W,YDL150W,0,-6.4982944,0.12571866810321808,0.984000027179718,0.6843000054359436
YKL186C,YNL330C,0,-6.4985905,0.1257026046514511,0.984000027179718,0.6844000220298767
YKL001C,YML011C,0,-6.4989038,0.12568655610084534,0.984000027179718,0.684499979019165
YOL004W,YBR012W-A,0,-6.499039,0.12567049264907837,0.984000027179718,0.6845999956130981
YGL167C,YGR109W-B,0,-6.4993834,0.1256544440984726,0.984000027179718,0.6847000122070312
YGR267C,YBL024W,0,-6.4998584,0.12563841044902802,0.984000027179718,0.6848000288009644
YMR247C,YKL099C,0,-6.500049,0.12562236189842224,0.984000027179718,0.6848999857902527
YAL068C,YNL213C,0,-6.5005603,0.12560632824897766,0.984000027179718,0.6850000023841858
YGR152C,YJR046W,0,-6.5012474,0.12559029459953308,0.984000027179718,0.6851000189781189
YHL047C,YGL104C,0,-6.5012813,0.1255742758512497,0.984000027179718,0.6851999759674072
YLR384C,YNL330C,0,-6.50194,0.12555824220180511,0.984000027179718,0.6852999925613403
YOL059W,YJR102C,0,-6.5020733,0.12554222345352173,0.984000027179718,0.6854000091552734
YML123C,YLR139C,0,-6.502629,0.12552621960639954,0.984000027179718,0.6855000257492065
YNR072W,YLR264W,0,-6.5027356,0.12551020085811615,0.984000027179718,0.6855999827384949
YOR061W,YPL050C,0,-6.5028253,0.12549419701099396,0.984000027179718,0.685699999332428
YDR378C,YBR265W,0,-6.5040355,0.12547819316387177,0.984000027179718,0.6858000159263611
YKR066C,YDR071C,0,-6.5064754,0.12546218931674957,0.984000027179718,0.6858999729156494
YGR286C,YJL186W,0,-6.5065403,0.12544620037078857,0.984000027179718,0.6859999895095825
YJR064W,YOR151C,0,-6.50728,0.12543021142482758,0.984000027179718,0.6861000061035156
YBR183W,YLR301W,0,-6.507473,0.12541422247886658,0.984000027179718,0.6862000226974487
YNR074C,YML058W,0,-6.507947,0.12539824843406677,0.984000027179718,0.6862999796867371
YLR259C,YCR020C,0,-6.508108,0.12538225948810577,0.984000027179718,0.6863999962806702
YER061C,YPR078C,0,-6.5092287,0.12536628544330597,0.984000027179718,0.6865000128746033
YMR100W,YOR212W,0,-6.5093045,0.12535031139850616,0.984000027179718,0.6866000294685364
YDR212W,YKL014C,0,-6.5094743,0.12533435225486755,0.984000027179718,0.6866999864578247
YGL071W,YER044C,0,-6.5101037,0.12531839311122894,0.984000027179718,0.6868000030517578
YOR078W,YBR160W,0,-6.5103536,0.12530243396759033,0.984000027179718,0.6869000196456909
YDR085C,YBR272C,0,-6.5106354,0.12528647482395172,0.984000027179718,0.6869999766349792
YER179W,YDR312W,0,-6.5106955,0.1252705305814743,0.984000027179718,0.6870999932289124
YPR155C,YIL048W,0,-6.511128,0.1252545863389969,0.984000027179718,0.6872000098228455
YJL020C,YPR036W,0,-6.5111823,0.12523864209651947,0.984000027179718,0.6873000264167786
YOR076C,YKL126W,0,-6.5111947,0.12522269785404205,0.984000027179718,0.6873999834060669
YBR284W,YDL109C,0,-6.5121818,0.12520676851272583,0.984000027179718,0.6875
YKL182W,YJL133W,0,-6.512314,0.1251908391714096,0.984000027179718,0.6876000165939331
YDR353W,YHR135C,0,-6.512724,0.12517490983009338,0.984000027179718,0.6876999735832214
YLR129W,YDR018C,0,-6.5130377,0.12515899538993835,0.984000027179718,0.6877999901771545
YLR131C,YLR155C,0,-6.5130405,0.12514308094978333,0.984000027179718,0.6879000067710876
YIL052C,YHR154W,0,-6.513622,0.1251271665096283,0.984000027179718,0.6880000233650208
YKR067W,YDR202C,0,-6.513963,0.12511125206947327,0.984000027179718,0.6880999803543091
YGL257C,YDR465C,0,-6.5142264,0.12509535253047943,0.984000027179718,0.6881999969482422
YJL101C,YDR469W,0,-6.514247,0.1250794529914856,0.984000027179718,0.6883000135421753
YCR020C-A,YJR004C,0,-6.5145893,0.12506355345249176,0.984000027179718,0.6883999705314636
YLL015W,YPL098C,0,-6.5146046,0.12504765391349792,0.984000027179718,0.6884999871253967
YKR072C,YPR078C,0,-6.5152245,0.12503176927566528,0.984000027179718,0.6886000037193298
YCR020W-B,YDR481C,0,-6.5164347,0.12501588463783264,0.984000027179718,0.6887000203132629
YIL036W,YMR015C,0,-6.5164742,0.125,0.984000027179718,0.6887999773025513
YDL085W,YBR012W-B,0,-6.5167756,0.12498412281274796,0.984000027179718,0.6888999938964844
YML071C,YKL212W,0,-6.5168433,0.12496825307607651,0.984000027179718,0.6890000104904175
YOR241W,YGR180C,0,-6.5170865,0.12495238333940506,0.984000027179718,0.6891000270843506
YDL174C,YNL229C,0,-6.517306,0.12493651360273361,0.984000027179718,0.6891999840736389
YML071C,YKL176C,0,-6.5176826,0.12492065876722336,0.984000027179718,0.689300000667572
YER151C,YGL227W,0,-6.518069,0.12490479648113251,0.984000027179718,0.6894000172615051
YLR189C,YBR213W,0,-6.5187936,0.12488894164562225,0.984000027179718,0.6894999742507935
YPL178W,YAL038W,0,-6.518864,0.1248730942606926,0.984000027179718,0.6895999908447266
YCR082W,YKR003W,0,-6.51889,0.12485725432634354,0.984000027179718,0.6897000074386597
YKL048C,YDL112W,0,-6.519256,0.12484141439199448,0.984000027179718,0.6898000240325928
YHR102W,YMR263W,0,-6.5198183,0.12482557445764542,0.984000027179718,0.6898999810218811
YPR181C,YBL055C,0,-6.5198517,0.12480974197387695,0.984000027179718,0.6899999976158142
YFR021W,YDR256C,0,-6.5202093,0.12479390949010849,0.984000027179718,0.6901000142097473
YGR257C,YDL006W,0,-6.5210147,0.12477808445692062,0.984000027179718,0.6901999711990356
YNL001W,YEL056W,0,-6.5218406,0.12476226687431335,0.984000027179718,0.6902999877929688
YOR083W,YMR210W,0,-6.5220885,0.12474644929170609,0.984000027179718,0.6904000043869019
YCL034W,YCL019W,0,-6.522261,0.12473063915967941,0.984000027179718,0.690500020980835
YDR183W,YHR161C,0,-6.523238,0.12471482902765274,0.984000027179718,0.6905999779701233
YNL128W,YMR210W,0,-6.5238547,0.12469902634620667,0.984000027179718,0.6906999945640564
YCR089W,YIL007C,0,-6.5239015,0.12468322366476059,0.984000027179718,0.6908000111579895
YKL015W,YKL086W,0,-6.524052,0.12466742843389511,0.984000027179718,0.6909000277519226
YJR064W,YAL041W,0,-6.527057,0.12465163320302963,0.984000027179718,0.6909999847412109
YGR177C,YDL024C,0,-6.5285187,0.12463584542274475,0.984000027179718,0.691100001335144
YHR163W,YGL022W,0,-6.5294046,0.12462005764245987,0.984000027179718,0.6912000179290771
YDR524C,YMR093W,0,-6.530417,0.12460427731275558,0.984000027179718,0.6912999749183655
YOR269W,YKR053C,0,-6.5307293,0.1245885044336319,0.984000027179718,0.6913999915122986
YDR384C,YKR072C,0,-6.530868,0.12457273155450821,0.984000027179718,0.6915000081062317
YJL060W,YDR329C,0,-6.5311246,0.12455695867538452,0.984000027179718,0.6916000247001648
YCL025C,YGR249W,0,-6.5313287,0.12454120069742203,0.984000027179718,0.6916999816894531
YBR212W,YMR026C,0,-6.5314054,0.12452543526887894,0.984000027179718,0.6917999982833862
YJL060W,YLR316C,0,-6.5315747,0.12450967729091644,0.984000027179718,0.6919000148773193
YGR118W,YDL076C,0,-6.532086,0.12449392676353455,0.984000027179718,0.6919999718666077
YBR272C,YLR301W,0,-6.5323186,0.12447817623615265,0.984000027179718,0.6920999884605408
YBR243C,YNL042W,0,-6.5324116,0.12446243315935135,0.984000027179718,0.6922000050544739
YDR225W,YOR380W,0,-6.533798,0.12444669008255005,0.984000027179718,0.692300021648407
YKR083C,YFL022C,0,-6.5341988,0.12443095445632935,0.984000027179718,0.6923999786376953
YJR158W,YJL039C,0,-6.5346894,0.12441522628068924,0.984000027179718,0.6924999952316284
YIL062C,YIL121W,0,-6.535746,0.12439949065446854,0.984000027179718,0.6926000118255615
YNL042W,YDR028C,0,-6.536066,0.12438376992940903,0.984000027179718,0.6927000284194946
YDR085C,YGL257C,0,-6.5364647,0.12436804920434952,0.984000027179718,0.692799985408783
YHR086W,YLR240W,0,-6.5379086,0.12435232847929001,0.984000027179718,0.6929000020027161
YGR014W,YIR041W,0,-6.5383816,0.1243366152048111,0.984000027179718,0.6930000185966492
YPL115C,YGR080W,0,-6.5391536,0.12432090938091278,0.984000027179718,0.6930999755859375
YJR055W,YDL038C,0,-6.539658,0.12430520355701447,0.984000027179718,0.6931999921798706
YDR440W,YPR155C,0,-6.540838,0.12428950518369675,0.984000027179718,0.6933000087738037
YDR456W,YNL313C,0,-6.5408983,0.12427380681037903,0.984000027179718,0.6934000253677368
YML006C,YOL002C,0,-6.5412207,0.1242581158876419,0.984000027179718,0.6934999823570251
YNR057C,YKL007W,0,-6.542622,0.12424242496490479,0.984000027179718,0.6935999989509583
YNL330C,YNL154C,0,-6.542716,0.12422674149274826,0.984000027179718,0.6937000155448914
YMR012W,YCR073W-A,0,-6.542917,0.12421105802059174,0.984000027179718,0.6937999725341797
YDL188C,YLR275W,0,-6.542968,0.12419538199901581,0.984000027179718,0.6938999891281128
YPR128C,YCR008W,0,-6.5431633,0.12417970597743988,0.984000027179718,0.6940000057220459
YDR273W,YNL106C,0,-6.544126,0.12416403740644455,0.984000027179718,0.694100022315979
YHR143W-A,YDL058W,0,-6.5442004,0.12414836883544922,0.984000027179718,0.6941999793052673
YLR102C,YLR357W,1,-6.546018,0.1242588609457016,0.9850000143051147,0.6941999793052673
YPR131C,YIL056W,0,-6.5461383,0.12424319237470627,0.9850000143051147,0.6942999958992004
YDR284C,YDR247W,0,-6.5462923,0.12422751635313034,0.9850000143051147,0.6944000124931335
YLR259C,YGR007W,0,-6.5462937,0.1242118552327156,0.9850000143051147,0.6945000290870667
YJL116C,YKL015W,0,-6.5469756,0.12419619411230087,0.9850000143051147,0.694599986076355
YJR083C,YBR296C,0,-6.5471764,0.12418053299188614,0.9850000143051147,0.6947000026702881
YBR109C,YFR048W,0,-6.547282,0.124164879322052,0.9850000143051147,0.6948000192642212
YPR110C,YIL138C,0,-6.5475698,0.12414923310279846,0.9850000143051147,0.6948999762535095
YJR065C,YFL024C,0,-6.5478115,0.12413358688354492,0.9850000143051147,0.6949999928474426
YGL066W,YPL120W,0,-6.548342,0.12411794066429138,0.9850000143051147,0.6951000094413757
YLR304C,YNL236W,0,-6.548468,0.12410230934619904,0.9850000143051147,0.6952000260353088
YLR427W,YKL075C,0,-6.548758,0.12408667057752609,0.9850000143051147,0.6952999830245972
YGL051W,YHL012W,0,-6.549107,0.12407103925943375,0.9850000143051147,0.6953999996185303
YOR237W,YGR264C,0,-6.5495152,0.124055415391922,0.9850000143051147,0.6955000162124634
YHR164C,YBR117C,0,-6.550534,0.12403979152441025,0.9850000143051147,0.6955999732017517
YDR121W,YPR023C,0,-6.5507665,0.1240241751074791,0.9850000143051147,0.6956999897956848
YPL235W,YOR132W,0,-6.5508432,0.12400855869054794,0.9850000143051147,0.6958000063896179
YDL105W,YGL037C,0,-6.5512905,0.12399294972419739,0.9850000143051147,0.695900022983551
YPL202C,YLR051C,0,-6.5522394,0.12397734075784683,0.9850000143051147,0.6959999799728394
YMR128W,YDR137W,0,-6.5524206,0.12396173924207687,0.9850000143051147,0.6960999965667725
YCR098C,YBL020W,0,-6.5527883,0.12394614517688751,0.9850000143051147,0.6962000131607056
YCR031C,YGL255W,0,-6.553034,0.12393055111169815,0.9850000143051147,0.6963000297546387
YDL192W,YJL029C,0,-6.553267,0.12391495704650879,0.9850000143051147,0.696399986743927
YPL159C,YOR216C,0,-6.5536494,0.12389937043190002,0.9850000143051147,0.6965000033378601
YNL298W,YOL005C,0,-6.554239,0.12388379126787186,0.9850000143051147,0.6966000199317932
YMR298W,YHR070W,0,-6.554732,0.12386821210384369,0.9850000143051147,0.6966999769210815
YMR172W,YGR055W,0,-6.5552616,0.12385263293981552,0.9850000143051147,0.6967999935150146
YJL095W,YOL102C,0,-6.5553184,0.12383706122636795,0.9850000143051147,0.6969000101089478
YKR038C,YKL201C,0,-6.555436,0.12382149696350098,0.9850000143051147,0.6970000267028809
YOR270C,YHR138C,0,-6.5559964,0.123805932700634,0.9850000143051147,0.6970999836921692
YBR132C,YPR131C,0,-6.5564165,0.12379037588834763,0.9850000143051147,0.6972000002861023
YHR204W,YMR308C,0,-6.5571046,0.12377481907606125,0.9850000143051147,0.6973000168800354
YDR062W,YAL017W,0,-6.557422,0.12375926971435547,0.9850000143051147,0.6973999738693237
YDR216W,YGR246C,0,-6.5577273,0.12374372035264969,0.9850000143051147,0.6974999904632568
YOL066C,YJR026W,0,-6.55813,0.1237281784415245,0.9850000143051147,0.6976000070571899
YDR025W,YPL234C,0,-6.558828,0.12371263653039932,0.9850000143051147,0.697700023651123
YLR324W,YNL243W,0,-6.559021,0.12369710206985474,0.9850000143051147,0.6977999806404114
YJL060W,YDR018C,0,-6.5592155,0.12368156760931015,0.9850000143051147,0.6978999972343445
YBR004C,YFR033C,0,-6.559451,0.12366604059934616,0.9850000143051147,0.6980000138282776
YBR117C,YHL012W,0,-6.5598774,0.12365051358938217,0.9850000143051147,0.6980999708175659
YDL083C,YGR024C,0,-6.559884,0.12363499402999878,0.9850000143051147,0.698199987411499
YDL085W,YKR072C,0,-6.560128,0.12361947447061539,0.9850000143051147,0.6983000040054321
YOL142W,YPR078C,0,-6.561315,0.12360396236181259,0.9850000143051147,0.6984000205993652
YPR081C,YCR065W,0,-6.561635,0.1235884577035904,0.9850000143051147,0.6984999775886536
YML112W,YNL138W,0,-6.5624294,0.1235729530453682,0.9850000143051147,0.6985999941825867
YMR288W,YOL122C,0,-6.562867,0.123557448387146,0.9850000143051147,0.6987000107765198
YMR264W,YNL149C,0,-6.5631886,0.1235419511795044,0.9850000143051147,0.6988000273704529
YBR236C,YJL089W,0,-6.563229,0.12352646142244339,0.9850000143051147,0.6988999843597412
YDR292C,YKL086W,0,-6.563459,0.12351097166538239,0.9850000143051147,0.6990000009536743
YPL053C,YPL214C,0,-6.563492,0.12349548935890198,0.9850000143051147,0.6991000175476074
YER017C,YHR069C,0,-6.5636334,0.12348000705242157,0.9850000143051147,0.6991999745368958
YLR008C,YMR313C,0,-6.5638614,0.12346452474594116,0.9850000143051147,0.6992999911308289
YDR129C,YHR161C,0,-6.564132,0.12344905734062195,0.9850000143051147,0.699400007724762
YAL044C,YER031C,0,-6.5642915,0.12343358248472214,0.9850000143051147,0.6995000243186951
YPL015C,YOR305W,0,-6.5643826,0.12341811507940292,0.9850000143051147,0.6995999813079834
YKL188C,YDR129C,0,-6.564584,0.1234026551246643,0.9850000143051147,0.6996999979019165
YDL013W,YDR395W,0,-6.5646954,0.12338719516992569,0.9850000143051147,0.6998000144958496
YAR010C,YLR126C,0,-6.565155,0.12337174266576767,0.9850000143051147,0.6998999714851379
YCL040W,YDL093W,0,-6.565931,0.12335629016160965,0.9850000143051147,0.699999988079071
YPR201W,YNL163C,0,-6.5660715,0.12334084510803223,0.9850000143051147,0.7001000046730042
YHR059W,YML004C,0,-6.566449,0.1233254075050354,0.9850000143051147,0.7002000212669373
YDR276C,YER129W,0,-6.5664926,0.12330996245145798,0.9850000143051147,0.7002999782562256
YEL009C,YNL312W,0,-6.5672116,0.12329453229904175,0.9850000143051147,0.7003999948501587
YBL046W,YGL045W,0,-6.567614,0.12327910214662552,0.9850000143051147,0.7005000114440918
YBL013W,YFR001W,0,-6.5682335,0.12326367199420929,0.9850000143051147,0.7006000280380249
YOR031W,YDL161W,0,-6.5690513,0.12324824929237366,0.9850000143051147,0.7006999850273132
YBR055C,YML029W,0,-6.569304,0.12323282659053802,0.9850000143051147,0.7008000016212463
YGL097W,YER151C,0,-6.569672,0.12321741133928299,0.9850000143051147,0.7009000182151794
YDL192W,YGR267C,0,-6.5698223,0.12320200353860855,0.9850000143051147,0.7009999752044678
YJL058C,YDR247W,0,-6.570919,0.12318659573793411,0.9850000143051147,0.7010999917984009
YLR355C,YGL158W,0,-6.5725217,0.12317118793725967,0.9850000143051147,0.701200008392334
YHR133C,YDR353W,0,-6.5734878,0.12315578758716583,0.9850000143051147,0.7013000249862671
YKL110C,YDL128W,0,-6.573932,0.12314039468765259,0.9850000143051147,0.7013999819755554
YNL031C,YLR223C,0,-6.5752172,0.12312500178813934,0.9850000143051147,0.7014999985694885
YDL099W,YKR060W,0,-6.575469,0.1231096088886261,0.9850000143051147,0.7016000151634216
YLR361C,YGR042W,0,-6.5759063,0.12309422343969345,0.9850000143051147,0.70169997215271
YKR027W,YDR516C,0,-6.576409,0.1230788454413414,0.9850000143051147,0.7017999887466431
YGR143W,YJR028W,0,-6.57697,0.12306346744298935,0.9850000143051147,0.7019000053405762
YCL003W,YDL083C,0,-6.577213,0.1230480968952179,0.9850000143051147,0.7020000219345093
YJL133W,YDL064W,0,-6.5773787,0.12303272634744644,0.9850000143051147,0.7020999789237976
YBR026C,YGL183C,0,-6.5774207,0.12301736325025558,0.9850000143051147,0.7021999955177307
YDL145C,YMR026C,0,-6.5776067,0.12300200015306473,0.9850000143051147,0.7023000121116638
YLR274W,YHR139C,0,-6.578255,0.12298663705587387,0.9850000143051147,0.7024000287055969
YMR208W,YHR034C,0,-6.5783105,0.12297128885984421,0.9850000143051147,0.7024999856948853
YKR085C,YPL036W,0,-6.578518,0.12295593321323395,0.9850000143051147,0.7026000022888184
YGL086W,YLR448W,0,-6.57858,0.12294059246778488,0.9850000143051147,0.7027000188827515
YGR227W,YOL010W,0,-6.5793996,0.12292524427175522,0.9850000143051147,0.7027999758720398
YDL117W,YFR034C,0,-6.580604,0.12290991097688675,0.9850000143051147,0.7028999924659729
YJL191W,YGR056W,0,-6.580651,0.12289457023143768,0.9850000143051147,0.703000009059906
YKL148C,YCL075W,0,-6.5807896,0.12287924438714981,0.9850000143051147,0.7031000256538391
YOR355W,YJL039C,0,-6.5811143,0.12286391109228134,0.9850000143051147,0.7031999826431274
YDR225W,YMR225C,0,-6.581728,0.12284859269857407,0.9850000143051147,0.7032999992370605
YDR411C,YMR005W,0,-6.583081,0.12283327430486679,0.9850000143051147,0.7034000158309937
YER177W,YAL011W,0,-6.5830975,0.12281795591115952,0.9850000143051147,0.703499972820282
YIL066C,YER029C,0,-6.583103,0.12280264496803284,0.9850000143051147,0.7035999894142151
YDL079C,YML043C,0,-6.5835814,0.12278733402490616,0.9850000143051147,0.7037000060081482
YOR034C,YPR108W,0,-6.5837984,0.12277203053236008,0.9850000143051147,0.7038000226020813
YEL009C,YIL147C,0,-6.5840015,0.122756727039814,0.9850000143051147,0.7038999795913696
YBR021W,YBR035C,0,-6.5845904,0.12274143099784851,0.9850000143051147,0.7039999961853027
YHR019C,YMR232W,0,-6.5861216,0.12272614240646362,0.9850000143051147,0.7041000127792358
YAR002C-A,YCR028C,0,-6.586704,0.12271085381507874,0.9850000143051147,0.704200029373169
YIR017C,YOR194C,0,-6.5872536,0.12269556522369385,0.9850000143051147,0.7042999863624573
YOL043C,YGR180C,0,-6.587343,0.12268028408288956,0.9850000143051147,0.7044000029563904
YGR038W,YML045W,0,-6.5873446,0.12266500294208527,0.9850000143051147,0.7045000195503235
YPR006C,YNL117W,0,-6.5873575,0.12264972925186157,0.9850000143051147,0.7045999765396118
YGR264C,YLR452C,0,-6.5873656,0.12263446301221848,0.9850000143051147,0.7046999931335449
YPL051W,YOR315W,0,-6.5874643,0.12261919677257538,0.9850000143051147,0.704800009727478
YBR143C,YJL035C,0,-6.5883727,0.12260393053293228,0.9850000143051147,0.7049000263214111
YGR262C,YCL067C,0,-6.588508,0.12258867174386978,0.9850000143051147,0.7049999833106995
YGL043W,YHR082C,0,-6.58889,0.12257342040538788,0.9850000143051147,0.7050999999046326
YNL278W,YBR105C,0,-6.5892825,0.12255816906690598,0.9850000143051147,0.7052000164985657
YML132W,YDR018C,0,-6.5897174,0.12254291772842407,0.9850000143051147,0.705299973487854
YAL043C,YPR132W,0,-6.5898013,0.12252768129110336,0.9850000143051147,0.7053999900817871
YCL011C,YGL169W,0,-6.5898595,0.12251243740320206,0.9850000143051147,0.7055000066757202
YOL158C,YGR029W,0,-6.589936,0.12249720096588135,0.9850000143051147,0.7056000232696533
YOR127W,YOR148C,0,-6.5901284,0.12248197197914124,0.9850000143051147,0.7056999802589417
YDR423C,YPL152W,0,-6.5903287,0.12246674299240112,0.9850000143051147,0.7057999968528748
YDR364C,YFR001W,0,-6.59055,0.12245151400566101,0.9850000143051147,0.7059000134468079
YKL182W,YDR255C,0,-6.591691,0.1224362924695015,0.9850000143051147,0.7059999704360962
YDR173C,YFL014W,0,-6.5929637,0.12242107838392258,0.9850000143051147,0.7060999870300293
YEL024W,YIL138C,0,-6.59331,0.12240586429834366,0.9850000143051147,0.7062000036239624
YJR017C,YNL213C,0,-6.5938816,0.12239065766334534,0.9850000143051147,0.7063000202178955
YDL181W,YDR148C,0,-6.5945334,0.12237545102834702,0.9850000143051147,0.7063999772071838
YPL129W,YAR035W,0,-6.5953197,0.12236025184392929,0.9850000143051147,0.7064999938011169
YPR162C,YJR007W,0,-6.596378,0.12234505265951157,0.9850000143051147,0.70660001039505
YML058W-A,YDL120W,0,-6.5965114,0.12232985347509384,0.9850000143051147,0.7067000269889832
YNR052C,YMR139W,0,-6.5967336,0.12231466174125671,0.9850000143051147,0.7067999839782715
YMR168C,YLR248W,0,-6.596887,0.12229947745800018,0.9850000143051147,0.7069000005722046
YMR192W,YBR130C,0,-6.5971885,0.12228429317474365,0.9850000143051147,0.7070000171661377
YPR175W,YHR089C,0,-6.5972896,0.12226911634206772,0.9850000143051147,0.707099974155426
YNL142W,YGL115W,0,-6.598169,0.12225393950939178,0.9850000143051147,0.7071999907493591
YML062C,YCL044C,0,-6.598184,0.12223877012729645,0.9850000143051147,0.7073000073432922
YDL229W,YGR002C,0,-6.598738,0.12222360074520111,0.9850000143051147,0.7074000239372253
YJL166W,YGL244W,0,-6.5987773,0.12220843881368637,0.9850000143051147,0.7074999809265137
YDR361C,YNL197C,0,-6.598779,0.12219327688217163,0.9850000143051147,0.7075999975204468
YBL022C,YBR024W,0,-6.5989585,0.12217812240123749,0.9850000143051147,0.7077000141143799
YHR072W,YJL053W,0,-6.5991864,0.12216296792030334,0.9850000143051147,0.7077999711036682
YLR158C,YGR006W,0,-6.599546,0.1221478208899498,0.9850000143051147,0.7078999876976013
YKL046C,YPL265W,0,-6.6006827,0.12213267385959625,0.9850000143051147,0.7080000042915344
YHR055C,YCR071C,0,-6.6012487,0.1221175268292427,0.9850000143051147,0.7081000208854675
YER151C,YLR466W,0,-6.6024666,0.12210239470005035,0.9850000143051147,0.7081999778747559
YPL115C,YDL014W,0,-6.602514,0.1220872551202774,0.9850000143051147,0.708299994468689
YLL060C,YML058W-A,0,-6.602643,0.12207213044166565,0.9850000143051147,0.7084000110626221
YOL033W,YHR075C,0,-6.603822,0.1220569983124733,0.9850000143051147,0.7085000276565552
YBL100W-B,YJR026W,0,-6.604234,0.12204188108444214,0.9850000143051147,0.7085999846458435
YLR330W,YML043C,0,-6.6043186,0.12202675640583038,0.9850000143051147,0.7087000012397766
YKL204W,YCL067C,0,-6.604532,0.12201164662837982,0.9850000143051147,0.7088000178337097
YBR114W,YPL138C,0,-6.6048746,0.12199652940034866,0.9850000143051147,0.708899974822998
YOL093W,YJL109C,0,-6.6058764,0.1219814270734787,0.9850000143051147,0.7089999914169312
YDR085C,YCR098C,0,-6.6059337,0.12196631729602814,0.9850000143051147,0.7091000080108643
YCR044C,YMR093W,0,-6.6066184,0.12195122241973877,0.9850000143051147,0.7092000246047974
YIL128W,YLR346C,0,-6.6075516,0.1219361200928688,0.9850000143051147,0.7092999815940857
YFL010W-A,YCL026C-A,0,-6.60797,0.12192103266716003,0.9850000143051147,0.7093999981880188
YIL160C,YOL010W,0,-6.608198,0.12190593779087067,0.9850000143051147,0.7095000147819519
YPR037C,YJL141C,0,-6.608666,0.12189085781574249,0.9850000143051147,0.7095999717712402
YIL066C,YGL070C,0,-6.609301,0.12187577039003372,0.9850000143051147,0.7096999883651733
YPR023C,YGR004W,0,-6.6097302,0.12186069786548615,0.9850000143051147,0.7098000049591064
YPR108W,YDR464W,0,-6.611524,0.12184561789035797,0.9850000143051147,0.7099000215530396
YGL255W,YBL005W-A,0,-6.6115975,0.12183055281639099,0.9850000143051147,0.7099999785423279
YMR001C,YLR303W,0,-6.6121235,0.12181548029184341,0.9850000143051147,0.710099995136261
YBR212W,YLR324W,0,-6.612785,0.12180042266845703,0.9850000143051147,0.7102000117301941
YDL014W,YDL229W,0,-6.613663,0.12178535759449005,0.9850000143051147,0.7103000283241272
YLR154C,YLR126C,0,-6.6138206,0.12177030742168427,0.9850000143051147,0.7103999853134155
YOR162C,YDR341C,0,-6.6142344,0.12175524979829788,0.9850000143051147,0.7105000019073486
YDR101C,YLR223C,0,-6.614592,0.12174020707607269,0.9850000143051147,0.7106000185012817
YJL115W,YNL280C,0,-6.615724,0.1217251643538475,0.9850000143051147,0.7106999754905701
YOL111C,YJL116C,0,-6.6157403,0.12171012163162231,0.9850000143051147,0.7107999920845032
YLR189C,YBR111W-A,0,-6.616382,0.12169508635997772,0.9850000143051147,0.7109000086784363
YEL056W,YMR101C,0,-6.6166396,0.12168005108833313,0.9850000143051147,0.7110000252723694
YBL045C,YBR037C,0,-6.616799,0.12166502326726913,0.9850000143051147,0.7110999822616577
YDL197C,YFL010W-A,0,-6.616808,0.12164999544620514,0.9850000143051147,0.7111999988555908
YBR199W,YPR167C,0,-6.6172304,0.12163497507572174,0.9850000143051147,0.7113000154495239
YGL130W,YMR045C,0,-6.6180983,0.12161995470523834,0.9850000143051147,0.7113999724388123
YGL172W,YHR099W,0,-6.618917,0.12160494178533554,0.9850000143051147,0.7114999890327454
YMR214W,YHR214C-B,0,-6.6193395,0.12158992886543274,0.9850000143051147,0.7116000056266785
YOR099W,YOR153W,0,-6.6206555,0.12157492339611053,0.9850000143051147,0.7117000222206116
YOL133W,YLR324W,0,-6.6210437,0.12155991792678833,0.9850000143051147,0.7117999792098999
YMR281W,YHR020W,0,-6.621159,0.12154491245746613,0.9850000143051147,0.711899995803833
YOR100C,YER178W,0,-6.6214123,0.12152992188930511,0.9850000143051147,0.7120000123977661
YBR035C,YHL012W,0,-6.621741,0.12151492387056351,0.9850000143051147,0.7121000289916992
YDR071C,YGL037C,0,-6.623321,0.1214999407529831,0.9850000143051147,0.7121999859809875
YJL116C,YOR076C,0,-6.6238933,0.12148495018482208,0.9850000143051147,0.7123000025749207
YLR113W,YGR141W,0,-6.624561,0.12146997451782227,0.9850000143051147,0.7124000191688538
YPR002W,YOR132W,0,-6.625059,0.12145499140024185,0.9850000143051147,0.7124999761581421
YPR189W,YNL160W,0,-6.625983,0.12144002318382263,0.9850000143051147,0.7125999927520752
YPL048W,YLR285W,0,-6.62608,0.12142504751682281,0.9850000143051147,0.7127000093460083
YGR104C,YLR435W,0,-6.626401,0.1214100793004036,0.9850000143051147,0.7128000259399414
YGL187C,YBR006W,0,-6.6266446,0.12139511853456497,0.9850000143051147,0.7128999829292297
YMR033W,YDL024C,0,-6.6270804,0.12138015776872635,0.9850000143051147,0.7129999995231628
YOR099W,YER029C,0,-6.627091,0.12136520445346832,0.9850000143051147,0.713100016117096
YLR256W,YJR029W,0,-6.627597,0.1213502511382103,0.9850000143051147,0.7131999731063843
YNR032C-A,YMR298W,0,-6.6289372,0.12133530527353287,0.9850000143051147,0.7132999897003174
YOL111C,YPL169C,0,-6.628992,0.12132035940885544,0.9850000143051147,0.7134000062942505
YBR159W,YKL110C,0,-6.629837,0.1213054209947586,0.9850000143051147,0.7135000228881836
YPL119C,YLR328W,0,-6.6298995,0.12129048258066177,0.9850000143051147,0.7135999798774719
YIR041W,YGR072W,0,-6.6302085,0.12127555161714554,0.9850000143051147,0.713699996471405
YNR033W,YFL039C,0,-6.6305914,0.1212606206536293,0.9850000143051147,0.7138000130653381
YNL014W,YGL246C,0,-6.630715,0.12124568969011307,0.9850000143051147,0.7139000296592712
YBL026W,YDR395W,0,-6.630757,0.12123076617717743,0.9850000143051147,0.7139999866485596
YHR072W-A,YDL015C,0,-6.631219,0.12121585011482239,0.9850000143051147,0.7141000032424927
YGR268C,YER116C,0,-6.631358,0.12120093405246735,0.9850000143051147,0.7142000198364258
YMR142C,YOR172W,0,-6.631761,0.1211860254406929,0.9850000143051147,0.7142999768257141
YKL150W,YAR010C,0,-6.632905,0.12117111682891846,0.9850000143051147,0.7143999934196472
YJL014W,YDR198C,0,-6.633592,0.12115620821714401,0.9850000143051147,0.7145000100135803
YPL266W,YOR123C,0,-6.633743,0.12114131450653076,0.9850000143051147,0.7146000266075134
YPL101W,YCR073W-A,0,-6.6344857,0.12112641334533691,0.9850000143051147,0.7146999835968018
YGR204W,YOL044W,0,-6.634875,0.12111151963472366,0.9850000143051147,0.7148000001907349
YDR513W,YGR014W,0,-6.635074,0.12109663337469101,0.9850000143051147,0.714900016784668
YDL181W,YJL128C,0,-6.636616,0.12108174711465836,0.9850000143051147,0.7149999737739563
YNL065W,YLR084C,0,-6.636721,0.1210668608546257,0.9850000143051147,0.7150999903678894
YEL015W,YOR226C,0,-6.6374574,0.12105198204517365,0.9850000143051147,0.7152000069618225
YGL021W,YPL028W,0,-6.637564,0.12103711068630219,0.9850000143051147,0.7153000235557556
YJR147W,YLR200W,0,-6.6381974,0.12102223932743073,0.9850000143051147,0.715399980545044
YMR238W,YGR178C,0,-6.638358,0.12100736796855927,0.9850000143051147,0.715499997138977
YOR142W,YOR367W,0,-6.638536,0.1209925040602684,0.9850000143051147,0.7156000137329102
YDR342C,YKL203C,0,-6.6386046,0.12097764760255814,0.9850000143051147,0.7156999707221985
YPR179C,YNL110C,0,-6.638837,0.12096279114484787,0.9850000143051147,0.7157999873161316
YDR243C,YGL045W,0,-6.638941,0.1209479346871376,0.9850000143051147,0.7159000039100647
YER155C,YIR026C,0,-6.6394114,0.12093308568000793,0.9850000143051147,0.7160000205039978
YML113W,YDR052C,0,-6.641075,0.12091824412345886,0.9850000143051147,0.7160999774932861
YNL326C,YGR082W,0,-6.64197,0.12090340256690979,0.9850000143051147,0.7161999940872192
YML113W,YHR099W,0,-6.6430144,0.12088856101036072,0.9850000143051147,0.7163000106811523
YOR034C,YML028W,0,-6.643044,0.12087372690439224,0.9850000143051147,0.7164000272750854
YCR010C,YOR020C,0,-6.6433473,0.12085889279842377,0.9850000143051147,0.7164999842643738
YFL045C,YNL332W,0,-6.643522,0.12084406614303589,0.9850000143051147,0.7166000008583069
YOR168W,YEL002C,0,-6.643725,0.12082924693822861,0.9850000143051147,0.71670001745224
YJL124C,YIR018W,0,-6.644214,0.12081442773342133,0.9850000143051147,0.7167999744415283
YLR332W,YPR133C,0,-6.644852,0.12079960852861404,0.9850000143051147,0.7168999910354614
YGL229C,YDL120W,0,-6.6449385,0.12078479677438736,0.9850000143051147,0.7170000076293945
YDL106C,YKL086W,0,-6.645227,0.12076998502016068,0.9850000143051147,0.7171000242233276
YPR006C,YBR273C,0,-6.6455097,0.12075518071651459,0.9850000143051147,0.717199981212616
YDL046W,YLL056C,0,-6.64651,0.1207403764128685,0.9850000143051147,0.7172999978065491
YKR027W,YLR163C,0,-6.646564,0.12072557955980301,0.9850000143051147,0.7174000144004822
YJR059W,YBL050W,0,-6.6471314,0.12071078270673752,0.9850000143051147,0.7174999713897705
YOR120W,YOR274W,0,-6.647194,0.12069599330425262,0.9850000143051147,0.7175999879837036
YGL078C,YLR275W,0,-6.647568,0.12068120390176773,0.9850000143051147,0.7177000045776367
YPL059W,YER013W,0,-6.6480327,0.12066642194986343,0.9850000143051147,0.7178000211715698
YMR049C,YNR052C,0,-6.6483827,0.12065163999795914,0.9850000143051147,0.7178999781608582
YKL004W,YDR545W,0,-6.648777,0.12063686549663544,0.9850000143051147,0.7179999947547913
YPR093C,YCR072C,0,-6.6489673,0.12062209099531174,0.9850000143051147,0.7181000113487244
YGR006W,YDL201W,0,-6.6496797,0.12060732394456863,0.9850000143051147,0.7182000279426575
YDR009W,YIL080W,0,-6.64968,0.12059255689382553,0.9850000143051147,0.7182999849319458
YDL155W,YGL236C,0,-6.6499743,0.12057779729366302,0.9850000143051147,0.7184000015258789
YDR096W,YGL253W,0,-6.649975,0.12056303769350052,0.9850000143051147,0.718500018119812
YDR411C,YPL187W,0,-6.650003,0.12054827809333801,0.9850000143051147,0.7185999751091003
YIL021W,YOR045W,0,-6.6504273,0.1205335259437561,0.9850000143051147,0.7186999917030334
YLL015W,YJR021C,0,-6.6513047,0.12051878124475479,0.9850000143051147,0.7188000082969666
YML080W,YFR008W,0,-6.651748,0.12050403654575348,0.9850000143051147,0.7189000248908997
YCL026C-A,YOL055C,0,-6.65202,0.12048929929733276,0.9850000143051147,0.718999981880188
YHL011C,YFL018W-A,0,-6.65258,0.12047456204891205,0.9850000143051147,0.7190999984741211
YHR160C,YMR322C,0,-6.6525817,0.12045982480049133,0.9850000143051147,0.7192000150680542
YGL065C,YJR019C,0,-6.6528215,0.12044509500265121,0.9850000143051147,0.7192999720573425
YGR042W,YMR046C,0,-6.652894,0.1204303726553917,0.9850000143051147,0.7193999886512756
YPL202C,YBR207W,0,-6.6541758,0.12041565030813217,0.9850000143051147,0.7195000052452087
YPL217C,YDR142C,0,-6.654195,0.12040092796087265,0.9850000143051147,0.7196000218391418
YCL066W,YPR078C,0,-6.6543565,0.12038621306419373,0.9850000143051147,0.7196999788284302
YCR081W,YPL203W,0,-6.6548924,0.1203715056180954,0.9850000143051147,0.7197999954223633
YPL227C,YHR036W,0,-6.6552167,0.12035679072141647,0.9850000143051147,0.7199000120162964
YOR301W,YHR163W,0,-6.6552954,0.12034209072589874,0.9850000143051147,0.7200000286102295
YMR280C,YBR042C,0,-6.6559834,0.12032739073038101,0.9850000143051147,0.7200999855995178
YAL059W,YDR314C,0,-6.6560106,0.12031269073486328,0.9850000143051147,0.7202000021934509
YOR036W,YDR086C,0,-6.656195,0.12029799818992615,0.9850000143051147,0.720300018787384
YNL055C,YLL021W,0,-6.6562495,0.12028330564498901,0.9850000143051147,0.7203999757766724
YOR153W,YBR167C,0,-6.656622,0.12026862055063248,0.9850000143051147,0.7204999923706055
YBL098W,YFL033C,0,-6.6566668,0.12025393545627594,0.9850000143051147,0.7206000089645386
YBR286W,YOR236W,0,-6.656762,0.1202392578125,0.9850000143051147,0.7207000255584717
YML031W,YLR090W,0,-6.657306,0.12022458016872406,0.9850000143051147,0.72079998254776
YMR116C,YHR072W-A,0,-6.657855,0.12020990997552872,0.9850000143051147,0.7208999991416931
YER013W,YOR347C,0,-6.657973,0.12019523978233337,0.9850000143051147,0.7210000157356262
YJL020C,YDR122W,0,-6.658073,0.12018057703971863,0.9850000143051147,0.7210999727249146
YOR036W,YMR046C,0,-6.658096,0.12016591429710388,0.9850000143051147,0.7211999893188477
YBR177C,YDR427W,0,-6.6581955,0.12015125900506973,0.9850000143051147,0.7213000059127808
YGR085C,YMR227C,0,-6.658503,0.12013660371303558,0.9850000143051147,0.7214000225067139
YDR194C,YKL045W,0,-6.659423,0.12012194842100143,0.9850000143051147,0.7214999794960022
YDR395W,YGR296W,0,-6.6606765,0.12010730057954788,0.9850000143051147,0.7215999960899353
YML004C,YML062C,0,-6.6607327,0.12009266018867493,0.9850000143051147,0.7217000126838684
YMR281W,YFL004W,0,-6.661694,0.12007801979780197,0.9850000143051147,0.7218000292778015
YPR175W,YCR071C,0,-6.663128,0.12006338685750961,0.9850000143051147,0.7218999862670898
YKL026C,YKL041W,0,-6.6639085,0.12004875391721725,0.9850000143051147,0.722000002861023
YFL025C,YDL223C,0,-6.664275,0.1200341209769249,0.9850000143051147,0.722100019454956
YPR167C,YLR025W,0,-6.6645184,0.12001949548721313,0.9850000143051147,0.7221999764442444
YGR180C,YDR341C,0,-6.6647315,0.12000486999750137,0.9850000143051147,0.7222999930381775
YBR161W,YOR327C,0,-6.665488,0.11999025195837021,0.9850000143051147,0.7224000096321106
YKL038W,YIL080W,0,-6.665508,0.11997564136981964,0.9850000143051147,0.7225000262260437
YLL027W,YOR298C-A,0,-6.6660037,0.11996103078126907,0.9850000143051147,0.722599983215332
YIR023W,YGL068W,0,-6.6662307,0.1199464201927185,0.9850000143051147,0.7226999998092651
YOR241W,YAR031W,0,-6.6665134,0.11993181705474854,0.9850000143051147,0.7228000164031982
YDR414C,YFL036W,0,-6.6671853,0.11991721391677856,0.9850000143051147,0.7228999733924866
YLR155C,YJL042W,0,-6.669317,0.11990261822938919,0.9850000143051147,0.7229999899864197
YDR201W,YLL056C,0,-6.670365,0.11988802254199982,0.9850000143051147,0.7231000065803528
YKL021C,YML049C,0,-6.6704063,0.11987343430519104,0.9850000143051147,0.7232000231742859
YHR075C,YMR067C,0,-6.671564,0.11985884606838226,0.9850000143051147,0.7232999801635742
YGL048C,YPR036W,0,-6.6721144,0.11984426528215408,0.9850000143051147,0.7233999967575073
YJL063C,YOR305W,0,-6.672167,0.1198296844959259,0.9850000143051147,0.7235000133514404
YJR069C,YDR160W,0,-6.672498,0.11981511116027832,0.9850000143051147,0.7235999703407288
YLR158C,YFL048C,0,-6.673591,0.11980053782463074,0.9850000143051147,0.7236999869346619
YMR177W,YOR150W,0,-6.673685,0.11978596448898315,0.9850000143051147,0.723800003528595
YCR098C,YMR061W,0,-6.6746683,0.11977139860391617,0.9850000143051147,0.7239000201225281
YDR397C,YKR089C,0,-6.6747966,0.11975684016942978,0.9850000143051147,0.7239999771118164
YIL106W,YKL009W,0,-6.6751275,0.11974228173494339,0.9850000143051147,0.7240999937057495
YBR110W,YLR466W,0,-6.6757736,0.119727723300457,0.9850000143051147,0.7242000102996826
YDL137W,YDR194C,0,-6.677498,0.11971317231655121,0.9850000143051147,0.7243000268936157
YML059C,YHL011C,0,-6.6786885,0.11969862878322601,0.9850000143051147,0.724399983882904
YJR137C,YHR214C-B,0,-6.6789937,0.11968408524990082,0.9850000143051147,0.7245000004768372
YPL214C,YMR134W,0,-6.679362,0.11966954171657562,0.9850000143051147,0.7246000170707703
YOL127W,YKL095W,0,-6.679456,0.11965500563383102,0.9850000143051147,0.7246999740600586
YLR114C,YBR298C,0,-6.680462,0.11964046955108643,0.9850000143051147,0.7247999906539917
YDL145C,YIL063C,0,-6.681252,0.11962594091892242,0.9850000143051147,0.7249000072479248
YGL150C,YPR065W,0,-6.6814938,0.11961141228675842,0.9850000143051147,0.7250000238418579
YPL210C,YIL008W,0,-6.6816154,0.11959689110517502,0.9850000143051147,0.7250999808311462
YNL082W,YDR429C,0,-6.682386,0.11958236992359161,0.9850000143051147,0.7251999974250793
YPL274W,YML029W,0,-6.682422,0.1195678561925888,0.9850000143051147,0.7253000140190125
YGR113W,YBR083W,0,-6.6825147,0.119553342461586,0.9850000143051147,0.7253999710083008
YLR391W,YGR238C,0,-6.682605,0.11953883618116379,0.9850000143051147,0.7254999876022339
YDR078C,YHR084W,0,-6.6828303,0.11952432990074158,0.9850000143051147,0.725600004196167
YCL044C,YOR045W,0,-6.683605,0.11950983107089996,0.9850000143051147,0.7257000207901001
YKL002W,YJL102W,0,-6.6838403,0.11949533224105835,0.9850000143051147,0.7257999777793884
YEL037C,YGR185C,0,-6.683847,0.11948083341121674,0.9850000143051147,0.7258999943733215
YOR239W,YPL149W,0,-6.683931,0.11946634203195572,0.9850000143051147,0.7260000109672546
YOR267C,YJL063C,0,-6.684017,0.1194518581032753,0.9850000143051147,0.7261000275611877
YBL033C,YPL106C,0,-6.6841993,0.11943737417459488,0.9850000143051147,0.7261999845504761
YDR184C,YGL178W,0,-6.6843276,0.11942289024591446,0.9850000143051147,0.7263000011444092
YJL157C,YJR010C-A,0,-6.684712,0.11940841376781464,0.9850000143051147,0.7264000177383423
YCR107W,YOR133W,0,-6.684788,0.11939393728971481,0.9850000143051147,0.7264999747276306
YKL114C,YPR037C,0,-6.684991,0.11937946826219559,0.9850000143051147,0.7265999913215637
YLR025W,YNL283C,0,-6.685729,0.11936499923467636,0.9850000143051147,0.7267000079154968
YKR035W-A,YGL039W,0,-6.68656,0.11935053765773773,0.9850000143051147,0.7268000245094299
YAL054C,YJL005W,0,-6.6873803,0.1193360760807991,0.9850000143051147,0.7268999814987183
YNL268W,YGL096W,0,-6.6875796,0.11932162195444107,0.9850000143051147,0.7269999980926514
YDL024C,YJR002W,0,-6.6877007,0.11930716782808304,0.9850000143051147,0.7271000146865845
YAL068C,YDR463W,0,-6.688406,0.1192927211523056,0.9850000143051147,0.7271999716758728
YKL060C,YDR013W,0,-6.689201,0.11927827447652817,0.9850000143051147,0.7272999882698059
YBR210W,YNL004W,0,-6.689337,0.11926383525133133,0.9850000143051147,0.727400004863739
YBR004C,YHR026W,0,-6.690164,0.11924939602613449,0.9850000143051147,0.7275000214576721
YBR132C,YLL043W,0,-6.690513,0.11923495680093765,0.9850000143051147,0.7275999784469604
YDR046C,YOR244W,0,-6.6906114,0.11922052502632141,0.9850000143051147,0.7276999950408936
YDR244W,YOR341W,0,-6.692543,0.11920610070228577,0.9850000143051147,0.7278000116348267
YMR280C,YMR308C,0,-6.6929197,0.11919167637825012,0.9850000143051147,0.7279000282287598
YJL210W,YML127W,0,-6.6932755,0.11917725205421448,0.9850000143051147,0.7279999852180481
YJR147W,YDR028C,0,-6.6945014,0.11916283518075943,0.9850000143051147,0.7281000018119812
YGR157W,YDR294C,0,-6.69459,0.11914841830730438,0.9850000143051147,0.7282000184059143
YLR160C,YLR052W,0,-6.6949177,0.11913400888442993,0.9850000143051147,0.7282999753952026
YBR243C,YHL002W,0,-6.695179,0.11911960691213608,0.9850000143051147,0.7283999919891357
YML059C,YOR359W,0,-6.696196,0.11910519748926163,0.9850000143051147,0.7285000085830688
YHL047C,YLR305C,0,-6.696504,0.11909079551696777,0.9850000143051147,0.728600025177002
YMR043W,YDR083W,0,-6.6969986,0.11907640099525452,0.9850000143051147,0.7286999821662903
YOR193W,YDR129C,0,-6.697495,0.11906200647354126,0.9850000143051147,0.7287999987602234
YGR289C,YNL291C,0,-6.6975064,0.1190476194024086,0.9850000143051147,0.7289000153541565
YDR148C,YOL004W,0,-6.698055,0.11903323233127594,0.9850000143051147,0.7289999723434448
YBR276C,YLR346C,0,-6.698103,0.11901885271072388,0.9850000143051147,0.7290999889373779
YFR001W,YBL020W,0,-6.698755,0.11900447309017181,0.9850000143051147,0.729200005531311
YHR171W,YMR038C,0,-6.6987658,0.11899009346961975,0.9850000143051147,0.7293000221252441
YNL232W,YOL004W,0,-6.699029,0.11897572129964828,0.9850000143051147,0.7293999791145325
YOR046C,YCR081W,0,-6.699052,0.11896134912967682,0.9850000143051147,0.7294999957084656
YPL231W,YBL057C,0,-6.700334,0.11894698441028595,0.9850000143051147,0.7296000123023987
YNL016W,YBL050W,0,-6.7005024,0.11893262714147568,0.9850000143051147,0.7297000288963318
YIL155C,YLL016W,0,-6.701112,0.1189182698726654,0.9850000143051147,0.7297999858856201
YMR030W,YPR024W,0,-6.701777,0.11890391260385513,0.9850000143051147,0.7299000024795532
YAL031C,YOL006C,1,-6.701791,0.11901026219129562,0.9860000014305115,0.7299000024795532
YNL075W,YMR200W,0,-6.7033677,0.11899589747190475,0.9860000014305115,0.7300000190734863
YOL093W,YGR296W,0,-6.7037215,0.11898154020309448,0.9860000014305115,0.7300999760627747
YJR082C,YOR338W,0,-6.7038527,0.11896718293428421,0.9860000014305115,0.7301999926567078
YIL062C,YNL068C,0,-6.7044806,0.11895282566547394,0.9860000014305115,0.7303000092506409
YGL037C,YNL312W,0,-6.7050304,0.11893848329782486,0.9860000014305115,0.730400025844574
YGR204W,YAL009W,0,-6.705325,0.11892413347959518,0.9860000014305115,0.7304999828338623
YPL265W,YCR012W,0,-6.7055583,0.1189097911119461,0.9860000014305115,0.7305999994277954
YOR386W,YGR192C,0,-6.7068033,0.11889545619487762,0.9860000014305115,0.7307000160217285
YER061C,YMR208W,0,-6.7077374,0.11888112127780914,0.9860000014305115,0.7307999730110168
YLR102C,YOL115W,1,-6.708428,0.11898734420537949,0.9869999885559082,0.7307999730110168
YGR177C,YGR257C,0,-6.7089252,0.11897300183773041,0.9869999885559082,0.73089998960495
YGL047W,YER021W,0,-6.7089825,0.11895865947008133,0.9869999885559082,0.7310000061988831
YPR081C,YPR182W,0,-6.7094064,0.11894432455301285,0.9869999885559082,0.7311000227928162
YOR181W,YNL241C,0,-6.709569,0.11892998963594437,0.9869999885559082,0.7311999797821045
YDR487C,YPR074C,0,-6.7098527,0.11891566216945648,0.9869999885559082,0.7312999963760376
YPL271W,YJL143W,0,-6.7100077,0.1189013347029686,0.9869999885559082,0.7314000129699707
YMR037C,YDR057W,0,-6.7102356,0.11888701468706131,0.9869999885559082,0.7315000295639038
YPL100W,YLR324W,0,-6.7104363,0.11887269467115402,0.9869999885559082,0.7315999865531921
YMR037C,YMR134W,0,-6.710708,0.11885838210582733,0.9869999885559082,0.7317000031471252
YBR022W,YMR061W,0,-6.710955,0.11884406954050064,0.9869999885559082,0.7318000197410583
YLR438C-A,YDR529C,0,-6.71181,0.11882976442575455,0.9869999885559082,0.7318999767303467
YDL236W,YCR033W,0,-6.712425,0.11881545931100845,0.9869999885559082,0.7319999933242798
YOR355W,YMR005W,0,-6.713331,0.11880115419626236,0.9869999885559082,0.7321000099182129
YEL015W,YNR032W,0,-6.713899,0.11878685653209686,0.9869999885559082,0.732200026512146
YBR132C,YLL040C,0,-6.714099,0.11877256631851196,0.9869999885559082,0.7322999835014343
YKL208W,YJR137C,0,-6.714106,0.11875826865434647,0.9869999885559082,0.7324000000953674
YMR092C,YGL212W,0,-6.7150683,0.11874398589134216,0.9869999885559082,0.7325000166893005
YOL004W,YNR064C,0,-6.715078,0.11872970312833786,0.9869999885559082,0.7325999736785889
YJR070C,YDL170W,0,-6.715161,0.11871542036533356,0.9869999885559082,0.732699990272522
YBR164C,YBR192W,0,-6.715963,0.11870114505290985,0.9869999885559082,0.7328000068664551
YKR090W,YOR340C,0,-6.716426,0.11868686974048615,0.9869999885559082,0.7329000234603882
YDL097C,YBL004W,0,-6.7165895,0.11867260187864304,0.9869999885559082,0.7329999804496765
YOL086C,YCR065W,0,-6.716962,0.11865833401679993,0.9869999885559082,0.7330999970436096
YHR081W,YJR010C-A,0,-6.7170353,0.11864406615495682,0.9869999885559082,0.7332000136375427
YJL014W,YNR052C,0,-6.7172894,0.1186298057436943,0.9869999885559082,0.733299970626831
YLL042C,YGL173C,0,-6.7174616,0.11861555278301239,0.9869999885559082,0.7333999872207642
YDR414C,YGL030W,0,-6.7183275,0.11860129982233047,0.9869999885559082,0.7335000038146973
YDL209C,YDL181W,0,-6.7188497,0.11858704686164856,0.9869999885559082,0.7336000204086304
YOR373W,YIR041W,0,-6.719092,0.11857280135154724,0.9869999885559082,0.7336999773979187
YFL011W-A,YKL054C,0,-6.7191677,0.11855855584144592,0.9869999885559082,0.7337999939918518
YPL145C,YLR438C-A,0,-6.719828,0.1185443177819252,0.9869999885559082,0.7339000105857849
YCL025C,YDR244W,0,-6.7201815,0.11853007972240448,0.9869999885559082,0.734000027179718
YFL045C,YGR111W,0,-6.72151,0.11851584911346436,0.9869999885559082,0.7340999841690063
YLL027W,YOR150W,0,-6.7215414,0.11850161850452423,0.9869999885559082,0.7342000007629395
YML051W,YPL234C,0,-6.72204,0.1184873953461647,0.9869999885559082,0.7343000173568726
YPL235W,YJL141C,0,-6.7222986,0.11847317218780518,0.9869999885559082,0.7343999743461609
YHR072W,YOL038W,0,-6.722433,0.11845895648002625,0.9869999885559082,0.734499990940094
YKR066C,YMR213W,0,-6.7228465,0.11844474077224731,0.9869999885559082,0.7346000075340271
YGR157W,YHR174W,0,-6.723381,0.11843052506446838,0.9869999885559082,0.7347000241279602
YGR227W,YDR258C,0,-6.724409,0.11841631680727005,0.9869999885559082,0.7347999811172485
YGR159C,YDR369C,0,-6.724707,0.11840210855007172,0.9869999885559082,0.7348999977111816
YKL005C,YBR283C,0,-6.724848,0.11838790774345398,0.9869999885559082,0.7350000143051147
YMR255W,YKL212W,0,-6.7248564,0.11837371438741684,0.9869999885559082,0.7350999712944031
YDR388W,YGR144W,0,-6.7271686,0.1183595135807991,0.9869999885559082,0.7351999878883362
YKL143W,YKL058W,0,-6.728176,0.11834532022476196,0.9869999885559082,0.7353000044822693
YJR155W,YFL036W,0,-6.728716,0.11833113431930542,0.9869999885559082,0.7354000210762024
YDR334W,YGR080W,0,-6.7288647,0.11831694841384888,0.9869999885559082,0.7354999780654907
YNL084C,YNL004W,0,-6.7293463,0.11830276995897293,0.9869999885559082,0.7355999946594238
YDR339C,YJR126C,0,-6.729698,0.11828859150409698,0.9869999885559082,0.7357000112533569
YLL013C,YPR187W,0,-6.7299757,0.11827441304922104,0.9869999885559082,0.73580002784729
YHR011W,YOR305W,0,-6.7300315,0.11826024204492569,0.9869999885559082,0.7358999848365784
YMR298W,YNR026C,0,-6.730306,0.11824607849121094,0.9869999885559082,0.7360000014305115
YPL262W,YOR148C,0,-6.731102,0.11823191493749619,0.9869999885559082,0.7361000180244446
YGL006W,YLR292C,0,-6.7318397,0.11821775138378143,0.9869999885559082,0.7361999750137329
YOR226C,YGL095C,0,-6.732785,0.11820359528064728,0.9869999885559082,0.736299991607666
YPL187W,YGL135W,0,-6.732908,0.11818943917751312,0.9869999885559082,0.7364000082015991
YIL125W,YER169W,0,-6.733098,0.11817529052495956,0.9869999885559082,0.7365000247955322
YER177W,YEL051W,0,-6.733321,0.118161141872406,0.9869999885559082,0.7365999817848206
YPL248C,YLR033W,0,-6.733463,0.11814699321985245,0.9869999885559082,0.7366999983787537
YFR034C,YOR230W,0,-6.733782,0.11813285201787949,0.9869999885559082,0.7368000149726868
YHR042W,YBL033C,0,-6.7346687,0.11811871826648712,0.9869999885559082,0.7368999719619751
YFL023W,YKL120W,0,-6.7349753,0.11810458451509476,0.9869999885559082,0.7369999885559082
YDL148C,YGR156W,0,-6.735769,0.11809045076370239,0.9869999885559082,0.7371000051498413
YDR244W,YGR161C,0,-6.735906,0.11807632446289062,0.9869999885559082,0.7372000217437744
YER019W,YIL077C,0,-6.7361965,0.11806219816207886,0.9869999885559082,0.7372999787330627
YIR010W,YKL193C,1,-6.736664,0.1181676834821701,0.9879999756813049,0.7372999787330627
YCR082W,YGR074W,0,-6.7368264,0.11815354973077774,0.9879999756813049,0.7373999953269958
YGR288W,YOR338W,0,-6.7368984,0.11813942342996597,0.9879999756813049,0.737500011920929
YOR020C,YOL124C,0,-6.73721,0.1181252971291542,0.9879999756813049,0.7376000285148621
YDR363W,YBR214W,0,-6.738747,0.11811117827892303,0.9879999756813049,0.7376999855041504
YOR026W,YHR055C,0,-6.738994,0.11809705942869186,0.9879999756813049,0.7378000020980835
YDR254W,YBL079W,1,-6.739307,0.11820246279239655,0.9890000224113464,0.7378000020980835
YOR142W,YHR072W-A,0,-6.7410016,0.11818833649158478,0.9890000224113464,0.7379000186920166
YDR075W,YOL020W,0,-6.7413125,0.11817421764135361,0.9890000224113464,0.7379999756813049
YHR158C,YDR481C,0,-6.741633,0.11816009879112244,0.9890000224113464,0.738099992275238
YPL117C,YGR033C,0,-6.741922,0.11814597994089127,0.9890000224113464,0.7382000088691711
YBR217W,YKL026C,0,-6.7421603,0.11813186854124069,0.9890000224113464,0.7383000254631042
YER020W,YGL194C,0,-6.7434616,0.11811775714159012,0.9890000224113464,0.7383999824523926
YHL047C,YOR195W,0,-6.7438416,0.11810365319252014,0.9890000224113464,0.7384999990463257
YGR230W,YLR350W,0,-6.743893,0.11808954924345016,0.9890000224113464,0.7386000156402588
YDR205W,YDR341C,0,-6.744254,0.11807545274496078,0.9890000224113464,0.7386999726295471
YBL003C,YMR004W,0,-6.744633,0.1180613562464714,0.9890000224113464,0.7387999892234802
YHL012W,YLR301W,0,-6.7446957,0.11804726719856262,0.9890000224113464,0.7389000058174133
YBR171W,YML076C,0,-6.745392,0.11803317815065384,0.9890000224113464,0.7390000224113464
YLR223C,YOL104C,0,-6.746322,0.11801909655332565,0.9890000224113464,0.7390999794006348
YPR191W,YNL333W,0,-6.7480063,0.11800501495599747,0.9890000224113464,0.7391999959945679
YCL052C,YNR013C,0,-6.7485023,0.11799093335866928,0.9890000224113464,0.739300012588501
YCR057C,YKL113C,0,-6.7487683,0.11797685921192169,0.9890000224113464,0.7394000291824341
YJL122W,YNL263C,0,-6.748873,0.1179627850651741,0.9890000224113464,0.7394999861717224
YOR098C,YHR160C,0,-6.7493515,0.11794871836900711,0.9890000224113464,0.7396000027656555
YJL157C,YHR015W,0,-6.7495656,0.11793465167284012,0.9890000224113464,0.7397000193595886
YPR162C,YLL011W,0,-6.750015,0.11792059242725372,0.9890000224113464,0.739799976348877
YPR086W,YJL029C,0,-6.7504063,0.11790653318166733,0.9890000224113464,0.7398999929428101
YPR093C,YML058W,0,-6.750555,0.11789248138666153,0.9890000224113464,0.7400000095367432
YCR010C,YPR075C,0,-6.7516346,0.11787842959165573,0.9890000224113464,0.7401000261306763
YNL156C,YER094C,0,-6.7533345,0.11786437779664993,0.9890000224113464,0.7401999831199646
YJR001W,YFR047C,0,-6.753569,0.11785033345222473,0.9890000224113464,0.7402999997138977
YDR142C,YKR059W,0,-6.753578,0.11783628910779953,0.9890000224113464,0.7404000163078308
YGR280C,YEL031W,0,-6.7536426,0.11782225221395493,0.9890000224113464,0.7404999732971191
YGR230W,YJL045W,0,-6.754541,0.11780822277069092,0.9890000224113464,0.7405999898910522
YJL020C,YDR225W,0,-6.75506,0.11779418587684631,0.9890000224113464,0.7407000064849854
YGL180W,YJL208C,0,-6.7556767,0.1177801564335823,0.9890000224113464,0.7408000230789185
YDL166C,YLR355C,0,-6.7559075,0.1177661344408989,0.9890000224113464,0.7408999800682068
YLR284C,YHR001W-A,0,-6.7565217,0.11775211244821548,0.9890000224113464,0.7409999966621399
YGL115W,YGR285C,0,-6.7570996,0.11773809790611267,0.9890000224113464,0.741100013256073
YPR102C,YCL069W,0,-6.75776,0.11772408336400986,0.9890000224113464,0.7411999702453613
YFL023W,YIL118W,0,-6.757951,0.11771006882190704,0.9890000224113464,0.7412999868392944
YMR033W,YGR118W,0,-6.758039,0.11769606173038483,0.9890000224113464,0.7414000034332275
YOR298C-A,YGR264C,0,-6.75824,0.11768205463886261,0.9890000224113464,0.7415000200271606
YPR132W,YCR084C,0,-6.761328,0.11766805499792099,0.9890000224113464,0.741599977016449
YMR012W,YOL123W,0,-6.76136,0.11765405535697937,0.9890000224113464,0.7416999936103821
YGL247W,YBR143C,0,-6.761974,0.11764006316661835,0.9890000224113464,0.7418000102043152
YCR091W,YER165W,0,-6.7622466,0.11762607097625732,0.9890000224113464,0.7419000267982483
YJR105W,YLR466W,0,-6.763168,0.1176120787858963,0.9890000224113464,0.7419999837875366
YLR069C,YJL042W,0,-6.7633624,0.11759809404611588,0.9890000224113464,0.7421000003814697
YBL002W,YKL009W,0,-6.7640767,0.11758411675691605,0.9890000224113464,0.7422000169754028
YNL281W,YPL085W,0,-6.7652645,0.11757013946771622,0.9890000224113464,0.7422999739646912
YFL050C,YPL212C,0,-6.76617,0.11755616217851639,0.9890000224113464,0.7423999905586243
YAL038W,YPL210C,0,-6.766671,0.11754219233989716,0.9890000224113464,0.7425000071525574
YCR027C,YOR057W,0,-6.766675,0.11752822250127792,0.9890000224113464,0.7426000237464905
YOR341W,YNL012W,0,-6.766851,0.11751426011323929,0.9890000224113464,0.7426999807357788
YOR316C,YIL051C,0,-6.7677603,0.11750029772520065,0.9890000224113464,0.7427999973297119
YDR148C,YDR202C,0,-6.767808,0.11748633533716202,0.9890000224113464,0.742900013923645
YDR364C,YML059C,0,-6.7702465,0.11747238039970398,0.9890000224113464,0.7429999709129333
YHR065C,YKR101W,0,-6.7702894,0.11745843291282654,0.9890000224113464,0.7430999875068665
YDR218C,YIL080W,0,-6.7703896,0.1174444854259491,0.9890000224113464,0.7432000041007996
YBR023C,YER020W,0,-6.770678,0.11743053793907166,0.9890000224113464,0.7433000206947327
YLR136C,YGR111W,0,-6.7709436,0.11741659790277481,0.9890000224113464,0.743399977684021
YHR072W,YBR080C,0,-6.7710676,0.11740265786647797,0.9890000224113464,0.7434999942779541
YDR517W,YOR346W,0,-6.7710958,0.11738872528076172,0.9890000224113464,0.7436000108718872
YLR107W,YEL031W,0,-6.771211,0.11737479269504547,0.9890000224113464,0.7437000274658203
YPR094W,YNL247W,0,-6.771792,0.11736086755990982,0.9890000224113464,0.7437999844551086
YGR280C,YFR040W,0,-6.7719483,0.11734694242477417,0.9890000224113464,0.7439000010490417
YDR284C,YJR160C,0,-6.7720685,0.11733301728963852,0.9890000224113464,0.7440000176429749
YDL113C,YJL108C,0,-6.772078,0.11731909960508347,0.9890000224113464,0.7440999746322632
YDR022C,YLR002C,0,-6.772354,0.11730518192052841,0.9890000224113464,0.7441999912261963
YEL030W,YHR133C,0,-6.7724414,0.11729127168655396,0.9890000224113464,0.7443000078201294
YJR093C,YNL142W,0,-6.772471,0.1172773614525795,0.9890000224113464,0.7444000244140625
YLR153C,YBR022W,0,-6.7732806,0.11726345866918564,0.9890000224113464,0.7444999814033508
YLL018C-A,YPL274W,0,-6.773897,0.11724955588579178,0.9890000224113464,0.7445999979972839
YOL142W,YGR192C,0,-6.774142,0.11723565310239792,0.9890000224113464,0.744700014591217
YER053C,YDL058W,0,-6.774443,0.11722175776958466,0.9890000224113464,0.7447999715805054
YHR026W,YPR088C,0,-6.7753487,0.11720786988735199,0.9890000224113464,0.7448999881744385
YOL082W,YDR079C-A,0,-6.775851,0.11719398200511932,0.9890000224113464,0.7450000047683716
YOR098C,YPR125W,0,-6.7769837,0.11718009412288666,0.9890000224113464,0.7451000213623047
YJR047C,YGL019W,0,-6.777065,0.11716621369123459,0.9890000224113464,0.745199978351593
YFL011W-A,YBR050C,0,-6.777659,0.11715233325958252,0.9890000224113464,0.7452999949455261
YFL056C,YDR448W,0,-6.778131,0.11713846027851105,0.9890000224113464,0.7454000115394592
YPR167C,YHR143W-A,0,-6.778215,0.11712458729743958,0.9890000224113464,0.7455000281333923
YER083C,YOR241W,0,-6.778463,0.1171107143163681,0.9890000224113464,0.7455999851226807
YPL221W,YPL010W,0,-6.7791295,0.11709684878587723,0.9890000224113464,0.7457000017166138
YIL097W,YHR050W,0,-6.779264,0.11708299070596695,0.9890000224113464,0.7458000183105469
YDL192W,YLR455W,0,-6.7793865,0.11706912517547607,0.9890000224113464,0.7458999752998352
YNR016C,YKL213C,0,-6.7797885,0.11705527454614639,0.9890000224113464,0.7459999918937683
YOR079C,YMR183C,0,-6.779872,0.11704141646623611,0.9890000224113464,0.7461000084877014
YBR214W,YOR057W,0,-6.7802806,0.11702757328748703,0.9890000224113464,0.7462000250816345
YER103W,YHR020W,0,-6.781657,0.11701372265815735,0.9890000224113464,0.7462999820709229
YHR174W,YJR059W,0,-6.7817855,0.11699987947940826,0.9890000224113464,0.746399998664856
YMR213W,YKL035W,0,-6.782253,0.11698604375123978,0.9890000224113464,0.7465000152587891
YMR065W,YER126C,0,-6.7823544,0.11697220802307129,0.9890000224113464,0.7465999722480774
YDL069C,YHR193C,0,-6.7826324,0.1169583722949028,0.9890000224113464,0.7466999888420105
YHR072W,YBR188C,0,-6.782828,0.11694454401731491,0.9890000224113464,0.7468000054359436
YBR177C,YNR026C,0,-6.783744,0.11693071573972702,0.9890000224113464,0.7469000220298767
YPR128C,YCL038C,0,-6.7848773,0.11691689491271973,0.9890000224113464,0.746999979019165
YML069W,YER082C,0,-6.7853513,0.11690307408571243,0.9890000224113464,0.7470999956130981
YOR265W,YNL313C,0,-6.785452,0.11688925325870514,0.9890000224113464,0.7472000122070312
YAL031C,YIR011C,1,-6.786462,0.11699362099170685,0.9900000095367432,0.7472000122070312
YHR075C,YHL012W,0,-6.787559,0.11697979271411896,0.9900000095367432,0.7473000288009644
YLR276C,YLR005W,0,-6.7880826,0.11696597188711166,0.9900000095367432,0.7473999857902527
YAL031C,YHR014W,1,-6.7892814,0.1170702874660492,0.9909999966621399,0.7473999857902527
YML128C,YHR075C,0,-6.7909513,0.1170564591884613,0.9909999966621399,0.7475000023841858
YDR194C,YDR418W,0,-6.7940173,0.11704263836145401,0.9909999966621399,0.7476000189781189
YKL020C,YNR039C,0,-6.7954288,0.11702881753444672,0.9909999966621399,0.7476999759674072
YLL022C,YPL135W,0,-6.795682,0.11701499670743942,0.9909999966621399,0.7477999925613403
YNR054C,YCR044C,0,-6.795935,0.11700118333101273,0.9909999966621399,0.7479000091552734
YBL098W,YKL144C,0,-6.7976346,0.11698736995458603,0.9909999966621399,0.7480000257492065
YDR384C,YDR416W,0,-6.797813,0.11697355657815933,0.9909999966621399,0.7480999827384949
YOR362C,YLR455W,0,-6.798447,0.11695975810289383,0.9909999966621399,0.748199999332428
YOR031W,YHR150W,0,-6.7992187,0.11694595217704773,0.9909999966621399,0.7483000159263611
YDR465C,YLR346C,0,-6.7994237,0.11693215370178223,0.9909999966621399,0.7483999729156494
YAL055W,YGL207W,0,-6.7995005,0.11691835522651672,0.9909999966621399,0.7484999895095825
YER179W,YHR006W,0,-6.800181,0.11690456420183182,0.9909999966621399,0.7486000061035156
YDR224C,YLR435W,0,-6.8006206,0.11689077317714691,0.9909999966621399,0.7487000226974487
YDR479C,YFL058W,0,-6.8011384,0.1168769896030426,0.9909999966621399,0.7487999796867371
YMR186W,YFL058W,0,-6.8012815,0.1168632060289383,0.9909999966621399,0.7488999962806702
YPL227C,YHR074W,0,-6.8017435,0.11684942990541458,0.9909999966621399,0.7490000128746033
YPR049C,YOR046C,0,-6.8020563,0.11683565378189087,0.9909999966621399,0.7491000294685364
YNR075W,YKR067W,0,-6.8023725,0.11682187765836716,0.9909999966621399,0.7491999864578247
YKL146W,YDL115C,0,-6.802733,0.11680810898542404,0.9909999966621399,0.7493000030517578
YNR019W,YKL154W,0,-6.8031907,0.11679434031248093,0.9909999966621399,0.7494000196456909
YDR343C,YGR002C,0,-6.803551,0.11678057909011841,0.9909999966621399,0.7494999766349792
YJR083C,YEL029C,0,-6.803811,0.11676681786775589,0.9909999966621399,0.7495999932289124
YLR167W,YEL004W,0,-6.804004,0.11675306409597397,0.9909999966621399,0.7497000098228455
YBR034C,YER123W,0,-6.804115,0.11673931032419205,0.9909999966621399,0.7498000264167786
YBR109C,YOL123W,0,-6.8043256,0.11672555655241013,0.9909999966621399,0.7498999834060669
YDR298C,YLR377C,0,-6.804585,0.1167118102312088,0.9909999966621399,0.75
YMR238W,YOR151C,0,-6.8050923,0.11669807136058807,0.9909999966621399,0.7501000165939331
YOR326W,YKR056W,0,-6.8084264,0.11668432503938675,0.9909999966621399,0.7501999735832214
YHR001W-A,YKL070W,0,-6.808969,0.11667059361934662,0.9909999966621399,0.7502999901771545
YNL001W,YHR070W,0,-6.8109555,0.11665685474872589,0.9909999966621399,0.7504000067710876
YJR137C,YOR353C,0,-6.811517,0.11664312332868576,0.9909999966621399,0.7505000233650208
YKL051W,YFL002C,0,-6.8116465,0.11662939935922623,0.9909999966621399,0.7505999803543091
YER019C-A,YJR026W,0,-6.8118362,0.1166156753897667,0.9909999966621399,0.7506999969482422
YEL063C,YOR261C,0,-6.8120584,0.11660195142030716,0.9909999966621399,0.7508000135421753
YJR013W,YLL040C,0,-6.812088,0.11658823490142822,0.9909999966621399,0.7508999705314636
YKL026C,YPR168W,0,-6.812512,0.11657451838254929,0.9909999966621399,0.7509999871253967
YHR187W,YKL165C,0,-6.813024,0.11656080931425095,0.9909999966621399,0.7511000037193298
YPL169C,YHR020W,0,-6.8130803,0.1165471002459526,0.9909999966621399,0.7512000203132629
YNL161W,YOL008W,0,-6.813083,0.11653339862823486,0.9909999966621399,0.7512999773025513
YBR276C,YGR279C,0,-6.814541,0.11651969701051712,0.9909999966621399,0.7513999938964844
YOR103C,YDL055C,0,-6.8147864,0.11650599539279938,0.9909999966621399,0.7515000104904175
YFL003C,YJL116C,0,-6.8149714,0.11649230122566223,0.9909999966621399,0.7516000270843506
YNL075W,YNL206C,0,-6.8154387,0.11647860705852509,0.9909999966621399,0.7516999840736389
YNL161W,YLL019C,0,-6.815641,0.11646492034196854,0.9909999966621399,0.751800000667572
YLR355C,YDR429C,0,-6.8162904,0.11645123362541199,0.9909999966621399,0.7519000172615051
YKL179C,YLR008C,0,-6.816484,0.11643755435943604,0.9909999966621399,0.7519999742507935
YFR009W,YJL124C,0,-6.816528,0.11642387509346008,0.9909999966621399,0.7520999908447266
YHR011W,YNL206C,0,-6.816563,0.11641019582748413,0.9909999966621399,0.7522000074386597
YKR039W,YEL012W,0,-6.818935,0.11639652401208878,0.9909999966621399,0.7523000240325928
YKL139W,YFL002C,0,-6.818993,0.11638285219669342,0.9909999966621399,0.7523999810218811
YBR035C,YLR212C,0,-6.820194,0.11636918783187866,0.9909999966621399,0.7524999976158142
YDR448W,YER177W,0,-6.8203964,0.1163555234670639,0.9909999966621399,0.7526000142097473
YKL048C,YGL229C,0,-6.820578,0.11634186655282974,0.9909999966621399,0.7526999711990356
YLR303W,YLR328W,0,-6.8213944,0.11632820963859558,0.9909999966621399,0.7527999877929688
YAL031C,YGR063C,1,-6.821915,0.11643192172050476,0.9919999837875366,0.7527999877929688
YOL122C,YGL104C,0,-6.8230796,0.11641825735569,0.9919999837875366,0.7529000043869019
YML012W,YDR002W,0,-6.823484,0.11640460044145584,0.9919999837875366,0.753000020980835
YML069W,YOR243C,0,-6.82394,0.11639094352722168,0.9919999837875366,0.7530999779701233
YMR060C,YOR254C,0,-6.8241105,0.11637728661298752,0.9919999837875366,0.7531999945640564
YGL205W,YNR026C,0,-6.8242636,0.11636363714933395,0.9919999837875366,0.7533000111579895
YPR190C,YLR022C,0,-6.8245945,0.11634998768568039,0.9919999837875366,0.7534000277519226
YJR064W,YNL287W,0,-6.8246875,0.11633634567260742,0.9919999837875366,0.7534999847412109
YKL152C,YJR006W,0,-6.8256617,0.11632270365953445,0.9919999837875366,0.753600001335144
YPR065W,YER049W,0,-6.8258877,0.11630906164646149,0.9919999837875366,0.7537000179290771
YPR025C,YBR034C,0,-6.8262234,0.11629542708396912,0.9919999837875366,0.7537999749183655
YKL188C,YGL112C,0,-6.826595,0.11628179252147675,0.9919999837875366,0.7538999915122986
YDL200C,YNL163C,0,-6.826888,0.11626816540956497,0.9919999837875366,0.7540000081062317
YOR032C,YDL085W,0,-6.8276033,0.1162545382976532,0.9919999837875366,0.7541000247001648
YFL058W,YDR165W,0,-6.828481,0.11624091863632202,0.9919999837875366,0.7541999816894531
YML132W,YJR102C,0,-6.8302946,0.11622729897499084,0.9919999837875366,0.7542999982833862
YPL249C,YML091C,0,-6.832037,0.11621368676424026,0.9919999837875366,0.7544000148773193
YML051W,YGR078C,0,-6.8323946,0.11620006710290909,0.9919999837875366,0.7544999718666077
YNL220W,YOR018W,0,-6.8334174,0.1161864623427391,0.9919999837875366,0.7545999884605408
YOL151W,YJL092W,0,-6.834202,0.11617285758256912,0.9919999837875366,0.7547000050544739
YIR023W,YJL089W,0,-6.834882,0.11615925282239914,0.9919999837875366,0.754800021648407
YDR435C,YDR545W,0,-6.835252,0.11614564806222916,0.9919999837875366,0.7548999786376953
YGR147C,YGR253C,0,-6.837417,0.11613205075263977,0.9919999837875366,0.7549999952316284
YLR006C,YNR064C,0,-6.838336,0.11611846089363098,0.9919999837875366,0.7551000118255615
YLR384C,YEL037C,0,-6.8383365,0.11610487103462219,0.9919999837875366,0.7552000284194946
YJL020C,YMR037C,0,-6.838341,0.1160912811756134,0.9919999837875366,0.755299985408783
YLR450W,YHR206W,0,-6.8394413,0.11607769876718521,0.9919999837875366,0.7554000020027161
YJR006W,YOR210W,0,-6.840242,0.11606411635875702,0.9919999837875366,0.7555000185966492
YDR342C,YNR026C,0,-6.840516,0.11605054140090942,0.9919999837875366,0.7555999755859375
YDL045C,YGR047C,0,-6.840587,0.11603696644306183,0.9919999837875366,0.7556999921798706
YOR226C,YGR165W,0,-6.8405933,0.11602339148521423,0.9919999837875366,0.7558000087738037
YLR028C,YNL107W,0,-6.8406243,0.11600982397794724,0.9919999837875366,0.7559000253677368
YNL101W,YDR028C,0,-6.8409724,0.11599625647068024,0.9919999837875366,0.7559999823570251
YKR036C,YHR197W,0,-6.841131,0.11598269641399384,0.9919999837875366,0.7560999989509583
YKL152C,YNL309W,0,-6.841496,0.11596913635730743,0.9919999837875366,0.7562000155448914
YDR423C,YOR106W,0,-6.8415246,0.11595558375120163,0.9919999837875366,0.7562999725341797
YKL204W,YML048W,0,-6.841789,0.11594203114509583,0.9919999837875366,0.7563999891281128
YGR037C,YNL153C,0,-6.842245,0.11592847853899002,0.9919999837875366,0.7565000057220459
YOR061W,YOR245C,0,-6.843351,0.11591493338346481,0.9919999837875366,0.756600022315979
YKL191W,YGR101W,0,-6.8439245,0.1159013882279396,0.9919999837875366,0.7566999793052673
YOR347C,YLR417W,0,-6.84402,0.115887850522995,0.9919999837875366,0.7567999958992004
YJR105W,YPL082C,0,-6.8443894,0.11587431281805038,0.9919999837875366,0.7569000124931335
YLR291C,YHR138C,0,-6.8452983,0.11586078256368637,0.9919999837875366,0.7570000290870667
YOR047C,YGR144W,0,-6.8459315,0.11584725230932236,0.9919999837875366,0.757099986076355
YKR024C,YNL264C,0,-6.8463426,0.11583372205495834,0.9919999837875366,0.7572000026702881
YFR047C,YDR055W,0,-6.8466845,0.11582019925117493,0.9919999837875366,0.7573000192642212
YJL101C,YJL179W,0,-6.846941,0.11580667644739151,0.9919999837875366,0.7573999762535095
YJL020C,YBL041W,0,-6.8474307,0.11579316109418869,0.9919999837875366,0.7574999928474426
YER061C,YGR054W,0,-6.848066,0.11577964574098587,0.9919999837875366,0.7576000094413757
YAR014C,YDL201W,0,-6.8485427,0.11576613038778305,0.9919999837875366,0.7577000260353088
YBR161W,YHL027W,0,-6.84932,0.11575262248516083,0.9919999837875366,0.7577999830245972
YCR040W,YLL024C,0,-6.8496213,0.1157391220331192,0.9919999837875366,0.7578999996185303
YDR182W,YGR161C,0,-6.8497524,0.11572562158107758,0.9919999837875366,0.7580000162124634
YCR091W,YOR001W,0,-6.8499217,0.11571212112903595,0.9919999837875366,0.7580999732017517
YML029W,YML131W,0,-6.850192,0.11569862067699432,0.9919999837875366,0.7581999897956848
YDR022C,YHR204W,0,-6.850362,0.1156851276755333,0.9919999837875366,0.7583000063896179
YAL041W,YGR214W,0,-6.8517632,0.11567164212465286,0.9919999837875366,0.758400022983551
YPR144C,YMR156C,0,-6.8520026,0.11565815657377243,0.9919999837875366,0.7584999799728394
YGL053W,YIL123W,0,-6.85362,0.115644671022892,0.9919999837875366,0.7585999965667725
YLR153C,YGR169C,0,-6.8539686,0.11563119292259216,0.9919999837875366,0.7587000131607056
YML094W,YDR427W,0,-6.8542504,0.11561771482229233,0.9919999837875366,0.7588000297546387
YGL051W,YPR016C,0,-6.85428,0.11560424417257309,0.9919999837875366,0.758899986743927
YLR028C,YDL192W,0,-6.854303,0.11559077352285385,0.9919999837875366,0.7590000033378601
YLR051C,YPL042C,0,-6.8544703,0.11557730287313461,0.9919999837875366,0.7591000199317932
YOR377W,YLR291C,0,-6.8547273,0.11556383967399597,0.9919999837875366,0.7591999769210815
YKL026C,YPL041C,0,-6.854729,0.11555037647485733,0.9919999837875366,0.7592999935150146
YLR304C,YHL040C,0,-6.855223,0.11553692072629929,0.9919999837875366,0.7594000101089478
YGR204W,YPL213W,0,-6.8560786,0.11552346497774124,0.9919999837875366,0.7595000267028809
YKR003W,YPR165W,0,-6.85777,0.1155100166797638,0.9919999837875366,0.7595999836921692
YDR492W,YOR351C,0,-6.8581057,0.11549656838178635,0.9919999837875366,0.7597000002861023
YBL002W,YDR487C,0,-6.858582,0.1154831200838089,0.9919999837875366,0.7598000168800354
YPL213W,YNR013C,0,-6.8589606,0.11546967923641205,0.9919999837875366,0.7598999738693237
YML129C,YLR363C,0,-6.859023,0.1154562383890152,0.9919999837875366,0.7599999904632568
YBL080C,YLR130C,0,-6.8591285,0.11544280499219894,0.9919999837875366,0.7601000070571899
YDR503C,YCR057C,0,-6.862266,0.11542937159538269,0.9919999837875366,0.760200023651123
YNL090W,YJR103W,0,-6.863006,0.11541593819856644,0.9919999837875366,0.7602999806404114
YDR085C,YOR362C,0,-6.8635197,0.11540251225233078,0.9919999837875366,0.7603999972343445
YFR024C-A,YKL176C,0,-6.8635836,0.11538908630609512,0.9919999837875366,0.7605000138282776
YFR050C,YDL076C,0,-6.8645186,0.11537566781044006,0.9919999837875366,0.7605999708175659
YPL132W,YGL195W,0,-6.864678,0.115362249314785,0.9919999837875366,0.760699987411499
YBL071W-A,YHR091C,0,-6.8654733,0.11534883826971054,0.9919999837875366,0.7608000040054321
YJR158W,YAL068C,0,-6.8660283,0.11533542722463608,0.9919999837875366,0.7609000205993652
YNL029C,YOR132W,0,-6.8660617,0.11532201617956161,0.9919999837875366,0.7609999775886536
YOL078W,YER126C,0,-6.8668637,0.11530861258506775,0.9919999837875366,0.7610999941825867
YIL097W,YIL082W-A,0,-6.8671966,0.11529520899057388,0.9919999837875366,0.7612000107765198
YLL018C-A,YDR098C,0,-6.867624,0.11528181284666061,0.9919999837875366,0.7613000273704529
YGL032C,YJR064W,0,-6.867741,0.11526841670274734,0.9919999837875366,0.7613999843597412
YEL009C,YOR187W,0,-6.867808,0.11525502800941467,0.9919999837875366,0.7615000009536743
YOR011W,YER065C,0,-6.8682847,0.115241639316082,0.9919999837875366,0.7616000175476074
YOR099W,YGL104C,0,-6.8707633,0.11522825062274933,0.9919999837875366,0.7616999745368958
YOL033W,YKR079C,0,-6.87106,0.11521486937999725,0.9919999837875366,0.7617999911308289
YDR122W,YOR159C,0,-6.8712964,0.11520148813724518,0.9919999837875366,0.761900007724762
YOL151W,YMR267W,0,-6.871486,0.1151881068944931,0.9919999837875366,0.7620000243186951
YJR006W,YOR229W,0,-6.8719306,0.11517473310232162,0.9919999837875366,0.7620999813079834
YDR216W,YHR119W,0,-6.87222,0.11516136676073074,0.9919999837875366,0.7621999979019165
YER049W,YBL100W-B,0,-6.872976,0.11514800041913986,0.9919999837875366,0.7623000144958496
YOR173W,YCR065W,0,-6.8737564,0.11513463407754898,0.9919999837875366,0.7623999714851379
YPL160W,YNL099C,0,-6.8746314,0.1151212751865387,0.9919999837875366,0.762499988079071
YJR068W,YMR190C,1,-6.875207,0.1152239516377449,0.9929999709129333,0.762499988079071
YJL178C,YML012W,0,-6.8753657,0.11521057784557343,0.9929999709129333,0.7626000046730042
YNL091W,YBR061C,0,-6.8775353,0.11519721895456314,0.9929999709129333,0.7627000212669373
YPL031C,YDL076C,0,-6.8775783,0.11518385261297226,0.9929999709129333,0.7627999782562256
YNL202W,YDR086C,0,-6.877872,0.11517049372196198,0.9929999709129333,0.7628999948501587
YNL026W,YMR146C,0,-6.8784814,0.11515713483095169,0.9929999709129333,0.7630000114440918
YPL075W,YKL074C,0,-6.8788247,0.115143783390522,0.9929999709129333,0.7631000280380249
YNL264C,YLR426W,0,-6.879769,0.11513043195009232,0.9929999709129333,0.7631999850273132
YKL193C,YIL144W,1,-6.881245,0.11523301899433136,0.9940000176429749,0.7631999850273132
YDR255C,YML043C,0,-6.8816023,0.11521966010332108,0.9940000176429749,0.7633000016212463
YDR289C,YJL164C,0,-6.8818536,0.11520630866289139,0.9940000176429749,0.7634000182151794
YMR267W,YML024W,0,-6.881996,0.1151929572224617,0.9940000176429749,0.7634999752044678
YLR102C,YMR311C,1,-6.8822083,0.11529547721147537,0.9950000047683716,0.7634999752044678
YDR194C,YHL028W,0,-6.8829494,0.11528212577104568,0.9950000047683716,0.7635999917984009
YGR246C,YKR057W,0,-6.8832254,0.1152687668800354,0.9950000047683716,0.763700008392334
YLL009C,YDL209C,0,-6.8837805,0.11525541543960571,0.9950000047683716,0.7638000249862671
YPL055C,YPR101W,0,-6.883958,0.11524206399917603,0.9950000047683716,0.7638999819755554
YGR002C,YIL023C,0,-6.8840337,0.11522872000932693,0.9950000047683716,0.7639999985694885
YER155C,YER052C,0,-6.884788,0.11521537601947784,0.9950000047683716,0.7641000151634216
YBR205W,YNL239W,0,-6.885701,0.11520203948020935,0.9950000047683716,0.76419997215271
YNL111C,YGR135W,0,-6.88711,0.11518870294094086,0.9950000047683716,0.7642999887466431
YAL054C,YNL261W,0,-6.887444,0.11517536640167236,0.9950000047683716,0.7644000053405762
YNL080C,YOR206W,0,-6.8886104,0.11516203731298447,0.9950000047683716,0.7645000219345093
YPL078C,YER154W,0,-6.8897104,0.11514870822429657,0.9950000047683716,0.7645999789237976
YDR302W,YCR026C,0,-6.8901114,0.11513538658618927,0.9950000047683716,0.7646999955177307
YDR099W,YNL016W,0,-6.8916855,0.11512206494808197,0.9950000047683716,0.7648000121116638
YDL084W,YGR144W,0,-6.89174,0.11510874330997467,0.9950000047683716,0.7649000287055969
YEL030W,YBR183W,0,-6.8921633,0.11509542912244797,0.9950000047683716,0.7649999856948853
YBR083W,YLR130C,0,-6.8921676,0.11508212238550186,0.9950000047683716,0.7651000022888184
YPL227C,YPR023C,0,-6.893159,0.11506880819797516,0.9950000047683716,0.7652000188827515
YKL192C,YBL002W,0,-6.894195,0.11505550146102905,0.9950000047683716,0.7652999758720398
YBR161W,YBR026C,0,-6.8944426,0.11504220217466354,0.9950000047683716,0.7653999924659729
YBR035C,YOR084W,0,-6.896009,0.11502890288829803,0.9950000047683716,0.765500009059906
YBR247C,YDR013W,0,-6.89612,0.11501560360193253,0.9950000047683716,0.7656000256538391
YDR085C,YGL187C,0,-6.8966208,0.11500231176614761,0.9950000047683716,0.7656999826431274
YLL035W,YOR275C,0,-6.8966565,0.1149890199303627,0.9950000047683716,0.7657999992370605
YOR173W,YIL029C,0,-6.898009,0.11497573554515839,0.9950000047683716,0.7659000158309937
YHR067W,YOL146W,0,-6.8981447,0.11496245115995407,0.9950000047683716,0.765999972820282
YLL021W,YBR162C,0,-6.8990088,0.11494916677474976,0.9950000047683716,0.7660999894142151
YGR246C,YAL044C,0,-6.900729,0.11493588984012604,0.9950000047683716,0.7662000060081482
YHR089C,YDL170W,0,-6.9009337,0.11492261290550232,0.9950000047683716,0.7663000226020813
YKL192C,YDL132W,0,-6.9011827,0.1149093434214592,0.9950000047683716,0.7663999795913696
YHR204W,YPL097W,0,-6.901293,0.11489607393741608,0.9950000047683716,0.7664999961853027
YEL034W,YAR035W,0,-6.9017563,0.11488280445337296,0.9950000047683716,0.7666000127792358
YGR197C,YOL128C,0,-6.9026794,0.11486954241991043,0.9950000047683716,0.766700029373169
YCL038C,YDL076C,0,-6.903192,0.1148562878370285,0.9950000047683716,0.7667999863624573
YGL163C,YPL237W,0,-6.9036074,0.11484302580356598,0.9950000047683716,0.7669000029563904
YMR305C,YAL001C,0,-6.903741,0.11482977867126465,0.9950000047683716,0.7670000195503235
YDL056W,YGR055W,0,-6.903928,0.11481652408838272,0.9950000047683716,0.7670999765396118
YOL122C,YKL070W,0,-6.9039416,0.11480327695608139,0.9950000047683716,0.7671999931335449
YDL046W,YDR435C,0,-6.905721,0.11479002982378006,0.9950000047683716,0.767300009727478
YGR261C,YLR191W,0,-6.9058924,0.11477679014205933,0.9950000047683716,0.7674000263214111
YGL209W,YGR054W,0,-6.9059143,0.11476355046033859,0.9950000047683716,0.7674999833106995
YNL286W,YBR037C,0,-6.9078636,0.11475031822919846,0.9950000047683716,0.7675999999046326
YML129C,YEL050C,0,-6.908872,0.11473708599805832,0.9950000047683716,0.7677000164985657
YNL173C,YMR053C,0,-6.9091563,0.11472385376691818,0.9950000047683716,0.767799973487854
YDR224C,YDL097C,0,-6.9095793,0.11471062898635864,0.9950000047683716,0.7678999900817871
YHR200W,YJL048C,0,-6.9101377,0.1146974042057991,0.9950000047683716,0.7680000066757202
YLR384C,YJL143W,0,-6.9101434,0.11468418687582016,0.9950000047683716,0.7681000232696533
YBR145W,YGR033C,0,-6.910227,0.11467096954584122,0.9950000047683716,0.7681999802589417
YBL098W,YML064C,0,-6.9104257,0.11465775221586227,0.9950000047683716,0.7682999968528748
YNR054C,YER013W,0,-6.9108157,0.11464454233646393,0.9950000047683716,0.7684000134468079
YJR121W,YKR022C,0,-6.9110827,0.11463133990764618,0.9950000047683716,0.7684999704360962
YBR136W,YKR081C,0,-6.9111257,0.11461813002824783,0.9950000047683716,0.7685999870300293
YDR516C,YJL062W,0,-6.9111266,0.11460492759943008,0.9950000047683716,0.7687000036239624
YKL011C,YOR049C,0,-6.9140797,0.11459173262119293,0.9950000047683716,0.7688000202178955
YDL102W,YGR256W,0,-6.9159627,0.11457853764295578,0.9950000047683716,0.7688999772071838
YPL244C,YIL110W,0,-6.916397,0.11456534266471863,0.9950000047683716,0.7689999938011169
YER178W,YDL135C,0,-6.917763,0.11455215513706207,0.9950000047683716,0.76910001039505
YER177W,YHR174W,0,-6.9184237,0.11453896760940552,0.9950000047683716,0.7692000269889832
YML024W,YPL094C,0,-6.9189796,0.11452578008174896,0.9950000047683716,0.7692999839782715
YER094C,YPR108W,0,-6.9197173,0.114512600004673,0.9950000047683716,0.7694000005722046
YMR153W,YOR137C,0,-6.920957,0.11449942737817764,0.9950000047683716,0.7695000171661377
YJL190C,YNR026C,0,-6.921729,0.11448624730110168,0.9950000047683716,0.769599974155426
YOR140W,YMR243C,0,-6.9217677,0.11447308212518692,0.9950000047683716,0.7696999907493591
YGR010W,YMR067C,0,-6.921875,0.11445990949869156,0.9950000047683716,0.7698000073432922
YOR103C,YNR015W,0,-6.9228516,0.1144467443227768,0.9950000047683716,0.7699000239372253
YBR164C,YBR118W,0,-6.9235644,0.11443357914686203,0.9950000047683716,0.7699999809265137
YDL033C,YPR016C,0,-6.923827,0.11442042142152786,0.9950000047683716,0.7700999975204468
YML048W,YBR298C,0,-6.9238896,0.1144072636961937,0.9950000047683716,0.7702000141143799
YDL198C,YDR317W,0,-6.9242578,0.11439411342144012,0.9950000047683716,0.7702999711036682
YMR116C,YGL089C,0,-6.92468,0.11438096314668655,0.9950000047683716,0.7703999876976013
YOL100W,YPL010W,0,-6.9248047,0.11436781287193298,0.9950000047683716,0.7705000042915344
YKR066C,YDR419W,0,-6.9252,0.11435467004776001,0.9950000047683716,0.7706000208854675
YMR015C,YGL045W,0,-6.926108,0.11434152722358704,0.9950000047683716,0.7706999778747559
YHR023W,YNL002C,0,-6.926575,0.11432839184999466,0.9950000047683716,0.770799994468689
YIL106W,YKL058W,0,-6.9268394,0.11431525647640228,0.9950000047683716,0.7709000110626221
YKR076W,YPR037C,0,-6.9271126,0.1143021285533905,0.9950000047683716,0.7710000276565552
YOR316C,YOR230W,0,-6.9286785,0.11428899317979813,0.9950000047683716,0.7710999846458435
YBL090W,YLR212C,0,-6.9292493,0.11427587270736694,0.9950000047683716,0.7712000012397766
YDR122W,YMR008C,0,-6.9301853,0.11426274478435516,0.9950000047683716,0.7713000178337097
YNL173C,YOR362C,0,-6.930341,0.11424962431192398,0.9950000047683716,0.771399974822998
YDL132W,YDR513W,0,-6.93068,0.1142365112900734,0.9950000047683716,0.7714999914169312
YNL230C,YDR414C,0,-6.9307666,0.11422339826822281,0.9950000047683716,0.7716000080108643
YDR225W,YAL017W,0,-6.9315786,0.11421028524637222,0.9950000047683716,0.7717000246047974
YMR316W,YNL080C,0,-6.931956,0.11419717967510223,0.9950000047683716,0.7717999815940857
YMR162C,YNL160W,0,-6.932231,0.11418407410383224,0.9950000047683716,0.7718999981880188
YOR326W,YMR030W,0,-6.932587,0.11417096853256226,0.9950000047683716,0.7720000147819519
YER017C,YDR487C,0,-6.9332075,0.11415787041187286,0.9950000047683716,0.7720999717712402
YER030W,YOR173W,0,-6.933569,0.11414477229118347,0.9950000047683716,0.7721999883651733
YAL031C,YPL204W,1,-6.9337435,0.11424638330936432,0.9959999918937683,0.7721999883651733
YMR173W,YER007W,0,-6.934174,0.11423328518867493,0.9959999918937683,0.7723000049591064
YIL123W,YBL106C,0,-6.934219,0.11422018706798553,0.9959999918937683,0.7724000215530396
YDR272W,YIL048W,0,-6.935112,0.11420708894729614,0.9959999918937683,0.7724999785423279
YHR075C,YHR031C,0,-6.935414,0.11419399082660675,0.9959999918937683,0.772599995136261
YCR040W,YDL130W,0,-6.9360065,0.11418090015649796,0.9959999918937683,0.7727000117301941
YIL070C,YCR084C,0,-6.937423,0.11416780948638916,0.9959999918937683,0.7728000283241272
YCL038C,YPL095C,0,-6.9385147,0.11415472626686096,0.9959999918937683,0.7728999853134155
YLR170C,YKR056W,0,-6.9393344,0.11414164304733276,0.9959999918937683,0.7730000019073486
YIL062C,YKR057W,0,-6.939584,0.11412856727838516,0.9959999918937683,0.7731000185012817
YPL022W,YGL135W,0,-6.9401255,0.11411549150943756,0.9959999918937683,0.7731999754905701
YPR033C,YDR289C,0,-6.9401636,0.11410241574048996,0.9959999918937683,0.7732999920845032
YLR175W,YER007W,0,-6.9421363,0.11408934742212296,0.9959999918937683,0.7734000086784363
YDL024C,YMR175W,0,-6.942208,0.11407627910375595,0.9959999918937683,0.7735000252723694
YDR477W,YPL106C,0,-6.943619,0.11406321823596954,0.9959999918937683,0.7735999822616577
YHR193C,YMR129W,0,-6.9440055,0.11405015736818314,0.9959999918937683,0.7736999988555908
YJR002W,YDR018C,0,-6.9451137,0.11403709650039673,0.9959999918937683,0.7738000154495239
YGL001C,YJR139C,0,-6.945745,0.11402404308319092,0.9959999918937683,0.7738999724388123
YDR516C,YKR031C,0,-6.9458327,0.11401098966598511,0.9959999918937683,0.7739999890327454
YDR365C,YMR182C,0,-6.9461966,0.1139979362487793,0.9959999918937683,0.7741000056266785
YGL006W,YCL008C,0,-6.9468145,0.11398489028215408,0.9959999918937683,0.7742000222206116
YPR093C,YDR449C,0,-6.9474034,0.11397185176610947,0.9959999918937683,0.7742999792098999
YGL172W,YOR243C,0,-6.948509,0.11395881325006485,0.9959999918937683,0.774399995803833
YNL243W,YHR060W,0,-6.949399,0.11394577473402023,0.9959999918937683,0.7745000123977661
YML128C,YBR022W,0,-6.9496856,0.11393273621797562,0.9959999918937683,0.7746000289916992
YOL142W,YGR033C,0,-6.949694,0.1139197051525116,0.9959999918937683,0.7746999859809875
YOL139C,YAR008W,0,-6.949731,0.11390668153762817,0.9959999918937683,0.7748000025749207
YGR264C,YPR065W,0,-6.950157,0.11389365047216415,0.9959999918937683,0.7749000191688538
YLR186W,YNL206C,0,-6.950787,0.11388063430786133,0.9959999918937683,0.7749999761581421
YPR101W,YOL028C,0,-6.950815,0.1138676106929779,0.9959999918937683,0.7750999927520752
YPR171W,YBR185C,0,-6.951798,0.11385459452867508,0.9959999918937683,0.7752000093460083
YBR177C,YGR002C,0,-6.953522,0.11384157836437225,0.9959999918937683,0.7753000259399414
YGR145W,YML012W,0,-6.954992,0.11382856965065002,0.9959999918937683,0.7753999829292297
YLR189C,YPL048W,0,-6.9568405,0.1138155609369278,0.9959999918937683,0.7754999995231628
YML113W,YNL216W,0,-6.957297,0.11380255967378616,0.9959999918937683,0.775600016117096
YLR377C,YIL080W,0,-6.9575467,0.11378955841064453,0.9959999918937683,0.7756999731063843
YLR370C,YOR328W,0,-6.9578676,0.1137765571475029,0.9959999918937683,0.7757999897003174
YKR028W,YPL283C,0,-6.958236,0.11376356333494186,0.9959999918937683,0.7759000062942505
YIL038C,YGR094W,0,-6.958505,0.11375056952238083,0.9959999918937683,0.7760000228881836
YKL021C,YNL091W,0,-6.9590225,0.11373758316040039,0.9959999918937683,0.7760999798774719
YER054C,YGL181W,0,-6.9590564,0.11372459679841995,0.9959999918937683,0.776199996471405
YDR513W,YLR033W,0,-6.960831,0.11371161043643951,0.9959999918937683,0.7763000130653381
YML047C,YIL008W,0,-6.961498,0.11369863152503967,0.9959999918937683,0.7764000296592712
YNL264C,YMR016C,0,-6.961666,0.11368565261363983,0.9959999918937683,0.7764999866485596
YHR142W,YDL120W,0,-6.961905,0.11367268115282059,0.9959999918937683,0.7766000032424927
YGL173C,YKL014C,0,-6.96205,0.11365970224142075,0.9959999918937683,0.7767000198364258
YIL106W,YLR119W,0,-6.962217,0.1136467382311821,0.9959999918937683,0.7767999768257141
YKL208W,YOL097C,0,-6.9622703,0.11363377422094345,0.9959999918937683,0.7768999934196472
YHR072W-A,YJL190C,0,-6.9627175,0.1136208102107048,0.9959999918937683,0.7770000100135803
YGL043W,YAL044C,0,-6.962725,0.11360784620046616,0.9959999918937683,0.7771000266075134
YNL242W,YNL339C,0,-6.962924,0.1135948896408081,0.9959999918937683,0.7771999835968018
YNL016W,YLL040C,0,-6.96298,0.11358193308115005,0.9959999918937683,0.7773000001907349
YNL332W,YLR447C,0,-6.963648,0.1135689839720726,0.9959999918937683,0.777400016784668
YOR174W,YDL150W,0,-6.9645014,0.11355603486299515,0.9959999918937683,0.7774999737739563
YOR153W,YOR084W,0,-6.964693,0.11354309320449829,0.9959999918937683,0.7775999903678894
YEL032W,YML123C,0,-6.964773,0.11353015154600143,0.9959999918937683,0.7777000069618225
YMR052W,YMR093W,0,-6.9655237,0.11351720988750458,0.9959999918937683,0.7778000235557556
YNR001C,YER008C,0,-6.9656215,0.11350427567958832,0.9959999918937683,0.777899980545044
YKL192C,YDR335W,0,-6.965855,0.11349134147167206,0.9959999918937683,0.777999997138977
YHL040C,YAL026C,0,-6.9659233,0.1134784072637558,0.9959999918937683,0.7781000137329102
YJR158W,YKL009W,0,-6.966141,0.11346548050642014,0.9959999918937683,0.7781999707221985
YOR100C,YOR338W,0,-6.9663663,0.11345255374908447,0.9959999918937683,0.7782999873161316
YMR177W,YLR219W,0,-6.966503,0.1134396344423294,0.9959999918937683,0.7784000039100647
YOL139C,YOR381W,0,-6.967181,0.11342671513557434,0.9959999918937683,0.7785000205039978
YJL108C,YOL055C,0,-6.968182,0.11341380327939987,0.9959999918937683,0.7785999774932861
YDR085C,YDR018C,0,-6.968921,0.1134008914232254,0.9959999918937683,0.7786999940872192
YGR256W,YIL051C,0,-6.96944,0.11338797956705093,0.9959999918937683,0.7788000106811523
YOR078W,YAR008W,0,-6.97074,0.11337506771087646,0.9959999918937683,0.7789000272750854
YMR232W,YNL231C,0,-6.9711814,0.11336217075586319,0.9959999918937683,0.7789999842643738
YHR157W,YBR294W,0,-6.971587,0.11334926635026932,0.9959999918937683,0.7791000008583069
YOL139C,YGR156W,0,-6.971892,0.11333636939525604,0.9959999918937683,0.77920001745224
YBR210W,YKL099C,0,-6.972611,0.11332347244024277,0.9959999918937683,0.7792999744415283
YDR365C,YLR126C,0,-6.9733086,0.11331058293581009,0.9959999918937683,0.7793999910354614
YBR215W,YGL209W,0,-6.9733834,0.11329769343137741,0.9959999918937683,0.7795000076293945
YFL056C,YDR299W,0,-6.9745183,0.11328480392694473,0.9959999918937683,0.7796000242233276
YCR028C-A,YOR129C,0,-6.975755,0.11327192187309265,0.9959999918937683,0.779699981212616
YPL082C,YAL017W,0,-6.977221,0.11325903981924057,0.9959999918937683,0.7797999978065491
YDR083W,YKL079W,0,-6.977959,0.11324616521596909,0.9959999918937683,0.7799000144004822
YHL003C,YEL053C,0,-6.9785275,0.1132332906126976,0.9959999918937683,0.7799999713897705
YOR174W,YPR144C,0,-6.978666,0.11322041600942612,0.9959999918937683,0.7800999879837036
YML031W,YBR055C,0,-6.9797444,0.11320754885673523,0.9959999918937683,0.7802000045776367
YDR337W,YBL004W,0,-6.9800477,0.11319468170404434,0.9959999918937683,0.7803000211715698
YLL060C,YKR025W,0,-6.980263,0.11318181455135345,0.9959999918937683,0.7803999781608582
YNL031C,YKR081C,0,-6.980285,0.11316895484924316,0.9959999918937683,0.7804999947547913
YLR248W,YDL153C,0,-6.98051,0.11315610259771347,0.9959999918937683,0.7806000113487244
YJR047C,YOR056C,0,-6.9805655,0.11314324289560318,0.9959999918937683,0.7807000279426575
YKR036C,YOR020C,0,-6.980775,0.11313039809465408,0.9959999918937683,0.7807999849319458
YMR316W,YGR199W,0,-6.9825735,0.11311754584312439,0.9959999918937683,0.7809000015258789
YOR239W,YLR435W,0,-6.9830546,0.11310470104217529,0.9959999918937683,0.781000018119812
YIL097W,YBL005W-B,0,-6.983517,0.1130918562412262,0.9959999918937683,0.7810999751091003
YLR332W,YER049W,0,-6.983874,0.1130790188908577,0.9959999918937683,0.7811999917030334
YGL020C,YLR002C,0,-6.984957,0.1130661815404892,0.9959999918937683,0.7813000082969666
YER162C,YMR200W,0,-6.986921,0.1130533516407013,0.9959999918937683,0.7814000248908997
YGL205W,YML058W,0,-6.9874606,0.1130405142903328,0.9959999918937683,0.781499981880188
YPL210C,YOR230W,0,-6.988459,0.11302769184112549,0.9959999918937683,0.7815999984741211
YLR028C,YLR452C,0,-6.9886165,0.11301486194133759,0.9959999918937683,0.7817000150680542
YPR005C,YJL109C,0,-6.9890556,0.11300203949213028,0.9959999918937683,0.7817999720573425
YOR210W,YDR164C,0,-6.989385,0.11298922449350357,0.9959999918937683,0.7818999886512756
YDR141C,YOL091W,0,-6.9899545,0.11297640949487686,0.9959999918937683,0.7820000052452087
YMR150C,YOR230W,0,-6.9910336,0.11296359449625015,0.9959999918937683,0.7821000218391418
YCR063W,YMR260C,0,-6.991649,0.11295077949762344,0.9959999918937683,0.7821999788284302
YMR303C,YJR156C,0,-6.9926777,0.11293797194957733,0.9959999918937683,0.7822999954223633
YGL113W,YDL112W,0,-6.9929357,0.11292517185211182,0.9959999918937683,0.7824000120162964
YER168C,YML091C,0,-6.993934,0.1129123717546463,0.9959999918937683,0.7825000286102295
YKL026C,YKL070W,0,-6.993949,0.11289957165718079,0.9959999918937683,0.7825999855995178
YFL050C,YHL002W,0,-6.9941344,0.11288677155971527,0.9959999918937683,0.7827000021934509
YOR224C,YER116C,0,-6.994349,0.11287397891283035,0.9959999918937683,0.782800018787384
YOR226C,YIL123W,0,-6.994548,0.11286118626594543,0.9959999918937683,0.7828999757766724
YLR088W,YDL081C,0,-6.994594,0.11284840106964111,0.9959999918937683,0.7829999923706055
YLR286C,YGL226C-A,0,-6.994863,0.11283561587333679,0.9959999918937683,0.7831000089645386
YOL043C,YAR010C,0,-6.9949036,0.11282283812761307,0.9959999918937683,0.7832000255584717
YOR267C,YBL057C,0,-6.9952564,0.11281006038188934,0.9959999918937683,0.78329998254776
YPR067W,YGL104C,0,-6.9963675,0.11279728263616562,0.9959999918937683,0.7833999991416931
YLR008C,YIL167W,0,-6.996856,0.11278451234102249,0.9959999918937683,0.7835000157356262
YNL110C,YJL036W,0,-6.9978533,0.11277174204587936,0.9959999918937683,0.7835999727249146
YNL220W,YDR341C,0,-6.9978943,0.11275897175073624,0.9959999918937683,0.7836999893188477
YJL157C,YIL018W,0,-6.998474,0.1127462089061737,0.9959999918937683,0.7838000059127808
YLR134W,YOL055C,0,-6.998487,0.11273344606161118,0.9959999918937683,0.7839000225067139
YPL160W,YIL035C,0,-6.9986515,0.11272069066762924,0.9959999918937683,0.7839999794960022
YNR049C,YBR079C,0,-6.9989657,0.11270793527364731,0.9959999918937683,0.7840999960899353
YHL047C,YGR280C,0,-6.999348,0.11269517987966537,0.9959999918937683,0.7842000126838684
YCR020C,YOR182C,0,-6.9997582,0.11268243193626404,0.9959999918937683,0.7843000292778015
YKR024C,YER019W,0,-7.000402,0.1126696839928627,0.9959999918937683,0.7843999862670898
YIR008C,YMR305C,0,-7.001457,0.11265693604946136,0.9959999918937683,0.784500002861023
YKR082W,YKL034W,0,-7.002816,0.11264419555664062,0.9959999918937683,0.784600019454956
YIL117C,YBR172C,0,-7.002901,0.11263146251440048,0.9959999918937683,0.7846999764442444
YAL012W,YLR032W,0,-7.0030212,0.11261872202157974,0.9959999918937683,0.7847999930381775
YHR073W,YPR143W,0,-7.0031495,0.1126059889793396,0.9959999918937683,0.7849000096321106
YGR288W,YCR072C,0,-7.0038056,0.11259326338768005,0.9959999918937683,0.7850000262260437
YHR039C,YML010W,0,-7.0038495,0.11258053779602051,0.9959999918937683,0.785099983215332
YJL122W,YOR229W,0,-7.0040116,0.11256781220436096,0.9959999918937683,0.7851999998092651
YMR052W,YOR182C,0,-7.0048,0.11255509406328201,0.9959999918937683,0.7853000164031982
YIL022W,YKR060W,0,-7.0049157,0.11254237592220306,0.9959999918937683,0.7853999733924866
YJL091C,YDR296W,0,-7.005017,0.11252965778112411,0.9959999918937683,0.7854999899864197
YJL081C,YDR059C,0,-7.00652,0.11251694709062576,0.9959999918937683,0.7856000065803528
YER052C,YLR166C,0,-7.008076,0.11250423640012741,0.9959999918937683,0.7857000231742859
YLR110C,YDR086C,0,-7.0089273,0.11249152570962906,0.9959999918937683,0.7857999801635742
YLR098C,YMR260C,0,-7.009792,0.1124788224697113,0.9959999918937683,0.7858999967575073
YOR079C,YDR057W,0,-7.0113773,0.11246612668037415,0.9959999918937683,0.7860000133514404
YJR064W,YIL118W,0,-7.0113964,0.11245342344045639,0.9959999918937683,0.7860999703407288
YDR017C,YCR028C-A,0,-7.0114465,0.11244073510169983,0.9959999918937683,0.7861999869346619
YOL133W,YAL001C,0,-7.013313,0.11242803931236267,0.9959999918937683,0.786300003528595
YGR103W,YDR323C,0,-7.0137177,0.11241535097360611,0.9959999918937683,0.7864000201225281
YGL027C,YDR198C,0,-7.013732,0.11240266263484955,0.9959999918937683,0.7864999771118164
YJL081C,YOR275C,0,-7.014796,0.11238998174667358,0.9959999918937683,0.7865999937057495
YPL178W,YLR354C,0,-7.0148253,0.11237730085849762,0.9959999918937683,0.7867000102996826
YHR157W,YMR247C,0,-7.0149417,0.11236461997032166,0.9959999918937683,0.7868000268936157
YDL113C,YML074C,0,-7.014961,0.11235194653272629,0.9959999918937683,0.786899983882904
YPR165W,YJL138C,0,-7.015001,0.11233927309513092,0.9959999918937683,0.7870000004768372
YMR145C,YLR363C,0,-7.0153747,0.11232660710811615,0.9959999918937683,0.7871000170707703
YGR244C,YNL167C,0,-7.0159955,0.11231394112110138,0.9959999918937683,0.7871999740600586
YOL021C,YPR041W,0,-7.016529,0.11230127513408661,0.9959999918937683,0.7872999906539917
YGL200C,YFL048C,0,-7.0183845,0.11228861659765244,0.9959999918937683,0.7874000072479248
YDL174C,YBL004W,0,-7.0198393,0.11227595806121826,0.9959999918937683,0.7875000238418579
YLR286C,YOR076C,0,-7.020224,0.11226329952478409,0.9959999918937683,0.7875999808311462
YPL101W,YDR072C,0,-7.02035,0.11225064843893051,0.9959999918937683,0.7876999974250793
YGL253W,YFL034C-B,0,-7.020437,0.11223799735307693,0.9959999918937683,0.7878000140190125
YNR054C,YBL061C,0,-7.0206046,0.11222535371780396,0.9959999918937683,0.7878999710083008
YEL009C,YNL055C,0,-7.021452,0.11221271008253098,0.9959999918937683,0.7879999876022339
YDR365C,YER151C,0,-7.022287,0.112200066447258,0.9959999918937683,0.788100004196167
YMR150C,YLR007W,0,-7.0227942,0.11218743026256561,0.9959999918937683,0.7882000207901001
YBR145W,YPL048W,0,-7.0232167,0.11217479407787323,0.9959999918937683,0.7882999777793884
YOL142W,YPL041C,0,-7.023313,0.11216216534376144,0.9959999918937683,0.7883999943733215
YNL037C,YLL012W,0,-7.024956,0.11214952915906906,0.9959999918937683,0.7885000109672546
YNR013C,YOR362C,0,-7.025507,0.11213690787553787,0.9959999918937683,0.7886000275611877
YML086C,YLR106C,0,-7.0261683,0.11212427914142609,0.9959999918937683,0.7886999845504761
YER104W,YGR248W,0,-7.0272183,0.1121116578578949,0.9959999918937683,0.7888000011444092
YDR072C,YDL112W,0,-7.0274005,0.1120990440249443,0.9959999918937683,0.7889000177383423
YHR055C,YEL034W,0,-7.027579,0.11208643019199371,0.9959999918937683,0.7889999747276306
YPL101W,YPR163C,0,-7.028091,0.11207381635904312,0.9959999918937683,0.7890999913215637
YDR184C,YLR328W,0,-7.0281787,0.11206120252609253,0.9959999918937683,0.7892000079154968
YAL022C,YDR487C,0,-7.029272,0.11204859614372253,0.9959999918937683,0.7893000245094299
YCL039W,YLR332W,0,-7.031005,0.11203599721193314,0.9959999918937683,0.7893999814987183
YOL086C,YEL004W,0,-7.0332637,0.11202339082956314,0.9959999918937683,0.7894999980926514
YKL008C,YGR280C,0,-7.033919,0.11201079934835434,0.9959999918937683,0.7896000146865845
YGR077C,YDR388W,0,-7.0339327,0.11199820041656494,0.9959999918937683,0.7896999716758728
YOL123W,YBR024W,0,-7.0339427,0.11198560893535614,0.9959999918937683,0.7897999882698059
YDR085C,YGR169C,0,-7.034318,0.11197301745414734,0.9959999918937683,0.789900004863739
YLR167W,YDR160W,0,-7.034439,0.11196043342351913,0.9959999918937683,0.7900000214576721
YDR508C,YDL079C,0,-7.0345135,0.11194784939289093,0.9959999918937683,0.7900999784469604
YDR252W,YLR270W,0,-7.035231,0.11193526536226273,0.9959999918937683,0.7901999950408936
YKL206C,YDR343C,0,-7.0367975,0.11192268878221512,0.9959999918937683,0.7903000116348267
YLR448W,YJR004C,0,-7.036939,0.11191011220216751,0.9959999918937683,0.7904000282287598
YKL064W,YGL169W,0,-7.0376534,0.1118975430727005,0.9959999918937683,0.7904999852180481
YGL130W,YMR142C,0,-7.038115,0.1118849664926529,0.9959999918937683,0.7906000018119812
YHR098C,YBR265W,0,-7.0405636,0.11187240481376648,0.9959999918937683,0.7907000184059143
YNL037C,YMR080C,0,-7.0411706,0.11185983568429947,0.9959999918937683,0.7907999753952026
YLR078C,YDR055W,0,-7.0414276,0.11184727400541306,0.9959999918937683,0.7908999919891357
YEL034W,YMR153W,0,-7.042097,0.11183471977710724,0.9959999918937683,0.7910000085830688
YKL073W,YPL120W,0,-7.0424056,0.11182216554880142,0.9959999918937683,0.791100025177002
YDL232W,YNL241C,0,-7.042505,0.1118096113204956,0.9959999918937683,0.7911999821662903
YPR082C,YNR054C,0,-7.042573,0.11179705709218979,0.9959999918937683,0.7912999987602234
YDR361C,YOL044W,0,-7.042686,0.11178451031446457,0.9959999918937683,0.7914000153541565
YCR005C,YDR501W,0,-7.043144,0.11177196353673935,0.9959999918937683,0.7914999723434448
YFR047C,YER089C,0,-7.0433793,0.11175942420959473,0.9959999918937683,0.7915999889373779
YOR355W,YDR425W,0,-7.044952,0.1117468848824501,0.9959999918937683,0.791700005531311
YDR244W,YIL052C,0,-7.045403,0.11173435300588608,0.9959999918937683,0.7918000221252441
YMR211W,YIL077C,0,-7.0455093,0.11172181367874146,0.9959999918937683,0.7918999791145325
YOR056C,YBR050C,0,-7.045668,0.11170928925275803,0.9959999918937683,0.7919999957084656
YOR347C,YHR098C,0,-7.0471263,0.111696757376194,0.9959999918937683,0.7921000123023987
YNL287W,YGR048W,0,-7.0471563,0.11168423295021057,0.9959999918937683,0.7922000288963318
YHR072W,YLR240W,0,-7.0482783,0.11167170852422714,0.9959999918937683,0.7922999858856201
YGR204W,YJL099W,0,-7.0490932,0.11165919154882431,0.9959999918937683,0.7924000024795532
YPL128C,YOL097C,0,-7.0498257,0.11164667457342148,0.9959999918937683,0.7925000190734863
YDR188W,YBR127C,0,-7.050276,0.11163416504859924,0.9959999918937683,0.7925999760627747
YOR137C,YER031C,0,-7.051122,0.11162165552377701,0.9959999918937683,0.7926999926567078
YKL143W,YAL043C,0,-7.0513268,0.11160914599895477,0.9959999918937683,0.7928000092506409
YNL173C,YLR200W,0,-7.0535045,0.11159663647413254,0.9959999918937683,0.792900025844574
YIL009W,YMR186W,0,-7.0538826,0.1115841343998909,0.9959999918937683,0.7929999828338623
YBR066C,YNL304W,0,-7.054253,0.11157163977622986,0.9959999918937683,0.7930999994277954
YMR026C,YPL120W,0,-7.0547056,0.11155913770198822,0.9959999918937683,0.7932000160217285
YOR099W,YKL008C,0,-7.055023,0.11154664307832718,0.9959999918937683,0.7932999730110168
YGL153W,YHR157W,0,-7.055786,0.11153415590524673,0.9959999918937683,0.79339998960495
YNR072W,YER110C,0,-7.0571036,0.11152166873216629,0.9959999918937683,0.7935000061988831
YNL294C,YDR181C,0,-7.0571837,0.11150918155908585,0.9959999918937683,0.7936000227928162
YJL090C,YHR001W-A,0,-7.0576286,0.1114966943860054,0.9959999918937683,0.7936999797821045
YNR019W,YDR173C,0,-7.0578904,0.11148421466350555,0.9959999918937683,0.7937999963760376
YML067C,YPL235W,0,-7.058113,0.1114717423915863,0.9959999918937683,0.7939000129699707
YML078W,YKL130C,0,-7.058544,0.11145926266908646,0.9959999918937683,0.7940000295639038
YGR286C,YNL080C,0,-7.0585713,0.1114467978477478,0.9959999918937683,0.7940999865531921
YPL055C,YPL283C,0,-7.059878,0.11143432557582855,0.9959999918937683,0.7942000031471252
YOR260W,YBR193C,0,-7.060035,0.1114218607544899,0.9959999918937683,0.7943000197410583
YAL044C,YDR443C,0,-7.0623565,0.11140939593315125,0.9959999918937683,0.7943999767303467
YAR019C,YGR123C,0,-7.06261,0.11139693856239319,0.9959999918937683,0.7944999933242798
YJR064W,YER190W,0,-7.0628715,0.11138448119163513,0.9959999918937683,0.7946000099182129
YGR268C,YNL287W,0,-7.063078,0.11137202382087708,0.9959999918937683,0.794700026512146
YIL007C,YBR035C,0,-7.0641184,0.11135957390069962,0.9959999918937683,0.7947999835014343
YDR055W,YJL141C,0,-7.0654883,0.11134712398052216,0.9959999918937683,0.7949000000953674
YKR037C,YHR139C,0,-7.0657024,0.1113346740603447,0.9959999918937683,0.7950000166893005
YOR137C,YDR086C,0,-7.066091,0.11132223159074783,0.9959999918937683,0.7950999736785889
YKR024C,YDL042C,0,-7.0663276,0.11130978912115097,0.9959999918937683,0.795199990272522
YPR067W,YDL005C,0,-7.0665574,0.1112973541021347,0.9959999918937683,0.7953000068664551
YBR283C,YOR047C,0,-7.0668006,0.11128491908311844,0.9959999918937683,0.7954000234603882
YMR072W,YGL043W,0,-7.0681386,0.11127248406410217,0.9959999918937683,0.7954999804496765
YOR209C,YFR003C,0,-7.068289,0.1112600564956665,0.9959999918937683,0.7955999970436096
YDL175C,YNR035C,0,-7.0685782,0.11124762892723083,0.9959999918937683,0.7957000136375427
YOL158C,YMR277W,0,-7.069119,0.11123520135879517,0.9959999918937683,0.795799970626831
YML104C,YDR429C,0,-7.070164,0.1112227812409401,0.9959999918937683,0.7958999872207642
YAL029C,YKL034W,0,-7.071287,0.11121036112308502,0.9959999918937683,0.7960000038146973
YKL002W,YGL142C,0,-7.0714583,0.11119794845581055,0.9959999918937683,0.7961000204086304
YHR092C,YER161C,0,-7.0734844,0.11118553578853607,0.9959999918937683,0.7961999773979187
YLR192C,YDL040C,0,-7.075194,0.1111731231212616,0.9959999918937683,0.7962999939918518
YAL044C,YBR105C,0,-7.0764155,0.11116071790456772,0.9959999918937683,0.7964000105857849
YLR106C,YLR069C,0,-7.0765853,0.11114831268787384,0.9959999918937683,0.796500027179718
YLL061W,YNL090W,0,-7.076841,0.11113590747117996,0.9959999918937683,0.7965999841690063
YER020W,YML055W,0,-7.076876,0.11112350970506668,0.9959999918937683,0.7967000007629395
YGL089C,YPR055W,0,-7.0770693,0.1111111119389534,0.9959999918937683,0.7968000173568726
YBR118W,YKL099C,0,-7.081187,0.11109871417284012,0.9959999918937683,0.7968999743461609
YOL095C,YMR104C,0,-7.0816817,0.11108632385730743,0.9959999918937683,0.796999990940094
YMR296C,YPR165W,0,-7.0835013,0.11107394099235535,0.9959999918937683,0.7971000075340271
YFR047C,YBR160W,0,-7.083895,0.11106155067682266,0.9959999918937683,0.7972000241279602
YDR228C,YML024W,0,-7.0842314,0.11104916781187057,0.9959999918937683,0.7972999811172485
YMR234W,YDR412W,0,-7.0848336,0.11103679239749908,0.9959999918937683,0.7973999977111816
YBR179C,YJL100W,0,-7.0848436,0.111024409532547,0.9959999918937683,0.7975000143051147
YOL076W,YNL156C,0,-7.0854664,0.1110120341181755,0.9959999918937683,0.7975999712944031
YPL101W,YKL196C,0,-7.0855885,0.11099966615438461,0.9959999918937683,0.7976999878883362
YAL040C,YGR296W,0,-7.086256,0.11098729819059372,0.9959999918937683,0.7978000044822693
YBR133C,YOR210W,0,-7.0870194,0.11097493022680283,0.9959999918937683,0.7979000210762024
YCL017C,YNL154C,0,-7.0872,0.11096256971359253,0.9959999918937683,0.7979999780654907
YGL120C,YLR369W,0,-7.0872755,0.11095020920038223,0.9959999918937683,0.7980999946594238
YIL117C,YML114C,0,-7.088146,0.11093784868717194,0.9959999918937683,0.7982000112533569
YIL062C,YHR193C,0,-7.0881877,0.11092549562454224,0.9959999918937683,0.79830002784729
YNL264C,YJL012C,0,-7.0884485,0.11091314256191254,0.9959999918937683,0.7983999848365784
YDR292C,YCR053W,0,-7.0894895,0.11090078949928284,0.9959999918937683,0.7985000014305115
YML071C,YDR087C,0,-7.0905547,0.11088844388723373,0.9959999918937683,0.7986000180244446
YHR082C,YBR171W,0,-7.091829,0.11087609827518463,0.9959999918937683,0.7986999750137329
YFR001W,YCR009C,0,-7.092136,0.11086376011371613,0.9959999918937683,0.798799991607666
YNL145W,YDR341C,0,-7.0931196,0.11085142195224762,0.9959999918937683,0.7989000082015991
YGL181W,YLR426W,0,-7.0931416,0.11083908379077911,0.9959999918937683,0.7990000247955322
YIL115C,YHR001W-A,0,-7.093295,0.1108267530798912,0.9959999918937683,0.7990999817848206
YGR082W,YPL019C,0,-7.093781,0.1108144223690033,0.9959999918937683,0.7991999983787537
YNL241C,YKL075C,0,-7.0938635,0.11080209165811539,0.9959999918937683,0.7993000149726868
YDL074C,YDR255C,0,-7.095037,0.11078976839780807,0.9959999918937683,0.7993999719619751
YDR141C,YLR060W,0,-7.0952907,0.11077744513750076,0.9959999918937683,0.7994999885559082
YKL213C,YKL125W,0,-7.096391,0.11076512187719345,0.9959999918937683,0.7996000051498413
YHR075C,YNR039C,0,-7.096578,0.11075280606746674,0.9959999918937683,0.7997000217437744
YJL191W,YJL154C,0,-7.096884,0.11074049025774002,0.9959999918937683,0.7997999787330627
YML080W,YKL214C,0,-7.0980325,0.1107281818985939,0.9959999918937683,0.7998999953269958
YKR095W,YKR056W,0,-7.098376,0.11071587353944778,0.9959999918937683,0.800000011920929
YBR066C,YMR095C,0,-7.098675,0.11070356518030167,0.9959999918937683,0.8001000285148621
YER133W,YML124C,1,-7.099163,0.11080239713191986,0.996999979019165,0.8001000285148621
YMR212C,YBR298C,0,-7.0996566,0.11079008877277374,0.996999979019165,0.8001999855041504
YLR153C,YDL147W,0,-7.1003995,0.11077778041362762,0.996999979019165,0.8003000020980835
YDR022C,YPR187W,0,-7.1005254,0.1107654720544815,0.996999979019165,0.8004000186920166
YHL047C,YPL132W,0,-7.1007166,0.11075316369533539,0.996999979019165,0.8004999756813049
YOR079C,YDR078C,0,-7.100884,0.11074086278676987,0.996999979019165,0.800599992275238
YJR042W,YGR033C,0,-7.1014075,0.11072856187820435,0.996999979019165,0.8007000088691711
YKL007W,YNL154C,0,-7.101694,0.11071626842021942,0.996999979019165,0.8008000254631042
YBR023C,YDL153C,0,-7.1031947,0.1107039749622345,0.996999979019165,0.8008999824523926
YDR228C,YHR027C,0,-7.1040635,0.11069168150424957,0.996999979019165,0.8009999990463257
YIL125W,YBR058C-A,0,-7.10499,0.11067939549684525,0.996999979019165,0.8011000156402588
YIL125W,YJL210W,0,-7.1059213,0.11066710948944092,0.996999979019165,0.8011999726295471
YMR308C,YBL057C,0,-7.107706,0.11065483093261719,0.996999979019165,0.8012999892234802
YKR024C,YKL154W,0,-7.108712,0.11064254492521286,0.996999979019165,0.8014000058174133
YIL044C,YKL141W,0,-7.110063,0.11063027381896973,0.996999979019165,0.8015000224113464
YLR080W,YMR145C,0,-7.1104817,0.110617995262146,0.996999979019165,0.8015999794006348
YOR261C,YDR120C,0,-7.112536,0.11060572415590286,0.996999979019165,0.8016999959945679
YDL051W,YHR133C,0,-7.1132584,0.11059345304965973,0.996999979019165,0.801800012588501
YGR109C,YDL014W,0,-7.1136847,0.11058118939399719,0.996999979019165,0.8019000291824341
YER001W,YOR081C,0,-7.114561,0.11056892573833466,0.996999979019165,0.8019999861717224
YLR285W,YEL054C,0,-7.1148524,0.11055666208267212,0.996999979019165,0.8021000027656555
YNL068C,YIL167W,0,-7.1150436,0.11054440587759018,0.996999979019165,0.8022000193595886
YJR083C,YEL009C,0,-7.1158795,0.11053214967250824,0.996999979019165,0.802299976348877
YNL268W,YHR020W,0,-7.116341,0.1105199009180069,0.996999979019165,0.8023999929428101
YKL060C,YPR016C,0,-7.1164813,0.11050764471292496,0.996999979019165,0.8025000095367432
YNL037C,YOR130C,0,-7.117142,0.11049540340900421,0.996999979019165,0.8026000261306763
YGR258C,YER118C,0,-7.1180816,0.11048315465450287,0.996999979019165,0.8026999831199646
YPL060W,YPR078C,0,-7.1192718,0.11047091335058212,0.996999979019165,0.8027999997138977
YJR025C,YCL008C,0,-7.121604,0.11045867204666138,0.996999979019165,0.8029000163078308
YLR206W,YOR269W,0,-7.1222043,0.11044643819332123,0.996999979019165,0.8029999732971191
YHR098C,YDL015C,0,-7.1228423,0.11043420433998108,0.996999979019165,0.8030999898910522
YHL024W,YIL056W,0,-7.1237154,0.11042197048664093,0.996999979019165,0.8032000064849854
YHR088W,YLR026C,0,-7.1244354,0.11040974408388138,0.996999979019165,0.8033000230789185
YNL239W,YIL143C,0,-7.1245446,0.11039751768112183,0.996999979019165,0.8033999800682068
YMR047C,YNL339C,0,-7.1250525,0.11038529872894287,0.996999979019165,0.8034999966621399
YER116C,YJL141C,0,-7.12523,0.11037307977676392,0.996999979019165,0.803600013256073
YOR373W,YCR072C,0,-7.1263523,0.11036086082458496,0.996999979019165,0.8036999702453613
YCR048W,YGL206C,0,-7.1270003,0.110348641872406,0.996999979019165,0.8037999868392944
YJL122W,YPR065W,0,-7.128286,0.11033643037080765,0.996999979019165,0.8039000034332275
YIL052C,YML027W,0,-7.129103,0.11032422631978989,0.996999979019165,0.8040000200271606
YLR110C,YDR202C,0,-7.1297045,0.11031201481819153,0.996999979019165,0.804099977016449
YDL040C,YDL033C,0,-7.1297793,0.11029981076717377,0.996999979019165,0.8041999936103821
YCL011C,YGL227W,0,-7.129927,0.1102876141667366,0.996999979019165,0.8043000102043152
YGR256W,YLR141W,0,-7.130494,0.11027541011571884,0.996999979019165,0.8044000267982483
YLR095C,YHR008C,0,-7.131921,0.11026321351528168,0.996999979019165,0.8044999837875366
YPL178W,YJL121C,0,-7.1319475,0.11025102436542511,0.996999979019165,0.8046000003814697
YOR260W,YDR028C,0,-7.1321197,0.11023883521556854,0.996999979019165,0.8047000169754028
YBR048W,YDL120W,0,-7.132688,0.11022664606571198,0.996999979019165,0.8047999739646912
YDL148C,YFL017W-A,0,-7.1331487,0.11021445691585541,0.996999979019165,0.8048999905586243
YHR114W,YDR388W,0,-7.134866,0.11020227521657944,0.996999979019165,0.8050000071525574
YAL054C,YEL030W,0,-7.1352296,0.11019010096788406,0.996999979019165,0.8051000237464905
YGL006W,YOR151C,0,-7.1366878,0.1101779192686081,0.996999979019165,0.8051999807357788
YBR021W,YDL229W,0,-7.137479,0.11016574501991272,0.996999979019165,0.8052999973297119
YGR082W,YDL064W,0,-7.138462,0.11015357077121735,0.996999979019165,0.805400013923645
YER054C,YFR052W,0,-7.1391854,0.11014140397310257,0.996999979019165,0.8054999709129333
YJL196C,YML014W,0,-7.1402726,0.11012923717498779,0.996999979019165,0.8055999875068665
YNR035C,YMR104C,0,-7.141194,0.11011707782745361,0.996999979019165,0.8057000041007996
YGR254W,YLR022C,0,-7.1415753,0.11010491102933884,0.996999979019165,0.8058000206947327
YOR237W,YGR178C,0,-7.142603,0.11009275913238525,0.996999979019165,0.805899977684021
YDR121W,YGR279C,0,-7.144767,0.11008059978485107,0.996999979019165,0.8059999942779541
YDR255C,YKL122C,0,-7.1448407,0.11006844788789749,0.996999979019165,0.8061000108718872
YBR207W,YHR069C,0,-7.1451607,0.11005629599094391,0.996999979019165,0.8062000274658203
YOR120W,YER173W,0,-7.145579,0.11004415154457092,0.996999979019165,0.8062999844551086
YDL042C,YLL040C,0,-7.1467404,0.11003200709819794,0.996999979019165,0.8064000010490417
YML012W,YOR136W,0,-7.147053,0.11001986265182495,0.996999979019165,0.8065000176429749
YML060W,YDR055W,0,-7.1480274,0.11000772565603256,0.996999979019165,0.8065999746322632
YLR048W,YKL154W,0,-7.1481814,0.10999558866024017,0.996999979019165,0.8066999912261963
YDR513W,YKL020C,0,-7.1491895,0.10998345166444778,0.996999979019165,0.8068000078201294
YBR041W,YDL039C,0,-7.149839,0.10997132211923599,0.996999979019165,0.8069000244140625
YAR042W,YPL063W,0,-7.1503882,0.1099591925740242,0.996999979019165,0.8069999814033508
YNL232W,YGR220C,0,-7.150582,0.10994706302881241,0.996999979019165,0.8070999979972839
YIL007C,YLR084C,0,-7.1523757,0.10993494093418121,0.996999979019165,0.807200014591217
YHL011C,YML105C,0,-7.152946,0.10992281883955002,0.996999979019165,0.8072999715805054
YAR008W,YIL077C,0,-7.1538424,0.10991070419549942,0.996999979019165,0.8073999881744385
YGR230W,YGR296W,0,-7.1540217,0.10989858955144882,0.996999979019165,0.8075000047683716
YCR005C,YCR014C,0,-7.1548123,0.10988647490739822,0.996999979019165,0.8076000213623047
YDR492W,YBL033C,0,-7.1553726,0.10987436771392822,0.996999979019165,0.807699978351593
YJL111W,YHR187W,0,-7.1556907,0.10986226052045822,0.996999979019165,0.8077999949455261
YGR074W,YNL333W,0,-7.1558228,0.10985015332698822,0.996999979019165,0.8079000115394592
YDR411C,YDR460W,0,-7.15656,0.10983805358409882,0.996999979019165,0.8080000281333923
YNL251C,YBR048W,0,-7.157851,0.10982595384120941,0.996999979019165,0.8080999851226807
YHR055C,YOR129C,0,-7.158132,0.10981385409832001,0.996999979019165,0.8082000017166138
YOL082W,YIL167W,0,-7.1586046,0.1098017618060112,0.996999979019165,0.8083000183105469
YPL268W,YBR183W,0,-7.159125,0.10978966951370239,0.996999979019165,0.8083999752998352
YKL182W,YLR354C,0,-7.1608706,0.10977758467197418,0.996999979019165,0.8084999918937683
YMR008C,YDR212W,0,-7.1609435,0.10976549237966537,0.996999979019165,0.8086000084877014
YLL042C,YDR171W,0,-7.1632824,0.10975341498851776,0.996999979019165,0.8087000250816345
YDR331W,YPL117C,0,-7.1646647,0.10974133014678955,0.996999979019165,0.8087999820709229
YGR103W,YER007W,0,-7.165454,0.10972925275564194,0.996999979019165,0.808899998664856
YBR132C,YJL178C,0,-7.1669755,0.10971717536449432,0.996999979019165,0.8090000152587891
YER119C,YKR086W,0,-7.1675267,0.10970510542392731,0.996999979019165,0.8090999722480774
YPL188W,YLR119W,0,-7.1681376,0.10969303548336029,0.996999979019165,0.8091999888420105
YOR150W,YGR020C,0,-7.1684175,0.10968096554279327,0.996999979019165,0.8093000054359436
YJL025W,YKL099C,0,-7.170931,0.10966890305280685,0.996999979019165,0.8094000220298767
YJL042W,YHR001W,0,-7.171541,0.10965684056282043,0.996999979019165,0.809499979019165
YOR160W,YOR036W,0,-7.1728415,0.10964477807283401,0.996999979019165,0.8095999956130981
YGR010W,YCR020C,0,-7.1730022,0.10963272303342819,0.996999979019165,0.8097000122070312
YLR330W,YGR103W,0,-7.173781,0.10962066799402237,0.996999979019165,0.8098000288009644
YOR193W,YML123C,0,-7.1738405,0.10960862040519714,0.996999979019165,0.8098999857902527
YGR177C,YGL173C,0,-7.173951,0.10959657281637192,0.996999979019165,0.8100000023841858
YCL025C,YOR001W,0,-7.174093,0.10958452522754669,0.996999979019165,0.8101000189781189
YCR044C,YBR117C,0,-7.1744065,0.10957247763872147,0.996999979019165,0.8101999759674072
YBR296C,YOL122C,0,-7.1762686,0.10956043750047684,0.996999979019165,0.8102999925613403
YPL169C,YHR157W,0,-7.1773024,0.1095484048128128,0.996999979019165,0.8104000091552734
YML024W,YIL138C,0,-7.1774373,0.10953636467456818,0.996999979019165,0.8105000257492065
YDR194C,YHR098C,0,-7.1789913,0.10952433198690414,0.996999979019165,0.8105999827384949
YNL219C,YOR145C,0,-7.179298,0.10951229929924011,0.996999979019165,0.810699999332428
YBR089C-A,YPR191W,0,-7.179796,0.10950027406215668,0.996999979019165,0.8108000159263611
YCL039W,YOR098C,0,-7.1802063,0.10948824882507324,0.996999979019165,0.8108999729156494
YDL198C,YDR228C,0,-7.180244,0.10947622358798981,0.996999979019165,0.8109999895095825
YGR143W,YBR165W,0,-7.180247,0.10946420580148697,0.996999979019165,0.8111000061035156
YGL238W,YCL052C,0,-7.1809545,0.10945218801498413,0.996999979019165,0.8112000226974487
YBR055C,YJR033C,0,-7.18146,0.10944017767906189,0.996999979019165,0.8112999796867371
YBR069C,YNL128W,0,-7.1849313,0.10942816734313965,0.996999979019165,0.8113999962806702
YPR033C,YKR003W,0,-7.1861324,0.10941615700721741,0.996999979019165,0.8115000128746033
YOL117W,YNR034W,0,-7.187508,0.10940414667129517,0.996999979019165,0.8116000294685364
YNL281W,YJR131W,0,-7.188536,0.10939214378595352,0.996999979019165,0.8116999864578247
YPL221W,YLR165C,0,-7.188562,0.10938014090061188,0.996999979019165,0.8118000030517578
YNL111C,YGL090W,0,-7.1890244,0.10936814546585083,0.996999979019165,0.8119000196456909
YGR220C,YEL002C,0,-7.189501,0.10935615003108978,0.996999979019165,0.8119999766349792
YJL094C,YER072W,0,-7.189791,0.10934415459632874,0.996999979019165,0.8120999932289124
YNR035C,YOR241W,0,-7.189838,0.10933216661214828,0.996999979019165,0.8122000098228455
YDL155W,YAL012W,0,-7.190578,0.10932017862796783,0.996999979019165,0.8123000264167786
YJL101C,YJL145W,0,-7.190823,0.10930819064378738,0.996999979019165,0.8123999834060669
YKL093W,YOR130C,0,-7.191922,0.10929621011018753,0.996999979019165,0.8125
YLR155C,YCL052C,0,-7.192156,0.10928422957658768,0.996999979019165,0.8126000165939331
YJL050W,YOL020W,0,-7.19241,0.10927224904298782,0.996999979019165,0.8126999735832214
YPR082C,YNL055C,0,-7.19321,0.10926027595996857,0.996999979019165,0.8127999901771545
YAL012W,YHR067W,0,-7.193523,0.10924830287694931,0.996999979019165,0.8129000067710876
YLR399C,YKL191W,0,-7.1939864,0.10923632979393005,0.996999979019165,0.8130000233650208
YJL092W,YKR081C,0,-7.1940317,0.1092243641614914,0.996999979019165,0.8130999803543091
YLR429W,YPL087W,0,-7.1961246,0.10921239852905273,0.996999979019165,0.8131999969482422
YPR010C,YKR025W,0,-7.1962895,0.10920044034719467,0.996999979019165,0.8133000135421753
YNL006W,YDR395W,0,-7.196444,0.10918848216533661,0.996999979019165,0.8133999705314636
YIL002C,YIL022W,0,-7.196728,0.10917652398347855,0.996999979019165,0.8134999871253967
YDR299W,YDR052C,0,-7.1970296,0.10916456580162048,0.996999979019165,0.8136000037193298
YBR110W,YOL040C,0,-7.197173,0.10915261507034302,0.996999979019165,0.8137000203132629
YDR096W,YDR060W,0,-7.197334,0.10914066433906555,0.996999979019165,0.8137999773025513
YKL004W,YHR204W,0,-7.197645,0.10912872105836868,0.996999979019165,0.8138999938964844
YML132W,YOR127W,0,-7.1978893,0.10911677777767181,0.996999979019165,0.8140000104904175
YPL031C,YMR314W,0,-7.1985297,0.10910483449697495,0.996999979019165,0.8141000270843506
YER143W,YDR098C,0,-7.199762,0.10909289866685867,0.996999979019165,0.8141999840736389
YGR248W,YHL012W,0,-7.1997905,0.1090809628367424,0.996999979019165,0.814300000667572
YLL015W,YKL212W,0,-7.200407,0.10906902700662613,0.996999979019165,0.8144000172615051
YLR276C,YDR005C,0,-7.2011266,0.10905709862709045,0.996999979019165,0.8144999742507935
YGL216W,YPR132W,0,-7.201553,0.10904517024755478,0.996999979019165,0.8145999908447266
YJR125C,YIL009W,0,-7.202807,0.1090332493185997,0.996999979019165,0.8147000074386597
YJR131W,YLR275W,0,-7.2035728,0.10902132093906403,0.996999979019165,0.8148000240325928
YDR331W,YHL011C,0,-7.2052264,0.10900940001010895,0.996999979019165,0.8148999810218811
YIL125W,YDL039C,0,-7.205378,0.10899748653173447,0.996999979019165,0.8149999976158142
YDL175C,YDR384C,0,-7.2059736,0.10898557305335999,0.996999979019165,0.8151000142097473
YNL282W,YJL190C,0,-7.206638,0.1089736595749855,0.996999979019165,0.8151999711990356
YCR082W,YIL117C,0,-7.2091665,0.10896174609661102,0.996999979019165,0.8152999877929688
YBR085W,YPR101W,0,-7.209567,0.10894984006881714,0.996999979019165,0.8154000043869019
YPR128C,YPR163C,0,-7.211047,0.10893793404102325,0.996999979019165,0.815500020980835
YCR005C,YGR072W,0,-7.211116,0.10892603546380997,0.996999979019165,0.8155999779701233
YMR212C,YNL091W,0,-7.2121634,0.10891413688659668,0.996999979019165,0.8156999945640564
YLR292C,YLL011W,0,-7.213505,0.10890223830938339,0.996999979019165,0.8158000111579895
YBR042C,YOR327C,0,-7.2139764,0.1088903471827507,0.996999979019165,0.8159000277519226
YPR171W,YDR513W,0,-7.2140822,0.10887845605611801,0.996999979019165,0.8159999847412109
YOR239W,YIL120W,0,-7.214545,0.10886656492948532,0.996999979019165,0.816100001335144
YJL108C,YOL142W,0,-7.2146945,0.10885468125343323,0.996999979019165,0.8162000179290771
YJR064W,YNL243W,0,-7.214734,0.10884279757738113,0.996999979019165,0.8162999749183655
YNL286W,YNR039C,0,-7.214833,0.10883091390132904,0.996999979019165,0.8163999915122986
YKL038W,YBL102W,0,-7.216242,0.10881903767585754,0.996999979019165,0.8165000081062317
YPL232W,YBR162C,0,-7.2173033,0.10880716145038605,0.996999979019165,0.8166000247001648
YNR016C,YDL209C,0,-7.217436,0.10879528522491455,0.996999979019165,0.8166999816894531
YHR072W-A,YBR069C,0,-7.2178817,0.10878341645002365,0.996999979019165,0.8167999982833862
YML080W,YKL057C,0,-7.218254,0.10877154767513275,0.996999979019165,0.8169000148773193
YER083C,YOL109W,0,-7.218627,0.10875967890024185,0.996999979019165,0.8169999718666077
YPR138C,YPR075C,0,-7.219352,0.10874781757593155,0.996999979019165,0.8170999884605408
YLR361C,YGL096W,0,-7.220202,0.10873595625162125,0.996999979019165,0.8172000050544739
YMR113W,YKL148C,0,-7.2212486,0.10872410237789154,0.996999979019165,0.817300021648407
YLL031C,YGR054W,0,-7.221426,0.10871224850416183,0.996999979019165,0.8173999786376953
YPL213W,YPR080W,0,-7.2220626,0.10870039463043213,0.996999979019165,0.8174999952316284
YDL198C,YNL292W,0,-7.224223,0.10868854075670242,0.996999979019165,0.8176000118255615
YGR157W,YNL207W,0,-7.2246985,0.10867669433355331,0.996999979019165,0.8177000284194946
YDR036C,YKR072C,0,-7.225376,0.1086648479104042,0.996999979019165,0.817799985408783
YDL231C,YMR149W,0,-7.227356,0.1086530089378357,0.996999979019165,0.8179000020027161
YBR145W,YGR192C,0,-7.227819,0.10864116996526718,0.996999979019165,0.8180000185966492
YAL035W,YLR450W,0,-7.2293816,0.10862933099269867,0.996999979019165,0.8180999755859375
YML081C-A,YOL004W,0,-7.2295938,0.10861749947071075,0.996999979019165,0.8181999921798706
YOR341W,YGR197C,0,-7.230692,0.10860566794872284,0.996999979019165,0.8183000087738037
YOL117W,YIL082W-A,0,-7.2333407,0.10859383642673492,0.996999979019165,0.8184000253677368
YDL045C,YDR171W,0,-7.2341914,0.10858200490474701,0.996999979019165,0.8184999823570251
YOL139C,YPR165W,0,-7.234325,0.10857018083333969,0.996999979019165,0.8185999989509583
YJR025C,YLR163C,0,-7.234651,0.10855836421251297,0.996999979019165,0.8187000155448914
YDR331W,YMR146C,0,-7.2348514,0.10854654014110565,0.996999979019165,0.8187999725341797
YKL004W,YMR067C,0,-7.236396,0.10853472352027893,0.996999979019165,0.8188999891281128
YMR208W,YIL021W,0,-7.237101,0.1085229143500328,0.996999979019165,0.8190000057220459
YER061C,YPL153C,0,-7.237463,0.10851109772920609,0.996999979019165,0.819100022315979
YML132W,YIL080W,0,-7.238026,0.10849929600954056,0.996999979019165,0.8191999793052673
YPR006C,YAR002W,0,-7.2386646,0.10848748683929443,0.996999979019165,0.8192999958992004
YJL191W,YDR079C-A,0,-7.238703,0.1084756851196289,0.996999979019165,0.8194000124931335
YAL012W,YIR026C,0,-7.238831,0.10846388339996338,0.996999979019165,0.8195000290870667
YIR017C,YPL087W,0,-7.239251,0.10845208168029785,0.996999979019165,0.819599986076355
YOL021C,YOL026C,0,-7.239658,0.10844028741121292,0.996999979019165,0.8197000026702881
YDL002C,YNL066W,0,-7.2403965,0.10842849314212799,0.996999979019165,0.8198000192642212
YIL051C,YML123C,0,-7.2409296,0.10841670632362366,0.996999979019165,0.8198999762535095
YIL122W,YGR008C,0,-7.242572,0.10840491205453873,0.996999979019165,0.8199999928474426
YNR002C,YJR043C,0,-7.2430167,0.1083931252360344,0.996999979019165,0.8201000094413757
YDR358W,YLR130C,0,-7.243613,0.10838134586811066,0.996999979019165,0.8202000260353088
YNL073W,YBR283C,0,-7.2445107,0.10836956650018692,0.996999979019165,0.8202999830245972
YPL169C,YBR050C,0,-7.244911,0.10835778713226318,0.996999979019165,0.8203999996185303
YOL039W,YER151C,0,-7.245854,0.10834601521492004,0.996999979019165,0.8205000162124634
YGL144C,YDL081C,0,-7.2480297,0.10833423584699631,0.996999979019165,0.8205999732017517
YNR019W,YKL220C,0,-7.248224,0.10832247138023376,0.996999979019165,0.8206999897956848
YDL093W,YBR114W,0,-7.248238,0.10831069946289062,0.996999979019165,0.8208000063896179
YJL196C,YHR187W,0,-7.248377,0.10829893499612808,0.996999979019165,0.820900022983551
YIL070C,YJL164C,0,-7.2485538,0.10828717052936554,0.996999979019165,0.8209999799728394
YCL025C,YHR074W,0,-7.2490964,0.1082754135131836,0.996999979019165,0.8210999965667725
YNL113W,YDR011W,0,-7.249436,0.10826365649700165,0.996999979019165,0.8212000131607056
YPL076W,YOR294W,0,-7.249616,0.1082518994808197,0.996999979019165,0.8213000297546387
YFR008W,YFR009W,0,-7.2500796,0.10824014991521835,0.996999979019165,0.821399986743927
YMR116C,YGR246C,0,-7.2510242,0.108228400349617,0.996999979019165,0.8215000033378601
YOR279C,YMR305C,0,-7.2517796,0.10821665078401566,0.996999979019165,0.8216000199317932
YNL259C,YAL017W,0,-7.2519784,0.1082049086689949,0.996999979019165,0.8216999769210815
YLL043W,YBR214W,0,-7.252111,0.10819316655397415,0.996999979019165,0.8217999935150146
YMR096W,YJR046W,0,-7.252637,0.1081814244389534,0.996999979019165,0.8219000101089478
YDR450W,YDR087C,0,-7.252959,0.10816968977451324,0.996999979019165,0.8220000267028809
YOR279C,YKL082C,0,-7.253723,0.10815795511007309,0.996999979019165,0.8220999836921692
YPL213W,YPR002W,0,-7.2547503,0.10814622044563293,0.996999979019165,0.8222000002861023
YMR316W,YMR145C,0,-7.254794,0.10813449323177338,0.996999979019165,0.8223000168800354
YOL004W,YPL239W,0,-7.256017,0.10812276601791382,0.996999979019165,0.8223999738693237
YOR224C,YKL122C,0,-7.2563787,0.10811103880405426,0.996999979019165,0.8224999904632568
YBR145W,YGL044C,0,-7.258218,0.1080993190407753,0.996999979019165,0.8226000070571899
YDR025W,YJL192C,0,-7.2590785,0.10808759927749634,0.996999979019165,0.822700023651123
YOL031C,YPL138C,0,-7.259312,0.10807587951421738,0.996999979019165,0.8227999806404114
YMR239C,YDL015C,0,-7.2596316,0.10806416720151901,0.996999979019165,0.8228999972343445
YPR002W,YGR004W,0,-7.2598248,0.10805245488882065,0.996999979019165,0.8230000138282776
YBL016W,YPR055W,0,-7.2604036,0.10804074257612228,0.996999979019165,0.8230999708175659
YHR007C,YCL039W,0,-7.264407,0.10802903771400452,0.996999979019165,0.823199987411499
YGR037C,YIL052C,0,-7.265012,0.10801733285188675,0.996999979019165,0.8233000040054321
YAL043C,YOR340C,0,-7.2665443,0.10800563544034958,0.996999979019165,0.8234000205993652
YBR290W,YBR006W,0,-7.266731,0.10799393057823181,0.996999979019165,0.8234999775886536
YNR049C,YAL017W,0,-7.2683616,0.10798224061727524,0.996999979019165,0.8235999941825867
YPL048W,YPR163C,0,-7.268724,0.10797054320573807,0.996999979019165,0.8237000107765198
YDR046C,YMR138W,0,-7.269984,0.1079588532447815,0.996999979019165,0.8238000273704529
YNL251C,YHR197W,0,-7.2707157,0.10794716328382492,0.996999979019165,0.8238999843597412
YLR223C,YKL058W,0,-7.27086,0.10793547332286835,0.996999979019165,0.8240000009536743
YBR034C,YBR022W,0,-7.2718825,0.10792379081249237,0.996999979019165,0.8241000175476074
YOL016C,YOR355W,0,-7.2728558,0.1079121083021164,0.996999979019165,0.8241999745368958
YDL115C,YHR214C-B,0,-7.2736735,0.10790043324232101,0.996999979019165,0.8242999911308289
YBL047C,YJL138C,0,-7.2743163,0.10788875818252563,0.996999979019165,0.824400007724762
YDL113C,YIL029C,0,-7.277544,0.10787708312273026,0.996999979019165,0.8245000243186951
YPR082C,YPL224C,0,-7.278106,0.10786540806293488,0.996999979019165,0.8245999813079834
YKL017C,YIR018W,0,-7.279662,0.10785374045372009,0.996999979019165,0.8246999979019165
YOL164W,YDL036C,0,-7.279815,0.10784208029508591,0.996999979019165,0.8248000144958496
YNL031C,YNL202W,0,-7.2801614,0.10783041268587112,0.996999979019165,0.8248999714851379
YJL081C,YEL009C,0,-7.2803645,0.10781875252723694,0.996999979019165,0.824999988079071
YPR155C,YIL077C,0,-7.280782,0.10780709236860275,0.996999979019165,0.8251000046730042
YFR047C,YKL182W,0,-7.2809076,0.10779543966054916,0.996999979019165,0.8252000212669373
YDR173C,YBR103W,0,-7.2816315,0.10778378695249557,0.996999979019165,0.8252999782562256
YDL166C,YIL110W,0,-7.282246,0.10777213424444199,0.996999979019165,0.8253999948501587
YKL143W,YMR096W,0,-7.284043,0.1077604815363884,0.996999979019165,0.8255000114440918
YPL050C,YJR156C,0,-7.2842445,0.1077488362789154,0.996999979019165,0.8256000280380249
YGR077C,YHR084W,0,-7.284906,0.10773719102144241,0.996999979019165,0.8256999850273132
YJL111W,YMR267W,0,-7.285338,0.10772555321455002,0.996999979019165,0.8258000016212463
YLR160C,YLR103C,0,-7.285847,0.10771391540765762,0.996999979019165,0.8259000182151794
YNL001W,YGL142C,0,-7.2865677,0.10770227760076523,0.996999979019165,0.8259999752044678
YDR273W,YGR156W,0,-7.2866454,0.10769064724445343,0.996999979019165,0.8260999917984009
YMR314W,YGR195W,0,-7.286981,0.10767901688814163,0.996999979019165,0.826200008392334
YMR092C,YGR108W,0,-7.2873826,0.10766738653182983,0.996999979019165,0.8263000249862671
YLR324W,YER003C,0,-7.2880406,0.10765576362609863,0.996999979019165,0.8263999819755554
YJL166W,YPL175W,0,-7.288848,0.10764414072036743,0.996999979019165,0.8264999985694885
YNR033W,YOL143C,0,-7.2892847,0.10763251781463623,0.996999979019165,0.8266000151634216
YHR055C,YGR163W,0,-7.2893214,0.10762089490890503,0.996999979019165,0.82669997215271
YPL061W,YHR088W,0,-7.2906795,0.10760927945375443,0.996999979019165,0.8267999887466431
YER166W,YOR344C,0,-7.2911563,0.10759767144918442,0.996999979019165,0.8269000053405762
YDR414C,YDR120C,0,-7.292802,0.10758605599403381,0.996999979019165,0.8270000219345093
YPR023C,YPL169C,0,-7.2929473,0.1075744479894638,0.996999979019165,0.8270999789237976
YPL188W,YNL333W,0,-7.2936068,0.1075628474354744,0.996999979019165,0.8271999955177307
YPL036W,YGR080W,0,-7.294154,0.10755123943090439,0.996999979019165,0.8273000121116638
YBR236C,YHR052W,0,-7.2942047,0.10753963887691498,0.996999979019165,0.8274000287055969
YGR257C,YGL207W,0,-7.2971582,0.10752803832292557,0.996999979019165,0.8274999856948853
YGL238W,YDL014W,0,-7.2971725,0.10751644521951675,0.996999979019165,0.8276000022888184
YIL021W,YLR034C,0,-7.2979283,0.10750485211610794,0.996999979019165,0.8277000188827515
YDR294C,YKR097W,0,-7.298382,0.10749325901269913,0.996999979019165,0.8277999758720398
YDR277C,YDR487C,0,-7.2986326,0.10748167335987091,0.996999979019165,0.8278999924659729
YMR049C,YBR103W,0,-7.298633,0.1074700877070427,0.996999979019165,0.828000009059906
YFL023W,YJL102W,0,-7.302461,0.10745850205421448,0.996999979019165,0.8281000256538391
YCR014C,YLL011W,0,-7.3025866,0.10744692385196686,0.996999979019165,0.8281999826431274
YCR020C-A,YNR049C,0,-7.3027663,0.10743534564971924,0.996999979019165,0.8282999992370605
YMR316W,YJL166W,0,-7.303365,0.10742376744747162,0.996999979019165,0.8284000158309937
YDR087C,YLR147C,0,-7.3036447,0.1074121966958046,0.996999979019165,0.828499972820282
YAL054C,YML055W,0,-7.3057756,0.10740062594413757,0.996999979019165,0.8285999894142151
YMR043W,YIL007C,0,-7.3059077,0.10738905519247055,0.996999979019165,0.8287000060081482
YPL227C,YDL004W,0,-7.306301,0.10737749189138412,0.996999979019165,0.8288000226020813
YLR060W,YJL116C,0,-7.3064737,0.1073659285902977,0.996999979019165,0.8288999795913696
YLR119W,YLR005W,0,-7.306573,0.10735436528921127,0.996999979019165,0.8289999961853027
YCL025C,YCR012W,0,-7.3067145,0.10734280943870544,0.996999979019165,0.8291000127792358
YMR042W,YLR200W,0,-7.3073945,0.10733125358819962,0.996999979019165,0.829200029373169
YGL001C,YDR465C,0,-7.3077126,0.10731969773769379,0.996999979019165,0.8292999863624573
YKL004W,YDR083W,0,-7.309625,0.10730814933776855,0.996999979019165,0.8294000029563904
YNL270C,YFR001W,0,-7.3109326,0.10729660093784332,0.996999979019165,0.8295000195503235
YPR010C,YHR138C,0,-7.311931,0.10728505253791809,0.996999979019165,0.8295999765396118
YLR303W,YPL098C,0,-7.3122582,0.10727351158857346,0.996999979019165,0.8296999931335449
YAL040C,YOR168W,0,-7.3123612,0.10726197063922882,0.996999979019165,0.829800009727478
YIL110W,YMR109W,0,-7.31307,0.10725042968988419,0.996999979019165,0.8299000263214111
YLR285W,YNL207W,0,-7.314758,0.10723889619112015,0.996999979019165,0.8299999833106995
YOR362C,YDR247W,0,-7.3151474,0.10722736269235611,0.996999979019165,0.8300999999046326
YBR179C,YHR089C,0,-7.315554,0.10721582919359207,0.996999979019165,0.8302000164985657
YFL025C,YHR158C,0,-7.315824,0.10720430314540863,0.996999979019165,0.830299973487854
YDR487C,YBR162C,0,-7.3159785,0.10719277709722519,0.996999979019165,0.8303999900817871
YMR316W,YER190W,0,-7.3184266,0.10718125104904175,0.996999979019165,0.8305000066757202
YPR093C,YNL281W,0,-7.319525,0.1071697324514389,0.996999979019165,0.8306000232696533
YJR097W,YBL033C,0,-7.3196354,0.10715821385383606,0.996999979019165,0.8306999802589417
YJR043C,YLR075W,0,-7.3200517,0.10714669525623322,0.996999979019165,0.8307999968528748
YBL026W,YER165W,0,-7.320739,0.10713518410921097,0.996999979019165,0.8309000134468079
YER044C,YBR041W,0,-7.32104,0.10712367296218872,0.996999979019165,0.8309999704360962
YKL212W,YAR035W,0,-7.322655,0.10711216181516647,0.996999979019165,0.8310999870300293
YML067C,YJR144W,0,-7.322787,0.10710065811872482,0.996999979019165,0.8312000036239624
YAL012W,YFR001W,0,-7.3230777,0.10708915442228317,0.996999979019165,0.8313000202178955
YGR041W,YNL113W,0,-7.324028,0.10707765072584152,0.996999979019165,0.8313999772071838
YGR244C,YGL210W,0,-7.3248096,0.10706615447998047,0.996999979019165,0.8314999938011169
YIL103W,YOR130C,0,-7.326869,0.10705465823411942,0.996999979019165,0.83160001039505
YNL274C,YGL100W,0,-7.3273168,0.10704316198825836,0.996999979019165,0.8317000269889832
YNL042W,YGR197C,0,-7.3275757,0.10703166574239731,0.996999979019165,0.8317999839782715
YDR516C,YOL104C,0,-7.3294277,0.10702017694711685,0.996999979019165,0.8319000005722046
YLR332W,YMR045C,0,-7.329638,0.10700869560241699,0.996999979019165,0.8320000171661377
YDR412W,YML049C,0,-7.329856,0.10699720680713654,0.996999979019165,0.832099974155426
YMR298W,YIL056W,0,-7.3300214,0.10698572546243668,0.996999979019165,0.8321999907493591
YLR355C,YLR452C,0,-7.330121,0.10697425156831741,0.996999979019165,0.8323000073432922
YBR286W,YHR055C,0,-7.330776,0.10696277022361755,0.996999979019165,0.8324000239372253
YHR001W,YKL043W,0,-7.332312,0.10695129632949829,0.996999979019165,0.8324999809265137
YBL098W,YPR138C,0,-7.3343487,0.10693982988595963,0.996999979019165,0.8325999975204468
YIR012W,YDL058W,0,-7.3348594,0.10692835599184036,0.996999979019165,0.8327000141143799
YER053C,YNL197C,0,-7.335436,0.1069168895483017,0.996999979019165,0.8327999711036682
YJL179W,YBL035C,0,-7.335443,0.10690542310476303,0.996999979019165,0.8328999876976013
YPR067W,YKL120W,0,-7.3358912,0.10689396411180496,0.996999979019165,0.8330000042915344
YPL026C,YOL122C,0,-7.335985,0.1068825051188469,0.996999979019165,0.8331000208854675
YHR139C,YGL022W,0,-7.3360286,0.10687104612588882,0.996999979019165,0.8331999778747559
YGR008C,YDL235C,0,-7.337519,0.10685959458351135,0.996999979019165,0.833299994468689
YNL142W,YCR033W,0,-7.3376102,0.10684814304113388,0.996999979019165,0.8334000110626221
YBR145W,YOR294W,0,-7.337692,0.10683669149875641,0.996999979019165,0.8335000276565552
YLR051C,YPL235W,0,-7.341159,0.10682524740695953,0.996999979019165,0.8335999846458435
YEL053C,YPL036W,0,-7.3428235,0.10681379586458206,0.996999979019165,0.8337000012397766
YMR043W,YHR196W,0,-7.3434258,0.10680235922336578,0.996999979019165,0.8338000178337097
YLR438C-A,YBR283C,0,-7.343458,0.10679091513156891,0.996999979019165,0.833899974822998
YPL145C,YDR059C,0,-7.3441987,0.10677947849035263,0.996999979019165,0.8339999914169312
YHR197W,YLR292C,0,-7.34481,0.10676804184913635,0.996999979019165,0.8341000080108643
YOR061W,YPL237W,0,-7.3461947,0.10675661265850067,0.996999979019165,0.8342000246047974
YMR136W,YHR154W,0,-7.347289,0.10674518346786499,0.996999979019165,0.8342999815940857
YGL191W,YEL034W,0,-7.348069,0.10673375427722931,0.996999979019165,0.8343999981880188
YMR012W,YOL113W,0,-7.3505273,0.10672233253717422,0.996999979019165,0.8345000147819519
YDR378C,YPL159C,0,-7.3512406,0.10671090334653854,0.996999979019165,0.8345999717712402
YFL005W,YIL056W,0,-7.351748,0.10669948905706406,0.996999979019165,0.8346999883651733
YOR377W,YJL166W,0,-7.351873,0.10668806731700897,0.996999979019165,0.8348000049591064
YJR070C,YIL038C,0,-7.3523426,0.10667665302753448,0.996999979019165,0.8349000215530396
YML065W,YHR008C,0,-7.3530946,0.10666523873806,0.996999979019165,0.8349999785423279
YLR008C,YDR388W,0,-7.3531756,0.10665383189916611,0.996999979019165,0.835099995136261
YBR297W,YNL129W,0,-7.3541408,0.10664242506027222,0.996999979019165,0.8352000117301941
YOR078W,YGL144C,0,-7.354527,0.10663101822137833,0.996999979019165,0.8353000283241272
YJR160C,YER006W,0,-7.3550463,0.10661961138248444,0.996999979019165,0.8353999853134155
YGL183C,YMR104C,0,-7.3567185,0.10660821199417114,0.996999979019165,0.8355000019073486
YJL166W,YPL235W,0,-7.356871,0.10659681260585785,0.996999979019165,0.8356000185012817
YPR101W,YOR043W,0,-7.3572536,0.10658542066812515,0.996999979019165,0.8356999754905701
YCL038C,YKL035W,0,-7.35776,0.10657402127981186,0.996999979019165,0.8357999920845032
YLR069C,YMR016C,0,-7.362032,0.10656263679265976,0.996999979019165,0.8359000086784363
YHR060W,YOR230W,0,-7.3625894,0.10655124485492706,0.996999979019165,0.8360000252723694
YGR284C,YJL012C,0,-7.3627224,0.10653986036777496,0.996999979019165,0.8360999822616577
YMR025W,YCL040W,0,-7.362876,0.10652847588062286,0.996999979019165,0.8361999988555908
YPL217C,YNL244C,0,-7.363613,0.10651709139347076,0.996999979019165,0.8363000154495239
YDR281C,YIL018W,0,-7.3637366,0.10650571435689926,0.996999979019165,0.8363999724388123
YGL021W,YOR011W,0,-7.363999,0.10649433732032776,0.996999979019165,0.8364999890327454
YDR299W,YLR007W,0,-7.364067,0.10648296773433685,0.996999979019165,0.8366000056266785
YDR011W,YHR020W,0,-7.3642135,0.10647159069776535,0.996999979019165,0.8367000222206116
YHL027W,YGR085C,0,-7.3643017,0.10646022111177444,0.996999979019165,0.8367999792098999
YPL075W,YDL198C,0,-7.366733,0.10644885897636414,0.996999979019165,0.836899995803833
YNL268W,YIL075C,0,-7.3670163,0.10643749684095383,0.996999979019165,0.8370000123977661
YNL101W,YMR091C,0,-7.367325,0.10642613470554352,0.996999979019165,0.8371000289916992
YJL214W,YOL080C,0,-7.367696,0.10641477257013321,0.996999979019165,0.8371999859809875
YKR027W,YNR053C,0,-7.36868,0.1064034178853035,0.996999979019165,0.8373000025749207
YOR185C,YLR035C,0,-7.3688846,0.10639206320047379,0.996999979019165,0.8374000191688538
YLR286C,YDR120C,0,-7.3695507,0.10638070851564407,0.996999979019165,0.8374999761581421
YLR324W,YKL122C,0,-7.370359,0.10636936128139496,0.996999979019165,0.8375999927520752
YBR093C,YJL001W,0,-7.371589,0.10635801404714584,0.996999979019165,0.8377000093460083
YDL223C,YMR005W,0,-7.372291,0.10634666681289673,0.996999979019165,0.8378000259399414
YPL241C,YGR268C,0,-7.373019,0.10633532702922821,0.996999979019165,0.8378999829292297
YPR051W,YOR056C,0,-7.373116,0.10632398724555969,0.996999979019165,0.8379999995231628
YGR279C,YBR058C,0,-7.373235,0.10631264746189117,0.996999979019165,0.838100016117096
YPR143W,YDR477W,0,-7.3734703,0.10630131512880325,0.996999979019165,0.8381999731063843
YPR138C,YGL097W,0,-7.3745265,0.10628997534513474,0.996999979019165,0.8382999897003174
YJL012C,YDR545W,0,-7.3754425,0.10627865046262741,0.996999979019165,0.8384000062942505
YDL192W,YKL195W,0,-7.3762712,0.10626731812953949,0.996999979019165,0.8385000228881836
YML091C,YOR216C,0,-7.377311,0.10625599324703217,0.996999979019165,0.8385999798774719
YDR343C,YPL094C,0,-7.378449,0.10624466836452484,0.996999979019165,0.838699996471405
YHR068W,YLR113W,0,-7.382481,0.10623335093259811,0.996999979019165,0.8388000130653381
YDR022C,YLR384C,0,-7.3824997,0.10622203350067139,0.996999979019165,0.8389000296592712
YBR085W,YMR173W,0,-7.3831077,0.10621071606874466,0.996999979019165,0.8389999866485596
YDR116C,YER072W,0,-7.3841367,0.10619940608739853,0.996999979019165,0.8391000032424927
YLL004W,YHR196W,0,-7.384437,0.1061880961060524,0.996999979019165,0.8392000198364258
YPL050C,YBL050W,0,-7.3850846,0.10617678612470627,0.996999979019165,0.8392999768257141
YKL139W,YOL151W,0,-7.3858943,0.10616547614336014,0.996999979019165,0.8393999934196472
YDL097C,YBR183W,0,-7.387345,0.1061541736125946,0.996999979019165,0.8395000100135803
YBR243C,YKL141W,0,-7.3885117,0.10614287108182907,0.996999979019165,0.8396000266075134
YML067C,YCR024C-A,0,-7.3891096,0.10613157600164413,0.996999979019165,0.8396999835968018
YNR027W,YOR328W,0,-7.3901687,0.1061202734708786,0.996999979019165,0.8398000001907349
YOL026C,YBR066C,0,-7.3906984,0.10610898584127426,0.996999979019165,0.839900016784668
YAL035W,YDR517W,0,-7.391978,0.10609769076108932,0.996999979019165,0.8399999737739563
YMR316W,YPL075W,0,-7.3936067,0.10608640313148499,0.996999979019165,0.8400999903678894
YDR091C,YER169W,0,-7.394246,0.10607511550188065,0.996999979019165,0.8402000069618225
YKR066C,YKL149C,0,-7.39495,0.1060638278722763,0.996999979019165,0.8403000235557556
YLR144C,YBL024W,0,-7.396232,0.10605254769325256,0.996999979019165,0.840399980545044
YDR046C,YPL053C,0,-7.3963075,0.10604126751422882,0.996999979019165,0.840499997138977
YLL009C,YGR048W,0,-7.39638,0.10602998733520508,0.996999979019165,0.8406000137329102
YGR220C,YBR061C,0,-7.397774,0.10601871460676193,0.996999979019165,0.8406999707221985
YGL032C,YBR214W,0,-7.398585,0.10600744187831879,0.996999979019165,0.8407999873161316
YNL001W,YFL022C,0,-7.3991246,0.10599616914987564,0.996999979019165,0.8409000039100647
YBR207W,YBR130C,0,-7.399485,0.10598490387201309,0.996999979019165,0.8410000205039978
YNL220W,YDR030C,0,-7.400593,0.10597363859415054,0.996999979019165,0.8410999774932861
YPR094W,YGR279C,0,-7.400844,0.105962373316288,0.996999979019165,0.8411999940872192
YJL099W,YOL142W,0,-7.4013596,0.10595111548900604,0.996999979019165,0.8413000106811523
YOL164W,YLR224W,0,-7.401756,0.10593985766172409,0.996999979019165,0.8414000272750854
YML086C,YDR225W,0,-7.401855,0.10592859983444214,0.996999979019165,0.8414999842643738
YOR236W,YNL241C,0,-7.4019513,0.10591734945774078,0.996999979019165,0.8416000008583069
YPL234C,YHR138C,0,-7.403871,0.10590609908103943,0.996999979019165,0.84170001745224
YHR055C,YOL045W,0,-7.4041343,0.10589484870433807,0.996999979019165,0.8417999744415283
YGR003W,YPR067W,0,-7.4048595,0.10588360577821732,0.996999979019165,0.8418999910354614
YOR274W,YGR280C,0,-7.4052453,0.10587235540151596,0.996999979019165,0.8420000076293945
YOR250C,YNL160W,0,-7.405708,0.1058611199259758,0.996999979019165,0.8421000242233276
YLR080W,YAL029C,0,-7.406108,0.10584987699985504,0.996999979019165,0.842199981212616
YNL280C,YGR094W,0,-7.406588,0.10583864152431488,0.996999979019165,0.8422999978065491
YDR141C,YJL138C,0,-7.40664,0.10582740604877472,0.996999979019165,0.8424000144004822
YBR060C,YHR008C,0,-7.4072113,0.10581617802381516,0.996999979019165,0.8424999713897705
YMR001C,YNL243W,0,-7.409784,0.105804942548275,0.996999979019165,0.8425999879837036
YPR190C,YJR156C,0,-7.4098635,0.10579371452331543,0.996999979019165,0.8427000045776367
YLR008C,YGR101W,0,-7.41044,0.10578249394893646,0.996999979019165,0.8428000211715698
YLR448W,YIL022W,0,-7.411099,0.1057712733745575,0.996999979019165,0.8428999781608582
YOR023C,YPL058C,0,-7.4111753,0.10576005280017853,0.996999979019165,0.8429999947547913
YOR245C,YDR489W,0,-7.411975,0.10574883222579956,0.996999979019165,0.8431000113487244
YNL016W,YOR347C,0,-7.412091,0.10573761910200119,0.996999979019165,0.8432000279426575
YER142C,YAL017W,0,-7.4125094,0.10572640597820282,0.996999979019165,0.8432999849319458
YPL126W,YNL253W,0,-7.4126115,0.10571519285440445,0.996999979019165,0.8434000015258789
YBR286W,YOL125W,0,-7.4129205,0.10570398718118668,0.996999979019165,0.843500018119812
YOR206W,YAL043C,0,-7.413738,0.1056927815079689,0.996999979019165,0.8435999751091003
YLR002C,YJR007W,0,-7.414043,0.10568157583475113,0.996999979019165,0.8436999917030334
YBR201W,YNR017W,0,-7.414726,0.10567037761211395,0.996999979019165,0.8438000082969666
YHL024W,YDR255C,0,-7.415377,0.10565917938947678,0.996999979019165,0.8439000248908997
YER006W,YLR176C,0,-7.415982,0.1056479811668396,0.996999979019165,0.843999981880188
YBR288C,YKL043W,0,-7.41788,0.10563679039478302,0.996999979019165,0.8440999984741211
YMR308C,YMR239C,0,-7.4195223,0.10562559962272644,0.996999979019165,0.8442000150680542
YMR173W,YHR099W,0,-7.4198375,0.10561440885066986,0.996999979019165,0.8442999720573425
YDR378C,YER049W,0,-7.419957,0.10560321807861328,0.996999979019165,0.8443999886512756
YER032W,YOR098C,0,-7.4200025,0.1055920347571373,0.996999979019165,0.8445000052452087
YGL053W,YGR129W,0,-7.4206386,0.10558085143566132,0.996999979019165,0.8446000218391418
YDL175C,YBR083W,0,-7.4213767,0.10556967556476593,0.996999979019165,0.8446999788284302
YGL211W,YPR165W,0,-7.4227757,0.10555849969387054,0.996999979019165,0.8447999954223633
YPL101W,YDR129C,0,-7.425451,0.10554732382297516,0.996999979019165,0.8449000120162964
YJR025C,YLR298C,0,-7.4256682,0.10553614795207977,0.996999979019165,0.8450000286102295
YHR067W,YNL163C,0,-7.426359,0.10552497953176498,0.996999979019165,0.8450999855995178
YMR225C,YKL043W,0,-7.426538,0.1055138111114502,0.996999979019165,0.8452000021934509
YDR201W,YDR324C,0,-7.4266934,0.1055026426911354,0.996999979019165,0.845300018787384
YER053C,YMR005W,0,-7.4277916,0.10549148172140121,0.996999979019165,0.8453999757766724
YNR030W,YDL111C,0,-7.428246,0.10548032075166702,0.996999979019165,0.8454999923706055
YKL186C,YDL188C,0,-7.431763,0.10546915978193283,0.996999979019165,0.8456000089645386
YPL202C,YEL054C,0,-7.432091,0.10545800626277924,0.996999979019165,0.8457000255584717
YGL124C,YLR008C,0,-7.432256,0.10544685274362564,0.996999979019165,0.84579998254776
YOR340C,YIL153W,0,-7.4336925,0.10543569922447205,0.996999979019165,0.8458999991416931
YOR269W,YOR001W,0,-7.4339366,0.10542455315589905,0.996999979019165,0.8460000157356262
YOR236W,YDR341C,0,-7.4343147,0.10541340708732605,0.996999979019165,0.8460999727249146
YJL165C,YER052C,0,-7.435041,0.10540226101875305,0.996999979019165,0.8461999893188477
YNR035C,YOL071W,0,-7.4357395,0.10539112240076065,0.996999979019165,0.8463000059127808
YDR011W,YLR452C,0,-7.4384236,0.10537998378276825,0.996999979019165,0.8464000225067139
YCR010C,YKL143W,0,-7.4393263,0.10536884516477585,0.996999979019165,0.8464999794960022
YML113W,YER012W,0,-7.439727,0.10535770654678345,0.996999979019165,0.8465999960899353
YLR372W,YDL015C,0,-7.440456,0.10534657537937164,0.996999979019165,0.8467000126838684
YMR145C,YGR143W,0,-7.4405656,0.10533544421195984,0.996999979019165,0.8468000292778015
YML078W,YDL039C,0,-7.441191,0.10532432049512863,0.996999979019165,0.8468999862670898
YPL095C,YOR116C,0,-7.4430633,0.10531319677829742,0.996999979019165,0.847000002861023
YPR200C,YCR061W,0,-7.4438124,0.10530207306146622,0.996999979019165,0.847100019454956
YOR355W,YLR354C,0,-7.4454093,0.10529094934463501,0.996999979019165,0.8471999764442444
YMR211W,YDR165W,0,-7.4459996,0.1052798330783844,0.996999979019165,0.8472999930381775
YFR041C,YLR009W,0,-7.447047,0.10526871681213379,0.996999979019165,0.8474000096321106
YML132W,YDR075W,0,-7.4471884,0.10525760054588318,0.996999979019165,0.8475000262260437
YKL120W,YPL031C,0,-7.4473443,0.10524649173021317,0.996999979019165,0.847599983215332
YGL120C,YEL002C,0,-7.4473977,0.10523538291454315,0.996999979019165,0.8476999998092651
YMR204C,YJL190C,0,-7.4478903,0.10522427409887314,0.996999979019165,0.8478000164031982
YPL159C,YDR353W,0,-7.449269,0.10521317273378372,0.996999979019165,0.8478999733924866
YHR059W,YPL032C,0,-7.4500527,0.1052020713686943,0.996999979019165,0.8479999899864197
YGR144W,YPL019C,0,-7.4526153,0.10519097000360489,0.996999979019165,0.8481000065803528
YIL044C,YEL009C,0,-7.4531884,0.10517986863851547,0.996999979019165,0.8482000231742859
YGR284C,YGR013W,0,-7.45331,0.10516877472400665,0.996999979019165,0.8482999801635742
YMR012W,YGL053W,0,-7.4541545,0.10515768080949783,0.996999979019165,0.8483999967575073
YLR080W,YCL026C-A,0,-7.455039,0.10514659434556961,0.996999979019165,0.8485000133514404
YNL288W,YDL223C,0,-7.4550548,0.10513550788164139,0.996999979019165,0.8485999703407288
YMR113W,YKL026C,0,-7.455076,0.10512442141771317,0.996999979019165,0.8486999869346619
YDR017C,YLR009W,0,-7.4557023,0.10511333495378494,0.996999979019165,0.848800003528595
YLR246W,YLR008C,0,-7.456412,0.10510225594043732,0.996999979019165,0.8489000201225281
YBR145W,YNL099C,0,-7.4566307,0.10509117692708969,0.996999979019165,0.8489999771118164
YGL142C,YDR083W,0,-7.4572806,0.10508009791374207,0.996999979019165,0.8490999937057495
YDL051W,YDR135C,0,-7.4577913,0.10506902635097504,0.996999979019165,0.8492000102996826
YLR309C,YHR139C,0,-7.459014,0.10505795478820801,0.996999979019165,0.8493000268936157
YOR136W,YOL147C,0,-7.4592347,0.10504688322544098,0.996999979019165,0.849399983882904
YJL106W,YNL160W,0,-7.459907,0.10503581911325455,0.996999979019165,0.8495000004768372
YGR178C,YDR422C,0,-7.4604497,0.10502475500106812,0.996999979019165,0.8496000170707703
YNR026C,YDR247W,0,-7.4604654,0.10501369088888168,0.996999979019165,0.8496999740600586
YDR404C,YMR104C,0,-7.462055,0.10500263422727585,0.996999979019165,0.8497999906539917
YGL190C,YKL150W,0,-7.462482,0.10499157756567001,0.996999979019165,0.8499000072479248
YCL017C,YMR200W,0,-7.463818,0.10498052090406418,0.996999979019165,0.8500000238418579
YJL111W,YOL004W,0,-7.4638944,0.10496946424245834,0.996999979019165,0.8500999808311462
YDR121W,YDL055C,0,-7.464895,0.1049584150314331,0.996999979019165,0.8501999974250793
YMR186W,YLL061W,0,-7.4665666,0.10494736582040787,0.996999979019165,0.8503000140190125
YBR004C,YKL170W,0,-7.467395,0.10493632405996323,0.996999979019165,0.8503999710083008
YHR142W,YIL160C,0,-7.4676194,0.10492528229951859,0.996999979019165,0.8504999876022339
YLR238W,YOR326W,0,-7.4681854,0.10491424053907394,0.996999979019165,0.850600004196167
YPL145C,YEL012W,0,-7.468592,0.1049031987786293,0.996999979019165,0.8507000207901001
YLR370C,YOR079C,0,-7.4688478,0.10489216446876526,0.996999979019165,0.8507999777793884
YDR091C,YOR270C,0,-7.469162,0.10488113015890121,0.996999979019165,0.8508999943733215
YLR377C,YNL160W,0,-7.4708533,0.10487009584903717,0.996999979019165,0.8510000109672546
YBR050C,YLR264W,0,-7.4711404,0.10485906898975372,0.996999979019165,0.8511000275611877
YDR284C,YDR478W,0,-7.472785,0.10484804213047028,0.996999979019165,0.8511999845504761
YGR028W,YFR052W,0,-7.4745536,0.10483701527118683,0.996999979019165,0.8513000011444092
YLR158C,YIR017C,0,-7.4751754,0.10482598841190338,0.996999979019165,0.8514000177383423
YFR051C,YKL051W,0,-7.4755645,0.10481496900320053,0.996999979019165,0.8514999747276306
YJL071W,YLR157C,0,-7.4763203,0.10480394959449768,0.996999979019165,0.8515999913215637
YPL018W,YMR311C,1,-7.4776564,0.10489804297685623,0.9980000257492065,0.8515999913215637
YDR025W,YER072W,0,-7.478019,0.10488702356815338,0.9980000257492065,0.8517000079154968
YGR033C,YBR265W,0,-7.478969,0.10487599670886993,0.9980000257492065,0.8518000245094299
YGL247W,YGR254W,0,-7.4798226,0.10486497730016708,0.9980000257492065,0.8518999814987183
YKL004W,YDR251W,0,-7.48206,0.10485395789146423,0.9980000257492065,0.8519999980926514
YOR209C,YBR273C,0,-7.4825196,0.10484294593334198,0.9980000257492065,0.8521000146865845
YNL084C,YKR060W,0,-7.4825253,0.10483193397521973,0.9980000257492065,0.8521999716758728
YNL113W,YMR175W,0,-7.4825435,0.10482092201709747,0.9980000257492065,0.8522999882698059
YAL010C,YBL061C,0,-7.4829893,0.10480991750955582,0.9980000257492065,0.852400004863739
YAL035W,YHR091C,0,-7.483084,0.10479890555143356,0.9980000257492065,0.8525000214576721
YKL002W,YOR340C,0,-7.48348,0.1047879010438919,0.9980000257492065,0.8525999784469604
YDR101C,YGL051W,0,-7.4838014,0.10477690398693085,0.9980000257492065,0.8526999950408936
YMR287C,YHR068W,0,-7.487769,0.10476590692996979,0.9980000257492065,0.8528000116348267
YBR228W,YPR080W,0,-7.4884834,0.10475490987300873,0.9980000257492065,0.8529000282287598
YMR056C,YLL035W,0,-7.4887867,0.10474391281604767,0.9980000257492065,0.8529999852180481
YPL221W,YDR407C,0,-7.4888363,0.1047329232096672,0.9980000257492065,0.8531000018119812
YGR161C,YDR018C,0,-7.489188,0.10472193360328674,0.9980000257492065,0.8532000184059143
YOR239W,YOL125W,0,-7.48935,0.10471094399690628,0.9980000257492065,0.8532999753952026
YGR108W,YMR239C,0,-7.4928255,0.10469995439052582,0.9980000257492065,0.8533999919891357
YHR197W,YDL128W,0,-7.495127,0.10468897223472595,0.9980000257492065,0.8535000085830688
YDR411C,YDR206W,0,-7.4954433,0.10467799752950668,0.9980000257492065,0.853600025177002
YGL078C,YMR127C,0,-7.4957175,0.10466701537370682,0.9980000257492065,0.8536999821662903
YDR273W,YKL175W,0,-7.4974155,0.10465604066848755,0.9980000257492065,0.8537999987602234
YNL333W,YKR089C,0,-7.4980493,0.10464506596326828,0.9980000257492065,0.8539000153541565
YDL029W,YDR385W,0,-7.498074,0.10463409870862961,0.9980000257492065,0.8539999723434448
YGL019W,YOL142W,0,-7.498817,0.10462312400341034,0.9980000257492065,0.8540999889373779
YDR364C,YDR322C-A,0,-7.499033,0.10461215674877167,0.9980000257492065,0.854200005531311
YPR124W,YML115C,0,-7.5014257,0.10460119694471359,0.9980000257492065,0.8543000221252441
YNR075W,YLR003C,0,-7.5021057,0.10459022969007492,0.9980000257492065,0.8543999791145325
YPL012W,YMR175W,0,-7.502347,0.10457926988601685,0.9980000257492065,0.8544999957084656
YML062C,YJL116C,0,-7.5025134,0.10456831753253937,0.9980000257492065,0.8546000123023987
YDR071C,YOR328W,0,-7.5034075,0.10455735772848129,0.9980000257492065,0.8547000288963318
YDR101C,YFL059W,0,-7.503434,0.10454640537500381,0.9980000257492065,0.8547999858856201
YCL059C,YJL029C,0,-7.504392,0.10453545302152634,0.9980000257492065,0.8549000024795532
YDR156W,YBR083W,0,-7.5047827,0.10452450811862946,0.9980000257492065,0.8550000190734863
YDL055C,YOL128C,0,-7.505448,0.10451356321573257,0.9980000257492065,0.8550999760627747
YJL138C,YNR048W,0,-7.5072856,0.1045026183128357,0.9980000257492065,0.8551999926567078
YER168C,YMR139W,0,-7.507533,0.10449167340993881,0.9980000257492065,0.8553000092506409
YGL227W,YOL028C,0,-7.5077014,0.10448073595762253,0.9980000257492065,0.855400025844574
YNL250W,YOL142W,0,-7.5093136,0.10446979850530624,0.9980000257492065,0.8554999828338623
YHL031C,YBR196C,0,-7.5093784,0.10445886850357056,0.9980000257492065,0.8555999994277954
YLR221C,YJL138C,0,-7.5100107,0.10444793105125427,0.9980000257492065,0.8557000160217285
YER149C,YDL081C,0,-7.510302,0.10443700104951859,0.9980000257492065,0.8557999730110168
YGR279C,YKR062W,0,-7.5122504,0.1044260784983635,0.9980000257492065,0.85589998960495
YJR121W,YPR086W,0,-7.5142026,0.10441514849662781,0.9980000257492065,0.8560000061988831
YBL098W,YER019W,0,-7.5145173,0.10440422594547272,0.9980000257492065,0.8561000227928162
YML113W,YHL022C,0,-7.514953,0.10439330339431763,0.9980000257492065,0.8561999797821045
YGR109C,YDR335W,0,-7.515081,0.10438238829374313,0.9980000257492065,0.8562999963760376
YKR072C,YNL241C,0,-7.5159907,0.10437147319316864,0.9980000257492065,0.8564000129699707
YHR055C,YDR039C,0,-7.5162845,0.10436055809259415,0.9980000257492065,0.8565000295639038
YPL265W,YLR262C,0,-7.5178065,0.10434964299201965,0.9980000257492065,0.8565999865531921
YDL031W,YKL057C,0,-7.518215,0.10433873534202576,0.9980000257492065,0.8567000031471252
YGR280C,YDL042C,0,-7.518884,0.10432782769203186,0.9980000257492065,0.8568000197410583
YNL274C,YML065W,0,-7.520378,0.10431692004203796,0.9980000257492065,0.8568999767303467
YDR188W,YNL286W,0,-7.5217395,0.10430601984262466,0.9980000257492065,0.8569999933242798
YLR274W,YPR154W,0,-7.5234475,0.10429511964321136,0.9980000257492065,0.8571000099182129
YAL040C,YLR192C,0,-7.525112,0.10428421944379807,0.9980000257492065,0.857200026512146
YOR185C,YLR447C,0,-7.5251203,0.10427332669496536,0.9980000257492065,0.8572999835014343
YPL227C,YPL240C,0,-7.5257015,0.10426243394613266,0.9980000257492065,0.8574000000953674
YAR019C,YBR154C,0,-7.525875,0.10425154119729996,0.9980000257492065,0.8575000166893005
YLR304C,YAL058W,0,-7.5273767,0.10424064844846725,0.9980000257492065,0.8575999736785889
YKL208W,YPR016C,0,-7.5278897,0.10422976315021515,0.9980000257492065,0.857699990272522
YMR192W,YNL173C,0,-7.5285068,0.10421887785196304,0.9980000257492065,0.8578000068664551
YKR036C,YER020W,0,-7.5288525,0.10420800000429153,0.9980000257492065,0.8579000234603882
YBR221C,YGR185C,0,-7.5296164,0.10419711470603943,0.9980000257492065,0.8579999804496765
YGR268C,YOR136W,0,-7.5300813,0.10418624430894852,0.9980000257492065,0.8580999970436096
YDR513W,YNL264C,0,-7.53086,0.10417536646127701,0.9980000257492065,0.8582000136375427
YNR033W,YLR370C,0,-7.5310397,0.1041644886136055,0.9980000257492065,0.858299970626831
YKL179C,YFR053C,0,-7.5318136,0.10415361821651459,0.9980000257492065,0.8583999872207642
YLL018C-A,YOL143C,0,-7.5323052,0.10414275527000427,0.9980000257492065,0.8585000038146973
YDL031W,YJL101C,0,-7.534806,0.10413188487291336,0.9980000257492065,0.8586000204086304
YGR165W,YNL119W,0,-7.5361776,0.10412102192640305,0.9980000257492065,0.8586999773979187
YOR236W,YGR195W,0,-7.5363526,0.10411015897989273,0.9980000257492065,0.8587999939918518
YNL001W,YOL002C,0,-7.5404134,0.10409930348396301,0.9980000257492065,0.8589000105857849
YPR049C,YGR085C,0,-7.5407767,0.1040884405374527,0.9980000257492065,0.859000027179718
YNL074C,YHR088W,0,-7.5455093,0.10407759249210358,0.9980000257492065,0.8590999841690063
YBR145W,YHR086W,0,-7.545958,0.10406673699617386,0.9980000257492065,0.8592000007629395
YPR010C,YJL139C,0,-7.5461946,0.10405588895082474,0.9980000257492065,0.8593000173568726
YOL086C,YGR123C,0,-7.5466876,0.10404504090547562,0.9980000257492065,0.8593999743461609
YNL009W,YBR006W,0,-7.546857,0.1040341928601265,0.9980000257492065,0.859499990940094
YLR417W,YMR104C,0,-7.5469074,0.10402334481477737,0.9980000257492065,0.8596000075340271
YBR286W,YBL099W,0,-7.548434,0.10401250422000885,0.9980000257492065,0.8597000241279602
YMR275C,YGL078C,0,-7.5501027,0.10400167107582092,0.9980000257492065,0.8597999811172485
YJR069C,YOL142W,0,-7.550463,0.1039908304810524,0.9980000257492065,0.8598999977111816
YPL169C,YMR079W,0,-7.5505424,0.10397999733686447,0.9980000257492065,0.8600000143051147
YKR020W,YNL154C,0,-7.5527306,0.10396916419267654,0.9980000257492065,0.8600999712944031
YOL086C,YBR247C,0,-7.556271,0.10395833104848862,0.9980000257492065,0.8601999878883362
YHL024W,YHR154W,0,-7.5568504,0.10394750535488129,0.9980000257492065,0.8603000044822693
YPR185W,YNL160W,0,-7.557935,0.10393667966127396,0.9980000257492065,0.8604000210762024
YFL045C,YDR353W,0,-7.5579576,0.10392585396766663,0.9980000257492065,0.8604999780654907
YOR204W,YOR142W,0,-7.558956,0.10391503572463989,0.9980000257492065,0.8605999946594238
YOR261C,YER082C,0,-7.559045,0.10390421748161316,0.9980000257492065,0.8607000112533569
YER178W,YNL231C,0,-7.559582,0.10389339923858643,0.9980000257492065,0.86080002784729
YPL048W,YGL096W,0,-7.5599937,0.10388258844614029,0.9980000257492065,0.8608999848365784
YDR085C,YPL059W,0,-7.5602202,0.10387177020311356,0.9980000257492065,0.8610000014305115
YHR157W,YGR245C,0,-7.5608764,0.10386096686124802,0.9980000257492065,0.8611000180244446
YKL074C,YBR024W,0,-7.5619187,0.10385015606880188,0.9980000257492065,0.8611999750137329
YNR072W,YDL153C,0,-7.5625777,0.10383935272693634,0.9980000257492065,0.861299991607666
YKL026C,YDR238C,0,-7.5636945,0.1038285493850708,0.9980000257492065,0.8614000082015991
YAL022C,YDL002C,0,-7.564084,0.10381774604320526,0.9980000257492065,0.8615000247955322
YJR125C,YHR048W,0,-7.564598,0.10380695015192032,0.9980000257492065,0.8615999817848206
YBR132C,YBR060C,0,-7.5660033,0.10379615426063538,0.9980000257492065,0.8616999983787537
YJL094C,YDR002W,0,-7.567013,0.10378535836935043,0.9980000257492065,0.8618000149726868
YMR173W,YMR267W,0,-7.5673804,0.10377456247806549,0.9980000257492065,0.8618999719619751
YLL009C,YMR177W,0,-7.5676427,0.10376377403736115,0.9980000257492065,0.8619999885559082
YMR285C,YKL126W,0,-7.567869,0.1037529855966568,0.9980000257492065,0.8621000051498413
YBR160W,YGR028W,0,-7.569392,0.10374220460653305,0.9980000257492065,0.8622000217437744
YLR270W,YER174C,0,-7.569444,0.1037314236164093,0.9980000257492065,0.8622999787330627
YML058W,YKR014C,0,-7.5707254,0.10372064262628555,0.9980000257492065,0.8623999953269958
YFL022C,YMR129W,0,-7.571096,0.1037098616361618,0.9980000257492065,0.862500011920929
YLR262C,YGR285C,0,-7.571606,0.10369908809661865,0.9980000257492065,0.8626000285148621
YGR118W,YMR236W,0,-7.5722895,0.1036883145570755,0.9980000257492065,0.8626999855041504
YML074C,YML028W,0,-7.574158,0.10367754101753235,0.9980000257492065,0.8628000020980835
YBL022C,YDR312W,0,-7.5744395,0.1036667674779892,0.9980000257492065,0.8629000186920166
YPL262W,YAR035W,0,-7.575794,0.10365600138902664,0.9980000257492065,0.8629999756813049
YGL035C,YGL225W,0,-7.5771046,0.10364523530006409,0.9980000257492065,0.863099992275238
YLR074C,YDR036C,0,-7.578082,0.10363447666168213,0.9980000257492065,0.8632000088691711
YER020W,YHL002W,0,-7.578841,0.10362371802330017,0.9980000257492065,0.8633000254631042
YJL179W,YBR006W,0,-7.5789294,0.10361295938491821,0.9980000257492065,0.8633999824523926
YGR142W,YBR183W,0,-7.5807805,0.10360220074653625,0.9980000257492065,0.8634999990463257
YOL094C,YKL193C,1,-7.5828295,0.10369524359703064,0.9990000128746033,0.8634999990463257
YNL073W,YHL007C,0,-7.583919,0.10368448495864868,0.9990000128746033,0.8636000156402588
YDR523C,YNL160W,0,-7.584644,0.10367372632026672,0.9990000128746033,0.8636999726295471
YIL040W,YHR169W,0,-7.584926,0.10366296768188477,0.9990000128746033,0.8637999892234802
YIR008C,YDR412W,0,-7.585572,0.10365220904350281,0.9990000128746033,0.8639000058174133
YFL057C,YOR254C,0,-7.5856304,0.10364145785570145,0.9990000128746033,0.8640000224113464
YPR191W,YLR360W,0,-7.5866838,0.10363070666790009,0.9990000128746033,0.8640999794006348
YDL170W,YIL017C,0,-7.5878816,0.10361995548009872,0.9990000128746033,0.8641999959945679
YHR001W,YDL111C,0,-7.588113,0.10360921174287796,0.9990000128746033,0.864300012588501
YIL098C,YGL020C,0,-7.589444,0.1035984680056572,0.9990000128746033,0.8644000291824341
YOR267C,YKL126W,0,-7.589735,0.10358772426843643,0.9990000128746033,0.8644999861717224
YKR066C,YDL230W,0,-7.590235,0.10357698053121567,0.9990000128746033,0.8646000027656555
YOL040C,YNL257C,0,-7.5903316,0.1035662442445755,0.9990000128746033,0.8647000193595886
YGL035C,YGR123C,0,-7.5912447,0.10355550795793533,0.9990000128746033,0.864799976348877
YDR294C,YMR305C,0,-7.5917664,0.10354477912187576,0.9990000128746033,0.8648999929428101
YJL165C,YHR092C,0,-7.5927734,0.1035340428352356,0.9990000128746033,0.8650000095367432
YKR034W,YJL124C,0,-7.592942,0.10352331399917603,0.9990000128746033,0.8651000261306763
YLR246W,YDL039C,0,-7.5937533,0.10351259261369705,0.9990000128746033,0.8651999831199646
YBR213W,YGR080W,0,-7.593896,0.10350186377763748,0.9990000128746033,0.8652999997138977
YDR184C,YOR266W,0,-7.5946827,0.10349114239215851,0.9990000128746033,0.8654000163078308
YDR258C,YDR238C,0,-7.5964894,0.10348042100667953,0.9990000128746033,0.8654999732971191
YDR377W,YAL056W,0,-7.5967555,0.10346970707178116,0.9990000128746033,0.8655999898910522
YMR275C,YLR009W,0,-7.5967765,0.10345898568630219,0.9990000128746033,0.8657000064849854
YBR072W,YIL037C,0,-7.596794,0.1034482792019844,0.9990000128746033,0.8658000230789185
YML128C,YKR086W,0,-7.598229,0.10343756526708603,0.9990000128746033,0.8658999800682068
YNL065W,YOR316C,0,-7.5984964,0.10342685878276825,0.9990000128746033,0.8659999966621399
YLR384C,YOR049C,0,-7.59957,0.10341615229845047,0.9990000128746033,0.866100013256073
YML069W,YDR129C,0,-7.604071,0.10340544581413269,0.9990000128746033,0.8661999702453613
YNL173C,YPR133C,0,-7.6050677,0.10339473932981491,0.9990000128746033,0.8662999868392944
YJR074W,YDR165W,0,-7.6061764,0.10338404029607773,0.9990000128746033,0.8664000034332275
YJL053W,YBR273C,0,-7.6071496,0.10337334126234055,0.9990000128746033,0.8665000200271606
YLR270W,YMR013C,0,-7.610107,0.10336264967918396,0.9990000128746033,0.866599977016449
YMR049C,YER068W,0,-7.6110654,0.10335195809602737,0.9990000128746033,0.8666999936103821
YKL005C,YFL014W,0,-7.6116533,0.10334126651287079,0.9990000128746033,0.8668000102043152
YOR377W,YKL150W,0,-7.6117187,0.1033305749297142,0.9990000128746033,0.8669000267982483
YML113W,YBL024W,0,-7.6117854,0.10331989079713821,0.9990000128746033,0.8669999837875366
YMR162C,YIL007C,0,-7.611794,0.10330920666456223,0.9990000128746033,0.8671000003814697
YKL005C,YMR093W,0,-7.611795,0.10329852253198624,0.9990000128746033,0.8672000169754028
YOR145C,YDL043C,0,-7.61256,0.10328783839941025,0.9990000128746033,0.8672999739646912
YKL008C,YKR081C,0,-7.613712,0.10327716171741486,0.9990000128746033,0.8673999905586243
YDL132W,YGR289C,0,-7.614287,0.10326648503541946,0.9990000128746033,0.8675000071525574
YER036C,YGR281W,0,-7.6148214,0.10325581580400467,0.9990000128746033,0.8676000237464905
YBR143C,YOR083W,0,-7.616861,0.10324513912200928,0.9990000128746033,0.8676999807357788
YGR261C,YOR294W,0,-7.618096,0.10323446989059448,0.9990000128746033,0.8677999973297119
YKL026C,YGL124C,0,-7.6182675,0.10322380810976028,0.9990000128746033,0.867900013923645
YPL240C,YML069W,0,-7.6185246,0.10321313887834549,0.9990000128746033,0.8679999709129333
YNL142W,YNL177C,0,-7.6208367,0.10320247709751129,0.9990000128746033,0.8680999875068665
YOL158C,YDR176W,0,-7.6230702,0.1031918153166771,0.9990000128746033,0.8682000041007996
YKR024C,YLR262C,0,-7.624574,0.10318116098642349,0.9990000128746033,0.8683000206947327
YFR024C-A,YER072W,0,-7.6252937,0.10317050665616989,0.9990000128746033,0.868399977684021
YLR158C,YPR124W,0,-7.6252947,0.10315985232591629,0.9990000128746033,0.8684999942779541
YGR145W,YER021W,0,-7.625841,0.10314919799566269,0.9990000128746033,0.8686000108718872
YJR137C,YJL091C,0,-7.626742,0.10313855111598969,0.9990000128746033,0.8687000274658203
YER052C,YDL046W,0,-7.627184,0.10312790423631668,0.9990000128746033,0.8687999844551086
YOR079C,YKL152C,0,-7.6282763,0.10311725735664368,0.9990000128746033,0.8689000010490417
YER054C,YPR165W,0,-7.629446,0.10310661792755127,0.9990000128746033,0.8690000176429749
YDR513W,YGR251W,0,-7.632707,0.10309597849845886,0.9990000128746033,0.8690999746322632
YDL231C,YBL042C,0,-7.6337686,0.10308533906936646,0.9990000128746033,0.8691999912261963
YMR033W,YOR142W,0,-7.6342225,0.10307469964027405,0.9990000128746033,0.8693000078201294
YPL078C,YNL016W,0,-7.6346955,0.10306406766176224,0.9990000128746033,0.8694000244140625
YLR002C,YDR177W,0,-7.635538,0.10305343568325043,0.9990000128746033,0.8694999814033508
YDR171W,YBL046W,0,-7.6357083,0.10304280370473862,0.9990000128746033,0.8695999979972839
YLR155C,YER053C,0,-7.6365232,0.1030321791768074,0.9990000128746033,0.869700014591217
YJL100W,YDL150W,0,-7.636625,0.10302155464887619,0.9990000128746033,0.8697999715805054
YIL066C,YPR132W,0,-7.636703,0.10301093012094498,0.9990000128746033,0.8698999881744385
YNR001C,YMR207C,0,-7.636824,0.10300030559301376,0.9990000128746033,0.8700000047683716
YBR077C,YOR230W,0,-7.6377244,0.10298968851566315,0.9990000128746033,0.8701000213623047
YJL099W,YHR070W,0,-7.6381726,0.10297907143831253,0.9990000128746033,0.870199978351593
YML114C,YGR296W,0,-7.6385818,0.10296846181154251,0.9990000128746033,0.8702999949455261
YJR017C,YHR197W,0,-7.6390266,0.1029578447341919,0.9990000128746033,0.8704000115394592
YKL120W,YGL210W,0,-7.640486,0.10294723510742188,0.9990000128746033,0.8705000281333923
YMR001C,YCR075C,0,-7.64214,0.10293663293123245,0.9990000128746033,0.8705999851226807
YGR077C,YKR025W,0,-7.6430984,0.10292602330446243,0.9990000128746033,0.8707000017166138
YJL101C,YCR031C,0,-7.6442633,0.10291542112827301,0.9990000128746033,0.8708000183105469
YJL014W,YDR178W,0,-7.6450906,0.10290481895208359,0.9990000128746033,0.8708999752998352
YJR155W,YBL090W,0,-7.645187,0.10289422422647476,0.9990000128746033,0.8709999918937683
YKR038C,YOR243C,0,-7.6477146,0.10288362205028534,0.9990000128746033,0.8711000084877014
YDR480W,YOR185C,0,-7.648216,0.10287302732467651,0.9990000128746033,0.8712000250816345
YLR291C,YMR008C,0,-7.650608,0.10286244004964828,0.9990000128746033,0.8712999820709229
YPL146C,YIL016W,0,-7.6510234,0.10285184532403946,0.9990000128746033,0.871399998664856
YDL198C,YAL023C,0,-7.6518197,0.10284125804901123,0.9990000128746033,0.8715000152587891
YMR298W,YPR144C,0,-7.6531506,0.102830670773983,0.9990000128746033,0.8715999722480774
YOR061W,YOR230W,0,-7.654206,0.10282009094953537,0.9990000128746033,0.8716999888420105
YER174C,YJR073C,0,-7.654227,0.10280951112508774,0.9990000128746033,0.8718000054359436
YJL020C,YGL006W,0,-7.654249,0.1027989313006401,0.9990000128746033,0.8719000220298767
YDR216W,YOR341W,0,-7.6544914,0.10278835147619247,0.9990000128746033,0.871999979019165
YJL111W,YKL034W,0,-7.654609,0.10277777910232544,0.9990000128746033,0.8720999956130981
YJL042W,YDR297W,0,-7.6555896,0.1027672067284584,0.9990000128746033,0.8722000122070312
YPL146C,YOR045W,0,-7.6557603,0.10275663435459137,0.9990000128746033,0.8723000288009644
YPL262W,YIL007C,0,-7.6560087,0.10274606943130493,0.9990000128746033,0.8723999857902527
YGR284C,YOL111C,0,-7.6560717,0.1027354970574379,0.9990000128746033,0.8725000023841858
YMR035W,YLR167W,0,-7.6566644,0.10272493213415146,0.9990000128746033,0.8726000189781189
YDL226C,YDR037W,0,-7.658362,0.10271437466144562,0.9990000128746033,0.8726999759674072
YKR055W,YGL255W,0,-7.658621,0.10270381718873978,0.9990000128746033,0.8727999925613403
YBR132C,YPL112C,0,-7.65962,0.10269325971603394,0.9990000128746033,0.8729000091552734
YDR245W,YLL011W,0,-7.6600113,0.1026827022433281,0.9990000128746033,0.8730000257492065
YMR092C,YCR020W-B,0,-7.6608434,0.10267214477062225,0.9990000128746033,0.8730999827384949
YIL098C,YDR481C,0,-7.66351,0.10266159474849701,0.9990000128746033,0.873199999332428
YDR184C,YCL051W,0,-7.6639504,0.10265104472637177,0.9990000128746033,0.8733000159263611
YDL174C,YCR024C-A,0,-7.663985,0.10264050215482712,0.9990000128746033,0.8733999729156494
YBL099W,YOL123W,0,-7.6657195,0.10262995958328247,0.9990000128746033,0.8734999895095825
YLR158C,YPL096W,0,-7.6692247,0.10261941701173782,0.9990000128746033,0.8736000061035156
YJL143W,YKR056W,0,-7.669505,0.10260887444019318,0.9990000128746033,0.8737000226974487
YKR067W,YCR024C-A,0,-7.6703715,0.10259833931922913,0.9990000128746033,0.8737999796867371
YMR128W,YAL023C,0,-7.6718383,0.10258779674768448,0.9990000128746033,0.8738999962806702
YOL151W,YGL144C,0,-7.672344,0.10257726907730103,0.9990000128746033,0.8740000128746033
YFL005W,YHR206W,0,-7.6728225,0.10256673395633698,0.9990000128746033,0.8741000294685364
YOR046C,YHR027C,0,-7.6731095,0.10255620628595352,0.9990000128746033,0.8741999864578247
YGR204W,YPL053C,0,-7.673245,0.10254567861557007,0.9990000128746033,0.8743000030517578
YNL142W,YDR245W,0,-7.673924,0.10253515094518661,0.9990000128746033,0.8744000196456909
YHR007C,YPR131C,0,-7.6750264,0.10252463072538376,0.9990000128746033,0.8744999766349792
YIL044C,YMR298W,0,-7.6761427,0.1025141105055809,0.9990000128746033,0.8745999932289124
YLR347C,YNL002C,0,-7.676913,0.10250359028577805,0.9990000128746033,0.8747000098228455
YFL048C,YER082C,0,-7.677141,0.10249307751655579,0.9990000128746033,0.8748000264167786
YKL213C,YOR230W,0,-7.6786366,0.10248255729675293,0.9990000128746033,0.8748999834060669
YPR175W,YDR055W,0,-7.6789594,0.10247205197811127,0.9990000128746033,0.875
YGR261C,YBR169C,0,-7.681199,0.10246153920888901,0.9990000128746033,0.8751000165939331
YHR200W,YKL028W,0,-7.6823945,0.10245103389024734,0.9990000128746033,0.8751999735832214
YFL056C,YGR142W,0,-7.6827083,0.10244052857160568,0.9990000128746033,0.8752999901771545
YGR007W,YKL082C,0,-7.683206,0.10243002325296402,0.9990000128746033,0.8754000067710876
YJR025C,YPL022W,0,-7.6832485,0.10241951793432236,0.9990000128746033,0.8755000233650208
YOL071W,YDR238C,0,-7.6834655,0.10240902006626129,0.9990000128746033,0.8755999803543091
YJR064W,YKL213C,0,-7.6848607,0.10239852219820023,0.9990000128746033,0.8756999969482422
YOR018W,YHR070W,0,-7.685,0.10238803178071976,0.9990000128746033,0.8758000135421753
YOR151C,YPR041W,0,-7.686876,0.10237753391265869,0.9990000128746033,0.8758999705314636
YEL017C-A,YOR327C,0,-7.6869826,0.10236704349517822,0.9990000128746033,0.8759999871253967
YBR079C,YKR060W,0,-7.6873293,0.10235656052827835,0.9990000128746033,0.8761000037193298
YKL043W,YJL139C,0,-7.687373,0.10234607011079788,0.9990000128746033,0.8762000203132629
YER020W,YGR055W,0,-7.6882396,0.10233558714389801,0.9990000128746033,0.8762999773025513
YOR036W,YML045W,0,-7.6884623,0.10232510417699814,0.9990000128746033,0.8763999938964844
YDR339C,YPL094C,0,-7.6904173,0.10231462866067886,0.9990000128746033,0.8765000104904175
YML086C,YDR178W,0,-7.6905613,0.10230414569377899,0.9990000128746033,0.8766000270843506
YPR154W,YER012W,0,-7.6907735,0.10229367017745972,0.9990000128746033,0.8766999840736389
YHL034C,YDR178W,0,-7.692447,0.10228320211172104,0.9990000128746033,0.876800000667572
YLR291C,YMR139W,0,-7.6947246,0.10227272659540176,0.9990000128746033,0.8769000172615051
YDR202C,YGR195W,0,-7.6962895,0.10226225852966309,0.9990000128746033,0.8769999742507935
YLR157C,YPL248C,0,-7.696867,0.10225179046392441,0.9990000128746033,0.8770999908447266
YOR078W,YDR296W,0,-7.697376,0.10224132984876633,0.9990000128746033,0.8772000074386597
YDL014W,YEL017C-A,0,-7.6975827,0.10223086178302765,0.9990000128746033,0.8773000240325928
YOL142W,YIL039W,0,-7.6984878,0.10222040116786957,0.9990000128746033,0.8773999810218811
YDR517W,YML091C,0,-7.6991267,0.10220994800329208,0.9990000128746033,0.8774999976158142
YPL265W,YOR076C,0,-7.6995544,0.102199487388134,0.9990000128746033,0.8776000142097473
YDL036C,YCR083W,0,-7.7039514,0.10218903422355652,0.9990000128746033,0.8776999711990356
YBR086C,YLL012W,0,-7.7047377,0.10217858105897903,0.9990000128746033,0.8777999877929688
YPL110C,YPL058C,0,-7.705796,0.10216813534498215,0.9990000128746033,0.8779000043869019
YPR144C,YOL117W,0,-7.7059417,0.10215768218040466,0.9990000128746033,0.878000020980835
YGR177C,YDR221W,0,-7.706069,0.10214723646640778,0.9990000128746033,0.8780999779701233
YPL204W,YKL193C,1,-7.706424,0.10223903506994247,1.0,0.8780999779701233
YER177W,YOL139C,0,-7.707949,0.10222858190536499,1.0,0.8781999945640564
YNR016C,YOR332W,0,-7.709191,0.1022181361913681,1.0,0.8783000111579895
YPL212C,YPR041W,0,-7.7096887,0.10220768302679062,1.0,0.8784000277519226
YCR072C,YER072W,0,-7.7102213,0.10219723731279373,1.0,0.8784999847412109
YBR145W,YBL024W,0,-7.7107058,0.10218679904937744,1.0,0.878600001335144
YDR174W,YHR088W,0,-7.710824,0.10217635333538055,1.0,0.8787000179290771
YGL062W,YIL017C,0,-7.71103,0.10216591507196426,1.0,0.8787999749183655
YMR211W,YKL126W,0,-7.71175,0.10215548425912857,1.0,0.8788999915122986
YPR165W,YLL011W,0,-7.7137284,0.10214504599571228,1.0,0.8790000081062317
YNR034W,YIL077C,0,-7.714267,0.10213461518287659,1.0,0.8791000247001648
YAR015W,YDR212W,0,-7.7146535,0.1021241843700409,1.0,0.8791999816894531
YKL082C,YGR211W,0,-7.7146807,0.1021137535572052,1.0,0.8792999982833862
YLR158C,YHR133C,0,-7.715512,0.1021033301949501,1.0,0.8794000148773193
YDL087C,YPR080W,0,-7.7162914,0.10209290683269501,1.0,0.8794999718666077
YPL100W,YDL031W,0,-7.716836,0.10208248347043991,1.0,0.8795999884605408
YKL120W,YGR095C,0,-7.718556,0.10207206010818481,1.0,0.8797000050544739
YCL038C,YGR142W,0,-7.7188344,0.10206164419651031,1.0,0.879800021648407
YGR178C,YLR197W,0,-7.7196264,0.10205122828483582,1.0,0.8798999786376953
YJR002W,YGL030W,0,-7.719888,0.10204081982374191,1.0,0.8799999952316284
YJR064W,YOL127W,0,-7.7203417,0.10203040391206741,1.0,0.8801000118255615
YKL026C,YMR200W,0,-7.7203903,0.10201999545097351,1.0,0.8802000284194946
YDR060W,YBR061C,0,-7.7208934,0.10200958698987961,1.0,0.880299985408783
YDL085W,YBR077C,0,-7.722504,0.1019991859793663,1.0,0.8804000020027161
YBR278W,YJL069C,0,-7.7266164,0.1019887775182724,1.0,0.8805000185966492
YDR385W,YBR037C,0,-7.72876,0.10197838395833969,1.0,0.8805999755859375
YHR001W-A,YLL012W,0,-7.728946,0.10196798294782639,1.0,0.8806999921798706
YHR052W,YLR095C,0,-7.7308025,0.10195758193731308,1.0,0.8808000087738037
YKL204W,YER001W,0,-7.7313867,0.10194718837738037,1.0,0.8809000253677368
YDR302W,YBR082C,0,-7.732158,0.10193680226802826,1.0,0.8809999823570251
YHR038W,YDR346C,0,-7.732715,0.10192640870809555,1.0,0.8810999989509583
YER162C,YKL144C,0,-7.732937,0.10191602259874344,1.0,0.8812000155448914
YMR049C,YNL309W,0,-7.7330146,0.10190563648939133,1.0,0.8812999725341797
YJR155W,YDR469W,0,-7.733505,0.10189525038003922,1.0,0.8813999891281128
YOR095C,YHR205W,0,-7.73362,0.1018848717212677,1.0,0.8815000057220459
YIR004W,YDR297W,0,-7.7349534,0.10187449306249619,1.0,0.881600022315979
YPL212C,YPL218W,0,-7.7353454,0.10186411440372467,1.0,0.8816999793052673
YHR030C,YNL202W,0,-7.7364407,0.10185373574495316,1.0,0.8817999958992004
YEL027W,YPL154C,0,-7.7384,0.10184336453676224,1.0,0.8819000124931335
YOR288C,YIR026C,0,-7.740999,0.10183299332857132,1.0,0.8820000290870667
YPR020W,YOR185C,0,-7.7414355,0.1018226221203804,1.0,0.882099986076355
YML067C,YOR185C,0,-7.7415876,0.10181225836277008,1.0,0.8822000026702881
YFL057C,YBR068C,0,-7.741883,0.10180189460515976,1.0,0.8823000192642212
YBL020W,YGL229C,0,-7.7423306,0.10179153084754944,1.0,0.8823999762535095
YER044C,YPR143W,0,-7.7434597,0.10178116708993912,1.0,0.8824999928474426
YDR188W,YER103W,0,-7.747171,0.1017708107829094,1.0,0.8826000094413757
YNL001W,YGL045W,0,-7.7472796,0.10176045447587967,1.0,0.8827000260353088
YBL047C,YKR038C,0,-7.7485023,0.10175009816884995,1.0,0.8827999830245972
YDL113C,YLR130C,0,-7.748674,0.10173974931240082,1.0,0.8828999996185303
YDL031W,YDR098C,0,-7.7495327,0.10172940045595169,1.0,0.8830000162124634
YER157W,YDR273W,0,-7.7511587,0.10171905159950256,1.0,0.8830999732017517
YDR361C,YPL159C,0,-7.7518015,0.10170870274305344,1.0,0.8831999897956848
YLR028C,YOR224C,0,-7.7521033,0.1016983613371849,1.0,0.8833000063896179
YJR155W,YDR293C,0,-7.755735,0.10168801993131638,1.0,0.883400022983551
YNL111C,YOR187W,0,-7.7575984,0.10167767852544785,1.0,0.8834999799728394
YER154W,YOR254C,0,-7.759769,0.10166734457015991,1.0,0.8835999965667725
YBR066C,YBR037C,0,-7.7613807,0.10165701061487198,1.0,0.8837000131607056
YPL050C,YNR034W,0,-7.761707,0.10164667665958405,1.0,0.8838000297546387
YGR159C,YJL026W,0,-7.7617564,0.10163634270429611,1.0,0.883899986743927
YDL004W,YHR069C,0,-7.7623267,0.10162601619958878,1.0,0.8840000033378601
YDR216W,YDL112W,0,-7.7636714,0.10161568969488144,1.0,0.8841000199317932
YKL026C,YGR289C,0,-7.7636914,0.1016053631901741,1.0,0.8841999769210815
YEL036C,YKL099C,0,-7.7640653,0.10159504413604736,1.0,0.8842999935150146
YCL035C,YIL123W,0,-7.7673945,0.10158472508192062,1.0,0.8844000101089478
YDL029W,YDR225W,0,-7.767971,0.10157440602779388,1.0,0.8845000267028809
YNL001W,YBL050W,0,-7.7686925,0.10156408697366714,1.0,0.8845999836921692
YLR193C,YGR285C,0,-7.7710123,0.101553775370121,1.0,0.8847000002861023
YDL148C,YGR090W,0,-7.7726665,0.10154346376657486,1.0,0.8848000168800354
YER169W,YPL234C,0,-7.77506,0.10153315216302872,1.0,0.8848999738693237
YBL098W,YPR081C,0,-7.775722,0.10152284055948257,1.0,0.8849999904632568
YER154W,YGR118W,0,-7.7819023,0.10151253640651703,1.0,0.8851000070571899
YKR039W,YLR305C,0,-7.7820864,0.10150223225355148,1.0,0.885200023651123
YCR026C,YNL113W,0,-7.78274,0.10149192810058594,1.0,0.8852999806404114
YMR026C,YMR061W,0,-7.783675,0.10148163139820099,1.0,0.8853999972343445
YBR026C,YMR273C,0,-7.7838206,0.10147133469581604,1.0,0.8855000138282776
YNL286W,YKR038C,0,-7.785007,0.10146103799343109,1.0,0.8855999708175659
YOR116C,YOR148C,0,-7.7868094,0.10145074874162674,1.0,0.885699987411499
YMR096W,YNL197C,0,-7.7884073,0.10144045203924179,1.0,0.8858000040054321
YDR339C,YIL013C,0,-7.789544,0.10143016278743744,1.0,0.8859000205993652
YLR136C,YIL017C,0,-7.789702,0.10141988098621368,1.0,0.8859999775886536
YGR103W,YIL038C,0,-7.7909713,0.10140959173440933,1.0,0.8860999941825867
YEL034W,YDR487C,0,-7.791603,0.10139930993318558,1.0,0.8862000107765198
YER165W,YMR156C,0,-7.7917566,0.10138902813196182,1.0,0.8863000273704529
YGR268C,YER161C,0,-7.7935243,0.10137875378131866,1.0,0.8863999843597412
YLR347C,YOL124C,0,-7.7955785,0.10136847198009491,1.0,0.8865000009536743
YER179W,YGR082W,0,-7.7967277,0.10135819762945175,1.0,0.8866000175476074
YCR012W,YPR132W,0,-7.7981524,0.10134793072938919,1.0,0.8866999745368958
YHR072W,YER025W,0,-7.800985,0.10133765637874603,1.0,0.8867999911308289
YPL269W,YNR053C,0,-7.8012114,0.10132738947868347,1.0,0.886900007724762
YLR342W,YGR220C,0,-7.8038974,0.10131712257862091,1.0,0.8870000243186951
YPR052C,YNL339C,0,-7.8042545,0.10130685567855835,1.0,0.8870999813079834
YGR264C,YPR024W,0,-7.804654,0.10129659622907639,1.0,0.8871999979019165
YDR037W,YLR066W,0,-7.8064504,0.10128633677959442,1.0,0.8873000144958496
YGL065C,YGR178C,0,-7.8088727,0.10127607733011246,1.0,0.8873999714851379
YCR098C,YIL123W,0,-7.8099856,0.10126582533121109,1.0,0.887499988079071
YGR103W,YHL007C,0,-7.810244,0.10125556588172913,1.0,0.8876000046730042
YBR093C,YEL012W,0,-7.8113594,0.10124531388282776,1.0,0.8877000212669373
YER003C,YIR012W,0,-7.8115535,0.10123506933450699,1.0,0.8877999782562256
YKL144C,YLL012W,0,-7.8116755,0.10122481733560562,1.0,0.8878999948501587
YDR361C,YJR025C,0,-7.813166,0.10121457278728485,1.0,0.8880000114440918
YKL192C,YPL234C,0,-7.8142967,0.10120432823896408,1.0,0.8881000280380249
YDL004W,YAR035W,0,-7.8160167,0.10119409114122391,1.0,0.8881999850273132
YDR414C,YKL038W,0,-7.816342,0.10118385404348373,1.0,0.8883000016212463
YMR149W,YJL045W,0,-7.8168783,0.10117361694574356,1.0,0.8884000182151794
YCL025C,YDR484W,0,-7.8179193,0.10116337984800339,1.0,0.8884999752044678
YGL030W,YMR243C,0,-7.8180356,0.10115314275026321,1.0,0.8885999917984009
YHR193C,YLR080W,0,-7.8187413,0.10114291310310364,1.0,0.888700008392334
YKL016C,YKL035W,0,-7.819077,0.10113268345594406,1.0,0.8888000249862671
YDR205W,YJL190C,0,-7.8194065,0.10112246125936508,1.0,0.8888999819755554
YMR072W,YFR051C,0,-7.8216147,0.1011122316122055,1.0,0.8889999985694885
YER038C,YGR008C,0,-7.8220096,0.10110200941562653,1.0,0.8891000151634216
YDL132W,YBR105C,0,-7.8223457,0.10109179466962814,1.0,0.88919997215271
YKL192C,YIR026C,0,-7.8229575,0.10108157247304916,1.0,0.8892999887466431
YKL085W,YNL119W,0,-7.824338,0.10107135772705078,1.0,0.8894000053405762
YGL032C,YIR012W,0,-7.8248124,0.1010611429810524,1.0,0.8895000219345093
YKL084W,YCL051W,0,-7.8251805,0.10105092823505402,1.0,0.8895999789237976
YNL111C,YIR018W,0,-7.82624,0.10104072093963623,1.0,0.8896999955177307
YDR329C,YKL144C,0,-7.8264127,0.10103051364421844,1.0,0.8898000121116638
YMR128W,YMR197C,0,-7.8268685,0.10102030634880066,1.0,0.8899000287055969
YJL219W,YPR187W,0,-7.827845,0.10101009905338287,1.0,0.8899999856948853
YPL086C,YNL264C,0,-7.828129,0.10099989920854568,1.0,0.8901000022888184
YGR248W,YDR416W,0,-7.8289948,0.1009896993637085,1.0,0.8902000188827515
YNL202W,YJL093C,0,-7.829966,0.10097949951887131,1.0,0.8902999758720398
YOR153W,YDR059C,0,-7.831173,0.10096930712461472,1.0,0.8903999924659729
YGR097W,YER126C,0,-7.8316846,0.10095911473035812,1.0,0.890500009059906
YMR235C,YLL011W,0,-7.832357,0.10094892233610153,1.0,0.8906000256538391
YHR052W,YBR216C,0,-7.8352985,0.10093872994184494,1.0,0.8906999826431274
YDR121W,YPR041W,0,-7.8354955,0.10092854499816895,1.0,0.8907999992370605
YHR027C,YGR211W,0,-7.8373094,0.10091836005449295,1.0,0.8909000158309937
YPR101W,YIL039W,0,-7.8375616,0.10090817511081696,1.0,0.890999972820282
YER168C,YKL188C,0,-7.8399696,0.10089799016714096,1.0,0.8910999894142151
YDL042C,YDR297W,0,-7.841198,0.10088781267404556,1.0,0.8912000060081482
YFL025C,YGL120C,0,-7.8426104,0.10087763518095016,1.0,0.8913000226020813
YDR173C,YPL011C,0,-7.842926,0.10086745768785477,1.0,0.8913999795913696
YLR153C,YLR002C,0,-7.8430915,0.10085728764533997,1.0,0.8914999961853027
YLR060W,YDR170C,0,-7.8455358,0.10084711760282516,1.0,0.8916000127792358
YLR418C,YPR010C,0,-7.8471904,0.10083694756031036,1.0,0.891700029373169
YDL223C,YMR101C,0,-7.8479705,0.10082677751779556,1.0,0.8917999863624573
YGR142W,YMR149W,0,-7.8479953,0.10081661492586136,1.0,0.8919000029563904
YFL045C,YBR182C,0,-7.84808,0.10080645233392715,1.0,0.8920000195503235
YDR087C,YKL212W,0,-7.8485136,0.10079628974199295,1.0,0.8920999765396118
YOR046C,YIL101C,0,-7.8495607,0.10078613460063934,1.0,0.8921999931335449
YGL195W,YMR296C,0,-7.8505635,0.10077597200870514,1.0,0.892300009727478
YBR026C,YCR020W-B,0,-7.8528585,0.10076581686735153,1.0,0.8924000263214111
YHL040C,YDR245W,0,-7.853427,0.10075566917657852,1.0,0.8924999833106995
YPR190C,YAL001C,0,-7.8538384,0.10074551403522491,1.0,0.8925999999046326
YGR081C,YPR182W,0,-7.854015,0.1007353663444519,1.0,0.8927000164985657
YOR056C,YDR487C,0,-7.855504,0.1007252186536789,1.0,0.892799973487854
YHR038W,YOR294W,0,-7.856808,0.10071507841348648,1.0,0.8928999900817871
YLR208W,YPR016C,0,-7.8574686,0.10070493817329407,1.0,0.8930000066757202
YNR016C,YBR162C,0,-7.8578205,0.10069479048252106,1.0,0.8931000232696533
YMR049C,YDR427W,0,-7.859114,0.10068465769290924,1.0,0.8931999802589417
YCL038C,YOR348C,0,-7.8636055,0.10067451745271683,1.0,0.8932999968528748
YBL026W,YDL201W,0,-7.864152,0.10066438466310501,1.0,0.8934000134468079
YGL027C,YJL098W,0,-7.8660083,0.1006542518734932,1.0,0.8934999704360962
YOL147C,YMR139W,0,-7.8660607,0.10064411908388138,1.0,0.8935999870300293
YDL097C,YCR061W,0,-7.866221,0.10063399374485016,1.0,0.8937000036239624
YOR380W,YNL244C,0,-7.867385,0.10062386840581894,1.0,0.8938000202178955
YER017C,YHR007C,0,-7.8682323,0.10061374306678772,1.0,0.8938999772071838
YPL042C,YPR016C,0,-7.8684707,0.1006036251783371,1.0,0.8939999938011169
YKR034W,YDL150W,0,-7.868585,0.10059349983930588,1.0,0.89410001039505
YLR191W,YDR449C,0,-7.870029,0.10058338195085526,1.0,0.8942000269889832
YLR074C,YGL093W,0,-7.8705354,0.10057326406240463,1.0,0.8942999839782715
YFR051C,YGL255W,0,-7.870822,0.1005631536245346,1.0,0.8944000005722046
YKL002W,YBR026C,0,-7.8721595,0.10055304318666458,1.0,0.8945000171661377
YLR158C,YHR039C,0,-7.8728595,0.10054293274879456,1.0,0.894599974155426
YHL040C,YOR099W,0,-7.8735757,0.10053282231092453,1.0,0.8946999907493591
YGL011C,YGR185C,0,-7.8739905,0.1005227193236351,1.0,0.8948000073432922
YMR136W,YJL047C,0,-7.875032,0.10051261633634567,1.0,0.8949000239372253
YDR075W,YDR395W,0,-7.8757024,0.10050251334905624,1.0,0.8949999809265137
YHL003C,YKL143W,0,-7.8771777,0.10049241036176682,1.0,0.8950999975204468
YHR169W,YPL112C,0,-7.8774276,0.10048231482505798,1.0,0.8952000141143799
YOL123W,YPR101W,0,-7.878011,0.10047221928834915,1.0,0.8952999711036682
YNL156C,YNL099C,0,-7.8780303,0.10046212375164032,1.0,0.8953999876976013
YOR040W,YKL148C,0,-7.879212,0.10045203566551208,1.0,0.8955000042915344
YBR243C,YLR158C,0,-7.880414,0.10044194757938385,1.0,0.8956000208854675
YDR171W,YGR072W,0,-7.880803,0.10043185949325562,1.0,0.8956999778747559
YKR046C,YOR194C,0,-7.880865,0.10042177140712738,1.0,0.895799994468689
YGR248W,YDR463W,0,-7.881159,0.10041169077157974,1.0,0.8959000110626221
YMR015C,YGL113W,0,-7.8813825,0.1004016101360321,1.0,0.8960000276565552
YGL236C,YLR305C,0,-7.8814487,0.10039152950048447,1.0,0.8960999846458435
YJL194W,YER052C,0,-7.881767,0.10038144886493683,1.0,0.8962000012397766
YDL231C,YOL044W,0,-7.8822036,0.10037137567996979,1.0,0.8963000178337097
YGR192C,YOL097C,0,-7.8826003,0.10036130249500275,1.0,0.896399974822998
YGR230W,YAL038W,0,-7.883287,0.1003512293100357,1.0,0.8964999914169312
YDL231C,YOR040W,0,-7.8834906,0.10034116357564926,1.0,0.8966000080108643
YDR190C,YOR003W,0,-7.885159,0.10033109039068222,1.0,0.8967000246047974
YHR055C,YOL066C,0,-7.8867164,0.10032102465629578,1.0,0.8967999815940857
YGL084C,YOL045W,0,-7.888106,0.10031096637248993,1.0,0.8968999981880188
YBR004C,YCL017C,0,-7.890646,0.10030090063810349,1.0,0.8970000147819519
YLR009W,YFL058W,0,-7.8923955,0.10029084235429764,1.0,0.8970999717712402
YDR258C,YKL148C,0,-7.8927827,0.10028078407049179,1.0,0.8971999883651733
YIR017C,YOR206W,0,-7.8959517,0.10027073323726654,1.0,0.8973000049591064
YIL125W,YBR055C,0,-7.8960524,0.1002606749534607,1.0,0.8974000215530396
YHL011C,YOL113W,0,-7.896187,0.10025062412023544,1.0,0.8974999785423279
YJR033C,YBR002C,0,-7.8977275,0.10024058073759079,1.0,0.897599995136261
YNL291C,YOR206W,0,-7.8981566,0.10023052990436554,1.0,0.8977000117301941
YLR008C,YGR279C,0,-7.899848,0.10022048652172089,1.0,0.8978000283241272
YGL180W,YNR054C,0,-7.9024515,0.10021044313907623,1.0,0.8978999853134155
YEL034W,YNL119W,0,-7.905139,0.10020039975643158,1.0,0.8980000019073486
YDR299W,YGR070W,0,-7.905583,0.10019036382436752,1.0,0.8981000185012817
YOR040W,YDL170W,0,-7.9062886,0.10018032789230347,1.0,0.8981999754905701
YGL209W,YLR007W,0,-7.9064717,0.10017029196023941,1.0,0.8982999920845032
YDL148C,YMR183C,0,-7.9079514,0.10016025602817535,1.0,0.8984000086784363
YKR059W,YDR247W,0,-7.908146,0.1001502275466919,1.0,0.8985000252723694
YIR017C,YOR328W,0,-7.9103017,0.10014019906520844,1.0,0.8985999822616577
YOR032C,YBR169C,0,-7.910341,0.10013017058372498,1.0,0.8986999988555908
YHR052W,YDR135C,0,-7.9104943,0.10012014210224152,1.0,0.8988000154495239
YDR385W,YDR339C,0,-7.9113793,0.10011012107133865,1.0,0.8988999724388123
YDR412W,YDR177W,0,-7.911566,0.10010010004043579,1.0,0.8989999890327454
YOR133W,YLR212C,0,-7.9116783,0.10009007900953293,1.0,0.8991000056266785
YCR005C,YNL003C,0,-7.9123664,0.10008006542921066,1.0,0.8992000222206116
YLR264W,YBR182C,0,-7.9173083,0.1000700518488884,1.0,0.8992999792098999
YAL044C,YMR235C,0,-7.920463,0.10006003826856613,1.0,0.899399995803833
YBL024W,YER154W,0,-7.9206595,0.10005002468824387,1.0,0.8995000123977661
YPR138C,YHR065C,0,-7.9221344,0.1000400185585022,1.0,0.8996000289916992
YPL160W,YBR207W,0,-7.9236116,0.10003001242876053,1.0,0.8996999859809875
YMR091C,YBR169C,0,-7.923952,0.10002000629901886,1.0,0.8998000025749207
YNR019W,YBR118W,0,-7.924153,0.10001000016927719,1.0,0.8999000191688538
YBL026W,YGR280C,0,-7.9243345,0.10000000149011612,1.0,0.8999999761581421
YMR015C,YJR050W,0,-7.9243503,0.09999000281095505,1.0,0.9000999927520752
YHR030C,YJR019C,0,-7.9249005,0.09998000413179398,1.0,0.9002000093460083
YOR348C,YOR329C,0,-7.927096,0.0999700054526329,1.0,0.9003000259399414
YCR005C,YDR120C,0,-7.931198,0.09996001422405243,1.0,0.9003999829292297
YPL086C,YMR214W,0,-7.9319777,0.09995002299547195,1.0,0.9004999995231628
YLR332W,YMR149W,0,-7.9334173,0.09994003921747208,1.0,0.900600016117096
YGR142W,YMR243C,0,-7.9340615,0.0999300479888916,1.0,0.9006999731063843
YNL001W,YPL152W,0,-7.9355245,0.09992006421089172,1.0,0.9007999897003174
YMR277W,YIR037W,0,-7.93572,0.09991008043289185,1.0,0.9009000062942505
YDR141C,YIL155C,0,-7.937947,0.09990009665489197,1.0,0.9010000228881836
YML012W,YDR388W,0,-7.938014,0.09989012032747269,1.0,0.9010999798774719
YOL010W,YFL045C,0,-7.9394426,0.0998801440000534,1.0,0.901199996471405
YDR465C,YBR061C,0,-7.940744,0.09987016767263412,1.0,0.9013000130653381
YGL030W,YPL214C,0,-7.943927,0.09986019879579544,1.0,0.9014000296592712
YLR175W,YOR288C,0,-7.94441,0.09985022246837616,1.0,0.9014999866485596
YBR083W,YLR396C,0,-7.945226,0.09984025359153748,1.0,0.9016000032424927
YJR025C,YMR049C,0,-7.950249,0.09983029216527939,1.0,0.9017000198364258
YKL114C,YMR012W,0,-7.9518914,0.0998203232884407,1.0,0.9017999768257141
YGL035C,YDR353W,0,-7.953234,0.09981036186218262,1.0,0.9018999934196472
YPL119C,YDR190C,0,-7.9537807,0.09980040043592453,1.0,0.9020000100135803
YGR108W,YDL181W,0,-7.95443,0.09979043900966644,1.0,0.9021000266075134
YDR427W,YGR211W,0,-7.955788,0.09978048503398895,1.0,0.9021999835968018
YJL089W,YPR036W,0,-7.9578905,0.09977053105831146,1.0,0.9023000001907349
YKR036C,YKR046C,0,-7.9611993,0.09976057708263397,1.0,0.902400016784668
YJL157C,YOR132W,0,-7.961626,0.09975062310695648,1.0,0.9024999737739563
YKR066C,YDR294C,0,-7.962464,0.09974067658185959,1.0,0.9025999903678894
YKL114C,YCR005C,0,-7.963471,0.0997307300567627,1.0,0.9027000069618225
YDR375C,YGL029W,0,-7.9639935,0.0997207835316658,1.0,0.9028000235557556
YBR041W,YOL010W,0,-7.9647245,0.09971083700656891,1.0,0.902899980545044
YIL160C,YGL049C,0,-7.9666348,0.09970089793205261,1.0,0.902999997138977
YNL270C,YBR072W,0,-7.9670315,0.09969095885753632,1.0,0.9031000137329102
YIL062C,YNR003C,0,-7.969091,0.09968101978302002,1.0,0.9031999707221985
YJL013C,YOL020W,0,-7.9704638,0.09967108815908432,1.0,0.9032999873161316
YNL004W,YKL150W,0,-7.970807,0.09966114908456802,1.0,0.9034000039100647
YDR508C,YOR018W,0,-7.97145,0.09965121746063232,1.0,0.9035000205039978
YLR219W,YJL048C,0,-7.972465,0.09964129328727722,1.0,0.9035999774932861
YJR073C,YNL026W,0,-7.974097,0.09963136166334152,1.0,0.9036999940872192
YOR116C,YDL083C,0,-7.9753594,0.09962143748998642,1.0,0.9038000106811523
YKR024C,YGR141W,0,-7.9777966,0.09961151331663132,1.0,0.9039000272750854
YNL065W,YHL025W,0,-7.979607,0.09960159659385681,1.0,0.9039999842643738
YLR401C,YNL003C,0,-7.9797378,0.09959167242050171,1.0,0.9041000008583069
YKL084W,YDL130W,0,-7.9802036,0.0995817556977272,1.0,0.90420001745224
YBR185C,YPL146C,0,-7.9808936,0.0995718389749527,1.0,0.9042999744415283
YKL093W,YDR156W,0,-7.9811363,0.09956192970275879,1.0,0.9043999910354614
YLR347C,YPR132W,0,-7.982571,0.09955201297998428,1.0,0.9045000076293945
YPR167C,YOL143C,0,-7.983462,0.09954210370779037,1.0,0.9046000242233276
YDR225W,YDL130W-A,0,-7.9838724,0.09953220188617706,1.0,0.904699981212616
YER110C,YKL093W,0,-7.986634,0.09952229261398315,1.0,0.9047999978065491
YBL033C,YLR372W,0,-7.9867744,0.09951239079236984,1.0,0.9049000144004822
YML057W,YBR002C,0,-7.989163,0.09950248897075653,1.0,0.9049999713897705
YEL032W,YOL111C,0,-7.9897904,0.09949258714914322,1.0,0.9050999879837036
YOR119C,YPL026C,0,-7.9904366,0.0994826927781105,1.0,0.9052000045776367
YOL139C,YOR168W,0,-7.99133,0.09947279095649719,1.0,0.9053000211715698
YOR001W,YLR466W,0,-7.9916472,0.09946290403604507,1.0,0.9053999781608582
YDR173C,YPL059W,0,-7.9928293,0.09945300966501236,1.0,0.9054999947547913
YKR039W,YML043C,0,-7.995612,0.09944311529397964,1.0,0.9056000113487244
YNL065W,YIR004W,0,-7.997915,0.09943322837352753,1.0,0.9057000279426575
YBL042C,YOL033W,0,-7.998627,0.09942334145307541,1.0,0.9057999849319458
YKL099C,YJL154C,0,-8.002085,0.09941346198320389,1.0,0.9059000015258789
YKL165C,YJL036W,0,-8.002232,0.09940357506275177,1.0,0.906000018119812
YBR058C-A,YLR003C,0,-8.0030575,0.09939369559288025,1.0,0.9060999751091003
YBR288C,YJL166W,0,-8.003229,0.09938382357358932,1.0,0.9061999917030334
YML123C,YOR140W,0,-8.004211,0.0993739441037178,1.0,0.9063000082969666
YOR095C,YPL175W,0,-8.005772,0.09936407208442688,1.0,0.9064000248908997
YER127W,YLR163C,0,-8.006236,0.09935420006513596,1.0,0.906499981880188
YBR093C,YIL114C,0,-8.006819,0.09934432804584503,1.0,0.9065999984741211
YPR144C,YDR464W,0,-8.011151,0.09933445602655411,1.0,0.9067000150680542
YDR206W,YLR355C,0,-8.012069,0.09932459145784378,1.0,0.9067999720573425
YOR377W,YML094W,0,-8.012271,0.09931472688913345,1.0,0.9068999886512756
YDR281C,YPR191W,0,-8.012887,0.09930486232042313,1.0,0.9070000052452087
YDL115C,YKL014C,0,-8.013647,0.0992950052022934,1.0,0.9071000218391418
YER020W,YNL287W,0,-8.014783,0.09928514808416367,1.0,0.9071999788284302
YLR155C,YDL135C,0,-8.018541,0.09927529096603394,1.0,0.9072999954223633
YLR285W,YOR084W,0,-8.0230875,0.0992654338479042,1.0,0.9074000120162964
YML031W,YNL160W,0,-8.023698,0.09925558418035507,1.0,0.9075000286102295
YKR067W,YKL093W,0,-8.025725,0.09924573451280594,1.0,0.9075999855995178
YLL006W,YOR056C,0,-8.026052,0.0992358848452568,1.0,0.9077000021934509
YPL227C,YOL071W,0,-8.026389,0.09922603517770767,1.0,0.907800018787384
YCL035C,YCR009C,0,-8.026436,0.09921619296073914,1.0,0.9078999757766724
YDL137W,YDR206W,0,-8.026668,0.0992063507437706,1.0,0.9079999923706055
YDR388W,YPR086W,0,-8.028033,0.09919650852680206,1.0,0.9081000089645386
YGL043W,YDL198C,0,-8.028403,0.09918666630983353,1.0,0.9082000255584717
YJR137C,YDL226C,0,-8.031037,0.09917683154344559,1.0,0.90829998254776
YGL191W,YML080W,0,-8.033054,0.09916699677705765,1.0,0.9083999991416931
YGL084C,YER089C,0,-8.033106,0.09915716201066971,1.0,0.9085000157356262
YKL007W,YHR157W,0,-8.034555,0.09914733469486237,1.0,0.9085999727249146
YER178W,YOR230W,0,-8.03521,0.09913750737905502,1.0,0.9086999893188477
YNL270C,YGR118W,0,-8.036654,0.09912768006324768,1.0,0.9088000059127808
YAL044C,YPL058C,0,-8.037742,0.09911785274744034,1.0,0.9089000225067139
YGL187C,YLR452C,0,-8.038423,0.099108025431633,1.0,0.9089999794960022
YLR160C,YBR193C,0,-8.039402,0.09909820556640625,1.0,0.9090999960899353
YDR085C,YPL214C,0,-8.043108,0.0990883857011795,1.0,0.9092000126838684
YLR008C,YPL152W,0,-8.04384,0.09907856583595276,1.0,0.9093000292778015
YIL007C,YOR230W,0,-8.046786,0.09906875342130661,1.0,0.9093999862670898
YML091C,YML115C,0,-8.047868,0.09905894100666046,1.0,0.909500002861023
YKL135C,YHR089C,0,-8.048836,0.09904912859201431,1.0,0.909600019454956
YDR435C,YJL048C,0,-8.049744,0.09903931617736816,1.0,0.9096999764442444
YGL029W,YPL214C,0,-8.050676,0.09902951121330261,1.0,0.9097999930381775
YNL245C,YOR173W,0,-8.052299,0.09901970624923706,1.0,0.9099000096321106
YHR204W,YFR003C,0,-8.052411,0.09900990128517151,1.0,0.9100000262260437
YBR132C,YDL230W,0,-8.056939,0.09900009632110596,1.0,0.910099983215332
YLR080W,YOL010W,0,-8.057483,0.098990298807621,1.0,0.9101999998092651
YML012W,YPR010C,0,-8.061492,0.09898050129413605,1.0,0.9103000164031982
YDR225W,YPR163C,0,-8.061563,0.09897070378065109,1.0,0.9103999733924866
YNL118C,YFL014W,0,-8.061626,0.09896091371774673,1.0,0.9104999899864197
YDL166C,YDR281C,0,-8.06313,0.09895111620426178,1.0,0.9106000065803528
YML110C,YAR002W,0,-8.064627,0.09894132614135742,1.0,0.9107000231742859
YLR051C,YGL236C,0,-8.064888,0.09893153607845306,1.0,0.9107999801635742
YBL080C,YMR260C,0,-8.067646,0.0989217534661293,1.0,0.9108999967575073
YGR165W,YHR157W,0,-8.070545,0.09891197085380554,1.0,0.9110000133514404
YPL060W,YNL160W,0,-8.07065,0.09890218824148178,1.0,0.9110999703407288
YOR145C,YDR404C,0,-8.071059,0.09889240562915802,1.0,0.9111999869346619
YNL111C,YDR075W,0,-8.071805,0.09888262301683426,1.0,0.911300003528595
YIL007C,YHL007C,0,-8.072089,0.0988728478550911,1.0,0.9114000201225281
YJL111W,YNL003C,0,-8.072911,0.09886307269334793,1.0,0.9114999771118164
YHR169W,YDR058C,0,-8.073528,0.09885330498218536,1.0,0.9115999937057495
YBR036C,YML131W,0,-8.073813,0.0988435298204422,1.0,0.9117000102996826
YOR136W,YGL022W,0,-8.073927,0.09883376210927963,1.0,0.9118000268936157
YGR279C,YMR293C,0,-8.074711,0.09882399439811707,1.0,0.911899983882904
YPR119W,YDL130W-A,0,-8.078533,0.0988142266869545,1.0,0.9120000004768372
YPR025C,YNL274C,0,-8.079321,0.09880446642637253,1.0,0.9121000170707703
YDR225W,YGL144C,0,-8.080488,0.09879470616579056,1.0,0.9121999740600586
YGL124C,YER082C,0,-8.081119,0.09878494590520859,1.0,0.9122999906539917
YDR299W,YLR113W,0,-8.081496,0.09877518564462662,1.0,0.9124000072479248
YMR316W,YHL027W,0,-8.082743,0.09876543283462524,1.0,0.9125000238418579
YIL117C,YGL210W,0,-8.084706,0.09875568002462387,1.0,0.9125999808311462
YBR207W,YOR210W,0,-8.087654,0.0987459272146225,1.0,0.9126999974250793
YGL078C,YGL210W,0,-8.089885,0.09873617440462112,1.0,0.9128000140190125
YOR144C,YOR095C,0,-8.090507,0.09872642904520035,1.0,0.9128999710083008
YBR290W,YLR129W,0,-8.090902,0.09871668368577957,1.0,0.9129999876022339
YIL052C,YER118C,0,-8.092216,0.0987069383263588,1.0,0.913100004196167
YBR132C,YNL339C,0,-8.092474,0.09869720041751862,1.0,0.9132000207901001
YOL097C,YNL154C,0,-8.092512,0.09868745505809784,1.0,0.9132999777793884
YMR303C,YDR096W,0,-8.093361,0.09867771714925766,1.0,0.9133999943733215
YOL054W,YPL203W,0,-8.0934725,0.09866797924041748,1.0,0.9135000109672546
YIL124W,YJR059W,0,-8.093541,0.0986582487821579,1.0,0.9136000275611877
YBR215W,YDR171W,0,-8.095846,0.09864851832389832,1.0,0.9136999845504761
YHR133C,YGR161C,0,-8.097115,0.09863878786563873,1.0,0.9138000011444092
YNR001C,YDR545W,0,-8.100504,0.09862905740737915,1.0,0.9139000177383423
YKR024C,YMR129W,0,-8.104217,0.09861932694911957,1.0,0.9139999747276306
YKL084W,YDR343C,0,-8.105791,0.09860960394144058,1.0,0.9140999913215637
YDR296W,YMR146C,0,-8.106515,0.0985998809337616,1.0,0.9142000079154968
YGL247W,YKL009W,0,-8.107354,0.09859015792608261,1.0,0.9143000245094299
YPL086C,YHR091C,0,-8.108892,0.09858044236898422,1.0,0.9143999814987183
YHR075C,YER129W,0,-8.109827,0.09857072681188583,1.0,0.9144999980926514
YLR221C,YGR094W,0,-8.110511,0.09856101125478745,1.0,0.9146000146865845
YJR047C,YJL138C,0,-8.112217,0.09855129569768906,1.0,0.9146999716758728
YOL071W,YIL117C,0,-8.112409,0.09854158759117126,1.0,0.9147999882698059
YBR041W,YDR478W,0,-8.11245,0.09853187203407288,1.0,0.914900004863739
YPR020W,YNL014W,0,-8.116243,0.09852216392755508,1.0,0.9150000214576721
YOR168W,YMR175W,0,-8.116686,0.09851246327161789,1.0,0.9150999784469604
YPL154C,YMR140W,0,-8.118508,0.0985027551651001,1.0,0.9151999950408936
YML110C,YDL055C,0,-8.12233,0.0984930545091629,1.0,0.9153000116348267
YMR303C,YDR481C,0,-8.122994,0.09848335385322571,1.0,0.9154000282287598
YBL016W,YDR529C,0,-8.123308,0.09847366064786911,1.0,0.9154999852180481
YDR005C,YMR093W,0,-8.12394,0.09846395999193192,1.0,0.9156000018119812
YOR239W,YOL124C,0,-8.124585,0.09845426678657532,1.0,0.9157000184059143
YOR133W,YLR291C,0,-8.124965,0.09844457358121872,1.0,0.9157999753952026
YAR014C,YPL015C,0,-8.126557,0.09843488782644272,1.0,0.9158999919891357
YGL201C,YGR055W,0,-8.127068,0.09842519462108612,1.0,0.9160000085830688
YDL231C,YMR015C,0,-8.129759,0.09841550886631012,1.0,0.916100025177002
YDL145C,YOR340C,0,-8.131022,0.09840582311153412,1.0,0.9161999821662903
YJL170C,YDR156W,0,-8.131025,0.09839614480733871,1.0,0.9162999987602234
YKL165C,YNL248C,0,-8.131066,0.09838645905256271,1.0,0.9164000153541565
YJR155W,YPL231W,0,-8.131972,0.09837678074836731,1.0,0.9164999723434448
YMR097C,YMR243C,0,-8.134033,0.0983671024441719,1.0,0.9165999889373779
YGR142W,YMR142C,0,-8.13592,0.0983574315905571,1.0,0.916700005531311
YNR019W,YCR057C,0,-8.137116,0.09834776073694229,1.0,0.9168000221252441
YFR009W,YJR145C,0,-8.140279,0.09833808988332748,1.0,0.9168999791145325
YLR144C,YLR074C,0,-8.145377,0.09832841902971268,1.0,0.9169999957084656
YML128C,YGR186W,0,-8.145957,0.09831874817609787,1.0,0.9171000123023987
YGR195W,YBR105C,0,-8.146785,0.09830908477306366,1.0,0.9172000288963318
YJL020C,YDL130W,0,-8.148523,0.09829942137002945,1.0,0.9172999858856201
YHR069C,YNL257C,0,-8.149436,0.09828975796699524,1.0,0.9174000024795532
YGR161C,YNR026C,0,-8.154588,0.09828009456396103,1.0,0.9175000190734863
YGL020C,YBR172C,0,-8.155965,0.09827043861150742,1.0,0.9175999760627747
YNL325C,YOR340C,0,-8.156924,0.0982607826590538,1.0,0.9176999926567078
YPR102C,YHR205W,0,-8.159665,0.09825112670660019,1.0,0.9178000092506409
YDR173C,YDR002W,0,-8.160257,0.09824147820472717,1.0,0.917900025844574
YHR114W,YDR432W,0,-8.16041,0.09823182970285416,1.0,0.9179999828338623
YGL229C,YBR069C,0,-8.161708,0.09822218120098114,1.0,0.9180999994277954
YLR158C,YER114C,0,-8.162281,0.09821253269910812,1.0,0.9182000160217285
YDL052C,YDR059C,0,-8.162445,0.09820288419723511,1.0,0.9182999730110168
YDR489W,YJL048C,0,-8.163751,0.09819324314594269,1.0,0.91839998960495
YKL028W,YPL087W,0,-8.163853,0.09818360209465027,1.0,0.9185000061988831
YDR216W,YER052C,0,-8.163875,0.09817396104335785,1.0,0.9186000227928162
YJR002W,YOR210W,0,-8.164054,0.09816432744264603,1.0,0.9186999797821045
YAL051W,YDR412W,0,-8.1647625,0.0981546938419342,1.0,0.9187999963760376
YDR225W,YOR226C,0,-8.1666155,0.09814506024122238,1.0,0.9189000129699707
YIR037W,YMR096W,0,-8.167952,0.09813542664051056,1.0,0.9190000295639038
YGR028W,YBR171W,0,-8.16803,0.09812580049037933,1.0,0.9190999865531921
YKL073W,YCR072C,0,-8.16863,0.09811616688966751,1.0,0.9192000031471252
YDL085W,YHR088W,0,-8.169146,0.09810654073953629,1.0,0.9193000197410583
YGL032C,YNR017W,0,-8.169864,0.09809692203998566,1.0,0.9193999767303467
YCL040W,YNR039C,0,-8.1707945,0.09808729588985443,1.0,0.9194999933242798
YLR129W,YEL037C,0,-8.1711235,0.0980776771903038,1.0,0.9196000099182129
YNR035C,YKL085W,0,-8.172848,0.09806805849075317,1.0,0.919700026512146
YJL125C,YPL239W,0,-8.173532,0.09805843979120255,1.0,0.9197999835014343
YOR036W,YPR080W,0,-8.173642,0.09804882854223251,1.0,0.9199000000953674
YPL262W,YGR007W,0,-8.175502,0.09803921729326248,1.0,0.9200000166893005
YIL085C,YNL119W,0,-8.176614,0.09802960604429245,1.0,0.9200999736785889
YGR256W,YCL063W,0,-8.178759,0.09801999479532242,1.0,0.920199990272522
YIL040W,YIL056W,0,-8.179099,0.09801039099693298,1.0,0.9203000068664551
YFL005W,YJL138C,0,-8.181842,0.09800078719854355,1.0,0.9204000234603882
YLR459W,YGR211W,0,-8.183642,0.09799118340015411,1.0,0.9204999804496765
YLR342W,YLR134W,0,-8.184206,0.09798157960176468,1.0,0.9205999970436096
YKR024C,YLR069C,0,-8.184546,0.09797198325395584,1.0,0.9207000136375427
YPL132W,YNL207W,0,-8.187075,0.0979623794555664,1.0,0.920799970626831
YBR072W,YHR152W,0,-8.190744,0.09795278310775757,1.0,0.9208999872207642
YDR098C,YDL060W,0,-8.192958,0.09794319421052933,1.0,0.9210000038146973
YGR161C,YDR289C,0,-8.19303,0.09793359786272049,1.0,0.9211000204086304
YKL146W,YGR152C,0,-8.194674,0.09792400896549225,1.0,0.9211999773979187
YMR308C,YGR181W,0,-8.194955,0.09791442006826401,1.0,0.9212999939918518
YLR167W,YMR030W,0,-8.197383,0.09790483862161636,1.0,0.9214000105857849
YMR012W,YJR137C,0,-8.198558,0.09789524972438812,1.0,0.921500027179718
YMR014W,YOR132W,0,-8.200026,0.09788566827774048,1.0,0.9215999841690063
YDR375C,YHL011C,0,-8.200242,0.09787608683109283,1.0,0.9217000007629395
YGR142W,YIL101C,0,-8.201439,0.09786651283502579,1.0,0.9218000173568726
YDR418W,YDL097C,0,-8.201993,0.09785693138837814,1.0,0.9218999743461609
YDR299W,YHR200W,0,-8.202692,0.0978473573923111,1.0,0.921999990940094
YDR077W,YMR053C,0,-8.203176,0.09783778339624405,1.0,0.9221000075340271
YHR052W,YPL060W,0,-8.203371,0.0978282168507576,1.0,0.9222000241279602
YAR002C-A,YPR137W,0,-8.205963,0.09781864285469055,1.0,0.9222999811172485
YLR022C,YJL093C,0,-8.206644,0.0978090763092041,1.0,0.9223999977111816
YDR121W,YEL024W,0,-8.20802,0.09779950976371765,1.0,0.9225000143051147
YGR245C,YPR055W,0,-8.208035,0.0977899506688118,1.0,0.9225999712944031
YMR136W,YLR059C,0,-8.208481,0.09778038412332535,1.0,0.9226999878883362
YMR128W,YBR037C,0,-8.213473,0.0977708250284195,1.0,0.9228000044822693
YLR276C,YBR041W,0,-8.213753,0.09776126593351364,1.0,0.9229000210762024
YNL073W,YGL097W,0,-8.217823,0.09775171428918839,1.0,0.9229999780654907
YOR011W,YDL132W,0,-8.218535,0.09774215519428253,1.0,0.9230999946594238
YOR224C,YOR117W,0,-8.220116,0.09773260354995728,1.0,0.9232000112533569
YMR296C,YJL104W,0,-8.221302,0.09772305190563202,1.0,0.92330002784729
YBR145W,YPR065W,0,-8.221737,0.09771350771188736,1.0,0.9233999848365784
YPL217C,YAL010C,0,-8.222926,0.0977039560675621,1.0,0.9235000014305115
YDL084W,YJL045W,0,-8.224954,0.09769441187381744,1.0,0.9236000180244446
YML067C,YGR214W,0,-8.225407,0.09768486768007278,1.0,0.9236999750137329
YLL061W,YLL011W,0,-8.226048,0.09767533093690872,1.0,0.923799991607666
YMR305C,YOL124C,0,-8.227399,0.09766578674316406,1.0,0.9239000082015991
YHR008C,YNL154C,0,-8.22762,0.09765625,1.0,0.9240000247955322
YPR124W,YJL109C,0,-8.228306,0.09764671325683594,1.0,0.9240999817848206
YOL143C,YPR010C,0,-8.232348,0.09763717651367188,1.0,0.9241999983787537
YDR099W,YJL111W,0,-8.235454,0.09762764722108841,1.0,0.9243000149726868
YPL154C,YMR127C,0,-8.237244,0.09761811792850494,1.0,0.9243999719619751
YPR006C,YHR001W-A,0,-8.237536,0.09760858863592148,1.0,0.9244999885559082
YML080W,YNL073W,0,-8.238544,0.09759905934333801,1.0,0.9246000051498413
YEL027W,YPL248C,0,-8.241738,0.09758953750133514,1.0,0.9247000217437744
YDR060W,YMR305C,0,-8.242109,0.09758001565933228,1.0,0.9247999787330627
YPL244C,YNL173C,0,-8.2427635,0.0975704938173294,1.0,0.9248999953269958
YGL021W,YDR516C,0,-8.243885,0.09756097197532654,1.0,0.925000011920929
YAL035W,YNL294C,0,-8.245723,0.09755145758390427,1.0,0.9251000285148621
YBR042C,YDR516C,0,-8.245801,0.097541943192482,1.0,0.9251999855041504
YER025W,YLR285W,0,-8.246255,0.09753242880105972,1.0,0.9253000020980835
YNL156C,YGR211W,0,-8.246287,0.09752291440963745,1.0,0.9254000186920166
YLL019C,YLR332W,0,-8.247541,0.09751340746879578,1.0,0.9254999756813049
YBR010W,YKL043W,0,-8.250698,0.0975039005279541,1.0,0.925599992275238
YMR281W,YOR145C,0,-8.251154,0.09749439358711243,1.0,0.9257000088691711
YDR040C,YEL031W,0,-8.254894,0.09748488664627075,1.0,0.9258000254631042
YGR214W,YLR130C,0,-8.255433,0.09747538715600967,1.0,0.9258999824523926
YOR136W,YPR051W,0,-8.255437,0.0974658876657486,1.0,0.9259999990463257
YDR312W,YPL019C,0,-8.259117,0.09745638817548752,1.0,0.9261000156402588
YPL217C,YDR395W,0,-8.259329,0.09744688868522644,1.0,0.9261999726295471
YJR145C,YDR002W,0,-8.260531,0.09743739664554596,1.0,0.9262999892234802
YLR175W,YKL017C,0,-8.261434,0.09742790460586548,1.0,0.9264000058174133
YLR175W,YOR355W,0,-8.261553,0.097418412566185,1.0,0.9265000224113464
YPL135W,YMR235C,0,-8.262768,0.09740892052650452,1.0,0.9265999794006348
YPR081C,YAL023C,0,-8.263882,0.09739943593740463,1.0,0.9266999959945679
YDR411C,YKR038C,0,-8.272572,0.09738995134830475,1.0,0.926800012588501
YLR002C,YKL126W,0,-8.27282,0.09738046675920486,1.0,0.9269000291824341
YLR153C,YIL155C,0,-8.276201,0.09737098217010498,1.0,0.9269999861717224
YKL160W,YBL016W,0,-8.278129,0.0973615050315857,1.0,0.9271000027656555
YOL082W,YNL080C,0,-8.278829,0.0973520278930664,1.0,0.9272000193595886
YJR073C,YLR262C,0,-8.280466,0.09734255075454712,1.0,0.927299976348877
YGR143W,YGR080W,0,-8.28378,0.09733307361602783,1.0,0.9273999929428101
YDR069C,YBR066C,0,-8.285408,0.09732360392808914,1.0,0.9275000095367432
YNR035C,YGR152C,0,-8.285761,0.09731412678956985,1.0,0.9276000261306763
YLR167W,YLR466W,0,-8.286109,0.09730466455221176,1.0,0.9276999831199646
YBL002W,YBR296C,0,-8.287428,0.09729519486427307,1.0,0.9277999997138977
YHR019C,YIL117C,0,-8.289274,0.09728572517633438,1.0,0.9279000163078308
YHR001W,YOR027W,0,-8.291296,0.09727626293897629,1.0,0.9279999732971191
YGL084C,YLR113W,0,-8.300187,0.0972668007016182,1.0,0.9280999898910522
YPL012W,YOL122C,0,-8.305792,0.0972573459148407,1.0,0.9282000064849854
YLR276C,YBR199W,0,-8.306024,0.0972478836774826,1.0,0.9283000230789185
YMR177W,YGR257C,0,-8.312503,0.09723842889070511,1.0,0.9283999800682068
YHR174W,YDR372C,0,-8.312842,0.09722897410392761,1.0,0.9284999966621399
YOR150W,YGR245C,0,-8.314434,0.09721951931715012,1.0,0.928600013256073
YLR284C,YDR178W,0,-8.314691,0.09721007198095322,1.0,0.9286999702453613
YGL225W,YCL033C,0,-8.318684,0.09720062464475632,1.0,0.9287999868392944
YKR057W,YPR132W,0,-8.320824,0.09719117730855942,1.0,0.9289000034332275
YKL021C,YLR069C,0,-8.320892,0.09718172997236252,1.0,0.9290000200271606
YIL033C,YDL046W,0,-8.3210125,0.09717229008674622,1.0,0.929099977016449
YMR127C,YJL164C,0,-8.321262,0.09716284275054932,1.0,0.9291999936103821
YDR294C,YHR007C,0,-8.321405,0.09715340286493301,1.0,0.9293000102043152
YNL156C,YGR296W,0,-8.321832,0.09714397042989731,1.0,0.9294000267982483
YBL042C,YNL231C,0,-8.3222275,0.097134530544281,1.0,0.9294999837875366
YKL021C,YKL126W,0,-8.322358,0.0971250981092453,1.0,0.9296000003814697
YNR016C,YPL106C,0,-8.322799,0.0971156656742096,1.0,0.9297000169754028
YDR412W,YOR027W,0,-8.325017,0.09710623323917389,1.0,0.9297999739646912
YLR175W,YJL041W,0,-8.325291,0.09709680825471878,1.0,0.9298999905586243
YBR026C,YBR009C,0,-8.326445,0.09708737581968307,1.0,0.9300000071525574
YOL040C,YNL025C,0,-8.3278675,0.09707795083522797,1.0,0.9301000237464905
YLL001W,YNR054C,0,-8.328313,0.09706853330135345,1.0,0.9301999807357788
YGR029W,YGR264C,0,-8.331408,0.09705910831689835,1.0,0.9302999973297119
YML036W,YER053C,0,-8.336752,0.09704969078302383,1.0,0.930400013923645
YDR174W,YHR139C,0,-8.338036,0.09704027324914932,1.0,0.9304999709129333
YOR040W,YNL294C,0,-8.3384905,0.09703085571527481,1.0,0.9305999875068665
YDR298C,YDR365C,0,-8.340458,0.0970214381814003,1.0,0.9307000041007996
YJL186W,YLL041C,0,-8.341348,0.09701202809810638,1.0,0.9308000206947327
YOR355W,YHL024W,0,-8.341358,0.09700261801481247,1.0,0.930899977684021
YKL002W,YER126C,0,-8.342637,0.09699320793151855,1.0,0.9309999942779541
YOR253W,YMR104C,0,-8.344014,0.09698380529880524,1.0,0.9311000108718872
YOL086C,YNL280C,0,-8.345798,0.09697439521551132,1.0,0.9312000274658203
YOR185C,YHL009C,0,-8.3458395,0.096964992582798,1.0,0.9312999844551086
YGL236C,YIR012W,0,-8.347771,0.09695559740066528,1.0,0.9314000010490417
YPR019W,YML123C,0,-8.35041,0.09694619476795197,1.0,0.9315000176429749
YNR027W,YBR026C,0,-8.35248,0.09693679958581924,1.0,0.9315999746322632
YHR197W,YPR080W,0,-8.353146,0.09692740440368652,1.0,0.9316999912261963
YOR204W,YML069W,0,-8.355234,0.0969180092215538,1.0,0.9318000078201294
YIL097W,YLR055C,0,-8.358364,0.09690861403942108,1.0,0.9319000244140625
YKL038W,YEL031W,0,-8.358494,0.09689922630786896,1.0,0.9319999814033508
YJR065C,YMR146C,0,-8.359017,0.09688983857631683,1.0,0.9320999979972839
YNL161W,YBR066C,0,-8.359772,0.09688045084476471,1.0,0.932200014591217
YLR304C,YMR014W,0,-8.365051,0.09687106311321259,1.0,0.9322999715805054
YGL089C,YDR449C,0,-8.365411,0.09686168283224106,1.0,0.9323999881744385
YML077W,YOR040W,0,-8.366943,0.09685230255126953,1.0,0.9325000047683716
YMR145C,YKL014C,0,-8.367423,0.096842922270298,1.0,0.9326000213623047
YNL282W,YIL017C,0,-8.367714,0.09683354198932648,1.0,0.932699978351593
YGL078C,YML051W,0,-8.367788,0.09682416915893555,1.0,0.9327999949455261
YPL058C,YER012W,0,-8.36821,0.09681479632854462,1.0,0.9329000115394592
YLR355C,YKL141W,0,-8.371138,0.09680542349815369,1.0,0.9330000281333923
YKR031C,YDL060W,0,-8.373907,0.09679605066776276,1.0,0.9330999851226807
YOR241W,YKR081C,0,-8.374347,0.09678668528795242,1.0,0.9332000017166138
YGR204W,YGR044C,0,-8.377794,0.09677731245756149,1.0,0.9333000183105469
YJL125C,YDL135C,0,-8.378096,0.09676794707775116,1.0,0.9333999752998352
YKR039W,YNL073W,0,-8.379347,0.09675858914852142,1.0,0.9334999918937683
YKL114C,YFR024C-A,0,-8.382339,0.09674922376871109,1.0,0.9336000084877014
YCL035C,YBR212W,0,-8.382483,0.09673986583948135,1.0,0.9337000250816345
YDL130W-A,YKL214C,0,-8.383407,0.09673050791025162,1.0,0.9337999820709229
YJL101C,YFL002C,0,-8.384184,0.09672114998102188,1.0,0.933899998664856
YDR384C,YBR260C,0,-8.386894,0.09671179950237274,1.0,0.9340000152587891
YNR054C,YDR236C,0,-8.388355,0.0967024490237236,1.0,0.9340999722480774
YLR328W,YBR117C,0,-8.388409,0.09669309854507446,1.0,0.9341999888420105
YBR145W,YCR005C,0,-8.393592,0.09668374806642532,1.0,0.9343000054359436
YLR110C,YOR056C,0,-8.395041,0.09667439758777618,1.0,0.9344000220298767
YKL060C,YLR197W,0,-8.396033,0.09666505455970764,1.0,0.934499979019165
YFR053C,YDR503C,0,-8.39627,0.0966557115316391,1.0,0.9345999956130981
YJL112W,YDR297W,0,-8.396413,0.09664636850357056,1.0,0.9347000122070312
YNR002C,YLR286C,0,-8.397619,0.09663703292608261,1.0,0.9348000288009644
YOR260W,YNL241C,0,-8.398343,0.09662768989801407,1.0,0.9348999857902527
YPR082C,YPL075W,0,-8.402805,0.09661835432052612,1.0,0.9350000023841858
YDL029W,YIL052C,0,-8.40303,0.09660902619361877,1.0,0.9351000189781189
YLR155C,YFL017W-A,0,-8.405407,0.09659969061613083,1.0,0.9351999759674072
YHR171W,YNL154C,0,-8.406035,0.09659036248922348,1.0,0.9352999925613403
YFL056C,YBR093C,0,-8.407597,0.09658103436231613,1.0,0.9354000091552734
YOR226C,YMR008C,0,-8.408922,0.09657170623540878,1.0,0.9355000257492065
YKL038W,YOR047C,0,-8.409516,0.09656237810850143,1.0,0.9355999827384949
YHR007C,YNL129W,0,-8.412427,0.09655305743217468,1.0,0.935699999332428
YLR023C,YLR350W,0,-8.412827,0.09654373675584793,1.0,0.9358000159263611
YMR173W,YDR450W,0,-8.414586,0.09653441607952118,1.0,0.9358999729156494
YML123C,YGL048C,0,-8.4148,0.09652509540319443,1.0,0.9359999895095825
YMR022W,YIL018W,0,-8.415492,0.09651578217744827,1.0,0.9361000061035156
YDR071C,YPR010C,0,-8.417017,0.09650646895170212,1.0,0.9362000226974487
YCR012W,YDR087C,0,-8.417414,0.09649715572595596,1.0,0.9362999796867371
YLR186W,YDL188C,0,-8.417992,0.09648784250020981,1.0,0.9363999962806702
YGL029W,YPR041W,0,-8.419812,0.09647853672504425,1.0,0.9365000128746033
YHR089C,YOR332W,0,-8.424362,0.0964692234992981,1.0,0.9366000294685364
YDR465C,YKL154W,0,-8.424544,0.09645991772413254,1.0,0.9366999864578247
YKL146W,YLL011W,0,-8.425577,0.09645061939954758,1.0,0.9368000030517578
YHL011C,YPL243W,0,-8.428461,0.09644131362438202,1.0,0.9369000196456909
YER054C,YDR330W,0,-8.428992,0.09643201529979706,1.0,0.9369999766349792
YDL031W,YKL170W,0,-8.4320755,0.0964227169752121,1.0,0.9370999932289124
YLR270W,YLR113W,0,-8.432322,0.09641341865062714,1.0,0.9372000098228455
YBR297W,YMR016C,0,-8.433186,0.09640412777662277,1.0,0.9373000264167786
YGL043W,YIL097W,0,-8.433306,0.09639483690261841,1.0,0.9373999834060669
YKR057W,YDR190C,0,-8.434555,0.09638553857803345,1.0,0.9375
YPL078C,YJR064W,0,-8.436632,0.09637625515460968,1.0,0.9376000165939331
YBR034C,YLR147C,0,-8.439392,0.09636696428060532,1.0,0.9376999735832214
YGR145W,YAL023C,0,-8.441067,0.09635768085718155,1.0,0.9377999901771545
YDR055W,YKR025W,0,-8.44216,0.09634839743375778,1.0,0.9379000067710876
YIL098C,YOR294W,0,-8.443211,0.09633911401033401,1.0,0.9380000233650208
YMR008C,YLR022C,0,-8.445566,0.09632983058691025,1.0,0.9380999803543091
YNL012W,YPR163C,0,-8.445784,0.09632055461406708,1.0,0.9381999969482422
YPL217C,YKL129C,0,-8.447295,0.09631127864122391,1.0,0.9383000135421753
YDR456W,YJL190C,0,-8.448511,0.09630200266838074,1.0,0.9383999705314636
YOR040W,YDL150W,0,-8.449592,0.09629272669553757,1.0,0.9384999871253967
YKR066C,YPL075W,0,-8.453672,0.096283458173275,1.0,0.9386000037193298
YBR072W,YPR189W,0,-8.454182,0.09627418965101242,1.0,0.9387000203132629
YJL178C,YPR144C,0,-8.454308,0.09626492112874985,1.0,0.9387999773025513
YPL086C,YCL008C,0,-8.456068,0.09625565260648727,1.0,0.9388999938964844
YKL043W,YML025C,0,-8.457909,0.0962463915348053,1.0,0.9390000104904175
YLR157C,YLR368W,0,-8.458048,0.09623713046312332,1.0,0.9391000270843506
YHR161C,YHR138C,0,-8.458124,0.09622786939144135,1.0,0.9391999840736389
YGR123C,YMR175W,0,-8.458475,0.09621860831975937,1.0,0.939300000667572
YBR169C,YBR118W,0,-8.458817,0.09620935469865799,1.0,0.9394000172615051
YBR069C,YKL034W,0,-8.458853,0.09620009362697601,1.0,0.9394999742507935
YOR078W,YEL071W,0,-8.462856,0.09619084000587463,1.0,0.9395999908447266
YOL082W,YHR001W,0,-8.46323,0.09618159383535385,1.0,0.9397000074386597
YJL112W,YJL069C,0,-8.463692,0.09617234021425247,1.0,0.9398000240325928
YKR039W,YLR291C,0,-8.465001,0.09616309404373169,1.0,0.9398999810218811
YJL167W,YKL120W,0,-8.465023,0.09615384787321091,1.0,0.9399999976158142
YHL040C,YIL121W,0,-8.465094,0.09614460170269012,1.0,0.9401000142097473
YDR361C,YML029W,0,-8.467895,0.09613535553216934,1.0,0.9401999711990356
YLL035W,YBL024W,0,-8.468976,0.09612611681222916,1.0,0.9402999877929688
YDL081C,YPL120W,0,-8.470176,0.09611687809228897,1.0,0.9404000043869019
YOR377W,YML123C,0,-8.473902,0.09610763937234879,1.0,0.940500020980835
YER162C,YFL045C,0,-8.475124,0.0960984081029892,1.0,0.9405999779701233
YLR450W,YCL054W,0,-8.475756,0.09608916938304901,1.0,0.9406999945640564
YCL040W,YER161C,0,-8.477273,0.09607993811368942,1.0,0.9408000111579895
YBR247C,YDR302W,0,-8.477886,0.09607070684432983,1.0,0.9409000277519226
YMR296C,YNL339C,0,-8.482916,0.09606148302555084,1.0,0.9409999847412109
YPL152W,YOL124C,0,-8.483723,0.09605225175619125,1.0,0.941100001335144
YPL240C,YHR081W,0,-8.486998,0.09604302793741226,1.0,0.9412000179290771
YNR001C,YER054C,0,-8.494402,0.09603380411863327,1.0,0.9412999749183655
YIL097W,YLR192C,0,-8.495871,0.09602458029985428,1.0,0.9413999915122986
YDL200C,YKL186C,0,-8.499952,0.09601536393165588,1.0,0.9415000081062317
YML104C,YML024W,0,-8.501474,0.09600614756345749,1.0,0.9416000247001648
YOR173W,YPL050C,0,-8.506813,0.0959969311952591,1.0,0.9416999816894531
YNL202W,YKL099C,0,-8.507777,0.0959877148270607,1.0,0.9417999982833862
YDL132W,YLR222C,0,-8.508905,0.0959784984588623,1.0,0.9419000148773193
YER178W,YIL021W,0,-8.509782,0.0959692895412445,1.0,0.9419999718666077
YLR401C,YLR350W,0,-8.510495,0.09596008062362671,1.0,0.9420999884605408
YGR103W,YJR007W,0,-8.511018,0.09595087170600891,1.0,0.9422000050544739
YAL017W,YHR069C,0,-8.512525,0.09594167023897171,1.0,0.942300021648407
YLR347C,YKL120W,0,-8.516741,0.09593246132135391,1.0,0.9423999786376953
YDL174C,YPR137W,0,-8.517302,0.09592325985431671,1.0,0.9424999952316284
YDR037W,YJL166W,0,-8.519307,0.09591405838727951,1.0,0.9426000118255615
YDR046C,YKL008C,0,-8.519329,0.0959048643708229,1.0,0.9427000284194946
YOR230W,YKR014C,0,-8.520248,0.0958956629037857,1.0,0.942799985408783
YKL038W,YGR186W,0,-8.520922,0.0958864688873291,1.0,0.9429000020027161
YJL102W,YGR008C,0,-8.522233,0.0958772748708725,1.0,0.9430000185966492
YOR224C,YDL130W-A,0,-8.523088,0.09586808830499649,1.0,0.9430999755859375
YKR039W,YJL002C,0,-8.523155,0.09585889428853989,1.0,0.9431999921798706
YAL038W,YDR329C,0,-8.523909,0.09584970772266388,1.0,0.9433000087738037
YOR185C,YDR202C,0,-8.524976,0.09584052115678787,1.0,0.9434000253677368
YLR196W,YJL035C,0,-8.528276,0.09583133459091187,1.0,0.9434999823570251
YPL031C,YPR102C,0,-8.529049,0.09582215547561646,1.0,0.9435999989509583
YEL062W,YOR210W,0,-8.530144,0.09581297636032104,1.0,0.9437000155448914
YOR120W,YPR074C,0,-8.532202,0.09580379724502563,1.0,0.9437999725341797
YBR155W,YJL102W,0,-8.532656,0.09579461812973022,1.0,0.9438999891281128
YNL075W,YMR235C,0,-8.534205,0.09578543901443481,1.0,0.9440000057220459
YLR175W,YCR065W,0,-8.53803,0.09577626734972,1.0,0.944100022315979
YBR006W,YBR183W,0,-8.539796,0.09576709568500519,1.0,0.9441999793052673
YHR082C,YKL021C,0,-8.5407715,0.09575792402029037,1.0,0.9442999958992004
YAL059W,YKL110C,0,-8.540918,0.09574875235557556,1.0,0.9444000124931335
YGR197C,YCR053W,0,-8.542595,0.09573958814144135,1.0,0.9445000290870667
YLL009C,YOL021C,0,-8.542615,0.09573042392730713,1.0,0.944599986076355
YML048W,YDL181W,0,-8.543558,0.09572125971317291,1.0,0.9447000026702881
YKL093W,YOR145C,0,-8.546806,0.0957120954990387,1.0,0.9448000192642212
YJL157C,YDR077W,0,-8.547104,0.09570293873548508,1.0,0.9448999762535095
YKL009W,YDR030C,0,-8.548637,0.09569378197193146,1.0,0.9449999928474426
YOL002C,YER103W,0,-8.54921,0.09568462520837784,1.0,0.9451000094413757
YGL209W,YOR328W,0,-8.550164,0.09567546844482422,1.0,0.9452000260353088
YPL040C,YOL124C,0,-8.55121,0.0956663191318512,1.0,0.9452999830245972
YAR015W,YHR143W-A,0,-8.552046,0.09565716236829758,1.0,0.9453999996185303
YDL084W,YJL048C,0,-8.559107,0.09564801305532455,1.0,0.9455000162124634
YNL239W,YNL016W,0,-8.559736,0.09563887119293213,1.0,0.9455999732017517
YPL075W,YGR103W,0,-8.561724,0.0956297218799591,1.0,0.9456999897956848
YER143W,YDL084W,0,-8.562127,0.09562058001756668,1.0,0.9458000063896179
YMR092C,YMR285C,0,-8.562393,0.09561143815517426,1.0,0.945900022983551
YDR046C,YGL037C,0,-8.568786,0.09560229629278183,1.0,0.9459999799728394
YIL009W,YER126C,0,-8.575881,0.0955931544303894,1.0,0.9460999965667725
YOR033C,YKR039W,0,-8.577172,0.09558402001857758,1.0,0.9462000131607056
YIL155C,YBL003C,0,-8.579166,0.09557488560676575,1.0,0.9463000297546387
YOL021C,YLR206W,0,-8.582945,0.09556575119495392,1.0,0.946399986743927
YKL182W,YBR034C,0,-8.583262,0.09555661678314209,1.0,0.9465000033378601
YLR157C,YHR084W,0,-8.58498,0.09554748982191086,1.0,0.9466000199317932
YDR037W,YDR091C,0,-8.586872,0.09553835541009903,1.0,0.9466999769210815
YOR341W,YMR293C,0,-8.590629,0.0955292284488678,1.0,0.9467999935150146
YLR155C,YMR260C,0,-8.592721,0.09552010893821716,1.0,0.9469000101089478
YDR516C,YML006C,0,-8.592992,0.09551098197698593,1.0,0.9470000267028809
YDR293C,YHR070W,0,-8.594829,0.0955018624663353,1.0,0.9470999836921692
YGR055W,YCR084C,0,-8.595545,0.09549274295568466,1.0,0.9472000002861023
YGR246C,YNL113W,0,-8.5987,0.09548362344503403,1.0,0.9473000168800354
YML110C,YPR010C,0,-8.599089,0.09547451138496399,1.0,0.9473999738693237
YKL060C,YNL113W,0,-8.60027,0.09546539187431335,1.0,0.9474999904632568
YOR046C,YEL009C,0,-8.600806,0.09545627981424332,1.0,0.9476000070571899
YOR168W,YGR159C,0,-8.601079,0.09544716775417328,1.0,0.947700023651123
YER025W,YJL116C,0,-8.6029625,0.09543806314468384,1.0,0.9477999806404114
YBR072W,YGL144C,0,-8.60309,0.0954289510846138,1.0,0.9478999972343445
YGL245W,YDL130W-A,0,-8.603673,0.09541984647512436,1.0,0.9480000138282776
YMR235C,YIR026C,0,-8.60587,0.09541074186563492,1.0,0.9480999708175659
YDL014W,YFL059W,0,-8.6086035,0.09540163725614548,1.0,0.948199987411499
YLR157C,YJR002W,0,-8.609545,0.09539254009723663,1.0,0.9483000040054321
YOR031W,YDR190C,0,-8.609954,0.09538344293832779,1.0,0.9484000205993652
YOR136W,YJR002W,0,-8.610404,0.09537434577941895,1.0,0.9484999775886536
YLR157C,YPL210C,0,-8.615099,0.0953652486205101,1.0,0.9485999941825867
YNL278W,YOR185C,0,-8.615455,0.09535615891218185,1.0,0.9487000107765198
YPL240C,YER169W,0,-8.617062,0.09534706175327301,1.0,0.9488000273704529
YJR064W,YNL333W,0,-8.618225,0.09533797204494476,1.0,0.9488999843597412
YDR423C,YER025W,0,-8.61902,0.09532888233661652,1.0,0.9490000009536743
YNR034W,YGL255W,0,-8.6195545,0.09531980007886887,1.0,0.9491000175476074
YPR191W,YLR452C,0,-8.623856,0.09531071037054062,1.0,0.9491999745368958
YAR015W,YDR516C,0,-8.624004,0.09530162811279297,1.0,0.9492999911308289
YPL217C,YMR243C,0,-8.624447,0.09529254585504532,1.0,0.949400007724762
YDL132W,YGR161C,0,-8.6324625,0.09528347104787827,1.0,0.9495000243186951
YOR040W,YOR145C,0,-8.633261,0.09527438879013062,1.0,0.9495999813079834
YFR053C,YHR027C,0,-8.638342,0.09526531398296356,1.0,0.9496999979019165
YDL145C,YER127W,0,-8.638817,0.09525623917579651,1.0,0.9498000144958496
YNL091W,YHR065C,0,-8.641165,0.09524716436862946,1.0,0.9498999714851379
YLR259C,YDR060W,0,-8.64135,0.095238097012043,1.0,0.949999988079071
YPL224C,YHR157W,0,-8.6456375,0.09522902220487595,1.0,0.9501000046730042
YDL223C,YJL063C,0,-8.657795,0.09521995484828949,1.0,0.9502000212669373
YNL094W,YDR341C,0,-8.658081,0.09521089494228363,1.0,0.9502999782562256
YAR008W,YPR163C,0,-8.660906,0.09520182758569717,1.0,0.9503999948501587
YDR465C,YPL026C,0,-8.661265,0.09519276767969131,1.0,0.9505000114440918
YEL017C-A,YGL037C,0,-8.662092,0.09518370777368546,1.0,0.9506000280380249
YDR184C,YML024W,0,-8.663077,0.0951746478676796,1.0,0.9506999850273132
YFR024C-A,YIL110W,0,-8.668931,0.09516558796167374,1.0,0.9508000016212463
YLR167W,YGL011C,0,-8.670383,0.09515653550624847,1.0,0.9509000182151794
YNR033W,YGR159C,0,-8.67258,0.09514747560024261,1.0,0.9509999752044678
YMR083W,YDR412W,0,-8.677905,0.09513842314481735,1.0,0.9510999917984009
YNL248C,YDL128W,0,-8.681054,0.09512937813997269,1.0,0.951200008392334
YER177W,YJL190C,0,-8.683481,0.09512032568454742,1.0,0.9513000249862671
YKL120W,YDL130W,0,-8.68682,0.09511128067970276,1.0,0.9513999819755554
YJR105W,YOR173W,0,-8.694399,0.0951022356748581,1.0,0.9514999985694885
YGL245W,YOR294W,0,-8.698862,0.09509319067001343,1.0,0.9516000151634216
YNL023C,YOR109W,0,-8.70064,0.09508415311574936,1.0,0.95169997215271
YDR294C,YFR053C,0,-8.701889,0.0950751081109047,1.0,0.9517999887466431
YDR276C,YEL024W,0,-8.705353,0.09506607055664062,1.0,0.9519000053405762
YOR173W,YJL089W,0,-8.708431,0.09505703300237656,1.0,0.9520000219345093
YDR361C,YNL111C,0,-8.712779,0.09504800289869308,1.0,0.9520999789237976
YNL281W,YMR093W,0,-8.714359,0.09503896534442902,1.0,0.9521999955177307
YMR136W,YPR154W,0,-8.716747,0.09502993524074554,1.0,0.9523000121116638
YER142C,YLR075W,0,-8.7181,0.09502090513706207,1.0,0.9524000287055969
YBR182C,YER103W,0,-8.723352,0.0950118750333786,1.0,0.9524999856948853
YDR091C,YOL117W,0,-8.726713,0.09500285238027573,1.0,0.9526000022888184
YPL212C,YLR248W,0,-8.727572,0.09499382227659225,1.0,0.9527000188827515
YDR435C,YKL099C,0,-8.72965,0.09498479962348938,1.0,0.9527999758720398
YOR253W,YGR185C,0,-8.737972,0.0949757844209671,1.0,0.9528999924659729
YER036C,YKL034W,0,-8.740366,0.09496676176786423,1.0,0.953000009059906
YJL167W,YGR159C,0,-8.741107,0.09495774656534195,1.0,0.9531000256538391
YBR286W,YJL109C,0,-8.746037,0.09494873136281967,1.0,0.9531999826431274
YMR303C,YAR031W,0,-8.747749,0.0949397161602974,1.0,0.9532999992370605
YOL033W,YDL084W,0,-8.748143,0.09493070095777512,1.0,0.9534000158309937
YKR024C,YLR248W,0,-8.748519,0.09492169320583344,1.0,0.953499972820282
YNL192W,YLL060C,0,-8.750029,0.09491267800331116,1.0,0.9535999894142151
YLR023C,YOR288C,0,-8.75189,0.09490367025136948,1.0,0.9537000060081482
YNL110C,YHR027C,0,-8.755045,0.09489466995000839,1.0,0.9538000226020813
YKL053C-A,YDR280W,0,-8.75941,0.09488566219806671,1.0,0.9538999795913696
YLL041C,YHR206W,0,-8.760178,0.09487666189670563,1.0,0.9539999961853027
YLL019C,YBR002C,0,-8.760366,0.09486766159534454,1.0,0.9541000127792358
YGR157W,YKR024C,0,-8.761857,0.09485866129398346,1.0,0.954200029373169
YER110C,YMR142C,0,-8.762319,0.09484966099262238,1.0,0.9542999863624573
YLL015W,YDL150W,0,-8.763365,0.09484066814184189,1.0,0.9544000029563904
YMR136W,YLL027W,0,-8.764494,0.0948316752910614,1.0,0.9545000195503235
YLR060W,YML055W,0,-8.764552,0.09482268244028091,1.0,0.9545999765396118
YBR153W,YMR104C,0,-8.771768,0.09481368958950043,1.0,0.9546999931335449
YOL016C,YML028W,0,-8.7765255,0.09480470418930054,1.0,0.954800009727478
YKL004W,YBR155W,0,-8.781257,0.09479571878910065,1.0,0.9549000263214111
YOR348C,YOR137C,0,-8.7830305,0.09478673338890076,1.0,0.9549999833106995
YOR098C,YNR034W,0,-8.785153,0.09477774798870087,1.0,0.9550999999046326
YHR068W,YJR137C,0,-8.7861805,0.09476876258850098,1.0,0.9552000164985657
YML110C,YDR037W,0,-8.786255,0.09475978463888168,1.0,0.955299973487854
YNR002C,YKL196C,0,-8.789822,0.09475080668926239,1.0,0.9553999900817871
YGR028W,YOR182C,0,-8.792503,0.0947418287396431,1.0,0.9555000066757202
YMR211W,YGR245C,0,-8.795149,0.0947328507900238,1.0,0.9556000232696533
YIL098C,YGR285C,0,-8.797607,0.09472388029098511,1.0,0.9556999802589417
YOL086C,YER020W,0,-8.797863,0.09471490979194641,1.0,0.9557999968528748
YPR001W,YBR048W,0,-8.801744,0.09470593929290771,1.0,0.9559000134468079
YOR133W,YDR030C,0,-8.804832,0.09469696879386902,1.0,0.9559999704360962
YDR361C,YPL126W,0,-8.807339,0.09468800574541092,1.0,0.9560999870300293
YOR348C,YMR067C,0,-8.807583,0.09467903524637222,1.0,0.9562000036239624
YJR125C,YBR066C,0,-8.808616,0.09467007219791412,1.0,0.9563000202178955
YHR088W,YPL218W,0,-8.809391,0.09466111660003662,1.0,0.9563999772071838
YER154W,YEL012W,0,-8.809727,0.09465215355157852,1.0,0.9564999938011169
YAL012W,YGL006W,0,-8.809747,0.09464319795370102,1.0,0.95660001039505
YPR134W,YCR072C,0,-8.810475,0.09463424235582352,1.0,0.9567000269889832
YMR128W,YOR153W,0,-8.810742,0.09462528675794601,1.0,0.9567999839782715
YGL029W,YNL138W,0,-8.811793,0.09461633116006851,1.0,0.9569000005722046
YKL060C,YKR067W,0,-8.814241,0.0946073830127716,1.0,0.9570000171661377
YML060W,YNR034W,0,-8.8152685,0.0945984274148941,1.0,0.957099974155426
YOR031W,YLR285W,0,-8.817576,0.0945894792675972,1.0,0.9571999907493591
YOL076W,YPL058C,0,-8.818393,0.09458053857088089,1.0,0.9573000073432922
YGL168W,YPR191W,0,-8.819862,0.09457159042358398,1.0,0.9574000239372253
YDR459C,YPR154W,0,-8.823298,0.09456264972686768,1.0,0.9574999809265137
YCR031C,YLR197W,0,-8.823349,0.09455370903015137,1.0,0.9575999975204468
YKL186C,YKL120W,0,-8.824327,0.09454476833343506,1.0,0.9577000141143799
YKL082C,YLR006C,0,-8.82539,0.09453582763671875,1.0,0.9577999711036682
YOR173W,YOL055C,0,-8.825465,0.09452689439058304,1.0,0.9578999876976013
YML019W,YDR449C,0,-8.827175,0.09451796114444733,1.0,0.9580000042915344
YDR492W,YJL050W,0,-8.831324,0.09450902789831161,1.0,0.9581000208854675
YBR247C,YDR277C,0,-8.840559,0.0945000946521759,1.0,0.9581999778747559
YOR245C,YOR230W,0,-8.842915,0.09449116140604019,1.0,0.958299994468689
YHR068W,YBR061C,0,-8.844099,0.09448223561048508,1.0,0.9584000110626221
YMR056C,YOL158C,0,-8.849492,0.09447330981492996,1.0,0.9585000276565552
YGL029W,YHR157W,0,-8.854454,0.09446438401937485,1.0,0.9585999846458435
YOR133W,YBR294W,0,-8.856421,0.09445546567440033,1.0,0.9587000012397766
YAL044C,YGR214W,0,-8.860758,0.09444653987884521,1.0,0.9588000178337097
YIL121W,YPL087W,0,-8.863403,0.0944376215338707,1.0,0.958899974822998
YPR154W,YPR190C,0,-8.8637085,0.09442870318889618,1.0,0.9589999914169312
YHR039C,YLR196W,0,-8.865931,0.09441979229450226,1.0,0.9591000080108643
YLR106C,YDR529C,0,-8.866218,0.09441087394952774,1.0,0.9592000246047974
YPL212C,YHR139C,0,-8.86692,0.09440196305513382,1.0,0.9592999815940857
YKL150W,YLL012W,0,-8.874055,0.0943930521607399,1.0,0.9593999981880188
YGR192C,YJL069C,0,-8.876715,0.09438414126634598,1.0,0.9595000147819519
YHR039C,YLL041C,0,-8.877286,0.09437523782253265,1.0,0.9595999717712402
YIL076W,YBL004W,0,-8.878649,0.09436632692813873,1.0,0.9596999883651733
YMR136W,YNR017W,0,-8.8796625,0.09435742348432541,1.0,0.9598000049591064
YLR074C,YOR046C,0,-8.880414,0.09434852004051208,1.0,0.9599000215530396
YOR260W,YKR081C,0,-8.885267,0.09433962404727936,1.0,0.9599999785423279
YGL037C,YMR214W,0,-8.886929,0.09433072060346603,1.0,0.960099995136261
YBR145W,YGR103W,0,-8.890669,0.0943218246102333,1.0,0.9602000117301941
YDL029W,YHR005C,0,-8.893182,0.09431292861700058,1.0,0.9603000283241272
YPL086C,YIL065C,0,-8.894039,0.09430403262376785,1.0,0.9603999853134155
YCL025C,YDL132W,0,-8.897088,0.09429514408111572,1.0,0.9605000019073486
YPR144C,YJL104W,0,-8.90041,0.09428625553846359,1.0,0.9606000185012817
YGL120C,YKR057W,0,-8.901284,0.09427736699581146,1.0,0.9606999754905701
YLR069C,YMR079W,0,-8.907082,0.09426847845315933,1.0,0.9607999920845032
YOR142W,YOR098C,0,-8.907568,0.0942595899105072,1.0,0.9609000086784363
YNR019W,YHR193C,0,-8.909791,0.09425070881843567,1.0,0.9610000252723694
YCL035C,YHR081W,0,-8.912443,0.09424182772636414,1.0,0.9610999822616577
YJL116C,YOL097C,0,-8.914039,0.0942329466342926,1.0,0.9611999988555908
YGR159C,YBR082C,0,-8.917199,0.09422406554222107,1.0,0.9613000154495239
YDR216W,YDR324C,0,-8.920906,0.09421518445014954,1.0,0.9613999724388123
YGR145W,YCR091W,0,-8.921666,0.0942063108086586,1.0,0.9614999890327454
YGR135W,YLR009W,0,-8.9246645,0.09419743716716766,1.0,0.9616000056266785
YJL039C,YKR081C,0,-8.926645,0.09418856352567673,1.0,0.9617000222206116
YJL157C,YOL111C,0,-8.933139,0.09417969733476639,1.0,0.9617999792098999
YNL153C,YJL191W,0,-8.937906,0.09417082369327545,1.0,0.961899995803833
YDR297W,YOL109W,0,-8.94175,0.09416195750236511,1.0,0.9620000123977661
YLR051C,YDR465C,0,-8.943428,0.09415309131145477,1.0,0.9621000289916992
YPL078C,YKR024C,0,-8.944205,0.09414423257112503,1.0,0.9621999859809875
YFR001W,YHR139C,0,-8.946009,0.09413536638021469,1.0,0.9623000025749207
YDL085W,YLR167W,0,-8.946669,0.09412650763988495,1.0,0.9624000191688538
YFL029C,YFL014W,0,-8.948772,0.0941176488995552,1.0,0.9624999761581421
YNR001C,YHR070W,0,-8.949319,0.09410879015922546,1.0,0.9625999927520752
YML074C,YPL152W,0,-8.94939,0.09409993141889572,1.0,0.9627000093460083
YAL054C,YJL089W,0,-8.95168,0.09409108012914658,1.0,0.9628000259399414
YPR167C,YOR344C,0,-8.954592,0.09408222883939743,1.0,0.9628999829292297
YEL029C,YOR120W,0,-8.956783,0.09407337754964828,1.0,0.9629999995231628
YBR154C,YDL130W,0,-8.962358,0.09406452625989914,1.0,0.963100016117096
YPL078C,YOR206W,0,-8.965806,0.09405568242073059,1.0,0.9631999731063843
YML128C,YIL160C,0,-8.9735155,0.09404683858156204,1.0,0.9632999897003174
YLR303W,YBL024W,0,-8.9745245,0.0940379947423935,1.0,0.9634000062942505
YDR046C,YER052C,0,-8.975466,0.09402915090322495,1.0,0.9635000228881836
YNL135C,YGR197C,0,-8.975795,0.0940203070640564,1.0,0.9635999798774719
YNR027W,YDR294C,0,-8.979543,0.09401147067546844,1.0,0.963699996471405
YDL045C,YDL201W,0,-8.986307,0.0940026342868805,1.0,0.9638000130653381
YBR155W,YOR243C,0,-8.997532,0.09399379789829254,1.0,0.9639000296592712
YOR100C,YJL125C,0,-9.003489,0.09398496150970459,1.0,0.9639999866485596
YPL249C,YCR031C,0,-9.005231,0.09397613257169724,1.0,0.9641000032424927
YIL124W,YGR085C,0,-9.005317,0.09396729618310928,1.0,0.9642000198364258
YLR080W,YER025W,0,-9.005964,0.09395846724510193,1.0,0.9642999768257141
YAL012W,YJL102W,0,-9.006364,0.09394964575767517,1.0,0.9643999934196472
YOR133W,YCR057C,0,-9.007442,0.09394081681966782,1.0,0.9645000100135803
YLR157C,YGR177C,0,-9.011102,0.09393199533224106,1.0,0.9646000266075134
YDL230W,YLR009W,0,-9.022933,0.0939231738448143,1.0,0.9646999835968018
YER036C,YMR053C,0,-9.026382,0.09391435235738754,1.0,0.9648000001907349
YDR395W,YBR117C,0,-9.031422,0.09390553086996078,1.0,0.964900016784668
YNR019W,YDL084W,0,-9.033939,0.09389671683311462,1.0,0.9649999737739563
YGL084C,YLR355C,0,-9.035322,0.09388789534568787,1.0,0.9650999903678894
YLR304C,YER072W,0,-9.038572,0.0938790813088417,1.0,0.9652000069618225
YJL050W,YDR255C,0,-9.041382,0.09387027472257614,1.0,0.9653000235557556
YMR237W,YMR049C,0,-9.047796,0.09386146068572998,1.0,0.965399980545044
YDL045C,YMR142C,0,-9.0517025,0.09385265409946442,1.0,0.965499997138977
YPR102C,YCL033C,0,-9.056963,0.09384384751319885,1.0,0.9656000137329102
YJR070C,YMR267W,0,-9.061523,0.09383504092693329,1.0,0.9656999707221985
YPL240C,YPL274W,0,-9.061863,0.09382623434066772,1.0,0.9657999873161316
YKR066C,YIR012W,0,-9.065142,0.09381742775440216,1.0,0.9659000039100647
YPR167C,YJL036W,0,-9.066929,0.0938086286187172,1.0,0.9660000205039978
YER020W,YKL082C,0,-9.070793,0.09379982948303223,1.0,0.9660999774932861
YPL248C,YJR145C,0,-9.075269,0.09379103034734726,1.0,0.9661999940872192
YDR046C,YPR052C,0,-9.081422,0.09378223866224289,1.0,0.9663000106811523
YGL135W,YPR163C,0,-9.082382,0.09377344697713852,1.0,0.9664000272750854
YOR046C,YDR342C,0,-9.083231,0.09376464784145355,1.0,0.9664999842643738
YLR074C,YDL188C,0,-9.0857115,0.09375585615634918,1.0,0.9666000008583069
YKL082C,YMR140W,0,-9.088537,0.09374707192182541,1.0,0.96670001745224
YNR015W,YDR297W,0,-9.089675,0.09373828023672104,1.0,0.9667999744415283
YLR158C,YER044C,0,-9.090688,0.09372949600219727,1.0,0.9668999910354614
YDR479C,YPR190C,0,-9.1001625,0.09372071176767349,1.0,0.9670000076293945
YBR177C,YLR355C,0,-9.10067,0.09371192753314972,1.0,0.9671000242233276
YAL035W,YGR245C,0,-9.10889,0.09370315074920654,1.0,0.967199981212616
YGL037C,YKR050W,0,-9.110479,0.09369436651468277,1.0,0.9672999978065491
YMR145C,YDR418W,0,-9.113291,0.0936855897307396,1.0,0.9674000144004822
YJR002W,YHR157W,0,-9.119041,0.09367681294679642,1.0,0.9674999713897705
YDR037W,YPL224C,0,-9.119134,0.09366804361343384,1.0,0.9675999879837036
YBL016W,YNL281W,0,-9.122594,0.09365926682949066,1.0,0.9677000045776367
YJR070C,YDR277C,0,-9.127487,0.09365049749612808,1.0,0.9678000211715698
YCL025C,YIL070C,0,-9.129486,0.0936417281627655,1.0,0.9678999781608582
YHR174W,YKL053C-A,0,-9.129832,0.09363295882940292,1.0,0.9679999947547913
YGR214W,YHR006W,0,-9.131186,0.09362418949604034,1.0,0.9681000113487244
YCL059C,YOR087W,0,-9.133672,0.09361542761325836,1.0,0.9682000279426575
YDL084W,YJR103W,0,-9.133827,0.09360666573047638,1.0,0.9682999849319458
YBR066C,YFL005W,0,-9.135307,0.0935979038476944,1.0,0.9684000015258789
YMR303C,YIL138C,0,-9.136433,0.09358914196491241,1.0,0.968500018119812
YGR055W,YEL031W,0,-9.1365,0.09358038753271103,1.0,0.9685999751091003
YNL220W,YGL037C,0,-9.139984,0.09357162564992905,1.0,0.9686999917030334
YBR247C,YKL195W,0,-9.152114,0.09356287121772766,1.0,0.9688000082969666
YML080W,YLR303W,0,-9.153219,0.09355412423610687,1.0,0.9689000248908997
YJL140W,YLL012W,0,-9.160802,0.09354536980390549,1.0,0.968999981880188
YBR247C,YJL098W,0,-9.161942,0.0935366228222847,1.0,0.9690999984741211
YKL038W,YBR154C,0,-9.162916,0.09352786839008331,1.0,0.9692000150680542
YNL207W,YEL050C,0,-9.164358,0.09351912140846252,1.0,0.9692999720573425
YLR134W,YGL037C,0,-9.173637,0.09351038187742233,1.0,0.9693999886512756
YNL001W,YLL019C,0,-9.173812,0.09350163489580154,1.0,0.9695000052452087
YFR053C,YCR044C,0,-9.176361,0.09349289536476135,1.0,0.9696000218391418
YBL098W,YDL198C,0,-9.179064,0.09348415583372116,1.0,0.9696999788284302
YLR316C,YGL227W,0,-9.180883,0.09347541630268097,1.0,0.9697999954223633
YPL075W,YER127W,0,-9.181303,0.09346667677164078,1.0,0.9699000120162964
YDR069C,YLL011W,0,-9.18182,0.09345794469118118,1.0,0.9700000286102295
YDL166C,YLR060W,0,-9.189184,0.09344921261072159,1.0,0.9700999855995178
YOR241W,YDR178W,0,-9.190579,0.093440480530262,1.0,0.9702000021934509
YKL009W,YOL040C,0,-9.194061,0.0934317484498024,1.0,0.970300018787384
YML042W,YAL059W,0,-9.199631,0.0934230163693428,1.0,0.9703999757766724
YLR196W,YDR058C,0,-9.2028675,0.0934142917394638,1.0,0.9704999923706055
YNL110C,YMR305C,0,-9.204954,0.09340556710958481,1.0,0.9706000089645386
YNR016C,YHR169W,0,-9.206396,0.09339684247970581,1.0,0.9707000255584717
YOR206W,YDR129C,0,-9.20695,0.09338811784982681,1.0,0.97079998254776
YOR253W,YJR145C,0,-9.214145,0.09337940067052841,1.0,0.9708999991416931
YBR177C,YCR031C,0,-9.215584,0.09337068349123001,1.0,0.9710000157356262
YML074C,YCL035C,0,-9.216074,0.09336196631193161,1.0,0.9710999727249146
YLL011W,YCR083W,0,-9.22814,0.09335324913263321,1.0,0.9711999893188477
YMR303C,YPL063W,0,-9.2342825,0.09334453195333481,1.0,0.9713000059127808
YLR186W,YER021W,0,-9.235359,0.093335822224617,1.0,0.9714000225067139
YOR173W,YPR024W,0,-9.23618,0.0933271124958992,1.0,0.9714999794960022
YNL037C,YKL082C,0,-9.238824,0.0933184027671814,1.0,0.9715999960899353
YLR246W,YDL130W,0,-9.241227,0.09330969303846359,1.0,0.9717000126838684
YDL229W,YDR059C,0,-9.242916,0.09330099076032639,1.0,0.9718000292778015
YBR154C,YGL229C,0,-9.243662,0.09329228103160858,1.0,0.9718999862670898
YDR091C,YHR196W,0,-9.244334,0.09328357875347137,1.0,0.972000002861023
YDR148C,YNL016W,0,-9.244827,0.09327488392591476,1.0,0.972100019454956
YER028C,YMR104C,0,-9.2476425,0.09326618164777756,1.0,0.9721999764442444
YGL205W,YPR010C,0,-9.249864,0.09325748682022095,1.0,0.9722999930381775
YGR254W,YBR089C-A,0,-9.250385,0.09324878454208374,1.0,0.9724000096321106
YAL054C,YKR067W,0,-9.261503,0.09324008971452713,1.0,0.9725000262260437
YDR091C,YLR003C,0,-9.26156,0.09323140233755112,1.0,0.972599983215332
YLR002C,YBR183W,0,-9.263001,0.0932227075099945,1.0,0.9726999998092651
YAL054C,YGR090W,0,-9.263887,0.0932140201330185,1.0,0.9728000164031982
YKR038C,YDR148C,0,-9.266537,0.09320533275604248,1.0,0.9728999733924866
YNR001C,YOR061W,0,-9.269114,0.09319664537906647,1.0,0.9729999899864197
YJR070C,YDL112W,0,-9.271088,0.09318795800209045,1.0,0.9731000065803528
YDL137W,YJL050W,0,-9.279276,0.09317927807569504,1.0,0.9732000231742859
YLR133W,YBL042C,0,-9.282422,0.09317059814929962,1.0,0.9732999801635742
YLR186W,YFR009W,0,-9.285203,0.0931619182229042,1.0,0.9733999967575073
YJL063C,YJL069C,0,-9.286106,0.09315323829650879,1.0,0.9735000133514404
YMR173W,YHL007C,0,-9.292377,0.09314455837011337,1.0,0.9735999703407288
YOL086C,YKL085W,0,-9.292695,0.09313588589429855,1.0,0.9736999869346619
YDR171W,YLL041C,0,-9.302202,0.09312721341848373,1.0,0.973800003528595
YJL122W,YBR117C,0,-9.304009,0.09311854094266891,1.0,0.9739000201225281
YPL028W,YKL099C,0,-9.307379,0.0931098684668541,1.0,0.9739999771118164
YNL113W,YJL141C,0,-9.308543,0.09310120344161987,1.0,0.9740999937057495
YOR275C,YJL190C,0,-9.318515,0.09309253096580505,1.0,0.9742000102996826
YGR204W,YKL195W,0,-9.321151,0.09308386594057083,1.0,0.9743000268936157
YOL051W,YNL113W,0,-9.334994,0.0930752083659172,1.0,0.974399983882904
YKL004W,YMR235C,0,-9.337406,0.09306654334068298,1.0,0.9745000004768372
YGR123C,YER103W,0,-9.351959,0.09305787831544876,1.0,0.9746000170707703
YCL025C,YER103W,0,-9.359441,0.09304922074079514,1.0,0.9746999740600586
YOR188W,YJR073C,0,-9.36055,0.09304056316614151,1.0,0.9747999906539917
YKL026C,YFR050C,0,-9.366877,0.09303191304206848,1.0,0.9749000072479248
YLR401C,YKR039W,0,-9.3673,0.09302325546741486,1.0,0.9750000238418579
YLR158C,YKL170W,0,-9.369199,0.09301460534334183,1.0,0.9750999808311462
YLR291C,YDL014W,0,-9.37267,0.0930059552192688,1.0,0.9751999974250793
YPL058C,YHR038W,0,-9.373242,0.09299730509519577,1.0,0.9753000140190125
YMR049C,YLR219W,0,-9.376606,0.09298865497112274,1.0,0.9753999710083008
YNL135C,YBR169C,0,-9.376878,0.09298001229763031,1.0,0.9754999876022339
YDR258C,YHL011C,0,-9.377247,0.09297136217355728,1.0,0.975600004196167
YCR072C,YLR197W,0,-9.380209,0.09296271950006485,1.0,0.9757000207901001
YGR280C,YKL140W,0,-9.383926,0.09295408427715302,1.0,0.9757999777793884
YOR188W,YNL160W,0,-9.390547,0.09294544160366058,1.0,0.9758999943733215
YPR005C,YNR053C,0,-9.391928,0.09293680638074875,1.0,0.9760000109672546
YMR303C,YGL063W,0,-9.397374,0.09292816370725632,1.0,0.9761000275611877
YGR010W,YCR031C,0,-9.402679,0.09291952848434448,1.0,0.9761999845504761
YOR206W,YNL026W,0,-9.402816,0.09291090071201324,1.0,0.9763000011444092
YJR121W,YOR224C,0,-9.408236,0.09290226548910141,1.0,0.9764000177383423
YOR347C,YJR145C,0,-9.408554,0.09289363771677017,1.0,0.9764999747276306
YDR171W,YJR007W,0,-9.41705,0.09288500994443893,1.0,0.9765999913215637
YLR192C,YBR079C,0,-9.420189,0.0928763821721077,1.0,0.9767000079154968
YLL042C,YDL051W,0,-9.422724,0.09286775439977646,1.0,0.9768000245094299
YKL195W,YOR145C,0,-9.42426,0.09285913407802582,1.0,0.9768999814987183
YDR299W,YJR137C,0,-9.428707,0.09285051375627518,1.0,0.9769999980926514
YFR024C-A,YPR132W,0,-9.437925,0.09284189343452454,1.0,0.9771000146865845
YJL122W,YDR411C,0,-9.44654,0.0928332731127739,1.0,0.9771999716758728
YGL078C,YLR009W,0,-9.456752,0.09282465279102325,1.0,0.9772999882698059
YJR070C,YLL061W,0,-9.46297,0.09281603991985321,1.0,0.977400004863739
YDR516C,YOR346W,0,-9.467402,0.09280742704868317,1.0,0.9775000214576721
YIL018W,YGR118W,0,-9.476195,0.09279881417751312,1.0,0.9775999784469604
YDR518W,YML123C,0,-9.479523,0.09279020130634308,1.0,0.9776999950408936
YLR129W,YJL036W,0,-9.480703,0.09278158843517303,1.0,0.9778000116348267
YOR078W,YMR305C,0,-9.483778,0.09277298301458359,1.0,0.9779000282287598
YLR350W,YBR169C,0,-9.484481,0.09276437759399414,1.0,0.9779999852180481
YJL167W,YHR197W,0,-9.486491,0.0927557721734047,1.0,0.9781000018119812
YPL028W,YPR110C,0,-9.490453,0.09274717420339584,1.0,0.9782000184059143
YGL047W,YBL061C,0,-9.4994755,0.0927385687828064,1.0,0.9782999753952026
YDR046C,YPL265W,0,-9.505495,0.09272997081279755,1.0,0.9783999919891357
YLR192C,YPR041W,0,-9.521016,0.0927213728427887,1.0,0.9785000085830688
YOR056C,YNL002C,0,-9.52328,0.09271277487277985,1.0,0.978600025177002
YFR024C-A,YER001W,0,-9.526358,0.09270418435335159,1.0,0.9786999821662903
YFR001W,YLR165C,0,-9.529732,0.09269558638334274,1.0,0.9787999987602234
YBR048W,YDR083W,0,-9.5350065,0.09268699586391449,1.0,0.9789000153541565
YKR081C,YDL130W-A,0,-9.535549,0.09267840534448624,1.0,0.9789999723434448
YOR142W,YPR080W,0,-9.536619,0.09266981482505798,1.0,0.9790999889373779
YDL181W,YKL008C,0,-9.536922,0.09266123175621033,1.0,0.979200005531311
YDL029W,YLR435W,0,-9.538027,0.09265264868736267,1.0,0.9793000221252441
YGR103W,YHR027C,0,-9.54261,0.09264405816793442,1.0,0.9793999791145325
YNL173C,YCR012W,0,-9.543039,0.09263548254966736,1.0,0.9794999957084656
YFL039C,YFL014W,0,-9.546048,0.0926268994808197,1.0,0.9796000123023987
YBR037C,YKL099C,0,-9.550939,0.09261831641197205,1.0,0.9797000288963318
YBR117C,YER049W,0,-9.554352,0.09260974079370499,1.0,0.9797999858856201
YNL065W,YGL135W,0,-9.554725,0.09260116517543793,1.0,0.9799000024795532
YLR158C,YPL146C,0,-9.555082,0.09259258955717087,1.0,0.9800000190734863
YNL268W,YML123C,0,-9.556473,0.0925840213894844,1.0,0.9800999760627747
YHR133C,YMR093W,0,-9.572506,0.09257544577121735,1.0,0.9801999926567078
YMR072W,YLR048W,0,-9.575196,0.09256687760353088,1.0,0.9803000092506409
YBR072W,YJL203W,0,-9.588884,0.09255830943584442,1.0,0.980400025844574
YKL026C,YLR106C,0,-9.593965,0.09254974871873856,1.0,0.9804999828338623
YMR239C,YDR083W,0,-9.598917,0.0925411805510521,1.0,0.9805999994277954
YML042W,YGR094W,0,-9.612476,0.09253261983394623,1.0,0.9807000160217285
YNL110C,YHL024W,0,-9.612763,0.09252405911684036,1.0,0.9807999730110168
YDR184C,YCR057C,0,-9.618252,0.0925154983997345,1.0,0.98089998960495
YBL045C,YLR342W,0,-9.625744,0.09250693768262863,1.0,0.9810000061988831
YBL093C,YGR248W,0,-9.627214,0.09249838441610336,1.0,0.9811000227928162
YDR138W,YBR066C,0,-9.630953,0.0924898236989975,1.0,0.9811999797821045
YOR011W,YFL014W,0,-9.63792,0.09248127043247223,1.0,0.9812999963760376
YLR401C,YOR260W,0,-9.640168,0.09247271716594696,1.0,0.9814000129699707
YDL024C,YOR185C,0,-9.643034,0.09246417135000229,1.0,0.9815000295639038
YGL205W,YPL237W,0,-9.644892,0.09245561808347702,1.0,0.9815999865531921
YGR055W,YLR208W,0,-9.646372,0.09244707226753235,1.0,0.9817000031471252
YOR020C,YDR492W,0,-9.64691,0.09243852645158768,1.0,0.9818000197410583
YDL178W,YLR186W,0,-9.649107,0.092429980635643,1.0,0.9818999767303467
YDR129C,YGR248W,0,-9.651926,0.09242144227027893,1.0,0.9819999933242798
YGR220C,YOR182C,0,-9.652319,0.09241290390491486,1.0,0.9821000099182129
YNL002C,YGL030W,0,-9.665655,0.09240435808897018,1.0,0.982200026512146
YDL004W,YHR143W-A,0,-9.675594,0.0923958271741867,1.0,0.9822999835014343
YML113W,YMR139W,0,-9.675811,0.09238728880882263,1.0,0.9824000000953674
YOR185C,YOR032C,0,-9.6861,0.09237875044345856,1.0,0.9825000166893005
YKL021C,YJR103W,0,-9.690079,0.09237021952867508,1.0,0.9825999736785889
YLR051C,YDR293C,0,-9.694978,0.0923616886138916,1.0,0.982699990272522
YGR037C,YFL014W,0,-9.699028,0.09235315769910812,1.0,0.9828000068664551
YDR272W,YOR098C,0,-9.700163,0.09234462678432465,1.0,0.9829000234603882
YGR145W,YER082C,0,-9.712431,0.09233610332012177,1.0,0.9829999804496765
YLR303W,YEL054C,0,-9.7290945,0.09232757985591888,1.0,0.9830999970436096
YDR216W,YDL083C,0,-9.730082,0.092319056391716,1.0,0.9832000136375427
YPL217C,YLR276C,0,-9.735099,0.09231053292751312,1.0,0.983299970626831
YAL059W,YOR087W,0,-9.741763,0.09230200946331024,1.0,0.9833999872207642
YAL059W,YJL102W,0,-9.747432,0.09229349344968796,1.0,0.9835000038146973
YPL135W,YOR182C,0,-9.749012,0.09228497743606567,1.0,0.9836000204086304
YDR385W,YHL024W,0,-9.768122,0.09227646142244339,1.0,0.9836999773979187
YHL011C,YDL083C,0,-9.777933,0.0922679454088211,1.0,0.9837999939918518
YBR155W,YOR142W,0,-9.778008,0.09225943684577942,1.0,0.9839000105857849
YMR308C,YDR091C,0,-9.781641,0.09225092083215714,1.0,0.984000027179718
YHR086W,YOR348C,0,-9.78598,0.09224241226911545,1.0,0.9840999841690063
YER165W,YJR103W,0,-9.786406,0.09223390370607376,1.0,0.9842000007629395
YOR347C,YPL203W,0,-9.787832,0.09222540259361267,1.0,0.9843000173568726
YJR070C,YDL150W,0,-9.7916565,0.09221689403057098,1.0,0.9843999743461609
YMR308C,YDL081C,0,-9.795285,0.0922083929181099,1.0,0.984499990940094
YCL039W,YLR448W,0,-9.796915,0.0921998918056488,1.0,0.9846000075340271
YNR003C,YCR083W,0,-9.802641,0.09219139069318771,1.0,0.9847000241279602
YLL041C,YOL093W,0,-9.806857,0.09218288958072662,1.0,0.9847999811172485
YNL248C,YGL104C,0,-9.809868,0.09217439591884613,1.0,0.9848999977111816
YDR513W,YOR145C,0,-9.816093,0.09216590225696564,1.0,0.9850000143051147
YCL059C,YLR069C,0,-9.8164625,0.09215740114450455,1.0,0.9850999712944031
YOR340C,YIL075C,0,-9.817802,0.09214891493320465,1.0,0.9851999878883362
YFL029C,YPL160W,0,-9.819426,0.09214042127132416,1.0,0.9853000044822693
YJL138C,YFR003C,0,-9.819841,0.09213193506002426,1.0,0.9854000210762024
YBR155W,YGR245C,0,-9.843171,0.09212344884872437,1.0,0.9854999780654907
YNL111C,YLR048W,0,-9.843968,0.09211496263742447,1.0,0.9855999946594238
YNR053C,YGL229C,0,-9.850031,0.09210647642612457,1.0,0.9857000112533569
YJR013W,YOR348C,0,-9.855386,0.09209799021482468,1.0,0.98580002784729
YDL188C,YKR081C,0,-9.871849,0.09208951145410538,1.0,0.9858999848365784
YER165W,YNR015W,0,-9.875029,0.09208103269338608,1.0,0.9860000014305115
YLR165C,YNL002C,0,-9.906697,0.09207255393266678,1.0,0.9861000180244446
YHR143W-A,YBR037C,0,-9.912652,0.09206407517194748,1.0,0.9861999750137329
YDL031W,YGL053W,0,-9.917392,0.09205560386180878,1.0,0.986299991607666
YDR037W,YPL012W,0,-9.921837,0.09204712510108948,1.0,0.9864000082015991
YAL054C,YDL150W,0,-9.933906,0.09203865379095078,1.0,0.9865000247955322
YPR154W,YHR008C,0,-9.94931,0.09203018248081207,1.0,0.9865999817848206
YOR145C,YPL026C,0,-9.964458,0.09202171862125397,1.0,0.9866999983787537
YDL024C,YPR154W,0,-9.965915,0.09201324731111526,1.0,0.9868000149726868
YOR040W,YCR031C,0,-9.975945,0.09200478345155716,1.0,0.9868999719619751
YNL075W,YOL002C,0,-9.977156,0.09199631959199905,1.0,0.9869999885559082
YKL009W,YBR089C-A,0,-9.979384,0.09198785573244095,1.0,0.9871000051498413
YOL033W,YOL040C,0,-9.982809,0.09197939932346344,1.0,0.9872000217437744
YDR516C,YKL141W,0,-9.989501,0.09197093546390533,1.0,0.9872999787330627
YLR293C,YDR077W,0,-10.001275,0.09196247905492783,1.0,0.9873999953269958
YDR060W,YPL203W,0,-10.00154,0.09195402264595032,1.0,0.987500011920929
YLR401C,YJL141C,0,-10.011048,0.09194556623697281,1.0,0.9876000285148621
YDL081C,YOR294W,0,-10.013751,0.0919371172785759,1.0,0.9876999855041504
YHR068W,YJR144W,0,-10.017203,0.09192866086959839,1.0,0.9878000020980835
YIL033C,YLR003C,0,-10.0179,0.09192021191120148,1.0,0.9879000186920166
YOR206W,YGR161C,0,-10.020719,0.09191176295280457,1.0,0.9879999756813049
YDR101C,YIL155C,0,-10.024139,0.09190331399440765,1.0,0.988099992275238
YOR206W,YGL104C,0,-10.046879,0.09189487248659134,1.0,0.9882000088691711
YNL065W,YBR297W,0,-10.058268,0.09188643097877502,1.0,0.9883000254631042
YBR185C,YPR041W,0,-10.07897,0.09187798947095871,1.0,0.9883999824523926
YOR182C,YBR006W,0,-10.083089,0.0918695479631424,1.0,0.9884999990463257
YLR370C,YPR132W,0,-10.086874,0.09186110645532608,1.0,0.9886000156402588
YEL024W,YOL129W,0,-10.099509,0.09185266494750977,1.0,0.9886999726295471
YDR083W,YJL048C,0,-10.107914,0.09184423089027405,1.0,0.9887999892234802
YAL042W,YLL012W,0,-10.108038,0.09183579683303833,1.0,0.9889000058174133
YDR060W,YGR080W,0,-10.109468,0.09182736277580261,1.0,0.9890000224113464
YHR052W,YLR048W,0,-10.112991,0.09181893616914749,1.0,0.9890999794006348
YGL029W,YLL041C,0,-10.126951,0.09181050211191177,1.0,0.9891999959945679
YGL206C,YDL223C,0,-10.132074,0.09180207550525665,1.0,0.989300012588501
YER036C,YOL082W,0,-10.144185,0.09179364889860153,1.0,0.9894000291824341
YNL274C,YKL008C,0,-10.150997,0.09178522229194641,1.0,0.9894999861717224
YLR342W,YHL024W,0,-10.161136,0.09177679568529129,1.0,0.9896000027656555
YPL224C,YGR248W,0,-10.181145,0.09176837652921677,1.0,0.9897000193595886
YOR056C,YHL024W,0,-10.188042,0.09175995737314224,1.0,0.989799976348877
YDR298C,YNR001C,0,-10.1886,0.09175153821706772,1.0,0.9898999929428101
YNR054C,YMR104C,0,-10.191097,0.0917431190609932,1.0,0.9900000095367432
YKR046C,YBR069C,0,-10.20334,0.09173469990491867,1.0,0.9901000261306763
YLR401C,YNL257C,0,-10.206792,0.09172628819942474,1.0,0.9901999831199646
YJR073C,YOR036W,0,-10.214488,0.09171787649393082,1.0,0.9902999997138977
YML110C,YLR186W,0,-10.227999,0.09170946478843689,1.0,0.9904000163078308
YLR303W,YNL110C,0,-10.239156,0.09170105308294296,1.0,0.9904999732971191
YGL078C,YPR041W,0,-10.253723,0.09169264882802963,1.0,0.9905999898910522
YOR185C,YBR273C,0,-10.302222,0.0916842371225357,1.0,0.9907000064849854
YGL078C,YEL024W,0,-10.310249,0.09167583286762238,1.0,0.9908000230789185
YPL160W,YMR015C,0,-10.322852,0.09166742861270905,1.0,0.9908999800682068
YLR284C,YOL040C,0,-10.325867,0.09165903180837631,1.0,0.9909999966621399
YJR145C,YIL008W,0,-10.328734,0.09165062755346298,1.0,0.991100013256073
YGL115W,YOR344C,0,-10.331528,0.09164223074913025,1.0,0.9911999702453613
YKL114C,YOR173W,0,-10.337483,0.09163383394479752,1.0,0.9912999868392944
YGR280C,YEL050C,0,-10.352936,0.09162543714046478,1.0,0.9914000034332275
YKL021C,YLL041C,0,-10.357906,0.09161704033613205,1.0,0.9915000200271606
YFL014W,YPR167C,0,-10.360029,0.09160865098237991,1.0,0.991599977016449
YBR034C,YOR145C,0,-10.375006,0.09160025417804718,1.0,0.9916999936103821
YOR133W,YFL002C,0,-10.394318,0.09159186482429504,1.0,0.9918000102043152
YDR116C,YGR285C,0,-10.394552,0.09158347547054291,1.0,0.9919000267982483
YFL014W,YPL012W,0,-10.403583,0.09157509356737137,1.0,0.9919999837875366
YDR046C,YPL026C,0,-10.407672,0.09156670421361923,1.0,0.9921000003814697
YDR171W,YNL075W,0,-10.411965,0.09155832231044769,1.0,0.9922000169754028
YLR401C,YOR132W,0,-10.4131775,0.09154994040727615,1.0,0.9922999739646912
YOR120W,YDR002W,0,-10.436334,0.09154155850410461,1.0,0.9923999905586243
YOL086C,YFL014W,0,-10.43995,0.09153318405151367,1.0,0.9925000071525574
YLR192C,YDR178W,0,-10.440203,0.09152480214834213,1.0,0.9926000237464905
YER006W,YLL012W,0,-10.456248,0.09151642769575119,1.0,0.9926999807357788
YKR076W,YOR210W,0,-10.45916,0.09150805324316025,1.0,0.9927999973297119
YMR049C,YOR137C,0,-10.462737,0.0914996787905693,1.0,0.992900013923645
YPL160W,YIR026C,0,-10.491199,0.09149131178855896,1.0,0.9929999709129333
YML132W,YBR048W,0,-10.493757,0.09148293733596802,1.0,0.9930999875068665
YHL011C,YLL041C,0,-10.500801,0.09147457033395767,1.0,0.9932000041007996
YBR068C,YOR348C,0,-10.508326,0.09146620333194733,1.0,0.9933000206947327
YIL007C,YOL080C,0,-10.514717,0.09145783632993698,1.0,0.993399977684021
YGR159C,YOR386W,0,-10.525236,0.09144947677850723,1.0,0.9934999942779541
YNL113W,YAL016W,0,-10.525776,0.09144110977649689,1.0,0.9936000108718872
YOR185C,YCL059C,0,-10.526182,0.09143275022506714,1.0,0.9937000274658203
YHR171W,YLR401C,0,-10.542498,0.09142439067363739,1.0,0.9937999844551086
YNR001C,YGR248W,0,-10.55193,0.09141603112220764,1.0,0.9939000010490417
YGR159C,YNL055C,0,-10.564655,0.09140767902135849,1.0,0.9940000176429749
YHR169W,YLR051C,0,-10.569256,0.09139932692050934,1.0,0.9940999746322632
YCL025C,YJL102W,0,-10.580446,0.09139096736907959,1.0,0.9941999912261963
YBL015W,YHR052W,0,-10.597662,0.09138262271881104,1.0,0.9943000078201294
YOR095C,YGR008C,0,-10.599836,0.09137427061796188,1.0,0.9944000244140625
YJR004C,YER103W,0,-10.618149,0.09136591851711273,1.0,0.9944999814033508
YHR171W,YER082C,0,-10.669578,0.09135757386684418,1.0,0.9945999979972839
YHR089C,YBR079C,0,-10.682359,0.09134922921657562,1.0,0.994700014591217
YPL160W,YBR117C,0,-10.682716,0.09134088456630707,1.0,0.9947999715805054
YCL035C,YDR059C,0,-10.712382,0.09133253991603851,1.0,0.9948999881744385
YNL248C,YBR183W,0,-10.7262945,0.09132420271635056,1.0,0.9950000047683716
YGL053W,YLR048W,0,-10.728338,0.091315858066082,1.0,0.9951000213623047
YOR078W,YBR066C,0,-10.7342205,0.09130752086639404,1.0,0.995199978351593
YPL262W,YGR214W,0,-10.739068,0.09129919111728668,1.0,0.9952999949455261
YMR049C,YPR155C,0,-10.76971,0.09129085391759872,1.0,0.9954000115394592
YKR038C,YJL048C,0,-10.825331,0.09128251671791077,1.0,0.9955000281333923
YDL004W,YLR197W,0,-10.833767,0.0912741869688034,1.0,0.9955999851226807
YKL007W,YDR516C,0,-10.844485,0.09126585721969604,1.0,0.9957000017166138
YNL002C,YDR293C,0,-10.864168,0.09125752747058868,1.0,0.9958000183105469
YIL103W,YBR183W,0,-10.86883,0.09124920517206192,1.0,0.9958999752998352
YGL078C,YML080W,0,-10.896202,0.09124087542295456,1.0,0.9959999918937683
YIL124W,YDL166C,0,-10.908309,0.0912325531244278,1.0,0.9961000084877014
YOR168W,YPL019C,0,-10.928524,0.09122423082590103,1.0,0.9962000250816345
YLR175W,YOR206W,0,-10.943404,0.09121590852737427,1.0,0.9962999820709229
YOR120W,YER126C,0,-10.972049,0.0912075862288475,1.0,0.996399998664856
YNR002C,YLR264W,0,-10.97364,0.09119927138090134,1.0,0.9965000152587891
YLR129W,YGR256W,0,-10.980903,0.09119095653295517,1.0,0.9965999722480774
YEL024W,YMR260C,0,-10.982701,0.091182641685009,1.0,0.9966999888420105
YOR136W,YOL039W,0,-11.01413,0.09117432683706284,1.0,0.9968000054359436
YMR049C,YGR118W,0,-11.094686,0.09116601198911667,1.0,0.9969000220298767
YPR110C,YGL227W,0,-11.0965605,0.0911577045917511,1.0,0.996999979019165
YHR197W,YBR069C,0,-11.11593,0.09114939719438553,1.0,0.9970999956130981
YGR145W,YOR120W,0,-11.117857,0.09114108979701996,1.0,0.9972000122070312
YGR145W,YGR008C,0,-11.175222,0.09113278239965439,1.0,0.9973000288009644
YJR070C,YPL203W,0,-11.191387,0.09112447500228882,1.0,0.9973999857902527
YBR072W,YOR119C,0,-11.234959,0.09111617505550385,1.0,0.9975000023841858
YDR516C,YKR056W,0,-11.235411,0.09110787510871887,1.0,0.9976000189781189
YOL082W,YOR294W,0,-11.293534,0.0910995751619339,1.0,0.9976999759674072
YHR052W,YDR120C,0,-11.368019,0.09109127521514893,1.0,0.9977999925613403
YBR214W,YMR093W,0,-11.398287,0.09108297526836395,1.0,0.9979000091552734
YNL245C,YBR072W,0,-11.523596,0.09107468277215958,1.0,0.9980000257492065
YIL155C,YOR230W,0,-11.543986,0.0910663902759552,1.0,0.9980999827384949
YDR516C,YDR087C,0,-11.569384,0.09105809777975082,1.0,0.998199999332428
YKL150W,YDR412W,0,-11.648378,0.09104980528354645,1.0,0.9983000159263611
YAL059W,YOR348C,0,-11.822169,0.09104151278734207,1.0,0.9983999729156494
YHR171W,YOR340C,0,-11.891609,0.09103322774171829,1.0,0.9984999895095825
YDL223C,YGL037C,0,-11.897352,0.09102494269609451,1.0,0.9986000061035156
YLR270W,YLR221C,0,-11.913834,0.09101665765047073,1.0,0.9987000226974487
YOR348C,YLR448W,0,-11.938621,0.09100837260484695,1.0,0.9987999796867371
YBL024W,YMR093W,0,-11.943671,0.09100008755922318,1.0,0.9988999962806702
YNR001C,YDL060W,0,-11.9912,0.09099180996417999,1.0,0.9990000128746033
YLR448W,YEL012W,0,-12.065382,0.09098353236913681,1.0,0.9991000294685364
YNR001C,YMR093W,0,-12.187924,0.09097525477409363,1.0,0.9991999864578247
YDR361C,YFL014W,0,-12.236089,0.09096697717905045,1.0,0.9993000030517578
YOR206W,YGR245C,0,-12.257935,0.09095870703458786,1.0,0.9994000196456909
YCR057C,YGR008C,0,-12.266451,0.09095042943954468,1.0,0.9994999766349792
YCL040W,YGR081C,0,-12.270379,0.09094215929508209,1.0,0.9995999932289124
YHR171W,YGL078C,0,-12.272539,0.0909338891506195,1.0,0.9997000098228455
YNL274C,YML024W,0,-12.298614,0.09092562645673752,1.0,0.9998000264167786
YHR169W,YLR270W,0,-12.3406105,0.09091735631227493,1.0,0.9998999834060669
YKL150W,YGR264C,0,-12.473213,0.09090909361839294,1.0,1.0
