Gene A,Gene B,Label,Score,Precision,Recall,False Positive Rate
YPR184W,YDR188W,0,-2.2200193,0.0,0.0,9.999999747378752e-05
YDL168W,YMR105C,0,-2.2302928,0.0,0.0,0.00019999999494757503
YOL115W,YKL109W,0,-2.294899,0.0,0.0,0.0003000000142492354
YIL053W,YOR120W,1,-2.3119574,0.25,0.0010000000474974513,0.0003000000142492354
YOL064C,YOR120W,1,-2.3163733,0.4000000059604645,0.0020000000949949026,0.0003000000142492354
YPL059W,YBL061C,1,-2.3444195,0.5,0.003000000026077032,0.0003000000142492354
YDR019C,YBL047C,0,-2.3492656,0.4285714328289032,0.003000000026077032,0.00039999998989515007
YLR019W,YDR259C,0,-2.3835316,0.375,0.003000000026077032,0.0005000000237487257
YOR043W,YER062C,1,-2.4593987,0.4444444477558136,0.004000000189989805,0.0005000000237487257
YNL154C,YKL109W,0,-2.4636202,0.4000000059604645,0.004000000189989805,0.0006000000284984708
YFR053C,YNL056W,0,-2.4643192,0.3636363744735718,0.004000000189989805,0.000699999975040555
YDL132W,YOL059W,0,-2.4708166,0.3333333432674408,0.004000000189989805,0.0007999999797903001
YOL064C,YPL230W,1,-2.4865513,0.38461539149284363,0.004999999888241291,0.0007999999797903001
YGR193C,YBL075C,0,-2.513198,0.3571428656578064,0.004999999888241291,0.0008999999845400453
YER176W,YHR016C,0,-2.527555,0.3333333432674408,0.004999999888241291,0.0010000000474974513
YDR162C,YOR120W,1,-2.5367875,0.375,0.006000000052154064,0.0010000000474974513
YJR046W,YIL107C,0,-2.5431137,0.3529411852359772,0.006000000052154064,0.0010999999940395355
YML031W,YDR214W,0,-2.5436053,0.3333333432674408,0.006000000052154064,0.0012000000569969416
YNL037C,YPR110C,0,-2.5462031,0.31578946113586426,0.006000000052154064,0.0013000000035390258
YMR105C,YOL140W,0,-2.5508356,0.30000001192092896,0.006000000052154064,0.00139999995008111
YLR277C,YIL155C,0,-2.550921,0.2857142984867096,0.006000000052154064,0.001500000013038516
YLR118C,YOR303W,0,-2.5863595,0.27272728085517883,0.006000000052154064,0.0015999999595806003
YLR222C,YKL087C,0,-2.5866566,0.260869562625885,0.006000000052154064,0.0017000000225380063
YLR044C,YDR380W,0,-2.5946622,0.25,0.006000000052154064,0.0017999999690800905
YDR204W,YBL016W,0,-2.6057897,0.23999999463558197,0.006000000052154064,0.0019000000320374966
YPR041W,YDL130W-A,0,-2.6147213,0.23076923191547394,0.006000000052154064,0.0020000000949949026
YDR092W,YBR214W,0,-2.6180458,0.2222222238779068,0.006000000052154064,0.002099999925121665
YDR100W,YDL231C,0,-2.645174,0.2142857164144516,0.006000000052154064,0.002199999988079071
YHR005C,YKL026C,0,-2.6650572,0.2068965584039688,0.006000000052154064,0.002300000051036477
YOL084W,YNR026C,0,-2.672152,0.20000000298023224,0.006000000052154064,0.002400000113993883
YLR178C,YGL144C,0,-2.6735644,0.19354838132858276,0.006000000052154064,0.0024999999441206455
YMR256C,YBR189W,0,-2.6737533,0.1875,0.006000000052154064,0.0026000000070780516
YDR019C,YOR256C,0,-2.6805081,0.1818181872367859,0.006000000052154064,0.0027000000700354576
YDR412W,YHR001W-A,0,-2.6850433,0.1764705926179886,0.006000000052154064,0.00279999990016222
YAL061W,YAL048C,0,-2.6895967,0.17142857611179352,0.006000000052154064,0.002899999963119626
YLR332W,YMR092C,1,-2.6949778,0.1944444477558136,0.007000000216066837,0.002899999963119626
YOR120W,YBL061C,1,-2.6986742,0.21621622145175934,0.00800000037997961,0.002899999963119626
YPR133C,YKL096W,0,-2.7013125,0.21052631735801697,0.00800000037997961,0.003000000026077032
YER062C,YDR420W,1,-2.7092834,0.23076923191547394,0.008999999612569809,0.003000000026077032
YGL029W,YDR276C,0,-2.7328448,0.22499999403953552,0.008999999612569809,0.003100000089034438
YGR030C,YLR134W,0,-2.7399735,0.2195121943950653,0.008999999612569809,0.0031999999191612005
YDR258C,YMR113W,0,-2.740078,0.2142857164144516,0.008999999612569809,0.0032999999821186066
YPL227C,YMR303C,0,-2.7419906,0.20930232107639313,0.008999999612569809,0.0034000000450760126
YDR096W,YDR259C,0,-2.756227,0.20454545319080353,0.008999999612569809,0.0035000001080334187
YGL141W,YOR303W,0,-2.7585707,0.20000000298023224,0.008999999612569809,0.003599999938160181
YDR001C,YJL056C,0,-2.7586985,0.19565217196941376,0.008999999612569809,0.003700000001117587
YIL153W,YER062C,1,-2.7588558,0.21276596188545227,0.009999999776482582,0.003700000001117587
YDR001C,YER155C,0,-2.7680478,0.2083333283662796,0.009999999776482582,0.003800000064074993
YDR377W,YGR280C,0,-2.7688127,0.20408163964748383,0.009999999776482582,0.0038999998942017555
YKL163W,YDL212W,0,-2.771872,0.20000000298023224,0.009999999776482582,0.004000000189989805
YDR168W,YKL062W,1,-2.7786016,0.21568627655506134,0.010999999940395355,0.004000000189989805
YPR056W,YFR053C,0,-2.782148,0.21153846383094788,0.010999999940395355,0.004100000020116568
YHR052W,YDR276C,0,-2.78232,0.2075471729040146,0.010999999940395355,0.00419999985024333
YOR227W,YLL028W,0,-2.7850127,0.20370370149612427,0.010999999940395355,0.00430000014603138
YKR052C,YNL007C,0,-2.7871075,0.20000000298023224,0.010999999940395355,0.004399999976158142
YKL163W,YGR078C,0,-2.7908158,0.1964285671710968,0.010999999940395355,0.0044999998062849045
YER062C,YLR006C,1,-2.7951312,0.21052631735801697,0.012000000104308128,0.0044999998062849045
YOL064C,YGR008C,1,-2.79594,0.22413793206214905,0.013000000268220901,0.0044999998062849045
YIL107C,YJL101C,0,-2.8018928,0.22033898532390594,0.013000000268220901,0.004600000102072954
YLR304C,YPL079W,0,-2.8078866,0.21666666865348816,0.013000000268220901,0.004699999932199717
YLR410W,YNR037C,0,-2.8079128,0.21311475336551666,0.013000000268220901,0.004800000227987766
YDR074W,YDR346C,0,-2.810389,0.20967741310596466,0.013000000268220901,0.004900000058114529
YNL287W,YDL222C,0,-2.8146424,0.2063492089509964,0.013000000268220901,0.004999999888241291
YFL026W,YLL026W,0,-2.8169088,0.203125,0.013000000268220901,0.005100000184029341
YLL026W,YDR362C,0,-2.819044,0.20000000298023224,0.013000000268220901,0.005200000014156103
YER062C,YKL062W,1,-2.822309,0.21212121844291687,0.014000000432133675,0.005200000014156103
YDR001C,YBL016W,0,-2.8261175,0.20895522832870483,0.014000000432133675,0.0052999998442828655
YGR191W,YNL098C,0,-2.8317475,0.20588235557079315,0.014000000432133675,0.005400000140070915
YKL056C,YGR178C,0,-2.8334384,0.2028985470533371,0.014000000432133675,0.005499999970197678
YPL024W,YPR154W,0,-2.8345437,0.20000000298023224,0.014000000432133675,0.00559999980032444
YDL137W,YPL043W,0,-2.8349838,0.19718310236930847,0.014000000432133675,0.00570000009611249
YER019W,YOR120W,1,-2.842505,0.2083333283662796,0.014999999664723873,0.00570000009611249
YCL040W,YHR092C,0,-2.8439846,0.2054794579744339,0.014999999664723873,0.005799999926239252
YPR075C,YOR120W,1,-2.8446007,0.21621622145175934,0.01600000075995922,0.005799999926239252
YDR075W,YKL192C,0,-2.8531208,0.2133333384990692,0.01600000075995922,0.005900000222027302
YCL064C,YBR024W,0,-2.8547354,0.21052631735801697,0.01600000075995922,0.006000000052154064
YDL166C,YNL015W,0,-2.8574624,0.20779220759868622,0.01600000075995922,0.006099999882280827
YGL078C,YNL098C,0,-2.8595037,0.20512820780277252,0.01600000075995922,0.006200000178068876
YJL104W,YKR039W,0,-2.8601742,0.20253165066242218,0.01600000075995922,0.006300000008195639
YPL059W,YER062C,1,-2.8648696,0.21250000596046448,0.017000000923871994,0.006300000008195639
YBR009C,YKL150W,0,-2.8728366,0.20987653732299805,0.017000000923871994,0.006399999838322401
YML130C,YML042W,0,-2.8735986,0.2073170691728592,0.017000000923871994,0.006500000134110451
YPL230W,YKL062W,1,-2.874117,0.21686747670173645,0.017999999225139618,0.006500000134110451
YDR342C,YNL149C,0,-2.8741217,0.2142857164144516,0.017999999225139618,0.006599999964237213
YDR516C,YPL258C,0,-2.8769217,0.21176470816135406,0.017999999225139618,0.0066999997943639755
YOR208W,YBR014C,1,-2.8775678,0.22093023359775543,0.01899999938905239,0.0066999997943639755
YLR003C,YOL003C,0,-2.8790307,0.2183908075094223,0.01899999938905239,0.006800000090152025
YJR058C,YMR189W,0,-2.8859758,0.21590909361839294,0.01899999938905239,0.006899999920278788
YIL106W,YDR043C,0,-2.886291,0.21348313987255096,0.01899999938905239,0.007000000216066837
YHR139C,YKL073W,0,-2.887457,0.21111111342906952,0.01899999938905239,0.0071000000461936
YIL153W,YKL062W,1,-2.8881807,0.21978022158145905,0.019999999552965164,0.0071000000461936
YIL065C,YLR134W,0,-2.8981771,0.21739129722118378,0.019999999552965164,0.007199999876320362
YML054C,YLR055C,0,-2.9038477,0.2150537669658661,0.019999999552965164,0.007300000172108412
YER062C,YDR162C,1,-2.90485,0.22340425848960876,0.020999999716877937,0.007300000172108412
YDR258C,YGR224W,0,-2.9095612,0.2210526317358017,0.020999999716877937,0.007400000002235174
YDR019C,YDR372C,0,-2.9182086,0.21875,0.020999999716877937,0.007499999832361937
YEL054C,YBL030C,0,-2.9199142,0.2164948433637619,0.020999999716877937,0.007600000128149986
YNL020C,YOR120W,1,-2.921372,0.22448979318141937,0.02199999988079071,0.007600000128149986
YJR016C,YGR178C,0,-2.9225097,0.2222222238779068,0.02199999988079071,0.007699999958276749
YEL039C,YGL253W,0,-2.9227958,0.2199999988079071,0.02199999988079071,0.007799999788403511
YDR147W,YIL124W,0,-2.9243865,0.21782177686691284,0.02199999988079071,0.007899999618530273
YLR258W,YMR067C,0,-2.9246635,0.21568627655506134,0.02199999988079071,0.00800000037997961
YJL020C,YGR257C,0,-2.9266596,0.21359223127365112,0.02199999988079071,0.008100000210106373
YHR205W,YPL230W,1,-2.9279885,0.2211538404226303,0.023000000044703484,0.008100000210106373
YDL181W,YLR388W,0,-2.9283838,0.21904762089252472,0.023000000044703484,0.008200000040233135
YPL058C,YNR032W,0,-2.9314518,0.21698112785816193,0.023000000044703484,0.008299999870359898
YNL055C,YHR201C,0,-2.9331937,0.21495327353477478,0.023000000044703484,0.00839999970048666
YLR186W,YJR113C,0,-2.9349737,0.21296297013759613,0.023000000044703484,0.008500000461935997
YLR304C,YIL027C,0,-2.9425998,0.2110091745853424,0.023000000044703484,0.00860000029206276
YLR048W,YGR184C,0,-2.9490113,0.20909090340137482,0.023000000044703484,0.008700000122189522
YDL010W,YOR120W,1,-2.9503627,0.21621622145175934,0.024000000208616257,0.008700000122189522
YBR014C,YBL061C,1,-2.9504452,0.2232142835855484,0.02500000037252903,0.008700000122189522
YDR342C,YIR034C,0,-2.95301,0.22123894095420837,0.02500000037252903,0.008799999952316284
YIL053W,YPL059W,1,-2.9572244,0.22807016968727112,0.026000000536441803,0.008799999952316284
YOR208W,YKL062W,1,-2.9620643,0.2347826063632965,0.027000000700354576,0.008799999952316284
YPR075C,YGR008C,1,-2.9639292,0.24137930572032928,0.02800000086426735,0.008799999952316284
YER056C,YBL091C,0,-2.9681478,0.23931623995304108,0.02800000086426735,0.008899999782443047
YOR354C,YKR080W,0,-2.970355,0.23728813230991364,0.02800000086426735,0.008999999612569809
YNR030W,YBL075C,0,-2.9751663,0.23529411852359772,0.02800000086426735,0.009100000374019146
YNL292W,YMR303C,0,-2.9834027,0.23333333432674408,0.02800000086426735,0.009200000204145908
YCL064C,YKL150W,0,-2.984807,0.23140496015548706,0.02800000086426735,0.00930000003427267
YBR171W,YJR009C,0,-3.0018058,0.2295081913471222,0.02800000086426735,0.009399999864399433
YHR108W,YKL163W,0,-3.005331,0.22764228284358978,0.02800000086426735,0.009499999694526196
YEL059C-A,YOR207C,0,-3.0095286,0.22580644488334656,0.02800000086426735,0.009600000455975533
YIL153W,YOR120W,1,-3.0097237,0.23199999332427979,0.028999999165534973,0.009600000455975533
YDR036C,YER126C,0,-3.0098019,0.230158731341362,0.028999999165534973,0.009700000286102295
YDL181W,YKL060C,0,-3.0139837,0.22834645211696625,0.028999999165534973,0.009800000116229057
YBL099W,YLL028W,0,-3.0147867,0.2265625,0.028999999165534973,0.00989999994635582
YOL123W,YNL252C,0,-3.0165958,0.22480620443820953,0.028999999165534973,0.009999999776482582
YDR516C,YOR140W,0,-3.0192685,0.2230769246816635,0.028999999165534973,0.010099999606609344
YDR294C,YCL027W,0,-3.0213685,0.221374049782753,0.028999999165534973,0.010200000368058681
YMR260C,YMR083W,0,-3.0214963,0.21969696879386902,0.028999999165534973,0.010300000198185444
YLR332W,YOR028C,1,-3.021854,0.2255639135837555,0.029999999329447746,0.010300000198185444
YCR020C,YKL026C,0,-3.0252461,0.2238806039094925,0.029999999329447746,0.010400000028312206
YOR120W,YMR037C,1,-3.0294638,0.22962963581085205,0.03099999949336052,0.010400000028312206
YPL152W,YFL039C,1,-3.0298371,0.23529411852359772,0.03200000151991844,0.010400000028312206
YDL130W-A,YML116W,0,-3.0315766,0.23357664048671722,0.03200000151991844,0.010499999858438969
YKR093W,YDL092W,0,-3.0317478,0.23188406229019165,0.03200000151991844,0.010599999688565731
YIL136W,YLR451W,0,-3.0319118,0.23021583259105682,0.03200000151991844,0.010700000450015068
YIL136W,YLL005C,0,-3.0326672,0.22857142984867096,0.03200000151991844,0.01080000028014183
YER048W-A,YLR134W,0,-3.0331674,0.22695034742355347,0.03200000151991844,0.010900000110268593
YOR043W,YMR092C,1,-3.0405202,0.23239436745643616,0.032999999821186066,0.010900000110268593
YHR099W,YDR342C,0,-3.0411172,0.23076923191547394,0.032999999821186066,0.010999999940395355
YDR258C,YEL013W,0,-3.0463223,0.2291666716337204,0.032999999821186066,0.011099999770522118
YGR008C,YOR047C,1,-3.0473113,0.2344827651977539,0.03400000184774399,0.011099999770522118
YER062C,YCR073C,1,-3.0500546,0.2397260218858719,0.03500000014901161,0.011099999770522118
YGR142W,YOR173W,0,-3.0502434,0.2380952388048172,0.03500000014901161,0.01119999960064888
YNL286W,YPR154W,0,-3.0552797,0.23648647964000702,0.03500000014901161,0.011300000362098217
YNL263C,YBR146W,0,-3.0561566,0.23489932715892792,0.03500000014901161,0.01140000019222498
YLR056W,YKL109W,0,-3.0576143,0.23333333432674408,0.03500000014901161,0.011500000022351742
YMR153W,YOR383C,0,-3.0585742,0.23178808391094208,0.03500000014901161,0.011599999852478504
YCR073C,YOR120W,1,-3.0594535,0.2368421107530594,0.035999998450279236,0.011599999852478504
YDR045C,YMR105C,0,-3.0612407,0.23529411852359772,0.035999998450279236,0.011699999682605267
YPR102C,YOR354C,0,-3.0631566,0.23376622796058655,0.035999998450279236,0.011800000444054604
YOR132W,YHR064C,0,-3.0634842,0.23225806653499603,0.035999998450279236,0.011900000274181366
YCR047C,YDL126C,0,-3.0675273,0.23076923191547394,0.035999998450279236,0.012000000104308128
YIL074C,YCR083W,0,-3.0688438,0.2292993664741516,0.035999998450279236,0.01209999993443489
YBR101C,YBR297W,0,-3.0700564,0.2278480976819992,0.035999998450279236,0.012199999764561653
YNR047W,YOR080W,0,-3.070068,0.22641509771347046,0.035999998450279236,0.012299999594688416
YLR204W,YNL207W,0,-3.0728579,0.22499999403953552,0.035999998450279236,0.012400000356137753
YIL053W,YPL230W,1,-3.0766711,0.22981366515159607,0.03700000047683716,0.012400000356137753
YCL010C,YDR204W,0,-3.0791945,0.22839505970478058,0.03700000047683716,0.012500000186264515
YLL039C,YMR044W,0,-3.0819511,0.2269938588142395,0.03700000047683716,0.012600000016391277
YLR166C,YDL223C,0,-3.0903335,0.22560974955558777,0.03700000047683716,0.01269999984651804
YJR145C,YLL022C,0,-3.0904393,0.2242424190044403,0.03700000047683716,0.012799999676644802
YPL058C,YDR368W,0,-3.0923486,0.22289156913757324,0.03700000047683716,0.012900000438094139
YGL189C,YKL016C,0,-3.0923805,0.2215568870306015,0.03700000047683716,0.013000000268220901
YHR081W,YMR083W,0,-3.0963068,0.2202380895614624,0.03700000047683716,0.013100000098347664
YOR110W,YNL191W,0,-3.1041474,0.21893490850925446,0.03700000047683716,0.013199999928474426
YDR354W,YIL124W,0,-3.1048722,0.21764706075191498,0.03700000047683716,0.013299999758601189
YOR103C,YEL039C,0,-3.1061063,0.2163742631673813,0.03700000047683716,0.013399999588727951
YOL030W,YMR105C,0,-3.1116009,0.21511627733707428,0.03700000047683716,0.013500000350177288
YDR258C,YOR242C,0,-3.1128845,0.21387283504009247,0.03700000047683716,0.01360000018030405
YOR122C,YLR138W,1,-3.1135602,0.2183908075094223,0.03799999877810478,0.01360000018030405
YDR388W,YOR043W,1,-3.1150951,0.22285714745521545,0.039000000804662704,0.01360000018030405
YIL053W,YKL048C,1,-3.1152005,0.22727273404598236,0.03999999910593033,0.01360000018030405
YNR011C,YDL223C,0,-3.1183019,0.2259887009859085,0.03999999910593033,0.013700000010430813
YER019W,YPL230W,1,-3.1191177,0.23033708333969116,0.04100000113248825,0.013700000010430813
YDL081C,YKL150W,0,-3.1199946,0.22905027866363525,0.04100000113248825,0.013799999840557575
YLR058C,YCR036W,0,-3.1200857,0.22777777910232544,0.04100000113248825,0.013899999670684338
YBL022C,YER007C-A,0,-3.1204243,0.22651933133602142,0.04100000113248825,0.014000000432133675
YDR326C,YGL166W,0,-3.1205535,0.2252747267484665,0.04100000113248825,0.014100000262260437
YMR121C,YDR343C,0,-3.1236248,0.22404371201992035,0.04100000113248825,0.0142000000923872
YGR256W,YOL133W,0,-3.1270447,0.22282609343528748,0.04100000113248825,0.014299999922513962
YML070W,YDR145W,0,-3.1297803,0.22162161767482758,0.04100000113248825,0.014399999752640724
YDR204W,YDL195W,0,-3.130506,0.22043010592460632,0.04100000113248825,0.014499999582767487
YDR388W,YLR332W,1,-3.132627,0.2245989292860031,0.041999999433755875,0.014499999582767487
YNL081C,YGR162W,0,-3.1345787,0.22340425848960876,0.041999999433755875,0.014600000344216824
YKL096W,YLR120C,0,-3.1345863,0.2222222238779068,0.041999999433755875,0.014700000174343586
YBR132C,YMR037C,1,-3.1346283,0.22631579637527466,0.0430000014603138,0.014700000174343586
YML055W,YLR134W,0,-3.1347966,0.22513088583946228,0.0430000014603138,0.014800000004470348
YPL012W,YFL018C,0,-3.134925,0.2239583283662796,0.0430000014603138,0.01489999983459711
YDR388W,YPL230W,1,-3.1351352,0.22797927260398865,0.04399999976158142,0.01489999983459711
YKR080W,YGL213C,0,-3.1399736,0.22680412232875824,0.04399999976158142,0.014999999664723873
YNL037C,YPL235W,0,-3.1423087,0.22564102709293365,0.04399999976158142,0.01510000042617321
YOR118W,YKR080W,0,-3.1454945,0.22448979318141937,0.04399999976158142,0.015200000256299973
YHR001W-A,YJR047C,0,-3.1457844,0.22335025668144226,0.04399999976158142,0.015300000086426735
YDR074W,YPL221W,0,-3.1479907,0.2222222238779068,0.04399999976158142,0.015399999916553497
YML100W,YPL179W,0,-3.1493435,0.22110553085803986,0.04399999976158142,0.01549999974668026
YDL132W,YML129C,0,-3.1499243,0.2199999988079071,0.04399999976158142,0.015599999576807022
YBR169C,YGR121C,0,-3.150961,0.2189054787158966,0.04399999976158142,0.015699999406933784
YEL027W,YKL096W,0,-3.1510825,0.21782177686691284,0.04399999976158142,0.015799999237060547
YDR258C,YFL003C,0,-3.1521811,0.21674877405166626,0.04399999976158142,0.01590000092983246
YML007W,YDR273W,0,-3.1532907,0.21568627655506134,0.04399999976158142,0.01600000075995922
YDR276C,YAR014C,0,-3.1536388,0.21463415026664734,0.04399999976158142,0.016100000590085983
YOL116W,YKL062W,1,-3.153812,0.21844659745693207,0.04500000178813934,0.016100000590085983
YDR300C,YML078W,0,-3.154337,0.21739129722118378,0.04500000178813934,0.016200000420212746
YDR322C-A,YLR406C,0,-3.1557245,0.2163461595773697,0.04500000178813934,0.016300000250339508
YJR073C,YDR235W,0,-3.1573806,0.21531100571155548,0.04500000178813934,0.01640000008046627
YLR138W,YKL062W,1,-3.1573963,0.21904762089252472,0.04600000008940697,0.01640000008046627
YIL136W,YEL006W,0,-3.1579843,0.21800947189331055,0.04600000008940697,0.016499999910593033
YGL167C,YBR009C,0,-3.159441,0.21698112785816193,0.04600000008940697,0.016599999740719795
YJL101C,YDL130W-A,0,-3.1667428,0.21596243977546692,0.04600000008940697,0.016699999570846558
YJR044C,YIL155C,0,-3.1723366,0.21495327353477478,0.04600000008940697,0.01679999940097332
YOR043W,YOR122C,1,-3.1733046,0.2186046540737152,0.04699999839067459,0.01679999940097332
YDL130W-A,YOL077C,0,-3.175201,0.21759259700775146,0.04699999839067459,0.016899999231100082
YER062C,YMR109W,1,-3.1757312,0.2211981564760208,0.04800000041723251,0.016899999231100082
YER062C,YHR114W,1,-3.1766095,0.22477063536643982,0.04899999871850014,0.016899999231100082
YBR132C,YOR043W,1,-3.1770492,0.2283104956150055,0.05000000074505806,0.016899999231100082
YJL096W,YDL153C,0,-3.1776261,0.22727273404598236,0.05000000074505806,0.017000000923871994
YNL177C,YKL084W,0,-3.1807575,0.22624434530735016,0.05000000074505806,0.017100000753998756
YDR088C,YMR303C,0,-3.182022,0.22522522509098053,0.05000000074505806,0.01720000058412552
YDR168W,YLR332W,1,-3.1820745,0.22869955003261566,0.050999999046325684,0.01720000058412552
YDR341C,YDL130W-A,0,-3.1824384,0.2276785671710968,0.050999999046325684,0.01730000041425228
YPL105C,YDR038C,0,-3.1825953,0.2266666740179062,0.050999999046325684,0.017400000244379044
YOR122C,YOR208W,1,-3.183618,0.2300885021686554,0.052000001072883606,0.017400000244379044
YDL014W,YDL174C,0,-3.1852932,0.2290748953819275,0.052000001072883606,0.017500000074505806
YOR128C,YGL187C,0,-3.1877599,0.22807016968727112,0.052000001072883606,0.01759999990463257
YDL223C,YEL047C,0,-3.1897035,0.22707423567771912,0.052000001072883606,0.01769999973475933
YJL093C,YER102W,0,-3.1901999,0.22608695924282074,0.052000001072883606,0.017799999564886093
YBR132C,YDR162C,1,-3.1906834,0.2294372320175171,0.05299999937415123,0.017799999564886093
YHR010W,YNR001C,0,-3.1927476,0.2284482717514038,0.05299999937415123,0.017899999395012856
YMR104C,YMR195W,0,-3.1947145,0.22746780514717102,0.05299999937415123,0.017999999225139618
YFR044C,YGL097W,0,-3.195005,0.22649572789669037,0.05299999937415123,0.01810000091791153
YNL094W,YJL065C,0,-3.1951408,0.2255319207906723,0.05299999937415123,0.018200000748038292
YDR041W,YML125C,0,-3.1954188,0.22457626461982727,0.05299999937415123,0.018300000578165054
YJR041C,YEL059C-A,0,-3.196865,0.2236286848783493,0.05299999937415123,0.018400000408291817
YDR041W,YNL162W,0,-3.1975684,0.22268907725811005,0.05299999937415123,0.01850000023841858
YJL127C,YFL026W,0,-3.198339,0.22175732254981995,0.05299999937415123,0.01860000006854534
YOR208W,YPL242C,1,-3.1995049,0.22499999403953552,0.05400000140070915,0.01860000006854534
YDR001C,YDR301W,0,-3.2016745,0.22406639158725739,0.05400000140070915,0.018699999898672104
YDL223C,YBR123C,0,-3.204379,0.22314049303531647,0.05400000140070915,0.018799999728798866
YPL226W,YPR028W,0,-3.205143,0.2222222238779068,0.05400000140070915,0.01889999955892563
YHL025W,YOR303W,0,-3.2061296,0.22131147980690002,0.05400000140070915,0.01899999938905239
YEL039C,YGL234W,0,-3.2068324,0.22040815651416779,0.05400000140070915,0.019099999219179153
YJR137C,YCR028C-A,0,-3.2108536,0.2195121943950653,0.05400000140070915,0.019200000911951065
YER062C,YJL184W,1,-3.2125783,0.22267206013202667,0.054999999701976776,0.019200000911951065
YJR046W,YNL294C,0,-3.212811,0.22177419066429138,0.054999999701976776,0.019300000742077827
YKL163W,YOL077W-A,0,-3.2133064,0.2208835333585739,0.054999999701976776,0.01940000057220459
YLR248W,YLR332W,1,-3.215506,0.2240000069141388,0.0560000017285347,0.01940000057220459
YLR058C,YDL134C,0,-3.217576,0.22310757637023926,0.0560000017285347,0.019500000402331352
YJL158C,YDL223C,0,-3.2178593,0.2222222238779068,0.0560000017285347,0.019600000232458115
YDL235C,YOR120W,1,-3.2182302,0.22529643774032593,0.05700000002980232,0.019600000232458115
YPR122W,YDL099W,0,-3.219767,0.22440944612026215,0.05700000002980232,0.019700000062584877
YBR054W,YIR002C,0,-3.219994,0.2235294133424759,0.05700000002980232,0.01979999989271164
YHR094C,YBL087C,0,-3.2216892,0.22265625,0.05700000002980232,0.019899999722838402
YDL014W,YOR158W,0,-3.2217274,0.2217898815870285,0.05700000002980232,0.019999999552965164
YLR304C,YGR007W,0,-3.2265325,0.22093023359775543,0.05700000002980232,0.020099999383091927
YJL101C,YPL159C,0,-3.2268367,0.22007721662521362,0.05700000002980232,0.02019999921321869
YER062C,YER118C,1,-3.2274108,0.2230769246816635,0.057999998331069946,0.02019999921321869
YGL189C,YGL219C,0,-3.2274313,0.2222222238779068,0.057999998331069946,0.0203000009059906
YKL112W,YDR471W,0,-3.2325592,0.221374049782753,0.057999998331069946,0.020400000736117363
YLR343W,YHR028C,0,-3.2327433,0.22053231298923492,0.057999998331069946,0.020500000566244125
YDR388W,YPL239W,1,-3.2353654,0.2234848439693451,0.05900000035762787,0.020500000566244125
YNL081C,YGR280C,0,-3.236044,0.22264151275157928,0.05900000035762787,0.020600000396370888
YBR014C,YKL062W,1,-3.2415895,0.2255639135837555,0.05999999865889549,0.020600000396370888
YPL239W,YKL062W,1,-3.2424436,0.22846442461013794,0.061000000685453415,0.020600000396370888
YOR348C,YEL021W,0,-3.2445383,0.2276119440793991,0.061000000685453415,0.02070000022649765
YPL242C,YOR120W,1,-3.2449841,0.230483278632164,0.06199999898672104,0.02070000022649765
YJR073C,YDL143W,0,-3.245338,0.22962963581085205,0.06199999898672104,0.020800000056624413
YNL005C,YER069W,0,-3.2461472,0.2287822812795639,0.06199999898672104,0.020899999886751175
YMR237W,YDR408C,0,-3.2465696,0.22794117033481598,0.06199999898672104,0.020999999716877937
YMR104C,YBR201W,0,-3.2493463,0.2271062284708023,0.06199999898672104,0.0210999995470047
YLR409C,YJR045C,0,-3.2504182,0.22627736628055573,0.06199999898672104,0.021199999377131462
YDR328C,YIL145C,0,-3.25208,0.22545453906059265,0.06199999898672104,0.021299999207258224
YGL011C,YML123C,0,-3.2521625,0.2246376872062683,0.06199999898672104,0.021400000900030136
YNL118C,YGL184C,0,-3.2540317,0.22382672131061554,0.06199999898672104,0.0215000007301569
YDR050C,YPR101W,0,-3.2567368,0.22302158176898956,0.06199999898672104,0.02160000056028366
YPR036W,YHR139C,0,-3.2569551,0.2222222238779068,0.06199999898672104,0.021700000390410423
YNL339C,YER183C,0,-3.257441,0.22142857313156128,0.06199999898672104,0.021800000220537186
YNR050C,YPL123C,0,-3.259472,0.22064056992530823,0.06199999898672104,0.021900000050663948
YGL045W,YGR202C,0,-3.2599335,0.21985815465450287,0.06199999898672104,0.02199999988079071
YBR215W,YKL096W,0,-3.2601738,0.21908126771450043,0.06199999898672104,0.022099999710917473
YOR079C,YIL033C,0,-3.2606978,0.21830986440181732,0.06199999898672104,0.022199999541044235
YOR043W,YFL039C,1,-3.262164,0.2210526317358017,0.06300000101327896,0.022199999541044235
YOR043W,YDR162C,1,-3.2630491,0.2237762212753296,0.06400000303983688,0.022199999541044235
YHR205W,YMR092C,1,-3.2632284,0.22648084163665771,0.06499999761581421,0.022199999541044235
YDL235C,YPL230W,1,-3.2642612,0.2291666716337204,0.06599999964237213,0.022199999541044235
YKL213C,YLR167W,0,-3.2645178,0.2283737063407898,0.06599999964237213,0.022299999371170998
YDR075W,YDR127W,0,-3.2653875,0.22758620977401733,0.06599999964237213,0.02239999920129776
YOR175C,YLR327C,0,-3.268126,0.22680412232875824,0.06599999964237213,0.02250000089406967
YLR060W,YPL031C,0,-3.2685208,0.22602739930152893,0.06599999964237213,0.022600000724196434
YBL050W,YFR053C,0,-3.2685776,0.22525596618652344,0.06599999964237213,0.022700000554323196
YDR341C,YDL204W,0,-3.2706275,0.22448979318141937,0.06599999964237213,0.02280000038444996
YJL102W,YDR500C,0,-3.2734923,0.22372882068157196,0.06599999964237213,0.02290000021457672
YMR092C,YKL062W,1,-3.2736702,0.22635135054588318,0.06700000166893005,0.02290000021457672
YJL122W,YNL071W,0,-3.2770162,0.22558923065662384,0.06700000166893005,0.023000000044703484
YGL141W,YDL080C,0,-3.2771678,0.224832221865654,0.06700000166893005,0.023099999874830246
YGR260W,YMR152W,0,-3.2775645,0.22408026456832886,0.06700000166893005,0.02319999970495701
YGL029W,YNL137C,0,-3.2820654,0.22333332896232605,0.06700000166893005,0.02329999953508377
YOR174W,YIL107C,0,-3.2843957,0.2225913554430008,0.06700000166893005,0.023399999365210533
YJR077C,YOR091W,0,-3.2847452,0.2218542993068695,0.06700000166893005,0.023499999195337296
YIL053W,YLR362W,1,-3.2851539,0.22442243993282318,0.06800000369548798,0.023499999195337296
YKR052C,YKL004W,0,-3.2862015,0.22368420660495758,0.06800000369548798,0.023600000888109207
YNL306W,YOR234C,0,-3.2876678,0.22295081615447998,0.06800000369548798,0.02370000071823597
YJL186W,YKR049C,0,-3.2877645,0.2222222238779068,0.06800000369548798,0.023800000548362732
YLR056W,YML054C,0,-3.2888274,0.22149837017059326,0.06800000369548798,0.023900000378489494
YDR041W,YBR126C,0,-3.2899241,0.22077922523021698,0.06800000369548798,0.024000000208616257
YCR005C,YMR298W,0,-3.2902317,0.22006472945213318,0.06800000369548798,0.02410000003874302
YDR388W,YHR206W,1,-3.2921886,0.22258064150810242,0.0689999982714653,0.02410000003874302
YMR092C,YER089C,1,-3.2930803,0.22508038580417633,0.07000000029802322,0.02410000003874302
YJR137C,YDL046W,0,-3.2951055,0.22435897588729858,0.07000000029802322,0.02419999986886978
YDL138W,YGR194C,0,-3.2954178,0.22364217042922974,0.07000000029802322,0.024299999698996544
YOL031C,YBR101C,0,-3.2956705,0.2229299396276474,0.07000000029802322,0.024399999529123306
YGL115W,YDR259C,0,-3.2957606,0.2222222238779068,0.07000000029802322,0.02449999935925007
YDR162C,YOR208W,1,-3.296393,0.22468353807926178,0.07100000232458115,0.02449999935925007
YOR272W,YGR121C,0,-3.297112,0.22397476434707642,0.07100000232458115,0.02459999918937683
YGR068C,YDR148C,0,-3.2976665,0.223270446062088,0.07100000232458115,0.024700000882148743
YGL029W,YKL185W,0,-3.2984447,0.222570538520813,0.07100000232458115,0.024800000712275505
YHR010W,YFL029C,0,-3.298707,0.22187499701976776,0.07100000232458115,0.024900000542402267
YPL230W,YBL061C,1,-3.3017478,0.22429905831813812,0.07199999690055847,0.024900000542402267
YOR120W,YKL048C,1,-3.3022146,0.2267080694437027,0.0729999989271164,0.024900000542402267
YMR015C,YPL037C,0,-3.30239,0.22600619494915009,0.0729999989271164,0.02500000037252903
YOL084W,YDL100C,0,-3.303462,0.2253086417913437,0.0729999989271164,0.025100000202655792
YNR043W,YBL042C,0,-3.3060546,0.22461538016796112,0.0729999989271164,0.025200000032782555
YPL152W,YER089C,1,-3.3061385,0.2269938588142395,0.07400000095367432,0.025200000032782555
YJR090C,YIL107C,0,-3.3065376,0.2262996882200241,0.07400000095367432,0.025299999862909317
YEL003W,YGL055W,0,-3.3090072,0.22560974955558777,0.07400000095367432,0.02539999969303608
YPR101W,YBL102W,0,-3.3115144,0.2249240130186081,0.07400000095367432,0.025499999523162842
YLR332W,YMR109W,1,-3.3131533,0.22727273404598236,0.07500000298023224,0.025499999523162842
YDL014W,YDR142C,0,-3.3131657,0.22658610343933105,0.07500000298023224,0.025599999353289604
YBR114W,YPL036W,0,-3.3147836,0.22590361535549164,0.07500000298023224,0.025699999183416367
YMR139W,YNL103W,0,-3.3160787,0.22522522509098053,0.07500000298023224,0.025800000876188278
YBR229C,YER006W,0,-3.316328,0.22455090284347534,0.07500000298023224,0.02590000070631504
YKL163W,YDL213C,0,-3.3164067,0.2238806039094925,0.07500000298023224,0.026000000536441803
YDR019C,YBL003C,0,-3.318581,0.2232142835855484,0.07500000298023224,0.026100000366568565
YPL059W,YHR206W,1,-3.3188381,0.22551928460597992,0.07599999755620956,0.026100000366568565
YBR162W-A,YDR251W,0,-3.3203878,0.2248520702123642,0.07599999755620956,0.026200000196695328
YOR070C,YGL043W,0,-3.3225155,0.22418878972530365,0.07599999755620956,0.02630000002682209
YMR110C,YMR211W,0,-3.3229465,0.2235294133424759,0.07599999755620956,0.026399999856948853
YOL064C,YMR037C,1,-3.3246784,0.22580644488334656,0.07699999958276749,0.026399999856948853
YDR040C,YOR043W,1,-3.3248792,0.22807016968727112,0.07800000160932541,0.026399999856948853
YER068W,YKL109W,0,-3.3281426,0.22740525007247925,0.07800000160932541,0.026499999687075615
YFR055W,YGR284C,0,-3.3281865,0.22674418985843658,0.07800000160932541,0.026599999517202377
YEL006W,YNR049C,0,-3.328312,0.22608695924282074,0.07800000160932541,0.02669999934732914
YBR158W,YPR100W,0,-3.329122,0.22543352842330933,0.07800000160932541,0.026799999177455902
YER133W,YKR039W,0,-3.3306336,0.22478386759757996,0.07800000160932541,0.026900000870227814
YPL010W,YDR045C,0,-3.3307605,0.22413793206214905,0.07800000160932541,0.027000000700354576
YNL020C,YPL230W,1,-3.3314352,0.22636103630065918,0.07900000363588333,0.027000000700354576
YOR043W,YDR168W,1,-3.3314738,0.22857142984867096,0.07999999821186066,0.027000000700354576
YER035W,YAL055W,0,-3.3343105,0.22792023420333862,0.07999999821186066,0.02710000053048134
YML081C-A,YKR038C,0,-3.338183,0.22727273404598236,0.07999999821186066,0.0272000003606081
YIL053W,YNL020C,1,-3.3387623,0.22946175932884216,0.08100000023841858,0.0272000003606081
YJL093C,YBR112C,0,-3.3392348,0.2288135588169098,0.08100000023841858,0.027300000190734863
YER086W,YMR251W-A,0,-3.3400335,0.2281690090894699,0.08100000023841858,0.027400000020861626
YOR043W,YNL091W,1,-3.340067,0.23033708333969116,0.0820000022649765,0.027400000020861626
YKL114C,YER053C,0,-3.3405266,0.22969187796115875,0.0820000022649765,0.027499999850988388
YBR069C,YER054C,0,-3.341082,0.22905027866363525,0.0820000022649765,0.02759999968111515
YLR058C,YGL097W,0,-3.3419428,0.22841225564479828,0.0820000022649765,0.027699999511241913
YKL120W,YKL160W,0,-3.3422565,0.22777777910232544,0.0820000022649765,0.027799999341368675
YLR006C,YOR120W,1,-3.3424191,0.22991690039634705,0.08299999684095383,0.027799999341368675
YDR418W,YFL018C,0,-3.3441472,0.22928176820278168,0.08299999684095383,0.027899999171495438
YER062C,YER089C,1,-3.345664,0.23140496015548706,0.08399999886751175,0.027899999171495438
YPR005C,YOR208W,1,-3.3490734,0.23351648449897766,0.08500000089406967,0.027899999171495438
YOR267C,YJL153C,0,-3.3492308,0.232876718044281,0.08500000089406967,0.02800000086426735
YLR022C,YMR135C,0,-3.349801,0.2322404384613037,0.08500000089406967,0.02810000069439411
YOL064C,YDR040C,1,-3.3506932,0.23433242738246918,0.0860000029206276,0.02810000069439411
YDR100W,YMR188C,0,-3.3532033,0.23369565606117249,0.0860000029206276,0.028200000524520874
YDR040C,YER089C,1,-3.3538284,0.23577235639095306,0.08699999749660492,0.028200000524520874
YML055W,YER143W,0,-3.3538995,0.23513513803482056,0.08699999749660492,0.028300000354647636
YDL031W,YDL002C,0,-3.3546853,0.23450134694576263,0.08699999749660492,0.0284000001847744
YDR031W,YPL283C,0,-3.355792,0.2338709682226181,0.08699999749660492,0.02850000001490116
YDR129C,YLR332W,1,-3.357408,0.23592492938041687,0.08799999952316284,0.02850000001490116
YAL015C,YPL176C,0,-3.3589602,0.23529411852359772,0.08799999952316284,0.028599999845027924
YOR101W,YDR050C,0,-3.3591676,0.23466666042804718,0.08799999952316284,0.028699999675154686
YOR348C,YGR178C,0,-3.3593445,0.23404255509376526,0.08799999952316284,0.02879999950528145
YDR328C,YBL055C,0,-3.3600488,0.23342175781726837,0.08799999952316284,0.02889999933540821
YHR206W,YLR362W,1,-3.360474,0.23544973134994507,0.08900000154972076,0.02889999933540821
YDR168W,YFL039C,1,-3.3607063,0.23746702075004578,0.09000000357627869,0.02889999933540821
YDR204W,YHR148W,0,-3.3615294,0.2368421107530594,0.09000000357627869,0.028999999165534973
YBR191W,YJL048C,0,-3.363637,0.23622047901153564,0.09000000357627869,0.029100000858306885
YOR122C,YPL230W,1,-3.363885,0.23821990191936493,0.09099999815225601,0.029100000858306885
YBL050W,YOR128C,0,-3.3639617,0.23759791254997253,0.09099999815225601,0.029200000688433647
YPL177C,YOR197W,0,-3.364039,0.2369791716337204,0.09099999815225601,0.02930000051856041
YPR010C,YDR298C,0,-3.365059,0.23636363446712494,0.09099999815225601,0.029400000348687172
YOR122C,YNL091W,1,-3.3652854,0.23834197223186493,0.09200000017881393,0.029400000348687172
YOR316C,YLR167W,0,-3.3659925,0.237726092338562,0.09200000017881393,0.029500000178813934
YGR240C,YKL195W,0,-3.3672285,0.23711340129375458,0.09200000017881393,0.029600000008940697
YOL064C,YLR362W,1,-3.3681345,0.23907454311847687,0.09300000220537186,0.029600000008940697
YPR100W,YCL050C,0,-3.3706079,0.23846153914928436,0.09300000220537186,0.02969999983906746
YDL147W,YDL204W,0,-3.3722196,0.23785166442394257,0.09300000220537186,0.02979999966919422
YIL052C,YPR020W,0,-3.3736339,0.23724490404129028,0.09300000220537186,0.029899999499320984
YDR280W,YNL098C,0,-3.3746405,0.23664122819900513,0.09300000220537186,0.029999999329447746
YOR057W,YMR161W,0,-3.3755317,0.2360406070947647,0.09300000220537186,0.03009999915957451
YPL170W,YBR297W,0,-3.3771324,0.23544304072856903,0.09300000220537186,0.03020000085234642
YBR068C,YDR255C,0,-3.3783665,0.2348484843969345,0.09300000220537186,0.030300000682473183
YIL052C,YFR007W,0,-3.3785596,0.23425692319869995,0.09300000220537186,0.030400000512599945
YMR278W,YPL075W,0,-3.378829,0.23366834223270416,0.09300000220537186,0.030500000342726707
YDL052C,YNL030W,0,-3.379787,0.23308271169662476,0.09300000220537186,0.03060000017285347
YGL104C,YOR369C,0,-3.379888,0.23250000178813934,0.09300000220537186,0.030700000002980232
YDR147W,YPR047W,0,-3.382358,0.23192019760608673,0.09300000220537186,0.030799999833106995
YCR004C,YFR030W,0,-3.3824215,0.23134328424930573,0.09300000220537186,0.030899999663233757
YGR097W,YMR201C,0,-3.383542,0.23076923191547394,0.09300000220537186,0.03099999949336052
YLR185W,YDR202C,0,-3.3866615,0.23019802570343018,0.09300000220537186,0.031099999323487282
YJR073C,YPL283C,0,-3.388041,0.22962963581085205,0.09300000220537186,0.031199999153614044
YPL106C,YJL059W,0,-3.3889751,0.22906403243541718,0.09300000220537186,0.031300000846385956
YPR075C,YER062C,1,-3.3890262,0.2309582382440567,0.09399999678134918,0.031300000846385956
YKL059C,YBR054W,0,-3.3893237,0.23039215803146362,0.09399999678134918,0.03139999881386757
YHR143W,YPL081W,0,-3.3896852,0.2298288494348526,0.09399999678134918,0.03150000050663948
YPL262W,YBR068C,0,-3.3900614,0.22926829755306244,0.09399999678134918,0.031599998474121094
YNL101W,YJR016C,0,-3.3906193,0.22871045768260956,0.09399999678134918,0.031700000166893005
YIL107C,YJL047C,0,-3.3919444,0.22815534472465515,0.09399999678134918,0.03180000185966492
YBR132C,YDR168W,1,-3.3928962,0.23002421855926514,0.0949999988079071,0.03180000185966492
YER023W,YOR182C,0,-3.39675,0.22946859896183014,0.0949999988079071,0.03189999982714653
YPL221W,YIL111W,0,-3.3973608,0.22891566157341003,0.0949999988079071,0.03200000151991844
YLR008C,YDL130W-A,0,-3.3980536,0.22836539149284363,0.0949999988079071,0.032099999487400055
YMR205C,YNR037C,0,-3.398147,0.22781774401664734,0.0949999988079071,0.03220000118017197
YJL076W,YGL126W,0,-3.398305,0.22727273404598236,0.0949999988079071,0.03229999914765358
YMR016C,YEL059C-A,0,-3.3987045,0.2267303168773651,0.0949999988079071,0.03240000084042549
YJR048W,YNL056W,0,-3.3990846,0.2261904776096344,0.0949999988079071,0.032499998807907104
YER122C,YDR316W,0,-3.3990965,0.22565320134162903,0.0949999988079071,0.032600000500679016
YGR038W,YGL196W,0,-3.3993006,0.225118488073349,0.0949999988079071,0.03269999846816063
YGL045W,YLL028W,0,-3.4008927,0.22458629310131073,0.0949999988079071,0.03280000016093254
YDR214W,YJR059W,0,-3.4009724,0.22405660152435303,0.0949999988079071,0.03290000185370445
YDL153C,YHR039C,0,-3.4022841,0.2235294133424759,0.0949999988079071,0.032999999821186066
YJL069C,YEL047C,0,-3.4023433,0.22300469875335693,0.0949999988079071,0.03310000151395798
YDR130C,YDR273W,0,-3.402729,0.22248244285583496,0.0949999988079071,0.03319999948143959
YIL053W,YGR008C,1,-3.4035912,0.22429905831813812,0.09600000083446503,0.03319999948143959
YBR132C,YHR205W,1,-3.4042697,0.22610722482204437,0.09700000286102295,0.03319999948143959
YOR208W,YKL048C,1,-3.404941,0.2279069721698761,0.09799999743700027,0.03319999948143959
YMR175W,YER062C,1,-3.4073844,0.22969837486743927,0.0989999994635582,0.03319999948143959
YER089C,YLR362W,1,-3.4098806,0.23148147761821747,0.10000000149011612,0.03319999948143959
YDR214W,YPR067W,0,-3.4121122,0.230946883559227,0.10000000149011612,0.0333000011742115
YPR075C,YFL039C,1,-3.415069,0.23271889984607697,0.10100000351667404,0.0333000011742115
YFL018C,YNL145W,0,-3.416143,0.23218390345573425,0.10100000351667404,0.033399999141693115
YCL047C,YNL243W,0,-3.4179468,0.23165138065814972,0.10100000351667404,0.03350000083446503
YER074W-A,YLR178C,0,-3.4182606,0.23112128674983978,0.10100000351667404,0.03359999880194664
YDR372C,YFR015C,0,-3.4184175,0.23059360682964325,0.10100000351667404,0.03370000049471855
YGL166W,YDL204W,0,-3.4193501,0.23006834089756012,0.10100000351667404,0.033799998462200165
YOL123W,YGR138C,0,-3.419571,0.229545459151268,0.10100000351667404,0.033900000154972076
YGR195W,YDR016C,0,-3.421297,0.2290249466896057,0.10100000351667404,0.03400000184774399
YLR332W,YKL062W,1,-3.4222302,0.23076923191547394,0.10199999809265137,0.03400000184774399
YLR332W,YOR208W,1,-3.4229064,0.2325056493282318,0.10300000011920929,0.03400000184774399
YJL093C,YOR233W,0,-3.4232364,0.23198197782039642,0.10300000011920929,0.0340999998152256
YGL195W,YGL121C,0,-3.4251103,0.23146067559719086,0.10300000011920929,0.03420000150799751
YGL027C,YJR009C,0,-3.4255009,0.23094169795513153,0.10300000011920929,0.034299999475479126
YJL138C,YDL126C,0,-3.426,0.23042505979537964,0.10300000011920929,0.03440000116825104
YLR048W,YOR383C,0,-3.426713,0.2299107164144516,0.10300000011920929,0.03449999913573265
YBR122C,YMR298W,0,-3.42702,0.2293986678123474,0.10300000011920929,0.03460000082850456
YFL026W,YPR161C,0,-3.4272962,0.2288888841867447,0.10300000011920929,0.034699998795986176
YGR174C,YGL123W,0,-3.4276848,0.22838138043880463,0.10300000011920929,0.03480000048875809
YDR122W,YNR052C,0,-3.428154,0.22787611186504364,0.10300000011920929,0.0348999984562397
YDR382W,YIR037W,0,-3.429471,0.22737306356430054,0.10300000011920929,0.03500000014901161
YCR033W,YLR328W,0,-3.429583,0.2268722504377365,0.10300000011920929,0.035100001841783524
YNL315C,YER148W,0,-3.4317646,0.22637362778186798,0.10300000011920929,0.03519999980926514
YOR120W,YLR319C,1,-3.4337106,0.22807016968727112,0.10400000214576721,0.03519999980926514
YLR248W,YDR162C,1,-3.435349,0.2297593057155609,0.10499999672174454,0.03519999980926514
YPL059W,YLR138W,1,-3.4356284,0.23144105076789856,0.10599999874830246,0.03519999980926514
YKR072C,YOR120W,1,-3.436051,0.23311546444892883,0.10700000077486038,0.03519999980926514
YHR028C,YIL078W,0,-3.4362402,0.23260869085788727,0.10700000077486038,0.03530000150203705
YDR216W,YEL027W,0,-3.436502,0.2321041226387024,0.10700000077486038,0.03539999946951866
YER122C,YPL159C,0,-3.4365964,0.23160172998905182,0.10700000077486038,0.03550000116229057
YOR316C,YDR259C,0,-3.437223,0.23110151290893555,0.10700000077486038,0.035599999129772186
YDR407C,YJR109C,0,-3.4375548,0.2306034415960312,0.10700000077486038,0.0357000008225441
YBR132C,YDL235C,1,-3.437769,0.23225806653499603,0.1080000028014183,0.0357000008225441
YDR309C,YDR329C,0,-3.438509,0.23175965249538422,0.1080000028014183,0.03579999879002571
YOR047C,YMR092C,1,-3.438816,0.2334047108888626,0.10899999737739563,0.03579999879002571
YIL153W,YMR092C,1,-3.4395833,0.2350427359342575,0.10999999940395355,0.03579999879002571
YDR031W,YIL078W,0,-3.4397688,0.23454158008098602,0.10999999940395355,0.03590000048279762
YBL047C,YDR184C,0,-3.440497,0.23404255509376526,0.10999999940395355,0.035999998450279236
YKR093W,YDL201W,0,-3.4408674,0.23354564607143402,0.10999999940395355,0.03610000014305115
YMR177W,YGL133W,0,-3.4427333,0.2330508530139923,0.10999999940395355,0.03620000183582306
YJL167W,YPL090C,0,-3.444481,0.23255814611911774,0.10999999940395355,0.03629999980330467
YJR125C,YLR432W,0,-3.4445887,0.2320675104856491,0.10999999940395355,0.036400001496076584
YJL158C,YJL010C,0,-3.4451022,0.23157894611358643,0.10999999940395355,0.0364999994635582
YGL208W,YGR061C,0,-3.4454365,0.2310924381017685,0.10999999940395355,0.03660000115633011
YOR120W,YLR138W,1,-3.445901,0.23270440101623535,0.11100000143051147,0.03660000115633011
YJR109C,YOL096C,0,-3.4462323,0.23221758008003235,0.11100000143051147,0.03669999912381172
YPL089C,YIL051C,0,-3.449377,0.23173277080059052,0.11100000143051147,0.03680000081658363
YDR322W,YNL002C,0,-3.450266,0.23125000298023224,0.11100000143051147,0.03689999878406525
YBL042C,YML078W,0,-3.4507017,0.23076923191547394,0.11100000143051147,0.03700000047683716
YPL023C,YOR348C,0,-3.4513435,0.2302904576063156,0.11100000143051147,0.03709999844431877
YDR448W,YIL034C,0,-3.453433,0.22981366515159607,0.11100000143051147,0.03720000013709068
YDR294C,YBL075C,0,-3.4540205,0.2293388396501541,0.11100000143051147,0.037300001829862595
YGL011C,YCR031C,0,-3.4553332,0.22886598110198975,0.11100000143051147,0.03739999979734421
YAL061W,YMR052W,0,-3.456345,0.22839505970478058,0.11100000143051147,0.03750000149011612
YLR298C,YDR481C,0,-3.4588304,0.2279260754585266,0.11100000143051147,0.03759999945759773
YLR216C,YOL003C,0,-3.460353,0.22745901346206665,0.11100000143051147,0.037700001150369644
YOL116W,YIL053W,1,-3.4604244,0.22903884947299957,0.1120000034570694,0.037700001150369644
YHR043C,YGR068C,0,-3.4612708,0.22857142984867096,0.1120000034570694,0.03779999911785126
YGR135W,YPL090C,0,-3.4627132,0.22810590267181396,0.1120000034570694,0.03790000081062317
YHR063C,YNL161W,0,-3.4636092,0.22764228284358978,0.1120000034570694,0.03799999877810478
YOR348C,YGL223C,0,-3.464952,0.22718052566051483,0.1120000034570694,0.038100000470876694
YDL010W,YPL230W,1,-3.4664273,0.22874493896961212,0.11299999803304672,0.038100000470876694
YPR028W,YER091C,0,-3.4674873,0.22828282415866852,0.11299999803304672,0.03819999843835831
YGR165W,YGR162W,0,-3.4681754,0.22782258689403534,0.11299999803304672,0.03830000013113022
YGR142W,YHL036W,0,-3.4681997,0.227364182472229,0.11299999803304672,0.03840000182390213
YJR017C,YNL164C,0,-3.4689746,0.2269076257944107,0.11299999803304672,0.03849999979138374
YML131W,YLR319C,1,-3.470171,0.22845691442489624,0.11400000005960464,0.03849999979138374
YHR142W,YOR344C,0,-3.4718928,0.2280000001192093,0.11400000005960464,0.038600001484155655
YGL167C,YNR053C,0,-3.473359,0.227544903755188,0.11400000005960464,0.03869999945163727
YHR190W,YJL065C,0,-3.47394,0.22709164023399353,0.11400000005960464,0.03880000114440918
YPR154W,YMR070W,0,-3.474482,0.22664016485214233,0.11400000005960464,0.03889999911189079
YLR222C,YER030W,0,-3.474751,0.2261904776096344,0.11400000005960464,0.039000000804662704
YIL070C,YDR002W,0,-3.474803,0.22574257850646973,0.11400000005960464,0.03909999877214432
YDR294C,YIR017C,0,-3.4759326,0.22529643774032593,0.11400000005960464,0.03920000046491623
YGL210W,YLL039C,0,-3.4782562,0.2248520702123642,0.11400000005960464,0.03929999843239784
YIL157C,YOR361C,0,-3.4786115,0.22440944612026215,0.11400000005960464,0.039400000125169754
YBR179C,YHR005C,0,-3.4787393,0.22396856546401978,0.11400000005960464,0.039500001817941666
YAR003W,YHR028C,0,-3.479292,0.2235294133424759,0.11400000005960464,0.03959999978542328
YLR238W,YER054C,0,-3.4794545,0.2230919748544693,0.11400000005960464,0.03970000147819519
YEL060C,YDR238C,0,-3.480949,0.22265625,0.11400000005960464,0.039799999445676804
YOR367W,YOR208W,1,-3.481217,0.22417153418064117,0.11500000208616257,0.039799999445676804
YBR110W,YKL109W,0,-3.4813862,0.22373540699481964,0.11500000208616257,0.039900001138448715
YMR243C,YJR135W-A,0,-3.4819517,0.223300963640213,0.11500000208616257,0.03999999910593033
YDL185W,YFR010W,0,-3.4822989,0.22286821901798248,0.11500000208616257,0.04010000079870224
YJL045W,YEL071W,0,-3.482872,0.22243714332580566,0.11500000208616257,0.04019999876618385
YJR137C,YML057W,0,-3.4830227,0.22200772166252136,0.11500000208616257,0.040300000458955765
YLR044C,YOR328W,0,-3.4849582,0.22157995402812958,0.11500000208616257,0.04039999842643738
YOR155C,YGR009C,0,-3.485189,0.2211538404226303,0.11500000208616257,0.04050000011920929
YER091C,YML010W,0,-3.4861307,0.22072936594486237,0.11500000208616257,0.0406000018119812
YCR071C,YNL065W,0,-3.4872222,0.22030651569366455,0.11500000208616257,0.040699999779462814
YLR034C,YLR240W,0,-3.487224,0.21988527476787567,0.11500000208616257,0.040800001472234726
YDL100C,YML046W,0,-3.4872727,0.21946564316749573,0.11500000208616257,0.04089999943971634
YOR078W,YPL265W,0,-3.4898267,0.21904762089252472,0.11500000208616257,0.04100000113248825
YLR298C,YDR148C,0,-3.4940243,0.21863117814064026,0.11500000208616257,0.041099999099969864
YDR388W,YER062C,1,-3.4959335,0.2201138585805893,0.11599999666213989,0.041099999099969864
YOR027W,YOR368W,0,-3.496004,0.21969696879386902,0.11599999666213989,0.041200000792741776
YHR205W,YGR008C,1,-3.4960608,0.2211720198392868,0.11699999868869781,0.041200000792741776
YPL146C,YKL043W,0,-3.4964156,0.2207547128200531,0.11699999868869781,0.04129999876022339
YAL023C,YNL036W,0,-3.4976454,0.22033898532390594,0.11699999868869781,0.0414000004529953
YDL123W,YER061C,0,-3.4978752,0.21992480754852295,0.11699999868869781,0.04149999842047691
YER088C,YDR153C,0,-3.498438,0.2195121943950653,0.11699999868869781,0.041600000113248825
YLR249W,YNL098C,0,-3.4995065,0.21910113096237183,0.11699999868869781,0.04170000180602074
YDR043C,YGL086W,0,-3.4997845,0.21869158744812012,0.11699999868869781,0.04179999977350235
YGL189C,YIL125W,0,-3.4998426,0.21828357875347137,0.11699999868869781,0.04190000146627426
YML007W,YLL039C,0,-3.500249,0.2178770899772644,0.11699999868869781,0.041999999433755875
YOR043W,YMR175W,1,-3.5005388,0.21933086216449738,0.11800000071525574,0.041999999433755875
YDR299W,YKR003W,0,-3.5007896,0.2189239263534546,0.11800000071525574,0.042100001126527786
YHR084W,YOR150W,0,-3.5017014,0.21851852536201477,0.11800000071525574,0.0421999990940094
YDR388W,YGR008C,1,-3.503376,0.21996302902698517,0.11900000274181366,0.0421999990940094
YLR332W,YER089C,1,-3.503934,0.22140221297740936,0.11999999731779099,0.0421999990940094
YNL036W,YLR110C,0,-3.5039692,0.2209944725036621,0.11999999731779099,0.04230000078678131
YGL029W,YMR088C,0,-3.5046115,0.22058823704719543,0.11999999731779099,0.042399998754262924
YLR008C,YBR054W,0,-3.5059242,0.22018349170684814,0.11999999731779099,0.042500000447034836
YLR222C,YJR065C,0,-3.506815,0.21978022158145905,0.11999999731779099,0.04259999841451645
YHR216W,YNR001C,0,-3.5078468,0.21937842667102814,0.11999999731779099,0.04270000010728836
YOR208W,YPL230W,1,-3.5088863,0.2208029180765152,0.12099999934434891,0.04270000010728836
YOL064C,YOR043W,1,-3.5095243,0.2222222238779068,0.12200000137090683,0.04270000010728836
YHR016C,YIL015W,0,-3.5110788,0.22181817889213562,0.12200000137090683,0.04280000180006027
YNR019W,YGR280C,0,-3.5116677,0.22141560912132263,0.12200000137090683,0.042899999767541885
YIL053W,YDR388W,1,-3.5123715,0.22282609343528748,0.12300000339746475,0.042899999767541885
YFR055W,YER014W,0,-3.5124083,0.22242315113544464,0.12300000339746475,0.0430000014603138
YML121W,YCL030C,0,-3.512865,0.2220216542482376,0.12300000339746475,0.04309999942779541
YLR192C,YDR276C,0,-3.5136485,0.22162161767482758,0.12300000339746475,0.04320000112056732
YDR471W,YJL047C,0,-3.5139155,0.22122302651405334,0.12300000339746475,0.043299999088048935
YBL024W,YBL090W,0,-3.5140634,0.22082585096359253,0.12300000339746475,0.04340000078082085
YIR004W,YER053C,0,-3.5140634,0.22043010592460632,0.12300000339746475,0.04349999874830246
YPR143W,YDR298C,0,-3.5147219,0.22003577649593353,0.12300000339746475,0.04360000044107437
YPL224C,YDR092W,0,-3.5164952,0.21964286267757416,0.12300000339746475,0.043699998408555984
YNL056W,YLL028W,0,-3.5174232,0.2192513346672058,0.12300000339746475,0.043800000101327896
YDR545W,YFL034C-A,0,-3.5177479,0.21886120736598969,0.12300000339746475,0.04390000179409981
YPL117C,YER027C,0,-3.5178685,0.2184724658727646,0.12300000339746475,0.04399999976158142
YDR545W,YAL005C,0,-3.518343,0.21808511018753052,0.12300000339746475,0.04410000145435333
YLR170C,YNL007C,0,-3.5193477,0.2176991105079651,0.12300000339746475,0.044199999421834946
YER048C,YAL012W,0,-3.5200129,0.2173144817352295,0.12300000339746475,0.04430000111460686
YBR039W,YIL009W,0,-3.5209165,0.21693122386932373,0.12300000339746475,0.04439999908208847
YMR264W,YDR256C,0,-3.5210009,0.21654929220676422,0.12300000339746475,0.04450000077486038
YDR300C,YML012W,0,-3.5212245,0.21616871654987335,0.12300000339746475,0.044599998742341995
YNL294C,YBL075C,0,-3.5219278,0.21578946709632874,0.12300000339746475,0.04470000043511391
YNR033W,YLL018C,0,-3.522479,0.21541155874729156,0.12300000339746475,0.04479999840259552
YDR424C,YDR385W,0,-3.5225868,0.21503496170043945,0.12300000339746475,0.04490000009536743
YML123C,YDL175C,0,-3.5233111,0.2146596908569336,0.12300000339746475,0.04500000178813934
YGL198W,YDR184C,0,-3.5234628,0.2142857164144516,0.12300000339746475,0.045099999755620956
YIL126W,YIL069C,0,-3.5240765,0.21391303837299347,0.12300000339746475,0.04520000144839287
YOL016C,YOL058W,0,-3.5252852,0.2135416716337204,0.12300000339746475,0.04529999941587448
YLR411W,YDR184C,0,-3.525288,0.2131715714931488,0.12300000339746475,0.04540000110864639
YNL055C,YNL330C,0,-3.5255795,0.21280276775360107,0.12300000339746475,0.045499999076128006
YDL123W,YHR134W,0,-3.526513,0.21243523061275482,0.12300000339746475,0.04560000076889992
YDL193W,YNL244C,0,-3.5267248,0.21206896007061005,0.12300000339746475,0.04569999873638153
YGL141W,YDR257C,0,-3.526825,0.21170395612716675,0.12300000339746475,0.04580000042915344
YGL198W,YML026C,0,-3.5270433,0.21134020388126373,0.12300000339746475,0.045899998396635056
YER178W,YMR192W,0,-3.5272923,0.210977703332901,0.12300000339746475,0.04600000008940697
YDR001C,YDR038C,0,-3.5274196,0.21061643958091736,0.12300000339746475,0.04610000178217888
YDL014W,YML048W,0,-3.5281243,0.2102564126253128,0.12300000339746475,0.04619999974966049
YNL207W,YDL067C,0,-3.528985,0.20989760756492615,0.12300000339746475,0.046300001442432404
YOR367W,YBL061C,1,-3.529976,0.2112436145544052,0.12399999797344208,0.046300001442432404
YHR216W,YIL065C,0,-3.531322,0.21088434755802155,0.12399999797344208,0.04639999940991402
YDR122W,YNR026C,0,-3.5322652,0.21052631735801697,0.12399999797344208,0.04650000110268593
YGR209C,YHR088W,0,-3.5325108,0.2101694941520691,0.12399999797344208,0.04659999907016754
YPR073C,YGR162W,0,-3.5332346,0.20981387794017792,0.12399999797344208,0.04670000076293945
YGL047W,YDR093W,0,-3.5347495,0.20945945382118225,0.12399999797344208,0.046799998730421066
YLR003C,YDR343C,0,-3.535976,0.2091062366962433,0.12399999797344208,0.04690000042319298
YIL051C,YFL034C-A,0,-3.5359797,0.20875421166419983,0.12399999797344208,0.04699999839067459
YDL082W,YNL265C,0,-3.5361242,0.20840336382389069,0.12399999797344208,0.0471000000834465
YGR138C,YOR249C,0,-3.5370321,0.20805369317531586,0.12399999797344208,0.047200001776218414
YIL157C,YLR390W-A,0,-3.5391068,0.20770519971847534,0.12399999797344208,0.04729999974370003
YLR355C,YPL033C,0,-3.5396404,0.20735785365104675,0.12399999797344208,0.04740000143647194
YMR314W,YGL234W,0,-3.540141,0.20701168477535248,0.12399999797344208,0.04749999940395355
YOR043W,YJL184W,1,-3.541164,0.2083333283662796,0.125,0.04749999940395355
YDL110C,YJR086W,0,-3.5421362,0.20798668265342712,0.125,0.047600001096725464
YFL026W,YKL154W,0,-3.5430055,0.20764119923114777,0.125,0.04769999906420708
YBL090W,YGL125W,0,-3.5435529,0.20729684829711914,0.125,0.04780000075697899
YNL091W,YER089C,1,-3.544186,0.20860926806926727,0.12600000202655792,0.04780000075697899
YLR342W,YNR032W,0,-3.5459151,0.20826447010040283,0.12600000202655792,0.0478999987244606
YJR075W,YAL008W,0,-3.5462608,0.20792078971862793,0.12600000202655792,0.04800000041723251
YEL050C,YBR048W,0,-3.5466533,0.20757825672626495,0.12600000202655792,0.04809999838471413
YFR014C,YHR094C,0,-3.5466943,0.20723684132099152,0.12600000202655792,0.04820000007748604
YOR043W,YOL089C,1,-3.5473356,0.20853859186172485,0.12700000405311584,0.04820000007748604
YBR114W,YML072C,0,-3.547614,0.2081967145204544,0.12700000405311584,0.04830000177025795
YLR158C,YHR187W,0,-3.5479722,0.2078559696674347,0.12700000405311584,0.04839999973773956
YLR006C,YMR037C,1,-3.549407,0.20915032923221588,0.12800000607967377,0.04839999973773956
YCL030C,YOR358W,0,-3.5506406,0.20880913734436035,0.12800000607967377,0.048500001430511475
YNL287W,YBL042C,0,-3.5508208,0.20846904814243317,0.12800000607967377,0.04859999939799309
YOR057W,YCR031C,0,-3.5512457,0.20813007652759552,0.12800000607967377,0.048700001090765
YOR362C,YHR098C,0,-3.5523295,0.20779220759868622,0.12800000607967377,0.04879999905824661
YNR051C,YNL280C,0,-3.5536604,0.20745542645454407,0.12800000607967377,0.048900000751018524
YPL015C,YGL234W,0,-3.553987,0.20711974799633026,0.12800000607967377,0.04899999871850014
YPL234C,YAL025C,0,-3.5543866,0.2067851424217224,0.12800000607967377,0.04910000041127205
YBR068C,YDR200C,0,-3.55617,0.20645160973072052,0.12800000607967377,0.04919999837875366
YKL060C,YOL077C,0,-3.5569143,0.20611916482448578,0.12800000607967377,0.049300000071525574
YER118C,YBR014C,1,-3.557269,0.2073954939842224,0.1289999932050705,0.049300000071525574
YDR376W,YER006W,0,-3.5581431,0.20706260204315186,0.1289999932050705,0.049400001764297485
YOR124C,YKR081C,0,-3.55821,0.20673076808452606,0.1289999932050705,0.0494999997317791
YLR259C,YGL076C,0,-3.558704,0.20640000700950623,0.1289999932050705,0.04960000142455101
YKL109W,YKR034W,0,-3.5591693,0.20607028901576996,0.1289999932050705,0.04969999939203262
YDR019C,YDR256C,0,-3.560276,0.20574162900447845,0.1289999932050705,0.049800001084804535
YHR094C,YLR423C,0,-3.5604482,0.20541401207447052,0.1289999932050705,0.04989999905228615
YDL122W,YMR116C,0,-3.560873,0.20508743822574615,0.1289999932050705,0.05000000074505806
YOR117W,YKL148C,0,-3.5615258,0.20476190745830536,0.1289999932050705,0.05009999871253967
YML054C,YER111C,0,-3.5624404,0.20443740487098694,0.1289999932050705,0.050200000405311584
YKL112W,YNR037C,0,-3.5637507,0.2041139304637909,0.1289999932050705,0.0502999983727932
YPL100W,YOR371C,0,-3.564022,0.20379146933555603,0.1289999932050705,0.05040000006556511
YMR298W,YDR298C,0,-3.564528,0.20347003638744354,0.1289999932050705,0.05050000175833702
YDR533C,YMR236W,0,-3.5648842,0.20314960181713104,0.1289999932050705,0.050599999725818634
YLR096W,YEL024W,0,-3.5649424,0.20283019542694092,0.1289999932050705,0.050700001418590546
YIR036C,YGR002C,0,-3.566409,0.2025117725133896,0.1289999932050705,0.05079999938607216
YPL231W,YLR286C,0,-3.5676813,0.20219436287879944,0.1289999932050705,0.05090000107884407
YDR477W,YHR170W,0,-3.568118,0.20187793672084808,0.1289999932050705,0.050999999046325684
YGR159C,YMR307W,0,-3.5681343,0.20156249403953552,0.1289999932050705,0.051100000739097595
YPR016C,YNL005C,0,-3.5686889,0.20124804973602295,0.1289999932050705,0.05119999870657921
YCL064C,YGL090W,0,-3.5692568,0.20093457400798798,0.1289999932050705,0.05130000039935112
YPL242C,YKL062W,1,-3.570211,0.20217730104923248,0.12999999523162842,0.05130000039935112
YDL185W,YDL067C,0,-3.5711775,0.2018633484840393,0.12999999523162842,0.05139999836683273
YFR031C-A,YMR139W,0,-3.5713735,0.20155039429664612,0.12999999523162842,0.051500000059604645
YJL189W,YIL007C,0,-3.5720582,0.20123839378356934,0.12999999523162842,0.051600001752376556
YGL084C,YGR090W,0,-3.5721555,0.20092736184597015,0.12999999523162842,0.05169999971985817
YLR332W,YDL010W,1,-3.5732913,0.20216049253940582,0.13099999725818634,0.05169999971985817
YJL048C,YJR076C,0,-3.5740118,0.20184899866580963,0.13099999725818634,0.05180000141263008
YPL152W,YOR120W,1,-3.5748644,0.20307692885398865,0.13199999928474426,0.05180000141263008
YBR208C,YBR158W,0,-3.5760503,0.20276497304439545,0.13199999928474426,0.051899999380111694
YOR181W,YPL152W,1,-3.576243,0.2039877325296402,0.13300000131130219,0.051899999380111694
YDR388W,YMR037C,1,-3.5763888,0.2052067369222641,0.1340000033378601,0.051899999380111694
YOR208W,YER089C,1,-3.5764475,0.20642201602458954,0.13500000536441803,0.051899999380111694
YPR184W,YPL037C,0,-3.5767922,0.20610687136650085,0.13500000536441803,0.052000001072883606
YML016C,YER102W,0,-3.5768585,0.20579268038272858,0.13500000536441803,0.05209999904036522
YMR135C,YAL028W,0,-3.5776076,0.2054794579744339,0.13500000536441803,0.05220000073313713
YDR074W,YDL223C,0,-3.5783348,0.20516717433929443,0.13500000536441803,0.052299998700618744
YJL174W,YOL049W,0,-3.5783792,0.20485584437847137,0.13500000536441803,0.052400000393390656
YBR291C,YJL180C,0,-3.5785503,0.20454545319080353,0.13500000536441803,0.05249999836087227
YHL006C,YPL090C,0,-3.5790854,0.2042360007762909,0.13500000536441803,0.05260000005364418
YGL156W,YBL102W,0,-3.5792518,0.20392748713493347,0.13500000536441803,0.05270000174641609
YGR138C,YML113W,0,-3.5795116,0.20361991226673126,0.13500000536441803,0.052799999713897705
YPR104C,YJL048C,0,-3.58012,0.20331324636936188,0.13500000536441803,0.05290000140666962
YKR087C,YLR343W,0,-3.5807323,0.2030075192451477,0.13500000536441803,0.05299999937415123
YNL159C,YGR192C,0,-3.5843878,0.20270270109176636,0.13500000536441803,0.05310000106692314
YHR037W,YDL166C,0,-3.5847492,0.20239880681037903,0.13500000536441803,0.053199999034404755
YDR074W,YOR371C,0,-3.5857415,0.20209580659866333,0.13500000536441803,0.053300000727176666
YDR050C,YOR100C,0,-3.586637,0.20179371535778046,0.13500000536441803,0.05339999869465828
YPR124W,YHR111W,0,-3.5872107,0.2014925330877304,0.13500000536441803,0.05350000038743019
YML131W,YKL062W,1,-3.5873127,0.20268256962299347,0.13600000739097595,0.05350000038743019
YLR293C,YDR315C,0,-3.587542,0.2023809552192688,0.13600000739097595,0.053599998354911804
YGR241C,YOR116C,0,-3.5878463,0.20208023488521576,0.13600000739097595,0.053700000047683716
YOR358W,YLR120C,0,-3.5880456,0.20178040862083435,0.13600000739097595,0.05380000174045563
YOR208W,YHL007C,1,-3.5883212,0.2029629647731781,0.13699999451637268,0.05380000174045563
YER129W,YJR047C,0,-3.5885515,0.20266272127628326,0.13699999451637268,0.05389999970793724
YBR008C,YPL120W,0,-3.5886798,0.20236337184906006,0.13699999451637268,0.05400000140070915
YIL050W,YJL198W,0,-3.5906696,0.2020649015903473,0.13699999451637268,0.054099999368190765
YLR399C,YBL042C,0,-3.5909576,0.20176731050014496,0.13699999451637268,0.05420000106096268
YDR534C,YGR161C,0,-3.5916572,0.20147058367729187,0.13699999451637268,0.05429999902844429
YML016C,YOR328W,0,-3.592125,0.20117473602294922,0.13699999451637268,0.0544000007212162
YHR169W,YBR149W,0,-3.592577,0.200879767537117,0.13699999451637268,0.054499998688697815
YJL102W,YCR047C,0,-3.5931344,0.20058564841747284,0.13699999451637268,0.05460000038146973
YBR298C,YPL005W,0,-3.5933208,0.20029239356517792,0.13699999451637268,0.05469999834895134
YGL198W,YIL117C,0,-3.5944362,0.20000000298023224,0.13699999451637268,0.05480000004172325
YHR025W,YDR517W,0,-3.5945144,0.1997084617614746,0.13699999451637268,0.05490000173449516
YPL249C-A,YDR032C,0,-3.5948987,0.19941775500774384,0.13699999451637268,0.054999999701976776
YOR120W,YLR362W,1,-3.5955744,0.2005814015865326,0.1379999965429306,0.054999999701976776
YMR217W,YJR009C,0,-3.5956125,0.2002902776002884,0.1379999965429306,0.05510000139474869
YNL327W,YGL047W,0,-3.5973253,0.20000000298023224,0.1379999965429306,0.0551999993622303
YDL046W,YHR133C,0,-3.5983148,0.19971056282520294,0.1379999965429306,0.05530000105500221
YGR097W,YDR341C,0,-3.5984578,0.1994219720363617,0.1379999965429306,0.055399999022483826
YOR316C,YAL014C,0,-3.5989075,0.1991342008113861,0.1379999965429306,0.05550000071525574
YDR465C,YLR089C,0,-3.5994277,0.19884726405143738,0.1379999965429306,0.05559999868273735
YBL039C,YAR042W,0,-3.59973,0.1985611468553543,0.1379999965429306,0.05570000037550926
YOR396W,YKR058W,0,-3.599903,0.1982758641242981,0.1379999965429306,0.055799998342990875
YLR332W,YFL039C,1,-3.60176,0.19942611455917358,0.13899999856948853,0.055799998342990875
YBR149W,YML012W,0,-3.6024313,0.19914039969444275,0.13899999856948853,0.05590000003576279
YEL060C,YCL011C,0,-3.6035929,0.19885550439357758,0.13899999856948853,0.0560000017285347
YPL049C,YDR051C,0,-3.6045208,0.19857142865657806,0.13899999856948853,0.05609999969601631
YKL143W,YBR014C,1,-3.6046877,0.19971469044685364,0.14000000059604645,0.05609999969601631
YLR119W,YJL052W,0,-3.6048708,0.1994301974773407,0.14000000059604645,0.05620000138878822
YCL017C,YJR064W,0,-3.6052027,0.19914650917053223,0.14000000059604645,0.056299999356269836
YOR178C,YML114C,0,-3.6057773,0.19886364042758942,0.14000000059604645,0.05640000104904175
YLR342W,YMR098C,0,-3.6060858,0.19858156144618988,0.14000000059604645,0.05649999901652336
YMR170C,YAL015C,0,-3.6068707,0.1983002871274948,0.14000000059604645,0.05660000070929527
YOR167C,YNL306W,0,-3.606955,0.19801980257034302,0.14000000059604645,0.056699998676776886
YBR035C,YOL128C,0,-3.607472,0.1977401077747345,0.14000000059604645,0.0568000003695488
YJR084W,YNL103W,0,-3.609641,0.19746121764183044,0.14000000059604645,0.05689999833703041
YNL055C,YLR262C,0,-3.6100392,0.19718310236930847,0.14000000059604645,0.05700000002980232
YAL005C,YOR116C,0,-3.610097,0.19690576195716858,0.14000000059604645,0.057100001722574234
YDR388W,YPL059W,1,-3.6109853,0.19803370535373688,0.14100000262260437,0.057100001722574234
YGL013C,YNL075W,0,-3.611166,0.19775596261024475,0.14100000262260437,0.05719999969005585
YJL174W,YHR121W,0,-3.6111736,0.1974789947271347,0.14100000262260437,0.05730000138282776
YMR043W,YLL039C,0,-3.611349,0.19720280170440674,0.14100000262260437,0.05739999935030937
YOR027W,YOR172W,0,-3.6118755,0.19692736864089966,0.14100000262260437,0.057500001043081284
YFR042W,YOR182C,0,-3.6121063,0.19665272533893585,0.14100000262260437,0.0575999990105629
YBL025W,YDL204W,0,-3.6124492,0.19637882709503174,0.14100000262260437,0.05770000070333481
YKR049C,YHR026W,0,-3.6136065,0.1961057037115097,0.14100000262260437,0.05779999867081642
YKL138C,YNL119W,0,-3.6138206,0.19583334028720856,0.14100000262260437,0.05790000036358833
YML016C,YPL170W,0,-3.6141434,0.1955617219209671,0.14100000262260437,0.057999998331069946
YCR020C,YLR037C,0,-3.6158838,0.19529086351394653,0.14100000262260437,0.05810000002384186
YJL198W,YKL046C,0,-3.6165252,0.19502075016498566,0.14100000262260437,0.05820000171661377
YER063W,YML026C,0,-3.6166706,0.19475138187408447,0.14100000262260437,0.05829999968409538
YHR200W,YDR046C,0,-3.618733,0.19448275864124298,0.14100000262260437,0.058400001376867294
YFR003C,YDR439W,0,-3.6192813,0.19421488046646118,0.14100000262260437,0.05849999934434891
YBR131W,YMR237W,0,-3.6192832,0.19394773244857788,0.14100000262260437,0.05860000103712082
YKL016C,YBR030W,0,-3.6205254,0.19368131458759308,0.14100000262260437,0.05869999900460243
YPL262W,YGL155W,0,-3.6209998,0.19341564178466797,0.14100000262260437,0.058800000697374344
YLR229C,YGL206C,0,-3.6211367,0.19315068423748016,0.14100000262260437,0.05889999866485596
YOR120W,YBR086C,1,-3.6212797,0.19425444304943085,0.1420000046491623,0.05889999866485596
YKL062W,YKL129C,1,-3.6214204,0.19535519182682037,0.14300000667572021,0.05889999866485596
YFL024C,YGR023W,0,-3.6217237,0.19508866965770721,0.14300000667572021,0.05900000035762787
YHL015W,YOR278W,0,-3.6221128,0.19482289254665375,0.14300000667572021,0.05909999832510948
YDL010W,YBL061C,1,-3.622168,0.19591836631298065,0.14399999380111694,0.05909999832510948
YMR135C,YDR408C,0,-3.6234212,0.19565217196941376,0.14399999380111694,0.05920000001788139
YNL199C,YNR019W,0,-3.6234293,0.19538670778274536,0.14399999380111694,0.059300001710653305
YFL016C,YJR010C-A,0,-3.62364,0.19512194395065308,0.14399999380111694,0.05939999967813492
YOR208W,YML131W,1,-3.6243787,0.1962110996246338,0.14499999582767487,0.05939999967813492
YDR012W,YER012W,0,-3.6244574,0.19594594836235046,0.14499999582767487,0.05950000137090683
YER146W,YLR077W,0,-3.6244988,0.19568151235580444,0.14499999582767487,0.05959999933838844
YKL167C,YLR022C,0,-3.6257615,0.19541779160499573,0.14499999582767487,0.059700001031160355
YLR256W,YDL085W,0,-3.626202,0.19515477120876312,0.14499999582767487,0.05979999899864197
YMR041C,YJR126C,0,-3.6263285,0.19489246606826782,0.14499999582767487,0.05990000069141388
YMR318C,YKL028W,0,-3.6273088,0.19463087618350983,0.14499999582767487,0.05999999865889549
YIR003W,YLR039C,0,-3.627688,0.19436997175216675,0.14499999582767487,0.060100000351667404
YKL035W,YGR208W,0,-3.6279778,0.19410976767539978,0.14499999582767487,0.06019999831914902
YPL249C,YER061C,0,-3.628643,0.19385026395320892,0.14499999582767487,0.06030000001192093
YGR156W,YLR324W,0,-3.629838,0.19359146058559418,0.14499999582767487,0.06040000170469284
YPL230W,YDR420W,1,-3.630093,0.19466666877269745,0.1459999978542328,0.06040000170469284
YAR003W,YNL156C,0,-3.6319118,0.19440746307373047,0.1459999978542328,0.060499999672174454
YOR347C,YER133W,0,-3.632031,0.1941489428281784,0.1459999978542328,0.060600001364946365
YPR075C,YDR162C,1,-3.6327271,0.19521912932395935,0.1469999998807907,0.060600001364946365
YAL014C,YAL008W,0,-3.6330676,0.19496020674705505,0.1469999998807907,0.06069999933242798
YPL198W,YDR197W,0,-3.633092,0.19470198452472687,0.1469999998807907,0.06080000102519989
YHL032C,YGL145W,0,-3.6331887,0.1944444477558136,0.1469999998807907,0.0608999989926815
YDL130W-A,YNL207W,0,-3.6333175,0.19418758153915405,0.1469999998807907,0.061000000685453415
YDR041W,YOL077C,0,-3.6334763,0.19393140077590942,0.1469999998807907,0.06109999865293503
YDL075W,YEL024W,0,-3.6335006,0.19367589056491852,0.1469999998807907,0.06120000034570694
YKL016C,YOR175C,0,-3.6337304,0.19342105090618134,0.1469999998807907,0.06129999831318855
YKL125W,YPL215W,0,-3.6343966,0.19316688179969788,0.1469999998807907,0.061400000005960464
YER088C,YMR264W,0,-3.6345267,0.19291338324546814,0.1469999998807907,0.061500001698732376
YER004W,YDR127W,0,-3.6346045,0.19266055524349213,0.1469999998807907,0.06159999966621399
YFR042W,YNL113W,0,-3.6354265,0.19240838289260864,0.1469999998807907,0.0617000013589859
YPL178W,YPL179W,0,-3.6365285,0.1921568661928177,0.1469999998807907,0.061799999326467514
YOR208W,YDR420W,1,-3.6368523,0.19321148097515106,0.14800000190734863,0.061799999326467514
YPL158C,YGR124W,0,-3.6370816,0.19295957684516907,0.14800000190734863,0.061900001019239426
YBR273C,YPR151C,0,-3.637095,0.1927083283662796,0.14800000190734863,0.06199999898672104
YOL116W,YPL239W,1,-3.6371927,0.19375813007354736,0.14900000393390656,0.06199999898672104
YJR019C,YER014W,0,-3.637661,0.19350649416446686,0.14900000393390656,0.06210000067949295
YGL141W,YDR122W,0,-3.6396613,0.19325551390647888,0.14900000393390656,0.062199998646974564
YDR317W,YOR132W,0,-3.6408262,0.19300517439842224,0.14900000393390656,0.062300000339746475
YER122C,YOR231W,0,-3.6414742,0.19275550544261932,0.14900000393390656,0.06239999830722809
YJL101C,YDR091C,0,-3.642047,0.19250646233558655,0.14900000393390656,0.0625
YGR211W,YJR025C,0,-3.6428003,0.1922580599784851,0.14900000393390656,0.06260000169277191
YML131W,YBL061C,1,-3.6428046,0.19329896569252014,0.15000000596046448,0.06260000169277191
YGL120C,YDL126C,0,-3.6435184,0.19305019080638885,0.15000000596046448,0.06270000338554382
YLR248W,YLR319C,1,-3.643849,0.19408740103244781,0.1509999930858612,0.06270000338554382
YJR104C,YNL119W,0,-3.643938,0.19383825361728668,0.1509999930858612,0.06279999762773514
YKL129C,YBL061C,1,-3.644184,0.19487179815769196,0.15199999511241913,0.06279999762773514
YKL043W,YBR078W,0,-3.6450996,0.19462227821350098,0.15199999511241913,0.06289999932050705
YDR117C,YLR284C,0,-3.6456923,0.19437339901924133,0.15199999511241913,0.06300000101327896
YGL135W,YDR298C,0,-3.6469636,0.19412516057491302,0.15199999511241913,0.06310000270605087
YOR059C,YBR168W,0,-3.6473966,0.19387754797935486,0.15199999511241913,0.06319999694824219
YBR132C,YHR206W,1,-3.6474605,0.19490446150302887,0.15299999713897705,0.06319999694824219
YGR212W,YER025W,0,-3.6480618,0.19465649127960205,0.15299999713897705,0.0632999986410141
YKL143W,YMR109W,1,-3.6481357,0.19567979872226715,0.15399999916553497,0.0632999986410141
YLR336C,YMR092C,1,-3.6481533,0.19670051336288452,0.1550000011920929,0.0632999986410141
YPL100W,YLR410W,0,-3.6494956,0.19645120203495026,0.1550000011920929,0.06340000033378601
YOR181W,YMR092C,1,-3.6496744,0.1974683552980423,0.15600000321865082,0.06340000033378601
YML058W,YHR001W-A,0,-3.649716,0.19721871614456177,0.15600000321865082,0.06350000202655792
YGL253W,YGL077C,0,-3.6498857,0.19696970283985138,0.15600000321865082,0.06360000371932983
YER161C,YHR018C,0,-3.650095,0.19672131538391113,0.15600000321865082,0.06369999796152115
YGL017W,YIL111W,0,-3.6503725,0.19647355377674103,0.15600000321865082,0.06379999965429306
YMR167W,YKR049C,0,-3.6507626,0.19622641801834106,0.15600000321865082,0.06390000134706497
YHL001W,YPL246C,0,-3.6507874,0.19597989320755005,0.15600000321865082,0.06400000303983688
YNR007C,YIL014W,0,-3.650959,0.19573400914669037,0.15600000321865082,0.0640999972820282
YOR043W,YNL020C,1,-3.6512146,0.19674184918403625,0.15700000524520874,0.0640999972820282
YLR054C,YFR053C,0,-3.6534395,0.19649562239646912,0.15700000524520874,0.06419999897480011
YBR156C,YJL123C,0,-3.6534467,0.19625000655651093,0.15700000524520874,0.06430000066757202
YOR007C,YBR283C,0,-3.6535468,0.1960049867630005,0.15700000524520874,0.06440000236034393
YOL027C,YOL039W,0,-3.6539779,0.1957605928182602,0.15700000524520874,0.06449999660253525
YMR104C,YGL020C,0,-3.6540227,0.19551680982112885,0.15700000524520874,0.06459999829530716
YLR390W-A,YPR086W,0,-3.6544104,0.19527363777160645,0.15700000524520874,0.06469999998807907
YDR011W,YGR178C,0,-3.6545405,0.1950310617685318,0.15700000524520874,0.06480000168085098
YLR039C,YLL028W,0,-3.6548476,0.1947890818119049,0.15700000524520874,0.0649000033736229
YGR148C,YDR116C,0,-3.6553516,0.19454771280288696,0.15700000524520874,0.06499999761581421
YGR195W,YKL192C,0,-3.6558213,0.19430692493915558,0.15700000524520874,0.06509999930858612
YOL117W,YOR079C,0,-3.6570382,0.19406674802303314,0.15700000524520874,0.06520000100135803
YDR129C,YPL239W,1,-3.6576138,0.19506172835826874,0.15800000727176666,0.06520000100135803
YKR061W,YHL032C,0,-3.6577897,0.19482120871543884,0.15800000727176666,0.06530000269412994
YLR258W,YBR085W,0,-3.6580534,0.1945812851190567,0.15800000727176666,0.06539999693632126
YBL007C,YGL070C,0,-3.6585135,0.19434194266796112,0.15800000727176666,0.06549999862909317
YGL097W,YCL031C,0,-3.6587467,0.1941031962633133,0.15800000727176666,0.06560000032186508
YMR053C,YDR038C,0,-3.6594505,0.19386503100395203,0.15800000727176666,0.065700002014637
YER183C,YKL150W,0,-3.6603808,0.19362744688987732,0.15800000727176666,0.0658000037074089
YOL148C,YDL201W,0,-3.6606321,0.19339045882225037,0.15800000727176666,0.06589999794960022
YER155C,YDR394W,0,-3.6608992,0.19315403699874878,0.15800000727176666,0.06599999964237213
YMR088C,YHR201C,0,-3.6610827,0.19291819632053375,0.15800000727176666,0.06610000133514404
YLR388W,YGL055W,0,-3.6611977,0.1926829218864441,0.15800000727176666,0.06620000302791595
YOR208W,YOR120W,1,-3.661306,0.1936662644147873,0.1589999943971634,0.06620000302791595
YGL038C,YNL099C,0,-3.6613255,0.19343066215515137,0.1589999943971634,0.06629999727010727
YOR383C,YMR063W,0,-3.6624565,0.1931956261396408,0.1589999943971634,0.06639999896287918
YOR336W,YDR147W,0,-3.664,0.1929611712694168,0.1589999943971634,0.06650000065565109
YDR382W,YNL118C,0,-3.665133,0.19272726774215698,0.1589999943971634,0.066600002348423
YGL129C,YDR023W,0,-3.6655102,0.19249394536018372,0.1589999943971634,0.06669999659061432
YIL056W,YOR298C-A,0,-3.6662097,0.19226118922233582,0.1589999943971634,0.06679999828338623
YKL062W,YLR362W,1,-3.6663418,0.19323670864105225,0.1599999964237213,0.06679999828338623
YKL004W,YPL132W,0,-3.6677122,0.19300362467765808,0.1599999964237213,0.06689999997615814
YDR153C,YIR015W,0,-3.6678405,0.1927710771560669,0.1599999964237213,0.06700000166893005
YJR161C,YGR101W,0,-3.6680036,0.19253911077976227,0.1599999964237213,0.06710000336170197
YER148W,YGR087C,0,-3.6681442,0.19230769574642181,0.1599999964237213,0.06719999760389328
YOR056C,YLR037C,0,-3.6682434,0.19207683205604553,0.1599999964237213,0.06729999929666519
YMR243C,YDR038C,0,-3.6689544,0.19184651970863342,0.1599999964237213,0.0674000009894371
YLR448W,YDR255C,0,-3.6693254,0.19161677360534668,0.1599999964237213,0.06750000268220901
YNR050C,YDL223C,0,-3.6697826,0.19138756394386292,0.1599999964237213,0.06759999692440033
YBR132C,YPR075C,1,-3.6700253,0.19235365092754364,0.16099999845027924,0.06759999692440033
YLR220W,YNL301C,0,-3.6705089,0.19212409853935242,0.16099999845027924,0.06769999861717224
YJL001W,YPL092W,0,-3.6719437,0.19189511239528656,0.16099999845027924,0.06780000030994415
YHR042W,YJR145C,0,-3.6722517,0.19166666269302368,0.16099999845027924,0.06790000200271606
YDR388W,YOR122C,1,-3.67238,0.19262781739234924,0.16200000047683716,0.06790000200271606
YHR014W,YCR021C,0,-3.672484,0.1923990547657013,0.16200000047683716,0.06800000369548798
YML067C,YDR101C,0,-3.6729455,0.19217081367969513,0.16200000047683716,0.06809999793767929
YML024W,YBR094W,0,-3.673263,0.19194312393665314,0.16200000047683716,0.0681999996304512
YER005W,YHL002W,0,-3.6738887,0.19171597063541412,0.16200000047683716,0.06830000132322311
YCR039C,YKL096W,0,-3.6752214,0.19148936867713928,0.16200000047683716,0.06840000301599503
YOR007C,YCR031C,0,-3.6754622,0.19126328825950623,0.16200000047683716,0.06849999725818634
YLR034C,YML101C,0,-3.675506,0.19103772938251495,0.16200000047683716,0.06859999895095825
YOR043W,YLR138W,1,-3.6755252,0.19199058413505554,0.16300000250339508,0.06859999895095825
YOR047C,YBR014C,1,-3.6767073,0.19294117391109467,0.164000004529953,0.06859999895095825
YLR304C,YIL090W,0,-3.676952,0.19271445274353027,0.164000004529953,0.06870000064373016
YML019W,YJR016C,0,-3.677775,0.19248826801776886,0.164000004529953,0.06880000233650208
YBR283C,YDR511W,0,-3.6777754,0.19226260483264923,0.164000004529953,0.06889999657869339
YHR094C,YDL043C,0,-3.6801624,0.19203747808933258,0.164000004529953,0.0689999982714653
YJL091C,YNL294C,0,-3.6802197,0.19181287288665771,0.164000004529953,0.06909999996423721
YHR143W,YOR278W,0,-3.6805258,0.19158878922462463,0.164000004529953,0.06920000165700912
YDR533C,YNL199C,0,-3.6809726,0.19136522710323334,0.164000004529953,0.06930000334978104
YNL005C,YHR010W,0,-3.680986,0.19114218652248383,0.164000004529953,0.06939999759197235
YLR340W,YML092C,0,-3.6818466,0.1909196674823761,0.164000004529953,0.06949999928474426
YIL051C,YPR086W,0,-3.6820817,0.19069766998291016,0.164000004529953,0.06960000097751617
YLL010C,YLR327C,0,-3.6831036,0.190476194024086,0.164000004529953,0.06970000267028809
YKL029C,YOL011W,0,-3.683226,0.19025522470474243,0.164000004529953,0.0697999969124794
YDL185W,YEL001C,0,-3.6832862,0.19003476202487946,0.164000004529953,0.06989999860525131
YFR010W,YOL059W,0,-3.6834726,0.18981482088565826,0.164000004529953,0.07000000029802322
YDR084C,YGR152C,0,-3.6837015,0.18959537148475647,0.164000004529953,0.07010000199079514
YCR020W-B,YKR039W,0,-3.684411,0.18937644362449646,0.164000004529953,0.07020000368356705
YIL136W,YNL164C,0,-3.6844368,0.18915802240371704,0.164000004529953,0.07029999792575836
YJL164C,YBR289W,0,-3.6847925,0.18894009292125702,0.164000004529953,0.07039999961853027
YDR084C,YNL308C,0,-3.6857796,0.1887226700782776,0.164000004529953,0.07050000131130219
YDR533C,YDR427W,0,-3.6860204,0.18850575387477875,0.164000004529953,0.0706000030040741
YDR345C,YPR028W,0,-3.6866484,0.1882893294095993,0.164000004529953,0.07069999724626541
YGL229C,YBR248C,0,-3.6872735,0.18807339668273926,0.164000004529953,0.07079999893903732
YDR541C,YPR079W,0,-3.6888213,0.1878579556941986,0.164000004529953,0.07090000063180923
YCR004C,YLR223C,0,-3.6889038,0.18764302134513855,0.164000004529953,0.07100000232458115
YGR008C,YMR037C,1,-3.6891365,0.18857142329216003,0.16500000655651093,0.07100000232458115
YBR014C,YER089C,1,-3.6906633,0.18949772417545319,0.16599999368190765,0.07100000232458115
YOR066W,YEL011W,0,-3.6911588,0.1892816424369812,0.16599999368190765,0.07109999656677246
YDR343C,YEL032W,0,-3.6920238,0.1890660524368286,0.16599999368190765,0.07119999825954437
YGR088W,YOR328W,0,-3.6923738,0.18885096907615662,0.16599999368190765,0.07129999995231628
YNL020C,YDR162C,1,-3.6926289,0.18977272510528564,0.16699999570846558,0.07129999995231628
YER176W,YPL215W,0,-3.6927948,0.18955731391906738,0.16699999570846558,0.0714000016450882
YDR293C,YMR298W,0,-3.695755,0.1893424093723297,0.16699999570846558,0.07150000333786011
YDR345C,YOR363C,0,-3.6959352,0.18912796676158905,0.16699999570846558,0.07159999758005142
YBL020W,YIR037W,0,-3.6960068,0.18891403079032898,0.16699999570846558,0.07169999927282333
YNR050C,YBR122C,0,-3.6976113,0.1887005716562271,0.16699999570846558,0.07180000096559525
YER030W,YCR024C-A,0,-3.698452,0.18848758935928345,0.16699999570846558,0.07190000265836716
YDR456W,YNL158W,0,-3.699946,0.18827508389949799,0.16699999570846558,0.07199999690055847
YCR073C,YKL129C,1,-3.700735,0.18918919563293457,0.1679999977350235,0.07199999690055847
YER023W,YNL199C,0,-3.7016501,0.18897637724876404,0.1679999977350235,0.07209999859333038
YLR332W,YOR122C,1,-3.7025762,0.1898876428604126,0.16899999976158142,0.07209999859333038
YBL042C,YDL095W,0,-3.7026796,0.1896745264530182,0.16899999976158142,0.0722000002861023
YFR040W,YKL096W,0,-3.7039628,0.18946188688278198,0.16899999976158142,0.0723000019788742
YJL143W,YPR103W,0,-3.7041335,0.18924972414970398,0.16899999976158142,0.07240000367164612
YEL054C,YDR363W-A,0,-3.7041893,0.18903803825378418,0.16899999976158142,0.07249999791383743
YBR077C,YJL158C,0,-3.7043028,0.1888268142938614,0.16899999976158142,0.07259999960660934
YLR189C,YIL173W,0,-3.7048893,0.1886160671710968,0.16899999976158142,0.07270000129938126
YDR418W,YLR077W,0,-3.705226,0.18840579688549042,0.16899999976158142,0.07280000299215317
YML131W,YMR037C,1,-3.7054563,0.18930958211421967,0.17000000178813934,0.07280000299215317
YML022W,YDR033W,0,-3.706644,0.1890989989042282,0.17000000178813934,0.07289999723434448
YOL027C,YDL226C,0,-3.7070456,0.18888889253139496,0.17000000178813934,0.0729999989271164
YGR220C,YOR004W,0,-3.707251,0.18867924809455872,0.17000000178813934,0.0731000006198883
YOR360C,YAR014C,0,-3.70852,0.18847006559371948,0.17000000178813934,0.07320000231266022
YKR081C,YGL032C,0,-3.7092242,0.18826134502887726,0.17000000178813934,0.07329999655485153
YLR430W,YDR169C,0,-3.7097874,0.18805310130119324,0.17000000178813934,0.07339999824762344
YOL126C,YJL001W,0,-3.7103758,0.18784530460834503,0.17000000178813934,0.07349999994039536
YLR439W,YIL155C,0,-3.710896,0.18763796985149384,0.17000000178813934,0.07360000163316727
YDR074W,YJL157C,0,-3.7115226,0.18743109703063965,0.17000000178813934,0.07370000332593918
YOL123W,YHR044C,0,-3.711688,0.18722467124462128,0.17000000178813934,0.0737999975681305
YLR403W,YBR193C,0,-3.7125468,0.18701870739459991,0.17000000178813934,0.0738999992609024
YGL181W,YLR411W,0,-3.7143183,0.18681319057941437,0.17000000178813934,0.07400000095367432
YDL051W,YMR022W,0,-3.7148514,0.18660812079906464,0.17000000178813934,0.07410000264644623
YDL193W,YBL090W,0,-3.7150245,0.18640351295471191,0.17000000178813934,0.07419999688863754
YJR044C,YNR052C,0,-3.7153826,0.1861993372440338,0.17000000178813934,0.07429999858140945
YER014W,YGL224C,0,-3.7154322,0.18599562346935272,0.17000000178813934,0.07440000027418137
YGL005C,YBL075C,0,-3.7155313,0.18579235672950745,0.17000000178813934,0.07450000196695328
YOR231W,YIL027C,0,-3.7156892,0.1855895221233368,0.17000000178813934,0.07460000365972519
YDR212W,YJR047C,0,-3.7166033,0.18538713455200195,0.17000000178813934,0.0746999979019165
YEL060C,YNL212W,0,-3.7168121,0.18518517911434174,0.17000000178813934,0.07479999959468842
YNL286W,YHR110W,0,-3.7168932,0.18498367071151733,0.17000000178813934,0.07490000128746033
YNL327W,YBL099W,0,-3.7179475,0.18478260934352875,0.17000000178813934,0.07500000298023224
YIL147C,YFL039C,1,-3.718093,0.1856677532196045,0.17100000381469727,0.07500000298023224
YOR092W,YEL024W,0,-3.7183914,0.18546637892723083,0.17100000381469727,0.07509999722242355
YGR080W,YHR207C,0,-3.718896,0.1852654367685318,0.17100000381469727,0.07519999891519547
YML130C,YOL122C,0,-3.719098,0.18506494164466858,0.17100000381469727,0.07530000060796738
YPL198W,YGL020C,0,-3.7197328,0.1848648637533188,0.17100000381469727,0.07540000230073929
YPL239W,YBR086C,1,-3.7198439,0.18574513494968414,0.1720000058412552,0.07540000230073929
YJR046W,YJL102W,0,-3.7200475,0.18554477393627167,0.1720000058412552,0.0754999965429306
YHR037W,YJR064W,0,-3.721015,0.18534483015537262,0.1720000058412552,0.07559999823570251
YIL075C,YLR237W,0,-3.7212825,0.1851453185081482,0.1720000058412552,0.07569999992847443
YOL013C,YOR130C,0,-3.7216783,0.1849462389945984,0.1720000058412552,0.07580000162124634
YML005W,YGL137W,0,-3.7220936,0.184747576713562,0.1720000058412552,0.07590000331401825
YOR122C,YLR362W,1,-3.722855,0.18562231957912445,0.17299999296665192,0.07590000331401825
YGR148C,YPL271W,0,-3.7234473,0.1854233592748642,0.17299999296665192,0.07599999755620956
YHR043C,YOR007C,0,-3.7240663,0.18522484600543976,0.17299999296665192,0.07609999924898148
YHR206W,YOR028C,1,-3.724278,0.18609625101089478,0.17399999499320984,0.07609999924898148
YHR096C,YNL123W,0,-3.724309,0.18589743971824646,0.17399999499320984,0.07620000094175339
YHR206W,YJL184W,1,-3.7260547,0.18676628172397614,0.17499999701976776,0.07620000094175339
YOL133W,YER143W,0,-3.7265038,0.18656715750694275,0.17499999701976776,0.0763000026345253
YHR001W-A,YOL148C,0,-3.7270203,0.18636848032474518,0.17499999701976776,0.07639999687671661
YKR052C,YNL209W,0,-3.727223,0.18617020547389984,0.17499999701976776,0.07649999856948853
YJL057C,YHR157W,0,-3.7272983,0.18597236275672913,0.17499999701976776,0.07660000026226044
YNR047W,YER053C,0,-3.7273827,0.18577495217323303,0.17499999701976776,0.07670000195503235
YAL056W,YDR381W,0,-3.7277684,0.18557794392108917,0.17499999701976776,0.07680000364780426
YKR098C,YLR110C,0,-3.7278132,0.18538135290145874,0.17499999701976776,0.07689999788999557
YNL096C,YNL225C,0,-3.7287183,0.18518517911434174,0.17499999701976776,0.07699999958276749
YER062C,YFL039C,1,-3.7287197,0.1860465109348297,0.17599999904632568,0.07699999958276749
YDR141C,YHR018C,0,-3.7288413,0.18585005402565002,0.17599999904632568,0.0771000012755394
YOR175C,YPR023C,0,-3.7289867,0.18565401434898376,0.17599999904632568,0.07720000296831131
YBR132C,YBR014C,1,-3.7292328,0.18651211261749268,0.1770000010728836,0.07720000296831131
YKL141W,YBR181C,0,-3.7301478,0.18631578981876373,0.1770000010728836,0.07729999721050262
YPL202C,YGR284C,0,-3.7303782,0.18611986935138702,0.1770000010728836,0.07739999890327454
YBR132C,YPL239W,1,-3.7311873,0.18697479367256165,0.17800000309944153,0.07739999890327454
YBL093C,YER030W,0,-3.7322793,0.18677859008312225,0.17800000309944153,0.07750000059604645
YHR043C,YAL019W,0,-3.7323184,0.1865828037261963,0.17800000309944153,0.07760000228881836
YEL006W,YPL090C,0,-3.7324347,0.18638743460178375,0.17800000309944153,0.07769999653100967
YHR001W-A,YDL019C,0,-3.733006,0.18619246780872345,0.17800000309944153,0.07779999822378159
YOR391C,YAL011W,0,-3.7333646,0.18599790334701538,0.17800000309944153,0.0778999999165535
YER143W,YKL181W,0,-3.7340717,0.18580375611782074,0.17800000309944153,0.07800000160932541
YDR388W,YPR075C,1,-3.7342124,0.1866527646780014,0.17900000512599945,0.07800000160932541
YOR076C,YIL113W,0,-3.734858,0.18645833432674408,0.17900000512599945,0.07810000330209732
YER157W,YDL081C,0,-3.73599,0.186264306306839,0.17900000512599945,0.07819999754428864
YHL004W,YGL171W,0,-3.7360315,0.18607068061828613,0.17900000512599945,0.07829999923706055
YIL063C,YMR266W,0,-3.7366328,0.1858774721622467,0.17900000512599945,0.07840000092983246
YGL195W,YGR178C,0,-3.7372398,0.18568465113639832,0.17900000512599945,0.07850000262260437
YNL112W,YNL137C,0,-3.7383304,0.18549223244190216,0.17900000512599945,0.07859999686479568
YGL178W,YKR058W,0,-3.7383409,0.18530020117759705,0.17900000512599945,0.0786999985575676
YPL170W,YDL005C,0,-3.7389326,0.18510858714580536,0.17900000512599945,0.07880000025033951
YJL173C,YNL220W,0,-3.7393274,0.1849173605442047,0.17900000512599945,0.07890000194311142
YER056C,YJL136C,0,-3.7396579,0.1847265213727951,0.17900000512599945,0.07900000363588333
YBR288C,YPL283C,0,-3.7397728,0.18453608453273773,0.17900000512599945,0.07909999787807465
YDR388W,YOR028C,1,-3.740779,0.1853758990764618,0.18000000715255737,0.07909999787807465
YHR014W,YDL130W-A,0,-3.7411075,0.18518517911434174,0.18000000715255737,0.07919999957084656
YGL157W,YDR462W,0,-3.741478,0.1849948614835739,0.18000000715255737,0.07930000126361847
YER146W,YLR204W,0,-3.742156,0.18480493128299713,0.18000000715255737,0.07940000295639038
YOR120W,YHR114W,1,-3.7426195,0.18564102053642273,0.1809999942779541,0.07940000295639038
YOR070C,YPR112C,0,-3.7428122,0.18545082211494446,0.1809999942779541,0.0794999971985817
YDR107C,YPL076W,0,-3.7430482,0.18526099622249603,0.1809999942779541,0.07959999889135361
YDR294C,YGR245C,0,-3.7433114,0.18507157266139984,0.1809999942779541,0.07970000058412552
YOR396W,YDL226C,0,-3.7444916,0.1848825365304947,0.1809999942779541,0.07980000227689743
YJR134C,YOR272W,0,-3.7447057,0.18469387292861938,0.1809999942779541,0.07989999651908875
YPL231W,YPL220W,0,-3.7461362,0.1845056116580963,0.1809999942779541,0.07999999821186066
YLR075W,YHR091C,0,-3.746698,0.1843177229166031,0.1809999942779541,0.08009999990463257
YPL009C,YPL170W,0,-3.748199,0.1841302067041397,0.1809999942779541,0.08020000159740448
YDR447C,YJL047C,0,-3.749354,0.18394309282302856,0.1809999942779541,0.08030000329017639
YLR222C,YPR036W,0,-3.750924,0.18375635147094727,0.1809999942779541,0.0803999975323677
YDR040C,YGR008C,1,-3.7510643,0.18458418548107147,0.18199999630451202,0.0803999975323677
YJL063C,YJL033W,0,-3.7514057,0.1843971610069275,0.18199999630451202,0.08049999922513962
YDR388W,YBL061C,1,-3.7519336,0.18522267043590546,0.18299999833106995,0.08049999922513962
YDR258C,YDR385W,0,-3.7520485,0.18503539264202118,0.18299999833106995,0.08060000091791153
YOR375C,YNL062C,0,-3.7521305,0.18484848737716675,0.18299999833106995,0.08070000261068344
YKL160W,YDR381W,0,-3.7530556,0.18466195464134216,0.18299999833106995,0.08079999685287476
YDL137W,YDR060W,0,-3.7531676,0.18447580933570862,0.18299999833106995,0.08089999854564667
YKL025C,YDR184C,0,-3.753592,0.18429003655910492,0.18299999833106995,0.08100000023841858
YKL198C,YJL099W,0,-3.753654,0.18410462141036987,0.18299999833106995,0.08110000193119049
YEL021W,YJR104C,0,-3.753786,0.18391959369182587,0.18299999833106995,0.0812000036239624
YPL253C,YER119C,0,-3.7539048,0.1837349385023117,0.18299999833106995,0.08129999786615372
YGR055W,YJR104C,0,-3.7544932,0.1835506558418274,0.18299999833106995,0.08139999955892563
YGR240C,YBR236C,0,-3.7549148,0.18336673080921173,0.18299999833106995,0.08150000125169754
YEL013W,YLL036C,0,-3.7549796,0.18318317830562592,0.18299999833106995,0.08160000294446945
YOR122C,YBR016W,1,-3.7562132,0.18400000035762787,0.18400000035762787,0.08160000294446945
YNL009W,YKL216W,0,-3.7564168,0.18381617963314056,0.18400000035762787,0.08169999718666077
YJL148W,YDR384C,0,-3.7564883,0.1836327314376831,0.18400000035762787,0.08179999887943268
YDR168W,YBL061C,1,-3.757062,0.18444666266441345,0.1850000023841858,0.08179999887943268
YDR237W,YOR359W,0,-3.757977,0.1842629462480545,0.1850000023841858,0.08190000057220459
YOL147C,YDR368W,0,-3.7588134,0.1840796023607254,0.1850000023841858,0.0820000022649765
YLR256W,YPR101W,0,-3.7588277,0.18389661610126495,0.1850000023841858,0.08209999650716782
YLR342W,YJR076C,0,-3.7596216,0.18371400237083435,0.1850000023841858,0.08219999819993973
YDR388W,YKL048C,1,-3.759973,0.184523805975914,0.1860000044107437,0.08219999819993973
YOR201C,YCL035C,0,-3.7607145,0.1843409389257431,0.1860000044107437,0.08229999989271164
YOR396W,YML094W,0,-3.7608385,0.18415841460227966,0.1860000044107437,0.08240000158548355
YEL060C,YGR037C,0,-3.760858,0.18397626280784607,0.1860000044107437,0.08250000327825546
YKL211C,YDR329C,0,-3.7608862,0.18379446864128113,0.1860000044107437,0.08259999752044678
YKR072C,YER062C,1,-3.7612944,0.18460020422935486,0.18700000643730164,0.08259999752044678
YDL185W,YGR234W,0,-3.7618623,0.18441814184188843,0.18700000643730164,0.08269999921321869
YDR516C,YPL192C,0,-3.7624311,0.18423645198345184,0.18700000643730164,0.0828000009059906
YBR009C,YGR211W,0,-3.7628937,0.1840551197528839,0.18700000643730164,0.08290000259876251
YDR325W,YOR173W,0,-3.763805,0.18387414515018463,0.18700000643730164,0.08299999684095383
YLR097C,YDR408C,0,-3.7640696,0.1836935132741928,0.18700000643730164,0.08309999853372574
YNL142W,YOR158W,0,-3.7643528,0.18351325392723083,0.18700000643730164,0.08320000022649765
YOL052C-A,YKL176C,0,-3.7644153,0.18333333730697632,0.18700000643730164,0.08330000191926956
YBR280C,YDL185W,0,-3.76446,0.18315376341342926,0.18700000643730164,0.08340000361204147
YDL185W,YNR032W,0,-3.7654676,0.18297456204891205,0.18700000643730164,0.08349999785423279
YCL059C,YGR087C,0,-3.7658296,0.1827957034111023,0.18700000643730164,0.0835999995470047
YGL254W,YJR009C,0,-3.7659016,0.1826171875,0.18700000643730164,0.08370000123977661
YMR260C,YDL174C,0,-3.7673907,0.18243902921676636,0.18700000643730164,0.08380000293254852
YDR452W,YOR004W,0,-3.7686758,0.18226121366024017,0.18700000643730164,0.08389999717473984
YGL147C,YCR004C,0,-3.7693386,0.18208374083042145,0.18700000643730164,0.08399999886751175
YPL059W,YFL039C,1,-3.770236,0.18287937343120575,0.18799999356269836,0.08399999886751175
YBR005W,YBR290W,0,-3.7706342,0.18270164728164673,0.18799999356269836,0.08410000056028366
YPL230W,YLR319C,1,-3.770936,0.1834951490163803,0.1889999955892563,0.08410000056028366
YLR006C,YMR092C,1,-3.7712226,0.18428710103034973,0.1899999976158142,0.08410000056028366
YGL141W,YLR186W,0,-3.771556,0.18410852551460266,0.1899999976158142,0.08420000225305557
YDR354W,YIL069C,0,-3.7716365,0.18393029272556305,0.1899999976158142,0.08429999649524689
YLR240W,YBR248C,0,-3.771779,0.1837524175643921,0.1899999976158142,0.0843999981880188
YML005W,YPL106C,0,-3.7719555,0.1835748851299286,0.1899999976158142,0.08449999988079071
YOL116W,YBL061C,1,-3.7723866,0.18436293303966522,0.19099999964237213,0.08449999988079071
YDL100C,YPL268W,0,-3.773552,0.18418514728546143,0.19099999964237213,0.08460000157356262
YGL045W,YML100W,0,-3.775566,0.1840077042579651,0.19099999964237213,0.08470000326633453
YCL039W,YDR259C,0,-3.7756352,0.1838306039571762,0.19099999964237213,0.08479999750852585
YOR043W,YIL147C,1,-3.7765732,0.1846153885126114,0.19200000166893005,0.08479999750852585
YBR231C,YDR098C,0,-3.7766275,0.18443803489208221,0.19200000166893005,0.08489999920129776
YFR025C,YBL103C,0,-3.776866,0.1842610388994217,0.19200000166893005,0.08500000089406967
YPR161C,YPL177C,0,-3.7770777,0.18408437073230743,0.19200000166893005,0.08510000258684158
YLR007W,YOR298C-A,0,-3.7772346,0.18390804529190063,0.19200000166893005,0.0851999968290329
YDR129C,YMR037C,1,-3.777367,0.184689000248909,0.19300000369548798,0.0851999968290329
YDR178W,YGL020C,0,-3.7778125,0.1845124214887619,0.19300000369548798,0.08529999852180481
YLR424W,YEL011W,0,-3.777865,0.18433620035648346,0.19300000369548798,0.08540000021457672
YNL240C,YOR307C,0,-3.7779236,0.18416030704975128,0.19300000369548798,0.08550000190734863
YLR355C,YDR513W,0,-3.777954,0.18398474156856537,0.19300000369548798,0.08560000360012054
YOL123W,YCR021C,0,-3.7779589,0.18380951881408691,0.19300000369548798,0.08569999784231186
YHL021C,YNL128W,0,-3.778131,0.18363463878631592,0.19300000369548798,0.08579999953508377
YLR084C,YJR025C,0,-3.7786121,0.18346007168293,0.19300000369548798,0.08590000122785568
YGL029W,YDL076C,0,-3.778975,0.18328584730625153,0.19300000369548798,0.0860000029206276
YCR039C,YLR044C,0,-3.7798781,0.18311195075511932,0.19300000369548798,0.08609999716281891
YOL133W,YKL028W,0,-3.7799106,0.1829383820295334,0.19300000369548798,0.08619999885559082
YGL156W,YPR186C,0,-3.7801037,0.1827651560306549,0.19300000369548798,0.08630000054836273
YFR004W,YDR326C,0,-3.7807827,0.1825922429561615,0.19300000369548798,0.08640000224113464
YHR005C,YEL047C,0,-3.7821817,0.18241965770721436,0.19300000369548798,0.08649999648332596
YLR248W,YPL239W,1,-3.7831936,0.1831916868686676,0.1940000057220459,0.08649999648332596
YBR213W,YJR104C,0,-3.78376,0.18301886320114136,0.1940000057220459,0.08659999817609787
YMR015C,YKL216W,0,-3.784315,0.18284636735916138,0.1940000057220459,0.08669999986886978
YGR262C,YNL221C,0,-3.784389,0.18267419934272766,0.1940000057220459,0.0868000015616417
YKL016C,YNL287W,0,-3.7845683,0.1825023591518402,0.1940000057220459,0.0869000032544136
YIL053W,YLR006C,1,-3.7847514,0.1832706779241562,0.19499999284744263,0.0869000032544136
YER144C,YPR098C,0,-3.7851434,0.18309858441352844,0.19499999284744263,0.08699999749660492
YNR033W,YHR043C,0,-3.785421,0.18292683362960815,0.19499999284744263,0.08709999918937683
YNL046W,YIL013C,0,-3.7854376,0.18275539577007294,0.19499999284744263,0.08720000088214874
YMR068W,YBR105C,0,-3.7861285,0.1825842708349228,0.19499999284744263,0.08730000257492065
YPR054W,YDR214W,0,-3.786147,0.1824134737253189,0.19499999284744263,0.08739999681711197
YNL091W,YBR086C,1,-3.7862606,0.18317757546901703,0.19599999487400055,0.08739999681711197
YCR009C,YLR362W,1,-3.786456,0.18394024670124054,0.19699999690055847,0.08739999681711197
YLR119W,YCR053W,0,-3.7865858,0.18376865983009338,0.19699999690055847,0.08749999850988388
YBR077C,YDR326C,0,-3.786593,0.1835973858833313,0.19699999690055847,0.08760000020265579
YBR003W,YPR101W,0,-3.7868724,0.18342643976211548,0.19699999690055847,0.0877000018954277
YLR006C,YML131W,1,-3.7872381,0.18418604135513306,0.1979999989271164,0.0877000018954277
YNL064C,YNR001C,0,-3.7876062,0.18401487171649933,0.1979999989271164,0.08780000358819962
YOR028C,YKL062W,1,-3.788289,0.1847725212574005,0.19900000095367432,0.08780000358819962
YKR001C,YML125C,0,-3.7890892,0.18460111320018768,0.19900000095367432,0.08789999783039093
YMR070W,YGL105W,0,-3.789219,0.18443003296852112,0.19900000095367432,0.08799999952316284
YCL040W,YDR464W,0,-3.7897005,0.18425926566123962,0.19900000095367432,0.08810000121593475
YFL041W,YDR023W,0,-3.7903748,0.1840888112783432,0.19900000095367432,0.08820000290870667
YHR001W-A,YBR069C,0,-3.7905035,0.18391866981983185,0.19900000095367432,0.08829999715089798
YOR227W,YML116W,0,-3.7905602,0.18374884128570557,0.19900000095367432,0.08839999884366989
YJR084W,YEL047C,0,-3.790697,0.18357934057712555,0.19900000095367432,0.0885000005364418
YNL291C,YBR068C,0,-3.7907672,0.1834101378917694,0.19900000095367432,0.08860000222921371
YKR094C,YFR015C,0,-3.791079,0.18324124813079834,0.19900000095367432,0.08869999647140503
YER133W,YNL135C,0,-3.7911367,0.18307267129421234,0.19900000095367432,0.08879999816417694
YDR129C,YFL039C,1,-3.7919621,0.18382352590560913,0.20000000298023224,0.08879999816417694
YLR067C,YHR042W,0,-3.7920718,0.18365472555160522,0.20000000298023224,0.08889999985694885
YGL147C,YMR110C,0,-3.7923326,0.1834862381219864,0.20000000298023224,0.08900000154972076
YLR055C,YKL039W,0,-3.7924738,0.18331806361675262,0.20000000298023224,0.08910000324249268
YER120W,YDR354W,0,-3.7925177,0.18315018713474274,0.20000000298023224,0.08919999748468399
YDL153C,YLR370C,0,-3.7931476,0.18298262357711792,0.20000000298023224,0.0892999991774559
YGL039W,YDL135C,0,-3.7942662,0.18281535804271698,0.20000000298023224,0.08940000087022781
YKL143W,YOR120W,1,-3.795063,0.18356163799762726,0.20100000500679016,0.08940000087022781
YIL136W,YBR286W,0,-3.7953544,0.1833941638469696,0.20100000500679016,0.08950000256299973
YOR181W,YDR040C,1,-3.7957296,0.18413856625556946,0.20200000703334808,0.08950000256299973
YHR076W,YKL156W,0,-3.7958531,0.1839708536863327,0.20200000703334808,0.08959999680519104
YHR096C,YFL026W,0,-3.7961864,0.18380345404148102,0.20200000703334808,0.08969999849796295
YJL180C,YML019W,0,-3.796247,0.1836363673210144,0.20200000703334808,0.08980000019073486
YFL026W,YDR507C,0,-3.7962666,0.18346957862377167,0.20200000703334808,0.08990000188350677
YOR306C,YBR264C,0,-3.7963076,0.1833030879497528,0.20200000703334808,0.09000000357627869
YJR095W,YNL294C,0,-3.796402,0.18313689529895782,0.20200000703334808,0.09009999781847
YKL112W,YDR516C,0,-3.7970352,0.1829710155725479,0.20200000703334808,0.09019999951124191
YNL220W,YER099C,0,-3.7970576,0.18280543386936188,0.20200000703334808,0.09030000120401382
YDR162C,YDR420W,1,-3.797176,0.1835443079471588,0.2029999941587448,0.09030000120401382
YBL078C,YDR056C,0,-3.79774,0.18337850272655487,0.2029999941587448,0.09040000289678574
YJR046W,YLL018C-A,0,-3.7987437,0.1832129955291748,0.2029999941587448,0.09049999713897705
YMR131C,YGL045W,0,-3.79875,0.18304778635501862,0.2029999941587448,0.09059999883174896
YJL159W,YOR233W,0,-3.7992578,0.1828828901052475,0.2029999941587448,0.09070000052452087
YBL047C,YLR292C,0,-3.799963,0.18271827697753906,0.2029999941587448,0.09080000221729279
YOR267C,YIR010W,0,-3.8001342,0.1825539618730545,0.2029999941587448,0.0908999964594841
YPL084W,YKR105C,0,-3.8005424,0.18238992989063263,0.2029999941587448,0.09099999815225601
YGL128C,YKL176C,0,-3.8021927,0.18222621083259583,0.2029999941587448,0.09109999984502792
YGL011C,YER014W,0,-3.8027415,0.1820627748966217,0.2029999941587448,0.09120000153779984
YKR072C,YOR208W,1,-3.805304,0.1827957034111023,0.20399999618530273,0.09120000153779984
YMR015C,YNL221C,0,-3.805625,0.18263204395771027,0.20399999618530273,0.09130000323057175
YBR077C,YDR297W,0,-3.805766,0.1824686974287033,0.20399999618530273,0.09139999747276306
YDR388W,YIL147C,1,-3.8058767,0.18319928646087646,0.20499999821186066,0.09139999747276306
YPL237W,YLR328W,0,-3.8059545,0.1830357164144516,0.20499999821186066,0.09149999916553497
YOR125C,YBR215W,0,-3.8060002,0.18287242949008942,0.20499999821186066,0.09160000085830688
YDL031W,YCR036W,0,-3.8062248,0.1827094405889511,0.20499999821186066,0.0917000025510788
YBR191W,YKL221W,0,-3.80624,0.18254674971103668,0.20499999821186066,0.09179999679327011
YDR047W,YHR142W,0,-3.806964,0.18238434195518494,0.20499999821186066,0.09189999848604202
YNR049C,YFL016C,0,-3.807446,0.18222221732139587,0.20499999821186066,0.09200000017881393
YDL185W,YDR045C,0,-3.8077722,0.1820603907108307,0.20499999821186066,0.09210000187158585
YLR102C,YML026C,0,-3.8081217,0.18189884722232819,0.20499999821186066,0.09220000356435776
YDR320C-A,YEL013W,0,-3.8085084,0.18173758685588837,0.20499999821186066,0.09229999780654907
YHR065C,YPR021C,0,-3.8085294,0.18157660961151123,0.20499999821186066,0.09239999949932098
YLR216C,YIL005W,0,-3.808597,0.18141593039035797,0.20499999821186066,0.0925000011920929
YKR094C,YHR016C,0,-3.8087878,0.1812555193901062,0.20499999821186066,0.09260000288486481
YNL243W,YMR289W,0,-3.808813,0.1810954064130783,0.20499999821186066,0.09269999712705612
YDL193W,YLR008C,0,-3.8093333,0.1809355765581131,0.20499999821186066,0.09279999881982803
YKR072C,YDR388W,1,-3.8095484,0.1816578507423401,0.20600000023841858,0.09279999881982803
YGR138C,YGL123W,0,-3.8097134,0.18149779736995697,0.20600000023841858,0.09290000051259995
YJL190C,YDL076C,0,-3.8099098,0.18133802711963654,0.20600000023841858,0.09300000220537186
YPL177C,YDL007W,0,-3.8100247,0.18117853999137878,0.20600000023841858,0.09309999644756317
YLR248W,YOR120W,1,-3.8103323,0.1818980723619461,0.2070000022649765,0.09309999644756317
YGR206W,YDR541C,0,-3.811139,0.18173836171627045,0.2070000022649765,0.09319999814033508
YJL129C,YPL186C,0,-3.8113537,0.18157894909381866,0.2070000022649765,0.093299999833107
YML042W,YER148W,0,-3.811644,0.18141980469226837,0.2070000022649765,0.0934000015258789
YJR033C,YKR061W,0,-3.8117056,0.18126094341278076,0.2070000022649765,0.09350000321865082
YDR013W,YDR513W,0,-3.8131247,0.18110236525535583,0.2070000022649765,0.09359999746084213
YKR086W,YOR136W,0,-3.8133626,0.1809440553188324,0.2070000022649765,0.09369999915361404
YMR318C,YER129W,0,-3.8135967,0.18078602850437164,0.2070000022649765,0.09380000084638596
YIL053W,YDR168W,1,-3.813664,0.1815008670091629,0.20800000429153442,0.09380000084638596
YFL039C,YER089C,1,-3.8136659,0.18221446871757507,0.20900000631809235,0.09380000084638596
YER005W,YBL038W,0,-3.814486,0.1820557564496994,0.20900000631809235,0.09390000253915787
YPL074W,YDR214W,0,-3.815208,0.18189729750156403,0.20900000631809235,0.09399999678134918
YKL056C,YDR289C,0,-3.8155046,0.18173913657665253,0.20900000631809235,0.0940999984741211
YHR108W,YOL139C,0,-3.8155208,0.18158122897148132,0.20900000631809235,0.094200000166893
YKL088W,YMR092C,1,-3.8157477,0.1822916716337204,0.20999999344348907,0.094200000166893
YDL189W,YBR109C,0,-3.8159857,0.18213357031345367,0.20999999344348907,0.09430000185966492
YFL039C,YCR009C,1,-3.8161836,0.18284228444099426,0.210999995470047,0.09430000185966492
YCR039C,YBR254C,0,-3.816265,0.18268398940563202,0.210999995470047,0.09440000355243683
YDL204W,YIL129C,0,-3.817058,0.18252594769001007,0.210999995470047,0.09449999779462814
YBR132C,YPL230W,1,-3.8171353,0.18323250114917755,0.21199999749660492,0.09449999779462814
YCL040W,YPL031C,0,-3.8172946,0.18307426571846008,0.21199999749660492,0.09459999948740005
YNL112W,YMR225C,0,-3.8182697,0.1829163134098053,0.21199999749660492,0.09470000118017197
YPL059W,YLR362W,1,-3.8183465,0.18362069129943848,0.21299999952316284,0.09470000118017197
YLR172C,YDL220C,0,-3.8193645,0.18346253037452698,0.21299999952316284,0.09480000287294388
YIL118W,YER020W,0,-3.820125,0.18330465257167816,0.21299999952316284,0.09489999711513519
YNL115C,YPR108W,0,-3.8204846,0.18314702808856964,0.21299999952316284,0.0949999988079071
YCR073C,YMR092C,1,-3.8212514,0.1838487982749939,0.21400000154972076,0.0949999988079071
YDR041W,YDR086C,0,-3.8215199,0.18369098007678986,0.21400000154972076,0.09510000050067902
YDR129C,YER089C,1,-3.8216848,0.1843910813331604,0.2150000035762787,0.09510000050067902
YOR231W,YPL084W,0,-3.8217487,0.18423306941986084,0.2150000035762787,0.09520000219345093
YKR092C,YBR041W,0,-3.8217506,0.18407534062862396,0.2150000035762787,0.09529999643564224
YMR195W,YPR058W,0,-3.821825,0.18391788005828857,0.2150000035762787,0.09539999812841415
YKL209C,YJL137C,0,-3.8231592,0.18376068770885468,0.2150000035762787,0.09549999982118607
YGR008C,YPL242C,1,-3.8233843,0.18445773422718048,0.2160000056028366,0.09549999982118607
YLR363C,YLR048W,0,-3.8234859,0.18430034816265106,0.2160000056028366,0.09560000151395798
YKL035W,YDR267C,0,-3.8235502,0.18414321541786194,0.2160000056028366,0.09570000320672989
YGL011C,YKL035W,0,-3.8237953,0.1839863657951355,0.2160000056028366,0.0957999974489212
YJL002C,YDR175C,0,-3.8244958,0.18382978439331055,0.2160000056028366,0.09589999914169312
YLR006C,YHR206W,1,-3.824616,0.184523805975914,0.21699999272823334,0.09589999914169312
YOR380W,YNL330C,0,-3.8246408,0.18436703085899353,0.21699999272823334,0.09600000083446503
YGR234W,YNL101W,0,-3.8246884,0.18421052396297455,0.21699999272823334,0.09610000252723694
YPL081W,YML127W,0,-3.826664,0.18405428528785706,0.21699999272823334,0.09619999676942825
YDR487C,YOR092W,0,-3.826878,0.18389829993247986,0.21699999272823334,0.09629999846220016
YLR352W,YNL025C,0,-3.82691,0.18374259769916534,0.21699999272823334,0.09640000015497208
YKR087C,YCL038C,0,-3.8280883,0.18358713388442993,0.21699999272823334,0.09650000184774399
YOL089C,YKL062W,1,-3.8285728,0.1842772662639618,0.21799999475479126,0.09650000184774399
YBR004C,YIL036W,0,-3.8286476,0.18412162363529205,0.21799999475479126,0.0966000035405159
YGL147C,YPR131C,0,-3.8287902,0.1839662492275238,0.21799999475479126,0.09669999778270721
YPR180W,YMR070W,0,-3.82968,0.18381112813949585,0.21799999475479126,0.09679999947547913
YOL123W,YMR195W,0,-3.8300834,0.18365627527236938,0.21799999475479126,0.09690000116825104
YDR350C,YDR050C,0,-3.8301325,0.1835016906261444,0.21799999475479126,0.09700000286102295
YFL039C,YBL061C,1,-3.8306694,0.18418839573860168,0.21899999678134918,0.09700000286102295
YOR133W,YOR173W,0,-3.8311386,0.1840336173772812,0.21899999678134918,0.09709999710321426
YOR208W,YCR073C,1,-3.8317385,0.18471872806549072,0.2199999988079071,0.09709999710321426
YDR276C,YBL084C,0,-3.8320203,0.1845637559890747,0.2199999988079071,0.09719999879598618
YCR073C,YML131W,1,-3.8323798,0.1852472722530365,0.22100000083446503,0.09719999879598618
YNL142W,YOR347C,0,-3.8331141,0.18509212136268616,0.22100000083446503,0.09730000048875809
YGR106C,YER082C,0,-3.8335824,0.1849372386932373,0.22100000083446503,0.09740000218153
YGR200C,YPL281C,0,-3.833727,0.18478260934352875,0.22100000083446503,0.09749999642372131
YOR175C,YOR095C,0,-3.8349037,0.18462823331356049,0.22100000083446503,0.09759999811649323
YNR051C,YIL069C,0,-3.834927,0.1844741255044937,0.22100000083446503,0.09769999980926514
YNL221C,YOR016C,0,-3.835256,0.18432027101516724,0.22100000083446503,0.09780000150203705
YJL052W,YIL013C,0,-3.8355055,0.18416666984558105,0.22100000083446503,0.09790000319480896
YLR059C,YCR072C,0,-3.8357935,0.18401332199573517,0.22100000083446503,0.09799999743700027
YML010W,YNL098C,0,-3.836616,0.18386022746562958,0.22100000083446503,0.09809999912977219
YNR033W,YNL075W,0,-3.836832,0.18370740115642548,0.22100000083446503,0.0982000008225441
YNL220W,YOR358W,0,-3.8381577,0.18355481326580048,0.22100000083446503,0.09830000251531601
YBL039C,YNL005C,0,-3.8388257,0.18340249359607697,0.22100000083446503,0.09839999675750732
YNL088W,YKL181W,0,-3.8391943,0.18325041234493256,0.22100000083446503,0.09849999845027924
YIL153W,YDR162C,1,-3.839426,0.18392708897590637,0.22200000286102295,0.09849999845027924
YOL020W,YNL031C,0,-3.840114,0.18377482891082764,0.22200000286102295,0.09860000014305115
YHR065C,YLR078C,0,-3.8402176,0.1836228221654892,0.22200000286102295,0.09870000183582306
YPR005C,YBL061C,1,-3.8404837,0.18429751694202423,0.22300000488758087,0.09870000183582306
YIL113W,YLL057C,0,-3.8407393,0.18414533138275146,0.22300000488758087,0.09880000352859497
YLR304C,YJL174W,0,-3.8418498,0.183993399143219,0.22300000488758087,0.09889999777078629
YGL208W,YGR245C,0,-3.8422508,0.18384172022342682,0.22300000488758087,0.0989999994635582
YOL130W,YJL003W,0,-3.8426056,0.18369027972221375,0.22300000488758087,0.09910000115633011
YML055W,YCL017C,0,-3.842832,0.18353909254074097,0.22300000488758087,0.09920000284910202
YDR368W,YKR022C,0,-3.8429985,0.18338815867900848,0.22300000488758087,0.09929999709129333
YPL074W,YOR344C,0,-3.843286,0.1832374632358551,0.22300000488758087,0.09939999878406525
YPL059W,YKL062W,1,-3.843865,0.18390804529190063,0.2240000069141388,0.09939999878406525
YDR533C,YDL080C,0,-3.8440757,0.18375717103481293,0.2240000069141388,0.09950000047683716
YNR069C,YPL160W,0,-3.8440862,0.18360655009746552,0.2240000069141388,0.09960000216960907
YER005W,YOR143C,0,-3.8448725,0.1834561824798584,0.2240000069141388,0.09969999641180038
YCL039W,YPL235W,0,-3.8449721,0.18330605328083038,0.2240000069141388,0.0997999981045723
YPR023C,YLR237W,0,-3.845098,0.18315617740154266,0.2240000069141388,0.09989999979734421
YDR191W,YFR015C,0,-3.8455577,0.18300653994083405,0.2240000069141388,0.10000000149011612
YBL017C,YBR126C,0,-3.8457255,0.18285714089870453,0.2240000069141388,0.10010000318288803
YBR087W,YAL012W,0,-3.8460388,0.1827079951763153,0.2240000069141388,0.10019999742507935
YFR044C,YMR016C,0,-3.8468356,0.1825590878725052,0.2240000069141388,0.10029999911785126
YPL175W,YBR001C,0,-3.8470058,0.18241041898727417,0.2240000069141388,0.10040000081062317
YGR209C,YHR016C,0,-3.8473701,0.18226200342178345,0.2240000069141388,0.10050000250339508
YOL016C,YGR078C,0,-3.8476386,0.18211382627487183,0.2240000069141388,0.1005999967455864
YGR055W,YDR462W,0,-3.8490362,0.1819658875465393,0.2240000069141388,0.1006999984383583
YLL015W,YMR303C,0,-3.8493543,0.1818181872367859,0.2240000069141388,0.10080000013113022
YJR046W,YHL024W,0,-3.8495154,0.18167072534561157,0.2240000069141388,0.10090000182390213
YNR050C,YKL101W,0,-3.849792,0.18152350187301636,0.2240000069141388,0.10100000351667404
YDL141W,YBR046C,0,-3.85,0.18137651681900024,0.2240000069141388,0.10109999775886536
YGL084C,YHL033C,0,-3.850411,0.18122977018356323,0.2240000069141388,0.10119999945163727
YOR022C,YOR234C,0,-3.8509574,0.18108326196670532,0.2240000069141388,0.10130000114440918
YOL020W,YIL113W,0,-3.8518386,0.1809369921684265,0.2240000069141388,0.10140000283718109
YGR275W,YPR124W,0,-3.8527546,0.1807909607887268,0.2240000069141388,0.1014999970793724
YMR197C,YLR327C,0,-3.8538961,0.1806451678276062,0.2240000069141388,0.10159999877214432
YMR081C,YER025W,0,-3.8541164,0.1804995983839035,0.2240000069141388,0.10170000046491623
YOR205C,YOR320C,0,-3.8542752,0.1803542673587799,0.2240000069141388,0.10180000215768814
YBR114W,YLR459W,0,-3.8553028,0.1802091747522354,0.2240000069141388,0.10189999639987946
YDL239C,YPL076W,0,-3.8554668,0.18006430566310883,0.2240000069141388,0.10199999809265137
YPR065W,YKR095W,0,-3.8562412,0.17991967499256134,0.2240000069141388,0.10209999978542328
YLR078C,YNL221C,0,-3.8562813,0.17977528274059296,0.2240000069141388,0.10220000147819519
YBR199W,YNL009W,0,-3.8571262,0.17963111400604248,0.2240000069141388,0.1023000031709671
YDR129C,YDR162C,1,-3.8573198,0.18028846383094788,0.22499999403953552,0.1023000031709671
YLR299W,YDR073W,0,-3.8578396,0.18014411628246307,0.22499999403953552,0.10239999741315842
YPR075C,YNL020C,1,-3.8589249,0.18080000579357147,0.22599999606609344,0.10239999741315842
YLL036C,YGL184C,0,-3.859024,0.18065547943115234,0.22599999606609344,0.10249999910593033
YNL339C,YBR005W,0,-3.8591032,0.18051117658615112,0.22599999606609344,0.10260000079870224
YML115C,YHL032C,0,-3.8606048,0.180367112159729,0.22599999606609344,0.10270000249147415
YPL023C,YOL071W,0,-3.861476,0.180223286151886,0.22599999606609344,0.10279999673366547
YBR101C,YBR139W,0,-3.862739,0.18007968366146088,0.22599999606609344,0.10289999842643738
YPR068C,YLR406C,0,-3.8627744,0.17993630468845367,0.22599999606609344,0.10300000011920929
YPR075C,YOR028C,1,-3.862822,0.1805887073278427,0.22699999809265137,0.10300000011920929
YIL065C,YOR307C,0,-3.863337,0.18044514954090118,0.22699999809265137,0.1031000018119812
YMR116C,YJL170C,0,-3.8635745,0.18030183017253876,0.22699999809265137,0.10320000350475311
YMR121C,YHR107C,0,-3.8640842,0.18015873432159424,0.22699999809265137,0.10329999774694443
YDR270W,YNL207W,0,-3.8644118,0.18001586198806763,0.22699999809265137,0.10339999943971634
YPR075C,YDL010W,1,-3.864592,0.18066561222076416,0.2280000001192093,0.10339999943971634
YDR349C,YIR035C,0,-3.8650918,0.18052256107330322,0.2280000001192093,0.10350000113248825
YBL101C,YGR080W,0,-3.8654284,0.1803797483444214,0.2280000001192093,0.10360000282526016
YCL031C,YPR020W,0,-3.8654413,0.18023715913295746,0.2280000001192093,0.10369999706745148
YBR218C,YJL137C,0,-3.866094,0.18009479343891144,0.2280000001192093,0.10379999876022339
YDR377W,YIR007W,0,-3.866292,0.17995265126228333,0.2280000001192093,0.1039000004529953
YDR214W,YMR158W,0,-3.8662963,0.17981073260307312,0.2280000001192093,0.10400000214576721
YKR059W,YDR033W,0,-3.8670816,0.17966903746128082,0.2280000001192093,0.10409999638795853
YER004W,YOL146W,0,-3.8686013,0.17952756583690643,0.2280000001192093,0.10419999808073044
YER026C,YPR154W,0,-3.8701224,0.17938630282878876,0.2280000001192093,0.10429999977350235
YBR208C,YJL165C,0,-3.870246,0.17924527823925018,0.2280000001192093,0.10440000146627426
YKL152C,YOR273C,0,-3.8703537,0.17910447716712952,0.2280000001192093,0.10450000315904617
YOR208W,YKL129C,1,-3.8703566,0.17974881827831268,0.2290000021457672,0.10450000315904617
YDR350C,YLR167W,0,-3.8706083,0.1796078383922577,0.2290000021457672,0.10459999740123749
YKL084W,YOR175C,0,-3.8706212,0.1794670820236206,0.2290000021457672,0.1046999990940094
YDR050C,YJR121W,0,-3.8708177,0.17932654917240143,0.2290000021457672,0.10480000078678131
YDR300C,YJL137C,0,-3.8713322,0.17918622493743896,0.2290000021457672,0.10490000247955322
YGR088W,YGL105W,0,-3.8715258,0.1790461242198944,0.2290000021457672,0.10499999672174454
YDR040C,YER118C,1,-3.871686,0.1796875,0.23000000417232513,0.10499999672174454
YML131W,YOL089C,1,-3.8717127,0.1803278625011444,0.23100000619888306,0.10499999672174454
YML025C,YJL010C,0,-3.8717866,0.18018721044063568,0.23100000619888306,0.10509999841451645
YDR313C,YNL322C,0,-3.8718324,0.18004676699638367,0.23100000619888306,0.10520000010728836
YHR205W,YER089C,1,-3.8720403,0.180685356259346,0.23199999332427979,0.10520000010728836
YLR155C,YPL008W,0,-3.8721204,0.18054474890232086,0.23199999332427979,0.10530000180006027
YOR193W,YBR005W,0,-3.8721747,0.18040435016155243,0.23199999332427979,0.10540000349283218
YKL157W,YPL160W,0,-3.8722262,0.1802641749382019,0.23199999332427979,0.1054999977350235
YOR120W,YMR109W,1,-3.8725529,0.18090061843395233,0.2329999953508377,0.1054999977350235
YDR435C,YLR237W,0,-3.8734794,0.18076027929782867,0.2329999953508377,0.10559999942779541
YBR039W,YCR094W,0,-3.8738775,0.18062014877796173,0.2329999953508377,0.10570000112056732
YDR294C,YGR156W,0,-3.8739552,0.1804802417755127,0.2329999953508377,0.10580000281333923
YPL030W,YHR188C,0,-3.8741693,0.18034055829048157,0.2329999953508377,0.10589999705553055
YMR043W,YKL193C,0,-3.87426,0.18020108342170715,0.2329999953508377,0.10599999874830246
YER062C,YBR086C,1,-3.8744516,0.18083462119102478,0.23399999737739563,0.10599999874830246
YHR201C,YER045C,0,-3.8754663,0.18069498240947723,0.23399999737739563,0.10610000044107437
YFR031C-A,YJL170C,0,-3.8756104,0.1805555522441864,0.23399999737739563,0.10620000213384628
YOL061W,YLR035C,0,-3.8756385,0.18041634559631348,0.23399999737739563,0.1062999963760376
YDR388W,YLR138W,1,-3.8763337,0.18104776740074158,0.23499999940395355,0.1062999963760376
YBR132C,YOR047C,1,-3.8771892,0.18167822062969208,0.23600000143051147,0.1062999963760376
YDR158W,YNL248C,0,-3.877573,0.18153846263885498,0.23600000143051147,0.10639999806880951
YBL009W,YML078W,0,-3.8777366,0.1813989281654358,0.23600000143051147,0.10649999976158142
YIR031C,YBR214W,0,-3.8784533,0.18125960230827332,0.23600000143051147,0.10660000145435333
YER122C,YAL009W,0,-3.878807,0.18112048506736755,0.23600000143051147,0.10670000314712524
YJL210W,YPL004C,0,-3.8788896,0.1809815913438797,0.23600000143051147,0.10679999738931656
YIR031C,YLR061W,0,-3.8790302,0.18084290623664856,0.23600000143051147,0.10689999908208847
YNL036W,YHR167W,0,-3.8791637,0.18070444464683533,0.23600000143051147,0.10700000077486038
YOL064C,YNL020C,1,-3.8793435,0.18133129179477692,0.2370000034570694,0.10700000077486038
YBL022C,YJL121C,0,-3.879416,0.18119266629219055,0.2370000034570694,0.1071000024676323
YBL016W,YNL059C,0,-3.8800054,0.1810542345046997,0.2370000034570694,0.10719999670982361
YOR208W,YBL061C,1,-3.8804817,0.1816793829202652,0.23800000548362732,0.10719999670982361
YIR031C,YDR513W,0,-3.8806758,0.18154080212116241,0.23800000548362732,0.10729999840259552
YDR495C,YNL217W,0,-3.880743,0.18140244483947754,0.23800000548362732,0.10740000009536743
YKL179C,YOL088C,0,-3.8823175,0.18126428127288818,0.23800000548362732,0.10750000178813934
YMR024W,YDL143W,0,-3.8828483,0.18112632632255554,0.23800000548362732,0.10760000348091125
YDL134C,YMR236W,0,-3.883,0.1809885948896408,0.23800000548362732,0.10769999772310257
YBL040C,YGL009C,0,-3.8854556,0.1808510571718216,0.23800000548362732,0.10779999941587448
YJR126C,YOL077C,0,-3.886005,0.1807137429714203,0.23800000548362732,0.10790000110864639
YGR138C,YCR034W,0,-3.8865204,0.1805766373872757,0.23800000548362732,0.1080000028014183
YDR342C,YOL031C,0,-3.886909,0.18043972551822662,0.23800000548362732,0.10809999704360962
YOR374W,YBR214W,0,-3.8871765,0.18030303716659546,0.23800000548362732,0.10819999873638153
YJL145W,YNL301C,0,-3.8871994,0.18016654253005981,0.23800000548362732,0.10830000042915344
YBL019W,YDR346C,0,-3.8873887,0.18003025650978088,0.23800000548362732,0.10840000212192535
YPL146C,YHR181W,0,-3.8874965,0.17989417910575867,0.23800000548362732,0.10849999636411667
YGL131C,YCR053W,0,-3.8877554,0.17975831031799316,0.23800000548362732,0.10859999805688858
YJR152W,YPR067W,0,-3.8878837,0.17962263524532318,0.23800000548362732,0.10869999974966049
YGR174C,YER127W,0,-3.8878856,0.1794871836900711,0.23800000548362732,0.1088000014424324
YKL213C,YKL140W,0,-3.8882627,0.17935192584991455,0.23800000548362732,0.10890000313520432
YDR477W,YDL222C,0,-3.888359,0.17921686172485352,0.23800000548362732,0.10899999737739563
YDR096W,YBR158W,0,-3.8893785,0.1790820211172104,0.23800000548362732,0.10909999907016754
YDR111C,YIL034C,0,-3.8896356,0.17894737422466278,0.23800000548362732,0.10920000076293945
YKL029C,YMR189W,0,-3.889718,0.1788129210472107,0.23800000548362732,0.10930000245571136
YPL237W,YLR237W,0,-3.8898454,0.17867867648601532,0.23800000548362732,0.10939999669790268
YLR058C,YIR019C,0,-3.8906522,0.17854464054107666,0.23800000548362732,0.10949999839067459
YOL119C,YMR081C,0,-3.8907433,0.17841079831123352,0.23800000548362732,0.1096000000834465
YER094C,YDL127W,0,-3.8910122,0.1782771497964859,0.23800000548362732,0.10970000177621841
YOL138C,YOL049W,0,-3.8915186,0.178143709897995,0.23800000548362732,0.10980000346899033
YDR129C,YNL190W,1,-3.8918056,0.1787584125995636,0.23899999260902405,0.10980000346899033
YKL143W,YOR208W,1,-3.8918433,0.17937219142913818,0.23999999463558197,0.10980000346899033
YDR104C,YKR080W,0,-3.8926415,0.1792382448911667,0.23999999463558197,0.10989999771118164
YCR047C,YLL028W,0,-3.8928041,0.17910447716712952,0.23999999463558197,0.10999999940395355
YCL039W,YDL052C,0,-3.893311,0.17897091805934906,0.23999999463558197,0.11010000109672546
YGR156W,YBR046C,0,-3.8934078,0.17883755266666412,0.23999999463558197,0.11020000278949738
YPL049C,YMR192W,0,-3.8939614,0.1787043958902359,0.23999999463558197,0.11029999703168869
YOR367W,YER089C,1,-3.8941722,0.1793154776096344,0.2409999966621399,0.11029999703168869
YNL135C,YHR112C,0,-3.8946977,0.17918215692043304,0.2409999966621399,0.1103999987244606
YHL016C,YMR189W,0,-3.8954926,0.1790490299463272,0.2409999966621399,0.11050000041723251
YOR329C,YPL106C,0,-3.8955622,0.1789161115884781,0.2409999966621399,0.11060000211000443
YDR055W,YJR137C,0,-3.895702,0.1787833869457245,0.2409999966621399,0.11069999635219574
YOL064C,YDR129C,1,-3.8969717,0.17939214408397675,0.24199999868869781,0.11069999635219574
YFL041W,YLR192C,0,-3.8969994,0.17925925552845,0.24199999868869781,0.11079999804496765
YHR076W,YDL082W,0,-3.8979707,0.17912657558918,0.24199999868869781,0.11089999973773956
YIL153W,YLR006C,1,-3.898085,0.17973372340202332,0.24300000071525574,0.11089999973773956
YLR204W,YGL125W,0,-3.8985233,0.17960087954998016,0.24300000071525574,0.11100000143051147
YBR198C,YOR383C,0,-3.8986645,0.17946824431419373,0.24300000071525574,0.11110000312328339
YER071C,YBR162W-A,0,-3.8996086,0.1793357878923416,0.24300000071525574,0.1111999973654747
YML092C,YOR303W,0,-3.899816,0.17920354008674622,0.24300000071525574,0.11129999905824661
YBR169C,YER109C,0,-3.8999677,0.17907148599624634,0.24300000071525574,0.11140000075101852
YGR062C,YBL054W,0,-3.8999753,0.1789396107196808,0.24300000071525574,0.11150000244379044
YHR178W,YKR049C,0,-3.9004226,0.17880794405937195,0.24300000071525574,0.11159999668598175
YDR456W,YOR332W,0,-3.901116,0.17867647111415863,0.24300000071525574,0.11169999837875366
YEL058W,YML015C,0,-3.901618,0.17854519188404083,0.24300000071525574,0.11180000007152557
YDL232W,YNL246W,0,-3.9020572,0.17841409146785736,0.24300000071525574,0.11190000176429749
YDR388W,YDL235C,1,-3.9035153,0.1790168732404709,0.24400000274181366,0.11190000176429749
YFR050C,YGR198W,0,-3.9036355,0.17888562381267548,0.24400000274181366,0.1120000034570694
YPR181C,YDL138W,0,-3.9040136,0.17875458300113678,0.24400000274181366,0.11209999769926071
YGR005C,YBR268W,0,-3.904018,0.1786237210035324,0.24400000274181366,0.11219999939203262
YDR190C,YNL156C,0,-3.9040847,0.17849305272102356,0.24400000274181366,0.11230000108480453
YPL047W,YPR098C,0,-3.9041667,0.17836257815361023,0.24400000274181366,0.11240000277757645
YDL010W,YMR092C,1,-3.904303,0.17896275222301483,0.24500000476837158,0.11240000277757645
YML075C,YER045C,0,-3.9044528,0.17883211374282837,0.24500000476837158,0.11249999701976776
YAL062W,YLR051C,0,-3.9046144,0.17870168387889862,0.24500000476837158,0.11259999871253967
YDR533C,YPR175W,0,-3.9051957,0.1785714328289032,0.24500000476837158,0.11270000040531158
YGR195W,YER177W,0,-3.9052029,0.1784413754940033,0.24500000476837158,0.1128000020980835
YNL129W,YDR466W,0,-3.9053535,0.17831149697303772,0.24500000476837158,0.11289999634027481
YBR044C,YAL025C,0,-3.9067903,0.17818181216716766,0.24500000476837158,0.11299999803304672
YCL050C,YPR103W,0,-3.9071355,0.17805232107639313,0.24500000476837158,0.11309999972581863
YER148W,YDR380W,0,-3.9073215,0.1779230237007141,0.24500000476837158,0.11320000141859055
YBR166C,YJR135W-A,0,-3.9074903,0.17779390513896942,0.24500000476837158,0.11330000311136246
YOR375C,YMR006C,0,-3.9081297,0.17766498029232025,0.24500000476837158,0.11339999735355377
YPL234C,YCR020C,0,-3.9083776,0.1775362342596054,0.24500000476837158,0.11349999904632568
YIR017C,YGL009C,0,-3.9086041,0.17740768194198608,0.24500000476837158,0.1136000007390976
YKL025C,YJL010C,0,-3.9086776,0.1772793084383011,0.24500000476837158,0.1137000024318695
YKL065C,YJR007W,0,-3.9094005,0.17715111374855042,0.24500000476837158,0.11379999667406082
YIL137C,YDR184C,0,-3.9094315,0.17702312767505646,0.24500000476837158,0.11389999836683273
YDR163W,YPL026C,0,-3.9096317,0.17689530551433563,0.24500000476837158,0.11400000005960464
YLR079W,YIL103W,0,-3.9097333,0.17676767706871033,0.24500000476837158,0.11410000175237656
YOL064C,YCR073C,1,-3.9098597,0.17736120522022247,0.2460000067949295,0.11410000175237656
YOL052C-A,YOL009C,0,-3.9111724,0.17723342776298523,0.2460000067949295,0.11420000344514847
YMR244C-A,YKL209C,0,-3.9112144,0.1771058291196823,0.2460000067949295,0.11429999768733978
YHR176W,YOL077C,0,-3.9112372,0.17697842419147491,0.2460000067949295,0.1143999993801117
YML091C,YNL090W,0,-3.911264,0.17685118317604065,0.2460000067949295,0.1145000010728836
YJR001W,YML125C,0,-3.9114475,0.1767241358757019,0.2460000067949295,0.11460000276565552
YER001W,YLR239C,0,-3.9121575,0.17659726738929749,0.2460000067949295,0.11469999700784683
YOL013C,YML130C,0,-3.9127011,0.1764705926179886,0.2460000067949295,0.11479999870061874
YIL074C,YJL042W,0,-3.9136648,0.17634408175945282,0.2460000067949295,0.11490000039339066
YNL002C,YJL019W,0,-3.9142613,0.17621776461601257,0.2460000067949295,0.11500000208616257
YLR357W,YDR265W,0,-3.9142776,0.17609162628650665,0.2460000067949295,0.11509999632835388
YML047C,YGL031C,0,-3.9145117,0.17596566677093506,0.2460000067949295,0.1151999980211258
YER062C,YKL143W,1,-3.9145846,0.17655467987060547,0.24699999392032623,0.1151999980211258
YDR074W,YNL330C,0,-3.9146724,0.17642857134342194,0.24699999392032623,0.1152999997138977
YJR002W,YBR033W,0,-3.9146829,0.17630264163017273,0.24699999392032623,0.11540000140666962
YDR300C,YMR274C,0,-3.9147434,0.17617689073085785,0.24699999392032623,0.11550000309944153
YML042W,YMR247C,0,-3.9148626,0.1760513186454773,0.24699999392032623,0.11559999734163284
YDR368W,YER155C,0,-3.9152784,0.17592592537403107,0.24699999392032623,0.11569999903440475
YPL152W,YLR138W,1,-3.9155526,0.1765124499797821,0.24799999594688416,0.11569999903440475
YPL202C,YDR247W,0,-3.9156275,0.17638690769672394,0.24799999594688416,0.11580000072717667
YGL137W,YNL151C,0,-3.9157958,0.1762615442276001,0.24799999594688416,0.11590000241994858
YNL064C,YNL005C,0,-3.9161673,0.17613635957241058,0.24799999594688416,0.11599999666213989
YNL185C,YJL157C,0,-3.9162607,0.1760113537311554,0.24799999594688416,0.1160999983549118
YKL084W,YBR121C,0,-3.9164467,0.17588652670383453,0.24799999594688416,0.11620000004768372
YGL104C,YJR060W,0,-3.91675,0.1757618635892868,0.24799999594688416,0.11630000174045563
YOR258W,YER053C,0,-3.917111,0.1756373941898346,0.24799999594688416,0.11640000343322754
YGR204W,YPL224C,0,-3.9174137,0.17551308870315552,0.24799999594688416,0.11649999767541885
YMR221C,YNL243W,0,-3.9178176,0.17538896203041077,0.24799999594688416,0.11659999936819077
YOR028C,YHR114W,1,-3.919036,0.17597173154354095,0.24899999797344208,0.11659999936819077
YMR175W,YPL230W,1,-3.919218,0.1765536665916443,0.25,0.11659999936819077
YDR468C,YNL113W,0,-3.919654,0.17642907798290253,0.25,0.11670000106096268
YLR003C,YMR135C,0,-3.919921,0.1763046532869339,0.25,0.11680000275373459
YMR012W,YDR039C,0,-3.9206219,0.1761804074048996,0.25,0.1168999969959259
YLR090W,YPL101W,0,-3.920651,0.17605634033679962,0.25,0.11699999868869781
YBR132C,YOR122C,1,-3.9208622,0.17663617432117462,0.25099998712539673,0.11699999868869781
YCR035C,YJL003W,0,-3.9212365,0.1765119582414627,0.25099998712539673,0.11710000038146973
YIL103W,YPL172C,0,-3.9215183,0.17638790607452393,0.25099998712539673,0.11720000207424164
YML130C,YPR036W,0,-3.9215446,0.17626404762268066,0.25099998712539673,0.11729999631643295
YMR235C,YDR316W,0,-3.9216084,0.17614035308361053,0.25099998712539673,0.11739999800920486
YML081C-A,YJL033W,0,-3.9216547,0.17601683735847473,0.25099998712539673,0.11749999970197678
YMR015C,YAL056W,0,-3.9220328,0.17589348554611206,0.25099998712539673,0.11760000139474869
YPL061W,YEL006W,0,-3.922264,0.17577031254768372,0.25099998712539673,0.1177000030875206
YDR440W,YLL018C,0,-3.9227595,0.1756473034620285,0.25099998712539673,0.11779999732971191
YDL044C,YDL223C,0,-3.9227872,0.17552447319030762,0.25099998712539673,0.11789999902248383
YJL019W,YOL032W,0,-3.9235277,0.17540182173252106,0.25099998712539673,0.11800000071525574
YER123W,YBR058C-A,0,-3.9241095,0.17527933418750763,0.25099998712539673,0.11810000240802765
YOL020W,YDR096W,0,-3.9246788,0.17515701055526733,0.25099998712539673,0.11819999665021896
YJR161C,YCL055W,0,-3.9247456,0.17503486573696136,0.25099998712539673,0.11829999834299088
YDR158W,YPL246C,0,-3.9251614,0.17491288483142853,0.25099998712539673,0.11840000003576279
YJL097W,YLR017W,0,-3.9252524,0.17479108273983002,0.25099998712539673,0.1185000017285347
YPR036W,YDR201W,0,-3.9258876,0.17466944456100464,0.25099998712539673,0.11860000342130661
YLR056W,YMR158W,0,-3.9267726,0.1745479851961136,0.25099998712539673,0.11869999766349792
YIL106W,YNL071W,0,-3.9269032,0.17442668974399567,0.25099998712539673,0.11879999935626984
YHR025W,YJL019W,0,-3.9270735,0.17430555820465088,0.25099998712539673,0.11890000104904175
YKL216W,YPL215W,0,-3.9280572,0.17418459057807922,0.25099998712539673,0.11900000274181366
YPL226W,YOL018C,0,-3.928183,0.1740638017654419,0.25099998712539673,0.11909999698400497
YAL032C,YIL069C,0,-3.9284391,0.1739431768655777,0.25099998712539673,0.11919999867677689
YLR201C,YHR141C,0,-3.9287868,0.17382271587848663,0.25099998712539673,0.1193000003695488
YBR041W,YLR328W,0,-3.9289412,0.1737024188041687,0.25099998712539673,0.11940000206232071
YJL099W,YBR296C,0,-3.9289713,0.1735823005437851,0.25099998712539673,0.11949999630451202
YGL093W,YNL173C,0,-3.9290595,0.17346233129501343,0.25099998712539673,0.11959999799728394
YPL195W,YDR074W,0,-3.9296165,0.1733425408601761,0.25099998712539673,0.11969999969005585
YPL169C,YHR190W,0,-3.9296622,0.17322291433811188,0.25099998712539673,0.11980000138282776
YLR138W,YBR086C,1,-3.9305835,0.17379310727119446,0.25200000405311584,0.11980000138282776
YMR197C,YPL268W,0,-3.9306502,0.1736733317375183,0.25200000405311584,0.11990000307559967
YOR242C,YKL150W,0,-3.931097,0.1735537201166153,0.25200000405311584,0.11999999731779099
YAR019C,YLR216C,0,-3.931108,0.1734342724084854,0.25200000405311584,0.1200999990105629
YLR426W,YDR359C,0,-3.9316087,0.17331498861312866,0.25200000405311584,0.12020000070333481
YPL059W,YOR208W,1,-3.932158,0.17388315498828888,0.2529999911785126,0.12020000070333481
YKL143W,YKL048C,1,-3.9322128,0.17445054650306702,0.2540000081062317,0.12020000070333481
YER051W,YIL156W,0,-3.9323921,0.17433081567287445,0.2540000081062317,0.12030000239610672
YIL044C,YOL096C,0,-3.9326615,0.17421124875545502,0.2540000081062317,0.12039999663829803
YDL226C,YDR127W,0,-3.9328852,0.17409184575080872,0.2540000081062317,0.12049999833106995
YGR296W,YDR297W,0,-3.9330692,0.17397260665893555,0.2540000081062317,0.12060000002384186
YLR079W,YMR072W,0,-3.933385,0.1738535314798355,0.2540000081062317,0.12070000171661377
YMR175W,YML131W,1,-3.9334168,0.1744185984134674,0.2549999952316284,0.12070000171661377
YKL059C,YBL064C,0,-3.9336019,0.17429938912391663,0.2549999952316284,0.12080000340938568
YJL050W,YPR067W,0,-3.9338555,0.17418032884597778,0.2549999952316284,0.120899997651577
YLR336C,YER089C,1,-3.9340663,0.17474402487277985,0.25600001215934753,0.120899997651577
YNL142W,YML023C,0,-3.934122,0.17462483048439026,0.25600001215934753,0.12099999934434891
YER003C,YNL067W,0,-3.9342823,0.1745058000087738,0.25600001215934753,0.12110000103712082
YDR153C,YOR010C,0,-3.934389,0.1743869185447693,0.25600001215934753,0.12120000272989273
YHR042W,YDR236C,0,-3.9345021,0.1742682158946991,0.25600001215934753,0.12129999697208405
YER094C,YER082C,0,-3.9359083,0.17414966225624084,0.25600001215934753,0.12139999866485596
YOR326W,YKL192C,0,-3.9360318,0.17403127253055573,0.25600001215934753,0.12150000035762787
YDR129C,YPL230W,1,-3.9368753,0.17459239065647125,0.25699999928474426,0.12150000035762787
YDR175C,YML069W,0,-3.9370756,0.1744738668203354,0.25699999928474426,0.12160000205039978
YGL017W,YHR006W,0,-3.9371228,0.17435549199581146,0.25699999928474426,0.1216999962925911
YLR023C,YBR286W,0,-3.9373493,0.17423728108406067,0.25699999928474426,0.121799997985363
YPR016C,YPR052C,0,-3.937954,0.174119234085083,0.25699999928474426,0.12189999967813492
YHR063C,YHR134W,0,-3.9380498,0.17400135099887848,0.25699999928474426,0.12200000137090683
YPR122W,YHR019C,0,-3.9391499,0.17388363182544708,0.25699999928474426,0.12210000306367874
YCR083W,YOR227W,0,-3.9392753,0.17376606166362762,0.25699999928474426,0.12219999730587006
YMR006C,YBL080C,0,-3.939753,0.1736486554145813,0.25699999928474426,0.12229999899864197
YLL023C,YOR173W,0,-3.9399056,0.1735313981771469,0.25699999928474426,0.12240000069141388
YOR396W,YGR086C,0,-3.9399114,0.17341430485248566,0.25699999928474426,0.12250000238418579
YIL097W,YOR267C,0,-3.940133,0.17329737544059753,0.25699999928474426,0.1225999966263771
YDR388W,YKL088W,1,-3.941401,0.17385444045066833,0.257999986410141,0.1225999966263771
YDR302W,YER053C,0,-3.94142,0.17373737692832947,0.257999986410141,0.12269999831914902
YHL047C,YNL063W,0,-3.9433942,0.17362046241760254,0.257999986410141,0.12280000001192093
YML074C,YIL033C,0,-3.9434552,0.17350369691848755,0.257999986410141,0.12290000170469284
YPR036W,YOR083W,0,-3.944219,0.1733870953321457,0.257999986410141,0.12300000339746475
YNL130C,YLR015W,0,-3.9443917,0.17327065765857697,0.257999986410141,0.12309999763965607
YLR133W,YNR052C,0,-3.9450164,0.17315436899662018,0.257999986410141,0.12319999933242798
YDR117C,YGL227W,0,-3.9451141,0.17303822934627533,0.257999986410141,0.12330000102519989
YOL116W,YHR114W,1,-3.9462643,0.1735924929380417,0.2590000033378601,0.12330000102519989
YLR287C-A,YCL001W,0,-3.946466,0.1734762191772461,0.2590000033378601,0.1234000027179718
YDL137W,YDL127W,0,-3.9472032,0.17336010932922363,0.2590000033378601,0.12349999696016312
YDR098C,YCL030C,0,-3.9477925,0.1732441484928131,0.2590000033378601,0.12359999865293503
YMR266W,YNL135C,0,-3.947822,0.17312833666801453,0.2590000033378601,0.12370000034570694
YDL236W,YLR064W,0,-3.9478664,0.17301268875598907,0.2590000033378601,0.12380000203847885
YML031W,YGL095C,0,-3.94846,0.17289718985557556,0.2590000033378601,0.12389999628067017
YDR162C,YKL129C,1,-3.948566,0.17344896495342255,0.25999999046325684,0.12389999628067017
YOR208W,YMR092C,1,-3.9488916,0.17399999499320984,0.26100000739097595,0.12389999628067017
YHR143W,YBL067C,0,-3.9491634,0.1738840788602829,0.26100000739097595,0.12399999797344208
YKL006C-A,YPL032C,0,-3.9491992,0.1737683117389679,0.26100000739097595,0.12409999966621399
YFR028C,YPL026C,0,-3.949203,0.17365269362926483,0.26100000739097595,0.1242000013589859
YDR153C,YER014W,0,-3.9492211,0.1735372394323349,0.26100000739097595,0.12430000305175781
YDR328C,YDL185W,0,-3.9493594,0.1734219342470169,0.26100000739097595,0.12439999729394913
YOR124C,YNR069C,0,-3.9495082,0.17330677807331085,0.26100000739097595,0.12449999898672104
YDL145C,YOL091W,0,-3.950447,0.17319177091121674,0.26100000739097595,0.12460000067949295
YIL062C,YHR115C,0,-3.950562,0.17307692766189575,0.26100000739097595,0.12470000237226486
YGL001C,YDR259C,0,-3.95089,0.1729622334241867,0.26100000739097595,0.12479999661445618
YKL116C,YGL141W,0,-3.950945,0.1728476881980896,0.26100000739097595,0.12489999830722809
YBR132C,YIL053W,1,-3.9517756,0.1733950972557068,0.2619999945163727,0.12489999830722809
YOL113W,YAR042W,0,-3.9518642,0.17328041791915894,0.2619999945163727,0.125
YER176W,YMR297W,0,-3.951931,0.17316590249538422,0.2619999945163727,0.1251000016927719
YMR121C,YEL048C,0,-3.9527068,0.17305152118206024,0.2619999945163727,0.12520000338554382
YPL149W,YML041C,0,-3.9533296,0.1729372888803482,0.2619999945163727,0.12530000507831573
YCR033W,YGR198W,0,-3.953864,0.1728232204914093,0.2619999945163727,0.12540000677108765
YDL137W,YPL086C,0,-3.9540114,0.17270930111408234,0.2619999945163727,0.12549999356269836
YMR165C,YPR008W,0,-3.9543338,0.17259551584720612,0.2619999945163727,0.12559999525547028
YML041C,YDR069C,0,-3.9544625,0.17248189449310303,0.2619999945163727,0.1256999969482422
YDR040C,YPL242C,1,-3.9547944,0.17302630841732025,0.2630000114440918,0.1256999969482422
YOL147C,YPR161C,0,-3.9548516,0.17291255295276642,0.2630000114440918,0.1257999986410141
YJR076C,YBR296C,0,-3.9550037,0.17279894649982452,0.2630000114440918,0.125900000333786
YFR042W,YHR005C,0,-3.9557095,0.17268548905849457,0.2630000114440918,0.12600000202655792
YJL054W,YGL198W,0,-3.955896,0.17257218062877655,0.2630000114440918,0.12610000371932983
YLR361C,YOR092W,0,-3.9559069,0.17245902121067047,0.2630000114440918,0.12620000541210175
YGL245W,YOL091W,0,-3.9559493,0.17234599590301514,0.2630000114440918,0.12630000710487366
YCR003W,YKR024C,0,-3.9560385,0.17223313450813293,0.2630000114440918,0.12639999389648438
YDR465C,YNL101W,0,-3.9563527,0.17212042212486267,0.2630000114440918,0.1264999955892563
YKL049C,YJR093C,0,-3.9567208,0.17200784385204315,0.2630000114440918,0.1265999972820282
YCL039W,YMR232W,0,-3.9567623,0.17189542949199677,0.2630000114440918,0.1266999989748001
YPL232W,YPL092W,0,-3.9571643,0.17178314924240112,0.2630000114440918,0.12680000066757202
YCR069W,YPR041W,0,-3.957481,0.17167101800441742,0.2630000114440918,0.12690000236034393
YGR092W,YPL170W,0,-3.957631,0.17155903577804565,0.2630000114440918,0.12700000405311584
YDR184C,YKL039W,0,-3.9581046,0.17144720256328583,0.2630000114440918,0.12710000574588776
YDR238C,YNR016C,0,-3.958456,0.17133550345897675,0.2630000114440918,0.12720000743865967
YJL054W,YLR460C,0,-3.958527,0.1712239533662796,0.2630000114440918,0.12729999423027039
YPL224C,YNL077W,0,-3.9589963,0.1711125522851944,0.2630000114440918,0.1273999959230423
YNL186W,YBR212W,0,-3.959052,0.17100130021572113,0.2630000114440918,0.1274999976158142
YGR231C,YPL076W,0,-3.9596696,0.1708901822566986,0.2630000114440918,0.12759999930858612
YHL036W,YNL071W,0,-3.9602237,0.17077922821044922,0.2630000114440918,0.12770000100135803
YLL048C,YNR032W,0,-3.9604177,0.17066839337348938,0.2630000114440918,0.12780000269412994
YNL306W,YNL241C,0,-3.9605207,0.17055772244930267,0.2630000114440918,0.12790000438690186
YOR011W,YJL210W,0,-3.9609632,0.1704471856355667,0.2630000114440918,0.12800000607967377
YER005W,YDL113C,0,-3.9610152,0.1703367829322815,0.2630000114440918,0.12809999287128448
YOR178C,YIL167W,0,-3.9611387,0.1702265441417694,0.2630000114440918,0.1281999945640564
YOL088C,YAL012W,0,-3.961205,0.17011642456054688,0.2630000114440918,0.1282999962568283
YIL107C,YNL139C,0,-3.9612164,0.17000646889209747,0.2630000114440918,0.12839999794960022
YOL130W,YER148W,0,-3.961792,0.16989664733409882,0.2630000114440918,0.12849999964237213
YJL145W,YPL246C,0,-3.9620585,0.1697869598865509,0.2630000114440918,0.12860000133514404
YJL078C,YGL043W,0,-3.962366,0.16967742145061493,0.2630000114440918,0.12870000302791595
YNL243W,YGL003C,0,-3.9626527,0.1695680171251297,0.2630000114440918,0.12880000472068787
YOR133W,YOR381W,0,-3.9629207,0.1694587618112564,0.2630000114440918,0.12890000641345978
YOL110W,YGL044C,0,-3.9629898,0.16934964060783386,0.2630000114440918,0.1289999932050705
YGL120C,YIL049W,0,-3.963181,0.16924066841602325,0.2630000114440918,0.1290999948978424
YKL176C,YER177W,0,-3.9637995,0.1691318303346634,0.2630000114440918,0.12919999659061432
YMR183C,YPL043W,0,-3.9639354,0.16902314126491547,0.2630000114440918,0.12929999828338623
YLR133W,YPL283C,0,-3.9640737,0.1689145863056183,0.2630000114440918,0.12939999997615814
YGR076C,YNL209W,0,-3.9645405,0.16880616545677185,0.2630000114440918,0.12950000166893005
YOL109W,YLR411W,0,-3.9649277,0.16869787871837616,0.2630000114440918,0.12960000336170197
YKR046C,YJR096W,0,-3.9649615,0.1685897409915924,0.2630000114440918,0.12970000505447388
YDR334W,YDR339C,0,-3.965921,0.1684817373752594,0.2630000114440918,0.1298000067472458
YDR456W,YPL186C,0,-3.9659538,0.16837388277053833,0.2630000114440918,0.1298999935388565
YBL016W,YPL220W,0,-3.9663262,0.168266162276268,0.2630000114440918,0.12999999523162842
YJL125C,YIL129C,0,-3.9664078,0.16815856099128723,0.2630000114440918,0.13009999692440033
YGL156W,YDR359C,0,-3.9664226,0.1680511236190796,0.2630000114440918,0.13019999861717224
YNR033W,YGL238W,0,-3.9671278,0.1679438054561615,0.2630000114440918,0.13030000030994415
YOR153W,YOR087W,0,-3.9676738,0.16783663630485535,0.2630000114440918,0.13040000200271606
YOR001W,YDL223C,0,-3.967792,0.16772958636283875,0.2630000114440918,0.13050000369548798
YER093C,YOR344C,0,-3.9679313,0.16762268543243408,0.2630000114440918,0.1306000053882599
YDR239C,YHL047C,0,-3.9683676,0.16751591861248016,0.2630000114440918,0.1307000070810318
YDR345C,YCR075C,0,-3.9687166,0.16740930080413818,0.2630000114440918,0.13079999387264252
YER005W,YGL079W,0,-3.9692101,0.16730280220508575,0.2630000114440918,0.13089999556541443
YGR231C,YKL114C,0,-3.9692397,0.16719643771648407,0.2630000114440918,0.13099999725818634
YER074W-A,YKR081C,0,-3.9694028,0.16709022223949432,0.2630000114440918,0.13109999895095825
YOL147C,YDR339C,0,-3.9701004,0.16698412597179413,0.2630000114440918,0.13120000064373016
YLL022C,YIL069C,0,-3.9702415,0.16687817871570587,0.2630000114440918,0.13130000233650208
YMR079W,YJL047C,0,-3.9706516,0.16677235066890717,0.2630000114440918,0.131400004029274
YOL019W,YPR101W,0,-3.9707518,0.1666666716337204,0.2630000114440918,0.1315000057220459
YNR012W,YBL003C,0,-3.9709215,0.16656111180782318,0.2630000114440918,0.1316000074148178
YOL064C,YPR005C,1,-3.9711695,0.1670886129140854,0.2639999985694885,0.1316000074148178
YOR076C,YKL213C,0,-3.9717536,0.16698291897773743,0.2639999985694885,0.13169999420642853
YPR075C,YLR362W,1,-3.9719615,0.16750948131084442,0.26499998569488525,0.13169999420642853
YML042W,YML121W,0,-3.972033,0.1674036681652069,0.26499998569488525,0.13179999589920044
YOL064C,YML131W,1,-3.972128,0.1679292917251587,0.26600000262260437,0.13179999589920044
YPL059W,YGR014W,1,-3.9724798,0.16845425963401794,0.2669999897480011,0.13179999589920044
YBR228W,YOR182C,0,-3.9725432,0.1683480441570282,0.2669999897480011,0.13189999759197235
YLR155C,YJL097W,0,-3.972546,0.1682419627904892,0.2669999897480011,0.13199999928474426
YDL014W,YML069W,0,-3.9731565,0.16813601553440094,0.2669999897480011,0.13210000097751617
YBL045C,YER133W,0,-3.9732265,0.16803020238876343,0.2669999897480011,0.13220000267028809
YHL011C,YDR375C,0,-3.9735103,0.16792452335357666,0.2669999897480011,0.13230000436306
YPR075C,YHR206W,1,-3.9735522,0.16844752430915833,0.2680000066757202,0.13230000436306
YGR256W,YBR237W,0,-3.9739418,0.1683417111635208,0.2680000066757202,0.1324000060558319
YCL067C,YNL071W,0,-3.9740562,0.16823603212833405,0.2680000066757202,0.13249999284744263
YDL136W,YIL105C,0,-3.974156,0.16813048720359802,0.2680000066757202,0.13259999454021454
YPL005W,YDR006C,0,-3.974279,0.16802507638931274,0.2680000066757202,0.13269999623298645
YOR181W,YCR009C,1,-3.97436,0.16854636371135712,0.26899999380111694,0.13269999623298645
YHR017W,YOR293W,0,-3.9750257,0.1684408336877823,0.26899999380111694,0.13279999792575836
YER178W,YOL121C,0,-3.97505,0.168335422873497,0.26899999380111694,0.13289999961853027
YLR142W,YCL033C,0,-3.975214,0.16823014616966248,0.26899999380111694,0.13300000131130219
YDR349C,YJR049C,0,-3.9752336,0.1681250035762787,0.26899999380111694,0.1331000030040741
YDR121W,YBR036C,0,-3.9753718,0.16801998019218445,0.26899999380111694,0.133200004696846
YDR452W,YOL140W,0,-3.9762478,0.16791510581970215,0.26899999380111694,0.13330000638961792
YDL145C,YEL063C,0,-3.9763389,0.1678103506565094,0.26899999380111694,0.13339999318122864
YOL033W,YAL003W,0,-3.9768825,0.1677057296037674,0.26899999380111694,0.13349999487400055
YOR122C,YKL048C,1,-3.977428,0.1682243049144745,0.27000001072883606,0.13349999487400055
YOR158W,YGL086W,0,-3.9774313,0.16811954975128174,0.27000001072883606,0.13359999656677246
YER023W,YMR305C,0,-3.9776382,0.16801492869853973,0.27000001072883606,0.13369999825954437
YER131W,YIL105C,0,-3.978869,0.16791044175624847,0.27000001072883606,0.13379999995231628
YDR103W,YKR079C,0,-3.9794416,0.16780608892440796,0.27000001072883606,0.1339000016450882
YNR027W,YIL087C,0,-3.9794722,0.1677018702030182,0.27000001072883606,0.1340000033378601
YOL012C,YOR348C,0,-3.9803767,0.16759777069091797,0.27000001072883606,0.13410000503063202
YDR153C,YMR022W,0,-3.980505,0.1674937903881073,0.27000001072883606,0.13420000672340393
YPL268W,YMR281W,0,-3.9808064,0.16738995909690857,0.27000001072883606,0.13429999351501465
YHR076W,YKL043W,0,-3.980927,0.1672862470149994,0.27000001072883606,0.13439999520778656
YLR337C,YPL239W,1,-3.9815316,0.1678018569946289,0.2709999978542328,0.13439999520778656
YBR122C,YNL111C,0,-3.9815583,0.16769802570343018,0.2709999978542328,0.13449999690055847
YJR088C,YPL010W,0,-3.9817877,0.167594313621521,0.2709999978542328,0.13459999859333038
YKR072C,YHR114W,1,-3.9818444,0.1681087762117386,0.2720000147819519,0.13459999859333038
YJL121C,YKL193C,0,-3.9827561,0.16800494492053986,0.2720000147819519,0.1347000002861023
YBL002W,YGR284C,0,-3.983045,0.16790123283863068,0.2720000147819519,0.1348000019788742
YDR434W,YGR224W,0,-3.9836822,0.16779765486717224,0.2720000147819519,0.13490000367164612
YKR079C,YKL137W,0,-3.9838176,0.16769421100616455,0.2720000147819519,0.13500000536441803
YLR248W,YLR336C,1,-3.9840465,0.16820701956748962,0.27300000190734863,0.13500000536441803
YIL017C,YER110C,0,-3.9846296,0.1681034415960312,0.27300000190734863,0.13510000705718994
YDR040C,YOR047C,1,-3.9852514,0.16861538589000702,0.27399998903274536,0.13510000705718994
YER062C,YMR092C,1,-3.9853191,0.1691266894340515,0.2750000059604645,0.13510000705718994
YFL018C,YGR123C,0,-3.986045,0.16902273893356323,0.2750000059604645,0.13519999384880066
YGL031C,YDR372C,0,-3.986133,0.1689189225435257,0.2750000059604645,0.13529999554157257
YGR068C,YJR113C,0,-3.9862604,0.1688152253627777,0.2750000059604645,0.13539999723434448
YKL120W,YLR144C,0,-3.9863691,0.16871166229248047,0.2750000059604645,0.1354999989271164
YJL197W,YDR256C,0,-3.9864893,0.16860821843147278,0.2750000059604645,0.1356000006198883
YKL014C,YAL005C,0,-3.9866176,0.16850490868091583,0.2750000059604645,0.13570000231266022
YML054C,YDR436W,0,-3.9866285,0.16840171813964844,0.2750000059604645,0.13580000400543213
YMR242C,YHR110W,0,-3.9866638,0.1682986468076706,0.2750000059604645,0.13590000569820404
YMR318C,YNL132W,0,-3.9868898,0.1681957244873047,0.2750000059604645,0.13600000739097595
YCR069W,YDR480W,0,-3.9873548,0.16809290647506714,0.2750000059604645,0.13609999418258667
YBR132C,YIL153W,1,-3.9874258,0.16860109567642212,0.2759999930858612,0.13609999418258667
YPL123C,YDR346C,0,-3.9876695,0.1684981733560562,0.2759999930858612,0.13619999587535858
YBR154C,YDL190C,0,-3.9876795,0.16839537024497986,0.2759999930858612,0.1362999975681305
YOR070C,YNL135C,0,-3.9878178,0.16829268634319305,0.2759999930858612,0.1363999992609024
YOL030W,YDR085C,0,-3.9878993,0.1681901216506958,0.2759999930858612,0.13650000095367432
YBR166C,YPR183W,0,-3.9880614,0.1680876910686493,0.2759999930858612,0.13660000264644623
YPL059W,YER089C,1,-3.9882812,0.16859403252601624,0.2770000100135803,0.13660000264644623
YNL053W,YHL035C,0,-3.988338,0.16849148273468018,0.2770000100135803,0.13670000433921814
YOR207C,YER120W,0,-3.9886475,0.16838905215263367,0.2770000100135803,0.13680000603199005
YBR021W,YML078W,0,-3.9891562,0.1682867556810379,0.2770000100135803,0.13689999282360077
YBR149W,YOL094C,0,-3.989461,0.1681845784187317,0.2770000100135803,0.13699999451637268
YKL120W,YOR022C,0,-3.9897027,0.16808252036571503,0.2770000100135803,0.1370999962091446
YKL163W,YJR009C,0,-3.989986,0.1679805964231491,0.2770000100135803,0.1371999979019165
YDR025W,YKL164C,0,-3.990047,0.16787879168987274,0.2770000100135803,0.13729999959468842
YGR256W,YDR323C,0,-3.990323,0.16777710616588593,0.2770000100135803,0.13740000128746033
YLR390W-A,YGR170W,0,-3.9903693,0.16767553985118866,0.2770000100135803,0.13750000298023224
YDR005C,YJR047C,0,-3.9906077,0.16757410764694214,0.2770000100135803,0.13760000467300415
YIL053W,YBL061C,1,-3.991014,0.16807739436626434,0.27799999713897705,0.13760000467300415
YLR362W,YBL061C,1,-3.9912453,0.1685800552368164,0.27900001406669617,0.13760000467300415
YER019W,YLR332W,1,-3.9912767,0.16908212006092072,0.2800000011920929,0.13760000467300415
YGL156W,YGL093W,0,-3.9916892,0.16898009181022644,0.2800000011920929,0.13770000636577606
YAL061W,YPR110C,0,-3.9918146,0.16887816786766052,0.2800000011920929,0.13779999315738678
YDL120W,YHR072W,0,-3.991846,0.16877637803554535,0.2800000011920929,0.1378999948501587
YOR045W,YOR132W,0,-3.992333,0.16867469251155853,0.2800000011920929,0.1379999965429306
YER019W,YHR114W,1,-3.9926763,0.1691751927137375,0.2809999883174896,0.1379999965429306
YGR078C,YKL046C,0,-3.992723,0.16907340288162231,0.2809999883174896,0.13809999823570251
YKL046C,YLR110C,0,-3.9927301,0.1689717322587967,0.2809999883174896,0.13819999992847443
YER058W,YLR426W,0,-3.9929366,0.16887019574642181,0.2809999883174896,0.13830000162124634
YLL015W,YPL266W,0,-3.993328,0.1687687635421753,0.2809999883174896,0.13840000331401825
YPR173C,YOR339C,0,-3.9935808,0.16866746544837952,0.2809999883174896,0.13850000500679016
YLL024C,YOR014W,0,-3.994351,0.1685662865638733,0.2809999883174896,0.13860000669956207
YOR367W,YOR122C,1,-3.9945798,0.1690647453069687,0.28200000524520874,0.13860000669956207
YBR239C,YHR207C,0,-3.9947443,0.1689634472131729,0.28200000524520874,0.1386999934911728
YMR006C,YNL199C,0,-3.9959583,0.1688622683286667,0.28200000524520874,0.1387999951839447
YMR230W,YDL155W,0,-3.9965777,0.1687612235546112,0.28200000524520874,0.1388999968767166
YKL196C,YAL005C,0,-3.9968514,0.16866028308868408,0.28200000524520874,0.13899999856948853
YLL018C-A,YOR075W,0,-3.9971528,0.1685594767332077,0.28200000524520874,0.13910000026226044
YPL089C,YHR123W,0,-3.9972053,0.16845877468585968,0.28200000524520874,0.13920000195503235
YNL220W,YDR439W,0,-3.9973617,0.1683582067489624,0.28200000524520874,0.13930000364780426
YDL240W,YOR173W,0,-3.99794,0.16825775802135468,0.28200000524520874,0.13940000534057617
YJL097W,YPL086C,0,-3.998526,0.1681574285030365,0.28200000524520874,0.13950000703334808
YPR075C,YER089C,1,-3.998878,0.16865316033363342,0.28299999237060547,0.13950000703334808
YNR032C-A,YPL270W,0,-3.9989023,0.1685527116060257,0.28299999237060547,0.1395999938249588
YPL015C,YGR198W,0,-3.998907,0.16845238208770752,0.28299999237060547,0.1396999955177307
YDL236W,YER126C,0,-3.999209,0.1683521717786789,0.28299999237060547,0.13979999721050262
YBL051C,YOR077W,0,-3.9997087,0.16825208067893982,0.28299999237060547,0.13989999890327454
YCR024C,YKL216W,0,-3.9997144,0.1681521087884903,0.28299999237060547,0.14000000059604645
YJL159W,YBR212W,0,-3.9997811,0.16805225610733032,0.28299999237060547,0.14010000228881836
YPR073C,YGR060W,0,-4.0003076,0.1679525226354599,0.28299999237060547,0.14020000398159027
YBL045C,YNL159C,0,-4.0009646,0.16785290837287903,0.28299999237060547,0.14030000567436218
YLR336C,YBR086C,1,-4.0010185,0.16834618151187897,0.2840000092983246,0.14030000567436218
YKR094C,YLR120C,0,-4.0011883,0.16824644804000854,0.2840000092983246,0.1404000073671341
YOR076C,YDL113C,0,-4.0011907,0.16814683377742767,0.2840000092983246,0.1404999941587448
YBL056W,YPR008W,0,-4.002275,0.16804733872413635,0.2840000092983246,0.14059999585151672
YIR034C,YML057W,0,-4.0026546,0.16794796288013458,0.2840000092983246,0.14069999754428864
YDL020C,YER072W,0,-4.002731,0.16784870624542236,0.2840000092983246,0.14079999923706055
YCR075C,YNL113W,0,-4.002875,0.1677495539188385,0.2840000092983246,0.14090000092983246
YGL257C,YJL212C,0,-4.0029516,0.16765053570270538,0.2840000092983246,0.14100000262260437
YLR304C,YOR083W,0,-4.003076,0.16755162179470062,0.2840000092983246,0.14110000431537628
YDR129C,YKL048C,1,-4.003558,0.16804245114326477,0.2849999964237213,0.14110000431537628
YMR024W,YPL207W,0,-4.0038776,0.16794343292713165,0.2849999964237213,0.1412000060081482
YAL020C,YAL008W,0,-4.0041327,0.1678445190191269,0.2849999964237213,0.1412999927997589
YLR345W,YGL134W,0,-4.0043273,0.16774573922157288,0.2849999964237213,0.14139999449253082
YDR221W,YPL265W,0,-4.0046096,0.16764706373214722,0.2849999964237213,0.14149999618530273
YIL162W,YOL077C,0,-4.005046,0.1675485074520111,0.2849999964237213,0.14159999787807465
YPL026C,YKR010C,0,-4.0050592,0.16745005548000336,0.2849999964237213,0.14169999957084656
YNL058C,YDR253C,0,-4.005689,0.16735173761844635,0.2849999964237213,0.14180000126361847
YPL019C,YMR309C,0,-4.0057836,0.1672535240650177,0.2849999964237213,0.14190000295639038
YML024W,YLR361C,0,-4.006064,0.1671554297208786,0.2849999964237213,0.1420000046491623
YMR243C,YBL091C,0,-4.006162,0.16705743968486786,0.2849999964237213,0.1421000063419342
YJR001W,YHR028C,0,-4.006485,0.16695958375930786,0.2849999964237213,0.14219999313354492
YLR343W,YAL034W-A,0,-4.006633,0.16686183214187622,0.2849999964237213,0.14229999482631683
YDR073W,YFL009W,0,-4.0067077,0.16676418483257294,0.2849999964237213,0.14239999651908875
YOR010C,YJR102C,0,-4.0068746,0.1666666716337204,0.2849999964237213,0.14249999821186066
YNL321W,YJL177W,0,-4.007845,0.16656926274299622,0.2849999964237213,0.14259999990463257
YHL013C,YJL123C,0,-4.007975,0.1664719581604004,0.2849999964237213,0.14270000159740448
YDL010W,YFL039C,1,-4.008313,0.16695855557918549,0.28600001335144043,0.14270000159740448
YPL013C,YEL071W,0,-4.008458,0.1668611466884613,0.28600001335144043,0.1428000032901764
YBR082C,YGR040W,0,-4.008699,0.16676384210586548,0.28600001335144043,0.1429000049829483
YCL047C,YML004C,0,-4.009039,0.1666666716337204,0.28600001335144043,0.14300000667572021
YNL036W,YLR089C,0,-4.009129,0.16656960546970367,0.28600001335144043,0.14309999346733093
YBR167C,YML072C,0,-4.0093827,0.1664726436138153,0.28600001335144043,0.14319999516010284
YBR069C,YLR388W,0,-4.0095935,0.1663758009672165,0.28600001335144043,0.14329999685287476
YBR083W,YFL022C,0,-4.0097528,0.16627906262874603,0.28600001335144043,0.14339999854564667
YJR125C,YFR032C-A,0,-4.009771,0.16618245840072632,0.28600001335144043,0.14350000023841858
YOL116W,YLR336C,1,-4.010021,0.1666666716337204,0.28700000047683716,0.14350000023841858
YNL287W,YLR448W,0,-4.01056,0.16656993329524994,0.28700000047683716,0.1436000019311905
YEL013W,YJL098W,0,-4.010636,0.16647331416606903,0.28700000047683716,0.1437000036239624
YPL237W,YPL133C,0,-4.0107346,0.16637681424617767,0.28700000047683716,0.14380000531673431
YPR075C,YMR175W,1,-4.0110025,0.16685979068279266,0.2879999876022339,0.14380000531673431
YMR197C,YBR188C,0,-4.0111055,0.16676317155361176,0.2879999876022339,0.14390000700950623
YLR189C,YER036C,0,-4.011302,0.1666666716337204,0.2879999876022339,0.14399999380111694
YPR029C,YER056C-A,0,-4.0114217,0.1665702760219574,0.2879999876022339,0.14409999549388885
YOR316C,YLR192C,0,-4.0120845,0.16647398471832275,0.2879999876022339,0.14419999718666077
YDR077W,YLR299W,0,-4.0121813,0.16637781262397766,0.2879999876022339,0.14429999887943268
YIL154C,YNL005C,0,-4.012193,0.16628175973892212,0.2879999876022339,0.1444000005722046
YEL005C,YDL081C,0,-4.012251,0.16618581116199493,0.2879999876022339,0.1445000022649765
YJR088C,YNL243W,0,-4.01234,0.1660899668931961,0.2879999876022339,0.1446000039577484
YKR058W,YPL258C,0,-4.012484,0.16599424183368683,0.2879999876022339,0.14470000565052032
YKR058W,YPR151C,0,-4.0127892,0.1658986210823059,0.2879999876022339,0.14480000734329224
YDR190C,YGL213C,0,-4.012972,0.16580310463905334,0.2879999876022339,0.14489999413490295
YDR040C,YCR009C,1,-4.013077,0.16628308594226837,0.289000004529953,0.14489999413490295
YOL103W,YOL139C,0,-4.014024,0.16618746519088745,0.289000004529953,0.14499999582767487
YIL062C,YHR167W,0,-4.0141134,0.1660919487476349,0.289000004529953,0.14509999752044678
YML015C,YGR284C,0,-4.0143414,0.16599655151367188,0.289000004529953,0.1451999992132187
YNL275W,YJR042W,0,-4.0143857,0.16590125858783722,0.289000004529953,0.1453000009059906
YMR070W,YOL121C,0,-4.0143967,0.16580608487129211,0.289000004529953,0.1454000025987625
YOR372C,YKR067W,0,-4.0144587,0.16571101546287537,0.289000004529953,0.14550000429153442
YDR425W,YLR089C,0,-4.0149603,0.16561605036258698,0.289000004529953,0.14560000598430634
YJL136C,YGL005C,0,-4.015001,0.16552118957042694,0.289000004529953,0.14569999277591705
YDL060W,YKL140W,0,-4.0154986,0.16542644798755646,0.289000004529953,0.14579999446868896
YJL099W,YGR162W,0,-4.0155406,0.16533181071281433,0.289000004529953,0.14589999616146088
YPL152W,YCR009C,1,-4.015745,0.1658090353012085,0.28999999165534973,0.14589999616146088
YJR045C,YER063W,0,-4.0160356,0.16571427881717682,0.28999999165534973,0.1459999978542328
YOR242C,YDR384C,0,-4.016482,0.1656196415424347,0.28999999165534973,0.1460999995470047
YBR159W,YAL030W,0,-4.0165424,0.16552510857582092,0.28999999165534973,0.1462000012397766
YFL004W,YML009C,0,-4.016969,0.1654306948184967,0.28999999165534973,0.14630000293254852
YHL033C,YPL074W,0,-4.017141,0.16533637046813965,0.28999999165534973,0.14640000462532043
YJL221C,YDR182W,0,-4.017145,0.16524216532707214,0.28999999165534973,0.14650000631809235
YGR200C,YHR121W,0,-4.017548,0.165148064494133,0.28999999165534973,0.14659999310970306
YBR083W,YBR018C,0,-4.017579,0.1650540679693222,0.28999999165534973,0.14669999480247498
YDR545W,YLR266C,0,-4.017868,0.16496017575263977,0.28999999165534973,0.1467999964952469
YBR087W,YJL123C,0,-4.0180464,0.1648664027452469,0.28999999165534973,0.1468999981880188
YOR036W,YJL101C,0,-4.0182323,0.16477273404598236,0.28999999165534973,0.1469999998807907
YBR166C,YHR157W,0,-4.01856,0.164679154753685,0.28999999165534973,0.14710000157356262
YKR087C,YAL028W,0,-4.0187235,0.16458569467067719,0.28999999165534973,0.14720000326633453
YDR129C,YCR073C,1,-4.018991,0.16505955159664154,0.29100000858306885,0.14720000326633453
YPL135W,YMR045C,0,-4.019136,0.16496598720550537,0.29100000858306885,0.14730000495910645
YDL018C,YOL127W,0,-4.0193925,0.16487252712249756,0.29100000858306885,0.14740000665187836
YDL193W,YLL026W,0,-4.019825,0.1647791564464569,0.29100000858306885,0.14749999344348907
YOR208W,YFL039C,1,-4.0198865,0.16525183618068695,0.2919999957084656,0.14749999344348907
YBR104W,YDL019C,0,-4.019909,0.16515837609767914,0.2919999957084656,0.147599995136261
YJL058C,YLR056W,0,-4.020126,0.1650650054216385,0.2919999957084656,0.1476999968290329
YGL198W,YMR266W,0,-4.020469,0.1649717539548874,0.2919999957084656,0.1477999985218048
YGL129C,YOL072W,0,-4.0204735,0.16487860679626465,0.2919999957084656,0.14790000021457672
YMR029C,YOL120C,0,-4.0205073,0.16478554904460907,0.2919999957084656,0.14800000190734863
YCR038C,YIL011W,0,-4.0205636,0.16469261050224304,0.2919999957084656,0.14810000360012054
YKL112W,YGR007W,0,-4.021096,0.16459977626800537,0.2919999957084656,0.14820000529289246
YNL020C,YML131W,1,-4.021233,0.16507042944431305,0.2930000126361847,0.14820000529289246
YMR076C,YNR053C,0,-4.021341,0.16497747600078583,0.2930000126361847,0.14830000698566437
YKL145W,YKR079C,0,-4.0213904,0.16488464176654816,0.2930000126361847,0.14839999377727509
YDR261C,YIL033C,0,-4.021521,0.16479189693927765,0.2930000126361847,0.148499995470047
YPR063C,YOR315W,0,-4.021645,0.1646992713212967,0.2930000126361847,0.1485999971628189
YJR125C,YDR179C,0,-4.021886,0.1646067351102829,0.2930000126361847,0.14869999885559082
YBL016W,YPL159C,0,-4.021965,0.16451431810855865,0.2930000126361847,0.14880000054836273
YBL101C,YLR356W,0,-4.022121,0.16442199051380157,0.2930000126361847,0.14890000224113464
YKR079C,YDL181W,0,-4.0224,0.16432978212833405,0.2930000126361847,0.14900000393390656
YGR063C,YEL020W-A,0,-4.022991,0.16423766314983368,0.2930000126361847,0.14910000562667847
YLR070C,YDR206W,0,-4.0236373,0.16414566338062286,0.2930000126361847,0.14920000731945038
YPL152W,YKL129C,1,-4.0244317,0.16461366415023804,0.2939999997615814,0.14920000731945038
YFR055W,YDR284C,0,-4.024517,0.16452154517173767,0.2939999997615814,0.1492999941110611
YGL223C,YFR025C,0,-4.0251455,0.16442953050136566,0.2939999997615814,0.149399995803833
YHR204W,YNL012W,0,-4.025251,0.164337620139122,0.2939999997615814,0.14949999749660492
YDR077W,YKL218C,0,-4.025282,0.1642458140850067,0.2939999997615814,0.14959999918937683
YOR079C,YPL172C,0,-4.025388,0.16415409743785858,0.2939999997615814,0.14970000088214874
YLR427W,YBR290W,0,-4.0254493,0.1640625,0.2939999997615814,0.14980000257492065
YFR044C,YER114C,0,-4.025537,0.16397099196910858,0.2939999997615814,0.14990000426769257
YHR099W,YDR380W,0,-4.0256443,0.1638796031475067,0.2939999997615814,0.15000000596046448
YPL115C,YBR068C,0,-4.0258164,0.163788303732872,0.2939999997615814,0.1500999927520752
YHL033C,YPL148C,0,-4.0261984,0.16369710862636566,0.2939999997615814,0.1501999944448471
YBR073W,YBL084C,0,-4.0262394,0.16360600292682648,0.2939999997615814,0.15029999613761902
YKR038C,YHR045W,0,-4.026426,0.16351501643657684,0.2939999997615814,0.15039999783039093
YDL147W,YHR207C,0,-4.026459,0.16342411935329437,0.2939999997615814,0.15049999952316284
YGL141W,YDR202C,0,-4.026554,0.16333332657814026,0.2939999997615814,0.15060000121593475
YOR257W,YPR028W,0,-4.0270605,0.1632426381111145,0.2939999997615814,0.15070000290870667
YDL240W,YGL031C,0,-4.0273366,0.1631520539522171,0.2939999997615814,0.15080000460147858
YGR120C,YHR112C,0,-4.027841,0.16306155920028687,0.2939999997615814,0.1509000062942505
YDR345C,YKR053C,0,-4.0279846,0.16297116875648499,0.2939999997615814,0.1509999930858612
YLR003C,YEL009C,0,-4.028211,0.16288088262081146,0.2939999997615814,0.15109999477863312
YDR399W,YIL136W,0,-4.029313,0.1627907007932663,0.2939999997615814,0.15119999647140503
YLR119W,YOL032W,0,-4.0297112,0.1627006083726883,0.2939999997615814,0.15129999816417694
YHR205W,YLR332W,1,-4.0303903,0.16316372156143188,0.29499998688697815,0.15129999816417694
YDR129C,YOR122C,1,-4.030621,0.1636263132095337,0.29600000381469727,0.15129999816417694
YLR450W,YBL087C,0,-4.0307307,0.16353590786457062,0.29600000381469727,0.15139999985694885
YGL178W,YPL174C,0,-4.0309157,0.1634456068277359,0.29600000381469727,0.15150000154972076
YIL067C,YOL071W,0,-4.0310054,0.16335541009902954,0.29600000381469727,0.15160000324249268
YIL022W,YOL030W,0,-4.0319495,0.16326530277729034,0.29600000381469727,0.1517000049352646
YEL046C,YIL125W,0,-4.0322328,0.1631752997636795,0.29600000381469727,0.1518000066280365
YAL035W,YIL015W,0,-4.0323815,0.16308540105819702,0.29600000381469727,0.15189999341964722
YIL017C,YOR344C,0,-4.0331087,0.1629955917596817,0.29600000381469727,0.15199999511241913
YKR031C,YPR151C,0,-4.0333533,0.16290588676929474,0.29600000381469727,0.15209999680519104
YNR040W,YPL020C,0,-4.0335007,0.16281628608703613,0.29600000381469727,0.15219999849796295
YBR199W,YIR036C,0,-4.0337157,0.1627267748117447,0.29600000381469727,0.15230000019073486
YOR028C,YBR086C,1,-4.034029,0.16318681836128235,0.296999990940094,0.15230000019073486
YLR027C,YGR240C,0,-4.034045,0.16309720277786255,0.296999990940094,0.15240000188350677
YHR028C,YLR284C,0,-4.0341797,0.1630076766014099,0.296999990940094,0.1525000035762787
YML094W,YJL019W,0,-4.034422,0.16291826963424683,0.296999990940094,0.1526000052690506
YHR094C,YCL030C,0,-4.0344515,0.1628289520740509,0.296999990940094,0.1527000069618225
YNL093W,YLR134W,0,-4.034553,0.16273972392082214,0.296999990940094,0.15279999375343323
YMR058W,YDL065C,0,-4.034737,0.16265060007572174,0.296999990940094,0.15289999544620514
YDR388W,YDR168W,1,-4.0352774,0.1631089150905609,0.2980000078678131,0.15289999544620514
YOR373W,YGR055W,0,-4.035563,0.16301968693733215,0.2980000078678131,0.15299999713897705
YKL185W,YER083C,0,-4.03569,0.16293056309223175,0.2980000078678131,0.15309999883174896
YOR122C,YGR014W,1,-4.036389,0.1633879840373993,0.29899999499320984,0.15309999883174896
YDR507C,YNL098C,0,-4.0364027,0.16329874098300934,0.29899999499320984,0.15320000052452087
YMR280C,YOL041C,0,-4.0365286,0.16320960223674774,0.29899999499320984,0.15330000221729279
YJL063C,YGL168W,0,-4.0373077,0.1631205677986145,0.29899999499320984,0.1534000039100647
YPL154C,YGL047W,0,-4.0378675,0.16303162276744843,0.29899999499320984,0.1535000056028366
YDR430C,YLL026W,0,-4.0379357,0.1629427820444107,0.29899999499320984,0.15360000729560852
YER019W,YMR037C,1,-4.037977,0.16339869797229767,0.30000001192092896,0.15360000729560852
YBR082C,YPL206C,0,-4.037994,0.1633097380399704,0.30000001192092896,0.15369999408721924
YNR055C,YML120C,0,-4.0382013,0.16322089731693268,0.30000001192092896,0.15379999577999115
YDL008W,YNL001W,0,-4.038216,0.16313213109970093,0.30000001192092896,0.15389999747276306
YER088C,YKL195W,0,-4.0386214,0.16304348409175873,0.30000001192092896,0.15399999916553497
YNL059C,YNL241C,0,-4.038774,0.1629549115896225,0.30000001192092896,0.15410000085830688
YOR035C,YOR290C,0,-4.0390863,0.16286644339561462,0.30000001192092896,0.1542000025510788
YHR157W,YFL029C,0,-4.039168,0.1627780795097351,0.30000001192092896,0.1543000042438507
YNL020C,YKL062W,1,-4.0394096,0.16323210299015045,0.3009999990463257,0.1543000042438507
YDL138W,YGL106W,0,-4.0395646,0.16314363479614258,0.3009999990463257,0.15440000593662262
YPL106C,YJL196C,0,-4.0396233,0.16305525600910187,0.3009999990463257,0.15449999272823334
YHR028C,YMR223W,0,-4.039696,0.16296696662902832,0.3009999990463257,0.15459999442100525
YER011W,YBL103C,0,-4.039771,0.16287878155708313,0.3009999990463257,0.15469999611377716
YFL039C,YPL239W,1,-4.0397944,0.1633315235376358,0.3019999861717224,0.15469999611377716
YCL064C,YJL045W,0,-4.0398655,0.16324324905872345,0.3019999861717224,0.15479999780654907
YFR051C,YKL084W,0,-4.0407743,0.16315504908561707,0.3019999861717224,0.15489999949932098
YDR388W,YDR420W,1,-4.0409656,0.1636069118976593,0.30300000309944153,0.15489999949932098
YPL015C,YOR056C,0,-4.040988,0.16351862251758575,0.30300000309944153,0.1550000011920929
YDL235C,YBR086C,1,-4.041127,0.16396979987621307,0.30399999022483826,0.1550000011920929
YDL091C,YCL050C,0,-4.0414953,0.16388140618801117,0.30399999022483826,0.1551000028848648
YER014W,YGR283C,0,-4.041815,0.16379310190677643,0.30399999022483826,0.15520000457763672
YEL005C,YHL002W,0,-4.042024,0.16370490193367004,0.30399999022483826,0.15530000627040863
YGR205W,YBL010C,0,-4.04275,0.16361679136753082,0.30399999022483826,0.15539999306201935
YNL176C,YKL026C,0,-4.043161,0.16352878510951996,0.30399999022483826,0.15549999475479126
YNL300W,YLR406C,0,-4.0438147,0.16344085335731506,0.30399999022483826,0.15559999644756317
YAL061W,YEL063C,0,-4.044637,0.16335304081439972,0.30399999022483826,0.15569999814033508
YGL061C,YBR149W,0,-4.0449953,0.16326530277729034,0.30399999022483826,0.155799999833107
YMR011W,YHR141C,0,-4.0464597,0.16317766904830933,0.30399999022483826,0.1559000015258789
YEL002C,YNL197C,0,-4.046503,0.16309012472629547,0.30399999022483826,0.15600000321865082
YOL042W,YHL015W,0,-4.046877,0.16300268471240997,0.30399999022483826,0.15610000491142273
YCR038C,YGL096W,0,-4.046938,0.16291533410549164,0.30399999022483826,0.15620000660419464
YPL059W,YER118C,1,-4.047575,0.16336368024349213,0.3050000071525574,0.15620000660419464
YJL145W,YOL005C,0,-4.047663,0.16327622532844543,0.3050000071525574,0.15629999339580536
YLR360W,YLR432W,0,-4.0476646,0.1631888747215271,0.3050000071525574,0.15639999508857727
YDR471W,YGR044C,0,-4.048215,0.16310159862041473,0.3050000071525574,0.15649999678134918
YGL156W,YPL130W,0,-4.048624,0.16301442682743073,0.3050000071525574,0.1565999984741211
YOR367W,YBR016W,1,-4.0486813,0.16346153616905212,0.3059999942779541,0.1565999984741211
YDL191W,YOR083W,0,-4.0488224,0.16337426006793976,0.3059999942779541,0.156700000166893
YBR227C,YGL096W,0,-4.0492473,0.16328708827495575,0.3059999942779541,0.15680000185966492
YPL058C,YOR234C,0,-4.0493236,0.1632000058889389,0.3059999942779541,0.15690000355243683
YFR044C,YNR052C,0,-4.0493827,0.16311301290988922,0.3059999942779541,0.15700000524520874
YGL208W,YPL280W,0,-4.0500507,0.1630261093378067,0.3059999942779541,0.15710000693798065
YKL058W,YMR116C,0,-4.0501103,0.16293929517269135,0.3059999942779541,0.15719999372959137
YGR054W,YMR307W,0,-4.0501614,0.16285258531570435,0.3059999942779541,0.15729999542236328
YLR185W,YDR079C-A,0,-4.0501766,0.1627659648656845,0.3059999942779541,0.1573999971151352
YBR132C,YLR362W,1,-4.050332,0.16321106255054474,0.3070000112056732,0.1573999971151352
YJR145C,YKL146W,0,-4.0503626,0.16312433779239655,0.3070000112056732,0.1574999988079071
YKL048C,YBR014C,1,-4.050598,0.16356877982616425,0.30799999833106995,0.1574999988079071
YDR418W,YKL194C,0,-4.0509796,0.1634819507598877,0.30799999833106995,0.15760000050067902
YCR023C,YPL123C,0,-4.0514193,0.1633952260017395,0.30799999833106995,0.15770000219345093
YOL126C,YML019W,0,-4.051486,0.16330859065055847,0.30799999833106995,0.15780000388622284
YDL135C,YHR010W,0,-4.0516996,0.1632220447063446,0.30799999833106995,0.15790000557899475
YPL283C,YMR215W,0,-4.051887,0.1631355881690979,0.30799999833106995,0.15800000727176666
YER021W,YIL069C,0,-4.0521,0.16304923593997955,0.30799999833106995,0.15809999406337738
YNL139C,YOL077C,0,-4.0521483,0.16296295821666718,0.30799999833106995,0.1581999957561493
YOR181W,YIL147C,1,-4.052393,0.1634056121110916,0.3089999854564667,0.1581999957561493
YJL158C,YHR019C,0,-4.0528936,0.16331924498081207,0.3089999854564667,0.1582999974489212
YIL018W,YPL203W,0,-4.0538535,0.1632329672574997,0.3089999854564667,0.15839999914169312
YDR541C,YLL026W,0,-4.0541825,0.16314677894115448,0.3089999854564667,0.15850000083446503
YBR009C,YBR094W,0,-4.054241,0.16306068003177643,0.3089999854564667,0.15860000252723694
YER167W,YDR436W,0,-4.054256,0.16297468543052673,0.3089999854564667,0.15870000422000885
YLR313C,YJL020C,0,-4.0544324,0.162888765335083,0.3089999854564667,0.15880000591278076
YEL060C,YGL205W,0,-4.054571,0.16280294954776764,0.3089999854564667,0.15889999270439148
YER179W,YPL085W,0,-4.0549526,0.16271722316741943,0.3089999854564667,0.1589999943971634
YIR015W,YLR390W-A,0,-4.055754,0.1626315861940384,0.3089999854564667,0.1590999960899353
YHR104W,YNL009W,0,-4.0558553,0.16254602372646332,0.3089999854564667,0.15919999778270721
YML066C,YCL054W,0,-4.0558834,0.1624605655670166,0.3089999854564667,0.15929999947547913
YPL059W,YGR008C,1,-4.0559297,0.16290068626403809,0.3100000023841858,0.15929999947547913
YKL051W,YOR374W,0,-4.0563207,0.162815123796463,0.3100000023841858,0.15940000116825104
YER028C,YOL072W,0,-4.056509,0.1627296656370163,0.3100000023841858,0.15950000286102295
YMR068W,YOR326W,0,-4.057274,0.16264428198337555,0.3100000023841858,0.15960000455379486
YLR136C,YMR303C,0,-4.057313,0.16255898773670197,0.3100000023841858,0.15970000624656677
YOR208W,YCR009C,1,-4.057588,0.16299790143966675,0.3109999895095825,0.15970000624656677
YOR046C,YHR101C,0,-4.0579057,0.162912517786026,0.3109999895095825,0.1597999930381775
YLR256W,YOR141C,0,-4.0579805,0.16282722353935242,0.3109999895095825,0.1598999947309494
YGR013W,YER096W,0,-4.0580506,0.162742018699646,0.3109999895095825,0.1599999964237213
YPR075C,YNL190W,1,-4.058108,0.1631799191236496,0.31200000643730164,0.1599999964237213
YOR131C,YOL137W,0,-4.0581403,0.16309460997581482,0.31200000643730164,0.16009999811649323
YER122C,YKL140W,0,-4.059141,0.1630094051361084,0.31200000643730164,0.16019999980926514
YIL167W,YGR009C,0,-4.0593514,0.16292427480220795,0.31200000643730164,0.16030000150203705
YLR390W-A,YGR003W,0,-4.059353,0.16283924877643585,0.31200000643730164,0.16040000319480896
YLR229C,YNL173C,0,-4.059466,0.16275429725646973,0.31200000643730164,0.16050000488758087
YMR198W,YDR236C,0,-4.0595455,0.16266945004463196,0.31200000643730164,0.16060000658035278
YPR032W,YOL029C,0,-4.0602098,0.16258467733860016,0.31200000643730164,0.1606999933719635
YJL069C,YGR037C,0,-4.0603204,0.16249999403953552,0.31200000643730164,0.1607999950647354
YOR344C,YOR386W,0,-4.060492,0.16241541504859924,0.31200000643730164,0.16089999675750732
YPL075W,YDL049C,0,-4.060621,0.16233091056346893,0.31200000643730164,0.16099999845027924
YJR125C,YMR274C,0,-4.0606475,0.1622464954853058,0.31200000643730164,0.16110000014305115
YMR278W,YDL226C,0,-4.060782,0.1621621549129486,0.31200000643730164,0.16120000183582306
YDL106C,YMR015C,0,-4.061342,0.1620779186487198,0.31200000643730164,0.16130000352859497
YHR042W,YDL214C,0,-4.0613422,0.16199377179145813,0.31200000643730164,0.16140000522136688
YGL141W,YCR020C,0,-4.061358,0.16190969944000244,0.31200000643730164,0.1615000069141388
YDR434W,YMR313C,0,-4.0617695,0.1618257313966751,0.31200000643730164,0.1615999937057495
YGR092W,YIL033C,0,-4.0622635,0.16174183785915375,0.31200000643730164,0.16169999539852142
YGR098C,YJL042W,0,-4.062598,0.16165803372859955,0.31200000643730164,0.16179999709129333
YJL197W,YLL054C,0,-4.0626493,0.1615743190050125,0.31200000643730164,0.16189999878406525
YML055W,YDR206W,0,-4.063016,0.16149067878723145,0.31200000643730164,0.16200000047683716
YPL022W,YLR102C,0,-4.0633855,0.16140714287757874,0.31200000643730164,0.16210000216960907
YEL054C,YKL164C,0,-4.0634747,0.161323681473732,0.31200000643730164,0.16220000386238098
YML040W,YHL002W,0,-4.0637207,0.16124030947685242,0.31200000643730164,0.1623000055551529
YBL039C,YBL013W,0,-4.0638027,0.16115702688694,0.31200000643730164,0.1624000072479248
YER062C,YLR336C,1,-4.063961,0.1615900844335556,0.31299999356269836,0.1624000072479248
YGL048C,YDR039C,0,-4.0641665,0.16150671243667603,0.31299999356269836,0.16249999403953552
YDL122W,YJL003W,0,-4.064186,0.16142341494560242,0.31299999356269836,0.16259999573230743
YBL004W,YPL271W,0,-4.0643287,0.16134020686149597,0.31299999356269836,0.16269999742507935
YKR072C,YKL062W,1,-4.064545,0.16177228093147278,0.3140000104904175,0.16269999742507935
YHR136C,YDR058C,0,-4.064694,0.16168898344039917,0.3140000104904175,0.16279999911785126
YJL108C,YLR170C,0,-4.06481,0.16160576045513153,0.3140000104904175,0.16290000081062317
YLR196W,YNL289W,0,-4.0651755,0.16152262687683105,0.3140000104904175,0.16300000250339508
YKL004W,YML009C,0,-4.0653796,0.16143958270549774,0.3140000104904175,0.163100004196167
YDR289C,YFL002C,0,-4.0654407,0.1613566279411316,0.3140000104904175,0.1632000058889389
YLR248W,YIL147C,1,-4.065451,0.16178736090660095,0.3149999976158142,0.1632000058889389
YDR291W,YOL068C,0,-4.0654807,0.16170431673526764,0.3149999976158142,0.16329999268054962
YHR084W,YPL118W,0,-4.065661,0.1616213470697403,0.3149999976158142,0.16339999437332153
YGR260W,YDL211C,0,-4.066679,0.16153846681118011,0.3149999976158142,0.16349999606609344
YIL098C,YOR374W,0,-4.066952,0.1614556610584259,0.3149999976158142,0.16359999775886536
YGL009C,YER021W,0,-4.0672293,0.16137294471263885,0.3149999976158142,0.16369999945163727
YMR067C,YJR139C,0,-4.0674534,0.16129031777381897,0.3149999976158142,0.16380000114440918
YEL020C,YPL192C,0,-4.0676684,0.16120778024196625,0.3149999976158142,0.1639000028371811
YDR315C,YOR091W,0,-4.0679846,0.1611253172159195,0.3149999976158142,0.164000004529953
YDR074W,YOL094C,0,-4.0680223,0.1610429435968399,0.3149999976158142,0.16410000622272491
YPR181C,YDR292C,0,-4.0681,0.16096065938472748,0.3149999976158142,0.16419999301433563
YPL023C,YBR283C,0,-4.068541,0.16087844967842102,0.3149999976158142,0.16429999470710754
YLR248W,YNL190W,1,-4.069305,0.16130678355693817,0.3160000145435333,0.16429999470710754
YLR403W,YPR042C,0,-4.0693307,0.16122448444366455,0.3160000145435333,0.16439999639987946
YHR073W,YOR175C,0,-4.069954,0.1611422747373581,0.3160000145435333,0.16449999809265137
YPR075C,YBL061C,1,-4.0705,0.16156983375549316,0.31700000166893005,0.16449999809265137
YLR337C,YMR037C,1,-4.071421,0.16199694573879242,0.3179999887943268,0.16449999809265137
YHR118C,YML042W,0,-4.071586,0.16191445291042328,0.3179999887943268,0.16459999978542328
YBR244W,YIL171W,0,-4.0717473,0.1618320643901825,0.3179999887943268,0.1647000014781952
YMR121C,YMR205C,0,-4.07217,0.16174975037574768,0.3179999887943268,0.1648000031709671
YCR088W,YGL254W,0,-4.0724373,0.16166751086711884,0.3179999887943268,0.164900004863739
YCR088W,YNR001C,0,-4.0724454,0.16158536076545715,0.3179999887943268,0.16500000655651093
YKR009C,YMR207C,0,-4.072688,0.16150330007076263,0.3179999887943268,0.16509999334812164
YDR506C,YGL043W,0,-4.072767,0.16142131388187408,0.3179999887943268,0.16519999504089355
YOR361C,YJR084W,0,-4.072943,0.1613394170999527,0.3179999887943268,0.16529999673366547
YIR004W,YGL253W,0,-4.0730734,0.16125760972499847,0.3179999887943268,0.16539999842643738
YDL204W,YGL077C,0,-4.0730963,0.16117587685585022,0.3179999887943268,0.1655000001192093
YKR007W,YIL049W,0,-4.073467,0.16109421849250793,0.3179999887943268,0.1656000018119812
YHL032C,YDR101C,0,-4.0737433,0.161012664437294,0.3179999887943268,0.1657000035047531
YDR118W,YPL031C,0,-4.073787,0.16093116998672485,0.3179999887943268,0.16580000519752502
YHR190W,YAL059W,0,-4.0745792,0.16084976494312286,0.3179999887943268,0.16590000689029694
YER019W,YPL059W,1,-4.074954,0.1612740159034729,0.3190000057220459,0.16590000689029694
YDL223C,YOR374W,0,-4.076264,0.16119252145290375,0.3190000057220459,0.16599999368190765
YBR166C,YDL100C,0,-4.0763545,0.16111111640930176,0.3190000057220459,0.16609999537467957
YCR047C,YBR290W,0,-4.0763607,0.16102978587150574,0.3190000057220459,0.16619999706745148
YPL280W,YDR325W,0,-4.0763726,0.16094852983951569,0.3190000057220459,0.1662999987602234
YKR080W,YHR113W,0,-4.0764294,0.160867378115654,0.3190000057220459,0.1664000004529953
YMR243C,YGL035C,0,-4.076614,0.16078628599643707,0.3190000057220459,0.1665000021457672
YEL003W,YGL181W,0,-4.0769563,0.16070528328418732,0.3190000057220459,0.16660000383853912
YOR181W,YNL091W,1,-4.0770354,0.16112789511680603,0.3199999928474426,0.16660000383853912
YGL076C,YGL096W,0,-4.07733,0.1610468029975891,0.3199999928474426,0.16670000553131104
YMR208W,YJL180C,0,-4.077442,0.16096580028533936,0.3199999928474426,0.16680000722408295
YAL010C,YPL079W,0,-4.078026,0.16088487207889557,0.3199999928474426,0.16689999401569366
YNL132W,YAL044C,0,-4.078549,0.16080401837825775,0.3199999928474426,0.16699999570846558
YOR195W,YEL071W,0,-4.0786214,0.1607232540845871,0.3199999928474426,0.1670999974012375
YEL013W,YBR065C,0,-4.078653,0.1606425642967224,0.3199999928474426,0.1671999990940094
YDR168W,YOR208W,1,-4.078659,0.16106371581554413,0.32100000977516174,0.1671999990940094
YHR196W,YLL024C,0,-4.0787816,0.16098295152187347,0.32100000977516174,0.1673000007867813
YPL005W,YNL099C,0,-4.0788126,0.1609022617340088,0.32100000977516174,0.16740000247955322
YOR359W,YOR278W,0,-4.078978,0.16082164645195007,0.32100000977516174,0.16750000417232513
YLR439W,YHR064C,0,-4.079049,0.16074110567569733,0.32100000977516174,0.16760000586509705
YEL048C,YJL116C,0,-4.0792375,0.16066065430641174,0.32100000977516174,0.16769999265670776
YLR439W,YPL212C,0,-4.0806885,0.16058029234409332,0.32100000977516174,0.16779999434947968
YPR005C,YHR206W,1,-4.0809155,0.16099999845027924,0.32199999690055847,0.16779999434947968
YHR114W,YMR109W,1,-4.08108,0.16141928732395172,0.3230000138282776,0.16779999434947968
YOL123W,YPR097W,0,-4.0812025,0.1613386571407318,0.3230000138282776,0.1678999960422516
YMR177W,YDR394W,0,-4.0814314,0.16125811636447906,0.3230000138282776,0.1679999977350235
YLR287C-A,YJR109C,0,-4.0815578,0.1611776500940323,0.3230000138282776,0.1680999994277954
YER179W,YOR196C,0,-4.083235,0.16109725832939148,0.3230000138282776,0.16820000112056732
YBR083W,YKR052C,0,-4.083602,0.16101695597171783,0.3230000138282776,0.16830000281333923
YJL221C,YDR261C,0,-4.0836334,0.16093672811985016,0.3230000138282776,0.16840000450611115
YLR337C,YOR120W,1,-4.084111,0.16135458648204803,0.3240000009536743,0.16840000450611115
YIL145C,YDR248C,0,-4.0842586,0.1612742692232132,0.3240000009536743,0.16850000619888306
YJR041C,YGR106C,0,-4.084357,0.16119402647018433,0.3240000009536743,0.16859999299049377
YGL141W,YEL015W,0,-4.084783,0.16111387312412262,0.3240000009536743,0.16869999468326569
YCR027C,YDR046C,0,-4.0847945,0.16103379428386688,0.3240000009536743,0.1687999963760376
YPL152W,YJL184W,1,-4.085526,0.1614505648612976,0.32499998807907104,0.1687999963760376
YHR206W,YBR016W,1,-4.0856442,0.1618669331073761,0.32600000500679016,0.1687999963760376
YMR055C,YJR125C,0,-4.08611,0.16178660094738007,0.32600000500679016,0.1688999980688095
YML100W,YFL062W,0,-4.086261,0.16170634329319,0.32600000500679016,0.16899999976158142
YIL111W,YOR119C,0,-4.086397,0.1616261750459671,0.32600000500679016,0.16910000145435333
YOL147C,YPR133C,0,-4.0864773,0.16154608130455017,0.32600000500679016,0.16920000314712524
YGR161C,YAR015W,0,-4.0867743,0.1614660769701004,0.32600000500679016,0.16930000483989716
YHR001W-A,YJR075W,0,-4.086988,0.1613861322402954,0.32600000500679016,0.16940000653266907
YIL114C,YML029W,0,-4.0876245,0.16130627691745758,0.32600000500679016,0.16949999332427979
YOR391C,YMR071C,0,-4.0876575,0.16122651100158691,0.32600000500679016,0.1695999950170517
YLR248W,YKL062W,1,-4.0882263,0.16164112091064453,0.3269999921321869,0.1695999950170517
YIL017C,YOR262W,0,-4.0887384,0.1615612655878067,0.3269999921321869,0.1696999967098236
YCL044C,YML101C,0,-4.089036,0.16148148477077484,0.3269999921321869,0.16979999840259552
YDR363W,YIL069C,0,-4.0898376,0.16140177845954895,0.3269999921321869,0.16990000009536743
YDR388W,YHL007C,1,-4.091234,0.16181549429893494,0.328000009059906,0.16990000009536743
YLL042C,YLL039C,0,-4.091246,0.16173569858074188,0.328000009059906,0.17000000178813934
YLR067C,YOR175C,0,-4.0914073,0.161655992269516,0.328000009059906,0.17010000348091125
YLR249W,YPL046C,0,-4.091464,0.16157636046409607,0.328000009059906,0.17020000517368317
YPL058C,YDR432W,0,-4.0919623,0.16149680316448212,0.328000009059906,0.17030000686645508
YGR088W,YNR038W,0,-4.0920815,0.16141732037067413,0.328000009059906,0.1703999936580658
YHL040C,YML027W,0,-4.092396,0.1613379269838333,0.328000009059906,0.1704999953508377
YDR142C,YCL035C,0,-4.092478,0.16125860810279846,0.328000009059906,0.17059999704360962
YGL095C,YNL065W,0,-4.0929017,0.16117936372756958,0.328000009059906,0.17069999873638153
YHL033C,YLR131C,0,-4.093071,0.16110019385814667,0.328000009059906,0.17080000042915344
YML022W,YPR029C,0,-4.093215,0.16102111339569092,0.328000009059906,0.17090000212192535
YPL152W,YBR086C,1,-4.093293,0.16143277287483215,0.32899999618530273,0.17090000212192535
YHR205W,YDR162C,1,-4.09376,0.16184404492378235,0.33000001311302185,0.17090000212192535
YOR190W,YLR048W,0,-4.094047,0.1617647111415863,0.33000001311302185,0.17100000381469727
YKL112W,YDL067C,0,-4.0942206,0.16168545186519623,0.33000001311302185,0.17110000550746918
YOR001W,YEL050C,0,-4.094863,0.16160626709461212,0.33000001311302185,0.1712000072002411
YOR329C,YBR107C,0,-4.0953217,0.16152717173099518,0.33000001311302185,0.1712999939918518
YCR021C,YGL077C,0,-4.0954595,0.161448135972023,0.33000001311302185,0.17139999568462372
YPR105C,YCL010C,0,-4.0954695,0.161369189620018,0.33000001311302185,0.17149999737739563
YMR110C,YJL062W,0,-4.095875,0.16129031777381897,0.33000001311302185,0.17159999907016754
YBR132C,YKR072C,1,-4.095962,0.1617000550031662,0.3310000002384186,0.17159999907016754
YER058W,YHR019C,0,-4.096099,0.16162109375,0.3310000002384186,0.17170000076293945
YDL235C,YLR332W,1,-4.096216,0.16203026473522186,0.3319999873638153,0.17170000076293945
YPL137C,YBR149W,0,-4.0968823,0.1619512140750885,0.3319999873638153,0.17180000245571136
YER060W,YPR063C,0,-4.0969944,0.1618722528219223,0.3319999873638153,0.17190000414848328
YER019W,YPL239W,1,-4.097061,0.16228070855140686,0.3330000042915344,0.17190000414848328
YHR113W,YOR229W,0,-4.0977254,0.1622016578912735,0.3330000042915344,0.1720000058412552
YOR290C,YNL331C,0,-4.0983996,0.1621226817369461,0.3330000042915344,0.1720999926328659
YNR020C,YGL043W,0,-4.0984874,0.16204379498958588,0.3330000042915344,0.17219999432563782
YOR171C,YFL062W,0,-4.0985126,0.16196498274803162,0.3330000042915344,0.17229999601840973
YHR205W,YPR075C,1,-4.0985456,0.1623723804950714,0.33399999141693115,0.17229999601840973
YML063W,YDR427W,0,-4.0987363,0.16229349374771118,0.33399999141693115,0.17239999771118164
YDR129C,YIL153W,1,-4.0988126,0.1627003401517868,0.33500000834465027,0.17239999771118164
YNL316C,YIL101C,0,-4.0996537,0.1626213639974594,0.33500000834465027,0.17249999940395355
YBR132C,YNL020C,1,-4.099982,0.16302765905857086,0.335999995470047,0.17249999940395355
YOR027W,YGL089C,0,-4.100076,0.1629485934972763,0.335999995470047,0.17260000109672546
YMR121C,YER007W,0,-4.1000795,0.16286960244178772,0.335999995470047,0.17270000278949738
YBR201W,YPL128C,0,-4.100326,0.1627907007932663,0.335999995470047,0.1728000044822693
YOR047C,YPL239W,1,-4.1005177,0.1631961315870285,0.3370000123977661,0.1728000044822693
YHR092C,YML088W,0,-4.100614,0.16311714053153992,0.3370000123977661,0.1729000061750412
YGL009C,YPL045W,0,-4.1007566,0.1630382239818573,0.3370000123977661,0.17299999296665192
YLR371W,YPR023C,0,-4.1010666,0.16295938193798065,0.3370000123977661,0.17309999465942383
YKL120W,YNL197C,0,-4.101285,0.16288061439990997,0.3370000123977661,0.17319999635219574
YOR043W,YBR086C,1,-4.1014547,0.1632850170135498,0.33799999952316284,0.17319999635219574
YIL153W,YLR332W,1,-4.1015735,0.1636890321969986,0.33899998664855957,0.17319999635219574
YKL185W,YOR001W,0,-4.1016936,0.16361004114151,0.33899998664855957,0.17329999804496765
YBR193C,YMR153W,0,-4.1025286,0.1635311096906662,0.33899998664855957,0.17339999973773956
YLR118C,YBR121C,0,-4.102944,0.16345226764678955,0.33899998664855957,0.17350000143051147
YPL028W,YPR094W,0,-4.1029916,0.16337350010871887,0.33899998664855957,0.1736000031232834
YMR142C,YMR035W,0,-4.103036,0.16329479217529297,0.33899998664855957,0.1737000048160553
YER058W,YML098W,0,-4.1033344,0.16321617364883423,0.33899998664855957,0.1738000065088272
YPL103C,YER015W,0,-4.103338,0.16313762962818146,0.33899998664855957,0.17389999330043793
YEL046C,YAL034W-A,0,-4.103503,0.16305916011333466,0.33899998664855957,0.17399999499320984
YOR396W,YEL047C,0,-4.1037188,0.16298076510429382,0.33899998664855957,0.17409999668598175
YIL118W,YBL064C,0,-4.1039596,0.16290244460105896,0.33899998664855957,0.17419999837875366
YLL016W,YML014W,0,-4.1040454,0.16282421350479126,0.33899998664855957,0.17430000007152557
YJL184W,YOR120W,1,-4.1041408,0.16322611272335052,0.3400000035762787,0.17430000007152557
YHL033C,YIR002C,0,-4.1044664,0.16314779222011566,0.3400000035762787,0.17440000176429749
YLR083C,YBR212W,0,-4.1045103,0.16306954622268677,0.3400000035762787,0.1745000034570694
YBL060W,YDR065W,0,-4.1045194,0.16299137473106384,0.3400000035762787,0.1746000051498413
YDR297W,YIL014W,0,-4.104741,0.1629132777452469,0.3400000035762787,0.17470000684261322
YGR224W,YNL046W,0,-4.105724,0.1628352552652359,0.3400000035762787,0.17479999363422394
YER007W,YBL072C,0,-4.1064463,0.16275730729103088,0.3400000035762787,0.17489999532699585
YHR006W,YBR105C,0,-4.1069264,0.16267941892147064,0.3400000035762787,0.17499999701976776
YGR256W,YJR014W,0,-4.107836,0.16260161995887756,0.3400000035762787,0.17509999871253967
YLR319C,YBR016W,1,-4.1079373,0.1630019098520279,0.3409999907016754,0.17509999871253967
YOL055C,YPR057W,0,-4.108055,0.16292403638362885,0.3409999907016754,0.17520000040531158
YKL211C,YDR224C,0,-4.1080976,0.16284622251987457,0.3409999907016754,0.1753000020980835
YDR200C,YIL124W,0,-4.1083045,0.16276849806308746,0.3409999907016754,0.1754000037908554
YBR149W,YCL016C,0,-4.1083555,0.16269083321094513,0.3409999907016754,0.17550000548362732
YHR206W,YKL048C,1,-4.1088195,0.16309012472629547,0.34200000762939453,0.17550000548362732
YLR368W,YMR264W,0,-4.1089177,0.16301238536834717,0.34200000762939453,0.17560000717639923
YGR241C,YCR077C,0,-4.1096807,0.16293473541736603,0.34200000762939453,0.17569999396800995
YHR006W,YBR290W,0,-4.109833,0.16285714507102966,0.34200000762939453,0.17579999566078186
YGL139W,YDL137W,0,-4.109837,0.16277962923049927,0.34200000762939453,0.17589999735355377
YKR059W,YHR102W,0,-4.11034,0.16270218789577484,0.34200000762939453,0.17599999904632568
YDR027C,YER127W,0,-4.110636,0.16262482106685638,0.34200000762939453,0.1761000007390976
YNL046W,YKL028W,0,-4.1107078,0.1625475287437439,0.34200000762939453,0.1762000024318695
YGR156W,YHR113W,0,-4.1107216,0.16247031092643738,0.34200000762939453,0.17630000412464142
YCL010C,YBR114W,0,-4.11083,0.16239316761493683,0.34200000762939453,0.17640000581741333
YHR206W,YPL239W,1,-4.110982,0.1627907007932663,0.34299999475479126,0.17640000581741333
YJL045W,YPR103W,0,-4.1111107,0.16271346807479858,0.34299999475479126,0.17649999260902405
YOL064C,YER019W,1,-4.1116385,0.16311047971248627,0.3440000116825104,0.17649999260902405
YDR047W,YDL190C,0,-4.111714,0.16303317248821259,0.3440000116825104,0.17659999430179596
YPL003W,YPR094W,0,-4.1122622,0.16295593976974487,0.3440000116825104,0.17669999599456787
YAR042W,YDR363W-A,0,-4.1138034,0.16287878155708313,0.3440000116825104,0.17679999768733978
YDR462W,YFL022C,0,-4.1138363,0.16280169785022736,0.3440000116825104,0.1768999993801117
YPR005C,YHR114W,1,-4.1139216,0.16319772601127625,0.3449999988079071,0.1768999993801117
YLR226W,YDR189W,0,-4.114629,0.1631205677986145,0.3449999988079071,0.1770000010728836
YBR180W,YBR046C,0,-4.11491,0.16304348409175873,0.3449999988079071,0.17710000276565552
YOL117W,YIL082W-A,0,-4.1149163,0.16296645998954773,0.3449999988079071,0.17720000445842743
YFR006W,YNL077W,0,-4.1149845,0.1628895252943039,0.3449999988079071,0.17730000615119934
YOR047C,YER089C,1,-4.1150174,0.163284569978714,0.34599998593330383,0.17730000615119934
YKL145W,YER056C-A,0,-4.1150517,0.163207545876503,0.34599998593330383,0.17739999294281006
YLR248W,YDL235C,1,-4.115253,0.1636020690202713,0.34700000286102295,0.17739999294281006
YJR155W,YLR225C,0,-4.115421,0.16352497041225433,0.34700000286102295,0.17749999463558197
YGL139W,YNL173C,0,-4.115511,0.16344794631004333,0.34700000286102295,0.17759999632835388
YOR208W,YLR319C,1,-4.1157293,0.16384181380271912,0.3479999899864197,0.17759999632835388
YDR388W,YBR086C,1,-4.1162934,0.16423529386520386,0.3490000069141388,0.17759999632835388
YLR448W,YMR035W,0,-4.117904,0.16415804624557495,0.3490000069141388,0.1776999980211258
YOR178C,YGL025C,0,-4.118136,0.16408085823059082,0.3490000069141388,0.1777999997138977
YHR183W,YHR005C,0,-4.1181364,0.16400375962257385,0.3490000069141388,0.17790000140666962
YDR297W,YOR149C,0,-4.1184173,0.16392672061920166,0.3490000069141388,0.17800000309944153
YMR068W,YIL043C,0,-4.118539,0.16384977102279663,0.3490000069141388,0.17810000479221344
YCR073C,YKL062W,1,-4.118573,0.16424213349819183,0.3499999940395355,0.17810000479221344
YIL008W,YLR110C,0,-4.118969,0.16416510939598083,0.3499999940395355,0.17820000648498535
YDR145W,YDL164C,0,-4.1191096,0.1640881448984146,0.3499999940395355,0.17829999327659607
YDR040C,YJL184W,1,-4.1191254,0.16447985172271729,0.35100001096725464,0.17829999327659607
YMR004W,YGR161C,0,-4.1191287,0.1644028127193451,0.35100001096725464,0.17839999496936798
YPR155C,YJR155W,0,-4.119382,0.16432584822177887,0.35100001096725464,0.1784999966621399
YIL052C,YFR008W,0,-4.1195436,0.16424894332885742,0.35100001096725464,0.1785999983549118
YOR181W,YPR075C,1,-4.119968,0.16463984549045563,0.35199999809265137,0.1785999983549118
YHR009C,YGL184C,0,-4.120296,0.1645628809928894,0.35199999809265137,0.17870000004768372
YLR052W,YKL138C,0,-4.120943,0.16448597609996796,0.35199999809265137,0.17880000174045563
YKL125W,YDR427W,0,-4.121609,0.16440916061401367,0.35199999809265137,0.17890000343322754
YOR120W,YML131W,1,-4.1217175,0.1647992581129074,0.3529999852180481,0.17890000343322754
YPR029C,YBL039C,0,-4.1218,0.16472235321998596,0.3529999852180481,0.17900000512599945
YPL085W,YPR049C,0,-4.1220794,0.16464552283287048,0.3529999852180481,0.17910000681877136
YCL038C,YMR116C,0,-4.122392,0.16456876695156097,0.3529999852180481,0.17919999361038208
YDR188W,YNR032C-A,0,-4.122826,0.16449208557605743,0.3529999852180481,0.179299995303154
YPL249C-A,YCL050C,0,-4.1228757,0.16441546380519867,0.3529999852180481,0.1793999969959259
YOR288C,YDR316W,0,-4.1230364,0.16433891654014587,0.3529999852180481,0.17949999868869781
YBR298C,YIL074C,0,-4.1231236,0.16426244378089905,0.3529999852180481,0.17960000038146973
YCL044C,YBR035C,0,-4.1232567,0.1641860455274582,0.3529999852180481,0.17970000207424164
YDR388W,YML131W,1,-4.123623,0.16457462310791016,0.3540000021457672,0.17970000207424164
YOL130W,YGL076C,0,-4.124623,0.16449813544750214,0.3540000021457672,0.17980000376701355
YGL189C,YIL068C,0,-4.124751,0.16442173719406128,0.3540000021457672,0.17990000545978546
YDL200C,YNL191W,0,-4.1248746,0.1643453985452652,0.3540000021457672,0.18000000715255737
YLR373C,YGL219C,0,-4.1249623,0.16426913440227509,0.3540000021457672,0.1800999939441681
YDR202C,YJR153W,0,-4.125233,0.16419294476509094,0.3540000021457672,0.18019999563694
YNR032C-A,YJR139C,0,-4.125366,0.16411682963371277,0.3540000021457672,0.18029999732971191
YKR058W,YOR002W,0,-4.1256185,0.16404077410697937,0.3540000021457672,0.18039999902248383
YIL074C,YPL028W,0,-4.125838,0.16396479308605194,0.3540000021457672,0.18050000071525574
YKL088W,YBR016W,1,-4.125843,0.16435185074806213,0.35499998927116394,0.18050000071525574
YNL213C,YML125C,0,-4.126611,0.16427579522132874,0.35499998927116394,0.18060000240802765
YDR421W,YKR062W,0,-4.1276207,0.1641998142004013,0.35499998927116394,0.18070000410079956
YDR051C,YKL084W,0,-4.1282916,0.16412390768527985,0.35499998927116394,0.18080000579357147
YNR073C,YCL017C,0,-4.128659,0.16404806077480316,0.35499998927116394,0.1808999925851822
YBL088C,YER086W,0,-4.128745,0.16397228837013245,0.35499998927116394,0.1809999942779541
YIL138C,YBL047C,0,-4.128759,0.1638965904712677,0.35499998927116394,0.181099995970726
YBR179C,YPR086W,0,-4.1287837,0.16382095217704773,0.35499998927116394,0.18119999766349792
YNL059C,YHR009C,0,-4.128871,0.16374538838863373,0.35499998927116394,0.18129999935626984
YDR180W,YHL044W,0,-4.1288967,0.1636698991060257,0.35499998927116394,0.18140000104904175
YCR005C,YBR122C,0,-4.1289177,0.16359446942806244,0.35499998927116394,0.18150000274181366
YHR114W,YPL239W,1,-4.1289215,0.16397973895072937,0.35600000619888306,0.18150000274181366
YHR101C,YDR060W,0,-4.1293936,0.16390423476696014,0.35600000619888306,0.18160000443458557
YER033C,YNL046W,0,-4.1295543,0.1638288050889969,0.35600000619888306,0.18170000612735748
YDL114W,YGR172C,0,-4.1296134,0.1637534499168396,0.35600000619888306,0.1817999929189682
YLR054C,YJR091C,0,-4.130736,0.1636781543493271,0.35600000619888306,0.1818999946117401
YGL131C,YLR432W,0,-4.1312604,0.16360294818878174,0.35600000619888306,0.18199999630451202
YKR048C,YJL069C,0,-4.1313305,0.16352778673171997,0.35600000619888306,0.18209999799728394
YDR422C,YJL102W,0,-4.1314864,0.16345271468162537,0.35600000619888306,0.18219999969005585
YML087C,YNR040W,0,-4.1315403,0.16337770223617554,0.35600000619888306,0.18230000138282776
YCR005C,YJR096W,0,-4.1316457,0.16330274939537048,0.35600000619888306,0.18240000307559967
YDR162C,YLR138W,1,-4.1318946,0.1636863797903061,0.3569999933242798,0.18240000307559967
YMR041C,YGL231C,0,-4.131913,0.16361136734485626,0.3569999933242798,0.18250000476837158
YGR234W,YCR043C,0,-4.1319933,0.1635364145040512,0.3569999933242798,0.1826000064611435
YKL129C,YBR016W,1,-4.132162,0.16391941905021667,0.3580000102519989,0.1826000064611435
YDR041W,YPR042C,0,-4.1325636,0.16384439170360565,0.3580000102519989,0.1826999932527542
YBR012W-A,YMR035W,0,-4.132881,0.1637694388628006,0.3580000102519989,0.18279999494552612
YOR080W,YNL005C,0,-4.1330023,0.1636945605278015,0.3580000102519989,0.18289999663829803
YPL230W,YKL129C,1,-4.1330714,0.1640767753124237,0.35899999737739563,0.18289999663829803
YAR010C,YBR023C,0,-4.1330786,0.16400182247161865,0.35899999737739563,0.18299999833106995
YMR244C-A,YBR119W,0,-4.1332045,0.16392694413661957,0.35899999737739563,0.18310000002384186
YOR037W,YLR001C,0,-4.1340046,0.16385212540626526,0.35899999737739563,0.18320000171661377
YOR090C,YDR314C,0,-4.134206,0.16377736628055573,0.35899999737739563,0.18330000340938568
YGR059W,YER078C,0,-4.1343856,0.16370269656181335,0.35899999737739563,0.1834000051021576
YHR042W,YOL148C,0,-4.1345057,0.16362807154655457,0.35899999737739563,0.1835000067949295
YMR244C-A,YOR303W,0,-4.135173,0.16355353593826294,0.35899999737739563,0.18359999358654022
YBR168W,YIL111W,0,-4.1352015,0.1634790599346161,0.35899999737739563,0.18369999527931213
YLR324W,YLR109W,0,-4.1352234,0.163404643535614,0.35899999737739563,0.18379999697208405
YNL189W,YHL024W,0,-4.135451,0.1633303016424179,0.35899999737739563,0.18389999866485596
YOR120W,YCR009C,1,-4.135478,0.16371077299118042,0.36000001430511475,0.18389999866485596
YOR133W,YDR052C,0,-4.1356893,0.16363635659217834,0.36000001430511475,0.18400000035762787
YBR280C,YIL013C,0,-4.1361146,0.16356201469898224,0.36000001430511475,0.18410000205039978
YDR388W,YKL143W,1,-4.1364713,0.1639418751001358,0.3610000014305115,0.18410000205039978
YPL059W,YKL048C,1,-4.1364965,0.16432137787342072,0.3619999885559082,0.18410000205039978
YHR160C,YAL061W,0,-4.136662,0.1642468273639679,0.3619999885559082,0.1842000037431717
YHL035C,YPR180W,0,-4.137203,0.16417233645915985,0.3619999885559082,0.1843000054359436
YDR129C,YKR072C,1,-4.137225,0.16455122828483582,0.3630000054836273,0.1843000054359436
YIL023C,YOL017W,0,-4.137363,0.1644766628742218,0.3630000054836273,0.18440000712871552
YDL006W,YML076C,0,-4.1374145,0.16440217196941376,0.3630000054836273,0.18449999392032623
YJR035W,YLL054C,0,-4.1378493,0.16432775557041168,0.3630000054836273,0.18459999561309814
YJR125C,YOR358W,0,-4.1380854,0.16425339877605438,0.3630000054836273,0.18469999730587006
YHL021C,YOL146W,0,-4.138213,0.16417910158634186,0.3630000054836273,0.18479999899864197
YOL116W,YKL088W,1,-4.1385274,0.16455696523189545,0.36399999260902405,0.18479999899864197
YDR418W,YBR290W,0,-4.138633,0.16448260843753815,0.36399999260902405,0.18490000069141388
YML121W,YLR166C,0,-4.1387033,0.16440831124782562,0.36399999260902405,0.1850000023841858
YLR398C,YPL203W,0,-4.140551,0.16433408856391907,0.36399999260902405,0.1851000040769577
YDL194W,YPR169W,0,-4.140796,0.1642599254846573,0.36399999260902405,0.18520000576972961
YLR067C,YML055W,0,-4.1409187,0.16418583691120148,0.36399999260902405,0.18529999256134033
YIR003W,YNR069C,0,-4.141135,0.16411180794239044,0.36399999260902405,0.18539999425411224
YDL235C,YOR028C,1,-4.141307,0.1644885092973709,0.36500000953674316,0.18539999425411224
YBR021W,YPL123C,0,-4.1417956,0.1644144207239151,0.36500000953674316,0.18549999594688416
YHR005C,YHR202W,0,-4.1418114,0.16434039175510406,0.36500000953674316,0.18559999763965607
YKL058W,YKL024C,0,-4.1418715,0.1642664223909378,0.36500000953674316,0.18569999933242798
YOL055C,YAR010C,0,-4.141955,0.16419252753257751,0.36500000953674316,0.1858000010251999
YDL130W-A,YPR192W,0,-4.142018,0.1641187071800232,0.36500000953674316,0.1859000027179718
YER003C,YNL248C,0,-4.142263,0.16404494643211365,0.36500000953674316,0.1860000044107437
YNL286W,YER174C,0,-4.143075,0.16397124528884888,0.36500000953674316,0.18610000610351562
YOR128C,YIL009C-A,0,-4.1432576,0.16389761865139008,0.36500000953674316,0.18619999289512634
YFR014C,YFL050C,0,-4.144122,0.16382405161857605,0.36500000953674316,0.18629999458789825
YBR112C,YOR197W,0,-4.145508,0.163750559091568,0.36500000953674316,0.18639999628067017
YOR120W,YOR028C,1,-4.1455503,0.16412556171417236,0.3659999966621399,0.18639999628067017
YOR316C,YOR227W,0,-4.146353,0.16405199468135834,0.3659999966621399,0.18649999797344208
YML009C,YBL084C,0,-4.1463895,0.1639784872531891,0.3659999966621399,0.186599999666214
YIL101C,YKR049C,0,-4.1466293,0.1639050543308258,0.3659999966621399,0.1867000013589859
YLR064W,YKL079W,0,-4.147109,0.1638316959142685,0.3659999966621399,0.1868000030517578
YDR487C,YNL217W,0,-4.147284,0.16375838220119476,0.3659999966621399,0.18690000474452972
YOL064C,YJL184W,1,-4.147623,0.16413238644599915,0.367000013589859,0.18690000474452972
YHR205W,YML131W,1,-4.147707,0.16450603306293488,0.36800000071525574,0.18690000474452972
YOR380W,YGR284C,0,-4.148095,0.16443252563476562,0.36800000071525574,0.18700000643730164
YLR355C,YJR058C,0,-4.1481757,0.16435909271240234,0.36800000071525574,0.18709999322891235
YLR355C,YDR267C,0,-4.148176,0.16428571939468384,0.36800000071525574,0.18719999492168427
YGR055W,YOR010C,0,-4.1482644,0.1642124056816101,0.36800000071525574,0.18729999661445618
YBR166C,YIL027C,0,-4.1483026,0.16413916647434235,0.36800000071525574,0.1873999983072281
YOR010C,YGL098W,0,-4.1484036,0.16406598687171936,0.36800000071525574,0.1875
YJL099W,YER021W,0,-4.148452,0.16399286687374115,0.36800000071525574,0.1876000016927719
YKL079W,YGR283C,0,-4.1487975,0.1639198213815689,0.36800000071525574,0.18770000338554382
YEL042W,YNL111C,0,-4.149159,0.16384683549404144,0.36800000071525574,0.18780000507831573
YGL111W,YLR044C,0,-4.1495495,0.16377392411231995,0.36800000071525574,0.18790000677108765
YOR066W,YOL152W,0,-4.15006,0.16370107233524323,0.36800000071525574,0.18799999356269836
YER042W,YER099C,0,-4.1501365,0.16362828016281128,0.36800000071525574,0.18809999525547028
YCR024C,YOL138C,0,-4.150139,0.1635555624961853,0.36800000071525574,0.1881999969482422
YDR347W,YPR041W,0,-4.1501517,0.1634828895330429,0.36800000071525574,0.1882999986410141
YGL167C,YPR188C,0,-4.1502438,0.16341030597686768,0.36800000071525574,0.188400000333786
YHR096C,YOR119C,0,-4.150486,0.16333776712417603,0.36800000071525574,0.18850000202655792
YCR044C,YNL015W,0,-4.151214,0.16326530277729034,0.36800000071525574,0.18860000371932983
YPR073C,YNL180C,0,-4.1513124,0.16319289803504944,0.36800000071525574,0.18870000541210175
YNL263C,YML125C,0,-4.151563,0.1631205677986145,0.36800000071525574,0.18880000710487366
YOR043W,YPL242C,1,-4.1515856,0.163491353392601,0.36899998784065247,0.18880000710487366
YMR184W,YAL035W,0,-4.151713,0.1634189486503601,0.36899998784065247,0.18889999389648438
YDR422C,YPL048W,0,-4.151787,0.16334661841392517,0.36899998784065247,0.1889999955892563
YGL011C,YLR007W,0,-4.152276,0.16327433288097382,0.36899998784065247,0.1890999972820282
YER119C,YNL186W,0,-4.152284,0.16320212185382843,0.36899998784065247,0.1891999989748001
YPL063W,YNL186W,0,-4.1523266,0.16312997043132782,0.36899998784065247,0.18930000066757202
YJL116C,YBR121C,0,-4.152439,0.16305789351463318,0.36899998784065247,0.18940000236034393
YPL075W,YNL001W,0,-4.1526613,0.16298586130142212,0.36899998784065247,0.18950000405311584
YML091C,YOR073W,0,-4.1528583,0.16291390359401703,0.36899998784065247,0.18960000574588776
YAL068C,YJR102C,0,-4.1530666,0.1628420054912567,0.36899998784065247,0.18970000743865967
YDL091C,YNL244C,0,-4.1532216,0.16277018189430237,0.36899998784065247,0.18979999423027039
YLR037C,YFL009W,0,-4.1537533,0.1626984179019928,0.36899998784065247,0.1898999959230423
YDR019C,YNL024C,0,-4.153844,0.162626713514328,0.36899998784065247,0.1899999976158142
YLR372W,YOL156W,0,-4.1538587,0.16255506873130798,0.36899998784065247,0.19009999930858612
YOR195W,YIL124W,0,-4.1539316,0.16248348355293274,0.36899998784065247,0.19020000100135803
YNL012W,YGL008C,0,-4.154612,0.16241197288036346,0.36899998784065247,0.19030000269412994
YLR256W,YKL034W,0,-4.154715,0.16234052181243896,0.36899998784065247,0.19040000438690186
YOR391C,YBR267W,0,-4.155099,0.16226913034915924,0.36899998784065247,0.19050000607967377
YBL039C,YPL015C,0,-4.1553636,0.1621977984905243,0.36899998784065247,0.19059999287128448
YOR100C,YDR314C,0,-4.155526,0.1621265411376953,0.36899998784065247,0.1906999945640564
YLR357W,YGL253W,0,-4.155697,0.1620553433895111,0.36899998784065247,0.1907999962568283
YHL047C,YJR077C,0,-4.1562767,0.16198419034481049,0.36899998784065247,0.19089999794960022
YIL053W,YLR138W,1,-4.156368,0.16235190629959106,0.3700000047683716,0.19089999794960022
YLR448W,YPR145W,0,-4.1565084,0.16228070855140686,0.3700000047683716,0.19099999964237213
YLR248W,YER019W,1,-4.1565194,0.16264796257019043,0.3709999918937683,0.19099999964237213
YGL254W,YPR079W,0,-4.156524,0.16257669031620026,0.3709999918937683,0.19110000133514404
YCL033C,YOL094C,0,-4.1565304,0.16250547766685486,0.3709999918937683,0.19120000302791595
YBR033W,YLR083C,0,-4.1566935,0.16243432462215424,0.3709999918937683,0.19130000472068787
YBR229C,YDL065C,0,-4.157153,0.1623632311820984,0.3709999918937683,0.19140000641345978
YCR044C,YGL099W,0,-4.1573796,0.1622922122478485,0.3709999918937683,0.1914999932050705
YPL241C,YOR086C,0,-4.157735,0.1622212529182434,0.3709999918937683,0.1915999948978424
YFR030W,YBR139W,0,-4.1578474,0.16215035319328308,0.3709999918937683,0.19169999659061432
YBR191W,YGR207C,0,-4.1584415,0.16207951307296753,0.3709999918937683,0.19179999828338623
YER023W,YHR099W,0,-4.158484,0.16200873255729675,0.3709999918937683,0.19189999997615814
YCR024C-A,YOL071W,0,-4.158696,0.16193801164627075,0.3709999918937683,0.19200000166893005
YOR080W,YDL188C,0,-4.1591454,0.16186736524105072,0.3709999918937683,0.19210000336170197
YFL055W,YDR326C,0,-4.159278,0.16179677844047546,0.3709999918937683,0.19220000505447388
YLR441C,YGL245W,0,-4.1593914,0.1617262363433838,0.3709999918937683,0.1923000067472458
YHR067W,YHR138C,0,-4.159427,0.16165576875209808,0.3709999918937683,0.1923999935388565
YOR151C,YDR252W,0,-4.1594687,0.16158536076545715,0.3709999918937683,0.19249999523162842
YOR130C,YDR387C,0,-4.159494,0.161515012383461,0.3709999918937683,0.19259999692440033
YDL043C,YDR236C,0,-4.1595907,0.1614447385072708,0.3709999918937683,0.19269999861717224
YNR007C,YHR045W,0,-4.1596084,0.1613745093345642,0.3709999918937683,0.19280000030994415
YKL034W,YGR099W,0,-4.159828,0.16130435466766357,0.3709999918937683,0.19290000200271606
YKL134C,YLL067C,0,-4.1599984,0.16123424470424652,0.3709999918937683,0.19300000369548798
YGL161C,YDL145C,0,-4.16014,0.16116420924663544,0.3709999918937683,0.1931000053882599
YPR188C,YOL121C,0,-4.160249,0.16109421849250793,0.3709999918937683,0.1932000070810318
YDL236W,YBL087C,0,-4.1603456,0.1610243022441864,0.3709999918937683,0.19329999387264252
YGL087C,YNL325C,0,-4.160408,0.16095444560050964,0.3709999918937683,0.19339999556541443
YKL071W,YLR099C,0,-4.1605754,0.16088464856147766,0.3709999918937683,0.19349999725818634
YJR125C,YJR139C,0,-4.1606083,0.16081491112709045,0.3709999918937683,0.19359999895095825
YLR332W,YBL061C,1,-4.160964,0.16117851436138153,0.3720000088214874,0.19359999895095825
YPL137C,YMR001C,0,-4.16135,0.16110870242118835,0.3720000088214874,0.19370000064373016
YLR058C,YBL020W,0,-4.1614213,0.16103896498680115,0.3720000088214874,0.19380000233650208
YML120C,YML096W,0,-4.1624064,0.16096927225589752,0.3720000088214874,0.193900004029274
YHR117W,YJL221C,0,-4.1631613,0.16089965403079987,0.3720000088214874,0.1940000057220459
YMR009W,YDL012C,0,-4.1631746,0.16083009541034698,0.3720000088214874,0.1941000074148178
YOR081C,YNL045W,0,-4.1633573,0.16076058149337769,0.3720000088214874,0.19419999420642853
YJL094C,YKR105C,0,-4.163401,0.16069114208221436,0.3720000088214874,0.19429999589920044
YDL143W,YER072W,0,-4.1634364,0.1606217622756958,0.3720000088214874,0.19439999759197235
YCR102C,YDR298C,0,-4.1644034,0.16055244207382202,0.3720000088214874,0.19449999928474426
YGR165W,YDR273W,0,-4.1652203,0.16048318147659302,0.3720000088214874,0.19460000097751617
YOL042W,YLR051C,0,-4.1653957,0.1604139655828476,0.3720000088214874,0.19470000267028809
YPL013C,YDR303C,0,-4.16562,0.16034482419490814,0.3720000088214874,0.19480000436306
YPL095C,YGR184C,0,-4.1656675,0.16027574241161346,0.3720000088214874,0.1949000060558319
YPL152W,YDR168W,1,-4.165674,0.16063737869262695,0.37299999594688416,0.1949000060558319
YBR280C,YGR007W,0,-4.1658673,0.1605682373046875,0.37299999594688416,0.19499999284744263
YJR060W,YHL015W,0,-4.166764,0.16049914062023163,0.37299999594688416,0.19509999454021454
YMR121C,YLR131C,0,-4.1675773,0.16043010354042053,0.37299999594688416,0.19519999623298645
YHR007C,YMR083W,0,-4.167696,0.1603611409664154,0.37299999594688416,0.19529999792575836
YDR334W,YDR065W,0,-4.1680827,0.16029222309589386,0.37299999594688416,0.19539999961853027
YBR034C,YER021W,0,-4.168347,0.1602233648300171,0.37299999594688416,0.19550000131130219
YNL066W,YHR215W,0,-4.1685376,0.1601545661687851,0.37299999594688416,0.1956000030040741
YDL236W,YMR070W,0,-4.168673,0.16008584201335907,0.37299999594688416,0.195700004696846
YHR143W,YLR410W,0,-4.1690164,0.16001716256141663,0.37299999594688416,0.19580000638961792
YOR357C,YPL160W,0,-4.1690617,0.15994854271411896,0.37299999594688416,0.19589999318122864
YDR020C,YOL041C,0,-4.1694593,0.15987998247146606,0.37299999594688416,0.19599999487400055
YPL221W,YGL206C,0,-4.169778,0.15981148183345795,0.37299999594688416,0.19609999656677246
YHR139C,YKR003W,0,-4.170178,0.1597430408000946,0.37299999594688416,0.19619999825954437
YER019W,YCR009C,1,-4.170406,0.1601027399301529,0.37400001287460327,0.19619999825954437
YAL032C,YMR105C,0,-4.171023,0.16003423929214478,0.37400001287460327,0.19629999995231628
YHR146W,YIL114C,0,-4.171566,0.15996578335762024,0.37400001287460327,0.1964000016450882
YHR143W,YDR480W,0,-4.1716766,0.15989738702774048,0.37400001287460327,0.1965000033378601
YLR201C,YJR132W,0,-4.1717896,0.1598290652036667,0.37400001287460327,0.19660000503063202
YNL275W,YJL212C,0,-4.171906,0.15976078808307648,0.37400001287460327,0.19670000672340393
YOR316C,YOR175C,0,-4.17217,0.15969257056713104,0.37400001287460327,0.19679999351501465
YER093C,YIL124W,0,-4.172572,0.15962441265583038,0.37400001287460327,0.19689999520778656
YPR075C,YMR092C,1,-4.1729183,0.15998293459415436,0.375,0.19689999520778656
YDR055W,YDL236W,0,-4.172972,0.15991471707820892,0.375,0.19699999690055847
YOR011W,YDR481C,0,-4.173296,0.15984654426574707,0.375,0.19709999859333038
YDR168W,YOR122C,1,-4.173639,0.16020451486110687,0.37599998712539673,0.19709999859333038
YKL016C,YJR161C,0,-4.1738787,0.16013628244400024,0.37599998712539673,0.1972000002861023
YKL150W,YJR044C,0,-4.174108,0.1600681096315384,0.37599998712539673,0.1973000019788742
YMR262W,YDL030W,0,-4.1749196,0.1599999964237213,0.37599998712539673,0.19740000367164612
YBL064C,YDR200C,0,-4.1754203,0.159931942820549,0.37599998712539673,0.19750000536441803
YLR097C,YPR058W,0,-4.175427,0.15986394882202148,0.37599998712539673,0.19760000705718994
YDR040C,YMR175W,1,-4.175917,0.16022099554538727,0.37700000405311584,0.19760000705718994
YIL103W,YMR264W,0,-4.176128,0.16015292704105377,0.37700000405311584,0.19769999384880066
YPL242C,YFL039C,1,-4.1761646,0.16050955653190613,0.3779999911785126,0.19769999384880066
YKL145W,YOR233W,0,-4.176591,0.16044142842292786,0.3779999911785126,0.19779999554157257
YIL067C,YHR113W,0,-4.177038,0.16037335991859436,0.3779999911785126,0.19789999723434448
YBR236C,YGR148C,0,-4.177258,0.16030533611774445,0.3779999911785126,0.1979999989271164
YPR188C,YHR045W,0,-4.1774397,0.1602373868227005,0.3779999911785126,0.1981000006198883
YLR439W,YOL144W,0,-4.177534,0.16016949713230133,0.3779999911785126,0.19820000231266022
YDR437W,YDL025C,0,-4.177645,0.16010165214538574,0.3779999911785126,0.19830000400543213
YBR166C,YDR038C,0,-4.177718,0.16003386676311493,0.3779999911785126,0.19840000569820404
YLR121C,YDR315C,0,-4.17801,0.1599661409854889,0.3779999911785126,0.19850000739097595
YEL046C,YBR098W,0,-4.178098,0.15989847481250763,0.3779999911785126,0.19859999418258667
YLR189C,YLR266C,0,-4.178331,0.15983086824417114,0.3779999911785126,0.19869999587535858
YPL152W,YOR208W,1,-4.178357,0.16018596291542053,0.3790000081062317,0.19869999587535858
YGR063C,YPL280W,0,-4.178726,0.16011829674243927,0.3790000081062317,0.1987999975681305
YIL067C,YMR105C,0,-4.179166,0.1600506752729416,0.3790000081062317,0.1988999992609024
YFR014C,YOL020W,0,-4.1795406,0.15998311340808868,0.3790000081062317,0.19900000095367432
YPR010C,YPL248C,0,-4.1796236,0.15991561114788055,0.3790000081062317,0.19910000264644623
YBR132C,YHL007C,1,-4.180397,0.16026993095874786,0.3799999952316284,0.19910000264644623
YOR131C,YKL008C,0,-4.180602,0.16020235419273376,0.3799999952316284,0.19920000433921814
YBL099W,YGL032C,0,-4.1808877,0.16013485193252563,0.3799999952316284,0.19930000603199005
YDR287W,YIL036W,0,-4.18096,0.1600673943758011,0.3799999952316284,0.19939999282360077
YLR150W,YDR038C,0,-4.181082,0.1599999964237213,0.3799999952316284,0.19949999451637268
YMR121C,YJL026W,0,-4.181399,0.15993265807628632,0.3799999952316284,0.1995999962091446
YNR030W,YJL189W,0,-4.1814537,0.1598653793334961,0.3799999952316284,0.1996999979019165
YPR004C,YLR361C,0,-4.1815333,0.15979814529418945,0.3799999952316284,0.19979999959468842
YER088C,YPL236C,0,-4.181562,0.15973098576068878,0.3799999952316284,0.19990000128746033
YLR052W,YJR009C,0,-4.1816387,0.1596638709306717,0.3799999952316284,0.20000000298023224
YAR010C,YPL225W,0,-4.181971,0.15959680080413818,0.3799999952316284,0.20010000467300415
YOL116W,YDR168W,1,-4.182287,0.15994961559772491,0.38100001215934753,0.20010000467300415
YPR155C,YLR216C,0,-4.1822968,0.15988250076770782,0.38100001215934753,0.20020000636577606
YDL147W,YHR001W,0,-4.1823344,0.15981543064117432,0.38100001215934753,0.20029999315738678
YDR347W,YAR066W,0,-4.1828547,0.15974843502044678,0.38100001215934753,0.2003999948501587
YIL018W,YPL181W,0,-4.1830406,0.15968146920204163,0.38100001215934753,0.2004999965429306
YHL032C,YLR356W,0,-4.183094,0.15961457788944244,0.38100001215934753,0.20059999823570251
YJL078C,YGL255W,0,-4.1832175,0.15954773128032684,0.38100001215934753,0.20069999992847443
YIL153W,YLR362W,1,-4.1832724,0.1598995327949524,0.38199999928474426,0.20069999992847443
YPR007C,YOR109W,0,-4.183448,0.1598326414823532,0.38199999928474426,0.20080000162124634
YMR106C,YHR016C,0,-4.1842165,0.1597657948732376,0.38199999928474426,0.20090000331401825
YPL239W,YBL061C,1,-4.1842456,0.16011705994606018,0.382999986410141,0.20090000331401825
YDR077W,YAR050W,0,-4.1847672,0.1600501388311386,0.382999986410141,0.20100000500679016
YKL004W,YOL121C,0,-4.1847763,0.159983292222023,0.382999986410141,0.20110000669956207
YKL018W,YLR324W,0,-4.1850305,0.159916490316391,0.382999986410141,0.2011999934911728
YIL018W,YPR103W,0,-4.1850715,0.15984974801540375,0.382999986410141,0.2012999951839447
YBR014C,YMR092C,1,-4.185104,0.16020025312900543,0.3840000033378601,0.2012999951839447
YIL172C,YGL198W,0,-4.1851397,0.1601334512233734,0.3840000033378601,0.2013999968767166
YNL064C,YOR136W,0,-4.185427,0.16006669402122498,0.3840000033378601,0.20149999856948853
YKL137W,YDR480W,0,-4.1854997,0.1599999964237213,0.3840000033378601,0.20160000026226044
YJR041C,YPL019C,0,-4.185556,0.15993335843086243,0.3840000033378601,0.20170000195503235
YDR350C,YDR500C,0,-4.1856465,0.15986678004264832,0.3840000033378601,0.20180000364780426
YPR036W,YOL122C,0,-4.1857953,0.15980024635791779,0.3840000033378601,0.20190000534057617
YDR208W,YDR188W,0,-4.186017,0.15973377227783203,0.3840000033378601,0.20200000703334808
YPL003W,YMR201C,0,-4.186247,0.15966735780239105,0.3840000033378601,0.2020999938249588
YER088C,YOL058W,0,-4.1863103,0.15960100293159485,0.3840000033378601,0.2021999955177307
YDR487C,YNL116W,0,-4.1872444,0.15953469276428223,0.3840000033378601,0.20229999721050262
YPL059W,YMR037C,1,-4.187837,0.15988372266292572,0.38499999046325684,0.20229999721050262
YHL007C,YOR028C,1,-4.1880994,0.16023245453834534,0.38600000739097595,0.20229999721050262
YDL017W,YPL266W,0,-4.1881166,0.16016598045825958,0.38600000739097595,0.20239999890327454
YOR208W,YJL184W,1,-4.188276,0.16051431000232697,0.3869999945163727,0.20239999890327454
YOL058W,YOR077W,0,-4.188337,0.16044776141643524,0.3869999945163727,0.20250000059604645
YDR284C,YIL043C,0,-4.188362,0.1603812724351883,0.3869999945163727,0.20260000228881836
YOR356W,YPR180W,0,-4.188369,0.16031482815742493,0.3869999945163727,0.20270000398159027
YGL128C,YJL210W,0,-4.188419,0.16024844348430634,0.3869999945163727,0.20280000567436218
YBL051C,YDR078C,0,-4.1886654,0.16018211841583252,0.3869999945163727,0.2029000073671341
YOR057W,YIL062C,0,-4.18869,0.16011585295200348,0.3869999945163727,0.2029999941587448
YPL198W,YAL012W,0,-4.188767,0.16004963219165802,0.3869999945163727,0.20309999585151672
YOL020W,YOL146W,0,-4.1890645,0.15998347103595734,0.3869999945163727,0.20319999754428864
YOR059C,YFL052W,0,-4.1890645,0.15991735458374023,0.3869999945163727,0.20329999923706055
YJL104W,YOL002C,0,-4.19008,0.1598512977361679,0.3869999945163727,0.20340000092983246
YMR313C,YBR068C,0,-4.1907444,0.15978530049324036,0.3869999945163727,0.20350000262260437
YOL008W,YOL140W,0,-4.1907516,0.15971936285495758,0.3869999945163727,0.20360000431537628
YBR056W,YMR153W,0,-4.1912107,0.1596534699201584,0.3869999945163727,0.2037000060081482
YCR073C,YBR014C,1,-4.1912293,0.1599999964237213,0.3880000114440918,0.2037000060081482
YOR043W,YMR037C,1,-4.1912556,0.16034625470638275,0.3889999985694885,0.2037000060081482
YPL048W,YOL098C,0,-4.191529,0.16028018295764923,0.3889999985694885,0.2037999927997589
YJL190C,YFR050C,0,-4.1918173,0.16021417081356049,0.3889999985694885,0.20389999449253082
YKR092C,YKR042W,0,-4.1924696,0.16014820337295532,0.3889999985694885,0.20399999618530273
YHL020C,YFL037W,0,-4.1927037,0.16008231043815613,0.3889999985694885,0.20409999787807465
YGR261C,YHL002W,0,-4.1930294,0.16001644730567932,0.3889999985694885,0.20419999957084656
YIL018W,YGR166W,0,-4.193485,0.15995065867900848,0.3889999985694885,0.20430000126361847
YNR073C,YER093C,0,-4.193565,0.15988491475582123,0.3889999985694885,0.20440000295639038
YMR216C,YGL054C,0,-4.1935816,0.15981923043727875,0.3889999985694885,0.2045000046491623
YIL064W,YDL119C,0,-4.1937966,0.15975359082221985,0.3889999985694885,0.2046000063419342
YBL036C,YER178W,0,-4.1940007,0.15968801081180573,0.3889999985694885,0.20469999313354492
YML005W,YHL015W,0,-4.1941075,0.15962249040603638,0.3889999985694885,0.20479999482631683
YJL174W,YJR160C,0,-4.194398,0.1595570147037506,0.3889999985694885,0.20489999651908875
YLR148W,YPL146C,0,-4.1946936,0.15949159860610962,0.3889999985694885,0.20499999821186066
YBR207W,YPR103W,0,-4.195046,0.1594262272119522,0.3889999985694885,0.20509999990463257
YDR320C-A,YNR033W,0,-4.195119,0.15936091542243958,0.3889999985694885,0.20520000159740448
YMR122W-A,YCL031C,0,-4.1951265,0.15929566323757172,0.3889999985694885,0.2053000032901764
YBR149W,YKL079W,0,-4.1955543,0.15923045575618744,0.3889999985694885,0.2054000049829483
YDL210W,YMR083W,0,-4.195737,0.15916530787944794,0.3889999985694885,0.20550000667572021
YLR340W,YPR181C,0,-4.195853,0.15910020470619202,0.3889999985694885,0.20559999346733093
YPL168W,YLL014W,0,-4.1959066,0.15903516113758087,0.3889999985694885,0.20569999516010284
YHR094C,YGL098W,0,-4.19603,0.1589701622724533,0.3889999985694885,0.20579999685287476
YGL119W,YPR188C,0,-4.1963873,0.15890522301197052,0.3889999985694885,0.20589999854564667
YFR031C-A,YOR227W,0,-4.196905,0.1588403433561325,0.3889999985694885,0.20600000023841858
YKL099C,YGR101W,0,-4.196949,0.15877550840377808,0.3889999985694885,0.2061000019311905
YPR107C,YGL126W,0,-4.197714,0.15871073305606842,0.3889999985694885,0.2062000036239624
YER147C,YBL106C,0,-4.1978426,0.15864600241184235,0.3889999985694885,0.20630000531673431
YJR137C,YBR127C,0,-4.198043,0.15858133137226105,0.3889999985694885,0.20640000700950623
YDR388W,YER118C,1,-4.198948,0.15892420709133148,0.38999998569488525,0.20640000700950623
YOR208W,YLR336C,1,-4.1989946,0.15926679968833923,0.39100000262260437,0.20640000700950623
YER184C,YLR327C,0,-4.1992188,0.1592019498348236,0.39100000262260437,0.20649999380111694
YHL025W,YCR091W,0,-4.1993055,0.15913715958595276,0.39100000262260437,0.20659999549388885
YKR072C,YJL184W,1,-4.199318,0.15947924554347992,0.3919999897480011,0.20659999549388885
YAL001C,YDR122W,0,-4.199525,0.1594143956899643,0.3919999897480011,0.20669999718666077
YNL300W,YDR341C,0,-4.199737,0.15934959053993225,0.3919999897480011,0.20679999887943268
YMR244C-A,YDR329C,0,-4.199782,0.15928484499454498,0.3919999897480011,0.2069000005722046
YNL190W,YLR362W,1,-4.199889,0.1596263200044632,0.3930000066757202,0.2069000005722046
YDR520C,YBR005W,0,-4.1999354,0.15956151485443115,0.3930000066757202,0.2070000022649765
YHR043C,YMR009W,0,-4.1999903,0.1594967544078827,0.3930000066757202,0.2071000039577484
YOR124C,YLR192C,0,-4.200089,0.159432053565979,0.3930000066757202,0.20720000565052032
YDL031W,YDR027C,0,-4.2003894,0.1593673974275589,0.3930000066757202,0.20730000734329224
YMR291W,YKL012W,0,-4.2014384,0.15930280089378357,0.3930000066757202,0.20739999413490295
YMR234W,YHL024W,0,-4.201631,0.15923824906349182,0.3930000066757202,0.20749999582767487
YHR172W,YJR161C,0,-4.201787,0.15917375683784485,0.3930000066757202,0.20759999752044678
YOR065W,YBL091C,0,-4.2018576,0.15910930931568146,0.3930000066757202,0.2076999992132187
YMR100W,YGR009C,0,-4.2019224,0.15904492139816284,0.3930000066757202,0.2078000009059906
YDR040C,YDL235C,1,-4.2025385,0.15938511490821838,0.39399999380111694,0.2078000009059906
YCR086W,YIL017C,0,-4.202685,0.159320667386055,0.39399999380111694,0.2079000025987625
YEL046C,YJL097W,0,-4.2029443,0.15925626456737518,0.39399999380111694,0.20800000429153442
YLR248W,YER062C,1,-4.202993,0.15959596633911133,0.39500001072883606,0.20800000429153442
YNR041C,YBR048W,0,-4.2033577,0.15953150391578674,0.39500001072883606,0.20810000598430634
YNL024C,YDL100C,0,-4.20419,0.15946710109710693,0.39500001072883606,0.20819999277591705
YPL169C,YIL027C,0,-4.204415,0.1594027429819107,0.39500001072883606,0.20829999446868896
YGR287C,YER144C,0,-4.2048035,0.15933844447135925,0.39500001072883606,0.20839999616146088
YPL152W,YML131W,1,-4.2048597,0.1596774160861969,0.3959999978542328,0.20839999616146088
YFR009W,YER099C,0,-4.2049274,0.15961305797100067,0.3959999978542328,0.2084999978542328
YOL144W,YDR107C,0,-4.205124,0.15954874455928802,0.3959999978542328,0.2085999995470047
YMR170C,YOR374W,0,-4.2052894,0.15948449075222015,0.3959999978542328,0.2087000012397766
YJL020C,YLL032C,0,-4.2053146,0.15942029654979706,0.3959999978542328,0.20880000293254852
YOL116W,YLR248W,1,-4.2054286,0.1597585529088974,0.3970000147819519,0.20880000293254852
YJL091C,YER127W,0,-4.20569,0.15969428420066833,0.3970000147819519,0.20890000462532043
YLR034C,YDR224C,0,-4.2061605,0.15963007509708405,0.3970000147819519,0.20900000631809235
YLR166C,YLR120C,0,-4.2066383,0.15956591069698334,0.3970000147819519,0.20909999310970306
YBL088C,YJL209W,0,-4.2069407,0.1595018059015274,0.3970000147819519,0.20919999480247498
YBL008W,YIL098C,0,-4.2069454,0.15943774580955505,0.3970000147819519,0.2092999964952469
YNL263C,YJR084W,0,-4.2073164,0.15937374532222748,0.3970000147819519,0.2093999981880188
YML057W,YDR324C,0,-4.2073627,0.15930978953838348,0.3970000147819519,0.2094999998807907
YGL257C,YLR175W,0,-4.20759,0.15924589335918427,0.3970000147819519,0.20960000157356262
YDR141C,YER099C,0,-4.2078476,0.15918204188346863,0.3970000147819519,0.20970000326633453
YDL002C,YOR155C,0,-4.208482,0.15911823511123657,0.3970000147819519,0.20980000495910645
YAL044C,YDR380W,0,-4.2085066,0.1590544879436493,0.3970000147819519,0.20990000665187836
YDR041W,YPR104C,0,-4.208854,0.1589907854795456,0.3970000147819519,0.20999999344348907
YBR036C,YGL123W,0,-4.2089777,0.15892714262008667,0.3970000147819519,0.210099995136261
YFR031C-A,YGR170W,0,-4.209034,0.15886354446411133,0.3970000147819519,0.2101999968290329
YEL061C,YNL113W,0,-4.2090898,0.15880000591278076,0.3970000147819519,0.2102999985218048
YHR035W,YML082W,0,-4.209838,0.15873651206493378,0.3970000147819519,0.21040000021457672
YCR073C,YOR028C,1,-4.210762,0.15907274186611176,0.39800000190734863,0.21040000021457672
YLR449W,YOL005C,0,-4.2109904,0.15900918841362,0.39800000190734863,0.21050000190734863
YNL003C,YOL072W,0,-4.2109923,0.15894567966461182,0.39800000190734863,0.21060000360012054
YMR224C,YMR251W-A,0,-4.211069,0.1588822305202484,0.39800000190734863,0.21070000529289246
YER007W,YCL011C,0,-4.211959,0.15881884098052979,0.39800000190734863,0.21080000698566437
YHR183W,YDL004W,0,-4.2121363,0.15875548124313354,0.39800000190734863,0.21089999377727509
YDL124W,YIR022W,0,-4.212284,0.15869218111038208,0.39800000190734863,0.210999995470047
YNL339C,YDL007W,0,-4.212442,0.1586289405822754,0.39800000190734863,0.2110999971628189
YPL162C,YPL155C,0,-4.2124906,0.1585657298564911,0.39800000190734863,0.21119999885559082
YIL156W,YMR009W,0,-4.2125387,0.15850259363651276,0.39800000190734863,0.21130000054836273
YDR028C,YDR025W,0,-4.2126403,0.1584394872188568,0.39800000190734863,0.21140000224113464
YDL082W,YGL257C,0,-4.212833,0.15837644040584564,0.39800000190734863,0.21150000393390656
YDR175C,YDR261C,0,-4.2129626,0.15831343829631805,0.39800000190734863,0.21160000562667847
YGR207C,YMR285C,0,-4.2136297,0.15825049579143524,0.39800000190734863,0.21170000731945038
YDR294C,YJL221C,0,-4.214149,0.158187597990036,0.39800000190734863,0.2117999941110611
YCR088W,YCR028C,0,-4.214168,0.15812474489212036,0.39800000190734863,0.211899995803833
YBL101C,YML062C,0,-4.2142034,0.1580619513988495,0.39800000190734863,0.21199999749660492
YPR102C,YLR421C,0,-4.2148714,0.1579992026090622,0.39800000190734863,0.21209999918937683
YKR061W,YLR098C,0,-4.2150183,0.15793651342391968,0.39800000190734863,0.21220000088214874
YJR088C,YCL055W,0,-4.2154403,0.15787385404109955,0.39800000190734863,0.21230000257492065
YBR110W,YKL222C,0,-4.2159915,0.1578112542629242,0.39800000190734863,0.21240000426769257
YLR259C,YML126C,0,-4.2161155,0.15774871408939362,0.39800000190734863,0.21250000596046448
YOR047C,YKL062W,1,-4.2162166,0.15808241069316864,0.39899998903274536,0.21250000596046448
YNL257C,YPL149W,0,-4.2162914,0.1580197960138321,0.39899998903274536,0.2125999927520752
YDR448W,YDR078C,0,-4.2164245,0.15795724093914032,0.39899998903274536,0.2126999944448471
YDR256C,YMR154C,0,-4.216463,0.15789473056793213,0.39899998903274536,0.21279999613761902
YHL011C,YML041C,0,-4.2166476,0.1578322798013687,0.39899998903274536,0.21289999783039093
YIL097W,YGR159C,0,-4.216832,0.15776987373828888,0.39899998903274536,0.21299999952316284
YAR007C,YHR141C,0,-4.2174134,0.15770751237869263,0.39899998903274536,0.21310000121593475
YGR083C,YBR264C,0,-4.217486,0.15764519572257996,0.39899998903274536,0.21320000290870667
YML013W,YOL130W,0,-4.2182016,0.15758293867111206,0.39899998903274536,0.21330000460147858
YOR076C,YOR257W,0,-4.218231,0.15752072632312775,0.39899998903274536,0.2134000062942505
YCR091W,YDR395W,0,-4.2184706,0.15745855867862701,0.39899998903274536,0.2134999930858612
YCR028C,YGR087C,0,-4.218489,0.15739645063877106,0.39899998903274536,0.21359999477863312
YER015W,YIL129C,0,-4.2186093,0.15733438730239868,0.39899998903274536,0.21369999647140503
YKL060C,YOR172W,0,-4.2186494,0.1572723686695099,0.39899998903274536,0.21379999816417694
YCR088W,YDR385W,0,-4.2186737,0.15721039474010468,0.39899998903274536,0.21389999985694885
YOL116W,YHR206W,1,-4.2186904,0.15754233300685883,0.4000000059604645,0.21389999985694885
YER091C,YOR034C,0,-4.2188625,0.15748031437397003,0.4000000059604645,0.21400000154972076
YLR006C,YOR208W,1,-4.2188735,0.15781188011169434,0.4009999930858612,0.21400000154972076
YML131W,YBR014C,1,-4.2189245,0.15814319252967834,0.4020000100135803,0.21400000154972076
YER007C-A,YGR206W,0,-4.2189484,0.15808100998401642,0.4020000100135803,0.21410000324249268
YMR026C,YDR134C,0,-4.2190022,0.15801887214183807,0.4020000100135803,0.2142000049352646
YHR084W,YLR064W,0,-4.219083,0.1579567790031433,0.4020000100135803,0.2143000066280365
YDR103W,YLR466W,0,-4.219616,0.15789473056793213,0.4020000100135803,0.21439999341964722
YNL252C,YCR034W,0,-4.219755,0.15783274173736572,0.4020000100135803,0.21449999511241913
YBL037W,YGL150C,0,-4.219855,0.1577707976102829,0.4020000100135803,0.21459999680519104
YDR038C,YJR126C,0,-4.2200084,0.15770889818668365,0.4020000100135803,0.21469999849796295
YPR049C,YCL035C,0,-4.220091,0.1576470583677292,0.4020000100135803,0.21480000019073486
YBR169C,YDR227W,0,-4.220116,0.1575852632522583,0.4020000100135803,0.21490000188350677
YJL143W,YNL265C,0,-4.2201433,0.157523512840271,0.4020000100135803,0.2150000035762787
YIL105C,YGL059W,0,-4.220524,0.15746180713176727,0.4020000100135803,0.2151000052690506
YBR084C-A,YGL229C,0,-4.220621,0.15740016102790833,0.4020000100135803,0.2152000069618225
YOR069W,YIL154C,0,-4.2207327,0.15733854472637177,0.4020000100135803,0.21529999375343323
YDR129C,YDL235C,1,-4.22087,0.15766823291778564,0.40299999713897705,0.21529999375343323
YNL020C,YKL129C,1,-4.221002,0.15799765288829803,0.40400001406669617,0.21529999375343323
YOL116W,YCR009C,1,-4.221068,0.15832681953907013,0.4050000011920929,0.21529999375343323
YGL097W,YMR156C,0,-4.221488,0.15826494991779327,0.4050000011920929,0.21539999544620514
YMR205C,YBR036C,0,-4.2220993,0.158203125,0.4050000011920929,0.21549999713897705
YIR034C,YMR286W,0,-4.222119,0.1581413447856903,0.4050000011920929,0.21559999883174896
YBR045C,YNL151C,0,-4.2225657,0.1580796241760254,0.4050000011920929,0.21570000052452087
YER118C,YOR028C,1,-4.2227693,0.15840812027454376,0.4059999883174896,0.21570000052452087
YNL224C,YHR202W,0,-4.223027,0.15834634006023407,0.4059999883174896,0.21580000221729279
YCL030C,YKL209C,0,-4.2236977,0.15828460454940796,0.4059999883174896,0.2159000039100647
YDR071C,YOL071W,0,-4.2237964,0.15822291374206543,0.4059999883174896,0.2160000056028366
YOL061W,YDR265W,0,-4.2238464,0.15816128253936768,0.4059999883174896,0.21610000729560852
YHR147C,YFR032C-A,0,-4.223859,0.1580996811389923,0.4059999883174896,0.21619999408721924
YEL011W,YGR080W,0,-4.2241244,0.1580381542444229,0.4059999883174896,0.21629999577999115
YPR094W,YDR073W,0,-4.2243323,0.1579766571521759,0.4059999883174896,0.21639999747276306
YHR070W,YDL174C,0,-4.2243505,0.15791520476341248,0.4059999883174896,0.21649999916553497
YPL105C,YIL075C,0,-4.2243786,0.15785381197929382,0.4059999883174896,0.21660000085830688
YMR313C,YOR381W,0,-4.2244916,0.15779246389865875,0.4059999883174896,0.2167000025510788
YFR042W,YBR023C,0,-4.2247705,0.15773116052150726,0.4059999883174896,0.2168000042438507
YJR109C,YML095C,0,-4.224898,0.15766990184783936,0.4059999883174896,0.21690000593662262
YPL226W,YGL121C,0,-4.2249103,0.15760870277881622,0.4059999883174896,0.21699999272823334
YGL139W,YDR483W,0,-4.2249856,0.15754753351211548,0.4059999883174896,0.21709999442100525
YDL193W,YDR079C-A,0,-4.2250514,0.1574864238500595,0.4059999883174896,0.21719999611377716
YGL137W,YBR130C,0,-4.2252746,0.15742535889148712,0.4059999883174896,0.21729999780654907
YNL030W,YLR172C,0,-4.225475,0.15736433863639832,0.4059999883174896,0.21739999949932098
YOL116W,YPR075C,1,-4.2257414,0.15769082307815552,0.40700000524520874,0.21739999949932098
YLR109W,YNL007C,0,-4.226186,0.15762974321842194,0.40700000524520874,0.2175000011920929
YLR225C,YOR100C,0,-4.226278,0.15756872296333313,0.40700000524520874,0.2176000028848648
YLR313C,YDL229W,0,-4.2267203,0.1575077325105667,0.40700000524520874,0.21770000457763672
YBR229C,YLR061W,0,-4.226952,0.15744680166244507,0.40700000524520874,0.21780000627040863
YDR311W,YIL111W,0,-4.226988,0.1573859304189682,0.40700000524520874,0.21789999306201935
YDR075W,YML114C,0,-4.2270503,0.15732508897781372,0.40700000524520874,0.21799999475479126
YPR107C,YKL004W,0,-4.2272625,0.15726429224014282,0.40700000524520874,0.21809999644756317
YBL017C,YER048W-A,0,-4.227313,0.1572035551071167,0.40700000524520874,0.21819999814033508
YHL003C,YPR094W,0,-4.2273307,0.15714286267757416,0.40700000524520874,0.218299999833107
YLR079W,YPL237W,0,-4.227704,0.1570822149515152,0.40700000524520874,0.2184000015258789
YDR176W,YBL078C,0,-4.227862,0.15702161192893982,0.40700000524520874,0.21850000321865082
YER006W,YBL084C,0,-4.2283483,0.15696105360984802,0.40700000524520874,0.21860000491142273
YKL054C,YGR046W,0,-4.2285385,0.1569005399942398,0.40700000524520874,0.21870000660419464
YGL173C,YNL133C,0,-4.228727,0.15684007108211517,0.40700000524520874,0.21879999339580536
YJR067C,YPR061C,0,-4.228799,0.15677966177463531,0.40700000524520874,0.21889999508857727
YKR052C,YGL231C,0,-4.2288995,0.15671929717063904,0.40700000524520874,0.21899999678134918
YOL061W,YFL037W,0,-4.2289743,0.15665896236896515,0.40700000524520874,0.2190999984741211
YIL153W,YHR206W,1,-4.2293134,0.15698345005512238,0.40799999237060547,0.2190999984741211
YOL116W,YDR388W,1,-4.22958,0.1573076993227005,0.4090000092983246,0.2190999984741211
YJL096W,YHR136C,0,-4.2297273,0.15724721550941467,0.4090000092983246,0.219200000166893
YDR168W,YDL010W,1,-4.229886,0.15757109224796295,0.4099999964237213,0.219200000166893
YGR008C,YOR208W,1,-4.22989,0.15789473056793213,0.41100001335144043,0.219200000166893
YBR241C,YLR078C,0,-4.230236,0.15783409774303436,0.41100001335144043,0.21930000185966492
YPL095C,YLR265C,0,-4.23028,0.15777350962162018,0.41100001335144043,0.21940000355243683
YHL004W,YGR068C,0,-4.2304454,0.15771296620368958,0.41100001335144043,0.21950000524520874
YPR105C,YCR075C,0,-4.2304945,0.15765246748924255,0.41100001335144043,0.21960000693798065
YOR316C,YLR207W,0,-4.2307563,0.1575920283794403,0.41100001335144043,0.21969999372959137
YOR069W,YDR178W,0,-4.230785,0.15753161907196045,0.41100001335144043,0.21979999542236328
YIL074C,YPL040C,0,-4.230978,0.15747126936912537,0.41100001335144043,0.2198999971151352
YBL050W,YDR541C,0,-4.230983,0.15741094946861267,0.41100001335144043,0.2199999988079071
YDR257C,YGL229C,0,-4.2310066,0.15735068917274475,0.41100001335144043,0.22010000050067902
YGR014W,YPL230W,1,-4.231289,0.1576731652021408,0.41200000047683716,0.22010000050067902
YLR332W,YML131W,1,-4.2318087,0.15799540281295776,0.4129999876022339,0.22010000050067902
YIR012W,YMR297W,0,-4.2320876,0.1579349935054779,0.4129999876022339,0.22020000219345093
YMR037C,YBR014C,1,-4.2321725,0.1582568734884262,0.414000004529953,0.22020000219345093
YLR337C,YBL061C,1,-4.232259,0.1585785299539566,0.41499999165534973,0.22020000219345093
YLR117C,YGR178C,0,-4.2324185,0.1585179567337036,0.41499999165534973,0.22030000388622284
YOR181W,YDR420W,1,-4.2324553,0.15883925557136536,0.41600000858306885,0.22030000388622284
YLR347C,YER142C,0,-4.232483,0.1587786227464676,0.41600000858306885,0.22040000557899475
YIL147C,YPL239W,1,-4.2329655,0.15909957885742188,0.4169999957084656,0.22040000557899475
YDR156W,YGL205W,0,-4.2330313,0.15903890132904053,0.4169999957084656,0.22050000727176666
YML059C,YDR046C,0,-4.2333536,0.15897826850414276,0.4169999957084656,0.22059999406337738
YCR088W,YDL030W,0,-4.2341967,0.15891768038272858,0.4169999957084656,0.2206999957561493
YOL126C,YKL002W,0,-4.2347565,0.15885713696479797,0.4169999957084656,0.2207999974489212
YPR075C,YHR114W,1,-4.2349887,0.15917745232582092,0.4180000126361847,0.2207999974489212
YPR031W,YAL012W,0,-4.2354403,0.15911686420440674,0.4180000126361847,0.22089999914169312
YDR466W,YJR113C,0,-4.2354655,0.15905632078647614,0.4180000126361847,0.22100000083446503
YFR014C,YER160C,0,-4.235584,0.1589958220720291,0.4180000126361847,0.22110000252723694
YER070W,YDR023W,0,-4.2356124,0.15893536806106567,0.4180000126361847,0.22120000422000885
YJL099W,YER099C,0,-4.2356343,0.15887495875358582,0.4180000126361847,0.22130000591278076
YGR204W,YOL018C,0,-4.2358537,0.15881459414958954,0.4180000126361847,0.22139999270439148
YHR206W,YBR086C,1,-4.236248,0.15913407504558563,0.4189999997615814,0.22139999270439148
YPL063W,YAL001C,0,-4.2362547,0.15907365083694458,0.4189999997615814,0.2214999943971634
YDL235C,YNL091W,1,-4.2363057,0.15939278900623322,0.41999998688697815,0.2214999943971634
YIL063C,YPR022C,0,-4.2363977,0.15933232009410858,0.41999998688697815,0.2215999960899353
YPL236C,YGL025C,0,-4.2365685,0.15927189588546753,0.41999998688697815,0.22169999778270721
YJR056C,YJL139C,0,-4.2366276,0.15921153128147125,0.41999998688697815,0.22179999947547913
YFR042W,YGR094W,0,-4.236995,0.15915119647979736,0.41999998688697815,0.22190000116825104
YCR020W-B,YMR012W,0,-4.237085,0.15909090638160706,0.41999998688697815,0.22200000286102295
YBR056W,YAL026C,0,-4.2372537,0.15903067588806152,0.41999998688697815,0.22210000455379486
YDL095W,YMR314W,0,-4.2375736,0.15897047519683838,0.41999998688697815,0.22220000624656677
YOL088C,YJL136C,0,-4.23768,0.15891033411026,0.41999998688697815,0.2222999930381775
YLR336C,YBR014C,1,-4.237811,0.15922844409942627,0.42100000381469727,0.2222999930381775
YOR100C,YKL096W,0,-4.2379026,0.15916824340820312,0.42100000381469727,0.2223999947309494
YKR046C,YDR175C,0,-4.2379413,0.15910808742046356,0.42100000381469727,0.2224999964237213
YKL107W,YLL052C,0,-4.2379556,0.15904797613620758,0.42100000381469727,0.22259999811649323
YBR210W,YFL022C,0,-4.238002,0.15898790955543518,0.42100000381469727,0.22269999980926514
YLR355C,YOR144C,0,-4.2383995,0.15892790257930756,0.42100000381469727,0.22280000150203705
YKR014C,YPL281C,0,-4.238507,0.15886792540550232,0.42100000381469727,0.22290000319480896
YDR412W,YPL177C,0,-4.2386684,0.15880799293518066,0.42100000381469727,0.22300000488758087
YPL063W,YPL204W,0,-4.238791,0.15874812006950378,0.42100000381469727,0.22310000658035278
YOL126C,YML088W,0,-4.2395425,0.1586882770061493,0.42100000381469727,0.2231999933719635
YOR181W,YBR014C,1,-4.2396784,0.159005269408226,0.421999990940094,0.2231999933719635
YNL059C,YPR047W,0,-4.240238,0.15894538164138794,0.421999990940094,0.2232999950647354
YGL171W,YHR001W,0,-4.240508,0.15888553857803345,0.421999990940094,0.22339999675750732
YMR068W,YDR002W,0,-4.240577,0.15882574021816254,0.421999990940094,0.22349999845027924
YDL160C,YMR192W,0,-4.240775,0.1587659865617752,0.421999990940094,0.22360000014305115
YMR037C,YLR362W,1,-4.241156,0.15908236801624298,0.4230000078678131,0.22360000014305115
YKL065C,YML074C,0,-4.241368,0.15902255475521088,0.4230000078678131,0.22370000183582306
YOR347C,YAL028W,0,-4.2415457,0.15896280109882355,0.4230000078678131,0.22380000352859497
YPL019C,YOR095C,0,-4.241805,0.1589030772447586,0.4230000078678131,0.22390000522136688
YHR018C,YOR386W,0,-4.242029,0.15884341299533844,0.4230000078678131,0.2240000069141388
YDL193W,YBL010C,0,-4.2422104,0.15878377854824066,0.4230000078678131,0.2240999937057495
YDR129C,YPL242C,1,-4.242427,0.15909942984580994,0.42399999499320984,0.2240999937057495
YDL008W,YDR184C,0,-4.2427254,0.15903976559638977,0.42399999499320984,0.22419999539852142
YGR023W,YHR181W,0,-4.2436185,0.158980131149292,0.42399999499320984,0.22429999709129333
YDR085C,YNL326C,0,-4.243918,0.1589205414056778,0.42399999499320984,0.22439999878406525
YOL088C,YLR357W,0,-4.243921,0.15886099636554718,0.42399999499320984,0.22450000047683716
YLR430W,YLR070C,0,-4.244163,0.15880149602890015,0.42399999499320984,0.22460000216960907
YPL149W,YER040W,0,-4.2444215,0.1587420403957367,0.42399999499320984,0.22470000386238098
YLR248W,YIL153W,1,-4.2448053,0.1590568870306015,0.42500001192092896,0.22470000386238098
YJR044C,YGR120C,0,-4.244998,0.15899738669395447,0.42500001192092896,0.2248000055551529
YLR089C,YNL113W,0,-4.245002,0.15893791615962982,0.42500001192092896,0.2249000072479248
YEL065W,YGL098W,0,-4.245049,0.15887850522994995,0.42500001192092896,0.22499999403953552
YHR032W,YDR084C,0,-4.245191,0.15881913900375366,0.42500001192092896,0.22509999573230743
YLR332W,YCR073C,1,-4.245984,0.15913335978984833,0.4259999990463257,0.22509999573230743
YJR091C,YDR022C,0,-4.2461925,0.15907393395900726,0.4259999990463257,0.22519999742507935
YBR041W,YPL126W,0,-4.2468634,0.15901455283164978,0.4259999990463257,0.22529999911785126
YJL115W,YAL044C,0,-4.2470336,0.15895523130893707,0.4259999990463257,0.22540000081062317
YDL193W,YNL137C,0,-4.2473073,0.15889593958854675,0.4259999990463257,0.22550000250339508
YAL051W,YDR488C,0,-4.2474327,0.15883669257164001,0.4259999990463257,0.225600004196167
YKL112W,YKL086W,0,-4.2474923,0.15877749025821686,0.4259999990463257,0.2257000058889389
YOR195W,YGR211W,0,-4.2475595,0.15871833264827728,0.4259999990463257,0.22579999268054962
YIL074C,YJL210W,0,-4.2480655,0.1586592197418213,0.4259999990463257,0.22589999437332153
YPL038W,YOL068C,0,-4.248339,0.15860015153884888,0.4259999990463257,0.22599999606609344
YKR042W,YJR109C,0,-4.2483935,0.15854112803936005,0.4259999990463257,0.22609999775886536
YPR114W,YKR083C,0,-4.248592,0.1584821492433548,0.4259999990463257,0.22619999945163727
YJL044C,YDL229W,0,-4.2486324,0.15842320024967194,0.4259999990463257,0.22630000114440918
YHR080C,YPR165W,0,-4.249224,0.15836431086063385,0.4259999990463257,0.2264000028371811
YLR332W,YOR047C,1,-4.2492857,0.15867707133293152,0.4269999861717224,0.2264000028371811
YLR194C,YER045C,0,-4.2494655,0.15861812233924866,0.4269999861717224,0.226500004529953
YKL222C,YEL005C,0,-4.2495155,0.15855923295021057,0.4269999861717224,0.22660000622272491
YOL052C-A,YPL016W,0,-4.2499843,0.15850037336349487,0.4269999861717224,0.22669999301433563
YNR045W,YOL020W,0,-4.250094,0.15844155848026276,0.4269999861717224,0.22679999470710754
YOL089C,YMR092C,1,-4.2502947,0.15875370800495148,0.42800000309944153,0.22679999470710754
YOR193W,YML040W,0,-4.250321,0.15869484841823578,0.42800000309944153,0.22689999639987946
YPR145W,YPR023C,0,-4.2505274,0.15863603353500366,0.42800000309944153,0.22699999809265137
YLR176C,YDR150W,0,-4.2507076,0.15857724845409393,0.42800000309944153,0.22709999978542328
YNL339C,YDR201W,0,-4.2508454,0.15851852297782898,0.42800000309944153,0.2272000014781952
YER011W,YKR096W,0,-4.251048,0.1584598273038864,0.42800000309944153,0.2273000031709671
YNL190W,YJL184W,1,-4.251055,0.15877127647399902,0.42899999022483826,0.2273000031709671
YOR367W,YKL143W,1,-4.2513757,0.15908250212669373,0.4300000071525574,0.2273000031709671
YOR367W,YLR336C,1,-4.251563,0.15939348936080933,0.4309999942779541,0.2273000031709671
YOR156C,YGR198W,0,-4.251585,0.15933457016944885,0.4309999942779541,0.227400004863739
YHR094C,YKL138C-A,0,-4.251797,0.15927568078041077,0.4309999942779541,0.22750000655651093
YER056C-A,YCL010C,0,-4.252117,0.15921685099601746,0.4309999942779541,0.22759999334812164
YOR181W,YOR122C,1,-4.2527976,0.15952733159065247,0.4320000112056732,0.22759999334812164
YER088C,YMR142C,0,-4.2528853,0.15946844220161438,0.4320000112056732,0.22769999504089355
YKL051W,YGR262C,0,-4.253134,0.15940959751605988,0.4320000112056732,0.22779999673366547
YOR078W,YOL018C,0,-4.253558,0.15935079753398895,0.4320000112056732,0.22789999842643738
YOL152W,YDR291W,0,-4.254157,0.1592920422554016,0.4320000112056732,0.2280000001192093
YNL106C,YNL149C,0,-4.2541804,0.15923331677913666,0.4320000112056732,0.2281000018119812
YJR125C,YDR142C,0,-4.254194,0.15917465090751648,0.4320000112056732,0.2282000035047531
YLR181C,YBR179C,0,-4.254311,0.1591160148382187,0.4320000112056732,0.22830000519752502
YGL047W,YNR016C,0,-4.2547593,0.15905743837356567,0.4320000112056732,0.22840000689029694
YNL106C,YGR203W,0,-4.255117,0.15899889171123505,0.4320000112056732,0.22849999368190765
YKL029C,YNL136W,0,-4.255286,0.1589404046535492,0.4320000112056732,0.22859999537467957
YPR029C,YNL308C,0,-4.255313,0.15888194739818573,0.4320000112056732,0.22869999706745148
YMR190C,YMR026C,0,-4.255331,0.15882353484630585,0.4320000112056732,0.2287999987602234
YER023W,YPL149W,0,-4.255691,0.15876516699790955,0.4320000112056732,0.2289000004529953
YGL136C,YOR202W,0,-4.256002,0.15870682895183563,0.4320000112056732,0.2290000021457672
YGR008C,YJL184W,1,-4.256035,0.15901578962802887,0.43299999833106995,0.2290000021457672
YDR040C,YLR006C,1,-4.2565136,0.1593245267868042,0.4339999854564667,0.2290000021457672
YOR122C,YOR028C,1,-4.2570333,0.15963302552700043,0.4350000023841858,0.2290000021457672
YML024W,YKL077W,0,-4.2572093,0.1595744639635086,0.4350000023841858,0.22910000383853912
YKR093W,YGL025C,0,-4.2572694,0.15951594710350037,0.4350000023841858,0.22920000553131104
YLR034C,YGR063C,0,-4.257352,0.1594574749469757,0.4350000023841858,0.22930000722408295
YOR001W,YCR008W,0,-4.257556,0.15939904749393463,0.4350000023841858,0.22939999401569366
YDR100W,YKR096W,0,-4.2577415,0.15934066474437714,0.4350000023841858,0.22949999570846558
YAL068C,YHL026C,0,-4.2578554,0.15928231179714203,0.4350000023841858,0.2295999974012375
YPR086W,YML019W,0,-4.257924,0.1592240184545517,0.4350000023841858,0.2296999990940094
YBR239C,YOR019W,0,-4.2581267,0.15916575491428375,0.4350000023841858,0.2298000007867813
YKL088W,YKL062W,1,-4.2581687,0.15947329998016357,0.4359999895095825,0.2298000007867813
YPL232W,YPR094W,0,-4.258305,0.15941499173641205,0.4359999895095825,0.22990000247955322
YDR443C,YHR133C,0,-4.258447,0.1593567281961441,0.4359999895095825,0.23000000417232513
YDR037W,YGR116W,0,-4.2587237,0.15929850935935974,0.4359999895095825,0.23010000586509705
YLR128W,YEL021W,0,-4.25899,0.15924032032489777,0.4359999895095825,0.23019999265670776
YGR279C,YMR113W,0,-4.2590923,0.15918217599391937,0.4359999895095825,0.23029999434947968
YNL091W,YKL048C,1,-4.2592154,0.15948905050754547,0.43700000643730164,0.23029999434947968
YEL026W,YMR195W,0,-4.259223,0.1594308614730835,0.43700000643730164,0.2303999960422516
YPL089C,YBR098W,0,-4.2598996,0.1593727171421051,0.43700000643730164,0.2304999977350235
YPR018W,YDR307W,0,-4.260032,0.1593146175146103,0.43700000643730164,0.2305999994277954
YDR031W,YFR047C,0,-4.260088,0.15925656259059906,0.43700000643730164,0.23070000112056732
YLR096W,YHR141C,0,-4.260095,0.15919853746891022,0.43700000643730164,0.23080000281333923
YMR029C,YDL110C,0,-4.2601814,0.15914057195186615,0.43700000643730164,0.23090000450611115
YEL003W,YLL009C,0,-4.2605476,0.15908263623714447,0.43700000643730164,0.23100000619888306
YCL031C,YGL127C,0,-4.2607102,0.15902474522590637,0.43700000643730164,0.23109999299049377
YLR212C,YOR022C,0,-4.260857,0.15896689891815186,0.43700000643730164,0.23119999468326569
YML120C,YCR016W,0,-4.260977,0.15890909731388092,0.43700000643730164,0.2312999963760376
YDL109C,YIR010W,0,-4.261143,0.15885132551193237,0.43700000643730164,0.2313999980688095
YBR083W,YDR248C,0,-4.261163,0.1587935984134674,0.43700000643730164,0.23149999976158142
YDR111C,YOR092W,0,-4.261186,0.15873593091964722,0.43700000643730164,0.23160000145435333
YML004C,YAR009C,0,-4.261218,0.15867829322814941,0.43700000643730164,0.23170000314712524
YCR088W,YPL143W,0,-4.261807,0.158620685338974,0.43700000643730164,0.23180000483989716
YOR028C,YDR420W,1,-4.2619457,0.15892598032951355,0.43799999356269836,0.23180000483989716
YLR150W,YBR265W,0,-4.2620764,0.15886832773685455,0.43799999356269836,0.23190000653266907
YDL193W,YGR184C,0,-4.2621017,0.15881073474884033,0.43799999356269836,0.23199999332427979
YER016W,YFR009W,0,-4.262386,0.1587531715631485,0.43799999356269836,0.2320999950170517
YNL129W,YPR042C,0,-4.2624946,0.15869565308094025,0.43799999356269836,0.2321999967098236
YLR370C,YPL235W,0,-4.262816,0.15863817930221558,0.43799999356269836,0.23229999840259552
YIR015W,YLR388W,0,-4.2630935,0.1585807353258133,0.43799999356269836,0.23240000009536743
YLR414C,YIL037C,0,-4.2638125,0.1585233509540558,0.43799999356269836,0.23250000178813934
YOR059C,YNL142W,0,-4.2638226,0.15846599638462067,0.43799999356269836,0.23260000348091125
YMR243C,YMR074C,0,-4.2641993,0.15840868651866913,0.43799999356269836,0.23270000517368317
YBR015C,YGL047W,0,-4.2644587,0.15835140645503998,0.43799999356269836,0.23280000686645508
YLR274W,YER054C,0,-4.2645464,0.1582941859960556,0.43799999356269836,0.2328999936580658
YEL011W,YGR234W,0,-4.2646413,0.15823699533939362,0.43799999356269836,0.2329999953508377
YLR333C,YNR055C,0,-4.2649093,0.1581798493862152,0.43799999356269836,0.23309999704360962
YLR406C,YDR251W,0,-4.2649403,0.15812274813652039,0.43799999356269836,0.23319999873638153
YJL090C,YJL100W,0,-4.2649546,0.15806567668914795,0.43799999356269836,0.23330000042915344
YOL123W,YDL127W,0,-4.265225,0.1580086648464203,0.43799999356269836,0.23340000212192535
YBR014C,YBR016W,1,-4.265544,0.15831229090690613,0.4390000104904175,0.23340000212192535
YPL118W,YHR157W,0,-4.265608,0.15825523436069489,0.4390000104904175,0.23350000381469727
YJL047C,YGR277C,0,-4.266313,0.15819819271564484,0.4390000104904175,0.23360000550746918
YBL040C,YBR191W,0,-4.2671394,0.15814121067523956,0.4390000104904175,0.2337000072002411
YNL190W,YBR014C,1,-4.2671814,0.1584443598985672,0.4399999976158142,0.2337000072002411
YJR002W,YDR018C,0,-4.2674885,0.15838733315467834,0.4399999976158142,0.2337999939918518
YDR536W,YPL283C,0,-4.267753,0.15833033621311188,0.4399999976158142,0.23389999568462372
YDR388W,YLR006C,1,-4.267833,0.15863309800624847,0.4410000145435333,0.23389999568462372
YBL051C,YPL008W,0,-4.2678976,0.15857605636119843,0.4410000145435333,0.23399999737739563
YER072W,YGR280C,0,-4.2681074,0.15851904451847076,0.4410000145435333,0.23409999907016754
YGR263C,YGL151W,0,-4.268132,0.15846209228038788,0.4410000145435333,0.23420000076293945
YDR388W,YCR073C,1,-4.2682157,0.15876436233520508,0.44200000166893005,0.23420000076293945
YOL133W,YIL049W,0,-4.268513,0.1587073653936386,0.44200000166893005,0.23430000245571136
YJL097W,YIL105C,0,-4.268826,0.15865039825439453,0.44200000166893005,0.23440000414848328
YOL157C,YML041C,0,-4.2688985,0.15859347581863403,0.44200000166893005,0.2345000058412552
YNL272C,YKL212W,0,-4.2690825,0.15853658318519592,0.44200000166893005,0.2345999926328659
YJR134C,YER126C,0,-4.269122,0.1584797352552414,0.44200000166893005,0.23469999432563782
YER045C,YLR237W,0,-4.269255,0.15842293202877045,0.44200000166893005,0.23479999601840973
YBR132C,YOR120W,1,-4.269295,0.15872447192668915,0.4429999887943268,0.23479999601840973
YHR215W,YDR439W,0,-4.2693744,0.15866762399673462,0.4429999887943268,0.23489999771118164
YDR116C,YMR223W,0,-4.2696433,0.15861080586910248,0.4429999887943268,0.23499999940395355
YNL112W,YGR207C,0,-4.270142,0.1585540473461151,0.4429999887943268,0.23510000109672546
YDR166C,YOR335C,0,-4.270243,0.15849731862545013,0.4429999887943268,0.23520000278949738
YNL020C,YJL184W,1,-4.270286,0.15879827737808228,0.4440000057220459,0.23520000278949738
YPL232W,YNL038W,0,-4.270367,0.15874150395393372,0.4440000057220459,0.2353000044822693
YLR297W,YOL138C,0,-4.2707233,0.15868477523326874,0.4440000057220459,0.2354000061750412
YOR265W,YIL034C,0,-4.2708597,0.15862807631492615,0.4440000057220459,0.23549999296665192
YKL005C,YOR270C,0,-4.2714334,0.15857142210006714,0.4440000057220459,0.23559999465942383
YDR002W,YLR376C,0,-4.2717037,0.1585148125886917,0.4440000057220459,0.23569999635219574
YLR174W,YFR047C,0,-4.271789,0.15845824778079987,0.4440000057220459,0.23579999804496765
YDL230W,YNL268W,0,-4.27188,0.1584017127752304,0.4440000057220459,0.23589999973773956
YDL072C,YCL001W,0,-4.2721624,0.15834522247314453,0.4440000057220459,0.23600000143051147
YIL154C,YHR072W-A,0,-4.272245,0.15828877687454224,0.4440000057220459,0.2361000031232834
YGL084C,YPR094W,0,-4.272277,0.15823236107826233,0.4440000057220459,0.2362000048160553
YDL106C,YIL111W,0,-4.272424,0.158175989985466,0.4440000057220459,0.2363000065088272
YNL190W,YOR047C,1,-4.2726893,0.15847578644752502,0.4449999928474426,0.2363000065088272
YDR040C,YNL020C,1,-4.2727947,0.15877535939216614,0.44600000977516174,0.2363000065088272
YDL075W,YBL017C,0,-4.272922,0.15871885418891907,0.44600000977516174,0.23639999330043793
YDR141C,YOR140W,0,-4.272922,0.15866239368915558,0.44600000977516174,0.23649999499320984
YNL213C,YPL118W,0,-4.272957,0.15860597789287567,0.44600000977516174,0.23659999668598175
YGR009C,YBL084C,0,-4.272974,0.15854959189891815,0.44600000977516174,0.23669999837875366
YGL119W,YPR086W,0,-4.2731614,0.1584932506084442,0.44600000977516174,0.23680000007152557
YOL027C,YNL206C,0,-4.2734666,0.15843693912029266,0.44600000977516174,0.23690000176429749
YOL064C,YER089C,1,-4.274043,0.15873579680919647,0.44699999690055847,0.23690000176429749
YNR036C,YIL013C,0,-4.274359,0.15867944061756134,0.44699999690055847,0.2370000034570694
YPL022W,YNL162W,0,-4.274384,0.15862314403057098,0.44699999690055847,0.2371000051498413
YDL144C,YLL024C,0,-4.274553,0.15856686234474182,0.44699999690055847,0.23720000684261322
YDR244W,YJR059W,0,-4.2748632,0.15851064026355743,0.44699999690055847,0.23729999363422394
YBR158W,YNL111C,0,-4.2748966,0.15845444798469543,0.44699999690055847,0.23739999532699585
YKL049C,YPL006W,0,-4.2751436,0.15839830040931702,0.44699999690055847,0.23749999701976776
YIL168W,YER133W,0,-4.275193,0.158342182636261,0.44699999690055847,0.23759999871253967
YDR289C,YOR358W,0,-4.275361,0.15828612446784973,0.44699999690055847,0.23770000040531158
YBR156C,YDR256C,0,-4.2756157,0.15823008120059967,0.44699999690055847,0.2378000020980835
YBR015C,YML082W,0,-4.275994,0.15817409753799438,0.44699999690055847,0.2379000037908554
YIL050W,YBR056W,0,-4.2762265,0.1581181436777115,0.44699999690055847,0.23800000548362732
YOL103W,YMR195W,0,-4.276471,0.15806223452091217,0.44699999690055847,0.23810000717639923
YKL156W,YNL082W,0,-4.2766533,0.15800637006759644,0.44699999690055847,0.23819999396800995
YBR065C,YER160C,0,-4.2767344,0.1579505354166031,0.44699999690055847,0.23829999566078186
YPL230W,YIL147C,1,-4.2769012,0.1582479625940323,0.4480000138282776,0.23829999566078186
YOR076C,YDR361C,0,-4.2769804,0.15819208323955536,0.4480000138282776,0.23839999735355377
YLR185W,YOR332W,0,-4.277696,0.158136248588562,0.4480000138282776,0.23849999904632568
YOR322C,YER160C,0,-4.2780433,0.15808045864105225,0.4480000138282776,0.2386000007390976
YML015C,YAL026C,0,-4.278095,0.15802469849586487,0.4480000138282776,0.2387000024318695
YML063W,YOR330C,0,-4.2783656,0.15796896815299988,0.4480000138282776,0.23880000412464142
YOR367W,YMR037C,1,-4.2784815,0.15826576948165894,0.4490000009536743,0.23880000412464142
YDR469W,YGR046W,0,-4.2785554,0.15821000933647156,0.4490000009536743,0.23890000581741333
YGL227W,YDR400W,0,-4.2786684,0.15815427899360657,0.4490000009536743,0.23899999260902405
YGR159C,YGL181W,0,-4.2787724,0.15809859335422516,0.4490000009536743,0.23909999430179596
YER148W,YOR298C-A,0,-4.27878,0.15804293751716614,0.4490000009536743,0.23919999599456787
YNL209W,YNL009W,0,-4.2788234,0.1579873263835907,0.4490000009536743,0.23929999768733978
YBL057C,YPR192W,0,-4.2789,0.15793175995349884,0.4490000009536743,0.2393999993801117
YGL207W,YLL050C,0,-4.279058,0.15787622332572937,0.4490000009536743,0.2395000010728836
YKL192C,YPL108W,0,-4.279538,0.15782073140144348,0.4490000009536743,0.23960000276565552
YIL167W,YDR313C,0,-4.2797217,0.15776528418064117,0.4490000009536743,0.23970000445842743
YLR328W,YDR248C,0,-4.2799835,0.15770986676216125,0.4490000009536743,0.23980000615119934
YDR400W,YGL059W,0,-4.2801642,0.15765449404716492,0.4490000009536743,0.23989999294281006
YBR208C,YBL055C,0,-4.280192,0.15759915113449097,0.4490000009536743,0.23999999463558197
YDL127W,YLR109W,0,-4.280935,0.1575438529253006,0.4490000009536743,0.24009999632835388
YIL051C,YNR046W,0,-4.281151,0.1574885994195938,0.4490000009536743,0.2401999980211258
YGR266W,YDR462W,0,-4.281259,0.1574333757162094,0.4490000009536743,0.2402999997138977
YPL043W,YIL129C,0,-4.281302,0.1573781967163086,0.4490000009536743,0.24040000140666962
YBR039W,YBR199W,0,-4.281334,0.15732306241989136,0.4490000009536743,0.24050000309944153
YCR004C,YML045W,0,-4.28197,0.1572679579257965,0.4490000009536743,0.24060000479221344
YGL210W-A,YML031W,0,-4.2820864,0.15721288323402405,0.4490000009536743,0.24070000648498535
YIL136W,YBR221C,0,-4.28254,0.15715785324573517,0.4490000009536743,0.24079999327659607
YPL123C,YGR029W,0,-4.2830167,0.15710286796092987,0.4490000009536743,0.24089999496936798
YER120W,YOR260W,0,-4.2831655,0.15704791247844696,0.4490000009536743,0.2409999966621399
YBL036C,YPL143W,0,-4.283181,0.15699300169944763,0.4490000009536743,0.2410999983549118
YGL097W,YNR048W,0,-4.283189,0.15693813562393188,0.4490000009536743,0.24120000004768372
YOR181W,YPL242C,1,-4.283403,0.15723270177841187,0.44999998807907104,0.24120000004768372
YOL120C,YIL119C,0,-4.2835116,0.15717779099941254,0.44999998807907104,0.24130000174045563
YPL156C,YHR021C,0,-4.283611,0.1571229100227356,0.44999998807907104,0.24140000343322754
YPL084W,YCR094W,0,-4.2836328,0.15706805884838104,0.44999998807907104,0.24150000512599945
YDL188C,YHL002W,0,-4.283669,0.15701325237751007,0.44999998807907104,0.24160000681877136
YIR022W,YNL134C,0,-4.2836804,0.15695849061012268,0.44999998807907104,0.24169999361038208
YFR010W,YPL046C,0,-4.2837954,0.15690375864505768,0.44999998807907104,0.241799995303154
YNL020C,YBR016W,1,-4.283907,0.15719762444496155,0.45100000500679016,0.241799995303154
YCL040W,YGL038C,0,-4.284194,0.15714286267757416,0.45100000500679016,0.2418999969959259
YGR048W,YFL062W,0,-4.2843266,0.15708811581134796,0.45100000500679016,0.24199999868869781
YBR112C,YDL174C,0,-4.284599,0.15703342854976654,0.45100000500679016,0.24210000038146973
YLR100W,YPR008W,0,-4.2847486,0.1569787710905075,0.45100000500679016,0.24220000207424164
YPL040C,YBL002W,0,-4.284918,0.15692414343357086,0.45100000500679016,0.24230000376701355
YPL156C,YNL115C,0,-4.285214,0.1568695604801178,0.45100000500679016,0.24240000545978546
YPL234C,YJL047C,0,-4.2856913,0.15681502223014832,0.45100000500679016,0.24250000715255737
YMR088C,YML014W,0,-4.285781,0.15676051378250122,0.45100000500679016,0.2425999939441681
YMR016C,YML100W,0,-4.285848,0.1567060500383377,0.45100000500679016,0.24269999563694
YBR210W,YNL145W,0,-4.28598,0.15665161609649658,0.45100000500679016,0.24279999732971191
YOL064C,YIL053W,1,-4.2860255,0.15694443881511688,0.4519999921321869,0.24279999732971191
YMR068W,YGR002C,0,-4.2867627,0.15688997507095337,0.4519999921321869,0.24289999902248383
YGL013C,YCR005C,0,-4.286919,0.15683552622795105,0.4519999921321869,0.24300000071525574
YNL112W,YNL082W,0,-4.287621,0.1567811369895935,0.4519999921321869,0.24310000240802765
YHR142W,YGR058W,0,-4.2876344,0.15672676265239716,0.4519999921321869,0.24320000410079956
YER118C,YKL062W,1,-4.2877526,0.15701906383037567,0.453000009059906,0.24320000410079956
YMR127C,YNL321W,0,-4.287857,0.15696465969085693,0.453000009059906,0.24330000579357147
YJL138C,YBR211C,0,-4.2878747,0.15691028535366058,0.453000009059906,0.2433999925851822
YNL118C,YCL059C,0,-4.2882013,0.15685595571994781,0.453000009059906,0.2434999942779541
YLR093C,YGR195W,0,-4.288423,0.15680165588855743,0.453000009059906,0.243599995970726
YML118W,YLR225C,0,-4.288542,0.15674740076065063,0.453000009059906,0.24369999766349792
YPL171C,YKL073W,0,-4.288847,0.15669319033622742,0.453000009059906,0.24379999935626984
YML022W,YPR037C,0,-4.2890954,0.1566390097141266,0.453000009059906,0.24390000104904175
YNL030W,YER060W-A,0,-4.2891498,0.15658485889434814,0.453000009059906,0.24400000274181366
YLR023C,YMR080C,0,-4.2892423,0.15653075277805328,0.453000009059906,0.24410000443458557
YDR113C,YDR020C,0,-4.289311,0.156476691365242,0.453000009059906,0.24420000612735748
YBR049C,YJR015W,0,-4.28938,0.15642264485359192,0.453000009059906,0.2442999929189682
YCL019W,YLR324W,0,-4.2894893,0.1563686579465866,0.453000009059906,0.2443999946117401
YCL026C-A,YER004W,0,-4.289764,0.1563147008419037,0.453000009059906,0.24449999630451202
YPR065W,YDL005C,0,-4.2901454,0.15626077353954315,0.453000009059906,0.24459999799728394
YPL051W,YDR358W,0,-4.290402,0.1562068909406662,0.453000009059906,0.24469999969005585
YOR003W,YJL101C,0,-4.2907557,0.15615305304527283,0.453000009059906,0.24480000138282776
YPR041W,YDR265W,0,-4.290791,0.15609924495220184,0.453000009059906,0.24490000307559967
YNL091W,YLR362W,1,-4.290885,0.15638993680477142,0.45399999618530273,0.24490000307559967
YMR006C,YDR381W,0,-4.290897,0.15633608400821686,0.45399999618530273,0.24500000476837158
YGL013C,YBR018C,0,-4.2909083,0.15628227591514587,0.45399999618530273,0.2451000064611435
YOR143C,YLL009C,0,-4.291176,0.15622849762439728,0.45399999618530273,0.2451999932527542
YBL008W,YCL017C,0,-4.2912226,0.15617474913597107,0.45399999618530273,0.24529999494552612
YPR075C,YBR014C,1,-4.291405,0.15646491944789886,0.45500001311302185,0.24529999494552612
YDR328C,YPL091W,0,-4.2915225,0.15641114115715027,0.45500001311302185,0.24539999663829803
YKL016C,YER032W,0,-4.291658,0.15635739266872406,0.45500001311302185,0.24549999833106995
YLL042C,YMR244C-A,0,-4.2918677,0.15630367398262024,0.45500001311302185,0.24560000002384186
YHR117W,YPR017C,0,-4.291974,0.15625,0.45500001311302185,0.24570000171661377
YPL010W,YKL043W,0,-4.293367,0.15619635581970215,0.45500001311302185,0.24580000340938568
YER094C,YOL072W,0,-4.2934937,0.15614275634288788,0.45500001311302185,0.2459000051021576
YOL120C,YLR413W,0,-4.2939157,0.156089186668396,0.45500001311302185,0.2460000067949295
YEL034W,YBL002W,0,-4.2945867,0.1560356616973877,0.45500001311302185,0.24609999358654022
YGL123W,YKL026C,0,-4.2948537,0.15598216652870178,0.45500001311302185,0.24619999527931213
YDR087C,YIL167W,0,-4.295342,0.15592871606349945,0.45500001311302185,0.24629999697208405
YER095W,YDR188W,0,-4.295471,0.1558752954006195,0.45500001311302185,0.24639999866485596
YLR064W,YDR464W,0,-4.2956033,0.15582191944122314,0.45500001311302185,0.24650000035762787
YGR235C,YFL009W,0,-4.2957153,0.15576857328414917,0.45500001311302185,0.24660000205039978
YPL058C,YAR008W,0,-4.2959156,0.15571525692939758,0.45500001311302185,0.2467000037431717
YBL082C,YBR038W,0,-4.2963033,0.15566198527812958,0.45500001311302185,0.2468000054359436
YIL117C,YBR019C,0,-4.296306,0.15560875833034515,0.45500001311302185,0.24690000712871552
YJR125C,YDL209C,0,-4.2964773,0.15555556118488312,0.45500001311302185,0.24699999392032623
YPL059W,YLR006C,1,-4.296535,0.15584415197372437,0.4560000002384186,0.24699999392032623
YDR523C,YOL122C,0,-4.296679,0.15579091012477875,0.4560000002384186,0.24709999561309814
YPL198W,YCR048W,0,-4.296783,0.15573769807815552,0.4560000002384186,0.24719999730587006
YPL192C,YFR003C,0,-4.296935,0.15568453073501587,0.4560000002384186,0.24729999899864197
YMR094W,YNL046W,0,-4.2973914,0.1556313931941986,0.4560000002384186,0.24740000069141388
YBR239C,YOR386W,0,-4.2975645,0.15557830035686493,0.4560000002384186,0.2475000023841858
YGL104C,YHR210C,0,-4.2975826,0.15552523732185364,0.4560000002384186,0.2476000040769577
YGL161C,YPL009C,0,-4.297927,0.15547221899032593,0.4560000002384186,0.24770000576972961
YDR153C,YDR343C,0,-4.297984,0.1554192155599594,0.4560000002384186,0.24779999256134033
YJR129C,YOL084W,0,-4.297987,0.15536627173423767,0.4560000002384186,0.24789999425411224
YDR422C,YNL051W,0,-4.2981014,0.15531335771083832,0.4560000002384186,0.24799999594688416
YPL152W,YDL010W,1,-4.298452,0.15560095012187958,0.4569999873638153,0.24799999594688416
YEL005C,YOR329C,0,-4.2985263,0.15554799139499664,0.4569999873638153,0.24809999763965607
YOR092W,YKL055C,0,-4.298638,0.1554950624704361,0.4569999873638153,0.24819999933242798
YGR014W,YOR208W,1,-4.2987146,0.1557823121547699,0.4580000042915344,0.24819999933242798
YGL061C,YDL143W,0,-4.2988296,0.15572933852672577,0.4580000042915344,0.2483000010251999
YDR153C,YPR199C,0,-4.2989955,0.15567640960216522,0.4580000042915344,0.2484000027179718
YLR284C,YHR107C,0,-4.299261,0.15562351047992706,0.4580000042915344,0.2485000044107437
YDR058C,YDR038C,0,-4.3004427,0.15557065606117249,0.4580000042915344,0.24860000610351562
YJL012C,YER025W,0,-4.3005967,0.1555178314447403,0.4580000042915344,0.24869999289512634
YBR273C,YPR009W,0,-4.3011947,0.1554650366306305,0.4580000042915344,0.24879999458789825
YKL191W,YJL165C,0,-4.3013325,0.15541228652000427,0.4580000042915344,0.24889999628067017
YKL213C,YFL022C,0,-4.3013954,0.15535956621170044,0.4580000042915344,0.24899999797344208
YNL003C,YGL120C,0,-4.3014235,0.1553068906068802,0.4580000042915344,0.249099999666214
YDR127W,YAL041W,0,-4.301796,0.15525422990322113,0.4580000042915344,0.2492000013589859
YBR162W-A,YPR108W,0,-4.3022027,0.15520162880420685,0.4580000042915344,0.2493000030517578
YKR046C,YKL042W,0,-4.302268,0.15514905750751495,0.4580000042915344,0.24940000474452972
YEL058W,YOR233W,0,-4.302369,0.15509651601314545,0.4580000042915344,0.24950000643730164
YHR214W,YGL043W,0,-4.303089,0.15504400432109833,0.4580000042915344,0.24959999322891235
YCL047C,YOR201C,0,-4.30322,0.1549915373325348,0.4580000042915344,0.24969999492168427
YDL007W,YDR541C,0,-4.3033648,0.15493910014629364,0.4580000042915344,0.24979999661445618
YGL067W,YAL002W,0,-4.303403,0.15488670766353607,0.4580000042915344,0.2498999983072281
YDR536W,YDL081C,0,-4.303407,0.1548343449831009,0.4580000042915344,0.25
YDR077W,YOR337W,0,-4.303442,0.1547820270061493,0.4580000042915344,0.2500999867916107
YGR063C,YLR328W,0,-4.303493,0.1547297239303589,0.4580000042915344,0.2502000033855438
YLR057W,YER100W,0,-4.3039637,0.15467748045921326,0.4580000042915344,0.25029999017715454
YCR039C,YDL214C,0,-4.3043017,0.15462525188922882,0.4580000042915344,0.25040000677108765
YGR287C,YGL134W,0,-4.3043447,0.15457306802272797,0.4580000042915344,0.25049999356269836
YFR037C,YML026C,0,-4.3044095,0.1545209139585495,0.4580000042915344,0.25060001015663147
YGR014W,YBR016W,1,-4.3048286,0.15480607748031616,0.45899999141693115,0.25060001015663147
YOR076C,YBR119W,0,-4.305444,0.1547538787126541,0.45899999141693115,0.2506999969482422
YBR169C,YPL009C,0,-4.3055897,0.15470172464847565,0.45899999141693115,0.2508000135421753
YKL211C,YOR303W,0,-4.305876,0.15464960038661957,0.45899999141693115,0.250900000333786
YJL048C,YCL051W,0,-4.3059974,0.15459750592708588,0.45899999141693115,0.25099998712539673
YOL013C,YAR003W,0,-4.3061967,0.15454545617103577,0.45899999141693115,0.25110000371932983
YDR179C,YLL028W,0,-4.3062463,0.15449343621730804,0.45899999141693115,0.25119999051094055
YMR278W,YDL012C,0,-4.306699,0.1544414609670639,0.45899999141693115,0.25130000710487366
YKR001C,YOL140W,0,-4.3069506,0.15438950061798096,0.45899999141693115,0.2513999938964844
YHR152W,YOR155C,0,-4.3069706,0.15433759987354279,0.45899999141693115,0.2515000104904175
YOR367W,YDR420W,1,-4.3070765,0.15462185442447662,0.46000000834465027,0.2515000104904175
YER155C,YDL117W,0,-4.3071146,0.15456989407539368,0.46000000834465027,0.2515999972820282
YOR141C,YCR023C,0,-4.307208,0.1545179784297943,0.46000000834465027,0.2517000138759613
YDR162C,YJL184W,1,-4.3076158,0.1548018753528595,0.460999995470047,0.2517000138759613
YLR385C,YLL039C,0,-4.3077807,0.15474991500377655,0.460999995470047,0.251800000667572
YJL153C,YOR361C,0,-4.3081064,0.154697984457016,0.460999995470047,0.25189998745918274
YDL072C,YGL003C,0,-4.308111,0.154646098613739,0.460999995470047,0.25200000405311584
YLR192C,YLL050C,0,-4.3082037,0.15459422767162323,0.460999995470047,0.25209999084472656
YJR056C,YNL047C,0,-4.308398,0.15454240143299103,0.460999995470047,0.25220000743865967
YPR175W,YOR065W,0,-4.308616,0.1544906198978424,0.460999995470047,0.2522999942302704
YBR110W,YKL006W,0,-4.3089,0.15443886816501617,0.460999995470047,0.2524000108242035
YPL283C,YKR038C,0,-4.30901,0.15438714623451233,0.460999995470047,0.2524999976158142
YBR131W,YPR063C,0,-4.3096805,0.15433545410633087,0.460999995470047,0.2526000142097473
YJL102W,YGR054W,0,-4.3097806,0.154283806681633,0.460999995470047,0.25270000100135803
YMR282C,YLR390W-A,0,-4.310012,0.1542321890592575,0.460999995470047,0.25279998779296875
YEL020C,YKL079W,0,-4.3104234,0.1541806012392044,0.460999995470047,0.25290000438690186
YIL063C,YDR028C,0,-4.3104467,0.1541290581226349,0.460999995470047,0.2529999911785126
YPL024W,YER083C,0,-4.310676,0.15407754480838776,0.460999995470047,0.2531000077724457
YOR046C,YDR315C,0,-4.3109717,0.154026061296463,0.460999995470047,0.2531999945640564
YEL015W,YPL211W,0,-4.311018,0.15397462248802185,0.460999995470047,0.2533000111579895
YBL027W,YNR008W,0,-4.3110185,0.15392319858074188,0.460999995470047,0.2533999979496002
YNL051W,YMR050C,0,-4.311355,0.1538718342781067,0.460999995470047,0.2535000145435333
YNR007C,YER120W,0,-4.3114057,0.1538204848766327,0.460999995470047,0.25360000133514404
YGL136C,YDR261C,0,-4.3118906,0.15376918017864227,0.460999995470047,0.25369998812675476
YOL097C,YMR257C,0,-4.311901,0.15371790528297424,0.460999995470047,0.25380000472068787
YOL052C-A,YDL012C,0,-4.31253,0.1536666601896286,0.460999995470047,0.2538999915122986
YOR103C,YDR148C,0,-4.3125396,0.15361545979976654,0.460999995470047,0.2540000081062317
YIL008W,YKR085C,0,-4.3126106,0.15356428921222687,0.460999995470047,0.2540999948978424
YCL045C,YMR242C,0,-4.3126135,0.15351314842700958,0.460999995470047,0.2542000114917755
YLL048C,YDR268W,0,-4.3127594,0.15346205234527588,0.460999995470047,0.25429999828338623
YER068W,YBR045C,0,-4.313043,0.15341098606586456,0.460999995470047,0.25440001487731934
YLR040C,YMR291W,0,-4.313106,0.15335994958877563,0.460999995470047,0.25450000166893005
YGL104C,YPL124W,0,-4.3132653,0.1533089429140091,0.460999995470047,0.25459998846054077
YOR046C,YOL117W,0,-4.313336,0.15325798094272614,0.460999995470047,0.2547000050544739
YDR341C,YKR007W,0,-4.3134737,0.15320704877376556,0.460999995470047,0.2547999918460846
YIR031C,YBL084C,0,-4.3134947,0.15315614640712738,0.460999995470047,0.2549000084400177
YLR248W,YCR073C,1,-4.3138423,0.15343739092350006,0.4620000123977661,0.2549000084400177
YIL031W,YMR184W,0,-4.313899,0.1533864587545395,0.4620000123977661,0.2549999952316284
YAR044W,YKR010C,0,-4.314064,0.1533355414867401,0.4620000123977661,0.2551000118255615
YHR026W,YDR513W,0,-4.3141217,0.15328466892242432,0.4620000123977661,0.25519999861717224
YPR097W,YBR146W,0,-4.3143306,0.1532338261604309,0.4620000123977661,0.25529998540878296
YNL325C,YLR102C,0,-4.314426,0.15318302810192108,0.4620000123977661,0.25540000200271606
YBR036C,YNR037C,0,-4.3144655,0.15313224494457245,0.4620000123977661,0.2554999887943268
YNL162W,YEL021W,0,-4.314526,0.1530815064907074,0.4620000123977661,0.2556000053882599
YLR399C,YJL177W,0,-4.314622,0.15303079783916473,0.4620000123977661,0.2556999921798706
YPR143W,YOR357C,0,-4.3150187,0.15298013389110565,0.4620000123977661,0.2558000087738037
YNL293W,YBR058C,0,-4.3150315,0.15292949974536896,0.4620000123977661,0.25589999556541443
YNL190W,YHR206W,1,-4.3153334,0.15320979058742523,0.46299999952316284,0.25589999556541443
YLR405W,YEL047C,0,-4.3154626,0.15315911173820496,0.46299999952316284,0.25600001215934753
YKR072C,YLR006C,1,-4.315972,0.15343914926052094,0.46399998664855957,0.25600001215934753
YDR040C,YPL230W,1,-4.316156,0.1537190079689026,0.4650000035762787,0.25600001215934753
YDR239C,YFL047W,0,-4.316215,0.15366820991039276,0.4650000035762787,0.25609999895095825
YLR222C,YDR385W,0,-4.3162355,0.15361744165420532,0.4650000035762787,0.25619998574256897
YKR087C,YLR408C,0,-4.316327,0.15356671810150146,0.4650000035762787,0.2563000023365021
YBR109C,YBR181C,0,-4.316805,0.1535160094499588,0.4650000035762787,0.2563999891281128
YLR378C,YMR237W,0,-4.3169613,0.15346534550189972,0.4650000035762787,0.2565000057220459
YDR257C,YPR134W,0,-4.3171296,0.15341471135616302,0.4650000035762787,0.2565999925136566
YDR368W,YJL158C,0,-4.317265,0.1533641219139099,0.4650000035762787,0.2567000091075897
YHR052W,YKL212W,0,-4.3174896,0.153313547372818,0.4650000035762787,0.25679999589920044
YNL038W,YOR360C,0,-4.317866,0.15326301753520966,0.4650000035762787,0.25690001249313354
YDR056C,YBR106W,0,-4.318399,0.1532125174999237,0.4650000035762787,0.25699999928474426
YNR027W,YJL212C,0,-4.3185763,0.15316206216812134,0.4650000035762787,0.257099986076355
YCR003W,YNL046W,0,-4.3194222,0.15311162173748016,0.4650000035762787,0.2572000026702881
YLR132C,YBL023C,0,-4.3195086,0.15306122601032257,0.4650000035762787,0.2572999894618988
YIL106W,YDL212W,0,-4.319617,0.15301086008548737,0.4650000035762787,0.2574000060558319
YOL064C,YER118C,1,-4.3197765,0.15328946709632874,0.4659999907016754,0.2574000060558319
YDR309C,YJR110W,0,-4.3199573,0.15323907136917114,0.4659999907016754,0.2574999928474426
YHR139C,YNL135C,0,-4.320053,0.15318869054317474,0.4659999907016754,0.25760000944137573
YJL197W,YNL149C,0,-4.3200684,0.15313835442066193,0.4659999907016754,0.25769999623298645
YBR156C,YDR394W,0,-4.32035,0.1530880481004715,0.4659999907016754,0.25780001282691956
YDL114W,YIL023C,0,-4.3205605,0.15303777158260345,0.4659999907016754,0.2578999996185303
YGR075C,YER177W,0,-4.320693,0.1529875248670578,0.4659999907016754,0.257999986410141
YHL004W,YML001W,0,-4.3207903,0.15293730795383453,0.4659999907016754,0.2581000030040741
YOL005C,YJR091C,0,-4.3210793,0.15288713574409485,0.4659999907016754,0.2581999897956848
YDR025W,YJL157C,0,-4.321175,0.15283699333667755,0.4659999907016754,0.2583000063896179
YNR055C,YPL076W,0,-4.3212323,0.15278688073158264,0.4659999907016754,0.25839999318122864
YDR040C,YLR362W,1,-4.3214846,0.15306456387043,0.46700000762939453,0.25839999318122864
YIL015W,YPL220W,0,-4.3214965,0.1530144214630127,0.46700000762939453,0.25850000977516174
YKR045C,YER086W,0,-4.3216467,0.1529642939567566,0.46700000762939453,0.25859999656677246
YHR025W,YIL156W,0,-4.3216867,0.15291421115398407,0.46700000762939453,0.25870001316070557
YER172C,YAR010C,0,-4.3217044,0.15286415815353394,0.46700000762939453,0.2587999999523163
YHR170W,YMR261C,0,-4.321712,0.1528141349554062,0.46700000762939453,0.258899986743927
YER048W-A,YHL003C,0,-4.321939,0.15276414155960083,0.46700000762939453,0.2590000033378601
YDR050C,YPR046W,0,-4.322145,0.15271419286727905,0.46700000762939453,0.2590999901294708
YPR036W,YLR423C,0,-4.3222466,0.15266427397727966,0.46700000762939453,0.25920000672340393
YIL023C,YNL220W,0,-4.322521,0.15261438488960266,0.46700000762939453,0.25929999351501465
YKL107W,YJR139C,0,-4.322686,0.15256452560424805,0.46700000762939453,0.25940001010894775
YHR080C,YNR032W,0,-4.322728,0.15251469612121582,0.46700000762939453,0.25949999690055847
YDR291W,YFL052W,0,-4.3228574,0.15246489644050598,0.46700000762939453,0.2596000134944916
YKR025W,YPL135W,0,-4.3230896,0.15241514146327972,0.46700000762939453,0.2597000002861023
YKL164C,YMR307W,0,-4.323363,0.15236541628837585,0.46700000762939453,0.259799987077713
YIL064W,YHR176W,0,-4.323367,0.15231572091579437,0.46700000762939453,0.2599000036716461
YER026C,YER123W,0,-4.323443,0.15226605534553528,0.46700000762939453,0.25999999046325684
YIL162W,YGL234W,0,-4.323535,0.15221643447875977,0.46700000762939453,0.26010000705718994
YLR248W,YDR168W,1,-4.3239427,0.1524926722049713,0.46799999475479126,0.26010000705718994
YIL016W,YHR161C,0,-4.323952,0.15244299173355103,0.46799999475479126,0.26019999384880066
YML070W,YML081C-A,0,-4.324153,0.15239335596561432,0.46799999475479126,0.26030001044273376
YJL216C,YDR488C,0,-4.324332,0.15234375,0.46799999475479126,0.2603999972343445
YPR005C,YLR006C,1,-4.3245807,0.15261958539485931,0.4690000116825104,0.2603999972343445
YML070W,YLL032C,0,-4.324664,0.1525699347257614,0.4690000116825104,0.2605000138282776
YJR120W,YLR196W,0,-4.3249006,0.1525203287601471,0.4690000116825104,0.2606000006198883
YJR144W,YLR186W,0,-4.325059,0.15247073769569397,0.4690000116825104,0.260699987411499
YOL049W,YOL096C,0,-4.3251467,0.15242119133472443,0.4690000116825104,0.26080000400543213
YJR068W,YBR201W,0,-4.325343,0.15237167477607727,0.4690000116825104,0.26089999079704285
YCR073C,YLR362W,1,-4.3253894,0.1526469588279724,0.4699999988079071,0.26089999079704285
YDR388W,YOR208W,1,-4.3255167,0.15292207896709442,0.47099998593330383,0.26089999079704285
YML091C,YNR012W,0,-4.3257146,0.15287244319915771,0.47099998593330383,0.26100000739097595
YBL019W,YMR313C,0,-4.3259244,0.1528228372335434,0.47099998593330383,0.26109999418258667
YIL153W,YOR047C,1,-4.3263435,0.15309762954711914,0.47200000286102295,0.26109999418258667
YOL064C,YKL143W,1,-4.326718,0.15337224304676056,0.4729999899864197,0.26109999418258667
YJL221C,YIR009W,0,-4.326739,0.15332253277301788,0.4729999899864197,0.2612000107765198
YPL152W,YDR162C,1,-4.326816,0.153596892952919,0.4740000069141388,0.2612000107765198
YGL038C,YOR129C,0,-4.326983,0.15354713797569275,0.4740000069141388,0.2612999975681305
YOL105C,YKL069W,0,-4.326985,0.15349741280078888,0.4740000069141388,0.2614000141620636
YOR122C,YBR086C,1,-4.3270373,0.15377144515514374,0.4749999940395355,0.2614000141620636
YER122C,YFL005W,0,-4.3272486,0.15372169017791748,0.4749999940395355,0.2615000009536743
YCR088W,YGR254W,0,-4.3272676,0.15367195010185242,0.4749999940395355,0.26159998774528503
YGR165W,YKR039W,0,-4.327718,0.15362225472927094,0.4749999940395355,0.26170000433921814
YNR049C,YHR007C,0,-4.3280673,0.15357258915901184,0.4749999940395355,0.26179999113082886
YOR221C,YJL110C,0,-4.32817,0.15352295339107513,0.4749999940395355,0.26190000772476196
YER068W,YHR010W,0,-4.328649,0.15347334742546082,0.4749999940395355,0.2619999945163727
YBL008W,YER094C,0,-4.328822,0.15342377126216888,0.4749999940395355,0.2621000111103058
YPR048W,YPR100W,0,-4.328883,0.15337423980236053,0.4749999940395355,0.2621999979019165
YOL027C,YOL011W,0,-4.3288856,0.15332472324371338,0.4749999940395355,0.2623000144958496
YDR040C,YKL143W,1,-4.3290157,0.15359793603420258,0.47600001096725464,0.2623000144958496
YHR063C,YDR363W-A,0,-4.329121,0.15354838967323303,0.47600001096725464,0.2624000012874603
YJR064W,YDL138W,0,-4.329442,0.15349887311458588,0.47600001096725464,0.26249998807907104
YPL145C,YDR190C,0,-4.3296213,0.1534493863582611,0.47600001096725464,0.26260000467300415
YMR161W,YCR038C,0,-4.32981,0.15339992940425873,0.47600001096725464,0.26269999146461487
YML040W,YML014W,0,-4.329858,0.15335051715373993,0.47600001096725464,0.262800008058548
YMR118C,YIL105C,0,-4.330001,0.15330111980438232,0.47600001096725464,0.2628999948501587
YGR074W,YBR077C,0,-4.330027,0.1532517671585083,0.47600001096725464,0.2630000114440918
YBR132C,YER089C,1,-4.330341,0.15352429449558258,0.47699999809265137,0.2630000114440918
YOR181W,YFL039C,1,-4.3305626,0.15379665791988373,0.4779999852180481,0.2630000114440918
YPL079W,YER169W,0,-4.330752,0.15374718606472015,0.4779999852180481,0.2630999982357025
YAR009C,YGR295C,0,-4.3307695,0.15369774401187897,0.4779999852180481,0.2632000148296356
YJR137C,YKL027W,0,-4.330866,0.15364834666252136,0.4779999852180481,0.26330000162124634
YGR040W,YPL118W,0,-4.330915,0.15359897911548615,0.4779999852180481,0.26339998841285706
YMR165C,YGL185C,0,-4.3310122,0.15354962646961212,0.4779999852180481,0.26350000500679016
YBR229C,YOL032W,0,-4.3315206,0.15350031852722168,0.4779999852180481,0.2635999917984009
YCL063W,YPR184W,0,-4.331976,0.15345104038715363,0.4779999852180481,0.263700008392334
YDR418W,YGL222C,0,-4.3320503,0.15340179204940796,0.4779999852180481,0.2637999951839447
YBR142W,YJL046W,0,-4.3324585,0.15335258841514587,0.4779999852180481,0.2639000117778778
YLR011W,YNL191W,0,-4.332661,0.15330339968204498,0.4779999852180481,0.2639999985694885
YDR168W,YCR073C,1,-4.332685,0.1535748690366745,0.4790000021457672,0.2639999985694885
YNL093W,YJL065C,0,-4.332765,0.15352563560009003,0.4790000021457672,0.26409998536109924
YJL076W,YPR108W,0,-4.332858,0.15347644686698914,0.4790000021457672,0.26420000195503235
YDL093W,YLR414C,0,-4.3333216,0.15342728793621063,0.4790000021457672,0.26429998874664307
YNL020C,YFL039C,1,-4.333347,0.1536983698606491,0.47999998927116394,0.26429998874664307
YCR069W,YLR283W,0,-4.334039,0.15364916622638702,0.47999998927116394,0.26440000534057617
YAR033W,YOR290C,0,-4.334068,0.15360000729560852,0.47999998927116394,0.2644999921321869
YIL093C,YAL059W,0,-4.3340993,0.1535508632659912,0.47999998927116394,0.26460000872612
YJR088C,YHR194W,0,-4.334128,0.15350176393985748,0.47999998927116394,0.2646999955177307
YLR427W,YGL055W,0,-4.3342752,0.15345267951488495,0.47999998927116394,0.2648000121116638
YKL164C,YIR035C,0,-4.3343263,0.153403639793396,0.47999998927116394,0.26489999890327454
YOR127W,YPL015C,0,-4.3343983,0.15335462987422943,0.47999998927116394,0.26499998569488525
YDR421W,YHR044C,0,-4.334446,0.15330564975738525,0.47999998927116394,0.26510000228881836
YER074W-A,YHR149C,0,-4.3345523,0.15325669944286346,0.47999998927116394,0.2651999890804291
YDR422C,YOR193W,0,-4.3345757,0.15320779383182526,0.47999998927116394,0.2653000056743622
YOR175C,YNL241C,0,-4.334976,0.15315890312194824,0.47999998927116394,0.2653999924659729
YGL119W,YGR124W,0,-4.334985,0.15311004221439362,0.47999998927116394,0.265500009059906
YPL075W,YNL083W,0,-4.335101,0.15306122601032257,0.47999998927116394,0.2655999958515167
YNL257C,YLR398C,0,-4.3355937,0.1530124396085739,0.47999998927116394,0.26570001244544983
YNL030W,YNL047C,0,-4.3360977,0.15296366810798645,0.47999998927116394,0.26579999923706055
YML063W,YGR087C,0,-4.3362737,0.15291494131088257,0.47999998927116394,0.26589998602867126
YML130C,YJL025W,0,-4.336408,0.15286624431610107,0.47999998927116394,0.26600000262260437
YOR043W,YNL190W,1,-4.336627,0.15313594043254852,0.48100000619888306,0.26600000262260437
YLR467W,YML029W,0,-4.3366313,0.15308719873428345,0.48100000619888306,0.2660999894142151
YOR245C,YBR012W-B,0,-4.33676,0.15303850173950195,0.48100000619888306,0.2662000060081482
YOR157C,YOR228C,0,-4.3369136,0.15298981964588165,0.48100000619888306,0.2662999927997589
YOL039W,YCL001W,0,-4.3370686,0.15294118225574493,0.48100000619888306,0.266400009393692
YGL029W,YDR488C,0,-4.337111,0.1528925597667694,0.48100000619888306,0.26649999618530273
YMR293C,YIL051C,0,-4.3371243,0.15284398198127747,0.48100000619888306,0.26660001277923584
YER126C,YGL179C,0,-4.3373284,0.15279541909694672,0.48100000619888306,0.26669999957084656
YIL153W,YPL239W,1,-4.337424,0.15306445956230164,0.4819999933242798,0.26669999957084656
YOL051W,YBR069C,0,-4.3378577,0.1530158668756485,0.4819999933242798,0.2667999863624573
YPL190C,YLR408C,0,-4.3380723,0.15296731889247894,0.4819999933242798,0.2669000029563904
YKL087C,YBR107C,0,-4.338209,0.15291878581047058,0.4819999933242798,0.2669999897480011
YMR188C,YGL086W,0,-4.338682,0.1528702825307846,0.4819999933242798,0.2671000063419342
YBR054W,YNR016C,0,-4.3389573,0.15282180905342102,0.4819999933242798,0.2671999931335449
YFL018W-A,YMR215W,0,-4.3391914,0.15277338027954102,0.4819999933242798,0.267300009727478
YPL190C,YDR248C,0,-4.339254,0.1527249664068222,0.4819999933242798,0.26739999651908875
YDL232W,YER001W,0,-4.3394537,0.15267659723758698,0.4819999933242798,0.26750001311302185
YNL038W,YPR148C,0,-4.3397055,0.15262824296951294,0.4819999933242798,0.26759999990463257
YER176W,YKR096W,0,-4.339777,0.15257993340492249,0.4819999933242798,0.2676999866962433
YLR248W,YHL007C,1,-4.339892,0.15284809470176697,0.4830000102519989,0.2676999866962433
YPR106W,YER081W,0,-4.3404164,0.15279974043369293,0.4830000102519989,0.2678000032901764
YNL252C,YEL009C,0,-4.340662,0.15275141596794128,0.4830000102519989,0.2678999900817871
YHR089C,YDL205C,0,-4.3407183,0.15270313620567322,0.4830000102519989,0.2680000066757202
YLR204W,YPR148C,0,-4.3416343,0.15265487134456635,0.4830000102519989,0.26809999346733093
YMR040W,YJR027W,0,-4.3416443,0.15260663628578186,0.4830000102519989,0.26820001006126404
YOR391C,YDL064W,0,-4.341706,0.15255843102931976,0.4830000102519989,0.26829999685287476
YMR030W,YER082C,0,-4.3419456,0.15251025557518005,0.4830000102519989,0.26840001344680786
YER019W,YCR073C,1,-4.341985,0.1527777761220932,0.48399999737739563,0.26840001344680786
YPL059W,YNL020C,1,-4.342131,0.15304511785507202,0.48500001430511475,0.26840001344680786
YDR320C-A,YML127W,0,-4.3421493,0.15299683809280396,0.48500001430511475,0.2685000002384186
YGL185C,YML078W,0,-4.342222,0.15294860303401947,0.48500001430511475,0.2685999870300293
YBR054W,YKL089W,0,-4.342308,0.15290038287639618,0.48500001430511475,0.2687000036239624
YLR002C,YPR108W,0,-4.3423223,0.15285219252109528,0.48500001430511475,0.2687999904155731
YDR210W,YDR142C,0,-4.3423567,0.15280403196811676,0.48500001430511475,0.2689000070095062
YDR001C,YDR421W,0,-4.3424797,0.15275590121746063,0.48500001430511475,0.26899999380111694
YPL059W,YBR086C,1,-4.3426433,0.1530226767063141,0.4860000014305115,0.26899999380111694
YJR056C,YDR358W,0,-4.3427067,0.15297450125217438,0.4860000014305115,0.26910001039505005
YDR347W,YKL193C,0,-4.342997,0.15292637050151825,0.4860000014305115,0.26919999718666077
YLR372W,YNL135C,0,-4.3430657,0.1528782695531845,0.4860000014305115,0.26930001378059387
YBL074C,YIL068C,0,-4.3433247,0.15283018350601196,0.4860000014305115,0.2694000005722046
YMR289W,YDR354W,0,-4.3435335,0.152782142162323,0.4860000014305115,0.2694999873638153
YGL023C,YKL011C,0,-4.3436184,0.15273413062095642,0.4860000014305115,0.2696000039577484
YJL219W,YPL091W,0,-4.3438497,0.15268614888191223,0.4860000014305115,0.26969999074935913
YER089C,YLR319C,1,-4.3446174,0.15295226871967316,0.4869999885559082,0.26969999074935913
YOR250C,YDL100C,0,-4.3448057,0.15290424227714539,0.4869999885559082,0.26980000734329224
YLR398C,YGR062C,0,-4.3451333,0.15285624563694,0.4869999885559082,0.26989999413490295
YER005W,YDR027C,0,-4.3451333,0.152808278799057,0.4869999885559082,0.27000001072883606
YIL136W,YDR036C,0,-4.345227,0.1527603566646576,0.4869999885559082,0.2700999975204468
YFL031W,YPL187W,0,-4.3453283,0.15271244943141937,0.4869999885559082,0.2702000141143799
YML070W,YBL084C,0,-4.3453293,0.15266457200050354,0.4869999885559082,0.2703000009059906
YML074C,YKR065C,0,-4.345572,0.1526167392730713,0.4869999885559082,0.2703999876976013
YER056C-A,YKR024C,0,-4.345718,0.15256892144680023,0.4869999885559082,0.2705000042915344
YLR117C,YDL144C,0,-4.346152,0.15252113342285156,0.4869999885559082,0.27059999108314514
YBL022C,YGR234W,0,-4.3462887,0.15247339010238647,0.4869999885559082,0.27070000767707825
YDR013W,YML074C,0,-4.3464785,0.15242566168308258,0.4869999885559082,0.27079999446868896
YHR079C-B,YGR278W,0,-4.346686,0.15237797796726227,0.4869999885559082,0.27090001106262207
YDR376W,YLR357W,0,-4.3468256,0.15233030915260315,0.4869999885559082,0.2709999978542328
YJR064W,YHL002W,0,-4.346903,0.15228267014026642,0.4869999885559082,0.2711000144481659
YPR106W,YLR143W,0,-4.347278,0.15223507583141327,0.4869999885559082,0.2712000012397766
YOR259C,YGR211W,0,-4.34729,0.1521874964237213,0.4869999885559082,0.27129998803138733
YMR048W,YLR327C,0,-4.347739,0.15213996171951294,0.4869999885559082,0.27140000462532043
YIL067C,YBR237W,0,-4.3477736,0.15209244191646576,0.4869999885559082,0.27149999141693115
YER058W,YDR354W,0,-4.3480825,0.15204495191574097,0.4869999885559082,0.27160000801086426
YNR071C,YHL008C,0,-4.3481774,0.15199750661849976,0.4869999885559082,0.271699994802475
YOL144W,YIL120W,0,-4.3482914,0.15195007622241974,0.4869999885559082,0.2718000113964081
YLR336C,YKL062W,1,-4.348743,0.15221460163593292,0.4880000054836273,0.2718000113964081
YLR442C,YLR370C,0,-4.348944,0.15216714143753052,0.4880000054836273,0.2718999981880188
YLR128W,YHL003C,0,-4.348993,0.1521196961402893,0.4880000054836273,0.2720000147819519
YHR123W,YOL041C,0,-4.3492703,0.15207229554653168,0.4880000054836273,0.2721000015735626
YDL193W,YJR134C,0,-4.3496194,0.15202492475509644,0.4880000054836273,0.27219998836517334
YGR261C,YGR086C,0,-4.349685,0.15197758376598358,0.4880000054836273,0.27230000495910645
YIL078W,YIL011W,0,-4.350168,0.15193025767803192,0.4880000054836273,0.27239999175071716
YPL237W,YIL119C,0,-4.350171,0.15188297629356384,0.4880000054836273,0.27250000834465027
YOL002C,YJR007W,0,-4.350575,0.15183572471141815,0.4880000054836273,0.272599995136261
YJL138C,YNL129W,0,-4.3505845,0.15178848803043365,0.4880000054836273,0.2727000117301941
YDR443C,YMR303C,0,-4.350886,0.15174129605293274,0.4880000054836273,0.2727999985218048
YML114C,YLR410W,0,-4.351137,0.15169411897659302,0.4880000054836273,0.2728999853134155
YFL002W-A,YGL002W,0,-4.351202,0.15164698660373688,0.4880000054836273,0.27300000190734863
YOL029C,YDR219C,0,-4.351484,0.15159986913204193,0.4880000054836273,0.27309998869895935
YLR438C-A,YDR224C,0,-4.3515077,0.15155279636383057,0.4880000054836273,0.27320000529289246
YHR215W,YOL121C,0,-4.3517,0.1515057384967804,0.4880000054836273,0.2732999920845032
YBR158W,YPR082C,0,-4.351705,0.1514587253332138,0.4880000054836273,0.2734000086784363
YPR052C,YNL246W,0,-4.3518476,0.1514117270708084,0.4880000054836273,0.273499995470047
YML058W,YGR241C,0,-4.351929,0.1513647586107254,0.4880000054836273,0.2736000120639801
YOR356W,YNR041C,0,-4.352145,0.15131783485412598,0.4880000054836273,0.2736999988555908
YCR035C,YML057W,0,-4.3522663,0.15127092599868774,0.4880000054836273,0.27379998564720154
YOR017W,YNL286W,0,-4.3524923,0.1512240469455719,0.4880000054836273,0.27390000224113464
YDR320C-A,YOL110W,0,-4.3526597,0.15117719769477844,0.4880000054836273,0.27399998903274536
YOR100C,YIL119C,0,-4.3527136,0.15113037824630737,0.4880000054836273,0.27410000562667847
YEL058W,YMR236W,0,-4.3527513,0.1510835886001587,0.4880000054836273,0.2741999924182892
YER087C-A,YDR238C,0,-4.3527927,0.1510368287563324,0.4880000054836273,0.2743000090122223
YBR090C-A,YIL034C,0,-4.3527956,0.1509900987148285,0.4880000054836273,0.274399995803833
YOL068C,YNL158W,0,-4.3528037,0.15094339847564697,0.4880000054836273,0.2745000123977661
YER129W,YER127W,0,-4.352854,0.15089672803878784,0.4880000054836273,0.27459999918937683
YOR033C,YML087C,0,-4.3529143,0.1508500725030899,0.4880000054836273,0.27469998598098755
YBR253W,YMR050C,0,-4.353122,0.15080346167087555,0.4880000054836273,0.27480000257492065
YFL005W,YLR287C-A,0,-4.3534565,0.15075688064098358,0.4880000054836273,0.27489998936653137
YPR028W,YAR010C,0,-4.3537064,0.1507103145122528,0.4880000054836273,0.2750000059604645
YPL195W,YDR005C,0,-4.3537145,0.15066377818584442,0.4880000054836273,0.2750999927520752
YMR167W,YJR160C,0,-4.3537374,0.15061728656291962,0.4880000054836273,0.2752000093460083
YKR048C,YHL003C,0,-4.35429,0.150570809841156,0.4880000054836273,0.275299996137619
YHR028C,YJL028W,0,-4.354524,0.15052436292171478,0.4880000054836273,0.2754000127315521
YML121W,YML088W,0,-4.354687,0.15047794580459595,0.4880000054836273,0.27549999952316284
YNL312W,YLR007W,0,-4.3547277,0.1504315733909607,0.4880000054836273,0.27559998631477356
YCL039W,YHL002W,0,-4.3547935,0.15038520097732544,0.4880000054836273,0.27570000290870667
YOR347C,YMR215W,0,-4.3548055,0.15033887326717377,0.4880000054836273,0.2757999897003174
YMR053C,YNL227C,0,-4.3548346,0.15029257535934448,0.4880000054836273,0.2759000062942505
YMR086W,YBR107C,0,-4.3550706,0.15024630725383759,0.4880000054836273,0.2759999930858612
YDR221W,YLR398C,0,-4.35528,0.15020006895065308,0.4880000054836273,0.2761000096797943
YNL071W,YIL040W,0,-4.355781,0.15015384554862976,0.4880000054836273,0.27619999647140503
YDR162C,YBR016W,1,-4.3557954,0.15041525661945343,0.48899999260902405,0.27619999647140503
YBR171W,YNL115C,0,-4.3559647,0.15036900341510773,0.48899999260902405,0.27630001306533813
YLR332W,YGR014W,1,-4.3561873,0.1506301909685135,0.49000000953674316,0.27630001306533813
YDR188W,YNL038W,0,-4.356658,0.1505838930606842,0.49000000953674316,0.27639999985694885
YGR065C,YHR201C,0,-4.3567715,0.1505376398563385,0.49000000953674316,0.27649998664855957
YDR163W,YCR040W,0,-4.357022,0.150491401553154,0.49000000953674316,0.2766000032424927
YIL075C,YKL150W,0,-4.357327,0.15044519305229187,0.49000000953674316,0.2766999900341034
YBR210W,YJR059W,0,-4.3573575,0.15039901435375214,0.49000000953674316,0.2768000066280365
YLR023C,YJR045C,0,-4.3575296,0.1503528654575348,0.49000000953674316,0.2768999934196472
YDR036C,YDR350C,0,-4.3575363,0.15030674636363983,0.49000000953674316,0.2770000100135803
YKL088W,YML131W,1,-4.357621,0.15056730806827545,0.4909999966621399,0.2770000100135803
YKL069W,YIL130W,0,-4.3580585,0.1505211591720581,0.4909999966621399,0.27709999680519104
YNL325C,YLL016W,0,-4.358124,0.15047502517700195,0.4909999966621399,0.27720001339912415
YNL149C,YGL222C,0,-4.3586264,0.1504289209842682,0.4909999966621399,0.27730000019073486
YDL222C,YKR003W,0,-4.3586364,0.1503828465938568,0.4909999966621399,0.2773999869823456
YMR214W,YAR015W,0,-4.358674,0.15033680200576782,0.4909999966621399,0.2775000035762787
YOR321W,YDL236W,0,-4.3587117,0.15029078722000122,0.4909999966621399,0.2775999903678894
YHR042W,YML075C,0,-4.3589287,0.150244802236557,0.4909999966621399,0.2777000069618225
YKL188C,YJR110W,0,-4.3589964,0.150198832154274,0.4909999966621399,0.2777999937534332
YDR253C,YDL231C,0,-4.359125,0.15015290677547455,0.4909999966621399,0.27790001034736633
YKL088W,YMR109W,1,-4.3591447,0.15041272342205048,0.492000013589859,0.27790001034736633
YPL089C,YAL032C,0,-4.359168,0.15036675333976746,0.492000013589859,0.27799999713897705
YNL254C,YNL071W,0,-4.3592362,0.15032081305980682,0.492000013589859,0.27810001373291016
YBR012W-A,YLR357W,0,-4.359329,0.15027488768100739,0.492000013589859,0.2782000005245209
YLR006C,YPL242C,1,-4.359347,0.15053434669971466,0.49300000071525574,0.2782000005245209
YBR110W,YHL028W,0,-4.359617,0.15048840641975403,0.49300000071525574,0.2782999873161316
YOL116W,YKL048C,1,-4.3597436,0.1507476419210434,0.49399998784065247,0.2782999873161316
YNL275W,YOR375C,0,-4.3598943,0.150701642036438,0.49399998784065247,0.2784000039100647
YDR486C,YOR341W,0,-4.3600845,0.15065568685531616,0.49399998784065247,0.2784999907016754
YKR067W,YNR011C,0,-4.360193,0.15060976147651672,0.49399998784065247,0.2786000072956085
YJR022W,YLL026W,0,-4.360381,0.15056385099887848,0.49399998784065247,0.27869999408721924
YKL134C,YJL050W,0,-4.36089,0.15051797032356262,0.49399998784065247,0.27880001068115234
YIL067C,YOR067C,0,-4.3609,0.15047213435173035,0.49399998784065247,0.27889999747276306
YBR301W,YNL158W,0,-4.3609724,0.15042631328105927,0.49399998784065247,0.27900001406669617
YDL010W,YMR037C,1,-4.3612175,0.15068493783473969,0.4950000047683716,0.27900001406669617
YML038C,YOR056C,0,-4.3614273,0.15063907206058502,0.4950000047683716,0.2791000008583069
YLR414C,YFL002W-A,0,-4.3614826,0.15059325098991394,0.4950000047683716,0.2791999876499176
YNL146W,YBR153W,0,-4.362029,0.15054744482040405,0.4950000047683716,0.2793000042438507
YPL058C,YGL061C,0,-4.3620305,0.15050166845321655,0.4950000047683716,0.2793999910354614
YDR450W,YOL110W,0,-4.3624735,0.15045592188835144,0.4950000047683716,0.27950000762939453
YIR017C,YPR021C,0,-4.3626814,0.15041020512580872,0.4950000047683716,0.27959999442100525
YPL242C,YOR028C,1,-4.3628535,0.15066829323768616,0.4959999918937683,0.27959999442100525
YDL010W,YER089C,1,-4.362856,0.15092620253562927,0.4970000088214874,0.27959999442100525
YNL209W,YJL062W,0,-4.362964,0.1508803814649582,0.4970000088214874,0.27970001101493835
YOR060C,YPL075W,0,-4.3630347,0.1508346050977707,0.4970000088214874,0.2797999978065491
YER127W,YGR186W,0,-4.363051,0.1507888287305832,0.4970000088214874,0.2799000144004822
YCR066W,YNR040W,0,-4.3632483,0.15074309706687927,0.4970000088214874,0.2800000011920929
YER118C,YBL061C,1,-4.3635874,0.15100060403347015,0.49799999594688416,0.2800000011920929
YGL085W,YMR158W,0,-4.3642926,0.15095482766628265,0.49799999594688416,0.2800999879837036
YJR099W,YBR114W,0,-4.3642983,0.15090909600257874,0.49799999594688416,0.2802000045776367
YDL191W,YGR161C,0,-4.3643556,0.150863379240036,0.49799999594688416,0.28029999136924744
YAL020C,YOR100C,0,-4.364904,0.15081769227981567,0.49799999594688416,0.28040000796318054
YKR001C,YPL037C,0,-4.365182,0.15077202022075653,0.49799999594688416,0.28049999475479126
YBR003W,YDR441C,0,-4.3652015,0.15072639286518097,0.49799999594688416,0.28060001134872437
YGL093W,YBR189W,0,-4.3655767,0.1506807804107666,0.49799999594688416,0.2806999981403351
YJL013C,YBR126C,0,-4.3656964,0.15063521265983582,0.49799999594688416,0.2808000147342682
YLR332W,YPL239W,1,-4.365797,0.15089204907417297,0.49900001287460327,0.2808000147342682
YML091C,YIL171W,0,-4.365876,0.1508464366197586,0.49900001287460327,0.2809000015258789
YDR105C,YIL107C,0,-4.3663244,0.15080083906650543,0.49900001287460327,0.2809999883174896
YIL148W,YGR235C,0,-4.366375,0.15075528621673584,0.49900001287460327,0.28110000491142273
YPL232W,YDR045C,0,-4.3663774,0.15070974826812744,0.49900001287460327,0.28119999170303345
YKL176C,YBR291C,0,-4.3667083,0.15066425502300262,0.49900001287460327,0.28130000829696655
YBR273C,YPR042C,0,-4.3668327,0.150618776679039,0.49900001287460327,0.28139999508857727
YGR108W,YLR406C,0,-4.366889,0.15057332813739777,0.49900001287460327,0.2815000116825104
YDR117C,YPR188C,0,-4.3673506,0.15052790939807892,0.49900001287460327,0.2815999984741211
YLR067C,YOR125C,0,-4.367472,0.15048250555992126,0.49900001287460327,0.2816999852657318
YDR516C,YBR181C,0,-4.367746,0.1504371464252472,0.49900001287460327,0.2818000018596649
YPR005C,YGR008C,1,-4.36802,0.15069319307804108,0.5,0.2818000018596649
YOR122C,YCR073C,1,-4.368102,0.15094907581806183,0.5009999871253967,0.2818000018596649
YNL286W,YBL035C,0,-4.368109,0.1509036123752594,0.5009999871253967,0.28189998865127563
YNL055C,YBL005W-A,0,-4.368121,0.15085817873477936,0.5009999871253967,0.28200000524520874
YAL002W,YLL014W,0,-4.3682356,0.1508127599954605,0.5009999871253967,0.28209999203681946
YMR243C,YJR086W,0,-4.3687243,0.15076738595962524,0.5009999871253967,0.28220000863075256
YCL045C,YOR179C,0,-4.368965,0.15072202682495117,0.5009999871253967,0.2822999954223633
YIL098C,YDR507C,0,-4.3689985,0.1506766974925995,0.5009999871253967,0.2824000120162964
YHL025W,YGR048W,0,-4.369417,0.150631383061409,0.5009999871253967,0.2824999988079071
YGR211W,YGR156W,0,-4.3696756,0.1505861133337021,0.5009999871253967,0.2825999855995178
YEL038W,YDR098C,0,-4.369882,0.15054085850715637,0.5009999871253967,0.2827000021934509
YPL009C,YBR085W,0,-4.3699393,0.15049564838409424,0.5009999871253967,0.28279998898506165
YGR207C,YLL018C,0,-4.37019,0.1504504531621933,0.5009999871253967,0.28290000557899475
YNL169C,YOR234C,0,-4.370358,0.15040528774261475,0.5009999871253967,0.28299999237060547
YJR014W,YBR119W,0,-4.370469,0.1503601372241974,0.5009999871253967,0.2831000089645386
YLR460C,YER044C-A,0,-4.370583,0.1503150314092636,0.5009999871253967,0.2831999957561493
YMR050C,YHR191C,0,-4.371478,0.15026994049549103,0.5009999871253967,0.2833000123500824
YLR423C,YFL002C,0,-4.3717346,0.15022489428520203,0.5009999871253967,0.2833999991416931
YLL048C,YKL002W,0,-4.3721423,0.15017986297607422,0.5009999871253967,0.28349998593330383
YHL007C,YBR014C,1,-4.372145,0.15043452382087708,0.5019999742507935,0.28349998593330383
YKL160W,YBR089C-A,0,-4.373055,0.15038944780826569,0.5019999742507935,0.28360000252723694
YKR061W,YGR116W,0,-4.373087,0.15034441649913788,0.5019999742507935,0.28369998931884766
YJL160C,YDL146W,0,-4.3731747,0.15029940009117126,0.5019999742507935,0.28380000591278076
YDR432W,YER170W,0,-4.373389,0.15025441348552704,0.5019999742507935,0.2838999927043915
YBL046W,YJR046W,0,-4.3734064,0.1502094566822052,0.5019999742507935,0.2840000092983246
YFR014C,YOR039W,0,-4.3734365,0.15016452968120575,0.5019999742507935,0.2840999960899353
YGL011C,YMR072W,0,-4.3735414,0.1501196175813675,0.5019999742507935,0.2842000126838684
YLR368W,YPL177C,0,-4.373669,0.15007473528385162,0.5019999742507935,0.2842999994754791
YER131W,YDR092W,0,-4.373733,0.15002988278865814,0.5019999742507935,0.28439998626708984
YDR103W,YPR114W,0,-4.374121,0.14998506009578705,0.5019999742507935,0.28450000286102295
YFR031C-A,YOR258W,0,-4.3742785,0.14994026720523834,0.5019999742507935,0.28459998965263367
YBR016W,YMR109W,1,-4.3743596,0.15019409358501434,0.503000020980835,0.28459998965263367
YMR021C,YGL125W,0,-4.3743773,0.15014925599098206,0.503000020980835,0.2847000062465668
YOR224C,YOR228C,0,-4.3743873,0.15010444819927216,0.503000020980835,0.2847999930381775
YEL065W,YJR104C,0,-4.3745294,0.15005967020988464,0.503000020980835,0.2849000096321106
YIL051C,YNR019W,0,-4.374537,0.15001490712165833,0.503000020980835,0.2849999964237213
YJL189W,YDL100C,0,-4.37457,0.1499701887369156,0.503000020980835,0.2851000130176544
YCR089W,YDR358W,0,-4.3746114,0.14992548525333405,0.503000020980835,0.28519999980926514
YLR421C,YOR381W,0,-4.374775,0.1498808115720749,0.503000020980835,0.28529998660087585
YGL166W,YOR337W,0,-4.3749332,0.14983616769313812,0.503000020980835,0.28540000319480896
YLR439W,YKL137W,0,-4.375394,0.14979153871536255,0.503000020980835,0.2854999899864197
YMR029C,YJL113W,0,-4.375463,0.14974695444107056,0.503000020980835,0.2856000065803528
YMR104C,YAL056W,0,-4.3757544,0.14970238506793976,0.503000020980835,0.2856999933719635
YJR090C,YJL028W,0,-4.375915,0.14965784549713135,0.503000020980835,0.2858000099658966
YMR188C,YHR128W,0,-4.3761206,0.14961332082748413,0.503000020980835,0.2858999967575073
YHR037W,YBL069W,0,-4.376164,0.1495688408613205,0.503000020980835,0.28600001335144043
YPL055C,YOR086C,0,-4.3764052,0.14952437579631805,0.503000020980835,0.28610000014305115
YLR275W,YLR427W,0,-4.376556,0.149479940533638,0.503000020980835,0.28619998693466187
YBR293W,YMR055C,0,-4.3766937,0.14943553507328033,0.503000020980835,0.28630000352859497
YNL146W,YNL154C,0,-4.37671,0.14939114451408386,0.503000020980835,0.2863999903202057
YKL010C,YCL055W,0,-4.376714,0.14934679865837097,0.503000020980835,0.2865000069141388
YHR072W-A,YDL138W,0,-4.3768144,0.14930246770381927,0.503000020980835,0.2865999937057495
YHR166C,YMR323W,0,-4.3768816,0.14925816655158997,0.503000020980835,0.2867000102996826
YLR064W,YGL123W,0,-4.377056,0.14921388030052185,0.503000020980835,0.28679999709129333
YOL147C,YNL136W,0,-4.377286,0.14916963875293732,0.503000020980835,0.28690001368522644
YDR086C,YOR339C,0,-4.3773003,0.14912541210651398,0.503000020980835,0.28700000047683716
YHR114W,YCR009C,1,-4.377355,0.14937759935855865,0.5040000081062317,0.28700000047683716
YML094W,YDR079C-A,0,-4.377459,0.14933332800865173,0.5040000081062317,0.2870999872684479
YGL090W,YNL118C,0,-4.3775296,0.1492891013622284,0.5040000081062317,0.287200003862381
YGL160W,YNL025C,0,-4.3778553,0.14924488961696625,0.5040000081062317,0.2872999906539917
YMR175W,YLR337W,1,-4.3779454,0.14949674904346466,0.5049999952316284,0.2872999906539917
YOR133W,YNL264C,0,-4.378616,0.14945250749588013,0.5049999952316284,0.2874000072479248
YDR531W,YER044C-A,0,-4.3787885,0.1494082808494568,0.5049999952316284,0.2874999940395355
YMR224C,YIL069C,0,-4.3788247,0.14936409890651703,0.5049999952316284,0.28760001063346863
YAL068C,YGR121C,0,-4.3789253,0.14931993186473846,0.5049999952316284,0.28769999742507935
YMR226C,YBR146W,0,-4.37893,0.1492757946252823,0.5049999952316284,0.28780001401901245
YJR014W,YGR024C,0,-4.3793592,0.1492316722869873,0.5049999952316284,0.28790000081062317
YMR263W,YOL092W,0,-4.379437,0.1491875946521759,0.5049999952316284,0.2879999876022339
YPL156C,YPL055C,0,-4.379525,0.1491435319185257,0.5049999952316284,0.288100004196167
YDR025W,YDR361C,0,-4.379554,0.14909949898719788,0.5049999952316284,0.2881999909877777
YKL048C,YFL039C,1,-4.3796425,0.14935064315795898,0.5059999823570251,0.2881999909877777
YML081C-A,YDR362C,0,-4.379769,0.14930658042430878,0.5059999823570251,0.2883000075817108
YPR097W,YHR165C,0,-4.3797903,0.14926253259181976,0.5059999823570251,0.28839999437332153
YJL164C,YMR045C,0,-4.3797936,0.14921851456165314,0.5059999823570251,0.28850001096725464
YOL094C,YDR377W,0,-4.3801265,0.1491745263338089,0.5059999823570251,0.28859999775886536
YOR369C,YGL003C,0,-4.380237,0.14913056790828705,0.5059999823570251,0.28870001435279846
YMR068W,YDR362C,0,-4.380255,0.1490866243839264,0.5059999823570251,0.2888000011444092
YBL101C,YNR054C,0,-4.380562,0.14904271066188812,0.5059999823570251,0.2888999879360199
YLR176C,YGR129W,0,-4.3806195,0.14899882674217224,0.5059999823570251,0.289000004529953
YNL246W,YLR466W,0,-4.380624,0.14895495772361755,0.5059999823570251,0.2890999913215637
YDL019C,YOR384W,0,-4.3807235,0.14891111850738525,0.5059999823570251,0.2892000079154968
YDR432W,YNL014W,0,-4.380825,0.14886730909347534,0.5059999823570251,0.28929999470710754
YDR248C,YNL065W,0,-4.381245,0.14882352948188782,0.5059999823570251,0.28940001130104065
YBL024W,YCL040W,0,-4.3813305,0.1487797647714615,0.5059999823570251,0.28949999809265137
YMR098C,YGL255W,0,-4.3813834,0.14873604476451874,0.5059999823570251,0.2896000146865845
YLR298C,YOL021C,0,-4.3817177,0.148692324757576,0.5059999823570251,0.2897000014781952
YNL327W,YGL065C,0,-4.381723,0.14864864945411682,0.5059999823570251,0.2897999882698059
YDL229W,YOL098C,0,-4.3817854,0.14860498905181885,0.5059999823570251,0.289900004863739
YJL083W,YDR545W,0,-4.381877,0.14856135845184326,0.5059999823570251,0.28999999165534973
YOR312C,YJL158C,0,-4.381939,0.14851775765419006,0.5059999823570251,0.29010000824928284
YLR200W,YNL294C,0,-4.381993,0.14847417175769806,0.5059999823570251,0.29019999504089355
YDR506C,YGL229C,0,-4.3821635,0.14843063056468964,0.5059999823570251,0.29030001163482666
YLL053C,YBR279W,0,-4.382194,0.1483870893716812,0.5059999823570251,0.2903999984264374
YLR460C,YLL009C,0,-4.3823752,0.14834359288215637,0.5059999823570251,0.2904999852180481
YLR248W,YJL184W,1,-4.382426,0.14859320223331451,0.5070000290870667,0.2904999852180481
YMR051C,YKL002W,0,-4.382852,0.1485496610403061,0.5070000290870667,0.2906000018119812
YOR346W,YNR016C,0,-4.3830295,0.14850614964962006,0.5070000290870667,0.2906999886035919
YJL111W,YIL109C,0,-4.383095,0.1484626680612564,0.5070000290870667,0.290800005197525
YOR149C,YKL060C,0,-4.3838515,0.14841920137405396,0.5070000290870667,0.29089999198913574
YMR190C,YDR456W,0,-4.3838716,0.1483757644891739,0.5070000290870667,0.29100000858306885
YDL114W,YPL154C,0,-4.384151,0.1483323574066162,0.5070000290870667,0.29109999537467957
YBR012W-A,YFL002C,0,-4.384631,0.14828898012638092,0.5070000290870667,0.29120001196861267
YBR291C,YJL089W,0,-4.38479,0.14824561774730682,0.5070000290870667,0.2912999987602234
YHR143W,YAR044W,0,-4.384821,0.14820228517055511,0.5070000290870667,0.2913999855518341
YIL127C,YLR272C,0,-4.3852215,0.1481589674949646,0.5070000290870667,0.2915000021457672
YLR299W,YBR058C-A,0,-4.3854804,0.14811569452285767,0.5070000290870667,0.29159998893737793
YAL043C,YNL023C,0,-4.385509,0.14807243645191193,0.5070000290870667,0.29170000553131104
YLR057W,YBR254C,0,-4.3855176,0.14802919328212738,0.5070000290870667,0.29179999232292175
YLR313C,YJR047C,0,-4.3862557,0.14798599481582642,0.5070000290870667,0.29190000891685486
YKL021C,YDL146W,0,-4.3862963,0.14794281125068665,0.5070000290870667,0.2919999957084656
YLR238W,YGL210W,0,-4.3863683,0.14789964258670807,0.5070000290870667,0.2921000123023987
YBL093C,YER021W,0,-4.3864284,0.14785651862621307,0.5070000290870667,0.2921999990940094
YLR039C,YFL002C,0,-4.386692,0.14781340956687927,0.5070000290870667,0.2922999858856201
YBR004C,YAL053W,0,-4.3868246,0.14777033030986786,0.5070000290870667,0.2924000024795532
YER015W,YOR322C,0,-4.3869863,0.14772726595401764,0.5070000290870667,0.29249998927116394
YPL242C,YMR037C,1,-4.387028,0.14797553420066833,0.5080000162124634,0.29249998927116394
YBR153W,YDR248C,0,-4.387075,0.14793244004249573,0.5080000162124634,0.29260000586509705
YDR299W,YPR101W,0,-4.3871846,0.1478893756866455,0.5080000162124634,0.29269999265670776
YIL147C,YBR086C,1,-4.3876753,0.14813737571239471,0.5090000033378601,0.29269999265670776
YAL051W,YGR194C,0,-4.387697,0.1480942666530609,0.5090000033378601,0.29280000925064087
YOR043W,YKL129C,1,-4.387728,0.1483420580625534,0.5099999904632568,0.29280000925064087
YLR181C,YOL049W,0,-4.3877597,0.14829891920089722,0.5099999904632568,0.2928999960422516
YPR009W,YJR016C,0,-4.3883877,0.14825581014156342,0.5099999904632568,0.2930000126361847
YPL156C,YLR421C,0,-4.388745,0.148212730884552,0.5099999904632568,0.2930999994277954
YCR027C,YOR214C,0,-4.388938,0.14816966652870178,0.5099999904632568,0.29319998621940613
YOL013C,YKL156W,0,-4.3889575,0.14812663197517395,0.5099999904632568,0.29330000281333923
YDL204W,YOR214C,0,-4.389181,0.1480836272239685,0.5099999904632568,0.29339998960494995
YML087C,YPL130W,0,-4.3893833,0.14804063737392426,0.5099999904632568,0.29350000619888306
YKL107W,YGR004W,0,-4.3894053,0.1479976773262024,0.5099999904632568,0.2935999929904938
YNL030W,YDL030W,0,-4.3894863,0.14795474708080292,0.5099999904632568,0.2937000095844269
YLR414C,YEL064C,0,-4.3896465,0.14791183173656464,0.5099999904632568,0.2937999963760376
YGL073W,YDL127W,0,-4.3897634,0.14786894619464874,0.5099999904632568,0.2939000129699707
YLL054C,YJR047C,0,-4.38989,0.14782609045505524,0.5099999904632568,0.2939999997615814
YMR164C,YIL082W-A,0,-4.3904285,0.14778324961662292,0.5099999904632568,0.29409998655319214
YDL008W,YOL041C,0,-4.3904877,0.147740438580513,0.5099999904632568,0.29420000314712524
YBR179C,YBR073W,0,-4.390579,0.14769765734672546,0.5099999904632568,0.29429998993873596
YKR104W,YLR390W-A,0,-4.3905826,0.14765489101409912,0.5099999904632568,0.29440000653266907
YKR078W,YKR049C,0,-4.3907304,0.14761215448379517,0.5099999904632568,0.2944999933242798
YML076C,YGL002W,0,-4.3909907,0.1475694477558136,0.5099999904632568,0.2946000099182129
YBR008C,YAL041W,0,-4.3910055,0.14752675592899323,0.5099999904632568,0.2946999967098236
YGL016W,YBR126C,0,-4.3910995,0.14748409390449524,0.5099999904632568,0.2948000133037567
YPL038W,YKL164C,0,-4.3912787,0.14744146168231964,0.5099999904632568,0.29490000009536743
YPL234C,YDR021W,0,-4.391302,0.14739884436130524,0.5099999904632568,0.29499998688697815
YLR119W,YOR091W,0,-4.3913484,0.14735625684261322,0.5099999904632568,0.29510000348091125
YOL001W,YFL044C,0,-4.391401,0.1473136842250824,0.5099999904632568,0.295199990272522
YGR046W,YHR062C,0,-4.3918195,0.14727115631103516,0.5099999904632568,0.2953000068664551
YOL060C,YNR052C,0,-4.391835,0.1472286432981491,0.5099999904632568,0.2953999936580658
YKR092C,YCL050C,0,-4.391993,0.14718614518642426,0.5099999904632568,0.2955000102519989
YFL034C-A,YJR135C,0,-4.3920164,0.1471436768770218,0.5099999904632568,0.2955999970436096
YGL211W,YJR076C,0,-4.392436,0.1471012383699417,0.5099999904632568,0.2957000136375427
YDR001C,YML061C,0,-4.3925714,0.14705882966518402,0.5099999904632568,0.29580000042915344
YJL184W,YCR009C,1,-4.392575,0.1473046988248825,0.5109999775886536,0.29580000042915344
YIL154C,YDL205C,0,-4.3926473,0.14726224541664124,0.5109999775886536,0.29589998722076416
YGL160W,YNL133C,0,-4.3932805,0.14721982181072235,0.5109999775886536,0.29600000381469727
YJR120W,YDL113C,0,-4.3934364,0.14717741310596466,0.5109999775886536,0.296099990606308
YKR072C,YNL190W,1,-4.393511,0.14742298424243927,0.5120000243186951,0.296099990606308
YER007W,YNR052C,0,-4.3936024,0.1473805457353592,0.5120000243186951,0.2962000072002411
YOL113W,YDR510W,0,-4.393757,0.1473381221294403,0.5120000243186951,0.2962999939918518
YIL173W,YPL215W,0,-4.393782,0.147295743227005,0.5120000243186951,0.2964000105857849
YDR379W,YNL173C,0,-4.3938293,0.1472533792257309,0.5120000243186951,0.29649999737739563
YGR209C,YNL035C,0,-4.393887,0.14721104502677917,0.5120000243186951,0.29660001397132874
YJL204C,YMR266W,0,-4.394145,0.14716872572898865,0.5120000243186951,0.29670000076293945
YGR262C,YNL045W,0,-4.3945827,0.1471264362335205,0.5120000243186951,0.29679998755455017
YIL153W,YBR016W,1,-4.394845,0.14737144112586975,0.5130000114440918,0.29679998755455017
YHR011W,YCR102C,0,-4.3951883,0.14732912182807922,0.5130000114440918,0.2969000041484833
YER091C,YJL073W,0,-4.395466,0.1472868174314499,0.5130000114440918,0.296999990940094
YBR241C,YCR096C,0,-4.395482,0.14724454283714294,0.5130000114440918,0.2971000075340271
YDR221W,YIL027C,0,-4.395521,0.1472022980451584,0.5130000114440918,0.2971999943256378
YLR446W,YBR089C-A,0,-4.3955436,0.14716006815433502,0.5130000114440918,0.2973000109195709
YER102W,YOR339C,0,-4.3956547,0.14711786806583405,0.5130000114440918,0.29739999771118164
YDR165W,YPL164C,0,-4.3957086,0.14707568287849426,0.5130000114440918,0.29750001430511475
YOR128C,YDL239C,0,-4.395716,0.14703352749347687,0.5130000114440918,0.29760000109672546
YJL026W,YER109C,0,-4.3959684,0.14699140191078186,0.5130000114440918,0.2976999878883362
YGR289C,YPL234C,0,-4.3969045,0.14694929122924805,0.5130000114440918,0.2978000044822693
YJL167W,YPR025C,0,-4.3974586,0.14690721035003662,0.5130000114440918,0.29789999127388
YGL231C,YBR048W,0,-4.397778,0.14686515927314758,0.5130000114440918,0.2980000078678131
YBL024W,YHR107C,0,-4.3980155,0.14682312309741974,0.5130000114440918,0.29809999465942383
YJR145C,YBL036C,0,-4.3980875,0.14678111672401428,0.5130000114440918,0.29820001125335693
YFL026W,YPL069C,0,-4.3982,0.14673912525177002,0.5130000114440918,0.29829999804496765
YLR362W,YDR420W,1,-4.3982463,0.14698313176631927,0.5139999985694885,0.29829999804496765
YPR075C,YBR016W,1,-4.3983808,0.1472269892692566,0.5149999856948853,0.29829999804496765
YNL263C,YKL209C,0,-4.3984265,0.14718490839004517,0.5149999856948853,0.29840001463890076
YKL058W,YLR204W,0,-4.3985105,0.14714285731315613,0.5149999856948853,0.2985000014305115
YGR041W,YOR359W,0,-4.398557,0.14710082113742828,0.5149999856948853,0.2985999882221222
YMR006C,YER131W,0,-4.3986444,0.14705882966518402,0.5149999856948853,0.2987000048160553
YPR122W,YPR028W,0,-4.39875,0.14701683819293976,0.5149999856948853,0.298799991607666
YML004C,YDR224C,0,-4.3987637,0.14697489142417908,0.5149999856948853,0.2989000082015991
YGR008C,YCR009C,1,-4.3988037,0.147218257188797,0.515999972820282,0.2989000082015991
YCR058C,YOR322C,0,-4.3988533,0.14717626571655273,0.515999972820282,0.29899999499320984
YHR113W,YKL006W,0,-4.3988843,0.14713430404663086,0.515999972820282,0.29910001158714294
YAL021C,YDR078C,0,-4.3989825,0.14709235727787018,0.515999972820282,0.29919999837875366
YDL124W,YDL043C,0,-4.3989916,0.14705044031143188,0.515999972820282,0.2992999851703644
YGL227W,YDR119W,0,-4.399403,0.14700855314731598,0.515999972820282,0.2994000017642975
YDL095W,YBL021C,0,-4.3998632,0.14696668088436127,0.515999972820282,0.2994999885559082
YDR143C,YBR149W,0,-4.400026,0.14692482352256775,0.515999972820282,0.2996000051498413
YGR220C,YGL125W,0,-4.4001493,0.1468830108642578,0.515999972820282,0.299699991941452
YDL114W,YPR101W,0,-4.4006286,0.14684121310710907,0.515999972820282,0.29980000853538513
YDR110W,YJR010C-A,0,-4.4009304,0.14679943025112152,0.515999972820282,0.29989999532699585
YPR104C,YNL142W,0,-4.4009776,0.14675767719745636,0.515999972820282,0.30000001192092896
YIL016W,YHR202W,0,-4.4009905,0.1467159539461136,0.515999972820282,0.3000999987125397
YDR103W,YKL138C,0,-4.4010916,0.146674245595932,0.515999972820282,0.3001999855041504
YLR086W,YCR039C,0,-4.4012733,0.14663256704807281,0.515999972820282,0.3003000020980835
YLR079W,YMR260C,0,-4.401621,0.14659090340137482,0.515999972820282,0.3003999888896942
YDR352W,YDR359C,0,-4.401997,0.1465492695569992,0.515999972820282,0.3005000054836273
YPL118W,YOL068C,0,-4.402108,0.14650766551494598,0.515999972820282,0.30059999227523804
YOL116W,YLR006C,1,-4.4023037,0.14674992859363556,0.5170000195503235,0.30059999227523804
YMR264W,YDL127W,0,-4.402393,0.14670827984809875,0.5170000195503235,0.30070000886917114
YHR080C,YIL129C,0,-4.402426,0.14666666090488434,0.5170000195503235,0.30079999566078186
YGR008C,YOL089C,1,-4.4026027,0.1469086855649948,0.5180000066757202,0.30079999566078186
YPL066W,YOR360C,0,-4.4027514,0.14686702191829681,0.5180000066757202,0.30090001225471497
YPR004C,YDL058W,0,-4.4032617,0.1468254029750824,0.5180000066757202,0.3009999990463257
YPL084W,YBR207W,0,-4.4035163,0.14678378403186798,0.5180000066757202,0.3010999858379364
YDR212W,YCL057C-A,0,-4.403575,0.14674220979213715,0.5180000066757202,0.3012000024318695
YMR142C,YBL021C,0,-4.4036183,0.1467006504535675,0.5180000066757202,0.3012999892234802
YLR071C,YNR022C,0,-4.4036856,0.14665912091732025,0.5180000066757202,0.30140000581741333
YOL013C,YLR220W,0,-4.4038653,0.1466176062822342,0.5180000066757202,0.30149999260902405
YBR008C,YPR096C,0,-4.403988,0.14657612144947052,0.5180000066757202,0.30160000920295715
YLR201C,YOR375C,0,-4.4040437,0.14653465151786804,0.5180000066757202,0.30169999599456787
YNL097C,YER096W,0,-4.4041114,0.14649321138858795,0.5180000066757202,0.301800012588501
YDR121W,YBL038W,0,-4.4043574,0.14645180106163025,0.5180000066757202,0.3018999993801117
YHR018C,YGL134W,0,-4.404452,0.14641040563583374,0.5180000066757202,0.3019999861717224
YIL123W,YOR348C,0,-4.4045258,0.14636902511119843,0.5180000066757202,0.3021000027656555
YNL046W,YOR197W,0,-4.404589,0.1463276892900467,0.5180000066757202,0.30219998955726624
YKL179C,YDR039C,0,-4.404744,0.14628635346889496,0.5180000066757202,0.30230000615119934
YDR487C,YHR202W,0,-4.4047456,0.1462450623512268,0.5180000066757202,0.30239999294281006
YLR450W,YPR016C,0,-4.404757,0.14620378613471985,0.5180000066757202,0.30250000953674316
YHR108W,YCR008W,0,-4.4055147,0.14616252481937408,0.5180000066757202,0.3025999963283539
YBL088C,YKL043W,0,-4.40585,0.1461212933063507,0.5180000066757202,0.302700012922287
YDL119C,YDL085W,0,-4.4061313,0.14608009159564972,0.5180000066757202,0.3027999997138977
YNL112W,YKL006C-A,0,-4.406139,0.14603890478610992,0.5180000066757202,0.3028999865055084
YLR086W,YOR136W,0,-4.406501,0.14599774777889252,0.5180000066757202,0.30300000309944153
YML092C,YLR144C,0,-4.4065022,0.1459566056728363,0.5180000066757202,0.30309998989105225
YGR204W,YHR165C,0,-4.4065194,0.14591549336910248,0.5180000066757202,0.30320000648498535
YHR005C,YOR119C,0,-4.406599,0.14587439596652985,0.5180000066757202,0.30329999327659607
YDL019C,YDR385W,0,-4.406676,0.1458333283662796,0.5180000066757202,0.3034000098705292
YFR009W,YIL160C,0,-4.406992,0.14579229056835175,0.5180000066757202,0.3034999966621399
YFR032C-A,YBR268W,0,-4.4070296,0.14575126767158508,0.5180000066757202,0.303600013256073
YKL112W,YML043C,0,-4.4072933,0.1457102745771408,0.5180000066757202,0.3037000000476837
YDR488C,YMR044W,0,-4.407408,0.14566929638385773,0.5180000066757202,0.30379998683929443
YJR129C,YPL172C,0,-4.407527,0.14562833309173584,0.5180000066757202,0.30390000343322754
YDL185W,YLR035C-A,0,-4.407539,0.14558741450309753,0.5180000066757202,0.30399999022483826
YML100W,YGL229C,0,-4.407633,0.14554649591445923,0.5180000066757202,0.30410000681877136
YOL116W,YBR016W,1,-4.407637,0.14578652381896973,0.5189999938011169,0.30410000681877136
YDL239C,YJL210W,0,-4.4076867,0.14574557542800903,0.5189999938011169,0.3041999936103821
YDR270W,YAL035W,0,-4.407701,0.14570465683937073,0.5189999938011169,0.3043000102043152
YLR205C,YBR110W,0,-4.40771,0.1456637680530548,0.5189999938011169,0.3043999969959259
YDL064W,YBL102W,0,-4.4080625,0.14562289416790009,0.5189999938011169,0.304500013589859
YJL209W,YDR080W,0,-4.408179,0.14558205008506775,0.5189999938011169,0.3046000003814697
YDL207W,YBR103W,0,-4.4082813,0.1455412209033966,0.5189999938011169,0.30469998717308044
YLR418C,YGR054W,0,-4.408472,0.14550042152404785,0.5189999938011169,0.30480000376701355
YDR169C,YMR063W,0,-4.4086113,0.1454596370458603,0.5189999938011169,0.30489999055862427
YGR193C,YBR112C,0,-4.4087667,0.14541888236999512,0.5189999938011169,0.3050000071525574
YBL014C,YBR296C,0,-4.4088154,0.14537815749645233,0.5189999938011169,0.3050999939441681
YPR065W,YPL270W,0,-4.408842,0.14533744752407074,0.5189999938011169,0.3052000105381012
YLR085C,YNL130C,0,-4.409183,0.14529675245285034,0.5189999938011169,0.3052999973297119
YEL001C,YDR158W,0,-4.409329,0.14525608718395233,0.5189999938011169,0.305400013923645
YPR067W,YIL027C,0,-4.4094553,0.1452154517173767,0.5189999938011169,0.30550000071525574
YKL049C,YBR058C-A,0,-4.4094887,0.14517483115196228,0.5189999938011169,0.30559998750686646
YDL120W,YER100W,0,-4.4095635,0.14513422548770905,0.5189999938011169,0.30570000410079956
YJL137C,YDR463W,0,-4.4096003,0.1450936496257782,0.5189999938011169,0.3057999908924103
YKR085C,YER177W,0,-4.4096446,0.14505310356616974,0.5189999938011169,0.3059000074863434
YGL257C,YHR165C,0,-4.4098263,0.14501257240772247,0.5189999938011169,0.3059999942779541
YGR223C,YNR026C,0,-4.409888,0.1449720710515976,0.5189999938011169,0.3061000108718872
YGR170W,YKR085C,0,-4.41046,0.1449315845966339,0.5189999938011169,0.3061999976634979
YDR041W,YOR141C,0,-4.410679,0.14489112794399261,0.5189999938011169,0.30630001425743103
YLL015W,YJR076C,0,-4.4106913,0.1448506861925125,0.5189999938011169,0.30640000104904175
YER027C,YGR086C,0,-4.410826,0.1448102742433548,0.5189999938011169,0.30649998784065247
YFR006W,YLR056W,0,-4.4111676,0.14476987719535828,0.5189999938011169,0.30660000443458557
YLR039C,YGR257C,0,-4.411337,0.14472950994968414,0.5189999938011169,0.3066999912261963
YJL129C,YDR358W,0,-4.4114833,0.1446891576051712,0.5189999938011169,0.3068000078201294
YBL005W-A,YHR033W,0,-4.4122825,0.14464883506298065,0.5189999938011169,0.3068999946117401
YEL065W,YJL052W,0,-4.412337,0.1446085274219513,0.5189999938011169,0.3070000112056732
YDR168W,YOR047C,1,-4.4123435,0.14484679698944092,0.5199999809265137,0.3070000112056732
YDR247W,YML078W,0,-4.4123983,0.14480645954608917,0.5199999809265137,0.30709999799728394
YDR489W,YOR231W,0,-4.412474,0.14476615190505981,0.5199999809265137,0.30720001459121704
YNL091W,YBR016W,1,-4.4125605,0.14500416815280914,0.5210000276565552,0.30720001459121704
YDR388W,YER019W,1,-4.412591,0.14524206519126892,0.5220000147819519,0.30720001459121704
YKL063C,YDL135C,0,-4.4127307,0.1452016681432724,0.5220000147819519,0.30730000138282776
YCL068C,YDR204W,0,-4.4127703,0.14516128599643707,0.5220000147819519,0.3073999881744385
YIL087C,YDL223C,0,-4.412784,0.14512093365192413,0.5220000147819519,0.3075000047683716
YNL292W,YAL012W,0,-4.4128017,0.1450805962085724,0.5220000147819519,0.3075999915599823
YER106W,YJR125C,0,-4.412905,0.14504028856754303,0.5220000147819519,0.3077000081539154
YHL032C,YIL043C,0,-4.413172,0.14499999582767487,0.5220000147819519,0.3077999949455261
YKR061W,YIL123W,0,-4.4134207,0.1449597328901291,0.5220000147819519,0.30790001153945923
YPR028W,YML085C,0,-4.413504,0.1449194848537445,0.5220000147819519,0.30799999833106995
YDR390C,YLR095C,0,-4.413638,0.1448792666196823,0.5220000147819519,0.30809998512268066
YBR156C,YPL066W,0,-4.4136424,0.1448390632867813,0.5220000147819519,0.30820000171661377
YER019W,YDR168W,1,-4.4137387,0.14507628977298737,0.5230000019073486,0.30820000171661377
YGR256W,YNR040W,0,-4.4139047,0.14503605663776398,0.5230000019073486,0.3082999885082245
YJR088C,YLR446W,0,-4.413955,0.14499583840370178,0.5230000019073486,0.3084000051021576
YLR430W,YGR283C,0,-4.413985,0.14495564997196198,0.5230000019073486,0.3084999918937683
YLR226W,YER120W,0,-4.4145365,0.14491549134254456,0.5230000019073486,0.3086000084877014
YGL157W,YNR023W,0,-4.4146104,0.14487534761428833,0.5230000019073486,0.30869999527931213
YDR390C,YBR149W,0,-4.414677,0.1448352187871933,0.5230000019073486,0.30880001187324524
YNL115C,YDR119W,0,-4.4148035,0.14479513466358185,0.5230000019073486,0.30889999866485596
YNL190W,YKL088W,1,-4.4149017,0.14503182470798492,0.5239999890327454,0.30889999866485596
YBL036C,YNL217W,0,-4.414924,0.1449916958808899,0.5239999890327454,0.3089999854564667
YLR336C,YCR009C,1,-4.414926,0.14522822201251984,0.5249999761581421,0.3089999854564667
YHL007C,YCR009C,1,-4.4150596,0.14546459913253784,0.5260000228881836,0.3089999854564667
YOL097C,YGL173C,0,-4.4150643,0.14542438089847565,0.5260000228881836,0.3091000020503998
YGL231C,YGL254W,0,-4.4154267,0.14538419246673584,0.5260000228881836,0.3091999888420105
YLR324W,YIL033C,0,-4.4154954,0.14534401893615723,0.5260000228881836,0.3093000054359436
YLR381W,YOR234C,0,-4.4161606,0.1453038603067398,0.5260000228881836,0.3093999922275543
YPR192W,YCL051W,0,-4.416244,0.14526374638080597,0.5260000228881836,0.3095000088214874
YBR272C,YLL001W,0,-4.416255,0.14522363245487213,0.5260000228881836,0.30959999561309814
YGR062C,YGR009C,0,-4.416307,0.14518354833126068,0.5260000228881836,0.30970001220703125
YMR280C,YOR095C,0,-4.4166446,0.14514349400997162,0.5260000228881836,0.30979999899864197
YMR042W,YPR165W,0,-4.41666,0.14510345458984375,0.5260000228881836,0.3098999857902527
YBR087W,YJR064W,0,-4.416927,0.14506343007087708,0.5260000228881836,0.3100000023841858
YBR218C,YHL050C,0,-4.417001,0.1450234353542328,0.5260000228881836,0.3100999891757965
YNL301C,YOL018C,0,-4.417116,0.1449834555387497,0.5260000228881836,0.3102000057697296
YBR301W,YGL090W,0,-4.417138,0.144943505525589,0.5260000228881836,0.31029999256134033
YPL152W,YNL190W,1,-4.4171395,0.14517906308174133,0.5270000100135803,0.31029999256134033
YDL154W,YER069W,0,-4.417169,0.14513908326625824,0.5270000100135803,0.31040000915527344
YBR290W,YDR477W,0,-4.417225,0.14509911835193634,0.5270000100135803,0.31049999594688416
YPR005C,YDR162C,1,-4.4173408,0.14533443748950958,0.527999997138977,0.31049999594688416
YHL026C,YML120C,0,-4.4174457,0.1452944427728653,0.527999997138977,0.31060001254081726
YHR017W,YLR154W-C,0,-4.4176702,0.1452544778585434,0.527999997138977,0.310699999332428
YGR217W,YJR135W-A,0,-4.4176764,0.1452145278453827,0.527999997138977,0.3107999861240387
YPL095C,YJR129C,0,-4.4177833,0.14517459273338318,0.527999997138977,0.3109000027179718
YHR205W,YKL143W,1,-4.417932,0.14540956914424896,0.5289999842643738,0.3109000027179718
YLR155C,YOL157C,0,-4.4180627,0.14536960422992706,0.5289999842643738,0.3109999895095825
YJR052W,YKL004W,0,-4.418081,0.14532966911792755,0.5289999842643738,0.3111000061035156
YMR162C,YFL044C,0,-4.418169,0.14528974890708923,0.5289999842643738,0.31119999289512634
YBR048W,YMR074C,0,-4.418199,0.1452498584985733,0.5289999842643738,0.31130000948905945
YOR293W,YNL106C,0,-4.41861,0.14520999789237976,0.5289999842643738,0.31139999628067017
YFR050C,YDL230W,0,-4.4187374,0.14517013728618622,0.5289999842643738,0.31150001287460327
YHR035W,YDR248C,0,-4.4188313,0.14513032138347626,0.5289999842643738,0.311599999666214
YPR075C,YPL059W,1,-4.4188848,0.14536477625370026,0.5299999713897705,0.311599999666214
YPL075W,YEL032W,0,-4.4189997,0.1453249305486679,0.5299999713897705,0.3116999864578247
YNL029C,YER169W,0,-4.419161,0.14528508484363556,0.5299999713897705,0.3118000030517578
YOR092W,YPL266W,0,-4.419244,0.1452452689409256,0.5299999713897705,0.31189998984336853
YPL153C,YGR194C,0,-4.419423,0.14520548284053802,0.5299999713897705,0.31200000643730164
YPR057W,YLR417W,0,-4.4195657,0.14516571164131165,0.5299999713897705,0.31209999322891235
YOR063W,YGR049W,0,-4.4195786,0.14512595534324646,0.5299999713897705,0.31220000982284546
YOR004W,YGL045W,0,-4.4196215,0.14508622884750366,0.5299999713897705,0.3122999966144562
YOR122C,YLR319C,1,-4.419794,0.14532019197940826,0.531000018119812,0.3122999966144562
YGR191W,YKL032C,0,-4.419854,0.14528043568134308,0.531000018119812,0.3124000132083893
YPL271W,YDR073W,0,-4.4198585,0.1452406942844391,0.531000018119812,0.3125
YKR014C,YOR253W,0,-4.420004,0.14520098268985748,0.531000018119812,0.3125999867916107
YBR077C,YJL154C,0,-4.4200907,0.14516128599643707,0.531000018119812,0.3127000033855438
YPL117C,YMR045C,0,-4.420149,0.14512161910533905,0.531000018119812,0.31279999017715454
YLR019W,YJL183W,0,-4.420232,0.14508196711540222,0.531000018119812,0.31290000677108765
YER019W,YBR014C,1,-4.420254,0.145315483212471,0.5320000052452087,0.31290000677108765
YDR052C,YHL002W,0,-4.420304,0.1452758014202118,0.5320000052452087,0.31299999356269836
YDR338C,YPR081C,0,-4.4203157,0.14523614943027496,0.5320000052452087,0.31310001015663147
YPL262W,YBL103C,0,-4.4205465,0.14519651234149933,0.5320000052452087,0.3131999969482422
YOR035C,YLR092W,0,-4.420665,0.1451568901538849,0.5320000052452087,0.3133000135421753
YHR089C,YGL038C,0,-4.4207454,0.14511729776859283,0.5320000052452087,0.313400000333786
YLR337C,YKL088W,1,-4.4212546,0.14535042643547058,0.5329999923706055,0.313400000333786
YOR081C,YOL110W,0,-4.421938,0.14531078934669495,0.5329999923706055,0.31349998712539673
YKL152C,YDL231C,0,-4.421966,0.1452711969614029,0.5329999923706055,0.31360000371932983
YER041W,YER061C,0,-4.422379,0.14523160457611084,0.5329999923706055,0.31369999051094055
YAL010C,YLL054C,0,-4.4223914,0.14519204199314117,0.5329999923706055,0.31380000710487366
YDL010W,YDR162C,1,-4.4223986,0.14542484283447266,0.5339999794960022,0.31380000710487366
YDR012W,YFR003C,0,-4.422406,0.1453852504491806,0.5339999794960022,0.3138999938964844
YOR264W,YHR170W,0,-4.4226017,0.14534567296504974,0.5339999794960022,0.3140000104904175
YPR003C,YIL112W,0,-4.4227014,0.14530612528324127,0.5339999794960022,0.3140999972820282
YPL156C,YGL192W,0,-4.422757,0.145266592502594,0.5339999794960022,0.3142000138759613
YKR081C,YJL028W,0,-4.422976,0.1452270895242691,0.5339999794960022,0.314300000667572
YNL247W,YGR044C,0,-4.4231863,0.1451876014471054,0.5339999794960022,0.31439998745918274
YGR262C,YPR143W,0,-4.4236226,0.1451481431722641,0.5339999794960022,0.31450000405311584
YJR046W,YNL048W,0,-4.423785,0.14510869979858398,0.5339999794960022,0.31459999084472656
YDR320C-A,YDR006C,0,-4.42379,0.14506927132606506,0.5339999794960022,0.31470000743865967
YCR075C,YOL146W,0,-4.423845,0.14502987265586853,0.5339999794960022,0.3147999942302704
YGL250W,YIL155C,0,-4.423904,0.14499050378799438,0.5339999794960022,0.3149000108242035
YDR345C,YDR078C,0,-4.424098,0.14495113492012024,0.5339999794960022,0.3149999976158142
YDL144C,YBL013W,0,-4.4241643,0.14491181075572968,0.5339999794960022,0.3151000142097473
YGL084C,YGL253W,0,-4.424273,0.1448724865913391,0.5339999794960022,0.31520000100135803
YOR129C,YNL134C,0,-4.424551,0.14483319222927094,0.5339999794960022,0.31529998779296875
YGR172C,YBR058C-A,0,-4.4245615,0.14479392766952515,0.5339999794960022,0.31540000438690186
YDR018C,YBR003W,0,-4.424919,0.14475467801094055,0.5339999794960022,0.3154999911785126
YOR026W,YHR001W-A,0,-4.425086,0.14471544325351715,0.5339999794960022,0.3156000077724457
YOR207C,YHL036W,0,-4.4251246,0.14467623829841614,0.5339999794960022,0.3156999945640564
YDR489W,YDL100C,0,-4.4251485,0.14463704824447632,0.5339999794960022,0.3158000111579895
YNR070W,YIL171W,0,-4.425344,0.1445978879928589,0.5339999794960022,0.3158999979496002
YLR200W,YGR041W,0,-4.425554,0.14455874264240265,0.5339999794960022,0.3160000145435333
YOR033C,YLR132C,0,-4.42556,0.1445196270942688,0.5339999794960022,0.31610000133514404
YDR484W,YJR047C,0,-4.425754,0.14448052644729614,0.5339999794960022,0.31619998812675476
YIL036W,YLR417W,0,-4.4257736,0.14444144070148468,0.5339999794960022,0.31630000472068787
YOR032C,YKL051W,0,-4.425791,0.1444023847579956,0.5339999794960022,0.3163999915122986
YGL166W,YOR119C,0,-4.426078,0.14436334371566772,0.5339999794960022,0.3165000081062317
YPL152W,YKL143W,1,-4.4265213,0.14459459483623505,0.5350000262260437,0.3165000081062317
YGR125W,YGL144C,0,-4.4266663,0.14455552399158478,0.5350000262260437,0.3165999948978424
YLL042C,YHR139C,0,-4.4268146,0.1445164829492569,0.5350000262260437,0.3167000114917755
YOL137W,YLR035C-A,0,-4.426954,0.1444774568080902,0.5350000262260437,0.31679999828338623
YPL115C,YML120C,0,-4.427189,0.14443844556808472,0.5350000262260437,0.31690001487731934
YER123W,YGL059W,0,-4.4279165,0.1443994641304016,0.5350000262260437,0.31700000166893005
YHR108W,YJL189W,0,-4.4279838,0.1443604975938797,0.5350000262260437,0.31709998846054077
YCL047C,YDR107C,0,-4.4279943,0.14432156085968018,0.5350000262260437,0.3172000050544739
YKR030W,YLL054C,0,-4.4281707,0.14428263902664185,0.5350000262260437,0.3172999918460846
YPL118W,YPL108W,0,-4.42838,0.1442437320947647,0.5350000262260437,0.3174000084400177
YMR037C,YMR109W,1,-4.4286776,0.14447438716888428,0.5360000133514404,0.3174000084400177
YHR007C,YAL012W,0,-4.428812,0.14443546533584595,0.5360000133514404,0.3174999952316284
YCR031C,YGR129W,0,-4.4290385,0.1443965584039688,0.5360000133514404,0.3176000118255615
YPL081W,YPR054W,0,-4.429069,0.14435766637325287,0.5360000133514404,0.31769999861717224
YJL014W,YNL317W,0,-4.429206,0.14431878924369812,0.5360000133514404,0.31779998540878296
YMR283C,YIL052C,0,-4.429432,0.14427994191646576,0.5360000133514404,0.31790000200271606
YIL019W,YGR101W,0,-4.429545,0.1442411243915558,0.5360000133514404,0.3179999887943268
YIL087C,YDR478W,0,-4.429634,0.1442023068666458,0.5360000133514404,0.3181000053882599
YPL239W,YKL129C,1,-4.429766,0.14443248510360718,0.5370000004768372,0.3181000053882599
YBL087C,YKL086W,0,-4.4299803,0.144393652677536,0.5370000004768372,0.3181999921798706
YDR379W,YKR045C,0,-4.429985,0.14435483515262604,0.5370000004768372,0.3183000087738037
YMR322C,YBR227C,0,-4.430057,0.14431604743003845,0.5370000004768372,0.31839999556541443
YLR118C,YJR084W,0,-4.4301004,0.14427727460861206,0.5370000004768372,0.31850001215934753
YIL154C,YPL157W,0,-4.4302034,0.14423851668834686,0.5370000004768372,0.31859999895095825
YPR022C,YPL203W,0,-4.430493,0.14419978857040405,0.5370000004768372,0.31869998574256897
YDR322W,YGL022W,0,-4.4306912,0.14416107535362244,0.5370000004768372,0.3188000023365021
YAL015C,YHL001W,0,-4.431144,0.14412237703800201,0.5370000004768372,0.3188999891281128
YLR449W,YPR042C,0,-4.4312773,0.14408370852470398,0.5370000004768372,0.3190000057220459
YPR005C,YML131W,1,-4.4312825,0.14431330561637878,0.5379999876022339,0.3190000057220459
YNL055C,YPL021W,0,-4.431428,0.14427460730075836,0.5379999876022339,0.3190999925136566
YKR052C,YGL173C,0,-4.431546,0.14423592388629913,0.5379999876022339,0.3192000091075897
YPL204W,YNL118C,0,-4.4316816,0.1441972702741623,0.5379999876022339,0.31929999589920044
YER157W,YHR215W,0,-4.4317794,0.14415863156318665,0.5379999876022339,0.31940001249313354
YGL009C,YNL315C,0,-4.4317813,0.1441200077533722,0.5379999876022339,0.31949999928474426
YKL129C,YLR362W,1,-4.431846,0.14434921741485596,0.5389999747276306,0.31949999928474426
YOR210W,YKR077W,0,-4.4318666,0.1443105787038803,0.5389999747276306,0.319599986076355
YFR042W,YCR024C-A,0,-4.431921,0.14427195489406586,0.5389999747276306,0.3197000026702881
YHR216W,YLR081W,0,-4.4320045,0.1442333459854126,0.5389999747276306,0.3197999894618988
YPR041W,YPR128C,0,-4.432508,0.14419475197792053,0.5389999747276306,0.3199000060558319
YHL018W,YMR225C,0,-4.4325166,0.14415618777275085,0.5389999747276306,0.3199999928474426
YJL018W,YDL210W,0,-4.4327297,0.14411765336990356,0.5389999747276306,0.32010000944137573
YOR231W,YER110C,0,-4.43296,0.14407911896705627,0.5389999747276306,0.32019999623298645
YOR057W,YOL117W,0,-4.4329643,0.14404061436653137,0.5389999747276306,0.32030001282691956
YPL155C,YBL051C,0,-4.433089,0.14400213956832886,0.5389999747276306,0.3203999996185303
YOL068C,YHR009C,0,-4.4331656,0.14396367967128754,0.5389999747276306,0.320499986410141
YJL198W,YDR331W,0,-4.433391,0.1439252346754074,0.5389999747276306,0.3206000030040741
YOL157C,YDR007W,0,-4.4336143,0.14388681948184967,0.5389999747276306,0.3206999897956848
YMR177W,YLL036C,0,-4.4336925,0.14384841918945312,0.5389999747276306,0.3208000063896179
YLR343W,YNL115C,0,-4.433755,0.14381003379821777,0.5389999747276306,0.32089999318122864
YML081W,YPR070W,0,-4.4337606,0.1437716782093048,0.5389999747276306,0.32100000977516174
YJR029W,YNL221C,0,-4.433826,0.14373333752155304,0.5389999747276306,0.32109999656677246
YPR041W,YPL194W,0,-4.433899,0.14369501173496246,0.5389999747276306,0.32120001316070557
YML114C,YOR290C,0,-4.4341254,0.14365671575069427,0.5389999747276306,0.3212999999523163
YBR012W-B,YMR009W,0,-4.4341583,0.14361843466758728,0.5389999747276306,0.321399986743927
YER096W,YOR330C,0,-4.434163,0.14358018338680267,0.5389999747276306,0.3215000033378601
YER179W,YNL316C,0,-4.4342217,0.14354194700717926,0.5389999747276306,0.3215999901294708
YDR168W,YHR114W,1,-4.4345,0.14376996457576752,0.5400000214576721,0.3215999901294708
YHR123W,YLR414C,0,-4.434511,0.14373169839382172,0.5400000214576721,0.32170000672340393
YLR343W,YOR133W,0,-4.434629,0.1436934471130371,0.5400000214576721,0.32179999351501465
YJL138C,YNL135C,0,-4.4354215,0.1436552256345749,0.5400000214576721,0.32190001010894775
YDR025W,YPL020C,0,-4.4354897,0.14361701905727386,0.5400000214576721,0.32199999690055847
YJL164C,YDR127W,0,-4.435594,0.14357884228229523,0.5400000214576721,0.3221000134944916
YNL112W,YPL194W,0,-4.4356217,0.1435406655073166,0.5400000214576721,0.3222000002861023
YOR181W,YBR132C,1,-4.4357715,0.14376826584339142,0.5410000085830688,0.3222000002861023
YAL015C,YCR044C,0,-4.435965,0.1437300741672516,0.5410000085830688,0.322299987077713
YOR190W,YBL100W-B,0,-4.436074,0.14369189739227295,0.5410000085830688,0.3224000036716461
YJL008C,YOR356W,0,-4.436077,0.1436537504196167,0.5410000085830688,0.32249999046325684
YDR463W,YPR096C,0,-4.436188,0.14361560344696045,0.5410000085830688,0.32260000705718994
YGR170W,YPR140W,0,-4.436211,0.14357750117778778,0.5410000085830688,0.32269999384880066
YPL057C,YLR370C,0,-4.436265,0.1435393989086151,0.5410000085830688,0.32280001044273376
YDR506C,YLR345W,0,-4.4364114,0.14350132644176483,0.5410000085830688,0.3228999972343445
YHR114W,YLR337W,1,-4.436657,0.14372844994068146,0.5419999957084656,0.3228999972343445
YPL012W,YGR156W,0,-4.4367228,0.1436903476715088,0.5419999957084656,0.3230000138282776
YER031C,YCR063W,0,-4.436768,0.14365226030349731,0.5419999957084656,0.3231000006198883
YJL076W,YIL013C,0,-4.436847,0.14361420273780823,0.5419999957084656,0.323199987411499
YCR088W,YJL056C,0,-4.4368997,0.14357616007328033,0.5419999957084656,0.32330000400543213
YLR248W,YOR122C,1,-4.4370966,0.1438029706478119,0.5429999828338623,0.32330000400543213
YJL097W,YOL023W,0,-4.4373765,0.1437648981809616,0.5429999828338623,0.32339999079704285
YBL019W,YOR033C,0,-4.437465,0.14372684061527252,0.5429999828338623,0.32350000739097595
YIR012W,YNL134C,0,-4.437744,0.14368881285190582,0.5429999828338623,0.32359999418258667
YJL136C,YPR023C,0,-4.438413,0.14365079998970032,0.5429999828338623,0.3237000107765198
YDR341C,YGR254W,0,-4.438485,0.143612802028656,0.5429999828338623,0.3237999975681305
YDR253C,YJL212C,0,-4.4386516,0.14357483386993408,0.5429999828338623,0.3239000141620636
YDL135C,YBR166C,0,-4.4389615,0.14353688061237335,0.5429999828338623,0.3240000009536743
YHR142W,YPL020C,0,-4.4390097,0.14349894225597382,0.5429999828338623,0.32409998774528503
YGR195W,YHR112C,0,-4.4390564,0.14346103370189667,0.5429999828338623,0.32420000433921814
YMR166C,YPR021C,0,-4.439355,0.1434231400489807,0.5429999828338623,0.32429999113082886
YGL105W,YER149C,0,-4.439518,0.14338526129722595,0.5429999828338623,0.32440000772476196
YJL148W,YPR022C,0,-4.439697,0.14334741234779358,0.5429999828338623,0.3244999945163727
YKL100C,YIL167W,0,-4.4400563,0.1433095782995224,0.5429999828338623,0.3246000111103058
YML024W,YKL146W,0,-4.440289,0.1432717740535736,0.5429999828338623,0.3246999979019165
YPR178W,YKR052C,0,-4.440756,0.14323396980762482,0.5429999828338623,0.3248000144958496
YOR367W,YGR014W,1,-4.4407864,0.14345991611480713,0.5440000295639038,0.3248000144958496
YJR076C,YMR045C,0,-4.4407873,0.14342209696769714,0.5440000295639038,0.3249000012874603
YKL143W,YPL230W,1,-4.4408865,0.14364786446094513,0.5450000166893005,0.3249000012874603
YKL088W,YLR362W,1,-4.440919,0.14387351274490356,0.5460000038146973,0.3249000012874603
YNL020C,YLR006C,1,-4.4410987,0.14409905672073364,0.546999990940094,0.3249000012874603
YPL058C,YHR170W,0,-4.4412236,0.1440611034631729,0.546999990940094,0.32499998807907104
YMR050C,YMR026C,0,-4.441228,0.14402316510677338,0.546999990940094,0.32510000467300415
YLR453C,YPL120W,0,-4.441712,0.14398525655269623,0.546999990940094,0.32519999146461487
YLR238W,YER177W,0,-4.442114,0.14394736289978027,0.546999990940094,0.325300008058548
YKL188C,YLR186W,0,-4.4421973,0.1439094990491867,0.546999990940094,0.3253999948501587
YPR178W,YLR423C,0,-4.44236,0.14387165009975433,0.546999990940094,0.3255000114440918
YOR265W,YGL067W,0,-4.442505,0.14383381605148315,0.546999990940094,0.3255999982357025
YML131W,YMR092C,1,-4.4426937,0.14405888319015503,0.5479999780654907,0.3255999982357025
YLR449W,YDR247W,0,-4.4429293,0.14402101933956146,0.5479999780654907,0.3257000148296356
YPL230W,YMR092C,1,-4.442955,0.1442459225654602,0.5490000247955322,0.3257000148296356
YML029W,YNL133C,0,-4.442988,0.14420804381370544,0.5490000247955322,0.32580000162124634
YMR050C,YJL065C,0,-4.443032,0.14417016506195068,0.5490000247955322,0.32589998841285706
YDR520C,YCL020W,0,-4.4430985,0.1441323161125183,0.5490000247955322,0.32600000500679016
YKR046C,YPL037C,0,-4.443404,0.14409448206424713,0.5490000247955322,0.3260999917984009
YGR156W,YPL036W,0,-4.443433,0.14405667781829834,0.5490000247955322,0.326200008392334
YMR260C,YDR381W,0,-4.444126,0.14401888847351074,0.5490000247955322,0.3262999951839447
YNL029C,YGL040C,0,-4.4441495,0.14398111402988434,0.5490000247955322,0.3264000117778778
YPR071W,YBR057C,0,-4.4442277,0.14394336938858032,0.5490000247955322,0.3264999985694885
YOR191W,YDR317W,0,-4.4444284,0.1439056396484375,0.5490000247955322,0.32659998536109924
YIL154C,YPR067W,0,-4.4447193,0.14386792480945587,0.5490000247955322,0.32670000195503235
YOR245C,YAL020C,0,-4.4447937,0.14383023977279663,0.5490000247955322,0.32679998874664307
YBR083W,YGL240W,0,-4.4450164,0.1437925547361374,0.5490000247955322,0.32690000534057617
YNR069C,YGR061C,0,-4.4451194,0.14375491440296173,0.5490000247955322,0.3269999921321869
YGR024C,YFL044C,0,-4.445305,0.14371727406978607,0.5490000247955322,0.32710000872612
YOR312C,YJL100W,0,-4.445381,0.1436796635389328,0.5490000247955322,0.3271999955177307
YKR050W,YMR163C,0,-4.4456716,0.14364206790924072,0.5490000247955322,0.3273000121116638
YCR058C,YLL035W,0,-4.4457045,0.14360450208187103,0.5490000247955322,0.32739999890327454
YML072C,YGL077C,0,-4.4457927,0.14356695115566254,0.5490000247955322,0.32749998569488525
YDR050C,YBR038W,0,-4.445838,0.14352941513061523,0.5490000247955322,0.32760000228881836
YOR357C,YNR040W,0,-4.446022,0.14349189400672913,0.5490000247955322,0.3276999890804291
YDL147W,YJR014W,0,-4.4464583,0.1434544026851654,0.5490000247955322,0.3278000056743622
YDR350C,YNL075W,0,-4.4465737,0.14341692626476288,0.5490000247955322,0.3278999924659729
YLR340W,YIR019C,0,-4.446659,0.14337947964668274,0.5490000247955322,0.328000009059906
YMR166C,YLR410W,0,-4.44721,0.1433420330286026,0.5490000247955322,0.3280999958515167
YGL084C,YIL155C,0,-4.4477468,0.14330461621284485,0.5490000247955322,0.32820001244544983
YDR365C,YOR083W,0,-4.4478436,0.14326722919940948,0.5490000247955322,0.32829999923706055
YNL125C,YNL075W,0,-4.4478545,0.14322984218597412,0.5490000247955322,0.32839998602867126
YOR316C,YLR408C,0,-4.4484053,0.14319248497486115,0.5490000247955322,0.32850000262260437
YMR166C,YLR045C,0,-4.448743,0.14315514266490936,0.5490000247955322,0.3285999894142151
YER068W,YLR304C,0,-4.448886,0.14311783015727997,0.5490000247955322,0.3287000060081482
YMR293C,YHR016C,0,-4.448898,0.14308053255081177,0.5490000247955322,0.3287999927997589
YBR102C,YDR465C,0,-4.449021,0.14304324984550476,0.5490000247955322,0.328900009393692
YLR337W,YMR092C,1,-4.449143,0.1432664692401886,0.550000011920929,0.328900009393692
YDR009W,YGR262C,0,-4.4492087,0.1432291716337204,0.550000011920929,0.32899999618530273
YOR022C,YGL184C,0,-4.4497223,0.1431918740272522,0.550000011920929,0.32910001277923584
YOR208W,YLR362W,1,-4.4497466,0.14341488480567932,0.5509999990463257,0.32910001277923584
YBL105C,YOR371C,0,-4.449901,0.14337757229804993,0.5509999990463257,0.32919999957084656
YGL029W,YHL008C,0,-4.450392,0.14334027469158173,0.5509999990463257,0.3292999863624573
YKL059C,YMR243C,0,-4.450601,0.14330299198627472,0.5509999990463257,0.3294000029563904
YOR241W,YJR001W,0,-4.4506745,0.1432657241821289,0.5509999990463257,0.3294999897480011
YMR050C,YBR122C,0,-4.4507046,0.14322848618030548,0.5509999990463257,0.3296000063419342
YJR060W,YDR538W,0,-4.450842,0.14319126307964325,0.5509999990463257,0.3296999931335449
YOR208W,YOL089C,1,-4.450859,0.14341387152671814,0.5519999861717224,0.3296999931335449
YGL028C,YJL073W,0,-4.4509015,0.14337661862373352,0.5519999861717224,0.329800009727478
YOR380W,YBR056W,0,-4.4509673,0.1433393955230713,0.5519999861717224,0.32989999651908875
YLR034C,YNR069C,0,-4.451291,0.14330218732357025,0.5519999861717224,0.33000001311302185
YHR073W,YOR132W,0,-4.451336,0.1432649940252304,0.5519999861717224,0.33009999990463257
YBR162W-A,YIL039W,0,-4.4513607,0.14322781562805176,0.5519999861717224,0.3301999866962433
YDR523C,YDL081C,0,-4.451591,0.1431906670331955,0.5519999861717224,0.3303000032901764
YOL109W,YML026C,0,-4.4518065,0.14315353333950043,0.5519999861717224,0.3303999900817871
YDR350C,YJR139C,0,-4.4519033,0.14311641454696655,0.5519999861717224,0.3305000066757202
YLR079W,YIL018W,0,-4.452152,0.14307931065559387,0.5519999861717224,0.33059999346733093
YGL194C,YBL103C,0,-4.45218,0.14304223656654358,0.5519999861717224,0.33070001006126404
YJL002C,YOR001W,0,-4.452194,0.14300517737865448,0.5519999861717224,0.33079999685287476
YIL115C,YBR057C,0,-4.4524465,0.14296814799308777,0.5519999861717224,0.33090001344680786
YML086C,YPL234C,0,-4.45256,0.14293111860752106,0.5519999861717224,0.3310000002384186
YKR058W,YMR261C,0,-4.452984,0.14289411902427673,0.5519999861717224,0.3310999870300293
YFR047C,YGL107C,0,-4.4530363,0.1428571492433548,0.5519999861717224,0.3312000036239624
YDR447C,YER157W,0,-4.453331,0.14282017946243286,0.5519999861717224,0.3312999904155731
YLL042C,YML121W,0,-4.453448,0.1427832394838333,0.5519999861717224,0.3314000070095062
YBR156C,YBR169C,0,-4.4538207,0.14274631440639496,0.5519999861717224,0.33149999380111694
YEL020C,YNL038W,0,-4.453933,0.1427094042301178,0.5519999861717224,0.33160001039505005
YLL023C,YIR008C,0,-4.454278,0.14267252385616302,0.5519999861717224,0.33169999718666077
YJL127C,YNL031C,0,-4.4543514,0.14263565838336945,0.5519999861717224,0.33180001378059387
YBR241C,YKL087C,0,-4.454656,0.14259880781173706,0.5519999861717224,0.3319000005722046
YJL008C,YHR013C,0,-4.455146,0.14256198704242706,0.5519999861717224,0.3319999873638153
YGL150C,YGR037C,0,-4.4552746,0.14252518117427826,0.5519999861717224,0.3321000039577484
YJL002C,YDR394W,0,-4.455374,0.14248839020729065,0.5519999861717224,0.33219999074935913
YOR010C,YLR384C,0,-4.4556355,0.14245161414146423,0.5519999861717224,0.33230000734329224
YCL063W,YHR161C,0,-4.455645,0.1424148678779602,0.5519999861717224,0.33239999413490295
YGL173C,YPL126W,0,-4.4566636,0.14237812161445618,0.5519999861717224,0.33250001072883606
YGR067C,YER081W,0,-4.45669,0.14234142005443573,0.5519999861717224,0.3325999975204468
YIL056W,YOL135C,0,-4.457069,0.14230471849441528,0.5519999861717224,0.3327000141143799
YCL029C,YIL082W-A,0,-4.4571657,0.14226804673671722,0.5519999861717224,0.3328000009059906
YPL040C,YLR226W,0,-4.4574046,0.14223138988018036,0.5519999861717224,0.3328999876976013
YEL001C,YLR060W,0,-4.4576483,0.1421947479248047,0.5519999861717224,0.3330000042915344
YBR236C,YGL106W,0,-4.45791,0.1421581208705902,0.5519999861717224,0.33309999108314514
YIL153W,YLR337W,1,-4.4579353,0.14237898588180542,0.5529999732971191,0.33309999108314514
YOL060C,YDL129W,0,-4.4580994,0.14234234392642975,0.5529999732971191,0.33320000767707825
YER144C,YNL136W,0,-4.4581666,0.14230571687221527,0.5529999732971191,0.33329999446868896
YAL007C,YBL024W,0,-4.458678,0.142269104719162,0.5529999732971191,0.33340001106262207
YPL162C,YAR042W,0,-4.458875,0.1422325074672699,0.5529999732971191,0.3334999978542328
YGL151W,YJL115W,0,-4.458901,0.1421959400177002,0.5529999732971191,0.3336000144481659
YKL198C,YNL207W,0,-4.4589868,0.1421593874692917,0.5529999732971191,0.3337000012397766
YGR041W,YJL028W,0,-4.4590793,0.14212284982204437,0.5529999732971191,0.33379998803138733
YDR292C,YIL160C,0,-4.4593015,0.14208632707595825,0.5529999732971191,0.33390000462532043
YOR361C,YHR016C,0,-4.459331,0.14204983413219452,0.5529999732971191,0.33399999141693115
YNL240C,YDR464W,0,-4.4595213,0.14201335608959198,0.5529999732971191,0.33410000801086426
YLR248W,YNL020C,1,-4.4596524,0.14223363995552063,0.5540000200271606,0.33410000801086426
YHR194W,YOL128C,0,-4.459881,0.1421971321105957,0.5540000200271606,0.334199994802475
YDR506C,YCR018C,0,-4.459922,0.14216063916683197,0.5540000200271606,0.3343000113964081
YKL167C,YJL179W,0,-4.461114,0.14212416112422943,0.5540000200271606,0.3343999981880188
YBR132C,YDR420W,1,-4.4612355,0.14234419167041779,0.5550000071525574,0.3343999981880188
YHR191C,YHR133C,0,-4.4615493,0.14230769872665405,0.5550000071525574,0.3345000147819519
YKR078W,YHR021C,0,-4.4616094,0.14227120578289032,0.5550000071525574,0.3346000015735626
YER184C,YGL137W,0,-4.461682,0.14223475754261017,0.5550000071525574,0.33469998836517334
YGL219C,YDR235W,0,-4.461693,0.14219830930233002,0.5550000071525574,0.33480000495910645
YFL039C,YDR420W,1,-4.4617496,0.1424180269241333,0.5559999942779541,0.33480000495910645
YPL234C,YER081W,0,-4.4618735,0.14238156378269196,0.5559999942779541,0.33489999175071716
YGR254W,YDL210W,0,-4.4619293,0.1423451155424118,0.5559999942779541,0.33500000834465027
YJL090C,YHR203C,0,-4.461984,0.14230868220329285,0.5559999942779541,0.335099995136261
YMR247C,YDL211C,0,-4.4622517,0.14227226376533508,0.5559999942779541,0.3352000117301941
YOR153W,YOR009W,0,-4.4622974,0.1422358602285385,0.5559999942779541,0.3352999985218048
YDR257C,YCR043C,0,-4.4623737,0.14219948649406433,0.5559999942779541,0.3353999853134155
YDR469W,YLR095C,0,-4.462402,0.14216312766075134,0.5559999942779541,0.33550000190734863
YNR040W,YKR039W,0,-4.462407,0.14212678372859955,0.5559999942779541,0.33559998869895935
YPL085W,YDR368W,0,-4.4625225,0.14209046959877014,0.5559999942779541,0.33570000529289246
YOR270C,YJL058C,0,-4.462537,0.14205417037010193,0.5559999942779541,0.3357999920845032
YML131W,YFL039C,1,-4.4626365,0.14227330684661865,0.5569999814033508,0.3357999920845032
YLR419W,YMR127C,0,-4.462904,0.14223697781562805,0.5569999814033508,0.3359000086784363
YJR042W,YDR127W,0,-4.4629664,0.14220066368579865,0.5569999814033508,0.335999995470047
YKL002W,YGR098C,0,-4.463015,0.14216436445713043,0.5569999814033508,0.3361000120639801
YOL016C,YDL069C,0,-4.46302,0.1421280950307846,0.5569999814033508,0.3361999988555908
YGR207C,YJL118W,0,-4.4630756,0.14209184050559998,0.5569999814033508,0.33629998564720154
YGL254W,YPL203W,0,-4.463149,0.14205560088157654,0.5569999814033508,0.33640000224113464
YPL084W,YGR156W,0,-4.463211,0.1420193761587143,0.5569999814033508,0.33649998903274536
YCR003W,YGR271C-A,0,-4.4632945,0.14198318123817444,0.5569999814033508,0.33660000562667847
YLR225C,YER054C,0,-4.4634504,0.14194698631763458,0.5569999814033508,0.3366999924182892
YBL074C,YNL247W,0,-4.463623,0.14191082119941711,0.5569999814033508,0.3368000090122223
YGL054C,YNR022C,0,-4.463815,0.14187468588352203,0.5569999814033508,0.336899995803833
YMR216C,YDR148C,0,-4.463918,0.14183855056762695,0.5569999814033508,0.3370000123977661
YIL063C,YDL160C,0,-4.4641995,0.14180244505405426,0.5569999814033508,0.33709999918937683
YLR399C,YDR251W,0,-4.464708,0.14176635444164276,0.5569999814033508,0.33719998598098755
YDL230W,YOL113W,0,-4.4647994,0.14173027873039246,0.5569999814033508,0.33730000257492065
YOR240W,YIL056W,0,-4.4652843,0.14169423282146454,0.5569999814033508,0.33739998936653137
YDR208W,YPL079W,0,-4.4653378,0.14165818691253662,0.5569999814033508,0.3375000059604645
YNR049C,YGR275W,0,-4.465385,0.1416221708059311,0.5569999814033508,0.3375999927520752
YNL275W,YDR435C,0,-4.465684,0.14158616960048676,0.5569999814033508,0.3377000093460083
YOR131C,YPL198W,0,-4.465821,0.1415501832962036,0.5569999814033508,0.337799996137619
YHR096C,YJL113W,0,-4.465911,0.14151422679424286,0.5569999814033508,0.3379000127315521
YMR131C,YPR058W,0,-4.466157,0.1414782851934433,0.5569999814033508,0.33799999952316284
YPR019W,YFL002C,0,-4.4663153,0.14144235849380493,0.5569999814033508,0.33809998631477356
YLR393W,YER014W,0,-4.4664173,0.14140644669532776,0.5569999814033508,0.33820000290870667
YGR296W,YOL020W,0,-4.4664965,0.14137056469917297,0.5569999814033508,0.3382999897003174
YGR026W,YNL112W,0,-4.4665627,0.1413346827030182,0.5569999814033508,0.3384000062942505
YOR003W,YHL019C,0,-4.4666,0.1412988305091858,0.5569999814033508,0.3384999930858612
YFL002W-A,YER167W,0,-4.46679,0.1412629932165146,0.5569999814033508,0.3386000096797943
YHR206W,YLR138W,1,-4.4670615,0.1414807289838791,0.5580000281333923,0.3386000096797943
YLL015W,YDR170W-A,0,-4.467493,0.1414448618888855,0.5580000281333923,0.33869999647140503
YIL138C,YCR075C,0,-4.4675045,0.1414090245962143,0.5580000281333923,0.33880001306533813
YKL049C,YCR028C-A,0,-4.4675584,0.14137320220470428,0.5580000281333923,0.33889999985694885
YLR292C,YJR084W,0,-4.467655,0.14133737981319427,0.5580000281333923,0.33899998664855957
YDL156W,YDR122W,0,-4.4677124,0.14130160212516785,0.5580000281333923,0.3391000032424927
YDR129C,YER118C,1,-4.467846,0.1415189802646637,0.5590000152587891,0.3391000032424927
YJL179W,YDR037W,0,-4.4678693,0.14148317277431488,0.5590000152587891,0.3391999900341034
YER071C,YJR045C,0,-4.467963,0.14144736528396606,0.5590000152587891,0.3393000066280365
YBR110W,YHR170W,0,-4.4679747,0.14141158759593964,0.5590000152587891,0.3393999934196472
YNL292W,YDR384C,0,-4.4680243,0.1413758248090744,0.5590000152587891,0.3395000100135803
YDR531W,YCL051W,0,-4.4681764,0.14134007692337036,0.5590000152587891,0.33959999680519104
YBR090C-A,YOL100W,0,-4.46829,0.14130434393882751,0.5590000152587891,0.33970001339912415
YMR262W,YGR086C,0,-4.46842,0.14126864075660706,0.5590000152587891,0.33980000019073486
YOL133W,YER014W,0,-4.4685063,0.1412329524755478,0.5590000152587891,0.3398999869823456
YOR036W,YJL108C,0,-4.4685545,0.14119727909564972,0.5590000152587891,0.3400000035762787
YER078C,YKL183W,0,-4.4687657,0.14116162061691284,0.5590000152587891,0.3400999903678894
YDR197W,YAR009C,0,-4.4699364,0.14112597703933716,0.5590000152587891,0.3402000069618225
YNL256W,YLR466W,0,-4.4700985,0.14109036326408386,0.5590000152587891,0.3402999937534332
YIL067C,YBR049C,0,-4.47033,0.14105474948883057,0.5590000152587891,0.34040001034736633
YPR019W,YGL085W,0,-4.47036,0.14101916551589966,0.5590000152587891,0.34049999713897705
YNL306W,YHR136C,0,-4.470447,0.14098361134529114,0.5590000152587891,0.34060001373291016
YFR005C,YNL194C,0,-4.4707947,0.14094805717468262,0.5590000152587891,0.3407000005245209
YPL224C,YJR056C,0,-4.471118,0.14091253280639648,0.5590000152587891,0.3407999873161316
YCL057C-A,YHR072W,0,-4.4711857,0.14087702333927155,0.5590000152587891,0.3409000039100647
YEL060C,YPL215W,0,-4.471518,0.1408415287733078,0.5590000152587891,0.3409999907016754
YLR446W,YDR086C,0,-4.4716644,0.14080604910850525,0.5590000152587891,0.3411000072956085
YDR409W,YDR092W,0,-4.471677,0.1407705843448639,0.5590000152587891,0.34119999408721924
YBR077C,YGL211W,0,-4.471682,0.14073514938354492,0.5590000152587891,0.34130001068115234
YIR014W,YKR027W,0,-4.471928,0.14069972932338715,0.5590000152587891,0.34139999747276306
YDR071C,YMR150C,0,-4.4720135,0.14066432416439056,0.5590000152587891,0.34150001406669617
YOR240W,YKL198C,0,-4.4720697,0.14062893390655518,0.5590000152587891,0.3416000008583069
YNL190W,YLR006C,1,-4.472082,0.14084507524967194,0.5600000023841858,0.3416000008583069
YDR031W,YGR207C,0,-4.47234,0.14080965518951416,0.5600000023841858,0.3416999876499176
YER095W,YML074C,0,-4.4723916,0.14077426493167877,0.5600000023841858,0.3418000042438507
YDR077W,YGL171W,0,-4.472603,0.14073887467384338,0.5600000023841858,0.3418999910354614
YBR023C,YDR086C,0,-4.4726057,0.14070351421833038,0.5600000023841858,0.34200000762939453
YOR306C,YGL106W,0,-4.4727945,0.14066816866397858,0.5600000023841858,0.34209999442100525
YCR010C,YPL056C,0,-4.472856,0.14063285291194916,0.5600000023841858,0.34220001101493835
YLR048W,YKL069W,0,-4.473045,0.14059753715991974,0.5600000023841858,0.3422999978065491
YPR181C,YDR443C,0,-4.473163,0.1405622512102127,0.5600000023841858,0.3424000144004822
YOR272W,YNL090W,0,-4.473192,0.14052698016166687,0.5600000023841858,0.3425000011920929
YOR049C,YMR291W,0,-4.473346,0.14049172401428223,0.5600000023841858,0.3425999879837036
YKL063C,YGL047W,0,-4.473523,0.14045648276805878,0.5600000023841858,0.3427000045776367
YGL111W,YOR228C,0,-4.4735656,0.14042125642299652,0.5600000023841858,0.34279999136924744
YMR199W,YER164W,0,-4.4737096,0.14038605988025665,0.5600000023841858,0.34290000796318054
YLL018C,YOL072W,0,-4.4740453,0.14035087823867798,0.5600000023841858,0.34299999475479126
YNR019W,YNL047C,0,-4.4743037,0.1403157114982605,0.5600000023841858,0.34310001134872437
YBR121C,YDR318W,0,-4.474403,0.1402805596590042,0.5600000023841858,0.3431999981403351
YIL069C,YCR018C,0,-4.474466,0.14024542272090912,0.5600000023841858,0.3433000147342682
YCL067C,YFL002W-A,0,-4.4745307,0.1402103155851364,0.5600000023841858,0.3434000015258789
YDR297W,YBL054W,0,-4.4746037,0.1401752233505249,0.5600000023841858,0.3434999883174896
YBR211C,YPL225W,0,-4.474945,0.14014014601707458,0.5600000023841858,0.34360000491142273
YPL066W,YHR165C,0,-4.4750857,0.14010508358478546,0.5600000023841858,0.34369999170303345
YGR109C,YJL042W,0,-4.475088,0.14007003605365753,0.5600000023841858,0.34380000829696655
YDL185W,YBR228W,0,-4.4753723,0.1400350034236908,0.5600000023841858,0.34389999508857727
YNL250W,YJL210W,0,-4.475382,0.14000000059604645,0.5600000023841858,0.3440000116825104
YEL026W,YOL075C,0,-4.4755907,0.1399650126695633,0.5600000023841858,0.3440999984741211
YDR210W,YML046W,0,-4.4759936,0.13993003964424133,0.5600000023841858,0.3441999852657318
YDL235C,YER089C,1,-4.47614,0.14014488458633423,0.5609999895095825,0.3441999852657318
YIL168W,YMR127C,0,-4.476372,0.14010989665985107,0.5609999895095825,0.3443000018596649
YLR460C,YPR023C,0,-4.4764466,0.14007490873336792,0.5609999895095825,0.34439998865127563
YJL118W,YDR436W,0,-4.4764676,0.14003993570804596,0.5609999895095825,0.34450000524520874
YOL116W,YBR014C,1,-4.4765773,0.14025455713272095,0.5619999766349792,0.34450000524520874
YGL098W,YJL018W,0,-4.4765887,0.1402195543050766,0.5619999766349792,0.34459999203681946
YOR181W,YBL061C,1,-4.4770126,0.14043402671813965,0.5630000233650208,0.34459999203681946
YER035W,YKL045W,0,-4.4773173,0.1403990089893341,0.5630000233650208,0.34470000863075256
YOR153W,YLL053C,0,-4.4774275,0.14036400616168976,0.5630000233650208,0.3447999954223633
YPR075C,YBR086C,1,-4.477513,0.1405782699584961,0.5640000104904175,0.3447999954223633
YOL008W,YDR170W-A,0,-4.477619,0.14054323732852936,0.5640000104904175,0.3449000120162964
YGR065C,YGL150C,0,-4.4776278,0.14050821959972382,0.5640000104904175,0.3449999988079071
YML040W,YER167W,0,-4.4777093,0.14047323167324066,0.5640000104904175,0.3450999855995178
YIL112W,YNR001C,0,-4.477782,0.1404382437467575,0.5640000104904175,0.3452000021934509
YOR078W,YHR005C,0,-4.4778023,0.14040328562259674,0.5640000104904175,0.34529998898506165
YML102W,YLR144C,0,-4.4778795,0.14036834239959717,0.5640000104904175,0.34540000557899475
YOL089C,YBR016W,1,-4.478075,0.14058223366737366,0.5649999976158142,0.34540000557899475
YCL057C-A,YER072W,0,-4.4781137,0.1405472606420517,0.5649999976158142,0.34549999237060547
YML130C,YEL003W,0,-4.4782867,0.14051231741905212,0.5649999976158142,0.3456000089645386
YIL063C,YBL091C,0,-4.478762,0.14047737419605255,0.5649999976158142,0.3456999957561493
YPL152W,YPL242C,1,-4.4791965,0.14069102704524994,0.5659999847412109,0.3456999957561493
YDL092W,YOL126C,0,-4.4792666,0.14065606892108917,0.5659999847412109,0.3458000123500824
YML018C,YOL122C,0,-4.4795866,0.1406211107969284,0.5659999847412109,0.3458999991416931
YKL049C,YDR330W,0,-4.4799056,0.14058618247509003,0.5659999847412109,0.34599998593330383
YPR102C,YLL024C,0,-4.480084,0.14055128395557404,0.5659999847412109,0.34610000252723694
YBL067C,YMR131C,0,-4.4801917,0.14051638543605804,0.5659999847412109,0.34619998931884766
YBR003W,YJL196C,0,-4.480195,0.14048150181770325,0.5659999847412109,0.34630000591278076
YMR175W,YBL061C,1,-4.480561,0.1406947821378708,0.5669999718666077,0.34630000591278076
YMR121C,YOL055C,0,-4.480625,0.1406598836183548,0.5669999718666077,0.3463999927043915
YML124C,YHR203C,0,-4.480828,0.140625,0.5669999718666077,0.3465000092983246
YHR027C,YGR224W,0,-4.4808545,0.1405901312828064,0.5669999718666077,0.3465999960899353
YNL066W,YPL009C,0,-4.4809604,0.140555277466774,0.5669999718666077,0.3467000126838684
YBL022C,YLR014C,0,-4.4810205,0.14052045345306396,0.5669999718666077,0.3467999994754791
YPL101W,YJR065C,0,-4.48137,0.14048562943935394,0.5669999718666077,0.34689998626708984
YGL049C,YIL011W,0,-4.4815097,0.1404508352279663,0.5669999718666077,0.34700000286102295
YKL125W,YNL048W,0,-4.481514,0.14041604101657867,0.5669999718666077,0.34709998965263367
YDR315C,YKL181W,0,-4.4817324,0.14038127660751343,0.5669999718666077,0.3472000062465668
YDR443C,YPL043W,0,-4.4817533,0.14034654200077057,0.5669999718666077,0.3472999930381775
YML070W,YGR157W,0,-4.481758,0.1403118073940277,0.5669999718666077,0.3474000096321106
YNR061C,YNL126W,0,-4.481905,0.14027708768844604,0.5669999718666077,0.3474999964237213
YOR207C,YDR375C,0,-4.482015,0.14024239778518677,0.5669999718666077,0.3476000130176544
YMR175W,YHR206W,1,-4.482347,0.1404549926519394,0.5680000185966492,0.3476000130176544
YER016W,YBR239C,0,-4.482524,0.14042027294635773,0.5680000185966492,0.34769999980926514
YDR017C,YDR056C,0,-4.482733,0.14038556814193726,0.5680000185966492,0.34779998660087585
YLR343W,YPL117C,0,-4.4828315,0.14035087823867798,0.5680000185966492,0.34790000319480896
YDR276C,YBR302C,0,-4.4830484,0.1403162032365799,0.5680000185966492,0.3479999899864197
YJR067C,YCR004C,0,-4.4832225,0.1402815580368042,0.5680000185966492,0.3481000065803528
YOR284W,YDL072C,0,-4.483375,0.1402469128370285,0.5680000185966492,0.3481999933719635
YIL010W,YPL031C,0,-4.483456,0.1402122974395752,0.5680000185966492,0.3483000099658966
YLR337C,YOR047C,1,-4.483923,0.1404244750738144,0.5690000057220459,0.3483000099658966
YNL176C,YGR292W,0,-4.484028,0.1403898298740387,0.5690000057220459,0.3483999967575073
YPL258C,YHR113W,0,-4.4841585,0.1403551995754242,0.5690000057220459,0.34850001335144043
YAL003W,YIL160C,0,-4.484339,0.14032059907913208,0.5690000057220459,0.34860000014305115
YPR036W,YBL100W-A,0,-4.4844055,0.14028599858283997,0.5690000057220459,0.34869998693466187
YHR063C,YHR133C,0,-4.4844456,0.14025141298770905,0.5690000057220459,0.34880000352859497
YOR293W,YOR381W,0,-4.4845014,0.1402168571949005,0.5690000057220459,0.3488999903202057
YNR055C,YDR251W,0,-4.484513,0.14018231630325317,0.5690000057220459,0.3490000069141388
YOL137W,YGL125W,0,-4.484812,0.14014779031276703,0.5690000057220459,0.3490999937057495
YNL137C,YNL094W,0,-4.4857965,0.14011327922344208,0.5690000057220459,0.3492000102996826
YLR023C,YAR042W,0,-4.4861965,0.14007878303527832,0.5690000057220459,0.34929999709129333
YNL149C,YIL049W,0,-4.486396,0.14004430174827576,0.5690000057220459,0.34940001368522644
YFL018W-A,YOL125W,0,-4.4865184,0.1400098353624344,0.5690000057220459,0.34950000047683716
YPL241C,YER035W,0,-4.4869246,0.1399753987789154,0.5690000057220459,0.3495999872684479
YJL219W,YNL221C,0,-4.4869304,0.13994097709655762,0.5690000057220459,0.349700003862381
YIL085C,YLR237W,0,-4.487025,0.13990657031536102,0.5690000057220459,0.3497999906539917
YKL006W,YOR119C,0,-4.4870496,0.13987217843532562,0.5690000057220459,0.3499000072479248
YDR027C,YOL041C,0,-4.487134,0.13983780145645142,0.5690000057220459,0.3499999940395355
YGL065C,YDR312W,0,-4.4873896,0.1398034393787384,0.5690000057220459,0.35010001063346863
YBR008C,YMR088C,0,-4.4874125,0.13976909220218658,0.5690000057220459,0.35019999742507935
YOR319W,YDR545W,0,-4.4875703,0.13973477482795715,0.5690000057220459,0.35030001401901245
YMR235C,YFL029C,0,-4.4877477,0.13970047235488892,0.5690000057220459,0.35040000081062317
YKL035W,YKR018C,0,-4.487893,0.13966616988182068,0.5690000057220459,0.3504999876022339
YPR183W,YOR125C,0,-4.4880886,0.13963189721107483,0.5690000057220459,0.350600004196167
YLR259C,YOR019W,0,-4.488181,0.13959763944149017,0.5690000057220459,0.3506999909877777
YBR009C,YJL133W,0,-4.488302,0.1395634114742279,0.5690000057220459,0.3508000075817108
YKL051W,YDR248C,0,-4.4884534,0.13952918350696564,0.5690000057220459,0.35089999437332153
YHR216W,YKL191W,0,-4.48856,0.13949497044086456,0.5690000057220459,0.35100001096725464
YPR181C,YMR312W,0,-4.488876,0.13946078717708588,0.5690000057220459,0.35109999775886536
YER071C,YJL008C,0,-4.4888997,0.1394266039133072,0.5690000057220459,0.35120001435279846
YKL088W,YBL061C,1,-4.4892254,0.13963742554187775,0.5699999928474426,0.35120001435279846
YPR005C,YFL039C,1,-4.4893827,0.13984815776348114,0.5709999799728394,0.35120001435279846
YLR045C,YJR044C,0,-4.4898286,0.13981391489505768,0.5709999799728394,0.3513000011444092
YMR113W,YNL181W,0,-4.489959,0.1397796869277954,0.5709999799728394,0.3513999879360199
YKR072C,YER089C,1,-4.490383,0.1399902105331421,0.5720000267028809,0.3513999879360199
YIL101C,YDR538W,0,-4.4903846,0.13995595276355743,0.5720000267028809,0.351500004529953
YGR013W,YKL069W,0,-4.4903955,0.13992172479629517,0.5720000267028809,0.3515999913215637
YBR039W,YJL170C,0,-4.4904237,0.1398874968290329,0.5720000267028809,0.3517000079154968
YHR011W,YMR230W,0,-4.490453,0.13985329866409302,0.5720000267028809,0.35179999470710754
YPL228W,YLR352W,0,-4.4907994,0.13981911540031433,0.5720000267028809,0.35190001130104065
YDR202C,YDR021W,0,-4.490811,0.13978494703769684,0.5720000267028809,0.35199999809265137
YKL010C,YDR101C,0,-4.4911532,0.13975079357624054,0.5720000267028809,0.3521000146865845
YGR108W,YGL123W,0,-4.4913006,0.13971665501594543,0.5720000267028809,0.3522000014781952
YHR216W,YDR107C,0,-4.4918623,0.13968254625797272,0.5720000267028809,0.3522999882698059
YGL151W,YMR035W,0,-4.4919624,0.1396484375,0.5720000267028809,0.352400004863739
YJR109C,YGR227W,0,-4.492203,0.13961435854434967,0.5720000267028809,0.35249999165534973
YMR170C,YDR330W,0,-4.4922104,0.13958027958869934,0.5720000267028809,0.35260000824928284
YGL016W,YGR076C,0,-4.4923635,0.1395462304353714,0.5720000267028809,0.35269999504089355
YML057W,YPL123C,0,-4.4924393,0.13951219618320465,0.5720000267028809,0.35280001163482666
YDR239C,YDL019C,0,-4.492967,0.1394781768321991,0.5720000267028809,0.3528999984264374
YOL021C,YJL210W,0,-4.4930415,0.13944417238235474,0.5720000267028809,0.3529999852180481
YKL048C,YBR016W,1,-4.4930863,0.13965390622615814,0.5730000138282776,0.3529999852180481
YJL148W,YGR184C,0,-4.493324,0.1396198868751526,0.5730000138282776,0.3531000018119812
YER071C,YNL186W,0,-4.493371,0.13958586752414703,0.5730000138282776,0.3531999886035919
YBR133C,YDR418W,0,-4.493553,0.13955187797546387,0.5730000138282776,0.353300005197525
YBR245C,YPL225W,0,-4.493616,0.1395179033279419,0.5730000138282776,0.35339999198913574
YOR171C,YML126C,0,-4.4936295,0.13948392868041992,0.5730000138282776,0.35350000858306885
YJL208C,YDL012C,0,-4.4937043,0.13944998383522034,0.5730000138282776,0.35359999537467957
YNL220W,YGL106W,0,-4.4937234,0.13941605389118195,0.5730000138282776,0.35370001196861267
YDL075W,YGR030C,0,-4.4939785,0.13938213884830475,0.5730000138282776,0.3537999987602234
YBR158W,YMR314W,0,-4.494135,0.13934825360774994,0.5730000138282776,0.3538999855518341
YHR172W,YCR005C,0,-4.494278,0.13931436836719513,0.5730000138282776,0.3540000021457672
YPR061C,YML081W,0,-4.4943647,0.1392805129289627,0.5730000138282776,0.35409998893737793
YGL173C,YPR042C,0,-4.494555,0.13924665749073029,0.5730000138282776,0.35420000553131104
YNL194C,YLR132C,0,-4.4945755,0.13921283185482025,0.5730000138282776,0.35429999232292175
YOR122C,YLR337W,1,-4.4946346,0.13942191004753113,0.5740000009536743,0.35429999232292175
YJR120W,YKR029C,0,-4.4946446,0.1393880546092987,0.5740000009536743,0.35440000891685486
YAL026C,YHR103W,0,-4.4947577,0.13935421407222748,0.5740000009536743,0.3544999957084656
YHR096C,YER110C,0,-4.494784,0.13932038843631744,0.5740000009536743,0.3546000123023987
YMR233W,YPR098C,0,-4.4950337,0.1392865777015686,0.5740000009536743,0.3546999990940094
YDL146W,YDR395W,0,-4.49524,0.13925279676914215,0.5740000009536743,0.3547999858856201
YCR102C,YOR058C,0,-4.495315,0.1392190158367157,0.5740000009536743,0.3549000024795532
YER180C,YPR161C,0,-4.4957204,0.13918524980545044,0.5740000009536743,0.35499998927116394
YHR128W,YML029W,0,-4.4957824,0.13915151357650757,0.5740000009536743,0.35510000586509705
YDR100W,YPR140W,0,-4.495843,0.1391177922487259,0.5740000009536743,0.35519999265670776
YJL158C,YJL046W,0,-4.4959474,0.1390840858221054,0.5740000009536743,0.35530000925064087
YBL056W,YIL007C,0,-4.4959617,0.13905039429664612,0.5740000009536743,0.3553999960422516
YPR133C,YHR193C,0,-4.4961514,0.13901671767234802,0.5740000009536743,0.3555000126361847
YIL153W,YKL143W,1,-4.4962063,0.13922518491744995,0.574999988079071,0.3555000126361847
YDR434W,YDR421W,0,-4.496375,0.13919147849082947,0.574999988079071,0.3555999994277954
YDR121W,YBR241C,0,-4.4963775,0.13915778696537018,0.574999988079071,0.35569998621940613
YGL153W,YBR286W,0,-4.4964123,0.13912412524223328,0.574999988079071,0.35580000281333923
YER096W,YMR091C,0,-4.4965067,0.13909046351909637,0.574999988079071,0.35589998960494995
YFR030W,YER149C,0,-4.4965143,0.13905683159828186,0.574999988079071,0.35600000619888306
YFR010W,YIL036W,0,-4.497527,0.13902321457862854,0.574999988079071,0.3560999929904938
YGR008C,YMR109W,1,-4.4978805,0.13923132419586182,0.5759999752044678,0.3560999929904938
YBR015C,YLR192C,0,-4.497905,0.1391976773738861,0.5759999752044678,0.3562000095844269
YBL051C,YIL091C,0,-4.497918,0.1391640454530716,0.5759999752044678,0.3562999963760376
YJL093C,YIR031C,0,-4.498071,0.13913042843341827,0.5759999752044678,0.3564000129699707
YAL055W,YBR204C,0,-4.4985485,0.13909684121608734,0.5759999752044678,0.3564999997615814
YHR205W,YNL190W,1,-4.498571,0.13930468261241913,0.5770000219345093,0.3564999997615814
YPL239W,YBR016W,1,-4.49861,0.13951243460178375,0.578000009059906,0.3564999997615814
YHR158C,YDR541C,0,-4.4986377,0.13947875797748566,0.578000009059906,0.35659998655319214
YDR387C,YPL181W,0,-4.4988184,0.13944511115550995,0.578000009059906,0.35670000314712524
YJL012C,YKR024C,0,-4.498989,0.13941147923469543,0.578000009059906,0.35679998993873596
YKR075C,YNL294C,0,-4.49902,0.13937786221504211,0.578000009059906,0.35690000653266907
YDR128W,YPL189W,0,-4.499043,0.13934426009655,0.578000009059906,0.3569999933242798
YEL020C,YKR018C,0,-4.499055,0.13931067287921906,0.578000009059906,0.3571000099182129
YNL053W,YPL168W,0,-4.4992104,0.1392771154642105,0.578000009059906,0.3571999967098236
YLR287C-A,YKL034W,0,-4.4994607,0.13924355804920197,0.578000009059906,0.3573000133037567
YBL005W,YOL122C,0,-4.4994726,0.13921001553535461,0.578000009059906,0.35740000009536743
YHR065C,YBR214W,0,-4.4998226,0.13917650282382965,0.578000009059906,0.35749998688697815
YDR345C,YDR308C,0,-4.4998965,0.1391429901123047,0.578000009059906,0.35760000348091125
YDR117C,YDR385W,0,-4.4999094,0.1391095072031021,0.578000009059906,0.357699990272522
YIL098C,YDL005C,0,-4.49993,0.13907603919506073,0.578000009059906,0.3578000068664551
YHL026C,YDL149W,0,-4.499958,0.13904258608818054,0.578000009059906,0.3578999936580658
YIL074C,YBR198C,0,-4.49999,0.13900913298130035,0.578000009059906,0.3580000102519989
YPL168W,YFR008W,0,-4.500572,0.13897570967674255,0.578000009059906,0.3580999970436096
YBL037W,YOR322C,0,-4.5006437,0.13894230127334595,0.578000009059906,0.3582000136375427
YCL019W,YLR127C,0,-4.500723,0.13890892267227173,0.578000009059906,0.35830000042915344
YMR287C,YDR517W,0,-4.500754,0.1388755440711975,0.578000009059906,0.35839998722076416
YKL114C,YOR278W,0,-4.501011,0.13884218037128448,0.578000009059906,0.35850000381469727
YKL042W,YOR332W,0,-4.501169,0.13880883157253265,0.578000009059906,0.358599990606308
YDR219C,YKR003W,0,-4.5012627,0.1387755125761032,0.578000009059906,0.3587000072002411
YPL095C,YPL060W,0,-4.5015497,0.13874219357967377,0.578000009059906,0.3587999939918518
YHR016C,YPR068C,0,-4.50163,0.1387089043855667,0.578000009059906,0.3589000105857849
YPR131C,YPL108W,0,-4.5017304,0.13867563009262085,0.578000009059906,0.35899999737739563
YLR148W,YBR158W,0,-4.501799,0.138642355799675,0.578000009059906,0.35910001397132874
YBR280C,YBR139W,0,-4.502074,0.1386091113090515,0.578000009059906,0.35920000076293945
YMR002W,YGL061C,0,-4.5020976,0.13857588171958923,0.578000009059906,0.35929998755455017
YOR362C,YDR462W,0,-4.502238,0.13854266703128815,0.578000009059906,0.3594000041484833
YDR485C,YJL028W,0,-4.5022717,0.13850946724414825,0.578000009059906,0.359499990940094
YJR158W,YML106W,0,-4.502318,0.13847628235816956,0.578000009059906,0.3596000075340271
YLR337C,YMR092C,1,-4.5023828,0.13868263363838196,0.5789999961853027,0.3596000075340271
YJL021C,YBR162C,0,-4.5023994,0.13864941895008087,0.5789999961853027,0.3596999943256378
YPR005C,YDL010W,1,-4.502618,0.13885563611984253,0.5799999833106995,0.3596999943256378
YMR037C,YER089C,1,-4.5027547,0.13906174898147583,0.5809999704360962,0.3596999943256378
YNR069C,YIR013C,0,-4.5027795,0.13902847468852997,0.5809999704360962,0.3598000109195709
YIL062C,YNR038W,0,-4.502816,0.1389952152967453,0.5809999704360962,0.35989999771118164
YML070W,YML067C,0,-4.502949,0.13896197080612183,0.5809999704360962,0.36000001430511475
YJL184W,YBL061C,1,-4.5029674,0.13916786015033722,0.5820000171661377,0.36000001430511475
YKL052C,YER015W,0,-4.503109,0.13913458585739136,0.5820000171661377,0.36010000109672546
YIL053W,YHR206W,1,-4.503147,0.139340341091156,0.5830000042915344,0.36010000109672546
YBR077C,YGL222C,0,-4.503217,0.13930705189704895,0.5830000042915344,0.3601999878883362
YBR235W,YDR118W,0,-4.503275,0.1392737627029419,0.5830000042915344,0.3603000044822693
YPR005C,YOR047C,1,-4.5034056,0.13947933912277222,0.5839999914169312,0.3603000044822693
YBR039W,YOR381W,0,-4.5034084,0.13944603502750397,0.5839999914169312,0.36039999127388
YOR205C,YGL123W,0,-4.5034447,0.1394127458333969,0.5839999914169312,0.3605000078678131
YPL059W,YNL190W,1,-4.5034466,0.1396181434392929,0.5849999785423279,0.3605000078678131
YKR053C,YAL048C,0,-4.503569,0.13958482444286346,0.5849999785423279,0.36059999465942383
YIL019W,YBL003C,0,-4.503778,0.13955152034759521,0.5849999785423279,0.36070001125335693
YLR167W,YBL010C,0,-4.504018,0.13951824605464935,0.5849999785423279,0.36079999804496765
YCL066W,YAR042W,0,-4.504019,0.1394849717617035,0.5849999785423279,0.36090001463890076
YJR033C,YKL080W,0,-4.50407,0.13945172727108002,0.5849999785423279,0.3610000014305115
YBR021W,YJL190C,0,-4.504122,0.13941849768161774,0.5849999785423279,0.3610999882221222
YNL058C,YDR213W,0,-4.5041485,0.13938526809215546,0.5849999785423279,0.3612000048160553
YOR181W,YOR028C,1,-4.504324,0.1395902782678604,0.5860000252723694,0.3612000048160553
YDL124W,YFL034C-A,0,-4.504422,0.13955703377723694,0.5860000252723694,0.361299991607666
YNL287W,YNR054C,0,-4.504638,0.13952380418777466,0.5860000252723694,0.3614000082015991
YIL127C,YKR078W,0,-4.5048075,0.13949060440063477,0.5860000252723694,0.36149999499320984
YIL096C,YDR103W,0,-4.5051312,0.13945740461349487,0.5860000252723694,0.36160001158714294
YNL067W,YGL125W,0,-4.505336,0.13942421972751617,0.5860000252723694,0.36169999837875366
YJL046W,YOR158W,0,-4.5053906,0.13939104974269867,0.5860000252723694,0.3617999851703644
YDR388W,YOL089C,1,-4.5056925,0.13959571719169617,0.5870000123977661,0.3617999851703644
YDR437W,YDR266C,0,-4.5059714,0.13956253230571747,0.5870000123977661,0.3619000017642975
YGL196W,YDR265W,0,-4.506216,0.13952936232089996,0.5870000123977661,0.3619999885559082
YNL190W,YOR028C,1,-4.5063624,0.13973383605480194,0.5879999995231628,0.3619999885559082
YOR150W,YHL026C,0,-4.506416,0.13970063626766205,0.5879999995231628,0.3621000051498413
YKR097W,YML026C,0,-4.506534,0.13966745138168335,0.5879999995231628,0.362199991941452
YBL066C,YPL037C,0,-4.506592,0.13963429629802704,0.5879999995231628,0.36230000853538513
YBR235W,YGL044C,0,-4.506685,0.13960114121437073,0.5879999995231628,0.36239999532699585
YPR112C,YPR148C,0,-4.506711,0.1395680010318756,0.5879999995231628,0.36250001192092896
YHR079C-B,YNR046W,0,-4.5067167,0.13953489065170288,0.5879999995231628,0.3625999987125397
YLR225C,YOR262W,0,-4.506827,0.13950178027153015,0.5879999995231628,0.3626999855041504
YNL024C,YER015W,0,-4.5068564,0.13946868479251862,0.5879999995231628,0.3628000020980835
YLR201C,YPL228W,0,-4.507395,0.13943561911582947,0.5879999995231628,0.3628999888896942
YPL118W,YGL086W,0,-4.50745,0.13940255343914032,0.5879999995231628,0.3630000054836273
YHR143W-A,YFR008W,0,-4.5074987,0.13936951756477356,0.5879999995231628,0.36309999227523804
YML040W,YPR156C,0,-4.5075345,0.139336496591568,0.5879999995231628,0.36320000886917114
YJR019C,YLL039C,0,-4.507852,0.13930347561836243,0.5879999995231628,0.36329999566078186
YER106W,YPL004C,0,-4.50791,0.13927048444747925,0.5879999995231628,0.36340001225471497
YGL021W,YOL096C,0,-4.508018,0.13923750817775726,0.5879999995231628,0.3634999990463257
YDR352W,YPR020W,0,-4.5081644,0.13920454680919647,0.5879999995231628,0.3635999858379364
YPR180W,YGL058W,0,-4.5083356,0.13917160034179688,0.5879999995231628,0.3637000024318695
YPL232W,YLR223C,0,-4.508473,0.13913866877555847,0.5879999995231628,0.3637999892234802
YBR092C,YER058W,0,-4.5086484,0.13910575211048126,0.5879999995231628,0.36390000581741333
YNL091W,YDR420W,1,-4.508675,0.139309361577034,0.5889999866485596,0.36390000581741333
YDR400W,YCL044C,0,-4.5087132,0.1392764300107956,0.5889999866485596,0.36399999260902405
YBL036C,YFL018C,0,-4.5087924,0.1392434984445572,0.5889999866485596,0.36410000920295715
YOR043W,YHL007C,1,-4.508957,0.1394469439983368,0.5899999737739563,0.36410000920295715
YBR204C,YLR099C,0,-4.5089655,0.139413982629776,0.5899999737739563,0.36419999599456787
YCL010C,YGR223C,0,-4.509058,0.1393810510635376,0.5899999737739563,0.364300012588501
YHR006W,YFL044C,0,-4.5091853,0.1393481343984604,0.5899999737739563,0.3643999993801117
YPR178W,YDR322C-A,0,-4.5095487,0.13931523263454437,0.5899999737739563,0.3644999861717224
YNL031C,YDL042C,0,-4.509627,0.13928234577178955,0.5899999737739563,0.3646000027656555
YDL031W,YJL094C,0,-4.5098114,0.13924947381019592,0.5899999737739563,0.36469998955726624
YML037C,YBR046C,0,-4.5098166,0.1392166167497635,0.5899999737739563,0.36480000615119934
YBR233W-A,YOR298C-A,0,-4.50997,0.13918377459049225,0.5899999737739563,0.36489999294281006
YPR018W,YNL065W,0,-4.5099764,0.1391509473323822,0.5899999737739563,0.36500000953674316
YKL010C,YLR204W,0,-4.5100794,0.13911813497543335,0.5899999737739563,0.3650999963283539
YMR122W-A,YML013W,0,-4.510272,0.1390853375196457,0.5899999737739563,0.365200012922287
YJL145W,YPL008W,0,-4.5103126,0.13905255496501923,0.5899999737739563,0.3652999997138977
YIL145C,YJR105W,0,-4.5103517,0.13901978731155396,0.5899999737739563,0.3653999865055084
YCR073C,YLR138W,1,-4.5103717,0.1392226219177246,0.5910000205039978,0.3653999865055084
YFL035C-B,YMR220W,0,-4.5104203,0.13918982446193695,0.5910000205039978,0.36550000309944153
YFR037C,YDR309C,0,-4.5107293,0.13915705680847168,0.5910000205039978,0.36559998989105225
YDL123W,YHR046C,0,-4.510857,0.1391242891550064,0.5910000205039978,0.36570000648498535
YGR060W,YNL075W,0,-4.511144,0.13909155130386353,0.5910000205039978,0.36579999327659607
YNL240C,YJL170C,0,-4.511452,0.13905882835388184,0.5910000205039978,0.3659000098705292
YAR010C,YML027W,0,-4.511691,0.13902610540390015,0.5910000205039978,0.3659999966621399
YCL020W,YHR080C,0,-4.511838,0.13899341225624084,0.5910000205039978,0.366100013256073
YLR459W,YPL179W,0,-4.511918,0.13896073400974274,0.5910000205039978,0.3662000000476837
YJR002W,YIL036W,0,-4.5120325,0.13892807066440582,0.5910000205039978,0.36629998683929443
YAL043C,YBR215W,0,-4.5121393,0.1388954222202301,0.5910000205039978,0.36640000343322754
YGR191W,YMR156C,0,-4.512177,0.13886278867721558,0.5910000205039978,0.36649999022483826
YLR373C,YML040W,0,-4.5121956,0.13883015513420105,0.5910000205039978,0.36660000681877136
YPL111W,YHL036W,0,-4.512601,0.1387975513935089,0.5910000205039978,0.3666999936103821
YIL167W,YPR063C,0,-4.512705,0.13876496255397797,0.5910000205039978,0.3668000102043152
YOL130W,YIR009W,0,-4.512858,0.13873238861560822,0.5910000205039978,0.3668999969959259
YKL008C,YJL154C,0,-4.512995,0.13869982957839966,0.5910000205039978,0.367000013589859
YDR312W,YBR103W,0,-4.5133,0.1386672854423523,0.5910000205039978,0.3671000003814697
YFL036W,YIL137C,0,-4.513741,0.13863477110862732,0.5910000205039978,0.36719998717308044
YJR066W,YMR312W,0,-4.5138016,0.13860225677490234,0.5910000205039978,0.36730000376701355
YDR239C,YPL140C,0,-4.513877,0.13856975734233856,0.5910000205039978,0.36739999055862427
YHR134W,YOR228C,0,-4.5139804,0.13853727281093597,0.5910000205039978,0.3675000071525574
YJL089W,YER164W,0,-4.5139933,0.13850480318069458,0.5910000205039978,0.3675999939441681
YIL022W,YOR273C,0,-4.5146866,0.13847234845161438,0.5910000205039978,0.3677000105381012
YLR336C,YHR114W,1,-4.514953,0.13867416977882385,0.5920000076293945,0.3677000105381012
YJR126C,YLR357W,0,-4.514971,0.13864168524742126,0.5920000076293945,0.3677999973297119
YKL011C,YCR024C,0,-4.515061,0.13860923051834106,0.5920000076293945,0.367900013923645
YOR321W,YHR045W,0,-4.5151944,0.13857677578926086,0.5920000076293945,0.36800000071525574
YMR130W,YDR395W,0,-4.5154095,0.13854435086250305,0.5920000076293945,0.36809998750686646
YJR161C,YBR217W,0,-4.5154405,0.13851192593574524,0.5920000076293945,0.36820000410079956
YBR068C,YLL018C,0,-4.515673,0.13847953081130981,0.5920000076293945,0.3682999908924103
YMR192W,YML096W,0,-4.5157623,0.13844715058803558,0.5920000076293945,0.3684000074863434
YNL190W,YPL239W,1,-4.51577,0.13864858448505402,0.5929999947547913,0.3684000074863434
YMR277W,YKL192C,0,-4.5159407,0.1386161744594574,0.5929999947547913,0.3684999942779541
YLR367W,YER169W,0,-4.5159774,0.13858377933502197,0.5929999947547913,0.3686000108718872
YMR170C,YKL071W,0,-4.516026,0.13855139911174774,0.5929999947547913,0.3686999976634979
YIL113W,YGL137W,0,-4.5161314,0.1385190337896347,0.5929999947547913,0.36880001425743103
YBR211C,YNR040W,0,-4.516212,0.13848668336868286,0.5929999947547913,0.36890000104904175
YFR042W,YDR314C,0,-4.516622,0.1384543478488922,0.5929999947547913,0.36899998784065247
YPR183W,YBR272C,0,-4.516814,0.13842204213142395,0.5929999947547913,0.36910000443458557
YLR150W,YGL249W,0,-4.5171056,0.1383897364139557,0.5929999947547913,0.3691999912261963
YML022W,YNL159C,0,-4.517552,0.13835744559764862,0.5929999947547913,0.3693000078201294
YEL006W,YNR055C,0,-4.517944,0.13832516968250275,0.5929999947547913,0.3693999946117401
YGR040W,YLR098C,0,-4.5179524,0.13829290866851807,0.5929999947547913,0.3695000112056732
YKL192C,YOR202W,0,-4.5181184,0.13826066255569458,0.5929999947547913,0.36959999799728394
YGL255W,YHR034C,0,-4.518465,0.1382284313440323,0.5929999947547913,0.36970001459121704
YPL068C,YLR136C,0,-4.518511,0.13819622993469238,0.5929999947547913,0.36980000138282776
YKL199C,YHR111W,0,-4.518787,0.13816402852535248,0.5929999947547913,0.3698999881744385
YLR079W,YOR334W,0,-4.5189624,0.13813184201717377,0.5929999947547913,0.3700000047683716
YLR466W,YOL077C,0,-4.518981,0.13809967041015625,0.5929999947547913,0.3700999915599823
YJL108C,YCL066W,0,-4.519155,0.13806751370429993,0.5929999947547913,0.3702000081539154
YPL230W,YML131W,1,-4.519634,0.13826815783977509,0.593999981880188,0.3702000081539154
YLR229C,YOL096C,0,-4.5198355,0.13823597133159637,0.593999981880188,0.3702999949455261
YHR076W,YJL125C,0,-4.5202518,0.13820381462574005,0.593999981880188,0.37040001153945923
YBR241C,YHR201C,0,-4.5204487,0.13817167282104492,0.593999981880188,0.37049999833106995
YLR035C-A,YOR175C,0,-4.520494,0.1381395310163498,0.593999981880188,0.37059998512268066
YLR200W,YDR012W,0,-4.520522,0.13810741901397705,0.593999981880188,0.37070000171661377
YOR312C,YBR254C,0,-4.5205765,0.1380753070116043,0.593999981880188,0.3707999885082245
YMR313C,YDR283C,0,-4.5207005,0.13804322481155396,0.593999981880188,0.3709000051021576
YPL178W,YKL137W,0,-4.521084,0.1380111575126648,0.593999981880188,0.3709999918937683
YPL262W,YKR085C,0,-4.5211163,0.13797909021377563,0.593999981880188,0.3711000084877014
YBR132C,YGR014W,1,-4.521133,0.13817928731441498,0.5950000286102295,0.3711000084877014
YJR045C,YIL091C,0,-4.5214176,0.13814720511436462,0.5950000286102295,0.37119999527931213
YJR002W,YGL210W-A,0,-4.521552,0.13811513781547546,0.5950000286102295,0.37130001187324524
YIL084C,YPL207W,0,-4.5215545,0.1380830854177475,0.5950000286102295,0.37139999866485596
YEL065W,YGL206C,0,-4.521606,0.13805104792118073,0.5950000286102295,0.3714999854564667
YBR161W,YHR072W,0,-4.521616,0.13801902532577515,0.5950000286102295,0.3716000020503998
YER016W,YKL006W,0,-4.521666,0.13798701763153076,0.5950000286102295,0.3716999888420105
YIL090W,YLR356W,0,-4.521951,0.13795502483844757,0.5950000286102295,0.3718000054359436
YKR094C,YDR221W,0,-4.521985,0.13792304694652557,0.5950000286102295,0.3718999922275543
YDL018C,YLR237W,0,-4.522148,0.13789108395576477,0.5950000286102295,0.3720000088214874
YBR073W,YPL037C,0,-4.522321,0.13785913586616516,0.5950000286102295,0.37209999561309814
YDR168W,YML131W,1,-4.52234,0.1380588412284851,0.5960000157356262,0.37209999561309814
YNL036W,YKR039W,0,-4.522541,0.1380268633365631,0.5960000157356262,0.37220001220703125
YHR039C-B,YOL091W,0,-4.5227957,0.1379949003458023,0.5960000157356262,0.37229999899864197
YLR019W,YIL004C,0,-4.5228996,0.1379629671573639,0.5960000157356262,0.3723999857902527
YPR028W,YGR132C,0,-4.5229177,0.13793103396892548,0.5960000157356262,0.3725000023841858
YKL120W,YGR157W,0,-4.5231037,0.13789911568164825,0.5960000157356262,0.3725999891757965
YDL239C,YPL001W,0,-4.5231547,0.13786722719669342,0.5960000157356262,0.3727000057697296
YML062C,YCL033C,0,-4.5234823,0.1378353387117386,0.5960000157356262,0.37279999256134033
YDR031W,YEL006W,0,-4.523676,0.13780346512794495,0.5960000157356262,0.37290000915527344
YKR093W,YDR394W,0,-4.5237026,0.1377716064453125,0.5960000157356262,0.37299999594688416
YPL023C,YJL035C,0,-4.523786,0.13773977756500244,0.5960000157356262,0.37310001254081726
YDR177W,YML010W,0,-4.5240946,0.13770794868469238,0.5960000157356262,0.373199999332428
YIL127C,YOR058C,0,-4.524225,0.13767613470554352,0.5960000157356262,0.3732999861240387
YFL031W,YDR006C,0,-4.524357,0.13764433562755585,0.5960000157356262,0.3734000027179718
YJR029W,YEL016C,0,-4.5244513,0.13761256635189056,0.5960000157356262,0.3734999895095825
YDR088C,YPL017C,0,-4.5244865,0.13758079707622528,0.5960000157356262,0.3736000061035156
YGL006W,YLR178C,0,-4.5245166,0.1375490427017212,0.5960000157356262,0.37369999289512634
YOR060C,YDR234W,0,-4.52456,0.1375173032283783,0.5960000157356262,0.37380000948905945
YNL306W,YGR041W,0,-4.5246434,0.1374855786561966,0.5960000157356262,0.37389999628067017
YDR129C,YLR337W,1,-4.5247445,0.13768450915813446,0.597000002861023,0.37389999628067017
YOR356W,YJL189W,0,-4.524819,0.13765275478363037,0.597000002861023,0.37400001287460327
YPL049C,YBL100W-B,0,-4.524845,0.13762103021144867,0.597000002861023,0.374099999666214
YPR071W,YDR022C,0,-4.524872,0.13758930563926697,0.597000002861023,0.3741999864578247
YLR238W,YIL126W,0,-4.525055,0.13755761086940765,0.597000002861023,0.3743000030517578
YHL050C,YDR477W,0,-4.525056,0.13752591609954834,0.597000002861023,0.37439998984336853
YGL219C,YLR015W,0,-4.525082,0.13749423623085022,0.597000002861023,0.37450000643730164
YMR322C,YLR148W,0,-4.525136,0.1374625861644745,0.597000002861023,0.37459999322891235
YNL301C,YDL085W,0,-4.525181,0.13743093609809875,0.597000002861023,0.37470000982284546
YPR003C,YLR260W,0,-4.525195,0.1373993158340454,0.597000002861023,0.3747999966144562
YML120C,YMR236W,0,-4.525341,0.13736769556999207,0.597000002861023,0.3749000132083893
YDR219C,YLR001C,0,-4.525401,0.13733609020709991,0.597000002861023,0.375
YDL201W,YHR113W,0,-4.525716,0.13730451464653015,0.597000002861023,0.3750999867916107
YBL099W,YKL033W,0,-4.5257683,0.1372729390859604,0.597000002861023,0.3752000033855438
YGR067C,YFL029C,0,-4.5257874,0.13724137842655182,0.597000002861023,0.37529999017715454
YDL226C,YER048W-A,0,-4.5260096,0.13720983266830444,0.597000002861023,0.37540000677108765
YPL155C,YNR037C,0,-4.5261116,0.13717830181121826,0.597000002861023,0.37549999356269836
YDR225W,YDL043C,0,-4.526272,0.13714680075645447,0.597000002861023,0.37560001015663147
YGR256W,YNL331C,0,-4.5262823,0.13711529970169067,0.597000002861023,0.3756999969482422
YER144C,YML088W,0,-4.526428,0.13708381354808807,0.597000002861023,0.3758000135421753
YIL018W,YBR234C,0,-4.5266647,0.13705234229564667,0.597000002861023,0.375900000333786
YPL280W,YGR096W,0,-4.526717,0.13702088594436646,0.597000002861023,0.37599998712539673
YBR132C,YKL088W,1,-4.5267715,0.1372189074754715,0.5979999899864197,0.37599998712539673
YIL167W,YNL137C,0,-4.526799,0.1371874213218689,0.5979999899864197,0.37610000371932983
YJR091C,YPL056C,0,-4.5268354,0.13715596497058868,0.5979999899864197,0.37619999051094055
YPL049C,YER038C,0,-4.5270834,0.13712450861930847,0.5979999899864197,0.37630000710487366
YHR114W,YDR420W,1,-4.527111,0.137322336435318,0.5989999771118164,0.37630000710487366
YNL311C,YHL015W,0,-4.5271883,0.1372908502817154,0.5989999771118164,0.3763999938964844
YLR090W,YMR290C,0,-4.5272107,0.13725939393043518,0.5989999771118164,0.3765000104904175
YGR254W,YGL250W,0,-4.5275383,0.13722795248031616,0.5989999771118164,0.3765999972820282
YDL010W,YPL242C,1,-4.52756,0.13742555677890778,0.6000000238418579,0.3765999972820282
YDL095W,YIR035C,0,-4.5275908,0.13739408552646637,0.6000000238418579,0.3767000138759613
YEL017C-A,YDR477W,0,-4.527859,0.13736264407634735,0.6000000238418579,0.376800000667572
YOR153W,YGL011C,0,-4.527874,0.13733120262622833,0.6000000238418579,0.37689998745918274
YKR098C,YOL095C,0,-4.528031,0.1372997760772705,0.6000000238418579,0.37700000405311584
YKL084W,YOR030W,0,-4.5281973,0.13726836442947388,0.6000000238418579,0.37709999084472656
YGR135W,YDL129W,0,-4.528407,0.13723696768283844,0.6000000238418579,0.37720000743865967
YLL021W,YLR414C,0,-4.5284824,0.1372055858373642,0.6000000238418579,0.3772999942302704
YLL042C,YNL111C,0,-4.528594,0.13717420399188995,0.6000000238418579,0.3774000108242035
YIR013C,YOR344C,0,-4.5285954,0.1371428519487381,0.6000000238418579,0.3774999976158142
YFR006W,YDR276C,0,-4.5286627,0.13711151480674744,0.6000000238418579,0.3776000142097473
YAL023C,YKL027W,0,-4.5286713,0.13708019256591797,0.6000000238418579,0.37770000100135803
YIL126W,YGR124W,0,-4.528949,0.1370488852262497,0.6000000238418579,0.37779998779296875
YOR036W,YJL113W,0,-4.528956,0.13701757788658142,0.6000000238418579,0.37790000438690186
YER184C,YGL063W,0,-4.52921,0.13698630034923553,0.6000000238418579,0.3779999911785126
YGR254W,YJR027W,0,-4.529378,0.13695503771305084,0.6000000238418579,0.3781000077724457
YOR321W,YML096W,0,-4.529483,0.13692377507686615,0.6000000238418579,0.3781999945640564
YHL025W,YGR162W,0,-4.5296564,0.13689254224300385,0.6000000238418579,0.3783000111579895
YHR039C-B,YGL250W,0,-4.5296993,0.13686130940914154,0.6000000238418579,0.3783999979496002
YJL196C,YGL077C,0,-4.5298433,0.13683010637760162,0.6000000238418579,0.3785000145435333
YER058W,YAL058W,0,-4.5301437,0.1367989033460617,0.6000000238418579,0.37860000133514404
YJR017C,YCR028C,0,-4.5302444,0.13676773011684418,0.6000000238418579,0.37869998812675476
YGL167C,YDL189W,0,-4.5303965,0.13673655688762665,0.6000000238418579,0.37880000472068787
YML133C,YOR190W,0,-4.5305576,0.1367053985595703,0.6000000238418579,0.3788999915122986
YMR175W,YLR138W,1,-4.530613,0.13690204918384552,0.6010000109672546,0.3788999915122986
YLR286C,YJL170C,0,-4.5307627,0.136870875954628,0.6010000109672546,0.3790000081062317
YPL029W,YNR063W,0,-4.530844,0.13683970272541046,0.6010000109672546,0.3790999948978424
YLR418C,YKL218C,0,-4.530921,0.13680855929851532,0.6010000109672546,0.3792000114917755
YML091C,YNL292W,0,-4.5309715,0.13677743077278137,0.6010000109672546,0.37929999828338623
YHL003C,YMR022W,0,-4.531089,0.13674630224704742,0.6010000109672546,0.37940001487731934
YPR106W,YGR241C,0,-4.5311394,0.13671518862247467,0.6010000109672546,0.37950000166893005
YIL050W,YDR320C,0,-4.5312047,0.1366841048002243,0.6010000109672546,0.37959998846054077
YGR040W,YMR305C,0,-4.53131,0.13665302097797394,0.6010000109672546,0.3797000050544739
YLL057C,YEL055C,0,-4.531617,0.13662196695804596,0.6010000109672546,0.3797999918460846
YGR008C,YML131W,1,-4.5317955,0.13681818544864655,0.6019999980926514,0.3797999918460846
YKR058W,YHR120W,0,-4.5318193,0.13678708672523499,0.6019999980926514,0.3799000084400177
YOR030W,YJR049C,0,-4.5319166,0.1367560178041458,0.6019999980926514,0.3799999952316284
YER153C,YLR262C,0,-4.5319586,0.13672496378421783,0.6019999980926514,0.3801000118255615
YFL008W,YML074C,0,-4.5320816,0.13669390976428986,0.6019999980926514,0.38019999861717224
YHR027C,YOL128C,0,-4.5322742,0.13666288554668427,0.6019999980926514,0.38029998540878296
YBR012W-A,YGR203W,0,-4.532316,0.13663186132907867,0.6019999980926514,0.38040000200271606
YGR277C,YJL028W,0,-4.532508,0.13660086691379547,0.6019999980926514,0.3804999887943268
YDR352W,YPL036W,0,-4.5326347,0.13656987249851227,0.6019999980926514,0.3806000053882599
YKL107W,YBR240C,0,-4.5327044,0.13653889298439026,0.6019999980926514,0.3806999921798706
YOL030W,YDR142C,0,-4.5330725,0.13650794327259064,0.6019999980926514,0.3808000087738037
YMR021C,YIL160C,0,-4.5335245,0.13647699356079102,0.6019999980926514,0.38089999556541443
YMR130W,YBR088C,0,-4.5336666,0.1364460587501526,0.6019999980926514,0.38100001215934753
YBL024W,YGL179C,0,-4.533667,0.13641513884067535,0.6019999980926514,0.38109999895095825
YLL022C,YMR225C,0,-4.533683,0.13638423383235931,0.6019999980926514,0.38119998574256897
YLR439W,YPR164W,0,-4.533685,0.13635334372520447,0.6019999980926514,0.3813000023365021
YJL121C,YPR098C,0,-4.533717,0.13632246851921082,0.6019999980926514,0.3813999891281128
YOR122C,YMR092C,1,-4.5338173,0.13651800155639648,0.6029999852180481,0.3813999891281128
YOR266W,YAL026C,0,-4.5338683,0.13648709654808044,0.6029999852180481,0.3815000057220459
YBR100W,YLR438C-A,0,-4.534042,0.1364562064409256,0.6029999852180481,0.3815999925136566
YER023W,YNL039W,0,-4.534045,0.13642534613609314,0.6029999852180481,0.3817000091075897
YER147C,YJR014W,0,-4.5340743,0.13639448583126068,0.6029999852180481,0.38179999589920044
YDR388W,YLR337W,1,-4.5341406,0.13658978044986725,0.6039999723434448,0.38179999589920044
YMR055C,YFL035C-A,0,-4.5342493,0.1365588903427124,0.6039999723434448,0.38190001249313354
YGR194C,YLR015W,0,-4.5343394,0.13652803003787994,0.6039999723434448,0.38199999928474426
YNL190W,YKL129C,1,-4.53434,0.13672316074371338,0.6050000190734863,0.38199999928474426
YBR012W-A,YOR339C,0,-4.53434,0.13669227063655853,0.6050000190734863,0.382099986076355
YMR086W,YOR347C,0,-4.534445,0.13666139543056488,0.6050000190734863,0.3822000026702881
YDR328C,YDL005C,0,-4.534808,0.13663053512573242,0.6050000190734863,0.3822999894618988
YJR096W,YML012W,0,-4.5348663,0.13659968972206116,0.6050000190734863,0.3824000060558319
YCR089W,YGL115W,0,-4.535062,0.1365688443183899,0.6050000190734863,0.3824999928474426
YFL041W,YGR098C,0,-4.53529,0.13653802871704102,0.6050000190734863,0.38260000944137573
YOR319W,YHR171W,0,-4.535294,0.13650721311569214,0.6050000190734863,0.38269999623298645
YDL065C,YBR193C,0,-4.5354443,0.13647642731666565,0.6050000190734863,0.38280001282691956
YGR067C,YNL136W,0,-4.5354595,0.13644564151763916,0.6050000190734863,0.3828999996185303
YOR290C,YBR107C,0,-4.535467,0.13641488552093506,0.6050000190734863,0.382999986410141
YOL039W,YJR046W,0,-4.5355177,0.13638412952423096,0.6050000190734863,0.3831000030040741
YLL023C,YJL113W,0,-4.535688,0.13635338842868805,0.6050000190734863,0.3831999897956848
YML048W,YDR142C,0,-4.5358834,0.13632266223430634,0.6050000190734863,0.3833000063896179
YGR054W,YDL113C,0,-4.536069,0.13629195094108582,0.6050000190734863,0.38339999318122864
YPR166C,YMR285C,0,-4.5362587,0.1362612545490265,0.6050000190734863,0.38350000977516174
YPL137C,YPR058W,0,-4.5363064,0.13623057305812836,0.6050000190734863,0.38359999656677246
YOR181W,YKL048C,1,-4.536336,0.13642503321170807,0.6060000061988831,0.38359999656677246
YJR118C,YNL264C,0,-4.536338,0.13639432191848755,0.6060000061988831,0.38370001316070557
YMR313C,YDL064W,0,-4.5363665,0.13636364042758942,0.6060000061988831,0.3837999999523163
YLR337C,YER089C,1,-4.536436,0.136557936668396,0.6069999933242798,0.3837999999523163
YER118C,YPL239W,1,-4.5368743,0.1367521435022354,0.6079999804496765,0.3837999999523163
YLR190W,YDR119W,0,-4.537012,0.1367213875055313,0.6079999804496765,0.383899986743927
YOR246C,YIR019C,0,-4.5370407,0.1366906464099884,0.6079999804496765,0.3840000033378601
YOL019W,YPL108W,0,-4.5371084,0.1366599202156067,0.6079999804496765,0.3840999901294708
YJL115W,YML040W,0,-4.5371485,0.13662920892238617,0.6079999804496765,0.38420000672340393
YHR140W,YOL121C,0,-4.537216,0.13659851253032684,0.6079999804496765,0.38429999351501465
YJR041C,YPL281C,0,-4.537245,0.1365678310394287,0.6079999804496765,0.38440001010894775
YOL116W,YER118C,1,-4.5373373,0.13676173985004425,0.609000027179718,0.38440001010894775
YKR100C,YOR016C,0,-4.5376735,0.13673102855682373,0.609000027179718,0.38449999690055847
YOR032C,YNR049C,0,-4.537737,0.1367003321647644,0.609000027179718,0.3846000134944916
YDL124W,YNL126W,0,-4.5378046,0.13666966557502747,0.609000027179718,0.3847000002861023
YCR066W,YKL176C,0,-4.5378437,0.13663899898529053,0.609000027179718,0.384799987077713
YOR367W,YIL147C,1,-4.537959,0.13683265447616577,0.6100000143051147,0.384799987077713
YCL068C,YCR106W,0,-4.5386753,0.13680197298526764,0.6100000143051147,0.3849000036716461
YDL056W,YER028C,0,-4.538946,0.1367713063955307,0.6100000143051147,0.38499999046325684
YLR118C,YBL056W,0,-4.539052,0.13674063980579376,0.6100000143051147,0.38510000705718994
YLR336C,YMR109W,1,-4.5391016,0.13693411648273468,0.6110000014305115,0.38510000705718994
YAL014C,YLR260W,0,-4.5393715,0.13690343499183655,0.6110000014305115,0.38519999384880066
YOR293W,YPL255W,0,-4.539604,0.13687275350093842,0.6110000014305115,0.38530001044273376
YMR216C,YMR302C,0,-4.5399227,0.13684210181236267,0.6110000014305115,0.3853999972343445
YDL099W,YAL053W,0,-4.5402846,0.13681146502494812,0.6110000014305115,0.3855000138282776
YOL055C,YDR033W,0,-4.5404234,0.13678084313869476,0.6110000014305115,0.3856000006198883
YNL325C,YPL036W,0,-4.5404515,0.1367502212524414,0.6110000014305115,0.385699987411499
YDL232W,YHR201C,0,-4.5405006,0.13671962916851044,0.6110000014305115,0.38580000400543213
YPL232W,YMR030W,0,-4.5407224,0.13668903708457947,0.6110000014305115,0.38589999079704285
YGR205W,YEL019C,0,-4.540921,0.1366584599018097,0.6110000014305115,0.38600000739097595
YLR263W,YPL100W,0,-4.540923,0.1366279125213623,0.6110000014305115,0.38609999418258667
YMR307W,YDR065W,0,-4.5409465,0.13659736514091492,0.6110000014305115,0.3862000107765198
YMR211W,YCR094W,0,-4.541004,0.13656683266162872,0.6110000014305115,0.3862999975681305
YCL012W,YLL001W,0,-4.5410695,0.13653631508350372,0.6110000014305115,0.3864000141620636
YJL113W,YNL077W,0,-4.5415688,0.13650581240653992,0.6110000014305115,0.3865000009536743
YOR037W,YGL185C,0,-4.5416236,0.1364753246307373,0.6110000014305115,0.38659998774528503
YHL025W,YER167W,0,-4.542096,0.1364448368549347,0.6110000014305115,0.38670000433921814
YOR240W,YBR079C,0,-4.542194,0.13641437888145447,0.6110000014305115,0.38679999113082886
YMR208W,YGL234W,0,-4.5426574,0.13638393580913544,0.6110000014305115,0.38690000772476196
YBR227C,YDR456W,0,-4.54269,0.1363534927368164,0.6110000014305115,0.3869999945163727
YOR252W,YLR284C,0,-4.542695,0.13632306456565857,0.6110000014305115,0.3871000111103058
YML037C,YOR273C,0,-4.542858,0.13629266619682312,0.6110000014305115,0.3871999979019165
YLR035C,YLR214W,0,-4.542963,0.13626226782798767,0.6110000014305115,0.3873000144958496
YCR058C,YCL055W,0,-4.5430374,0.13623188436031342,0.6110000014305115,0.3874000012874603
YMR127C,YLR037C,0,-4.5431714,0.13620151579380035,0.6110000014305115,0.38749998807907104
YHL004W,YPR118W,0,-4.5431733,0.1361711621284485,0.6110000014305115,0.38760000467300415
YOR321W,YKR099W,0,-4.543401,0.1361408233642578,0.6110000014305115,0.38769999146461487
YJR097W,YHR072W-A,0,-4.5437784,0.13611049950122833,0.6110000014305115,0.387800008058548
YKL092C,YGR017W,0,-4.544073,0.13608017563819885,0.6110000014305115,0.3878999948501587
YMR216C,YLR432W,0,-4.5442114,0.13604988157749176,0.6110000014305115,0.3880000114440918
YHL003C,YHR200W,0,-4.5442615,0.13601958751678467,0.6110000014305115,0.3880999982357025
YNR073C,YGL089C,0,-4.5443807,0.13598932325839996,0.6110000014305115,0.3882000148296356
YBR044C,YMR232W,0,-4.5450335,0.13595905900001526,0.6110000014305115,0.38830000162124634
YIL031W,YBR069C,0,-4.545127,0.13592880964279175,0.6110000014305115,0.38839998841285706
YKR062W,YGL089C,0,-4.5451326,0.13589857518672943,0.6110000014305115,0.38850000500679016
YDL124W,YER035W,0,-4.545349,0.1358683556318283,0.6110000014305115,0.3885999917984009
YNR007C,YDR352W,0,-4.545475,0.13583815097808838,0.6110000014305115,0.388700008392334
YJR145C,YNL093W,0,-4.5455008,0.13580796122550964,0.6110000014305115,0.3887999951839447
YGR272C,YLR223C,0,-4.54551,0.1357777714729309,0.6110000014305115,0.3889000117778778
YGR092W,YBR127C,0,-4.545658,0.13574761152267456,0.6110000014305115,0.3889999985694885
YGL210W-A,YER044C-A,0,-4.5457373,0.1357174515724182,0.6110000014305115,0.38909998536109924
YHR190W,YNL164C,0,-4.545743,0.13568732142448425,0.6110000014305115,0.38920000195503235
YNR023W,YBR139W,0,-4.5459504,0.1356571912765503,0.6110000014305115,0.38929998874664307
YMR208W,YHR026W,0,-4.546002,0.13562707602977753,0.6110000014305115,0.38940000534057617
YOL128C,YLR417W,0,-4.54602,0.13559697568416595,0.6110000014305115,0.3894999921321869
YLR027C,YJR150C,0,-4.5460715,0.13556689023971558,0.6110000014305115,0.38960000872612
YBR100W,YKR052C,0,-4.5461893,0.1355368196964264,0.6110000014305115,0.3896999955177307
YML087C,YMR189W,0,-4.54621,0.1355067640542984,0.6110000014305115,0.3898000121116638
YCR009C,YLR319C,1,-4.5462255,0.13569845259189606,0.6119999885559082,0.3898000121116638
YML104C,YDR212W,0,-4.546599,0.13566836714744568,0.6119999885559082,0.38989999890327454
YKL152C,YOR034C,0,-4.546624,0.1356382966041565,0.6119999885559082,0.38999998569488525
YDL080C,YFR025C,0,-4.546735,0.1356082409620285,0.6119999885559082,0.39010000228881836
YBR288C,YOR075W,0,-4.5467367,0.1355782002210617,0.6119999885559082,0.3901999890804291
YDR375C,YDR331W,0,-4.5467625,0.1355481743812561,0.6119999885559082,0.3903000056743622
YNL241C,YDR320C,0,-4.547308,0.1355181634426117,0.6119999885559082,0.3903999924659729
YDR338C,YOR336W,0,-4.547428,0.13548815250396729,0.6119999885559082,0.390500009059906
YIL127C,YDR540C,0,-4.547431,0.13545817136764526,0.6119999885559082,0.3905999958515167
YPR003C,YOR068C,0,-4.5475903,0.13542819023132324,0.6119999885559082,0.39070001244544983
YNR050C,YJR076C,0,-4.5479155,0.13539822399616241,0.6119999885559082,0.39079999923706055
YGR104C,YHR018C,0,-4.5479364,0.13536828756332397,0.6119999885559082,0.39089998602867126
YLR093C,YBR162W-A,0,-4.5480137,0.13533835113048553,0.6119999885559082,0.39100000262260437
YKR098C,YHR019C,0,-4.548418,0.1353084295988083,0.6119999885559082,0.3910999894142151
YDR356W,YDR313C,0,-4.5484934,0.13527850806713104,0.6119999885559082,0.3912000060081482
YKL035W,YNL012W,0,-4.5485663,0.13524861633777618,0.6119999885559082,0.3912999927997589
YML133C,YIL023C,0,-4.548627,0.13521873950958252,0.6119999885559082,0.391400009393692
YBR153W,YJR091C,0,-4.5489893,0.13518886268138885,0.6119999885559082,0.39149999618530273
YBR024W,YOL094C,0,-4.549198,0.13515901565551758,0.6119999885559082,0.39160001277923584
YOL064C,YGR014W,1,-4.5492682,0.13534997403621674,0.6129999756813049,0.39160001277923584
YLR059C,YBR135W,0,-4.5493655,0.13532008230686188,0.6129999756813049,0.39169999957084656
YPL281C,YPR122W,0,-4.549405,0.1352902203798294,0.6129999756813049,0.3917999863624573
YDL156W,YDR093W,0,-4.5495167,0.13526037335395813,0.6129999756813049,0.3919000029563904
YNL177C,YHR204W,0,-4.5496173,0.13523052632808685,0.6129999756813049,0.3919999897480011
YGR040W,YLR083C,0,-4.549632,0.13520070910453796,0.6129999756813049,0.3921000063419342
YPR166C,YCR028C,0,-4.5496864,0.13517089188098907,0.6129999756813049,0.3921999931335449
YNR073C,YIL049W,0,-4.5496945,0.13514108955860138,0.6129999756813049,0.392300009727478
YHR014W,YER142C,0,-4.5500436,0.13511130213737488,0.6129999756813049,0.39239999651908875
YNL176C,YDR488C,0,-4.5502043,0.13508152961730957,0.6129999756813049,0.39250001311302185
YGR245C,YJL210W,0,-4.5502396,0.13505177199840546,0.6129999756813049,0.39259999990463257
YPL198W,YJL208C,0,-4.5502443,0.13502202928066254,0.6129999756813049,0.3926999866962433
YOL116W,YDL010W,1,-4.550355,0.1352125108242035,0.6140000224113464,0.3926999866962433
YNL300W,YPR122W,0,-4.55044,0.13518273830413818,0.6140000224113464,0.3928000032901764
YNL146W,YNL099C,0,-4.5504465,0.13515298068523407,0.6140000224113464,0.3928999900817871
YJL096W,YGR205W,0,-4.5504923,0.13512323796749115,0.6140000224113464,0.3930000066757202
YOR153W,YBR204C,0,-4.5505743,0.13509351015090942,0.6140000224113464,0.39309999346733093
YOL092W,YHR021C,0,-4.550624,0.1350637972354889,0.6140000224113464,0.39320001006126404
YJL148W,YDL102W,0,-4.55072,0.13503408432006836,0.6140000224113464,0.39329999685287476
YBR244W,YDR368W,0,-4.5507956,0.13500440120697021,0.6140000224113464,0.39340001344680786
YJL097W,YNR055C,0,-4.550873,0.13497471809387207,0.6140000224113464,0.3935000002384186
YJL181W,YLR287C-A,0,-4.550927,0.13494504988193512,0.6140000224113464,0.3935999870300293
YLR054C,YER087C-A,0,-4.550928,0.13491539657115936,0.6140000224113464,0.3937000036239624
YLR138W,YCR009C,1,-4.5509853,0.1351054459810257,0.6150000095367432,0.3937000036239624
YER071C,YPL137C,0,-4.551021,0.13507577776908875,0.6150000095367432,0.3937999904155731
YDR450W,YLR408C,0,-4.5510254,0.1350461095571518,0.6150000095367432,0.3939000070095062
YKL063C,YBR167C,0,-4.5511103,0.13501647114753723,0.6150000095367432,0.39399999380111694
YEL046C,YFL061W,0,-4.5511303,0.13498683273792267,0.6150000095367432,0.39410001039505005
YPL183C,YLR459W,0,-4.551315,0.1349572092294693,0.6150000095367432,0.39419999718666077
YOR044W,YGR162W,0,-4.551347,0.13492760062217712,0.6150000095367432,0.39430001378059387
YBR293W,YBL005W,0,-4.5516157,0.13489800691604614,0.6150000095367432,0.3944000005722046
YBR156C,YOR088W,0,-4.552017,0.13486842811107635,0.6150000095367432,0.3944999873638153
YBR102C,YJR086W,0,-4.552018,0.13483884930610657,0.6150000095367432,0.3946000039577484
YML115C,YDL185W,0,-4.5525312,0.13480930030345917,0.6150000095367432,0.39469999074935913
YBR273C,YDL119C,0,-4.5528097,0.13477975130081177,0.6150000095367432,0.39480000734329224
YKR072C,YNL020C,1,-4.5528135,0.1349693238735199,0.6159999966621399,0.39480000734329224
YPL069C,YOR189W,0,-4.552919,0.1349397599697113,0.6159999966621399,0.39489999413490295
YBR127C,YDR288W,0,-4.5530996,0.1349102109670639,0.6159999966621399,0.39500001072883606
YER005W,YKL157W,0,-4.553385,0.1348806619644165,0.6159999966621399,0.3950999975204468
YKR001C,YPR071W,0,-4.5537014,0.1348511427640915,0.6159999966621399,0.3952000141143799
YPR133C,YGL100W,0,-4.5537024,0.13482162356376648,0.6159999966621399,0.3953000009059906
YBR208C,YMR017W,0,-4.553748,0.13479211926460266,0.6159999966621399,0.3953999876976013
YJL002C,YOL100W,0,-4.5539007,0.13476262986660004,0.6159999966621399,0.3955000042915344
YNL024C,YJR108W,0,-4.5539856,0.1347331553697586,0.6159999966621399,0.39559999108314514
YLR451W,YOL091W,0,-4.554154,0.13470369577407837,0.6159999966621399,0.39570000767707825
YDR118W,YDR122W,0,-4.554408,0.13467425107955933,0.6159999966621399,0.39579999446868896
YNL194C,YJL164C,0,-4.5545683,0.13464480638504028,0.6159999966621399,0.39590001106262207
YOL138C,YNL021W,0,-4.5545774,0.13461539149284363,0.6159999966621399,0.3959999978542328
YOL072W,YJL177W,0,-4.554807,0.13458597660064697,0.6159999966621399,0.3961000144481659
YDR424C,YOR201C,0,-4.5548716,0.1345565766096115,0.6159999966621399,0.3962000012397766
YPL016W,YER006W,0,-4.555971,0.13452719151973724,0.6159999966621399,0.39629998803138733
YKL099C,YGL168W,0,-4.5560503,0.13449782133102417,0.6159999966621399,0.39640000462532043
YNL093W,YGL076C,0,-4.5563383,0.1344684511423111,0.6159999966621399,0.39649999141693115
YOR198C,YML034W,0,-4.5563884,0.1344391107559204,0.6159999966621399,0.39660000801086426
YHR035W,YDR488C,0,-4.5564203,0.13440977036952972,0.6159999966621399,0.396699994802475
YPR075C,YOR047C,1,-4.5564227,0.13459859788417816,0.6169999837875366,0.396699994802475
YPR067W,YER061C,0,-4.5564475,0.13456924259662628,0.6169999837875366,0.3968000113964081
YDL235C,YLR138W,1,-4.5566845,0.13475796580314636,0.6179999709129333,0.3968000113964081
YKL152C,YGR061C,0,-4.5566998,0.1347285807132721,0.6179999709129333,0.3968999981880188
YNL062C,YCL048W,0,-4.556737,0.13469921052455902,0.6179999709129333,0.3970000147819519
YER070W,YML015C,0,-4.55674,0.13466987013816833,0.6179999709129333,0.3971000015735626
YJL158C,YMR021C,0,-4.556894,0.13464052975177765,0.6179999709129333,0.39719998836517334
YGL116W,YER025W,0,-4.5569973,0.13461118936538696,0.6179999709129333,0.39730000495910645
YBR210W,YLR215C,0,-4.5570154,0.13458187878131866,0.6179999709129333,0.39739999175071716
YDR178W,YHR165C,0,-4.5570335,0.13455258309841156,0.6179999709129333,0.39750000834465027
YDR239C,YJL115W,0,-4.5571127,0.13452328741550446,0.6179999709129333,0.397599995136261
YCL075W,YAL055W,0,-4.55713,0.13449402153491974,0.6179999709129333,0.3977000117301941
YNR011C,YGR295C,0,-4.557231,0.13446475565433502,0.6179999709129333,0.3977999985218048
YDR115W,YIL041W,0,-4.5573955,0.1344355046749115,0.6179999709129333,0.3978999853134155
YGL073W,YDR107C,0,-4.557564,0.13440626859664917,0.6179999709129333,0.39800000190734863
YDR322C-A,YBR289W,0,-4.5577354,0.13437703251838684,0.6179999709129333,0.39809998869895935
YDL020C,YNL312W,0,-4.5578494,0.1343478262424469,0.6179999709129333,0.39820000529289246
YER147C,YDR225W,0,-4.557855,0.13431861996650696,0.6179999709129333,0.3982999920845032
YOR110W,YKR045C,0,-4.557966,0.1342894434928894,0.6179999709129333,0.3984000086784363
YNR046W,YBR098W,0,-4.5580187,0.13426026701927185,0.6179999709129333,0.398499995470047
YDR009W,YPR016C,0,-4.5580225,0.1342311054468155,0.6179999709129333,0.3986000120639801
YOR178C,YLR371W,0,-4.5582876,0.13420195877552032,0.6179999709129333,0.3986999988555908
YHR216W,YBL024W,0,-4.5584755,0.13417281210422516,0.6179999709129333,0.39879998564720154
YCL045C,YOR224C,0,-4.5586615,0.13414369523525238,0.6179999709129333,0.39890000224113464
YGL173C,YPR174C,0,-4.55979,0.1341145783662796,0.6179999709129333,0.39899998903274536
YMR134W,YGL096W,0,-4.5598965,0.1340854912996292,0.6179999709129333,0.39910000562667847
YOR090C,YBR193C,0,-4.559897,0.13405640423297882,0.6179999709129333,0.3991999924182892
YPL226W,YGR092W,0,-4.5599375,0.13402733206748962,0.6179999709129333,0.3993000090122223
YJR013W,YKR079C,0,-4.5604057,0.13399825990200043,0.6179999709129333,0.399399995803833
YOR092W,YDL056W,0,-4.5604615,0.13396921753883362,0.6179999709129333,0.3995000123977661
YNL280C,YOL018C,0,-4.560546,0.1339401751756668,0.6179999709129333,0.39959999918937683
YCR083W,YHR149C,0,-4.5607634,0.1339111626148224,0.6179999709129333,0.39969998598098755
YKL073W,YDR406W,0,-4.561073,0.13388215005397797,0.6179999709129333,0.39980000257492065
YJR050W,YMR072W,0,-4.561195,0.13385315239429474,0.6179999709129333,0.39989998936653137
YLR233C,YBR156C,0,-4.561347,0.1338241696357727,0.6179999709129333,0.4000000059604645
YMR051C,YGL047W,0,-4.5617976,0.13379518687725067,0.6179999709129333,0.4000999927520752
YBR131W,YJL102W,0,-4.5618496,0.13376623392105103,0.6179999709129333,0.4002000093460083
YMR314W,YOL032W,0,-4.5618725,0.13373728096485138,0.6179999709129333,0.400299996137619
YLR205C,YNL086W,0,-4.5618796,0.13370835781097412,0.6179999709129333,0.4004000127315521
YOR347C,YPR100W,0,-4.5619454,0.13367943465709686,0.6179999709129333,0.40049999952316284
YNL275W,YBR065C,0,-4.5619965,0.1336505264043808,0.6179999709129333,0.40059998631477356
YFL039C,YLR337W,1,-4.562074,0.13383783400058746,0.6190000176429749,0.40059998631477356
YGL065C,YBR239C,0,-4.562379,0.1338089108467102,0.6190000176429749,0.40070000290870667
YHR169W,YJL094C,0,-4.562392,0.13377998769283295,0.6190000176429749,0.4007999897003174
YCL045C,YPL221W,0,-4.5624228,0.13375107944011688,0.6190000176429749,0.4009000062942505
YNL190W,YDR420W,1,-4.562424,0.13393820822238922,0.6200000047683716,0.4009000062942505
YEL032W,YCR079W,0,-4.562815,0.13390928506851196,0.6200000047683716,0.4009999930858612
YGL224C,YOR086C,0,-4.5629888,0.1338803768157959,0.6200000047683716,0.4011000096797943
YOR070C,YDR006C,0,-4.5630155,0.13385146856307983,0.6200000047683716,0.40119999647140503
YJL021C,YGR060W,0,-4.563142,0.13382257521152496,0.6200000047683716,0.40130001306533813
YML059C,YKL077W,0,-4.5633307,0.1337936967611313,0.6200000047683716,0.40139999985694885
YKL143W,YHR114W,1,-4.563492,0.13398058712482452,0.6209999918937683,0.40139999985694885
YDR225W,YKR085C,0,-4.5636134,0.13395167887210846,0.6209999918937683,0.40149998664855957
YGL070C,YPL168W,0,-4.56373,0.13392280042171478,0.6209999918937683,0.4016000032424927
YML008C,YCL075W,0,-4.564038,0.1338939219713211,0.6209999918937683,0.4016999900341034
YPR022C,YMR247C,0,-4.5640707,0.13386505842208862,0.6209999918937683,0.4018000066280365
YKL146W,YPR096C,0,-4.56418,0.13383620977401733,0.6209999918937683,0.4018999934196472
YOR043W,YKL048C,1,-4.564283,0.13402284681797028,0.621999979019165,0.4018999934196472
YHR158C,YJL183W,0,-4.5643616,0.1339939683675766,0.621999979019165,0.4020000100135803
YDL235C,YLR006C,1,-4.564538,0.13418048620224,0.6230000257492065,0.4020000100135803
YMR043W,YOL146W,0,-4.564599,0.13415159285068512,0.6230000257492065,0.40209999680519104
YOR125C,YDR377W,0,-4.564703,0.13412271440029144,0.6230000257492065,0.40220001339912415
YIL065C,YER140W,0,-4.564718,0.13409385085105896,0.6230000257492065,0.40230000019073486
YLR138W,YKL129C,1,-4.564879,0.13428017497062683,0.6240000128746033,0.40230000019073486
YBR162W-A,YMR009W,0,-4.5653343,0.13425129652023315,0.6240000128746033,0.4023999869823456
YFL035C-A,YCL062W,0,-4.565569,0.13422241806983948,0.6240000128746033,0.4025000035762787
YOL076W,YLR134W,0,-4.5656633,0.134193554520607,0.6240000128746033,0.4025999903678894
YKR080W,YLR384C,0,-4.565697,0.1341646909713745,0.6240000128746033,0.4027000069618225
YHR003C,YNL134C,0,-4.5657086,0.13413585722446442,0.6240000128746033,0.4027999937534332
YCR105W,YFR024C,0,-4.566014,0.13410702347755432,0.6240000128746033,0.40290001034736633
YOR151C,YIL009C-A,0,-4.5660443,0.1340782195329666,0.6240000128746033,0.40299999713897705
YPR134W,YOL055C,0,-4.566121,0.1340494155883789,0.6240000128746033,0.40310001373291016
YGL001C,YAL035W,0,-4.566209,0.1340206116437912,0.6240000128746033,0.4032000005245209
YER157W,YHR193C,0,-4.5662117,0.13399183750152588,0.6240000128746033,0.4032999873161316
YHR123W,YER170W,0,-4.5663233,0.13396307826042175,0.6240000128746033,0.4034000039100647
YKL178C,YNL339C,0,-4.566433,0.13393431901931763,0.6240000128746033,0.4034999907016754
YIL147C,YMR037C,1,-4.5664988,0.1341201663017273,0.625,0.4034999907016754
YPL178W,YML085C,0,-4.5667257,0.13409139215946198,0.625,0.4036000072956085
YIL064W,YDR430C,0,-4.566774,0.13406263291835785,0.625,0.40369999408721924
YPL024W,YDR050C,0,-4.566835,0.13403388857841492,0.625,0.40380001068115234
YML081W,YDL181W,0,-4.5669556,0.13400514423847198,0.625,0.40389999747276306
YDR292C,YDL101C,0,-4.566999,0.13397641479969025,0.625,0.40400001406669617
YKR092C,YHL028W,0,-4.5670404,0.1339477002620697,0.625,0.4041000008583069
YPL258C,YDR243C,0,-4.5671916,0.13391900062561035,0.625,0.4041999876499176
YMR161W,YNR053C,0,-4.567271,0.1338903158903122,0.625,0.4043000042438507
YER011W,YML025C,0,-4.567581,0.13386164605617523,0.625,0.4043999910354614
YPL209C,YNL058C,0,-4.567591,0.13383297622203827,0.625,0.40450000762939453
YDL230W,YDR118W,0,-4.5676303,0.1338043212890625,0.625,0.40459999442100525
YPL160W,YLR408C,0,-4.5677743,0.13377568125724792,0.625,0.40470001101493835
YAL056W,YLL032C,0,-4.5678988,0.13374705612659454,0.625,0.4047999978065491
YNR039C,YGL232W,0,-4.568202,0.13371844589710236,0.625,0.4049000144004822
YDR326C,YLR446W,0,-4.568445,0.13368983566761017,0.625,0.4050000011920929
YER093C,YFL022C,0,-4.5687466,0.13366125524044037,0.625,0.4050999879837036
YBR215W,YIL041W,0,-4.5688972,0.13363267481327057,0.625,0.4052000045776367
YFL053W,YCR102C,0,-4.569344,0.13360410928726196,0.625,0.40529999136924744
YBR203W,YKR105C,0,-4.5694137,0.13357554376125336,0.625,0.40540000796318054
YDL129W,YDR367W,0,-4.569944,0.13354700803756714,0.625,0.40549999475479126
YBR228W,YDR377W,0,-4.5699873,0.13351847231388092,0.625,0.40560001134872437
YHR154W,YGR023W,0,-4.570034,0.1334899663925171,0.625,0.4056999981403351
YPL249C-A,YOR016C,0,-4.5700874,0.13346146047115326,0.625,0.4058000147342682
YDR168W,YLR006C,1,-4.5701027,0.13364645838737488,0.6259999871253967,0.4058000147342682
YLL016W,YCL051W,0,-4.570227,0.13361792266368866,0.6259999871253967,0.4059000015258789
YFR010W,YJR075W,0,-4.5705023,0.13358941674232483,0.6259999871253967,0.4059999883174896
YOR019W,YML116W,0,-4.570615,0.133560910820961,0.6259999871253967,0.40610000491142273
YPL236C,YDR359C,0,-4.5706387,0.13353241980075836,0.6259999871253967,0.40619999170303345
YJL111W,YGR059W,0,-4.5707006,0.13350394368171692,0.6259999871253967,0.40630000829696655
YBR235W,YHR024C,0,-4.571016,0.13347548246383667,0.6259999871253967,0.40639999508857727
YOL049W,YGR266W,0,-4.5711784,0.13344702124595642,0.6259999871253967,0.4065000116825104
YNL312W,YER099C,0,-4.5711937,0.13341858983039856,0.6259999871253967,0.4065999984741211
YBR094W,YIL129C,0,-4.5712013,0.1333901584148407,0.6259999871253967,0.4066999852657318
YNL086W,YLL057C,0,-4.571258,0.13336174190044403,0.6259999871253967,0.4068000018596649
YDR129C,YKL088W,1,-4.571431,0.13354632258415222,0.6269999742507935,0.4068000018596649
YER146W,YBR272C,0,-4.5714355,0.13351789116859436,0.6269999742507935,0.40689998865127563
YKL143W,YMR092C,1,-4.571539,0.1337023675441742,0.628000020980835,0.40689998865127563
YHL007C,YLR138W,1,-4.571868,0.13388675451278687,0.6290000081062317,0.40689998865127563
YBR280C,YHL032C,0,-4.5720606,0.13385826349258423,0.6290000081062317,0.40700000524520874
YJL097W,YPL009C,0,-4.572368,0.13382978737354279,0.6290000081062317,0.40709999203681946
YHR210C,YCR077C,0,-4.572461,0.13380132615566254,0.6290000081062317,0.40720000863075256
YML067C,YNL054W,0,-4.572477,0.1337728649377823,0.6290000081062317,0.4072999954223633
YDR111C,YKL008C,0,-4.572584,0.13374441862106323,0.6290000081062317,0.4074000120162964
YBR293W,YLR057W,0,-4.572789,0.13371598720550537,0.6290000081062317,0.4074999988079071
YDR387C,YMR100W,0,-4.5730705,0.1336875706911087,0.6290000081062317,0.4075999855995178
YOR380W,YLR172C,0,-4.573465,0.13365915417671204,0.6290000081062317,0.4077000021934509
YNL305C,YOR065W,0,-4.5735416,0.13363076746463776,0.6290000081062317,0.40779998898506165
YOR080W,YNL264C,0,-4.573566,0.13360238075256348,0.6290000081062317,0.40790000557899475
YOL103W,YDR385W,0,-4.573615,0.1335740089416504,0.6290000081062317,0.40799999237060547
YAL007C,YAL019W,0,-4.5736246,0.1335456520318985,0.6290000081062317,0.4081000089645386
YGR074W,YJL145W,0,-4.573743,0.1335172951221466,0.6290000081062317,0.4081999957561493
YPL074W,YDR331W,0,-4.5741873,0.1334889680147171,0.6290000081062317,0.4083000123500824
YBL031W,YNL321W,0,-4.5742383,0.1334606409072876,0.6290000081062317,0.4083999991416931
YJR088C,YIL085C,0,-4.574733,0.1334323287010193,0.6290000081062317,0.40849998593330383
YOL148C,YDL012C,0,-4.57536,0.13340403139591217,0.6290000081062317,0.40860000252723694
YGL210W-A,YFR040W,0,-4.575461,0.13337574899196625,0.6290000081062317,0.40869998931884766
YJL154C,YOR172W,0,-4.575629,0.13334746658802032,0.6290000081062317,0.40880000591278076
YDL065C,YMR290C,0,-4.5756855,0.1333191990852356,0.6290000081062317,0.4088999927043915
YLR196W,YEL020C,0,-4.575718,0.13329094648361206,0.6290000081062317,0.4090000092983246
YOR368W,YLR384C,0,-4.575938,0.13326270878314972,0.6290000081062317,0.4090999960899353
YGL116W,YGR280C,0,-4.575938,0.13323448598384857,0.6290000081062317,0.4092000126838684
YER108C,YNL149C,0,-4.5760307,0.13320626318454742,0.6290000081062317,0.4092999994754791
YER172C,YBL087C,0,-4.5760784,0.13317807018756866,0.6290000081062317,0.40939998626708984
YPL280W,YKL140W,0,-4.5762453,0.1331498771905899,0.6290000081062317,0.40950000286102295
YDR047W,YKR030W,0,-4.576249,0.13312169909477234,0.6290000081062317,0.40959998965263367
YNL130C,YMR045C,0,-4.576276,0.13309352099895477,0.6290000081062317,0.4097000062465668
YKL176C,YOR256C,0,-4.576337,0.1330653727054596,0.6290000081062317,0.4097999930381775
YPR181C,YKR075C,0,-4.576411,0.13303722441196442,0.6290000081062317,0.4099000096321106
YGR138C,YLR126C,0,-4.576496,0.13300909101963043,0.6290000081062317,0.4099999964237213
YDR390C,YPR131C,0,-4.5765085,0.13298097252845764,0.6290000081062317,0.4101000130176544
YML098W,YDL192W,0,-4.5769577,0.13295286893844604,0.6290000081062317,0.41019999980926514
YDR377W,YLR001C,0,-4.5769653,0.13292476534843445,0.6290000081062317,0.41029998660087585
YDL124W,YMR231W,0,-4.5770197,0.13289667665958405,0.6290000081062317,0.41040000319480896
YKR095W,YPL215W,0,-4.5772514,0.13286860287189484,0.6290000081062317,0.4104999899864197
YLR411W,YOR214C,0,-4.5772834,0.13284054398536682,0.6290000081062317,0.4106000065803528
YAR009C,YML100W,0,-4.577359,0.1328125,0.6290000081062317,0.4106999933719635
YJL054W,YDR381W,0,-4.5773873,0.13278445601463318,0.6290000081062317,0.4108000099658966
YLR090W,YGL187C,0,-4.577544,0.13275644183158875,0.6290000081062317,0.4108999967575073
YIL098C,YNL015W,0,-4.57763,0.1327284276485443,0.6290000081062317,0.41100001335144043
YDL161W,YDR465C,0,-4.577648,0.13270042836666107,0.6290000081062317,0.41110000014305115
YNL029C,YGL053W,0,-4.5776625,0.13267242908477783,0.6290000081062317,0.41119998693466187
YDL129W,YGL098W,0,-4.577665,0.13264445960521698,0.6290000081062317,0.41130000352859497
YHR117W,YHR146W,0,-4.5779195,0.13261649012565613,0.6290000081062317,0.4113999903202057
YDR162C,YLR362W,1,-4.5780425,0.13279932737350464,0.6299999952316284,0.4113999903202057
YDR162C,YHR114W,1,-4.5780807,0.13298209011554718,0.6309999823570251,0.4113999903202057
YCR029C-A,YMR261C,0,-4.5782647,0.13295406103134155,0.6309999823570251,0.4115000069141388
YIR003W,YPL215W,0,-4.578845,0.1329260617494583,0.6309999823570251,0.4115999937057495
YOR181W,YER089C,1,-4.5788965,0.13310867547988892,0.6320000290870667,0.4115999937057495
YER178W,YFR008W,0,-4.5789165,0.1330806463956833,0.6320000290870667,0.4117000102996826
YDR139C,YGR257C,0,-4.5789347,0.13305263221263885,0.6320000290870667,0.41179999709129333
YPL257W-A,YPR049C,0,-4.5791087,0.13302463293075562,0.6320000290870667,0.41190001368522644
YOR367W,YLR337W,1,-4.5791364,0.1332070678472519,0.6330000162124634,0.41190001368522644
YPR105C,YPR143W,0,-4.5791864,0.13317903876304626,0.6330000162124634,0.41200000047683716
YDR412W,YBR239C,0,-4.5797377,0.13315102458000183,0.6330000162124634,0.4120999872684479
YML081W,YNL137C,0,-4.5797815,0.1331230252981186,0.6330000162124634,0.412200003862381
YNL275W,YMR104C,0,-4.5798006,0.13309504091739655,0.6330000162124634,0.4122999906539917
YML008C,YHR187W,0,-4.5800333,0.1330670565366745,0.6330000162124634,0.4124000072479248
YKL035W,YNL206C,0,-4.580641,0.13303908705711365,0.6330000162124634,0.4124999940395355
YHR050W,YGR189C,0,-4.5808687,0.133011132478714,0.6330000162124634,0.41260001063346863
YML094W,YGL131C,0,-4.580886,0.13298319280147552,0.6330000162124634,0.41269999742507935
YJR129C,YDR528W,0,-4.581427,0.13295526802539825,0.6330000162124634,0.41280001401901245
YCR107W,YMR086W,0,-4.5814714,0.13292734324932098,0.6330000162124634,0.41290000081062317
YGR038W,YBR058C-A,0,-4.581626,0.1328994333744049,0.6330000162124634,0.4129999876022339
YIL043C,YKL149C,0,-4.581785,0.13287153840065002,0.6330000162124634,0.413100004196167
YMR113W,YPR185W,0,-4.5818563,0.13284365832805634,0.6330000162124634,0.4131999909877777
YMR278W,YHR062C,0,-4.581897,0.13281577825546265,0.6330000162124634,0.4133000075817108
YMR121C,YJR022W,0,-4.58204,0.13278791308403015,0.6330000162124634,0.41339999437332153
YLR175W,YNL116W,0,-4.582438,0.13276006281375885,0.6330000162124634,0.41350001096725464
YOR047C,YKL048C,1,-4.5824475,0.13294191658496857,0.6340000033378601,0.41350001096725464
YIL063C,YLL035W,0,-4.582557,0.13291405141353607,0.6340000033378601,0.41359999775886536
YLL054C,YDR477W,0,-4.582791,0.13288618624210358,0.6340000033378601,0.41370001435279846
YHR032W,YPL138C,0,-4.582932,0.13285833597183228,0.6340000033378601,0.4138000011444092
YER114C,YLL066C,0,-4.5829897,0.13283050060272217,0.6340000033378601,0.4138999879360199
YCL045C,YDR105C,0,-4.583162,0.13280268013477325,0.6340000033378601,0.414000004529953
YPL006W,YNL316C,0,-4.583267,0.13277487456798553,0.6340000033378601,0.4140999913215637
YLR052W,YMR188C,0,-4.5832777,0.13274706900119781,0.6340000033378601,0.4142000079154968
YPR145W,YJL018W,0,-4.5832896,0.1327192783355713,0.6340000033378601,0.41429999470710754
YGR249W,YKL193C,0,-4.583603,0.13269150257110596,0.6340000033378601,0.41440001130104065
YBR198C,YKL069W,0,-4.5837536,0.13266374170780182,0.6340000033378601,0.41449999809265137
YKR001C,YMR288W,0,-4.5840635,0.13263598084449768,0.6340000033378601,0.4146000146865845
YDL235C,YBR016W,1,-4.584197,0.13281740248203278,0.6349999904632568,0.4146000146865845
YDL145C,YGL073W,0,-4.5842695,0.13278962671756744,0.6349999904632568,0.4147000014781952
YHR016C,YBR189W,0,-4.584435,0.1327618658542633,0.6349999904632568,0.4147999882698059
YNL055C,YAL030W,0,-4.584461,0.13273411989212036,0.6349999904632568,0.414900004863739
YPL234C,YAR009C,0,-4.5844655,0.13270637392997742,0.6349999904632568,0.41499999165534973
YBR090C-A,YLR121C,0,-4.584468,0.13267864286899567,0.6349999904632568,0.41510000824928284
YER023W,YDR119W,0,-4.584796,0.1326509267091751,0.6349999904632568,0.41519999504089355
YER108C,YIR013C,0,-4.584961,0.13262322545051575,0.6349999904632568,0.41530001163482666
YDL174C,YBR272C,0,-4.5854235,0.13259552419185638,0.6349999904632568,0.4153999984264374
YPL164C,YKR099W,0,-4.585546,0.1325678527355194,0.6349999904632568,0.4154999852180481
YDR536W,YHR083W,0,-4.585604,0.13254018127918243,0.6349999904632568,0.4156000018119812
YNL190W,YCR073C,1,-4.5856137,0.1327212005853653,0.6359999775886536,0.4156000018119812
YGR148C,YGR277C,0,-4.586071,0.13269351422786713,0.6359999775886536,0.4156999886035919
YLR059C,YCR043C,0,-4.586344,0.13266582787036896,0.6359999775886536,0.415800005197525
YMR224C,YGR027W-B,0,-4.5864353,0.13263817131519318,0.6359999775886536,0.41589999198913574
YDR210C-D,YER167W,0,-4.586551,0.1326105147600174,0.6359999775886536,0.41600000858306885
YOR391C,YJR093C,0,-4.586594,0.1325828582048416,0.6359999775886536,0.41609999537467957
YLR085C,YNL213C,0,-4.5866218,0.13255523145198822,0.6359999775886536,0.41620001196861267
YDR283C,YIL124W,0,-4.5866566,0.13252760469913483,0.6359999775886536,0.4162999987602234
YKL071W,YJR086W,0,-4.5869474,0.13249999284744263,0.6359999775886536,0.4163999855518341
YMR184W,YGR078C,0,-4.5869694,0.13247239589691162,0.6359999775886536,0.4165000021457672
YOR321W,YNL058C,0,-4.5869794,0.1324448138475418,0.6359999775886536,0.41659998893737793
YKL071W,YOR173W,0,-4.5871754,0.132417231798172,0.6359999775886536,0.41670000553131104
YIL007C,YNR063W,0,-4.587217,0.13238967955112457,0.6359999775886536,0.41679999232292175
YLR057W,YHR072W-A,0,-4.587338,0.13236212730407715,0.6359999775886536,0.41690000891685486
YDR221W,YJL143W,0,-4.5873775,0.13233457505702972,0.6359999775886536,0.4169999957084656
YPR154W,YOR088W,0,-4.587385,0.1323070526123047,0.6359999775886536,0.4171000123023987
YGR163W,YBR012W-B,0,-4.587492,0.13227953016757965,0.6359999775886536,0.4171999990940094
YNL112W,YML127W,0,-4.587604,0.1322520226240158,0.6359999775886536,0.4172999858856201
YJL094C,YDR311W,0,-4.5878696,0.13222452998161316,0.6359999775886536,0.4174000024795532
YGR082W,YLR064W,0,-4.5879135,0.1321970522403717,0.6359999775886536,0.41749998927116394
YDL136W,YKL006C-A,0,-4.5881157,0.13216957449913025,0.6359999775886536,0.41760000586509705
YKL058W,YDR427W,0,-4.5881596,0.13214211165905,0.6359999775886536,0.41769999265670776
YLR337W,YKL129C,1,-4.588177,0.13232238590717316,0.6370000243186951,0.41769999265670776
YOR240W,YML101C,0,-4.5884395,0.1322949081659317,0.6370000243186951,0.41780000925064087
YCR070W,YNL151C,0,-4.5885105,0.13226744532585144,0.6370000243186951,0.4178999960422516
YNL326C,YNL308C,0,-4.5888567,0.13223998248577118,0.6370000243186951,0.4180000126361847
YOR011W,YEL015W,0,-4.58893,0.1322125345468521,0.6370000243186951,0.4180999994277954
YDL191W,YOL095C,0,-4.5889325,0.13218510150909424,0.6370000243186951,0.41819998621940613
YLR100W,YLL010C,0,-4.5889373,0.13215768337249756,0.6370000243186951,0.41830000281333923
YDR465C,YDL033C,0,-4.5892606,0.13213026523590088,0.6370000243186951,0.41839998960494995
YFR037C,YEL005C,0,-4.589268,0.1321028620004654,0.6370000243186951,0.41850000619888306
YOR380W,YNL098C,0,-4.5892944,0.1320754736661911,0.6370000243186951,0.4185999929904938
YML114C,YGL027C,0,-4.5893335,0.132048100233078,0.6370000243186951,0.4187000095844269
YOR240W,YJL042W,0,-4.5893526,0.1320207267999649,0.6370000243186951,0.4187999963760376
YDR040C,YGR014W,1,-4.5900784,0.13220058381557465,0.6380000114440918,0.4187999963760376
YKL116C,YCR023C,0,-4.5902867,0.13217319548130035,0.6380000114440918,0.4189000129699707
YJR060W,YDR435C,0,-4.590309,0.13214582204818726,0.6380000114440918,0.4189999997615814
YPL148C,YIL027C,0,-4.590656,0.13211844861507416,0.6380000114440918,0.41909998655319214
YCL038C,YBL002W,0,-4.5908136,0.13209109008312225,0.6380000114440918,0.41920000314712524
YMR236W,YHR086W,0,-4.5908146,0.13206376135349274,0.6380000114440918,0.41929998993873596
YPR009W,YBR191W,0,-4.5913434,0.13203641772270203,0.6380000114440918,0.41940000653266907
YML092C,YNL280C,0,-4.5917215,0.1320091038942337,0.6380000114440918,0.4194999933242798
YPL262W,YPL015C,0,-4.5918126,0.13198179006576538,0.6380000114440918,0.4196000099182129
YNL020C,YHR114W,1,-4.591895,0.13216131925582886,0.6389999985694885,0.4196000099182129
YNR069C,YLR032W,0,-4.5919523,0.13213399052619934,0.6389999985694885,0.4196999967098236
YKL048C,YBL061C,1,-4.5920725,0.13231341540813446,0.6399999856948853,0.4196999967098236
YLL018C-A,YDR116C,0,-4.592145,0.13228607177734375,0.6399999856948853,0.4198000133037567
YKR046C,YNL086W,0,-4.5927877,0.13225872814655304,0.6399999856948853,0.41990000009536743
YML058W,YOR110W,0,-4.5933733,0.13223139941692352,0.6399999856948853,0.41999998688697815
YER003C,YGR062C,0,-4.5933957,0.1322040855884552,0.6399999856948853,0.42010000348091125
YLR446W,YDR201W,0,-4.593462,0.13217678666114807,0.6399999856948853,0.420199990272522
YDR013W,YNR073C,0,-4.5935173,0.13214948773384094,0.6399999856948853,0.4203000068664551
YLR466W,YLL036C,0,-4.5935874,0.1321222186088562,0.6399999856948853,0.4203999936580658
YJL181W,YLL001W,0,-4.593858,0.13209494948387146,0.6399999856948853,0.4205000102519989
YOL086W-A,YNL280C,0,-4.593892,0.13206768035888672,0.6399999856948853,0.4205999970436096
YBR180W,YFL035C-B,0,-4.5939918,0.13204044103622437,0.6399999856948853,0.4207000136375427
YLR040C,YGR044C,0,-4.594013,0.132013201713562,0.6399999856948853,0.42080000042915344
YDR074W,YHR013C,0,-4.5943413,0.13198597729206085,0.6399999856948853,0.42089998722076416
YBR280C,YOR308C,0,-4.594557,0.1319587677717209,0.6399999856948853,0.42100000381469727
YPL135W,YMR067C,0,-4.5948277,0.13193155825138092,0.6399999856948853,0.421099990606308
YGR200C,YJR110W,0,-4.5951347,0.13190436363220215,0.6399999856948853,0.4212000072002411
YDR317W,YHL001W,0,-4.5951433,0.13187718391418457,0.6399999856948853,0.4212999939918518
YLL038C,YDR291W,0,-4.5952606,0.13185001909732819,0.6399999856948853,0.4214000105857849
YNL062C,YDR252W,0,-4.5952806,0.131822869181633,0.6399999856948853,0.42149999737739563
YOR367W,YCR073C,1,-4.5955067,0.13200165331363678,0.640999972820282,0.42149999737739563
YHR043C,YKR059W,0,-4.595547,0.1319744735956192,0.640999972820282,0.42160001397132874
YDR363W,YJL046W,0,-4.5957117,0.13194730877876282,0.640999972820282,0.42170000076293945
YOR295W,YGR080W,0,-4.595827,0.13192014396190643,0.640999972820282,0.42179998755455017
YPR075C,YKL088W,1,-4.5961,0.13209876418113708,0.6420000195503235,0.42179998755455017
YPR054W,YLR283W,0,-4.596184,0.1320715844631195,0.6420000195503235,0.4219000041484833
YGR065C,YDR107C,0,-4.596406,0.13204441964626312,0.6420000195503235,0.421999990940094
YEL015W,YNL221C,0,-4.596625,0.13201726973056793,0.6420000195503235,0.4221000075340271
YOR245C,YDR325W,0,-4.5968704,0.13199013471603394,0.6420000195503235,0.4221999943256378
YJL216C,YDL122W,0,-4.597047,0.13196299970149994,0.6420000195503235,0.4223000109195709
YDR341C,YBL091C,0,-4.597196,0.13193587958812714,0.6420000195503235,0.42239999771118164
YDL235C,YMR109W,1,-4.59725,0.1321142315864563,0.6430000066757202,0.42239999771118164
YDR156W,YMR323W,0,-4.5972834,0.1320870965719223,0.6430000066757202,0.42250001430511475
YBL002W,YNL133C,0,-4.5973754,0.1320599764585495,0.6430000066757202,0.42260000109672546
YMR278W,YOR045W,0,-4.5973864,0.1320328563451767,0.6430000066757202,0.4226999878883362
YOR087W,YMR071C,0,-4.5976157,0.1320057511329651,0.6430000066757202,0.4228000044822693
YNR053C,YPR148C,0,-4.5976734,0.13197866082191467,0.6430000066757202,0.42289999127388
YML126C,YMR223W,0,-4.5978093,0.13195157051086426,0.6430000066757202,0.4230000078678131
YOL075C,YLL013C,0,-4.5979095,0.13192449510097504,0.6430000066757202,0.42309999465942383
YNL190W,YGR014W,1,-4.598316,0.13210256397724152,0.6439999938011169,0.42309999465942383
YDL132W,YIL026C,0,-4.5985727,0.1320754736661911,0.6439999938011169,0.42320001125335693
YJL102W,YOL086W-A,0,-4.598585,0.13204838335514069,0.6439999938011169,0.42329999804496765
YDL100C,YKL192C,0,-4.5986004,0.13202132284641266,0.6439999938011169,0.42340001463890076
YLR256W,YDR194C,0,-4.598612,0.13199426233768463,0.6439999938011169,0.4235000014305115
YDL153C,YKR078W,0,-4.5987678,0.1319672167301178,0.6439999938011169,0.4235999882221222
YJL063C,YMR314W,0,-4.5989394,0.13194017112255096,0.6439999938011169,0.4237000048160553
YJL002C,YMR232W,0,-4.599077,0.13191315531730652,0.6439999938011169,0.423799991607666
YGL231C,YLR376C,0,-4.599871,0.13188613951206207,0.6439999938011169,0.4239000082015991
YPL283C,YPL235W,0,-4.6000123,0.13185913860797882,0.6439999938011169,0.42399999499320984
YLR433C,YGL229C,0,-4.60008,0.13183213770389557,0.6439999938011169,0.42410001158714294
YGR217W,YGR080W,0,-4.6001525,0.1318051517009735,0.6439999938011169,0.42419999837875366
YML092C,YLR040C,0,-4.6002,0.13177818059921265,0.6439999938011169,0.4242999851703644
YDR440W,YDL081C,0,-4.600414,0.13175122439861298,0.6439999938011169,0.4244000017642975
YFL016C,YML023C,0,-4.6006136,0.1317242830991745,0.6439999938011169,0.4244999885559082
YKL143W,YDR420W,1,-4.600627,0.1319018453359604,0.6449999809265137,0.4244999885559082
YNL291C,YOR205C,0,-4.6006374,0.13187487423419952,0.6449999809265137,0.4246000051498413
YKR072C,YMR175W,1,-4.6007786,0.13205233216285706,0.6460000276565552,0.4246000051498413
YER062C,YLR337W,1,-4.6007977,0.13222971558570862,0.6470000147819519,0.4246000051498413
YGR027W-A,YLR221C,0,-4.6010356,0.13220269978046417,0.6470000147819519,0.424699991941452
YLR298C,YER094C,0,-4.6010733,0.13217568397521973,0.6470000147819519,0.42480000853538513
YAR033W,YDL134C-A,0,-4.6012053,0.13214869797229767,0.6470000147819519,0.42489999532699585
YPR158C-D,YDR107C,0,-4.601355,0.1321217119693756,0.6470000147819519,0.42500001192092896
YNL209W,YDR463W,0,-4.6014185,0.13209472596645355,0.6470000147819519,0.4250999987125397
YOR117W,YJR096W,0,-4.601428,0.13206776976585388,0.6470000147819519,0.4251999855041504
YLR035C,YFL052W,0,-4.6014585,0.1320408135652542,0.6470000147819519,0.4253000020980835
YML115C,YOL033W,0,-4.6015496,0.13201387226581573,0.6470000147819519,0.4253999888896942
YJR137C,YBR050C,0,-4.6015973,0.13198694586753845,0.6470000147819519,0.4255000054836273
YGR223C,YEL055C,0,-4.6017737,0.13196001946926117,0.6470000147819519,0.42559999227523804
YCL019W,YHR005C,0,-4.6019254,0.13193312287330627,0.6470000147819519,0.42570000886917114
YDR034C-D,YOR207C,0,-4.6020803,0.13190621137619019,0.6470000147819519,0.42579999566078186
YOR056C,YDR424C,0,-4.6021085,0.13187932968139648,0.6470000147819519,0.42590001225471497
YAL059W,YPR158W-A,0,-4.6021967,0.13185246288776398,0.6470000147819519,0.4259999990463257
YMR162C,YMR071C,0,-4.6024556,0.13182559609413147,0.6470000147819519,0.4260999858379364
YDL232W,YPL204W,0,-4.6026034,0.13179874420166016,0.6470000147819519,0.4262000024318695
YMR002W,YLR040C,0,-4.602761,0.13177189230918884,0.6470000147819519,0.4262999892234802
YKL042W,YGL115W,0,-4.602929,0.13174505531787872,0.6470000147819519,0.42640000581741333
YIL110W,YMR323W,0,-4.603013,0.131718248128891,0.6470000147819519,0.42649999260902405
YML077W,YML082W,0,-4.6030416,0.13169142603874207,0.6470000147819519,0.42660000920295715
YOR193W,YOR086C,0,-4.6030836,0.13166463375091553,0.6470000147819519,0.42669999599456787
YOR367W,YNL190W,1,-4.6031804,0.13184130191802979,0.6480000019073486,0.42669999599456787
YGL001C,YHR024C,0,-4.6031923,0.13181447982788086,0.6480000019073486,0.426800012588501
YDL231C,YNL212W,0,-4.603197,0.13178767263889313,0.6480000019073486,0.4268999993801117
YDR523C,YLR355C,0,-4.6032805,0.1317608803510666,0.6480000019073486,0.4269999861717224
YDL106C,YDR107C,0,-4.603584,0.13173408806324005,0.6480000019073486,0.4271000027656555
YEL044W,YNL181W,0,-4.603787,0.1317073106765747,0.6480000019073486,0.42719998955726624
YGR063C,YHR122W,0,-4.604025,0.13168054819107056,0.6480000019073486,0.42730000615119934
YNL194C,YJR047C,0,-4.6042337,0.1316538006067276,0.6480000019073486,0.42739999294281006
YCR072C,YMR002W,0,-4.60427,0.13162705302238464,0.6480000019073486,0.42750000953674316
YGL020C,YML072C,0,-4.604357,0.13160032033920288,0.6480000019073486,0.4275999963283539
YGR296W,YNL097C,0,-4.6043944,0.1315736025571823,0.6480000019073486,0.427700012922287
YOL152W,YOR192C,0,-4.6045,0.13154689967632294,0.6480000019073486,0.4277999997138977
YHR099W,YMR314W,0,-4.604688,0.13152019679546356,0.6480000019073486,0.4278999865055084
YBR159W,YKL080W,0,-4.604843,0.13149350881576538,0.6480000019073486,0.42800000309944153
YPL152W,YLR337W,1,-4.604873,0.13166971504688263,0.6489999890327454,0.42800000309944153
YER114C,YAL020C,0,-4.605004,0.13164299726486206,0.6489999890327454,0.42809998989105225
YOR211C,YNL186W,0,-4.6050606,0.13161630928516388,0.6489999890327454,0.42820000648498535
YML008C,YIL078W,0,-4.6050854,0.1315896213054657,0.6489999890327454,0.42829999327659607
YMR175W,YLR337C,1,-4.6051817,0.13176566362380981,0.6499999761581421,0.42829999327659607
YLR185W,YIL131C,0,-4.605485,0.13173896074295044,0.6499999761581421,0.4284000098705292
YNL284C-B,YHR139C,0,-4.605506,0.13171225786209106,0.6499999761581421,0.4284999966621399
YBR012W-A,YDR468C,0,-4.6056137,0.13168556988239288,0.6499999761581421,0.428600013256073
YPL275W,YOR175C,0,-4.6057396,0.1316588968038559,0.6499999761581421,0.4287000000476837
YHR214C-C,YGL126W,0,-4.6059995,0.1316322386264801,0.6499999761581421,0.42879998683929443
YDR168W,YLR337W,1,-4.6060104,0.1318080574274063,0.6510000228881836,0.42879998683929443
YNL068C,YIL123W,0,-4.606193,0.13178136944770813,0.6510000228881836,0.42890000343322754
YDR098C,YGR161C-D,0,-4.606348,0.13175471127033234,0.6510000228881836,0.42899999022483826
YLR337W,YLR362W,1,-4.606529,0.1319303959608078,0.6520000100135803,0.42899999022483826
YKL011C,YOR188W,0,-4.6067333,0.13190370798110962,0.6520000100135803,0.42910000681877136
YNL190W,YMR109W,1,-4.606886,0.13207928836345673,0.652999997138977,0.42910000681877136
YER016W,YGL012W,0,-4.6070757,0.13205258548259735,0.652999997138977,0.4291999936103821
YBR208C,YML014W,0,-4.607143,0.13202588260173798,0.652999997138977,0.4293000102043152
YOR295W,YOL002C,0,-4.6073275,0.1319991946220398,0.652999997138977,0.4293999969959259
YLR399C,YGR083C,0,-4.607443,0.1319725215435028,0.652999997138977,0.429500013589859
YER071C,YNR048W,0,-4.6076164,0.13194584846496582,0.652999997138977,0.4296000003814697
YIL018W,YDL042C,0,-4.607629,0.13191919028759003,0.652999997138977,0.42969998717308044
YBR100W,YDR169C,0,-4.6076746,0.13189254701137543,0.652999997138977,0.42980000376701355
YMR118C,YPR158C-D,0,-4.607683,0.13186591863632202,0.652999997138977,0.42989999055862427
YAL025C,YNL047C,0,-4.6077814,0.13183929026126862,0.652999997138977,0.4300000071525574
YPL211W,YNL181W,0,-4.608186,0.1318126767873764,0.652999997138977,0.4300999939441681
YCL040W,YDR247W,0,-4.6083193,0.13178607821464539,0.652999997138977,0.4302000105381012
YNL067W,YJL018W,0,-4.6083865,0.13175947964191437,0.652999997138977,0.4302999973297119
YER170W,YLR154W-C,0,-4.608492,0.13173289597034454,0.652999997138977,0.430400013923645
YER159C-A,YHR197W,0,-4.60867,0.1317063271999359,0.652999997138977,0.43050000071525574
YKL199C,YJR110W,0,-4.609376,0.13167977333068848,0.652999997138977,0.43059998750686646
YCL027C-A,YLL001W,0,-4.6095037,0.13165321946144104,0.652999997138977,0.43070000410079956
YOL075C,YOR175C,0,-4.609521,0.131626695394516,0.652999997138977,0.4307999908924103
YGR121C,YDR394W,0,-4.6095285,0.13160015642642975,0.652999997138977,0.4309000074863434
YMR323W,YLR210W,0,-4.6095505,0.1315736472606659,0.652999997138977,0.4309999942779541
YDR261W-B,YHR001W,0,-4.609657,0.13154713809490204,0.652999997138977,0.4311000108718872
YOL144W,YOR329C,0,-4.609872,0.13152064383029938,0.652999997138977,0.4311999976634979
YGR159C,YOR030W,0,-4.6100225,0.1314941644668579,0.652999997138977,0.43130001425743103
YER074W-A,YNL161W,0,-4.6101103,0.13146768510341644,0.652999997138977,0.43140000104904175
YBR082C,YML065W,0,-4.610293,0.13144122064113617,0.652999997138977,0.43149998784065247
YBL050W,YPL086C,0,-4.6103983,0.1314147710800171,0.652999997138977,0.43160000443458557
YGR027W-A,YFR032C-A,0,-4.6107597,0.1313883364200592,0.652999997138977,0.4316999912261963
YIL153W,YHL007C,1,-4.610914,0.13156306743621826,0.6539999842643738,0.4316999912261963
YLR313C,YCR107W,0,-4.6109495,0.131536602973938,0.6539999842643738,0.4318000078201294
YLR466W,YDR060W,0,-4.6111455,0.1315101534128189,0.6539999842643738,0.4318999946117401
YDR143C,YGR161W-A,0,-4.6112533,0.13148371875286102,0.6539999842643738,0.4320000112056732
YGR125W,YMR192W,0,-4.6113153,0.13145728409290314,0.6539999842643738,0.43209999799728394
YNL284C-B,YJL013C,0,-4.611398,0.13143086433410645,0.6539999842643738,0.43220001459121704
YBL051C,YDR501W,0,-4.6114836,0.13140445947647095,0.6539999842643738,0.43230000138282776
YIL125W,YDR034C-C,0,-4.611631,0.13137806951999664,0.6539999842643738,0.4323999881744385
YAL043C,YFL044C,0,-4.6117616,0.13135167956352234,0.6539999842643738,0.4325000047683716
YLR014C,YGL136C,0,-4.611889,0.13132530450820923,0.6539999842643738,0.4325999915599823
YOL116W,YOR367W,1,-4.611992,0.13149969279766083,0.6549999713897705,0.4325999915599823
YOR171C,YPR112C,0,-4.612206,0.13147330284118652,0.6549999713897705,0.4327000081539154
YJL143W,YCR053W,0,-4.6124496,0.13144691288471222,0.6549999713897705,0.4327999949455261
YNR032C-A,YML010W,0,-4.612521,0.1314205527305603,0.6549999713897705,0.43290001153945923
YDR394W,YML074C,0,-4.6127024,0.1313941776752472,0.6549999713897705,0.43299999833106995
YBR021W,YGL012W,0,-4.6127687,0.13136783242225647,0.6549999713897705,0.43309998512268066
YMR118C,YLL066C,0,-4.612964,0.13134148716926575,0.6549999713897705,0.43320000171661377
YOL110W,YBR055C,0,-4.6131954,0.13131515681743622,0.6549999713897705,0.4332999885082245
YDR228C,YHR112C,0,-4.613249,0.13128884136676788,0.6549999713897705,0.4334000051021576
YKR099C-A,YKR022C,0,-4.6132607,0.13126252591609955,0.6549999713897705,0.4334999918937683
YEL077C,YJL209W,0,-4.6133156,0.1312362253665924,0.6549999713897705,0.4336000084877014
YJL063C,YLR227W-A,0,-4.6133723,0.13120993971824646,0.6549999713897705,0.43369999527931213
YLR006C,YBR016W,1,-4.6134367,0.13138394057750702,0.656000018119812,0.43369999527931213
YIL118W,YJR076C,0,-4.6136107,0.13135762512683868,0.656000018119812,0.43380001187324524
YBR034C,YOL098C,0,-4.6136265,0.13133132457733154,0.656000018119812,0.43389999866485596
YPL111W,YGL078C,0,-4.6136904,0.1313050389289856,0.656000018119812,0.4339999854564667
YHR065C,YPL003W,0,-4.61383,0.13127876818180084,0.656000018119812,0.4341000020503998
YML120C,YBR098W,0,-4.6140423,0.1312524974346161,0.656000018119812,0.4341999888420105
YER056C,YLL010C,0,-4.6140785,0.13122624158859253,0.656000018119812,0.4343000054359436
YLR247C,YDR349C,0,-4.6141205,0.13120000064373016,0.656000018119812,0.4343999922275543
YBL082C,YML010W,0,-4.6144056,0.1311737596988678,0.656000018119812,0.4345000088214874
YLR442C,YLR040C,0,-4.6148252,0.13114753365516663,0.656000018119812,0.43459999561309814
YGL058W,YGL105W,0,-4.61487,0.13112132251262665,0.656000018119812,0.43470001220703125
YMR244C-A,YDR016C,0,-4.6151204,0.13109512627124786,0.656000018119812,0.43479999899864197
YGL045W,YJR110W,0,-4.6154165,0.13106893002986908,0.656000018119812,0.4348999857902527
YNL146W,YGL045W,0,-4.6157026,0.1310427486896515,0.656000018119812,0.4350000023841858
YKL063C,YOR032C,0,-4.615803,0.1310165822505951,0.656000018119812,0.4350999891757965
YBR191W,YGR038C-A,0,-4.615898,0.1309904158115387,0.656000018119812,0.4352000057697296
YFL018W-A,YOL100W,0,-4.615943,0.1309642642736435,0.656000018119812,0.43529999256134033
YJR060W,YLR061W,0,-4.6159954,0.13093812763690948,0.656000018119812,0.43540000915527344
YER106W,YGR116W,0,-4.616228,0.13091199100017548,0.656000018119812,0.43549999594688416
YHR089C,YJR076C,0,-4.616524,0.13088586926460266,0.656000018119812,0.43560001254081726
YLR333C,YNL135C,0,-4.61687,0.13085976243019104,0.656000018119812,0.435699999332428
YAL059W,YGR161C-C,0,-4.6168847,0.1308336704969406,0.656000018119812,0.4357999861240387
YJL002C,YBR166C,0,-4.6169558,0.13080757856369019,0.656000018119812,0.4359000027179718
YBR058C,YIL030C,0,-4.61708,0.13078150153160095,0.656000018119812,0.4359999895095825
YBL045C,YPL047W,0,-4.6173635,0.13075542449951172,0.656000018119812,0.4361000061035156
YKL052C,YGR271C-A,0,-4.6173773,0.13072937726974487,0.656000018119812,0.43619999289512634
YAR003W,YLR157C-B,0,-4.617378,0.13070333003997803,0.656000018119812,0.43630000948905945
YNL284C-B,YMR017W,0,-4.617407,0.13067729771137238,0.656000018119812,0.43639999628067017
YDR234W,YDL164C,0,-4.617486,0.13065126538276672,0.656000018119812,0.43650001287460327
YPL179W,YGR194C,0,-4.617668,0.13062524795532227,0.656000018119812,0.436599999666214
YKL178C,YNL054W-B,0,-4.6180167,0.130599245429039,0.656000018119812,0.4366999864578247
YCL075W,YBL097W,0,-4.618468,0.13057324290275574,0.656000018119812,0.4368000030517578
YDR430C,YDR235W,0,-4.6185412,0.13054727017879486,0.656000018119812,0.43689998984336853
YCR029C-A,YPR065W,0,-4.618597,0.1305212825536728,0.656000018119812,0.43700000643730164
YEL005C,YJR049C,0,-4.6186724,0.1304953247308731,0.656000018119812,0.43709999322891235
YDR490C,YIL124W,0,-4.6191964,0.13046936690807343,0.656000018119812,0.43720000982284546
YGR231C,YDR198C,0,-4.619253,0.13044342398643494,0.656000018119812,0.4372999966144562
YNL218W,YCR106W,0,-4.619271,0.13041749596595764,0.656000018119812,0.4374000132083893
YOR255W,YDL025C,0,-4.619443,0.13039156794548035,0.656000018119812,0.4375
YKL088W,YLR138W,1,-4.6194687,0.1305643916130066,0.6570000052452087,0.4375
YJL115W,YJR064W,0,-4.619477,0.1305384486913681,0.6570000052452087,0.4375999867916107
YLL039C,YDR513W,0,-4.6195164,0.1305125206708908,0.6570000052452087,0.4377000033855438
YER179W,YPL068C,0,-4.6195602,0.1304865926504135,0.6570000052452087,0.43779999017715454
YIL106W,YLR246W,0,-4.619732,0.1304606795310974,0.6570000052452087,0.43790000677108765
YMR106C,YIL087C,0,-4.6197915,0.1304347813129425,0.6570000052452087,0.43799999356269836
YOL116W,YOR028C,1,-4.6197996,0.13060738146305084,0.6579999923706055,0.43799999356269836
YDR012W,YOR173W,0,-4.6198215,0.13058146834373474,0.6579999923706055,0.43810001015663147
YBR110W,YGR192C,0,-4.619839,0.13055555522441864,0.6579999923706055,0.4381999969482422
YHR150W,YDL060W,0,-4.620242,0.13052965700626373,0.6579999923706055,0.4383000135421753
YKL005C,YNL336W,0,-4.620298,0.13050377368927002,0.6579999923706055,0.438400000333786
YDR267C,YMR281W,0,-4.6204815,0.1304778903722763,0.6579999923706055,0.43849998712539673
YOR341W,YOL068C,0,-4.620552,0.1304520219564438,0.6579999923706055,0.43860000371932983
YPR004C,YDL149W,0,-4.6206536,0.13042616844177246,0.6579999923706055,0.43869999051094055
YDL193W,YBR090C-A,0,-4.6207123,0.13040031492710114,0.6579999923706055,0.43880000710487366
YKR013W,YBR212W,0,-4.6207914,0.130374476313591,0.6579999923706055,0.4388999938964844
YGR220C,YDR384C,0,-4.6208467,0.13034865260124207,0.6579999923706055,0.4390000104904175
YLR074C,YDL005C,0,-4.621092,0.13032282888889313,0.6579999923706055,0.4390999972820282
YJR150C,YOL098C,0,-4.6211576,0.13029703497886658,0.6579999923706055,0.4392000138759613
YCR070W,YEL032W,0,-4.6211653,0.13027122616767883,0.6579999923706055,0.439300000667572
YOR087W,YDR115W,0,-4.621169,0.13024544715881348,0.6579999923706055,0.43939998745918274
YDR017C,YPL060C-A,0,-4.621268,0.13021966814994812,0.6579999923706055,0.43950000405311584
YDL043C,YIL043C,0,-4.6214185,0.13019390404224396,0.6579999923706055,0.43959999084472656
YLR433C,YDR056C,0,-4.621481,0.130168154835701,0.6579999923706055,0.43970000743865967
YJL125C,YGR227W,0,-4.621619,0.13014240562915802,0.6579999923706055,0.4397999942302704
YDL211C,YMR281W,0,-4.6217175,0.13011667132377625,0.6579999923706055,0.4399000108242035
YOR249C,YLR446W,0,-4.622101,0.13009095191955566,0.6579999923706055,0.4399999976158142
YDR440W,YLR229C,0,-4.6225758,0.13006523251533508,0.6579999923706055,0.4401000142097473
YOR103C,YPL017C,0,-4.622598,0.1300395280122757,0.6579999923706055,0.44020000100135803
YFL011W,YIL082W-A,0,-4.6226416,0.1300138384103775,0.6579999923706055,0.44029998779296875
YNL284C-B,YKR030W,0,-4.622806,0.1299881488084793,0.6579999923706055,0.44040000438690186
YJL145W,YBL056W,0,-4.622858,0.1299624741077423,0.6579999923706055,0.4404999911785126
YDL085W,YPL020C,0,-4.623145,0.1299368143081665,0.6579999923706055,0.4406000077724457
YFL055W,YGL043W,0,-4.6232204,0.1299111545085907,0.6579999923706055,0.4406999945640564
YGL005C,YNL119W,0,-4.623613,0.1298855096101761,0.6579999923706055,0.4408000111579895
YPR008W,YJR001W,0,-4.6238823,0.12985987961292267,0.6579999923706055,0.4408999979496002
YNL020C,YLR337W,1,-4.623914,0.13003157079219818,0.6589999794960022,0.4408999979496002
YDR036C,YGR157W,0,-4.623986,0.13000591099262238,0.6589999794960022,0.4410000145435333
YKR096W,YML025C,0,-4.624074,0.12998028099536896,0.6589999794960022,0.44110000133514404
YBL013W,YER086W,0,-4.624447,0.12995465099811554,0.6589999794960022,0.44119998812675476
YLR327C,YOR113W,0,-4.6244526,0.12992902100086212,0.6589999794960022,0.44130000472068787
YDR065W,YGR161C-C,0,-4.6246347,0.1299034059047699,0.6589999794960022,0.4413999915122986
YAL056W,YBL010C,0,-4.6249356,0.12987780570983887,0.6589999794960022,0.4415000081062317
YPR005C,YKL129C,1,-4.6250067,0.13004925847053528,0.6600000262260437,0.4415000081062317
YBR104W,YPL148C,0,-4.625032,0.13002364337444305,0.6600000262260437,0.4415999948978424
YNL190W,YLR319C,1,-4.625078,0.1301949918270111,0.6610000133514404,0.4415999948978424
YCL019W,YGL136C,0,-4.6250877,0.1301693618297577,0.6610000133514404,0.4417000114917755
YLR449W,YIL011W,0,-4.6251736,0.13014373183250427,0.6610000133514404,0.44179999828338623
YLR061W,YHR102W,0,-4.625186,0.13011811673641205,0.6610000133514404,0.44190001487731934
YFL018W-A,YOL044W,0,-4.625203,0.13009250164031982,0.6610000133514404,0.44200000166893005
YNL020C,YDR420W,1,-4.6253653,0.13026367127895355,0.6620000004768372,0.44200000166893005
YDR482C,YGR027W-B,0,-4.6254187,0.13023804128170013,0.6620000004768372,0.44209998846054077
YFR025C,YGL020C,0,-4.625491,0.1302124261856079,0.6620000004768372,0.4422000050544739
YLR376C,YGR203W,0,-4.625618,0.13018682599067688,0.6620000004768372,0.4422999918460846
YER108C,YDR054C,0,-4.625783,0.13016122579574585,0.6620000004768372,0.4424000084400177
YJR088C,YOR178C,0,-4.6258154,0.130135640501976,0.6620000004768372,0.4424999952316284
YKL048C,YOR028C,1,-4.626012,0.13030660152435303,0.6629999876022339,0.4424999952316284
YDL154W,YER160C,0,-4.6260796,0.130281001329422,0.6629999876022339,0.4426000118255615
YGL107C,YPR158W-A,0,-4.626086,0.13025540113449097,0.6629999876022339,0.44269999861717224
YLR154W-C,YFL022C,0,-4.626236,0.13022981584072113,0.6629999876022339,0.44279998540878296
YMR134W,YNL265C,0,-4.6263,0.1302042454481125,0.6629999876022339,0.44290000200271606
YPL275W,YGL126W,0,-4.6264567,0.13017867505550385,0.6629999876022339,0.4429999887943268
YML133C,YPL206C,0,-4.6267343,0.1301531195640564,0.6629999876022339,0.4431000053882599
YAL056W,YPR137C-B,0,-4.626899,0.13012757897377014,0.6629999876022339,0.4431999921798706
YDR191W,YGR161W-A,0,-4.627044,0.1301020383834839,0.6629999876022339,0.4433000087738037
YOL116W,YOR181W,1,-4.627049,0.13027271628379822,0.6639999747276306,0.4433000087738037
YGL084C,YFL041W,0,-4.627242,0.13024716079235077,0.6639999747276306,0.44339999556541443
YDR331W,YCR102C,0,-4.6277266,0.13022160530090332,0.6639999747276306,0.44350001215934753
YNL099C,YHR214W,0,-4.6278424,0.13019607961177826,0.6639999747276306,0.44359999895095825
YPL111W,YCL019W,0,-4.627855,0.1301705539226532,0.6639999747276306,0.44369998574256897
YIL031W,YMR217W,0,-4.6279964,0.13014504313468933,0.6639999747276306,0.4438000023365021
YOR336W,YGL020C,0,-4.6280093,0.13011953234672546,0.6639999747276306,0.4438999891281128
YJR027W,YHL044W,0,-4.628413,0.1300940364599228,0.6639999747276306,0.4440000057220459
YNL166C,YML040W,0,-4.6284184,0.1300685554742813,0.6639999747276306,0.4440999925136566
YKL108W,YOR356W,0,-4.628913,0.13004308938980103,0.6639999747276306,0.4442000091075897
YHL009W-B,YER044C-A,0,-4.629105,0.13001762330532074,0.6639999747276306,0.44429999589920044
YDR034C-C,YLR106C,0,-4.629105,0.12999217212200165,0.6639999747276306,0.44440001249313354
YPL051W,YCL059C,0,-4.6291685,0.12996672093868256,0.6639999747276306,0.44449999928474426
YNR037C,YBR057C,0,-4.6292334,0.12994128465652466,0.6639999747276306,0.444599986076355
YLR006C,YCR073C,1,-4.629533,0.13011153042316437,0.6650000214576721,0.444599986076355
YHR205W,YIL153W,1,-4.629653,0.13028168678283691,0.6660000085830688,0.444599986076355
YML047C,YKL079W,0,-4.6297817,0.13025620579719543,0.6660000085830688,0.4447000026702881
YGR212W,YDR098C-B,0,-4.630092,0.13023073971271515,0.6660000085830688,0.4447999894618988
YOR278W,YDR236C,0,-4.6300993,0.13020527362823486,0.6660000085830688,0.4449000060558319
YKL116C,YIL017C,0,-4.6301746,0.13017982244491577,0.6660000085830688,0.4449999928474426
YLR313C,YER167W,0,-4.630438,0.13015438616275787,0.6660000085830688,0.44510000944137573
YBR008C,YLR298C,0,-4.630504,0.13012894988059998,0.6660000085830688,0.44519999623298645
YIR004W,YBR212W,0,-4.630573,0.13010352849960327,0.6660000085830688,0.44530001282691956
YPL059W,YLR337W,1,-4.63073,0.13027343153953552,0.6669999957084656,0.44530001282691956
YGR040W,YGR266W,0,-4.6308546,0.13024799525737762,0.6669999957084656,0.4453999996185303
YDR316W-A,YML029W,0,-4.6308756,0.13022257387638092,0.6669999957084656,0.445499986410141
YNL091W,YLR337W,1,-4.630929,0.13039234280586243,0.6679999828338623,0.445499986410141
YHL025W,YDR210C-D,0,-4.630992,0.13036690652370453,0.6679999828338623,0.4456000030040741
YFR037C,YGL194C,0,-4.6310163,0.13034147024154663,0.6679999828338623,0.4456999897956848
YCR005C,YDR365W-B,0,-4.6310935,0.13031603395938873,0.6679999828338623,0.4458000063896179
YLR194C,YPR137C-B,0,-4.631181,0.13029061257839203,0.6679999828338623,0.44589999318122864
YGR241C,YLR356W,0,-4.6312337,0.13026520609855652,0.6679999828338623,0.44600000977516174
YOR081C,YBR127C,0,-4.6313524,0.1302398145198822,0.6679999828338623,0.44609999656677246
YOL068C,YDR228C,0,-4.6314535,0.13021442294120789,0.6679999828338623,0.44620001316070557
YDR176W,YPR137C-B,0,-4.631616,0.13018904626369476,0.6679999828338623,0.4462999999523163
YIL157C,YOL084W,0,-4.631751,0.13016368448734283,0.6679999828338623,0.446399986743927
YGL189C,YCL045C,0,-4.6318493,0.1301383227109909,0.6679999828338623,0.4465000033378601
YER003C,YOR389W,0,-4.6318655,0.13011297583580017,0.6679999828338623,0.4465999901294708
YMR318C,YPR158W-A,0,-4.631877,0.13008762896060944,0.6679999828338623,0.44670000672340393
YLR052W,YCR033W,0,-4.631889,0.1300623118877411,0.6679999828338623,0.44679999351501465
YJL204C,YPR028W,0,-4.631898,0.13003697991371155,0.6679999828338623,0.44690001010894775
YDL038C,YJR043C,0,-4.632,0.1300116777420044,0.6679999828338623,0.44699999690055847
YIL105C,YGR038C-B,0,-4.6321383,0.12998637557029724,0.6679999828338623,0.4471000134944916
YOL065C,YJR135C,0,-4.632202,0.12996108829975128,0.6679999828338623,0.4472000002861023
YOR133W,YPL217C,0,-4.632307,0.12993581593036652,0.6679999828338623,0.447299987077713
YOL157C,YML045W,0,-4.6323338,0.12991054356098175,0.6679999828338623,0.4474000036716461
YIL103W,YGR038C-B,0,-4.6325884,0.12988528609275818,0.6679999828338623,0.44749999046325684
YLR347C,YNL247W,0,-4.6327534,0.1298600286245346,0.6679999828338623,0.44760000705718994
YLR448W,YHL009W-B,0,-4.632945,0.12983478605747223,0.6679999828338623,0.44769999384880066
YOL064C,YLR336C,1,-4.633104,0.1300038844347,0.6690000295639038,0.44769999384880066
YDL147W,YBR188C,0,-4.633209,0.12997862696647644,0.6690000295639038,0.44780001044273376
YBR212W,YIL011W,0,-4.633327,0.12995338439941406,0.6690000295639038,0.4478999972343445
YBL057C,YDR365C,0,-4.633374,0.12992814183235168,0.6690000295639038,0.4480000138282776
YJL110C,YNL111C,0,-4.633455,0.1299029141664505,0.6690000295639038,0.4481000006198883
YPL004C,YDR098C-A,0,-4.633456,0.12987768650054932,0.6690000295639038,0.448199987411499
YJL021C,YHR001W,0,-4.6335173,0.12985248863697052,0.6690000295639038,0.44830000400543213
YDR545W,YAL015C,0,-4.6337376,0.12982729077339172,0.6690000295639038,0.44839999079704285
YPL046C,YIL144W,0,-4.6338634,0.12980209290981293,0.6690000295639038,0.44850000739097595
YJL020C,YDR468C,0,-4.6339064,0.12977690994739532,0.6690000295639038,0.44859999418258667
YKL048C,YHL007C,1,-4.6339917,0.12994569540023804,0.6700000166893005,0.44859999418258667
YBR159W,YCR086W,0,-4.6342983,0.12992049753665924,0.6700000166893005,0.4487000107765198
YNL173C,YHR086W,0,-4.634527,0.12989531457424164,0.6700000166893005,0.4487999975681305
YOR167C,YPL256C,0,-4.634583,0.12987013161182404,0.6700000166893005,0.4489000141620636
YOR295W,YDR225W,0,-4.6346235,0.12984496355056763,0.6700000166893005,0.4490000009536743
YDL003W,YPL130W,0,-4.634756,0.12981979548931122,0.6700000166893005,0.44909998774528503
YDL112W,YNL054W-A,0,-4.634818,0.1297946572303772,0.6700000166893005,0.44920000433921814
YPR158W-B,YGL156W,0,-4.6349173,0.12976951897144318,0.6700000166893005,0.44929999113082886
YLR249W,YOR030W,0,-4.634952,0.12974438071250916,0.6700000166893005,0.44940000772476196
YDR111C,YDR365W-B,0,-4.634974,0.12971925735473633,0.6700000166893005,0.4494999945163727
YNL003C,YOL002C,0,-4.6350703,0.1296941488981247,0.6700000166893005,0.4496000111103058
YPL155C,YNL054W-A,0,-4.635215,0.12966905534267426,0.6700000166893005,0.4496999979019165
YNL180C,YIL171W,0,-4.6352267,0.12964396178722382,0.6700000166893005,0.4498000144958496
YDR356W,YGL059W,0,-4.6354256,0.12961888313293457,0.6700000166893005,0.4499000012874603
YHR206W,YCR073C,1,-4.6356893,0.12978723645210266,0.6710000038146973,0.4499000012874603
YML022W,YGR235C,0,-4.63578,0.12976212799549103,0.6710000038146973,0.44999998807907104
YNL054W-B,YNR053C,0,-4.6358957,0.12973704934120178,0.6710000038146973,0.45010000467300415
YMR283C,YER056C-A,0,-4.636084,0.12971197068691254,0.6710000038146973,0.45019999146461487
YDL038C,YNL005C,0,-4.636293,0.1296868920326233,0.6710000038146973,0.450300008058548
YLR313C,YGR027W-B,0,-4.6362934,0.12966184318065643,0.6710000038146973,0.4503999948501587
YER095W,YJL062W-A,0,-4.636389,0.12963677942752838,0.6710000038146973,0.4505000114440918
YDL153C,YGR129W,0,-4.6364594,0.12961174547672272,0.6710000038146973,0.4505999982357025
YDR338C,YOR214C,0,-4.636565,0.12958671152591705,0.6710000038146973,0.4507000148296356
YHR138C,YER044C-A,0,-4.636712,0.12956169247627258,0.6710000038146973,0.45080000162124634
YDR261W-B,YDR367W,0,-4.637003,0.1295366734266281,0.6710000038146973,0.45089998841285706
YER178W,YBR268W,0,-4.6371956,0.12951168417930603,0.6710000038146973,0.45100000500679016
YBL025W,YLR227W-A,0,-4.6372294,0.12948668003082275,0.6710000038146973,0.4510999917984009
YDR098C-A,YOL095C,0,-4.637386,0.12946170568466187,0.6710000038146973,0.451200008392334
YMR165C,YDR438W,0,-4.637501,0.12943673133850098,0.6710000038146973,0.4512999951839447
YBR132C,YKL143W,1,-4.6375318,0.12960462272167206,0.671999990940094,0.4512999951839447
YDR316W-B,YDL072C,0,-4.637655,0.12957963347434998,0.671999990940094,0.4514000117778778
YGL257C,YIL013C,0,-4.6376843,0.1295546591281891,0.671999990940094,0.4514999985694885
YKL051W,YNL001W,0,-4.637692,0.1295296847820282,0.671999990940094,0.45159998536109924
YBL010C,YHR111W,0,-4.6377707,0.1295047253370285,0.671999990940094,0.45170000195503235
YOR014W,YML033W,0,-4.637818,0.1294797658920288,0.671999990940094,0.45179998874664307
YGR192C,YDR210W-A,0,-4.6379104,0.1294548213481903,0.671999990940094,0.45190000534057617
YJL021C,YOR205C,0,-4.6380005,0.129429891705513,0.671999990940094,0.4519999921321869
YPL089C,YNL064C,0,-4.638018,0.1294049620628357,0.671999990940094,0.45210000872612
YBR169C,YKL173W,0,-4.638023,0.12938004732131958,0.671999990940094,0.4521999955177307
YGR125W,YLL026W,0,-4.638133,0.12935514748096466,0.671999990940094,0.4523000121116638
YCR029C-A,YLR299W,0,-4.6382265,0.12933024764060974,0.671999990940094,0.45239999890327454
YDR261W-B,YHR101C,0,-4.638237,0.12930536270141602,0.671999990940094,0.45249998569488525
YBR171W,YHR202W,0,-4.6383834,0.12928049266338348,0.671999990940094,0.45260000228881836
YOL089C,YLR337W,1,-4.638459,0.12944796681404114,0.6729999780654907,0.45260000228881836
YKL109W,YMR152W,0,-4.638509,0.1294230818748474,0.6729999780654907,0.4526999890804291
YOL003C,YBR162C,0,-4.638594,0.1293981969356537,0.6729999780654907,0.4528000056743622
YML064C,YER129W,0,-4.6386385,0.12937331199645996,0.6729999780654907,0.4528999924659729
YBL036C,YHL009W-B,0,-4.639074,0.12934845685958862,0.6729999780654907,0.453000009059906
YCL063W,YJL021C,0,-4.639115,0.12932360172271729,0.6729999780654907,0.4530999958515167
YOR295W,YGR049W,0,-4.639198,0.12929874658584595,0.6729999780654907,0.45320001244544983
YHR190W,YKL046C,0,-4.6392283,0.129273921251297,0.6729999780654907,0.45329999923706055
YPL108W,YIL160C,0,-4.6392355,0.12924908101558685,0.6729999780654907,0.45339998602867126
YDR210W-B,YIL129C,0,-4.6394854,0.1292242705821991,0.6729999780654907,0.45350000262260437
YDL130W-A,YDR034C-C,0,-4.639528,0.12919946014881134,0.6729999780654907,0.4535999894142151
YBR295W,YGR283C,0,-4.6396008,0.12917466461658478,0.6729999780654907,0.4537000060081482
YAL011W,YLR175W,0,-4.639677,0.12914986908435822,0.6729999780654907,0.4537999927997589
YGL040C,YHL019C,0,-4.63984,0.12912510335445404,0.6729999780654907,0.453900009393692
YPR145W,YDR198C,0,-4.6398544,0.12910032272338867,0.6729999780654907,0.45399999618530273
YHL009W-B,YKL024C,0,-4.639897,0.1290755718946457,0.6729999780654907,0.45410001277923584
YDL010W,YLR337W,1,-4.6399026,0.12924256920814514,0.6740000247955322,0.45410001277923584
YNL306W,YPL038W,0,-4.639983,0.12921778857707977,0.6740000247955322,0.45419999957084656
YLR157C-B,YLR327C,0,-4.640024,0.1291930228471756,0.6740000247955322,0.4542999863624573
YBR198C,YDR025W,0,-4.640663,0.12916825711727142,0.6740000247955322,0.4544000029563904
YOR343W-A,YDR231C,0,-4.640847,0.12914352118968964,0.6740000247955322,0.4544999897480011
YOL115W,YOL077W-A,0,-4.6408644,0.12911877036094666,0.6740000247955322,0.4546000063419342
YGL226W,YDR311W,0,-4.640876,0.12909404933452606,0.6740000247955322,0.4546999931335449
YNL158W,YGR277C,0,-4.641162,0.12906932830810547,0.6740000247955322,0.454800009727478
YOR192C-B,YGL038C,0,-4.6411734,0.12904460728168488,0.6740000247955322,0.45489999651908875
YMR116C,YDR362C,0,-4.641278,0.12901990115642548,0.6740000247955322,0.45500001311302185
YER033C,YPR151C,0,-4.641356,0.12899520993232727,0.6740000247955322,0.45509999990463257
YKL188C,YOL121C,0,-4.6414495,0.12897053360939026,0.6740000247955322,0.4551999866962433
YFR037C,YGR038C-A,0,-4.6414714,0.12894585728645325,0.6740000247955322,0.4553000032901764
YMR044W,YHR214C-C,0,-4.6415854,0.12892119586467743,0.6740000247955322,0.4553999900817871
YGR061C,YBL055C,0,-4.641795,0.1288965344429016,0.6740000247955322,0.4555000066757202
YBR229C,YBR112C,0,-4.6418896,0.128871887922287,0.6740000247955322,0.45559999346733093
YOR065W,YGR295C,0,-4.642062,0.12884725630283356,0.6740000247955322,0.45570001006126404
YHR001W-A,YDR098C-B,0,-4.6421804,0.12882262468338013,0.6740000247955322,0.45579999685287476
YMR289W,YGL047W,0,-4.642228,0.1287980079650879,0.6740000247955322,0.45590001344680786
YMR309C,YJL156C,0,-4.642239,0.12877340614795685,0.6740000247955322,0.4560000002384186
YDR531W,YKL060C,0,-4.642297,0.1287488043308258,0.6740000247955322,0.4560999870300293
YEL004W,YPR114W,0,-4.642357,0.12872421741485596,0.6740000247955322,0.4562000036239624
YOL064C,YIL147C,1,-4.642412,0.12889058887958527,0.675000011920929,0.4562000036239624
YHR129C,YLR227W-A,0,-4.642422,0.12886597216129303,0.675000011920929,0.4562999904155731
YPL256C,YGL150C,0,-4.6424727,0.12884138524532318,0.675000011920929,0.4564000070095062
YMR043W,YLL053C,0,-4.6425076,0.12881679832935333,0.675000011920929,0.45649999380111694
YDR040C,YBR016W,1,-4.6425676,0.1289830207824707,0.6759999990463257,0.45649999380111694
YOR070C,YKL137W,0,-4.6428437,0.12895841896533966,0.6759999990463257,0.45660001039505005
YPL103C,YOR360C,0,-4.643139,0.12893381714820862,0.6759999990463257,0.45669999718666077
YDR316W-B,YOL149W,0,-4.6432166,0.12890923023223877,0.6759999990463257,0.45680001378059387
YGR209C,YLL022C,0,-4.6432815,0.12888465821743011,0.6759999990463257,0.4569000005722046
YAL021C,YNL054W-A,0,-4.643316,0.12886008620262146,0.6759999990463257,0.4569999873638153
YPL257W-A,YBL003C,0,-4.643415,0.128835529088974,0.6759999990463257,0.4571000039577484
YPR133C,YDR316W-A,0,-4.6434436,0.12881097197532654,0.6759999990463257,0.45719999074935913
YDL129W,YKL107W,0,-4.643494,0.12878642976284027,0.6759999990463257,0.45730000734329224
YCL027C-A,YLR288C,0,-4.643526,0.1287619024515152,0.6759999990463257,0.45739999413490295
YCR043C,YHL001W,0,-4.643647,0.12873739004135132,0.6759999990463257,0.45750001072883606
YLR003C,YML001W,0,-4.6437426,0.12871287763118744,0.6759999990463257,0.4575999975204468
YKR090W,YAR044W,0,-4.6437483,0.12868836522102356,0.6759999990463257,0.4577000141143799
YNL214W,YNL218W,0,-4.6439075,0.12866386771202087,0.6759999990463257,0.4578000009059906
YDR018C,YJR047C,0,-4.6439333,0.12863938510417938,0.6759999990463257,0.4578999876976013
YJL154C,YDR261C-C,0,-4.64394,0.12861491739749908,0.6759999990463257,0.4580000042915344
YMR050C,YHR147C,0,-4.6440916,0.1285904496908188,0.6759999990463257,0.45809999108314514
YFL035C-A,YLR320W,0,-4.644307,0.12856599688529968,0.6759999990463257,0.45820000767707825
YKL138C,YEL038W,0,-4.644431,0.12854154407978058,0.6759999990463257,0.45829999446868896
YGR287C,YPL175W,0,-4.6444836,0.12851710617542267,0.6759999990463257,0.45840001106262207
YDL129W,YML041C,0,-4.6444936,0.12849268317222595,0.6759999990463257,0.4584999978542328
YIL053W,YLR337W,1,-4.6445036,0.12865830957889557,0.6769999861717224,0.4584999978542328
YKL088W,YNL091W,1,-4.6445074,0.12882386147975922,0.6779999732971191,0.4584999978542328
YBL039C,YML092C,0,-4.644592,0.12879939377307892,0.6779999732971191,0.4586000144481659
YHR032W,YBR019C,0,-4.6445937,0.12877492606639862,0.6779999732971191,0.4587000012397766
YNL139C,YGR109W-A,0,-4.6446495,0.12875047326087952,0.6779999732971191,0.45879998803138733
YJR041C,YJR027W,0,-4.6446977,0.1287260353565216,0.6779999732971191,0.45890000462532043
YHR067W,YKR052C,0,-4.644721,0.1287015974521637,0.6779999732971191,0.45899999141693115
YMR118C,YJL207C,0,-4.644729,0.12867717444896698,0.6779999732971191,0.45910000801086426
YMR216C,YBR029C,0,-4.6447744,0.12865275144577026,0.6779999732971191,0.459199994802475
YHL009W-B,YNL279W,0,-4.644827,0.12862834334373474,0.6779999732971191,0.4593000113964081
YOR246C,YBR019C,0,-4.6448956,0.1286039501428604,0.6779999732971191,0.4593999981880188
YAR009C,YOR125C,0,-4.644996,0.12857955694198608,0.6779999732971191,0.4595000147819519
YDR139C,YPL207W,0,-4.6453047,0.12855517864227295,0.6779999732971191,0.4596000015735626
YML133C,YDR034C-C,0,-4.645508,0.12853080034255981,0.6779999732971191,0.45969998836517334
YDR315C,YDR251W,0,-4.6456766,0.12850643694400787,0.6779999732971191,0.45980000495910645
YLR371W,YGR027W-B,0,-4.645813,0.12848208844661713,0.6779999732971191,0.45989999175071716
YBR036C,YGR161C-D,0,-4.645891,0.12845775485038757,0.6779999732971191,0.46000000834465027
YGR027W-B,YLR413W,0,-4.6459827,0.12843342125415802,0.6779999732971191,0.460099995136261
YGR091W,YBR191W,0,-4.646187,0.12840908765792847,0.6779999732971191,0.4602000117301941
YCL012W,YOR236W,0,-4.646302,0.1283847689628601,0.6779999732971191,0.4602999985218048
YDR365W-A,YPL074W,0,-4.6465006,0.12836046516895294,0.6779999732971191,0.4603999853134155
YLR074C,YLL036C,0,-4.6465445,0.12833617627620697,0.6779999732971191,0.46050000190734863
YNL054W-B,YBR162C,0,-4.646621,0.128311887383461,0.6779999732971191,0.46059998869895935
YPL060C-A,YGR189C,0,-4.646678,0.12828761339187622,0.6779999732971191,0.46070000529289246
YDR166C,YLR214W,0,-4.6467557,0.12826333940029144,0.6779999732971191,0.4607999920845032
YDR034C-D,YPR181C,0,-4.6468487,0.12823908030986786,0.6779999732971191,0.4609000086784363
YDR204W,YJR015W,0,-4.6469903,0.12821482121944427,0.6779999732971191,0.460999995470047
YNL263C,YDR448W,0,-4.6471624,0.12819057703018188,0.6779999732971191,0.4611000120639801
YGR082W,YDR365W-A,0,-4.647267,0.1281663477420807,0.6779999732971191,0.4611999988555908
YDR040C,YLR138W,1,-4.6472974,0.12833112478256226,0.6790000200271606,0.4611999988555908
YLR023C,YBL005W,0,-4.647427,0.12830688059329987,0.6790000200271606,0.46129998564720154
YBL018C,YLL054C,0,-4.6474857,0.12828263640403748,0.6790000200271606,0.46140000224113464
YBL088C,YCR044C,0,-4.6474886,0.12825840711593628,0.6790000200271606,0.46149998903274536
YDL247W,YPR158W-A,0,-4.6475577,0.12823417782783508,0.6790000200271606,0.46160000562667847
YDR005C,YER072W,0,-4.647772,0.12820996344089508,0.6790000200271606,0.4616999924182892
YHL021C,YPL029W,0,-4.647805,0.12818576395511627,0.6790000200271606,0.4618000090122223
YCR020W-B,YML033W,0,-4.6479206,0.12816156446933746,0.6790000200271606,0.461899995803833
YJL198W,YIR009W,0,-4.648009,0.12813737988471985,0.6790000200271606,0.4620000123977661
YDR129C,YER019W,1,-4.648029,0.12830188870429993,0.6800000071525574,0.4620000123977661
YLR014C,YOR088W,0,-4.648033,0.12827768921852112,0.6800000071525574,0.46209999918937683
YDL109C,YOR019W,0,-4.648036,0.1282534897327423,0.6800000071525574,0.46219998598098755
YDR051C,YCL019W,0,-4.648071,0.1282293051481247,0.6800000071525574,0.46230000257492065
YDR034C-C,YFL061W,0,-4.6481466,0.12820513546466827,0.6800000071525574,0.46239998936653137
YPL084W,YDR210W-A,0,-4.6482673,0.12818096578121185,0.6800000071525574,0.4625000059604645
YOR343W-A,YNL065W,0,-4.648324,0.12815681099891663,0.6800000071525574,0.4625999927520752
YNL054W-B,YER078C,0,-4.6484585,0.1281326562166214,0.6800000071525574,0.4627000093460083
YDR055W,YFL056C,0,-4.648527,0.12810851633548737,0.6800000071525574,0.462799996137619
YHL009W-B,YPL037C,0,-4.648941,0.12808439135551453,0.6800000071525574,0.4629000127315521
YMR190C,YKL148C,0,-4.6489897,0.1280602663755417,0.6800000071525574,0.46299999952316284
YMR283C,YER159C-A,0,-4.649033,0.12803615629673004,0.6800000071525574,0.46309998631477356
YGR006W,YIL124W,0,-4.649255,0.1280120462179184,0.6800000071525574,0.46320000290870667
YER159C-A,YDR520C,0,-4.6494727,0.12798795104026794,0.6800000071525574,0.4632999897003174
YGL089C,YOL103W-A,0,-4.64948,0.1279638707637787,0.6800000071525574,0.4634000062942505
YOR045W,YKL137W,0,-4.6495037,0.12793979048728943,0.6800000071525574,0.4634999930858612
YNL299W,YER048C,0,-4.6496096,0.12791572511196136,0.6800000071525574,0.4636000096797943
YPR061C,YHL002W,0,-4.6496964,0.1278916746377945,0.6800000071525574,0.46369999647140503
YHR205W,YCR073C,1,-4.64981,0.1280556619167328,0.6809999942779541,0.46369999647140503
YDR077W,YDR098C-B,0,-4.650246,0.12803158164024353,0.6809999942779541,0.46380001306533813
YER159C-A,YBL084C,0,-4.650246,0.12800751626491547,0.6809999942779541,0.46389999985694885
YER159C-A,YLR181C,0,-4.6505084,0.1279834657907486,0.6809999942779541,0.46399998664855957
YLR332W,YLR337W,1,-4.6507626,0.12814731895923615,0.6819999814033508,0.46399998664855957
YDL189W,YNR073C,0,-4.650772,0.1281232386827469,0.6819999814033508,0.4641000032424927
YOR094W,YPR186C,0,-4.650782,0.12809917330741882,0.6819999814033508,0.4641999900341034
YMR183C,YJL165C,0,-4.650789,0.12807512283325195,0.6819999814033508,0.4643000066280365
YBR162C,YBL021C,0,-4.6513186,0.12805107235908508,0.6819999814033508,0.4643999934196472
YBL022C,YPR158W-A,0,-4.6513457,0.1280270367860794,0.6819999814033508,0.4645000100135803
YPL152W,YBR016W,1,-4.6515665,0.12819069623947144,0.6830000281333923,0.4645000100135803
YGL223C,YDR267C,0,-4.6516066,0.12816663086414337,0.6830000281333923,0.46459999680519104
YPR158C-D,YML001W,0,-4.651739,0.1281425952911377,0.6830000281333923,0.46470001339912415
YFL004W,YKR083C,0,-4.6518106,0.12811854481697083,0.6830000281333923,0.46480000019073486
YNL029C,YMR074C,0,-4.6519537,0.12809452414512634,0.6830000281333923,0.4648999869823456
YML086C,YBR110W,0,-4.652099,0.12807050347328186,0.6830000281333923,0.4650000035762787
YDR092W,YDR098C-B,0,-4.652129,0.12804649770259857,0.6830000281333923,0.4650999903678894
YOR326W,YLR466W,0,-4.6521854,0.12802249193191528,0.6830000281333923,0.4652000069618225
YPL253C,YHR039C-B,0,-4.6523933,0.1279985010623932,0.6830000281333923,0.4652999937534332
YJL143W,YJL072C,0,-4.6524754,0.1279745101928711,0.6830000281333923,0.46540001034736633
YDR020C,YGR278W,0,-4.652518,0.1279505491256714,0.6830000281333923,0.46549999713897705
YGR109W-A,YNL173C,0,-4.6525693,0.12792657315731049,0.6830000281333923,0.46560001373291016
YDR372C,YNL123W,0,-4.6527147,0.12790262699127197,0.6830000281333923,0.4657000005245209
YOR151C,YNL067W,0,-4.652803,0.12787868082523346,0.6830000281333923,0.4657999873161316
YDR098C-A,YJL177W,0,-4.652871,0.12785473465919495,0.6830000281333923,0.4659000039100647
YFR006W,YHR157W,0,-4.652891,0.12783080339431763,0.6830000281333923,0.4659999907016754
YGR206W,YOR214C,0,-4.6529655,0.1278068870306015,0.6830000281333923,0.4661000072956085
YGR074W,YDR268W,0,-4.6531477,0.12778297066688538,0.6830000281333923,0.46619999408721924
YGR200C,YNL093W,0,-4.653184,0.12775906920433044,0.6830000281333923,0.46630001068115234
YDR302W,YDR098C-A,0,-4.653311,0.1277351826429367,0.6830000281333923,0.46639999747276306
YLR158C,YBL100W-B,0,-4.653391,0.12771129608154297,0.6830000281333923,0.46650001406669617
YHL018W,YDR261C-C,0,-4.6534877,0.12768742442131042,0.6830000281333923,0.4666000008583069
YCR058C,YPR020W,0,-4.6535625,0.12766355276107788,0.6830000281333923,0.4666999876499176
YOR356W,YBR171W,0,-4.653675,0.12763969600200653,0.6830000281333923,0.4668000042438507
YML111W,YIL101C,0,-4.653696,0.12761583924293518,0.6830000281333923,0.4668999910354614
YGR220C,YAL026C,0,-4.6537423,0.12759199738502502,0.6830000281333923,0.46700000762939453
YHL009W-B,YDL120W,0,-4.653768,0.12756817042827606,0.6830000281333923,0.46709999442100525
YNL054W-A,YDL079C,0,-4.653825,0.1275443583726883,0.6830000281333923,0.46720001101493835
YDR110W,YGL049C,0,-4.6540875,0.12752053141593933,0.6830000281333923,0.4672999978065491
YGR040W,YHR207C,0,-4.6543055,0.12749673426151276,0.6830000281333923,0.4674000144004822
YHR037W,YMR221C,0,-4.6543236,0.12747293710708618,0.6830000281333923,0.4675000011920929
YER153C,YDR261C-C,0,-4.6544027,0.1274491548538208,0.6830000281333923,0.4675999879837036
YKL208W,YBR091C,0,-4.6545024,0.12742537260055542,0.6830000281333923,0.4677000045776367
YOL027C,YHR149C,0,-4.654753,0.12740160524845123,0.6830000281333923,0.46779999136924744
YNL024C,YPL258C,0,-4.6548214,0.12737783789634705,0.6830000281333923,0.46790000796318054
YGR206W,YGR027W-B,0,-4.654846,0.12735408544540405,0.6830000281333923,0.46799999475479126
YNR043W,YDR210W-A,0,-4.654857,0.12733034789562225,0.6830000281333923,0.46810001134872437
YKR072C,YDL235C,1,-4.655029,0.1274930089712143,0.6840000152587891,0.46810001134872437
YLR157C-B,YLR266C,0,-4.6550446,0.1274692565202713,0.6840000152587891,0.4681999981403351
YOR256C,YGR152C,0,-4.6551676,0.1274455040693283,0.6840000152587891,0.4683000147342682
YJL113W,YIL160C,0,-4.655203,0.12742175161838531,0.6840000152587891,0.4684000015258789
YJL008C,YDL095W,0,-4.6553025,0.1273980289697647,0.6840000152587891,0.4684999883174896
YGR161W-A,YMR307W,0,-4.6555595,0.1273743063211441,0.6840000152587891,0.46860000491142273
YDR141C,YPL133C,0,-4.6556234,0.1273505836725235,0.6840000152587891,0.46869999170303345
YHR123W,YDR367W,0,-4.6556835,0.1273268759250641,0.6840000152587891,0.46880000829696655
YLR466W,YLR411W,0,-4.6557546,0.12730318307876587,0.6840000152587891,0.46889999508857727
YNL054W-B,YNL103W,0,-4.655779,0.12727949023246765,0.6840000152587891,0.4690000116825104
YHR143W,YIR007W,0,-4.6558657,0.12725581228733063,0.6840000152587891,0.4690999984741211
YGR121C,YGR170W,0,-4.6559362,0.1272321492433548,0.6840000152587891,0.4691999852657318
YPR004C,YDR197W,0,-4.6560035,0.12720848619937897,0.6840000152587891,0.4693000018596649
YGR008C,YOR028C,1,-4.65602,0.12737077474594116,0.6850000023841858,0.4693000018596649
YMR256C,YCR039C,0,-4.656086,0.12734709680080414,0.6850000023841858,0.46939998865127563
YNL183C,YBR009C,0,-4.6563416,0.12732341885566711,0.6850000023841858,0.46950000524520874
YJL143W,YOL135C,0,-4.6568327,0.12729975581169128,0.6850000023841858,0.46959999203681946
YBL101C,YJL048C,0,-4.656864,0.12727610766887665,0.6850000023841858,0.46970000863075256
YHL038C,YGL085W,0,-4.6568823,0.127252459526062,0.6850000023841858,0.4697999954223633
YOL127W,YDR329C,0,-4.656908,0.12722882628440857,0.6850000023841858,0.4699000120162964
YLR433C,YPR148C,0,-4.657031,0.12720519304275513,0.6850000023841858,0.4699999988079071
YBL010C,YGR124W,0,-4.6572104,0.12718157470226288,0.6850000023841858,0.4700999855995178
YDL106C,YDR210W-A,0,-4.657277,0.12715797126293182,0.6850000023841858,0.4702000021934509
YML087C,YDR171W,0,-4.6574326,0.12713436782360077,0.6850000023841858,0.47029998898506165
YOR122C,YKL062W,1,-4.65746,0.1272963434457779,0.6859999895095825,0.47029998898506165
YDL193W,YGR041W,0,-4.657546,0.12727272510528564,0.6859999895095825,0.47040000557899475
YNL177C,YPL060C-A,0,-4.6577716,0.1272491216659546,0.6859999895095825,0.47049999237060547
YCL012W,YOR196C,0,-4.6579,0.12722551822662354,0.6859999895095825,0.4706000089645386
YBR044C,YBR090C-A,0,-4.6579056,0.12720192968845367,0.6859999895095825,0.4706999957561493
YGL009C,YOL148C,0,-4.657977,0.1271783411502838,0.6859999895095825,0.4708000123500824
YBR258C,YAR066W,0,-4.6580787,0.12715476751327515,0.6859999895095825,0.4708999991416931
YOL005C,YGR109W-A,0,-4.658173,0.12713120877742767,0.6859999895095825,0.47099998593330383
YIL026C,YHL009W-A,0,-4.658241,0.1271076500415802,0.6859999895095825,0.47110000252723694
YDR524C-B,YKL010C,0,-4.658241,0.12708410620689392,0.6859999895095825,0.47119998931884766
YDR210W-D,YER133W,0,-4.658241,0.12706056237220764,0.6859999895095825,0.47130000591278076
YDR341C,YOL086W-A,0,-4.658241,0.12703703343868256,0.6859999895095825,0.4713999927043915
YOL076W,YHR214W-G,0,-4.658241,0.12701351940631866,0.6859999895095825,0.4715000092983246
YGL187C,YOR343C-B,0,-4.658241,0.12699000537395477,0.6859999895095825,0.4715999960899353
YJL133C-A,YKR090W,0,-4.658241,0.12696650624275208,0.6859999895095825,0.4717000126838684
YDR524C-B,YDR510W,0,-4.658241,0.12694300711154938,0.6859999895095825,0.4717999994754791
YBR200W-A,YNL293W,0,-4.658241,0.12691952288150787,0.6859999895095825,0.47189998626708984
YDR210W-D,YER174C,0,-4.658241,0.12689603865146637,0.6859999895095825,0.47200000286102295
YHL009W-B,YJR110W,0,-4.658241,0.12687256932258606,0.6859999895095825,0.47209998965263367
YLR419W,YHR039C-B,0,-4.658241,0.12684911489486694,0.6859999895095825,0.4722000062465668
YDR524C-B,YKL110C,0,-4.658241,0.12682566046714783,0.6859999895095825,0.4722999930381775
YDR210W-C,YBR268W,0,-4.658241,0.1268022209405899,0.6859999895095825,0.4724000096321106
YNR069C,YAR070W-A,0,-4.658241,0.12677878141403198,0.6859999895095825,0.4724999964237213
YOR192C-A,YKR095W-A,0,-4.658241,0.12675535678863525,0.6859999895095825,0.4726000130176544
YNL317W,YLR157C-A,0,-4.658241,0.12673194706439972,0.6859999895095825,0.47269999980926514
YHL018W,YCL048W-A,0,-4.658241,0.12670853734016418,0.6859999895095825,0.47279998660087585
YDR041W,YER053C-A,0,-4.658241,0.12668512761592865,0.6859999895095825,0.47290000319480896
YCR066W,YNL024C-A,0,-4.658241,0.1266617476940155,0.6859999895095825,0.4729999899864197
YLR337W,YBR016W,1,-4.658241,0.12682296335697174,0.6869999766349792,0.4729999899864197
YPL156C,YBL008W-A,0,-4.658241,0.1267995536327362,0.6869999766349792,0.4731000065803528
YJL052W,YLR157C-A,0,-4.658241,0.12677615880966187,0.6869999766349792,0.4731999933719635
YOR343C-A,YNL137C,0,-4.658241,0.12675276398658752,0.6869999766349792,0.4733000099658966
YBR200W-A,YJL121C,0,-4.658241,0.12672938406467438,0.6869999766349792,0.4733999967575073
YBL101W-A,YLR355C,0,-4.658241,0.12670601904392242,0.6869999766349792,0.47350001335144043
YBR200W-A,YGR200C,0,-4.658241,0.12668265402317047,0.6869999766349792,0.47360000014305115
YGR078C,YHR214W-G,0,-4.658241,0.12665928900241852,0.6869999766349792,0.47369998693466187
YER074W-A,YDR266C,0,-4.658241,0.12663593888282776,0.6869999766349792,0.47380000352859497
YML037C,YCL005W-A,0,-4.658241,0.1266126036643982,0.6869999766349792,0.4738999903202057
YOR343C-A,YBR073W,0,-4.658241,0.12658926844596863,0.6869999766349792,0.4740000069141388
YCL048W-A,YPL161C,0,-4.658241,0.12656594812870026,0.6869999766349792,0.4740999937057495
YJL133C-A,YMR232W,0,-4.658241,0.12654264271259308,0.6869999766349792,0.4742000102996826
YGR006W,YLR157C-A,0,-4.658241,0.1265193372964859,0.6869999766349792,0.47429999709129333
YGR076C,YCL048W-A,0,-4.658241,0.12649604678153992,0.6869999766349792,0.47440001368522644
YNL146W,YOR088W,0,-4.658241,0.12647275626659393,0.6869999766349792,0.47450000047683716
YKL135C,YDR524C-B,0,-4.658241,0.12644948065280914,0.6869999766349792,0.4745999872684479
YBR200W-A,YDR118W,0,-4.658241,0.12642620503902435,0.6869999766349792,0.474700003862381
YJL133C-A,YBR088C,0,-4.658241,0.12640294432640076,0.6869999766349792,0.4747999906539917
YBR233W-A,YBL100W-A,0,-4.658241,0.12637968361377716,0.6869999766349792,0.4749000072479248
YDR524C-B,YDR488C,0,-4.658241,0.12635645270347595,0.6869999766349792,0.4749999940395355
YER159C-A,YGL210W-A,0,-4.658241,0.12633320689201355,0.6869999766349792,0.47510001063346863
YBL101W-A,YML113W,0,-4.658241,0.12630999088287354,0.6869999766349792,0.47519999742507935
YLR234W,YDR210W-D,0,-4.658241,0.12628675997257233,0.6869999766349792,0.47530001401901245
YGR212W,YBL008W-A,0,-4.658241,0.1262635588645935,0.6869999766349792,0.47540000081062317
YDL161W,YOR343C-B,0,-4.658241,0.12624035775661469,0.6869999766349792,0.4754999876022339
YHR014W,YDR524C-B,0,-4.658241,0.12621715664863586,0.6869999766349792,0.475600004196167
YGR026W,YGL210W-A,0,-4.658241,0.12619397044181824,0.6869999766349792,0.4756999909877777
YDR210W-C,YPL172C,0,-4.658241,0.1261707991361618,0.6869999766349792,0.4758000075817108
YIR010W,YNL024C-A,0,-4.658241,0.12614762783050537,0.6869999766349792,0.47589999437332153
YDR103W,YHR214W-G,0,-4.658241,0.12612447142601013,0.6869999766349792,0.47600001096725464
YGL258W-A,YIL014W,0,-4.658241,0.1261013150215149,0.6869999766349792,0.47609999775886536
YDR524C-B,YMR204C,0,-4.658241,0.12607817351818085,0.6869999766349792,0.47620001435279846
YOR343C-A,YGR275W,0,-4.658241,0.126055046916008,0.6869999766349792,0.4763000011444092
YGR040W,YDR210W-D,0,-4.658241,0.12603192031383514,0.6869999766349792,0.4763999879360199
YGL096W,YBL008W-A,0,-4.658241,0.1260088086128235,0.6869999766349792,0.476500004529953
YJL151C,YDR524C-B,0,-4.658241,0.12598569691181183,0.6869999766349792,0.4765999913215637
YAR071W,YOR343C-A,0,-4.658241,0.12596260011196136,0.6869999766349792,0.4767000079154968
YDR210W-C,YOL075C,0,-4.658241,0.1259395033121109,0.6869999766349792,0.47679999470710754
YGL258W-A,YER111C,0,-4.658241,0.12591642141342163,0.6869999766349792,0.47690001130104065
YGL227W,YER053C-A,0,-4.658241,0.12589335441589355,0.6869999766349792,0.47699999809265137
YNL024C-A,YGR245C,0,-4.658241,0.12587028741836548,0.6869999766349792,0.4771000146865845
YDR110W,YJL133C-A,0,-4.658241,0.1258472204208374,0.6869999766349792,0.4772000014781952
YDR320C-A,YFR016C,0,-4.658241,0.1258241832256317,0.6869999766349792,0.4772999882698059
YGL258W-A,YER114C,0,-4.658241,0.12580113112926483,0.6869999766349792,0.477400004863739
YKL138C-A,YGR283C,0,-4.658241,0.12577810883522034,0.6869999766349792,0.47749999165534973
YGR030C,YDR524C-B,0,-4.658241,0.12575508654117584,0.6869999766349792,0.47760000824928284
YBR200W-A,YDR528W,0,-4.658241,0.12573206424713135,0.6869999766349792,0.47769999504089355
YBL101W-A,YJL143W,0,-4.658241,0.12570905685424805,0.6869999766349792,0.47780001163482666
YOR343C-A,YMR004W,0,-4.658241,0.12568606436252594,0.6869999766349792,0.4778999984264374
YBL101W-A,YHR196W,0,-4.658241,0.12566307187080383,0.6869999766349792,0.4779999852180481
YOL123W,YAR070W-A,0,-4.658241,0.12564009428024292,0.6869999766349792,0.4781000018119812
YHR172W,YOR343C-A,0,-4.658241,0.125617116689682,0.6869999766349792,0.4781999886035919
YCR029C-A,YLR297W,0,-4.658241,0.1255941540002823,0.6869999766349792,0.478300005197525
YCR070W,YJR027W,0,-4.658241,0.12557119131088257,0.6869999766349792,0.47839999198913574
YOR343C-A,YLR207W,0,-4.658241,0.12554824352264404,0.6869999766349792,0.47850000858306885
YLR381W,YBL008W-A,0,-4.658241,0.1255253106355667,0.6869999766349792,0.47859999537467957
YBL101W-A,YGR033C,0,-4.658241,0.12550237774848938,0.6869999766349792,0.47870001196861267
YBL101W-A,YPL189W,0,-4.658241,0.12547944486141205,0.6869999766349792,0.4787999987602234
YDR210W-C,YOL007C,0,-4.658241,0.1254565417766571,0.6869999766349792,0.4788999855518341
YER053C-A,YJL137C,0,-4.658241,0.12543363869190216,0.6869999766349792,0.4790000021457672
YBR200W-A,YJR041C,0,-4.658241,0.12541073560714722,0.6869999766349792,0.47909998893737793
YGR026W,YLR312C-B,0,-4.658241,0.12538784742355347,0.6869999766349792,0.47920000553131104
YPL006W,YDR524C-B,0,-4.658241,0.12536495923995972,0.6869999766349792,0.47929999232292175
YOR076C,YCL048W-A,0,-4.658241,0.12534208595752716,0.6869999766349792,0.47940000891685486
YCL027C-A,YCR043C,0,-4.658241,0.1253192275762558,0.6869999766349792,0.4794999957084656
YBL046W,YLR157C-A,0,-4.658241,0.12529636919498444,0.6869999766349792,0.4796000123023987
YLR181C,YDR524C-B,0,-4.658241,0.12527352571487427,0.6869999766349792,0.4796999990940094
YBL101W-A,YOR125C,0,-4.658241,0.1252506822347641,0.6869999766349792,0.4797999858856201
YOR343C-B,YOR320C,0,-4.658241,0.12522785365581512,0.6869999766349792,0.4799000024795532
YHR011W,YDR524C-B,0,-4.658241,0.12520502507686615,0.6869999766349792,0.47999998927116394
YDR210W-C,YOL138C,0,-4.658241,0.12518221139907837,0.6869999766349792,0.48010000586509705
YDR465C,YHL009W-A,0,-4.658241,0.12515941262245178,0.6869999766349792,0.48019999265670776
YGL121C,YBL008W-A,0,-4.658241,0.1251366138458252,0.6869999766349792,0.48030000925064087
YDR349C,YDR365W-B,0,-4.658241,0.1251138299703598,0.6869999766349792,0.4803999960422516
YML100W,YER053C-A,0,-4.658241,0.1250910460948944,0.6869999766349792,0.4805000126361847
YER122C,YNL024C-A,0,-4.658241,0.12506826221942902,0.6869999766349792,0.4805999994277954
YHR210C,YML033W,0,-4.658241,0.125045508146286,0.6869999766349792,0.48069998621940613
YBR200W-A,YCR054C,0,-4.658241,0.125022754073143,0.6869999766349792,0.48080000281333923
YCR083W,YCL048W-A,0,-4.658241,0.125,0.6869999766349792,0.48089998960494995
YOR192C-A,YFL035C-A,0,-4.658241,0.12497726082801819,0.6869999766349792,0.48100000619888306
YDR210W-D,YLR175W,0,-4.658241,0.12495452910661697,0.6869999766349792,0.4810999929904938
YEL004W,YHL009W-A,0,-4.658241,0.12493180483579636,0.6869999766349792,0.4812000095844269
YGR109W-A,YLR312C-B,0,-4.658241,0.12490908801555634,0.6869999766349792,0.4812999963760376
YCL048W-A,YNL103W,0,-4.658241,0.12488638609647751,0.6869999766349792,0.4814000129699707
YKL209C,YER053C-A,0,-4.658241,0.12486368417739868,0.6869999766349792,0.4814999997615814
YPR041W,YLR157C-A,0,-4.658241,0.12484099715948105,0.6869999766349792,0.48159998655319214
YGL139W,YBL008W-A,0,-4.658241,0.12481831759214401,0.6869999766349792,0.48170000314712524
YBL101W-A,YGR154C,0,-4.658241,0.12479563802480698,0.6869999766349792,0.48179998993873596
YGL258W-A,YOL140W,0,-4.658241,0.12477297335863113,0.6869999766349792,0.48190000653266907
YJL018W,YLR352W,0,-4.658241,0.12475031614303589,0.6869999766349792,0.4819999933242798
YDL109C,YNL054W-B,0,-4.658617,0.12472766637802124,0.6869999766349792,0.4821000099182129
YER157W,YOR361C,0,-4.6586375,0.12470503151416779,0.6869999766349792,0.4821999967098236
YER089C,YKL129C,1,-4.658646,0.1248638853430748,0.6880000233650208,0.4821999967098236
YBR058C-A,YJR143C,0,-4.6588235,0.12484122812747955,0.6880000233650208,0.4823000133037567
YKR013W,YPR068C,0,-4.6589165,0.1248185783624649,0.6880000233650208,0.48240000009536743
YGR109W-A,YPR114W,0,-4.659483,0.12479593604803085,0.6880000233650208,0.48249998688697815
YNL312W,YMR047C,0,-4.659537,0.1247733011841774,0.6880000233650208,0.48260000348091125
YJR137C,YKR099C-A,0,-4.6596804,0.12475068122148514,0.6880000233650208,0.482699990272522
YJR077C,YIL129C,0,-4.6596894,0.12472806125879288,0.6880000233650208,0.4828000068664551
YDR320C,YOR298C-A,0,-4.659733,0.12470545619726181,0.6880000233650208,0.4828999936580658
YBL040C,YGR272C,0,-4.659793,0.12468285858631134,0.6880000233650208,0.4830000102519989
YOR343W-A,YLR306W,0,-4.6600094,0.12466026097536087,0.6880000233650208,0.4830999970436096
YKR086W,YDR115W,0,-4.6602263,0.1246376782655716,0.6880000233650208,0.4832000136375427
YMR260C,YCL016C,0,-4.660303,0.12461510300636292,0.6880000233650208,0.48330000042915344
YDR316W-B,YDL033C,0,-4.660399,0.12459254264831543,0.6880000233650208,0.48339998722076416
YKR081C,YJL207C,0,-4.6604357,0.12456998229026794,0.6880000233650208,0.48350000381469727
YOR155C,YDR101C,0,-4.6607037,0.12454742938280106,0.6880000233650208,0.483599990606308
YLR096W,YKR034W,0,-4.66098,0.12452488392591476,0.6880000233650208,0.4837000072002411
YJL083W,YNL024C,0,-4.6609945,0.12450235337018967,0.6880000233650208,0.4837999939918518
YOR027W,YHR011W,0,-4.661029,0.12447982281446457,0.6880000233650208,0.4839000105857849
YJL151C,YNL086W,0,-4.661042,0.12445730715990067,0.6880000233650208,0.48399999737739563
YLR248W,YLR337W,1,-4.661167,0.12461566179990768,0.6890000104904175,0.48399999737739563
YJR161C,YKL178C,0,-4.6611853,0.12459313124418259,0.6890000104904175,0.48410001397132874
YDR098C-B,YDR060W,0,-4.6613283,0.12457060068845749,0.6890000104904175,0.48420000076293945
YLL066C,YJR110W,0,-4.6613398,0.12454808503389359,0.6890000104904175,0.48429998755455017
YPL101W,YGR277C,0,-4.661393,0.12452557682991028,0.6890000104904175,0.4844000041484833
YDR328C,YHR086W,0,-4.661457,0.12450306862592697,0.6890000104904175,0.484499990940094
YBL039C,YHR045W,0,-4.6617184,0.12448057532310486,0.6890000104904175,0.4846000075340271
YPL060C-A,YBR299W,0,-4.6618834,0.12445808947086334,0.6890000104904175,0.4846999943256378
YOR192C-A,YKR075C,0,-4.661908,0.12443561851978302,0.6890000104904175,0.4848000109195709
YDL161W,YPL262W,0,-4.6621733,0.1244131475687027,0.6890000104904175,0.48489999771118164
YGR140W,YHR123W,0,-4.662243,0.12439068406820297,0.6890000104904175,0.48500001430511475
YPR158W-A,YGL049C,0,-4.6625214,0.12436822801828384,0.6890000104904175,0.48510000109672546
YDL174C,YAR044W,0,-4.662766,0.12434578686952591,0.6890000104904175,0.4851999878883362
YOR078W,YLR265C,0,-4.662792,0.12432334572076797,0.6890000104904175,0.4853000044822693
YEL077C,YER124C,0,-4.662809,0.12430091947317123,0.6890000104904175,0.48539999127388
YDR009W,YKL051W,0,-4.6629143,0.12427850067615509,0.6890000104904175,0.4855000078678131
YGR161W-A,YDR201W,0,-4.662986,0.12425608932971954,0.6890000104904175,0.48559999465942383
YER003C,YDR365W-B,0,-4.6630216,0.1242336854338646,0.6890000104904175,0.48570001125335693
YNL190W,YPL230W,1,-4.663046,0.12439156323671341,0.6899999976158142,0.48570001125335693
YPR158W-B,YJL052W,0,-4.663596,0.12436914443969727,0.6899999976158142,0.48579999804496765
YGL141W,YML093W,0,-4.663785,0.12434672564268112,0.6899999976158142,0.48590001463890076
YLR157C-B,YJL008C,0,-4.6638513,0.12432432174682617,0.6899999976158142,0.4860000014305115
YGR038C-B,YKL110C,0,-4.6638656,0.12430192530155182,0.6899999976158142,0.4860999882221222
YJL083W,YNL227C,0,-4.6639366,0.12427953630685806,0.6899999976158142,0.4862000048160553
YPL262W,YJR160C,0,-4.6642265,0.1242571547627449,0.6899999976158142,0.486299991607666
YHR169W,YFL052W,0,-4.664308,0.12423478811979294,0.6899999976158142,0.4864000082015991
YDL229W,YLR188W,0,-4.6644235,0.12421242147684097,0.6899999976158142,0.48649999499320984
YGL157W,YPR022C,0,-4.6644945,0.1241900622844696,0.6899999976158142,0.48660001158714294
YOR131C,YNL005C,0,-4.6645107,0.12416771799325943,0.6899999976158142,0.48669999837875366
YMR055C,YDR210C-D,0,-4.6645117,0.12414537370204926,0.6899999976158142,0.4867999851703644
YJL127C,YPL028W,0,-4.664699,0.12412304431200027,0.6899999976158142,0.4869000017642975
YGL018C,YLR312C-B,0,-4.664734,0.12410072237253189,0.6899999976158142,0.4869999885559082
YOR266W,YOL103W-A,0,-4.6647487,0.12407840043306351,0.6899999976158142,0.4871000051498413
YGL181W,YNL097C,0,-4.6648035,0.12405609339475632,0.6899999976158142,0.487199991941452
YOR157C,YEL044W,0,-4.664955,0.12403379380702972,0.6899999976158142,0.48730000853538513
YGR289C,YHR062C,0,-4.6650233,0.12401150166988373,0.6899999976158142,0.48739999532699585
YMR041C,YLR441C,0,-4.6650925,0.12398921698331833,0.6899999976158142,0.48750001192092896
YOR028C,YLR319C,1,-4.665166,0.12414660304784775,0.6909999847412109,0.48750001192092896
YGR109W-A,YPR140W,0,-4.6651745,0.12412430346012115,0.6909999847412109,0.4875999987125397
YBR094W,YER093C,0,-4.6653185,0.12410201132297516,0.6909999847412109,0.4876999855041504
YLR118C,YDR098C-A,0,-4.6655755,0.12407972663640976,0.6909999847412109,0.4878000020980835
YPL060C-A,YLR376C,0,-4.6655965,0.12405744940042496,0.6909999847412109,0.4878999888896942
YDR440W,YNL156C,0,-4.665609,0.12403517961502075,0.6909999847412109,0.4880000054836273
YGR161C-C,YFL044C,0,-4.6656246,0.12401292473077774,0.6909999847412109,0.48809999227523804
YML107C,YPR079W,0,-4.6656313,0.12399066984653473,0.6909999847412109,0.48820000886917114
YBR104W,YER155C,0,-4.6656556,0.12396842241287231,0.6909999847412109,0.48829999566078186
YGR075C,YOR136W,0,-4.666203,0.1239461898803711,0.6909999847412109,0.48840001225471497
YHR114W,YKL129C,1,-4.666292,0.12410330027341843,0.6919999718666077,0.48840001225471497
YJR041C,YDR210C-D,0,-4.666462,0.12408104538917542,0.6919999718666077,0.4884999990463257
YDR481C,YIR013C,0,-4.666601,0.1240588054060936,0.6919999718666077,0.4885999858379364
YCR037C,YIL121W,0,-4.6666346,0.12403656542301178,0.6919999718666077,0.4887000024318695
YJR013W,YDR523C,0,-4.666792,0.12401434034109116,0.6919999718666077,0.4887999892234802
YML016C,YLR312C-B,0,-4.666913,0.12399211525917053,0.6919999718666077,0.48890000581741333
YGR074W,YGR024C,0,-4.666969,0.1239699050784111,0.6919999718666077,0.48899999260902405
YOR254C,YLR035C-A,0,-4.6672063,0.12394769489765167,0.6919999718666077,0.48910000920295715
YNL242W,YDR098C-B,0,-4.667264,0.12392549961805344,0.6919999718666077,0.48919999599456787
YLR337C,YBR016W,1,-4.6673307,0.12408236414194107,0.6930000185966492,0.48919999599456787
YER051W,YER042W,0,-4.66745,0.12406015396118164,0.6930000185966492,0.489300012588501
YJR001W,YHR214C-C,0,-4.667782,0.12403794378042221,0.6930000185966492,0.4893999993801117
YJL160C,YPR165W,0,-4.6679087,0.12401574850082397,0.6930000185966492,0.4894999861717224
YJL094C,YGR292W,0,-4.668044,0.12399356067180634,0.6930000185966492,0.4896000027656555
YJR161C,YNL003C,0,-4.6682186,0.1239713802933693,0.6930000185966492,0.48969998955726624
YGR272C,YDR528W,0,-4.6682425,0.12394920736551285,0.6930000185966492,0.48980000615119934
YKL158W,YBL090W,0,-4.668258,0.123927041888237,0.6930000185966492,0.48989999294281006
YKL120W,YDR365W-A,0,-4.668264,0.12390488386154175,0.6930000185966492,0.49000000953674316
YOR117W,YAL025C,0,-4.6684318,0.1238827332854271,0.6930000185966492,0.4900999963283539
YNL214W,YOL052C-A,0,-4.6684566,0.12386059015989304,0.6930000185966492,0.490200012922287
YLR066W,YDR339C,0,-4.668614,0.12383845448493958,0.6930000185966492,0.4902999997138977
YKL132C,YDR210W-A,0,-4.668682,0.12381633371114731,0.6930000185966492,0.4903999865055084
YJL104W,YLR312C-B,0,-4.669239,0.12379421293735504,0.6930000185966492,0.49050000309944153
YDR409W,YER036C,0,-4.669288,0.12377209961414337,0.6930000185966492,0.49059998989105225
YGR204W,YNL212W,0,-4.6695347,0.1237500011920929,0.6930000185966492,0.49070000648498535
YPL009C,YFR024C-A,0,-4.6695366,0.12372790277004242,0.6930000185966492,0.49079999327659607
YNR061C,YLR185W,0,-4.6695976,0.12370581924915314,0.6930000185966492,0.4909000098705292
YKR097W,YDR301W,0,-4.6697745,0.12368374317884445,0.6930000185966492,0.4909999966621399
YOR028C,YBR016W,1,-4.669876,0.12384011596441269,0.6940000057220459,0.4909999966621399
YDR541C,YGR161C-C,0,-4.669881,0.12381801754236221,0.6940000057220459,0.491100013256073
YLR157C-B,YKL195W,0,-4.669895,0.12379593402147293,0.6940000057220459,0.4912000000476837
YLR157C-B,YLR227W-A,0,-4.669966,0.12377385050058365,0.6940000057220459,0.49129998683929443
YDR034C-D,YMR051C,0,-4.669966,0.12375178188085556,0.6940000057220459,0.49140000343322754
YKL141W,YDR261C-C,0,-4.6700373,0.12372972071170807,0.6940000057220459,0.49149999022483826
YNL133C,YNR059W,0,-4.6701245,0.12370766699314117,0.6940000057220459,0.49160000681877136
YML131W,YHR114W,1,-4.670162,0.1238638386130333,0.6949999928474426,0.49160000681877136
YOR005C,YDR363W-A,0,-4.6703568,0.1238417699933052,0.6949999928474426,0.4916999936103821
YNR032C-A,YDR261C-C,0,-4.6704845,0.12381970137357712,0.6949999928474426,0.4918000102043152
YLR310C,YOR192C-A,0,-4.670633,0.12379764765501022,0.6949999928474426,0.4918999969959259
YOL060C,YDR421W,0,-4.670781,0.12377560138702393,0.6949999928474426,0.492000013589859
YDR334W,YHR149C,0,-4.670891,0.12375356256961823,0.6949999928474426,0.4921000003814697
YHL018W,YML088W,0,-4.670935,0.12373153120279312,0.6949999928474426,0.49219998717308044
YER051W,YLR176C,0,-4.6709986,0.12370950728654861,0.6949999928474426,0.49230000376701355
YDR322W,YGR109W-A,0,-4.671023,0.1236874908208847,0.6949999928474426,0.49239999055862427
YLR287C-A,YML037C,0,-4.6710877,0.12366548180580139,0.6949999928474426,0.4925000071525574
YPL257W-A,YEL021W,0,-4.671101,0.12364348024129868,0.6949999928474426,0.4925999939441681
YGL100W,YJL177W,0,-4.6713896,0.12362148612737656,0.6949999928474426,0.4927000105381012
YGR161W-A,YPL187W,0,-4.6716332,0.12359949946403503,0.6949999928474426,0.4927999973297119
YMR322C,YDR065W,0,-4.671668,0.1235775277018547,0.6949999928474426,0.492900013923645
YBR015C,YFR024C,0,-4.6717567,0.12355555593967438,0.6949999928474426,0.49300000071525574
YPR158W-B,YJR086W,0,-4.671775,0.12353359162807465,0.6949999928474426,0.49309998750686646
YDL214C,YLR433C,0,-4.6718664,0.12351164221763611,0.6949999928474426,0.49320000410079956
YPL022W,YKL158W,0,-4.671915,0.12348969280719757,0.6949999928474426,0.4932999908924103
YOL023W,YGR027W-A,0,-4.6719456,0.12346775829792023,0.6949999928474426,0.4934000074863434
YCR047C,YLR312C-B,0,-4.67202,0.12344582378864288,0.6949999928474426,0.4934999942779541
YML021C,YNL176C,0,-4.6720295,0.12342390418052673,0.6949999928474426,0.4936000108718872
YDL025C,YNL054W-A,0,-4.6721153,0.12340199202299118,0.6949999928474426,0.4936999976634979
YDR424C,YJR045C,0,-4.672284,0.12338007986545563,0.6949999928474426,0.49380001425743103
YHR042W,YDR365W-B,0,-4.6725483,0.12335818260908127,0.6949999928474426,0.49390000104904175
YBR015C,YBR012W-B,0,-4.672566,0.1233362928032875,0.6949999928474426,0.49399998784065247
YFR016C,YBR272C,0,-4.6726866,0.12331441044807434,0.6949999928474426,0.49410000443458557
YJL062W-A,YOL095C,0,-4.67299,0.12329252809286118,0.6949999928474426,0.4941999912261963
YMR029C,YJL160C,0,-4.673038,0.1232706606388092,0.6949999928474426,0.4943000078201294
YLR275W,YGL161C,0,-4.673228,0.12324880063533783,0.6949999928474426,0.4943999946117401
YBR253W,YAL043C,0,-4.6733103,0.12322694808244705,0.6949999928474426,0.4945000112056732
YIL123W,YPL106C,0,-4.673334,0.12320510298013687,0.6949999928474426,0.49459999799728394
YHR214C-C,YLR106C,0,-4.6733923,0.12318326532840729,0.6949999928474426,0.49470001459121704
YJL110C,YGR161C-D,0,-4.673449,0.1231614425778389,0.6949999928474426,0.49480000138282776
YKL060C,YOL135C,0,-4.6735487,0.12313961982727051,0.6949999928474426,0.4948999881744385
YBR058C-A,YJR025C,0,-4.673587,0.12311780452728271,0.6949999928474426,0.4950000047683716
YER006W,YHR184W,0,-4.673617,0.12309599667787552,0.6949999928474426,0.4950999915599823
YCR105W,YGL185C,0,-4.673657,0.12307419627904892,0.6949999928474426,0.4952000081539154
YLR446W,YPR063C,0,-4.673676,0.12305241078138351,0.6949999928474426,0.4952999949455261
YHR160C,YGL049C,0,-4.6738315,0.12303062528371811,0.6949999928474426,0.49540001153945923
YGR161C-C,YFL056C,0,-4.673832,0.1230088472366333,0.6949999928474426,0.49549999833106995
YBL036C,YHR194W,0,-4.673835,0.12298708409070969,0.6949999928474426,0.49559998512268066
YGR202C,YGL213C,0,-4.673838,0.12296532094478607,0.6949999928474426,0.49570000171661377
YNL194C,YNR037C,0,-4.673852,0.12294357270002365,0.6949999928474426,0.4957999885082245
YJR105W,YDR441C,0,-4.6738763,0.12292182445526123,0.6949999928474426,0.4959000051021576
YHL017W,YML012W,0,-4.6739254,0.12290009111166,0.6949999928474426,0.4959999918937683
YOR192C-A,YIR022W,0,-4.6739316,0.12287835776805878,0.6949999928474426,0.4961000084877014
YGL185C,YJL157C,0,-4.6739507,0.12285663932561874,0.6949999928474426,0.49619999527931213
YDR338C,YKL145W,0,-4.6739893,0.12283492088317871,0.6949999928474426,0.49630001187324524
YJL052W,YKL012W,0,-4.673998,0.12281321734189987,0.6949999928474426,0.49639999866485596
YDR210W-B,YEL055C,0,-4.674002,0.12279152125120163,0.6949999928474426,0.4964999854564667
YHR073W,YMR091C,0,-4.674035,0.12276982516050339,0.6949999928474426,0.4966000020503998
YML024W,YKL100C,0,-4.674055,0.12274814397096634,0.6949999928474426,0.4966999888420105
YDR279W,YGR161C-D,0,-4.674201,0.12272647023200989,0.6949999928474426,0.4968000054359436
YOL077W-A,YBR103W,0,-4.6742325,0.12270480394363403,0.6949999928474426,0.4968999922275543
YDR261W-B,YDR385W,0,-4.674244,0.12268314510583878,0.6949999928474426,0.4970000088214874
YBR014C,YMR109W,1,-4.6744404,0.12283798307180405,0.6959999799728394,0.4970000088214874
YDR028C,YLR092W,0,-4.6745095,0.122816301882267,0.6959999799728394,0.49709999561309814
YPL257W-A,YLR066W,0,-4.6745415,0.12279463559389114,0.6959999799728394,0.49720001220703125
YJL100W,YNL111C,0,-4.6747313,0.12277297675609589,0.6959999799728394,0.49729999899864197
YDR452W,YLL015W,0,-4.674822,0.12275132536888123,0.6959999799728394,0.4973999857902527
YGL194C,YFR051C,0,-4.6749225,0.12272967398166656,0.6959999799728394,0.4975000023841858
YLR157C-B,YLR147C,0,-4.6750665,0.1227080374956131,0.6959999799728394,0.4975999891757965
YPR052C,YFR008W,0,-4.67509,0.12268640846014023,0.6959999799728394,0.4977000057697296
YDR533C,YBR265W,0,-4.675272,0.12266478687524796,0.6959999799728394,0.49779999256134033
YJL018W,YKR039W,0,-4.675392,0.12264317274093628,0.6959999799728394,0.49790000915527344
YCR003W,YHR207C,0,-4.6754866,0.1226215660572052,0.6959999799728394,0.49799999594688416
YML131W,YBR086C,1,-4.675516,0.12277611345052719,0.6970000267028809,0.49799999594688416
YFL005W,YGR027W-A,0,-4.6756477,0.12275449186563492,0.6970000267028809,0.49810001254081726
YMR135C,YOL032W,0,-4.676026,0.12273287773132324,0.6970000267028809,0.498199999332428
YNR027W,YDR365W-B,0,-4.676116,0.12271127104759216,0.6970000267028809,0.4982999861240387
YIR017C,YGR272C,0,-4.676184,0.12268966436386108,0.6970000267028809,0.4984000027179718
YIL144W,YIL049W,0,-4.6762257,0.1226680725812912,0.6970000267028809,0.4984999895095825
YDR075W,YPR137C-B,0,-4.6763997,0.12264648824930191,0.6970000267028809,0.4986000061035156
YDR365W-A,YNL299W,0,-4.676414,0.12262491136789322,0.6970000267028809,0.49869999289512634
YPL060C-A,YDR098C-B,0,-4.676443,0.12260334193706512,0.6970000267028809,0.49880000948905945
YHR152W,YDR385W,0,-4.6766253,0.12258177995681763,0.6970000267028809,0.49889999628067017
YOL023W,YNL251C,0,-4.6767893,0.12256022542715073,0.6970000267028809,0.49900001287460327
YJL129C,YDL081C,0,-4.6773005,0.12253867834806442,0.6970000267028809,0.499099999666214
YMR002W,YPL100W,0,-4.677564,0.12251713871955872,0.6970000267028809,0.4991999864578247
YMR067C,YDR003W,0,-4.6776795,0.1224956065416336,0.6970000267028809,0.4993000030517578
YGL022W,YCL019W,0,-4.677763,0.12247408181428909,0.6970000267028809,0.49939998984336853
YDL138W,YOL146W,0,-4.677803,0.12245256453752518,0.6970000267028809,0.49950000643730164
YPL175W,YPR137C-B,0,-4.6779604,0.12243105471134186,0.6970000267028809,0.49959999322891235
YER129W,YCR038C,0,-4.678055,0.12240955233573914,0.6970000267028809,0.49970000982284546
YDL207W,YKR097W,0,-4.6782303,0.12238805741071701,0.6970000267028809,0.4997999966144562
YBR280C,YML070W,0,-4.6782675,0.12236656993627548,0.6970000267028809,0.4999000132083893
YMR011W,YOL137W,0,-4.678292,0.12234509736299515,0.6970000267028809,0.5
YPL275W,YJL125C,0,-4.6782956,0.12232362478971481,0.6970000267028809,0.5001000165939331
YGR038C-A,YNL145W,0,-4.678315,0.12230215966701508,0.6970000267028809,0.5001999735832214
YPL049C,YLR313C,0,-4.6784286,0.12228070199489594,0.6970000267028809,0.5002999901771545
YKL149C,YDR251W,0,-4.678479,0.12225925177335739,0.6970000267028809,0.5004000067710876
YFL055W,YOR269W,0,-4.678565,0.12223780900239944,0.6970000267028809,0.5005000233650208
YDR328C,YOR363C,0,-4.6787925,0.1222163736820221,0.6970000267028809,0.5005999803543091
YLR446W,YOR077W,0,-4.678809,0.12219495326280594,0.6970000267028809,0.5006999969482422
YHL047C,YAL010C,0,-4.678811,0.12217353284358978,0.6970000267028809,0.5008000135421753
YJL008C,YDR316W-A,0,-4.678911,0.12215211987495422,0.6970000267028809,0.5008999705314636
YGR087C,YML102W,0,-4.678979,0.12213071435689926,0.6970000267028809,0.5009999871253967
YHR020W,YNL326C,0,-4.6790276,0.1221093237400055,0.6970000267028809,0.5011000037193298
YPL214C,YNL054W-A,0,-4.6793365,0.12208793312311172,0.6970000267028809,0.5012000203132629
YDL100C,YJL165C,0,-4.6793833,0.12206654995679855,0.6970000267028809,0.5012999773025513
YNL159C,YFR015C,0,-4.6793895,0.12204517424106598,0.6970000267028809,0.5013999938964844
YIR017C,YFL053W,0,-4.6794086,0.122023805975914,0.6970000267028809,0.5015000104904175
YPL009C,YDR034C-C,0,-4.679422,0.12200245261192322,0.6970000267028809,0.5016000270843506
YMR226C,YFL056C,0,-4.6794543,0.12198109924793243,0.6970000267028809,0.5016999840736389
YDR168W,YLR319C,1,-4.6794887,0.122134730219841,0.6980000138282776,0.5016999840736389
YFR044C,YOR192C-A,0,-4.679592,0.12211336940526962,0.6980000138282776,0.501800000667572
YOR046C,YER133W,0,-4.6796675,0.12209200859069824,0.6980000138282776,0.5019000172615051
YJR042W,YGR027W-A,0,-4.6797338,0.12207065522670746,0.6980000138282776,0.5019999742507935
YPL009C,YOL068C,0,-4.6799,0.12204930931329727,0.6980000138282776,0.5020999908447266
YML124C,YNL002C,0,-4.679942,0.12202797085046768,0.6980000138282776,0.5022000074386597
YLL023C,YNL054W-A,0,-4.6803017,0.12200663983821869,0.6980000138282776,0.5023000240325928
YKL160W,YGR161W-A,0,-4.68033,0.12198531627655029,0.6980000138282776,0.5023999810218811
YCR033W,YIL103W,0,-4.680366,0.12196400761604309,0.6980000138282776,0.5024999976158142
YJR041C,YCL027C-A,0,-4.680408,0.12194269895553589,0.6980000138282776,0.5026000142097473
YPL194W,YIR007W,0,-4.6804085,0.12192139774560928,0.6980000138282776,0.5026999711990356
YBR198C,YPR096C,0,-4.6806054,0.12190010398626328,0.6980000138282776,0.5027999877929688
YCL012W,YHR070W,0,-4.680774,0.12187881767749786,0.6980000138282776,0.5029000043869019
YMR048W,YIL172C,0,-4.680806,0.12185753881931305,0.6980000138282776,0.503000020980835
YBR253W,YKL139W,0,-4.6810346,0.12183627486228943,0.6980000138282776,0.5030999779701233
YKL179C,YPR183W,0,-4.681044,0.12181501090526581,0.6980000138282776,0.5031999945640564
YDR316W-A,YJL125C,0,-4.681138,0.12179375439882278,0.6980000138282776,0.5033000111579895
YPR058W,YHL003C,0,-4.6812615,0.12177250534296036,0.6980000138282776,0.5034000277519226
YGR161W-A,YPL017C,0,-4.68128,0.12175126373767853,0.6980000138282776,0.5034999847412109
YGL095C,YMR274C,0,-4.681427,0.1217300295829773,0.6980000138282776,0.503600001335144
YDR168W,YJL184W,1,-4.6814284,0.12188317626714706,0.6990000009536743,0.503600001335144
YGR038C-B,YGR254W,0,-4.681465,0.12186192721128464,0.6990000009536743,0.5037000179290771
YDR111C,YLR406C,0,-4.681488,0.12184068560600281,0.6990000009536743,0.5037999749183655
YEL017C-A,YML010W,0,-4.6815205,0.12181945145130157,0.6990000009536743,0.5038999915122986
YLR157C-B,YIL090W,0,-4.6817627,0.12179822474718094,0.6990000009536743,0.5040000081062317
YCR088W,YGR161C-D,0,-4.6818905,0.1217770054936409,0.6990000009536743,0.5041000247001648
YMR221C,YHL018W,0,-4.681939,0.12175579369068146,0.6990000009536743,0.5041999816894531
YJL021C,YGR023W,0,-4.681988,0.12173458933830261,0.6990000009536743,0.5042999982833862
YLR089C,YNL054W-A,0,-4.6819897,0.12171339243650436,0.6990000009536743,0.5044000148773193
YLR186W,YBR121C,0,-4.682269,0.12169220298528671,0.6990000009536743,0.5044999718666077
YDL075W,YPR145W,0,-4.68242,0.12167102098464966,0.6990000009536743,0.5045999884605408
YBL019W,YPR065W,0,-4.682508,0.1216498464345932,0.6990000009536743,0.5047000050544739
YJL115W,YHL024W,0,-4.68254,0.12162867933511734,0.6990000009536743,0.504800021648407
YOL116W,YJL184W,1,-4.6825476,0.12178149074316025,0.699999988079071,0.504800021648407
YLR342W,YCL016C,0,-4.682583,0.1217603087425232,0.699999988079071,0.5048999786376953
YGL033W,YER129W,0,-4.682724,0.12173912674188614,0.699999988079071,0.5049999952316284
YGL027C,YJL210W,0,-4.6827936,0.12171795964241028,0.699999988079071,0.5051000118255615
YDR399W,YPL217C,0,-4.682837,0.12169679999351501,0.699999988079071,0.5052000284194946
YOR011W,YGL107C,0,-4.682846,0.12167564779520035,0.699999988079071,0.505299985408783
YDL161W,YJL018W,0,-4.6830244,0.12165450304746628,0.699999988079071,0.5054000020027161
YDR084C,YLR419W,0,-4.6832466,0.1216333657503128,0.699999988079071,0.5055000185966492
YGR227W,YDR006C,0,-4.683301,0.12161222845315933,0.699999988079071,0.5055999755859375
YBR069C,YDR150W,0,-4.6833754,0.12159110605716705,0.699999988079071,0.5056999921798706
YOR129C,YGR280C,0,-4.683545,0.12156999111175537,0.699999988079071,0.5058000087738037
YDR128W,YKL008C,0,-4.6836333,0.12154888361692429,0.699999988079071,0.5059000253677368
YER118C,YJL184W,1,-4.6836953,0.12170138955116272,0.7009999752044678,0.5059000253677368
YPR137C-B,YML113W,0,-4.6837063,0.12168026715517044,0.7009999752044678,0.5059999823570251
YJR145C,YHR197W,0,-4.6837206,0.12165914475917816,0.7009999752044678,0.5060999989509583
YJL047C,YDR189W,0,-4.6837387,0.12163803726434708,0.7009999752044678,0.5062000155448914
YDR103W,YKR096W,0,-4.6840034,0.12161692976951599,0.7009999752044678,0.5062999725341797
YOR036W,YNL054W-A,0,-4.6843586,0.1215958371758461,0.7009999752044678,0.5063999891281128
YKL077W,YGR161C-C,0,-4.6845856,0.1215747520327568,0.7009999752044678,0.5065000057220459
YOR259C,YCR102C,0,-4.684637,0.12155366688966751,0.7009999752044678,0.506600022315979
YBL036C,YGR161C-C,0,-4.684742,0.12153259664773941,0.7009999752044678,0.5066999793052673
YDR267C,YPR158W-A,0,-4.684785,0.12151152640581131,0.7009999752044678,0.5067999958992004
YLR027C,YBR090C-A,0,-4.684907,0.1214904710650444,0.7009999752044678,0.5069000124931335
YAR009C,YHR214C-C,0,-4.684912,0.1214694157242775,0.7009999752044678,0.5070000290870667
YGR080W,YGR161C-D,0,-4.684941,0.12144836783409119,0.7009999752044678,0.507099986076355
YOR007C,YBR244W,0,-4.6851883,0.12142733484506607,0.7009999752044678,0.5072000026702881
YPL060C-A,YJL046W,0,-4.6852527,0.12140630185604095,0.7009999752044678,0.5073000192642212
YDL181W,YJL116C,0,-4.685293,0.12138528376817703,0.7009999752044678,0.5073999762535095
YJR041C,YDL149W,0,-4.685337,0.12136426568031311,0.7009999752044678,0.5074999928474426
YNL327W,YER159C,0,-4.68534,0.12134325504302979,0.7009999752044678,0.5076000094413757
YPL108W,YDR186C,0,-4.685381,0.12132225930690765,0.7009999752044678,0.5077000260353088
YDL161W,YGL105W,0,-4.6855087,0.12130126357078552,0.7009999752044678,0.5077999830245972
YDR004W,YOR091W,0,-4.6855173,0.12128027528524399,0.7009999752044678,0.5078999996185303
YBR104W,YLR144C,0,-4.6855807,0.12125929445028305,0.7009999752044678,0.5080000162124634
YGL031C,YIL121W,0,-4.6855836,0.1212383285164833,0.7009999752044678,0.5080999732017517
YPR098C,YMR152W,0,-4.685705,0.12121736258268356,0.7009999752044678,0.5081999897956848
YDL180W,YML074C,0,-4.685725,0.12119640409946442,0.7009999752044678,0.5083000063896179
YJL109C,YPR096C,0,-4.6857777,0.12117545306682587,0.7009999752044678,0.508400022983551
YGR026W,YDR039C,0,-4.6857815,0.12115450948476791,0.7009999752044678,0.5084999799728394
YER172C,YBR082C,0,-4.6860647,0.12113357335329056,0.7009999752044678,0.5085999965667725
YPR158W-B,YER177W,0,-4.6861467,0.1211126446723938,0.7009999752044678,0.5087000131607056
YHL019C,YNL308C,0,-4.686204,0.12109172344207764,0.7009999752044678,0.5088000297546387
YDR001C,YJL050W,0,-4.686322,0.12107080966234207,0.7009999752044678,0.508899986743927
YJL113W,YGR027W-A,0,-4.6864166,0.1210499033331871,0.7009999752044678,0.5090000033378601
YKL208W,YPR158W-A,0,-4.6864443,0.12102900445461273,0.7009999752044678,0.5091000199317932
YER124C,YLR388W,0,-4.686445,0.12100811302661896,0.7009999752044678,0.5091999769210815
YBR105C,YJR113C,0,-4.686514,0.12098722904920578,0.7009999752044678,0.5092999935150146
YPR137C-B,YJR113C,0,-4.6865296,0.1209663525223732,0.7009999752044678,0.5094000101089478
YOR192C-A,YML016C,0,-4.686756,0.12094547599554062,0.7009999752044678,0.5095000267028809
YGL210W,YGR162W,0,-4.6867785,0.12092461436986923,0.7009999752044678,0.5095999836921692
YDL064W,YJR025C,0,-4.686839,0.12090376019477844,0.7009999752044678,0.5097000002861023
YJR048W,YDR365W-B,0,-4.6868415,0.12088291347026825,0.7009999752044678,0.5098000168800354
YPL021W,YHR112C,0,-4.687072,0.12086206674575806,0.7009999752044678,0.5098999738693237
YIL156W,YCL062W,0,-4.6871433,0.12084123492240906,0.7009999752044678,0.5099999904632568
YDL178W,YKL073W,0,-4.6871595,0.12082040309906006,0.7009999752044678,0.5101000070571899
YDR005C,YLR001C,0,-4.6872177,0.12079958617687225,0.7009999752044678,0.510200023651123
YDR316W-A,YEL027W,0,-4.687608,0.12077877670526505,0.7009999752044678,0.5102999806404114
YOR367W,YDR129C,1,-4.687626,0.12093023210763931,0.7020000219345093,0.5102999806404114
YHR205W,YER019W,1,-4.6878967,0.12108164280653,0.703000009059906,0.5102999806404114
YHR003C,YIL105C,0,-4.687979,0.12106078863143921,0.703000009059906,0.5103999972343445
YOL086W-A,YDR462W,0,-4.688141,0.12103994190692902,0.703000009059906,0.5105000138282776
YBR073W,YER124C,0,-4.6882315,0.12101911008358002,0.703000009059906,0.5105999708175659
YHR065C,YFL004W,0,-4.6882753,0.12099827826023102,0.703000009059906,0.510699987411499
YBL091C,YPR137C-B,0,-4.6883173,0.12097745388746262,0.703000009059906,0.5108000040054321
YLR212C,YOR343W-A,0,-4.6883454,0.12095664441585541,0.703000009059906,0.5109000205993652
YLR226W,YOR039W,0,-4.6883636,0.1209358349442482,0.703000009059906,0.5109999775886536
YJR033C,YDL154W,0,-4.6883726,0.12091503292322159,0.703000009059906,0.5110999941825867
YIL075C,YGR172C,0,-4.6884284,0.12089423835277557,0.703000009059906,0.5112000107765198
YNL294C,YDR134C,0,-4.6884813,0.12087345123291016,0.703000009059906,0.5113000273704529
YMR293C,YDL122W,0,-4.688626,0.12085267156362534,0.703000009059906,0.5113999843597412
YCL064C,YJR094W-A,0,-4.6888356,0.12083189934492111,0.703000009059906,0.5115000009536743
YKL148C,YAR010C,0,-4.688966,0.12081113457679749,0.703000009059906,0.5116000175476074
YGR224W,YGL206C,0,-4.6889987,0.12079037725925446,0.703000009059906,0.5116999745368958
YNL038W,YKR045C,0,-4.6892133,0.12076962739229202,0.703000009059906,0.5117999911308289
YIL072W,YER099C,0,-4.6892595,0.12074888497591019,0.703000009059906,0.511900007724762
YMR122W-A,YKL032C,0,-4.689714,0.12072815001010895,0.703000009059906,0.5120000243186951
YGL185C,YMR281W,0,-4.6898956,0.12070741504430771,0.703000009059906,0.5120999813079834
YMR233W,YJR126C,0,-4.690068,0.12068669497966766,0.703000009059906,0.5121999979019165
YPL256C,YGL206C,0,-4.6905046,0.12066598236560822,0.703000009059906,0.5123000144958496
YPR158W-B,YIR022W,0,-4.6905303,0.12064526975154877,0.703000009059906,0.5123999714851379
YNL301C,YEL027W,0,-4.690645,0.12062457203865051,0.703000009059906,0.512499988079071
YNL284C-B,YLR022C,0,-4.690729,0.12060387432575226,0.703000009059906,0.5126000046730042
YDL106C,YML025C,0,-4.6911592,0.1205831915140152,0.703000009059906,0.5127000212669373
YKL143W,YDR162C,1,-4.6913037,0.12073400616645813,0.7039999961853027,0.5127000212669373
YMR220W,YMR271C,0,-4.691478,0.12071330845355988,0.7039999961853027,0.5127999782562256
YPL023C,YHR013C,0,-4.6916513,0.12069261074066162,0.7039999961853027,0.5128999948501587
YDR261W-B,YGR078C,0,-4.691722,0.12067192047834396,0.7039999961853027,0.5130000114440918
YNL315C,YML088W,0,-4.6920395,0.1206512451171875,0.7039999961853027,0.5131000280380249
YPR107C,YOR136W,0,-4.6920667,0.12063056975603104,0.7039999961853027,0.5131999850273132
YER124C,YML088W,0,-4.692215,0.12060990184545517,0.7039999961853027,0.5133000016212463
YKR099C-A,YML127W,0,-4.6923122,0.1205892413854599,0.7039999961853027,0.5134000182151794
YPL237W,YPL076W,0,-4.6923275,0.12056858837604523,0.7039999961853027,0.5134999752044678
YJL083W,YMR029C,0,-4.6924286,0.12054794281721115,0.7039999961853027,0.5135999917984009
YFR006W,YLR272C,0,-4.692451,0.12052730470895767,0.7039999961853027,0.513700008392334
YOR321W,YPL046C,0,-4.6924987,0.12050667405128479,0.7039999961853027,0.5138000249862671
YGR161W-A,YNR016C,0,-4.6926017,0.1204860508441925,0.7039999961853027,0.5138999819755554
YJL189W,YHL038C,0,-4.6928644,0.12046543508768082,0.7039999961853027,0.5139999985694885
YJL216C,YDL095W,0,-4.692965,0.12044482678174973,0.7039999961853027,0.5141000151634216
YKL088W,YLR337W,1,-4.6930118,0.12059527635574341,0.7049999833106995,0.5141000151634216
YLR451W,YPR082C,0,-4.693183,0.12057465314865112,0.7049999833106995,0.51419997215271
YHR050W,YNL326C,0,-4.693223,0.12055403739213943,0.7049999833106995,0.5142999887466431
YPR137C-B,YPR067W,0,-4.69351,0.12053342163562775,0.7049999833106995,0.5144000053405762
YGL006W,YDR021W,0,-4.6939096,0.12051282078027725,0.7049999833106995,0.5145000219345093
YBR160W,YDL064W,0,-4.694154,0.12049221992492676,0.7049999833106995,0.5145999789237976
YBR239C,YML113W,0,-4.6941667,0.12047163397073746,0.7049999833106995,0.5146999955177307
YOL032W,YPR185W,0,-4.6942,0.12045104801654816,0.7049999833106995,0.5148000121116638
YLR238W,YEL065W,0,-4.694372,0.12043047696352005,0.7049999833106995,0.5149000287055969
YNL142W,YGR161C-C,0,-4.69473,0.12040990591049194,0.7049999833106995,0.5149999856948853
YBR100W,YLR158C,0,-4.695174,0.12038934230804443,0.7049999833106995,0.5151000022888184
YLR414C,YER112W,0,-4.6952524,0.12036878615617752,0.7049999833106995,0.5152000188827515
YPL146C,YNL056W,0,-4.695345,0.1203482449054718,0.7049999833106995,0.5152999758720398
YNR050C,YLR148W,0,-4.69557,0.12032770365476608,0.7049999833106995,0.5153999924659729
YNL132W,YBR107C,0,-4.6956463,0.12030716985464096,0.7049999833106995,0.515500009059906
YDL129W,YNL035C,0,-4.6959333,0.12028664350509644,0.7049999833106995,0.5156000256538391
YOR003W,YMR116C,0,-4.696062,0.12026611715555191,0.7049999833106995,0.5156999826431274
YDL226C,YMR197C,0,-4.696201,0.12024560570716858,0.7049999833106995,0.5157999992370605
YHL017W,YHR086W,0,-4.696278,0.12022510170936584,0.7049999833106995,0.5159000158309937
YDR115W,YOR014W,0,-4.6962986,0.12020460516214371,0.7049999833106995,0.515999972820282
YBR153W,YBR272C,0,-4.6964154,0.12018410861492157,0.7049999833106995,0.5160999894142151
YDR485C,YER078C,0,-4.6964455,0.12016362696886063,0.7049999833106995,0.5162000060081482
YGR260W,YPL189W,0,-4.696823,0.12014315277338028,0.7049999833106995,0.5163000226020813
YDR169C,YDL113C,0,-4.6968327,0.12012267857789993,0.7049999833106995,0.5163999795913696
YHR117W,YMR088C,0,-4.697025,0.12010221183300018,0.7049999833106995,0.5164999961853027
YDR531W,YGR191W,0,-4.6970973,0.12008175998926163,0.7049999833106995,0.5166000127792358
YER074W-A,YDR217C,0,-4.697132,0.12006130814552307,0.7049999833106995,0.516700029373169
YBR082C,YJL046W,0,-4.697148,0.12004086375236511,0.7049999833106995,0.5167999863624573
YBR215W,YLR095C,0,-4.697339,0.12002042680978775,0.7049999833106995,0.5169000029563904
YDR168W,YIL147C,1,-4.6973724,0.1201702132821083,0.7059999704360962,0.5169000029563904
YFR014C,YBR272C,0,-4.697788,0.12014976143836975,0.7059999704360962,0.5170000195503235
YJL090C,YPR097W,0,-4.6981635,0.12012931704521179,0.7059999704360962,0.5170999765396118
YLR373C,YKL176C,0,-4.6982355,0.12010888010263443,0.7059999704360962,0.5171999931335449
YJL173C,YLR188W,0,-4.6982527,0.12008845061063766,0.7059999704360962,0.517300009727478
YOR027W,YPL095C,0,-4.6982956,0.1200680285692215,0.7059999704360962,0.5174000263214111
YKL143W,YNL190W,1,-4.6984053,0.12021765112876892,0.7070000171661377,0.5174000263214111
YJL093C,YDL079C,0,-4.698628,0.12019721418619156,0.7070000171661377,0.5174999833106995
YNL030W,YDR210W-B,0,-4.6986737,0.1201767772436142,0.7070000171661377,0.5175999999046326
YMR311C,YDR500C,0,-4.6987042,0.12015635520219803,0.7070000171661377,0.5177000164985657
YDR398W,YLR039C,0,-4.6989117,0.12013594061136246,0.7070000171661377,0.517799973487854
YHR171W,YMR127C,0,-4.6990633,0.12011552602052689,0.7070000171661377,0.5178999900817871
YER019W,YPL242C,1,-4.6991053,0.12026499211788177,0.7080000042915344,0.5178999900817871
YGR272C,YML031W,0,-4.699123,0.12024456262588501,0.7080000042915344,0.5180000066757202
YGL013C,YOR110W,0,-4.699253,0.12022414803504944,0.7080000042915344,0.5181000232696533
YER118C,YDR420W,1,-4.6993117,0.12037351727485657,0.7089999914169312,0.5181000232696533
YNL292W,YBR101C,0,-4.6995077,0.1203530803322792,0.7089999914169312,0.5181999802589417
YPL074W,YPL270W,0,-4.699783,0.12033265084028244,0.7089999914169312,0.5182999968528748
YDL085W,YJR056C,0,-4.7000003,0.12031223624944687,0.7089999914169312,0.5184000134468079
YGL210W,YMR070W,0,-4.7000723,0.1202918216586113,0.7089999914169312,0.5184999704360962
YOL097C,YDR394W,0,-4.7001615,0.12027141451835632,0.7089999914169312,0.5185999870300293
YNL096C,YKR078W,0,-4.7002163,0.12025101482868195,0.7089999914169312,0.5187000036239624
YOR192C-B,YOL092W,0,-4.700263,0.12023062258958817,0.7089999914169312,0.5188000202178955
YDL098C,YMR012W,0,-4.700569,0.12021023780107498,0.7089999914169312,0.5188999772071838
YFR005C,YBR268W,0,-4.700576,0.1201898604631424,0.7089999914169312,0.5189999938011169
YKL112W,YML047C,0,-4.700653,0.1201694905757904,0.7089999914169312,0.51910001039505
YFL041W,YMR086W,0,-4.7006645,0.12014912813901901,0.7089999914169312,0.5192000269889832
YLR453C,YIL010W,0,-4.7008095,0.12012877315282822,0.7089999914169312,0.5192999839782715
YDL236W,YML096W,0,-4.701149,0.12010841816663742,0.7089999914169312,0.5194000005722046
YPL257W-A,YHR019C,0,-4.701256,0.12008807808160782,0.7089999914169312,0.5195000171661377
YHR171W,YPL084W,0,-4.701271,0.12006773799657822,0.7089999914169312,0.519599974155426
YJR161C,YDR003W,0,-4.701376,0.12004741281270981,0.7089999914169312,0.5196999907493591
YPR134W,YGR284C,0,-4.701643,0.1200270876288414,0.7089999914169312,0.5198000073432922
YDL135C,YLR120C,0,-4.7016435,0.12000676989555359,0.7089999914169312,0.5199000239372253
YHR032W,YEL002C,0,-4.7016816,0.11998645961284637,0.7089999914169312,0.5199999809265137
YOL086W-A,YAL011W,0,-4.7016973,0.11996615678071976,0.7089999914169312,0.5200999975204468
YIL153W,YFL039C,1,-4.7019215,0.12011504173278809,0.7099999785423279,0.5200999975204468
YLR390W-A,YJR139C,0,-4.7021694,0.12009472399950027,0.7099999785423279,0.5202000141143799
YJL121C,YDR248C,0,-4.7023544,0.12007441371679306,0.7099999785423279,0.5202999711036682
YPR133C,YJL154C,0,-4.7025666,0.12005411088466644,0.7099999785423279,0.5203999876976013
YML133C,YDR184C,0,-4.702568,0.12003381550312042,0.7099999785423279,0.5205000042915344
YOR033C,YGR038C-A,0,-4.7027593,0.1200135201215744,0.7099999785423279,0.5206000208854675
YOL152W,YDR456W,0,-4.702817,0.11999323964118958,0.7099999785423279,0.5206999778747559
YDR243C,YJL170C,0,-4.70282,0.11997296661138535,0.7099999785423279,0.520799994468689
YDR320C-A,YNL151C,0,-4.7028356,0.11995269358158112,0.7099999785423279,0.5209000110626221
YLR450W,YLR414C,0,-4.7032356,0.11993243545293808,0.7099999785423279,0.5210000276565552
YMR278W,YDR020C,0,-4.7032504,0.11991217732429504,0.7099999785423279,0.5210999846458435
YKL158W,YGR062C,0,-4.7032685,0.1198919266462326,0.7099999785423279,0.5212000012397766
YMR079W,YGL181W,0,-4.7033577,0.11987168341875076,0.7099999785423279,0.5213000178337097
YOR059C,YHR033W,0,-4.7035427,0.11985145509243011,0.7099999785423279,0.521399974822998
YDR153C,YCR031C,0,-4.7037497,0.11983122676610947,0.7099999785423279,0.5214999914169312
YBR114W,YIL098C,0,-4.7038608,0.11981100589036942,0.7099999785423279,0.5216000080108643
YML067C,YMR154C,0,-4.703944,0.11979078501462936,0.7099999785423279,0.5217000246047974
YKL024C,YDR098C-B,0,-4.7041492,0.1197705790400505,0.7099999785423279,0.5217999815940857
YJR086W,YDR016C,0,-4.7043095,0.11975038051605225,0.7099999785423279,0.5218999981880188
YPL146C,YKL055C,0,-4.7043853,0.11973018199205399,0.7099999785423279,0.5220000147819519
YLR408C,YNL321W,0,-4.7043986,0.11970999836921692,0.7099999785423279,0.5220999717712402
YPL005W,YNR026C,0,-4.704406,0.11968981474637985,0.7099999785423279,0.5221999883651733
YHR016C,YPL060C-A,0,-4.704689,0.11966964602470398,0.7099999785423279,0.5223000049591064
YBR159W,YNL101W,0,-4.704695,0.1196494773030281,0.7099999785423279,0.5224000215530396
YHL018W,YCR053W,0,-4.704835,0.11962931603193283,0.7099999785423279,0.5224999785423279
YNL311C,YJR056C,0,-4.7051964,0.11960916221141815,0.7099999785423279,0.522599995136261
YPR005C,YLR337W,1,-4.7054973,0.11975745111703873,0.7110000252723694,0.522599995136261
YPL239W,YDR420W,1,-4.7057233,0.11990569531917572,0.7120000123977661,0.522599995136261
YBL054W,YDR406W,0,-4.7057667,0.11988550424575806,0.7120000123977661,0.5227000117301941
YJR094W-A,YOR141C,0,-4.7063985,0.11986532062292099,0.7120000123977661,0.5228000283241272
YDR210W,YDR482C,0,-4.706543,0.11984514445066452,0.7120000123977661,0.5228999853134155
YGL178W,YPR185W,0,-4.7065725,0.11982497572898865,0.7120000123977661,0.5230000019073486
YHR214W,YIL124W,0,-4.706731,0.11980481445789337,0.7120000123977661,0.5231000185012817
YPR071W,YLR320W,0,-4.706765,0.1197846531867981,0.7120000123977661,0.5231999754905701
YDR376W,YOR192C-B,0,-4.706817,0.11976450681686401,0.7120000123977661,0.5232999920845032
YNL329C,YOL103W-A,0,-4.7068458,0.11974436789751053,0.7120000123977661,0.5234000086784363
YPL217C,YDR020C,0,-4.7068534,0.11972422897815704,0.7120000123977661,0.5235000252723694
YDR163W,YKL178C,0,-4.706981,0.11970410495996475,0.7120000123977661,0.5235999822616577
YEL017C-A,YLR144C,0,-4.7071896,0.11968398094177246,0.7120000123977661,0.5236999988555908
YNR012W,YJR076C,0,-4.707281,0.11966386437416077,0.7120000123977661,0.5238000154495239
YPR158W-B,YDR300C,0,-4.707555,0.11964375525712967,0.7120000123977661,0.5238999724388123
YAR019C,YLL057C,0,-4.7080154,0.11962365359067917,0.7120000123977661,0.5239999890327454
YDR130C,YLR388W,0,-4.708167,0.11960355937480927,0.7120000123977661,0.5241000056266785
YKL088W,YDR420W,1,-4.7081785,0.11975143104791641,0.7129999995231628,0.5241000056266785
YDL130W-A,YPL187W,0,-4.708461,0.11973132193088531,0.7129999995231628,0.5242000222206116
YML118W,YHR010W,0,-4.7084923,0.11971121281385422,0.7129999995231628,0.5242999792098999
YGR068C,YDR194C,0,-4.7088094,0.11969111859798431,0.7129999995231628,0.524399995803833
YGL018C,YDR058C,0,-4.7088103,0.11967103183269501,0.7129999995231628,0.5245000123977661
YCL067C,YNL250W,0,-4.708868,0.1196509450674057,0.7129999995231628,0.5246000289916992
YNL035C,YCL050C,0,-4.7090807,0.11963087320327759,0.7129999995231628,0.5246999859809875
YGL076C,YGR038C-B,0,-4.7090874,0.11961080133914948,0.7129999995231628,0.5248000025749207
YDR058C,YDR397C,0,-4.7092304,0.11959074437618256,0.7129999995231628,0.5249000191688538
YDR123C,YDL134C-A,0,-4.7092867,0.11957068741321564,0.7129999995231628,0.5249999761581421
YLR075W,YML096W,0,-4.7093725,0.11955063790082932,0.7129999995231628,0.5250999927520752
YPL152W,YKL088W,1,-4.709486,0.11969824135303497,0.7139999866485596,0.5250999927520752
YGR094W,YPL092W,0,-4.7096214,0.11967817693948746,0.7139999866485596,0.5252000093460083
YAL051W,YOL091W,0,-4.709773,0.11965811997652054,0.7139999866485596,0.5253000259399414
YBR159W,YOR259C,0,-4.7098265,0.11963807046413422,0.7139999866485596,0.5253999829292297
YKR093W,YMR313C,0,-4.709893,0.11961802840232849,0.7139999866485596,0.5254999995231628
YHR215W,YPL079W,0,-4.709928,0.11959798634052277,0.7139999866485596,0.525600016117096
YLR045C,YMR266W,0,-4.7100053,0.11957795917987823,0.7139999866485596,0.5256999731063843
YNL275W,YOL086W-A,0,-4.710058,0.1195579394698143,0.7139999866485596,0.5257999897003174
YKL025C,YOR256C,0,-4.7100687,0.11953791975975037,0.7139999866485596,0.5259000062942505
YML086C,YPL076W,0,-4.7100887,0.11951790750026703,0.7139999866485596,0.5260000228881836
YFR024C,YBR166C,0,-4.710144,0.11949791014194489,0.7139999866485596,0.5260999798774719
YGL191W,YOR088W,0,-4.7102246,0.11947791278362274,0.7139999866485596,0.526199996471405
YDL235C,YHR114W,1,-4.7102256,0.11962523311376572,0.7149999737739563,0.526199996471405
YKR061W,YGL078C,0,-4.710284,0.11960522085428238,0.7149999737739563,0.5263000130653381
YKL088W,YOR120W,1,-4.710393,0.11975246667861938,0.7160000205039978,0.5263000130653381
YDR506C,YGL067W,0,-4.7106576,0.11973243951797485,0.7160000205039978,0.5264000296592712
YGL029W,YPR071W,0,-4.7106667,0.11971241980791092,0.7160000205039978,0.5264999866485596
YPL058C,YLR092W,0,-4.710717,0.11969240754842758,0.7160000205039978,0.5266000032424927
YDR221W,YML019W,0,-4.7110257,0.11967240273952484,0.7160000205039978,0.5267000198364258
YLR132C,YLR081W,0,-4.711322,0.1196524053812027,0.7160000205039978,0.5267999768257141
YFL018W-A,YPL010W,0,-4.7115617,0.11963241547346115,0.7160000205039978,0.5268999934196472
YMR275C,YDR071C,0,-4.7115755,0.1196124255657196,0.7160000205039978,0.5270000100135803
YJR144W,YLR157C-B,0,-4.711754,0.11959245055913925,0.7160000205039978,0.5271000266075134
YJL138C,YKL004W,0,-4.711814,0.1195724755525589,0.7160000205039978,0.5271999835968018
YHR166C,YCR029C-A,0,-4.7118506,0.11955251544713974,0.7160000205039978,0.5273000001907349
YJL102W,YLR095C,0,-4.7118683,0.11953255534172058,0.7160000205039978,0.527400016784668
YER056C-A,YER014W,0,-4.7119594,0.11951260268688202,0.7160000205039978,0.5274999737739563
YCR048W,YNL224C,0,-4.7119665,0.11949265748262405,0.7160000205039978,0.5275999903678894
YJL162C,YNL045W,0,-4.7120247,0.11947271972894669,0.7160000205039978,0.5277000069618225
YDR434W,YPL053C,0,-4.712151,0.11945278942584991,0.7160000205039978,0.5278000235557556
YHR171W,YIL110W,0,-4.712196,0.11943285912275314,0.7160000205039978,0.527899980545044
YNR075W,YKR045C,0,-4.7123723,0.11941294372081757,0.7160000205039978,0.527999997138977
YLL018C-A,YGR231C,0,-4.71239,0.11939302831888199,0.7160000205039978,0.5281000137329102
YMR072W,YDR517W,0,-4.712474,0.1193731278181076,0.7160000205039978,0.5281999707221985
YNR036C,YGR038C-B,0,-4.712662,0.11935322731733322,0.7160000205039978,0.5282999873161316
YCL012W,YPL160W,0,-4.7128005,0.11933333426713943,0.7160000205039978,0.5284000039100647
YHR035W,YHR152W,0,-4.7128086,0.11931344866752625,0.7160000205039978,0.5285000205039978
YDL175C,YMR286W,0,-4.712901,0.11929357051849365,0.7160000205039978,0.5285999774932861
YOR259C,YGR292W,0,-4.7129707,0.11927369982004166,0.7160000205039978,0.5286999940872192
YHR065C,YER041W,0,-4.713179,0.11925382912158966,0.7160000205039978,0.5288000106811523
YAL035W,YDR267C,0,-4.713245,0.11923397332429886,0.7160000205039978,0.5289000272750854
YPR022C,YNL220W,0,-4.713831,0.11921411752700806,0.7160000205039978,0.5289999842643738
YLL053C,YDR238C,0,-4.714061,0.11919427663087845,0.7160000205039978,0.5291000008583069
YFR034C,YPL118W,0,-4.714118,0.11917443573474884,0.7160000205039978,0.52920001745224
YOR321W,YDR524C,0,-4.7141323,0.11915460228919983,0.7160000205039978,0.5292999744415283
YGR125W,YNL191W,0,-4.7141366,0.11913477629423141,0.7160000205039978,0.5293999910354614
YNL292W,YJR131W,0,-4.7141795,0.1191149577498436,0.7160000205039978,0.5295000076293945
YBR265W,YOR264W,0,-4.7142515,0.11909514665603638,0.7160000205039978,0.5296000242233276
YML042W,YMR150C,0,-4.71431,0.11907533556222916,0.7160000205039978,0.529699981212616
YPL262W,YDR217C,0,-4.714424,0.11905553936958313,0.7160000205039978,0.5297999978065491
YKR094C,YLR186W,0,-4.714428,0.1190357431769371,0.7160000205039978,0.5299000144004822
YLR154C,YPL225W,0,-4.7146473,0.11901595443487167,0.7160000205039978,0.5299999713897705
YNL159C,YPL123C,0,-4.714832,0.11899618059396744,0.7160000205039978,0.5300999879837036
YBR293W,YLR448W,0,-4.7150655,0.1189764067530632,0.7160000205039978,0.5302000045776367
YIL064W,YOR383C,0,-4.7150974,0.11895664036273956,0.7160000205039978,0.5303000211715698
YAL042W,YLR157C-B,0,-4.7151585,0.11893687397241592,0.7160000205039978,0.5303999781608582
YJL097W,YFR050C,0,-4.715309,0.11891712248325348,0.7160000205039978,0.5304999947547913
YDR422C,YGL001C,0,-4.7154827,0.11889737844467163,0.7160000205039978,0.5306000113487244
YML081W,YJL186W,0,-4.71554,0.11887763440608978,0.7160000205039978,0.5307000279426575
YGL119W,YDR150W,0,-4.7156553,0.11885790526866913,0.7160000205039978,0.5307999849319458
YLR142W,YNL081C,0,-4.715841,0.11883817613124847,0.7160000205039978,0.5309000015258789
YNL146W,YDR069C,0,-4.715873,0.11881845444440842,0.7160000205039978,0.531000018119812
YML081W,YBL038W,0,-4.7158856,0.11879874020814896,0.7160000205039978,0.5310999751091003
YPL198W,YPR137C-B,0,-4.716209,0.11877903342247009,0.7160000205039978,0.5311999917030334
YJL051W,YMR051C,0,-4.7163925,0.11875932663679123,0.7160000205039978,0.5313000082969666
YMR051C,YDR217C,0,-4.7164445,0.11873963475227356,0.7160000205039978,0.5314000248908997
YJR152W,YDR314C,0,-4.716461,0.11871995031833649,0.7160000205039978,0.531499981880188
YMR130W,YDR465C,0,-4.716482,0.11870026588439941,0.7160000205039978,0.5315999984741211
YNL294C,YKR099C-A,0,-4.716827,0.11868058890104294,0.7160000205039978,0.5317000150680542
YOR049C,YDL226C,0,-4.7168736,0.11866091936826706,0.7160000205039978,0.5317999720573425
YKR097W,YHR070W,0,-4.7170515,0.11864125728607178,0.7160000205039978,0.5318999886512756
YCR058C,YDL130W,0,-4.7171082,0.11862160265445709,0.7160000205039978,0.5320000052452087
YFL039C,YBR086C,1,-4.717124,0.11876759678125381,0.7170000076293945,0.5320000052452087
YHL035C,YHR214C-C,0,-4.717315,0.11874792724847794,0.7170000076293945,0.5321000218391418
YMR058W,YML087C,0,-4.7173243,0.11872826516628265,0.7170000076293945,0.5321999788284302
YHR108W,YCL050C,0,-4.717546,0.11870861053466797,0.7170000076293945,0.5322999954223633
YNL254C,YCR083W,0,-4.717558,0.11868895590305328,0.7170000076293945,0.5324000120162964
YBR279W,YKL181W,0,-4.718053,0.11866931617259979,0.7170000076293945,0.5325000286102295
YDR316W-A,YPL220W,0,-4.71811,0.1186496764421463,0.7170000076293945,0.5325999855995178
YPL236C,YPL032C,0,-4.718261,0.11863004416227341,0.7170000076293945,0.5327000021934509
YJL021C,YMR150C,0,-4.718316,0.11861041933298111,0.7170000076293945,0.532800018787384
YNR047W,YDR519W,0,-4.718441,0.11859080195426941,0.7170000076293945,0.5328999757766724
YHR009C,YLR384C,0,-4.7186546,0.1185711920261383,0.7170000076293945,0.5329999923706055
YBR191W,YMR311C,0,-4.718772,0.1185515895485878,0.7170000076293945,0.5331000089645386
YML013W,YIR013C,0,-4.718816,0.11853198707103729,0.7170000076293945,0.5332000255584717
YPL242C,YBR014C,1,-4.718827,0.11867768317461014,0.7179999947547913,0.5332000255584717
YGL178W,YBR012W-B,0,-4.719082,0.11865807324647903,0.7179999947547913,0.53329998254776
YPR029C,YNL181W,0,-4.7192564,0.11863846331834793,0.7179999947547913,0.5333999991416931
YGR030C,YAL051W,0,-4.7192945,0.11861886829137802,0.7179999947547913,0.5335000157356262
YIL052C,YPR158C-D,0,-4.7193017,0.11859927326440811,0.7179999947547913,0.5335999727249146
YLR034C,YBR215W,0,-4.7194653,0.1185796856880188,0.7179999947547913,0.5336999893188477
YLR423C,YNL207W,0,-4.719466,0.11856010556221008,0.7179999947547913,0.5338000059127808
YML133C,YIR007W,0,-4.7194834,0.11854053288698196,0.7179999947547913,0.5339000225067139
YBR297W,YHR187W,0,-4.7195506,0.11852096766233444,0.7179999947547913,0.5339999794960022
YDR242W,YER001W,0,-4.7195625,0.11850140243768692,0.7179999947547913,0.5340999960899353
YDR349C,YHR019C,0,-4.7196665,0.11848184466362,0.7179999947547913,0.5342000126838684
YBR279W,YPR140W,0,-4.7198296,0.11846230179071426,0.7179999947547913,0.5343000292778015
YOL055C,YHR044C,0,-4.7200627,0.11844275891780853,0.7179999947547913,0.5343999862670898
YDR312W,YHR214W,0,-4.720095,0.1184232234954834,0.7179999947547913,0.534500002861023
YJL216C,YPL186C,0,-4.720151,0.11840369552373886,0.7179999947547913,0.534600019454956
YDL038C,YIL011W,0,-4.7205276,0.11838417500257492,0.7179999947547913,0.5346999764442444
YKR072C,YER019W,1,-4.7206845,0.11852950602769852,0.718999981880188,0.5346999764442444
YJL108C,YDR283C,0,-4.720872,0.11850997060537338,0.718999981880188,0.5347999930381775
YGL016W,YGL128C,0,-4.7211766,0.11849044263362885,0.718999981880188,0.5349000096321106
YAL007C,YFL002W-A,0,-4.721371,0.11847091466188431,0.718999981880188,0.5350000262260437
YHR063C,YER048C,0,-4.721653,0.11845140159130096,0.718999981880188,0.535099983215332
YDL230W,YHR214C-C,0,-4.721855,0.11843188852071762,0.718999981880188,0.5351999998092651
YDR495C,YGR266W,0,-4.7221227,0.11841238290071487,0.718999981880188,0.5353000164031982
YML114C,YER149C,0,-4.7223277,0.11839288473129272,0.718999981880188,0.5353999733924866
YBL100W-A,YLL009C,0,-4.7224627,0.11837339401245117,0.718999981880188,0.5354999899864197
YLR081W,YNL075W,0,-4.7228737,0.11835391074419022,0.718999981880188,0.5356000065803528
YOR070C,YLR377C,0,-4.722909,0.11833442747592926,0.718999981880188,0.5357000231742859
YHL025W,YDL146W,0,-4.7229147,0.1183149591088295,0.718999981880188,0.5357999801635742
YCR044C,YDR097C,0,-4.723029,0.11829549074172974,0.718999981880188,0.5358999967575073
YFR030W,YHR214W,0,-4.7231154,0.11827602982521057,0.718999981880188,0.5360000133514404
YHR043C,YKL135C,0,-4.723366,0.118256576359272,0.718999981880188,0.5360999703407288
YLR337W,YDR420W,1,-4.7235365,0.11840157955884933,0.7200000286102295,0.5360999703407288
YPR075C,YLR337C,1,-4.7237587,0.11854653060436249,0.7210000157356262,0.5360999703407288
YNL041C,YHR171W,0,-4.7237854,0.11852703988552094,0.7210000157356262,0.5361999869346619
YKR083C,YKL028W,0,-4.7238455,0.11850756406784058,0.7210000157356262,0.536300003528595
YBL101C,YDR202C,0,-4.724004,0.11848808825016022,0.7210000157356262,0.5364000201225281
YPL204W,YOR188W,0,-4.7241416,0.11846861988306046,0.7210000157356262,0.5364999771118164
YGR009C,YNL090W,0,-4.7241545,0.1184491515159607,0.7210000157356262,0.5365999937057495
YGR205W,YOL071W,0,-4.724483,0.11842969805002213,0.7210000157356262,0.5367000102996826
YNR036C,YNL094W,0,-4.7245474,0.11841024458408356,0.7210000157356262,0.5368000268936157
YNL058C,YLR227W-A,0,-4.7246923,0.11839080601930618,0.7210000157356262,0.536899983882904
YDL114W,YPL124W,0,-4.7248516,0.11837136745452881,0.7210000157356262,0.5370000004768372
YBR146W,YMR023C,0,-4.7250595,0.11835193634033203,0.7210000157356262,0.5371000170707703
YDL052C,YJL198W,0,-4.725175,0.11833251267671585,0.7210000157356262,0.5371999740600586
YGR156W,YNL278W,0,-4.7252245,0.11831309646368027,0.7210000157356262,0.5372999906539917
YMR053C,YPL069C,0,-4.725581,0.11829368025064468,0.7210000157356262,0.5374000072479248
YPR061C,YNL097C,0,-4.7256393,0.1182742789387703,0.7210000157356262,0.5375000238418579
YCR036W,YMR056C,0,-4.7258577,0.1182548776268959,0.7210000157356262,0.5375999808311462
YGR101W,YPL021W,0,-4.7258716,0.11823548376560211,0.7210000157356262,0.5376999974250793
YDR242W,YGR209C,0,-4.726003,0.11821609735488892,0.7210000157356262,0.5378000140190125
YOR252W,YGL223C,0,-4.7264113,0.11819671839475632,0.7210000157356262,0.5378999710083008
YCR058C,YMR198W,0,-4.726494,0.11817734688520432,0.7210000157356262,0.5379999876022339
YDR169C,YNL035C,0,-4.726529,0.11815798282623291,0.7210000157356262,0.538100004196167
YJL036W,YML133C,0,-4.726544,0.1181386187672615,0.7210000157356262,0.5382000207901001
YDR485C,YBR123C,0,-4.7270327,0.1181192696094513,0.7210000157356262,0.5382999777793884
YLR275W,YDR043C,0,-4.7271595,0.11809992045164108,0.7210000157356262,0.5383999943733215
YDR040C,YPR075C,1,-4.727271,0.11824434995651245,0.722000002861023,0.5383999943733215
YCL020W,YFR010W,0,-4.727311,0.11822498589754105,0.722000002861023,0.5385000109672546
YDR239C,YBR168W,0,-4.727316,0.11820562928915024,0.722000002861023,0.5386000275611877
YNL046W,YDL117W,0,-4.7273817,0.11818628013134003,0.722000002861023,0.5386999845504761
YOR046C,YDL143W,0,-4.727667,0.11816693842411041,0.722000002861023,0.5388000011444092
YLR419W,YNL098C,0,-4.727691,0.1181476041674614,0.722000002861023,0.5389000177383423
YLR143W,YDL043C,0,-4.7277393,0.11812826991081238,0.722000002861023,0.5389999747276306
YCR072C,YNL229C,0,-4.7278423,0.11810895055532455,0.722000002861023,0.5390999913215637
YOR361C,YOR328W,0,-4.7279835,0.11808963119983673,0.722000002861023,0.5392000079154968
YNL041C,YML063W,0,-4.7280045,0.1180703192949295,0.722000002861023,0.5393000245094299
YMR130W,YOR125C,0,-4.728626,0.11805101484060287,0.722000002861023,0.5393999814987183
YCL017C,YDR477W,0,-4.728631,0.11803171783685684,0.722000002861023,0.5394999980926514
YLR337C,YGR014W,1,-4.7287664,0.11817587167024612,0.7229999899864197,0.5394999980926514
YOR090C,YHL006C,0,-4.7291427,0.1181565597653389,0.7229999899864197,0.5396000146865845
YDR248C,YGL253W,0,-4.729435,0.11813725531101227,0.7229999899864197,0.5396999716758728
YLR185W,YDR002W,0,-4.7294583,0.11811795830726624,0.7229999899864197,0.5397999882698059
YLL067C,YOR140W,0,-4.7295914,0.1180986613035202,0.7229999899864197,0.539900004863739
YER044C,YPL275W,0,-4.729592,0.11807937175035477,0.7229999899864197,0.5400000214576721
YDR047W,YFL062W,0,-4.7298427,0.11806008964776993,0.7229999899864197,0.5400999784469604
YEL044W,YCR079W,0,-4.7299533,0.11804081499576569,0.7229999899864197,0.5401999950408936
YBR258C,YDL222C,0,-4.7300873,0.11802154779434204,0.7229999899864197,0.5403000116348267
YER074W-A,YLL031C,0,-4.7303805,0.11800228804349899,0.7229999899864197,0.5404000282287598
YCR017C,YNL135C,0,-4.7306213,0.11798302829265594,0.7229999899864197,0.5404999852180481
YER016W,YLR246W,0,-4.7308044,0.1179637759923935,0.7229999899864197,0.5406000018119812
YLR075W,YOL115W,0,-4.731021,0.11794453859329224,0.7229999899864197,0.5407000184059143
YEL034W,YPR201W,0,-4.731236,0.11792530119419098,0.7229999899864197,0.5407999753952026
YPL135W,YCR102C,0,-4.7314854,0.11790606379508972,0.7229999899864197,0.5408999919891357
YGL250W,YML019W,0,-4.731643,0.11788684129714966,0.7229999899864197,0.5410000085830688
YDL134C-A,YML046W,0,-4.731694,0.11786762624979019,0.7229999899864197,0.541100025177002
YGL173C,YNL077W,0,-4.7317,0.11784841120243073,0.7229999899864197,0.5411999821662903
YDR101C,YML034W,0,-4.731801,0.11782920360565186,0.7229999899864197,0.5412999987602234
YBR180W,YDR382W,0,-4.7318506,0.11781000345945358,0.7229999899864197,0.5414000153541565
YHR146W,YOL103W-A,0,-4.732013,0.11779081076383591,0.7229999899864197,0.5414999723434448
YFL047W,YOR092W,0,-4.732132,0.11777162551879883,0.7229999899864197,0.5415999889373779
YFR006W,YKL092C,0,-4.7322264,0.11775244027376175,0.7229999899864197,0.541700005531311
YER112W,YDR288W,0,-4.732292,0.11773326992988586,0.7229999899864197,0.5418000221252441
YOL055C,YMR080C,0,-4.732528,0.11771409958600998,0.7229999899864197,0.5418999791145325
YHL050C,YGL136C,0,-4.7325964,0.11769493669271469,0.7229999899864197,0.5419999957084656
YCR105W,YGR220C,0,-4.7326694,0.11767578125,0.7229999899864197,0.5421000123023987
YIR012W,YMR215W,0,-4.732768,0.1176566332578659,0.7229999899864197,0.5422000288963318
YJL074C,YKL107W,0,-4.732827,0.11763748526573181,0.7229999899864197,0.5422999858856201
YGL049C,YCL050C,0,-4.7331524,0.11761835217475891,0.7229999899864197,0.5424000024795532
YHR052W,YLR283W,0,-4.7333717,0.11759921908378601,0.7229999899864197,0.5425000190734863
YMR130W,YOR077W,0,-4.733476,0.11758009344339371,0.7229999899864197,0.5425999760627747
YCR091W,YBR283C,0,-4.7335324,0.117560975253582,0.7229999899864197,0.5426999926567078
YIL018W,YLL014W,0,-4.7337255,0.11754186451435089,0.7229999899864197,0.5428000092506409
YLR229C,YOL018C,0,-4.733864,0.11752275377511978,0.7229999899864197,0.542900025844574
YBR267W,YMR045C,0,-4.734398,0.11750365793704987,0.7229999899864197,0.5429999828338623
YHR123W,YBL054W,0,-4.7344937,0.11748456209897995,0.7229999899864197,0.5430999994277954
YNL326C,YER083C,0,-4.7345476,0.11746547371149063,0.7229999899864197,0.5432000160217285
YEL038W,YJR027W,0,-4.734621,0.11744639277458191,0.7229999899864197,0.5432999730110168
YGR030C,YKR001C,0,-4.7346606,0.11742731928825378,0.7229999899864197,0.54339998960495
YIR004W,YPL181W,0,-4.734847,0.11740824580192566,0.7229999899864197,0.5435000061988831
YHL021C,YPR041W,0,-4.7350483,0.11738918721675873,0.7229999899864197,0.5436000227928162
YPR106W,YBR009C,0,-4.7353168,0.1173701286315918,0.7229999899864197,0.5436999797821045
YMR163C,YOL072W,0,-4.7353997,0.11735107749700546,0.7229999899864197,0.5437999963760376
YBR082C,YOL008W,0,-4.7355914,0.11733203381299973,0.7229999899864197,0.5439000129699707
YNR033W,YHR147C,0,-4.7356176,0.11731299757957458,0.7229999899864197,0.5440000295639038
YOR060C,YHR202W,0,-4.7356467,0.11729396134614944,0.7229999899864197,0.5440999865531921
YDR338C,YDL178W,0,-4.735718,0.1172749400138855,0.7229999899864197,0.5442000031471252
YBL057C,YAL020C,0,-4.735887,0.11725591868162155,0.7229999899864197,0.5443000197410583
YCL068C,YMR098C,0,-4.7359147,0.1172369047999382,0.7229999899864197,0.5443999767303467
YDR334W,YDR097C,0,-4.735985,0.11721789836883545,0.7229999899864197,0.5444999933242798
YLL016W,YGR257C,0,-4.7360106,0.1171988993883133,0.7229999899864197,0.5446000099182129
YBL006C,YBR015C,0,-4.7361326,0.11717990040779114,0.7229999899864197,0.544700026512146
YCL075W,YFL016C,0,-4.736511,0.11716091632843018,0.7229999899864197,0.5447999835014343
YCR058C,YJR009C,0,-4.737165,0.11714193224906921,0.7229999899864197,0.5449000000953674
YFL041W,YPL008W,0,-4.7372785,0.11712295562028885,0.7229999899864197,0.5450000166893005
YLR121C,YMR021C,0,-4.737301,0.11710398644208908,0.7229999899864197,0.5450999736785889
YPL189C-A,YOR252W,0,-4.737412,0.11708501726388931,0.7229999899864197,0.545199990272522
YKL160W,YER003C,0,-4.737611,0.11706606298685074,0.7229999899864197,0.5453000068664551
YBR265W,YDR456W,0,-4.737815,0.11704710870981216,0.7229999899864197,0.5454000234603882
YKL139W,YPR156C,0,-4.738005,0.11702816188335419,0.7229999899864197,0.5454999804496765
YDL175C,YPR094W,0,-4.7380605,0.1170092225074768,0.7229999899864197,0.5455999970436096
YGR198W,YDL099W,0,-4.738096,0.11699029058218002,0.7229999899864197,0.5457000136375427
YER007W,YLR186W,0,-4.7384877,0.11697136610746384,0.7229999899864197,0.545799970626831
YHR196W,YOR303W,0,-4.7385354,0.11695244163274765,0.7229999899864197,0.5458999872207642
YNL069C,YBL009W,0,-4.738836,0.11693352460861206,0.7229999899864197,0.5460000038146973
YKL059C,YDR118W,0,-4.738838,0.11691461503505707,0.7229999899864197,0.5461000204086304
YER112W,YGR245C,0,-4.739053,0.11689571291208267,0.7229999899864197,0.5461999773979187
YKL211C,YOR002W,0,-4.73912,0.11687681823968887,0.7229999899864197,0.5462999939918518
YJL189W,YBR023C,0,-4.739188,0.11685793101787567,0.7229999899864197,0.5464000105857849
YPL168W,YML129C,0,-4.7393475,0.11683904379606247,0.7229999899864197,0.546500027179718
YOR103C,YPL068C,0,-4.739471,0.11682016402482986,0.7229999899864197,0.5465999841690063
YNL132W,YJR027W,0,-4.73948,0.11680129170417786,0.7229999899864197,0.5467000007629395
YMR119W,YMR281W,0,-4.7395396,0.11678242683410645,0.7229999899864197,0.5468000173568726
YGL092W,YAL003W,0,-4.7396097,0.11676356941461563,0.7229999899864197,0.5468999743461609
YBR038W,YDR385W,0,-4.739677,0.11674471199512482,0.7229999899864197,0.546999990940094
YIL153W,YJL184W,1,-4.7397494,0.11688730865716934,0.7239999771118164,0.546999990940094
YER044C,YJL173C,0,-4.740049,0.11686844378709793,0.7239999771118164,0.5471000075340271
YCR028C-A,YOR009W,0,-4.7402444,0.11684957891702652,0.7239999771118164,0.5472000241279602
YJR065C,YAL030W,0,-4.740393,0.1168307214975357,0.7239999771118164,0.5472999811172485
YDL232W,YPL076W,0,-4.740427,0.11681187152862549,0.7239999771118164,0.5473999977111816
YMR068W,YBR272C,0,-4.740447,0.11679302901029587,0.7239999771118164,0.5475000143051147
YML121W,YJL094C,0,-4.740481,0.11677419394254684,0.7239999771118164,0.5475999712944031
YBR097W,YJL180C,0,-4.740796,0.11675535887479782,0.7239999771118164,0.5476999878883362
YGL208W,YMR165C,0,-4.740914,0.11673653870820999,0.7239999771118164,0.5478000044822693
YBR090C-A,YNL294C,0,-4.7409606,0.11671771854162216,0.7239999771118164,0.5479000210762024
YJR117W,YIL049W,0,-4.741059,0.11669890582561493,0.7239999771118164,0.5479999780654907
YGR026W,YIL162W,0,-4.741126,0.1166800931096077,0.7239999771118164,0.5480999946594238
YLR004C,YNL015W,0,-4.741159,0.11666129529476166,0.7239999771118164,0.5482000112533569
YDR129C,YOR028C,1,-4.74119,0.1168036088347435,0.7250000238418579,0.5482000112533569
YBR203W,YOL009C,0,-4.7413177,0.11678479611873627,0.7250000238418579,0.54830002784729
YCL059C,YCL048W,0,-4.7413206,0.11676598340272903,0.7250000238418579,0.5483999848365784
YDL098C,YHR039C-B,0,-4.741473,0.116747185587883,0.7250000238418579,0.5485000014305115
YBL074C,YNL305C,0,-4.741597,0.11672838777303696,0.7250000238418579,0.5486000180244446
YDR299W,YGR283C,0,-4.741823,0.11670959740877151,0.7250000238418579,0.5486999750137329
YMR101C,YOR197W,0,-4.741883,0.11669080704450607,0.7250000238418579,0.548799991607666
YPL024W,YJR098C,0,-4.7421093,0.11667203158140182,0.7250000238418579,0.5489000082015991
YDR055W,YOR088W,0,-4.742162,0.11665325611829758,0.7250000238418579,0.5490000247955322
YJL148W,YDR307W,0,-4.7422657,0.11663448810577393,0.7250000238418579,0.5490999817848206
YML022W,YMR047C,0,-4.742303,0.11661572754383087,0.7250000238418579,0.5491999983787537
YER174C,YIL171W,0,-4.7424307,0.11659697443246841,0.7250000238418579,0.5493000149726868
YKL063C,YGL168W,0,-4.74247,0.11657822877168655,0.7250000238418579,0.5493999719619751
YER063W,YIL109C,0,-4.742585,0.1165594831109047,0.7250000238418579,0.5494999885559082
YDR047W,YFL037W,0,-4.742634,0.11654075235128403,0.7250000238418579,0.5496000051498413
YDR434W,YBR234C,0,-4.7428975,0.11652202159166336,0.7250000238418579,0.5497000217437744
YNR047W,YGR261C,0,-4.742993,0.1165032908320427,0.7250000238418579,0.5497999787330627
YCR028C,YDR119W,0,-4.7432184,0.11648457497358322,0.7250000238418579,0.5498999953269958
YKL088W,YCR073C,1,-4.7432857,0.11662650853395462,0.7260000109672546,0.5498999953269958
YPR141C,YEL024W,0,-4.743472,0.11660777032375336,0.7260000109672546,0.550000011920929
YOR201C,YBR001C,0,-4.7436767,0.11658904701471329,0.7260000109672546,0.5501000285148621
YLR361C,YHL024W,0,-4.743733,0.11657033115625381,0.7260000109672546,0.5501999855041504
YPL059W,YBR016W,1,-4.74385,0.11671215295791626,0.7269999980926514,0.5501999855041504
YDL126C,YHL020C,0,-4.7442546,0.1166934221982956,0.7269999980926514,0.5503000020980835
YIL078W,YJR143C,0,-4.744453,0.11667469143867493,0.7269999980926514,0.5504000186920166
YHR018C,YKL107W,0,-4.7446165,0.11665596812963486,0.7269999980926514,0.5504999756813049
YHR018C,YLL006W,0,-4.7449975,0.11663725227117538,0.7269999980926514,0.550599992275238
YLR086W,YDR384C,0,-4.7457952,0.11661854386329651,0.7269999980926514,0.5507000088691711
YBR044C,YDR092W,0,-4.746173,0.11659984290599823,0.7269999980926514,0.5508000254631042
YOR151C,YFL009W,0,-4.74656,0.11658114194869995,0.7269999980926514,0.5508999824523926
YOL105C,YNL023C,0,-4.7466063,0.11656244844198227,0.7269999980926514,0.5509999990463257
YIL168W,YGL085W,0,-4.7468934,0.11654376238584518,0.7269999980926514,0.5511000156402588
YKR100C,YAL025C,0,-4.746956,0.1165250837802887,0.7269999980926514,0.5511999726295471
YFR016C,YGR152C,0,-4.7469788,0.1165064126253128,0.7269999980926514,0.5512999892234802
YJL219W,YHR170W,0,-4.747007,0.11648774147033691,0.7269999980926514,0.5514000058174133
YKL155C,YCR091W,0,-4.7472506,0.11646907776594162,0.7269999980926514,0.5515000224113464
YBR077C,YHL019C,0,-4.7473145,0.11645042151212692,0.7269999980926514,0.5515999794006348
YOR094W,YDL188C,0,-4.7473397,0.11643177270889282,0.7269999980926514,0.5516999959945679
YOL056W,YBR210W,0,-4.7474246,0.11641313135623932,0.7269999980926514,0.551800012588501
YDR092W,YGL205W,0,-4.7474375,0.11639449000358582,0.7269999980926514,0.5519000291824341
YMR217W,YOR061W,0,-4.7474957,0.1163758635520935,0.7269999980926514,0.5519999861717224
YCL020W,YIL122W,0,-4.7476873,0.1163572371006012,0.7269999980926514,0.5521000027656555
YNL305C,YCL066W,0,-4.747718,0.11633861064910889,0.7269999980926514,0.5522000193595886
YHR083W,YBR084C-A,0,-4.7477903,0.11631999909877777,0.7269999980926514,0.552299976348877
YPL076W,YMR009W,0,-4.747805,0.11630139499902725,0.7269999980926514,0.5523999929428101
YIL145C,YOR241W,0,-4.7479405,0.11628279089927673,0.7269999980926514,0.5525000095367432
YDR506C,YMR288W,0,-4.747987,0.11626419425010681,0.7269999980926514,0.5526000261306763
YER108C,YER054C,0,-4.748006,0.11624560505151749,0.7269999980926514,0.5526999831199646
YKR072C,YPR075C,1,-4.7483306,0.11638689041137695,0.7279999852180481,0.5526999831199646
YBR028C,YGL168W,0,-4.7496223,0.11636828631162643,0.7279999852180481,0.5527999997138977
YCR069W,YPR068C,0,-4.749789,0.11634968966245651,0.7279999852180481,0.5529000163078308
YML129C,YBL009W,0,-4.749896,0.11633109301328659,0.7279999852180481,0.5529999732971191
YBR208C,YDR511W,0,-4.7499046,0.11631251126527786,0.7279999852180481,0.5530999898910522
YDR293C,YAL053W,0,-4.7499676,0.11629392951726913,0.7279999852180481,0.5532000064849854
YAR007C,YDR073W,0,-4.750061,0.116275355219841,0.7279999852180481,0.5533000230789185
YOR022C,YGL144C,0,-4.75009,0.11625678837299347,0.7279999852180481,0.5533999800682068
YML048W,YFL049W,0,-4.7501855,0.11623822152614594,0.7279999852180481,0.5534999966621399
YPL032C,YPL128C,0,-4.7503614,0.1162196695804596,0.7279999852180481,0.553600013256073
YPL173W,YDR409W,0,-4.7505217,0.11620111763477325,0.7279999852180481,0.5536999702453613
YDR322W,YLR095C,0,-4.7506876,0.11618257313966751,0.7279999852180481,0.5537999868392944
YMR086W,YDR004W,0,-4.7507715,0.11616403609514236,0.7279999852180481,0.5539000034332275
YMR059W,YJR016C,0,-4.750919,0.11614549905061722,0.7279999852180481,0.5540000200271606
YLR433C,YJL170C,0,-4.7509384,0.11612697690725327,0.7279999852180481,0.554099977016449
YDR092W,YOR075W,0,-4.7509403,0.11610845476388931,0.7279999852180481,0.5541999936103821
YML058W,YLR364W,0,-4.7510767,0.11608994007110596,0.7279999852180481,0.5543000102043152
YDR103W,YDR111C,0,-4.7511477,0.1160714253783226,0.7279999852180481,0.5544000267982483
YDR388W,YLR337C,1,-4.7513566,0.11621233820915222,0.7289999723434448,0.5544000267982483
YKL107W,YGR194C,0,-4.7513876,0.11619381606578827,0.7289999723434448,0.5544999837875366
YDR009W,YGL022W,0,-4.7514553,0.11617530137300491,0.7289999723434448,0.5546000003814697
YFL004W,YOL011W,0,-4.7515364,0.11615678668022156,0.7289999723434448,0.5547000169754028
YPL130W,YOR332W,0,-4.7515416,0.1161382794380188,0.7289999723434448,0.5547999739646912
YOL001W,YCL027C-A,0,-4.751585,0.11611977964639664,0.7289999723434448,0.5548999905586243
YGL073W,YDR236C,0,-4.751591,0.11610128730535507,0.7289999723434448,0.5550000071525574
YBR213W,YFL061W,0,-4.7516127,0.1160828024148941,0.7289999723434448,0.5551000237464905
YIR014W,YNR027W,0,-4.751651,0.11606431752443314,0.7289999723434448,0.5551999807357788
YGL040C,YJR121W,0,-4.752086,0.11604584753513336,0.7289999723434448,0.5552999973297119
YBL005W-A,YEL039C,0,-4.752276,0.11602737754583359,0.7289999723434448,0.555400013923645
YJR067C,YBR102C,0,-4.7524567,0.11600891500711441,0.7289999723434448,0.5554999709129333
YOL016C,YMR139W,0,-4.7525067,0.11599045246839523,0.7289999723434448,0.5555999875068665
YOR047C,YDR420W,1,-4.7526016,0.11613108217716217,0.7300000190734863,0.5555999875068665
YLL066C,YEL004W,0,-4.7526245,0.1161126121878624,0.7300000190734863,0.5557000041007996
YDR182W,YER053C,0,-4.752641,0.11609414964914322,0.7300000190734863,0.5558000206947327
YGR235C,YJL115W,0,-4.7526555,0.11607568711042404,0.7300000190734863,0.555899977684021
YPL030W,YIL082W-A,0,-4.7528415,0.11605723202228546,0.7300000190734863,0.5559999942779541
YOL123W,YPR048W,0,-4.752887,0.11603878438472748,0.7300000190734863,0.5561000108718872
YOR035C,YOR149C,0,-4.7530665,0.11602034419775009,0.7300000190734863,0.5562000274658203
YPL204W,YOL091W,0,-4.7530985,0.1160019040107727,0.7300000190734863,0.5562999844551086
YBL063W,YKL077W,0,-4.753128,0.11598347872495651,0.7300000190734863,0.5564000010490417
YNL275W,YGL161C,0,-4.753231,0.11596505343914032,0.7300000190734863,0.5565000176429749
YKR025W,YNL007C,0,-4.7533417,0.11594663560390472,0.7300000190734863,0.5565999746322632
YKL039W,YPL029W,0,-4.7534137,0.11592821776866913,0.7300000190734863,0.5566999912261963
YOL016C,YIL123W,0,-4.7538357,0.11590981483459473,0.7300000190734863,0.5568000078201294
YPR184W,YMR074C,0,-4.754341,0.11589141190052032,0.7300000190734863,0.5569000244140625
YDR170W-A,YDR142C,0,-4.754382,0.11587301641702652,0.7300000190734863,0.5569999814033508
YGL084C,YCR089W,0,-4.754509,0.11585462838411331,0.7300000190734863,0.5570999979972839
YCR083W,YMR166C,0,-4.7546563,0.1158362403512001,0.7300000190734863,0.557200014591217
YLR308W,YGL097W,0,-4.7547083,0.11581786721944809,0.7300000190734863,0.5572999715805054
YLR221C,YGR266W,0,-4.754784,0.11579949408769608,0.7300000190734863,0.5573999881744385
YJR109C,YCR070W,0,-4.754921,0.11578112840652466,0.7300000190734863,0.5575000047683716
YIL172C,YCL069W,0,-4.7549686,0.11576276272535324,0.7300000190734863,0.5576000213623047
YPL168W,YDR150W,0,-4.754979,0.11574441194534302,0.7300000190734863,0.557699978351593
YOL116W,YIL147C,1,-4.755088,0.11588459461927414,0.7310000061988831,0.557699978351593
YBR267W,YPR023C,0,-4.7552986,0.11586622148752213,0.7310000061988831,0.5577999949455261
YER166W,YDR186C,0,-4.7553086,0.1158478632569313,0.7310000061988831,0.5579000115394592
YGR272C,YDR179C,0,-4.755311,0.11582950502634048,0.7310000061988831,0.5580000281333923
YCL027C-A,YPR082C,0,-4.755388,0.11581115424633026,0.7310000061988831,0.5580999851226807
YML038C,YJL208C,0,-4.755463,0.11579281091690063,0.7310000061988831,0.5582000017166138
YNL317W,YIL033C,0,-4.755637,0.11577446758747101,0.7310000061988831,0.5583000183105469
YLR085C,YOR244W,0,-4.7557425,0.11575613915920258,0.7310000061988831,0.5583999752998352
YOR367W,YCR009C,1,-4.7557445,0.11589613556861877,0.7319999933242798,0.5583999752998352
YLR214W,YPR108W,0,-4.756273,0.11587779223918915,0.7319999933242798,0.5584999918937683
YBR215W,YHR170W,0,-4.756363,0.11585944890975952,0.7319999933242798,0.5586000084877014
YDR267C,YNL251C,0,-4.75637,0.11584111303091049,0.7319999933242798,0.5587000250816345
YIL008W,YBR103W,0,-4.7564163,0.11582278460264206,0.7319999933242798,0.5587999820709229
YBR083W,YLR312C-B,0,-4.7564573,0.11580446362495422,0.7319999933242798,0.558899998664856
YBR185C,YJL196C,0,-4.756482,0.11578614264726639,0.7319999933242798,0.5590000152587891
YOR181W,YDR162C,1,-4.75673,0.11592598259449005,0.7329999804496765,0.5590000152587891
YLR064W,YNL036W,0,-4.7569933,0.11590765416622162,0.7329999804496765,0.5590999722480774
YMR234W,YJL186W,0,-4.757062,0.11588932573795319,0.7329999804496765,0.5591999888420105
YER019W,YHR206W,1,-4.7571235,0.11602908372879028,0.734000027179718,0.5591999888420105
YPR036W,YHR098C,0,-4.7572165,0.11601074784994125,0.734000027179718,0.5593000054359436
YGL092W,YJR098C,0,-4.75735,0.11599241197109222,0.734000027179718,0.5594000220298767
YDR471W,YDR056C,0,-4.757414,0.11597409099340439,0.734000027179718,0.559499979019165
YML075C,YPR174C,0,-4.757679,0.11595576256513596,0.734000027179718,0.5595999956130981
YNL166C,YER025W,0,-4.757767,0.11593744903802872,0.734000027179718,0.5597000122070312
YHR036W,YER021W,0,-4.757787,0.11591914296150208,0.734000027179718,0.5598000288009644
YDR044W,YJR126C,0,-4.7579703,0.11590083688497543,0.734000027179718,0.5598999857902527
YNL289W,YDR079C-A,0,-4.7580395,0.11588253825902939,0.734000027179718,0.5600000023841858
YOL137W,YJL137C,0,-4.7580566,0.11586424708366394,0.734000027179718,0.5601000189781189
YHL026C,YJL091C,0,-4.758135,0.11584595590829849,0.734000027179718,0.5601999759674072
YBL039C,YGR227W,0,-4.7585793,0.11582767963409424,0.734000027179718,0.5602999925613403
YDR043C,YDR503C,0,-4.7586203,0.11580940335988998,0.734000027179718,0.5604000091552734
YBR087W,YMR291W,0,-4.758677,0.11579113453626633,0.734000027179718,0.5605000257492065
YDR210W,YNR071C,0,-4.758972,0.11577287316322327,0.734000027179718,0.5605999827384949
YBL019W,YGL194C,0,-4.7589903,0.1157546117901802,0.734000027179718,0.560699999332428
YER005W,YKL114C,0,-4.7590714,0.11573635786771774,0.734000027179718,0.5608000159263611
YNL275W,YGR060W,0,-4.759108,0.11571811139583588,0.734000027179718,0.5608999729156494
YDR328C,YBR302C,0,-4.7595444,0.1156998723745346,0.734000027179718,0.5609999895095825
YLR119W,YCR018C,0,-4.759921,0.11568164080381393,0.734000027179718,0.5611000061035156
YJR120W,YDR113C,0,-4.7599497,0.11566340923309326,0.734000027179718,0.5612000226974487
YPR047W,YDR480W,0,-4.7599516,0.11564518511295319,0.734000027179718,0.5612999796867371
YDR092W,YPL192C,0,-4.759983,0.11562696844339371,0.734000027179718,0.5613999962806702
YHR205W,YLR337W,1,-4.760041,0.1157662644982338,0.7350000143051147,0.5613999962806702
YPR004C,YGL005C,0,-4.760635,0.11574803292751312,0.7350000143051147,0.5615000128746033
YGL001C,YNL217W,0,-4.7606554,0.11572980880737305,0.7350000143051147,0.5616000294685364
YDR264C,YGR063C,0,-4.7606773,0.11571158468723297,0.7350000143051147,0.5616999864578247
YDR168W,YDR420W,1,-4.7608976,0.1158507764339447,0.7360000014305115,0.5616999864578247
YOL154W,YHR086W,0,-4.761426,0.11583254486322403,0.7360000014305115,0.5618000030517578
YJL046W,YLR413W,0,-4.7614503,0.11581432074308395,0.7360000014305115,0.5619000196456909
YPL045W,YMR074C,0,-4.7617645,0.11579609662294388,0.7360000014305115,0.5619999766349792
YDL146W,YER082C,0,-4.7617683,0.1157778799533844,0.7360000014305115,0.5620999932289124
YBL078C,YDR007W,0,-4.761889,0.11575967073440552,0.7360000014305115,0.5622000098228455
YOL034W,YDL095W,0,-4.7620654,0.11574146896600723,0.7360000014305115,0.5623000264167786
YNL308C,YNR063W,0,-4.762128,0.11572326719760895,0.7360000014305115,0.5623999834060669
YKL081W,YNL325C,0,-4.7622414,0.11570508033037186,0.7360000014305115,0.5625
YLR393W,YDL081C,0,-4.762246,0.11568689346313477,0.7360000014305115,0.5626000165939331
YLR332W,YKL048C,1,-4.762462,0.11582586914300919,0.7369999885559082,0.5626000165939331
YPL069C,YKR007W,0,-4.7626405,0.1158076673746109,0.7369999885559082,0.5626999735832214
YOR306C,YKL084W,0,-4.762835,0.11578947305679321,0.7369999885559082,0.5627999901771545
YHL036W,YLL054C,0,-4.7629485,0.11577128618955612,0.7369999885559082,0.5629000067710876
YKL158W,YPR010C,0,-4.763275,0.11575309932231903,0.7369999885559082,0.5630000233650208
YBR065C,YML072C,0,-4.7634416,0.11573492735624313,0.7369999885559082,0.5630999803543091
YOL055C,YOR368W,0,-4.763748,0.11571675539016724,0.7369999885559082,0.5631999969482422
YOR227W,YPR067W,0,-4.7639027,0.11569858342409134,0.7369999885559082,0.5633000135421753
YIL082W-A,YDL143W,0,-4.7640343,0.11568042635917664,0.7369999885559082,0.5633999705314636
YJL052W,YMR198W,0,-4.76444,0.11566226929426193,0.7369999885559082,0.5634999871253967
YIL147C,YKL129C,1,-4.7644405,0.11580103635787964,0.7379999756813049,0.5634999871253967
YDL247W,YER177W,0,-4.764461,0.11578286439180374,0.7379999756813049,0.5636000037193298
YDR485C,YJL010C,0,-4.7647667,0.11576470732688904,0.7379999756813049,0.5637000203132629
YHR036W,YDR018C,0,-4.7648516,0.11574655026197433,0.7379999756813049,0.5637999773025513
YNR050C,YLR039C,0,-4.7649446,0.11572840064764023,0.7379999756813049,0.5638999938964844
YLR096W,YFL035C-A,0,-4.765136,0.11571025103330612,0.7379999756813049,0.5640000104904175
YBL067C,YCR040W,0,-4.765171,0.11569211632013321,0.7379999756813049,0.5641000270843506
YDR288W,YNR037C,0,-4.7652135,0.1156739816069603,0.7379999756813049,0.5641999840736389
YJR015W,YDR231C,0,-4.765248,0.11565585434436798,0.7379999756813049,0.564300000667572
YJR033C,YER172C,0,-4.765357,0.11563773453235626,0.7379999756813049,0.5644000172615051
YER016W,YMR225C,0,-4.765794,0.11561961472034454,0.7379999756813049,0.5644999742507935
YLR067C,YDR510W,0,-4.765916,0.11560150235891342,0.7379999756813049,0.5645999908447266
YPR031W,YOR091W,0,-4.7659492,0.1155833974480629,0.7379999756813049,0.5647000074386597
YLR345W,YGR280C,0,-4.766143,0.11556529998779297,0.7379999756813049,0.5648000240325928
YMR237W,YGR035C,0,-4.7662053,0.11554720252752304,0.7379999756813049,0.5648999810218811
YBR131W,YDR358W,0,-4.7662296,0.1155291199684143,0.7379999756813049,0.5649999976158142
YMR134W,YHR062C,0,-4.7662754,0.11551103740930557,0.7379999756813049,0.5651000142097473
YJL184W,YKL129C,1,-4.7663198,0.11564945429563522,0.7390000224113464,0.5651000142097473
YDR307W,YDL190C,0,-4.7663493,0.1156313568353653,0.7390000224113464,0.5651999711990356
YNR050C,YMR106C,0,-4.7664022,0.11561326682567596,0.7390000224113464,0.5652999877929688
YOR059C,YGL133W,0,-4.766408,0.11559518426656723,0.7390000224113464,0.5654000043869019
YGR224W,YCR028C-A,0,-4.766428,0.1155771017074585,0.7390000224113464,0.565500020980835
YPL059W,YOL089C,1,-4.766653,0.1157153993844986,0.7400000095367432,0.565500020980835
YKL014C,YDR266C,0,-4.7667513,0.11569730937480927,0.7400000095367432,0.5655999779701233
YNL194C,YLR381W,0,-4.766844,0.11567922681570053,0.7400000095367432,0.5656999945640564
YPL117C,YCR083W,0,-4.766879,0.1156611442565918,0.7400000095367432,0.5658000111579895
YML114C,YLR341W,0,-4.7669463,0.11564306914806366,0.7400000095367432,0.5659000277519226
YKL100C,YDR085C,0,-4.7669544,0.11562500149011612,0.7400000095367432,0.5659999847412109
YMR323W,YOL077C,0,-4.7674346,0.11560693383216858,0.7400000095367432,0.566100001335144
YDR105C,YIL090W,0,-4.767549,0.11558888107538223,0.7400000095367432,0.5662000179290771
YFR010W,YML065W,0,-4.767647,0.11557082831859589,0.7400000095367432,0.5662999749183655
YKL191W,YKR010C,0,-4.767666,0.11555278301239014,0.7400000095367432,0.5663999915122986
YHR206W,YBL061C,1,-4.767988,0.11569086462259293,0.7409999966621399,0.5663999915122986
YDR005C,YBL038W,0,-4.7680693,0.11567280441522598,0.7409999966621399,0.5665000081062317
YDR084C,YOR030W,0,-4.7681837,0.11565475165843964,0.7409999966621399,0.5666000247001648
YOL152W,YML041C,0,-4.7682695,0.11563670635223389,0.7409999966621399,0.5666999816894531
YGR094W,YDR228C,0,-4.7683897,0.11561866104602814,0.7409999966621399,0.5667999982833862
YJR134C,YKL183W,0,-4.768413,0.11560062319040298,0.7409999966621399,0.5669000148773193
YJR027W,YLL052C,0,-4.7684326,0.11558259278535843,0.7409999966621399,0.5669999718666077
YLR332W,YNL190W,1,-4.768512,0.11572052538394928,0.7419999837875366,0.5669999718666077
YIL053W,YKL088W,1,-4.768649,0.11585841327905655,0.7429999709129333,0.5669999718666077
YGL178W,YJL183W,0,-4.7687516,0.11584034562110901,0.7429999709129333,0.5670999884605408
YPR114W,YOR303W,0,-4.7688017,0.11582229286432266,0.7429999709129333,0.5672000050544739
YHR080C,YJR089W,0,-4.7688637,0.11580424010753632,0.7429999709129333,0.567300021648407
YOL103W,YDR018C,0,-4.7689123,0.11578619480133057,0.7429999709129333,0.5673999786376953
YDR028C,YJR113C,0,-4.768925,0.11576814949512482,0.7429999709129333,0.5674999952316284
YGR097W,YOR253W,0,-4.768936,0.11575011909008026,0.7429999709129333,0.5676000118255615
YFR006W,YNL206C,0,-4.7689915,0.1157320886850357,0.7429999709129333,0.5677000284194946
YCR029C-A,YMR055C,0,-4.769019,0.11571406573057175,0.7429999709129333,0.567799985408783
YDR529C,YKR075C,0,-4.7693295,0.11569604277610779,0.7429999709129333,0.5679000020027161
YJR132W,YDR158W,0,-4.769368,0.11567803472280502,0.7429999709129333,0.5680000185966492
YGR245C,YDR481C,0,-4.7695303,0.11566002666950226,0.7429999709129333,0.5680999755859375
YNL039W,YNL323W,0,-4.769758,0.11564202606678009,0.7429999709129333,0.5681999921798706
YBL004W,YHR214W,0,-4.770017,0.11562402546405792,0.7429999709129333,0.5683000087738037
YGL084C,YDL129W,0,-4.770241,0.11560603976249695,0.7429999709129333,0.5684000253677368
YFR007W,YLR147C,0,-4.7704697,0.11558805406093597,0.7429999709129333,0.5684999823570251
YBR131W,YMR067C,0,-4.770726,0.1155700758099556,0.7429999709129333,0.5685999989509583
YBR159W,YJL073W,0,-4.7709026,0.11555209755897522,0.7429999709129333,0.5687000155448914
YLR143W,YEL061C,0,-4.770934,0.11553413420915604,0.7429999709129333,0.5687999725341797
YOR056C,YNR075W,0,-4.7710023,0.11551617085933685,0.7429999709129333,0.5688999891281128
YGL018C,YAL012W,0,-4.771003,0.11549821496009827,0.7429999709129333,0.5690000057220459
YGR244C,YOR384W,0,-4.7710295,0.11548025906085968,0.7429999709129333,0.569100022315979
YGR082W,YPR055W,0,-4.7710795,0.11546231806278229,0.7429999709129333,0.5691999793052673
YMR297W,YHL009C,0,-4.7712975,0.1154443770647049,0.7429999709129333,0.5692999958992004
YBR245C,YJR027W,0,-4.77155,0.1154264435172081,0.7429999709129333,0.5694000124931335
YDR055W,YBR136W,0,-4.7717104,0.1154085099697113,0.7429999709129333,0.5695000290870667
YMR163C,YML074C,0,-4.771718,0.1153905913233757,0.7429999709129333,0.569599986076355
YPL242C,YKL129C,1,-4.7718754,0.11552795022726059,0.7440000176429749,0.569599986076355
YHR206W,YOR047C,1,-4.771921,0.11566527187824249,0.7450000047683716,0.569599986076355
YDR212W,YBR217W,0,-4.7722664,0.1156473159790039,0.7450000047683716,0.5697000026702881
YOL105C,YIR033W,0,-4.772379,0.11562936753034592,0.7450000047683716,0.5698000192642212
YGL040C,YPL074W,0,-4.7727346,0.11561141908168793,0.7450000047683716,0.5698999762535095
YPL169C,YNL039W,0,-4.7727575,0.11559348553419113,0.7450000047683716,0.5699999928474426
YDL010W,YDR420W,1,-4.7734246,0.11573068797588348,0.7459999918937683,0.5699999928474426
YGR094W,YPL233W,0,-4.7734594,0.1157127320766449,0.7459999918937683,0.5701000094413757
YNL190W,YBR086C,1,-4.7735147,0.11584987491369247,0.746999979019165,0.5701000094413757
YML124C,YJL097W,0,-4.7736235,0.11583191156387329,0.746999979019165,0.5702000260353088
YFR042W,YML110C,0,-4.7736254,0.1158139556646347,0.746999979019165,0.5702999830245972
YHR089C,YGL058W,0,-4.7739325,0.11579599976539612,0.746999979019165,0.5703999996185303
YMR161W,YBR248C,0,-4.7740607,0.11577805131673813,0.746999979019165,0.5705000162124634
YML034W,YJR093C,0,-4.7741404,0.11576011031866074,0.746999979019165,0.5705999732017517
YDR432W,YLR364W,0,-4.774275,0.11574217677116394,0.746999979019165,0.5706999897956848
YAL021C,YOR197W,0,-4.774367,0.11572424322366714,0.746999979019165,0.5708000063896179
YDL207W,YDR316W,0,-4.7744303,0.11570631712675095,0.746999979019165,0.570900022983551
YLR298C,YDR450W,0,-4.774762,0.11568839848041534,0.746999979019165,0.5709999799728394
YBR208C,YKR039W,0,-4.7748246,0.11567048728466034,0.746999979019165,0.5710999965667725
YGL194C,YBR131W,0,-4.7750034,0.11565257608890533,0.746999979019165,0.5712000131607056
YGL257C,YML078W,0,-4.775039,0.11563467234373093,0.746999979019165,0.5713000297546387
YHR005C,YDR507C,0,-4.775093,0.11561677604913712,0.746999979019165,0.571399986743927
YMR291W,YPL036W,0,-4.775188,0.1155988872051239,0.746999979019165,0.5715000033378601
YDL082W,YMR091C,0,-4.7751904,0.11558099836111069,0.746999979019165,0.5716000199317932
YPL195W,YDL134C,0,-4.7753086,0.11556311696767807,0.746999979019165,0.5716999769210815
YKL017C,YGR266W,0,-4.7756166,0.11554524302482605,0.746999979019165,0.5717999935150146
YLR248W,YBR132C,1,-4.7757654,0.11568202823400497,0.7480000257492065,0.5717999935150146
YDR100W,YCR106W,0,-4.77623,0.11566413938999176,0.7480000257492065,0.5719000101089478
YIL115C,YOL018C,0,-4.7765746,0.11564625799655914,0.7480000257492065,0.5720000267028809
YBR180W,YBR149W,0,-4.776754,0.11562838405370712,0.7480000257492065,0.5720999836921692
YHR140W,YGR017W,0,-4.776769,0.1156105101108551,0.7480000257492065,0.5722000002861023
YOL039W,YPL032C,0,-4.7768755,0.11559264361858368,0.7480000257492065,0.5723000168800354
YBL036C,YOL144W,0,-4.7769136,0.11557478457689285,0.7480000257492065,0.5723999738693237
YLR248W,YLR006C,1,-4.7769375,0.11571141332387924,0.7490000128746033,0.5723999738693237
YMR042W,YGL055W,0,-4.776953,0.11569354683160782,0.7490000128746033,0.5724999904632568
YHL044W,YDR292C,0,-4.777113,0.1156756728887558,0.7490000128746033,0.5726000070571899
YDL207W,YAR071W,0,-4.77715,0.11565781384706497,0.7490000128746033,0.572700023651123
YNL247W,YIL073C,0,-4.7771573,0.11563995480537415,0.7490000128746033,0.5727999806404114
YDL003W,YIR009W,0,-4.7774725,0.11562210321426392,0.7490000128746033,0.5728999972343445
YER147C,YMR153W,0,-4.7779245,0.11560425907373428,0.7490000128746033,0.5730000138282776
YPR048W,YER072W,0,-4.77794,0.11558642238378525,0.7490000128746033,0.5730999708175659
YCL047C,YDR210W,0,-4.7780476,0.11556858569383621,0.7490000128746033,0.573199987411499
YNL180C,YAL011W,0,-4.7782493,0.11555075645446777,0.7490000128746033,0.5733000040054321
YKR025W,YIL129C,0,-4.778274,0.11553293466567993,0.7490000128746033,0.5734000205993652
YNL167C,YEL001C,0,-4.7783084,0.11551511287689209,0.7490000128746033,0.5734999775886536
YCR028C,YFL018C,0,-4.778385,0.11549729853868484,0.7490000128746033,0.5735999941825867
YKR086W,YNL242W,0,-4.77845,0.1154794916510582,0.7490000128746033,0.5737000107765198
YMR262W,YLR239C,0,-4.7787304,0.11546169221401215,0.7490000128746033,0.5738000273704529
YNL066W,YMR045C,0,-4.7787714,0.1154438927769661,0.7490000128746033,0.5738999843597412
YEL065W,YMR004W,0,-4.778777,0.11542610824108124,0.7490000128746033,0.5740000009536743
YEL050C,YLR154C,0,-4.7788506,0.11540832370519638,0.7490000128746033,0.5741000175476074
YGL009C,YMR215W,0,-4.7790585,0.11539053916931152,0.7490000128746033,0.5741999745368958
YML067C,YLR225C,0,-4.7790756,0.11537276953458786,0.7490000128746033,0.5742999911308289
YER180C,YML031W,0,-4.779148,0.1153549998998642,0.7490000128746033,0.574400007724762
YGL013C,YBR114W,0,-4.7791853,0.11533723771572113,0.7490000128746033,0.5745000243186951
YDR297W,YNL199C,0,-4.7792034,0.11531947553157806,0.7490000128746033,0.5745999813079834
YDR235W,YPR101W,0,-4.779277,0.1153017207980156,0.7490000128746033,0.5746999979019165
YGR103W,YBR090C-A,0,-4.7799873,0.11528397351503372,0.7490000128746033,0.5748000144958496
YKL199C,YKL065C,0,-4.780045,0.11526623368263245,0.7490000128746033,0.5748999714851379
YER184C,YOL149W,0,-4.780395,0.11524850130081177,0.7490000128746033,0.574999988079071
YGR116W,YCR027C,0,-4.780533,0.11523076891899109,0.7490000128746033,0.5751000046730042
YJR097W,YML072C,0,-4.780607,0.11521304398775101,0.7490000128746033,0.5752000212669373
YDR099W,YLR170C,0,-4.7807436,0.11519532650709152,0.7490000128746033,0.5752999782562256
YLR006C,YBR014C,1,-4.78088,0.11533138900995255,0.75,0.5752999782562256
YOR092W,YGL032C,0,-4.78091,0.11531365662813187,0.75,0.5753999948501587
YER118C,YLR337W,1,-4.78104,0.11544965207576752,0.7509999871253967,0.5753999948501587
YJR153W,YKR088C,0,-4.78154,0.11543191224336624,0.7509999871253967,0.5755000114440918
YLR367W,YNL197C,0,-4.781736,0.11541417241096497,0.7509999871253967,0.5756000280380249
YGR014W,YMR109W,1,-4.7820196,0.11555009335279465,0.7519999742507935,0.5756000280380249
YLR441C,YDR538W,0,-4.7822456,0.11553233861923218,0.7519999742507935,0.5756999850273132
YPL249C-A,YBR103W,0,-4.7823486,0.1155145913362503,0.7519999742507935,0.5758000016212463
YDR322W,YPL047W,0,-4.782505,0.11549685150384903,0.7519999742507935,0.5759000182151794
YDL112W,YNL009W,0,-4.78268,0.11547911912202835,0.7519999742507935,0.5759999752044678
YDR113C,YGR106C,0,-4.7831097,0.11546138674020767,0.7519999742507935,0.5760999917984009
YDR486C,YLR204W,0,-4.7831345,0.11544366180896759,0.7519999742507935,0.576200008392334
YPR133C,YKL101W,0,-4.783358,0.11542593687772751,0.7519999742507935,0.5763000249862671
YML001W,YMR226C,0,-4.7835827,0.11540822684764862,0.7519999742507935,0.5763999819755554
YJR088C,YER038C,0,-4.784548,0.11539051681756973,0.7519999742507935,0.5764999985694885
YFR030W,YJL073W,0,-4.7846794,0.11537281423807144,0.7519999742507935,0.5766000151634216
YLR099C,YLR095C,0,-4.7849283,0.11535511910915375,0.7519999742507935,0.57669997215271
YMR127C,YGL206C,0,-4.7852416,0.11533742398023605,0.7519999742507935,0.5767999887466431
YLL038C,YDR439W,0,-4.785247,0.11531973630189896,0.7519999742507935,0.5769000053405762
YNR050C,YPL162C,0,-4.785392,0.11530205607414246,0.7519999742507935,0.5770000219345093
YNL067W,YHR092C,0,-4.785428,0.11528437584638596,0.7519999742507935,0.5770999789237976
YML048W,YNL058C,0,-4.785524,0.11526671051979065,0.7519999742507935,0.5771999955177307
YHR141C,YNL124W,0,-4.785536,0.11524904519319534,0.7519999742507935,0.5773000121116638
YKL014C,YDR210W,0,-4.7856736,0.11523137986660004,0.7519999742507935,0.5774000287055969
YHR032W,YER048W-A,0,-4.785721,0.11521372944116592,0.7519999742507935,0.5774999856948853
YMR130W,YGR054W,0,-4.785918,0.11519607901573181,0.7519999742507935,0.5776000022888184
YGR205W,YIL051C,0,-4.786252,0.1151784360408783,0.7519999742507935,0.5777000188827515
YJL153C,YHR018C,0,-4.786315,0.11516079306602478,0.7519999742507935,0.5777999758720398
YER071C,YGR109C,0,-4.786597,0.11514316499233246,0.7519999742507935,0.5778999924659729
YKL048C,YMR109W,1,-4.78661,0.11527863144874573,0.753000020980835,0.5778999924659729
YJR135C,YNL241C,0,-4.786918,0.11526098102331161,0.753000020980835,0.578000009059906
YJL181W,YBR091C,0,-4.786968,0.1152433454990387,0.753000020980835,0.5781000256538391
YPL253C,YPL018W,0,-4.78703,0.11522570997476578,0.753000020980835,0.5781999826431274
YGR014W,YLR362W,1,-4.787164,0.11536107957363129,0.7540000081062317,0.5781999826431274
YJR019C,YHR028C,0,-4.787171,0.11534342914819717,0.7540000081062317,0.5782999992370605
YGL157W,YML074C,0,-4.78718,0.11532578617334366,0.7540000081062317,0.5784000158309937
YLR393W,YGL076C,0,-4.7871933,0.11530815064907074,0.7540000081062317,0.578499972820282
YFR006W,YBR015C,0,-4.787218,0.11529052257537842,0.7540000081062317,0.5785999894142151
YLR262C,YPL060W,0,-4.7873864,0.1152728945016861,0.7540000081062317,0.5787000060081482
YDR326C,YLR410W,0,-4.7879725,0.11525527387857437,0.7540000081062317,0.5788000226020813
YGR224W,YOR312C,0,-4.7881365,0.11523766070604324,0.7540000081062317,0.5788999795913696
YPL189C-A,YBR189W,0,-4.7884197,0.11522004753351212,0.7540000081062317,0.5789999961853027
YJL181W,YJL065C,0,-4.7884765,0.11520244181156158,0.7540000081062317,0.5791000127792358
YMR316W,YNL151C,0,-4.7890472,0.11518484354019165,0.7540000081062317,0.579200029373169
YFL055W,YLR216C,0,-4.7895684,0.11516725271940231,0.7540000081062317,0.5792999863624573
YJL078C,YJR155W,0,-4.78965,0.11514966189861298,0.7540000081062317,0.5794000029563904
YOL065C,YDR115W,0,-4.789772,0.11513207852840424,0.7540000081062317,0.5795000195503235
YBR028C,YKL012W,0,-4.7898693,0.11511450260877609,0.7540000081062317,0.5795999765396118
YML074C,YDR186C,0,-4.7904043,0.11509693413972855,0.7540000081062317,0.5796999931335449
YGR122W,YHR149C,0,-4.790425,0.115079365670681,0.7540000081062317,0.579800009727478
YPR143W,YLR060W,0,-4.7904882,0.11506180465221405,0.7540000081062317,0.5799000263214111
YPR061C,YOR022C,0,-4.7907753,0.1150442510843277,0.7540000081062317,0.5799999833106995
YGL008C,YNR026C,0,-4.7908773,0.11502669751644135,0.7540000081062317,0.5800999999046326
YGR245C,YOR113W,0,-4.790918,0.11500915139913559,0.7540000081062317,0.5802000164985657
YOR257W,YDL247W,0,-4.7909665,0.11499161273241043,0.7540000081062317,0.580299973487854
YAL002W,YJL203W,0,-4.791514,0.11497407406568527,0.7540000081062317,0.5803999900817871
YIL096C,YLR185W,0,-4.792807,0.11495655030012131,0.7540000081062317,0.5805000066757202
YER035W,YPR192W,0,-4.7929935,0.11493902653455734,0.7540000081062317,0.5806000232696533
YER041W,YNL103W,0,-4.7930913,0.11492150276899338,0.7540000081062317,0.5806999802589417
YHR035W,YNR054C,0,-4.7931085,0.1149039939045906,0.7540000081062317,0.5807999968528748
YBL060W,YOR386W,0,-4.793157,0.11488648504018784,0.7540000081062317,0.5809000134468079
YPL085W,YER149C,0,-4.7932777,0.11486898362636566,0.7540000081062317,0.5809999704360962
YEL050C,YNL007C,0,-4.793692,0.11485148221254349,0.7540000081062317,0.5810999870300293
YPL152W,YCR073C,1,-4.7941065,0.11498629301786423,0.7549999952316284,0.5810999870300293
YDR299W,YJR014W,0,-4.794277,0.11496878415346146,0.7549999952316284,0.5812000036239624
YCL017C,YNR069C,0,-4.794394,0.11495127528905869,0.7549999952316284,0.5813000202178955
YOR266W,YNR027W,0,-4.7944756,0.11493378132581711,0.7549999952316284,0.5813999772071838
YLR059C,YNL217W,0,-4.794484,0.11491628736257553,0.7549999952316284,0.5814999938011169
YJL221C,YGR028W,0,-4.7946343,0.11489880084991455,0.7549999952316284,0.58160001039505
YHR067W,YOR009W,0,-4.7950506,0.11488131433725357,0.7549999952316284,0.5817000269889832
YNL176C,YPL130W,0,-4.7951727,0.11486383527517319,0.7549999952316284,0.5817999839782715
YLR006C,YKL048C,1,-4.795288,0.1149984821677208,0.7559999823570251,0.5817999839782715
YER058W,YGR003W,0,-4.795536,0.11498098820447922,0.7559999823570251,0.5819000005722046
YDR481C,YDR107C,0,-4.7955523,0.11496350169181824,0.7559999823570251,0.5820000171661377
YOL116W,YER089C,1,-4.7956414,0.11509806662797928,0.7570000290870667,0.5820000171661377
YPL255W,YPR058W,0,-4.795661,0.1150805726647377,0.7570000290870667,0.582099974155426
YGL210W,YDL106C,0,-4.7957964,0.11506307870149612,0.7570000290870667,0.5821999907493591
YOR047C,YCR009C,1,-4.795834,0.1151975691318512,0.7580000162124634,0.5821999907493591
YNL316C,YNL142W,0,-4.795892,0.11518006026744843,0.7580000162124634,0.5823000073432922
YER109C,YLR126C,0,-4.7960043,0.11516256630420685,0.7580000162124634,0.5824000239372253
YDR397C,YHR147C,0,-4.7960663,0.11514507234096527,0.7580000162124634,0.5824999809265137
YDR145W,YBL080C,0,-4.796143,0.1151275783777237,0.7580000162124634,0.5825999975204468
YOR116C,YML082W,0,-4.7969074,0.11511009931564331,0.7580000162124634,0.5827000141143799
YOR362C,YGR046W,0,-4.79702,0.11509262025356293,0.7580000162124634,0.5827999711036682
YOR363C,YKL086W,0,-4.7972183,0.11507514864206314,0.7580000162124634,0.5828999876976013
YDR309C,YMR287C,0,-4.797775,0.11505767703056335,0.7580000162124634,0.5830000042915344
YKR050W,YDR292C,0,-4.797824,0.11504022032022476,0.7580000162124634,0.5831000208854675
YLR057W,YBR058C,0,-4.798403,0.11502276360988617,0.7580000162124634,0.5831999778747559
YKL120W,YPL108W,0,-4.7985773,0.11500530689954758,0.7580000162124634,0.583299994468689
YGR224W,YMR298W,0,-4.7986274,0.11498786509037018,0.7580000162124634,0.5834000110626221
YMR262W,YKL032C,0,-4.798665,0.11497042328119278,0.7580000162124634,0.5835000276565552
YHR034C,YML033W,0,-4.7987947,0.11495298892259598,0.7580000162124634,0.5835999846458435
YCL019W,YBR268W,0,-4.7988176,0.11493555456399918,0.7580000162124634,0.5837000012397766
YNL002C,YCR037C,0,-4.798849,0.11491813510656357,0.7580000162124634,0.5838000178337097
YEL026W,YAL001C,0,-4.7989883,0.11490071564912796,0.7580000162124634,0.583899974822998
YPL174C,YKL110C,0,-4.7990103,0.11488329619169235,0.7580000162124634,0.5839999914169312
YDR487C,YPL001W,0,-4.799197,0.11486589163541794,0.7580000162124634,0.5841000080108643
YGR091W,YBR012W-B,0,-4.7995725,0.11484848707914352,0.7580000162124634,0.5842000246047974
YOR076C,YCR045C,0,-4.799708,0.11483108252286911,0.7580000162124634,0.5842999815940857
YER023W,YMR268C,0,-4.7997212,0.11481369286775589,0.7580000162124634,0.5843999981880188
YAL010C,YPL275W,0,-4.799799,0.11479630321264267,0.7580000162124634,0.5845000147819519
YCR089W,YNL317W,0,-4.7999525,0.11477892100811005,0.7580000162124634,0.5845999717712402
YGL153W,YNL248C,0,-4.8000364,0.11476154625415802,0.7580000162124634,0.5846999883651733
YHR194W,YHR103W,0,-4.8002195,0.114744171500206,0.7580000162124634,0.5848000049591064
YOL052C-A,YER087C-A,0,-4.8002295,0.11472680419683456,0.7580000162124634,0.5849000215530396
YCR066W,YKR081C,0,-4.800357,0.11470944434404373,0.7580000162124634,0.5849999785423279
YDR372C,YBR283C,0,-4.800906,0.1146920844912529,0.7580000162124634,0.585099995136261
YOR227W,YJR015W,0,-4.800924,0.11467473208904266,0.7580000162124634,0.5852000117301941
YBL008W,YOR048C,0,-4.80102,0.11465738713741302,0.7580000162124634,0.5853000283241272
YBR302C,YMR202W,0,-4.8013306,0.11464004963636398,0.7580000162124634,0.5853999853134155
YBR045C,YLR418C,0,-4.8013873,0.11462271213531494,0.7580000162124634,0.5855000019073486
YBR003W,YPL170W,0,-4.801455,0.1146053820848465,0.7580000162124634,0.5856000185012817
YGR272C,YNL096C,0,-4.8014746,0.11458805948495865,0.7580000162124634,0.5856999754905701
YDR055W,YNL066W,0,-4.8015842,0.1145707368850708,0.7580000162124634,0.5857999920845032
YOR035C,YJL072C,0,-4.8020473,0.11455342173576355,0.7580000162124634,0.5859000086784363
YOR059C,YLR272C,0,-4.8022637,0.1145361140370369,0.7580000162124634,0.5860000252723694
YJL181W,YOL133W,0,-4.802376,0.11451880633831024,0.7580000162124634,0.5860999822616577
YGL013C,YPL140C,0,-4.8024397,0.11450151354074478,0.7580000162124634,0.5861999988555908
YOR247W,YJR096W,0,-4.802803,0.11448421329259872,0.7580000162124634,0.5863000154495239
YHR105W,YGR023W,0,-4.8029695,0.11446692794561386,0.7580000162124634,0.5863999724388123
YMR175W,YDR420W,1,-4.803229,0.11460063606500626,0.7590000033378601,0.5863999724388123
YLR066W,YMR261C,0,-4.8032303,0.1145833358168602,0.7590000033378601,0.5864999890327454
YDR350C,YPL210C,0,-4.803234,0.11456603556871414,0.7590000033378601,0.5866000056266785
YOR131C,YHR188C,0,-4.8032546,0.11454875022172928,0.7590000033378601,0.5867000222206116
YDR523C,YCR075C,0,-4.8033676,0.11453146487474442,0.7590000033378601,0.5867999792098999
YDR168W,YLR138W,1,-4.8034015,0.11466505378484726,0.7599999904632568,0.5867999792098999
YJR120W,YOR175C,0,-4.803413,0.1146477609872818,0.7599999904632568,0.586899995803833
YNR032C-A,YDR538W,0,-4.803537,0.11463046818971634,0.7599999904632568,0.5870000123977661
YNL279W,YOL023W,0,-4.8035765,0.11461318284273148,0.7599999904632568,0.5871000289916992
YDR532C,YBR050C,0,-4.8036838,0.11459589749574661,0.7599999904632568,0.5871999859809875
YBR293W,YGR075C,0,-4.8037033,0.11457861959934235,0.7599999904632568,0.5873000025749207
YER142C,YDR080W,0,-4.8037786,0.11456134915351868,0.7599999904632568,0.5874000191688538
YBR233W-A,YGR202C,0,-4.8039074,0.1145440861582756,0.7599999904632568,0.5874999761581421
YMR055C,YOL059W,0,-4.8039103,0.11452682316303253,0.7599999904632568,0.5875999927520752
YDL144C,YNL280C,0,-4.8042297,0.11450956761837006,0.7599999904632568,0.5877000093460083
YIL084C,YML014W,0,-4.804295,0.11449231952428818,0.7599999904632568,0.5878000259399414
YLR467W,YPL190C,0,-4.8043313,0.1144750714302063,0.7599999904632568,0.5878999829292297
YJR150C,YGR194C,0,-4.8044186,0.11445783078670502,0.7599999904632568,0.5879999995231628
YLR336C,YOR028C,1,-4.804447,0.11459117382764816,0.7609999775886536,0.5879999995231628
YFR040W,YOL041C,0,-4.8046455,0.11457392573356628,0.7609999775886536,0.588100016117096
YDR302W,YNL056W,0,-4.8046727,0.1145566776394844,0.7609999775886536,0.5881999731063843
YKL024C,YJL059W,0,-4.804702,0.11453943699598312,0.7609999775886536,0.5882999897003174
YPL105C,YLR373C,0,-4.8047543,0.11452219635248184,0.7609999775886536,0.5884000062942505
YJL198W,YOR143C,0,-4.804796,0.11450496315956116,0.7609999775886536,0.5885000228881836
YER172C,YNR036C,0,-4.805209,0.11448773741722107,0.7609999775886536,0.5885999798774719
YOR046C,YOR198C,0,-4.805229,0.11447051912546158,0.7609999775886536,0.588699996471405
YPR148C,YLR432W,0,-4.8053536,0.11445330083370209,0.7609999775886536,0.5888000130653381
YNL003C,YOL130W,0,-4.8054004,0.1144360899925232,0.7609999775886536,0.5889000296592712
YER081W,YBR091C,0,-4.805479,0.1144188866019249,0.7609999775886536,0.5889999866485596
YBL022C,YMR050C,0,-4.8057904,0.1144016832113266,0.7609999775886536,0.5891000032424927
YPL144W,YHR143W-A,0,-4.8058333,0.1143844872713089,0.7609999775886536,0.5892000198364258
YBL088C,YHR194W,0,-4.8058443,0.1143672987818718,0.7609999775886536,0.5892999768257141
YKR046C,YGL124C,0,-4.805929,0.11435011029243469,0.7609999775886536,0.5893999934196472
YKL080W,YOR014W,0,-4.8059983,0.11433292925357819,0.7609999775886536,0.5895000100135803
YDR507C,YGR292W,0,-4.806164,0.11431575566530228,0.7609999775886536,0.5896000266075134
YMR175W,YOR208W,1,-4.806284,0.11444878578186035,0.7620000243186951,0.5896000266075134
YDR303C,YNL308C,0,-4.80663,0.11443159729242325,0.7620000243186951,0.5896999835968018
YOR116C,YPR070W,0,-4.8070354,0.11441441625356674,0.7620000243186951,0.5898000001907349
YOR391C,YOR083W,0,-4.8070498,0.11439723521471024,0.7620000243186951,0.589900016784668
YKR096W,YAL013W,0,-4.8073297,0.11438006907701492,0.7620000243186951,0.5899999737739563
YMR104C,YBL042C,0,-4.80741,0.11436290293931961,0.7620000243186951,0.5900999903678894
YLL024C,YGL012W,0,-4.807563,0.1143457368016243,0.7620000243186951,0.5902000069618225
YAR018C,YLR345W,0,-4.8075857,0.11432858556509018,0.7620000243186951,0.5903000235557556
YDR214W,YDR367W,0,-4.807905,0.11431143432855606,0.7620000243186951,0.590399980545044
YKR089C,YPL194W,0,-4.808278,0.11429428309202194,0.7620000243186951,0.590499997138977
YFL018C,YOL109W,0,-4.808923,0.11427714675664902,0.7620000243186951,0.5906000137329102
YMR058W,YDL135C,0,-4.8090444,0.11426001042127609,0.7620000243186951,0.5906999707221985
YBR056W,YIR021W,0,-4.809145,0.11424288153648376,0.7620000243186951,0.5907999873161316
YDR175C,YDR427W,0,-4.8095512,0.11422575265169144,0.7620000243186951,0.5909000039100647
YMR234W,YPR199C,0,-4.809609,0.1142086312174797,0.7620000243186951,0.5910000205039978
YOL117W,YNL136W,0,-4.809788,0.11419151723384857,0.7620000243186951,0.5910999774932861
YJR013W,YDL098C,0,-4.8104467,0.11417441070079803,0.7620000243186951,0.5911999940872192
YLR318W,YLL011W,0,-4.810587,0.1141573041677475,0.7620000243186951,0.5913000106811523
YJR160C,YKL138C-A,0,-4.8108187,0.11414020508527756,0.7620000243186951,0.5914000272750854
YEL005C,YJR084W,0,-4.810892,0.11412310600280762,0.7620000243186951,0.5914999842643738
YNL115C,YMR307W,0,-4.8110647,0.11410602182149887,0.7620000243186951,0.5916000008583069
YMR242C,YLR099C,0,-4.8110723,0.11408893764019012,0.7620000243186951,0.59170001745224
YFL002W-A,YNR026C,0,-4.811239,0.11407185345888138,0.7620000243186951,0.5917999744415283
YPL040C,YLR399C,0,-4.8113885,0.11405478417873383,0.7620000243186951,0.5918999910354614
YBL023C,YPL106C,0,-4.811969,0.11403771489858627,0.7620000243186951,0.5920000076293945
YCR067C,YGR234W,0,-4.812237,0.11402065306901932,0.7620000243186951,0.5921000242233276
YDR338C,YNL217W,0,-4.812312,0.11400359123945236,0.7620000243186951,0.592199981212616
YOR367W,YER019W,1,-4.8123436,0.11413612216711044,0.7630000114440918,0.592199981212616
YKL125W,YNL148C,0,-4.8123956,0.11411905288696289,0.7630000114440918,0.5922999978065491
YBR070C,YOR132W,0,-4.8124323,0.11410199105739594,0.7630000114440918,0.5924000144004822
YNR012W,YML010W,0,-4.812439,0.11408492922782898,0.7630000114440918,0.5924999713897705
YHR216W,YLR450W,0,-4.8127327,0.11406787484884262,0.7630000114440918,0.5925999879837036
YDR506C,YNL218W,0,-4.8128104,0.11405082046985626,0.7630000114440918,0.5927000045776367
YMR175W,YNL190W,1,-4.812839,0.11418323218822479,0.7639999985694885,0.5927000045776367
YHL015W,YGR106C,0,-4.813214,0.11416617035865784,0.7639999985694885,0.5928000211715698
YKL025C,YPR047W,0,-4.8133883,0.11414910852909088,0.7639999985694885,0.5928999781608582
YMR011W,YLR421C,0,-4.8135233,0.11413206160068512,0.7639999985694885,0.5929999947547913
YDL051W,YMR134W,0,-4.813716,0.11411501467227936,0.7639999985694885,0.5931000113487244
YPL210C,YNR041C,0,-4.8140106,0.1140979677438736,0.7639999985694885,0.5932000279426575
YKL173W,YPR156C,0,-4.814188,0.11408092826604843,0.7639999985694885,0.5932999849319458
YML040W,YMR225C,0,-4.8142567,0.11406389623880386,0.7639999985694885,0.5934000015258789
YPL152W,YER019W,1,-4.814454,0.11419615149497986,0.7649999856948853,0.5934000015258789
YMR217W,YBL100W-B,0,-4.814556,0.1141791045665741,0.7649999856948853,0.593500018119812
YCR036W,YDR069C,0,-4.8148756,0.11416206508874893,0.7649999856948853,0.5935999751091003
YNL305C,YPL186C,0,-4.815147,0.11414503306150436,0.7649999856948853,0.5936999917030334
YNL294C,YLR106C,0,-4.8151784,0.1141280010342598,0.7649999856948853,0.5938000082969666
YCR044C,YPL043W,0,-4.8152056,0.11411097645759583,0.7649999856948853,0.5939000248908997
YLR376C,YNL308C,0,-4.815274,0.11409395933151245,0.7649999856948853,0.593999981880188
YDR057W,YOR288C,0,-4.8154645,0.11407694965600967,0.7649999856948853,0.5940999984741211
YCR008W,YDR186C,0,-4.8154826,0.1140599399805069,0.7649999856948853,0.5942000150680542
YGR204W,YGR272C,0,-4.8156557,0.11404293030500412,0.7649999856948853,0.5942999720573425
YER040W,YMR286W,0,-4.8156676,0.11402593553066254,0.7649999856948853,0.5943999886512756
YER178W,YDR118W,0,-4.8158712,0.11400894075632095,0.7649999856948853,0.5945000052452087
YKR077W,YDR510W,0,-4.815938,0.11399195343255997,0.7649999856948853,0.5946000218391418
YOR177C,YOL100W,0,-4.8159723,0.11397497355937958,0.7649999856948853,0.5946999788284302
YLR240W,YMR091C,0,-4.816358,0.11395799368619919,0.7649999856948853,0.5947999954223633
YNL176C,YLR060W,0,-4.8164454,0.1139410212635994,0.7649999856948853,0.5949000120162964
YBR028C,YPR166C,0,-4.816467,0.1139240488409996,0.7649999856948853,0.5950000286102295
YJR137C,YLR318W,0,-4.8165774,0.11390708386898041,0.7649999856948853,0.5950999855995178
YLL018C,YGL059W,0,-4.8167343,0.11389012634754181,0.7649999856948853,0.5952000021934509
YLL042C,YER012W,0,-4.8171015,0.11387317627668381,0.7649999856948853,0.595300018787384
YKR059W,YMR017W,0,-4.8177657,0.1138562262058258,0.7649999856948853,0.5953999757766724
YDR320C-A,YOR334W,0,-4.8178744,0.1138392835855484,0.7649999856948853,0.5954999923706055
YJR035W,YGL021W,0,-4.8179035,0.11382234841585159,0.7649999856948853,0.5956000089645386
YER027C,YPL068C,0,-4.8180027,0.11380541324615479,0.7649999856948853,0.5957000255584717
YGL151W,YDR500C,0,-4.8180695,0.11378848552703857,0.7649999856948853,0.59579998254776
YOL044W,YER099C,0,-4.8180795,0.11377156525850296,0.7649999856948853,0.5958999991416931
YOR335C,YKR001C,0,-4.8181043,0.11375464498996735,0.7649999856948853,0.5960000157356262
YDL095W,YNL134C,0,-4.8181067,0.11373773217201233,0.7649999856948853,0.5960999727249146
YER157W,YDR206W,0,-4.8181834,0.11372082680463791,0.7649999856948853,0.5961999893188477
YJL083W,YDR110W,0,-4.8183117,0.11370392143726349,0.7649999856948853,0.5963000059127808
YJL047C,YOR109W,0,-4.818613,0.11368702352046967,0.7649999856948853,0.5964000225067139
YDL189W,YPL148C,0,-4.818615,0.11367013305425644,0.7649999856948853,0.5964999794960022
YPR004C,YBL084C,0,-4.818961,0.11365324258804321,0.7649999856948853,0.5965999960899353
YPL048W,YKR010C,0,-4.819256,0.11363636702299118,0.7649999856948853,0.5967000126838684
YPR061C,YKR078W,0,-4.819276,0.11361948400735855,0.7649999856948853,0.5968000292778015
YPL189C-A,YOR172W,0,-4.8193274,0.11360261589288712,0.7649999856948853,0.5968999862670898
YNR027W,YGR275W,0,-4.819394,0.11358574777841568,0.7649999856948853,0.597000002861023
YJL143W,YJR058C,0,-4.819564,0.11356888711452484,0.7649999856948853,0.597100019454956
YDR481C,YOL128C,0,-4.8199663,0.113552026450634,0.7649999856948853,0.5971999764442444
YCL066W,YGR198W,0,-4.8199863,0.11353517323732376,0.7649999856948853,0.5972999930381775
YIR012W,YHR063C,0,-4.8200107,0.11351832747459412,0.7649999856948853,0.5974000096321106
YPL194W,YCR043C,0,-4.820071,0.11350148171186447,0.7649999856948853,0.5975000262260437
YML062C,YEL006W,0,-4.8200774,0.11348464339971542,0.7649999856948853,0.597599983215332
YLR453C,YPL275W,0,-4.820681,0.11346781253814697,0.7649999856948853,0.5976999998092651
YNL216W,YDR367W,0,-4.821202,0.11345098912715912,0.7649999856948853,0.5978000164031982
YLR376C,YER140W,0,-4.821314,0.11343416571617126,0.7649999856948853,0.5978999733924866
YDL025C,YDR298C,0,-4.82158,0.11341734975576401,0.7649999856948853,0.5979999899864197
YDR047W,YJR056C,0,-4.8216977,0.11340053379535675,0.7649999856948853,0.5981000065803528
YHR171W,YBR130C,0,-4.821762,0.11338372528553009,0.7649999856948853,0.5982000231742859
YER042W,YIL005W,0,-4.8219533,0.11336692422628403,0.7649999856948853,0.5982999801635742
YGL187C,YNR069C,0,-4.82212,0.11335012316703796,0.7649999856948853,0.5983999967575073
YNL311C,YML029W,0,-4.8221507,0.1133333370089531,0.7649999856948853,0.5985000133514404
YHR039C-B,YMR201C,0,-4.822155,0.11331654340028763,0.7649999856948853,0.5985999703407288
YMR002W,YAL011W,0,-4.82237,0.11329976469278336,0.7649999856948853,0.5986999869346619
YJL216C,YPL168W,0,-4.8224993,0.11328298598527908,0.7649999856948853,0.598800003528595
YDR384C,YHR045W,0,-4.8227687,0.11326621472835541,0.7649999856948853,0.5989000201225281
YFL035C-B,YJL125C,0,-4.822824,0.11324944347143173,0.7649999856948853,0.5989999771118164
YGL087C,YJR108W,0,-4.8234496,0.11323267966508865,0.7649999856948853,0.5990999937057495
YGL120C,YML047C,0,-4.8235893,0.11321592330932617,0.7649999856948853,0.5992000102996826
YLR051C,YDR288W,0,-4.823838,0.11319917440414429,0.7649999856948853,0.5993000268936157
YDR409W,YML078W,0,-4.8239083,0.1131824254989624,0.7649999856948853,0.599399983882904
YGL119W,YJL154C,0,-4.8241267,0.11316568404436111,0.7649999856948853,0.5995000004768372
YJR088C,YCR107W,0,-4.8241615,0.11314894258975983,0.7649999856948853,0.5996000170707703
YER044C,YNL036W,0,-4.8241625,0.11313220858573914,0.7649999856948853,0.5996999740600586
YGL023C,YMR100W,0,-4.8241963,0.11311548203229904,0.7649999856948853,0.5997999906539917
YHR210C,YBR135W,0,-4.824416,0.11309875547885895,0.7649999856948853,0.5999000072479248
YLR064W,YDL130W-A,0,-4.824501,0.11308203637599945,0.7649999856948853,0.6000000238418579
YGR289C,YBR291C,0,-4.824592,0.11306532472372055,0.7649999856948853,0.6000999808311462
YCL026C-A,YDR208W,0,-4.82467,0.11304862052202225,0.7649999856948853,0.6001999974250793
YHL007C,YBL061C,1,-4.8247805,0.11317966878414154,0.765999972820282,0.6001999974250793
YNL124W,YCR102C,0,-4.824799,0.11316294968128204,0.765999972820282,0.6003000140190125
YLR276C,YLR466W,0,-4.824864,0.11314623057842255,0.765999972820282,0.6003999710083008
YBR012W-B,YHR170W,0,-4.82495,0.11312952637672424,0.765999972820282,0.6004999876022339
YDR058C,YDR158W,0,-4.8250737,0.11311281472444534,0.765999972820282,0.600600004196167
YOR369C,YLR237W,0,-4.825165,0.11309611797332764,0.765999972820282,0.6007000207901001
YKL018W,YLR077W,0,-4.825365,0.11307942122220993,0.765999972820282,0.6007999777793884
YNR036C,YPR183W,0,-4.8253675,0.11306273192167282,0.765999972820282,0.6008999943733215
YLL013C,YLR323C,0,-4.825503,0.11304604262113571,0.765999972820282,0.6010000109672546
YOR316C,YOR357C,0,-4.825618,0.1130293607711792,0.765999972820282,0.6011000275611877
YDL235C,YKL088W,1,-4.825655,0.11316022276878357,0.7670000195503235,0.6011000275611877
YHR205W,YDL235C,1,-4.8258376,0.11329104751348495,0.7680000066757202,0.6011000275611877
YMR059W,YBR109C,0,-4.825926,0.11327433586120605,0.7680000066757202,0.6011999845504761
YKL108W,YNR032W,0,-4.8260007,0.11325763165950775,0.7680000066757202,0.6013000011444092
YML075C,YDL223C,0,-4.826531,0.11324093490839005,0.7680000066757202,0.6014000177383423
YGR224W,YAL059W,0,-4.8270173,0.11322423815727234,0.7680000066757202,0.6014999747276306
YNR073C,YJR029W,0,-4.827204,0.11320754885673523,0.7680000066757202,0.6015999913215637
YJL110C,YNL331C,0,-4.82727,0.11319085955619812,0.7680000066757202,0.6017000079154968
YGR277C,YGR186W,0,-4.8274627,0.1131741851568222,0.7680000066757202,0.6018000245094299
YJL174W,YFL008W,0,-4.827522,0.11315750330686569,0.7680000066757202,0.6018999814987183
YFR009W,YJL196C,0,-4.82755,0.11314083635807037,0.7680000066757202,0.6019999980926514
YGL049C,YNL265C,0,-4.827691,0.11312416940927505,0.7680000066757202,0.6021000146865845
YOR290C,YNL233W,0,-4.827894,0.11310750991106033,0.7680000066757202,0.6021999716758728
YER126C,YHL028W,0,-4.8279,0.11309085786342621,0.7680000066757202,0.6022999882698059
YIL010W,YOR086C,0,-4.8279495,0.11307420581579208,0.7680000066757202,0.602400004863739
YDR380W,YGR266W,0,-4.827968,0.11305756121873856,0.7680000066757202,0.6025000214576721
YNL164C,YDR171W,0,-4.828178,0.11304091662168503,0.7680000066757202,0.6025999784469604
YGL175C,YDR367W,0,-4.8282933,0.1130242794752121,0.7680000066757202,0.6026999950408936
YJR129C,YJL168C,0,-4.828387,0.11300764977931976,0.7680000066757202,0.6028000116348267
YLR336C,YLR362W,1,-4.8285933,0.11313814669847488,0.7689999938011169,0.6028000116348267
YNL161W,YNL209W,0,-4.828701,0.11312150955200195,0.7689999938011169,0.6029000282287598
YER183C,YBL051C,0,-4.8291936,0.11310486495494843,0.7689999938011169,0.6029999852180481
YOL006C,YKL220C,0,-4.829301,0.11308823525905609,0.7689999938011169,0.6031000018119812
YMR130W,YOR039W,0,-4.8293295,0.11307160556316376,0.7689999938011169,0.6032000184059143
YDR479C,YKL008C,0,-4.829568,0.11305498331785202,0.7689999938011169,0.6032999753952026
YDL085W,YLR288C,0,-4.8296456,0.11303836852312088,0.7689999938011169,0.6033999919891357
YJR066W,YBR070C,0,-4.829767,0.11302175372838974,0.7689999938011169,0.6035000085830688
YPL242C,YBR086C,1,-4.8298225,0.11315209418535233,0.7699999809265137,0.6035000085830688
YJR145C,YDL093W,0,-4.8298445,0.11313547194004059,0.7699999809265137,0.603600025177002
YDR040C,YKL088W,1,-4.829891,0.1132657527923584,0.7710000276565552,0.603600025177002
YCL019W,YOL126C,0,-4.829971,0.11324911564588547,0.7710000276565552,0.6036999821662903
YBR203W,YDR347W,0,-4.830169,0.11323248594999313,0.7710000276565552,0.6037999987602234
YPL234C,YNL305C,0,-4.8302245,0.1132158562541008,0.7710000276565552,0.6039000153541565
YGR249W,YDR246W,0,-4.8304043,0.11319923400878906,0.7710000276565552,0.6039999723434448
YBR087W,YBR158W,0,-4.8304644,0.11318261921405792,0.7710000276565552,0.6040999889373779
YJL078C,YPL132W,0,-4.8304873,0.11316600441932678,0.7710000276565552,0.604200005531311
YHR020W,YJL190C,0,-4.8306775,0.11314939707517624,0.7710000276565552,0.6043000221252441
YML118W,YDR384C,0,-4.830695,0.11313279718160629,0.7710000276565552,0.6043999791145325
YER027C,YLR393W,0,-4.8309984,0.11311619728803635,0.7710000276565552,0.6044999957084656
YHL018W,YOR332W,0,-4.831144,0.113099604845047,0.7710000276565552,0.6046000123023987
YLR336C,YBL061C,1,-4.831166,0.11322968453168869,0.7720000147819519,0.6046000123023987
YFR005C,YNL248C,0,-4.8311706,0.11321308463811874,0.7720000147819519,0.6047000288963318
YDR191W,YMR305C,0,-4.831431,0.1131964772939682,0.7720000147819519,0.6047999858856201
YOR368W,YCR102C,0,-4.8315163,0.11317988485097885,0.7720000147819519,0.6049000024795532
YOR258W,YOL077C,0,-4.831584,0.1131632924079895,0.7720000147819519,0.6050000190734863
YGR033C,YLR368W,0,-4.8318186,0.11314670741558075,0.7720000147819519,0.6050999760627747
YGL087C,YDR468C,0,-4.8319483,0.1131301298737526,0.7720000147819519,0.6051999926567078
YGR116W,YIR007W,0,-4.8319783,0.11311355233192444,0.7720000147819519,0.6053000092506409
YKL158W,YGR172C,0,-4.8320026,0.11309698224067688,0.7720000147819519,0.605400025844574
YMR283C,YBR239C,0,-4.832026,0.11308041960000992,0.7720000147819519,0.6054999828338623
YER126C,YLR356W,0,-4.8320374,0.11306385695934296,0.7720000147819519,0.6055999994277954
YER177W,YLL009C,0,-4.832218,0.11304730176925659,0.7720000147819519,0.6057000160217285
YDR388W,YBR016W,1,-4.83225,0.11317715793848038,0.7730000019073486,0.6057000160217285
YIR003W,YDR120C,0,-4.8322754,0.11316058784723282,0.7730000019073486,0.6057999730110168
YDR180W,YOR334W,0,-4.832311,0.11314402520656586,0.7730000019073486,0.60589998960495
YOL055C,YJL209W,0,-4.8326416,0.11312747001647949,0.7730000019073486,0.6060000061988831
YDR322C-A,YLR121C,0,-4.8328624,0.11311091482639313,0.7730000019073486,0.6061000227928162
YIR014W,YPL086C,0,-4.8329215,0.11309436708688736,0.7730000019073486,0.6061999797821045
YGR092W,YNL139C,0,-4.8331337,0.11307782679796219,0.7730000019073486,0.6062999963760376
YDL207W,YLR126C,0,-4.833148,0.11306128650903702,0.7730000019073486,0.6064000129699707
YNL310C,YIL156W,0,-4.833266,0.11304474622011185,0.7730000019073486,0.6065000295639038
YOL110W,YGR035C,0,-4.833622,0.11302822083234787,0.7730000019073486,0.6065999865531921
YGL153W,YBR058C-A,0,-4.8340693,0.11301169544458389,0.7730000019073486,0.6067000031471252
YPR073C,YBR139W,0,-4.8344936,0.11299517750740051,0.7730000019073486,0.6068000197410583
YPL063W,YKR061W,0,-4.834551,0.11297865957021713,0.7730000019073486,0.6068999767303467
YKL088W,YOR047C,1,-4.834617,0.11310828477144241,0.7739999890327454,0.6068999767303467
YDL082W,YFR030W,0,-4.834635,0.11309175938367844,0.7739999890327454,0.6069999933242798
YCL030C,YNL245C,0,-4.834714,0.11307523399591446,0.7739999890327454,0.6071000099182129
YBR131W,YPR192W,0,-4.8353367,0.11305872350931168,0.7739999890327454,0.607200026512146
YMR088C,YPL068C,0,-4.835474,0.1130422055721283,0.7739999890327454,0.6072999835014343
YDR221W,YOR017W,0,-4.83561,0.11302570253610611,0.7739999890327454,0.6074000000953674
YJL078C,YAL026C,0,-4.8358645,0.11300919950008392,0.7739999890327454,0.6075000166893005
YGR218W,YHR111W,0,-4.8364406,0.11299270391464233,0.7739999890327454,0.6075999736785889
YGR249W,YIL039W,0,-4.836569,0.11297620832920074,0.7739999890327454,0.607699990272522
YPL152W,YHR114W,1,-4.836887,0.1131056621670723,0.7749999761581421,0.607699990272522
YGL257C,YER072W,0,-4.8369584,0.11308915913105011,0.7749999761581421,0.6078000068664551
YNL068C,YJL170C,0,-4.8369703,0.11307265609502792,0.7749999761581421,0.6079000234603882
YAL068C,YEL077C,0,-4.8370657,0.11305616050958633,0.7749999761581421,0.6079999804496765
YAL043C,YBR302C,0,-4.8372345,0.11303967237472534,0.7749999761581421,0.6080999970436096
YDR018C,YNL186W,0,-4.8374066,0.11302319169044495,0.7749999761581421,0.6082000136375427
YLR201C,YOR066W,0,-4.8374605,0.11300671100616455,0.7749999761581421,0.608299970626831
YOR284W,YOR150W,0,-4.8375487,0.11299023032188416,0.7749999761581421,0.6083999872207642
YHR201C,YKL006C-A,0,-4.837876,0.11297376453876495,0.7749999761581421,0.6085000038146973
YML045W,YCR024C-A,0,-4.8384595,0.11295729130506516,0.7749999761581421,0.6086000204086304
YNL142W,YOL149W,0,-4.8386307,0.11294083297252655,0.7749999761581421,0.6086999773979187
YDR519W,YOR009W,0,-4.838664,0.11292437463998795,0.7749999761581421,0.6087999939918518
YPR018W,YGR116W,0,-4.8387637,0.11290792375802994,0.7749999761581421,0.6089000105857849
YGR092W,YNL087W,0,-4.8393927,0.11289148032665253,0.7749999761581421,0.609000027179718
YNL088W,YPR065W,0,-4.839577,0.11287503689527512,0.7749999761581421,0.6090999841690063
YER068W,YKL034W,0,-4.8396378,0.1128586009144783,0.7749999761581421,0.6092000007629395
YFR037C,YPL178W,0,-4.8402476,0.11284216493368149,0.7749999761581421,0.6093000173568726
YKL014C,YOL052C-A,0,-4.840248,0.11282573640346527,0.7749999761581421,0.6093999743461609
YKR100C,YDL181W,0,-4.8403225,0.11280931532382965,0.7749999761581421,0.609499990940094
YDL080C,YCR028C-A,0,-4.840333,0.11279289424419403,0.7749999761581421,0.6096000075340271
YLR226W,YGL223C,0,-4.8403854,0.11277648061513901,0.7749999761581421,0.6097000241279602
YMR283C,YHR161C,0,-4.8408365,0.11276007443666458,0.7749999761581421,0.6097999811172485
YLR256W,YCR045C,0,-4.840919,0.11274366825819016,0.7749999761581421,0.6098999977111816
YDL067C,YNL090W,0,-4.8411384,0.11272726953029633,0.7749999761581421,0.6100000143051147
YFR037C,YEL048C,0,-4.8411555,0.1127108782529831,0.7749999761581421,0.6100999712944031
YEL020C,YFL008W,0,-4.8413997,0.11269448697566986,0.7749999761581421,0.6101999878883362
YJR152W,YOR088W,0,-4.841722,0.11267810314893723,0.7749999761581421,0.6103000044822693
YKL113C,YJL059W,0,-4.8425417,0.11266172677278519,0.7749999761581421,0.6104000210762024
YKL058W,YBR057C,0,-4.8425417,0.11264535039663315,0.7749999761581421,0.6104999780654907
YJL158C,YLR225C,0,-4.8426023,0.1126289814710617,0.7749999761581421,0.6105999946594238
YJR161C,YPL017C,0,-4.8427334,0.11261261254549026,0.7749999761581421,0.6107000112533569
YBR049C,YPR103W,0,-4.843073,0.11259625107049942,0.7749999761581421,0.61080002784729
YHR210C,YNL186W,0,-4.8431425,0.11257989704608917,0.7749999761581421,0.6108999848365784
YDL243C,YLR002C,0,-4.8432903,0.11256354302167892,0.7749999761581421,0.6110000014305115
YHR114W,YBR014C,1,-4.843604,0.11269241571426392,0.7760000228881836,0.6110000014305115
YLR284C,YDR359C,0,-4.8436337,0.11267605423927307,0.7760000228881836,0.6111000180244446
YBR280C,YFR038W,0,-4.843887,0.11265970021486282,0.7760000228881836,0.6111999750137329
YBR058C,YMR201C,0,-4.843961,0.11264334619045258,0.7760000228881836,0.611299991607666
YJR131W,YKL192C,0,-4.8440766,0.11262699216604233,0.7760000228881836,0.6114000082015991
YNL289W,YLR260W,0,-4.8447256,0.11261065304279327,0.7760000228881836,0.6115000247955322
YOR060C,YJL072C,0,-4.8447614,0.11259431391954422,0.7760000228881836,0.6115999817848206
YJR029W,YOL017W,0,-4.8450036,0.11257797479629517,0.7760000228881836,0.6116999983787537
YPL209C,YJL174W,0,-4.8450513,0.1125616505742073,0.7760000228881836,0.6118000149726868
YMR257C,YPR185W,0,-4.8450747,0.11254532635211945,0.7760000228881836,0.6118999719619751
YPL135W,YJL003W,0,-4.845245,0.11252900213003159,0.7760000228881836,0.6119999885559082
YBR110W,YHR039C-B,0,-4.8453636,0.11251268535852432,0.7760000228881836,0.6121000051498413
YBL004W,YJL174W,0,-4.845441,0.11249637603759766,0.7760000228881836,0.6122000217437744
YGL196W,YPL032C,0,-4.8455114,0.11248006671667099,0.7760000228881836,0.6122999787330627
YBR040W,YCR071C,0,-4.8456497,0.11246376484632492,0.7760000228881836,0.6123999953269958
YOR262W,YGL184C,0,-4.8458743,0.11244747042655945,0.7760000228881836,0.612500011920929
YML121W,YCR027C,0,-4.8458867,0.11243117600679398,0.7760000228881836,0.6126000285148621
YDR265W,YER173W,0,-4.84601,0.1124148890376091,0.7760000228881836,0.6126999855041504
YJR144W,YLR081W,0,-4.846106,0.11239860951900482,0.7760000228881836,0.6128000020980835
YJR139C,YDR252W,0,-4.8462896,0.11238233000040054,0.7760000228881836,0.6129000186920166
YEL020C,YER111C,0,-4.846489,0.11236605793237686,0.7760000228881836,0.6129999756813049
YMR029C,YDL092W,0,-4.8466473,0.11234979331493378,0.7760000228881836,0.613099992275238
YGR090W,YPL154C,0,-4.846649,0.11233352869749069,0.7760000228881836,0.6132000088691711
YPL057C,YDR056C,0,-4.8469176,0.11231726408004761,0.7760000228881836,0.6133000254631042
YDR178W,YMR190C,0,-4.847089,0.11230101436376572,0.7760000228881836,0.6133999824523926
YGL040C,YNL014W,0,-4.847193,0.11228476464748383,0.7760000228881836,0.6134999990463257
YML061C,YOR369C,0,-4.847358,0.11226851493120193,0.7760000228881836,0.6136000156402588
YDR165W,YMR184W,0,-4.8474646,0.11225228011608124,0.7760000228881836,0.6136999726295471
YKL157W,YFR015C,0,-4.8477793,0.11223604530096054,0.7760000228881836,0.6137999892234802
YMR183C,YHR187W,0,-4.847835,0.11221981048583984,0.7760000228881836,0.6139000058174133
YOR188W,YML033W,0,-4.8479633,0.11220358312129974,0.7760000228881836,0.6140000224113464
YDL098C,YBR142W,0,-4.8481936,0.11218736320734024,0.7760000228881836,0.6140999794006348
YOR092W,YDR091C,0,-4.8483195,0.11217115074396133,0.7760000228881836,0.6141999959945679
YGL002W,YOL096C,0,-4.8483515,0.11215493828058243,0.7760000228881836,0.614300012588501
YBL074C,YKL157W,0,-4.848374,0.11213872581720352,0.7760000228881836,0.6144000291824341
YDL064W,YDR078C,0,-4.848735,0.11212252825498581,0.7760000228881836,0.6144999861717224
YPL015C,YGR101W,0,-4.848965,0.1121063306927681,0.7760000228881836,0.6146000027656555
YPL255W,YDR178W,0,-4.8491764,0.11209013313055038,0.7760000228881836,0.6147000193595886
YPL258C,YDR301W,0,-4.849357,0.11207394301891327,0.7760000228881836,0.614799976348877
YNR033W,YGL153W,0,-4.8496356,0.11205776035785675,0.7760000228881836,0.6148999929428101
YNL020C,YCR009C,1,-4.8497505,0.11218596249818802,0.7770000100135803,0.6148999929428101
YBR301W,YKR010C,0,-4.850007,0.1121697723865509,0.7770000100135803,0.6150000095367432
YLR143W,YDR313C,0,-4.8503094,0.11215358227491379,0.7770000100135803,0.6151000261306763
YBR295W,YNL206C,0,-4.8509235,0.11213739216327667,0.7770000100135803,0.6151999831199646
YBL101C,YCR027C,0,-4.851232,0.11212120950222015,0.7770000100135803,0.6152999997138977
YIL053W,YDL235C,1,-4.851369,0.11224931478500366,0.777999997138977,0.6152999997138977
YGR156W,YDR020C,0,-4.8514304,0.11223312467336655,0.777999997138977,0.6154000163078308
YKR053C,YPL101W,0,-4.8517256,0.11221693456172943,0.777999997138977,0.6154999732971191
YDL102W,YAR009C,0,-4.8521137,0.11220075190067291,0.777999997138977,0.6155999898910522
YBL002W,YHR148W,0,-4.8522625,0.1121845692396164,0.777999997138977,0.6157000064849854
YDR134C,YGR178C,0,-4.8522673,0.11216839402914047,0.777999997138977,0.6158000230789185
YML058W,YML085C,0,-4.8523183,0.11215222626924515,0.777999997138977,0.6158999800682068
YOR028C,YLR362W,1,-4.8523364,0.11228019744157791,0.7789999842643738,0.6158999800682068
YBR049C,YPL148C,0,-4.8523545,0.11226401478052139,0.7789999842643738,0.6159999966621399
YCR045C,YPL271W,0,-4.8525457,0.11224783957004547,0.7789999842643738,0.616100013256073
YNL288W,YCR037C,0,-4.8525863,0.11223166435956955,0.7789999842643738,0.6161999702453613
YDL008W,YBL003C,0,-4.852659,0.11221549659967422,0.7789999842643738,0.6162999868392944
YNL199C,YBR084C-A,0,-4.852807,0.1121993362903595,0.7789999842643738,0.6164000034332275
YBR090C-A,YMR153W,0,-4.853013,0.11218318343162537,0.7789999842643738,0.6165000200271606
YNL023C,YAL058W,0,-4.8531084,0.11216702312231064,0.7789999842643738,0.616599977016449
YCR003W,YLR001C,0,-4.8534064,0.1121508777141571,0.7789999842643738,0.6166999936103821
YDR316W,YGR024C,0,-4.8536167,0.11213473230600357,0.7789999842643738,0.6168000102043152
YFR044C,YPL256C,0,-4.853838,0.11211859434843063,0.7789999842643738,0.6169000267982483
YKL176C,YNL047C,0,-4.854145,0.1121024638414383,0.7789999842643738,0.6169999837875366
YMR036C,YJL076W,0,-4.8541923,0.11208633333444595,0.7789999842643738,0.6171000003814697
YDR452W,YJL154C,0,-4.854295,0.11207020282745361,0.7789999842643738,0.6172000169754028
YKR048C,YNL167C,0,-4.854543,0.11205408722162247,0.7789999842643738,0.6172999739646912
YGR192C,YHR062C,0,-4.8545923,0.11203797161579132,0.7789999842643738,0.6173999905586243
YER030W,YLR143W,0,-4.8546114,0.11202185600996017,0.7789999842643738,0.6175000071525574
YER056C,YCR063W,0,-4.8548207,0.11200574785470963,0.7789999842643738,0.6176000237464905
YOL116W,YCR073C,1,-4.8548694,0.11213341355323792,0.7799999713897705,0.6176000237464905
YER007C-A,YGR125W,0,-4.854967,0.11211729049682617,0.7799999713897705,0.6176999807357788
YGR125W,YBR210W,0,-4.8552322,0.11210117489099503,0.7799999713897705,0.6177999973297119
YOL042W,YNR063W,0,-4.855542,0.11208506673574448,0.7799999713897705,0.617900013923645
YCR073C,YBL061C,1,-4.8556776,0.1122126430273056,0.781000018119812,0.617900013923645
YML130C,YBL080C,0,-4.855786,0.11219651997089386,0.781000018119812,0.6179999709129333
YJR135W-A,YJL057C,0,-4.8560843,0.11218040436506271,0.781000018119812,0.6180999875068665
YNL118C,YDL211C,0,-4.8562517,0.11216429620981216,0.781000018119812,0.6182000041007996
YLR248W,YBR086C,1,-4.856617,0.11229178309440613,0.7820000052452087,0.6182000041007996
YHR001W-A,YDR116C,0,-4.856619,0.11227566748857498,0.7820000052452087,0.6183000206947327
YAL007C,YJR153W,0,-4.8567286,0.11225954443216324,0.7820000052452087,0.618399977684021
YDR237W,YKL069W,0,-4.856944,0.11224343627691269,0.7820000052452087,0.6184999942779541
YKL148C,YGR005C,0,-4.8569975,0.11222732812166214,0.7820000052452087,0.6186000108718872
YDR147W,YPR070W,0,-4.857108,0.11221121996641159,0.7820000052452087,0.6187000274658203
YIL053W,YPL239W,1,-4.857171,0.1123385950922966,0.7829999923706055,0.6187000274658203
YHR190W,YNL071W,0,-4.8573017,0.11232247948646545,0.7829999923706055,0.6187999844551086
YOR100C,YFL044C,0,-4.8573146,0.1123063713312149,0.7829999923706055,0.6189000010490417
YKL088W,YIL147C,1,-4.8576355,0.11243367195129395,0.7839999794960022,0.6189000010490417
YGL111W,YGR186W,0,-4.857854,0.1124175488948822,0.7839999794960022,0.6190000176429749
YKL004W,YOL115W,0,-4.85796,0.11240143328905106,0.7839999794960022,0.6190999746322632
YDR168W,YOR028C,1,-4.8582535,0.11252866685390472,0.7850000262260437,0.6190999746322632
YOR057W,YMR233W,0,-4.858321,0.11251254379749298,0.7850000262260437,0.6191999912261963
YOR124C,YKL077W,0,-4.858423,0.11249642074108124,0.7850000262260437,0.6193000078201294
YLR424W,YOL117W,0,-4.8584676,0.1124802976846695,0.7850000262260437,0.6194000244140625
YER122C,YCR034W,0,-4.858928,0.11246418207883835,0.7850000262260437,0.6194999814033508
YJR144W,YER173W,0,-4.858986,0.1124480739235878,0.7850000262260437,0.6195999979972839
YJL109C,YDL025C,0,-4.858993,0.11243196576833725,0.7850000262260437,0.619700014591217
YDR522C,YBR221C,0,-4.859038,0.1124158650636673,0.7850000262260437,0.6197999715805054
YBR241C,YOR182C,0,-4.8594556,0.11239977180957794,0.7850000262260437,0.6198999881744385
YOR284W,YJL123C,0,-4.8594584,0.11238367855548859,0.7850000262260437,0.6200000047683716
YBL006C,YOR192C,0,-4.859515,0.11236759275197983,0.7850000262260437,0.6201000213623047
YER011W,YFR047C,0,-4.859618,0.11235150694847107,0.7850000262260437,0.620199978351593
YAL042W,YIL091C,0,-4.8596697,0.11233542859554291,0.7850000262260437,0.6202999949455261
YLR170C,YAL053W,0,-4.859939,0.11231935769319534,0.7850000262260437,0.6204000115394592
YKR081C,YOL128C,0,-4.860135,0.11230328679084778,0.7850000262260437,0.6205000281333923
YKL158W,YOR179C,0,-4.860215,0.11228722333908081,0.7850000262260437,0.6205999851226807
YPL249C-A,YPL088W,0,-4.8602614,0.11227116733789444,0.7850000262260437,0.6207000017166138
YJR120W,YDR400W,0,-4.8603077,0.11225511133670807,0.7850000262260437,0.6208000183105469
YNL190W,YHL007C,1,-4.860345,0.11238203942775726,0.7860000133514404,0.6208000183105469
YDR524C,YDR289C,0,-4.8603916,0.1123659759759903,0.7860000133514404,0.6208999752998352
YLR307W,YML019W,0,-4.8605123,0.11234991252422333,0.7860000133514404,0.6209999918937683
YLL023C,YNL233W,0,-4.860599,0.11233385652303696,0.7860000133514404,0.6211000084877014
YMR175W,YKL129C,1,-4.860606,0.11246070265769958,0.7870000004768372,0.6211000084877014
YBR030W,YOR231W,0,-4.8606734,0.11244463175535202,0.7870000004768372,0.6212000250816345
YOL154W,YIL043C,0,-4.860817,0.11242856830358505,0.7870000004768372,0.6212999820709229
YOR156C,YKL188C,0,-4.8611364,0.11241251230239868,0.7870000004768372,0.621399998664856
YBL007C,YBR211C,0,-4.861306,0.11239645630121231,0.7870000004768372,0.6215000152587891
YGR104C,YOL128C,0,-4.861539,0.11238040775060654,0.7870000004768372,0.6215999722480774
YAL047C,YOR087W,0,-4.8616257,0.11236436665058136,0.7870000004768372,0.6216999888420105
YIL168W,YKR030W,0,-4.8616953,0.11234832555055618,0.7870000004768372,0.6218000054359436
YOL152W,YNL169C,0,-4.86216,0.112332284450531,0.7870000004768372,0.6219000220298767
YGR122W,YDR141C,0,-4.8622494,0.11231625825166702,0.7870000004768372,0.621999979019165
YNL159C,YDL175C,0,-4.862385,0.11230022460222244,0.7870000004768372,0.6220999956130981
YLR092W,YBR055C,0,-4.8625345,0.11228420585393906,0.7870000004768372,0.6222000122070312
YGL116W,YIL051C,0,-4.8629994,0.11226818710565567,0.7870000004768372,0.6223000288009644
YAL032C,YLL048C,0,-4.863002,0.11225217580795288,0.7870000004768372,0.6223999857902527
YDL130W,YGR274C,0,-4.86306,0.11223616451025009,0.7870000004768372,0.6225000023841858
YPL281C,YMR274C,0,-4.8630953,0.1122201606631279,0.7870000004768372,0.6226000189781189
YLL054C,YPL128C,0,-4.863286,0.1122041642665863,0.7870000004768372,0.6226999759674072
YFR042W,YDR121W,0,-4.863306,0.11218816787004471,0.7870000004768372,0.6227999925613403
YMR309C,YDL184C,0,-4.863715,0.11217217892408371,0.7870000004768372,0.6229000091552734
YPL176C,YNL151C,0,-4.863798,0.11215618997812271,0.7870000004768372,0.6230000257492065
YOR369C,YER174C,0,-4.86452,0.11214020848274231,0.7870000004768372,0.6230999827384949
YKL158W,YKL218C,0,-4.864551,0.1121242344379425,0.7870000004768372,0.623199999332428
YDR001C,YMR293C,0,-4.8645883,0.1121082603931427,0.7870000004768372,0.6233000159263611
YDL156W,YKR096W,0,-4.8648596,0.11209229379892349,0.7870000004768372,0.6233999729156494
YFR014C,YIL093C,0,-4.8648953,0.11207633465528488,0.7870000004768372,0.6234999895095825
YOR391C,YNR071C,0,-4.864978,0.11206037551164627,0.7870000004768372,0.6236000061035156
YLR010C,YLR432W,0,-4.8651667,0.11204441636800766,0.7870000004768372,0.6237000226974487
YDR163W,YML133C,0,-4.865285,0.11202847212553024,0.7870000004768372,0.6237999796867371
YKR072C,YOR047C,1,-4.865385,0.11215485632419586,0.7879999876022339,0.6237999796867371
YDR338C,YIL009C-A,0,-4.865467,0.11213888972997665,0.7879999876022339,0.6238999962806702
YPL017C,YKL096W,0,-4.865516,0.11212293803691864,0.7879999876022339,0.6240000128746033
YGR055W,YDR186C,0,-4.8655787,0.11210698634386063,0.7879999876022339,0.6241000294685364
YLR323C,YPR108W,0,-4.8658423,0.11209104210138321,0.7879999876022339,0.6241999864578247
YLR121C,YBR023C,0,-4.8660297,0.11207509785890579,0.7879999876022339,0.6243000030517578
YIL037C,YJR158W,0,-4.866135,0.11205916106700897,0.7879999876022339,0.6244000196456909
YDR153C,YDL002C,0,-4.8662014,0.11204322427511215,0.7879999876022339,0.6244999766349792
YCR033W,YML118W,0,-4.866721,0.11202729493379593,0.7879999876022339,0.6245999932289124
YOL123W,YLR052W,0,-4.8667994,0.1120113730430603,0.7879999876022339,0.6247000098228455
YGL107C,YGR009C,0,-4.8670063,0.11199545115232468,0.7879999876022339,0.6248000264167786
YDR020C,YMR156C,0,-4.8672123,0.11197953671216965,0.7879999876022339,0.6248999834060669
YFR006W,YMR133W,0,-4.867297,0.11196362972259521,0.7879999876022339,0.625
YGR202C,YOL148C,0,-4.8679113,0.11194772273302078,0.7879999876022339,0.6251000165939331
YKL141W,YBL030C,0,-4.867948,0.11193181574344635,0.7879999876022339,0.6251999735832214
YML081C-A,YDL103C,0,-4.86814,0.11191592365503311,0.7879999876022339,0.6252999901771545
YPL170W,YGL224C,0,-4.8681707,0.11190003156661987,0.7879999876022339,0.6254000067710876
YNL068C,YIR026C,0,-4.868392,0.11188413947820663,0.7879999876022339,0.6255000233650208
YGR125W,YOL139C,0,-4.8685656,0.11186825484037399,0.7879999876022339,0.6255999803543091
YCR067C,YER177W,0,-4.868605,0.11185237765312195,0.7879999876022339,0.6256999969482422
YHR021C,YOR260W,0,-4.8686566,0.1118365004658699,0.7879999876022339,0.6258000135421753
YPR005C,YPL242C,1,-4.8689995,0.11196253448724747,0.7889999747276306,0.6258000135421753
YPR008W,YML047C,0,-4.869289,0.11194664984941483,0.7889999747276306,0.6258999705314636
YHR205W,YER118C,1,-4.869431,0.11207263171672821,0.7900000214576721,0.6258999705314636
YOR288C,YGL229C,0,-4.869666,0.11205673962831497,0.7900000214576721,0.6259999871253967
YDL144C,YML096W,0,-4.8698683,0.11204084753990173,0.7900000214576721,0.6261000037193298
YDR270W,YER021W,0,-4.8704395,0.1120249554514885,0.7900000214576721,0.6262000203132629
YAR008W,YAR066W,0,-4.870517,0.11200907081365585,0.7900000214576721,0.6262999773025513
YHR215W,YGR283C,0,-4.8705554,0.11199319362640381,0.7900000214576721,0.6263999938964844
YCR066W,YOR252W,0,-4.871374,0.11197732388973236,0.7900000214576721,0.6265000104904175
YPL206C,YIR009W,0,-4.8714323,0.11196145415306091,0.7900000214576721,0.6266000270843506
YCR020W-B,YDR379W,0,-4.871444,0.11194558441638947,0.7900000214576721,0.6266999840736389
YDR168W,YBR086C,1,-4.87147,0.11207140982151031,0.7910000085830688,0.6266999840736389
YDR027C,YAL041W,0,-4.8716183,0.11205553263425827,0.7910000085830688,0.626800000667572
YLL066C,YPL249C,0,-4.871648,0.11203966289758682,0.7910000085830688,0.6269000172615051
YPL265W,YBR152W,0,-4.8720465,0.11202379316091537,0.7910000085830688,0.6269999742507935
YBR028C,YGL195W,0,-4.8721094,0.11200793087482452,0.7910000085830688,0.6270999908447266
YBR040W,YBR218C,0,-4.87213,0.11199206858873367,0.7910000085830688,0.6272000074386597
YGL006W,YNL326C,0,-4.8725557,0.11197621375322342,0.7910000085830688,0.6273000240325928
YHR206W,YHL007C,1,-4.872574,0.11210191249847412,0.7919999957084656,0.6273000240325928
YHR205W,YLR362W,1,-4.872678,0.11222756654024124,0.7929999828338623,0.6273000240325928
YOL088C,YEL055C,0,-4.8727694,0.1122116893529892,0.7929999828338623,0.6273999810218811
YCL067C,YML018C,0,-4.8729577,0.11219581216573715,0.7929999828338623,0.6274999976158142
YBR298C,YCL066W,0,-4.873201,0.1121799424290657,0.7929999828338623,0.6276000142097473
YHR171W,YNL218W,0,-4.873553,0.11216407269239426,0.7929999828338623,0.6276999711990356
YMR058W,YMR161W,0,-4.873614,0.1121482104063034,0.7929999828338623,0.6277999877929688
YKR048C,YIL131C,0,-4.873656,0.11213235557079315,0.7929999828338623,0.6279000043869019
YMR177W,YAR003W,0,-4.873756,0.1121165007352829,0.7929999828338623,0.628000020980835
YJR139C,YLL032C,0,-4.8742647,0.11210065335035324,0.7929999828338623,0.6280999779701233
YLR117C,YPR021C,0,-4.874446,0.11208480596542358,0.7929999828338623,0.6281999945640564
YKL016C,YKR083C,0,-4.874735,0.11206896603107452,0.7929999828338623,0.6283000111579895
YDL085W,YER139C,0,-4.875175,0.11205313354730606,0.7929999828338623,0.6284000277519226
YPR055W,YFL053W,0,-4.8755064,0.1120373010635376,0.7929999828338623,0.6284999847412109
YHL032C,YDR191W,0,-4.8757997,0.11202146857976913,0.7929999828338623,0.628600001335144
YJL184W,YBR016W,1,-4.8762393,0.11214689165353775,0.7940000295639038,0.628600001335144
YMR037C,YDR420W,1,-4.876279,0.11227227747440338,0.7950000166893005,0.628600001335144
YPL230W,YBR016W,1,-4.876419,0.11239762604236603,0.7960000038146973,0.628600001335144
YLR190W,YDL143W,0,-4.876725,0.11238175630569458,0.7960000038146973,0.6287000179290771
YPL189W,YNL164C,0,-4.876883,0.11236589401960373,0.7960000038146973,0.6287999749183655
YGL139W,YNL077W,0,-4.8769927,0.11235003173351288,0.7960000038146973,0.6288999915122986
YDR479C,YDR456W,0,-4.8771267,0.11233417689800262,0.7960000038146973,0.6290000081062317
YNL299W,YJR017C,0,-4.877342,0.11231832951307297,0.7960000038146973,0.6291000247001648
YMR016C,YNL161W,0,-4.8774614,0.11230248212814331,0.7960000038146973,0.6291999816894531
YPL130W,YLR214W,0,-4.877652,0.11228664219379425,0.7960000038146973,0.6292999982833862
YNL056W,YCL050C,0,-4.877765,0.11227080225944519,0.7960000038146973,0.6294000148773193
YBL037W,YNL199C,0,-4.8777704,0.11225496977567673,0.7960000038146973,0.6294999718666077
YKR081C,YER149C,0,-4.878027,0.11223914474248886,0.7960000038146973,0.6295999884605408
YML064C,YMR197C,0,-4.8781257,0.112223319709301,0.7960000038146973,0.6297000050544739
YEL003W,YML045W,0,-4.87813,0.11220750212669373,0.7960000038146973,0.629800021648407
YPL242C,YMR109W,1,-4.879083,0.11233262717723846,0.796999990940094,0.629800021648407
YAL056W,YFR025C,0,-4.8792257,0.11231679469347,0.796999990940094,0.6298999786376953
YDR051C,YPL234C,0,-4.879238,0.11230096966028214,0.796999990940094,0.6299999952316284
YCL075W,YNL145W,0,-4.879365,0.11228515207767487,0.796999990940094,0.6301000118255615
YPL283C,YDR358W,0,-4.879535,0.1122693344950676,0.796999990940094,0.6302000284194946
YFR044C,YER068W,0,-4.8795767,0.11225352436304092,0.796999990940094,0.630299985408783
YOR059C,YPL254W,0,-4.879577,0.11223771423101425,0.796999990940094,0.6304000020027161
YLR006C,YCR009C,1,-4.8803606,0.11236271262168884,0.7979999780654907,0.6304000020027161
YMR293C,YDR438W,0,-4.8809233,0.11234689503908157,0.7979999780654907,0.6305000185966492
YJR045C,YHR214W,0,-4.8813295,0.1123310774564743,0.7979999780654907,0.6305999755859375
YPL162C,YFR053C,0,-4.8814206,0.11231526732444763,0.7979999780654907,0.6306999921798706
YML016C,YIL068C,0,-4.8817267,0.11229946464300156,0.7979999780654907,0.6308000087738037
YLR409C,YDR028C,0,-4.8817306,0.11228366196155548,0.7979999780654907,0.6309000253677368
YNL029C,YDR341C,0,-4.881736,0.11226786673069,0.7979999780654907,0.6309999823570251
YBR102C,YER060W,0,-4.8817706,0.11225207149982452,0.7979999780654907,0.6310999989509583
YOR266W,YMR216C,0,-4.881839,0.11223628371953964,0.7979999780654907,0.6312000155448914
YDR160W,YHR111W,0,-4.8818502,0.11222050338983536,0.7979999780654907,0.6312999725341797
YNL183C,YDR236C,0,-4.881901,0.11220472306013107,0.7979999780654907,0.6313999891281128
YJL184W,YCR073C,1,-4.8822927,0.11232953518629074,0.7990000247955322,0.6313999891281128
YIL056W,YGL079W,0,-4.8824143,0.11231374740600586,0.7990000247955322,0.6315000057220459
YJR139C,YDR315C,0,-4.882478,0.11229795962572098,0.7990000247955322,0.631600022315979
YFL025C,YJR129C,0,-4.8824997,0.1122821792960167,0.7990000247955322,0.6316999793052673
YBL016W,YHR197W,0,-4.882704,0.112266406416893,0.7990000247955322,0.6317999958992004
YJL133W,YHR193C,0,-4.8827763,0.11225063353776932,0.7990000247955322,0.6319000124931335
YIL053W,YHR205W,1,-4.882836,0.11237533390522003,0.800000011920929,0.6319000124931335
YIL126W,YHR138C,0,-4.8829064,0.11235955357551575,0.800000011920929,0.6320000290870667
YNL142W,YHR110W,0,-4.8831806,0.11234377324581146,0.800000011920929,0.632099986076355
YOL002C,YDR052C,0,-4.8832417,0.11232800036668777,0.800000011920929,0.6322000026702881
YIL096C,YBR176W,0,-4.8834863,0.11231222748756409,0.800000011920929,0.6323000192642212
YDL143W,YOL078W,0,-4.8837533,0.112296462059021,0.800000011920929,0.6323999762535095
YDL156W,YER109C,0,-4.8838434,0.1122807040810585,0.800000011920929,0.6324999928474426
YPL152W,YBR014C,1,-4.8838887,0.11240527778863907,0.8009999990463257,0.6324999928474426
YER120W,YLR098C,0,-4.884132,0.11238950490951538,0.8009999990463257,0.6326000094413757
YPL212C,YPL269W,0,-4.8841996,0.11237373948097229,0.8009999990463257,0.6327000260353088
YOR151C,YIL004C,0,-4.884338,0.1123579740524292,0.8009999990463257,0.6327999830245972
YLR188W,YOL146W,0,-4.8843484,0.1123422160744667,0.8009999990463257,0.6328999996185303
YER141W,YMR086W,0,-4.884393,0.11232646554708481,0.8009999990463257,0.6330000162124634
YOR118W,YNL076W,0,-4.884429,0.11231071501970291,0.8009999990463257,0.6330999732017517
YLR419W,YFR041C,0,-4.884451,0.11229496449232101,0.8009999990463257,0.6331999897956848
YNL069C,YPR183W,0,-4.884585,0.11227922886610031,0.8009999990463257,0.6333000063896179
YNL301C,YBR248C,0,-4.885101,0.11226349323987961,0.8009999990463257,0.633400022983551
YBL036C,YIL123W,0,-4.885174,0.1122477576136589,0.8009999990463257,0.6334999799728394
YNL054W,YJL010C,0,-4.8854437,0.1122320294380188,0.8009999990463257,0.6335999965667725
YDR483W,YJR108W,0,-4.885714,0.11221630871295929,0.8009999990463257,0.6337000131607056
YML015C,YDR301W,0,-4.886179,0.11220058798789978,0.8009999990463257,0.6338000297546387
YMR130W,YPL175W,0,-4.8862114,0.11218487471342087,0.8009999990463257,0.633899986743927
YLR066W,YML041C,0,-4.8863096,0.11216916143894196,0.8009999990463257,0.6340000033378601
YEL060C,YHL038C,0,-4.8863606,0.11215345561504364,0.8009999990463257,0.6341000199317932
YMR262W,YKL042W,0,-4.886429,0.11213775724172592,0.8009999990463257,0.6341999769210815
YDR375C,YNL014W,0,-4.886434,0.1121220588684082,0.8009999990463257,0.6342999935150146
YDL080C,YIL036W,0,-4.886455,0.11210636794567108,0.8009999990463257,0.6344000101089478
YDR142C,YDR540C,0,-4.8868546,0.11209067702293396,0.8009999990463257,0.6345000267028809
YDR421W,YML012W,0,-4.8870325,0.11207499355077744,0.8009999990463257,0.6345999836921692
YKL087C,YLR099C,0,-4.8871803,0.11205931752920151,0.8009999990463257,0.6347000002861023
YKL139W,YGR162W,0,-4.887294,0.11204364150762558,0.8009999990463257,0.6348000168800354
YOR048C,YNR071C,0,-4.887376,0.11202797293663025,0.8009999990463257,0.6348999738693237
YLR022C,YJL056C,0,-4.8874984,0.11201230436563492,0.8009999990463257,0.6349999904632568
YDR110W,YJR125C,0,-4.888337,0.11199664324522018,0.8009999990463257,0.6351000070571899
YBL031W,YDR257C,0,-4.888522,0.11198098957538605,0.8009999990463257,0.635200023651123
YML066C,YER159C,0,-4.888565,0.11196533590555191,0.8009999990463257,0.6352999806404114
YML098W,YOR315W,0,-4.888947,0.11194968223571777,0.8009999990463257,0.6353999972343445
YDL123W,YMR068W,0,-4.8889847,0.11193404346704483,0.8009999990463257,0.6355000138282776
YNR030W,YDR482C,0,-4.889067,0.11191840469837189,0.8009999990463257,0.6355999708175659
YKR014C,YHR035W,0,-4.8891535,0.11190276592969894,0.8009999990463257,0.635699987411499
YPL019C,YOR109W,0,-4.8891997,0.1118871346116066,0.8009999990463257,0.6358000040054321
YOR295W,YNL051W,0,-4.8892,0.11187151074409485,0.8009999990463257,0.6359000205993652
YGR223C,YCR047C,0,-4.8895187,0.1118558868765831,0.8009999990463257,0.6359999775886536
YDL193W,YIR008C,0,-4.8895617,0.11184027045965195,0.8009999990463257,0.6360999941825867
YPL204W,YIR033W,0,-4.8896627,0.1118246540427208,0.8009999990463257,0.6362000107765198
YKR058W,YPL227C,0,-4.8896847,0.11180904507637024,0.8009999990463257,0.6363000273704529
YDL087C,YGR124W,0,-4.8897853,0.11179344356060028,0.8009999990463257,0.6363999843597412
YDR242W,YCR034W,0,-4.8901434,0.11177784204483032,0.8009999990463257,0.6365000009536743
YNL091W,YIL147C,1,-4.8905077,0.11190177500247955,0.8019999861717224,0.6365000009536743
YER026C,YLR039C,0,-4.890555,0.1118861585855484,0.8019999861717224,0.6366000175476074
YNL316C,YLR312C-B,0,-4.890663,0.11187055706977844,0.8019999861717224,0.6366999745368958
YIL147C,YLR362W,1,-4.890832,0.1119944229722023,0.8029999732971191,0.6366999745368958
YLR109W,YDR134C,0,-4.8908744,0.11197880655527115,0.8029999732971191,0.6367999911308289
YIL113W,YMR233W,0,-4.89103,0.11196319013834,0.8029999732971191,0.636900007724762
YNL291C,YPR096C,0,-4.891033,0.11194758117198944,0.8029999732971191,0.6370000243186951
YDL065C,YOR032C,0,-4.891449,0.11193197965621948,0.8029999732971191,0.6370999813079834
YOL138C,YDR235W,0,-4.891502,0.11191637814044952,0.8029999732971191,0.6371999979019165
YHL007C,YKL129C,1,-4.891551,0.11204013228416443,0.8040000200271606,0.6371999979019165
YCR106W,YMR285C,0,-4.891622,0.11202452331781387,0.8040000200271606,0.6373000144958496
YBL082C,YNL106C,0,-4.8917546,0.11200891435146332,0.8040000200271606,0.6373999714851379
YOL133W,YJL111W,0,-4.891811,0.11199331283569336,0.8040000200271606,0.637499988079071
YLR083C,YOR262W,0,-4.8918304,0.111977718770504,0.8040000200271606,0.6376000046730042
YBL074C,YDL095W,0,-4.8920436,0.11196212470531464,0.8040000200271606,0.6377000212669373
YJR120W,YGR080W,0,-4.892061,0.11194653064012527,0.8040000200271606,0.6377999782562256
YNL257C,YKR025W,0,-4.892244,0.1119309514760971,0.8040000200271606,0.6378999948501587
YOR149C,YJR068W,0,-4.892343,0.11191536486148834,0.8040000200271606,0.6380000114440918
YIR031C,YAL001C,0,-4.8923607,0.11189979314804077,0.8040000200271606,0.6381000280380249
YIL147C,YML131W,1,-4.892485,0.11202337592840195,0.8050000071525574,0.6381000280380249
YPL057C,YLR081W,0,-4.892745,0.11200778931379318,0.8050000071525574,0.6381999850273132
YDR387C,YPL128C,0,-4.892748,0.11199221014976501,0.8050000071525574,0.6383000016212463
YER016W,YGR054W,0,-4.8929305,0.11197663098573685,0.8050000071525574,0.6384000182151794
YBL037W,YIR035C,0,-4.8930836,0.11196105927228928,0.8050000071525574,0.6384999752044678
YNL325C,YGR209C,0,-4.8931494,0.1119454875588417,0.8050000071525574,0.6385999917984009
YOR017W,YLR060W,0,-4.8932843,0.11192992329597473,0.8050000071525574,0.638700008392334
YGR277C,YEL021W,0,-4.8937798,0.11191435903310776,0.8050000071525574,0.6388000249862671
YMR234W,YGL234W,0,-4.893793,0.11189880222082138,0.8050000071525574,0.6388999819755554
YIL168W,YJL048C,0,-4.893861,0.1118832528591156,0.8050000071525574,0.6389999985694885
YBL066C,YDR435C,0,-4.89412,0.11186770349740982,0.8050000071525574,0.6391000151634216
YOL060C,YOR096W,0,-4.8941746,0.11185216158628464,0.8050000071525574,0.63919997215271
YBL005W-A,YGR277C,0,-4.8942533,0.11183661967515945,0.8050000071525574,0.6392999887466431
YJR043C,YGL115W,0,-4.8946753,0.11182108521461487,0.8050000071525574,0.6394000053405762
YLR167W,YDR101C,0,-4.89522,0.11180555820465088,0.8050000071525574,0.6395000219345093
YBL056W,YBR286W,0,-4.8952913,0.11179003119468689,0.8050000071525574,0.6395999789237976
YGR047C,YIL075C,0,-4.89533,0.1117745041847229,0.8050000071525574,0.6396999955177307
YGL073W,YPL091W,0,-4.895389,0.1117589920759201,0.8050000071525574,0.6398000121116638
YPL152W,YMR092C,1,-4.895463,0.111882284283638,0.8059999942779541,0.6398000121116638
YBL023C,YJR029W,0,-4.8955965,0.11186675727367401,0.8059999942779541,0.6399000287055969
YHR204W,YNR071C,0,-4.896297,0.11185123771429062,0.8059999942779541,0.6399999856948853
YPL058C,YOR224C,0,-4.89655,0.11183571815490723,0.8059999942779541,0.6401000022888184
YPL105C,YCL044C,0,-4.896735,0.11182019859552383,0.8059999942779541,0.6402000188827515
YJR067C,YOL065C,0,-4.896989,0.11180468648672104,0.8059999942779541,0.6402999758720398
YDL154W,YOR125C,0,-4.897212,0.11178918182849884,0.8059999942779541,0.6403999924659729
YPL068C,YLR466W,0,-4.897479,0.11177367717027664,0.8059999942779541,0.640500009059906
YGL249W,YIL023C,0,-4.8976107,0.11175817996263504,0.8059999942779541,0.6406000256538391
YLR059C,YLL018C-A,0,-4.8980427,0.11174269020557404,0.8059999942779541,0.6406999826431274
YIL158W,YJR050W,0,-4.898155,0.11172720044851303,0.8059999942779541,0.6407999992370605
YCL047C,YJR153W,0,-4.8981733,0.11171171069145203,0.8059999942779541,0.6409000158309937
YDL235C,YBL061C,1,-4.898198,0.1118348091840744,0.8069999814033508,0.6409000158309937
YKL014C,YHR003C,0,-4.8982296,0.1118193119764328,0.8069999814033508,0.640999972820282
YIL172C,YJR015W,0,-4.8982716,0.1118038222193718,0.8069999814033508,0.6410999894142151
YDR129C,YLR248W,1,-4.89834,0.1119268611073494,0.8080000281333923,0.6410999894142151
YJL167W,YDR115W,0,-4.898362,0.1119113564491272,0.8080000281333923,0.6412000060081482
YML001W,YCL038C,0,-4.8983803,0.1118958592414856,0.8080000281333923,0.6413000226020813
YPL060W,YOL041C,0,-4.8986216,0.111880362033844,0.8080000281333923,0.6413999795913696
YDR356W,YJR049C,0,-4.8988733,0.11186487972736359,0.8080000281333923,0.6414999961853027
YPL270W,YDR393W,0,-4.8991117,0.11184938997030258,0.8080000281333923,0.6416000127792358
YER019W,YDL235C,1,-4.8992505,0.11197231709957123,0.8090000152587891,0.6416000127792358
YMR264W,YGR158C,0,-4.89931,0.11195681989192963,0.8090000152587891,0.641700029373169
YGL171W,YDR308C,0,-4.8995,0.11194133013486862,0.8090000152587891,0.6417999863624573
YPR005C,YLR336C,1,-4.899793,0.11206419765949249,0.8100000023841858,0.6417999863624573
YIL127C,YLR431C,0,-4.8999515,0.1120486930012703,0.8100000023841858,0.6419000029563904
YLL038C,YDL003W,0,-4.900134,0.11203319579362869,0.8100000023841858,0.6420000195503235
YIR004W,YHR076W,0,-4.9002104,0.11201769858598709,0.8100000023841858,0.6420999765396118
YHL013C,YJL048C,0,-4.9003887,0.11200220882892609,0.8100000023841858,0.6421999931335449
YIL010W,YJR049C,0,-4.9004602,0.11198672652244568,0.8100000023841858,0.642300009727478
YKL143W,YCR073C,1,-4.900519,0.1121094822883606,0.8109999895095825,0.642300009727478
YBL013W,YIL015W,0,-4.90077,0.112093985080719,0.8109999895095825,0.6424000263214111
YPL103C,YMR052W,0,-4.900808,0.11207849532365799,0.8109999895095825,0.6424999833106995
YDL235C,YGR014W,1,-4.9009123,0.11220119148492813,0.8119999766349792,0.6424999833106995
YLR014C,YDR477W,0,-4.9010134,0.11218568682670593,0.8119999766349792,0.6425999999046326
YNL097C,YML076C,0,-4.9011145,0.11217018961906433,0.8119999766349792,0.6427000164985657
YPL164C,YIL105C,0,-4.9012623,0.11215469241142273,0.8119999766349792,0.642799973487854
YLR181C,YJL129C,0,-4.9013133,0.11213921010494232,0.8119999766349792,0.6428999900817871
YBR267W,YDL139C,0,-4.9014015,0.11212372034788132,0.8119999766349792,0.6430000066757202
YDR346C,YOR002W,0,-4.901505,0.1121082454919815,0.8119999766349792,0.6431000232696533
YJR094W-A,YJL203W,0,-4.9016957,0.1120927631855011,0.8119999766349792,0.6431999802589417
YOR069W,YMR307W,0,-4.9018517,0.11207729578018188,0.8119999766349792,0.6432999968528748
YOL051W,YPL006W,0,-4.9018574,0.11206182837486267,0.8119999766349792,0.6434000134468079
YKL005C,YLL067C,0,-4.901864,0.11204636096954346,0.8119999766349792,0.6434999704360962
YOL130W,YBL103C,0,-4.9019575,0.11203090846538544,0.8119999766349792,0.6435999870300293
YOL157C,YAL059W,0,-4.9020395,0.11201544851064682,0.8119999766349792,0.6437000036239624
YCR067C,YDL002C,0,-4.9020476,0.1120000034570694,0.8119999766349792,0.6438000202178955
YMR133W,YGL009C,0,-4.9020653,0.11198455095291138,0.8119999766349792,0.6438999772071838
YMR118C,YEL004W,0,-4.902158,0.11196911334991455,0.8119999766349792,0.6439999938011169
YLR194C,YOR116C,0,-4.902501,0.11195367574691772,0.8119999766349792,0.64410001039505
YNL137C,YLR376C,0,-4.902502,0.1119382381439209,0.8119999766349792,0.6442000269889832
YLR201C,YGR157W,0,-4.902505,0.11192281544208527,0.8119999766349792,0.6442999839782715
YMR223W,YGR024C,0,-4.902547,0.11190738528966904,0.8119999766349792,0.6444000005722046
YDR129C,YOR120W,1,-4.903145,0.11202976107597351,0.8130000233650208,0.6444000005722046
YFL035C-B,YGR152C,0,-4.9031916,0.11201433092355728,0.8130000233650208,0.6445000171661377
YBL051C,YEL016C,0,-4.903258,0.11199890077114105,0.8130000233650208,0.644599974155426
YCR020W-B,YMR052W,0,-4.9034104,0.11198347061872482,0.8130000233650208,0.6446999907493591
YDR312W,YPL275W,0,-4.903482,0.11196804791688919,0.8130000233650208,0.6448000073432922
YBR162C,YBL103C,0,-4.9036818,0.11195263266563416,0.8130000233650208,0.6449000239372253
YLR315W,YCL027C-A,0,-4.9040136,0.11193721741437912,0.8130000233650208,0.6449999809265137
YHL050C,YDL220C,0,-4.9040947,0.11192180961370468,0.8130000233650208,0.6450999975204468
YNL101W,YIL049W,0,-4.9041185,0.11190640181303024,0.8130000233650208,0.6452000141143799
YDL235C,YKL129C,1,-4.90435,0.11202862858772278,0.8140000104904175,0.6452000141143799
YIL167W,YBR234C,0,-4.9046345,0.11201321333646774,0.8140000104904175,0.6452999711036682
YMR305C,YIL171W,0,-4.904729,0.11199779808521271,0.8140000104904175,0.6453999876976013
YHR154W,YCL040W,0,-4.9047475,0.11198239028453827,0.8140000104904175,0.6455000042915344
YPR188C,YGR035C,0,-4.9049377,0.11196698993444443,0.8140000104904175,0.6456000208854675
YDL191W,YOL092W,0,-4.9049664,0.11195158958435059,0.8140000104904175,0.6456999778747559
YMR292W,YCR089W,0,-4.905134,0.11193619668483734,0.8140000104904175,0.645799994468689
YPR183W,YJR113C,0,-4.9052725,0.1119208037853241,0.8140000104904175,0.6459000110626221
YPR020W,YJR010C-A,0,-4.905713,0.11190541833639145,0.8140000104904175,0.6460000276565552
YDR032C,YLR433C,0,-4.905884,0.1118900328874588,0.8140000104904175,0.6460999846458435
YPR029C,YLR364W,0,-4.906223,0.11187465488910675,0.8140000104904175,0.6462000012397766
YAL025C,YGR035C,0,-4.906375,0.1118592843413353,0.8140000104904175,0.6463000178337097
YMR037C,YHL007C,1,-4.9064207,0.11198130995035172,0.8149999976158142,0.6463000178337097
YOR242C,YFL037W,0,-4.9067574,0.11196593195199966,0.8149999976158142,0.646399974822998
YBL090W,YDR171W,0,-4.9069524,0.11195054650306702,0.8149999976158142,0.6464999914169312
YKL039W,YLR306W,0,-4.9069557,0.11193517595529556,0.8149999976158142,0.6466000080108643
YPL145C,YLR431C,0,-4.9070945,0.11191980540752411,0.8149999976158142,0.6467000246047974
YDR406W,YHL028W,0,-4.9071684,0.11190443485975266,0.8149999976158142,0.6467999815940857
YHR136C,YLL053C,0,-4.90718,0.1118890717625618,0.8149999976158142,0.6468999981880188
YDR105C,YHR039C,0,-4.907221,0.11187371611595154,0.8149999976158142,0.6470000147819519
YGR280C,YNR063W,0,-4.907279,0.11185836046934128,0.8149999976158142,0.6470999717712402
YJR045C,YML078W,0,-4.9073067,0.11184300482273102,0.8149999976158142,0.6471999883651733
YLR274W,YOL120C,0,-4.9073706,0.11182766407728195,0.8149999976158142,0.6473000049591064
YHR033W,YOR113W,0,-4.9073796,0.11181232333183289,0.8149999976158142,0.6474000215530396
YCL075W,YGR240C,0,-4.9075403,0.11179698258638382,0.8149999976158142,0.6474999785423279
YOL020W,YOR330C,0,-4.9076295,0.11178164929151535,0.8149999976158142,0.647599995136261
YLR313C,YOL157C,0,-4.9076376,0.11176631599664688,0.8149999976158142,0.6477000117301941
YLR419W,YHL008C,0,-4.9076414,0.1117509976029396,0.8149999976158142,0.6478000283241272
YFL047W,YAL012W,0,-4.9077215,0.11173567175865173,0.8149999976158142,0.6478999853134155
YLR352W,YCL048W,0,-4.9077573,0.11172035336494446,0.8149999976158142,0.6480000019073486
YOR049C,YDR326C,0,-4.907826,0.11170504242181778,0.8149999976158142,0.6481000185012817
YDL101C,YDL209C,0,-4.9078436,0.1116897389292717,0.8149999976158142,0.6481999754905701
YNL055C,YIL037C,0,-4.9078517,0.11167442798614502,0.8149999976158142,0.6482999920845032
YGR098C,YOR086C,0,-4.9080753,0.11165913194417953,0.8149999976158142,0.6484000086784363
YJL160C,YNL113W,0,-4.908779,0.11164383590221405,0.8149999976158142,0.6485000252723694
YKL179C,YPL091W,0,-4.9087796,0.11162854731082916,0.8149999976158142,0.6485999822616577
YIL115C,YOR247W,0,-4.909029,0.11161325871944427,0.8149999976158142,0.6486999988555908
YKL092C,YLR371W,0,-4.9093437,0.11159797012805939,0.8149999976158142,0.6488000154495239
YMR002W,YFR046C,0,-4.9095564,0.1115826964378357,0.8149999976158142,0.6488999724388123
YDR188W,YLL005C,0,-4.909688,0.111567422747612,0.8149999976158142,0.6489999890327454
YLR298C,YHR165C,0,-4.9104443,0.1115521490573883,0.8149999976158142,0.6491000056266785
YKR042W,YLR226W,0,-4.910495,0.11153688281774521,0.8149999976158142,0.6492000222206116
YJL216C,YMR060C,0,-4.910671,0.11152161657810211,0.8149999976158142,0.6492999792098999
YGR283C,YDR436W,0,-4.9107523,0.11150636523962021,0.8149999976158142,0.649399995803833
YGR195W,YML046W,0,-4.911149,0.11149110645055771,0.8149999976158142,0.6495000123977661
YER023W,YMR056C,0,-4.911215,0.1114758551120758,0.8149999976158142,0.6496000289916992
YKL138C,YER160C,0,-4.911301,0.1114606112241745,0.8149999976158142,0.6496999859809875
YOR032C,YPR108W,0,-4.9115677,0.11144537478685379,0.8149999976158142,0.6498000025749207
YNL096C,YCR023C,0,-4.9117885,0.11143013089895248,0.8149999976158142,0.6499000191688538
YBR008C,YMR261C,0,-4.9118404,0.11141490191221237,0.8149999976158142,0.6499999761581421
YCL019W,YKR080W,0,-4.911874,0.11139967292547226,0.8149999976158142,0.6500999927520752
YMR307W,YLR356W,0,-4.911963,0.11138444393873215,0.8149999976158142,0.6502000093460083
YOR190W,YPL225W,0,-4.9119997,0.11136922985315323,0.8149999976158142,0.6503000259399414
YGR014W,YBL061C,1,-4.9120026,0.1114906445145607,0.8159999847412109,0.6503000259399414
YHR079C-B,YIL101C,0,-4.9120607,0.11147540807723999,0.8159999847412109,0.6503999829292297
YLR221C,YDL012C,0,-4.9121714,0.11146018654108047,0.8159999847412109,0.6504999995231628
YOR120W,YBR016W,1,-4.912176,0.11158153414726257,0.8169999718666077,0.6504999995231628
YBR208C,YBR154C,0,-4.912834,0.11156629770994186,0.8169999718666077,0.650600016117096
YDL156W,YBL025W,0,-4.9129467,0.11155106127262115,0.8169999718666077,0.6506999731063843
YCL017C,YDR096W,0,-4.913058,0.11153583973646164,0.8169999718666077,0.6507999897003174
YGL223C,YDL188C,0,-4.9131117,0.11152061074972153,0.8169999718666077,0.6509000062942505
YKL220C,YJL091C,0,-4.9132853,0.11150538921356201,0.8169999718666077,0.6510000228881836
YIL066C,YGR109C,0,-4.9133887,0.1114901751279831,0.8169999718666077,0.6510999798774719
YGR154C,YJR022W,0,-4.9138412,0.11147496104240417,0.8169999718666077,0.651199996471405
YHR073W,YDR513W,0,-4.913864,0.11145975440740585,0.8169999718666077,0.6513000130653381
YPL228W,YPR034W,0,-4.9141164,0.11144454777240753,0.8169999718666077,0.6514000296592712
YIR028W,YDR478W,0,-4.9142623,0.11142934858798981,0.8169999718666077,0.6514999866485596
YOR036W,YGL166W,0,-4.91448,0.11141415685415268,0.8169999718666077,0.6516000032424927
YDR399W,YLR074C,0,-4.9148054,0.11139896512031555,0.8169999718666077,0.6517000198364258
YER065C,YPL060W,0,-4.9149284,0.11138377338647842,0.8169999718666077,0.6517999768257141
YNL323W,YOR234C,0,-4.915209,0.11136859655380249,0.8169999718666077,0.6518999934196472
YBR154C,YLR357W,0,-4.9152107,0.11135341227054596,0.8169999718666077,0.6520000100135803
YHL019C,YGR004W,0,-4.9153023,0.11133824288845062,0.8169999718666077,0.6521000266075134
YER108C,YDR324C,0,-4.915397,0.11132306605577469,0.8169999718666077,0.6521999835968018
YJL127C,YGR097W,0,-4.9155602,0.11130790412425995,0.8169999718666077,0.6523000001907349
YJL127C,YGR215W,0,-4.9156804,0.11129274219274521,0.8169999718666077,0.652400016784668
YNL091W,YCR073C,1,-4.9158173,0.11141378432512283,0.8180000185966492,0.652400016784668
YHR117W,YLR246W,0,-4.916173,0.1113986074924469,0.8180000185966492,0.6524999737739563
YKL156W,YDL030W,0,-4.916224,0.11138344556093216,0.8180000185966492,0.6525999903678894
YOR091W,YER078C,0,-4.91626,0.11136827617883682,0.8180000185966492,0.6527000069618225
YDR348C,YBR245C,0,-4.916345,0.11135311424732208,0.8180000185966492,0.6528000235557556
YKL071W,YGR280C,0,-4.9163723,0.11133795976638794,0.8180000185966492,0.652899980545044
YDL082W,YOR034C,0,-4.9165287,0.1113228052854538,0.8180000185966492,0.652999997138977
YBL045C,YOL092W,0,-4.9165454,0.11130765825510025,0.8180000185966492,0.6531000137329102
YDR399W,YMR079W,0,-4.916769,0.1112925186753273,0.8180000185966492,0.6531999707221985
YDL051W,YAR015W,0,-4.9171057,0.11127737909555435,0.8180000185966492,0.6532999873161316
YBL060W,YDR134C,0,-4.917227,0.1112622395157814,0.8180000185966492,0.6534000039100647
YLR372W,YBR201W,0,-4.9173365,0.11124710738658905,0.8180000185966492,0.6535000205039978
YHL009C,YDR265W,0,-4.9174247,0.1112319827079773,0.8180000185966492,0.6535999774932861
YAL056W,YKL077W,0,-4.9176908,0.11121685802936554,0.8180000185966492,0.6536999940872192
YOL016C,YJR118C,0,-4.9177527,0.11120174080133438,0.8180000185966492,0.6538000106811523
YDR234W,YPR017C,0,-4.917942,0.11118662357330322,0.8180000185966492,0.6539000272750854
YJR042W,YGR208W,0,-4.918112,0.11117151379585266,0.8180000185966492,0.6539999842643738
YGL157W,YHR107C,0,-4.9183507,0.1111564040184021,0.8180000185966492,0.6541000008583069
YNL161W,YDL081C,0,-4.9184,0.11114130169153214,0.8180000185966492,0.65420001745224
YFR044C,YJR096W,0,-4.9186106,0.11112620681524277,0.8180000185966492,0.6542999744415283
YLR287C-A,YGL226W,0,-4.919001,0.1111111119389534,0.8180000185966492,0.6543999910354614
YLR332W,YOL089C,1,-4.919408,0.11123183369636536,0.8190000057220459,0.6543999910354614
YGR272C,YDR092W,0,-4.9195623,0.11121673136949539,0.8190000057220459,0.6545000076293945
YNL020C,YLR362W,1,-4.9198036,0.11133740842342377,0.8199999928474426,0.6545000076293945
YBR295W,YDL117W,0,-4.920471,0.11132229119539261,0.8199999928474426,0.6546000242233276
YBL003C,YDR314C,0,-4.9208684,0.11130718141794205,0.8199999928474426,0.654699981212616
YIR021W,YCL054W,0,-4.921078,0.11129207164049149,0.8199999928474426,0.6547999978065491
YOL013C,YFR032C-A,0,-4.921276,0.11127696931362152,0.8199999928474426,0.6549000144004822
YHR186C,YDL066W,0,-4.9213767,0.11126187443733215,0.8199999928474426,0.6549999713897705
YGL224C,YNL148C,0,-4.9214983,0.11124677956104279,0.8199999928474426,0.6550999879837036
YKL099C,YLR352W,0,-4.9215345,0.11123168468475342,0.8199999928474426,0.6552000045776367
YLR055C,YCR077C,0,-4.921612,0.11121660470962524,0.8199999928474426,0.6553000211715698
YOR269W,YBR078W,0,-4.9216275,0.11120151728391647,0.8199999928474426,0.6553999781608582
YML075C,YGR207C,0,-4.921836,0.1111864373087883,0.8199999928474426,0.6554999947547913
YGR013W,YGR280C,0,-4.9218554,0.11117136478424072,0.8199999928474426,0.6556000113487244
YHR035W,YIL068C,0,-4.922014,0.11115629971027374,0.8199999928474426,0.6557000279426575
YHR020W,YKL052C,0,-4.922249,0.11114122718572617,0.8199999928474426,0.6557999849319458
YBR041W,YNR063W,0,-4.922258,0.11112616956233978,0.8199999928474426,0.6559000015258789
YPL204W,YBR130C,0,-4.92233,0.1111111119389534,0.8199999928474426,0.656000018119812
YDR268W,YKL183W,0,-4.922553,0.11109605431556702,0.8199999928474426,0.6560999751091003
YDL156W,YLR109W,0,-4.9225764,0.11108100414276123,0.8199999928474426,0.6561999917030334
YIL053W,YNL190W,1,-4.922578,0.11120140552520752,0.8209999799728394,0.6561999917030334
YOR043W,YOR047C,1,-4.92321,0.11132177710533142,0.8220000267028809,0.6561999917030334
YPL012W,YBL027W,0,-4.9234457,0.11130670458078384,0.8220000267028809,0.6563000082969666
YPL204W,YKL046C,0,-4.9235497,0.11129163205623627,0.8220000267028809,0.6564000248908997
YHR007C,YIL013C,0,-4.9239063,0.11127656698226929,0.8220000267028809,0.656499981880188
YIL118W,YNL305C,0,-4.924182,0.11126150190830231,0.8220000267028809,0.6565999984741211
YKL157W,YBL090W,0,-4.924196,0.11124644428491592,0.8220000267028809,0.6567000150680542
YOR044W,YLR143W,0,-4.924307,0.11123139411211014,0.8220000267028809,0.6567999720573425
YPL013C,YOL115W,0,-4.9245815,0.11121634393930435,0.8220000267028809,0.6568999886512756
YOL052C-A,YKL160W,0,-4.925308,0.11120130121707916,0.8220000267028809,0.6570000052452087
YJL151C,YMR035W,0,-4.926117,0.11118625849485397,0.8220000267028809,0.6571000218391418
YNR026C,YKL216W,0,-4.9262724,0.11117122322320938,0.8220000267028809,0.6571999788284302
YKR077W,YMR285C,0,-4.926332,0.11115618795156479,0.8220000267028809,0.6572999954223633
YKL048C,YCR009C,1,-4.92658,0.11127636581659317,0.8230000138282776,0.6572999954223633
YOL058W,YMR060C,0,-4.9268303,0.11126132309436798,0.8230000138282776,0.6574000120162964
YNL213C,YMR235C,0,-4.926856,0.11124628037214279,0.8230000138282776,0.6575000286102295
YBL099W,YML057W,0,-4.926933,0.1112312451004982,0.8230000138282776,0.6575999855995178
YPL212C,YOR369C,0,-4.9270916,0.1112162172794342,0.8230000138282776,0.6577000021934509
YGL167C,YER032W,0,-4.9274774,0.11120118945837021,0.8230000138282776,0.657800018787384
YKL120W,YER161C,0,-4.927861,0.11118616908788681,0.8230000138282776,0.6578999757766724
YLR248W,YPL152W,1,-4.9279985,0.11130622774362564,0.8240000009536743,0.6578999757766724
YKR095W-A,YOR298C-A,0,-4.9280314,0.11129119247198105,0.8240000009536743,0.6579999923706055
YOR174W,YJR056C,0,-4.9280777,0.11127616465091705,0.8240000009536743,0.6581000089645386
YLR256W,YHR133C,0,-4.928481,0.11126113682985306,0.8240000009536743,0.6582000255584717
YDR013W,YJR120W,0,-4.928895,0.11124611645936966,0.8240000009536743,0.65829998254776
YBR280C,YMR261C,0,-4.9292016,0.11123110353946686,0.8240000009536743,0.6583999991416931
YJL026W,YOR022C,0,-4.9296026,0.11121609061956406,0.8240000009536743,0.6585000157356262
YDR478W,YIL129C,0,-4.929838,0.11120107769966125,0.8240000009536743,0.6585999727249146
YLR010C,YBL071W-A,0,-4.9303513,0.11118607223033905,0.8240000009536743,0.6586999893188477
YHR088W,YDR362C,0,-4.930561,0.11117107421159744,0.8240000009536743,0.6588000059127808
YBR159W,YHR052W,0,-4.9308114,0.11115607619285583,0.8240000009536743,0.6589000225067139
YHR129C,YDR367W,0,-4.9310837,0.11114108562469482,0.8240000009536743,0.6589999794960022
YLR066W,YPL210C,0,-4.931205,0.11112609505653381,0.8240000009536743,0.6590999960899353
YNL101W,YDR235W,0,-4.931424,0.1111111119389534,0.8240000009536743,0.6592000126838684
YHL025W,YDL191W,0,-4.9322224,0.11109612882137299,0.8240000009536743,0.6593000292778015
YKL167C,YGR132C,0,-4.9322433,0.11108115315437317,0.8240000009536743,0.6593999862670898
YGR272C,YMR030W,0,-4.9323926,0.11106618493795395,0.8240000009536743,0.659500002861023
YBR299W,YMR083W,0,-4.932461,0.11105120927095413,0.8240000009536743,0.659600019454956
YCL039W,YDR338C,0,-4.9325905,0.11103624850511551,0.8240000009536743,0.6596999764442444
YOR157C,YNL227C,0,-4.932869,0.11102128773927689,0.8240000009536743,0.6597999930381775
YBR036C,YJR022W,0,-4.932882,0.11100633442401886,0.8240000009536743,0.6599000096321106
YKL052C,YGR158C,0,-4.9331665,0.11099138110876083,0.8240000009536743,0.6600000262260437
YDR093W,YBR142W,0,-4.9333735,0.11097642779350281,0.8240000009536743,0.660099983215332
YLR085C,YLR449W,0,-4.933463,0.11096148937940598,0.8240000009536743,0.6601999998092651
YPL241C,YJL189W,0,-4.93392,0.11094654351472855,0.8240000009536743,0.6603000164031982
YGL131C,YIR010W,0,-4.933947,0.11093161255121231,0.8240000009536743,0.6603999733924866
YDR120C,YPL178W,0,-4.93396,0.11091668158769608,0.8240000009536743,0.6604999899864197
YDR047W,YGL077C,0,-4.934044,0.11090175062417984,0.8240000009536743,0.6606000065803528
YEL060C,YLR178C,0,-4.9342494,0.1108868271112442,0.8240000009536743,0.6607000231742859
YJR013W,YOR362C,0,-4.9345975,0.11087190359830856,0.8240000009536743,0.6607999801635742
YML023C,YHL015W,0,-4.9346266,0.11085698753595352,0.8240000009536743,0.6608999967575073
YLR128W,YOR264W,0,-4.935455,0.11084207892417908,0.8240000009536743,0.6610000133514404
YDL010W,YNL091W,1,-4.9355116,0.1109616681933403,0.824999988079071,0.6610000133514404
YPR003C,YER060W-A,0,-4.9356265,0.11094674468040466,0.824999988079071,0.6610999703407288
YDL235C,YDR162C,1,-4.9362893,0.1110662892460823,0.8259999752044678,0.6610999703407288
YDL060W,YNL009W,0,-4.9364257,0.11105135828256607,0.8259999752044678,0.6611999869346619
YAL007C,YHR185C,0,-4.936427,0.11103642731904984,0.8259999752044678,0.661300003528595
YNL240C,YNL218W,0,-4.936673,0.1110215038061142,0.8259999752044678,0.6614000201225281
YCL029C,YDR006C,0,-4.936921,0.11100658774375916,0.8259999752044678,0.6614999771118164
YPR004C,YJL162C,0,-4.936939,0.11099167168140411,0.8259999752044678,0.6615999937057495
YOR069W,YOL007C,0,-4.937016,0.11097675561904907,0.8259999752044678,0.6617000102996826
YLR318W,YCR028C-A,0,-4.9374056,0.11096184700727463,0.8259999752044678,0.6618000268936157
YNR022C,YDR329C,0,-4.938338,0.11094694584608078,0.8259999752044678,0.661899983882904
YHR160C,YPR086W,0,-4.9384346,0.11093204468488693,0.8259999752044678,0.6620000004768372
YGR220C,YPL174C,0,-4.938561,0.11091715097427368,0.8259999752044678,0.6621000170707703
YDR435C,YDL067C,0,-4.938711,0.11090225726366043,0.8259999752044678,0.6621999740600586
YPL204W,YER112W,0,-4.9388704,0.11088737100362778,0.8259999752044678,0.6622999906539917
YDR352W,YPR169W,0,-4.939396,0.11087248474359512,0.8259999752044678,0.6624000072479248
YER113C,YOL139C,0,-4.939715,0.11085760593414307,0.8259999752044678,0.6625000238418579
YDR489W,YOL033W,0,-4.9398594,0.11084272712469101,0.8259999752044678,0.6625999808311462
YLR194C,YJR121W,0,-4.939947,0.11082785576581955,0.8259999752044678,0.6626999974250793
YNL288W,YBR149W,0,-4.940022,0.11081298440694809,0.8259999752044678,0.6628000140190125
YDL247W,YLL026W,0,-4.9403086,0.11079812049865723,0.8259999752044678,0.6628999710083008
YDR253C,YOL092W,0,-4.9408855,0.11078326404094696,0.8259999752044678,0.6629999876022339
YHR101C,YDL146W,0,-4.9409065,0.1107684075832367,0.8259999752044678,0.663100004196167
YDR307W,YBR088C,0,-4.9409523,0.11075355112552643,0.8259999752044678,0.6632000207901001
YPL189C-A,YMR154C,0,-4.9409885,0.11073870211839676,0.8259999752044678,0.6632999777793884
YML061C,YML121W,0,-4.941062,0.11072386056184769,0.8259999752044678,0.6633999943733215
YKR104W,YML010W,0,-4.9413238,0.11070901900529861,0.8259999752044678,0.6635000109672546
YLR226W,YJL076W,0,-4.941446,0.11069418489933014,0.8259999752044678,0.6636000275611877
YLR176C,YDR242W,0,-4.9416933,0.11067935079336166,0.8259999752044678,0.6636999845504761
YIL026C,YIL033C,0,-4.941701,0.11066452413797379,0.8259999752044678,0.6638000011444092
YBR094W,YJL154C,0,-4.941761,0.11064969748258591,0.8259999752044678,0.6639000177383423
YMR024W,YER160C,0,-4.9418364,0.11063487827777863,0.8259999752044678,0.6639999747276306
YML061C,YKL114C,0,-4.9420013,0.11062005907297134,0.8259999752044678,0.6640999913215637
YDR402C,YJR131W,0,-4.942479,0.11060524731874466,0.8259999752044678,0.6642000079154968
YDL193W,YHR108W,0,-4.942755,0.11059044301509857,0.8259999752044678,0.6643000245094299
YDL010W,YHR114W,1,-4.9427605,0.11070950329303741,0.8270000219345093,0.6643000245094299
YBR092C,YGR120C,0,-4.942768,0.11069468408823013,0.8270000219345093,0.6643999814987183
YKL055C,YLL026W,0,-4.9428663,0.11067987233400345,0.8270000219345093,0.6644999980926514
YNL066W,YBL054W,0,-4.9431705,0.11066506057977676,0.8270000219345093,0.6646000146865845
YEL020C,YGL151W,0,-4.9432387,0.11065025627613068,0.8270000219345093,0.6646999716758728
YNL129W,YDL042C,0,-4.943439,0.11063545197248459,0.8270000219345093,0.6647999882698059
YOR179C,YNR046W,0,-4.943676,0.1106206551194191,0.8270000219345093,0.664900004863739
YOL109W,YLR417W,0,-4.943768,0.11060585826635361,0.8270000219345093,0.6650000214576721
YDL243C,YDR368W,0,-4.943786,0.11059106886386871,0.8270000219345093,0.6650999784469604
YGR054W,YNL212W,0,-4.9438553,0.11057627946138382,0.8270000219345093,0.6651999950408936
YDR031W,YOL084W,0,-4.944252,0.11056149750947952,0.8270000219345093,0.6653000116348267
YNR056C,YDR244W,0,-4.94463,0.11054671555757523,0.8270000219345093,0.6654000282287598
YDR372C,YOR030W,0,-4.944749,0.11053194105625153,0.8270000219345093,0.6654999852180481
YLR336C,YKL129C,1,-4.9448357,0.11065080761909485,0.828000009059906,0.6654999852180481
YCR003W,YGL003C,0,-4.944846,0.11063602566719055,0.828000009059906,0.6656000018119812
YKL099C,YCL031C,0,-4.9449577,0.11062124371528625,0.828000009059906,0.6657000184059143
YMR216C,YJR144W,0,-4.944981,0.11060646176338196,0.828000009059906,0.6657999753952026
YDL065C,YLR081W,0,-4.9455414,0.11059169471263885,0.828000009059906,0.6658999919891357
YLR467W,YMR023C,0,-4.9461765,0.11057692021131516,0.828000009059906,0.6660000085830688
YGR057C,YNL002C,0,-4.946314,0.11056216061115265,0.828000009059906,0.666100025177002
YNL221C,YJR089W,0,-4.946397,0.11054739356040955,0.828000009059906,0.6661999821662903
YBR180W,YJR137C,0,-4.946658,0.11053264141082764,0.828000009059906,0.6662999987602234
YCL066W,YDR466W,0,-4.9466667,0.11051788926124573,0.828000009059906,0.6664000153541565
YDR217C,YGL003C,0,-4.9468393,0.11050313711166382,0.828000009059906,0.6664999723434448
YOL109W,YNL001W,0,-4.9472194,0.1104883924126625,0.828000009059906,0.6665999889373779
YKL069W,YER053C,0,-4.9472375,0.1104736477136612,0.828000009059906,0.666700005531311
YOR081C,YLL067C,0,-4.9473534,0.11045891046524048,0.828000009059906,0.6668000221252441
YOR253W,YAL051W,0,-4.947446,0.11044418066740036,0.828000009059906,0.6668999791145325
YOL127W,YEL032W,0,-4.947771,0.11042945086956024,0.828000009059906,0.6669999957084656
YBR185C,YIL150C,0,-4.9479322,0.11041472107172012,0.828000009059906,0.6671000123023987
YGR262C,YJR143C,0,-4.9479756,0.1103999987244606,0.828000009059906,0.6672000288963318
YBR028C,YDR056C,0,-4.948004,0.11038528382778168,0.828000009059906,0.6672999858856201
YLR135W,YJR108W,0,-4.9480667,0.11037056893110275,0.828000009059906,0.6674000024795532
YML021C,YGL035C,0,-4.9481754,0.11035585403442383,0.828000009059906,0.6675000190734863
YIL066C,YOR092W,0,-4.9483347,0.1103411540389061,0.828000009059906,0.6675999760627747
YDR309C,YLR008C,0,-4.94837,0.11032644659280777,0.828000009059906,0.6676999926567078
YOR157C,YIL127C,0,-4.9484863,0.11031175404787064,0.828000009059906,0.6678000092506409
YGR223C,YGR044C,0,-4.9488153,0.1102970540523529,0.828000009059906,0.667900025844574
YHR134W,YLR417W,0,-4.949023,0.11028236895799637,0.828000009059906,0.6679999828338623
YBR082C,YGL223C,0,-4.9495,0.11026767641305923,0.828000009059906,0.6680999994277954
YKL049C,YOR175C,0,-4.9497466,0.1102529987692833,0.828000009059906,0.6682000160217285
YOR346W,YHL008C,0,-4.949824,0.11023831367492676,0.828000009059906,0.6682999730110168
YMR022W,YDR393W,0,-4.950282,0.11022364348173141,0.828000009059906,0.66839998960495
YGL124C,YOR067C,0,-4.950354,0.11020897328853607,0.828000009059906,0.6685000061988831
YPL140C,YHL038C,0,-4.9506254,0.11019430309534073,0.828000009059906,0.6686000227928162
YML125C,YLR015W,0,-4.9506903,0.11017964035272598,0.828000009059906,0.6686999797821045
YLR118C,YLR421C,0,-4.9507933,0.11016498506069183,0.828000009059906,0.6687999963760376
YKL139W,YML082W,0,-4.951199,0.11015032231807709,0.828000009059906,0.6689000129699707
YIL147C,YBR014C,1,-4.9513035,0.11026868969202042,0.8289999961853027,0.6689000129699707
YPL189C-A,YDR328C,0,-4.9513836,0.11025401949882507,0.8289999961853027,0.6690000295639038
YNL323W,YGL032C,0,-4.9521313,0.11023936420679092,0.8289999961853027,0.6690999865531921
YNL152W,YIL091C,0,-4.952375,0.11022470146417618,0.8289999961853027,0.6692000031471252
YDR085C,YGR054W,0,-4.9524007,0.11021005362272263,0.8289999961853027,0.6693000197410583
YFL004W,YJR089W,0,-4.9528933,0.11019539833068848,0.8289999961853027,0.6693999767303467
YJR121W,YJR010C-A,0,-4.952935,0.11018075793981552,0.8289999961853027,0.6694999933242798
YOR060C,YLR147C,0,-4.9529543,0.11016611009836197,0.8289999961853027,0.6696000099182129
YML101C,YBR098W,0,-4.9529815,0.11015147715806961,0.8289999961853027,0.669700026512146
YMR217W,YIR019C,0,-4.9532433,0.11013684421777725,0.8289999961853027,0.6697999835014343
YHR123W,YKL084W,0,-4.9534044,0.1101222112774849,0.8289999961853027,0.6699000000953674
YKL088W,YLR336C,1,-4.9534907,0.1102404072880745,0.8299999833106995,0.6699000000953674
YCL068C,YLR399C,0,-4.9535117,0.11022576689720154,0.8299999833106995,0.6700000166893005
YAL061W,YMR165C,0,-4.9536867,0.11021112650632858,0.8299999833106995,0.6700999736785889
YKR072C,YIL153W,1,-4.9537153,0.11032926291227341,0.8309999704360962,0.6700999736785889
YJR095W,YDL005C,0,-4.953738,0.11031461507081985,0.8309999704360962,0.670199990272522
YPL204W,YAL003W,0,-4.953761,0.1102999746799469,0.8309999704360962,0.6703000068664551
YLR313C,YML082W,0,-4.954206,0.11028533428907394,0.8309999704360962,0.6704000234603882
YBR208C,YGL058W,0,-4.95421,0.11027070134878159,0.8309999704360962,0.6704999804496765
YOR210W,YJL090C,0,-4.9544144,0.11025606840848923,0.8309999704360962,0.6705999970436096
YCR044C,YOR113W,0,-4.954487,0.11024144291877747,0.8309999704360962,0.6707000136375427
YPR004C,YHL003C,0,-4.955014,0.1102268174290657,0.8309999704360962,0.670799970626831
YPR199C,YAL013W,0,-4.9552546,0.11021219938993454,0.8309999704360962,0.6708999872207642
YDR019C,YAR066W,0,-4.9556212,0.11019758880138397,0.8309999704360962,0.6710000038146973
YDR221W,YDL064W,0,-4.955679,0.1101829782128334,0.8309999704360962,0.6711000204086304
YMR318C,YCR023C,0,-4.955777,0.11016836762428284,0.8309999704360962,0.6711999773979187
YPR168W,YDL147W,0,-4.9562783,0.11015376448631287,0.8309999704360962,0.6712999939918518
YKR092C,YCR102C,0,-4.9566708,0.1101391613483429,0.8309999704360962,0.6714000105857849
YDL115C,YNR054C,0,-4.9569597,0.11012456566095352,0.8309999704360962,0.671500027179718
YHL026C,YNL067W,0,-4.9570446,0.11010997742414474,0.8309999704360962,0.6715999841690063
YPL262W,YDR531W,0,-4.957103,0.11009538918733597,0.8309999704360962,0.6717000007629395
YER072W,YNL047C,0,-4.957809,0.11008080840110779,0.8309999704360962,0.6718000173568726
YLR405W,YFR032C-A,0,-4.957923,0.11006622761487961,0.8309999704360962,0.6718999743461609
YBR176W,YNR032C-A,0,-4.9581504,0.11005164682865143,0.8309999704360962,0.671999990940094
YBR136W,YML127W,0,-4.9583282,0.11003707349300385,0.8309999704360962,0.6721000075340271
YDR363W,YCR023C,0,-4.958485,0.11002250760793686,0.8309999704360962,0.6722000241279602
YPL022W,YLR079W,0,-4.9587755,0.11000794172286987,0.8309999704360962,0.6722999811172485
YDL191W,YDR134C,0,-4.958935,0.10999338328838348,0.8309999704360962,0.6723999977111816
YJR042W,YHR185C,0,-4.9590216,0.1099788248538971,0.8309999704360962,0.6725000143051147
YDR148C,YHR161C,0,-4.9591184,0.1099642738699913,0.8309999704360962,0.6725999712944031
YGR133W,YPL036W,0,-4.9592023,0.10994972288608551,0.8309999704360962,0.6726999878883362
YKR092C,YGR227W,0,-4.959253,0.10993517935276031,0.8309999704360962,0.6728000044822693
YGL048C,YJL059W,0,-4.9593296,0.10992063581943512,0.8309999704360962,0.6729000210762024
YOR227W,YJL102W,0,-4.9594274,0.10990609973669052,0.8309999704360962,0.6729999780654907
YPL063W,YLR405W,0,-4.9596972,0.10989156365394592,0.8309999704360962,0.6730999946594238
YCR098C,YGL192W,0,-4.9600496,0.10987703502178192,0.8309999704360962,0.6732000112533569
YNL049C,YNL326C,0,-4.9603,0.10986250638961792,0.8309999704360962,0.67330002784729
YMR024W,YGR035C,0,-4.9603567,0.10984798520803452,0.8309999704360962,0.6733999848365784
YNL301C,YJL212C,0,-4.96036,0.10983346402645111,0.8309999704360962,0.6735000014305115
YDR178W,YBR221C,0,-4.960386,0.1098189502954483,0.8309999704360962,0.6736000180244446
YER142C,YOR197W,0,-4.9605207,0.1098044365644455,0.8309999704360962,0.6736999750137329
YOR177C,YGR123C,0,-4.960721,0.10978993028402328,0.8309999704360962,0.673799991607666
YPL190C,YOR273C,0,-4.9612646,0.10977543145418167,0.8309999704360962,0.6739000082015991
YLR117C,YPL154C,0,-4.9613905,0.10976093262434006,0.8309999704360962,0.6740000247955322
YKR031C,YKL221W,0,-4.9614534,0.10974643379449844,0.8309999704360962,0.6740999817848206
YJL181W,YKR039W,0,-4.961917,0.10973194241523743,0.8309999704360962,0.6741999983787537
YLR085C,YHR215W,0,-4.961925,0.10971745103597641,0.8309999704360962,0.6743000149726868
YAL014C,YPL038W,0,-4.962118,0.10970296710729599,0.8309999704360962,0.6743999719619751
YHL036W,YIL110W,0,-4.962123,0.10968849062919617,0.8309999704360962,0.6744999885559082
YOR367W,YOL089C,1,-4.9625206,0.10980599373579025,0.8320000171661377,0.6744999885559082
YPR067W,YDR236C,0,-4.9627466,0.10979150235652924,0.8320000171661377,0.6746000051498413
YJL110C,YPR112C,0,-4.9629054,0.10977701842784882,0.8320000171661377,0.6747000217437744
YJL090C,YGR165W,0,-4.9629073,0.1097625344991684,0.8320000171661377,0.6747999787330627
YGL208W,YKR058W,0,-4.9629855,0.10974805802106857,0.8320000171661377,0.6748999953269958
YMR257C,YHR193C,0,-4.9630613,0.10973358154296875,0.8320000171661377,0.675000011920929
YFR006W,YNL083W,0,-4.9630756,0.10971910506486893,0.8320000171661377,0.6751000285148621
YDR465C,YPL159C,0,-4.9630957,0.1097046434879303,0.8320000171661377,0.6751999855041504
YKL018W,YCR065W,0,-4.9631696,0.10969017446041107,0.8320000171661377,0.6753000020980835
YGR172C,YHR193C,0,-4.963334,0.10967572033405304,0.8320000171661377,0.6754000186920166
YCL057C-A,YLR371W,0,-4.963359,0.10966126620769501,0.8320000171661377,0.6754999756813049
YBL072C,YDL143W,0,-4.9635944,0.10964681208133698,0.8320000171661377,0.675599992275238
YDR168W,YOL089C,1,-4.9636035,0.10976412892341614,0.8330000042915344,0.675599992275238
YBR253W,YDR291W,0,-4.9641914,0.10974966734647751,0.8330000042915344,0.6757000088691711
YKL116C,YDR315C,0,-4.9642096,0.10973521322011948,0.8330000042915344,0.6758000254631042
YDR221W,YGR065C,0,-4.964355,0.10972075909376144,0.8330000042915344,0.6758999824523926
YKL208W,YMR042W,0,-4.9643574,0.10970630496740341,0.8330000042915344,0.6759999990463257
YOL132W,YIL121W,0,-4.964569,0.10969185829162598,0.8330000042915344,0.6761000156402588
YPL254W,YGL012W,0,-4.964699,0.10967741906642914,0.8330000042915344,0.6761999726295471
YMR063W,YDR056C,0,-4.964718,0.1096629798412323,0.8330000042915344,0.6762999892234802
YFL031W,YLR115W,0,-4.9652004,0.10964854806661606,0.8330000042915344,0.6764000058174133
YGR227W,YLR002C,0,-4.965207,0.10963411629199982,0.8330000042915344,0.6765000224113464
YNL051W,YJR118C,0,-4.9652205,0.10961968451738358,0.8330000042915344,0.6765999794006348
YLR188W,YML046W,0,-4.9655805,0.10960526019334793,0.8330000042915344,0.6766999959945679
YHR117W,YJL153C,0,-4.9657,0.10959084331989288,0.8330000042915344,0.676800012588501
YDR387C,YMR290C,0,-4.965847,0.10957642644643784,0.8330000042915344,0.6769000291824341
YNL316C,YGL106W,0,-4.96601,0.10956201702356339,0.8330000042915344,0.6769999861717224
YKR078W,YJL115W,0,-4.966096,0.10954760760068893,0.8330000042915344,0.6771000027656555
YLR419W,YML014W,0,-4.9664207,0.10953319817781448,0.8330000042915344,0.6772000193595886
YPR107C,YDR265W,0,-4.966453,0.10951880365610123,0.8330000042915344,0.677299976348877
YDR128W,YKR095W-A,0,-4.9668713,0.10950440168380737,0.8330000042915344,0.6773999929428101
YFL055W,YOR371C,0,-4.9669642,0.10949000716209412,0.8330000042915344,0.6775000095367432
YJR145C,YNL154C,0,-4.967084,0.10947562009096146,0.8330000042915344,0.6776000261306763
YJL083W,YNL316C,0,-4.967497,0.1094612330198288,0.8330000042915344,0.6776999831199646
YDR156W,YBR171W,0,-4.9676356,0.10944685339927673,0.8330000042915344,0.6777999997138977
YFL034C-B,YOR189W,0,-4.967646,0.10943247377872467,0.8330000042915344,0.6779000163078308
YDR317W,YKR024C,0,-4.9677916,0.1094181016087532,0.8330000042915344,0.6779999732971191
YBR015C,YHR204W,0,-4.9684057,0.10940372943878174,0.8330000042915344,0.6780999898910522
YKL148C,YBR043C,0,-4.9684415,0.10938936471939087,0.8330000042915344,0.6782000064849854
YCR045C,YPL217C,0,-4.9687166,0.109375,0.8330000042915344,0.6783000230789185
YGL125W,YMR080C,0,-4.9692297,0.10936064273118973,0.8330000042915344,0.6783999800682068
YDL095W,YMR080C,0,-4.9699535,0.10934628546237946,0.8330000042915344,0.6784999966621399
YHR165C,YLL052C,0,-4.970468,0.10933193564414978,0.8330000042915344,0.678600013256073
YOR129C,YNR059W,0,-4.970566,0.1093175858259201,0.8330000042915344,0.6786999702453613
YER019W,YKL048C,1,-4.9709806,0.10943445563316345,0.8339999914169312,0.6786999702453613
YGR059W,YMR231W,0,-4.9711423,0.10942009836435318,0.8339999914169312,0.6787999868392944
YML064C,YFL022C,0,-4.9715586,0.1094057485461235,0.8339999914169312,0.6789000034332275
YDR143C,YOR175C,0,-4.97215,0.10939139872789383,0.8339999914169312,0.6790000200271606
YLR154C,YGL107C,0,-4.9722114,0.10937704890966415,0.8339999914169312,0.679099977016449
YBL088C,YHR044C,0,-4.972565,0.10936270654201508,0.8339999914169312,0.6791999936103821
YIL037C,YPL086C,0,-4.972616,0.109348364174366,0.8339999914169312,0.6793000102043152
YHR046C,YPL032C,0,-4.9726257,0.10933402925729752,0.8339999914169312,0.6794000267982483
YPL097W,YML087C,0,-4.972716,0.10931970179080963,0.8339999914169312,0.6794999837875366
YGL065C,YLR403W,0,-4.9732127,0.10930537432432175,0.8339999914169312,0.6796000003814697
YOR177C,YLR435W,0,-4.9735174,0.10929104685783386,0.8339999914169312,0.6797000169754028
YGR076C,YHR086W,0,-4.9737167,0.10927672684192657,0.8339999914169312,0.6797999739646912
YDL043C,YGR292W,0,-4.9738092,0.10926241427659988,0.8339999914169312,0.6798999905586243
YGL194C,YKL017C,0,-4.974604,0.1092481017112732,0.8339999914169312,0.6800000071525574
YOR033C,YGL095C,0,-4.9747534,0.1092337891459465,0.8339999914169312,0.6801000237464905
YOR205C,YPR100W,0,-4.9749637,0.10921948403120041,0.8339999914169312,0.6801999807357788
YLR247C,YOR236W,0,-4.9750485,0.10920518636703491,0.8339999914169312,0.6802999973297119
YOR090C,YDR443C,0,-4.975148,0.10919088870286942,0.8339999914169312,0.680400013923645
YDL156W,YMR290C,0,-4.975174,0.10917659103870392,0.8339999914169312,0.6804999709129333
YGL249W,YFR034C,0,-4.97523,0.10916230082511902,0.8339999914169312,0.6805999875068665
YLR399C,YOL103W,0,-4.975287,0.10914801806211472,0.8339999914169312,0.6807000041007996
YMR086W,YNL188W,0,-4.9755898,0.10913373529911041,0.8339999914169312,0.6808000206947327
YHL050C,YNL038W,0,-4.9756083,0.10911945253610611,0.8339999914169312,0.680899977684021
YMR050C,YGL107C,0,-4.9760246,0.1091051772236824,0.8339999914169312,0.6809999942779541
YML091C,YGR188C,0,-4.976025,0.1090909093618393,0.8339999914169312,0.6811000108718872
YMR226C,YDR367W,0,-4.9763517,0.10907664149999619,0.8339999914169312,0.6812000274658203
YIL097W,YNL134C,0,-4.9763613,0.10906238108873367,0.8339999914169312,0.6812999844551086
YDR160W,YER028C,0,-4.9764624,0.10904812067747116,0.8339999914169312,0.6814000010490417
YOR254C,YNL263C,0,-4.976635,0.10903386026620865,0.8339999914169312,0.6815000176429749
YLR119W,YLR099C,0,-4.9766746,0.10901960730552673,0.8339999914169312,0.6815999746322632
YHR165C,YNR063W,0,-4.976788,0.10900536179542542,0.8339999914169312,0.6816999912261963
YJL058C,YBR283C,0,-4.976859,0.1089911162853241,0.8339999914169312,0.6818000078201294
YIL162W,YAL028W,0,-4.9772925,0.10897687077522278,0.8339999914169312,0.6819000244140625
YLR119W,YMR153W,0,-4.9773493,0.10896263271570206,0.8339999914169312,0.6819999814033508
YMR052W,YCL055W,0,-4.977666,0.10894840210676193,0.8339999914169312,0.6820999979972839
YKR080W,YNL220W,0,-4.977727,0.10893417149782181,0.8339999914169312,0.682200014591217
YBR101C,YER060W,0,-4.978016,0.10891994088888168,0.8339999914169312,0.6822999715805054
YGR204W,YOL076W,0,-4.978173,0.10890571773052216,0.8339999914169312,0.6823999881744385
YML058W,YLR357W,0,-4.978428,0.10889150202274323,0.8339999914169312,0.6825000047683716
YNL096C,YBR254C,0,-4.978529,0.1088772863149643,0.8339999914169312,0.6826000213623047
YMR156C,YFR041C,0,-4.9786863,0.10886307060718536,0.8339999914169312,0.682699978351593
YLR238W,YMR036C,0,-4.9787064,0.10884886234998703,0.8339999914169312,0.6827999949455261
YJR150C,YLR448W,0,-4.9792366,0.1088346615433693,0.8339999914169312,0.6829000115394592
YFR006W,YGR120C,0,-4.9793143,0.10882046073675156,0.8339999914169312,0.6830000281333923
YBR180W,YER042W,0,-4.9796247,0.10880625993013382,0.8339999914169312,0.6830999851226807
YNL323W,YPL086C,0,-4.9796877,0.10879206657409668,0.8339999914169312,0.6832000017166138
YER114C,YBL013W,0,-4.979789,0.10877788066864014,0.8339999914169312,0.6833000183105469
YMR076C,YLR345W,0,-4.9803,0.1087636947631836,0.8339999914169312,0.6833999752998352
YDR075W,YEL064C,0,-4.9803543,0.10874950885772705,0.8339999914169312,0.6834999918937683
YER166W,YNL136W,0,-4.980385,0.1087353304028511,0.8339999914169312,0.6836000084877014
YDR135C,YIL129C,0,-4.9805007,0.10872115939855576,0.8339999914169312,0.6837000250816345
YMR292W,YGL232W,0,-4.9806895,0.1087069883942604,0.8339999914169312,0.6837999820709229
YMR055C,YGL206C,0,-4.9807158,0.10869281738996506,0.8339999914169312,0.683899998664856
YDR117C,YML005W,0,-4.9809494,0.1086786538362503,0.8339999914169312,0.6840000152587891
YDR044W,YPR042C,0,-4.980979,0.10866449773311615,0.8339999914169312,0.6840999722480774
YER129W,YNL090W,0,-4.9809837,0.108650341629982,0.8339999914169312,0.6841999888420105
YNL329C,YML034W,0,-4.9812765,0.10863618552684784,0.8339999914169312,0.6843000054359436
YJL026W,YOR069W,0,-4.9813986,0.10862203687429428,0.8339999914169312,0.6844000220298767
YKL004W,YCR043C,0,-4.9814224,0.10860788822174072,0.8339999914169312,0.684499979019165
YDR129C,YDR388W,1,-4.9814434,0.1087239608168602,0.8349999785423279,0.684499979019165
YNL161W,YGL038C,0,-4.9814625,0.10870980471372604,0.8349999785423279,0.6845999956130981
YMR275C,YNL323W,0,-4.9816303,0.10869564861059189,0.8349999785423279,0.6847000122070312
YMR002W,YDL240W,0,-4.9816675,0.10868150740861893,0.8349999785423279,0.6848000288009644
YLR414C,YJL080C,0,-4.982249,0.10866735875606537,0.8349999785423279,0.6848999857902527
YMR292W,YFR041C,0,-4.9822893,0.10865321755409241,0.8349999785423279,0.6850000023841858
YJL096W,YDR362C,0,-4.9826927,0.10863908380270004,0.8349999785423279,0.6851000189781189
YEL065W,YOR113W,0,-4.983272,0.10862495005130768,0.8349999785423279,0.6851999759674072
YEL011W,YGL038C,0,-4.983679,0.10861082375049591,0.8349999785423279,0.6852999925613403
YER172C,YNL136W,0,-4.984154,0.10859669744968414,0.8349999785423279,0.6854000091552734
YPL156C,YHL004W,0,-4.9845276,0.10858257114887238,0.8349999785423279,0.6855000257492065
YJL003W,YGL002W,0,-4.98469,0.1085684597492218,0.8349999785423279,0.6855999827384949
YMR216C,YHR102W,0,-4.9849553,0.10855434089899063,0.8349999785423279,0.685699999332428
YGR058W,YDR255C,0,-4.9851193,0.10854022949934006,0.8349999785423279,0.6858000159263611
YPL149W,YBR236C,0,-4.985302,0.10852612555027008,0.8349999785423279,0.6858999729156494
YJL184W,YOR028C,1,-4.985434,0.10864197462797165,0.8360000252723694,0.6858999729156494
YEL064C,YFL029C,0,-4.985642,0.10862785577774048,0.8360000252723694,0.6859999895095825
YGL161C,YBL066C,0,-4.985733,0.1086137443780899,0.8360000252723694,0.6861000061035156
YGL096W,YCR043C,0,-4.985783,0.10859963297843933,0.8360000252723694,0.6862000226974487
YNL240C,YAL059W,0,-4.985882,0.10858552902936935,0.8360000252723694,0.6862999796867371
YPR201W,YCR028C-A,0,-4.986183,0.10857142508029938,0.8360000252723694,0.6863999962806702
YOL105C,YDL229W,0,-4.9863997,0.10855732858181,0.8360000252723694,0.6865000128746033
YOR060C,YDR169C,0,-4.986694,0.10854323208332062,0.8360000252723694,0.6866000294685364
YDR216W,YKL099C,0,-4.986906,0.10852914303541183,0.8360000252723694,0.6866999864578247
YNL315C,YDR092W,0,-4.986915,0.10851505398750305,0.8360000252723694,0.6868000030517578
YLR064W,YML129C,0,-4.9873686,0.10850097239017487,0.8360000252723694,0.6869000196456909
YBL010C,YDR150W,0,-4.9873967,0.10848689079284668,0.8360000252723694,0.6869999766349792
YPL006W,YBR193C,0,-4.987402,0.10847281664609909,0.8360000252723694,0.6870999932289124
YBR058C,YMR150C,0,-4.987551,0.1084587424993515,0.8360000252723694,0.6872000098228455
YFL047W,YLL067C,0,-4.987693,0.10844467580318451,0.8360000252723694,0.6873000264167786
YMR231W,YMR086W,0,-4.9879208,0.10843060910701752,0.8360000252723694,0.6873999834060669
YGL166W,YPR097W,0,-4.9879265,0.10841654986143112,0.8360000252723694,0.6875
YMR125W,YAL013W,0,-4.9880753,0.10840249061584473,0.8360000252723694,0.6876000165939331
YDL180W,YBR034C,0,-4.988242,0.10838843882083893,0.8360000252723694,0.6876999735832214
YOL116W,YOL089C,1,-4.98886,0.10850401967763901,0.8370000123977661,0.6876999735832214
YBR233W-A,YER153C,0,-4.9891005,0.10848995298147202,0.8370000123977661,0.6877999901771545
YHR032W,YJR108W,0,-4.989315,0.10847589373588562,0.8370000123977661,0.6879000067710876
YLR274W,YOL139C,0,-4.98933,0.10846183449029922,0.8370000123977661,0.6880000233650208
YML133C,YCR096C,0,-4.989953,0.10844778269529343,0.8370000123977661,0.6880999803543091
YNL002C,YKR095W,0,-4.9902525,0.10843373835086823,0.8370000123977661,0.6881999969482422
YBR171W,YKL079W,0,-4.990279,0.10841968655586243,0.8370000123977661,0.6883000135421753
YHL036W,YMR080C,0,-4.990315,0.10840564966201782,0.8370000123977661,0.6883999705314636
YPL030W,YJR158W,0,-4.9904633,0.10839160531759262,0.8370000123977661,0.6884999871253967
YOR319W,YML069W,0,-4.990796,0.10837757587432861,0.8370000123977661,0.6886000037193298
YOL103W,YJR065C,0,-4.9908447,0.10836353898048401,0.8370000123977661,0.6887000203132629
YPL143W,YMR236W,0,-4.9909916,0.1083495169878006,0.8370000123977661,0.6887999773025513
YDL115C,YLL001W,0,-4.9912815,0.10833548754453659,0.8370000123977661,0.6888999938964844
YKL188C,YHR184W,0,-4.991292,0.10832147300243378,0.8370000123977661,0.6890000104904175
YGL009C,YJR134C,0,-4.9914465,0.10830745100975037,0.8370000123977661,0.6891000270843506
YPL017C,YGL077C,0,-4.991556,0.10829344391822815,0.8370000123977661,0.6891999840736389
YDR023W,YDL058W,0,-4.991937,0.10827942937612534,0.8370000123977661,0.689300000667572
YHR076W,YGR080W,0,-4.9921837,0.10826542228460312,0.8370000123977661,0.6894000172615051
YMR214W,YOR308C,0,-4.992614,0.1082514226436615,0.8370000123977661,0.6894999742507935
YBL067C,YBR154C,0,-4.992853,0.10823742300271988,0.8370000123977661,0.6895999908447266
YLR408C,YEL039C,0,-4.9930058,0.10822343081235886,0.8370000123977661,0.6897000074386597
YNL227C,YOR328W,0,-4.993083,0.10820943862199783,0.8370000123977661,0.6898000240325928
YGR212W,YFR024C-A,0,-4.993755,0.10819544643163681,0.8370000123977661,0.6898999810218811
YLR172C,YKL220C,0,-4.9938655,0.10818146914243698,0.8370000123977661,0.6899999976158142
YPL058C,YCR043C,0,-4.9939375,0.10816748440265656,0.8370000123977661,0.6901000142097473
YOL119C,YDR188W,0,-4.994114,0.10815350711345673,0.8370000123977661,0.6901999711990356
YNL091W,YHR114W,1,-4.994159,0.10826873034238815,0.8379999995231628,0.6901999711990356
YJL078C,YPR131C,0,-4.9941864,0.10825474560260773,0.8379999995231628,0.6902999877929688
YGR013W,YDL130W,0,-4.99434,0.1082407683134079,0.8379999995231628,0.6904000043869019
YLR004C,YDR069C,0,-4.9944296,0.10822678357362747,0.8379999995231628,0.690500020980835
YNL139C,YOR073W,0,-4.99478,0.10821280628442764,0.8379999995231628,0.6905999779701233
YDR156W,YMR036C,0,-4.994793,0.10819883644580841,0.8379999995231628,0.6906999945640564
YPL206C,YDR331W,0,-4.9949465,0.10818486660718918,0.8379999995231628,0.6908000111579895
YPR133C,YGL179C,0,-4.9951954,0.10817090421915054,0.8379999995231628,0.6909000277519226
YOL052C-A,YEL039C,0,-4.9952545,0.10815694183111191,0.8379999995231628,0.6909999847412109
YPR018W,YOL109W,0,-4.9953794,0.10814298689365387,0.8379999995231628,0.691100001335144
YCL063W,YAR066W,0,-4.9956365,0.10812903195619583,0.8379999995231628,0.6912000179290771
YBR158W,YEL055C,0,-4.9958324,0.10811508446931839,0.8379999995231628,0.6912999749183655
YBL042C,YLR121C,0,-4.9960423,0.10810113698244095,0.8379999995231628,0.6913999915122986
YJL219W,YOR158W,0,-4.9962044,0.10808718949556351,0.8379999995231628,0.6915000081062317
YKL080W,YOL002C,0,-4.996233,0.10807324945926666,0.8379999995231628,0.6916000247001648
YGR030C,YPL194W,0,-4.9962387,0.10805931687355042,0.8379999995231628,0.6916999816894531
YML091C,YOL088C,0,-4.9963083,0.10804538428783417,0.8379999995231628,0.6917999982833862
YBR092C,YLR367W,0,-4.99634,0.10803145915269852,0.8379999995231628,0.6919000148773193
YOR231W,YKR075C,0,-4.996518,0.10801752656698227,0.8379999995231628,0.6919999718666077
YGL175C,YDL143W,0,-4.996576,0.10800360888242722,0.8379999995231628,0.6920999884605408
YER025W,YML102W,0,-4.996913,0.10798969119787216,0.8379999995231628,0.6922000050544739
YLR310C,YHR115C,0,-4.997147,0.10797577351331711,0.8379999995231628,0.692300021648407
YCR094W,YOR260W,0,-4.9972553,0.10796186327934265,0.8379999995231628,0.6923999786376953
YLR032W,YMR281W,0,-4.9974985,0.10794796049594879,0.8379999995231628,0.6924999952316284
YDR390C,YIL009W,0,-4.997802,0.10793405771255493,0.8379999995231628,0.6926000118255615
YLR037C,YHR024C,0,-4.997928,0.10792015492916107,0.8379999995231628,0.6927000284194946
YDR113C,YDR071C,0,-4.9980893,0.10790625959634781,0.8379999995231628,0.692799985408783
YMR167W,YMR116C,0,-4.998327,0.10789236426353455,0.8379999995231628,0.6929000020027161
YNR075W,YER177W,0,-4.9984846,0.10787847638130188,0.8379999995231628,0.6930000185966492
YOR043W,YLR336C,1,-4.998611,0.10799330472946167,0.8389999866485596,0.6930000185966492
YDR376W,YGR075C,0,-4.9989257,0.10797940939664841,0.8389999866485596,0.6930999755859375
YHR202W,YKR009C,0,-4.9989257,0.10796551406383514,0.8389999866485596,0.6931999921798706
YLR090W,YCR045C,0,-4.998969,0.10795161873102188,0.8389999866485596,0.6933000087738037
YCL039W,YHR140W,0,-4.9991264,0.10793773084878922,0.8389999866485596,0.6934000253677368
YBR159W,YPL217C,0,-4.999868,0.10792385041713715,0.8389999866485596,0.6934999823570251
YPR005C,YLR362W,1,-5.0000095,0.10803858190774918,0.8399999737739563,0.6934999823570251
YOL144W,YBR258C,0,-5.0000887,0.10802469402551651,0.8399999737739563,0.6935999989509583
YBR233W-A,YBR033W,0,-5.0004168,0.10801079869270325,0.8399999737739563,0.6937000155448914
YML021C,YIR003W,0,-5.000433,0.10799691081047058,0.8399999737739563,0.6937999725341797
YMR205C,YDR217C,0,-5.0005374,0.10798303037881851,0.8399999737739563,0.6938999891281128
YOR321W,YPR081C,0,-5.0008235,0.10796914994716644,0.8399999737739563,0.6940000057220459
YOR033C,YNL311C,0,-5.00089,0.10795527696609497,0.8399999737739563,0.694100022315979
YKL080W,YGR060W,0,-5.001131,0.1079414039850235,0.8399999737739563,0.6941999793052673
YPL068C,YHR024C,0,-5.0012302,0.10792753100395203,0.8399999737739563,0.6942999958992004
YGL161C,YDR377W,0,-5.001514,0.10791366547346115,0.8399999737739563,0.6944000124931335
YDR330W,YPL225W,0,-5.0016623,0.10789980739355087,0.8399999737739563,0.6945000290870667
YPR121W,YAR015W,0,-5.001753,0.1078859493136406,0.8399999737739563,0.694599986076355
YDL235C,YPL239W,1,-5.001972,0.10800051689147949,0.8410000205039978,0.694599986076355
YLR419W,YGR037C,0,-5.002619,0.10798664391040802,0.8410000205039978,0.6947000026702881
YDR524C,YBR041W,0,-5.002715,0.10797278583049774,0.8410000205039978,0.6948000192642212
YGR206W,YLR015W,0,-5.0028667,0.10795892030000687,0.8410000205039978,0.6948999762535095
YDR407C,YPL158C,0,-5.0030117,0.10794506222009659,0.8410000205039978,0.6949999928474426
YJL093C,YFL056C,0,-5.0032477,0.1079312115907669,0.8410000205039978,0.6951000094413757
YGR116W,YMR113W,0,-5.0033965,0.10791736096143723,0.8410000205039978,0.6952000260353088
YLR238W,YNL166C,0,-5.0035157,0.10790351778268814,0.8410000205039978,0.6952999830245972
YBR058C-A,YHR207C,0,-5.0038095,0.10788967460393906,0.8410000205039978,0.6953999996185303
YOR266W,YML055W,0,-5.0038443,0.10787583142518997,0.8410000205039978,0.6955000162124634
YGR063C,YOR116C,0,-5.00388,0.10786199569702148,0.8410000205039978,0.6955999732017517
YGL089C,YFR041C,0,-5.0043325,0.1078481674194336,0.8410000205039978,0.6956999897956848
YBR028C,YOL144W,0,-5.0047064,0.1078343391418457,0.8410000205039978,0.6958000063896179
YDL100C,YGL106W,0,-5.00494,0.10782051086425781,0.8410000205039978,0.695900022983551
YKL088W,YCR009C,1,-5.004966,0.1079348772764206,0.8420000076293945,0.695900022983551
YBR041W,YFR025C,0,-5.0050507,0.1079210489988327,0.8420000076293945,0.6959999799728394
YIR010W,YNL176C,0,-5.005086,0.10790721327066422,0.8420000076293945,0.6960999965667725
YBR028C,YFR050C,0,-5.005125,0.10789338499307632,0.8420000076293945,0.6962000131607056
YOR266W,YNL169C,0,-5.005246,0.10787956416606903,0.8420000076293945,0.6963000297546387
YMR002W,YJL014W,0,-5.0052705,0.10786574333906174,0.8420000076293945,0.696399986743927
YML023C,YJL076W,0,-5.00533,0.10785192996263504,0.8420000076293945,0.6965000033378601
YOR270C,YER155C,0,-5.00566,0.10783811658620834,0.8420000076293945,0.6966000199317932
YAL056W,YPL017C,0,-5.0061154,0.10782430320978165,0.8420000076293945,0.6966999769210815
YDL007W,YER083C,0,-5.006843,0.10781049728393555,0.8420000076293945,0.6967999935150146
YGR059W,YML019W,0,-5.0070343,0.10779669880867004,0.8420000076293945,0.6969000101089478
YDL115C,YPL248C,0,-5.0072966,0.10778290033340454,0.8420000076293945,0.6970000267028809
YNL029C,YBR201W,0,-5.0075994,0.10776910185813904,0.8420000076293945,0.6970999836921692
YBR021W,YDR054C,0,-5.0081744,0.10775531083345413,0.8420000076293945,0.6972000002861023
YNL197C,YGL002W,0,-5.0081835,0.10774151980876923,0.8420000076293945,0.6973000168800354
YPL059W,YOR028C,1,-5.0087323,0.10785567760467529,0.8429999947547913,0.6973000168800354
YNL128W,YPR086W,0,-5.008886,0.10784188657999039,0.8429999947547913,0.6973999738693237
YML062C,YGR124W,0,-5.008909,0.10782808810472488,0.8429999947547913,0.6974999904632568
YPR034W,YHR103W,0,-5.0089808,0.10781429708003998,0.8429999947547913,0.6976000070571899
YBR198C,YDR515W,0,-5.0091105,0.10780051350593567,0.8429999947547913,0.697700023651123
YOL152W,YCL055W,0,-5.009261,0.10778672993183136,0.8429999947547913,0.6977999806404114
YOR057W,YGR212W,0,-5.0095267,0.10777294635772705,0.8429999947547913,0.6978999972343445
YKL134C,YML065W,0,-5.0095634,0.10775917023420334,0.8429999947547913,0.6980000138282776
YDL010W,YBR086C,1,-5.0096316,0.10787320882081985,0.843999981880188,0.6980000138282776
YMR016C,YGL243W,0,-5.0100126,0.10785942524671555,0.843999981880188,0.6980999708175659
YER184C,YGL136C,0,-5.010544,0.10784564167261124,0.843999981880188,0.698199987411499
YLR189C,YBR164C,0,-5.010581,0.10783186554908752,0.843999981880188,0.6983000040054321
YOR032C,YER173W,0,-5.0108504,0.10781808942556381,0.843999981880188,0.6984000205993652
YPL234C,YBR033W,0,-5.0109825,0.1078043207526207,0.843999981880188,0.6984999775886536
YER056C,YML005W,0,-5.0109925,0.10779055207967758,0.843999981880188,0.6985999941825867
YAR071W,YNL112W,0,-5.0110497,0.10777678340673447,0.843999981880188,0.6987000107765198
YJL097W,YCR091W,0,-5.0113373,0.10776302218437195,0.843999981880188,0.6988000273704529
YBR045C,YOR227W,0,-5.011453,0.10774926841259003,0.843999981880188,0.6988999843597412
YDL018C,YMR127C,0,-5.0115185,0.1077355146408081,0.843999981880188,0.6990000009536743
YER021W,YIL027C,0,-5.011571,0.10772176086902618,0.843999981880188,0.6991000175476074
YNL250W,YLL024C,0,-5.0116415,0.10770801454782486,0.843999981880188,0.6991999745368958
YFL008W,YMR080C,0,-5.0119905,0.10769426822662354,0.843999981880188,0.6992999911308289
YPR075C,YER118C,1,-5.0121245,0.10780811309814453,0.8450000286102295,0.6992999911308289
YBL047C,YLR288C,0,-5.0123043,0.10779435932636261,0.8450000286102295,0.699400007724762
YHR165C,YLR221C,0,-5.012341,0.10778061300516129,0.8450000286102295,0.6995000243186951
YDR522C,YOL058W,0,-5.012379,0.10776686668395996,0.8450000286102295,0.6995999813079834
YLR085C,YCR088W,0,-5.013077,0.10775312781333923,0.8450000286102295,0.6996999979019165
YIL101C,YDR194C,0,-5.013115,0.1077393889427185,0.8450000286102295,0.6998000144958496
YGL191W,YMR244C-A,0,-5.0132914,0.10772565007209778,0.8450000286102295,0.6998999714851379
YLR189C,YBL037W,0,-5.0134807,0.10771191865205765,0.8450000286102295,0.699999988079071
YJR002W,YJL174W,0,-5.0138855,0.10769818723201752,0.8450000286102295,0.7001000046730042
YNL327W,YJR098C,0,-5.014503,0.10768446326255798,0.8450000286102295,0.7002000212669373
YDR116C,YDL066W,0,-5.014911,0.10767074674367905,0.8450000286102295,0.7002999782562256
YDR163W,YFL044C,0,-5.0149407,0.10765702277421951,0.8450000286102295,0.7003999948501587
YML031W,YMR311C,0,-5.014941,0.10764331370592117,0.8450000286102295,0.7005000114440918
YLR055C,YNR056C,0,-5.0149565,0.10762960463762283,0.8450000286102295,0.7006000280380249
YKL081W,YFR051C,0,-5.0151997,0.1076158955693245,0.8450000286102295,0.7006999850273132
YNL263C,YBR091C,0,-5.0154724,0.10760219395160675,0.8450000286102295,0.7008000016212463
YDR130C,YIL162W,0,-5.015562,0.10758849233388901,0.8450000286102295,0.7009000182151794
YKR025W,YMR264W,0,-5.0159497,0.10757479071617126,0.8450000286102295,0.7009999752044678
YJL069C,YLR010C,0,-5.0160103,0.10756109654903412,0.8450000286102295,0.7010999917984009
YOR124C,YGL251C,0,-5.016078,0.10754740983247757,0.8450000286102295,0.701200008392334
YOR224C,YIR007W,0,-5.016609,0.10753372311592102,0.8450000286102295,0.7013000249862671
YOR270C,YIL031W,0,-5.016641,0.10752004384994507,0.8450000286102295,0.7013999819755554
YOR329C,YFL049W,0,-5.0167494,0.10750636458396912,0.8450000286102295,0.7014999985694885
YBR298C,YOR386W,0,-5.0171056,0.10749268531799316,0.8450000286102295,0.7016000151634216
YKL143W,YOL089C,1,-5.0171165,0.10760620981454849,0.8460000157356262,0.7016000151634216
YBR191W,YKR079C,0,-5.0171914,0.10759252309799194,0.8460000157356262,0.70169997215271
YMR291W,YGL078C,0,-5.0173845,0.10757884383201599,0.8460000157356262,0.7017999887466431
YER113C,YOR075W,0,-5.017482,0.10756516456604004,0.8460000157356262,0.7019000053405762
YLR249W,YLR008C,0,-5.017546,0.10755148530006409,0.8460000157356262,0.7020000219345093
YGR241C,YOR362C,0,-5.0176606,0.10753781348466873,0.8460000157356262,0.7020999789237976
YGR103W,YPR071W,0,-5.0179005,0.10752414911985397,0.8460000157356262,0.7021999955177307
YMR214W,YNL076W,0,-5.0179462,0.10751048475503922,0.8460000157356262,0.7023000121116638
YCL075W,YNL176C,0,-5.0180264,0.10749682039022446,0.8460000157356262,0.7024000287055969
YFL004W,YHL006C,0,-5.0180445,0.1074831634759903,0.8460000157356262,0.7024999856948853
YBL019W,YJR113C,0,-5.0180492,0.10746951401233673,0.8460000157356262,0.7026000022888184
YHR045W,YNL065W,0,-5.018476,0.10745586454868317,0.8460000157356262,0.7027000188827515
YPL189C-A,YGR087C,0,-5.018716,0.1074422150850296,0.8460000157356262,0.7027999758720398
YDR165W,YGL044C,0,-5.0189342,0.10742857307195663,0.8460000157356262,0.7028999924659729
YHL013C,YLL010C,0,-5.019043,0.10741493105888367,0.8460000157356262,0.703000009059906
YPR009W,YOR262W,0,-5.0195146,0.1074012964963913,0.8460000157356262,0.7031000256538391
YPL249C-A,YKL079W,0,-5.0199203,0.10738766193389893,0.8460000157356262,0.7031999826431274
YLR332W,YHR206W,1,-5.020049,0.10750095546245575,0.847000002861023,0.7031999826431274
YGL090W,YMR251W-A,0,-5.020293,0.10748730599880219,0.847000002861023,0.7032999992370605
YDL235C,YHL007C,1,-5.020439,0.10760055482387543,0.8479999899864197,0.7032999992370605
YHR129C,YNL301C,0,-5.0204797,0.10758690536022186,0.8479999899864197,0.7034000158309937
YLR090W,YIR009W,0,-5.02094,0.1075732558965683,0.8479999899864197,0.703499972820282
YPL074W,YGR271C-A,0,-5.021246,0.10755961388349533,0.8479999899864197,0.7035999894142151
YCR081W,YJL139C,0,-5.021274,0.10754597187042236,0.8479999899864197,0.7037000060081482
YMR152W,YPL271W,0,-5.0215273,0.10753233730792999,0.8479999899864197,0.7038000226020813
YPL105C,YLR200W,0,-5.0219145,0.10751870274543762,0.8479999899864197,0.7038999795913696
YDL049C,YFL062W,0,-5.022003,0.10750506818294525,0.8479999899864197,0.7039999961853027
YMR175W,YKL143W,1,-5.0220075,0.10761820524930954,0.8489999771118164,0.7039999961853027
YKL157W,YFR028C,0,-5.0223427,0.10760456323623657,0.8489999771118164,0.7041000127792358
YMR290C,YFR032C-A,0,-5.022811,0.1075909286737442,0.8489999771118164,0.704200029373169
YJL123C,YKL138C-A,0,-5.0228505,0.10757729411125183,0.8489999771118164,0.7042999863624573
YDR284C,YNL124W,0,-5.023167,0.10756366699934006,0.8489999771118164,0.7044000029563904
YER118C,YKL129C,1,-5.023259,0.10767671465873718,0.8500000238418579,0.7044000029563904
YDR534C,YOL097C,0,-5.023382,0.10766308009624481,0.8500000238418579,0.7045000195503235
YGR088W,YKL148C,0,-5.023678,0.10764944553375244,0.8500000238418579,0.7045999765396118
YER065C,YHR165C,0,-5.0238614,0.10763581097126007,0.8500000238418579,0.7046999931335449
YPR081C,YLR109W,0,-5.0240107,0.1076221838593483,0.8500000238418579,0.704800009727478
YLR247C,YLR388W,0,-5.0240173,0.10760855674743652,0.8500000238418579,0.7049000263214111
YDL160C,YCR024C,0,-5.024113,0.10759493708610535,0.8500000238418579,0.7049999833106995
YBR160W,YJR098C,0,-5.024184,0.10758131742477417,0.8500000238418579,0.7050999999046326
YLR308W,YDL003W,0,-5.024262,0.10756770521402359,0.8500000238418579,0.7052000164985657
YLR467W,YHR122W,0,-5.0245237,0.10755409300327301,0.8500000238418579,0.705299973487854
YHL021C,YLR132C,0,-5.0246096,0.10754048824310303,0.8500000238418579,0.7053999900817871
YDL031W,YBR240C,0,-5.0247173,0.10752688348293304,0.8500000238418579,0.7055000066757202
YMR029C,YMR244C-A,0,-5.0247173,0.10751327872276306,0.8500000238418579,0.7056000232696533
YBL056W,YGR094W,0,-5.0250254,0.10749968141317368,0.8500000238418579,0.7056999802589417
YGR224W,YGR047C,0,-5.0253625,0.10748609155416489,0.8500000238418579,0.7057999968528748
YOR081C,YOR205C,0,-5.025403,0.1074725016951561,0.8500000238418579,0.7059000134468079
YBR193C,YIL011W,0,-5.026216,0.10745891183614731,0.8500000238418579,0.7059999704360962
YFL004W,YOR326W,0,-5.0272446,0.10744532942771912,0.8500000238418579,0.7060999870300293
YPR032W,YFR007W,0,-5.027295,0.10743174701929092,0.8500000238418579,0.7062000036239624
YDR348C,YNL132W,0,-5.0276384,0.10741817206144333,0.8500000238418579,0.7063000202178955
YMR234W,YER015W,0,-5.027781,0.10740459710359573,0.8500000238418579,0.7063999772071838
YDL075W,YFR016C,0,-5.027852,0.10739102959632874,0.8500000238418579,0.7064999938011169
YLR409C,YKR095W-A,0,-5.0279703,0.10737746208906174,0.8500000238418579,0.70660001039505
YNL154C,YDR395W,0,-5.0280333,0.10736390203237534,0.8500000238418579,0.7067000269889832
YDR194C,YPL268W,0,-5.02835,0.10735034197568893,0.8500000238418579,0.7067999839782715
YPR094W,YKL042W,0,-5.0284004,0.10733678191900253,0.8500000238418579,0.7069000005722046
YBR058C-A,YNL021W,0,-5.0285277,0.10732322931289673,0.8500000238418579,0.7070000171661377
YIL043C,YBR048W,0,-5.0290775,0.10730968415737152,0.8500000238418579,0.707099974155426
YDR440W,YGL028C,0,-5.0290923,0.10729613900184631,0.8500000238418579,0.7071999907493591
YGL013C,YPR082C,0,-5.029344,0.1072825938463211,0.8500000238418579,0.7073000073432922
YDR303C,YHR140W,0,-5.0293536,0.1072690561413765,0.8500000238418579,0.7074000239372253
YGR028W,YGL055W,0,-5.0295687,0.10725551843643188,0.8500000238418579,0.7074999809265137
YLR084C,YLR102C,0,-5.029775,0.10724198818206787,0.8500000238418579,0.7075999975204468
YKL167C,YHR023W,0,-5.029809,0.10722845792770386,0.8500000238418579,0.7077000141143799
YGL027C,YOR197W,0,-5.030016,0.10721493512392044,0.8500000238418579,0.7077999711036682
YAL043C,YDR160W,0,-5.0301714,0.10720141232013702,0.8500000238418579,0.7078999876976013
YMR011W,YPL031C,0,-5.0304565,0.1071878969669342,0.8500000238418579,0.7080000042915344
YMR088C,YGR029W,0,-5.030986,0.10717438161373138,0.8500000238418579,0.7081000208854675
YCR017C,YER075C,0,-5.031021,0.10716086626052856,0.8500000238418579,0.7081999778747559
YNL053W,YPL198W,0,-5.031291,0.10714735835790634,0.8500000238418579,0.708299994468689
YOR140W,YKR024C,0,-5.031608,0.10713385790586472,0.8500000238418579,0.7084000110626221
YKL048C,YDR420W,1,-5.0316744,0.10724637657403946,0.8510000109672546,0.7084000110626221
YJR033C,YNL185C,0,-5.031901,0.10723286122083664,0.8510000109672546,0.7085000276565552
YPL135W,YGL002W,0,-5.0319285,0.10721935331821442,0.8510000109672546,0.7085999846458435
YOL055C,YER072W,0,-5.03208,0.1072058454155922,0.8510000109672546,0.7087000012397766
YHR143W,YKL065C,0,-5.0328712,0.10719234496355057,0.8510000109672546,0.7088000178337097
YFR049W,YMR024W,0,-5.0330405,0.10717884451150894,0.8510000109672546,0.708899974822998
YDR156W,YKL138C-A,0,-5.033139,0.10716534405946732,0.8510000109672546,0.7089999914169312
YOR205C,YNL081C,0,-5.0336924,0.10715185105800629,0.8510000109672546,0.7091000080108643
YMR233W,YJR089W,0,-5.0344043,0.10713835805654526,0.8510000109672546,0.7092000246047974
YDL147W,YDL130W,0,-5.034524,0.10712487250566483,0.8510000109672546,0.7092999815940857
YJR099W,YKR013W,0,-5.0346575,0.10711139440536499,0.8510000109672546,0.7093999981880188
YKL191W,YJL183W,0,-5.0346603,0.10709790885448456,0.8510000109672546,0.7095000147819519
YPL022W,YOL008W,0,-5.0347214,0.10708443075418472,0.8510000109672546,0.7095999717712402
YDL231C,YBR023C,0,-5.034932,0.10707096010446548,0.8510000109672546,0.7096999883651733
YBL066C,YMR244C-A,0,-5.035205,0.10705748945474625,0.8510000109672546,0.7098000049591064
YAR050W,YJL059W,0,-5.035516,0.1070440262556076,0.8510000109672546,0.7099000215530396
YOR118W,YLR013W,0,-5.0355425,0.10703056305646896,0.8510000109672546,0.7099999785423279
YPL004C,YDL012C,0,-5.03555,0.10701709985733032,0.8510000109672546,0.710099995136261
YNL177C,YMR047C,0,-5.036749,0.10700364410877228,0.8510000109672546,0.7102000117301941
YGR030C,YMR052W,0,-5.0369425,0.10699019581079483,0.8510000109672546,0.7103000283241272
YLR022C,YML126C,0,-5.037139,0.10697674751281738,0.8510000109672546,0.7103999853134155
YIL074C,YLR292C,0,-5.03716,0.10696329921483994,0.8510000109672546,0.7105000019073486
YPL249C-A,YDR147W,0,-5.0374694,0.10694985836744308,0.8510000109672546,0.7106000185012817
YGR063C,YDR441C,0,-5.037692,0.10693641752004623,0.8510000109672546,0.7106999754905701
YPR007C,YLR427W,0,-5.0391035,0.10692297667264938,0.8510000109672546,0.7107999920845032
YBL040C,YFR025C,0,-5.039165,0.10690955072641373,0.8510000109672546,0.7109000086784363
YER019W,YLR337C,1,-5.0393124,0.10702173411846161,0.8519999980926514,0.7109000086784363
YJR077C,YDL007W,0,-5.0393496,0.10700828582048416,0.8519999980926514,0.7110000252723694
YCR027C,YCR021C,0,-5.039728,0.10699485242366791,0.8519999980926514,0.7110999822616577
YGR091W,YGL136C,0,-5.039954,0.10698141902685165,0.8519999980926514,0.7111999988555908
YPR005C,YLR337C,1,-5.039977,0.10709353536367416,0.8529999852180481,0.7111999988555908
YOR181W,YOR367W,1,-5.0401278,0.10720562189817429,0.8539999723434448,0.7111999988555908
YCR107W,YNL181W,0,-5.0402803,0.10719216614961624,0.8539999723434448,0.7113000154495239
YCR071C,YLR132C,0,-5.0404663,0.1071787178516388,0.8539999723434448,0.7113999724388123
YPL231W,YGR247W,0,-5.041288,0.10716526210308075,0.8539999723434448,0.7114999890327454
YLR229C,YKL194C,0,-5.0413456,0.1071518212556839,0.8539999723434448,0.7116000056266785
YMR234W,YLR423C,0,-5.041615,0.10713837295770645,0.8539999723434448,0.7117000222206116
YOL072W,YOL007C,0,-5.0419364,0.1071249395608902,0.8539999723434448,0.7117999792098999
YDR038C,YIR033W,0,-5.0419884,0.10711149871349335,0.8539999723434448,0.711899995803833
YDR520C,YDR020C,0,-5.0420604,0.1070980653166771,0.8539999723434448,0.7120000123977661
YER019W,YNL020C,1,-5.042157,0.10721003264188766,0.8550000190734863,0.7120000123977661
YER030W,YOR039W,0,-5.0427065,0.10719659179449081,0.8550000190734863,0.7121000289916992
YCR107W,YOR298C-A,0,-5.042802,0.10718315094709396,0.8550000190734863,0.7121999859809875
YCL010C,YMR154C,0,-5.043252,0.10716971755027771,0.8550000190734863,0.7123000025749207
YLR143W,YCR047C,0,-5.0433006,0.10715628415346146,0.8550000190734863,0.7124000191688538
YDL003W,YPL176C,0,-5.043449,0.1071428582072258,0.8550000190734863,0.7124999761581421
YIL157C,YFR046C,0,-5.0434613,0.10712943226099014,0.8550000190734863,0.7125999927520752
YFR028C,YBR119W,0,-5.0437965,0.10711601376533508,0.8550000190734863,0.7127000093460083
YGR008C,YPL230W,1,-5.043891,0.1072278618812561,0.8560000061988831,0.7127000093460083
YOR156C,YOR010C,0,-5.0447474,0.10721442848443985,0.8560000061988831,0.7128000259399414
YJL054W,YOL002C,0,-5.0453777,0.1072010025382042,0.8560000061988831,0.7128999829292297
YKL155C,YHR086W,0,-5.0455513,0.10718757659196854,0.8560000061988831,0.7129999995231628
YDR303C,YNL061W,0,-5.0458145,0.10717415809631348,0.8560000061988831,0.713100016117096
YOR259C,YNL311C,0,-5.046301,0.10716073960065842,0.8560000061988831,0.7131999731063843
YLR172C,YGL064C,0,-5.04646,0.10714732855558395,0.8560000061988831,0.7132999897003174
YPL061W,YBR054W,0,-5.0467687,0.10713391751050949,0.8560000061988831,0.7134000062942505
YHR089C,YFL061W,0,-5.0469956,0.10712051391601562,0.8560000061988831,0.7135000228881836
YML005W,YLR116W,0,-5.047016,0.10710711032152176,0.8560000061988831,0.7135999798774719
YPL153C,YHR188C,0,-5.047738,0.1070937067270279,0.8560000061988831,0.713699996471405
YAL032C,YDL150W,0,-5.047848,0.10708031058311462,0.8560000061988831,0.7138000130653381
YPR009W,YIL101C,0,-5.0478697,0.10706691443920135,0.8560000061988831,0.7139000296592712
YHR043C,YMR184W,0,-5.048189,0.10705352574586868,0.8560000061988831,0.7139999866485596
YDR398W,YAR066W,0,-5.0482306,0.10704013705253601,0.8560000061988831,0.7141000032424927
YCL010C,YOR229W,0,-5.048624,0.10702675580978394,0.8560000061988831,0.7142000198364258
YMR256C,YDL087C,0,-5.0495367,0.10701337456703186,0.8560000061988831,0.7142999768257141
YDR180W,YOL032W,0,-5.04961,0.10700000077486038,0.8560000061988831,0.7143999934196472
YPL091W,YPR103W,0,-5.0496407,0.1069866269826889,0.8560000061988831,0.7145000100135803
YJR161C,YGL001C,0,-5.049697,0.10697325319051743,0.8560000061988831,0.7146000266075134
YLR356W,YFR032C-A,0,-5.050051,0.10695988684892654,0.8560000061988831,0.7146999835968018
YBR208C,YHL032C,0,-5.050074,0.10694652795791626,0.8560000061988831,0.7148000001907349
YPR070W,YNL317W,0,-5.0502334,0.10693316906690598,0.8560000061988831,0.714900016784668
YDR387C,YLR128W,0,-5.0504556,0.10691981017589569,0.8560000061988831,0.7149999737739563
YFL031W,YNL206C,0,-5.0505934,0.106906458735466,0.8560000061988831,0.7150999903678894
YJR067C,YGR207C,0,-5.0511875,0.10689310729503632,0.8560000061988831,0.7152000069618225
YDR390C,YGL023C,0,-5.051196,0.10687976330518723,0.8560000061988831,0.7153000235557556
YER118C,YLR319C,1,-5.051224,0.10699126124382019,0.8569999933242798,0.7153000235557556
YOL021C,YCR053W,0,-5.0514746,0.1069779023528099,0.8569999933242798,0.715399980545044
YPL124W,YCR018C,0,-5.0515203,0.10696455091238022,0.8569999933242798,0.715499997138977
YEL011W,YDL103C,0,-5.0516825,0.10695120692253113,0.8569999933242798,0.7156000137329102
YOR007C,YLR288C,0,-5.051783,0.10693785548210144,0.8569999933242798,0.7156999707221985
YDR450W,YPL138C,0,-5.051989,0.10692451894283295,0.8569999933242798,0.7157999873161316
YGL059W,YMR052W,0,-5.052006,0.10691117495298386,0.8569999933242798,0.7159000039100647
YHR169W,YGL098W,0,-5.0524373,0.10689783841371536,0.8569999933242798,0.7160000205039978
YDR041W,YNL265C,0,-5.052459,0.10688450932502747,0.8569999933242798,0.7160999774932861
YNL003C,YCL005W-A,0,-5.052594,0.10687118023633957,0.8569999933242798,0.7161999940872192
YER139C,YPL254W,0,-5.0527596,0.10685785859823227,0.8569999933242798,0.7163000106811523
YOR196C,YDR246W,0,-5.0528245,0.10684452950954437,0.8569999933242798,0.7164000272750854
YNL054W,YNL326C,0,-5.053022,0.10683121532201767,0.8569999933242798,0.7164999842643738
YPL189C-A,YDR032C,0,-5.0540395,0.10681790113449097,0.8569999933242798,0.7166000008583069
YJR054W,YPL160W,0,-5.0543594,0.10680458694696426,0.8569999933242798,0.71670001745224
YJL181W,YOR307C,0,-5.0543804,0.10679128021001816,0.8569999933242798,0.7167999744415283
YGR161C,YDR511W,0,-5.0545664,0.10677797347307205,0.8569999933242798,0.7168999910354614
YAR018C,YLR293C,0,-5.055175,0.10676466673612595,0.8569999933242798,0.7170000076293945
YLR409C,YNL082W,0,-5.0553885,0.10675136744976044,0.8569999933242798,0.7171000242233276
YPR070W,YHR207C,0,-5.0555644,0.10673807561397552,0.8569999933242798,0.717199981212616
YNL264C,YHR133C,0,-5.055687,0.10672478377819061,0.8569999933242798,0.7172999978065491
YGR065C,YNL154C,0,-5.056271,0.1067114919424057,0.8569999933242798,0.7174000144004822
YGR132C,YHR073W,0,-5.0565205,0.10669820755720139,0.8569999933242798,0.7174999713897705
YGR014W,YLR138W,1,-5.056633,0.10680940747261047,0.8579999804496765,0.7174999713897705
YBR135W,YGR275W,0,-5.056924,0.10679611563682556,0.8579999804496765,0.7175999879837036
YDR422C,YDR141C,0,-5.0569286,0.10678282380104065,0.8579999804496765,0.7177000045776367
YPL195W,YLR001C,0,-5.0571394,0.10676953941583633,0.8579999804496765,0.7178000211715698
YBR215W,YJL170C,0,-5.0574703,0.10675625503063202,0.8579999804496765,0.7178999781608582
YCR073C,YLR319C,1,-5.0577283,0.10686738044023514,0.859000027179718,0.7178999781608582
YHR089C,YOR044W,0,-5.0580764,0.10685408860445023,0.859000027179718,0.7179999947547913
YER172C,YDR247W,0,-5.0582457,0.10684079676866531,0.859000027179718,0.7181000113487244
YGR092W,YPR067W,0,-5.058275,0.106827512383461,0.859000027179718,0.7182000279426575
YDR450W,YJL035C,0,-5.058903,0.10681422799825668,0.859000027179718,0.7182999849319458
YAL015C,YBL002W,0,-5.0589137,0.10680094361305237,0.859000027179718,0.7184000015258789
YML005W,YNL206C,0,-5.058975,0.10678766667842865,0.859000027179718,0.718500018119812
YKL028W,YOR058C,0,-5.059237,0.10677439719438553,0.859000027179718,0.7185999751091003
YDR225W,YHR031C,0,-5.059264,0.10676112025976181,0.859000027179718,0.7186999917030334
YEL055C,YHR187W,0,-5.0598803,0.10674785822629929,0.859000027179718,0.7188000082969666
YCL057C-A,YKR067W,0,-5.0601206,0.10673458874225616,0.859000027179718,0.7189000248908997
YGR217W,YOL065C,0,-5.06034,0.10672133415937424,0.859000027179718,0.718999981880188
YOL117W,YLR106C,0,-5.060483,0.10670807212591171,0.859000027179718,0.7190999984741211
YLR035C,YJL164C,0,-5.0605755,0.10669481754302979,0.859000027179718,0.7192000150680542
YGR223C,YFL008W,0,-5.0609975,0.10668157041072845,0.859000027179718,0.7192999720573425
YIL114C,YMR202W,0,-5.0611954,0.10666832327842712,0.859000027179718,0.7193999886512756
YPR005C,YPL059W,1,-5.0612636,0.10677924007177353,0.8600000143051147,0.7193999886512756
YOL128C,YGR002C,0,-5.061994,0.1067659854888916,0.8600000143051147,0.7195000052452087
YIL103W,YNL233W,0,-5.0621004,0.10675273090600967,0.8600000143051147,0.7196000218391418
YHR115C,YGL250W,0,-5.0623674,0.10673948377370834,0.8600000143051147,0.7196999788284302
YMR128W,YFR041C,0,-5.0624623,0.10672623664140701,0.8600000143051147,0.7197999954223633
YBR218C,YGR062C,0,-5.0626583,0.10671298950910568,0.8600000143051147,0.7199000120162964
YML098W,YER021W,0,-5.062664,0.10669974982738495,0.8600000143051147,0.7200000286102295
YOR362C,YBL014C,0,-5.062802,0.10668651759624481,0.8600000143051147,0.7200999855995178
YBR082C,YLL057C,0,-5.062939,0.10667328536510468,0.8600000143051147,0.7202000021934509
YLR345W,YHR147C,0,-5.0631514,0.10666005313396454,0.8600000143051147,0.720300018787384
YDR363W,YFL053W,0,-5.063205,0.106646828353405,0.8600000143051147,0.7203999757766724
YER094C,YKL220C,0,-5.063535,0.10663360357284546,0.8600000143051147,0.7204999923706055
YBR295W,YMR230W,0,-5.0635815,0.10662037879228592,0.8600000143051147,0.7206000089645386
YHR143W,YJL210W,0,-5.0638857,0.10660716146230698,0.8600000143051147,0.7207000255584717
YPL175W,YHR019C,0,-5.0640526,0.10659395158290863,0.8600000143051147,0.72079998254776
YGL008C,YDR283C,0,-5.064187,0.10658074170351028,0.8600000143051147,0.7208999991416931
YJR042W,YCR020C,0,-5.064272,0.10656753182411194,0.8600000143051147,0.7210000157356262
YHR079C-B,YLR210W,0,-5.0643153,0.10655432939529419,0.8600000143051147,0.7210999727249146
YGL232W,YOL128C,0,-5.064455,0.10654112696647644,0.8600000143051147,0.7211999893188477
YPR071W,YKR105C,0,-5.0644608,0.10652793198823929,0.8600000143051147,0.7213000059127808
YLR071C,YPL283C,0,-5.065178,0.10651473701000214,0.8600000143051147,0.7214000225067139
YKR079C,YJR110W,0,-5.0653415,0.10650154948234558,0.8600000143051147,0.7214999794960022
YLR449W,YOR346W,0,-5.065384,0.10648836195468903,0.8600000143051147,0.7215999960899353
YBR018C,YBR234C,0,-5.065719,0.10647517442703247,0.8600000143051147,0.7217000126838684
YKL040C,YMR156C,0,-5.065748,0.10646199434995651,0.8600000143051147,0.7218000292778015
YJL026W,YPL010W,0,-5.0657845,0.10644881427288055,0.8600000143051147,0.7218999862670898
YIL153W,YMR109W,1,-5.0658674,0.1065594032406807,0.8610000014305115,0.7218999862670898
YLR426W,YPL217C,0,-5.066234,0.10654622316360474,0.8610000014305115,0.722000002861023
YDL160C,YDL193W,0,-5.0664644,0.10653303563594818,0.8610000014305115,0.722100019454956
YLR247C,YCR020C,0,-5.0669885,0.10651985555887222,0.8610000014305115,0.7221999764442444
YLR102C,YGL020C,0,-5.067256,0.10650668293237686,0.8610000014305115,0.7222999930381775
YHR091C,YDR116C,0,-5.0676827,0.1064935028553009,0.8610000014305115,0.7224000096321106
YDR402C,YKL192C,0,-5.068305,0.10648033767938614,0.8610000014305115,0.7225000262260437
YIL147C,YLR138W,1,-5.0683575,0.10659082233905792,0.8619999885559082,0.7225000262260437
YCL010C,YMR063W,0,-5.0684304,0.10657764226198196,0.8619999885559082,0.722599983215332
YOR321W,YKR095W-A,0,-5.0686474,0.1065644696354866,0.8619999885559082,0.7226999998092651
YGR148C,YCR027C,0,-5.0690145,0.10655129700899124,0.8619999885559082,0.7228000164031982
YKR042W,YPR055W,0,-5.069381,0.10653813183307648,0.8619999885559082,0.7228999733924866
YDR266C,YNL126W,0,-5.0694036,0.10652495920658112,0.8619999885559082,0.7229999899864197
YML077W,YGL003C,0,-5.069497,0.10651180148124695,0.8619999885559082,0.7231000065803528
YOR060C,YMR006C,0,-5.0695763,0.10649864375591278,0.8619999885559082,0.7232000231742859
YDL194W,YFL031W,0,-5.0697446,0.10648548603057861,0.8619999885559082,0.7232999801635742
YDR398W,YER148W,0,-5.0697556,0.10647232830524445,0.8619999885559082,0.7233999967575073
YCR098C,YBR189W,0,-5.070368,0.10645918548107147,0.8619999885559082,0.7235000133514404
YIL168W,YOR079C,0,-5.070456,0.1064460352063179,0.8619999885559082,0.7235999703407288
YLR337C,YIL147C,1,-5.070485,0.10655636340379715,0.8629999756813049,0.7235999703407288
YBR022W,YKL086W,0,-5.070526,0.10654321312904358,0.8629999756813049,0.7236999869346619
YJL090C,YGL168W,0,-5.0706015,0.10653005540370941,0.8629999756813049,0.723800003528595
YER007W,YFR046C,0,-5.0706806,0.10651691257953644,0.8629999756813049,0.7239000201225281
YDR352W,YLL035W,0,-5.0711565,0.10650376230478287,0.8629999756813049,0.7239999771118164
YOR157C,YHR149C,0,-5.0712905,0.1064906194806099,0.8629999756813049,0.7240999937057495
YER183C,YDL200C,0,-5.0717735,0.10647748410701752,0.8629999756813049,0.7242000102996826
YGR014W,YOL089C,1,-5.0718927,0.106587715446949,0.8640000224113464,0.7242000102996826
YFL004W,YMR004W,0,-5.0719366,0.10657456517219543,0.8640000224113464,0.7243000268936157
YJL013C,YGR024C,0,-5.0719595,0.10656142234802246,0.8640000224113464,0.724399983882904
YKL178C,YAL011W,0,-5.0724583,0.10654827952384949,0.8640000224113464,0.7245000004768372
YER123W,YDL214C,0,-5.072524,0.10653514415025711,0.8640000224113464,0.7246000170707703
YGR067C,YBR154C,0,-5.0726833,0.10652200877666473,0.8640000224113464,0.7246999740600586
YNL020C,YBR086C,1,-5.0728354,0.10663215070962906,0.8650000095367432,0.7246999740600586
YPL242C,YHR114W,1,-5.0730157,0.106742262840271,0.8659999966621399,0.7246999740600586
YAL019W,YLL032C,0,-5.073201,0.10672911256551743,0.8659999966621399,0.7247999906539917
YOL080C,YGR047C,0,-5.073266,0.10671595484018326,0.8659999966621399,0.7249000072479248
YJL110C,YBR199W,0,-5.073268,0.10670281201601028,0.8659999966621399,0.7250000238418579
YHR197W,YPR070W,0,-5.073518,0.10668966174125671,0.8659999966621399,0.7250999808311462
YPL175W,YBR265W,0,-5.073656,0.10667651891708374,0.8659999966621399,0.7251999974250793
YGR091W,YOR016C,0,-5.073859,0.10666338354349136,0.8659999966621399,0.7253000140190125
YER005W,YBL063W,0,-5.07395,0.10665024816989899,0.8659999966621399,0.7253999710083008
YNL047C,YMR281W,0,-5.0740404,0.10663711279630661,0.8659999966621399,0.7254999876022339
YDR406W,YDR261C,0,-5.074386,0.10662398487329483,0.8659999966621399,0.725600004196167
YBL031W,YNL055C,0,-5.0745134,0.10661085695028305,0.8659999966621399,0.7257000207901001
YGR135W,YHR165C,0,-5.074709,0.10659773647785187,0.8659999966621399,0.7257999777793884
YHR118C,YOL059W,0,-5.074727,0.10658461600542068,0.8659999966621399,0.7258999943733215
YNL216W,YER027C,0,-5.0749016,0.1065714955329895,0.8659999966621399,0.7260000109672546
YDR349C,YLL010C,0,-5.0750647,0.10655838251113892,0.8659999966621399,0.7261000275611877
YOR103C,YLR364W,0,-5.07544,0.10654527693986893,0.8659999966621399,0.7261999845504761
YMR177W,YJR094W-A,0,-5.075923,0.10653217136859894,0.8659999966621399,0.7263000011444092
YMR175W,YNL091W,1,-5.076012,0.10664206743240356,0.8669999837875366,0.7263000011444092
YKR072C,YOL089C,1,-5.0760307,0.1067519336938858,0.8679999709129333,0.7263000011444092
YJR129C,YKL027W,0,-5.0761933,0.10673881322145462,0.8679999709129333,0.7264000177383423
YOR094W,YMR202W,0,-5.07629,0.10672568529844284,0.8679999709129333,0.7264999747276306
YHR150W,YMR188C,0,-5.076601,0.10671256482601166,0.8679999709129333,0.7265999913215637
YDR345C,YKL099C,0,-5.0772023,0.10669944435358047,0.8679999709129333,0.7267000079154968
YOR236W,YGR120C,0,-5.0773125,0.10668633133172989,0.8679999709129333,0.7268000245094299
YHR196W,YBR091C,0,-5.0774136,0.1066732183098793,0.8679999709129333,0.7268999814987183
YEL018W,YDR023W,0,-5.0774784,0.10666011273860931,0.8679999709129333,0.7269999980926514
YDR469W,YER140W,0,-5.0780993,0.10664700716733932,0.8679999709129333,0.7271000146865845
YOR014W,YMR080C,0,-5.078305,0.10663390904664993,0.8679999709129333,0.7271999716758728
YGR122W,YGR262C,0,-5.078927,0.10662081092596054,0.8679999709129333,0.7272999882698059
YDL006W,YFL004W,0,-5.0792856,0.10660771280527115,0.8679999709129333,0.727400004863739
YHR084W,YJR086W,0,-5.0793004,0.10659462213516235,0.8679999709129333,0.7275000214576721
YDR418W,YNL227C,0,-5.0793695,0.10658153146505356,0.8679999709129333,0.7275999784469604
YGL116W,YKR027W,0,-5.0795646,0.10656844824552536,0.8679999709129333,0.7276999950408936
YMR128W,YBR050C,0,-5.079717,0.10655536502599716,0.8679999709129333,0.7278000116348267
YGR033C,YNL331C,0,-5.0804605,0.10654228180646896,0.8679999709129333,0.7279000282287598
YHL031C,YHL006C,0,-5.0805383,0.10652920603752136,0.8679999709129333,0.7279999852180481
YDR291W,YDR298C,0,-5.0805473,0.10651613771915436,0.8679999709129333,0.7281000018119812
YOR118W,YMR056C,0,-5.0805554,0.10650306940078735,0.8679999709129333,0.7282000184059143
YJL204C,YHR201C,0,-5.080599,0.10649000108242035,0.8679999709129333,0.7282999753952026
YGL090W,YBR073W,0,-5.080623,0.10647694021463394,0.8679999709129333,0.7283999919891357
YOR113W,YCR094W,0,-5.0807323,0.10646387934684753,0.8679999709129333,0.7285000085830688
YGR096W,YLR432W,0,-5.0808606,0.10645081847906113,0.8679999709129333,0.728600025177002
YHR065C,YDL092W,0,-5.080879,0.10643776506185532,0.8679999709129333,0.7286999821662903
YJL045W,YOR150W,0,-5.081379,0.1064247190952301,0.8679999709129333,0.7287999987602234
YMR121C,YKL081W,0,-5.0814366,0.10641167312860489,0.8679999709129333,0.7289000153541565
YBR288C,YLR225C,0,-5.0815945,0.10639862716197968,0.8679999709129333,0.7289999723434448
YOR001W,YIL091C,0,-5.081852,0.10638558864593506,0.8679999709129333,0.7290999889373779
YOL068C,YDR315C,0,-5.082327,0.10637255012989044,0.8679999709129333,0.729200005531311
YOL123W,YGL116W,0,-5.0823765,0.10635951161384583,0.8679999709129333,0.7293000221252441
YLR079W,YGL226W,0,-5.082858,0.1063464805483818,0.8679999709129333,0.7293999791145325
YBR211C,YER096W,0,-5.0828743,0.10633345693349838,0.8679999709129333,0.7294999957084656
YHR020W,YHR187W,0,-5.083107,0.10632043331861496,0.8679999709129333,0.7296000123023987
YMR053C,YGR194C,0,-5.083176,0.10630740970373154,0.8679999709129333,0.7297000288963318
YNL132W,YDR186C,0,-5.0834227,0.10629439353942871,0.8679999709129333,0.7297999858856201
YKL100C,YOL032W,0,-5.083525,0.10628137737512589,0.8679999709129333,0.7299000024795532
YMR287C,YDR273W,0,-5.0839453,0.10626836121082306,0.8679999709129333,0.7300000190734863
YGL044C,YFL053W,0,-5.0839853,0.10625535249710083,0.8679999709129333,0.7300999760627747
YOR356W,YOL067C,0,-5.083997,0.1062423512339592,0.8679999709129333,0.7301999926567078
YKL188C,YNL133C,0,-5.084249,0.10622934997081757,0.8679999709129333,0.7303000092506409
YIR034C,YLR188W,0,-5.0843096,0.10621634870767593,0.8679999709129333,0.730400025844574
YML130C,YCR106W,0,-5.0844088,0.1062033548951149,0.8679999709129333,0.7304999828338623
YCR033W,YPR008W,0,-5.084607,0.10619036108255386,0.8679999709129333,0.7305999994277954
YHR044C,YEL027W,0,-5.0846963,0.10617736726999283,0.8679999709129333,0.7307000160217285
YNL066W,YGR024C,0,-5.084732,0.10616438090801239,0.8679999709129333,0.7307999730110168
YCR066W,YKR027W,0,-5.0847363,0.10615140199661255,0.8679999709129333,0.73089998960495
YML067C,YER075C,0,-5.0848384,0.10613842308521271,0.8679999709129333,0.7310000061988831
YLR098C,YDR288W,0,-5.0852976,0.10612544417381287,0.8679999709129333,0.7311000227928162
YLR337C,YOL089C,1,-5.085342,0.10623472183942795,0.8690000176429749,0.7311000227928162
YEL015W,YDR189W,0,-5.085417,0.10622173547744751,0.8690000176429749,0.7311999797821045
YAR009C,YBL027W,0,-5.085512,0.10620874911546707,0.8690000176429749,0.7312999963760376
YBR166C,YJR118C,0,-5.0857754,0.10619577020406723,0.8690000176429749,0.7314000129699707
YOR242C,YGR253C,0,-5.085867,0.10618279874324799,0.8690000176429749,0.7315000295639038
YER040W,YJR010C-A,0,-5.085955,0.10616981983184814,0.8690000176429749,0.7315999865531921
YBR239C,YDR507C,0,-5.086035,0.1061568558216095,0.8690000176429749,0.7317000031471252
YGR014W,YKL062W,1,-5.0861025,0.10626602917909622,0.8700000047683716,0.7317000031471252
YLR054C,YMR047C,0,-5.086618,0.10625305026769638,0.8700000047683716,0.7318000197410583
YPR141C,YNL125C,0,-5.087045,0.10624007880687714,0.8700000047683716,0.7318999767303467
YOR004W,YBR258C,0,-5.087097,0.10622710734605789,0.8700000047683716,0.7319999933242798
YLR405W,YMR009W,0,-5.087136,0.10621413588523865,0.8700000047683716,0.7321000099182129
YML133C,YER113C,0,-5.0880203,0.106201171875,0.8700000047683716,0.732200026512146
YHL004W,YPL057C,0,-5.0882177,0.10618820786476135,0.8700000047683716,0.7322999835014343
YLR223C,YML074C,0,-5.0882883,0.1061752513051033,0.8700000047683716,0.7324000000953674
YLR059C,YNL094W,0,-5.0884476,0.10616229474544525,0.8700000047683716,0.7325000166893005
YLL038C,YOR048C,0,-5.088459,0.1061493381857872,0.8700000047683716,0.7325999736785889
YGL001C,YBR218C,0,-5.088583,0.10613638907670975,0.8700000047683716,0.732699990272522
YAL009W,YAL020C,0,-5.0887356,0.10612344741821289,0.8700000047683716,0.7328000068664551
YNL189W,YCL051W,0,-5.0887556,0.10611049830913544,0.8700000047683716,0.7329000234603882
YJL184W,YKL048C,1,-5.08928,0.10621951520442963,0.8709999918937683,0.7329000234603882
YDL123W,YDL085W,0,-5.0894127,0.10620655864477158,0.8709999918937683,0.7329999804496765
YLR421C,YMR088C,0,-5.0895286,0.10619360953569412,0.8709999918937683,0.7330999970436096
YFR014C,YDR279W,0,-5.09012,0.10618066787719727,0.8709999918937683,0.7332000136375427
YER060W,YPL211W,0,-5.0906115,0.10616772621870041,0.8709999918937683,0.733299970626831
YDR513W,YDL067C,0,-5.090949,0.10615478456020355,0.8709999918937683,0.7333999872207642
YLR451W,YOL069W,0,-5.091358,0.10614185035228729,0.8709999918937683,0.7335000038146973
YOR341W,YEL044W,0,-5.092202,0.10612891614437103,0.8709999918937683,0.7336000204086304
YGR040W,YER060W,0,-5.092495,0.10611598193645477,0.8709999918937683,0.7336999773979187
YGR158C,YOR077W,0,-5.0926437,0.10610305517911911,0.8709999918937683,0.7337999939918518
YDR270W,YIL037C,0,-5.092887,0.10609013587236404,0.8709999918937683,0.7339000105857849
YOR143C,YOL148C,0,-5.093047,0.10607721656560898,0.8709999918937683,0.734000027179718
YGL029W,YGL184C,0,-5.0930905,0.10606429725885391,0.8709999918937683,0.7340999841690063
YML058W,YNL116W,0,-5.093505,0.10605138540267944,0.8709999918937683,0.7342000007629395
YJR145C,YLR287C-A,0,-5.0936136,0.10603847354650497,0.8709999918937683,0.7343000173568726
YNL278W,YNL097C,0,-5.093867,0.1060255616903305,0.8709999918937683,0.7343999743461609
YGR256W,YDL030W,0,-5.0940223,0.10601265728473663,0.8709999918937683,0.734499990940094
YJR129C,YBR296C,0,-5.094119,0.10599975287914276,0.8709999918937683,0.7346000075340271
YER033C,YDR020C,0,-5.094199,0.10598685592412949,0.8709999918937683,0.7347000241279602
YDR088C,YHR200W,0,-5.094296,0.10597396641969681,0.8709999918937683,0.7347999811172485
YCL061C,YMR251W-A,0,-5.0942993,0.10596106946468353,0.8709999918937683,0.7348999977111816
YPL204W,YJR132W,0,-5.094301,0.10594817996025085,0.8709999918937683,0.7350000143051147
YDR105C,YPR186C,0,-5.0947957,0.10593529790639877,0.8709999918937683,0.7350999712944031
YDR237W,YCR092C,0,-5.094963,0.10592241585254669,0.8709999918937683,0.7351999878883362
YDR354W,YNL308C,0,-5.0954213,0.10590953379869461,0.8709999918937683,0.7353000044822693
YAL007C,YOL095C,0,-5.0955133,0.10589665919542313,0.8709999918937683,0.7354000210762024
YOR143C,YOL091W,0,-5.095554,0.10588378459215164,0.8709999918937683,0.7354999780654907
YOL152W,YIR036C,0,-5.0959806,0.10587090998888016,0.8709999918937683,0.7355999946594238
YGL224C,YKL216W,0,-5.095996,0.10585804283618927,0.8709999918937683,0.7357000112533569
YOR362C,YDR228C,0,-5.0960236,0.10584518313407898,0.8709999918937683,0.73580002784729
YNL020C,YGR014W,1,-5.0961084,0.10595382750034332,0.871999979019165,0.73580002784729
YLR298C,YKR024C,0,-5.0964494,0.10594095289707184,0.871999979019165,0.7358999848365784
YDL235C,YNL020C,1,-5.0969105,0.1060495600104332,0.8730000257492065,0.7358999848365784
YJR098C,YER018C,0,-5.097006,0.10603667795658112,0.8730000257492065,0.7360000014305115
YGL016W,YOL148C,0,-5.0970984,0.10602380335330963,0.8730000257492065,0.7361000180244446
YPL116W,YDL205C,0,-5.097141,0.10601092875003815,0.8730000257492065,0.7361999750137329
YER180C,YOR077W,0,-5.0971584,0.10599805414676666,0.8730000257492065,0.736299991607666
YER139C,YOR189W,0,-5.097208,0.10598518699407578,0.8730000257492065,0.7364000082015991
YJL129C,YBL102W,0,-5.0975733,0.10597231984138489,0.8730000257492065,0.7365000247955322
YDL010W,YIL147C,1,-5.09804,0.10608083754777908,0.8740000128746033,0.7365000247955322
YER044C-A,YLR097C,0,-5.0982456,0.1060679629445076,0.8740000128746033,0.7365999817848206
YLL010C,YER075C,0,-5.0983415,0.10605508834123611,0.8740000128746033,0.7366999983787537
YHR017W,YJL207C,0,-5.098777,0.10604222118854523,0.8740000128746033,0.7368000149726868
YKL143W,YHR206W,1,-5.0990944,0.10615067183971405,0.875,0.7368000149726868
YBL020W,YGR007W,0,-5.0992146,0.10613779723644257,0.875,0.7368999719619751
YLR092W,YDR408C,0,-5.0996456,0.10612492263317108,0.875,0.7369999885559082
YCL005W-A,YNL265C,0,-5.0996737,0.1061120554804802,0.875,0.7371000051498413
YKR079C,YKL006C-A,0,-5.099964,0.1060991883277893,0.875,0.7372000217437744
YAR033W,YAL002W,0,-5.10015,0.10608632117509842,0.875,0.7372999787330627
YBL091C,YBL063W,0,-5.10025,0.10607346147298813,0.875,0.7373999953269958
YPR105C,YEL005C,0,-5.100256,0.10606060922145844,0.875,0.737500011920929
YHR017W,YCR010C,0,-5.1002774,0.10604774951934814,0.875,0.7376000285148621
YML009C,YAL030W,0,-5.100805,0.10603489726781845,0.875,0.7376999855041504
YOL016C,YNL072W,0,-5.1011486,0.10602205246686935,0.875,0.7378000020980835
YDL105W,YML072C,0,-5.1012993,0.10600920766592026,0.875,0.7379000186920166
YOR205C,YCR021C,0,-5.101321,0.10599636286497116,0.875,0.7379999756813049
YLR287C-A,YDR037W,0,-5.1017513,0.10598352551460266,0.875,0.738099992275238
YPR066W,YPL225W,0,-5.102357,0.10597068816423416,0.875,0.7382000088691711
YER155C,YOR116C,0,-5.102374,0.10595785826444626,0.875,0.7383000254631042
YDL226C,YLR225C,0,-5.1025076,0.10594502836465836,0.875,0.7383999824523926
YCR073C,YHR114W,1,-5.1026115,0.10605327039957047,0.8759999871253967,0.7383999824523926
YGR125W,YNL067W,0,-5.103324,0.10604043304920197,0.8759999871253967,0.7384999990463257
YOR007C,YEL048C,0,-5.1034775,0.10602759569883347,0.8759999871253967,0.7386000156402588
YPL055C,YOL003C,0,-5.1035423,0.10601476579904556,0.8759999871253967,0.7386999726295471
YER068W,YHR050W,0,-5.104022,0.10600193589925766,0.8759999871253967,0.7387999892234802
YLR248W,YGR014W,1,-5.104233,0.1061101034283638,0.8769999742507935,0.7387999892234802
YLR143W,YJR045C,0,-5.1045084,0.1060972660779953,0.8769999742507935,0.7389000058174133
YOR060C,YDR480W,0,-5.1046033,0.1060844287276268,0.8769999742507935,0.7390000224113464
YMR024W,YER170W,0,-5.104747,0.1060715988278389,0.8769999742507935,0.7390999794006348
YHR214W,YGR054W,0,-5.1053133,0.10605877637863159,0.8769999742507935,0.7391999959945679
YOR004W,YHR152W,0,-5.106333,0.10604594647884369,0.8769999742507935,0.739300012588501
YOR391C,YKL154W,0,-5.106461,0.10603313148021698,0.8769999742507935,0.7394000291824341
YMR040W,YOR144C,0,-5.106496,0.10602030903100967,0.8769999742507935,0.7394999861717224
YBR168W,YOR217W,0,-5.1066823,0.10600749403238297,0.8769999742507935,0.7396000027656555
YML069W,YER109C,0,-5.1071258,0.10599467903375626,0.8769999742507935,0.7397000193595886
YGL229C,YOL122C,0,-5.107545,0.10598187148571014,0.8769999742507935,0.739799976348877
YLR431C,YNL119W,0,-5.1076345,0.10596906393766403,0.8769999742507935,0.7398999929428101
YPL146C,YPR025C,0,-5.107696,0.10595626384019852,0.8769999742507935,0.7400000095367432
YMR165C,YER109C,0,-5.107714,0.105943463742733,0.8769999742507935,0.7401000261306763
YDR191W,YNR048W,0,-5.1080894,0.10593067109584808,0.8769999742507935,0.7401999831199646
YOR172W,YLR360W,0,-5.108539,0.10591787099838257,0.8769999742507935,0.7402999997138977
YML043C,YNL225C,0,-5.108676,0.10590508580207825,0.8769999742507935,0.7404000163078308
YGL125W,YDR060W,0,-5.1090145,0.10589229315519333,0.8769999742507935,0.7404999732971191
YDL106C,YGL136C,0,-5.1092963,0.1058795154094696,0.8769999742507935,0.7405999898910522
YDR225W,YNL115C,0,-5.1094613,0.10586673021316528,0.8769999742507935,0.7407000064849854
YCL045C,YBR218C,0,-5.1095333,0.10585395246744156,0.8769999742507935,0.7408000230789185
YDL066W,YOR002W,0,-5.1096463,0.10584117472171783,0.8769999742507935,0.7408999800682068
YLR263W,YBR162C,0,-5.109789,0.10582840442657471,0.8769999742507935,0.7409999966621399
YGL131C,YGL061C,0,-5.1099377,0.10581563413143158,0.8769999742507935,0.741100013256073
YBR293W,YPL056C,0,-5.1105127,0.10580287128686905,0.8769999742507935,0.7411999702453613
YBR211C,YOR354C,0,-5.111122,0.10579010844230652,0.8769999742507935,0.7412999868392944
YHR158C,YMR202W,0,-5.1111937,0.10577734559774399,0.8769999742507935,0.7414000034332275
YPL116W,YHR045W,0,-5.111375,0.10576459020376205,0.8769999742507935,0.7415000200271606
YER044C-A,YLR071C,0,-5.111622,0.10575184226036072,0.8769999742507935,0.741599977016449
YPR005C,YER089C,1,-5.1116824,0.1058596596121788,0.878000020980835,0.741599977016449
YPL058C,YGR218W,0,-5.1117964,0.10584689676761627,0.878000020980835,0.7416999936103821
YDL044C,YLR384C,0,-5.112014,0.10583413392305374,0.878000020980835,0.7418000102043152
YGR188C,YLL048C,0,-5.112188,0.10582137852907181,0.878000020980835,0.7419000267982483
YMR100W,YNR048W,0,-5.1126146,0.10580863058567047,0.878000020980835,0.7419999837875366
YDR538W,YJR113C,0,-5.1127853,0.10579588264226913,0.878000020980835,0.7421000003814697
YJL145W,YMR224C,0,-5.112893,0.1057831346988678,0.878000020980835,0.7422000169754028
YMR167W,YOR075W,0,-5.1133385,0.10577038675546646,0.878000020980835,0.7422999739646912
YMR281W,YOR034C,0,-5.114216,0.10575764626264572,0.878000020980835,0.7423999905586243
YPR071W,YJL062W,0,-5.114553,0.10574491322040558,0.878000020980835,0.7425000071525574
YMR076C,YLR370C,0,-5.115263,0.10573218017816544,0.878000020980835,0.7426000237464905
YLR075W,YHR170W,0,-5.115638,0.10571944713592529,0.878000020980835,0.7426999807357788
YGR061C,YJR110W,0,-5.116046,0.10570672154426575,0.878000020980835,0.7427999973297119
YOR178C,YPL194W,0,-5.1160707,0.1056939959526062,0.878000020980835,0.742900013923645
YIL038C,YDL214C,0,-5.116189,0.10568127036094666,0.878000020980835,0.7429999709129333
YDR129C,YBR132C,1,-5.116913,0.10578890144824982,0.8790000081062317,0.7429999709129333
YJL122W,YBL010C,0,-5.116976,0.10577617585659027,0.8790000081062317,0.7430999875068665
YLL010C,YMR047C,0,-5.117311,0.10576344281435013,0.8790000081062317,0.7432000041007996
YIR014W,YLR221C,0,-5.117365,0.10575072467327118,0.8790000081062317,0.7433000206947327
YML095C,YBR019C,0,-5.117507,0.10573799908161163,0.8790000081062317,0.743399977684021
YMR237W,YOR109W,0,-5.117735,0.10572528094053268,0.8790000081062317,0.7434999942779541
YGR014W,YBR086C,1,-5.117802,0.10583283007144928,0.8799999952316284,0.7434999942779541
YPL089C,YNR048W,0,-5.1179533,0.10582010447978973,0.8799999952316284,0.7436000108718872
YER041W,YBL087C,0,-5.118023,0.10580737888813019,0.8799999952316284,0.7437000274658203
YML062C,YER157W,0,-5.1182265,0.10579466074705124,0.8799999952316284,0.7437999844551086
YHR042W,YOL030W,0,-5.1187487,0.10578194260597229,0.8799999952316284,0.7439000010490417
YGL116W,YHR143W-A,0,-5.118849,0.10576923191547394,0.8799999952316284,0.7440000176429749
YBR245C,YHR102W,0,-5.1190777,0.10575652122497559,0.8799999952316284,0.7440999746322632
YMR282C,YML102W,0,-5.1191063,0.10574381053447723,0.8799999952316284,0.7441999912261963
YLR006C,YLR138W,1,-5.119167,0.10585125535726547,0.8809999823570251,0.7441999912261963
YBR104W,YJL203W,0,-5.119229,0.10583853721618652,0.8809999823570251,0.7443000078201294
YAL003W,YLR007W,0,-5.11942,0.10582582652568817,0.8809999823570251,0.7444000244140625
YBR136W,YFR008W,0,-5.1198187,0.10581311583518982,0.8809999823570251,0.7444999814033508
YJL054W,YML125C,0,-5.120016,0.10580040514469147,0.8809999823570251,0.7445999979972839
YCR003W,YHR110W,0,-5.1203656,0.10578770190477371,0.8809999823570251,0.744700014591217
YGL150C,YML023C,0,-5.1206903,0.10577500611543655,0.8809999823570251,0.7447999715805054
YJR144W,YJL063C,0,-5.1206956,0.1057623028755188,0.8809999823570251,0.7448999881744385
YLR100W,YDR237W,0,-5.120761,0.10574960708618164,0.8809999823570251,0.7450000047683716
YLR373C,YHR128W,0,-5.1209517,0.10573691874742508,0.8809999823570251,0.7451000213623047
YDR365C,YNL099C,0,-5.121313,0.10572423040866852,0.8809999823570251,0.745199978351593
YGR286C,YLR081W,0,-5.1215725,0.10571154206991196,0.8809999823570251,0.7452999949455261
YMR211W,YMR163C,0,-5.122112,0.10569886118173599,0.8809999823570251,0.7454000115394592
YKL006C-A,YGL179C,0,-5.1221666,0.10568618029356003,0.8809999823570251,0.7455000281333923
YAR019C,YLR298C,0,-5.122249,0.10567350685596466,0.8809999823570251,0.7455999851226807
YBR267W,YIL015W,0,-5.1227264,0.1056608334183693,0.8809999823570251,0.7457000017166138
YDR300C,YGR007W,0,-5.1229696,0.10564815998077393,0.8809999823570251,0.7458000183105469
YOR389W,YOR330C,0,-5.1235046,0.10563549399375916,0.8809999823570251,0.7458999752998352
YLL015W,YDR052C,0,-5.1236496,0.10562282800674438,0.8809999823570251,0.7459999918937683
YIL052C,YOR269W,0,-5.124025,0.10561016201972961,0.8809999823570251,0.7461000084877014
YGR188C,YBL047C,0,-5.124501,0.10559750348329544,0.8809999823570251,0.7462000250816345
YDR280W,YDL042C,0,-5.124556,0.10558485239744186,0.8809999823570251,0.7462999820709229
YJR098C,YPL158C,0,-5.124564,0.10557220131158829,0.8809999823570251,0.746399998664856
YGL128C,YJL111W,0,-5.124675,0.10555955022573471,0.8809999823570251,0.7465000152587891
YKR014C,YLR215C,0,-5.124724,0.10554690659046173,0.8809999823570251,0.7465999722480774
YGL006W,YDR517W,0,-5.124874,0.10553426295518875,0.8809999823570251,0.7466999888420105
YIL019W,YGL073W,0,-5.125184,0.10552161931991577,0.8809999823570251,0.7468000054359436
YDR098C,YGL179C,0,-5.125223,0.10550898313522339,0.8809999823570251,0.7469000220298767
YLR242C,YDR393W,0,-5.1254625,0.105496346950531,0.8809999823570251,0.746999979019165
YIL103W,YOR058C,0,-5.1255074,0.10548371821641922,0.8809999823570251,0.7470999956130981
YOR381W,YHR148W,0,-5.1260242,0.10547108948230743,0.8809999823570251,0.7472000122070312
YOR120W,YMR092C,1,-5.126193,0.10557816922664642,0.8820000290870667,0.7472000122070312
YFR025C,YLR210W,0,-5.126257,0.10556553304195404,0.8820000290870667,0.7473000288009644
YER060W,YHR010W,0,-5.1267123,0.10555289685726166,0.8820000290870667,0.7473999857902527
YPL175W,YDR116C,0,-5.1272697,0.10554026812314987,0.8820000290870667,0.7475000023841858
YML005W,YGL058W,0,-5.1278014,0.10552763938903809,0.8820000290870667,0.7476000189781189
YKL178C,YOL144W,0,-5.1278877,0.1055150106549263,0.8820000290870667,0.7476999759674072
YOR375C,YGL131C,0,-5.128151,0.10550238937139511,0.8820000290870667,0.7477999925613403
YLR017W,YPR054W,0,-5.128314,0.10548977553844452,0.8820000290870667,0.7479000091552734
YER007C-A,YMR163C,0,-5.1287003,0.10547716170549393,0.8820000290870667,0.7480000257492065
YBR176W,YLR102C,0,-5.12895,0.10546454787254333,0.8820000290870667,0.7480999827384949
YGL120C,YOR190W,0,-5.129096,0.10545193403959274,0.8820000290870667,0.748199999332428
YJR150C,YPL249C-A,0,-5.129472,0.10543932765722275,0.8820000290870667,0.7483000159263611
YKL063C,YNL222W,0,-5.129737,0.10542672872543335,0.8820000290870667,0.7483999729156494
YKL208W,YDR101C,0,-5.129889,0.10541412979364395,0.8820000290870667,0.7484999895095825
YJL094C,YLR013W,0,-5.1300325,0.10540153086185455,0.8820000290870667,0.7486000061035156
YDR520C,YNR024W,0,-5.130489,0.10538893193006516,0.8820000290870667,0.7487000226974487
YBR167C,YFL029C,0,-5.130644,0.10537634044885635,0.8820000290870667,0.7487999796867371
YPL209C,YDR079C-A,0,-5.130664,0.10536375641822815,0.8820000290870667,0.7488999962806702
YLR011W,YFL061W,0,-5.1307516,0.10535117238759995,0.8820000290870667,0.7490000128746033
YNR036C,YFR046C,0,-5.130891,0.10533858835697174,0.8820000290870667,0.7491000294685364
YKL157W,YMR009W,0,-5.1309147,0.10532601177692413,0.8820000290870667,0.7491999864578247
YIR006C,YNR039C,0,-5.131057,0.10531343519687653,0.8820000290870667,0.7493000030517578
YCR024C,YGR096W,0,-5.1312866,0.10530085861682892,0.8820000290870667,0.7494000196456909
YGR244C,YHL016C,0,-5.131377,0.10528828948736191,0.8820000290870667,0.7494999766349792
YDR088C,YDR397C,0,-5.131383,0.1052757203578949,0.8820000290870667,0.7495999932289124
YKR097W,YKR090W,0,-5.131417,0.10526315867900848,0.8820000290870667,0.7497000098228455
YER001W,YDR291W,0,-5.131777,0.10525059700012207,0.8820000290870667,0.7498000264167786
YDR168W,YLR337C,1,-5.1319265,0.10535735636949539,0.8830000162124634,0.7498000264167786
YJL026W,YGL232W,0,-5.131998,0.10534478724002838,0.8830000162124634,0.7498999834060669
YMR297W,YGL095C,0,-5.132013,0.10533221811056137,0.8830000162124634,0.75
YPL084W,YNL082W,0,-5.1320763,0.10531965643167496,0.8830000162124634,0.7501000165939331
YLR117C,YIR002C,0,-5.1323333,0.10530709475278854,0.8830000162124634,0.7501999735832214
YNL139C,YPL008W,0,-5.1323476,0.10529454052448273,0.8830000162124634,0.7502999901771545
YPL144W,YLR406C,0,-5.132446,0.10528198629617691,0.8830000162124634,0.7504000067710876
YMR142C,YHR031C,0,-5.132473,0.1052694320678711,0.8830000162124634,0.7505000233650208
YNL051W,YHL038C,0,-5.1324778,0.10525688529014587,0.8830000162124634,0.7505999803543091
YGR071C,YGR004W,0,-5.1325617,0.10524433851242065,0.8830000162124634,0.7506999969482422
YKR064W,YPL268W,0,-5.132739,0.10523179918527603,0.8830000162124634,0.7508000135421753
YPL183C,YDL017W,0,-5.132771,0.10521925985813141,0.8830000162124634,0.7508999705314636
YLR382C,YMR044W,0,-5.132803,0.10520672053098679,0.8830000162124634,0.7509999871253967
YER184C,YPL183C,0,-5.132907,0.10519418865442276,0.8830000162124634,0.7511000037193298
YPL178W,YNL251C,0,-5.1329255,0.10518165677785873,0.8830000162124634,0.7512000203132629
YMR298W,YJR025C,0,-5.1331573,0.10516912490129471,0.8830000162124634,0.7512999773025513
YPL061W,YBR160W,0,-5.1331773,0.10515660047531128,0.8830000162124634,0.7513999938964844
YCL063W,YLR035C,0,-5.133724,0.10514408349990845,0.8830000162124634,0.7515000104904175
YAL035W,YMR323W,0,-5.133751,0.10513156652450562,0.8830000162124634,0.7516000270843506
YBR204C,YPL032C,0,-5.134106,0.10511904954910278,0.8830000162124634,0.7516999840736389
YGR154C,YJL121C,0,-5.13413,0.10510653257369995,0.8830000162124634,0.751800000667572
YMR275C,YNL112W,0,-5.134411,0.10509402304887772,0.8830000162124634,0.7519000172615051
YHR123W,YDR116C,0,-5.1344457,0.10508152097463608,0.8830000162124634,0.7519999742507935
YJL003W,YOR229W,0,-5.134575,0.10506901144981384,0.8830000162124634,0.7520999908447266
YGL185C,YHR200W,0,-5.1349688,0.1050565168261528,0.8830000162124634,0.7522000074386597
YNL252C,YIL031W,0,-5.1350265,0.10504401475191116,0.8830000162124634,0.7523000240325928
YOR270C,YEL064C,0,-5.1352754,0.10503152012825012,0.8830000162124634,0.7523999810218811
YOR269W,YHR001W,0,-5.1355014,0.10501903295516968,0.8830000162124634,0.7524999976158142
YBL050W,YAL034W-A,0,-5.1358557,0.10500653833150864,0.8830000162124634,0.7526000142097473
YIL050W,YLR014C,0,-5.1360636,0.10499405115842819,0.8830000162124634,0.7526999711990356
YHL017W,YGL213C,0,-5.136346,0.10498157143592834,0.8830000162124634,0.7527999877929688
YER040W,YLR306W,0,-5.1363697,0.1049690917134285,0.8830000162124634,0.7529000043869019
YKL112W,YCR106W,0,-5.1364317,0.10495661199092865,0.8830000162124634,0.753000020980835
YGL191W,YBR058C,0,-5.136488,0.1049441397190094,0.8830000162124634,0.7530999779701233
YIL030C,YDL231C,0,-5.1364884,0.10493166744709015,0.8830000162124634,0.7531999945640564
YPL152W,YER118C,1,-5.136902,0.10503802448511124,0.8840000033378601,0.7531999945640564
YMR164C,YPL126W,0,-5.137101,0.10502554476261139,0.8840000033378601,0.7533000111579895
YKL018W,YER048W-A,0,-5.1371317,0.10501306504011154,0.8840000033378601,0.7534000277519226
YHR183W,YOR193W,0,-5.1372523,0.10500059276819229,0.8840000033378601,0.7534999847412109
YJL106W,YEL027W,0,-5.137375,0.10498812049627304,0.8840000033378601,0.753600001335144
YBR029C,YER099C,0,-5.1373806,0.10497565567493439,0.8840000033378601,0.7537000179290771
YGL157W,YGL115W,0,-5.137619,0.10496319085359573,0.8840000033378601,0.7537999749183655
YJR144W,YOR363C,0,-5.1377125,0.10495073348283768,0.8840000033378601,0.7538999915122986
YGR218W,YFR040W,0,-5.137721,0.10493826866149902,0.8840000033378601,0.7540000081062317
YGL084C,YHL035C,0,-5.137782,0.10492581874132156,0.8840000033378601,0.7541000247001648
YOR373W,YNR030W,0,-5.1383176,0.10491336137056351,0.8840000033378601,0.7541999816894531
YGR008C,YMR092C,1,-5.138829,0.10501957684755325,0.8849999904632568,0.7541999816894531
YER172C,YOL076W,0,-5.1389055,0.1050071194767952,0.8849999904632568,0.7542999982833862
YER021W,YOR337W,0,-5.138989,0.10499466210603714,0.8849999904632568,0.7544000148773193
YMR242C,YPL066W,0,-5.139018,0.10498220473527908,0.8849999904632568,0.7544999718666077
YNL189W,YGL255W,0,-5.1390567,0.10496975481510162,0.8849999904632568,0.7545999884605408
YML111W,YGL005C,0,-5.139069,0.10495730489492416,0.8849999904632568,0.7547000050544739
YBL017C,YLR266C,0,-5.1393795,0.1049448624253273,0.8849999904632568,0.754800021648407
YBL045C,YDL210W,0,-5.1393986,0.10493241995573044,0.8849999904632568,0.7548999786376953
YMR162C,YNL265C,0,-5.1396284,0.10491997748613358,0.8849999904632568,0.7549999952316284
YMR118C,YKL035W,0,-5.14035,0.10490754246711731,0.8849999904632568,0.7551000118255615
YJR144W,YCL051W,0,-5.1406865,0.10489510744810104,0.8849999904632568,0.7552000284194946
YGL111W,YGL025C,0,-5.141469,0.10488267242908478,0.8849999904632568,0.755299985408783
YGL061C,YGL043W,0,-5.1414785,0.10487024486064911,0.8849999904632568,0.7554000020027161
YKL056C,YJL203W,0,-5.141675,0.10485781729221344,0.8849999904632568,0.7555000185966492
YIL008W,YBR149W,0,-5.1421742,0.10484539717435837,0.8849999904632568,0.7555999755859375
YOR035C,YIL010W,0,-5.1421967,0.1048329770565033,0.8849999904632568,0.7556999921798706
YGR092W,YDR317W,0,-5.1422133,0.10482056438922882,0.8849999904632568,0.7558000087738037
YGL067W,YKL149C,0,-5.142722,0.10480814427137375,0.8849999904632568,0.7559000253677368
YIR004W,YGL127C,0,-5.1432304,0.10479573905467987,0.8849999904632568,0.7559999823570251
YHR027C,YPL111W,0,-5.1433535,0.1047833263874054,0.8849999904632568,0.7560999989509583
YKL134C,YDR466W,0,-5.143355,0.10477092117071152,0.8849999904632568,0.7562000155448914
YGR212W,YBR168W,0,-5.14363,0.10475852340459824,0.8849999904632568,0.7562999725341797
YER147C,YDL093W,0,-5.143725,0.10474612563848495,0.8849999904632568,0.7563999891281128
YGL035C,YNL248C,0,-5.1438875,0.10473372787237167,0.8849999904632568,0.7565000057220459
YAL011W,YBR050C,0,-5.1446037,0.10472133755683899,0.8849999904632568,0.756600022315979
YKL184W,YJR059W,0,-5.144785,0.1047089472413063,0.8849999904632568,0.7566999793052673
YDR303C,YDL156W,0,-5.1448727,0.10469655692577362,0.8849999904632568,0.7567999958992004
YMR004W,YML127W,0,-5.1451106,0.10468417406082153,0.8849999904632568,0.7569000124931335
YOR195W,YER106W,0,-5.145569,0.10467179119586945,0.8849999904632568,0.7570000290870667
YDL110C,YLR284C,0,-5.1457148,0.10465941578149796,0.8849999904632568,0.757099986076355
YBR005W,YIL005W,0,-5.1457257,0.10464704036712646,0.8849999904632568,0.7572000026702881
YMR233W,YMR289W,0,-5.1460357,0.10463466495275497,0.8849999904632568,0.7573000192642212
YGR014W,YKL048C,1,-5.1463585,0.10474051535129547,0.8859999775886536,0.7573000192642212
YER149C,YPL101W,0,-5.146422,0.10472813248634338,0.8859999775886536,0.7573999762535095
YPR066W,YIL130W,0,-5.1468105,0.1047157570719719,0.8859999775886536,0.7574999928474426
YML059C,YDL044C,0,-5.1469083,0.1047033816576004,0.8859999775886536,0.7576000094413757
YBR245C,YOR207C,0,-5.1469235,0.10469100624322891,0.8859999775886536,0.7577000260353088
YLR022C,YPL133C,0,-5.147074,0.10467863827943802,0.8859999775886536,0.7577999830245972
YLR238W,YOR258W,0,-5.147173,0.10466627031564713,0.8859999775886536,0.7578999996185303
YBR119W,YPL246C,0,-5.1472325,0.10465390980243683,0.8859999775886536,0.7580000162124634
YDL137W,YDR219C,0,-5.147864,0.10464154928922653,0.8859999775886536,0.7580999732017517
YPR180W,YOR075W,0,-5.1478767,0.10462918877601624,0.8859999775886536,0.7581999897956848
YCL063W,YBR254C,0,-5.1479836,0.10461683571338654,0.8859999775886536,0.7583000063896179
YDR168W,YCR009C,1,-5.1480455,0.10472255200147629,0.8870000243186951,0.7583000063896179
YOR367W,YMR109W,1,-5.1481037,0.10482823848724365,0.8880000114440918,0.7583000063896179
YNL128W,YGR295C,0,-5.148565,0.10481586307287216,0.8880000114440918,0.758400022983551
YMR233W,YLR147C,0,-5.1486135,0.10480349510908127,0.8880000114440918,0.7584999799728394
YPL269W,YOR329C,0,-5.148752,0.10479112714529037,0.8880000114440918,0.7585999965667725
YOL117W,YCR047C,0,-5.1488338,0.10477875918149948,0.8880000114440918,0.7587000131607056
YBL105C,YCR105W,0,-5.1489058,0.10476639866828918,0.8880000114440918,0.7588000297546387
YLR027C,YOR330C,0,-5.149406,0.10475403815507889,0.8880000114440918,0.758899986743927
YMR322C,YDL222C,0,-5.1502056,0.10474168509244919,0.8880000114440918,0.7590000033378601
YAL055W,YLL009C,0,-5.1505575,0.10472933202981949,0.8880000114440918,0.7591000199317932
YMR119W,YDR436W,0,-5.15059,0.10471697896718979,0.8880000114440918,0.7591999769210815
YHL009C,YEL027W,0,-5.151658,0.10470463335514069,0.8880000114440918,0.7592999935150146
YGR200C,YML061C,0,-5.1516795,0.10469228774309158,0.8880000114440918,0.7594000101089478
YML021C,YPR180W,0,-5.1518,0.10467994958162308,0.8880000114440918,0.7595000267028809
YLR188W,YER169W,0,-5.1518655,0.10466761142015457,0.8880000114440918,0.7595999836921692
YHR190W,YNL048W,0,-5.1523046,0.10465527325868607,0.8880000114440918,0.7597000002861023
YMR204C,YIL033C,0,-5.15262,0.10464294254779816,0.8880000114440918,0.7598000168800354
YER174C,YPL157W,0,-5.1526365,0.10463061183691025,0.8880000114440918,0.7598999738693237
YGR296W,YPR009W,0,-5.15267,0.10461828112602234,0.8880000114440918,0.7599999904632568
YOR030W,YGL224C,0,-5.1529875,0.10460595786571503,0.8880000114440918,0.7601000070571899
YOL051W,YBL082C,0,-5.1542196,0.10459364205598831,0.8880000114440918,0.760200023651123
YBL019W,YMR067C,0,-5.1544466,0.104581318795681,0.8880000114440918,0.7602999806404114
YNL300W,YAL007C,0,-5.154626,0.10456900298595428,0.8880000114440918,0.7603999972343445
YGL055W,YLR207W,0,-5.1546974,0.10455669462680817,0.8880000114440918,0.7605000138282776
YPL097W,YBR162W-A,0,-5.1547136,0.10454438626766205,0.8880000114440918,0.7605999708175659
YDL122W,YJL133W,0,-5.1553574,0.10453207790851593,0.8880000114440918,0.760699987411499
YBR162C,YMR022W,0,-5.155656,0.10451977699995041,0.8880000114440918,0.7608000040054321
YPL231W,YPR025C,0,-5.155674,0.10450747609138489,0.8880000114440918,0.7609000205993652
YHR114W,YOL089C,1,-5.155757,0.10461284965276718,0.8889999985694885,0.7609000205993652
YOR308C,YML012W,0,-5.155832,0.10460054129362106,0.8889999985694885,0.7609999775886536
YOR245C,YLR038C,0,-5.155889,0.10458823293447495,0.8889999985694885,0.7610999941825867
YML013W,YDR503C,0,-5.1560335,0.10457593202590942,0.8889999985694885,0.7612000107765198
YCL064C,YOR009W,0,-5.1566358,0.1045636311173439,0.8889999985694885,0.7613000273704529
YPL024W,YPR188C,0,-5.1570706,0.10455133765935898,0.8889999985694885,0.7613999843597412
YML115C,YPL069C,0,-5.1572847,0.10453903675079346,0.8889999985694885,0.7615000009536743
YDL189W,YIL144W,0,-5.1573315,0.10452675074338913,0.8889999985694885,0.7616000175476074
YLR214W,YLL035W,0,-5.1574802,0.1045144572854042,0.8889999985694885,0.7616999745368958
YDR330W,YDR252W,0,-5.157584,0.10450217127799988,0.8889999985694885,0.7617999911308289
YOR022C,YMR139W,0,-5.157751,0.10448989272117615,0.8889999985694885,0.761900007724762
YLR423C,YIR036C,0,-5.157796,0.10447761416435242,0.8889999985694885,0.7620000243186951
YCL075W,YOR241W,0,-5.158286,0.10446533560752869,0.8889999985694885,0.7620999813079834
YMR021C,YDL117W,0,-5.158531,0.10445305705070496,0.8889999985694885,0.7621999979019165
YML023C,YDR298C,0,-5.1587496,0.10444078594446182,0.8889999985694885,0.7623000144958496
YAL009W,YAL002W,0,-5.158784,0.10442852228879929,0.8889999985694885,0.7623999714851379
YLR313C,YHL024W,0,-5.1590266,0.10441625863313675,0.8889999985694885,0.762499988079071
YGR184C,YER096W,0,-5.159148,0.10440399497747421,0.8889999985694885,0.7626000046730042
YKL155C,YFL029C,0,-5.1592655,0.10439173132181168,0.8889999985694885,0.7627000212669373
YER113C,YIL109C,0,-5.1592717,0.10437947511672974,0.8889999985694885,0.7627999782562256
YGR062C,YDR182W,0,-5.159397,0.1043672189116478,0.8889999985694885,0.7628999948501587
YIR026C,YDR386W,0,-5.159615,0.10435497015714645,0.8889999985694885,0.7630000114440918
YDR129C,YOL089C,1,-5.1598687,0.10446009039878845,0.8899999856948853,0.7630000114440918
YLR262C,YOR329C,0,-5.1600037,0.10444783419370651,0.8899999856948853,0.7631000280380249
YNL068C,YOR026W,0,-5.1601114,0.10443557798862457,0.8899999856948853,0.7631999850273132
YGL210W,YNL152W,0,-5.1602154,0.10442332178354263,0.8899999856948853,0.7633000016212463
YHL003C,YPR025C,0,-5.160315,0.10441107302904129,0.8899999856948853,0.7634000182151794
YOL002C,YNL149C,0,-5.1606064,0.10439882427453995,0.8899999856948853,0.7634999752044678
YCR094W,YKL138C-A,0,-5.1609573,0.1043865829706192,0.8899999856948853,0.7635999917984009
YIL096C,YNL149C,0,-5.1609797,0.10437434166669846,0.8899999856948853,0.763700008392334
YLR085C,YPL211W,0,-5.1612225,0.10436210036277771,0.8899999856948853,0.7638000249862671
YPL032C,YER053C,0,-5.161385,0.10434986650943756,0.8899999856948853,0.7638999819755554
YBL057C,YCL029C,0,-5.161704,0.10433763265609741,0.8899999856948853,0.7639999985694885
YKL058W,YNR011C,0,-5.1617365,0.10432539880275726,0.8899999856948853,0.7641000151634216
YPR005C,YBR014C,1,-5.1622915,0.10443037748336792,0.890999972820282,0.7641000151634216
YAL011W,YJR010C-A,0,-5.1624403,0.10441814363002777,0.890999972820282,0.76419997215271
YBL005W,YOR014W,0,-5.1628265,0.10440590232610703,0.890999972820282,0.7642999887466431
YPL195W,YER109C,0,-5.1629596,0.10439367592334747,0.890999972820282,0.7644000053405762
YCR073C,YHL007C,1,-5.16314,0.10449859499931335,0.8920000195503235,0.7644000053405762
YER172C,YMR309C,0,-5.1636434,0.10448635369539261,0.8920000195503235,0.7645000219345093
YDR129C,YMR175W,1,-5.1636443,0.1045912355184555,0.8930000066757202,0.7645000219345093
YDR037W,YGL123W,0,-5.1638,0.10457899421453476,0.8930000066757202,0.7645999789237976
YHR183W,YHR194W,0,-5.16382,0.10456674546003342,0.8930000066757202,0.7646999955177307
YDR293C,YGR062C,0,-5.1638393,0.10455450415611267,0.8930000066757202,0.7648000121116638
YIL103W,YBR186W,0,-5.1639137,0.10454226285219193,0.8930000066757202,0.7649000287055969
YCR088W,YPL271W,0,-5.164006,0.10453002154827118,0.8930000066757202,0.7649999856948853
YDR041W,YDL030W,0,-5.16406,0.10451778769493103,0.8930000066757202,0.7651000022888184
YGR165W,YOR192C,0,-5.1640844,0.10450556129217148,0.8930000066757202,0.7652000188827515
YGL134W,YHR116W,0,-5.1642637,0.10449332743883133,0.8930000066757202,0.7652999758720398
YFR031C-A,YOR066W,0,-5.1642866,0.10448110103607178,0.8930000066757202,0.7653999924659729
YER060W-A,YKR038C,0,-5.1649475,0.10446888208389282,0.8930000066757202,0.765500009059906
YOR076C,YHR079C-A,0,-5.165947,0.10445666313171387,0.8930000066757202,0.7656000256538391
YDR471W,YHR112C,0,-5.166292,0.10444444417953491,0.8930000066757202,0.7656999826431274
YIL098C,YKR010C,0,-5.166608,0.10443223267793655,0.8930000066757202,0.7657999992370605
YJR047C,YLR413W,0,-5.1668367,0.1044200211763382,0.8930000066757202,0.7659000158309937
YML062C,YBL072C,0,-5.1675873,0.10440780967473984,0.8930000066757202,0.765999972820282
YGR047C,YGL017W,0,-5.1676025,0.10439560562372208,0.8930000066757202,0.7660999894142151
YJL181W,YOL078W,0,-5.168563,0.10438340157270432,0.8930000066757202,0.7662000060081482
YHR067W,YDR069C,0,-5.1686044,0.10437120497226715,0.8930000066757202,0.7663000226020813
YBR005W,YNL331C,0,-5.168709,0.10435900092124939,0.8930000066757202,0.7663999795913696
YOR174W,YDR407C,0,-5.1690583,0.10434681177139282,0.8930000066757202,0.7664999961853027
YNL161W,YDL165W,0,-5.1695566,0.10433461517095566,0.8930000066757202,0.7666000127792358
YDR456W,YDR358W,0,-5.169999,0.10432243347167969,0.8930000066757202,0.766700029373169
YGL161C,YOR125C,0,-5.17064,0.10431024432182312,0.8930000066757202,0.7667999863624573
YPL235W,YOR234C,0,-5.170944,0.10429806262254715,0.8930000066757202,0.7669000029563904
YOL152W,YKL086W,0,-5.1709743,0.10428588092327118,0.8930000066757202,0.7670000195503235
YPL141C,YDR153C,0,-5.171088,0.1042737066745758,0.8930000066757202,0.7670999765396118
YLR248W,YMR109W,1,-5.1712737,0.10437828302383423,0.8939999938011169,0.7670999765396118
YNR045W,YBR103W,0,-5.1715746,0.10436610132455826,0.8939999938011169,0.7671999931335449
YKL063C,YNL083W,0,-5.171783,0.10435391962528229,0.8939999938011169,0.767300009727478
YBL069W,YOR080W,0,-5.171886,0.10434173792600632,0.8939999938011169,0.7674000263214111
YML021C,YOL123W,0,-5.173038,0.10432956367731094,0.8939999938011169,0.7674999833106995
YBR097W,YDR016C,0,-5.173043,0.10431738942861557,0.8939999938011169,0.7675999999046326
YJL148W,YMR234W,0,-5.1733074,0.1043052151799202,0.8939999938011169,0.7677000164985657
YOR334W,YKL079W,0,-5.173378,0.10429304838180542,0.8939999938011169,0.767799973487854
YDL114W,YGL245W,0,-5.173744,0.10428088158369064,0.8939999938011169,0.7678999900817871
YGL016W,YGL090W,0,-5.17395,0.10426872223615646,0.8939999938011169,0.7680000066757202
YDR329C,YBR186W,0,-5.1740003,0.10425656288862228,0.8939999938011169,0.7681000232696533
YER030W,YKR090W,0,-5.174621,0.1042444035410881,0.8939999938011169,0.7681999802589417
YKL145W,YMR156C,0,-5.1746387,0.10423225164413452,0.8939999938011169,0.7682999968528748
YDR242W,YNL325C,0,-5.1748705,0.10422009974718094,0.8939999938011169,0.7684000134468079
YMR002W,YPL069C,0,-5.175553,0.10420794785022736,0.8939999938011169,0.7684999704360962
YKL143W,YIL147C,1,-5.175744,0.10431235283613205,0.8949999809265137,0.7684999704360962
YAL048C,YGL126W,0,-5.1759186,0.10430020093917847,0.8949999809265137,0.7685999870300293
YJL056C,YDL213C,0,-5.1760225,0.10428804159164429,0.8949999809265137,0.7687000036239624
YMR135C,YIL049W,0,-5.1761227,0.1042758971452713,0.8949999809265137,0.7688000202178955
YBR133C,YNR048W,0,-5.176132,0.10426374524831772,0.8949999809265137,0.7688999772071838
YPR165W,YDR246W,0,-5.1762004,0.10425160080194473,0.8949999809265137,0.7689999938011169
YMR256C,YNL278W,0,-5.1763964,0.10423945635557175,0.8949999809265137,0.76910001039505
YHR158C,YJR075W,0,-5.1768436,0.10422731935977936,0.8949999809265137,0.7692000269889832
YKR042W,YOR202W,0,-5.177072,0.10421518236398697,0.8949999809265137,0.7692999839782715
YNL037C,YHL032C,0,-5.177146,0.10420305281877518,0.8949999809265137,0.7694000005722046
YKL033W,YGL095C,0,-5.177267,0.10419092327356339,0.8949999809265137,0.7695000171661377
YCL048W,YDL108W,0,-5.1772842,0.10417879372835159,0.8949999809265137,0.769599974155426
YGL100W,YHR200W,0,-5.1774464,0.1041666641831398,0.8949999809265137,0.7696999907493591
YML069W,YOR119C,0,-5.177892,0.1041545420885086,0.8949999809265137,0.7698000073432922
YHR076W,YJR017C,0,-5.1779327,0.10414242744445801,0.8949999809265137,0.7699000239372253
YML065W,YOR330C,0,-5.177934,0.10413030534982681,0.8949999809265137,0.7699999809265137
YEL051W,YLR421C,0,-5.1781864,0.10411819815635681,0.8949999809265137,0.7700999975204468
YHL031C,YOR118W,0,-5.1787944,0.10410608351230621,0.8949999809265137,0.7702000141143799
YBR217W,YGR055W,0,-5.1790447,0.10409397631883621,0.8949999809265137,0.7702999711036682
YOR181W,YIL153W,1,-5.179138,0.1041981652379036,0.8960000276565552,0.7702999711036682
YHR206W,YDR420W,1,-5.1791663,0.10430232435464859,0.8970000147819519,0.7702999711036682
YDL095W,YGR158C,0,-5.17965,0.1042902022600174,0.8970000147819519,0.7703999876976013
YDR110W,YGL005C,0,-5.1797485,0.1042780727148056,0.8970000147819519,0.7705000042915344
YDR162C,YIL147C,1,-5.179795,0.10438219457864761,0.8980000019073486,0.7705000042915344
YBR185C,YEL071W,0,-5.179806,0.10437005758285522,0.8980000019073486,0.7706000208854675
YKL006C-A,YDR267C,0,-5.179905,0.10435792803764343,0.8980000019073486,0.7706999778747559
YOR373W,YDR409W,0,-5.1801577,0.10434580594301224,0.8980000019073486,0.770799994468689
YMR175W,YDL235C,1,-5.180229,0.10444986820220947,0.8989999890327454,0.770799994468689
YNL186W,YPL211W,0,-5.1803083,0.10443773120641708,0.8989999890327454,0.7709000110626221
YHL006C,YPR037C,0,-5.180453,0.10442560166120529,0.8989999890327454,0.7710000276565552
YDR536W,YPL144W,0,-5.1807456,0.1044134721159935,0.8989999890327454,0.7710999846458435
YOR346W,YNL113W,0,-5.180848,0.1044013500213623,0.8989999890327454,0.7712000012397766
YOR003W,YLR027C,0,-5.18085,0.10438922792673111,0.8989999890327454,0.7713000178337097
YGL189C,YNL291C,0,-5.1810474,0.10437710583209991,0.8989999890327454,0.771399974822998
YML015C,YBR043C,0,-5.18142,0.10436498373746872,0.8989999890327454,0.7714999914169312
YGR091W,YGR054W,0,-5.181739,0.10435287654399872,0.8989999890327454,0.7716000080108643
YHR176W,YHR039C,0,-5.181808,0.10434076189994812,0.8989999890327454,0.7717000246047974
YBL093C,YOL067C,0,-5.181881,0.10432865470647812,0.8989999890327454,0.7717999815940857
YPL231W,YHR086W,0,-5.1821938,0.10431654751300812,0.8989999890327454,0.7718999981880188
YER033C,YDL033C,0,-5.182616,0.10430444031953812,0.8989999890327454,0.7720000147819519
YIL147C,YBL061C,1,-5.1827736,0.10440835356712341,0.8999999761581421,0.7720000147819519
YLR102C,YNL318C,0,-5.1835556,0.10439623892307281,0.8999999761581421,0.7720999717712402
YAL032C,YDR135C,0,-5.1841936,0.10438413172960281,0.8999999761581421,0.7721999883651733
YOR028C,YCR009C,1,-5.1842794,0.10448800027370453,0.9010000228881836,0.7721999883651733
YJL143W,YGR057C,0,-5.184471,0.10447587817907333,0.9010000228881836,0.7723000049591064
YPL108W,YJL050W,0,-5.184743,0.10446377098560333,0.9010000228881836,0.7724000215530396
YLR100W,YIL068C,0,-5.1847777,0.10445165634155273,0.9010000228881836,0.7724999785423279
YPL149W,YMR106C,0,-5.185123,0.10443954914808273,0.9010000228881836,0.772599995136261
YLR247C,YPL224C,0,-5.185722,0.10442744195461273,0.9010000228881836,0.7727000117301941
YNR038W,YIL121W,0,-5.1861563,0.10441534221172333,0.9010000228881836,0.7728000283241272
YLR115W,YGR029W,0,-5.1869235,0.10440324246883392,0.9010000228881836,0.7728999853134155
YDL066W,YDR298C,0,-5.187107,0.10439115017652512,0.9010000228881836,0.7730000019073486
YPR055W,YDR060W,0,-5.1872897,0.10437905788421631,0.9010000228881836,0.7731000185012817
YER018C,YJL137C,0,-5.187718,0.1043669655919075,0.9010000228881836,0.7731999754905701
YPR188C,YGR087C,0,-5.188102,0.1043548732995987,0.9010000228881836,0.7732999920845032
YJR075W,YGR186W,0,-5.188155,0.10434278845787048,0.9010000228881836,0.7734000086784363
YOL133W,YDL117W,0,-5.1886606,0.10433071106672287,0.9010000228881836,0.7735000252723694
YPR016C,YKR079C,0,-5.1887684,0.10431862622499466,0.9010000228881836,0.7735999822616577
YFL047W,YLR384C,0,-5.1888657,0.10430654883384705,0.9010000228881836,0.7736999988555908
YPL236C,YDL184C,0,-5.189039,0.10429447889328003,0.9010000228881836,0.7738000154495239
YDR113C,YHR019C,0,-5.1893353,0.10428240895271301,0.9010000228881836,0.7738999724388123
YHR086W,YPL248C,0,-5.189551,0.104270339012146,0.9010000228881836,0.7739999890327454
YIL009C-A,YDR487C,0,-5.1897125,0.10425827652215958,0.9010000228881836,0.7741000056266785
YOR014W,YNL101W,0,-5.189855,0.10424621403217316,0.9010000228881836,0.7742000222206116
YBR131W,YDL031W,0,-5.1900644,0.10423415154218674,0.9010000228881836,0.7742999792098999
YBR055C,YGR071C,0,-5.190589,0.10422209650278091,0.9010000228881836,0.774399995803833
YPR028W,YDR466W,0,-5.1908,0.10421004146337509,0.9010000228881836,0.7745000123977661
YBR094W,YMR035W,0,-5.191175,0.10419798642396927,0.9010000228881836,0.7746000289916992
YDR440W,YDL064W,0,-5.191184,0.10418593883514404,0.9010000228881836,0.7746999859809875
YPR009W,YBR046C,0,-5.1913586,0.10417389124631882,0.9010000228881836,0.7748000025749207
YNL125C,YOR039W,0,-5.191401,0.10416185110807419,0.9010000228881836,0.7749000191688538
YEL005C,YGL028C,0,-5.192019,0.10414981096982956,0.9010000228881836,0.7749999761581421
YBR015C,YJR113C,0,-5.192043,0.10413777083158493,0.9010000228881836,0.7750999927520752
YOL094C,YKL181W,0,-5.1921453,0.1041257381439209,0.9010000228881836,0.7752000093460083
YML086C,YCL066W,0,-5.1926217,0.10411370545625687,0.9010000228881836,0.7753000259399414
YML104C,YOR346W,0,-5.1927257,0.10410167276859283,0.9010000228881836,0.7753999829292297
YIR033W,YLL035W,0,-5.1927376,0.1040896475315094,0.9010000228881836,0.7754999995231628
YDR085C,YFL029C,0,-5.192741,0.10407762229442596,0.9010000228881836,0.775600016117096
YDR430C,YOR014W,0,-5.1928415,0.10406560450792313,0.9010000228881836,0.7756999731063843
YPR192W,YGL213C,0,-5.19333,0.10405358672142029,0.9010000228881836,0.7757999897003174
YDL010W,YGR014W,1,-5.193802,0.10415704548358917,0.9020000100135803,0.7757999897003174
YMR293C,YDR169C,0,-5.1941137,0.10414502024650574,0.9020000100135803,0.7759000062942505
YPL152W,YLR319C,1,-5.194717,0.10424844175577164,0.902999997138977,0.7759000062942505
YGL128C,YIR037W,0,-5.1953325,0.1042364090681076,0.902999997138977,0.7760000228881836
YER161C,YBR033W,0,-5.1954265,0.10422437638044357,0.902999997138977,0.7760999798774719
YOR336W,YML041C,0,-5.195455,0.10421235114336014,0.902999997138977,0.776199996471405
YNL132W,YDR054C,0,-5.19582,0.1042003259062767,0.902999997138977,0.7763000130653381
YLR117C,YOL055C,0,-5.196188,0.10418830066919327,0.902999997138977,0.7764000296592712
YFL034C-B,YML043C,0,-5.1962695,0.10417628288269043,0.902999997138977,0.7764999866485596
YML075C,YMR017W,0,-5.196581,0.10416426509618759,0.902999997138977,0.7766000032424927
YML101C,YBR179C,0,-5.197029,0.10415224730968475,0.902999997138977,0.7767000198364258
YOR049C,YNR008W,0,-5.197034,0.10414023697376251,0.902999997138977,0.7767999768257141
YDR303C,YMR192W,0,-5.1971655,0.10412822663784027,0.902999997138977,0.7768999934196472
YHR165C,YNL048W,0,-5.197237,0.10411622375249863,0.902999997138977,0.7770000100135803
YGR209C,YIL041W,0,-5.19775,0.10410422086715698,0.902999997138977,0.7771000266075134
YDR084C,YGR274C,0,-5.1981034,0.10409221798181534,0.902999997138977,0.7771999835968018
YGR014W,YOR028C,1,-5.1981673,0.1041954830288887,0.9039999842643738,0.7771999835968018
YOR036W,YOR155C,0,-5.198379,0.10418347269296646,0.9039999842643738,0.7773000001907349
YPL202C,YJL177W,0,-5.198576,0.10417146980762482,0.9039999842643738,0.777400016784668
YBR193C,YPL004C,0,-5.198825,0.10415946692228317,0.9039999842643738,0.7774999737739563
YOR367W,YLR337C,1,-5.1989565,0.10426267236471176,0.9049999713897705,0.7774999737739563
YLR299W,YMR215W,0,-5.1989594,0.10425066202878952,0.9049999713897705,0.7775999903678894
YMR289W,YPR067W,0,-5.1990166,0.10423865169286728,0.9049999713897705,0.7777000069618225
YDR301W,YCR028C-A,0,-5.199297,0.10422664880752563,0.9049999713897705,0.7778000235557556
YDL082W,YML113W,0,-5.2000685,0.10421464592218399,0.9049999713897705,0.777899980545044
YPR022C,YOR019W,0,-5.2001433,0.10420265048742294,0.9049999713897705,0.777999997138977
YER044C,YLR004C,0,-5.2002354,0.1041906550526619,0.9049999713897705,0.7781000137329102
YKR094C,YNL062C,0,-5.2004766,0.10417865961790085,0.9049999713897705,0.7781999707221985
YNL254C,YDL104C,0,-5.200515,0.1041666641831398,0.9049999713897705,0.7782999873161316
YKL048C,YKL062W,1,-5.200858,0.10426976531744003,0.906000018119812,0.7782999873161316
YJR066W,YER106W,0,-5.201112,0.10425776988267899,0.906000018119812,0.7784000039100647
YOR181W,YLR319C,1,-5.201122,0.10436083376407623,0.9070000052452087,0.7784000039100647
YER155C,YPR112C,0,-5.201232,0.10434882342815399,0.9070000052452087,0.7785000205039978
YDL093W,YDR002W,0,-5.2016706,0.10433682054281235,0.9070000052452087,0.7785999774932861
YGL047W,YML129C,0,-5.20193,0.1043248251080513,0.9070000052452087,0.7786999940872192
YPR180W,YDR482C,0,-5.2021904,0.10431282222270966,0.9070000052452087,0.7788000106811523
YJL051W,YHR146W,0,-5.202394,0.10430082678794861,0.9070000052452087,0.7789000272750854
YBR039W,YHR031C,0,-5.202585,0.10428883880376816,0.9070000052452087,0.7789999842643738
YBR161W,YGL021W,0,-5.2029614,0.10427684336900711,0.9070000052452087,0.7791000008583069
YJL111W,YMR044W,0,-5.2032003,0.10426485538482666,0.9070000052452087,0.77920001745224
YOL117W,YMR052W,0,-5.2034664,0.1042528748512268,0.9070000052452087,0.7792999744415283
YGR156W,YMR042W,0,-5.2041683,0.10424089431762695,0.9070000052452087,0.7793999910354614
YNL049C,YCR037C,0,-5.2046256,0.1042289137840271,0.9070000052452087,0.7795000076293945
YLR449W,YBR153W,0,-5.2046556,0.10421693325042725,0.9070000052452087,0.7796000242233276
YML069W,YPL193W,0,-5.20503,0.10420496016740799,0.9070000052452087,0.779699981212616
YBR162C,YPL001W,0,-5.205635,0.10419299453496933,0.9070000052452087,0.7797999978065491
YNR030W,YOL049W,0,-5.205837,0.10418102145195007,0.9070000052452087,0.7799000144004822
YKR072C,YPR005C,1,-5.205854,0.104283906519413,0.9079999923706055,0.7799000144004822
YIL136W,YNR022C,0,-5.20591,0.10427193343639374,0.9079999923706055,0.7799999713897705
YDR069C,YML019W,0,-5.2062197,0.10425996035337448,0.9079999923706055,0.7800999879837036
YDL072C,YMR225C,0,-5.206231,0.10424798727035522,0.9079999923706055,0.7802000045776367
YPR057W,YLR360W,0,-5.206341,0.10423602163791656,0.9079999923706055,0.7803000211715698
YFR004W,YER123W,0,-5.2069073,0.1042240560054779,0.9079999923706055,0.7803999781608582
YJL145W,YBR085W,0,-5.2070675,0.10421209782361984,0.9079999923706055,0.7804999947547913
YGL099W,YIL130W,0,-5.2076216,0.10420013964176178,0.9079999923706055,0.7806000113487244
YBR175W,YDL145C,0,-5.2079115,0.10418818145990372,0.9079999923706055,0.7807000279426575
YDR002W,YIL131C,0,-5.2083097,0.10417623072862625,0.9079999923706055,0.7807999849319458
YER159C,YOR341W,0,-5.2089396,0.10416427999734879,0.9079999923706055,0.7809000015258789
YPR131C,YOR039W,0,-5.209016,0.10415232926607132,0.9079999923706055,0.781000018119812
YBR217W,YDL049C,0,-5.209467,0.10414038598537445,0.9079999923706055,0.7810999751091003
YJL036W,YLR323C,0,-5.2095165,0.10412844270467758,0.9079999923706055,0.7811999917030334
YKL099C,YML069W,0,-5.209704,0.10411649942398071,0.9079999923706055,0.7813000082969666
YPL232W,YLR381W,0,-5.2097263,0.10410456359386444,0.9079999923706055,0.7814000248908997
YLR093C,YJL170C,0,-5.20973,0.10409262776374817,0.9079999923706055,0.781499981880188
YOL033W,YNL045W,0,-5.2097554,0.1040806993842125,0.9079999923706055,0.7815999984741211
YPL152W,YOR028C,1,-5.20994,0.1041833832859993,0.9089999794960022,0.7815999984741211
YDR425W,YGL038C,0,-5.2102365,0.10417144000530243,0.9089999794960022,0.7817000150680542
YDR168W,YNL091W,1,-5.210273,0.10427409410476685,0.9100000262260437,0.7817000150680542
YJL080C,YKR030W,0,-5.210308,0.10426214337348938,0.9100000262260437,0.7817999720573425
YGR086C,YHR184W,0,-5.210311,0.10425020009279251,0.9100000262260437,0.7818999886512756
YDR406W,YDR477W,0,-5.210393,0.10423825681209564,0.9100000262260437,0.7820000052452087
YLR265C,YJL073W,0,-5.2104397,0.10422632098197937,0.9100000262260437,0.7821000218391418
YKR001C,YDR394W,0,-5.210632,0.1042143851518631,0.9100000262260437,0.7821999788284302
YBR049C,YER094C,0,-5.2107296,0.10420244932174683,0.9100000262260437,0.7822999954223633
YML042W,YNL247W,0,-5.2108393,0.10419052094221115,0.9100000262260437,0.7824000120162964
YPR168W,YGL011C,0,-5.211349,0.10417859256267548,0.9100000262260437,0.7825000286102295
YBR092C,YPL140C,0,-5.2115374,0.1041666641831398,0.9100000262260437,0.7825999855995178
YBR293W,YML034W,0,-5.21196,0.10415474325418472,0.9100000262260437,0.7827000021934509
YDL178W,YIL119C,0,-5.212031,0.10414282232522964,0.9100000262260437,0.782800018787384
YLR229C,YIL121W,0,-5.212494,0.10413090884685516,0.9100000262260437,0.7828999757766724
YIL148W,YCR054C,0,-5.2125387,0.10411899536848068,0.9100000262260437,0.7829999923706055
YGL187C,YLR431C,0,-5.2125587,0.1041070818901062,0.9100000262260437,0.7831000089645386
YDR128W,YGL201C,0,-5.2130327,0.10409517586231232,0.9100000262260437,0.7832000255584717
YLR052W,YMR165C,0,-5.213056,0.10408326983451843,0.9100000262260437,0.78329998254776
YMR029C,YBR171W,0,-5.213509,0.10407136380672455,0.9100000262260437,0.7833999991416931
YGR133W,YIL160C,0,-5.2136636,0.10405946522951126,0.9100000262260437,0.7835000157356262
YNL291C,YMR163C,0,-5.2136793,0.10404756665229797,0.9100000262260437,0.7835999727249146
YPL173W,YJL001W,0,-5.213727,0.10403566807508469,0.9100000262260437,0.7836999893188477
YDL101C,YCR079W,0,-5.21408,0.104023776948452,0.9100000262260437,0.7838000059127808
YIL097W,YLL015W,0,-5.2142572,0.1040118858218193,0.9100000262260437,0.7839000225067139
YBR136W,YHR139C,0,-5.214511,0.10400000214576721,0.9100000262260437,0.7839999794960022
YGR076C,YBR272C,0,-5.2145114,0.10398811846971512,0.9100000262260437,0.7840999960899353
YMR175W,YHR114W,1,-5.21498,0.10409049689769745,0.9110000133514404,0.7840999960899353
YIL113W,YBR302C,0,-5.2150574,0.10407859832048416,0.9110000133514404,0.7842000126838684
YGL048C,YER060W,0,-5.215378,0.10406671464443207,0.9110000133514404,0.7843000292778015
YPL148C,YMR188C,0,-5.215912,0.10405482351779938,0.9110000133514404,0.7843999862670898
YNL300W,YML066C,0,-5.2159834,0.10404293984174728,0.9110000133514404,0.784500002861023
YIL037C,YHR134W,0,-5.21611,0.10403106361627579,0.9110000133514404,0.784600019454956
YKR075C,YDR354W,0,-5.2162127,0.1040191799402237,0.9110000133514404,0.7846999764442444
YHR143W-A,YPR070W,0,-5.216406,0.1040073037147522,0.9110000133514404,0.7847999930381775
YLR367W,YLL005C,0,-5.217237,0.1039954349398613,0.9110000133514404,0.7849000096321106
YCR066W,YIL131C,0,-5.217736,0.1039835661649704,0.9110000133514404,0.7850000262260437
YPL262W,YPR007C,0,-5.2177615,0.1039716973900795,0.9110000133514404,0.785099983215332
YGL065C,YMR011W,0,-5.2182727,0.1039598286151886,0.9110000133514404,0.7851999998092651
YHR142W,YBR044C,0,-5.2182736,0.1039479672908783,0.9110000133514404,0.7853000164031982
YIL126W,YPL126W,0,-5.2183123,0.103936105966568,0.9110000133514404,0.7853999733924866
YJL098W,YOR298C-A,0,-5.2185993,0.10392425209283829,0.9110000133514404,0.7854999899864197
YMR280C,YKL212W,0,-5.2193804,0.10391239821910858,0.9110000133514404,0.7856000065803528
YGL029W,YLR381W,0,-5.219577,0.10390054434537888,0.9110000133514404,0.7857000231742859
YDR279W,YKL139W,0,-5.2199035,0.10388869792222977,0.9110000133514404,0.7857999801635742
YER139C,YDL017W,0,-5.2207384,0.10387685149908066,0.9110000133514404,0.7858999967575073
YKL005C,YDR237W,0,-5.221027,0.10386501252651215,0.9110000133514404,0.7860000133514404
YDR323C,YBL055C,0,-5.2212954,0.10385316610336304,0.9110000133514404,0.7860999703407288
YDR104C,YBR286W,0,-5.2214684,0.10384133458137512,0.9110000133514404,0.7861999869346619
YJL074C,YOL092W,0,-5.22158,0.10382949560880661,0.9110000133514404,0.786300003528595
YDL159W,YER082C,0,-5.221947,0.1038176640868187,0.9110000133514404,0.7864000201225281
YMR056C,YMR116C,0,-5.2220736,0.10380583256483078,0.9110000133514404,0.7864999771118164
YOR003W,YKR014C,0,-5.2228727,0.10379400849342346,0.9110000133514404,0.7865999937057495
YOR167C,YML011C,0,-5.223242,0.10378218442201614,0.9110000133514404,0.7867000102996826
YJR152W,YDR099W,0,-5.2233562,0.10377036035060883,0.9110000133514404,0.7868000268936157
YOL076W,YLL014W,0,-5.223423,0.1037585437297821,0.9110000133514404,0.786899983882904
YML058W,YGL116W,0,-5.2240624,0.10374672710895538,0.9110000133514404,0.7870000004768372
YBR237W,YNL076W,0,-5.2241883,0.10373491048812866,0.9110000133514404,0.7871000170707703
YPL137C,YMR091C,0,-5.2242537,0.10372310131788254,0.9110000133514404,0.7871999740600586
YKL016C,YDL188C,0,-5.224398,0.10371129214763641,0.9110000133514404,0.7872999906539917
YGR135W,YDR478W,0,-5.2245393,0.10369949042797089,0.9110000133514404,0.7874000072479248
YBL088C,YOR288C,0,-5.2247376,0.10368768125772476,0.9110000133514404,0.7875000238418579
YOR341W,YHR184W,0,-5.22515,0.10367588698863983,0.9110000133514404,0.7875999808311462
YLR337C,YNL091W,1,-5.225268,0.10377787798643112,0.9120000004768372,0.7875999808311462
YLR090W,YGR133W,0,-5.225458,0.103766068816185,0.9120000004768372,0.7876999974250793
YGR068C,YDL103C,0,-5.225712,0.10375426709651947,0.9120000004768372,0.7878000140190125
YOL154W,YMR001C,0,-5.225873,0.10374246537685394,0.9120000004768372,0.7878999710083008
YMR163C,YGL145W,0,-5.22606,0.10373066365718842,0.9120000004768372,0.7879999876022339
YOL119C,YHL001W,0,-5.226114,0.10371886938810349,0.9120000004768372,0.788100004196167
YNR043W,YPL023C,0,-5.2266197,0.10370707511901855,0.9120000004768372,0.7882000207901001
YPR066W,YNL316C,0,-5.2266283,0.10369528084993362,0.9120000004768372,0.7882999777793884
YGR206W,YMR052W,0,-5.226663,0.10368349403142929,0.9120000004768372,0.7883999943733215
YML022W,YMR312W,0,-5.2268305,0.10367170721292496,0.9120000004768372,0.7885000109672546
YBR104W,YLR115W,0,-5.2270117,0.10365992039442062,0.9120000004768372,0.7886000275611877
YEL004W,YNL075W,0,-5.227268,0.10364814102649689,0.9120000004768372,0.7886999845504761
YGR094W,YML010W,0,-5.2273765,0.10363636165857315,0.9120000004768372,0.7888000011444092
YPL155C,YIL160C,0,-5.227605,0.10362458974123001,0.9120000004768372,0.7889000177383423
YPL013C,YDR462W,0,-5.228226,0.10361281782388687,0.9120000004768372,0.7889999747276306
YDR162C,YHL007C,1,-5.228231,0.10371464490890503,0.9129999876022339,0.7889999747276306
YHR124W,YGL025C,0,-5.22873,0.10370286554098129,0.9129999876022339,0.7890999913215637
YLR378C,YNL161W,0,-5.228882,0.10369108617305756,0.9129999876022339,0.7892000079154968
YNL310C,YMR220W,0,-5.2291093,0.10367930680513382,0.9129999876022339,0.7893000245094299
YJR025C,YAR042W,0,-5.2291746,0.10366753488779068,0.9129999876022339,0.7893999814987183
YPL143W,YOL056W,0,-5.2298307,0.10365577042102814,0.9129999876022339,0.7894999980926514
YDR153C,YOL146W,0,-5.231053,0.103643998503685,0.9129999876022339,0.7896000146865845
YMR163C,YEL021W,0,-5.231309,0.10363223403692245,0.9129999876022339,0.7896999716758728
YGL084C,YNL270C,0,-5.231372,0.10362047702074051,0.9129999876022339,0.7897999882698059
YOR308C,YNR037C,0,-5.23154,0.10360871255397797,0.9129999876022339,0.789900004863739
YPR075C,YCR073C,1,-5.231791,0.10371042788028717,0.9139999747276306,0.789900004863739
YPL198W,YHR052W,0,-5.2321024,0.10369866341352463,0.9139999747276306,0.7900000214576721
YMR230W,YKL154W,0,-5.232113,0.10368689894676208,0.9139999747276306,0.7900999784469604
YER147C,YGL077C,0,-5.232355,0.10367513447999954,0.9139999747276306,0.7901999950408936
YBR077C,YML001W,0,-5.2326274,0.1036633774638176,0.9139999747276306,0.7903000116348267
YOR307C,YPR070W,0,-5.232711,0.10365162044763565,0.9139999747276306,0.7904000282287598
YBL010C,YLR376C,0,-5.2337127,0.1036398708820343,0.9139999747276306,0.7904999852180481
YEL026W,YLR135W,0,-5.2338734,0.10362812131643295,0.9139999747276306,0.7906000018119812
YFL004W,YGR049W,0,-5.234532,0.1036163717508316,0.9139999747276306,0.7907000184059143
YDR163W,YPL015C,0,-5.234804,0.10360462218523026,0.9139999747276306,0.7907999753952026
YMR121C,YLR356W,0,-5.2348585,0.1035928800702095,0.9139999747276306,0.7908999919891357
YNL329C,YKL176C,0,-5.235159,0.10358114540576935,0.9139999747276306,0.7910000085830688
YPR032W,YAL062W,0,-5.2358866,0.1035694032907486,0.9139999747276306,0.791100025177002
YNL329C,YIL160C,0,-5.2362213,0.10355766862630844,0.9139999747276306,0.7911999821662903
YKR095W-A,YLR032W,0,-5.2369614,0.10354594141244888,0.9139999747276306,0.7912999987602234
YDR520C,YNL308C,0,-5.2373085,0.10353420674800873,0.9139999747276306,0.7914000153541565
YOR149C,YNL083W,0,-5.2373137,0.10352247953414917,0.9139999747276306,0.7914999723434448
YDL046W,YOL156W,0,-5.23759,0.10351075977087021,0.9139999747276306,0.7915999889373779
YLR078C,YBL013W,0,-5.237875,0.10349904000759125,0.9139999747276306,0.791700005531311
YIL084C,YPL221W,0,-5.237884,0.10348732024431229,0.9139999747276306,0.7918000221252441
YLR376C,YHL020C,0,-5.238015,0.10347560048103333,0.9139999747276306,0.7918999791145325
YKL005C,YDR488C,0,-5.2381525,0.10346388816833496,0.9139999747276306,0.7919999957084656
YDR117C,YJL002C,0,-5.238174,0.1034521758556366,0.9139999747276306,0.7921000123023987
YGR253C,YCR037C,0,-5.23835,0.10344047099351883,0.9139999747276306,0.7922000288963318
YDR257C,YJR159W,0,-5.2387056,0.10342876613140106,0.9139999747276306,0.7922999858856201
YGL253W,YCL051W,0,-5.238839,0.1034170612692833,0.9139999747276306,0.7924000024795532
YPR104C,YOR249C,0,-5.238855,0.10340536385774612,0.9139999747276306,0.7925000190734863
YDL232W,YJR135C,0,-5.239191,0.10339366644620895,0.9139999747276306,0.7925999760627747
YOR321W,YGR004W,0,-5.239739,0.10338196903467178,0.9139999747276306,0.7926999926567078
YPR112C,YLR013W,0,-5.2398233,0.10337027907371521,0.9139999747276306,0.7928000092506409
YMR079W,YMR311C,0,-5.2399955,0.10335858911275864,0.9139999747276306,0.792900025844574
YMR113W,YIL130W,0,-5.2400055,0.10334689915180206,0.9139999747276306,0.7929999828338623
YJL080C,YMR056C,0,-5.240329,0.10333521664142609,0.9139999747276306,0.7930999994277954
YHR042W,YNL097C,0,-5.2403865,0.10332353413105011,0.9139999747276306,0.7932000160217285
YNL207W,YAL013W,0,-5.240476,0.10331185907125473,0.9139999747276306,0.7932999730110168
YKR095W-A,YOL059W,0,-5.241493,0.10330018401145935,0.9139999747276306,0.79339998960495
YGL107C,YMR207C,0,-5.241619,0.10328850895166397,0.9139999747276306,0.7935000061988831
YPL214C,YER142C,0,-5.2421994,0.10327683389186859,0.9139999747276306,0.7936000227928162
YKR061W,YMR202W,0,-5.2423315,0.10326516628265381,0.9139999747276306,0.7936999797821045
YPL140C,YNL156C,0,-5.242487,0.10325349867343903,0.9139999747276306,0.7937999963760376
YBL105C,YER031C,0,-5.2428885,0.10324183851480484,0.9139999747276306,0.7939000129699707
YOL103W,YBR227C,0,-5.243116,0.10323017835617065,0.9139999747276306,0.7940000295639038
YPR029C,YGR154C,0,-5.243347,0.10321851819753647,0.9139999747276306,0.7940999865531921
YMR026C,YMR225C,0,-5.2435927,0.10320686548948288,0.9139999747276306,0.7942000031471252
YBL008W,YNL280C,0,-5.2436457,0.10319521278142929,0.9139999747276306,0.7943000197410583
YGR062C,YDR200C,0,-5.2441397,0.1031835600733757,0.9139999747276306,0.7943999767303467
YDR084C,YPL115C,0,-5.2442856,0.10317191481590271,0.9139999747276306,0.7944999933242798
YML021C,YJR105W,0,-5.2444324,0.10316026955842972,0.9139999747276306,0.7946000099182129
YCR079W,YNL025C,0,-5.2445183,0.10314863175153732,0.9139999747276306,0.794700026512146
YIR006C,YEL051W,0,-5.2448807,0.10313698649406433,0.9139999747276306,0.7947999835014343
YMR204C,YJL047C,0,-5.244972,0.10312535613775253,0.9139999747276306,0.7949000000953674
YLR336C,YLR138W,1,-5.2450066,0.10322653502225876,0.9150000214576721,0.7949000000953674
YML072C,YLR417W,0,-5.2451077,0.10321488976478577,0.9150000214576721,0.7950000166893005
YGR224W,YPR181C,0,-5.245126,0.10320325195789337,0.9150000214576721,0.7950999736785889
YNL068C,YMR040W,0,-5.2452354,0.10319160670042038,0.9150000214576721,0.795199990272522
YGL090W,YJL101C,0,-5.245289,0.10317997634410858,0.9150000214576721,0.7953000068664551
YFR005C,YML069W,0,-5.245641,0.10316833853721619,0.9150000214576721,0.7954000234603882
YER072W,YIL013C,0,-5.2457056,0.10315670818090439,0.9150000214576721,0.7954999804496765
YIL043C,YGR004W,0,-5.245745,0.10314507782459259,0.9150000214576721,0.7955999970436096
YNL142W,YBR033W,0,-5.2457986,0.10313345491886139,0.9150000214576721,0.7957000136375427
YJL184W,YLR319C,1,-5.246066,0.10323452949523926,0.9160000085830688,0.7957000136375427
YML005W,YLR135W,0,-5.2464066,0.10322289913892746,0.9160000085830688,0.795799970626831
YIL153W,YCR073C,1,-5.2464323,0.10332394391298294,0.9169999957084656,0.795799970626831
YGL061C,YOR077W,0,-5.246443,0.10331230610609055,0.9169999957084656,0.7958999872207642
YNL020C,YLR337C,1,-5.2468953,0.10341331362724304,0.9179999828338623,0.7958999872207642
YOL061W,YJL056C,0,-5.247662,0.10340166836977005,0.9179999828338623,0.7960000038146973
YNR048W,YIL110W,0,-5.2477226,0.10339002311229706,0.9179999828338623,0.7961000204086304
YLR006C,YHL007C,1,-5.2487106,0.10349099338054657,0.9190000295639038,0.7961000204086304
YLR093C,YCR071C,0,-5.248969,0.10347934067249298,0.9190000295639038,0.7961999773979187
YDR147W,YCR037C,0,-5.249268,0.10346768796443939,0.9190000295639038,0.7962999939918518
YOL120C,YML106W,0,-5.2496505,0.1034560427069664,0.9190000295639038,0.7964000105857849
YNR022C,YCR092C,0,-5.249674,0.10344439744949341,0.9190000295639038,0.796500027179718
YMR283C,YLR356W,0,-5.2501116,0.10343275219202042,0.9190000295639038,0.7965999841690063
YNL225C,YER169W,0,-5.2501235,0.10342111438512802,0.9190000295639038,0.7967000007629395
YNL325C,YPR103W,0,-5.250387,0.10340947657823563,0.9190000295639038,0.7968000173568726
YMR208W,YLR421C,0,-5.2504516,0.10339783877134323,0.9190000295639038,0.7968999743461609
YDR253C,YOL149W,0,-5.2505474,0.10338620841503143,0.9190000295639038,0.796999990940094
YPL090C,YPL157W,0,-5.250779,0.10337457805871964,0.9190000295639038,0.7971000075340271
YGR068C,YLR186W,0,-5.2512803,0.10336294770240784,0.9190000295639038,0.7972000241279602
YBL016W,YBR153W,0,-5.2519455,0.10335132479667664,0.9190000295639038,0.7972999811172485
YDR375C,YGL155W,0,-5.252008,0.10333970189094543,0.9190000295639038,0.7973999977111816
YOR207C,YLL067C,0,-5.252804,0.10332808643579483,0.9190000295639038,0.7975000143051147
YMR040W,YDL044C,0,-5.2529507,0.10331647098064423,0.9190000295639038,0.7975999712944031
YIR026C,YML100W,0,-5.253149,0.10330485552549362,0.9190000295639038,0.7976999878883362
YLR222C,YPL053C,0,-5.2532387,0.10329324752092361,0.9190000295639038,0.7978000044822693
YOR047C,YBL061C,1,-5.253802,0.1033940240740776,0.9200000166893005,0.7978000044822693
YPL006W,YHR024C,0,-5.2540984,0.1033824011683464,0.9200000166893005,0.7979000210762024
YIL022W,YNL059C,0,-5.254326,0.1033707857131958,0.9200000166893005,0.7979999780654907
YBR070C,YCL001W,0,-5.2544336,0.1033591702580452,0.9200000166893005,0.7980999946594238
YHR108W,YNL246W,0,-5.2547684,0.10334756225347519,0.9200000166893005,0.7982000112533569
YPR031W,YDL120W,0,-5.2547946,0.10333595424890518,0.9200000166893005,0.79830002784729
YIL137C,YOR192C,0,-5.2549477,0.10332434624433517,0.9200000166893005,0.7983999848365784
YBL091C,YML127W,0,-5.2552586,0.10331274569034576,0.9200000166893005,0.7985000014305115
YPL095C,YJR158W,0,-5.2552853,0.10330114513635635,0.9200000166893005,0.7986000180244446
YPL209C,YDR002W,0,-5.255348,0.10328954458236694,0.9200000166893005,0.7986999750137329
YJL156C,YOL003C,0,-5.255495,0.10327795147895813,0.9200000166893005,0.798799991607666
YDR087C,YHL006C,0,-5.2559013,0.10326635837554932,0.9200000166893005,0.7989000082015991
YHR083W,YGL106W,0,-5.256092,0.1032547727227211,0.9200000166893005,0.7990000247955322
YKR046C,YMR011W,0,-5.2562585,0.10324317961931229,0.9200000166893005,0.7990999817848206
YER019W,YBL061C,1,-5.256464,0.10334380716085434,0.9210000038146973,0.7990999817848206
YJL013C,YJR091C,0,-5.2568603,0.10333221405744553,0.9210000038146973,0.7991999983787537
YKR094C,YOL061W,0,-5.257923,0.10332062095403671,0.9210000038146973,0.7993000149726868
YGR013W,YPL018W,0,-5.258005,0.1033090278506279,0.9210000038146973,0.7993999719619751
YJL159W,YIL073C,0,-5.25831,0.10329744219779968,0.9210000038146973,0.7994999885559082
YNL214W,YBR028C,0,-5.258312,0.10328585654497147,0.9210000038146973,0.7996000051498413
YAL068C,YKL029C,0,-5.2583156,0.10327427834272385,0.9210000038146973,0.7997000217437744
YMR322C,YOR334W,0,-5.2586117,0.10326270014047623,0.9210000038146973,0.7997999787330627
YMR106C,YBL055C,0,-5.2586565,0.10325112193822861,0.9210000038146973,0.7998999953269958
YPL038W,YOR288C,0,-5.259732,0.10323954373598099,0.9210000038146973,0.800000011920929
YFR005C,YHR042W,0,-5.2607775,0.10322797298431396,0.9210000038146973,0.8001000285148621
YHR169W,YER060W,0,-5.260825,0.10321640968322754,0.9210000038146973,0.8001999855041504
YKL081W,YIR033W,0,-5.2609143,0.10320483893156052,0.9210000038146973,0.8003000020980835
YBR146W,YKL086W,0,-5.2613177,0.10319327563047409,0.9210000038146973,0.8004000186920166
YGR262C,YLR032W,0,-5.2614837,0.10318171977996826,0.9210000038146973,0.8004999756813049
YDR099W,YER144C,0,-5.2616053,0.10317015647888184,0.9210000038146973,0.800599992275238
YER149C,YPR103W,0,-5.2618227,0.10315860062837601,0.9210000038146973,0.8007000088691711
YML008C,YML011C,0,-5.2618675,0.10314705222845078,0.9210000038146973,0.8008000254631042
YBL063W,YIL040W,0,-5.2622395,0.10313549637794495,0.9210000038146973,0.8008999824523926
YNL321W,YIL013C,0,-5.2629013,0.10312394797801971,0.9210000038146973,0.8009999990463257
YDR077W,YJL083W,0,-5.2629585,0.10311240702867508,0.9210000038146973,0.8011000156402588
YDR058C,YCR097W,0,-5.263117,0.10310085862874985,0.9210000038146973,0.8011999726295471
YJR077C,YBR123C,0,-5.263334,0.10308932512998581,0.9210000038146973,0.8012999892234802
YML069W,YDR356W,0,-5.263413,0.10307778418064117,0.9210000038146973,0.8014000058174133
YIL118W,YBR264C,0,-5.2640524,0.10306625068187714,0.9210000038146973,0.8015000224113464
YDR143C,YKL176C,0,-5.2642026,0.1030547171831131,0.9210000038146973,0.8015999794006348
YHL019C,YGL213C,0,-5.2644415,0.10304318368434906,0.9210000038146973,0.8016999959945679
YDR212W,YLL005C,0,-5.264657,0.10303165763616562,0.9210000038146973,0.801800012588501
YJL136C,YBL014C,0,-5.2652392,0.10302013158798218,0.9210000038146973,0.8019000291824341
YMR029C,YEL047C,0,-5.2652764,0.10300861299037933,0.9210000038146973,0.8019999861717224
YDR495C,YGL127C,0,-5.265292,0.10299709439277649,0.9210000038146973,0.8021000027656555
YML048W,YGL089C,0,-5.2653613,0.10298557579517365,0.9210000038146973,0.8022000193595886
YOL001W,YLR133W,0,-5.2653923,0.1029740571975708,0.9210000038146973,0.802299976348877
YPL183C,YMR044W,0,-5.265747,0.10296254605054855,0.9210000038146973,0.8023999929428101
YOR321W,YIL129C,0,-5.266083,0.1029510423541069,0.9210000038146973,0.8025000095367432
YDR334W,YGL100W,0,-5.266414,0.10293953120708466,0.9210000038146973,0.8026000261306763
YIL106W,YGR035C,0,-5.2666206,0.102928027510643,0.9210000038146973,0.8026999831199646
YCL010C,YDR191W,0,-5.2668557,0.10291652381420135,0.9210000038146973,0.8027999997138977
YHR154W,YHR052W,0,-5.267253,0.1029050275683403,0.9210000038146973,0.8029000163078308
YML018C,YEL016C,0,-5.267417,0.10289353132247925,0.9210000038146973,0.8029999732971191
YBR097W,YPL249C,0,-5.2677975,0.1028820350766182,0.9210000038146973,0.8030999898910522
YHR036W,YLR070C,0,-5.2680283,0.10287054628133774,0.9210000038146973,0.8032000064849854
YNR043W,YMR214W,0,-5.268676,0.10285905748605728,0.9210000038146973,0.8033000230789185
YGR156W,YJR143C,0,-5.2690816,0.10284756869077682,0.9210000038146973,0.8033999800682068
YML061C,YKL040C,0,-5.2693295,0.10283608734607697,0.9210000038146973,0.8034999966621399
YDR361C,YFL022C,0,-5.2696342,0.1028246060013771,0.9210000038146973,0.803600013256073
YBR291C,YHR010W,0,-5.2698255,0.10281312465667725,0.9210000038146973,0.8036999702453613
YGR212W,YLR320W,0,-5.270236,0.10280165076255798,0.9210000038146973,0.8037999868392944
YPL016W,YNL136W,0,-5.2702656,0.10279017686843872,0.9210000038146973,0.8039000034332275
YML062C,YOR217W,0,-5.271472,0.10277871042490005,0.9210000038146973,0.8040000200271606
YMR263W,YLR292C,0,-5.2714987,0.10276723653078079,0.9210000038146973,0.804099977016449
YGR087C,YDR256C,0,-5.271635,0.10275577008724213,0.9210000038146973,0.8041999936103821
YLR409C,YER015W,0,-5.2716975,0.10274431109428406,0.9210000038146973,0.8043000102043152
YDR322W,YGL059W,0,-5.271838,0.10273285210132599,0.9210000038146973,0.8044000267982483
YMR175W,YIL147C,1,-5.2719717,0.10283292084932327,0.921999990940094,0.8044000267982483
YLR150W,YKR095W,0,-5.2723784,0.1028214544057846,0.921999990940094,0.8044999837875366
YLR336C,YLR319C,1,-5.273004,0.1029215008020401,0.9229999780654907,0.8044999837875366
YLR223C,YLR467W,0,-5.27352,0.10291002690792084,0.9229999780654907,0.8046000003814697
YER123W,YNL071W,0,-5.273563,0.10289855301380157,0.9229999780654907,0.8047000169754028
YNL300W,YML001W,0,-5.273804,0.10288707911968231,0.9229999780654907,0.8047999739646912
YOR357C,YJL157C,0,-5.274542,0.10287561267614365,0.9229999780654907,0.8048999905586243
YOR178C,YBL084C,0,-5.27483,0.10286414623260498,0.9229999780654907,0.8050000071525574
YHR141C,YOL127W,0,-5.275028,0.10285268723964691,0.9229999780654907,0.8051000237464905
YLR385C,YML101C,0,-5.2752633,0.10284122824668884,0.9229999780654907,0.8051999807357788
YEL027W,YGL021W,0,-5.2753386,0.10282976925373077,0.9229999780654907,0.8052999973297119
YMR257C,YJR065C,0,-5.27577,0.1028183102607727,0.9229999780654907,0.805400013923645
YLR204W,YOR211C,0,-5.276625,0.10280685871839523,0.9229999780654907,0.8054999709129333
YLR139C,YGR172C,0,-5.276884,0.10279541462659836,0.9229999780654907,0.8055999875068665
YFL034C-B,YDR280W,0,-5.277135,0.10278396308422089,0.9229999780654907,0.8057000041007996
YLR342W,YDL114W,0,-5.277221,0.10277251899242401,0.9229999780654907,0.8058000206947327
YEL019C,YKR105C,0,-5.277567,0.10276107490062714,0.9229999780654907,0.805899977684021
YKL148C,YGL240W,0,-5.2781167,0.10274963825941086,0.9229999780654907,0.8059999942779541
YKR083C,YDR145W,0,-5.278488,0.10273820161819458,0.9229999780654907,0.8061000108718872
YJL122W,YEL048C,0,-5.2787285,0.1027267649769783,0.9229999780654907,0.8062000274658203
YLR190W,YER112W,0,-5.278756,0.10271533578634262,0.9229999780654907,0.8062999844551086
YIL123W,YMR163C,0,-5.2788744,0.10270390659570694,0.9229999780654907,0.8064000010490417
YGL131C,YHR106W,0,-5.27936,0.10269247740507126,0.9229999780654907,0.8065000176429749
YKL208W,YDR325W,0,-5.279723,0.10268105566501617,0.9229999780654907,0.8065999746322632
YNL003C,YHR011W,0,-5.2798004,0.10266963392496109,0.9229999780654907,0.8066999912261963
YHL013C,YKR080W,0,-5.279805,0.102658212184906,0.9229999780654907,0.8068000078201294
YPL115C,YHL033C,0,-5.2804384,0.10264679789543152,0.9229999780654907,0.8069000244140625
YPL121C,YBR065C,0,-5.2807455,0.10263538360595703,0.9229999780654907,0.8069999814033508
YJL059W,YDR316W,0,-5.2809143,0.10262396931648254,0.9229999780654907,0.8070999979972839
YKL055C,YDL192W,0,-5.2812576,0.10261256247758865,0.9229999780654907,0.807200014591217
YOR375C,YPL001W,0,-5.281451,0.10260115563869476,0.9229999780654907,0.8072999715805054
YLR421C,YAL034W-A,0,-5.281519,0.10258974879980087,0.9229999780654907,0.8073999881744385
YDR103W,YLR288C,0,-5.2816215,0.10257834941148758,0.9229999780654907,0.8075000047683716
YDR303C,YIR013C,0,-5.2817497,0.10256695002317429,0.9229999780654907,0.8076000213623047
YHR031C,YGL115W,0,-5.282792,0.10255555808544159,0.9229999780654907,0.807699978351593
YOR096W,YKR100C,0,-5.282885,0.1025441586971283,0.9229999780654907,0.8077999949455261
YDR096W,YDR320C,0,-5.2833095,0.1025327742099762,0.9229999780654907,0.8079000115394592
YMR171C,YCL055W,0,-5.283456,0.1025213822722435,0.9229999780654907,0.8080000281333923
YDR197W,YDR466W,0,-5.283942,0.1025099977850914,0.9229999780654907,0.8080999851226807
YOL080C,YPL160W,0,-5.284164,0.1024986132979393,0.9229999780654907,0.8082000017166138
YFL041W,YPR009W,0,-5.2843475,0.1024872288107872,0.9229999780654907,0.8083000183105469
YCL038C,YBL063W,0,-5.2849193,0.1024758517742157,0.9229999780654907,0.8083999752998352
YMR012W,YLR234W,0,-5.2849293,0.1024644747376442,0.9229999780654907,0.8084999918937683
YER147C,YJR007W,0,-5.2849474,0.10245310515165329,0.9229999780654907,0.8086000084877014
YLR438C-A,YMR059W,0,-5.2851477,0.10244172811508179,0.9229999780654907,0.8087000250816345
YPL231W,YGL134W,0,-5.2857924,0.10243036597967148,0.9229999780654907,0.8087999820709229
YGR028W,YDR246W,0,-5.28602,0.10241899639368057,0.9229999780654907,0.808899998664856
YKL135C,YOL078W,0,-5.2861204,0.10240763425827026,0.9229999780654907,0.8090000152587891
YPL255W,YMR311C,0,-5.286625,0.10239627212285995,0.9229999780654907,0.8090999722480774
YDR139C,YPR134W,0,-5.287017,0.10238491743803024,0.9229999780654907,0.8091999888420105
YMR047C,YOR172W,0,-5.287398,0.10237355530261993,0.9229999780654907,0.8093000054359436
YML041C,YKL114C,0,-5.287406,0.10236220806837082,0.9229999780654907,0.8094000220298767
YEL019C,YOR358W,0,-5.287545,0.10235085338354111,0.9229999780654907,0.809499979019165
YFR007W,YNR008W,0,-5.287799,0.10233950614929199,0.9229999780654907,0.8095999956130981
YKL132C,YDR088C,0,-5.287974,0.10232815891504288,0.9229999780654907,0.8097000122070312
YOL020W,YOR119C,0,-5.2884197,0.10231681913137436,0.9229999780654907,0.8098000288009644
YOR255W,YKL194C,0,-5.288443,0.10230547189712524,0.9229999780654907,0.8098999857902527
YBR227C,YFR041C,0,-5.2894025,0.10229413956403732,0.9229999780654907,0.8100000023841858
YNR030W,YER060W,0,-5.289698,0.1022827997803688,0.9229999780654907,0.8101000189781189
YCR037C,YGR004W,0,-5.2897058,0.10227146744728088,0.9229999780654907,0.8101999759674072
YNL254C,YLR417W,0,-5.290752,0.10226013511419296,0.9229999780654907,0.8102999925613403
YOL088C,YHR184W,0,-5.29086,0.10224881023168564,0.9229999780654907,0.8104000091552734
YMR175W,YER118C,1,-5.2912006,0.10234825313091278,0.9240000247955322,0.8104000091552734
YER164W,YOR091W,0,-5.2914553,0.10233691334724426,0.9240000247955322,0.8105000257492065
YLR084C,YGR211W,0,-5.2918086,0.10232558101415634,0.9240000247955322,0.8105999827384949
YER127W,YPL033C,0,-5.2920914,0.10231424868106842,0.9240000247955322,0.810699999332428
YKR053C,YLR431C,0,-5.292231,0.1023029237985611,0.9240000247955322,0.8108000159263611
YGL020C,YGL115W,0,-5.292361,0.10229159891605377,0.9240000247955322,0.8108999729156494
YBL074C,YKR039W,0,-5.292577,0.10228027403354645,0.9240000247955322,0.8109999895095825
YML091C,YDL240W,0,-5.2928743,0.10226895660161972,0.9240000247955322,0.8111000061035156
YJL104W,YFL049W,0,-5.2936134,0.102257639169693,0.9240000247955322,0.8112000226974487
YOL117W,YOR252W,0,-5.293666,0.10224632173776627,0.9240000247955322,0.8112999796867371
YDR279W,YKL035W,0,-5.2939916,0.10223500430583954,0.9240000247955322,0.8113999962806702
YOR192C,YLR360W,0,-5.2940173,0.10222369432449341,0.9240000247955322,0.8115000128746033
YLR337C,YPL242C,1,-5.2941923,0.1023230105638504,0.925000011920929,0.8115000128746033
YOL132W,YKL155C,0,-5.2942724,0.10231169313192368,0.925000011920929,0.8116000294685364
YOR321W,YGL136C,0,-5.2947183,0.10230037569999695,0.925000011920929,0.8116999864578247
YML038C,YCR086W,0,-5.294777,0.10228906571865082,0.925000011920929,0.8118000030517578
YNL039W,YLR467W,0,-5.295167,0.10227775573730469,0.925000011920929,0.8119000196456909
YCR105W,YFR008W,0,-5.2951965,0.10226644575595856,0.925000011920929,0.8119999766349792
YPL241C,YDL043C,0,-5.2954845,0.10225514322519302,0.925000011920929,0.8120999932289124
YPL210C,YOR234C,0,-5.2954884,0.10224384069442749,0.925000011920929,0.8122000098228455
YNL055C,YNL009W,0,-5.2955246,0.10223253816366196,0.925000011920929,0.8123000264167786
YOR080W,YHR184W,0,-5.295726,0.10222124308347702,0.925000011920929,0.8123999834060669
YKL135C,YLR368W,0,-5.2965164,0.10220994800329208,0.925000011920929,0.8125
YDR279W,YJL121C,0,-5.2966743,0.10219865292310715,0.925000011920929,0.8126000165939331
YDR216W,YHR067W,0,-5.297002,0.10218736529350281,0.925000011920929,0.8126999735832214
YCR036W,YDR377W,0,-5.297567,0.10217607766389847,0.925000011920929,0.8127999901771545
YPR161C,YMR223W,0,-5.297995,0.10216479003429413,0.925000011920929,0.8129000067710876
YOR174W,YDR268W,0,-5.298419,0.10215350985527039,0.925000011920929,0.8130000233650208
YMR263W,YML095C,0,-5.2995243,0.10214222967624664,0.925000011920929,0.8130999803543091
YDR099W,YNL265C,0,-5.2996044,0.1021309494972229,0.925000011920929,0.8131999969482422
YLR013W,YOR075W,0,-5.2999516,0.10211967676877975,0.925000011920929,0.8133000135421753
YGL255W,YCR034W,0,-5.300358,0.10210840404033661,0.925000011920929,0.8133999705314636
YHR185C,YNL169C,0,-5.3010254,0.10209713131189346,0.925000011920929,0.8134999871253967
YJL050W,YCR018C,0,-5.301127,0.10208586603403091,0.925000011920929,0.8136000037193298
YBR193C,YMR127C,0,-5.3012023,0.10207460075616837,0.925000011920929,0.8137000203132629
YOR157C,YDR017C,0,-5.3014936,0.10206333547830582,0.925000011920929,0.8137999773025513
YPL024W,YPL047W,0,-5.3015003,0.10205207765102386,0.925000011920929,0.8138999938964844
YKR025W,YOR201C,0,-5.3018084,0.10204081982374191,0.925000011920929,0.8140000104904175
YDR348C,YPL043W,0,-5.301961,0.10202956199645996,0.925000011920929,0.8141000270843506
YCR075C,YPL249C,0,-5.302265,0.1020183116197586,0.925000011920929,0.8141999840736389
YPR168W,YOL017W,0,-5.3023963,0.10200706124305725,0.925000011920929,0.814300000667572
YKL113C,YCR016W,0,-5.3025913,0.1019958108663559,0.925000011920929,0.8144000172615051
YDR071C,YFL061W,0,-5.302942,0.10198456794023514,0.925000011920929,0.8144999742507935
YOR244W,YBR089C-A,0,-5.303509,0.10197332501411438,0.925000011920929,0.8145999908447266
YKR031C,YLL021W,0,-5.3038435,0.10196208208799362,0.925000011920929,0.8147000074386597
YKR089C,YGR208W,0,-5.3040266,0.10195084661245346,0.925000011920929,0.8148000240325928
YOL006C,YDR465C,0,-5.3042192,0.1019396111369133,0.925000011920929,0.8148999810218811
YML062C,YNR046W,0,-5.3042917,0.10192837566137314,0.925000011920929,0.8149999976158142
YDL161W,YGR132C,0,-5.3047185,0.10191714763641357,0.925000011920929,0.8151000142097473
YNL123W,YDR436W,0,-5.3047266,0.10190591961145401,0.925000011920929,0.8151999711990356
YER095W,YMR286W,0,-5.30504,0.10189469158649445,0.925000011920929,0.8152999877929688
YBL063W,YKL139W,0,-5.305163,0.10188347101211548,0.925000011920929,0.8154000043869019
YKR061W,YKR079C,0,-5.3053846,0.10187224298715591,0.925000011920929,0.815500020980835
YNL292W,YHR178W,0,-5.3056993,0.10186102986335754,0.925000011920929,0.8155999779701233
YHR205W,YMR175W,1,-5.3058515,0.10195992141962051,0.9259999990463257,0.8155999779701233
YPR105C,YDR110W,0,-5.3058825,0.10194869339466095,0.9259999990463257,0.8156999945640564
YOR036W,YGL240W,0,-5.3061852,0.10193747282028198,0.9259999990463257,0.8158000111579895
YDR515W,YJR126C,0,-5.306386,0.10192625224590302,0.9259999990463257,0.8159000277519226
YPL063W,YGL134W,0,-5.3066483,0.10191503167152405,0.9259999990463257,0.8159999847412109
YIL119C,YDR238C,0,-5.3066854,0.10190381854772568,0.9259999990463257,0.816100001335144
YDL161W,YLR239C,0,-5.3067174,0.10189260542392731,0.9259999990463257,0.8162000179290771
YMR048W,YDR322C-A,0,-5.3068576,0.10188139230012894,0.9259999990463257,0.8162999749183655
YOR092W,YGL240W,0,-5.3073087,0.10187018662691116,0.9259999990463257,0.8163999915122986
YFL036W,YKL101W,0,-5.3080206,0.10185898095369339,0.9259999990463257,0.8165000081062317
YGL129C,YBR019C,0,-5.308759,0.10184777528047562,0.9259999990463257,0.8166000247001648
YOR028C,YKL129C,1,-5.308834,0.10194655507802963,0.9269999861717224,0.8166000247001648
YPR046W,YHR193C,0,-5.3088427,0.10193534195423126,0.9269999861717224,0.8166999816894531
YGR098C,YLR360W,0,-5.308855,0.10192413628101349,0.9269999861717224,0.8167999982833862
YKL056C,YJR135C,0,-5.308872,0.10191293060779572,0.9269999861717224,0.8169000148773193
YKL006C-A,YNL071W,0,-5.3096027,0.10190172493457794,0.9269999861717224,0.8169999718666077
YML042W,YBR272C,0,-5.3098,0.10189052671194077,0.9269999861717224,0.8170999884605408
YAL009W,YDR490C,0,-5.3100367,0.10187932848930359,0.9269999861717224,0.8172000050544739
YOR157C,YLL057C,0,-5.3101845,0.10186813026666641,0.9269999861717224,0.817300021648407
YBR092C,YAR003W,0,-5.310208,0.10185693949460983,0.9269999861717224,0.8173999786376953
YPR164W,YGL107C,0,-5.310659,0.10184574872255325,0.9269999861717224,0.8174999952316284
YAL051W,YOR069W,0,-5.3108044,0.10183455795049667,0.9269999861717224,0.8176000118255615
YPR022C,YIR021W,0,-5.3109627,0.10182337462902069,0.9269999861717224,0.8177000284194946
YJL197W,YMR217W,0,-5.311039,0.10181219130754471,0.9269999861717224,0.817799985408783
YNL214W,YBL105C,0,-5.312223,0.10180100798606873,0.9269999861717224,0.8179000020027161
YBR015C,YOR363C,0,-5.3125477,0.10178983211517334,0.9269999861717224,0.8180000185966492
YJL058C,YNL185C,0,-5.313498,0.10177865624427795,0.9269999861717224,0.8180999755859375
YKL014C,YPL056C,0,-5.3138447,0.10176748037338257,0.9269999861717224,0.8181999921798706
YDL098C,YDL100C,0,-5.3141823,0.10175631195306778,0.9269999861717224,0.8183000087738037
YML092C,YPL001W,0,-5.3143806,0.10174514353275299,0.9269999861717224,0.8184000253677368
YGR275W,YGR037C,0,-5.314954,0.1017339751124382,0.9269999861717224,0.8184999823570251
YIL010W,YGR062C,0,-5.31519,0.10172281414270401,0.9269999861717224,0.8185999989509583
YIL123W,YGL067W,0,-5.315221,0.10171165317296982,0.9269999861717224,0.8187000155448914
YOL123W,YNL132W,0,-5.315435,0.10170049220323563,0.9269999861717224,0.8187999725341797
YKL212W,YLR320W,0,-5.315563,0.10168933868408203,0.9269999861717224,0.8188999891281128
YDR162C,YMR109W,1,-5.315689,0.10178786516189575,0.9279999732971191,0.8188999891281128
YBR092C,YOR252W,0,-5.316045,0.10177670419216156,0.9279999732971191,0.8190000057220459
YMR177W,YPR070W,0,-5.3168364,0.10176554322242737,0.9279999732971191,0.819100022315979
YGR014W,YHL007C,1,-5.3168526,0.1018640324473381,0.9290000200271606,0.819100022315979
YOR242C,YGL226W,0,-5.316864,0.10185286402702332,0.9290000200271606,0.8191999793052673
YKL176C,YHR031C,0,-5.3169355,0.10184170305728912,0.9290000200271606,0.8192999958992004
YMR041C,YGR006W,0,-5.3171477,0.10183053463697433,0.9290000200271606,0.8194000124931335
YPL145C,YGR120C,0,-5.3171883,0.10181938111782074,0.9290000200271606,0.8195000290870667
YGL211W,YHL006C,0,-5.3175845,0.10180822014808655,0.9290000200271606,0.819599986076355
YOR007C,YPL210C,0,-5.317611,0.10179706662893295,0.9290000200271606,0.8197000026702881
YDR534C,YLR385C,0,-5.3178086,0.10178591310977936,0.9290000200271606,0.8198000192642212
YBR301W,YOL007C,0,-5.317902,0.10177475959062576,0.9290000200271606,0.8198999762535095
YDR421W,YOR189W,0,-5.317932,0.10176361352205276,0.9290000200271606,0.8199999928474426
YKL197C,YGL150C,0,-5.317938,0.10175246745347977,0.9290000200271606,0.8201000094413757
YKL049C,YLL013C,0,-5.318097,0.10174132138490677,0.9290000200271606,0.8202000260353088
YOR003W,YKL056C,0,-5.318117,0.10173018276691437,0.9290000200271606,0.8202999830245972
YOR179C,YPL148C,0,-5.3183265,0.10171904414892197,0.9290000200271606,0.8203999996185303
YDL019C,YDL033C,0,-5.3191433,0.10170790553092957,0.9290000200271606,0.8205000162124634
YDL087C,YER073W,0,-5.3193903,0.10169677436351776,0.9290000200271606,0.8205999732017517
YJR002W,YDL214C,0,-5.3194165,0.10168563574552536,0.9290000200271606,0.8206999897956848
YBR267W,YHR005C,0,-5.3194847,0.10167451202869415,0.9290000200271606,0.8208000063896179
YIL037C,YIL173W,0,-5.3194857,0.10166338086128235,0.9290000200271606,0.820900022983551
YOR003W,YPR108W,0,-5.3197803,0.10165225714445114,0.9290000200271606,0.8209999799728394
YLR117C,YLR144C,0,-5.32041,0.10164114087820053,0.9290000200271606,0.8210999965667725
YAL047C,YHR044C,0,-5.3207483,0.10163001716136932,0.9290000200271606,0.8212000131607056
YAL021C,YHR124W,0,-5.3207984,0.10161890089511871,0.9290000200271606,0.8213000297546387
YDL008W,YGL047W,0,-5.32084,0.1016077846288681,0.9290000200271606,0.821399986743927
YDR128W,YGL232W,0,-5.3208523,0.10159667581319809,0.9290000200271606,0.8215000033378601
YIL126W,YJL058C,0,-5.32112,0.10158556699752808,0.9290000200271606,0.8216000199317932
YMR006C,YOR255W,0,-5.3213406,0.10157445818185806,0.9290000200271606,0.8216999769210815
YER112W,YGR038W,0,-5.3220673,0.10156335681676865,0.9290000200271606,0.8217999935150146
YMR322C,YAL051W,0,-5.3222003,0.10155225545167923,0.9290000200271606,0.8219000101089478
YPL137C,YGL086W,0,-5.322852,0.10154115408658981,0.9290000200271606,0.8220000267028809
YML008C,YLR037C,0,-5.3230324,0.1015300527215004,0.9290000200271606,0.8220999836921692
YKL018W,YGL073W,0,-5.323409,0.10151895880699158,0.9290000200271606,0.8222000002861023
YGL031C,YLR194C,0,-5.323887,0.10150786489248276,0.9290000200271606,0.8223000168800354
YOR064C,YGL047W,0,-5.3241568,0.10149677842855453,0.9290000200271606,0.8223999738693237
YGR057C,YPL246C,0,-5.3241796,0.10148569196462631,0.9290000200271606,0.8224999904632568
YPR056W,YOL023W,0,-5.3245406,0.10147460550069809,0.9290000200271606,0.8226000070571899
YDL008W,YDR039C,0,-5.3260584,0.10146351903676987,0.9290000200271606,0.822700023651123
YGL070C,YNR059W,0,-5.3261805,0.10145244002342224,0.9290000200271606,0.8227999806404114
YMR021C,YDR314C,0,-5.326211,0.10144136101007462,0.9290000200271606,0.8228999972343445
YPL178W,YOL149W,0,-5.326813,0.10143028944730759,0.9290000200271606,0.8230000138282776
YFL034C-B,YCR010C,0,-5.327139,0.10141921043395996,0.9290000200271606,0.8230999708175659
YPL038W,YGR231C,0,-5.32734,0.10140814632177353,0.9290000200271606,0.823199987411499
YER060W-A,YOL033W,0,-5.3274884,0.1013970747590065,0.9290000200271606,0.8233000040054321
YOR037W,YLR451W,0,-5.3276167,0.10138601064682007,0.9290000200271606,0.8234000205993652
YFR050C,YJL173C,0,-5.3278403,0.10137494653463364,0.9290000200271606,0.8234999775886536
YNL233W,YPR118W,0,-5.3283343,0.1013638824224472,0.9290000200271606,0.8235999941825867
YBL021C,YOR144C,0,-5.3287096,0.10135282576084137,0.9290000200271606,0.8237000107765198
YDR176W,YKL196C,0,-5.328788,0.10134176909923553,0.9290000200271606,0.8238000273704529
YOR278W,YLL001W,0,-5.329095,0.1013307124376297,0.9290000200271606,0.8238999843597412
YDR481C,YPL132W,0,-5.3291893,0.10131966322660446,0.9290000200271606,0.8240000009536743
YGL187C,YMR257C,0,-5.3294086,0.10130861401557922,0.9290000200271606,0.8241000175476074
YJL056C,YPR110C,0,-5.329749,0.10129756480455399,0.9290000200271606,0.8241999745368958
YKR077W,YDR283C,0,-5.3305655,0.10128652304410934,0.9290000200271606,0.8242999911308289
YNR007C,YMR235C,0,-5.330672,0.1012754812836647,0.9290000200271606,0.824400007724762
YHR108W,YMR060C,0,-5.33202,0.10126443952322006,0.9290000200271606,0.8245000243186951
YBL004W,YKL211C,0,-5.332414,0.10125340521335602,0.9290000200271606,0.8245999813079834
YLR205C,YOR244W,0,-5.3325906,0.10124237090349197,0.9290000200271606,0.8246999979019165
YBR295W,YJL059W,0,-5.332775,0.10123133659362793,0.9290000200271606,0.8248000144958496
YGL040C,YOR189W,0,-5.333084,0.10122030973434448,0.9290000200271606,0.8248999714851379
YIR012W,YGL128C,0,-5.333266,0.10120928287506104,0.9290000200271606,0.824999988079071
YCR066W,YOR242C,0,-5.3340526,0.10119825601577759,0.9290000200271606,0.8251000046730042
YDR280W,YOR202W,0,-5.3340735,0.10118723660707474,0.9290000200271606,0.8252000212669373
YNL278W,YGR087C,0,-5.3342905,0.10117621719837189,0.9290000200271606,0.8252999782562256
YGR263C,YOR336W,0,-5.3347073,0.10116519778966904,0.9290000200271606,0.8253999948501587
YGL001C,YCR036W,0,-5.3347306,0.10115417838096619,0.9290000200271606,0.8255000114440918
YHR206W,YIL147C,1,-5.3347898,0.10125204175710678,0.9300000071525574,0.8255000114440918
YMR205C,YOL103W,0,-5.3349404,0.10124102234840393,0.9300000071525574,0.8256000280380249
YPR031W,YER149C,0,-5.336048,0.10122999548912048,0.9300000071525574,0.8256999850273132
YBR110W,YGL136C,0,-5.3361797,0.10121898353099823,0.9300000071525574,0.8258000016212463
YDR536W,YGR004W,0,-5.336376,0.10120796412229538,0.9300000071525574,0.8259000182151794
YML091C,YHR020W,0,-5.336825,0.10119695216417313,0.9300000071525574,0.8259999752044678
YPR097W,YDL230W,0,-5.336832,0.10118594020605087,0.9300000071525574,0.8260999917984009
YAR019C,YPL092W,0,-5.3369045,0.10117493569850922,0.9300000071525574,0.826200008392334
YGR091W,YER060W,0,-5.3372145,0.10116393119096756,0.9300000071525574,0.8263000249862671
YIL115C,YGR060W,0,-5.3372374,0.1011529266834259,0.9300000071525574,0.8263999819755554
YOL117W,YDR201W,0,-5.3380256,0.10114192217588425,0.9300000071525574,0.8264999985694885
YKL006C-A,YDR155C,0,-5.3391447,0.10113092511892319,0.9300000071525574,0.8266000151634216
YGR152C,YOR260W,0,-5.3393574,0.10111992806196213,0.9300000071525574,0.82669997215271
YDL137W,YLR246W,0,-5.33949,0.10110893845558167,0.9300000071525574,0.8267999887466431
YOR195W,YDL154W,0,-5.3396215,0.1010979488492012,0.9300000071525574,0.8269000053405762
YNL325C,YNL036W,0,-5.3400936,0.10108695924282074,0.9300000071525574,0.8270000219345093
YKR095W,YDL117W,0,-5.341139,0.10107596963644028,0.9300000071525574,0.8270999789237976
YNL339C,YNL299W,0,-5.3416843,0.10106498748064041,0.9300000071525574,0.8271999955177307
YGR140W,YOR264W,0,-5.341728,0.10105400532484055,0.9300000071525574,0.8273000121116638
YNL093W,YOR144C,0,-5.3417425,0.10104302316904068,0.9300000071525574,0.8274000287055969
YMR302C,YOR254C,0,-5.341854,0.10103204846382141,0.9300000071525574,0.8274999856948853
YBR022W,YGL243W,0,-5.3419666,0.10102107375860214,0.9300000071525574,0.8276000022888184
YDR180W,YDR545W,0,-5.342387,0.10101009905338287,0.9300000071525574,0.8277000188827515
YOR322C,YDR477W,0,-5.3430166,0.1009991317987442,0.9300000071525574,0.8277999758720398
YKR007W,YPR186C,0,-5.3434343,0.10098816454410553,0.9300000071525574,0.8278999924659729
YGL175C,YOR091W,0,-5.343767,0.10097719728946686,0.9300000071525574,0.828000009059906
YGL070C,YIL118W,0,-5.3449163,0.10096623748540878,0.9300000071525574,0.8281000256538391
YDR390C,YGL168W,0,-5.34524,0.10095527768135071,0.9300000071525574,0.8281999826431274
YLR119W,YIL070C,0,-5.3456135,0.10094431787729263,0.9300000071525574,0.8282999992370605
YAR008W,YOR328W,0,-5.346033,0.10093336552381516,0.9300000071525574,0.8284000158309937
YOR307C,YDR213W,0,-5.3460855,0.10092240571975708,0.9300000071525574,0.828499972820282
YDR253C,YGL086W,0,-5.346527,0.1009114608168602,0.9300000071525574,0.8285999894142151
YNR043W,YEL061C,0,-5.3466654,0.10090050846338272,0.9300000071525574,0.8287000060081482
YBR136W,YPR037C,0,-5.3466873,0.10088956356048584,0.9300000071525574,0.8288000226020813
YOR065W,YIL099W,0,-5.346796,0.10087861865758896,0.9300000071525574,0.8288999795913696
YPL097W,YBL084C,0,-5.346861,0.10086768120527267,0.9300000071525574,0.8289999961853027
YPL189W,YGR166W,0,-5.3473263,0.10085674375295639,0.9300000071525574,0.8291000127792358
YPL143W,YLR272C,0,-5.347505,0.1008458063006401,0.9300000071525574,0.829200029373169
YLR166C,YIL121W,0,-5.3481073,0.10083486884832382,0.9300000071525574,0.8292999863624573
YIL072W,YJL073W,0,-5.348358,0.10082393884658813,0.9300000071525574,0.8294000029563904
YDR350C,YKR099W,0,-5.348402,0.10081300884485245,0.9300000071525574,0.8295000195503235
YGR096W,YGR195W,0,-5.349513,0.10080207884311676,0.9300000071525574,0.8295999765396118
YOR028C,YBR014C,1,-5.349531,0.10089953243732452,0.9309999942779541,0.8295999765396118
YHL019C,YPL174C,0,-5.3497744,0.10088860243558884,0.9309999942779541,0.8296999931335449
YBR215W,YJR105W,0,-5.349998,0.10087766498327255,0.9309999942779541,0.829800009727478
YDR402C,YLR207W,0,-5.3503895,0.10086674243211746,0.9309999942779541,0.8299000263214111
YOR284W,YJR068W,0,-5.3507166,0.10085581243038177,0.9309999942779541,0.8299999833106995
YGR094W,YDR156W,0,-5.3509207,0.10084488987922668,0.9309999942779541,0.8300999999046326
YER106W,YMR068W,0,-5.351164,0.1008339673280716,0.9309999942779541,0.8302000164985657
YGR092W,YPL045W,0,-5.3512187,0.1008230447769165,0.9309999942779541,0.830299973487854
YJL110C,YBR175W,0,-5.351349,0.10081212967634201,0.9309999942779541,0.8303999900817871
YLR119W,YAL058W,0,-5.351665,0.10080121457576752,0.9309999942779541,0.8305000066757202
YHR023W,YER127W,0,-5.35197,0.10079029947519302,0.9309999942779541,0.8306000232696533
YCL031C,YML093W,0,-5.352298,0.10077939182519913,0.9309999942779541,0.8306999802589417
YGR098C,YNL111C,0,-5.3524866,0.10076848417520523,0.9309999942779541,0.8307999968528748
YML104C,YIL039W,0,-5.3525143,0.10075757652521133,0.9309999942779541,0.8309000134468079
YIL037C,YOL125W,0,-5.3525267,0.10074666887521744,0.9309999942779541,0.8309999704360962
YOL088C,YLR204W,0,-5.3528037,0.10073576867580414,0.9309999942779541,0.8310999870300293
YMR289W,YER100W,0,-5.3531265,0.10072487592697144,0.9309999942779541,0.8312000036239624
YGL053W,YDR479C,0,-5.3531446,0.10071397572755814,0.9309999942779541,0.8313000202178955
YBR171W,YIL068C,0,-5.3534474,0.10070308297872543,0.9309999942779541,0.8313999772071838
YBR058C,YLR369W,0,-5.35369,0.10069219022989273,0.9309999942779541,0.8314999938011169
YIL084C,YMR072W,0,-5.353904,0.10068130493164062,0.9309999942779541,0.83160001039505
YHR044C,YJR139C,0,-5.354007,0.10067041218280792,0.9309999942779541,0.8317000269889832
YFR044C,YNL054W,0,-5.3540506,0.10065953433513641,0.9309999942779541,0.8317999839782715
YBR204C,YGL151W,0,-5.354392,0.10064864903688431,0.9309999942779541,0.8319000005722046
YLR006C,YGR014W,1,-5.355315,0.10074586421251297,0.9319999814033508,0.8319000005722046
YNL325C,YIL015W,0,-5.3559427,0.10073497891426086,0.9319999814033508,0.8320000171661377
YDR087C,YER007W,0,-5.356534,0.10072408616542816,0.9319999814033508,0.832099974155426
YBR205W,YCR017C,0,-5.356669,0.10071320831775665,0.9319999814033508,0.8321999907493591
YNL037C,YDL154W,0,-5.356949,0.10070232301950455,0.9319999814033508,0.8323000073432922
YOR094W,YBR254C,0,-5.3577538,0.10069144517183304,0.9319999814033508,0.8324000239372253
YPL156C,YDR177W,0,-5.3577976,0.10068056732416153,0.9319999814033508,0.8324999809265137
YER144C,YEL064C,0,-5.3580346,0.10066968947649002,0.9319999814033508,0.8325999975204468
YKL114C,YOR077W,0,-5.358202,0.10065881907939911,0.9319999814033508,0.8327000141143799
YGL107C,YDR323C,0,-5.3584785,0.1006479486823082,0.9319999814033508,0.8327999711036682
YDR055W,YDL069C,0,-5.3585606,0.10063707828521729,0.9319999814033508,0.8328999876976013
YBR198C,YMR014W,0,-5.3586144,0.10062621533870697,0.9319999814033508,0.8330000042915344
YKL221W,YLL031C,0,-5.358905,0.10061535239219666,0.9319999814033508,0.8331000208854675
YLL067C,YBR091C,0,-5.3590508,0.10060448944568634,0.9319999814033508,0.8331999778747559
YMR016C,YBR065C,0,-5.359308,0.10059363394975662,0.9319999814033508,0.833299994468689
YOR241W,YNL136W,0,-5.3596473,0.1005827784538269,0.9319999814033508,0.8334000110626221
YNL188W,YNL111C,0,-5.359808,0.10057192295789719,0.9319999814033508,0.8335000276565552
YNL072W,YIL034C,0,-5.359948,0.10056106746196747,0.9319999814033508,0.8335999846458435
YDR323C,YPR156C,0,-5.360504,0.10055021941661835,0.9319999814033508,0.8337000012397766
YLR341W,YGR044C,0,-5.3607044,0.10053937137126923,0.9319999814033508,0.8338000178337097
YNL082W,YJL133W,0,-5.3614354,0.1005285307765007,0.9319999814033508,0.833899974822998
YMR201C,YDR480W,0,-5.36183,0.10051769018173218,0.9319999814033508,0.8339999914169312
YIL123W,YCR021C,0,-5.362452,0.10050684958696365,0.9319999814033508,0.8341000080108643
YFL031W,YDR301W,0,-5.3627005,0.10049600899219513,0.9319999814033508,0.8342000246047974
YDL098C,YJL099W,0,-5.3628263,0.1004851758480072,0.9319999814033508,0.8342999815940857
YJR150C,YER075C,0,-5.3634644,0.10047434270381927,0.9319999814033508,0.8343999981880188
YBL105C,YOL065C,0,-5.3639655,0.10046350955963135,0.9319999814033508,0.8345000147819519
YKL129C,YDR420W,1,-5.364334,0.10056046396493912,0.9330000281333923,0.8345000147819519
YML058W,YLR272C,0,-5.364949,0.10054963082075119,0.9330000281333923,0.8345999717712402
YIL052C,YGR224W,0,-5.364987,0.10053879022598267,0.9330000281333923,0.8346999883651733
YDR084C,YIL124W,0,-5.365349,0.10052795708179474,0.9330000281333923,0.8348000049591064
YDR165W,YIR002C,0,-5.365428,0.10051713138818741,0.9330000281333923,0.8349000215530396
YMR006C,YOR109W,0,-5.365924,0.10050629824399948,0.9330000281333923,0.8349999785423279
YIR013C,YDR427W,0,-5.3659425,0.10049547255039215,0.9330000281333923,0.835099995136261
YBR030W,YDL210W,0,-5.3664308,0.10048465430736542,0.9330000281333923,0.8352000117301941
YDL010W,YBR014C,1,-5.366515,0.10058151930570602,0.9340000152587891,0.8352000117301941
YLR128W,YDL017W,0,-5.366518,0.1005706936120987,0.9340000152587891,0.8353000283241272
YLR138W,YDR420W,1,-5.3666477,0.10066752880811691,0.9350000023841858,0.8353000283241272
YLR292C,YBL084C,0,-5.366699,0.10065668821334839,0.9350000023841858,0.8353999853134155
YPL040C,YJR022W,0,-5.366711,0.10064585506916046,0.9350000023841858,0.8355000019073486
YGR086C,YPR079W,0,-5.3669324,0.10063502192497253,0.9350000023841858,0.8356000185012817
YOR255W,YGL098W,0,-5.366952,0.1006241962313652,0.9350000023841858,0.8356999754905701
YKL173W,YIL119C,0,-5.3671246,0.10061336308717728,0.9350000023841858,0.8357999920845032
YPL072W,YCR021C,0,-5.367518,0.10060253739356995,0.9350000023841858,0.8359000086784363
YBR239C,YCR016W,0,-5.3675613,0.10059171915054321,0.9350000023841858,0.8360000252723694
YDL105W,YBR009C,0,-5.3684125,0.10058089345693588,0.9350000023841858,0.8360999822616577
YLR085C,YER027C,0,-5.3686194,0.10057007521390915,0.9350000023841858,0.8361999988555908
YPR154W,YBR189W,0,-5.3687153,0.10055925697088242,0.9350000023841858,0.8363000154495239
YDR341C,YPL160W,0,-5.368887,0.10054844617843628,0.9350000023841858,0.8363999724388123
YNL245C,YMR154C,0,-5.368968,0.10053763538599014,0.9350000023841858,0.8364999890327454
YBL063W,YMR071C,0,-5.36959,0.100526824593544,0.9350000023841858,0.8366000056266785
YER007C-A,YLR117C,0,-5.369721,0.10051602125167847,0.9350000023841858,0.8367000222206116
YDL018C,YHR185C,0,-5.369955,0.10050521045923233,0.9350000023841858,0.8367999792098999
YHR152W,YDR096W,0,-5.3701477,0.10049441456794739,0.9350000023841858,0.836899995803833
YDR097C,YJL208C,0,-5.370152,0.10048361122608185,0.9350000023841858,0.8370000123977661
YOL001W,YDR485C,0,-5.3702545,0.1004728153347969,0.9350000023841858,0.8371000289916992
YLR054C,YDL108W,0,-5.3703413,0.10046201944351196,0.9350000023841858,0.8371999859809875
YDL072C,YHR031C,0,-5.370617,0.10045122355222702,0.9350000023841858,0.8373000025749207
YHR200W,YHR111W,0,-5.3706794,0.10044043511152267,0.9350000023841858,0.8374000191688538
YGR188C,YBL024W,0,-5.370681,0.10042964667081833,0.9350000023841858,0.8374999761581421
YFL011W,YMR081C,0,-5.3708553,0.10041885823011398,0.9350000023841858,0.8375999927520752
YCR047C,YMR154C,0,-5.370879,0.10040807723999023,0.9350000023841858,0.8377000093460083
YOL133W,YMR048W,0,-5.3710165,0.10039729624986649,0.9350000023841858,0.8378000259399414
YOR210W,YEL064C,0,-5.3712797,0.10038651525974274,0.9350000023841858,0.8378999829292297
YJL008C,YDR200C,0,-5.37167,0.10037574172019958,0.9350000023841858,0.8379999995231628
YNL250W,YJL073W,0,-5.3719606,0.10036496073007584,0.9350000023841858,0.838100016117096
YLR079W,YJL115W,0,-5.372368,0.10035419464111328,0.9350000023841858,0.8381999731063843
YKL024C,YGR152C,0,-5.3725023,0.10034342110157013,0.9350000023841858,0.8382999897003174
YGR218W,YBL063W,0,-5.372965,0.10033265501260757,0.9350000023841858,0.8384000062942505
YMR036C,YOR288C,0,-5.3731728,0.10032188892364502,0.9350000023841858,0.8385000228881836
YMR098C,YCL061C,0,-5.3737135,0.10031112283468246,0.9350000023841858,0.8385999798774719
YIL121W,YLR364W,0,-5.3738794,0.1003003641963005,0.9350000023841858,0.838699996471405
YDR217C,YIL017C,0,-5.37398,0.10028960555791855,0.9350000023841858,0.8388000130653381
YOL067C,YBR091C,0,-5.3740005,0.10027884691953659,0.9350000023841858,0.8389000296592712
YNL051W,YMR305C,0,-5.3746643,0.10026809573173523,0.9350000023841858,0.8389999866485596
YPR169W,YML074C,0,-5.375636,0.10025734454393387,0.9350000023841858,0.8391000032424927
YMR175W,YLR362W,1,-5.375701,0.10035381466150284,0.9359999895095825,0.8391000032424927
YDR130C,YDL160C,0,-5.376444,0.10034305602312088,0.9359999895095825,0.8392000198364258
YER023W,YIR022W,0,-5.3768196,0.10033229738473892,0.9359999895095825,0.8392999768257141
YGR206W,YPL005W,0,-5.377692,0.10032154619693756,0.9359999895095825,0.8393999934196472
YBR068C,YPL254W,0,-5.3782897,0.1003107950091362,0.9359999895095825,0.8395000100135803
YOR005C,YBR091C,0,-5.3784447,0.10030004382133484,0.9359999895095825,0.8396000266075134
YDR178W,YKL087C,0,-5.379126,0.10028929263353348,0.9359999895095825,0.8396999835968018
YPL242C,YOL089C,1,-5.3800364,0.10038568824529648,0.9369999766349792,0.8396999835968018
YFL011W,YGL048C,0,-5.380294,0.10037492960691452,0.9369999766349792,0.8398000001907349
YMR243C,YER174C,0,-5.3809843,0.10036417841911316,0.9369999766349792,0.839900016784668
YOR195W,YGL070C,0,-5.3814335,0.1003534346818924,0.9369999766349792,0.8399999737739563
YOR273C,YOL122C,0,-5.382069,0.10034268349409103,0.9369999766349792,0.8400999903678894
YMR275C,YOL011W,0,-5.3822412,0.10033193975687027,0.9369999766349792,0.8402000069618225
YKL006C-A,YPL153C,0,-5.382367,0.1003211960196495,0.9369999766349792,0.8403000235557556
YOR181W,YLR006C,1,-5.3836246,0.10041751712560654,0.9380000233650208,0.8403000235557556
YNL038W,YLR431C,0,-5.3838997,0.10040676593780518,0.9380000233650208,0.840399980545044
YLR418C,YLL057C,0,-5.3840203,0.10039601475000381,0.9380000233650208,0.840499997138977
YDR129C,YLR006C,1,-5.38428,0.10049229115247726,0.9390000104904175,0.840499997138977
YHR128W,YDL184C,0,-5.3845315,0.1004815399646759,0.9390000104904175,0.8406000137329102
YCR034W,YKL012W,0,-5.384691,0.10047078877687454,0.9390000104904175,0.8406999707221985
YLR196W,YJL035C,0,-5.3848157,0.10046003758907318,0.9390000104904175,0.8407999873161316
YHR136C,YAL034W-A,0,-5.3848886,0.10044929385185242,0.9390000104904175,0.8409000039100647
YLR154C,YGR165W,0,-5.385153,0.10043855011463165,0.9390000104904175,0.8410000205039978
YKR064W,YNL294C,0,-5.3855114,0.10042780637741089,0.9390000104904175,0.8410999774932861
YKL194C,YJL065C,0,-5.385551,0.10041707009077072,0.9390000104904175,0.8411999940872192
YOR141C,YNL279W,0,-5.386039,0.10040633380413055,0.9390000104904175,0.8413000106811523
YDR309C,YPL153C,0,-5.3860593,0.10039559751749039,0.9390000104904175,0.8414000272750854
YJL013C,YCR036W,0,-5.386098,0.10038486123085022,0.9390000104904175,0.8414999842643738
YOL115W,YML113W,0,-5.3869495,0.10037413239479065,0.9390000104904175,0.8416000008583069
YEL054C,YNL186W,0,-5.387777,0.10036340355873108,0.9390000104904175,0.84170001745224
YGR286C,YMR198W,0,-5.388028,0.10035267472267151,0.9390000104904175,0.8417999744415283
YDR299W,YOL120C,0,-5.38813,0.10034195333719254,0.9390000104904175,0.8418999910354614
YLR204W,YGL059W,0,-5.388377,0.10033123195171356,0.9390000104904175,0.8420000076293945
YPL018W,YML069W,0,-5.3884573,0.10032051056623459,0.9390000104904175,0.8421000242233276
YIR010W,YMR021C,0,-5.3887396,0.10030979663133621,0.9390000104904175,0.842199981212616
YOR190W,YDR016C,0,-5.3894253,0.10029908269643784,0.9390000104904175,0.8422999978065491
YDR182W,YPL189W,0,-5.389859,0.10028836876153946,0.9390000104904175,0.8424000144004822
YOR373W,YOR354C,0,-5.389862,0.10027766227722168,0.9390000104904175,0.8424999713897705
YPL121C,YNL133C,0,-5.3898807,0.1002669483423233,0.9390000104904175,0.8425999879837036
YGL065C,YLR071C,0,-5.3899364,0.10025624930858612,0.9390000104904175,0.8427000045776367
YLL013C,YOR018W,0,-5.390087,0.10024554282426834,0.9390000104904175,0.8428000211715698
YIL121W,YIL109C,0,-5.3901243,0.10023484379053116,0.9390000104904175,0.8428999781608582
YJL162C,YDR091C,0,-5.3903003,0.10022414475679398,0.9390000104904175,0.8429999947547913
YIL053W,YER062C,1,-5.390952,0.10032016783952713,0.9399999976158142,0.8429999947547913
YBR153W,YPL271W,0,-5.3909936,0.10030946880578995,0.9399999976158142,0.8431000113487244
YNL254C,YOR259C,0,-5.392351,0.10029876232147217,0.9399999976158142,0.8432000279426575
YOR335C,YNL186W,0,-5.3935575,0.10028806328773499,0.9399999976158142,0.8432999849319458
YDR300C,YLR320W,0,-5.393787,0.1002773642539978,0.9399999976158142,0.8434000015258789
YDR093W,YHR146W,0,-5.394021,0.10026666522026062,0.9399999976158142,0.843500018119812
YDR372C,YGL251C,0,-5.3941307,0.10025597363710403,0.9399999976158142,0.8435999751091003
YPL175W,YCL011C,0,-5.394611,0.10024528205394745,0.9399999976158142,0.8436999917030334
YLR055C,YJL019W,0,-5.3952966,0.10023459047079086,0.9399999976158142,0.8438000082969666
YIL105C,YBR216C,0,-5.3953586,0.10022390633821487,0.9399999976158142,0.8439000248908997
YER170W,YBR057C,0,-5.395446,0.10021322220563889,0.9399999976158142,0.843999981880188
YHL003C,YOL078W,0,-5.3955107,0.1002025380730629,0.9399999976158142,0.8440999984741211
YMR128W,YJR155W,0,-5.395567,0.10019185394048691,0.9399999976158142,0.8442000150680542
YKR072C,YPL242C,1,-5.395838,0.10028775781393051,0.9409999847412109,0.8442000150680542
YGR068C,YNR056C,0,-5.395873,0.10027706623077393,0.9409999847412109,0.8442999720573425
YLR233C,YNL326C,0,-5.396059,0.10026638209819794,0.9409999847412109,0.8443999886512756
YHR044C,YKL221W,0,-5.39621,0.10025569796562195,0.9409999847412109,0.8445000052452087
YDR524C,YNR046W,0,-5.3962336,0.10024502128362656,0.9409999847412109,0.8446000218391418
YLR115W,YHL022C,0,-5.396602,0.10023434460163116,0.9409999847412109,0.8446999788284302
YHR023W,YER038C,0,-5.396741,0.10022366791963577,0.9409999847412109,0.8447999954223633
YGL020C,YGR227W,0,-5.396843,0.10021299123764038,0.9409999847412109,0.8449000120162964
YPL175W,YER146W,0,-5.3968515,0.10020232200622559,0.9409999847412109,0.8450000286102295
YBL013W,YPR108W,0,-5.3977137,0.10019165277481079,0.9409999847412109,0.8450999855995178
YOL006C,YNL227C,0,-5.3978453,0.100180983543396,0.9409999847412109,0.8452000021934509
YGL223C,YNL119W,0,-5.397853,0.1001703217625618,0.9409999847412109,0.845300018787384
YOL065C,YPR046W,0,-5.3978605,0.1001596599817276,0.9409999847412109,0.8453999757766724
YOR122C,YOL089C,1,-5.3980427,0.10025542974472046,0.9419999718666077,0.8453999757766724
YAL048C,YJR043C,0,-5.3985987,0.10024476051330566,0.9419999718666077,0.8454999923706055
YHR067W,YER012W,0,-5.3991313,0.10023409128189087,0.9419999718666077,0.8456000089645386
YLR039C,YLR147C,0,-5.3992233,0.10022342950105667,0.9419999718666077,0.8457000255584717
YNR045W,YDL102W,0,-5.399626,0.10021276772022247,0.9419999718666077,0.84579998254776
YKR072C,YMR109W,1,-5.3998833,0.10030847787857056,0.9430000185966492,0.84579998254776
YBL020W,YDR528W,0,-5.4006014,0.10029780864715576,0.9430000185966492,0.8458999991416931
YLR084C,YDL226C,0,-5.4015675,0.10028713941574097,0.9430000185966492,0.8460000157356262
YML107C,YBL084C,0,-5.402526,0.10027647763490677,0.9430000185966492,0.8460999727249146
YGL067W,YKL220C,0,-5.4029665,0.10026581585407257,0.9430000185966492,0.8461999893188477
YMR208W,YHR028C,0,-5.403313,0.10025515407323837,0.9430000185966492,0.8463000059127808
YDR311W,YOR264W,0,-5.4035826,0.10024449974298477,0.9430000185966492,0.8464000225067139
YDR242W,YCL061C,0,-5.404912,0.10023384541273117,0.9430000185966492,0.8464999794960022
YML015C,YFL050C,0,-5.4058647,0.10022319108247757,0.9430000185966492,0.8465999960899353
YBR298C,YOR354C,0,-5.406094,0.10021253675222397,0.9430000185966492,0.8467000126838684
YDR217C,YGR068C,0,-5.4061675,0.10020188987255096,0.9430000185966492,0.8468000292778015
YPL038W,YBR112C,0,-5.4062014,0.10019124299287796,0.9430000185966492,0.8468999862670898
YGL192W,YDR096W,0,-5.4062195,0.10018060356378555,0.9430000185966492,0.847000002861023
YGL131C,YNL098C,0,-5.406912,0.10016995668411255,0.9430000185966492,0.847100019454956
YLR337C,YLR319C,1,-5.407148,0.10026553273200989,0.9440000057220459,0.847100019454956
YHR169W,YOR193W,0,-5.407238,0.10025488585233688,0.9440000057220459,0.8471999764442444
YPR041W,YOR068C,0,-5.407385,0.10024423897266388,0.9440000057220459,0.8472999930381775
YOR001W,YLR427W,0,-5.407875,0.10023359209299088,0.9440000057220459,0.8474000096321106
YDR372C,YPR186C,0,-5.4079103,0.10022295266389847,0.9440000057220459,0.8475000262260437
YDR225W,YLR004C,0,-5.4086313,0.10021231323480606,0.9440000057220459,0.847599983215332
YBR004C,YDR540C,0,-5.408907,0.10020167380571365,0.9440000057220459,0.8476999998092651
YNL245C,YPR192W,0,-5.409068,0.10019104182720184,0.9440000057220459,0.8478000164031982
YHR117W,YJL203W,0,-5.409815,0.10018040984869003,0.9440000057220459,0.8478999733924866
YIL019W,YGR227W,0,-5.4101644,0.10016977787017822,0.9440000057220459,0.8479999899864197
YDR536W,YPL029W,0,-5.41075,0.10015915334224701,0.9440000057220459,0.8481000065803528
YLR010C,YML007W,0,-5.410801,0.1001485288143158,0.9440000057220459,0.8482000231742859
YPR075C,YOL089C,1,-5.412297,0.10024397820234299,0.9449999928474426,0.8482000231742859
YER048C,YGL107C,0,-5.4122977,0.10023334622383118,0.9449999928474426,0.8482999801635742
YBL090W,YML126C,0,-5.4133434,0.10022271424531937,0.9449999928474426,0.8483999967575073
YLR320W,YKL193C,0,-5.4135404,0.10021208971738815,0.9449999928474426,0.8485000133514404
YFL055W,YIR015W,0,-5.413558,0.10020146518945694,0.9449999928474426,0.8485999703407288
YNL291C,YOR083W,0,-5.41358,0.10019084066152573,0.9449999928474426,0.8486999869346619
YLR411W,YOR339C,0,-5.41411,0.10018021613359451,0.9449999928474426,0.848800003528595
YJL138C,YPL183C,0,-5.41475,0.1001695990562439,0.9449999928474426,0.8489000201225281
YLR116W,YIL114C,0,-5.4148774,0.10015898197889328,0.9449999928474426,0.8489999771118164
YMR150C,YNR037C,0,-5.4152474,0.10014836490154266,0.9449999928474426,0.8490999937057495
YLR067C,YNL278W,0,-5.4154634,0.10013775527477264,0.9449999928474426,0.8492000102996826
YNL133C,YOL011W,0,-5.4158974,0.10012714564800262,0.9449999928474426,0.8493000268936157
YDR180W,YBL016W,0,-5.416486,0.1001165360212326,0.9449999928474426,0.849399983882904
YOL013C,YDL184C,0,-5.41657,0.10010593384504318,0.9449999928474426,0.8495000004768372
YPL088W,YKR024C,0,-5.4167557,0.10009533166885376,0.9449999928474426,0.8496000170707703
YDR201W,YPR199C,0,-5.4172792,0.10008472949266434,0.9449999928474426,0.8496999740600586
YAL059W,YML026C,0,-5.4173975,0.10007412731647491,0.9449999928474426,0.8497999906539917
YKR064W,YLL048C,0,-5.417468,0.10006353259086609,0.9449999928474426,0.8499000072479248
YGL210W,YPL181W,0,-5.4177003,0.10005293786525726,0.9449999928474426,0.8500000238418579
YIL127C,YGL234W,0,-5.418269,0.10004234313964844,0.9449999928474426,0.8500999808311462
YOR372C,YNR048W,0,-5.4184327,0.10003175586462021,0.9449999928474426,0.8501999974250793
YGR090W,YMR113W,0,-5.418885,0.10002116858959198,0.9449999928474426,0.8503000140190125
YMR164C,YPR192W,0,-5.418929,0.10001058131456375,0.9449999928474426,0.8503999710083008
YOL094C,YJL165C,0,-5.4193487,0.10000000149011612,0.9449999928474426,0.8504999876022339
YFL011W,YNL103W,0,-5.4194984,0.09998942166566849,0.9449999928474426,0.850600004196167
YGR154C,YLR054C,0,-5.419569,0.09997884184122086,0.9449999928474426,0.8507000207901001
YNL233W,YPL138C,0,-5.419819,0.09996826201677322,0.9449999928474426,0.8507999777793884
YMR233W,YBL082C,0,-5.4202566,0.09995768964290619,0.9449999928474426,0.8508999943733215
YJR145C,YHR064C,0,-5.4203444,0.09994711726903915,0.9449999928474426,0.8510000109672546
YGL124C,YIL124W,0,-5.421314,0.09993654489517212,0.9449999928474426,0.8511000275611877
YKR089C,YBL080C,0,-5.4213223,0.09992597997188568,0.9449999928474426,0.8511999845504761
YIL121W,YKR039W,0,-5.422346,0.09991541504859924,0.9449999928474426,0.8513000011444092
YLR427W,YLR449W,0,-5.4228563,0.0999048501253128,0.9449999928474426,0.8514000177383423
YJR017C,YEL064C,0,-5.422894,0.09989429265260696,0.9449999928474426,0.8514999747276306
YLR435W,YCL069W,0,-5.424174,0.09988373517990112,0.9449999928474426,0.8515999913215637
YIL099W,YIR009W,0,-5.4243793,0.09987317770719528,0.9449999928474426,0.8517000079154968
YHL004W,YPR141C,0,-5.424398,0.09986262023448944,0.9449999928474426,0.8518000245094299
YKL139W,YMR154C,0,-5.4244747,0.0998520702123642,0.9449999928474426,0.8518999814987183
YMR313C,YGR101W,0,-5.425172,0.09984152019023895,0.9449999928474426,0.8519999980926514
YJL209W,YGL063W,0,-5.4256783,0.0998309776186943,0.9449999928474426,0.8521000146865845
YMR256C,YGR091W,0,-5.4259615,0.09982042759656906,0.9449999928474426,0.8521999716758728
YNL029C,YOR337W,0,-5.426157,0.09980988502502441,0.9449999928474426,0.8522999882698059
YNL072W,YAL044C,0,-5.426285,0.09979934245347977,0.9449999928474426,0.852400004863739
YBR084W,YJR143C,0,-5.426603,0.09978880733251572,0.9449999928474426,0.8525000214576721
YML022W,YPL207W,0,-5.426852,0.09977827221155167,0.9449999928474426,0.8525999784469604
YIL118W,YCR010C,0,-5.4272623,0.09976773709058762,0.9449999928474426,0.8526999950408936
YDR409W,YJR102C,0,-5.4273033,0.09975720196962357,0.9449999928474426,0.8528000116348267
YJL080C,YIL017C,0,-5.427779,0.09974667429924011,0.9449999928474426,0.8529000282287598
YDR031W,YPR031W,0,-5.4281006,0.09973614662885666,0.9449999928474426,0.8529999852180481
YFR034C,YJR022W,0,-5.4290996,0.0997256189584732,0.9449999928474426,0.8531000018119812
YDR096W,YCL001W,0,-5.4292793,0.09971509873867035,0.9449999928474426,0.8532000184059143
YHR186C,YOR330C,0,-5.4293528,0.09970457851886749,0.9449999928474426,0.8532999753952026
YER038C,YJL168C,0,-5.4295535,0.09969405829906464,0.9449999928474426,0.8533999919891357
YMR217W,YBR181C,0,-5.4296274,0.09968354552984238,0.9449999928474426,0.8535000085830688
YOL103W,YOR326W,0,-5.4307985,0.09967303276062012,0.9449999928474426,0.853600025177002
YCR098C,YBL060W,0,-5.430872,0.09966251999139786,0.9449999928474426,0.8536999821662903
YJL221C,YNL111C,0,-5.4319043,0.0996520072221756,0.9449999928474426,0.8537999987602234
YDR478W,YDL138W,0,-5.432128,0.09964150190353394,0.9449999928474426,0.8539000153541565
YHR123W,YLR226W,0,-5.432925,0.09963099658489227,0.9449999928474426,0.8539999723434448
YDR402C,YKL086W,0,-5.4329343,0.09962049126625061,0.9449999928474426,0.8540999889373779
YGL107C,YKR007W,0,-5.4331264,0.09960999339818954,0.9449999928474426,0.854200005531311
YGL065C,YDL230W,0,-5.4335694,0.09959949553012848,0.9449999928474426,0.8543000221252441
YBR302C,YNL021W,0,-5.43476,0.09958899766206741,0.9449999928474426,0.8543999791145325
YML104C,YBR045C,0,-5.434868,0.09957850724458694,0.9449999928474426,0.8544999957084656
YLR275W,YPL072W,0,-5.435107,0.09956800937652588,0.9449999928474426,0.8546000123023987
YOR002W,YIL004C,0,-5.4353514,0.09955751895904541,0.9449999928474426,0.8547000288963318
YHR006W,YLR044C,0,-5.435712,0.09954703599214554,0.9449999928474426,0.8547999858856201
YOR211C,YLR032W,0,-5.435927,0.09953655302524567,0.9449999928474426,0.8549000024795532
YDR110W,YML076C,0,-5.436638,0.0995260700583458,0.9449999928474426,0.8550000190734863
YCR053W,YCL050C,0,-5.436785,0.09951558709144592,0.9449999928474426,0.8550999760627747
YNL036W,YMR156C,0,-5.436876,0.09950510412454605,0.9449999928474426,0.8551999926567078
YMR100W,YPL132W,0,-5.4381657,0.09949462860822678,0.9449999928474426,0.8553000092506409
YDL010W,YLR362W,1,-5.438509,0.09958942979574203,0.9459999799728394,0.8553000092506409
YCR066W,YFR004W,0,-5.4387794,0.09957894682884216,0.9459999799728394,0.855400025844574
YGR274C,YLL022C,0,-5.438917,0.09956846386194229,0.9459999799728394,0.8554999828338623
YNL128W,YBR106W,0,-5.4398518,0.09955798834562302,0.9459999799728394,0.8555999994277954
YDR326C,YGR003W,0,-5.4399233,0.09954751282930374,0.9459999799728394,0.8557000160217285
YPL239W,YOL089C,1,-5.440217,0.09964225441217422,0.9470000267028809,0.8557000160217285
YGL134W,YPR067W,0,-5.440299,0.09963177144527435,0.9470000267028809,0.8557999730110168
YLR167W,YNL305C,0,-5.440757,0.09962128847837448,0.9470000267028809,0.85589998960495
YAL055W,YHR167W,0,-5.4409485,0.0996108129620552,0.9470000267028809,0.8560000061988831
YJR042W,YDR069C,0,-5.4409714,0.09960033744573593,0.9470000267028809,0.8561000227928162
YJL020C,YKL140W,0,-5.44116,0.09958986192941666,0.9470000267028809,0.8561999797821045
YOR036W,YDR252W,0,-5.441207,0.09957938641309738,0.9470000267028809,0.8562999963760376
YOR373W,YJR132W,0,-5.441628,0.0995689183473587,0.9470000267028809,0.8564000129699707
YOR190W,YML111W,0,-5.441798,0.09955845028162003,0.9470000267028809,0.8565000295639038
YBR152W,YMR072W,0,-5.4421916,0.09954798966646194,0.9470000267028809,0.8565999865531921
YDR279W,YCL059C,0,-5.4426503,0.09953752160072327,0.9470000267028809,0.8567000031471252
YER106W,YLR451W,0,-5.442914,0.09952706098556519,0.9470000267028809,0.8568000197410583
YGL168W,YJL162C,0,-5.443511,0.0995166003704071,0.9470000267028809,0.8568999767303467
YBR216C,YER164W,0,-5.4445276,0.09950614720582962,0.9470000267028809,0.8569999933242798
YNL177C,YFL049W,0,-5.4445577,0.09949569404125214,0.9470000267028809,0.8571000099182129
YIL120W,YDR251W,0,-5.4448996,0.09948524087667465,0.9470000267028809,0.857200026512146
YFL018C,YOR113W,0,-5.445016,0.09947478771209717,0.9470000267028809,0.8572999835014343
YBR245C,YNL330C,0,-5.445264,0.09946434199810028,0.9470000267028809,0.8574000000953674
YJL127C,YLR453C,0,-5.445964,0.0994538962841034,0.9470000267028809,0.8575000166893005
YHR143W-A,YMR113W,0,-5.446061,0.0994434505701065,0.9470000267028809,0.8575999736785889
YML115C,YJL203W,0,-5.4462657,0.09943301230669022,0.9470000267028809,0.857699990272522
YDL239C,YPL193W,0,-5.44631,0.09942257404327393,0.9470000267028809,0.8578000068664551
YHR096C,YOR205C,0,-5.446339,0.09941213577985764,0.9470000267028809,0.8579000234603882
YCR105W,YDL104C,0,-5.446656,0.09940169751644135,0.9470000267028809,0.8579999804496765
YHR114W,YLR319C,1,-5.447349,0.09949622303247452,0.9480000138282776,0.8579999804496765
YDR121W,YIL017C,0,-5.4474144,0.09948577731847763,0.9480000138282776,0.8580999970436096
YPL172C,YMR236W,0,-5.4474573,0.09947533905506134,0.9480000138282776,0.8582000136375427
YBR045C,YHR067W,0,-5.4478087,0.09946490079164505,0.9480000138282776,0.858299970626831
YDR105C,YNR011C,0,-5.4478154,0.09945446997880936,0.9480000138282776,0.8583999872207642
YBR161W,YBR078W,0,-5.448018,0.09944403916597366,0.9480000138282776,0.8585000038146973
YAR019C,YGR295C,0,-5.448226,0.09943360835313797,0.9480000138282776,0.8586000204086304
YGR047C,YER170W,0,-5.448505,0.09942317754030228,0.9480000138282776,0.8586999773979187
YOR039W,YPL020C,0,-5.448704,0.09941275417804718,0.9480000138282776,0.8587999939918518
YMR042W,YDR318W,0,-5.448925,0.09940233081579208,0.9480000138282776,0.8589000105857849
YDL135C,YNL315C,0,-5.449162,0.09939190745353699,0.9480000138282776,0.859000027179718
YPL008W,YKL183W,0,-5.4492273,0.09938148409128189,0.9480000138282776,0.8590999841690063
YML066C,YDR110W,0,-5.4502473,0.09937106817960739,0.9480000138282776,0.8592000007629395
YDL178W,YDR027C,0,-5.450528,0.09936065226793289,0.9480000138282776,0.8593000173568726
YGL053W,YFL041W,0,-5.4507885,0.09935024380683899,0.9480000138282776,0.8593999743461609
YDL120W,YIL101C,0,-5.450926,0.09933982789516449,0.9480000138282776,0.859499990940094
YER016W,YHR118C,0,-5.451554,0.09932941943407059,0.9480000138282776,0.8596000075340271
YOR320C,YCL038C,0,-5.4524446,0.09931901842355728,0.9480000138282776,0.8597000241279602
YDR538W,YPL101W,0,-5.452461,0.09930860996246338,0.9480000138282776,0.8597999811172485
YER100W,YOR077W,0,-5.45251,0.09929820895195007,0.9480000138282776,0.8598999977111816
YOR191W,YFL049W,0,-5.4525433,0.09928780794143677,0.9480000138282776,0.8600000143051147
YMR058W,YDR341C,0,-5.452879,0.09927741438150406,0.9480000138282776,0.8600999712944031
YDR532C,YER173W,0,-5.4529867,0.09926701337099075,0.9480000138282776,0.8601999878883362
YLR075W,YDR437W,0,-5.4536905,0.09925661981105804,0.9480000138282776,0.8603000044822693
YOL065C,YER003C,0,-5.4539185,0.09924623370170593,0.9480000138282776,0.8604000210762024
YNL289W,YEL024W,0,-5.454293,0.09923584014177322,0.9480000138282776,0.8604999780654907
YOR043W,YGR014W,1,-5.4543333,0.0993301197886467,0.9490000009536743,0.8604999780654907
YIR006C,YIL093C,0,-5.4549923,0.09931972622871399,0.9490000009536743,0.8605999946594238
YJR134C,YML127W,0,-5.4550743,0.09930933266878128,0.9490000009536743,0.8607000112533569
YJL074C,YGL105W,0,-5.455145,0.09929894655942917,0.9490000009536743,0.86080002784729
YGR041W,YER169W,0,-5.4561377,0.09928855299949646,0.9490000009536743,0.8608999848365784
YBL091C,YLR139C,0,-5.456665,0.09927816689014435,0.9490000009536743,0.8610000014305115
YHR089C,YKR095W,0,-5.457017,0.09926778078079224,0.9490000009536743,0.8611000180244446
YOR362C,YHR186C,0,-5.4577293,0.09925740212202072,0.9490000009536743,0.8611999750137329
YLR385C,YNL325C,0,-5.4581795,0.09924701601266861,0.9490000009536743,0.861299991607666
YNR050C,YHR169W,0,-5.459095,0.09923664480447769,0.9490000009536743,0.8614000082015991
YNL037C,YLL023C,0,-5.4595494,0.09922626614570618,0.9490000009536743,0.8615000247955322
YLR212C,YOL156W,0,-5.4598117,0.09921589493751526,0.9490000009536743,0.8615999817848206
YGR096W,YOR091W,0,-5.459964,0.09920551627874374,0.9490000009536743,0.8616999983787537
YMR100W,YLL052C,0,-5.461068,0.09919515252113342,0.9490000009536743,0.8618000149726868
YNR033W,YDR219C,0,-5.4618177,0.0991847813129425,0.9490000009536743,0.8618999719619751
YKL194C,YML034W,0,-5.4621105,0.09917441755533218,0.9490000009536743,0.8619999885559082
YIL051C,YBR200W,0,-5.4634113,0.09916405379772186,0.9490000009536743,0.8621000051498413
YDL003W,YLR069C,0,-5.4640913,0.09915369004011154,0.9490000009536743,0.8622000217437744
YLR274W,YMR271C,0,-5.464685,0.09914333373308182,0.9490000009536743,0.8622999787330627
YNL222W,YPL179W,0,-5.465768,0.0991329774260521,0.9490000009536743,0.8623999953269958
YOL013C,YCR097W,0,-5.466159,0.09912262111902237,0.9490000009536743,0.862500011920929
YPL096C-A,YGL005C,0,-5.4671783,0.09911227226257324,0.9490000009536743,0.8626000285148621
YER178W,YPR046W,0,-5.4672604,0.09910192340612411,0.9490000009536743,0.8626999855041504
YJL154C,YIL036W,0,-5.46742,0.09909157454967499,0.9490000009536743,0.8628000020980835
YDR270W,YDR501W,0,-5.4678373,0.09908122569322586,0.9490000009536743,0.8629000186920166
YJL089W,YCR034W,0,-5.467849,0.09907088428735733,0.9490000009536743,0.8629999756813049
YGL246C,YDR515W,0,-5.4680862,0.0990605428814888,0.9490000009536743,0.863099992275238
YHR081W,YDR011W,0,-5.4683223,0.09905020147562027,0.9490000009536743,0.8632000088691711
YOL139C,YGL044C,0,-5.4683433,0.09903986752033234,0.9490000009536743,0.8633000254631042
YLR292C,YOR260W,0,-5.469801,0.0990295335650444,0.9490000009536743,0.8633999824523926
YKR072C,YFL039C,1,-5.470035,0.09912353754043579,0.949999988079071,0.8633999824523926
YER019W,YER118C,1,-5.470729,0.09921752661466599,0.9509999752044678,0.8633999824523926
YGR024C,YDR393W,0,-5.4715614,0.09920717775821686,0.9509999752044678,0.8634999990463257
YDR469W,YPR046W,0,-5.4720078,0.09919682890176773,0.9509999752044678,0.8636000156402588
YLR085C,YJL207C,0,-5.4721184,0.0991864800453186,0.9509999752044678,0.8636999726295471
YDL091C,YOL055C,0,-5.4723897,0.09917613863945007,0.9509999752044678,0.8637999892234802
YOL110W,YDR251W,0,-5.472494,0.09916579723358154,0.9509999752044678,0.8639000058174133
YHR089C,YGR211W,0,-5.4729214,0.09915545582771301,0.9509999752044678,0.8640000224113464
YDL155W,YGL179C,0,-5.474253,0.09914512187242508,0.9509999752044678,0.8640999794006348
YDL075W,YOR236W,0,-5.4746037,0.09913478791713715,0.9509999752044678,0.8641999959945679
YMR292W,YDR251W,0,-5.474686,0.09912445396184921,0.9509999752044678,0.864300012588501
YOR295W,YDL191W,0,-5.4749765,0.09911412000656128,0.9509999752044678,0.8644000291824341
YMR029C,YGL137W,0,-5.475335,0.09910379350185394,0.9509999752044678,0.8644999861717224
YLR287C-A,YLR406C,0,-5.4757657,0.0990934669971466,0.9509999752044678,0.8646000027656555
YFL034C-B,YNL291C,0,-5.4757986,0.09908314049243927,0.9509999752044678,0.8647000193595886
YAR019C,YLR372W,0,-5.476798,0.09907282143831253,0.9509999752044678,0.864799976348877
YDR536W,YNL081C,0,-5.477218,0.09906250238418579,0.9509999752044678,0.8648999929428101
YBR231C,YJL196C,0,-5.477442,0.09905218333005905,0.9509999752044678,0.8650000095367432
YGR200C,YGR061C,0,-5.4778404,0.09904186427593231,0.9509999752044678,0.8651000261306763
YKR104W,YKL191W,0,-5.4779487,0.09903155267238617,0.9509999752044678,0.8651999831199646
YCR066W,YFR037C,0,-5.4782004,0.09902124106884003,0.9509999752044678,0.8652999997138977
YHR166C,YNL312W,0,-5.4787455,0.09901092946529388,0.9509999752044678,0.8654000163078308
YJL074C,YKL018W,0,-5.4789658,0.09900062531232834,0.9509999752044678,0.8654999732971191
YAL056W,YGL134W,0,-5.479935,0.09899032115936279,0.9509999752044678,0.8655999898910522
YKL092C,YOR307C,0,-5.4810057,0.09898001700639725,0.9509999752044678,0.8657000064849854
YPR034W,YER169W,0,-5.481292,0.0989697128534317,0.9509999752044678,0.8658000230789185
YGR207C,YER032W,0,-5.481392,0.09895941615104675,0.9509999752044678,0.8658999800682068
YCR044C,YGR075C,0,-5.4817204,0.0989491194486618,0.9509999752044678,0.8659999966621399
YLR451W,YPR033C,0,-5.4825354,0.09893882274627686,0.9509999752044678,0.866100013256073
YML011C,YBL030C,0,-5.483345,0.0989285334944725,0.9509999752044678,0.8661999702453613
YIL030C,YGL144C,0,-5.484332,0.09891824424266815,0.9509999752044678,0.8662999868392944
YAL047C,YOR034C,0,-5.484808,0.0989079549908638,0.9509999752044678,0.8664000034332275
YJR152W,YPL121C,0,-5.4854374,0.09889767318964005,0.9509999752044678,0.8665000200271606
YNR043W,YDL188C,0,-5.4860754,0.0988873839378357,0.9509999752044678,0.866599977016449
YDR520C,YLR221C,0,-5.4863005,0.09887710213661194,0.9509999752044678,0.8666999936103821
YHR154W,YKR003W,0,-5.4867034,0.09886682778596878,0.9509999752044678,0.8668000102043152
YOR007C,YLR307W,0,-5.486837,0.09885654598474503,0.9509999752044678,0.8669000267982483
YDL235C,YDR420W,1,-5.4868402,0.09895021468400955,0.9520000219345093,0.8669000267982483
YPR105C,YLL042C,0,-5.4871483,0.0989399328827858,0.9520000219345093,0.8669999837875366
YOR129C,YPL211W,0,-5.4872036,0.09892965108156204,0.9520000219345093,0.8671000003814697
YIL026C,YPR156C,0,-5.487348,0.09891936928033829,0.9520000219345093,0.8672000169754028
YCL066W,YAL026C,0,-5.487382,0.09890908747911453,0.9520000219345093,0.8672999739646912
YHR171W,YJR113C,0,-5.4880314,0.09889881312847137,0.9520000219345093,0.8673999905586243
YDR312W,YLR011W,0,-5.488613,0.09888854622840881,0.9520000219345093,0.8675000071525574
YLR148W,YHR044C,0,-5.4888353,0.09887827187776566,0.9520000219345093,0.8676000237464905
YGR003W,YOL007C,0,-5.488863,0.0988680049777031,0.9520000219345093,0.8676999807357788
YNL091W,YLR319C,1,-5.489163,0.09896157681941986,0.953000009059906,0.8676999807357788
YLL067C,YER072W,0,-5.4897556,0.0989513024687767,0.953000009059906,0.8677999973297119
YIL157C,YJL170C,0,-5.4898195,0.09894102811813354,0.953000009059906,0.867900013923645
YLR439W,YPR019W,0,-5.4901724,0.09893076121807098,0.953000009059906,0.8679999709129333
YDL095W,YDL079C,0,-5.4904094,0.09892048686742783,0.953000009059906,0.8680999875068665
YML065W,YPR192W,0,-5.4909163,0.09891021996736526,0.953000009059906,0.8682000041007996
YLR393W,YGR195W,0,-5.4911256,0.0988999605178833,0.953000009059906,0.8683000206947327
YGL038C,YDR466W,0,-5.491134,0.09888969361782074,0.953000009059906,0.868399977684021
YAL021C,YDR184C,0,-5.4912524,0.09887943416833878,0.953000009059906,0.8684999942779541
YOL097C,YBR119W,0,-5.4914703,0.09886917471885681,0.953000009059906,0.8686000108718872
YLR032W,YJL170C,0,-5.4914956,0.09885892271995544,0.953000009059906,0.8687000274658203
YDL194W,YKR003W,0,-5.4917154,0.09884867072105408,0.953000009059906,0.8687999844551086
YER041W,YBR085W,0,-5.491996,0.09883841872215271,0.953000009059906,0.8689000010490417
YLR098C,YMR047C,0,-5.492014,0.09882816672325134,0.953000009059906,0.8690000176429749
YLR176C,YDR268W,0,-5.4926147,0.09881791472434998,0.953000009059906,0.8690999746322632
YDL102W,YDL031W,0,-5.4927015,0.0988076701760292,0.953000009059906,0.8691999912261963
YOL132W,YKL016C,0,-5.492893,0.09879742562770844,0.953000009059906,0.8693000078201294
YIL150C,YKR053C,0,-5.4931955,0.09878718852996826,0.953000009059906,0.8694000244140625
YLR332W,YLR319C,1,-5.4932327,0.0988805964589119,0.9539999961853027,0.8694000244140625
YOL123W,YML029W,0,-5.494026,0.09887035191059113,0.9539999961853027,0.8694999814033508
YLR176C,YIL072W,0,-5.4941,0.09886009991168976,0.9539999961853027,0.8695999979972839
YGL107C,YJL062W,0,-5.494261,0.09884986281394958,0.9539999961853027,0.869700014591217
YDL065C,YIL130W,0,-5.4945374,0.09883961826562881,0.9539999961853027,0.8697999715805054
YIL153W,YKL048C,1,-5.4950323,0.09893297404050827,0.9549999833106995,0.8697999715805054
YOR011W,YJR010C-A,0,-5.4953284,0.0989227294921875,0.9549999833106995,0.8698999881744385
YML104C,YNL216W,0,-5.4955006,0.09891247749328613,0.9549999833106995,0.8700000047683716
YLR396C,YMR042W,0,-5.4956326,0.09890224039554596,0.9549999833106995,0.8701000213623047
YER172C,YNL059C,0,-5.495679,0.09889199584722519,0.9549999833106995,0.870199978351593
YLR310C,YNL128W,0,-5.4957075,0.09888175874948502,0.9549999833106995,0.8702999949455261
YMR277W,YPL192C,0,-5.495804,0.09887152165174484,0.9549999833106995,0.8704000115394592
YMR156C,YMR286W,0,-5.4960933,0.09886128455400467,0.9549999833106995,0.8705000281333923
YLR336C,YHL007C,1,-5.496149,0.09895455837249756,0.9559999704360962,0.8705000281333923
YOR156C,YOR357C,0,-5.4961557,0.09894432127475739,0.9559999704360962,0.8705999851226807
YGL194C,YDL080C,0,-5.496679,0.09893407672643661,0.9559999704360962,0.8707000017166138
YHR014W,YKL033W,0,-5.496877,0.09892383962869644,0.9559999704360962,0.8708000183105469
YBL017C,YLL009C,0,-5.497323,0.09891360253095627,0.9559999704360962,0.8708999752998352
YBR022W,YNL233W,0,-5.4973288,0.09890337288379669,0.9559999704360962,0.8709999918937683
YMR233W,YCL055W,0,-5.49792,0.09889314323663712,0.9559999704360962,0.8711000084877014
YLR363C,YBR097W,0,-5.4981165,0.09888291358947754,0.9559999704360962,0.8712000250816345
YDR287W,YER060W,0,-5.498491,0.09887268394231796,0.9559999704360962,0.8712999820709229
YNL325C,YGR227W,0,-5.4989004,0.09886246174573898,0.9559999704360962,0.871399998664856
YBR253W,YBR231C,0,-5.4992332,0.09885223954916,0.9559999704360962,0.8715000152587891
YLR247C,YMR083W,0,-5.4994626,0.09884201735258102,0.9559999704360962,0.8715999722480774
YJR095W,YPR201W,0,-5.4998627,0.09883180260658264,0.9559999704360962,0.8716999888420105
YLR207W,YMR022W,0,-5.5000887,0.09882158041000366,0.9559999704360962,0.8718000054359436
YOR046C,YPR041W,0,-5.500305,0.09881137311458588,0.9559999704360962,0.8719000220298767
YHR108W,YML102W,0,-5.501418,0.0988011583685875,0.9559999704360962,0.871999979019165
YEL063C,YBR019C,0,-5.50224,0.09879095107316971,0.9559999704360962,0.8720999956130981
YLR393W,YLR411W,0,-5.502282,0.09878073632717133,0.9559999704360962,0.8722000122070312
YLR427W,YGL249W,0,-5.5025215,0.09877053648233414,0.9559999704360962,0.8723000288009644
YJL072C,YGL073W,0,-5.502839,0.09876032918691635,0.9559999704360962,0.8723999857902527
YIR008C,YLR242C,0,-5.5029945,0.09875012934207916,0.9559999704360962,0.8725000023841858
YNL159C,YJR117W,0,-5.503971,0.09873992949724197,0.9559999704360962,0.8726000189781189
YGL011C,YGR163W,0,-5.504174,0.09872972965240479,0.9559999704360962,0.8726999759674072
YNL020C,YLR319C,1,-5.504216,0.09882280230522156,0.9570000171661377,0.8726999759674072
YJR041C,YDR217C,0,-5.504398,0.09881259500980377,0.9570000171661377,0.8727999925613403
YML118W,YOR265W,0,-5.504639,0.09880239516496658,0.9570000171661377,0.8729000091552734
YPL143W,YDR349C,0,-5.5069284,0.0987921953201294,0.9570000171661377,0.8730000257492065
YDR368W,YLL052C,0,-5.5069585,0.0987819954752922,0.9570000171661377,0.8730999827384949
YJL072C,YOL076W,0,-5.507189,0.09877180308103561,0.9570000171661377,0.873199999332428
YDL247W,YNL289W,0,-5.5075784,0.09876161068677902,0.9570000171661377,0.8733000159263611
YFL034C-A,YNL001W,0,-5.507813,0.09875141829252243,0.9570000171661377,0.8733999729156494
YIL099W,YER177W,0,-5.5078692,0.09874123334884644,0.9570000171661377,0.8734999895095825
YLR352W,YHR128W,0,-5.5079107,0.09873104095458984,0.9570000171661377,0.8736000061035156
YDR264C,YHR158C,0,-5.508067,0.09872085601091385,0.9570000171661377,0.8737000226974487
YER147C,YPL046C,0,-5.5085344,0.09871067851781845,0.9570000171661377,0.8737999796867371
YMR037C,YKL048C,1,-5.5091105,0.09880363196134567,0.9580000042915344,0.8737999796867371
YBL013W,YLR144C,0,-5.509122,0.09879343956708908,0.9580000042915344,0.8738999962806702
YCL001W,YGR170W,0,-5.509407,0.09878325462341309,0.9580000042915344,0.8740000128746033
YPL143W,YPR025C,0,-5.5100145,0.09877306967973709,0.9580000042915344,0.8741000294685364
YDR180W,YIR031C,0,-5.510132,0.0987628847360611,0.9580000042915344,0.8741999864578247
YER095W,YNL330C,0,-5.510176,0.0987527072429657,0.9580000042915344,0.8743000030517578
YNL148C,YLR369W,0,-5.5102663,0.0987425297498703,0.9580000042915344,0.8744000196456909
YOL119C,YGR183C,0,-5.510562,0.0987323522567749,0.9580000042915344,0.8744999766349792
YDR160W,YBR033W,0,-5.510638,0.0987221747636795,0.9580000042915344,0.8745999932289124
YLR010C,YFL049W,0,-5.5107675,0.0987120047211647,0.9580000042915344,0.8747000098228455
YDR328C,YMR133W,0,-5.5109215,0.0987018346786499,0.9580000042915344,0.8748000264167786
YNR008W,YNL265C,0,-5.510976,0.0986916646361351,0.9580000042915344,0.8748999834060669
YOR211C,YPL133C,0,-5.511051,0.0986815020442009,0.9580000042915344,0.875
YHR176W,YBR103W,0,-5.5113764,0.0986713394522667,0.9580000042915344,0.8751000165939331
YGL142C,YCR086W,0,-5.5114346,0.09866117686033249,0.9580000042915344,0.8751999735832214
YOR003W,YLR037C,0,-5.512452,0.09865101426839828,0.9580000042915344,0.8752999901771545
YCL017C,YNL212W,0,-5.5133114,0.09864085912704468,0.9580000042915344,0.8754000067710876
YOR064C,YJR143C,0,-5.5133157,0.09863070398569107,0.9580000042915344,0.8755000233650208
YPR032W,YER018C,0,-5.5144873,0.09862054884433746,0.9580000042915344,0.8755999803543091
YGR082W,YGL043W,0,-5.5146446,0.09861039370298386,0.9580000042915344,0.8756999969482422
YGL243W,YJR093C,0,-5.5150423,0.09860024601221085,0.9580000042915344,0.8758000135421753
YDR334W,YPR134W,0,-5.5151153,0.09859009832143784,0.9580000042915344,0.8758999705314636
YLR310C,YJL033W,0,-5.5154533,0.09857995808124542,0.9580000042915344,0.8759999871253967
YGR152C,YBR060C,0,-5.515504,0.09856981039047241,0.9580000042915344,0.8761000037193298
YPL262W,YJR048W,0,-5.515731,0.09855967015028,0.9580000042915344,0.8762000203132629
YDR328C,YHR001W-A,0,-5.5157504,0.09854952991008759,0.9580000042915344,0.8762999773025513
YDR036C,YDR118W,0,-5.515785,0.09853939712047577,0.9580000042915344,0.8763999938964844
YLL031C,YOR039W,0,-5.516775,0.09852925688028336,0.9580000042915344,0.8765000104904175
YHR154W,YDL214C,0,-5.5174847,0.09851913154125214,0.9580000042915344,0.8766000270843506
YDR165W,YER060W-A,0,-5.517513,0.09850899875164032,0.9580000042915344,0.8766999840736389
YKR089C,YOL033W,0,-5.5180397,0.0984988659620285,0.9580000042915344,0.876800000667572
YNL113W,YNR026C,0,-5.5181937,0.09848874062299728,0.9580000042915344,0.8769000172615051
YDR377W,YKR029C,0,-5.518386,0.09847861528396606,0.9580000042915344,0.8769999742507935
YPL269W,YOR244W,0,-5.518613,0.09846849739551544,0.9580000042915344,0.8770999908447266
YOL060C,YIL109C,0,-5.5189605,0.09845837950706482,0.9580000042915344,0.8772000074386597
YPL268W,YLR272C,0,-5.520563,0.0984482616186142,0.9580000042915344,0.8773000240325928
YER030W,YDR248C,0,-5.520627,0.09843814373016357,0.9580000042915344,0.8773999810218811
YLR340W,YDR126W,0,-5.520698,0.09842802584171295,0.9580000042915344,0.8774999976158142
YAR015W,YPL157W,0,-5.5211287,0.09841791540384293,0.9580000042915344,0.8776000142097473
YLR004C,YGR280C,0,-5.5212135,0.0984078049659729,0.9580000042915344,0.8776999711990356
YMR164C,YOR306C,0,-5.5217996,0.09839770197868347,0.9580000042915344,0.8777999877929688
YGL008C,YOR337W,0,-5.5234547,0.09838759154081345,0.9580000042915344,0.8779000043869019
YGR135W,YDR142C,0,-5.5236635,0.09837748855352402,0.9580000042915344,0.878000020980835
YDR386W,YBR079C,0,-5.5243077,0.09836738556623459,0.9580000042915344,0.8780999779701233
YGL059W,YGL168W,0,-5.524431,0.09835729002952576,0.9580000042915344,0.8781999945640564
YDR339C,YDR409W,0,-5.5244513,0.09834719449281693,0.9580000042915344,0.8783000111579895
YCL059C,YJL208C,0,-5.5248146,0.0983370989561081,0.9580000042915344,0.8784000277519226
YOR116C,YDR126W,0,-5.525887,0.09832700341939926,0.9580000042915344,0.8784999847412109
YLR035C,YNL206C,0,-5.5259056,0.09831691533327103,0.9580000042915344,0.878600001335144
YIL162W,YIL124W,0,-5.5260687,0.09830682724714279,0.9580000042915344,0.8787000179290771
YGR198W,YBR057C,0,-5.527915,0.09829673916101456,0.9580000042915344,0.8787999749183655
YPR095C,YOR371C,0,-5.5280395,0.09828665107488632,0.9580000042915344,0.8788999915122986
YDL079C,YHR111W,0,-5.528278,0.09827657043933868,0.9580000042915344,0.8790000081062317
YOL013C,YMR011W,0,-5.528425,0.09826648980379105,0.9580000042915344,0.8791000247001648
YKL127W,YEL013W,0,-5.5290623,0.09825640916824341,0.9580000042915344,0.8791999816894531
YLR067C,YJL137C,0,-5.5293508,0.09824633598327637,0.9580000042915344,0.8792999982833862
YEL050C,YHL002W,0,-5.5294676,0.09823626279830933,0.9580000042915344,0.8794000148773193
YML098W,YDR150W,0,-5.5296044,0.09822618961334229,0.9580000042915344,0.8794999718666077
YDR452W,YDL069C,0,-5.5297194,0.09821611642837524,0.9580000042915344,0.8795999884605408
YNL001W,YLR014C,0,-5.529784,0.0982060506939888,0.9580000042915344,0.8797000050544739
YPR188C,YDR479C,0,-5.529815,0.09819598495960236,0.9580000042915344,0.879800021648407
YHR166C,YDR143C,0,-5.5300035,0.09818591922521591,0.9580000042915344,0.8798999786376953
YJL197W,YBR130C,0,-5.5303254,0.09817585349082947,0.9580000042915344,0.8799999952316284
YLR333C,YDL087C,0,-5.530592,0.09816579520702362,0.9580000042915344,0.8801000118255615
YOR016C,YJL137C,0,-5.5324035,0.09815573692321777,0.9580000042915344,0.8802000284194946
YJR152W,YDL139C,0,-5.532673,0.09814567863941193,0.9580000042915344,0.880299985408783
YIL105C,YJL041W,0,-5.5327096,0.09813562780618668,0.9580000042915344,0.8804000020027161
YLR367W,YOL139C,0,-5.5348268,0.09812557697296143,0.9580000042915344,0.8805000185966492
YGR078C,YOL069W,0,-5.535095,0.09811552613973618,0.9580000042915344,0.8805999755859375
YDR440W,YLR154C,0,-5.5357323,0.09810547530651093,0.9580000042915344,0.8806999921798706
YMR208W,YIR019C,0,-5.535887,0.09809543192386627,0.9580000042915344,0.8808000087738037
YGR058W,YHR073W,0,-5.536605,0.09808538854122162,0.9580000042915344,0.8809000253677368
YLR385C,YBL017C,0,-5.536919,0.09807534515857697,0.9580000042915344,0.8809999823570251
YDR435C,YIL131C,0,-5.537177,0.09806530922651291,0.9580000042915344,0.8810999989509583
YKL034W,YDL067C,0,-5.5373836,0.09805527329444885,0.9580000042915344,0.8812000155448914
YPR140W,YFL044C,0,-5.537868,0.0980452373623848,0.9580000042915344,0.8812999725341797
YBR050C,YHR101C,0,-5.5395503,0.09803520143032074,0.9580000042915344,0.8813999891281128
YLR442C,YNR023W,0,-5.5402756,0.09802517294883728,0.9580000042915344,0.8815000057220459
YDR121W,YLR048W,0,-5.540848,0.09801514446735382,0.9580000042915344,0.881600022315979
YDL060W,YER073W,0,-5.5414343,0.09800511598587036,0.9580000042915344,0.8816999793052673
YEL051W,YLR117C,0,-5.541638,0.0979950875043869,0.9580000042915344,0.8817999958992004
YLR234W,YDR100W,0,-5.541746,0.09798506647348404,0.9580000042915344,0.8819000124931335
YKR081C,YNL126W,0,-5.541769,0.09797504544258118,0.9580000042915344,0.8820000290870667
YBR084W,YGL061C,0,-5.541855,0.09796502441167831,0.9580000042915344,0.882099986076355
YGL097W,YGR278W,0,-5.5420938,0.09795501083135605,0.9580000042915344,0.8822000026702881
YMR204C,YBR248C,0,-5.5427537,0.09794499725103378,0.9580000042915344,0.8823000192642212
YLR176C,YDL008W,0,-5.5431843,0.09793498367071152,0.9580000042915344,0.8823999762535095
YPL012W,YBR228W,0,-5.543278,0.09792497009038925,0.9580000042915344,0.8824999928474426
YER110C,YIL069C,0,-5.5435166,0.09791496396064758,0.9580000042915344,0.8826000094413757
YLR190W,YOR032C,0,-5.5436573,0.09790495783090591,0.9580000042915344,0.8827000260353088
YCL059C,YBL035C,0,-5.54463,0.09789495170116425,0.9580000042915344,0.8827999830245972
YMR164C,YNR075W,0,-5.544855,0.09788495302200317,0.9580000042915344,0.8828999996185303
YKL033W,YIL068C,0,-5.545722,0.0978749468922615,0.9580000042915344,0.8830000162124634
YDL010W,YLR337C,1,-5.546128,0.09796710312366486,0.9589999914169312,0.8830000162124634
YMR175W,YOR122C,1,-5.5473537,0.09805924445390701,0.9599999785423279,0.8830000162124634
YEL050C,YKR007W,0,-5.5474234,0.09804923087358475,0.9599999785423279,0.8830999732017517
YGR091W,YIL099W,0,-5.547649,0.09803921729326248,0.9599999785423279,0.8831999897956848
YDR243C,YNL075W,0,-5.547704,0.09802920371294022,0.9599999785423279,0.8833000063896179
YKL002W,YKL086W,0,-5.5480213,0.09801919758319855,0.9599999785423279,0.883400022983551
YER005W,YJL168C,0,-5.5482626,0.09800919145345688,0.9599999785423279,0.8834999799728394
YAL059W,YER025W,0,-5.548504,0.09799918532371521,0.9599999785423279,0.8835999965667725
YDR084C,YCL061C,0,-5.548813,0.09798917919397354,0.9599999785423279,0.8837000131607056
YCR097W,YFR046C,0,-5.549554,0.09797918051481247,0.9599999785423279,0.8838000297546387
YPL207W,YOL041C,0,-5.549735,0.0979691818356514,0.9599999785423279,0.883899986743927
YNL315C,YML025C,0,-5.5505924,0.09795918315649033,0.9599999785423279,0.8840000033378601
YDR452W,YGL206C,0,-5.5508413,0.09794919192790985,0.9599999785423279,0.8841000199317932
YOL109W,YNL126W,0,-5.551793,0.09793919324874878,0.9599999785423279,0.8841999769210815
YOL122C,YMR257C,0,-5.5519447,0.0979292020201683,0.9599999785423279,0.8842999935150146
YNL317W,YIL013C,0,-5.552021,0.09791921824216843,0.9599999785423279,0.8844000101089478
YDR219C,YNL077W,0,-5.552557,0.09790922701358795,0.9599999785423279,0.8845000267028809
YOR037W,YIR009W,0,-5.552643,0.09789924323558807,0.9599999785423279,0.8845999836921692
YML098W,YLL001W,0,-5.553602,0.0978892594575882,0.9599999785423279,0.8847000002861023
YDR005C,YLR004C,0,-5.5539336,0.09787928313016891,0.9599999785423279,0.8848000168800354
YEL004W,YJL125C,0,-5.554225,0.09786930680274963,0.9599999785423279,0.8848999738693237
YPR046W,YNL048W,0,-5.554571,0.09785933047533035,0.9599999785423279,0.8849999904632568
YMR278W,YPL124W,0,-5.555351,0.09784935414791107,0.9599999785423279,0.8851000070571899
YFL005W,YLR207W,0,-5.5557523,0.09783937782049179,0.9599999785423279,0.885200023651123
YML059C,YKL218C,0,-5.556272,0.0978294089436531,0.9599999785423279,0.8852999806404114
YBR135W,YLR116W,0,-5.5571194,0.09781944006681442,0.9599999785423279,0.8853999972343445
YCR036W,YIL007C,0,-5.5582523,0.09780947864055634,0.9599999785423279,0.8855000138282776
YKL014C,YLR405W,0,-5.558334,0.09779950976371765,0.9599999785423279,0.8855999708175659
YOL120C,YLR139C,0,-5.558646,0.09778954833745956,0.9599999785423279,0.885699987411499
YKR046C,YJR019C,0,-5.5589547,0.09777958691120148,0.9599999785423279,0.8858000040054321
YDR400W,YIL131C,0,-5.559004,0.09776963293552399,0.9599999785423279,0.8859000205993652
YLR212C,YOR358W,0,-5.5591373,0.0977596715092659,0.9599999785423279,0.8859999775886536
YBL074C,YBR154C,0,-5.559839,0.09774971753358841,0.9599999785423279,0.8860999941825867
YPL268W,YGL064C,0,-5.5607014,0.09773977100849152,0.9599999785423279,0.8862000107765198
YHL016C,YEL004W,0,-5.561072,0.09772981703281403,0.9599999785423279,0.8863000273704529
YGR109C,YMR156C,0,-5.5624924,0.09771987050771713,0.9599999785423279,0.8863999843597412
YJL008C,YLR360W,0,-5.5625606,0.09770992398262024,0.9599999785423279,0.8865000009536743
YOR049C,YDR003W,0,-5.5630054,0.09769997745752335,0.9599999785423279,0.8866000175476074
YAL035W,YLR345W,0,-5.5640106,0.09769003838300705,0.9599999785423279,0.8866999745368958
YDR153C,YOR119C,0,-5.5643306,0.09768009930849075,0.9599999785423279,0.8867999911308289
YML024W,YER127W,0,-5.5643497,0.09767016023397446,0.9599999785423279,0.886900007724762
YNL012W,YJL125C,0,-5.565773,0.09766022115945816,0.9599999785423279,0.8870000243186951
YOR047C,YHL007C,1,-5.5658875,0.09775201231241226,0.9610000252723694,0.8870000243186951
YBR003W,YDR116C,0,-5.5660563,0.09774206578731537,0.9610000252723694,0.8870999813079834
YPL209C,YBL005W,0,-5.5665464,0.09773212671279907,0.9610000252723694,0.8871999979019165
YNL041C,YLR377C,0,-5.5688033,0.09772218763828278,0.9610000252723694,0.8873000144958496
YPL016W,YHL022C,0,-5.569044,0.09771224856376648,0.9610000252723694,0.8873999714851379
YKL196C,YNL225C,0,-5.569291,0.09770231693983078,0.9610000252723694,0.887499988079071
YML106W,YDR361C,0,-5.5694113,0.09769238531589508,0.9610000252723694,0.8876000046730042
YKL033W,YGL106W,0,-5.569435,0.09768245369195938,0.9610000252723694,0.8877000212669373
YNR048W,YDR118W,0,-5.570837,0.09767252951860428,0.9610000252723694,0.8877999782562256
YHR142W,YNR070W,0,-5.5710545,0.09766260534524918,0.9610000252723694,0.8878999948501587
YCR054C,YPL008W,0,-5.571525,0.09765268117189407,0.9610000252723694,0.8880000114440918
YDR075W,YDR439W,0,-5.571535,0.09764275699853897,0.9610000252723694,0.8881000280380249
YLR085C,YBL080C,0,-5.5718474,0.09763283282518387,0.9610000252723694,0.8881999850273132
YDL159W,YBL102W,0,-5.5722313,0.09762291610240936,0.9610000252723694,0.8883000016212463
YLR117C,YIR026C,0,-5.572251,0.09761299937963486,0.9610000252723694,0.8884000182151794
YLR215C,YMR063W,0,-5.572407,0.09760309010744095,0.9610000252723694,0.8884999752044678
YOR141C,YMR231W,0,-5.572425,0.09759317338466644,0.9610000252723694,0.8885999917984009
YGL038C,YOR058C,0,-5.5737295,0.09758326411247253,0.9610000252723694,0.888700008392334
YOR357C,YNL083W,0,-5.573775,0.09757335484027863,0.9610000252723694,0.8888000249862671
YOR179C,YCR028C-A,0,-5.574295,0.09756345301866531,0.9610000252723694,0.8888999819755554
YLR313C,YGR059W,0,-5.5748167,0.097553551197052,0.9610000252723694,0.8889999985694885
YOR156C,YDR201W,0,-5.5749936,0.09754364937543869,0.9610000252723694,0.8891000151634216
YLR368W,YKL101W,0,-5.575097,0.09753374755382538,0.9610000252723694,0.88919997215271
YMR100W,YDR325W,0,-5.575874,0.09752384573221207,0.9610000252723694,0.8892999887466431
YOL076W,YPL153C,0,-5.575908,0.09751395136117935,0.9610000252723694,0.8894000053405762
YER109C,YKL154W,0,-5.5767603,0.09750405699014664,0.9610000252723694,0.8895000219345093
YGL175C,YGR129W,0,-5.5767813,0.09749417006969452,0.9610000252723694,0.8895999789237976
YDR191W,YMR266W,0,-5.5771494,0.0974842756986618,0.9610000252723694,0.8896999955177307
YDL150W,YBR248C,0,-5.578209,0.09747438877820969,0.9610000252723694,0.8898000121116638
YNL093W,YOR150W,0,-5.578843,0.09746450185775757,0.9610000252723694,0.8899000287055969
YCL038C,YPR095C,0,-5.578844,0.09745462238788605,0.9610000252723694,0.8899999856948853
YPR057W,YBR057C,0,-5.5807123,0.09744473546743393,0.9610000252723694,0.8901000022888184
YDR536W,YHL013C,0,-5.5809484,0.09743485599756241,0.9610000252723694,0.8902000188827515
YCR009C,YKL129C,1,-5.581541,0.09752635657787323,0.9620000123977661,0.8902000188827515
YCR063W,YIL167W,0,-5.5816736,0.09751646965742111,0.9620000123977661,0.8902999758720398
YPL081W,YJL098W,0,-5.5821447,0.09750659018754959,0.9620000123977661,0.8903999924659729
YGL128C,YIR009W,0,-5.582367,0.09749670326709747,0.9620000123977661,0.890500009059906
YLR337C,YLR006C,1,-5.582584,0.09758816659450531,0.9629999995231628,0.890500009059906
YKL194C,YJR025C,0,-5.583208,0.0975782722234726,0.9629999995231628,0.8906000256538391
YDR287W,YNL328C,0,-5.584219,0.09756839275360107,0.9629999995231628,0.8906999826431274
YOR178C,YDL174C,0,-5.584504,0.09755850583314896,0.9629999995231628,0.8907999992370605
YOL080C,YER173W,0,-5.5849905,0.09754861891269684,0.9629999995231628,0.8909000158309937
YOL100W,YBR167C,0,-5.5853624,0.09753873944282532,0.9629999995231628,0.890999972820282
YPR018W,YML095C,0,-5.5859575,0.0975288599729538,0.9629999995231628,0.8910999894142151
YCL026C-A,YPL053C,0,-5.5863566,0.09751898795366287,0.9629999995231628,0.8912000060081482
YBR228W,YKL221W,0,-5.5871344,0.09750911593437195,0.9629999995231628,0.8913000226020813
YML062C,YGR262C,0,-5.587655,0.09749924391508102,0.9629999995231628,0.8913999795913696
YOL138C,YBL009W,0,-5.5878806,0.0974893718957901,0.9629999995231628,0.8914999961853027
YNL291C,YCR094W,0,-5.5880165,0.09747949987649918,0.9629999995231628,0.8916000127792358
YFR014C,YIL033C,0,-5.5882034,0.09746963530778885,0.9629999995231628,0.891700029373169
YER095W,YLR376C,0,-5.5889015,0.09745977073907852,0.9629999995231628,0.8917999863624573
YOR245C,YIL037C,0,-5.5896616,0.0974499061703682,0.9629999995231628,0.8919000029563904
YOR367W,YKL129C,1,-5.590011,0.09754123538732529,0.9639999866485596,0.8919000029563904
YDR246W,YDR393W,0,-5.5908666,0.09753136336803436,0.9639999866485596,0.8920000195503235
YGL107C,YDR329C,0,-5.5917163,0.09752149879932404,0.9639999866485596,0.8920999765396118
YIL150C,YIL167W,0,-5.5918646,0.09751163423061371,0.9639999866485596,0.8921999931335449
YML011C,YNL056W,0,-5.5919385,0.09750176966190338,0.9639999866485596,0.892300009727478
YJL051W,YGR065C,0,-5.5926833,0.09749191254377365,0.9639999866485596,0.8924000263214111
YDL103C,YAL026C,0,-5.5932436,0.09748204797506332,0.9639999866485596,0.8924999833106995
YHR149C,YDR395W,0,-5.594184,0.0974721908569336,0.9639999866485596,0.8925999999046326
YDR176W,YJL154C,0,-5.5943065,0.09746234118938446,0.9639999866485596,0.8927000164985657
YKR097W,YNL125C,0,-5.5951853,0.09745248407125473,0.9639999866485596,0.892799973487854
YEL065W,YBR091C,0,-5.596165,0.0974426344037056,0.9639999866485596,0.8928999900817871
YLR385C,YHR107C,0,-5.596192,0.09743278473615646,0.9639999866485596,0.8930000066757202
YPL144W,YKL056C,0,-5.5965376,0.09742294251918793,0.9639999866485596,0.8931000232696533
YGR129W,YOR172W,0,-5.5971737,0.0974130928516388,0.9639999866485596,0.8931999802589417
YIL150C,YER060W-A,0,-5.5972033,0.09740325063467026,0.9639999866485596,0.8932999968528748
YGL059W,YMR224C,0,-5.5972805,0.09739341586828232,0.9639999866485596,0.8934000134468079
YHL020C,YPL174C,0,-5.597794,0.09738357365131378,0.9639999866485596,0.8934999704360962
YMR313C,YDR439W,0,-5.5979896,0.09737373888492584,0.9639999866485596,0.8935999870300293
YMR017W,YER018C,0,-5.5982685,0.0973639041185379,0.9639999866485596,0.8937000036239624
YML060W,YGL116W,0,-5.598671,0.09735406935214996,0.9639999866485596,0.8938000202178955
YGR183C,YDR252W,0,-5.598687,0.09734424203634262,0.9639999866485596,0.8938999772071838
YDR075W,YHR124W,0,-5.5987387,0.09733440726995468,0.9639999866485596,0.8939999938011169
YPL253C,YDL150W,0,-5.5996084,0.09732457995414734,0.9639999866485596,0.89410001039505
YHR150W,YML127W,0,-5.6003447,0.0973147600889206,0.9639999866485596,0.8942000269889832
YPR168W,YMR275C,0,-5.6003733,0.09730493277311325,0.9639999866485596,0.8942999839782715
YDL003W,YGR262C,0,-5.6006775,0.0972951129078865,0.9639999866485596,0.8944000005722046
YNL206C,YLR288C,0,-5.600848,0.09728529304265976,0.9639999866485596,0.8945000171661377
YOL061W,YGR082W,0,-5.60089,0.09727548062801361,0.9639999866485596,0.894599974155426
YNL152W,YPL021W,0,-5.6011286,0.09726566076278687,0.9639999866485596,0.8946999907493591
YDL120W,YDR011W,0,-5.6011534,0.09725584834814072,0.9639999866485596,0.8948000073432922
YDR478W,YPR173C,0,-5.60138,0.09724604338407516,0.9639999866485596,0.8949000239372253
YML031W,YJL189W,0,-5.601468,0.09723623096942902,0.9639999866485596,0.8949999809265137
YOR049C,YJR097W,0,-5.601472,0.09722642600536346,0.9639999866485596,0.8950999975204468
YPL072W,YNL321W,0,-5.6019177,0.09721662104129791,0.9639999866485596,0.8952000141143799
YOR017W,YOR178C,0,-5.601991,0.09720681607723236,0.9639999866485596,0.8952999711036682
YPR134W,YNL128W,0,-5.601994,0.0971970185637474,0.9639999866485596,0.8953999876976013
YMR041C,YNR056C,0,-5.6020875,0.09718721359968185,0.9639999866485596,0.8955000042915344
YGL040C,YDL033C,0,-5.602107,0.0971774160861969,0.9639999866485596,0.8956000208854675
YGR006W,YKR030W,0,-5.6024017,0.09716762602329254,0.9639999866485596,0.8956999778747559
YML066C,YBR213W,0,-5.602566,0.09715782850980759,0.9639999866485596,0.895799994468689
YPL101W,YOL072W,0,-5.6027484,0.09714803844690323,0.9639999866485596,0.8959000110626221
YFL055W,YIL062C,0,-5.603434,0.09713824838399887,0.9639999866485596,0.8960000276565552
YLR247C,YHR083W,0,-5.603466,0.09712846577167511,0.9639999866485596,0.8960999846458435
YBL008W,YER169W,0,-5.603568,0.09711867570877075,0.9639999866485596,0.8962000012397766
YLR098C,YDR386W,0,-5.604149,0.09710889309644699,0.9639999866485596,0.8963000178337097
YJL121C,YGL063W,0,-5.6047993,0.09709911048412323,0.9639999866485596,0.896399974822998
YDR515W,YGL032C,0,-5.604995,0.09708933532238007,0.9639999866485596,0.8964999914169312
YOL033W,YPL153C,0,-5.605377,0.0970795601606369,0.9639999866485596,0.8966000080108643
YKR090W,YEL044W,0,-5.60559,0.09706978499889374,0.9639999866485596,0.8967000246047974
YDR104C,YNL224C,0,-5.606206,0.09706000983715057,0.9639999866485596,0.8967999815940857
YGR289C,YDR238C,0,-5.6062617,0.09705023467540741,0.9639999866485596,0.8968999981880188
YOL132W,YJL050W,0,-5.606389,0.09704046696424484,0.9639999866485596,0.8970000147819519
YGL029W,YJL179W,0,-5.6066008,0.09703069925308228,0.9639999866485596,0.8970999717712402
YML011C,YLR131C,0,-5.607503,0.09702093154191971,0.9639999866485596,0.8971999883651733
YGR058W,YGL222C,0,-5.6082172,0.09701117128133774,0.9639999866485596,0.8973000049591064
YBL099W,YIL072W,0,-5.608394,0.09700141102075577,0.9639999866485596,0.8974000215530396
YHR067W,YPR047W,0,-5.6102962,0.0969916507601738,0.9639999866485596,0.8974999785423279
YJL184W,YOL089C,1,-5.610344,0.09708249568939209,0.9649999737739563,0.8974999785423279
YIR015W,YLR077W,0,-5.610842,0.09707272797822952,0.9649999737739563,0.897599995136261
YKL005C,YGR135W,0,-5.6113625,0.09706296771764755,0.9649999737739563,0.8977000117301941
YMR040W,YBL042C,0,-5.612503,0.09705320000648499,0.9649999737739563,0.8978000283241272
YNL326C,YOR330C,0,-5.6140556,0.09704343974590302,0.9649999737739563,0.8978999853134155
YMR098C,YGR295C,0,-5.614321,0.09703368693590164,0.9649999737739563,0.8980000019073486
YER068W,YGR006W,0,-5.615451,0.09702392667531967,0.9649999737739563,0.8981000185012817
YCR081W,YLR438C-A,0,-5.6154947,0.0970141738653183,0.9649999737739563,0.8981999754905701
YKR027W,YIL014W,0,-5.616061,0.09700442105531693,0.9649999737739563,0.8982999920845032
YJL054W,YLR234W,0,-5.6164455,0.09699467569589615,0.9649999737739563,0.8984000086784363
YPL253C,YNL064C,0,-5.6165276,0.09698492288589478,0.9649999737739563,0.8985000252723694
YIR026C,YOR386W,0,-5.6175184,0.096975177526474,0.9649999737739563,0.8985999822616577
YML124C,YDR118W,0,-5.6175795,0.09696543216705322,0.9649999737739563,0.8986999988555908
YDR440W,YNL047C,0,-5.6186595,0.09695569425821304,0.9649999737739563,0.8988000154495239
YNL091W,YOL089C,1,-5.619448,0.09704641252756119,0.9660000205039978,0.8988000154495239
YPR081C,YJL180C,0,-5.620015,0.09703666716814041,0.9660000205039978,0.8988999724388123
YHR027C,YBR240C,0,-5.6203537,0.09702692180871964,0.9660000205039978,0.8989999890327454
YOR319W,YJL002C,0,-5.621464,0.09701717644929886,0.9660000205039978,0.8991000056266785
YMR280C,YCR018C,0,-5.622526,0.09700743108987808,0.9660000205039978,0.8992000222206116
YJR117W,YLR306W,0,-5.6229877,0.0969976931810379,0.9660000205039978,0.8992999792098999
YHR205W,YDR420W,1,-5.6229954,0.09708835184574127,0.9670000076293945,0.8992999792098999
YNL310C,YER113C,0,-5.623049,0.0970786064863205,0.9670000076293945,0.899399995803833
YNL012W,YKR090W,0,-5.6246777,0.09706886112689972,0.9670000076293945,0.8995000123977661
YLR424W,YDR424C,0,-5.625453,0.09705911576747894,0.9670000076293945,0.8996000289916992
YDR489W,YMR235C,0,-5.6264815,0.09704937785863876,0.9670000076293945,0.8996999859809875
YBR077C,YGL251C,0,-5.6266084,0.09703963994979858,0.9670000076293945,0.8998000025749207
YNR070W,YDR265W,0,-5.626905,0.0970299020409584,0.9670000076293945,0.8999000191688538
YPL209C,YMR024W,0,-5.6279254,0.09702016413211823,0.9670000076293945,0.8999999761581421
YCL017C,YNR070W,0,-5.627927,0.09701043367385864,0.9670000076293945,0.9000999927520752
YKL116C,YCL069W,0,-5.6282415,0.09700070321559906,0.9670000076293945,0.9002000093460083
YNL279W,YBR164C,0,-5.628317,0.09699097275733948,0.9670000076293945,0.9003000259399414
YDR184C,YOR339C,0,-5.628545,0.0969812422990799,0.9670000076293945,0.9003999829292297
YJL050W,YOL095C,0,-5.628937,0.09697151929140091,0.9670000076293945,0.9004999995231628
YDR027C,YDR141C,0,-5.629014,0.09696179628372192,0.9670000076293945,0.900600016117096
YOR070C,YBR041W,0,-5.629233,0.09695207327604294,0.9670000076293945,0.9006999731063843
YLR067C,YOR177C,0,-5.6292467,0.09694235771894455,0.9670000076293945,0.9007999897003174
YNL059C,YDR448W,0,-5.62959,0.09693263471126556,0.9670000076293945,0.9009000062942505
YER015W,YKR099W,0,-5.6300597,0.09692291915416718,0.9670000076293945,0.9010000228881836
YKL081W,YNL222W,0,-5.630357,0.09691321104764938,0.9670000076293945,0.9010999798774719
YGR191W,YIL130W,0,-5.6303654,0.096903495490551,0.9670000076293945,0.901199996471405
YFL005W,YNL169C,0,-5.630458,0.0968937873840332,0.9670000076293945,0.9013000130653381
YNR056C,YKR034W,0,-5.630544,0.09688407927751541,0.9670000076293945,0.9014000296592712
YGR029W,YPR118W,0,-5.630726,0.09687437117099762,0.9670000076293945,0.9014999866485596
YJR035W,YDL135C,0,-5.631333,0.09686467051506042,0.9670000076293945,0.9016000032424927
YIL150C,YGR091W,0,-5.6316185,0.09685496985912323,0.9670000076293945,0.9017000198364258
YBR086C,YKL129C,1,-5.6324153,0.09694541990756989,0.9679999947547913,0.9017000198364258
YFR004W,YMR012W,0,-5.632505,0.0969357118010521,0.9679999947547913,0.9017999768257141
YFR044C,YOL008W,0,-5.633383,0.0969260036945343,0.9679999947547913,0.9018999934196472
YDR424C,YJR089W,0,-5.634121,0.0969163030385971,0.9679999947547913,0.9020000100135803
YDR045C,YGR152C,0,-5.6349688,0.09690659493207932,0.9679999947547913,0.9021000266075134
YLR450W,YNL278W,0,-5.6352134,0.09689689427614212,0.9679999947547913,0.9021999835968018
YOR295W,YJL209W,0,-5.636279,0.09688720107078552,0.9679999947547913,0.9023000001907349
YOR080W,YBR136W,0,-5.6362967,0.09687750041484833,0.9679999947547913,0.902400016784668
YAR018C,YDR153C,0,-5.636729,0.09686780720949173,0.9679999947547913,0.9024999737739563
YHR154W,YLR260W,0,-5.637652,0.09685811400413513,0.9679999947547913,0.9025999903678894
YGL153W,YGL115W,0,-5.638142,0.09684842079877853,0.9679999947547913,0.9027000069618225
YML005W,YOR201C,0,-5.6388063,0.09683873504400253,0.9679999947547913,0.9028000235557556
YDL102W,YAL013W,0,-5.6389027,0.09682904928922653,0.9679999947547913,0.902899980545044
YOR367W,YDL010W,1,-5.6394773,0.09691938757896423,0.968999981880188,0.902899980545044
YPL006W,YDR315C,0,-5.6396055,0.09690969437360764,0.968999981880188,0.902999997138977
YCL063W,YLR430W,0,-5.640044,0.09690000116825104,0.968999981880188,0.9031000137329102
YPR166C,YMR163C,0,-5.640192,0.09689030796289444,0.968999981880188,0.9031999707221985
YJL151C,YHR076W,0,-5.6421223,0.09688062220811844,0.968999981880188,0.9032999873161316
YER144C,YPR066W,0,-5.642126,0.09687093645334244,0.968999981880188,0.9034000039100647
YHL015W,YDR126W,0,-5.6423717,0.09686125814914703,0.968999981880188,0.9035000205039978
YML013W,YJL154C,0,-5.6431656,0.09685157239437103,0.968999981880188,0.9035999774932861
YKR095W-A,YOR320C,0,-5.643984,0.09684189409017563,0.968999981880188,0.9036999940872192
YNL270C,YJL139C,0,-5.6442304,0.09683221578598022,0.968999981880188,0.9038000106811523
YMR233W,YJL073W,0,-5.6445537,0.09682254493236542,0.968999981880188,0.9039000272750854
YMR055C,YDR384C,0,-5.644786,0.09681286662817001,0.968999981880188,0.9039999842643738
YDR398W,YCR054C,0,-5.644972,0.0968031957745552,0.968999981880188,0.9041000008583069
YOL147C,YGL006W,0,-5.644972,0.0967935249209404,0.968999981880188,0.90420001745224
YHR205W,YGR014W,1,-5.6450305,0.09688373655080795,0.9700000286102295,0.90420001745224
YLR336C,YPL239W,1,-5.645692,0.09697393327951431,0.9710000157356262,0.90420001745224
YLR266C,YBR254C,0,-5.64703,0.09696424752473831,0.9710000157356262,0.9042999744415283
YKL197C,YNL251C,0,-5.6482,0.09695456922054291,0.9710000157356262,0.9043999910354614
YJL207C,YMR274C,0,-5.6483684,0.0969448909163475,0.9710000157356262,0.9045000076293945
YKL155C,YGL115W,0,-5.649763,0.0969352126121521,0.9710000157356262,0.9046000242233276
YKL069W,YHR090C,0,-5.6515665,0.0969255343079567,0.9710000157356262,0.904699981212616
YER148W,YER025W,0,-5.6524696,0.09691586345434189,0.9710000157356262,0.9047999978065491
YBR041W,YDL214C,0,-5.652672,0.09690618515014648,0.9710000157356262,0.9049000144004822
YHR194W,YJL003W,0,-5.6526804,0.09689651429653168,0.9710000157356262,0.9049999713897705
YPR019W,YNL106C,0,-5.652812,0.09688685089349747,0.9710000157356262,0.9050999879837036
YOR256C,YBR200W,0,-5.653156,0.09687718003988266,0.9710000157356262,0.9052000045776367
YDR055W,YMR268C,0,-5.653178,0.09686751663684845,0.9710000157356262,0.9053000211715698
YKR072C,YGR014W,1,-5.6540194,0.09695760905742645,0.972000002861023,0.9053000211715698
YNL300W,YLL006W,0,-5.6546183,0.09694793820381165,0.972000002861023,0.9053999781608582
YOR334W,YLR045C,0,-5.6550903,0.09693826735019684,0.972000002861023,0.9054999947547913
YML065W,YDR101C,0,-5.6568923,0.09692859649658203,0.972000002861023,0.9056000113487244
YBR136W,YOR201C,0,-5.6571894,0.09691893309354782,0.972000002861023,0.9057000279426575
YBL009W,YJL041W,0,-5.6572504,0.09690926969051361,0.972000002861023,0.9057999849319458
YHR036W,YMR289W,0,-5.6574106,0.09689961373806,0.972000002861023,0.9059000015258789
YLR373C,YBR050C,0,-5.6579695,0.09688995033502579,0.972000002861023,0.906000018119812
YBR293W,YJL097W,0,-5.6580687,0.09688029438257217,0.972000002861023,0.9060999751091003
YDR301W,YDL017W,0,-5.6580753,0.09687063843011856,0.972000002861023,0.9061999917030334
YBR162W-A,YOL149W,0,-5.6581583,0.09686098992824554,0.972000002861023,0.9063000082969666
YDR468C,YDR477W,0,-5.658449,0.09685133397579193,0.972000002861023,0.9064000248908997
YDL201W,YNL206C,0,-5.659067,0.09684168547391891,0.972000002861023,0.906499981880188
YHR089C,YDL136W,0,-5.6595907,0.0968320369720459,0.972000002861023,0.9065999984741211
YBR227C,YOL094C,0,-5.6596,0.09682239592075348,0.972000002861023,0.9067000150680542
YML065W,YPL160W,0,-5.6596723,0.09681274741888046,0.972000002861023,0.9067999720573425
YPR005C,YNL020C,1,-5.660287,0.09690269827842712,0.9729999899864197,0.9067999720573425
YAL021C,YDR052C,0,-5.6610627,0.09689304977655411,0.9729999899864197,0.9068999886512756
YJR105W,YNL077W,0,-5.6614666,0.09688340127468109,0.9729999899864197,0.9070000052452087
YDR292C,YER072W,0,-5.661891,0.09687375277280807,0.9729999899864197,0.9071000218391418
YLR337C,YCR009C,1,-5.662012,0.09696366637945175,0.9739999771118164,0.9071000218391418
YDL235C,YPL242C,1,-5.6631503,0.09705355018377304,0.9750000238418579,0.9071000218391418
YPL193W,YJR160C,0,-5.6633244,0.09704389423131943,0.9750000238418579,0.9071999788284302
YPR057W,YNL038W,0,-5.664204,0.09703423827886581,0.9750000238418579,0.9072999954223633
YPL149W,YBR152W,0,-5.6651716,0.0970245823264122,0.9750000238418579,0.9074000120162964
YBR153W,YIL131C,0,-5.665339,0.09701492637395859,0.9750000238418579,0.9075000286102295
YBR298C,YBL074C,0,-5.6657424,0.09700527042150497,0.9750000238418579,0.9075999855995178
YJL196C,YHR110W,0,-5.666238,0.09699562191963196,0.9750000238418579,0.9077000021934509
YLR011W,YIL162W,0,-5.6667805,0.09698597341775894,0.9750000238418579,0.907800018787384
YDR130C,YDL194W,0,-5.667007,0.09697632491588593,0.9750000238418579,0.9078999757766724
YOR361C,YML125C,0,-5.6671762,0.0969666838645935,0.9750000238418579,0.9079999923706055
YBR087W,YGL033W,0,-5.668255,0.09695704281330109,0.9750000238418579,0.9081000089645386
YLR405W,YNL308C,0,-5.6687174,0.09694740176200867,0.9750000238418579,0.9082000255584717
YIR015W,YHR034C,0,-5.669225,0.09693776071071625,0.9750000238418579,0.90829998254776
YPR107C,YJL162C,0,-5.6693773,0.09692812711000443,0.9750000238418579,0.9083999991416931
YOR117W,YDR432W,0,-5.66942,0.096918486058712,0.9750000238418579,0.9085000157356262
YNL152W,YOR083W,0,-5.669441,0.09690885245800018,0.9750000238418579,0.9085999727249146
YNL310C,YOR018W,0,-5.6700296,0.09689922630786896,0.9750000238418579,0.9086999893188477
YDR191W,YGR257C,0,-5.6707764,0.09688959270715714,0.9750000238418579,0.9088000059127808
YGL246C,YPL021W,0,-5.67085,0.09687996655702591,0.9750000238418579,0.9089000225067139
YPL024W,YGR055W,0,-5.671324,0.09687034040689468,0.9750000238418579,0.9089999794960022
YPL253C,YPL117C,0,-5.6733437,0.09686072170734406,0.9750000238418579,0.9090999960899353
YIL016W,YDR440W,0,-5.673897,0.09685109555721283,0.9750000238418579,0.9092000126838684
YGL232W,YLR127C,0,-5.6740036,0.0968414768576622,0.9750000238418579,0.9093000292778015
YPR161C,YNL119W,0,-5.6752515,0.09683185815811157,0.9750000238418579,0.9093999862670898
YHR079C-A,YGL012W,0,-5.675292,0.09682224690914154,0.9750000238418579,0.909500002861023
YEL060C,YOR113W,0,-5.675523,0.09681262820959091,0.9750000238418579,0.909600019454956
YML104C,YBL080C,0,-5.6755576,0.09680301696062088,0.9750000238418579,0.9096999764442444
YMR011W,YBR046C,0,-5.6757746,0.09679340571165085,0.9750000238418579,0.9097999930381775
YJL050W,YOR192C,0,-5.6771784,0.09678380191326141,0.9750000238418579,0.9099000096321106
YPL145C,YER028C,0,-5.6773252,0.09677419066429138,0.9750000238418579,0.9100000262260437
YER015W,YDR097C,0,-5.6777363,0.09676458686590195,0.9750000238418579,0.910099983215332
YMR198W,YDL127W,0,-5.677929,0.09675498306751251,0.9750000238418579,0.9101999998092651
YOR018W,YBR201W,0,-5.6781573,0.09674538671970367,0.9750000238418579,0.9103000164031982
YKL132C,YKL218C,0,-5.679227,0.09673579037189484,0.9750000238418579,0.9103999733924866
YDR432W,YHR167W,0,-5.679256,0.096726194024086,0.9750000238418579,0.9104999899864197
YNL216W,YBR065C,0,-5.679667,0.09671659767627716,0.9750000238418579,0.9106000065803528
YHR036W,YKR105C,0,-5.680341,0.09670700132846832,0.9750000238418579,0.9107000231742859
YPR031W,YNL126W,0,-5.680888,0.09669741243124008,0.9750000238418579,0.9107999801635742
YNL020C,YDL010W,1,-5.681573,0.0967869907617569,0.9760000109672546,0.9107999801635742
YHR011W,YFL053W,0,-5.681807,0.09677739441394806,0.9760000109672546,0.9108999967575073
YBR212W,YBR088C,0,-5.6819687,0.09676779806613922,0.9760000109672546,0.9110000133514404
YCR071C,YCR106W,0,-5.682324,0.09675820171833038,0.9760000109672546,0.9110999703407288
YAR018C,YKL154W,0,-5.6825233,0.09674861282110214,0.9760000109672546,0.9111999869346619
YDR176W,YLL001W,0,-5.682652,0.0967390239238739,0.9760000109672546,0.911300003528595
YGR241C,YGL250W,0,-5.683416,0.09672943502664566,0.9760000109672546,0.9114000201225281
YNL327W,YJL162C,0,-5.68371,0.09671984612941742,0.9760000109672546,0.9114999771118164
YDL149W,YLR039C,0,-5.684513,0.09671026468276978,0.9760000109672546,0.9115999937057495
YBR085W,YKR062W,0,-5.6859684,0.09670068323612213,0.9760000109672546,0.9117000102996826
YGL189C,YDR025W,0,-5.686496,0.09669110178947449,0.9760000109672546,0.9118000268936157
YPR168W,YDR318W,0,-5.686713,0.09668152779340744,0.9760000109672546,0.911899983882904
YGR014W,YHR206W,1,-5.687067,0.0967710018157959,0.9769999980926514,0.911899983882904
YBR188C,YCL069W,0,-5.687742,0.09676141291856766,0.9769999980926514,0.9120000004768372
YKL155C,YNL272C,0,-5.6880436,0.09675183147192001,0.9769999980926514,0.9121000170707703
YLR373C,YOR196C,0,-5.688266,0.09674225002527237,0.9769999980926514,0.9121999740600586
YKL134C,YFR040W,0,-5.6885896,0.09673267602920532,0.9769999980926514,0.9122999906539917
YHR108W,YIL017C,0,-5.6892138,0.09672309458255768,0.9769999980926514,0.9124000072479248
YCR042C,YJL098W,0,-5.689474,0.09671352058649063,0.9769999980926514,0.9125000238418579
YER112W,YNL169C,0,-5.689965,0.09670394659042358,0.9769999980926514,0.9125999808311462
YJL057C,YNL119W,0,-5.691166,0.09669438004493713,0.9769999980926514,0.9126999974250793
YGL116W,YMR163C,0,-5.6913395,0.09668480604887009,0.9769999980926514,0.9128000140190125
YGL016W,YIL036W,0,-5.691683,0.09667523950338364,0.9769999980926514,0.9128999710083008
YOR244W,YPL074W,0,-5.692026,0.09666568040847778,0.9769999980926514,0.9129999876022339
YLR078C,YOL023W,0,-5.692175,0.09665611386299133,0.9769999980926514,0.913100004196167
YBR136W,YBR109C,0,-5.692335,0.09664655476808548,0.9769999980926514,0.9132000207901001
YFR040W,YDR359C,0,-5.6924076,0.09663699567317963,0.9769999980926514,0.9132999777793884
YOL056W,YAL011W,0,-5.6925497,0.09662743657827377,0.9769999980926514,0.9133999943733215
YMR289W,YGR295C,0,-5.6932545,0.09661787748336792,0.9769999980926514,0.9135000109672546
YPR031W,YGR092W,0,-5.6939406,0.09660832583904266,0.9769999980926514,0.9136000275611877
YMR175W,YLR336C,1,-5.6939516,0.09669764339923859,0.9779999852180481,0.9136000275611877
YBR188C,YDR011W,0,-5.6941843,0.09668808430433273,0.9779999852180481,0.9136999845504761
YNR070W,YDR482C,0,-5.6943526,0.09667853266000748,0.9779999852180481,0.9138000011444092
YDR339C,YGL255W,0,-5.6943617,0.09666897356510162,0.9779999852180481,0.9139000177383423
YLR055C,YGL086W,0,-5.6946497,0.09665942192077637,0.9779999852180481,0.9139999747276306
YOR149C,YLL006W,0,-5.6946898,0.09664987027645111,0.9779999852180481,0.9140999913215637
YGR104C,YIR026C,0,-5.694783,0.09664031863212585,0.9779999852180481,0.9142000079154968
YJR097W,YHL022C,0,-5.6948843,0.0966307669878006,0.9779999852180481,0.9143000245094299
YJL162C,YPL086C,0,-5.695524,0.09662122279405594,0.9779999852180481,0.9143999814987183
YBR033W,YNR032W,0,-5.695827,0.09661167860031128,0.9779999852180481,0.9144999980926514
YJL097W,YER063W,0,-5.6959076,0.09660213440656662,0.9779999852180481,0.9146000146865845
YER081W,YER100W,0,-5.6959443,0.09659259021282196,0.9779999852180481,0.9146999716758728
YLR378C,YJL092W,0,-5.696315,0.0965830534696579,0.9779999852180481,0.9147999882698059
YBR041W,YGR075C,0,-5.697833,0.09657351672649384,0.9779999852180481,0.914900004863739
YEL042W,YBR152W,0,-5.6979456,0.09656397998332977,0.9779999852180481,0.9150000214576721
YBL074C,YBL046W,0,-5.6979895,0.09655445069074631,0.9779999852180481,0.9150999784469604
YCR054C,YER006W,0,-5.6987877,0.09654491394758224,0.9779999852180481,0.9151999950408936
YBL019W,YNL009W,0,-5.699217,0.09653538465499878,0.9779999852180481,0.9153000116348267
YER026C,YOL117W,0,-5.699635,0.09652585536241531,0.9779999852180481,0.9154000282287598
YOR115C,YHR105W,0,-5.701207,0.09651633352041245,0.9779999852180481,0.9154999852180481
YKL134C,YJL041W,0,-5.7019424,0.09650681167840958,0.9779999852180481,0.9156000018119812
YER153C,YGR133W,0,-5.7021255,0.09649728983640671,0.9779999852180481,0.9157000184059143
YAL011W,YBR098W,0,-5.702162,0.09648776799440384,0.9779999852180481,0.9157999753952026
YKL099C,YKR086W,0,-5.7034454,0.09647824615240097,0.9779999852180481,0.9158999919891357
YCR098C,YGL226W,0,-5.7035766,0.0964687317609787,0.9779999852180481,0.9160000085830688
YML066C,YDR409W,0,-5.7040296,0.09645921736955643,0.9779999852180481,0.916100025177002
YOR033C,YAR050W,0,-5.704205,0.09644970297813416,0.9779999852180481,0.9161999821662903
YML008C,YDR379W,0,-5.704339,0.09644019603729248,0.9779999852180481,0.9162999987602234
YNL293W,YNR070W,0,-5.7043414,0.09643068164587021,0.9779999852180481,0.9164000153541565
YBL074C,YDR201W,0,-5.7046776,0.09642117470502853,0.9779999852180481,0.9164999723434448
YML118W,YMR257C,0,-5.7048893,0.09641167521476746,0.9779999852180481,0.9165999889373779
YDR301W,YDR213W,0,-5.7055273,0.09640216827392578,0.9779999852180481,0.916700005531311
YNL162W,YDR091C,0,-5.7056437,0.0963926687836647,0.9779999852180481,0.9168000221252441
YGL084C,YHL016C,0,-5.7066298,0.09638316929340363,0.9779999852180481,0.9168999791145325
YMR278W,YNL012W,0,-5.7072973,0.09637366980314255,0.9779999852180481,0.9169999957084656
YDR175C,YNL126W,0,-5.7080584,0.09636417031288147,0.9779999852180481,0.9171000123023987
YLR373C,YHR167W,0,-5.709591,0.09635467827320099,0.9779999852180481,0.9172000288963318
YNL152W,YJR108W,0,-5.709986,0.09634518623352051,0.9779999852180481,0.9172999858856201
YFL003C,YOR188W,0,-5.710434,0.09633569419384003,0.9779999852180481,0.9174000024795532
YHR026W,YNL148C,0,-5.7106533,0.09632620960474014,0.9779999852180481,0.9175000190734863
YPR141C,YKR079C,0,-5.7111096,0.09631672501564026,0.9779999852180481,0.9175999760627747
YLR427W,YLR459W,0,-5.71163,0.09630724042654037,0.9779999852180481,0.9176999926567078
YML011C,YBR248C,0,-5.7117643,0.09629775583744049,0.9779999852180481,0.9178000092506409
YDR031W,YHR036W,0,-5.7129116,0.0962882712483406,0.9779999852180481,0.917900025844574
YHR120W,YML125C,0,-5.7131166,0.09627879410982132,0.9779999852180481,0.9179999828338623
YIL031W,YER109C,0,-5.713603,0.09626931697130203,0.9779999852180481,0.9180999994277954
YLR086W,YNL025C,0,-5.7136936,0.09625983983278275,0.9779999852180481,0.9182000160217285
YFL003C,YLR423C,0,-5.713792,0.09625037014484406,0.9779999852180481,0.9182999730110168
YJL094C,YDR468C,0,-5.7148848,0.09624090045690536,0.9779999852180481,0.91839998960495
YDL135C,YHR200W,0,-5.7156806,0.09623143076896667,0.9779999852180481,0.9185000061988831
YDR279W,YOR255W,0,-5.715957,0.09622196108102798,0.9779999852180481,0.9186000227928162
YBL074C,YDR014W,0,-5.716225,0.0962124913930893,0.9779999852180481,0.9186999797821045
YOL076W,YPR103W,0,-5.7167625,0.0962030291557312,0.9779999852180481,0.9187999963760376
YHR191C,YLR139C,0,-5.717359,0.09619356691837311,0.9779999852180481,0.9189000129699707
YLR083C,YKL024C,0,-5.718161,0.09618410468101501,0.9779999852180481,0.9190000295639038
YMR154C,YPL020C,0,-5.7184978,0.09617464989423752,0.9779999852180481,0.9190999865531921
YBR175W,YHR153C,0,-5.7186995,0.09616519510746002,0.9779999852180481,0.9192000031471252
YLR022C,YOR255W,0,-5.718804,0.09615574032068253,0.9779999852180481,0.9193000197410583
YFL024C,YDL127W,0,-5.719161,0.09614628553390503,0.9779999852180481,0.9193999767303467
YDR169C,YDR318W,0,-5.719349,0.09613683074712753,0.9779999852180481,0.9194999933242798
YJL108C,YOR258W,0,-5.720148,0.09612738341093063,0.9779999852180481,0.9196000099182129
YMR292W,YLR013W,0,-5.720186,0.09611793607473373,0.9779999852180481,0.919700026512146
YCR027C,YDL115C,0,-5.720557,0.09610848873853683,0.9779999852180481,0.9197999835014343
YJR076C,YNL318C,0,-5.723628,0.09609904885292053,0.9779999852180481,0.9199000000953674
YKL132C,YOR339C,0,-5.72381,0.09608960151672363,0.9779999852180481,0.9200000166893005
YDL058W,YDR318W,0,-5.7244463,0.09608016163110733,0.9779999852180481,0.9200999736785889
YDR031W,YJR010C-A,0,-5.724709,0.09607072919607162,0.9779999852180481,0.920199990272522
YLR328W,YDR213W,0,-5.725482,0.09606128931045532,0.9779999852180481,0.9203000068664551
YDR257C,YER113C,0,-5.7259984,0.09605185687541962,0.9779999852180481,0.9204000234603882
YBL037W,YER044C-A,0,-5.726465,0.09604242444038391,0.9779999852180481,0.9204999804496765
YDR325W,YPL128C,0,-5.726577,0.0960329920053482,0.9779999852180481,0.9205999970436096
YBR244W,YOL023W,0,-5.7269583,0.0960235670208931,0.9779999852180481,0.9207000136375427
YMR277W,YGR128C,0,-5.7275934,0.09601413458585739,0.9779999852180481,0.920799970626831
YMR060C,YKL033W,0,-5.728508,0.09600470960140228,0.9779999852180481,0.9208999872207642
YDR129C,YKL129C,1,-5.728905,0.09609344601631165,0.9789999723434448,0.9208999872207642
YBL045C,YDR014W,0,-5.7292104,0.09608401358127594,0.9789999723434448,0.9210000038146973
YAL032C,YDL139C,0,-5.7299867,0.09607458114624023,0.9789999723434448,0.9211000204086304
YNL129W,YML027W,0,-5.7309656,0.09606515616178513,0.9789999723434448,0.9211999773979187
YEL064C,YML010W,0,-5.731223,0.09605573117733002,0.9789999723434448,0.9212999939918518
YER030W,YDR515W,0,-5.73132,0.09604630619287491,0.9789999723434448,0.9214000105857849
YNL097C,YNL025C,0,-5.7314167,0.0960368812084198,0.9789999723434448,0.921500027179718
YLR448W,YOL115W,0,-5.7316685,0.09602746367454529,0.9789999723434448,0.9215999841690063
YJL179W,YBR049C,0,-5.73398,0.09601804614067078,0.9789999723434448,0.9217000007629395
YJL076W,YGR198W,0,-5.7341194,0.09600862860679626,0.9789999723434448,0.9218000173568726
YIL131C,YOR339C,0,-5.735192,0.09599921852350235,0.9789999723434448,0.9218999743461609
YGL001C,YDR452W,0,-5.73747,0.09598980098962784,0.9789999723434448,0.921999990940094
YGL240W,YLR370C,0,-5.73771,0.09598039090633392,0.9789999723434448,0.9221000075340271
YGL065C,YLR221C,0,-5.737773,0.09597098082304001,0.9789999723434448,0.9222000241279602
YKL048C,YLR362W,1,-5.7380867,0.09605959802865982,0.9800000190734863,0.9222000241279602
YJR084W,YGL049C,0,-5.738131,0.09605018049478531,0.9800000190734863,0.9222999811172485
YLR222C,YLR388W,0,-5.739123,0.0960407704114914,0.9800000190734863,0.9223999977111816
YDL003W,YPL271W,0,-5.739717,0.09603136032819748,0.9800000190734863,0.9225000143051147
YNR070W,YLR459W,0,-5.74078,0.09602195024490356,0.9800000190734863,0.9225999712944031
YHR205W,YOL089C,1,-5.741745,0.0961105152964592,0.9810000061988831,0.9225999712944031
YHR166C,YBR038W,0,-5.742194,0.09610109776258469,0.9810000061988831,0.9226999878883362
YML021C,YGR098C,0,-5.7426186,0.09609168022871017,0.9810000061988831,0.9228000044822693
YIL037C,YOR136W,0,-5.7430053,0.09608227014541626,0.9810000061988831,0.9229000210762024
YOR284W,YPL016W,0,-5.7431235,0.09607286006212234,0.9810000061988831,0.9229999780654907
YLR117C,YNR036C,0,-5.7433786,0.09606345742940903,0.9810000061988831,0.9230999946594238
YGR038W,YNL076W,0,-5.7434664,0.09605404734611511,0.9810000061988831,0.9232000112533569
YER060W,YBR221C,0,-5.7435255,0.0960446447134018,0.9810000061988831,0.92330002784729
YEL018W,YOR207C,0,-5.7440886,0.09603524208068848,0.9810000061988831,0.9233999848365784
YAL043C,YNL152W,0,-5.7449045,0.09602583944797516,0.9810000061988831,0.9235000014305115
YOR321W,YER023W,0,-5.746489,0.09601644426584244,0.9810000061988831,0.9236000180244446
YPL192C,YDR316W,0,-5.746908,0.09600704908370972,0.9810000061988831,0.9236999750137329
YDL175C,YMR274C,0,-5.7483225,0.095997653901577,0.9810000061988831,0.923799991607666
YNR027W,YJR093C,0,-5.749674,0.09598825871944427,0.9810000061988831,0.9239000082015991
YIL168W,YMR026C,0,-5.7497435,0.09597886353731155,0.9810000061988831,0.9240000247955322
YCL061C,YNR026C,0,-5.749935,0.09596947580575943,0.9810000061988831,0.9240999817848206
YBR021W,YER028C,0,-5.75083,0.0959600880742073,0.9810000061988831,0.9241999983787537
YGR083C,YDR037W,0,-5.7518396,0.09595070779323578,0.9810000061988831,0.9243000149726868
YMR283C,YMR306W,0,-5.752725,0.09594132006168365,0.9810000061988831,0.9243999719619751
YBR215W,YNR054C,0,-5.753795,0.09593193978071213,0.9810000061988831,0.9244999885559082
YGR231C,YDR540C,0,-5.7543187,0.0959225594997406,0.9810000061988831,0.9246000051498413
YFL061W,YGR037C,0,-5.755845,0.09591317921876907,0.9810000061988831,0.9247000217437744
YBR022W,YLR315W,0,-5.7565384,0.09590380638837814,0.9810000061988831,0.9247999787330627
YHR076W,YMR197C,0,-5.757967,0.09589442610740662,0.9810000061988831,0.9248999953269958
YPR106W,YPL190C,0,-5.758132,0.09588505327701569,0.9810000061988831,0.925000011920929
YDR108W,YGL003C,0,-5.7581882,0.09587568044662476,0.9810000061988831,0.9251000285148621
YPR122W,YDL209C,0,-5.758803,0.09586631506681442,0.9810000061988831,0.9251999855041504
YCR072C,YOR207C,0,-5.7588625,0.09585694968700409,0.9810000061988831,0.9253000020980835
YFR005C,YCL061C,0,-5.758982,0.09584758430719376,0.9810000061988831,0.9254000186920166
YBL004W,YPL076W,0,-5.759004,0.09583821892738342,0.9810000061988831,0.9254999756813049
YOR037W,YDL220C,0,-5.7590675,0.09582885354757309,0.9810000061988831,0.925599992275238
YBR288C,YEL019C,0,-5.7593365,0.09581949561834335,0.9810000061988831,0.9257000088691711
YHR178W,YDR359C,0,-5.7593374,0.09581013768911362,0.9810000061988831,0.9258000254631042
YGL207W,YBR073W,0,-5.760152,0.09580077975988388,0.9810000061988831,0.9258999824523926
YHR152W,YER133W,0,-5.7605824,0.09579142928123474,0.9810000061988831,0.9259999990463257
YPL111W,YNL312W,0,-5.76388,0.095782071352005,0.9810000061988831,0.9261000156402588
YJL210W,YNR041C,0,-5.764185,0.09577272087335587,0.9810000061988831,0.9261999726295471
YNL039W,YKR104W,0,-5.766192,0.09576337039470673,0.9810000061988831,0.9262999892234802
YIR021W,YLR135W,0,-5.767077,0.09575402736663818,0.9810000061988831,0.9264000058174133
YCR004C,YDR437W,0,-5.767577,0.09574468433856964,0.9810000061988831,0.9265000224113464
YGR040W,YJL058C,0,-5.7685328,0.0957353338599205,0.9810000061988831,0.9265999794006348
YOR295W,YDL159W,0,-5.7685933,0.09572599828243256,0.9810000061988831,0.9266999959945679
YIL150C,YGR215W,0,-5.769257,0.09571665525436401,0.9810000061988831,0.926800012588501
YNL069C,YJR105W,0,-5.769755,0.09570731967687607,0.9810000061988831,0.9269000291824341
YJR144W,YMR220W,0,-5.771788,0.09569798409938812,0.9810000061988831,0.9269999861717224
YPL171C,YML092C,0,-5.771857,0.09568864852190018,0.9810000061988831,0.9271000027656555
YGL249W,YNL312W,0,-5.7720594,0.09567931294441223,0.9810000061988831,0.9272000193595886
YMR214W,YHR197W,0,-5.7730427,0.09566998481750488,0.9810000061988831,0.927299976348877
YBR216C,YLR102C,0,-5.773425,0.09566065669059753,0.9810000061988831,0.9273999929428101
YIL126W,YBR091C,0,-5.774603,0.09565132856369019,0.9810000061988831,0.9275000095367432
YDL112W,YOR192C,0,-5.775488,0.09564200043678284,0.9810000061988831,0.9276000261306763
YHR147C,YKR085C,0,-5.776766,0.09563267976045609,0.9810000061988831,0.9276999831199646
YCL033C,YLR098C,0,-5.777177,0.09562335163354874,0.9810000061988831,0.9277999997138977
YGR075C,YGL032C,0,-5.7782564,0.09561403840780258,0.9810000061988831,0.9279000163078308
YKL132C,YGR295C,0,-5.7786837,0.09560471773147583,0.9810000061988831,0.9279999732971191
YMR156C,YBR091C,0,-5.778796,0.09559539705514908,0.9810000061988831,0.9280999898910522
YDR425W,YIL004C,0,-5.780911,0.09558608382940292,0.9810000061988831,0.9282000064849854
YOR003W,YEL064C,0,-5.7809625,0.09557677060365677,0.9810000061988831,0.9283000230789185
YGL016W,YAR071W,0,-5.781404,0.09556746482849121,0.9810000061988831,0.9283999800682068
YIL037C,YKL191W,0,-5.7818336,0.09555815160274506,0.9810000061988831,0.9284999966621399
YNL002C,YHR207C,0,-5.7823057,0.0955488458275795,0.9810000061988831,0.928600013256073
YDL098C,YOR217W,0,-5.7829823,0.09553954005241394,0.9810000061988831,0.9286999702453613
YMR163C,YKL055C,0,-5.783722,0.09553023427724838,0.9810000061988831,0.9287999868392944
YGL061C,YPL020C,0,-5.7840033,0.09552093595266342,0.9810000061988831,0.9289000034332275
YDR408C,YPL211W,0,-5.7843885,0.09551163762807846,0.9810000061988831,0.9290000200271606
YER180C,YOL137W,0,-5.784524,0.0955023393034935,0.9810000061988831,0.929099977016449
YKL033W,YDL127W,0,-5.7847204,0.09549304097890854,0.9810000061988831,0.9291999936103821
YGR165W,YLR431C,0,-5.784728,0.09548374265432358,0.9810000061988831,0.9293000102043152
YMR127C,YJL035C,0,-5.7858562,0.09547445178031921,0.9810000061988831,0.9294000267982483
YJR152W,YMR306W,0,-5.7861757,0.09546516090631485,0.9810000061988831,0.9294999837875366
YJL162C,YPR054W,0,-5.78619,0.09545587003231049,0.9810000061988831,0.9296000003814697
YGR263C,YLR118C,0,-5.7864685,0.09544658660888672,0.9810000061988831,0.9297000169754028
YLR424W,YPL174C,0,-5.786954,0.09543729573488235,0.9810000061988831,0.9297999739646912
YPR032W,YCR092C,0,-5.787451,0.09542801231145859,0.9810000061988831,0.9298999905586243
YDR130C,YPL096C-A,0,-5.7879076,0.09541873633861542,0.9810000061988831,0.9300000071525574
YGR163W,YOR144C,0,-5.7887917,0.09540945291519165,0.9810000061988831,0.9301000237464905
YLR175W,YFL022C,0,-5.790557,0.09540017694234848,0.9810000061988831,0.9301999807357788
YDL006W,YHR121W,0,-5.790888,0.09539090096950531,0.9810000061988831,0.9302999973297119
YMR243C,YDL081C,0,-5.7910933,0.09538162499666214,0.9810000061988831,0.930400013923645
YLR233C,YOR256C,0,-5.791556,0.09537234902381897,0.9810000061988831,0.9304999709129333
YBL031W,YJL133W,0,-5.7915926,0.0953630805015564,0.9810000061988831,0.9305999875068665
YEL050C,YHR139C,0,-5.7917895,0.09535381197929382,0.9810000061988831,0.9307000041007996
YGL065C,YPL038W,0,-5.7933073,0.09534454345703125,0.9810000061988831,0.9308000206947327
YOL076W,YGR202C,0,-5.7936096,0.09533527493476868,0.9810000061988831,0.930899977684021
YER060W,YPL233W,0,-5.794732,0.0953260138630867,0.9810000061988831,0.9309999942779541
YPR168W,YJR022W,0,-5.7949963,0.09531675279140472,0.9810000061988831,0.9311000108718872
YJL121C,YJL092W,0,-5.7953434,0.09530749171972275,0.9810000061988831,0.9312000274658203
YOR322C,YMR207C,0,-5.795521,0.09529823064804077,0.9810000061988831,0.9312999844551086
YPR005C,YMR175W,1,-5.795729,0.09538611024618149,0.9819999933242798,0.9312999844551086
YDR358W,YOR269W,0,-5.7959137,0.09537684172391891,0.9819999933242798,0.9314000010490417
YOL023W,YLR095C,0,-5.796594,0.09536758065223694,0.9819999933242798,0.9315000176429749
YKL220C,YNL185C,0,-5.7966866,0.09535831958055496,0.9819999933242798,0.9315999746322632
YMR316W,YDL103C,0,-5.7976594,0.09534906595945358,0.9819999933242798,0.9316999912261963
YHR118C,YKL155C,0,-5.7978425,0.0953398048877716,0.9819999933242798,0.9318000078201294
YKL116C,YNL051W,0,-5.7984476,0.09533055126667023,0.9819999933242798,0.9319000244140625
YER056C-A,YLR449W,0,-5.7987356,0.09532129764556885,0.9819999933242798,0.9319999814033508
YPL126W,YER164W,0,-5.8012676,0.09531204402446747,0.9819999933242798,0.9320999979972839
YDR468C,YJL139C,0,-5.8027773,0.09530279785394669,0.9819999933242798,0.932200014591217
YDR486C,YPL133C,0,-5.8099194,0.0952935442328453,0.9819999933242798,0.9322999715805054
YNL039W,YOR115C,0,-5.8104916,0.09528429806232452,0.9819999933242798,0.9323999881744385
YPL111W,YGR047C,0,-5.811329,0.09527505934238434,0.9819999933242798,0.9325000047683716
YPL172C,YAL028W,0,-5.8116713,0.09526581317186356,0.9819999933242798,0.9326000213623047
YGR148C,YNL119W,0,-5.811702,0.09525657445192337,0.9819999933242798,0.932699978351593
YNL041C,YDR322C-A,0,-5.8122964,0.09524733573198318,0.9819999933242798,0.9327999949455261
YML060W,YNL264C,0,-5.812558,0.095238097012043,0.9819999933242798,0.9329000115394592
YLR032W,YBR091C,0,-5.813045,0.09522885829210281,0.9819999933242798,0.9330000281333923
YAL007C,YOL049W,0,-5.8130994,0.09521962702274323,0.9819999933242798,0.9330999851226807
YNR075W,YLR453C,0,-5.813849,0.09521039575338364,0.9819999933242798,0.9332000017166138
YNL254C,YER173W,0,-5.814157,0.09520116448402405,0.9819999933242798,0.9333000183105469
YPR057W,YDR540C,0,-5.8145294,0.09519193321466446,0.9819999933242798,0.9333999752998352
YHR027C,YPR061C,0,-5.814699,0.09518270939588547,0.9819999933242798,0.9334999918937683
YOR092W,YKL089W,0,-5.8149595,0.09517348557710648,0.9819999933242798,0.9336000084877014
YDL175C,YPL207W,0,-5.8156996,0.09516426175832748,0.9819999933242798,0.9337000250816345
YLR233C,YDR318W,0,-5.815729,0.09515503793954849,0.9819999933242798,0.9337999820709229
YPR032W,YMR014W,0,-5.8157396,0.0951458215713501,0.9819999933242798,0.933899998664856
YDR135C,YDR276C,0,-5.817401,0.0951365977525711,0.9819999933242798,0.9340000152587891
YGL194C,YNL278W,0,-5.817604,0.09512738883495331,0.9819999933242798,0.9340999722480774
YJL002C,YDR141C,0,-5.818732,0.09511817246675491,0.9819999933242798,0.9341999888420105
YBR213W,YHR019C,0,-5.820136,0.09510895609855652,0.9819999933242798,0.9343000054359436
YOL012C,YIL026C,0,-5.8222833,0.09509974718093872,0.9819999933242798,0.9344000220298767
YGL175C,YBR216C,0,-5.8229413,0.09509053826332092,0.9819999933242798,0.934499979019165
YLR275W,YML106W,0,-5.8236027,0.09508132934570312,0.9819999933242798,0.9345999956130981
YNR048W,YFL024C,0,-5.823721,0.09507212787866592,0.9819999933242798,0.9347000122070312
YIL066C,YDR160W,0,-5.8243666,0.09506292641162872,0.9819999933242798,0.9348000288009644
YDR104C,YOR337W,0,-5.8248825,0.09505372494459152,0.9819999933242798,0.9348999857902527
YOL042W,YAR008W,0,-5.825159,0.09504452347755432,0.9819999933242798,0.9350000023841858
YOR372C,YPL269W,0,-5.825446,0.09503532201051712,0.9819999933242798,0.9351000189781189
YAL021C,YHR034C,0,-5.826144,0.09502612799406052,0.9819999933242798,0.9351999759674072
YMR127C,YBR057C,0,-5.8272557,0.09501693397760391,0.9819999933242798,0.9352999925613403
YAR071W,YNL106C,0,-5.828232,0.09500773996114731,0.9819999933242798,0.9354000091552734
YMR283C,YMR201C,0,-5.8284283,0.0949985459446907,0.9819999933242798,0.9355000257492065
YPL133C,YDL117W,0,-5.8293924,0.0949893593788147,0.9819999933242798,0.9355999827384949
YGL125W,YDL209C,0,-5.830348,0.09498017281293869,0.9819999933242798,0.935699999332428
YGR065C,YBR015C,0,-5.832059,0.09497098624706268,0.9819999933242798,0.9358000159263611
YLL035W,YGR152C,0,-5.8323274,0.09496179968118668,0.9819999933242798,0.9358999729156494
YHR014W,YNL299W,0,-5.832379,0.09495262056589127,0.9819999933242798,0.9359999895095825
YMR243C,YDL141W,0,-5.8324876,0.09494344145059586,0.9819999933242798,0.9361000061035156
YNL216W,YLR014C,0,-5.8328285,0.09493426233530045,0.9819999933242798,0.9362000226974487
YGL022W,YDL104C,0,-5.8330946,0.09492508322000504,0.9819999933242798,0.9362999796867371
YOR266W,YCR008W,0,-5.8347373,0.09491591155529022,0.9819999933242798,0.9363999962806702
YJR150C,YDR153C,0,-5.835088,0.09490673989057541,0.9819999933242798,0.9365000128746033
YNL158W,YOR039W,0,-5.836409,0.0948975682258606,0.9819999933242798,0.9366000294685364
YPL164C,YML004C,0,-5.8364496,0.09488839656114578,0.9819999933242798,0.9366999864578247
YDR180W,YPL126W,0,-5.8368335,0.09487922489643097,0.9819999933242798,0.9368000030517578
YNR050C,YKL024C,0,-5.8383064,0.09487006068229675,0.9819999933242798,0.9369000196456909
YGL033W,YPL172C,0,-5.838376,0.09486089646816254,0.9819999933242798,0.9369999766349792
YKL143W,YBL061C,1,-5.841545,0.09494832158088684,0.9829999804496765,0.9369999766349792
YOL076W,YBR186W,0,-5.841595,0.09493915736675262,0.9829999804496765,0.9370999932289124
YER026C,YOR113W,0,-5.842835,0.09492998570203781,0.9829999804496765,0.9372000098228455
YOR320C,YML088W,0,-5.843622,0.0949208214879036,0.9829999804496765,0.9373000264167786
YKL148C,YDR424C,0,-5.8442416,0.09491165727376938,0.9829999804496765,0.9373999834060669
YLL022C,YJL062W,0,-5.845026,0.09490249305963516,0.9829999804496765,0.9375
YIR004W,YDL087C,0,-5.847603,0.09489332884550095,0.9829999804496765,0.9376000165939331
YML104C,YJR010C-A,0,-5.8489428,0.09488417208194733,0.9829999804496765,0.9376999735832214
YDL120W,YOR018W,0,-5.850234,0.09487501531839371,0.9829999804496765,0.9377999901771545
YOL089C,YER089C,1,-5.851221,0.09496236592531204,0.984000027179718,0.9377999901771545
YOL065C,YHR134W,0,-5.8524766,0.09495320171117783,0.984000027179718,0.9379000067710876
YDR302W,YER106W,0,-5.8527837,0.09494403749704361,0.984000027179718,0.9380000233650208
YGR040W,YGL116W,0,-5.852853,0.0949348732829094,0.984000027179718,0.9380999803543091
YCR071C,YNR070W,0,-5.852872,0.09492571651935577,0.984000027179718,0.9381999969482422
YOR049C,YKL092C,0,-5.853057,0.09491655975580215,0.984000027179718,0.9383000135421753
YOR255W,YMR198W,0,-5.853255,0.09490741044282913,0.984000027179718,0.9383999705314636
YKL179C,YOL018C,0,-5.8539104,0.09489825367927551,0.984000027179718,0.9384999871253967
YDL194W,YGL106W,0,-5.8551674,0.09488910436630249,0.984000027179718,0.9386000037193298
YBL004W,YJL073W,0,-5.8556805,0.09487995505332947,0.984000027179718,0.9387000203132629
YDL236W,YPR120C,0,-5.8584366,0.09487080574035645,0.984000027179718,0.9387999773025513
YDL014W,YNL124W,0,-5.8603964,0.09486165642738342,0.984000027179718,0.9388999938964844
YDR032C,YMR306W,0,-5.861292,0.094852514564991,0.984000027179718,0.9390000104904175
YGL167C,YNR075W,0,-5.8614693,0.09484337270259857,0.984000027179718,0.9391000270843506
YLR014C,YNR024W,0,-5.8617406,0.09483423084020615,0.984000027179718,0.9391999840736389
YBR221C,YLR411W,0,-5.8619924,0.09482509642839432,0.984000027179718,0.939300000667572
YGL171W,YIL078W,0,-5.863576,0.09481595456600189,0.984000027179718,0.9394000172615051
YJL190C,YIL019W,0,-5.8638024,0.09480682015419006,0.984000027179718,0.9394999742507935
YBR022W,YPL124W,0,-5.8648953,0.09479768574237823,0.984000027179718,0.9395999908447266
YER069W,YOR034C,0,-5.864973,0.094788558781147,0.984000027179718,0.9397000074386597
YHL016C,YDR150W,0,-5.8664856,0.09477942436933517,0.984000027179718,0.9398000240325928
YIL156W,YBL035C,0,-5.866701,0.09477029740810394,0.984000027179718,0.9398999810218811
YGL029W,YOR202W,0,-5.867275,0.09476117044687271,0.984000027179718,0.9399999976158142
YKL113C,YHR178W,0,-5.867438,0.09475204348564148,0.984000027179718,0.9401000142097473
YOL023W,YHR102W,0,-5.8675694,0.09474292397499084,0.984000027179718,0.9401999711990356
YJL154C,YDR540C,0,-5.8699875,0.09473380446434021,0.984000027179718,0.9402999877929688
YLR006C,YMR109W,1,-5.8704696,0.09482094645500183,0.9850000143051147,0.9402999877929688
YDL106C,YMR257C,0,-5.8705544,0.0948118194937706,0.9850000143051147,0.9404000043869019
YEL050C,YCL066W,0,-5.8713846,0.09480269253253937,0.9850000143051147,0.940500020980835
YDL087C,YAL013W,0,-5.8723745,0.09479357302188873,0.9850000143051147,0.9405999779701233
YBL088C,YMR289W,0,-5.8749065,0.0947844460606575,0.9850000143051147,0.9406999945640564
YHR070W,YKL045W,0,-5.8762913,0.09477532655000687,0.9850000143051147,0.9408000111579895
YER031C,YDR284C,0,-5.876507,0.09476621448993683,0.9850000143051147,0.9409000277519226
YMR190C,YMR070W,0,-5.8765407,0.0947570949792862,0.9850000143051147,0.9409999847412109
YER111C,YBR127C,0,-5.876575,0.09474798291921616,0.9850000143051147,0.941100001335144
YOL017W,YIL122W,0,-5.8768163,0.09473886340856552,0.9850000143051147,0.9412000179290771
YML060W,YMR171C,0,-5.878434,0.09472975879907608,0.9850000143051147,0.9412999749183655
YOL123W,YOL135C,0,-5.878626,0.09472064673900604,0.9850000143051147,0.9413999915122986
YNL113W,YML113W,0,-5.8791666,0.0947115421295166,0.9850000143051147,0.9415000081062317
YKL154W,YPR120C,0,-5.8797245,0.09470243006944656,0.9850000143051147,0.9416000247001648
YOR249C,YDR316W,0,-5.8823953,0.09469332545995712,0.9850000143051147,0.9416999816894531
YDR303C,YNL056W,0,-5.882492,0.09468422830104828,0.9850000143051147,0.9417999982833862
YCR004C,YIL093C,0,-5.882594,0.09467512369155884,0.9850000143051147,0.9419000148773193
YAR018C,YER112W,0,-5.883167,0.09466602653265,0.9850000143051147,0.9419999718666077
YIL150C,YNL210W,0,-5.8842316,0.09465692937374115,0.9850000143051147,0.9420999884605408
YLR196W,YBL009W,0,-5.884844,0.0946478322148323,0.9850000143051147,0.9422000050544739
YOL105C,YLR323C,0,-5.8851967,0.09463874250650406,0.9850000143051147,0.942300021648407
YER111C,YMR306W,0,-5.885479,0.09462964534759521,0.9850000143051147,0.9423999786376953
YPL164C,YMR052W,0,-5.885691,0.09462055563926697,0.9850000143051147,0.9424999952316284
YER183C,YNL021W,0,-5.886964,0.09461146593093872,0.9850000143051147,0.9426000118255615
YGL070C,YGL255W,0,-5.887278,0.09460238367319107,0.9850000143051147,0.9427000284194946
YML011C,YPR131C,0,-5.887535,0.09459329396486282,0.9850000143051147,0.942799985408783
YPR121W,YFR032C-A,0,-5.887796,0.09458421170711517,0.9850000143051147,0.9429000020027161
YDR252W,YFL061W,0,-5.8878117,0.09457512944936752,0.9850000143051147,0.9430000185966492
YOL089C,YDR420W,1,-5.888091,0.09466205537319183,0.9860000014305115,0.9430000185966492
YMR030W,YHR167W,0,-5.8890643,0.09465297311544418,0.9860000014305115,0.9430999755859375
YMR275C,YNR041C,0,-5.889116,0.09464388340711594,0.9860000014305115,0.9431999921798706
YAR008W,YHR169W,0,-5.8904095,0.09463480114936829,0.9860000014305115,0.9433000087738037
YDR276C,YIL099W,0,-5.8905873,0.09462571889162064,0.9860000014305115,0.9434000253677368
YER148W,YDR060W,0,-5.890962,0.09461663663387299,0.9860000014305115,0.9434999823570251
YLR045C,YDL209C,0,-5.891184,0.09460756182670593,0.9860000014305115,0.9435999989509583
YGL134W,YJR143C,0,-5.891273,0.09459848701953888,0.9860000014305115,0.9437000155448914
YMR037C,YOL089C,1,-5.8919597,0.09468533843755722,0.9869999885559082,0.9437000155448914
YIL062C,YJL003W,0,-5.891964,0.09467625617980957,0.9869999885559082,0.9437999725341797
YNL161W,YDR464W,0,-5.8934155,0.09466718137264252,0.9869999885559082,0.9438999891281128
YDR037W,YDR101C,0,-5.8939466,0.09465809911489487,0.9869999885559082,0.9440000057220459
YDL080C,YNL083W,0,-5.894063,0.09464902430772781,0.9869999885559082,0.944100022315979
YKL092C,YOL011W,0,-5.8942556,0.09463994950056076,0.9869999885559082,0.9441999793052673
YDR279W,YBL021C,0,-5.89524,0.09463087469339371,0.9869999885559082,0.9442999958992004
YJL092W,YOR034C,0,-5.8953066,0.09462179988622665,0.9869999885559082,0.9444000124931335
YEL054C,YER082C,0,-5.896204,0.0946127325296402,0.9869999885559082,0.9445000290870667
YGL128C,YJL139C,0,-5.8965435,0.09460366517305374,0.9869999885559082,0.944599986076355
YPR134W,YNL233W,0,-5.897528,0.09459459781646729,0.9869999885559082,0.9447000026702881
YGL240W,YIL144W,0,-5.897997,0.09458553045988083,0.9869999885559082,0.9448000192642212
YDL112W,YBR121C,0,-5.898095,0.09457646310329437,0.9869999885559082,0.9448999762535095
YMR293C,YCR092C,0,-5.8987617,0.09456740319728851,0.9869999885559082,0.9449999928474426
YPL174C,YOR058C,0,-5.899184,0.09455834329128265,0.9869999885559082,0.9451000094413757
YDR005C,YGR044C,0,-5.89935,0.0945492833852768,0.9869999885559082,0.9452000260353088
YAR008W,YDR147W,0,-5.9000554,0.09454023092985153,0.9869999885559082,0.9452999830245972
YOL009C,YJR102C,0,-5.9014096,0.09453117847442627,0.9869999885559082,0.9453999996185303
YIR013C,YGL251C,0,-5.9016914,0.09452211856842041,0.9869999885559082,0.9455000162124634
YOL125W,YDL042C,0,-5.901697,0.09451307356357574,0.9869999885559082,0.9455999732017517
YBL006C,YER070W,0,-5.9021893,0.09450402110815048,0.9869999885559082,0.9456999897956848
YNL099C,YLR306W,0,-5.9022846,0.09449497610330582,0.9869999885559082,0.9458000063896179
YKL132C,YIR021W,0,-5.9024987,0.09448593109846115,0.9869999885559082,0.945900022983551
YKR027W,YDL104C,0,-5.903422,0.09447688609361649,0.9869999885559082,0.9459999799728394
YER005W,YMR128W,0,-5.906201,0.09446784108877182,0.9869999885559082,0.9460999965667725
YCR047C,YNL245C,0,-5.9069633,0.09445880353450775,0.9869999885559082,0.9462000131607056
YML005W,YDR439W,0,-5.9072266,0.09444975852966309,0.9869999885559082,0.9463000297546387
YNL210W,YGL226W,0,-5.9073563,0.09444072097539902,0.9869999885559082,0.946399986743927
YML107C,YKL042W,0,-5.90821,0.09443169087171555,0.9869999885559082,0.9465000033378601
YPL173W,YNL225C,0,-5.9082336,0.09442265331745148,0.9869999885559082,0.9466000199317932
YCR033W,YKL140W,0,-5.908305,0.094413623213768,0.9869999885559082,0.9466999769210815
YIR026C,YMR127C,0,-5.9091167,0.09440459311008453,0.9869999885559082,0.9467999935150146
YNL306W,YMR094W,0,-5.9093275,0.09439556300640106,0.9869999885559082,0.9469000101089478
YDL165W,YCL069W,0,-5.9094353,0.09438653290271759,0.9869999885559082,0.9470000267028809
YNL272C,YPL254W,0,-5.909631,0.09437751024961472,0.9869999885559082,0.9470999836921692
YNL292W,YPL124W,0,-5.9098244,0.09436848759651184,0.9869999885559082,0.9472000002861023
YGL016W,YGR231C,0,-5.9098988,0.09435946494340897,0.9869999885559082,0.9473000168800354
YLR117C,YGR165W,0,-5.9101267,0.09435044229030609,0.9869999885559082,0.9473999738693237
YML107C,YPR095C,0,-5.9110985,0.09434142708778381,0.9869999885559082,0.9474999904632568
YOR266W,YJL019W,0,-5.911888,0.09433241188526154,0.9869999885559082,0.9476000070571899
YGL116W,YCR067C,0,-5.9119186,0.09432339668273926,0.9869999885559082,0.947700023651123
YHL004W,YPR166C,0,-5.9126205,0.09431438148021698,0.9869999885559082,0.9477999806404114
YFL049W,YLR081W,0,-5.9130898,0.0943053662776947,0.9869999885559082,0.9478999972343445
YPR168W,YKR090W,0,-5.9147787,0.09429635852575302,0.9869999885559082,0.9480000138282776
YKL157W,YOL033W,0,-5.9160013,0.09428735077381134,0.9869999885559082,0.9480999708175659
YLR093C,YOL023W,0,-5.9178877,0.09427834302186966,0.9869999885559082,0.948199987411499
YPL249C-A,YNL049C,0,-5.9192348,0.09426934272050858,0.9869999885559082,0.9483000040054321
YBL063W,YGR120C,0,-5.919942,0.0942603349685669,0.9869999885559082,0.9484000205993652
YHR147C,YIL033C,0,-5.9203005,0.09425133466720581,0.9869999885559082,0.9484999775886536
YDR317W,YDL044C,0,-5.9204235,0.09424233436584473,0.9869999885559082,0.9485999941825867
YOR076C,YPR186C,0,-5.921851,0.09423334151506424,0.9869999885559082,0.9487000107765198
YIL110W,YKL114C,0,-5.9222407,0.09422434121370316,0.9869999885559082,0.9488000273704529
YJR041C,YKL004W,0,-5.92292,0.09421534836292267,0.9869999885559082,0.9488999843597412
YDL085W,YIR021W,0,-5.922984,0.09420635551214218,0.9869999885559082,0.9490000009536743
YLR337C,YBR086C,1,-5.926529,0.09429280459880829,0.9879999756813049,0.9490000009536743
YBR213W,YDR311W,0,-5.926778,0.0942838042974472,0.9879999756813049,0.9491000175476074
YOR003W,YOL023W,0,-5.9271345,0.09427481144666672,0.9879999756813049,0.9491999745368958
YBR152W,YOR233W,0,-5.9278965,0.09426581114530563,0.9879999756813049,0.9492999911308289
YKL092C,YKR089C,0,-5.928621,0.09425681829452515,0.9879999756813049,0.949400007724762
YBR114W,YHR153C,0,-5.928975,0.09424783289432526,0.9879999756813049,0.9495000243186951
YPR164W,YJL121C,0,-5.929304,0.09423884004354477,0.9879999756813049,0.9495999813079834
YBR227C,YGR078C,0,-5.9293118,0.09422985464334488,0.9879999756813049,0.9496999979019165
YCR107W,YIL030C,0,-5.9295692,0.09422086924314499,0.9879999756813049,0.9498000144958496
YNR024W,YHL038C,0,-5.9303417,0.0942118838429451,0.9879999756813049,0.9498999714851379
YJL074C,YGR245C,0,-5.9314013,0.09420289844274521,0.9879999756813049,0.949999988079071
YLR233C,YKL065C,0,-5.932764,0.09419392049312592,0.9879999756813049,0.9501000046730042
YGR133W,YOR211C,0,-5.933879,0.09418493509292603,0.9879999756813049,0.9502000212669373
YBL084C,YNR008W,0,-5.9343204,0.09417595714330673,0.9879999756813049,0.9502999782562256
YPL149W,YBR038W,0,-5.9348836,0.09416698664426804,0.9879999756813049,0.9503999948501587
YJL096W,YDR536W,0,-5.9351254,0.09415800869464874,0.9879999756813049,0.9505000114440918
YOL023W,YDL049C,0,-5.935215,0.09414903819561005,0.9879999756813049,0.9506000280380249
YBR210W,YML041C,0,-5.9354725,0.09414006769657135,0.9879999756813049,0.9506999850273132
YDL087C,YJR097W,0,-5.935685,0.09413109719753265,0.9879999756813049,0.9508000016212463
YPR005C,YOL089C,1,-5.9361362,0.09421739727258682,0.9890000224113464,0.9508000016212463
YBR015C,YBR049C,0,-5.936529,0.09420841932296753,0.9890000224113464,0.9509000182151794
YHR013C,YEL064C,0,-5.9366913,0.09419944882392883,0.9890000224113464,0.9509999752044678
YHR079C-A,YAL058W,0,-5.937434,0.09419047832489014,0.9890000224113464,0.9510999917984009
YOR141C,YCR027C,0,-5.9393497,0.09418150782585144,0.9890000224113464,0.951200008392334
YLL031C,YJL170C,0,-5.9402103,0.09417253732681274,0.9890000224113464,0.9513000249862671
YGL098W,YGR165W,0,-5.9412036,0.09416357427835464,0.9890000224113464,0.9513999819755554
YMR278W,YBR216C,0,-5.9417114,0.09415461122989655,0.9890000224113464,0.9514999985694885
YGL151W,YLR131C,0,-5.941798,0.09414564818143845,0.9890000224113464,0.9516000151634216
YNR012W,YIR034C,0,-5.9422503,0.09413668513298035,0.9890000224113464,0.95169997215271
YNL164C,YIL004C,0,-5.9430656,0.09412772208452225,0.9890000224113464,0.9517999887466431
YPR019W,YAL056W,0,-5.943891,0.09411876648664474,0.9890000224113464,0.9519000053405762
YDR163W,YMR223W,0,-5.945601,0.09410981088876724,0.9890000224113464,0.9520000219345093
YBR161W,YDL079C,0,-5.9462175,0.09410085529088974,0.9890000224113464,0.9520999789237976
YCR107W,YGL251C,0,-5.946294,0.09409190714359283,0.9890000224113464,0.9521999955177307
YOR141C,YNL047C,0,-5.948055,0.09408295154571533,0.9890000224113464,0.9523000121116638
YEL050C,YOR075W,0,-5.9496684,0.09407400339841843,0.9890000224113464,0.9524000287055969
YPL262W,YML095C,0,-5.9499683,0.09406505525112152,0.9890000224113464,0.9524999856948853
YML104C,YNL257C,0,-5.9506145,0.09405610710382462,0.9890000224113464,0.9526000022888184
YDL175C,YPR192W,0,-5.951111,0.0940471664071083,0.9890000224113464,0.9527000188827515
YMR055C,YGR087C,0,-5.951446,0.094038225710392,0.9890000224113464,0.9527999758720398
YIL070C,YGR120C,0,-5.952208,0.09402928501367569,0.9890000224113464,0.9528999924659729
YOR048C,YMR044W,0,-5.9526186,0.09402034431695938,0.9890000224113464,0.953000009059906
YMR199W,YKR009C,0,-5.9533625,0.09401140362024307,0.9890000224113464,0.9531000256538391
YHR019C,YBR091C,0,-5.955456,0.09400247037410736,0.9890000224113464,0.9531999826431274
YOR063W,YIL018W,0,-5.955597,0.09399353712797165,0.9890000224113464,0.9532999992370605
YHR153C,YNL061W,0,-5.9556046,0.09398460388183594,0.9890000224113464,0.9534000158309937
YPR164W,YCR017C,0,-5.957096,0.09397567808628082,0.9890000224113464,0.953499972820282
YAR008W,YLR127C,0,-5.9584208,0.09396674484014511,0.9890000224113464,0.9535999894142151
YDR099W,YGL243W,0,-5.9585414,0.09395781904459,0.9890000224113464,0.9537000060081482
YPR056W,YNL158W,0,-5.959423,0.09394889324903488,0.9890000224113464,0.9538000226020813
YMR177W,YNL292W,0,-5.959622,0.09393996745347977,0.9890000224113464,0.9538999795913696
YLR133W,YDR005C,0,-5.9605417,0.09393104910850525,0.9890000224113464,0.9539999961853027
YGL022W,YEL064C,0,-5.9605923,0.09392213076353073,0.9890000224113464,0.9541000127792358
YDL102W,YMR220W,0,-5.961405,0.09391320496797562,0.9890000224113464,0.954200029373169
YBR299W,YLL009C,0,-5.9623156,0.0939042940735817,0.9890000224113464,0.9542999863624573
YER026C,YOR363C,0,-5.9634247,0.09389537572860718,0.9890000224113464,0.9544000029563904
YHR154W,YGR208W,0,-5.964283,0.09388646483421326,0.9890000224113464,0.9545000195503235
YCL026C-A,YMR017W,0,-5.964758,0.09387755393981934,0.9890000224113464,0.9545999765396118
YBR205W,YHL019C,0,-5.9678564,0.09386864304542542,0.9890000224113464,0.9546999931335449
YDL154W,YJR135C,0,-5.968918,0.0938597321510315,0.9890000224113464,0.954800009727478
YMR127C,YIL099W,0,-5.9700093,0.09385082870721817,0.9890000224113464,0.9549000263214111
YER126C,YLR210W,0,-5.970631,0.09384191781282425,0.9890000224113464,0.9549999833106995
YOR244W,YHR124W,0,-5.970992,0.09383301436901093,0.9890000224113464,0.9550999999046326
YMR198W,YGL238W,0,-5.971266,0.0938241183757782,0.9890000224113464,0.9552000164985657
YOL044W,YOR144C,0,-5.972015,0.09381521493196487,0.9890000224113464,0.955299973487854
YLR385C,YKR034W,0,-5.9722776,0.09380631893873215,0.9890000224113464,0.9553999900817871
YNL053W,YDR198C,0,-5.972438,0.09379742294549942,0.9890000224113464,0.9555000066757202
YER180C,YER109C,0,-5.973012,0.0937885269522667,0.9890000224113464,0.9556000232696533
YKR072C,YER118C,1,-5.9739265,0.09387445449829102,0.9900000095367432,0.9556000232696533
YBR253W,YMR106C,0,-5.974367,0.09386555105447769,0.9900000095367432,0.9556999802589417
YLR222C,YJL072C,0,-5.9747343,0.09385665506124496,0.9900000095367432,0.9557999968528748
YML011C,YMR235C,0,-5.9753942,0.09384775906801224,0.9900000095367432,0.9559000134468079
YKR046C,YCR010C,0,-5.975568,0.09383886307477951,0.9900000095367432,0.9559999704360962
YCR038C,YLR371W,0,-5.977579,0.09382996708154678,0.9900000095367432,0.9560999870300293
YDR013W,YDR463W,0,-5.9777927,0.09382107853889465,0.9900000095367432,0.9562000036239624
YOR210W,YHR149C,0,-5.9779453,0.09381218254566193,0.9900000095367432,0.9563000202178955
YOL089C,YBR086C,1,-5.978354,0.09389805048704147,0.9909999966621399,0.9563000202178955
YGL142C,YJR022W,0,-5.9788456,0.09388915449380875,0.9909999966621399,0.9563999772071838
YLR315W,YOR150W,0,-5.9799223,0.09388025850057602,0.9909999966621399,0.9564999938011169
YFR005C,YOR174W,0,-5.9801407,0.09387136250734329,0.9909999966621399,0.95660001039505
YPL175W,YMR080C,0,-5.9805636,0.09386247396469116,0.9909999966621399,0.9567000269889832
YOR004W,YCR086W,0,-5.982031,0.09385358542203903,0.9909999966621399,0.9567999839782715
YPR009W,YAL019W,0,-5.985566,0.0938446968793869,0.9909999966621399,0.9569000005722046
YLR439W,YGR181W,0,-5.9857264,0.09383580833673477,0.9909999966621399,0.9570000171661377
YER109C,YLR095C,0,-5.9873023,0.09382692724466324,0.9909999966621399,0.957099974155426
YLR337C,YKL129C,1,-5.9873867,0.09391271322965622,0.9919999837875366,0.957099974155426
YNL299W,YPL101W,0,-5.9879,0.09390382468700409,0.9919999837875366,0.9571999907493591
YOL132W,YPR155C,0,-5.99238,0.09389493614435196,0.9919999837875366,0.9573000073432922
YDL030W,YKR037C,0,-5.9929667,0.09388604760169983,0.9919999837875366,0.9574000239372253
YHR160C,YLR045C,0,-5.9938955,0.0938771665096283,0.9919999837875366,0.9574999809265137
YOR026W,YER129W,0,-5.994586,0.09386827796697617,0.9919999837875366,0.9575999975204468
YPR164W,YNL152W,0,-5.995883,0.09385939687490463,0.9919999837875366,0.9577000141143799
YER147C,YNR048W,0,-5.996806,0.0938505232334137,0.9919999837875366,0.9577999711036682
YDR180W,YML095C,0,-5.99683,0.09384164214134216,0.9919999837875366,0.9578999876976013
YGR101W,YOL018C,0,-5.9968843,0.09383276849985123,0.9919999837875366,0.9580000042915344
YLR067C,YPL121C,0,-5.9981527,0.0938238874077797,0.9919999837875366,0.9581000208854675
YER109C,YGL020C,0,-5.999309,0.09381502121686935,0.9919999837875366,0.9581999778747559
YDR406W,YMR023C,0,-6.0009084,0.09380614757537842,0.9919999837875366,0.958299994468689
YOL008W,YML009C,0,-6.0015087,0.09379727393388748,0.9919999837875366,0.9584000110626221
YIL019W,YBR048W,0,-6.0038815,0.09378840774297714,0.9919999837875366,0.9585000276565552
YMR094W,YLR109W,0,-6.004586,0.0937795415520668,0.9919999837875366,0.9585999846458435
YNL306W,YDR003W,0,-6.0059977,0.09377067536115646,0.9919999837875366,0.9587000012397766
YBR086C,YLR319C,1,-6.0077243,0.0938563346862793,0.9929999709129333,0.9587000012397766
YMR094W,YML111W,0,-6.008267,0.09384746104478836,0.9929999709129333,0.9588000178337097
YOR174W,YCR106W,0,-6.009346,0.09383859485387802,0.9929999709129333,0.958899974822998
YNL221C,YER036C,0,-6.009573,0.09382972866296768,0.9929999709129333,0.9589999914169312
YDR376W,YBL063W,0,-6.009789,0.09382086247205734,0.9929999709129333,0.9591000080108643
YNL099C,YJL168C,0,-6.0098605,0.093811996281147,0.9929999709129333,0.9592000246047974
YOR190W,YLR181C,0,-6.01194,0.09380313754081726,0.9929999709129333,0.9592999815940857
YDR308C,YNL021W,0,-6.0125685,0.09379427880048752,0.9929999709129333,0.9593999981880188
YMR257C,YER083C,0,-6.012775,0.09378542006015778,0.9929999709129333,0.9595000147819519
YPL189W,YFL029C,0,-6.017073,0.09377656131982803,0.9929999709129333,0.9595999717712402
YKL032C,YDR011W,0,-6.017187,0.09376770257949829,0.9929999709129333,0.9596999883651733
YOR177C,YPR141C,0,-6.0174856,0.09375885128974915,0.9929999709129333,0.9598000049591064
YDR356W,YLR242C,0,-6.0191,0.09375,0.9929999709129333,0.9599000215530396
YGL065C,YFR028C,0,-6.019402,0.09374114871025085,0.9929999709129333,0.9599999785423279
YLL021W,YDR247W,0,-6.0199046,0.0937323048710823,0.9929999709129333,0.960099995136261
YJL148W,YPL079W,0,-6.020171,0.09372345358133316,0.9929999709129333,0.9602000117301941
YHR036W,YEL021W,0,-6.0209675,0.09371460974216461,0.9929999709129333,0.9603000283241272
YGL240W,YMR287C,0,-6.0212345,0.09370576590299606,0.9929999709129333,0.9603999853134155
YOR122C,YKL129C,1,-6.022297,0.09379128366708755,0.9940000176429749,0.9603999853134155
YLR139C,YMR257C,0,-6.023398,0.09378243237733841,0.9940000176429749,0.9605000019073486
YNL225C,YOR039W,0,-6.0256,0.09377358853816986,0.9940000176429749,0.9606000185012817
YDR446W,YGL250W,0,-6.0262666,0.09376473724842072,0.9940000176429749,0.9606999754905701
YJL074C,YEL051W,0,-6.027894,0.09375589340925217,0.9940000176429749,0.9607999920845032
YPL207W,YDR091C,0,-6.028542,0.09374704957008362,0.9940000176429749,0.9609000086784363
YOR322C,YBR057C,0,-6.0286455,0.09373821318149567,0.9940000176429749,0.9610000252723694
YDR400W,YPR120C,0,-6.0296206,0.09372936934232712,0.9940000176429749,0.9610999822616577
YKL049C,YMR286W,0,-6.031413,0.09372053295373917,0.9940000176429749,0.9611999988555908
YPL193W,YLR210W,0,-6.0351744,0.09371169656515121,0.9940000176429749,0.9613000154495239
YLR256W,YPL157W,0,-6.0365677,0.09370286762714386,0.9940000176429749,0.9613999724388123
YOR266W,YKL017C,0,-6.036899,0.09369403123855591,0.9940000176429749,0.9614999890327454
YMR190C,YDL104C,0,-6.038397,0.09368520230054855,0.9940000176429749,0.9616000056266785
YKL092C,YMR183C,0,-6.0392923,0.0936763733625412,0.9940000176429749,0.9617000222206116
YBR208C,YPL181W,0,-6.0395746,0.09366754442453384,0.9940000176429749,0.9617999792098999
YDR052C,YDL030W,0,-6.0414333,0.09365872293710709,0.9940000176429749,0.961899995803833
YBR152W,YHR110W,0,-6.0423336,0.09364989399909973,0.9940000176429749,0.9620000123977661
YER060W-A,YDL138W,0,-6.043948,0.09364107251167297,0.9940000176429749,0.9621000289916992
YDR165W,YMR055C,0,-6.044992,0.09363225102424622,0.9940000176429749,0.9621999859809875
YIR022W,YNL128W,0,-6.0454974,0.09362343698740005,0.9940000176429749,0.9623000025749207
YOL023W,YLR431C,0,-6.045633,0.0936146154999733,0.9940000176429749,0.9624000191688538
YMR293C,YKL055C,0,-6.045886,0.09360580146312714,0.9940000176429749,0.9624999761581421
YOL076W,YOR039W,0,-6.0460825,0.09359698742628098,0.9940000176429749,0.9625999927520752
YDL135C,YGL048C,0,-6.046254,0.09358817338943481,0.9940000176429749,0.9627000093460083
YOR319W,YOR320C,0,-6.047407,0.09357936680316925,0.9940000176429749,0.9628000259399414
YER044C-A,YDL127W,0,-6.0475464,0.09357055276632309,0.9940000176429749,0.9628999829292297
YOR127W,YIL090W,0,-6.0479975,0.09356174618005753,0.9940000176429749,0.9629999995231628
YER058W,YPR140W,0,-6.0485525,0.09355293959379196,0.9940000176429749,0.963100016117096
YLR368W,YLR433C,0,-6.053026,0.093544140458107,0.9940000176429749,0.9631999731063843
YOL034W,YHR090C,0,-6.0534606,0.09353533387184143,0.9940000176429749,0.9632999897003174
YOR017W,YKR104W,0,-6.0559425,0.09352653473615646,0.9940000176429749,0.9634000062942505
YFL011W,YKR099W,0,-6.055963,0.0935177356004715,0.9940000176429749,0.9635000228881836
YHR105W,YJR159W,0,-6.0579014,0.09350893646478653,0.9940000176429749,0.9635999798774719
YCR054C,YBL084C,0,-6.059139,0.09350014477968216,0.9940000176429749,0.963699996471405
YAR003W,YHR186C,0,-6.0602627,0.09349134564399719,0.9940000176429749,0.9638000130653381
YDR120C,YLR367W,0,-6.0608807,0.09348255395889282,0.9940000176429749,0.9639000296592712
YJL145W,YIL062C,0,-6.061905,0.09347376227378845,0.9940000176429749,0.9639999866485596
YNL118C,YKR029C,0,-6.066019,0.09346497058868408,0.9940000176429749,0.9641000032424927
YOR094W,YJR068W,0,-6.066165,0.09345618635416031,0.9940000176429749,0.9642000198364258
YJR132W,YAL025C,0,-6.067047,0.09344740211963654,0.9940000176429749,0.9642999768257141
YIL126W,YNL318C,0,-6.0673575,0.09343861788511276,0.9940000176429749,0.9643999934196472
YLR448W,YCR053W,0,-6.0690236,0.09342983365058899,0.9940000176429749,0.9645000100135803
YLR451W,YJL092W,0,-6.069935,0.09342104941606522,0.9940000176429749,0.9646000266075134
YBR245C,YNL072W,0,-6.0715213,0.09341227263212204,0.9940000176429749,0.9646999835968018
YOR266W,YOR362C,0,-6.0721436,0.09340349584817886,0.9940000176429749,0.9648000001907349
YGR140W,YJL072C,0,-6.072229,0.09339471906423569,0.9940000176429749,0.964900016784668
YNL188W,YIL131C,0,-6.0725813,0.09338594228029251,0.9940000176429749,0.9649999737739563
YLR363C,YER111C,0,-6.0726557,0.09337717294692993,0.9940000176429749,0.9650999903678894
YML104C,YDL093W,0,-6.0779057,0.09336840361356735,0.9940000176429749,0.9652000069618225
YHR178W,YPL116W,0,-6.079438,0.09335963428020477,0.9940000176429749,0.9653000235557556
YBR084W,YHL033C,0,-6.080163,0.0933508649468422,0.9940000176429749,0.965399980545044
YDL014W,YLR186W,0,-6.083371,0.09334209561347961,0.9940000176429749,0.965499997138977
YDR087C,YBR030W,0,-6.0835667,0.09333333373069763,0.9940000176429749,0.9656000137329102
YBR265W,YLR274W,0,-6.083969,0.09332457184791565,0.9940000176429749,0.9656999707221985
YLR337C,YMR109W,1,-6.084518,0.09340968728065491,0.9950000047683716,0.9656999707221985
YDR165W,YDL042C,0,-6.085696,0.09340091794729233,0.9950000047683716,0.9657999873161316
YDR503C,YMR091C,0,-6.086438,0.09339215606451035,0.9950000047683716,0.9659000039100647
YLR200W,YDL020C,0,-6.0870075,0.09338338673114777,0.9950000047683716,0.9660000205039978
YHR065C,YLR263W,0,-6.087413,0.09337462484836578,0.9950000047683716,0.9660999774932861
YER018C,YKL149C,0,-6.087636,0.0933658629655838,0.9950000047683716,0.9661999940872192
YIR010W,YEL064C,0,-6.088288,0.09335710108280182,0.9950000047683716,0.9663000106811523
YGR006W,YIR009W,0,-6.0896473,0.09334834665060043,0.9950000047683716,0.9664000272750854
YLR212C,YDR303C,0,-6.089976,0.09333958476781845,0.9950000047683716,0.9664999842643738
YDL139C,YDL155W,0,-6.091797,0.09333083033561707,0.9950000047683716,0.9666000008583069
YAR018C,YPL233W,0,-6.0966864,0.09332207590341568,0.9950000047683716,0.96670001745224
YHL038C,YLR360W,0,-6.0971084,0.09331332892179489,0.9950000047683716,0.9667999744415283
YIL148W,YNL132W,0,-6.099001,0.0933045744895935,0.9950000047683716,0.9668999910354614
YOR026W,YJL058C,0,-6.1021433,0.09329582750797272,0.9950000047683716,0.9670000076293945
YPL255W,YPL130W,0,-6.10254,0.09328708052635193,0.9950000047683716,0.9671000242233276
YDR180W,YAL059W,0,-6.1052294,0.09327833354473114,0.9950000047683716,0.967199981212616
YJL098W,YOL095C,0,-6.1067944,0.09326959401369095,0.9950000047683716,0.9672999978065491
YMR017W,YKL087C,0,-6.1074257,0.09326084703207016,0.9950000047683716,0.9674000144004822
YHL013C,YGR059W,0,-6.1089506,0.09325210750102997,0.9950000047683716,0.9674999713897705
YLR052W,YDR439W,0,-6.109996,0.09324336796998978,0.9950000047683716,0.9675999879837036
YAL007C,YKR029C,0,-6.1105375,0.09323463588953018,0.9950000047683716,0.9677000045776367
YJL136C,YJL109C,0,-6.1113777,0.09322589635848999,0.9950000047683716,0.9678000211715698
YER118C,YIL147C,1,-6.116487,0.09331084787845612,0.9959999918937683,0.9678000211715698
YER033C,YIL056W,0,-6.1182394,0.09330210834741592,0.9959999918937683,0.9678999781608582
YBR133C,YDR227W,0,-6.118962,0.09329336881637573,0.9959999918937683,0.9679999947547913
YCR066W,YBR103W,0,-6.1202664,0.09328462928533554,0.9959999918937683,0.9681000113487244
YER065C,YKR097W,0,-6.1203995,0.09327589720487595,0.9959999918937683,0.9682000279426575
YNL244C,YOR234C,0,-6.1207085,0.09326715767383575,0.9959999918937683,0.9682999849319458
YHR079C-A,YGR075C,0,-6.1227202,0.09325842559337616,0.9959999918937683,0.9684000015258789
YMR128W,YFR034C,0,-6.1231356,0.09324969351291656,0.9959999918937683,0.968500018119812
YJL196C,YDR246W,0,-6.125143,0.09324096888303757,0.9959999918937683,0.9685999751091003
YCR066W,YER173W,0,-6.125799,0.09323223680257797,0.9959999918937683,0.9686999917030334
YHR079C-A,YPL227C,0,-6.1281505,0.09322351217269897,0.9959999918937683,0.9688000082969666
YNR048W,YER039C,0,-6.129299,0.09321478754281998,0.9959999918937683,0.9689000248908997
YCL048W,YBL106C,0,-6.132657,0.09320606291294098,0.9959999918937683,0.968999981880188
YKL005C,YGR140W,0,-6.136389,0.09319734573364258,0.9959999918937683,0.9690999984741211
YBR094W,YMR289W,0,-6.137048,0.09318862110376358,0.9959999918937683,0.9692000150680542
YLR131C,YJL062W,0,-6.1389256,0.09317990392446518,0.9959999918937683,0.9692999720573425
YNR043W,YOL138C,0,-6.1402617,0.09317118674516678,0.9959999918937683,0.9693999886512756
YIL050W,YJL051W,0,-6.1425,0.09316246956586838,0.9959999918937683,0.9695000052452087
YOR334W,YDR014W,0,-6.1450367,0.09315375983715057,0.9959999918937683,0.9696000218391418
YPR164W,YDR468C,0,-6.1463614,0.09314505010843277,0.9959999918937683,0.9696999788284302
YDL105W,YML111W,0,-6.147498,0.09313634037971497,0.9959999918937683,0.9697999954223633
YLR442C,YLL052C,0,-6.150234,0.09312763065099716,0.9959999918937683,0.9699000120162964
YOR174W,YJL080C,0,-6.150635,0.09311892092227936,0.9959999918937683,0.9700000286102295
YBR213W,YHR166C,0,-6.151193,0.09311021864414215,0.9959999918937683,0.9700999855995178
YMR098C,YDL165W,0,-6.151697,0.09310151636600494,0.9959999918937683,0.9702000021934509
YGL153W,YER042W,0,-6.1525183,0.09309281408786774,0.9959999918937683,0.970300018787384
YBR044C,YDL103C,0,-6.1526756,0.09308411180973053,0.9959999918937683,0.9703999757766724
YOR359W,YDR528W,0,-6.154366,0.09307541698217392,0.9959999918937683,0.9704999923706055
YCL061C,YPR192W,0,-6.155345,0.09306671470403671,0.9959999918937683,0.9706000089645386
YDR478W,YJL010C,0,-6.1553473,0.0930580198764801,0.9959999918937683,0.9707000255584717
YAR018C,YKR060W,0,-6.1588993,0.09304932504892349,0.9959999918937683,0.97079998254776
YBR133C,YDL069C,0,-6.1592164,0.09304063767194748,0.9959999918937683,0.9708999991416931
YDR437W,YBR188C,0,-6.16136,0.09303194284439087,0.9959999918937683,0.9710000157356262
YHR178W,YOR016C,0,-6.1615376,0.09302325546741486,0.9959999918937683,0.9710999727249146
YOR036W,YDL069C,0,-6.162136,0.09301456809043884,0.9959999918937683,0.9711999893188477
YCR092C,YDR438W,0,-6.166806,0.09300588071346283,0.9959999918937683,0.9713000059127808
YHR079C-A,YHL006C,0,-6.1676645,0.09299720078706741,0.9959999918937683,0.9714000225067139
YDR130C,YML011C,0,-6.168582,0.0929885134100914,0.9959999918937683,0.9714999794960022
YAL032C,YJR099W,0,-6.168898,0.09297983348369598,0.9959999918937683,0.9715999960899353
YHR014W,YLR004C,0,-6.1693954,0.09297115355730057,0.9959999918937683,0.9717000126838684
YDL105W,YHR005C,0,-6.169861,0.09296248108148575,0.9959999918937683,0.9718000292778015
YKL049C,YDL239C,0,-6.170662,0.09295380115509033,0.9959999918937683,0.9718999862670898
YMR175W,YBR014C,1,-6.170815,0.09303844720125198,0.996999979019165,0.9718999862670898
YPR054W,YPL032C,0,-6.171926,0.09302976727485657,0.996999979019165,0.972000002861023
YIR028W,YNL225C,0,-6.1729746,0.09302108734846115,0.996999979019165,0.972100019454956
YMR198W,YMR052W,0,-6.172991,0.09301240742206573,0.996999979019165,0.9721999764442444
YOR035C,YDR437W,0,-6.1764984,0.09300373494625092,0.996999979019165,0.9722999930381775
YPR161C,YOR196C,0,-6.1790857,0.0929950550198555,0.996999979019165,0.9724000096321106
YGR074W,YDL082W,0,-6.179574,0.09298638254404068,0.996999979019165,0.9725000262260437
YNL169C,YDR179C,0,-6.1842995,0.09297771006822586,0.996999979019165,0.972599983215332
YML041C,YJR105W,0,-6.184581,0.09296904504299164,0.996999979019165,0.9726999998092651
YML005W,YLR052W,0,-6.185512,0.09296037256717682,0.996999979019165,0.9728000164031982
YLR086W,YBR135W,0,-6.187815,0.0929517075419426,0.996999979019165,0.9728999733924866
YNL227C,YNL164C,0,-6.1898217,0.09294304251670837,0.996999979019165,0.9729999899864197
YAL047C,YHR152W,0,-6.1900234,0.09293437749147415,0.996999979019165,0.9731000065803528
YLR093C,YPL227C,0,-6.192978,0.09292571246623993,0.996999979019165,0.9732000231742859
YBR008C,YGR165W,0,-6.1938004,0.0929170548915863,0.996999979019165,0.9732999801635742
YCR063W,YPR057W,0,-6.1946955,0.09290839731693268,0.996999979019165,0.9733999967575073
YBL025W,YIR021W,0,-6.1957016,0.09289973974227905,0.996999979019165,0.9735000133514404
YPL237W,YLR068W,0,-6.1960506,0.09289108216762543,0.996999979019165,0.9735999703407288
YDR511W,YOL096C,0,-6.197127,0.0928824320435524,0.996999979019165,0.9736999869346619
YKR060W,YLR154C,0,-6.1985483,0.09287377446889877,0.996999979019165,0.973800003528595
YLR393W,YDL008W,0,-6.1995316,0.09286512434482574,0.996999979019165,0.9739000201225281
YLL052C,YLR360W,0,-6.199904,0.09285647422075272,0.996999979019165,0.9739999771118164
YIL026C,YKL034W,0,-6.2022777,0.09284783154726028,0.996999979019165,0.9740999937057495
YIR022W,YKL089W,0,-6.2028418,0.09283918142318726,0.996999979019165,0.9742000102996826
YML114C,YPL181W,0,-6.2044783,0.09283053874969482,0.996999979019165,0.9743000268936157
YJL058C,YOL007C,0,-6.206604,0.09282189607620239,0.996999979019165,0.974399983882904
YLR274W,YHR103W,0,-6.207222,0.09281325340270996,0.996999979019165,0.9745000004768372
YGL166W,YGL168W,0,-6.2101994,0.09280461817979813,0.996999979019165,0.9746000170707703
YOL089C,YMR109W,1,-6.2116785,0.09288905560970306,0.9980000257492065,0.9746000170707703
YCR092C,YOR172W,0,-6.212529,0.09288041293621063,0.9980000257492065,0.9746999740600586
YGR047C,YNL152W,0,-6.2132807,0.0928717628121376,0.9980000257492065,0.9747999906539917
YGL201C,YJL010C,0,-6.214209,0.09286312758922577,0.9980000257492065,0.9749000072479248
YBR045C,YDR402C,0,-6.215638,0.09285448491573334,0.9980000257492065,0.9750000238418579
YER018C,YGR062C,0,-6.2170315,0.0928458496928215,0.9980000257492065,0.9750999808311462
YPL097W,YHL016C,0,-6.2185116,0.09283720701932907,0.9980000257492065,0.9751999974250793
YDR111C,YOR330C,0,-6.218743,0.09282857179641724,0.9980000257492065,0.9753000140190125
YDL159W,YPR070W,0,-6.2193937,0.092819944024086,0.9980000257492065,0.9753999710083008
YPL081W,YDR500C,0,-6.224866,0.09281130880117416,0.9980000257492065,0.9754999876022339
YGL128C,YHR091C,0,-6.2256517,0.09280268102884293,0.9980000257492065,0.975600004196167
YDR376W,YDR480W,0,-6.2301793,0.09279404580593109,0.9980000257492065,0.9757000207901001
YIL145C,YGL111W,0,-6.231709,0.09278542548418045,0.9980000257492065,0.9757999777793884
YDR163W,YML065W,0,-6.233286,0.09277679771184921,0.9980000257492065,0.9758999943733215
YPL111W,YIL090W,0,-6.233521,0.09276816993951797,0.9980000257492065,0.9760000109672546
YNL250W,YKL197C,0,-6.237282,0.09275954961776733,0.9980000257492065,0.9761000275611877
YIL131C,YBR043C,0,-6.2404413,0.0927509292960167,0.9980000257492065,0.9761999845504761
YHR172W,YNL317W,0,-6.2414865,0.09274230897426605,0.9980000257492065,0.9763000011444092
YCR106W,YLR433C,0,-6.2417364,0.09273369610309601,0.9980000257492065,0.9764000177383423
YGR286C,YDL099W,0,-6.2439985,0.09272507578134537,0.9980000257492065,0.9764999747276306
YLR085C,YLR320W,0,-6.2456374,0.09271646291017532,0.9980000257492065,0.9765999913215637
YDR376W,YLL031C,0,-6.2468266,0.09270785003900528,0.9980000257492065,0.9767000079154968
YPR104C,YLR368W,0,-6.2493553,0.09269923716783524,0.9980000257492065,0.9768000245094299
YDL020C,YLL031C,0,-6.2510195,0.09269063174724579,0.9980000257492065,0.9768999814987183
YHR031C,YIL049W,0,-6.2549877,0.09268201887607574,0.9980000257492065,0.9769999980926514
YPL172C,YBR146W,0,-6.256652,0.0926734134554863,0.9980000257492065,0.9771000146865845
YBL014C,YGL144C,0,-6.2588754,0.09266480803489685,0.9980000257492065,0.9771999716758728
YJL219W,YPL189W,0,-6.2615967,0.092656210064888,0.9980000257492065,0.9772999882698059
YOR253W,YNL038W,0,-6.2618713,0.09264760464429855,0.9980000257492065,0.977400004863739
YDR279W,YPR028W,0,-6.2621183,0.0926390066742897,0.9980000257492065,0.9775000214576721
YML041C,YPL124W,0,-6.266546,0.09263040870428085,0.9980000257492065,0.9775999784469604
YMR060C,YBR103W,0,-6.2669764,0.092621810734272,0.9980000257492065,0.9776999950408936
YJR048W,YGR062C,0,-6.2680445,0.09261321276426315,0.9980000257492065,0.9778000116348267
YPL021W,YBR152W,0,-6.268418,0.0926046222448349,0.9980000257492065,0.9779000282287598
YLR055C,YMR153W,0,-6.272669,0.09259603172540665,0.9980000257492065,0.9779999852180481
YML060W,YIL037C,0,-6.2739744,0.0925874412059784,0.9980000257492065,0.9781000018119812
YDL017W,YOR058C,0,-6.274621,0.09257885068655014,0.9980000257492065,0.9782000184059143
YOR271C,YLR221C,0,-6.2762113,0.09257026016712189,0.9980000257492065,0.9782999753952026
YIL068C,YGL086W,0,-6.2764997,0.09256167709827423,0.9980000257492065,0.9783999919891357
YOL137W,YDR179C,0,-6.2768726,0.09255309402942657,0.9980000257492065,0.9785000085830688
YDL220C,YJR010C-A,0,-6.279218,0.09254451096057892,0.9980000257492065,0.978600025177002
YDR013W,YBL046W,0,-6.281168,0.09253592789173126,0.9980000257492065,0.9786999821662903
YFL011W,YIR004W,0,-6.2811975,0.0925273522734642,0.9980000257492065,0.9787999987602234
YLR011W,YKR090W,0,-6.28793,0.09251876920461655,0.9980000257492065,0.9789000153541565
YCL033C,YDL181W,0,-6.287976,0.09251019358634949,0.9980000257492065,0.9789999723434448
YDR120C,YLR372W,0,-6.289534,0.09250162541866302,0.9980000257492065,0.9790999889373779
YKR099W,YHR167W,0,-6.2898164,0.09249304980039597,0.9980000257492065,0.979200005531311
YNL315C,YDL044C,0,-6.2928658,0.0924844741821289,0.9980000257492065,0.9793000221252441
YAL032C,YDR200C,0,-6.29331,0.09247590601444244,0.9980000257492065,0.9793999791145325
YML043C,YCR092C,0,-6.293442,0.09246733784675598,0.9980000257492065,0.9794999957084656
YHR171W,YDR100W,0,-6.2960052,0.09245876967906952,0.9980000257492065,0.9796000123023987
YOR295W,YDR520C,0,-6.29762,0.09245020896196365,0.9980000257492065,0.9797000288963318
YNL256W,YHR153C,0,-6.3019986,0.09244164824485779,0.9980000257492065,0.9797999858856201
YER030W,YBR033W,0,-6.30408,0.09243308007717133,0.9980000257492065,0.9799000024795532
YOL125W,YJL098W,0,-6.305541,0.09242451936006546,0.9980000257492065,0.9800000190734863
YKL048C,YOL089C,1,-6.3057623,0.09250856190919876,0.9990000128746033,0.9800000190734863
YDR004W,YGL002W,0,-6.305902,0.0925000011920929,0.9990000128746033,0.9800999760627747
YIL004C,YML027W,0,-6.307989,0.09249143302440643,0.9990000128746033,0.9801999926567078
YGL120C,YIL078W,0,-6.3107986,0.09248287230730057,0.9990000128746033,0.9803000092506409
YGR208W,YPL157W,0,-6.310934,0.0924743115901947,0.9990000128746033,0.980400025844574
YFL055W,YLR239C,0,-6.311518,0.09246575087308884,0.9990000128746033,0.9804999828338623
YML111W,YDR191W,0,-6.3158636,0.09245719760656357,0.9990000128746033,0.9805999994277954
YBR104W,YGR158C,0,-6.3175206,0.0924486368894577,0.9990000128746033,0.9807000160217285
YGR091W,YGL033W,0,-6.320244,0.09244008362293243,0.9990000128746033,0.9807999730110168
YMR171C,YJR022W,0,-6.320365,0.09243153035640717,0.9990000128746033,0.98089998960495
YDR471W,YLR002C,0,-6.321704,0.0924229845404625,0.9990000128746033,0.9810000061988831
YOR003W,YBR050C,0,-6.3268394,0.09241443127393723,0.9990000128746033,0.9811000227928162
YPL117C,YJL104W,0,-6.3281393,0.09240588545799255,0.9990000128746033,0.9811999797821045
YOR320C,YPR199C,0,-6.328525,0.09239733964204788,0.9990000128746033,0.9812999963760376
YHL033C,YLR060W,0,-6.3315372,0.09238879382610321,0.9990000128746033,0.9814000129699707
YDL105W,YMR042W,0,-6.334603,0.09238024801015854,0.9990000128746033,0.9815000295639038
YGL016W,YPL155C,0,-6.3349695,0.09237170964479446,0.9990000128746033,0.9815999865531921
YIL026C,YDR004W,0,-6.340659,0.09236316382884979,0.9990000128746033,0.9817000031471252
YGR154C,YDR379W,0,-6.3417177,0.09235462546348572,0.9990000128746033,0.9818000197410583
YBR009C,YNL222W,0,-6.346799,0.09234608709812164,0.9990000128746033,0.9818999767303467
YIR015W,YMR306W,0,-6.35124,0.09233755618333817,0.9990000128746033,0.9819999933242798
YKL099C,YNR027W,0,-6.351412,0.09232901781797409,0.9990000128746033,0.9821000099182129
YPL013C,YBR251W,0,-6.351913,0.09232048690319061,0.9990000128746033,0.982200026512146
YCR071C,YDL044C,0,-6.353053,0.09231195598840714,0.9990000128746033,0.9822999835014343
YMR055C,YOL033W,0,-6.3571525,0.09230342507362366,0.9990000128746033,0.9824000000953674
YAL034W-A,YIL131C,0,-6.3616714,0.09229490160942078,0.9990000128746033,0.9825000166893005
YDR478W,YPR112C,0,-6.3627343,0.0922863706946373,0.9990000128746033,0.9825999736785889
YPR175W,YER164W,0,-6.365597,0.09227784723043442,0.9990000128746033,0.982699990272522
YNL291C,YPL124W,0,-6.3671103,0.09226932376623154,0.9990000128746033,0.9828000068664551
YAL010C,YPL172C,0,-6.3680325,0.09226080775260925,0.9990000128746033,0.9829000234603882
YMR036C,YDR118W,0,-6.368707,0.09225228428840637,0.9990000128746033,0.9829999804496765
YLR382C,YOR363C,0,-6.369139,0.09224376827478409,0.9990000128746033,0.9830999970436096
YNL188W,YGL145W,0,-6.371128,0.0922352522611618,0.9990000128746033,0.9832000136375427
YLR096W,YNL210W,0,-6.37225,0.09222673624753952,0.9990000128746033,0.983299970626831
YBL080C,YBR290W,0,-6.3754325,0.09221822023391724,0.9990000128746033,0.9833999872207642
YOR156C,YGR058W,0,-6.3766646,0.09220971167087555,0.9990000128746033,0.9835000038146973
YGL017W,YJL162C,0,-6.384548,0.09220120310783386,0.9990000128746033,0.9836000204086304
YDR325W,YBR085W,0,-6.3857155,0.09219269454479218,0.9990000128746033,0.9836999773979187
YNL329C,YGR274C,0,-6.3875566,0.09218418598175049,0.9990000128746033,0.9837999939918518
YOL021C,YDL166C,0,-6.3883743,0.0921756774187088,0.9990000128746033,0.9839000105857849
YNR041C,YDL113C,0,-6.392954,0.09216717630624771,0.9990000128746033,0.984000027179718
YER131W,YJL050W,0,-6.393014,0.09215867519378662,0.9990000128746033,0.9840999841690063
YJL047C,YMR163C,0,-6.394236,0.09215017408132553,0.9990000128746033,0.9842000007629395
YDR075W,YDR120C,0,-6.3953266,0.09214167296886444,0.9990000128746033,0.9843000173568726
YPL045W,YFR038W,0,-6.4021926,0.09213317185640335,0.9990000128746033,0.9843999743461609
YPL072W,YIR036C,0,-6.408118,0.09212467819452286,0.9990000128746033,0.984499990940094
YER157W,YNL126W,0,-6.4123335,0.09211618453264236,0.9990000128746033,0.9846000075340271
YMR268C,YDR111C,0,-6.413226,0.09210769087076187,0.9990000128746033,0.9847000241279602
YNL051W,YPL124W,0,-6.4144106,0.09209919720888138,0.9990000128746033,0.9847999811172485
YEL016C,YNL123W,0,-6.4144473,0.09209071099758148,0.9990000128746033,0.9848999977111816
YGR109C,YDL164C,0,-6.414458,0.09208221733570099,0.9990000128746033,0.9850000143051147
YDR121W,YNL119W,0,-6.418148,0.09207373112440109,0.9990000128746033,0.9850999712944031
YHR150W,YPL132W,0,-6.4187384,0.0920652449131012,0.9990000128746033,0.9851999878883362
YJR097W,YPL133C,0,-6.4195757,0.0920567661523819,0.9990000128746033,0.9853000044822693
YBL031W,YLR242C,0,-6.4216776,0.092048279941082,0.9990000128746033,0.9854000210762024
YDR021W,YJL035C,0,-6.424592,0.0920398011803627,0.9990000128746033,0.9854999780654907
YPL018W,YJL056C,0,-6.4272366,0.0920313224196434,0.9990000128746033,0.9855999946594238
YNL256W,YBL024W,0,-6.427418,0.0920228436589241,0.9990000128746033,0.9857000112533569
YNL183C,YOL008W,0,-6.4289055,0.0920143648982048,0.9990000128746033,0.98580002784729
YMR175W,YOL089C,1,-6.4363227,0.09209799021482468,1.0,0.98580002784729
YKR025W,YDR165W,0,-6.438468,0.09208951145410538,1.0,0.9858999848365784
YML011C,YOL003C,0,-6.4413204,0.09208103269338608,1.0,0.9860000014305115
YFL047W,YDL079C,0,-6.4430904,0.09207255393266678,1.0,0.9861000180244446
YMR217W,YKL024C,0,-6.449753,0.09206407517194748,1.0,0.9861999750137329
YML081C-A,YNL081C,0,-6.455865,0.09205560386180878,1.0,0.986299991607666
YOL055C,YEL004W,0,-6.4565306,0.09204712510108948,1.0,0.9864000082015991
YLR222C,YOR095C,0,-6.4570293,0.09203865379095078,1.0,0.9865000247955322
YMR133W,YOR255W,0,-6.4610696,0.09203018248081207,1.0,0.9865999817848206
YLR014C,YGL064C,0,-6.4637337,0.09202171862125397,1.0,0.9866999983787537
YKL221W,YDL210W,0,-6.466646,0.09201324731111526,1.0,0.9868000149726868
YKL092C,YNL245C,0,-6.4684734,0.09200478345155716,1.0,0.9868999719619751
YPR121W,YOR201C,0,-6.4707174,0.09199631959199905,1.0,0.9869999885559082
YJL074C,YOR144C,0,-6.47394,0.09198785573244095,1.0,0.9871000051498413
YNR048W,YIL073C,0,-6.481408,0.09197939932346344,1.0,0.9872000217437744
YBR185C,YNL173C,0,-6.4814396,0.09197093546390533,1.0,0.9872999787330627
YKR090W,YLR004C,0,-6.491268,0.09196247905492783,1.0,0.9873999953269958
YFL011W,YDR179C,0,-6.4913306,0.09195402264595032,1.0,0.987500011920929
YER157W,YIL130W,0,-6.493371,0.09194556623697281,1.0,0.9876000285148621
YHR128W,YHR081W,0,-6.4948463,0.0919371172785759,1.0,0.9876999855041504
YBR244W,YGR002C,0,-6.5000267,0.09192866086959839,1.0,0.9878000020980835
YLR448W,YDR101C,0,-6.500309,0.09192021191120148,1.0,0.9879000186920166
YFL049W,YLR320W,0,-6.5005608,0.09191176295280457,1.0,0.9879999756813049
YLR315W,YDR347W,0,-6.5056105,0.09190331399440765,1.0,0.988099992275238
YDR279W,YDR208W,0,-6.5086217,0.09189487248659134,1.0,0.9882000088691711
YPR061C,YDL008W,0,-6.509533,0.09188643097877502,1.0,0.9883000254631042
YHR190W,YHR105W,0,-6.512311,0.09187798947095871,1.0,0.9883999824523926
YDR156W,YML031W,0,-6.517695,0.0918695479631424,1.0,0.9884999990463257
YGR109C,YEL016C,0,-6.518344,0.09186110645532608,1.0,0.9886000156402588
YMR288W,YDR439W,0,-6.5358047,0.09185266494750977,1.0,0.9886999726295471
YJL010C,YOR091W,0,-6.53794,0.09184423089027405,1.0,0.9887999892234802
YLR210W,YIL130W,0,-6.5391073,0.09183579683303833,1.0,0.9889000058174133
YHR031C,YDR362C,0,-6.5398126,0.09182736277580261,1.0,0.9890000224113464
YGR057C,YBR043C,0,-6.5505495,0.09181893616914749,1.0,0.9890999794006348
YNL148C,YOL007C,0,-6.5651913,0.09181050211191177,1.0,0.9891999959945679
YLL010C,YML034W,0,-6.571286,0.09180207550525665,1.0,0.989300012588501
YPL255W,YAL034W-A,0,-6.5716615,0.09179364889860153,1.0,0.9894000291824341
YER025W,YNL002C,0,-6.5728807,0.09178522229194641,1.0,0.9894999861717224
YLR424W,YJR097W,0,-6.5764766,0.09177679568529129,1.0,0.9896000027656555
YMR277W,YHR149C,0,-6.578598,0.09176837652921677,1.0,0.9897000193595886
YEL026W,YAL059W,0,-6.580088,0.09175995737314224,1.0,0.989799976348877
YBL009W,YNR024W,0,-6.5839353,0.09175153821706772,1.0,0.9898999929428101
YHR036W,YIL130W,0,-6.591152,0.0917431190609932,1.0,0.9900000095367432
YGR103W,YPL212C,0,-6.5946846,0.09173469990491867,1.0,0.9901000261306763
YDR402C,YDL076C,0,-6.59649,0.09172628819942474,1.0,0.9901999831199646
YAR018C,YJL168C,0,-6.597693,0.09171787649393082,1.0,0.9902999997138977
YPL183C,YER036C,0,-6.602888,0.09170946478843689,1.0,0.9904000163078308
YGL016W,YNL123W,0,-6.603039,0.09170105308294296,1.0,0.9904999732971191
YBR004C,YLR393W,0,-6.609706,0.09169264882802963,1.0,0.9905999898910522
YJL069C,YGR158C,0,-6.6126785,0.0916842371225357,1.0,0.9907000064849854
YPR102C,YOR224C,0,-6.618655,0.09167583286762238,1.0,0.9908000230789185
YDR142C,YMR257C,0,-6.6222434,0.09166742861270905,1.0,0.9908999800682068
YJR094W-A,YDR450W,0,-6.6237936,0.09165903180837631,1.0,0.9909999966621399
YKL197C,YJL092W,0,-6.6303053,0.09165062755346298,1.0,0.991100013256073
YJL035C,YDL164C,0,-6.633129,0.09164223074913025,1.0,0.9911999702453613
YNL299W,YGL064C,0,-6.6353216,0.09163383394479752,1.0,0.9912999868392944
YOR316C,YGL116W,0,-6.643599,0.09162543714046478,1.0,0.9914000034332275
YBR091C,YPL157W,0,-6.645747,0.09161704033613205,1.0,0.9915000200271606
YBR166C,YKL089W,0,-6.650244,0.09160865098237991,1.0,0.991599977016449
YDR009W,YPL194W,0,-6.6507134,0.09160025417804718,1.0,0.9916999936103821
YDR345C,YBR085W,0,-6.656032,0.09159186482429504,1.0,0.9918000102043152
YBR228W,YAL011W,0,-6.6702566,0.09158347547054291,1.0,0.9919000267982483
YPR141C,YDR201W,0,-6.680752,0.09157509356737137,1.0,0.9919999837875366
YBR258C,YKL221W,0,-6.6810675,0.09156670421361923,1.0,0.9921000003814697
YBL035C,YDR060W,0,-6.6941986,0.09155832231044769,1.0,0.9922000169754028
YML115C,YNL021W,0,-6.696483,0.09154994040727615,1.0,0.9922999739646912
YJR097W,YNL124W,0,-6.699624,0.09154155850410461,1.0,0.9923999905586243
YDL087C,YPR141C,0,-6.715576,0.09153318405151367,1.0,0.9925000071525574
YER065C,YIL120W,0,-6.722372,0.09152480214834213,1.0,0.9926000237464905
YJR013W,YAL034W-A,0,-6.7344656,0.09151642769575119,1.0,0.9926999807357788
YHR129C,YLR234W,0,-6.7403464,0.09150805324316025,1.0,0.9927999973297119
YML060W,YIL103W,0,-6.745194,0.0914996787905693,1.0,0.992900013923645
YBL024W,YPR046W,0,-6.7498007,0.09149131178855896,1.0,0.9929999709129333
YDL042C,YPL254W,0,-6.75702,0.09148293733596802,1.0,0.9930999875068665
YDR279W,YGR194C,0,-6.75769,0.09147457033395767,1.0,0.9932000041007996
YLR382C,YGR181W,0,-6.7602406,0.09146620333194733,1.0,0.9933000206947327
YHR153C,YHR167W,0,-6.770131,0.09145783632993698,1.0,0.993399977684021
YHR089C,YML125C,0,-6.772692,0.09144947677850723,1.0,0.9934999942779541
YNL169C,YLR210W,0,-6.773181,0.09144110977649689,1.0,0.9936000108718872
YOL021C,YGL201C,0,-6.785226,0.09143275022506714,1.0,0.9937000274658203
YKL092C,YDL135C,0,-6.791156,0.09142439067363739,1.0,0.9937999844551086
YJR097W,YOR116C,0,-6.794594,0.09141603112220764,1.0,0.9939000010490417
YGR104C,YDR179C,0,-6.8069477,0.09140767902135849,1.0,0.9940000176429749
YJL198W,YLR074C,0,-6.8125553,0.09139932692050934,1.0,0.9940999746322632
YBL035C,YOR236W,0,-6.8241453,0.09139096736907959,1.0,0.9941999912261963
YMR287C,YBR152W,0,-6.842755,0.09138262271881104,1.0,0.9943000078201294
YOR017W,YOR211C,0,-6.8475227,0.09137427061796188,1.0,0.9944000244140625
YIL019W,YHR128W,0,-6.8548813,0.09136591851711273,1.0,0.9944999814033508
YLR441C,YNL301C,0,-6.856756,0.09135757386684418,1.0,0.9945999979972839
YCL048W,YPL033C,0,-6.8591475,0.09134922921657562,1.0,0.994700014591217
YJR094W-A,YLR367W,0,-6.8865423,0.09134088456630707,1.0,0.9947999715805054
YJL013C,YDR247W,0,-6.893506,0.09133253991603851,1.0,0.9948999881744385
YDR075W,YPR046W,0,-6.8976393,0.09132420271635056,1.0,0.9950000047683716
YHR152W,YJL062W,0,-6.897721,0.091315858066082,1.0,0.9951000213623047
YLR045C,YDR480W,0,-6.918839,0.09130752086639404,1.0,0.995199978351593
YBL014C,YLR014C,0,-6.9256325,0.09129919111728668,1.0,0.9952999949455261
YBR193C,YMR257C,0,-6.934284,0.09129085391759872,1.0,0.9954000115394592
YHR152W,YLR004C,0,-6.9670005,0.09128251671791077,1.0,0.9955000281333923
YPL269W,YLR212C,0,-6.99078,0.0912741869688034,1.0,0.9955999851226807
YGR245C,YHR062C,0,-6.9912167,0.09126585721969604,1.0,0.9957000017166138
YNL220W,YGL234W,0,-6.997447,0.09125752747058868,1.0,0.9958000183105469
YLR017W,YLR002C,0,-6.997682,0.09124920517206192,1.0,0.9958999752998352
YNL222W,YHR153C,0,-7.0090847,0.09124087542295456,1.0,0.9959999918937683
YHR147C,YLL009C,0,-7.017186,0.0912325531244278,1.0,0.9961000084877014
YDR184C,YNL124W,0,-7.046487,0.09122423082590103,1.0,0.9962000250816345
YLR276C,YHR120W,0,-7.076333,0.09121590852737427,1.0,0.9962999820709229
YBL019W,YNL210W,0,-7.09003,0.0912075862288475,1.0,0.996399998664856
YBR185C,YNL012W,0,-7.109686,0.09119927138090134,1.0,0.9965000152587891
YLR435W,YOR207C,0,-7.1173086,0.09119095653295517,1.0,0.9965999722480774
YML093W,YMR014W,0,-7.1214066,0.091182641685009,1.0,0.9966999888420105
YDL003W,YOR144C,0,-7.126621,0.09117432683706284,1.0,0.9968000054359436
YHR154W,YPR046W,0,-7.1578445,0.09116601198911667,1.0,0.9969000220298767
YPL266W,YDR021W,0,-7.158666,0.0911577045917511,1.0,0.996999979019165
YLR003C,YHR196W,0,-7.1823196,0.09114939719438553,1.0,0.9970999956130981
YBR085W,YDR528W,0,-7.2088833,0.09114108979701996,1.0,0.9972000122070312
YML021C,YPR175W,0,-7.215107,0.09113278239965439,1.0,0.9973000288009644
YPL237W,YDR361C,0,-7.241321,0.09112447500228882,1.0,0.9973999857902527
YPL045W,YDR126W,0,-7.2590475,0.09111617505550385,1.0,0.9975000023841858
YOR167C,YOR234C,0,-7.260195,0.09110787510871887,1.0,0.9976000189781189
YKR097W,YLR377C,0,-7.365624,0.0910995751619339,1.0,0.9976999759674072
YJR002W,YGR083C,0,-7.367256,0.09109127521514893,1.0,0.9977999925613403
YIR026C,YOR252W,0,-7.3809195,0.09108297526836395,1.0,0.9979000091552734
YNL069C,YGL031C,0,-7.397126,0.09107468277215958,1.0,0.9980000257492065
YHR105W,YKL042W,0,-7.4102407,0.0910663902759552,1.0,0.9980999827384949
YLR131C,YOL069W,0,-7.458665,0.09105809777975082,1.0,0.998199999332428
YPL173W,YHR124W,0,-7.4599285,0.09104980528354645,1.0,0.9983000159263611
YOR056C,YEL055C,0,-7.486167,0.09104151278734207,1.0,0.9983999729156494
YGR200C,YOR207C,0,-7.5526304,0.09103322774171829,1.0,0.9984999895095825
YGL171W,YPR169W,0,-7.5966387,0.09102494269609451,1.0,0.9986000061035156
YLR409C,YDR361C,0,-7.6143327,0.09101665765047073,1.0,0.9987000226974487
YPL079W,YHL001W,0,-7.6690016,0.09100837260484695,1.0,0.9987999796867371
YLR196W,YJL033W,0,-7.7302666,0.09100008755922318,1.0,0.9988999962806702
YDR120C,YNR024W,0,-7.763404,0.09099180996417999,1.0,0.9990000128746033
YKL014C,YHR170W,0,-7.787775,0.09098353236913681,1.0,0.9991000294685364
YNL096C,YGL171W,0,-7.8237543,0.09097525477409363,1.0,0.9991999864578247
YPL146C,YLR051C,0,-7.846861,0.09096697717905045,1.0,0.9993000030517578
YER025W,YEL055C,0,-7.877739,0.09095870703458786,1.0,0.9994000196456909
YGL029W,YLR276C,0,-8.005694,0.09095042943954468,1.0,0.9994999766349792
YNL062C,YAL025C,0,-8.13942,0.09094215929508209,1.0,0.9995999932289124
YLR221C,YHR170W,0,-8.48868,0.0909338891506195,1.0,0.9997000098228455
YGL171W,YCL059C,0,-8.647084,0.09092562645673752,1.0,0.9998000264167786
YDR412W,YML093W,0,-8.686425,0.09091735631227493,1.0,0.9998999834060669
YGL189C,YDR382W,0,-8.994774,0.09090909361839294,1.0,1.0
