Gene A,Gene B,Label,Score,Precision,Recall,False Positive Rate
YJR134C,YGR185C,0,,0.0,0.0,9.999999747378752e-05
YPL188W,YMR030W,0,,0.0,0.0,0.00019999999494757503
YMR250W,YHR109W,0,,0.0,0.0,0.0003000000142492354
YGR091W,YDR109C,0,,0.0,0.0,0.00039999998989515007
YLR014C,YCR047C,0,,0.0,0.0,0.0005000000237487257
YFL013C,YOR242C,0,,0.0,0.0,0.0006000000284984708
YOL071W,YPL038W,0,,0.0,0.0,0.000699999975040555
YMR277W,YLR433C,0,,0.0,0.0,0.0007999999797903001
YFL055W,YOL039W,0,,0.0,0.0,0.0008999999845400453
YLR221C,YLR291C,0,,0.0,0.0,0.0010000000474974513
YMR130W,YIL160C,0,,0.0,0.0,0.0010999999940395355
YAL025C,YDR222W,0,,0.0,0.0,0.0012000000569969416
YOR317W,YDR159W,0,,0.0,0.0,0.0013000000035390258
YCR010C,YML014W,0,,0.0,0.0,0.00139999995008111
YPL214C,YPR019W,0,,0.0,0.0,0.001500000013038516
YHR030C,YGL040C,0,,0.0,0.0,0.0015999999595806003
YLL034C,YHR184W,0,,0.0,0.0,0.0017000000225380063
YKL017C,YNL159C,0,,0.0,0.0,0.0017999999690800905
YPR125W,YGR076C,0,,0.0,0.0,0.0019000000320374966
YPL164C,YGL224C,0,,0.0,0.0,0.0020000000949949026
YMR277W,YDR079W,0,,0.0,0.0,0.002099999925121665
YGL033W,YMR004W,0,,0.0,0.0,0.002199999988079071
YJL121C,YMR267W,0,,0.0,0.0,0.002300000051036477
YGL210W-A,YDR104C,0,,0.0,0.0,0.002400000113993883
YIR021W,YGR166W,0,,0.0,0.0,0.0024999999441206455
YDL181W,YGR101W,0,,0.0,0.0,0.0026000000070780516
YGL257C,YKL082C,0,,0.0,0.0,0.0027000000700354576
YNL316C,YMR264W,0,,0.0,0.0,0.00279999990016222
YOL082W,YCR029C-A,0,,0.0,0.0,0.002899999963119626
YKR029C,YDL103C,0,,0.0,0.0,0.003000000026077032
YDL065C,YHL034C,0,,0.0,0.0,0.003100000089034438
YGL039W,YER055C,0,,0.0,0.0,0.0031999999191612005
YPR135W,YBR198C,0,,0.0,0.0,0.0032999999821186066
YMR202W,YJL210W,0,,0.0,0.0,0.0034000000450760126
YMR042W,YIR039C,0,,0.0,0.0,0.0035000001080334187
YNL178W,YML081C-A,0,,0.0,0.0,0.003599999938160181
YNL207W,YDR470C,0,,0.0,0.0,0.003700000001117587
YLR022C,YJL190C,0,,0.0,0.0,0.003800000064074993
YNL067W,YMR164C,0,,0.0,0.0,0.0038999998942017555
YOL026C,YMR281W,0,,0.0,0.0,0.004000000189989805
YHR094C,YJL176C,0,,0.0,0.0,0.004100000020116568
YDR162C,YJL103C,0,,0.0,0.0,0.00419999985024333
YKL137W,YLR330W,0,,0.0,0.0,0.00430000014603138
YER087C-B,YHR168W,0,,0.0,0.0,0.004399999976158142
YLR383W,YGR091W,0,,0.0,0.0,0.0044999998062849045
YMR193W,YPL030W,0,,0.0,0.0,0.004600000102072954
YML056C,YDR353W,0,,0.0,0.0,0.004699999932199717
YOR287C,YOR071C,0,,0.0,0.0,0.004800000227987766
YPL103C,YGR023W,0,,0.0,0.0,0.004900000058114529
YER110C,YMR032W,0,,0.0,0.0,0.004999999888241291
YIR036C,YDR421W,0,,0.0,0.0,0.005100000184029341
YPL118W,YHR184W,0,,0.0,0.0,0.005200000014156103
YGR092W,YBL006C,0,,0.0,0.0,0.0052999998442828655
YHR041C,YLR385C,0,,0.0,0.0,0.005400000140070915
YNL227C,YHL016C,0,,0.0,0.0,0.005499999970197678
YAL020C,YMR290C,0,,0.0,0.0,0.00559999980032444
YFR044C,YPL252C,0,,0.0,0.0,0.00570000009611249
YLR216C,YLR013W,0,,0.0,0.0,0.005799999926239252
YCL060C,YOL086C,0,,0.0,0.0,0.005900000222027302
YDR130C,YLR113W,0,,0.0,0.0,0.006000000052154064
YGR161C-C,YGL086W,0,,0.0,0.0,0.006099999882280827
YGR286C,YGR268C,0,,0.0,0.0,0.006200000178068876
YGR027C,YML115C,0,,0.0,0.0,0.006300000008195639
YLR027C,YKL154W,0,,0.0,0.0,0.006399999838322401
YBR213W,YGL180W,0,,0.0,0.0,0.006500000134110451
YNL212W,YHR143W-A,0,,0.0,0.0,0.006599999964237213
YLR447C,YNL012W,0,,0.0,0.0,0.0066999997943639755
YOR388C,YBR102C,0,,0.0,0.0,0.006800000090152025
YNL026W,YCR060W,0,,0.0,0.0,0.006899999920278788
YNL162W,YCL063W,0,,0.0,0.0,0.007000000216066837
YGL210W-A,YPR056W,0,,0.0,0.0,0.0071000000461936
YPL090C,YMR221C,0,,0.0,0.0,0.007199999876320362
YNL264C,YDL029W,0,,0.0,0.0,0.007300000172108412
YGL048C,YGR159C,0,,0.0,0.0,0.007400000002235174
YFR032C-A,YLL039C,0,,0.0,0.0,0.007499999832361937
YDR253C,YNL070W,0,,0.0,0.0,0.007600000128149986
YLR088W,YPL033C,0,,0.0,0.0,0.007699999958276749
YOL151W,YIL061C,0,,0.0,0.0,0.007799999788403511
YLR264W,YCR052W,0,,0.0,0.0,0.007899999618530273
YLR406C,YNL096C,0,,0.0,0.0,0.00800000037997961
YMR223W,YGR001C,0,,0.0,0.0,0.008100000210106373
YJL080C,YPR061C,0,,0.0,0.0,0.008200000040233135
YKR022C,YNL075W,0,,0.0,0.0,0.008299999870359898
YLR441C,YGR027W-B,0,,0.0,0.0,0.00839999970048666
YDR346C,YFR046C,0,,0.0,0.0,0.008500000461935997
YER087C-A,YNL073W,0,,0.0,0.0,0.00860000029206276
YGL095C,YER126C,0,,0.0,0.0,0.008700000122189522
YOL089C,YGR292W,0,,0.0,0.0,0.008799999952316284
YLR038C,YBL019W,0,,0.0,0.0,0.008899999782443047
YKR066C,YJL041W,0,,0.0,0.0,0.008999999612569809
YKL152C,YPL240C,0,,0.0,0.0,0.009100000374019146
YMR267W,YLR155C,0,,0.0,0.0,0.009200000204145908
YMR078C,YML087C,0,,0.0,0.0,0.00930000003427267
YMR277W,YDL120W,0,,0.0,0.0,0.009399999864399433
YPL231W,YNL229C,0,,0.0,0.0,0.009499999694526196
YMR038C,YGL135W,0,,0.0,0.0,0.009600000455975533
YML071C,YHR011W,0,,0.0,0.0,0.009700000286102295
YGR261C,YLR287C-A,0,,0.0,0.0,0.009800000116229057
YHR176W,YML034W,0,,0.0,0.0,0.00989999994635582
YPR201W,YJL081C,0,,0.0,0.0,0.009999999776482582
YGL190C,YLR160C,0,,0.0,0.0,0.010099999606609344
YDR034C,YMR285C,0,,0.0,0.0,0.010200000368058681
YDL231C,YMR166C,0,,0.0,0.0,0.010300000198185444
YKL146W,YJL149W,0,,0.0,0.0,0.010400000028312206
YGR215W,YML069W,0,,0.0,0.0,0.010499999858438969
YPL163C,YOR142W-B,0,,0.0,0.0,0.010599999688565731
YBR298C,YLR309C,0,,0.0,0.0,0.010700000450015068
YPL081W,YPR065W,0,,0.0,0.0,0.01080000028014183
YCL057C-A,YPL212C,0,,0.0,0.0,0.010900000110268593
YJL082W,YDR210W-B,0,,0.0,0.0,0.010999999940395355
YNR050C,YPL174C,0,,0.0,0.0,0.011099999770522118
YPL274W,YHR214W-G,0,,0.0,0.0,0.01119999960064888
YPL020C,YNR060W,0,,0.0,0.0,0.011300000362098217
YDR346C,YMR006C,0,,0.0,0.0,0.01140000019222498
YDL078C,YBR265W,0,,0.0,0.0,0.011500000022351742
YMR260C,YDR001C,0,,0.0,0.0,0.011599999852478504
YDL130W,YBR282W,0,,0.0,0.0,0.011699999682605267
YER016W,YCL062W,0,,0.0,0.0,0.011800000444054604
YNL069C,YJR092W,0,,0.0,0.0,0.011900000274181366
YFL002C,YOR336W,0,,0.0,0.0,0.012000000104308128
YKL146W,YFR001W,0,,0.0,0.0,0.01209999993443489
YER118C,YDR240C,0,,0.0,0.0,0.012199999764561653
YOL102C,YLR178C,0,,0.0,0.0,0.012299999594688416
YBR289W,YNL220W,0,,0.0,0.0,0.012400000356137753
YKL137W,YJL117W,0,,0.0,0.0,0.012500000186264515
YOR054C,YGL044C,0,,0.0,0.0,0.012600000016391277
YGR092W,YPL057C,0,,0.0,0.0,0.01269999984651804
YPL128C,YLR450W,0,,0.0,0.0,0.012799999676644802
YHR032W,YHR021C,0,,0.0,0.0,0.012900000438094139
YBR120C,YKR097W,0,,0.0,0.0,0.013000000268220901
YPR030W,YER090W,0,,0.0,0.0,0.013100000098347664
YLR329W,YGL210W,0,,0.0,0.0,0.013199999928474426
YKL198C,YMR127C,0,,0.0,0.0,0.013299999758601189
YJR127C,YDR306C,0,,0.0,0.0,0.013399999588727951
YKR068C,YBL067C,0,,0.0,0.0,0.013500000350177288
YBR261C,YFL039C,0,,0.0,0.0,0.01360000018030405
YGL208W,YGR247W,0,,0.0,0.0,0.013700000010430813
YOL067C,YDR177W,0,,0.0,0.0,0.013799999840557575
YKL059C,YLR450W,0,,0.0,0.0,0.013899999670684338
YJR140C,YPR187W,0,,0.0,0.0,0.014000000432133675
YNL300W,YDR342C,0,,0.0,0.0,0.014100000262260437
YLR404W,YPR065W,0,,0.0,0.0,0.0142000000923872
YJL073W,YBR231C,0,,0.0,0.0,0.014299999922513962
YNL107W,YOL082W,0,,0.0,0.0,0.014399999752640724
YMR065W,YPR186C,0,,0.0,0.0,0.014499999582767487
YNL035C,YKL035W,0,,0.0,0.0,0.014600000344216824
YHR083W,YDR476C,0,,0.0,0.0,0.014700000174343586
YLL009C,YBR145W,0,,0.0,0.0,0.014800000004470348
YOR204W,YBR022W,0,,0.0,0.0,0.01489999983459711
YLR134W,YAR010C,0,,0.0,0.0,0.014999999664723873
YPL241C,YGR222W,0,,0.0,0.0,0.01510000042617321
YER103W,YDL168W,0,,0.0,0.0,0.015200000256299973
YGL147C,YDR137W,0,,0.0,0.0,0.015300000086426735
YNL280C,YPR166C,0,,0.0,0.0,0.015399999916553497
YGR239C,YKL139W,0,,0.0,0.0,0.01549999974668026
YMR321C,YGR135W,0,,0.0,0.0,0.015599999576807022
YDR332W,YBR195C,0,,0.0,0.0,0.015699999406933784
YBL079W,YLR144C,0,,0.0,0.0,0.015799999237060547
YMR307W,YHR181W,0,,0.0,0.0,0.01590000092983246
YJL210W,YDR446W,0,,0.0,0.0,0.01600000075995922
YDR011W,YHR166C,0,,0.0,0.0,0.016100000590085983
YIR007W,YMR239C,0,,0.0,0.0,0.016200000420212746
YBR264C,YMR292W,0,,0.0,0.0,0.016300000250339508
YHL018W,YJR094W-A,0,,0.0,0.0,0.01640000008046627
YIL088C,YKL124W,0,,0.0,0.0,0.016499999910593033
YLR362W,YML114C,0,,0.0,0.0,0.016599999740719795
YHR076W,YJL060W,0,,0.0,0.0,0.016699999570846558
YDR141C,YNL336W,0,,0.0,0.0,0.01679999940097332
YDR536W,YDL067C,0,,0.0,0.0,0.016899999231100082
YOR074C,YMR075W,0,,0.0,0.0,0.017000000923871994
YMR210W,YJL187C,0,,0.0,0.0,0.017100000753998756
YJL148W,YIL143C,0,,0.0,0.0,0.01720000058412552
YPL087W,YNL182C,0,,0.0,0.0,0.01730000041425228
YHL013C,YML114C,0,,0.0,0.0,0.017400000244379044
YLR047C,YHR179W,0,,0.0,0.0,0.017500000074505806
YPR200C,YNL135C,0,,0.0,0.0,0.01759999990463257
YDR322W,YKL067W,0,,0.0,0.0,0.01769999973475933
YPR186C,YDL191W,0,,0.0,0.0,0.017799999564886093
YLR399C,YLR431C,0,,0.0,0.0,0.017899999395012856
YKL082C,YOR122C,0,,0.0,0.0,0.017999999225139618
YDR044W,YJR097W,0,,0.0,0.0,0.01810000091791153
YGL079W,YKL015W,0,,0.0,0.0,0.018200000748038292
YDL022W,YNL175C,0,,0.0,0.0,0.018300000578165054
YBL010C,YPL170W,0,,0.0,0.0,0.018400000408291817
YPR112C,YLR097C,0,,0.0,0.0,0.01850000023841858
YJL104W,YIR023W,0,,0.0,0.0,0.01860000006854534
YNL310C,YHR079C-A,0,,0.0,0.0,0.018699999898672104
YLR117C,YER013W,0,,0.0,0.0,0.018799999728798866
YAL047C,YER104W,0,,0.0,0.0,0.01889999955892563
YPL110C,YJL109C,0,,0.0,0.0,0.01899999938905239
YHR115C,YDR134C,0,,0.0,0.0,0.019099999219179153
YEL077C,YML129C,0,,0.0,0.0,0.019200000911951065
YPL055C,YGR251W,0,,0.0,0.0,0.019300000742077827
YJL079C,YBR126C,0,,0.0,0.0,0.01940000057220459
YOR094W,YNL129W,0,,0.0,0.0,0.019500000402331352
YCR057C,YPL031C,0,,0.0,0.0,0.019600000232458115
YLR113W,YBR177C,0,,0.0,0.0,0.019700000062584877
YHR121W,YNL182C,0,,0.0,0.0,0.01979999989271164
YGR179C,YGR264C,0,,0.0,0.0,0.019899999722838402
YGR152C,YOR149C,0,,0.0,0.0,0.019999999552965164
YOR030W,YGL150C,0,,0.0,0.0,0.020099999383091927
YJL129C,YBR172C,0,,0.0,0.0,0.02019999921321869
YCR028C-A,YBL082C,0,,0.0,0.0,0.0203000009059906
YGL220W,YFL045C,0,,0.0,0.0,0.020400000736117363
YLR343W,YDR128W,0,,0.0,0.0,0.020500000566244125
YLR010C,YBR273C,0,,0.0,0.0,0.020600000396370888
YNL236W,YOR327C,0,,0.0,0.0,0.02070000022649765
YBL009W,YGR013W,0,,0.0,0.0,0.020800000056624413
YLR300W,YBR070C,0,,0.0,0.0,0.020899999886751175
YKL126W,YFL054C,0,,0.0,0.0,0.020999999716877937
YKR094C,YMR047C,0,,0.0,0.0,0.0210999995470047
YMR077C,YKL071W,0,,0.0,0.0,0.021199999377131462
YJL065C,YCL052C,0,,0.0,0.0,0.021299999207258224
YDR182W,YGR084C,0,,0.0,0.0,0.021400000900030136
YLR406C,YHR091C,0,,0.0,0.0,0.0215000007301569
YOR182C,YBL058W,0,,0.0,0.0,0.02160000056028366
YJL157C,YOR368W,0,,0.0,0.0,0.021700000390410423
YBR103W,YDR170W-A,0,,0.0,0.0,0.021800000220537186
YJL024C,YBR158W,0,,0.0,0.0,0.021900000050663948
YFR008W,YPL084W,0,,0.0,0.0,0.02199999988079071
YPR122W,YLR110C,0,,0.0,0.0,0.022099999710917473
YDR420W,YBR267W,0,,0.0,0.0,0.022199999541044235
YDR104C,YDL060W,0,,0.0,0.0,0.022299999371170998
YPR029C,YMR241W,0,,0.0,0.0,0.02239999920129776
YBR056W,YAR050W,0,,0.0,0.0,0.02250000089406967
YLR116W,YJL113W,0,,0.0,0.0,0.022600000724196434
YMR049C,YNL154C,0,,0.0,0.0,0.022700000554323196
YNL107W,YOL066C,0,,0.0,0.0,0.02280000038444996
YML058W,YOR226C,0,,0.0,0.0,0.02290000021457672
YCR020C,YMR036C,0,,0.0,0.0,0.023000000044703484
YJL109C,YKL027W,0,,0.0,0.0,0.023099999874830246
YHR119W,YPL188W,0,,0.0,0.0,0.02319999970495701
YFR001W,YIL026C,0,,0.0,0.0,0.02329999953508377
YLR370C,YGR086C,0,,0.0,0.0,0.023399999365210533
YDR058C,YBR200W,0,,0.0,0.0,0.023499999195337296
YCR092C,YBR282W,0,,0.0,0.0,0.023600000888109207
YLR342W,YMR014W,0,,0.0,0.0,0.02370000071823597
YJL221C,YML072C,0,,0.0,0.0,0.023800000548362732
YJL080C,YKL206C,0,,0.0,0.0,0.023900000378489494
YDL194W,YNL067W,0,,0.0,0.0,0.024000000208616257
YDR014W,YNL095C,0,,0.0,0.0,0.02410000003874302
YNL242W,YFR028C,0,,0.0,0.0,0.02419999986886978
YLR172C,YLL028W,0,,0.0,0.0,0.024299999698996544
YPR194C,YOR242C,0,,0.0,0.0,0.024399999529123306
YOL102C,YNL245C,0,,0.0,0.0,0.02449999935925007
YPR029C,YPR070W,0,,0.0,0.0,0.02459999918937683
YHR045W,YBL066C,0,,0.0,0.0,0.024700000882148743
YDL128W,YGR048W,0,,0.0,0.0,0.024800000712275505
YPL155C,YNR032W,0,,0.0,0.0,0.024900000542402267
YCR002C,YPL019C,0,,0.0,0.0,0.02500000037252903
YJL044C,YOR056C,0,,0.0,0.0,0.025100000202655792
YKL222C,YKR071C,0,,0.0,0.0,0.025200000032782555
YCR071C,YDR115W,0,,0.0,0.0,0.025299999862909317
YNL146W,YCL018W,0,,0.0,0.0,0.02539999969303608
YDR228C,YBR088C,0,,0.0,0.0,0.025499999523162842
YDL004W,YHR013C,0,,0.0,0.0,0.025599999353289604
YKL206C,YLL008W,0,,0.0,0.0,0.025699999183416367
YER138C,YDR414C,0,,0.0,0.0,0.025800000876188278
YMR087W,YBR245C,0,,0.0,0.0,0.02590000070631504
YNR075W,YHR203C,0,,0.0,0.0,0.026000000536441803
YMR282C,YER073W,0,,0.0,0.0,0.026100000366568565
YGR156W,YBR042C,0,,0.0,0.0,0.026200000196695328
YAL047C,YBR239C,0,,0.0,0.0,0.02630000002682209
YOR371C,YDR522C,0,,0.0,0.0,0.026399999856948853
YIR021W,YOR326W,0,,0.0,0.0,0.026499999687075615
YNL223W,YMR312W,0,,0.0,0.0,0.026599999517202377
YMR223W,YDR055W,0,,0.0,0.0,0.02669999934732914
YLR265C,YLR100W,0,,0.0,0.0,0.026799999177455902
YPL119C,YOR323C,0,,0.0,0.0,0.026900000870227814
YNL117W,YOR153W,0,,0.0,0.0,0.027000000700354576
YNR050C,YLL038C,0,,0.0,0.0,0.02710000053048134
YGL145W,YJL072C,0,,0.0,0.0,0.0272000003606081
YAL023C,YGR124W,0,,0.0,0.0,0.027300000190734863
YOR180C,YLR238W,0,,0.0,0.0,0.027400000020861626
YJR082C,YOR138C,0,,0.0,0.0,0.027499999850988388
YMR099C,YNR049C,0,,0.0,0.0,0.02759999968111515
YLR425W,YBR228W,0,,0.0,0.0,0.027699999511241913
YLR158C,YML110C,0,,0.0,0.0,0.027799999341368675
YBL092W,YKL046C,0,,0.0,0.0,0.027899999171495438
YJR078W,YGR175C,0,,0.0,0.0,0.02800000086426735
YNL107W,YHR067W,0,,0.0,0.0,0.02810000069439411
YNR075W,YLR440C,0,,0.0,0.0,0.028200000524520874
YOR010C,YDR538W,0,,0.0,0.0,0.028300000354647636
YAL029C,YGR189C,0,,0.0,0.0,0.0284000001847744
YDR047W,YNL219C,0,,0.0,0.0,0.02850000001490116
YPL196W,YML093W,0,,0.0,0.0,0.028599999845027924
YBR167C,YER137C-A,0,,0.0,0.0,0.028699999675154686
YCR030C,YBR159W,0,,0.0,0.0,0.02879999950528145
YPR082C,YNL169C,0,,0.0,0.0,0.02889999933540821
YLR228C,YIL066C,0,,0.0,0.0,0.028999999165534973
YLR425W,YLR394W,0,,0.0,0.0,0.029100000858306885
YLL027W,YLR157C,0,,0.0,0.0,0.029200000688433647
YDL005C,YFL031W,0,,0.0,0.0,0.02930000051856041
YIL072W,YKL172W,0,,0.0,0.0,0.029400000348687172
YPL015C,YEL061C,0,,0.0,0.0,0.029500000178813934
YJR005W,YMR180C,0,,0.0,0.0,0.029600000008940697
YDR270W,YPL211W,0,,0.0,0.0,0.02969999983906746
YFL062W,YOL053C-A,0,,0.0,0.0,0.02979999966919422
YLR033W,YBR204C,0,,0.0,0.0,0.029899999499320984
YEL029C,YAR066W,0,,0.0,0.0,0.029999999329447746
YLR028C,YDR452W,0,,0.0,0.0,0.03009999915957451
YLR134W,YLR097C,0,,0.0,0.0,0.03020000085234642
YJL005W,YAL003W,0,,0.0,0.0,0.030300000682473183
YDL045W-A,YML063W,0,,0.0,0.0,0.030400000512599945
YGL157W,YNL329C,0,,0.0,0.0,0.030500000342726707
YPL258C,YLR446W,0,,0.0,0.0,0.03060000017285347
YBR123C,YGL153W,0,,0.0,0.0,0.030700000002980232
YML091C,YHR091C,0,,0.0,0.0,0.030799999833106995
YOR180C,YHR012W,0,,0.0,0.0,0.030899999663233757
YGL163C,YOR188W,0,,0.0,0.0,0.03099999949336052
YOL080C,YCR066W,0,,0.0,0.0,0.031099999323487282
YLR147C,YGR109W-B,0,,0.0,0.0,0.031199999153614044
YDR210W-B,YKL035W,0,,0.0,0.0,0.031300000846385956
YFL048C,YPR151C,0,,0.0,0.0,0.03139999881386757
YKL011C,YHR023W,0,,0.0,0.0,0.03150000050663948
YLR016C,YNL136W,0,,0.0,0.0,0.031599998474121094
YNL261W,YNL047C,0,,0.0,0.0,0.031700000166893005
YNL138W,YOR232W,0,,0.0,0.0,0.03180000185966492
YDR170C,YPR190C,0,,0.0,0.0,0.03189999982714653
YHR099W,YDR155C,0,,0.0,0.0,0.03200000151991844
YGR023W,YOR304C-A,0,,0.0,0.0,0.032099999487400055
YLR298C,YHR184W,0,,0.0,0.0,0.03220000118017197
YOR393W,YPL123C,0,,0.0,0.0,0.03229999914765358
YML060W,YOR151C,0,,0.0,0.0,0.03240000084042549
YKL061W,YNR063W,0,,0.0,0.0,0.032499998807907104
YFL002W-A,YOR270C,0,,0.0,0.0,0.032600000500679016
YJR016C,YPL085W,0,,0.0,0.0,0.03269999846816063
YDR162C,YDR229W,0,,0.0,0.0,0.03280000016093254
YOR373W,YDL207W,0,,0.0,0.0,0.03290000185370445
YMR266W,YOR231W,0,,0.0,0.0,0.032999999821186066
YLR325C,YKL022C,0,,0.0,0.0,0.03310000151395798
YKR035W-A,YJL136C,0,,0.0,0.0,0.03319999948143959
YKR013W,YOL030W,0,,0.0,0.0,0.0333000011742115
YBL085W,YHR214C-B,0,,0.0,0.0,0.033399999141693115
YMR202W,YKL124W,0,,0.0,0.0,0.03350000083446503
YLL062C,YHL020C,0,,0.0,0.0,0.03359999880194664
YCR072C,YOL018C,0,,0.0,0.0,0.03370000049471855
YCL052C,YKL178C,0,,0.0,0.0,0.033799998462200165
YJR093C,YPL024W,0,,0.0,0.0,0.033900000154972076
YEL042W,YIL023C,0,,0.0,0.0,0.03400000184774399
YDR389W,YNL242W,0,,0.0,0.0,0.0340999998152256
YDL194W,YER113C,0,,0.0,0.0,0.03420000150799751
YBL016W,YKR097W,0,,0.0,0.0,0.034299999475479126
YKL211C,YLL027W,0,,0.0,0.0,0.03440000116825104
YOR180C,YPL042C,0,,0.0,0.0,0.03449999913573265
YKL210W,YDL015C,0,,0.0,0.0,0.03460000082850456
YJL145W,YDR414C,0,,0.0,0.0,0.034699998795986176
YCL057C-A,YBR156C,0,,0.0,0.0,0.03480000048875809
YER103W,YNL335W,0,,0.0,0.0,0.0348999984562397
YLR291C,YJR077C,0,,0.0,0.0,0.03500000014901161
YJL221C,YLR210W,0,,0.0,0.0,0.035100001841783524
YHR074W,YDL179W,0,,0.0,0.0,0.03519999980926514
YJR019C,YGR221C,0,,0.0,0.0,0.03530000150203705
YIL136W,YER157W,0,,0.0,0.0,0.03539999946951866
YHL001W,YNR061C,0,,0.0,0.0,0.03550000116229057
YPR122W,YPL012W,0,,0.0,0.0,0.035599999129772186
YBL093C,YKL042W,0,,0.0,0.0,0.0357000008225441
YGR008C,YNL244C,0,,0.0,0.0,0.03579999879002571
YFL047W,YKL094W,0,,0.0,0.0,0.03590000048279762
YJL151C,YNL300W,0,,0.0,0.0,0.035999998450279236
YLR306W,YDR478W,0,,0.0,0.0,0.03610000014305115
YDR167W,YDR520C,0,,0.0,0.0,0.03620000183582306
YLR095C,YOR347C,0,,0.0,0.0,0.03629999980330467
YPL030W,YGL054C,0,,0.0,0.0,0.036400001496076584
YKL130C,YIL125W,0,,0.0,0.0,0.0364999994635582
YDL205C,YAL061W,0,,0.0,0.0,0.03660000115633011
YIL084C,YHR171W,0,,0.0,0.0,0.03669999912381172
YLR325C,YLR095C,0,,0.0,0.0,0.03680000081658363
YGR029W,YLR388W,0,,0.0,0.0,0.03689999878406525
YGL163C,YER162C,0,,0.0,0.0,0.03700000047683716
YPL180W,YDR247W,0,,0.0,0.0,0.03709999844431877
YNL217W,YBR039W,0,,0.0,0.0,0.03720000013709068
YML097C,YDR479C,0,,0.0,0.0,0.037300001829862595
YPL020C,YJR051W,0,,0.0,0.0,0.03739999979734421
YMR238W,YDR104C,0,,0.0,0.0,0.03750000149011612
YKR102W,YJL133W,0,,0.0,0.0,0.03759999945759773
YHR153C,YHR041C,0,,0.0,0.0,0.037700001150369644
YCR069W,YPL042C,0,,0.0,0.0,0.03779999911785126
YDR531W,YKR006C,0,,0.0,0.0,0.03790000081062317
YMR049C,YOR155C,0,,0.0,0.0,0.03799999877810478
YMR042W,YDR050C,0,,0.0,0.0,0.038100000470876694
YER131W,YOL092W,0,,0.0,0.0,0.03819999843835831
YMR166C,YLL055W,0,,0.0,0.0,0.03830000013113022
YIL121W,YJR092W,0,,0.0,0.0,0.03840000182390213
YMR114C,YCR047C,0,,0.0,0.0,0.03849999979138374
YOR178C,YDR307W,0,,0.0,0.0,0.038600001484155655
YIR035C,YHL004W,0,,0.0,0.0,0.03869999945163727
YCR010C,YGR086C,0,,0.0,0.0,0.03880000114440918
YFL011W-A,YDL006W,0,,0.0,0.0,0.03889999911189079
YIL168W,YCR066W,0,,0.0,0.0,0.039000000804662704
YDR400W,YBR234C,0,,0.0,0.0,0.03909999877214432
YNL306W,YJL154C,0,,0.0,0.0,0.03920000046491623
YLR356W,YLR431C,0,,0.0,0.0,0.03929999843239784
YKL092C,YNR007C,0,,0.0,0.0,0.039400000125169754
YKR092C,YEL030W,0,,0.0,0.0,0.039500001817941666
YHR167W,YDR351W,0,,0.0,0.0,0.03959999978542328
YLR447C,YLR424W,0,,0.0,0.0,0.03970000147819519
YLR028C,YJL104W,0,,0.0,0.0,0.039799999445676804
YPL068C,YLR355C,0,,0.0,0.0,0.039900001138448715
YNR056C,YOR228C,0,,0.0,0.0,0.03999999910593033
YJL160C,YBL055C,0,,0.0,0.0,0.04010000079870224
YGR220C,YHR188C,0,,0.0,0.0,0.04019999876618385
YJR134C,YNL160W,0,,0.0,0.0,0.040300000458955765
YFL002C,YNL273W,0,,0.0,0.0,0.04039999842643738
YMR216C,YIL171W,0,,0.0,0.0,0.04050000011920929
YLR013W,YBL045C,0,,0.0,0.0,0.0406000018119812
YGL128C,YML025C,0,,0.0,0.0,0.040699999779462814
YGL033W,YLR319C,0,,0.0,0.0,0.040800001472234726
YCL050C,YJR010C-A,0,,0.0,0.0,0.04089999943971634
YPR200C,YPL231W,0,,0.0,0.0,0.04100000113248825
YKL017C,YIL034C,0,,0.0,0.0,0.041099999099969864
YML113W,YFL044C,0,,0.0,0.0,0.041200000792741776
YPR122W,YMR208W,0,,0.0,0.0,0.04129999876022339
YMR168C,YGL047W,0,,0.0,0.0,0.0414000004529953
YHR079C,YPL186C,0,,0.0,0.0,0.04149999842047691
YDR103W,YGR284C,0,,0.0,0.0,0.041600000113248825
YHR175W,YGL158W,0,,0.0,0.0,0.04170000180602074
YDR497C,YNL044W,0,,0.0,0.0,0.04179999977350235
YKR080W,YEL060C,0,,0.0,0.0,0.04190000146627426
YIL126W,YDR170C,0,,0.0,0.0,0.041999999433755875
YDR531W,YBR133C,0,,0.0,0.0,0.042100001126527786
YKL117W,YJL203W,0,,0.0,0.0,0.0421999990940094
YNR075W,YHR041C,0,,0.0,0.0,0.04230000078678131
YLR342W,YLR166C,0,,0.0,0.0,0.042399998754262924
YLR447C,YHR124W,0,,0.0,0.0,0.042500000447034836
YCL060C,YGR262C,0,,0.0,0.0,0.04259999841451645
YLR186W,YBL112C,0,,0.0,0.0,0.04270000010728836
YNR039C,YOR344C,0,,0.0,0.0,0.04280000180006027
YER131W,YLR240W,0,,0.0,0.0,0.042899999767541885
YOR175C,YNL227C,0,,0.0,0.0,0.0430000014603138
YLR390W,YGR047C,0,,0.0,0.0,0.04309999942779541
YER147C,YMR143W,0,,0.0,0.0,0.04320000112056732
YDR242W,YMR011W,0,,0.0,0.0,0.043299999088048935
YLL034C,YPR096C,0,,0.0,0.0,0.04340000078082085
YER173W,YOL034W,0,,0.0,0.0,0.04349999874830246
YHR211W,YOR382W,0,,0.0,0.0,0.04360000044107437
YKL085W,YBR221C,0,,0.0,0.0,0.043699998408555984
YOL045W,YHR007C,0,,0.0,0.0,0.043800000101327896
YNL252C,YHR166C,0,,0.0,0.0,0.04390000179409981
YGL179C,YER089C,0,,0.0,0.0,0.04399999976158142
YJL106W,YOR187W,0,,0.0,0.0,0.04410000145435333
YOR133W,YMR163C,0,,0.0,0.0,0.044199999421834946
YDL115C,YMR298W,0,,0.0,0.0,0.04430000111460686
YML114C,YLR233C,0,,0.0,0.0,0.04439999908208847
YGL157W,YBR298C,0,,0.0,0.0,0.04450000077486038
YCR030C,YPR167C,0,,0.0,0.0,0.044599998742341995
YBL005W-B,YPL186C,0,,0.0,0.0,0.04470000043511391
YPL087W,YDL092W,0,,0.0,0.0,0.04479999840259552
YOL157C,YBR035C,0,,0.0,0.0,0.04490000009536743
YBR243C,YLL029W,0,,0.0,0.0,0.04500000178813934
YLR187W,YKL205W,0,,0.0,0.0,0.045099999755620956
YMR314W,YKR060W,0,,0.0,0.0,0.04520000144839287
YGR014W,YLR376C,0,,0.0,0.0,0.04529999941587448
YIR013C,YDR315C,0,,0.0,0.0,0.04540000110864639
YPR137C-B,YML022W,0,,0.0,0.0,0.045499999076128006
YLR172C,YPL211W,0,,0.0,0.0,0.04560000076889992
YLR153C,YHR017W,0,,0.0,0.0,0.04569999873638153
YLR174W,YJL097W,0,,0.0,0.0,0.04580000042915344
YBR009C,YNL189W,0,,0.0,0.0,0.045899998396635056
YDL127W,YGL225W,0,,0.0,0.0,0.04600000008940697
YMR106C,YHR044C,0,,0.0,0.0,0.04610000178217888
YDR033W,YKL078W,0,,0.0,0.0,0.04619999974966049
YDL194W,YKL193C,0,,0.0,0.0,0.046300001442432404
YGL099W,YHR188C,0,,0.0,0.0,0.04639999940991402
YBR298C,YGR052W,0,,0.0,0.0,0.04650000110268593
YNL163C,YBL078C,0,,0.0,0.0,0.04659999907016754
YMR038C,YOL049W,0,,0.0,0.0,0.04670000076293945
YJR161C,YLR155C,0,,0.0,0.0,0.046799998730421066
YPL151C,YLR314C,0,,0.0,0.0,0.04690000042319298
YPR191W,YLL004W,0,,0.0,0.0,0.04699999839067459
YGR277C,YJL104W,0,,0.0,0.0,0.0471000000834465
YGR289C,YOR290C,0,,0.0,0.0,0.047200001776218414
YOR085W,YGR198W,0,,0.0,0.0,0.04729999974370003
YJL011C,YLR016C,0,,0.0,0.0,0.04740000143647194
YOR209C,YML027W,0,,0.0,0.0,0.04749999940395355
YLR079W,YMR004W,0,,0.0,0.0,0.047600001096725464
YGR001C,YKL175W,0,,0.0,0.0,0.04769999906420708
YDR153C,YOL146W,0,,0.0,0.0,0.04780000075697899
YBR097W,YNR044W,0,,0.0,0.0,0.0478999987244606
YIL111W,YJL204C,0,,0.0,0.0,0.04800000041723251
YJL219W,YGR222W,0,,0.0,0.0,0.04809999838471413
YPL211W,YNL244C,0,,0.0,0.0,0.04820000007748604
YGR163W,YOR307C,0,,0.0,0.0,0.04830000177025795
YOL054W,YKL161C,0,,0.0,0.0,0.04839999973773956
YPL208W,YDL129W,0,,0.0,0.0,0.048500001430511475
YDR079W,YBR216C,0,,0.0,0.0,0.04859999939799309
YOR338W,YMR309C,0,,0.0,0.0,0.048700001090765
YAL044C,YGR013W,0,,0.0,0.0,0.04879999905824661
YMR032W,YOL128C,0,,0.0,0.0,0.048900000751018524
YJR112W,YNL335W,0,,0.0,0.0,0.04899999871850014
YBL079W,YDL030W,0,,0.0,0.0,0.04910000041127205
YGR013W,YBL093C,0,,0.0,0.0,0.04919999837875366
YHL009C,YBR207W,0,,0.0,0.0,0.049300000071525574
YMR273C,YLR410W-B,0,,0.0,0.0,0.049400001764297485
YDL114W,YLR005W,0,,0.0,0.0,0.0494999997317791
YPR035W,YGR152C,0,,0.0,0.0,0.04960000142455101
YNL248C,YGL155W,0,,0.0,0.0,0.04969999939203262
YBR077C,YPL192C,0,,0.0,0.0,0.049800001084804535
YBR187W,YCR029C-A,0,,0.0,0.0,0.04989999905228615
YAL034W-A,YER138C,0,,0.0,0.0,0.05000000074505806
YJL219W,YLR070C,0,,0.0,0.0,0.05009999871253967
YGL181W,YFR008W,0,,0.0,0.0,0.050200000405311584
YOR377W,YJR159W,0,,0.0,0.0,0.0502999983727932
YLR003C,YMR116C,0,,0.0,0.0,0.05040000006556511
YHR083W,YMR203W,0,,0.0,0.0,0.05050000175833702
YDR027C,YJL002C,0,,0.0,0.0,0.050599999725818634
YDR034C,YFL035C,0,,0.0,0.0,0.050700001418590546
YAL031C,YOR198C,0,,0.0,0.0,0.05079999938607216
YIR012W,YIL157C,0,,0.0,0.0,0.05090000107884407
YJL121C,YKR044W,0,,0.0,0.0,0.050999999046325684
YLR368W,YIL095W,0,,0.0,0.0,0.051100000739097595
YDR084C,YEL038W,0,,0.0,0.0,0.05119999870657921
YCR026C,YDR533C,0,,0.0,0.0,0.05130000039935112
YHR176W,YDL179W,0,,0.0,0.0,0.05139999836683273
YMR302C,YPR028W,0,,0.0,0.0,0.051500000059604645
YAL041W,YAL029C,0,,0.0,0.0,0.051600001752376556
YNL035C,YLR117C,0,,0.0,0.0,0.05169999971985817
YLR188W,YOL030W,0,,0.0,0.0,0.05180000141263008
YPR165W,YGR075C,0,,0.0,0.0,0.051899999380111694
YDR461W,YCL063W,0,,0.0,0.0,0.052000001072883606
YKL120W,YDR484W,0,,0.0,0.0,0.05209999904036522
YDL069C,YDL225W,0,,0.0,0.0,0.05220000073313713
YKL018W,YMR023C,0,,0.0,0.0,0.052299998700618744
YGR246C,YMR016C,0,,0.0,0.0,0.052400000393390656
YLR222C,YOR187W,0,,0.0,0.0,0.05249999836087227
YER173W,YGL236C,0,,0.0,0.0,0.05260000005364418
YFL031W,YLR025W,0,,0.0,0.0,0.05270000174641609
YAL058W,YPR133W-A,0,,0.0,0.0,0.052799999713897705
YMR037C,YHR044C,0,,0.0,0.0,0.05290000140666962
YER087W,YHR047C,0,,0.0,0.0,0.05299999937415123
YML008C,YDR496C,0,,0.0,0.0,0.05310000106692314
YOL136C,YDR298C,0,,0.0,0.0,0.053199999034404755
YLR197W,YPR178W,0,,0.0,0.0,0.053300000727176666
YOR126C,YGL207W,0,,0.0,0.0,0.05339999869465828
YHL009C,YKL086W,0,,0.0,0.0,0.05350000038743019
YDR113C,YPL002C,0,,0.0,0.0,0.053599998354911804
YJR104C,YKL164C,0,,0.0,0.0,0.053700000047683716
YEL009C,YGR263C,0,,0.0,0.0,0.05380000174045563
YNL308C,YDR496C,0,,0.0,0.0,0.05389999970793724
YNL049C,YCR067C,0,,0.0,0.0,0.05400000140070915
YPR011C,YJL066C,0,,0.0,0.0,0.054099999368190765
YDL115C,YGR112W,0,,0.0,0.0,0.05420000106096268
YLR410W-A,YMR150C,0,,0.0,0.0,0.05429999902844429
YCR026C,YLL012W,0,,0.0,0.0,0.0544000007212162
YDR030C,YLR172C,0,,0.0,0.0,0.054499998688697815
YNL217W,YCR096C,0,,0.0,0.0,0.05460000038146973
YIL051C,YML014W,0,,0.0,0.0,0.05469999834895134
YER098W,YFR033C,0,,0.0,0.0,0.05480000004172325
YCL020W,YIL111W,0,,0.0,0.0,0.05490000173449516
YBR006W,YNR003C,0,,0.0,0.0,0.054999999701976776
YDR403W,YCL034W,0,,0.0,0.0,0.05510000139474869
YER147C,YNL300W,0,,0.0,0.0,0.0551999993622303
YEL043W,YDR131C,0,,0.0,0.0,0.05530000105500221
YBR024W,YBL064C,0,,0.0,0.0,0.055399999022483826
YOR322C,YIL159W,0,,0.0,0.0,0.05550000071525574
YDR444W,YPR185W,0,,0.0,0.0,0.05559999868273735
YGR238C,YJR066W,0,,0.0,0.0,0.05570000037550926
YIL034C,YNL265C,0,,0.0,0.0,0.055799998342990875
YDR170C,YDR419W,0,,0.0,0.0,0.05590000003576279
YER029C,YCL063W,0,,0.0,0.0,0.0560000017285347
YBR024W,YOL128C,0,,0.0,0.0,0.05609999969601631
YNR051C,YDR383C,0,,0.0,0.0,0.05620000138878822
YNR028W,YBR150C,0,,0.0,0.0,0.056299999356269836
YOR159C,YNR032W,0,,0.0,0.0,0.05640000104904175
YER160C,YLR015W,0,,0.0,0.0,0.05649999901652336
YDR036C,YLL004W,0,,0.0,0.0,0.05660000070929527
YDL129W,YDR520C,0,,0.0,0.0,0.056699998676776886
YKL152C,YLL051C,0,,0.0,0.0,0.0568000003695488
YPR186C,YAL044C,0,,0.0,0.0,0.05689999833703041
YNL044W,YGR229C,0,,0.0,0.0,0.05700000002980232
YDL025C,YDR414C,0,,0.0,0.0,0.057100001722574234
YNL084C,YJR083C,0,,0.0,0.0,0.05719999969005585
YLR147C,YOR089C,0,,0.0,0.0,0.05730000138282776
YCL025C,YBR161W,0,,0.0,0.0,0.05739999935030937
YNL220W,YDR330W,0,,0.0,0.0,0.057500001043081284
YLR182W,YER138C,0,,0.0,0.0,0.0575999990105629
YHR004C,YER115C,0,,0.0,0.0,0.05770000070333481
YKL109W,YLL051C,0,,0.0,0.0,0.05779999867081642
YHR186C,YPR036W,0,,0.0,0.0,0.05790000036358833
YOR323C,YLR138W,0,,0.0,0.0,0.057999998331069946
YMR043W,YDR376W,0,,0.0,0.0,0.05810000002384186
YKR094C,YGR177C,0,,0.0,0.0,0.05820000171661377
YLR316C,YMR022W,0,,0.0,0.0,0.05829999968409538
YOR344C,YOR044W,0,,0.0,0.0,0.058400001376867294
YJR063W,YPL256C,0,,0.0,0.0,0.05849999934434891
YGL224C,YBL024W,0,,0.0,0.0,0.05860000103712082
YLR222C,YMR135C,0,,0.0,0.0,0.05869999900460243
YML088W,YLL011W,0,,0.0,0.0,0.058800000697374344
YOR396W,YGL225W,0,,0.0,0.0,0.05889999866485596
YOR293W,YMR229C,0,,0.0,0.0,0.05900000035762787
YJL100W,YBR222C,0,,0.0,0.0,0.05909999832510948
YFL024C,YKL100C,0,,0.0,0.0,0.05920000001788139
YER103W,YDL132W,0,,0.0,0.0,0.059300001710653305
YMR284W,YPR111W,0,,0.0,0.0,0.05939999967813492
YMR039C,YAL009W,0,,0.0,0.0,0.05950000137090683
YOR351C,YBR296C,0,,0.0,0.0,0.05959999933838844
YHR206W,YOL049W,0,,0.0,0.0,0.059700001031160355
YDL153C,YIL035C,0,,0.0,0.0,0.05979999899864197
YDR054C,YLR047C,0,,0.0,0.0,0.05990000069141388
YLL061W,YJL118W,0,,0.0,0.0,0.05999999865889549
YJL221C,YMR188C,0,,0.0,0.0,0.060100000351667404
YJR026W,YNL265C,0,,0.0,0.0,0.06019999831914902
YOR145C,YPR073C,0,,0.0,0.0,0.06030000001192093
YDL231C,YML094W,0,,0.0,0.0,0.06040000170469284
YPL096W,YHR104W,0,,0.0,0.0,0.060499999672174454
YDR436W,YDR492W,0,,0.0,0.0,0.060600001364946365
YOR233W,YLR410W-A,0,,0.0,0.0,0.06069999933242798
YDR081C,YHR028C,0,,0.0,0.0,0.06080000102519989
YJR068W,YPL271W,0,,0.0,0.0,0.0608999989926815
YKL190W,YLR098C,0,,0.0,0.0,0.061000000685453415
YLR459W,YAR035W,0,,0.0,0.0,0.06109999865293503
YJL102W,YDR460W,0,,0.0,0.0,0.06120000034570694
YLR116W,YER020W,0,,0.0,0.0,0.06129999831318855
YLR376C,YIL090W,0,,0.0,0.0,0.061400000005960464
YBR039W,YDL133C-A,0,,0.0,0.0,0.061500001698732376
YPR166C,YKL161C,0,,0.0,0.0,0.06159999966621399
YIL034C,YLR029C,0,,0.0,0.0,0.0617000013589859
YDR083W,YML040W,0,,0.0,0.0,0.061799999326467514
YBL036C,YHR174W,0,,0.0,0.0,0.061900001019239426
YLR441C,YKL109W,0,,0.0,0.0,0.06199999898672104
YDR461W,YDL227C,0,,0.0,0.0,0.06210000067949295
YDR247W,YDL190C,0,,0.0,0.0,0.062199998646974564
YDR409W,YMR067C,0,,0.0,0.0,0.062300000339746475
YJL051W,YMR052W,0,,0.0,0.0,0.06239999830722809
YMR263W,YOL086C,0,,0.0,0.0,0.0625
YOL040C,YNL082W,0,,0.0,0.0,0.06260000169277191
YNL310C,YMR011W,0,,0.0,0.0,0.06270000338554382
YLR079W,YPL150W,0,,0.0,0.0,0.06279999762773514
YIL162W,YML072C,0,,0.0,0.0,0.06289999932050705
YER147C,YGR161C-C,0,,0.0,0.0,0.06300000101327896
YOL093W,YGL207W,0,,0.0,0.0,0.06310000270605087
YBR183W,YKR010C,0,,0.0,0.0,0.06319999694824219
YJL145W,YPR164W,0,,0.0,0.0,0.0632999986410141
YCL038C,YER045C,0,,0.0,0.0,0.06340000033378601
YOL008W,YOL052C,0,,0.0,0.0,0.06350000202655792
YIR014W,YGR272C,0,,0.0,0.0,0.06360000371932983
YPL255W,YNL007C,0,,0.0,0.0,0.06369999796152115
YDR143C,YAL047C,0,,0.0,0.0,0.06379999965429306
YDR164C,YIR034C,0,,0.0,0.0,0.06390000134706497
YIL158W,YJR063W,0,,0.0,0.0,0.06400000303983688
YNL047C,YFL017W-A,0,,0.0,0.0,0.0640999972820282
YJR082C,YLR005W,0,,0.0,0.0,0.06419999897480011
YLR430W,YOR155C,0,,0.0,0.0,0.06430000066757202
YPR119W,YDL101C,0,,0.0,0.0,0.06440000236034393
YDL030W,YER052C,0,,0.0,0.0,0.06449999660253525
YCR081W,YER069W,0,,0.0,0.0,0.06459999829530716
YKR065C,YGL153W,0,,0.0,0.0,0.06469999998807907
YHR168W,YDR059C,0,,0.0,0.0,0.06480000168085098
YLR431C,YLR121C,0,,0.0,0.0,0.0649000033736229
YOR175C,YDL231C,0,,0.0,0.0,0.06499999761581421
YDR126W,YLR025W,0,,0.0,0.0,0.06509999930858612
YGR276C,YGR010W,0,,0.0,0.0,0.06520000100135803
YMR159C,YOR210W,0,,0.0,0.0,0.06530000269412994
YJL046W,YJL203W,0,,0.0,0.0,0.06539999693632126
YMR047C,YPL132W,0,,0.0,0.0,0.06549999862909317
YIL139C,YHR052W,0,,0.0,0.0,0.06560000032186508
YNL009W,YPL252C,0,,0.0,0.0,0.065700002014637
YGR048W,YNR044W,0,,0.0,0.0,0.0658000037074089
YNL185C,YML042W,0,,0.0,0.0,0.06589999794960022
YNL274C,YJR032W,0,,0.0,0.0,0.06599999964237213
YLR026C,YJL060W,0,,0.0,0.0,0.06610000133514404
YDR326C,YOR362C,0,,0.0,0.0,0.06620000302791595
YER082C,YOL097C,0,,0.0,0.0,0.06629999727010727
YHR128W,YFR028C,0,,0.0,0.0,0.06639999896287918
YJL073W,YKR025W,0,,0.0,0.0,0.06650000065565109
YAL017W,YDR307W,0,,0.0,0.0,0.066600002348423
YBL050W,YAL035W,0,,0.0,0.0,0.06669999659061432
YBR291C,YBL021C,0,,0.0,0.0,0.06679999828338623
YPL053C,YPL149W,0,,0.0,0.0,0.06689999997615814
YFR008W,YBR132C,0,,0.0,0.0,0.06700000166893005
YNL115C,YPR043W,0,,0.0,0.0,0.06710000336170197
YHR028C,YMR122W-A,0,,0.0,0.0,0.06719999760389328
YIR002C,YNL202W,0,,0.0,0.0,0.06729999929666519
YOL090W,YML048W,0,,0.0,0.0,0.0674000009894371
YMR043W,YPR133W-A,0,,0.0,0.0,0.06750000268220901
YOL120C,YIL170W,0,,0.0,0.0,0.06759999692440033
YCR028C-A,YDR079C-A,0,,0.0,0.0,0.06769999861717224
YGR112W,YNL322C,0,,0.0,0.0,0.06780000030994415
YIR028W,YNR001C,0,,0.0,0.0,0.06790000200271606
YFR055W,YML032C,0,,0.0,0.0,0.06800000369548798
YER119C,YER125W,0,,0.0,0.0,0.06809999793767929
YNR006W,YGL236C,0,,0.0,0.0,0.0681999996304512
YDR461W,YLL041C,0,,0.0,0.0,0.06830000132322311
YGL068W,YBR202W,0,,0.0,0.0,0.06840000301599503
YJR082C,YHR184W,0,,0.0,0.0,0.06849999725818634
YBR074W,YCR094W,0,,0.0,0.0,0.06859999895095825
YER165W,YOR118W,0,,0.0,0.0,0.06870000064373016
YOL103W,YDR293C,0,,0.0,0.0,0.06880000233650208
YKL067W,YLR431C,0,,0.0,0.0,0.06889999657869339
YGL003C,YBR041W,0,,0.0,0.0,0.0689999982714653
YOL158C,YOR064C,0,,0.0,0.0,0.06909999996423721
YMR079W,YKL127W,0,,0.0,0.0,0.06920000165700912
YKL173W,YBR081C,0,,0.0,0.0,0.06930000334978104
YLR447C,YOR151C,0,,0.0,0.0,0.06939999759197235
YGR167W,YJL189W,0,,0.0,0.0,0.06949999928474426
YCR070W,YHR012W,0,,0.0,0.0,0.06960000097751617
YCL047C,YDL038C,0,,0.0,0.0,0.06970000267028809
YCR092C,YDL225W,0,,0.0,0.0,0.0697999969124794
YOR162C,YHR171W,0,,0.0,0.0,0.06989999860525131
YJL134W,YDR182W,0,,0.0,0.0,0.07000000029802322
YNL300W,YDL066W,0,,0.0,0.0,0.07010000199079514
YKR065C,YDR060W,0,,0.0,0.0,0.07020000368356705
YNR002C,YDL140C,0,,0.0,0.0,0.07029999792575836
YML015C,YLR439W,0,,0.0,0.0,0.07039999961853027
YDR331W,YAR015W,0,,0.0,0.0,0.07050000131130219
YML071C,YBR198C,0,,0.0,0.0,0.0706000030040741
YBR058C,YPR108W,0,,0.0,0.0,0.07069999724626541
YIL127C,YLL051C,0,,0.0,0.0,0.07079999893903732
YLR401C,YNL148C,0,,0.0,0.0,0.07090000063180923
YBR106W,YOL033W,0,,0.0,0.0,0.07100000232458115
YGR221C,YMR270C,0,,0.0,0.0,0.07109999656677246
YOR162C,YKR050W,0,,0.0,0.0,0.07119999825954437
YCR060W,YDR388W,0,,0.0,0.0,0.07129999995231628
YGR087C,YOR017W,0,,0.0,0.0,0.0714000016450882
YBL034C,YGR118W,0,,0.0,0.0,0.07150000333786011
YKL126W,YNL290W,0,,0.0,0.0,0.07159999758005142
YJR129C,YKR009C,0,,0.0,0.0,0.07169999927282333
YOR231W,YIL170W,0,,0.0,0.0,0.07180000096559525
YMR078C,YLR219W,0,,0.0,0.0,0.07190000265836716
YGL135W,YOR371C,0,,0.0,0.0,0.07199999690055847
YGR081C,YJL129C,0,,0.0,0.0,0.07209999859333038
YOL112W,YGR287C,0,,0.0,0.0,0.0722000002861023
YGR214W,YJR107W,0,,0.0,0.0,0.0723000019788742
YJL177W,YLL055W,0,,0.0,0.0,0.07240000367164612
YOR219C,YGR159C,0,,0.0,0.0,0.07249999791383743
YMR106C,YJL115W,0,,0.0,0.0,0.07259999960660934
YMR218C,YEL030W,0,,0.0,0.0,0.07270000129938126
YKL218C,YHR124W,0,,0.0,0.0,0.07280000299215317
YGL147C,YBL017C,0,,0.0,0.0,0.07289999723434448
YCL036W,YDL206W,0,,0.0,0.0,0.0729999989271164
YGR239C,YMR130W,0,,0.0,0.0,0.0731000006198883
YKR038C,YDR523C,0,,0.0,0.0,0.07320000231266022
YBR024W,YJR055W,0,,0.0,0.0,0.07329999655485153
YLR221C,YJL082W,0,,0.0,0.0,0.07339999824762344
YJL113W,YML026C,0,,0.0,0.0,0.07349999994039536
YLR178C,YEL034W,0,,0.0,0.0,0.07360000163316727
YJR103W,YLR121C,0,,0.0,0.0,0.07370000332593918
YNL267W,YOR313C,0,,0.0,0.0,0.0737999975681305
YPR066W,YIL143C,0,,0.0,0.0,0.0738999992609024
YOL045W,YCR067C,0,,0.0,0.0,0.07400000095367432
YBL029C-A,YDR038C,0,,0.0,0.0,0.07410000264644623
YAL008W,YLR203C,0,,0.0,0.0,0.07419999688863754
YOR226C,YLR403W,0,,0.0,0.0,0.07429999858140945
YLL035W,YER048C,0,,0.0,0.0,0.07440000027418137
YCL004W,YJL166W,0,,0.0,0.0,0.07450000196695328
YMR043W,YNL175C,0,,0.0,0.0,0.07460000365972519
YPL048W,YDR072C,0,,0.0,0.0,0.0746999979019165
YLR291C,YLR278C,0,,0.0,0.0,0.07479999959468842
YHR050W,YLR329W,0,,0.0,0.0,0.07490000128746033
YPL257W-B,YIL066C,0,,0.0,0.0,0.07500000298023224
YOR140W,YPR070W,0,,0.0,0.0,0.07509999722242355
YER137C,YIR006C,0,,0.0,0.0,0.07519999891519547
YHR181W,YKL206C,0,,0.0,0.0,0.07530000060796738
YIL017C,YOL158C,0,,0.0,0.0,0.07540000230073929
YCL011C,YMR208W,0,,0.0,0.0,0.0754999965429306
YGR062C,YML010W,0,,0.0,0.0,0.07559999823570251
YPL129W,YML028W,0,,0.0,0.0,0.07569999992847443
YKL086W,YDR473C,0,,0.0,0.0,0.07580000162124634
YDR109C,YMR312W,0,,0.0,0.0,0.07590000331401825
YOL070C,YOL127W,0,,0.0,0.0,0.07599999755620956
YNL293W,YDR499W,0,,0.0,0.0,0.07609999924898148
YDL128W,YPL154C,0,,0.0,0.0,0.07620000094175339
YDR137W,YGR067C,0,,0.0,0.0,0.0763000026345253
YLR127C,YGL022W,0,,0.0,0.0,0.07639999687671661
YML124C,YGL124C,0,,0.0,0.0,0.07649999856948853
YOR035C,YOR190W,0,,0.0,0.0,0.07660000026226044
YPL213W,YKR029C,0,,0.0,0.0,0.07670000195503235
YOR089C,YLR105C,0,,0.0,0.0,0.07680000364780426
YNL330C,YOR089C,0,,0.0,0.0,0.07689999788999557
YBL028C,YKL041W,0,,0.0,0.0,0.07699999958276749
YNL242W,YKL206C,0,,0.0,0.0,0.0771000012755394
YPR119W,YNR031C,0,,0.0,0.0,0.07720000296831131
YOR349W,YAL034W-A,0,,0.0,0.0,0.07729999721050262
YLR410W,YGL207W,0,,0.0,0.0,0.07739999890327454
YGL168W,YDL121C,0,,0.0,0.0,0.07750000059604645
YGL257C,YPL167C,0,,0.0,0.0,0.07760000228881836
YDR499W,YNL093W,0,,0.0,0.0,0.07769999653100967
YLR209C,YML094W,0,,0.0,0.0,0.07779999822378159
YER153C,YJL117W,0,,0.0,0.0,0.0778999999165535
YLL062C,YNL206C,0,,0.0,0.0,0.07800000160932541
YDL129W,YEL040W,0,,0.0,0.0,0.07810000330209732
YDR451C,YMR068W,0,,0.0,0.0,0.07819999754428864
YJL010C,YOR063W,0,,0.0,0.0,0.07829999923706055
YJL053W,YJL114W,0,,0.0,0.0,0.07840000092983246
YNL146W,YBR050C,0,,0.0,0.0,0.07850000262260437
YBL045C,YPR103W,0,,0.0,0.0,0.07859999686479568
YLR410W-B,YGR152C,0,,0.0,0.0,0.0786999985575676
YDR477W,YDR304C,0,,0.0,0.0,0.07880000025033951
YBR175W,YOR083W,0,,0.0,0.0,0.07890000194311142
YDL114W,YLR157C,0,,0.0,0.0,0.07900000363588333
YBR001C,YBR200W,0,,0.0,0.0,0.07909999787807465
YKR039W,YLR176C,0,,0.0,0.0,0.07919999957084656
YJL018W,YAR066W,0,,0.0,0.0,0.07930000126361847
YLR205C,YOR142W-B,0,,0.0,0.0,0.07940000295639038
YML104C,YMR136W,0,,0.0,0.0,0.0794999971985817
YER089C,YHR184W,0,,0.0,0.0,0.07959999889135361
YOR192C-B,YMR117C,0,,0.0,0.0,0.07970000058412552
YNR046W,YDL054C,0,,0.0,0.0,0.07980000227689743
YMR250W,YML049C,0,,0.0,0.0,0.07989999651908875
YLR009W,YNL158W,0,,0.0,0.0,0.07999999821186066
YDR540C,YKL120W,0,,0.0,0.0,0.08009999990463257
YMR194W,YDL188C,0,,0.0,0.0,0.08020000159740448
YNR026C,YLR405W,0,,0.0,0.0,0.08030000329017639
YIL047C,YMR043W,0,,0.0,0.0,0.0803999975323677
YNL236W,YJL112W,0,,0.0,0.0,0.08049999922513962
YFR004W,YDR293C,0,,0.0,0.0,0.08060000091791153
YDR242W,YBR026C,0,,0.0,0.0,0.08070000261068344
YKR003W,YPL121C,0,,0.0,0.0,0.08079999685287476
YDL137W,YDR466W,0,,0.0,0.0,0.08089999854564667
YPR043W,YHR091C,0,,0.0,0.0,0.08100000023841858
YNL302C,YDR137W,0,,0.0,0.0,0.08110000193119049
YPL065W,YPR065W,0,,0.0,0.0,0.0812000036239624
YHR105W,YBR290W,0,,0.0,0.0,0.08129999786615372
YLL062C,YIR008C,0,,0.0,0.0,0.08139999955892563
YNL259C,YJL118W,0,,0.0,0.0,0.08150000125169754
YKL096W,YIL134W,0,,0.0,0.0,0.08160000294446945
YLR035C,YBR234C,0,,0.0,0.0,0.08169999718666077
YOR234C,YHR174W,0,,0.0,0.0,0.08179999887943268
YGR116W,YLL054C,0,,0.0,0.0,0.08190000057220459
YLR336C,YJL053W,0,,0.0,0.0,0.0820000022649765
YDR279W,YDL197C,0,,0.0,0.0,0.08209999650716782
YJL171C,YIL095W,0,,0.0,0.0,0.08219999819993973
YOR361C,YKL206C,0,,0.0,0.0,0.08229999989271164
YNL314W,YMR257C,0,,0.0,0.0,0.08240000158548355
YHR005C-A,YPL112C,0,,0.0,0.0,0.08250000327825546
YCL019W,YPR111W,0,,0.0,0.0,0.08259999752044678
YMR319C,YDR018C,0,,0.0,0.0,0.08269999921321869
YHR064C,YPL162C,0,,0.0,0.0,0.0828000009059906
YOR251C,YPL167C,0,,0.0,0.0,0.08290000259876251
YKL174C,YDL017W,0,,0.0,0.0,0.08299999684095383
YMR278W,YER074W,0,,0.0,0.0,0.08309999853372574
YPL131W,YFL057C,0,,0.0,0.0,0.08320000022649765
YPL059W,YDR117C,0,,0.0,0.0,0.08330000191926956
YBR125C,YBR204C,0,,0.0,0.0,0.08340000361204147
YCR039C,YPR133W-A,0,,0.0,0.0,0.08349999785423279
YHR050W,YKR025W,0,,0.0,0.0,0.0835999995470047
YJR113C,YAL023C,0,,0.0,0.0,0.08370000123977661
YHR196W,YFR044C,0,,0.0,0.0,0.08380000293254852
YLL062C,YPL188W,0,,0.0,0.0,0.08389999717473984
YDR315C,YPR137C-A,0,,0.0,0.0,0.08399999886751175
YKL222C,YJR070C,0,,0.0,0.0,0.08410000056028366
YCL025C,YDR405W,0,,0.0,0.0,0.08420000225305557
YNR027W,YNL159C,0,,0.0,0.0,0.08429999649524689
YBR039W,YOL140W,0,,0.0,0.0,0.0843999981880188
YNR050C,YOR251C,0,,0.0,0.0,0.08449999988079071
YIR015W,YKL004W,0,,0.0,0.0,0.08460000157356262
YCL008C,YBR245C,0,,0.0,0.0,0.08470000326633453
YDR484W,YGL155W,0,,0.0,0.0,0.08479999750852585
YER078C,YOR127W,0,,0.0,0.0,0.08489999920129776
YMR056C,YNR026C,0,,0.0,0.0,0.08500000089406967
YKL144C,YDR034C,0,,0.0,0.0,0.08510000258684158
YCL024W,YNL202W,0,,0.0,0.0,0.0851999968290329
YGL210W-A,YDR186C,0,,0.0,0.0,0.08529999852180481
YGL191W,YDR118W,0,,0.0,0.0,0.08540000021457672
YGL100W,YIL047C,0,,0.0,0.0,0.08550000190734863
YBR278W,YDL207W,0,,0.0,0.0,0.08560000360012054
YBR289W,YGR096W,0,,0.0,0.0,0.08569999784231186
YNL086W,YKR036C,0,,0.0,0.0,0.08579999953508377
YMR272C,YDR316W-A,0,,0.0,0.0,0.08590000122785568
YNR011C,YDR083W,0,,0.0,0.0,0.0860000029206276
YNL160W,YLR188W,0,,0.0,0.0,0.08609999716281891
YDR027C,YHR013C,0,,0.0,0.0,0.08619999885559082
YIL010W,YGR238C,0,,0.0,0.0,0.08630000054836273
YOR182C,YNL265C,0,,0.0,0.0,0.08640000224113464
YDR071C,YLR141W,0,,0.0,0.0,0.08649999648332596
YDR453C,YBR204C,0,,0.0,0.0,0.08659999817609787
YPL016W,YMR137C,0,,0.0,0.0,0.08669999986886978
YGR276C,YBR087W,0,,0.0,0.0,0.0868000015616417
YOL100W,YMR303C,0,,0.0,0.0,0.0869000032544136
YKL112W,YOR063W,0,,0.0,0.0,0.08699999749660492
YLR103C,YDR237W,0,,0.0,0.0,0.08709999918937683
YOR176W,YLR405W,0,,0.0,0.0,0.08720000088214874
YBR126C,YIL172C,0,,0.0,0.0,0.08730000257492065
YKL222C,YKR026C,0,,0.0,0.0,0.08739999681711197
YDR253C,YBL101C,0,,0.0,0.0,0.08749999850988388
YOR123C,YOR088W,0,,0.0,0.0,0.08760000020265579
YNL270C,YJR059W,0,,0.0,0.0,0.0877000018954277
YDR164C,YBL089W,0,,0.0,0.0,0.08780000358819962
YMR272C,YOR244W,0,,0.0,0.0,0.08789999783039093
YJR135C,YHR147C,0,,0.0,0.0,0.08799999952316284
YDL190C,YAR010C,0,,0.0,0.0,0.08810000121593475
YFL066C,YBR159W,0,,0.0,0.0,0.08820000290870667
YLR308W,YNL210W,0,,0.0,0.0,0.08829999715089798
YJR152W,YAL042W,0,,0.0,0.0,0.08839999884366989
YKL178C,YLR224W,0,,0.0,0.0,0.0885000005364418
YHR042W,YNL153C,0,,0.0,0.0,0.08860000222921371
YPL024W,YDR170W-A,0,,0.0,0.0,0.08869999647140503
YDR216W,YPL200W,0,,0.0,0.0,0.08879999816417694
YDL155W,YPL236C,0,,0.0,0.0,0.08889999985694885
YHR119W,YOL001W,0,,0.0,0.0,0.08900000154972076
YLR424W,YNL098C,0,,0.0,0.0,0.08910000324249268
YOR393W,YBL006C,0,,0.0,0.0,0.08919999748468399
YPR032W,YJR097W,0,,0.0,0.0,0.0892999991774559
YOL026C,YMR029C,0,,0.0,0.0,0.08940000087022781
YDR496C,YMR150C,0,,0.0,0.0,0.08950000256299973
YOR269W,YKL067W,0,,0.0,0.0,0.08959999680519104
YNR072W,YDR448W,0,,0.0,0.0,0.08969999849796295
YDL010W,YML064C,0,,0.0,0.0,0.08980000019073486
YGR087C,YOR291W,0,,0.0,0.0,0.08990000188350677
YOR214C,YHL004W,0,,0.0,0.0,0.09000000357627869
YEL003W,YMR305C,0,,0.0,0.0,0.09009999781847
YPL281C,YLL050C,0,,0.0,0.0,0.09019999951124191
YDR318W,YPL091W,0,,0.0,0.0,0.09030000120401382
YER184C,YNL290W,0,,0.0,0.0,0.09040000289678574
YER148W,YPL002C,0,,0.0,0.0,0.09049999713897705
YFL038C,YIL115C,0,,0.0,0.0,0.09059999883174896
YBR247C,YMR046C,0,,0.0,0.0,0.09070000052452087
YOL089C,YLR170C,0,,0.0,0.0,0.09080000221729279
YJR025C,YOR310C,0,,0.0,0.0,0.0908999964594841
YDR260C,YJR077C,0,,0.0,0.0,0.09099999815225601
YHR102W,YMR199W,0,,0.0,0.0,0.09109999984502792
YER095W,YOL017W,0,,0.0,0.0,0.09120000153779984
YHL040C,YIL027C,0,,0.0,0.0,0.09130000323057175
YGR272C,YMR068W,0,,0.0,0.0,0.09139999747276306
YJL157C,YOL052C,0,,0.0,0.0,0.09149999916553497
YBR296C,YML026C,0,,0.0,0.0,0.09160000085830688
YLR163C,YEL012W,0,,0.0,0.0,0.0917000025510788
YAL053W,YDR210C-C,0,,0.0,0.0,0.09179999679327011
YKL073W,YBR198C,0,,0.0,0.0,0.09189999848604202
YGR033C,YLR357W,0,,0.0,0.0,0.09200000017881393
YER042W,YML045W-A,0,,0.0,0.0,0.09210000187158585
YHR030C,YBR123C,0,,0.0,0.0,0.09220000356435776
YGL043W,YMR030W,0,,0.0,0.0,0.09229999780654907
YPL189C-A,YBR230C,0,,0.0,0.0,0.09239999949932098
YLR038C,YNL239W,0,,0.0,0.0,0.0925000011920929
YJL151C,YPR200C,0,,0.0,0.0,0.09260000288486481
YJR093C,YIL133C,0,,0.0,0.0,0.09269999712705612
YIL114C,YJL104W,0,,0.0,0.0,0.09279999881982803
YDR262W,YCL027W,0,,0.0,0.0,0.09290000051259995
YDL164C,YJR010W,0,,0.0,0.0,0.09300000220537186
YNL310C,YBR177C,0,,0.0,0.0,0.09309999644756317
YDL171C,YPR192W,0,,0.0,0.0,0.09319999814033508
YBR205W,YML063W,0,,0.0,0.0,0.093299999833107
YER111C,YGL035C,0,,0.0,0.0,0.0934000015258789
YFL066C,YFL057C,0,,0.0,0.0,0.09350000321865082
YPL196W,YOR047C,0,,0.0,0.0,0.09359999746084213
YPR118W,YGR084C,0,,0.0,0.0,0.09369999915361404
YER154W,YCR060W,0,,0.0,0.0,0.09380000084638596
YOR106W,YOR151C,0,,0.0,0.0,0.09390000253915787
YHL009C,YDR479C,0,,0.0,0.0,0.09399999678134918
YPL003W,YIL082W-A,0,,0.0,0.0,0.0940999984741211
YOL151W,YOR054C,0,,0.0,0.0,0.094200000166893
YDR238C,YPR182W,0,,0.0,0.0,0.09430000185966492
YDR069C,YDL236W,0,,0.0,0.0,0.09440000355243683
YGL172W,YHL002W,0,,0.0,0.0,0.09449999779462814
YGL112C,YIL048W,0,,0.0,0.0,0.09459999948740005
YDR296W,YJL141C,0,,0.0,0.0,0.09470000118017197
YNL258C,YOR122C,0,,0.0,0.0,0.09480000287294388
YNL160W,YDR065W,0,,0.0,0.0,0.09489999711513519
YER120W,YKR069W,0,,0.0,0.0,0.0949999988079071
YLL043W,YPR030W,0,,0.0,0.0,0.09510000050067902
YBR008C,YOR126C,0,,0.0,0.0,0.09520000219345093
YNL152W,YDL061C,0,,0.0,0.0,0.09529999643564224
YPL074W,YHR052W,0,,0.0,0.0,0.09539999812841415
YLR214W,YBL085W,0,,0.0,0.0,0.09549999982118607
YMR004W,YOL056W,0,,0.0,0.0,0.09560000151395798
YGR199W,YJL062W-A,0,,0.0,0.0,0.09570000320672989
YOL091W,YBL055C,0,,0.0,0.0,0.0957999974489212
YPR127W,YDL201W,0,,0.0,0.0,0.09589999914169312
YDR265W,YER113C,0,,0.0,0.0,0.09600000083446503
YEL002C,YGL103W,0,,0.0,0.0,0.09610000252723694
YJL151C,YMR005W,0,,0.0,0.0,0.09619999676942825
YKL067W,YPL023C,0,,0.0,0.0,0.09629999846220016
YHR167W,YDR410C,0,,0.0,0.0,0.09640000015497208
YMR193W,YNL197C,0,,0.0,0.0,0.09650000184774399
YGR020C,YJL153C,0,,0.0,0.0,0.0966000035405159
YHR121W,YFL002W-B,0,,0.0,0.0,0.09669999778270721
YCL014W,YFL008W,0,,0.0,0.0,0.09679999947547913
YDL225W,YER148W,0,,0.0,0.0,0.09690000116825104
YBL098W,YLR224W,0,,0.0,0.0,0.09700000286102295
YGL004C,YCL069W,0,,0.0,0.0,0.09709999710321426
YMR114C,YDR507C,0,,0.0,0.0,0.09719999879598618
YPR103W,YPR133W-A,0,,0.0,0.0,0.09730000048875809
YOL104C,YHR209W,0,,0.0,0.0,0.09740000218153
YDL047W,YER094C,0,,0.0,0.0,0.09749999642372131
YLR433C,YDL015C,0,,0.0,0.0,0.09759999811649323
YMR302C,YDR349C,0,,0.0,0.0,0.09769999980926514
YLR100W,YKL078W,0,,0.0,0.0,0.09780000150203705
YDR261C-D,YPL255W,0,,0.0,0.0,0.09790000319480896
YPR032W,YGR282C,0,,0.0,0.0,0.09799999743700027
YIL047C,YPR164W,0,,0.0,0.0,0.09809999912977219
YDL184C,YDR186C,0,,0.0,0.0,0.0982000008225441
YLR088W,YJL044C,0,,0.0,0.0,0.09830000251531601
YCL057W,YPL160W,0,,0.0,0.0,0.09839999675750732
YAL010C,YKL168C,0,,0.0,0.0,0.09849999845027924
YPL236C,YKL160W,0,,0.0,0.0,0.09860000014305115
YOR010C,YJL191W,0,,0.0,0.0,0.09870000183582306
YPL202C,YDR074W,0,,0.0,0.0,0.09880000352859497
YKL011C,YDL051W,0,,0.0,0.0,0.09889999777078629
YML115C,YOR208W,0,,0.0,0.0,0.0989999994635582
YGL103W,YAR066W,0,,0.0,0.0,0.09910000115633011
YMR039C,YLL005C,0,,0.0,0.0,0.09920000284910202
YIR011C,YPL265W,0,,0.0,0.0,0.09929999709129333
YGL208W,YLR176C,0,,0.0,0.0,0.09939999878406525
YER168C,YMR029C,0,,0.0,0.0,0.09950000047683716
YKL085W,YKL193C,0,,0.0,0.0,0.09960000216960907
YDR472W,YGL010W,0,,0.0,0.0,0.09969999641180038
YPL069C,YPR156C,0,,0.0,0.0,0.0997999981045723
YPL276W,YKL017C,0,,0.0,0.0,0.09989999979734421
YLR410W,YGR154C,0,,0.0,0.0,0.10000000149011612
YPL086C,YNR012W,0,,0.0,0.0,0.10010000318288803
YKL067W,YIL080W,0,,0.0,0.0,0.10019999742507935
YOR242C,YNL273W,0,,0.0,0.0,0.10029999911785126
YER133W,YKR010C,0,,0.0,0.0,0.10040000081062317
YDR036C,YDR534C,0,,0.0,0.0,0.10050000250339508
YPL276W,YDR146C,0,,0.0,0.0,0.1005999967455864
YMR176W,YNR006W,0,,0.0,0.0,0.1006999984383583
YBR291C,YGR264C,0,,0.0,0.0,0.10080000013113022
YPL068C,YKL154W,0,,0.0,0.0,0.10090000182390213
YLR117C,YPL172C,0,,0.0,0.0,0.10100000351667404
YGR281W,YIL171W,0,,0.0,0.0,0.10109999775886536
YGL023C,YKL011C,0,,0.0,0.0,0.10119999945163727
YLR310C,YLR157C-A,0,,0.0,0.0,0.10130000114440918
YLR103C,YDR314C,0,,0.0,0.0,0.10140000283718109
YNR047W,YNL274C,0,,0.0,0.0,0.1014999970793724
YGL012W,YLR226W,0,,0.0,0.0,0.10159999877214432
YHR186C,YJR001W,0,,0.0,0.0,0.10170000046491623
YDR184C,YNL336W,0,,0.0,0.0,0.10180000215768814
YGL187C,YER030W,0,,0.0,0.0,0.10189999639987946
YMR182C,YKL100C,0,,0.0,0.0,0.10199999809265137
YHL027W,YLR203C,0,,0.0,0.0,0.10209999978542328
YLR098C,YDR131C,0,,0.0,0.0,0.10220000147819519
YGR092W,YLR033W,0,,0.0,0.0,0.1023000031709671
YEL038W,YPL096W,0,,0.0,0.0,0.10239999741315842
YMR143W,YPR103W,0,,0.0,0.0,0.10249999910593033
YGL179C,YIL074C,0,,0.0,0.0,0.10260000079870224
YLR165C,YNL212W,0,,0.0,0.0,0.10270000249147415
YLR026C,YGL185C,0,,0.0,0.0,0.10279999673366547
YLR183C,YGR286C,0,,0.0,0.0,0.10289999842643738
YKL172W,YDR424C,0,,0.0,0.0,0.10300000011920929
YDR171W,YJL117W,0,,0.0,0.0,0.1031000018119812
YLR117C,YJR015W,0,,0.0,0.0,0.10320000350475311
YNL274C,YLR291C,0,,0.0,0.0,0.10329999774694443
YPL189C-A,YDR248C,0,,0.0,0.0,0.10339999943971634
YLR275W,YCR009C,0,,0.0,0.0,0.10350000113248825
YGR185C,YDR229W,0,,0.0,0.0,0.10360000282526016
YLL023C,YDR038C,0,,0.0,0.0,0.10369999706745148
YER114C,YIL076W,0,,0.0,0.0,0.10379999876022339
YAL012W,YLR319C,0,,0.0,0.0,0.1039000004529953
YDR450W,YDR484W,0,,0.0,0.0,0.10400000214576721
YPL187W,YKR050W,0,,0.0,0.0,0.10409999638795853
YGL183C,YCR098C,0,,0.0,0.0,0.10419999808073044
YOR355W,YLL038C,0,,0.0,0.0,0.10429999977350235
YLR418C,YOR367W,0,,0.0,0.0,0.10440000146627426
YBR039W,YOR070C,0,,0.0,0.0,0.10450000315904617
YNL335W,YKR010C,0,,0.0,0.0,0.10459999740123749
YJL143W,YPL092W,0,,0.0,0.0,0.1046999990940094
YMR115W,YJL171C,0,,0.0,0.0,0.10480000078678131
YOR326W,YHR209W,0,,0.0,0.0,0.10490000247955322
YJL221C,YDR392W,0,,0.0,0.0,0.10499999672174454
YNL097C,YLR307W,0,,0.0,0.0,0.10509999841451645
YOR003W,YDR060W,0,,0.0,0.0,0.10520000010728836
YCL026C-A,YHR056C,0,,0.0,0.0,0.10530000180006027
YFL054C,YDR452W,0,,0.0,0.0,0.10540000349283218
YKL007W,YPL099C,0,,0.0,0.0,0.1054999977350235
YHR161C,YBR261C,0,,0.0,0.0,0.10559999942779541
YML056C,YPL048W,0,,0.0,0.0,0.10570000112056732
YDR265W,YPL167C,0,,0.0,0.0,0.10580000281333923
YLR268W,YFR001W,0,,0.0,0.0,0.10589999705553055
YBL005W-A,YDL185W,0,,0.0,0.0,0.10599999874830246
YAL054C,YAL008W,0,,0.0,0.0,0.10610000044107437
YMR182C,YGL026C,0,,0.0,0.0,0.10620000213384628
YKR065C,YNL138W-A,0,,0.0,0.0,0.1062999963760376
YDR210W-D,YJL052W,0,,0.0,0.0,0.10639999806880951
YOR083W,YBR302C,0,,0.0,0.0,0.10649999976158142
YMR086W,YOL101C,0,,0.0,0.0,0.10660000145435333
YKR092C,YOL016C,0,,0.0,0.0,0.10670000314712524
YGL128C,YDR388W,0,,0.0,0.0,0.10679999738931656
YGR020C,YBL030C,0,,0.0,0.0,0.10689999908208847
YNL339C,YLR439W,0,,0.0,0.0,0.10700000077486038
YDL181W,YBR222C,0,,0.0,0.0,0.1071000024676323
YJL024C,YCR081W,0,,0.0,0.0,0.10719999670982361
YDR260C,YFL034C-A,0,,0.0,0.0,0.10729999840259552
YBR030W,YGL158W,0,,0.0,0.0,0.10740000009536743
YPL009C,YCL047C,0,,0.0,0.0,0.10750000178813934
YDR447C,YDL065C,0,,0.0,0.0,0.10760000348091125
YIR022W,YFL002W-B,0,,0.0,0.0,0.10769999772310257
YML019W,YAL029C,0,,0.0,0.0,0.10779999941587448
YKL035W,YPR167C,0,,0.0,0.0,0.10790000110864639
YMR211W,YER148W,0,,0.0,0.0,0.1080000028014183
YOR324C,YPR138C,0,,0.0,0.0,0.10809999704360962
YKL206C,YKL183W,0,,0.0,0.0,0.10819999873638153
YDR197W,YEL002C,0,,0.0,0.0,0.10830000042915344
YBR072W,YPL051W,0,,0.0,0.0,0.10840000212192535
YJR107W,YPL230W,0,,0.0,0.0,0.10849999636411667
YJL143W,YBR088C,0,,0.0,0.0,0.10859999805688858
YDL047W,YGL254W,0,,0.0,0.0,0.10869999974966049
YER007W,YOR274W,0,,0.0,0.0,0.1088000014424324
YKL046C,YDL201W,0,,0.0,0.0,0.10890000313520432
YGL079W,YKL108W,0,,0.0,0.0,0.10899999737739563
YMR052W,YKL089W,0,,0.0,0.0,0.10909999907016754
YMR293C,YJR063W,0,,0.0,0.0,0.10920000076293945
YKR014C,YLR157C-A,0,,0.0,0.0,0.10930000245571136
YDR238C,YPL110C,0,,0.0,0.0,0.10939999669790268
YGL153W,YPL271W,0,,0.0,0.0,0.10949999839067459
YCL048W-A,YKL199C,0,,0.0,0.0,0.1096000000834465
YML014W,YBR136W,0,,0.0,0.0,0.10970000177621841
YGR028W,YLR015W,0,,0.0,0.0,0.10980000346899033
YJR047C,YGL184C,0,,0.0,0.0,0.10989999771118164
YOR143C,YGR222W,0,,0.0,0.0,0.10999999940395355
YJR152W,YPR140W,0,,0.0,0.0,0.11010000109672546
YDR031W,YBR158W,0,,0.0,0.0,0.11020000278949738
YJR004C,YDR470C,0,,0.0,0.0,0.11029999703168869
YNL032W,YBR097W,0,,0.0,0.0,0.1103999987244606
YLR242C,YOR142W-B,0,,0.0,0.0,0.11050000041723251
YKR057W,YPR082C,0,,0.0,0.0,0.11060000211000443
YDL043C,YJR075W,0,,0.0,0.0,0.11069999635219574
YMR271C,YPR112C,0,,0.0,0.0,0.11079999804496765
YGR135W,YLR298C,0,,0.0,0.0,0.11089999973773956
YCR039C,YOR071C,0,,0.0,0.0,0.11100000143051147
YIL017C,YBR290W,0,,0.0,0.0,0.11110000312328339
YLL036C,YHR034C,0,,0.0,0.0,0.1111999973654747
YOR017W,YOR377W,0,,0.0,0.0,0.11129999905824661
YGL148W,YML116W,0,,0.0,0.0,0.11140000075101852
YJL171C,YKL173W,0,,0.0,0.0,0.11150000244379044
YCR092C,YOR382W,0,,0.0,0.0,0.11159999668598175
YDR294C,YOL068C,0,,0.0,0.0,0.11169999837875366
YBR186W,YLR133W,0,,0.0,0.0,0.11180000007152557
YGL224C,YCR046C,0,,0.0,0.0,0.11190000176429749
YOR144C,YNL064C,0,,0.0,0.0,0.1120000034570694
YPR107C,YDR086C,0,,0.0,0.0,0.11209999769926071
YOL067C,YJR121W,0,,0.0,0.0,0.11219999939203262
YDR316W,YDR299W,0,,0.0,0.0,0.11230000108480453
YLL008W,YGR049W,0,,0.0,0.0,0.11240000277757645
YGR038W,YJL060W,0,,0.0,0.0,0.11249999701976776
YER169W,YDR050C,0,,0.0,0.0,0.11259999871253967
YKL059C,YKL090W,0,,0.0,0.0,0.11270000040531158
YHR121W,YGL046W,0,,0.0,0.0,0.1128000020980835
YDL109C,YBR142W,0,,0.0,0.0,0.11289999634027481
YHR091C,YDL150W,0,,0.0,0.0,0.11299999803304672
YPL110C,YHR209W,0,,0.0,0.0,0.11309999972581863
YGL255W,YDR356W,0,,0.0,0.0,0.11320000141859055
YLR069C,YER025W,0,,0.0,0.0,0.11330000311136246
YCL033C,YER125W,0,,0.0,0.0,0.11339999735355377
YOL093W,YDR476C,0,,0.0,0.0,0.11349999904632568
YKR059W,YPL149W,0,,0.0,0.0,0.1136000007390976
YMR277W,YBL016W,0,,0.0,0.0,0.1137000024318695
YMR022W,YPL249C,0,,0.0,0.0,0.11379999667406082
YMR021C,YDR038C,0,,0.0,0.0,0.11389999836683273
YMR162C,YOR237W,0,,0.0,0.0,0.11400000005960464
YLR429W,YIL006W,0,,0.0,0.0,0.11410000175237656
YDR158W,YDL133C-A,0,,0.0,0.0,0.11420000344514847
YJL051W,YJL155C,0,,0.0,0.0,0.11429999768733978
YCL019W,YJR055W,0,,0.0,0.0,0.1143999993801117
YHR083W,YPL180W,0,,0.0,0.0,0.1145000010728836
YLR088W,YBL054W,0,,0.0,0.0,0.11460000276565552
YMR308C,YIL039W,0,,0.0,0.0,0.11469999700784683
YGR222W,YGL185C,0,,0.0,0.0,0.11479999870061874
YHR117W,YGL002W,0,,0.0,0.0,0.11490000039339066
YPL046C,YDR329C,0,,0.0,0.0,0.11500000208616257
YLR342W,YOR312C,0,,0.0,0.0,0.11509999632835388
YLR043C,YNR054C,0,,0.0,0.0,0.1151999980211258
YCL020W,YBL101C,0,,0.0,0.0,0.1152999997138977
YJL112W,YOR285W,0,,0.0,0.0,0.11540000140666962
YDR285W,YIL044C,0,,0.0,0.0,0.11550000309944153
YKR094C,YGL205W,0,,0.0,0.0,0.11559999734163284
YGL062W,YOR151C,0,,0.0,0.0,0.11569999903440475
YOR099W,YOL043C,0,,0.0,0.0,0.11580000072717667
YDR065W,YDR382W,0,,0.0,0.0,0.11590000241994858
YGL083W,YLL029W,0,,0.0,0.0,0.11599999666213989
YKL021C,YDL146W,0,,0.0,0.0,0.1160999983549118
YLR206W,YBR251W,0,,0.0,0.0,0.11620000004768372
YDR170C,YPL230W,0,,0.0,0.0,0.11630000174045563
YDL069C,YLR192C,0,,0.0,0.0,0.11640000343322754
YMR309C,YJL192C,0,,0.0,0.0,0.11649999767541885
YOR256C,YDR026C,0,,0.0,0.0,0.11659999936819077
YER025W,YNR023W,0,,0.0,0.0,0.11670000106096268
YFL014W,YHL004W,0,,0.0,0.0,0.11680000275373459
YPL030W,YNL026W,0,,0.0,0.0,0.1168999969959259
YIR018W,YLL015W,0,,0.0,0.0,0.11699999868869781
YGR109C,YHR143W-A,0,,0.0,0.0,0.11710000038146973
YLR371W,YGL035C,0,,0.0,0.0,0.11720000207424164
YER101C,YBR278W,0,,0.0,0.0,0.11729999631643295
YNR006W,YHR104W,0,,0.0,0.0,0.11739999800920486
YIR018W,YMR224C,0,,0.0,0.0,0.11749999970197678
YLR227W-B,YJL020C,0,,0.0,0.0,0.11760000139474869
YPL273W,YOL119C,0,,0.0,0.0,0.1177000030875206
YLR381W,YPL092W,0,,0.0,0.0,0.11779999732971191
YBR171W,YGL181W,0,,0.0,0.0,0.11789999902248383
YBR058C,YBR004C,0,,0.0,0.0,0.11800000071525574
YLR304C,YOL097C,0,,0.0,0.0,0.11810000240802765
YPR200C,YNR043W,0,,0.0,0.0,0.11819999665021896
YDL216C,YML099C,0,,0.0,0.0,0.11829999834299088
YGR188C,YNL185C,0,,0.0,0.0,0.11840000003576279
YDR425W,YLR251W,0,,0.0,0.0,0.1185000017285347
YOR182C,YBR098W,0,,0.0,0.0,0.11860000342130661
YMR004W,YER053C,0,,0.0,0.0,0.11869999766349792
YPR181C,YPR198W,0,,0.0,0.0,0.11879999935626984
YLR404W,YGL113W,0,,0.0,0.0,0.11890000104904175
YHR188C,YNR016C,0,,0.0,0.0,0.11900000274181366
YCL034W,YKL200C,0,,0.0,0.0,0.11909999698400497
YBR291C,YFR041C,0,,0.0,0.0,0.11919999867677689
YLR403W,YOR301W,0,,0.0,0.0,0.1193000003695488
YPL187W,YBL018C,0,,0.0,0.0,0.11940000206232071
YPL223C,YNR028W,0,,0.0,0.0,0.11949999630451202
YMR244C-A,YDR524C,0,,0.0,0.0,0.11959999799728394
YDR097C,YER070W,0,,0.0,0.0,0.11969999969005585
YDL022W,YDR261W-B,0,,0.0,0.0,0.11980000138282776
YJL154C,YBR136W,0,,0.0,0.0,0.11990000307559967
YLL036C,YOR229W,0,,0.0,0.0,0.11999999731779099
YLR105C,YCR054C,0,,0.0,0.0,0.1200999990105629
YNL030W,YKL220C,0,,0.0,0.0,0.12020000070333481
YOR017W,YKR101W,0,,0.0,0.0,0.12030000239610672
YER165W,YNL223W,0,,0.0,0.0,0.12039999663829803
YDR118W,YHR031C,0,,0.0,0.0,0.12049999833106995
YBR274W,YDR376W,0,,0.0,0.0,0.12060000002384186
YML129C,YGL259W,0,,0.0,0.0,0.12070000171661377
YAL038W,YKR006C,0,,0.0,0.0,0.12080000340938568
YDL202W,YPL228W,0,,0.0,0.0,0.120899997651577
YLR446W,YGL002W,0,,0.0,0.0,0.12099999934434891
YGL245W,YGL060W,0,,0.0,0.0,0.12110000103712082
YOL003C,YFL013C,0,,0.0,0.0,0.12120000272989273
YPR082C,YJL170C,0,,0.0,0.0,0.12129999697208405
YML080W,YIL105C,0,,0.0,0.0,0.12139999866485596
YIL031W,YMR300C,0,,0.0,0.0,0.12150000035762787
YML001W,YMR152W,0,,0.0,0.0,0.12160000205039978
YLR003C,YHR005C-A,0,,0.0,0.0,0.1216999962925911
YMR203W,YLR025W,0,,0.0,0.0,0.121799997985363
YOL013C,YER110C,0,,0.0,0.0,0.12189999967813492
YPR036W,YDR050C,0,,0.0,0.0,0.12200000137090683
YDL136W,YOR283W,0,,0.0,0.0,0.12210000306367874
YOR008C,YOR304C-A,0,,0.0,0.0,0.12219999730587006
YGL157W,YMR121C,0,,0.0,0.0,0.12229999899864197
YBR164C,YLL004W,0,,0.0,0.0,0.12240000069141388
YOR003W,YHR129C,0,,0.0,0.0,0.12250000238418579
YGR108W,YDL207W,0,,0.0,0.0,0.1225999966263771
YPL181W,YDR342C,0,,0.0,0.0,0.12269999831914902
YAL012W,YML077W,0,,0.0,0.0,0.12280000001192093
YOR226C,YBR035C,0,,0.0,0.0,0.12290000170469284
YBR135W,YNL046W,0,,0.0,0.0,0.12300000339746475
YBR083W,YDL155W,0,,0.0,0.0,0.12309999763965607
YJR057W,YBL064C,0,,0.0,0.0,0.12319999933242798
YDR381C-A,YJR103W,0,,0.0,0.0,0.12330000102519989
YGL077C,YPL154C,0,,0.0,0.0,0.1234000027179718
YAL039C,YPL119C,0,,0.0,0.0,0.12349999696016312
YEL071W,YKR058W,0,,0.0,0.0,0.12359999865293503
YMR239C,YJR010W,0,,0.0,0.0,0.12370000034570694
YIR009W,YKL024C,0,,0.0,0.0,0.12380000203847885
YJL109C,YJR098C,0,,0.0,0.0,0.12389999628067017
YFR031C,YDR261W-B,0,,0.0,0.0,0.12399999797344208
YGL183C,YKR035W-A,0,,0.0,0.0,0.12409999966621399
YNL300W,YHR174W,0,,0.0,0.0,0.1242000013589859
YNL258C,YDL029W,0,,0.0,0.0,0.12430000305175781
YDR393W,YJR097W,0,,0.0,0.0,0.12439999729394913
YLR158C,YOR190W,0,,0.0,0.0,0.12449999898672104
YJL116C,YEL059C-A,0,,0.0,0.0,0.12460000067949295
YLR099C,YOR279C,0,,0.0,0.0,0.12470000237226486
YNR027W,YML114C,0,,0.0,0.0,0.12479999661445618
YCR089W,YGL236C,0,,0.0,0.0,0.12489999830722809
YHR066W,YGR282C,0,,0.0,0.0,0.125
YOR374W,YBR227C,0,,0.0,0.0,0.1251000016927719
YNL127W,YOR210W,0,,0.0,0.0,0.12520000338554382
YJL018W,YPR107C,0,,0.0,0.0,0.12530000507831573
YLR119W,YER145C,0,,0.0,0.0,0.12540000677108765
YBR229C,YOR375C,0,,0.0,0.0,0.12549999356269836
YDR047W,YER019W,0,,0.0,0.0,0.12559999525547028
YOR295W,YBL088C,0,,0.0,0.0,0.1256999969482422
YPL270W,YBR031W,0,,0.0,0.0,0.1257999986410141
YGL211W,YOL064C,0,,0.0,0.0,0.125900000333786
YMR034C,YMR256C,0,,0.0,0.0,0.12600000202655792
YMR092C,YMR184W,0,,0.0,0.0,0.12610000371932983
YLR090W,YEL070W,0,,0.0,0.0,0.12620000541210175
YCR037C,YHR124W,0,,0.0,0.0,0.12630000710487366
YBR021W,YKL103C,0,,0.0,0.0,0.12639999389648438
YPR073C,YFL050C,0,,0.0,0.0,0.1264999955892563
YIL095W,YDR297W,0,,0.0,0.0,0.1265999972820282
YLR089C,YGR256W,0,,0.0,0.0,0.1266999989748001
YPR082C,YDL040C,0,,0.0,0.0,0.12680000066757202
YJL024C,YGR036C,0,,0.0,0.0,0.12690000236034393
YOR338W,YKL184W,0,,0.0,0.0,0.12700000405311584
YCL063W,YGR010W,0,,0.0,0.0,0.12710000574588776
YLR383W,YGL170C,0,,0.0,0.0,0.12720000743865967
YJL213W,YKL004W,0,,0.0,0.0,0.12729999423027039
YGL026C,YBR239C,0,,0.0,0.0,0.1273999959230423
YBL105C,YGR186W,0,,0.0,0.0,0.1274999976158142
YML065W,YBR251W,0,,0.0,0.0,0.12759999930858612
YMR278W,YIL093C,0,,0.0,0.0,0.12770000100135803
YGR257C,YNL124W,0,,0.0,0.0,0.12780000269412994
YLR425W,YGR098C,0,,0.0,0.0,0.12790000438690186
YJR013W,YMR173W,0,,0.0,0.0,0.12800000607967377
YOL158C,YDR339C,0,,0.0,0.0,0.12809999287128448
YNL069C,YPL172C,0,,0.0,0.0,0.1281999945640564
YDR369C,YGL241W,0,,0.0,0.0,0.1282999962568283
YJL115W,YLL051C,0,,0.0,0.0,0.12839999794960022
YMR025W,YGR169C,0,,0.0,0.0,0.12849999964237213
YPL164C,YOR167C,0,,0.0,0.0,0.12860000133514404
YDR507C,YNR012W,0,,0.0,0.0,0.12870000302791595
YFR042W,YDR117C,0,,0.0,0.0,0.12880000472068787
YNL207W,YDR347W,0,,0.0,0.0,0.12890000641345978
YIR038C,YGL155W,0,,0.0,0.0,0.1289999932050705
YGL090W,YDR424C,0,,0.0,0.0,0.1290999948978424
YDR014W,YNL032W,0,,0.0,0.0,0.12919999659061432
YDR449C,YKL161C,0,,0.0,0.0,0.12929999828338623
YER065C,YJL048C,0,,0.0,0.0,0.12939999997615814
YDL130W-A,YPL214C,0,,0.0,0.0,0.12950000166893005
YJL160C,YFL035C,0,,0.0,0.0,0.12960000336170197
YLR336C,YDL047W,0,,0.0,0.0,0.12970000505447388
YPL237W,YDR501W,0,,0.0,0.0,0.1298000067472458
YFL002W-A,YKL055C,0,,0.0,0.0,0.1298999935388565
YGL124C,YLR182W,0,,0.0,0.0,0.12999999523162842
YDL170W,YGR038W,0,,0.0,0.0,0.13009999692440033
YER045C,YNL046W,0,,0.0,0.0,0.13019999861717224
YPR056W,YPL149W,0,,0.0,0.0,0.13030000030994415
YMR309C,YJR135W-A,0,,0.0,0.0,0.13040000200271606
YBR167C,YGR031C-A,0,,0.0,0.0,0.13050000369548798
YMR285C,YMR166C,0,,0.0,0.0,0.1306000053882599
YMR119W,YDL045W-A,0,,0.0,0.0,0.1307000070810318
YDR109C,YPR133W-A,0,,0.0,0.0,0.13079999387264252
YMR078C,YDL198C,0,,0.0,0.0,0.13089999556541443
YKL164C,YGR222W,0,,0.0,0.0,0.13099999725818634
YGL168W,YAR027W,0,,0.0,0.0,0.13109999895095825
YPL084W,YMR184W,0,,0.0,0.0,0.13120000064373016
YDL045C,YDR492W,0,,0.0,0.0,0.13130000233650208
YBR297W,YCL031C,0,,0.0,0.0,0.131400004029274
YCR079W,YJL095W,0,,0.0,0.0,0.1315000057220459
YDR071C,YDR142C,0,,0.0,0.0,0.1316000074148178
YDR224C,YJL178C,0,,0.0,0.0,0.13169999420642853
YPR004C,YAR027W,0,,0.0,0.0,0.13179999589920044
YLR095C,YML028W,0,,0.0,0.0,0.13189999759197235
YDR082W,YDR306C,0,,0.0,0.0,0.13199999928474426
YOR242C,YIL094C,0,,0.0,0.0,0.13210000097751617
YNR004W,YPR103W,0,,0.0,0.0,0.13220000267028809
YHR196W,YBR239C,0,,0.0,0.0,0.13230000436306
YDR371W,YER008C,0,,0.0,0.0,0.1324000060558319
YMR323W,YDL043C,0,,0.0,0.0,0.13249999284744263
YDR034C-D,YOL113W,0,,0.0,0.0,0.13259999454021454
YOR287C,YDR387C,0,,0.0,0.0,0.13269999623298645
YBR030W,YLL012W,0,,0.0,0.0,0.13279999792575836
YDL171C,YOL002C,0,,0.0,0.0,0.13289999961853027
YGL023C,YHR056C,0,,0.0,0.0,0.13300000131130219
YDR253C,YDL137W,0,,0.0,0.0,0.1331000030040741
YNL082W,YHR084W,0,,0.0,0.0,0.133200004696846
YLR078C,YML131W,0,,0.0,0.0,0.13330000638961792
YGL160W,YGR123C,0,,0.0,0.0,0.13339999318122864
YJL137C,YBR282W,0,,0.0,0.0,0.13349999487400055
YJL046W,YBL103C,0,,0.0,0.0,0.13359999656677246
YOR008C,YDR409W,0,,0.0,0.0,0.13369999825954437
YPL118W,YOR202W,0,,0.0,0.0,0.13379999995231628
YGL124C,YPR144C,0,,0.0,0.0,0.1339000016450882
YNL124W,YPR029C,0,,0.0,0.0,0.1340000033378601
YDR164C,YNR022C,0,,0.0,0.0,0.13410000503063202
YDR242W,YDR076W,0,,0.0,0.0,0.13420000672340393
YNL009W,YDR131C,0,,0.0,0.0,0.13429999351501465
YDR453C,YPL206C,0,,0.0,0.0,0.13439999520778656
YGL200C,YPR009W,0,,0.0,0.0,0.13449999690055847
YKL049C,YML081C-A,0,,0.0,0.0,0.13459999859333038
YEL011W,YKL107W,0,,0.0,0.0,0.1347000002861023
YLR128W,YLR103C,0,,0.0,0.0,0.1348000019788742
YLR381W,YKR045C,0,,0.0,0.0,0.13490000367164612
YIL073C,YKR102W,0,,0.0,0.0,0.13500000536441803
YNL047C,YGR161W-B,0,,0.0,0.0,0.13510000705718994
YNL160W,YBR210W,0,,0.0,0.0,0.13519999384880066
YMR266W,YDR297W,0,,0.0,0.0,0.13529999554157257
YJL082W,YER185W,0,,0.0,0.0,0.13539999723434448
YLR134W,YLR240W,0,,0.0,0.0,0.1354999989271164
YFL045C,YLR201C,0,,0.0,0.0,0.1356000006198883
YDR017C,YFR041C,0,,0.0,0.0,0.13570000231266022
YDR211W,YDL142C,0,,0.0,0.0,0.13580000400543213
YLL036C,YPL187W,0,,0.0,0.0,0.13590000569820404
YCL027C-A,YGL103W,0,,0.0,0.0,0.13600000739097595
YGL030W,YAR018C,0,,0.0,0.0,0.13609999418258667
YJL024C,YDR156W,0,,0.0,0.0,0.13619999587535858
YFL009W,YNL273W,0,,0.0,0.0,0.1362999975681305
YJR044C,YNL131W,0,,0.0,0.0,0.1363999992609024
YPR125W,YFL054C,0,,0.0,0.0,0.13650000095367432
YLR028C,YPL194W,0,,0.0,0.0,0.13660000264644623
YGL156W,YLR381W,0,,0.0,0.0,0.13670000433921814
YML038C,YKL186C,0,,0.0,0.0,0.13680000603199005
YOR321W,YPR001W,0,,0.0,0.0,0.13689999282360077
YNL088W,YDL101C,0,,0.0,0.0,0.13699999451637268
YLR325C,YBL027W,0,,0.0,0.0,0.1370999962091446
YMR089C,YDR477W,0,,0.0,0.0,0.1371999979019165
YLR441C,YMR278W,0,,0.0,0.0,0.13729999959468842
YLR276C,YPL149W,0,,0.0,0.0,0.13740000128746033
YOR246C,YFL029C,0,,0.0,0.0,0.13750000298023224
YGR121C,YBR082C,0,,0.0,0.0,0.13760000467300415
YEL060C,YOL097C,0,,0.0,0.0,0.13770000636577606
YMR128W,YCL062W,0,,0.0,0.0,0.13779999315738678
YPL108W,YDR281C,0,,0.0,0.0,0.1378999948501587
YBR186W,YPL011C,0,,0.0,0.0,0.1379999965429306
YGR031C-A,YML025C,0,,0.0,0.0,0.13809999823570251
YNL095C,YFR021W,0,,0.0,0.0,0.13819999992847443
YJR025C,YHR178W,0,,0.0,0.0,0.13830000162124634
YPR052C,YIR035C,0,,0.0,0.0,0.13840000331401825
YCR057C,YJL116C,0,,0.0,0.0,0.13850000500679016
YJL065C,YER159C-A,0,,0.0,0.0,0.13860000669956207
YOR054C,YBR201W,0,,0.0,0.0,0.1386999934911728
YOL152W,YDL061C,0,,0.0,0.0,0.1387999951839447
YMR223W,YDL142C,0,,0.0,0.0,0.1388999968767166
YKR101W,YKL108W,0,,0.0,0.0,0.13899999856948853
YNL327W,YER148W,0,,0.0,0.0,0.13910000026226044
YOL054W,YMR260C,0,,0.0,0.0,0.13920000195503235
YOR036W,YEL043W,0,,0.0,0.0,0.13930000364780426
YMR077C,YIL099W,0,,0.0,0.0,0.13940000534057617
YPR200C,YKL195W,0,,0.0,0.0,0.13950000703334808
YGL191W,YBL046W,0,,0.0,0.0,0.1395999938249588
YBL069W,YBR088C,0,,0.0,0.0,0.1396999955177307
YNL292W,YAL024C,0,,0.0,0.0,0.13979999721050262
YLR078C,YNL101W,0,,0.0,0.0,0.13989999890327454
YOR085W,YJL005W,0,,0.0,0.0,0.14000000059604645
YBR059C,YDR242W,0,,0.0,0.0,0.14010000228881836
YJR082C,YOL145C,0,,0.0,0.0,0.14020000398159027
YML109W,YMR112C,0,,0.0,0.0,0.14030000567436218
YMR067C,YCR079W,0,,0.0,0.0,0.1404000073671341
YOL133W,YKR104W,0,,0.0,0.0,0.1404999941587448
YMR115W,YMR284W,0,,0.0,0.0,0.14059999585151672
YFL002W-B,YDL127W,0,,0.0,0.0,0.14069999754428864
YGR272C,YCR011C,0,,0.0,0.0,0.14079999923706055
YOR340C,YNL329C,0,,0.0,0.0,0.14090000092983246
YKL190W,YOL052C,0,,0.0,0.0,0.14100000262260437
YDR381C-A,YBR289W,0,,0.0,0.0,0.14110000431537628
YDR331W,YPR121W,0,,0.0,0.0,0.1412000060081482
YFL041W,YLR314C,0,,0.0,0.0,0.1412999927997589
YOR017W,YIL015W,0,,0.0,0.0,0.14139999449253082
YKL203C,YOL006C,0,,0.0,0.0,0.14149999618530273
YPL155C,YKL171W,0,,0.0,0.0,0.14159999787807465
YNL225C,YBR294W,0,,0.0,0.0,0.14169999957084656
YPL072W,YDR454C,0,,0.0,0.0,0.14180000126361847
YDR071C,YML028W,0,,0.0,0.0,0.14190000295639038
YKL158W,YLL050C,0,,0.0,0.0,0.1420000046491623
YGL210W-A,YMR109W,0,,0.0,0.0,0.1421000063419342
YJR140C,YDL108W,0,,0.0,0.0,0.14219999313354492
YCL075W,YLL005C,0,,0.0,0.0,0.14229999482631683
YBL068W,YPR111W,0,,0.0,0.0,0.14239999651908875
YOR388C,YGL155W,0,,0.0,0.0,0.14249999821186066
YLR090W,YMR240C,0,,0.0,0.0,0.14259999990463257
YPR036W,YLR191W,0,,0.0,0.0,0.14270000159740448
YGL158W,YDR060W,0,,0.0,0.0,0.1428000032901764
YPL157W,YIL006W,0,,0.0,0.0,0.1429000049829483
YDR207C,YMR309C,0,,0.0,0.0,0.14300000667572021
YGL168W,YBR176W,0,,0.0,0.0,0.14309999346733093
YDR143C,YBR066C,0,,0.0,0.0,0.14319999516010284
YDR318W,YJR134C,0,,0.0,0.0,0.14329999685287476
YIR011C,YLR344W,0,,0.0,0.0,0.14339999854564667
YAL010C,YGL207W,0,,0.0,0.0,0.14350000023841858
YJR017C,YGL043W,0,,0.0,0.0,0.1436000019311905
YPL246C,YDR059C,0,,0.0,0.0,0.1437000036239624
YPL206C,YOR336W,0,,0.0,0.0,0.14380000531673431
YHR079C,YDR461W,0,,0.0,0.0,0.14390000700950623
YGR216C,YNL075W,0,,0.0,0.0,0.14399999380111694
YKL166C,YMR235C,0,,0.0,0.0,0.14409999549388885
YPL027W,YNL268W,0,,0.0,0.0,0.14419999718666077
YKL148C,YGL253W,0,,0.0,0.0,0.14429999887943268
YCL030C,YHR128W,0,,0.0,0.0,0.1444000005722046
YOR074C,YHR186C,0,,0.0,0.0,0.1445000022649765
YOR269W,YJR009C,0,,0.0,0.0,0.1446000039577484
YJL074C,YDR387C,0,,0.0,0.0,0.14470000565052032
YER153C,YKR010C,0,,0.0,0.0,0.14480000734329224
YJL033W,YOL049W,0,,0.0,0.0,0.14489999413490295
YPR164W,YGL062W,0,,0.0,0.0,0.14499999582767487
YAL053W,YNR061C,0,,0.0,0.0,0.14509999752044678
YHR066W,YHR008C,0,,0.0,0.0,0.1451999992132187
YOR192C-A,YNL322C,0,,0.0,0.0,0.1453000009059906
YOL117W,YPL200W,0,,0.0,0.0,0.1454000025987625
YDL115C,YLL050C,0,,0.0,0.0,0.14550000429153442
YDR524C-B,YMR200W,0,,0.0,0.0,0.14560000598430634
YDR457W,YDL069C,0,,0.0,0.0,0.14569999277591705
YGL113W,YOR196C,0,,0.0,0.0,0.14579999446868896
YER018C,YML080W,0,,0.0,0.0,0.14589999616146088
YDL229W,YOR120W,0,,0.0,0.0,0.1459999978542328
YJR013W,YML019W,0,,0.0,0.0,0.1460999995470047
YIL017W,YDL141W,0,,0.0,0.0,0.1462000012397766
YOR287C,YPR006C,0,,0.0,0.0,0.14630000293254852
YKL126W,YNR018W,0,,0.0,0.0,0.14640000462532043
YGR090W,YER004W,0,,0.0,0.0,0.14650000631809235
YER125W,YHR057C,0,,0.0,0.0,0.14659999310970306
YJL056C,YDL045W-A,0,,0.0,0.0,0.14669999480247498
YDR167W,YPR018W,0,,0.0,0.0,0.1467999964952469
YOR209C,YAL035W,0,,0.0,0.0,0.1468999981880188
YHR005C-A,YHR216W,0,,0.0,0.0,0.1469999998807907
YLR129W,YKL161C,0,,0.0,0.0,0.14710000157356262
YPL228W,YLL010C,0,,0.0,0.0,0.14720000326633453
YNL339C,YDR312W,0,,0.0,0.0,0.14730000495910645
YOR284W,YOL080C,0,,0.0,0.0,0.14740000665187836
YPR135W,YML066C,0,,0.0,0.0,0.14749999344348907
YCR070W,YBL036C,0,,0.0,0.0,0.147599995136261
YOR131C,YMR046C,0,,0.0,0.0,0.1476999968290329
YDL174C,YML064C,0,,0.0,0.0,0.1477999985218048
YGL019W,YDL185W,0,,0.0,0.0,0.14790000021457672
YML052W,YCR083W,0,,0.0,0.0,0.14800000190734863
YOR306C,YNL254C,0,,0.0,0.0,0.14810000360012054
YPL046C,YOL056W,0,,0.0,0.0,0.14820000529289246
YJL029C,YKL209C,0,,0.0,0.0,0.14830000698566437
YPL164C,YHL033C,0,,0.0,0.0,0.14839999377727509
YPR033C,YLR097C,0,,0.0,0.0,0.148499995470047
YKL109W,YLR391W,0,,0.0,0.0,0.1485999971628189
YGL089C,YDL146W,0,,0.0,0.0,0.14869999885559082
YDR349C,YBL100W-A,0,,0.0,0.0,0.14880000054836273
YDR164C,YKL041W,0,,0.0,0.0,0.14890000224113464
YAR071W,YNL006W,0,,0.0,0.0,0.14900000393390656
YDR346C,YCR039C,0,,0.0,0.0,0.14910000562667847
YGL168W,YFR033C,0,,0.0,0.0,0.14920000731945038
YLR450W,YNL032W,0,,0.0,0.0,0.1492999941110611
YMR201C,YGL160W,0,,0.0,0.0,0.149399995803833
YPR019W,YDR511W,0,,0.0,0.0,0.14949999749660492
YDL078C,YML043C,0,,0.0,0.0,0.14959999918937683
YEL020C,YIR009W,0,,0.0,0.0,0.14970000088214874
YGR076C,YIL020C,0,,0.0,0.0,0.14980000257492065
YOR162C,YIL048W,0,,0.0,0.0,0.14990000426769257
YJL042W,YPL217C,0,,0.0,0.0,0.15000000596046448
YDR485C,YER030W,0,,0.0,0.0,0.1500999927520752
YOL137W,YDL029W,0,,0.0,0.0,0.1501999944448471
YLR404W,YDR379W,0,,0.0,0.0,0.15029999613761902
YOL066C,YNL091W,0,,0.0,0.0,0.15039999783039093
YDR255C,YHR143W-A,0,,0.0,0.0,0.15049999952316284
YBR058C,YMR218C,0,,0.0,0.0,0.15060000121593475
YOR303W,YGR148C,0,,0.0,0.0,0.15070000290870667
YLR154C,YFL034C-A,0,,0.0,0.0,0.15080000460147858
YLR242C,YJR031C,0,,0.0,0.0,0.1509000062942505
YOR348C,YJL210W,0,,0.0,0.0,0.1509999930858612
YNL302C,YBR033W,0,,0.0,0.0,0.15109999477863312
YKR068C,YGR255C,0,,0.0,0.0,0.15119999647140503
YDR093W,YGR105W,0,,0.0,0.0,0.15129999816417694
YJL046W,YPL270W,0,,0.0,0.0,0.15139999985694885
YOR323C,YPL227C,0,,0.0,0.0,0.15150000154972076
YBR098W,YOL040C,0,,0.0,0.0,0.15160000324249268
YBR296C,YJR159W,0,,0.0,0.0,0.1517000049352646
YKR080W,YDR226W,0,,0.0,0.0,0.1518000066280365
YPR066W,YPL121C,0,,0.0,0.0,0.15189999341964722
YOR176W,YDR069C,0,,0.0,0.0,0.15199999511241913
YCL075W,YBR177C,0,,0.0,0.0,0.15209999680519104
YJL080C,YOR092W,0,,0.0,0.0,0.15219999849796295
YPR119W,YIL084C,0,,0.0,0.0,0.15230000019073486
YHR032W,YHL027W,0,,0.0,0.0,0.15240000188350677
YJR004C,YPL189C-A,0,,0.0,0.0,0.1525000035762787
YJR014W,YHR089C,0,,0.0,0.0,0.1526000052690506
YGR092W,YKR059W,0,,0.0,0.0,0.1527000069618225
YMR304W,YGR189C,0,,0.0,0.0,0.15279999375343323
YKR055W,YMR099C,0,,0.0,0.0,0.15289999544620514
YDL188C,YDR534C,0,,0.0,0.0,0.15299999713897705
YFL062W,YER030W,0,,0.0,0.0,0.15309999883174896
YJR133W,YBL006C,0,,0.0,0.0,0.15320000052452087
YOR096W,YOR118W,0,,0.0,0.0,0.15330000221729279
YKL179C,YGR163W,0,,0.0,0.0,0.1534000039100647
YBR258C,YOL113W,0,,0.0,0.0,0.1535000056028366
YPR082C,YMR145C,0,,0.0,0.0,0.15360000729560852
YOR128C,YBR095C,0,,0.0,0.0,0.15369999408721924
YER020W,YJR140C,0,,0.0,0.0,0.15379999577999115
YLR341W,YBR215W,0,,0.0,0.0,0.15389999747276306
YPL163C,YGR264C,0,,0.0,0.0,0.15399999916553497
YIL159W,YFR028C,0,,0.0,0.0,0.15410000085830688
YOR292C,YDR090C,0,,0.0,0.0,0.1542000025510788
YGR001C,YDL170W,0,,0.0,0.0,0.1543000042438507
YGR263C,YNL007C,0,,0.0,0.0,0.15440000593662262
YHR207C,YIL113W,0,,0.0,0.0,0.15449999272823334
YDR511W,YCL003W,0,,0.0,0.0,0.15459999442100525
YIR007W,YBR237W,0,,0.0,0.0,0.15469999611377716
YGR166W,YOR064C,0,,0.0,0.0,0.15479999780654907
YBL010C,YLR369W,0,,0.0,0.0,0.15489999949932098
YDR086C,YFL029C,0,,0.0,0.0,0.1550000011920929
YBR082C,YJL072C,0,,0.0,0.0,0.1551000028848648
YDR447C,YKL127W,0,,0.0,0.0,0.15520000457763672
YOR360C,YGR161W-B,0,,0.0,0.0,0.15530000627040863
YKL198C,YDL108W,0,,0.0,0.0,0.15539999306201935
YDR248C,YKR105C,0,,0.0,0.0,0.15549999475479126
YHR064C,YGR279C,0,,0.0,0.0,0.15559999644756317
YAR015W,YLR182W,0,,0.0,0.0,0.15569999814033508
YBR067C,YPL241C,0,,0.0,0.0,0.155799999833107
YKL181W,YIL111W,0,,0.0,0.0,0.1559000015258789
YML025C,YML113W,0,,0.0,0.0,0.15600000321865082
YIR021W,YLR433C,0,,0.0,0.0,0.15610000491142273
YGL023C,YKL201C,0,,0.0,0.0,0.15620000660419464
YNL209W,YBR026C,0,,0.0,0.0,0.15629999339580536
YDR405W,YLR403W,0,,0.0,0.0,0.15639999508857727
YOL151W,YPL170W,0,,0.0,0.0,0.15649999678134918
YDR484W,YIL105C,0,,0.0,0.0,0.1565999984741211
YIR017C,YMR257C,0,,0.0,0.0,0.156700000166893
YML048W,YBR035C,0,,0.0,0.0,0.15680000185966492
YNL208W,YCL027W,0,,0.0,0.0,0.15690000355243683
YNR027W,YPL093W,0,,0.0,0.0,0.15700000524520874
YDR027C,YHR143W,0,,0.0,0.0,0.15710000693798065
YGR108W,YGL106W,0,,0.0,0.0,0.15719999372959137
YKR068C,YMR017W,0,,0.0,0.0,0.15729999542236328
YLR040C,YFL050C,0,,0.0,0.0,0.1573999971151352
YIL074C,YDL028C,0,,0.0,0.0,0.1574999988079071
YOR037W,YDR299W,0,,0.0,0.0,0.15760000050067902
YML009C,YDR014W-A,0,,0.0,0.0,0.15770000219345093
YNL061W,YLR209C,0,,0.0,0.0,0.15780000388622284
YDR480W,YOL053C-A,0,,0.0,0.0,0.15790000557899475
YLR204W,YHR063C,0,,0.0,0.0,0.15800000727176666
YOR367W,YNL189W,0,,0.0,0.0,0.15809999406337738
YLL019C,YFR044C,0,,0.0,0.0,0.1581999957561493
YGR285C,YLR401C,0,,0.0,0.0,0.1582999974489212
YDL002C,YGL216W,0,,0.0,0.0,0.15839999914169312
YER119C,YDR424C,0,,0.0,0.0,0.15850000083446503
YNL248C,YIL094C,0,,0.0,0.0,0.15860000252723694
YIL020C,YPR006C,0,,0.0,0.0,0.15870000422000885
YJL072C,YNL154C,0,,0.0,0.0,0.15880000591278076
YPL129W,YML040W,0,,0.0,0.0,0.15889999270439148
YPR060C,YMR306W,0,,0.0,0.0,0.1589999943971634
YCR003W,YDL038C,0,,0.0,0.0,0.1590999960899353
YIL139C,YGR292W,0,,0.0,0.0,0.15919999778270721
YML071C,YHR012W,0,,0.0,0.0,0.15929999947547913
YGR238C,YBR158W,0,,0.0,0.0,0.15940000116825104
YGR061C,YOL060C,0,,0.0,0.0,0.15950000286102295
YBR236C,YDR383C,0,,0.0,0.0,0.15960000455379486
YPL104W,YIL128W,0,,0.0,0.0,0.15970000624656677
YDR088C,YPL192C,0,,0.0,0.0,0.1597999930381775
YLR002C,YPL016W,0,,0.0,0.0,0.1598999947309494
YDL136W,YBL006C,0,,0.0,0.0,0.1599999964237213
YHR134W,YDR487C,0,,0.0,0.0,0.16009999811649323
YBR068C,YBR056W,0,,0.0,0.0,0.16019999980926514
YMR083W,YML010W,0,,0.0,0.0,0.16030000150203705
YJL145W,YKR046C,0,,0.0,0.0,0.16040000319480896
YDR054C,YDL138W,0,,0.0,0.0,0.16050000488758087
YLR320W,YDR291W,0,,0.0,0.0,0.16060000658035278
YDR034C,YHR023W,0,,0.0,0.0,0.1606999933719635
YPR104C,YMR142C,0,,0.0,0.0,0.1607999950647354
YJL171C,YER012W,0,,0.0,0.0,0.16089999675750732
YDL077C,YDL080C,0,,0.0,0.0,0.16099999845027924
YML078W,YOR058C,0,,0.0,0.0,0.16110000014305115
YER019C-A,YER026C,0,,0.0,0.0,0.16120000183582306
YPL257W-A,YKL221W,0,,0.0,0.0,0.16130000352859497
YJR047C,YCR070W,0,,0.0,0.0,0.16140000522136688
YHR117W,YJR159W,0,,0.0,0.0,0.1615000069141388
YKR018C,YMR306W,0,,0.0,0.0,0.1615999937057495
YHR004C,YHR007C,0,,0.0,0.0,0.16169999539852142
YGL169W,YKL178C,0,,0.0,0.0,0.16179999709129333
YML008C,YLR256W-A,0,,0.0,0.0,0.16189999878406525
YPL015C,YCR073C,0,,0.0,0.0,0.16200000047683716
YDL144C,YHR019C,0,,0.0,0.0,0.16210000216960907
YJL085W,YLR408C,0,,0.0,0.0,0.16220000386238098
YNL152W,YMR094W,0,,0.0,0.0,0.1623000055551529
YBL097W,YGR049W,0,,0.0,0.0,0.1624000072479248
YDR173C,YPL047W,0,,0.0,0.0,0.16249999403953552
YOR168W,YDR153C,0,,0.0,0.0,0.16259999573230743
YLR369W,YCR053W,0,,0.0,0.0,0.16269999742507935
YGR284C,YFL039C,0,,0.0,0.0,0.16279999911785126
YMR106C,YDL188C,0,,0.0,0.0,0.16290000081062317
YDL061C,YKL199C,0,,0.0,0.0,0.16300000250339508
YNR073C,YLR207W,0,,0.0,0.0,0.163100004196167
YPL048W,YMR068W,0,,0.0,0.0,0.1632000058889389
YDR139C,YOR374W,0,,0.0,0.0,0.16329999268054962
YKR094C,YGL038C,0,,0.0,0.0,0.16339999437332153
YOL003C,YOR343C-B,0,,0.0,0.0,0.16349999606609344
YMR065W,YPR111W,0,,0.0,0.0,0.16359999775886536
YML130C,YDR142C,0,,0.0,0.0,0.16369999945163727
YLR010C,YBR061C,0,,0.0,0.0,0.16380000114440918
YOR037W,YJL047C,0,,0.0,0.0,0.1639000028371811
YOR222W,YPL024W,0,,0.0,0.0,0.164000004529953
YPL223C,YKL203C,0,,0.0,0.0,0.16410000622272491
YHL018W,YML024W,0,,0.0,0.0,0.16419999301433563
YGL090W,YJL129C,0,,0.0,0.0,0.16429999470710754
YJR094W-A,YGL211W,0,,0.0,0.0,0.16439999639987946
YGL220W,YLR452C,0,,0.0,0.0,0.16449999809265137
YCR097WB,YPR166C,0,,0.0,0.0,0.16459999978542328
YNL125C,YER029C,0,,0.0,0.0,0.1647000014781952
YPL033C,YER058W,0,,0.0,0.0,0.1648000031709671
YGR206W,YOR025W,0,,0.0,0.0,0.164900004863739
YDR119W,YJR089W,0,,0.0,0.0,0.16500000655651093
YHR008C,YGR056W,0,,0.0,0.0,0.16509999334812164
YJL073W,YGR056W,0,,0.0,0.0,0.16519999504089355
YBR126C,YGR065C,0,,0.0,0.0,0.16529999673366547
YCR072C,YGR278W,0,,0.0,0.0,0.16539999842643738
YCR020C,YNL080C,0,,0.0,0.0,0.1655000001192093
YPR018W,YOR196C,0,,0.0,0.0,0.1656000018119812
YJL137C,YER018C,0,,0.0,0.0,0.1657000035047531
YGR240C,YOL066C,0,,0.0,0.0,0.16580000519752502
YOR116C,YKL020C,0,,0.0,0.0,0.16590000689029694
YNL261W,YLR370C,0,,0.0,0.0,0.16599999368190765
YOR143C,YHR030C,0,,0.0,0.0,0.16609999537467957
YJL074C,YBL112C,0,,0.0,0.0,0.16619999706745148
YPR070W,YNR001C,0,,0.0,0.0,0.1662999987602234
YOR192C-B,YOR375C,0,,0.0,0.0,0.1664000004529953
YLR321C,YBR173C,0,,0.0,0.0,0.1665000021457672
YAR044W,YJR021C,0,,0.0,0.0,0.16660000383853912
YLR035C,YGR145W,0,,0.0,0.0,0.16670000553131104
YDR226W,YML085C,0,,0.0,0.0,0.16680000722408295
YOL128C,YDR034C-D,0,,0.0,0.0,0.16689999401569366
YOL141W,YDR226W,0,,0.0,0.0,0.16699999570846558
YDR170C,YMR114C,0,,0.0,0.0,0.1670999974012375
YPL163C,YDR115W,0,,0.0,0.0,0.1671999990940094
YPL128C,YDR163W,0,,0.0,0.0,0.1673000007867813
YGL223C,YLR154C,0,,0.0,0.0,0.16740000247955322
YBR083W,YPR124W,0,,0.0,0.0,0.16750000417232513
YJL118W,YNR001C,0,,0.0,0.0,0.16760000586509705
YER075C,YJL133W,0,,0.0,0.0,0.16769999265670776
YGR014W,YER042W,0,,0.0,0.0,0.16779999434947968
YHR187W,YFR042W,0,,0.0,0.0,0.1678999960422516
YMR092C,YNL326C,0,,0.0,0.0,0.1679999977350235
YKL189W,YPL038W,0,,0.0,0.0,0.1680999994277954
YOR329C,YPL270W,0,,0.0,0.0,0.16820000112056732
YNL107W,YMR017W,0,,0.0,0.0,0.16830000281333923
YNL254C,YMR233W,0,,0.0,0.0,0.16840000450611115
YBR033W,YGL099W,0,,0.0,0.0,0.16850000619888306
YPL027W,YCR098C,0,,0.0,0.0,0.16859999299049377
YNL252C,YIL150C,0,,0.0,0.0,0.16869999468326569
YKL211C,YOR256C,0,,0.0,0.0,0.1687999963760376
YDR480W,YNL073W,0,,0.0,0.0,0.1688999980688095
YJL101C,YKL205W,0,,0.0,0.0,0.16899999976158142
YGR177C,YKR098C,0,,0.0,0.0,0.16910000145435333
YDR104C,YOR327C,0,,0.0,0.0,0.16920000314712524
YMR283C,YDR294C,0,,0.0,0.0,0.16930000483989716
YMR078C,YPL124W,0,,0.0,0.0,0.16940000653266907
YDR531W,YDR530C,0,,0.0,0.0,0.16949999332427979
YFL050C,YER185W,0,,0.0,0.0,0.1695999950170517
YBR141C,YGL059W,0,,0.0,0.0,0.1696999967098236
YHR116W,YOR064C,0,,0.0,0.0,0.16979999840259552
YKR080W,YDR214W,0,,0.0,0.0,0.16990000009536743
YHR215W,YDL137W,0,,0.0,0.0,0.17000000178813934
YEL050C,YPL012W,0,,0.0,0.0,0.17010000348091125
YJL025W,YLR233C,0,,0.0,0.0,0.17020000517368317
YPL016W,YDR498C,0,,0.0,0.0,0.17030000686645508
YLR320W,YDR240C,0,,0.0,0.0,0.1703999936580658
YBR036C,YGL125W,0,,0.0,0.0,0.1704999953508377
YKR026C,YGR059W,0,,0.0,0.0,0.17059999704360962
YPR200C,YGR027W-B,0,,0.0,0.0,0.17069999873638153
YER173W,YDR142C,0,,0.0,0.0,0.17080000042915344
YOR174W,YDR184C,0,,0.0,0.0,0.17090000212192535
YDR142C,YIL039W,0,,0.0,0.0,0.17100000381469727
YIL108W,YDR524C-B,0,,0.0,0.0,0.17110000550746918
YGR207C,YNL248C,0,,0.0,0.0,0.1712000072002411
YLR329W,YER096W,0,,0.0,0.0,0.1712999939918518
YPL091W,YIL111W,0,,0.0,0.0,0.17139999568462372
YDR465C,YPR133W-A,0,,0.0,0.0,0.17149999737739563
YOL151W,YBR199W,0,,0.0,0.0,0.17159999907016754
YGL200C,YBR123C,0,,0.0,0.0,0.17170000076293945
YGL046W,YDL191W,0,,0.0,0.0,0.17180000245571136
YNL138W-A,YJL092W,0,,0.0,0.0,0.17190000414848328
YBR033W,YPL259C,0,,0.0,0.0,0.1720000058412552
YDR052C,YAR027W,0,,0.0,0.0,0.1720999926328659
YGL037C,YJR031C,0,,0.0,0.0,0.17219999432563782
YMR273C,YER019W,0,,0.0,0.0,0.17229999601840973
YOR175C,YDR448W,0,,0.0,0.0,0.17239999771118164
YMR089C,YKL135C,0,,0.0,0.0,0.17249999940395355
YDR316W,YPL143W,0,,0.0,0.0,0.17260000109672546
YFL011W-A,YER117W,0,,0.0,0.0,0.17270000278949738
YDR258C,YKR059W,0,,0.0,0.0,0.1728000044822693
YNL222W,YPR187W,0,,0.0,0.0,0.1729000061750412
YAL013W,YNL054W-B,0,,0.0,0.0,0.17299999296665192
YNL088W,YIL078W,0,,0.0,0.0,0.17309999465942383
YOR138C,YMR256C,0,,0.0,0.0,0.17319999635219574
YPR018W,YOL108C,0,,0.0,0.0,0.17329999804496765
YDR085C,YBR040W,0,,0.0,0.0,0.17339999973773956
YPL246C,YPL016W,0,,0.0,0.0,0.17350000143051147
YDL121C,YDR034C-D,0,,0.0,0.0,0.1736000031232834
YGR216C,YKL206C,0,,0.0,0.0,0.1737000048160553
YMR021C,YLR157C,0,,0.0,0.0,0.1738000065088272
YOR085W,YMR319C,0,,0.0,0.0,0.17389999330043793
YDR381C-A,YOR313C,0,,0.0,0.0,0.17399999499320984
YAL025C,YBR199W,0,,0.0,0.0,0.17409999668598175
YDL002C,YOR039W,0,,0.0,0.0,0.17419999837875366
YNL163C,YDL074C,0,,0.0,0.0,0.17430000007152557
YGL191W,YNL262W,0,,0.0,0.0,0.17440000176429749
YGL065C,YJL189W,0,,0.0,0.0,0.1745000034570694
YDR085C,YMR117C,0,,0.0,0.0,0.1746000051498413
YPR080W,YPR138C,0,,0.0,0.0,0.17470000684261322
YBR098W,YGL094C,0,,0.0,0.0,0.17479999363422394
YNL311C,YDR316W-A,0,,0.0,0.0,0.17489999532699585
YDL070W,YLR418C,0,,0.0,0.0,0.17499999701976776
YGR157W,YNR067C,0,,0.0,0.0,0.17509999871253967
YPR201W,YIR035C,0,,0.0,0.0,0.17520000040531158
YBL088C,YPL088W,0,,0.0,0.0,0.1753000020980835
YNL282W,YDL141W,0,,0.0,0.0,0.1754000037908554
YGL106W,YDR229W,0,,0.0,0.0,0.17550000548362732
YBR239C,YML065W,0,,0.0,0.0,0.17560000717639923
YDR318W,YBR238C,0,,0.0,0.0,0.17569999396800995
YOL067C,YOR246C,0,,0.0,0.0,0.17579999566078186
YDR443C,YGL180W,0,,0.0,0.0,0.17589999735355377
YPL266W,YDL103C,0,,0.0,0.0,0.17599999904632568
YPL122C,YCL031C,0,,0.0,0.0,0.1761000007390976
YFL017W-A,YPL273W,0,,0.0,0.0,0.1762000024318695
YER088C,YKR058W,0,,0.0,0.0,0.17630000412464142
YGR227W,YER088C,0,,0.0,0.0,0.17640000581741333
YKL216W,YDR312W,0,,0.0,0.0,0.17649999260902405
YOL152W,YBL084C,0,,0.0,0.0,0.17659999430179596
YDR320C-A,YKL078W,0,,0.0,0.0,0.17669999599456787
YJL192C,YGR026W,0,,0.0,0.0,0.17679999768733978
YOR234C,YGR284C,0,,0.0,0.0,0.1768999993801117
YPL131W,YDR140W,0,,0.0,0.0,0.1770000010728836
YBR289W,YNR017W,0,,0.0,0.0,0.17710000276565552
YLR079W,YOL145C,0,,0.0,0.0,0.17720000445842743
YDR506C,YNL127W,0,,0.0,0.0,0.17730000615119934
YGL225W,YIL090W,0,,0.0,0.0,0.17739999294281006
YBL020W,YMR269W,0,,0.0,0.0,0.17749999463558197
YDL025C,YIL002C,0,,0.0,0.0,0.17759999632835388
YDR348C,YOR362C,0,,0.0,0.0,0.1776999980211258
YMR092C,YNL304W,0,,0.0,0.0,0.1777999997138977
YNR027W,YPR043W,0,,0.0,0.0,0.17790000140666962
YMR056C,YGR185C,0,,0.0,0.0,0.17800000309944153
YGR166W,YPR190C,0,,0.0,0.0,0.17810000479221344
YNL032W,YDL036C,0,,0.0,0.0,0.17820000648498535
YOR047C,YPR158C-D,0,,0.0,0.0,0.17829999327659607
YNL186W,YFR007W,0,,0.0,0.0,0.17839999496936798
YLR403W,YER074W-A,0,,0.0,0.0,0.1784999966621399
YDL052C,YGR084C,0,,0.0,0.0,0.1785999983549118
YIR002C,YCR024C-A,0,,0.0,0.0,0.17870000004768372
YBL008W-A,YJL079C,0,,0.0,0.0,0.17880000174045563
YGR192C,YER030W,0,,0.0,0.0,0.17890000343322754
YGL008C,YDR016C,0,,0.0,0.0,0.17900000512599945
YDL200C,YPL186C,0,,0.0,0.0,0.17910000681877136
YDR027C,YDL049C,0,,0.0,0.0,0.17919999361038208
YDL202W,YBR012W-B,0,,0.0,0.0,0.179299995303154
YNR018W,YDR121W,0,,0.0,0.0,0.1793999969959259
YMR089C,YBR265W,0,,0.0,0.0,0.17949999868869781
YBR061C,YDR248C,0,,0.0,0.0,0.17960000038146973
YMR006C,YGR038W,0,,0.0,0.0,0.17970000207424164
YLR264W,YBR040W,0,,0.0,0.0,0.17980000376701355
YGL017W,YKL090W,0,,0.0,0.0,0.17990000545978546
YMR250W,YGR186W,0,,0.0,0.0,0.18000000715255737
YBL052C,YOR386W,0,,0.0,0.0,0.1800999939441681
YPL078C,YMR198W,0,,0.0,0.0,0.18019999563694
YPR164W,YJL144W,0,,0.0,0.0,0.18029999732971191
YHL009W-A,YMR180C,0,,0.0,0.0,0.18039999902248383
YBR247C,YDR072C,0,,0.0,0.0,0.18050000071525574
YIL061C,YPL170W,0,,0.0,0.0,0.18060000240802765
YLR321C,YPR043W,0,,0.0,0.0,0.18070000410079956
YJR145C,YDR476C,0,,0.0,0.0,0.18080000579357147
YLR187W,YFL021W,0,,0.0,0.0,0.1808999925851822
YPR043W,YHR036W,0,,0.0,0.0,0.1809999942779541
YNL307C,YNR061C,0,,0.0,0.0,0.181099995970726
YBR120C,YDL174C,0,,0.0,0.0,0.18119999766349792
YNL306W,YKR029C,0,,0.0,0.0,0.18129999935626984
YPL094C,YKR060W,0,,0.0,0.0,0.18140000104904175
YKR037C,YBR198C,0,,0.0,0.0,0.18150000274181366
YMR166C,YKL078W,0,,0.0,0.0,0.18160000443458557
YJR063W,YPL159C,0,,0.0,0.0,0.18170000612735748
YML088W,YGL179C,0,,0.0,0.0,0.1817999929189682
YOR035C,YJR064W,0,,0.0,0.0,0.1818999946117401
YPL096W,YOR044W,0,,0.0,0.0,0.18199999630451202
YGL040C,YJL092W,0,,0.0,0.0,0.18209999799728394
YOR217W,YEL069C,0,,0.0,0.0,0.18219999969005585
YLL036C,YJL189W,0,,0.0,0.0,0.18230000138282776
YPL237W,YER008C,0,,0.0,0.0,0.18240000307559967
YDR261W-A,YDL085W,0,,0.0,0.0,0.18250000476837158
YKR014C,YHR051W,0,,0.0,0.0,0.1826000064611435
YJL102W,YHR152W,0,,0.0,0.0,0.1826999932527542
YKR003W,YDR311W,0,,0.0,0.0,0.18279999494552612
YPR162C,YLR222C,0,,0.0,0.0,0.18289999663829803
YOR211C,YLR388W,0,,0.0,0.0,0.18299999833106995
YAL005C,YGL224C,0,,0.0,0.0,0.18310000002384186
YNL119W,YER051W,0,,0.0,0.0,0.18320000171661377
YMR203W,YKR002W,0,,0.0,0.0,0.18330000340938568
YLR099C,YGR169C,0,,0.0,0.0,0.1834000051021576
YIL017W,YOL053C-A,0,,0.0,0.0,0.1835000067949295
YBL074C,YML005W,0,,0.0,0.0,0.18359999358654022
YAR018C,YJL139C,0,,0.0,0.0,0.18369999527931213
YBL101W-A,YDR072C,0,,0.0,0.0,0.18379999697208405
YNR075W,YEL060C,0,,0.0,0.0,0.18389999866485596
YML014W,YKL163W,0,,0.0,0.0,0.18400000035762787
YKL184W,YJR083C,0,,0.0,0.0,0.18410000205039978
YDL121C,YLR429W,0,,0.0,0.0,0.1842000037431717
YOL041C,YIR008C,0,,0.0,0.0,0.1843000054359436
YOR233W,YPL144W,0,,0.0,0.0,0.18440000712871552
YFL053W,YJL191W,0,,0.0,0.0,0.18449999392032623
YFL011W-A,YGR068C,0,,0.0,0.0,0.18459999561309814
YDR326C,YLR301W,0,,0.0,0.0,0.18469999730587006
YER164W,YGR229C,0,,0.0,0.0,0.18479999899864197
YGR203W,YOL006C,0,,0.0,0.0,0.18490000069141388
YGR206W,YIL078W,0,,0.0,0.0,0.1850000023841858
YDR538W,YKL171W,0,,0.0,0.0,0.1851000040769577
YJL177W,YGL145W,0,,0.0,0.0,0.18520000576972961
YCR014C,YIL046W,0,,0.0,0.0,0.18529999256134033
YOR073W,YOL077C,0,,0.0,0.0,0.18539999425411224
YBR098W,YMR276W,0,,0.0,0.0,0.18549999594688416
YPL230W,YBR002C,0,,0.0,0.0,0.18559999763965607
YLR238W,YGR144W,0,,0.0,0.0,0.18569999933242798
YBL011W,YIR035C,0,,0.0,0.0,0.1858000010251999
YNL070W,YLR240W,0,,0.0,0.0,0.1859000027179718
YGL030W,YNL006W,0,,0.0,0.0,0.1860000044107437
YLR042C,YJR105W,0,,0.0,0.0,0.18610000610351562
YBR201W,YNL091W,0,,0.0,0.0,0.18619999289512634
YIL133C,YNL330C,0,,0.0,0.0,0.18629999458789825
YDR139C,YKL166C,0,,0.0,0.0,0.18639999628067017
YCL069W,YGL047W,0,,0.0,0.0,0.18649999797344208
YPR137W,YDR229W,0,,0.0,0.0,0.186599999666214
YIL114C,YLR265C,0,,0.0,0.0,0.1867000013589859
YLR406C,YDL166C,0,,0.0,0.0,0.1868000030517578
YER162C,YPR178W,0,,0.0,0.0,0.18690000474452972
YKL084W,YAL029C,0,,0.0,0.0,0.18700000643730164
YNL241C,YJR137C,0,,0.0,0.0,0.18709999322891235
YOR140W,YGL145W,0,,0.0,0.0,0.18719999492168427
YDL021W,YOR261C,0,,0.0,0.0,0.18729999661445618
YGL163C,YIL150C,0,,0.0,0.0,0.1873999983072281
YPL214C,YGR056W,0,,0.0,0.0,0.1875
YFR033C,YJR001W,0,,0.0,0.0,0.1876000016927719
YPL017C,YMR304W,0,,0.0,0.0,0.18770000338554382
YJL042W,YEL036C,0,,0.0,0.0,0.18780000507831573
YLR403W,YDR485C,0,,0.0,0.0,0.18790000677108765
YLR298C,YDL166C,0,,0.0,0.0,0.18799999356269836
YJR133W,YLR408C,0,,0.0,0.0,0.18809999525547028
YDR120C,YBR261C,0,,0.0,0.0,0.1881999969482422
YER111C,YGR028W,0,,0.0,0.0,0.1882999986410141
YNL284C-A,YHR141C,0,,0.0,0.0,0.188400000333786
YJL053W,YGR006W,0,,0.0,0.0,0.18850000202655792
YDR261C-D,YDR197W,0,,0.0,0.0,0.18860000371932983
YDL065C,YBL078C,0,,0.0,0.0,0.18870000541210175
YOR201C,YDL056W,0,,0.0,0.0,0.18880000710487366
YHR183W,YER169W,0,,0.0,0.0,0.18889999389648438
YLR390W,YIL110W,0,,0.0,0.0,0.1889999955892563
YLR116W,YFR018C,0,,0.0,0.0,0.1890999972820282
YOR233W,YMR051C,0,,0.0,0.0,0.1891999989748001
YDL133C-A,YBR105C,0,,0.0,0.0,0.18930000066757202
YLR095C,YBR192W,0,,0.0,0.0,0.18940000236034393
YPL069C,YBL075C,0,,0.0,0.0,0.18950000405311584
YKL193C,YBL060W,0,,0.0,0.0,0.18960000574588776
YDR123C,YKL182W,0,,0.0,0.0,0.18970000743865967
YNL135C,YOR386W,0,,0.0,0.0,0.18979999423027039
YDL136W,YFR019W,0,,0.0,0.0,0.1898999959230423
YBL017C,YDR211W,0,,0.0,0.0,0.1899999976158142
YMR169C,YJL207C,0,,0.0,0.0,0.19009999930858612
YOR100C,YLR240W,0,,0.0,0.0,0.19020000100135803
YOR233W,YLL055W,0,,0.0,0.0,0.19030000269412994
YPL269W,YAL058W,0,,0.0,0.0,0.19040000438690186
YGR038C-A,YGR159C,0,,0.0,0.0,0.19050000607967377
YJL134W,YER096W,0,,0.0,0.0,0.19059999287128448
YCL059C,YIL111W,0,,0.0,0.0,0.1906999945640564
YIL162W,YMR251W-A,0,,0.0,0.0,0.1907999962568283
YKL137W,YFL062W,0,,0.0,0.0,0.19089999794960022
YMR162C,YBL019W,0,,0.0,0.0,0.19099999964237213
YNL302C,YBR203W,0,,0.0,0.0,0.19110000133514404
YER029C,YBR222C,0,,0.0,0.0,0.19120000302791595
YCL074W,YPL255W,0,,0.0,0.0,0.19130000472068787
YLR128W,YPL220W,0,,0.0,0.0,0.19140000641345978
YER165W,YPR182W,0,,0.0,0.0,0.1914999932050705
YLR109W,YKR009C,0,,0.0,0.0,0.1915999948978424
YLR158C,YDR530C,0,,0.0,0.0,0.19169999659061432
YBR289W,YNL248C,0,,0.0,0.0,0.19179999828338623
YLR151C,YNL272C,0,,0.0,0.0,0.19189999997615814
YBL092W,YKL056C,0,,0.0,0.0,0.19200000166893005
YKR062W,YLR100W,0,,0.0,0.0,0.19210000336170197
YFL009W,YMR229C,0,,0.0,0.0,0.19220000505447388
YML088W,YLR035C,0,,0.0,0.0,0.1923000067472458
YML039W,YKR098C,0,,0.0,0.0,0.1923999935388565
YPL157W,YCR098C,0,,0.0,0.0,0.19249999523162842
YGL162W,YJL166W,0,,0.0,0.0,0.19259999692440033
YGR215W,YPL246C,0,,0.0,0.0,0.19269999861717224
YPL038W,YDR313C,0,,0.0,0.0,0.19280000030994415
YIL047C,YPR043W,0,,0.0,0.0,0.19290000200271606
YHR123W,YNL106C,0,,0.0,0.0,0.19300000369548798
YPR043W,YBR115C,0,,0.0,0.0,0.1931000053882599
YLR403W,YMR301C,0,,0.0,0.0,0.1932000070810318
YKL034W,YML012W,0,,0.0,0.0,0.19329999387264252
YMR172W,YOR229W,0,,0.0,0.0,0.19339999556541443
YPL226W,YBR126C,0,,0.0,0.0,0.19349999725818634
YDL225W,YHR104W,0,,0.0,0.0,0.19359999895095825
YER016W,YDR444W,0,,0.0,0.0,0.19370000064373016
YER150W,YDR117C,0,,0.0,0.0,0.19380000233650208
YPR204W,YOR371C,0,,0.0,0.0,0.193900004029274
YPL196W,YOL146W,0,,0.0,0.0,0.1940000057220459
YLR151C,YAL009W,0,,0.0,0.0,0.1941000074148178
YCR030C,YLR013W,0,,0.0,0.0,0.19419999420642853
YLR079W,YNR043W,0,,0.0,0.0,0.19429999589920044
YNL121C,YKL163W,0,,0.0,0.0,0.19439999759197235
YKR035W-A,YML046W,0,,0.0,0.0,0.19449999928474426
YCL027C-A,YPL230W,0,,0.0,0.0,0.19460000097751617
YLR028C,YNR051C,0,,0.0,0.0,0.19470000267028809
YNL071W,YKL025C,0,,0.0,0.0,0.19480000436306
YKL170W,YFL009W,0,,0.0,0.0,0.1949000060558319
YOR270C,YAR071W,0,,0.0,0.0,0.19499999284744263
YLL017W,YAL008W,0,,0.0,0.0,0.19509999454021454
YLR033W,YNR012W,0,,0.0,0.0,0.19519999623298645
YBR079C,YGR285C,0,,0.0,0.0,0.19529999792575836
YGL079W,YOR378W,0,,0.0,0.0,0.19539999961853027
YDR012W,YDL033C,0,,0.0,0.0,0.19550000131130219
YML094W,YJR101W,0,,0.0,0.0,0.1956000030040741
YER054C,YGR272C,0,,0.0,0.0,0.195700004696846
YER169W,YPL157W,0,,0.0,0.0,0.19580000638961792
YGR239C,YJR064W,0,,0.0,0.0,0.19589999318122864
YIL135C,YMR263W,0,,0.0,0.0,0.19599999487400055
YOL039W,YOR092W,0,,0.0,0.0,0.19609999656677246
YFR028C,YMR268C,0,,0.0,0.0,0.19619999825954437
YNL301C,YLR157C-B,0,,0.0,0.0,0.19629999995231628
YOL033W,YDL142C,0,,0.0,0.0,0.1964000016450882
YCR068W,YOL086C,0,,0.0,0.0,0.1965000033378601
YBR217W,YOR035C,0,,0.0,0.0,0.19660000503063202
YPR166C,YJL081C,0,,0.0,0.0,0.19670000672340393
YGL032C,YMR135C,0,,0.0,0.0,0.19679999351501465
YEL042W,YPR190C,0,,0.0,0.0,0.19689999520778656
YOR388C,YKL173W,0,,0.0,0.0,0.19699999690055847
YDL147W,YAL012W,0,,0.0,0.0,0.19709999859333038
YLR174W,YNL336W,0,,0.0,0.0,0.1972000002861023
YBR237W,YIL085C,0,,0.0,0.0,0.1973000019788742
YMR083W,YGL174W,0,,0.0,0.0,0.19740000367164612
YGR058W,YKL182W,0,,0.0,0.0,0.19750000536441803
YPL211W,YJR059W,0,,0.0,0.0,0.19760000705718994
YPL132W,YKL096W-A,0,,0.0,0.0,0.19769999384880066
YOR361C,YMR312W,0,,0.0,0.0,0.19779999554157257
YOL120C,YER046W,0,,0.0,0.0,0.19789999723434448
YCR069W,YDR410C,0,,0.0,0.0,0.1979999989271164
YIL031W,YDR096W,0,,0.0,0.0,0.1981000006198883
YML069W,YPR029C,0,,0.0,0.0,0.19820000231266022
YDL033C,YDR322C-A,0,,0.0,0.0,0.19830000400543213
YLR147C,YPL005W,0,,0.0,0.0,0.19840000569820404
YDR255C,YBR275C,0,,0.0,0.0,0.19850000739097595
YLR205C,YGR085C,0,,0.0,0.0,0.19859999418258667
YGR264C,YDR331W,0,,0.0,0.0,0.19869999587535858
YML007W,YPL093W,0,,0.0,0.0,0.1987999975681305
YPL157W,YJR059W,0,,0.0,0.0,0.1988999992609024
YNL300W,YOR025W,0,,0.0,0.0,0.19900000095367432
YJR034W,YOR299W,0,,0.0,0.0,0.19910000264644623
YNL126W,YGR144W,0,,0.0,0.0,0.19920000433921814
YCL019W,YBR302C,0,,0.0,0.0,0.19930000603199005
YMR036C,YGR154C,0,,0.0,0.0,0.19939999282360077
YML015C,YHL004W,0,,0.0,0.0,0.19949999451637268
YDL045C,YNL003C,0,,0.0,0.0,0.1995999962091446
YBR125C,YLL029W,0,,0.0,0.0,0.1996999979019165
YPL134C,YML030W,0,,0.0,0.0,0.19979999959468842
YJR055W,YLR009W,0,,0.0,0.0,0.19990000128746033
YER018C,YDR326C,0,,0.0,0.0,0.20000000298023224
YGL211W,YKR058W,0,,0.0,0.0,0.20010000467300415
YJR004C,YDL222C,0,,0.0,0.0,0.20020000636577606
YLL052C,YHR101C,0,,0.0,0.0,0.20029999315738678
YDR299W,YJR138W,0,,0.0,0.0,0.2003999948501587
YGR288W,YOR180C,0,,0.0,0.0,0.2004999965429306
YMR238W,YJL030W,0,,0.0,0.0,0.20059999823570251
YDL239C,YML128C,0,,0.0,0.0,0.20069999992847443
YLR268W,YDR390C,0,,0.0,0.0,0.20080000162124634
YJL160C,YER025W,0,,0.0,0.0,0.20090000331401825
YPL218W,YCR075C,0,,0.0,0.0,0.20100000500679016
YBR001C,YJR034W,0,,0.0,0.0,0.20110000669956207
YOL112W,YGR171C,0,,0.0,0.0,0.2011999934911728
YOR046C,YBL079W,0,,0.0,0.0,0.2012999951839447
YAL013W,YOR150W,0,,0.0,0.0,0.2013999968767166
YDR258C,YCR083W,0,,0.0,0.0,0.20149999856948853
YKR069W,YLR048W,0,,0.0,0.0,0.20160000026226044
YBR243C,YLR144C,0,,0.0,0.0,0.20170000195503235
YOR234C,YDR248C,0,,0.0,0.0,0.20180000364780426
YIL065C,YOL136C,0,,0.0,0.0,0.20190000534057617
YDL179W,YAL010C,0,,0.0,0.0,0.20200000703334808
YPR163C,YLR364W,0,,0.0,0.0,0.2020999938249588
YDR077W,YIL168W,0,,0.0,0.0,0.2021999955177307
YBR103W,YOL041C,0,,0.0,0.0,0.20229999721050262
YLR449W,YIL117C,0,,0.0,0.0,0.20239999890327454
YNL306W,YPR047W,0,,0.0,0.0,0.20250000059604645
YBR187W,YLR424W,0,,0.0,0.0,0.20260000228881836
YOR246C,YLL050C,0,,0.0,0.0,0.20270000398159027
YLR016C,YKR024C,0,,0.0,0.0,0.20280000567436218
YLR035C-A,YOR322C,0,,0.0,0.0,0.2029000073671341
YER052C,YKR019C,0,,0.0,0.0,0.2029999941587448
YLL040C,YIL112W,0,,0.0,0.0,0.20309999585151672
YIL135C,YLR064W,0,,0.0,0.0,0.20319999754428864
YDL202W,YMR024W,0,,0.0,0.0,0.20329999923706055
YGL100W,YDR228C,0,,0.0,0.0,0.20340000092983246
YGR185C,YKL108W,0,,0.0,0.0,0.20350000262260437
YOR256C,YNL124W,0,,0.0,0.0,0.20360000431537628
YJR076C,YKL170W,0,,0.0,0.0,0.2037000060081482
YER183C,YEL041W,0,,0.0,0.0,0.2037999927997589
YOL031C,YPL096C-A,0,,0.0,0.0,0.20389999449253082
YML006C,YBR217W,0,,0.0,0.0,0.20399999618530273
YHR041C,YGR189C,0,,0.0,0.0,0.20409999787807465
YDR139C,YHR153C,0,,0.0,0.0,0.20419999957084656
YBL027W,YMR119W,0,,0.0,0.0,0.20430000126361847
YGR199W,YHR085W,0,,0.0,0.0,0.20440000295639038
YPL204W,YMR180C,0,,0.0,0.0,0.2045000046491623
YFL031W,YDR034C-D,0,,0.0,0.0,0.2046000063419342
YNL080C,YGL020C,0,,0.0,0.0,0.20469999313354492
YDL216C,YJL033W,0,,0.0,0.0,0.20479999482631683
YJL024C,YDR170W-A,0,,0.0,0.0,0.20489999651908875
YPL255W,YGR222W,0,,0.0,0.0,0.20499999821186066
YEL020C,YDR177W,0,,0.0,0.0,0.20509999990463257
YOR167C,YPL270W,0,,0.0,0.0,0.20520000159740448
YAR007C,YDR147W,0,,0.0,0.0,0.2053000032901764
YDR477W,YLR188W,0,,0.0,0.0,0.2054000049829483
YOR354C,YIL082W-A,0,,0.0,0.0,0.20550000667572021
YDR082W,YGL054C,0,,0.0,0.0,0.20559999346733093
YLR227W-B,YAR066W,0,,0.0,0.0,0.20569999516010284
YNL026W,YER083C,0,,0.0,0.0,0.20579999685287476
YIL073C,YLR376C,0,,0.0,0.0,0.20589999854564667
YBL113C,YCL020W,0,,0.0,0.0,0.20600000023841858
YHL009W-A,YNL218W,0,,0.0,0.0,0.2061000019311905
YLR430W,YKL112W,0,,0.0,0.0,0.2062000036239624
YDR073W,YML005W,0,,0.0,0.0,0.20630000531673431
YJR078W,YNL078W,0,,0.0,0.0,0.20640000700950623
YPL180W,YJR067C,0,,0.0,0.0,0.20649999380111694
YIL140W,YMR127C,0,,0.0,0.0,0.20659999549388885
YKL125W,YCR092C,0,,0.0,0.0,0.20669999718666077
YLL061W,YGL241W,0,,0.0,0.0,0.20679999887943268
YER051W,YMR135C,0,,0.0,0.0,0.2069000005722046
YCL050C,YNL158W,0,,0.0,0.0,0.2070000022649765
YPR137W,YNL005C,0,,0.0,0.0,0.2071000039577484
YLR003C,YGL130W,0,,0.0,0.0,0.20720000565052032
YJR113C,YJL028W,0,,0.0,0.0,0.20730000734329224
YBR002C,YLR157C-B,0,,0.0,0.0,0.20739999413490295
YLR214W,YDR329C,0,,0.0,0.0,0.20749999582767487
YMR034C,YLL039C,0,,0.0,0.0,0.20759999752044678
YOR355W,YBL054W,0,,0.0,0.0,0.2076999992132187
YPR091C,YGR209C,0,,0.0,0.0,0.2078000009059906
YGR125W,YLR295C,0,,0.0,0.0,0.2079000025987625
YDR498C,YOR142W,0,,0.0,0.0,0.20800000429153442
YDR126W,YHR143W,0,,0.0,0.0,0.20810000598430634
YNL308C,YMR116C,0,,0.0,0.0,0.20819999277591705
YHL009C,YGL166W,0,,0.0,0.0,0.20829999446868896
YGR240C,YMR136W,0,,0.0,0.0,0.20839999616146088
YER020W,YNL325C,0,,0.0,0.0,0.2084999978542328
YER141W,YGL002W,0,,0.0,0.0,0.2085999995470047
YDL133C-A,YMR046C,0,,0.0,0.0,0.2087000012397766
YLR074C,YKL015W,0,,0.0,0.0,0.20880000293254852
YBL037W,YIL080W,0,,0.0,0.0,0.20890000462532043
YGL046W,YOR275C,0,,0.0,0.0,0.20900000631809235
YLR370C,YOL119C,0,,0.0,0.0,0.20909999310970306
YJR119C,YGR010W,0,,0.0,0.0,0.20919999480247498
YER171W,YKL193C,0,,0.0,0.0,0.2092999964952469
YFR008W,YLR408C,0,,0.0,0.0,0.2093999981880188
YDR207C,YMR123W,0,,0.0,0.0,0.2094999998807907
YGR002C,YJR135W-A,0,,0.0,0.0,0.20960000157356262
YOL156W,YIR039C,0,,0.0,0.0,0.20970000326633453
YGR272C,YHR216W,0,,0.0,0.0,0.20980000495910645
YDR065W,YJL200C,0,,0.0,0.0,0.20990000665187836
YPR001W,YER022W,0,,0.0,0.0,0.20999999344348907
YBL034C,YLR386W,0,,0.0,0.0,0.210099995136261
YNL121C,YOR043W,0,,0.0,0.0,0.2101999968290329
YPL053C,YKR060W,0,,0.0,0.0,0.2102999985218048
YGR171C,YDR312W,0,,0.0,0.0,0.21040000021457672
YGL170C,YMR060C,0,,0.0,0.0,0.21050000190734863
YGL062W,YBR200W,0,,0.0,0.0,0.21060000360012054
YLR216C,YBR072W,0,,0.0,0.0,0.21070000529289246
YOR030W,YGL112C,0,,0.0,0.0,0.21080000698566437
YNL069C,YPR184W,0,,0.0,0.0,0.21089999377727509
YLR368W,YDR043C,0,,0.0,0.0,0.210999995470047
YKR020W,YMR162C,0,,0.0,0.0,0.2110999971628189
YPL237W,YNL331C,0,,0.0,0.0,0.21119999885559082
YCL050C,YOR056C,0,,0.0,0.0,0.21130000054836273
YLR325C,YGR268C,0,,0.0,0.0,0.21140000224113464
YNL188W,YJR110W,0,,0.0,0.0,0.21150000393390656
YMR172W,YDR118W,0,,0.0,0.0,0.21160000562667847
YGR125W,YHR056C,0,,0.0,0.0,0.21170000731945038
YGR059W,YPR166C,0,,0.0,0.0,0.2117999941110611
YBL017C,YFL039C,0,,0.0,0.0,0.211899995803833
YMR285C,YDR330W,0,,0.0,0.0,0.21199999749660492
YPR035W,YCR012W,0,,0.0,0.0,0.21209999918937683
YOL044W,YIL139C,0,,0.0,0.0,0.21220000088214874
YPL206C,YOR043W,0,,0.0,0.0,0.21230000257492065
YNL270C,YER172C,0,,0.0,0.0,0.21240000426769257
YKR002W,YJL060W,0,,0.0,0.0,0.21250000596046448
YNL069C,YOR348C,0,,0.0,0.0,0.2125999927520752
YPL110C,YAL044C,0,,0.0,0.0,0.2126999944448471
YML056C,YHR164C,0,,0.0,0.0,0.21279999613761902
YOR098C,YOL089C,0,,0.0,0.0,0.21289999783039093
YCR020C,YPL121C,0,,0.0,0.0,0.21299999952316284
YMR293C,YJL134W,0,,0.0,0.0,0.21310000121593475
YOR317W,YBR258C,0,,0.0,0.0,0.21320000290870667
YKL220C,YMR228W,0,,0.0,0.0,0.21330000460147858
YFL066C,YOR077W,0,,0.0,0.0,0.2134000062942505
YMR127C,YGR222W,0,,0.0,0.0,0.2134999930858612
YNL300W,YML026C,0,,0.0,0.0,0.21359999477863312
YOR168W,YIL061C,0,,0.0,0.0,0.21369999647140503
YJR057W,YNL192W,0,,0.0,0.0,0.21379999816417694
YJL192C,YEL012W,0,,0.0,0.0,0.21389999985694885
YDL207W,YDR293C,0,,0.0,0.0,0.21400000154972076
YPL051W,YOR344C,0,,0.0,0.0,0.21410000324249268
YOL094C,YDL120W,0,,0.0,0.0,0.2142000049352646
YPL119C,YOR197W,0,,0.0,0.0,0.2143000066280365
YCL036W,YML005W,0,,0.0,0.0,0.21439999341964722
YGR218W,YGR028W,0,,0.0,0.0,0.21449999511241913
YIL026C,YOL101C,0,,0.0,0.0,0.21459999680519104
YMR013C,YDL109C,0,,0.0,0.0,0.21469999849796295
YOR369C,YER190W,0,,0.0,0.0,0.21480000019073486
YOL010W,YPR187W,0,,0.0,0.0,0.21490000188350677
YLR033W,YDR060W,0,,0.0,0.0,0.2150000035762787
YNL292W,YHR027C,0,,0.0,0.0,0.2151000052690506
YDL192W,YCR097W,0,,0.0,0.0,0.2152000069618225
YML123C,YFR045W,0,,0.0,0.0,0.21529999375343323
YNL274C,YNL279W,0,,0.0,0.0,0.21539999544620514
YNL301C,YIL143C,0,,0.0,0.0,0.21549999713897705
YAL016W,YEL021W,0,,0.0,0.0,0.21559999883174896
YJR112W,YBR267W,0,,0.0,0.0,0.21570000052452087
YNL087W,YNL037C,0,,0.0,0.0,0.21580000221729279
YDL144C,YNL306W,0,,0.0,0.0,0.2159000039100647
YOL005C,YLR319C,0,,0.0,0.0,0.2160000056028366
YHR063C,YML006C,0,,0.0,0.0,0.21610000729560852
YOL070C,YBR052C,0,,0.0,0.0,0.21619999408721924
YPL091W,YER098W,0,,0.0,0.0,0.21629999577999115
YNR073C,YIL026C,0,,0.0,0.0,0.21639999747276306
YLR026C,YOL064C,0,,0.0,0.0,0.21649999916553497
YNL047C,YGL047W,0,,0.0,0.0,0.21660000085830688
YDR210W-D,YOR196C,0,,0.0,0.0,0.2167000025510788
YLR204W,YDR294C,0,,0.0,0.0,0.2168000042438507
YJR160C,YAR019C,0,,0.0,0.0,0.21690000593662262
YKL018W,YNL152W,0,,0.0,0.0,0.21699999272823334
YGL079W,YAR035W,0,,0.0,0.0,0.21709999442100525
YHR128W,YML051W,0,,0.0,0.0,0.21719999611377716
YIL091C,YOR142W-B,0,,0.0,0.0,0.21729999780654907
YNR022C,YNL312W,0,,0.0,0.0,0.21739999949932098
YML124C,YML088W,0,,0.0,0.0,0.2175000011920929
YPL087W,YOL146W,0,,0.0,0.0,0.2176000028848648
YMR277W,YLR155C,0,,0.0,0.0,0.21770000457763672
YGR101W,YGR070W,0,,0.0,0.0,0.21780000627040863
YDL064W,YNL224C,0,,0.0,0.0,0.21789999306201935
YBR150C,YGL035C,0,,0.0,0.0,0.21799999475479126
YJL100W,YLR208W,0,,0.0,0.0,0.21809999644756317
YKL210W,YJR031C,0,,0.0,0.0,0.21819999814033508
YDR245W,YLR268W,0,,0.0,0.0,0.218299999833107
YKR036C,YAL061W,0,,0.0,0.0,0.2184000015258789
YDL039C,YNR040W,0,,0.0,0.0,0.21850000321865082
YML124C,YJL082W,0,,0.0,0.0,0.21860000491142273
YBL088C,YKL088W,0,,0.0,0.0,0.21870000660419464
YPL083C,YDR170C,0,,0.0,0.0,0.21879999339580536
YMR087W,YNL186W,0,,0.0,0.0,0.21889999508857727
YDL020C,YPL132W,0,,0.0,0.0,0.21899999678134918
YOR144C,YGL095C,0,,0.0,0.0,0.2190999984741211
YDR454C,YDR073W,0,,0.0,0.0,0.219200000166893
YDL236W,YKL117W,0,,0.0,0.0,0.21930000185966492
YLR414C,YOR130C,0,,0.0,0.0,0.21940000355243683
YDR065W,YPR070W,0,,0.0,0.0,0.21950000524520874
YDL147W,YDR310C,0,,0.0,0.0,0.21960000693798065
YOR010C,YER144C,0,,0.0,0.0,0.21969999372959137
YGR220C,YKR067W,0,,0.0,0.0,0.21979999542236328
YCL057W,YKR098C,0,,0.0,0.0,0.2198999971151352
YBL113C,YPL051W,0,,0.0,0.0,0.2199999988079071
YFR052W,YLR050C,0,,0.0,0.0,0.22010000050067902
YKR090W,YBR041W,0,,0.0,0.0,0.22020000219345093
YFR032C-A,YHR079C-A,0,,0.0,0.0,0.22030000388622284
YLR008C,YOL141W,0,,0.0,0.0,0.22040000557899475
YOR067C,YGR027C,0,,0.0,0.0,0.22050000727176666
YLR153C,YDR503C,0,,0.0,0.0,0.22059999406337738
YDL192W,YKL108W,0,,0.0,0.0,0.2206999957561493
YDR313C,YLR192C,0,,0.0,0.0,0.2207999974489212
YHR207C,YPR108W,0,,0.0,0.0,0.22089999914169312
YNL032W,YHR036W,0,,0.0,0.0,0.22100000083446503
YBR222C,YLL052C,0,,0.0,0.0,0.22110000252723694
YJL109C,YER118C,0,,0.0,0.0,0.22120000422000885
YLR045C,YFR033C,0,,0.0,0.0,0.22130000591278076
YBR247C,YKL178C,0,,0.0,0.0,0.22139999270439148
YJR155W,YAL008W,0,,0.0,0.0,0.2214999943971634
YPR183W,YDR299W,0,,0.0,0.0,0.2215999960899353
YCR089W,YLR359W,0,,0.0,0.0,0.22169999778270721
YPL009C,YOR153W,0,,0.0,0.0,0.22179999947547913
YDR541C,YMR137C,0,,0.0,0.0,0.22190000116825104
YCR094W,YPL121C,0,,0.0,0.0,0.22200000286102295
YOR293W,YKR105C,0,,0.0,0.0,0.22210000455379486
YDR158W,YCR070W,0,,0.0,0.0,0.22220000624656677
YLR353W,YJR056C,0,,0.0,0.0,0.2222999930381775
YCR068W,YGR255C,0,,0.0,0.0,0.2223999947309494
YDR322W,YGL232W,0,,0.0,0.0,0.2224999964237213
YGR068C,YER087C-B,0,,0.0,0.0,0.22259999811649323
YKL085W,YMR024W,0,,0.0,0.0,0.22269999980926514
YKR101W,YMR284W,0,,0.0,0.0,0.22280000150203705
YJR099W,YJL002C,0,,0.0,0.0,0.22290000319480896
YPL068C,YOR291W,0,,0.0,0.0,0.22300000488758087
YMR214W,YAL014C,0,,0.0,0.0,0.22310000658035278
YJL113W,YHR206W,0,,0.0,0.0,0.2231999933719635
YBR126C,YLR038C,0,,0.0,0.0,0.2232999950647354
YAR007C,YPR103W,0,,0.0,0.0,0.22339999675750732
YJR107W,YMR099C,0,,0.0,0.0,0.22349999845027924
YJL133W,YNR001C,0,,0.0,0.0,0.22360000014305115
YML124C,YOR226C,0,,0.0,0.0,0.22370000183582306
YOR393W,YPL220W,0,,0.0,0.0,0.22380000352859497
YLR228C,YHR107C,0,,0.0,0.0,0.22390000522136688
YGL172W,YNL122C,0,,0.0,0.0,0.2240000069141388
YKL027W,YNL008C,0,,0.0,0.0,0.2240999937057495
YOR149C,YDR252W,0,,0.0,0.0,0.22419999539852142
YGL136C,YLR100W,0,,0.0,0.0,0.22429999709129333
YPL162C,YLR157C-B,0,,0.0,0.0,0.22439999878406525
YHR027C,YCR043C,0,,0.0,0.0,0.22450000047683716
YGL212W,YGR247W,0,,0.0,0.0,0.22460000216960907
YAL005C,YNR040W,0,,0.0,0.0,0.22470000386238098
YLR210W,YLR138W,0,,0.0,0.0,0.2248000055551529
YPL108W,YDL148C,0,,0.0,0.0,0.2249000072479248
YDL207W,YMR228W,0,,0.0,0.0,0.22499999403953552
YNL073W,YLR314C,0,,0.0,0.0,0.22509999573230743
YPL033C,YMR011W,0,,0.0,0.0,0.22519999742507935
YHR076W,YJR065C,0,,0.0,0.0,0.22529999911785126
YOR233W,YJL214W,0,,0.0,0.0,0.22540000081062317
YHR109W,YDL198C,0,,0.0,0.0,0.22550000250339508
YKL172W,YLR005W,0,,0.0,0.0,0.225600004196167
YGR264C,YGR284C,0,,0.0,0.0,0.2257000058889389
YLR110C,YPR073C,0,,0.0,0.0,0.22579999268054962
YGR185C,YIL132C,0,,0.0,0.0,0.22589999437332153
YDL164C,YPR021C,0,,0.0,0.0,0.22599999606609344
YBL091C-A,YEL021W,0,,0.0,0.0,0.22609999775886536
YOR293W,YJL117W,0,,0.0,0.0,0.22619999945163727
YML124C,YMR282C,0,,0.0,0.0,0.22630000114440918
YOR369C,YNR007C,0,,0.0,0.0,0.2264000028371811
YML071C,YKL210W,0,,0.0,0.0,0.226500004529953
YER104W,YGL226C-A,0,,0.0,0.0,0.22660000622272491
YOR322C,YNL122C,0,,0.0,0.0,0.22669999301433563
YGR287C,YKR039W,0,,0.0,0.0,0.22679999470710754
YMR166C,YDL097C,0,,0.0,0.0,0.22689999639987946
YBR158W,YLR132C,0,,0.0,0.0,0.22699999809265137
YLR389C,YLL017W,0,,0.0,0.0,0.22709999978542328
YEL054C,YLR251W,0,,0.0,0.0,0.2272000014781952
YLR027C,YGR246C,0,,0.0,0.0,0.2273000031709671
YDR531W,YLL038C,0,,0.0,0.0,0.227400004863739
YMR308C,YBL011W,0,,0.0,0.0,0.22750000655651093
YMR011W,YIL049W,0,,0.0,0.0,0.22759999334812164
YOR094W,YLR020C,0,,0.0,0.0,0.22769999504089355
YOL138C,YOL075C,0,,0.0,0.0,0.22779999673366547
YOR030W,YER055C,0,,0.0,0.0,0.22789999842643738
YGR263C,YIL082W-A,0,,0.0,0.0,0.2280000001192093
YBL005W-B,YNL090W,0,,0.0,0.0,0.2281000018119812
YBR126C,YDR385W,0,,0.0,0.0,0.2282000035047531
YLR089C,YCR010C,0,,0.0,0.0,0.22830000519752502
YDR233C,YCR079W,0,,0.0,0.0,0.22840000689029694
YBR159W,YGR028W,0,,0.0,0.0,0.22849999368190765
YKR029C,YGR286C,0,,0.0,0.0,0.22859999537467957
YJL143W,YOR368W,0,,0.0,0.0,0.22869999706745148
YHL009C,YOR022C,0,,0.0,0.0,0.2287999987602234
YDL159W,YDR117C,0,,0.0,0.0,0.2289000004529953
YJR092W,YOR044W,0,,0.0,0.0,0.2290000021457672
YPL236C,YML106W,0,,0.0,0.0,0.22910000383853912
YGR027W-A,YHR124W,0,,0.0,0.0,0.22920000553131104
YJR013W,YJL079C,0,,0.0,0.0,0.22930000722408295
YPL060W,YCR042C,0,,0.0,0.0,0.22939999401569366
YGR185C,YJR125C,0,,0.0,0.0,0.22949999570846558
YOR022C,YPR198W,0,,0.0,0.0,0.2295999974012375
YHR161C,YDR453C,0,,0.0,0.0,0.2296999990940094
YNL315C,YPR156C,0,,0.0,0.0,0.2298000007867813
YBL011W,YPL150W,0,,0.0,0.0,0.22990000247955322
YBL017C,YLR431C,0,,0.0,0.0,0.23000000417232513
YMR250W,YLR163C,0,,0.0,0.0,0.23010000586509705
YOL129W,YBR050C,0,,0.0,0.0,0.23019999265670776
YHR214C-B,YIL002C,0,,0.0,0.0,0.23029999434947968
YPR191W,YKL015W,0,,0.0,0.0,0.2303999960422516
YGL136C,YKL161C,0,,0.0,0.0,0.2304999977350235
YHL022C,YBL098W,0,,0.0,0.0,0.2305999994277954
YBR067C,YDR134C,0,,0.0,0.0,0.23070000112056732
YNL035C,YMR113W,0,,0.0,0.0,0.23080000281333923
YCR047C,YPL057C,0,,0.0,0.0,0.23090000450611115
YGR162W,YPL106C,0,,0.0,0.0,0.23100000619888306
YEL042W,YPL096W,0,,0.0,0.0,0.23109999299049377
YLR157C,YDR229W,0,,0.0,0.0,0.23119999468326569
YLR389C,YBR302C,0,,0.0,0.0,0.2312999963760376
YNL073W,YIL006W,0,,0.0,0.0,0.2313999980688095
YER141W,YPL192C,0,,0.0,0.0,0.23149999976158142
YOR291W,YGR098C,0,,0.0,0.0,0.23160000145435333
YMR168C,YNL050C,0,,0.0,0.0,0.23170000314712524
YER154W,YMR143W,0,,0.0,0.0,0.23180000483989716
YMR116C,YEL053C,0,,0.0,0.0,0.23190000653266907
YER027C,YMR137C,0,,0.0,0.0,0.23199999332427979
YDR034C-D,YFR028C,0,,0.0,0.0,0.2320999950170517
YOR133W,YOL092W,0,,0.0,0.0,0.2321999967098236
YDL075W,YBR283C,0,,0.0,0.0,0.23229999840259552
YJR145C,YBR039W,0,,0.0,0.0,0.23240000009536743
YGR221C,YGL229C,0,,0.0,0.0,0.23250000178813934
YLR212C,YKL205W,0,,0.0,0.0,0.23260000348091125
YFL016C,YBR223C,0,,0.0,0.0,0.23270000517368317
YEL011W,YKR067W,0,,0.0,0.0,0.23280000686645508
YJL145W,YBR280C,0,,0.0,0.0,0.2328999936580658
YLR043C,YBR059C,0,,0.0,0.0,0.2329999953508377
YDL030W,YKR029C,0,,0.0,0.0,0.23309999704360962
YCR088W,YNR044W,0,,0.0,0.0,0.23319999873638153
YOR377W,YJR064W,0,,0.0,0.0,0.23330000042915344
YPL072W,YBR044C,0,,0.0,0.0,0.23340000212192535
YCR069W,YNL281W,0,,0.0,0.0,0.23350000381469727
YLR459W,YBL100W-A,0,,0.0,0.0,0.23360000550746918
YGR087C,YGR077C,0,,0.0,0.0,0.2337000072002411
YNL064C,YIR028W,0,,0.0,0.0,0.2337999939918518
YDR064W,YDR198C,0,,0.0,0.0,0.23389999568462372
YPR004C,YPR140W,0,,0.0,0.0,0.23399999737739563
YNL217W,YDR387C,0,,0.0,0.0,0.23409999907016754
YGL120C,YEL041W,0,,0.0,0.0,0.23420000076293945
YBR122C,YER104W,0,,0.0,0.0,0.23430000245571136
YOR020C,YMR046C,0,,0.0,0.0,0.23440000414848328
YOR361C,YML097C,0,,0.0,0.0,0.2345000058412552
YDR238C,YDR139C,0,,0.0,0.0,0.2345999926328659
YNR004W,YBR282W,0,,0.0,0.0,0.23469999432563782
YCL074W,YJL106W,0,,0.0,0.0,0.23479999601840973
YOR382W,YML022W,0,,0.0,0.0,0.23489999771118164
YBR128C,YMR257C,0,,0.0,0.0,0.23499999940395355
YOR182C,YML112W,0,,0.0,0.0,0.23510000109672546
YMR061W,YLR262C,0,,0.0,0.0,0.23520000278949738
YKL176C,YHR089C,0,,0.0,0.0,0.2353000044822693
YPL110C,YDL227C,0,,0.0,0.0,0.2354000061750412
YJR126C,YMR280C,0,,0.0,0.0,0.23549999296665192
YIR036C,YBL016W,0,,0.0,0.0,0.23559999465942383
YBR239C,YLR050C,0,,0.0,0.0,0.23569999635219574
YDR218C,YGL209W,0,,0.0,0.0,0.23579999804496765
YHR102W,YGL187C,0,,0.0,0.0,0.23589999973773956
YGL161C,YHL009W-B,0,,0.0,0.0,0.23600000143051147
YIL109C,YNL049C,0,,0.0,0.0,0.2361000031232834
YPR171W,YBR150C,0,,0.0,0.0,0.2362000048160553
YMR211W,YNL075W,0,,0.0,0.0,0.2363000065088272
YHL009W-A,YBR097W,0,,0.0,0.0,0.23639999330043793
YML077W,YJR029W,0,,0.0,0.0,0.23649999499320984
YBR297W,YLR022C,0,,0.0,0.0,0.23659999668598175
YNR006W,YIL128W,0,,0.0,0.0,0.23669999837875366
YIL009C-A,YJL141C,0,,0.0,0.0,0.23680000007152557
YBR083W,YPL157W,0,,0.0,0.0,0.23690000176429749
YER095W,YDL197C,0,,0.0,0.0,0.2370000034570694
YCR030C,YBR227C,0,,0.0,0.0,0.2371000051498413
YGL191W,YGL123W,0,,0.0,0.0,0.23720000684261322
YKR067W,YDL036C,0,,0.0,0.0,0.23729999363422394
YBR083W,YDR394W,0,,0.0,0.0,0.23739999532699585
YJR058C,YLR038C,0,,0.0,0.0,0.23749999701976776
YLR278C,YOR095C,0,,0.0,0.0,0.23759999871253967
YPL084W,YKL107W,0,,0.0,0.0,0.23770000040531158
YGL094C,YMR044W,0,,0.0,0.0,0.2378000020980835
YBR001C,YFL001W,0,,0.0,0.0,0.2379000037908554
YDL216C,YDL052C,0,,0.0,0.0,0.23800000548362732
YBL045C,YML029W,0,,0.0,0.0,0.23810000717639923
YNL293W,YOL152W,0,,0.0,0.0,0.23819999396800995
YNR050C,YCR029C-A,0,,0.0,0.0,0.23829999566078186
YOR168W,YPL242C,0,,0.0,0.0,0.23839999735355377
YML015C,YOR116C,0,,0.0,0.0,0.23849999904632568
YPR119W,YKL158W,0,,0.0,0.0,0.2386000007390976
YBR159W,YKL156W,0,,0.0,0.0,0.2387000024318695
YKL216W,YJL117W,0,,0.0,0.0,0.23880000412464142
YDR205W,YPR162C,0,,0.0,0.0,0.23890000581741333
YGR284C,YGR052W,0,,0.0,0.0,0.23899999260902405
YIR002C,YOL049W,0,,0.0,0.0,0.23909999430179596
YHL007C,YJL166W,0,,0.0,0.0,0.23919999599456787
YOR020C,YPL085W,0,,0.0,0.0,0.23929999768733978
YDR531W,YNR028W,0,,0.0,0.0,0.2393999993801117
YML115C,YIL168W,0,,0.0,0.0,0.2395000010728836
YMR321C,YMR268C,0,,0.0,0.0,0.23960000276565552
YBL052C,YIL157C,0,,0.0,0.0,0.23970000445842743
YOL103W,YOR343W-A,0,,0.0,0.0,0.23980000615119934
YNL325C,YDL164C,0,,0.0,0.0,0.23989999294281006
YPR028W,YBR133C,0,,0.0,0.0,0.23999999463558197
YDR044W,YIL039W,0,,0.0,0.0,0.24009999632835388
YIL108W,YGL163C,0,,0.0,0.0,0.2401999980211258
YBL091C-A,YMR256C,0,,0.0,0.0,0.2402999997138977
YBR201W,YOR064C,0,,0.0,0.0,0.24040000140666962
YBR179C,YDL184C,0,,0.0,0.0,0.24050000309944153
YGL084C,YDR285W,0,,0.0,0.0,0.24060000479221344
YDL153C,YOL119C,0,,0.0,0.0,0.24070000648498535
YCR073C,YER137C,0,,0.0,0.0,0.24079999327659607
YDR349C,YJR130C,0,,0.0,0.0,0.24089999496936798
YAL063C,YPR102C,0,,0.0,0.0,0.2409999966621399
YDR530C,YJR137C,0,,0.0,0.0,0.2410999983549118
YJR160C,YPR060C,0,,0.0,0.0,0.24120000004768372
YKR025W,YOR142W-B,0,,0.0,0.0,0.24130000174045563
YMR067C,YMR161W,0,,0.0,0.0,0.24140000343322754
YKR099C-A,YJR001W,0,,0.0,0.0,0.24150000512599945
YBR083W,YEL029C,0,,0.0,0.0,0.24160000681877136
YDR524C-B,YPL037C,0,,0.0,0.0,0.24169999361038208
YOL148C,YGL157W,0,,0.0,0.0,0.241799995303154
YIL126W,YIL159W,0,,0.0,0.0,0.2418999969959259
YMR217W,YOR151C,0,,0.0,0.0,0.24199999868869781
YER012W,YDR134C,0,,0.0,0.0,0.24210000038146973
YGL023C,YMR121C,0,,0.0,0.0,0.24220000207424164
YCR010C,YBL112C,0,,0.0,0.0,0.24230000376701355
YPL026C,YGL008C,0,,0.0,0.0,0.24240000545978546
YBR239C,YLR300W,0,,0.0,0.0,0.24250000715255737
YBR291C,YOR126C,0,,0.0,0.0,0.2425999939441681
YLR134W,YAL035W,0,,0.0,0.0,0.24269999563694
YDL030W,YNL326C,0,,0.0,0.0,0.24279999732971191
YDR166C,YNL330C,0,,0.0,0.0,0.24289999902248383
YLR459W,YML027W,0,,0.0,0.0,0.24300000071525574
YIL093C,YGL060W,0,,0.0,0.0,0.24310000240802765
YJL047C,YDR109C,0,,0.0,0.0,0.24320000410079956
YMR034C,YHR089C,0,,0.0,0.0,0.24330000579357147
YCR024C-A,YGL150C,0,,0.0,0.0,0.2433999925851822
YDR210W-B,YDL164C,0,,0.0,0.0,0.2434999942779541
YOR192C-B,YDL179W,0,,0.0,0.0,0.243599995970726
YLL001W,YLR312W-A,0,,0.0,0.0,0.24369999766349792
YGR116W,YOR298C-A,0,,0.0,0.0,0.24379999935626984
YMR061W,YKR019C,0,,0.0,0.0,0.24390000104904175
YDR322W,YNL282W,0,,0.0,0.0,0.24400000274181366
YIL139C,YNL169C,0,,0.0,0.0,0.24410000443458557
YOL125W,YHR064C,0,,0.0,0.0,0.24420000612735748
YGR014W,YDR522C,0,,0.0,0.0,0.2442999929189682
YHR161C,YNL241C,0,,0.0,0.0,0.2443999946117401
YLR307W,YMR268C,0,,0.0,0.0,0.24449999630451202
YLR343W,YOR312C,0,,0.0,0.0,0.24459999799728394
YER045C,YLR419W,0,,0.0,0.0,0.24469999969005585
YBR207W,YBL075C,0,,0.0,0.0,0.24480000138282776
YER052C,YOR080W,0,,0.0,0.0,0.24490000307559967
YJR031C,YBL039C,0,,0.0,0.0,0.24500000476837158
YGL062W,YPL152W,0,,0.0,0.0,0.2451000064611435
YOL057W,YPL012W,0,,0.0,0.0,0.2451999932527542
YPR118W,YDL229W,0,,0.0,0.0,0.24529999494552612
YER090W,YNL052W,0,,0.0,0.0,0.24539999663829803
YOL109W,YKL171W,0,,0.0,0.0,0.24549999833106995
YOL155C,YKL163W,0,,0.0,0.0,0.24560000002384186
YOR355W,YOL101C,0,,0.0,0.0,0.24570000171661377
YGR038C-A,YNR061C,0,,0.0,0.0,0.24580000340938568
YOR242C,YBR271W,0,,0.0,0.0,0.2459000051021576
YOL105C,YFL002C,0,,0.0,0.0,0.2460000067949295
YNR050C,YKR080W,0,,0.0,0.0,0.24609999358654022
YDR332W,YML132W,0,,0.0,0.0,0.24619999527931213
YLR109W,YIL093C,0,,0.0,0.0,0.24629999697208405
YFL024C,YOR141C,0,,0.0,0.0,0.24639999866485596
YPL196W,YOR278W,0,,0.0,0.0,0.24650000035762787
YDL056W,YBR241C,0,,0.0,0.0,0.24660000205039978
YIR036C,YBR237W,0,,0.0,0.0,0.2467000037431717
YPR091C,YDR508C,0,,0.0,0.0,0.2468000054359436
YOL062C,YIL039W,0,,0.0,0.0,0.24690000712871552
YLR222C,YBL022C,0,,0.0,0.0,0.24699999392032623
YNL310C,YML036W,0,,0.0,0.0,0.24709999561309814
YER114C,YKL061W,0,,0.0,0.0,0.24719999730587006
YPL118W,YPR026W,0,,0.0,0.0,0.24729999899864197
YML071C,YOR192C-A,0,,0.0,0.0,0.24740000069141388
YPL157W,YGL180W,0,,0.0,0.0,0.2475000023841858
YDL161W,YOR219C,0,,0.0,0.0,0.2476000040769577
YNL254C,YPR198W,0,,0.0,0.0,0.24770000576972961
YOR329C,YGR014W,0,,0.0,0.0,0.24779999256134033
YJL090C,YLL043W,0,,0.0,0.0,0.24789999425411224
YKL071W,YJL106W,0,,0.0,0.0,0.24799999594688416
YIL145C,YOL080C,0,,0.0,0.0,0.24809999763965607
YOR317W,YDR353W,0,,0.0,0.0,0.24819999933242798
YKR037C,YDR211W,0,,0.0,0.0,0.2483000010251999
YHR156C,YBR129C,0,,0.0,0.0,0.2484000027179718
YER115C,YMR142C,0,,0.0,0.0,0.2485000044107437
YLR291C,YKL220C,0,,0.0,0.0,0.24860000610351562
YCR040W,YML130C,0,,0.0,0.0,0.24869999289512634
YBR093C,YDL128W,0,,0.0,0.0,0.24879999458789825
YCL024W,YJL044C,0,,0.0,0.0,0.24889999628067017
YKL012W,YMR025W,0,,0.0,0.0,0.24899999797344208
YOR126C,YPL231W,0,,0.0,0.0,0.249099999666214
YAL032C,YMR117C,0,,0.0,0.0,0.2492000013589859
YLL034C,YOR120W,0,,0.0,0.0,0.2493000030517578
YBR077C,YNL154C,0,,0.0,0.0,0.24940000474452972
YGL133W,YGL245W,0,,0.0,0.0,0.24950000643730164
YKL021C,YDR081C,0,,0.0,0.0,0.24959999322891235
YCR066W,YBR158W,0,,0.0,0.0,0.24969999492168427
YPL143W,YEL034W,0,,0.0,0.0,0.24979999661445618
YJR067C,YLR350W,0,,0.0,0.0,0.2498999983072281
YAL022C,YDR018C,0,,0.0,0.0,0.25
YML007W,YNR003C,0,,0.0,0.0,0.2500999867916107
YGL130W,YPR149W,0,,0.0,0.0,0.2502000033855438
YHR091C,YBR177C,0,,0.0,0.0,0.25029999017715454
YPR101W,YLR401C,0,,0.0,0.0,0.25040000677108765
YMR204C,YLR100W,0,,0.0,0.0,0.25049999356269836
YLR341W,YKL024C,0,,0.0,0.0,0.25060001015663147
YDR121W,YNL265C,0,,0.0,0.0,0.2506999969482422
YIL035C,YDL028C,0,,0.0,0.0,0.2508000135421753
YJL121C,YOL018C,0,,0.0,0.0,0.250900000333786
YDR138W,YDL060W,0,,0.0,0.0,0.25099998712539673
YER044C,YKR067W,0,,0.0,0.0,0.25110000371932983
YLR014C,YMR269W,0,,0.0,0.0,0.25119999051094055
YCR017C,YHR057C,0,,0.0,0.0,0.25130000710487366
YHR066W,YAR003W,0,,0.0,0.0,0.2513999938964844
YMR283C,YGL112C,0,,0.0,0.0,0.2515000104904175
YFR037C,YBR030W,0,,0.0,0.0,0.2515999972820282
YOL148C,YKL090W,0,,0.0,0.0,0.2517000138759613
YML078W,YDR302W,0,,0.0,0.0,0.251800000667572
YNL242W,YHR136C,0,,0.0,0.0,0.25189998745918274
YOR028C,YFR041C,0,,0.0,0.0,0.25200000405311584
YFL016C,YMR257C,0,,0.0,0.0,0.25209999084472656
YLR187W,YPR111W,0,,0.0,0.0,0.25220000743865967
YLR186W,YPR026W,0,,0.0,0.0,0.2522999942302704
YNL291C,YML070W,0,,0.0,0.0,0.2524000108242035
YBR274W,YLR452C,0,,0.0,0.0,0.2524999976158142
YJR005W,YLR309C,0,,0.0,0.0,0.2526000142097473
YCR092C,YIR003W,0,,0.0,0.0,0.25270000100135803
YBR073W,YLR378C,0,,0.0,0.0,0.25279998779296875
YLR423C,YDR090C,0,,0.0,0.0,0.25290000438690186
YER098W,YDR532C,0,,0.0,0.0,0.2529999911785126
YML009C,YPR184W,0,,0.0,0.0,0.2531000077724457
YPL177C,YDR487C,0,,0.0,0.0,0.2531999945640564
YIL065C,YGR035C,0,,0.0,0.0,0.2533000111579895
YMR109W,YDR056C,0,,0.0,0.0,0.2533999979496002
YJL100W,YNL116W,0,,0.0,0.0,0.2535000145435333
YMR280C,YLR025W,0,,0.0,0.0,0.25360000133514404
YBL112C,YLR192C,0,,0.0,0.0,0.25369998812675476
YMR130W,YOR142W,0,,0.0,0.0,0.25380000472068787
YML029W,YDR379W,0,,0.0,0.0,0.2538999915122986
YPL163C,YJL164C,0,,0.0,0.0,0.2540000081062317
YMR182C,YLR244C,0,,0.0,0.0,0.2540999948978424
YHR019C,YGL254W,0,,0.0,0.0,0.2542000114917755
YHR063C,YHR132C,0,,0.0,0.0,0.25429999828338623
YBR167C,YDR381C-A,0,,0.0,0.0,0.25440001487731934
YLR138W,YML064C,0,,0.0,0.0,0.25450000166893005
YOR381W,YHR179W,0,,0.0,0.0,0.25459998846054077
YMR270C,YPL200W,0,,0.0,0.0,0.2547000050544739
YOR240W,YOR313C,0,,0.0,0.0,0.2547999918460846
YKR022C,YOL019W,0,,0.0,0.0,0.2549000084400177
YPL095C,YDL146W,0,,0.0,0.0,0.2549999952316284
YDR444W,YDR479C,0,,0.0,0.0,0.2551000118255615
YNR051C,YJR110W,0,,0.0,0.0,0.25519999861717224
YKL038W,YOR347C,0,,0.0,0.0,0.25529998540878296
YKL195W,YGR038W,0,,0.0,0.0,0.25540000200271606
YGR249W,YBL098W,0,,0.0,0.0,0.2554999887943268
YKR026C,YBR241C,0,,0.0,0.0,0.2556000053882599
YAR003W,YER042W,0,,0.0,0.0,0.2556999921798706
YDL210W,YBR241C,0,,0.0,0.0,0.2558000087738037
YGR229C,YJL203W,0,,0.0,0.0,0.25589999556541443
YKR019C,YOL086C,0,,0.0,0.0,0.25600001215934753
YLR157C,YDR194C,0,,0.0,0.0,0.25609999895095825
YMR012W,YHL033C,0,,0.0,0.0,0.25619998574256897
YNL252C,YPR160W,0,,0.0,0.0,0.2563000023365021
YPR137W,YLR178C,0,,0.0,0.0,0.2563999891281128
YNL069C,YPR004C,0,,0.0,0.0,0.2565000057220459
YER045C,YEL013W,0,,0.0,0.0,0.2565999925136566
YOR381W,YML099C,0,,0.0,0.0,0.2567000091075897
YKL067W,YCL066W,0,,0.0,0.0,0.25679999589920044
YDR254W,YHR021C,0,,0.0,0.0,0.25690001249313354
YHR098C,YBL064C,0,,0.0,0.0,0.25699999928474426
YLR147C,YER070W,0,,0.0,0.0,0.257099986076355
YNL241C,YGL150C,0,,0.0,0.0,0.2572000026702881
YPL190C,YPL066W,0,,0.0,0.0,0.2572999894618988
YOR338W,YGR218W,0,,0.0,0.0,0.2574000060558319
YNL054W-B,YNL052W,0,,0.0,0.0,0.2574999928474426
YPL124W,YPL257W-B,0,,0.0,0.0,0.25760000944137573
YJR036C,YOL077C,0,,0.0,0.0,0.25769999623298645
YGL210W,YJR010W,0,,0.0,0.0,0.25780001282691956
YGR104C,YGR134W,0,,0.0,0.0,0.2578999996185303
YER145C,YPR190C,0,,0.0,0.0,0.257999986410141
YGL170C,YNL262W,0,,0.0,0.0,0.2581000030040741
YDL054C,YIL015W,0,,0.0,0.0,0.2581999897956848
YER013W,YOR312C,0,,0.0,0.0,0.2583000063896179
YDR225W,YER124C,0,,0.0,0.0,0.25839999318122864
YLR446W,YML001W,0,,0.0,0.0,0.25850000977516174
YIL094C,YLR130C,0,,0.0,0.0,0.25859999656677246
YNL265C,YHR007C,0,,0.0,0.0,0.25870001316070557
YNL291C,YGR281W,0,,0.0,0.0,0.2587999999523163
YDR338C,YJR056C,0,,0.0,0.0,0.258899986743927
YJL155C,YDL122W,0,,0.0,0.0,0.2590000033378601
YHR045W,YGR249W,0,,0.0,0.0,0.2590999901294708
YKL167C,YOR063W,0,,0.0,0.0,0.25920000672340393
YCR028C,YJL062W-A,0,,0.0,0.0,0.25929999351501465
YDR408C,YDL112W,0,,0.0,0.0,0.25940001010894775
YOL080C,YJL157C,0,,0.0,0.0,0.25949999690055847
YGR023W,YGR026W,0,,0.0,0.0,0.2596000134944916
YNL053W,YNL236W,0,,0.0,0.0,0.2597000002861023
YLR132C,YBR087W,0,,0.0,0.0,0.259799987077713
YNL002C,YDR320C-A,0,,0.0,0.0,0.2599000036716461
YHL007C,YJL170C,0,,0.0,0.0,0.25999999046325684
YEL012W,YDR297W,0,,0.0,0.0,0.26010000705718994
YNL301C,YML123C,0,,0.0,0.0,0.26019999384880066
YCR017C,YPR184W,0,,0.0,0.0,0.26030001044273376
YGR229C,YMR030W,0,,0.0,0.0,0.2603999972343445
YIL129C,YBR018C,0,,0.0,0.0,0.2605000138282776
YMR290C,YLR120C,0,,0.0,0.0,0.2606000006198883
YGL017W,YKL028W,0,,0.0,0.0,0.260699987411499
YJL029C,YEL065W,0,,0.0,0.0,0.26080000400543213
YKL144C,YER125W,0,,0.0,0.0,0.26089999079704285
YER141W,YPL186C,0,,0.0,0.0,0.26100000739097595
YGL095C,YLR086W,0,,0.0,0.0,0.26109999418258667
YML088W,YCR060W,0,,0.0,0.0,0.2612000107765198
YDR316W,YPL246C,0,,0.0,0.0,0.2612999975681305
YBR152W,YNL084C,0,,0.0,0.0,0.2614000141620636
YNL092W,YJR098C,0,,0.0,0.0,0.2615000009536743
YLR356W,YJR144W,0,,0.0,0.0,0.26159998774528503
YER004W,YKR018C,0,,0.0,0.0,0.26170000433921814
YMR038C,YCL043C,0,,0.0,0.0,0.26179999113082886
YNR073C,YNR061C,0,,0.0,0.0,0.26190000772476196
YNL206C,YNL099C,0,,0.0,0.0,0.2619999945163727
YHR121W,YPL066W,0,,0.0,0.0,0.2621000111103058
YBL005W-B,YKR018C,0,,0.0,0.0,0.2621999979019165
YDL115C,YLL002W,0,,0.0,0.0,0.2623000144958496
YKR066C,YLR408C,0,,0.0,0.0,0.2624000012874603
YHR086W,YLR047C,0,,0.0,0.0,0.26249998807907104
YDR529C,YHR043C,0,,0.0,0.0,0.26260000467300415
YMR272C,YBR217W,0,,0.0,0.0,0.26269999146461487
YGR109W-B,YPR163C,0,,0.0,0.0,0.262800008058548
YKL101W,YMR167W,0,,0.0,0.0,0.2628999948501587
YDR403W,YIL076W,0,,0.0,0.0,0.2630000114440918
YJR060W,YPR016C,0,,0.0,0.0,0.2630999982357025
YJL125C,YDL029W,0,,0.0,0.0,0.2632000148296356
YPL009C,YER087C-B,0,,0.0,0.0,0.26330000162124634
YBL100W-A,YDR452W,0,,0.0,0.0,0.26339998841285706
YDR331W,YNL053W,0,,0.0,0.0,0.26350000500679016
YJR147W,YGR009C,0,,0.0,0.0,0.2635999917984009
YPR020W,YLR203C,0,,0.0,0.0,0.263700008392334
YIR014W,YGL062W,0,,0.0,0.0,0.2637999951839447
YLR089C,YER058W,0,,0.0,0.0,0.2639000117778778
YNL010W,YGL125W,0,,0.0,0.0,0.2639999985694885
YDR270W,YDR120C,0,,0.0,0.0,0.26409998536109924
YBR020W,YIR014W,0,,0.0,0.0,0.26420000195503235
YJR025C,YEL037C,0,,0.0,0.0,0.26429998874664307
YPL127C,YDR237W,0,,0.0,0.0,0.26440000534057617
YGL258W-A,YKR002W,0,,0.0,0.0,0.2644999921321869
YBR278W,YHR013C,0,,0.0,0.0,0.26460000872612
YGL205W,YGR166W,0,,0.0,0.0,0.2646999955177307
YJL066C,YDL141W,0,,0.0,0.0,0.2648000121116638
YLR278C,YOL041C,0,,0.0,0.0,0.26489999890327454
YML058W,YNR040W,0,,0.0,0.0,0.26499998569488525
YLR014C,YOR155C,0,,0.0,0.0,0.26510000228881836
YPR066W,YBR145W,0,,0.0,0.0,0.2651999890804291
YNL314W,YDL095W,0,,0.0,0.0,0.2653000056743622
YHL034C,YDR228C,0,,0.0,0.0,0.2653999924659729
YGR206W,YOL108C,0,,0.0,0.0,0.265500009059906
YLR135W,YER013W,0,,0.0,0.0,0.2655999958515167
YLR032W,YNR060W,0,,0.0,0.0,0.26570001244544983
YBR298C,YOR198C,0,,0.0,0.0,0.26579999923706055
YLR341W,YBR244W,0,,0.0,0.0,0.26589998602867126
YCR068W,YGL203C,0,,0.0,0.0,0.26600000262260437
YIL103W,YPL249C-A,0,,0.0,0.0,0.2660999894142151
YPR033C,YJR063W,0,,0.0,0.0,0.2662000060081482
YHR042W,YDR342C,0,,0.0,0.0,0.2662999927997589
YHR085W,YPL016W,0,,0.0,0.0,0.266400009393692
YLR406C,YBR215W,0,,0.0,0.0,0.26649999618530273
YNL110C,YMR150C,0,,0.0,0.0,0.26660001277923584
YDR027C,YOR126C,0,,0.0,0.0,0.26669999957084656
YDR540C,YLR314C,0,,0.0,0.0,0.2667999863624573
YOR058C,YBL021C,0,,0.0,0.0,0.2669000029563904
YDR393W,YGR216C,0,,0.0,0.0,0.2669999897480011
YDL138W,YLR005W,0,,0.0,0.0,0.2671000063419342
YNL121C,YPR168W,0,,0.0,0.0,0.2671999931335449
YLL043W,YIL083C,0,,0.0,0.0,0.267300009727478
YJR066W,YDL214C,0,,0.0,0.0,0.26739999651908875
YDL150W,YPL154C,0,,0.0,0.0,0.26750001311302185
YKL163W,YMR122W-A,0,,0.0,0.0,0.26759999990463257
YIL135C,YBR139W,0,,0.0,0.0,0.2676999866962433
YOL141W,YOR396W,0,,0.0,0.0,0.2678000032901764
YBR195C,YML129C,0,,0.0,0.0,0.2678999900817871
YJL115W,YEL059C-A,0,,0.0,0.0,0.2680000066757202
YGR081C,YGR135W,0,,0.0,0.0,0.26809999346733093
YBR110W,YER011W,0,,0.0,0.0,0.26820001006126404
YDL104C,YMR306W,0,,0.0,0.0,0.26829999685287476
YBR021W,YNR061C,0,,0.0,0.0,0.26840001344680786
YDR443C,YLR318W,0,,0.0,0.0,0.2685000002384186
YPR122W,YJR105W,0,,0.0,0.0,0.2685999870300293
YFR021W,YGL123W,0,,0.0,0.0,0.2687000036239624
YGL051W,YFL052W,0,,0.0,0.0,0.2687999904155731
YEL013W,YNR008W,0,,0.0,0.0,0.2689000070095062
YGL033W,YGL012W,0,,0.0,0.0,0.26899999380111694
YBL079W,YNL122C,0,,0.0,0.0,0.26910001039505005
YOR144C,YLR132C,0,,0.0,0.0,0.26919999718666077
YEL077C,YIL160C,0,,0.0,0.0,0.26930001378059387
YNR008W,YKR054C,0,,0.0,0.0,0.2694000005722046
YPL196W,YML077W,0,,0.0,0.0,0.2694999873638153
YER095W,YKL171W,0,,0.0,0.0,0.2696000039577484
YBR059C,YJL178C,0,,0.0,0.0,0.26969999074935913
YBR175W,YER048W-A,0,,0.0,0.0,0.26980000734329224
YBL046W,YLR275W,0,,0.0,0.0,0.26989999413490295
YML093W,YPL265W,0,,0.0,0.0,0.27000001072883606
YDR170C,YNL268W,0,,0.0,0.0,0.2700999975204468
YCR040W,YLR201C,0,,0.0,0.0,0.2702000141143799
YGR292W,YAL058W,0,,0.0,0.0,0.2703000009059906
YLR286C,YCR055C,0,,0.0,0.0,0.2703999876976013
YIL067C,YKL003C,0,,0.0,0.0,0.2705000042915344
YJL063C,YKR045C,0,,0.0,0.0,0.27059999108314514
YOR231W,YBL069W,0,,0.0,0.0,0.27070000767707825
YDR470C,YBR265W,0,,0.0,0.0,0.27079999446868896
YLR272C,YFR044C,0,,0.0,0.0,0.27090001106262207
YLR368W,YOR123C,0,,0.0,0.0,0.2709999978542328
YMR049C,YBR245C,0,,0.0,0.0,0.2711000144481659
YPL244C,YOL017W,0,,0.0,0.0,0.2712000012397766
YHR091C,YPL227C,0,,0.0,0.0,0.27129998803138733
YCR039C,YDL045W-A,0,,0.0,0.0,0.27140000462532043
YOR057W,YJL133W,0,,0.0,0.0,0.27149999141693115
YFR004W,YJR126C,0,,0.0,0.0,0.27160000801086426
YMR130W,YLR441C,0,,0.0,0.0,0.271699994802475
YKL092C,YOR378W,0,,0.0,0.0,0.2718000113964081
YML088W,YBR070C,0,,0.0,0.0,0.2718999981880188
YOL005C,YMR067C,0,,0.0,0.0,0.2720000147819519
YLR307W,YIL009C-A,0,,0.0,0.0,0.2721000015735626
YJL079C,YDR261W-B,0,,0.0,0.0,0.27219998836517334
YER126C,YBR235W,0,,0.0,0.0,0.27230000495910645
YNL305C,YDR170W-A,0,,0.0,0.0,0.27239999175071716
YPR122W,YGR070W,0,,0.0,0.0,0.27250000834465027
YLR390W,YOR337W,0,,0.0,0.0,0.272599995136261
YOR182C,YDL109C,0,,0.0,0.0,0.2727000117301941
YNR018W,YIL090W,0,,0.0,0.0,0.2727999985218048
YLR080W,YPR149W,0,,0.0,0.0,0.2728999853134155
YMR167W,YOL068C,0,,0.0,0.0,0.27300000190734863
YGR249W,YLR100W,0,,0.0,0.0,0.27309998869895935
YOR180C,YCR040W,0,,0.0,0.0,0.27320000529289246
YNL274C,YDR314C,0,,0.0,0.0,0.2732999920845032
YMR115W,YOR058C,0,,0.0,0.0,0.2734000086784363
YMR065W,YGR065C,0,,0.0,0.0,0.273499995470047
YHR121W,YOL089C,0,,0.0,0.0,0.2736000120639801
YLR003C,YKL205W,0,,0.0,0.0,0.2736999988555908
YHL018W,YLR427W,0,,0.0,0.0,0.27379998564720154
YJR078W,YBR019C,0,,0.0,0.0,0.27390000224113464
YMR115W,YGR132C,0,,0.0,0.0,0.27399998903274536
YGL023C,YPL167C,0,,0.0,0.0,0.27410000562667847
YPL079W,YDL070W,0,,0.0,0.0,0.2741999924182892
YJL178C,YOR299W,0,,0.0,0.0,0.2743000090122223
YOL068C,YCL027W,0,,0.0,0.0,0.274399995803833
YLL034C,YOL058W,0,,0.0,0.0,0.2745000123977661
YOL054W,YAR071W,0,,0.0,0.0,0.27459999918937683
YMR036C,YIL085C,0,,0.0,0.0,0.27469998598098755
YDL065C,YPR151C,0,,0.0,0.0,0.27480000257492065
YJR045C,YDR452W,0,,0.0,0.0,0.27489998936653137
YOR201C,YIL091C,0,,0.0,0.0,0.2750000059604645
YDR331W,YFR013W,0,,0.0,0.0,0.2750999927520752
YOR211C,YNL262W,0,,0.0,0.0,0.2752000093460083
YHR081W,YGL122C,1,,0.000363240105798468,0.0010000000474974513,0.2752000093460083
YOL115W,YOL123W,1,,0.0007262164144776762,0.0020000000949949026,0.2752000093460083
YGL213C,YAL021C,1,,0.0010889292461797595,0.003000000026077032,0.2752000093460083
YPR072W,YGR195W,1,,0.0014513788046315312,0.004000000189989805,0.2752000093460083
YJL124C,YGR195W,1,,0.0018135654972866178,0.004999999888241291,0.2752000093460083
YEL015W,YLR398C,1,,0.002175489440560341,0.006000000052154064,0.2752000093460083
YER112W,YAL021C,1,,0.002537151100113988,0.007000000216066837,0.2752000093460083
YJL140W,YHR077C,1,,0.0028985508251935244,0.00800000037997961,0.2752000093460083
YGL178W,YOL123W,1,,0.00325968861579895,0.008999999612569809,0.2752000093460083
YBL026W,YDL111C,1,,0.003620564704760909,0.009999999776482582,0.2752000093460083
YER035W,YLR398C,1,,0.003981180023401976,0.010999999940395355,0.2752000093460083
YER146W,YNL232W,1,,0.004341533873230219,0.012000000104308128,0.2752000093460083
YNL232W,YHR081W,1,,0.004701627418398857,0.013000000268220901,0.2752000093460083
YOL142W,YOR076C,1,,0.00506146065890789,0.014000000432133675,0.2752000093460083
YJL050W,YGR158C,1,,0.0054210335947573185,0.014999999664723873,0.2752000093460083
YCR093W,YLR136C,1,,0.005780346691608429,0.01600000075995922,0.2752000093460083
YKL208W,YHR081W,1,,0.006139400415122509,0.017000000923871994,0.2752000093460083
YGL014W,YPR072W,1,,0.006498194765299559,0.017999999225139618,0.2752000093460083
YEL015W,YGL122C,1,,0.006856730207800865,0.01899999938905239,0.2752000093460083
YJR006W,YKL113C,1,,0.007215007208287716,0.019999999552965164,0.2752000093460083
YER068W,YOR173W,1,,0.007573025766760111,0.020999999716877937,0.2752000093460083
YGL178W,YLR136C,1,,0.007930785417556763,0.02199999988079071,0.2752000093460083
YOL142W,YNL072W,1,,0.008288288488984108,0.023000000044703484,0.2752000093460083
YNL147W,YPR072W,1,,0.008645533584058285,0.024000000208616257,0.2752000093460083
YER035W,YGR195W,1,,0.009002520702779293,0.02500000037252903,0.2752000093460083
YBL026W,YHR069C,1,,0.009359251707792282,0.026000000536441803,0.2752000093460083
YPL029W,YJL124C,1,,0.009715724736452103,0.027000000700354576,0.2752000093460083
YER112W,YLL013C,1,,0.010071942582726479,0.02800000086426735,0.2752000093460083
YJL124C,YJL209W,1,,0.01042790338397026,0.028999999165534973,0.2752000093460083
YOR076C,YCR077C,1,,0.010783609002828598,0.029999999329447746,0.2752000093460083
YMR080C,YGR072W,1,,0.011139058507978916,0.03099999949336052,0.2752000093460083
YNL147W,YGL014W,1,,0.01149425283074379,0.03200000151991844,0.2752000093460083
YOL021C,YER035W,1,,0.011849191971123219,0.032999999821186066,0.2752000093460083
YGL097W,YCR077C,1,,0.012203876860439777,0.03400000184774399,0.2752000093460083
YKL009W,YGL173C,1,,0.012558306567370892,0.03500000014901161,0.2752000093460083
YMR080C,YMR287C,1,,0.012912482023239136,0.035999998450279236,0.2752000093460083
YPR072W,YHR077C,1,,0.013266404159367085,0.03700000047683716,0.2752000093460083
YNL232W,YNL072W,1,,0.013620072044432163,0.03799999877810478,0.2752000093460083
YOL142W,YNL147W,1,,0.013973486609756947,0.039000000804662704,0.2752000093460083
YNL232W,YJR091C,1,,0.014326647855341434,0.03999999910593033,0.2752000093460083
YDR404C,YDR206W,1,,0.014679555781185627,0.04100000113248825,0.2752000093460083
YGL014W,YGR195W,1,,0.015032212249934673,0.041999999433755875,0.2752000093460083
YMR080C,YGL213C,1,,0.015384615398943424,0.0430000014603138,0.2752000093460083
YNL112W,YLR398C,1,,0.015736766159534454,0.04399999976158142,0.2752000093460083
YDL165W,YPR189W,1,,0.016088666394352913,0.04500000178813934,0.2752000093460083
YDR378C,YKL009W,1,,0.016440315172076225,0.04600000008940697,0.2752000093460083
YCR093W,YLR398C,1,,0.016791710630059242,0.04699999839067459,0.2752000093460083
YJL209W,YPR072W,1,,0.017142856493592262,0.04800000041723251,0.2752000093460083
YOL142W,YOL115W,1,,0.017493752762675285,0.04899999871850014,0.2752000093460083
YLR270W,YLR136C,1,,0.017844397574663162,0.05000000074505806,0.2752000093460083
YLR270W,YHR077C,1,,0.018194790929555893,0.050999999046325684,0.2752000093460083
YER068W,YDR206W,1,,0.018544936552643776,0.052000001072883606,0.2752000093460083
YJL050W,YDL111C,1,,0.018894830718636513,0.05299999937415123,0.2752000093460083
YOL123W,YDR404C,1,,0.019244475290179253,0.05400000140070915,0.2752000093460083
YOR076C,YKL113C,1,,0.019593872129917145,0.054999999701976776,0.2752000093460083
YOL142W,YER146W,1,,0.01994301937520504,0.0560000017285347,0.2752000093460083
YOL123W,YLL013C,1,,0.020291918888688087,0.05700000002980232,0.2752000093460083
YNL147W,YOR076C,1,,0.020640568807721138,0.057999998331069946,0.2752000093460083
YLR398C,YMR287C,1,,0.02098897099494934,0.05900000035762787,0.2752000093460083
YOL139C,YGR195W,1,,0.021337127313017845,0.05999999865889549,0.2752000093460083
YGR158C,YAL021C,1,,0.021685034036636353,0.061000000685453415,0.2752000093460083
YOL142W,YGR072W,1,,0.022032693028450012,0.06199999898672104,0.2752000093460083
YOL142W,YPR072W,1,,0.022380106151103973,0.06300000101327896,0.2752000093460083
YOL021C,YGL222C,1,,0.022727273404598236,0.06400000303983688,0.2752000093460083
YDL111C,YJR091C,1,,0.02307419292628765,0.06499999761581421,0.2752000093460083
YPR189W,YGL122C,1,,0.023420866578817368,0.06599999964237213,0.2752000093460083
YGL178W,YEL015W,1,,0.023767292499542236,0.06700000166893005,0.2752000093460083
YEL015W,YLR136C,1,,0.024113474413752556,0.06800000369548798,0.2752000093460083
YIL079C,YGL222C,1,,0.024459412321448326,0.0689999982714653,0.2752000093460083
YJL209W,YOL149W,1,,0.02480510249733925,0.07000000029802322,0.2752000093460083
YDL111C,YIL079C,1,,0.025150548666715622,0.07100000232458115,0.2752000093460083
YOL142W,YJR022W,1,,0.025495750829577446,0.07199999690055847,0.2752000093460083
YNL147W,YJR022W,1,,0.02584070712327957,0.0729999989271164,0.2752000093460083
YHR081W,YLR438C-A,1,,0.026185421273112297,0.07400000095367432,0.2752000093460083
YPR042C,YOL123W,1,,0.026529889553785324,0.07500000298023224,0.2752000093460083
YPR042C,YCR093W,1,,0.02687411569058895,0.07599999755620956,0.2752000093460083
YJL209W,YNL072W,1,,0.02721809782087803,0.07699999958276749,0.2752000093460083
YLR270W,YKL113C,1,,0.027561837807297707,0.07800000160932541,0.2752000093460083
YOR173W,YGR195W,1,,0.027905333787202835,0.07900000363588333,0.2752000093460083
YKL009W,YDR404C,1,,0.028248587623238564,0.07999999821186066,0.2752000093460083
YMR098C,YMR080C,1,,0.028591599315404892,0.08100000023841858,0.2752000093460083
YGL178W,YGL173C,1,,0.02893436886370182,0.0820000022649765,0.2752000093460083
YEL015W,YKL208W,1,,0.02927689626812935,0.08299999684095383,0.2752000093460083
YJL050W,YJL124C,1,,0.029619181528687477,0.08399999886751175,0.2752000093460083
YPL029W,YHR081W,1,,0.029961226508021355,0.08500000089406967,0.2752000093460083
YJL050W,YEL015W,1,,0.03030303120613098,0.0860000029206276,0.2752000093460083
YHR077C,YMR287C,1,,0.030644593760371208,0.08699999749660492,0.2752000093460083
YHR043C,YGL032C,0,,0.030633803457021713,0.08699999749660492,0.275299996137619
YML085C,YIL111W,0,,0.030623020604252815,0.08699999749660492,0.2754000127315521
YGL112C,YPR018W,0,,0.030612245202064514,0.08699999749660492,0.27549999952316284
YCL010C,YGL046W,0,,0.03060147725045681,0.08699999749660492,0.27559998631477356
YMR112C,YFL013C,0,,0.030590716749429703,0.08699999749660492,0.27570000290870667
YLR210W,YBR096W,0,,0.03057996556162834,0.08699999749660492,0.2757999897003174
YDL190C,YLR128W,0,,0.03056921996176243,0.08699999749660492,0.2759000062942505
YKL208W,YLL013C,1,,0.03090973012149334,0.08799999952316284,0.2759000062942505
YHR069C,YOL149W,1,,0.03125,0.08900000154972076,0.2759000062942505
YGL222C,YKL113C,1,,0.03159003332257271,0.09000000357627869,0.2759000062942505
YMR098C,YJL124C,1,,0.031929824501276016,0.09099999815225601,0.2759000062942505
YNL112W,YPR189W,1,,0.03226938098669052,0.09200000017881393,0.2759000062942505
YHR069C,YNL016W,1,,0.032608695328235626,0.09300000220537186,0.2759000062942505
YGL014W,YJR091C,1,,0.03294777497649193,0.09399999678134918,0.2759000062942505
YOR173W,YAL021C,1,,0.03328661620616913,0.0949999988079071,0.2759000062942505
YER146W,YKL009W,1,,0.03362521901726723,0.09600000083446503,0.2759000062942505
YKL208W,YJL140W,1,,0.03396358713507652,0.09700000286102295,0.2759000062942505
YCR093W,YGL014W,1,,0.03430171683430672,0.09799999743700027,0.2759000062942505
YNL012W,YDR330W,0,,0.03428971394896507,0.09799999743700027,0.2759999930858612
YCR002C,YIL015W,0,,0.034277718514204025,0.09799999743700027,0.2761000096797943
YIL109C,YIL108W,0,,0.03426573425531387,0.09799999743700027,0.27619999647140503
YGR087C,YIL105C,0,,0.03425375744700432,0.09799999743700027,0.27630001306533813
YBR056W,YML037C,0,,0.03424178808927536,0.09799999743700027,0.27639999985694885
YJL192C,YGR041W,0,,0.0342298299074173,0.09799999743700027,0.27649998664855957
YDR356W,YOR308C,0,,0.03421787545084953,0.09799999743700027,0.2766000032424927
YLR391W,YPR063C,0,,0.034205932170152664,0.09799999743700027,0.2766999900341034
YBR167C,YDR342C,0,,0.03419400006532669,0.09799999743700027,0.2768000066280365
YPL266W,YDR163W,0,,0.034182071685791016,0.09799999743700027,0.2768999934196472
YHL018W,YPL159C,0,,0.034170154482126236,0.09799999743700027,0.2770000100135803
YLR330W,YHR136C,0,,0.03415824472904205,0.09799999743700027,0.27709999680519104
YGL039W,YKL124W,0,,0.03414634242653847,0.09799999743700027,0.27720001339912415
YPL110C,YML022W,0,,0.03413444757461548,0.09799999743700027,0.27730000019073486
YNL052W,YDR446W,0,,0.034122563898563385,0.09799999743700027,0.2773999869823456
YJR104C,YOL141W,0,,0.03411068394780159,0.09799999743700027,0.2775000035762787
YPL096W,YBR012W-B,0,,0.03409881517291069,0.09799999743700027,0.2775999903678894
YGR089W,YJL170C,0,,0.034086957573890686,0.09799999743700027,0.2777000069618225
YHR004C,YML129C,0,,0.03407510370016098,0.09799999743700027,0.2777999937534332
YMR104C,YML112W,0,,0.03406326100230217,0.09799999743700027,0.27790001034736633
YNL258C,YBR202W,0,,0.034051425755023956,0.09799999743700027,0.27799999713897705
YOL021C,YGR158C,1,,0.03438694030046463,0.0989999994635582,0.27799999713897705
YER146W,YDR206W,1,,0.0347222238779068,0.10000000149011612,0.27799999713897705
YNL001W,YGR158C,1,,0.035057272762060165,0.10100000351667404,0.27799999713897705
YLR136C,YJL209W,1,,0.03539209067821503,0.10199999809265137,0.27799999713897705
YKL009W,YOR076C,1,,0.035726673901081085,0.10300000011920929,0.27799999713897705
YOL115W,YDR206W,1,,0.03606102615594864,0.10400000214576721,0.27799999713897705
YNL147W,YDR404C,1,,0.03639514744281769,0.10499999672174454,0.27799999713897705
YLR270W,YCR077C,1,,0.03672903776168823,0.10599999874830246,0.27799999713897705
YPR072W,YAL021C,1,,0.037062693387269974,0.10700000077486038,0.27799999713897705
YJL050W,YJR043C,1,,0.03739612177014351,0.1080000028014183,0.27799999713897705
YPL029W,YOL123W,1,,0.03772931918501854,0.10899999737739563,0.27799999713897705
YHR069C,YJL124C,1,,0.03806228190660477,0.10999999940395355,0.27799999713897705
YIL079C,YCR027C,1,,0.03839501738548279,0.11100000143051147,0.27799999713897705
YOL139C,YKL009W,1,,0.0387275256216526,0.1120000034570694,0.27799999713897705
YDR151C,YDR206W,1,,0.039059799164533615,0.11299999803304672,0.27799999713897705
YJL140W,YNL072W,1,,0.03939184546470642,0.11400000005960464,0.27799999713897705
YEL015W,YJR022W,1,,0.03972366079688072,0.11500000208616257,0.27799999713897705
YPR189W,YCR027C,1,,0.04005524888634682,0.11599999666213989,0.27799999713897705
YHR069C,YOR076C,1,,0.04038660600781441,0.11699999868869781,0.27799999713897705
YNL299W,YHR077C,1,,0.04071773588657379,0.11800000071525574,0.27799999713897705
YGR158C,YDL111C,1,,0.04104863852262497,0.11900000274181366,0.27799999713897705
YDR206W,YMR287C,1,,0.04137931019067764,0.11999999731779099,0.27799999713897705
YLR270W,YOL123W,1,,0.04170975461602211,0.12099999934434891,0.27799999713897705
YJR043C,YLR136C,1,,0.04203997179865837,0.12200000137090683,0.27799999713897705
YGL178W,YKL113C,1,,0.042369961738586426,0.12300000339746475,0.27799999713897705
YJR006W,YDR404C,1,,0.042699724435806274,0.12399999797344208,0.27799999713897705
YOL142W,YPL029W,1,,0.04302925989031792,0.125,0.27799999713897705
YER068W,YPR189W,1,,0.04335856810212135,0.12600000202655792,0.27799999713897705
YGR158C,YJR043C,1,,0.04368764907121658,0.12700000405311584,0.27799999713897705
YLR270W,YGR195W,1,,0.044016506522893906,0.12800000607967377,0.27799999713897705
YOL115W,YER068W,1,,0.04434513673186302,0.1289999932050705,0.27799999713897705
YER112W,YGR195W,1,,0.04467353969812393,0.12999999523162842,0.27799999713897705
YBL026W,YLL013C,1,,0.045001719146966934,0.13099999725818634,0.27799999713897705
YJL209W,YER049W,1,,0.04532967135310173,0.13199999928474426,0.27799999713897705
YOR173W,YLR398C,1,,0.04565739631652832,0.13300000131130219,0.27799999713897705
YKL009W,YNL016W,1,,0.0459849014878273,0.1340000033378601,0.27799999713897705
YPR042C,YOL149W,1,,0.046312179416418076,0.13500000536441803,0.27799999713897705
YHR081W,YMR287C,1,,0.046639230102300644,0.13600000739097595,0.27799999713897705
YDL111C,YOR076C,1,,0.0469660609960556,0.13699999451637268,0.27799999713897705
YLR136C,YHR081W,1,,0.047292664647102356,0.1379999965429306,0.27799999713897705
YOL123W,YJR091C,1,,0.0476190485060215,0.13899999856948853,0.27799999713897705
YPR042C,YMR098C,1,,0.04794520512223244,0.14000000059604645,0.27799999713897705
YDL165W,YNL072W,1,,0.04827113822102547,0.14100000262260437,0.27799999713897705
YNL001W,YNL072W,1,,0.04859685152769089,0.1420000046491623,0.27799999713897705
YER146W,YNL016W,1,,0.0489223413169384,0.14300000667572021,0.27799999713897705
YGR108W,YDR444W,0,,0.04890560731291771,0.14300000667572021,0.27810001373291016
YDR151C,YER049W,1,,0.04923076927661896,0.14399999380111694,0.27810001373291016
YDL111C,YGR072W,1,,0.0495557077229023,0.14499999582767487,0.27810001373291016
YOL123W,YJR006W,1,,0.04988042265176773,0.1459999978542328,0.27810001373291016
YLR270W,YJR022W,1,,0.050204917788505554,0.1469999998807907,0.27810001373291016
YNL016W,YHR081W,1,,0.05052918940782547,0.14800000190734863,0.27810001373291016
YGL014W,YJR022W,1,,0.050853241235017776,0.14900000393390656,0.27810001373291016
YIL079C,YMR080C,1,,0.051177073270082474,0.15000000596046448,0.27810001373291016
YDL165W,YKL208W,1,,0.05150068178772926,0.1509999930858612,0.27810001373291016
YPR072W,YJR022W,1,,0.051824070513248444,0.15199999511241913,0.27810001373291016
YNL147W,YCR027C,1,,0.052147239446640015,0.15299999713897705,0.27810001373291016
YGR158C,YJL140W,1,,0.052470188587903976,0.15399999916553497,0.27810001373291016
YEL015W,YDR404C,1,,0.05279291421175003,0.1550000011920929,0.27810001373291016
YGL178W,YLR398C,1,,0.053115423768758774,0.15600000321865082,0.27810001373291016
YDL165W,YDR206W,1,,0.05343771353363991,0.15700000524520874,0.27810001373291016
YKL208W,YLR136C,1,,0.05375978350639343,0.15800000727176666,0.27810001373291016
YLR136C,YPR189W,1,,0.05408163368701935,0.1589999943971634,0.27810001373291016
YER112W,YDR172W,1,,0.054403264075517654,0.1599999964237213,0.27810001373291016
YDR172W,YCR077C,1,,0.05472467839717865,0.16099999845027924,0.27810001373291016
YOL115W,YJL124C,1,,0.055045872926712036,0.16200000047683716,0.27810001373291016
YNL016W,YLR438C-A,1,,0.05536684766411781,0.16300000250339508,0.27810001373291016
YLR398C,YKL113C,1,,0.05568760633468628,0.164000004529953,0.27810001373291016
YOL123W,YHR077C,1,,0.056008145213127136,0.16500000655651093,0.27810001373291016
YHR069C,YGR158C,1,,0.05632846802473068,0.16599999368190765,0.27810001373291016
YER112W,YJR006W,1,,0.05664857476949692,0.16699999570846558,0.27810001373291016
YKL009W,YPR072W,1,,0.05696846544742584,0.1679999977350235,0.27810001373291016
YBL026W,YPR072W,1,,0.05728813633322716,0.16899999976158142,0.27810001373291016
YDR172W,YLR136C,1,,0.05760759115219116,0.17000000178813934,0.27810001373291016
YGL222C,YAL021C,1,,0.057926829904317856,0.17100000381469727,0.27810001373291016
YDL165W,YOL149W,1,,0.05824585258960724,0.1720000058412552,0.27810001373291016
YOL142W,YCR093W,1,,0.05856465920805931,0.17299999296665192,0.27810001373291016
YGL178W,YOL115W,1,,0.05888324975967407,0.17399999499320984,0.27810001373291016
YCR027C,YAL021C,1,,0.05920162424445152,0.17499999701976776,0.27810001373291016
YHR081W,YDR206W,1,,0.05951978266239166,0.17599999904632568,0.27810001373291016
YER112W,YMR287C,1,,0.05983772873878479,0.1770000010728836,0.27810001373291016
YOL149W,YGR072W,1,,0.06015545874834061,0.17800000309944153,0.27810001373291016
YGR195W,YCR077C,1,,0.06047297269105911,0.17900000512599945,0.27810001373291016
YOL115W,YDR172W,1,,0.060790274292230606,0.18000000715255737,0.27810001373291016
YBL026W,YGR072W,1,,0.06110735982656479,0.1809999942779541,0.27810001373291016
YGL178W,YPR189W,1,,0.06142423301935196,0.18199999630451202,0.27810001373291016
YJR043C,YGL122C,1,,0.06174089014530182,0.18299999833106995,0.27810001373291016
YDR404C,YGL122C,1,,0.062057334929704666,0.18400000035762787,0.27810001373291016
YPL029W,YJL209W,1,,0.0623735673725605,0.1850000023841858,0.27810001373291016
YPR042C,YLR438C-A,1,,0.06268958747386932,0.1860000044107437,0.27810001373291016
YOL123W,YJL140W,1,,0.06300538778305054,0.18700000643730164,0.27810001373291016
YDR151C,YMR080C,1,,0.06332098692655563,0.18799999356269836,0.27810001373291016
YJL050W,YNL001W,1,,0.06363636255264282,0.1889999955892563,0.27810001373291016
YPR042C,YJL140W,1,,0.0639515295624733,0.1899999976158142,0.27810001373291016
YPR042C,YIL079C,1,,0.06426648795604706,0.19099999964237213,0.27810001373291016
YER068W,YKL208W,1,,0.06458123028278351,0.19200000166893005,0.27810001373291016
YCR093W,YNL299W,1,,0.06489576399326324,0.19300000369548798,0.27810001373291016
YGL014W,YMR287C,1,,0.06521008163690567,0.1940000057220459,0.27810001373291016
YOL021C,YGR072W,1,,0.06552419066429138,0.19499999284744263,0.27810001373291016
YCR093W,YDR404C,1,,0.06583809107542038,0.19599999487400055,0.27810001373291016
YDR378C,YLR438C-A,1,,0.06615178287029266,0.19699999690055847,0.27810001373291016
YJR043C,YGR195W,1,,0.06646525859832764,0.1979999989271164,0.27810001373291016
YER068W,YGR158C,1,,0.0667785257101059,0.19900000095367432,0.27810001373291016
YPR072W,YPR189W,1,,0.06709157675504684,0.20000000298023224,0.27810001373291016
YCR027C,YHR077C,1,,0.06740442663431168,0.20100000500679016,0.27810001373291016
YJR043C,YJR022W,1,,0.0677170604467392,0.20200000703334808,0.27810001373291016
YMR080C,YGR195W,1,,0.0680294930934906,0.2029999941587448,0.27810001373291016
YDR172W,YLL013C,1,,0.0683417096734047,0.20399999618530273,0.27810001373291016
YDR151C,YNL299W,1,,0.06865371763706207,0.20499999821186066,0.27810001373291016
YJL050W,YHR081W,1,,0.06896551698446274,0.20600000023841858,0.27810001373291016
YER068W,YJR091C,1,,0.06927710771560669,0.2070000022649765,0.27810001373291016
YGL014W,YAL021C,1,,0.06958848983049393,0.20800000429153442,0.27810001373291016
YLR270W,YLR398C,1,,0.06989966332912445,0.20900000631809235,0.27810001373291016
YEL015W,YGL222C,1,,0.07021062821149826,0.20999999344348907,0.27810001373291016
YPR042C,YJL209W,1,,0.07052139192819595,0.210999995470047,0.27810001373291016
YGR158C,YIL079C,1,,0.07083193957805634,0.21199999749660492,0.27810001373291016
YKL009W,YOL149W,1,,0.0711422860622406,0.21299999952316284,0.27810001373291016
YLR136C,YER049W,1,,0.07145242393016815,0.21400000154972076,0.27810001373291016
YJR043C,YDR206W,1,,0.07176235318183899,0.2150000035762787,0.27810001373291016
YER035W,YER049W,1,,0.07207207381725311,0.2160000056028366,0.27810001373291016
YPL029W,YGL097W,1,,0.07238158583641052,0.21699999272823334,0.27810001373291016
YKL208W,YDL111C,1,,0.07269089668989182,0.21799999475479126,0.27810001373291016
YOL115W,YCR093W,1,,0.0729999989271164,0.21899999678134918,0.27810001373291016
YDR172W,YCR027C,1,,0.07330889999866486,0.2199999988079071,0.27810001373291016
YCR093W,YGL122C,1,,0.07361758500337601,0.22100000083446503,0.27810001373291016
YDL111C,YGL213C,1,,0.07392607629299164,0.22200000286102295,0.27810001373291016
YGL173C,YNL112W,1,,0.07423435151576996,0.22300000488758087,0.27810001373291016
YKL009W,YJR043C,1,,0.07454242557287216,0.2240000069141388,0.27810001373291016
YOL115W,YJR006W,1,,0.07485029846429825,0.22499999403953552,0.27810001373291016
YPR042C,YDR378C,1,,0.07515796273946762,0.22599999606609344,0.27810001373291016
YDR172W,YDL111C,1,,0.07546542584896088,0.22699999809265137,0.27810001373291016
YOL139C,YNL016W,1,,0.07577268034219742,0.2280000001192093,0.27810001373291016
YDL165W,YER049W,1,,0.07607973366975784,0.2290000021457672,0.27810001373291016
YHR069C,YPL029W,1,,0.07638658583164215,0.23000000417232513,0.27810001373291016
YGR158C,YNL112W,1,,0.07669322937726974,0.23100000619888306,0.27810001373291016
YGL178W,YNL001W,1,,0.07699967175722122,0.23199999332427979,0.27810001373291016
YNL112W,YKL113C,1,,0.07730590552091599,0.2329999953508377,0.27810001373291016
YDR206W,YGR195W,1,,0.07761193811893463,0.23399999737739563,0.27810001373291016
YHR081W,YGL213C,1,,0.07791776955127716,0.23499999940395355,0.27810001373291016
YPL029W,YNL299W,1,,0.07822339981794357,0.23600000143051147,0.27810001373291016
YLR136C,YNL016W,1,,0.07852882891893387,0.2370000034570694,0.27810001373291016
YOL115W,YER035W,1,,0.07883404940366745,0.23800000548362732,0.27810001373291016
YNL016W,YJR022W,1,,0.07913907617330551,0.23899999260902405,0.27810001373291016
YJR006W,YJR022W,1,,0.07944389432668686,0.23999999463558197,0.27810001373291016
YGL097W,YPR189W,1,,0.07974851131439209,0.2409999966621399,0.27810001373291016
YGR095C,YJR091C,1,,0.0800529271364212,0.24199999868869781,0.27810001373291016
YBL026W,YCR027C,1,,0.0803571417927742,0.24300000071525574,0.27810001373291016
YER035W,YLL013C,1,,0.08066115528345108,0.24400000274181366,0.27810001373291016
YJL124C,YLR438C-A,1,,0.08096496760845184,0.24500000476837158,0.27810001373291016
YOL123W,YDL111C,1,,0.08126858621835709,0.2460000067949295,0.27810001373291016
YDR378C,YNL016W,1,,0.08157199621200562,0.24699999392032623,0.27810001373291016
YDR378C,YIL079C,1,,0.08187520503997803,0.24799999594688416,0.27810001373291016
YGL097W,YER049W,1,,0.08217822015285492,0.24899999797344208,0.27810001373291016
YDR378C,YMR080C,1,,0.0824810266494751,0.25,0.27810001373291016
YNL147W,YIL079C,1,,0.08278363943099976,0.25099998712539673,0.27810001373291016
YEL015W,YAL021C,1,,0.0830860510468483,0.25200000405311584,0.27810001373291016
YNL016W,YGR195W,1,,0.08338826894760132,0.2529999911785126,0.27810001373291016
YDR378C,YHR081W,1,,0.08369027823209763,0.2540000081062317,0.27810001373291016
YJL209W,YGR195W,1,,0.08399209380149841,0.2549999952316284,0.27810001373291016
YOL142W,YJR091C,1,,0.08429370820522308,0.25600001215934753,0.27810001373291016
YNL147W,YGL097W,1,,0.08459512889385223,0.25699999928474426,0.27810001373291016
YOL149W,YGL122C,1,,0.08489634841680527,0.257999986410141,0.27810001373291016
YER112W,YLR270W,1,,0.08519736677408218,0.2590000033378601,0.27810001373291016
YLR398C,YJR091C,1,,0.08549819141626358,0.25999999046325684,0.27810001373291016
YAL021C,YJR091C,1,,0.08579881489276886,0.26100000739097595,0.27810001373291016
YGL178W,YOR076C,1,,0.08609924465417862,0.2619999945163727,0.27810001373291016
YLR270W,YNL072W,1,,0.08639947324991226,0.2630000114440918,0.27810001373291016
YMR098C,YLR438C-A,1,,0.08669950813055038,0.2639999985694885,0.27810001373291016
YGL014W,YGL173C,1,,0.08699934184551239,0.26499998569488525,0.27810001373291016
YOL021C,YCR027C,1,,0.08729898184537888,0.26600000262260437,0.27810001373291016
YER068W,YPR072W,1,,0.08759842813014984,0.2669999897480011,0.27810001373291016
YGL178W,YMR287C,1,,0.08789767324924469,0.2680000066757202,0.27810001373291016
YBL026W,YOL149W,1,,0.08819672465324402,0.26899999380111694,0.27810001373291016
YNL299W,YGL213C,1,,0.08849557489156723,0.27000001072883606,0.27810001373291016
YOL021C,YJL209W,1,,0.08879423141479492,0.2709999978542328,0.27810001373291016
YEL015W,YER035W,1,,0.0890926942229271,0.2720000147819519,0.27810001373291016
YLR270W,YJR043C,1,,0.08939096331596375,0.27300000190734863,0.27810001373291016
YLL013C,YNL072W,1,,0.08968903124332428,0.27399998903274536,0.27810001373291016
YNL001W,YLL013C,1,,0.08998691290616989,0.2750000059604645,0.27810001373291016
YOL139C,YLR438C-A,1,,0.09028459340333939,0.2759999930858612,0.27810001373291016
YGL173C,YGL213C,1,,0.09058208018541336,0.2770000100135803,0.27810001373291016
YOL123W,YCR077C,1,,0.09087937325239182,0.27799999713897705,0.27810001373291016
YER049W,YMR287C,1,,0.09117647260427475,0.27900001406669617,0.27810001373291016
YMR098C,YDR206W,1,,0.09147337824106216,0.2800000011920929,0.27810001373291016
YGL173C,YOL149W,1,,0.09177008271217346,0.2809999883174896,0.27810001373291016
YDL111C,YAL021C,1,,0.09206660091876984,0.28200000524520874,0.27810001373291016
YNL232W,YDR404C,1,,0.09236292541027069,0.28299999237060547,0.27810001373291016
YGR095C,YHR077C,1,,0.09265905618667603,0.2840000092983246,0.27810001373291016
YNL001W,YGL222C,1,,0.09295499324798584,0.2849999964237213,0.27810001373291016
YMR287C,YNL072W,1,,0.09325073659420013,0.28600001335144043,0.27810001373291016
YBL026W,YNL016W,1,,0.09354628622531891,0.28700000047683716,0.27810001373291016
YGR158C,YGL173C,1,,0.09384164214134216,0.2879999876022339,0.27810001373291016
YMR080C,YHR077C,1,,0.0941368043422699,0.289000004529953,0.27810001373291016
YDR404C,YNL072W,1,,0.09443178027868271,0.28999999165534973,0.27810001373291016
YHR069C,YOL123W,1,,0.0947265625,0.29100000858306885,0.27810001373291016
YOR173W,YDL111C,1,,0.09502115100622177,0.2919999957084656,0.27810001373291016
YKL009W,YJR006W,1,,0.09531555324792862,0.2930000126361847,0.27810001373291016
YHR077C,YNL072W,1,,0.09560975432395935,0.2939999997615814,0.27810001373291016
YER146W,YDL111C,1,,0.09590376913547516,0.29499998688697815,0.27810001373291016
YGL173C,YGR072W,1,,0.09619759768247604,0.29600000381469727,0.27810001373291016
YER049W,YNL072W,1,,0.09649122506380081,0.296999990940094,0.27810001373291016
YNL016W,YLR398C,1,,0.09678467363119125,0.2980000078678131,0.27810001373291016
YMR098C,YJR022W,1,,0.09707792103290558,0.29899999499320984,0.27810001373291016
YGR158C,YJL209W,1,,0.09737098217010498,0.30000001192092896,0.27810001373291016
YPR042C,YCR027C,1,,0.09766385704278946,0.3009999990463257,0.27810001373291016
YLR398C,YHR077C,1,,0.09795653820037842,0.3019999861717224,0.27810001373291016
YER068W,YCR027C,1,,0.09824902564287186,0.30300000309944153,0.27810001373291016
YJR006W,YMR080C,1,,0.09854132682085037,0.30399999022483826,0.27810001373291016
YMR098C,YOR076C,1,,0.09883344173431396,0.3050000071525574,0.27810001373291016
YJR022W,YGR095C,1,,0.09912536293268204,0.3059999942779541,0.27810001373291016
YLR136C,YLL013C,1,,0.09941709786653519,0.3070000112056732,0.27810001373291016
YOL115W,YIL079C,1,,0.09970864653587341,0.30799999833106995,0.27810001373291016
YER035W,YOL149W,1,,0.10000000149011612,0.3089999854564667,0.27810001373291016
YOL142W,YNL001W,1,,0.1002911701798439,0.3100000023841858,0.27810001373291016
YGL213C,YGL122C,1,,0.10058214515447617,0.3109999895095825,0.27810001373291016
YOL139C,YJR022W,1,,0.1008729413151741,0.31200000643730164,0.27810001373291016
YGL162W,YFR031C,0,,0.10084033757448196,0.31200000643730164,0.2782000005245209
YIR015W,YCL033C,0,,0.10080775618553162,0.31200000643730164,0.2782999873161316
YJL006C,YPL019C,0,,0.10077519714832306,0.31200000643730164,0.2784000039100647
YKL180W,YGL141W,0,,0.1007426530122757,0.31200000643730164,0.2784999907016754
YGR020C,YDL225W,0,,0.10071013867855072,0.31200000643730164,0.2786000072956085
YJL190C,YOR219C,0,,0.10067763924598694,0.31200000643730164,0.27869999408721924
YBR183W,YHR017W,0,,0.10064516216516495,0.31200000643730164,0.27880001068115234
YLR306W,YCR042C,0,,0.10061270743608475,0.31200000643730164,0.27889999747276306
YOR243C,YKR059W,0,,0.10058026760816574,0.31200000643730164,0.27900001406669617
YPL082C,YIR012W,0,,0.10054785758256912,0.31200000643730164,0.2791000008583069
YLL036C,YAL010C,0,,0.1005154624581337,0.31200000643730164,0.2791999876499176
YGL207W,YBL066C,0,,0.10048308968544006,0.31200000643730164,0.2793000042438507
YDL136W,YHR005C-A,0,,0.10045073926448822,0.31200000643730164,0.2793999910354614
YLR276C,YBR055C,0,,0.10041841119527817,0.31200000643730164,0.27950000762939453
YKL195W,YEL065W,0,,0.10038609802722931,0.31200000643730164,0.27959999442100525
YDR352W,YDR138W,0,,0.10035381466150284,0.31200000643730164,0.27970001101493835
YER114C,YDR410C,0,,0.10032154619693756,0.31200000643730164,0.2797999978065491
YBR205W,YAR014C,0,,0.10028929263353348,0.31200000643730164,0.2799000144004822
YPL090C,YHL016C,0,,0.10025706887245178,0.31200000643730164,0.2800000011920929
YGR031C-A,YNL138W,0,,0.10022486001253128,0.31200000643730164,0.2800999879837036
YGL079W,YKL163W,0,,0.10019268095493317,0.31200000643730164,0.2802000045776367
YGL065C,YML014W,0,,0.10016051679849625,0.31200000643730164,0.28029999136924744
YLR127C,YDR512C,0,,0.10012836754322052,0.31200000643730164,0.28040000796318054
YOL080C,YIL088C,0,,0.10009624809026718,0.31200000643730164,0.28049999475479126
YCR002C,YDR362C,0,,0.10006414353847504,0.31200000643730164,0.28060001134872437
YNL046W,YMR268C,0,,0.10003206133842468,0.31200000643730164,0.2806999981403351
YNL241C,YDR052C,0,,0.10000000149011612,0.31200000643730164,0.2808000147342682
YKL085W,YLR429W,0,,0.09996795654296875,0.31200000643730164,0.2809000015258789
YJL123C,YOL158C,0,,0.09993594139814377,0.31200000643730164,0.2809999883174896
YDR197W,YFL034C-B,0,,0.09990394115447998,0.31200000643730164,0.28110000491142273
YDL225W,YJR110W,0,,0.09987195581197739,0.31200000643730164,0.28119999170303345
YDR385W,YOR244W,0,,0.09984000027179718,0.31200000643730164,0.28130000829696655
YJL033W,YDR258C,0,,0.09980805963277817,0.31200000643730164,0.28139999508857727
YGL026C,YDR177W,0,,0.09977614134550095,0.31200000643730164,0.2815000116825104
YJR089W,YOL002C,0,,0.09974424540996552,0.31200000643730164,0.2815999984741211
YGL099W,YAR019C,0,,0.09971237182617188,0.31200000643730164,0.2816999852657318
YNR073C,YDR107C,0,,0.09968051314353943,0.31200000643730164,0.2818000018596649
YDL095W,YNR060W,0,,0.09964867681264877,0.31200000643730164,0.28189998865127563
YPR083W,YML014W,0,,0.09961685538291931,0.31200000643730164,0.28200000524520874
YJR129C,YOL093W,0,,0.09958506375551224,0.31200000643730164,0.28209999203681946
YMR270C,YER088C,0,,0.09955328702926636,0.31200000643730164,0.28220000863075256
YDR097C,YDL092W,0,,0.09952153265476227,0.31200000643730164,0.2822999954223633
YHR030C,YKL205W,0,,0.09948979318141937,0.31200000643730164,0.2824000120162964
YNR045W,YOR070C,0,,0.09945808351039886,0.31200000643730164,0.2824999988079071
YJL029C,YLR419W,0,,0.09942638874053955,0.31200000643730164,0.2825999855995178
YDL114W,YMR204C,0,,0.09939470887184143,0.31200000643730164,0.2827000021934509
YJL019W,YGR084C,0,,0.0993630588054657,0.31200000643730164,0.28279998898506165
YIR013C,YMR023C,0,,0.09933142364025116,0.31200000643730164,0.28290000557899475
YOR317W,YLR227W-B,0,,0.09929981082677841,0.31200000643730164,0.28299999237060547
YIL020C,YPL252C,0,,0.09926821291446686,0.31200000643730164,0.2831000089645386
YNR018W,YDR456W,0,,0.09923664480447769,0.31200000643730164,0.2831999957561493
YOL120C,YDL204W,0,,0.09920508414506912,0.31200000643730164,0.2833000123500824
YFR037C,YKL097W-A,0,,0.09917355328798294,0.31200000643730164,0.2833999991416931
YDL190C,YHR136C,0,,0.09914203733205795,0.31200000643730164,0.28349998593330383
YBR033W,YER073W,0,,0.09911054372787476,0.31200000643730164,0.28360000252723694
YFL052W,YMR306W,0,,0.09907907247543335,0.31200000643730164,0.28369998931884766
YLR074C,YKL143W,0,,0.09904761612415314,0.31200000643730164,0.28380000591278076
YGR106C,YOR312C,0,,0.09901618212461472,0.31200000643730164,0.2838999927043915
YOL040C,YMR221C,0,,0.09898477047681808,0.31200000643730164,0.2840000092983246
YKL007W,YPL170W,0,,0.09895338118076324,0.31200000643730164,0.2840999960899353
YDR518W,YAR003W,0,,0.0989220067858696,0.31200000643730164,0.2842000126838684
YLR246W,YDR240C,0,,0.09889064729213715,0.31200000643730164,0.2842999994754791
YBL005W-A,YDR285W,0,,0.09885931760072708,0.31200000643730164,0.28439998626708984
YBR123C,YOR343C-B,0,,0.09882800281047821,0.31200000643730164,0.28450000286102295
YGL136C,YMR227C,0,,0.09879671037197113,0.31200000643730164,0.28459998965263367
YDR248C,YGR140W,0,,0.09876543283462524,0.31200000643730164,0.2847000062465668
YOL086C,YKL055C,0,,0.09873417764902115,0.31200000643730164,0.2847999930381775
YBR024W,YKL203C,0,,0.09870294481515884,0.31200000643730164,0.2849000096321106
YOR100C,YPR160W,0,,0.09867172688245773,0.31200000643730164,0.2849999964237213
YGL089C,YJR051W,0,,0.09864053130149841,0.31200000643730164,0.2851000130176544
YDR353W,YPR009W,0,,0.09860935807228088,0.31200000643730164,0.28519999980926514
YHL008C,YPL031C,0,,0.09857819974422455,0.31200000643730164,0.28529998660087585
YOR180C,YPL121C,0,,0.09854706376791,0.31200000643730164,0.28540000319480896
YGR104C,YPL196W,0,,0.09851594269275665,0.31200000643730164,0.2854999899864197
YOR256C,YBR010W,0,,0.09848485141992569,0.31200000643730164,0.2856000065803528
YDR326C,YLR332W,0,,0.09845376759767532,0.31200000643730164,0.2856999933719635
YEL031W,YJR158W,0,,0.09842271357774734,0.31200000643730164,0.2858000099658966
YHR183W,YDR531W,0,,0.09839167445898056,0.31200000643730164,0.2858999967575073
YCR002C,YLR449W,0,,0.09836065769195557,0.31200000643730164,0.28600001335144043
YGL079W,YOL141W,0,,0.09832965582609177,0.31200000643730164,0.28610000014305115
YDL239C,YMR088C,0,,0.09829867631196976,0.31200000643730164,0.28619998693466187
YLR158C,YDR356W,0,,0.09826771914958954,0.31200000643730164,0.28630000352859497
YMR312W,YAR050W,0,,0.09823677688837051,0.31200000643730164,0.2863999903202057
YNL064C,YHR147C,0,,0.09820585697889328,0.31200000643730164,0.2865000069141388
YDR279W,YHR011W,0,,0.09817495197057724,0.31200000643730164,0.2865999937057495
YLR043C,YMR276W,0,,0.09814406931400299,0.31200000643730164,0.2867000102996826
YDR363W-A,YOR066W,0,,0.09811320900917053,0.31200000643730164,0.28679999709129333
YPR162C,YBR172C,0,,0.09808236360549927,0.31200000643730164,0.28690001368522644
YHR102W,YGL008C,0,,0.0980515405535698,0.31200000643730164,0.28700000047683716
YMR224C,YJR135W-A,0,,0.09802073240280151,0.31200000643730164,0.2870999872684479
YML078W,YFL002C,0,,0.09798994660377502,0.31200000643730164,0.287200003862381
YDR097C,YNL314W,0,,0.09795918315649033,0.31200000643730164,0.2872999906539917
YBL092W,YIL150C,0,,0.09792843461036682,0.31200000643730164,0.2874000072479248
YPL019C,YJR044C,0,,0.09789770841598511,0.31200000643730164,0.2874999940395355
YGL225W,YPR166C,0,,0.09786700457334518,0.31200000643730164,0.28760001063346863
YAL038W,YDL015C,0,,0.09783631563186646,0.31200000643730164,0.28769999742507935
YNL061W,YFR044C,0,,0.09780564159154892,0.31200000643730164,0.28780001401901245
YDR296W,YPL024W,0,,0.09777498990297318,0.31200000643730164,0.28790000081062317
YMR250W,YHR094C,0,,0.09774436056613922,0.31200000643730164,0.2879999876022339
YHL008C,YKR056W,0,,0.09771374613046646,0.31200000643730164,0.288100004196167
YGR206W,YGR268C,0,,0.09768315404653549,0.31200000643730164,0.2881999909877777
YCR033W,YCL027W,0,,0.09765258431434631,0.31200000643730164,0.2883000075817108
YBR257W,YDR147W,0,,0.09762202948331833,0.31200000643730164,0.28839999437332153
YBR077C,YIL006W,0,,0.09759148955345154,0.31200000643730164,0.28850001096725464
YJL063C,YDR096W,0,,0.09756097197532654,0.31200000643730164,0.28859999775886536
YFR004W,YIL113W,0,,0.09753047674894333,0.31200000643730164,0.28870001435279846
YDR387C,YBR129C,0,,0.09749999642372131,0.31200000643730164,0.2888000011444092
YKL144C,YPL220W,0,,0.09746953845024109,0.31200000643730164,0.2888999879360199
YKR057W,YHR134W,0,,0.09743910282850266,0.31200000643730164,0.289000004529953
YDR088C,YLL033W,0,,0.09740868210792542,0.31200000643730164,0.2890999913215637
YNL078W,YDL127W,0,,0.09737827628850937,0.31200000643730164,0.2892000079154968
YPL266W,YEL021W,0,,0.09734789282083511,0.31200000643730164,0.28929999470710754
YKR101W,YKR059W,0,,0.09731753170490265,0.31200000643730164,0.28940001130104065
YPL084W,YER029C,0,,0.09728718549013138,0.31200000643730164,0.28949999809265137
YGL055W,YDL192W,0,,0.0972568541765213,0.31200000643730164,0.2896000146865845
YPL032C,YCL063W,0,,0.09722655266523361,0.31200000643730164,0.2897000014781952
YLR160C,YMR289W,0,,0.09719625860452652,0.31200000643730164,0.2897999882698059
YLR074C,YOR198C,0,,0.09716599434614182,0.31200000643730164,0.289900004863739
YPL211W,YER119C,0,,0.09713573753833771,0.31200000643730164,0.28999999165534973
YPR119W,YOR337W,0,,0.09710551053285599,0.31200000643730164,0.29010000824928284
YHR061C,YFL031W,0,,0.09707529842853546,0.31200000643730164,0.29019999504089355
YBR204C,YDL099W,0,,0.09704510122537613,0.31200000643730164,0.29030001163482666
YGL206C,YOR014W,0,,0.09701492637395859,0.31200000643730164,0.2903999984264374
YJL121C,YDR387C,0,,0.09698476642370224,0.31200000643730164,0.2904999852180481
YDR020C,YDR440W,0,,0.09695462882518768,0.31200000643730164,0.2906000018119812
YBR079C,YNL272C,0,,0.09692451357841492,0.31200000643730164,0.2906999886035919
YDR408C,YPL113C,0,,0.09689441323280334,0.31200000643730164,0.290800005197525
YGL089C,YKL056C,0,,0.09686432778835297,0.31200000643730164,0.29089999198913574
YLR439W,YML129C,0,,0.09683426469564438,0.31200000643730164,0.29100000858306885
YLL034C,YJL076W,0,,0.09680421650409698,0.31200000643730164,0.29109999537467957
YOL002C,YIL157C,0,,0.09677419066429138,0.31200000643730164,0.29120001196861267
YGR214W,YHR176W,0,,0.09674418717622757,0.31200000643730164,0.2912999987602234
YBL016W,YLL029W,0,,0.09671419858932495,0.31200000643730164,0.2913999855518341
YGL068W,YHR005C-A,0,,0.09668422490358353,0.31200000643730164,0.2915000021457672
YLR201C,YKL042W,0,,0.09665427356958389,0.31200000643730164,0.29159998893737793
YHR123W,YMR137C,0,,0.09662434458732605,0.31200000643730164,0.29170000553131104
YML073C,YLR026C,0,,0.0965944305062294,0.31200000643730164,0.29179999232292175
YHR030C,YMR100W,0,,0.09656453132629395,0.31200000643730164,0.29190000891685486
YKR001C,YMR163C,0,,0.09653465449810028,0.31200000643730164,0.2919999957084656
YBR073W,YDL028C,0,,0.09650479257106781,0.31200000643730164,0.2921000123023987
YGR033C,YBR082C,0,,0.09647495299577713,0.31200000643730164,0.2921999990940094
YPL072W,YER154W,0,,0.09644512832164764,0.31200000643730164,0.2922999858856201
YAL016W,YDR177W,0,,0.09641532599925995,0.31200000643730164,0.2924000024795532
YBR287W,YDR316W-A,0,,0.09638553857803345,0.31200000643730164,0.29249998927116394
YGR258C,YPR133W-A,0,,0.09635577350854874,0.31200000643730164,0.29260000586509705
YDL156W,YHR044C,0,,0.09632602334022522,0.31200000643730164,0.29269999265670776
YLR127C,YDL143W,0,,0.0962962955236435,0.31200000643730164,0.29280000925064087
YAR014C,YDR224C,0,,0.09626658260822296,0.31200000643730164,0.2928999960422516
YGL121C,YOR007C,0,,0.09623689204454422,0.31200000643730164,0.2930000126361847
YLR307W,YBL036C,0,,0.09620721638202667,0.31200000643730164,0.2930999994277954
YMR045C,YNL209W,0,,0.09617755562067032,0.31200000643730164,0.29319998621940613
YMR005W,YOR308C,0,,0.09614791721105576,0.31200000643730164,0.29330000281333923
YDR483W,YER184C,0,,0.09611830115318298,0.31200000643730164,0.29339998960494995
YPR032W,YOR036W,0,,0.0960886999964714,0.31200000643730164,0.29350000619888306
YEL016C,YOL113W,0,,0.09605911374092102,0.31200000643730164,0.2935999929904938
YNL267W,YDR351W,0,,0.09602954983711243,0.31200000643730164,0.2937000095844269
YER171W,YGL103W,0,,0.09600000083446503,0.31200000643730164,0.2937999963760376
YPR125W,YBR199W,0,,0.09597047418355942,0.31200000643730164,0.2939000129699707
YJL114W,YDR126W,0,,0.095940962433815,0.31200000643730164,0.2939999997615814
YOL109W,YHL016C,0,,0.09591146558523178,0.31200000643730164,0.29409998655319214
YHR025W,YNL268W,0,,0.09588199108839035,0.31200000643730164,0.29420000314712524
YNL039W,YOR215C,0,,0.09585253149271011,0.31200000643730164,0.29429998993873596
YPR002W,YOL052C,0,,0.09582309424877167,0.31200000643730164,0.29440000653266907
YLL002W,YMR152W,0,,0.09579367190599442,0.31200000643730164,0.2944999933242798
YER045C,YLR391W-A,0,,0.09576427191495895,0.31200000643730164,0.2946000099182129
YJL066C,YOR377W,0,,0.09573488682508469,0.31200000643730164,0.2946999967098236
YHR147C,YFL036W,0,,0.09570552408695221,0.31200000643730164,0.2948000133037567
YER091C,YIL090W,0,,0.09567617624998093,0.31200000643730164,0.29490000009536743
YNL224C,YBR129C,0,,0.09564684331417084,0.31200000643730164,0.29499998688697815
YER001W,YMR078C,0,,0.09561753273010254,0.31200000643730164,0.29510000348091125
YML030W,YIL131C,0,,0.09558823704719543,0.31200000643730164,0.295199990272522
YKL203C,YBL055C,0,,0.09555895626544952,0.31200000643730164,0.2953000068664551
YOR288C,YDL038C,0,,0.0955296978354454,0.31200000643730164,0.2953999936580658
YCR071C,YDR285W,0,,0.09550046175718307,0.31200000643730164,0.2955000102519989
YLR221C,YIL091C,0,,0.09547123312950134,0.31200000643730164,0.2955999970436096
YPL111W,YDR302W,0,,0.095442034304142,0.31200000643730164,0.2957000136375427
YGL084C,YGR061C,0,,0.09541284292936325,0.31200000643730164,0.29580000042915344
YDR245W,YNR023W,0,,0.0953836739063263,0.31200000643730164,0.29589998722076416
YMR271C,YDR530C,0,,0.09535451978445053,0.31200000643730164,0.29600000381469727
YHL009C,YKL184W,0,,0.09532538801431656,0.31200000643730164,0.296099990606308
YDR027C,YDR382W,0,,0.09529627114534378,0.31200000643730164,0.2962000072002411
YGR023W,YKL189W,0,,0.09526717662811279,0.31200000643730164,0.2962999939918518
YDL049C,YDR076W,0,,0.095238097012043,0.31200000643730164,0.2964000105857849
YPR033C,YPL017C,0,,0.0952090322971344,0.31200000643730164,0.29649999737739563
YJL160C,YKL003C,0,,0.09517998993396759,0.31200000643730164,0.29660001397132874
YOL136C,YBR088C,0,,0.09515096247196198,0.31200000643730164,0.29670000076293945
YOR261C,YOR336W,0,,0.09512194991111755,0.31200000643730164,0.29679998755455017
YDR418W,YDR222W,0,,0.09509295970201492,0.31200000643730164,0.2969000041484833
YHR070W,YER006W,0,,0.09506398439407349,0.31200000643730164,0.296999990940094
YKR009C,YLR110C,0,,0.09503503143787384,0.31200000643730164,0.2971000075340271
YGR214W,YPL122C,0,,0.09500609338283539,0.31200000643730164,0.2971999943256378
YGL124C,YGR001C,0,,0.09497717022895813,0.31200000643730164,0.2973000109195709
YOR304W,YKR002W,0,,0.09494826197624207,0.31200000643730164,0.29739999771118164
YHR160C,YDR415C,0,,0.09491937607526779,0.31200000643730164,0.29750001430511475
YDR483W,YPR083W,0,,0.09489051252603531,0.31200000643730164,0.29760000109672546
YJL079C,YDR169C,0,,0.09486165642738342,0.31200000643730164,0.2976999878883362
YAR019C,YHR079C-A,0,,0.09483283013105392,0.31200000643730164,0.2978000044822693
YMR173W,YER055C,0,,0.09480401128530502,0.31200000643730164,0.29789999127388
YHR034C,YGR047C,0,,0.09477521479129791,0.31200000643730164,0.2980000078678131
YPL087W,YMR233W,0,,0.094746433198452,0.31200000643730164,0.29809999465942383
YJL046W,YPR028W,0,,0.09471766650676727,0.31200000643730164,0.29820001125335693
YOR270C,YNL008C,0,,0.09468892216682434,0.31200000643730164,0.29829999804496765
YGR009C,YOR278W,0,,0.0946601927280426,0.31200000643730164,0.29840001463890076
YCL040W,YMR295C,0,,0.09463148564100266,0.31200000643730164,0.2985000014305115
YOR033C,YJR121W,0,,0.0946027860045433,0.31200000643730164,0.2985999882221222
YBL045C,YOL033W,0,,0.09457411617040634,0.31200000643730164,0.2987000048160553
YDR014W-A,YMR305C,0,,0.09454545378684998,0.31200000643730164,0.298799991607666
YOR128C,YBR182C,0,,0.0945168137550354,0.31200000643730164,0.2989000082015991
YNL207W,YDR353W,0,,0.09448818862438202,0.31200000643730164,0.29899999499320984
YIL114C,YGR124W,0,,0.09445958584547043,0.31200000643730164,0.29910001158714294
YER157W,YKR025W,0,,0.09443099051713943,0.31200000643730164,0.29919999837875366
YCL030C,YPL181W,0,,0.09440241754055023,0.31200000643730164,0.2992999851703644
YLR453C,YPL249C,0,,0.09437386691570282,0.31200000643730164,0.2994000017642975
YLL001W,YOL146W,0,,0.0943453311920166,0.31200000643730164,0.2994999885559082
YOL133W,YPR094W,0,,0.09431681036949158,0.31200000643730164,0.2996000051498413
YIL159W,YLR157C-B,0,,0.09428830444812775,0.31200000643730164,0.299699991941452
YAR050W,YHR012W,0,,0.0942598208785057,0.31200000643730164,0.29980000853538513
YPL104W,YFR021W,0,,0.09423135221004486,0.31200000643730164,0.29989999532699585
YOL034W,YOR149C,0,,0.09420289844274521,0.31200000643730164,0.30000001192092896
YGR059W,YLR414C,0,,0.09417446702718735,0.31200000643730164,0.3000999987125397
YNL230C,YOR118W,0,,0.09414605051279068,0.31200000643730164,0.3001999855041504
YMR029C,YPL273W,0,,0.0941176488995552,0.31200000643730164,0.3003000020980835
YNR007C,YMR051C,0,,0.09408926218748093,0.31200000643730164,0.3003999888896942
YOR321W,YDL210W,0,,0.09406089782714844,0.31200000643730164,0.3005000054836273
YMR012W,YHR018C,0,,0.09403254836797714,0.31200000643730164,0.30059999227523804
YGR038C-B,YFL044C,0,,0.09400422126054764,0.31200000643730164,0.30070000886917114
YDR489W,YGR133W,0,,0.09397590160369873,0.31200000643730164,0.30079999566078186
YNL321W,YLL004W,0,,0.09394760429859161,0.31200000643730164,0.30090001225471497
YBR240C,YHR056C,0,,0.09391932934522629,0.31200000643730164,0.3009999990463257
YBL046W,YLL041C,0,,0.09389106184244156,0.31200000643730164,0.3010999858379364
YDL080C,YDR196C,0,,0.09386281669139862,0.31200000643730164,0.3012000024318695
YNL188W,YOR155C,0,,0.09383458644151688,0.31200000643730164,0.3012999892234802
YHR063C,YLR160C,0,,0.09380637109279633,0.31200000643730164,0.30140000581741333
YML008C,YCL027C-A,0,,0.09377817809581757,0.31200000643730164,0.30149999260902405
YBR201W,YML025C,0,,0.09375,0.31200000643730164,0.30160000920295715
YKR094C,YEL047C,0,,0.09372183680534363,0.31200000643730164,0.30169999599456787
YHR016C,YMR037C,0,,0.09369369596242905,0.31200000643730164,0.301800012588501
YLR404W,YDL227C,0,,0.09366556257009506,0.31200000643730164,0.3018999993801117
YCR048W,YOR142W,0,,0.09363745152950287,0.31200000643730164,0.3019999861717224
YBR012W-A,YDR534C,0,,0.09360936284065247,0.31200000643730164,0.3021000027656555
YLR219W,YOL006C,0,,0.09358128160238266,0.31200000643730164,0.30219998955726624
YPL144W,YOL070C,0,,0.09355322271585464,0.31200000643730164,0.30230000615119934
YBR251W,YJR059W,0,,0.09352517873048782,0.31200000643730164,0.30239999294281006
YMR213W,YGR049W,0,,0.0934971496462822,0.31200000643730164,0.30250000953674316
YCR012W,YFR021W,0,,0.09346914291381836,0.31200000643730164,0.3025999963283539
YER165W,YHR082C,0,,0.09344115108251572,0.31200000643730164,0.302700012922287
YKL186C,YNL169C,0,,0.09341317415237427,0.31200000643730164,0.3027999997138977
YJL221C,YOR179C,0,,0.09338521212339401,0.31200000643730164,0.3028999865055084
YGL170C,YPL089C,0,,0.09335727244615555,0.31200000643730164,0.30300000309944153
YDR088C,YDR488C,0,,0.09332934767007828,0.31200000643730164,0.30309998989105225
YML018C,YGR188C,0,,0.0933014377951622,0.31200000643730164,0.30320000648498535
YOR339C,YMR289W,0,,0.09327354282140732,0.31200000643730164,0.30329999327659607
YHR063C,YML039W,0,,0.09324566274881363,0.31200000643730164,0.3034000098705292
YIL126W,YPL099C,0,,0.09321780502796173,0.31200000643730164,0.3034999966621399
YNL308C,YML029W,0,,0.09318996220827103,0.31200000643730164,0.303600013256073
YKL041W,YGL169W,0,,0.09316213428974152,0.31200000643730164,0.3037000000476837
YOL026C,YOL107W,0,,0.0931343287229538,0.31200000643730164,0.30379998683929443
YGR059W,YER046W,0,,0.09310653805732727,0.31200000643730164,0.30390000343322754
YEL022W,YDR387C,0,,0.09307876229286194,0.31200000643730164,0.30399999022483826
YBR008C,YML126C,0,,0.0930510014295578,0.31200000643730164,0.30410000681877136
YHR132C,YDR456W,0,,0.09302325546741486,0.31200000643730164,0.3041999936103821
YJL008C,YDR198C,0,,0.0929955318570137,0.31200000643730164,0.3043000102043152
YPR043W,YMR251W-A,0,,0.09296781569719315,0.31200000643730164,0.3043999969959259
YHR030C,YML121W,0,,0.09294012188911438,0.31200000643730164,0.304500013589859
YOR388C,YJR001W,0,,0.0929124504327774,0.31200000643730164,0.3046000003814697
YLR151C,YNR013C,0,,0.09288478642702103,0.31200000643730164,0.30469998717308044
YPR200C,YPL048W,0,,0.09285714477300644,0.31200000643730164,0.30480000376701355
YPR005C,YFR029W,0,,0.09282951802015305,0.31200000643730164,0.30489999055862427
YPR119W,YER045C,0,,0.09280190616846085,0.31200000643730164,0.3050000071525574
YHR052W,YKL175W,0,,0.09277430921792984,0.31200000643730164,0.3050999939441681
YDL002C,YDL005C,0,,0.09274672716856003,0.31200000643730164,0.3052000105381012
YCR008W,YIL128W,0,,0.092719167470932,0.31200000643730164,0.3052999973297119
YLR213C,YDR261C-C,0,,0.09269162267446518,0.31200000643730164,0.305400013923645
YNL121C,YNL131W,0,,0.09266409277915955,0.31200000643730164,0.30550000071525574
YOR116C,YBR176W,0,,0.0926365777850151,0.31200000643730164,0.30559998750686646
YGR124W,YBL075C,0,,0.09260908514261246,0.31200000643730164,0.30570000410079956
YJR113C,YGR086C,0,,0.0925815999507904,0.31200000643730164,0.3057999908924103
YHR084W,YLR050C,0,,0.09255413711071014,0.31200000643730164,0.3059000074863434
YLR079W,YLR113W,0,,0.09252668917179108,0.31200000643730164,0.3059999942779541
YHL009W-B,YMR032W,0,,0.0924992561340332,0.31200000643730164,0.3061000108718872
YGL095C,YPL003W,0,,0.09247184544801712,0.31200000643730164,0.3061999976634979
YMR146C,YKL200C,0,,0.09244444221258163,0.31200000643730164,0.30630001425743103
YCR068W,YJL014W,0,,0.09241706132888794,0.31200000643730164,0.30640000104904175
YFL036W,YMR152W,0,,0.09238969534635544,0.31200000643730164,0.30649998784065247
YGL047W,YDL140C,0,,0.09236234426498413,0.31200000643730164,0.30660000443458557
YKL011C,YBR004C,0,,0.09233500808477402,0.31200000643730164,0.3066999912261963
YKL180W,YHL024W,0,,0.0923076942563057,0.31200000643730164,0.3068000078201294
YMR282C,YKL091C,0,,0.09228038787841797,0.31200000643730164,0.3068999946117401
YHR175W,YDR222W,0,,0.09225310385227203,0.31200000643730164,0.3070000112056732
YKR044W,YNL122C,0,,0.09222583472728729,0.31200000643730164,0.30709999799728394
YMR281W,YFL039C,0,,0.09219858050346375,0.31200000643730164,0.30720001459121704
YBL058W,YPL127C,0,,0.09217134118080139,0.31200000643730164,0.30730000138282776
YMR046C,YBL055C,0,,0.09214412420988083,0.31200000643730164,0.3073999881744385
YBL041W,YOL002C,0,,0.09211691468954086,0.31200000643730164,0.3075000047683716
YMR263W,YNL231C,0,,0.09208972752094269,0.31200000643730164,0.3075999915599823
YDR519W,YNL138W,0,,0.0920625552535057,0.31200000643730164,0.3077000081539154
YIL073C,YER006W,0,,0.09203539788722992,0.31200000643730164,0.3077999949455261
YDR128W,YLR139C,0,,0.09200825542211533,0.31200000643730164,0.30790001153945923
YMR160W,YKL042W,0,,0.09198113530874252,0.31200000643730164,0.30799999833106995
YGL089C,YLR364W,0,,0.09195402264595032,0.31200000643730164,0.30809998512268066
YKL181W,YLR278C,0,,0.0919269323348999,0.31200000643730164,0.30820000171661377
YPL181W,YDR128W,0,,0.09189984947443008,0.31200000643730164,0.3082999885082245
YDL168W,YBR012W-A,0,,0.09187278896570206,0.31200000643730164,0.3084000051021576
YLL004W,YER104W,0,,0.09184574335813522,0.31200000643730164,0.3084999918937683
YER157W,YNL021W,0,,0.09181872010231018,0.31200000643730164,0.3086000084877014
YJL207C,YJR021C,0,,0.09179170429706573,0.31200000643730164,0.30869999527931213
YBR236C,YJL020C,0,,0.09176470339298248,0.31200000643730164,0.30880001187324524
YAL044C,YDR541C,0,,0.09173772484064102,0.31200000643730164,0.30889999866485596
YLR174W,YGR034W,0,,0.09171076118946075,0.31200000643730164,0.3089999854564667
YNL079C,YPR108W,0,,0.09168380498886108,0.31200000643730164,0.3091000020503998
YFL048C,YCR034W,0,,0.0916568711400032,0.31200000643730164,0.3091999888420105
YLR272C,YER003C,0,,0.09162995964288712,0.31200000643730164,0.3093000054359436
YGL077C,YLR154W-A,0,,0.09160305559635162,0.31200000643730164,0.3093999922275543
YMR034C,YLR176C,0,,0.09157616645097733,0.31200000643730164,0.3095000088214874
YMR281W,YDR440W,0,,0.09154929220676422,0.31200000643730164,0.30959999561309814
YHR072W-A,YBR217W,0,,0.09152244031429291,0.31200000643730164,0.30970001220703125
YEL011W,YHL004W,0,,0.09149560332298279,0.31200000643730164,0.30979999899864197
YDR353W,YOR374W,0,,0.09146877378225327,0.31200000643730164,0.3098999857902527
YDR432W,YGL059W,0,,0.09144196659326553,0.31200000643730164,0.3100000023841858
YNL209W,YOR066W,0,,0.091415174305439,0.31200000643730164,0.3100999891757965
YLR287C-A,YIL114C,0,,0.09138840436935425,0.31200000643730164,0.3102000057697296
YDL193W,YGR058W,0,,0.0913616418838501,0.31200000643730164,0.31029999256134033
YPL153C,YNL315C,0,,0.09133489429950714,0.31200000643730164,0.31040000915527344
YNR070W,YPL252C,0,,0.09130816161632538,0.31200000643730164,0.31049999594688416
YNR075W,YKL176C,0,,0.0912814512848854,0.31200000643730164,0.31060001254081726
YPL153C,YLR028C,0,,0.09125475585460663,0.31200000643730164,0.310699999332428
YMR056C,YGR088W,0,,0.09122806787490845,0.31200000643730164,0.3107999861240387
YLR010C,YLR206W,0,,0.09120140224695206,0.31200000643730164,0.3109000027179718
YDR448W,YDL017W,0,,0.09117475152015686,0.31200000643730164,0.3109999895095825
YAR008W,YBR052C,0,,0.09114811569452286,0.31200000643730164,0.3111000061035156
YML033W,YOR336W,0,,0.09112149477005005,0.31200000643730164,0.31119999289512634
YBR105C,YKL097W-A,0,,0.09109488874673843,0.31200000643730164,0.31130000948905945
YMR271C,YMR030W,0,,0.09106829762458801,0.31200000643730164,0.31139999628067017
YCL075W,YNL300W,0,,0.09104172885417938,0.31200000643730164,0.31150001287460327
YCR017C,YJL091C,0,,0.09101516753435135,0.31200000643730164,0.311599999666214
YBR066C,YDR141C,0,,0.0909886285662651,0.31200000643730164,0.3116999864578247
YDR324C,YMR233W,0,,0.09096209704875946,0.31200000643730164,0.3118000030517578
YDR318W,YDL236W,0,,0.0909355878829956,0.31200000643730164,0.31189998984336853
YDR162C,YMR208W,0,,0.09090909361839294,0.31200000643730164,0.31200000643730164
YOR106W,YGR038C-A,0,,0.09088260680437088,0.31200000643730164,0.31209999322891235
YGL216W,YML027W,0,,0.0908561423420906,0.31200000643730164,0.31220000982284546
YJR113C,YNL310C,0,,0.09082969278097153,0.31200000643730164,0.3122999966144562
YDL153C,YBR198C,0,,0.09080325812101364,0.31200000643730164,0.3124000132083893
YOR245C,YMR034C,0,,0.09077683836221695,0.31200000643730164,0.3125
YLR270W,YGL014W,1,,0.09104130417108536,0.31299999356269836,0.3125
YPR042C,YDR404C,1,,0.09130561351776123,0.3140000104904175,0.3125
YPL029W,YCR077C,1,,0.09156976640224457,0.3149999976158142,0.3125
YHR069C,YPR189W,1,,0.09183377027511597,0.3160000145435333,0.3125
YER112W,YCR077C,1,,0.09209761768579483,0.31700000166893005,0.3125
YDL165W,YOR076C,1,,0.09236131608486176,0.3179999887943268,0.3125
YNL016W,YDR404C,1,,0.09262485802173615,0.3190000057220459,0.3125
YGL173C,YAL021C,1,,0.092888243496418,0.3199999928474426,0.3125
YIL079C,YOR076C,1,,0.09315147995948792,0.32100000977516174,0.3125
YIL079C,YGR195W,1,,0.0934145599603653,0.32199999690055847,0.3125
YOL149W,YJR022W,1,,0.09367749094963074,0.3230000138282776,0.3125
YLR270W,YMR287C,1,,0.09394027292728424,0.3240000009536743,0.3125
YJL050W,YDR206W,1,,0.09420289844274521,0.32499998807907104,0.3125
YDL165W,YGL097W,1,,0.09446537494659424,0.32600000500679016,0.3125
YER146W,YEL015W,1,,0.09472769498825073,0.3269999921321869,0.3125
YDL165W,YNL001W,1,,0.09498986601829529,0.328000009059906,0.3125
YDR172W,YNL299W,1,,0.09525188058614731,0.32899999618530273,0.3125
YDR172W,YNL147W,1,,0.09551374614238739,0.33000001311302185,0.3125
YPR189W,YDR206W,1,,0.09577546268701553,0.3310000002384186,0.3125
YJL050W,YOL123W,1,,0.09603702276945114,0.3319999873638153,0.3125
YLR398C,YIL079C,1,,0.09629844129085541,0.3330000042915344,0.3125
YJR043C,YNL299W,1,,0.09655969589948654,0.33399999141693115,0.3125
YGL014W,YNL299W,1,,0.09682080894708633,0.33500000834465027,0.3125
YPL029W,YPR042C,1,,0.09708176553249359,0.335999995470047,0.3125
YLL013C,YGL122C,1,,0.09734257310628891,0.3370000123977661,0.3125
YDL111C,YCR027C,1,,0.09760323166847229,0.33799999952316284,0.3125
YOL123W,YCR027C,1,,0.09786374121904373,0.33899998664855957,0.3125
YMR098C,YMR287C,1,,0.09812410175800323,0.3400000035762787,0.3125
YER068W,YNL072W,1,,0.0983843058347702,0.3409999907016754,0.3125
YGL097W,YGR158C,1,,0.09864436089992523,0.34200000762939453,0.3125
YOL139C,YJR006W,1,,0.09890426695346832,0.34299999475479126,0.3125
YER035W,YGR158C,1,,0.09916402399539948,0.3440000116825104,0.3125
YPR042C,YKL113C,1,,0.09942363202571869,0.3449999988079071,0.3125
YJL209W,YDR404C,1,,0.09968309104442596,0.34599998593330383,0.3125
YER146W,YGR195W,1,,0.0999423936009407,0.34700000286102295,0.3125
YGL178W,YDR151C,1,,0.1002015545964241,0.3479999899864197,0.3125
YGL178W,YDR172W,1,,0.10046056658029556,0.3490000069141388,0.3125
YPR042C,YJR043C,1,,0.10071942210197449,0.3499999940395355,0.3125
YKL009W,YJR091C,1,,0.10097813606262207,0.35100001096725464,0.3125
YMR098C,YJL140W,1,,0.10123670101165771,0.35199999809265137,0.3125
YOL139C,YMR098C,1,,0.10149510949850082,0.3529999852180481,0.3125
YDR151C,YOL021C,1,,0.10175337642431259,0.3540000021457672,0.3125
YDR172W,YGL222C,1,,0.10201149433851242,0.35499998927116394,0.3125
YLL013C,YLR398C,1,,0.10226946324110031,0.35600000619888306,0.3125
YEL015W,YJR006W,1,,0.10252728313207626,0.3569999933242798,0.3125
YGL173C,YPR072W,1,,0.10278495401144028,0.3580000102519989,0.3125
YMR098C,YGL213C,1,,0.10304248332977295,0.35899999737739563,0.3125
YOL123W,YJL209W,1,,0.10329985618591309,0.36000001430511475,0.3125
YJL209W,YGR072W,1,,0.10355708748102188,0.3610000014305115,0.3125
YLR270W,YNL016W,1,,0.10381416976451874,0.3619999885559082,0.3125
YCR093W,YGL173C,1,,0.10407110303640366,0.3630000054836273,0.3125
YDR172W,YKL113C,1,,0.10432788729667664,0.36399999260902405,0.3125
YNL232W,YJR006W,1,,0.10458452999591827,0.36500000953674316,0.3125
YER068W,YGL173C,1,,0.10484101623296738,0.3659999966621399,0.3125
YLR398C,YAL021C,1,,0.10509736835956573,0.367000013589859,0.3125
YER068W,YNL112W,1,,0.10535356402397156,0.36800000071525574,0.3125
YDL165W,YCR093W,1,,0.10560961812734604,0.36899998784065247,0.3125
YER068W,YKL009W,1,,0.10586552321910858,0.3700000047683716,0.3125
YOL115W,YDR378C,1,,0.10612127929925919,0.3709999918937683,0.3125
YOL021C,YCR077C,1,,0.10637689381837845,0.3720000088214874,0.3125
YJR043C,YNL016W,1,,0.10663235932588577,0.37299999594688416,0.3125
YER112W,YPR042C,1,,0.10688768327236176,0.37400001287460327,0.3125
YOL123W,YOR076C,1,,0.1071428582072258,0.375,0.3125
YKL208W,YGR195W,1,,0.1073978841304779,0.37599998712539673,0.3125
YGL222C,YGR072W,1,,0.10765276849269867,0.37700000405311584,0.3125
YDR172W,YPR042C,1,,0.10790751129388809,0.3779999911785126,0.3125
YDL165W,YER068W,1,,0.10816209763288498,0.3790000081062317,0.3125
YNL001W,YJR022W,1,,0.10841654986143112,0.3799999952316284,0.3125
YLL013C,YGL173C,1,,0.10867085307836533,0.38100001215934753,0.3125
YJR043C,YJR091C,1,,0.10892500728368759,0.38199999928474426,0.3125
YGL014W,YJR006W,1,,0.10917901992797852,0.382999986410141,0.3125
YMR098C,YNL299W,1,,0.1094328835606575,0.3840000033378601,0.3125
YJR043C,YOL149W,1,,0.10968661308288574,0.38499999046325684,0.3125
YNL072W,YCR077C,1,,0.10994018614292145,0.38600000739097595,0.3125
YER112W,YGL122C,1,,0.11019362509250641,0.3869999945163727,0.3125
YLR270W,YOR173W,1,,0.11044691503047943,0.3880000114440918,0.3125
YLR270W,YIL079C,1,,0.11070005595684052,0.3889999985694885,0.3125
YEL015W,YDR206W,1,,0.11095305532217026,0.38999998569488525,0.3125
YGL097W,YJR091C,1,,0.11120591312646866,0.39100000262260437,0.3125
YKL009W,YJL209W,1,,0.11145862936973572,0.3919999897480011,0.3125
YCR093W,YGL222C,1,,0.11171119660139084,0.3930000066757202,0.3125
YER049W,YDR206W,1,,0.11196362972259521,0.39399999380111694,0.3125
YDR206W,YJR091C,1,,0.11221590638160706,0.39500001072883606,0.3125
YHR069C,YKL009W,1,,0.11246804893016815,0.3959999978542328,0.3125
YLL013C,YJL209W,1,,0.11272004246711731,0.3970000147819519,0.3125
YDL111C,YDR206W,1,,0.11297190189361572,0.39800000190734863,0.3125
YNL147W,YGR158C,1,,0.1132236123085022,0.39899998903274536,0.3125
YGL178W,YJL209W,1,,0.11347517371177673,0.4000000059604645,0.3125
YOL139C,YNL112W,1,,0.11372660100460052,0.4009999930858612,0.3125
YPR189W,YKL113C,1,,0.11397788673639297,0.4020000100135803,0.3125
YGL178W,YJL140W,1,,0.11422902345657349,0.40299999713897705,0.3125
YER146W,YPR072W,1,,0.11448002606630325,0.40400001406669617,0.3125
YOL142W,YNL299W,1,,0.11473087966442108,0.4050000011920929,0.3125
YJR006W,YCR077C,1,,0.11498159170150757,0.4059999883174896,0.3125
YNL147W,YGR195W,1,,0.11523216217756271,0.40700000524520874,0.3125
YDR151C,YNL016W,1,,0.11548259109258652,0.40799999237060547,0.3125
YPL029W,YJR006W,1,,0.11573287844657898,0.4090000092983246,0.3125
YOL142W,YMR080C,1,,0.1159830242395401,0.4099999964237213,0.3125
YEL015W,YPR042C,1,,0.11623302847146988,0.41100001335144043,0.3125
YDR172W,YGL173C,1,,0.11648289859294891,0.41200000047683716,0.3125
YNL001W,YGL213C,1,,0.11673261970281601,0.4129999876022339,0.3125
YDL165W,YPR072W,1,,0.11698219925165176,0.414000004529953,0.3125
YHR069C,YOL021C,1,,0.11723163723945618,0.41499999165534973,0.3125
YLR398C,YCR077C,1,,0.11748094111680984,0.41600000858306885,0.3125
YGR158C,YLR398C,1,,0.11773009598255157,0.4169999957084656,0.3125
YGR158C,YNL072W,1,,0.11797911673784256,0.4180000126361847,0.3125
YPL029W,YJR043C,1,,0.1182279884815216,0.4189999997615814,0.3125
YPL029W,YDR404C,1,,0.11847672611474991,0.41999998688697815,0.3125
YGL097W,YER035W,1,,0.11872532218694687,0.42100000381469727,0.3125
YNL001W,YER035W,1,,0.11897378414869308,0.421999990940094,0.3125
YDL165W,YGR095C,1,,0.11922209709882736,0.4230000078678131,0.3125
YER146W,YHR069C,1,,0.1194702759385109,0.42399999499320984,0.3125
YNL016W,YKL113C,1,,0.11971831321716309,0.42500001192092896,0.3125
YDR172W,YER035W,1,,0.11996620893478394,0.4259999990463257,0.3125
YOL149W,YCR027C,1,,0.12021396309137344,0.4269999861717224,0.3125
YCR093W,YER035W,1,,0.12046158313751221,0.42800000309944153,0.3125
YNL112W,YCR077C,1,,0.12070906162261963,0.42899999022483826,0.3125
YEL015W,YDR172W,1,,0.12095639854669571,0.4300000071525574,0.3125
YDR172W,YGL097W,1,,0.12120360136032104,0.4309999942779541,0.3125
YGR158C,YER049W,1,,0.12145066261291504,0.4320000112056732,0.3125
YBL026W,YGR195W,1,,0.12169758230447769,0.43299999833106995,0.3125
YIL079C,YHR077C,1,,0.1219443678855896,0.4339999854564667,0.3125
YOL021C,YJR006W,1,,0.12219101190567017,0.4350000023841858,0.3125
YDR172W,YNL112W,1,,0.12243751436471939,0.4359999895095825,0.3125
YGR095C,YDR404C,1,,0.12268388271331787,0.43700000643730164,0.3125
YJL209W,YGL222C,1,,0.1229301169514656,0.43799999356269836,0.3125
YPL029W,YPR189W,1,,0.123176209628582,0.4390000104904175,0.3125
YHR069C,YMR098C,1,,0.12342216074466705,0.4399999976158142,0.3125
YOL115W,YGR158C,1,,0.12366797775030136,0.4410000145435333,0.3125
YKL208W,YAL021C,1,,0.12391365319490433,0.44200000166893005,0.3125
YER049W,YAL021C,1,,0.12415919452905655,0.4429999887943268,0.3125
YDR151C,YCR077C,1,,0.12440459430217743,0.4440000057220459,0.3125
YCR093W,YNL072W,1,,0.12464985996484756,0.4449999928474426,0.3125
YJR091C,YGR195W,1,,0.12489498406648636,0.44600000977516174,0.3125
YDL111C,YLR398C,1,,0.125139981508255,0.44699999690055847,0.3125
YOL142W,YNL112W,1,,0.1253848373889923,0.4480000138282776,0.3125
YJR043C,YGL213C,1,,0.12562954425811768,0.4490000009536743,0.3125
YER112W,YLR136C,1,,0.1258741319179535,0.44999998807907104,0.3125
YER146W,YOL139C,1,,0.12611857056617737,0.45100000500679016,0.3125
YNL232W,YPR042C,1,,0.1263628751039505,0.4519999921321869,0.3125
YJR043C,YHR081W,1,,0.1266070455312729,0.453000009059906,0.3125
YDL165W,YGR072W,1,,0.12685108184814453,0.45399999618530273,0.3125
YDR404C,YGR072W,1,,0.12709496915340424,0.45500001311302185,0.3125
YER146W,YJR022W,1,,0.1273387372493744,0.4560000002384186,0.3125
YDR404C,YER049W,1,,0.1275823563337326,0.4569999873638153,0.3125
YER112W,YGL222C,1,,0.12782584130764008,0.4580000042915344,0.3125
YNL232W,YDR206W,1,,0.1280691921710968,0.45899999141693115,0.3125
YKL009W,YMR098C,1,,0.12831240892410278,0.46000000834465027,0.3125
YJR043C,YKL113C,1,,0.12855549156665802,0.460999995470047,0.3125
YDR172W,YJL124C,1,,0.1287984400987625,0.4620000123977661,0.3125
YKL208W,YGL014W,1,,0.12904125452041626,0.46299999952316284,0.3125
YOL142W,YER049W,1,,0.12928391993045807,0.46399998664855957,0.3125
YNL232W,YJL140W,1,,0.12952646613121033,0.4650000035762787,0.3125
YGL097W,YPR072W,1,,0.12976886332035065,0.4659999907016754,0.3125
YGR158C,YPR072W,1,,0.13001114130020142,0.46700000762939453,0.3125
YNL147W,YOL123W,1,,0.13025327026844025,0.46799999475479126,0.3125
YJL209W,YCR077C,1,,0.13049526512622833,0.4690000116825104,0.3125
YJL050W,YKL009W,1,,0.13073714077472687,0.4699999988079071,0.3125
YNL299W,YAL021C,1,,0.13097886741161346,0.47099998593330383,0.3125
YER035W,YJL140W,1,,0.13122045993804932,0.47200000286102295,0.3125
YJL124C,YER049W,1,,0.13146191835403442,0.4729999899864197,0.3125
YDL165W,YJR091C,1,,0.13170325756072998,0.4740000069141388,0.3125
YOL139C,YGR158C,1,,0.1319444477558136,0.4749999940395355,0.3125
YOL123W,YJL124C,1,,0.13218550384044647,0.47600001096725464,0.3125
YGL222C,YLR438C-A,1,,0.1324264258146286,0.47699999809265137,0.3125
YOL142W,YJL140W,1,,0.13266722857952118,0.4779999852180481,0.3125
YBL026W,YCR093W,1,,0.13290788233280182,0.4790000021457672,0.3125
YPL029W,YLR438C-A,1,,0.1331484019756317,0.47999998927116394,0.3125
YJR006W,YPR189W,1,,0.13338880240917206,0.48100000619888306,0.3125
YDL165W,YNL112W,1,,0.13362905383110046,0.4819999933242798,0.3125
YLR398C,YHR081W,1,,0.13386918604373932,0.4830000102519989,0.3125
YJL050W,YHR077C,1,,0.13410916924476624,0.48399999737739563,0.3125
YNL112W,YCR027C,1,,0.1343490332365036,0.48500001430511475,0.3125
YLL013C,YKL113C,1,,0.13458876311779022,0.4860000014305115,0.3125
YGL173C,YOR076C,1,,0.1348283439874649,0.4869999885559082,0.3125
YER146W,YER035W,1,,0.13506780564785004,0.4880000054836273,0.3125
YGR158C,YDR404C,1,,0.13530713319778442,0.48899999260902405,0.3125
YLR270W,YDR206W,1,,0.13554634153842926,0.49000000953674316,0.3125
YDL165W,YER035W,1,,0.13578540086746216,0.4909999966621399,0.3125
YBL026W,YJL209W,1,,0.1360243260860443,0.492000013589859,0.3125
YJR043C,YGR072W,1,,0.13626313209533691,0.49300000071525574,0.3125
YNL147W,YAL021C,1,,0.13650178909301758,0.49399998784065247,0.3125
YOL139C,YGR095C,1,,0.1367403268814087,0.4950000047683716,0.3125
YBL026W,YDR378C,1,,0.13697873055934906,0.4959999918937683,0.3125
YCR027C,YDR206W,1,,0.13721700012683868,0.4970000088214874,0.3125
YOL149W,YDR404C,1,,0.13745515048503876,0.49799999594688416,0.3125
YCR093W,YKL208W,1,,0.1376931518316269,0.49900001287460327,0.3125
YHR069C,YGR072W,1,,0.13793103396892548,0.5,0.3125
YPL029W,YGR095C,1,,0.13816878199577332,0.5009999871253967,0.3125
YGL097W,YJL140W,1,,0.1384063959121704,0.5019999742507935,0.3125
YLR136C,YDL111C,1,,0.13864387571811676,0.503000020980835,0.3125
YDL165W,YJR022W,1,,0.13888123631477356,0.5040000081062317,0.3125
YDR151C,YER035W,1,,0.13911846280097961,0.5049999952316284,0.3125
YNL232W,YGR195W,1,,0.13935555517673492,0.5059999823570251,0.3125
YGR158C,YGR095C,1,,0.1395925134420395,0.5070000290870667,0.3125
YDR172W,YGL213C,1,,0.1398293375968933,0.5080000162124634,0.3125
YDR172W,YJL140W,1,,0.14006604254245758,0.5090000033378601,0.3125
YDL165W,YOL142W,1,,0.1403026133775711,0.5099999904632568,0.3125
YER146W,YMR080C,1,,0.1405390501022339,0.5109999775886536,0.3125
YJL209W,YIL079C,1,,0.14077536761760712,0.5120000243186951,0.3125
YLR398C,YJR022W,1,,0.1410115510225296,0.5130000114440918,0.3125
YER035W,YLR438C-A,1,,0.14124760031700134,0.5139999985694885,0.3125
YKL208W,YNL072W,1,,0.14148351550102234,0.5149999856948853,0.3125
YBL026W,YGL178W,1,,0.14171931147575378,0.515999972820282,0.3125
YNL147W,YGR095C,1,,0.14195497334003448,0.5170000195503235,0.3125
YNL147W,YKL009W,1,,0.14219050109386444,0.5180000066757202,0.3125
YER112W,YER035W,1,,0.14242590963840485,0.5189999938011169,0.3125
YGL213C,YGR072W,1,,0.1426611840724945,0.5199999809265137,0.3125
YER068W,YMR287C,1,,0.14289632439613342,0.5210000276565552,0.3125
YCR027C,YKL113C,1,,0.1431313455104828,0.5220000147819519,0.3125
YER035W,YGL122C,1,,0.1433662325143814,0.5230000019073486,0.3125
YER112W,YMR098C,1,,0.14360098540782928,0.5239999890327454,0.3125
YDR151C,YOL139C,1,,0.1438356190919876,0.5249999761581421,0.3125
YER146W,YGL222C,1,,0.1440701186656952,0.5260000228881836,0.3125
YKL009W,YGR095C,1,,0.14430448412895203,0.5270000100135803,0.3125
YPR189W,YLR438C-A,1,,0.1445387303829193,0.527999997138977,0.3125
YNL299W,YGL122C,1,,0.14477285742759705,0.5289999842643738,0.3125
YOL149W,YKL113C,1,,0.14500683546066284,0.5299999713897705,0.3125
YMR098C,YPR072W,1,,0.1452406942844391,0.531000018119812,0.3125
YOL123W,YKL113C,1,,0.14547443389892578,0.5320000052452087,0.3125
YOR173W,YNL299W,1,,0.14570803940296173,0.5329999923706055,0.3125
YLR270W,YER049W,1,,0.14594151079654694,0.5339999794960022,0.3125
YOL139C,YGR072W,1,,0.1461748629808426,0.5350000262260437,0.3125
YER068W,YHR077C,1,,0.1464080810546875,0.5360000133514404,0.3125
YOL021C,YLR136C,1,,0.14664117991924286,0.5370000004768372,0.3125
YGR072W,YGR195W,1,,0.14687414467334747,0.5379999876022339,0.3125
YDR404C,YJR091C,1,,0.14710699021816254,0.5389999747276306,0.3125
YNL147W,YER068W,1,,0.14733970165252686,0.5400000214576721,0.3125
YDR172W,YAL021C,1,,0.14757227897644043,0.5410000085830688,0.3125
YOR173W,YGR158C,1,,0.14780475199222565,0.5419999957084656,0.3125
YNL232W,YGL014W,1,,0.14803707599639893,0.5429999828338623,0.3125
YOL115W,YOR173W,1,,0.14826928079128265,0.5440000295639038,0.3125
YOL021C,YNL072W,1,,0.14850136637687683,0.5450000166893005,0.3125
YER112W,YNL072W,1,,0.14873331785202026,0.5460000038146973,0.3125
YHR069C,YGL222C,1,,0.14896513521671295,0.546999990940094,0.3125
YER068W,YNL299W,1,,0.14919684827327728,0.5479999780654907,0.3125
YNL001W,YOR076C,1,,0.14942841231822968,0.5490000247955322,0.3125
YJL209W,YGR095C,1,,0.14965985715389252,0.550000011920929,0.3125
YDR378C,YGL213C,1,,0.1498911827802658,0.5509999990463257,0.3125
YPR189W,YGR195W,1,,0.15012238919734955,0.5519999861717224,0.3125
YER146W,YPL029W,1,,0.15035344660282135,0.5529999732971191,0.3125
YOL139C,YNL299W,1,,0.1505843997001648,0.5540000200271606,0.3125
YKL009W,YMR287C,1,,0.1508152186870575,0.5550000071525574,0.3125
YNL147W,YKL113C,1,,0.15104591846466064,0.5559999942779541,0.3125
YER035W,YPR189W,1,,0.15127648413181305,0.5569999814033508,0.3125
YKL009W,YIL079C,1,,0.1515069305896759,0.5580000281333923,0.3125
YGR095C,YNL072W,1,,0.151737242937088,0.5590000152587891,0.3125
YOL149W,YER049W,1,,0.15196743607521057,0.5600000023841858,0.3125
YGR158C,YLL013C,1,,0.15219751000404358,0.5609999895095825,0.3125
YEL015W,YGL097W,1,,0.15242744982242584,0.5619999766349792,0.3125
YDR151C,YGR095C,1,,0.15265727043151855,0.5630000233650208,0.3125
YMR098C,YKL113C,1,,0.15288695693016052,0.5640000104904175,0.3125
YMR080C,YGL122C,1,,0.15311652421951294,0.5649999976158142,0.3125
YNL001W,YPR189W,1,,0.1533459722995758,0.5659999847412109,0.3125
YKL113C,YCR077C,1,,0.15357530117034912,0.5669999718666077,0.3125
YPL029W,YOR076C,1,,0.1538044959306717,0.5680000185966492,0.3125
YLR270W,YJL209W,1,,0.1540335714817047,0.5690000057220459,0.3125
YGR158C,YJR022W,1,,0.154262512922287,0.5699999928474426,0.3125
YCR027C,YGL222C,1,,0.1544913351535797,0.5709999799728394,0.3125
YNL016W,YCR027C,1,,0.15472003817558289,0.5720000267028809,0.3125
YAL021C,YLR438C-A,1,,0.1549486219882965,0.5730000138282776,0.3125
YJR006W,YPR072W,1,,0.1551770716905594,0.5740000009536743,0.3125
YER068W,YLR438C-A,1,,0.15540540218353271,0.574999988079071,0.3125
YLR398C,YGL122C,1,,0.1556336134672165,0.5759999752044678,0.3125
YPL029W,YOR173W,1,,0.15586169064044952,0.5770000219345093,0.3125
YIL079C,YJR091C,1,,0.1560896635055542,0.578000009059906,0.3125
YNL232W,YER068W,1,,0.15631748735904694,0.5789999961853027,0.3125
YOL142W,YLR398C,1,,0.15654520690441132,0.5799999833106995,0.3125
YER068W,YNL001W,1,,0.15677280724048615,0.5809999704360962,0.3125
YOL139C,YLL013C,1,,0.15700027346611023,0.5820000171661377,0.3125
YGL178W,YGR072W,1,,0.15722762048244476,0.5830000042915344,0.3125
YHR081W,YER049W,1,,0.15745483338832855,0.5839999914169312,0.3125
YOL021C,YJL140W,1,,0.15768194198608398,0.5849999785423279,0.3125
YNL001W,YLR438C-A,1,,0.15790891647338867,0.5860000252723694,0.3125
YNL016W,YDR206W,1,,0.1581357717514038,0.5870000123977661,0.3125
YAL021C,YKL113C,1,,0.1583625078201294,0.5879999995231628,0.3125
YDR378C,YGL173C,1,,0.15858912467956543,0.5889999866485596,0.3125
YER068W,YKL113C,1,,0.15881560742855072,0.5899999737739563,0.3125
YDR151C,YPL029W,1,,0.15904198586940765,0.5910000205039978,0.3125
YOL142W,YGL213C,1,,0.15926823019981384,0.5920000076293945,0.3125
YPR042C,YOR173W,1,,0.15949435532093048,0.5929999947547913,0.3125
YNL299W,YDR206W,1,,0.15972036123275757,0.593999981880188,0.3125
YOL115W,YGL173C,1,,0.1599462330341339,0.5950000286102295,0.3125
YCR093W,YDL111C,1,,0.1601720005273819,0.5960000157356262,0.3125
YER068W,YDL111C,1,,0.16039763391017914,0.597000002861023,0.3125
YHR069C,YNL299W,1,,0.16062314808368683,0.5979999899864197,0.3125
YGL178W,YHR081W,1,,0.16084854304790497,0.5989999771118164,0.3125
YJL050W,YMR098C,1,,0.16107381880283356,0.6000000238418579,0.3125
YER146W,YER068W,1,,0.1612989753484726,0.6010000109672546,0.3125
YPR072W,YMR287C,1,,0.16152401268482208,0.6019999980926514,0.3125
YNL232W,YJL209W,1,,0.16174893081188202,0.6029999852180481,0.3125
YBL026W,YGL222C,1,,0.1619737148284912,0.6039999723434448,0.3125
YPL029W,YNL147W,1,,0.16219839453697205,0.6050000190734863,0.3125
YJL124C,YJR091C,1,,0.16242294013500214,0.6060000061988831,0.3125
YER068W,YER049W,1,,0.16264738142490387,0.6069999933242798,0.3125
YER146W,YMR287C,1,,0.16287168860435486,0.6079999804496765,0.3125
YEL015W,YNL147W,1,,0.1630958765745163,0.609000027179718,0.3125
YOR173W,YJL209W,1,,0.16331994533538818,0.6100000143051147,0.3125
YLR136C,YGL173C,1,,0.16354389488697052,0.6110000014305115,0.3125
YOL115W,YPR189W,1,,0.1637677252292633,0.6119999885559082,0.3125
YCR093W,YGR095C,1,,0.16399143636226654,0.6129999756813049,0.3125
YHR069C,YJR006W,1,,0.16421502828598022,0.6140000224113464,0.3125
YGL097W,YNL112W,1,,0.16443850100040436,0.6150000095367432,0.3125
YDL165W,YDR404C,1,,0.16466185450553894,0.6159999966621399,0.3125
YJR006W,YLR438C-A,1,,0.16488508880138397,0.6169999837875366,0.3125
YAL021C,YCR077C,1,,0.16510820388793945,0.6179999709129333,0.3125
YER146W,YPR189W,1,,0.16533119976520538,0.6190000176429749,0.3125
YKL208W,YHR077C,1,,0.16555407643318176,0.6200000047683716,0.3125
YDR172W,YJR022W,1,,0.1657768338918686,0.6209999918937683,0.3125
YHR081W,YOR076C,1,,0.16599947214126587,0.621999979019165,0.3125
YPL029W,YDR378C,1,,0.1662219911813736,0.6230000257492065,0.3125
YDL165W,YKL009W,1,,0.16644439101219177,0.6240000128746033,0.3125
YNL112W,YJR091C,1,,0.1666666716337204,0.625,0.3125
YOL139C,YER068W,1,,0.16688883304595947,0.6259999871253967,0.3125
YDL111C,YJL140W,1,,0.167110875248909,0.6269999742507935,0.3125
YOR173W,YGR095C,1,,0.16733279824256897,0.628000020980835,0.3125
YOL142W,YGL122C,1,,0.1675546020269394,0.6290000081062317,0.3125
YER112W,YKL009W,1,,0.16777630150318146,0.6299999952316284,0.3125
YBL026W,YOL021C,1,,0.16799786686897278,0.6309999823570251,0.3125
YDR378C,YJR091C,1,,0.16821932792663574,0.6320000290870667,0.3125
YPR042C,YMR287C,1,,0.16844065487384796,0.6330000162124634,0.3125
YJR043C,YDL111C,1,,0.16866187751293182,0.6340000033378601,0.3125
YOL115W,YGR095C,1,,0.16888298094272614,0.6349999904632568,0.3125
YER112W,YPR189W,1,,0.1691039651632309,0.6359999775886536,0.3125
YMR080C,YGL222C,1,,0.1693248301744461,0.6370000243186951,0.3125
YKL009W,YJL140W,1,,0.16954557597637177,0.6380000114440918,0.3125
YPR189W,YCR077C,1,,0.16976620256900787,0.6389999985694885,0.3125
YGL097W,YOL149W,1,,0.16998672485351562,0.6399999856948853,0.3125
YNL147W,YGR072W,1,,0.17020711302757263,0.640999972820282,0.3125
YKL009W,YNL299W,1,,0.17042739689350128,0.6420000195503235,0.3125
YOL021C,YJR091C,1,,0.17064756155014038,0.6430000066757202,0.3125
YKL009W,YNL072W,1,,0.17086760699748993,0.6439999938011169,0.3125
YGR158C,YCR027C,1,,0.17108753323554993,0.6449999809265137,0.3125
YGL178W,YKL009W,1,,0.17130734026432037,0.6460000276565552,0.3125
YDL165W,YHR081W,1,,0.17152704298496246,0.6470000147819519,0.3125
YLR136C,YLR398C,1,,0.171746626496315,0.6480000019073486,0.3125
YNL232W,YAL021C,1,,0.171966090798378,0.6489999890327454,0.3125
YDR172W,YJL209W,1,,0.17218543589115143,0.6499999761581421,0.3125
YOL139C,YOL149W,1,,0.17240466177463531,0.6510000228881836,0.3125
YJL124C,YAL021C,1,,0.17262376844882965,0.6520000100135803,0.3125
YDL165W,YJR043C,1,,0.17284277081489563,0.652999997138977,0.3125
YGL014W,YNL072W,1,,0.17306165397167206,0.6539999842643738,0.3125
YLL013C,YMR287C,1,,0.17328041791915894,0.6549999713897705,0.3125
YHR069C,YCR093W,1,,0.17349907755851746,0.656000018119812,0.3125
YOR173W,YPR189W,1,,0.17371760308742523,0.6570000052452087,0.3125
YER068W,YJR022W,1,,0.17393602430820465,0.6579999923706055,0.3125
YJR091C,YLR438C-A,1,,0.1741543412208557,0.6589999794960022,0.3125
YCR093W,YCR077C,1,,0.17437252402305603,0.6600000262260437,0.3125
YGL173C,YHR081W,1,,0.174590602517128,0.6610000133514404,0.3125
YOL123W,YNL299W,1,,0.1748085618019104,0.6620000004768372,0.3125
YGL122C,YNL072W,1,,0.17502640187740326,0.6629999876022339,0.3125
YCR093W,YIL079C,1,,0.17524412274360657,0.6639999747276306,0.3125
YJR043C,YNL112W,1,,0.17546173930168152,0.6650000214576721,0.3125
YGR095C,YCR027C,1,,0.17567923665046692,0.6660000085830688,0.3125
YPR072W,YCR077C,1,,0.17589662969112396,0.6669999957084656,0.3125
YLR136C,YNL299W,1,,0.17611388862133026,0.6679999828338623,0.3125
YMR098C,YLR398C,1,,0.1763310432434082,0.6690000295639038,0.3125
YLL013C,YJR091C,1,,0.1765480935573578,0.6700000166893005,0.3125
YBL026W,YDL165W,1,,0.17676500976085663,0.6710000038146973,0.3125
YLR398C,YOR076C,1,,0.1769818216562271,0.671999990940094,0.3125
YLR136C,YJR022W,1,,0.17719852924346924,0.6729999780654907,0.3125
YEL015W,YOL149W,1,,0.17741510272026062,0.6740000247955322,0.3125
YOL115W,YHR069C,1,,0.17763157188892365,0.675000011920929,0.3125
YGL173C,YDR404C,1,,0.1778479367494583,0.6759999990463257,0.3125
YNL016W,YNL072W,1,,0.17806418240070343,0.6769999861717224,0.3125
YJR006W,YIL079C,1,,0.178280308842659,0.6779999732971191,0.3125
YDL165W,YCR077C,1,,0.178496316075325,0.6790000200271606,0.3125
YCR027C,YGL213C,1,,0.17871221899986267,0.6800000071525574,0.3125
YER035W,YHR077C,1,,0.17892800271511078,0.6809999942779541,0.3125
YOR173W,YGR072W,1,,0.17914368212223053,0.6819999814033508,0.3125
YEL015W,YOL123W,1,,0.17935924232006073,0.6830000281333923,0.3125
YGL097W,YOL021C,1,,0.17957469820976257,0.6840000152587891,0.3125
YDL111C,YHR077C,1,,0.17979001998901367,0.6850000023841858,0.3125
YOR076C,YMR287C,1,,0.1800052523612976,0.6859999895095825,0.3125
YOL139C,YJL124C,1,,0.1802203506231308,0.6869999766349792,0.3125
YMR098C,YNL112W,1,,0.18043535947799683,0.6880000233650208,0.3125
YLR136C,YGR195W,1,,0.1806502342224121,0.6890000104904175,0.3125
YCR093W,YOR173W,1,,0.18086500465869904,0.6899999976158142,0.3125
YGL097W,YGR195W,1,,0.1810796707868576,0.6909999847412109,0.3125
YNL232W,YGL222C,1,,0.18129420280456543,0.6919999718666077,0.3125
YOL142W,YNL232W,1,,0.1815086454153061,0.6930000185966492,0.3125
YOL142W,YOL139C,1,,0.1817229688167572,0.6940000057220459,0.3125
YER035W,YNL016W,1,,0.18193717300891876,0.6949999928474426,0.3125
YGL178W,YOL142W,1,,0.18215127289295197,0.6959999799728394,0.3125
YNL232W,YNL112W,1,,0.18236525356769562,0.6970000267028809,0.3125
YDR172W,YLR398C,1,,0.1825791299343109,0.6980000138282776,0.3125
YJL209W,YDR206W,1,,0.18279288709163666,0.6990000009536743,0.3125
YGL097W,YNL072W,1,,0.18300653994083405,0.699999988079071,0.3125
YGR158C,YMR287C,1,,0.18322007358074188,0.7009999752044678,0.3125
YDL111C,YJR022W,1,,0.18343350291252136,0.7020000219345093,0.3125
YOL115W,YOL021C,1,,0.1836468130350113,0.703000009059906,0.3125
YNL232W,YMR080C,1,,0.18386001884937286,0.7039999961853027,0.3125
YMR080C,YAL021C,1,,0.18407310545444489,0.7049999833106995,0.3125
YLL013C,YJL124C,1,,0.18428608775138855,0.7059999704360962,0.3125
YOR173W,YJL124C,1,,0.18449895083904266,0.7070000171661377,0.3125
YEL015W,YOL021C,1,,0.18471170961856842,0.7080000042915344,0.3125
YOL123W,YDR206W,1,,0.18492436408996582,0.7089999914169312,0.3125
YER112W,YNL112W,1,,0.18513689935207367,0.7099999785423279,0.3125
YNL016W,YGL173C,1,,0.18534931540489197,0.7110000252723694,0.3125
YER049W,YJR091C,1,,0.1855616420507431,0.7120000123977661,0.3125
YER146W,YAL021C,1,,0.1857738345861435,0.7129999995231628,0.3125
YDL111C,YNL072W,1,,0.18598593771457672,0.7139999866485596,0.3125
YLR136C,YGL222C,1,,0.1861979216337204,0.7149999737739563,0.3125
YDR151C,YGL014W,1,,0.18640978634357452,0.7160000205039978,0.3125
YDR151C,YOR173W,1,,0.1866215467453003,0.7170000076293945,0.3125
YOR173W,YGL222C,1,,0.1868332028388977,0.7179999947547913,0.3125
YLR270W,YKL009W,1,,0.18704473972320557,0.718999981880188,0.3125
YNL147W,YGL173C,1,,0.18725617229938507,0.7200000286102295,0.3125
YPR072W,YGR095C,1,,0.18746750056743622,0.7210000157356262,0.3125
YOL123W,YGR072W,1,,0.18767870962619781,0.722000002861023,0.3125
YJL124C,YLR398C,1,,0.18788981437683105,0.7229999899864197,0.3125
YER146W,YJR091C,1,,0.18810079991817474,0.7239999771118164,0.3125
YGL222C,YGR195W,1,,0.18831168115139008,0.7250000238418579,0.3125
YOL142W,YHR081W,1,,0.18852245807647705,0.7260000109672546,0.3125
YBL026W,YGR095C,1,,0.18873313069343567,0.7269999980926514,0.3125
YGL213C,YJR091C,1,,0.18894368410110474,0.7279999852180481,0.3125
YCR093W,YHR077C,1,,0.18915411829948425,0.7289999723434448,0.3125
YNL001W,YNL299W,1,,0.1893644630908966,0.7300000190734863,0.3125
YDR378C,YOR076C,1,,0.1895746886730194,0.7310000061988831,0.3125
YJL140W,YDR206W,1,,0.18978480994701385,0.7319999933242798,0.3125
YER112W,YOR076C,1,,0.18999481201171875,0.7329999804496765,0.3125
YLR136C,YGL122C,1,,0.1902047097682953,0.734000027179718,0.3125
YOL149W,YLR438C-A,1,,0.19041450321674347,0.7350000143051147,0.3125
YNL016W,YJL209W,1,,0.1906241923570633,0.7360000014305115,0.3125
YGL097W,YDR206W,1,,0.19083376228809357,0.7369999885559082,0.3125
YGL097W,YGL222C,1,,0.19104322791099548,0.7379999756813049,0.3125
YEL015W,YLL013C,1,,0.19125258922576904,0.7390000224113464,0.3125
YPL029W,YOL149W,1,,0.19146183133125305,0.7400000095367432,0.3125
YJR006W,YCR027C,1,,0.1916709840297699,0.7409999966621399,0.3125
YER146W,YCR027C,1,,0.1918800175189972,0.7419999837875366,0.3125
YEL015W,YCR027C,1,,0.19208893179893494,0.7429999709129333,0.3125
YDR378C,YER049W,1,,0.19229775667190552,0.7440000176429749,0.3125
YOL021C,YAL021C,1,,0.19250646233558655,0.7450000047683716,0.3125
YER146W,YKL208W,1,,0.19271506369113922,0.7459999918937683,0.3125
YER035W,YPR072W,1,,0.19292356073856354,0.746999979019165,0.3125
YPR189W,YIL079C,1,,0.1931319385766983,0.7480000257492065,0.3125
YNL016W,YJL124C,1,,0.1933402121067047,0.7490000128746033,0.3125
YDR151C,YHR081W,1,,0.19354838132858276,0.75,0.3125
YPR189W,YMR080C,1,,0.19375644624233246,0.7509999871253967,0.3125
YNL232W,YGR072W,1,,0.1939644068479538,0.7519999742507935,0.3125
YOL139C,YCR027C,1,,0.19417224824428558,0.753000020980835,0.3125
YHR069C,YDR206W,1,,0.1943800002336502,0.7540000081062317,0.3125
YKL009W,YDR206W,1,,0.19458763301372528,0.7549999952316284,0.3125
YER035W,YJL124C,1,,0.194795161485672,0.7559999823570251,0.3125
YJL050W,YLL013C,1,,0.19500257074832916,0.7570000290870667,0.3125
YER035W,YMR287C,1,,0.19520989060401917,0.7580000162124634,0.3125
YGL173C,YCR027C,1,,0.19541709125041962,0.7590000033378601,0.3125
YKL009W,YAL021C,1,,0.1956242024898529,0.7599999904632568,0.3125
YPL029W,YER049W,1,,0.19583119451999664,0.7609999775886536,0.3125
YDR378C,YNL299W,1,,0.19603808224201202,0.7620000243186951,0.3125
YGL014W,YHR077C,1,,0.19624485075473785,0.7630000114440918,0.3125
YDR151C,YJR043C,1,,0.19645152986049652,0.7639999985694885,0.3125
YJR043C,YCR027C,1,,0.19665810465812683,0.7649999856948853,0.3125
YGL222C,YOR076C,1,,0.1968645602464676,0.765999972820282,0.3125
YOL149W,YMR287C,1,,0.19707091152668,0.7670000195503235,0.3125
YOL142W,YPR189W,1,,0.19727715849876404,0.7680000066757202,0.3125
YGL213C,YKL113C,1,,0.19748330116271973,0.7689999938011169,0.3125
YLR270W,YKL208W,1,,0.19768933951854706,0.7699999809265137,0.3125
YGL222C,YJR091C,1,,0.19789527356624603,0.7710000276565552,0.3125
YGR095C,YGR195W,1,,0.19810110330581665,0.7720000147819519,0.3125
YPR042C,YCR077C,1,,0.1983068287372589,0.7730000019073486,0.3125
YDR151C,YGR072W,1,,0.19851243495941162,0.7739999890327454,0.3125
YPR042C,YGL097W,1,,0.19871795177459717,0.7749999761581421,0.3125
YER049W,YGL213C,1,,0.19892334938049316,0.7760000228881836,0.3125
YOL139C,YPR189W,1,,0.199128657579422,0.7770000100135803,0.3125
YPL029W,YGR158C,1,,0.19933384656906128,0.777999997138977,0.3125
YHR069C,YNL232W,1,,0.1995389312505722,0.7789999842643738,0.3125
YJL050W,YPR072W,1,,0.19974391162395477,0.7799999713897705,0.3125
YLR398C,YDR206W,1,,0.19994880259037018,0.781000018119812,0.3125
YCR093W,YGR072W,1,,0.20015357434749603,0.7820000052452087,0.3125
YMR098C,YHR081W,1,,0.20035824179649353,0.7829999923706055,0.3125
YGR095C,YMR287C,1,,0.20056280493736267,0.7839999794960022,0.3125
YNL232W,YGL173C,1,,0.20076726377010345,0.7850000262260437,0.3125
YDL165W,YHR069C,1,,0.20097161829471588,0.7860000133514404,0.3125
YHR069C,YIL079C,1,,0.20117586851119995,0.7870000004768372,0.3125
YGL014W,YOR076C,1,,0.20138001441955566,0.7879999876022339,0.3125
YDL111C,YOL149W,1,,0.20158405601978302,0.7889999747276306,0.3125
YDR172W,YGR072W,1,,0.20178799331188202,0.7900000214576721,0.3125
YOL021C,YPR072W,1,,0.20199182629585266,0.7910000085830688,0.3125
YPL029W,YNL001W,1,,0.20219555497169495,0.7919999957084656,0.3125
YPL029W,YKL208W,1,,0.20239917933940887,0.7929999828338623,0.3125
YNL299W,YER049W,1,,0.20260269939899445,0.7940000295639038,0.3125
YKL009W,YGL122C,1,,0.20280611515045166,0.7950000166893005,0.3125
YPR042C,YGL222C,1,,0.2030094414949417,0.7960000038146973,0.3125
YOL149W,YIL079C,1,,0.2032126486301422,0.796999990940094,0.3125
YOR173W,YNL016W,1,,0.20341575145721436,0.7979999780654907,0.3125
YGL014W,YGL213C,1,,0.20361874997615814,0.7990000247955322,0.3125
YMR098C,YJR091C,1,,0.20382165908813477,0.800000011920929,0.3125
YDR378C,YOL021C,1,,0.20402444899082184,0.8009999990463257,0.3125
YBL026W,YPR189W,1,,0.20422714948654175,0.8019999861717224,0.3125
YLR270W,YNL112W,1,,0.2044297307729721,0.8029999732971191,0.3125
YJL209W,YNL299W,1,,0.2046322226524353,0.8040000200271606,0.3125
YNL147W,YJL140W,1,,0.20483461022377014,0.8050000071525574,0.3125
YHR069C,YMR080C,1,,0.20503689348697662,0.8059999942779541,0.3125
YJL050W,YCR093W,1,,0.20523905754089355,0.8069999814033508,0.3125
YPL029W,YGL122C,1,,0.20544113218784332,0.8080000281333923,0.3125
YBL026W,YMR098C,1,,0.20564311742782593,0.8090000152587891,0.3125
YOL123W,YNL016W,1,,0.20584498345851898,0.8100000023841858,0.3125
YGR158C,YGL014W,1,,0.20604674518108368,0.8109999895095825,0.3125
YDR172W,YGR195W,1,,0.2062484174966812,0.8119999766349792,0.3125
YGL097W,YOR173W,1,,0.2064499706029892,0.8130000233650208,0.3125
YGL178W,YPR042C,1,,0.20665143430233002,0.8140000104904175,0.3125
YJR043C,YLR438C-A,1,,0.20685279369354248,0.8149999976158142,0.3125
YPR042C,YKL009W,1,,0.2070540487766266,0.8159999847412109,0.3125
YDR378C,YNL001W,1,,0.20725519955158234,0.8169999718666077,0.3125
YDR404C,YGL222C,1,,0.20745624601840973,0.8180000185966492,0.3125
YNL112W,YLR438C-A,1,,0.20765720307826996,0.8190000057220459,0.3125
YPL029W,YNL072W,1,,0.20785804092884064,0.8199999928474426,0.3125
YGL173C,YNL299W,1,,0.20805878937244415,0.8209999799728394,0.3125
YNL232W,YPR189W,1,,0.2082594335079193,0.8220000267028809,0.3125
YHR081W,YCR027C,1,,0.2084599733352661,0.8230000138282776,0.3125
YDR172W,YPR072W,1,,0.20866042375564575,0.8240000009536743,0.3125
YGL097W,YLL013C,1,,0.20886075496673584,0.824999988079071,0.3125
YPR072W,YIL079C,1,,0.20906099677085876,0.8259999752044678,0.3125
YKL009W,YLR136C,1,,0.20926113426685333,0.8270000219345093,0.3125
YDR378C,YLR270W,1,,0.20946116745471954,0.828000009059906,0.3125
YNL016W,YDL111C,1,,0.2096610963344574,0.8289999961853027,0.3125
YOL115W,YDR404C,1,,0.2098609358072281,0.8299999833106995,0.3125
YDR151C,YLR270W,1,,0.21006067097187042,0.8309999704360962,0.3125
YNL112W,YJR022W,1,,0.2102603018283844,0.8320000171661377,0.3125
YDR378C,YKL113C,1,,0.21045982837677002,0.8330000042915344,0.3125
YDR151C,YNL072W,1,,0.21065925061702728,0.8339999914169312,0.3125
YER035W,YDR404C,1,,0.21085858345031738,0.8349999785423279,0.3125
YJR006W,YGL122C,1,,0.21105781197547913,0.8360000252723694,0.3125
YNL232W,YGL097W,1,,0.2112569361925125,0.8370000123977661,0.3125
YER068W,YJR006W,1,,0.21145597100257874,0.8379999995231628,0.3125
YNL016W,YHR077C,1,,0.2116548866033554,0.8389999866485596,0.3125
YEL015W,YNL072W,1,,0.21185371279716492,0.8399999737739563,0.3125
YOR173W,YCR077C,1,,0.21205244958400726,0.8410000205039978,0.3125
YDR172W,YHR081W,1,,0.21225106716156006,0.8420000076293945,0.3125
YNL232W,YGR095C,1,,0.2124495953321457,0.8429999947547913,0.3125
YBL026W,YGL213C,1,,0.21264801919460297,0.843999981880188,0.3125
YOR173W,YKL208W,1,,0.21284635365009308,0.8450000286102295,0.3125
YDR151C,YKL208W,1,,0.21304456889629364,0.8460000157356262,0.3125
YKL009W,YGL222C,1,,0.21324269473552704,0.847000002861023,0.3125
YDR172W,YMR098C,1,,0.21344073116779327,0.8479999899864197,0.3125
YJR006W,YDR206W,1,,0.21363864839076996,0.8489999771118164,0.3125
YNL232W,YKL009W,1,,0.21383647620677948,0.8500000238418579,0.3125
YER112W,YER049W,1,,0.21403419971466064,0.8510000109672546,0.3125
YJL209W,YAL021C,1,,0.21423183381557465,0.8519999980926514,0.3125
YER035W,YJR043C,1,,0.2144293636083603,0.8529999852180481,0.3125
YGL178W,YGR095C,1,,0.21462678909301758,0.8539999723434448,0.3125
YNL016W,YCR077C,1,,0.2148241251707077,0.8550000190734863,0.3125
YJL140W,YAL021C,1,,0.21502135694026947,0.8560000061988831,0.3125
YJR022W,YGL222C,1,,0.21521848440170288,0.8569999933242798,0.3125
YHR069C,YLR398C,1,,0.21541552245616913,0.8579999804496765,0.3125
YPR042C,YOL139C,1,,0.21561245620250702,0.859000027179718,0.3125
YER112W,YOL142W,1,,0.21580928564071655,0.8600000143051147,0.3125
YDR151C,YOR076C,1,,0.21600602567195892,0.8610000014305115,0.3125
YLR136C,YGR095C,1,,0.21620266139507294,0.8619999885559082,0.3125
YEL015W,YGR195W,1,,0.2163991928100586,0.8629999756813049,0.3125
YOL123W,YJR022W,1,,0.2165956348180771,0.8640000224113464,0.3125
YDR378C,YAL021C,1,,0.21679197251796722,0.8650000095367432,0.3125
YPL029W,YAL021C,1,,0.2169882208108902,0.8659999966621399,0.3125
YHR069C,YKL208W,1,,0.21718436479568481,0.8669999837875366,0.3125
YLR270W,YJR091C,1,,0.21738041937351227,0.8679999709129333,0.3125
YOR173W,YNL072W,1,,0.21757636964321136,0.8690000176429749,0.3125
YER146W,YHR077C,1,,0.2177722156047821,0.8700000047683716,0.3125
YDR172W,YNL001W,1,,0.21796797215938568,0.8709999918937683,0.3125
YJL050W,YOL139C,1,,0.2181636244058609,0.871999979019165,0.3125
YDL165W,YER146W,1,,0.21835917234420776,0.8730000257492065,0.3125
YDR172W,YMR080C,1,,0.21855464577674866,0.8740000128746033,0.3125
YJR022W,YNL299W,1,,0.21875,0.875,0.3125
YGR158C,YJR006W,1,,0.21894526481628418,0.8759999871253967,0.3125
YLR136C,YHR077C,1,,0.21914042532444,0.8769999742507935,0.3125
YDR151C,YOL123W,1,,0.21933549642562866,0.878000020980835,0.3125
YNL147W,YHR077C,1,,0.21953046321868896,0.8790000081062317,0.3125
YCR093W,YLR438C-A,1,,0.2197253406047821,0.8799999952316284,0.3125
YGL097W,YGL122C,1,,0.2199201136827469,0.8809999823570251,0.3125
YNL299W,YGR195W,1,,0.2201147973537445,0.8820000290870667,0.3125
YNL001W,YNL016W,1,,0.22030937671661377,0.8830000162124634,0.3125
YDL165W,YLL013C,1,,0.22050386667251587,0.8840000033378601,0.3125
YPL029W,YGL173C,1,,0.2206982523202896,0.8849999904632568,0.3125
YNL016W,YPR189W,1,,0.2208925485610962,0.8859999775886536,0.3125
YDR151C,YCR027C,1,,0.22108674049377441,0.8870000243186951,0.3125
YJL209W,YGL173C,1,,0.22128084301948547,0.8880000114440918,0.3125
YDR206W,YCR077C,1,,0.22147484123706818,0.8889999985694885,0.3125
YDR151C,YOL115W,1,,0.22166873514652252,0.8899999856948853,0.3125
YEL015W,YGR158C,1,,0.2218625545501709,0.890999972820282,0.3125
YJL124C,YJL140W,1,,0.22205625474452972,0.8920000195503235,0.3125
YNL016W,YGL213C,1,,0.22224988043308258,0.8930000066757202,0.3125
YPR072W,YDR404C,1,,0.2224433869123459,0.8939999938011169,0.3125
YOL139C,YCR077C,1,,0.22263681888580322,0.8949999809265137,0.3125
YHR069C,YOR173W,1,,0.2228301465511322,0.8960000276565552,0.3125
YEL015W,YLR438C-A,1,,0.22302336990833282,0.8970000147819519,0.3125
YOR076C,YLR438C-A,1,,0.22321650385856628,0.8980000019073486,0.3125
YDL111C,YGL122C,1,,0.22340954840183258,0.8989999890327454,0.3125
YIL079C,YJL140W,1,,0.22360248863697052,0.8999999761581421,0.3125
YDL165W,YLR438C-A,1,,0.2237953245639801,0.9010000228881836,0.3125
YJR006W,YGR095C,1,,0.22398808598518372,0.9020000100135803,0.3125
YLR136C,YGL213C,1,,0.22418072819709778,0.902999997138977,0.3125
YOL115W,YCR027C,1,,0.22437329590320587,0.9039999842643738,0.3125
YLR270W,YGR095C,1,,0.2245657593011856,0.9049999713897705,0.3125
YDR206W,YOR076C,1,,0.224758118391037,0.906000018119812,0.3125
YPL029W,YKL113C,1,,0.2249504029750824,0.9070000052452087,0.3125
YDR151C,YEL015W,1,,0.22514256834983826,0.9079999923706055,0.3125
YKL208W,YJR043C,1,,0.22533465921878815,0.9089999794960022,0.3125
YNL001W,YCR077C,1,,0.22552664577960968,0.9100000262260437,0.3125
YPR042C,YLR136C,1,,0.22571852803230286,0.9110000133514404,0.3125
YOR173W,YLR438C-A,1,,0.22591033577919006,0.9120000004768372,0.3125
YPR189W,YGL222C,1,,0.22610202431678772,0.9129999876022339,0.3125
YPR042C,YDL111C,1,,0.2262936383485794,0.9139999747276306,0.3125
YAL021C,YGR195W,1,,0.22648514807224274,0.9150000214576721,0.3125
YGL178W,YLR270W,1,,0.2266765683889389,0.9160000085830688,0.3125
YKL208W,YLR398C,1,,0.2268678843975067,0.9169999957084656,0.3125
YOL021C,YJR022W,1,,0.22705911099910736,0.9179999828338623,0.3125
YNL232W,YDL111C,1,,0.22725024819374084,0.9190000295639038,0.3125
YPR042C,YGR158C,1,,0.22744128108024597,0.9200000166893005,0.3125
YGR095C,YIL079C,1,,0.22763222455978394,0.9210000038146973,0.3125
YHR081W,YJR022W,1,,0.22782307863235474,0.921999990940094,0.3125
YCR093W,YJL140W,1,,0.22801382839679718,0.9229999780654907,0.3125
YER035W,YMR080C,1,,0.22820448875427246,0.9240000247955322,0.3125
YDR404C,YKL113C,1,,0.22839505970478058,0.925000011920929,0.3125
YJL124C,YNL072W,1,,0.22858554124832153,0.9259999990463257,0.3125
YLR270W,YNL001W,1,,0.22877591848373413,0.9269999861717224,0.3125
YER068W,YGL097W,1,,0.22896619141101837,0.9279999732971191,0.3125
YJL050W,YGL097W,1,,0.22915638983249664,0.9290000200271606,0.3125
YGL178W,YOL149W,1,,0.22934648394584656,0.9300000071525574,0.3125
YJR043C,YIL079C,1,,0.2295364886522293,0.9309999942779541,0.3125
YDR378C,YJR006W,1,,0.2297264039516449,0.9319999814033508,0.3125
YNL299W,YIL079C,1,,0.22991621494293213,0.9330000281333923,0.3125
YMR080C,YDR206W,1,,0.2301059365272522,0.9340000152587891,0.3125
YDR404C,YMR287C,1,,0.2302955687046051,0.9350000023841858,0.3125
YCR093W,YPR072W,1,,0.23048509657382965,0.9359999895095825,0.3125
YER049W,YGL222C,1,,0.23067454993724823,0.9369999766349792,0.3125
YOL142W,YMR098C,1,,0.23086389899253845,0.9380000233650208,0.3125
YJL124C,YHR077C,1,,0.23105314373970032,0.9390000104904175,0.3125
YKL208W,YKL113C,1,,0.2312423139810562,0.9399999976158142,0.3125
YGR158C,YLR136C,1,,0.23143137991428375,0.9409999847412109,0.3125
YJL050W,YNL232W,1,,0.23162035644054413,0.9419999718666077,0.3125
YOL021C,YOR076C,1,,0.23180924355983734,0.9430000185966492,0.3125
YOL021C,YKL113C,1,,0.2319980412721634,0.9440000057220459,0.3125
YDL165W,YMR080C,1,,0.23218673467636108,0.9449999928474426,0.3125
YBL026W,YGL014W,1,,0.2323753386735916,0.9459999799728394,0.3125
YGR158C,YJL124C,1,,0.23256385326385498,0.9470000267028809,0.3125
YER049W,YGL122C,1,,0.23275227844715118,0.9480000138282776,0.3125
YKL113C,YLR438C-A,1,,0.23294059932231903,0.9490000009536743,0.3125
YER112W,YDR151C,1,,0.23312883079051971,0.949999988079071,0.3125
YOL123W,YMR287C,1,,0.23331697285175323,0.9509999752044678,0.3125
YJR091C,YCR077C,1,,0.2335050255060196,0.9520000219345093,0.3125
YDR151C,YOL142W,1,,0.2336929887533188,0.953000009059906,0.3125
YGR158C,YOR076C,1,,0.23388084769248962,0.9539999961853027,0.3125
YOL123W,YPR189W,1,,0.2340686321258545,0.9549999833106995,0.3125
YOL115W,YKL113C,1,,0.234256312251091,0.9559999704360962,0.3125
YNL299W,YMR080C,1,,0.23444390296936035,0.9570000171661377,0.3125
YJL140W,YCR077C,1,,0.23463140428066254,0.9580000042915344,0.3125
YNL001W,YNL112W,1,,0.23481880128383636,0.9589999914169312,0.3125
YJL050W,YKL113C,1,,0.23500612378120422,0.9599999785423279,0.3125
YDR378C,YCR093W,1,,0.23519334197044373,0.9610000252723694,0.3125
YOL115W,YNL232W,1,,0.23538047075271606,0.9620000123977661,0.3125
YJL124C,YCR077C,1,,0.23556751012802124,0.9629999995231628,0.3125
YDL111C,YNL112W,1,,0.23575446009635925,0.9639999866485596,0.3125
YKL208W,YGL222C,1,,0.2359413206577301,0.9649999737739563,0.3125
YEL015W,YNL001W,1,,0.2361280918121338,0.9660000205039978,0.3125
YCR093W,YCR027C,1,,0.23631475865840912,0.9670000076293945,0.3125
YGL173C,YHR077C,1,,0.23650135099887848,0.9679999947547913,0.3125
YGL178W,YGR195W,1,,0.23668783903121948,0.968999981880188,0.3125
YNL299W,YJR091C,1,,0.23687423765659332,0.9700000286102295,0.3125
YMR098C,YGL173C,1,,0.237060546875,0.9710000157356262,0.3125
YJR022W,YKL113C,1,,0.23724676668643951,0.972000002861023,0.3125
YNL016W,YPR072W,1,,0.23743289709091187,0.9729999899864197,0.3125
YLR270W,YNL147W,1,,0.23761893808841705,0.9739999771118164,0.3125
YER112W,YGL178W,1,,0.23780487477779388,0.9750000238418579,0.3125
YOL021C,YGR095C,1,,0.23799073696136475,0.9760000109672546,0.3125
YCR093W,YJR022W,1,,0.23817649483680725,0.9769999980926514,0.3125
YDR378C,YJR043C,1,,0.2383621782064438,0.9779999852180481,0.3125
YPR072W,YOR076C,1,,0.23854775726795197,0.9789999723434448,0.3125
YGL178W,YHR069C,1,,0.23873324692249298,0.9800000190734863,0.3125
YNL147W,YKL208W,1,,0.23891866207122803,0.9810000061988831,0.3125
YGL178W,YLL013C,1,,0.23910397291183472,0.9819999933242798,0.3125
YDR378C,YGL222C,1,,0.23928919434547424,0.9829999804496765,0.3125
YBL026W,YGL173C,1,,0.2394743263721466,0.984000027179718,0.3125
YJL124C,YIL079C,1,,0.2396593689918518,0.9850000143051147,0.3125
YDL165W,YGL178W,1,,0.23984432220458984,0.9860000014305115,0.3125
YDR378C,YCR077C,1,,0.24002918601036072,0.9869999885559082,0.3125
YDR151C,YLR136C,1,,0.24021396040916443,0.9879999756813049,0.3125
YDR172W,YOR076C,1,,0.24039864540100098,0.9890000224113464,0.3125
YDR151C,YKL113C,1,,0.24058322608470917,0.9900000095367432,0.3125
YGL213C,YLR438C-A,1,,0.2407677322626114,0.9909999966621399,0.3125
YOL123W,YER049W,1,,0.24095214903354645,0.9919999837875366,0.3125
YER112W,YJR022W,1,,0.24113647639751434,0.9929999709129333,0.3125
YPR042C,YGR195W,1,,0.24132071435451508,0.9940000176429749,0.3125
YER146W,YNL299W,1,,0.24150484800338745,0.9950000047683716,0.3125
YOR173W,YJR006W,1,,0.24168890714645386,0.9959999918937683,0.3125
YOL139C,YLR398C,1,,0.2418728768825531,0.996999979019165,0.3125
YNL016W,YNL299W,1,,0.24205675721168518,0.9980000257492065,0.3125
YDL165W,YGL122C,1,,0.2422405481338501,0.9990000128746033,0.3125
YDR330W,YHR136C,0,,0.24218182265758514,0.9990000128746033,0.3125999867916107
YLR383W,YDL231C,0,,0.24212312698364258,0.9990000128746033,0.3127000033855438
YML056C,YGL216W,0,,0.2420644462108612,0.9990000128746033,0.31279999017715454
YCL040W,YCL031C,0,,0.24200581014156342,0.9990000128746033,0.31290000677108765
YBL028C,YML024W,0,,0.241947203874588,0.9990000128746033,0.31299999356269836
YPL078C,YDR418W,0,,0.2418886125087738,0.9990000128746033,0.31310001015663147
YBR238C,YOR312C,0,,0.24183006584644318,0.9990000128746033,0.3131999969482422
YBR152W,YBL011W,0,,0.24177153408527374,0.9990000128746033,0.3133000135421753
YMR083W,YPL240C,0,,0.2417130470275879,0.9990000128746033,0.313400000333786
YIL129C,YLR050C,0,,0.24165457487106323,0.9990000128746033,0.31349998712539673
YMR106C,YKL193C,0,,0.24159613251686096,0.9990000128746033,0.31360000371932983
YDL005C,YBR080C,0,,0.24153771996498108,0.9990000128746033,0.31369999051094055
YLR393W,YBR142W,0,,0.24147933721542358,0.9990000128746033,0.31380000710487366
YEL036C,YGL254W,0,,0.24142096936702728,0.9990000128746033,0.3138999938964844
YOR115C,YOR232W,0,,0.24136264622211456,0.9990000128746033,0.3140000104904175
YPL187W,YEL043W,0,,0.24130435287952423,0.9990000128746033,0.3140999972820282
YJL012C-A,YNL182C,0,,0.2412460744380951,0.9990000128746033,0.3142000138759613
YDR338C,YIL157C,0,,0.24118782579898834,0.9990000128746033,0.314300000667572
YOR098C,YGR038W,0,,0.24112962186336517,0.9990000128746033,0.31439998745918274
YNL248C,YNL099C,0,,0.2410714328289032,0.9990000128746033,0.31450000405311584
YGR251W,YPR133W-A,0,,0.2410132735967636,0.9990000128746033,0.31459999084472656
YOR226C,YDR368W,0,,0.2409551441669464,0.9990000128746033,0.31470000743865967
YPL093W,YDR414C,0,,0.2408970296382904,0.9990000128746033,0.3147999942302704
YJR133W,YBR002C,0,,0.24083895981311798,0.9990000128746033,0.3149000108242035
YDR349C,YJL063C,0,,0.24078090488910675,0.9990000128746033,0.3149999976158142
YBR185C,YGR171C,0,,0.2407228946685791,0.9990000128746033,0.3151000142097473
YMR024W,YMR276W,0,,0.24066489934921265,0.9990000128746033,0.31520000100135803
YDL194W,YGR214W,0,,0.24060693383216858,0.9990000128746033,0.31529998779296875
YBL069W,YKL163W,0,,0.2405489981174469,0.9990000128746033,0.31540000438690186
YOR291W,YJL189W,0,,0.2404910922050476,0.9990000128746033,0.3154999911785126
YDR279W,YHL001W,0,,0.2404332160949707,0.9990000128746033,0.3156000077724457
YHR186C,YBL046W,0,,0.240375354886055,0.9990000128746033,0.3156999945640564
YBL027W,YLR449W,0,,0.24031753838062286,0.9990000128746033,0.3158000111579895
YFR044C,YDL060W,0,,0.24025973677635193,0.9990000128746033,0.3158999979496002
YOR190W,YDR096W,0,,0.24020196497440338,0.9990000128746033,0.3160000145435333
YOR008C,YFL066C,0,,0.24014423787593842,0.9990000128746033,0.31610000133514404
YHR160C,YGR156W,0,,0.24008651077747345,0.9990000128746033,0.31619998812675476
YLR182W,YNL075W,0,,0.24002882838249207,0.9990000128746033,0.31630000472068787
YNL297C,YNR016C,0,,0.23997117578983307,0.9990000128746033,0.3163999915122986
YGL136C,YDL185W,0,,0.23991353809833527,0.9990000128746033,0.3165000081062317
YKL201C,YDL045W-A,0,,0.23985594511032104,0.9990000128746033,0.3165999948978424
YDR453C,YAR008W,0,,0.23979836702346802,0.9990000128746033,0.3167000114917755
YDL004W,YIR023W,0,,0.23974081873893738,0.9990000128746033,0.31679999828338623
YLL001W,YLL042C,0,,0.23968330025672913,0.9990000128746033,0.31690001487731934
YLR089C,YER052C,0,,0.23962581157684326,0.9990000128746033,0.31700000166893005
YIL124W,YJL081C,0,,0.23956835269927979,0.9990000128746033,0.31709998846054077
YEL003W,YPL066W,0,,0.2395109087228775,0.9990000128746033,0.3172000050544739
YGR032W,YOL147C,0,,0.2394534945487976,0.9990000128746033,0.3172999918460846
YCR052W,YAR044W,0,,0.2393961250782013,0.9990000128746033,0.3174000084400177
YKR014C,YGR292W,0,,0.23933877050876617,0.9990000128746033,0.3174999952316284
YNL160W,YHR079C-A,0,,0.23928143084049225,0.9990000128746033,0.3176000118255615
YIR018W,YPL241C,0,,0.2392241358757019,0.9990000128746033,0.31769999861717224
YER119C,YMR142C,0,,0.23916687071323395,0.9990000128746033,0.31779998540878296
YJR034W,YDR281C,0,,0.23910962045192719,0.9990000128746033,0.31790000200271606
YKR065C,YPR096C,0,,0.2390523999929428,0.9990000128746033,0.3179999887943268
YDR180W,YOR025W,0,,0.23899520933628082,0.9990000128746033,0.3181000053882599
YMR075W,YKL157W,0,,0.23893804848194122,0.9990000128746033,0.3181999921798706
YPL134C,YNL218W,0,,0.238880917429924,0.9990000128746033,0.3183000087738037
YIL061C,YLL012W,0,,0.2388238161802292,0.9990000128746033,0.31839999556541443
YDR026C,YGR145W,0,,0.23876672983169556,0.9990000128746033,0.31850001215934753
YFR001W,YDR242W,0,,0.23870967328548431,0.9990000128746033,0.31859999895095825
YGL039W,YJR057W,0,,0.23865264654159546,0.9990000128746033,0.31869998574256897
YPL155C,YNL264C,0,,0.238595649600029,0.9990000128746033,0.3188000023365021
YPL144W,YCR083W,0,,0.2385386824607849,0.9990000128746033,0.3188999891281128
YLL045C,YBL002W,0,,0.23848174512386322,0.9990000128746033,0.3190000057220459
YMR121C,YOR187W,0,,0.23842482268810272,0.9990000128746033,0.3190999925136566
YFL013C,YMR303C,0,,0.2383679300546646,0.9990000128746033,0.3192000091075897
YDR400W,YLR404W,0,,0.2383110672235489,0.9990000128746033,0.31929999589920044
YKR019C,YIL002C,0,,0.23825423419475555,0.9990000128746033,0.31940001249313354
YGL249W,YNL185C,0,,0.2381974309682846,0.9990000128746033,0.31949999928474426
YKL007W,YCR048W,0,,0.23814064264297485,0.9990000128746033,0.319599986076355
YBR294W,YLR077W,0,,0.2380838841199875,0.9990000128746033,0.3197000026702881
YHR094C,YGL236C,0,,0.2380271553993225,0.9990000128746033,0.3197999894618988
YDR387C,YGL002W,0,,0.23797045648097992,0.9990000128746033,0.3199000060558319
YIL114C,YDR186C,0,,0.23791378736495972,0.9990000128746033,0.3199999928474426
YLR287C-A,YBL041W,0,,0.2378571480512619,0.9990000128746033,0.32010000944137573
YJR075W,YDL044C,0,,0.23780052363872528,0.9990000128746033,0.32019999623298645
YGL257C,YDR137W,0,,0.23774392902851105,0.9990000128746033,0.32030001282691956
YBR201W,YOL017W,0,,0.2376873642206192,0.9990000128746033,0.3203999996185303
YDR090C,YOR391C,0,,0.23763082921504974,0.9990000128746033,0.320499986410141
YOR046C,YJR104C,0,,0.23757430911064148,0.9990000128746033,0.3206000030040741
YJL008C,YER070W,0,,0.2375178337097168,0.9990000128746033,0.3206999897956848
YBR111W-A,YOL052C,0,,0.2374613732099533,0.9990000128746033,0.3208000063896179
YGL099W,YHR091C,0,,0.2374049425125122,0.9990000128746033,0.32089999318122864
YDL002C,YKL195W,0,,0.2373485416173935,0.9990000128746033,0.32100000977516174
YHR098C,YLR081W,0,,0.23729215562343597,0.9990000128746033,0.32109999656677246
YLR163C,YGL046W,0,,0.23723581433296204,0.9990000128746033,0.32120001316070557
YMR012W,YDL022W,0,,0.2371794879436493,0.9990000128746033,0.3212999999523163
YAL005C,YBR216C,0,,0.23712319135665894,0.9990000128746033,0.321399986743927
YKL182W,YBR022W,0,,0.23706692457199097,0.9990000128746033,0.3215000033378601
YMR281W,YOR118W,0,,0.2370106726884842,0.9990000128746033,0.3215999901294708
YDL208W,YOR130C,0,,0.236954465508461,0.9990000128746033,0.32170000672340393
YER018C,YJL005W,0,,0.236898273229599,0.9990000128746033,0.32179999351501465
YCL075W,YER168C,0,,0.2368421107530594,0.9990000128746033,0.32190001010894775
YPR138C,YGR145W,0,,0.23678596317768097,0.9990000128746033,0.32199999690055847
YMR213W,YBL089W,0,,0.23672986030578613,0.9990000128746033,0.3221000134944916
YCR102C,YBR164C,0,,0.2366737723350525,0.9990000128746033,0.3222000002861023
YLL028W,YHR032W,0,,0.23661771416664124,0.9990000128746033,0.322299987077713
YKR008W,YOL113W,0,,0.23656168580055237,0.9990000128746033,0.3224000036716461
YHR200W,YOL006C,0,,0.2365056872367859,0.9990000128746033,0.32249999046325684
YDR184C,YIL044C,0,,0.2364497035741806,0.9990000128746033,0.32260000705718994
YLR134W,YDR283C,0,,0.2363937497138977,0.9990000128746033,0.32269999384880066
YHR008C,YCR079W,0,,0.2363378256559372,0.9990000128746033,0.32280001044273376
YJR145C,YOL071W,0,,0.23628193140029907,0.9990000128746033,0.3228999972343445
YOR025W,YFL021W,0,,0.23622605204582214,0.9990000128746033,0.3230000138282776
YIL065C,YCL004W,0,,0.2361702173948288,0.9990000128746033,0.3231000006198883
YDR497C,YLL055W,0,,0.23611439764499664,0.9990000128746033,0.323199987411499
YER098W,YBL050W,0,,0.23605860769748688,0.9990000128746033,0.32330000400543213
YDR473C,YML045W-A,0,,0.2360028326511383,0.9990000128746033,0.32339999079704285
YGR200C,YGL226C-A,0,,0.23594710230827332,0.9990000128746033,0.32350000739097595
YLR033W,YHR059W,0,,0.23589138686656952,0.9990000128746033,0.32359999418258667
YDL208W,YOR292C,0,,0.2358357012271881,0.9990000128746033,0.3237000107765198
YER183C,YPL150W,0,,0.2357800304889679,0.9990000128746033,0.3237999975681305
YKL174C,YOL117W,0,,0.23572440445423126,0.9990000128746033,0.3239000141620636
YBR008C,YAL038W,0,,0.23566879332065582,0.9990000128746033,0.3240000009536743
YLR141W,YDR261W-B,0,,0.23561321198940277,0.9990000128746033,0.32409998774528503
YJL165C,YGL090W,0,,0.2355576455593109,0.9990000128746033,0.32420000433921814
YLR206W,YCR081W,0,,0.23550212383270264,0.9990000128746033,0.32429999113082886
YPL134C,YLL010C,0,,0.23544661700725555,0.9990000128746033,0.32440000772476196
YPR201W,YLR113W,0,,0.23539113998413086,0.9990000128746033,0.3244999945163727
YNR057C,YNL284C,0,,0.23533569276332855,0.9990000128746033,0.3246000111103058
YIL177C,YPL042C,0,,0.23528026044368744,0.9990000128746033,0.3246999979019165
YGR052W,YLR318W,0,,0.2352248579263687,0.9990000128746033,0.3248000144958496
YIR011C,YDR014W,0,,0.23516948521137238,0.9990000128746033,0.3249000012874603
YCR002C,YKR013W,0,,0.23511414229869843,0.9990000128746033,0.32499998807907104
YDL130W-A,YLR340W,0,,0.23505882918834686,0.9990000128746033,0.32510000467300415
YDL020C,YIL078W,0,,0.2350035309791565,0.9990000128746033,0.32519999146461487
YPR028W,YNL159C,0,,0.2349482625722885,0.9990000128746033,0.325300008058548
YJR088C,YLR319C,0,,0.23489302396774292,0.9990000128746033,0.3253999948501587
YKL038W,YJL166W,0,,0.23483780026435852,0.9990000128746033,0.3255000114440918
YIL145C,YMR051C,0,,0.2347826063632965,0.9990000128746033,0.3255999982357025
YKL180W,YPR186C,0,,0.23472744226455688,0.9990000128746033,0.3257000148296356
YOR288C,YDR531W,0,,0.23467230796813965,0.9990000128746033,0.32580000162124634
YMR244C-A,YOR382W,0,,0.2346171885728836,0.9990000128746033,0.32589998841285706
YNR072W,YPL031C,0,,0.23456209897994995,0.9990000128746033,0.32600000500679016
YAR014C,YOR120W,0,,0.23450703918933868,0.9990000128746033,0.3260999917984009
YBL113C,YOR226C,0,,0.2344520092010498,0.9990000128746033,0.326200008392334
YKR028W,YHR045W,0,,0.23439699411392212,0.9990000128746033,0.3262999951839447
YFL054C,YFL017W-A,0,,0.23434200882911682,0.9990000128746033,0.3264000117778778
YDR532C,YDR018C,0,,0.2342870533466339,0.9990000128746033,0.3264999985694885
YHR132C,YPR104C,0,,0.2342321276664734,0.9990000128746033,0.32659998536109924
YEL043W,YDR088C,0,,0.23417721688747406,0.9990000128746033,0.32670000195503235
YBR166C,YMR295C,0,,0.23412233591079712,0.9990000128746033,0.32679998874664307
YHL044W,YOR338W,0,,0.23406748473644257,0.9990000128746033,0.32690000534057617
YGR252W,YIR008C,0,,0.2340126484632492,0.9990000128746033,0.3269999921321869
YOR311C,YHR124W,0,,0.23395784199237823,0.9990000128746033,0.32710000872612
YDL109C,YJL200C,0,,0.23390306532382965,0.9990000128746033,0.3271999955177307
YNL254C,YBR012W-A,0,,0.23384831845760345,0.9990000128746033,0.3273000121116638
YMR090W,YBR267W,0,,0.23379358649253845,0.9990000128746033,0.32739999890327454
YDR141C,YJL190C,0,,0.23373888432979584,0.9990000128746033,0.32749998569488525
YNL113W,YML030W,0,,0.2336842119693756,0.9990000128746033,0.32760000228881836
YJL153C,YER138C,0,,0.23362955451011658,0.9990000128746033,0.3276999890804291
YGL141W,YHR089C,0,,0.23357494175434113,0.9990000128746033,0.3278000056743622
YIL017C,YLR406C,0,,0.23352034389972687,0.9990000128746033,0.3278999924659729
YPL131W,YFL044C,0,,0.2334657609462738,0.9990000128746033,0.328000009059906
YDR283C,YJL133W,0,,0.23341120779514313,0.9990000128746033,0.3280999958515167
YIL073C,YOL002C,0,,0.23335669934749603,0.9990000128746033,0.32820001244544983
YER165W,YCR023C,0,,0.23330219089984894,0.9990000128746033,0.32829999923706055
YJR066W,YHR005C-A,0,,0.23324772715568542,0.9990000128746033,0.32839998602867126
YNL092W,YER021W,0,,0.2331932783126831,0.9990000128746033,0.32850000262260437
YOL117W,YNL113W,0,,0.23313885927200317,0.9990000128746033,0.3285999894142151
YJL074C,YOL146W,0,,0.23308445513248444,0.9990000128746033,0.3287000060081482
YPR165W,YIR006C,0,,0.23303009569644928,0.9990000128746033,0.3287999927997589
YCR026C,YJL149W,0,,0.23297575116157532,0.9990000128746033,0.328900009393692
YDR126W,YHR129C,0,,0.23292142152786255,0.9990000128746033,0.32899999618530273
YDR349C,YDR137W,0,,0.23286713659763336,0.9990000128746033,0.32910001277923584
YCR052W,YBL024W,0,,0.23281286656856537,0.9990000128746033,0.32919999957084656
YKL218C,YML052W,0,,0.23275862634181976,0.9990000128746033,0.3292999863624573
YNR072W,YBR245C,0,,0.23270440101623535,0.9990000128746033,0.3294000029563904
YNR027W,YPL072W,0,,0.23265020549297333,0.9990000128746033,0.3294999897480011
YNL291C,YOR324C,0,,0.2325960397720337,0.9990000128746033,0.3296000063419342
YIL109C,YKL217W,0,,0.23254190385341644,0.9990000128746033,0.3296999931335449
YNR073C,YLR047C,0,,0.2324877828359604,0.9990000128746033,0.329800009727478
YHR016C,YBL004W,0,,0.23243369162082672,0.9990000128746033,0.32989999651908875
YBL079W,YNL182C,0,,0.23237963020801544,0.9990000128746033,0.33000001311302185
YGL121C,YMR176W,0,,0.23232558369636536,0.9990000128746033,0.33009999990463257
YLR013W,YPL230W,0,,0.23227156698703766,0.9990000128746033,0.3301999866962433
YKL181W,YGL209W,0,,0.23221758008003235,0.9990000128746033,0.3303000032901764
YHR174W,YGR172C,0,,0.23216360807418823,0.9990000128746033,0.3303999900817871
YKR035W-A,YNR043W,0,,0.2321096658706665,0.9990000128746033,0.3305000066757202
YJL030W,YGR071C,0,,0.23205575346946716,0.9990000128746033,0.33059999346733093
YHR091C,YLR266C,0,,0.23200185596942902,0.9990000128746033,0.33070001006126404
YIR002C,YER004W,0,,0.23194798827171326,0.9990000128746033,0.33079999685287476
YKL012W,YGR186W,0,,0.23189415037631989,0.9990000128746033,0.33090001344680786
YFL002W-A,YDR363W-A,0,,0.2318403273820877,0.9990000128746033,0.3310000002384186
YNL058C,YBR210W,0,,0.2317865490913391,0.9990000128746033,0.3310999870300293
YDR519W,YMR008C,0,,0.23173277080059052,0.9990000128746033,0.3312000036239624
YLL028W,YOR279C,0,,0.2316790372133255,0.9990000128746033,0.3312999904155731
YNR063W,YIL132C,0,,0.23162531852722168,0.9990000128746033,0.3314000070095062
YDR233C,YLR450W,0,,0.23157162964344025,0.9990000128746033,0.33149999380111694
YPL257W-A,YDR311W,0,,0.23151795566082,0.9990000128746033,0.33160001039505005
YJR028W,YML113W,0,,0.23146431148052216,0.9990000128746033,0.33169999718666077
YOL111C,YAR019C,0,,0.2314106971025467,0.9990000128746033,0.33180001378059387
YIL155C,YPR166C,0,,0.23135711252689362,0.9990000128746033,0.3319000005722046
YJR147W,YER088C,0,,0.23130354285240173,0.9990000128746033,0.3319999873638153
YER111C,YDL140C,0,,0.23125000298023224,0.9990000128746033,0.3321000039577484
YOR274W,YFR009W,0,,0.23119647800922394,0.9990000128746033,0.33219999074935913
YLR172C,YDL029W,0,,0.23114298284053802,0.9990000128746033,0.33230000734329224
YDR483W,YCL045C,0,,0.2310895174741745,0.9990000128746033,0.33239999413490295
YOR215C,YOR205C,0,,0.23103608191013336,0.9990000128746033,0.33250001072883606
YBL088C,YML093W,0,,0.23098266124725342,0.9990000128746033,0.3325999975204468
YIR012W,YOR298W,0,,0.23092927038669586,0.9990000128746033,0.3327000141143799
YKR094C,YDL184C,0,,0.2308758944272995,0.9990000128746033,0.3328000009059906
YOR361C,YLR357W,0,,0.23082254827022552,0.9990000128746033,0.3328999876976013
YKR038C,YPL249C,0,,0.23076923191547394,0.9990000128746033,0.3330000042915344
YGR125W,YJL092W,0,,0.23071593046188354,0.9990000128746033,0.33309999108314514
YLR151C,YDR470C,0,,0.23066265881061554,0.9990000128746033,0.33320000767707825
YNR021W,YPL089C,0,,0.23060941696166992,0.9990000128746033,0.33329999446868896
YDL185W,YPL268W,0,,0.2305561900138855,0.9990000128746033,0.33340001106262207
YDL069C,YOR124C,0,,0.23050299286842346,0.9990000128746033,0.3334999978542328
YKL137W,YKL135C,0,,0.2304498255252838,0.9990000128746033,0.3336000144481659
YBR240C,YNL005C,0,,0.23039667308330536,0.9990000128746033,0.3337000012397766
YOL054W,YJR121W,0,,0.2303435504436493,0.9990000128746033,0.33379998803138733
YPL244C,YKL163W,0,,0.2302904576063156,0.9990000128746033,0.33390000462532043
YLR383W,YJR097W,0,,0.23023737967014313,0.9990000128746033,0.33399999141693115
YKL034W,YGL013C,0,,0.23018433153629303,0.9990000128746033,0.33410000801086426
YPL172C,YLR071C,0,,0.23013131320476532,0.9990000128746033,0.334199994802475
YDR352W,YBR080C,0,,0.2300783097743988,0.9990000128746033,0.3343000113964081
YFL009W,YDR460W,0,,0.23002532124519348,0.9990000128746033,0.3343999981880188
YNL213C,YML007W,0,,0.22997237741947174,0.9990000128746033,0.3345000147819519
YCL050C,YOR311C,0,,0.2299194484949112,0.9990000128746033,0.3346000015735626
YGL128C,YNL175C,0,,0.22986654937267303,0.9990000128746033,0.33469998836517334
YGL136C,YGL119W,0,,0.22981366515159607,0.9990000128746033,0.33480000495910645
YLR022C,YBR044C,0,,0.2297608107328415,0.9990000128746033,0.33489999175071716
YGR285C,YPR081C,0,,0.2297079861164093,0.9990000128746033,0.33500000834465027
YDR141C,YPR135W,0,,0.2296551764011383,0.9990000128746033,0.335099995136261
YKR092C,YIL110W,0,,0.2296023964881897,0.9990000128746033,0.3352000117301941
YJR105W,YPL157W,0,,0.22954963147640228,0.9990000128746033,0.3352999985218048
YNL126W,YLR268W,0,,0.22949689626693726,0.9990000128746033,0.3353999853134155
YCR026C,YPL256C,0,,0.22944419085979462,0.9990000128746033,0.33550000190734863
YKR029C,YOR138C,0,,0.22939150035381317,0.9990000128746033,0.33559998869895935
YLR321C,YMR197C,0,,0.2293388396501541,0.9990000128746033,0.33570000529289246
YHL007C,YNL053W,0,,0.22928620874881744,0.9990000128746033,0.3357999920845032
YEL004W,YJR016C,0,,0.22923359274864197,0.9990000128746033,0.3359000086784363
YJL101C,YNL139C,0,,0.22918100655078888,0.9990000128746033,0.335999995470047
YGL094C,YOL165C,0,,0.22912843525409698,0.9990000128746033,0.3361000120639801
YDR496C,YER086W,0,,0.22907589375972748,0.9990000128746033,0.3361999988555908
YOL034W,YOL082W,0,,0.22902338206768036,0.9990000128746033,0.33629998564720154
YNL046W,YLL032C,0,,0.22897088527679443,0.9990000128746033,0.33640000224113464
YOR317W,YDL138W,0,,0.2289184182882309,0.9990000128746033,0.33649998903274536
YBR092C,YGR118W,0,,0.22886598110198975,0.9990000128746033,0.33660000562667847
YEL022W,YBR104W,0,,0.2288135588169098,0.9990000128746033,0.3366999924182892
YMR193W,YFL003C,0,,0.22876116633415222,0.9990000128746033,0.3368000090122223
YOR339C,YLR069C,0,,0.22870878875255585,0.9990000128746033,0.336899995803833
YDL197C,YBL006C,0,,0.22865644097328186,0.9990000128746033,0.3370000123977661
YGR169C,YGL158W,0,,0.22860412299633026,0.9990000128746033,0.33709999918937683
YBR123C,YMR023C,0,,0.22855181992053986,0.9990000128746033,0.33719998598098755
YDR069C,YIL122W,0,,0.22849954664707184,0.9990000128746033,0.33730000257492065
YHR070W,YDL245C,0,,0.22844728827476501,0.9990000128746033,0.33739998936653137
YNL035C,YBR231C,0,,0.22839505970478058,0.9990000128746033,0.3375000059604645
YDL069C,YNL070W,0,,0.22834286093711853,0.9990000128746033,0.3375999927520752
YMR006C,YGR189C,0,,0.22829067707061768,0.9990000128746033,0.3377000093460083
YFL024C,YGL029W,0,,0.2282385230064392,0.9990000128746033,0.337799996137619
YOR339C,YDR252W,0,,0.22818638384342194,0.9990000128746033,0.3379000127315521
YJL138C,YOR036W,0,,0.22813427448272705,0.9990000128746033,0.33799999952316284
YHR016C,YDL110C,0,,0.22808219492435455,0.9990000128746033,0.33809998631477356
YPL089C,YDR034C-D,0,,0.22803013026714325,0.9990000128746033,0.33820000290870667
YOL040C,YMR300C,0,,0.22797809541225433,0.9990000128746033,0.3382999897003174
YDR017C,YJL095W,0,,0.2279260754585266,0.9990000128746033,0.3384000062942505
YNR007C,YGL186C,0,,0.22787408530712128,0.9990000128746033,0.3384999930858612
YGR239C,YLR005W,0,,0.22782212495803833,0.9990000128746033,0.3386000096797943
YCL032W,YNL222W,0,,0.22777017951011658,0.9990000128746033,0.33869999647140503
YKL073W,YER098W,0,,0.2277182638645172,0.9990000128746033,0.33880001306533813
YLR429W,YER089C,0,,0.22766636312007904,0.9990000128746033,0.33889999985694885
YOR307C,YAR035W,0,,0.22761449217796326,0.9990000128746033,0.33899998664855957
YDR159W,YPR113W,0,,0.22756263613700867,0.9990000128746033,0.3391000032424927
YLL019C,YNL283C,0,,0.22751082479953766,0.9990000128746033,0.3391999900341034
YHR166C,YLR332W,0,,0.22745901346206665,0.9990000128746033,0.3393000066280365
YLR450W,YAL054C,0,,0.22740723192691803,0.9990000128746033,0.3393999934196472
YOL062C,YNL283C,0,,0.2273554801940918,0.9990000128746033,0.3395000100135803
YDR411C,YEL055C,0,,0.22730375826358795,0.9990000128746033,0.33959999680519104
YNL083W,YAL014C,0,,0.2272520512342453,0.9990000128746033,0.33970001339912415
YML070W,YNR031C,0,,0.22720035910606384,0.9990000128746033,0.33980000019073486
YBR257W,YJL014W,0,,0.22714869678020477,0.9990000128746033,0.3398999869823456
YJR028W,YBR172C,0,,0.2270970642566681,0.9990000128746033,0.3400000035762787
YJL206C,YER161C,0,,0.2270454615354538,0.9990000128746033,0.3400999903678894
YDR139C,YLR359W,0,,0.2269938588142395,0.9990000128746033,0.3402000069618225
YFL023W,YHL022C,0,,0.2269423007965088,0.9990000128746033,0.3402999937534332
YGL216W,YHR013C,0,,0.22689075767993927,0.9990000128746033,0.34040001034736633
YBR150C,YBL098W,0,,0.22683924436569214,0.9990000128746033,0.34049999713897705
YGR207C,YLR015W,0,,0.2267877459526062,0.9990000128746033,0.34060001373291016
YBR283C,YGL099W,0,,0.22673626244068146,0.9990000128746033,0.3407000005245209
YMR083W,YCL024W,0,,0.2266848236322403,0.9990000128746033,0.3407999873161316
YOR326W,YNR013C,0,,0.22663339972496033,0.9990000128746033,0.3409000039100647
YGL161C,YMR241W,0,,0.22658199071884155,0.9990000128746033,0.3409999907016754
YOL005C,YDR291W,0,,0.22653061151504517,0.9990000128746033,0.3411000072956085
YDL084W,YLR348C,0,,0.22647926211357117,0.9990000128746033,0.34119999408721924
YLL043W,YHR060W,0,,0.22642792761325836,0.9990000128746033,0.34130001068115234
YJL010C,YPL085W,0,,0.22637660801410675,0.9990000128746033,0.34139999747276306
YER008C,YBR202W,0,,0.22632533311843872,0.9990000128746033,0.34150001406669617
YIL039W,YLR274W,0,,0.22627407312393188,0.9990000128746033,0.3416000008583069
YLR024C,YGL044C,0,,0.22622282803058624,0.9990000128746033,0.3416999876499176
YOR043W,YPL200W,0,,0.226171612739563,0.9990000128746033,0.3418000042438507
YOR349W,YAR015W,0,,0.22612041234970093,0.9990000128746033,0.3418999910354614
YIL047C,YAR044W,0,,0.22606924176216125,0.9990000128746033,0.34200000762939453
YJR112W,YLR453C,0,,0.22601810097694397,0.9990000128746033,0.34209999442100525
YKR003W,YOR089C,0,,0.22596697509288788,0.9990000128746033,0.34220001101493835
YDR405W,YPR184W,0,,0.22591587901115417,0.9990000128746033,0.3422999978065491
YNR020C,YER048W-A,0,,0.22586479783058167,0.9990000128746033,0.3424000144004822
YML015C,YPL206C,0,,0.22581374645233154,0.9990000128746033,0.3425000011920929
YDR205W,YDL138W,0,,0.22576270997524261,0.9990000128746033,0.3425999879837036
YOL026C,YDR147W,0,,0.22571170330047607,0.9990000128746033,0.3427000045776367
YGR261C,YLL041C,0,,0.22566071152687073,0.9990000128746033,0.34279999136924744
YDR210C-C,YNL244C,0,,0.22560974955558777,0.9990000128746033,0.34290000796318054
YHR116W,YGR133W,0,,0.2255588173866272,0.9990000128746033,0.34299999475479126
YER045C,YDR368W,0,,0.22550790011882782,0.9990000128746033,0.34310001134872437
YNL121C,YLR447C,0,,0.22545701265335083,0.9990000128746033,0.3431999981403351
YIL006W,YER138C,0,,0.22540614008903503,0.9990000128746033,0.3433000147342682
YER154W,YGL162W,0,,0.22535528242588043,0.9990000128746033,0.3434000015258789
YPR004C,YPL027W,0,,0.2253044694662094,0.9990000128746033,0.3434999883174896
YLL027W,YCR087C-A,0,,0.22525367140769958,0.9990000128746033,0.34360000491142273
YER046W,YJL210W,0,,0.22520288825035095,0.9990000128746033,0.34369999170303345
YJL225C,YJL130C,0,,0.2251521348953247,0.9990000128746033,0.34380000829696655
YKL092C,YOR198C,0,,0.22510139644145966,0.9990000128746033,0.34389999508857727
YOR270C,YNL218W,0,,0.225050687789917,0.9990000128746033,0.3440000116825104
YPL162C,YHR031C,0,,0.22499999403953552,0.9990000128746033,0.3440999984741211
YLR153C,YGR128C,0,,0.22494933009147644,0.9990000128746033,0.3441999852657318
YBR298C,YKL164C,0,,0.22489869594573975,0.9990000128746033,0.3443000018596649
YLR178C,YNR013C,0,,0.22484807670116425,0.9990000128746033,0.34439998865127563
YPR145W,YCR024C-A,0,,0.22479747235774994,0.9990000128746033,0.34450000524520874
YGR200C,YLR401C,0,,0.2247469127178192,0.9990000128746033,0.34459999203681946
YHR178W,YMR272C,0,,0.2246963530778885,0.9990000128746033,0.34470000863075256
YIR025W,YDR400W,0,,0.22464582324028015,0.9990000128746033,0.3447999954223633
YER083C,YOL101C,0,,0.2245953232049942,0.9990000128746033,0.3449000120162964
YEL036C,YPL194W,0,,0.22454483807086945,0.9990000128746033,0.3449999988079071
YGR038C-B,YMR233W,0,,0.22449438273906708,0.9990000128746033,0.3450999855995178
YLR174W,YCR029C-A,0,,0.2244439423084259,0.9990000128746033,0.3452000021934509
YHR187W,YOL092W,0,,0.22439353168010712,0.9990000128746033,0.34529998898506165
YPL202C,YJR075W,0,,0.22434313595294952,0.9990000128746033,0.34540000557899475
YPL111W,YLL041C,0,,0.22429277002811432,0.9990000128746033,0.34549999237060547
YOL092W,YCR034W,0,,0.2242424190044403,0.9990000128746033,0.3456000089645386
YMR087W,YLR291C,0,,0.22419209778308868,0.9990000128746033,0.3456999957561493
YKR094C,YOL103W-B,0,,0.22414180636405945,0.9990000128746033,0.3458000123500824
YLR410W,YOR202W,0,,0.2240915149450302,0.9990000128746033,0.3458999991416931
YPR063C,YMR146C,0,,0.22404126822948456,0.9990000128746033,0.34599998593330383
YNL046W,YPR065W,0,,0.2239910364151001,0.9990000128746033,0.34610000252723694
YOR168W,YMR029C,0,,0.22394081950187683,0.9990000128746033,0.34619998931884766
YNL302C,YGL137W,0,,0.22389063239097595,0.9990000128746033,0.34630000591278076
YML048W,YDR140W,0,,0.22384046018123627,0.9990000128746033,0.3463999927043915
YNL257C,YJR103W,0,,0.22379031777381897,0.9990000128746033,0.3465000092983246
YBR261C,YJL143W,0,,0.22374020516872406,0.9990000128746033,0.3465999960899353
YLR034C,YPL174C,0,,0.22369010746479034,0.9990000128746033,0.3467000126838684
YML070W,YKL096W-A,0,,0.22364002466201782,0.9990000128746033,0.3467999994754791
YNL281W,YAL009W,0,,0.2235899716615677,0.9990000128746033,0.34689998626708984
YNL138W-A,YNL297C,0,,0.22353994846343994,0.9990000128746033,0.34700000286102295
YIL136W,YHR039C-B,0,,0.2234899401664734,0.9990000128746033,0.34709998965263367
YPR145W,YOR178C,0,,0.22343994677066803,0.9990000128746033,0.3472000062465668
YDR531W,YIL034C,0,,0.22338998317718506,0.9990000128746033,0.3472999930381775
YHR140W,YDR266C,0,,0.22334003448486328,0.9990000128746033,0.3474000096321106
YLR035C-A,YKL148C,0,,0.2232901155948639,0.9990000128746033,0.3474999964237213
YDL104C,YPL148C,0,,0.2232402265071869,0.9990000128746033,0.3476000130176544
YFL048C,YMR021C,0,,0.22319035232067108,0.9990000128746033,0.34769999980926514
YNL128W,YJR015W,0,,0.22314049303531647,0.9990000128746033,0.34779998660087585
YDR171W,YMR077C,0,,0.22309066355228424,0.9990000128746033,0.34790000319480896
YCL008C,YJR139C,0,,0.2230408638715744,0.9990000128746033,0.3479999899864197
YNL306W,YIL099W,0,,0.22299106419086456,0.9990000128746033,0.3481000065803528
YJR009C,YDR466W,0,,0.2229413092136383,0.9990000128746033,0.3481999933719635
YGR027C,YEL065W,0,,0.22289156913757324,0.9990000128746033,0.3483000099658966
YER003C,YBL018C,0,,0.22284184396266937,0.9990000128746033,0.3483999967575073
YDR531W,YDR411C,0,,0.2227921485900879,0.9990000128746033,0.34850001335144043
YDL121C,YDL133C-A,0,,0.2227424681186676,0.9990000128746033,0.34860000014305115
YER165W,YLR244C,0,,0.2226928174495697,0.9990000128746033,0.34869998693466187
YLR309C,YPR178W,0,,0.2226431965827942,0.9990000128746033,0.34880000352859497
YJL113W,YJL103C,0,,0.22259357571601868,0.9990000128746033,0.3488999903202057
YER183C,YBR213W,0,,0.22254399955272675,0.9990000128746033,0.3490000069141388
YNR073C,YKL078W,0,,0.222494438290596,0.9990000128746033,0.3490999937057495
YDL008W,YPR083W,0,,0.22244489192962646,0.9990000128746033,0.3492000102996826
YBR083W,YDR218C,0,,0.2223953753709793,0.9990000128746033,0.34929999709129333
YCL059C,YNR074C,0,,0.22234587371349335,0.9990000128746033,0.34940001368522644
YNL321W,YPR168W,0,,0.22229640185832977,0.9990000128746033,0.34950000047683716
YGL003C,YMR052W,0,,0.2222469449043274,0.9990000128746033,0.3495999872684479
YEL046C,YBR302C,0,,0.2221975028514862,0.9990000128746033,0.349700003862381
YCL034W,YER111C,0,,0.2221481055021286,0.9990000128746033,0.3497999906539917
YJR070C,YPR029C,0,,0.222098708152771,0.9990000128746033,0.3499000072479248
YOL060C,YBR042C,0,,0.22204934060573578,0.9990000128746033,0.3499999940395355
YGL029W,YER029C,0,,0.22200000286102295,0.9990000128746033,0.35010001063346863
YER053C,YDL045W-A,0,,0.2219506800174713,0.9990000128746033,0.35019999742507935
YER137C-A,YKR071C,0,,0.22190137207508087,0.9990000128746033,0.35030001401901245
YCL004W,YIL133C,0,,0.22185209393501282,0.9990000128746033,0.35040000081062317
YNR015W,YJL187C,0,,0.22180284559726715,0.9990000128746033,0.3504999876022339
YDR261W-A,YDL103C,0,,0.22175361216068268,0.9990000128746033,0.350600004196167
YER153C,YLR084C,0,,0.2217043936252594,0.9990000128746033,0.3506999909877777
YNL037C,YGL123W,0,,0.2216552048921585,0.9990000128746033,0.3508000075817108
YHR161C,YKL096W,0,,0.2216060310602188,0.9990000128746033,0.35089999437332153
YOL155C,YML114C,0,,0.2215568870306015,0.9990000128746033,0.35100001096725464
YDR158W,YDR421W,0,,0.22150775790214539,0.9990000128746033,0.35109999775886536
YLR286C,YKL193C,0,,0.22145865857601166,0.9990000128746033,0.35120001435279846
YPL180W,YBR158W,0,,0.22140957415103912,0.9990000128746033,0.3513000011444092
YKL073W,YDL006W,0,,0.22136051952838898,0.9990000128746033,0.3513999879360199
YNR073C,YDL126C,0,,0.22131147980690002,0.9990000128746033,0.351500004529953
YHL009W-A,YMR284W,0,,0.22126245498657227,0.9990000128746033,0.3515999913215637
YBR105C,YIL048W,0,,0.2212134599685669,0.9990000128746033,0.3517000079154968
YDR322W,YDR074W,0,,0.2211644947528839,0.9990000128746033,0.35179999470710754
YCR070W,YHR206W,0,,0.22111554443836212,0.9990000128746033,0.35190001130104065
YOR120W,YBR070C,0,,0.22106660902500153,0.9990000128746033,0.35199999809265137
YMR238W,YDR283C,0,,0.22101770341396332,0.9990000128746033,0.3521000146865845
YOL148C,YOL070C,0,,0.2209688127040863,0.9990000128746033,0.3522000014781952
YDR318W,YCL030C,0,,0.22091995179653168,0.9990000128746033,0.3522999882698059
YNL092W,YJR103W,0,,0.22087110579013824,0.9990000128746033,0.352400004863739
YJR078W,YOR167C,0,,0.220822274684906,0.9990000128746033,0.35249999165534973
YPR091C,YGR172C,0,,0.22077347338199615,0.9990000128746033,0.35260000824928284
YBR223C,YLR291C,0,,0.2207247018814087,0.9990000128746033,0.35269999504089355
YNL030W,YNR003C,0,,0.22067594528198242,0.9990000128746033,0.35280001163482666
YIL162W,YML099C,0,,0.22062720358371735,0.9990000128746033,0.3528999984264374
YLR448W,YMR251W-A,0,,0.22057849168777466,0.9990000128746033,0.3529999852180481
YPR075C,YDL080C,0,,0.22052979469299316,0.9990000128746033,0.3531000018119812
YOR140W,YOL155C,0,,0.22048112750053406,0.9990000128746033,0.3531999886035919
YDR003W,YFL031W,0,,0.22043247520923615,0.9990000128746033,0.353300005197525
YDR017C,YCR097WB,0,,0.22038385272026062,0.9990000128746033,0.35339999198913574
YKL109W,YDR046C,0,,0.2203352451324463,0.9990000128746033,0.35350000858306885
YMR109W,YIL142W,0,,0.22028665244579315,0.9990000128746033,0.35359999537467957
YLR418C,YGR241C,0,,0.2202380895614624,0.9990000128746033,0.35370001196861267
YNR022C,YJL112W,0,,0.22018955647945404,0.9990000128746033,0.3537999987602234
YPL011C,YFR018C,0,,0.22014103829860687,0.9990000128746033,0.3538999855518341
YDL190C,YEL034W,0,,0.2200925350189209,0.9990000128746033,0.3540000021457672
YNL003C,YJL149W,0,,0.22004404664039612,0.9990000128746033,0.35409998893737793
YKL073W,YAR007C,0,,0.21999560296535492,0.9990000128746033,0.35420000553131104
YJR060W,YER168C,0,,0.21994715929031372,0.9990000128746033,0.35429999232292175
YLR204W,YGL044C,0,,0.2198987454175949,0.9990000128746033,0.35440000891685486
YLL034C,YBR236C,0,,0.2198503464460373,0.9990000128746033,0.3544999957084656
YHR187W,YDL005C,0,,0.21980197727680206,0.9990000128746033,0.3546000123023987
YMR321C,YNL154C,0,,0.21975362300872803,0.9990000128746033,0.3546999990940094
YKL101W,YLR096W,0,,0.21970529854297638,0.9990000128746033,0.3547999858856201
YOR317W,YJL025W,0,,0.21965698897838593,0.9990000128746033,0.3549000024795532
YNL310C,YEL012W,0,,0.21960870921611786,0.9990000128746033,0.35499998927116394
YHL008C,YOR242C,0,,0.219560444355011,0.9990000128746033,0.35510000586509705
YLR405W,YLR138W,0,,0.2195121943950653,0.9990000128746033,0.35519999265670776
YLR027C,YIL155C,0,,0.21946397423744202,0.9990000128746033,0.35530000925064087
YGR264C,YPL212C,0,,0.21941576898097992,0.9990000128746033,0.3553999960422516
YOL156W,YLR038C,0,,0.2193675935268402,0.9990000128746033,0.3555000126361847
YGR247W,YLR207W,0,,0.2193194329738617,0.9990000128746033,0.3555999994277954
YHR181W,YKR056W,0,,0.21927128732204437,0.9990000128746033,0.35569998621940613
YGR035C,YGL040C,0,,0.21922317147254944,0.9990000128746033,0.35580000281333923
YOR310C,YLL033W,0,,0.2191750705242157,0.9990000128746033,0.35589998960494995
YJR147W,YLR403W,0,,0.21912699937820435,0.9990000128746033,0.35600000619888306
YEL017C-A,YDR329C,0,,0.2190789431333542,0.9990000128746033,0.3560999929904938
YER012W,YMR319C,0,,0.21903091669082642,0.9990000128746033,0.3562000095844269
YIL133C,YJR015W,0,,0.21898290514945984,0.9990000128746033,0.3562999963760376
YMR319C,YER019W,0,,0.21893490850925446,0.9990000128746033,0.3564000129699707
YOL111C,YOR298W,0,,0.21888694167137146,0.9990000128746033,0.3564999997615814
YNL138W,YNL210W,0,,0.21883898973464966,0.9990000128746033,0.35659998655319214
YPL174C,YBR170C,0,,0.21879106760025024,0.9990000128746033,0.35670000314712524
YMR109W,YPL143W,0,,0.21874316036701202,0.9990000128746033,0.35679998993873596
YOR374W,YOR142W,0,,0.218695268034935,0.9990000128746033,0.35690000653266907
YMR020W,YOR368W,0,,0.21864740550518036,0.9990000128746033,0.3569999933242798
YDL137W,YGR192C,0,,0.21859955787658691,0.9990000128746033,0.3571000099182129
YHR186C,YLR240W,0,,0.21855174005031586,0.9990000128746033,0.3571999967098236
YOR035C,YIL044C,0,,0.218503937125206,0.9990000128746033,0.3573000133037567
YGL004C,YML040W,0,,0.21845614910125732,0.9990000128746033,0.35740000009536743
YER145C,YOR118W,0,,0.21840839087963104,0.9990000128746033,0.35749998688697815
YBR122C,YMR004W,0,,0.21836066246032715,0.9990000128746033,0.35760000348091125
YDR219C,YGR032W,0,,0.21831293404102325,0.9990000128746033,0.357699990272522
YNL115C,YER120W,0,,0.21826523542404175,0.9990000128746033,0.3578000068664551
YNL064C,YML077W,0,,0.21821756660938263,0.9990000128746033,0.3578999936580658
YHR214C-B,YDR541C,0,,0.2181699126958847,0.9990000128746033,0.3580000102519989
YMR054W,YNR056C,0,,0.21812227368354797,0.9990000128746033,0.3580999970436096
YLR291C,YPR047W,0,,0.21807464957237244,0.9990000128746033,0.3582000136375427
YHR074W,YOR116C,0,,0.2180270552635193,0.9990000128746033,0.35830000042915344
YOR142W-A,YLR340W,0,,0.21797949075698853,0.9990000128746033,0.35839998722076416
YOR326W,YBL068W,0,,0.21793194115161896,0.9990000128746033,0.35850000381469727
YKL186C,YNR054C,0,,0.21788440644741058,0.9990000128746033,0.358599990606308
YDL192W,YAL009W,0,,0.2178369015455246,0.9990000128746033,0.3587000072002411
YDL246C,YPR156C,0,,0.2177894115447998,0.9990000128746033,0.3587999939918518
YPL060W,YER046W,0,,0.2177419364452362,0.9990000128746033,0.3589000105857849
YEL052W,YPL170W,0,,0.217694491147995,0.9990000128746033,0.35899999737739563
YIR023W,YKR045C,0,,0.21764706075191498,0.9990000128746033,0.35910001397132874
YER014C-A,YIL134W,0,,0.21759964525699615,0.9990000128746033,0.35920000076293945
YDR214W,YMR289W,0,,0.21755225956439972,0.9990000128746033,0.35929998755455017
YPL081W,YEL016C,0,,0.21750490367412567,0.9990000128746033,0.3594000041484833
YIL117C,YOR196C,0,,0.21745754778385162,0.9990000128746033,0.359499990940094
YLR425W,YPR080W,0,,0.21741022169589996,0.9990000128746033,0.3596000075340271
YBR079C,YMR075W,0,,0.2173629254102707,0.9990000128746033,0.3596999943256378
YOR180C,YMR019W,0,,0.2173156440258026,0.9990000128746033,0.3598000109195709
YMR078C,YDR453C,0,,0.21726837754249573,0.9990000128746033,0.35989999771118164
YPL084W,YPR108W,0,,0.21722114086151123,0.9990000128746033,0.36000001430511475
YLR427W,YOL145C,0,,0.21717391908168793,0.9990000128746033,0.36010000109672546
YLR158C,YDL148C,0,,0.21712671220302582,0.9990000128746033,0.3601999878883362
YDR524C-B,YDR170C,0,,0.2170795351266861,0.9990000128746033,0.3603000044822693
YKR003W,YJL025W,0,,0.21703237295150757,0.9990000128746033,0.36039999127388
YDL185W,YKL199C,0,,0.21698522567749023,0.9990000128746033,0.3605000078678131
YJR094W-A,YNL312W,0,,0.2169381082057953,0.9990000128746033,0.36059999465942383
YKL210W,YMR240C,0,,0.21689100563526154,0.9990000128746033,0.36070001125335693
YKL218C,YNL088W,0,,0.21684393286705017,0.9990000128746033,0.36079999804496765
YPL196W,YOR255W,0,,0.216796875,0.9990000128746033,0.36090001463890076
YDR531W,YPL106C,0,,0.21674983203411102,0.9990000128746033,0.3610000014305115
YIL076W,YJR083C,0,,0.21670281887054443,0.9990000128746033,0.3610999882221222
YOL080C,YAL043C,0,,0.21665582060813904,0.9990000128746033,0.3612000048160553
YGL211W,YPL123C,0,,0.21660885214805603,0.9990000128746033,0.361299991607666
YKL222C,YNR067C,0,,0.21656188368797302,0.9990000128746033,0.3614000082015991
YDR071C,YJL189W,0,,0.2165149599313736,0.9990000128746033,0.36149999499320984
YKL109W,YBR075W,0,,0.21646803617477417,0.9990000128746033,0.36160001158714294
YDL115C,YEL042W,0,,0.21642114222049713,0.9990000128746033,0.36169999837875366
YNL160W,YHR036W,0,,0.2163742631673813,0.9990000128746033,0.3617999851703644
YDR261C-D,YGR286C,0,,0.21632741391658783,0.9990000128746033,0.3619000017642975
YKL167C,YCR098C,0,,0.21628057956695557,0.9990000128746033,0.3619999885559082
YFR008W,YBL022C,0,,0.2162337601184845,0.9990000128746033,0.3621000051498413
YKL218C,YDL030W,0,,0.21618697047233582,0.9990000128746033,0.362199991941452
YDR389W,YOR210W,0,,0.21614019572734833,0.9990000128746033,0.36230000853538513
YDL190C,YBL092W,0,,0.21609345078468323,0.9990000128746033,0.36239999532699585
YNL267W,YDR231C,0,,0.21604670584201813,0.9990000128746033,0.36250001192092896
YIL170W,YDR329C,0,,0.2160000056028366,0.9990000128746033,0.3625999987125397
YGL157W,YGR047C,0,,0.2159533053636551,0.9990000128746033,0.3626999855041504
YPL240C,YJR121W,0,,0.21590663492679596,0.9990000128746033,0.3628000020980835
YML060W,YJL214W,0,,0.21585997939109802,0.9990000128746033,0.3628999888896942
YNL207W,YER017C,0,,0.21581335365772247,0.9990000128746033,0.3630000054836273
YFL045C,YML131W,0,,0.21576674282550812,0.9990000128746033,0.36309999227523804
YHR135C,YJR029W,0,,0.21572014689445496,0.9990000128746033,0.36320000886917114
YGL257C,YOR100C,0,,0.21567358076572418,0.9990000128746033,0.36329999566078186
YLR286C,YIL132C,0,,0.2156270295381546,0.9990000128746033,0.36340001225471497
YGR169C,YLR176C,0,,0.21558049321174622,0.9990000128746033,0.3634999990463257
YDL080C,YJL115W,0,,0.21553398668766022,0.9990000128746033,0.3635999858379364
YCR011C,YOR327C,0,,0.2154874950647354,0.9990000128746033,0.3637000024318695
YBR066C,YER185W,0,,0.2154410183429718,0.9990000128746033,0.3637999892234802
YHR079C,YNL292W,0,,0.21539457142353058,0.9990000128746033,0.36390000581741333
YAL055W,YLR070C,0,,0.21534813940525055,0.9990000128746033,0.36399999260902405
YOR133W,YGR001C,0,,0.2153017222881317,0.9990000128746033,0.36410000920295715
YPL103C,YGL051W,0,,0.21525533497333527,0.9990000128746033,0.36419999599456787
YDR506C,YKL012W,0,,0.2152089625597,0.9990000128746033,0.364300012588501
YGR027W-B,YDL179W,0,,0.21516260504722595,0.9990000128746033,0.3643999993801117
YGR087C,YPL242C,0,,0.21511627733707428,0.9990000128746033,0.3644999861717224
YFL017W-A,YJL133W,0,,0.2150699645280838,0.9990000128746033,0.3646000027656555
YLR225C,YFL052W,0,,0.2150236815214157,0.9990000128746033,0.36469998955726624
YDR473C,YKL135C,0,,0.21497739851474762,0.9990000128746033,0.36480000615119934
YGL203C,YMR071C,0,,0.2149311602115631,0.9990000128746033,0.36489999294281006
YPR127W,YPL002C,0,,0.2148849219083786,0.9990000128746033,0.36500000953674316
YFR008W,YNL264C,0,,0.21483871340751648,0.9990000128746033,0.3650999963283539
YEL043W,YBL054W,0,,0.21479251980781555,0.9990000128746033,0.365200012922287
YNL069C,YBL041W,0,,0.21474634110927582,0.9990000128746033,0.3652999997138977
YML039W,YBL074C,0,,0.21470019221305847,0.9990000128746033,0.3653999865055084
YDR318W,YER120W,0,,0.21465405821800232,0.9990000128746033,0.36550000309944153
YGL137W,YBL076C,0,,0.21460795402526855,0.9990000128746033,0.36559998989105225
YCL026C-A,YLR312W-A,0,,0.2145618498325348,0.9990000128746033,0.36570000648498535
YOR180C,YFR036W,0,,0.2145157754421234,0.9990000128746033,0.36579999327659607
YOR255W,YDR262W,0,,0.21446973085403442,0.9990000128746033,0.3659000098705292
YHR010W,YKR092C,0,,0.21442370116710663,0.9990000128746033,0.3659999966621399
YIR021W,YMR172W,0,,0.21437768638134003,0.9990000128746033,0.366100013256073
YGL145W,YNR006W,0,,0.21433168649673462,0.9990000128746033,0.3662000000476837
YGL004C,YFL023W,0,,0.2142857164144516,0.9990000128746033,0.36629998683929443
YAL063C,YOR118W,0,,0.21423976123332977,0.9990000128746033,0.36640000343322754
YDL022W,YKR102W,0,,0.21419382095336914,0.9990000128746033,0.36649999022483826
YHR041C,YLR107W,0,,0.2141479104757309,0.9990000128746033,0.36660000681877136
YNL014W,YMR300C,0,,0.21410201489925385,0.9990000128746033,0.3666999936103821
YER017C,YBR251W,0,,0.214056134223938,0.9990000128746033,0.3668000102043152
YDL156W,YKR002W,0,,0.21401028335094452,0.9990000128746033,0.3668999969959259
YMR123W,YDL198C,0,,0.21396444737911224,0.9990000128746033,0.367000013589859
YBR187W,YOR244W,0,,0.21391862630844116,0.9990000128746033,0.3671000003814697
YDR265W,YKL103C,0,,0.21387283504009247,0.9990000128746033,0.36719998717308044
YGR225W,YCR023C,0,,0.21382705867290497,0.9990000128746033,0.36730000376701355
YNL097C,YIR028W,0,,0.21378129720687866,0.9990000128746033,0.36739999055862427
YBL027W,YPL012W,0,,0.21373556554317474,0.9990000128746033,0.3675000071525574
YHR121W,YBR042C,0,,0.21368983387947083,0.9990000128746033,0.3675999939441681
YHR123W,YOL071W,0,,0.2136441469192505,0.9990000128746033,0.3677000105381012
YML018C,YJL200C,0,,0.21359845995903015,0.9990000128746033,0.3677999973297119
YER106W,YAL054C,0,,0.2135528028011322,0.9990000128746033,0.367900013923645
YGL112C,YAL044C,0,,0.21350716054439545,0.9990000128746033,0.36800000071525574
YDR146C,YDL107W,0,,0.21346153318881989,0.9990000128746033,0.36809998750686646
YLR337W,YAL016W,0,,0.2134159356355667,0.9990000128746033,0.36820000410079956
YJL194W,YCR008W,0,,0.21337035298347473,0.9990000128746033,0.3682999908924103
YDR540C,YMR204C,0,,0.21332478523254395,0.9990000128746033,0.3684000074863434
YCR072C,YJR009C,0,,0.21327924728393555,0.9990000128746033,0.3684999942779541
YKR055W,YJR149W,0,,0.21323372423648834,0.9990000128746033,0.3686000108718872
YDR081C,YDR194C,0,,0.21318821609020233,0.9990000128746033,0.3686999976634979
YOL054W,YDL210W,0,,0.2131427377462387,0.9990000128746033,0.36880001425743103
YER019C-A,YMR199W,0,,0.21309727430343628,0.9990000128746033,0.36890000104904175
YGL004C,YOR240W,0,,0.21305182576179504,0.9990000128746033,0.36899998784065247
YGR179C,YNR023W,0,,0.213006392121315,0.9990000128746033,0.36910000443458557
YNL283C,YNL227C,0,,0.21296098828315735,0.9990000128746033,0.3691999912261963
YHR050W,YLR340W,0,,0.2129155993461609,0.9990000128746033,0.3693000078201294
YER018C,YHR184W,0,,0.21287022531032562,0.9990000128746033,0.3693999946117401
YNL236W,YDR364C,0,,0.21282488107681274,0.9990000128746033,0.3695000112056732
YLR450W,YBR031W,0,,0.21277955174446106,0.9990000128746033,0.36959999799728394
YML124C,YJR144W,0,,0.21273423731327057,0.9990000128746033,0.36970001459121704
YDR499W,YPL066W,0,,0.21268895268440247,0.9990000128746033,0.36980000138282776
YNL067W,YBR161W,0,,0.21264368295669556,0.9990000128746033,0.3698999881744385
YLR172C,YPR060C,0,,0.21259842813014984,0.9990000128746033,0.3700000047683716
YJL044C,YDR081C,0,,0.21255318820476532,0.9990000128746033,0.3700999915599823
YBL085W,YER042W,0,,0.21250797808170319,0.9990000128746033,0.3702000081539154
YMR089C,YOR085W,0,,0.21246278285980225,0.9990000128746033,0.3702999949455261
YNL275W,YMR065W,0,,0.2124176025390625,0.9990000128746033,0.37040001153945923
YDL058W,YPR103W,0,,0.21237245202064514,0.9990000128746033,0.37049999833106995
YLR423C,YER087C-B,0,,0.21232731640338898,0.9990000128746033,0.37059998512268066
YLR183C,YPL232W,0,,0.212282195687294,0.9990000128746033,0.37070000171661377
YLR216C,YPR108W,0,,0.21223708987236023,0.9990000128746033,0.3707999885082245
YPR066W,YNR070W,0,,0.21219201385974884,0.9990000128746033,0.3709000051021576
YJL121C,YAR070W-A,0,,0.21214695274829865,0.9990000128746033,0.3709999918937683
YPL204W,YOL016C,0,,0.21210190653800964,0.9990000128746033,0.3711000084877014
YGR157W,YBR290W,0,,0.21205689013004303,0.9990000128746033,0.37119999527931213
YOR329C,YLR222C,0,,0.2120118886232376,0.9990000128746033,0.37130001187324524
YPR145W,YDL121C,0,,0.21196690201759338,0.9990000128746033,0.37139999866485596
YFR005C,YFL034C-B,0,,0.21192193031311035,0.9990000128746033,0.3714999854564667
YGL099W,YLR256W-A,0,,0.2118769884109497,0.9990000128746033,0.3716000020503998
YKR006C,YDR155C,0,,0.21183206140995026,0.9990000128746033,0.3716999888420105
YDR508C,YER118C,0,,0.211787149310112,0.9990000128746033,0.3718000054359436
YMR228W,YKL094W,0,,0.21174226701259613,0.9990000128746033,0.3718999922275543
YER169W,YCR069W,0,,0.21169739961624146,0.9990000128746033,0.3720000088214874
YGR026W,YNL273W,0,,0.21165254712104797,0.9990000128746033,0.37209999561309814
YKL164C,YNR063W,0,,0.21160770952701569,0.9990000128746033,0.37220001220703125
YCR020C,YKL212W,0,,0.2115629017353058,0.9990000128746033,0.37229999899864197
YFR006W,YLR014C,0,,0.21151810884475708,0.9990000128746033,0.3723999857902527
YCL020W,YGR002C,0,,0.21147333085536957,0.9990000128746033,0.3725000023841858
YER052C,YLR332W,0,,0.21142856776714325,0.9990000128746033,0.3725999891757965
YML054C,YOL027C,0,,0.21138383448123932,0.9990000128746033,0.3727000057697296
YDL056W,YMR208W,0,,0.21133911609649658,0.9990000128746033,0.37279999256134033
YPL112C,YHL024W,0,,0.21129441261291504,0.9990000128746033,0.37290000915527344
YOL038W,YJL036W,0,,0.21124973893165588,0.9990000128746033,0.37299999594688416
YHR135C,YBL090W,0,,0.21120508015155792,0.9990000128746033,0.37310001254081726
YBR066C,YCL003W,0,,0.21116043627262115,0.9990000128746033,0.373199999332428
YKL190W,YDL051W,0,,0.21111580729484558,0.9990000128746033,0.3732999861240387
YLR297W,YLR025W,0,,0.2110712081193924,0.9990000128746033,0.3734000027179718
YMR143W,YPL194W,0,,0.2110266089439392,0.9990000128746033,0.3734999895095825
YOL105C,YER029C,0,,0.2109820544719696,0.9990000128746033,0.3736000061035156
YPL088W,YDR379W,0,,0.2109375,0.9990000128746033,0.37369999289512634
YKL096W,YHR062C,0,,0.21089297533035278,0.9990000128746033,0.37380000948905945
YIL108W,YNR008W,0,,0.21084846556186676,0.9990000128746033,0.37389999628067017
YDR322W,YHR021C,0,,0.21080397069454193,0.9990000128746033,0.37400001287460327
YDR281C,YNR012W,0,,0.2107594907283783,0.9990000128746033,0.374099999666214
YAL040C,YLL005C,0,,0.21071504056453705,0.9990000128746033,0.3741999864578247
YGR012W,YHR067W,0,,0.210670605301857,0.9990000128746033,0.3743000030517578
YGR284C,YLL029W,0,,0.21062618494033813,0.9990000128746033,0.37439998984336853
YGR161W-B,YIL134W,0,,0.21058179438114166,0.9990000128746033,0.37450000643730164
YKL109W,YJL204C,0,,0.2105374038219452,0.9990000128746033,0.37459999322891235
YGR163W,YER104W,0,,0.2104930430650711,0.9990000128746033,0.37470000982284546
YKL179C,YMR088C,0,,0.21044869720935822,0.9990000128746033,0.3747999966144562
YBR008C,YMR106C,0,,0.2104043811559677,0.9990000128746033,0.3749000132083893
YHR056C,YKL205W,0,,0.2103600800037384,0.9990000128746033,0.375
YDR506C,YDR014W,0,,0.2103157937526703,0.9990000128746033,0.3750999867916107
YLR028C,YBR231C,0,,0.21027152240276337,0.9990000128746033,0.3752000033855438
YJR025C,YDL028C,0,,0.21022726595401764,0.9990000128746033,0.37529999017715454
YLR141W,YIL103W,0,,0.2101830393075943,0.9990000128746033,0.37540000677108765
YPL074W,YMR296C,0,,0.21013882756233215,0.9990000128746033,0.37549999356269836
YER048W-A,YBR161W,0,,0.2100946307182312,0.9990000128746033,0.37560001015663147
YNL257C,YOL137W,0,,0.21005046367645264,0.9990000128746033,0.3756999969482422
YDR465C,YPL098C,0,,0.21000631153583527,0.9990000128746033,0.3758000135421753
YMR043W,YFR018C,0,,0.2099621742963791,0.9990000128746033,0.375900000333786
YGR037C,YMR208W,0,,0.2099180519580841,0.9990000128746033,0.37599998712539673
YFR005C,YOR231W,0,,0.20987394452095032,0.9990000128746033,0.37610000371932983
YNL258C,YGL160W,0,,0.20982986688613892,0.9990000128746033,0.37619999051094055
YBL027W,YDR492W,0,,0.2097858041524887,0.9990000128746033,0.37630000710487366
YDL017W,YOL062C,0,,0.2097417563199997,0.9990000128746033,0.3763999938964844
YML008C,YOR299W,0,,0.20969773828983307,0.9990000128746033,0.3765000104904175
YDL195W,YMR029C,0,,0.20965372025966644,0.9990000128746033,0.3765999972820282
YMR038C,YGR041W,0,,0.2096097320318222,0.9990000128746033,0.3767000138759613
YOR073W,YDR423C,0,,0.20956575870513916,0.9990000128746033,0.376800000667572
YGL227W,YML045W-A,0,,0.2095218151807785,0.9990000128746033,0.37689998745918274
YDR454C,YKL127W,0,,0.20947787165641785,0.9990000128746033,0.37700000405311584
YGL008C,YPR065W,0,,0.20943395793437958,0.9990000128746033,0.37709999084472656
YHL002W,YIL113W,0,,0.2093900591135025,0.9990000128746033,0.37720000743865967
YHR128W,YDR198C,0,,0.20934619009494781,0.9990000128746033,0.3772999942302704
YML109W,YER174C,0,,0.20930232107639313,0.9990000128746033,0.3774000108242035
YIR011C,YMR216C,0,,0.20925848186016083,0.9990000128746033,0.3774999976158142
YPL059W,YPR198W,0,,0.20921465754508972,0.9990000128746033,0.3776000142097473
YGR076C,YPL016W,0,,0.2091708481311798,0.9990000128746033,0.37770000100135803
YLR304C,YNR073C,0,,0.20912706851959229,0.9990000128746033,0.37779998779296875
YJL030W,YDR462W,0,,0.20908330380916595,0.9990000128746033,0.37790000438690186
YNL242W,YFR033C,0,,0.20903955399990082,0.9990000128746033,0.3779999911785126
YKL218C,YGR112W,0,,0.20899581909179688,0.9990000128746033,0.3781000077724457
YEL069C,YNL148C,0,,0.20895209908485413,0.9990000128746033,0.3781999945640564
YDL082W,YLR320W,0,,0.20890840888023376,0.9990000128746033,0.3783000111579895
YPR162C,YLL033W,0,,0.2088647335767746,0.9990000128746033,0.3783999979496002
YKL017C,YLR348C,0,,0.20882107317447662,0.9990000128746033,0.3785000145435333
YML058W-A,YHL012W,0,,0.20877742767333984,0.9990000128746033,0.37860000133514404
YPL187W,YNL006W,0,,0.20873381197452545,0.9990000128746033,0.37869998812675476
YEL058W,YHR140W,0,,0.20869019627571106,0.9990000128746033,0.37880000472068787
YPL019C,YBL069W,0,,0.20864661037921906,0.9990000128746033,0.3788999915122986
YJR068W,YER075C,0,,0.20860305428504944,0.9990000128746033,0.3790000081062317
YNL256W,YHR057C,0,,0.20855949819087982,0.9990000128746033,0.3790999948978424
YBR020W,YLR107W,0,,0.2085159718990326,0.9990000128746033,0.3792000114917755
YCR097W,YDL108W,0,,0.20847246050834656,0.9990000128746033,0.37929999828338623
YMR092C,YPL022W,0,,0.20842896401882172,0.9990000128746033,0.37940001487731934
YPR058W,YMR164C,0,,0.20838548243045807,0.9990000128746033,0.37950000166893005
YJR098C,YBR145W,0,,0.20834201574325562,0.9990000128746033,0.37959998846054077
YOR010C,YGL207W,0,,0.20829857885837555,0.9990000128746033,0.3797000050544739
YLR395C,YPR190C,0,,0.20825515687465668,0.9990000128746033,0.3797999918460846
YML116W,YNR060W,0,,0.208211749792099,0.9990000128746033,0.3799000084400177
YOR217W,YLR291C,0,,0.2081683725118637,0.9990000128746033,0.3799999952316284
YJL030W,YGR157W,0,,0.20812499523162842,0.9990000128746033,0.3801000118255615
YGL220W,YCR067C,0,,0.20808164775371552,0.9990000128746033,0.38019999861717224
YOR313C,YDL029W,0,,0.2080383151769638,0.9990000128746033,0.38029998540878296
YDL208W,YPL129W,0,,0.2079949975013733,0.9990000128746033,0.38040000200271606
YCL061C,YLR210W,0,,0.20795170962810516,0.9990000128746033,0.3804999887943268
YGL141W,YCL043C,0,,0.20790842175483704,0.9990000128746033,0.3806000053882599
YJL060W,YBR139W,0,,0.2078651636838913,0.9990000128746033,0.3806999921798706
YGL130W,YNL189W,0,,0.20782192051410675,0.9990000128746033,0.3808000087738037
YBR296C,YOR371C,0,,0.2077787071466446,0.9990000128746033,0.38089999556541443
YGR091W,YPL283C,0,,0.20773549377918243,0.9990000128746033,0.38100001215934753
YJL101C,YOR369C,0,,0.20769231021404266,0.9990000128746033,0.38109999895095825
YMR089C,YDL084W,0,,0.2076491415500641,0.9990000128746033,0.38119998574256897
YLR342W,YBR055C,0,,0.2076059877872467,0.9990000128746033,0.3813000023365021
YPL155C,YMR150C,0,,0.20756284892559052,0.9990000128746033,0.3813999891281128
YGR037C,YJL144W,0,,0.2075197398662567,0.9990000128746033,0.3815000057220459
YCR069W,YDL206W,0,,0.2074766308069229,0.9990000128746033,0.3815999925136566
YDR495C,YJL210W,0,,0.2074335515499115,0.9990000128746033,0.3817000091075897
YGR278W,YKL195W,0,,0.20739048719406128,0.9990000128746033,0.38179999589920044
YAR003W,YIL128W,0,,0.20734745264053345,0.9990000128746033,0.38190001249313354
YPL060W,YGR255C,0,,0.20730441808700562,0.9990000128746033,0.38199999928474426
YGR059W,YOR064C,0,,0.20726141333580017,0.9990000128746033,0.382099986076355
YER004W,YLR005W,0,,0.20721842348575592,0.9990000128746033,0.3822000026702881
YOR338W,YDL049C,0,,0.20717544853687286,0.9990000128746033,0.3822999894618988
YCL057W,YBR050C,0,,0.207132488489151,0.9990000128746033,0.3824000060558319
YLR014C,YGR186W,0,,0.20708955824375153,0.9990000128746033,0.3824999928474426
YBR298C,YBR261C,0,,0.20704662799835205,0.9990000128746033,0.38260000944137573
YLR325C,YHL019C,0,,0.20700372755527496,0.9990000128746033,0.38269999623298645
YOL054W,YDR315C,0,,0.20696084201335907,0.9990000128746033,0.38280001282691956
YDR219C,YLR431C,0,,0.20691797137260437,0.9990000128746033,0.3828999996185303
YBR179C,YJL060W,0,,0.20687513053417206,0.9990000128746033,0.382999986410141
YAL031C,YPL069C,0,,0.20683230459690094,0.9990000128746033,0.3831000030040741
YKL195W,YLR170C,0,,0.20678947865962982,0.9990000128746033,0.3831999897956848
YNL115C,YLR396C,0,,0.2067466825246811,0.9990000128746033,0.3833000063896179
YDR265W,YOL041C,0,,0.20670391619205475,0.9990000128746033,0.38339999318122864
YLR097C,YDR311W,0,,0.2066611498594284,0.9990000128746033,0.38350000977516174
YDR306C,YBR302C,0,,0.20661841332912445,0.9990000128746033,0.38359999656677246
YPL101W,YBR253W,0,,0.2065756767988205,0.9990000128746033,0.38370001316070557
YLR078C,YGL233W,0,,0.20653297007083893,0.9990000128746033,0.3837999999523163
YJL151C,YDL194W,0,,0.20649027824401855,0.9990000128746033,0.383899986743927
YMR277W,YJR143C,0,,0.20644761621952057,0.9990000128746033,0.3840000033378601
YMR227C,YEL061C,0,,0.20640495419502258,0.9990000128746033,0.3840999901294708
YNL135C,YIL105C,0,,0.20636232197284698,0.9990000128746033,0.38420000672340393
YGL046W,YBR055C,0,,0.20631970465183258,0.9990000128746033,0.38429999351501465
YLR414C,YKL216W,0,,0.20627710223197937,0.9990000128746033,0.38440001010894775
YPL017C,YDR194C,0,,0.20623451471328735,0.9990000128746033,0.38449999690055847
YMR223W,YLR440C,0,,0.20619195699691772,0.9990000128746033,0.3846000134944916
YDR322W,YML056C,0,,0.2061493992805481,0.9990000128746033,0.3847000002861023
YDL222C,YMR208W,0,,0.20610687136650085,0.9990000128746033,0.384799987077713
YJR009C,YDL028C,0,,0.2060643583536148,0.9990000128746033,0.3849000036716461
YBL046W,YGR251W,0,,0.20602186024188995,0.9990000128746033,0.38499999046325684
YKL096W,YBR095C,0,,0.2059793770313263,0.9990000128746033,0.38510000705718994
YGL022W,YNL050C,0,,0.20593692362308502,0.9990000128746033,0.38519999384880066
YBR014C,YHR028C,0,,0.20589447021484375,0.9990000128746033,0.38530001044273376
YOR075W,YPL057C,0,,0.20585204660892487,0.9990000128746033,0.3853999972343445
YER151C,YLR381W,0,,0.20580963790416718,0.9990000128746033,0.3855000138282776
YJR010C-A,YDR472W,0,,0.20576724410057068,0.9990000128746033,0.3856000006198883
YAL060W,YKL190W,0,,0.20572488009929657,0.9990000128746033,0.385699987411499
YMR145C,YAL055W,0,,0.20568251609802246,0.9990000128746033,0.38580000400543213
YGR215W,YAR035W,0,,0.20564018189907074,0.9990000128746033,0.38589999079704285
YER153C,YBR097W,0,,0.2055978626012802,0.9990000128746033,0.38600000739097595
YMR099C,YHR079C-A,0,,0.20555555820465088,0.9990000128746033,0.38609999418258667
YGR036C,YLR098C,0,,0.20551326870918274,0.9990000128746033,0.3862000107765198
YNR041C,YNR018W,0,,0.2054709941148758,0.9990000128746033,0.3862999975681305
YLR151C,YDR411C,0,,0.20542874932289124,0.9990000128746033,0.3864000141620636
YOL058W,YNR035C,0,,0.20538651943206787,0.9990000128746033,0.3865000009536743
YNR017W,YDR531W,0,,0.2053442895412445,0.9990000128746033,0.38659998774528503
YBR201W,YOL146W,0,,0.20530208945274353,0.9990000128746033,0.38670000433921814
YKR039W,YIL080W,0,,0.20525991916656494,0.9990000128746033,0.38679999113082886
YGR295C,YER025W,0,,0.20521774888038635,0.9990000128746033,0.38690000772476196
YLR014C,YOL033W,0,,0.20517559349536896,0.9990000128746033,0.3869999945163727
YOR175C,YHL032C,0,,0.20513346791267395,0.9990000128746033,0.3871000111103058
YLR307W,YEL031W,0,,0.20509135723114014,0.9990000128746033,0.3871999979019165
YPR204W,YDR170C,0,,0.20504926145076752,0.9990000128746033,0.3873000144958496
YDR381C-A,YDR034C-C,0,,0.2050071805715561,0.9990000128746033,0.3874000012874603
YMR227C,YER074W,0,,0.20496511459350586,0.9990000128746033,0.38749998807907104
YCR067C,YMR088C,0,,0.20492307841777802,0.9990000128746033,0.38760000467300415
YNR050C,YHR183W,0,,0.20488105714321136,0.9990000128746033,0.38769999146461487
YML058W-A,YDL210W,0,,0.20483903586864471,0.9990000128746033,0.387800008058548
YNL339C,YMR278W,0,,0.20479704439640045,0.9990000128746033,0.3878999948501587
YIL072W,YIR032C,0,,0.20475506782531738,0.9990000128746033,0.3880000114440918
YNL335W,YKL084W,0,,0.2047131210565567,0.9990000128746033,0.3880999982357025
YHR134W,YOR221C,0,,0.20467117428779602,0.9990000128746033,0.3882000148296356
YOR088W,YGR056W,0,,0.20462925732135773,0.9990000128746033,0.38830000162124634
YGL145W,YCL018W,0,,0.20458734035491943,0.9990000128746033,0.38839998841285706
YIL139C,YJR137C,0,,0.20454545319080353,0.9990000128746033,0.38850000500679016
YGL234W,YEL070W,0,,0.20450358092784882,0.9990000128746033,0.3885999917984009
YBR247C,YDL128W,0,,0.2044617235660553,0.9990000128746033,0.388700008392334
YKL210W,YJL192C,0,,0.20441989600658417,0.9990000128746033,0.3887999951839447
YLR095C,YMR292W,0,,0.20437806844711304,0.9990000128746033,0.3889000117778778
YDR142C,YDL107W,0,,0.2043362706899643,0.9990000128746033,0.3889999985694885
YOR182C,YLL017W,0,,0.20429447293281555,0.9990000128746033,0.38909998536109924
YDR171W,YPR163C,0,,0.2042527049779892,0.9990000128746033,0.38920000195503235
YOR343C-B,YOR285W,0,,0.20421095192432404,0.9990000128746033,0.38929998874664307
YPR080W,YER183C,0,,0.20416922867298126,0.9990000128746033,0.38940000534057617
YPR066W,YAR050W,0,,0.2041275054216385,0.9990000128746033,0.3894999921321869
YHR117W,YEL030W,0,,0.2040857970714569,0.9990000128746033,0.38960000872612
YPL108W,YPR112C,0,,0.20404411852359772,0.9990000128746033,0.3896999955177307
YJR130C,YNL222W,0,,0.20400245487689972,0.9990000128746033,0.3898000121116638
YKR003W,YEL029C,0,,0.20396080613136292,0.9990000128746033,0.38989999890327454
YPL180W,YCL004W,0,,0.2039191722869873,0.9990000128746033,0.38999998569488525
YPL153C,YKR098C,0,,0.2038775533437729,0.9990000128746033,0.39010000228881836
YDR332W,YHR172W,0,,0.20383594930171967,0.9990000128746033,0.3901999890804291
YML077W,YLR050C,0,,0.20379437506198883,0.9990000128746033,0.3903000056743622
YHR076W,YDL070W,0,,0.203752800822258,0.9990000128746033,0.3903999924659729
YJL034W,YAL047C,0,,0.20371125638484955,0.9990000128746033,0.390500009059906
YKR022C,YNL160W,0,,0.2036697268486023,0.9990000128746033,0.3905999958515167
YGR209C,YDL198C,0,,0.20362821221351624,0.9990000128746033,0.39070001244544983
YPL059W,YER096W,0,,0.20358671247959137,0.9990000128746033,0.39079999923706055
YNL166C,YLR226W,0,,0.2035452276468277,0.9990000128746033,0.39089998602867126
YLR325C,YGR026W,0,,0.2035037726163864,0.9990000128746033,0.39100000262260437
YOR214C,YOL082W,0,,0.20346231758594513,0.9990000128746033,0.3910999894142151
YAL023C,YNL146W,0,,0.20342089235782623,0.9990000128746033,0.3912000060081482
YJR134C,YJL011C,0,,0.20337948203086853,0.9990000128746033,0.3912999927997589
YDR304C,YLR391W-A,0,,0.20333808660507202,0.9990000128746033,0.391400009393692
YNL139C,YPL121C,0,,0.2032967060804367,0.9990000128746033,0.39149999618530273
YKL148C,YNL262W,0,,0.20325534045696259,0.9990000128746033,0.39160001277923584
YDL045C,YJR107W,0,,0.20321398973464966,0.9990000128746033,0.39169999957084656
YER006W,YBR273C,0,,0.20317266881465912,0.9990000128746033,0.3917999863624573
YMR216C,YDR261W-B,0,,0.20313134789466858,0.9990000128746033,0.3919000029563904
YGR104C,YLR172C,0,,0.20309005677700043,0.9990000128746033,0.3919999897480011
YER114C,YMR264W,0,,0.20304878056049347,0.9990000128746033,0.3921000063419342
YDR353W,YDR316W-A,0,,0.2030075192451477,0.9990000128746033,0.3921999931335449
YMR267W,YBR111W-A,0,,0.20296627283096313,0.9990000128746033,0.392300009727478
YOL117W,YCR033W,0,,0.20292504131793976,0.9990000128746033,0.39239999651908875
YOR360C,YOR382W,0,,0.20288383960723877,0.9990000128746033,0.39250001311302185
YDR210W,YNL227C,0,,0.20284263789653778,0.9990000128746033,0.39259999990463257
YBL011W,YPL053C,0,,0.20280146598815918,0.9990000128746033,0.3926999866962433
YNL126W,YIL002C,0,,0.20276029407978058,0.9990000128746033,0.3928000032901764
YPL094C,YJL141C,0,,0.20271915197372437,0.9990000128746033,0.3928999900817871
YOR039W,YEL020C,0,,0.20267802476882935,0.9990000128746033,0.3930000066757202
YHL036W,YHR005C-A,0,,0.20263691246509552,0.9990000128746033,0.39309999346733093
YOR125C,YIL020C,0,,0.2025958150625229,0.9990000128746033,0.39320001006126404
YKL027W,YAL044C,0,,0.20255474746227264,0.9990000128746033,0.39329999685287476
YIL103W,YOR061W,0,,0.2025136798620224,0.9990000128746033,0.39340001344680786
YLR369W,YLR154W-A,0,,0.20247264206409454,0.9990000128746033,0.3935000002384186
YJR057W,YJL136C,0,,0.2024316042661667,0.9990000128746033,0.3935999870300293
YCR010C,YKL064W,0,,0.20239059627056122,0.9990000128746033,0.3937000036239624
YIR013C,YDL197C,0,,0.20234960317611694,0.9990000128746033,0.3937999904155731
YBL103C,YLR410W-B,0,,0.20230862498283386,0.9990000128746033,0.3939000070095062
YOR256C,YFL034C-A,0,,0.20226766169071198,0.9990000128746033,0.39399999380111694
YFL004W,YNL331C,0,,0.20222671329975128,0.9990000128746033,0.39410001039505005
YFR037C,YNL098C,0,,0.20218579471111298,0.9990000128746033,0.39419999718666077
YOR144C,YER111C,0,,0.20214487612247467,0.9990000128746033,0.39430001378059387
YOL120C,YER125W,0,,0.20210398733615875,0.9990000128746033,0.3944000005722046
YOR162C,YOR242C,0,,0.20206311345100403,0.9990000128746033,0.3944999873638153
YIL051C,YDR258C,0,,0.2020222395658493,0.9990000128746033,0.3946000039577484
YAL022C,YGR013W,0,,0.20198139548301697,0.9990000128746033,0.39469999074935913
YOR313C,YCR011C,0,,0.20194056630134583,0.9990000128746033,0.39480000734329224
YOR069W,YGR029W,0,,0.20189975202083588,0.9990000128746033,0.39489999413490295
YCL025C,YIL076W,0,,0.20185896754264832,0.9990000128746033,0.39500001072883606
YGR109W-B,YPL159C,0,,0.20181818306446075,0.9990000128746033,0.3950999975204468
YDR253C,YNL044W,0,,0.2017774134874344,0.9990000128746033,0.3952000141143799
YJR147W,YGL174W,0,,0.2017366737127304,0.9990000128746033,0.3953000009059906
YDR416W,YKL209C,0,,0.20169594883918762,0.9990000128746033,0.3953999876976013
YLR406C,YGL125W,0,,0.20165522396564484,0.9990000128746033,0.3955000042915344
YML088W,YGL210W,0,,0.20161452889442444,0.9990000128746033,0.39559999108314514
YGL157W,YBR164C,0,,0.20157384872436523,0.9990000128746033,0.39570000767707825
YNL097C,YAL020C,0,,0.20153318345546722,0.9990000128746033,0.39579999446868896
YHR109W,YIL002C,0,,0.2014925330877304,0.9990000128746033,0.39590001106262207
YJL053W,YNR015W,0,,0.20145191252231598,0.9990000128746033,0.3959999978542328
YPL134C,YJL207C,0,,0.20141129195690155,0.9990000128746033,0.3961000144481659
YDR425W,YER022W,0,,0.20137068629264832,0.9990000128746033,0.3962000012397766
YHR070W,YDR520C,0,,0.20133011043071747,0.9990000128746033,0.39629998803138733
YJL030W,YML032C,0,,0.20128954946994781,0.9990000128746033,0.39640000462532043
YDR388W,YGR144W,0,,0.20124898850917816,0.9990000128746033,0.39649999141693115
YHR050W,YMR240C,0,,0.2012084573507309,0.9990000128746033,0.39660000801086426
YGR087C,YBL064C,0,,0.20116794109344482,0.9990000128746033,0.396699994802475
YBL101W-A,YIL122W,0,,0.20112743973731995,0.9990000128746033,0.3968000113964081
YOR377W,YBR202W,0,,0.20108695328235626,0.9990000128746033,0.3968999981880188
YMR016C,YKR042W,0,,0.20104648172855377,0.9990000128746033,0.3970000147819519
YER045C,YDR137W,0,,0.20100603997707367,0.9990000128746033,0.3971000015735626
YNL284C-A,YOR351C,0,,0.20096559822559357,0.9990000128746033,0.39719998836517334
YOL068C,YLR378C,0,,0.20092518627643585,0.9990000128746033,0.39730000495910645
YNL061W,YIL085C,0,,0.20088477432727814,0.9990000128746033,0.39739999175071716
YDR258C,YNR003C,0,,0.2008443921804428,0.9990000128746033,0.39750000834465027
YML077W,YDR140W,0,,0.20080402493476868,0.9990000128746033,0.397599995136261
YLR160C,YOR070C,0,,0.20076367259025574,0.9990000128746033,0.3977000117301941
YLR395C,YBL064C,0,,0.2007233202457428,0.9990000128746033,0.3977999985218048
YFR006W,YGR008C,0,,0.20068301260471344,0.9990000128746033,0.3978999853134155
YLL029W,YER058W,0,,0.20064270496368408,0.9990000128746033,0.39800000190734863
YFR032C-A,YER078C,0,,0.20060241222381592,0.9990000128746033,0.39809998869895935
YMR071C,YDR316W-A,0,,0.20056213438510895,0.9990000128746033,0.39820000529289246
YBL079W,YLR329W,0,,0.20052187144756317,0.9990000128746033,0.3982999920845032
YKL011C,YIL095W,0,,0.20048163831233978,0.9990000128746033,0.3984000086784363
YJR125C,YDR446W,0,,0.2004414051771164,0.9990000128746033,0.398499995470047
YDR418W,YDL014W,0,,0.2004012018442154,0.9990000128746033,0.3986000120639801
YOR098C,YER120W,0,,0.20036101341247559,0.9990000128746033,0.3986999988555908
YDR109C,YOR190W,0,,0.20032083988189697,0.9990000128746033,0.39879998564720154
YKR048C,YDR146C,0,,0.20028066635131836,0.9990000128746033,0.39890000224113464
YLR276C,YGR231C,0,,0.20024052262306213,0.9990000128746033,0.39899998903274536
YGR287C,YOR367W,0,,0.2002003937959671,0.9990000128746033,0.39910000562667847
YOL058W,YPL079W,0,,0.20016029477119446,0.9990000128746033,0.3991999924182892
YLR214W,YLR038C,0,,0.20012019574642181,0.9990000128746033,0.3993000090122223
YMR208W,YDL213C,0,,0.20008011162281036,0.9990000128746033,0.399399995803833
YGR175C,YGR075C,0,,0.2000400424003601,0.9990000128746033,0.3995000123977661
YGL145W,YJL155C,0,,0.20000000298023224,0.9990000128746033,0.39959999918937683
YHR188C,YDL049C,0,,0.19995996356010437,0.9990000128746033,0.39969998598098755
YNR004W,YGR085C,0,,0.1999199539422989,0.9990000128746033,0.39980000257492065
YER153C,YJL133W,0,,0.1998799592256546,0.9990000128746033,0.39989998936653137
YKL206C,YGR013W,0,,0.19983996450901031,0.9990000128746033,0.4000000059604645
YJR065C,YGL229C,0,,0.19979999959468842,0.9990000128746033,0.4000999927520752
YNR015W,YMR152W,0,,0.1997600495815277,0.9990000128746033,0.4002000093460083
YNL284C-A,YGL181W,0,,0.1997201144695282,0.9990000128746033,0.400299996137619
YKR026C,YML056C,0,,0.19968019425868988,0.9990000128746033,0.4004000127315521
YJR066W,YHR214C-B,0,,0.19964028894901276,0.9990000128746033,0.40049999952316284
YGL200C,YLR212C,0,,0.19960039854049683,0.9990000128746033,0.40059998631477356
YMR042W,YGL010W,0,,0.1995605230331421,0.9990000128746033,0.40070000290870667
YLL005C,YMR227C,0,,0.19952067732810974,0.9990000128746033,0.4007999897003174
YML109W,YBR150C,0,,0.1994808316230774,0.9990000128746033,0.4009000062942505
YOR326W,YMR044W,0,,0.19944100081920624,0.9990000128746033,0.4009999930858612
YHL009C,YCL011C,0,,0.19940119981765747,0.9990000128746033,0.4011000096797943
YNL049C,YOL101C,0,,0.1993613988161087,0.9990000128746033,0.40119999647140503
YNL085W,YNR072W,0,,0.19932162761688232,0.9990000128746033,0.40130001306533813
YKR001C,YKL096W,0,,0.19928187131881714,0.9990000128746033,0.40139999985694885
YBR018C,YDR032C,0,,0.19924211502075195,0.9990000128746033,0.40149998664855957
YLR147C,YPL065W,0,,0.19920238852500916,0.9990000128746033,0.4016000032424927
YBR073W,YGR010W,0,,0.19916267693042755,0.9990000128746033,0.4016999900341034
YNL284C-A,YDL025C,0,,0.19912298023700714,0.9990000128746033,0.4018000066280365
YGL031C,YNL107W,0,,0.19908329844474792,0.9990000128746033,0.4018999934196472
YBR288C,YGR268C,0,,0.1990436315536499,0.9990000128746033,0.4020000100135803
YCR057C,YLR009W,0,,0.19900397956371307,0.9990000128746033,0.40209999680519104
YMR104C,YMR319C,0,,0.19896434247493744,0.9990000128746033,0.40220001339912415
YDR030C,YHR116W,0,,0.1989247351884842,0.9990000128746033,0.40230000019073486
YML124C,YGR008C,0,,0.19888512790203094,0.9990000128746033,0.4023999869823456
YKR094C,YJR053W,0,,0.1988455355167389,0.9990000128746033,0.4025000035762787
YDL246C,YNL002C,0,,0.19880597293376923,0.9990000128746033,0.4025999903678894
YPR190C,YPL005W,0,,0.19876641035079956,0.9990000128746033,0.4027000069618225
YKR060W,YBR136W,0,,0.19872687757015228,0.9990000128746033,0.4027999937534332
YMR012W,YNL095C,0,,0.198687344789505,0.9990000128746033,0.40290001034736633
YJL177W,YIL080W,0,,0.19864784181118011,0.9990000128746033,0.40299999713897705
YLR134W,YKL140W,0,,0.19860835373401642,0.9990000128746033,0.40310001373291016
YDR214W,YGR012W,0,,0.19856886565685272,0.9990000128746033,0.4032000005245209
YLR221C,YNL053W,0,,0.1985294073820114,0.9990000128746033,0.4032999873161316
YLR404W,YKL056C,0,,0.1984899640083313,0.9990000128746033,0.4034000039100647
YMR216C,YJR135W-A,0,,0.19845053553581238,0.9990000128746033,0.4034999907016754
YIL111W,YGL123W,0,,0.19841112196445465,0.9990000128746033,0.4036000072956085
YAL060W,YFR009W,0,,0.19837172329425812,0.9990000128746033,0.40369999408721924
YLR316C,YDR085C,0,,0.19833233952522278,0.9990000128746033,0.40380001068115234
YPL059W,YBR092C,0,,0.19829297065734863,0.9990000128746033,0.40389999747276306
YLR158C,YBR278W,0,,0.19825361669063568,0.9990000128746033,0.40400001406669617
YBR008C,YBR294W,0,,0.19821429252624512,0.9990000128746033,0.4041000008583069
YLR394W,YPR052C,0,,0.19817496836185455,0.9990000128746033,0.4041999876499176
YDR457W,YIL020C,0,,0.19813565909862518,0.9990000128746033,0.4043000042438507
YPL079W,YGR172C,0,,0.198096364736557,0.9990000128746033,0.4043999910354614
YLR268W,YDR446W,0,,0.19805710017681122,0.9990000128746033,0.40450000762939453
YLR229C,YNR010W,0,,0.19801783561706543,0.9990000128746033,0.40459999442100525
YLR126C,YOR315W,0,,0.19797860085964203,0.9990000128746033,0.40470001101493835
YLR165C,YDL092W,0,,0.19793936610221863,0.9990000128746033,0.4047999978065491
YNR073C,YBR127C,0,,0.19790016114711761,0.9990000128746033,0.4049000144004822
YHR160C,YKL160W,0,,0.1978609561920166,0.9990000128746033,0.4050000011920929
YKR028W,YBL039C,0,,0.19782178103923798,0.9990000128746033,0.4050999879837036
YGL200C,YOR056C,0,,0.19778262078762054,0.9990000128746033,0.4052000045776367
YNL151C,YOR355W,0,,0.1977434605360031,0.9990000128746033,0.40529999136924744
YLR080W,YPL270W,0,,0.19770433008670807,0.9990000128746033,0.40540000796318054
YOR153W,YCL040W,0,,0.19766521453857422,0.9990000128746033,0.40549999475479126
YIL050W,YGL059W,0,,0.19762611389160156,0.9990000128746033,0.40560001134872437
YOR367W,YKR024C,0,,0.1975870281457901,0.9990000128746033,0.4056999981403351
YMR293C,YJL176C,0,,0.19754795730113983,0.9990000128746033,0.4058000147342682
YMR100W,YLR256W,0,,0.19750890135765076,0.9990000128746033,0.4059000015258789
YCR052W,YIL040W,0,,0.19746986031532288,0.9990000128746033,0.4059999883174896
YLR405W,YLR388W,0,,0.1974308341741562,0.9990000128746033,0.40610000491142273
YEL022W,YMR246W,0,,0.1973918229341507,0.9990000128746033,0.40619999170303345
YLR116W,YJL052W,0,,0.1973528265953064,0.9990000128746033,0.40630000829696655
YDR498C,YGL160W,0,,0.1973138451576233,0.9990000128746033,0.40639999508857727
YOR162C,YJL014W,0,,0.19727487862110138,0.9990000128746033,0.4065000116825104
YER153C,YGL241W,0,,0.19723592698574066,0.9990000128746033,0.4065999984741211
YER046W,YKL071W,0,,0.19719700515270233,0.9990000128746033,0.4066999852657318
YJR070C,YLR121C,0,,0.197158083319664,0.9990000128746033,0.4068000018596649
YLL028W,YOL151W,0,,0.19711917638778687,0.9990000128746033,0.40689998865127563
YPL186C,YAL001C,0,,0.19708029925823212,0.9990000128746033,0.40700000524520874
YPR162C,YDR202C,0,,0.19704142212867737,0.9990000128746033,0.40709999203681946
YAL061W,YML063W,0,,0.1970025599002838,0.9990000128746033,0.40720000863075256
YLR222C,YDR115W,0,,0.19696372747421265,0.9990000128746033,0.4072999954223633
YMR194W,YLR132C,0,,0.19692489504814148,0.9990000128746033,0.4074000120162964
YNL323W,YAR003W,0,,0.1968860924243927,0.9990000128746033,0.4074999988079071
YLL045C,YHL004W,0,,0.19684728980064392,0.9990000128746033,0.4075999855995178
YOR131C,YDR420W,0,,0.19680851697921753,0.9990000128746033,0.4077000021934509
YHR112C,YBR236C,0,,0.19676974415779114,0.9990000128746033,0.40779998898506165
YKL220C,YBR136W,0,,0.19673100113868713,0.9990000128746033,0.40790000557899475
YNL335W,YKL053C-A,0,,0.19669225811958313,0.9990000128746033,0.40799999237060547
YIR007W,YGL046W,0,,0.1966535449028015,0.9990000128746033,0.4081000089645386
YIL010W,YCR073C,0,,0.1966148465871811,0.9990000128746033,0.4081999957561493
YDL153C,YDL161W,0,,0.19657614827156067,0.9990000128746033,0.4083000123500824
YGL119W,YJR059W,0,,0.19653747975826263,0.9990000128746033,0.4083999991416931
YDR140W,YPL160W,0,,0.1964988261461258,0.9990000128746033,0.40849998593330383
YLR312W-A,YGL158W,0,,0.19646017253398895,0.9990000128746033,0.40860000252723694
YJR028W,YOR202W,0,,0.1964215487241745,0.9990000128746033,0.40869998931884766
YBL097W,YMR114C,0,,0.19638293981552124,0.9990000128746033,0.40880000591278076
YKL092C,YNL061W,0,,0.19634434580802917,0.9990000128746033,0.4088999927043915
YLR135W,YDR364C,0,,0.1963057518005371,0.9990000128746033,0.4090000092983246
YGL156W,YDR487C,0,,0.19626718759536743,0.9990000128746033,0.4090999960899353
YPL208W,YDR495C,0,,0.19622863829135895,0.9990000128746033,0.4092000126838684
YPL174C,YFL022C,0,,0.19619010388851166,0.9990000128746033,0.4092999994754791
YLL052C,YKR024C,0,,0.19615158438682556,0.9990000128746033,0.40939998626708984
YDR030C,YDR195W,0,,0.19611307978630066,0.9990000128746033,0.40950000286102295
YNL046W,YAL016W,0,,0.19607459008693695,0.9990000128746033,0.40959998965263367
YMR311C,YGR089W,0,,0.19603610038757324,0.9990000128746033,0.4097000062465668
YDL174C,YLR394W,0,,0.19599764049053192,0.9990000128746033,0.4097999930381775
YKL041W,YLR327C,0,,0.1959591954946518,0.9990000128746033,0.4099000096321106
YAR044W,YAL029C,0,,0.19592076539993286,0.9990000128746033,0.4099999964237213
YGL168W,YNL284C,0,,0.19588235020637512,0.9990000128746033,0.4101000130176544
YDL188C,YMR282C,0,,0.19584394991397858,0.9990000128746033,0.41019999980926514
YPR132W,YMR198W,0,,0.19580556452274323,0.9990000128746033,0.41029998660087585
YLR117C,YMR244C-A,0,,0.19576719403266907,0.9990000128746033,0.41040000319480896
YNL339C,YNL075W,0,,0.1957288384437561,0.9990000128746033,0.4104999899864197
YDL207W,YPL112C,0,,0.19569049775600433,0.9990000128746033,0.4106000065803528
YDL067C,YDL036C,0,,0.19565217196941376,0.9990000128746033,0.4106999933719635
YNL314W,YDR376W,0,,0.19561386108398438,0.9990000128746033,0.4108000099658966
YLR381W,YLR340W,0,,0.1955755650997162,0.9990000128746033,0.4108999967575073
YEL002C,YHR079C-A,0,,0.1955372840166092,0.9990000128746033,0.41100001335144043
YKR062W,YDR262W,0,,0.1954990178346634,0.9990000128746033,0.41110000014305115
YLL062C,YNL336W,0,,0.19546076655387878,0.9990000128746033,0.41119998693466187
YGL208W,YBL029C-A,0,,0.19542253017425537,0.9990000128746033,0.41130000352859497
YHR091C,YKR097W,0,,0.19538430869579315,0.9990000128746033,0.4113999903202057
YOL105C,YOL158C,0,,0.19534610211849213,0.9990000128746033,0.4115000069141388
YPL078C,YDL015C,0,,0.1953079104423523,0.9990000128746033,0.4115999937057495
YPR163C,YJR138W,0,,0.19526974856853485,0.9990000128746033,0.4117000102996826
YDR530C,YIR023W,0,,0.1952315866947174,0.9990000128746033,0.41179999709129333
YLL032C,YDR051C,0,,0.19519343972206116,0.9990000128746033,0.41190001368522644
YOR067C,YMR221C,0,,0.1951553076505661,0.9990000128746033,0.41200000047683716
YAL024C,YBL009W,0,,0.19511719048023224,0.9990000128746033,0.4120999872684479
YGL157W,YCR020W-B,0,,0.19507908821105957,0.9990000128746033,0.412200003862381
YJR129C,YJR068W,0,,0.1950410008430481,0.9990000128746033,0.4122999906539917
YOR064C,YOL053C-A,0,,0.19500292837619781,0.9990000128746033,0.4124000072479248
YNR046W,YKL164C,0,,0.19496487081050873,0.9990000128746033,0.4124999940395355
YMR047C,YOL082W,0,,0.19492682814598083,0.9990000128746033,0.41260001063346863
YDR531W,YOR242C,0,,0.19488880038261414,0.9990000128746033,0.41269999742507935
YER130C,YGR118W,0,,0.19485078752040863,0.9990000128746033,0.41280001401901245
YEL064C,YLR207W,0,,0.19481278955936432,0.9990000128746033,0.41290000081062317
YGR162W,YMR163C,0,,0.1947748064994812,0.9990000128746033,0.4129999876022339
YOR005C,YAR066W,0,,0.19473683834075928,0.9990000128746033,0.413100004196167
YER003C,YBL090W,0,,0.19469888508319855,0.9990000128746033,0.4131999909877777
YGL226C-A,YHR140W,0,,0.194660946726799,0.9990000128746033,0.4133000075817108
YHR153C,YOR181W,0,,0.19462302327156067,0.9990000128746033,0.41339999437332153
YDR141C,YDL210W,0,,0.19458511471748352,0.9990000128746033,0.41350001096725464
YLR214W,YGR041W,0,,0.19454722106456757,0.9990000128746033,0.41359999775886536
YMR139W,YDR142C,0,,0.1945093423128128,0.9990000128746033,0.41370001435279846
YCR046C,YML112W,0,,0.19447147846221924,0.9990000128746033,0.4138000011444092
YHR161C,YDL019C,0,,0.19443362951278687,0.9990000128746033,0.4138999879360199
YJL171C,YJL019W,0,,0.19439579546451569,0.9990000128746033,0.414000004529953
YML109W,YDR307W,0,,0.1943579763174057,0.9990000128746033,0.4140999913215637
YNL070W,YOL065C,0,,0.1943201720714569,0.9990000128746033,0.4142000079154968
YLR401C,YIL111W,0,,0.1942823827266693,0.9990000128746033,0.41429999470710754
YGR140W,YGL210W,0,,0.1942446082830429,0.9990000128746033,0.41440001130104065
YPR035W,YBL022C,0,,0.1942068487405777,0.9990000128746033,0.41449999809265137
YBR141C,YDR018C,0,,0.1941690891981125,0.9990000128746033,0.4146000146865845
YOR228C,YCR033W,0,,0.19413135945796967,0.9990000128746033,0.4147000014781952
YKL184W,YGR038W,0,,0.19409364461898804,0.9990000128746033,0.4147999882698059
YLR032W,YIL122W,0,,0.1940559446811676,0.9990000128746033,0.414900004863739
YPL123C,YDR069C,0,,0.19401825964450836,0.9990000128746033,0.41499999165534973
YCR081W,YIL026C,0,,0.19398058950901031,0.9990000128746033,0.41510000824928284
YJL046W,YML006C,0,,0.19394291937351227,0.9990000128746033,0.41519999504089355
YLR225C,YOL146W,0,,0.1939052790403366,0.9990000128746033,0.41530001163482666
YBL078C,YBL055C,0,,0.19386765360832214,0.9990000128746033,0.4153999984264374
YER150W,YJR098C,0,,0.19383002817630768,0.9990000128746033,0.4154999852180481
YMR090W,YNL175C,0,,0.1937924325466156,0.9990000128746033,0.4156000018119812
YDR014W-A,YER168C,0,,0.19375485181808472,0.9990000128746033,0.4156999886035919
YPR020W,YDR446W,0,,0.19371727108955383,0.9990000128746033,0.415800005197525
YNR018W,YGL254W,0,,0.19367972016334534,0.9990000128746033,0.41589999198913574
YBL024W,YOL065C,0,,0.19364218413829803,0.9990000128746033,0.41600000858306885
YOR116C,YJR010W,0,,0.19360464811325073,0.9990000128746033,0.41609999537467957
YLR229C,YPL228W,0,,0.19356714189052582,0.9990000128746033,0.41620001196861267
YHL032C,YOR356W,0,,0.1935296356678009,0.9990000128746033,0.4162999987602234
YGR206W,YLR350W,0,,0.19349215924739838,0.9990000128746033,0.4163999855518341
YOL010W,YGR276C,0,,0.19345468282699585,0.9990000128746033,0.4165000021457672
YDR233C,YML040W,0,,0.1934172362089157,0.9990000128746033,0.41659998893737793
YHL034C,YDR486C,0,,0.19337978959083557,0.9990000128746033,0.41670000553131104
YCR040W,YIR037W,0,,0.19334235787391663,0.9990000128746033,0.41679999232292175
YCL026C-A,YIL027C,0,,0.19330495595932007,0.9990000128746033,0.41690000891685486
YOL058W,YOR214C,0,,0.1932675540447235,0.9990000128746033,0.4169999957084656
YDL005C,YFR037C,0,,0.19323016703128815,0.9990000128746033,0.4171000123023987
YGR038C-A,YER069W,0,,0.19319280982017517,0.9990000128746033,0.4171999990940094
YCR073C,YPR061C,0,,0.1931554526090622,0.9990000128746033,0.4172999858856201
YNL310C,YDL205C,0,,0.1931181102991104,0.9990000128746033,0.4174000024795532
YJL065C,YPL057C,0,,0.19308078289031982,0.9990000128746033,0.41749998927116394
YMR038C,YOR196C,0,,0.19304348528385162,0.9990000128746033,0.41760000586509705
YLR268W,YHR184W,0,,0.19300618767738342,0.9990000128746033,0.41769999265670776
YGR207C,YNR022C,0,,0.19296890497207642,0.9990000128746033,0.41780000925064087
YBR273C,YOR061W,0,,0.1929316371679306,0.9990000128746033,0.4178999960422516
YML007W,YLR419W,0,,0.19289438426494598,0.9990000128746033,0.4180000126361847
YHR008C,YFR003C,0,,0.19285714626312256,0.9990000128746033,0.4180999994277954
YMR194W,YOL156W,0,,0.19281992316246033,0.9990000128746033,0.41819998621940613
YPR135W,YLR265C,0,,0.1927827149629593,0.9990000128746033,0.41830000281333923
YER141W,YDR448W,0,,0.19274550676345825,0.9990000128746033,0.41839998960494995
YKR026C,YDR261C-C,0,,0.1927083283662796,0.9990000128746033,0.41850000619888306
YJL093C,YPR166C,0,,0.19267116487026215,0.9990000128746033,0.4185999929904938
YMR012W,YMR161W,0,,0.19263401627540588,0.9990000128746033,0.4187000095844269
YIL140W,YLR025W,0,,0.19259688258171082,0.9990000128746033,0.4187999963760376
YPR031W,YLR157C,0,,0.19255974888801575,0.9990000128746033,0.4189000129699707
YMR201C,YMR025W,0,,0.19252264499664307,0.9990000128746033,0.4189999997615814
YMR267W,YKL170W,0,,0.19248555600643158,0.9990000128746033,0.41909998655319214
YPL155C,YNL162W,0,,0.1924484670162201,0.9990000128746033,0.41920000314712524
YER172C,YMR189W,0,,0.192411407828331,0.9990000128746033,0.41929998993873596
YMR065W,YBL021C,0,,0.1923743486404419,0.9990000128746033,0.41940000653266907
YOR073W,YAL024C,0,,0.19233731925487518,0.9990000128746033,0.4194999933242798
YOR046C,YGL013C,0,,0.19230028986930847,0.9990000128746033,0.4196000099182129
YDL217C,YDR237W,0,,0.19226327538490295,0.9990000128746033,0.4196999967098236
YOL071W,YNL116W,0,,0.19222629070281982,0.9990000128746033,0.4198000133037567
YGR121C,YNR045W,0,,0.1921893060207367,0.9990000128746033,0.41990000009536743
YGL203C,YFL039C,0,,0.19215233623981476,0.9990000128746033,0.41999998688697815
YFR036W,YLR381W,0,,0.19211538136005402,0.9990000128746033,0.42010000348091125
YBR074W,YPL110C,0,,0.19207844138145447,0.9990000128746033,0.420199990272522
YLR166C,YHR164C,0,,0.1920415163040161,0.9990000128746033,0.4203000068664551
YPL074W,YCR020W-B,0,,0.19200460612773895,0.9990000128746033,0.4203999936580658
YGL206C,YLL033W,0,,0.19196771085262299,0.9990000128746033,0.4205000102519989
YDL021W,YDR043C,0,,0.1919308304786682,0.9990000128746033,0.4205999970436096
YDR473C,YHR168W,0,,0.19189396500587463,0.9990000128746033,0.4207000136375427
YKL157W,YML081C-A,0,,0.19185711443424225,0.9990000128746033,0.42080000042915344
YML095C,YDR302W,0,,0.19182027876377106,0.9990000128746033,0.42089998722076416
YDR167W,YDR197W,0,,0.19178345799446106,0.9990000128746033,0.42100000381469727
YEL042W,YBL036C,0,,0.19174663722515106,0.9990000128746033,0.421099990606308
YPR024W,YGL002W,0,,0.19170984625816345,0.9990000128746033,0.4212000072002411
YBR298C,YJL214W,0,,0.19167305529117584,0.9990000128746033,0.4212999939918518
YDL127W,YFL001W,0,,0.19163629412651062,0.9990000128746033,0.4214000105857849
YBR299W,YGR271W,0,,0.1915995329618454,0.9990000128746033,0.42149999737739563
YCR003W,YER074W,0,,0.19156280159950256,0.9990000128746033,0.42160001397132874
YLL045C,YKL164C,0,,0.19152607023715973,0.9990000128746033,0.42170000076293945
YPR035W,YLR446W,0,,0.19148936867713928,0.9990000128746033,0.42179998755455017
YLR359W,YER110C,0,,0.19145266711711884,0.9990000128746033,0.4219000041484833
YIL074C,YDR402C,0,,0.19141598045825958,0.9990000128746033,0.421999990940094
YDR159W,YGR152C,0,,0.19137930870056152,0.9990000128746033,0.4221000075340271
YBL005W-A,YGR132C,0,,0.19134265184402466,0.9990000128746033,0.4221999943256378
YMR121C,YER185W,0,,0.191306009888649,0.9990000128746033,0.4223000109195709
YBL019W,YDR155C,0,,0.1912693828344345,0.9990000128746033,0.42239999771118164
YDR419W,YGR067C,0,,0.19123277068138123,0.9990000128746033,0.42250001430511475
YML132W,YCR004C,0,,0.19119617342948914,0.9990000128746033,0.42260000109672546
YER004W,YDR383C,0,,0.19115959107875824,0.9990000128746033,0.4226999878883362
YLR406C,YML034W,0,,0.19112300872802734,0.9990000128746033,0.4228000044822693
YDR170C,YDR339C,0,,0.19108645617961884,0.9990000128746033,0.42289999127388
YLR336C,YDR084C,0,,0.19104991853237152,0.9990000128746033,0.4230000078678131
YER058W,YER096W,0,,0.1910133808851242,0.9990000128746033,0.42309999465942383
YER007W,YJR088C,0,,0.19097687304019928,0.9990000128746033,0.42320001125335693
YPL096W,YOR118W,0,,0.19094036519527435,0.9990000128746033,0.42329999804496765
YDR352W,YGL046W,0,,0.19090387225151062,0.9990000128746033,0.42340001463890076
YBR066C,YFR009W,0,,0.19086740911006927,0.9990000128746033,0.4235000014305115
YOR025W,YLR086W,0,,0.19083094596862793,0.9990000128746033,0.4235999882221222
YPL069C,YPR160W,0,,0.19079449772834778,0.9990000128746033,0.4237000048160553
YNL284C-A,YER002W,0,,0.19075806438922882,0.9990000128746033,0.423799991607666
YHR172W,YPL024W,0,,0.19072164595127106,0.9990000128746033,0.4239000082015991
YDR447C,YDR393W,0,,0.1906852424144745,0.9990000128746033,0.42399999499320984
YMR034C,YFL008W,0,,0.1906488537788391,0.9990000128746033,0.42410001158714294
YCL026C-A,YNL315C,0,,0.19061248004436493,0.9990000128746033,0.42419999837875366
YDR332W,YPL232W,0,,0.19057612121105194,0.9990000128746033,0.4242999851703644
YJL194W,YNR013C,0,,0.19053976237773895,0.9990000128746033,0.4244000017642975
YGL040C,YBR040W,0,,0.19050343334674835,0.9990000128746033,0.4244999885559082
YML010W,YKL198C,0,,0.19046710431575775,0.9990000128746033,0.4246000051498413
YHL016C,YNL096C,0,,0.19043080508708954,0.9990000128746033,0.424699991941452
YPL110C,YCR046C,0,,0.19039450585842133,0.9990000128746033,0.42480000853538513
YDR210W-D,YDL030W,0,,0.1903582364320755,0.9990000128746033,0.42489999532699585
YFL053W,YGL156W,0,,0.19032196700572968,0.9990000128746033,0.42500001192092896
YMR315W,YDR492W,0,,0.19028571248054504,0.9990000128746033,0.4250999987125397
YPR164W,YLL032C,0,,0.1902494728565216,0.9990000128746033,0.4251999855041504
YBR201W,YKL160W,0,,0.19021324813365936,0.9990000128746033,0.4253000020980835
YGL258W-A,YOR058C,0,,0.1901770383119583,0.9990000128746033,0.4253999888896942
YDR314C,YDL204W,0,,0.19014084339141846,0.9990000128746033,0.4255000054836273
YJR149W,YML080W,0,,0.1901046633720398,0.9990000128746033,0.42559999227523804
YKL146W,YJR129C,0,,0.19006849825382233,0.9990000128746033,0.42570000886917114
YNL153C,YLR314C,0,,0.19003233313560486,0.9990000128746033,0.42579999566078186
YOL080C,YPR098C,0,,0.18999619781970978,0.9990000128746033,0.42590001225471497
YKL216W,YMR231W,0,,0.1899600625038147,0.9990000128746033,0.4259999990463257
YCR055C,YGR101W,0,,0.189923956990242,0.9990000128746033,0.4260999858379364
YIL074C,YKL042W,0,,0.1898878514766693,0.9990000128746033,0.4262000024318695
YEL056W,YHR044C,0,,0.1898517608642578,0.9990000128746033,0.4262999892234802
YJR112W,YML109W,0,,0.1898157000541687,0.9990000128746033,0.42640000581741333
YKL183W,YDR262W,0,,0.1897796392440796,0.9990000128746033,0.42649999260902405
YKL179C,YMR267W,0,,0.18974359333515167,0.9990000128746033,0.42660000920295715
YCL043C,YFL021W,0,,0.18970756232738495,0.9990000128746033,0.42669999599456787
YOL038W,YGR198W,0,,0.18967154622077942,0.9990000128746033,0.426800012588501
YGL010W,YDR293C,0,,0.1896355301141739,0.9990000128746033,0.4268999993801117
YNL254C,YGR006W,0,,0.18959954380989075,0.9990000128746033,0.4269999861717224
YBL103C,YIR038C,0,,0.1895635724067688,0.9990000128746033,0.4271000027656555
YLR153C,YGR215W,0,,0.18952760100364685,0.9990000128746033,0.42719998955726624
YHR074W,YDR144C,0,,0.1894916594028473,0.9990000128746033,0.42730000615119934
YMR194W,YJL095W,0,,0.18945571780204773,0.9990000128746033,0.42739999294281006
YOL018C,YFL047W,0,,0.18941979110240936,0.9990000128746033,0.42750000953674316
YBR048W,YOR340C,0,,0.1893838793039322,0.9990000128746033,0.4275999963283539
YOR233W,YNL175C,0,,0.1893479973077774,0.9990000128746033,0.427700012922287
YNL257C,YGL216W,0,,0.18931211531162262,0.9990000128746033,0.4277999997138977
YFR001W,YEL026W,0,,0.18927624821662903,0.9990000128746033,0.4278999865055084
YMR227C,YML030W,0,,0.18924038112163544,0.9990000128746033,0.42800000309944153
YGR246C,YDL107W,0,,0.18920454382896423,0.9990000128746033,0.42809998989105225
YDR337W,YIR012W,0,,0.18916872143745422,0.9990000128746033,0.42820000648498535
YPR058W,YLR045C,0,,0.1891328990459442,0.9990000128746033,0.42829999327659607
YDL193W,YGL125W,0,,0.1890971064567566,0.9990000128746033,0.4284000098705292
YBL102W,YLR187W,0,,0.18906131386756897,0.9990000128746033,0.4284999966621399
YMR204C,YPL007C,0,,0.18902555108070374,0.9990000128746033,0.428600013256073
YJL071W,YBL029C-A,0,,0.1889897882938385,0.9990000128746033,0.4287000000476837
YGL224C,YNL131W,0,,0.18895404040813446,0.9990000128746033,0.42879998683929443
YMR061W,YIL023C,0,,0.1889183074235916,0.9990000128746033,0.42890000343322754
YKR062W,YCR028C-A,0,,0.18888258934020996,0.9990000128746033,0.42899999022483826
YKL112W,YNL080C,0,,0.1888468861579895,0.9990000128746033,0.42910000681877136
YLR272C,YPL094C,0,,0.18881118297576904,0.9990000128746033,0.4291999936103821
YNL225C,YLR166C,0,,0.18877550959587097,0.9990000128746033,0.4293000102043152
YOR085W,YGR088W,0,,0.1887398511171341,0.9990000128746033,0.4293999969959259
YLR350W,YOL086C,0,,0.18870419263839722,0.9990000128746033,0.429500013589859
YPL118W,YPR079W,0,,0.18866854906082153,0.9990000128746033,0.4296000003814697
YDL184C,YGR189C,0,,0.18863293528556824,0.9990000128746033,0.42969998717308044
YJR099W,YGR065C,0,,0.18859732151031494,0.9990000128746033,0.42980000376701355
YNL010W,YPR103W,0,,0.18856172263622284,0.9990000128746033,0.42989999055862427
YDR086C,YDR081C,0,,0.18852613866329193,0.9990000128746033,0.4300000071525574
YJL044C,YNL124W,0,,0.18849056959152222,0.9990000128746033,0.4300999939441681
YGR223C,YGR001C,0,,0.1884550154209137,0.9990000128746033,0.4302000105381012
YJL080C,YGR152C,0,,0.18841946125030518,0.9990000128746033,0.4302999973297119
YHL001W,YMR142C,0,,0.18838393688201904,0.9990000128746033,0.430400013923645
YLR222C,YPR108W,0,,0.1883484125137329,0.9990000128746033,0.43050000071525574
YIL009C-A,YGR159C,0,,0.18831291794776917,0.9990000128746033,0.43059998750686646
YNL117W,YLR069C,0,,0.18827742338180542,0.9990000128746033,0.43070000410079956
YOR315W,YER030W,0,,0.18824194371700287,0.9990000128746033,0.4307999908924103
YFL033C,YBR160W,0,,0.1882064789533615,0.9990000128746033,0.4309000074863434
YGL135W,YJL172W,0,,0.18817102909088135,0.9990000128746033,0.4309999942779541
YOR106W,YKL056C,0,,0.18813559412956238,0.9990000128746033,0.4311000108718872
YDL099W,YKL035W,0,,0.1881001740694046,0.9990000128746033,0.4311999976634979
YJR045C,YMR142C,0,,0.18806475400924683,0.9990000128746033,0.43130001425743103
YDR138W,YMR026C,0,,0.18802936375141144,0.9990000128746033,0.43140000104904175
YPR158C-C,YMR032W,0,,0.18799397349357605,0.9990000128746033,0.43149998784065247
YDL181W,YPL098C,0,,0.18795861303806305,0.9990000128746033,0.43160000443458557
YDR488C,YKL015W,0,,0.18792325258255005,0.9990000128746033,0.4316999912261963
YHL013C,YER051W,0,,0.18788790702819824,0.9990000128746033,0.4318000078201294
YDR489W,YBR044C,0,,0.18785257637500763,0.9990000128746033,0.4318999946117401
YLR301W,YHL020C,0,,0.1878172606229782,0.9990000128746033,0.4320000112056732
YJR070C,YPR036W,0,,0.18778195977210999,0.9990000128746033,0.43209999799728394
YGL094C,YBR041W,0,,0.18774665892124176,0.9990000128746033,0.43220001459121704
YOR130C,YBL055C,0,,0.18771138787269592,0.9990000128746033,0.43230000138282776
YGR240C,YER017C,0,,0.18767611682415009,0.9990000128746033,0.4323999881744385
YFR018C,YHR136C,0,,0.18764087557792664,0.9990000128746033,0.4325000047683716
YDL164C,YMR300C,0,,0.18760563433170319,0.9990000128746033,0.4325999915599823
YDR082W,YJL134W,0,,0.18757040798664093,0.9990000128746033,0.4327000081539154
YOR066W,YAL001C,0,,0.18753519654273987,0.9990000128746033,0.4327999949455261
YJR017C,YCL060C,0,,0.1875,0.9990000128746033,0.43290001153945923
YFL024C,YPR002W,0,,0.18746481835842133,0.9990000128746033,0.43299999833106995
YDR034C-D,YNL304W,0,,0.18742963671684265,0.9990000128746033,0.43309998512268066
YHR005C-A,YBR132C,0,,0.18739448487758636,0.9990000128746033,0.43320000171661377
YML029W,YGR123C,0,,0.18735933303833008,0.9990000128746033,0.4332999885082245
YCL025C,YIL138C,0,,0.18732421100139618,0.9990000128746033,0.4334000051021576
YLR105C,YPR166C,0,,0.18728908896446228,0.9990000128746033,0.4334999918937683
YCL066W,YPL149W,0,,0.18725398182868958,0.9990000128746033,0.4336000084877014
YIL035C,YHR052W,0,,0.18721888959407806,0.9990000128746033,0.43369999527931213
YPL118W,YNR040W,0,,0.18718381226062775,0.9990000128746033,0.43380001187324524
YNL231C,YML045W-A,0,,0.18714874982833862,0.9990000128746033,0.43389999866485596
YER012W,YGL121C,0,,0.1871136873960495,0.9990000128746033,0.4339999854564667
YDR121W,YOL006C,0,,0.18707865476608276,0.9990000128746033,0.4341000020503998
YFL022C,YDR369C,0,,0.18704362213611603,0.9990000128746033,0.4341999888420105
YDR261C-D,YML125C,0,,0.18700860440731049,0.9990000128746033,0.4343000054359436
YNL315C,YCL043C,0,,0.18697361648082733,0.9990000128746033,0.4343999922275543
YNL284C-A,YPR119W,0,,0.18693862855434418,0.9990000128746033,0.4345000088214874
YMR268W-A,YDL164C,0,,0.18690365552902222,0.9990000128746033,0.43459999561309814
YOL056W,YGR010W,0,,0.18686868250370026,0.9990000128746033,0.43470001220703125
YPR033C,YOR155C,0,,0.18683373928070068,0.9990000128746033,0.43479999899864197
YLR212C,YLR364W,0,,0.1867987960577011,0.9990000128746033,0.4348999857902527
YMR211W,YNR008W,0,,0.18676388263702393,0.9990000128746033,0.4350000023841858
YEL056W,YKR018C,0,,0.18672896921634674,0.9990000128746033,0.4350999891757965
YMR284W,YMR068W,0,,0.18669407069683075,0.9990000128746033,0.4352000057697296
YNL082W,YBR222C,0,,0.18665918707847595,0.9990000128746033,0.43529999256134033
YOR255W,YDR084C,0,,0.18662431836128235,0.9990000128746033,0.43540000915527344
YBR274W,YIL076W,0,,0.18658946454524994,0.9990000128746033,0.43549999594688416
YNL153C,YGL251C,0,,0.18655462563037872,0.9990000128746033,0.43560001254081726
YKL015W,YJL020C,0,,0.1865197867155075,0.9990000128746033,0.435699999332428
YOL136C,YEL077C,0,,0.18648497760295868,0.9990000128746033,0.4357999861240387
YNL110C,YMR188C,0,,0.18645016849040985,0.9990000128746033,0.4359000027179718
YLR078C,YOL066C,0,,0.18641537427902222,0.9990000128746033,0.4359999895095825
YLR016C,YLR226W,0,,0.18638059496879578,0.9990000128746033,0.4361000061035156
YJR019C,YOR211C,0,,0.18634583055973053,0.9990000128746033,0.43619999289512634
YAR035W,YDR198C,0,,0.18631108105182648,0.9990000128746033,0.43630000948905945
YNR045W,YLR005W,0,,0.18627633154392242,0.9990000128746033,0.43639999628067017
YGL161C,YJL129C,0,,0.18624161183834076,0.9990000128746033,0.43650001287460327
YPL090C,YAR007C,0,,0.1862068921327591,0.9990000128746033,0.436599999666214
YHR209W,YJR083C,0,,0.18617220222949982,0.9990000128746033,0.4366999864578247
YHR032W,YIL125W,0,,0.18613751232624054,0.9990000128746033,0.4368000030517578
YIL074C,YIL124W,0,,0.18610283732414246,0.9990000128746033,0.43689998984336853
YGL037C,YDL054C,0,,0.18606816232204437,0.9990000128746033,0.43700000643730164
YDR014W,YLR057W,0,,0.18603351712226868,0.9990000128746033,0.43709999322891235
YLR134W,YLR337W,0,,0.18599888682365417,0.9990000128746033,0.43720000982284546
YCR028C-A,YMR170C,0,,0.18596425652503967,0.9990000128746033,0.4372999966144562
YDR055W,YHR003C,0,,0.18592964112758636,0.9990000128746033,0.4374000132083893
YNL075W,YOR190W,0,,0.18589505553245544,0.9990000128746033,0.4375
YOL082W,YML042W,0,,0.18586046993732452,0.9990000128746033,0.4375999867916107
YFL053W,YOL092W,0,,0.1858258992433548,0.9990000128746033,0.4377000033855438
YNL306W,YJR077C,0,,0.18579132854938507,0.9990000128746033,0.43779999017715454
YMR244C-A,YPR052C,0,,0.18575678765773773,0.9990000128746033,0.43790000677108765
YCL052C,YER159C-A,0,,0.1857222467660904,0.9990000128746033,0.43799999356269836
YKL144C,YDR341C,0,,0.18568773567676544,0.9990000128746033,0.43810001015663147
YCR047C,YMR030W,0,,0.1856532245874405,0.9990000128746033,0.4381999969482422
YML012W,YML069W,0,,0.18561872839927673,0.9990000128746033,0.4383000135421753
YNL188W,YIL061C,0,,0.18558424711227417,0.9990000128746033,0.438400000333786
YGR231C,YIL095W,0,,0.1855497807264328,0.9990000128746033,0.43849998712539673
YKL174C,YFL035C,0,,0.18551531434059143,0.9990000128746033,0.43860000371932983
YBR036C,YER145C,0,,0.18548087775707245,0.9990000128746033,0.43869999051094055
YLR008C,YDR499W,0,,0.18544644117355347,0.9990000128746033,0.43880000710487366
YIL065C,YNR031C,0,,0.18541201949119568,0.9990000128746033,0.4388999938964844
YER154W,YJR053W,0,,0.18537762761116028,0.9990000128746033,0.4390000104904175
YDL067C,YLR022C,0,,0.18534322082996368,0.9990000128746033,0.4390999972820282
YKL183W,YHR058C,0,,0.18530884385108948,0.9990000128746033,0.4392000138759613
YBR009C,YLR057W,0,,0.18527448177337646,0.9990000128746033,0.439300000667572
YOR148C,YJL106W,0,,0.18524011969566345,0.9990000128746033,0.43939998745918274
YMR163C,YBL018C,0,,0.18520578742027283,0.9990000128746033,0.43950000405311584
YPR200C,YLR176C,0,,0.1851714551448822,0.9990000128746033,0.43959999084472656
YFL024C,YOR096W,0,,0.18513713777065277,0.9990000128746033,0.43970000743865967
YLR090W,YOR116C,0,,0.18510283529758453,0.9990000128746033,0.4397999942302704
YER104W,YDR026C,0,,0.1850685477256775,0.9990000128746033,0.4399000108242035
YHR161C,YHR029C,0,,0.18503426015377045,0.9990000128746033,0.4399999976158142
YBR171W,YCL033C,0,,0.1850000023841858,0.9990000128746033,0.4401000142097473
YLR423C,YKL221W,0,,0.18496574461460114,0.9990000128746033,0.44020000100135803
YDR156W,YMR025W,0,,0.18493150174617767,0.9990000128746033,0.44029998779296875
YKL082C,YJL141C,0,,0.1848972737789154,0.9990000128746033,0.44040000438690186
YIR005W,YCR079W,0,,0.18486306071281433,0.9990000128746033,0.4404999911785126
YKL085W,YOR312C,0,,0.18482886254787445,0.9990000128746033,0.4406000077724457
YOR057W,YBR072W,0,,0.18479467928409576,0.9990000128746033,0.4406999945640564
YOR328W,YLR096W,0,,0.18476049602031708,0.9990000128746033,0.4408000111579895
YIL127C,YDR425W,0,,0.18472632765769958,0.9990000128746033,0.4408999979496002
YPR063C,YEL036C,0,,0.1846921741962433,0.9990000128746033,0.4410000145435333
YOR058C,YDR196C,0,,0.18465803563594818,0.9990000128746033,0.44110000133514404
YDR221W,YMR122W-A,0,,0.18462391197681427,0.9990000128746033,0.44119998812675476
YJL018W,YLR077W,0,,0.18458980321884155,0.9990000128746033,0.44130000472068787
YKL211C,YKL065C,0,,0.18455569446086884,0.9990000128746033,0.4413999915122986
YJL138C,YBR096W,0,,0.1845216155052185,0.9990000128746033,0.4415000081062317
YMR077C,YLR301W,0,,0.18448753654956818,0.9990000128746033,0.4415999948978424
YDR419W,YKL183W,0,,0.18445347249507904,0.9990000128746033,0.4417000114917755
YER074W,YPR103W,0,,0.1844194233417511,0.9990000128746033,0.44179999828338623
YCR080W,YPL045W,0,,0.18438538908958435,0.9990000128746033,0.44190001487731934
YJR099W,YMR280C,0,,0.1843513548374176,0.9990000128746033,0.44200000166893005
YDR510W,YLR035C,0,,0.18431735038757324,0.9990000128746033,0.44209998846054077
YER053C,YPR178W,0,,0.18428334593772888,0.9990000128746033,0.4422000050544739
YEL064C,YDR485C,0,,0.18424935638904572,0.9990000128746033,0.4422999918460846
YIR028W,YKL091C,0,,0.18421538174152374,0.9990000128746033,0.4424000084400177
YGR272C,YER091C,0,,0.18418142199516296,0.9990000128746033,0.4424999952316284
YDL004W,YML034W,0,,0.18414746224880219,0.9990000128746033,0.4426000118255615
YLL008W,YGL158W,0,,0.1841135323047638,0.9990000128746033,0.44269999861717224
YMR250W,YBR214W,0,,0.1840796023607254,0.9990000128746033,0.44279998540878296
YIR028W,YER011W,0,,0.1840456873178482,0.9990000128746033,0.44290000200271606
YOR116C,YER185W,0,,0.1840117871761322,0.9990000128746033,0.4429999887943268
YDR248C,YKR104W,0,,0.1839779019355774,0.9990000128746033,0.4431000053882599
YJL056C,YJL166W,0,,0.18394403159618378,0.9990000128746033,0.4431999921798706
YDR487C,YNL238W,0,,0.18391016125679016,0.9990000128746033,0.4433000087738037
YBR214W,YJL062W,0,,0.18387630581855774,0.9990000128746033,0.44339999556541443
YPL032C,YLL041C,0,,0.1838424801826477,0.9990000128746033,0.44350001215934753
YGL011C,YMR199W,0,,0.18380865454673767,0.9990000128746033,0.44359999895095825
YGR076C,YDR488C,0,,0.18377482891082764,0.9990000128746033,0.44369998574256897
YGL017W,YPR113W,0,,0.18374103307724,0.9990000128746033,0.4438000023365021
YGR152C,YNL309W,0,,0.18370725214481354,0.9990000128746033,0.4438999891281128
YER039C,YIR006C,0,,0.18367347121238708,0.9990000128746033,0.4440000057220459
YKL035W,YMR198W,0,,0.18363970518112183,0.9990000128746033,0.4440999925136566
YJL115W,YOR290C,0,,0.18360595405101776,0.9990000128746033,0.4442000091075897
YIL073C,YLR191W,0,,0.1835722178220749,0.9990000128746033,0.44429999589920044
YJL177W,YGR124W,0,,0.1835384964942932,0.9990000128746033,0.44440001249313354
YOR131C,YKL015W,0,,0.18350477516651154,0.9990000128746033,0.44449999928474426
YJR036C,YGL174W,0,,0.18347106873989105,0.9990000128746033,0.444599986076355
YPL101W,YLR421C,0,,0.18343739211559296,0.9990000128746033,0.4447000026702881
YGL233W,YNL331C,0,,0.18340371549129486,0.9990000128746033,0.4447999894618988
YBR021W,YLR170C,0,,0.18337003886699677,0.9990000128746033,0.4449000060558319
YHR039C-B,YBR127C,0,,0.18333639204502106,0.9990000128746033,0.4449999928474426
YDR536W,YFL011W-A,0,,0.18330274522304535,0.9990000128746033,0.44510000944137573
YBR009C,YOL108C,0,,0.18326912820339203,0.9990000128746033,0.44519999623298645
YBR299W,YIR039C,0,,0.1832355111837387,0.9990000128746033,0.44530001282691956
YPR060C,YHR143W-A,0,,0.18320190906524658,0.9990000128746033,0.4453999996185303
YMR176W,YLR452C,0,,0.18316832184791565,0.9990000128746033,0.445499986410141
YLR376C,YER159C-A,0,,0.18313473463058472,0.9990000128746033,0.4456000030040741
YGL040C,YBR161W,0,,0.18310117721557617,0.9990000128746033,0.4456999897956848
YGL175C,YHR031C,0,,0.18306761980056763,0.9990000128746033,0.4458000063896179
YIL117C,YIL002C,0,,0.18303407728672028,0.9990000128746033,0.44589999318122864
YLR121C,YPL031C,0,,0.18300054967403412,0.9990000128746033,0.44600000977516174
YDL133C-A,YNL098C,0,,0.18296703696250916,0.9990000128746033,0.44609999656677246
YMR022W,YAL008W,0,,0.1829335242509842,0.9990000128746033,0.44620001316070557
YGL147C,YKR039W,0,,0.18290004134178162,0.9990000128746033,0.4462999999523163
YPL154C,YPR152C,0,,0.18286655843257904,0.9990000128746033,0.446399986743927
YDL136W,YMR239C,0,,0.18283309042453766,0.9990000128746033,0.4465000033378601
YDR077W,YGR279C,0,,0.18279963731765747,0.9990000128746033,0.4465999901294708
YBR217W,YOR142W-A,0,,0.18276618421077728,0.9990000128746033,0.44670000672340393
YJL116C,YBR196C,0,,0.18273276090621948,0.9990000128746033,0.44679999351501465
YDL144C,YGR135W,0,,0.18269933760166168,0.9990000128746033,0.44690001010894775
YMR139W,YNL298W,0,,0.18266592919826508,0.9990000128746033,0.44699999690055847
YIL061C,YJL141C,0,,0.18263253569602966,0.9990000128746033,0.4471000134944916
YOL136C,YDL085W,0,,0.18259915709495544,0.9990000128746033,0.4472000002861023
YOR033C,YOR089C,0,,0.18256579339504242,0.9990000128746033,0.447299987077713
YKL182W,YBR136W,0,,0.1825324296951294,0.9990000128746033,0.4474000036716461
YGL001C,YLR401C,0,,0.18249908089637756,0.9990000128746033,0.44749999046325684
YPL087W,YDL006W,0,,0.18246574699878693,0.9990000128746033,0.44760000705718994
YMR182C,YIL105C,0,,0.18243242800235748,0.9990000128746033,0.44769999384880066
YLR341W,YJL080C,0,,0.18239912390708923,0.9990000128746033,0.44780001044273376
YDL205C,YLR212C,0,,0.18236581981182098,0.9990000128746033,0.4478999972343445
YCR017C,YMR154C,0,,0.18233254551887512,0.9990000128746033,0.4480000138282776
YBR176W,YLR276C,0,,0.18229927122592926,0.9990000128746033,0.4481000006198883
YNL151C,YPL211W,0,,0.1822660118341446,0.9990000128746033,0.448199987411499
YJR093C,YMR303C,0,,0.18223276734352112,0.9990000128746033,0.44830000400543213
YHR181W,YDR322C-A,0,,0.18219952285289764,0.9990000128746033,0.44839999079704285
YNR011C,YCR047C,0,,0.18216630816459656,0.9990000128746033,0.44850000739097595
YAL054C,YGL186C,0,,0.18213309347629547,0.9990000128746033,0.44859999418258667
YGL106W,YAR018C,0,,0.18209989368915558,0.9990000128746033,0.4487000107765198
YML124C,YOR153W,0,,0.18206670880317688,0.9990000128746033,0.4487999975681305
YGR238C,YPR004C,0,,0.18203352391719818,0.9990000128746033,0.4489000141620636
YFL009W,YLR071C,0,,0.18200036883354187,0.9990000128746033,0.4490000009536743
YMR056C,YGL079W,0,,0.18196721374988556,0.9990000128746033,0.44909998774528503
YML104C,YEL034W,0,,0.18193407356739044,0.9990000128746033,0.44920000433921814
YBR297W,YDR195W,0,,0.18190094828605652,0.9990000128746033,0.44929999113082886
YNL217W,YMR130W,0,,0.1818678379058838,0.9990000128746033,0.44940000772476196
YML028W,YLR160C,0,,0.18183472752571106,0.9990000128746033,0.4494999945163727
YPL208W,YDL042C,0,,0.18180163204669952,0.9990000128746033,0.4496000111103058
YLL033W,YOR096W,0,,0.18176856637001038,0.9990000128746033,0.4496999979019165
YER042W,YMR306W,0,,0.18173548579216003,0.9990000128746033,0.4498000144958496
YHR214W-G,YER119C,0,,0.18170243501663208,0.9990000128746033,0.4499000012874603
YML024W,YBL088C,0,,0.18166939914226532,0.9990000128746033,0.44999998807907104
YNL121C,YDL015C,0,,0.18163636326789856,0.9990000128746033,0.45010000467300415
YFL033C,YPR102C,0,,0.181603342294693,0.9990000128746033,0.45019999146461487
YDR195W,YPR030W,0,,0.18157033622264862,0.9990000128746033,0.450300008058548
YLR410W,YHR007C,0,,0.18153734505176544,0.9990000128746033,0.4503999948501587
YMR217W,YFL031W,0,,0.18150435388088226,0.9990000128746033,0.4505000114440918
YGR231C,YAL054C,0,,0.18147139251232147,0.9990000128746033,0.4505999982357025
YNR063W,YJR088C,0,,0.18143843114376068,0.9990000128746033,0.4507000148296356
YBR155W,YHR171W,0,,0.18140548467636108,0.9990000128746033,0.45080000162124634
YFL052W,YDR262W,0,,0.18137255311012268,0.9990000128746033,0.45089998841285706
YNL009W,YEL050C,0,,0.18133962154388428,0.9990000128746033,0.45100000500679016
YER016W,YBR087W,0,,0.18130671977996826,0.9990000128746033,0.4510999917984009
YMR005W,YKL186C,0,,0.18127381801605225,0.9990000128746033,0.451200008392334
YGR063C,YER016W,0,,0.18124093115329742,0.9990000128746033,0.4512999951839447
YER055C,YBR097W,0,,0.1812080591917038,0.9990000128746033,0.4514000117778778
YLR359W,YLR449W,0,,0.18117518723011017,0.9990000128746033,0.4514999985694885
YLL019C,YNR041C,0,,0.18114234507083893,0.9990000128746033,0.45159998536109924
YHR026W,YNL223W,0,,0.1811095029115677,0.9990000128746033,0.45170000195503235
YGL065C,YER164W,0,,0.18107667565345764,0.9990000128746033,0.45179998874664307
YDR158W,YDR522C,0,,0.1810438632965088,0.9990000128746033,0.45190000534057617
YDL229W,YMR233W,0,,0.18101105093955994,0.9990000128746033,0.4519999921321869
YLR074C,YGL180W,0,,0.18097825348377228,0.9990000128746033,0.45210000872612
YKR080W,YPR111W,0,,0.180945485830307,0.9990000128746033,0.4521999955177307
YMR260C,YML037C,0,,0.18091271817684174,0.9990000128746033,0.4523000121116638
YJL034W,YLR262C,0,,0.18087995052337646,0.9990000128746033,0.45239999890327454
YLR008C,YFL041W,0,,0.18084721267223358,0.9990000128746033,0.45249998569488525
YER115C,YNL054W-B,0,,0.1808144748210907,0.9990000128746033,0.45260000228881836
YER054C,YJL011C,0,,0.180781751871109,0.9990000128746033,0.4526999890804291
YIL039W,YBR012W-A,0,,0.1807490438222885,0.9990000128746033,0.4528000056743622
YIR011C,YGR199W,0,,0.1807163506746292,0.9990000128746033,0.4528999924659729
YNL252C,YIL168W,0,,0.1806836724281311,0.9990000128746033,0.453000009059906
YBR093C,YLR240W,0,,0.180650994181633,0.9990000128746033,0.4530999958515167
YOL054W,YPR049C,0,,0.18061833083629608,0.9990000128746033,0.45320001244544983
YNR003C,YLR132C,0,,0.18058568239212036,0.9990000128746033,0.45329999923706055
YCL027C-A,YOL080C,0,,0.18055304884910583,0.9990000128746033,0.45339998602867126
YPR001W,YGL256W,0,,0.1805204153060913,0.9990000128746033,0.45350000262260437
YLR229C,YIL099W,0,,0.18048781156539917,0.9990000128746033,0.4535999894142151
YLR372W,YJR065C,0,,0.18045520782470703,0.9990000128746033,0.4537000060081482
YHR050W,YLR160C,0,,0.1804226040840149,0.9990000128746033,0.4537999927997589
YIR005W,YMR137C,0,,0.18039003014564514,0.9990000128746033,0.453900009393692
YNL073W,YBR200W,0,,0.18035747110843658,0.9990000128746033,0.45399999618530273
YOR201C,YPL177C,0,,0.18032491207122803,0.9990000128746033,0.45410001277923584
YJR007W,YBL098W,0,,0.18029236793518066,0.9990000128746033,0.45419999957084656
YJL028W,YDR093W,0,,0.1802598387002945,0.9990000128746033,0.4542999863624573
YOR312C,YLR314C,0,,0.18022730946540833,0.9990000128746033,0.4544000029563904
YEL070W,YAL058W,0,,0.18019481003284454,0.9990000128746033,0.4544999897480011
YBR201W,YGR203W,0,,0.18016231060028076,0.9990000128746033,0.4546000063419342
YHR161C,YDR322W,0,,0.18012982606887817,0.9990000128746033,0.4546999931335449
YBR008C,YOR230W,0,,0.18009735643863678,0.9990000128746033,0.454800009727478
YDR167W,YJR056C,0,,0.18006488680839539,0.9990000128746033,0.45489999651908875
YOR106W,YKL103C,0,,0.18003243207931519,0.9990000128746033,0.45500001311302185
YOR343W-B,YDR225W,0,,0.18000000715255737,0.9990000128746033,0.45509999990463257
YDL040C,YPR048W,0,,0.17996756732463837,0.9990000128746033,0.4551999866962433
YCL027C-A,YDR383C,0,,0.17993515729904175,0.9990000128746033,0.4553000032901764
YMR223W,YLR373C,0,,0.17990276217460632,0.9990000128746033,0.4553999900817871
YNR045W,YOL004W,0,,0.1798703670501709,0.9990000128746033,0.4555000066757202
YCL038C,YIR010W,0,,0.17983798682689667,0.9990000128746033,0.45559999346733093
YLR216C,YLR240W,0,,0.17980562150478363,0.9990000128746033,0.45570001006126404
YKL073W,YDR104C,0,,0.1797732561826706,0.9990000128746033,0.45579999685287476
YGR023W,YNL254C,0,,0.17974092066287994,0.9990000128746033,0.45590001344680786
YGR092W,YML131W,0,,0.1797085851430893,0.9990000128746033,0.4560000002384186
YLR319C,YDR534C,0,,0.17967626452445984,0.9990000128746033,0.4560999870300293
YIL129C,YPR033C,0,,0.17964394390583038,0.9990000128746033,0.4562000036239624
YDL004W,YBL040C,0,,0.17961165308952332,0.9990000128746033,0.4562999904155731
YDR457W,YOR190W,0,,0.17957936227321625,0.9990000128746033,0.4564000070095062
YJL128C,YOL065C,0,,0.17954708635807037,0.9990000128746033,0.45649999380111694
YNL172W,YNL185C,0,,0.1795148253440857,0.9990000128746033,0.45660001039505005
YMR128W,YHR001W,0,,0.1794825792312622,0.9990000128746033,0.45669999718666077
YOR085W,YMR004W,0,,0.17945033311843872,0.9990000128746033,0.45680001378059387
YOR178C,YML040W,0,,0.17941810190677643,0.9990000128746033,0.4569000005722046
YNL261W,YNL175C,0,,0.17938588559627533,0.9990000128746033,0.4569999873638153
YJR004C,YHR036W,0,,0.17935368418693542,0.9990000128746033,0.4571000039577484
YER151C,YDR329C,0,,0.17932148277759552,0.9990000128746033,0.45719999074935913
YCL045C,YOR118W,0,,0.1792892962694168,0.9990000128746033,0.45730000734329224
YJL172W,YPL050C,0,,0.17925713956356049,0.9990000128746033,0.45739999413490295
YBR201W,YMR198W,0,,0.17922496795654297,0.9990000128746033,0.45750001072883606
YGL099W,YPR024W,0,,0.17919282615184784,0.9990000128746033,0.4575999975204468
YDL184C,YMR112C,0,,0.1791606843471527,0.9990000128746033,0.4577000141143799
YML088W,YNL163C,0,,0.17912855744361877,0.9990000128746033,0.4578000009059906
YKR026C,YLL028W,0,,0.17909644544124603,0.9990000128746033,0.4578999876976013
YDL024C,YMR034C,0,,0.17906434834003448,0.9990000128746033,0.4580000042915344
YOL091W,YGL119W,0,,0.17903225123882294,0.9990000128746033,0.45809999108314514
YLR305C,YEL053C,0,,0.17900018393993378,0.9990000128746033,0.45820000767707825
YPR054W,YLR410W-B,0,,0.17896811664104462,0.9990000128746033,0.45829999446868896
YKR048C,YGR206W,0,,0.17893604934215546,0.9990000128746033,0.45840001106262207
YOR131C,YDL120W,0,,0.17890401184558868,0.9990000128746033,0.4584999978542328
YKR062W,YOR035C,0,,0.1788719743490219,0.9990000128746033,0.4586000144481659
YOR035C,YER073W,0,,0.17883995175361633,0.9990000128746033,0.4587000012397766
YGL001C,YJL170C,0,,0.17880794405937195,0.9990000128746033,0.45879998803138733
YIL127C,YDR240C,0,,0.17877595126628876,0.9990000128746033,0.45890000462532043
YBL040C,YBR281C,0,,0.17874395847320557,0.9990000128746033,0.45899999141693115
YLR216C,YAR007C,0,,0.17871198058128357,0.9990000128746033,0.45910000801086426
YOR192C-A,YHR036W,0,,0.17868001759052277,0.9990000128746033,0.459199994802475
YDL070W,YGR113W,0,,0.17864806950092316,0.9990000128746033,0.4593000113964081
YCR012W,YIL004C,0,,0.17861612141132355,0.9990000128746033,0.4593999981880188
YDR519W,YOR231W,0,,0.17858420312404633,0.9990000128746033,0.4595000147819519
YPR200C,YPR163C,0,,0.1785522848367691,0.9990000128746033,0.4596000015735626
YGL256W,YJL207C,0,,0.17852036654949188,0.9990000128746033,0.45969998836517334
YGL112C,YPR152C,0,,0.17848847806453705,0.9990000128746033,0.45980000495910645
YCR003W,YLL041C,0,,0.17845658957958221,0.9990000128746033,0.45989999175071716
YLR107W,YCR067C,0,,0.17842471599578857,0.9990000128746033,0.46000000834465027
YJR134C,YMR116C,0,,0.17839285731315613,0.9990000128746033,0.460099995136261
YPL119C,YJR129C,0,,0.17836101353168488,0.9990000128746033,0.4602000117301941
YNL280C,YLR405W,0,,0.17832916975021362,0.9990000128746033,0.4602999985218048
YEL069C,YGR047C,0,,0.17829734086990356,0.9990000128746033,0.4603999853134155
YBR227C,YOR231W,0,,0.1782655268907547,0.9990000128746033,0.46050000190734863
YKR101W,YMR092C,0,,0.17823371291160583,0.9990000128746033,0.46059998869895935
YBR061C,YAR044W,0,,0.17820192873477936,0.9990000128746033,0.46070000529289246
YDR248C,YGR047C,0,,0.17817014455795288,0.9990000128746033,0.4607999920845032
YIR038C,YDL103C,0,,0.1781383752822876,0.9990000128746033,0.4609000086784363
YNL095C,YDR072C,0,,0.1781066209077835,0.9990000128746033,0.460999995470047
YPR181C,YEL034W,0,,0.17807486653327942,0.9990000128746033,0.4611000120639801
YGR035C,YDR382W,0,,0.17804312705993652,0.9990000128746033,0.4611999988555908
YGL037C,YPL007C,0,,0.17801140248775482,0.9990000128746033,0.46129998564720154
YCR075C,YDR121W,0,,0.17797969281673431,0.9990000128746033,0.46140000224113464
YGR274C,YML126C,0,,0.1779479831457138,0.9990000128746033,0.46149998903274536
YNL259C,YGR105W,0,,0.1779162883758545,0.9990000128746033,0.46160000562667847
YEL062W,YHR171W,0,,0.17788460850715637,0.9990000128746033,0.4616999924182892
YBR106W,YEL003W,0,,0.17785294353961945,0.9990000128746033,0.4618000090122223
YNL064C,YER138C,0,,0.1778212934732437,0.9990000128746033,0.461899995803833
YJR028W,YOL151W,0,,0.17778964340686798,0.9990000128746033,0.4620000123977661
YJL097W,YNL054W-B,0,,0.17775800824165344,0.9990000128746033,0.46209999918937683
YOR204W,YBR055C,0,,0.1777263879776001,0.9990000128746033,0.46219998598098755
YLR291C,YKR105C,0,,0.17769476771354675,0.9990000128746033,0.46230000257492065
YHR141C,YCR047C,0,,0.1776631623506546,0.9990000128746033,0.46239998936653137
YML010W,YDR169C,0,,0.17763157188892365,0.9990000128746033,0.4625000059604645
YBR240C,YHR029C,0,,0.17759999632835388,0.9990000128746033,0.4625999927520752
YNL087W,YCR073C,0,,0.1775684356689453,0.9990000128746033,0.4627000093460083
YLR395C,YKL193C,0,,0.17753687500953674,0.9990000128746033,0.462799996137619
YBR260C,YDL079C,0,,0.17750532925128937,0.9990000128746033,0.4629000127315521
YPR185W,YOL119C,0,,0.17747379839420319,0.9990000128746033,0.46299999952316284
YER159C-A,YNL218W,0,,0.177442267537117,0.9990000128746033,0.46309998631477356
YGR068C,YIL080W,0,,0.1774107664823532,0.9990000128746033,0.46320000290870667
YDR210W-A,YLR364W,0,,0.17737926542758942,0.9990000128746033,0.4632999897003174
YJL004C,YDR424C,0,,0.17734777927398682,0.9990000128746033,0.4634000062942505
YPR002W,YER004W,0,,0.17731629312038422,0.9990000128746033,0.4634999930858612
YML062C,YDL215C,0,,0.1772848218679428,0.9990000128746033,0.4636000096797943
YBR020W,YJL065C,0,,0.1772533655166626,0.9990000128746033,0.46369999647140503
YOL129W,YLR266C,0,,0.17722192406654358,0.9990000128746033,0.46380001306533813
YGL001C,YNL050C,0,,0.17719049751758575,0.9990000128746033,0.46389999985694885
YMR092C,YHR179W,0,,0.17715907096862793,0.9990000128746033,0.46399998664855957
YLR325C,YGL223C,0,,0.1771276593208313,0.9990000128746033,0.4641000032424927
YCR029C-A,YMR296C,0,,0.17709626257419586,0.9990000128746033,0.4641999900341034
YPR145W,YAL032C,0,,0.17706486582756042,0.9990000128746033,0.4643000066280365
YNL225C,YJR076C,0,,0.17703349888324738,0.9990000128746033,0.4643999934196472
YHR039C,YER118C,0,,0.17700213193893433,0.9990000128746033,0.4645000100135803
YPR125W,YJL065C,0,,0.17697076499462128,0.9990000128746033,0.46459999680519104
YNL230C,YGR002C,0,,0.17693942785263062,0.9990000128746033,0.46470001339912415
YHR041C,YPL089C,0,,0.17690809071063995,0.9990000128746033,0.46480000019073486
YPL033C,YOR299W,0,,0.17687676846981049,0.9990000128746033,0.4648999869823456
YBR104W,YPR018W,0,,0.1768454611301422,0.9990000128746033,0.4650000035762787
YLR356W,YHR174W,0,,0.17681415379047394,0.9990000128746033,0.4650999903678894
YLR453C,YOR118W,0,,0.17678287625312805,0.9990000128746033,0.4652000069618225
YLR153C,YLR088W,0,,0.17675159871578217,0.9990000128746033,0.4652999937534332
YBR105C,YHR072W,0,,0.17672032117843628,0.9990000128746033,0.46540001034736633
YJL137C,YGL047W,0,,0.17668907344341278,0.9990000128746033,0.46549999713897705
YNL291C,YHR174W,0,,0.17665782570838928,0.9990000128746033,0.46560001373291016
YNL035C,YPR054W,0,,0.17662659287452698,0.9990000128746033,0.4657000005245209
YKL101W,YNL136W,0,,0.17659537494182587,0.9990000128746033,0.4657999873161316
YFL004W,YJR159W,0,,0.17656415700912476,0.9990000128746033,0.4659000039100647
YBR075W,YMR241W,0,,0.17653295397758484,0.9990000128746033,0.4659999907016754
YER168C,YGR209C,0,,0.17650176584720612,0.9990000128746033,0.4661000072956085
YER180C,YMR298W,0,,0.1764705926179886,0.9990000128746033,0.46619999408721924
YGL168W,YGR175C,0,,0.17643941938877106,0.9990000128746033,0.46630001068115234
YGL257C,YDR140W,0,,0.17640826106071472,0.9990000128746033,0.46639999747276306
YLL041C,YNL075W,0,,0.17637711763381958,0.9990000128746033,0.46650001406669617
YEL009C,YLR300W,0,,0.17634598910808563,0.9990000128746033,0.4666000008583069
YPL060C-A,YGL158W,0,,0.17631486058235168,0.9990000128746033,0.4666999876499176
YMR264W,YLR226W,0,,0.17628374695777893,0.9990000128746033,0.4668000042438507
YML118W,YML034W,0,,0.17625264823436737,0.9990000128746033,0.4668999910354614
YPL131W,YPR160W,0,,0.1762215495109558,0.9990000128746033,0.46700000762939453
YOL031C,YER174C,0,,0.17619048058986664,0.9990000128746033,0.46709999442100525
YLL022C,YER162C,0,,0.17615941166877747,0.9990000128746033,0.46720001101493835
YPL081W,YBR247C,0,,0.1761283427476883,0.9990000128746033,0.4672999978065491
YOL102C,YER110C,0,,0.1760973036289215,0.9990000128746033,0.4674000144004822
YDR524C-B,YGL251C,0,,0.17606626451015472,0.9990000128746033,0.4675000011920929
YBL071W-A,YCL062W,0,,0.17603524029254913,0.9990000128746033,0.4675999879837036
YDL020C,YKR035W-A,0,,0.17600423097610474,0.9990000128746033,0.4677000045776367
YPL068C,YNL169C,0,,0.17597322165966034,0.9990000128746033,0.46779999136924744
YDR322W,YAL012W,0,,0.17594222724437714,0.9990000128746033,0.46790000796318054
YDR099W,YHR046C,0,,0.17591124773025513,0.9990000128746033,0.46799999475479126
YER119C,YNL305C,0,,0.1758802831172943,0.9990000128746033,0.46810001134872437
YKL160W,YNL329C,0,,0.1758493185043335,0.9990000128746033,0.4681999981403351
YBR243C,YGR034W,0,,0.17581836879253387,0.9990000128746033,0.4683000147342682
YHR027C,YKL120W,0,,0.17578743398189545,0.9990000128746033,0.4684000015258789
YOR321W,YOL147C,0,,0.1757565140724182,0.9990000128746033,0.4684999883174896
YDR082W,YDR012W,0,,0.17572559416294098,0.9990000128746033,0.46860000491142273
YML056C,YER083C,0,,0.17569468915462494,0.9990000128746033,0.46869999170303345
YBL090W,YNL238W,0,,0.1756637990474701,0.9990000128746033,0.46880000829696655
YKR101W,YMR303C,0,,0.17563290894031525,0.9990000128746033,0.46889999508857727
YGR256W,YDR076W,0,,0.1756020337343216,0.9990000128746033,0.4690000116825104
YKL184W,YEL002C,0,,0.17557117342948914,0.9990000128746033,0.4690999984741211
YPL060C-A,YBR132C,0,,0.17554032802581787,0.9990000128746033,0.4691999852657318
YDR322W,YOR310C,0,,0.1755094826221466,0.9990000128746033,0.4693000018596649
YNL086W,YNL316C,0,,0.17547865211963654,0.9990000128746033,0.46939998865127563
YKR080W,YGR125W,0,,0.17544783651828766,0.9990000128746033,0.46950000524520874
YHL009W-A,YBR014C,0,,0.17541703581809998,0.9990000128746033,0.46959999203681946
YBL019W,YAL043C,0,,0.1753862351179123,0.9990000128746033,0.46970000863075256
YDL202W,YMR321C,0,,0.1753554493188858,0.9990000128746033,0.4697999954223633
YNL212W,YDL095W,0,,0.1753246784210205,0.9990000128746033,0.4699000120162964
YDL129W,YEL021W,0,,0.1752939075231552,0.9990000128746033,0.4699999988079071
YJL056C,YDL143W,0,,0.1752631515264511,0.9990000128746033,0.4700999855995178
YCL008C,YAL033W,0,,0.1752324104309082,0.9990000128746033,0.4702000021934509
YPL074W,YPR056W,0,,0.1752016842365265,0.9990000128746033,0.47029998898506165
YLL003W,YBR035C,0,,0.17517095804214478,0.9990000128746033,0.47040000557899475
YBL052C,YLL005C,0,,0.17514024674892426,0.9990000128746033,0.47049999237060547
YAL039C,YBR158W,0,,0.17510955035686493,0.9990000128746033,0.4706000089645386
YLL029W,YFR019W,0,,0.1750788688659668,0.9990000128746033,0.4706999957561493
YLL034C,YBR067C,0,,0.17504818737506866,0.9990000128746033,0.4708000123500824
YJR129C,YOL103W,0,,0.17501752078533173,0.9990000128746033,0.4708999991416931
YHR156C,YMR292W,0,,0.17498686909675598,0.9990000128746033,0.47099998593330383
YCL040W,YNL321W,0,,0.17495621740818024,0.9990000128746033,0.47110000252723694
YKR068C,YMR097C,0,,0.17492558062076569,0.9990000128746033,0.47119998931884766
YOR054C,YML005W,0,,0.17489495873451233,0.9990000128746033,0.47130000591278076
YJL099W,YDR342C,0,,0.17486435174942017,0.9990000128746033,0.4713999927043915
YOR192C-B,YKL186C,0,,0.174833744764328,0.9990000128746033,0.4715000092983246
YPL083C,YDL033C,0,,0.17480315268039703,0.9990000128746033,0.4715999960899353
YBR172C,YCR053W,0,,0.17477257549762726,0.9990000128746033,0.4717000126838684
YBR185C,YEL029C,0,,0.17474199831485748,0.9990000128746033,0.4717999994754791
YLL028W,YGL224C,0,,0.1747114360332489,0.9990000128746033,0.47189998626708984
YDL024C,YHR117W,0,,0.1746808886528015,0.9990000128746033,0.47200000286102295
YCL052C,YER074W,0,,0.17465035617351532,0.9990000128746033,0.47209998965263367
YOL071W,YEL026W,0,,0.17461982369422913,0.9990000128746033,0.4722000062465668
YDL202W,YKL107W,0,,0.17458930611610413,0.9990000128746033,0.4722999930381775
YBR200W,YOR188W,0,,0.17455880343914032,0.9990000128746033,0.4724000096321106
YLR423C,YOL044W,0,,0.1745283007621765,0.9990000128746033,0.4724999964237213
YBR227C,YMR306W,0,,0.1744978129863739,0.9990000128746033,0.4726000130176544
YDR261C-C,YJR083C,0,,0.17446734011173248,0.9990000128746033,0.47269999980926514
YJL170C,YJR139C,0,,0.17443688213825226,0.9990000128746033,0.47279998660087585
YKL085W,YNL003C,0,,0.17440642416477203,0.9990000128746033,0.47290000319480896
YGL089C,YHR032W,0,,0.174375981092453,0.9990000128746033,0.4729999899864197
YAL012W,YNL129W,0,,0.17434555292129517,0.9990000128746033,0.4731000065803528
YOR017W,YDR492W,0,,0.17431512475013733,0.9990000128746033,0.4731999933719635
YLR134W,YCR070W,0,,0.17428471148014069,0.9990000128746033,0.4733000099658966
YDL056W,YHR047C,0,,0.17425431311130524,0.9990000128746033,0.4733999967575073
YPR049C,YGR161W-B,0,,0.17422392964363098,0.9990000128746033,0.47350001335144043
YPL065W,YGR276C,0,,0.17419354617595673,0.9990000128746033,0.47360000014305115
YDL133C-A,YMR152W,0,,0.17416317760944366,0.9990000128746033,0.47369998693466187
YER157W,YBR073W,0,,0.1741328239440918,0.9990000128746033,0.47380000352859497
YBR288C,YKL112W,0,,0.17410247027873993,0.9990000128746033,0.4738999903202057
YDL215C,YOR047C,0,,0.17407213151454926,0.9990000128746033,0.4740000069141388
YOR100C,YPL271W,0,,0.17404180765151978,0.9990000128746033,0.4740999937057495
YBR122C,YJL062W,0,,0.1740114986896515,0.9990000128746033,0.4742000102996826
YDR153C,YBL071W-A,0,,0.1739811897277832,0.9990000128746033,0.47429999709129333
YDR476C,YKL143W,0,,0.1739508956670761,0.9990000128746033,0.47440001368522644
YPL163C,YBR145W,0,,0.1739206165075302,0.9990000128746033,0.47450000047683716
YCR039C,YJL125C,0,,0.17389033734798431,0.9990000128746033,0.4745999872684479
YGR281W,YNL197C,0,,0.1738600730895996,0.9990000128746033,0.474700003862381
YLR206W,YCR067C,0,,0.1738298237323761,0.9990000128746033,0.4747999906539917
YDR337W,YHR012W,0,,0.17379958927631378,0.9990000128746033,0.4749000072479248
YDR143C,YDR195W,0,,0.17376935482025146,0.9990000128746033,0.4749999940395355
YDR182W,YLR300W,0,,0.17373913526535034,0.9990000128746033,0.47510001063346863
YKL178C,YKR056W,0,,0.17370891571044922,0.9990000128746033,0.47519999742507935
YLR095C,YER157W,0,,0.17367872595787048,0.9990000128746033,0.47530001401901245
YHR045W,YBR136W,0,,0.17364853620529175,0.9990000128746033,0.47540000081062317
YJR013W,YKL218C,0,,0.173618346452713,0.9990000128746033,0.4754999876022339
YML024W,YOR142W-A,0,,0.17358818650245667,0.9990000128746033,0.475600004196167
YJR104C,YDR415C,0,,0.17355802655220032,0.9990000128746033,0.4756999909877777
YBR234C,YEL047C,0,,0.17352788150310516,0.9990000128746033,0.4758000075817108
YPL242C,YKL201C,0,,0.17349773645401,0.9990000128746033,0.47589999437332153
YNL088W,YOR064C,0,,0.17346762120723724,0.9990000128746033,0.47600001096725464
YLR450W,YGR140W,0,,0.17343750596046448,0.9990000128746033,0.47609999775886536
YPR021C,YCR043C,0,,0.1734073907136917,0.9990000128746033,0.47620001435279846
YMR112C,YNL335W,0,,0.17337730526924133,0.9990000128746033,0.4763000011444092
YJR070C,YJR144W,0,,0.17334721982479095,0.9990000128746033,0.4763999879360199
YGL161C,YLR226W,0,,0.17331713438034058,0.9990000128746033,0.476500004529953
YOR373W,YPL057C,0,,0.17328707873821259,0.9990000128746033,0.4765999913215637
YMR217W,YLR110C,0,,0.1732570230960846,0.9990000128746033,0.4767000079154968
YNR072W,YNR032W,0,,0.1732269823551178,0.9990000128746033,0.47679999470710754
YIL067C,YIL044C,0,,0.173196941614151,0.9990000128746033,0.47690001130104065
YNL210W,YPL231W,0,,0.1731669306755066,0.9990000128746033,0.47699999809265137
YGR092W,YGR014W,0,,0.17313691973686218,0.9990000128746033,0.4771000146865845
YOR070C,YDR076W,0,,0.17310690879821777,0.9990000128746033,0.4772000014781952
YPL059W,YNL152W,0,,0.17307692766189575,0.9990000128746033,0.4772999882698059
YGL220W,YNL087W,0,,0.17304694652557373,0.9990000128746033,0.477400004863739
YDR247W,YER151C,0,,0.1730169653892517,0.9990000128746033,0.47749999165534973
YNL270C,YDL138W,0,,0.17298701405525208,0.9990000128746033,0.47760000824928284
YMR039C,YCL003W,0,,0.17295706272125244,0.9990000128746033,0.47769999504089355
YGR249W,YDL045C,0,,0.172927126288414,0.9990000128746033,0.47780001163482666
YGL136C,YHR013C,0,,0.17289718985557556,0.9990000128746033,0.4778999984264374
YPR122W,YIL168W,0,,0.1728672832250595,0.9990000128746033,0.4779999852180481
YJR140C,YDR312W,0,,0.17283737659454346,0.9990000128746033,0.4781000018119812
YML008C,YER174C,0,,0.1728074699640274,0.9990000128746033,0.4781999886035919
YJR158W,YGR183C,0,,0.17277757823467255,0.9990000128746033,0.478300005197525
YLR341W,YDR294C,0,,0.17274770140647888,0.9990000128746033,0.47839999198913574
YLR467W,YGR038C-B,0,,0.1727178394794464,0.9990000128746033,0.47850000858306885
YLR160C,YLR370C,0,,0.17268799245357513,0.9990000128746033,0.47859999537467957
YDR046C,YOR328W,0,,0.17265814542770386,0.9990000128746033,0.47870001196861267
YDL192W,YPR025C,0,,0.17262829840183258,0.9990000128746033,0.4787999987602234
YFL024C,YJR105W,0,,0.1725984811782837,0.9990000128746033,0.4788999855518341
YKR057W,YJR040W,0,,0.1725686639547348,0.9990000128746033,0.4790000021457672
YHR044C,YBR041W,0,,0.1725388616323471,0.9990000128746033,0.47909998893737793
YNR067C,YAL035W,0,,0.1725090593099594,0.9990000128746033,0.47920000553131104
YJR036C,YDR444W,0,,0.1724792867898941,0.9990000128746033,0.47929999232292175
YML097C,YPL220W,0,,0.1724495142698288,0.9990000128746033,0.47940000891685486
YJR007W,YBR221C,0,,0.1724197417497635,0.9990000128746033,0.4794999957084656
YKL012W,YMR306W,0,,0.17238998413085938,0.9990000128746033,0.4796000123023987
YDR210C-C,YOR080W,0,,0.17236024141311646,0.9990000128746033,0.4796999990940094
YMR235C,YGL158W,0,,0.17233051359653473,0.9990000128746033,0.4797999858856201
YBR033W,YDL030W,0,,0.1723008006811142,0.9990000128746033,0.4799000024795532
YEL058W,YER014C-A,0,,0.17227108776569366,0.9990000128746033,0.47999998927116394
YIL065C,YER086W,0,,0.17224137485027313,0.9990000128746033,0.48010000586509705
YMR049C,YFR003C,0,,0.172211691737175,0.9990000128746033,0.48019999265670776
YKR001C,YMR214W,0,,0.17218200862407684,0.9990000128746033,0.48030000925064087
YDL202W,YOL105C,0,,0.1721523404121399,0.9990000128746033,0.4803999960422516
YGR261C,YMR199W,0,,0.17212267220020294,0.9990000128746033,0.4805000126361847
YGL135W,YBR166C,0,,0.17209301888942719,0.9990000128746033,0.4805999994277954
YMR005W,YJR014W,0,,0.17206338047981262,0.9990000128746033,0.48069998621940613
YPL078C,YLR077W,0,,0.17203375697135925,0.9990000128746033,0.48080000281333923
YMR088C,YOR149C,0,,0.17200413346290588,0.9990000128746033,0.48089998960494995
YJR060W,YIL121W,0,,0.1719745248556137,0.9990000128746033,0.48100000619888306
YJL153C,YLL054C,0,,0.17194491624832153,0.9990000128746033,0.4810999929904938
YOL001W,YMR122W-A,0,,0.17191533744335175,0.9990000128746033,0.4812000095844269
YDR202C,YJL154C,0,,0.17188575863838196,0.9990000128746033,0.4812999963760376
YJL219W,YHR023W,0,,0.17185617983341217,0.9990000128746033,0.4814000129699707
YDL144C,YNL223W,0,,0.17182663083076477,0.9990000128746033,0.4814999997615814
YBR093C,YIL088C,0,,0.17179708182811737,0.9990000128746033,0.48159998655319214
YMR100W,YOL005C,0,,0.17176753282546997,0.9990000128746033,0.48170000314712524
YOR303W,YEL013W,0,,0.17173801362514496,0.9990000128746033,0.48179998993873596
YKL020C,YIL099W,0,,0.17170849442481995,0.9990000128746033,0.48190000653266907
YBR152W,YMR128W,0,,0.17167897522449493,0.9990000128746033,0.4819999933242798
YPL099C,YNL136W,0,,0.1716494858264923,0.9990000128746033,0.4821000099182129
YPR162C,YBR041W,0,,0.17161999642848969,0.9990000128746033,0.4821999967098236
YIR021W,YMR092C,0,,0.17159052193164825,0.9990000128746033,0.4823000133037567
YDR512C,YMR150C,0,,0.17156104743480682,0.9990000128746033,0.48240000009536743
YGR108W,YML112W,0,,0.1715315878391266,0.9990000128746033,0.48249998688697815
YNL208W,YDR211W,0,,0.17150214314460754,0.9990000128746033,0.48260000348091125
YOR257W,YGL259W,0,,0.1714727133512497,0.9990000128746033,0.482699990272522
YGR287C,YHR046C,0,,0.17144328355789185,0.9990000128746033,0.4828000068664551
YPR119W,YDL142C,0,,0.1714138686656952,0.9990000128746033,0.4828999936580658
YDR465C,YJR139C,0,,0.17138445377349854,0.9990000128746033,0.4830000102519989
YIL108W,YLR028C,0,,0.17135505378246307,0.9990000128746033,0.4830999970436096
YGL094C,YNL267W,0,,0.1713256686925888,0.9990000128746033,0.4832000136375427
YLR103C,YKL143W,0,,0.17129629850387573,0.9990000128746033,0.48330000042915344
YDL132W,YBR102C,0,,0.17126692831516266,0.9990000128746033,0.48339998722076416
YEL022W,YOL017W,0,,0.17123757302761078,0.9990000128746033,0.48350000381469727
YBL008W-A,YLR304C,0,,0.1712082326412201,0.9990000128746033,0.483599990606308
YFL002W-A,YOR007C,0,,0.1711788922548294,0.9990000128746033,0.4837000072002411
YGR032W,YLR069C,0,,0.17114956676959991,0.9990000128746033,0.4837999939918518
YPL119C,YBL105C,0,,0.17112024128437042,0.9990000128746033,0.4839000105857849
YGR027W-A,YDR130C,0,,0.17109094560146332,0.9990000128746033,0.48399999737739563
YPL078C,YCR092C,0,,0.1710616499185562,0.9990000128746033,0.48410001397132874
YMR238W,YBR061C,0,,0.1710323542356491,0.9990000128746033,0.48420000076293945
YKL157W,YLR191W,0,,0.1710030883550644,0.9990000128746033,0.48429998755455017
YJL030W,YBL091C-A,0,,0.17097380757331848,0.9990000128746033,0.4844000041484833
YKR003W,YCL026C-B,0,,0.17094455659389496,0.9990000128746033,0.484499990940094
YEL064C,YGL241W,0,,0.17091530561447144,0.9990000128746033,0.4846000075340271
YMR203W,YMR291W,0,,0.1708860695362091,0.9990000128746033,0.4846999943256378
YEL064C,YGR091W,0,,0.17085684835910797,0.9990000128746033,0.4848000109195709
YFL045C,YJR005W,0,,0.17082762718200684,0.9990000128746033,0.48489999771118164
YPR204W,YNL049C,0,,0.1707984209060669,0.9990000128746033,0.48500001430511475
YDR388W,YGL234W,0,,0.17076922953128815,0.9990000128746033,0.48510000109672546
YKL180W,YNL098C,0,,0.1707400381565094,0.9990000128746033,0.4851999878883362
YPL154C,YGR006W,0,,0.17071086168289185,0.9990000128746033,0.4853000044822693
YMR034C,YBR239C,0,,0.17068170011043549,0.9990000128746033,0.48539999127388
YNL138W-A,YDR043C,0,,0.17065253853797913,0.9990000128746033,0.4855000078678131
YMR083W,YBR273C,0,,0.17062339186668396,0.9990000128746033,0.48559999465942383
YDL184C,YJR135W-A,0,,0.17059426009655,0.9990000128746033,0.48570001125335693
YNL300W,YOR299W,0,,0.17056512832641602,0.9990000128746033,0.48579999804496765
YNL252C,YMR221C,0,,0.17053602635860443,0.9990000128746033,0.48590001463890076
YOR374W,YJL048C,0,,0.17050690948963165,0.9990000128746033,0.4860000014305115
YLR410W,YOR181W,0,,0.17047782242298126,0.9990000128746033,0.4860999882221222
YER017C,YCR083W,0,,0.17044873535633087,0.9990000128746033,0.4862000048160553
YGR023W,YDR062W,0,,0.17041964828968048,0.9990000128746033,0.486299991607666
YCR069W,YMR121C,0,,0.17039059102535248,0.9990000128746033,0.4864000082015991
YNL236W,YEL002C,0,,0.17036153376102448,0.9990000128746033,0.48649999499320984
YMR164C,YMR260C,0,,0.17033247649669647,0.9990000128746033,0.48660001158714294
YOR377W,YER078C,0,,0.17030344903469086,0.9990000128746033,0.48669999837875366
YGL021W,YML114C,0,,0.17027442157268524,0.9990000128746033,0.4867999851703644
YER006W,YOR035C,0,,0.17024539411067963,0.9990000128746033,0.4869000017642975
YDL079C,YLR201C,0,,0.1702163964509964,0.9990000128746033,0.4869999885559082
YNR043W,YML022W,0,,0.17018739879131317,0.9990000128746033,0.4871000051498413
YBR036C,YAR015W,0,,0.17015840113162994,0.9990000128746033,0.487199991941452
YGR085C,YPL220W,0,,0.1701294332742691,0.9990000128746033,0.48730000853538513
YMR112C,YER094C,0,,0.17010046541690826,0.9990000128746033,0.48739999532699585
YGR275W,YDL200C,0,,0.17007149755954742,0.9990000128746033,0.48750001192092896
YDR034C,YDL192W,0,,0.17004255950450897,0.9990000128746033,0.4875999987125397
YHR167W,YGR209C,0,,0.17001362144947052,0.9990000128746033,0.4876999855041504
YPL131W,YKL120W,0,,0.16998468339443207,0.9990000128746033,0.4878000020980835
YPL151C,YDR339C,0,,0.1699557602405548,0.9990000128746033,0.4878999888896942
YKR025W,YGR071C,0,,0.16992685198783875,0.9990000128746033,0.4880000054836273
YNR018W,YDR116C,0,,0.16989795863628387,0.9990000128746033,0.48809999227523804
YER174C,YMR137C,0,,0.169869065284729,0.9990000128746033,0.48820000886917114
YLR109W,YLL032C,0,,0.16984018683433533,0.9990000128746033,0.48829999566078186
YPL011C,YLR224W,0,,0.16981132328510284,0.9990000128746033,0.48840001225471497
YGL227W,YDR020C,0,,0.16978245973587036,0.9990000128746033,0.4884999990463257
YLR079W,YKL004W,0,,0.16975361108779907,0.9990000128746033,0.4885999858379364
YPL244C,YLR121C,0,,0.16972477734088898,0.9990000128746033,0.4887000024318695
YPR151C,YJL111W,0,,0.16969594359397888,0.9990000128746033,0.4887999892234802
YFL048C,YPL237W,0,,0.16966712474822998,0.9990000128746033,0.48890000581741333
YDR218C,YJR155W,0,,0.16963830590248108,0.9990000128746033,0.48899999260902405
YDR388W,YLR121C,0,,0.16960950195789337,0.9990000128746033,0.48910000920295715
YOR321W,YPL170W,0,,0.16958071291446686,0.9990000128746033,0.48919999599456787
YGL212W,YML112W,0,,0.16955193877220154,0.9990000128746033,0.489300012588501
YDR507C,YDR067C,0,,0.16952316462993622,0.9990000128746033,0.4893999993801117
YPL129W,YPL240C,0,,0.1694944053888321,0.9990000128746033,0.4894999861717224
YMR227C,YHL009W-B,0,,0.16946564614772797,0.9990000128746033,0.4896000027656555
YJL210W,YLR396C,0,,0.16943690180778503,0.9990000128746033,0.48969998955726624
YMR039C,YGL245W,0,,0.1694081723690033,0.9990000128746033,0.48980000615119934
YNL009W,YMR038C,0,,0.16937945783138275,0.9990000128746033,0.48989999294281006
YML109W,YPL143W,0,,0.1693507432937622,0.9990000128746033,0.49000000953674316
YDR086C,YER022W,0,,0.16932202875614166,0.9990000128746033,0.4900999963283539
YIL142W,YEL029C,0,,0.1692933440208435,0.9990000128746033,0.490200012922287
YOL044W,YOL082W,0,,0.16926465928554535,0.9990000128746033,0.4902999997138977
YHR039C-B,YAR010C,0,,0.1692359745502472,0.9990000128746033,0.4903999865055084
YJR014W,YCL063W,0,,0.16920731961727142,0.9990000128746033,0.49050000309944153
YIL099W,YNL331C,0,,0.16917866468429565,0.9990000128746033,0.49059998989105225
YML019W,YHR031C,0,,0.16915000975131989,0.9990000128746033,0.49070000648498535
YBR024W,YPR049C,0,,0.1691213846206665,0.9990000128746033,0.49079999327659607
YNL271C,YML043C,0,,0.16909275949001312,0.9990000128746033,0.4909000098705292
YJR158W,YPL213W,0,,0.16906413435935974,0.9990000128746033,0.4909999966621399
YKL041W,YOR094W,0,,0.16903553903102875,0.9990000128746033,0.491100013256073
YLR307W,YFL045C,0,,0.16900692880153656,0.9990000128746033,0.4912000000476837
YOR285W,YGR132C,0,,0.16897834837436676,0.9990000128746033,0.49129998683929443
YLL051C,YDR369C,0,,0.16894976794719696,0.9990000128746033,0.49140000343322754
YLR424W,YOL082W,0,,0.16892120242118835,0.9990000128746033,0.49149999022483826
YBR298C,YML034W,0,,0.16889265179634094,0.9990000128746033,0.49160000681877136
YBR141C,YIL066C,0,,0.16886410117149353,0.9990000128746033,0.4916999936103821
YNL275W,YKL152C,0,,0.1688355654478073,0.9990000128746033,0.4918000102043152
YKL148C,YGR124W,0,,0.1688070297241211,0.9990000128746033,0.4918999969959259
YLR440C,YKL088W,0,,0.16877850890159607,0.9990000128746033,0.492000013589859
YKL021C,YNL186W,0,,0.16875000298023224,0.9990000128746033,0.4921000003814697
YJL073W,YMR238W,0,,0.1687214970588684,0.9990000128746033,0.49219998717308044
YDR027C,YGL020C,0,,0.16869300603866577,0.9990000128746033,0.49230000376701355
YNL086W,YLR224W,0,,0.16866452991962433,0.9990000128746033,0.49239999055862427
YPL028W,YKL001C,0,,0.16863605380058289,0.9990000128746033,0.4925000071525574
YML124C,YFR013W,0,,0.16860759258270264,0.9990000128746033,0.4925999939441681
YEL004W,YML130C,0,,0.16857914626598358,0.9990000128746033,0.4927000105381012
YMR039C,YBL064C,0,,0.16855069994926453,0.9990000128746033,0.4927999973297119
YML074C,YBR241C,0,,0.16852226853370667,0.9990000128746033,0.492900013923645
YNL085W,YHR042W,0,,0.1684938371181488,0.9990000128746033,0.49300000071525574
YPL237W,YDR131C,0,,0.16846543550491333,0.9990000128746033,0.49309998750686646
YHL019C,YCR008W,0,,0.16843701899051666,0.9990000128746033,0.49320000410079956
YOR375C,YPR005C,0,,0.16840863227844238,0.9990000128746033,0.4932999908924103
YIR039C,YBR293W,0,,0.1683802455663681,0.9990000128746033,0.4934000074863434
YDR352W,YHR091C,0,,0.16835187375545502,0.9990000128746033,0.4934999942779541
YIL109C,YFL021W,0,,0.16832350194454193,0.9990000128746033,0.4936000108718872
YGR198W,YBR080C,0,,0.16829514503479004,0.9990000128746033,0.4936999976634979
YMR277W,YJL176C,0,,0.16826680302619934,0.9990000128746033,0.49380001425743103
YFR044C,YAL035W,0,,0.16823846101760864,0.9990000128746033,0.49390000104904175
YLR165C,YGR075C,0,,0.16821013391017914,0.9990000128746033,0.49399998784065247
YIL009C-A,YHR072W,0,,0.16818182170391083,0.9990000128746033,0.49410000443458557
YER018C,YGL241W,0,,0.16815350949764252,0.9990000128746033,0.4941999912261963
YOL136C,YPL096C-A,0,,0.1681252121925354,0.9990000128746033,0.4943000078201294
YBR067C,YPR001W,0,,0.16809691488742828,0.9990000128746033,0.4943999946117401
YER056C-A,YLR319C,0,,0.16806864738464355,0.9990000128746033,0.4945000112056732
YPR035W,YJL213W,0,,0.16804036498069763,0.9990000128746033,0.49459999799728394
YLR410W,YLR410W-B,0,,0.1680121123790741,0.9990000128746033,0.49470001459121704
YOL125W,YOL082W,0,,0.16798385977745056,0.9990000128746033,0.49480000138282776
YNL307C,YPL195W,0,,0.16795562207698822,0.9990000128746033,0.4948999881744385
YHR079C-A,YER002W,0,,0.16792738437652588,0.9990000128746033,0.4950000047683716
YMR012W,YHR011W,0,,0.16789916157722473,0.9990000128746033,0.4950999915599823
YER094C,YLR050C,0,,0.16787093877792358,0.9990000128746033,0.4952000081539154
YHR115C,YDR476C,0,,0.16784274578094482,0.9990000128746033,0.4952999949455261
YPL103C,YGR177C,0,,0.16781455278396606,0.9990000128746033,0.49540001153945923
YDR033W,YLR348C,0,,0.1677863597869873,0.9990000128746033,0.49549999833106995
YOR182C,YDR134C,0,,0.16775818169116974,0.9990000128746033,0.49559998512268066
YDR316W,YDR485C,0,,0.16773001849651337,0.9990000128746033,0.49570000171661377
YNL106C,YOL077C,0,,0.1677018702030182,0.9990000128746033,0.4957999885082245
YCR017C,YPL068C,0,,0.167673721909523,0.9990000128746033,0.4959000051021576
YBL099W,YDR210W-D,0,,0.16764557361602783,0.9990000128746033,0.4959999918937683
YJL198W,YDL010W,0,,0.16761745512485504,0.9990000128746033,0.4961000084877014
YDR238C,YGL077C,0,,0.16758933663368225,0.9990000128746033,0.49619999527931213
YLR040C,YGR241C,0,,0.16756121814250946,0.9990000128746033,0.49630001187324524
YOR116C,YJL125C,0,,0.16753311455249786,0.9990000128746033,0.49639999866485596
YMR190C,YER070W,0,,0.16750502586364746,0.9990000128746033,0.4964999854564667
YJR010C-A,YKL221W,0,,0.16747695207595825,0.9990000128746033,0.4966000020503998
YPL023C,YGL130W,0,,0.16744887828826904,0.9990000128746033,0.4966999888420105
YLR275W,YER008C,0,,0.16742081940174103,0.9990000128746033,0.4968000054359436
YIR013C,YLR066W,0,,0.167392760515213,0.9990000128746033,0.4968999922275543
YER019C-A,YHR044C,0,,0.1673647165298462,0.9990000128746033,0.4970000088214874
YDL115C,YLL038C,0,,0.16733668744564056,0.9990000128746033,0.49709999561309814
YCR020W-B,YPL249C,0,,0.16730865836143494,0.9990000128746033,0.49720001220703125
YGL079W,YJL111W,0,,0.1672806441783905,0.9990000128746033,0.49729999899864197
YER007W,YGR287C,0,,0.16725262999534607,0.9990000128746033,0.4973999857902527
YLR127C,YPR194C,0,,0.16722464561462402,0.9990000128746033,0.4975000023841858
YER133W,YLR233C,0,,0.16719664633274078,0.9990000128746033,0.4975999891757965
YGR257C,YDL164C,0,,0.16716867685317993,0.9990000128746033,0.4977000057697296
YGR289C,YKL220C,0,,0.16714070737361908,0.9990000128746033,0.49779999256134033
YGR209C,YBR070C,0,,0.16711275279521942,0.9990000128746033,0.49790000915527344
YDR219C,YOR386W,0,,0.16708479821681976,0.9990000128746033,0.49799999594688416
YHR123W,YDR085C,0,,0.1670568585395813,0.9990000128746033,0.49810001254081726
YJL056C,YGL153W,0,,0.16702891886234283,0.9990000128746033,0.498199999332428
YOR192C-B,YPL231W,0,,0.16700100898742676,0.9990000128746033,0.4982999861240387
YLR316C,YAL020C,0,,0.1669730842113495,0.9990000128746033,0.4984000027179718
YPL083C,YDR117C,0,,0.1669451892375946,0.9990000128746033,0.4984999895095825
YNR017W,YHR129C,0,,0.16691729426383972,0.9990000128746033,0.4986000061035156
YFL023W,YLR312W-A,0,,0.16688941419124603,0.9990000128746033,0.49869999289512634
YJL184W,YGR074W,0,,0.16686153411865234,0.9990000128746033,0.49880000948905945
YCL075W,YLR009W,0,,0.16683366894721985,0.9990000128746033,0.49889999628067017
YDR349C,YGR172C,0,,0.16680580377578735,0.9990000128746033,0.49900001287460327
YDL239C,YGL009C,0,,0.16677796840667725,0.9990000128746033,0.499099999666214
YPR063C,YDR067C,0,,0.16675011813640594,0.9990000128746033,0.4991999864578247
YLR186W,YOR123C,0,,0.16672229766845703,0.9990000128746033,0.4993000030517578
YML087C,YER014C-A,0,,0.16669447720050812,0.9990000128746033,0.49939998984336853
YPR132W,YFR003C,0,,0.1666666716337204,0.9990000128746033,0.49950000643730164
YMR013C,YGR292W,0,,0.16663886606693268,0.9990000128746033,0.49959999322891235
YJR119C,YJL204C,0,,0.16661107540130615,0.9990000128746033,0.49970000982284546
YNL178W,YDR196C,0,,0.16658328473567963,0.9990000128746033,0.4997999966144562
YDR508C,YOR384W,0,,0.1665555238723755,0.9990000128746033,0.4999000132083893
YMR083W,YPL055C,0,,0.16652774810791016,0.9990000128746033,0.5
YPL068C,YFL054C,0,,0.1665000021457672,0.9990000128746033,0.5001000165939331
YMR011W,YDR410C,0,,0.16647225618362427,0.9990000128746033,0.5001999735832214
YPR163C,YMR079W,0,,0.16644452512264252,0.9990000128746033,0.5002999901771545
YMR268W-A,YNR023W,0,,0.16641679406166077,0.9990000128746033,0.5004000067710876
YGL258W-A,YBR035C,0,,0.1663890779018402,0.9990000128746033,0.5005000233650208
YDR421W,YKL096W,0,,0.16636136174201965,0.9990000128746033,0.5005999803543091
YLR132C,YJR095W,0,,0.1663336604833603,0.9990000128746033,0.5006999969482422
YJL099W,YDR034C-D,0,,0.16630597412586212,0.9990000128746033,0.5008000135421753
YIL009C-A,YGL207W,0,,0.16627830266952515,0.9990000128746033,0.5008999705314636
YOR288C,YCL059C,0,,0.16625063121318817,0.9990000128746033,0.5009999871253967
YGL099W,YKL071W,0,,0.1662229597568512,0.9990000128746033,0.5011000037193298
YDR238C,YNR008W,0,,0.16619530320167542,0.9990000128746033,0.5012000203132629
YLL019C,YLR170C,0,,0.16616766154766083,0.9990000128746033,0.5012999773025513
YGL253W,YOR142W,0,,0.16614003479480743,0.9990000128746033,0.5013999938964844
YOL003C,YOL089C,0,,0.16611240804195404,0.9990000128746033,0.5015000104904175
YJL177W,YIL046W,0,,0.16608478128910065,0.9990000128746033,0.5016000270843506
YGR295C,YNL268W,0,,0.16605718433856964,0.9990000128746033,0.5016999840736389
YBR231C,YDR283C,0,,0.16602958738803864,0.9990000128746033,0.501800000667572
YLR388W,YPR052C,0,,0.16600199043750763,0.9990000128746033,0.5019000172615051
YDR233C,YDL010W,0,,0.16597440838813782,0.9990000128746033,0.5019999742507935
YLR380W,YOL033W,0,,0.1659468412399292,0.9990000128746033,0.5020999908447266
YGL162W,YML069W,0,,0.16591928899288177,0.9990000128746033,0.5022000074386597
YIR021W,YKL160W,0,,0.16589173674583435,0.9990000128746033,0.5023000240325928
YER130C,YOR037W,0,,0.16586418449878693,0.9990000128746033,0.5023999810218811
YDR263C,YGL208W,0,,0.1658366471529007,0.9990000128746033,0.5024999976158142
YMR097C,YOR327C,0,,0.16580912470817566,0.9990000128746033,0.5026000142097473
YOL044W,YMR067C,0,,0.16578161716461182,0.9990000128746033,0.5026999711990356
YBR125C,YEL070W,0,,0.16575410962104797,0.9990000128746033,0.5027999877929688
YGR200C,YPL268W,0,,0.16572660207748413,0.9990000128746033,0.5029000043869019
YDL020C,YOL043C,0,,0.16569912433624268,0.9990000128746033,0.503000020980835
YBR126C,YNL037C,0,,0.16567164659500122,0.9990000128746033,0.5030999779701233
YBL005W-A,YDL055C,0,,0.16564416885375977,0.9990000128746033,0.5031999945640564
YNL117W,YDR263C,0,,0.1656167060136795,0.9990000128746033,0.5033000111579895
YIL072W,YBL100W-A,0,,0.16558925807476044,0.9990000128746033,0.5034000277519226
YBL005W-A,YJR138W,0,,0.16556181013584137,0.9990000128746033,0.5034999847412109
YCL050C,YLR192C,0,,0.1655343770980835,0.9990000128746033,0.503600001335144
YPL098C,YIL168W,0,,0.16550695896148682,0.9990000128746033,0.5037000179290771
YDR496C,YPL051W,0,,0.16547954082489014,0.9990000128746033,0.5037999749183655
YGR200C,YNL124W,0,,0.16545213758945465,0.9990000128746033,0.5038999915122986
YNL077W,YNL021W,0,,0.16542473435401917,0.9990000128746033,0.5040000081062317
YHR186C,YNR046W,0,,0.16539734601974487,0.9990000128746033,0.5041000247001648
YPL274W,YKL109W,0,,0.16536997258663177,0.9990000128746033,0.5041999816894531
YGR159C,YEL040W,0,,0.16534259915351868,0.9990000128746033,0.5042999982833862
YGL017W,YMR288W,0,,0.16531524062156677,0.9990000128746033,0.5044000148773193
YPR101W,YGR154C,0,,0.16528788208961487,0.9990000128746033,0.5044999718666077
YIR022W,YHR076W,0,,0.16526053845882416,0.9990000128746033,0.5045999884605408
YDR225W,YOL120C,0,,0.16523320972919464,0.9990000128746033,0.5047000050544739
YOR075W,YLR176C,0,,0.16520588099956512,0.9990000128746033,0.504800021648407
YAL020C,YCR039C,0,,0.1651785671710968,0.9990000128746033,0.5048999786376953
YER016W,YIL085C,0,,0.16515126824378967,0.9990000128746033,0.5049999952316284
YDR119W,YBR198C,0,,0.16512396931648254,0.9990000128746033,0.5051000118255615
YKL195W,YPL269W,0,,0.1650966852903366,0.9990000128746033,0.5052000284194946
YPR049C,YDR291W,0,,0.16506940126419067,0.9990000128746033,0.505299985408783
YIL125W,YKL213C,0,,0.16504213213920593,0.9990000128746033,0.5054000020027161
YOR069W,YER050C,0,,0.1650148630142212,0.9990000128746033,0.5055000185966492
YOL156W,YGR271C-A,0,,0.16498760879039764,0.9990000128746033,0.5055999755859375
YKR028W,YHR043C,0,,0.1649603694677353,0.9990000128746033,0.5056999921798706
YOL065C,YGL009C,0,,0.16493313014507294,0.9990000128746033,0.5058000087738037
YJR155W,YNL073W,0,,0.16490590572357178,0.9990000128746033,0.5059000253677368
YAR071W,YOR063W,0,,0.1648786962032318,0.9990000128746033,0.5059999823570251
YPL111W,YER055C,0,,0.16485148668289185,0.9990000128746033,0.5060999989509583
YGL150C,YGR161C-C,0,,0.16482429206371307,0.9990000128746033,0.5062000155448914
YGR257C,YIR033W,0,,0.1647970974445343,0.9990000128746033,0.5062999725341797
YJL048C,YDR073W,0,,0.16476991772651672,0.9990000128746033,0.5063999891281128
YKR068C,YDL170W,0,,0.16474273800849915,0.9990000128746033,0.5065000057220459
YBR185C,YKL205W,0,,0.16471558809280396,0.9990000128746033,0.506600022315979
YCL050C,YGR061C,0,,0.16468842327594757,0.9990000128746033,0.5066999793052673
YKL184W,YKR006C,0,,0.16466128826141357,0.9990000128746033,0.5067999958992004
YOR216C,YPL226W,0,,0.16463415324687958,0.9990000128746033,0.5069000124931335
YDR065W,YNR045W,0,,0.16460701823234558,0.9990000128746033,0.5070000290870667
YLR272C,YPL211W,0,,0.16457989811897278,0.9990000128746033,0.507099986076355
YLR391W,YJL091C,0,,0.16455279290676117,0.9990000128746033,0.5072000026702881
YDL179W,YGL113W,0,,0.16452568769454956,0.9990000128746033,0.5073000192642212
YPR030W,YAL016W,0,,0.16449859738349915,0.9990000128746033,0.5073999762535095
YML010W,YFL055W,0,,0.16447152197360992,0.9990000128746033,0.5074999928474426
YBR276C,YCR087C-A,0,,0.1644444465637207,0.9990000128746033,0.5076000094413757
YDL147W,YOR294W,0,,0.16441738605499268,0.9990000128746033,0.5077000260353088
YBL019W,YHR072W,0,,0.16439032554626465,0.9990000128746033,0.5077999830245972
YGR090W,YGR156W,0,,0.16436327993869781,0.9990000128746033,0.5078999996185303
YPR186C,YNL149C,0,,0.16433623433113098,0.9990000128746033,0.5080000162124634
YKL064W,YLR120C,0,,0.16430920362472534,0.9990000128746033,0.5080999732017517
YDR436W,YHR018C,0,,0.1642821878194809,0.9990000128746033,0.5081999897956848
YBR261C,YLR130C,0,,0.16425517201423645,0.9990000128746033,0.5083000063896179
YDR349C,YJR064W,0,,0.1642281711101532,0.9990000128746033,0.508400022983551
YGL201C,YPL096C-A,0,,0.16420118510723114,0.9990000128746033,0.5084999799728394
YPR005C,YHR174W,0,,0.16417419910430908,0.9990000128746033,0.5085999965667725
YGR092W,YPL257W-A,0,,0.16414722800254822,0.9990000128746033,0.5087000131607056
YDR173C,YPL023C,0,,0.16412025690078735,0.9990000128746033,0.5088000297546387
YHR043C,YBR042C,0,,0.16409330070018768,0.9990000128746033,0.508899986743927
YOR151C,YEL055C,0,,0.164066344499588,0.9990000128746033,0.5090000033378601
YHR050W,YBR136W,0,,0.16403940320014954,0.9990000128746033,0.5091000199317932
YKR039W,YIL002C,0,,0.16401247680187225,0.9990000128746033,0.5091999769210815
YKR081C,YPR091C,0,,0.16398555040359497,0.9990000128746033,0.5092999935150146
YPL170W,YMR296C,0,,0.16395863890647888,0.9990000128746033,0.5094000101089478
YIR017C,YDR529C,0,,0.163931742310524,0.9990000128746033,0.5095000267028809
YDR233C,YMR227C,0,,0.1639048457145691,0.9990000128746033,0.5095999836921692
YEL002C,YPR070W,0,,0.1638779491186142,0.9990000128746033,0.5097000002861023
YNL077W,YLR344W,0,,0.1638510674238205,0.9990000128746033,0.5098000168800354
YFL035C,YDR281C,0,,0.163824200630188,0.9990000128746033,0.5098999738693237
YGL191W,YDR013W,0,,0.16379734873771667,0.9990000128746033,0.5099999904632568
YGR255C,YJR151C,0,,0.16377049684524536,0.9990000128746033,0.5101000070571899
YCR040W,YBR234C,0,,0.16374364495277405,0.9990000128746033,0.510200023651123
YBR229C,YER110C,0,,0.16371680796146393,0.9990000128746033,0.5102999806404114
YCR070W,YHR067W,0,,0.163689985871315,0.9990000128746033,0.5103999972343445
YKR009C,YDR489W,0,,0.16366317868232727,0.9990000128746033,0.5105000138282776
YNL058C,YPR018W,0,,0.16363635659217834,0.9990000128746033,0.5105999708175659
YBR096W,YHR136C,0,,0.1636095643043518,0.9990000128746033,0.510699987411499
YJL087C,YGL256W,0,,0.16358277201652527,0.9990000128746033,0.5108000040054321
YDL239C,YNL099C,0,,0.16355599462985992,0.9990000128746033,0.5109000205993652
YIR017C,YER099C,0,,0.16352921724319458,0.9990000128746033,0.5109999775886536
YJR026W,YBR253W,0,,0.16350245475769043,0.9990000128746033,0.5110999941825867
YMR264W,YBR129C,0,,0.16347569227218628,0.9990000128746033,0.5112000107765198
YER087C-A,YBR081C,0,,0.16344895958900452,0.9990000128746033,0.5113000273704529
YDR261W-A,YPL038W,0,,0.16342221200466156,0.9990000128746033,0.5113999843597412
YNL293W,YPL123C,0,,0.1633954793214798,0.9990000128746033,0.5115000009536743
YHR172W,YLR291C,0,,0.16336876153945923,0.9990000128746033,0.5116000175476074
YML111W,YPL202C,0,,0.16334205865859985,0.9990000128746033,0.5116999745368958
YLR206W,YOR118W,0,,0.16331535577774048,0.9990000128746033,0.5117999911308289
YER165W,YOR130C,0,,0.1632886528968811,0.9990000128746033,0.511900007724762
YLR078C,YPL017C,0,,0.16326196491718292,0.9990000128746033,0.5120000243186951
YHR115C,YBL075C,0,,0.16323529183864594,0.9990000128746033,0.5120999813079834
YLL002W,YDR033W,0,,0.16320861876010895,0.9990000128746033,0.5121999979019165
YDL065C,YHR036W,0,,0.16318196058273315,0.9990000128746033,0.5123000144958496
YOR074C,YGR006W,0,,0.16315531730651855,0.9990000128746033,0.5123999714851379
YLR155C,YIL027C,0,,0.16312867403030396,0.9990000128746033,0.512499988079071
YOR328W,YBR081C,0,,0.16310204565525055,0.9990000128746033,0.5126000046730042
YJL008C,YKL097W-A,0,,0.16307541728019714,0.9990000128746033,0.5127000212669373
YJR138W,YLR050C,0,,0.16304880380630493,0.9990000128746033,0.5127999782562256
YBL023C,YAL009W,0,,0.16302219033241272,0.9990000128746033,0.5128999948501587
YLR080W,YIL131C,0,,0.1629955917596817,0.9990000128746033,0.5130000114440918
YNR039C,YEL055C,0,,0.16296900808811188,0.9990000128746033,0.5131000280380249
YDL147W,YPL003W,0,,0.16294242441654205,0.9990000128746033,0.5131999850273132
YLR040C,YOR326W,0,,0.16291585564613342,0.9990000128746033,0.5133000016212463
YNL241C,YLL043W,0,,0.1628892868757248,0.9990000128746033,0.5134000182151794
YJR013W,YDR076W,0,,0.16286273300647736,0.9990000128746033,0.5134999752044678
YOR204W,YER056C-A,0,,0.16283617913722992,0.9990000128746033,0.5135999917984009
YGR161W-B,YDR134C,0,,0.16280965507030487,0.9990000128746033,0.513700008392334
YHR028C,YJR159W,0,,0.16278311610221863,0.9990000128746033,0.5138000249862671
YMR276W,YKL086W,0,,0.16275659203529358,0.9990000128746033,0.5138999819755554
YKL180W,YDR210W-D,0,,0.16273008286952972,0.9990000128746033,0.5139999985694885
YDL047W,YNL129W,0,,0.16270358860492706,0.9990000128746033,0.5141000151634216
YMR263W,YMR290C,0,,0.1626770943403244,0.9990000128746033,0.51419997215271
YLR344W,YGL186C,0,,0.16265060007572174,0.9990000128746033,0.5142999887466431
YBR247C,YER018C,0,,0.16262412071228027,0.9990000128746033,0.5144000053405762
YHR117W,YJR033C,0,,0.16259765625,0.9990000128746033,0.5145000219345093
YDR065W,YDL142C,0,,0.16257119178771973,0.9990000128746033,0.5145999789237976
YIL034C,YKL206C,0,,0.16254474222660065,0.9990000128746033,0.5146999955177307
YNL213C,YDR264C,0,,0.16251830756664276,0.9990000128746033,0.5148000121116638
YPL108W,YDR036C,0,,0.16249187290668488,0.9990000128746033,0.5149000287055969
YER086W,YOL070C,0,,0.162465438246727,0.9990000128746033,0.5149999856948853
YJL151C,YGL186C,0,,0.1624390184879303,0.9990000128746033,0.5151000022888184
YMR090W,YIL132C,0,,0.1624126136302948,0.9990000128746033,0.5152000188827515
YLR129W,YER019W,0,,0.1623862087726593,0.9990000128746033,0.5152999758720398
YMR099C,YNL265C,0,,0.162359818816185,0.9990000128746033,0.5153999924659729
YKL193C,YPR021C,0,,0.1623334437608719,0.9990000128746033,0.515500009059906
YPL104W,YCR008W,0,,0.16230706870555878,0.9990000128746033,0.5156000256538391
YOL062C,YLR251W,0,,0.16228070855140686,0.9990000128746033,0.5156999826431274
YNL300W,YJR034W,0,,0.16225434839725494,0.9990000128746033,0.5157999992370605
YDL205C,YDR137W,0,,0.16222800314426422,0.9990000128746033,0.5159000158309937
YMR266W,YMR089C,0,,0.1622016578912735,0.9990000128746033,0.515999972820282
YHL019C,YER074W,0,,0.16217532753944397,0.9990000128746033,0.5160999894142151
YPR080W,YKL137W,0,,0.16214899718761444,0.9990000128746033,0.5162000060081482
YOL111C,YBR095C,0,,0.1621226817369461,0.9990000128746033,0.5163000226020813
YNR002C,YER118C,0,,0.16209638118743896,0.9990000128746033,0.5163999795913696
YGR027W-A,YDR038C,0,,0.16207008063793182,0.9990000128746033,0.5164999961853027
YGR207C,YPR043W,0,,0.16204379498958588,0.9990000128746033,0.5166000127792358
YDR421W,YOR141C,0,,0.16201750934123993,0.9990000128746033,0.516700029373169
YHR011W,YML032C,0,,0.16199123859405518,0.9990000128746033,0.5167999863624573
YBL088C,YDR379W,0,,0.16196498274803162,0.9990000128746033,0.5169000029563904
YEL058W,YGL185C,0,,0.16193872690200806,0.9990000128746033,0.5170000195503235
YLR116W,YEL047C,0,,0.1619124859571457,0.9990000128746033,0.5170999765396118
YDR299W,YMR029C,0,,0.16188624501228333,0.9990000128746033,0.5171999931335449
YBR179C,YMR188C,0,,0.16186001896858215,0.9990000128746033,0.517300009727478
YER003C,YDR153C,0,,0.16183379292488098,0.9990000128746033,0.5174000263214111
YLR393W,YNL309W,0,,0.161807581782341,0.9990000128746033,0.5174999833106995
YEL052W,YDR026C,0,,0.16178137063980103,0.9990000128746033,0.5175999999046326
YDR036C,YOR005C,0,,0.16175517439842224,0.9990000128746033,0.5177000164985657
YKR081C,YDR236C,0,,0.16172899305820465,0.9990000128746033,0.517799973487854
YIR017C,YPL005W,0,,0.16170281171798706,0.9990000128746033,0.5178999900817871
YBR240C,YGR287C,0,,0.16167664527893066,0.9990000128746033,0.5180000066757202
YGR284C,YLR226W,0,,0.16165047883987427,0.9990000128746033,0.5181000232696533
YKL184W,YER014C-A,0,,0.16162432730197906,0.9990000128746033,0.5181999802589417
YOR283W,YCR053W,0,,0.16159819066524506,0.9990000128746033,0.5182999968528748
YHR079C,YOR038C,0,,0.16157205402851105,0.9990000128746033,0.5184000134468079
YIL094C,YIL002C,0,,0.16154593229293823,0.9990000128746033,0.5184999704360962
YIL047C,YML008C,0,,0.16151981055736542,0.9990000128746033,0.5185999870300293
YFL001W,YJR110W,0,,0.1614936888217926,0.9990000128746033,0.5187000036239624
YER119C,YBR141C,0,,0.16146759688854218,0.9990000128746033,0.5188000202178955
YGL257C,YCL052C,0,,0.16144150495529175,0.9990000128746033,0.5188999772071838
YJL090C,YBL022C,0,,0.16141541302204132,0.9990000128746033,0.5189999938011169
YER003C,YKL140W,0,,0.1613893359899521,0.9990000128746033,0.51910001039505
YGR125W,YAL001C,0,,0.16136327385902405,0.9990000128746033,0.5192000269889832
YNL061W,YLR327C,0,,0.161337211728096,0.9990000128746033,0.5192999839782715
YJL073W,YDR338C,0,,0.16131116449832916,0.9990000128746033,0.5194000005722046
YKL210W,YLL015W,0,,0.16128511726856232,0.9990000128746033,0.5195000171661377
YDR263C,YNL262W,0,,0.16125908493995667,0.9990000128746033,0.519599974155426
YLR206W,YHR119W,0,,0.161233052611351,0.9990000128746033,0.5196999907493591
YKL049C,YGR252W,0,,0.16120703518390656,0.9990000128746033,0.5198000073432922
YNL009W,YAL014C,0,,0.1611810326576233,0.9990000128746033,0.5199000239372253
YOL054W,YLR399C,0,,0.16115503013134003,0.9990000128746033,0.5199999809265137
YKL071W,YIL063C,0,,0.16112902760505676,0.9990000128746033,0.5200999975204468
YPR151C,YIL094C,0,,0.1611030548810959,0.9990000128746033,0.5202000141143799
YOL067C,YCR042C,0,,0.16107706725597382,0.9990000128746033,0.5202999711036682
YER170W,YGR027W-B,0,,0.16105110943317413,0.9990000128746033,0.5203999876976013
YMR308C,YJL108C,0,,0.16102515161037445,0.9990000128746033,0.5205000042915344
YOR215C,YGL009C,0,,0.16099919378757477,0.9990000128746033,0.5206000208854675
YLR238W,YDR341C,0,,0.16097325086593628,0.9990000128746033,0.5206999778747559
YOR140W,YJR095W,0,,0.16094732284545898,0.9990000128746033,0.520799994468689
YJR068W,YFL013C,0,,0.1609213948249817,0.9990000128746033,0.5209000110626221
YBR120C,YOR360C,0,,0.1608954817056656,0.9990000128746033,0.5210000276565552
YGR038W,YER074W-A,0,,0.1608695685863495,0.9990000128746033,0.5210999846458435
YOR243C,YDL055C,0,,0.16084367036819458,0.9990000128746033,0.5212000012397766
YDL198C,YOR327C,0,,0.16081777215003967,0.9990000128746033,0.5213000178337097
YBL099W,YNL160W,0,,0.16079188883304596,0.9990000128746033,0.521399974822998
YLR389C,YPR052C,0,,0.16076600551605225,0.9990000128746033,0.5214999914169312
YMR180C,YML046W,0,,0.16074015200138092,0.9990000128746033,0.5216000080108643
YNL271C,YFL047W,0,,0.1607142835855484,0.9990000128746033,0.5217000246047974
YMR038C,YLR386W,0,,0.16068843007087708,0.9990000128746033,0.5217999815940857
YGR239C,YHL022C,0,,0.16066259145736694,0.9990000128746033,0.5218999981880188
YMR026C,YOR124C,0,,0.1606367528438568,0.9990000128746033,0.5220000147819519
YMR250W,YFR036W,0,,0.16061092913150787,0.9990000128746033,0.5220999717712402
YLR228C,YOR201C,0,,0.16058512032032013,0.9990000128746033,0.5221999883651733
YER141W,YDR034C-C,0,,0.16055931150913239,0.9990000128746033,0.5223000049591064
YPR091C,YDR079C-A,0,,0.16053350269794464,0.9990000128746033,0.5224000215530396
YBR120C,YNL207W,0,,0.1605077087879181,0.9990000128746033,0.5224999785423279
YLR275W,YDR018C,0,,0.16048192977905273,0.9990000128746033,0.522599995136261
YNL314W,YMR060C,0,,0.16045615077018738,0.9990000128746033,0.5227000117301941
YKL124W,YIL110W,0,,0.16043038666248322,0.9990000128746033,0.5228000283241272
YLL036C,YDR419W,0,,0.16040462255477905,0.9990000128746033,0.5228999853134155
YKR065C,YKL022C,0,,0.16037887334823608,0.9990000128746033,0.5230000019073486
YNL046W,YBR215W,0,,0.16035312414169312,0.9990000128746033,0.5231000185012817
YOL152W,YBR022W,0,,0.16032738983631134,0.9990000128746033,0.5231999754905701
YMR277W,YJR151C,0,,0.16030167043209076,0.9990000128746033,0.5232999920845032
YNR072W,YDR121W,0,,0.16027595102787018,0.9990000128746033,0.5234000086784363
YDL159W,YLR419W,0,,0.1602502465248108,0.9990000128746033,0.5235000252723694
YMR319C,YML080W,0,,0.1602245420217514,0.9990000128746033,0.5235999822616577
YPL045W,YLR268W,0,,0.1601988524198532,0.9990000128746033,0.5236999988555908
YBR215W,YNL281W,0,,0.16017316281795502,0.9990000128746033,0.5238000154495239
YPL208W,YNL151C,0,,0.16014748811721802,0.9990000128746033,0.5238999724388123
YOL057W,YPL069C,0,,0.16012181341648102,0.9990000128746033,0.5239999890327454
YMR162C,YMR211W,0,,0.1600961536169052,0.9990000128746033,0.5241000056266785
YBL079W,YKL210W,0,,0.1600705087184906,0.9990000128746033,0.5242000222206116
YLR089C,YER056C-A,0,,0.160044863820076,0.9990000128746033,0.5242999792098999
YGL065C,YCL031C,0,,0.16001921892166138,0.9990000128746033,0.524399995803833
YGL046W,YFR028C,0,,0.15999358892440796,0.9990000128746033,0.5245000123977661
YDL144C,YOR321W,0,,0.15996797382831573,0.9990000128746033,0.5246000289916992
YGR009C,YPL211W,0,,0.1599423587322235,0.9990000128746033,0.5246999859809875
YLR307W,YBR275C,0,,0.15991675853729248,0.9990000128746033,0.5248000025749207
YDR389W,YIL177C,0,,0.15989115834236145,0.9990000128746033,0.5249000191688538
YDR419W,YDR170W-A,0,,0.1598655730485916,0.9990000128746033,0.5249999761581421
YLL034C,YHR062C,0,,0.15984000265598297,0.9990000128746033,0.5250999927520752
YJL085W,YOR088W,0,,0.15981443226337433,0.9990000128746033,0.5252000093460083
YLR117C,YPL132W,0,,0.15978886187076569,0.9990000128746033,0.5253000259399414
YMR047C,YIR023W,0,,0.15976330637931824,0.9990000128746033,0.5253999829292297
YLL034C,YCR097WB,0,,0.15973776578903198,0.9990000128746033,0.5254999995231628
YNR021W,YHR140W,0,,0.15971222519874573,0.9990000128746033,0.525600016117096
YGL137W,YBR145W,0,,0.15968669950962067,0.9990000128746033,0.5256999731063843
YLR043C,YPL026C,0,,0.1596611738204956,0.9990000128746033,0.5257999897003174
YCL027C-A,YDL038C,0,,0.15963566303253174,0.9990000128746033,0.5259000062942505
YDR158W,YBL060W,0,,0.15961016714572906,0.9990000128746033,0.5260000228881836
YGR207C,YDL054C,0,,0.1595846712589264,0.9990000128746033,0.5260999798774719
YBR228W,YAL023C,0,,0.15955917537212372,0.9990000128746033,0.526199996471405
YCL027C-A,YLR389C,0,,0.15953369438648224,0.9990000128746033,0.5263000130653381
YIR036C,YCL026C-B,0,,0.15950822830200195,0.9990000128746033,0.5264000296592712
YDR446W,YML022W,0,,0.15948276221752167,0.9990000128746033,0.5264999866485596
YHR065C,YGR027W-B,0,,0.15945729613304138,0.9990000128746033,0.5266000032424927
YKL183W,YBR155W,0,,0.15943185985088348,0.9990000128746033,0.5267000198364258
YMR099C,YDR194C,0,,0.1594064086675644,0.9990000128746033,0.5267999768257141
YLR225C,YGL060W,0,,0.1593809872865677,0.9990000128746033,0.5268999934196472
YDL168W,YPL106C,0,,0.15935556590557098,0.9990000128746033,0.5270000100135803
YJL165C,YOR198C,0,,0.15933014452457428,0.9990000128746033,0.5271000266075134
YJR004C,YPL232W,0,,0.15930473804473877,0.9990000128746033,0.5271999835968018
YPR113W,YPL283C,0,,0.15927933156490326,0.9990000128746033,0.5273000001907349
YBR058C,YPL060C-A,0,,0.15925393998622894,0.9990000128746033,0.527400016784668
YKL095W,YJL062W-A,0,,0.15922856330871582,0.9990000128746033,0.5274999737739563
YJR098C,YNL136W,0,,0.1592031866312027,0.9990000128746033,0.5275999903678894
YPL087W,YMR011W,0,,0.15917782485485077,0.9990000128746033,0.5277000069618225
YHR083W,YEL036C,0,,0.15915246307849884,0.9990000128746033,0.5278000235557556
YEL059C-A,YGR161W-B,0,,0.1591271162033081,0.9990000128746033,0.527899980545044
YJR147W,YOR232W,0,,0.15910176932811737,0.9990000128746033,0.527999997138977
YBR031W,YLR157C-B,0,,0.15907643735408783,0.9990000128746033,0.5281000137329102
YDR254W,YDL085W,0,,0.1590511053800583,0.9990000128746033,0.5281999707221985
YPL187W,YNL053W,0,,0.15902578830718994,0.9990000128746033,0.5282999873161316
YFL033C,YPL269W,0,,0.1590004712343216,0.9990000128746033,0.5284000039100647
YPR009W,YPL148C,0,,0.15897516906261444,0.9990000128746033,0.5285000205039978
YOR058C,YHR046C,0,,0.15894988179206848,0.9990000128746033,0.5285999774932861
YNR028W,YGL054C,0,,0.15892459452152252,0.9990000128746033,0.5286999940872192
YKL180W,YBL057C,0,,0.15889932215213776,0.9990000128746033,0.5288000106811523
YNL070W,YDR012W,0,,0.158874049782753,0.9990000128746033,0.5289000272750854
YPR080W,YKR014C,0,,0.15884877741336823,0.9990000128746033,0.5289999842643738
YCR047C,YPR108W,0,,0.15882353484630585,0.9990000128746033,0.5291000008583069
YDR058C,YGL043W,0,,0.15879827737808228,0.9990000128746033,0.52920001745224
YGR092W,YLR110C,0,,0.1587730497121811,0.9990000128746033,0.5292999744415283
YGR288W,YBR139W,0,,0.1587478220462799,0.9990000128746033,0.5293999910354614
YML049C,YBR080C,0,,0.15872259438037872,0.9990000128746033,0.5295000076293945
YPL084W,YLR268W,0,,0.15869738161563873,0.9990000128746033,0.5296000242233276
YGR268C,YKR071C,0,,0.15867216885089874,0.9990000128746033,0.529699981212616
YKL015W,YKR105C,0,,0.15864697098731995,0.9990000128746033,0.5297999978065491
YNL325C,YPL020C,0,,0.15862178802490234,0.9990000128746033,0.5299000144004822
YKR013W,YPL271W,0,,0.15859660506248474,0.9990000128746033,0.5299999713897705
YKL158W,YJR101W,0,,0.15857142210006714,0.9990000128746033,0.5300999879837036
YMR146C,YFR051C,0,,0.15854626893997192,0.9990000128746033,0.5302000045776367
YBL042C,YKR067W,0,,0.15852110087871552,0.9990000128746033,0.5303000211715698
YNR035C,YCR073C,0,,0.1584959477186203,0.9990000128746033,0.5303999781608582
YMR190C,YMR228W,0,,0.15847080945968628,0.9990000128746033,0.5304999947547913
YFL045C,YBL060W,0,,0.15844567120075226,0.9990000128746033,0.5306000113487244
YGR029W,YLL038C,0,,0.15842054784297943,0.9990000128746033,0.5307000279426575
YGL121C,YLR154W-A,0,,0.1583954393863678,0.9990000128746033,0.5307999849319458
YPL020C,YIL131C,0,,0.15837031602859497,0.9990000128746033,0.5309000015258789
YOL004W,YLR207W,0,,0.15834522247314453,0.9990000128746033,0.531000018119812
YJL138C,YHR079C-A,0,,0.1583201289176941,0.9990000128746033,0.5310999751091003
YGR101W,YOR219C,0,,0.15829503536224365,0.9990000128746033,0.5311999917030334
YDR247W,YPL038W,0,,0.1582699567079544,0.9990000128746033,0.5313000082969666
YIL040W,YPL048W,0,,0.15824489295482635,0.9990000128746033,0.5314000248908997
YJR017C,YBR217W,0,,0.1582198292016983,0.9990000128746033,0.531499981880188
YKL168C,YPL037C,0,,0.15819478034973145,0.9990000128746033,0.5315999984741211
YDR362C,YOR116C,0,,0.1581697314977646,0.9990000128746033,0.5317000150680542
YMR086W,YDL052C,0,,0.15814468264579773,0.9990000128746033,0.5317999720573425
YOR222W,YGL119W,0,,0.15811966359615326,0.9990000128746033,0.5318999886512756
YKR025W,YMR233W,0,,0.1580946296453476,0.9990000128746033,0.5320000052452087
YPR196W,YDR218C,0,,0.15806962549686432,0.9990000128746033,0.5321000218391418
YNR072W,YOR327C,0,,0.15804460644721985,0.9990000128746033,0.5321999788284302
YBR223C,YIL023C,0,,0.15801961719989777,0.9990000128746033,0.5322999954223633
YGR179C,YOR303W,0,,0.15799462795257568,0.9990000128746033,0.5324000120162964
YBR039W,YDR013W,0,,0.1579696387052536,0.9990000128746033,0.5325000286102295
YML078W,YDR156W,0,,0.1579446643590927,0.9990000128746033,0.5325999855995178
YGR089W,YOR340C,0,,0.15791969001293182,0.9990000128746033,0.5327000021934509
YCL019W,YNL281W,0,,0.15789473056793213,0.9990000128746033,0.532800018787384
YPL104W,YKR059W,0,,0.15786978602409363,0.9990000128746033,0.5328999757766724
YHL007C,YDR496C,0,,0.15784484148025513,0.9990000128746033,0.5329999923706055
YBR098W,YLR078C,0,,0.15781991183757782,0.9990000128746033,0.5331000089645386
YKL182W,YDR208W,0,,0.1577949821949005,0.9990000128746033,0.5332000255584717
YBR177C,YHR057C,0,,0.1577700525522232,0.9990000128746033,0.53329998254776
YGL236C,YIL110W,0,,0.1577451378107071,0.9990000128746033,0.5333999991416931
YGL039W,YKL198C,0,,0.15772023797035217,0.9990000128746033,0.5335000157356262
YHL009W-A,YPR138C,0,,0.15769533812999725,0.9990000128746033,0.5335999727249146
YOR349W,YIL134W,0,,0.15767045319080353,0.9990000128746033,0.5336999893188477
YIL136W,YKL160W,0,,0.1576455682516098,0.9990000128746033,0.5338000059127808
YNR004W,YEL021W,0,,0.15762069821357727,0.9990000128746033,0.5339000225067139
YKL221W,YGL259W,0,,0.15759582817554474,0.9990000128746033,0.5339999794960022
YPL032C,YBR036C,0,,0.1575709730386734,0.9990000128746033,0.5340999960899353
YJR055W,YOL003C,0,,0.15754613280296326,0.9990000128746033,0.5342000126838684
YOR122C,YNL129W,0,,0.1575212925672531,0.9990000128746033,0.5343000292778015
YLR214W,YDR072C,0,,0.15749645233154297,0.9990000128746033,0.5343999862670898
YEL003W,YNL158W,0,,0.15747162699699402,0.9990000128746033,0.534500002861023
YDR524C-B,YLL043W,0,,0.15744680166244507,0.9990000128746033,0.534600019454956
YNL274C,YDR532C,0,,0.1574219912290573,0.9990000128746033,0.5346999764442444
YOR255W,YMR109W,0,,0.15739719569683075,0.9990000128746033,0.5347999930381775
YBR238C,YLR300W,0,,0.1573724001646042,0.9990000128746033,0.5349000096321106
YOR182C,YIL020C,0,,0.15734761953353882,0.9990000128746033,0.5350000262260437
YIR003W,YLR396C,0,,0.15732283890247345,0.9990000128746033,0.535099983215332
YMR038C,YOL093W,0,,0.15729805827140808,0.9990000128746033,0.5351999998092651
YOR240W,YDL004W,0,,0.1572732925415039,0.9990000128746033,0.5353000164031982
YGR067C,YNL169C,0,,0.15724854171276093,0.9990000128746033,0.5353999733924866
YDR097C,YLL009C,0,,0.15722379088401794,0.9990000128746033,0.5354999899864197
YDR236C,YPL190C,0,,0.15719905495643616,0.9990000128746033,0.5356000065803528
YOR270C,YJR125C,0,,0.15717431902885437,0.9990000128746033,0.5357000231742859
YJL090C,YCR048W,0,,0.15714959800243378,0.9990000128746033,0.5357999801635742
YGR092W,YJL006C,0,,0.15712487697601318,0.9990000128746033,0.5358999967575073
YJL093C,YOL027C,0,,0.15710017085075378,0.9990000128746033,0.5360000133514404
YPL227C,YFL034C-A,0,,0.15707546472549438,0.9990000128746033,0.5360999703407288
YJL121C,YNL310C,0,,0.15705077350139618,0.9990000128746033,0.5361999869346619
YBL078C,YOL066C,0,,0.15702609717845917,0.9990000128746033,0.536300003528595
YLR453C,YOR196C,0,,0.15700142085552216,0.9990000128746033,0.5364000201225281
YDR141C,YCR097W,0,,0.15697674453258514,0.9990000128746033,0.5364999771118164
YML009C,YER025W,0,,0.15695208311080933,0.9990000128746033,0.5365999937057495
YMR283C,YOR095C,0,,0.1569274216890335,0.9990000128746033,0.5367000102996826
YAL013W,YBR104W,0,,0.15690277516841888,0.9990000128746033,0.5368000268936157
YPL068C,YDR018C,0,,0.15687814354896545,0.9990000128746033,0.536899983882904
YLR106C,YML115C,0,,0.15685351192951202,0.9990000128746033,0.5370000004768372
YLL010C,YER014C-A,0,,0.1568288803100586,0.9990000128746033,0.5371000170707703
YGR247W,YBR002C,0,,0.15680426359176636,0.9990000128746033,0.5371999740600586
YNL339C,YOR206W,0,,0.15677966177463531,0.9990000128746033,0.5372999906539917
YER098W,YGL135W,0,,0.15675505995750427,0.9990000128746033,0.5374000072479248
YBR239C,YEL055C,0,,0.15673047304153442,0.9990000128746033,0.5375000238418579
YLR172C,YML039W,0,,0.15670588612556458,0.9990000128746033,0.5375999808311462
YCR088W,YBL064C,0,,0.15668129920959473,0.9990000128746033,0.5376999974250793
YOR175C,YDR014W,0,,0.15665674209594727,0.9990000128746033,0.5378000140190125
YDL195W,YML014W,0,,0.1566321700811386,0.9990000128746033,0.5378999710083008
YNR046W,YPL122C,0,,0.15660761296749115,0.9990000128746033,0.5379999876022339
YLR391W-A,YPR137C-B,0,,0.15658307075500488,0.9990000128746033,0.538100004196167
YDL127W,YER126C,0,,0.15655852854251862,0.9990000128746033,0.5382000207901001
YHR176W,YDR481C,0,,0.15653400123119354,0.9990000128746033,0.5382999777793884
YML038C,YDR478W,0,,0.15650947391986847,0.9990000128746033,0.5383999943733215
YPR135W,YHR028C,0,,0.1564849615097046,0.9990000128746033,0.5385000109672546
YGR200C,YPL007C,0,,0.1564604490995407,0.9990000128746033,0.5386000275611877
YOR017W,YKR013W,0,,0.15643595159053802,0.9990000128746033,0.5386999845504761
YOR144C,YBR014C,0,,0.15641145408153534,0.9990000128746033,0.5388000011444092
YLL033W,YKL035W,0,,0.15638697147369385,0.9990000128746033,0.5389000177383423
YGR206W,YCR003W,0,,0.15636250376701355,0.9990000128746033,0.5389999747276306
YCR003W,YBR122C,0,,0.15633802115917206,0.9990000128746033,0.5390999913215637
YDR069C,YPR152C,0,,0.15631356835365295,0.9990000128746033,0.5392000079154968
YDL170W,YDR414C,0,,0.15628911554813385,0.9990000128746033,0.5393000245094299
YML104C,YGL226C-A,0,,0.15626466274261475,0.9990000128746033,0.5393999814987183
YJR145C,YGL205W,0,,0.15624022483825684,0.9990000128746033,0.5394999980926514
YFL048C,YCR010C,0,,0.15621578693389893,0.9990000128746033,0.5396000146865845
YLR074C,YNL322C,0,,0.1561913639307022,0.9990000128746033,0.5396999716758728
YML048W,YLR344W,0,,0.1561669558286667,0.9990000128746033,0.5397999882698059
YER003C,YMR218C,0,,0.15614254772663116,0.9990000128746033,0.539900004863739
YOR355W,YLR312C-B,0,,0.15611813962459564,0.9990000128746033,0.5400000214576721
YIR005W,YGR166W,0,,0.1560937464237213,0.9990000128746033,0.5400999784469604
YOR310C,YKR099C-A,0,,0.15606936812400818,0.9990000128746033,0.5401999950408936
YDL075W,YOL013C,0,,0.15604498982429504,0.9990000128746033,0.5403000116348267
YLR216C,YJL203W,0,,0.1560206115245819,0.9990000128746033,0.5404000282287598
YJR013W,YNL238W,0,,0.15599624812602997,0.9990000128746033,0.5404999852180481
YEL004W,YDR415C,0,,0.15597189962863922,0.9990000128746033,0.5406000018119812
YLR126C,YNR045W,0,,0.15594755113124847,0.9990000128746033,0.5407000184059143
YDL069C,YIR033W,0,,0.15592320263385773,0.9990000128746033,0.5407999753952026
YHR091C,YKL156W,0,,0.15589886903762817,0.9990000128746033,0.5408999919891357
YOR251C,YKR010C,0,,0.15587455034255981,0.9990000128746033,0.5410000085830688
YLR043C,YDR480W,0,,0.15585023164749146,0.9990000128746033,0.541100025177002
YER122C,YIR033W,0,,0.1558259278535843,0.9990000128746033,0.5411999821662903
YCR070W,YMR122W-A,0,,0.15580162405967712,0.9990000128746033,0.5412999987602234
YNL035C,YDL038C,0,,0.15577732026576996,0.9990000128746033,0.5414000153541565
YLR342W,YGR124W,0,,0.15575304627418518,0.9990000128746033,0.5414999723434448
YOR073W,YER151C,0,,0.1557287573814392,0.9990000128746033,0.5415999889373779
YGL190C,YLL050C,0,,0.15570448338985443,0.9990000128746033,0.541700005531311
YNL308C,YKL073W,0,,0.15568022429943085,0.9990000128746033,0.5418000221252441
YEL011W,YIL034C,0,,0.15565596520900726,0.9990000128746033,0.5418999791145325
YDR373W,YNL138W,0,,0.15563172101974487,0.9990000128746033,0.5419999957084656
YHR025W,YKL015W,0,,0.15560747683048248,0.9990000128746033,0.5421000123023987
YLL009C,YDR224C,0,,0.1555832475423813,0.9990000128746033,0.5422000288963318
YJR161C,YMR004W,0,,0.1555590182542801,0.9990000128746033,0.5422999858856201
YDR354W,YCR060W,0,,0.1555348038673401,0.9990000128746033,0.5424000024795532
YBR237W,YMR163C,0,,0.15551058948040009,0.9990000128746033,0.5425000190734863
YER046W,YJR110W,0,,0.15548637509346008,0.9990000128746033,0.5425999760627747
YFR001W,YLR022C,0,,0.15546219050884247,0.9990000128746033,0.5426999926567078
YAL024C,YCL031C,0,,0.15543799102306366,0.9990000128746033,0.5428000092506409
YNL308C,YCL027W,0,,0.15541382133960724,0.9990000128746033,0.542900025844574
YJL008C,YMR088C,0,,0.15538963675498962,0.9990000128746033,0.5429999828338623
YDR248C,YOR340C,0,,0.1553654670715332,0.9990000128746033,0.5430999994277954
YMR036C,YPL101W,0,,0.15534131228923798,0.9990000128746033,0.5432000160217285
YGL130W,YPR135W,0,,0.15531715750694275,0.9990000128746033,0.5432999730110168
YOR143C,YGR070W,0,,0.15529301762580872,0.9990000128746033,0.54339998960495
YGR206W,YJL112W,0,,0.15526887774467468,0.9990000128746033,0.5435000061988831
YKL210W,YKL216W,0,,0.15524475276470184,0.9990000128746033,0.5436000227928162
YPR035W,YOR338W,0,,0.155220627784729,0.9990000128746033,0.5436999797821045
YDR214W,YDR337W,0,,0.15519651770591736,0.9990000128746033,0.5437999963760376
YKL154W,YPL007C,0,,0.1551724076271057,0.9990000128746033,0.5439000129699707
YHL013C,YOR123C,0,,0.15514831244945526,0.9990000128746033,0.5440000295639038
YIL126W,YGR010W,0,,0.1551242172718048,0.9990000128746033,0.5440999865531921
YAR002C-A,YDR494W,0,,0.15510013699531555,0.9990000128746033,0.5442000031471252
YER101C,YAR071W,0,,0.1550760567188263,0.9990000128746033,0.5443000197410583
YGR200C,YOL145C,0,,0.15505199134349823,0.9990000128746033,0.5443999767303467
YJR028W,YPR048W,0,,0.15502792596817017,0.9990000128746033,0.5444999933242798
YNL188W,YKR024C,0,,0.1550038754940033,0.9990000128746033,0.5446000099182129
YJR057W,YGR189C,0,,0.15497982501983643,0.9990000128746033,0.544700026512146
YDR332W,YNL153C,0,,0.15495578944683075,0.9990000128746033,0.5447999835014343
YDR353W,YHR034C,0,,0.15493176877498627,0.9990000128746033,0.5449000000953674
YDR118W,YBR210W,0,,0.1549077332019806,0.9990000128746033,0.5450000166893005
YKL095W,YGL212W,0,,0.1548837274312973,0.9990000128746033,0.5450999736785889
YEL077C,YPR029C,0,,0.15485970675945282,0.9990000128746033,0.545199990272522
YDR126W,YNL315C,0,,0.15483571588993073,0.9990000128746033,0.5453000068664551
YPL086C,YHL001W,0,,0.15481171011924744,0.9990000128746033,0.5454000234603882
YDL092W,YIL171W,0,,0.15478773415088654,0.9990000128746033,0.5454999804496765
YLR043C,YMR233W,0,,0.15476374328136444,0.9990000128746033,0.5455999970436096
YLL005C,YGL186C,0,,0.15473978221416473,0.9990000128746033,0.5457000136375427
YKR022C,YDL168W,0,,0.15471580624580383,0.9990000128746033,0.545799970626831
YBL028C,YNR007C,0,,0.15469186007976532,0.9990000128746033,0.5458999872207642
YPL220W,YKL053C-A,0,,0.1546678990125656,0.9990000128746033,0.5460000038146973
YMR241W,YHR018C,0,,0.1546439677476883,0.9990000128746033,0.5461000204086304
YFR018C,YDR037W,0,,0.15462002158164978,0.9990000128746033,0.5461999773979187
YDL074C,YDR541C,0,,0.15459610521793365,0.9990000128746033,0.5462999939918518
YDL130W,YCR083W,0,,0.15457217395305634,0.9990000128746033,0.5464000105857849
YLR020C,YPR098C,0,,0.1545482724905014,0.9990000128746033,0.546500027179718
YPL084W,YPL011C,0,,0.15452435612678528,0.9990000128746033,0.5465999841690063
YJR060W,YLR134W,0,,0.15450046956539154,0.9990000128746033,0.5467000007629395
YBR236C,YGL060W,0,,0.1544765681028366,0.9990000128746033,0.5468000173568726
YBR058C-A,YKL175W,0,,0.15445269644260406,0.9990000128746033,0.5468999743461609
YMR272C,YAL003W,0,,0.15442880988121033,0.9990000128746033,0.546999990940094
YLR356W,YOL075C,0,,0.15440495312213898,0.9990000128746033,0.5471000075340271
YOR176W,YFR029W,0,,0.15438108146190643,0.9990000128746033,0.5472000241279602
YDL161W,YBL022C,0,,0.15435722470283508,0.9990000128746033,0.5472999811172485
YNL225C,YIL076W,0,,0.15433338284492493,0.9990000128746033,0.5473999977111816
YNL125C,YCL026C-B,0,,0.15430954098701477,0.9990000128746033,0.5475000143051147
YLR176C,YDR368W,0,,0.1542857140302658,0.9990000128746033,0.5475999712944031
YKR036C,YOR118W,0,,0.15426188707351685,0.9990000128746033,0.5476999878883362
YOR209C,YPR137C-A,0,,0.15423807501792908,0.9990000128746033,0.5478000044822693
YPL027W,YMR154C,0,,0.1542142629623413,0.9990000128746033,0.5479000210762024
YPL060W,YPL128C,0,,0.15419046580791473,0.9990000128746033,0.5479999780654907
YPL083C,YDL202W,0,,0.15416666865348816,0.9990000128746033,0.5480999946594238
YPL032C,YML128C,0,,0.15414288640022278,0.9990000128746033,0.5482000112533569
YCR072C,YBR057C,0,,0.1541191041469574,0.9990000128746033,0.54830002784729
YML062C,YJL219W,0,,0.15409532189369202,0.9990000128746033,0.5483999848365784
YGR175C,YPR185W,0,,0.15407155454158783,0.9990000128746033,0.5485000014305115
YGR280C,YPR182W,0,,0.15404780209064484,0.9990000128746033,0.5486000180244446
YLR206W,YIR032C,0,,0.15402404963970184,0.9990000128746033,0.5486999750137329
YLR192C,YDR134C,0,,0.15400031208992004,0.9990000128746033,0.548799991607666
YBL046W,YGR036C,0,,0.15397657454013824,0.9990000128746033,0.5489000082015991
YCL055W,YGL035C,0,,0.15395283699035645,0.9990000128746033,0.5490000247955322
YEL026W,YJL203W,0,,0.15392911434173584,0.9990000128746033,0.5490999817848206
YKR048C,YPR133W-A,0,,0.15390540659427643,0.9990000128746033,0.5491999983787537
YBR207W,YLR265C,0,,0.15388169884681702,0.9990000128746033,0.5493000149726868
YBR217W,YDR480W,0,,0.1538580060005188,0.9990000128746033,0.5493999719619751
YDR477W,YHR061C,0,,0.15383431315422058,0.9990000128746033,0.5494999885559082
YJL172W,YOR299W,0,,0.15381062030792236,0.9990000128746033,0.5496000051498413
YOR128C,YLR191W,0,,0.15378694236278534,0.9990000128746033,0.5497000217437744
YBR236C,YLL052C,0,,0.1537632793188095,0.9990000128746033,0.5497999787330627
YML115C,YKL107W,0,,0.15373961627483368,0.9990000128746033,0.5498999953269958
YOR133W,YML025C,0,,0.15371595323085785,0.9990000128746033,0.550000011920929
YPR119W,YGR231C,0,,0.1536923050880432,0.9990000128746033,0.5501000285148621
YLR319C,YDL038C,0,,0.15366867184638977,0.9990000128746033,0.5501999855041504
YGR033C,YDR194C,0,,0.15364503860473633,0.9990000128746033,0.5503000020980835
YBL105C,YER046W,0,,0.15362140536308289,0.9990000128746033,0.5504000186920166
YML009C,YJR053W,0,,0.15359778702259064,0.9990000128746033,0.5504999756813049
YDR221W,YBR297W,0,,0.1535741686820984,0.9990000128746033,0.550599992275238
YKL139W,YBL071W-A,0,,0.15355056524276733,0.9990000128746033,0.5507000088691711
YPL045W,YOR367W,0,,0.15352697670459747,0.9990000128746033,0.5508000254631042
YBR120C,YDR113C,0,,0.15350337326526642,0.9990000128746033,0.5508999824523926
YGR277C,YLR329W,0,,0.15347979962825775,0.9990000128746033,0.5509999990463257
YJL136C,YBL074C,0,,0.15345622599124908,0.9990000128746033,0.5511000156402588
YPL256C,YDR261W-B,0,,0.15343265235424042,0.9990000128746033,0.5511999726295471
YDR507C,YGL038C,0,,0.15340909361839294,0.9990000128746033,0.5512999892234802
YPL072W,YIR035C,0,,0.15338553488254547,0.9990000128746033,0.5514000058174133
YBR037C,YBR198C,0,,0.1533619910478592,0.9990000128746033,0.5515000224113464
YER173W,YDR177W,0,,0.1533384472131729,0.9990000128746033,0.5515999794006348
YKL221W,YHR061C,0,,0.15331491827964783,0.9990000128746033,0.5516999959945679
YPL065W,YER183C,0,,0.15329138934612274,0.9990000128746033,0.551800012588501
YMR145C,YOL113W,0,,0.15326787531375885,0.9990000128746033,0.5519000291824341
YGR191W,YMR270C,0,,0.15324436128139496,0.9990000128746033,0.5519999861717224
YPL195W,YJL157C,0,,0.15322086215019226,0.9990000128746033,0.5521000027656555
YIL158W,YJL136C,0,,0.15319736301898956,0.9990000128746033,0.5522000193595886
YDL207W,YHR043C,0,,0.15317387878894806,0.9990000128746033,0.552299976348877
YGR059W,YPL027W,0,,0.15315039455890656,0.9990000128746033,0.5523999929428101
YNL083W,YPL252C,0,,0.15312691032886505,0.9990000128746033,0.5525000095367432
YAL013W,YNL052W,0,,0.15310344099998474,0.9990000128746033,0.5526000261306763
YBL084C,YDR368W,0,,0.15307998657226562,0.9990000128746033,0.5526999831199646
YNL258C,YOL092W,0,,0.1530565321445465,0.9990000128746033,0.5527999997138977
YAL031C,YBR056W,0,,0.1530330926179886,0.9990000128746033,0.5529000163078308
YGL037C,YDL014W,0,,0.15300965309143066,0.9990000128746033,0.5529999732971191
YLR147C,YGR183C,0,,0.15298621356487274,0.9990000128746033,0.5530999898910522
YNL085W,YBR080C,0,,0.152962788939476,0.9990000128746033,0.5532000064849854
YDR036C,YPL121C,0,,0.15293937921524048,0.9990000128746033,0.5533000230789185
YGL023C,YPL060W,0,,0.15291596949100494,0.9990000128746033,0.5533999800682068
YGR087C,YGR183C,0,,0.1528925597667694,0.9990000128746033,0.5534999966621399
YLR183C,YPL268W,0,,0.15286916494369507,0.9990000128746033,0.553600013256073
YMR128W,YDR363W,0,,0.15284577012062073,0.9990000128746033,0.5536999702453613
YKL195W,YDR267C,0,,0.15282239019870758,0.9990000128746033,0.5537999868392944
YGR027W-B,YIL088C,0,,0.15279902517795563,0.9990000128746033,0.5539000034332275
YGL011C,YML052W,0,,0.15277566015720367,0.9990000128746033,0.5540000200271606
YJL042W,YNL106C,0,,0.15275229513645172,0.9990000128746033,0.554099977016449
YGL244W,YOR096W,0,,0.15272894501686096,0.9990000128746033,0.5541999936103821
YOR063W,YNL075W,0,,0.1527055948972702,0.9990000128746033,0.5543000102043152
YMR250W,YGL155W,0,,0.15268225967884064,0.9990000128746033,0.5544000267982483
YNL030W,YLR233C,0,,0.15265892446041107,0.9990000128746033,0.5544999837875366
YAL024C,YJL099W,0,,0.1526356041431427,0.9990000128746033,0.5546000003814697
YMR109W,YBR244W,0,,0.15261228382587433,0.9990000128746033,0.5547000169754028
YJR017C,YJR095W,0,,0.15258897840976715,0.9990000128746033,0.5547999739646912
YLL039C,YBR110W,0,,0.15256567299365997,0.9990000128746033,0.5548999905586243
YOL100W,YLR207W,0,,0.1525423675775528,0.9990000128746033,0.5550000071525574
YBR033W,YGL223C,0,,0.1525190770626068,0.9990000128746033,0.5551000237464905
YNL021W,YMR088C,0,,0.15249580144882202,0.9990000128746033,0.5551999807357788
YMR159C,YOL040C,0,,0.15247252583503723,0.9990000128746033,0.5552999973297119
YNR056C,YOR080W,0,,0.15244926512241364,0.9990000128746033,0.555400013923645
YKL188C,YNL026W,0,,0.15242600440979004,0.9990000128746033,0.5554999709129333
YJL005W,YGR274C,0,,0.15240274369716644,0.9990000128746033,0.5555999875068665
YHR167W,YOR198C,0,,0.15237949788570404,0.9990000128746033,0.5557000041007996
YCL024W,YPR054W,0,,0.15235626697540283,0.9990000128746033,0.5558000206947327
YJL002C,YKR098C,0,,0.15233302116394043,0.9990000128746033,0.555899977684021
YGR108W,YNL302C,0,,0.15230980515480042,0.9990000128746033,0.5559999942779541
YJL122W,YJR001W,0,,0.1522865891456604,0.9990000128746033,0.5561000108718872
YFL002W-A,YNL078W,0,,0.15226337313652039,0.9990000128746033,0.5562000274658203
YGR062C,YDR356W,0,,0.15224017202854156,0.9990000128746033,0.5562999844551086
YPL079W,YGL175C,0,,0.15221697092056274,0.9990000128746033,0.5564000010490417
YDR349C,YKL199C,0,,0.15219378471374512,0.9990000128746033,0.5565000176429749
YBL092W,YPL259C,0,,0.1521705985069275,0.9990000128746033,0.5565999746322632
YER183C,YHR124W,0,,0.15214742720127106,0.9990000128746033,0.5566999912261963
YNL192W,YIL066C,0,,0.15212425589561462,0.9990000128746033,0.5568000078201294
YNL307C,YCR089W,0,,0.15210109949111938,0.9990000128746033,0.5569000244140625
YNR043W,YCR009C,0,,0.15207794308662415,0.9990000128746033,0.5569999814033508
YLL034C,YPR020W,0,,0.1520548015832901,0.9990000128746033,0.5570999979972839
YLR129W,YNL135C,0,,0.15203166007995605,0.9990000128746033,0.557200014591217
YOR046C,YPR103W,0,,0.152008518576622,0.9990000128746033,0.5572999715805054
YHR160C,YNL047C,0,,0.15198539197444916,0.9990000128746033,0.5573999881744385
YLR441C,YGR116W,0,,0.1519622802734375,0.9990000128746033,0.5575000047683716
YDR304C,YOR007C,0,,0.15193916857242584,0.9990000128746033,0.5576000213623047
YOR085W,YOL005C,0,,0.15191605687141418,0.9990000128746033,0.557699978351593
YHR010W,YGR056W,0,,0.15189296007156372,0.9990000128746033,0.5577999949455261
YML114C,YMR070W,0,,0.15186986327171326,0.9990000128746033,0.5579000115394592
YDL114W,YPL020C,0,,0.151846781373024,0.9990000128746033,0.5580000281333923
YNL258C,YER078C,0,,0.1518237143754959,0.9990000128746033,0.5580999851226807
YLR306W,YGR034W,0,,0.15180063247680664,0.9990000128746033,0.5582000017166138
YBR186W,YPL200W,0,,0.15177758038043976,0.9990000128746033,0.5583000183105469
YDL144C,YDR251W,0,,0.15175451338291168,0.9990000128746033,0.5583999752998352
YIL158W,YBR290W,0,,0.151731476187706,0.9990000128746033,0.5584999918937683
YNL107W,YDR261W-A,0,,0.1517084240913391,0.9990000128746033,0.5586000084877014
YDR171W,YLR015W,0,,0.15168538689613342,0.9990000128746033,0.5587000250816345
YDL148C,YPL048W,0,,0.15166236460208893,0.9990000128746033,0.5587999820709229
YNL312W,YGL210W,0,,0.15163934230804443,0.9990000128746033,0.558899998664856
YOR180C,YLR289W,0,,0.15161633491516113,0.9990000128746033,0.5590000152587891
YGR108W,YPR178W,0,,0.15159332752227783,0.9990000128746033,0.5590999722480774
YHR141C,YHR019C,0,,0.15157032012939453,0.9990000128746033,0.5591999888420105
YDR140W,YDR451C,0,,0.15154732763767242,0.9990000128746033,0.5593000054359436
YDR457W,YMR065W,0,,0.1515243500471115,0.9990000128746033,0.5594000220298767
YOR294W,YFR036W,0,,0.1515013575553894,0.9990000128746033,0.559499979019165
YPL258C,YKL034W,0,,0.15147839486598969,0.9990000128746033,0.5595999956130981
YLR074C,YGL032C,0,,0.15145543217658997,0.9990000128746033,0.5597000122070312
YJL093C,YCL059C,0,,0.15143246948719025,0.9990000128746033,0.5598000288009644
YBR207W,YDR443C,0,,0.15140952169895172,0.9990000128746033,0.5598999857902527
YCR004C,YMR123W,0,,0.1513865739107132,0.9990000128746033,0.5600000023841858
YBR229C,YJR010C-A,0,,0.15136364102363586,0.9990000128746033,0.5601000189781189
YMR316W,YCR055C,0,,0.15134070813655853,0.9990000128746033,0.5601999759674072
YAR035W,YEL029C,0,,0.1513177752494812,0.9990000128746033,0.5602999925613403
YPL083C,YBR055C,0,,0.15129487216472626,0.9990000128746033,0.5604000091552734
YER130C,YER048W-A,0,,0.15127195417881012,0.9990000128746033,0.5605000257492065
YNL270C,YER101C,0,,0.15124905109405518,0.9990000128746033,0.5605999827384949
YHR188C,YKR098C,0,,0.15122616291046143,0.9990000128746033,0.560699999332428
YNL222W,YMR097C,0,,0.15120327472686768,0.9990000128746033,0.5608000159263611
YKL041W,YOR242C,0,,0.15118038654327393,0.9990000128746033,0.5608999729156494
YPL214C,YHR129C,0,,0.15115751326084137,0.9990000128746033,0.5609999895095825
YHR070W,YLR453C,0,,0.1511346399784088,0.9990000128746033,0.5611000061035156
YIL133C,YER086W,0,,0.15111178159713745,0.9990000128746033,0.5612000226974487
YJL219W,YHL036W,0,,0.1510889232158661,0.9990000128746033,0.5612999796867371
YJL044C,YFL018C,0,,0.15106607973575592,0.9990000128746033,0.5613999962806702
YML073C,YNL096C,0,,0.15104323625564575,0.9990000128746033,0.5615000128746033
YOR343W-B,YKL144C,0,,0.15102040767669678,0.9990000128746033,0.5616000294685364
YDL204W,YJR139C,0,,0.1509975790977478,0.9990000128746033,0.5616999864578247
YOR206W,YDL010W,0,,0.15097476541996002,0.9990000128746033,0.5618000030517578
YDL180W,YLL012W,0,,0.15095195174217224,0.9990000128746033,0.5619000196456909
YDL082W,YBR012W-B,0,,0.15092913806438446,0.9990000128746033,0.5619999766349792
YLR119W,YDL185W,0,,0.15090633928775787,0.9990000128746033,0.5620999932289124
YDR174W,YMR210W,0,,0.15088355541229248,0.9990000128746033,0.5622000098228455
YNL151C,YFR021W,0,,0.1508607715368271,0.9990000128746033,0.5623000264167786
YAL063C,YJL143W,0,,0.1508379876613617,0.9990000128746033,0.5623999834060669
YOR270C,YDR291W,0,,0.1508152186870575,0.9990000128746033,0.5625
YEL060C,YCR094W,0,,0.1507924497127533,0.9990000128746033,0.5626000165939331
YGR128C,YPL170W,0,,0.1507696956396103,0.9990000128746033,0.5626999735832214
YNL067W,YDR356W,0,,0.15074694156646729,0.9990000128746033,0.5627999901771545
YGR238C,YPR079W,0,,0.15072420239448547,0.9990000128746033,0.5629000067710876
YLR446W,YER030W,0,,0.15070146322250366,0.9990000128746033,0.5630000233650208
YBR012W-B,YPR167C,0,,0.15067873895168304,0.9990000128746033,0.5630999803543091
YPL249C,YNL290W,0,,0.15065601468086243,0.9990000128746033,0.5631999969482422
YDL047W,YJL204C,0,,0.1506332904100418,0.9990000128746033,0.5633000135421753
YDR260C,YGR041W,0,,0.15061058104038239,0.9990000128746033,0.5633999705314636
YGR278W,YER141W,0,,0.15058788657188416,0.9990000128746033,0.5634999871253967
YOR126C,YNL099C,0,,0.15056517720222473,0.9990000128746033,0.5636000037193298
YLR229C,YMR323W,0,,0.1505424976348877,0.9990000128746033,0.5637000203132629
YLR309C,YLR319C,0,,0.15051981806755066,0.9990000128746033,0.5637999773025513
YBR004C,YBL037W,0,,0.15049713850021362,0.9990000128746033,0.5638999938964844
YLR080W,YLR107W,0,,0.15047447383403778,0.9990000128746033,0.5640000104904175
YOR138C,YBR172C,0,,0.15045180916786194,0.9990000128746033,0.5641000270843506
YNL219C,YCR097W,0,,0.1504291594028473,0.9990000128746033,0.5641999840736389
YHL044W,YMR079W,0,,0.15040650963783264,0.9990000128746033,0.564300000667572
YLR369W,YFL009W,0,,0.150383859872818,0.9990000128746033,0.5644000172615051
YDR261C-C,YOL007C,0,,0.15036122500896454,0.9990000128746033,0.5644999742507935
YCL027C-A,YFL034C-B,0,,0.15033860504627228,0.9990000128746033,0.5645999908447266
YLR216C,YKL053C-A,0,,0.15031598508358002,0.9990000128746033,0.5647000074386597
YDR279W,YPL003W,0,,0.15029336512088776,0.9990000128746033,0.5648000240325928
YOL148C,YGR101W,0,,0.1502707600593567,0.9990000128746033,0.5648999810218811
YPL072W,YBR183W,0,,0.15024815499782562,0.9990000128746033,0.5649999976158142
YNL009W,YMR170C,0,,0.15022556483745575,0.9990000128746033,0.5651000142097473
YCL026C-B,YDR304C,0,,0.15020297467708588,0.9990000128746033,0.5651999711990356
YMR201C,YOL127W,0,,0.1501803994178772,0.9990000128746033,0.5652999877929688
YDR432W,YGR292W,0,,0.15015782415866852,0.9990000128746033,0.5654000043869019
YPL072W,YJR056C,0,,0.15013526380062103,0.9990000128746033,0.565500020980835
YOR274W,YPL177C,0,,0.15011270344257355,0.9990000128746033,0.5655999779701233
YER048W-A,YPL042C,0,,0.15009014308452606,0.9990000128746033,0.5656999945640564
YGL184C,YOL077C,0,,0.15006759762763977,0.9990000128746033,0.5658000111579895
YOL003C,YOL062C,0,,0.15004505217075348,0.9990000128746033,0.5659000277519226
YPR127W,YDR533C,0,,0.15002252161502838,0.9990000128746033,0.5659999847412109
YPL060W,YCL061C,0,,0.15000000596046448,0.9990000128746033,0.566100001335144
YLR300W,YJL060W,0,,0.14997747540473938,0.9990000128746033,0.5662000179290771
YJL219W,YKL210W,0,,0.14995497465133667,0.9990000128746033,0.5662999749183655
YPL132W,YMR188C,0,,0.14993245899677277,0.9990000128746033,0.5663999915122986
YMR011W,YOR058C,0,,0.14990995824337006,0.9990000128746033,0.5665000081062317
YKL018W,YGL145W,0,,0.14988747239112854,0.9990000128746033,0.5666000247001648
YGR089W,YGR271W,0,,0.14986498653888702,0.9990000128746033,0.5666999816894531
YOR150W,YIL158W,0,,0.1498425006866455,0.9990000128746033,0.5667999982833862
YLR147C,YNL220W,0,,0.14982002973556519,0.9990000128746033,0.5669000148773193
YML124C,YML009C,0,,0.14979757368564606,0.9990000128746033,0.5669999718666077
YER082C,YHR062C,0,,0.14977511763572693,0.9990000128746033,0.5670999884605408
YGL255W,YDR037W,0,,0.1497526615858078,0.9990000128746033,0.5672000050544739
YIL002C,YML040W,0,,0.14973022043704987,0.9990000128746033,0.567300021648407
YDR419W,YBR156C,0,,0.14970777928829193,0.9990000128746033,0.5673999786376953
YDR420W,YLR274W,0,,0.1496853530406952,0.9990000128746033,0.5674999952316284
YBR084W,YDR079W,0,,0.14966292679309845,0.9990000128746033,0.5676000118255615
YLR226W,YDR298C,0,,0.1496405005455017,0.9990000128746033,0.5677000284194946
YNL241C,YHR112C,0,,0.14961808919906616,0.9990000128746033,0.567799985408783
YDL101C,YNL129W,0,,0.1495956927537918,0.9990000128746033,0.5679000020027161
YJR151C,YGL207W,0,,0.14957329630851746,0.9990000128746033,0.5680000185966492
YOL045W,YER069W,0,,0.1495508998632431,0.9990000128746033,0.5680999755859375
YLR157C-A,YCL045C,0,,0.14952851831912994,0.9990000128746033,0.5681999921798706
YJR147W,YLR045C,0,,0.14950613677501678,0.9990000128746033,0.5683000087738037
YDR448W,YJL076W,0,,0.14948377013206482,0.9990000128746033,0.5684000253677368
YJR016C,YDR347W,0,,0.14946140348911285,0.9990000128746033,0.5684999823570251
YPL113C,YJR086W,0,,0.1494390368461609,0.9990000128746033,0.5685999989509583
YER175C,YIR010W,0,,0.14941668510437012,0.9990000128746033,0.5687000155448914
YNL071W,YMR058W,0,,0.14939434826374054,0.9990000128746033,0.5687999725341797
YPL124W,YJL091C,0,,0.14937201142311096,0.9990000128746033,0.5688999891281128
YDR065W,YPL012W,0,,0.14934967458248138,0.9990000128746033,0.5690000057220459
YJL144W,YFR007W,0,,0.149327352643013,0.9990000128746033,0.569100022315979
YNR050C,YCL048W-A,0,,0.14930503070354462,0.9990000128746033,0.5691999793052673
YER055C,YNL312W,0,,0.14928272366523743,0.9990000128746033,0.5692999958992004
YIR018W,YOR369C,0,,0.14926041662693024,0.9990000128746033,0.5694000124931335
YNR047W,YFL035C,0,,0.14923812448978424,0.9990000128746033,0.5695000290870667
YNR026C,YPR187W,0,,0.14921583235263824,0.9990000128746033,0.569599986076355
YOR349W,YPR138C,0,,0.14919355511665344,0.9990000128746033,0.5697000026702881
YLR182W,YDL204W,0,,0.14917127788066864,0.9990000128746033,0.5698000192642212
YOR287C,YDR240C,0,,0.14914900064468384,0.9990000128746033,0.5698999762535095
YDR255C,YNR061C,0,,0.14912673830986023,0.9990000128746033,0.5699999928474426
YGL137W,YOR321W,0,,0.14910447597503662,0.9990000128746033,0.5701000094413757
YBR073W,YNL290W,0,,0.1490822285413742,0.9990000128746033,0.5702000260353088
YNR041C,YPR160W,0,,0.1490599811077118,0.9990000128746033,0.5702999830245972
YBR020W,YGL038C,0,,0.14903774857521057,0.9990000128746033,0.5703999996185303
YGL150C,YHL047C,0,,0.14901551604270935,0.9990000128746033,0.5705000162124634
YPL002C,YCL047C,0,,0.14899328351020813,0.9990000128746033,0.5705999732017517
YMR270C,YLR388W,0,,0.1489710658788681,0.9990000128746033,0.5706999897956848
YDL061C,YPR160W,0,,0.14894886314868927,0.9990000128746033,0.5708000063896179
YIL004C,YBR087W,0,,0.14892666041851044,0.9990000128746033,0.570900022983551
YER051W,YPL188W,0,,0.1489044576883316,0.9990000128746033,0.5709999799728394
YGR215W,YIL050W,0,,0.14888226985931396,0.9990000128746033,0.5710999965667725
YIL090W,YML040W,0,,0.14886008203029633,0.9990000128746033,0.5712000131607056
YKL127W,YBR087W,0,,0.14883790910243988,0.9990000128746033,0.5713000297546387
YLR145W,YHR183W,0,,0.14881573617458344,0.9990000128746033,0.571399986743927
YCL066W,YML039W,0,,0.148793563246727,0.9990000128746033,0.5715000033378601
YPL032C,YOR323C,0,,0.14877140522003174,0.9990000128746033,0.5716000199317932
YDR478W,YIL080W,0,,0.14874926209449768,0.9990000128746033,0.5716999769210815
YNL308C,YOR353C,0,,0.14872710406780243,0.9990000128746033,0.5717999935150146
YKL041W,YOR148C,0,,0.14870497584342957,0.9990000128746033,0.5719000101089478
YNL026W,YOR346W,0,,0.1486828327178955,0.9990000128746033,0.5720000267028809
YPR101W,YOL124C,0,,0.14866071939468384,0.9990000128746033,0.5720999836921692
YKL067W,YOR349W,0,,0.14863859117031097,0.9990000128746033,0.5722000002861023
YGL020C,YDR338C,0,,0.1486164778470993,0.9990000128746033,0.5723000168800354
YDR058C,YLR403W,0,,0.14859437942504883,0.9990000128746033,0.5723999738693237
YMR033W,YOL145C,0,,0.14857228100299835,0.9990000128746033,0.5724999904632568
YJR130C,YJR088C,0,,0.14855018258094788,0.9990000128746033,0.5726000070571899
YIL034C,YBR118W,0,,0.1485280990600586,0.9990000128746033,0.572700023651123
YDL128W,YDR492W,0,,0.1485060155391693,0.9990000128746033,0.5727999806404114
YKR038C,YBR243C,0,,0.14848394691944122,0.9990000128746033,0.5728999972343445
YJL138C,YNL116W,0,,0.14846187829971313,0.9990000128746033,0.5730000138282776
YBR278W,YDR142C,0,,0.14843982458114624,0.9990000128746033,0.5730999708175659
YGR041W,YOR371C,0,,0.14841777086257935,0.9990000128746033,0.573199987411499
YPL188W,YNL079C,0,,0.14839571714401245,0.9990000128746033,0.5733000040054321
YGL121C,YAL010C,0,,0.14837367832660675,0.9990000128746033,0.5734000205993652
YJL073W,YGR274C,0,,0.14835165441036224,0.9990000128746033,0.5734999775886536
YGR063C,YNR010W,0,,0.14832961559295654,0.9990000128746033,0.5735999941825867
YMR169C,YGR203W,0,,0.14830760657787323,0.9990000128746033,0.5737000107765198
YKL148C,YDL231C,0,,0.14828558266162872,0.9990000128746033,0.5738000273704529
YOL129W,YLR449W,0,,0.1482635736465454,0.9990000128746033,0.5738999843597412
YLL032C,YMR006C,0,,0.1482415795326233,0.9990000128746033,0.5740000009536743
YPL195W,YDR266C,0,,0.14821958541870117,0.9990000128746033,0.5741000175476074
YNL069C,YJL090C,0,,0.14819759130477905,0.9990000128746033,0.5741999745368958
YDR322W,YJL091C,0,,0.14817561209201813,0.9990000128746033,0.5742999911308289
YDR363W,YOR020C,0,,0.1481536477804184,0.9990000128746033,0.574400007724762
YCR012W,YGL250W,0,,0.14813166856765747,0.9990000128746033,0.5745000243186951
YHR045W,YKL164C,0,,0.14810970425605774,0.9990000128746033,0.5745999813079834
YNL280C,YER164W,0,,0.1480877548456192,0.9990000128746033,0.5746999979019165
YPL183W-A,YMR293C,0,,0.14806580543518066,0.9990000128746033,0.5748000144958496
YGL162W,YOL068C,0,,0.14804387092590332,0.9990000128746033,0.5748999714851379
YJR040W,YBR243C,0,,0.14802193641662598,0.9990000128746033,0.574999988079071
YKL181W,YIL121W,0,,0.14800000190734863,0.9990000128746033,0.5751000046730042
YNL119W,YNL312W,0,,0.14797808229923248,0.9990000128746033,0.5752000212669373
YBR068C,YDR116C,0,,0.14795616269111633,0.9990000128746033,0.5752999782562256
YCL008C,YOR007C,0,,0.14793425798416138,0.9990000128746033,0.5753999948501587
YBR058C-A,YOL034W,0,,0.14791235327720642,0.9990000128746033,0.5755000114440918
YHL032C,YDL133C-A,0,,0.14789044857025146,0.9990000128746033,0.5756000280380249
YLR204W,YLR105C,0,,0.1478685587644577,0.9990000128746033,0.5756999850273132
YKR003W,YIR008C,0,,0.14784668385982513,0.9990000128746033,0.5758000016212463
YOR054C,YPL257W-B,0,,0.14782479405403137,0.9990000128746033,0.5759000182151794
YPL162C,YOL056W,0,,0.14780293405056,0.9990000128746033,0.5759999752044678
YPL195W,YOR283W,0,,0.14778105914592743,0.9990000128746033,0.5760999917984009
YIR023W,YOL028C,0,,0.14775921404361725,0.9990000128746033,0.576200008392334
YIL048W,YPL031C,0,,0.14773735404014587,0.9990000128746033,0.5763000249862671
YDR483W,YGL208W,0,,0.1477155089378357,0.9990000128746033,0.5763999819755554
YBL003C,YGR157W,0,,0.1476936787366867,0.9990000128746033,0.5764999985694885
YPR060C,YEL063C,0,,0.14767183363437653,0.9990000128746033,0.5766000151634216
YPR054W,YPR061C,0,,0.14765001833438873,0.9990000128746033,0.57669997215271
YOL137W,YIL171W,0,,0.14762820303440094,0.9990000128746033,0.5767999887466431
YHR168W,YBR142W,0,,0.14760638773441315,0.9990000128746033,0.5769000053405762
YJL191W,YNL054W-B,0,,0.14758457243442535,0.9990000128746033,0.5770000219345093
YOL043C,YFL036W,0,,0.14756277203559875,0.9990000128746033,0.5770999789237976
YPL059W,YIR022W,0,,0.14754098653793335,0.9990000128746033,0.5771999955177307
YPR096C,YBL021C,0,,0.14751920104026794,0.9990000128746033,0.5773000121116638
YJL095W,YNR074C,0,,0.14749741554260254,0.9990000128746033,0.5774000287055969
YDR294C,YOR150W,0,,0.14747564494609833,0.9990000128746033,0.5774999856948853
YMR100W,YPL143W,0,,0.14745387434959412,0.9990000128746033,0.5776000022888184
YKR026C,YJL190C,0,,0.1474321186542511,0.9990000128746033,0.5777000188827515
YCR011C,YDL033C,0,,0.14741036295890808,0.9990000128746033,0.5777999758720398
YFR001W,YML042W,0,,0.14738860726356506,0.9990000128746033,0.5778999924659729
YLR016C,YLR266C,0,,0.14736686646938324,0.9990000128746033,0.578000009059906
YJL051W,YDR012W,0,,0.14734512567520142,0.9990000128746033,0.5781000256538391
YJR137C,YKL135C,0,,0.1473233997821808,0.9990000128746033,0.5781999826431274
YER065C,YBR282W,0,,0.14730167388916016,0.9990000128746033,0.5782999992370605
YER004W,YIL074C,0,,0.14727996289730072,0.9990000128746033,0.5784000158309937
YNL293W,YDR320C,0,,0.14725825190544128,0.9990000128746033,0.578499972820282
YBR002C,YML005W,0,,0.14723655581474304,0.9990000128746033,0.5785999894142151
YDL022W,YHR141C,0,,0.1472148597240448,0.9990000128746033,0.5787000060081482
YPL257W-A,YER111C,0,,0.14719316363334656,0.9990000128746033,0.5788000226020813
YJR078W,YBL018C,0,,0.1471714824438095,0.9990000128746033,0.5788999795913696
YML130C,YGR028W,0,,0.14714980125427246,0.9990000128746033,0.5789999961853027
YJR145C,YPL002C,0,,0.1471281349658966,0.9990000128746033,0.5791000127792358
YER101C,YER122C,0,,0.14710646867752075,0.9990000128746033,0.579200029373169
YNL323W,YNL274C,0,,0.1470848023891449,0.9990000128746033,0.5792999863624573
YML095C,YGR140W,0,,0.14706315100193024,0.9990000128746033,0.5794000029563904
YNL085W,YMR221C,0,,0.14704151451587677,0.9990000128746033,0.5795000195503235
YHR072W-A,YDL195W,0,,0.1470198631286621,0.9990000128746033,0.5795999765396118
YDL236W,YHR079C-A,0,,0.14699824154376984,0.9990000128746033,0.5796999931335449
YOL031C,YHR005C-A,0,,0.14697660505771637,0.9990000128746033,0.579800009727478
YHR083W,YGR275W,0,,0.1469549834728241,0.9990000128746033,0.5799000263214111
YER180C,YDR330W,0,,0.14693337678909302,0.9990000128746033,0.5799999833106995
YNL151C,YLR256W-A,0,,0.14691177010536194,0.9990000128746033,0.5800999999046326
YEL065W,YJL153C,0,,0.14689016342163086,0.9990000128746033,0.5802000164985657
YDL079C,YNL258C,0,,0.14686857163906097,0.9990000128746033,0.580299973487854
YGL136C,YBR223C,0,,0.1468469798564911,0.9990000128746033,0.5803999900817871
YNR047W,YLR289W,0,,0.1468254029750824,0.9990000128746033,0.5805000066757202
YJL153C,YDL045W-A,0,,0.1468038260936737,0.9990000128746033,0.5806000232696533
YLR028C,YGL236C,0,,0.14678224921226501,0.9990000128746033,0.5806999802589417
YJR064W,YNL283C,0,,0.14676068723201752,0.9990000128746033,0.5807999968528748
YLR305C,YIL004C,0,,0.14673912525177002,0.9990000128746033,0.5809000134468079
YKR050W,YDL191W,0,,0.14671757817268372,0.9990000128746033,0.5809999704360962
YCR070W,YAL001C,0,,0.1466960310935974,0.9990000128746033,0.5810999870300293
YGR262C,YMR170C,0,,0.1466744989156723,0.9990000128746033,0.5812000036239624
YER166W,YLR440C,0,,0.1466529667377472,0.9990000128746033,0.5813000202178955
YGL251C,YGR068C,0,,0.14663143455982208,0.9990000128746033,0.5813999772071838
YLR113W,YEL012W,0,,0.14660991728305817,0.9990000128746033,0.5814999938011169
YJL225C,YLR138W,0,,0.14658841490745544,0.9990000128746033,0.58160001039505
YOR003W,YOL140W,0,,0.14656689763069153,0.9990000128746033,0.5817000269889832
YFL033C,YNR003C,0,,0.1465453952550888,0.9990000128746033,0.5817999839782715
YGL033W,YJR094W-A,0,,0.14652390778064728,0.9990000128746033,0.5819000005722046
YOR194C,YLR139C,0,,0.14650242030620575,0.9990000128746033,0.5820000171661377
YEL071W,YGR156W,0,,0.14648093283176422,0.9990000128746033,0.582099974155426
YOR304W,YMR006C,0,,0.1464594602584839,0.9990000128746033,0.5821999907493591
YNL307C,YCR097W,0,,0.14643798768520355,0.9990000128746033,0.5823000073432922
YLR205C,YCR070W,0,,0.1464165300130844,0.9990000128746033,0.5824000239372253
YPL059W,YOL088C,0,,0.14639507234096527,0.9990000128746033,0.5824999809265137
YMR203W,YDL075W,0,,0.14637362957000732,0.9990000128746033,0.5825999975204468
YBR196C,YBR176W,0,,0.14635218679904938,0.9990000128746033,0.5827000141143799
YGL232W,YNL039W,0,,0.14633074402809143,0.9990000128746033,0.5827999711036682
YOL082W,YIL142W,0,,0.14630931615829468,0.9990000128746033,0.5828999876976013
YOL146W,YIL015W,0,,0.14628788828849792,0.9990000128746033,0.5830000042915344
YNL330C,YKR087C,0,,0.14626647531986237,0.9990000128746033,0.5831000208854675
YNL279W,YNL329C,0,,0.1462450623512268,0.9990000128746033,0.5831999778747559
YNR050C,YOL104C,0,,0.14622364938259125,0.9990000128746033,0.583299994468689
YOL151W,YFR045W,0,,0.14620225131511688,0.9990000128746033,0.5834000110626221
YKL010C,YOR221C,0,,0.14618085324764252,0.9990000128746033,0.5835000276565552
YKL184W,YPL111W,0,,0.14615947008132935,0.9990000128746033,0.5835999846458435
YDR423C,YNL268W,0,,0.14613808691501617,0.9990000128746033,0.5837000012397766
YLL009C,YDR507C,0,,0.1461167186498642,0.9990000128746033,0.5838000178337097
YMR119W,YER110C,0,,0.14609535038471222,0.9990000128746033,0.583899974822998
YCL011C,YOR181W,0,,0.14607398211956024,0.9990000128746033,0.5839999914169312
YGR027C,YLR105C,0,,0.14605262875556946,0.9990000128746033,0.5841000080108643
YIL010W,YNL083W,0,,0.14603127539157867,0.9990000128746033,0.5842000246047974
YHR183W,YLR032W,0,,0.14600993692874908,0.9990000128746033,0.5842999815940857
YGR036C,YPL227C,0,,0.1459885984659195,0.9990000128746033,0.5843999981880188
YGR207C,YOR386W,0,,0.1459672749042511,0.9990000128746033,0.5845000147819519
YBR291C,YPL017C,0,,0.1459459513425827,0.9990000128746033,0.5845999717712402
YHR070W,YDR126W,0,,0.1459246277809143,0.9990000128746033,0.5846999883651733
YBR221C,YLR110C,0,,0.1459033191204071,0.9990000128746033,0.5848000049591064
YGR033C,YGR256W,0,,0.1458820104598999,0.9990000128746033,0.5849000215530396
YJL177W,YLR391W,0,,0.1458607167005539,0.9990000128746033,0.5849999785423279
YNL095C,YBR128C,0,,0.14583942294120789,0.9990000128746033,0.585099995136261
YMR172W,YJR099W,0,,0.14581812918186188,0.9990000128746033,0.5852000117301941
YCR028C,YCR066W,0,,0.14579685032367706,0.9990000128746033,0.5853000283241272
YHR030C,YOR035C,0,,0.14577557146549225,0.9990000128746033,0.5853999853134155
YBR217W,YOR343W-A,0,,0.14575430750846863,0.9990000128746033,0.5855000019073486
YDR461W,YDR440W,0,,0.145733043551445,0.9990000128746033,0.5856000185012817
YKL217W,YNL098C,0,,0.1457117795944214,0.9990000128746033,0.5856999754905701
YPL246C,YIL017W,0,,0.14569053053855896,0.9990000128746033,0.5857999920845032
YDL144C,YKR102W,0,,0.14566929638385773,0.9990000128746033,0.5859000086784363
YMR130W,YHR046C,0,,0.1456480473279953,0.9990000128746033,0.5860000252723694
YGL135W,YOL097C,0,,0.14562682807445526,0.9990000128746033,0.5860999822616577
YOR297C,YDR456W,0,,0.14560559391975403,0.9990000128746033,0.5861999988555908
YER048W-A,YLL012W,0,,0.145584374666214,0.9990000128746033,0.5863000154495239
YHR128W,YDR520C,0,,0.14556317031383514,0.9990000128746033,0.5863999724388123
YNL202W,YGL112C,0,,0.1455419510602951,0.9990000128746033,0.5864999890327454
YDR400W,YNR036C,0,,0.14552076160907745,0.9990000128746033,0.5866000056266785
YBR125C,YNL315C,0,,0.1454995572566986,0.9990000128746033,0.5867000222206116
YKR081C,YLR080W,0,,0.14547836780548096,0.9990000128746033,0.5867999792098999
YBR222C,YAL008W,0,,0.1454571932554245,0.9990000128746033,0.586899995803833
YDR447C,YJL118W,0,,0.14543601870536804,0.9990000128746033,0.5870000123977661
YMR008C,YAR031W,0,,0.14541484415531158,0.9990000128746033,0.5871000289916992
YDL078C,YML042W,0,,0.14539368450641632,0.9990000128746033,0.5871999859809875
YNL264C,YKL055C,0,,0.14537252485752106,0.9990000128746033,0.5873000025749207
YNL230C,YNL090W,0,,0.145351380109787,0.9990000128746033,0.5874000191688538
YGR278W,YPL211W,0,,0.14533023536205292,0.9990000128746033,0.5874999761581421
YJR094W-A,YJL047C,0,,0.14530909061431885,0.9990000128746033,0.5875999927520752
YHR005C-A,YER069W,0,,0.14528796076774597,0.9990000128746033,0.5877000093460083
YNL208W,YJL109C,0,,0.1452668309211731,0.9990000128746033,0.5878000259399414
YKL184W,YJR149W,0,,0.1452457159757614,0.9990000128746033,0.5878999829292297
YML069W,YFR021W,0,,0.14522460103034973,0.9990000128746033,0.5879999995231628
YAR018C,YJL170C,0,,0.14520348608493805,0.9990000128746033,0.588100016117096
YNL121C,YCR042C,0,,0.14518238604068756,0.9990000128746033,0.5881999731063843
YKL010C,YOR064C,0,,0.14516128599643707,0.9990000128746033,0.5882999897003174
YDR339C,YEL055C,0,,0.14514020085334778,0.9990000128746033,0.5884000062942505
YNL058C,YDL061C,0,,0.14511911571025848,0.9990000128746033,0.5885000228881836
YIL076W,YPL241C,0,,0.14509804546833038,0.9990000128746033,0.5885999798774719
YBL058W,YDR013W,0,,0.1450769603252411,0.9990000128746033,0.588699996471405
YLR127C,YDR014W-A,0,,0.14505590498447418,0.9990000128746033,0.5888000130653381
YOL140W,YKL143W,0,,0.14503484964370728,0.9990000128746033,0.5889000296592712
YMR268W-A,YML051W,0,,0.14501379430294037,0.9990000128746033,0.5889999866485596
YDR034C-C,YIL121W,0,,0.14499273896217346,0.9990000128746033,0.5891000032424927
YER151C,YCR048W,0,,0.14497169852256775,0.9990000128746033,0.5892000198364258
YKR068C,YJR076C,0,,0.14495067298412323,0.9990000128746033,0.5892999768257141
YER048W-A,YDR252W,0,,0.14492963254451752,0.9990000128746033,0.5893999934196472
YJR103W,YPL144W,0,,0.1449086219072342,0.9990000128746033,0.5895000100135803
YDL210W,YGR048W,0,,0.14488759636878967,0.9990000128746033,0.5896000266075134
YPL027W,YEL062W,0,,0.14486658573150635,0.9990000128746033,0.5896999835968018
YNL301C,YDR164C,0,,0.14484558999538422,0.9990000128746033,0.5898000001907349
YJR160C,YKL027W,0,,0.14482459425926208,0.9990000128746033,0.589900016784668
YDR170C,YML026C,0,,0.14480359852313995,0.9990000128746033,0.5899999737739563
YER058W,YBR235W,0,,0.14478260278701782,0.9990000128746033,0.5900999903678894
YCL011C,YPL122C,0,,0.14476162195205688,0.9990000128746033,0.5902000069618225
YER056C-A,YLR381W,0,,0.14474065601825714,0.9990000128746033,0.5903000235557556
YHR066W,YOR005C,0,,0.1447196900844574,0.9990000128746033,0.590399980545044
YDR139C,YPL094C,0,,0.14469872415065765,0.9990000128746033,0.590499997138977
YDL155W,YKL186C,0,,0.1446777731180191,0.9990000128746033,0.5906000137329102
YIL101C,YDR322C-A,0,,0.14465682208538055,0.9990000128746033,0.5906999707221985
YDR304C,YPL230W,0,,0.144635871052742,0.9990000128746033,0.5907999873161316
YML091C,YNL322C,0,,0.14461493492126465,0.9990000128746033,0.5909000039100647
YNL151C,YPL257W-A,0,,0.1445940136909485,0.9990000128746033,0.5910000205039978
YJL065C,YIR008C,0,,0.14457307755947113,0.9990000128746033,0.5910999774932861
YIL004C,YGL241W,0,,0.14455215632915497,0.9990000128746033,0.5911999940872192
YLR264W,YIL067C,0,,0.14453125,0.9990000128746033,0.5913000106811523
YBL106C,YHR061C,0,,0.14451034367084503,0.9990000128746033,0.5914000272750854
YGL012W,YDR229W,0,,0.14448943734169006,0.9990000128746033,0.5914999842643738
YDL202W,YDR118W,0,,0.1444685459136963,0.9990000128746033,0.5916000008583069
YPR056W,YPL144W,0,,0.14444765448570251,0.9990000128746033,0.59170001745224
YOR337W,YOR198C,0,,0.14442677795886993,0.9990000128746033,0.5917999744415283
YLL051C,YKL220C,0,,0.14440590143203735,0.9990000128746033,0.5918999910354614
YLR020C,YIL027C,0,,0.14438502490520477,0.9990000128746033,0.5920000076293945
YCL034W,YGL253W,0,,0.1443641632795334,0.9990000128746033,0.5921000242233276
YDR334W,YLR265C,0,,0.144343301653862,0.9990000128746033,0.592199981212616
YIR014W,YHR167W,0,,0.1443224549293518,0.9990000128746033,0.5922999978065491
YBR057C,YPL242C,0,,0.1443016082048416,0.9990000128746033,0.5924000144004822
YBR067C,YDL138W,0,,0.14428076148033142,0.9990000128746033,0.5924999713897705
YCR071C,YGR143W,0,,0.14425992965698242,0.9990000128746033,0.5925999879837036
YML088W,YDR210W-D,0,,0.14423909783363342,0.9990000128746033,0.5927000045776367
YCR024C-A,YLR045C,0,,0.14421828091144562,0.9990000128746033,0.5928000211715698
YNR039C,YNR061C,0,,0.1441974639892578,0.9990000128746033,0.5928999781608582
YJR113C,YOR362C,0,,0.14417664706707,0.9990000128746033,0.5929999947547913
YGR089W,YGL022W,0,,0.1441558450460434,0.9990000128746033,0.5931000113487244
YAL063C,YNL316C,0,,0.14413504302501678,0.9990000128746033,0.5932000279426575
YHL022C,YIL023C,0,,0.14411425590515137,0.9990000128746033,0.5932999849319458
YOR145C,YNL242W,0,,0.14409346878528595,0.9990000128746033,0.5934000015258789
YKL180W,YDR497C,0,,0.14407268166542053,0.9990000128746033,0.593500018119812
YOR145C,YPL154C,0,,0.1440519094467163,0.9990000128746033,0.5935999751091003
YLR441C,YLL041C,0,,0.14403113722801208,0.9990000128746033,0.5936999917030334
YOR214C,YPL181W,0,,0.14401037991046906,0.9990000128746033,0.5938000082969666
YER164W,YBR002C,0,,0.14398962259292603,0.9990000128746033,0.5939000248908997
YLL028W,YOR340C,0,,0.143968865275383,0.9990000128746033,0.593999981880188
YMR008C,YJL081C,0,,0.14394812285900116,0.9990000128746033,0.5940999984741211
YCR081W,YGL254W,0,,0.14392739534378052,0.9990000128746033,0.5942000150680542
YIR039C,YDL225W,0,,0.14390665292739868,0.9990000128746033,0.5942999720573425
YDL184C,YKL130C,0,,0.14388592541217804,0.9990000128746033,0.5943999886512756
YEL020C,YBR073W,0,,0.1438652127981186,0.9990000128746033,0.5945000052452087
YDR180W,YIL093C,0,,0.14384448528289795,0.9990000128746033,0.5946000218391418
YLR144C,YBR035C,0,,0.1438237875699997,0.9990000128746033,0.5946999788284302
YJR129C,YBR026C,0,,0.14380307495594025,0.9990000128746033,0.5947999954223633
YOR125C,YKL157W,0,,0.143782377243042,0.9990000128746033,0.5949000120162964
YPL160W,YIL023C,0,,0.14376169443130493,0.9990000128746033,0.5950000286102295
YGL190C,YKL186C,0,,0.14374101161956787,0.9990000128746033,0.5950999855995178
YLR287C-A,YNL210W,0,,0.1437203288078308,0.9990000128746033,0.5952000021934509
YBR199W,YGL002W,0,,0.14369966089725494,0.9990000128746033,0.595300018787384
YBR115C,YMR197C,0,,0.14367899298667908,0.9990000128746033,0.5953999757766724
YIL128W,YDL054C,0,,0.1436583250761032,0.9990000128746033,0.5954999923706055
YOL049W,YML074C,0,,0.14363767206668854,0.9990000128746033,0.5956000089645386
YML124C,YOR141C,0,,0.14361701905727386,0.9990000128746033,0.5957000255584717
YHR183W,YBL009W,0,,0.14359638094902039,0.9990000128746033,0.59579998254776
YGR041W,YBR265W,0,,0.1435757428407669,0.9990000128746033,0.5958999991416931
YDR444W,YDL188C,0,,0.14355510473251343,0.9990000128746033,0.5960000157356262
YGR185C,YMR032W,0,,0.14353448152542114,0.9990000128746033,0.5960999727249146
YPL065W,YCL057W,0,,0.14351385831832886,0.9990000128746033,0.5961999893188477
YOR321W,YBR227C,0,,0.14349325001239777,0.9990000128746033,0.5963000059127808
YGR037C,YPL059W,0,,0.14347264170646667,0.9990000128746033,0.5964000225067139
YGR179C,YBL040C,0,,0.14345203340053558,0.9990000128746033,0.5964999794960022
YNL241C,YMR021C,0,,0.14343143999576569,0.9990000128746033,0.5965999960899353
YMR086W,YGR148C,0,,0.1434108465909958,0.9990000128746033,0.5967000126838684
YML125C,YGR177C,0,,0.14339026808738708,0.9990000128746033,0.5968000292778015
YOL100W,YML009C,0,,0.14336968958377838,0.9990000128746033,0.5968999862670898
YGR035C,YMR189W,0,,0.14334911108016968,0.9990000128746033,0.597000002861023
YGR227W,YIL034C,0,,0.14332854747772217,0.9990000128746033,0.597100019454956
YHL009W-B,YML066C,0,,0.14330798387527466,0.9990000128746033,0.5971999764442444
YOL111C,YJL076W,0,,0.14328743517398834,0.9990000128746033,0.5972999930381775
YMR210W,YML070W,0,,0.14326688647270203,0.9990000128746033,0.5974000096321106
YOL041C,YNL102W,0,,0.1432463377714157,0.9990000128746033,0.5975000262260437
YMR200W,YLR096W,0,,0.1432258039712906,0.9990000128746033,0.597599983215332
YDR403W,YGL124C,0,,0.14320527017116547,0.9990000128746033,0.5976999998092651
YML028W,YBR261C,0,,0.14318475127220154,0.9990000128746033,0.5978000164031982
YGL030W,YIL090W,0,,0.1431642323732376,0.9990000128746033,0.5978999733924866
YOL109W,YOL018C,0,,0.14314371347427368,0.9990000128746033,0.5979999899864197
YER054C,YIL017C,0,,0.14312320947647095,0.9990000128746033,0.5981000065803528
YMR160W,YNL310C,0,,0.1431027054786682,0.9990000128746033,0.5982000231742859
YPL155C,YDL216C,0,,0.14308221638202667,0.9990000128746033,0.5982999801635742
YDR219C,YNL113W,0,,0.14306172728538513,0.9990000128746033,0.5983999967575073
YMR285C,YGL185C,0,,0.1430412381887436,0.9990000128746033,0.5985000133514404
YJL065C,YGL065C,0,,0.14302076399326324,0.9990000128746033,0.5985999703407288
YIL114C,YJL081C,0,,0.1430002897977829,0.9990000128746033,0.5986999869346619
YIL143C,YMR306W,0,,0.14297981560230255,0.9990000128746033,0.598800003528595
YBL090W,YDR121W,0,,0.1429593563079834,0.9990000128746033,0.5989000201225281
YPR196W,YBR044C,0,,0.14293889701366425,0.9990000128746033,0.5989999771118164
YBR057C,YBR118W,0,,0.1429184526205063,0.9990000128746033,0.5990999937057495
YOR278W,YPR036W,0,,0.14289800822734833,0.9990000128746033,0.5992000102996826
YLR446W,YDR046C,0,,0.14287757873535156,0.9990000128746033,0.5993000268936157
YDL020C,YJL002C,0,,0.1428571492433548,0.9990000128746033,0.599399983882904
YKL101W,YGR161C-C,0,,0.14283671975135803,0.9990000128746033,0.5995000004768372
YMR223W,YDR128W,0,,0.14281629025936127,0.9990000128746033,0.5996000170707703
YDL080C,YLL004W,0,,0.1427958905696869,0.9990000128746033,0.5996999740600586
YKL189W,YGR123C,0,,0.14277547597885132,0.9990000128746033,0.5997999906539917
YLR357W,YER120W,0,,0.14275507628917694,0.9990000128746033,0.5999000072479248
YML070W,YGR194C,0,,0.14273467659950256,0.9990000128746033,0.6000000238418579
YDR245W,YJL052W,0,,0.14271429181098938,0.9990000128746033,0.6000999808311462
YDL010W,YIL131C,0,,0.1426939070224762,0.9990000128746033,0.6001999974250793
YFL039C,YGR010W,0,,0.142673522233963,0.9990000128746033,0.6003000140190125
YPR049C,YOR354C,0,,0.14265315234661102,0.9990000128746033,0.6003999710083008
YLR172C,YGL103W,0,,0.14263278245925903,0.9990000128746033,0.6004999876022339
YML121W,YMR293C,0,,0.14261241257190704,0.9990000128746033,0.600600004196167
YDR123C,YPL121C,0,,0.14259205758571625,0.9990000128746033,0.6007000207901001
YPL214C,YOR228C,0,,0.14257171750068665,0.9990000128746033,0.6007999777793884
YGR155W,YFL050C,0,,0.14255136251449585,0.9990000128746033,0.6008999943733215
YKL041W,YMR032W,0,,0.14253103733062744,0.9990000128746033,0.6010000109672546
YJR152W,YOL133W,0,,0.14251069724559784,0.9990000128746033,0.6011000275611877
YGL212W,YER104W,0,,0.14249037206172943,0.9990000128746033,0.6011999845504761
YOL039W,YAL058W,0,,0.14247004687786102,0.9990000128746033,0.6013000011444092
YDR224C,YKL156W,0,,0.1424497365951538,0.9990000128746033,0.6014000177383423
YML060W,YGR125W,0,,0.1424294263124466,0.9990000128746033,0.6014999747276306
YJR078W,YOR393W,0,,0.14240911602973938,0.9990000128746033,0.6015999913215637
YCL069W,YLR389C,0,,0.14238882064819336,0.9990000128746033,0.6017000079154968
YGL200C,YMR075W,0,,0.14236854016780853,0.9990000128746033,0.6018000245094299
YML124C,YLR285W,0,,0.1423482447862625,0.9990000128746033,0.6018999814987183
YCL032W,YDR079C-A,0,,0.14232796430587769,0.9990000128746033,0.6019999980926514
YJR045C,YKL183W,0,,0.14230769872665405,0.9990000128746033,0.6021000146865845
YML038C,YKL053C-A,0,,0.14228741824626923,0.9990000128746033,0.6021999716758728
YGR180C,YIR006C,0,,0.1422671675682068,0.9990000128746033,0.6022999882698059
YBR056W,YIL097W,0,,0.14224690198898315,0.9990000128746033,0.602400004863739
YMR038C,YDR231C,0,,0.14222665131092072,0.9990000128746033,0.6025000214576721
YCR070W,YHR098C,0,,0.14220640063285828,0.9990000128746033,0.6025999784469604
YPL196W,YLR380W,0,,0.14218616485595703,0.9990000128746033,0.6026999950408936
YPR158C-C,YGR159C,0,,0.1421659290790558,0.9990000128746033,0.6028000116348267
YOR338W,YLL001W,0,,0.14214570820331573,0.9990000128746033,0.6029000282287598
YOR022C,YPL188W,0,,0.14212548732757568,0.9990000128746033,0.6029999852180481
YER025W,YNL037C,0,,0.14210526645183563,0.9990000128746033,0.6031000018119812
YLR242C,YGR162W,0,,0.14208504557609558,0.9990000128746033,0.6032000184059143
YBL102W,YDR373W,0,,0.14206483960151672,0.9990000128746033,0.6032999753952026
YDL229W,YOL016C,0,,0.14204464852809906,0.9990000128746033,0.6033999919891357
YDR288W,YDR142C,0,,0.1420244574546814,0.9990000128746033,0.6035000085830688
YML132W,YFL001W,0,,0.14200426638126373,0.9990000128746033,0.603600025177002
YKL166C,YNL202W,0,,0.14198407530784607,0.9990000128746033,0.6036999821662903
YBR057C,YDR067C,0,,0.1419638991355896,0.9990000128746033,0.6037999987602234
YML048W,YLR240W,0,,0.14194373786449432,0.9990000128746033,0.6039000153541565
YER161C,YKR010C,0,,0.14192356169223785,0.9990000128746033,0.6039999723434448
YDL136W,YPR160W,0,,0.14190341532230377,0.9990000128746033,0.6040999889373779
YGR027W-A,YOL145C,0,,0.1418832540512085,0.9990000128746033,0.604200005531311
YBL084C,YJL025W,0,,0.14186310768127441,0.9990000128746033,0.6043000221252441
YMR083W,YOR099W,0,,0.14184296131134033,0.9990000128746033,0.6043999791145325
YPR096C,YMR090W,0,,0.14182282984256744,0.9990000128746033,0.6044999957084656
YGR207C,YBR068C,0,,0.14180269837379456,0.9990000128746033,0.6046000123023987
YPL127C,YMR029C,0,,0.14178256690502167,0.9990000128746033,0.6047000288963318
YER036C,YKL157W,0,,0.14176245033740997,0.9990000128746033,0.6047999858856201
YOR046C,YLR079W,0,,0.14174233376979828,0.9990000128746033,0.6049000024795532
YJL165C,YJR059W,0,,0.14172223210334778,0.9990000128746033,0.6050000190734863
YGL095C,YKL027W,0,,0.14170213043689728,0.9990000128746033,0.6050999760627747
YDR101C,YMR231W,0,,0.14168202877044678,0.9990000128746033,0.6051999926567078
YJR010C-A,YLR106C,0,,0.14166194200515747,0.9990000128746033,0.6053000092506409
YOR210W,YLR210W,0,,0.14164185523986816,0.9990000128746033,0.605400025844574
YBL019W,YGR159C,0,,0.14162176847457886,0.9990000128746033,0.6054999828338623
YPL051W,YML051W,0,,0.14160169661045074,0.9990000128746033,0.6055999994277954
YGR282C,YGR144W,0,,0.14158163964748383,0.9990000128746033,0.6057000160217285
YMR130W,YLR183C,0,,0.1415615677833557,0.9990000128746033,0.6057999730110168
YBL079W,YPL033C,0,,0.1415415108203888,0.9990000128746033,0.60589998960495
YPL026C,YGR041W,0,,0.14152146875858307,0.9990000128746033,0.6060000061988831
YHR203C,YLR340W,0,,0.14150141179561615,0.9990000128746033,0.6061000227928162
YER160C,YLR344W,0,,0.14148136973381042,0.9990000128746033,0.6061999797821045
YIR039C,YJR098C,0,,0.1414613425731659,0.9990000128746033,0.6062999963760376
YLR103C,YPR006C,0,,0.14144131541252136,0.9990000128746033,0.6064000129699707
YDR058C,YDR540C,0,,0.14142128825187683,0.9990000128746033,0.6065000295639038
YBR039W,YIL063C,0,,0.1414012759923935,0.9990000128746033,0.6065999865531921
YML106W,YHR011W,0,,0.14138126373291016,0.9990000128746033,0.6067000031471252
YGR076C,YGR089W,0,,0.14136125147342682,0.9990000128746033,0.6068000197410583
YLR084C,YPL240C,0,,0.14134125411510468,0.9990000128746033,0.6068999767303467
YOR239W,YJL062W-A,0,,0.14132125675678253,0.9990000128746033,0.6069999933242798
YBL102W,YNL210W,0,,0.14130127429962158,0.9990000128746033,0.6071000099182129
YPL124W,YGL226C-A,0,,0.14128129184246063,0.9990000128746033,0.607200026512146
YNL131W,YBR253W,0,,0.14126130938529968,0.9990000128746033,0.6072999835014343
YOR176W,YLR320W,0,,0.14124134182929993,0.9990000128746033,0.6074000000953674
YPL110C,YOL109W,0,,0.14122137427330017,0.9990000128746033,0.6075000166893005
YML012W,YIR023W,0,,0.14120140671730042,0.9990000128746033,0.6075999736785889
YFL016C,YPL038W,0,,0.14118145406246185,0.9990000128746033,0.607699990272522
YDR296W,YOR088W,0,,0.14116151630878448,0.9990000128746033,0.6078000068664551
YER169W,YMR231W,0,,0.14114156365394592,0.9990000128746033,0.6079000234603882
YGL037C,YGL211W,0,,0.14112162590026855,0.9990000128746033,0.6079999804496765
YBR161W,YMR188C,0,,0.1411016881465912,0.9990000128746033,0.6080999970436096
YDR405W,YDR311W,0,,0.141081765294075,0.9990000128746033,0.6082000136375427
YLR306W,YOL109W,0,,0.14106184244155884,0.9990000128746033,0.608299970626831
YLR212C,YNR001C,0,,0.14104193449020386,0.9990000128746033,0.6083999872207642
YDR033W,YOR035C,0,,0.14102202653884888,0.9990000128746033,0.6085000038146973
YOR010C,YOL045W,0,,0.1410021185874939,0.9990000128746033,0.6086000204086304
YNR046W,YGR075C,0,,0.1409822255373001,0.9990000128746033,0.6086999773979187
YDR331W,YCL057C-A,0,,0.14096233248710632,0.9990000128746033,0.6087999939918518
YJR010C-A,YDR205W,0,,0.14094243943691254,0.9990000128746033,0.6089000105857849
YHL032C,YGR109W-B,0,,0.14092256128787994,0.9990000128746033,0.609000027179718
YLR321C,YDL159W,0,,0.14090268313884735,0.9990000128746033,0.6090999841690063
YOR378W,YOR047C,0,,0.14088280498981476,0.9990000128746033,0.6092000007629395
YNL086W,YER115C,0,,0.14086294174194336,0.9990000128746033,0.6093000173568726
YKL166C,YEL021W,0,,0.14084307849407196,0.9990000128746033,0.6093999743461609
YKL049C,YAL063C,0,,0.14082323014736176,0.9990000128746033,0.609499990940094
YOL109W,YGL187C,0,,0.14080338180065155,0.9990000128746033,0.6096000075340271
YIL122W,YJL118W,0,,0.14078353345394135,0.9990000128746033,0.6097000241279602
YLR447C,YLR341W,0,,0.14076370000839233,0.9990000128746033,0.6097999811172485
YDL006W,YDL148C,0,,0.14074386656284332,0.9990000128746033,0.6098999977111816
YNL050C,YPL037C,0,,0.1407240480184555,0.9990000128746033,0.6100000143051147
YDL127W,YDR079W,0,,0.1407042294740677,0.9990000128746033,0.6100999712944031
YER007W,YBR154C,0,,0.14068441092967987,0.9990000128746033,0.6101999878883362
YBR012W-B,YHL047C,0,,0.14066460728645325,0.9990000128746033,0.6103000044822693
YGR169C,YPL092W,0,,0.14064480364322662,0.9990000128746033,0.6104000210762024
YGL190C,YBL042C,0,,0.140625,0.9990000128746033,0.6104999780654907
YBR001C,YGL038C,0,,0.14060521125793457,0.9990000128746033,0.6105999946594238
YOR017W,YLR268W,0,,0.14058542251586914,0.9990000128746033,0.6107000112533569
YPR103W,YIL042C,0,,0.1405656337738037,0.9990000128746033,0.61080002784729
YOR131C,YHR207C,0,,0.14054585993289948,0.9990000128746033,0.6108999848365784
YPL189C-A,YHR152W,0,,0.14052610099315643,0.9990000128746033,0.6110000014305115
YMR083W,YER148W,0,,0.1405063271522522,0.9990000128746033,0.6111000180244446
YLL062C,YLR353W,0,,0.14048656821250916,0.9990000128746033,0.6111999750137329
YGR167W,YJL106W,0,,0.1404668092727661,0.9990000128746033,0.611299991607666
YPL167C,YOR069W,0,,0.14044706523418427,0.9990000128746033,0.6114000082015991
YIR010W,YPL147W,0,,0.14042732119560242,0.9990000128746033,0.6115000247955322
YBL011W,YPR073C,0,,0.14040759205818176,0.9990000128746033,0.6115999817848206
YDR218C,YMR198W,0,,0.1403878629207611,0.9990000128746033,0.6116999983787537
YBL067C,YNR032W,0,,0.14036813378334045,0.9990000128746033,0.6118000149726868
YIL132C,YIL041W,0,,0.140348419547081,0.9990000128746033,0.6118999719619751
YIL127C,YKL213C,0,,0.14032869040966034,0.9990000128746033,0.6119999885559082
YOR133W,YBL054W,0,,0.14030899107456207,0.9990000128746033,0.6121000051498413
YPL208W,YDR018C,0,,0.1402892917394638,0.9990000128746033,0.6122000217437744
YFL045C,YBR008C,0,,0.14026959240436554,0.9990000128746033,0.6122999787330627
YKL094W,YJL189W,0,,0.14024989306926727,0.9990000128746033,0.6123999953269958
YBL042C,YDL225W,0,,0.1402302086353302,0.9990000128746033,0.612500011920929
YLR206W,YAL005C,0,,0.14021052420139313,0.9990000128746033,0.6126000285148621
YAR035W,YPR094W,0,,0.14019085466861725,0.9990000128746033,0.6126999855041504
YHR064C,YNL146W,0,,0.14017118513584137,0.9990000128746033,0.6128000020980835
YER110C,YCR011C,0,,0.1401515156030655,0.9990000128746033,0.6129000186920166
YKL212W,YDR311W,0,,0.1401318609714508,0.9990000128746033,0.6129999756813049
YJR014W,YJL149W,0,,0.14011220633983612,0.9990000128746033,0.613099992275238
YAL063C,YER145C,0,,0.14009255170822144,0.9990000128746033,0.6132000088691711
YPL030W,YGL090W,0,,0.14007291197776794,0.9990000128746033,0.6133000254631042
YGL030W,YER090W,0,,0.14005327224731445,0.9990000128746033,0.6133999824523926
YJL177W,YOR229W,0,,0.14003364741802216,0.9990000128746033,0.6134999990463257
YNL282W,YPR107C,0,,0.14001402258872986,0.9990000128746033,0.6136000156402588
YER095W,YNL239W,0,,0.13999439775943756,0.9990000128746033,0.6136999726295471
YDR254W,YNR006W,0,,0.13997477293014526,0.9990000128746033,0.6137999892234802
YDR448W,YPL206C,0,,0.13995516300201416,0.9990000128746033,0.6139000058174133
YGR105W,YJR051W,0,,0.13993556797504425,0.9990000128746033,0.6140000224113464
YMR182C,YDL061C,0,,0.13991597294807434,0.9990000128746033,0.6140999794006348
YEL009C,YOR098C,0,,0.13989637792110443,0.9990000128746033,0.6141999959945679
YER145C,YDR214W,0,,0.13987678289413452,0.9990000128746033,0.614300012588501
YCL045C,YNL006W,0,,0.1398572027683258,0.9990000128746033,0.6144000291824341
YGR284C,YDL107W,0,,0.1398376226425171,0.9990000128746033,0.6144999861717224
YIL126W,YHR167W,0,,0.13981805741786957,0.9990000128746033,0.6146000027656555
YDL064W,YGR036C,0,,0.13979849219322205,0.9990000128746033,0.6147000193595886
YDR348C,YML036W,0,,0.13977892696857452,0.9990000128746033,0.614799976348877
YER014C-A,YNL312W,0,,0.1397593766450882,0.9990000128746033,0.6148999929428101
YPL095C,YDL056W,0,,0.13973982632160187,0.9990000128746033,0.6150000095367432
YPL074W,YDR524C-B,0,,0.13972027599811554,0.9990000128746033,0.6151000261306763
YPR201W,YOL072W,0,,0.1397007405757904,0.9990000128746033,0.6151999831199646
YBR217W,YNR045W,0,,0.13968120515346527,0.9990000128746033,0.6152999997138977
YDL083C,YNR032W,0,,0.13966168463230133,0.9990000128746033,0.6154000163078308
YLL005C,YKL217W,0,,0.1396421641111374,0.9990000128746033,0.6154999732971191
YGL029W,YLR256W,0,,0.13962264358997345,0.9990000128746033,0.6155999898910522
YOR275C,YIL105C,0,,0.1396031230688095,0.9990000128746033,0.6157000064849854
YFR001W,YGR247W,0,,0.13958361744880676,0.9990000128746033,0.6158000230789185
YNL070W,YML118W,0,,0.1395641267299652,0.9990000128746033,0.6158999800682068
YAR027W,YHR129C,0,,0.13954463601112366,0.9990000128746033,0.6159999966621399
YLL033W,YBR198C,0,,0.1395251452922821,0.9990000128746033,0.616100013256073
YIL078W,YBR201W,0,,0.13950565457344055,0.9990000128746033,0.6161999702453613
YDR299W,YML066C,0,,0.1394861787557602,0.9990000128746033,0.6162999868392944
YNL306W,YOL165C,0,,0.13946670293807983,0.9990000128746033,0.6164000034332275
YHR065C,YJR009C,0,,0.13944724202156067,0.9990000128746033,0.6165000200271606
YGL003C,YMR257C,0,,0.1394277811050415,0.9990000128746033,0.616599977016449
YNL225C,YDR382W,0,,0.13940832018852234,0.9990000128746033,0.6166999936103821
YER133W,YEL036C,0,,0.13938885927200317,0.9990000128746033,0.6168000102043152
YGL257C,YCL048W-A,0,,0.1393694132566452,0.9990000128746033,0.6169000267982483
YOL040C,YIL114C,0,,0.13934998214244843,0.9990000128746033,0.6169999837875366
YMR176W,YJR155W,0,,0.13933055102825165,0.9990000128746033,0.6171000003814697
YGR143W,YML131W,0,,0.13931111991405487,0.9990000128746033,0.6172000169754028
YMR109W,YGR098C,0,,0.1392916887998581,0.9990000128746033,0.6172999739646912
YOR295W,YML085C,0,,0.1392722725868225,0.9990000128746033,0.6173999905586243
YLR264W,YDL126C,0,,0.13925285637378693,0.9990000128746033,0.6175000071525574
YOR120W,YER145C,0,,0.13923345506191254,0.9990000128746033,0.6176000237464905
YOL039W,YEL041W,0,,0.13921405375003815,0.9990000128746033,0.6176999807357788
YER173W,YGR183C,0,,0.13919465243816376,0.9990000128746033,0.6177999973297119
YML114C,YMR247C,0,,0.13917525112628937,0.9990000128746033,0.617900013923645
YDR508C,YDR264C,0,,0.13915586471557617,0.9990000128746033,0.6179999709129333
YCL030C,YDR409W,0,,0.13913649320602417,0.9990000128746033,0.6180999875068665
YJR133W,YAL029C,0,,0.13911712169647217,0.9990000128746033,0.6182000041007996
YBR006W,YLR005W,0,,0.13909775018692017,0.9990000128746033,0.6183000206947327
YJL063C,YMR075W,0,,0.13907837867736816,0.9990000128746033,0.618399977684021
YBL045C,YOR198C,0,,0.13905902206897736,0.9990000128746033,0.6184999942779541
YLR446W,YBR296C,0,,0.13903966546058655,0.9990000128746033,0.6186000108718872
YPL083C,YGL207W,0,,0.13902032375335693,0.9990000128746033,0.6187000274658203
YKL189W,YFL031W,0,,0.13900096714496613,0.9990000128746033,0.6187999844551086
YER030W,YPL212C,0,,0.1389816403388977,0.9990000128746033,0.6189000010490417
YFR036W,YPL143W,0,,0.1389622986316681,0.9990000128746033,0.6190000176429749
YGR285C,YJR097W,0,,0.13894297182559967,0.9990000128746033,0.6190999746322632
YOR378W,YMR019W,0,,0.13892365992069244,0.9990000128746033,0.6191999912261963
YIL127C,YLL033W,0,,0.13890433311462402,0.9990000128746033,0.6193000078201294
YPL086C,YBL029C-A,0,,0.1388850212097168,0.9990000128746033,0.6194000244140625
YCR042C,YML064C,0,,0.13886572420597076,0.9990000128746033,0.6194999814033508
YHR161C,YJL053W,0,,0.13884642720222473,0.9990000128746033,0.6195999979972839
YGL203C,YMR051C,0,,0.1388271301984787,0.9990000128746033,0.619700014591217
YJL014W,YPR160W,0,,0.13880783319473267,0.9990000128746033,0.6197999715805054
YBR084W,YAL014C,0,,0.13878855109214783,0.9990000128746033,0.6198999881744385
YBR123C,YER131W,0,,0.138769268989563,0.9990000128746033,0.6200000047683716
YER083C,YIL099W,0,,0.13875000178813934,0.9990000128746033,0.6201000213623047
YMR115W,YKR097W,0,,0.1387307345867157,0.9990000128746033,0.620199978351593
YLL019C,YDL051W,0,,0.13871146738529205,0.9990000128746033,0.6202999949455261
YFL053W,YBL082C,0,,0.1386922150850296,0.9990000128746033,0.6204000115394592
YLR225C,YDL010W,0,,0.13867296278476715,0.9990000128746033,0.6205000281333923
YGR121C,YOL146W,0,,0.1386537104845047,0.9990000128746033,0.6205999851226807
YJL178C,YGL020C,0,,0.13863447308540344,0.9990000128746033,0.6207000017166138
YLR268W,YCL003W,0,,0.13861523568630219,0.9990000128746033,0.6208000183105469
YHR039C,YDR511W,0,,0.13859599828720093,0.9990000128746033,0.6208999752998352
YGR058W,YOL128C,0,,0.13857677578926086,0.9990000128746033,0.6209999918937683
YNL244C,YPL170W,0,,0.1385575532913208,0.9990000128746033,0.6211000084877014
YOR144C,YKR098C,0,,0.13853834569454193,0.9990000128746033,0.6212000250816345
YJL008C,YLL011W,0,,0.13851913809776306,0.9990000128746033,0.6212999820709229
YHR188C,YIL132C,0,,0.1384999305009842,0.9990000128746033,0.621399998664856
YIL114C,YPR061C,0,,0.13848073780536652,0.9990000128746033,0.6215000152587891
YOR054C,YHR082C,0,,0.13846154510974884,0.9990000128746033,0.6215999722480774
YGL200C,YBR289W,0,,0.13844235241413116,0.9990000128746033,0.6216999888420105
YHR128W,YHR032W,0,,0.13842317461967468,0.9990000128746033,0.6218000054359436
YML113W,YER058W,0,,0.1384039968252182,0.9990000128746033,0.6219000220298767
YER147C,YPL129W,0,,0.13838481903076172,0.9990000128746033,0.621999979019165
YDL214C,YMR030W,0,,0.13836565613746643,0.9990000128746033,0.6220999956130981
YML071C,YOR384W,0,,0.13834649324417114,0.9990000128746033,0.6222000122070312
YCL011C,YJL166W,0,,0.13832733035087585,0.9990000128746033,0.6223000288009644
YBR128C,YER166W,0,,0.13830818235874176,0.9990000128746033,0.6223999857902527
YHR066W,YHL002W,0,,0.13828903436660767,0.9990000128746033,0.6225000023841858
YGR092W,YCR014C,0,,0.13826990127563477,0.9990000128746033,0.6226000189781189
YDR222W,YER026C,0,,0.13825076818466187,0.9990000128746033,0.6226999759674072
YIL031W,YLL055W,0,,0.13823163509368896,0.9990000128746033,0.6227999925613403
YDL153C,YOL093W,0,,0.13821250200271606,0.9990000128746033,0.6229000091552734
YIL093C,YIL134W,0,,0.13819338381290436,0.9990000128746033,0.6230000257492065
YOL045W,YOR369C,0,,0.13817428052425385,0.9990000128746033,0.6230999827384949
YER013W,YBR267W,0,,0.13815516233444214,0.9990000128746033,0.623199999332428
YDR158W,YKL089W,0,,0.13813605904579163,0.9990000128746033,0.6233000159263611
YEL077C,YER111C,0,,0.1381169706583023,0.9990000128746033,0.6233999729156494
YKR068C,YDR047W,0,,0.1380978673696518,0.9990000128746033,0.6234999895095825
YCL019W,YJL042W,0,,0.13807877898216248,0.9990000128746033,0.6236000061035156
YML109W,YKL212W,0,,0.13805970549583435,0.9990000128746033,0.6237000226974487
YJR055W,YJR021C,0,,0.13804063200950623,0.9990000128746033,0.6237999796867371
YLR393W,YPL211W,0,,0.1380215585231781,0.9990000128746033,0.6238999962806702
YGR162W,YDL095W,0,,0.13800248503684998,0.9990000128746033,0.6240000128746033
YOR326W,YGR056W,0,,0.13798342645168304,0.9990000128746033,0.6241000294685364
YFR009W,YLR098C,0,,0.1379643678665161,0.9990000128746033,0.6241999864578247
YBR287W,YOR171C,0,,0.13794532418251038,0.9990000128746033,0.6243000030517578
YEL071W,YDL049C,0,,0.13792628049850464,0.9990000128746033,0.6244000196456909
YCR039C,YLR157C-B,0,,0.1379072368144989,0.9990000128746033,0.6244999766349792
YFL011W-A,YGR177C,0,,0.13788819313049316,0.9990000128746033,0.6245999932289124
YJL074C,YKR058W,0,,0.13786916434764862,0.9990000128746033,0.6247000098228455
YMR020W,YBL004W,0,,0.13785015046596527,0.9990000128746033,0.6248000264167786
YER175C,YDR315C,0,,0.13783112168312073,0.9990000128746033,0.6248999834060669
YFR036W,YPL249C-A,0,,0.13781210780143738,0.9990000128746033,0.625
YNL335W,YIR008C,0,,0.13779310882091522,0.9990000128746033,0.6251000165939331
YLL052C,YPL170W,0,,0.13777409493923187,0.9990000128746033,0.6251999735832214
YNL053W,YOR343C-B,0,,0.13775509595870972,0.9990000128746033,0.6252999901771545
YJL171C,YML027W,0,,0.13773611187934875,0.9990000128746033,0.6254000067710876
YJL085W,YER012W,0,,0.1377171277999878,0.9990000128746033,0.6255000233650208
YDR294C,YOR176W,0,,0.13769814372062683,0.9990000128746033,0.6255999803543091
YER027C,YDR144C,0,,0.13767915964126587,0.9990000128746033,0.6256999969482422
YJR126C,YDR138W,0,,0.1376601904630661,0.9990000128746033,0.6258000135421753
YBR009C,YJR015W,0,,0.13764122128486633,0.9990000128746033,0.6258999705314636
YKL152C,YLR431C,0,,0.13762226700782776,0.9990000128746033,0.6259999871253967
YHR041C,YPR025C,0,,0.13760331273078918,0.9990000128746033,0.6261000037193298
YDL216C,YEL038W,0,,0.1375843584537506,0.9990000128746033,0.6262000203132629
YMR024W,YGR118W,0,,0.13756540417671204,0.9990000128746033,0.6262999773025513
YGR075C,YPL002C,0,,0.13754646480083466,0.9990000128746033,0.6263999938964844
YDR236C,YBL018C,0,,0.13752754032611847,0.9990000128746033,0.6265000104904175
YLR151C,YER006W,0,,0.1375086009502411,0.9990000128746033,0.6266000270843506
YBR271W,YHL047C,0,,0.1374896764755249,0.9990000128746033,0.6266999840736389
YOR304C-A,YDR198C,0,,0.13747075200080872,0.9990000128746033,0.626800000667572
YIL009C-A,YMR093W,0,,0.13745184242725372,0.9990000128746033,0.6269000172615051
YHR175W,YFL057C,0,,0.13743293285369873,0.9990000128746033,0.6269999742507935
YPL258C,YOR367W,0,,0.13741402328014374,0.9990000128746033,0.6270999908447266
YOR003W,YOR261C,0,,0.13739512860774994,0.9990000128746033,0.6272000074386597
YKR029C,YDR481C,0,,0.13737623393535614,0.9990000128746033,0.6273000240325928
YNL138W-A,YER011W,0,,0.13735735416412354,0.9990000128746033,0.6273999810218811
YOL141W,YNL304W,0,,0.13733845949172974,0.9990000128746033,0.6274999976158142
YER172C,YLR319C,0,,0.13731959462165833,0.9990000128746033,0.6276000142097473
YOR274W,YPR041W,0,,0.13730071485042572,0.9990000128746033,0.6276999711990356
YNL054W-B,YMR300C,0,,0.1372818499803543,0.9990000128746033,0.6277999877929688
YPL129W,YGR008C,0,,0.1372629851102829,0.9990000128746033,0.6279000043869019
YDR264C,YBL037W,0,,0.1372441202402115,0.9990000128746033,0.628000020980835
YBL024W,YEL063C,0,,0.13722527027130127,0.9990000128746033,0.6280999779701233
YCR072C,YIL135C,0,,0.13720642030239105,0.9990000128746033,0.6281999945640564
YAL031C,YHR147C,0,,0.13718758523464203,0.9990000128746033,0.6283000111579895
YPR192W,YOR215C,0,,0.137168750166893,0.9990000128746033,0.6284000277519226
YLL035W,YIL117C,0,,0.13714991509914398,0.9990000128746033,0.6284999847412109
YLR127C,YGR140W,0,,0.13713109493255615,0.9990000128746033,0.628600001335144
YLR453C,YDL074C,0,,0.13711227476596832,0.9990000128746033,0.6287000179290771
YEL052W,YDR478W,0,,0.1370934545993805,0.9990000128746033,0.6287999749183655
YDR477W,YNR049C,0,,0.13707464933395386,0.9990000128746033,0.6288999915122986
YGL003C,YNL039W,0,,0.13705584406852722,0.9990000128746033,0.6290000081062317
YDL161W,YLR449W,0,,0.13703703880310059,0.9990000128746033,0.6291000247001648
YJL079C,YIL105C,0,,0.13701824843883514,0.9990000128746033,0.6291999816894531
YPL111W,YML115C,0,,0.1369994580745697,0.9990000128746033,0.6292999982833862
YIL145C,YER169W,0,,0.13698066771030426,0.9990000128746033,0.6294000148773193
YPL129W,YNR041C,0,,0.1369618922472,0.9990000128746033,0.6294999718666077
YAL043C,YDR060W,0,,0.13694311678409576,0.9990000128746033,0.6295999884605408
YGR180C,YER013W,0,,0.13692434132099152,0.9990000128746033,0.6297000050544739
YDL044C,YKR067W,0,,0.13690558075904846,0.9990000128746033,0.629800021648407
YLR090W,YNL331C,0,,0.1368868201971054,0.9990000128746033,0.6298999786376953
YJL194W,YDL236W,0,,0.13686805963516235,0.9990000128746033,0.6299999952316284
YDL059C,YGL022W,0,,0.1368493139743805,0.9990000128746033,0.6301000118255615
YDR405W,YKL160W,0,,0.13683056831359863,0.9990000128746033,0.6302000284194946
YML091C,YKL148C,0,,0.13681183755397797,0.9990000128746033,0.630299985408783
YDR527W,YBL101C,0,,0.1367930918931961,0.9990000128746033,0.6304000020027161
YGL055W,YPL194W,0,,0.13677437603473663,0.9990000128746033,0.6305000185966492
YGR033C,YML094W,0,,0.13675564527511597,0.9990000128746033,0.6305999755859375
YER021W,YAR050W,0,,0.1367369294166565,0.9990000128746033,0.6306999921798706
YOL111C,YPR186C,0,,0.13671821355819702,0.9990000128746033,0.6308000087738037
YLR404W,YMR251W-A,0,,0.13669951260089874,0.9990000128746033,0.6309000253677368
YDR536W,YJL074C,0,,0.13668081164360046,0.9990000128746033,0.6309999823570251
YER042W,YPR005C,0,,0.13666211068630219,0.9990000128746033,0.6310999989509583
YFR004W,YGR255C,0,,0.1366434097290039,0.9990000128746033,0.6312000155448914
YDR330W,YDR451C,0,,0.13662472367286682,0.9990000128746033,0.6312999725341797
YPR107C,YPR149W,0,,0.13660603761672974,0.9990000128746033,0.6313999891281128
YKL059C,YGR186W,0,,0.13658736646175385,0.9990000128746033,0.6315000057220459
YPL118W,YDR153C,0,,0.13656869530677795,0.9990000128746033,0.631600022315979
YLL002W,YPL112C,0,,0.13655002415180206,0.9990000128746033,0.6316999793052673
YOR151C,YLR208W,0,,0.13653136789798737,0.9990000128746033,0.6317999958992004
YLR033W,YAR070W-A,0,,0.13651271164417267,0.9990000128746033,0.6319000124931335
YDR331W,YDR177W,0,,0.13649405539035797,0.9990000128746033,0.6320000290870667
YIR013C,YPL005W,0,,0.13647541403770447,0.9990000128746033,0.632099986076355
YDR506C,YDR453C,0,,0.13645677268505096,0.9990000128746033,0.6322000026702881
YNL236W,YDL192W,0,,0.13643813133239746,0.9990000128746033,0.6323000192642212
YLR336C,YDL045C,0,,0.13641950488090515,0.9990000128746033,0.6323999762535095
YJL207C,YDR423C,0,,0.13640087842941284,0.9990000128746033,0.6324999928474426
YFR001W,YDL226C,0,,0.13638225197792053,0.9990000128746033,0.6326000094413757
YBR072W,YBR213W,0,,0.13636364042758942,0.9990000128746033,0.6327000260353088
YPL159C,YBL091C-A,0,,0.1363450288772583,0.9990000128746033,0.6327999830245972
YMR184W,YLR240W,0,,0.13632641732692719,0.9990000128746033,0.6328999996185303
YGR089W,YBR156C,0,,0.13630782067775726,0.9990000128746033,0.6330000162124634
YBR058C,YJL130C,0,,0.13628922402858734,0.9990000128746033,0.6330999732017517
YGR027W-A,YOL008W,0,,0.13627062737941742,0.9990000128746033,0.6331999897956848
YNL131W,YDL150W,0,,0.1362520456314087,0.9990000128746033,0.6333000063896179
YDL168W,YGR109W-B,0,,0.13623346388339996,0.9990000128746033,0.633400022983551
YGL068W,YPR041W,0,,0.13621488213539124,0.9990000128746033,0.6334999799728394
YDR364C,YNL272C,0,,0.1361963152885437,0.9990000128746033,0.6335999965667725
YBR030W,YDR079C-A,0,,0.13617774844169617,0.9990000128746033,0.6337000131607056
YDR529C,YEL059C-A,0,,0.13615919649600983,0.9990000128746033,0.6338000297546387
YOR030W,YLR321C,0,,0.1361406445503235,0.9990000128746033,0.633899986743927
YDR001C,YDR302W,0,,0.13612209260463715,0.9990000128746033,0.6340000033378601
YBL061C,YDR038C,0,,0.1361035406589508,0.9990000128746033,0.6341000199317932
YNL115C,YER020W,0,,0.13608500361442566,0.9990000128746033,0.6341999769210815
YLR297W,YER083C,0,,0.1360664665699005,0.9990000128746033,0.6342999935150146
YKL211C,YJR099W,0,,0.13604792952537537,0.9990000128746033,0.6344000101089478
YLR144C,YKL053C-A,0,,0.1360294073820114,0.9990000128746033,0.6345000267028809
YMR257C,YJL192C,0,,0.13601088523864746,0.9990000128746033,0.6345999836921692
YCL025C,YER169W,0,,0.1359923779964447,0.9990000128746033,0.6347000002861023
YLR393W,YKL001C,0,,0.13597387075424194,0.9990000128746033,0.6348000168800354
YDR142C,YKL206C,0,,0.13595536351203918,0.9990000128746033,0.6348999738693237
YNR040W,YAL008W,0,,0.13593685626983643,0.9990000128746033,0.6349999904632568
YBR203W,YMR122W-A,0,,0.13591836392879486,0.9990000128746033,0.6351000070571899
YMR239C,YER106W,0,,0.1358998715877533,0.9990000128746033,0.635200023651123
YGR192C,YBL100W-A,0,,0.13588139414787292,0.9990000128746033,0.6352999806404114
YOR125C,YOR315W,0,,0.13586291670799255,0.9990000128746033,0.6353999972343445
YML069W,YLR209C,0,,0.13584443926811218,0.9990000128746033,0.6355000138282776
YMR213W,YOR219C,0,,0.1358259618282318,0.9990000128746033,0.6355999708175659
YLR423C,YNL197C,0,,0.13580749928951263,0.9990000128746033,0.635699987411499
YBR173C,YCR034W,0,,0.13578905165195465,0.9990000128746033,0.6358000040054321
YOL110W,YDR362C,0,,0.13577058911323547,0.9990000128746033,0.6359000205993652
YMR034C,YOR017W,0,,0.1357521414756775,0.9990000128746033,0.6359999775886536
YGR134W,YKL158W,0,,0.1357336938381195,0.9990000128746033,0.6360999941825867
YGL249W,YHR116W,0,,0.13571526110172272,0.9990000128746033,0.6362000107765198
YPL134C,YKL108W,0,,0.13569682836532593,0.9990000128746033,0.6363000273704529
YDL246C,YKR035W-A,0,,0.13567839562892914,0.9990000128746033,0.6363999843597412
YKL210W,YDL236W,0,,0.13565996289253235,0.9990000128746033,0.6365000009536743
YFL053W,YGR109W-B,0,,0.13564154505729675,0.9990000128746033,0.6366000175476074
YMR267W,YDL140C,0,,0.13562312722206116,0.9990000128746033,0.6366999745368958
YKL206C,YPL069C,0,,0.13560472428798676,0.9990000128746033,0.6367999911308289
YML066C,YIL041W,0,,0.13558632135391235,0.9990000128746033,0.636900007724762
YOL052C,YCR053W,0,,0.13556791841983795,0.9990000128746033,0.6370000243186951
YPR002W,YOR155C,0,,0.13554953038692474,0.9990000128746033,0.6370999813079834
YJR112W,YGR241C,0,,0.13553114235401154,0.9990000128746033,0.6371999979019165
YER101C,YHR013C,0,,0.13551275432109833,0.9990000128746033,0.6373000144958496
YER014C-A,YLR100W,0,,0.13549436628818512,0.9990000128746033,0.6373999714851379
YLR268W,YBR110W,0,,0.1354759931564331,0.9990000128746033,0.637499988079071
YOL003C,YFR004W,0,,0.1354576200246811,0.9990000128746033,0.6376000046730042
YER118C,YMR122W-A,0,,0.13543926179409027,0.9990000128746033,0.6377000212669373
YDR382W,YNL298W,0,,0.13542090356349945,0.9990000128746033,0.6377999782562256
YMR012W,YER172C,0,,0.13540254533290863,0.9990000128746033,0.6378999948501587
YNR067C,YAL017W,0,,0.135384202003479,0.9990000128746033,0.6380000114440918
YBR173C,YGL180W,0,,0.13536585867404938,0.9990000128746033,0.6381000280380249
YMR087W,YJR129C,0,,0.13534751534461975,0.9990000128746033,0.6381999850273132
YBR061C,YHR085W,0,,0.13532917201519012,0.9990000128746033,0.6383000016212463
YER117W,YDL107W,0,,0.1353108435869217,0.9990000128746033,0.6384000182151794
YFR005C,YMR180C,0,,0.13529253005981445,0.9990000128746033,0.6384999752044678
YGL233W,YGR088W,0,,0.13527420163154602,0.9990000128746033,0.6385999917984009
YLR172C,YDR310C,0,,0.13525588810443878,0.9990000128746033,0.638700008392334
YNR063W,YJL125C,0,,0.13523757457733154,0.9990000128746033,0.6388000249862671
YLR028C,YJL121C,0,,0.1352192759513855,0.9990000128746033,0.6388999819755554
YDL077C,YOR326W,0,,0.13520097732543945,0.9990000128746033,0.6389999985694885
YGR227W,YNL284C,0,,0.1351826786994934,0.9990000128746033,0.6391000151634216
YLR043C,YDR466W,0,,0.13516439497470856,0.9990000128746033,0.63919997215271
YMR214W,YNL264C,0,,0.1351461112499237,0.9990000128746033,0.6392999887466431
YBL088C,YNL312W,0,,0.13512782752513885,0.9990000128746033,0.6394000053405762
YER114C,YJR125C,0,,0.135109543800354,0.9990000128746033,0.6395000219345093
YLR329W,YLR350W,0,,0.13509127497673035,0.9990000128746033,0.6395999789237976
YHR152W,YNL107W,0,,0.1350730061531067,0.9990000128746033,0.6396999955177307
YLL040C,YNL279W,0,,0.13505475223064423,0.9990000128746033,0.6398000121116638
YGL147C,YNL096C,0,,0.13503649830818176,0.9990000128746033,0.6399000287055969
YLL028W,YDL179W,0,,0.1350182443857193,0.9990000128746033,0.6399999856948853
YNR041C,YDL051W,0,,0.13500000536441803,0.9990000128746033,0.6401000022888184
YHL019C,YDR266C,0,,0.13498176634311676,0.9990000128746033,0.6402000188827515
YFR029W,YEL053C,0,,0.1349635273218155,0.9990000128746033,0.6402999758720398
YAL033W,YOL130W,0,,0.13494528830051422,0.9990000128746033,0.6403999924659729
YJL006C,YFR021W,0,,0.13492706418037415,0.9990000128746033,0.640500009059906
YKL165C,YNL330C,0,,0.13490884006023407,0.9990000128746033,0.6406000256538391
YBR019C,YLR348C,0,,0.1348906308412552,0.9990000128746033,0.6406999826431274
YOL151W,YNL224C,0,,0.1348724216222763,0.9990000128746033,0.6407999992370605
YOR329C,YDL171C,0,,0.13485421240329742,0.9990000128746033,0.6409000158309937
YMR314W,YGL201C,0,,0.13483600318431854,0.9990000128746033,0.640999972820282
YJL030W,YDR339C,0,,0.13481780886650085,0.9990000128746033,0.6410999894142151
YHR191C,YGR132C,0,,0.13479962944984436,0.9990000128746033,0.6412000060081482
YBR105C,YKR044W,0,,0.13478143513202667,0.9990000128746033,0.6413000226020813
YBR223C,YKR069W,0,,0.13476325571537018,0.9990000128746033,0.6413999795913696
YNR015W,YDL054C,0,,0.13474507629871368,0.9990000128746033,0.6414999961853027
YDL109C,YNR063W,0,,0.13472691178321838,0.9990000128746033,0.6416000127792358
YPL059W,YLR066W,0,,0.1347087323665619,0.9990000128746033,0.641700029373169
YGL136C,YGL209W,0,,0.13469058275222778,0.9990000128746033,0.6417999863624573
YMR162C,YOL140W,0,,0.13467241823673248,0.9990000128746033,0.6419000029563904
YLR304C,YLR073C,0,,0.13465426862239838,0.9990000128746033,0.6420000195503235
YNR004W,YIL006W,0,,0.13463611900806427,0.9990000128746033,0.6420999765396118
YJR094W-A,YLR022C,0,,0.13461796939373016,0.9990000128746033,0.6421999931335449
YJR034W,YJL198W,0,,0.13459983468055725,0.9990000128746033,0.642300009727478
YFR032C-A,YDL107W,0,,0.13458169996738434,0.9990000128746033,0.6424000263214111
YGR023W,YDR067C,0,,0.13456358015537262,0.9990000128746033,0.6424999833106995
YFL066C,YGL054C,0,,0.1345454603433609,0.9990000128746033,0.6425999999046326
YPL127C,YKL205W,0,,0.13452734053134918,0.9990000128746033,0.6427000164985657
YPL060C-A,YGL059W,0,,0.13450922071933746,0.9990000128746033,0.642799973487854
YBR223C,YPL259C,0,,0.13449111580848694,0.9990000128746033,0.6428999900817871
YML071C,YLR022C,0,,0.1344730108976364,0.9990000128746033,0.6430000066757202
YBR126C,YCR069W,0,,0.1344549059867859,0.9990000128746033,0.6431000232696533
YDR210W-B,YMR312W,0,,0.13443681597709656,0.9990000128746033,0.6431999802589417
YPL015C,YBR245C,0,,0.13441872596740723,0.9990000128746033,0.6432999968528748
YJL033W,YMR319C,0,,0.1344006508588791,0.9990000128746033,0.6434000134468079
YMR164C,YJL118W,0,,0.13438256084918976,0.9990000128746033,0.6434999704360962
YMR160W,YOR056C,0,,0.13436448574066162,0.9990000128746033,0.6435999870300293
YIR039C,YGL059W,0,,0.13434642553329468,0.9990000128746033,0.6437000036239624
YGL103W,YLR100W,0,,0.13432836532592773,0.9990000128746033,0.6438000202178955
YOR270C,YJL114W,0,,0.1343103051185608,0.9990000128746033,0.6438999772071838
YJL074C,YMR128W,0,,0.13429224491119385,0.9990000128746033,0.6439999938011169
YJL221C,YLR155C,0,,0.1342741996049881,0.9990000128746033,0.64410001039505
YNL106C,YIL049W,0,,0.13425615429878235,0.9990000128746033,0.6442000269889832
YMR202W,YBR258C,0,,0.1342381089925766,0.9990000128746033,0.6442999839782715
YDR408C,YIR003W,0,,0.13422007858753204,0.9990000128746033,0.6444000005722046
YLR134W,YGR287C,0,,0.1342020481824875,0.9990000128746033,0.6445000171661377
YLR096W,YKL056C,0,,0.13418401777744293,0.9990000128746033,0.644599974155426
YNL223W,YAL044C,0,,0.13416600227355957,0.9990000128746033,0.6446999907493591
YBR080C,YIL015W,0,,0.13414797186851501,0.9990000128746033,0.6448000073432922
YBR213W,YDR297W,0,,0.13412997126579285,0.9990000128746033,0.6449000239372253
YDR358W,YNL110C,0,,0.13411195576190948,0.9990000128746033,0.6449999809265137
YDL128W,YGL121C,0,,0.13409395515918732,0.9990000128746033,0.6450999975204468
YJL102W,YDL222C,0,,0.13407596945762634,0.9990000128746033,0.6452000141143799
YGR238C,YKR086W,0,,0.13405796885490417,0.9990000128746033,0.6452999711036682
YCR089W,YJL041W,0,,0.1340399831533432,0.9990000128746033,0.6453999876976013
YNL256W,YHL004W,0,,0.13402199745178223,0.9990000128746033,0.6455000042915344
YIL129C,YGL021W,0,,0.13400402665138245,0.9990000128746033,0.6456000208854675
YER019C-A,YDR224C,0,,0.13398605585098267,0.9990000128746033,0.6456999778747559
YLR376C,YCL033C,0,,0.13396808505058289,0.9990000128746033,0.645799994468689
YKL013C,YAL054C,0,,0.1339501142501831,0.9990000128746033,0.6459000110626221
YDL130W,YER114C,0,,0.13393215835094452,0.9990000128746033,0.6460000276565552
YDL024C,YFR005C,0,,0.13391420245170593,0.9990000128746033,0.6460999846458435
YCL034W,YER052C,0,,0.13389626145362854,0.9990000128746033,0.6462000012397766
YJR066W,YAL053W,0,,0.13387832045555115,0.9990000128746033,0.6463000178337097
YDR170C,YML074C,0,,0.13386037945747375,0.9990000128746033,0.646399974822998
YDL215C,YOL165C,0,,0.13384243845939636,0.9990000128746033,0.6464999914169312
YER145C,YNL326C,0,,0.13382451236248016,0.9990000128746033,0.6466000080108643
YNL307C,YBR145W,0,,0.13380658626556396,0.9990000128746033,0.6467000246047974
YGR089W,YPL113C,0,,0.13378867506980896,0.9990000128746033,0.6467999815940857
YGR261C,YBL042C,0,,0.13377074897289276,0.9990000128746033,0.6468999981880188
YFR041C,YLR081W,0,,0.13375283777713776,0.9990000128746033,0.6470000147819519
YMR051C,YPR094W,0,,0.13373494148254395,0.9990000128746033,0.6470999717712402
YHR132C,YBL101W-A,0,,0.13371704518795013,0.9990000128746033,0.6471999883651733
YDR001C,YBR136W,0,,0.13369914889335632,0.9990000128746033,0.6473000049591064
YMR049C,YIR028W,0,,0.1336812525987625,0.9990000128746033,0.6474000215530396
YGR255C,YOR315W,0,,0.1336633712053299,0.9990000128746033,0.6474999785423279
YJR044C,YDR532C,0,,0.13364548981189728,0.9990000128746033,0.647599995136261
YMR216C,YER075C,0,,0.13362760841846466,0.9990000128746033,0.6477000117301941
YKL017C,YHR105W,0,,0.13360974192619324,0.9990000128746033,0.6478000283241272
YFL033C,YER050C,0,,0.13359187543392181,0.9990000128746033,0.6478999853134155
YKR003W,YDR233C,0,,0.1335740089416504,0.9990000128746033,0.6480000019073486
YIL114C,YIL088C,0,,0.13355614244937897,0.9990000128746033,0.6481000185012817
YPL150W,YBR035C,0,,0.13353829085826874,0.9990000128746033,0.6481999754905701
YMR061W,YGR175C,0,,0.1335204541683197,0.9990000128746033,0.6482999920845032
YJR053W,YKL175W,0,,0.13350260257720947,0.9990000128746033,0.6484000086784363
YLR421C,YMR088C,0,,0.13348476588726044,0.9990000128746033,0.6485000252723694
YDR071C,YLR386W,0,,0.1334669291973114,0.9990000128746033,0.6485999822616577
YKL095W,YJR058C,0,,0.13344910740852356,0.9990000128746033,0.6486999988555908
YMR061W,YBL101W-A,0,,0.13343128561973572,0.9990000128746033,0.6488000154495239
YKR081C,YDR043C,0,,0.13341346383094788,0.9990000128746033,0.6488999724388123
YPR082C,YKL100C,0,,0.13339564204216003,0.9990000128746033,0.6489999890327454
YOR095C,YKL213C,0,,0.1333778351545334,0.9990000128746033,0.6491000056266785
YCR052W,YEL029C,0,,0.13336002826690674,0.9990000128746033,0.6492000222206116
YDR389W,YOR279C,0,,0.13334223628044128,0.9990000128746033,0.6492999792098999
YIR021W,YMR049C,0,,0.13332442939281464,0.9990000128746033,0.649399995803833
YGR247W,YDR501W,0,,0.13330665230751038,0.9990000128746033,0.6495000123977661
YHR008C,YML110C,0,,0.13328886032104492,0.9990000128746033,0.6496000289916992
YBR282W,YKL166C,0,,0.13327108323574066,0.9990000128746033,0.6496999859809875
YER001W,YNL248C,0,,0.1332533061504364,0.9990000128746033,0.6498000025749207
YBL052C,YJL044C,0,,0.13323552906513214,0.9990000128746033,0.6499000191688538
YHR032W,YOL101C,0,,0.13321776688098907,0.9990000128746033,0.6499999761581421
YKL008C,YMR228W,0,,0.133200004696846,0.9990000128746033,0.6500999927520752
YLR430W,YPL275W,0,,0.13318224251270294,0.9990000128746033,0.6502000093460083
YPL204W,YGR185C,0,,0.13316449522972107,0.9990000128746033,0.6503000259399414
YJL029C,YER087C-A,0,,0.1331467479467392,0.9990000128746033,0.6503999829292297
YIL017C,YOR064C,0,,0.13312900066375732,0.9990000128746033,0.6504999995231628
YLR388W,YPR168W,0,,0.13311125338077545,0.9990000128746033,0.650600016117096
YMR266W,YGR031C-A,0,,0.13309352099895477,0.9990000128746033,0.6506999731063843
YKL212W,YDR501W,0,,0.1330757886171341,0.9990000128746033,0.6507999897003174
YDR382W,YJR138W,0,,0.1330580711364746,0.9990000128746033,0.6509000062942505
YOR234C,YEL060C,0,,0.13304035365581512,0.9990000128746033,0.6510000228881836
YLR033W,YLR295C,0,,0.13302263617515564,0.9990000128746033,0.6510999798774719
YIL084C,YNL248C,0,,0.13300491869449615,0.9990000128746033,0.651199996471405
YMR043W,YPL112C,0,,0.13298721611499786,0.9990000128746033,0.6513000130653381
YFL014W,YDR069C,0,,0.13296951353549957,0.9990000128746033,0.6514000296592712
YDR388W,YMR032W,0,,0.13295182585716248,0.9990000128746033,0.6514999866485596
YPL104W,YMR276W,0,,0.13293413817882538,0.9990000128746033,0.6516000032424927
YML058W,YPR026W,0,,0.13291645050048828,0.9990000128746033,0.6517000198364258
YCR033W,YOR142W-B,0,,0.13289876282215118,0.9990000128746033,0.6517999768257141
YOL151W,YGR229C,0,,0.13288109004497528,0.9990000128746033,0.6518999934196472
YMR172W,YDR294C,0,,0.13286341726779938,0.9990000128746033,0.6520000100135803
YBL061C,YKR067W,0,,0.13284574449062347,0.9990000128746033,0.6521000266075134
YHL009C,YJL066C,0,,0.13282808661460876,0.9990000128746033,0.6521999835968018
YIR013C,YLR226W,0,,0.13281042873859406,0.9990000128746033,0.6523000001907349
YBR074W,YMR244C-A,0,,0.13279277086257935,0.9990000128746033,0.652400016784668
YCL019W,YLR453C,0,,0.13277511298656464,0.9990000128746033,0.6524999737739563
YDR342C,YML126C,0,,0.13275747001171112,0.9990000128746033,0.6525999903678894
YBR228W,YMR270C,0,,0.1327398419380188,0.9990000128746033,0.6527000069618225
YPL167C,YPL124W,0,,0.13272219896316528,0.9990000128746033,0.6528000235557556
YGL103W,YBR161W,0,,0.13270457088947296,0.9990000128746033,0.652899980545044
YKL167C,YLR237W,0,,0.13268694281578064,0.9990000128746033,0.652999997138977
YDR533C,YKL103C,0,,0.1326693296432495,0.9990000128746033,0.6531000137329102
YOL124C,YDL095W,0,,0.1326517015695572,0.9990000128746033,0.6531999707221985
YGR029W,YML043C,0,,0.13263408839702606,0.9990000128746033,0.6532999873161316
YLR246W,YAL043C,0,,0.13261649012565613,0.9990000128746033,0.6534000039100647
YOR181W,YML034W,0,,0.1325988918542862,0.9990000128746033,0.6535000205039978
YKL100C,YDL101C,0,,0.13258129358291626,0.9990000128746033,0.6535999774932861
YOL110W,YPL177C,0,,0.13256369531154633,0.9990000128746033,0.6536999940872192
YDR261C-C,YHR031C,0,,0.13254611194133759,0.9990000128746033,0.6538000106811523
YIL108W,YDR170W-A,0,,0.13252852857112885,0.9990000128746033,0.6539000272750854
YHR062C,YNL032W,0,,0.1325109452009201,0.9990000128746033,0.6539999842643738
YDL215C,YEL013W,0,,0.13249336183071136,0.9990000128746033,0.6541000008583069
YPR200C,YPL110C,0,,0.13247579336166382,0.9990000128746033,0.65420001745224
YGR112W,YOR337W,0,,0.13245823979377747,0.9990000128746033,0.6542999744415283
YBL100W-A,YLR120C,0,,0.13244067132472992,0.9990000128746033,0.6543999910354614
YIL073C,YBR105C,0,,0.13242311775684357,0.9990000128746033,0.6545000076293945
YDR163W,YIL125W,0,,0.13240556418895721,0.9990000128746033,0.6546000242233276
YDR465C,YBR172C,0,,0.13238802552223206,0.9990000128746033,0.654699981212616
YJR119C,YGL012W,0,,0.1323704719543457,0.9990000128746033,0.6547999978065491
YHL044W,YCR087C-A,0,,0.13235294818878174,0.9990000128746033,0.6549000144004822
YDR322W,YLR268W,0,,0.13233540952205658,0.9990000128746033,0.6549999713897705
YFR005C,YER190W,0,,0.13231788575649261,0.9990000128746033,0.6550999879837036
YNL035C,YER137C,0,,0.13230036199092865,0.9990000128746033,0.6552000045776367
YGL120C,YHR005C-A,0,,0.13228283822536469,0.9990000128746033,0.6553000211715698
YDR373W,YML045W-A,0,,0.13226532936096191,0.9990000128746033,0.6553999781608582
YLR403W,YJL062W-A,0,,0.13224782049655914,0.9990000128746033,0.6554999947547913
YLR383W,YOR231W,0,,0.13223031163215637,0.9990000128746033,0.6556000113487244
YCR028C-A,YFL036W,0,,0.1322128176689148,0.9990000128746033,0.6557000279426575
YHR064C,YMR263W,0,,0.13219530880451202,0.9990000128746033,0.6557999849319458
YPL074W,YLR227W-B,0,,0.13217782974243164,0.9990000128746033,0.6559000015258789
YKR003W,YNL223W,0,,0.13216033577919006,0.9990000128746033,0.656000018119812
YMR036C,YEL003W,0,,0.13214285671710968,0.9990000128746033,0.6560999751091003
YMR247C,YJR137C,0,,0.1321253776550293,0.9990000128746033,0.6561999917030334
YPR035W,YPL177C,0,,0.1321079134941101,0.9990000128746033,0.6563000082969666
YLR204W,YFL023W,0,,0.13209043443202972,0.9990000128746033,0.6564000248908997
YNL256W,YFL066C,0,,0.13207297027111053,0.9990000128746033,0.656499981880188
YDR055W,YKL221W,0,,0.13205552101135254,0.9990000128746033,0.6565999984741211
YDL074C,YNR063W,0,,0.13203807175159454,0.9990000128746033,0.6567000150680542
YMR008C,YIL080W,0,,0.13202062249183655,0.9990000128746033,0.6567999720573425
YLR453C,YDR167W,0,,0.13200317323207855,0.9990000128746033,0.6568999886512756
YCR010C,YKL156W,0,,0.13198572397232056,0.9990000128746033,0.6570000052452087
YLR099C,YHR041C,0,,0.13196828961372375,0.9990000128746033,0.6571000218391418
YHR029C,YIL004C,0,,0.13195087015628815,0.9990000128746033,0.6571999788284302
YHR065C,YOR147W,0,,0.13193343579769135,0.9990000128746033,0.6572999954223633
YOL151W,YIL066C,0,,0.13191601634025574,0.9990000128746033,0.6574000120162964
YER180C,YLR242C,0,,0.13189859688282013,0.9990000128746033,0.6575000286102295
YNL024C-A,YFL029C,0,,0.13188119232654572,0.9990000128746033,0.6575999855995178
YJL080C,YDR056C,0,,0.1318637877702713,0.9990000128746033,0.6577000021934509
YHR070W,YER144C,0,,0.1318463832139969,0.9990000128746033,0.657800018787384
YBR291C,YML078W,0,,0.13182897865772247,0.9990000128746033,0.6578999757766724
YER004W,YER089C,0,,0.13181158900260925,0.9990000128746033,0.6579999923706055
YNR051C,YDL179W,0,,0.13179419934749603,0.9990000128746033,0.6581000089645386
YDR527W,YPL042C,0,,0.1317768096923828,0.9990000128746033,0.6582000255584717
YOR230W,YDL103C,0,,0.1317594349384308,0.9990000128746033,0.65829998254776
YGR280C,YLR057W,0,,0.13174206018447876,0.9990000128746033,0.6583999991416931
YMR067C,YER053C,0,,0.13172468543052673,0.9990000128746033,0.6585000157356262
YPL266W,YPR137C-A,0,,0.1317073106765747,0.9990000128746033,0.6585999727249146
YGR125W,YOR360C,0,,0.13168995082378387,0.9990000128746033,0.6586999893188477
YKL195W,YAR019C,0,,0.13167259097099304,0.9990000128746033,0.6588000059127808
YLR433C,YER019W,0,,0.1316552460193634,0.9990000128746033,0.6589000225067139
YDL052C,YNL219C,0,,0.13163790106773376,0.9990000128746033,0.6589999794960022
YDL216C,YGR157W,0,,0.13162055611610413,0.9990000128746033,0.6590999960899353
YDR448W,YLR226W,0,,0.1316032111644745,0.9990000128746033,0.6592000126838684
YIR033W,YLR408C,0,,0.13158588111400604,0.9990000128746033,0.6593000292778015
YIL084C,YOR371C,0,,0.1315685510635376,0.9990000128746033,0.6593999862670898
YDR320C,YCR034W,0,,0.13155122101306915,0.9990000128746033,0.659500002861023
YMR267W,YMR142C,0,,0.1315339058637619,0.9990000128746033,0.659600019454956
YDL159W,YLR298C,0,,0.13151659071445465,0.9990000128746033,0.6596999764442444
YLL001W,YDR069C,0,,0.1314992755651474,0.9990000128746033,0.6597999930381775
YMR224C,YNL321W,0,,0.13148197531700134,0.9990000128746033,0.6599000096321106
YLR414C,YPR028W,0,,0.1314646601676941,0.9990000128746033,0.6600000262260437
YDL208W,YBR229C,0,,0.13144737482070923,0.9990000128746033,0.660099983215332
YDR302W,YCR046C,0,,0.13143007457256317,0.9990000128746033,0.6601999998092651
YDR479C,YJL204C,0,,0.1314127892255783,0.9990000128746033,0.6603000164031982
YOR025W,YKL096W-A,0,,0.13139550387859344,0.9990000128746033,0.6603999733924866
YJR151C,YHR005C-A,0,,0.13137821853160858,0.9990000128746033,0.6604999899864197
YOR020C,YIL082W-A,0,,0.1313609480857849,0.9990000128746033,0.6606000065803528
YDL022W,YBR110W,0,,0.13134367763996124,0.9990000128746033,0.6607000231742859
YLR264W,YKR009C,0,,0.13132640719413757,0.9990000128746033,0.6607999801635742
YIR022W,YGL123W,0,,0.1313091516494751,0.9990000128746033,0.6608999967575073
YHR003C,YJL130C,0,,0.13129189610481262,0.9990000128746033,0.6610000133514404
YGL010W,YIL088C,0,,0.13127464056015015,0.9990000128746033,0.6610999703407288
YER184C,YLR154W-A,0,,0.13125738501548767,0.9990000128746033,0.6611999869346619
YLR401C,YAL058W,0,,0.1312401443719864,0.9990000128746033,0.661300003528595
YBL088C,YOL130W,0,,0.1312229037284851,0.9990000128746033,0.6614000201225281
YMR013C,YBR141C,0,,0.13120567798614502,0.9990000128746033,0.6614999771118164
YOR142W,YML037C,0,,0.13118843734264374,0.9990000128746033,0.6615999937057495
YNL146W,YLR212C,0,,0.13117121160030365,0.9990000128746033,0.6617000102996826
YNR069C,YLR020C,0,,0.13115400075912476,0.9990000128746033,0.6618000268936157
YJL074C,YMR136W,0,,0.13113677501678467,0.9990000128746033,0.661899983882904
YHR079C,YOR194C,0,,0.13111956417560577,0.9990000128746033,0.6620000004768372
YEL054C,YPL134C,0,,0.13110236823558807,0.9990000128746033,0.6621000170707703
YMR180C,YGR038W,0,,0.13108515739440918,0.9990000128746033,0.6621999740600586
YDR363W,YEL055C,0,,0.13106796145439148,0.9990000128746033,0.6622999906539917
YBR257W,YLR078C,0,,0.13105076551437378,0.9990000128746033,0.6624000072479248
YPL060W,YLR201C,0,,0.13103358447551727,0.9990000128746033,0.6625000238418579
YDR254W,YOR208W,0,,0.13101638853549957,0.9990000128746033,0.6625999808311462
YNL069C,YDL246C,0,,0.13099920749664307,0.9990000128746033,0.6626999974250793
YDR381C-A,YPL020C,0,,0.13098204135894775,0.9990000128746033,0.6628000140190125
YLR225C,YKL088W,0,,0.13096486032009125,0.9990000128746033,0.6628999710083008
YKR039W,YAL038W,0,,0.13094769418239594,0.9990000128746033,0.6629999876022339
YPL009C,YGR223C,0,,0.13093054294586182,0.9990000128746033,0.663100004196167
YGR096W,YML081C-A,0,,0.1309133768081665,0.9990000128746033,0.6632000207901001
YGL190C,YER030W,0,,0.13089622557163239,0.9990000128746033,0.6632999777793884
YOL125W,YLR452C,0,,0.13087907433509827,0.9990000128746033,0.6633999943733215
YLL028W,YPL206C,0,,0.13086193799972534,0.9990000128746033,0.6635000109672546
YKL092C,YBR068C,0,,0.13084478676319122,0.9990000128746033,0.6636000275611877
YCL019W,YDR529C,0,,0.1308276653289795,0.9990000128746033,0.6636999845504761
YMR229C,YDR414C,0,,0.13081052899360657,0.9990000128746033,0.6638000011444092
YPL226W,YBR234C,0,,0.13079340755939484,0.9990000128746033,0.6639000177383423
YDR288W,YOR279C,0,,0.1307762861251831,0.9990000128746033,0.6639999747276306
YPR145W,YDR425W,0,,0.13075916469097137,0.9990000128746033,0.6640999913215637
YNL131W,YNL191W,0,,0.13074204325675964,0.9990000128746033,0.6642000079154968
YDL155W,YGR031C-A,0,,0.1307249367237091,0.9990000128746033,0.6643000245094299
YJL008C,YER166W,0,,0.13070783019065857,0.9990000128746033,0.6643999814987183
YKR065C,YDL115C,0,,0.13069073855876923,0.9990000128746033,0.6644999980926514
YPR035W,YBR128C,0,,0.13067364692687988,0.9990000128746033,0.6646000146865845
YIL168W,YMR300C,0,,0.13065655529499054,0.9990000128746033,0.6646999716758728
YDR503C,YLR081W,0,,0.1306394636631012,0.9990000128746033,0.6647999882698059
YDL231C,YDL188C,0,,0.13062238693237305,0.9990000128746033,0.664900004863739
YOR036W,YBR055C,0,,0.1306053102016449,0.9990000128746033,0.6650000214576721
YFL045C,YEL034W,0,,0.13058823347091675,0.9990000128746033,0.6650999784469604
YJL004C,YDL115C,0,,0.1305711716413498,0.9990000128746033,0.6651999950408936
YJL081C,YPL022W,0,,0.13055410981178284,0.9990000128746033,0.6653000116348267
YBR066C,YBL042C,0,,0.13053704798221588,0.9990000128746033,0.6654000282287598
YER008C,YMR281W,0,,0.13051998615264893,0.9990000128746033,0.6654999852180481
YPR019W,YGL112C,0,,0.13050293922424316,0.9990000128746033,0.6656000018119812
YEL059C-A,YLR015W,0,,0.1304858922958374,0.9990000128746033,0.6657000184059143
YAR014C,YBR173C,0,,0.13046884536743164,0.9990000128746033,0.6657999753952026
YJR094W-A,YDR131C,0,,0.13045181334018707,0.9990000128746033,0.6658999919891357
YGR014W,YOR337W,0,,0.1304347813129425,0.9990000128746033,0.6660000085830688
YJR045C,YLR467W,0,,0.13041774928569794,0.9990000128746033,0.666100025177002
YER054C,YOR197W,0,,0.13040073215961456,0.9990000128746033,0.6661999821662903
YNL151C,YOR142W-B,0,,0.1303837150335312,0.9990000128746033,0.6662999987602234
YNL256W,YOL039W,0,,0.13036669790744781,0.9990000128746033,0.6664000153541565
YDR085C,YLR069C,0,,0.13034968078136444,0.9990000128746033,0.6664999723434448
YPL053C,YPL249C-A,0,,0.13033267855644226,0.9990000128746033,0.6665999889373779
YGR292W,YDL038C,0,,0.13031567633152008,0.9990000128746033,0.666700005531311
YDR507C,YFL021W,0,,0.1302986890077591,0.9990000128746033,0.6668000221252441
YDR099W,YPR158W-A,0,,0.13028168678283691,0.9990000128746033,0.6668999791145325
YPR096C,YCR066W,0,,0.13026469945907593,0.9990000128746033,0.6669999957084656
YMR305C,YBR142W,0,,0.13024771213531494,0.9990000128746033,0.6671000123023987
YMR311C,YBR214W,0,,0.13023073971271515,0.9990000128746033,0.6672000288963318
YML058W,YMR217W,0,,0.13021376729011536,0.9990000128746033,0.6672999858856201
YLR187W,YLR002C,0,,0.13019679486751556,0.9990000128746033,0.6674000024795532
YAL010C,YDL198C,0,,0.13017982244491577,0.9990000128746033,0.6675000190734863
YPL212C,YMR198W,0,,0.13016286492347717,0.9990000128746033,0.6675999760627747
YGR135W,YNL331C,0,,0.13014590740203857,0.9990000128746033,0.6676999926567078
YGL119W,YNL312W,0,,0.13012894988059998,0.9990000128746033,0.6678000092506409
YBR141C,YOR354C,0,,0.13011200726032257,0.9990000128746033,0.667900025844574
YDR115W,YKL100C,0,,0.13009506464004517,0.9990000128746033,0.6679999828338623
YER039C,YDR263C,0,,0.13007812201976776,0.9990000128746033,0.6680999994277954
YNL122C,YPL271W,0,,0.13006119430065155,0.9990000128746033,0.6682000160217285
YJR105W,YOL108C,0,,0.13004426658153534,0.9990000128746033,0.6682999730110168
YDR466W,YLR408C,0,,0.13002733886241913,0.9990000128746033,0.66839998960495
YOR003W,YDL107W,0,,0.13001041114330292,0.9990000128746033,0.6685000061988831
YJR016C,YGR012W,0,,0.1299934983253479,0.9990000128746033,0.6686000227928162
YOR075W,YPR159W,0,,0.12997658550739288,0.9990000128746033,0.6686999797821045
YFR009W,YPL123C,0,,0.12995967268943787,0.9990000128746033,0.6687999963760376
YFL053W,YJR139C,0,,0.12994277477264404,0.9990000128746033,0.6689000129699707
YCR030C,YDR392W,0,,0.12992586195468903,0.9990000128746033,0.6690000295639038
YNL090W,YPR036W,0,,0.1299089789390564,0.9990000128746033,0.6690999865531921
YJR098C,YOR209C,0,,0.12989208102226257,0.9990000128746033,0.6692000031471252
YDR113C,YLR410W-A,0,,0.12987519800662994,0.9990000128746033,0.6693000197410583
YOR120W,YDR304C,0,,0.12985831499099731,0.9990000128746033,0.6693999767303467
YCR020W-B,YLL054C,0,,0.12984143197536469,0.9990000128746033,0.6694999933242798
YDR194C,YNL006W,0,,0.12982456386089325,0.9990000128746033,0.6696000099182129
YDR142C,YJL187C,0,,0.12980769574642181,0.9990000128746033,0.669700026512146
YNL275W,YDR138W,0,,0.12979082763195038,0.9990000128746033,0.6697999835014343
YLR034C,YDR485C,0,,0.12977397441864014,0.9990000128746033,0.6699000000953674
YGR063C,YNR022C,0,,0.1297571063041687,0.9990000128746033,0.6700000166893005
YPL274W,YIR039C,0,,0.12974025309085846,0.9990000128746033,0.6700999736785889
YDL147W,YJR059W,0,,0.1297234147787094,0.9990000128746033,0.670199990272522
YCL059C,YBL005W-A,0,,0.12970657646656036,0.9990000128746033,0.6703000068664551
YHR147C,YIL097W,0,,0.12968973815441132,0.9990000128746033,0.6704000234603882
YLR109W,YPL111W,0,,0.12967289984226227,0.9990000128746033,0.6704999804496765
YGL244W,YOR389W,0,,0.12965606153011322,0.9990000128746033,0.6705999970436096
YPL187W,YHL027W,0,,0.12963923811912537,0.9990000128746033,0.6707000136375427
YER004W,YJL056C,0,,0.1296224147081375,0.9990000128746033,0.670799970626831
YDL074C,YDR038C,0,,0.12960560619831085,0.9990000128746033,0.6708999872207642
YCL055W,YKL042W,0,,0.1295887976884842,0.9990000128746033,0.6710000038146973
YBL036C,YKR058W,0,,0.12957198917865753,0.9990000128746033,0.6711000204086304
YOR210W,YFL035C,0,,0.12955518066883087,0.9990000128746033,0.6711999773979187
YOR243C,YER087W,0,,0.1295383870601654,0.9990000128746033,0.6712999939918518
YMR033W,YOR338W,0,,0.12952159345149994,0.9990000128746033,0.6714000105857849
YGL008C,YHR005C-A,0,,0.12950479984283447,0.9990000128746033,0.671500027179718
YLR070C,YER088C,0,,0.129488006234169,0.9990000128746033,0.6715999841690063
YMR008C,YDL213C,0,,0.12947122752666473,0.9990000128746033,0.6717000007629395
YBR214W,YBL055C,0,,0.12945444881916046,0.9990000128746033,0.6718000173568726
YNL258C,YOR257W,0,,0.12943768501281738,0.9990000128746033,0.6718999743461609
YGL079W,YLR188W,0,,0.1294209063053131,0.9990000128746033,0.671999990940094
YKR069W,YDR379W,0,,0.12940414249897003,0.9990000128746033,0.6721000075340271
YGR036C,YAR008W,0,,0.12938737869262695,0.9990000128746033,0.6722000241279602
YML132W,YDR056C,0,,0.12937062978744507,0.9990000128746033,0.6722999811172485
YBR059C,YGL062W,0,,0.12935388088226318,0.9990000128746033,0.6723999977111816
YEL077C,YMR197C,0,,0.1293371319770813,0.9990000128746033,0.6725000143051147
YOR310C,YCR020W-B,0,,0.12932038307189941,0.9990000128746033,0.6725999712944031
YIR007W,YOL026C,0,,0.12930364906787872,0.9990000128746033,0.6726999878883362
YFL024C,YJR161C,0,,0.12928691506385803,0.9990000128746033,0.6728000044822693
YNL270C,YAL017W,0,,0.12927018105983734,0.9990000128746033,0.6729000210762024
YOR362C,YLR154W-A,0,,0.12925346195697784,0.9990000128746033,0.6729999780654907
YLR172C,YDL129W,0,,0.12923674285411835,0.9990000128746033,0.6730999946594238
YOR039W,YOR315W,0,,0.12922002375125885,0.9990000128746033,0.6732000112533569
YBL028C,YPR041W,0,,0.12920330464839935,0.9990000128746033,0.67330002784729
YLR105C,YMR218C,0,,0.12918660044670105,0.9990000128746033,0.6733999848365784
YFL038C,YLR430W,0,,0.12916989624500275,0.9990000128746033,0.6735000014305115
YMR099C,YKR056W,0,,0.12915320694446564,0.9990000128746033,0.6736000180244446
YNR072W,YLL008W,0,,0.12913650274276733,0.9990000128746033,0.6736999750137329
YOL057W,YGL044C,0,,0.12911981344223022,0.9990000128746033,0.673799991607666
YGR074W,YPL230W,0,,0.12910312414169312,0.9990000128746033,0.6739000082015991
YCL026C-A,YGR038W,0,,0.1290864497423172,0.9990000128746033,0.6740000247955322
YPR041W,YOR279C,0,,0.1290697604417801,0.9990000128746033,0.6740999817848206
YBR288C,YPL053C,0,,0.12905310094356537,0.9990000128746033,0.6741999983787537
YNR044W,YDR228C,0,,0.12903642654418945,0.9990000128746033,0.6743000149726868
YJR147W,YMR114C,0,,0.12901976704597473,0.9990000128746033,0.6743999719619751
YPR031W,YML009C,0,,0.12900309264659882,0.9990000128746033,0.6744999885559082
YGR287C,YML081C-A,0,,0.1289864480495453,0.9990000128746033,0.6746000051498413
YBR079C,YBR158W,0,,0.12896978855133057,0.9990000128746033,0.6747000217437744
YEL041W,YJR083C,0,,0.12895314395427704,0.9990000128746033,0.6747999787330627
YGR096W,YPL127C,0,,0.1289364993572235,0.9990000128746033,0.6748999953269958
YDL019C,YDR358W,0,,0.12891985476016998,0.9990000128746033,0.675000011920929
YEL070W,YEL071W,0,,0.12890322506427765,0.9990000128746033,0.6751000285148621
YNL322C,YDR402C,0,,0.12888659536838531,0.9990000128746033,0.6751999855041504
YJL025W,YGR271C-A,0,,0.12886996567249298,0.9990000128746033,0.6753000020980835
YPL181W,YGR070W,0,,0.12885335087776184,0.9990000128746033,0.6754000186920166
YDL246C,YDL052C,0,,0.1288367360830307,0.9990000128746033,0.6754999756813049
YPR183W,YNR006W,0,,0.12882012128829956,0.9990000128746033,0.675599992275238
YDR086C,YNR031C,0,,0.12880350649356842,0.9990000128746033,0.6757000088691711
YOR382W,YMR260C,0,,0.12878690659999847,0.9990000128746033,0.6758000254631042
YLR378C,YGR229C,0,,0.12877030670642853,0.9990000128746033,0.6758999824523926
YLR066W,YGL256W,0,,0.12875370681285858,0.9990000128746033,0.6759999990463257
YNL220W,YDR096W,0,,0.12873710691928864,0.9990000128746033,0.6761000156402588
YLR028C,YBR192W,0,,0.12872052192687988,0.9990000128746033,0.6761999726295471
YDR236C,YPR160W,0,,0.12870393693447113,0.9990000128746033,0.6762999892234802
YGR200C,YOR373W,0,,0.12868736684322357,0.9990000128746033,0.6764000058174133
YOR308C,YPR178W,0,,0.12867078185081482,0.9990000128746033,0.6765000224113464
YDR210W-A,YFR052W,0,,0.12865421175956726,0.9990000128746033,0.6765999794006348
YNL097C,YLR205C,0,,0.1286376565694809,0.9990000128746033,0.6766999959945679
YIL010W,YOR226C,0,,0.12862108647823334,0.9990000128746033,0.676800012588501
YNL159C,YOR298C-A,0,,0.12860453128814697,0.9990000128746033,0.6769000291824341
YNL280C,YBR298C,0,,0.1285879760980606,0.9990000128746033,0.6769999861717224
YNR036C,YNL158W,0,,0.12857143580913544,0.9990000128746033,0.6771000027656555
YDR283C,YNL169C,0,,0.12855488061904907,0.9990000128746033,0.6772000193595886
YHR141C,YLL042C,0,,0.1285383403301239,0.9990000128746033,0.677299976348877
YDL180W,YDR194C,0,,0.12852180004119873,0.9990000128746033,0.6773999929428101
YDR310C,YFL031W,0,,0.12850527465343475,0.9990000128746033,0.6775000095367432
YLR204W,YBR084C-A,0,,0.12848874926567078,0.9990000128746033,0.6776000261306763
YMR273C,YML001W,0,,0.1284722238779068,0.9990000128746033,0.6776999831199646
YHL040C,YKL120W,0,,0.12845569849014282,0.9990000128746033,0.6777999997138977
YDL121C,YGR276C,0,,0.12843918800354004,0.9990000128746033,0.6779000163078308
YDR036C,YGL010W,0,,0.12842267751693726,0.9990000128746033,0.6779999732971191
YOR084W,YBR160W,0,,0.12840616703033447,0.9990000128746033,0.6780999898910522
YDR231C,YPL099C,0,,0.12838967144489288,0.9990000128746033,0.6782000064849854
YDR456W,YNL185C,0,,0.1283731758594513,0.9990000128746033,0.6783000230789185
YHR215W,YPR158C-C,0,,0.1283566802740097,0.9990000128746033,0.6783999800682068
YCL057C-A,YMR309C,0,,0.12834018468856812,0.9990000128746033,0.6784999966621399
YJL046W,YLR064W,0,,0.12832370400428772,0.9990000128746033,0.678600013256073
YOL137W,YJL097W,0,,0.12830722332000732,0.9990000128746033,0.6786999702453613
YOR274W,YOL001W,0,,0.12829074263572693,0.9990000128746033,0.6787999868392944
YIL108W,YOL006C,0,,0.12827426195144653,0.9990000128746033,0.6789000034332275
YLR216C,YPR186C,0,,0.12825779616832733,0.9990000128746033,0.6790000200271606
YHL019C,YML066C,0,,0.12824133038520813,0.9990000128746033,0.679099977016449
YLL062C,YMR029C,0,,0.12822487950325012,0.9990000128746033,0.6791999936103821
YDR143C,YOR179C,0,,0.12820841372013092,0.9990000128746033,0.6793000102043152
YER016W,YGR035C,0,,0.1281919628381729,0.9990000128746033,0.6794000267982483
YJR031C,YPR021C,0,,0.1281755268573761,0.9990000128746033,0.6794999837875366
YKL034W,YDR163W,0,,0.1281590759754181,0.9990000128746033,0.6796000003814697
YLR410W-B,YNL312W,0,,0.12814263999462128,0.9990000128746033,0.6797000169754028
YKL125W,YKL166C,0,,0.12812620401382446,0.9990000128746033,0.6797999739646912
YDR239C,YDL192W,0,,0.12810976803302765,0.9990000128746033,0.6798999905586243
YIL162W,YPR163C,0,,0.12809334695339203,0.9990000128746033,0.6800000071525574
YOL145C,YOR058C,0,,0.1280769258737564,0.9990000128746033,0.6801000237464905
YPL273W,YOR301W,0,,0.1280605047941208,0.9990000128746033,0.6801999807357788
YKR062W,YJR066W,0,,0.12804409861564636,0.9990000128746033,0.6802999973297119
YLR154C,YGR171C,0,,0.12802767753601074,0.9990000128746033,0.680400013923645
YDL060W,YDR452W,0,,0.12801127135753632,0.9990000128746033,0.6804999709129333
YCR024C-A,YDR432W,0,,0.12799488008022308,0.9990000128746033,0.6805999875068665
YLR406C,YKL161C,0,,0.12797847390174866,0.9990000128746033,0.6807000041007996
YML024W,YCR029C-A,0,,0.12796208262443542,0.9990000128746033,0.6808000206947327
YBR058C,YJL076W,0,,0.1279456913471222,0.9990000128746033,0.680899977684021
YJL219W,YBL002W,0,,0.12792931497097015,0.9990000128746033,0.6809999942779541
YIL040W,YLR138W,0,,0.12791293859481812,0.9990000128746033,0.6811000108718872
YPR164W,YDR064W,0,,0.12789656221866608,0.9990000128746033,0.6812000274658203
YGR191W,YHL022C,0,,0.12788018584251404,0.9990000128746033,0.6812999844551086
YBR166C,YOR343C-B,0,,0.127863809466362,0.9990000128746033,0.6814000010490417
YBR278W,YOR181W,0,,0.12784744799137115,0.9990000128746033,0.6815000176429749
YER074W,YDL142C,0,,0.1278311014175415,0.9990000128746033,0.6815999746322632
YAR027W,YKL182W,0,,0.12781473994255066,0.9990000128746033,0.6816999912261963
YCL050C,YBR274W,0,,0.127798393368721,0.9990000128746033,0.6818000078201294
YOR168W,YBR273C,0,,0.12778204679489136,0.9990000128746033,0.6819000244140625
YPR041W,YMR189W,0,,0.1277657002210617,0.9990000128746033,0.6819999814033508
YJR045C,YNL125C,0,,0.12774935364723206,0.9990000128746033,0.6820999979972839
YDR416W,YIL002C,0,,0.1277330219745636,0.9990000128746033,0.682200014591217
YER159C-A,YAL016W,0,,0.12771669030189514,0.9990000128746033,0.6822999715805054
YHR147C,YOR094W,0,,0.12770037353038788,0.9990000128746033,0.6823999881744385
YGL179C,YOL041C,0,,0.12768404185771942,0.9990000128746033,0.6825000047683716
YIL048W,YGR132C,0,,0.12766772508621216,0.9990000128746033,0.6826000213623047
YNL097C,YDR415C,0,,0.1276514232158661,0.9990000128746033,0.682699978351593
YOR175C,YBL101W-A,0,,0.12763510644435883,0.9990000128746033,0.6827999949455261
YML058W,YDR197W,0,,0.12761880457401276,0.9990000128746033,0.6829000115394592
YOR142W,YER069W,0,,0.1276025027036667,0.9990000128746033,0.6830000281333923
YEL052W,YDR171W,0,,0.12758620083332062,0.9990000128746033,0.6830999851226807
YNL163C,YPL005W,0,,0.12756991386413574,0.9990000128746033,0.6832000017166138
YLR176C,YER002W,0,,0.12755362689495087,0.9990000128746033,0.6833000183105469
YBR122C,YJL136C,0,,0.127537339925766,0.9990000128746033,0.6833999752998352
YAL063C,YDR210C-C,0,,0.1275210678577423,0.9990000128746033,0.6834999918937683
YLR371W,YBR097W,0,,0.12750478088855743,0.9990000128746033,0.6836000084877014
YLR343W,YPL152W,0,,0.12748850882053375,0.9990000128746033,0.6837000250816345
YMR022W,YKR059W,0,,0.12747225165367126,0.9990000128746033,0.6837999820709229
YNL030W,YOR174W,0,,0.12745597958564758,0.9990000128746033,0.683899998664856
YPL003W,YGL210W,0,,0.1274397224187851,0.9990000128746033,0.6840000152587891
YGL134W,YHR027C,0,,0.1274234652519226,0.9990000128746033,0.6840999722480774
YPR080W,YPL206C,0,,0.1274072229862213,0.9990000128746033,0.6841999888420105
YNL186W,YKL120W,0,,0.12739096581935883,0.9990000128746033,0.6843000054359436
YDR536W,YDR353W,0,,0.12737472355365753,0.9990000128746033,0.6844000220298767
YMR021C,YLR394W,0,,0.12735849618911743,0.9990000128746033,0.684499979019165
YGL203C,YOL158C,0,,0.12734225392341614,0.9990000128746033,0.6845999956130981
YPL223C,YGL043W,0,,0.12732602655887604,0.9990000128746033,0.6847000122070312
YDR310C,YKL107W,0,,0.12730979919433594,0.9990000128746033,0.6848000288009644
YER130C,YJL072C,0,,0.12729357182979584,0.9990000128746033,0.6848999857902527
YIL124W,YKR050W,0,,0.12727735936641693,0.9990000128746033,0.6850000023841858
YLR216C,YOR338W,0,,0.12726114690303802,0.9990000128746033,0.6851000189781189
YML109W,YBL085W,0,,0.12724493443965912,0.9990000128746033,0.6851999759674072
YHR160C,YMR146C,0,,0.1272287368774414,0.9990000128746033,0.6852999925613403
YNL279W,YAR044W,0,,0.1272125244140625,0.9990000128746033,0.6854000091552734
YHR186C,YNL044W,0,,0.1271963268518448,0.9990000128746033,0.6855000257492065
YPL118W,YLR157C,0,,0.12718014419078827,0.9990000128746033,0.6855999827384949
YBR286W,YMR208W,0,,0.12716394662857056,0.9990000128746033,0.685699999332428
YGR271W,YHR143W-A,0,,0.12714776396751404,0.9990000128746033,0.6858000159263611
YJL024C,YNL090W,0,,0.12713158130645752,0.9990000128746033,0.6858999729156494
YBR280C,YPR167C,0,,0.1271154135465622,0.9990000128746033,0.6859999895095825
YBL068W,YPR124W,0,,0.12709923088550568,0.9990000128746033,0.6861000061035156
YEL054C,YKL027W,0,,0.12708306312561035,0.9990000128746033,0.6862000226974487
YPL255W,YLR401C,0,,0.12706691026687622,0.9990000128746033,0.6862999796867371
YJL101C,YML131W,0,,0.1270507425069809,0.9990000128746033,0.6863999962806702
YML062C,YDR320C-A,0,,0.12703458964824677,0.9990000128746033,0.6865000128746033
YJR126C,YPL227C,0,,0.12701843678951263,0.9990000128746033,0.6866000294685364
YFL001W,YNL116W,0,,0.1270022839307785,0.9990000128746033,0.6866999864578247
YCL011C,YDL174C,0,,0.12698614597320557,0.9990000128746033,0.6868000030517578
YOR288C,YLR265C,0,,0.12697000801563263,0.9990000128746033,0.6869000196456909
YBR160W,YNL050C,0,,0.1269538700580597,0.9990000128746033,0.6869999766349792
YJL213W,YDL014W,0,,0.12693773210048676,0.9990000128746033,0.6870999932289124
YNL009W,YER090W,0,,0.126921609044075,0.9990000128746033,0.6872000098228455
YDR354W,YAL008W,0,,0.12690548598766327,0.9990000128746033,0.6873000264167786
YBR059C,YGR157W,0,,0.12688936293125153,0.9990000128746033,0.6873999834060669
YGR089W,YCR004C,0,,0.12687325477600098,0.9990000128746033,0.6875
YER122C,YOR130C,0,,0.12685714662075043,0.9990000128746033,0.6876000165939331
YPR181C,YIL117C,0,,0.12684103846549988,0.9990000128746033,0.6876999735832214
YGL136C,YER131W,0,,0.12682493031024933,0.9990000128746033,0.6877999901771545
YGL216W,YDR130C,0,,0.12680883705615997,0.9990000128746033,0.6879000067710876
YOL030W,YML077W,0,,0.12679274380207062,0.9990000128746033,0.6880000233650208
YKL096W,YJL091C,0,,0.12677665054798126,0.9990000128746033,0.6880999803543091
YDR310C,YKR006C,0,,0.1267605572938919,0.9990000128746033,0.6881999969482422
YPL266W,YDL114W,0,,0.12674447894096375,0.9990000128746033,0.6883000135421753
YGL026C,YJL047C,0,,0.12672840058803558,0.9990000128746033,0.6883999705314636
YGL004C,YDR058C,0,,0.12671232223510742,0.9990000128746033,0.6884999871253967
YER154W,YLR237W,0,,0.12669625878334045,0.9990000128746033,0.6886000037193298
YOL152W,YDR501W,0,,0.1266801953315735,0.9990000128746033,0.6887000203132629
YLR089C,YOL002C,0,,0.12666413187980652,0.9990000128746033,0.6887999773025513
YGR135W,YMR068W,0,,0.12664806842803955,0.9990000128746033,0.6888999938964844
YLR213C,YPL119C,0,,0.12663201987743378,0.9990000128746033,0.6890000104904175
YMR065W,YOR339C,0,,0.126615971326828,0.9990000128746033,0.6891000270843506
YJL213W,YOL157C,0,,0.12659992277622223,0.9990000128746033,0.6891999840736389
YBR084W,YER095W,0,,0.12658388912677765,0.9990000128746033,0.689300000667572
YGL150C,YPL230W,0,,0.12656784057617188,0.9990000128746033,0.6894000172615051
YJR155W,YML040W,0,,0.1265518069267273,0.9990000128746033,0.6894999742507935
YFL033C,YLR355C,0,,0.1265357881784439,0.9990000128746033,0.6895999908447266
YMR210W,YEL034W,0,,0.12651975452899933,0.9990000128746033,0.6897000074386597
YJL121C,YHR116W,0,,0.12650373578071594,0.9990000128746033,0.6898000240325928
YLR430W,YJL194W,0,,0.12648771703243256,0.9990000128746033,0.6898999810218811
YNL035C,YBR008C,0,,0.12647169828414917,0.9990000128746033,0.6899999976158142
YJL065C,YOR095C,0,,0.12645569443702698,0.9990000128746033,0.6901000142097473
YOR338W,YDL174C,0,,0.12643969058990479,0.9990000128746033,0.6901999711990356
YOR202W,YDR051C,0,,0.1264236867427826,0.9990000128746033,0.6902999877929688
YMR182C,YNL047C,0,,0.1264076977968216,0.9990000128746033,0.6904000043869019
YBL017C,YOR211C,0,,0.1263916939496994,0.9990000128746033,0.690500020980835
YBR048W,YMR161W,0,,0.1263757050037384,0.9990000128746033,0.6905999779701233
YIL010W,YDL232W,0,,0.1263597309589386,0.9990000128746033,0.6906999945640564
YNR050C,YML034W,0,,0.1263437420129776,0.9990000128746033,0.6908000111579895
YPR200C,YDR472W,0,,0.1263277679681778,0.9990000128746033,0.6909000277519226
YKL126W,YGR194C,0,,0.126311793923378,0.9990000128746033,0.6909999847412109
YDR444W,YJR064W,0,,0.12629583477973938,0.9990000128746033,0.691100001335144
YNL279W,YOL033W,0,,0.12627986073493958,0.9990000128746033,0.6912000179290771
YHR039C-B,YDR380W,0,,0.12626390159130096,0.9990000128746033,0.6912999749183655
YMR039C,YDR012W,0,,0.12624794244766235,0.9990000128746033,0.6913999915122986
YML051W,YML110C,0,,0.12623199820518494,0.9990000128746033,0.6915000081062317
YOR180C,YFL041W,0,,0.12621603906154633,0.9990000128746033,0.6916000247001648
YDR097C,YML043C,0,,0.1262000948190689,0.9990000128746033,0.6916999816894531
YOR343W-B,YDR454C,0,,0.12618416547775269,0.9990000128746033,0.6917999982833862
YOL110W,YLL050C,0,,0.12616822123527527,0.9990000128746033,0.6919000148773193
YGR221C,YMR128W,0,,0.12615229189395905,0.9990000128746033,0.6919999718666077
YLR342W,YOL128C,0,,0.12613636255264282,0.9990000128746033,0.6920999884605408
YDR253C,YGR155W,0,,0.1261204332113266,0.9990000128746033,0.6922000050544739
YAL005C,YDR196C,0,,0.12610451877117157,0.9990000128746033,0.692300021648407
YML081C-A,YKL213C,0,,0.12608860433101654,0.9990000128746033,0.6923999786376953
YHR062C,YLL010C,0,,0.1260726898908615,0.9990000128746033,0.6924999952316284
YEL050C,YHR052W,0,,0.12605677545070648,0.9990000128746033,0.6926000118255615
YMR270C,YKL090W,0,,0.12604087591171265,0.9990000128746033,0.6927000284194946
YGR075C,YAR050W,0,,0.1260249763727188,0.9990000128746033,0.692799985408783
YGR037C,YLR372W,0,,0.12600907683372498,0.9990000128746033,0.6929000020027161
YOR388C,YIL040W,0,,0.12599319219589233,0.9990000128746033,0.6930000185966492
YOR297C,YMR200W,0,,0.1259773075580597,0.9990000128746033,0.6930999755859375
YNL128W,YDR174W,0,,0.12596142292022705,0.9990000128746033,0.6931999921798706
YER042W,YBL101W-A,0,,0.1259455382823944,0.9990000128746033,0.6933000087738037
YER126C,YPL249C-A,0,,0.12592965364456177,0.9990000128746033,0.6934000253677368
YML087C,YBR087W,0,,0.12591378390789032,0.9990000128746033,0.6934999823570251
YBR145W,YPR194C,0,,0.12589791417121887,0.9990000128746033,0.6935999989509583
YBL097W,YPL177C,0,,0.12588205933570862,0.9990000128746033,0.6937000155448914
YKR081C,YML109W,0,,0.12586618959903717,0.9990000128746033,0.6937999725341797
YMR078C,YPR083W,0,,0.12585033476352692,0.9990000128746033,0.6938999891281128
YOR074C,YOR396W,0,,0.12583449482917786,0.9990000128746033,0.6940000057220459
YFR004W,YKR039W,0,,0.1258186399936676,0.9990000128746033,0.694100022315979
YNR011C,YML071C,0,,0.12580280005931854,0.9990000128746033,0.6941999793052673
YKL216W,YDL201W,0,,0.12578696012496948,0.9990000128746033,0.6942999958992004
YGR200C,YPR021C,0,,0.12577112019062042,0.9990000128746033,0.6944000124931335
YGR241C,YBR216C,0,,0.12575528025627136,0.9990000128746033,0.6945000290870667
YDL035C,YJL136C,0,,0.1257394552230835,0.9990000128746033,0.694599986076355
YGR035C,YML014W,0,,0.12572363018989563,0.9990000128746033,0.6947000026702881
YER165W,YBL075C,0,,0.12570782005786896,0.9990000128746033,0.6948000192642212
YGL172W,YDL107W,0,,0.1256919950246811,0.9990000128746033,0.6948999762535095
YHR102W,YML048W,0,,0.12567618489265442,0.9990000128746033,0.6949999928474426
YPR145W,YKL190W,0,,0.12566037476062775,0.9990000128746033,0.6951000094413757
YNL097C,YBR258C,0,,0.12564457952976227,0.9990000128746033,0.6952000260353088
YLR216C,YNL037C,0,,0.1256287693977356,0.9990000128746033,0.6952999830245972
YDR171W,YDR210W-B,0,,0.12561297416687012,0.9990000128746033,0.6953999996185303
YDL035C,YPR009W,0,,0.12559717893600464,0.9990000128746033,0.6955000162124634
YDR074W,YNL007C,0,,0.12558139860630035,0.9990000128746033,0.6955999732017517
YHR105W,YNL322C,0,,0.12556561827659607,0.9990000128746033,0.6956999897956848
YMR257C,YGR067C,0,,0.1255498230457306,0.9990000128746033,0.6958000063896179
YMR116C,YCR079W,0,,0.1255340576171875,0.9990000128746033,0.695900022983551
YIR021W,YOL119C,0,,0.12551827728748322,0.9990000128746033,0.6959999799728394
YLR286C,YDR532C,0,,0.12550251185894012,0.9990000128746033,0.6960999965667725
YMR056C,YIL138C,0,,0.12548674643039703,0.9990000128746033,0.6962000131607056
YDR109C,YMR068W,0,,0.12547098100185394,0.9990000128746033,0.6963000297546387
YDR365W-B,YBR073W,0,,0.12545523047447205,0.9990000128746033,0.696399986743927
YJR017C,YEL070W,0,,0.12543947994709015,0.9990000128746033,0.6965000033378601
YDR349C,YLR078C,0,,0.12542372941970825,0.9990000128746033,0.6966000199317932
YER020W,YBR033W,0,,0.12540797889232635,0.9990000128746033,0.6966999769210815
YDR310C,YMR154C,0,,0.12539224326610565,0.9990000128746033,0.6967999935150146
YML132W,YLR385C,0,,0.12537650763988495,0.9990000128746033,0.6969000101089478
YER098W,YHR214W-G,0,,0.12536077201366425,0.9990000128746033,0.6970000267028809
YNL189W,YBR294W,0,,0.12534505128860474,0.9990000128746033,0.6970999836921692
YNL027W,YMR004W,0,,0.12532931566238403,0.9990000128746033,0.6972000002861023
YLR126C,YKL082C,0,,0.12531359493732452,0.9990000128746033,0.6973000168800354
YNL225C,YKL201C,0,,0.12529787421226501,0.9990000128746033,0.6973999738693237
YOR298C-A,YMR030W,0,,0.1252821683883667,0.9990000128746033,0.6974999904632568
YLR074C,YDR251W,0,,0.12526646256446838,0.9990000128746033,0.6976000070571899
YMR315W,YOL108C,0,,0.12525075674057007,0.9990000128746033,0.697700023651123
YMR203W,YNL085W,0,,0.12523505091667175,0.9990000128746033,0.6977999806404114
YOR069W,YMR067C,0,,0.12521935999393463,0.9990000128746033,0.6978999972343445
YIL026C,YMR154C,0,,0.12520365417003632,0.9990000128746033,0.6980000138282776
YJL047C,YMR289W,0,,0.1251879632472992,0.9990000128746033,0.6980999708175659
YNR047W,YGL153W,0,,0.12517228722572327,0.9990000128746033,0.698199987411499
YGR295C,YDL082W,0,,0.12515659630298615,0.9990000128746033,0.6983000040054321
YDR254W,YDR262W,0,,0.12514092028141022,0.9990000128746033,0.6984000205993652
YOR308C,YIL168W,0,,0.1251252442598343,0.9990000128746033,0.6984999775886536
YMR088C,YKL157W,0,,0.12510958313941956,0.9990000128746033,0.6985999941825867
YER144C,YML049C,0,,0.12509390711784363,0.9990000128746033,0.6987000107765198
YOR288C,YBL061C,0,,0.1250782459974289,0.9990000128746033,0.6988000273704529
YCR003W,YDR211W,0,,0.12506259977817535,0.9990000128746033,0.6988999843597412
YNL079C,YLR132C,0,,0.12504693865776062,0.9990000128746033,0.6990000009536743
YCR070W,YKR045C,0,,0.12503129243850708,0.9990000128746033,0.6991000175476074
YHR181W,YJL154C,0,,0.12501564621925354,0.9990000128746033,0.6991999745368958
YDR119W,YDR414C,0,,0.125,0.9990000128746033,0.6992999911308289
YGL161C,YJL194W,0,,0.12498436123132706,0.9990000128746033,0.699400007724762
YDR036C,YOR279C,0,,0.12496872991323471,0.9990000128746033,0.6995000243186951
YLR153C,YOL052C,0,,0.12495309859514236,0.9990000128746033,0.6995999813079834
YFL048C,YOL068C,0,,0.12493746727705002,0.9990000128746033,0.6996999979019165
YDL070W,YCL061C,0,,0.12492184340953827,0.9990000128746033,0.6998000144958496
YOR150W,YDR011W,0,,0.12490622699260712,0.9990000128746033,0.6998999714851379
YMR046C,YNL024C-A,0,,0.12489061057567596,0.9990000128746033,0.699999988079071
YPR171W,YOR274W,0,,0.12487500160932541,0.9990000128746033,0.7001000046730042
YOR349W,YHR214W-G,0,,0.12485939264297485,0.9990000128746033,0.7002000212669373
YDR363W-A,YNL189W,0,,0.1248437911272049,0.9990000128746033,0.7002999782562256
YPL194W,YFR007W,0,,0.12482818961143494,0.9990000128746033,0.7003999948501587
YMR201C,YDR226W,0,,0.12481259554624557,0.9990000128746033,0.7005000114440918
YDR252W,YDR134C,0,,0.12479700148105621,0.9990000128746033,0.7006000280380249
YDL079C,YDR341C,0,,0.12478141486644745,0.9990000128746033,0.7006999850273132
YJR031C,YML001W,0,,0.12476582825183868,0.9990000128746033,0.7008000016212463
YMR012W,YDL083C,0,,0.12475024908781052,0.9990000128746033,0.7009000182151794
YLR151C,YMR260C,0,,0.12473466992378235,0.9990000128746033,0.7009999752044678
YDR238C,YJR040W,0,,0.12471909821033478,0.9990000128746033,0.7010999917984009
YLR145W,YLL035W,0,,0.1247035339474678,0.9990000128746033,0.701200008392334
YMR201C,YGR241C,0,,0.12468796968460083,0.9990000128746033,0.7013000249862671
YGR264C,YKL217W,0,,0.12467240542173386,0.9990000128746033,0.7013999819755554
YLR035C-A,YCR081W,0,,0.12465684860944748,0.9990000128746033,0.7014999985694885
YDR017C,YOR257W,0,,0.1246412992477417,0.9990000128746033,0.7016000151634216
YJL219W,YNL099C,0,,0.12462574988603592,0.9990000128746033,0.70169997215271
YOL103W-B,YER053C,0,,0.12461020052433014,0.9990000128746033,0.7017999887466431
YIL143C,YDL168W,0,,0.12459465861320496,0.9990000128746033,0.7019000053405762
YFL002W-B,YGR186W,0,,0.12457912415266037,0.9990000128746033,0.7020000219345093
YAL040C,YHR214W-G,0,,0.12456358969211578,0.9990000128746033,0.7020999789237976
YER087W,YGR085C,0,,0.1245480626821518,0.9990000128746033,0.7021999955177307
YPL112C,YNL268W,0,,0.1245325356721878,0.9990000128746033,0.7023000121116638
YIL139C,YLR133W,0,,0.12451701611280441,0.9990000128746033,0.7024000287055969
YDL022W,YLR332W,0,,0.12450149655342102,0.9990000128746033,0.7024999856948853
YER183C,YIL113W,0,,0.12448598444461823,0.9990000128746033,0.7026000022888184
YGR121C,YGL183C,0,,0.12447047233581543,0.9990000128746033,0.7027000188827515
YOR373W,YOR190W,0,,0.12445496767759323,0.9990000128746033,0.7027999758720398
YOL138C,YIR033W,0,,0.12443946301937103,0.9990000128746033,0.7028999924659729
YJL164C,YDR229W,0,,0.12442396581172943,0.9990000128746033,0.703000009059906
YLR316C,YGR172C,0,,0.12440846860408783,0.9990000128746033,0.7031000256538391
YNL291C,YLR078C,0,,0.12439297884702682,0.9990000128746033,0.7031999826431274
YLR286C,YDR424C,0,,0.12437748908996582,0.9990000128746033,0.7032999992370605
YBL016W,YOL064C,0,,0.12436200678348541,0.9990000128746033,0.7034000158309937
YPL143W,YMR301C,0,,0.124346524477005,0.9990000128746033,0.703499972820282
YDR115W,YDL132W,0,,0.1243310496211052,0.9990000128746033,0.7035999894142151
YKR037C,YLR376C,0,,0.12431558221578598,0.9990000128746033,0.7037000060081482
YHR063C,YJR090C,0,,0.12430011481046677,0.9990000128746033,0.7038000226020813
YGR001C,YMR145C,0,,0.12428464740514755,0.9990000128746033,0.7038999795913696
YER165W,YCR003W,0,,0.12426918745040894,0.9990000128746033,0.7039999961853027
YJR019C,YGL123W,0,,0.12425373494625092,0.9990000128746033,0.7041000127792358
YHL032C,YKL127W,0,,0.1242382824420929,0.9990000128746033,0.704200029373169
YML095C,YMR122W-A,0,,0.12422282993793488,0.9990000128746033,0.7042999863624573
YJR143C,YER110C,0,,0.12420738488435745,0.9990000128746033,0.7044000029563904
YOR287C,YNL088W,0,,0.12419194728136063,0.9990000128746033,0.7045000195503235
YOR222W,YLL042C,0,,0.1241765096783638,0.9990000128746033,0.7045999765396118
YBR019C,YMR290C,0,,0.12416107207536697,0.9990000128746033,0.7046999931335449
YOL140W,YKR061W,0,,0.12414564192295074,0.9990000128746033,0.704800009727478
YDR167W,YLR275W,0,,0.12413021922111511,0.9990000128746033,0.7049000263214111
YKL112W,YJL002C,0,,0.12411479651927948,0.9990000128746033,0.7049999833106995
YKL144C,YAR015W,0,,0.12409938126802444,0.9990000128746033,0.7050999999046326
YIR017C,YER004W,0,,0.12408396601676941,0.9990000128746033,0.7052000164985657
YNL115C,YDR254W,0,,0.12406855076551437,0.9990000128746033,0.705299973487854
YFL035C,YHL047C,0,,0.12405315041542053,0.9990000128746033,0.7053999900817871
YLR038C,YJR001W,0,,0.1240377426147461,0.9990000128746033,0.7055000066757202
YFR005C,YLL033W,0,,0.12402234971523285,0.9990000128746033,0.7056000232696533
YDL222C,YBR050C,0,,0.12400694936513901,0.9990000128746033,0.7056999802589417
YMR016C,YMR305C,0,,0.12399155646562576,0.9990000128746033,0.7057999968528748
YMR060C,YHR051W,0,,0.12397617101669312,0.9990000128746033,0.7059000134468079
YPL046C,YOR047C,0,,0.12396078556776047,0.9990000128746033,0.7059999704360962
YHR025W,YKR092C,0,,0.12394540756940842,0.9990000128746033,0.7060999870300293
YHR132C,YGR031C-A,0,,0.12393003702163696,0.9990000128746033,0.7062000036239624
YML097C,YOR229W,0,,0.12391465902328491,0.9990000128746033,0.7063000202178955
YNL213C,YLR386W,0,,0.12389929592609406,0.9990000128746033,0.7063999772071838
YNL308C,YDR174W,0,,0.1238839253783226,0.9990000128746033,0.7064999938011169
YJL136C,YKL156W,0,,0.12386856973171234,0.9990000128746033,0.70660001039505
YDR210W,YOR171C,0,,0.12385321408510208,0.9990000128746033,0.7067000269889832
YJL138C,YKL182W,0,,0.12383785843849182,0.9990000128746033,0.7067999839782715
YBR243C,YMR202W,0,,0.12382251024246216,0.9990000128746033,0.7069000005722046
YLR276C,YPL147W,0,,0.1238071620464325,0.9990000128746033,0.7070000171661377
YDL020C,YGR106C,0,,0.12379182130098343,0.9990000128746033,0.707099974155426
YMR273C,YPR152C,0,,0.12377648055553436,0.9990000128746033,0.7071999907493591
YER018C,YFL037W,0,,0.1237611472606659,0.9990000128746033,0.7073000073432922
YIL177C,YLR170C,0,,0.12374582141637802,0.9990000128746033,0.7074000239372253
YKR029C,YBL039C,0,,0.12373049557209015,0.9990000128746033,0.7074999809265137
YDR173C,YLR130C,0,,0.12371516972780228,0.9990000128746033,0.7075999975204468
YOL156W,YOR367W,0,,0.123699851334095,0.9990000128746033,0.7077000141143799
YNL254C,YDL014W,0,,0.12368453294038773,0.9990000128746033,0.7077999711036682
YBR287W,YKL172W,0,,0.12366922199726105,0.9990000128746033,0.7078999876976013
YDR318W,YOL071W,0,,0.12365391850471497,0.9990000128746033,0.7080000042915344
YDR255C,YPR002W,0,,0.12363861501216888,0.9990000128746033,0.7081000208854675
YDR337W,YJL118W,0,,0.1236233115196228,0.9990000128746033,0.7081999778747559
YKL049C,YNL079C,0,,0.12360801547765732,0.9990000128746033,0.708299994468689
YNL327W,YDR231C,0,,0.12359272688627243,0.9990000128746033,0.7084000110626221
YER042W,YGR049W,0,,0.12357743829488754,0.9990000128746033,0.7085000276565552
YNL281W,YKL035W,0,,0.12356214970350266,0.9990000128746033,0.7085999846458435
YGR285C,YOL165C,0,,0.12354686856269836,0.9990000128746033,0.7087000012397766
YPL163C,YJL010C,0,,0.12353159487247467,0.9990000128746033,0.7088000178337097
YER019C-A,YNL010W,0,,0.12351632118225098,0.9990000128746033,0.708899974822998
YBR127C,YMR026C,0,,0.12350104749202728,0.9990000128746033,0.7089999914169312
YDR163W,YGL131C,0,,0.12348578125238419,0.9990000128746033,0.7091000080108643
YGR121C,YGL259W,0,,0.12347052246332169,0.9990000128746033,0.7092000246047974
YPR200C,YFR044C,0,,0.12345526367425919,0.9990000128746033,0.7092999815940857
YBR196C,YPR026W,0,,0.12344001233577728,0.9990000128746033,0.7093999981880188
YKL152C,YBR154C,0,,0.12342476099729538,0.9990000128746033,0.7095000147819519
YFR009W,YER022W,0,,0.12340950965881348,0.9990000128746033,0.7095999717712402
YDL222C,YAL043C,0,,0.12339426577091217,0.9990000128746033,0.7096999883651733
YNL027W,YER030W,0,,0.12337902933359146,0.9990000128746033,0.7098000049591064
YLR032W,YDR134C,0,,0.12336379289627075,0.9990000128746033,0.7099000215530396
YGL100W,YPL132W,0,,0.12334856390953064,0.9990000128746033,0.7099999785423279
YIL155C,YOL145C,0,,0.12333333492279053,0.9990000128746033,0.710099995136261
YOR226C,YMR071C,0,,0.12331810593605042,0.9990000128746033,0.7102000117301941
YER042W,YPR178W,0,,0.1233028918504715,0.9990000128746033,0.7103000283241272
YJR033C,YFL034C-B,0,,0.12328767031431198,0.9990000128746033,0.7103999853134155
YGR175C,YER111C,0,,0.12327245622873306,0.9990000128746033,0.7105000019073486
YPL159C,YJR138W,0,,0.12325724959373474,0.9990000128746033,0.7106000185012817
YPL108W,YKR071C,0,,0.12324204295873642,0.9990000128746033,0.7106999754905701
YER006W,YDR480W,0,,0.1232268437743187,0.9990000128746033,0.7107999920845032
YGR162W,YNL050C,0,,0.12321164458990097,0.9990000128746033,0.7109000086784363
YLR341W,YGR263C,0,,0.12319644540548325,0.9990000128746033,0.7110000252723694
YJR140C,YFL013C,0,,0.12318126112222672,0.9990000128746033,0.7110999822616577
YLR043C,YOR211C,0,,0.12316606938838959,0.9990000128746033,0.7111999988555908
YNR026C,YCL052C,0,,0.12315088510513306,0.9990000128746033,0.7113000154495239
YGR166W,YOR005C,0,,0.12313570827245712,0.9990000128746033,0.7113999724388123
YOR343W-B,YPR103W,0,,0.12312053143978119,0.9990000128746033,0.7114999890327454
YML121W,YKR068C,0,,0.12310536205768585,0.9990000128746033,0.7116000056266785
YCR030C,YDL101C,0,,0.12309019267559052,0.9990000128746033,0.7117000222206116
YJL066C,YOR187W,0,,0.12307503074407578,0.9990000128746033,0.7117999792098999
YFR008W,YEL012W,0,,0.12305986881256104,0.9990000128746033,0.711899995803833
YNL275W,YOL151W,0,,0.1230447068810463,0.9990000128746033,0.7120000123977661
YMR038C,YHR076W,0,,0.12302955985069275,0.9990000128746033,0.7121000289916992
YKL126W,YPR186C,0,,0.1230144053697586,0.9990000128746033,0.7121999859809875
YLR201C,YDR376W,0,,0.12299925833940506,0.9990000128746033,0.7123000025749207
YOR393W,YAR071W,0,,0.12298411875963211,0.9990000128746033,0.7124000191688538
YBL103C,YPR104C,0,,0.12296897917985916,0.9990000128746033,0.7124999761581421
YMR308C,YNR007C,0,,0.12295384705066681,0.9990000128746033,0.7125999927520752
YNL097C,YDR207C,0,,0.12293871492147446,0.9990000128746033,0.7127000093460083
YGR037C,YNL083W,0,,0.1229235902428627,0.9990000128746033,0.7128000259399414
YJL112W,YER124C,0,,0.12290846556425095,0.9990000128746033,0.7128999829292297
YLL004W,YOR138C,0,,0.12289334833621979,0.9990000128746033,0.7129999995231628
YPL015C,YNR070W,0,,0.12287823110818863,0.9990000128746033,0.713100016117096
YDR421W,YNL154C,0,,0.12286311388015747,0.9990000128746033,0.7131999731063843
YER070W,YJL129C,0,,0.1228480115532875,0.9990000128746033,0.7132999897003174
YIL127C,YAL016W,0,,0.12283290177583694,0.9990000128746033,0.7134000062942505
YDR240C,YPR182W,0,,0.12281779944896698,0.9990000128746033,0.7135000228881836
YBR164C,YMR280C,0,,0.12280270457267761,0.9990000128746033,0.7135999798774719
YGR128C,YPR121W,0,,0.12278760969638824,0.9990000128746033,0.713699996471405
YDL184C,YBL046W,0,,0.12277252227067947,0.9990000128746033,0.7138000130653381
YNL061W,YMR277W,0,,0.1227574348449707,0.9990000128746033,0.7139000296592712
YOL045W,YIL142W,0,,0.12274235486984253,0.9990000128746033,0.7139999866485596
YGL220W,YDR047W,0,,0.12272727489471436,0.9990000128746033,0.7141000032424927
YMR281W,YBR202W,0,,0.12271219491958618,0.9990000128746033,0.7142000198364258
YJL028W,YPR111W,0,,0.1226971223950386,0.9990000128746033,0.7142999768257141
YKL188C,YML064C,0,,0.12268205732107162,0.9990000128746033,0.7143999934196472
YDR046C,YLR070C,0,,0.12266699224710464,0.9990000128746033,0.7145000100135803
YCL057C-A,YGR135W,0,,0.12265193462371826,0.9990000128746033,0.7146000266075134
YDL216C,YDL217C,0,,0.12263687700033188,0.9990000128746033,0.7146999835968018
YDL202W,YDR492W,0,,0.12262182682752609,0.9990000128746033,0.7148000001907349
YER045C,YOR343W-A,0,,0.1226067766547203,0.9990000128746033,0.714900016784668
YNL217W,YLR066W,0,,0.12259172648191452,0.9990000128746033,0.7149999737739563
YDL208W,YHR017W,0,,0.12257668375968933,0.9990000128746033,0.7150999903678894
YGL170C,YKL173W,0,,0.12256164848804474,0.9990000128746033,0.7152000069618225
YDR288W,YKL165C,0,,0.12254661321640015,0.9990000128746033,0.7153000235557556
YNR067C,YOR066W,0,,0.12253158539533615,0.9990000128746033,0.715399980545044
YHR209W,YOR044W,0,,0.12251655757427216,0.9990000128746033,0.715499997138977
YGL089C,YPL002C,0,,0.12250152975320816,0.9990000128746033,0.7156000137329102
YPR156C,YKL046C,0,,0.12248650938272476,0.9990000128746033,0.7156999707221985
YGL037C,YBR019C,0,,0.12247149646282196,0.9990000128746033,0.7157999873161316
YBR068C,YFL014W,0,,0.12245648354291916,0.9990000128746033,0.7159000039100647
YLR109W,YKR010C,0,,0.12244147807359695,0.9990000128746033,0.7160000205039978
YBL017C,YNR070W,0,,0.12242647260427475,0.9990000128746033,0.7160999774932861
YNL083W,YFL002C,0,,0.12241146713495255,0.9990000128746033,0.7161999940872192
YCL038C,YDL099W,0,,0.12239646911621094,0.9990000128746033,0.7163000106811523
YJR019C,YDL201W,0,,0.12238147854804993,0.9990000128746033,0.7164000272750854
YEL071W,YBR267W,0,,0.12236648797988892,0.9990000128746033,0.7164999842643738
YJR005W,YDR466W,0,,0.1223514974117279,0.9990000128746033,0.7166000008583069
YNL027W,YKR055W,0,,0.12233651429414749,0.9990000128746033,0.71670001745224
YBR213W,YJL106W,0,,0.12232153862714767,0.9990000128746033,0.7167999744415283
YMR013C,YBL066C,0,,0.12230656296014786,0.9990000128746033,0.7168999910354614
YJL010C,YDR481C,0,,0.12229158729314804,0.9990000128746033,0.7170000076293945
YPR196W,YJR009C,0,,0.12227661907672882,0.9990000128746033,0.7171000242233276
YLR356W,YLR216C,0,,0.1222616583108902,0.9990000128746033,0.717199981212616
YOR008C,YJL204C,0,,0.12224669754505157,0.9990000128746033,0.7172999978065491
YDR163W,YML049C,0,,0.12223173677921295,0.9990000128746033,0.7174000144004822
YJL102W,YLR370C,0,,0.12221678346395493,0.9990000128746033,0.7174999713897705
YHR010W,YDL201W,0,,0.1222018375992775,0.9990000128746033,0.7175999879837036
YMR145C,YBR150C,0,,0.12218689173460007,0.9990000128746033,0.7177000045776367
YOR291W,YNL154C,0,,0.12217194586992264,0.9990000128746033,0.7178000211715698
YCR024C-A,YDR520C,0,,0.1221570074558258,0.9990000128746033,0.7178999781608582
YBR084W,YDL197C,0,,0.12214206904172897,0.9990000128746033,0.7179999947547913
YJR078W,YBR022W,0,,0.12212713807821274,0.9990000128746033,0.7181000113487244
YEL011W,YJR009C,0,,0.1221122145652771,0.9990000128746033,0.7182000279426575
YOR144C,YOR321W,0,,0.12209728360176086,0.9990000128746033,0.7182999849319458
YCR102C,YKR002W,0,,0.12208236753940582,0.9990000128746033,0.7184000015258789
YKL125W,YAL061W,0,,0.12206745147705078,0.9990000128746033,0.718500018119812
YPL236C,YJL200C,0,,0.12205253541469574,0.9990000128746033,0.7185999751091003
YOR245C,YOR322C,0,,0.1220376268029213,0.9990000128746033,0.7186999917030334
YLR327C,YKL056C,0,,0.12202271819114685,0.9990000128746033,0.7188000082969666
YLR204W,YMR272C,0,,0.122007817029953,0.9990000128746033,0.7189000248908997
YBR092C,YCR055C,0,,0.12199291586875916,0.9990000128746033,0.718999981880188
YDL193W,YFL036W,0,,0.1219780221581459,0.9990000128746033,0.7190999984741211
YKL218C,YPL170W,0,,0.12196312844753265,0.9990000128746033,0.7192000150680542
YGL249W,YKL198C,0,,0.1219482421875,0.9990000128746033,0.7192999720573425
YDR044W,YJR001W,0,,0.12193335592746735,0.9990000128746033,0.7193999886512756
YPL274W,YOR037W,0,,0.12191847711801529,0.9990000128746033,0.7195000052452087
YGR061C,YKL220C,0,,0.12190359830856323,0.9990000128746033,0.7196000218391418
YOR386W,YIL002C,0,,0.12188872694969177,0.9990000128746033,0.7196999788284302
YJR007W,YGR084C,0,,0.12187385559082031,0.9990000128746033,0.7197999954223633
YCL033C,YML045W-A,0,,0.12185899168252945,0.9990000128746033,0.7199000120162964
YDL054C,YJR051W,0,,0.12184412777423859,0.9990000128746033,0.7200000286102295
YBR058C,YEL016C,0,,0.12182927131652832,0.9990000128746033,0.7200999855995178
YKL059C,YHR044C,0,,0.12181441485881805,0.9990000128746033,0.7202000021934509
YAL034W-A,YDR195W,0,,0.12179955840110779,0.9990000128746033,0.720300018787384
YOR329C,YIL047C,0,,0.12178470939397812,0.9990000128746033,0.7203999757766724
YGR048W,YPL121C,0,,0.12176986783742905,0.9990000128746033,0.7204999923706055
YOR067C,YDR123C,0,,0.12175502628087997,0.9990000128746033,0.7206000089645386
YHR074W,YPR030W,0,,0.1217401921749115,0.9990000128746033,0.7207000255584717
YAL039C,YDR037W,0,,0.12172535806894302,0.9990000128746033,0.72079998254776
YBR215W,YNL075W,0,,0.12171052396297455,0.9990000128746033,0.7208999991416931
YOR067C,YKL017C,0,,0.12169569730758667,0.9990000128746033,0.7210000157356262
YDR524C,YDR423C,0,,0.12168087810277939,0.9990000128746033,0.7210999727249146
YGL059W,YMR233W,0,,0.1216660588979721,0.9990000128746033,0.7211999893188477
YCL032W,YDR084C,0,,0.12165123969316483,0.9990000128746033,0.7213000059127808
YLR026C,YIL160C,0,,0.12163642793893814,0.9990000128746033,0.7214000225067139
YJL024C,YLR024C,0,,0.12162162363529205,0.9990000128746033,0.7214999794960022
YKR065C,YDR518W,0,,0.12160681933164597,0.9990000128746033,0.7215999960899353
YIL177C,YJL019W,0,,0.12159201502799988,0.9990000128746033,0.7217000126838684
YFL057C,YOR362C,0,,0.12157721817493439,0.9990000128746033,0.7218000292778015
YOR174W,YGL184C,0,,0.1215624213218689,0.9990000128746033,0.7218999862670898
YKR060W,YDR038C,0,,0.121547631919384,0.9990000128746033,0.722000002861023
YML006C,YKR019C,0,,0.1215328499674797,0.9990000128746033,0.722100019454956
YLR401C,YKL168C,0,,0.12151806056499481,0.9990000128746033,0.7221999764442444
YGR184C,YBR223C,0,,0.12150328606367111,0.9990000128746033,0.7222999930381775
YPL174C,YNL073W,0,,0.12148851156234741,0.9990000128746033,0.7224000096321106
YMR164C,YDR121W,0,,0.12147373706102371,0.9990000128746033,0.7225000262260437
YBR237W,YBR067C,0,,0.12145897001028061,0.9990000128746033,0.722599983215332
YPL143W,YIL016W,0,,0.1214442029595375,0.9990000128746033,0.7226999998092651
YPR058W,YFR031C,0,,0.121429443359375,0.9990000128746033,0.7228000164031982
YNR072W,YHR152W,0,,0.1214146837592125,0.9990000128746033,0.7228999733924866
YJR060W,YDL140C,0,,0.12139992415904999,0.9990000128746033,0.7229999899864197
YDR519W,YMR104C,0,,0.12138517946004868,0.9990000128746033,0.7231000065803528
YNL095C,YKL186C,0,,0.12137042731046677,0.9990000128746033,0.7232000231742859
YJL160C,YGL086W,0,,0.12135568261146545,0.9990000128746033,0.7232999801635742
YBL040C,YLR226W,0,,0.12134094536304474,0.9990000128746033,0.7233999967575073
YJL111W,YML112W,0,,0.12132620811462402,0.9990000128746033,0.7235000133514404
YOR283W,YKR105C,0,,0.1213114783167839,0.9990000128746033,0.7235999703407288
YCR040W,YDR131C,0,,0.12129674851894379,0.9990000128746033,0.7236999869346619
YDL155W,YBR202W,0,,0.12128201872110367,0.9990000128746033,0.723800003528595
YJL008C,YPR112C,0,,0.12126729637384415,0.9990000128746033,0.7239000201225281
YDL040C,YDR338C,0,,0.12125258147716522,0.9990000128746033,0.7239999771118164
YKL176C,YMR135C,0,,0.1212378665804863,0.9990000128746033,0.7240999937057495
YBR282W,YDR060W,0,,0.12122315168380737,0.9990000128746033,0.7242000102996826
YBR173C,YML080W,0,,0.12120844423770905,0.9990000128746033,0.7243000268936157
YOR361C,YFL044C,0,,0.12119373679161072,0.9990000128746033,0.724399983882904
YDR527W,YGR065C,0,,0.12117903679609299,0.9990000128746033,0.7245000004768372
YJR094W-A,YPR028W,0,,0.12116434425115585,0.9990000128746033,0.7246000170707703
YLR336C,YNL229C,0,,0.12114965170621872,0.9990000128746033,0.7246999740600586
YJR047C,YDR085C,0,,0.12113495916128159,0.9990000128746033,0.7247999906539917
YKL198C,YER027C,0,,0.12112027406692505,0.9990000128746033,0.7249000072479248
YCR072C,YDR140W,0,,0.12110558897256851,0.9990000128746033,0.7250000238418579
YML060W,YMR319C,0,,0.12109091132879257,0.9990000128746033,0.7250999808311462
YDR143C,YGR171C,0,,0.12107623368501663,0.9990000128746033,0.7251999974250793
YOR036W,YBR037C,0,,0.12106156349182129,0.9990000128746033,0.7253000140190125
YBL018C,YDL143W,0,,0.12104689329862595,0.9990000128746033,0.7253999710083008
YLR038C,YGR067C,0,,0.1210322231054306,0.9990000128746033,0.7254999876022339
YPL269W,YIL085C,0,,0.12101756781339645,0.9990000128746033,0.725600004196167
YEL009C,YIL093C,0,,0.12100290507078171,0.9990000128746033,0.7257000207901001
YPL153C,YBL011W,0,,0.12098824977874756,0.9990000128746033,0.7257999777793884
YDR351W,YNL326C,0,,0.120973601937294,0.9990000128746033,0.7258999943733215
YNL208W,YIL113W,0,,0.12095895409584045,0.9990000128746033,0.7260000109672546
YDR538W,YKL020C,0,,0.1209443062543869,0.9990000128746033,0.7261000275611877
YGR067C,YOL146W,0,,0.12092966586351395,0.9990000128746033,0.7261999845504761
YGL023C,YGR047C,0,,0.12091503292322159,0.9990000128746033,0.7263000011444092
YPL051W,YML128C,0,,0.12090039998292923,0.9990000128746033,0.7264000177383423
YBL017C,YDL171C,0,,0.12088576704263687,0.9990000128746033,0.7264999747276306
YIR011C,YJL091C,0,,0.12087114155292511,0.9990000128746033,0.7265999913215637
YPR149W,YOL140W,0,,0.12085652351379395,0.9990000128746033,0.7267000079154968
YPR009W,YDR197W,0,,0.12084189802408218,0.9990000128746033,0.7268000245094299
YGR238C,YDR483W,0,,0.12082728743553162,0.9990000128746033,0.7268999814987183
YLL011W,YHL047C,0,,0.12081267684698105,0.9990000128746033,0.7269999980926514
YJL128C,YLR074C,0,,0.12079806625843048,0.9990000128746033,0.7271000146865845
YPR060C,YJL020C,0,,0.12078346312046051,0.9990000128746033,0.7271999716758728
YBL017C,YDL103C,0,,0.12076885998249054,0.9990000128746033,0.7272999882698059
YIL109C,YKL220C,0,,0.12075426429510117,0.9990000128746033,0.727400004863739
YHR085W,YGR279C,0,,0.12073966860771179,0.9990000128746033,0.7275000214576721
YKL180W,YKR104W,0,,0.12072507292032242,0.9990000128746033,0.7275999784469604
YGR284C,YBR235W,0,,0.12071048468351364,0.9990000128746033,0.7276999950408936
YMR281W,YGR068C,0,,0.12069590389728546,0.9990000128746033,0.7278000116348267
YDL039C,YOL007C,0,,0.12068132311105728,0.9990000128746033,0.7279000282287598
YDR104C,YFL018C,0,,0.1206667497754097,0.9990000128746033,0.7279999852180481
YOL053C-A,YGL155W,0,,0.12065217643976212,0.9990000128746033,0.7281000018119812
YOR217W,YDL078C,0,,0.12063760310411453,0.9990000128746033,0.7282000184059143
YCR017C,YOL031C,0,,0.12062303721904755,0.9990000128746033,0.7282999753952026
YJL073W,YHR004C,0,,0.12060847878456116,0.9990000128746033,0.7283999919891357
YDR279W,YGL224C,0,,0.12059391289949417,0.9990000128746033,0.7285000085830688
YPR075C,YBR253W,0,,0.12057936191558838,0.9990000128746033,0.728600025177002
YKL065C,YJR088C,0,,0.12056481093168259,0.9990000128746033,0.7286999821662903
YBR079C,YOR123C,0,,0.1205502599477768,0.9990000128746033,0.7287999987602234
YDR207C,YGR194C,0,,0.1205357164144516,0.9990000128746033,0.7289000153541565
YBR008C,YOR343W-A,0,,0.1205211728811264,0.9990000128746033,0.7289999723434448
YIL073C,YJL143W,0,,0.1205066367983818,0.9990000128746033,0.7290999889373779
YDL043C,YER088C,0,,0.12049210071563721,0.9990000128746033,0.729200005531311
YJR034W,YNR069C,0,,0.1204775720834732,0.9990000128746033,0.7293000221252441
YDR139C,YER119C,0,,0.1204630434513092,0.9990000128746033,0.7293999791145325
YDR332W,YNL312W,0,,0.1204485148191452,0.9990000128746033,0.7294999957084656
YNR020C,YER006W,0,,0.1204339936375618,0.9990000128746033,0.7296000123023987
YDR496C,YHL019C,0,,0.12041947990655899,0.9990000128746033,0.7297000288963318
YOR075W,YDR410C,0,,0.12040496617555618,0.9990000128746033,0.7297999858856201
YNR012W,YJL097W,0,,0.12039045244455338,0.9990000128746033,0.7299000024795532
YHR089C,YDR038C,0,,0.12037594616413116,0.9990000128746033,0.7300000190734863
YPL015C,YLL005C,0,,0.12036144733428955,0.9990000128746033,0.7300999760627747
YGR239C,YDR311W,0,,0.12034694850444794,0.9990000128746033,0.7301999926567078
YLR228C,YER159C-A,0,,0.12033244967460632,0.9990000128746033,0.7303000092506409
YLR145W,YGR231C,0,,0.1203179582953453,0.9990000128746033,0.730400025844574
YPL065W,YDR382W,0,,0.12030346691608429,0.9990000128746033,0.7304999828338623
YDR006C,YLR431C,0,,0.12028898298740387,0.9990000128746033,0.7305999994277954
YAR031W,YOR155C,0,,0.12027449905872345,0.9990000128746033,0.7307000160217285
YKR020W,YLR157C-B,0,,0.12026002258062363,0.9990000128746033,0.7307999730110168
YDR480W,YLR098C,0,,0.1202455461025238,0.9990000128746033,0.73089998960495
YDR373W,YJL117W,0,,0.12023107707500458,0.9990000128746033,0.7310000061988831
YER168C,YOR367W,0,,0.12021660804748535,0.9990000128746033,0.7311000227928162
YOR244W,YKR010C,0,,0.12020213901996613,0.9990000128746033,0.7311999797821045
YJR104C,YIL039W,0,,0.1201876774430275,0.9990000128746033,0.7312999963760376
YIL124W,YKL140W,0,,0.12017322331666946,0.9990000128746033,0.7314000129699707
YAL029C,YLR138W,0,,0.12015876919031143,0.9990000128746033,0.7315000295639038
YGR209C,YAL008W,0,,0.1201443150639534,0.9990000128746033,0.7315999865531921
YBR057C,YBR004C,0,,0.12012986838817596,0.9990000128746033,0.7317000031471252
YMR208W,YJR125C,0,,0.12011542916297913,0.9990000128746033,0.7318000197410583
YKR068C,YLR191W,0,,0.12010098248720169,0.9990000128746033,0.7318999767303467
YER122C,YDR240C,0,,0.12008655071258545,0.9990000128746033,0.7319999933242798
YLR356W,YGL020C,0,,0.12007211893796921,0.9990000128746033,0.7321000099182129
YGL048C,YPR058W,0,,0.12005768716335297,0.9990000128746033,0.732200026512146
YLR144C,YFR052W,0,,0.12004325538873672,0.9990000128746033,0.7322999835014343
YAL023C,YBR150C,0,,0.12002883851528168,0.9990000128746033,0.7324000000953674
YOL090W,YHR034C,0,,0.12001441419124603,0.9990000128746033,0.7325000166893005
YIL010W,YKL165C,0,,0.11999999731779099,0.9990000128746033,0.7325999736785889
YDL197C,YIR015W,0,,0.11998558789491653,0.9990000128746033,0.732699990272522
YDR388W,YDR099W,0,,0.11997117847204208,0.9990000128746033,0.7328000068664551
YGL131C,YPR144C,0,,0.11995676904916763,0.9990000128746033,0.7329000234603882
YGL134W,YDR392W,0,,0.11994236707687378,0.9990000128746033,0.7329999804496765
YLR013W,YGR255C,0,,0.11992797255516052,0.9990000128746033,0.7330999970436096
YPL065W,YER036C,0,,0.11991357803344727,0.9990000128746033,0.7332000136375427
YGL210W-A,YGL250W,0,,0.11989918351173401,0.9990000128746033,0.733299970626831
YKL007W,YPL050C,0,,0.11988479644060135,0.9990000128746033,0.7333999872207642
YML111W,YLL001W,0,,0.11987040936946869,0.9990000128746033,0.7335000038146973
YLR128W,YER051W,0,,0.11985602974891663,0.9990000128746033,0.7336000204086304
YLR079W,YNL191W,0,,0.11984165012836456,0.9990000128746033,0.7336999773979187
YDR210W,YDL101C,0,,0.1198272779583931,0.9990000128746033,0.7337999939918518
YML129C,YDR229W,0,,0.11981290578842163,0.9990000128746033,0.7339000105857849
YMR235C,YNL037C,0,,0.11979853361845016,0.9990000128746033,0.734000027179718
YBR006W,YIL085C,0,,0.11978417634963989,0.9990000128746033,0.7340999841690063
YDL069C,YPL085W,0,,0.11976981163024902,0.9990000128746033,0.7342000007629395
YGR280C,YOL070C,0,,0.11975545436143875,0.9990000128746033,0.7343000173568726
YNL085W,YIL157C,0,,0.11974109709262848,0.9990000128746033,0.7343999743461609
YPL060W,YPR144C,0,,0.1197267472743988,0.9990000128746033,0.734499990940094
YBR205W,YOR206W,0,,0.11971240490674973,0.9990000128746033,0.7346000075340271
YDR072C,YPR160W,0,,0.11969806253910065,0.9990000128746033,0.7347000241279602
YLR042C,YGR134W,0,,0.11968372017145157,0.9990000128746033,0.7347999811172485
YGL258W-A,YLR029C,0,,0.11966938525438309,0.9990000128746033,0.7348999977111816
YPL087W,YOL003C,0,,0.1196550503373146,0.9990000128746033,0.7350000143051147
YLR206W,YLR449W,0,,0.11964071542024612,0.9990000128746033,0.7350999712944031
YOR274W,YBR290W,0,,0.11962639540433884,0.9990000128746033,0.7351999878883362
YML088W,YDR216W,0,,0.11961206793785095,0.9990000128746033,0.7353000044822693
YGL172W,YJL159W,0,,0.11959774792194366,0.9990000128746033,0.7354000210762024
YLR099C,YOR124C,0,,0.11958343535661697,0.9990000128746033,0.7354999780654907
YJR113C,YOR063W,0,,0.11956912279129028,0.9990000128746033,0.7355999946594238
YDR139C,YDR239C,0,,0.11955481022596359,0.9990000128746033,0.7357000112533569
YLR370C,YHR067W,0,,0.1195405051112175,0.9990000128746033,0.73580002784729
YAL062W,YCL063W,0,,0.1195261999964714,0.9990000128746033,0.7358999848365784
YGR252W,YPR149W,0,,0.11951190233230591,0.9990000128746033,0.7360000014305115
YKL198C,YER174C,0,,0.11949760466814041,0.9990000128746033,0.7361000180244446
YJL151C,YOL004W,0,,0.11948331445455551,0.9990000128746033,0.7361999750137329
YGR223C,YKL117W,0,,0.11946902424097061,0.9990000128746033,0.736299991607666
YDR219C,YNL218W,0,,0.11945474147796631,0.9990000128746033,0.7364000082015991
YMR016C,YBR159W,0,,0.119440458714962,0.9990000128746033,0.7365000247955322
YCR042C,YBR026C,0,,0.1194261834025383,0.9990000128746033,0.7365999817848206
YNL012W,YLR086W,0,,0.1194119080901146,0.9990000128746033,0.7366999983787537
YNL335W,YJR068W,0,,0.11939763277769089,0.9990000128746033,0.7368000149726868
YNL172W,YGR081C,0,,0.11938336491584778,0.9990000128746033,0.7368999719619751
YBL067C,YLR312C-B,0,,0.11936909705400467,0.9990000128746033,0.7369999885559082
YER039C,YGL099W,0,,0.11935483664274216,0.9990000128746033,0.7371000051498413
YJL025W,YIL158W,0,,0.11934058368206024,0.9990000128746033,0.7372000217437744
YPL164C,YDR339C,0,,0.11932632327079773,0.9990000128746033,0.7372999787330627
YBR126C,YDR079W,0,,0.11931207776069641,0.9990000128746033,0.7373999953269958
YDR121W,YDL206W,0,,0.1192978248000145,0.9990000128746033,0.737500011920929
YKL059C,YGL153W,0,,0.11928357928991318,0.9990000128746033,0.7376000285148621
YGL253W,YOL019W,0,,0.11926934123039246,0.9990000128746033,0.7376999855041504
YCL019W,YDR109C,0,,0.11925510317087173,0.9990000128746033,0.7378000020980835
YGR052W,YHR067W,0,,0.11924087256193161,0.9990000128746033,0.7379000186920166
YOR030W,YLL001W,0,,0.11922663450241089,0.9990000128746033,0.7379999756813049
YNL244C,YNL002C,0,,0.11921241134405136,0.9990000128746033,0.738099992275238
YCL032W,YOL045W,0,,0.11919818818569183,0.9990000128746033,0.7382000088691711
YGR090W,YCR011C,0,,0.1191839650273323,0.9990000128746033,0.7383000254631042
YLL061W,YDR419W,0,,0.11916974931955338,0.9990000128746033,0.7383999824523926
YLR287C-A,YLR008C,0,,0.11915553361177444,0.9990000128746033,0.7384999990463257
YCR079W,YBR159W,0,,0.11914132535457611,0.9990000128746033,0.7386000156402588
YCL036W,YGL103W,0,,0.11912711709737778,0.9990000128746033,0.7386999726295471
YJL099W,YLR373C,0,,0.11911291629076004,0.9990000128746033,0.7387999892234802
YNL153C,YGL032C,0,,0.1190987154841423,0.9990000128746033,0.7389000058174133
YKL189W,YDR356W,0,,0.11908451467752457,0.9990000128746033,0.7390000224113464
YBR160W,YNL096C,0,,0.11907032132148743,0.9990000128746033,0.7390999794006348
YGR092W,YNL307C,0,,0.11905612796545029,0.9990000128746033,0.7391999959945679
YNR069C,YBL055C,0,,0.11904194205999374,0.9990000128746033,0.739300012588501
YLR119W,YMR307W,0,,0.1190277636051178,0.9990000128746033,0.7394000291824341
YNL012W,YHR104W,0,,0.11901357769966125,0.9990000128746033,0.7394999861717224
YFR005C,YER094C,0,,0.1189994066953659,0.9990000128746033,0.7396000027656555
YML091C,YNL197C,0,,0.11898522824048996,0.9990000128746033,0.7397000193595886
YDR291W,YLR138W,0,,0.11897106468677521,0.9990000128746033,0.739799976348877
YLR390W,YPL134C,0,,0.11895689368247986,0.9990000128746033,0.7398999929428101
YDL002C,YDR169C,0,,0.1189427301287651,0.9990000128746033,0.7400000095367432
YGR192C,YHR047C,0,,0.11892857402563095,0.9990000128746033,0.7401000261306763
YNL275W,YDL069C,0,,0.1189144179224968,0.9990000128746033,0.7401999831199646
YOR181W,YDR130C,0,,0.11890026181936264,0.9990000128746033,0.7402999997138977
YDR291W,YGL256W,0,,0.11888611316680908,0.9990000128746033,0.7404000163078308
YGR206W,YNL124W,0,,0.11887196451425552,0.9990000128746033,0.7404999732971191
YGL170C,YPR166C,0,,0.11885782331228256,0.9990000128746033,0.7405999898910522
YPR156C,YML110C,0,,0.1188436821103096,0.9990000128746033,0.7407000064849854
YCR089W,YLR192C,0,,0.11882954835891724,0.9990000128746033,0.7408000230789185
YLR459W,YBL074C,0,,0.11881541460752487,0.9990000128746033,0.7408999800682068
YMR269W,YMR165C,0,,0.11880128085613251,0.9990000128746033,0.7409999966621399
YGR002C,YDR540C,0,,0.11878715455532074,0.9990000128746033,0.741100013256073
YER172C,YLR188W,0,,0.11877303570508957,0.9990000128746033,0.7411999702453613
YOR353C,YFR007W,0,,0.1187589168548584,0.9990000128746033,0.7412999868392944
YLR369W,YFR028C,0,,0.11874479800462723,0.9990000128746033,0.7414000034332275
YDL147W,YKL091C,0,,0.11873068660497665,0.9990000128746033,0.7415000200271606
YCR088W,YPR152C,0,,0.11871657520532608,0.9990000128746033,0.741599977016449
YOL148C,YNL265C,0,,0.1187024712562561,0.9990000128746033,0.7416999936103821
YKR035W-A,YOR141C,0,,0.11868836730718613,0.9990000128746033,0.7418000102043152
YML039W,YJR064W,0,,0.11867427080869675,0.9990000128746033,0.7419000267982483
YDR051C,YOR384W,0,,0.11866017431020737,0.9990000128746033,0.7419999837875366
YNL275W,YDR090C,0,,0.11864607781171799,0.9990000128746033,0.7421000003814697
YHR066W,YER021W,0,,0.1186319887638092,0.9990000128746033,0.7422000169754028
YNL267W,YPL218W,0,,0.11861790716648102,0.9990000128746033,0.7422999739646912
YKL089W,YPL003W,0,,0.11860382556915283,0.9990000128746033,0.7423999905586243
YGL258W-A,YJR133W,0,,0.11858974397182465,0.9990000128746033,0.7425000071525574
YMR044W,YNL014W,0,,0.11857566982507706,0.9990000128746033,0.7426000237464905
YJL171C,YMR075W,0,,0.11856159567832947,0.9990000128746033,0.7426999807357788
YKR044W,YMR306W,0,,0.11854752898216248,0.9990000128746033,0.7427999973297119
YMR086W,YDR298C,0,,0.11853346228599548,0.9990000128746033,0.742900013923645
YIL040W,YMR241W,0,,0.11851939558982849,0.9990000128746033,0.7429999709129333
YOR162C,YLR251W,0,,0.1185053363442421,0.9990000128746033,0.7430999875068665
YDL039C,YGR058W,0,,0.1184912845492363,0.9990000128746033,0.7432000041007996
YMR160W,YDR014W,0,,0.1184772327542305,0.9990000128746033,0.7433000206947327
YHR063C,YAL041W,0,,0.1184631809592247,0.9990000128746033,0.743399977684021
YLL033W,YGL254W,0,,0.1184491366147995,0.9990000128746033,0.7434999942779541
YOL091W,YPL149W,0,,0.1184350922703743,0.9990000128746033,0.7436000108718872
YGL047W,YBR050C,0,,0.1184210553765297,0.9990000128746033,0.7437000274658203
YMR130W,YDR139C,0,,0.11840701848268509,0.9990000128746033,0.7437999844551086
YPR190C,YMR188C,0,,0.11839298158884048,0.9990000128746033,0.7439000010490417
YFL001W,YJR144W,0,,0.11837895214557648,0.9990000128746033,0.7440000176429749
YDR447C,YJL177W,0,,0.11836493015289307,0.9990000128746033,0.7440999746322632
YPR033C,YEL038W,0,,0.11835090816020966,0.9990000128746033,0.7441999912261963
YER141W,YOR043W,0,,0.11833688616752625,0.9990000128746033,0.7443000078201294
YLR034C,YDL077C,0,,0.11832287162542343,0.9990000128746033,0.7444000244140625
YHR042W,YIL171W,0,,0.11830885708332062,0.9990000128746033,0.7444999814033508
YJL033W,YNR001C,0,,0.1182948499917984,0.9990000128746033,0.7445999979972839
YKL165C,YGR155W,0,,0.11828084290027618,0.9990000128746033,0.744700014591217
YIL067C,YNL292W,0,,0.11826684325933456,0.9990000128746033,0.7447999715805054
YGR013W,YKR002W,0,,0.11825284361839294,0.9990000128746033,0.7448999881744385
YCR011C,YOR014W,0,,0.11823884397745132,0.9990000128746033,0.7450000047683716
YHL024W,YGL155W,0,,0.1182248517870903,0.9990000128746033,0.7451000213623047
YDR119W,YBR008C,0,,0.11821085959672928,0.9990000128746033,0.745199978351593
YNL307C,YDR296W,0,,0.11819687485694885,0.9990000128746033,0.7452999949455261
YDR533C,YMR312W,0,,0.11818289011716843,0.9990000128746033,0.7454000115394592
YOL072W,YHR061C,0,,0.1181689128279686,0.9990000128746033,0.7455000281333923
YER175C,YGR108W,0,,0.11815493553876877,0.9990000128746033,0.7455999851226807
YOR066W,YBR031W,0,,0.11814096570014954,0.9990000128746033,0.7457000017166138
YHR026W,YDL143W,0,,0.1181269958615303,0.9990000128746033,0.7458000183105469
YHR211W,YCR033W,0,,0.11811302602291107,0.9990000128746033,0.7458999752998352
YGL046W,YGL055W,0,,0.11809906363487244,0.9990000128746033,0.7459999918937683
YCR072C,YBR058C,0,,0.1180851086974144,0.9990000128746033,0.7461000084877014
YNL127W,YNR070W,0,,0.11807114630937576,0.9990000128746033,0.7462000250816345
YER172C,YDR316W-A,0,,0.11805719882249832,0.9990000128746033,0.7462999820709229
YDR538W,YAR066W,0,,0.11804324388504028,0.9990000128746033,0.746399998664856
YML012W,YCL063W,0,,0.11802930384874344,0.9990000128746033,0.7465000152587891
YJL033W,YPL195W,0,,0.118015356361866,0.9990000128746033,0.7465999722480774
YER082C,YJR130C,0,,0.11800141632556915,0.9990000128746033,0.7466999888420105
YJL136C,YGL160W,0,,0.1179874837398529,0.9990000128746033,0.7468000054359436
YJR066W,YPR133W-A,0,,0.11797355115413666,0.9990000128746033,0.7469000220298767
YML111W,YJL200C,0,,0.11795961856842041,0.9990000128746033,0.746999979019165
YBR020W,YBR059C,0,,0.11794569343328476,0.9990000128746033,0.7470999956130981
YDR222W,YDR116C,0,,0.11793176829814911,0.9990000128746033,0.7472000122070312
YBL058W,YGL106W,0,,0.11791785061359406,0.9990000128746033,0.7473000288009644
YOR278W,YMR288W,0,,0.117903932929039,0.9990000128746033,0.7473999857902527
YPL174C,YLR393W,0,,0.11789001524448395,0.9990000128746033,0.7475000023841858
YER160C,YNR028W,0,,0.11787610501050949,0.9990000128746033,0.7476000189781189
YAR018C,YBR129C,0,,0.11786220222711563,0.9990000128746033,0.7476999759674072
YER113C,YDL170W,0,,0.11784829199314117,0.9990000128746033,0.7477999925613403
YMR092C,YJR105W,0,,0.11783439666032791,0.9990000128746033,0.7479000091552734
YGR125W,YNR008W,0,,0.11782050132751465,0.9990000128746033,0.7480000257492065
YNL159C,YPR036W,0,,0.11780660599470139,0.9990000128746033,0.7480999827384949
YNL207W,YOR039W,0,,0.11779271066188812,0.9990000128746033,0.748199999332428
YOR284W,YPL028W,0,,0.11777882277965546,0.9990000128746033,0.7483000159263611
YDR255C,YGR008C,0,,0.11776494234800339,0.9990000128746033,0.7483999729156494
YKL096W,YOR304C-A,0,,0.11775106191635132,0.9990000128746033,0.7484999895095825
YKL109W,YOL038W,0,,0.11773718148469925,0.9990000128746033,0.7486000061035156
YOR100C,YMR284W,0,,0.11772330850362778,0.9990000128746033,0.7487000226974487
YDR236C,YNL189W,0,,0.1177094355225563,0.9990000128746033,0.7487999796867371
YKR080W,YOL038W,0,,0.11769556999206543,0.9990000128746033,0.7488999962806702
YLR306W,YDL047W,0,,0.11768170446157455,0.9990000128746033,0.7490000128746033
YOR056C,YGR183C,0,,0.11766784638166428,0.9990000128746033,0.7491000294685364
YHL007C,YOL057W,0,,0.117653988301754,0.9990000128746033,0.7491999864578247
YEL046C,YAL029C,0,,0.11764013022184372,0.9990000128746033,0.7493000030517578
YCL038C,YDR034C-D,0,,0.11762627959251404,0.9990000128746033,0.7494000196456909
YPR096C,YGR128C,0,,0.11761242896318436,0.9990000128746033,0.7494999766349792
YMR038C,YKR098C,0,,0.11759858578443527,0.9990000128746033,0.7495999932289124
YOR222W,YPR137C-B,0,,0.11758474260568619,0.9990000128746033,0.7497000098228455
YPR065W,YBL064C,0,,0.1175709068775177,0.9990000128746033,0.7498000264167786
YML037C,YJR101W,0,,0.11755707114934921,0.9990000128746033,0.7498999834060669
YMR130W,YGL051W,0,,0.11754324287176132,0.9990000128746033,0.75
YDL159W,YPL047W,0,,0.11752941459417343,0.9990000128746033,0.7501000165939331
YNL077W,YOL146W,0,,0.11751558631658554,0.9990000128746033,0.7501999735832214
YJR107W,YDR147W,0,,0.11750176548957825,0.9990000128746033,0.7502999901771545
YOL030W,YLR431C,0,,0.11748794466257095,0.9990000128746033,0.7504000067710876
YAL038W,YDR018C,0,,0.11747413128614426,0.9990000128746033,0.7505000233650208
YDR159W,YDR210C-C,0,,0.11746031790971756,0.9990000128746033,0.7505999803543091
YGL079W,YCR043C,0,,0.11744651198387146,0.9990000128746033,0.7506999969482422
YMR302C,YOR098C,0,,0.11743270605802536,0.9990000128746033,0.7508000135421753
YOR234C,YAL014C,0,,0.11741890013217926,0.9990000128746033,0.7508999705314636
YMR056C,YMR067C,0,,0.11740510165691376,0.9990000128746033,0.7509999871253967
YPR192W,YOL053C-A,0,,0.11739130318164825,0.9990000128746033,0.7511000037193298
YGL232W,YFL038C,0,,0.11737751215696335,0.9990000128746033,0.7512000203132629
YGL124C,YEL038W,0,,0.11736372113227844,0.9990000128746033,0.7512999773025513
YPR035W,YHR039C-A,0,,0.11734993755817413,0.9990000128746033,0.7513999938964844
YPR029C,YNL212W,0,,0.11733615398406982,0.9990000128746033,0.7515000104904175
YJL071W,YOL158C,0,,0.11732237040996552,0.9990000128746033,0.7516000270843506
YGR186W,YBR294W,0,,0.1173085942864418,0.9990000128746033,0.7516999840736389
YIR036C,YOR190W,0,,0.11729482561349869,0.9990000128746033,0.751800000667572
YNL024C-A,YFL037W,0,,0.11728104948997498,0.9990000128746033,0.7519000172615051
YLR174W,YML048W,0,,0.11726728826761246,0.9990000128746033,0.7519999742507935
YJL082W,YPR184W,0,,0.11725351959466934,0.9990000128746033,0.7520999908447266
YHR079C,YDR285W,0,,0.11723975837230682,0.9990000128746033,0.7522000074386597
YNL323W,YGL225W,0,,0.1172260046005249,0.9990000128746033,0.7523000240325928
YGR063C,YER018C,0,,0.11721225082874298,0.9990000128746033,0.7523999810218811
YBR115C,YDR312W,0,,0.11719849705696106,0.9990000128746033,0.7524999976158142
YOR295W,YGR105W,0,,0.11718475073575974,0.9990000128746033,0.7526000142097473
YFR003C,YMR289W,0,,0.11717100441455841,0.9990000128746033,0.7526999711990356
YPL231W,YCL027W,0,,0.11715726554393768,0.9990000128746033,0.7527999877929688
YGR121C,YDL217C,0,,0.11714352667331696,0.9990000128746033,0.7529000043869019
YIL143C,YDR473C,0,,0.11712979525327682,0.9990000128746033,0.753000020980835
YJR044C,YDR153C,0,,0.1171160638332367,0.9990000128746033,0.7530999779701233
YOL068C,YGR047C,0,,0.11710233241319656,0.9990000128746033,0.7531999945640564
YNL271C,YLR318W,0,,0.11708860844373703,0.9990000128746033,0.7533000111579895
YDR261C-C,YPR198W,0,,0.1170748844742775,0.9990000128746033,0.7534000277519226
YNL126W,YER096W,0,,0.11706116795539856,0.9990000128746033,0.7534999847412109
YKR030W,YMR086W,0,,0.11704745143651962,0.9990000128746033,0.753600001335144
YGL147C,YDL121C,0,,0.11703374236822128,0.9990000128746033,0.7537000179290771
YNR072W,YGR223C,0,,0.11702003329992294,0.9990000128746033,0.7537999749183655
YCL014W,YHR061C,0,,0.1170063242316246,0.9990000128746033,0.7538999915122986
YPL020C,YJL192C,0,,0.11699262261390686,0.9990000128746033,0.7540000081062317
YAL058W,YAR008W,0,,0.11697892099618912,0.9990000128746033,0.7541000247001648
YDR088C,YML006C,0,,0.11696522682905197,0.9990000128746033,0.7541999816894531
YIL031W,YJL200C,0,,0.11695153266191483,0.9990000128746033,0.7542999982833862
YMR271C,YBR156C,0,,0.11693784594535828,0.9990000128746033,0.7544000148773193
YML051W,YGL054C,0,,0.11692415922880173,0.9990000128746033,0.7544999718666077
YLR088W,YKR042W,0,,0.11691047251224518,0.9990000128746033,0.7545999884605408
YMR112C,YAL042W,0,,0.11689679324626923,0.9990000128746033,0.7547000050544739
YCR057C,YBL042C,0,,0.11688311398029327,0.9990000128746033,0.754800021648407
YIL171W,YGL185C,0,,0.11686944216489792,0.9990000128746033,0.7548999786376953
YPR113W,YCL033C,0,,0.11685577034950256,0.9990000128746033,0.7549999952316284
YPR082C,YHR115C,0,,0.1168421059846878,0.9990000128746033,0.7551000118255615
YCR102C,YOL128C,0,,0.11682844161987305,0.9990000128746033,0.7552000284194946
YGL211W,YDR383C,0,,0.11681477725505829,0.9990000128746033,0.755299985408783
YDR101C,YGL229C,0,,0.11680112034082413,0.9990000128746033,0.7554000020027161
YFR042W,YDR429C,0,,0.11678747087717056,0.9990000128746033,0.7555000185966492
YDR339C,YCR009C,0,,0.1167738139629364,0.9990000128746033,0.7555999755859375
YLR151C,YIL051C,0,,0.11676017194986343,0.9990000128746033,0.7556999921798706
YER019C-A,YKR056W,0,,0.11674652248620987,0.9990000128746033,0.7558000087738037
YLL001W,YKL112W,0,,0.1167328804731369,0.9990000128746033,0.7559000253677368
YBR077C,YJR101W,0,,0.11671924591064453,0.9990000128746033,0.7559999823570251
YBR260C,YPL091W,0,,0.11670560389757156,0.9990000128746033,0.7560999989509583
YOL040C,YDR085C,0,,0.11669197678565979,0.9990000128746033,0.7562000155448914
YMR200W,YMR142C,0,,0.11667834967374802,0.9990000128746033,0.7562999725341797
YDR495C,YJR151C,0,,0.11666472256183624,0.9990000128746033,0.7563999891281128
YHR161C,YDR079C-A,0,,0.11665109544992447,0.9990000128746033,0.7565000057220459
YCL069W,YPL031C,0,,0.11663747578859329,0.9990000128746033,0.756600022315979
YOL008W,YLR378C,0,,0.11662386357784271,0.9990000128746033,0.7566999793052673
YLR119W,YCL031C,0,,0.11661025136709213,0.9990000128746033,0.7567999958992004
YEL009C,YKL170W,0,,0.11659663915634155,0.9990000128746033,0.7569000124931335
YMR146C,YOR014W,0,,0.11658303439617157,0.9990000128746033,0.7570000290870667
YNL005C,YML032C,0,,0.11656942963600159,0.9990000128746033,0.757099986076355
YPL246C,YFL038C,0,,0.1165558248758316,0.9990000128746033,0.7572000026702881
YGR121C,YNL189W,0,,0.11654222756624222,0.9990000128746033,0.7573000192642212
YER183C,YJR032W,0,,0.11652863770723343,0.9990000128746033,0.7573999762535095
YDR186C,YBR173C,0,,0.11651504784822464,0.9990000128746033,0.7574999928474426
YKR094C,YKL112W,0,,0.11650145798921585,0.9990000128746033,0.7576000094413757
YJR147W,YPR122W,0,,0.11648787558078766,0.9990000128746033,0.7577000260353088
YHR086W,YMR004W,0,,0.11647429317235947,0.9990000128746033,0.7577999830245972
YBR260C,YLR174W,0,,0.11646071076393127,0.9990000128746033,0.7578999996185303
YMR068W,YIL095W,0,,0.11644713580608368,0.9990000128746033,0.7580000162124634
YML028W,YDL217C,0,,0.11643356829881668,0.9990000128746033,0.7580999732017517
YHR153C,YMR267W,0,,0.11642000079154968,0.9990000128746033,0.7581999897956848
YHR029C,YMR166C,0,,0.11640643328428268,0.9990000128746033,0.7583000063896179
YJL051W,YNR013C,0,,0.11639287322759628,0.9990000128746033,0.758400022983551
YJL206C,YFL002W-B,0,,0.11637931317090988,0.9990000128746033,0.7584999799728394
YKR042W,YHR188C,0,,0.11636575311422348,0.9990000128746033,0.7585999965667725
YLL009C,YBR082C,0,,0.11635220050811768,0.9990000128746033,0.7587000131607056
YAR014C,YKL206C,0,,0.11633864790201187,0.9990000128746033,0.7588000297546387
YBL088C,YBR004C,0,,0.11632510274648666,0.9990000128746033,0.758899986743927
YBR079C,YBR095C,0,,0.11631155759096146,0.9990000128746033,0.7590000033378601
YJL072C,YPL206C,0,,0.11629801988601685,0.9990000128746033,0.7591000199317932
YMR278W,YMR298W,0,,0.11628448218107224,0.9990000128746033,0.7591999769210815
YDR202C,YNR046W,0,,0.11627095192670822,0.9990000128746033,0.7592999935150146
YBR167C,YJL108C,0,,0.11625742167234421,0.9990000128746033,0.7594000101089478
YCL069W,YDR121W,0,,0.1162438914179802,0.9990000128746033,0.7595000267028809
YML009C,YDR196C,0,,0.11623036861419678,0.9990000128746033,0.7595999836921692
YCR047C,YIL095W,0,,0.11621684581041336,0.9990000128746033,0.7597000002861023
YDL136W,YJL076W,0,,0.11620333045721054,0.9990000128746033,0.7598000168800354
YOR306C,YOR212W,0,,0.11618981510400772,0.9990000128746033,0.7598999738693237
YLR069C,YML074C,0,,0.1161762997508049,0.9990000128746033,0.7599999904632568
YGL047W,YHR017W,0,,0.11616279184818268,0.9990000128746033,0.7601000070571899
YNL005C,YFR041C,0,,0.11614928394556046,0.9990000128746033,0.760200023651123
YGL120C,YGR006W,0,,0.11613578349351883,0.9990000128746033,0.7602999806404114
YGL038C,YNR074C,0,,0.1161222830414772,0.9990000128746033,0.7603999972343445
YDR033W,YOR327C,0,,0.11610879004001617,0.9990000128746033,0.7605000138282776
YLR448W,YNL113W,0,,0.11609529703855515,0.9990000128746033,0.7605999708175659
YPL242C,YER052C,0,,0.11608180403709412,0.9990000128746033,0.760699987411499
YLR145W,YDL190C,0,,0.11606831848621368,0.9990000128746033,0.7608000040054321
YOR386W,YNL284C,0,,0.11605483293533325,0.9990000128746033,0.7609000205993652
YHR156C,YOR285W,0,,0.11604135483503342,0.9990000128746033,0.7609999775886536
YMR210W,YMR169C,0,,0.11602787673473358,0.9990000128746033,0.7610999941825867
YHR025W,YAL010C,0,,0.11601439863443375,0.9990000128746033,0.7612000107765198
YLR389C,YPR158W-A,0,,0.11600092798471451,0.9990000128746033,0.7613000273704529
YDR353W,YNL153C,0,,0.11598745733499527,0.9990000128746033,0.7613999843597412
YMR277W,YDL190C,0,,0.11597399413585663,0.9990000128746033,0.7615000009536743
YNL146W,YPL202C,0,,0.11596053093671799,0.9990000128746033,0.7616000175476074
YHL040C,YLR368W,0,,0.11594707518815994,0.9990000128746033,0.7616999745368958
YLR204W,YDR362C,0,,0.1159336194396019,0.9990000128746033,0.7617999911308289
YAR050W,YPL106C,0,,0.11592016369104385,0.9990000128746033,0.761900007724762
YJL006C,YFL045C,0,,0.1159067153930664,0.9990000128746033,0.7620000243186951
YMR079W,YOR083W,0,,0.11589327454566956,0.9990000128746033,0.7620999813079834
YMR122W-A,YML040W,0,,0.11587982624769211,0.9990000128746033,0.7621999979019165
YKR039W,YLR103C,0,,0.11586638540029526,0.9990000128746033,0.7623000144958496
YNL284C,YLR378C,0,,0.115852952003479,0.9990000128746033,0.7623999714851379
YDR270W,YLR026C,0,,0.11583951860666275,0.9990000128746033,0.762499988079071
YKL218C,YMR198W,0,,0.1158260852098465,0.9990000128746033,0.7626000046730042
YOR239W,YBR195C,0,,0.11581265926361084,0.9990000128746033,0.7627000212669373
YMR160W,YJR025C,0,,0.11579923331737518,0.9990000128746033,0.7627999782562256
YPL096C-A,YPL088W,0,,0.11578581482172012,0.9990000128746033,0.7628999948501587
YGL029W,YDL213C,0,,0.11577239632606506,0.9990000128746033,0.7630000114440918
YDR101C,YDR425W,0,,0.11575897783041,0.9990000128746033,0.7631000280380249
YFR032C-A,YOR304C-A,0,,0.11574556678533554,0.9990000128746033,0.7631999850273132
YDL184C,YPL033C,0,,0.11573215574026108,0.9990000128746033,0.7633000016212463
YNR047W,YLR166C,0,,0.11571875214576721,0.9990000128746033,0.7634000182151794
YOL091W,YPL144W,0,,0.11570534855127335,0.9990000128746033,0.7634999752044678
YPL051W,YDR266C,0,,0.11569195240736008,0.9990000128746033,0.7635999917984009
YGL022W,YNL231C,0,,0.11567855626344681,0.9990000128746033,0.763700008392334
YDR376W,YCL027W,0,,0.11566516011953354,0.9990000128746033,0.7638000249862671
YJL014W,YLR439W,0,,0.11565177142620087,0.9990000128746033,0.7638999819755554
YDL109C,YML094W,0,,0.1156383827328682,0.9990000128746033,0.7639999985694885
YDR047W,YBL074C,0,,0.11562500149011612,0.9990000128746033,0.7641000151634216
YOR216C,YGR157W,0,,0.11561162024736404,0.9990000128746033,0.76419997215271
YJL025W,YBR221C,0,,0.11559823900461197,0.9990000128746033,0.7642999887466431
YOL111C,YCR083W,0,,0.11558486521244049,0.9990000128746033,0.7644000053405762
YBL090W,YDR306C,0,,0.11557149142026901,0.9990000128746033,0.7645000219345093
YBR207W,YGL249W,0,,0.11555812507867813,0.9990000128746033,0.7645999789237976
YGR116W,YPL202C,0,,0.11554475873708725,0.9990000128746033,0.7646999955177307
YHR050W,YLR262C,0,,0.11553139984607697,0.9990000128746033,0.7648000121116638
YJR127C,YMR199W,0,,0.11551804095506668,0.9990000128746033,0.7649000287055969
YMR283C,YCR039C,0,,0.1155046820640564,0.9990000128746033,0.7649999856948853
YGL113W,YLL052C,0,,0.11549133062362671,0.9990000128746033,0.7651000022888184
YLR325C,YHR203C,0,,0.11547797918319702,0.9990000128746033,0.7652000188827515
YJR119C,YER008C,0,,0.11546463519334793,0.9990000128746033,0.7652999758720398
YOR338W,YKL103C,0,,0.11545129120349884,0.9990000128746033,0.7653999924659729
YDL077C,YPL094C,0,,0.11543794721364975,0.9990000128746033,0.765500009059906
YKR030W,YDL133C-A,0,,0.11542461067438126,0.9990000128746033,0.7656000256538391
YHR178W,YDR144C,0,,0.11541127413511276,0.9990000128746033,0.7656999826431274
YIL067C,YDR252W,0,,0.11539794504642487,0.9990000128746033,0.7657999992370605
YKL137W,YJL109C,0,,0.11538461595773697,0.9990000128746033,0.7659000158309937
YPR058W,YBR156C,0,,0.11537128686904907,0.9990000128746033,0.765999972820282
YGR192C,YLR077W,0,,0.11535796523094177,0.9990000128746033,0.7660999894142151
YDR033W,YPL157W,0,,0.11534465104341507,0.9990000128746033,0.7662000060081482
YDL168W,YOL117W,0,,0.11533132940530777,0.9990000128746033,0.7663000226020813
YBR044C,YGR047C,0,,0.11531802266836166,0.9990000128746033,0.7663999795913696
YOR005C,YLR225C,0,,0.11530470848083496,0.9990000128746033,0.7664999961853027
YJL154C,YDR446W,0,,0.11529140174388885,0.9990000128746033,0.7666000127792358
YBL084C,YKL221W,0,,0.11527809500694275,0.9990000128746033,0.766700029373169
YPR113W,YER021W,0,,0.11526479572057724,0.9990000128746033,0.7667999863624573
YBR204C,YOR058C,0,,0.11525149643421173,0.9990000128746033,0.7669000029563904
YBR039W,YHL022C,0,,0.11523820459842682,0.9990000128746033,0.7670000195503235
YJL030W,YJL111W,0,,0.1152249127626419,0.9990000128746033,0.7670999765396118
YMR038C,YDR429C,0,,0.11521162837743759,0.9990000128746033,0.7671999931335449
YOR373W,YCR083W,0,,0.11519833654165268,0.9990000128746033,0.767300009727478
YPL204W,YDL033C,0,,0.11518505960702896,0.9990000128746033,0.7674000263214111
YMR239C,YLR378C,0,,0.11517177522182465,0.9990000128746033,0.7674999833106995
YDR362C,YDR495C,0,,0.11515849828720093,0.9990000128746033,0.7675999999046326
YDR353W,YNR054C,0,,0.1151452288031578,0.9990000128746033,0.7677000164985657
YOR373W,YPL269W,0,,0.11513195931911469,0.9990000128746033,0.767799973487854
YHL008C,YLR098C,0,,0.11511868983507156,0.9990000128746033,0.7678999900817871
YPR158C-C,YAL009W,0,,0.11510542780160904,0.9990000128746033,0.7680000066757202
YBL092W,YKR009C,0,,0.11509216576814651,0.9990000128746033,0.7681000232696533
YOR168W,YNL325C,0,,0.11507891118526459,0.9990000128746033,0.7681999802589417
YEL061C,YEL041W,0,,0.11506565660238266,0.9990000128746033,0.7682999968528748
YDL137W,YGR041W,0,,0.11505240201950073,0.9990000128746033,0.7684000134468079
YGR098C,YJL187C,0,,0.1150391548871994,0.9990000128746033,0.7684999704360962
YMR246W,YGR225W,0,,0.11502590775489807,0.9990000128746033,0.7685999870300293
YAL024C,YGR289C,0,,0.11501266062259674,0.9990000128746033,0.7687000036239624
YDL170W,YBR142W,0,,0.11499942094087601,0.9990000128746033,0.7688000202178955
YFL050C,YHR214C-B,0,,0.11498618870973587,0.9990000128746033,0.7688999772071838
YLR151C,YDR140W,0,,0.11497295647859573,0.9990000128746033,0.7689999938011169
YFR005C,YER095W,0,,0.1149597242474556,0.9990000128746033,0.76910001039505
YMR100W,YOL017W,0,,0.11494649946689606,0.9990000128746033,0.7692000269889832
YDL044C,YLR314C,0,,0.11493327468633652,0.9990000128746033,0.7692999839782715
YMR171C,YML097C,0,,0.11492004990577698,0.9990000128746033,0.7694000005722046
YBR296C,YDR362C,0,,0.11490683257579803,0.9990000128746033,0.7695000171661377
YBR018C,YDL061C,0,,0.11489361524581909,0.9990000128746033,0.769599974155426
YDR470C,YPL144W,0,,0.11488040536642075,0.9990000128746033,0.7696999907493591
YJR152W,YGR020C,0,,0.1148671954870224,0.9990000128746033,0.7698000073432922
YJL034W,YBR145W,0,,0.11485399305820465,0.9990000128746033,0.7699000239372253
YGL172W,YPR108W,0,,0.1148407831788063,0.9990000128746033,0.7699999809265137
YOL125W,YHR094C,0,,0.11482758820056915,0.9990000128746033,0.7700999975204468
YLR430W,YML131W,0,,0.1148143857717514,0.9990000128746033,0.7702000141143799
YGR175C,YLR013W,0,,0.11480119824409485,0.9990000128746033,0.7702999711036682
YMR014W,YGR159C,0,,0.1147880032658577,0.9990000128746033,0.7703999876976013
YOR133W,YMR280C,0,,0.11477481573820114,0.9990000128746033,0.7705000042915344
YPL060C-A,YIL128W,0,,0.11476162821054459,0.9990000128746033,0.7706000208854675
YDR017C,YAL058W,0,,0.11474844813346863,0.9990000128746033,0.7706999778747559
YML060W,YFR029W,0,,0.11473526805639267,0.9990000128746033,0.770799994468689
YOR077W,YBL050W,0,,0.11472209542989731,0.9990000128746033,0.7709000110626221
YAR071W,YOL108C,0,,0.11470892280340195,0.9990000128746033,0.7710000276565552
YDL042C,YLR157C-A,0,,0.11469575017690659,0.9990000128746033,0.7710999846458435
YMR173W,YGR028W,0,,0.11468258500099182,0.9990000128746033,0.7712000012397766
YGR215W,YMR238W,0,,0.11466941982507706,0.9990000128746033,0.7713000178337097
YDR210W,YER125W,0,,0.11465626209974289,0.9990000128746033,0.771399974822998
YMR280C,YNR049C,0,,0.11464310437440872,0.9990000128746033,0.7714999914169312
YIL090W,YOR219C,0,,0.11462994664907455,0.9990000128746033,0.7716000080108643
YDR247W,YOL066C,0,,0.11461679637432098,0.9990000128746033,0.7717000246047974
YCL066W,YDR137W,0,,0.11460364609956741,0.9990000128746033,0.7717999815940857
YMR077C,YDR322C-A,0,,0.11459050327539444,0.9990000128746033,0.7718999981880188
YNL177C,YOR070C,0,,0.11457736045122147,0.9990000128746033,0.7720000147819519
YNL229C,YPL112C,0,,0.11456421762704849,0.9990000128746033,0.7720999717712402
YDL022W,YPL276W,0,,0.11455108225345612,0.9990000128746033,0.7721999883651733
YMR293C,YDL138W,0,,0.11453794687986374,0.9990000128746033,0.7723000049591064
YPL065W,YDR414C,0,,0.11452481895685196,0.9990000128746033,0.7724000215530396
YDL109C,YCL059C,0,,0.11451169103384018,0.9990000128746033,0.7724999785423279
YKL011C,YLR265C,0,,0.114498570561409,0.9990000128746033,0.772599995136261
YJR112W,YLR064W,0,,0.11448544263839722,0.9990000128746033,0.7727000117301941
YCR081W,YGR188C,0,,0.11447232961654663,0.9990000128746033,0.7728000283241272
YOR140W,YDR348C,0,,0.11445920914411545,0.9990000128746033,0.7728999853134155
YPR066W,YDR454C,0,,0.11444609612226486,0.9990000128746033,0.7730000019073486
YJL008C,YDR425W,0,,0.11443299055099487,0.9990000128746033,0.7731000185012817
YER012W,YML029W,0,,0.11441988497972488,0.9990000128746033,0.7731999754905701
YGR116W,YMR168C,0,,0.1144067794084549,0.9990000128746033,0.7732999920845032
YKL038W,YDL082W,0,,0.1143936812877655,0.9990000128746033,0.7734000086784363
YBL079W,YNR073C,0,,0.11438058316707611,0.9990000128746033,0.7735000252723694
YHR121W,YGL044C,0,,0.11436748504638672,0.9990000128746033,0.7735999822616577
YBR260C,YAL041W,0,,0.11435439437627792,0.9990000128746033,0.7736999988555908
YLR213C,YMR137C,0,,0.11434130370616913,0.9990000128746033,0.7738000154495239
YHR062C,YPR178W,0,,0.11432822048664093,0.9990000128746033,0.7738999724388123
YBR167C,YJL157C,0,,0.11431513726711273,0.9990000128746033,0.7739999890327454
YLR034C,YDL129W,0,,0.11430206149816513,0.9990000128746033,0.7741000056266785
YHR042W,YDL044C,0,,0.11428898572921753,0.9990000128746033,0.7742000222206116
YMR289W,YLR015W,0,,0.11427590996026993,0.9990000128746033,0.7742999792098999
YDL024C,YNL106C,0,,0.11426284164190292,0.9990000128746033,0.774399995803833
YCR026C,YPR166C,0,,0.11424977332353592,0.9990000128746033,0.7745000123977661
YHR105W,YDR306C,0,,0.11423670500516891,0.9990000128746033,0.7746000289916992
YCR087C-A,YHR216W,0,,0.11422364413738251,0.9990000128746033,0.7746999859809875
YEL043W,YLR119W,0,,0.1142105832695961,0.9990000128746033,0.7748000025749207
YDR494W,YPR137C-B,0,,0.11419752985239029,0.9990000128746033,0.7749000191688538
YGL207W,YDR446W,0,,0.11418447643518448,0.9990000128746033,0.7749999761581421
YLR262C,YER164W,0,,0.11417143046855927,0.9990000128746033,0.7750999927520752
YFL039C,YFL037W,0,,0.11415838450193405,0.9990000128746033,0.7752000093460083
YDL024C,YDL077C,0,,0.11414533853530884,0.9990000128746033,0.7753000259399414
YNL117W,YHR034C,0,,0.11413230001926422,0.9990000128746033,0.7753999829292297
YLR414C,YLR320W,0,,0.1141192615032196,0.9990000128746033,0.7754999995231628
YEL009C,YNL067W,0,,0.11410622298717499,0.9990000128746033,0.775600016117096
YEL011W,YPR024W,0,,0.11409319192171097,0.9990000128746033,0.7756999731063843
YML124C,YOL108C,0,,0.11408016085624695,0.9990000128746033,0.7757999897003174
YGR054W,YJL134W,0,,0.11406713724136353,0.9990000128746033,0.7759000062942505
YNR041C,YNL336W,0,,0.1140541136264801,0.9990000128746033,0.7760000228881836
YDL200C,YBL074C,0,,0.11404109746217728,0.9990000128746033,0.7760999798774719
YLR256W,YLR452C,0,,0.11402808129787445,0.9990000128746033,0.776199996471405
YMR263W,YML027W,0,,0.11401506513357162,0.9990000128746033,0.7763000130653381
YKL148C,YDR210C-C,0,,0.1140020564198494,0.9990000128746033,0.7764000296592712
YLR242C,YGL256W,0,,0.11398904770612717,0.9990000128746033,0.7764999866485596
YHR039C-A,YGL133W,0,,0.11397603899240494,0.9990000128746033,0.7766000032424927
YLR276C,YGL060W,0,,0.1139630377292633,0.9990000128746033,0.7767000198364258
YMR056C,YJR025C,0,,0.11395003646612167,0.9990000128746033,0.7767999768257141
YBR067C,YAL061W,0,,0.11393704265356064,0.9990000128746033,0.7768999934196472
YBL027W,YOR096W,0,,0.1139240488409996,0.9990000128746033,0.7770000100135803
YJL052W,YER190W,0,,0.11391106247901917,0.9990000128746033,0.7771000266075134
YLR002C,YNR045W,0,,0.11389807611703873,0.9990000128746033,0.7771999835968018
YLR376C,YPR186C,0,,0.11388508975505829,0.9990000128746033,0.7773000001907349
YDL074C,YPR065W,0,,0.11387211084365845,0.9990000128746033,0.777400016784668
YLR359W,YBR298C,0,,0.1138591319322586,0.9990000128746033,0.7774999737739563
YGL083W,YLR139C,0,,0.11384615302085876,0.9990000128746033,0.7775999903678894
YDR421W,YER137C-A,0,,0.11383318156003952,0.9990000128746033,0.7777000069618225
YOL010W,YHR147C,0,,0.11382021009922028,0.9990000128746033,0.7778000235557556
YDL004W,YOR389W,0,,0.11380724608898163,0.9990000128746033,0.777899980545044
YOL148C,YJR034W,0,,0.11379428207874298,0.9990000128746033,0.777999997138977
YLR221C,YDL056W,0,,0.11378131806850433,0.9990000128746033,0.7781000137329102
YPL108W,YNL302C,0,,0.11376836150884628,0.9990000128746033,0.7781999707221985
YJL192C,YHR031C,0,,0.11375541239976883,0.9990000128746033,0.7782999873161316
YNL106C,YDR014W-A,0,,0.11374245584011078,0.9990000128746033,0.7784000039100647
YLL040C,YHR082C,0,,0.11372950673103333,0.9990000128746033,0.7785000205039978
YMR244C-A,YDR530C,0,,0.11371656507253647,0.9990000128746033,0.7785999774932861
YKR099C-A,YGR277C,0,,0.11370361596345901,0.9990000128746033,0.7786999940872192
YDR218C,YDR144C,0,,0.11369068175554276,0.9990000128746033,0.7788000106811523
YHR115C,YDL014W,0,,0.1136777400970459,0.9990000128746033,0.7789000272750854
YFL009W,YLL052C,0,,0.11366480588912964,0.9990000128746033,0.7789999842643738
YOL152W,YOR181W,0,,0.11365187913179398,0.9990000128746033,0.7791000008583069
YOL003C,YJR090C,0,,0.11363895237445831,0.9990000128746033,0.77920001745224
YPL129W,YBR127C,0,,0.11362602561712265,0.9990000128746033,0.7792999744415283
YMR197C,YNR032W,0,,0.11361309885978699,0.9990000128746033,0.7793999910354614
YJL113W,YCL032W,0,,0.11360017955303192,0.9990000128746033,0.7795000076293945
YNL162W,YGL257C,0,,0.11358726769685745,0.9990000128746033,0.7796000242233276
YER137C-A,YLL017W,0,,0.11357434839010239,0.9990000128746033,0.779699981212616
YPL111W,YGL153W,0,,0.11356144398450851,0.9990000128746033,0.7797999978065491
YLR289W,YER074W,0,,0.11354853212833405,0.9990000128746033,0.7799000144004822
YDL136W,YJL156C,0,,0.11353562772274017,0.9990000128746033,0.7799999713897705
YFL017W-A,YHR140W,0,,0.1135227307677269,0.9990000128746033,0.7800999879837036
YOR239W,YOL140W,0,,0.11350982636213303,0.9990000128746033,0.7802000045776367
YLR355C,YNL073W,0,,0.11349692940711975,0.9990000128746033,0.7803000211715698
YPL081W,YBR058C,0,,0.11348403990268707,0.9990000128746033,0.7803999781608582
YNL212W,YGL226C-A,0,,0.1134711503982544,0.9990000128746033,0.7804999947547913
YHR064C,YIL134W,0,,0.11345826089382172,0.9990000128746033,0.7806000113487244
YOR287C,YOR069W,0,,0.11344537883996964,0.9990000128746033,0.7807000279426575
YBL066C,YKR104W,0,,0.11343249678611755,0.9990000128746033,0.7807999849319458
YJL113W,YAR015W,0,,0.11341962218284607,0.9990000128746033,0.7809000015258789
YGL043W,YPL099C,0,,0.11340674012899399,0.9990000128746033,0.781000018119812
YMR093W,YMR122W-A,0,,0.1133938729763031,0.9990000128746033,0.7810999751091003
YNL217W,YIL050W,0,,0.11338099837303162,0.9990000128746033,0.7811999917030334
YKR092C,YKL090W,0,,0.11336813122034073,0.9990000128746033,0.7813000082969666
YCR071C,YMR109W,0,,0.11335527151823044,0.9990000128746033,0.7814000248908997
YHR143W-A,YNL227C,0,,0.11334241181612015,0.9990000128746033,0.781499981880188
YMR049C,YMR280C,0,,0.11332955211400986,0.9990000128746033,0.7815999984741211
YNR073C,YGR289C,0,,0.11331669986248016,0.9990000128746033,0.7817000150680542
YGR185C,YKR069W,0,,0.11330384761095047,0.9990000128746033,0.7817999720573425
YHR084W,YNL039W,0,,0.11329099535942078,0.9990000128746033,0.7818999886512756
YHR060W,YGR157W,0,,0.11327815055847168,0.9990000128746033,0.7820000052452087
YLR099C,YGL032C,0,,0.11326530575752258,0.9990000128746033,0.7821000218391418
YLR071C,YDL140C,0,,0.11325246840715408,0.9990000128746033,0.7821999788284302
YAR002C-A,YNR026C,0,,0.11323963105678558,0.9990000128746033,0.7822999954223633
YDL137W,YDL159W,0,,0.11322679370641708,0.9990000128746033,0.7824000120162964
YDR425W,YKL124W,0,,0.11321396380662918,0.9990000128746033,0.7825000286102295
YDR062W,YDL014W,0,,0.11320113390684128,0.9990000128746033,0.7825999855995178
YBR074W,YIR010W,0,,0.11318830400705338,0.9990000128746033,0.7827000021934509
YKL034W,YDR138W,0,,0.11317548155784607,0.9990000128746033,0.782800018787384
YFR031C,YDR074W,0,,0.11316266655921936,0.9990000128746033,0.7828999757766724
YBR202W,YLR170C,0,,0.11314984411001205,0.9990000128746033,0.7829999923706055
YNR020C,YLR003C,0,,0.11313703656196594,0.9990000128746033,0.7831000089645386
YIL009C-A,YPR135W,0,,0.11312422156333923,0.9990000128746033,0.7832000255584717
YHR074W,YOR096W,0,,0.11311141401529312,0.9990000128746033,0.78329998254776
YOL136C,YDL181W,0,,0.11309860646724701,0.9990000128746033,0.7833999991416931
YIL133C,YBL100W-A,0,,0.1130858063697815,0.9990000128746033,0.7835000157356262
YER051W,YLR191W,0,,0.11307300627231598,0.9990000128746033,0.7835999727249146
YBR205W,YDR429C,0,,0.11306020617485046,0.9990000128746033,0.7836999893188477
YLR344W,YPR198W,0,,0.11304741352796555,0.9990000128746033,0.7838000059127808
YBR175W,YCL040W,0,,0.11303462088108063,0.9990000128746033,0.7839000225067139
YMR235C,YNR010W,0,,0.1130218356847763,0.9990000128746033,0.7839999794960022
YNL236W,YML116W,0,,0.11300905048847198,0.9990000128746033,0.7840999960899353
YIR007W,YDR034C-C,0,,0.11299626529216766,0.9990000128746033,0.7842000126838684
YKL173W,YER030W,0,,0.11298348754644394,0.9990000128746033,0.7843000292778015
YER184C,YDR414C,0,,0.11297070980072021,0.9990000128746033,0.7843999862670898
YPL024W,YBL006C,0,,0.11295793950557709,0.9990000128746033,0.784500002861023
YPL091W,YKL017C,0,,0.11294516921043396,0.9990000128746033,0.784600019454956
YGR177C,YMR208W,0,,0.11293239891529083,0.9990000128746033,0.7846999764442444
YOR326W,YNL304W,0,,0.1129196360707283,0.9990000128746033,0.7847999930381775
YOR222W,YPR185W,0,,0.11290687322616577,0.9990000128746033,0.7849000096321106
YCR023C,YOR118W,0,,0.11289411038160324,0.9990000128746033,0.7850000262260437
YIL121W,YBR264C,0,,0.11288135498762131,0.9990000128746033,0.785099983215332
YER130C,YPR163C,0,,0.11286859959363937,0.9990000128746033,0.7851999998092651
YPR145W,YIL155C,0,,0.11285585165023804,0.9990000128746033,0.7853000164031982
YNR017W,YBR230C,0,,0.1128431037068367,0.9990000128746033,0.7853999733924866
YJR060W,YOL030W,0,,0.11283035576343536,0.9990000128746033,0.7854999899864197
YER141W,YEL055C,0,,0.11281761527061462,0.9990000128746033,0.7856000065803528
YER165W,YER131W,0,,0.11280487477779388,0.9990000128746033,0.7857000231742859
YOL016C,YFR051C,0,,0.11279214173555374,0.9990000128746033,0.7857999801635742
YMR160W,YOR153W,0,,0.1127794086933136,0.9990000128746033,0.7858999967575073
YER154W,YML094W,0,,0.11276667565107346,0.9990000128746033,0.7860000133514404
YER054C,YNL067W,0,,0.11275395005941391,0.9990000128746033,0.7860999703407288
YDR016C,YMR229C,0,,0.11274122446775436,0.9990000128746033,0.7861999869346619
YOR322C,YKL140W,0,,0.11272850632667542,0.9990000128746033,0.786300003528595
YGR199W,YGR085C,0,,0.11271578818559647,0.9990000128746033,0.7864000201225281
YBR223C,YGR047C,0,,0.11270307004451752,0.9990000128746033,0.7864999771118164
YIR007W,YIR021W,0,,0.11269035190343857,0.9990000128746033,0.7865999937057495
YHR156C,YOR176W,0,,0.11267764121294022,0.9990000128746033,0.7867000102996826
YMR203W,YBR133C,0,,0.11266493797302246,0.9990000128746033,0.7868000268936157
YBR229C,YNL027W,0,,0.1126522347331047,0.9990000128746033,0.786899983882904
YPL032C,YBL002W,0,,0.11263953149318695,0.9990000128746033,0.7870000004768372
YHR099W,YNR056C,0,,0.11262683570384979,0.9990000128746033,0.7871000170707703
YBL003C,YGL136C,0,,0.11261413246393204,0.9990000128746033,0.7871999740600586
YER113C,YIL131C,0,,0.11260144412517548,0.9990000128746033,0.7872999906539917
YGR035C,YDL099W,0,,0.11258875578641891,0.9990000128746033,0.7874000072479248
YIL031W,YBL055C,0,,0.11257606744766235,0.9990000128746033,0.7875000238418579
YBL099W,YOR243C,0,,0.11256337910890579,0.9990000128746033,0.7875999808311462
YDR380W,YER027C,0,,0.11255069822072983,0.9990000128746033,0.7876999974250793
YLR183C,YDL210W,0,,0.11253801733255386,0.9990000128746033,0.7878000140190125
YOL043C,YKR045C,0,,0.1125253438949585,0.9990000128746033,0.7878999710083008
YER150W,YDR224C,0,,0.11251267045736313,0.9990000128746033,0.7879999876022339
YNR075W,YGR282C,0,,0.11249999701976776,0.9990000128746033,0.788100004196167
YGR227W,YOR287C,0,,0.11248733103275299,0.9990000128746033,0.7882000207901001
YJR058C,YPL196W,0,,0.11247466504573822,0.9990000128746033,0.7882999777793884
YLR233C,YPL150W,0,,0.11246200650930405,0.9990000128746033,0.7883999943733215
YPR096C,YBR177C,0,,0.11244934797286987,0.9990000128746033,0.7885000109672546
YDR194C,YOL065C,0,,0.1124366894364357,0.9990000128746033,0.7886000275611877
YLR370C,YDR520C,0,,0.11242403835058212,0.9990000128746033,0.7886999845504761
YBR074W,YHR032W,0,,0.11241138726472855,0.9990000128746033,0.7888000011444092
YNR056C,YPR140W,0,,0.11239873617887497,0.9990000128746033,0.7889000177383423
YJR082C,YJL164C,0,,0.11238609254360199,0.9990000128746033,0.7889999747276306
YPL065W,YLR197W,0,,0.1123734563589096,0.9990000128746033,0.7890999913215637
YHR025W,YER083C,0,,0.11236081272363663,0.9990000128746033,0.7892000079154968
YAL042W,YBR142W,0,,0.11234817653894424,0.9990000128746033,0.7893000245094299
YMR025W,YLR110C,0,,0.11233554780483246,0.9990000128746033,0.7893999814987183
YNL178W,YNL323W,0,,0.11232291162014008,0.9990000128746033,0.7894999980926514
YCL027C-A,YER014C-A,0,,0.11231029033660889,0.9990000128746033,0.7896000146865845
YHL007C,YKL073W,0,,0.1122976616024971,0.9990000128746033,0.7896999716758728
YEL017C-A,YDR489W,0,,0.11228504031896591,0.9990000128746033,0.7897999882698059
YKL184W,YPL048W,0,,0.11227241903543472,0.9990000128746033,0.789900004863739
YDL245C,YHR116W,0,,0.11225980520248413,0.9990000128746033,0.7900000214576721
YPL023C,YLR275W,0,,0.11224719136953354,0.9990000128746033,0.7900999784469604
YPL030W,YDR060W,0,,0.11223457753658295,0.9990000128746033,0.7901999950408936
YMR054W,YPL202C,0,,0.11222197115421295,0.9990000128746033,0.7903000116348267
YGR184C,YGL169W,0,,0.11220936477184296,0.9990000128746033,0.7904000282287598
YKR101W,YER019W,0,,0.11219676584005356,0.9990000128746033,0.7904999852180481
YDR226W,YOR088W,0,,0.11218416690826416,0.9990000128746033,0.7906000018119812
YER025W,YFR013W,0,,0.11217156797647476,0.9990000128746033,0.7907000184059143
YDR260C,YDR306C,0,,0.11215897649526596,0.9990000128746033,0.7907999753952026
YLR289W,YAL008W,0,,0.11214638501405716,0.9990000128746033,0.7908999919891357
YML075C,YHR147C,0,,0.11213380098342896,0.9990000128746033,0.7910000085830688
YPL045W,YLR096W,0,,0.11212120950222015,0.9990000128746033,0.791100025177002
YDL109C,YBR012W-B,0,,0.11210863292217255,0.9990000128746033,0.7911999821662903
YCL014W,YLR240W,0,,0.11209604889154434,0.9990000128746033,0.7912999987602234
YPR036W,YGL229C,0,,0.11208347231149673,0.9990000128746033,0.7914000153541565
YLR285W,YDR247W,0,,0.11207090318202972,0.9990000128746033,0.7914999723434448
YNL005C,YLR024C,0,,0.11205832660198212,0.9990000128746033,0.7915999889373779
YJL079C,YJL030W,0,,0.1120457574725151,0.9990000128746033,0.791700005531311
YOL062C,YER013W,0,,0.11203319579362869,0.9990000128746033,0.7918000221252441
YLR014C,YOL017W,0,,0.11202063411474228,0.9990000128746033,0.7918999791145325
YOR351C,YPR031W,0,,0.11200807243585587,0.9990000128746033,0.7919999957084656
YMR277W,YAL038W,0,,0.11199551820755005,0.9990000128746033,0.7921000123023987
YJL219W,YHR089C,0,,0.11198296397924423,0.9990000128746033,0.7922000288963318
YBR286W,YMR067C,0,,0.11197040975093842,0.9990000128746033,0.7922999858856201
YLR172C,YDR055W,0,,0.1119578629732132,0.9990000128746033,0.7924000024795532
YNR036C,YLR050C,0,,0.11194531619548798,0.9990000128746033,0.7925000190734863
YPL084W,YGL054C,0,,0.11193276941776276,0.9990000128746033,0.7925999760627747
YOR067C,YOR306C,0,,0.11192023009061813,0.9990000128746033,0.7926999926567078
YPR201W,YGR088W,0,,0.11190769821405411,0.9990000128746033,0.7928000092506409
YER130C,YER070W,0,,0.11189515888690948,0.9990000128746033,0.792900025844574
YBR275C,YBR271W,0,,0.11188262701034546,0.9990000128746033,0.7929999828338623
YFL062W,YKL089W,0,,0.11187010258436203,0.9990000128746033,0.7930999994277954
YPR030W,YER058W,0,,0.1118575781583786,0.9990000128746033,0.7932000160217285
YGL175C,YEL041W,0,,0.11184505373239517,0.9990000128746033,0.7932999730110168
YFL016C,YOR290C,0,,0.11183252930641174,0.9990000128746033,0.79339998960495
YDL127W,YDR153C,0,,0.11182001233100891,0.9990000128746033,0.7935000061988831
YBL099W,YML094W,0,,0.11180749535560608,0.9990000128746033,0.7936000227928162
YGR257C,YDR454C,0,,0.11179498583078384,0.9990000128746033,0.7936999797821045
YOR122C,YAL061W,0,,0.11178247630596161,0.9990000128746033,0.7937999963760376
YCR070W,YJL042W,0,,0.11176997423171997,0.9990000128746033,0.7939000129699707
YML012W,YDR507C,0,,0.11175746470689774,0.9990000128746033,0.7940000295639038
YOR340C,YMR122W-A,0,,0.1117449700832367,0.9990000128746033,0.7940999865531921
YLL012W,YDL213C,0,,0.11173246800899506,0.9990000128746033,0.7942000031471252
YKR102W,YER074W,0,,0.11171997338533401,0.9990000128746033,0.7943000197410583
YMR038C,YJL063C,0,,0.11170747876167297,0.9990000128746033,0.7943999767303467
YBL099W,YFR004W,0,,0.11169499158859253,0.9990000128746033,0.7944999933242798
YCR057C,YDR126W,0,,0.11168250441551208,0.9990000128746033,0.7946000099182129
YML015C,YHR072W,0,,0.11167001724243164,0.9990000128746033,0.794700026512146
YKL097W-A,YIL155C,0,,0.1116575375199318,0.9990000128746033,0.7947999835014343
YCL026C-B,YIR009W,0,,0.11164505779743195,0.9990000128746033,0.7949000000953674
YOR389W,YMR303C,0,,0.1116325855255127,0.9990000128746033,0.7950000166893005
YNL030W,YDR342C,0,,0.11162011325359344,0.9990000128746033,0.7950999736785889
YOR323C,YNR045W,0,,0.1116076409816742,0.9990000128746033,0.795199990272522
YNL152W,YPL007C,0,,0.11159517616033554,0.9990000128746033,0.7953000068664551
YPL064C,YLR312C-B,0,,0.11158271133899689,0.9990000128746033,0.7954000234603882
YBR122C,YPR194C,0,,0.11157024651765823,0.9990000128746033,0.7954999804496765
YJR160C,YJL076W,0,,0.11155778914690018,0.9990000128746033,0.7955999970436096
YKR055W,YML129C,0,,0.11154533177614212,0.9990000128746033,0.7957000136375427
YJL090C,YPL047W,0,,0.11153288185596466,0.9990000128746033,0.795799970626831
YMR197C,YER137C,0,,0.1115204319357872,0.9990000128746033,0.7958999872207642
YDR099W,YOL034W,0,,0.11150798201560974,0.9990000128746033,0.7960000038146973
YOL060C,YNL326C,0,,0.11149553209543228,0.9990000128746033,0.7961000204086304
YKR037C,YAR007C,0,,0.11148309707641602,0.9990000128746033,0.7961999773979187
YKR066C,YGL112C,0,,0.11147065460681915,0.9990000128746033,0.7962999939918518
YBR166C,YDR079C-A,0,,0.11145821958780289,0.9990000128746033,0.7964000105857849
YDR107C,YAR008W,0,,0.11144578456878662,0.9990000128746033,0.796500027179718
YIR034C,YKL093W,0,,0.11143334954977036,0.9990000128746033,0.7965999841690063
YGR034W,YBR222C,0,,0.11142092198133469,0.9990000128746033,0.7967000007629395
YOL117W,YEL030W,0,,0.11140849441289902,0.9990000128746033,0.7968000173568726
YDL059C,YLR272C,0,,0.11139607429504395,0.9990000128746033,0.7968999743461609
YLL019C,YML007W,0,,0.11138365417718887,0.9990000128746033,0.796999990940094
YKL022C,YKR098C,0,,0.1113712340593338,0.9990000128746033,0.7971000075340271
YDL043C,YKL088W,0,,0.11135882139205933,0.9990000128746033,0.7972000241279602
YMR005W,YPL129W,0,,0.11134640872478485,0.9990000128746033,0.7972999811172485
YNL080C,YGL254W,0,,0.11133400350809097,0.9990000128746033,0.7973999977111816
YKL096W-A,YBR222C,0,,0.1113215982913971,0.9990000128746033,0.7975000143051147
YOL090W,YEL020C,0,,0.11130919307470322,0.9990000128746033,0.7975999712944031
YJR017C,YNL312W,0,,0.11129678785800934,0.9990000128746033,0.7976999878883362
YNL121C,YDR368W,0,,0.11128439009189606,0.9990000128746033,0.7978000044822693
YJL029C,YDR085C,0,,0.11127199977636337,0.9990000128746033,0.7979000210762024
YEL011W,YKL055C,0,,0.11125960946083069,0.9990000128746033,0.7979999780654907
YMR024W,YDR291W,0,,0.111247219145298,0.9990000128746033,0.7980999946594238
YKL084W,YNL305C,0,,0.11123482882976532,0.9990000128746033,0.7982000112533569
YDR349C,YBL088C,0,,0.11122244596481323,0.9990000128746033,0.79830002784729
YGR116W,YOR147W,0,,0.11121006309986115,0.9990000128746033,0.7983999848365784
YKL073W,YBR075W,0,,0.11119768768548965,0.9990000128746033,0.7985000014305115
YMR143W,YGR067C,0,,0.11118531227111816,0.9990000128746033,0.7986000180244446
YCR072C,YDR016C,0,,0.11117293685674667,0.9990000128746033,0.7986999750137329
YGR239C,YHR039C,0,,0.11116056889295578,0.9990000128746033,0.798799991607666
YBR014C,YLR208W,0,,0.11114820092916489,0.9990000128746033,0.7989000082015991
YBR173C,YIL111W,0,,0.11113583296537399,0.9990000128746033,0.7990000247955322
YKL165C,YPR041W,0,,0.1111234724521637,0.9990000128746033,0.7990999817848206
YOR240W,YKL163W,0,,0.1111111119389534,0.9990000128746033,0.7991999983787537
YMR176W,YNL218W,0,,0.1110987514257431,0.9990000128746033,0.7993000149726868
YBR275C,YBR048W,0,,0.1110863983631134,0.9990000128746033,0.7993999719619751
YIL109C,YML112W,0,,0.1110740527510643,0.9990000128746033,0.7994999885559082
YNL306W,YPL160W,0,,0.1110616996884346,0.9990000128746033,0.7996000051498413
YOR393W,YJL042W,0,,0.1110493540763855,0.9990000128746033,0.7997000217437744
YGR223C,YOR308C,0,,0.11103701591491699,0.9990000128746033,0.7997999787330627
YOR192C-A,YDR460W,0,,0.11102467030286789,0.9990000128746033,0.7998999953269958
YOR056C,YBR104W,0,,0.11101233214139938,0.9990000128746033,0.800000011920929
YDR461W,YDL156W,0,,0.11100000143051147,0.9990000128746033,0.8001000285148621
YJR004C,YPL157W,0,,0.11098767071962357,0.9990000128746033,0.8001999855041504
YML130C,YPR184W,0,,0.11097534000873566,0.9990000128746033,0.8003000020980835
YLR144C,YHR168W,0,,0.11096300929784775,0.9990000128746033,0.8004000186920166
YOR292C,YHL004W,0,,0.11095068603754044,0.9990000128746033,0.8004999756813049
YGL055W,YHR007C,0,,0.11093837022781372,0.9990000128746033,0.800599992275238
YNL257C,YPL008W,0,,0.11092604696750641,0.9990000128746033,0.8007000088691711
YJL101C,YNL090W,0,,0.1109137311577797,0.9990000128746033,0.8008000254631042
YBL005W-B,YGL245W,0,,0.11090142279863358,0.9990000128746033,0.8008999824523926
YBL071W-A,YDL179W,0,,0.11088911443948746,0.9990000128746033,0.8009999990463257
YGR275W,YGR194C,0,,0.11087680608034134,0.9990000128746033,0.8011000156402588
YBL069W,YGR026W,0,,0.11086449772119522,0.9990000128746033,0.8011999726295471
YHR085W,YLR033W,0,,0.1108521968126297,0.9990000128746033,0.8012999892234802
YLR187W,YER019W,0,,0.11083989590406418,0.9990000128746033,0.8014000058174133
YBR283C,YDR079C-A,0,,0.11082760244607925,0.9990000128746033,0.8015000224113464
YHR062C,YLL038C,0,,0.11081530898809433,0.9990000128746033,0.8015999794006348
YER029C,YOR343W-A,0,,0.1108030155301094,0.9990000128746033,0.8016999959945679
YGL216W,YKR008W,0,,0.11079072952270508,0.9990000128746033,0.801800012588501
YNL300W,YJR070C,0,,0.11077844351530075,0.9990000128746033,0.8019000291824341
YOR303W,YJL125C,0,,0.11076615750789642,0.9990000128746033,0.8019999861717224
YPL256C,YOR389W,0,,0.11075387895107269,0.9990000128746033,0.8021000027656555
YLR222C,YDR141C,0,,0.11074160039424896,0.9990000128746033,0.8022000193595886
YBR290W,YJR121W,0,,0.11072932928800583,0.9990000128746033,0.802299976348877
YDL021W,YEL061C,0,,0.1107170581817627,0.9990000128746033,0.8023999929428101
YNL138W-A,YDR494W,0,,0.11070478707551956,0.9990000128746033,0.8025000095367432
YGR285C,YPR060C,0,,0.11069252341985703,0.9990000128746033,0.8026000261306763
YCL014W,YDR186C,0,,0.11068025976419449,0.9990000128746033,0.8026999831199646
YDR358W,YOR391C,0,,0.11066799610853195,0.9990000128746033,0.8027999997138977
YNL086W,YDR224C,0,,0.11065573990345001,0.9990000128746033,0.8029000163078308
YIR002C,YJR098C,0,,0.11064348369836807,0.9990000128746033,0.8029999732971191
YJL063C,YCL045C,0,,0.11063122749328613,0.9990000128746033,0.8030999898910522
YLR229C,YOR196C,0,,0.11061897873878479,0.9990000128746033,0.8032000064849854
YLR084C,YGR222W,0,,0.11060672998428345,0.9990000128746033,0.8033000230789185
YBR106W,YOL008W,0,,0.1105944886803627,0.9990000128746033,0.8033999800682068
YGR085C,YLR430W,0,,0.11058224737644196,0.9990000128746033,0.8034999966621399
YNL021W,YGR145W,0,,0.11057000607252121,0.9990000128746033,0.803600013256073
YMR218C,YDR316W-A,0,,0.11055777221918106,0.9990000128746033,0.8036999702453613
YOR176W,YBR236C,0,,0.11054553836584091,0.9990000128746033,0.8037999868392944
YBR275C,YPL283C,0,,0.11053330451250076,0.9990000128746033,0.8039000034332275
YDR420W,YIL132C,0,,0.11052107810974121,0.9990000128746033,0.8040000200271606
YIL017W,YCL060C,0,,0.11050885170698166,0.9990000128746033,0.804099977016449
YMR145C,YNL321W,0,,0.1104966253042221,0.9990000128746033,0.8041999936103821
YIL085C,YKL156W,0,,0.11048440635204315,0.9990000128746033,0.8043000102043152
YBR021W,YKL003C,0,,0.1104721873998642,0.9990000128746033,0.8044000267982483
YOR291W,YGR002C,0,,0.11045997589826584,0.9990000128746033,0.8044999837875366
YBL011W,YER120W,0,,0.11044776439666748,0.9990000128746033,0.8046000003814697
YOL109W,YDR511W,0,,0.11043555289506912,0.9990000128746033,0.8047000169754028
YPL214C,YBL079W,0,,0.11042334139347076,0.9990000128746033,0.8047999739646912
YOR373W,YGR163W,0,,0.110411137342453,0.9990000128746033,0.8048999905586243
YLR433C,YHR216W,0,,0.11039894074201584,0.9990000128746033,0.8050000071525574
YDR538W,YDL069C,0,,0.11038673669099808,0.9990000128746033,0.8051000237464905
YJL010C,YCR034W,0,,0.11037454754114151,0.9990000128746033,0.8051999807357788
YJR144W,YHR140W,0,,0.11036235094070435,0.9990000128746033,0.8052999973297119
YDL171C,YHR036W,0,,0.11035016179084778,0.9990000128746033,0.805400013923645
YIL017C,YOR377W,0,,0.11033797264099121,0.9990000128746033,0.8054999709129333
YDL141W,YIL049W,0,,0.11032578349113464,0.9990000128746033,0.8055999875068665
YER003C,YDR050C,0,,0.11031360179185867,0.9990000128746033,0.8057000041007996
YPL072W,YCR079W,0,,0.1103014275431633,0.9990000128746033,0.8058000206947327
YJL102W,YLR359W,0,,0.11028924584388733,0.9990000128746033,0.805899977684021
YMR086W,YGR154C,0,,0.11027707159519196,0.9990000128746033,0.8059999942779541
YOR069W,YJL153C,0,,0.11026489734649658,0.9990000128746033,0.8061000108718872
YGL161C,YNL272C,0,,0.1102527305483818,0.9990000128746033,0.8062000274658203
YML015C,YMR247C,0,,0.11024056375026703,0.9990000128746033,0.8062999844551086
YDR071C,YML078W,0,,0.11022840440273285,0.9990000128746033,0.8064000010490417
YLR129W,YER120W,0,,0.11021623760461807,0.9990000128746033,0.8065000176429749
YNL027W,YMR109W,0,,0.11020407825708389,0.9990000128746033,0.8065999746322632
YKR065C,YGR285C,0,,0.11019192636013031,0.9990000128746033,0.8066999912261963
YCL045C,YDR383C,0,,0.11017977446317673,0.9990000128746033,0.8068000078201294
YGR027C,YPL174C,0,,0.11016762256622314,0.9990000128746033,0.8069000244140625
YFR009W,YDR369C,0,,0.11015547811985016,0.9990000128746033,0.8069999814033508
YMR038C,YDL142C,0,,0.11014332622289658,0.9990000128746033,0.8070999979972839
YBR044C,YMR251W-A,0,,0.11013118922710419,0.9990000128746033,0.807200014591217
YKR046C,YER044C,0,,0.1101190447807312,0.9990000128746033,0.8072999715805054
YLR186W,YGL205W,0,,0.11010690778493881,0.9990000128746033,0.8073999881744385
YDR082W,YNR015W,0,,0.11009477823972702,0.9990000128746033,0.8075000047683716
YPL213W,YAL042W,0,,0.11008264124393463,0.9990000128746033,0.8076000213623047
YDR218C,YPL217C,0,,0.11007051914930344,0.9990000128746033,0.807699978351593
YDR310C,YBR041W,0,,0.11005838960409164,0.9990000128746033,0.8077999949455261
YDL079C,YDL181W,0,,0.11004626750946045,0.9990000128746033,0.8079000115394592
YDR118W,YLR098C,0,,0.11003414541482925,0.9990000128746033,0.8080000281333923
YPL208W,YOL077W-A,0,,0.11002202332019806,0.9990000128746033,0.8080999851226807
YBR093C,YDR240C,0,,0.11000990867614746,0.9990000128746033,0.8082000017166138
YNL070W,YGL112C,0,,0.10999780148267746,0.9990000128746033,0.8083000183105469
YOR126C,YML046W,0,,0.10998568683862686,0.9990000128746033,0.8083999752998352
YLR008C,YOL140W,0,,0.10997357964515686,0.9990000128746033,0.8084999918937683
YDR258C,YJL092W,0,,0.10996147245168686,0.9990000128746033,0.8086000084877014
YDR294C,YBL004W,0,,0.10994937270879745,0.9990000128746033,0.8087000250816345
YOR066W,YOR327C,0,,0.10993727296590805,0.9990000128746033,0.8087999820709229
YER054C,YBR274W,0,,0.10992517322301865,0.9990000128746033,0.808899998664856
YDR153C,YOR205C,0,,0.10991308093070984,0.9990000128746033,0.8090000152587891
YPR063C,YLR024C,0,,0.10990098863840103,0.9990000128746033,0.8090999722480774
YOR343W-B,YER074W,0,,0.10988890379667282,0.9990000128746033,0.8091999888420105
YIR022W,YKR002W,0,,0.10987681150436401,0.9990000128746033,0.8093000054359436
YIL136W,YHR164C,0,,0.1098647341132164,0.9990000128746033,0.8094000220298767
YOL043C,YDL227C,0,,0.10985264927148819,0.9990000128746033,0.809499979019165
YOL151W,YLR393W,0,,0.10984057188034058,0.9990000128746033,0.8095999956130981
YHL013C,YDL078C,0,,0.10982849448919296,0.9990000128746033,0.8097000122070312
YGL166W,YDL010W,0,,0.10981642454862595,0.9990000128746033,0.8098000288009644
YKL221W,YNL306W,0,,0.10980435460805893,0.9990000128746033,0.8098999857902527
YKL046C,YNL002C,0,,0.10979228466749191,0.9990000128746033,0.8100000023841858
YPL155C,YOR038C,0,,0.1097802221775055,0.9990000128746033,0.8101000189781189
YEL034W,YPL249C-A,0,,0.10976815968751907,0.9990000128746033,0.8101999759674072
YML118W,YFR051C,0,,0.10975609719753265,0.9990000128746033,0.8102999925613403
YGR161W-B,YIL050W,0,,0.10974404215812683,0.9990000128746033,0.8104000091552734
YDL155W,YDL038C,0,,0.10973198711872101,0.9990000128746033,0.8105000257492065
YDR316W,YOL140W,0,,0.10971993207931519,0.9990000128746033,0.8105999827384949
YLR201C,YOR056C,0,,0.10970788449048996,0.9990000128746033,0.810699999332428
YLR127C,YER098W,0,,0.10969583690166473,0.9990000128746033,0.8108000159263611
YNL223W,YLR133W,0,,0.1096837967634201,0.9990000128746033,0.8108999729156494
YNL280C,YDR130C,0,,0.10967175662517548,0.9990000128746033,0.8109999895095825
YJR151C,YPR184W,0,,0.10965971648693085,0.9990000128746033,0.8111000061035156
YOL003C,YNL102W,0,,0.10964767634868622,0.9990000128746033,0.8112000226974487
YDR011W,YGR105W,0,,0.10963564366102219,0.9990000128746033,0.8112999796867371
YGR282C,YGR027W-A,0,,0.10962361097335815,0.9990000128746033,0.8113999962806702
YHR214W-G,YHR046C,0,,0.10961158573627472,0.9990000128746033,0.8115000128746033
YER160C,YNL116W,0,,0.10959956049919128,0.9990000128746033,0.8116000294685364
YGL134W,YLR318W,0,,0.10958753526210785,0.9990000128746033,0.8116999864578247
YPL177C,YKL161C,0,,0.10957551747560501,0.9990000128746033,0.8118000030517578
YKL119C,YNL012W,0,,0.10956349968910217,0.9990000128746033,0.8119000196456909
YIL065C,YJL130C,0,,0.10955148935317993,0.9990000128746033,0.8119999766349792
YER086W,YNL182C,0,,0.1095394715666771,0.9990000128746033,0.8120999932289124
YDL128W,YMR211W,0,,0.10952746123075485,0.9990000128746033,0.8122000098228455
YIR036C,YHR135C,0,,0.10951545834541321,0.9990000128746033,0.8123000264167786
YJR093C,YHL009W-A,0,,0.10950345546007156,0.9990000128746033,0.8123999834060669
YGR180C,YLR050C,0,,0.10949145257472992,0.9990000128746033,0.8125
YKL180W,YHR031C,0,,0.10947944968938828,0.9990000128746033,0.8126000165939331
YMR236W,YML110C,0,,0.10946745425462723,0.9990000128746033,0.8126999735832214
YBR050C,YDR264C,0,,0.10945545881986618,0.9990000128746033,0.8127999901771545
YNL222W,YLR073C,0,,0.10944347083568573,0.9990000128746033,0.8129000067710876
YGR124W,YPL172C,0,,0.10943148285150528,0.9990000128746033,0.8130000233650208
YER065C,YDR454C,0,,0.10941949486732483,0.9990000128746033,0.8130999803543091
YOL040C,YHR116W,0,,0.10940751433372498,0.9990000128746033,0.8131999969482422
YHR147C,YDL083C,0,,0.10939553380012512,0.9990000128746033,0.8133000135421753
YNL259C,YGR251W,0,,0.10938355326652527,0.9990000128746033,0.8133999705314636
YCL011C,YLL051C,0,,0.10937158018350601,0.9990000128746033,0.8134999871253967
YJR090C,YLR373C,0,,0.10935960710048676,0.9990000128746033,0.8136000037193298
YPL214C,YPR058W,0,,0.1093476340174675,0.9990000128746033,0.8137000203132629
YGR077C,YNR002C,0,,0.10933566838502884,0.9990000128746033,0.8137999773025513
YDR020C,YDR170W-A,0,,0.10932370275259018,0.9990000128746033,0.8138999938964844
YBR077C,YOR056C,0,,0.10931174457073212,0.9990000128746033,0.8140000104904175
YGL095C,YML069W,0,,0.10929977893829346,0.9990000128746033,0.8141000270843506
YDL191W,YER124C,0,,0.1092878207564354,0.9990000128746033,0.8141999840736389
YJL006C,YAR007C,0,,0.10927587002515793,0.9990000128746033,0.814300000667572
YBR289W,YPR023C,0,,0.10926391929388046,0.9990000128746033,0.8144000172615051
YMR309C,YGR047C,0,,0.109251968562603,0.9990000128746033,0.8144999742507935
YMR152W,YJL170C,0,,0.10924002528190613,0.9990000128746033,0.8145999908447266
YNL339C,YLL009C,0,,0.10922807455062866,0.9990000128746033,0.8147000074386597
YMR298W,YDR473C,0,,0.10921613872051239,0.9990000128746033,0.8148000240325928
YGL256W,YBR056W,0,,0.10920419543981552,0.9990000128746033,0.8148999810218811
YOL071W,YBR081C,0,,0.10919225960969925,0.9990000128746033,0.8149999976158142
YPL011C,YHR119W,0,,0.10918033123016357,0.9990000128746033,0.8151000142097473
YDL229W,YER075C,0,,0.1091683954000473,0.9990000128746033,0.8151999711990356
YNL230C,YGR135W,0,,0.10915646702051163,0.9990000128746033,0.8152999877929688
YBR077C,YDR107C,0,,0.10914454609155655,0.9990000128746033,0.8154000043869019
YGR240C,YOL103W,0,,0.10913261771202087,0.9990000128746033,0.815500020980835
YDR210W-D,YBR129C,0,,0.1091206967830658,0.9990000128746033,0.8155999779701233
YNL197C,YLR029C,0,,0.10910878330469131,0.9990000128746033,0.8156999945640564
YPR029C,YML099C,0,,0.10909686237573624,0.9990000128746033,0.8158000111579895
YJR025C,YKR067W,0,,0.10908495634794235,0.9990000128746033,0.8159000277519226
YOL105C,YLR022C,0,,0.10907304286956787,0.9990000128746033,0.8159999847412109
YOR036W,YGL044C,0,,0.10906113684177399,0.9990000128746033,0.816100001335144
YDL147W,YEL021W,0,,0.1090492308139801,0.9990000128746033,0.8162000179290771
YLR276C,YKL205W,0,,0.10903732478618622,0.9990000128746033,0.8162999749183655
YDR354W,YMR152W,0,,0.10902542620897293,0.9990000128746033,0.8163999915122986
YNL035C,YCR008W,0,,0.10901352763175964,0.9990000128746033,0.8165000081062317
YGR277C,YNL331C,0,,0.10900163650512695,0.9990000128746033,0.8166000247001648
YBR205W,YER144C,0,,0.10898974537849426,0.9990000128746033,0.8166999816894531
YDL030W,YLR364W,0,,0.10897785425186157,0.9990000128746033,0.8167999982833862
YLR286C,YBR238C,0,,0.10896597057580948,0.9990000128746033,0.8169000148773193
YHR098C,YMR032W,0,,0.10895408689975739,0.9990000128746033,0.8169999718666077
YKL101W,YGL032C,0,,0.10894220322370529,0.9990000128746033,0.8170999884605408
YNL252C,YKR058W,0,,0.1089303269982338,0.9990000128746033,0.8172000050544739
YOL109W,YKL108W,0,,0.1089184507727623,0.9990000128746033,0.817300021648407
YNR022C,YDR027C,0,,0.1089065745472908,0.9990000128746033,0.8173999786376953
YKL203C,YPR111W,0,,0.1088947057723999,0.9990000128746033,0.8174999952316284
YFL062W,YGL123W,0,,0.108882836997509,0.9990000128746033,0.8176000118255615
YGL179C,YER078C,0,,0.1088709682226181,0.9990000128746033,0.8177000284194946
YNL012W,YLR344W,0,,0.1088591068983078,0.9990000128746033,0.817799985408783
YML075C,YOR307C,0,,0.1088472455739975,0.9990000128746033,0.8179000020027161
YMR136W,YMR109W,0,,0.1088353842496872,0.9990000128746033,0.8180000185966492
YDL205C,YER133W,0,,0.10882353037595749,0.9990000128746033,0.8180999755859375
YOR284W,YJL072C,0,,0.10881167650222778,0.9990000128746033,0.8181999921798706
YGL019W,YGL166W,0,,0.10879982262849808,0.9990000128746033,0.8183000087738037
YGR255C,YNL273W,0,,0.10878797620534897,0.9990000128746033,0.8184000253677368
YJL213W,YJL091C,0,,0.10877612978219986,0.9990000128746033,0.8184999823570251
YER036C,YMR197C,0,,0.10876429080963135,0.9990000128746033,0.8185999989509583
YDL229W,YOL052C,0,,0.10875245183706284,0.9990000128746033,0.8187000155448914
YKL205W,YDL045W-A,0,,0.10874061286449432,0.9990000128746033,0.8187999725341797
YHR141C,YKR002W,0,,0.10872877389192581,0.9990000128746033,0.8188999891281128
YBR173C,YGR218W,0,,0.1087169423699379,0.9990000128746033,0.8190000057220459
YMR321C,YDR196C,0,,0.10870511084794998,0.9990000128746033,0.819100022315979
YCR057C,YDR120C,0,,0.10869328677654266,0.9990000128746033,0.8191999793052673
YGL210W-A,YLR343W,0,,0.10868146270513535,0.9990000128746033,0.8192999958992004
YLR244C,YPL060C-A,0,,0.10866963863372803,0.9990000128746033,0.8194000124931335
YPL151C,YOR229W,0,,0.1086578220129013,0.9990000128746033,0.8195000290870667
YDL025C,YJL145W,0,,0.10864600539207458,0.9990000128746033,0.819599986076355
YDR529C,YOL001W,0,,0.10863418877124786,0.9990000128746033,0.8197000026702881
YMR038C,YER030W,0,,0.10862237960100174,0.9990000128746033,0.8198000192642212
YNL284C-A,YPL007C,0,,0.10861057043075562,0.9990000128746033,0.8198999762535095
YDR279W,YKR028W,0,,0.10859876126050949,0.9990000128746033,0.8199999928474426
YBR036C,YOR283W,0,,0.10858695954084396,0.9990000128746033,0.8201000094413757
YML121W,YIR034C,0,,0.10857515782117844,0.9990000128746033,0.8202000260353088
YOL088C,YBR261C,0,,0.10856335610151291,0.9990000128746033,0.8202999830245972
YOR083W,YDR424C,0,,0.10855156183242798,0.9990000128746033,0.8203999996185303
YPR162C,YGR189C,0,,0.10853976756334305,0.9990000128746033,0.8205000162124634
YOR074C,YGR238C,0,,0.10852797329425812,0.9990000128746033,0.8205999732017517
YIL122W,YML129C,0,,0.10851618647575378,0.9990000128746033,0.8206999897956848
YPL163C,YDR079C-A,0,,0.10850439965724945,0.9990000128746033,0.8208000063896179
YLR134W,YJL060W,0,,0.10849261283874512,0.9990000128746033,0.820900022983551
YMR083W,YOR088W,0,,0.10848083347082138,0.9990000128746033,0.8209999799728394
YOR035C,YOR340C,0,,0.10846905410289764,0.9990000128746033,0.8210999965667725
YLR385C,YGR010W,0,,0.1084572821855545,0.9990000128746033,0.8212000131607056
YBR243C,YLR440C,0,,0.10844550281763077,0.9990000128746033,0.8213000297546387
YLR129W,YJR021C,0,,0.10843373835086823,0.9990000128746033,0.821399986743927
YFL038C,YGL229C,0,,0.10842196643352509,0.9990000128746033,0.8215000033378601
YOR151C,YNL039W,0,,0.10841020196676254,0.9990000128746033,0.8216000199317932
YDL246C,YKR099C-A,0,,0.1083984375,0.9990000128746033,0.8216999769210815
YGR203W,YNL169C,0,,0.10838668048381805,0.9990000128746033,0.8217999935150146
YLR286C,YGR292W,0,,0.10837491601705551,0.9990000128746033,0.8219000101089478
YJR140C,YOL030W,0,,0.10836316645145416,0.9990000128746033,0.8220000267028809
YPR144C,YFL010W-A,0,,0.10835140943527222,0.9990000128746033,0.8220999836921692
YGL220W,YLR304C,0,,0.10833965986967087,0.9990000128746033,0.8222000002861023
YPL144W,YDR456W,0,,0.10832791030406952,0.9990000128746033,0.8223000168800354
YER145C,YOL128C,0,,0.10831616818904877,0.9990000128746033,0.8223999738693237
YAR003W,YAL035W,0,,0.10830442607402802,0.9990000128746033,0.8224999904632568
YOR197W,YGL233W,0,,0.10829268395900726,0.9990000128746033,0.8226000070571899
YLR383W,YOR339C,0,,0.10828094184398651,0.9990000128746033,0.822700023651123
YKR048C,YPL032C,0,,0.10826920717954636,0.9990000128746033,0.8227999806404114
YML058W-A,YDR452W,0,,0.1082574799656868,0.9990000128746033,0.8228999972343445
YGR009C,YGL089C,0,,0.10824574530124664,0.9990000128746033,0.8230000138282776
YBR082C,YKR024C,0,,0.10823401808738708,0.9990000128746033,0.8230999708175659
YNR075W,YPR082C,0,,0.10822229087352753,0.9990000128746033,0.823199987411499
YER137C-A,YDR486C,0,,0.10821057111024857,0.9990000128746033,0.8233000040054321
YDR191W,YLR410W-A,0,,0.1081988513469696,0.9990000128746033,0.8234000205993652
YNL245C,YDR003W,0,,0.10818713158369064,0.9990000128746033,0.8234999775886536
YMR049C,YHR132C,0,,0.10817541927099228,0.9990000128746033,0.8235999941825867
YBL103C,YOL056W,0,,0.10816370695829391,0.9990000128746033,0.8237000107765198
YML124C,YLR212C,0,,0.10815199464559555,0.9990000128746033,0.8238000273704529
YNL219C,YIL093C,0,,0.10814028978347778,0.9990000128746033,0.8238999843597412
YER175C,YJL085W,0,,0.10812858492136002,0.9990000128746033,0.8240000009536743
YBR260C,YNR049C,0,,0.10811688005924225,0.9990000128746033,0.8241000175476074
YBR210W,YGL254W,0,,0.10810518264770508,0.9990000128746033,0.8241999745368958
YER157W,YGL029W,0,,0.10809348523616791,0.9990000128746033,0.8242999911308289
YKL007W,YGR271C-A,0,,0.10808179527521133,0.9990000128746033,0.824400007724762
YGR104C,YFL035C,0,,0.10807009786367416,0.9990000128746033,0.8245000243186951
YDR210W-A,YPL212C,0,,0.10805840790271759,0.9990000128746033,0.8245999813079834
YCR003W,YAR008W,0,,0.10804672539234161,0.9990000128746033,0.8246999979019165
YGL227W,YLR265C,0,,0.10803503543138504,0.9990000128746033,0.8248000144958496
YBR286W,YIL105C,0,,0.10802335292100906,0.9990000128746033,0.8248999714851379
YBR126C,YIR038C,0,,0.10801167786121368,0.9990000128746033,0.824999988079071
YML056C,YER184C,0,,0.1080000028014183,0.9990000128746033,0.8251000046730042
YEL055C,YDR144C,0,,0.10798832774162292,0.9990000128746033,0.8252000212669373
YMR049C,YBL052C,0,,0.10797665268182755,0.9990000128746033,0.8252999782562256
YDR531W,YDL109C,0,,0.10796498507261276,0.9990000128746033,0.8253999948501587
YDR245W,YOL156W,0,,0.10795331746339798,0.9990000128746033,0.8255000114440918
YLR307W,YDR003W,0,,0.1079416498541832,0.9990000128746033,0.8256000280380249
YNL069C,YML043C,0,,0.10792998969554901,0.9990000128746033,0.8256999850273132
YGR020C,YMR208W,0,,0.10791832953691483,0.9990000128746033,0.8258000016212463
YMR083W,YOL091W,0,,0.10790667682886124,0.9990000128746033,0.8259000182151794
YML015C,YFL008W,0,,0.10789502412080765,0.9990000128746033,0.8259999752044678
YIR011C,YML073C,0,,0.10788337141275406,0.9990000128746033,0.8260999917984009
YPR112C,YJL172W,0,,0.10787171870470047,0.9990000128746033,0.826200008392334
YLR158C,YLR142W,0,,0.10786007344722748,0.9990000128746033,0.8263000249862671
YNL282W,YGL020C,0,,0.10784842818975449,0.9990000128746033,0.8263999819755554
YDR318W,YBR275C,0,,0.10783679038286209,0.9990000128746033,0.8264999985694885
YNL159C,YDL159W,0,,0.1078251451253891,0.9990000128746033,0.8266000151634216
YPR022C,YOL124C,0,,0.1078135147690773,0.9990000128746033,0.82669997215271
YLR090W,YHR167W,0,,0.1078018769621849,0.9990000128746033,0.8267999887466431
YDR385W,YNL134C,0,,0.10779024660587311,0.9990000128746033,0.8269000053405762
YKR071C,YKL107W,0,,0.10777861624956131,0.9990000128746033,0.8270000219345093
YPR079W,YPR158C-D,0,,0.10776699334383011,0.9990000128746033,0.8270999789237976
YGL013C,YLL061W,0,,0.10775536298751831,0.9990000128746033,0.8271999955177307
YJL034W,YBL018C,0,,0.1077437475323677,0.9990000128746033,0.8273000121116638
YEL046C,YGR256W,0,,0.1077321246266365,0.9990000128746033,0.8274000287055969
YER089C,YDR194C,0,,0.1077205091714859,0.9990000128746033,0.8274999856948853
YDR518W,YBL084C,0,,0.1077088937163353,0.9990000128746033,0.8276000022888184
YOL080C,YLR364W,0,,0.10769728571176529,0.9990000128746033,0.8277000188827515
YKL116C,YBR096W,0,,0.10768567770719528,0.9990000128746033,0.8277999758720398
YGL046W,YMR231W,0,,0.10767406970262527,0.9990000128746033,0.8278999924659729
YGL168W,YGR034W,0,,0.10766246169805527,0.9990000128746033,0.828000009059906
YJR004C,YGR284C,0,,0.10765086114406586,0.9990000128746033,0.8281000256538391
YPR201W,YNL053W,0,,0.10763926059007645,0.9990000128746033,0.8281999826431274
YOR033C,YML025C,0,,0.10762766748666763,0.9990000128746033,0.8282999992370605
YBR150C,YLR314C,0,,0.10761607438325882,0.9990000128746033,0.8284000158309937
YNL280C,YML025C,0,,0.10760448127985,0.9990000128746033,0.828499972820282
YIL063C,YLR207W,0,,0.10759288817644119,0.9990000128746033,0.8285999894142151
YLR183C,YJL115W,0,,0.10758130252361298,0.9990000128746033,0.8287000060081482
YNL188W,YOL016C,0,,0.10756972432136536,0.9990000128746033,0.8288000226020813
YBR196C,YGR271W,0,,0.10755813866853714,0.9990000128746033,0.8288999795913696
YDR226W,YDR074W,0,,0.10754656046628952,0.9990000128746033,0.8289999961853027
YHL033C,YLR164W,0,,0.1075349822640419,0.9990000128746033,0.8291000127792358
YPR200C,YPL268W,0,,0.10752341151237488,0.9990000128746033,0.829200029373169
YKL120W,YER011W,0,,0.10751184076070786,0.9990000128746033,0.8292999863624573
YGR133W,YPR198W,0,,0.10750027000904083,0.9990000128746033,0.8294000029563904
YBR200W,YEL034W,0,,0.10748869925737381,0.9990000128746033,0.8295000195503235
YAR071W,YIR006C,0,,0.10747713595628738,0.9990000128746033,0.8295999765396118
YHL009W-B,YMR135C,0,,0.10746558010578156,0.9990000128746033,0.8296999931335449
YGR058W,YPL271W,0,,0.10745401680469513,0.9990000128746033,0.829800009727478
YAL060W,YKL012W,0,,0.1074424609541893,0.9990000128746033,0.8299000263214111
YCL066W,YDR107C,0,,0.10743090510368347,0.9990000128746033,0.8299999833106995
YMR263W,YGR026W,0,,0.10741935670375824,0.9990000128746033,0.8300999999046326
YPL095C,YDR109C,0,,0.10740780830383301,0.9990000128746033,0.8302000164985657
YER145C,YDL156W,0,,0.10739625990390778,0.9990000128746033,0.830299973487854
YIR032C,YJL210W,0,,0.10738471150398254,0.9990000128746033,0.8303999900817871
YBR080C,YBR215W,0,,0.10737317055463791,0.9990000128746033,0.8305000066757202
YLR404W,YDL122W,0,,0.10736163705587387,0.9990000128746033,0.8306000232696533
YNL172W,YML073C,0,,0.10735009610652924,0.9990000128746033,0.8306999802589417
YMR200W,YJR065C,0,,0.1073385626077652,0.9990000128746033,0.8307999968528748
YKR020W,YDR419W,0,,0.10732702910900116,0.9990000128746033,0.8309000134468079
YDR362C,YPR159W,0,,0.10731550306081772,0.9990000128746033,0.8309999704360962
YGL037C,YIL091C,0,,0.10730397701263428,0.9990000128746033,0.8310999870300293
YLL043W,YPR184W,0,,0.10729245096445084,0.9990000128746033,0.8312000036239624
YOR179C,YMR150C,0,,0.1072809249162674,0.9990000128746033,0.8313000202178955
YER003C,YDL197C,0,,0.10726940631866455,0.9990000128746033,0.8313999772071838
YER056C-A,YBR210W,0,,0.1072578877210617,0.9990000128746033,0.8314999938011169
YCL055W,YGR161W-B,0,,0.10724637657403946,0.9990000128746033,0.83160001039505
YPL050C,YHL002W,0,,0.10723486542701721,0.9990000128746033,0.8317000269889832
YBR240C,YPR164W,0,,0.10722335427999496,0.9990000128746033,0.8317999839782715
YNL321W,YPL050C,0,,0.10721185058355331,0.9990000128746033,0.8319000005722046
YOR201C,YNL101W,0,,0.10720034688711166,0.9990000128746033,0.8320000171661377
YGR070W,YHL004W,0,,0.10718884319067001,0.9990000128746033,0.832099974155426
YBR059C,YBL042C,0,,0.10717733949422836,0.9990000128746033,0.8321999907493591
YGL163C,YPR065W,0,,0.10716584324836731,0.9990000128746033,0.8323000073432922
YIL109C,YGL223C,0,,0.10715434700250626,0.9990000128746033,0.8324000239372253
YKL020C,YNL024C-A,0,,0.1071428582072258,0.9990000128746033,0.8324999809265137
YLR135W,YOR190W,0,,0.10713136941194534,0.9990000128746033,0.8325999975204468
YNL223W,YHR079C-A,0,,0.10711988061666489,0.9990000128746033,0.8327000141143799
YLR158C,YJL052W,0,,0.10710839182138443,0.9990000128746033,0.8327999711036682
YDR381C-A,YHR001W,0,,0.10709691047668457,0.9990000128746033,0.8328999876976013
YER133W,YIR009W,0,,0.10708542913198471,0.9990000128746033,0.8330000042915344
YDR408C,YKL135C,0,,0.10707395523786545,0.9990000128746033,0.8331000208854675
YLR391W,YJL139C,0,,0.10706248134374619,0.9990000128746033,0.8331999778747559
YDL128W,YPR167C,0,,0.10705100744962692,0.9990000128746033,0.833299994468689
YOR338W,YER174C,0,,0.10703953355550766,0.9990000128746033,0.8334000110626221
YER017C,YBL002W,0,,0.107028067111969,0.9990000128746033,0.8335000276565552
YDR082W,YDR480W,0,,0.10701660066843033,0.9990000128746033,0.8335999846458435
YPL083C,YOL041C,0,,0.10700514167547226,0.9990000128746033,0.8337000012397766
YMR086W,YJL033W,0,,0.10699368268251419,0.9990000128746033,0.8338000178337097
YDR158W,YFL029C,0,,0.10698222368955612,0.9990000128746033,0.833899974822998
YHR128W,YDR226W,0,,0.10697076469659805,0.9990000128746033,0.8339999914169312
YLR410W,YBL068W,0,,0.10695931315422058,0.9990000128746033,0.8341000080108643
YNL102W,YKR071C,0,,0.10694786161184311,0.9990000128746033,0.8342000246047974
YNL084C,YGL062W,0,,0.10693641752004623,0.9990000128746033,0.8342999815940857
YOL003C,YHR203C,0,,0.10692497342824936,0.9990000128746033,0.8343999981880188
YGR292W,YDR072C,0,,0.10691352933645248,0.9990000128746033,0.8345000147819519
YNL339C,YEL031W,0,,0.10690208524465561,0.9990000128746033,0.8345999717712402
YGR085C,YFR044C,0,,0.10689064860343933,0.9990000128746033,0.8346999883651733
YBL042C,YBL101W-A,0,,0.10687921196222305,0.9990000128746033,0.8348000049591064
YER006W,YDR511W,0,,0.10686778277158737,0.9990000128746033,0.8349000215530396
YCR080W,YIL050W,0,,0.1068563461303711,0.9990000128746033,0.8349999785423279
YFL002W-A,YNL134C,0,,0.10684491693973541,0.9990000128746033,0.835099995136261
YMR238W,YJR059W,0,,0.10683349519968033,0.9990000128746033,0.8352000117301941
YIL108W,YNL304W,0,,0.10682207345962524,0.9990000128746033,0.8353000283241272
YLL032C,YOR187W,0,,0.10681065171957016,0.9990000128746033,0.8353999853134155
YDR261W-A,YBR158W,0,,0.10679922997951508,0.9990000128746033,0.8355000019073486
YDL171C,YLR300W,0,,0.10678781569004059,0.9990000128746033,0.8356000185012817
YLR316C,YKL157W,0,,0.1067764014005661,0.9990000128746033,0.8356999754905701
YBR057C,YJR002W,0,,0.10676498711109161,0.9990000128746033,0.8357999920845032
YMR075W,YML066C,0,,0.10675358027219772,0.9990000128746033,0.8359000086784363
YLR178C,YDR011W,0,,0.10674217343330383,0.9990000128746033,0.8360000252723694
YML040W,YDR492W,0,,0.10673076659440994,0.9990000128746033,0.8360999822616577
YBR228W,YML109W,0,,0.10671936720609665,0.9990000128746033,0.8361999988555908
YER145C,YMR292W,0,,0.10670796781778336,0.9990000128746033,0.8363000154495239
YOR057W,YPR184W,0,,0.10669656842947006,0.9990000128746033,0.8363999724388123
YBR066C,YDR436W,0,,0.10668517649173737,0.9990000128746033,0.8364999890327454
YGL147C,YMR119W,0,,0.10667378455400467,0.9990000128746033,0.8366000056266785
YMR201C,YNL058C,0,,0.10666239261627197,0.9990000128746033,0.8367000222206116
YDR115W,YKR069W,0,,0.10665100812911987,0.9990000128746033,0.8367999792098999
YDR088C,YPL060C-A,0,,0.10663962364196777,0.9990000128746033,0.836899995803833
YOL054W,YML029W,0,,0.10662823915481567,0.9990000128746033,0.8370000123977661
YDR411C,YLR121C,0,,0.10661686211824417,0.9990000128746033,0.8371000289916992
YDL174C,YLR033W,0,,0.10660548508167267,0.9990000128746033,0.8371999859809875
YBR026C,YOR312C,0,,0.10659410804510117,0.9990000128746033,0.8373000025749207
YDL075W,YGR047C,0,,0.10658273845911026,0.9990000128746033,0.8374000191688538
YDR014W,YNL248C,0,,0.10657136887311935,0.9990000128746033,0.8374999761581421
YMR160W,YOL113W,0,,0.10655999928712845,0.9990000128746033,0.8375999927520752
YDR338C,YNR012W,0,,0.10654863715171814,0.9990000128746033,0.8377000093460083
YML038C,YBR118W,0,,0.10653727501630783,0.9990000128746033,0.8378000259399414
YHR050W,YOR212W,0,,0.10652591288089752,0.9990000128746033,0.8378999829292297
YJL198W,YNR040W,0,,0.10651455074548721,0.9990000128746033,0.8379999995231628
YPR108W,YGL226C-A,0,,0.1065031960606575,0.9990000128746033,0.838100016117096
YHR172W,YDR508C,0,,0.10649184882640839,0.9990000128746033,0.8381999731063843
YGR134W,YDR329C,0,,0.10648049414157867,0.9990000128746033,0.8382999897003174
YMR162C,YNL082W,0,,0.10646914690732956,0.9990000128746033,0.8384000062942505
YNL015W,YNL099C,0,,0.10645779967308044,0.9990000128746033,0.8385000228881836
YOR360C,YER013W,0,,0.10644645988941193,0.9990000128746033,0.8385999798774719
YPR200C,YOR362C,0,,0.10643511265516281,0.9990000128746033,0.838699996471405
YDR346C,YJR026W,0,,0.10642378032207489,0.9990000128746033,0.8388000130653381
YOL125W,YNL116W,0,,0.10641244053840637,0.9990000128746033,0.8389000296592712
YLR163C,YML109W,0,,0.10640110820531845,0.9990000128746033,0.8389999866485596
YHL004W,YMR122W-A,0,,0.10638977587223053,0.9990000128746033,0.8391000032424927
YLL036C,YMR121C,0,,0.1063784509897232,0.9990000128746033,0.8392000198364258
YHR166C,YPL230W,0,,0.10636711865663528,0.9990000128746033,0.8392999768257141
YGR206W,YGL003C,0,,0.10635579377412796,0.9990000128746033,0.8393999934196472
YBL050W,YOR155C,0,,0.10634447634220123,0.9990000128746033,0.8395000100135803
YHR034C,YMR146C,0,,0.1063331589102745,0.9990000128746033,0.8396000266075134
YKL146W,YOR257W,0,,0.10632184147834778,0.9990000128746033,0.8396999835968018
YFR036W,YPR190C,0,,0.10631052404642105,0.9990000128746033,0.8398000001907349
YJL128C,YNR017W,0,,0.10629921406507492,0.9990000128746033,0.839900016784668
YJR013W,YPR047W,0,,0.10628790408372879,0.9990000128746033,0.8399999737739563
YCR009C,YML005W,0,,0.10627659410238266,0.9990000128746033,0.8400999903678894
YNL290W,YPR133W-A,0,,0.10626529157161713,0.9990000128746033,0.8402000069618225
YGR276C,YLL008W,0,,0.10625398904085159,0.9990000128746033,0.8403000235557556
YCL036W,YDL142C,0,,0.10624268651008606,0.9990000128746033,0.840399980545044
YEL056W,YJR143C,0,,0.10623139142990112,0.9990000128746033,0.840499997138977
YCL066W,YNR021W,0,,0.10622009634971619,0.9990000128746033,0.8406000137329102
YDL181W,YDR381C-A,0,,0.10620880126953125,0.9990000128746033,0.8406999707221985
YLR170C,YNL116W,0,,0.10619751363992691,0.9990000128746033,0.8407999873161316
YPL074W,YMR146C,0,,0.10618622601032257,0.9990000128746033,0.8409000039100647
YCR014C,YGL141W,0,,0.10617493838071823,0.9990000128746033,0.8410000205039978
YMR190C,YDL049C,0,,0.10616365820169449,0.9990000128746033,0.8410999774932861
YGR124W,YFR029W,0,,0.10615237802267075,0.9990000128746033,0.8411999940872192
YEL031W,YNR036C,0,,0.106141097843647,0.9990000128746033,0.8413000106811523
YDR358W,YHR216W,0,,0.10612981766462326,0.9990000128746033,0.8414000272750854
YCR071C,YOL065C,0,,0.10611854493618011,0.9990000128746033,0.8414999842643738
YNL178W,YNR018W,0,,0.10610727220773697,0.9990000128746033,0.8416000008583069
YPR101W,YHR196W,0,,0.10609600692987442,0.9990000128746033,0.84170001745224
YHL007C,YHL001W,0,,0.10608474165201187,0.9990000128746033,0.8417999744415283
YLR164W,YPR021C,0,,0.10607347637414932,0.9990000128746033,0.8418999910354614
YLR242C,YDR103W,0,,0.10606221109628677,0.9990000128746033,0.8420000076293945
YER039C,YDR011W,0,,0.10605095326900482,0.9990000128746033,0.8421000242233276
YBL078C,YPR185W,0,,0.10603969544172287,0.9990000128746033,0.842199981212616
YGL150C,YDL060W,0,,0.10602844506502151,0.9990000128746033,0.8422999978065491
YCR028C,YOR384W,0,,0.10601719468832016,0.9990000128746033,0.8424000144004822
YJR055W,YKL089W,0,,0.1060059443116188,0.9990000128746033,0.8424999713897705
YBR296C,YPL281C,0,,0.10599469393491745,0.9990000128746033,0.8425999879837036
YPL026C,YOR118W,0,,0.10598345100879669,0.9990000128746033,0.8427000045776367
YHR019C,YCR097W,0,,0.10597220808267593,0.9990000128746033,0.8428000211715698
YOR360C,YOL060C,0,,0.10596096515655518,0.9990000128746033,0.8428999781608582
YNL331C,YGL009C,0,,0.10594972968101501,0.9990000128746033,0.8429999947547913
YDR126W,YDL231C,0,,0.10593849420547485,0.9990000128746033,0.8431000113487244
YPL269W,YKR018C,0,,0.10592725872993469,0.9990000128746033,0.8432000279426575
YLR035C,YOL137W,0,,0.10591603070497513,0.9990000128746033,0.8432999849319458
YMR283C,YBL064C,0,,0.10590480268001556,0.9990000128746033,0.8434000015258789
YNL121C,YOR162C,0,,0.105893574655056,0.9990000128746033,0.843500018119812
YKL112W,YAR071W,0,,0.10588235408067703,0.9990000128746033,0.8435999751091003
YGR200C,YER137C-A,0,,0.10587113350629807,0.9990000128746033,0.8436999917030334
YDR416W,YOR153W,0,,0.1058599129319191,0.9990000128746033,0.8438000082969666
YDR126W,YBR230C,0,,0.10584869980812073,0.9990000128746033,0.8439000248908997
YDL147W,YBR095C,0,,0.10583747923374176,0.9990000128746033,0.843999981880188
YLR074C,YHR047C,0,,0.10582627356052399,0.9990000128746033,0.8440999984741211
YLR394W,YPR194C,0,,0.10581506043672562,0.9990000128746033,0.8442000150680542
YIR037W,YDR281C,0,,0.10580385476350784,0.9990000128746033,0.8442999720573425
YGR090W,YPR185W,0,,0.10579264909029007,0.9990000128746033,0.8443999886512756
YDL128W,YGR038C-A,0,,0.1057814508676529,0.9990000128746033,0.8445000052452087
YCL036W,YGL086W,0,,0.10577024519443512,0.9990000128746033,0.8446000218391418
YHR050W,YCR002C,0,,0.10575905442237854,0.9990000128746033,0.8446999788284302
YGR281W,YOL080C,0,,0.10574785619974136,0.9990000128746033,0.8447999954223633
YPL157W,YGR068C,0,,0.10573666542768478,0.9990000128746033,0.8449000120162964
YKL188C,YOR176W,0,,0.1057254746556282,0.9990000128746033,0.8450000286102295
YOR291W,YLR268W,0,,0.10571428388357162,0.9990000128746033,0.8450999855995178
YOR292C,YDR389W,0,,0.10570310056209564,0.9990000128746033,0.8452000021934509
YGL002W,YJR021C,0,,0.10569191724061966,0.9990000128746033,0.845300018787384
YMR167W,YOR047C,0,,0.10568073391914368,0.9990000128746033,0.8453999757766724
YBR014C,YMR127C,0,,0.10566955804824829,0.9990000128746033,0.8454999923706055
YPL088W,YLR419W,0,,0.1056583821773529,0.9990000128746033,0.8456000089645386
YDR472W,YER145C,0,,0.10564720630645752,0.9990000128746033,0.8457000255584717
YJL221C,YGL168W,0,,0.10563603788614273,0.9990000128746033,0.84579998254776
YOR389W,YBL006C,0,,0.10562486946582794,0.9990000128746033,0.8458999991416931
YBR240C,YOR346W,0,,0.10561370104551315,0.9990000128746033,0.8460000157356262
YPL155C,YNL152W,0,,0.10560254007577896,0.9990000128746033,0.8460999727249146
YOL148C,YCR009C,0,,0.10559137165546417,0.9990000128746033,0.8461999893188477
YFL029C,YLL012W,0,,0.10558021813631058,0.9990000128746033,0.8463000059127808
YCL036W,YJR077C,0,,0.10556905716657639,0.9990000128746033,0.8464000225067139
YGR076C,YDL080C,0,,0.10555790364742279,0.9990000128746033,0.8464999794960022
YMR139W,YLR142W,0,,0.1055467501282692,0.9990000128746033,0.8465999960899353
YKR090W,YLR157C-B,0,,0.1055356040596962,0.9990000128746033,0.8467000126838684
YHL008C,YGL002W,0,,0.1055244505405426,0.9990000128746033,0.8468000292778015
YLR186W,YNL010W,0,,0.1055133044719696,0.9990000128746033,0.8468999862670898
YBR282W,YOR221C,0,,0.1055021658539772,0.9990000128746033,0.847000002861023
YDL132W,YAL022C,0,,0.1054910272359848,0.9990000128746033,0.847100019454956
YAL039C,YJL166W,0,,0.1054798886179924,0.9990000128746033,0.8471999764442444
YGR179C,YDR311W,0,,0.10546875,0.9990000128746033,0.8472999930381775
YJL006C,YPL188W,0,,0.1054576188325882,0.9990000128746033,0.8474000096321106
YPL019C,YGL035C,0,,0.10544648766517639,0.9990000128746033,0.8475000262260437
YLR183C,YPL132W,0,,0.10543535649776459,0.9990000128746033,0.847599983215332
YLR424W,YPR021C,0,,0.10542423278093338,0.9990000128746033,0.8476999998092651
YNL035C,YBL023C,0,,0.10541310906410217,0.9990000128746033,0.8478000164031982
YDL153C,YOR212W,0,,0.10540198534727097,0.9990000128746033,0.8478999733924866
YGL227W,YML043C,0,,0.10539086163043976,0.9990000128746033,0.8479999899864197
YPR033C,YEL003W,0,,0.10537974536418915,0.9990000128746033,0.8481000065803528
YCL011C,YDR020C,0,,0.10536862909793854,0.9990000128746033,0.8482000231742859
YGR234W,YMR194W,0,,0.10535752028226852,0.9990000128746033,0.8482999801635742
YGL253W,YNL101W,0,,0.10534641146659851,0.9990000128746033,0.8483999967575073
YDR346C,YJL149W,0,,0.1053353026509285,0.9990000128746033,0.8485000133514404
YBR096W,YGL250W,0,,0.10532419383525848,0.9990000128746033,0.8485999703407288
YHR085W,YGR241C,0,,0.10531309247016907,0.9990000128746033,0.8486999869346619
YMR013C,YLR395C,0,,0.10530199110507965,0.9990000128746033,0.848800003528595
YNL136W,YOL130W,0,,0.10529089719057083,0.9990000128746033,0.8489000201225281
YDR064W,YDR120C,0,,0.10527979582548141,0.9990000128746033,0.8489999771118164
YHL018W,YDR245W,0,,0.1052687019109726,0.9990000128746033,0.8490999937057495
YCR020W-B,YFL022C,0,,0.10525761544704437,0.9990000128746033,0.8492000102996826
YBL113C,YLR297W,0,,0.10524652153253555,0.9990000128746033,0.8493000268936157
YJL079C,YGR067C,0,,0.10523543506860733,0.9990000128746033,0.849399983882904
YDL121C,YJL141C,0,,0.10522434860467911,0.9990000128746033,0.8495000004768372
YOR324C,YDR210C-C,0,,0.10521326959133148,0.9990000128746033,0.8496000170707703
YCL011C,YPL095C,0,,0.10520219057798386,0.9990000128746033,0.8496999740600586
YDR503C,YMR297W,0,,0.10519111156463623,0.9990000128746033,0.8497999906539917
YGL208W,YBR055C,0,,0.1051800400018692,0.9990000128746033,0.8499000072479248
YKL018W,YER154W,0,,0.10516896843910217,0.9990000128746033,0.8500000238418579
YJR004C,YLR453C,0,,0.10515789687633514,0.9990000128746033,0.8500999808311462
YNL217W,YMR295C,0,,0.10514682531356812,0.9990000128746033,0.8501999974250793
YNL014W,YCL027W,0,,0.10513576120138168,0.9990000128746033,0.8503000140190125
YNL339C,YGL224C,0,,0.10512469708919525,0.9990000128746033,0.8503999710083008
YDR347W,YNR016C,0,,0.10511363297700882,0.9990000128746033,0.8504999876022339
YDR064W,YPR198W,0,,0.10510257631540298,0.9990000128746033,0.850600004196167
YNL088W,YIL049W,0,,0.10509151965379715,0.9990000128746033,0.8507000207901001
YBR199W,YLL017W,0,,0.10508047044277191,0.9990000128746033,0.8507999777793884
YJR060W,YAL055W,0,,0.10506941378116608,0.9990000128746033,0.8508999943733215
YDR138W,YDL055C,0,,0.10505836457014084,0.9990000128746033,0.8510000109672546
YDR527W,YIR039C,0,,0.1050473153591156,0.9990000128746033,0.8511000275611877
YPL129W,YDR510W,0,,0.10503627359867096,0.9990000128746033,0.8511999845504761
YDL222C,YOR209C,0,,0.10502523183822632,0.9990000128746033,0.8513000011444092
YHR109W,YLR327C,0,,0.10501419007778168,0.9990000128746033,0.8514000177383423
YJR044C,YMR309C,0,,0.10500315576791763,0.9990000128746033,0.8514999747276306
YKL182W,YPR030W,0,,0.10499211400747299,0.9990000128746033,0.8515999913215637
YJR025C,YDL085W,0,,0.10498108714818954,0.9990000128746033,0.8517000079154968
YGL166W,YBR142W,0,,0.1049700528383255,0.9990000128746033,0.8518000245094299
YNL166C,YDR405W,0,,0.10495902597904205,0.9990000128746033,0.8518999814987183
YML078W,YNL189W,0,,0.1049479991197586,0.9990000128746033,0.8519999980926514
YNL009W,YBR096W,0,,0.10493697226047516,0.9990000128746033,0.8521000146865845
YGR106C,YDL245C,0,,0.10492595285177231,0.9990000128746033,0.8521999716758728
YOR046C,YER087C-B,0,,0.10491493344306946,0.9990000128746033,0.8522999882698059
YNL088W,YMR127C,0,,0.10490391403436661,0.9990000128746033,0.852400004863739
YPL110C,YMR016C,0,,0.10489290207624435,0.9990000128746033,0.8525000214576721
YLR166C,YMR037C,0,,0.1048818901181221,0.9990000128746033,0.8525999784469604
YNL274C,YER162C,0,,0.10487087815999985,0.9990000128746033,0.8526999950408936
YGL210W-A,YLR419W,0,,0.10485987365245819,0.9990000128746033,0.8528000116348267
YNL085W,YER014C-A,0,,0.10484886914491653,0.9990000128746033,0.8529000282287598
YCL057C-A,YAR008W,0,,0.10483786463737488,0.9990000128746033,0.8529999852180481
YCR092C,YLR233C,0,,0.10482686012983322,0.9990000128746033,0.8531000018119812
YGR167W,YMR301C,0,,0.10481586307287216,0.9990000128746033,0.8532000184059143
YLR446W,YMR021C,0,,0.1048048660159111,0.9990000128746033,0.8532999753952026
YMR004W,YOR118W,0,,0.10479387640953064,0.9990000128746033,0.8533999919891357
YLR356W,YEL046C,0,,0.10478287935256958,0.9990000128746033,0.8535000085830688
YJL164C,YIL150C,0,,0.10477188974618912,0.9990000128746033,0.853600025177002
YPR204W,YDL051W,0,,0.10476090759038925,0.9990000128746033,0.8536999821662903
YKL176C,YHR059W,0,,0.10474991798400879,0.9990000128746033,0.8537999987602234
YDL092W,YNR057C,0,,0.10473893582820892,0.9990000128746033,0.8539000153541565
YMR043W,YJR009C,0,,0.10472796112298965,0.9990000128746033,0.8539999723434448
YDL193W,YHR019C,0,,0.10471697896718979,0.9990000128746033,0.8540999889373779
YPL028W,YDR460W,0,,0.10470600426197052,0.9990000128746033,0.854200005531311
YLR238W,YEL063C,0,,0.10469502955675125,0.9990000128746033,0.8543000221252441
YDL153C,YLR203C,0,,0.10468406230211258,0.9990000128746033,0.8543999791145325
YDR281C,YDR379W,0,,0.10467309504747391,0.9990000128746033,0.8544999957084656
YBR021W,YER162C,0,,0.10466212779283524,0.9990000128746033,0.8546000123023987
YOR208W,YML116W,0,,0.10465116053819656,0.9990000128746033,0.8547000288963318
YJR004C,YGL162W,0,,0.10464020073413849,0.9990000128746033,0.8547999858856201
YMR194W,YDL112W,0,,0.10462924093008041,0.9990000128746033,0.8549000024795532
YGL022W,YLL009C,0,,0.10461828112602234,0.9990000128746033,0.8550000190734863
YGR255C,YDR037W,0,,0.10460732877254486,0.9990000128746033,0.8550999760627747
YKL034W,YIL085C,0,,0.10459637641906738,0.9990000128746033,0.8551999926567078
YMR246W,YEL065W,0,,0.1045854240655899,0.9990000128746033,0.8553000092506409
YCR089W,YAL055W,0,,0.10457447916269302,0.9990000128746033,0.855400025844574
YLR262C,YBR234C,0,,0.10456353425979614,0.9990000128746033,0.8554999828338623
YBL079W,YDR480W,0,,0.10455258935689926,0.9990000128746033,0.8555999994277954
YLR336C,YNL003C,0,,0.10454165190458298,0.9990000128746033,0.8557000160217285
YIL017C,YLR078C,0,,0.1045307070016861,0.9990000128746033,0.8557999730110168
YGL205W,YGL040C,0,,0.10451977699995041,0.9990000128746033,0.85589998960495
YIL017W,YBR022W,0,,0.10450883954763412,0.9990000128746033,0.8560000061988831
YLR441C,YHR003C,0,,0.10449790954589844,0.9990000128746033,0.8561000227928162
YNL069C,YCR069W,0,,0.10448697954416275,0.9990000128746033,0.8561999797821045
YGR207C,YCR048W,0,,0.10447604954242706,0.9990000128746033,0.8562999963760376
YDR457W,YJL200C,0,,0.10446512699127197,0.9990000128746033,0.8564000129699707
YPL064C,YBR282W,0,,0.10445420444011688,0.9990000128746033,0.8565000295639038
YNL267W,YHR016C,0,,0.10444328188896179,0.9990000128746033,0.8565999865531921
YMR308C,YNL050C,0,,0.1044323667883873,0.9990000128746033,0.8567000031471252
YOL044W,YDL185W,0,,0.1044214516878128,0.9990000128746033,0.8568000197410583
YIL129C,YPL118W,0,,0.10441053658723831,0.9990000128746033,0.8568999767303467
YFL024C,YOL053C-A,0,,0.10439962148666382,0.9990000128746033,0.8569999933242798
YMR203W,YBR042C,0,,0.10438871383666992,0.9990000128746033,0.8571000099182129
YOR036W,YHR107C,0,,0.10437780618667603,0.9990000128746033,0.857200026512146
YJL073W,YOL045W,0,,0.10436690598726273,0.9990000128746033,0.8572999835014343
YKR008W,YMR288W,0,,0.10435599833726883,0.9990000128746033,0.8574000000953674
YJL121C,YIL132C,0,,0.10434509813785553,0.9990000128746033,0.8575000166893005
YBR126C,YBL084C,0,,0.10433420538902283,0.9990000128746033,0.8575999736785889
YJL034W,YJL159W,0,,0.10432330518960953,0.9990000128746033,0.857699990272522
YDL225W,YDR016C,0,,0.10431241244077682,0.9990000128746033,0.8578000068664551
YMR210W,YBL084C,0,,0.10430152714252472,0.9990000128746033,0.8579000234603882
YGL145W,YJR103W,0,,0.10429063439369202,0.9990000128746033,0.8579999804496765
YDR313C,YDL226C,0,,0.10427974909543991,0.9990000128746033,0.8580999970436096
YGR076C,YAL040C,0,,0.1042688637971878,0.9990000128746033,0.8582000136375427
YJL214W,YKL117W,0,,0.1042579859495163,0.9990000128746033,0.858299970626831
YDR044W,YLR020C,0,,0.10424710065126419,0.9990000128746033,0.8583999872207642
YPR028W,YER110C,0,,0.10423623025417328,0.9990000128746033,0.8585000038146973
YKL061W,YDL014W,0,,0.10422535240650177,0.9990000128746033,0.8586000204086304
YPR036W,YPL154C,0,,0.10421448200941086,0.9990000128746033,0.8586999773979187
YLR128W,YLL027W,0,,0.10420361161231995,0.9990000128746033,0.8587999939918518
YML008C,YOR219C,0,,0.10419274121522903,0.9990000128746033,0.8589000105857849
YOR388C,YBR042C,0,,0.10418187826871872,0.9990000128746033,0.859000027179718
YKR086W,YOR321W,0,,0.10417100787162781,0.9990000128746033,0.8590999841690063
YCR010C,YFR009W,0,,0.10416015237569809,0.9990000128746033,0.8592000007629395
YNL064C,YDR381C-A,0,,0.10414928942918777,0.9990000128746033,0.8593000173568726
YER021W,YLR224W,0,,0.10413843393325806,0.9990000128746033,0.8593999743461609
YHR153C,YML106W,0,,0.10412757843732834,0.9990000128746033,0.859499990940094
YJR126C,YOR066W,0,,0.10411673039197922,0.9990000128746033,0.8596000075340271
YFL035C,YNL044W,0,,0.1041058748960495,0.9990000128746033,0.8597000241279602
YDL107W,YJL170C,0,,0.10409502685070038,0.9990000128746033,0.8597999811172485
YNL335W,YJL097W,0,,0.10408418625593185,0.9990000128746033,0.8598999977111816
YHR203C,YKL025C,0,,0.10407333821058273,0.9990000128746033,0.8600000143051147
YDR371W,YLR380W,0,,0.10406249761581421,0.9990000128746033,0.8600999712944031
YGL148W,YDL049C,0,,0.10405166447162628,0.9990000128746033,0.8601999878883362
YPR185W,YOR205C,0,,0.10404082387685776,0.9990000128746033,0.8603000044822693
YCL030C,YOR312C,0,,0.10402999073266983,0.9990000128746033,0.8604000210762024
YBL052C,YHR067W,0,,0.1040191575884819,0.9990000128746033,0.8604999780654907
YBR068C,YLR419W,0,,0.10400833189487457,0.9990000128746033,0.8605999946594238
YOR022C,YEL022W,0,,0.10399749875068665,0.9990000128746033,0.8607000112533569
YGR179C,YJL130C,0,,0.10398667305707932,0.9990000128746033,0.86080002784729
YKR087C,YLR283W,0,,0.10397585481405258,0.9990000128746033,0.8608999848365784
YJL123C,YBR290W,0,,0.10396502912044525,0.9990000128746033,0.8610000014305115
YNL308C,YJL112W,0,,0.10395421087741852,0.9990000128746033,0.8611000180244446
YJR064W,YBL006C,0,,0.10394340008497238,0.9990000128746033,0.8611999750137329
YBL058W,YGR074W,0,,0.10393258184194565,0.9990000128746033,0.861299991607666
YHR070W,YMR311C,0,,0.10392177104949951,0.9990000128746033,0.8614000082015991
YPL079W,YLR320W,0,,0.10391096025705338,0.9990000128746033,0.8615000247955322
YEL077C,YOR066W,0,,0.10390015691518784,0.9990000128746033,0.8615999817848206
YDR533C,YOR056C,0,,0.1038893535733223,0.9990000128746033,0.8616999983787537
YDR364C,YOL002C,0,,0.10387855023145676,0.9990000128746033,0.8618000149726868
YLR033W,YGR038W,0,,0.10386774688959122,0.9990000128746033,0.8618999719619751
YLR357W,YKR060W,0,,0.10385695099830627,0.9990000128746033,0.8619999885559082
YLL061W,YMR075W,0,,0.10384615510702133,0.9990000128746033,0.8621000051498413
YIL026C,YGR132C,0,,0.10383535921573639,0.9990000128746033,0.8622000217437744
YDR077W,YDR314C,0,,0.10382457077503204,0.9990000128746033,0.8622999787330627
YNL297C,YJL157C,0,,0.1038137823343277,0.9990000128746033,0.8623999953269958
YLR325C,YIL051C,0,,0.10380299389362335,0.9990000128746033,0.862500011920929
YJL128C,YMR119W,0,,0.103792205452919,0.9990000128746033,0.8626000285148621
YBR260C,YNR023W,0,,0.10378142446279526,0.9990000128746033,0.8626999855041504
YBR161W,YJL133W,0,,0.10377064347267151,0.9990000128746033,0.8628000020980835
YDR478W,YDL103C,0,,0.10375986993312836,0.9990000128746033,0.8629000186920166
YER007W,YER065C,0,,0.10374908894300461,0.9990000128746033,0.8629999756813049
YHR147C,YNL244C,0,,0.10373831540346146,0.9990000128746033,0.863099992275238
YDR260C,YNL256W,0,,0.1037275493144989,0.9990000128746033,0.8632000088691711
YLR038C,YPL007C,0,,0.10371677577495575,0.9990000128746033,0.8633000254631042
YIL040W,YDL092W,0,,0.1037060096859932,0.9990000128746033,0.8633999824523926
YJL138C,YBR201W,0,,0.10369524359703064,0.9990000128746033,0.8634999990463257
YGR027W-A,YML126C,0,,0.10368448495864868,0.9990000128746033,0.8636000156402588
YAL013W,YBL106C,0,,0.10367372632026672,0.9990000128746033,0.8636999726295471
YJR152W,YOR144C,0,,0.10366296768188477,0.9990000128746033,0.8637999892234802
YLR117C,YER106W,0,,0.10365220904350281,0.9990000128746033,0.8639000058174133
YLR316C,YIR037W,0,,0.10364145785570145,0.9990000128746033,0.8640000224113464
YCL038C,YKL168C,0,,0.10363070666790009,0.9990000128746033,0.8640999794006348
YOL090W,YAL032C,0,,0.10361995548009872,0.9990000128746033,0.8641999959945679
YCR060W,YBR273C,0,,0.10360921174287796,0.9990000128746033,0.864300012588501
YBR160W,YOL141W,0,,0.1035984680056572,0.9990000128746033,0.8644000291824341
YDR416W,YGL174W,0,,0.10358772426843643,0.9990000128746033,0.8644999861717224
YLR178C,YDL200C,0,,0.10357698053121567,0.9990000128746033,0.8646000027656555
YPR009W,YDL038C,0,,0.1035662442445755,0.9990000128746033,0.8647000193595886
YOR020C,YBR271W,0,,0.10355550795793533,0.9990000128746033,0.864799976348877
YLR197W,YGL256W,0,,0.10354477912187576,0.9990000128746033,0.8648999929428101
YIL127C,YER131W,0,,0.1035340428352356,0.9990000128746033,0.8650000095367432
YGL136C,YGR031C-A,0,,0.10352331399917603,0.9990000128746033,0.8651000261306763
YDL002C,YLL008W,0,,0.10351259261369705,0.9990000128746033,0.8651999831199646
YLR141W,YPL008W,0,,0.10350186377763748,0.9990000128746033,0.8652999997138977
YNL223W,YML036W,0,,0.10349114239215851,0.9990000128746033,0.8654000163078308
YER017C,YJL189W,0,,0.10348042100667953,0.9990000128746033,0.8654999732971191
YGR031C-A,YIL099W,0,,0.10346970707178116,0.9990000128746033,0.8655999898910522
YCR067C,YKR029C,0,,0.10345898568630219,0.9990000128746033,0.8657000064849854
YGR272C,YPR021C,0,,0.1034482792019844,0.9990000128746033,0.8658000230789185
YJL010C,YPR028W,0,,0.10343756526708603,0.9990000128746033,0.8658999800682068
YOL156W,YJR104C,0,,0.10342685878276825,0.9990000128746033,0.8659999966621399
YIL145C,YPL154C,0,,0.10341615229845047,0.9990000128746033,0.866100013256073
YDR279W,YAL042W,0,,0.10340544581413269,0.9990000128746033,0.8661999702453613
YOR245C,YOR369C,0,,0.10339473932981491,0.9990000128746033,0.8662999868392944
YGL190C,YBL093C,0,,0.10338404029607773,0.9990000128746033,0.8664000034332275
YNR050C,YOR176W,0,,0.10337334126234055,0.9990000128746033,0.8665000200271606
YIL114C,YHR152W,0,,0.10336264967918396,0.9990000128746033,0.866599977016449
YER088C,YGR041W,0,,0.10335195809602737,0.9990000128746033,0.8666999936103821
YNL322C,YOL062C,0,,0.10334126651287079,0.9990000128746033,0.8668000102043152
YJL191W,YML040W,0,,0.1033305749297142,0.9990000128746033,0.8669000267982483
YLR343W,YCR096C,0,,0.10331989079713821,0.9990000128746033,0.8669999837875366
YPR151C,YOR377W,0,,0.10330920666456223,0.9990000128746033,0.8671000003814697
YGR092W,YJL122W,0,,0.10329852253198624,0.9990000128746033,0.8672000169754028
YHR092C,YER140W,0,,0.10328783839941025,0.9990000128746033,0.8672999739646912
YPR004C,YER183C,0,,0.10327716171741486,0.9990000128746033,0.8673999905586243
YNL311C,YDR036C,0,,0.10326648503541946,0.9990000128746033,0.8675000071525574
YHR115C,YGR183C,0,,0.10325581580400467,0.9990000128746033,0.8676000237464905
YCR081W,YGL210W,0,,0.10324513912200928,0.9990000128746033,0.8676999807357788
YHR141C,YAL001C,0,,0.10323446989059448,0.9990000128746033,0.8677999973297119
YBR084W,YGR106C,0,,0.10322380810976028,0.9990000128746033,0.867900013923645
YOL120C,YHR136C,0,,0.10321313887834549,0.9990000128746033,0.8679999709129333
YLR272C,YPL064C,0,,0.10320247709751129,0.9990000128746033,0.8680999875068665
YDR341C,YBR261C,0,,0.1031918153166771,0.9990000128746033,0.8682000041007996
YOR067C,YER165W,0,,0.10318116098642349,0.9990000128746033,0.8683000206947327
YLR297W,YBL076C,0,,0.10317050665616989,0.9990000128746033,0.868399977684021
YLR174W,YPL259C,0,,0.10315985232591629,0.9990000128746033,0.8684999942779541
YDR174W,YDR153C,0,,0.10314919799566269,0.9990000128746033,0.8686000108718872
YNL217W,YHL036W,0,,0.10313855111598969,0.9990000128746033,0.8687000274658203
YLL061W,YNL315C,0,,0.10312790423631668,0.9990000128746033,0.8687999844551086
YNL088W,YIL035C,0,,0.10311725735664368,0.9990000128746033,0.8689000010490417
YMR238W,YDR486C,0,,0.10310661792755127,0.9990000128746033,0.8690000176429749
YOL103W,YDR425W,0,,0.10309597849845886,0.9990000128746033,0.8690999746322632
YJL101C,YGL160W,0,,0.10308533906936646,0.9990000128746033,0.8691999912261963
YJR145C,YIL020C,0,,0.10307469964027405,0.9990000128746033,0.8693000078201294
YGR092W,YOR291W,0,,0.10306406766176224,0.9990000128746033,0.8694000244140625
YNL121C,YBL084C,0,,0.10305343568325043,0.9990000128746033,0.8694999814033508
YGR098C,YJR098C,0,,0.10304280370473862,0.9990000128746033,0.8695999979972839
YGL134W,YDR031W,0,,0.1030321791768074,0.9990000128746033,0.869700014591217
YGL253W,YJL103C,0,,0.10302155464887619,0.9990000128746033,0.8697999715805054
YMR013C,YGL150C,0,,0.10301093012094498,0.9990000128746033,0.8698999881744385
YHR084W,YJL025W,0,,0.10300030559301376,0.9990000128746033,0.8700000047683716
YML006C,YOR124C,0,,0.10298968851566315,0.9990000128746033,0.8701000213623047
YOL103W-B,YDL028C,0,,0.10297907143831253,0.9990000128746033,0.870199978351593
YDL194W,YDR251W,0,,0.10296846181154251,0.9990000128746033,0.8702999949455261
YGR038C-B,YCR039C,0,,0.1029578447341919,0.9990000128746033,0.8704000115394592
YEL056W,YML029W,0,,0.10294723510742188,0.9990000128746033,0.8705000281333923
YDR011W,YNR018W,0,,0.10293663293123245,0.9990000128746033,0.8705999851226807
YER078C,YDR116C,0,,0.10292602330446243,0.9990000128746033,0.8707000017166138
YNR004W,YBR160W,0,,0.10291542112827301,0.9990000128746033,0.8708000183105469
YJL102W,YOL088C,0,,0.10290481895208359,0.9990000128746033,0.8708999752998352
YCR075C,YKL103C,0,,0.10289422422647476,0.9990000128746033,0.8709999918937683
YBR251W,YGL210W,0,,0.10288362205028534,0.9990000128746033,0.8711000084877014
YOR217W,YOL109W,0,,0.10287302732467651,0.9990000128746033,0.8712000250816345
YKL097W-A,YDR489W,0,,0.10286244004964828,0.9990000128746033,0.8712999820709229
YML111W,YML010W,0,,0.10285184532403946,0.9990000128746033,0.871399998664856
YGL094C,YGR077C,0,,0.10284125804901123,0.9990000128746033,0.8715000152587891
YDR050C,YBR182C,0,,0.102830670773983,0.9990000128746033,0.8715999722480774
YNL128W,YJL156C,0,,0.10282009094953537,0.9990000128746033,0.8716999888420105
YKR001C,YMR244C-A,0,,0.10280951112508774,0.9990000128746033,0.8718000054359436
YJL100W,YOR356W,0,,0.1027989313006401,0.9990000128746033,0.8719000220298767
YNL151C,YDR131C,0,,0.10278835147619247,0.9990000128746033,0.871999979019165
YCL026C-B,YML005W,0,,0.10277777910232544,0.9990000128746033,0.8720999956130981
YHR153C,YMR231W,0,,0.1027672067284584,0.9990000128746033,0.8722000122070312
YNR028W,YJR032W,0,,0.10275663435459137,0.9990000128746033,0.8723000288009644
YGL019W,YNL312W,0,,0.10274606943130493,0.9990000128746033,0.8723999857902527
YJR147W,YLL002W,0,,0.1027354970574379,0.9990000128746033,0.8725000023841858
YPL060C-A,YOR371C,0,,0.10272493213415146,0.9990000128746033,0.8726000189781189
YDL014W,YOR149C,0,,0.10271437466144562,0.9990000128746033,0.8726999759674072
YOL058W,YNL153C,0,,0.10270381718873978,0.9990000128746033,0.8727999925613403
YOR096W,YDR316W-A,0,,0.10269325971603394,0.9990000128746033,0.8729000091552734
YDR389W,YIL138C,0,,0.1026827022433281,0.9990000128746033,0.8730000257492065
YPR127W,YBR066C,0,,0.10267214477062225,0.9990000128746033,0.8730999827384949
YFL033C,YCR060W,0,,0.10266159474849701,0.9990000128746033,0.873199999332428
YGL250W,YNL309W,0,,0.10265104472637177,0.9990000128746033,0.8733000159263611
YIR002C,YDL080C,0,,0.10264050215482712,0.9990000128746033,0.8733999729156494
YMR024W,YNL279W,0,,0.10262995958328247,0.9990000128746033,0.8734999895095825
YOL033W,YPL200W,0,,0.10261941701173782,0.9990000128746033,0.8736000061035156
YLR310C,YPL112C,0,,0.10260887444019318,0.9990000128746033,0.8737000226974487
YHR117W,YGL120C,0,,0.10259833931922913,0.9990000128746033,0.8737999796867371
YPL127C,YDR248C,0,,0.10258779674768448,0.9990000128746033,0.8738999962806702
YDR409W,YHR067W,0,,0.10257726907730103,0.9990000128746033,0.8740000128746033
YGR087C,YNL262W,0,,0.10256673395633698,0.9990000128746033,0.8741000294685364
YNL135C,YNR049C,0,,0.10255620628595352,0.9990000128746033,0.8741999864578247
YDL067C,YGR085C,0,,0.10254567861557007,0.9990000128746033,0.8743000030517578
YGR200C,YPL112C,0,,0.10253515094518661,0.9990000128746033,0.8744000196456909
YOR054C,YLR265C,0,,0.10252463072538376,0.9990000128746033,0.8744999766349792
YOR373W,YGR262C,0,,0.1025141105055809,0.9990000128746033,0.8745999932289124
YIL021W,YLR048W,0,,0.10250359028577805,0.9990000128746033,0.8747000098228455
YDR348C,YLR022C,0,,0.10249307751655579,0.9990000128746033,0.8748000264167786
YMR043W,YPL242C,0,,0.10248255729675293,0.9990000128746033,0.8748999834060669
YJL042W,YAR019C,0,,0.10247205197811127,0.9990000128746033,0.875
YHR183W,YPL060C-A,0,,0.10246153920888901,0.9990000128746033,0.8751000165939331
YOR245C,YDR113C,0,,0.10245103389024734,0.9990000128746033,0.8751999735832214
YNL106C,YBR302C,0,,0.10244052857160568,0.9990000128746033,0.8752999901771545
YHR099W,YDL225W,0,,0.10243002325296402,0.9990000128746033,0.8754000067710876
YPL217C,YOR327C,0,,0.10241951793432236,0.9990000128746033,0.8755000233650208
YNL125C,YBR019C,0,,0.10240902006626129,0.9990000128746033,0.8755999803543091
YNL128W,YGL065C,0,,0.10239852219820023,0.9990000128746033,0.8756999969482422
YNR017W,YMR321C,0,,0.10238803178071976,0.9990000128746033,0.8758000135421753
YEL042W,YDR540C,0,,0.10237753391265869,0.9990000128746033,0.8758999705314636
YPL015C,YDR144C,0,,0.10236704349517822,0.9990000128746033,0.8759999871253967
YGL128C,YDR390C,0,,0.10235656052827835,0.9990000128746033,0.8761000037193298
YER039C,YKL022C,0,,0.10234607011079788,0.9990000128746033,0.8762000203132629
YJR143C,YOL068C,0,,0.10233558714389801,0.9990000128746033,0.8762999773025513
YHR025W,YOR171C,0,,0.10232510417699814,0.9990000128746033,0.8763999938964844
YML006C,YDR079C-A,0,,0.10231462866067886,0.9990000128746033,0.8765000104904175
YCL011C,YDR210W-D,0,,0.10230414569377899,0.9990000128746033,0.8766000270843506
YKL021C,YHR059W,0,,0.10229367017745972,0.9990000128746033,0.8766999840736389
YAR002C-A,YPR159W,0,,0.10228320211172104,0.9990000128746033,0.876800000667572
YHR003C,YGL119W,0,,0.10227272659540176,0.9990000128746033,0.8769000172615051
YDL192W,YDR342C,0,,0.10226225852966309,0.9990000128746033,0.8769999742507935
YCL018W,YNL305C,0,,0.10225179046392441,0.9990000128746033,0.8770999908447266
YJL024C,YOL158C,0,,0.10224132984876633,0.9990000128746033,0.8772000074386597
YML033W,YPR196W,0,,0.10223086178302765,0.9990000128746033,0.8773000240325928
YPL017C,YOR368W,0,,0.10222040116786957,0.9990000128746033,0.8773999810218811
YKL092C,YNL070W,0,,0.10220994800329208,0.9990000128746033,0.8774999976158142
YBR241C,YJL203W,0,,0.102199487388134,0.9990000128746033,0.8776000142097473
YDR362C,YBL090W,0,,0.10218903422355652,0.9990000128746033,0.8776999711990356
YML115C,YIL160C,0,,0.10217858105897903,0.9990000128746033,0.8777999877929688
YBL011W,YPL113C,0,,0.10216813534498215,0.9990000128746033,0.8779000043869019
YKR094C,YJR135W-A,0,,0.10215768218040466,0.9990000128746033,0.878000020980835
YDR159W,YGL163C,0,,0.10214723646640778,0.9990000128746033,0.8780999779701233
YDR507C,YDL095W,0,,0.10213679820299149,0.9990000128746033,0.8781999945640564
YOL090W,YNL087W,0,,0.1021263524889946,0.9990000128746033,0.8783000111579895
YNL010W,YGR268C,0,,0.10211591422557831,0.9990000128746033,0.8784000277519226
YPL214C,YGL258W-A,0,,0.10210547596216202,0.9990000128746033,0.8784999847412109
YAL053W,YNL220W,0,,0.10209504514932632,0.9990000128746033,0.878600001335144
YNL279W,YPR156C,0,,0.10208461433649063,0.9990000128746033,0.8787000179290771
YCR088W,YOR232W,0,,0.10207418352365494,0.9990000128746033,0.8787999749183655
YOL101C,YML064C,0,,0.10206375271081924,0.9990000128746033,0.8788999915122986
YIL009C-A,YER122C,0,,0.10205332189798355,0.9990000128746033,0.8790000081062317
YKL049C,YDL108W,0,,0.10204289853572845,0.9990000128746033,0.8791000247001648
YJL028W,YJR026W,0,,0.10203247517347336,0.9990000128746033,0.8791999816894531
YBR203W,YDR252W,0,,0.10202205926179886,0.9990000128746033,0.8792999982833862
YDL147W,YDR392W,0,,0.10201164335012436,0.9990000128746033,0.8794000148773193
YMR099C,YNL177C,0,,0.10200122743844986,0.9990000128746033,0.8794999718666077
YLL061W,YGL020C,0,,0.10199081152677536,0.9990000128746033,0.8795999884605408
YBR018C,YBR271W,0,,0.10198040306568146,0.9990000128746033,0.8797000050544739
YGR246C,YNL305C,0,,0.10196998715400696,0.9990000128746033,0.879800021648407
YLR129W,YJL129C,0,,0.10195958614349365,0.9990000128746033,0.8798999786376953
YDL015C,YPL212C,0,,0.10194917768239975,0.9990000128746033,0.8799999952316284
YGL010W,YJL155C,0,,0.10193877667188644,0.9990000128746033,0.8801000118255615
YGR098C,YLR266C,0,,0.10192837566137314,0.9990000128746033,0.8802000284194946
YBR037C,YOR298W,0,,0.10191797465085983,0.9990000128746033,0.880299985408783
YBR273C,YNL139C,0,,0.10190758109092712,0.9990000128746033,0.8804000020027161
YNR032W,YPL031C,0,,0.10189718753099442,0.9990000128746033,0.8805000185966492
YIR036C,YOR285W,0,,0.1018867939710617,0.9990000128746033,0.8805999755859375
YPR200C,YBR236C,0,,0.101876400411129,0.9990000128746033,0.8806999921798706
YDL193W,YBL084C,0,,0.10186601430177689,0.9990000128746033,0.8808000087738037
YPR118W,YHR052W,0,,0.10185562819242477,0.9990000128746033,0.8809000253677368
YPL132W,YNL209W,0,,0.10184524208307266,0.9990000128746033,0.8809999823570251
YLR425W,YAR002C-A,0,,0.10183486342430115,0.9990000128746033,0.8810999989509583
YFL048C,YBR172C,0,,0.10182448476552963,0.9990000128746033,0.8812000155448914
YKL067W,YDR126W,0,,0.10181410610675812,0.9990000128746033,0.8812999725341797
YBR289W,YDL099W,0,,0.1018037274479866,0.9990000128746033,0.8813999891281128
YDR494W,YER190W,0,,0.10179335623979568,0.9990000128746033,0.8815000057220459
YPL037C,YDL049C,0,,0.10178298503160477,0.9990000128746033,0.881600022315979
YDR393W,YDL207W,0,,0.10177261382341385,0.9990000128746033,0.8816999793052673
YPR082C,YDR501W,0,,0.10176225006580353,0.9990000128746033,0.8817999958992004
YMR036C,YOL082W,0,,0.1017518863081932,0.9990000128746033,0.8819000124931335
YLR183C,YJR107W,0,,0.10174152255058289,0.9990000128746033,0.8820000290870667
YNL003C,YGR159C,0,,0.10173115879297256,0.9990000128746033,0.882099986076355
YPR019W,YDR258C,0,,0.10172080248594284,0.9990000128746033,0.8822000026702881
YOR306C,YOR187W,0,,0.10171044617891312,0.9990000128746033,0.8823000192642212
YOR056C,YHR152W,0,,0.10170008987188339,0.9990000128746033,0.8823999762535095
YNR043W,YOL127W,0,,0.10168974101543427,0.9990000128746033,0.8824999928474426
YDR465C,YGR145W,0,,0.10167939215898514,0.9990000128746033,0.8826000094413757
YKL028W,YDR520C,0,,0.10166904330253601,0.9990000128746033,0.8827000260353088
YBR237W,YLR164W,0,,0.10165869444608688,0.9990000128746033,0.8827999830245972
YPL196W,YPL223C,0,,0.10164835304021835,0.9990000128746033,0.8828999996185303
YHL033C,YGL008C,0,,0.10163801163434982,0.9990000128746033,0.8830000162124634
YBR067C,YHR017W,0,,0.10162767022848129,0.9990000128746033,0.8830999732017517
YOR332W,YMR093W,0,,0.10161733627319336,0.9990000128746033,0.8831999897956848
YJR160C,YER190W,0,,0.10160699486732483,0.9990000128746033,0.8833000063896179
YGR177C,YGL077C,0,,0.1015966609120369,0.9990000128746033,0.883400022983551
YGR295C,YBL052C,0,,0.10158633440732956,0.9990000128746033,0.8834999799728394
YIL122W,YNR031C,0,,0.10157600045204163,0.9990000128746033,0.8835999965667725
YDR450W,YLR364W,0,,0.10156567394733429,0.9990000128746033,0.8837000131607056
YBL106C,YKR097W,0,,0.10155535489320755,0.9990000128746033,0.8838000297546387
YNL242W,YJL207C,0,,0.10154502838850021,0.9990000128746033,0.883899986743927
YDR017C,YPL270W,0,,0.10153470933437347,0.9990000128746033,0.8840000033378601
YGL190C,YGL225W,0,,0.10152439028024673,0.9990000128746033,0.8841000199317932
YDR141C,YBR139W,0,,0.10151407122612,0.9990000128746033,0.8841999769210815
YGL065C,YDR073W,0,,0.10150375962257385,0.9990000128746033,0.8842999935150146
YPR035W,YML129C,0,,0.10149344801902771,0.9990000128746033,0.8844000101089478
YOR128C,YAL042W,0,,0.10148313641548157,0.9990000128746033,0.8845000267028809
YDR324C,YEL040W,0,,0.10147283226251602,0.9990000128746033,0.8845999836921692
YNL284C-A,YDR229W,0,,0.10146252065896988,0.9990000128746033,0.8847000002861023
YDL112W,YDR059C,0,,0.10145221650600433,0.9990000128746033,0.8848000168800354
YGL011C,YIL015W,0,,0.10144191980361938,0.9990000128746033,0.8848999738693237
YHR164C,YDR261W-A,0,,0.10143161565065384,0.9990000128746033,0.8849999904632568
YAL060W,YMR068W,0,,0.10142131894826889,0.9990000128746033,0.8851000070571899
YKL008C,YGR268C,0,,0.10141102224588394,0.9990000128746033,0.885200023651123
YBR125C,YKL173W,0,,0.10140073299407959,0.9990000128746033,0.8852999806404114
YLR316C,YHR002W,0,,0.10139043629169464,0.9990000128746033,0.8853999972343445
YKL144C,YKL082C,0,,0.10138014703989029,0.9990000128746033,0.8855000138282776
YIL006W,YNL110C,0,,0.10136986523866653,0.9990000128746033,0.8855999708175659
YJR058C,YDR134C,0,,0.10135957598686218,0.9990000128746033,0.885699987411499
YBL016W,YEL002C,0,,0.10134929418563843,0.9990000128746033,0.8858000040054321
YNL284C,YDL122W,0,,0.10133901238441467,0.9990000128746033,0.8859000205993652
YHR084W,YDL005C,0,,0.10132873803377151,0.9990000128746033,0.8859999775886536
YCR069W,YGR284C,0,,0.10131845623254776,0.9990000128746033,0.8860999941825867
YOR010C,YNL268W,0,,0.1013081818819046,0.9990000128746033,0.8862000107765198
YDR141C,YPL060C-A,0,,0.10129790753126144,0.9990000128746033,0.8863000273704529
YDR170C,YMR165C,0,,0.10128764063119888,0.9990000128746033,0.8863999843597412
YMR130W,YLR035C-A,0,,0.10127737373113632,0.9990000128746033,0.8865000009536743
YDL141W,YLR139C,0,,0.10126710683107376,0.9990000128746033,0.8866000175476074
YPR196W,YPL050C,0,,0.1012568399310112,0.9990000128746033,0.8866999745368958
YOL125W,YMR293C,0,,0.10124658048152924,0.9990000128746033,0.8867999911308289
YMR020W,YBR110W,0,,0.10123632103204727,0.9990000128746033,0.886900007724762
YCL075W,YDR104C,0,,0.10122606158256531,0.9990000128746033,0.8870000243186951
YGR063C,YCR071C,0,,0.10121580213308334,0.9990000128746033,0.8870999813079834
YGR124W,YDL137W,0,,0.10120555013418198,0.9990000128746033,0.8871999979019165
YCR033W,YER115C,0,,0.10119529813528061,0.9990000128746033,0.8873000144958496
YNL327W,YGR113W,0,,0.10118505358695984,0.9990000128746033,0.8873999714851379
YDR055W,YJR031C,0,,0.10117480158805847,0.9990000128746033,0.887499988079071
YCR004C,YDR140W,0,,0.1011645570397377,0.9990000128746033,0.8876000046730042
YFL016C,YDR197W,0,,0.10115431249141693,0.9990000128746033,0.8877000212669373
YIL047C,YPL232W,0,,0.10114407539367676,0.9990000128746033,0.8877999782562256
YOL094C,YLR139C,0,,0.10113383084535599,0.9990000128746033,0.8878999948501587
YML030W,YKL117W,0,,0.10112359374761581,0.9990000128746033,0.8880000114440918
YHR065C,YDR387C,0,,0.10111335664987564,0.9990000128746033,0.8881000280380249
YMR139W,YER058W,0,,0.10110312700271606,0.9990000128746033,0.8881999850273132
YGR052W,YOR007C,0,,0.10109289735555649,0.9990000128746033,0.8883000016212463
YMR190C,YOL060C,0,,0.10108266770839691,0.9990000128746033,0.8884000182151794
YJL036W,YBR235W,0,,0.10107243806123734,0.9990000128746033,0.8884999752044678
YEL064C,YJR021C,0,,0.10106221586465836,0.9990000128746033,0.8885999917984009
YPL220W,YKL086W,0,,0.10105199366807938,0.9990000128746033,0.888700008392334
YBL071W-A,YOR221C,0,,0.1010417714715004,0.9990000128746033,0.8888000249862671
YPR145W,YPR056W,0,,0.10103155672550201,0.9990000128746033,0.8888999819755554
YCR068W,YMR308C,0,,0.10102133452892303,0.9990000128746033,0.8889999985694885
YJL052W,YHR174W,0,,0.10101111978292465,0.9990000128746033,0.8891000151634216
YBR020W,YKL003C,0,,0.10100091248750687,0.9990000128746033,0.88919997215271
YDR253C,YMR137C,0,,0.10099069774150848,0.9990000128746033,0.8892999887466431
YBR201W,YKL212W,0,,0.1009804904460907,0.9990000128746033,0.8894000053405762
YNL208W,YMR315W,0,,0.10097028315067291,0.9990000128746033,0.8895000219345093
YPL008W,YGR105W,0,,0.10096008330583572,0.9990000128746033,0.8895999789237976
YDR369C,YLR350W,0,,0.10094987601041794,0.9990000128746033,0.8896999955177307
YJL066C,YOL072W,0,,0.10093967616558075,0.9990000128746033,0.8898000121116638
YBR084W,YER087C-B,0,,0.10092948377132416,0.9990000128746033,0.8899000287055969
YBL098W,YKR104W,0,,0.10091928392648697,0.9990000128746033,0.8899999856948853
YPL082C,YDR483W,0,,0.10090909153223038,0.9990000128746033,0.8901000022888184
YJL024C,YCR092C,0,,0.10089889913797379,0.9990000128746033,0.8902000188827515
YPL256C,YPL269W,0,,0.1008887067437172,0.9990000128746033,0.8902999758720398
YBR210W,YEL058W,0,,0.1008785218000412,0.9990000128746033,0.8903999924659729
YKL011C,YHR112C,0,,0.1008683368563652,0.9990000128746033,0.890500009059906
YLR355C,YDL191W,0,,0.10085815191268921,0.9990000128746033,0.8906000256538391
YLR275W,YER118C,0,,0.10084797441959381,0.9990000128746033,0.8906999826431274
YKL116C,YMR268W-A,0,,0.10083778947591782,0.9990000128746033,0.8907999992370605
YBL057C,YPR137C-A,0,,0.10082761198282242,0.9990000128746033,0.8909000158309937
YOR148C,YBR170C,0,,0.10081744194030762,0.9990000128746033,0.890999972820282
YBR282W,YER104W,0,,0.10080726444721222,0.9990000128746033,0.8910999894142151
YEL052W,YJR065C,0,,0.10079709440469742,0.9990000128746033,0.8912000060081482
YGR277C,YKL084W,0,,0.10078692436218262,0.9990000128746033,0.8913000226020813
YER161C,YCL062W,0,,0.10077675431966782,0.9990000128746033,0.8913999795913696
YOR197W,YIL063C,0,,0.10076659172773361,0.9990000128746033,0.8914999961853027
YDR055W,YNL131W,0,,0.10075642913579941,0.9990000128746033,0.8916000127792358
YKL041W,YJL187C,0,,0.1007462665438652,0.9990000128746033,0.891700029373169
YML115C,YNR032W,0,,0.1007361114025116,0.9990000128746033,0.8917999863624573
YMR106C,YER014C-A,0,,0.10072595626115799,0.9990000128746033,0.8919000029563904
YOR298W,YGL060W,0,,0.10071580111980438,0.9990000128746033,0.8920000195503235
YNL138W,YBR288C,0,,0.10070564597845078,0.9990000128746033,0.8920999765396118
YHR026W,YML028W,0,,0.10069549083709717,0.9990000128746033,0.8921999931335449
YNL138W-A,YDR210W-D,0,,0.10068534314632416,0.9990000128746033,0.892300009727478
YMR264W,YDL006W,0,,0.10067519545555115,0.9990000128746033,0.8924000263214111
YKL210W,YDL021W,0,,0.10066505521535873,0.9990000128746033,0.8924999833106995
YJR028W,YGR251W,0,,0.10065491497516632,0.9990000128746033,0.8925999999046326
YNL220W,YDL142C,0,,0.10064477473497391,0.9990000128746033,0.8927000164985657
YPL190C,YJL106W,0,,0.1006346344947815,0.9990000128746033,0.892799973487854
YER114C,YDL005C,0,,0.10062449425458908,0.9990000128746033,0.8928999900817871
YER052C,YBL060W,0,,0.10061436146497726,0.9990000128746033,0.8930000066757202
YML048W,YNL163C,0,,0.10060422867536545,0.9990000128746033,0.8931000232696533
YJR060W,YPL232W,0,,0.10059409588575363,0.9990000128746033,0.8931999802589417
YIL108W,YHL034C,0,,0.10058397054672241,0.9990000128746033,0.8932999968528748
YJL024C,YOR339C,0,,0.10057384520769119,0.9990000128746033,0.8934000134468079
YDR347W,YFR029W,0,,0.10056371986865997,0.9990000128746033,0.8934999704360962
YDR093W,YOR187W,0,,0.10055360198020935,0.9990000128746033,0.8935999870300293
YOR339C,YNL096C,0,,0.10054347664117813,0.9990000128746033,0.8937000036239624
YNL310C,YNL239W,0,,0.10053335875272751,0.9990000128746033,0.8938000202178955
YGR249W,YHR129C,0,,0.10052324086427689,0.9990000128746033,0.8938999772071838
YPL236C,YNL273W,0,,0.10051313042640686,0.9990000128746033,0.8939999938011169
YOR304C-A,YPR020W,0,,0.10050301998853683,0.9990000128746033,0.89410001039505
YPR033C,YIR008C,0,,0.10049290955066681,0.9990000128746033,0.8942000269889832
YLR390W,YNL283C,0,,0.10048279911279678,0.9990000128746033,0.8942999839782715
YGR135W,YCR097W,0,,0.10047269612550735,0.9990000128746033,0.8944000005722046
YER141W,YGR026W,0,,0.10046259313821793,0.9990000128746033,0.8945000171661377
YDR506C,YJL062W-A,0,,0.1004524901509285,0.9990000128746033,0.894599974155426
YMR016C,YLR107W,0,,0.10044238716363907,0.9990000128746033,0.8946999907493591
YMR023C,YDR453C,0,,0.10043229162693024,0.9990000128746033,0.8948000073432922
YNL256W,YGR124W,0,,0.1004221960902214,0.9990000128746033,0.8949000239372253
YGR185C,YOR014W,0,,0.10041210055351257,0.9990000128746033,0.8949999809265137
YKL021C,YMR188C,0,,0.10040201246738434,0.9990000128746033,0.8950999975204468
YDR291W,YHR018C,0,,0.1003919169306755,0.9990000128746033,0.8952000141143799
YOR063W,YIL157C,0,,0.10038183629512787,0.9990000128746033,0.8952999711036682
YNL225C,YOL071W,0,,0.10037174820899963,0.9990000128746033,0.8953999876976013
YGR255C,YPL160W,0,,0.1003616601228714,0.9990000128746033,0.8955000042915344
YHL047C,YKR002W,0,,0.10035157948732376,0.9990000128746033,0.8956000208854675
YKR067W,YKL094W,0,,0.10034150630235672,0.9990000128746033,0.8956999778747559
YJL157C,YHR007C,0,,0.10033142566680908,0.9990000128746033,0.895799994468689
YOL094C,YPR160W,0,,0.10032135248184204,0.9990000128746033,0.8959000110626221
YDL025C,YER125W,0,,0.100311279296875,0.9990000128746033,0.8960000276565552
YHR128W,YPL060C-A,0,,0.10030120611190796,0.9990000128746033,0.8960999846458435
YDR147W,YML080W,0,,0.10029113292694092,0.9990000128746033,0.8962000012397766
YCR034W,YNL329C,0,,0.10028106719255447,0.9990000128746033,0.8963000178337097
YGR032W,YNL087W,0,,0.10027100145816803,0.9990000128746033,0.896399974822998
YBL005W-B,YOR096W,0,,0.10026093572378159,0.9990000128746033,0.8964999914169312
YNL335W,YIL049W,0,,0.10025087743997574,0.9990000128746033,0.8966000080108643
YDR123C,YGR036C,0,,0.10024081915616989,0.9990000128746033,0.8967000246047974
YBL090W,YOR205C,0,,0.10023076087236404,0.9990000128746033,0.8967999815940857
YDR034C,YGL206C,0,,0.1002207025885582,0.9990000128746033,0.8968999981880188
YGR074W,YIL066C,0,,0.10021065175533295,0.9990000128746033,0.8970000147819519
YGL258W-A,YGR010W,0,,0.1002006009221077,0.9990000128746033,0.8970999717712402
YML060W,YGL050W,0,,0.10019055008888245,0.9990000128746033,0.8971999883651733
YOR216C,YOR071C,0,,0.10018050670623779,0.9990000128746033,0.8973000049591064
YMR029C,YLR256W,0,,0.10017046332359314,0.9990000128746033,0.8974000215530396
YHR160C,YIL125W,0,,0.10016041994094849,0.9990000128746033,0.8974999785423279
YBR019C,YNR015W,0,,0.10015037655830383,0.9990000128746033,0.897599995136261
YDR522C,YDR379W,0,,0.10014033317565918,0.9990000128746033,0.8977000117301941
YIL039W,YHR174W,0,,0.10013029724359512,0.9990000128746033,0.8978000283241272
YKL018W,YML063W,0,,0.10012026131153107,0.9990000128746033,0.8978999853134155
YDR456W,YBR136W,0,,0.10011023283004761,0.9990000128746033,0.8980000019073486
YPL118W,YGL050W,0,,0.10010019689798355,0.9990000128746033,0.8981000185012817
YIL047C,YNL085W,0,,0.10009016841650009,0.9990000128746033,0.8981999754905701
YBL058W,YFR004W,0,,0.10008014738559723,0.9990000128746033,0.8982999920845032
YOR393W,YGR027W-B,0,,0.10007011890411377,0.9990000128746033,0.8984000086784363
YLR117C,YER168C,0,,0.10006009787321091,0.9990000128746033,0.8985000252723694
YLR206W,YKL100C,0,,0.10005007684230804,0.9990000128746033,0.8985999822616577
YOR294W,YGR148C,0,,0.10004005581140518,0.9990000128746033,0.8986999988555908
YDR346C,YJR002W,0,,0.10003004223108292,0.9990000128746033,0.8988000154495239
YKL119C,YDR050C,0,,0.10002002120018005,0.9990000128746033,0.8988999724388123
YGR112W,YPL230W,0,,0.10001000761985779,0.9990000128746033,0.8989999890327454
YNL315C,YEL055C,0,,0.10000000149011612,0.9990000128746033,0.8991000056266785
YLR390W,YGR185C,0,,0.09998998790979385,0.9990000128746033,0.8992000222206116
YHR063C,YDR026C,0,,0.09997998178005219,0.9990000128746033,0.8992999792098999
YLR439W,YER091C,0,,0.09996997565031052,0.9990000128746033,0.899399995803833
YPL252C,YOL004W,0,,0.09995997697114944,0.9990000128746033,0.8995000123977661
YLR433C,YPR047W,0,,0.09994997829198837,0.9990000128746033,0.8996000289916992
YKR008W,YBL024W,0,,0.0999399796128273,0.9990000128746033,0.8996999859809875
YGR274C,YGR247W,0,,0.09992998093366623,0.9990000128746033,0.8998000025749207
YLR206W,YMR169C,0,,0.09991998225450516,0.9990000128746033,0.8999000191688538
YLR128W,YGL112C,0,,0.09990999102592468,0.9990000128746033,0.8999999761581421
YPR028W,YOR298W,0,,0.09989999979734421,0.9990000128746033,0.9000999927520752
YLR325C,YOL056W,0,,0.09989000856876373,0.9990000128746033,0.9002000093460083
YMR267W,YDL064W,0,,0.09988002479076385,0.9990000128746033,0.9003000259399414
YEL009C,YER126C,0,,0.09987004101276398,0.9990000128746033,0.9003999829292297
YLR040C,YHL047C,0,,0.0998600572347641,0.9990000128746033,0.9004999995231628
YOR243C,YPL154C,0,,0.09985007345676422,0.9990000128746033,0.900600016117096
YDR510W,YDR138W,0,,0.09984009712934494,0.9990000128746033,0.9006999731063843
YER027C,YJL189W,0,,0.09983012080192566,0.9990000128746033,0.9007999897003174
YER048W-A,YDR283C,0,,0.09982014447450638,0.9990000128746033,0.9009000062942505
YCL062W,YMR312W,0,,0.0998101681470871,0.9990000128746033,0.9010000228881836
YDR470C,YKL061W,0,,0.09980019927024841,0.9990000128746033,0.9010999798774719
YDR012W,YHR057C,0,,0.09979023039340973,0.9990000128746033,0.901199996471405
YKR003W,YER145C,0,,0.09978026151657104,0.9990000128746033,0.9013000130653381
YHR041C,YER029C,0,,0.09977030009031296,0.9990000128746033,0.9014000296592712
YPR009W,YOR142W,0,,0.09976033866405487,0.9990000128746033,0.9014999866485596
YAL038W,YBR012W-A,0,,0.09975037723779678,0.9990000128746033,0.9016000032424927
YGR109C,YFL029C,0,,0.0997404158115387,0.9990000128746033,0.9017000198364258
YDL202W,YKL022C,0,,0.0997304618358612,0.9990000128746033,0.9017999768257141
YDR529C,YOR070C,0,,0.09972050040960312,0.9990000128746033,0.9018999934196472
YOR155C,YOR138C,0,,0.09971054643392563,0.9990000128746033,0.9020000100135803
YDR137W,YLL055W,0,,0.09970059990882874,0.9990000128746033,0.9021000266075134
YMR005W,YDL184C,0,,0.09969064593315125,0.9990000128746033,0.9021999835968018
YDR533C,YPL218W,0,,0.09968069940805435,0.9990000128746033,0.9023000001907349
YGL162W,YMR227C,0,,0.09967076033353806,0.9990000128746033,0.902400016784668
YFR009W,YDR444W,0,,0.09966081380844116,0.9990000128746033,0.9024999737739563
YOR206W,YHR003C,0,,0.09965087473392487,0.9990000128746033,0.9025999903678894
YMR319C,YAL009W,0,,0.09964093565940857,0.9990000128746033,0.9027000069618225
YNL162W,YHR206W,0,,0.09963099658489227,0.9990000128746033,0.9028000235557556
YOR175C,YNL268W,0,,0.09962105751037598,0.9990000128746033,0.902899980545044
YPR016C,YEL062W,0,,0.09961112588644028,0.9990000128746033,0.902999997138977
YLR246W,YGL229C,0,,0.09960119426250458,0.9990000128746033,0.9031000137329102
YMR052W,YBL066C,0,,0.09959127008914948,0.9990000128746033,0.9031999707221985
YPL236C,YBL011W,0,,0.09958133846521378,0.9990000128746033,0.9032999873161316
YDR104C,YOR261C,0,,0.09957141429185867,0.9990000128746033,0.9034000039100647
YBR177C,YMR290C,0,,0.09956149011850357,0.9990000128746033,0.9035000205039978
YDR085C,YKR098C,0,,0.09955156594514847,0.9990000128746033,0.9035999774932861
YDR346C,YOL094C,0,,0.09954164922237396,0.9990000128746033,0.9036999940872192
YPL015C,YOR096W,0,,0.09953173249959946,0.9990000128746033,0.9038000106811523
YER052C,YBL074C,0,,0.09952181577682495,0.9990000128746033,0.9039000272750854
YOL067C,YJR126C,0,,0.09951190650463104,0.9990000128746033,0.9039999842643738
YFL023W,YBR195C,0,,0.09950198978185654,0.9990000128746033,0.9041000008583069
YHR032W,YGR275W,0,,0.09949208050966263,0.9990000128746033,0.90420001745224
YER087W,YNL148C,0,,0.09948217123746872,0.9990000128746033,0.9042999744415283
YEL042W,YGL209W,0,,0.09947226941585541,0.9990000128746033,0.9043999910354614
YJL221C,YNL225C,0,,0.0994623675942421,0.9990000128746033,0.9045000076293945
YOR239W,YDR451C,0,,0.09945246577262878,0.9990000128746033,0.9046000242233276
YHR013C,YCR048W,0,,0.09944256395101547,0.9990000128746033,0.904699981212616
YKR080W,YHR002W,0,,0.09943266957998276,0.9990000128746033,0.9047999978065491
YCR017C,YDR387C,0,,0.09942276775836945,0.9990000128746033,0.9049000144004822
YOL057W,YCR073C,0,,0.09941287338733673,0.9990000128746033,0.9049999713897705
YIR036C,YHR183W,0,,0.09940298646688461,0.9990000128746033,0.9050999879837036
YOL145C,YBR026C,0,,0.0993930920958519,0.9990000128746033,0.9052000045776367
YKL154W,YNR073C,0,,0.09938320517539978,0.9990000128746033,0.9053000211715698
YDR180W,YNL274C,0,,0.09937331825494766,0.9990000128746033,0.9053999781608582
YDR186C,YEL063C,0,,0.09936343878507614,0.9990000128746033,0.9054999947547913
YFR032C-A,YHL001W,0,,0.09935355186462402,0.9990000128746033,0.9056000113487244
YDL069C,YPL031C,0,,0.0993436723947525,0.9990000128746033,0.9057000279426575
YGR281W,YMR070W,0,,0.09933380037546158,0.9990000128746033,0.9057999849319458
YOR322C,YNR049C,0,,0.09932392090559006,0.9990000128746033,0.9059000015258789
YGR154C,YDR196C,0,,0.09931404888629913,0.9990000128746033,0.906000018119812
YOL057W,YGL060W,0,,0.09930417686700821,0.9990000128746033,0.9060999751091003
YCL057C-A,YIR010W,0,,0.09929430484771729,0.9990000128746033,0.9061999917030334
YLR003C,YBL037W,0,,0.09928443282842636,0.9990000128746033,0.9063000082969666
YGL220W,YNR006W,0,,0.09927456825971603,0.9990000128746033,0.9064000248908997
YMR180C,YOL141W,0,,0.0992647036910057,0.9990000128746033,0.906499981880188
YKR022C,YJR139C,0,,0.09925484657287598,0.9990000128746033,0.9065999984741211
YDR093W,YBR302C,0,,0.09924498200416565,0.9990000128746033,0.9067000150680542
YDR347W,YGR106C,0,,0.09923512488603592,0.9990000128746033,0.9067999720573425
YBL101W-B,YEL026W,0,,0.09922526776790619,0.9990000128746033,0.9068999886512756
YGR106C,YKR025W,0,,0.09921541064977646,0.9990000128746033,0.9070000052452087
YKL038W,YER014C-A,0,,0.09920556098222733,0.9990000128746033,0.9071000218391418
YGR166W,YOL104C,0,,0.09919571131467819,0.9990000128746033,0.9071999788284302
YDR296W,YBR172C,0,,0.09918586164712906,0.9990000128746033,0.9072999954223633
YNL297C,YNL219C,0,,0.09917601197957993,0.9990000128746033,0.9074000120162964
YGL156W,YDR062W,0,,0.09916616976261139,0.9990000128746033,0.9075000286102295
YDR389W,YML010W,0,,0.09915632754564285,0.9990000128746033,0.9075999855995178
YKL059C,YDR026C,0,,0.09914648532867432,0.9990000128746033,0.9077000021934509
YCR017C,YHR065C,0,,0.09913665056228638,0.9990000128746033,0.907800018787384
YKL049C,YMR289W,0,,0.09912680834531784,0.9990000128746033,0.9078999757766724
YJR002W,YOR313C,0,,0.0991169735789299,0.9990000128746033,0.9079999923706055
YFL053W,YDL043C,0,,0.09910714626312256,0.9990000128746033,0.9081000089645386
YMR078C,YBR286W,0,,0.09909731149673462,0.9990000128746033,0.9082000255584717
YCR069W,YIL078W,0,,0.09908748418092728,0.9990000128746033,0.90829998254776
YGR274C,YGL009C,0,,0.09907765686511993,0.9990000128746033,0.9083999991416931
YDL002C,YJL052W,0,,0.09906782954931259,0.9990000128746033,0.9085000157356262
YDL079C,YER118C,0,,0.09905800968408585,0.9990000128746033,0.9085999727249146
YHR207C,YDL232W,0,,0.0990481823682785,0.9990000128746033,0.9086999893188477
YLL039C,YDR358W,0,,0.09903836250305176,0.9990000128746033,0.9088000059127808
YJL219W,YLR399C,0,,0.09902855008840561,0.9990000128746033,0.9089000225067139
YNL308C,YCR029C-A,0,,0.09901873022317886,0.9990000128746033,0.9089999794960022
YGL051W,YLR008C,0,,0.09900891780853271,0.9990000128746033,0.9090999960899353
YML058W-A,YDR218C,0,,0.09899910539388657,0.9990000128746033,0.9092000126838684
YBR036C,YMR297W,0,,0.09898930042982101,0.9990000128746033,0.9093000292778015
YIL126W,YDR006C,0,,0.09897948801517487,0.9990000128746033,0.9093999862670898
YMR272C,YDL232W,0,,0.09896968305110931,0.9990000128746033,0.909500002861023
YGL157W,YGR272C,0,,0.09895987808704376,0.9990000128746033,0.909600019454956
YNL217W,YOR348C,0,,0.09895008057355881,0.9990000128746033,0.9096999764442444
YCL032W,YDR299W,0,,0.09894027560949326,0.9990000128746033,0.9097999930381775
YHR160C,YBR155W,0,,0.0989304780960083,0.9990000128746033,0.9099000096321106
YOR347C,YNL298W,0,,0.09892068803310394,0.9990000128746033,0.9100000262260437
YHR039C-B,YIL159W,0,,0.09891089051961899,0.9990000128746033,0.910099983215332
YGL037C,YGR121C,0,,0.09890110045671463,0.9990000128746033,0.9101999998092651
YER131W,YMR070W,0,,0.09889131039381027,0.9990000128746033,0.9103000164031982
YCL050C,YOR020C,0,,0.09888152033090591,0.9990000128746033,0.9103999733924866
YOR378W,YML007W,0,,0.09887173026800156,0.9990000128746033,0.9104999899864197
YGL033W,YBL011W,0,,0.0988619476556778,0.9990000128746033,0.9106000065803528
YDR411C,YPR194C,0,,0.09885216504335403,0.9990000128746033,0.9107000231742859
YMR166C,YDR116C,0,,0.09884238988161087,0.9990000128746033,0.9107999801635742
YMR240C,YFR007W,0,,0.09883260726928711,0.9990000128746033,0.9108999967575073
YKL084W,YHR160C,0,,0.09882283210754395,0.9990000128746033,0.9110000133514404
YKL049C,YDL097C,0,,0.09881305694580078,0.9990000128746033,0.9110999703407288
YMR176W,YDL236W,0,,0.09880328178405762,0.9990000128746033,0.9111999869346619
YJR093C,YGL038C,0,,0.09879351407289505,0.9990000128746033,0.911300003528595
YOR297C,YKL157W,0,,0.09878374636173248,0.9990000128746033,0.9114000201225281
YDR030C,YIL172C,0,,0.09877397865056992,0.9990000128746033,0.9114999771118164
YNL280C,YJR010W,0,,0.09876421093940735,0.9990000128746033,0.9115999937057495
YLR238W,YFL041W,0,,0.09875445067882538,0.9990000128746033,0.9117000102996826
YOL093W,YCR020W-B,0,,0.09874469041824341,0.9990000128746033,0.9118000268936157
YMR087W,YJL005W,0,,0.09873493015766144,0.9990000128746033,0.911899983882904
YMR214W,YHR164C,0,,0.09872516989707947,0.9990000128746033,0.9120000004768372
YNR051C,YPL012W,0,,0.0987154170870781,0.9990000128746033,0.9121000170707703
YLR405W,YPL024W,0,,0.09870566427707672,0.9990000128746033,0.9121999740600586
YGL224C,YKL091C,0,,0.09869591146707535,0.9990000128746033,0.9122999906539917
YDR109C,YLR388W,0,,0.09868615865707397,0.9990000128746033,0.9124000072479248
YPL038W,YFR003C,0,,0.0986764132976532,0.9990000128746033,0.9125000238418579
YDR169C,YKR050W,0,,0.09866666793823242,0.9990000128746033,0.9125999808311462
YLR013W,YMR224C,0,,0.09865692257881165,0.9990000128746033,0.9126999974250793
YAL040C,YDR107C,0,,0.09864717721939087,0.9990000128746033,0.9128000140190125
YGL043W,YDR022C,0,,0.09863743931055069,0.9990000128746033,0.9128999710083008
YPR033C,YCR048W,0,,0.09862770140171051,0.9990000128746033,0.9129999876022339
YBR095C,YPL053C,0,,0.09861796349287033,0.9990000128746033,0.913100004196167
YOR332W,YLR176C,0,,0.09860823303461075,0.9990000128746033,0.9132000207901001
YIL021W,YJR083C,0,,0.09859850257635117,0.9990000128746033,0.9132999777793884
YBR009C,YBR215W,0,,0.09858877211809158,0.9990000128746033,0.9133999943733215
YGR157W,YNL212W,0,,0.098579041659832,0.9990000128746033,0.9135000109672546
YCR068W,YBR048W,0,,0.09856931120157242,0.9990000128746033,0.9136000275611877
YMR052W,YDL164C,0,,0.09855958819389343,0.9990000128746033,0.9136999845504761
YIL017C,YOR056C,0,,0.09854986518621445,0.9990000128746033,0.9138000011444092
YCR089W,YNL119W,0,,0.09854014962911606,0.9990000128746033,0.9139000177383423
YPR119W,YDL114W,0,,0.09853042662143707,0.9990000128746033,0.9139999747276306
YML114C,YCL055W,0,,0.09852071106433868,0.9990000128746033,0.9140999913215637
YLL003W,YEL041W,0,,0.0985109955072403,0.9990000128746033,0.9142000079154968
YML058W-A,YML037C,0,,0.0985012799501419,0.9990000128746033,0.9143000245094299
YGL084C,YDL217C,0,,0.09849157184362411,0.9990000128746033,0.9143999814987183
YLR213C,YGL163C,0,,0.09848186373710632,0.9990000128746033,0.9144999980926514
YHR070W,YGL225W,0,,0.09847215563058853,0.9990000128746033,0.9146000146865845
YOR003W,YNL252C,0,,0.09846244752407074,0.9990000128746033,0.9146999716758728
YER050C,YLR274W,0,,0.09845274686813354,0.9990000128746033,0.9147999882698059
YCR060W,YGR038C-A,0,,0.09844304621219635,0.9990000128746033,0.914900004863739
YLL028W,YJL176C,0,,0.09843334555625916,0.9990000128746033,0.9150000214576721
YMR302C,YER138C,0,,0.09842364490032196,0.9990000128746033,0.9150999784469604
YPL045W,YML064C,0,,0.09841395169496536,0.9990000128746033,0.9151999950408936
YML038C,YML058W,0,,0.09840425848960876,0.9990000128746033,0.9153000116348267
YDR456W,YDR432W,0,,0.09839456528425217,0.9990000128746033,0.9154000282287598
YBR289W,YLR344W,0,,0.09838487207889557,0.9990000128746033,0.9154999852180481
YDL005C,YPR168W,0,,0.09837518632411957,0.9990000128746033,0.9156000018119812
YLR265C,YDL029W,0,,0.09836550056934357,0.9990000128746033,0.9157000184059143
YCL025C,YGR240C,0,,0.09835581481456757,0.9990000128746033,0.9157999753952026
YOR293W,YAL024C,0,,0.09834612905979156,0.9990000128746033,0.9158999919891357
YOR036W,YAL029C,0,,0.09833645075559616,0.9990000128746033,0.9160000085830688
YNL325C,YEL053C,0,,0.09832677245140076,0.9990000128746033,0.916100025177002
YOR224C,YGR088W,0,,0.09831709414720535,0.9990000128746033,0.9161999821662903
YDL190C,YBR198C,0,,0.09830742329359055,0.9990000128746033,0.9162999987602234
YPL087W,YLL028W,0,,0.09829774498939514,0.9990000128746033,0.9164000153541565
YOR142W,YIL050W,0,,0.09828807413578033,0.9990000128746033,0.9164999723434448
YER175C,YDL022W,0,,0.09827840328216553,0.9990000128746033,0.9165999889373779
YPL068C,YPR047W,0,,0.09826873987913132,0.9990000128746033,0.916700005531311
YPR049C,YKL182W,0,,0.0982590764760971,0.9990000128746033,0.9168000221252441
YPL196W,YLR419W,0,,0.0982494130730629,0.9990000128746033,0.9168999791145325
YOR298C-A,YPR005C,0,,0.09823974967002869,0.9990000128746033,0.9169999957084656
YOR100C,YOL158C,0,,0.09823008626699448,0.9990000128746033,0.9171000123023987
YAL025C,YHR143W-A,0,,0.09822043031454086,0.9990000128746033,0.9172000288963318
YGL084C,YDR351W,0,,0.09821077436208725,0.9990000128746033,0.9172999858856201
YNL301C,YDL055C,0,,0.09820111840963364,0.9990000128746033,0.9174000024795532
YNR018W,YFL034C-A,0,,0.09819146990776062,0.9990000128746033,0.9175000190734863
YGR272C,YER029C,0,,0.0981818214058876,0.9990000128746033,0.9175999760627747
YNL308C,YML049C,0,,0.09817217290401459,0.9990000128746033,0.9176999926567078
YDR331W,YOR214C,0,,0.09816252440214157,0.9990000128746033,0.9178000092506409
YGR135W,YLR386W,0,,0.09815287590026855,0.9990000128746033,0.917900025844574
YDR405W,YKL008C,0,,0.09814323484897614,0.9990000128746033,0.9179999828338623
YGR214W,YOL147C,0,,0.09813359379768372,0.9990000128746033,0.9180999994277954
YAL040C,YBR087W,0,,0.0981239527463913,0.9990000128746033,0.9182000160217285
YOR142W-B,YHR057C,0,,0.09811431914567947,0.9990000128746033,0.9182999730110168
YIL112W,YPR022C,0,,0.09810468554496765,0.9990000128746033,0.91839998960495
YDL239C,YMR305C,0,,0.09809505194425583,0.9990000128746033,0.9185000061988831
YNL160W,YLR419W,0,,0.098085418343544,0.9990000128746033,0.9186000227928162
YOR174W,YPR041W,0,,0.09807579219341278,0.9990000128746033,0.9186999797821045
YLR446W,YML099C,0,,0.09806616604328156,0.9990000128746033,0.9187999963760376
YMR221C,YEL055C,0,,0.09805653989315033,0.9990000128746033,0.9189000129699707
YHR039C,YBR241C,0,,0.0980469137430191,0.9990000128746033,0.9190000295639038
YML091C,YOL077C,0,,0.09803729504346848,0.9990000128746033,0.9190999865531921
YGR262C,YHR044C,0,,0.09802766889333725,0.9990000128746033,0.9192000031471252
YCR102C,YBR299W,0,,0.09801805019378662,0.9990000128746033,0.9193000197410583
YOR329C,YJL033W,0,,0.09800843894481659,0.9990000128746033,0.9193999767303467
YIR007W,YJL062W,0,,0.09799882024526596,0.9990000128746033,0.9194999933242798
YBR092C,YFL044C,0,,0.09798920899629593,0.9990000128746033,0.9196000099182129
YIL072W,YOR202W,0,,0.0979795977473259,0.9990000128746033,0.919700026512146
YLR151C,YFL038C,0,,0.09796999394893646,0.9990000128746033,0.9197999835014343
YNL224C,YPL186C,0,,0.09796038269996643,0.9990000128746033,0.9199000000953674
YCL026C-A,YDR373W,0,,0.097950778901577,0.9990000128746033,0.9200000166893005
YBR237W,YLR391W-A,0,,0.09794117510318756,0.9990000128746033,0.9200999736785889
YKL144C,YML043C,0,,0.09793157875537872,0.9990000128746033,0.920199990272522
YLR163C,YOR077W,0,,0.09792197495698929,0.9990000128746033,0.9203000068664551
YMR309C,YFR019W,0,,0.09791237860918045,0.9990000128746033,0.9204000234603882
YMR037C,YPL123C,0,,0.09790278226137161,0.9990000128746033,0.9204999804496765
YFR041C,YLR372W,0,,0.09789318591356277,0.9990000128746033,0.9205999970436096
YHR181W,YKR024C,0,,0.09788359701633453,0.9990000128746033,0.9207000136375427
YFL041W,YGR194C,0,,0.09787400811910629,0.9990000128746033,0.920799970626831
YGL079W,YPL027W,0,,0.09786441922187805,0.9990000128746033,0.9208999872207642
YDR363W-A,YEL030W,0,,0.09785483032464981,0.9990000128746033,0.9210000038146973
YOR311C,YPR054W,0,,0.09784524887800217,0.9990000128746033,0.9211000204086304
YCR017C,YMR104C,0,,0.09783566743135452,0.9990000128746033,0.9211999773979187
YAL043C,YDR368W,0,,0.09782608598470688,0.9990000128746033,0.9212999939918518
YIL020C,YKL124W,0,,0.09781651198863983,0.9990000128746033,0.9214000105857849
YML131W,YJR101W,0,,0.09780693054199219,0.9990000128746033,0.921500027179718
YER088C,YGR209C,0,,0.09779735654592514,0.9990000128746033,0.9215999841690063
YIR034C,YML036W,0,,0.0977877825498581,0.9990000128746033,0.9217000007629395
YOR074C,YOR270C,0,,0.09777821600437164,0.9990000128746033,0.9218000173568726
YKL209C,YIL172C,0,,0.0977686420083046,0.9990000128746033,0.9218999743461609
YHL018W,YMR231W,0,,0.09775907546281815,0.9990000128746033,0.921999990940094
YDR210W-D,YML106W,0,,0.0977495089173317,0.9990000128746033,0.9221000075340271
YBR204C,YOR038C,0,,0.09773994982242584,0.9990000128746033,0.9222000241279602
YOR162C,YJL062W,0,,0.09773038327693939,0.9990000128746033,0.9222999811172485
YOR124C,YPR149W,0,,0.09772082418203354,0.9990000128746033,0.9223999977111816
YOR130C,YHL016C,0,,0.09771126508712769,0.9990000128746033,0.9225000143051147
YLR206W,YJL063C,0,,0.09770171344280243,0.9990000128746033,0.9225999712944031
YGR009C,YBL037W,0,,0.09769215434789658,0.9990000128746033,0.9226999878883362
YNR039C,YOL052C,0,,0.09768260270357132,0.9990000128746033,0.9228000044822693
YHR211W,YNL021W,0,,0.09767305105924606,0.9990000128746033,0.9229000210762024
YLR172C,YAL055W,0,,0.0976635068655014,0.9990000128746033,0.9229999780654907
YHR187W,YBR052C,0,,0.09765395522117615,0.9990000128746033,0.9230999946594238
YMR304W,YKR104W,0,,0.09764441102743149,0.9990000128746033,0.9232000112533569
YKL200C,YDR208W,0,,0.09763487428426743,0.9990000128746033,0.92330002784729
YLR033W,YOR127W,0,,0.09762533009052277,0.9990000128746033,0.9233999848365784
YGR284C,YEL063C,0,,0.0976157933473587,0.9990000128746033,0.9235000014305115
YGR166W,YJL129C,0,,0.09760625660419464,0.9990000128746033,0.9236000180244446
YFL053W,YJR133W,0,,0.09759671986103058,0.9990000128746033,0.9236999750137329
YPL053C,YOR285W,0,,0.09758718311786652,0.9990000128746033,0.923799991607666
YDR394W,YGL112C,0,,0.09757765382528305,0.9990000128746033,0.9239000082015991
YBR033W,YLR164W,0,,0.09756812453269958,0.9990000128746033,0.9240000247955322
YGL162W,YKL182W,0,,0.09755859524011612,0.9990000128746033,0.9240999817848206
YCL060C,YDR262W,0,,0.09754906594753265,0.9990000128746033,0.9241999983787537
YNL162W,YOL165C,0,,0.09753954410552979,0.9990000128746033,0.9243000149726868
YGR121C,YOR346W,0,,0.09753002226352692,0.9990000128746033,0.9243999719619751
YOR393W,YML097C,0,,0.09752050042152405,0.9990000128746033,0.9244999885559082
YJR013W,YER174C,0,,0.09751097857952118,0.9990000128746033,0.9246000051498413
YGL212W,YER048C,0,,0.09750146418809891,0.9990000128746033,0.9247000217437744
YJL219W,YPL265W,0,,0.09749194979667664,0.9990000128746033,0.9247999787330627
YKR022C,YNL304W,0,,0.09748243540525436,0.9990000128746033,0.9248999953269958
YBR021W,YPL274W,0,,0.09747292101383209,0.9990000128746033,0.925000011920929
YOR144C,YGR284C,0,,0.09746341407299042,0.9990000128746033,0.9251000285148621
YCR020C,YDR071C,0,,0.09745390713214874,0.9990000128746033,0.9251999855041504
YER160C,YBR167C,0,,0.09744440019130707,0.9990000128746033,0.9253000020980835
YKL101W,YJR135W-A,0,,0.09743490070104599,0.9990000128746033,0.9254000186920166
YNL274C,YHL004W,0,,0.09742539376020432,0.9990000128746033,0.9254999756813049
YGL130W,YEL029C,0,,0.09741589426994324,0.9990000128746033,0.925599992275238
YDR261C-D,YNL289W,0,,0.09740639477968216,0.9990000128746033,0.9257000088691711
YDR421W,YJR088C,0,,0.09739690274000168,0.9990000128746033,0.9258000254631042
YDL194W,YDR141C,0,,0.0973874032497406,0.9990000128746033,0.9258999824523926
YGR246C,YMR240C,0,,0.09737791121006012,0.9990000128746033,0.9259999990463257
YPL196W,YBR019C,0,,0.09736841917037964,0.9990000128746033,0.9261000156402588
YNL182C,YER138C,0,,0.09735893458127975,0.9990000128746033,0.9261999726295471
YNL222W,YMR122W-A,0,,0.09734944254159927,0.9990000128746033,0.9262999892234802
YCR017C,YER111C,0,,0.09733995795249939,0.9990000128746033,0.9264000058174133
YOR175C,YNR039C,0,,0.0973304733633995,0.9990000128746033,0.9265000224113464
YNL008C,YMR312W,0,,0.09732099622488022,0.9990000128746033,0.9265999794006348
YOL039W,YKR002W,0,,0.09731151163578033,0.9990000128746033,0.9266999959945679
YDR456W,YOR071C,0,,0.09730203449726105,0.9990000128746033,0.926800012588501
YGR238C,YMR093W,0,,0.09729255735874176,0.9990000128746033,0.9269000291824341
YNL275W,YML080W,0,,0.09728308767080307,0.9990000128746033,0.9269999861717224
YNL069C,YDL181W,0,,0.09727361053228378,0.9990000128746033,0.9271000027656555
YML007W,YOL128C,0,,0.09726414084434509,0.9990000128746033,0.9272000193595886
YBL040C,YML093W,0,,0.0972546711564064,0.9990000128746033,0.927299976348877
YBR177C,YFR033C,0,,0.09724520891904831,0.9990000128746033,0.9273999929428101
YKL203C,YLR449W,0,,0.09723573923110962,0.9990000128746033,0.9275000095367432
YMR071C,YEL002C,0,,0.09722627699375153,0.9990000128746033,0.9276000261306763
YMR182C,YBR073W,0,,0.09721681475639343,0.9990000128746033,0.9276999831199646
YGR252W,YKR101W,0,,0.09720735251903534,0.9990000128746033,0.9277999997138977
YBR133C,YPL160W,0,,0.09719789773225784,0.9990000128746033,0.9279000163078308
YLR221C,YOR336W,0,,0.09718844294548035,0.9990000128746033,0.9279999732971191
YJL122W,YOR142W-A,0,,0.09717898815870285,0.9990000128746033,0.9280999898910522
YBL030C,YHR060W,0,,0.09716953337192535,0.9990000128746033,0.9282000064849854
YMR077C,YKL107W,0,,0.09716008603572845,0.9990000128746033,0.9283000230789185
YJR158W,YER045C,0,,0.09715063869953156,0.9990000128746033,0.9283999800682068
YDR291W,YHR047C,0,,0.09714119136333466,0.9990000128746033,0.9284999966621399
YLR391W,YGR172C,0,,0.09713174402713776,0.9990000128746033,0.928600013256073
YPL187W,YML012W,0,,0.09712230414152145,0.9990000128746033,0.9286999702453613
YMR038C,YNL321W,0,,0.09711286425590515,0.9990000128746033,0.9287999868392944
YML087C,YCR098C,0,,0.09710342437028885,0.9990000128746033,0.9289000034332275
YCR068W,YDR264C,0,,0.09709398448467255,0.9990000128746033,0.9290000200271606
YIR034C,YOR279C,0,,0.09708454459905624,0.9990000128746033,0.929099977016449
YOR028C,YOL146W,0,,0.09707511216402054,0.9990000128746033,0.9291999936103821
YML091C,YMR189W,0,,0.09706567972898483,0.9990000128746033,0.9293000102043152
YCL038C,YER055C,0,,0.09705625474452972,0.9990000128746033,0.9294000267982483
YDL130W-A,YDR342C,0,,0.09704682230949402,0.9990000128746033,0.9294999837875366
YLR337W,YGL224C,0,,0.09703739732503891,0.9990000128746033,0.9296000003814697
YDL246C,YOL003C,0,,0.0970279723405838,0.9990000128746033,0.9297000169754028
YNL291C,YAR031W,0,,0.09701854735612869,0.9990000128746033,0.9297999739646912
YLL023C,YJL020C,0,,0.09700912982225418,0.9990000128746033,0.9298999905586243
YLR305C,YML131W,0,,0.09699971228837967,0.9990000128746033,0.9300000071525574
YLR359W,YDR104C,0,,0.09699029475450516,0.9990000128746033,0.9301000237464905
YER117W,YGR058W,0,,0.09698087722063065,0.9990000128746033,0.9301999807357788
YPL170W,YER096W,0,,0.09697145968675613,0.9990000128746033,0.9302999973297119
YDR283C,YPL283C,0,,0.09696204960346222,0.9990000128746033,0.930400013923645
YER137C-A,YOR312C,0,,0.0969526395201683,0.9990000128746033,0.9304999709129333
YBR008C,YJR144W,0,,0.09694322943687439,0.9990000128746033,0.9305999875068665
YGR155W,YBL018C,0,,0.09693382680416107,0.9990000128746033,0.9307000041007996
YMR300C,YNL052W,0,,0.09692441672086716,0.9990000128746033,0.9308000206947327
YNL009W,YHR057C,0,,0.09691501408815384,0.9990000128746033,0.930899977684021
YGR029W,YKL078W,0,,0.09690561890602112,0.9990000128746033,0.9309999942779541
YGL090W,YFR052W,0,,0.0968962162733078,0.9990000128746033,0.9311000108718872
YDR296W,YKL158W,0,,0.09688682109117508,0.9990000128746033,0.9312000274658203
YDL222C,YPR190C,0,,0.09687742590904236,0.9990000128746033,0.9312999844551086
YLR431C,YOR190W,0,,0.09686803072690964,0.9990000128746033,0.9314000010490417
YIL177C,YBR251W,0,,0.09685863554477692,0.9990000128746033,0.9315000176429749
YMR086W,YDR036C,0,,0.09684924781322479,0.9990000128746033,0.9315999746322632
YOR153W,YPL085W,0,,0.09683986008167267,0.9990000128746033,0.9316999912261963
YKL073W,YNL331C,0,,0.09683047235012054,0.9990000128746033,0.9318000078201294
YPR004C,YLR419W,0,,0.09682109206914902,0.9990000128746033,0.9319000244140625
YER039C,YDL153C,0,,0.0968117043375969,0.9990000128746033,0.9319999814033508
YLR242C,YER126C,0,,0.09680232405662537,0.9990000128746033,0.9320999979972839
YMR194W,YGR218W,0,,0.09679294377565384,0.9990000128746033,0.932200014591217
YPL065W,YDR267C,0,,0.09678357094526291,0.9990000128746033,0.9322999715805054
YML111W,YDR012W,0,,0.09677419066429138,0.9990000128746033,0.9323999881744385
YLR213C,YIL133C,0,,0.09676481783390045,0.9990000128746033,0.9325000047683716
YGR278W,YJR047C,0,,0.09675544500350952,0.9990000128746033,0.9326000213623047
YJR090C,YMR251W-A,0,,0.09674607962369919,0.9990000128746033,0.932699978351593
YMR104C,YGR156W,0,,0.09673670679330826,0.9990000128746033,0.9327999949455261
YBR170C,YPR094W,0,,0.09672734141349792,0.9990000128746033,0.9329000115394592
YNL267W,YDR527W,0,,0.09671797603368759,0.9990000128746033,0.9330000281333923
YLR172C,YKL078W,0,,0.09670861810445786,0.9990000128746033,0.9330999851226807
YGR087C,YFR015C,0,,0.09669925272464752,0.9990000128746033,0.9332000017166138
YPL003W,YJR095W,0,,0.09668989479541779,0.9990000128746033,0.9333000183105469
YMR083W,YJL034W,0,,0.09668053686618805,0.9990000128746033,0.9333999752998352
YGL212W,YCR012W,0,,0.09667117893695831,0.9990000128746033,0.9334999918937683
YIL145C,YIR012W,0,,0.09666182845830917,0.9990000128746033,0.9336000084877014
YMR308C,YPR104C,0,,0.09665247797966003,0.9990000128746033,0.9337000250816345
YCL010C,YFR015C,0,,0.0966431275010109,0.9990000128746033,0.9337999820709229
YDR346C,YLR064W,0,,0.09663377702236176,0.9990000128746033,0.933899998664856
YML129C,YPL259C,0,,0.09662443399429321,0.9990000128746033,0.9340000152587891
YLR120C,YIL097W,0,,0.09661508351564407,0.9990000128746033,0.9340999722480774
YOL003C,YPR187W,0,,0.09660574048757553,0.9990000128746033,0.9341999888420105
YFL055W,YDR171W,0,,0.09659640491008759,0.9990000128746033,0.9343000054359436
YOL008W,YDR387C,0,,0.09658706188201904,0.9990000128746033,0.9344000220298767
YMR307W,YJL036W,0,,0.0965777263045311,0.9990000128746033,0.934499979019165
YGL030W,YLL041C,0,,0.09656839072704315,0.9990000128746033,0.9345999956130981
YJR152W,YBR214W,0,,0.0965590551495552,0.9990000128746033,0.9347000122070312
YLR427W,YGR275W,0,,0.09654972702264786,0.9990000128746033,0.9348000288009644
YKR019C,YNR003C,0,,0.09654039144515991,0.9990000128746033,0.9348999857902527
YDR530C,YPL007C,0,,0.09653106331825256,0.9990000128746033,0.9350000023841858
YNL127W,YCL059C,0,,0.09652174264192581,0.9990000128746033,0.9351000189781189
YKL018W,YDL122W,0,,0.09651241451501846,0.9990000128746033,0.9351999759674072
YLR154C,YGR084C,0,,0.09650309383869171,0.9990000128746033,0.9352999925613403
YGL210W-A,YFL039C,0,,0.09649377316236496,0.9990000128746033,0.9354000091552734
YER088C,YDR074W,0,,0.09648445248603821,0.9990000128746033,0.9355000257492065
YLR237W,YDR285W,0,,0.09647513180971146,0.9990000128746033,0.9355999827384949
YOR214C,YER125W,0,,0.0964658185839653,0.9990000128746033,0.935699999332428
YBR120C,YBL019W,0,,0.09645650535821915,0.9990000128746033,0.9358000159263611
YPL266W,YMR065W,0,,0.09644719213247299,0.9990000128746033,0.9358999729156494
YKL166C,YLR224W,0,,0.09643787890672684,0.9990000128746033,0.9359999895095825
YBR289W,YNL139C,0,,0.09642857313156128,0.9990000128746033,0.9361000061035156
YOR347C,YJL176C,0,,0.09641926735639572,0.9990000128746033,0.9362000226974487
YBR274W,YPL223C,0,,0.09640996158123016,0.9990000128746033,0.9362999796867371
YLR291C,YBL006C,0,,0.0964006558060646,0.9990000128746033,0.9363999962806702
YLL002W,YDL185W,0,,0.09639135748147964,0.9990000128746033,0.9365000128746033
YLR008C,YOL146W,0,,0.09638205170631409,0.9990000128746033,0.9366000294685364
YNL091W,YJL052W,0,,0.09637275338172913,0.9990000128746033,0.9366999864578247
YGR048W,YPL170W,0,,0.09636346250772476,0.9990000128746033,0.9368000030517578
YIL074C,YNL044W,0,,0.0963541641831398,0.9990000128746033,0.9369000196456909
YML125C,YBR198C,0,,0.09634487330913544,0.9990000128746033,0.9369999766349792
YDR499W,YCR097W,0,,0.09633558243513107,0.9990000128746033,0.9370999932289124
YPL038W,YLR029C,0,,0.09632629156112671,0.9990000128746033,0.9372000098228455
YDR483W,YNL175C,0,,0.09631700813770294,0.9990000128746033,0.9373000264167786
YGR109W-B,YNL206C,0,,0.09630772471427917,0.9990000128746033,0.9373999834060669
YHR039C-B,YKL027W,0,,0.09629844129085541,0.9990000128746033,0.9375
YKR022C,YDR177W,0,,0.09628915786743164,0.9990000128746033,0.9376000165939331
YJL204C,YOR301W,0,,0.09627987444400787,0.9990000128746033,0.9376999735832214
YLR166C,YBL093C,0,,0.0962705984711647,0.9990000128746033,0.9377999901771545
YDR016C,YPL134C,0,,0.09626132249832153,0.9990000128746033,0.9379000067710876
YNL258C,YDR494W,0,,0.09625204652547836,0.9990000128746033,0.9380000233650208
YHL033C,YDR368W,0,,0.09624277800321579,0.9990000128746033,0.9380999803543091
YLR002C,YDR520C,0,,0.09623350203037262,0.9990000128746033,0.9381999969482422
YGR124W,YDR304C,0,,0.09622423350811005,0.9990000128746033,0.9383000135421753
YHR172W,YDR518W,0,,0.09621496498584747,0.9990000128746033,0.9383999705314636
YGR162W,YHR027C,0,,0.0962057039141655,0.9990000128746033,0.9384999871253967
YBR296C,YOL038W,0,,0.09619643539190292,0.9990000128746033,0.9386000037193298
YEL020C,YHR043C,0,,0.09618717432022095,0.9990000128746033,0.9387000203132629
YGR081C,YOL165C,0,,0.09617791324853897,0.9990000128746033,0.9387999773025513
YGL022W,YOR122C,0,,0.09616865962743759,0.9990000128746033,0.9388999938964844
YDR138W,YHR104W,0,,0.09615939855575562,0.9990000128746033,0.9390000104904175
YHL018W,YOL105C,0,,0.09615014493465424,0.9990000128746033,0.9391000270843506
YPL009C,YNL024C-A,0,,0.09614089131355286,0.9990000128746033,0.9391999840736389
YML049C,YBL046W,0,,0.09613163769245148,0.9990000128746033,0.939300000667572
YJL190C,YDL204W,0,,0.0961223915219307,0.9990000128746033,0.9394000172615051
YGL017W,YDR086C,0,,0.09611314535140991,0.9990000128746033,0.9394999742507935
YOR083W,YMR291W,0,,0.09610389918088913,0.9990000128746033,0.9395999908447266
YBR154C,YDR446W,0,,0.09609465301036835,0.9990000128746033,0.9397000074386597
YDL064W,YGR229C,0,,0.09608540683984756,0.9990000128746033,0.9398000240325928
YNL208W,YCR060W,0,,0.09607616811990738,0.9990000128746033,0.9398999810218811
YPL028W,YPL195W,0,,0.0960669293999672,0.9990000128746033,0.9399999976158142
YPL208W,YDR530C,0,,0.09605769068002701,0.9990000128746033,0.9401000142097473
YNL127W,YDR530C,0,,0.09604845941066742,0.9990000128746033,0.9401999711990356
YDR363W,YNR006W,0,,0.09603922069072723,0.9990000128746033,0.9402999877929688
YDR523C,YPR102C,0,,0.09602998942136765,0.9990000128746033,0.9404000043869019
YPL038W,YMR198W,0,,0.09602075815200806,0.9990000128746033,0.940500020980835
YGR027W-B,YDL156W,0,,0.09601153433322906,0.9990000128746033,0.9405999779701233
YGR001C,YGR144W,0,,0.09600230306386948,0.9990000128746033,0.9406999945640564
YOR216C,YAL061W,0,,0.09599307924509048,0.9990000128746033,0.9408000111579895
YJL164C,YKL127W,0,,0.09598385542631149,0.9990000128746033,0.9409000277519226
YGR240C,YCL055W,0,,0.0959746390581131,0.9990000128746033,0.9409999847412109
YPR032W,YDR247W,0,,0.0959654152393341,0.9990000128746033,0.941100001335144
YBR012W-A,YER011W,0,,0.09595619887113571,0.9990000128746033,0.9412000179290771
YMR162C,YJL130C,0,,0.09594698250293732,0.9990000128746033,0.9412999749183655
YPR145W,YKL025C,0,,0.09593777358531952,0.9990000128746033,0.9413999915122986
YOL093W,YDR358W,0,,0.09592855721712112,0.9990000128746033,0.9415000081062317
YOR216C,YPR070W,0,,0.09591934829950333,0.9990000128746033,0.9416000247001648
YGL161C,YPL213W,0,,0.09591013938188553,0.9990000128746033,0.9416999816894531
YPR032W,YFL016C,0,,0.09590093046426773,0.9990000128746033,0.9417999982833862
YDL052C,YMR312W,0,,0.09589172899723053,0.9990000128746033,0.9419000148773193
YBL102W,YDL097C,0,,0.09588252007961273,0.9990000128746033,0.9419999718666077
YLR106C,YOR211C,0,,0.09587331861257553,0.9990000128746033,0.9420999884605408
YNL128W,YFL047W,0,,0.09586411714553833,0.9990000128746033,0.9422000050544739
YGL003C,YDR046C,0,,0.09585492312908173,0.9990000128746033,0.942300021648407
YCL069W,YDL185W,0,,0.09584572911262512,0.9990000128746033,0.9423999786376953
YLR447C,YGR084C,0,,0.09583652764558792,0.9990000128746033,0.9424999952316284
YNR073C,YIL138C,0,,0.09582734107971191,0.9990000128746033,0.9426000118255615
YML007W,YOR301W,0,,0.09581814706325531,0.9990000128746033,0.9427000284194946
YMR271C,YER174C,0,,0.0958089604973793,0.9990000128746033,0.942799985408783
YPL099C,YKR010C,0,,0.0957997664809227,0.9990000128746033,0.9429000020027161
YLR214W,YLR342W,0,,0.09579058736562729,0.9990000128746033,0.9430000185966492
YLR116W,YMR303C,0,,0.09578140079975128,0.9990000128746033,0.9430999755859375
YNL136W,YPR025C,0,,0.09577221423387527,0.9990000128746033,0.9431999921798706
YDL168W,YPR004C,0,,0.09576303511857986,0.9990000128746033,0.9433000087738037
YOR142W,YBR040W,0,,0.09575385600328445,0.9990000128746033,0.9434000253677368
YOR171C,YNL134C,0,,0.09574468433856964,0.9990000128746033,0.9434999823570251
YOL058W,YAL009W,0,,0.09573550522327423,0.9990000128746033,0.9435999989509583
YDL212W,YOR066W,0,,0.09572633355855942,0.9990000128746033,0.9437000155448914
YGL003C,YKL156W,0,,0.0957171618938446,0.9990000128746033,0.9437999725341797
YDR018C,YPR052C,0,,0.09570799022912979,0.9990000128746033,0.9438999891281128
YLR035C-A,YJR103W,0,,0.09569881856441498,0.9990000128746033,0.9440000057220459
YBR275C,YOL090W,0,,0.09568965435028076,0.9990000128746033,0.944100022315979
YKR057W,YGR271W,0,,0.09568049013614655,0.9990000128746033,0.9441999793052673
YHR143W,YEL062W,0,,0.09567132592201233,0.9990000128746033,0.9442999958992004
YGL170C,YIL016W,0,,0.09566216915845871,0.9990000128746033,0.9444000124931335
YMR039C,YDR534C,0,,0.0956530049443245,0.9990000128746033,0.9445000290870667
YOR033C,YDL130W-A,0,,0.09564384818077087,0.9990000128746033,0.944599986076355
YAR007C,YKR099C-A,0,,0.09563469141721725,0.9990000128746033,0.9447000026702881
YMR047C,YBR030W,0,,0.09562554210424423,0.9990000128746033,0.9448000192642212
YOR073W,YGL169W,0,,0.09561638534069061,0.9990000128746033,0.9448999762535095
YDL064W,YIL128W,0,,0.09560723602771759,0.9990000128746033,0.9449999928474426
YDR365W-B,YGR109C,0,,0.09559808671474457,0.9990000128746033,0.9451000094413757
YHR105W,YGL184C,0,,0.09558893740177155,0.9990000128746033,0.9452000260353088
YDL043C,YOR343C-B,0,,0.09557979553937912,0.9990000128746033,0.9452999830245972
YHR123W,YDR184C,0,,0.0955706462264061,0.9990000128746033,0.9453999996185303
YER153C,YDR003W,0,,0.09556150436401367,0.9990000128746033,0.9455000162124634
YLR301W,YCR087C-A,0,,0.09555236995220184,0.9990000128746033,0.9455999732017517
YDL222C,YOL075C,0,,0.09554322808980942,0.9990000128746033,0.9456999897956848
YDL171C,YCR053W,0,,0.09553409367799759,0.9990000128746033,0.9458000063896179
YAL013W,YNL197C,0,,0.09552495926618576,0.9990000128746033,0.945900022983551
YPR185W,YML042W,0,,0.09551582485437393,0.9990000128746033,0.9459999799728394
YCL048W-A,YOR221C,0,,0.0955066904425621,0.9990000128746033,0.9460999965667725
YIR003W,YDL198C,0,,0.09549756348133087,0.9990000128746033,0.9462000131607056
YMR257C,YIL150C,0,,0.09548843652009964,0.9990000128746033,0.9463000297546387
YDR346C,YOR336W,0,,0.09547930955886841,0.9990000128746033,0.946399986743927
YKR092C,YBL101W-A,0,,0.09547018259763718,0.9990000128746033,0.9465000033378601
YBR103W,YHL016C,0,,0.09546106308698654,0.9990000128746033,0.9466000199317932
YGL229C,YBL029C-A,0,,0.09545193612575531,0.9990000128746033,0.9466999769210815
YJR145C,YFL044C,0,,0.09544281661510468,0.9990000128746033,0.9467999935150146
YGR167W,YOR088W,0,,0.09543370455503464,0.9990000128746033,0.9469000101089478
YBR260C,YPL276W,0,,0.095424585044384,0.9990000128746033,0.9470000267028809
YHR083W,YLR233C,0,,0.09541547298431396,0.9990000128746033,0.9470999836921692
YDR376W,YPL283C,0,,0.09540636092424393,0.9990000128746033,0.9472000002861023
YBR058C,YMR244C-A,0,,0.09539724886417389,0.9990000128746033,0.9473000168800354
YLR010C,YOR304C-A,0,,0.09538814425468445,0.9990000128746033,0.9473999738693237
YOR192C-B,YLL050C,0,,0.09537903219461441,0.9990000128746033,0.9474999904632568
YER061C,YGR200C,0,,0.09536992758512497,0.9990000128746033,0.9476000070571899
YOR202W,YDR432W,0,,0.09536082297563553,0.9990000128746033,0.947700023651123
YHR027C,YJL020C,0,,0.09535172581672668,0.9990000128746033,0.9477999806404114
YHR026W,YBR002C,0,,0.09534262120723724,0.9990000128746033,0.9478999972343445
YPL119C,YBL052C,0,,0.0953335240483284,0.9990000128746033,0.9480000138282776
YDL206W,YIL085C,0,,0.09532442688941956,0.9990000128746033,0.9480999708175659
YDR503C,YPL111W,0,,0.09531532973051071,0.9990000128746033,0.948199987411499
YDL107W,YPL088W,0,,0.09530624002218246,0.9990000128746033,0.9483000040054321
YBR061C,YDR144C,0,,0.09529715031385422,0.9990000128746033,0.9484000205993652
YPL108W,YDR109C,0,,0.09528806060552597,0.9990000128746033,0.9484999775886536
YBL066C,YKL053C-A,0,,0.09527897089719772,0.9990000128746033,0.9485999941825867
YNL095C,YMR229C,0,,0.09526988118886948,0.9990000128746033,0.9487000107765198
YGL135W,YDR074W,0,,0.09526079893112183,0.9990000128746033,0.9488000273704529
YJL210W,YOR063W,0,,0.09525171667337418,0.9990000128746033,0.9488999843597412
YDL059C,YDL067C,0,,0.09524263441562653,0.9990000128746033,0.9490000009536743
YLR325C,YCR009C,0,,0.09523355215787888,0.9990000128746033,0.9491000175476074
YDR123C,YPR149W,0,,0.09522447735071182,0.9990000128746033,0.9491999745368958
YJR013W,YNL218W,0,,0.09521540254354477,0.9990000128746033,0.9492999911308289
YBR234C,YLR364W,0,,0.09520632773637772,0.9990000128746033,0.949400007724762
YML054C,YDR128W,0,,0.09519725292921066,0.9990000128746033,0.9495000243186951
YLR042C,YPL017C,0,,0.0951881855726242,0.9990000128746033,0.9495999813079834
YGL103W,YPR198W,0,,0.09517911821603775,0.9990000128746033,0.9496999979019165
YER137C,YGL237C,0,,0.0951700508594513,0.9990000128746033,0.9498000144958496
YDR084C,YDR440W,0,,0.09516098350286484,0.9990000128746033,0.9498999714851379
YDL021W,YHR143W,0,,0.09515191614627838,0.9990000128746033,0.949999988079071
YOR074C,YIL131C,0,,0.09514285624027252,0.9990000128746033,0.9501000046730042
YDR083W,YKR058W,0,,0.09513379633426666,0.9990000128746033,0.9502000212669373
YML058W,YDR530C,0,,0.0951247364282608,0.9990000128746033,0.9502999782562256
YMR043W,YDR054C,0,,0.09511568397283554,0.9990000128746033,0.9503999948501587
YML104C,YIL070C,0,,0.09510662406682968,0.9990000128746033,0.9505000114440918
YJR036C,YDR034C-D,0,,0.09509757161140442,0.9990000128746033,0.9506000280380249
YML060W,YEL040W,0,,0.09508851915597916,0.9990000128746033,0.9506999850273132
YMR214W,YML045W-A,0,,0.09507947415113449,0.9990000128746033,0.9508000016212463
YER151C,YPL003W,0,,0.09507042169570923,0.9990000128746033,0.9509000182151794
YOR306C,YNL281W,0,,0.09506137669086456,0.9990000128746033,0.9509999752044678
YGR089W,YGL208W,0,,0.0950523316860199,0.9990000128746033,0.9510999917984009
YKL041W,YKR013W,0,,0.09504328668117523,0.9990000128746033,0.951200008392334
YDR354W,YDL128W,0,,0.09503424912691116,0.9990000128746033,0.9513000249862671
YDL065C,YBL060W,0,,0.0950252041220665,0.9990000128746033,0.9513999819755554
YGR109C,YCL027W,0,,0.09501616656780243,0.9990000128746033,0.9514999985694885
YHR153C,YDR449C,0,,0.09500712901353836,0.9990000128746033,0.9516000151634216
YOR142W-B,YKR069W,0,,0.09499809890985489,0.9990000128746033,0.95169997215271
YLR391W,YOR007C,0,,0.09498906880617142,0.9990000128746033,0.9517999887466431
YLR105C,YMR315W,0,,0.09498003125190735,0.9990000128746033,0.9519000053405762
YGR257C,YDR320C-A,0,,0.09497100114822388,0.9990000128746033,0.9520000219345093
YLR109W,YGL099W,0,,0.094961978495121,0.9990000128746033,0.9520999789237976
YDL059C,YMR269W,0,,0.09495294839143753,0.9990000128746033,0.9521999955177307
YPL030W,YER048C,0,,0.09494392573833466,0.9990000128746033,0.9523000121116638
YNL284C-A,YMR087W,0,,0.09493490308523178,0.9990000128746033,0.9524000287055969
YJR032W,YEL047C,0,,0.0949258804321289,0.9990000128746033,0.9524999856948853
YOL090W,YBR203W,0,,0.09491686522960663,0.9990000128746033,0.9526000022888184
YER153C,YFR045W,0,,0.09490785002708435,0.9990000128746033,0.9527000188827515
YGR261C,YDR043C,0,,0.09489883482456207,0.9990000128746033,0.9527999758720398
YDR044W,YBL071W-A,0,,0.0948898196220398,0.9990000128746033,0.9528999924659729
YBR018C,YDR055W,0,,0.09488080441951752,0.9990000128746033,0.953000009059906
YDR186C,YPL186C,0,,0.09487179666757584,0.9990000128746033,0.9531000256538391
YNL115C,YGR035C,0,,0.09486278891563416,0.9990000128746033,0.9531999826431274
YGL095C,YLR226W,0,,0.09485378116369247,0.9990000128746033,0.9532999992370605
YMR019W,YIL085C,0,,0.0948447734117508,0.9990000128746033,0.9534000158309937
YKL190W,YBR129C,0,,0.09483577311038971,0.9990000128746033,0.953499972820282
YOL097C,YCR073C,0,,0.09482676535844803,0.9990000128746033,0.9535999894142151
YAL063C,YPR036W,0,,0.09481776505708694,0.9990000128746033,0.9537000060081482
YJL024C,YLL008W,0,,0.09480877220630646,0.9990000128746033,0.9538000226020813
YBR072W,YLR071C,0,,0.09479977190494537,0.9990000128746033,0.9538999795913696
YER137C-A,YBR067C,0,,0.09479077905416489,0.9990000128746033,0.9539999961853027
YHR143W,YLR048W,0,,0.0947817862033844,0.9990000128746033,0.9541000127792358
YLL003W,YBR067C,0,,0.09477279335260391,0.9990000128746033,0.954200029373169
YJL018W,YOL071W,0,,0.09476380050182343,0.9990000128746033,0.9542999863624573
YGR295C,YOL060C,0,,0.09475481510162354,0.9990000128746033,0.9544000029563904
YLR057W,YPL024W,0,,0.09474582970142365,0.9990000128746033,0.9545000195503235
YHR041C,YIL139C,0,,0.09473684430122375,0.9990000128746033,0.9545999765396118
YBR120C,YBL050W,0,,0.09472785890102386,0.9990000128746033,0.9546999931335449
YDR238C,YIR033W,0,,0.09471888095140457,0.9990000128746033,0.954800009727478
YCL060C,YPR047W,0,,0.09470989555120468,0.9990000128746033,0.9549000263214111
YKL059C,YNL095C,0,,0.09470091760158539,0.9990000128746033,0.9549999833106995
YPR036W,YGR026W,0,,0.0946919396519661,0.9990000128746033,0.9550999999046326
YKR103W,YLR237W,0,,0.0946829691529274,0.9990000128746033,0.9552000164985657
YIL072W,YDL010W,0,,0.0946739986538887,0.9990000128746033,0.955299973487854
YJL134W,YML030W,0,,0.09466502070426941,0.9990000128746033,0.9553999900817871
YDR341C,YOR354C,0,,0.09465605765581131,0.9990000128746033,0.9555000066757202
YDR202C,YCL045C,0,,0.09464708715677261,0.9990000128746033,0.9556000232696533
YJR152W,YLR237W,0,,0.09463812410831451,0.9990000128746033,0.9556999802589417
YJL219W,YOR150W,0,,0.09462915360927582,0.9990000128746033,0.9557999968528748
YAR007C,YJL062W-A,0,,0.09462019056081772,0.9990000128746033,0.9559000134468079
YMR211W,YNL189W,0,,0.09461123496294022,0.9990000128746033,0.9559999704360962
YHR207C,YDR473C,0,,0.09460227191448212,0.9990000128746033,0.9560999870300293
YPL051W,YKL163W,0,,0.09459331631660461,0.9990000128746033,0.9562000036239624
YGL121C,YMR019W,0,,0.09458436071872711,0.9990000128746033,0.9563000202178955
YDR103W,YJL187C,0,,0.09457540512084961,0.9990000128746033,0.9563999772071838
YDR450W,YPL283C,0,,0.0945664495229721,0.9990000128746033,0.9564999938011169
YLR289W,YBL039C,0,,0.0945575013756752,0.9990000128746033,0.95660001039505
YOR106W,YNL098C,0,,0.0945485532283783,0.9990000128746033,0.9567000269889832
YNL079C,YMR122W-A,0,,0.09453960508108139,0.9990000128746033,0.9567999839782715
YMR231W,YJL097W,0,,0.09453065693378448,0.9990000128746033,0.9569000005722046
YKL218C,YDR016C,0,,0.09452171623706818,0.9990000128746033,0.9570000171661377
YKR009C,YOR064C,0,,0.09451277554035187,0.9990000128746033,0.957099974155426
YML131W,YDL085W,0,,0.09450383484363556,0.9990000128746033,0.9571999907493591
YGL084C,YPL023C,0,,0.09449489414691925,0.9990000128746033,0.9573000073432922
YDR382W,YFL029C,0,,0.09448595345020294,0.9990000128746033,0.9574000239372253
YDL079C,YKL109W,0,,0.09447702020406723,0.9990000128746033,0.9574999809265137
YEL002C,YMR269W,0,,0.09446808695793152,0.9990000128746033,0.9575999975204468
YPL023C,YDR486C,0,,0.0944591537117958,0.9990000128746033,0.9577000141143799
YBR096W,YKR024C,0,,0.0944502204656601,0.9990000128746033,0.9577999711036682
YCL059C,YDR364C,0,,0.09444129467010498,0.9990000128746033,0.9578999876976013
YJR104C,YMR247C,0,,0.09443236887454987,0.9990000128746033,0.9580000042915344
YPL281C,YOR354C,0,,0.09442344307899475,0.9990000128746033,0.9581000208854675
YPL258C,YDR448W,0,,0.09441451728343964,0.9990000128746033,0.9581999778747559
YMR193W,YLR370C,0,,0.09440559148788452,0.9990000128746033,0.958299994468689
YOL016C,YGL153W,0,,0.09439667314291,0.9990000128746033,0.9584000110626221
YDR191W,YGL256W,0,,0.09438775479793549,0.9990000128746033,0.9585000276565552
YNL160W,YNL136W,0,,0.09437883645296097,0.9990000128746033,0.9585999846458435
YDR050C,YPL057C,0,,0.09436992555856705,0.9990000128746033,0.9587000012397766
YDL077C,YJL087C,0,,0.09436100721359253,0.9990000128746033,0.9588000178337097
YDR487C,YOR142W-B,0,,0.09435209631919861,0.9990000128746033,0.958899974822998
YDR461W,YPL274W,0,,0.09434318542480469,0.9990000128746033,0.9589999914169312
YCR028C,YBR201W,0,,0.09433427453041077,0.9990000128746033,0.9591000080108643
YDR337W,YLR110C,0,,0.09432537108659744,0.9990000128746033,0.9592000246047974
YLR403W,YOR147W,0,,0.09431646764278412,0.9990000128746033,0.9592999815940857
YMR257C,YBL006C,0,,0.0943075641989708,0.9990000128746033,0.9593999981880188
YAL017W,YEL021W,0,,0.09429866075515747,0.9990000128746033,0.9595000147819519
YJL072C,YPR191W,0,,0.09428975731134415,0.9990000128746033,0.9595999717712402
YLR035C,YGL010W,0,,0.09428086131811142,0.9990000128746033,0.9596999883651733
YGL216W,YBR298C,0,,0.09427196532487869,0.9990000128746033,0.9598000049591064
YAR014C,YMR106C,0,,0.09426306933164597,0.9990000128746033,0.9599000215530396
YGR289C,YDR248C,0,,0.09425417333841324,0.9990000128746033,0.9599999785423279
YOR192C-B,YAL008W,0,,0.09424528479576111,0.9990000128746033,0.960099995136261
YJR160C,YLL035W,0,,0.09423639625310898,0.9990000128746033,0.9602000117301941
YHR176W,YBL042C,0,,0.09422750771045685,0.9990000128746033,0.9603000283241272
YGR258C,YCL062W,0,,0.09421861916780472,0.9990000128746033,0.9603999853134155
YDL130W-A,YJL010C,0,,0.09420973062515259,0.9990000128746033,0.9605000019073486
YFL038C,YLR015W,0,,0.09420084953308105,0.9990000128746033,0.9606000185012817
YNL275W,YJL159W,0,,0.09419196844100952,0.9990000128746033,0.9606999754905701
YLR153C,YOL062C,0,,0.09418308734893799,0.9990000128746033,0.9607999920845032
YIL112W,YOL049W,0,,0.09417420625686646,0.9990000128746033,0.9609000086784363
YER150W,YPL005W,0,,0.09416533261537552,0.9990000128746033,0.9610000252723694
YDL078C,YMR231W,0,,0.09415645897388458,0.9990000128746033,0.9610999822616577
YBR280C,YHR107C,0,,0.09414758533239365,0.9990000128746033,0.9611999988555908
YMR162C,YMR204C,0,,0.09413871169090271,0.9990000128746033,0.9613000154495239
YEL022W,YOR067C,0,,0.09412983804941177,0.9990000128746033,0.9613999724388123
YJR143C,YLR207W,0,,0.09412097185850143,0.9990000128746033,0.9614999890327454
YHR214W-G,YNL093W,0,,0.0941121056675911,0.9990000128746033,0.9616000056266785
YJR028W,YDR018C,0,,0.09410323947668076,0.9990000128746033,0.9617000222206116
YEL052W,YEL012W,0,,0.09409437328577042,0.9990000128746033,0.9617999792098999
YAL041W,YDR285W,0,,0.09408551454544067,0.9990000128746033,0.961899995803833
YMR211W,YDL052C,0,,0.09407665580511093,0.9990000128746033,0.9620000123977661
YNL166C,YDR055W,0,,0.09406779706478119,0.9990000128746033,0.9621000289916992
YNL071W,YDL051W,0,,0.09405893832445145,0.9990000128746033,0.9621999859809875
YJL207C,YDL029W,0,,0.0940500870347023,0.9990000128746033,0.9623000025749207
YHR196W,YBR141C,0,,0.09404122829437256,0.9990000128746033,0.9624000191688538
YAL031C,YGL251C,0,,0.09403237700462341,0.9990000128746033,0.9624999761581421
YNR011C,YNL148C,0,,0.09402352571487427,0.9990000128746033,0.9625999927520752
YPL104W,YCR002C,0,,0.09401468187570572,0.9990000128746033,0.9627000093460083
YKL017C,YML074C,0,,0.09400583058595657,0.9990000128746033,0.9628000259399414
YAL041W,YKL004W,0,,0.09399698674678802,0.9990000128746033,0.9628999829292297
YOR073W,YBL055C,0,,0.09398814290761948,0.9990000128746033,0.9629999995231628
YDR425W,YIL122W,0,,0.09397930651903152,0.9990000128746033,0.963100016117096
YDR527W,YPR133W-A,0,,0.09397046267986298,0.9990000128746033,0.9631999731063843
YCR026C,YOL117W,0,,0.09396162629127502,0.9990000128746033,0.9632999897003174
YGL121C,YMR290C,0,,0.09395278990268707,0.9990000128746033,0.9634000062942505
YDL077C,YBR002C,0,,0.09394395351409912,0.9990000128746033,0.9635000228881836
YML065W,YJL081C,0,,0.09393511712551117,0.9990000128746033,0.9635999798774719
YGR179C,YDR032C,0,,0.09392628818750381,0.9990000128746033,0.963699996471405
YGR252W,YNL149C,0,,0.09391745924949646,0.9990000128746033,0.9638000130653381
YPR101W,YLR332W,0,,0.0939086303114891,0.9990000128746033,0.9639000296592712
YPR118W,YMR216C,0,,0.09389980137348175,0.9990000128746033,0.9639999866485596
YLR321C,YGL001C,0,,0.09389097988605499,0.9990000128746033,0.9641000032424927
YLR038C,YGL030W,0,,0.09388215094804764,0.9990000128746033,0.9642000198364258
YOR141C,YJL172W,0,,0.09387332946062088,0.9990000128746033,0.9642999768257141
YNL138W,YBR102C,0,,0.09386451542377472,0.9990000128746033,0.9643999934196472
YNL309W,YPR152C,0,,0.09385569393634796,0.9990000128746033,0.9645000100135803
YFL053W,YER145C,0,,0.0938468798995018,0.9990000128746033,0.9646000266075134
YLR306W,YCL074W,0,,0.09383805841207504,0.9990000128746033,0.9646999835968018
YGR271W,YIL138C,0,,0.09382924437522888,0.9990000128746033,0.9648000001907349
YPR021C,YDR056C,0,,0.09382043778896332,0.9990000128746033,0.964900016784668
YBR202W,YOL124C,0,,0.09381162375211716,0.9990000128746033,0.9649999737739563
YOL018C,YHR018C,0,,0.09380281716585159,0.9990000128746033,0.9650999903678894
YOR310C,YJL156C,0,,0.09379401057958603,0.9990000128746033,0.9652000069618225
YDL021W,YEL041W,0,,0.09378520399332047,0.9990000128746033,0.9653000235557556
YMR150C,YDL122W,0,,0.0937763974070549,0.9990000128746033,0.965399980545044
YIL031W,YML026C,0,,0.09376759827136993,0.9990000128746033,0.965499997138977
YEL077C,YMR113W,0,,0.09375879913568497,0.9990000128746033,0.9656000137329102
YKR068C,YHR214W-G,0,,0.09375,0.9990000128746033,0.9656999707221985
YDR477W,YLR266C,0,,0.09374120086431503,0.9990000128746033,0.9657999873161316
YBL066C,YDR302W,0,,0.09373240917921066,0.9990000128746033,0.9659000039100647
YIR011C,YAL031C,0,,0.09372361749410629,0.9990000128746033,0.9660000205039978
YML125C,YDR208W,0,,0.09371481835842133,0.9990000128746033,0.9660999774932861
YER113C,YCL024W,0,,0.09370603412389755,0.9990000128746033,0.9661999940872192
YLR287C-A,YMR139W,0,,0.09369724243879318,0.9990000128746033,0.9663000106811523
YBL092W,YNL290W,0,,0.09368845820426941,0.9990000128746033,0.9664000272750854
YDR020C,YOL003C,0,,0.09367966651916504,0.9990000128746033,0.9664999842643738
YML049C,YPR052C,0,,0.09367088973522186,0.9990000128746033,0.9666000008583069
YLR446W,YCR034W,0,,0.09366210550069809,0.9990000128746033,0.96670001745224
YBR237W,YNR035C,0,,0.09365332126617432,0.9990000128746033,0.9667999744415283
YDR508C,YLR098C,0,,0.09364454448223114,0.9990000128746033,0.9668999910354614
YER014C-A,YDL191W,0,,0.09363576769828796,0.9990000128746033,0.9670000076293945
YGL128C,YAL016W,0,,0.09362699091434479,0.9990000128746033,0.9671000242233276
YNL009W,YER042W,0,,0.09361821413040161,0.9990000128746033,0.967199981212616
YBR217W,YBL021C,0,,0.09360944479703903,0.9990000128746033,0.9672999978065491
YBL101C,YJR059W,0,,0.09360067546367645,0.9990000128746033,0.9674000144004822
YBR008C,YNL312W,0,,0.09359190613031387,0.9990000128746033,0.9674999713897705
YLR304C,YER183C,0,,0.0935831367969513,0.9990000128746033,0.9675999879837036
YPR171W,YJR065C,0,,0.09357437491416931,0.9990000128746033,0.9677000045776367
YFR041C,YFL014W,0,,0.09356560558080673,0.9990000128746033,0.9678000211715698
YMR045C,YFL048C,0,,0.09355684369802475,0.9990000128746033,0.9678999781608582
YLR368W,YLR095C,0,,0.09354808181524277,0.9990000128746033,0.9679999947547913
YDR174W,YFL055W,0,,0.09353932738304138,0.9990000128746033,0.9681000113487244
YDR443C,YDR210C-C,0,,0.0935305655002594,0.9990000128746033,0.9682000279426575
YKR094C,YOL034W,0,,0.09352181106805801,0.9990000128746033,0.9682999849319458
YDR067C,YHL004W,0,,0.09351305663585663,0.9990000128746033,0.9684000015258789
YBR036C,YPR091C,0,,0.09350430220365524,0.9990000128746033,0.968500018119812
YGR020C,YHR089C,0,,0.09349555522203445,0.9990000128746033,0.9685999751091003
YPL045W,YFR029W,0,,0.09348680824041367,0.9990000128746033,0.9686999917030334
YPR127W,YBR297W,0,,0.09347805380821228,0.9990000128746033,0.9688000082969666
YGL037C,YGL059W,0,,0.09346931427717209,0.9990000128746033,0.9689000248908997
YAR035W,YLR391W,0,,0.0934605672955513,0.9990000128746033,0.968999981880188
YGL225W,YMR014W,0,,0.09345182776451111,0.9990000128746033,0.9690999984741211
YER007W,YHR152W,0,,0.09344308078289032,0.9990000128746033,0.9692000150680542
YBR257W,YDR119W,0,,0.09343434125185013,0.9990000128746033,0.9692999720573425
YDR173C,YPL148C,0,,0.09342560917139053,0.9990000128746033,0.9693999886512756
YOR274W,YJL076W,0,,0.09341686964035034,0.9990000128746033,0.9695000052452087
YKR086W,YGL229C,0,,0.09340813755989075,0.9990000128746033,0.9696000218391418
YNL186W,YIL041W,0,,0.09339939802885056,0.9990000128746033,0.9696999788284302
YMR233W,YGL226C-A,0,,0.09339067339897156,0.9990000128746033,0.9697999954223633
YBR291C,YCR012W,0,,0.09338194131851196,0.9990000128746033,0.9699000120162964
YGR247W,YLR378C,0,,0.09337320923805237,0.9990000128746033,0.9700000286102295
YBL066C,YDR415C,0,,0.09336448460817337,0.9990000128746033,0.9700999855995178
YIL170W,YBR084C-A,0,,0.09335575997829437,0.9990000128746033,0.9702000021934509
YKR055W,YEL047C,0,,0.09334703534841537,0.9990000128746033,0.970300018787384
YOR140W,YML001W,0,,0.09333831816911697,0.9990000128746033,0.9703999757766724
YNL153C,YMR282C,0,,0.09332959353923798,0.9990000128746033,0.9704999923706055
YHR085W,YMR070W,0,,0.09332087635993958,0.9990000128746033,0.9706000089645386
YER045C,YDR487C,0,,0.09331215918064117,0.9990000128746033,0.9707000255584717
YLR306W,YGL090W,0,,0.09330344945192337,0.9990000128746033,0.97079998254776
YGL220W,YDR155C,0,,0.09329473227262497,0.9990000128746033,0.9708999991416931
YDR236C,YLR394W,0,,0.09328602254390717,0.9990000128746033,0.9710000157356262
YPL237W,YEL050C,0,,0.09327731281518936,0.9990000128746033,0.9710999727249146
YMR104C,YPL047W,0,,0.09326860308647156,0.9990000128746033,0.9711999893188477
YDR071C,YMR165C,0,,0.09325989335775375,0.9990000128746033,0.9713000059127808
YNL071W,YIR028W,0,,0.09325119107961655,0.9990000128746033,0.9714000225067139
YOL100W,YER048C,0,,0.09324248880147934,0.9990000128746033,0.9714999794960022
YBL042C,YLR107W,0,,0.09323378652334213,0.9990000128746033,0.9715999960899353
YDR518W,YGR027W-A,0,,0.09322508424520493,0.9990000128746033,0.9717000126838684
YMR223W,YHR079C-A,0,,0.09321638196706772,0.9990000128746033,0.9718000292778015
YBR067C,YPR163C,0,,0.09320768713951111,0.9990000128746033,0.9718999862670898
YGR214W,YKL216W,0,,0.0931989923119545,0.9990000128746033,0.972000002861023
YGR113W,YHL027W,0,,0.09319029748439789,0.9990000128746033,0.972100019454956
YMR270C,YER154W,0,,0.09318160265684128,0.9990000128746033,0.9721999764442444
YDR418W,YDR394W,0,,0.09317291527986526,0.9990000128746033,0.9722999930381775
YKR092C,YGR084C,0,,0.09316422790288925,0.9990000128746033,0.9724000096321106
YHR063C,YHR140W,0,,0.09315554052591324,0.9990000128746033,0.9725000262260437
YNL009W,YLR197W,0,,0.09314685314893723,0.9990000128746033,0.972599983215332
YOR089C,YPR198W,0,,0.09313816577196121,0.9990000128746033,0.9726999998092651
YPL110C,YKR035W-A,0,,0.0931294858455658,0.9990000128746033,0.9728000164031982
YMR270C,YNL212W,0,,0.09312080591917038,0.9990000128746033,0.9728999733924866
YNL321W,YHR031C,0,,0.09311212599277496,0.9990000128746033,0.9729999899864197
YPR020W,YGR010W,0,,0.09310344606637955,0.9990000128746033,0.9731000065803528
YIL114C,YNL312W,0,,0.09309477359056473,0.9990000128746033,0.9732000231742859
YOR215C,YGL060W,0,,0.09308610111474991,0.9990000128746033,0.9732999801635742
YBL103C,YLR256W-A,0,,0.09307742118835449,0.9990000128746033,0.9733999967575073
YGL120C,YNL281W,0,,0.09306875616312027,0.9990000128746033,0.9735000133514404
YNR028W,YDR254W,0,,0.09306008368730545,0.9990000128746033,0.9735999703407288
YLR447C,YAR050W,0,,0.09305141866207123,0.9990000128746033,0.9736999869346619
YER090W,YDR079W,0,,0.09304274618625641,0.9990000128746033,0.973800003528595
YLR201C,YLR380W,0,,0.09303408116102219,0.9990000128746033,0.9739000201225281
YLR027C,YIL031W,0,,0.09302542358636856,0.9990000128746033,0.9739999771118164
YPL119C,YDR141C,0,,0.09301675856113434,0.9990000128746033,0.9740999937057495
YKL117W,YMR189W,0,,0.09300810098648071,0.9990000128746033,0.9742000102996826
YJR145C,YDR251W,0,,0.09299944341182709,0.9990000128746033,0.9743000268936157
YER122C,YDR529C,0,,0.09299078583717346,0.9990000128746033,0.974399983882904
YML095C,YNL262W,0,,0.09298212826251984,0.9990000128746033,0.9745000004768372
YDR450W,YGL009C,0,,0.09297347813844681,0.9990000128746033,0.9746000170707703
YMR307W,YGR065C,0,,0.09296482056379318,0.9990000128746033,0.9746999740600586
YMR087W,YIL034C,0,,0.09295617043972015,0.9990000128746033,0.9747999906539917
YDR279W,YLR309C,0,,0.09294752776622772,0.9990000128746033,0.9749000072479248
YKR080W,YHR027C,0,,0.0929388776421547,0.9990000128746033,0.9750000238418579
YJL079C,YKL198C,0,,0.09293023496866226,0.9990000128746033,0.9750999808311462
YGL022W,YGL259W,0,,0.09292159229516983,0.9990000128746033,0.9751999974250793
YPL218W,YDL229W,0,,0.0929129496216774,0.9990000128746033,0.9753000140190125
YBR167C,YBR227C,0,,0.09290430694818497,0.9990000128746033,0.9753999710083008
YKR028W,YGR098C,0,,0.09289566427469254,0.9990000128746033,0.9754999876022339
YJL155C,YHR089C,0,,0.0928870290517807,0.9990000128746033,0.975600004196167
YML043C,YFL050C,0,,0.09287839382886887,0.9990000128746033,0.9757000207901001
YOL137W,YIR028W,0,,0.09286975860595703,0.9990000128746033,0.9757999777793884
YPR033C,YDL112W,0,,0.0928611233830452,0.9990000128746033,0.9758999943733215
YPL163C,YOR323C,0,,0.09285249561071396,0.9990000128746033,0.9760000109672546
YJL191W,YBR080C,0,,0.09284386783838272,0.9990000128746033,0.9761000275611877
YAL060W,YKL182W,0,,0.09283524006605148,0.9990000128746033,0.9761999845504761
YCR003W,YCR075C,0,,0.09282661229372025,0.9990000128746033,0.9763000011444092
YDR314C,YGR088W,0,,0.09281798452138901,0.9990000128746033,0.9764000177383423
YLR357W,YIR006C,0,,0.09280936419963837,0.9990000128746033,0.9764999747276306
YJR152W,YIL131C,0,,0.09280074387788773,0.9990000128746033,0.9765999913215637
YMR307W,YPL042C,0,,0.09279212355613708,0.9990000128746033,0.9767000079154968
YMR250W,YGR143W,0,,0.09278350323438644,0.9990000128746033,0.9768000245094299
YKL097W-A,YCR081W,0,,0.0927748903632164,0.9990000128746033,0.9768999814987183
YPL153C,YBL078C,0,,0.09276627004146576,0.9990000128746033,0.9769999980926514
YJR057W,YOR391C,0,,0.09275765717029572,0.9990000128746033,0.9771000146865845
YFL003C,YBR199W,0,,0.09274905174970627,0.9990000128746033,0.9771999716758728
YNL279W,YDR444W,0,,0.09274043887853622,0.9990000128746033,0.9772999882698059
YJL128C,YLR301W,0,,0.09273182600736618,0.9990000128746033,0.977400004863739
YMR308C,YKL055C,0,,0.09272322058677673,0.9990000128746033,0.9775000214576721
YLR307W,YDR216W,0,,0.09271461516618729,0.9990000128746033,0.9775999784469604
YNL225C,YKL042W,0,,0.09270600974559784,0.9990000128746033,0.9776999950408936
YMR311C,YPL089C,0,,0.09269741177558899,0.9990000128746033,0.9778000116348267
YGR227W,YER164W,0,,0.09268881380558014,0.9990000128746033,0.9779000282287598
YFL002W-A,YIL063C,0,,0.09268020838499069,0.9990000128746033,0.9779999852180481
YDR530C,YDR210W-B,0,,0.09267161041498184,0.9990000128746033,0.9781000018119812
YFR036W,YLR113W,0,,0.09266301989555359,0.9990000128746033,0.9782000184059143
YBR291C,YBL076C,0,,0.09265442192554474,0.9990000128746033,0.9782999753952026
YHL018W,YDL047W,0,,0.09264583140611649,0.9990000128746033,0.9783999919891357
YIR011C,YMR169C,0,,0.09263724088668823,0.9990000128746033,0.9785000085830688
YBL078C,YOR219C,0,,0.09262865036725998,0.9990000128746033,0.978600025177002
YAL023C,YPR108W,0,,0.09262005984783173,0.9990000128746033,0.9786999821662903
YMR214W,YEL030W,0,,0.09261147677898407,0.9990000128746033,0.9787999987602234
YNL252C,YGL250W,0,,0.09260289371013641,0.9990000128746033,0.9789000153541565
YOR255W,YER019C-A,0,,0.09259431064128876,0.9990000128746033,0.9789999723434448
YCL052C,YLR380W,0,,0.0925857275724411,0.9990000128746033,0.9790999889373779
YOL097C,YIL080W,0,,0.09257714450359344,0.9990000128746033,0.979200005531311
YOR211C,YOL027C,0,,0.09256856888532639,0.9990000128746033,0.9793000221252441
YEL060C,YOR171C,0,,0.09255999326705933,0.9990000128746033,0.9793999791145325
YOL054W,YFL003C,0,,0.09255141764879227,0.9990000128746033,0.9794999957084656
YKR025W,YOR265W,0,,0.09254284203052521,0.9990000128746033,0.9796000123023987
YOR067C,YPL283C,0,,0.09253427386283875,0.9990000128746033,0.9797000288963318
YLL043W,YDR338C,0,,0.09252569824457169,0.9990000128746033,0.9797999858856201
YMR204C,YKL091C,0,,0.09251713007688522,0.9990000128746033,0.9799000024795532
YDR261W-A,YER073W,0,,0.09250856190919876,0.9990000128746033,0.9800000190734863
YPL132W,YER159C-A,0,,0.0925000011920929,0.9990000128746033,0.9800999760627747
YBL005W-B,YMR142C,0,,0.09249143302440643,0.9990000128746033,0.9801999926567078
YPL180W,YJL125C,0,,0.09248287230730057,0.9990000128746033,0.9803000092506409
YPL095C,YOL111C,0,,0.0924743115901947,0.9990000128746033,0.980400025844574
YBR055C,YGR171C,0,,0.09246575087308884,0.9990000128746033,0.9804999828338623
YER039C,YMR143W,0,,0.09245719760656357,0.9990000128746033,0.9805999994277954
YGR081C,YHL034C,0,,0.0924486368894577,0.9990000128746033,0.9807000160217285
YHR019C,YMR308C,0,,0.09244008362293243,0.9990000128746033,0.9807999730110168
YGR113W,YLR139C,0,,0.09243153035640717,0.9990000128746033,0.98089998960495
YOL043C,YJR075W,0,,0.0924229845404625,0.9990000128746033,0.9810000061988831
YGR054W,YNL268W,0,,0.09241443127393723,0.9990000128746033,0.9811000227928162
YMR159C,YOR149C,0,,0.09240588545799255,0.9990000128746033,0.9811999797821045
YDR224C,YOL041C,0,,0.09239733964204788,0.9990000128746033,0.9812999963760376
YLR356W,YJL048C,0,,0.09238879382610321,0.9990000128746033,0.9814000129699707
YKL089W,YKR010C,0,,0.09238024801015854,0.9990000128746033,0.9815000295639038
YBR217W,YDR155C,0,,0.09237170964479446,0.9990000128746033,0.9815999865531921
YGR070W,YNL305C,0,,0.09236316382884979,0.9990000128746033,0.9817000031471252
YHR099W,YBR234C,0,,0.09235462546348572,0.9990000128746033,0.9818000197410583
YCL020W,YKR090W,0,,0.09234608709812164,0.9990000128746033,0.9818999767303467
YHR098C,YFL050C,0,,0.09233755618333817,0.9990000128746033,0.9819999933242798
YNL117W,YGR059W,0,,0.09232901781797409,0.9990000128746033,0.9821000099182129
YCL011C,YIL132C,0,,0.09232048690319061,0.9990000128746033,0.982200026512146
YHR025W,YHR183W,0,,0.09231195598840714,0.9990000128746033,0.9822999835014343
YGL012W,YGR172C,0,,0.09230342507362366,0.9990000128746033,0.9824000000953674
YNL310C,YBR059C,0,,0.09229490160942078,0.9990000128746033,0.9825000166893005
YDR279W,YLR371W,0,,0.0922863706946373,0.9990000128746033,0.9825999736785889
YMR119W,YAL034W-A,0,,0.09227784723043442,0.9990000128746033,0.982699990272522
YJR053W,YJR144W,0,,0.09226932376623154,0.9990000128746033,0.9828000068664551
YBR154C,YIL042C,0,,0.09226080775260925,0.9990000128746033,0.9829000234603882
YDR047W,YGR171C,0,,0.09225228428840637,0.9990000128746033,0.9829999804496765
YJL034W,YDR054C,0,,0.09224376827478409,0.9990000128746033,0.9830999970436096
YER130C,YDR113C,0,,0.0922352522611618,0.9990000128746033,0.9832000136375427
YDR174W,YAL041W,0,,0.09222673624753952,0.9990000128746033,0.983299970626831
YHR092C,YOR368W,0,,0.09221822023391724,0.9990000128746033,0.9833999872207642
YBR223C,YDR324C,0,,0.09220971167087555,0.9990000128746033,0.9835000038146973
YML124C,YDR503C,0,,0.09220120310783386,0.9990000128746033,0.9836000204086304
YGR063C,YOR233W,0,,0.09219269454479218,0.9990000128746033,0.9836999773979187
YLR166C,YBR288C,0,,0.09218418598175049,0.9990000128746033,0.9837999939918518
YIR022W,YDR314C,0,,0.0921756774187088,0.9990000128746033,0.9839000105857849
YJR094W-A,YJL060W,0,,0.09216717630624771,0.9990000128746033,0.984000027179718
YGL079W,YEL050C,0,,0.09215867519378662,0.9990000128746033,0.9840999841690063
YBL009W,YDL142C,0,,0.09215017408132553,0.9990000128746033,0.9842000007629395
YDR159W,YGR085C,0,,0.09214167296886444,0.9990000128746033,0.9843000173568726
YPR137W,YBR302C,0,,0.09213317185640335,0.9990000128746033,0.9843999743461609
YOR099W,YHR032W,0,,0.09212467819452286,0.9990000128746033,0.984499990940094
YDR254W,YGR263C,0,,0.09211618453264236,0.9990000128746033,0.9846000075340271
YGR285C,YOR362C,0,,0.09210769087076187,0.9990000128746033,0.9847000241279602
YPL134C,YCR048W,0,,0.09209919720888138,0.9990000128746033,0.9847999811172485
YLL042C,YMR006C,0,,0.09209071099758148,0.9990000128746033,0.9848999977111816
YKR050W,YJL154C,0,,0.09208221733570099,0.9990000128746033,0.9850000143051147
YCL032W,YLR391W,0,,0.09207373112440109,0.9990000128746033,0.9850999712944031
YEL038W,YJR119C,0,,0.0920652449131012,0.9990000128746033,0.9851999878883362
YIL177C,YDR058C,0,,0.0920567661523819,0.9990000128746033,0.9853000044822693
YGL051W,YBR204C,0,,0.092048279941082,0.9990000128746033,0.9854000210762024
YPR187W,YOR179C,0,,0.0920398011803627,0.9990000128746033,0.9854999780654907
YKR055W,YGR172C,0,,0.0920313224196434,0.9990000128746033,0.9855999946594238
YCL004W,YGR191W,0,,0.0920228436589241,0.9990000128746033,0.9857000112533569
YIR005W,YMR290C,0,,0.0920143648982048,0.9990000128746033,0.98580002784729
YLR369W,YJL214W,0,,0.0920058935880661,0.9990000128746033,0.9858999848365784
YPL255W,YNR012W,0,,0.0919974222779274,0.9990000128746033,0.9860000014305115
YNL268W,YLR318W,0,,0.0919889509677887,0.9990000128746033,0.9861000180244446
YDR296W,YER140W,0,,0.09198047965765,0.9990000128746033,0.9861999750137329
YDR120C,YCR033W,0,,0.09197201579809189,0.9990000128746033,0.986299991607666
YOR204W,YMR277W,0,,0.09196354448795319,0.9990000128746033,0.9864000082015991
YGL160W,YJR051W,0,,0.09195508062839508,0.9990000128746033,0.9865000247955322
YGR037C,YDR141C,0,,0.09194661676883698,0.9990000128746033,0.9865999817848206
YHL013C,YPR073C,0,,0.09193815290927887,0.9990000128746033,0.9866999983787537
YLR424W,YLR051C,0,,0.09192969650030136,0.9990000128746033,0.9868000149726868
YDL133C-A,YDL156W,0,,0.09192124009132385,0.9990000128746033,0.9868999719619751
YIL020C,YML029W,0,,0.09191277623176575,0.9990000128746033,0.9869999885559082
YEL060C,YHR191C,0,,0.09190432727336884,0.9990000128746033,0.9871000051498413
YPL060W,YJL060W,0,,0.09189587086439133,0.9990000128746033,0.9872000217437744
YPL244C,YIL172C,0,,0.09188741445541382,0.9990000128746033,0.9872999787330627
YGR090W,YDL192W,0,,0.0918789654970169,0.9990000128746033,0.9873999953269958
YPL090C,YJR105W,0,,0.09187051653862,0.9990000128746033,0.987500011920929
YNL229C,YKR102W,0,,0.09186206758022308,0.9990000128746033,0.9876000285148621
YAL025C,YBR235W,0,,0.09185362607240677,0.9990000128746033,0.9876999855041504
YJL159W,YML019W,0,,0.09184517711400986,0.9990000128746033,0.9878000020980835
YIR038C,YOR261C,0,,0.09183673560619354,0.9990000128746033,0.9879000186920166
YNL208W,YLR304C,0,,0.09182829409837723,0.9990000128746033,0.9879999756813049
YKR099C-A,YLR429W,0,,0.09181985259056091,0.9990000128746033,0.988099992275238
YNL152W,YNL289W,0,,0.0918114110827446,0.9990000128746033,0.9882000088691711
YOL010W,YNR070W,0,,0.09180297702550888,0.9990000128746033,0.9883000254631042
YNL308C,YLR207W,0,,0.09179454296827316,0.9990000128746033,0.9883999824523926
YMR182C,YER019W,0,,0.09178610891103745,0.9990000128746033,0.9884999990463257
YDR518W,YDR304C,0,,0.09177767485380173,0.9990000128746033,0.9886000156402588
YDR184C,YLL022C,0,,0.0917692482471466,0.9990000128746033,0.9886999726295471
YCR089W,YBL090W,0,,0.09176081418991089,0.9990000128746033,0.9887999892234802
YNL046W,YOR356W,0,,0.09175238758325577,0.9990000128746033,0.9889000058174133
YOR144C,YGR135W,0,,0.09174396097660065,0.9990000128746033,0.9890000224113464
YAR007C,YGL141W,0,,0.09173553436994553,0.9990000128746033,0.9890999794006348
YIL040W,YDL047W,0,,0.091727115213871,0.9990000128746033,0.9891999959945679
YOR324C,YOL031C,0,,0.09171869605779648,0.9990000128746033,0.989300012588501
YLR459W,YER017C,0,,0.09171026945114136,0.9990000128746033,0.9894000291824341
YHR079C,YDL038C,0,,0.09170185774564743,0.9990000128746033,0.9894999861717224
YMR277W,YPL099C,0,,0.0916934385895729,0.9990000128746033,0.9896000027656555
YOR147W,YIL085C,0,,0.09168501943349838,0.9990000128746033,0.9897000193595886
YLR079W,YLR110C,0,,0.09167660772800446,0.9990000128746033,0.989799976348877
YMR109W,YGR048W,0,,0.09166819602251053,0.9990000128746033,0.9898999929428101
YJL071W,YFL035C,0,,0.0916597843170166,0.9990000128746033,0.9900000095367432
YBL112C,YOR198C,0,,0.09165137261152267,0.9990000128746033,0.9901000261306763
YOR069W,YGR106C,0,,0.09164296835660934,0.9990000128746033,0.9901999831199646
YGR062C,YKL008C,0,,0.09163456410169601,0.9990000128746033,0.9902999997138977
YFR037C,YPR137C-B,0,,0.09162615984678268,0.9990000128746033,0.9904000163078308
YJR082C,YPL181W,0,,0.09161775559186935,0.9990000128746033,0.9904999732971191
YOL112W,YOR020C,0,,0.09160935133695602,0.9990000128746033,0.9905999898910522
YNL213C,YNL007C,0,,0.09160095453262329,0.9990000128746033,0.9907000064849854
YNR001C,YPL149W,0,,0.09159255772829056,0.9990000128746033,0.9908000230789185
YAL039C,YJR134C,0,,0.09158416092395782,0.9990000128746033,0.9908999800682068
YGL040C,YKL103C,0,,0.09157576411962509,0.9990000128746033,0.9909999966621399
YBR237W,YNL138W,0,,0.09156736731529236,0.9990000128746033,0.991100013256073
YHR102W,YBL021C,0,,0.09155897796154022,0.9990000128746033,0.9911999702453613
YOR071C,YDR120C,0,,0.09155058860778809,0.9990000128746033,0.9912999868392944
YLR079W,YKR008W,0,,0.09154219925403595,0.9990000128746033,0.9914000034332275
YIL145C,YKR044W,0,,0.09153380990028381,0.9990000128746033,0.9915000200271606
YER053C,YDL213C,0,,0.09152542054653168,0.9990000128746033,0.991599977016449
YJR126C,YNL049C,0,,0.09151703864336014,0.9990000128746033,0.9916999936103821
YDR362C,YGL157W,0,,0.0915086567401886,0.9990000128746033,0.9918000102043152
YLR040C,YEL034W,0,,0.09150027483701706,0.9990000128746033,0.9919000267982483
YLR362W,YDR322C-A,0,,0.09149189293384552,0.9990000128746033,0.9919999837875366
YIL050W,YJR021C,0,,0.09148351848125458,0.9990000128746033,0.9921000003814697
YHR187W,YJL207C,0,,0.09147513657808304,0.9990000128746033,0.9922000169754028
YMR304W,YGL236C,0,,0.0914667621254921,0.9990000128746033,0.9922999739646912
YOL103W,YJR065C,0,,0.09145838767290115,0.9990000128746033,0.9923999905586243
YDR538W,YNL037C,0,,0.09145002067089081,0.9990000128746033,0.9925000071525574
YLR057W,YGR231C,0,,0.09144164621829987,0.9990000128746033,0.9926000237464905
YGR185C,YDR465C,0,,0.09143327921628952,0.9990000128746033,0.9926999807357788
YAL025C,YDR058C,0,,0.09142491221427917,0.9990000128746033,0.9927999973297119
YBR203W,YMR303C,0,,0.09141654521226883,0.9990000128746033,0.992900013923645
YML052W,YJL144W,0,,0.09140817821025848,0.9990000128746033,0.9929999709129333
YPR125W,YGL062W,0,,0.09139981865882874,0.9990000128746033,0.9930999875068665
YLR383W,YPL236C,0,,0.09139145910739899,0.9990000128746033,0.9932000041007996
YKL186C,YLR224W,0,,0.09138309210538864,0.9990000128746033,0.9933000206947327
YLL011W,YLR312C-B,0,,0.09137474000453949,0.9990000128746033,0.993399977684021
YOR116C,YGR112W,0,,0.09136638045310974,0.9990000128746033,0.9934999942779541
YGL039W,YHR168W,0,,0.09135802835226059,0.9990000128746033,0.9936000108718872
YJL065C,YNL322C,0,,0.09134966880083084,0.9990000128746033,0.9937000274658203
YCR020C,YLR275W,0,,0.09134131669998169,0.9990000128746033,0.9937999844551086
YGL133W,YGL125W,0,,0.09133296459913254,0.9990000128746033,0.9939000010490417
YMR263W,YPR140W,0,,0.09132461994886398,0.9990000128746033,0.9940000176429749
YKR046C,YLR086W,0,,0.09131626784801483,0.9990000128746033,0.9940999746322632
YOL091W,YNL007C,0,,0.09130792319774628,0.9990000128746033,0.9941999912261963
YCL027C-A,YOL071W,0,,0.09129957854747772,0.9990000128746033,0.9943000078201294
YJL123C,YMR305C,0,,0.09129123389720917,0.9990000128746033,0.9944000244140625
YLR289W,YNL122C,0,,0.09128289669752121,0.9990000128746033,0.9944999814033508
YDL181W,YOL117W,0,,0.09127455204725266,0.9990000128746033,0.9945999979972839
YJR125C,YJR021C,0,,0.0912662148475647,0.9990000128746033,0.994700014591217
YPL214C,YBR021W,0,,0.09125787764787674,0.9990000128746033,0.9947999715805054
YHR167W,YDL104C,0,,0.09124954044818878,0.9990000128746033,0.9948999881744385
YDL020C,YNL135C,0,,0.09124121069908142,0.9990000128746033,0.9950000047683716
YCL033C,YGL184C,0,,0.09123287349939346,0.9990000128746033,0.9951000213623047
YHR045W,YJR133W,0,,0.0912245437502861,0.9990000128746033,0.995199978351593
YER110C,YER185W,0,,0.09121621400117874,0.9990000128746033,0.9952999949455261
YOR046C,YKL117W,0,,0.09120789170265198,0.9990000128746033,0.9954000115394592
YDR173C,YPL226W,0,,0.09119956195354462,0.9990000128746033,0.9955000281333923
YLR116W,YDR253C,0,,0.09119123965501785,0.9990000128746033,0.9955999851226807
YER003C,YKL183W,0,,0.09118290990591049,0.9990000128746033,0.9957000017166138
YNL308C,YOR234C,0,,0.09117459505796432,0.9990000128746033,0.9958000183105469
YDR180W,YBR173C,0,,0.09116627275943756,0.9990000128746033,0.9958999752998352
YNL297C,YER174C,0,,0.0911579504609108,0.9990000128746033,0.9959999918937683
YJR089W,YOR141C,0,,0.09114963561296463,0.9990000128746033,0.9961000084877014
YLR116W,YDR311W,0,,0.09114132076501846,0.9990000128746033,0.9962000250816345
YBR171W,YML033W,0,,0.0911330059170723,0.9990000128746033,0.9962999820709229
YBL020W,YLR274W,0,,0.09112469106912613,0.9990000128746033,0.996399998664856
YHL019C,YBR203W,0,,0.09111638367176056,0.9990000128746033,0.9965000152587891
YLR275W,YDR316W-A,0,,0.09110806882381439,0.9990000128746033,0.9965999722480774
YOR261C,YML093W,0,,0.09109976142644882,0.9990000128746033,0.9966999888420105
YDR139C,YDR380W,0,,0.09109145402908325,0.9990000128746033,0.9968000054359436
YER138C,YPL283C,0,,0.09108315408229828,0.9990000128746033,0.9969000220298767
YER002W,YLR015W,0,,0.09107484668493271,0.9990000128746033,0.996999979019165
YNR050C,YLR079W,0,,0.09106654673814774,0.9990000128746033,0.9970999956130981
YPL103C,YKL195W,0,,0.09105824679136276,0.9990000128746033,0.9972000122070312
YJR028W,YOR064C,0,,0.09104994684457779,0.9990000128746033,0.9973000288009644
YFL041W,YDR128W,0,,0.09104164689779282,0.9990000128746033,0.9973999857902527
YFR031C,YKL205W,0,,0.09103335440158844,0.9990000128746033,0.9975000023841858
YKL127W,YLR203C,0,,0.09102505445480347,0.9990000128746033,0.9976000189781189
YDR239C,YPR135W,0,,0.09101676195859909,0.9990000128746033,0.9976999759674072
YGR249W,YBR104W,0,,0.09100846946239471,0.9990000128746033,0.9977999925613403
YMR263W,YER094C,0,,0.09100018441677094,0.9990000128746033,0.9979000091552734
YLR174W,YHR052W,0,,0.09099189192056656,0.9990000128746033,0.9980000257492065
YGL084C,YBR175W,0,,0.09098360687494278,0.9990000128746033,0.9980999827384949
YMR164C,YLR069C,0,,0.090975321829319,0.9990000128746033,0.998199999332428
YNR039C,YPL048W,0,,0.09096703678369522,0.9990000128746033,0.9983000159263611
YBL046W,YNL177C,0,,0.09095875173807144,0.9990000128746033,0.9983999729156494
YDL127W,YPL085W,0,,0.09095047414302826,0.9990000128746033,0.9984999895095825
YPL024W,YJR021C,0,,0.09094219654798508,0.9990000128746033,0.9986000061035156
YLR306W,YGR109W-B,0,,0.0909339189529419,0.9990000128746033,0.9987000226974487
YJL165C,YPR127W,0,,0.09092564135789871,0.9990000128746033,0.9987999796867371
YOL136C,YNL271C,0,,0.09091736376285553,0.9990000128746033,0.9988999962806702
YPL167C,YKL154W,0,,0.09090909361839294,0.9990000128746033,0.9990000128746033
YOR030W,YBR155W,0,,0.09090081602334976,0.9990000128746033,0.9991000294685364
YLR376C,YGL054C,0,,0.09089254587888718,0.9990000128746033,0.9991999864578247
YPR166C,YGR292W,0,,0.09088428318500519,0.9990000128746033,0.9993000030517578
YCL010C,YHR214C-B,0,,0.0908760130405426,0.9990000128746033,0.9994000196456909
YMR033W,YOR307C,0,,0.09086774289608002,0.9990000128746033,0.9994999766349792
YGR128C,YML032C,0,,0.09085948020219803,0.9990000128746033,0.9995999932289124
YBL008W-A,YOR354C,0,,0.09085121750831604,0.9990000128746033,0.9997000098228455
YOL137W,YDR410C,0,,0.09084295481443405,0.9990000128746033,0.9998000264167786
YMR285C,YNR061C,0,,0.09083469957113266,0.9990000128746033,0.9998999834060669
YML095C,YKR039W,0,,0.09082643687725067,0.9990000128746033,1.0
YJL050W,YOL115W,1,,0.09090909361839294,1.0,1.0
