Gene A,Gene B,Label,Score,Precision,Recall,False Positive Rate
YML018C,YLR304C,0,0.9713321,0.0,0.0,0.00010005002695834264
YDR270W,YPL154C,0,0.8980298,0.0,0.0,0.00020010005391668528
YLR214W,YIL124W,0,0.86949813,0.0,0.0,0.0003001500735990703
YDL137W,YML018C,0,0.814211,0.0,0.0,0.00040020010783337057
YML116W,YDR330W,0,0.7592914,0.0,0.0,0.0005002501420676708
YML057W,YJL098W,1,0.7313764,0.1666666716337204,0.0009950249223038554,0.0005002501420676708
YOL092W,YMR184W,0,0.70845675,0.1428571492433548,0.0009950249223038554,0.0006003001471981406
YER036C,YMR056C,0,0.69217086,0.125,0.0009950249223038554,0.0007003501523286104
YOR151C,YOR347C,0,0.69159985,0.1111111119389534,0.0009950249223038554,0.0008004002156667411
YDL137W,YHR013C,0,0.6864122,0.10000000149011612,0.0009950249223038554,0.0009004502207972109
YHR147C,YNL268W,0,0.6846895,0.09090909361839294,0.0009950249223038554,0.0010005002841353416
YHL047C,YGR135W,0,0.67341304,0.0833333358168602,0.0009950249223038554,0.0011005502892658114
YBL056W,YGR208W,1,0.6701694,0.1538461595773697,0.001990049844607711,0.0011005502892658114
YGR029W,YPL206C,0,0.66770554,0.1428571492433548,0.001990049844607711,0.0012006002943962812
YHR147C,YPL048W,0,0.6605551,0.13333334028720856,0.001990049844607711,0.001300650299526751
YDR074W,YFR028C,1,0.6555544,0.1875,0.0029850746504962444,0.001300650299526751
YDL043C,YOR347C,0,0.6511296,0.1764705926179886,0.0029850746504962444,0.0014007003046572208
YML042W,YIL126W,0,0.64609826,0.1666666716337204,0.0029850746504962444,0.0015007504262030125
YLR396C,YMR281W,0,0.64341414,0.15789473056793213,0.0029850746504962444,0.0016008004313334823
YIL070C,YER110C,0,0.64321566,0.15000000596046448,0.0029850746504962444,0.001700850436463952
YDL188C,YNL217W,1,0.6410068,0.190476194024086,0.003980099689215422,0.001700850436463952
YER147C,YDL146W,0,0.63154244,0.1818181872367859,0.003980099689215422,0.0018009004415944219
YLR304C,YDR326C,0,0.6308086,0.17391304671764374,0.003980099689215422,0.0019009504467248917
YDR075W,YBR126C,1,0.62878233,0.2083333283662796,0.004975124262273312,0.0019009504467248917
YDR342C,YGR158C,0,0.6265206,0.20000000298023224,0.004975124262273312,0.0020010005682706833
YDR312W,YIL111W,0,0.62164587,0.19230769574642181,0.004975124262273312,0.0021010504569858313
YLR439W,YOL133W,0,0.618708,0.18518517911434174,0.004975124262273312,0.002201100578531623
YIL053W,YOL065C,1,0.6126258,0.2142857164144516,0.005970149300992489,0.002201100578531623
YGR071C,YLR120C,0,0.60995,0.2068965584039688,0.005970149300992489,0.002301150467246771
YPL179W,YBR126C,1,0.60985315,0.23333333432674408,0.006965174339711666,0.002301150467246771
YDR118W,YLR120C,0,0.6086221,0.22580644488334656,0.006965174339711666,0.0024012005887925625
YDR074W,YDL236W,1,0.60431194,0.25,0.007960199378430843,0.0024012005887925625
YMR297W,YDR228C,0,0.6005321,0.24242424964904785,0.007960199378430843,0.002501250710338354
YGL161C,YDR013W,0,0.5994041,0.23529411852359772,0.007960199378430843,0.002601300599053502
YJR076C,YDR487C,0,0.5975944,0.22857142984867096,0.007960199378430843,0.0027013507205992937
YNR045W,YLR120C,0,0.59638894,0.2222222238779068,0.007960199378430843,0.0028014006093144417
YIR026C,YHR043C,1,0.59325266,0.2432432472705841,0.008955223485827446,0.0028014006093144417
YDL120W,YDR158W,0,0.5908921,0.2368421107530594,0.008955223485827446,0.0029014507308602333
YPL179W,YML057W,1,0.5893991,0.25641027092933655,0.009950248524546623,0.0029014507308602333
YER088C,YKL059C,0,0.584466,0.25,0.009950248524546623,0.003001500852406025
YPL144W,YNL098C,0,0.5740884,0.24390244483947754,0.009950248524546623,0.003101550741121173
YPL179W,YER133W,1,0.56965184,0.261904776096344,0.0109452735632658,0.003101550741121173
YDL129W,YCL047C,0,0.56903875,0.25581395626068115,0.0109452735632658,0.0032016008626669645
YNL158W,YDR486C,0,0.55744517,0.25,0.0109452735632658,0.0033016507513821125
YFR041C,YGR191W,0,0.55592746,0.24444444477558136,0.0109452735632658,0.003401700872927904
YOR124C,YPL149W,0,0.5542915,0.239130437374115,0.0109452735632658,0.003501750761643052
YBR205W,YNR061C,0,0.55354565,0.23404255509376526,0.0109452735632658,0.0036018008831888437
YNL293W,YKL056C,0,0.5530107,0.2291666716337204,0.0109452735632658,0.0037018510047346354
YDR299W,YHR147C,0,0.5497402,0.22448979318141937,0.0109452735632658,0.0038019008934497833
YDR284C,YPL228W,1,0.548966,0.23999999463558197,0.011940298601984978,0.0038019008934497833
YLR430W,YIL136W,0,0.54853344,0.23529411852359772,0.011940298601984978,0.003901951014995575
YNL308C,YLR356W,0,0.54724103,0.23076923191547394,0.011940298601984978,0.004002001136541367
YOR174W,YLR120C,0,0.5466179,0.22641509771347046,0.011940298601984978,0.004102051258087158
YPL031C,YGR200C,0,0.5461558,0.2222222238779068,0.011940298601984978,0.0042021009139716625
YDR117C,YPR028W,0,0.5450744,0.2181818187236786,0.011940298601984978,0.004302151035517454
YJL157C,YLR304C,0,0.54476213,0.2142857164144516,0.011940298601984978,0.004402201157063246
YGR104C,YKL056C,0,0.538755,0.21052631735801697,0.011940298601984978,0.004502251278609037
YDR481C,YDR299W,0,0.53837293,0.2068965584039688,0.011940298601984978,0.004602300934493542
YMR297W,YML113W,0,0.5333827,0.20338982343673706,0.011940298601984978,0.004702351056039333
YDR456W,YKR038C,0,0.5304381,0.20000000298023224,0.011940298601984978,0.004802401177585125
YOL064C,YGL040C,0,0.5296679,0.19672131538391113,0.011940298601984978,0.004902451299130917
YDL236W,YPL228W,1,0.52851695,0.20967741310596466,0.012935323640704155,0.004902451299130917
YDR074W,YMR180C,1,0.52765775,0.2222222238779068,0.013930348679423332,0.004902451299130917
YCR039C,YGL185C,0,0.52324706,0.21875,0.013930348679423332,0.005002501420676708
YMR100W,YDL146W,0,0.522398,0.2153846174478531,0.013930348679423332,0.0051025510765612125
YGL009C,YGL157W,0,0.5221503,0.21212121844291687,0.013930348679423332,0.005202601198107004
YOR265W,YGL040C,0,0.52173203,0.20895522832870483,0.013930348679423332,0.005302651319652796
YDR074W,YDL141W,0,0.5210825,0.20588235557079315,0.013930348679423332,0.005402701441198587
YMR056C,YDR158W,0,0.52104914,0.2028985470533371,0.013930348679423332,0.005502751562744379
YJL170C,YGL039W,0,0.5202252,0.20000000298023224,0.013930348679423332,0.005602801218628883
YLR214W,YER120W,0,0.51626396,0.19718310236930847,0.013930348679423332,0.005702851340174675
YDL185W,YFR007W,0,0.5155281,0.1944444477558136,0.013930348679423332,0.005802901461720467
YBR283C,YCL047C,0,0.5139835,0.19178082048892975,0.013930348679423332,0.005902951583266258
YJR045C,YOL080C,0,0.51277006,0.18918919563293457,0.013930348679423332,0.00600300170481205
YDR379W,YLR121C,0,0.5115244,0.18666666746139526,0.013930348679423332,0.006103051360696554
YDR050C,YMR198W,0,0.50876987,0.18421052396297455,0.013930348679423332,0.006203101482242346
YHR043C,YPL228W,1,0.5087477,0.19480518996715546,0.014925372786819935,0.006203101482242346
YDL185W,YHR064C,0,0.508266,0.19230769574642181,0.014925372786819935,0.0063031516037881374
YJR104C,YER164W,0,0.5071993,0.18987341225147247,0.014925372786819935,0.006403201725333929
YGR026W,YLR192C,0,0.50654876,0.1875,0.014925372786819935,0.006503251846879721
YML100W,YPL228W,1,0.5065166,0.1975308656692505,0.015920398756861687,0.006503251846879721
YMR233W,YNL322C,0,0.50257003,0.19512194395065308,0.015920398756861687,0.006603301502764225
YOL064C,YLR433C,1,0.5013314,0.20481927692890167,0.016915423795580864,0.006603301502764225
YER068W,YDR368W,0,0.5002383,0.2023809552192688,0.016915423795580864,0.006703351624310017
YGL253W,YDR362C,0,0.4986058,0.20000000298023224,0.016915423795580864,0.006803401745855808
YIL074C,YOR155C,0,0.4981491,0.19767442345619202,0.016915423795580864,0.0069034518674016
YDR347W,YOR217W,0,0.4976955,0.19540229439735413,0.016915423795580864,0.007003501523286104
YMR264W,YPL204W,0,0.49607128,0.1931818127632141,0.016915423795580864,0.007103551644831896
YDL204W,YEL015W,0,0.49396753,0.1910112351179123,0.016915423795580864,0.0072036017663776875
YBR237W,YMR302C,0,0.49377036,0.18888889253139496,0.016915423795580864,0.007303651887923479
YJR045C,YLR186W,0,0.4916106,0.18681319057941437,0.016915423795580864,0.007403702009469271
YPL019C,YCL027W,0,0.4888327,0.18478260934352875,0.016915423795580864,0.007503751665353775
YOR308C,YIL111W,0,0.48535776,0.1827957034111023,0.016915423795580864,0.007603801786899567
YBR241C,YBL090W,0,0.48516303,0.1808510571718216,0.016915423795580864,0.007703851908445358
YHR206W,YBR286W,0,0.48268688,0.17894737422466278,0.016915423795580864,0.00780390202999115
YIL034C,YMR128W,0,0.4818787,0.1770833283662796,0.016915423795580864,0.007903952151536942
YOR182C,YNL128W,0,0.4818135,0.17525772750377655,0.016915423795580864,0.008004002273082733
YDL141W,YBL064C,0,0.48078114,0.1734693944454193,0.016915423795580864,0.008104052394628525
YMR264W,YNL322C,0,0.48055828,0.17171716690063477,0.016915423795580864,0.008204102516174316
YGR104C,YOR270C,0,0.47959012,0.17000000178813934,0.016915423795580864,0.008304151706397533
YGR088W,YLR086W,0,0.47838092,0.1683168262243271,0.016915423795580864,0.008404201827943325
YBR082C,YBL037W,0,0.4783725,0.1666666716337204,0.016915423795580864,0.008504251949489117
YDR420W,YER020W,0,0.47781134,0.1650485396385193,0.016915423795580864,0.008604302071034908
YHR116W,YCL031C,0,0.4775977,0.16346153616905212,0.016915423795580864,0.0087043521925807
YMR071C,YNL289W,0,0.47593135,0.16190476715564728,0.016915423795580864,0.008804402314126492
YDL236W,YOL065C,1,0.47528428,0.16981132328510284,0.017910446971654892,0.008804402314126492
YKR038C,YBL064C,0,0.47491825,0.1682243049144745,0.017910446971654892,0.008904452435672283
YIL034C,YBL069W,0,0.47385335,0.1666666716337204,0.017910446971654892,0.009004502557218075
YPR073C,YGL229C,1,0.47312927,0.17431192100048065,0.01890547201037407,0.009004502557218075
YML070W,YLR430W,0,0.47236517,0.17272727191448212,0.01890547201037407,0.009104552678763866
YHR206W,YOR386W,0,0.47236353,0.171171173453331,0.01890547201037407,0.009204601868987083
YOR151C,YLR304C,0,0.47233588,0.1696428507566452,0.01890547201037407,0.009304651990532875
YJL165C,YGL227W,0,0.4710148,0.16814158856868744,0.01890547201037407,0.009404702112078667
YIL051C,YER089C,0,0.4699213,0.1666666716337204,0.01890547201037407,0.009504752233624458
YHR076W,YHR043C,1,0.46975994,0.17391304671764374,0.019900497049093246,0.009504752233624458
YDR326C,YHL004W,0,0.46757495,0.17241379618644714,0.019900497049093246,0.00960480235517025
YNL007C,YKL195W,0,0.46757373,0.17094017565250397,0.019900497049093246,0.009704852476716042
YKL190W,YNL010W,1,0.4671983,0.17796610295772552,0.020895522087812424,0.009704852476716042
YPL179W,YHR004C,1,0.46702653,0.18487395346164703,0.0218905471265316,0.009704852476716042
YOL031C,YDR046C,0,0.46690243,0.18333333730697632,0.0218905471265316,0.009804902598261833
YGR047C,YDR077W,0,0.46533412,0.1818181872367859,0.0218905471265316,0.009904952719807625
YNL158W,YIL111W,0,0.46451008,0.1803278625011444,0.0218905471265316,0.010005002841353416
YML077W,YDR387C,0,0.4643655,0.17886178195476532,0.0218905471265316,0.010105052962899208
YHR043C,YNL222W,1,0.4635567,0.1854838728904724,0.022885572165250778,0.010105052962899208
YOR278W,YML116W,0,0.46354088,0.18400000035762787,0.022885572165250778,0.010205102153122425
YJR060W,YOR374W,0,0.46314865,0.1825396865606308,0.022885572165250778,0.010305152274668217
YKL140W,YNL242W,0,0.46161532,0.18110236525535583,0.022885572165250778,0.010405202396214008
YJL052W,YJR089W,0,0.46086717,0.1796875,0.022885572165250778,0.0105052525177598
YBL022C,YNL091W,0,0.4598791,0.1782945692539215,0.022885572165250778,0.010605302639305592
YHR167W,YIL155C,0,0.4597287,0.17692308127880096,0.022885572165250778,0.010705352760851383
YMR042W,YMR302C,0,0.45894244,0.17557251453399658,0.022885572165250778,0.010805402882397175
YLR345W,YOL064C,1,0.45694652,0.1818181872367859,0.023880597203969955,0.010805402882397175
YNL330C,YGR262C,0,0.45514506,0.18045112490653992,0.023880597203969955,0.010905453003942966
YER161C,YMR152W,0,0.45510247,0.17910447716712952,0.023880597203969955,0.011005503125488758
YBR055C,YGR101W,0,0.4533164,0.17777778208255768,0.023880597203969955,0.011105552315711975
YOR181W,YDR065W,0,0.45328084,0.1764705926179886,0.023880597203969955,0.011205602437257767
YJR104C,YKR038C,0,0.45321396,0.17518247663974762,0.023880597203969955,0.011305652558803558
YGR104C,YJR104C,0,0.45288792,0.17391304671764374,0.023880597203969955,0.01140570268034935
YDL188C,YNL222W,1,0.4525162,0.17985612154006958,0.024875622242689133,0.01140570268034935
YFR003C,YBR175W,0,0.451766,0.1785714328289032,0.024875622242689133,0.011505752801895142
YER027C,YNL207W,0,0.45047098,0.1773049682378769,0.024875622242689133,0.011605802923440933
YHR076W,YER036C,0,0.4491586,0.17605634033679962,0.024875622242689133,0.011705853044986725
YEL013W,YGR037C,0,0.44619748,0.17482517659664154,0.024875622242689133,0.011805903166532516
YPL157W,YLR304C,0,0.44593906,0.1736111044883728,0.024875622242689133,0.011905953288078308
YDL231C,YMR311C,0,0.44540137,0.17241379618644714,0.024875622242689133,0.0120060034096241
YDL051W,YOR306C,0,0.4446751,0.17123287916183472,0.024875622242689133,0.012106052599847317
YMR208W,YPR073C,0,0.44466022,0.17006802558898926,0.024875622242689133,0.012206102721393108
YLR090W,YBR105C,0,0.4421246,0.1689189225435257,0.024875622242689133,0.0123061528429389
YDR388W,YGR001C,0,0.44176376,0.16778524219989777,0.024875622242689133,0.012406202964484692
YIR002C,YPR021C,0,0.44151938,0.1666666716337204,0.024875622242689133,0.012506253086030483
YMR208W,YDR486C,0,0.4412981,0.16556291282176971,0.024875622242689133,0.012606303207576275
YHR147C,YGL039W,0,0.43995637,0.16447368264198303,0.024875622242689133,0.012706353329122066
YKL135C,YOR181W,0,0.43975827,0.16339869797229767,0.024875622242689133,0.012806403450667858
YJL157C,YLR074C,0,0.43915492,0.16233766078948975,0.024875622242689133,0.01290645357221365
YMR139W,YDL075W,0,0.43894017,0.16129031777381897,0.024875622242689133,0.013006503693759441
YIL074C,YFL044C,0,0.43871656,0.16025641560554504,0.024875622242689133,0.013106552883982658
YOL031C,YDL108W,0,0.43759742,0.15923567116260529,0.024875622242689133,0.01320660300552845
YNL099C,YHR043C,1,0.4353099,0.16455696523189545,0.02587064728140831,0.01320660300552845
YKL152C,YML016C,1,0.43487543,0.16981132328510284,0.026865672320127487,0.01320660300552845
YJR104C,YIR023W,0,0.43347806,0.16875000298023224,0.026865672320127487,0.013306653127074242
YLR345W,YJR110W,1,0.43288064,0.17391304671764374,0.027860697358846664,0.013306653127074242
YDR236C,YMR022W,0,0.43140265,0.17283950746059418,0.027860697358846664,0.013406703248620033
YHR027C,YPL149W,0,0.43095937,0.17177914083003998,0.027860697358846664,0.013506753370165825
YML057W,YMR277W,1,0.43047118,0.1768292635679245,0.028855720534920692,0.013506753370165825
YOR046C,YML070W,0,0.43013197,0.17575757205486298,0.028855720534920692,0.013606803491711617
YCR020C,YKL135C,0,0.42829013,0.17469879984855652,0.028855720534920692,0.013706853613257408
YBR286W,YKR105C,0,0.42773774,0.17365269362926483,0.028855720534920692,0.0138069037348032
YNL301C,YNL012W,0,0.4269902,0.1726190447807312,0.028855720534920692,0.013906953856348991
YDR074W,YML016C,1,0.4268641,0.17751479148864746,0.02985074557363987,0.013906953856348991
YMR100W,YOR347C,0,0.42544535,0.1764705926179886,0.02985074557363987,0.014007003046572208
YOR288C,YMR223W,0,0.42282394,0.17543859779834747,0.02985074557363987,0.014107053168118
YMR297W,YDR054C,0,0.42215323,0.1744185984134674,0.02985074557363987,0.014207103289663792
YNL222W,YGL229C,1,0.42112327,0.1791907548904419,0.030845770612359047,0.014207103289663792
YER068W,YPR098C,0,0.42038468,0.1781609207391739,0.030845770612359047,0.014307153411209583
YFR041C,YGR234W,0,0.41796842,0.17714285850524902,0.030845770612359047,0.014407203532755375
YBR176W,YDL195W,0,0.4155272,0.17613635957241058,0.030845770612359047,0.014507253654301167
YDR242W,YMR281W,0,0.4151524,0.17514124512672424,0.030845770612359047,0.014607303775846958
YBR058C,YDR055W,0,0.41477036,0.1741573065519333,0.030845770612359047,0.01470735389739275
YDL043C,YJR059W,0,0.4132678,0.1731843501329422,0.030845770612359047,0.014807404018938541
YGR026W,YLL011W,0,0.41304728,0.17222222685813904,0.030845770612359047,0.014907454140484333
YDL236W,YGL229C,1,0.4113655,0.1767955869436264,0.03184079751372337,0.014907454140484333
YPL226W,YHR017W,0,0.41010296,0.17582418024539948,0.03184079751372337,0.01500750333070755
YMR298W,YLR074C,0,0.4097783,0.17486338317394257,0.03184079751372337,0.015107553452253342
YMR056C,YNL325C,0,0.4091457,0.17391304671764374,0.03184079751372337,0.015207603573799133
YKR053C,YIL053W,1,0.40909418,0.1783783733844757,0.03283582255244255,0.015207603573799133
YKL100C,YOR116C,0,0.4089958,0.17741934955120087,0.03283582255244255,0.015307653695344925
YDR322W,YNL268W,0,0.40772432,0.1764705926179886,0.03283582255244255,0.015407703816890717
YHR171W,YPR036W,0,0.40694827,0.17553190886974335,0.03283582255244255,0.015507753938436508
YDR341C,YHR017W,0,0.4069391,0.1746031790971756,0.03283582255244255,0.0156078040599823
YDR283C,YAL008W,0,0.4064566,0.17368420958518982,0.03283582255244255,0.01570785418152809
YER088C,YNR007C,0,0.40617126,0.17277486622333527,0.03283582255244255,0.015807904303073883
YKL089W,YIL051C,0,0.40537953,0.171875,0.03283582255244255,0.015907954424619675
YLR304C,YDR093W,0,0.40454638,0.17098446190357208,0.03283582255244255,0.016008004546165466
YDR032C,YJR089W,0,0.40442005,0.17010308802127838,0.03283582255244255,0.016108054667711258
YLR345W,YGL224C,1,0.403979,0.17435897886753082,0.03383084759116173,0.016108054667711258
YLR427W,YDR115W,0,0.4031753,0.1734693944454193,0.03383084759116173,0.01620810478925705
YFL044C,YER180C,0,0.40269607,0.17258882522583008,0.03383084759116173,0.01630815491080284
YJL164C,YPL101W,0,0.40262723,0.17171716690063477,0.03383084759116173,0.016408205032348633
YCR020C,YOR070C,0,0.40252566,0.17085427045822144,0.03383084759116173,0.016508253291249275
YOR201C,YPL059W,0,0.4022381,0.17000000178813934,0.03383084759116173,0.016608303412795067
YDL129W,YBR033W,0,0.400491,0.16915422677993774,0.03383084759116173,0.01670835353434086
YKL143W,YNL015W,0,0.4001366,0.1683168262243271,0.03383084759116173,0.01680840365588665
YPL177C,YML048W,0,0.39817888,0.16748768091201782,0.03383084759116173,0.01690845377743244
YDR074W,YNL207W,0,0.3959496,0.1666666716337204,0.03383084759116173,0.017008503898978233
YJL221C,YDR334W,0,0.39579353,0.16585366427898407,0.03383084759116173,0.017108554020524025
YPR098C,YNL189W,0,0.39553377,0.1650485396385193,0.03383084759116173,0.017208604142069817
YOR208W,YER133W,1,0.39547843,0.16908212006092072,0.03482586890459061,0.017208604142069817
YCL055W,YER089C,0,0.39423174,0.16826923191547394,0.03482586890459061,0.017308654263615608
YGL021W,YPR021C,0,0.3940738,0.16746412217617035,0.03482586890459061,0.0174087043851614
YMR302C,YOR014W,0,0.394058,0.1666666716337204,0.03482586890459061,0.01750875450670719
YER140W,YOR347C,0,0.39349505,0.16587677597999573,0.03482586890459061,0.017608804628252983
YOL064C,YER044C,0,0.39124823,0.16509434580802917,0.03482586890459061,0.017708854749798775
YKR038C,YLR304C,0,0.39108017,0.16431924700737,0.03482586890459061,0.017808904871344566
YFR003C,YJL189W,0,0.3909227,0.16355140507221222,0.03482586890459061,0.017908954992890358
YHR086W,YER164W,0,0.39081275,0.1627907007932663,0.03482586890459061,0.01800900511443615
YJR094W-A,YDL017W,0,0.39070356,0.16203702986240387,0.03482586890459061,0.01810905523598194
YCR004C,YOR075W,0,0.38955703,0.16129031777381897,0.03482586890459061,0.018209105357527733
YLR304C,YOR306C,0,0.38848627,0.16055046021938324,0.03482586890459061,0.018309155479073524
YDL195W,YNL091W,0,0.3881543,0.15981735289096832,0.03482586890459061,0.018409203737974167
YGR124W,YIL155C,0,0.38728768,0.15909090638160706,0.03482586890459061,0.01850925385951996
YDL033C,YAL008W,0,0.38702208,0.15837104618549347,0.03482586890459061,0.01860930398106575
YOR039W,YDR032C,0,0.38692987,0.157657653093338,0.03482586890459061,0.018709354102611542
YML070W,YKL028W,0,0.38614634,0.1569506675004959,0.03482586890459061,0.018809404224157333
YDR036C,YDL051W,0,0.38532862,0.15625,0.03482586890459061,0.018909454345703125
YML034W,YBR082C,0,0.38491708,0.15555556118488312,0.03482586890459061,0.019009504467248917
YDR074W,YOL064C,1,0.38436294,0.1592920422554016,0.035820893943309784,0.019009504467248917
YGL137W,YJL090C,0,0.38413906,0.15859030187129974,0.035820893943309784,0.019109554588794708
YGR241C,YPL153C,0,0.3840136,0.15789473056793213,0.035820893943309784,0.0192096047103405
YOR151C,YIL136W,0,0.38332367,0.1572052389383316,0.035820893943309784,0.01930965483188629
YHR086W,YPL202C,0,0.38274384,0.156521737575531,0.035820893943309784,0.019409704953432083
YJL155C,YJL098W,1,0.38273308,0.16017316281795502,0.03681591898202896,0.019409704953432083
YIL111W,YCR054C,0,0.3824114,0.15948276221752167,0.03681591898202896,0.019509755074977875
YDL188C,YJL134W,1,0.3808766,0.16309012472629547,0.03781094402074814,0.019509755074977875
YNR043W,YKL195W,0,0.38048565,0.16239316761493683,0.03781094402074814,0.019609805196523666
YMR261C,YJL098W,1,0.38026416,0.16595745086669922,0.038805969059467316,0.019609805196523666
YJL143W,YNL129W,0,0.3801988,0.16525423526763916,0.038805969059467316,0.019709855318069458
YBR207W,YOR244W,0,0.37987116,0.16455696523189545,0.038805969059467316,0.01980990543961525
YBR024W,YBR166C,0,0.37962142,0.16386555135250092,0.038805969059467316,0.01990995556116104
YCL055W,YKL195W,0,0.37933797,0.1631799191236496,0.038805969059467316,0.020010005682706833
YJL052W,YLR139C,0,0.378882,0.16249999403953552,0.038805969059467316,0.020110055804252625
YGL223C,YGR101W,0,0.3785537,0.1618257313966751,0.038805969059467316,0.020210105925798416
YOL092W,YKL195W,0,0.37784755,0.16115702688694,0.038805969059467316,0.02031015418469906
YNL046W,YJL125C,0,0.37741575,0.16049382090568542,0.038805969059467316,0.02041020430624485
YPR063C,YOR069W,0,0.3773234,0.1598360687494278,0.038805969059467316,0.020510254427790642
YGR088W,YBL024W,0,0.37700155,0.15918366611003876,0.038805969059467316,0.020610304549336433
YDR046C,YDR342C,0,0.37447807,0.15853658318519592,0.038805969059467316,0.020710354670882225
YBR001C,YLR396C,0,0.37391675,0.15789473056793213,0.038805969059467316,0.020810404792428017
YBR175W,YPR081C,0,0.373541,0.1572580635547638,0.038805969059467316,0.02091045491397381
YOR124C,YBL093C,0,0.37338182,0.15662650763988495,0.038805969059467316,0.0210105050355196
YKL152C,YKR053C,1,0.37236643,0.1599999964237213,0.03980099409818649,0.0210105050355196
YOL005C,YDR387C,0,0.37224966,0.1593625545501709,0.03980099409818649,0.02111055515706539
YDL024C,YFR028C,1,0.37186593,0.1626984179019928,0.04079601913690567,0.02111055515706539
YNL217W,YDL134C,1,0.37075853,0.1660079061985016,0.04179104417562485,0.02111055515706539
YAR015W,YIL070C,0,0.37048626,0.16535432636737823,0.04179104417562485,0.021210605278611183
YBR126C,YPL228W,1,0.37013674,0.16862745583057404,0.042786069214344025,0.021210605278611183
YNL185C,YGR002C,0,0.37008843,0.16796875,0.042786069214344025,0.021310655400156975
YDL166C,YMR314W,0,0.3695793,0.16731517016887665,0.042786069214344025,0.021410705521702766
YIL125W,YER161C,0,0.36946434,0.1666666716337204,0.042786069214344025,0.021510755643248558
YJR110W,YER062C,1,0.36890185,0.16988417506217957,0.0437810942530632,0.021510755643248558
YMR297W,YBR198C,0,0.36877072,0.16923077404499054,0.0437810942530632,0.02161080576479435
YML113W,YIL124W,0,0.36808914,0.16858237981796265,0.0437810942530632,0.02171085588634014
YEL002C,YER164W,0,0.36735812,0.1679389327764511,0.0437810942530632,0.021810906007885933
YJL048C,YDR283C,0,0.36509064,0.16730037331581116,0.0437810942530632,0.021910956129431725
YER062C,YPL228W,1,0.3649577,0.17045454680919647,0.04477611929178238,0.021910956129431725
YNR027W,YBR159W,0,0.3647051,0.16981132328510284,0.04477611929178238,0.022011006250977516
YHR046C,YGR037C,0,0.36462367,0.16917292773723602,0.04477611929178238,0.022111056372523308
YJL165C,YJR045C,0,0.36445862,0.16853933036327362,0.04477611929178238,0.02221110463142395
YHR043C,YJL134W,1,0.36443922,0.17164179682731628,0.045771144330501556,0.02221110463142395
YNR061C,YIL112W,0,0.3624244,0.17100371420383453,0.045771144330501556,0.022311154752969742
YER099C,YLR121C,0,0.36092633,0.17037037014961243,0.045771144330501556,0.022411204874515533
YOR347C,YOR244W,0,0.3602853,0.169741690158844,0.045771144330501556,0.022511254996061325
YHR161C,YDR334W,0,0.36028096,0.16911764442920685,0.045771144330501556,0.022611305117607117
YNL032W,YDL236W,1,0.35995433,0.17216117680072784,0.046766169369220734,0.022611305117607117
YNL280C,YJR068W,0,0.35961908,0.17153283953666687,0.046766169369220734,0.02271135523915291
YAL013W,YER112W,0,0.35835224,0.1709090918302536,0.046766169369220734,0.0228114053606987
YIR026C,YEL038W,1,0.3582434,0.17391304671764374,0.04776119440793991,0.0228114053606987
YJL221C,YCR053W,0,0.35761833,0.17328520119190216,0.04776119440793991,0.02291145548224449
YPL177C,YHR064C,0,0.3575829,0.17266187071800232,0.04776119440793991,0.023011505603790283
YLR090W,YOR211C,0,0.35743788,0.17204301059246063,0.04776119440793991,0.023111555725336075
YLR430W,YPL186C,0,0.35726777,0.17142857611179352,0.04776119440793991,0.023211605846881866
YDL204W,YPL269W,0,0.35581952,0.1708185076713562,0.04776119440793991,0.023311655968427658
YKL190W,YDL230W,1,0.35550272,0.173758864402771,0.04875621944665909,0.023311655968427658
YGL147C,YMR184W,0,0.3522803,0.1731448769569397,0.04875621944665909,0.02341170608997345
YER027C,YAL044C,0,0.35079524,0.17253521084785461,0.04875621944665909,0.02351175621151924
YPL031C,YGL123W,0,0.34952855,0.17192982137203217,0.04875621944665909,0.023611806333065033
YBR286W,YDR044W,0,0.34841764,0.17132867872714996,0.04875621944665909,0.023711856454610825
YGL185C,YDR251W,0,0.3482153,0.17073170840740204,0.04875621944665909,0.023811906576156616
YGR002C,YPL220W,0,0.34769666,0.1701388955116272,0.04875621944665909,0.023911956697702408
YHR143W,YNL292W,0,0.34762093,0.16955018043518066,0.04875621944665909,0.0240120068192482
YER099C,YKL178C,0,0.34726942,0.16896551847457886,0.04875621944665909,0.02411205694079399
YBL024W,YGR026W,0,0.34579843,0.1683848798274994,0.04875621944665909,0.024212105199694633
YDR320C,YGL031C,0,0.34441632,0.16780821979045868,0.04875621944665909,0.024312155321240425
YML070W,YLR276C,0,0.34353974,0.16723549365997314,0.04875621944665909,0.024412205442786217
YNL330C,YGL157W,0,0.34350783,0.1666666716337204,0.04875621944665909,0.02451225556433201
YLR038C,YPL159C,0,0.3430761,0.16610169410705566,0.04875621944665909,0.0246123056858778
YNL291C,YNL322C,0,0.34231898,0.16554054617881775,0.04875621944665909,0.02471235580742359
YDR247W,YCL047C,0,0.34189808,0.16498316824436188,0.04875621944665909,0.024812405928969383
YFR037C,YNL128W,0,0.34178492,0.16442953050136566,0.04875621944665909,0.024912456050515175
YGL223C,YGR135W,0,0.34141934,0.1638796031475067,0.04875621944665909,0.025012506172060966
YIL109C,YKL109W,0,0.3410972,0.16333332657814026,0.04875621944665909,0.025112556293606758
YKR038C,YNL306W,0,0.34040123,0.1627907007932663,0.04875621944665909,0.02521260641515255
YMR087W,YDL236W,1,0.34017146,0.16556291282176971,0.049751244485378265,0.02521260641515255
YKL212W,YPL186C,0,0.34000355,0.16501650214195251,0.049751244485378265,0.02531265653669834
YER095W,YHR017W,0,0.33978045,0.16447368264198303,0.049751244485378265,0.025412706658244133
YNL039W,YCR053W,0,0.33976886,0.16393442451953888,0.049751244485378265,0.025512756779789925
YFL029C,YDR158W,0,0.33961388,0.16339869797229767,0.049751244485378265,0.025612806901335716
YDL101C,YDL143W,0,0.3388272,0.16286644339561462,0.049751244485378265,0.025712857022881508
YPR073C,YHR215W,1,0.33870846,0.16558441519737244,0.05074626952409744,0.025712857022881508
YOR109W,YNL325C,1,0.33864704,0.16828478872776031,0.05174129456281662,0.025712857022881508
YPL101W,YIL124W,0,0.33774215,0.16774193942546844,0.05174129456281662,0.0258129071444273
YMR036C,YGL035C,0,0.33698666,0.16720257699489594,0.05174129456281662,0.02591295726597309
YKR038C,YDR313C,0,0.3365403,0.1666666716337204,0.05174129456281662,0.026013007387518883
YPL144W,YPL092W,0,0.33621308,0.16613417863845825,0.05174129456281662,0.026113055646419525
YMR152W,YLR014C,0,0.3360935,0.1656050980091095,0.05174129456281662,0.026213105767965317
YDR033W,YJL080C,0,0.33539814,0.16507937014102936,0.05174129456281662,0.02631315588951111
YOR332W,YGR191W,0,0.33475193,0.16455696523189545,0.05174129456281662,0.0264132060110569
YOL007C,YGR037C,0,0.33471984,0.16403785347938538,0.05174129456281662,0.02651325613260269
YDR342C,YHR064C,0,0.33431378,0.16352201998233795,0.05174129456281662,0.026613306254148483
YDR388W,YDL108W,0,0.3339255,0.1630094051361084,0.05174129456281662,0.026713356375694275
YLL050C,YCR094W,0,0.33187252,0.16249999403953552,0.05174129456281662,0.026813406497240067
YGR218W,YKR097W,0,0.33165538,0.16199377179145813,0.05174129456281662,0.026913456618785858
YLR448W,YJR001W,0,0.33151743,0.16149067878723145,0.05174129456281662,0.02701350674033165
YML054C,YER180C,0,0.33140397,0.16099071502685547,0.05174129456281662,0.02711355686187744
YBR158W,YNL149C,0,0.3313153,0.16049382090568542,0.05174129456281662,0.027213606983423233
YOL152W,YKR038C,0,0.3310323,0.1599999964237213,0.05174129456281662,0.027313657104969025
YOR155C,YOL064C,1,0.33051777,0.16257669031620026,0.0527363196015358,0.027313657104969025
YBR286W,YLL022C,0,0.329898,0.16207951307296753,0.0527363196015358,0.027413707226514816
YMR088C,YDR270W,0,0.32981068,0.16158536076545715,0.0527363196015358,0.027513757348060608
YMR261C,YMR180C,1,0.32937092,0.16413374245166779,0.053731344640254974,0.027513757348060608
YGL224C,YLR433C,1,0.32936296,0.1666666716337204,0.05472636967897415,0.027513757348060608
YML116W,YOR181W,0,0.32914954,0.1661631464958191,0.05472636967897415,0.0276138074696064
YNL330C,YPL028W,0,0.32906258,0.16566264629364014,0.05472636967897415,0.02771385759115219
YKL100C,YER133W,0,0.32901904,0.16516517102718353,0.05472636967897415,0.027813907712697983
YOR181W,YOR265W,0,0.32848665,0.1646706610918045,0.05472636967897415,0.027913957834243774
YHR143W,YGR047C,0,0.3284512,0.16417910158634186,0.05472636967897415,0.028014006093144417
YBL064C,YER089C,0,0.3272949,0.1636904776096344,0.05472636967897415,0.02811405621469021
YIL053W,YDL134C,1,0.32724488,0.1661721020936966,0.05572139471769333,0.02811405621469021
YER068W,YPR005C,0,0.32485545,0.16568046808242798,0.05572139471769333,0.028214106336236
YER095W,YPR073C,0,0.32462856,0.16519173979759216,0.05572139471769333,0.02831415645778179
YIR006C,YLR427W,0,0.32452554,0.16470588743686676,0.05572139471769333,0.028414206579327583
YDR536W,YJL052W,0,0.32432795,0.16422288119792938,0.05572139471769333,0.028514256700873375
YDR418W,YMR056C,0,0.32363075,0.16374269127845764,0.05572139471769333,0.028614306822419167
YOR090C,YJL098W,1,0.32337704,0.16618075966835022,0.056716419756412506,0.028614306822419167
YOR046C,YBR241C,0,0.32268983,0.16569767892360687,0.056716419756412506,0.028714356943964958
YER068W,YKL195W,0,0.32262686,0.16521738469600677,0.056716419756412506,0.02881440706551075
YIL051C,YMR026C,0,0.3224215,0.16473987698554993,0.056716419756412506,0.02891445718705654
YKL152C,YMR180C,1,0.32206926,0.1671469807624817,0.057711441069841385,0.02891445718705654
YMR302C,YHL036W,0,0.32163355,0.1666666716337204,0.057711441069841385,0.029014507308602333
YMR223W,YIL124W,0,0.3214213,0.16618910431861877,0.057711441069841385,0.029114557430148125
YAR071W,YIR026C,1,0.32140464,0.16857142746448517,0.05870646610856056,0.029114557430148125
YDR074W,YER075C,1,0.3207627,0.17094017565250397,0.05970149114727974,0.029114557430148125
YAR071W,YNL053W,1,0.3201989,0.17329545319080353,0.06069651618599892,0.029114557430148125
YIR014W,YDR197W,0,0.3197756,0.17280453443527222,0.06069651618599892,0.029214607551693916
YDR524C,YGL059W,0,0.3190075,0.17231638729572296,0.06069651618599892,0.029314657673239708
YFR015C,YDR503C,0,0.318874,0.17183098196983337,0.06069651618599892,0.0294147077947855
YML070W,YIL112W,0,0.31840622,0.17134831845760345,0.06069651618599892,0.02951475791633129
YDR326C,YGR062C,0,0.31805173,0.17086835205554962,0.06069651618599892,0.029614808037877083
YOR143C,YDR511W,0,0.31799436,0.17039106786251068,0.06069651618599892,0.029714858159422874
YNL007C,YMR004W,0,0.31773734,0.16991643607616425,0.06069651618599892,0.029814908280968666
YHR043C,YOL064C,1,0.31747758,0.17222222685813904,0.061691541224718094,0.029814908280968666
YNL129W,YGR037C,0,0.3170097,0.1717451512813568,0.061691541224718094,0.029914958402514458
YDR018C,YDR478W,0,0.31430167,0.1712707132101059,0.061691541224718094,0.0300150066614151
YIL072W,YPR036W,0,0.31424564,0.1707988977432251,0.061691541224718094,0.03011505678296089
YNL007C,YJL189W,0,0.31316897,0.17032967507839203,0.061691541224718094,0.030215106904506683
YPR098C,YOL072W,0,0.31203806,0.1698630154132843,0.061691541224718094,0.030315157026052475
YGL229C,YMR127C,0,0.31180912,0.16939890384674072,0.061691541224718094,0.030415207147598267
YOR076C,YDR169C,0,0.31178647,0.1689373254776001,0.061691541224718094,0.030515257269144058
YIL070C,YAL043C,0,0.3116844,0.16847826540470123,0.061691541224718094,0.03061530739068985
YNL099C,YER062C,1,0.31013346,0.17073170840740204,0.06268656998872757,0.03061530739068985
YDR481C,YLR361C,1,0.31010085,0.17297297716140747,0.06368159502744675,0.03061530739068985
YKL195W,YJL025W,0,0.30963525,0.17250673472881317,0.06368159502744675,0.03071535751223564
YDR536W,YOR269W,0,0.30946475,0.17204301059246063,0.06368159502744675,0.030815407633781433
YBR286W,YKL154W,0,0.30946168,0.17158177495002747,0.06368159502744675,0.030915457755327225
YIL090W,YGL059W,0,0.30941898,0.17112299799919128,0.06368159502744675,0.031015507876873016
YOR076C,YDR252W,0,0.309285,0.1706666648387909,0.06368159502744675,0.031115557998418808
YIL074C,YML085C,0,0.3080591,0.1702127605676651,0.06368159502744675,0.0312156081199646
YDR466W,YOR116C,0,0.30767977,0.1697612702846527,0.06368159502744675,0.03131565824151039
YJR015W,YDR376W,0,0.3073619,0.16931216418743134,0.06368159502744675,0.03141570836305618
YMR277W,YEL038W,1,0.307279,0.1715039610862732,0.06467662006616592,0.03141570836305618
YLR098C,YLR265C,0,0.30717734,0.17105263471603394,0.06467662006616592,0.031515758484601974
YJL164C,YGR188C,0,0.30706194,0.1706036776304245,0.06467662006616592,0.031615808606147766
YDR347W,YNL244C,0,0.306779,0.1701570749282837,0.06467662006616592,0.03171585872769356
YNL330C,YDR032C,0,0.30647713,0.16971279680728912,0.06467662006616592,0.03181590884923935
YMR139W,YPL022W,0,0.30622494,0.1692708283662796,0.06467662006616592,0.03191595897078514
YOL030W,YBR245C,0,0.30602583,0.16883116960525513,0.06467662006616592,0.03201600909233093
YDL236W,YDR284C,1,0.30560702,0.17098446190357208,0.0656716451048851,0.03201600909233093
YNL046W,YKL021C,0,0.30527565,0.1705426424741745,0.0656716451048851,0.032116059213876724
YGL119W,YFL036W,0,0.3052708,0.17010308802127838,0.0656716451048851,0.032216109335422516
YBR175W,YNL310C,0,0.30489162,0.16966581344604492,0.0656716451048851,0.03231615945696831
YLR433C,YOL147C,0,0.30477583,0.16923077404499054,0.0656716451048851,0.0324162095785141
YMR152W,YHR010W,0,0.3046409,0.16879795491695404,0.0656716451048851,0.03251625970005989
YLR019W,YNL222W,1,0.3043831,0.17091836035251617,0.06666667014360428,0.03251625970005989
YOR155C,YMR277W,1,0.3041616,0.17302799224853516,0.06766169518232346,0.03251625970005989
YLR439W,YNR047W,0,0.30397958,0.17258882522583008,0.06766169518232346,0.03261630982160568
YBR041W,YIL138C,0,0.30382234,0.17215189337730408,0.06766169518232346,0.032716359943151474
YPL019C,YLR172C,0,0.30300903,0.17171716690063477,0.06766169518232346,0.032816410064697266
YDR283C,YHR044C,0,0.30296615,0.17128463089466095,0.06766169518232346,0.03291645646095276
YOR257W,YMR022W,0,0.30270094,0.17085427045822144,0.06766169518232346,0.03301650658249855
YDR379W,YGR241C,0,0.3025095,0.17042607069015503,0.06766169518232346,0.03311655670404434
YIL125W,YIL126W,0,0.30246496,0.17000000178813934,0.06766169518232346,0.033216606825590134
YDL195W,YML115C,0,0.3022047,0.16957606375217438,0.06766169518232346,0.033316656947135925
YDR197W,YOR326W,0,0.3017158,0.16915422677993774,0.06766169518232346,0.03341670706868172
YPR156C,YLR038C,0,0.30168322,0.16873449087142944,0.06766169518232346,0.03351675719022751
YER068W,YDR158W,0,0.3011902,0.1683168262243271,0.06766169518232346,0.0336168073117733
YGR086C,YDR326C,0,0.3011388,0.16790123283863068,0.06766169518232346,0.03371685743331909
YGR123C,YPL111W,0,0.30106223,0.16748768091201782,0.06766169518232346,0.03381690755486488
YGL210W,YGR062C,0,0.30100563,0.16707617044448853,0.06766169518232346,0.033916957676410675
YPR098C,YMR037C,0,0.30067703,0.1666666716337204,0.06766169518232346,0.03401700779795647
YIR012W,YEL065W,0,0.3006602,0.16625916957855225,0.06766169518232346,0.03411705791950226
YGL229C,YLR414C,0,0.30031163,0.16585366427898407,0.06766169518232346,0.03421710804104805
YOR181W,YCR094W,0,0.30022335,0.16545012593269348,0.06766169518232346,0.03431715816259384
YPL179W,YOR090C,1,0.3001447,0.16747573018074036,0.06865671277046204,0.03431715816259384
YBL024W,YCL047C,0,0.29991898,0.16707022488117218,0.06865671277046204,0.03441720828413963
YJR001W,YKR048C,0,0.29977185,0.1666666716337204,0.06865671277046204,0.034517258405685425
YHR086W,YDL112W,0,0.2996142,0.16626505553722382,0.06865671277046204,0.034617308527231216
YDR117C,YDL185W,0,0.29888535,0.16586539149284363,0.06865671277046204,0.03471735864877701
YER173W,YDL180W,0,0.29877022,0.16546761989593506,0.06865671277046204,0.0348174087703228
YBR175W,YPR028W,0,0.2979594,0.1650717705488205,0.06865671277046204,0.03491745889186859
YLR304C,YBR142W,0,0.29775184,0.16467779874801636,0.06865671277046204,0.03501750901341438
YMR166C,YIL112W,0,0.29757077,0.16428571939468384,0.06865671277046204,0.035117559134960175
YNR050C,YDR503C,0,0.29731333,0.16389548778533936,0.06865671277046204,0.035217609256505966
YLR015W,YGR101W,0,0.29658628,0.1635071039199829,0.06865671277046204,0.03531765937805176
YDR115W,YMR026C,0,0.2961689,0.1631205677986145,0.06865671277046204,0.03541770949959755
YML113W,YDR003W,0,0.29524916,0.16273584961891174,0.06865671277046204,0.03551775962114334
YDL231C,YLR327C,0,0.29511487,0.16235293447971344,0.06865671277046204,0.03561780974268913
YCL031C,YPR021C,0,0.29509628,0.1619718372821808,0.06865671277046204,0.035717859864234924
YGR123C,YDL180W,0,0.2943822,0.161592498421669,0.06865671277046204,0.035817909985780716
YGL161C,YDL109C,0,0.29388717,0.1612149477005005,0.06865671277046204,0.03591796010732651
YKL152C,YHR043C,1,0.29386082,0.16317015886306763,0.06965173780918121,0.03591796010732651
YBL064C,YDR071C,0,0.29307556,0.1627907007932663,0.06965173780918121,0.0360180102288723
YDR270W,YOR347C,0,0.29295734,0.16241298615932465,0.06965173780918121,0.03611806035041809
YGR104C,YNL301C,0,0.292172,0.16203702986240387,0.06965173780918121,0.03621811047196388
YBR041W,YGR037C,0,0.29178214,0.16166281700134277,0.06965173780918121,0.036318160593509674
YPL091W,YGR156W,0,0.29171836,0.16129031777381897,0.06965173780918121,0.036418210715055466
YDL051W,YPL092W,0,0.29138783,0.16091954708099365,0.06965173780918121,0.03651826083660126
YER088C,YMR012W,0,0.29094958,0.16055046021938324,0.06965173780918121,0.03661831095814705
YML100W,YML016C,1,0.29070878,0.16247139871120453,0.07064676284790039,0.03661831095814705
YLR286C,YJL080C,0,0.29070044,0.16210044920444489,0.07064676284790039,0.03671835735440254
YNR061C,YDL095W,0,0.28984496,0.16173121333122253,0.07064676284790039,0.036818407475948334
YDR253C,YJR094W-A,0,0.28954452,0.1613636314868927,0.07064676284790039,0.036918457597494125
YMR297W,YBR058C,0,0.28877518,0.16099773347377777,0.07064676284790039,0.03701850771903992
YIR026C,YDR284C,1,0.28851262,0.16289593279361725,0.07164178788661957,0.03701850771903992
YBL078C,YJR009C,0,0.28807345,0.16252821683883667,0.07164178788661957,0.03711855784058571
YNL322C,YNL091W,0,0.28794146,0.1621621549129486,0.07164178788661957,0.0372186079621315
YJR033C,YNL191W,0,0.28776985,0.16179774701595306,0.07164178788661957,0.03731865808367729
YDL166C,YPR021C,0,0.28771484,0.16143497824668884,0.07164178788661957,0.037418708205223083
YNL206C,YOL147C,0,0.2876521,0.16107381880283356,0.07164178788661957,0.037518758326768875
YDR456W,YKL017C,0,0.28719568,0.1607142835855484,0.07164178788661957,0.03761880844831467
YDR341C,YGR279C,0,0.28710693,0.160356342792511,0.07164178788661957,0.03771885856986046
YDR318W,YKL056C,0,0.28701836,0.1599999964237213,0.07164178788661957,0.03781890869140625
YMR165C,YJL155C,1,0.2867417,0.16186252236366272,0.07263681292533875,0.03781890869140625
YMR302C,YNL091W,0,0.28653353,0.16150441765785217,0.07263681292533875,0.03791895881295204
YLR142W,YOR182C,0,0.28637972,0.16114790737628937,0.07263681292533875,0.03801900893449783
YDR036C,YML012W,0,0.2855807,0.16079294681549072,0.07263681292533875,0.038119059056043625
YOR308C,YDR107C,0,0.28548494,0.16043956577777863,0.07263681292533875,0.038219109177589417
YOR046C,YJL170C,0,0.28547683,0.1600877195596695,0.07263681292533875,0.03831915929913521
YDR318W,YDR251W,0,0.2854662,0.15973742306232452,0.07263681292533875,0.038419209420681
YAR015W,YCR009C,0,0.28539234,0.15938864648342133,0.07263681292533875,0.03851925954222679
YPR166C,YGR156W,0,0.28472704,0.1590413898229599,0.07263681292533875,0.03861930966377258
YML113W,YDR116C,0,0.28471363,0.15869565308094025,0.07263681292533875,0.038719359785318375
YGR001C,YDR031W,0,0.28433156,0.15835140645503998,0.07263681292533875,0.038819409906864166
YJL101C,YPL154C,0,0.28430408,0.1580086648464203,0.07263681292533875,0.03891946002840996
YOR131C,YFR028C,1,0.2833891,0.15982721745967865,0.07363183796405792,0.03891946002840996
YOL007C,YHR181W,0,0.28322756,0.15948276221752167,0.07363183796405792,0.03901951014995575
YNR043W,YOR374W,0,0.28265432,0.15913978219032288,0.07363183796405792,0.03911956027150154
YPL179W,YOR155C,1,0.28246075,0.16094420850276947,0.0746268630027771,0.03911956027150154
YHR143W,YNL248C,0,0.28239983,0.16059957444667816,0.0746268630027771,0.03921961039304733
YDR236C,YDR086C,0,0.2823051,0.16025641560554504,0.0746268630027771,0.039319660514593124
YMR180C,YDR284C,1,0.28176665,0.1620469093322754,0.07562188804149628,0.039319660514593124
YDR050C,YDR358W,0,0.28149664,0.16170212626457214,0.07562188804149628,0.039419710636138916
YBR289W,YDR115W,0,0.2812902,0.1613588184118271,0.07562188804149628,0.03951976075768471
YGR263C,YDR313C,0,0.28053302,0.16101695597171783,0.07562188804149628,0.0396198108792305
YGL155W,YDR298C,0,0.280464,0.16067653894424438,0.07562188804149628,0.03971986100077629
YLR370C,YGR002C,0,0.27988917,0.16033755242824554,0.07562188804149628,0.03981991112232208
YIR002C,YJL164C,0,0.27969038,0.1599999964237213,0.07562188804149628,0.039919961243867874
YPR048W,YAL008W,0,0.2793185,0.1596638709306717,0.07562188804149628,0.040020011365413666
YFR041C,YIL039W,0,0.2792964,0.1593291461467743,0.07562188804149628,0.04012006148695946
YDL188C,YLR019W,1,0.27854767,0.16108787059783936,0.07661691308021545,0.04012006148695946
YOR063W,YDL115C,0,0.27780262,0.1607515662908554,0.07661691308021545,0.04022011160850525
YDR390C,YDL095W,0,0.27765366,0.16041666269302368,0.07661691308021545,0.04032016173005104
YJL073W,YOR369C,0,0.27693498,0.16008315980434418,0.07661691308021545,0.04042021185159683
YDR117C,YGR194C,0,0.27691597,0.1597510427236557,0.07661691308021545,0.040520261973142624
YDR046C,YHL047C,0,0.2766847,0.15942029654979706,0.07661691308021545,0.04062030836939812
YPL106C,YHR147C,0,0.2765957,0.15909090638160706,0.07661691308021545,0.04072035849094391
YDR248C,YBR291C,0,0.27611327,0.1587628871202469,0.07661691308021545,0.0408204086124897
YKL156W,YIR015W,0,0.27601057,0.15843620896339417,0.07661691308021545,0.04092045873403549
YBR291C,YCR075C,0,0.27537704,0.15811088681221008,0.07661691308021545,0.041020508855581284
YOR131C,YPL228W,1,0.27531916,0.1598360687494278,0.07761193811893463,0.041020508855581284
YIL093C,YLR109W,0,0.2752477,0.15950919687747955,0.07761193811893463,0.041120558977127075
YHR017W,YOR043W,0,0.2746613,0.15918366611003876,0.07761193811893463,0.04122060909867287
YJL148W,YGR062C,0,0.2746533,0.1588594764471054,0.07761193811893463,0.04132065922021866
YKL089W,YLR121C,0,0.27464297,0.15853658318519592,0.07761193811893463,0.04142070934176445
YML027W,YDR536W,0,0.2745318,0.1582150161266327,0.07761193811893463,0.04152075946331024
YOR288C,YNL188W,0,0.2745149,0.15789473056793213,0.07761193811893463,0.04162080958485603
YJR033C,YOR233W,0,0.2744084,0.15757575631141663,0.07761193811893463,0.041720859706401825
YIL034C,YGL232W,0,0.274323,0.1572580635547638,0.07761193811893463,0.04182090982794762
YHR010W,YDL017W,0,0.2736124,0.15694165229797363,0.07761193811893463,0.04192095994949341
YOR109W,YDR074W,1,0.27331942,0.15863454341888428,0.07860696315765381,0.04192095994949341
YJL164C,YBR245C,0,0.27244535,0.15831662714481354,0.07860696315765381,0.0420210100710392
YAL010C,YPL048W,0,0.27180454,0.15800000727176666,0.07860696315765381,0.04212106019258499
YPL019C,YJR016C,0,0.27141,0.15768462419509888,0.07860696315765381,0.04222111031413078
YLR238W,YHR140W,0,0.26886377,0.15737052261829376,0.07860696315765381,0.042321160435676575
YJR001W,YFR007W,0,0.26872385,0.15705765783786774,0.07860696315765381,0.042421210557222366
YPR036W,YHR017W,0,0.2676421,0.1567460298538208,0.07860696315765381,0.04252126067876816
YDR479C,YDR279W,0,0.26729608,0.15643563866615295,0.07860696315765381,0.04262131080031395
YBR296C,YLR246W,0,0.2668473,0.1561264842748642,0.07860696315765381,0.04272136092185974
YDR503C,YGL003C,0,0.2666955,0.15581853687763214,0.07860696315765381,0.04282141104340553
YOR278W,YKL028W,0,0.26623365,0.15551181137561798,0.07860696315765381,0.042921461164951324
YDR014W,YPR081C,0,0.2662024,0.15520629286766052,0.07860696315765381,0.043021511286497116
YBR058C,YER088C,0,0.26561105,0.15490196645259857,0.07860696315765381,0.04312156140804291
YPL177C,YGR158C,0,0.26558152,0.15459883213043213,0.07860696315765381,0.0432216115295887
YNR061C,YJR060W,0,0.2654334,0.154296875,0.07860696315765381,0.04332166165113449
YLR373C,YPR081C,0,0.26488832,0.15399609506130219,0.07860696315765381,0.04342171177268028
YLR109W,YER082C,0,0.26462322,0.15369649231433868,0.07860696315765381,0.043521761894226074
YAR007C,YBR122C,0,0.26403278,0.1533980518579483,0.07860696315765381,0.043621812015771866
YIL145C,YDR376W,0,0.2639651,0.15310077369213104,0.07860696315765381,0.04372186213731766
YGL191W,YPR070W,0,0.2636608,0.1528046429157257,0.07860696315765381,0.04382191225886345
YPL090C,YPL092W,0,0.26332155,0.1525096595287323,0.07860696315765381,0.04392196238040924
YMR087W,YOL064C,1,0.26178917,0.1541425883769989,0.07960198819637299,0.04392196238040924
YMR156C,YML100W,1,0.26144734,0.1557692289352417,0.08059701323509216,0.04392196238040924
YDL129W,YGR223C,0,0.2608818,0.15547025203704834,0.08059701323509216,0.04402201250195503
YPL269W,YKR058W,0,0.26078236,0.1551724076271057,0.08059701323509216,0.044122062623500824
YIL113W,YJL098W,1,0.2605849,0.15678776800632477,0.08159203827381134,0.044122062623500824
YEL013W,YOR150W,0,0.26051247,0.1564885526895523,0.08159203827381134,0.044222112745046616
YMR277W,YNL106C,1,0.2602379,0.15809524059295654,0.08258706331253052,0.044222112745046616
YDR536W,YKL140W,0,0.26000464,0.15779468417167664,0.08258706331253052,0.04432216286659241
YBL093C,YHL004W,0,0.25996348,0.15749526023864746,0.08258706331253052,0.0444222092628479
YPL060W,YGR063C,0,0.2598672,0.15719696879386902,0.08258706331253052,0.04452225938439369
YAL023C,YMR247C,0,0.25948304,0.1568998098373413,0.08258706331253052,0.044622309505939484
YNL158W,YLR356W,0,0.25947064,0.15660376846790314,0.08258706331253052,0.044722359627485275
YDR086C,YBR185C,0,0.25926602,0.1563088446855545,0.08258706331253052,0.04482240974903107
YLR139C,YOR270C,0,0.25898188,0.1560150384902954,0.08258706331253052,0.04492245987057686
YOR155C,YKL212W,1,0.25893545,0.15759849548339844,0.0835820883512497,0.04492245987057686
YMR139W,YDL184C,0,0.2589041,0.15730337798595428,0.0835820883512497,0.04502250999212265
YNL159C,YPL090C,0,0.25881904,0.15700934827327728,0.0835820883512497,0.04512256011366844
YDR117C,YDR031W,0,0.25871938,0.15671642124652863,0.0835820883512497,0.04522261023521423
YDR096W,YMR022W,0,0.25818038,0.15642458200454712,0.0835820883512497,0.045322660356760025
YPR036W,YDR313C,0,0.25786316,0.15613383054733276,0.0835820883512497,0.04542271047830582
YJR066W,YLR090W,0,0.25775915,0.15584415197372437,0.0835820883512497,0.04552276059985161
YLR371W,YOR120W,0,0.2571116,0.15555556118488312,0.0835820883512497,0.0456228107213974
YEL021W,YOR374W,0,0.25706434,0.15526802837848663,0.0835820883512497,0.04572286084294319
YHR181W,YKL028W,0,0.2562237,0.1549815535545349,0.0835820883512497,0.04582291096448898
YJR121W,YJR076C,0,0.25559098,0.15469613671302795,0.0835820883512497,0.045922961086034775
YGL003C,YNL091W,0,0.25536615,0.15441176295280457,0.0835820883512497,0.046023011207580566
YPR048W,YDR330W,0,0.25476778,0.15412844717502594,0.0835820883512497,0.04612306132912636
YDL192W,YJR001W,0,0.25469667,0.1538461595773697,0.0835820883512497,0.04622311145067215
YER075C,YML057W,1,0.25457603,0.15539304912090302,0.08457711338996887,0.04622311145067215
YNL049C,YML104C,0,0.2544883,0.1551094949245453,0.08457711338996887,0.04632316157221794
YPL091W,YOR014W,0,0.2542123,0.15482695400714874,0.08457711338996887,0.04642321169376373
YPL157W,YOR092W,0,0.2540514,0.15454545617103577,0.08457711338996887,0.046523261815309525
YCR096C,YOR182C,0,0.25395036,0.15426497161388397,0.08457711338996887,0.046623311936855316
YNL222W,YDR284C,1,0.25392008,0.1557970941066742,0.08557213842868805,0.046623311936855316
YNR045W,YOR306C,0,0.2535622,0.1555153727531433,0.08557213842868805,0.04672336205840111
YOR063W,YHL036W,0,0.2522045,0.15523464977741241,0.08557213842868805,0.0468234121799469
YCL055W,YGR241C,0,0.25214952,0.1549549549818039,0.08557213842868805,0.04692346230149269
YDR074W,YGR123C,1,0.25205818,0.15647481381893158,0.08656716346740723,0.04692346230149269
YKL198C,YPL123C,0,0.25197858,0.15619389712810516,0.08656716346740723,0.04702351242303848
YJL190C,YCL047C,0,0.251871,0.15591397881507874,0.08656716346740723,0.047123562544584274
YLR345W,YDL230W,1,0.25175494,0.1574239730834961,0.0875621885061264,0.047123562544584274
YEL064C,YPR021C,0,0.25159967,0.15714286267757416,0.0875621885061264,0.047223612666130066
YPR108W,YGR194C,0,0.2513359,0.1568627506494522,0.0875621885061264,0.04732366278767586
YGL178W,YDR529C,0,0.25118816,0.15658363699913025,0.0875621885061264,0.04742371290922165
YBL023C,YDR252W,0,0.2509892,0.15630550682544708,0.0875621885061264,0.04752376303076744
YBL093C,YNR043W,0,0.25073537,0.1560283750295639,0.0875621885061264,0.04762381315231323
YDR297W,YPL214C,0,0.25019374,0.15575221180915833,0.0875621885061264,0.047723863273859024
YFR041C,YJR033C,0,0.24994613,0.15547703206539154,0.0875621885061264,0.047823913395404816
YNL091W,YPL092W,0,0.24986641,0.15520282089710236,0.0875621885061264,0.04792396351695061
YLR008C,YLR446W,0,0.2497222,0.15492957830429077,0.0875621885061264,0.0480240136384964
YPL226W,YFR007W,0,0.24954154,0.1546572893857956,0.0875621885061264,0.04812406376004219
YJR058C,YGR162W,0,0.24951638,0.15438596904277802,0.0875621885061264,0.04822411388158798
YOL064C,YJL221C,0,0.24875398,0.15411558747291565,0.0875621885061264,0.048324160277843475
YNL099C,YGL229C,1,0.24839528,0.15559440851211548,0.08855721354484558,0.048324160277843475
YOL064C,YHL032C,0,0.248392,0.15532286465168,0.08855721354484558,0.04842421039938927
YNR032W,YGL224C,1,0.24820094,0.15679442882537842,0.08955223858356476,0.04842421039938927
YBL023C,YFR007W,0,0.2479039,0.156521737575531,0.08955223858356476,0.04852426052093506
YJL052W,YOR039W,0,0.2473767,0.15625,0.08955223858356476,0.04862431064248085
YHR067W,YPR016C,0,0.24696149,0.1559792011976242,0.08955223858356476,0.04872436076402664
YDR390C,YAL003W,0,0.24651198,0.15570934116840363,0.08955223858356476,0.048824410885572433
YPR132W,YNL128W,0,0.246329,0.15544041991233826,0.08955223858356476,0.048924461007118225
YNL293W,YER027C,0,0.24631117,0.1551724076271057,0.08955223858356476,0.04902451112866402
YMR256C,YGL157W,0,0.24572287,0.15490533411502838,0.08955223858356476,0.04912456125020981
YMR277W,YIL113W,1,0.24551012,0.15635739266872406,0.09054726362228394,0.04912456125020981
YDR270W,YOR270C,0,0.24511106,0.156089186668396,0.09054726362228394,0.0492246113717556
YDR341C,YDR529C,0,0.24440052,0.15582191944122314,0.09054726362228394,0.04932466149330139
YKL195W,YOL019W,0,0.24406357,0.15555556118488312,0.09054726362228394,0.04942471161484718
YGL119W,YDR060W,0,0.2440011,0.15529009699821472,0.09054726362228394,0.049524761736392975
YDL080C,YJR045C,0,0.24387826,0.15502555668354034,0.09054726362228394,0.049624811857938766
YNL293W,YNR040W,0,0.2436532,0.1547619104385376,0.09054726362228394,0.04972486197948456
YGL229C,YKL108W,0,0.2433335,0.15449915826320648,0.09054726362228394,0.04982491210103035
YDR012W,YOR151C,0,0.24313425,0.1542372852563858,0.09054726362228394,0.04992496222257614
YDR055W,YOL080C,0,0.24290346,0.15397630631923676,0.09054726362228394,0.05002501234412193
YOR061W,YDR116C,0,0.24276854,0.15371622145175934,0.09054726362228394,0.050125062465667725
YKL140W,YLR014C,0,0.24267788,0.15345700085163116,0.09054726362228394,0.050225112587213516
YNL159C,YOR182C,0,0.24261211,0.15319865942001343,0.09054726362228394,0.05032516270875931
YPL179W,YDL188C,1,0.24237011,0.15462185442447662,0.09154228866100311,0.05032516270875931
YPL101W,YDR380W,0,0.24228106,0.15436241030693054,0.09154228866100311,0.0504252128303051
YJR016C,YDR231C,0,0.24205397,0.1541038453578949,0.09154228866100311,0.05052526295185089
YDR046C,YBR245C,0,0.24197008,0.1538461595773697,0.09154228866100311,0.05062531307339668
YLL050C,YJR076C,0,0.2412561,0.15358930826187134,0.09154228866100311,0.050725363194942474
YBL064C,YKL034W,0,0.2411754,0.15333333611488342,0.09154228866100311,0.050825413316488266
YLL050C,YHR081W,0,0.24113794,0.15307819843292236,0.09154228866100311,0.05092546343803406
YPR098C,YER131W,0,0.24109726,0.15282392501831055,0.09154228866100311,0.05102551355957985
YGR208W,YHR004C,1,0.24045034,0.15422885119915009,0.09253731369972229,0.05102551355957985
YHL044W,YDR313C,0,0.24019153,0.1539735049009323,0.09253731369972229,0.05112556368112564
YMR298W,YOR181W,0,0.2401736,0.1537190079689026,0.09253731369972229,0.05122561380267143
YIL093C,YDR013W,0,0.24013825,0.15346534550189972,0.09253731369972229,0.051325663924217224
YJR110W,YMR303C,0,0.24009146,0.1532125174999237,0.09253731369972229,0.051425714045763016
YIL051C,YBR283C,0,0.23833777,0.15296052396297455,0.09253731369972229,0.05152576416730881
YHR046C,YPR073C,1,0.2381561,0.1543513983488083,0.09353233873844147,0.05152576416730881
YNL188W,YDR231C,0,0.23814796,0.15409836173057556,0.09353233873844147,0.0516258142888546
YCL055W,YDR511W,0,0.23805617,0.1538461595773697,0.09353233873844147,0.05172586441040039
YNL188W,YMR152W,0,0.2378868,0.15359477698802948,0.09353233873844147,0.05182591453194618
YER089C,YHR043C,1,0.23778595,0.1549755334854126,0.09452736377716064,0.05182591453194618
YDR388W,YNL039W,0,0.23766316,0.15472312271595,0.09452736377716064,0.051925964653491974
YPR178W,YDR400W,0,0.2373165,0.15447154641151428,0.09452736377716064,0.052026014775037766
YGR076C,YDR166C,0,0.23710512,0.15422077476978302,0.09452736377716064,0.05212606117129326
YJR139C,YGR047C,0,0.23687638,0.15397082269191742,0.09452736377716064,0.05222611129283905
YJR066W,YNL098C,0,0.23652409,0.15372169017791748,0.09452736377716064,0.05232616141438484
YNL010W,YLR433C,1,0.2360052,0.1550888568162918,0.09552238881587982,0.05232616141438484
YBR286W,YPR019W,0,0.2359245,0.1548387110233307,0.09552238881587982,0.052426211535930634
YDL230W,YBR125C,1,0.23571517,0.15619967877864838,0.096517413854599,0.052426211535930634
YNL301C,YJR065C,0,0.2356645,0.15594854950904846,0.096517413854599,0.052526261657476425
YDL006W,YDL146W,0,0.23483305,0.1556982398033142,0.096517413854599,0.05262631177902222
YKL152C,YDL236W,1,0.23473568,0.15705128014087677,0.09751243889331818,0.05262631177902222
YAL021C,YJR126C,0,0.2345439,0.15680000185966492,0.09751243889331818,0.05272636190056801
YLR204W,YGR295C,0,0.23401822,0.15654951333999634,0.09751243889331818,0.0528264120221138
YGR088W,YHR081W,0,0.23381178,0.15629984438419342,0.09751243889331818,0.05292646214365959
YDR456W,YJL170C,0,0.23374094,0.15605095028877258,0.09751243889331818,0.05302651226520538
YML106W,YDL008W,0,0.23344882,0.1558028608560562,0.09751243889331818,0.053126562386751175
YJL134W,YML100W,1,0.23321222,0.15714286267757416,0.09850746393203735,0.053126562386751175
YDR536W,YJL189W,0,0.23301114,0.15689381957054138,0.09850746393203735,0.05322661250829697
YNL308C,YOR150W,0,0.23152621,0.15664556622505188,0.09850746393203735,0.05332666262984276
YHR181W,YML115C,0,0.23122977,0.15639810264110565,0.09850746393203735,0.05342671275138855
YGL119W,YOR092W,0,0.23089184,0.1561514139175415,0.09850746393203735,0.05352676287293434
YJR110W,YOR181W,0,0.23027565,0.15590551495552063,0.09850746393203735,0.05362681299448013
YHR046C,YOR131C,1,0.23016478,0.15723270177841187,0.09950248897075653,0.05362681299448013
YHR206W,YOR175C,0,0.22999223,0.15698586404323578,0.09950248897075653,0.053726863116025925
YMR311C,YCL050C,0,0.2299815,0.15673981606960297,0.09950248897075653,0.053826913237571716
YNR022C,YOR221C,0,0.22973739,0.15649452805519104,0.09950248897075653,0.05392696335911751
YLR414C,YCL031C,0,0.2292931,0.15625,0.09950248897075653,0.0540270134806633
YDL056W,YIL136W,0,0.22913517,0.15600624680519104,0.09950248897075653,0.05412706360220909
YGL190C,YOL065C,1,0.2279699,0.15732087194919586,0.10049751400947571,0.05412706360220909
YML005W,YPR047W,0,0.22700568,0.15707620978355408,0.10049751400947571,0.05422711372375488
YDR071C,YGR061C,0,0.22641863,0.15683229267597198,0.10049751400947571,0.054327163845300674
YKR038C,YDR096W,0,0.22632493,0.15658915042877197,0.10049751400947571,0.054427213966846466
YGR263C,YNL149C,0,0.22613977,0.15634675323963165,0.10049751400947571,0.05452726408839226
YDL188C,YBR092C,1,0.22601666,0.15765069425106049,0.10149253904819489,0.05452726408839226
YLR356W,YJL080C,0,0.22583012,0.15740740299224854,0.10149253904819489,0.05462731420993805
YOR322C,YHR136C,0,0.2246504,0.15716487169265747,0.10149253904819489,0.05472736433148384
YJL052W,YDR524C,0,0.22452895,0.1569230705499649,0.10149253904819489,0.05482741445302963
YJR058C,YGR135W,0,0.22418822,0.15668202936649323,0.10149253904819489,0.054927464574575424
YDR322W,YIL112W,0,0.22411592,0.15644171833992004,0.10149253904819489,0.055027514696121216
YIL027C,YOR386W,0,0.22365715,0.15620213747024536,0.10149253904819489,0.05512756481766701
YGR088W,YCR081W,0,0.22341685,0.15596330165863037,0.10149253904819489,0.0552276149392128
YBL064C,YGL123W,0,0.22339265,0.15572519600391388,0.10149253904819489,0.05532766506075859
YIL051C,YGR200C,0,0.22320886,0.1554878056049347,0.10149253904819489,0.05542771518230438
YDR322W,YLR099C,0,0.22295697,0.155251145362854,0.10149253904819489,0.055527765303850174
YPL089C,YNL325C,0,0.22246228,0.15501520037651062,0.10149253904819489,0.055627815425395966
YOR278W,YDL019C,0,0.22206229,0.15477997064590454,0.10149253904819489,0.05572786554694176
YDR533C,YPR073C,0,0.22144459,0.15454545617103577,0.10149253904819489,0.05582791566848755
YFL036W,YJR068W,0,0.22138356,0.1543116420507431,0.10149253904819489,0.05592796579003334
YLR373C,YOR131C,0,0.221383,0.15407854318618774,0.10149253904819489,0.056028012186288834
YBR041W,YDR342C,0,0.2209209,0.1538461595773697,0.10149253904819489,0.056128062307834625
YGR062C,YGR218W,0,0.22085483,0.15361446142196655,0.10149253904819489,0.05622811242938042
YPL059W,YMR223W,0,0.22045955,0.15338346362113953,0.10149253904819489,0.05632816255092621
YKR014C,YOR057W,0,0.22028978,0.15315315127372742,0.10149253904819489,0.056428212672472
YOR347C,YNL244C,0,0.22026412,0.15292353928089142,0.10149253904819489,0.05652826279401779
YML005W,YDR116C,0,0.21974328,0.15269461274147034,0.10149253904819489,0.05662831291556358
YBR041W,YHL032C,0,0.21957937,0.15246637165546417,0.10149253904819489,0.056728363037109375
YDL141W,YJL052W,0,0.2195747,0.15223880112171173,0.10149253904819489,0.05682841315865517
YGL035C,YGL251C,0,0.21873248,0.1520119160413742,0.10149253904819489,0.05692846328020096
YJR139C,YMR224C,0,0.2187277,0.1517857164144516,0.10149253904819489,0.05702851340174675
YLR097C,YJL189W,0,0.21859507,0.15156017243862152,0.10149253904819489,0.05712856352329254
YDL231C,YHR207C,0,0.21857452,0.15133531391620636,0.10149253904819489,0.05722861364483833
YJL033W,YNL015W,0,0.21856134,0.15111111104488373,0.10149253904819489,0.057328663766384125
YOR181W,YPL258C,0,0.2180221,0.15088757872581482,0.10149253904819489,0.057428713887929916
YDR481C,YOL002C,0,0.21801557,0.15066470205783844,0.10149253904819489,0.05752876400947571
YGR101W,YFL044C,0,0.21786393,0.1504424810409546,0.10149253904819489,0.0576288141310215
YNL291C,YMR037C,0,0.21774313,0.15022091567516327,0.10149253904819489,0.05772886425256729
YDL144C,YLR327C,0,0.21730074,0.15000000596046448,0.10149253904819489,0.05782891437411308
YMR281W,YJR135C,0,0.21657237,0.14977973699569702,0.10149253904819489,0.057928964495658875
YLL062C,YDR014W,0,0.21641773,0.1495601236820221,0.10149253904819489,0.058029014617204666
YLR109W,YGL040C,0,0.21620093,0.1493411362171173,0.10149253904819489,0.05812906473875046
YDR456W,YIL101C,0,0.21613128,0.14912280440330505,0.10149253904819489,0.05822911486029625
YDL033C,YEL058W,0,0.21565011,0.14890511333942413,0.10149253904819489,0.05832916498184204
YBR286W,YLR188W,0,0.21523084,0.14868804812431335,0.10149253904819489,0.05842921510338783
YMR314W,YFL039C,0,0.21516849,0.14847160875797272,0.10149253904819489,0.058529265224933624
YBR267W,YPR005C,0,0.21491617,0.14825581014156342,0.10149253904819489,0.058629315346479416
YIL002C,YML016C,1,0.2148385,0.14949201047420502,0.10248756408691406,0.058629315346479416
YDR347W,YNL091W,0,0.21469381,0.14927536249160767,0.10248756408691406,0.05872936546802521
YDL166C,YOL071W,0,0.21457812,0.14905934035778046,0.10248756408691406,0.058829415589571
YER089C,YGR208W,1,0.2145617,0.15028901398181915,0.10348258912563324,0.058829415589571
YDR236C,YPL048W,0,0.21372585,0.1500721573829651,0.10348258912563324,0.05892946571111679
YHL047C,YBR122C,0,0.21371521,0.14985591173171997,0.10348258912563324,0.05902951583266258
YEL065W,YCR004C,0,0.21366827,0.149640291929245,0.10348258912563324,0.059129565954208374
YNR001C,YIR009W,0,0.21357846,0.14942528307437897,0.10348258912563324,0.059229616075754166
YNL119W,YGL227W,0,0.21329166,0.14921090006828308,0.10348258912563324,0.05932966619729996
YLR109W,YMR285C,0,0.21320668,0.14899712800979614,0.10348258912563324,0.05942971631884575
YIL070C,YOL127W,0,0.2129796,0.14878398180007935,0.10348258912563324,0.05952976644039154
YOR269W,YGR220C,0,0.21238779,0.1485714316368103,0.10348258912563324,0.05962981656193733
YBR041W,YDR032C,0,0.21227331,0.1483594924211502,0.10348258912563324,0.059729866683483124
YML057W,YNL222W,1,0.21214223,0.14957265555858612,0.10447761416435242,0.059729866683483124
YDR347W,YIL074C,0,0.21191506,0.14935988187789917,0.10447761416435242,0.059829916805028915
YDR376W,YGR123C,0,0.21188885,0.14914773404598236,0.10447761416435242,0.05992996320128441
YDR456W,YGR194C,0,0.21184932,0.1489361673593521,0.10447761416435242,0.0600300133228302
YLR373C,YDR003W,0,0.21180955,0.1487252116203308,0.10447761416435242,0.06013006344437599
YDL007W,YLR414C,0,0.21170376,0.14851485192775726,0.10447761416435242,0.06023011356592178
YNL128W,YAR071W,1,0.21098517,0.1497175097465515,0.1054726392030716,0.06023011356592178
YGR104C,YGR189C,0,0.2107902,0.1495063453912735,0.1054726392030716,0.060330163687467575
YDR033W,YOL157C,0,0.21040651,0.14929577708244324,0.1054726392030716,0.06043021380901337
YLR008C,YOR044W,0,0.21032566,0.14908578991889954,0.1054726392030716,0.06053026393055916
YNL217W,YFR025C,1,0.21016051,0.1502808928489685,0.10646766424179077,0.06053026393055916
YDR478W,YNL007C,0,0.20956436,0.15007013082504272,0.10646766424179077,0.06063031405210495
YER062C,YOR014W,1,0.2093873,0.15126051008701324,0.10746268928050995,0.06063031405210495
YGR101W,YER184C,0,0.20882289,0.1510489583015442,0.10746268928050995,0.06073036417365074
YFR003C,YNL112W,0,0.20825817,0.1508379876613617,0.10746268928050995,0.06083041429519653
YER161C,YHR010W,0,0.20809373,0.15062761306762695,0.10746268928050995,0.060930464416742325
YHR101C,YDR032C,0,0.2080215,0.15041783452033997,0.10746268928050995,0.061030514538288116
YML129C,YDR531W,0,0.20772313,0.15020862221717834,0.10746268928050995,0.06113056465983391
YBL103C,YOR120W,0,0.20770954,0.15000000596046448,0.10746268928050995,0.0612306147813797
YMR166C,YNL115C,0,0.2075609,0.14979195594787598,0.10746268928050995,0.06133066490292549
YOR179C,YPL154C,0,0.2070965,0.14958448708057404,0.10746268928050995,0.06143071502447128
YDR046C,YDL144C,0,0.20703332,0.14937759935855865,0.10746268928050995,0.061530765146017075
YOR175C,YOR120W,0,0.20688884,0.14917127788066864,0.10746268928050995,0.061630815267562866
YKL088W,YHR044C,0,0.2066473,0.148965522646904,0.10746268928050995,0.06173086538910866
YEL054C,YDR088C,0,0.20655201,0.1487603336572647,0.10746268928050995,0.06183091551065445
YDR297W,YLR186W,0,0.20653735,0.1485557109117508,0.10746268928050995,0.06193096563220024
YPL085W,YDR116C,0,0.2064601,0.14835165441036224,0.10746268928050995,0.06203101575374603
YNL306W,YMR223W,0,0.2064279,0.14814814925193787,0.10746268928050995,0.062131065875291824
YCL031C,YPL186C,0,0.20622791,0.14794521033763885,0.10746268928050995,0.062231115996837616
YJR110W,YOL065C,1,0.20601149,0.149110808968544,0.10845771431922913,0.062231115996837616
YMR223W,YBL022C,0,0.20586766,0.1489071100950241,0.10845771431922913,0.06233116611838341
YLR086W,YDL019C,0,0.20576893,0.14870396256446838,0.10845771431922913,0.0624312162399292
YHR031C,YPR021C,0,0.20509343,0.14850136637687683,0.10845771431922913,0.06253126263618469
YOR155C,YIL112W,0,0.20466536,0.14829932153224945,0.10845771431922913,0.06263131648302078
YPL091W,YOR374W,0,0.20455901,0.14809782803058624,0.10845771431922913,0.06273136287927628
YBL074C,YOR131C,0,0.20451571,0.1478968858718872,0.10845771431922913,0.06283141672611237
YPR118W,YLR304C,0,0.2044692,0.14769648015499115,0.10845771431922913,0.06293146312236786
YMR166C,YDR077W,0,0.20420945,0.14749661087989807,0.10845771431922913,0.06303151696920395
YKR009C,YNL101W,0,0.20300673,0.14729729294776917,0.10845771431922913,0.06313156336545944
YHR086W,YLR403W,0,0.20280875,0.14709851145744324,0.10845771431922913,0.06323161721229553
YGL190C,YGR208W,1,0.20238085,0.14824797213077545,0.1094527393579483,0.06323161721229553
YOR278W,YKR030W,0,0.20170093,0.14804844558238983,0.1094527393579483,0.06333166360855103
YML027W,YDL019C,0,0.20153023,0.1478494554758072,0.1094527393579483,0.06343171745538712
YLR343W,YNL185C,0,0.20138426,0.14765100181102753,0.1094527393579483,0.06353176385164261
YDR270W,YML113W,0,0.2012201,0.14745308458805084,0.1094527393579483,0.0636318176984787
YGL223C,YDR503C,0,0.20095469,0.14725568890571594,0.1094527393579483,0.06373186409473419
YFL004W,YLR154C,0,0.20067102,0.14705882966518402,0.1094527393579483,0.06383191794157028
YLR048W,YKL195W,0,0.20056824,0.1468624770641327,0.1094527393579483,0.06393196433782578
YDR424C,YLR109W,0,0.20045175,0.14666666090488434,0.1094527393579483,0.06403201818466187
YNL159C,YPL048W,0,0.20043461,0.14647136628627777,0.1094527393579483,0.06413206458091736
YDR287W,YJR110W,1,0.19995,0.14760638773441315,0.11044776439666748,0.06413206458091736
YDL108W,YGL157W,0,0.19991136,0.14741036295890808,0.11044776439666748,0.06423211842775345
YEL061C,YHR181W,0,0.19990472,0.1472148597240448,0.11044776439666748,0.06433216482400894
YNL046W,YHR101C,0,0.19981612,0.1470198631286621,0.11044776439666748,0.06443221867084503
YJL072C,YGR035C,0,0.19973318,0.1468254029750824,0.11044776439666748,0.06453226506710052
YDL080C,YCR077C,0,0.19971566,0.14663143455982208,0.11044776439666748,0.06463231891393661
YPL271W,YIR009W,0,0.19875051,0.14643798768520355,0.11044776439666748,0.06473236531019211
YHR206W,YML034W,0,0.19867744,0.1462450623512268,0.11044776439666748,0.0648324191570282
YOL064C,YDL184C,0,0.19867265,0.14605262875556946,0.11044776439666748,0.06493246555328369
YDR074W,YBR276C,1,0.19860645,0.14717477560043335,0.11144278943538666,0.06493246555328369
YOL031C,YDR003W,0,0.19844843,0.1469816267490387,0.11144278943538666,0.06503251940011978
YER056C-A,YKL179C,0,0.19843744,0.14678898453712463,0.11144278943538666,0.06513256579637527
YOR155C,YNL325C,1,0.1982196,0.14790575206279755,0.11243781447410583,0.06513256579637527
YIR036C,YMR037C,0,0.1976048,0.14771242439746857,0.11243781447410583,0.06523261964321136
YBL020W,YNL115C,0,0.19757017,0.14751958847045898,0.11243781447410583,0.06533266603946686
YMR037C,YPL103C,0,0.19717991,0.1473272442817688,0.11243781447410583,0.06543271988630295
YOR373W,YIL136W,0,0.1970447,0.1471354216337204,0.11243781447410583,0.06553276628255844
YDR347W,YOL147C,0,0.19703345,0.1469440758228302,0.11243781447410583,0.06563282012939453
YML094W,YLR120C,0,0.19696973,0.1467532515525818,0.11243781447410583,0.06573286652565002
YDR334W,YDR251W,0,0.19695409,0.14656290411949158,0.11243781447410583,0.06583291292190552
YMR036C,YIL053W,1,0.19687435,0.14766839146614075,0.11343283951282501,0.06583291292190552
YMR223W,YPR028W,0,0.1967984,0.14747735857963562,0.11343283951282501,0.06593296676874161
YJR134C,YBR241C,0,0.19630115,0.1472868174314499,0.11343283951282501,0.0660330131649971
YOL064C,YIL113W,1,0.19627146,0.1483870893716812,0.11442785710096359,0.0660330131649971
YJL165C,YCR075C,0,0.19607648,0.14819587767124176,0.11442785710096359,0.06613306701183319
YPL177C,YPR054W,0,0.19571906,0.1480051428079605,0.11442785710096359,0.06623311340808868
YGL232W,YJL158C,0,0.19570763,0.14781491458415985,0.11442785710096359,0.06633316725492477
YNL310C,YPL092W,0,0.19568105,0.1476251631975174,0.11442785710096359,0.06643321365118027
YJL125C,YIL124W,0,0.19556093,0.14743590354919434,0.11442785710096359,0.06653326749801636
YJL072C,YGR234W,0,0.19530225,0.14724712073802948,0.11442785710096359,0.06663331389427185
YDL051W,YFR006W,0,0.19520642,0.14705882966518402,0.11442785710096359,0.06673336774110794
YLR370C,YCR054C,0,0.1948138,0.14687101542949677,0.11442785710096359,0.06683341413736343
YLL062C,YOR288C,0,0.19477585,0.1466836780309677,0.11442785710096359,0.06693346798419952
YKL179C,YDR298C,0,0.19467443,0.14649681746959686,0.11442785710096359,0.06703351438045502
YOR109W,YDR284C,1,0.19446848,0.14758269488811493,0.11542288213968277,0.06703351438045502
YMR165C,YML057W,1,0.19439875,0.14866581559181213,0.11641790717840195,0.06703351438045502
YJL048C,YMR004W,0,0.19421656,0.14847715198993683,0.11641790717840195,0.06713356822729111
YMR156C,YDR436W,1,0.19395946,0.14955639839172363,0.11741293221712112,0.06713356822729111
YDL108W,YGL253W,0,0.19340296,0.149367094039917,0.11741293221712112,0.0672336146235466
YKL212W,YOL065C,1,0.19326635,0.1504424810409546,0.1184079572558403,0.0672336146235466
YKR053C,YDR287W,1,0.19301222,0.1515151560306549,0.11940298229455948,0.0672336146235466
YJL157C,YGL137W,0,0.1929728,0.1513240784406662,0.11940298229455948,0.06733366847038269
YNL159C,YJR060W,0,0.19256686,0.15113350749015808,0.11940298229455948,0.06743371486663818
YOR063W,YAL062W,0,0.192348,0.15094339847564697,0.11940298229455948,0.06753376871347427
YBR237W,YLR120C,0,0.19207685,0.15075376629829407,0.11940298229455948,0.06763381510972977
YHL040C,YOL103W,0,0.19155748,0.15056461095809937,0.11940298229455948,0.06773386895656586
YER053C,YER164W,0,0.19148444,0.15037593245506287,0.11940298229455948,0.06783391535282135
YDR093W,YPL159C,0,0.1914576,0.15018773078918457,0.11940298229455948,0.06793396919965744
YNL310C,YJL062W,0,0.19138713,0.15000000596046448,0.11940298229455948,0.06803401559591293
YDR297W,YPL038W,0,0.19127688,0.1498127281665802,0.11940298229455948,0.06813406944274902
YNL191W,YOR270C,0,0.19127007,0.14962594211101532,0.11940298229455948,0.06823411583900452
YHL032C,YBL023C,0,0.19115567,0.14943960309028625,0.11940298229455948,0.0683341696858406
YOR127W,YDR031W,0,0.19069093,0.1492537260055542,0.11940298229455948,0.0684342160820961
YGR104C,YHR147C,0,0.19068657,0.14906832575798035,0.11940298229455948,0.06853426992893219
YNR032W,YER062C,1,0.19053774,0.15012407302856445,0.12039800733327866,0.06853426992893219
YJR104C,YLR120C,0,0.19045764,0.14993804693222046,0.12039800733327866,0.06863431632518768
YDL127W,YDL195W,0,0.19022293,0.14975246787071228,0.12039800733327866,0.06873437017202377
YML043C,YDL085W,0,0.19011007,0.1495673656463623,0.12039800733327866,0.06883441656827927
YOR155C,YML043C,0,0.19007722,0.14938271045684814,0.12039800733327866,0.06893447041511536
YPL091W,YKL017C,0,0.18976668,0.149198517203331,0.12039800733327866,0.06903451681137085
YOL003C,YCR028C,0,0.1895586,0.14901477098464966,0.12039800733327866,0.06913457065820694
YDL137W,YKL028W,0,0.1890031,0.14883148670196533,0.12039800733327866,0.06923461705446243
YOR069W,YMR152W,0,0.18858705,0.14864864945411682,0.12039800733327866,0.06933467090129852
YKR090W,YIL125W,0,0.18827394,0.14846625924110413,0.12039800733327866,0.06943471729755402
YBR205W,YEL015W,0,0.18807921,0.14828431606292725,0.12039800733327866,0.06953476369380951
YER036C,YKL109W,0,0.18790413,0.14810281991958618,0.12039800733327866,0.0696348175406456
YBR156C,YHL047C,0,0.18785156,0.14792175590991974,0.12039800733327866,0.06973486393690109
YMR036C,YML100W,1,0.18784903,0.14896215498447418,0.12139303237199783,0.06973486393690109
YLR040C,YMR163C,0,0.18772547,0.14878049492835999,0.12139303237199783,0.06983491778373718
YNL119W,YDR298C,0,0.18761337,0.1485992670059204,0.12139303237199783,0.06993496417999268
YNL046W,YNL213C,0,0.18748723,0.14841848611831665,0.12139303237199783,0.07003501802682877
YMR056C,YML037C,0,0.18696338,0.1482381522655487,0.12139303237199783,0.07013506442308426
YFL047W,YIR006C,0,0.18696088,0.14805825054645538,0.12139303237199783,0.07023511826992035
YNL098C,YNL091W,0,0.18687345,0.14787878096103668,0.12139303237199783,0.07033516466617584
YIR002C,YNR047W,0,0.18650837,0.1476997584104538,0.12139303237199783,0.07043521851301193
YPL172C,YDL008W,0,0.18539412,0.14752116799354553,0.12139303237199783,0.07053526490926743
YML018C,YDR342C,0,0.18526092,0.1473429948091507,0.12139303237199783,0.07063531875610352
YOR096W,YDR362C,0,0.18524757,0.14716525375843048,0.12139303237199783,0.07073536515235901
YMR088C,YOR270C,0,0.1851156,0.1469879448413849,0.12139303237199783,0.0708354189991951
YCL055W,YNR040W,0,0.18510649,0.14681106805801392,0.12139303237199783,0.07093546539545059
YER027C,YDL144C,0,0.18466718,0.14663460850715637,0.12139303237199783,0.07103551924228668
YGL136C,YDR018C,0,0.18449186,0.14645858108997345,0.12139303237199783,0.07113556563854218
YLR038C,YDR523C,0,0.1844498,0.14628297090530396,0.12139303237199783,0.07123561948537827
YHR116W,YJL108C,0,0.18428533,0.1461077779531479,0.12139303237199783,0.07133566588163376
YDL109C,YFL044C,0,0.18404536,0.14593301713466644,0.12139303237199783,0.07143571972846985
YBR041W,YDR298C,0,0.18400103,0.14575865864753723,0.12139303237199783,0.07153576612472534
YML125C,YGL059W,0,0.18391399,0.14558473229408264,0.12139303237199783,0.07163581997156143
YLR192C,YHR181W,0,0.18387188,0.14541120827198029,0.12139303237199783,0.07173586636781693
YDR287W,YDL236W,1,0.18370676,0.14642857015132904,0.12238805741071701,0.07173586636781693
YKL190W,YBR126C,1,0.18337767,0.1474435180425644,0.12338308244943619,0.07173586636781693
YFR025C,YER062C,1,0.1832373,0.14845605194568634,0.12437810748815536,0.07173586636781693
YDL085W,YLR045C,0,0.18316367,0.14827995002269745,0.12437810748815536,0.07183592021465302
YNL291C,YKL011C,0,0.18312164,0.14810426533222198,0.12437810748815536,0.07193596661090851
YER075C,YNL106C,1,0.18292846,0.14911243319511414,0.12537313997745514,0.07193596661090851
YDL120W,YOL105C,0,0.18248884,0.1489361673593521,0.12537313997745514,0.0720360204577446
YMR198W,YGL040C,0,0.18242879,0.1487603336572647,0.12537313997745514,0.07213606685400009
YLR074C,YDR529C,0,0.18240829,0.14858490228652954,0.12537313997745514,0.07223612070083618
YLR370C,YDR118W,0,0.18234514,0.1484098881483078,0.12537313997745514,0.07233616709709167
YFL039C,YNL289W,0,0.18220286,0.1482352912425995,0.12537313997745514,0.07243622094392776
YHR046C,YER099C,0,0.18196085,0.1480611115694046,0.12537313997745514,0.07253626734018326
YDL051W,YLR120C,0,0.1816134,0.14788731932640076,0.12537313997745514,0.07263632118701935
YDR279W,YHL004W,0,0.18156822,0.14771394431591034,0.12537313997745514,0.07273636758327484
YER068W,YGL161C,0,0.18114756,0.14754098653793335,0.12537313997745514,0.07283642143011093
YFR025C,YJR110W,1,0.1809802,0.1485380083322525,0.12636816501617432,0.07283642143011093
YMR080C,YDR376W,0,0.18070185,0.14836448431015015,0.12636816501617432,0.07293646782636642
YOR131C,YDL134C,1,0.18030205,0.14935822784900665,0.1273631900548935,0.07293646782636642
YIR002C,YLR441C,0,0.18010922,0.14918415248394012,0.1273631900548935,0.07303652167320251
YGR009C,YOR067C,0,0.18000041,0.14901047945022583,0.1273631900548935,0.07313656806945801
YIR006C,YDR510W,0,0.17953329,0.14883720874786377,0.1273631900548935,0.0732366219162941
YML060W,YNL310C,0,0.17936268,0.14866434037685394,0.1273631900548935,0.07333666831254959
YEL013W,YPR098C,0,0.17902315,0.14849187433719635,0.1273631900548935,0.07343671470880508
YDR067C,YMR261C,1,0.17866234,0.14947856962680817,0.12835821509361267,0.07343671470880508
YJL046W,YNL007C,0,0.17780395,0.1493055522441864,0.12835821509361267,0.07353676855564117
YML054C,YLR427W,0,0.17755759,0.14913295209407806,0.12835821509361267,0.07363681495189667
YDR341C,YLR154C,0,0.17730017,0.14896073937416077,0.12835821509361267,0.07373686879873276
YCR079W,YJL098W,1,0.17720737,0.1499423235654831,0.12935324013233185,0.07373686879873276
YGR008C,YOR070C,0,0.1770957,0.149769589304924,0.12935324013233185,0.07383691519498825
YMR056C,YCL066W,0,0.17701522,0.14959724247455597,0.12935324013233185,0.07393696904182434
YOR174W,YGL084C,0,0.17692924,0.14942528307437897,0.12935324013233185,0.07403701543807983
YNL032W,YLR433C,1,0.17679094,0.15040183067321777,0.13034826517105103,0.07403701543807983
YBR058C,YLR371W,0,0.17647362,0.15022936463356018,0.13034826517105103,0.07413706928491592
YIL150C,YPL206C,0,0.17593636,0.15005727112293243,0.13034826517105103,0.07423711568117142
YJR104C,YDL108W,0,0.17582905,0.14988557994365692,0.13034826517105103,0.07433716952800751
YDR481C,YFL036W,0,0.17577769,0.14971429109573364,0.13034826517105103,0.074437215924263
YHR025W,YDR231C,0,0.17533274,0.1495433747768402,0.13034826517105103,0.07453726977109909
YOR269W,YDR330W,0,0.17533183,0.149372860789299,0.13034826517105103,0.07463731616735458
YPR166C,YHR186C,0,0.17527436,0.14920273423194885,0.13034826517105103,0.07473737001419067
YIL172C,YGR135W,0,0.17472552,0.14903299510478973,0.13034826517105103,0.07483741641044617
YDL047W,YNL053W,1,0.17443942,0.15000000596046448,0.1313432902097702,0.07483741641044617
YNR008W,YIL155C,0,0.17418072,0.14982974529266357,0.1313432902097702,0.07493747025728226
YMR302C,YHR036W,0,0.17405611,0.14965985715389252,0.1313432902097702,0.07503751665353775
YDL190C,YJL170C,0,0.17400995,0.1494903713464737,0.1313432902097702,0.07513757050037384
YBL069W,YLR078C,0,0.1738584,0.1493212729692459,0.1313432902097702,0.07523761689662933
YLR304C,YIR009W,0,0.17351131,0.14915254712104797,0.1313432902097702,0.07533767074346542
YNL046W,YML085C,0,0.17348589,0.14898419380187988,0.1313432902097702,0.07543771713972092
YNL053W,YEL038W,1,0.173445,0.14994363486766815,0.13233831524848938,0.07543771713972092
YAR019C,YLR186W,0,0.17277865,0.14977477490901947,0.13233831524848938,0.075537770986557
YDL136W,YDR197W,0,0.17270017,0.14960630238056183,0.13233831524848938,0.0756378173828125
YBR198C,YOR244W,0,0.17224751,0.14943820238113403,0.13233831524848938,0.07573787122964859
YDR065W,YGL157W,0,0.17208944,0.14927048981189728,0.13233831524848938,0.07583791762590408
YOL003C,YOR306C,0,0.1719642,0.14910313487052917,0.13233831524848938,0.07593797147274017
YDL127W,YEL016C,0,0.17178565,0.1489361673593521,0.13233831524848938,0.07603801786899567
YKL190W,YFR025C,1,0.17164947,0.14988814294338226,0.13333334028720856,0.07603801786899567
YMR087W,YHR004C,1,0.17163415,0.1508379876613617,0.13432836532592773,0.07603801786899567
YKL152C,YGL224C,1,0.1715323,0.1517857164144516,0.1353233903646469,0.07603801786899567
YGL009C,YLR038C,0,0.1711297,0.15161649882793427,0.1353233903646469,0.07613807171583176
YAL041W,YMR303C,0,0.17096551,0.15144766867160797,0.1353233903646469,0.07623811811208725
YPL179W,YOR014W,1,0.17096083,0.15239155292510986,0.1363184154033661,0.07623811811208725
YKR053C,YFR040W,1,0.1709312,0.15333333611488342,0.13731342554092407,0.07623811811208725
YGR292W,YML063W,0,0.17089325,0.1531631499528885,0.13731342554092407,0.07633817195892334
YDL164C,YOR066W,0,0.17088178,0.1529933512210846,0.13731342554092407,0.07643821835517883
YML027W,YIR006C,0,0.17085536,0.15282392501831055,0.13731342554092407,0.07653827220201492
YNR027W,YNL046W,0,0.1704465,0.15265487134456635,0.13731342554092407,0.07663831859827042
YER099C,YBR082C,0,0.17041157,0.152486190199852,0.13731342554092407,0.0767383724451065
YMR223W,YHR017W,0,0.1698688,0.15231788158416748,0.13731342554092407,0.076838418841362
YML018C,YDR487C,0,0.1693088,0.15214994549751282,0.13731342554092407,0.07693847268819809
YKR053C,YOR090C,1,0.16871965,0.1530836969614029,0.13830845057964325,0.07693847268819809
YPL157W,YDL180W,0,0.16863167,0.15291529893875122,0.13830845057964325,0.07703851908445358
YLR448W,YIL160C,0,0.16855846,0.1527472585439682,0.13830845057964325,0.07713857293128967
YDR071C,YKL017C,0,0.1685067,0.15257957577705383,0.13830845057964325,0.07723861932754517
YBR041W,YGL206C,0,0.16841353,0.1524122804403305,0.13830845057964325,0.07733866572380066
YKL152C,YNL222W,1,0.16824295,0.1533406376838684,0.13930347561836243,0.07733866572380066
YOR308C,YPL159C,0,0.16795836,0.15317286550998688,0.13930347561836243,0.07743871957063675
YBR159W,YKL109W,0,0.16767697,0.1530054658651352,0.13930347561836243,0.07753876596689224
YJL198W,YHL004W,0,0.16752584,0.15283842384815216,0.13930347561836243,0.07763881981372833
YHR167W,YER020W,0,0.1669866,0.15267175436019897,0.13930347561836243,0.07773886620998383
YKR038C,YIR037W,0,0.16695203,0.15250544250011444,0.13930347561836243,0.07783892005681992
YAL016W,YOR014W,1,0.1668892,0.15342764556407928,0.1402985006570816,0.07783892005681992
YML057W,YGL190C,1,0.16684681,0.15434782207012177,0.14129352569580078,0.07783892005681992
YGL253W,YNR001C,0,0.16680922,0.15418024361133575,0.14129352569580078,0.07793896645307541
YNL159C,YDL060W,0,0.16678767,0.1540130078792572,0.14129352569580078,0.0780390202999115
YDR236C,YLR147C,0,0.1664219,0.1538461595773697,0.14129352569580078,0.07813906669616699
YOL064C,YPR184W,0,0.1661251,0.15367965400218964,0.14129352569580078,0.07823912054300308
YGL224C,YGL190C,1,0.16611932,0.15459460020065308,0.14228855073451996,0.07823912054300308
YDR251W,YHR036W,0,0.1659203,0.1544276475906372,0.14228855073451996,0.07833916693925858
YHR171W,YOR233W,0,0.16555806,0.15426105260849,0.14228855073451996,0.07843922078609467
YHL044W,YPL026C,0,0.16553645,0.15409483015537262,0.14228855073451996,0.07853926718235016
YER114C,YLR172C,0,0.16550155,0.1539289504289627,0.14228855073451996,0.07863932102918625
YBR245C,YGR037C,0,0.16539146,0.15376344323158264,0.14228855073451996,0.07873936742544174
YMR297W,YDR279W,0,0.16538309,0.15359827876091003,0.14228855073451996,0.07883942127227783
YPL060W,YHR171W,0,0.16520946,0.15343347191810608,0.14228855073451996,0.07893946766853333
YJR065C,YCL050C,0,0.16491055,0.15326902270317078,0.14228855073451996,0.07903952151536942
YCL061C,YJL062W,0,0.16486385,0.15310493111610413,0.14228855073451996,0.07913956791162491
YKL088W,YDL144C,0,0.1648013,0.15294118225574493,0.14228855073451996,0.079239621758461
YBL057C,YBR035C,0,0.16475736,0.1527777761220932,0.14228855073451996,0.07933966815471649
YPR118W,YNR007C,0,0.16444574,0.15261472761631012,0.14228855073451996,0.07943972200155258
YBR092C,YGR014W,0,0.1641798,0.1524520218372345,0.14228855073451996,0.07953976839780807
YHR147C,YGL123W,0,0.16398673,0.15228967368602753,0.14228855073451996,0.07963982224464417
YOR109W,YOR131C,1,0.16388728,0.1531914919614792,0.14328357577323914,0.07963982224464417
YDR074W,YDR287W,1,0.16374503,0.15409138798713684,0.1442786008119583,0.07963982224464417
YJR098C,YDL127W,0,0.16364525,0.15392781794071198,0.1442786008119583,0.07973986864089966
YPL091W,YMR042W,0,0.16349009,0.15376457571983337,0.1442786008119583,0.07983992248773575
YDR347W,YEL065W,0,0.16348149,0.15360169112682343,0.1442786008119583,0.07993996888399124
YDL137W,YDR056C,0,0.16339721,0.15343914926052094,0.1442786008119583,0.08004002273082733
YNR008W,YBR245C,0,0.16337462,0.1532769501209259,0.1442786008119583,0.08014006912708282
YNR027W,YIL034C,0,0.16259511,0.15311509370803833,0.1442786008119583,0.08024012297391891
YKL218C,YDL144C,0,0.16224816,0.15295358002185822,0.1442786008119583,0.08034016937017441
YLR266C,YBR176W,0,0.16217472,0.15279240906238556,0.1442786008119583,0.0804402232170105
YDL019C,YCL047C,0,0.16193058,0.15263158082962036,0.1442786008119583,0.08054026961326599
YMR036C,YBR125C,1,0.16190627,0.15352261066436768,0.1452736258506775,0.08054026961326599
YOR067C,YCL047C,0,0.16188571,0.15336135029792786,0.1452736258506775,0.08064032346010208
YKL034W,YPR021C,0,0.16187142,0.1532004177570343,0.1452736258506775,0.08074036985635757
YOL005C,YOR120W,0,0.1614589,0.1530398279428482,0.1452736258506775,0.08084042370319366
YEL064C,YPL085W,0,0.16121069,0.15287958085536957,0.1452736258506775,0.08094047009944916
YOR131C,YGL229C,1,0.16108571,0.1537656933069229,0.14626865088939667,0.08094047009944916
YKL218C,YLR371W,0,0.16107677,0.15360501408576965,0.14626865088939667,0.08104052394628525
YAR071W,YMR156C,1,0.16107109,0.15448851883411407,0.14726367592811584,0.08104052394628525
YKL135C,YLR439W,0,0.16102462,0.1543274223804474,0.14726367592811584,0.08114057034254074
YER083C,YOR096W,0,0.16081314,0.15416666865348816,0.14726367592811584,0.08124061673879623
YOR278W,YDR166C,0,0.16070944,0.1540062427520752,0.14726367592811584,0.08134067058563232
YER036C,YFL041W,0,0.16066748,0.1538461595773697,0.14726367592811584,0.08144071698188782
YDR531W,YAL013W,0,0.16053851,0.15368638932704926,0.14726367592811584,0.08154077082872391
YDL188C,YOR014W,1,0.16045566,0.15456432104110718,0.14825870096683502,0.08154077082872391
YER095W,YPL154C,0,0.16038407,0.1544041484594345,0.14825870096683502,0.0816408172249794
YBR283C,YMR026C,0,0.16036396,0.1542443037033081,0.14825870096683502,0.08174087107181549
YLR096W,YDR387C,0,0.16027746,0.15408480167388916,0.14825870096683502,0.08184091746807098
YHR086W,YPR122W,0,0.16025822,0.15392561256885529,0.14825870096683502,0.08194097131490707
YKR062W,YHR036W,0,0.16023244,0.15376676619052887,0.14825870096683502,0.08204101771116257
YGL223C,YJL062W,0,0.1601903,0.15360824763774872,0.14825870096683502,0.08214107155799866
YHR017W,YGR262C,0,0.15985703,0.15345005691051483,0.14825870096683502,0.08224111795425415
YGL039W,YHR011W,0,0.15978669,0.15329217910766602,0.14825870096683502,0.08234117180109024
YJL073W,YKR030W,0,0.15973476,0.15313462913036346,0.14825870096683502,0.08244121819734573
YKR053C,YHR004C,1,0.15951674,0.15400411188602448,0.1492537260055542,0.08244121819734573
YBR036C,YPL154C,0,0.15950467,0.1538461595773697,0.1492537260055542,0.08254127204418182
YOL138C,YNL301C,0,0.15948074,0.15368852019309998,0.1492537260055542,0.08264131844043732
YNL053W,YJL134W,1,0.15942849,0.15455475449562073,0.15024875104427338,0.08264131844043732
YDR224C,YGR184C,0,0.15930896,0.15439672768115997,0.15024875104427338,0.08274137228727341
YDL075W,YDR376W,0,0.1593033,0.1542390137910843,0.15024875104427338,0.0828414186835289
YNR070W,YHR171W,0,0.15927206,0.15408162772655487,0.15024875104427338,0.08294147253036499
YBR198C,YPL172C,0,0.15921898,0.15392456948757172,0.15024875104427338,0.08304151892662048
YLR396C,YMR056C,0,0.15909493,0.15376782417297363,0.15024875104427338,0.08314157277345657
YPR108W,YJL008C,0,0.15907069,0.15361139178276062,0.15024875104427338,0.08324161916971207
YDR067C,YGL190C,1,0.15895306,0.15447154641151428,0.15124377608299255,0.08324161916971207
YLR373C,YOL105C,0,0.15887494,0.15431472659111023,0.15124377608299255,0.08334167301654816
YOL067C,YDL085W,0,0.15884577,0.15415821969509125,0.15124377608299255,0.08344171941280365
YGR088W,YER025W,0,0.15843712,0.15400202572345734,0.15124377608299255,0.08354177325963974
YBR198C,YOR075W,0,0.1582501,0.1538461595773697,0.15124377608299255,0.08364181965589523
YJR121W,YGL137W,0,0.15817134,0.15369059145450592,0.15124377608299255,0.08374187350273132
YER027C,YHR089C,0,0.15808453,0.15353535115718842,0.15124377608299255,0.08384191989898682
YDR481C,YOL138C,0,0.15795763,0.15338042378425598,0.15124377608299255,0.0839419737458229
YHR044C,YDR014W,0,0.15793592,0.15322580933570862,0.15124377608299255,0.0840420201420784
YDR481C,YNL032W,1,0.15791054,0.15407854318618774,0.15223880112171173,0.0840420201420784
YBR205W,YDL056W,0,0.15785612,0.15392354130744934,0.15223880112171173,0.08414207398891449
YBR082C,YDR121W,0,0.15756778,0.15376883745193481,0.15223880112171173,0.08424212038516998
YDL007W,YKR058W,0,0.15722136,0.15361446142196655,0.15223880112171173,0.08434217423200607
YPL148C,YFL039C,0,0.1572134,0.15346038341522217,0.15223880112171173,0.08444222062826157
YGR009C,YEL016C,0,0.15695505,0.15330661833286285,0.15223880112171173,0.08454227447509766
YOR151C,YJR033C,0,0.156191,0.15315315127372742,0.15223880112171173,0.08464232087135315
YCR009C,YKL198C,0,0.15584512,0.15299999713897705,0.15223880112171173,0.08474237471818924
YBR267W,YIL136W,0,0.15573789,0.15284715592861176,0.15223880112171173,0.08484242111444473
YDR022C,YNL268W,0,0.15567575,0.15269461274147034,0.15223880112171173,0.08494246751070023
YLR237W,YIL124W,0,0.15545516,0.1525423675775528,0.15223880112171173,0.08504252135753632
YGR009C,YFL041W,0,0.15537922,0.15239043533802032,0.15223880112171173,0.08514256775379181
YMR043W,YIR006C,0,0.15526217,0.15223880112171173,0.15223880112171173,0.0852426216006279
YPR098C,YHR052W,0,0.1551971,0.1520874798297882,0.15223880112171173,0.08534266799688339
YDL141W,YFR015C,0,0.15506049,0.15193644165992737,0.15223880112171173,0.08544272184371948
YNL322C,YMR201C,0,0.15470178,0.1517857164144516,0.15223880112171173,0.08554276823997498
YML057W,YMR180C,1,0.15460585,0.15262636542320251,0.1532338261604309,0.08554276823997498
YBL024W,YEL013W,0,0.15455873,0.1524752527475357,0.1532338261604309,0.08564282208681107
YJL125C,YBR185C,0,0.15443291,0.15232443809509277,0.1532338261604309,0.08574286848306656
YBR123C,YDR487C,0,0.15430224,0.15217390656471252,0.1532338261604309,0.08584292232990265
YML077W,YDR342C,0,0.15412389,0.15202368795871735,0.1532338261604309,0.08594296872615814
YLR109W,YDR390C,0,0.1539204,0.15187376737594604,0.1532338261604309,0.08604302257299423
YGL211W,YDR077W,0,0.1532392,0.15172414481639862,0.1532338261604309,0.08614306896924973
YOR109W,YGL224C,1,0.15315916,0.1525590568780899,0.15422885119915009,0.08614306896924973
YPL271W,YMR285C,0,0.15315257,0.15240904688835144,0.15422885119915009,0.08624312281608582
YMR316W,YGL009C,0,0.15304984,0.15225933492183685,0.15422885119915009,0.08634316921234131
YMR156C,YBL056W,1,0.15301639,0.15309126675128937,0.15522387623786926,0.08634316921234131
YFL004W,YOL030W,0,0.15294847,0.15294118225574493,0.15522387623786926,0.0864432230591774
YBR166C,YLR079W,0,0.15291657,0.15279138088226318,0.15522387623786926,0.08654326945543289
YMR130W,YDL134C,1,0.15286337,0.15362034738063812,0.15621890127658844,0.08654326945543289
YOR090C,YEL038W,1,0.15272169,0.15444770455360413,0.15721392631530762,0.08654326945543289
YIL078W,YJR033C,0,0.15265144,0.154296875,0.15721392631530762,0.08664332330226898
YDR481C,YDL188C,1,0.15255019,0.15512195229530334,0.1582089513540268,0.08664332330226898
YJR104C,YML060W,0,0.15236406,0.15497076511383057,0.1582089513540268,0.08674336969852448
YDR456W,YLR127C,0,0.1523452,0.15481986105442047,0.1582089513540268,0.08684342354536057
YDR253C,YKL088W,0,0.15222138,0.15466925501823425,0.1582089513540268,0.08694346994161606
YPL154C,YOL147C,0,0.15164773,0.1545189470052719,0.1582089513540268,0.08704352378845215
YLR345W,YLR361C,1,0.15152752,0.1553398072719574,0.15920397639274597,0.08704352378845215
YIL145C,YPL095C,0,0.15116231,0.1551891416311264,0.15920397639274597,0.08714357018470764
YLR266C,YDR169C,0,0.15101807,0.1550387591123581,0.15920397639274597,0.08724362403154373
YHL044W,YDR288W,0,0.15097608,0.15488867461681366,0.15920397639274597,0.08734367042779922
YOR348C,YDL205C,0,0.15083145,0.1547388732433319,0.15920397639274597,0.08744372427463531
YFR003C,YLL011W,0,0.15077583,0.15458936989307404,0.15920397639274597,0.08754377067089081
YBR273C,YBR297W,0,0.1505063,0.15444014966487885,0.15920397639274597,0.0876438245177269
YNL010W,YIL002C,1,0.15049851,0.1552555412054062,0.16019900143146515,0.0876438245177269
YDL067C,YDL082W,0,0.15024765,0.15510597825050354,0.16019900143146515,0.08774387091398239
YLR237W,YOR270C,0,0.14962472,0.15495668351650238,0.16019900143146515,0.08784392476081848
YMR051C,YMR022W,0,0.14913826,0.1548076868057251,0.16019900143146515,0.08794397115707397
YPL206C,YML048W,0,0.14910518,0.1546589881181717,0.16019900143146515,0.08804402500391006
YJR001W,YML088W,0,0.148998,0.15451055765151978,0.16019900143146515,0.08814407140016556
YKL088W,YFR015C,0,0.14881167,0.15436241030693054,0.16019900143146515,0.08824412524700165
YFR025C,YHR215W,1,0.14876977,0.1551724076271057,0.16119402647018433,0.08824412524700165
YDR436W,YIL053W,1,0.14872728,0.15598085522651672,0.1621890515089035,0.08824412524700165
YNL158W,YOR150W,0,0.14871396,0.1558317393064499,0.1621890515089035,0.08834417164325714
YIL026C,YOL056W,0,0.14856023,0.15568290650844574,0.1621890515089035,0.08844422549009323
YDR418W,YNR016C,0,0.1482804,0.15553435683250427,0.1621890515089035,0.08854427188634872
YDR050C,YGR014W,0,0.1480905,0.1553860753774643,0.1621890515089035,0.08864432573318481
YHL040C,YMR056C,0,0.14799254,0.1552380919456482,0.1621890515089035,0.08874437212944031
YMR088C,YMR233W,0,0.14766313,0.15509039163589478,0.1621890515089035,0.0888444185256958
YGL224C,YPL228W,1,0.14764039,0.15589353442192078,0.16318407654762268,0.0888444185256958
YOR179C,YDL204W,0,0.14739121,0.1557454913854599,0.16318407654762268,0.08894447237253189
YBL064C,YDR228C,0,0.14731582,0.1555977165699005,0.16318407654762268,0.08904451876878738
YKR105C,YNR007C,0,0.14709553,0.155450239777565,0.16318407654762268,0.08914457261562347
YGR295C,YKL017C,0,0.14709178,0.15530303120613098,0.16318407654762268,0.08924461901187897
YLR361C,YOR155C,1,0.14705014,0.15610218048095703,0.16417910158634186,0.08924461901187897
YGR123C,YOR090C,1,0.14679089,0.1568998098373413,0.16517412662506104,0.08924461901187897
YNR043W,YLL001W,0,0.14618088,0.15675164759159088,0.16517412662506104,0.08934467285871506
YAL034W-A,YNR040W,0,0.1459554,0.15660376846790314,0.16517412662506104,0.08944471925497055
YML125C,YNR041C,0,0.14587513,0.15645617246627808,0.16517412662506104,0.08954477310180664
YBR058C,YDR069C,0,0.14552714,0.1563088446855545,0.16517412662506104,0.08964481949806213
YML027W,YDR236C,0,0.14531311,0.15616180002689362,0.16517412662506104,0.08974487334489822
YPR073C,YGL224C,1,0.14528571,0.15695488452911377,0.1661691516637802,0.08974487334489822
YPR063C,YNL046W,0,0.14516325,0.15680751204490662,0.1661691516637802,0.08984491974115372
YGR106C,YBR297W,0,0.14486124,0.15666040778160095,0.1661691516637802,0.08994497358798981
YPR036W,YMR208W,0,0.14484219,0.15651358664035797,0.1661691516637802,0.0900450199842453
YOL030W,YOL005C,0,0.1446313,0.15636704862117767,0.1661691516637802,0.09014507383108139
YIL053W,YIL113W,1,0.14441024,0.15715621411800385,0.1671641767024994,0.09014507383108139
YOR224C,YOR044W,0,0.14436275,0.15700934827327728,0.1671641767024994,0.09024512022733688
YGR008C,YPL160W,0,0.14435875,0.1568627506494522,0.1671641767024994,0.09034517407417297
YCR037C,YJL121C,0,0.14432286,0.15671642124652863,0.1671641767024994,0.09044522047042847
YDL024C,YDL134C,1,0.14429872,0.15750232338905334,0.16815920174121857,0.09044522047042847
YDR481C,YER056C-A,0,0.14419603,0.1573556810617447,0.16815920174121857,0.09054527431726456
YLR377C,YER062C,1,0.14419441,0.15813954174518585,0.16915422677993774,0.09054527431726456
YFL047W,YJR033C,0,0.14365193,0.15799257159233093,0.16915422677993774,0.09064532071352005
YPR048W,YKL100C,0,0.14355491,0.1578458696603775,0.16915422677993774,0.09074537456035614
YHR172W,YML088W,0,0.14354268,0.15769945085048676,0.16915422677993774,0.09084542095661163
YER174C,YKL059C,0,0.1435043,0.1575532853603363,0.16915422677993774,0.09094547480344772
YIR017C,YJL190C,0,0.14347796,0.15740740299224854,0.16915422677993774,0.09104552119970322
YGR009C,YKL034W,0,0.14347692,0.15726178884506226,0.16915422677993774,0.0911455750465393
YML042W,YGL031C,0,0.14347409,0.15711645781993866,0.16915422677993774,0.0912456214427948
YML070W,YKR105C,0,0.1433958,0.15697138011455536,0.16915422677993774,0.09134567528963089
YER174C,YGL191W,0,0.14272273,0.15682657063007355,0.16915422677993774,0.09144572168588638
YOR308C,YGL229C,0,0.14256409,0.15668202936649323,0.16915422677993774,0.09154577553272247
YKL152C,YML057W,1,0.14242804,0.15745855867862701,0.17014925181865692,0.09154577553272247
YBR036C,YPR184W,0,0.14198373,0.15731370449066162,0.17014925181865692,0.09164582192897797
YJR025C,YPL155C,0,0.14168562,0.15716911852359772,0.17014925181865692,0.09174587577581406
YGL040C,YOR244W,0,0.14158238,0.1570248007774353,0.17014925181865692,0.09184592217206955
YGL224C,YFR040W,1,0.14124207,0.157798171043396,0.1711442768573761,0.09184592217206955
YHR206W,YLR090W,0,0.1409225,0.15765352547168732,0.1711442768573761,0.09194597601890564
YLR038C,YGL095C,0,0.14014335,0.15750916302204132,0.1711442768573761,0.09204602241516113
YML015C,YIL125W,0,0.13986753,0.15736505389213562,0.1711442768573761,0.09214607626199722
YNL053W,YML100W,1,0.13973996,0.1581352800130844,0.17213930189609528,0.09214607626199722
YLR439W,YER082C,0,0.13972358,0.15799087285995483,0.17213930189609528,0.09224612265825272
YEL050C,YML063W,0,0.1396017,0.15784671902656555,0.17213930189609528,0.0923461765050888
YBL093C,YLR450W,0,0.13946931,0.15770281851291656,0.17213930189609528,0.0924462229013443
YNL112W,YKL034W,0,0.13925065,0.15755920112133026,0.17213930189609528,0.09254627674818039
YNL112W,YIR037W,0,0.1389447,0.15741583704948425,0.17213930189609528,0.09264632314443588
YJL019W,YPR122W,0,0.1389047,0.15727272629737854,0.17213930189609528,0.09274636954069138
YNL212W,YGR191W,0,0.13877662,0.15712988376617432,0.17213930189609528,0.09284642338752747
YOR181W,YGL229C,0,0.13854724,0.1569872945547104,0.17213930189609528,0.09294646978378296
YMR235C,YJL052W,0,0.13838997,0.15684497356414795,0.17213930189609528,0.09304652363061905
YOR347C,YML060W,0,0.1377659,0.1567029058933258,0.17213930189609528,0.09314657002687454
YEL013W,YBR030W,0,0.1376574,0.15656109154224396,0.17213930189609528,0.09324662387371063
YFR006W,YNL135C,0,0.13765061,0.1564195305109024,0.17213930189609528,0.09334667026996613
YDR046C,YCR075C,0,0.13764428,0.15627822279930115,0.17213930189609528,0.09344672411680222
YLR019W,YBR125C,1,0.137217,0.15703971683979034,0.17313432693481445,0.09344672411680222
YDL204W,YMR165C,0,0.13706304,0.1568981111049652,0.17313432693481445,0.09354677051305771
YGR101W,YDL112W,0,0.1369255,0.15675675868988037,0.17313432693481445,0.0936468243598938
YOR356W,YPL149W,0,0.13672324,0.15661565959453583,0.17313432693481445,0.09374687075614929
YIL002C,YDR284C,1,0.1366425,0.15737409889698029,0.17412935197353363,0.09374687075614929
YOL019W,YIL124W,0,0.13648209,0.15723270177841187,0.17412935197353363,0.09384692460298538
YIL070C,YMR311C,0,0.13642143,0.15709155797958374,0.17412935197353363,0.09394697099924088
YHR031C,YOR374W,0,0.13641872,0.1569506675004959,0.17412935197353363,0.09404702484607697
YPR048W,YDR047W,0,0.13597755,0.15681003034114838,0.17412935197353363,0.09414707124233246
YLL009C,YGR295C,0,0.13580568,0.15666964650154114,0.17412935197353363,0.09424712508916855
YJR076C,YNL189W,0,0.13580446,0.1565295159816742,0.17412935197353363,0.09434717148542404
YKR062W,YOR067C,0,0.13542326,0.15638963878154755,0.17412935197353363,0.09444722533226013
YNL331C,YHR167W,0,0.13540263,0.15625,0.17412935197353363,0.09454727172851562
YGL135W,YJL170C,0,0.13539161,0.15611061453819275,0.17412935197353363,0.09464732557535172
YDR036C,YAL013W,0,0.13535176,0.1559714823961258,0.17412935197353363,0.09474737197160721
YHR046C,YLR265C,0,0.13533272,0.15583258867263794,0.17412935197353363,0.0948474258184433
YDR481C,YHR070W,0,0.13516913,0.15569394826889038,0.17412935197353363,0.09494747221469879
YOR109W,YGL190C,1,0.13503502,0.15644444525241852,0.1751243770122528,0.09494747221469879
YBR082C,YMR128W,0,0.13488798,0.15630550682544708,0.1751243770122528,0.09504752606153488
YPL154C,YCR037C,0,0.13441713,0.15616682171821594,0.1751243770122528,0.09514757245779037
YOR116C,YJR134C,0,0.13378206,0.1560283750295639,0.1751243770122528,0.09524762630462646
YPR073C,YER062C,1,0.1337501,0.15677590668201447,0.17611940205097198,0.09524762630462646
YPL089C,YOR067C,0,0.13361448,0.15663716197013855,0.17611940205097198,0.09534767270088196
YLR086W,YKL034W,0,0.13345115,0.15649867057800293,0.17611940205097198,0.09544772654771805
YGR029W,YNR041C,0,0.13340917,0.1563604176044464,0.17611940205097198,0.09554777294397354
YCR037C,YOR014W,0,0.13321935,0.1562224179506302,0.17611940205097198,0.09564782679080963
YHL044W,YHR023W,0,0.13319229,0.15608465671539307,0.17611940205097198,0.09574787318706512
YER131W,YPL159C,0,0.13289414,0.15594713389873505,0.17611940205097198,0.09584792703390121
YMR130W,YPR081C,0,0.1325926,0.15580986440181732,0.17611940205097198,0.09594797343015671
YLR134W,YIL115C,0,0.1325062,0.1556728184223175,0.17611940205097198,0.0960480272769928
YOR155C,YGL190C,1,0.13250226,0.15641476213932037,0.17711442708969116,0.0960480272769928
YMR088C,YGL084C,0,0.13239963,0.15627743303775787,0.17711442708969116,0.09614807367324829
YIR037W,YER173W,0,0.13235758,0.15614035725593567,0.17711442708969116,0.09624812752008438
YKL190W,YLR433C,1,0.13211171,0.15687993168830872,0.17810945212841034,0.09624812752008438
YPL195W,YOL064C,0,0.13191037,0.15674255788326263,0.17810945212841034,0.09634817391633987
YAL009W,YGR208W,1,0.13184461,0.15748031437397003,0.17910447716712952,0.09634817391633987
YPR132W,YOL072W,0,0.13181871,0.15734265744686127,0.17910447716712952,0.09644822776317596
YOL105C,YIR023W,0,0.1316665,0.1572052389383316,0.17910447716712952,0.09654827415943146
YLL011W,YKL198C,0,0.13129845,0.15706805884838104,0.17910447716712952,0.09664832055568695
YPL154C,YOR221C,0,0.13084963,0.15693113207817078,0.17910447716712952,0.09674837440252304
YDR387C,YOR150W,0,0.13077901,0.15679442882537842,0.17910447716712952,0.09684842079877853
YIR006C,YNL217W,0,0.13065125,0.15665796399116516,0.17910447716712952,0.09694847464561462
YDR388W,YLR427W,0,0.1306478,0.156521737575531,0.17910447716712952,0.09704852104187012
YDR288W,YER045C,0,0.13032357,0.15638574957847595,0.17910447716712952,0.09714857488870621
YKL011C,YGR241C,0,0.13003303,0.15625,0.17910447716712952,0.0972486212849617
YDR436W,YKR053C,1,0.12984543,0.15698178112506866,0.1800995022058487,0.0972486212849617
YDR242W,YDR044W,0,0.12978235,0.15684574842453003,0.1800995022058487,0.09734867513179779
YDL120W,YJR016C,0,0.12970087,0.1567099541425705,0.1800995022058487,0.09744872152805328
YBR092C,YOR389W,0,0.1296752,0.15657439827919006,0.1800995022058487,0.09754877537488937
YJL165C,YPR122W,0,0.12959428,0.15643906593322754,0.1800995022058487,0.09764882177114487
YPL051W,YHL004W,0,0.12959002,0.15630397200584412,0.1800995022058487,0.09774887561798096
YBR273C,YDR158W,0,0.12907778,0.1561691164970398,0.1800995022058487,0.09784892201423645
YNL293W,YNL210W,0,0.12901431,0.15603448450565338,0.1800995022058487,0.09794897586107254
YJR015W,YDR421W,0,0.12898369,0.15590009093284607,0.1800995022058487,0.09804902225732803
YPR063C,YEL061C,0,0.12894109,0.15576592087745667,0.1800995022058487,0.09814907610416412
YLL001W,YNL339C,0,0.12888888,0.15563198924064636,0.1800995022058487,0.09824912250041962
YLR019W,YFR040W,1,0.12878476,0.15635739266872406,0.18109452724456787,0.09824912250041962
YJL008C,YOL002C,0,0.12875085,0.15622317790985107,0.18109452724456787,0.0983491763472557
YKR090W,YDR050C,0,0.12847653,0.156089186668396,0.18109452724456787,0.0984492227435112
YDL204W,YBR175W,0,0.12845868,0.1559554487466812,0.18109452724456787,0.09854927659034729
YDL192W,YGR241C,0,0.12820876,0.15582191944122314,0.18109452724456787,0.09864932298660278
YLR266C,YDL205C,0,0.12820233,0.15568862855434418,0.18109452724456787,0.09874937683343887
YML057W,YML016C,1,0.12809373,0.15641026198863983,0.18208955228328705,0.09874937683343887
YDR326C,YDL110C,0,0.12786819,0.15627668797969818,0.18208955228328705,0.09884942322969437
YDL134C,YBR022W,1,0.1276899,0.15699659287929535,0.18308457732200623,0.09884942322969437
YDR329C,YGL040C,0,0.12742274,0.1568627506494522,0.18308457732200623,0.09894947707653046
YEL054C,YLR446W,0,0.12715247,0.15672913193702698,0.18308457732200623,0.09904952347278595
YGR184C,YDR197W,0,0.12671876,0.15659575164318085,0.18308457732200623,0.09914957731962204
YIL053W,YGL229C,1,0.12663656,0.15731292963027954,0.1840796023607254,0.09914957731962204
YOL067C,YOR288C,0,0.12638204,0.15717926621437073,0.1840796023607254,0.09924962371587753
YIR037W,YOR246C,0,0.1263796,0.15704584121704102,0.1840796023607254,0.09934967756271362
YDL137W,YDR036C,0,0.12624182,0.1569126397371292,0.1840796023607254,0.09944972395896912
YDR287W,YHR215W,1,0.12614982,0.15762712061405182,0.18507462739944458,0.09944972395896912
YDL109C,YER053C,0,0.12611748,0.15749365091323853,0.18507462739944458,0.0995497778058052
YLR418C,YNR061C,0,0.12601161,0.15736040472984314,0.18507462739944458,0.0996498242020607
YCL059C,YOR066W,0,0.12579885,0.15722738206386566,0.18507462739944458,0.09974987804889679
YJL155C,YML016C,1,0.12579784,0.15793919563293457,0.18606965243816376,0.09974987804889679
YNL099C,YNL222W,1,0.12576029,0.15864978730678558,0.18706467747688293,0.09974987804889679
YLR370C,YGR061C,0,0.12559843,0.1585160195827484,0.18706467747688293,0.09984992444515228
YMR139W,YJL121C,0,0.12529853,0.15838247537612915,0.18706467747688293,0.09994997829198837
YLR109W,YML088W,0,0.12468861,0.1582491546869278,0.18706467747688293,0.10005002468824387
YCR009C,YER068W,0,0.12425023,0.15811605751514435,0.18706467747688293,0.10015007853507996
YDR126W,YDR534C,0,0.12408836,0.15798319876194,0.18706467747688293,0.10025012493133545
YDR018C,YBL023C,0,0.124063045,0.15785054862499237,0.18706467747688293,0.10035017877817154
YBL106C,YGL185C,0,0.124045834,0.15771812200546265,0.18706467747688293,0.10045022517442703
YNL306W,YMR184W,0,0.12399058,0.15758591890335083,0.18706467747688293,0.10055027157068253
YDR341C,YNL012W,0,0.123874664,0.15745393931865692,0.18706467747688293,0.10065032541751862
YOL117W,YNL191W,0,0.12367828,0.15732216835021973,0.18706467747688293,0.10075037181377411
YIR006C,YDR318W,0,0.12295444,0.15719063580036163,0.18706467747688293,0.1008504256606102
YLR459W,YHR147C,0,0.12274851,0.15705931186676025,0.18706467747688293,0.10095047205686569
YGR184C,YOL147C,0,0.12248556,0.15692821145057678,0.18706467747688293,0.10105052590370178
YLR418C,YGL191W,0,0.122313336,0.15679733455181122,0.18706467747688293,0.10115057229995728
YMR257C,YPL177C,0,0.1222869,0.15666666626930237,0.18706467747688293,0.10125062614679337
YOR090C,YLR361C,1,0.12217341,0.15736885368824005,0.1880597025156021,0.10125062614679337
YIL115C,YLR207W,0,0.122121274,0.1572379320859909,0.1880597025156021,0.10135067254304886
YKL089W,YBR036C,0,0.121983066,0.15710723400115967,0.1880597025156021,0.10145072638988495
YCR075C,YCL050C,0,0.12177308,0.15697674453258514,0.1880597025156021,0.10155077278614044
YPL179W,YDL006W,1,0.12174751,0.1576763540506363,0.1890547275543213,0.10155077278614044
YMR100W,YMR281W,0,0.12169124,0.15754561126232147,0.1890547275543213,0.10165082663297653
YHR067W,YPL159C,0,0.12122007,0.15741507709026337,0.1890547275543213,0.10175087302923203
YNL162W,YIL115C,0,0.121021196,0.15728476643562317,0.1890547275543213,0.10185092687606812
YER027C,YOR116C,0,0.12090863,0.15715467929840088,0.1890547275543213,0.10195097327232361
YIL070C,YJL156C,0,0.12068781,0.1570248007774353,0.1890547275543213,0.1020510271191597
YGL251C,YDR044W,0,0.120606944,0.15689513087272644,0.1890547275543213,0.10215107351541519
YNL292W,YDR036C,0,0.120558634,0.1567656695842743,0.1890547275543213,0.10225112736225128
YML042W,YPL204W,0,0.12047668,0.15663643181324005,0.1890547275543213,0.10235117375850677
YOR332W,YCL050C,0,0.120352566,0.15650741755962372,0.1890547275543213,0.10245122760534286
YLR419W,YPL059W,0,0.1200967,0.1563785970211029,0.1890547275543213,0.10255127400159836
YHR092C,YDR318W,0,0.119553834,0.15625,0.1890547275543213,0.10265132784843445
YAL016W,YHR004C,1,0.119266436,0.15694330632686615,0.19004975259304047,0.10265132784843445
YDR326C,YER044C,0,0.119232625,0.15681445598602295,0.19004975259304047,0.10275137424468994
YDL230W,YNL222W,1,0.11917491,0.15750615298748016,0.19104477763175964,0.10275137424468994
YIL145C,YPR036W,0,0.1190968,0.15737704932689667,0.19104477763175964,0.10285142809152603
YHR116W,YMR247C,0,0.11897902,0.15724815428256989,0.19104477763175964,0.10295147448778152
YDR044W,YGR218W,0,0.1189398,0.157119482755661,0.19104477763175964,0.10305152833461761
YLR214W,YDR044W,0,0.11893217,0.15699100494384766,0.19104477763175964,0.10315157473087311
YMR314W,YNL119W,0,0.11883144,0.1568627506494522,0.19104477763175964,0.1032516285777092
YJL170C,YNR011C,0,0.11846553,0.15673469007015228,0.19104477763175964,0.10335167497396469
YOR096W,YOR075W,0,0.11841445,0.15660685300827026,0.19104477763175964,0.10345172882080078
YBR035C,YGL106W,0,0.11839104,0.15647922456264496,0.19104477763175964,0.10355177521705627
YPR036W,YGR188C,0,0.11834429,0.15635178983211517,0.19104477763175964,0.10365182906389236
YPR049C,YHR171W,0,0.11822939,0.1562245786190033,0.19104477763175964,0.10375187546014786
YHR171W,YOR228C,0,0.118164316,0.15609756112098694,0.19104477763175964,0.10385192930698395
YML124C,YGL227W,0,0.11798458,0.1559707522392273,0.19104477763175964,0.10395197570323944
YLR370C,YLR343W,0,0.11796673,0.15584415197372437,0.19104477763175964,0.10405202955007553
YOL031C,YDR169C,0,0.117668524,0.15571776032447815,0.19104477763175964,0.10415207594633102
YLR109W,YGL227W,0,0.117647454,0.15559157729148865,0.19104477763175964,0.10425212234258652
YGR026W,YGR123C,0,0.117639825,0.15546558797359467,0.19104477763175964,0.10435217618942261
YDR086C,YJL102W,0,0.11751662,0.1553398072719574,0.19104477763175964,0.1044522225856781
YFR025C,YFR028C,1,0.117399156,0.15602263808250427,0.19203980267047882,0.1044522225856781
YNL077W,YIL124W,0,0.117398575,0.1558966040611267,0.19203980267047882,0.10455227643251419
YJL073W,YNR022C,0,0.11725725,0.15577077865600586,0.19203980267047882,0.10465232282876968
YMR022W,YGL155W,0,0.11676271,0.15564516186714172,0.19203980267047882,0.10475237667560577
YMR023C,YNL098C,0,0.11670883,0.1555197387933731,0.19203980267047882,0.10485242307186127
YAL016W,YDR074W,1,0.11655818,0.15619967877864838,0.193034827709198,0.10485242307186127
YEL038W,YLR090W,0,0.11646666,0.15607401728630066,0.193034827709198,0.10495247691869736
YDL143W,YML048W,0,0.11643766,0.15594854950904846,0.193034827709198,0.10505252331495285
YBL064C,YBL090W,0,0.116428986,0.15582329034805298,0.193034827709198,0.10515257716178894
YBR082C,YDR501W,0,0.11620794,0.1556982398033142,0.193034827709198,0.10525262355804443
YPL101W,YGR076C,0,0.11618741,0.15557338297367096,0.193034827709198,0.10535267740488052
YIL053W,YNL222W,1,0.116051,0.15625,0.19402985274791718,0.10535267740488052
YMR087W,YJL134W,1,0.11600633,0.15692554414272308,0.19502487778663635,0.10535267740488052
YDR265W,YHR181W,0,0.11595647,0.15680000185966492,0.19502487778663635,0.10545272380113602
YFR003C,YLR287C-A,0,0.11579545,0.15667465329170227,0.19502487778663635,0.1055527776479721
YDR341C,YPL038W,0,0.115749165,0.15654951333999634,0.19502487778663635,0.1056528240442276
YHR161C,YPR108W,0,0.1156344,0.15642458200454712,0.19502487778663635,0.10575287789106369
YDR086C,YIL136W,0,0.11561383,0.15629984438419342,0.19502487778663635,0.10585292428731918
YGL227W,YDR298C,0,0.11560619,0.15617530047893524,0.19502487778663635,0.10595297813415527
YHR067W,YDR032C,0,0.11552377,0.15605095028877258,0.19502487778663635,0.10605302453041077
YPL144W,YMR016C,0,0.115320414,0.15592680871486664,0.19502487778663635,0.10615307837724686
YER133W,YML057W,1,0.115226835,0.1565977782011032,0.19601990282535553,0.10615307837724686
YGL178W,YNL212W,0,0.115218714,0.15647339820861816,0.19601990282535553,0.10625312477350235
YNL101W,YIL124W,0,0.115094796,0.15634921193122864,0.19601990282535553,0.10635317862033844
YNL159C,YBL023C,0,0.11498693,0.15622521936893463,0.19601990282535553,0.10645322501659393
YLR008C,YOL018C,0,0.11481401,0.15610142052173615,0.19601990282535553,0.10655327886343002
YBR214W,YLR438C-A,0,0.11479643,0.15597783029079437,0.19601990282535553,0.10665332525968552
YIR002C,YDR503C,0,0.11473781,0.15585443377494812,0.19601990282535553,0.1067533791065216
YCL059C,YDR330W,0,0.11455019,0.1557312309741974,0.19601990282535553,0.1068534255027771
YDL141W,YBR097W,0,0.114525884,0.15560822188854218,0.19601990282535553,0.10695347934961319
YJR025C,YFR005C,0,0.11449386,0.1554853916168213,0.19601990282535553,0.10705352574586868
YOR120W,YNL325C,0,0.11444761,0.15536276996135712,0.19601990282535553,0.10715357959270477
YML015C,YMR150C,0,0.114323094,0.15524034202098846,0.19601990282535553,0.10725362598896027
YJL134W,YGL229C,1,0.114290014,0.15590551495552063,0.1970149278640747,0.10725362598896027
YJR158W,YER133W,0,0.11424895,0.15578284859657288,0.1970149278640747,0.10735367983579636
YML085C,YNL112W,0,0.11421971,0.15566037595272064,0.1970149278640747,0.10745372623205185
YER184C,YPL186C,0,0.11412029,0.15553809702396393,0.1970149278640747,0.10755378007888794
YGR124W,YGL084C,0,0.113819405,0.15541601181030273,0.1970149278640747,0.10765382647514343
YDL164C,YDR247W,0,0.113810495,0.15529412031173706,0.1970149278640747,0.10775388032197952
YMR036C,YBR126C,1,0.1137393,0.15595611929893494,0.19800995290279388,0.10775388032197952
YNL306W,YOL072W,0,0.1136933,0.15583398938179016,0.19800995290279388,0.10785392671823502
YOR278W,YIL126W,0,0.11357902,0.1557120531797409,0.19800995290279388,0.1079539805650711
YER053C,YLR120C,0,0.11343844,0.15559031069278717,0.19800995290279388,0.1080540269613266
YLR142W,YIL126W,0,0.11339888,0.15546874701976776,0.19800995290279388,0.10815407335758209
YIL171W,YPR073C,0,0.11331186,0.15534739196300507,0.19800995290279388,0.10825412720441818
YER044C,YPR016C,0,0.11323205,0.1552262157201767,0.19800995290279388,0.10835417360067368
YER120W,YML125C,0,0.11314021,0.15510521829128265,0.19800995290279388,0.10845422744750977
YIL126W,YBL082C,0,0.113000885,0.15498442947864532,0.19800995290279388,0.10855427384376526
YDR069C,YOR233W,0,0.11297925,0.15486381947994232,0.19800995290279388,0.10865432769060135
YBR156C,YDL080C,0,0.112913445,0.15474338829517365,0.19800995290279388,0.10875437408685684
YGR047C,YKR097W,0,0.11288653,0.1546231508255005,0.19800995290279388,0.10885442793369293
YPL031C,YKL056C,0,0.11269097,0.15450310707092285,0.19800995290279388,0.10895447432994843
YDL019C,YDR362C,0,0.11257522,0.15438324213027954,0.19800995290279388,0.10905452817678452
YDL230W,YLR019W,1,0.11255048,0.1550387591123581,0.19900497794151306,0.10905452817678452
YLL062C,YIL125W,0,0.11237921,0.15491867065429688,0.19900497794151306,0.10915457457304001
YBR297W,YOR244W,0,0.11225687,0.15479876101016998,0.19900497794151306,0.1092546284198761
YHL008C,YDR358W,0,0.11222367,0.1546790450811386,0.19900497794151306,0.10935467481613159
YCR053W,YBR185C,0,0.11217366,0.15455950796604156,0.19900497794151306,0.10945472866296768
YFR003C,YJR089W,0,0.11212598,0.15444014966487885,0.19900497794151306,0.10955477505922318
YNL010W,YMR277W,1,0.11196731,0.15509259700775146,0.20000000298023224,0.10955477505922318
YCR081W,YPL214C,0,0.11185284,0.15497301518917084,0.20000000298023224,0.10965482890605927
YDR074W,YMR165C,1,0.111820534,0.15562403202056885,0.20099502801895142,0.10965482890605927
YMR165C,YDR074W,1,0.111820534,0.15627405047416687,0.2019900530576706,0.10965482890605927
YBR231C,YDR313C,0,0.11161846,0.1561538428068161,0.2019900530576706,0.10975487530231476
YNL086W,YML085C,0,0.11124028,0.15603381395339966,0.2019900530576706,0.10985492914915085
YBR041W,YBR082C,0,0.1111373,0.15591397881507874,0.2019900530576706,0.10995497554540634
YOL105C,YPL103C,0,0.111111894,0.15579432249069214,0.2019900530576706,0.11005502939224243
YOR332W,YJR155W,0,0.111096695,0.15567484498023987,0.2019900530576706,0.11015507578849792
YNL128W,YLR078C,0,0.11081247,0.15555556118488312,0.2019900530576706,0.11025512963533401
YMR302C,YER173W,0,0.110783964,0.1554364413022995,0.2019900530576706,0.11035517603158951
YOR347C,YGL157W,0,0.11071862,0.1553175151348114,0.2019900530576706,0.1104552298784256
YPL194W,YDR443C,0,0.1104635,0.15519878268241882,0.2019900530576706,0.11055527627468109
YNL039W,YIL051C,0,0.11003028,0.15508021414279938,0.2019900530576706,0.11065533012151718
YGR075C,YJL121C,0,0.1098637,0.15496183931827545,0.2019900530576706,0.11075537651777267
YPR063C,YDR101C,0,0.10981427,0.15484362840652466,0.2019900530576706,0.11085543036460876
YPL271W,YDR368W,0,0.10934216,0.15472561120986938,0.2019900530576706,0.11095547676086426
YHR044C,YGR158C,0,0.10918924,0.15460777282714844,0.2019900530576706,0.11105553060770035
YGL040C,YOL157C,0,0.10912998,0.15449011325836182,0.2019900530576706,0.11115557700395584
YPR132W,YMR139W,0,0.109106526,0.15437261760234833,0.2019900530576706,0.11125563085079193
YDL141W,YBR058C,0,0.10897586,0.15425531566143036,0.2019900530576706,0.11135567724704742
YCL063W,YER053C,0,0.108859986,0.15413819253444672,0.2019900530576706,0.11145573109388351
YLR446W,YAL003W,0,0.10852809,0.1540212482213974,0.2019900530576706,0.11155577749013901
YJR104C,YHR116W,0,0.10839227,0.15390446782112122,0.2019900530576706,0.1116558313369751
YDR012W,YOR070C,0,0.108375326,0.15378788113594055,0.2019900530576706,0.11175587773323059
YDR036C,YDR507C,0,0.10834165,0.15367145836353302,0.2019900530576706,0.11185593158006668
YOR308C,YOL065C,0,0.10834025,0.15355521440505981,0.2019900530576706,0.11195597797632217
YMR139W,YCR092C,0,0.10828276,0.15343914926052094,0.2019900530576706,0.11205602437257767
YOR167C,YOR347C,0,0.108095005,0.15332326292991638,0.2019900530576706,0.11215607821941376
YMR016C,YDR050C,0,0.107816905,0.15320754051208496,0.2019900530576706,0.11225612461566925
YNL217W,YJL134W,1,0.10751064,0.1538461595773697,0.20298507809638977,0.11225612461566925
YAL043C,YJL062W,0,0.10739808,0.15373021364212036,0.20298507809638977,0.11235617846250534
YLR373C,YDR456W,0,0.10734068,0.15361446142196655,0.20298507809638977,0.11245622485876083
YBL103C,YER027C,0,0.107277095,0.15349887311458588,0.20298507809638977,0.11255627870559692
YLR287C-A,YDR031W,0,0.10716885,0.15338346362113953,0.20298507809638977,0.11265632510185242
YOL071W,YDR368W,0,0.10713686,0.1532682180404663,0.20298507809638977,0.11275637894868851
YMR156C,YKR053C,1,0.106888324,0.15390390157699585,0.20398010313510895,0.11275637894868851
YDR242W,YGL161C,0,0.106572464,0.15378844738006592,0.20398010313510895,0.112856425344944
YMR156C,YNL222W,1,0.1062354,0.154422789812088,0.20497512817382812,0.112856425344944
YDR532C,YBR105C,0,0.10604982,0.15430711209774017,0.20497512817382812,0.11295647919178009
YDR086C,YOL123W,0,0.10595822,0.15419161319732666,0.20497512817382812,0.11305652558803558
YOL120C,YPL026C,0,0.10584438,0.15407629311084747,0.20497512817382812,0.11315657943487167
YIL051C,YLR100W,0,0.10570243,0.15396113693714142,0.20497512817382812,0.11325662583112717
YML124C,YLR414C,0,0.105599314,0.1538461595773697,0.20497512817382812,0.11335667967796326
YBL056W,YHR043C,1,0.10557558,0.15447761118412018,0.2059701532125473,0.11335667967796326
YDR107C,YDR003W,0,0.10553925,0.15436241030693054,0.2059701532125473,0.11345672607421875
YGL161C,YNR070W,0,0.10547991,0.15424738824367523,0.2059701532125473,0.11355677992105484
YOR201C,YKR030W,0,0.10507552,0.15413254499435425,0.2059701532125473,0.11365682631731033
YOR181W,YBR175W,0,0.105050236,0.1540178507566452,0.2059701532125473,0.11375688016414642
YDR060W,YML009C,0,0.10483493,0.15390335023403168,0.2059701532125473,0.11385692656040192
YKL152C,YHR046C,1,0.10469477,0.15453194081783295,0.20696517825126648,0.11385692656040192
YJR016C,YGR075C,0,0.1044333,0.1544172167778015,0.20696517825126648,0.113956980407238
YFL047W,YBR058C,0,0.10419214,0.1543026715517044,0.20696517825126648,0.1140570268034935
YJR009C,YLR446W,0,0.104059964,0.15418829023838043,0.20696517825126648,0.11415708065032959
YML042W,YKL028W,0,0.104011044,0.1540740728378296,0.20696517825126648,0.11425712704658508
YGR088W,YOL120C,0,0.10398048,0.15396003425121307,0.20696517825126648,0.11435718089342117
YER053C,YOR244W,0,0.10368256,0.1538461595773697,0.20696517825126648,0.11445722728967667
YIL051C,YOL002C,0,0.103507295,0.15373244881629944,0.20696517825126648,0.11455728113651276
YML124C,YGR008C,0,0.10338777,0.15361890196800232,0.20696517825126648,0.11465732753276825
YNR050C,YOR306C,0,0.10334319,0.15350553393363953,0.20696517825126648,0.11475738137960434
YCR020C,YMR303C,0,0.10326837,0.15339232981204987,0.20696517825126648,0.11485742777585983
YLR008C,YGR086C,0,0.10312159,0.15327928960323334,0.20696517825126648,0.11495748162269592
YDL180W,YMR204C,0,0.10301076,0.15316642820835114,0.20696517825126648,0.11505752801895142
YML027W,YLR120C,0,0.10297808,0.15305371582508087,0.20696517825126648,0.1151575818657875
YML054C,YOR046C,0,0.10292159,0.15294118225574493,0.20696517825126648,0.115257628262043
YDR388W,YDL080C,0,0.102769405,0.15282879769802094,0.20696517825126648,0.11535768210887909
YGL137W,YDL075W,0,0.102304325,0.15271659195423126,0.20696517825126648,0.11545772850513458
YOR109W,YNL010W,1,0.102245525,0.153338223695755,0.20796020328998566,0.11545772850513458
YDR520C,YKL109W,0,0.10221219,0.15322580933570862,0.20796020328998566,0.11555778235197067
YNL049C,YIL070C,0,0.10154663,0.15311355888843536,0.20796020328998566,0.11565782874822617
YFL039C,YMR204C,0,0.10148963,0.15300145745277405,0.20796020328998566,0.11575788259506226
YJL044C,YER174C,0,0.10140899,0.15288953483104706,0.20796020328998566,0.11585792899131775
YER164W,YNR047W,0,0.101366386,0.1527777761220932,0.20796020328998566,0.11595797538757324
YHR105W,YLL050C,0,0.101288155,0.15266618132591248,0.20796020328998566,0.11605802923440933
YIL138C,YOL019W,0,0.10122585,0.15255475044250488,0.20796020328998566,0.11615807563066483
YDR503C,YIL126W,0,0.10113157,0.15244346857070923,0.20796020328998566,0.11625812947750092
YDR400W,YMR303C,0,0.10111968,0.1523323655128479,0.20796020328998566,0.11635817587375641
YDL080C,YOR290C,0,0.10104488,0.1522214114665985,0.20796020328998566,0.1164582297205925
YGR062C,YOR246C,0,0.101022035,0.15211062133312225,0.20796020328998566,0.11655827611684799
YJR134C,YNL096C,0,0.10069446,0.15199999511241913,0.20796020328998566,0.11665832996368408
YJR076C,YEL002C,0,0.10061346,0.15188953280448914,0.20796020328998566,0.11675837635993958
YDR224C,YGR241C,0,0.10041292,0.15177923440933228,0.20796020328998566,0.11685843020677567
YGR088W,YER113C,0,0.10018571,0.15166908502578735,0.20796020328998566,0.11695847660303116
YLR356W,YHR036W,0,0.10015015,0.15155909955501556,0.20796020328998566,0.11705853044986725
YGL210W,YDR032C,0,0.10014813,0.1514492779970169,0.20796020328998566,0.11715857684612274
YFL044C,YPR122W,0,0.0999811,0.1513396054506302,0.20796020328998566,0.11725863069295883
YBR283C,YDR252W,0,0.09993909,0.1512300968170166,0.20796020328998566,0.11735867708921432
YGR184C,YGR116W,0,0.09984739,0.15112075209617615,0.20796020328998566,0.11745873093605042
YMR087W,YML100W,1,0.09972356,0.1517340987920761,0.20895522832870483,0.11745873093605042
YDL188C,YGR208W,1,0.09968962,0.15234656631946564,0.209950253367424,0.11745873093605042
YMR257C,YHR171W,0,0.09951408,0.15223665535449982,0.209950253367424,0.11755877733230591
YBR093C,YIL002C,1,0.09949212,0.15284787118434906,0.2109452784061432,0.11755877733230591
YLL038C,YNL115C,0,0.099268824,0.15273775160312653,0.2109452784061432,0.117658831179142
YLR450W,YNR050C,0,0.09923206,0.15262779593467712,0.2109452784061432,0.11775887757539749
YDR478W,YNL135C,0,0.09913175,0.15251798927783966,0.2109452784061432,0.11785893142223358
YBL103C,YER164W,0,0.098982796,0.15240834653377533,0.2109452784061432,0.11795897781848907
YDR347W,YPL214C,0,0.09895545,0.15229885280132294,0.2109452784061432,0.11805903166532516
YHR143W,YMR026C,0,0.09891547,0.15218952298164368,0.2109452784061432,0.11815907806158066
YBL075C,YER133W,0,0.098904565,0.15208034217357635,0.2109452784061432,0.11825913190841675
YFL044C,YOR150W,0,0.09873684,0.15197132527828217,0.2109452784061432,0.11835917830467224
YOR109W,YOR155C,1,0.09868766,0.15257880091667175,0.21194030344486237,0.11835917830467224
YJR066W,YDR012W,0,0.09867379,0.15246957540512085,0.21194030344486237,0.11845923215150833
YOR332W,YMR026C,0,0.09866512,0.15236051380634308,0.21194030344486237,0.11855927854776382
YMR180C,YBR125C,1,0.09860256,0.15296640992164612,0.21293532848358154,0.11855927854776382
YLR192C,YDL095W,0,0.09858891,0.15285713970661163,0.21293532848358154,0.11865933239459991
YKL152C,YER075C,1,0.09845637,0.15346181392669678,0.21393035352230072,0.11865933239459991
YHL032C,YLR246W,0,0.09827486,0.15335234999656677,0.21393035352230072,0.11875937879085541
YBR245C,YFR007W,0,0.09813897,0.1532430499792099,0.21393035352230072,0.1188594326376915
YDR251W,YMR208W,0,0.097913235,0.15313389897346497,0.21393035352230072,0.11895947903394699
YJL062W,YLR430W,0,0.09745954,0.15302491188049316,0.21393035352230072,0.11905953288078308
YHR206W,YHR215W,0,0.09725459,0.1529160737991333,0.21393035352230072,0.11915957927703857
YOL105C,YPL111W,0,0.09690414,0.15280738472938538,0.21393035352230072,0.11925963312387466
YBL093C,YGR295C,0,0.096814275,0.15269885957241058,0.21393035352230072,0.11935967952013016
YDL129W,YGR076C,0,0.09669088,0.15259048342704773,0.21393035352230072,0.11945973336696625
YDR251W,YBR105C,0,0.096686855,0.152482271194458,0.21393035352230072,0.11955977976322174
YHR046C,YDL075W,0,0.096664414,0.15237420797348022,0.21393035352230072,0.11965983361005783
YPL017C,YJL121C,0,0.096628144,0.15226629376411438,0.21393035352230072,0.11975988000631332
YLR090W,YER173W,0,0.09648222,0.15215852856636047,0.21393035352230072,0.11985992640256882
YGR124W,YBR166C,0,0.09633298,0.1520509123802185,0.21393035352230072,0.11995998024940491
YLL010C,YDL236W,1,0.09628254,0.15265017747879028,0.2149253785610199,0.11995998024940491
YFL036W,YBR048W,0,0.09619093,0.1525423675775528,0.2149253785610199,0.1200600266456604
YIL111W,YDR362C,0,0.09617534,0.15243472158908844,0.2149253785610199,0.12016008049249649
YDL134C,YGL229C,1,0.09599365,0.15303243696689606,0.21592040359973907,0.12016008049249649
YJR066W,YGL031C,0,0.09582789,0.15292459726333618,0.21592040359973907,0.12026012688875198
YML106W,YFR006W,0,0.095806465,0.15281690657138824,0.21592040359973907,0.12036018073558807
YMR036C,YOR155C,1,0.09580423,0.1534130871295929,0.21691542863845825,0.12036018073558807
YFR015C,YPL074W,0,0.09568165,0.15330520272254944,0.21691542863845825,0.12046022713184357
YNL053W,YNL325C,1,0.095648736,0.15390020608901978,0.21791045367717743,0.12046022713184357
YMR298W,YDL146W,0,0.09560545,0.1537921279668808,0.21791045367717743,0.12056028097867966
YOR116C,YLR327C,0,0.09550913,0.15368421375751495,0.21791045367717743,0.12066032737493515
YJR033C,YLR038C,0,0.095175624,0.15357643365859985,0.21791045367717743,0.12076038122177124
YDR139C,YBL082C,0,0.095167235,0.15346881747245789,0.21791045367717743,0.12086042761802673
YBL064C,YNL136W,0,0.09516673,0.15336135029792786,0.21791045367717743,0.12096048146486282
YBR092C,YOL152W,0,0.09493303,0.15325401723384857,0.21791045367717743,0.12106052786111832
YPR047W,YER089C,0,0.094852924,0.15314684808254242,0.21791045367717743,0.1211605817079544
YLR283W,YOR181W,0,0.094609946,0.1530398279428482,0.21791045367717743,0.1212606281042099
YPL091W,YOL120C,0,0.09445876,0.15293295681476593,0.21791045367717743,0.12136068195104599
YDL137W,YBL088C,0,0.094448656,0.1528262346982956,0.21791045367717743,0.12146072834730148
YNR061C,YER070W,0,0.09443012,0.1527196615934372,0.21791045367717743,0.12156078219413757
YDR128W,YPL095C,0,0.09411171,0.15261323750019073,0.21791045367717743,0.12166082859039307
YDR270W,YPL089C,0,0.093969375,0.1525069624185562,0.21791045367717743,0.12176088243722916
YIL109C,YDR288W,0,0.093899325,0.15240083634853363,0.21791045367717743,0.12186092883348465
YNL301C,YAL021C,0,0.09369399,0.15229485929012299,0.21791045367717743,0.12196098268032074
YJR076C,YEL050C,0,0.09368937,0.15218901634216309,0.21791045367717743,0.12206102907657623
YKL028W,YNR047W,0,0.09365262,0.15208333730697632,0.21791045367717743,0.12216108292341232
YOR124C,YNL158W,0,0.093590066,0.1519777923822403,0.21791045367717743,0.12226112931966782
YGR104C,YJR033C,0,0.09330614,0.1518723964691162,0.21791045367717743,0.1223611831665039
YHR089C,YDR298C,0,0.0929431,0.15176714956760406,0.21791045367717743,0.1224612295627594
YBR030W,YBL090W,0,0.0928441,0.15166205167770386,0.21791045367717743,0.12256128340959549
YKL212W,YOL064C,1,0.09262192,0.15224912762641907,0.2189054787158966,0.12256128340959549
YOR155C,YDR524C,0,0.0925886,0.15214385092258453,0.2189054787158966,0.12266132980585098
YKL109W,YKL034W,0,0.092044845,0.15203869342803955,0.2189054787158966,0.12276138365268707
YGL210W,YNR061C,0,0.09173359,0.1519336998462677,0.2189054787158966,0.12286143004894257
YHL019C,YEL050C,0,0.09162377,0.1518288403749466,0.2189054787158966,0.12296148389577866
YBL106C,YJR121W,0,0.091588035,0.15172414481639862,0.2189054787158966,0.12306153029203415
YGL157W,YML087C,0,0.09157847,0.1516195684671402,0.2189054787158966,0.12316158413887024
YDR050C,YHR086W,0,0.09139413,0.1515151560306549,0.2189054787158966,0.12326163053512573
YGR106C,YDL095W,0,0.09137094,0.15141087770462036,0.2189054787158966,0.12336168438196182
YKL178C,YGR274C,0,0.09126289,0.15130673348903656,0.2189054787158966,0.12346173077821732
YPR036W,YPR032W,0,0.0911067,0.1512027531862259,0.2189054787158966,0.12356177717447281
YEL015W,YPL048W,0,0.09086837,0.15109890699386597,0.2189054787158966,0.1236618310213089
YOR174W,YLR357W,0,0.09084697,0.1509951949119568,0.2189054787158966,0.12376187741756439
YKR014C,YDR252W,0,0.09084138,0.15089163184165955,0.2189054787158966,0.12386193126440048
YDR253C,YPR070W,0,0.09081341,0.15078821778297424,0.2189054787158966,0.12396197766065598
YNL010W,YDL134C,1,0.09074949,0.1513698697090149,0.21990050375461578,0.12396197766065598
YCR094W,YEL002C,0,0.090707555,0.15126626193523407,0.21990050375461578,0.12406203150749207
YDL188C,YBR276C,1,0.090706974,0.151846781373024,0.22089552879333496,0.12406203150749207
YNL086W,YPR122W,0,0.09066191,0.15174299478530884,0.22089552879333496,0.12416207790374756
YJL190C,YDL065C,0,0.09064637,0.15163934230804443,0.22089552879333496,0.12426213175058365
YPL214C,YAL025C,0,0.09057416,0.15153583884239197,0.22089552879333496,0.12436217814683914
YJL046W,YLR127C,0,0.0905738,0.15143246948719025,0.22089552879333496,0.12446223199367523
YML063W,YDR116C,0,0.09035613,0.15132924914360046,0.22089552879333496,0.12456227838993073
YFR003C,YML048W,0,0.09024353,0.15122616291046143,0.22089552879333496,0.12466233223676682
YMR247C,YDL019C,0,0.090031,0.15112321078777313,0.22089552879333496,0.12476237863302231
YKL152C,YDL024C,1,0.08982806,0.1517006754875183,0.22189055383205414,0.12476237863302231
YDR466W,YOR269W,0,0.08980389,0.15159755945205688,0.22189055383205414,0.1248624324798584
YDR387C,YLL022C,0,0.08979952,0.151494562625885,0.22189055383205414,0.12496247887611389
YJL072C,YMR281W,0,0.08971214,0.15139171481132507,0.22189055383205414,0.12506252527236938
YOR326W,YGL084C,0,0.089662105,0.15128901600837708,0.22189055383205414,0.12516258656978607
YDL067C,YDR443C,0,0.089582086,0.15118643641471863,0.22189055383205414,0.12526263296604156
YAL016W,YOR155C,1,0.08944328,0.1517615169286728,0.22288557887077332,0.12526263296604156
YOL005C,YPL085W,0,0.08906713,0.1516587734222412,0.22288557887077332,0.12536267936229706
YNL322C,YCR004C,0,0.0884784,0.15155616402626038,0.22288557887077332,0.12546272575855255
YMR087W,YNL325C,1,0.08845538,0.15212981402873993,0.2238806039094925,0.12546272575855255
YDR014W,YAL012W,0,0.08826381,0.15202702581882477,0.2238806039094925,0.12556278705596924
YKR058W,YHR064C,0,0.08812228,0.15192437171936035,0.2238806039094925,0.12566283345222473
YER174C,YOR270C,0,0.08806746,0.15182186663150787,0.2238806039094925,0.12576287984848022
YNL248C,YBL022C,0,0.088039115,0.15171948075294495,0.2238806039094925,0.12586292624473572
YLR204W,YOR217W,0,0.08802077,0.15161724388599396,0.2238806039094925,0.1259629875421524
YLR090W,YMR306W,0,0.08800873,0.1515151560306549,0.2238806039094925,0.1260630339384079
YIL070C,YNL158W,0,0.087867305,0.1514131873846054,0.2238806039094925,0.1261630803346634
YDL069C,YEL064C,0,0.08781129,0.15131136775016785,0.2238806039094925,0.12626312673091888
YDR270W,YJL080C,0,0.08775008,0.15120968222618103,0.2238806039094925,0.12636318802833557
YDR376W,YDR342C,0,0.08768132,0.15110813081264496,0.2238806039094925,0.12646323442459106
YBL075C,YNL339C,0,0.0875677,0.15100671350955963,0.2238806039094925,0.12656328082084656
YOR208W,YLR361C,1,0.08738746,0.15157611668109894,0.22487562894821167,0.12656328082084656
YPL148C,YPL121C,0,0.08732556,0.15147453546524048,0.22487562894821167,0.12666332721710205
YGR292W,YBL023C,0,0.08728242,0.15137307345867157,0.22487562894821167,0.12676338851451874
YJR145C,YEL050C,0,0.087190375,0.1512717604637146,0.22487562894821167,0.12686343491077423
YMR235C,YOR386W,0,0.08713983,0.15117056667804718,0.22487562894821167,0.12696348130702972
YOR047C,YPR021C,0,0.08637425,0.1510695219039917,0.22487562894821167,0.12706352770328522
YDR107C,YOR288C,0,0.08635022,0.15096861124038696,0.22487562894821167,0.1271635890007019
YDR012W,YDL007W,0,0.08626863,0.15086781978607178,0.22487562894821167,0.1272636353969574
YML070W,YPL153C,0,0.08611667,0.15076717734336853,0.22487562894821167,0.1273636817932129
YPL060W,YCL066W,0,0.0861028,0.15066666901111603,0.22487562894821167,0.12746372818946838
YLR345W,YNL325C,1,0.08589779,0.15123251080513,0.22587065398693085,0.12746372818946838
YHL024W,YBR105C,0,0.08586781,0.15113182365894318,0.22587065398693085,0.12756377458572388
YLL010C,YFR040W,1,0.085824236,0.1516966074705124,0.22686567902565002,0.12756377458572388
YMR022W,YDL180W,0,0.08546376,0.15159574151039124,0.22686567902565002,0.12766383588314056
YDR341C,YDR342C,0,0.08532794,0.15149500966072083,0.22686567902565002,0.12776388227939606
YNL099C,YBR126C,1,0.08502658,0.1520584374666214,0.227860689163208,0.12776388227939606
YLR357W,YLR306W,0,0.08495407,0.15195752680301666,0.227860689163208,0.12786392867565155
YHR116W,YHR052W,0,0.084906116,0.15185676515102386,0.227860689163208,0.12796397507190704
YHR171W,YOR246C,0,0.08485332,0.15175612270832062,0.227860689163208,0.12806403636932373
YBR036C,YGL009C,0,0.08481708,0.1516556292772293,0.227860689163208,0.12816408276557922
YMR043W,YMR026C,0,0.084803894,0.15155525505542755,0.227860689163208,0.12826412916183472
YKL190W,YML016C,1,0.084575415,0.15211640298366547,0.22885571420192719,0.12826412916183472
YOR067C,YLR121C,0,0.08445831,0.15201586484909058,0.22885571420192719,0.1283641755580902
YOR201C,YBL030C,0,0.084441304,0.15191546082496643,0.22885571420192719,0.1284642368555069
YPL195W,YCR075C,0,0.08441687,0.15181517601013184,0.22885571420192719,0.1285642832517624
YMR094W,YKL195W,0,0.08429977,0.15171504020690918,0.22885571420192719,0.12866432964801788
YJL052W,YER164W,0,0.0842952,0.15161502361297607,0.22885571420192719,0.12876437604427338
YBR286W,YGR071C,0,0.084054366,0.1515151560306549,0.22885571420192719,0.12886443734169006
YER062C,YHR004C,1,0.084043875,0.1520737260580063,0.22985073924064636,0.12886443734169006
YDL019C,YOR069W,0,0.083936736,0.1519736796617508,0.22985073924064636,0.12896448373794556
YER027C,YOR143C,0,0.08393553,0.15187376737594604,0.22985073924064636,0.12906453013420105
YJR121W,YOL019W,0,0.083821416,0.15177397429943085,0.22985073924064636,0.12916457653045654
YHR046C,YKL195W,0,0.083655894,0.1516743302345276,0.22985073924064636,0.12926463782787323
YNL039W,YGR124W,0,0.08360031,0.15157480537891388,0.22985073924064636,0.12936468422412872
YDR074W,YDR169C,0,0.083564356,0.15147541463375092,0.22985073924064636,0.12946473062038422
YBR289W,YMR150C,0,0.08344908,0.1513761430978775,0.22985073924064636,0.1295647770166397
YJR009C,YJR068W,0,0.08337784,0.15127702057361603,0.22985073924064636,0.1296648383140564
YHR172W,YLL038C,0,0.083139285,0.1511780172586441,0.22985073924064636,0.1297648847103119
YHR172W,YFL039C,0,0.08308253,0.15107913315296173,0.22985073924064636,0.12986493110656738
YOR155C,YLL010C,1,0.08291793,0.15163399279117584,0.23084576427936554,0.12986493110656738
YGL229C,YOR043W,0,0.0829068,0.15153494477272034,0.23084576427936554,0.12996497750282288
YMR152W,YPR019W,0,0.0827052,0.15143603086471558,0.23084576427936554,0.13006503880023956
YML116W,YOR290C,0,0.08268592,0.15133725106716156,0.23084576427936554,0.13016508519649506
YJR009C,YKL108W,0,0.08262825,0.1512385904788971,0.23084576427936554,0.13026513159275055
YDR134C,YCR004C,0,0.082554474,0.15114006400108337,0.23084576427936554,0.13036517798900604
YOR374W,YML088W,0,0.08252318,0.1510416716337204,0.23084576427936554,0.13046523928642273
YDR520C,YDR055W,0,0.08230519,0.15094339847564697,0.23084576427936554,0.13056528568267822
YER174C,YER020W,0,0.082172915,0.1508452594280243,0.23084576427936554,0.13066533207893372
YLR283W,YPL220W,0,0.08208361,0.15074723958969116,0.23084576427936554,0.1307653784751892
YNL322C,YNL166C,0,0.082059324,0.15064935386180878,0.23084576427936554,0.1308654397726059
YHR116W,YDR093W,0,0.08200191,0.15055158734321594,0.23084576427936554,0.1309654861688614
YJL155C,YBR125C,1,0.08186589,0.1511024683713913,0.23184078931808472,0.1309654861688614
YBL078C,YHR081W,0,0.08186406,0.15100453794002533,0.23184078931808472,0.13106553256511688
YDR283C,YBR214W,0,0.08166337,0.1509067416191101,0.23184078931808472,0.13116557896137238
YGR029W,YKR062W,0,0.081624255,0.15080906450748444,0.23184078931808472,0.13126564025878906
YBL030C,YLR120C,0,0.081545874,0.15071150660514832,0.23184078931808472,0.13136568665504456
YGR203W,YBR125C,1,0.08139017,0.15126051008701324,0.2328358143568039,0.13136568665504456
YDL205C,YDL110C,0,0.08124989,0.151162788271904,0.2328358143568039,0.13146573305130005
YIL053W,YDL006W,1,0.0809339,0.15171077847480774,0.23383083939552307,0.13146573305130005
YBR286W,YDR238C,0,0.080895826,0.15161290764808655,0.23383083939552307,0.13156577944755554
YNL242W,YIL026C,0,0.0807146,0.1515151560306549,0.23383083939552307,0.13166582584381104
YKL140W,YLR237W,0,0.0804387,0.15141752362251282,0.23383083939552307,0.13176588714122772
YLR096W,YIL125W,0,0.080214694,0.15132002532482147,0.23383083939552307,0.13186593353748322
YJR110W,YNL325C,1,0.080090955,0.151866152882576,0.23482586443424225,0.13186593353748322
YMR070W,YHR161C,0,0.080036595,0.1517684906721115,0.23482586443424225,0.1319659799337387
YML085C,YGL229C,0,0.08000626,0.15167094767093658,0.23482586443424225,0.1320660263299942
YGL147C,YGR218W,0,0.07995218,0.1515735387802124,0.23482586443424225,0.1321660876274109
YOL100W,YDL030W,0,0.07980628,0.15147624909877777,0.23482586443424225,0.13226613402366638
YAL016W,YKL212W,1,0.07980397,0.15202052891254425,0.23582088947296143,0.13226613402366638
YGR154C,YOR246C,0,0.07960582,0.1519230753183365,0.23582088947296143,0.13236618041992188
YDR050C,YLR446W,0,0.07958953,0.15182575583457947,0.23582088947296143,0.13246622681617737
YCR004C,YKR105C,0,0.0795728,0.151728555560112,0.23582088947296143,0.13256628811359406
YPL031C,YDR390C,0,0.079501346,0.15163147449493408,0.23582088947296143,0.13266633450984955
YOR076C,YDR069C,0,0.0794836,0.1515345275402069,0.23582088947296143,0.13276638090610504
YDL069C,YDR224C,0,0.07935473,0.1514376997947693,0.23582088947296143,0.13286642730236053
YBL078C,YLR371W,0,0.079281464,0.15134099125862122,0.23582088947296143,0.13296648859977722
YDR479C,YOR067C,0,0.079154685,0.1512444168329239,0.23582088947296143,0.13306653499603271
YLR019W,YJL098W,1,0.07886982,0.1517857164144516,0.2368159145116806,0.13306653499603271
YAL016W,YNL217W,1,0.07870698,0.1523263156414032,0.23781093955039978,0.13306653499603271
YGL249W,YPR016C,0,0.07845089,0.15222929418087006,0.23781093955039978,0.1331665813922882
YJR135C,YHL032C,0,0.07842673,0.15213240683078766,0.23781093955039978,0.1332666277885437
YEL021W,YOR386W,0,0.0784215,0.15203562378883362,0.23781093955039978,0.1333666890859604
YBR033W,YPL149W,0,0.078395426,0.15193897485733032,0.23781093955039978,0.13346673548221588
YDR356W,YNL091W,0,0.07839319,0.15184244513511658,0.23781093955039978,0.13356678187847137
YBR022W,YDR284C,1,0.07836105,0.15238095819950104,0.23880596458911896,0.13356678187847137
YPL154C,YJL062W,0,0.078052714,0.15228426456451416,0.23880596458911896,0.13366682827472687
YGL137W,YLR192C,0,0.077956855,0.15218770503997803,0.23880596458911896,0.13376688957214355
YFR008W,YDR003W,0,0.07795337,0.15209124982357025,0.23880596458911896,0.13386693596839905
YJR016C,YBR273C,0,0.07759023,0.15199492871761322,0.23880596458911896,0.13396698236465454
YML085C,YIL138C,0,0.07750343,0.15189872682094574,0.23880596458911896,0.13406702876091003
YLR345W,YOR131C,1,0.077500984,0.15243516862392426,0.23980098962783813,0.13406702876091003
YPL206C,YKL154W,0,0.07739346,0.15233881771564484,0.23980098962783813,0.13416709005832672
YMR235C,YGL253W,0,0.07723385,0.15224257111549377,0.23980098962783813,0.13426713645458221
YAL009W,YNL010W,1,0.07711972,0.1527777761220932,0.2407960146665573,0.13426713645458221
YPL206C,YIL126W,0,0.07711564,0.1526813954114914,0.2407960146665573,0.1343671828508377
YJL106W,YPL160W,0,0.076909795,0.15258511900901794,0.2407960146665573,0.1344672292470932
YBR024W,YNR047W,0,0.0766684,0.15248897671699524,0.2407960146665573,0.1345672905445099
YBL017C,YPL195W,0,0.07665011,0.15239295363426208,0.2407960146665573,0.13466733694076538
YGR292W,YDR356W,0,0.07644914,0.1522970348596573,0.2407960146665573,0.13476738333702087
YML015C,YJR033C,0,0.07583167,0.15220126509666443,0.2407960146665573,0.13486742973327637
YER056C-A,YIR002C,0,0.07578978,0.15210559964179993,0.2407960146665573,0.13496749103069305
YKR037C,YKR058W,0,0.075718224,0.15201005339622498,0.2407960146665573,0.13506753742694855
YDR481C,YGR054W,0,0.07557529,0.15191462635993958,0.2407960146665573,0.13516758382320404
YJL134W,YOL064C,1,0.07535693,0.1524466723203659,0.2417910397052765,0.13516758382320404
YGR241C,YDR003W,0,0.075338915,0.15235109627246857,0.2417910397052765,0.13526763021945953
YFR028C,YOL065C,1,0.07531293,0.15288220345973969,0.24278606474399567,0.13526763021945953
YLR459W,YDL143W,0,0.075296864,0.1527864784002304,0.24278606474399567,0.13536767661571503
YDL047W,YGL190C,1,0.07512334,0.1533166468143463,0.24378108978271484,0.13536767661571503
YLR097C,YGR191W,0,0.07502368,0.1532207578420639,0.24378108978271484,0.1354677379131317
YOL071W,YDL008W,0,0.07455805,0.15312500298023224,0.24378108978271484,0.1355677843093872
YGL040C,YMR285C,0,0.07451907,0.15302935242652893,0.24378108978271484,0.1356678307056427
YML034W,YDR436W,0,0.07447639,0.15293383598327637,0.24378108978271484,0.1357678771018982
YOR288C,YGL039W,0,0.074384406,0.15283842384815216,0.24378108978271484,0.13586793839931488
YOL100W,YMR198W,0,0.074357376,0.1527431458234787,0.24378108978271484,0.13596798479557037
YNR040W,YJR155W,0,0.07429473,0.1526479721069336,0.24378108978271484,0.13606803119182587
YHR028C,YDL141W,0,0.07426047,0.15255293250083923,0.24378108978271484,0.13616807758808136
YDR067C,YLL010C,1,0.074033454,0.1530802696943283,0.24477611482143402,0.13616807758808136
YDL120W,YFR005C,0,0.07394086,0.152985081076622,0.24477611482143402,0.13626813888549805
YDR060W,YKL195W,0,0.07379331,0.15288999676704407,0.24477611482143402,0.13636818528175354
YDR128W,YHR064C,0,0.073642895,0.15279503166675568,0.24477611482143402,0.13646823167800903
YLR283W,YBR231C,0,0.07363671,0.15270018577575684,0.24477611482143402,0.13656827807426453
YJL190C,YJR045C,0,0.07355046,0.15260545909404755,0.24477611482143402,0.1366683393716812
YDR036C,YDR117C,0,0.07347077,0.1525108516216278,0.24477611482143402,0.1367683857679367
YMR070W,YLR097C,0,0.07344064,0.15241636335849762,0.24477611482143402,0.1368684321641922
YNL158W,YOL109W,0,0.073405474,0.1523219794034958,0.24477611482143402,0.1369684785604477
YDL188C,YER062C,1,0.07337277,0.1528465300798416,0.2457711398601532,0.1369684785604477
YOL105C,YGL039W,0,0.07333593,0.15275201201438904,0.2457711398601532,0.13706853985786438
YBR082C,YLR433C,0,0.07327597,0.15265759825706482,0.2457711398601532,0.13716858625411987
YGL040C,YHR129C,0,0.073250294,0.15256330370903015,0.2457711398601532,0.13726863265037537
YKL212W,YEL038W,1,0.0730941,0.15308642387390137,0.24676616489887238,0.13726863265037537
YDR436W,YFR028C,1,0.07290284,0.15360888838768005,0.24776118993759155,0.13726863265037537
YKL140W,YDL143W,0,0.072781295,0.15351417660713196,0.24776118993759155,0.13736867904663086
YGR008C,YGL141W,0,0.072757676,0.1534195989370346,0.24776118993759155,0.13746874034404755
YOL031C,YEL058W,0,0.07256764,0.1533251255750656,0.24776118993759155,0.13756878674030304
YHL008C,YEL015W,0,0.072245866,0.15323077142238617,0.24776118993759155,0.13766883313655853
YAR015W,YDR077W,0,0.07220407,0.15313653647899628,0.24776118993759155,0.13776887953281403
YAL016W,YGL229C,1,0.07211129,0.15365703403949738,0.24875621497631073,0.13776887953281403
YGL035C,YGL168W,0,0.07200362,0.15356265008449554,0.24875621497631073,0.1378689408302307
YBR185C,YNL096C,0,0.07199438,0.15346838533878326,0.24875621497631073,0.1379689872264862
YHR143W,YEL050C,0,0.071983054,0.15337423980236053,0.24875621497631073,0.1380690336227417
YOR257W,YMR150C,0,0.071950406,0.15328019857406616,0.24875621497631073,0.1381690800189972
YIL078W,YKR030W,0,0.07185042,0.15318627655506134,0.24875621497631073,0.13826914131641388
YER062C,YGL229C,1,0.071643725,0.15370483696460724,0.2497512400150299,0.13826914131641388
YOL105C,YBR009C,0,0.07113655,0.15361076593399048,0.2497512400150299,0.13836918771266937
YHR147C,YMR208W,0,0.070760965,0.15351681411266327,0.2497512400150299,0.13846923410892487
YML034W,YDL082W,0,0.0707033,0.1534229815006256,0.2497512400150299,0.13856928050518036
YGL137W,YEL065W,0,0.070642024,0.1533292680978775,0.2497512400150299,0.13866934180259705
YLR214W,YER133W,0,0.070521355,0.15323565900325775,0.2497512400150299,0.13876938819885254
YOR373W,YGL084C,0,0.07051472,0.15314215421676636,0.2497512400150299,0.13886943459510803
YNL280C,YER131W,0,0.07046969,0.1530487835407257,0.2497512400150299,0.13896948099136353
YOR067C,YHR136C,0,0.07045853,0.15295551717281342,0.2497512400150299,0.13906952738761902
YLL013C,YOR044W,0,0.07025179,0.15286237001419067,0.2497512400150299,0.1391695886850357
YJR145C,YPL091W,0,0.070100635,0.1527693271636963,0.2497512400150299,0.1392696350812912
YIR014W,YKR097W,0,0.069979295,0.15267640352249146,0.2497512400150299,0.1393696814775467
YDL231C,YOR155C,0,0.069970176,0.15258358418941498,0.2497512400150299,0.13946972787380219
YDR012W,YMR026C,0,0.06995824,0.15249088406562805,0.2497512400150299,0.13956978917121887
YBR033W,YKL028W,0,0.06972298,0.15239830315113068,0.2497512400150299,0.13966983556747437
YPR156C,YFR006W,0,0.06945965,0.15230582654476166,0.2497512400150299,0.13976988196372986
YDR478W,YIL111W,0,0.069386065,0.1522134691476822,0.2497512400150299,0.13986992835998535
YGR263C,YDR456W,0,0.06931475,0.15212121605873108,0.2497512400150299,0.13996998965740204
YBR125C,YDR284C,1,0.06916726,0.15263476967811584,0.2507462799549103,0.13996998965740204
YOR150W,YDR402C,0,0.069124535,0.1525423675775528,0.2507462799549103,0.14007003605365753
YCL055W,YMR302C,0,0.06850761,0.1524500846862793,0.2507462799549103,0.14017008244991302
YDR270W,YNL158W,0,0.068320885,0.15235792100429535,0.2507462799549103,0.14027012884616852
YKR061W,YOL071W,0,0.06785852,0.15226586163043976,0.2507462799549103,0.1403701901435852
YGL119W,YJR089W,0,0.067647815,0.15217390656471252,0.2507462799549103,0.1404702365398407
YGL223C,YMR080C,0,0.067600384,0.15208207070827484,0.2507462799549103,0.1405702829360962
YHR140W,YMR285C,0,0.067491814,0.1519903540611267,0.2507462799549103,0.14067032933235168
YIR014W,YDR376W,0,0.06731588,0.15189872682094574,0.2507462799549103,0.14077039062976837
YHR021C,YPL019C,0,0.067255676,0.15180723369121552,0.2507462799549103,0.14087043702602386
YLL010C,YNL222W,1,0.06715736,0.15231788158416748,0.25174129009246826,0.14087043702602386
YER174C,YOL152W,0,0.067048535,0.15222623944282532,0.25174129009246826,0.14097048342227936
YJL170C,YGR262C,0,0.06693722,0.1521347016096115,0.25174129009246826,0.14107052981853485
YGL161C,YER110C,0,0.066897586,0.15204326808452606,0.25174129009246826,0.14117059111595154
YDR510W,YJR058C,0,0.06673844,0.15195195376873016,0.25174129009246826,0.14127063751220703
YKR090W,YGL009C,0,0.06662066,0.15186074376106262,0.25174129009246826,0.14137068390846252
YOR288C,YIR023W,0,0.06659904,0.15176965296268463,0.25174129009246826,0.14147073030471802
YMR130W,YHR004C,1,0.06633398,0.15227818489074707,0.25273633003234863,0.14147073030471802
YIL172C,YJR016C,0,0.06624447,0.15218694508075714,0.25273633003234863,0.1415707916021347
YIR023W,YLR327C,0,0.066163346,0.15209580957889557,0.25273633003234863,0.1416708379983902
YJL143W,YER007W,0,0.06599447,0.15200479328632355,0.25273633003234863,0.1417708843946457
YML012W,YER113C,0,0.065481365,0.15191388130187988,0.25273633003234863,0.14187093079090118
YLR172C,YML070W,0,0.06542727,0.15182307362556458,0.25273633003234863,0.14197099208831787
YPR108W,YMR150C,0,0.06538306,0.15173237025737762,0.25273633003234863,0.14207103848457336
YGL253W,YNL136W,0,0.06527689,0.15164178609848022,0.25273633003234863,0.14217108488082886
YJR104C,YOL103W,0,0.065221116,0.15155130624771118,0.25273633003234863,0.14227113127708435
YHR161C,YDR117C,0,0.06515178,0.1514609456062317,0.25273633003234863,0.14237119257450104
YJR076C,YBR185C,0,0.065140575,0.15137067437171936,0.25273633003234863,0.14247123897075653
YKL109W,YNL191W,0,0.065136835,0.15128052234649658,0.25273633003234863,0.14257128536701202
YMR042W,YOR270C,0,0.0646587,0.15119047462940216,0.25273633003234863,0.14267133176326752
YER111C,YGL084C,0,0.064647645,0.1511005312204361,0.25273633003234863,0.1427713930606842
YJL143W,YPL194W,0,0.06447184,0.15101070702075958,0.25273633003234863,0.1428714394569397
YOL100W,YBR035C,0,0.06439765,0.15092097222805023,0.25273633003234863,0.1429714858531952
YER053C,YGL059W,0,0.06401332,0.15083135664463043,0.25273633003234863,0.14307153224945068
YMR298W,YJR098C,0,0.06398159,0.150741845369339,0.25273633003234863,0.14317157864570618
YML060W,YNR022C,0,0.06385562,0.1506524384021759,0.25273633003234863,0.14327163994312286
YGR026W,YPL202C,0,0.06369892,0.15056313574314117,0.25273633003234863,0.14337168633937836
YJR025C,YCL050C,0,0.063598365,0.1504739373922348,0.25273633003234863,0.14347173273563385
YHL032C,YCR028C,0,0.06352079,0.1503848433494568,0.25273633003234863,0.14357177913188934
YGL035C,YBR050C,0,0.06346317,0.15029585361480713,0.25273633003234863,0.14367184042930603
YDR036C,YNR041C,0,0.06342363,0.15020698308944702,0.25273633003234863,0.14377188682556152
YDL101C,YPR081C,0,0.063418,0.15011820197105408,0.25273633003234863,0.14387193322181702
YJL143W,YMR223W,0,0.0632136,0.15002954006195068,0.25273633003234863,0.1439719796180725
YDR503C,YBR105C,0,0.06318627,0.14994096755981445,0.25273633003234863,0.1440720409154892
YDR495C,YPL059W,0,0.0631005,0.14985251426696777,0.25273633003234863,0.1441720873117447
YMR297W,YER153C,0,0.06302932,0.14976415038108826,0.25273633003234863,0.14427213370800018
YMR316W,YBR160W,0,0.06296541,0.1496759057044983,0.25273633003234863,0.14437218010425568
YOL064C,YDR086C,0,0.06291543,0.1495877504348755,0.25273633003234863,0.14447224140167236
YDL204W,YLR099C,0,0.06277202,0.14949969947338104,0.25273633003234863,0.14457228779792786
YHR028C,YNR007C,0,0.062714145,0.14941176772117615,0.25273633003234863,0.14467233419418335
YNL053W,YNL010W,1,0.06270021,0.1499118208885193,0.2537313401699066,0.14467233419418335
YLR361C,YCR079W,1,0.062630355,0.15041127800941467,0.254726380109787,0.14467233419418335
YHR046C,YAL009W,1,0.06238782,0.1509101539850235,0.25572139024734497,0.14467233419418335
YOR143C,YHR181W,0,0.062099848,0.15082159638404846,0.25572139024734497,0.14477238059043884
YML015C,YLR433C,0,0.06189516,0.15073314309120178,0.25572139024734497,0.14487244188785553
YDR424C,YHR025W,0,0.06180949,0.15064477920532227,0.25572139024734497,0.14497248828411102
YLL050C,YPL026C,0,0.06172124,0.1505565345287323,0.25572139024734497,0.14507253468036652
YJR016C,YGR101W,0,0.061495226,0.1504683792591095,0.25572139024734497,0.145172581076622
YMR247C,YIL155C,0,0.06133623,0.15038034319877625,0.25572139024734497,0.1452726423740387
YKL059C,YJR058C,0,0.061248686,0.15029239654541016,0.25572139024734497,0.1453726887702942
YER099C,YLR109W,0,0.061217617,0.15020455420017242,0.25572139024734497,0.14547273516654968
YIL115C,YGR037C,0,0.06091224,0.15011681616306305,0.25572139024734497,0.14557278156280518
YHL036W,YPL160W,0,0.060812574,0.15002918243408203,0.25572139024734497,0.14567284286022186
YER068W,YPL195W,0,0.06043547,0.14994165301322937,0.25572139024734497,0.14577288925647736
YNR008W,YDR197W,0,0.06021854,0.14985422790050507,0.25572139024734497,0.14587293565273285
YPR118W,YOR386W,0,0.060185473,0.14976690709590912,0.25572139024734497,0.14597298204898834
YLR345W,YNL222W,1,0.060179155,0.15026208758354187,0.25671643018722534,0.14597298204898834
YOR322C,YOL157C,0,0.060009833,0.15017461776733398,0.25671643018722534,0.14607304334640503
YPR048W,YEL038W,0,0.05989703,0.15008726716041565,0.25671643018722534,0.14617308974266052
YDL136W,YNR007C,0,0.059492927,0.15000000596046448,0.25671643018722534,0.14627313613891602
YKL154W,YPR028W,0,0.059095826,0.14991283416748047,0.25671643018722534,0.1463731825351715
YML012W,YKR009C,0,0.05894811,0.149825781583786,0.25671643018722534,0.1464732438325882
YJR121W,YAL062W,0,0.058781873,0.1497388333082199,0.25671643018722534,0.1465732902288437
YDR011W,YJL019W,0,0.0587386,0.14965197443962097,0.25671643018722534,0.14667333662509918
YOR228C,YDL017W,0,0.058715913,0.1495652198791504,0.25671643018722534,0.14677338302135468
YKL218C,YOL125W,0,0.05854587,0.14947856962680817,0.25671643018722534,0.14687342941761017
YDR253C,YDL019C,0,0.058472883,0.1493920087814331,0.25671643018722534,0.14697349071502686
YHR184W,YKL164C,0,0.058281694,0.1493055522441864,0.25671643018722534,0.14707353711128235
YDR315C,YML015C,0,0.05802418,0.14921920001506805,0.25671643018722534,0.14717358350753784
YDL195W,YGR086C,0,0.05786253,0.14913295209407806,0.25671643018722534,0.14727362990379333
YER091C,YGR220C,0,0.057718944,0.14904679358005524,0.25671643018722534,0.14737369120121002
YPR073C,YKL212W,1,0.057482425,0.1495380997657776,0.2577114403247833,0.14737369120121002
YBL103C,YDL192W,0,0.05741145,0.1494518220424652,0.2577114403247833,0.14747373759746552
YCL027W,YHR181W,0,0.057216633,0.14936563372612,0.2577114403247833,0.147573783993721
YNL046W,YNL268W,0,0.057112347,0.14927953481674194,0.2577114403247833,0.1476738303899765
YJL164C,YGR156W,0,0.057092797,0.14919355511665344,0.2577114403247833,0.1477738916873932
YLR286C,YCL066W,0,0.056846667,0.1491076499223709,0.2577114403247833,0.14787393808364868
YBR286W,YGL206C,0,0.05678658,0.14902186393737793,0.2577114403247833,0.14797398447990417
YKL100C,YDR368W,0,0.05660833,0.1489361673593521,0.2577114403247833,0.14807403087615967
YLR266C,YMR163C,0,0.05653022,0.14885057508945465,0.2577114403247833,0.14817409217357635
YOR322C,YER053C,0,0.0565035,0.14876507222652435,0.2577114403247833,0.14827413856983185
YBR036C,YDR376W,0,0.0564502,0.1486796736717224,0.2577114403247833,0.14837418496608734
YGR262C,YDR055W,0,0.056344997,0.14859437942504883,0.2577114403247833,0.14847423136234283
YJR110W,YMR180C,1,0.055953037,0.14908257126808167,0.2587064802646637,0.14847423136234283
YKL152C,YBR022W,1,0.05591986,0.14957019686698914,0.2597014904022217,0.14847423136234283
YNL222W,YOL065C,1,0.05585761,0.15005727112293243,0.26069653034210205,0.14847423136234283
YDR067C,YOR014W,1,0.055824783,0.15054379403591156,0.26169154047966003,0.14847423136234283
YNL212W,YGR001C,0,0.055711012,0.15045766532421112,0.26169154047966003,0.14857429265975952
YGL173C,YOL002C,0,0.0556607,0.15037164092063904,0.26169154047966003,0.14867433905601501
YLR238W,YHL032C,0,0.055624846,0.1502857208251953,0.26169154047966003,0.1487743854522705
YKL152C,YNL053W,1,0.0556159,0.15077099204063416,0.2626865804195404,0.1487743854522705
YDR287W,YHR004C,1,0.055580717,0.15125571191310883,0.2636815905570984,0.1487743854522705
YJL219W,YER091C,0,0.05552828,0.15116941928863525,0.2636815905570984,0.148874431848526
YBL056W,YMR277W,1,0.055512544,0.15165336430072784,0.26467663049697876,0.148874431848526
YBR105C,YNL268W,0,0.055500787,0.15156695246696472,0.26467663049697876,0.1489744931459427
YNR050C,YMR109W,0,0.05534232,0.15148064494132996,0.26467663049697876,0.14907453954219818
YGL119W,YPL271W,0,0.055268895,0.15139442682266235,0.26467663049697876,0.14917458593845367
YFL047W,YBR159W,0,0.05524074,0.15130829811096191,0.26467663049697876,0.14927463233470917
YOR109W,YDR287W,1,0.055133592,0.1517907828092575,0.26567164063453674,0.14927463233470917
YML015C,YMR302C,0,0.05506907,0.1517045497894287,0.26567164063453674,0.14937469363212585
YBL103C,YOL071W,0,0.055001747,0.15161839127540588,0.26567164063453674,0.14947474002838135
YJL073W,YGL031C,0,0.054902982,0.1515323519706726,0.26567164063453674,0.14957478642463684
YNR070W,YMR163C,0,0.05483168,0.1514464020729065,0.26567164063453674,0.14967483282089233
YFR025C,YIL113W,1,0.054797526,0.15192744135856628,0.2666666805744171,0.14967483282089233
YGL135W,YPR168W,0,0.05466767,0.15184135735034943,0.2666666805744171,0.14977489411830902
YMR142C,YHL004W,0,0.054652195,0.15175537765026093,0.2666666805744171,0.14987494051456451
YOR322C,YFR007W,0,0.054615628,0.15166950225830078,0.2666666805744171,0.14997498691082
YDR503C,YKL190W,1,0.054328088,0.15214931964874268,0.2676616907119751,0.14997498691082
YHR116W,YPL149W,0,0.054252382,0.1520633101463318,0.2676616907119751,0.1500750333070755
YMR217W,YDL065C,0,0.05405308,0.15197740495204926,0.2676616907119751,0.1501750946044922
YHR025W,YDR139C,0,0.054049637,0.1518915891647339,0.2676616907119751,0.15027514100074768
YMR098C,YGR189C,0,0.05394872,0.15180586278438568,0.2676616907119751,0.15037518739700317
YNL185C,YNL128W,0,0.05383691,0.15172025561332703,0.2676616907119751,0.15047523379325867
YOR167C,YHL019C,0,0.05376355,0.15163472294807434,0.2676616907119751,0.15057529509067535
YGR026W,YIL090W,0,0.0536034,0.15154929459095,0.2676616907119751,0.15067534148693085
YBR175W,YNR047W,0,0.053580116,0.15146397054195404,0.2676616907119751,0.15077538788318634
YML091C,YGL084C,0,0.05350406,0.15137872099876404,0.2676616907119751,0.15087543427944183
YGL161C,YDR447C,0,0.053303804,0.1512935906648636,0.2676616907119751,0.15097548067569733
YMR314W,YPL154C,0,0.052971195,0.1512085497379303,0.2676616907119751,0.151075541973114
YDR495C,YDL008W,0,0.052733,0.15112359821796417,0.2676616907119751,0.1511755883693695
YDR322W,YLR079W,0,0.052459802,0.1510387361049652,0.2676616907119751,0.151275634765625
YLR266C,YBR156C,0,0.05164386,0.1509539783000946,0.2676616907119751,0.1513756811618805
YLR038C,YDR158W,0,0.05161951,0.15086932480335236,0.2676616907119751,0.15147574245929718
YDR022C,YPR178W,0,0.051522966,0.15078476071357727,0.2676616907119751,0.15157578885555267
YHR143W,YNL151C,0,0.05145995,0.15070028603076935,0.2676616907119751,0.15167583525180817
YOR116C,YMR098C,0,0.051371586,0.1506159007549286,0.2676616907119751,0.15177588164806366
YMR256C,YOR069W,0,0.05136058,0.1505316197872162,0.2676616907119751,0.15187594294548035
YDL056W,YFR008W,0,0.051236007,0.15044742822647095,0.2676616907119751,0.15197598934173584
YJR104C,YBR030W,0,0.05114154,0.15036332607269287,0.2676616907119751,0.15207603573799133
YOR036W,YDL144C,0,0.05108918,0.15027932822704315,0.2676616907119751,0.15217608213424683
YCR020C,YDL082W,0,0.05108216,0.1501954197883606,0.2676616907119751,0.1522761434316635
YHR046C,YDL085W,0,0.050871316,0.1501116007566452,0.2676616907119751,0.152376189827919
YBR276C,YGL229C,1,0.050772693,0.1505856066942215,0.26865673065185547,0.152376189827919
YDL024C,YNL099C,1,0.050648164,0.151059091091156,0.26965174078941345,0.152376189827919
YML054C,YML125C,0,0.050647955,0.15097492933273315,0.26965174078941345,0.1524762362241745
YLL009C,YPL143W,0,0.050447475,0.15089087188243866,0.26965174078941345,0.15257628262043
YJL156C,YGR189C,0,0.050315205,0.15080690383911133,0.26965174078941345,0.15267634391784668
YIR037W,YCL047C,0,0.05012728,0.15072302520275116,0.26965174078941345,0.15277639031410217
YKL140W,YAR018C,0,0.0499445,0.15063925087451935,0.26965174078941345,0.15287643671035767
YLR172C,YER044C,0,0.04993279,0.1505555510520935,0.26965174078941345,0.15297648310661316
YNL032W,YDL134C,1,0.04987682,0.15102720260620117,0.2706467807292938,0.15297648310661316
YDR251W,YLR176C,0,0.04986052,0.15094339847564697,0.2706467807292938,0.15307654440402985
YDL056W,YCL047C,0,0.049788978,0.15085968375205994,0.2706467807292938,0.15317659080028534
YLR373C,YEL064C,0,0.04964177,0.15077605843544006,0.2706467807292938,0.15327663719654083
YDR036C,YMR184W,0,0.049310606,0.15069252252578735,0.2706467807292938,0.15337668359279633
YGR026W,YAL058W,0,0.049171392,0.1506090760231018,0.2706467807292938,0.153476744890213
YEL059C-A,YMR127C,0,0.048825126,0.15052573382854462,0.2706467807292938,0.1535767912864685
YKR038C,YMR017W,0,0.048823725,0.1504424810409546,0.2706467807292938,0.153676837682724
YBR214W,YLR430W,0,0.048622888,0.15035931766033173,0.2706467807292938,0.1537768840789795
YMR261C,YDL134C,1,0.048060548,0.15082873404026031,0.2716417908668518,0.1537768840789795
YMR188C,YIL138C,0,0.047715697,0.1507454514503479,0.2716417908668518,0.15387694537639618
YLL013C,YOR244W,0,0.047700282,0.15066225826740265,0.2716417908668518,0.15397699177265167
YMR026C,YBR012W-B,0,0.04767235,0.15057915449142456,0.2716417908668518,0.15407703816890717
YHR171W,YPL204W,0,0.04760528,0.15049614012241364,0.2716417908668518,0.15417708456516266
YML037C,YGR062C,0,0.04750022,0.15041323006153107,0.2716417908668518,0.15427714586257935
YDL033C,YCL055W,0,0.04747085,0.15033039450645447,0.2716417908668518,0.15437719225883484
YFR008W,YFL044C,0,0.047440525,0.15024766325950623,0.2716417908668518,0.15447723865509033
YLR204W,YNL191W,0,0.04740059,0.15016502141952515,0.2716417908668518,0.15457728505134583
YOL064C,YGL190C,1,0.047054503,0.15063221752643585,0.2726368308067322,0.15457728505134583
YMR256C,YOL019W,0,0.04683731,0.15054945647716522,0.2726368308067322,0.15467733144760132
YER029C,YKL198C,0,0.046690483,0.15046676993370056,0.2726368308067322,0.154777392745018
YOR057W,YGR054W,0,0.046563957,0.15038418769836426,0.2726368308067322,0.1548774391412735
YDR326C,YDR380W,0,0.04642659,0.15030169486999512,0.2726368308067322,0.154977485537529
YHR025W,YPL031C,0,0.04641943,0.15021929144859314,0.2726368308067322,0.15507753193378448
YLR106C,YHR067W,0,0.046099555,0.15013699233531952,0.2726368308067322,0.15517759323120117
YDR011W,YGR194C,0,0.04601639,0.15005476772785187,0.2726368308067322,0.15527763962745667
YHR206W,YPL206C,0,0.045888405,0.14997263252735138,0.2726368308067322,0.15537768602371216
YCR004C,YGR061C,0,0.04586718,0.14989058673381805,0.2726368308067322,0.15547773241996765
YMR071C,YPL033C,0,0.045656007,0.14980864524841309,0.2726368308067322,0.15557779371738434
YDR022C,YPR036W,0,0.045600574,0.1497267782688141,0.2726368308067322,0.15567784011363983
YIL124W,YLR176C,0,0.045526337,0.14964500069618225,0.2726368308067322,0.15577788650989532
YGL213C,YDL195W,0,0.045430202,0.14956331253051758,0.2726368308067322,0.15587793290615082
YGL035C,YLR356W,0,0.04539938,0.14948172867298126,0.2726368308067322,0.1559779942035675
YER133W,YHR167W,0,0.045291033,0.14940021932125092,0.2726368308067322,0.156078040599823
YFL047W,YBR041W,0,0.045175944,0.14931879937648773,0.2726368308067322,0.1561780869960785
YGL173C,YCL047C,0,0.045101184,0.1492374688386917,0.2726368308067322,0.15627813339233398
YPR184W,YNL101W,0,0.045071375,0.14915622770786285,0.2726368308067322,0.15637819468975067
YLR045C,YKL164C,0,0.04506075,0.14907507598400116,0.2726368308067322,0.15647824108600616
YJR016C,YER007W,0,0.04499541,0.14899401366710663,0.2726368308067322,0.15657828748226166
YDL185W,YBL023C,0,0.044844862,0.14891304075717926,0.2726368308067322,0.15667833387851715
YOR155C,YFR040W,1,0.044328745,0.1493753343820572,0.27363184094429016,0.15667833387851715
YHR186C,YKL056C,0,0.044300888,0.14929424226284027,0.27363184094429016,0.15677839517593384
YJL046W,YOL002C,0,0.044264425,0.14921323955059052,0.27363184094429016,0.15687844157218933
YDR012W,YOR306C,0,0.0442367,0.14913232624530792,0.27363184094429016,0.15697848796844482
YDR047W,YDR393W,0,0.044206213,0.1490514874458313,0.27363184094429016,0.15707853436470032
YDR523C,YOL056W,0,0.044010486,0.14897075295448303,0.27363184094429016,0.157178595662117
YOL139C,YLR446W,0,0.043989222,0.14889009296894073,0.27363184094429016,0.1572786420583725
YML042W,YDR420W,0,0.043956693,0.1488095223903656,0.27363184094429016,0.157378688454628
YBR092C,YGL229C,1,0.043658536,0.14926987886428833,0.27462685108184814,0.157378688454628
YGR101W,YNR007C,0,0.043566447,0.14918918907642365,0.27462685108184814,0.15747873485088348
YNL206C,YOL071W,0,0.04350866,0.14910858869552612,0.27462685108184814,0.15757879614830017
YKR038C,YPR184W,0,0.04344025,0.14902807772159576,0.27462685108184814,0.15767884254455566
YDR121W,YPR036W,0,0.04341655,0.14894765615463257,0.27462685108184814,0.15777888894081116
YKL190W,YGL190C,1,0.043250468,0.14940668642520905,0.2756218910217285,0.15777888894081116
YLR266C,YBR035C,0,0.0432267,0.1493261456489563,0.2756218910217285,0.15787893533706665
YBL093C,YDL033C,0,0.043182854,0.14924569427967072,0.2756218910217285,0.15797899663448334
YGR029W,YLR079W,0,0.043149415,0.1491653174161911,0.2756218910217285,0.15807904303073883
YHR207C,YNL310C,0,0.043141928,0.14908504486083984,0.2756218910217285,0.15817908942699432
YDR481C,YLL013C,0,0.043010954,0.14900484681129456,0.2756218910217285,0.15827913582324982
YDL143W,YMR302C,0,0.042995047,0.14892473816871643,0.2756218910217285,0.1583791822195053
YNL227C,YLR186W,0,0.04291172,0.14884470403194427,0.2756218910217285,0.158479243516922
YNR050C,YGR279C,0,0.042909008,0.14876477420330048,0.2756218910217285,0.1585792899131775
YMR261C,YHR004C,1,0.042789232,0.14922168850898743,0.2766169011592865,0.1585792899131775
YNR061C,YFR008W,0,0.04277182,0.14914162456989288,0.2766169011592865,0.15867933630943298
YDR067C,YOR109W,1,0.04276402,0.14959785342216492,0.27761194109916687,0.15867933630943298
YPR005C,YLR100W,0,0.042542797,0.14951768517494202,0.27761194109916687,0.15877938270568848
YDR495C,YPR016C,0,0.042500217,0.14943760633468628,0.27761194109916687,0.15887944400310516
YNL289W,YDR054C,0,0.042321976,0.1493576020002365,0.27761194109916687,0.15897949039936066
YNL049C,YDR044W,0,0.042117517,0.1492776870727539,0.27761194109916687,0.15907953679561615
YPL022W,YGR218W,0,0.04210755,0.14919786155223846,0.27761194109916687,0.15917958319187164
YIL109C,YDL136W,0,0.042072695,0.14911812543869019,0.27761194109916687,0.15927964448928833
YER153C,YMR045C,0,0.041954573,0.14903846383094788,0.27761194109916687,0.15937969088554382
YNL046W,YJL041W,0,0.041646,0.14895889163017273,0.27761194109916687,0.15947973728179932
YPL090C,YDR529C,0,0.041468766,0.14887940883636475,0.27761194109916687,0.1595797836780548
YOR151C,YML063W,0,0.041328292,0.14880000054836273,0.27761194109916687,0.1596798449754715
YFL004W,YDR038C,0,0.041226808,0.14872068166732788,0.27761194109916687,0.159779891371727
YDR074W,YDR284C,1,0.041150462,0.14917421340942383,0.27860695123672485,0.159779891371727
YOR046C,YIL039W,0,0.041048568,0.14909477531909943,0.27860695123672485,0.15987993776798248
YAL041W,YDR231C,0,0.041007143,0.1490154266357422,0.27860695123672485,0.15997998416423798
YCR077C,YLR207W,0,0.04095825,0.1489361673593521,0.27860695123672485,0.16008004546165466
YGR124W,YJR059W,0,0.040895324,0.1488569974899292,0.27860695123672485,0.16018009185791016
YAL021C,YNL098C,0,0.040576573,0.14877790212631226,0.27860695123672485,0.16028013825416565
YGL137W,YMR071C,0,0.040533494,0.14869888126850128,0.27860695123672485,0.16038018465042114
YMR036C,YNL217W,1,0.040522616,0.14915074408054352,0.2796019911766052,0.16038018465042114
YOL138C,YER061C,0,0.040361535,0.1490716189146042,0.2796019911766052,0.16048024594783783
YHR206W,YOR014W,0,0.0402389,0.14899258315563202,0.2796019911766052,0.16058029234409332
YLR040C,YPL149W,0,0.040224593,0.14891362190246582,0.2796019911766052,0.16068033874034882
YDL047W,YDL188C,1,0.04010972,0.1493644118309021,0.2805970013141632,0.16068033874034882
YDR036C,YKL195W,0,0.04002526,0.14928533136844635,0.2805970013141632,0.1607803851366043
YKL011C,YCR098C,0,0.03993247,0.14920635521411896,0.2805970013141632,0.160880446434021
YNR020C,YGL084C,0,0.039865863,0.14912743866443634,0.2805970013141632,0.1609804928302765
YDL164C,YLR186W,0,0.03948615,0.14904862642288208,0.2805970013141632,0.16108053922653198
YKL088W,YJR045C,0,0.03946748,0.1489698886871338,0.2805970013141632,0.16118058562278748
YBR024W,YGL161C,0,0.039407533,0.14889124035835266,0.2805970013141632,0.16128064692020416
YNL001W,YOR092W,0,0.039316367,0.1488126665353775,0.2805970013141632,0.16138069331645966
YNL159C,YDR118W,0,0.039259892,0.1487341821193695,0.2805970013141632,0.16148073971271515
YPR005C,YOL077C,0,0.03915676,0.14865577220916748,0.2805970013141632,0.16158078610897064
YBR050C,YPR073C,0,0.038783174,0.14857745170593262,0.2805970013141632,0.16168084740638733
YJR097W,YDR077W,0,0.03872032,0.14849920570850372,0.2805970013141632,0.16178089380264282
YPL060W,YBL021C,0,0.03866027,0.148421049118042,0.2805970013141632,0.16188094019889832
YAL041W,YOR369C,0,0.038594287,0.14834298193454742,0.2805970013141632,0.1619809865951538
YOR167C,YDR298C,0,0.038333643,0.14826498925685883,0.2805970013141632,0.1620810478925705
YPL111W,YDR390C,0,0.03831281,0.1481870710849762,0.2805970013141632,0.162181094288826
YLR096W,YAL003W,0,0.038225185,0.14810924232006073,0.2805970013141632,0.16228114068508148
YNR070W,YLR306W,0,0.03819644,0.14803150296211243,0.2805970013141632,0.16238118708133698
YHR028C,YLR357W,0,0.038147498,0.1479538232088089,0.2805970013141632,0.16248123347759247
YLR439W,YDL115C,0,0.038067725,0.14787624776363373,0.2805970013141632,0.16258129477500916
YLR439W,YML012W,0,0.03790621,0.14779874682426453,0.2805970013141632,0.16268134117126465
YOR182C,YDR320C,0,0.037862193,0.1477213203907013,0.2805970013141632,0.16278138756752014
YLR459W,YPR042C,0,0.03784163,0.14764398336410522,0.2805970013141632,0.16288143396377563
YOR063W,YER089C,0,0.037840437,0.14756672084331512,0.2805970013141632,0.16298149526119232
YLR038C,YGR188C,0,0.037794013,0.147489532828331,0.2805970013141632,0.16308154165744781
YGL206C,YIR023W,0,0.03757603,0.14741243422031403,0.2805970013141632,0.1631815880537033
YOL067C,YOL120C,0,0.037574034,0.14733542501926422,0.2805970013141632,0.1632816344499588
YCL069W,YPL214C,0,0.03753,0.14725849032402039,0.2805970013141632,0.1633816957473755
YDR224C,YPL220W,0,0.0375051,0.14718163013458252,0.2805970013141632,0.16348174214363098
YDR481C,YLR134W,0,0.037474018,0.14710484445095062,0.2805970013141632,0.16358178853988647
YBL074C,YPL103C,0,0.037397932,0.1470281481742859,0.2805970013141632,0.16368183493614197
YLR370C,YBR030W,0,0.0373093,0.14695154130458832,0.2805970013141632,0.16378189623355865
YPL060W,YGL147C,0,0.037291553,0.14687499403953552,0.2805970013141632,0.16388194262981415
YMR016C,YFL036W,0,0.03723007,0.1467985361814499,0.2805970013141632,0.16398198902606964
YOR288C,YJL108C,0,0.037160065,0.14672216773033142,0.2805970013141632,0.16408203542232513
YBR082C,YER184C,0,0.03691313,0.14664585888385773,0.2805970013141632,0.16418209671974182
YGL119W,YOR150W,0,0.036831003,0.1465696394443512,0.2805970013141632,0.16428214311599731
YJL072C,YLR459W,0,0.0368271,0.14649350941181183,0.2805970013141632,0.1643821895122528
YGL222C,YHR081W,0,0.036717664,0.14641743898391724,0.2805970013141632,0.1644822359085083
YOR208W,YNL325C,1,0.036392283,0.14686040580272675,0.2815920412540436,0.1644822359085083
YGL229C,YDR166C,0,0.03623872,0.1467842310667038,0.2815920412540436,0.164582297205925
YMR056C,YKL181W,0,0.03614312,0.146708145737648,0.2815920412540436,0.16468234360218048
YGR274C,YDR003W,0,0.035825897,0.146632120013237,0.2815920412540436,0.16478238999843597
YKL109W,YIR015W,0,0.035753068,0.14655618369579315,0.2815920412540436,0.16488243639469147
YBR175W,YOR036W,0,0.035611574,0.14648033678531647,0.2815920412540436,0.16498249769210815
YOL003C,YGR002C,0,0.03557482,0.14640454947948456,0.2815920412540436,0.16508254408836365
YDR238C,YPL028W,0,0.03553055,0.1463288515806198,0.2815920412540436,0.16518259048461914
YIL124W,YOR044W,0,0.035528596,0.14625322818756104,0.2815920412540436,0.16528263688087463
YOR057W,YNL301C,0,0.03540921,0.14617767930030823,0.2815920412540436,0.16538269817829132
YOR175C,YDL112W,0,0.035256397,0.14610221982002258,0.2815920412540436,0.16548274457454681
YJL221C,YPR021C,0,0.03524537,0.1460268348455429,0.2815920412540436,0.1655827909708023
YPR070W,YBR122C,0,0.03520112,0.1459515243768692,0.2815920412540436,0.1656828373670578
YML106W,YOL152W,0,0.035074685,0.14587628841400146,0.2815920412540436,0.1657828986644745
YLR015W,YLR439W,0,0.034988645,0.1458011269569397,0.2815920412540436,0.16588294506072998
YAR007C,YNL098C,0,0.034921076,0.1457260549068451,0.2815920412540436,0.16598299145698547
YNL217W,YBR276C,1,0.034862023,0.14616572856903076,0.28258705139160156,0.16598299145698547
YFL044C,YGR054W,0,0.034752917,0.1460905373096466,0.28258705139160156,0.16608303785324097
YGL003C,YJR065C,0,0.034705292,0.14601542055606842,0.28258705139160156,0.16618308424949646
YGL213C,YIL026C,0,0.03461482,0.1459403932094574,0.28258705139160156,0.16628314554691315
YIL172C,YBR035C,0,0.034569215,0.14586544036865234,0.28258705139160156,0.16638319194316864
YGR159C,YIL070C,0,0.03435715,0.14579054713249207,0.28258705139160156,0.16648323833942413
YML094W,YBL082C,0,0.034140732,0.14571575820446014,0.28258705139160156,0.16658328473567963
YBL106C,YDR529C,0,0.03403614,0.145641028881073,0.28258705139160156,0.1666833460330963
YDR242W,YDL008W,0,0.033992294,0.14556637406349182,0.28258705139160156,0.1667833924293518
YNL166C,YLR286C,0,0.0339118,0.1454918086528778,0.28258705139160156,0.1668834388256073
YOR075W,YAL062W,0,0.033831608,0.14541730284690857,0.28258705139160156,0.1669834852218628
YOL138C,YKR030W,0,0.033777308,0.1453428864479065,0.28258705139160156,0.16708354651927948
YAL016W,YOR090C,1,0.033755194,0.1457800567150116,0.28358209133148193,0.16708354651927948
YER153C,YDR166C,0,0.03366523,0.14570552110671997,0.28358209133148193,0.16718359291553497
YJL190C,YML087C,0,0.033615556,0.1456310749053955,0.28358209133148193,0.16728363931179047
YOR181W,YGL191W,0,0.03341831,0.14555668830871582,0.28358209133148193,0.16738368570804596
YJR059W,YPL038W,0,0.03331281,0.1454823911190033,0.28358209133148193,0.16748374700546265
YOL003C,YBR207W,0,0.03327219,0.14540816843509674,0.28358209133148193,0.16758379340171814
YER027C,YOL117W,0,0.033209722,0.14533402025699615,0.28358209133148193,0.16768383979797363
YGL137W,YHR010W,0,0.0331134,0.14525993168354034,0.28358209133148193,0.16778388619422913
YFL029C,YCL063W,0,0.03310861,0.1451859325170517,0.28358209133148193,0.1678839474916458
YFL047W,YHL024W,0,0.032866847,0.1451120227575302,0.28358209133148193,0.1679839938879013
YLR377C,YML057W,1,0.03278609,0.1455470770597458,0.2845771014690399,0.1679839938879013
YNL292W,YPL204W,0,0.03275611,0.14547304809093475,0.2845771014690399,0.1680840402841568
YFL036W,YGL123W,0,0.03259949,0.1453990787267685,0.2845771014690399,0.1681840866804123
YER020W,YPR032W,0,0.032335248,0.1453251987695694,0.2845771014690399,0.16828414797782898
YDR341C,YGL161C,0,0.03229175,0.14525139331817627,0.2845771014690399,0.16838419437408447
YGL128C,YJR013W,0,0.032203417,0.1451776623725891,0.2845771014690399,0.16848424077033997
YDR074W,YEL021W,0,0.03215722,0.14510400593280792,0.2845771014690399,0.16858428716659546
YER061C,YDL095W,0,0.03193986,0.1450304239988327,0.2845771014690399,0.16868434846401215
YLR414C,YNL151C,0,0.031717967,0.14495691657066345,0.2845771014690399,0.16878439486026764
YDR018C,YBL074C,0,0.03171077,0.14488348364830017,0.2845771014690399,0.16888444125652313
YCR009C,YIL039W,0,0.031582188,0.14481012523174286,0.2845771014690399,0.16898448765277863
YIL172C,YGR158C,0,0.031351563,0.14473684132099152,0.2845771014690399,0.1690845489501953
YLL050C,YOR270C,0,0.031145316,0.14466363191604614,0.2845771014690399,0.1691845953464508
YER133W,YML016C,1,0.030583706,0.1450960636138916,0.2855721414089203,0.1691845953464508
YOR167C,YOR070C,0,0.03054997,0.14502273499965668,0.2855721414089203,0.1692846417427063
YIL172C,YGL137W,0,0.030374657,0.14494949579238892,0.2855721414089203,0.1693846881389618
YIR012W,YJL164C,0,0.030166756,0.14487633109092712,0.2855721414089203,0.16948474943637848
YFL041W,YMR071C,0,0.03014953,0.1448032259941101,0.2855721414089203,0.16958479583263397
YHR021C,YIL125W,0,0.030048277,0.14473021030426025,0.2855721414089203,0.16968484222888947
YBR036C,YJL136C,0,0.029867899,0.14465725421905518,0.2855721414089203,0.16978488862514496
YDR379W,YLR212C,0,0.029566806,0.14458438754081726,0.2855721414089203,0.16988493502140045
YGL213C,YKL198C,0,0.029553216,0.14451158046722412,0.2855721414089203,0.16998499631881714
YDR342C,YLR207W,0,0.029545229,0.14443884789943695,0.2855721414089203,0.17008504271507263
YER025W,YDR074W,0,0.02935804,0.14436618983745575,0.2855721414089203,0.17018508911132812
YDR503C,YNL032W,1,0.029333528,0.14479638636112213,0.28656715154647827,0.17018508911132812
YPL258C,YIL084C,0,0.02932426,0.14472362399101257,0.28656715154647827,0.17028513550758362
YJL155C,YBR022W,1,0.029231649,0.1451531946659088,0.28756219148635864,0.17028513550758362
YLR019W,YPL228W,1,0.028899577,0.14558233320713043,0.2885572016239166,0.17028513550758362
YLR370C,YER053C,0,0.028858136,0.1455092877149582,0.2885572016239166,0.1703851968050003
YIL172C,YNR022C,0,0.02884106,0.14543630182743073,0.2885572016239166,0.1704852432012558
YDR074W,YPL172C,0,0.028781306,0.14536340534687042,0.2885572016239166,0.1705852895975113
YLR100W,YCR004C,0,0.02874313,0.1452905833721161,0.2885572016239166,0.17068533599376678
YEL065W,YDR177W,0,0.02866676,0.14521782100200653,0.2885572016239166,0.17078539729118347
YDR318W,YBR297W,0,0.028568905,0.14514514803886414,0.2885572016239166,0.17088544368743896
YOR131C,YLL010C,1,0.02855971,0.14557278156280518,0.289552241563797,0.17088544368743896
YGL119W,YER025W,0,0.028552555,0.14550000429153442,0.289552241563797,0.17098549008369446
YIL111W,YOR269W,0,0.028487872,0.14542728662490845,0.289552241563797,0.17108553647994995
YLR008C,YNL149C,0,0.028345417,0.14535464346408844,0.289552241563797,0.17118559777736664
YMR282C,YDR501W,0,0.028032046,0.1452820748090744,0.289552241563797,0.17128564417362213
YOL007C,YBR297W,0,0.027999971,0.14520958065986633,0.289552241563797,0.17138569056987762
YGL173C,YML005W,0,0.027912866,0.14513716101646423,0.289552241563797,0.17148573696613312
YDL166C,YHR044C,0,0.027888518,0.1450648009777069,0.289552241563797,0.1715857982635498
YHR101C,YPR098C,0,0.027825076,0.14499253034591675,0.289552241563797,0.1716858446598053
YNR040W,YDR014W,0,0.02780981,0.14492031931877136,0.289552241563797,0.1717858910560608
YDR312W,YNL293W,0,0.027753588,0.14484818279743195,0.289552241563797,0.17188593745231628
YOR120W,YLR045C,0,0.027697649,0.1447761207818985,0.289552241563797,0.17198599874973297
YBR093C,YNL010W,1,0.027587306,0.14520138502120972,0.290547251701355,0.17198599874973297
YLR287C-A,YBR207W,0,0.027584594,0.1451292186975479,0.290547251701355,0.17208604514598846
YML106W,YPL085W,0,0.027403086,0.14505712687969208,0.290547251701355,0.17218609154224396
YDL047W,YDL236W,1,0.02739812,0.1454816311597824,0.29154229164123535,0.17218609154224396
YKR053C,YOR155C,1,0.027390007,0.14590570330619812,0.29253730177879333,0.17218609154224396
YHR172W,YIL101C,0,0.027354684,0.1458333283662796,0.29253730177879333,0.17228613793849945
YIL109C,YHR021C,0,0.027282607,0.14576102793216705,0.29253730177879333,0.17238619923591614
YDR503C,YDL236W,1,0.027164858,0.14618434011936188,0.2935323417186737,0.17238619923591614
YPL038W,YOR306C,0,0.02714504,0.14611193537712097,0.2935323417186737,0.17248624563217163
YBR176W,YIR017C,0,0.027137142,0.14603960514068604,0.2935323417186737,0.17258629202842712
YNR008W,YDL180W,0,0.026861977,0.14596734941005707,0.2935323417186737,0.17268633842468262
YLR364W,YAL021C,0,0.02660605,0.14589515328407288,0.2935323417186737,0.1727863997220993
YPL172C,YOR332W,0,0.02651469,0.14582303166389465,0.2935323417186737,0.1728864461183548
YBL024W,YBR205W,0,0.026464295,0.1457509845495224,0.2935323417186737,0.1729864925146103
YCR020C,YDR115W,0,0.025976632,0.14567901194095612,0.2935323417186737,0.17308653891086578
YLL010C,YDL006W,1,0.025972273,0.14610068500041962,0.2945273518562317,0.17308653891086578
YJL136C,YPL172C,0,0.025901671,0.14602860808372498,0.2945273518562317,0.17318660020828247
YIL034C,YJL170C,0,0.025843125,0.1459566056728363,0.2945273518562317,0.17328664660453796
YML106W,YIR006C,0,0.025370996,0.1458846777677536,0.2945273518562317,0.17338669300079346
YML113W,YDR231C,0,0.025365155,0.14581280946731567,0.2945273518562317,0.17348673939704895
YPL144W,YLL001W,0,0.025229227,0.14574101567268372,0.2945273518562317,0.17358680069446564
YOL003C,YAL043C,0,0.02519339,0.14566929638385773,0.2945273518562317,0.17368684709072113
YLR396C,YDR483W,0,0.025191318,0.1455976366996765,0.2945273518562317,0.17378689348697662
YIR002C,YLR467W,0,0.02506606,0.14552605152130127,0.2945273518562317,0.17388693988323212
YLL062C,YPL271W,0,0.025053162,0.145454540848732,0.2945273518562317,0.1739869862794876
YMR165C,YPL179W,1,0.024988841,0.1458742618560791,0.29552239179611206,0.1739869862794876
YDR481C,YGL147C,0,0.024695527,0.14580264687538147,0.29552239179611206,0.1740870475769043
YMR261C,YIL002C,1,0.02452102,0.14622178673744202,0.29651740193367004,0.1740870475769043
YDR503C,YLR010C,0,0.02434406,0.14615006744861603,0.29651740193367004,0.1741870939731598
YKL190W,YNR032W,1,0.02432556,0.14656862616539001,0.2975124418735504,0.1741870939731598
YNL158W,YMR224C,0,0.024090152,0.14649681746959686,0.2975124418735504,0.17428714036941528
YKL190W,YGR203W,1,0.024075221,0.1469147950410843,0.2985074520111084,0.17428714036941528
YGL161C,YJR058C,0,0.024039146,0.14684288203716278,0.2985074520111084,0.17438718676567078
YIL101C,YCL031C,0,0.023833644,0.14677104353904724,0.2985074520111084,0.17448724806308746
YJR110W,YML009C,0,0.0237672,0.14669926464557648,0.2985074520111084,0.17458729445934296
YKR062W,YKL116C,0,0.023515686,0.14662756025791168,0.2985074520111084,0.17468734085559845
YLR090W,YER133W,0,0.023508605,0.14655593037605286,0.2985074520111084,0.17478738725185394
YHR143W,YJR098C,0,0.02305847,0.146484375,0.2985074520111084,0.17488744854927063
YEL038W,YJL062W,0,0.022817012,0.14641287922859192,0.2985074520111084,0.17498749494552612
YJR013W,YBR164C,0,0.022793945,0.1463414579629898,0.2985074520111084,0.17508754134178162
YPL031C,YJR155W,0,0.022764724,0.14627011120319366,0.2985074520111084,0.1751875877380371
YKR038C,YPL172C,0,0.022680063,0.1461988240480423,0.2985074520111084,0.1752876490354538
YGL191W,YDR103W,0,0.022670638,0.1461276113986969,0.2985074520111084,0.1753876954317093
YLR098C,YNR045W,0,0.022604175,0.14605647325515747,0.2985074520111084,0.17548774182796478
YOR201C,YOL147C,0,0.022528004,0.14598539471626282,0.2985074520111084,0.17558778822422028
YNL136W,YLR430W,0,0.022507425,0.14591439068317413,0.2985074520111084,0.17568784952163696
YKL088W,YDR376W,0,0.022485483,0.14584346115589142,0.2985074520111084,0.17578789591789246
YKR059W,YGL095C,0,0.022462469,0.14577259123325348,0.2985074520111084,0.17588794231414795
YDR486C,YDR047W,0,0.022414248,0.1457017958164215,0.2985074520111084,0.17598798871040344
YHR081W,YOL109W,0,0.022397768,0.1456310749053955,0.2985074520111084,0.17608805000782013
YOR233W,YKL164C,0,0.022273008,0.14556041359901428,0.2985074520111084,0.17618809640407562
YMR109W,YPL038W,0,0.022255976,0.14548981189727783,0.2985074520111084,0.17628814280033112
YLR361C,YNL106C,1,0.022228163,0.14590401947498322,0.29950249195098877,0.17628814280033112
YIL172C,YKR059W,0,0.022178289,0.1458333283662796,0.29950249195098877,0.1763881891965866
YPL149W,YPR032W,0,0.022097524,0.14576271176338196,0.29950249195098877,0.1764882504940033
YIL051C,YBR164C,0,0.022070039,0.1456921547651291,0.29950249195098877,0.1765882968902588
YKR062W,YBR297W,0,0.021999326,0.1456216722726822,0.29950249195098877,0.17668834328651428
YPL177C,YEL050C,0,0.021961764,0.14555126428604126,0.29950249195098877,0.17678838968276978
YMR261C,YGL190C,1,0.021715429,0.14596423506736755,0.30049750208854675,0.17678838968276978
YHR215W,YER062C,1,0.021586712,0.1463768184185028,0.3014925420284271,0.17678838968276978
YDR503C,YNL106C,1,0.021456104,0.14678898453712463,0.3024875521659851,0.17678838968276978
YDR134C,YCL050C,0,0.02140196,0.14671814441680908,0.3024875521659851,0.17688845098018646
YBR087W,YKL195W,0,0.02135634,0.1466473639011383,0.3024875521659851,0.17698849737644196
YBR245C,YER020W,0,0.021043483,0.1465766578912735,0.3024875521659851,0.17708854377269745
YOR265W,YLR100W,0,0.02101719,0.14650602638721466,0.3024875521659851,0.17718859016895294
YPR036W,YNL325C,0,0.020990297,0.1464354544878006,0.3024875521659851,0.17728865146636963
YBR092C,YDR287W,1,0.020765465,0.14684641361236572,0.3034825921058655,0.17728865146636963
YPR048W,YJR045C,0,0.020753872,0.1467757523059845,0.3034825921058655,0.17738869786262512
YLR238W,YNL101W,0,0.020682644,0.14670515060424805,0.3034825921058655,0.17748874425888062
YML048W,YKR097W,0,0.020631623,0.14663460850715637,0.3034825921058655,0.1775887906551361
YER133W,YER089C,1,0.020541172,0.14704468846321106,0.30447760224342346,0.1775887906551361
YFR025C,YBR126C,1,0.020429265,0.1474543660879135,0.30547264218330383,0.1775887906551361
YKL179C,YPL204W,0,0.020249795,0.14738358557224274,0.30547264218330383,0.1776888370513916
YPL144W,YHR147C,0,0.01982136,0.14731286466121674,0.30547264218330383,0.1777888983488083
YHL008C,YBR122C,0,0.019780304,0.1472422033548355,0.30547264218330383,0.17788894474506378
YDL130W-A,YLR403W,0,0.019670244,0.14717161655426025,0.30547264218330383,0.17798899114131927
YLR038C,YJR126C,0,0.019669596,0.14710110425949097,0.30547264218330383,0.17808903753757477
YDR228C,YAL012W,0,0.01962025,0.14703065156936646,0.30547264218330383,0.17818909883499146
YMR130W,YBR125C,1,0.019608613,0.14743897318840027,0.3064676523208618,0.17818909883499146
YKL195W,YBR030W,0,0.01955926,0.1473684161901474,0.3064676523208618,0.17828914523124695
YPR102C,YNL098C,0,0.019529905,0.1472979485988617,0.3064676523208618,0.17838919162750244
YDR242W,YDR032C,0,0.01949225,0.14722754061222076,0.3064676523208618,0.17848923802375793
YBL057C,YDL095W,0,0.019336771,0.1471571922302246,0.3064676523208618,0.17858929932117462
YMR036C,YCR004C,0,0.019290578,0.14708691835403442,0.3064676523208618,0.17868934571743011
YDR447C,YDL008W,0,0.019193452,0.147016704082489,0.3064676523208618,0.1787893921136856
YKL173W,YOR150W,0,0.019135077,0.14694656431674957,0.3064676523208618,0.1788894385099411
YCR009C,YHR064C,0,0.019072186,0.1468764841556549,0.3064676523208618,0.1789894998073578
YCR020C,YOL105C,0,0.019025639,0.1468064785003662,0.3064676523208618,0.17908954620361328
YKL212W,YER030W,0,0.01899999,0.14673654735088348,0.3064676523208618,0.17918959259986877
YJR145C,YKL088W,0,0.01888353,0.14666666090488434,0.3064676523208618,0.17928963899612427
YPL111W,YOR014W,0,0.018787365,0.14659686386585236,0.3064676523208618,0.17938970029354095
YGR029W,YKR014C,0,0.01874816,0.14652711153030396,0.3064676523208618,0.17948974668979645
YBR030W,YER053C,0,0.01859973,0.14645744860172272,0.3064676523208618,0.17958979308605194
YIL027C,YDR503C,0,0.018547159,0.14638783037662506,0.3064676523208618,0.17968983948230743
YKL135C,YOL157C,0,0.018497773,0.14631828665733337,0.3064676523208618,0.17978990077972412
YMR156C,YGL224C,1,0.018464308,0.1467236429452896,0.3074626922607422,0.17978990077972412
YHL032C,YOR039W,0,0.018459212,0.14665400981903076,0.3074626922607422,0.17988994717597961
YPL194W,YLR450W,0,0.018449295,0.1465844362974167,0.3074626922607422,0.1799899935722351
YMR036C,YBR276C,1,0.018394914,0.14698909223079681,0.30845770239830017,0.1799899935722351
YMR316W,YDR456W,0,0.018388033,0.14691942930221558,0.30845770239830017,0.1800900399684906
YJL143W,YIL138C,0,0.01833376,0.1468498408794403,0.30845770239830017,0.1801901012659073
YLR287C-A,YOR244W,0,0.018281337,0.14678029716014862,0.30845770239830017,0.18029014766216278
YNL086W,YNR043W,0,0.01827453,0.1467108428478241,0.30845770239830017,0.18039019405841827
YNL293W,YBL082C,0,0.018102806,0.14664143323898315,0.30845770239830017,0.18049024045467377
YOR389W,YER111C,0,0.018093295,0.14657209813594818,0.30845770239830017,0.18059030175209045
YGL147C,YKR048C,0,0.018044282,0.14650283753871918,0.30845770239830017,0.18069034814834595
YMR130W,YDL080C,0,0.017841768,0.14643363654613495,0.30845770239830017,0.18079039454460144
YPL106C,YDR238C,0,0.017780613,0.1463644951581955,0.30845770239830017,0.18089044094085693
YOR174W,YDL112W,0,0.017552625,0.146295428276062,0.30845770239830017,0.18099050223827362
YEL038W,YFR037C,0,0.017319959,0.1462264209985733,0.30845770239830017,0.1810905486345291
YIL072W,YGL155W,0,0.017286208,0.14615747332572937,0.30845770239830017,0.1811905950307846
YBL090W,YLR430W,0,0.017279368,0.1460886001586914,0.30845770239830017,0.1812906414270401
YHR181W,YLR078C,0,0.01712067,0.14601978659629822,0.30845770239830017,0.1813907027244568
YDR503C,YHR076W,1,0.016900491,0.14642184972763062,0.30945274233818054,0.1813907027244568
YPR063C,YNL149C,0,0.01674236,0.14635294675827026,0.30945274233818054,0.18149074912071228
YDR236C,YAL043C,0,0.016656842,0.1462841033935547,0.30945274233818054,0.18159079551696777
YHR046C,YOL139C,0,0.016591262,0.1462153196334839,0.30945274233818054,0.18169084191322327
YDR074W,YNL099C,1,0.01644715,0.14661654829978943,0.3104477524757385,0.18169084191322327
YPL195W,YER091C,0,0.016313609,0.14654767513275146,0.3104477524757385,0.18179088830947876
YAL013W,YER180C,0,0.016285177,0.14647887647151947,0.3104477524757385,0.18189094960689545
YAL023C,YDR128W,0,0.015839014,0.14641013741493225,0.3104477524757385,0.18199099600315094
YDL143W,YNL217W,0,0.015470859,0.1463414579629898,0.3104477524757385,0.18209104239940643
YOL030W,YOL120C,0,0.015453476,0.14627285301685333,0.3104477524757385,0.18219108879566193
YNL301C,YOR242C,0,0.015268978,0.14620430767536163,0.3104477524757385,0.1822911500930786
YPR073C,YMR261C,1,0.015160453,0.14660421013832092,0.3114427924156189,0.1822911500930786
YJL165C,YER161C,0,0.014920164,0.14653557538986206,0.3114427924156189,0.1823911964893341
YIL145C,YLR154C,0,0.014907654,0.14646701514720917,0.3114427924156189,0.1824912428855896
YOL007C,YKL028W,0,0.014771875,0.14639849960803986,0.3114427924156189,0.1825912892818451
YDR279W,YGR189C,0,0.014597047,0.1463300585746765,0.3114427924156189,0.18269135057926178
YJL134W,YNL106C,1,0.01454423,0.146728977560997,0.3124378025531769,0.18269135057926178
YER029C,YPL172C,0,0.014458489,0.1466604322195053,0.3124378025531769,0.18279139697551727
YPR073C,YPL228W,1,0.014388431,0.14705882966518402,0.31343284249305725,0.18279139697551727
YJL155C,YDL006W,1,0.014344763,0.1474568396806717,0.31442785263061523,0.18279139697551727
YOR356W,YDR524C,0,0.014341287,0.1473880559206009,0.31442785263061523,0.18289144337177277
YFR041C,YJR089W,0,0.014292266,0.14731934666633606,0.31442785263061523,0.18299148976802826
YDR376W,YJR059W,0,0.014267873,0.147250697016716,0.31442785263061523,0.18309155106544495
YJL102W,YEL058W,0,0.014250349,0.14718212187290192,0.31442785263061523,0.18319159746170044
YBR058C,YMR012W,0,0.01415303,0.1471135914325714,0.31442785263061523,0.18329164385795593
YMR087W,YJL155C,1,0.01406486,0.14751046895980835,0.3154228925704956,0.18329164385795593
YER088C,YMR285C,0,0.014001571,0.14744186401367188,0.3154228925704956,0.18339169025421143
YER161C,YOR092W,0,0.013995513,0.14737331867218018,0.3154228925704956,0.1834917515516281
YNL128W,YBR276C,1,0.013943028,0.1477695107460022,0.3164179027080536,0.1834917515516281
YDR436W,YML016C,1,0.013885688,0.14816534519195557,0.31741294264793396,0.1834917515516281
YMR156C,YFR028C,1,0.01388352,0.14856082201004028,0.31840795278549194,0.1834917515516281
YNR040W,YNL244C,0,0.013844114,0.14849187433719635,0.31840795278549194,0.1835917979478836
YJL044C,YIL112W,0,0.013826203,0.1484230011701584,0.31840795278549194,0.1836918443441391
YLR357W,YGL155W,0,0.013756108,0.1483542025089264,0.31840795278549194,0.1837918907403946
YER075C,YNL099C,1,0.013675142,0.14874884486198425,0.3194029927253723,0.1837918907403946
YMR016C,YHR017W,0,0.013201516,0.1486799418926239,0.3194029927253723,0.18389195203781128
YDR425W,YGR086C,0,0.013139408,0.14861111342906952,0.3194029927253723,0.18399199843406677
YDR013W,YIL124W,0,0.012984868,0.1485423445701599,0.3194029927253723,0.18409204483032227
YGL229C,YOL156W,0,0.012847226,0.14847363531589508,0.3194029927253723,0.18419209122657776
YDR126W,YPL154C,0,0.012799289,0.14840498566627502,0.3194029927253723,0.18429215252399445
YOR047C,YOR181W,0,0.012790818,0.14833641052246094,0.3194029927253723,0.18439219892024994
YGL191W,YLR207W,0,0.012726139,0.14826789498329163,0.3194029927253723,0.18449224531650543
YBL030C,YOR347C,0,0.012469899,0.1481994390487671,0.3194029927253723,0.18459229171276093
YGL223C,YPR048W,0,0.012263916,0.14813105762004852,0.3194029927253723,0.1846923530101776
YGR156W,YNL135C,0,0.012104165,0.14806273579597473,0.3194029927253723,0.1847923994064331
YMR130W,YNL099C,1,0.011970017,0.14845551550388336,0.3203980028629303,0.1847923994064331
YDR038C,YKL212W,0,0.011961099,0.1483870893716812,0.3203980028629303,0.1848924458026886
YOR308C,YOL140W,0,0.011797879,0.14831875264644623,0.3203980028629303,0.1849924921989441
YER053C,YNL101W,0,0.011621546,0.14825046062469482,0.3203980028629303,0.18509255349636078
YER088C,YIL171W,0,0.011379752,0.1481822431087494,0.3203980028629303,0.18519259989261627
YDL143W,YOL157C,0,0.01136389,0.14811407029628754,0.3203980028629303,0.18529264628887177
YHR028C,YFR015C,0,0.011155855,0.14804597198963165,0.3203980028629303,0.18539269268512726
YJR143C,YBL022C,0,0.0111118,0.14797794818878174,0.3203980028629303,0.18549273908138275
YKL011C,YGR184C,0,0.01100092,0.1479099690914154,0.3203980028629303,0.18559280037879944
YOR124C,YPR102C,0,0.0109757595,0.14784204959869385,0.3203980028629303,0.18569284677505493
YLR345W,YKL212W,1,0.010843527,0.14823313057422638,0.32139304280281067,0.18569284677505493
YBR036C,YDR393W,0,0.010730453,0.14816513657569885,0.32139304280281067,0.18579289317131042
YNL308C,YJL221C,0,0.010720234,0.1480972021818161,0.32139304280281067,0.18589293956756592
YJL221C,YLR186W,0,0.01071189,0.14802932739257812,0.32139304280281067,0.1859930008649826
YDR011W,YOR244W,0,0.010683969,0.14796152710914612,0.32139304280281067,0.1860930472612381
YKL011C,YLR439W,0,0.010622993,0.1478937715291977,0.32139304280281067,0.1861930936574936
YMR261C,YLL010C,1,0.010559294,0.14828374981880188,0.32238805294036865,0.1861930936574936
YML012W,YFR015C,0,0.01053546,0.14821591973304749,0.32238805294036865,0.18629314005374908
YDR479C,YLR074C,0,0.010507684,0.14814814925193787,0.32238805294036865,0.18639320135116577
YPL271W,YMR086W,0,0.010365542,0.14808043837547302,0.32238805294036865,0.18649324774742126
YBR240C,YLR032W,0,0.010351997,0.14801278710365295,0.32238805294036865,0.18659329414367676
YDR177W,YGR116W,0,0.010340761,0.14794521033763885,0.32238805294036865,0.18669334053993225
YKL152C,YJR110W,1,0.010223359,0.1483341008424759,0.323383092880249,0.18669334053993225
YKL034W,YNL244C,0,0.010216344,0.14826641976833344,0.323383092880249,0.18679340183734894
YDL109C,YKR030W,0,0.010111418,0.14819881319999695,0.323383092880249,0.18689344823360443
YEL059C-A,YPL048W,0,0.009972304,0.14813126623630524,0.323383092880249,0.18699349462985992
YIR012W,YHR044C,0,0.009829801,0.1480637788772583,0.323383092880249,0.18709354102611542
YBR001C,YLR370C,0,0.0097441785,0.14799635112285614,0.323383092880249,0.1871936023235321
YMR261C,YLR433C,1,0.0095519535,0.14838415384292603,0.324378103017807,0.1871936023235321
YDL099W,YGR218W,0,0.009528559,0.1483166515827179,0.324378103017807,0.1872936487197876
YPL090C,YDR387C,0,0.009411883,0.14824920892715454,0.324378103017807,0.1873936951160431
YEL050C,YPL026C,0,0.009281214,0.14818181097507477,0.324378103017807,0.18749374151229858
YDR067C,YDR284C,1,0.009184059,0.14856883883476257,0.3253731429576874,0.18749374151229858
YHR021C,YLR154C,0,0.008994114,0.14850136637687683,0.3253731429576874,0.18759380280971527
YER161C,YHR167W,0,0.008962598,0.14843395352363586,0.3253731429576874,0.18769384920597076
YFL041W,YPL092W,0,0.008957792,0.14836660027503967,0.3253731429576874,0.18779389560222626
YLR154C,YMR184W,0,0.00879572,0.14829932153224945,0.3253731429576874,0.18789394199848175
YDR481C,YLR410W,1,0.0085881315,0.14868541061878204,0.32636815309524536,0.18789394199848175
YDL047W,YKL152C,1,0.0084067695,0.14907114207744598,0.32736319303512573,0.18789394199848175
YIL027C,YPR019W,0,0.008371402,0.14900362491607666,0.32736319303512573,0.18799400329589844
YDR487C,YDR330W,0,0.008303691,0.1489361673593521,0.32736319303512573,0.18809404969215393
YDR050C,YDR177W,0,0.008209828,0.14886878430843353,0.32736319303512573,0.18819409608840942
YNL217W,YOL140W,0,0.008204948,0.14880144596099854,0.32736319303512573,0.18829414248466492
YJR110W,YDR510W,0,0.008139592,0.1487341821193695,0.32736319303512573,0.1883942037820816
YNL112W,YDR421W,0,0.008081149,0.14866696298122406,0.32736319303512573,0.1884942501783371
YOL030W,YLR121C,0,0.008025181,0.14859981834888458,0.32736319303512573,0.1885942965745926
YJR104C,YEL054C,0,0.008001488,0.14853273332118988,0.32736319303512573,0.18869434297084808
YJR022W,YIL124W,0,0.007802777,0.14846570789813995,0.32736319303512573,0.18879440426826477
YEL013W,YGL185C,0,0.007726446,0.1483987420797348,0.32736319303512573,0.18889445066452026
YCR077C,YKL164C,0,0.0076790564,0.14833183586597443,0.32736319303512573,0.18899449706077576
YNL322C,YMR292W,0,0.0075842254,0.14826498925685883,0.32736319303512573,0.18909454345703125
YDR387C,YOL002C,0,0.007497307,0.148198202252388,0.32736319303512573,0.18919458985328674
YDR139C,YDR093W,0,0.00743952,0.14813147485256195,0.32736319303512573,0.18929465115070343
YKL179C,YJL121C,0,0.007401604,0.14806480705738068,0.32736319303512573,0.18939469754695892
YGR075C,YLR430W,0,0.0073536225,0.14799819886684418,0.32736319303512573,0.18949474394321442
YOR332W,YIL136W,0,0.0073261894,0.14793165028095245,0.32736319303512573,0.1895947903394699
YIL051C,YJL065C,0,0.007318165,0.1478651612997055,0.32736319303512573,0.1896948516368866
YJL106W,YAL035W,0,0.0071610026,0.14779874682426453,0.32736319303512573,0.1897948980331421
YDR050C,YPR031W,0,0.0068948977,0.14773237705230713,0.32736319303512573,0.18989494442939758
YOR131C,YER089C,1,0.0068914853,0.1481149047613144,0.3283582031726837,0.18989494442939758
YMR139W,YHR052W,0,0.0066318326,0.14804844558238983,0.3283582031726837,0.18999499082565308
YKL190W,YOR090C,1,0.0065552182,0.1484304964542389,0.3293532431125641,0.18999499082565308
YNL010W,YDR284C,1,0.0064703077,0.1488121896982193,0.33034825325012207,0.18999499082565308
YIL026C,YJR089W,0,0.0064330064,0.14874552190303802,0.33034825325012207,0.19009505212306976
YBL075C,YGL222C,0,0.006416168,0.14867891371250153,0.33034825325012207,0.19019509851932526
YGL137W,YPR081C,0,0.0063178614,0.1486123502254486,0.33034825325012207,0.19029514491558075
YDR265W,YFL037W,0,0.0060339235,0.14854586124420166,0.33034825325012207,0.19039519131183624
YLR090W,YOL007C,0,0.005854454,0.1484794318675995,0.33034825325012207,0.19049525260925293
YOR290C,YMR184W,0,0.0057601444,0.1484130471944809,0.33034825325012207,0.19059529900550842
YPR063C,YDR390C,0,0.0056992434,0.14834673702716827,0.33034825325012207,0.19069534540176392
YER133W,YMR180C,1,0.005598683,0.14872710406780243,0.33134329319000244,0.19069534540176392
YGR292W,YAL035W,0,0.0055768527,0.14866071939468384,0.33134329319000244,0.1907953917980194
YFL029C,YBR058C,0,0.0054805875,0.14859437942504883,0.33134329319000244,0.1908954530954361
YMR166C,YGL229C,0,0.0053289346,0.1485280990600586,0.33134329319000244,0.1909954994916916
YFL004W,YDR036C,0,0.0052914433,0.14846187829971313,0.33134329319000244,0.19109554588794708
YOR315W,YOL005C,0,0.0050667487,0.14839571714401245,0.33134329319000244,0.19119559228420258
YLR439W,YER174C,0,0.005034726,0.14832961559295654,0.33134329319000244,0.19129565358161926
YML057W,YCR079W,1,0.004897248,0.14870882034301758,0.3323383033275604,0.19129565358161926
YAL020C,YDR086C,0,0.004892733,0.1486426293849945,0.3323383033275604,0.19139569997787476
YDR247W,YGR071C,0,0.004767012,0.1485765129327774,0.3323383033275604,0.19149574637413025
YBR040W,YDR120C,0,0.004693065,0.14851045608520508,0.3323383033275604,0.19159579277038574
YBR022W,YGL229C,1,0.004690286,0.14888888597488403,0.3333333432674408,0.19159579277038574
YNL128W,YKL212W,1,0.004630264,0.14926698803901672,0.3343283534049988,0.19159579277038574
YPR036W,YJL221C,0,0.004287284,0.1492007076740265,0.3343283534049988,0.19169585406780243
YER180C,YPL048W,0,0.0042306893,0.14913448691368103,0.3343283534049988,0.19179590046405792
YDL164C,YDR318W,0,0.004182853,0.14906832575798035,0.3343283534049988,0.19189594686031342
YGL211W,YLR010C,0,0.0041539334,0.14900222420692444,0.3343283534049988,0.1919959932565689
YOR373W,YHR147C,0,0.0041456185,0.1489361673593521,0.3343283534049988,0.1920960545539856
YER068W,YPR041W,0,0.004042167,0.14887018501758575,0.3343283534049988,0.1921961009502411
YDR342C,YOR080W,0,0.0039481185,0.14880424737930298,0.3343283534049988,0.19229614734649658
YLR096W,YDR115W,0,0.0038869902,0.14873838424682617,0.3343283534049988,0.19239619374275208
YHR092C,YPL026C,0,0.0038080923,0.14867256581783295,0.3343283534049988,0.19249625504016876
YIL172C,YPL157W,0,0.003723871,0.1486068069934845,0.3343283534049988,0.19259630143642426
YLR134W,YGL084C,0,0.0036797784,0.14854110777378082,0.3343283534049988,0.19269634783267975
YDR503C,YGR208W,1,0.0036371574,0.14891736209392548,0.33532339334487915,0.19269634783267975
YOL005C,YOR080W,0,0.0034188442,0.14885158836841583,0.33532339334487915,0.19279639422893524
YNL001W,YOR175C,0,0.003271442,0.14878587424755096,0.33532339334487915,0.19289645552635193
YDL099W,YOR374W,0,0.0032362752,0.14872020483016968,0.33532339334487915,0.19299650192260742
YNL162W,YOR070C,0,0.0031656437,0.14865460991859436,0.33532339334487915,0.19309654831886292
YLR038C,YPR019W,0,0.0031006932,0.14858905971050262,0.33532339334487915,0.1931965947151184
YDR299W,YBR122C,0,0.0030810274,0.14852358400821686,0.33532339334487915,0.1932966411113739
YHR089C,YGL059W,0,0.003048014,0.14845815300941467,0.33532339334487915,0.1933967024087906
YDR510W,YPL155C,0,0.0029853843,0.14839278161525726,0.33532339334487915,0.19349674880504608
YPL195W,YGL227W,0,0.0029419772,0.14832746982574463,0.33532339334487915,0.19359679520130157
YNL331C,YOR346W,0,0.0029240735,0.14826220273971558,0.33532339334487915,0.19369684159755707
YIL112W,YGL059W,0,0.002856832,0.1481970101594925,0.33532339334487915,0.19379690289497375
YDR503C,YJL155C,1,0.0027489327,0.1485714316368103,0.33631840348243713,0.19379690289497375
YGR088W,YIR015W,0,0.002629947,0.14850614964962006,0.33631840348243713,0.19389694929122925
YGR009C,YOR069W,0,0.0026072673,0.14844092726707458,0.33631840348243713,0.19399699568748474
YDL230W,YCR079W,1,0.0025133006,0.14881475269794464,0.3373134434223175,0.19399699568748474
YDR341C,YLR265C,0,0.0024767928,0.1487494558095932,0.3373134434223175,0.19409704208374023
YNL039W,YOR063W,0,0.0024186168,0.14868420362472534,0.3373134434223175,0.19419710338115692
YEL059C-A,YDR334W,0,0.0024178363,0.14861902594566345,0.3373134434223175,0.19429714977741241
YGR241C,YOR242C,0,0.0023073591,0.14855389297008514,0.3373134434223175,0.1943971961736679
YKL135C,YEL002C,0,0.0021442734,0.1484888345003128,0.3373134434223175,0.1944972425699234
YIL051C,YLL011W,0,0.002106171,0.14842382073402405,0.3373134434223175,0.1945973038673401
YOR096W,YDR358W,0,0.002065774,0.14835886657238007,0.3373134434223175,0.19469735026359558
YOL031C,YOL077C,0,0.0019465201,0.14829395711421967,0.3373134434223175,0.19479739665985107
YGL128C,YPL258C,0,0.001903709,0.14822912216186523,0.3373134434223175,0.19489744305610657
YOL105C,YOR080W,0,0.001880195,0.14816433191299438,0.3373134434223175,0.19499750435352325
YNR022C,YEL002C,0,0.0018638633,0.1480996012687683,0.3373134434223175,0.19509755074977875
YGL190C,YML016C,1,0.0018394627,0.14847160875797272,0.3383084535598755,0.19509755074977875
YER062C,YJL098W,1,0.001814764,0.14884330332279205,0.33930349349975586,0.19509755074977875
YNR061C,YDL130W,0,0.001608964,0.14877836406230927,0.33930349349975586,0.19519759714603424
YER087C-A,YLR090W,0,0.0015833266,0.14871346950531006,0.33930349349975586,0.19529764354228973
YGL223C,YFR003C,0,0.0015071109,0.14864864945411682,0.33930349349975586,0.19539770483970642
YHR044C,YLR377C,1,0.0014358796,0.14901961386203766,0.34029850363731384,0.19539770483970642
YDR177W,YGR156W,0,0.001340609,0.14895470440387726,0.34029850363731384,0.19549775123596191
YLR266C,YBR214W,0,0.0012559108,0.14888985455036163,0.34029850363731384,0.1955977976322174
YLR343W,YDR115W,0,0.0012313537,0.14882506430149078,0.34029850363731384,0.1956978440284729
YDL192W,YGR076C,0,0.0012270547,0.1487603336572647,0.34029850363731384,0.1957979053258896
YGL251C,YBR105C,0,0.0011940412,0.14869564771652222,0.34029850363731384,0.19589795172214508
YML027W,YOL152W,0,0.0011575483,0.1486310362815857,0.34029850363731384,0.19599799811840057
YER133W,YJR110W,1,0.0010670535,0.1490008682012558,0.3412935435771942,0.19599799811840057
YHR046C,YER068W,0,0.0010100268,0.1489361673593521,0.3412935435771942,0.19609804451465607
YLR015W,YER089C,0,0.0009780191,0.1488715261220932,0.3412935435771942,0.19619810581207275
YMR139W,YDR224C,0,0.00095201656,0.14880694448947906,0.3412935435771942,0.19629815220832825
YBR033W,YHR067W,0,0.0009162091,0.1487424075603485,0.3412935435771942,0.19639819860458374
YNR061C,YCR004C,0,0.0005234815,0.14867793023586273,0.3412935435771942,0.19649824500083923
YJR065C,YDR065W,0,0.00047814474,0.14861351251602173,0.3412935435771942,0.19659830629825592
YNR020C,YDR487C,0,0.00037996843,0.1485491544008255,0.3412935435771942,0.1966983526945114
YMR297W,YHR172W,0,0.00033134595,0.14848485589027405,0.3412935435771942,0.1967983990907669
YDL188C,YFR040W,1,0.0002943687,0.14885331690311432,0.3422885537147522,0.1967983990907669
YPR132W,YGR037C,0,7.7109784e-05,0.1487889289855957,0.3422885537147522,0.1968984454870224
YMR277W,YGL229C,1,3.8113445e-05,0.14915694296360016,0.34328359365463257,0.1968984454870224
YDL019C,YOR043W,0,-8.691102e-06,0.14909248054027557,0.34328359365463257,0.1969984918832779
YIL039W,YGR191W,0,-0.0001049079,0.14902807772159576,0.34328359365463257,0.19709855318069458
YDL047W,YOR090C,1,-0.00030145422,0.14939551055431366,0.34427860379219055,0.19709855318069458
YPL214C,YLR158C,0,-0.00045830384,0.14933103322982788,0.34427860379219055,0.19719859957695007
YOR389W,YPL028W,0,-0.0005630031,0.14926661550998688,0.34427860379219055,0.19729864597320557
YAL016W,YER062C,1,-0.0007182248,0.1496334671974182,0.3452736437320709,0.19729864597320557
YHR105W,YMR127C,0,-0.0007520206,0.14956896007061005,0.3452736437320709,0.19739869236946106
YLR207W,YER164W,0,-0.0007997565,0.14950452744960785,0.3452736437320709,0.19749875366687775
YLL011W,YBR214W,0,-0.00081657246,0.14944013953208923,0.3452736437320709,0.19759880006313324
YOR233W,YLR078C,0,-0.00083433464,0.1493758112192154,0.3452736437320709,0.19769884645938873
YBR048W,YBR231C,0,-0.001141008,0.14931152760982513,0.3452736437320709,0.19779889285564423
YPL271W,YOR244W,0,-0.00119384,0.14924731850624084,0.3452736437320709,0.1978989541530609
YEL059C-A,YDR507C,0,-0.0012528524,0.14918315410614014,0.3452736437320709,0.1979990005493164
YOL100W,YPR016C,0,-0.0015480556,0.149119034409523,0.3452736437320709,0.1980990469455719
YML027W,YGR159C,0,-0.0017001368,0.14905498921871185,0.3452736437320709,0.1981990933418274
YLR370C,YJL097W,0,-0.0017293729,0.14899098873138428,0.3452736437320709,0.19829915463924408
YLR238W,YAL053W,0,-0.0017690696,0.14892703294754028,0.3452736437320709,0.19839920103549957
YKL218C,YNL268W,0,-0.0019318052,0.14886315166950226,0.3452736437320709,0.19849924743175507
YOR061W,YDR510W,0,-0.0019717105,0.14879931509494781,0.3452736437320709,0.19859929382801056
YMR088C,YCL059C,0,-0.002023086,0.14873553812503815,0.3452736437320709,0.19869935512542725
YDR283C,YDR093W,0,-0.0020536222,0.14867180585861206,0.3452736437320709,0.19879940152168274
YJL165C,YAL058W,0,-0.002210278,0.14860813319683075,0.3452736437320709,0.19889944791793823
YPL144W,YGL039W,0,-0.0022765808,0.1485445201396942,0.3452736437320709,0.19899949431419373
YNL212W,YOR150W,0,-0.0022935756,0.14848095178604126,0.3452736437320709,0.1990995556116104
YLR142W,YDL075W,0,-0.0023351498,0.14841745793819427,0.3452736437320709,0.1991996020078659
YJL090C,YPL186C,0,-0.0023422204,0.14835399389266968,0.3452736437320709,0.1992996484041214
YOR070C,YDR362C,0,-0.0024298914,0.14829060435295105,0.3452736437320709,0.1993996948003769
YPR073C,YML057W,1,-0.0024924688,0.14865441620349884,0.3462686538696289,0.1993996948003769
YDR347W,YOR221C,0,-0.0028094538,0.14859095215797424,0.3462686538696289,0.19949975609779358
YGR263C,YKR061W,0,-0.0028198697,0.14852753281593323,0.3462686538696289,0.19959980249404907
YNL242W,YDR047W,0,-0.0030677803,0.1484641581773758,0.3462686538696289,0.19969984889030457
YPL144W,YBR241C,0,-0.0031374283,0.14840085804462433,0.3462686538696289,0.19979989528656006
YGL119W,YJL136C,0,-0.0031670816,0.14833760261535645,0.3462686538696289,0.19989995658397675
YMR098C,YKL028W,0,-0.003342364,0.14827439188957214,0.3462686538696289,0.20000000298023224
YLR237W,YOR044W,0,-0.0033787452,0.14821124076843262,0.3462686538696289,0.20010004937648773
YDR248C,YJL052W,0,-0.0033936687,0.14814814925193787,0.3462686538696289,0.20020009577274323
YER088C,YMR204C,0,-0.0034289844,0.1480851024389267,0.3462686538696289,0.2003001570701599
YDR479C,YOR182C,0,-0.0037466474,0.1480221152305603,0.3462686538696289,0.2004002034664154
YCR020C,YOR043W,0,-0.0039288364,0.14795918762683868,0.3462686538696289,0.2005002498626709
YJR098C,YDR115W,0,-0.004003603,0.14789630472660065,0.3462686538696289,0.2006002962589264
YPL091W,YIL026C,0,-0.004037801,0.14783348143100739,0.3462686538696289,0.20070035755634308
YPL103C,YGR037C,0,-0.004066646,0.1477707028388977,0.3462686538696289,0.20080040395259857
YBR297W,YGR116W,0,-0.00416084,0.1477079838514328,0.3462686538696289,0.20090045034885406
YER068W,YDR380W,0,-0.004484657,0.14764530956745148,0.3462686538696289,0.20100049674510956
YBL030C,YPR032W,0,-0.004572857,0.14758269488811493,0.3462686538696289,0.20110054314136505
YEL065W,YNL015W,0,-0.0048260577,0.14752013981342316,0.3462686538696289,0.20120060443878174
YMR004W,YIL112W,0,-0.004895795,0.14745762944221497,0.3462686538696289,0.20130065083503723
YLR142W,YHR070W,0,-0.0049142726,0.14739517867565155,0.3462686538696289,0.20140069723129272
YDL146W,YNR007C,0,-0.0049345978,0.14733277261257172,0.3462686538696289,0.20150074362754822
YKL088W,YBR164C,0,-0.0050181337,0.14727042615413666,0.3462686538696289,0.2016008049249649
YMR316W,YGR194C,0,-0.005091045,0.14720812439918518,0.3462686538696289,0.2017008513212204
YKL218C,YDR032C,0,-0.005173672,0.14714588224887848,0.3462686538696289,0.2018008977174759
YJL097W,YGL157W,0,-0.0052960403,0.14708368480205536,0.3462686538696289,0.20190094411373138
YDR536W,YOR228C,0,-0.0053893216,0.14702154695987701,0.3462686538696289,0.20200100541114807
YLR040C,YNL112W,0,-0.0054099895,0.14695945382118225,0.3462686538696289,0.20210105180740356
YNL291C,YGR001C,0,-0.005480144,0.14689742028713226,0.3462686538696289,0.20220109820365906
YBR176W,YNR047W,0,-0.0055569895,0.14683544635772705,0.3462686538696289,0.20230114459991455
YOL133W,YGR156W,0,-0.005558688,0.14677351713180542,0.3462686538696289,0.20240120589733124
YDR046C,YHR160C,0,-0.005627934,0.14671163260936737,0.3462686538696289,0.20250125229358673
YDL230W,YFR028C,1,-0.005751863,0.1470712125301361,0.3472636938095093,0.20250125229358673
YOR224C,YPR108W,0,-0.005766142,0.14700926840305328,0.3472636938095093,0.20260129868984222
YOR063W,YGR076C,0,-0.005819101,0.14694736897945404,0.3472636938095093,0.20270134508609772
YOL067C,YOL065C,0,-0.005827401,0.14688552916049957,0.3472636938095093,0.2028014063835144
YGL003C,YDR224C,0,-0.005952593,0.1468237340450287,0.3472636938095093,0.2029014527797699
YMR289W,YBR164C,0,-0.005961884,0.14676198363304138,0.3472636938095093,0.2030014991760254
YGR088W,YER147C,0,-0.0060242414,0.14670029282569885,0.3472636938095093,0.20310154557228088
YPR005C,YAR007C,0,-0.0060409047,0.1466386616230011,0.3472636938095093,0.20320160686969757
YOR373W,YOR036W,0,-0.006320428,0.14657707512378693,0.3472636938095093,0.20330165326595306
YDR299W,YBL064C,0,-0.006331194,0.14651553332805634,0.3472636938095093,0.20340169966220856
YHR052W,YAL062W,0,-0.006478984,0.14645405113697052,0.3472636938095093,0.20350174605846405
YMR290C,YDR236C,0,-0.0064863376,0.1463926136493683,0.3472636938095093,0.20360180735588074
YDR074W,YLR019W,1,-0.0068023093,0.1467505246400833,0.34825870394706726,0.20360180735588074
YNR040W,YHL036W,0,-0.006818723,0.1466890126466751,0.34825870394706726,0.20370185375213623
YMR070W,YML042W,0,-0.006920336,0.14662756025791168,0.34825870394706726,0.20380190014839172
YMR233W,YGR009C,0,-0.007031534,0.14656616747379303,0.34825870394706726,0.20390194654464722
YKL152C,YMR087W,1,-0.0070542432,0.14692339301109314,0.34925374388694763,0.20390194654464722
YML116W,YNL189W,0,-0.0071291216,0.14686192572116852,0.34925374388694763,0.2040020078420639
YLR038C,YJL062W,0,-0.007189948,0.14680050313472748,0.34925374388694763,0.2041020542383194
YMR208W,YDL130W-A,0,-0.00719868,0.14673912525177002,0.34925374388694763,0.2042021006345749
YLL050C,YBL061C,0,-0.007258717,0.14667780697345734,0.34925374388694763,0.20430214703083038
YDL047W,YBR276C,1,-0.007268239,0.14703425765037537,0.3502487540245056,0.20430214703083038
YDR036C,YDR326C,0,-0.007591296,0.1469728648662567,0.3502487540245056,0.20440220832824707
YHL044W,YFL044C,0,-0.008135948,0.14691151678562164,0.3502487540245056,0.20450225472450256
YDR126W,YIR037W,0,-0.008252852,0.14685022830963135,0.3502487540245056,0.20460230112075806
YGR124W,YDR014W,0,-0.008339729,0.14678898453712463,0.3502487540245056,0.20470234751701355
YML074C,YMR071C,0,-0.00836505,0.1467278003692627,0.3502487540245056,0.20480239391326904
YER051W,YLR099C,0,-0.008396018,0.14666666090488434,0.3502487540245056,0.20490245521068573
YLR127C,YMR292W,0,-0.008437749,0.14660558104515076,0.3502487540245056,0.20500250160694122
YHR206W,YGL251C,0,-0.008448888,0.14654454588890076,0.3502487540245056,0.20510254800319672
YKL195W,YOR322C,0,-0.008467857,0.14648355543613434,0.3502487540245056,0.2052025943994522
YDR315C,YPR019W,0,-0.008652706,0.1464226245880127,0.3502487540245056,0.2053026556968689
YFL029C,YJL170C,0,-0.008699033,0.14636175334453583,0.3502487540245056,0.2054027020931244
YOR265W,YGR106C,0,-0.008756179,0.14630091190338135,0.3502487540245056,0.20550274848937988
YIL072W,YPL026C,0,-0.008766476,0.14624013006687164,0.3502487540245056,0.20560279488563538
YAL012W,YLR186W,0,-0.008805323,0.1461794078350067,0.3502487540245056,0.20570285618305206
YOR175C,YBR198C,0,-0.008896027,0.14611871540546417,0.3502487540245056,0.20580290257930756
YIL112W,YHR010W,0,-0.009287719,0.1460580974817276,0.3502487540245056,0.20590294897556305
YDR116C,YNL135C,0,-0.0093094,0.14599750936031342,0.3502487540245056,0.20600299537181854
YDL236W,YGR208W,1,-0.009347547,0.14635157585144043,0.351243793964386,0.20600299537181854
YDR038C,YGR295C,0,-0.009579245,0.14629092812538147,0.351243793964386,0.20610305666923523
YDR363W-A,YDR077W,0,-0.009581016,0.1462303251028061,0.351243793964386,0.20620310306549072
YPL101W,YLR010C,0,-0.009631667,0.1461697667837143,0.351243793964386,0.20630314946174622
YNL242W,YKL059C,0,-0.00964212,0.14610926806926727,0.351243793964386,0.2064031958580017
YMR130W,YDR236C,0,-0.009672653,0.14604881405830383,0.351243793964386,0.2065032571554184
YHR021C,YGR035C,0,-0.009878088,0.14598841965198517,0.351243793964386,0.2066033035516739
YNR040W,YPL186C,0,-0.009945739,0.14592806994915009,0.351243793964386,0.20670334994792938
YBR001C,YMR256C,0,-0.009988654,0.14586776494979858,0.351243793964386,0.20680339634418488
YNL280C,YIL026C,0,-0.010105904,0.14580751955509186,0.351243793964386,0.20690345764160156
YNL311C,YDR279W,0,-0.010253545,0.1457473188638687,0.351243793964386,0.20700350403785706
YOR131C,YDL230W,1,-0.010346983,0.14609988033771515,0.35223880410194397,0.20700350403785706
YOR175C,YPL089C,0,-0.010348763,0.14603960514068604,0.35223880410194397,0.20710355043411255
YER089C,YDL230W,1,-0.010404136,0.14639174938201904,0.35323384404182434,0.20710355043411255
YDR425W,YIL124W,0,-0.010429483,0.14633141458034515,0.35323384404182434,0.20720359683036804
YJR013W,YLR414C,0,-0.010473248,0.14627110958099365,0.35323384404182434,0.20730365812778473
YBR082C,YKR097W,0,-0.010618765,0.14621087908744812,0.35323384404182434,0.20740370452404022
YML037C,YCR004C,0,-0.010649312,0.14615067839622498,0.35323384404182434,0.20750375092029572
YOL105C,YCR081W,0,-0.011017848,0.1460905373096466,0.35323384404182434,0.2076037973165512
YHR052W,YPR047W,0,-0.011066962,0.14603044092655182,0.35323384404182434,0.2077038586139679
YHR147C,YLR381W,0,-0.011206092,0.1459703892469406,0.35323384404182434,0.2078039050102234
YBR237W,YHR140W,0,-0.011239577,0.14591039717197418,0.35323384404182434,0.20790395140647888
YOR224C,YGL227W,0,-0.011262346,0.14585044980049133,0.35323384404182434,0.20800399780273438
YKL011C,YJL164C,0,-0.011342991,0.14579054713249207,0.35323384404182434,0.20810405910015106
YKR061W,YIL155C,0,-0.01146223,0.14573070406913757,0.35323384404182434,0.20820410549640656
YLR364W,YKL028W,0,-0.0116207935,0.14567090570926666,0.35323384404182434,0.20830415189266205
YHR206W,YEL017C-A,0,-0.011672217,0.14561115205287933,0.35323384404182434,0.20840419828891754
YDR050C,YHR070W,0,-0.011762839,0.14555145800113678,0.35323384404182434,0.20850424468517303
YBR156C,YNL310C,0,-0.011808787,0.1454918086528778,0.35323384404182434,0.20860430598258972
YDL099W,YFL037W,0,-0.011925925,0.14543220400810242,0.35323384404182434,0.20870435237884521
YPL089C,YBL090W,0,-0.011928443,0.1453726440668106,0.35323384404182434,0.2088043987751007
YMR043W,YPR166C,0,-0.012338284,0.14531314373016357,0.35323384404182434,0.2089044451713562
YMR156C,YDR067C,1,-0.012459014,0.1456628441810608,0.3542288541793823,0.2089044451713562
YBR264C,YDL082W,0,-0.01247621,0.1456032693386078,0.3542288541793823,0.2090045064687729
YLR373C,YHR129C,0,-0.0125659965,0.14554373919963837,0.3542288541793823,0.20910455286502838
YJR139C,YMR223W,0,-0.01266918,0.14548426866531372,0.3542288541793823,0.20920459926128387
YHL040C,YGR014W,0,-0.012688238,0.14542484283447266,0.3542288541793823,0.20930464565753937
YML070W,YGR220C,0,-0.012908537,0.14536546170711517,0.3542288541793823,0.20940470695495605
YDR231C,YBR105C,0,-0.012981284,0.14530612528324127,0.3542288541793823,0.20950475335121155
YOR373W,YBR058C,0,-0.0130852945,0.14524683356285095,0.3542288541793823,0.20960479974746704
YLR450W,YMR224C,0,-0.0131066255,0.1451876014471054,0.3542288541793823,0.20970484614372253
YNL099C,YMR261C,1,-0.013160322,0.14553608000278473,0.3552238941192627,0.20970484614372253
YLR418C,YDL204W,0,-0.013296995,0.14547677338123322,0.3552238941192627,0.20980490744113922
YER027C,YPR186C,0,-0.013336819,0.14541751146316528,0.3552238941192627,0.20990495383739471
YHL019C,YNL007C,0,-0.013413776,0.14535830914974213,0.3552238941192627,0.2100050002336502
YGL178W,YMR037C,0,-0.013717499,0.14529915153980255,0.3552238941192627,0.2101050466299057
YLR207W,YPR054W,0,-0.0137345195,0.14524003863334656,0.3552238941192627,0.2102051079273224
YIR036C,YML077W,0,-0.013766874,0.14518097043037415,0.3552238941192627,0.21030515432357788
YJR065C,YHR129C,0,-0.013971094,0.14512194693088531,0.3552238941192627,0.21040520071983337
YMR080C,YNL039W,0,-0.014012672,0.14506298303604126,0.3552238941192627,0.21050524711608887
YDR050C,YMR037C,0,-0.0141498,0.1450040638446808,0.3552238941192627,0.21060530841350555
YGL137W,YDR510W,0,-0.0142576285,0.1449451893568039,0.3552238941192627,0.21070535480976105
YBR286W,YDR318W,0,-0.014303256,0.14488635957241058,0.3552238941192627,0.21080540120601654
YDR487C,YKL198C,0,-0.014357168,0.14482758939266205,0.3552238941192627,0.21090544760227203
YLR370C,YBR087W,0,-0.014762569,0.1447688490152359,0.3552238941192627,0.21100550889968872
YDR074W,YCL047C,0,-0.015029956,0.14471016824245453,0.3552238941192627,0.2111055552959442
YHR207C,YGL039W,0,-0.015047926,0.14465154707431793,0.3552238941192627,0.2112056016921997
YPL111W,YDR166C,0,-0.015101559,0.14459295570850372,0.3552238941192627,0.2113056480884552
YJL134W,YGR208W,1,-0.01510321,0.14493927359580994,0.3562189042568207,0.2113056480884552
YGR200C,YKL164C,0,-0.015119009,0.14488060772418976,0.3562189042568207,0.2114057093858719
YLR134W,YDR014W,0,-0.015172858,0.14482200145721436,0.3562189042568207,0.21150575578212738
YCR020C,YDR529C,0,-0.015208129,0.14476343989372253,0.3562189042568207,0.21160580217838287
YLR410W,YOR155C,1,-0.015218321,0.1451091319322586,0.35721394419670105,0.21160580217838287
YDR284C,YHR004C,1,-0.015237141,0.145454540848732,0.35820895433425903,0.21160580217838287
YDR086C,YPR032W,0,-0.015288938,0.14539580047130585,0.35820895433425903,0.21170584857463837
YLR450W,YDR298C,0,-0.015581954,0.14533710479736328,0.35820895433425903,0.21180590987205505
YER086W,YLR287C-A,0,-0.01582459,0.1452784538269043,0.35820895433425903,0.21190595626831055
YDR036C,YOR347C,0,-0.015846912,0.1452198475599289,0.35820895433425903,0.21200600266456604
YPR028W,YDR044W,0,-0.015865088,0.14516128599643707,0.35820895433425903,0.21210604906082153
YOL105C,YOR044W,0,-0.01595794,0.14510278403759003,0.35820895433425903,0.21220611035823822
YDR126W,YLL001W,0,-0.016054604,0.14504431188106537,0.35820895433425903,0.2123061567544937
YJL198W,YHR181W,0,-0.016522322,0.14498589932918549,0.35820895433425903,0.2124062031507492
YPL148C,YDL120W,0,-0.016575385,0.14492753148078918,0.35820895433425903,0.2125062495470047
YHR076W,YBR050C,0,-0.016654167,0.14486920833587646,0.35820895433425903,0.2126062959432602
YGR086C,YPL111W,0,-0.016730178,0.14481094479560852,0.35820895433425903,0.21270635724067688
YML042W,YDR103W,0,-0.016858686,0.14475271105766296,0.35820895433425903,0.21280640363693237
YHR031C,YOR155C,0,-0.017121736,0.14469453692436218,0.35820895433425903,0.21290645003318787
YDL007W,YOL005C,0,-0.017258018,0.14463640749454498,0.35820895433425903,0.21300649642944336
YFL041W,YNL096C,0,-0.017438177,0.14457830786705017,0.35820895433425903,0.21310655772686005
YPL059W,YHR207C,0,-0.017474558,0.14452026784420013,0.35820895433425903,0.21320660412311554
YAL023C,YGR037C,0,-0.017698903,0.14446227252483368,0.35820895433425903,0.21330665051937103
YHR184W,YBR297W,0,-0.01771641,0.144404336810112,0.35820895433425903,0.21340669691562653
YDL108W,YIL155C,0,-0.017813537,0.1443464308977127,0.35820895433425903,0.2135067582130432
YJR029W,YGL039W,0,-0.017895523,0.1442885845899582,0.35820895433425903,0.2136068046092987
YLR204W,YDR358W,0,-0.01816218,0.14423076808452606,0.35820895433425903,0.2137068510055542
YNL185C,YDR177W,0,-0.018167201,0.1441730111837387,0.35820895433425903,0.2138068974018097
YNL010W,YBR276C,1,-0.018204361,0.14451561868190765,0.3592039942741394,0.2138068974018097
YBL103C,YDR169C,0,-0.01847725,0.14445778727531433,0.3592039942741394,0.21390695869922638
YGR203W,YOR155C,1,-0.018515024,0.14480000734329224,0.3601990044116974,0.21390695869922638
YDR126W,YHR140W,0,-0.018584695,0.14474210143089294,0.3601990044116974,0.21400700509548187
YDR011W,YDL008W,0,-0.01886784,0.14468425512313843,0.3601990044116974,0.21410705149173737
YDR013W,YJR045C,0,-0.019153852,0.1446264535188675,0.3601990044116974,0.21420709788799286
YHR147C,YPL068C,0,-0.019222356,0.14456869661808014,0.3601990044116974,0.21430715918540955
YDL164C,YIL084C,0,-0.019246195,0.14451098442077637,0.3601990044116974,0.21440720558166504
YPL177C,YBR122C,0,-0.019424845,0.14445331692695618,0.3601990044116974,0.21450725197792053
YDL130W,YOL072W,0,-0.019435544,0.14439569413661957,0.3601990044116974,0.21460729837417603
YJL221C,YDR368W,0,-0.019535441,0.14433811604976654,0.3601990044116974,0.2147073596715927
YNL032W,YHR215W,1,-0.01957031,0.14467915892601013,0.36119404435157776,0.2147073596715927
YJR145C,YCL047C,0,-0.019582633,0.14462152123451233,0.36119404435157776,0.2148074060678482
YFR025C,YJL134W,1,-0.01982266,0.1449621617794037,0.36218905448913574,0.2148074060678482
YOR208W,YNL053W,1,-0.019942302,0.14530254900455475,0.3631840944290161,0.2148074060678482
YBL074C,YBR122C,0,-0.019994844,0.14524473249912262,0.3631840944290161,0.2149074524641037
YGR101W,YLR306W,0,-0.020046648,0.14518694579601288,0.3631840944290161,0.2150074988603592
YGL173C,YEL013W,0,-0.02006175,0.1451292186975479,0.3631840944290161,0.21510756015777588
YDR288W,YPL204W,0,-0.0201491,0.14507153630256653,0.3631840944290161,0.21520760655403137
YGL223C,YDR224C,0,-0.020169247,0.14501389861106873,0.3631840944290161,0.21530765295028687
YLR134W,YBL021C,0,-0.020174313,0.1449563205242157,0.3631840944290161,0.21540769934654236
YIL039W,YKL056C,0,-0.020175967,0.14489877223968506,0.3631840944290161,0.21550776064395905
YGR076C,YHR129C,0,-0.020200048,0.144841268658638,0.3631840944290161,0.21560780704021454
YNL217W,YOR270C,0,-0.020213742,0.14478380978107452,0.3631840944290161,0.21570785343647003
YEL038W,YML016C,1,-0.020372886,0.14512291550636292,0.3641791045665741,0.21570785343647003
YDL019C,YKL028W,0,-0.020384546,0.14506539702415466,0.3641791045665741,0.21580789983272552
YOR182C,YBL082C,0,-0.020481382,0.14500792324543,0.3641791045665741,0.2159079611301422
YJL190C,YLR246W,0,-0.020603377,0.1449504941701889,0.3641791045665741,0.2160080075263977
YDL164C,YPR098C,0,-0.020648751,0.1448931097984314,0.3641791045665741,0.2161080539226532
YGL106W,YNL268W,0,-0.020677384,0.14483577013015747,0.3641791045665741,0.2162081003189087
YLR361C,YHR004C,1,-0.020695675,0.1451740562915802,0.3651741147041321,0.2162081003189087
YMR088C,YDR116C,0,-0.020799208,0.1451166421175003,0.3651741147041321,0.21630814671516418
YOR265W,YMR086W,0,-0.020900372,0.14505928754806519,0.3651741147041321,0.21640820801258087
YNL217W,YIL053W,1,-0.02103443,0.14539708197116852,0.36616915464401245,0.21640820801258087
YNL146W,YNL101W,0,-0.021285076,0.14533965289592743,0.36616915464401245,0.21650825440883636
YDL006W,YDR380W,0,-0.021338005,0.14528226852416992,0.36616915464401245,0.21660830080509186
YJL072C,YNL322C,0,-0.021466669,0.1452249437570572,0.36616915464401245,0.21670834720134735
YLR459W,YPL172C,0,-0.021474991,0.14516764879226685,0.36616915464401245,0.21680840849876404
YHR076W,YHR004C,1,-0.021503646,0.14550472795963287,0.36716416478157043,0.21680840849876404
YLR142W,YJL106W,0,-0.021751512,0.14544737339019775,0.36716416478157043,0.21690845489501953
YIL172C,YPL019C,0,-0.021911133,0.14539006352424622,0.36716416478157043,0.21700850129127502
YAR015W,YDL099W,0,-0.021969039,0.14533281326293945,0.36716416478157043,0.21710854768753052
YDR312W,YGR088W,0,-0.022035498,0.14527559280395508,0.36716416478157043,0.2172086089849472
YPL123C,YOR270C,0,-0.022066262,0.14521841704845428,0.36716416478157043,0.2173086553812027
YJR013W,YDR018C,0,-0.022228051,0.14516128599643707,0.36716416478157043,0.2174087017774582
YLR040C,YGL084C,0,-0.022403367,0.14510421454906464,0.36716416478157043,0.21750874817371368
YJL165C,YMR306W,0,-0.022428323,0.1450471729040146,0.36716416478157043,0.21760880947113037
YMR070W,YDR251W,0,-0.022725154,0.14499017596244812,0.36716416478157043,0.21770885586738586
YJL190C,YLR121C,0,-0.022782851,0.14493322372436523,0.36716416478157043,0.21780890226364136
YGL119W,YHR089C,0,-0.02278379,0.14487633109092712,0.36716416478157043,0.21790894865989685
YLR266C,YGR062C,0,-0.022871915,0.1448194682598114,0.36716416478157043,0.21800900995731354
YER027C,YKR062W,0,-0.022955675,0.14476265013217926,0.36716416478157043,0.21810905635356903
YLR214W,YLR327C,0,-0.023031969,0.1447058767080307,0.36716416478157043,0.21820910274982452
YEL064C,YLR237W,0,-0.02315351,0.14464916288852692,0.36716416478157043,0.21830914914608002
YPL085W,YBR241C,0,-0.023263697,0.14459247887134552,0.36716416478157043,0.2184092104434967
YNL217W,YOL064C,1,-0.023353625,0.14492753148078918,0.3681592047214508,0.2184092104434967
YDR056C,YDL204W,0,-0.023522604,0.144870787858963,0.3681592047214508,0.2185092568397522
YJR145C,YOR181W,0,-0.02359353,0.14481408894062042,0.3681592047214508,0.2186093032360077
YML129C,YGR162W,0,-0.02360316,0.1447574347257614,0.3681592047214508,0.21870934963226318
YDL101C,YNL096C,0,-0.02364688,0.144700825214386,0.3681592047214508,0.21880941092967987
YLR212C,YMR042W,0,-0.0236867,0.14464426040649414,0.3681592047214508,0.21890945732593536
YML048W,YDR014W,0,-0.02379074,0.14458772540092468,0.3681592047214508,0.21900950372219086
YGR029W,YMR163C,0,-0.023884831,0.14453125,0.3681592047214508,0.21910955011844635
YLR419W,YJR045C,0,-0.023893867,0.1444748193025589,0.3681592047214508,0.21920961141586304
YER180C,YGR076C,0,-0.023913939,0.14441841840744019,0.3681592047214508,0.21930965781211853
YDR376W,YKR104W,0,-0.024079647,0.14436207711696625,0.3681592047214508,0.21940970420837402
YER089C,YER075C,1,-0.024098251,0.14469578862190247,0.3691542148590088,0.21940970420837402
YBR033W,YGR009C,0,-0.024259504,0.14463937282562256,0.3691542148590088,0.21950975060462952
YMR261C,YLR019W,1,-0.02470886,0.14497272670269012,0.37014925479888916,0.21950975060462952
YKL178C,YMR281W,0,-0.024883252,0.14491625130176544,0.37014925479888916,0.2196098119020462
YHR089C,YJR134C,0,-0.024954908,0.14485980570316315,0.37014925479888916,0.2197098582983017
YDL200C,YKR050W,0,-0.025012191,0.14480341970920563,0.37014925479888916,0.2198099046945572
YJL052W,YDR288W,0,-0.025016252,0.1447470784187317,0.37014925479888916,0.21990995109081268
YBR237W,YIR006C,0,-0.025021417,0.14469078183174133,0.37014925479888916,0.22001001238822937
YGR241C,YHR081W,0,-0.025031138,0.14463452994823456,0.37014925479888916,0.22011005878448486
YML116W,YFR041C,0,-0.025087658,0.14457830786705017,0.37014925479888916,0.22021010518074036
YNR008W,YDR003W,0,-0.025158886,0.14452214539051056,0.37014925479888916,0.22031015157699585
YOR131C,YIR026C,1,-0.025174398,0.1448543667793274,0.37114426493644714,0.22031015157699585
YER180C,YKL198C,0,-0.025290389,0.1447981297969818,0.37114426493644714,0.22041019797325134
YNL053W,YOL064C,1,-0.025293995,0.14512999355793,0.3721393048763275,0.22041019797325134
YER086W,YOR270C,0,-0.025477994,0.14507369697093964,0.3721393048763275,0.22051025927066803
YOL156W,YLR246W,0,-0.025485212,0.14501744508743286,0.3721393048763275,0.22061030566692352
YDR069C,YER045C,0,-0.025637317,0.14496123790740967,0.3721393048763275,0.22071035206317902
YGR154C,YGR062C,0,-0.025643628,0.14490507543087006,0.3721393048763275,0.2208103984594345
YDR495C,YDR003W,0,-0.025929589,0.14484895765781403,0.3721393048763275,0.2209104597568512
YDL190C,YNR070W,0,-0.02598514,0.14479286968708038,0.3721393048763275,0.2210105061531067
YLR032W,YOL120C,0,-0.026020218,0.14473684132099152,0.3721393048763275,0.22111055254936218
YPR073C,YLR410W,1,-0.026331801,0.14506769180297852,0.3731343150138855,0.22111055254936218
YMR292W,YNL098C,0,-0.02654158,0.14501160383224487,0.3731343150138855,0.22121059894561768
YLR142W,YNL007C,0,-0.02654742,0.14495554566383362,0.3731343150138855,0.22131066024303436
YER056C-A,YNR020C,0,-0.026549574,0.14489953219890594,0.3731343150138855,0.22141070663928986
YDR248C,YGL123W,0,-0.026553538,0.14484356343746185,0.3731343150138855,0.22151075303554535
YIL125W,YMR012W,0,-0.026553709,0.14478763937950134,0.3731343150138855,0.22161079943180084
YDR248C,YHR017W,0,-0.026669908,0.14473176002502441,0.3731343150138855,0.22171086072921753
YIL111W,YCR047C,0,-0.0266998,0.14467592537403107,0.3731343150138855,0.22181090712547302
YDL143W,YLR139C,0,-0.02674378,0.1446201354265213,0.3731343150138855,0.22191095352172852
YER111C,YGL039W,0,-0.026776243,0.14456437528133392,0.3731343150138855,0.222010999917984
YPR070W,YBR166C,0,-0.026778657,0.14450867474079132,0.3731343150138855,0.2221110612154007
YBR207W,YAL012W,0,-0.02695338,0.1444530040025711,0.3731343150138855,0.2222111076116562
YGL090W,YNL310C,0,-0.026969977,0.14439737796783447,0.3731343150138855,0.22231115400791168
YNL159C,YOL152W,0,-0.027108654,0.14434179663658142,0.3731343150138855,0.22241120040416718
YIL070C,YBR213W,0,-0.027194504,0.14428626000881195,0.3731343150138855,0.22251126170158386
YEL017C-A,YDR103W,0,-0.027410734,0.14423076808452606,0.3731343150138855,0.22261130809783936
YJL190C,YHR186C,0,-0.027484264,0.14417532086372375,0.3731343150138855,0.22271135449409485
YMR142C,YHR167W,0,-0.027698208,0.14411990344524384,0.3731343150138855,0.22281140089035034
YKL011C,YMR165C,0,-0.028040592,0.1440645456314087,0.3731343150138855,0.22291146218776703
YML094W,YER174C,0,-0.028152164,0.14400921761989594,0.3731343150138855,0.22301150858402252
YHR143W,YPL022W,0,-0.02817588,0.14395393431186676,0.3731343150138855,0.22311155498027802
YOL005C,YDR014W,0,-0.028547939,0.14389869570732117,0.3731343150138855,0.2232116013765335
YER036C,YDR003W,0,-0.028791446,0.14384350180625916,0.3731343150138855,0.2233116626739502
YFL044C,YMR026C,0,-0.028797437,0.14378833770751953,0.3731343150138855,0.2234117090702057
YGL141W,YML088W,0,-0.028804038,0.14373323321342468,0.3731343150138855,0.22351175546646118
YDR279W,YPL048W,0,-0.029030848,0.14367815852165222,0.3731343150138855,0.22361180186271667
YGL211W,YMR086W,0,-0.029115755,0.14362312853336334,0.3731343150138855,0.22371186316013336
YHR043C,YMR180C,1,-0.029151846,0.14395099878311157,0.37412935495376587,0.22371186316013336
YMR180C,YLR433C,1,-0.029201392,0.1442786008119583,0.37512436509132385,0.22371186316013336
YGL128C,YJR016C,0,-0.02924576,0.1442234069108963,0.37512436509132385,0.22381190955638885
YER099C,YJL062W,0,-0.029294718,0.14416825771331787,0.37512436509132385,0.22391195595264435
YML054C,YJL165C,0,-0.029497895,0.14411315321922302,0.37512436509132385,0.22401200234889984
YGR029W,YMR080C,0,-0.029672313,0.14405807852745056,0.37512436509132385,0.22411204874515533
YER088C,YGR035C,0,-0.029687513,0.14400304853916168,0.37512436509132385,0.22421211004257202
YBR160W,YKL198C,0,-0.029706765,0.14394807815551758,0.37512436509132385,0.22431215643882751
YDR520C,YEL002C,0,-0.02980559,0.14389312267303467,0.37512436509132385,0.224412202835083
YMR016C,YDL115C,0,-0.029871892,0.14383822679519653,0.37512436509132385,0.2245122492313385
YDL101C,YBR289W,0,-0.02988531,0.14378337562084198,0.37512436509132385,0.2246123105287552
YER089C,YML057W,1,-0.030080546,0.1441098004579544,0.3761194050312042,0.2246123105287552
YAR015W,YGR135W,0,-0.030257542,0.14405487477779388,0.3761194050312042,0.22471235692501068
YBR024W,YMR281W,0,-0.030259747,0.14399999380111694,0.3761194050312042,0.22481240332126617
YML085C,YGR162W,0,-0.030309208,0.14394515752792358,0.3761194050312042,0.22491244971752167
YJR126C,YMR150C,0,-0.030341137,0.1438903659582138,0.3761194050312042,0.22501251101493835
YDR388W,YGR037C,0,-0.030450333,0.1438356190919876,0.3761194050312042,0.22511255741119385
YDR033W,YPL195W,0,-0.030494273,0.1437809020280838,0.3761194050312042,0.22521260380744934
YMR100W,YLR237W,0,-0.030638102,0.14372622966766357,0.3761194050312042,0.22531265020370483
YMR298W,YBL024W,0,-0.03070179,0.14367160201072693,0.3761194050312042,0.22541271150112152
YJR139C,YOR182C,0,-0.030793596,0.14361701905727386,0.3761194050312042,0.22551275789737701
YBL106C,YDR044W,0,-0.030800726,0.14356248080730438,0.3761194050312042,0.2256128042936325
YDR074W,YML057W,1,-0.030954588,0.14388762414455414,0.3771144151687622,0.2256128042936325
YOL064C,YLR045C,0,-0.03098891,0.1438330113887787,0.3771144151687622,0.225712850689888
YDR358W,YFR007W,0,-0.031077344,0.143778458237648,0.3771144151687622,0.2258129119873047
YPL194W,YNL189W,0,-0.031295247,0.14372393488883972,0.3771144151687622,0.22591295838356018
YDR315C,YDR018C,0,-0.031526912,0.14366944134235382,0.3771144151687622,0.22601300477981567
YKL181W,YDR115W,0,-0.031562988,0.1436150074005127,0.3771144151687622,0.22611305117607117
YMR233W,YKL198C,0,-0.03157558,0.14356060326099396,0.3771144151687622,0.22621311247348785
YER133W,YIL053W,1,-0.03162736,0.14388489723205566,0.3781094551086426,0.22621311247348785
YBR001C,YDL195W,0,-0.031776894,0.14383043348789215,0.3781094551086426,0.22631315886974335
YOR181W,YOR242C,0,-0.031923845,0.14377601444721222,0.3781094551086426,0.22641320526599884
YDR014W,YKR050W,0,-0.031961497,0.14372164011001587,0.3781094551086426,0.22651325166225433
YAL053W,YJL125C,0,-0.03197937,0.1436672955751419,0.3781094551086426,0.22661331295967102
YMR289W,YDL067C,0,-0.032068867,0.14361299574375153,0.3781094551086426,0.2267133593559265
YDR536W,YDR334W,0,-0.032221023,0.14355874061584473,0.3781094551086426,0.226813405752182
YPL089C,YDR139C,0,-0.03225198,0.1435045301914215,0.3781094551086426,0.2269134521484375
YMR043W,YOR332W,0,-0.032448765,0.14345036447048187,0.3781094551086426,0.2270135134458542
YPR028W,YOR270C,0,-0.03246035,0.14339622855186462,0.3781094551086426,0.22711355984210968
YDR075W,YHR215W,1,-0.032521594,0.14371934533119202,0.37910446524620056,0.22711355984210968
YDR251W,YLR078C,0,-0.032638673,0.1436651647090912,0.37910446524620056,0.22721360623836517
YJL170C,YJL025W,0,-0.032665033,0.14361099898815155,0.37910446524620056,0.22731365263462067
YBR286W,YMR152W,0,-0.032949854,0.1435568928718567,0.37910446524620056,0.22741371393203735
YFL041W,YKL034W,0,-0.033002328,0.1435028314590454,0.37910446524620056,0.22751376032829285
YBR267W,YAL021C,0,-0.033173442,0.14344879984855652,0.37910446524620056,0.22761380672454834
YPR048W,YLR446W,0,-0.033273626,0.1433948129415512,0.37910446524620056,0.22771385312080383
YDR536W,YDR315C,0,-0.033292044,0.1433408558368683,0.37910446524620056,0.22781389951705933
YML091C,YOR221C,0,-0.0333543,0.14328694343566895,0.37910446524620056,0.227913960814476
YLL050C,YGR220C,0,-0.033382405,0.14323307573795319,0.37910446524620056,0.2280140072107315
YMR142C,YGR002C,0,-0.03356846,0.143179252743721,0.37910446524620056,0.228114053606987
YLR106C,YDR313C,0,-0.03358284,0.1431254744529724,0.37910446524620056,0.2282141000032425
YHR067W,YJL101C,0,-0.03364161,0.1430717259645462,0.37910446524620056,0.22831416130065918
YHR184W,YMR163C,0,-0.03374045,0.14301802217960358,0.37910446524620056,0.22841420769691467
YPL017C,YJL148W,0,-0.033953343,0.14296434819698334,0.37910446524620056,0.22851425409317017
YOR374W,YPR031W,0,-0.034078788,0.14291073381900787,0.37910446524620056,0.22861430048942566
YDL190C,YER110C,0,-0.034202088,0.1428571492433548,0.37910446524620056,0.22871436178684235
YJR065C,YLR172C,0,-0.034348477,0.1428035944700241,0.37910446524620056,0.22881440818309784
YHR207C,YHR171W,0,-0.034401394,0.1427500993013382,0.37910446524620056,0.22891445457935333
YDL210W,YLR371W,0,-0.0344739,0.14269663393497467,0.37910446524620056,0.22901450097560883
YER068W,YBR166C,0,-0.03450177,0.14264319837093353,0.37910446524620056,0.2291145622730255
YBL106C,YOR389W,0,-0.034508456,0.14258982241153717,0.37910446524620056,0.229214608669281
YOR208W,YCR079W,1,-0.034574408,0.14291058480739594,0.38009950518608093,0.229214608669281
YNL218W,YFR006W,0,-0.034708563,0.1428571492433548,0.38009950518608093,0.2293146550655365
YMR261C,YML016C,1,-0.034712266,0.1431775689125061,0.3810945153236389,0.2293146550655365
YJR060W,YMR311C,0,-0.034987133,0.143124058842659,0.3810945153236389,0.229414701461792
YNL162W,YHR186C,0,-0.035533346,0.14307060837745667,0.3810945153236389,0.22951476275920868
YLR377C,YDL134C,1,-0.035541784,0.14339059591293335,0.3820895552635193,0.22951476275920868
YMR282C,YAL012W,0,-0.03561798,0.14333707094192505,0.3820895552635193,0.22961480915546417
YGR241C,YJR089W,0,-0.03567167,0.14328357577323914,0.3820895552635193,0.22971485555171967
YNL053W,YHR004C,1,-0.035764966,0.1436031311750412,0.38308456540107727,0.22971485555171967
YFL039C,YGR076C,0,-0.03577936,0.1435495913028717,0.38308456540107727,0.22981490194797516
YJR158W,YPL143W,0,-0.03584904,0.1434960812330246,0.38308456540107727,0.22991496324539185
YML027W,YOL077C,0,-0.03586166,0.14344261586666107,0.38308456540107727,0.23001500964164734
YMR098C,YIL124W,0,-0.03598504,0.14338919520378113,0.38308456540107727,0.23011505603790283
YGL191W,YML042W,0,-0.036168385,0.14333581924438477,0.38308456540107727,0.23021510243415833
YLR396C,YGL155W,0,-0.036183923,0.1432824730873108,0.38308456540107727,0.230315163731575
YDR529C,YPR081C,0,-0.036199022,0.1432291716337204,0.38308456540107727,0.2304152101278305
YNL322C,YIL115C,0,-0.036262516,0.1431758999824524,0.38308456540107727,0.230515256524086
YGL206C,YGR014W,0,-0.036344696,0.14312267303466797,0.38308456540107727,0.2306153029203415
YGR002C,YPL159C,0,-0.036376555,0.14306949079036713,0.38308456540107727,0.23071536421775818
YOR246C,YLR265C,0,-0.03640841,0.14301633834838867,0.38308456540107727,0.23081541061401367
YMR287C,YMR303C,0,-0.036903847,0.1429632306098938,0.38308456540107727,0.23091545701026917
YER140W,YLR109W,0,-0.03693447,0.1429101675748825,0.38308456540107727,0.23101550340652466
YHR076W,YDR312W,0,-0.036980618,0.1428571492433548,0.38308456540107727,0.23111556470394135
YMR298W,YKL088W,0,-0.037025094,0.14280416071414948,0.38308456540107727,0.23121561110019684
YIL150C,YCR004C,0,-0.037217844,0.14275120198726654,0.38308456540107727,0.23131565749645233
YGL035C,YER088C,0,-0.037309486,0.1426982879638672,0.38308456540107727,0.23141570389270782
YNL166C,YLL001W,0,-0.037355322,0.14264541864395142,0.38308456540107727,0.2315157651901245
YPL226W,YHR181W,0,-0.03736298,0.14259259402751923,0.38308456540107727,0.23161581158638
YEL065W,YCR075C,0,-0.037375007,0.14253979921340942,0.38308456540107727,0.2317158579826355
YDR036C,YDR297W,0,-0.037609976,0.1424870491027832,0.38308456540107727,0.231815904378891
YLR246W,YER106W,0,-0.037680786,0.14243432879447937,0.38308456540107727,0.23191595077514648
YHL032C,YER113C,0,-0.037805144,0.14238165318965912,0.38308456540107727,0.23201601207256317
YPL172C,YBR035C,0,-0.037819352,0.14232902228832245,0.38308456540107727,0.23211605846881866
YOL005C,YJL101C,0,-0.03782307,0.14227642118930817,0.38308456540107727,0.23221610486507416
YJR098C,YCL055W,0,-0.037859518,0.14222386479377747,0.38308456540107727,0.23231615126132965
YDR342C,YDR014W,0,-0.038007174,0.14217133820056915,0.38308456540107727,0.23241621255874634
YLR370C,YDR283C,0,-0.03808782,0.14211885631084442,0.38308456540107727,0.23251625895500183
YER088C,YNR041C,0,-0.038163263,0.14206641912460327,0.38308456540107727,0.23261630535125732
YMR298W,YDL138W,0,-0.038209554,0.1420140117406845,0.38308456540107727,0.23271635174751282
YGR026W,YMR109W,0,-0.038224183,0.14196164906024933,0.38308456540107727,0.2328164130449295
YLR238W,YGR191W,0,-0.03827857,0.14190933108329773,0.38308456540107727,0.232916459441185
YML070W,YEL058W,0,-0.038478184,0.14185704290866852,0.38308456540107727,0.2330165058374405
YDR224C,YBL020W,0,-0.038583864,0.1418047845363617,0.38308456540107727,0.23311655223369598
YLL009C,YKL059C,0,-0.03862406,0.14175257086753845,0.38308456540107727,0.23321661353111267
YLR086W,YDR158W,0,-0.038763035,0.1417004019021988,0.38308456540107727,0.23331665992736816
YPR073C,YBR092C,1,-0.03877287,0.1420161873102188,0.38407960534095764,0.23331665992736816
YNL053W,YLL010C,1,-0.03887796,0.14233173429965973,0.3850746154785156,0.23331665992736816
YIL070C,YHL036W,0,-0.038931426,0.14227941632270813,0.3850746154785156,0.23341670632362366
YLR370C,YLR450W,0,-0.039085057,0.14222712814807892,0.3850746154785156,0.23351675271987915
YBL021C,YHL036W,0,-0.039091308,0.1421748697757721,0.3850746154785156,0.23361681401729584
YDR440W,YDR536W,0,-0.03917751,0.14212265610694885,0.3850746154785156,0.23371686041355133
YDR297W,YDR390C,0,-0.039188433,0.1420704871416092,0.3850746154785156,0.23381690680980682
YGL210W,YNL007C,0,-0.03920092,0.14201834797859192,0.3850746154785156,0.23391695320606232
YJR059W,YER012W,0,-0.039269596,0.14196625351905823,0.3850746154785156,0.234017014503479
YER095W,YGR135W,0,-0.039270062,0.14191418886184692,0.3850746154785156,0.2341170608997345
YDR046C,YDR511W,0,-0.039337706,0.1418621689081192,0.3850746154785156,0.23421710729599
YML054C,YPR041W,0,-0.039496023,0.14181019365787506,0.3850746154785156,0.23431715369224548
YGR292W,YIL125W,0,-0.039634276,0.1417582482099533,0.3850746154785156,0.23441721498966217
YPR048W,YGL185C,0,-0.03967332,0.14170633256435394,0.3850746154785156,0.23451726138591766
YJL019W,YPR042C,0,-0.039716724,0.14165446162223816,0.3850746154785156,0.23461730778217316
YDR481C,YLR019W,1,-0.039783247,0.1419685333967209,0.386069655418396,0.23461730778217316
YBR289W,YBL090W,0,-0.039821655,0.14191660284996033,0.386069655418396,0.23471735417842865
YIL172C,YER012W,0,-0.039822634,0.14186471700668335,0.386069655418396,0.23481741547584534
YOL156W,YPR070W,0,-0.040024184,0.14181286096572876,0.386069655418396,0.23491746187210083
YNR043W,YNL115C,0,-0.04016902,0.14176104962825775,0.386069655418396,0.23501750826835632
YDR067C,YER133W,1,-0.040299837,0.14207451045513153,0.387064665555954,0.23501750826835632
YBR267W,YOL100W,0,-0.04041629,0.14202263951301575,0.387064665555954,0.23511755466461182
YJL219W,YBL090W,0,-0.040443946,0.14197079837322235,0.387064665555954,0.2352176159620285
YJR013W,YGR006W,0,-0.040732104,0.14191900193691254,0.387064665555954,0.235317662358284
YLR381W,YPL033C,0,-0.040830646,0.1418672502040863,0.387064665555954,0.2354177087545395
YNL207W,YJL106W,0,-0.040851958,0.14181552827358246,0.387064665555954,0.23551775515079498
YCL075W,YJL164C,0,-0.04096731,0.1417638510465622,0.387064665555954,0.23561780154705048
YDR074W,YDR313C,0,-0.041025627,0.14171220362186432,0.387064665555954,0.23571786284446716
YDR014W,YDR313C,0,-0.04106747,0.14166060090065002,0.387064665555954,0.23581790924072266
YEL061C,YML063W,0,-0.041072104,0.14160902798175812,0.387064665555954,0.23591795563697815
YLR008C,YJL062W,0,-0.041101664,0.1415574997663498,0.387064665555954,0.23601800203323364
YKL010C,YJL156C,0,-0.041145194,0.14150600135326385,0.387064665555954,0.23611806333065033
YNL099C,YNL106C,1,-0.041167784,0.14181818068027496,0.38805970549583435,0.23611806333065033
YLR385C,YIL111W,0,-0.041334633,0.14176663756370544,0.38805970549583435,0.23621810972690582
YER025W,YMR012W,0,-0.041335393,0.14171510934829712,0.38805970549583435,0.23631815612316132
YML129C,YHL044W,0,-0.041422624,0.14166364073753357,0.38805970549583435,0.2364182025194168
YNL032W,YNL217W,1,-0.041613217,0.1419753134250641,0.38905471563339233,0.2364182025194168
YNL128W,YJL062W,0,-0.04182354,0.14192377030849457,0.38905471563339233,0.2365182638168335
YDL127W,YOR044W,0,-0.04197328,0.14187227189540863,0.38905471563339233,0.236618310213089
YPR122W,YLL022C,0,-0.041975427,0.14182081818580627,0.38905471563339233,0.23671835660934448
YIR026C,YHR215W,1,-0.042105842,0.1421319842338562,0.3900497555732727,0.23671835660934448
YLR154C,YOR322C,0,-0.042108405,0.14208047091960907,0.3900497555732727,0.23681840300559998
YLR266C,YGL155W,0,-0.04226165,0.14202898740768433,0.3900497555732727,0.23691846430301666
YNR001C,YMR026C,0,-0.04233108,0.14197754859924316,0.3900497555732727,0.23701851069927216
YJR015W,YBR205W,0,-0.042370606,0.1419261395931244,0.3900497555732727,0.23711855709552765
YBR240C,YLR357W,0,-0.04272609,0.1418747752904892,0.3900497555732727,0.23721860349178314
YLR238W,YLR038C,0,-0.042788196,0.1418234407901764,0.3900497555732727,0.23731866478919983
YOR109W,YMR180C,1,-0.04283521,0.14213381707668304,0.3910447657108307,0.23731866478919983
YER061C,YHR147C,0,-0.042911913,0.14208242297172546,0.3910447657108307,0.23741871118545532
YHR067W,YOR150W,0,-0.042913217,0.14203107357025146,0.3910447657108307,0.23751875758171082
YDL109C,YCL050C,0,-0.04303286,0.14197976887226105,0.3910447657108307,0.2376188039779663
YDR387C,YHR070W,0,-0.043041576,0.14192849397659302,0.3910447657108307,0.237718865275383
YKL108W,YML091C,0,-0.043118987,0.14187724888324738,0.3910447657108307,0.2378189116716385
YDR501W,YPL186C,0,-0.043225285,0.14182604849338531,0.3910447657108307,0.23791895806789398
YDL033C,YER088C,0,-0.043294508,0.14177489280700684,0.3910447657108307,0.23801900446414948
YEL013W,YKL140W,0,-0.04339527,0.14172376692295074,0.3910447657108307,0.23811906576156616
YNL128W,YER164W,0,-0.043398816,0.14167267084121704,0.3910447657108307,0.23821911215782166
YDR014W,YGR191W,0,-0.043416012,0.14162161946296692,0.3910447657108307,0.23831915855407715
YDL146W,YPL092W,0,-0.04343467,0.14157059788703918,0.3910447657108307,0.23841920495033264
YBR156C,YPR073C,0,-0.043700907,0.14151962101459503,0.3910447657108307,0.23851926624774933
YMR022W,YKR097W,0,-0.04382353,0.14146868884563446,0.3910447657108307,0.23861931264400482
YKR037C,YLR446W,0,-0.044011045,0.14141777157783508,0.3910447657108307,0.23871935904026031
YLR201C,YGR071C,0,-0.044055145,0.14136691391468048,0.3910447657108307,0.2388194054365158
YER099C,YGR014W,0,-0.044073258,0.14131607115268707,0.3910447657108307,0.2389194667339325
YGL253W,YHR017W,0,-0.044114377,0.14126527309417725,0.3910447657108307,0.239019513130188
YER020W,YNR047W,0,-0.04422589,0.141214519739151,0.3910447657108307,0.23911955952644348
YBR176W,YDR510W,0,-0.04438704,0.14116379618644714,0.3910447657108307,0.23921960592269897
YNR032W,YDL024C,1,-0.044423494,0.14147217571735382,0.39203980565071106,0.23921960592269897
YJR060W,YPL186C,0,-0.04442748,0.1414213925600052,0.39203980565071106,0.23931966722011566
YNL311C,YDR298C,0,-0.044454727,0.14137065410614014,0.39203980565071106,0.23941971361637115
YGL136C,YER153C,0,-0.044657487,0.14131994545459747,0.39203980565071106,0.23951976001262665
YCL047C,YIL124W,0,-0.04470377,0.1412692666053772,0.39203980565071106,0.23961980640888214
YMR109W,YDL082W,0,-0.044727553,0.1412186324596405,0.39203980565071106,0.23971985280513763
YBR036C,YDR478W,0,-0.04475874,0.1411680430173874,0.39203980565071106,0.23981991410255432
YML015C,YNL185C,0,-0.044865865,0.14111748337745667,0.39203980565071106,0.23991996049880981
YMR036C,YNL158W,0,-0.044875357,0.14106695353984833,0.39203980565071106,0.2400200068950653
YGL229C,YGR208W,1,-0.044981007,0.1413743793964386,0.39303481578826904,0.2400200068950653
YOR037W,YER082C,0,-0.045103386,0.14132378995418549,0.39303481578826904,0.2401200532913208
YML085C,YOL007C,0,-0.04513113,0.14127324521541595,0.39303481578826904,0.2402201145887375
YFL047W,YIL172C,0,-0.045170475,0.14122274518013,0.39303481578826904,0.24032016098499298
YPR178W,YLR121C,0,-0.04524416,0.14117226004600525,0.39303481578826904,0.24042020738124847
YOR116C,YNL322C,0,-0.045465086,0.14112183451652527,0.39303481578826904,0.24052025377750397
YML012W,YOR069W,0,-0.045507777,0.14107142388820648,0.39303481578826904,0.24062031507492065
YIL126W,YMR311C,0,-0.045510132,0.14102105796337128,0.39303481578826904,0.24072036147117615
YEL016C,YDR166C,0,-0.04564156,0.14097073674201965,0.39303481578826904,0.24082040786743164
YBR001C,YNL301C,0,-0.045688916,0.14092044532299042,0.39303481578826904,0.24092045426368713
YNR001C,YCR054C,0,-0.04574248,0.14087018370628357,0.39303481578826904,0.24102051556110382
YBR245C,YGL141W,0,-0.045798097,0.1408199667930603,0.39303481578826904,0.24112056195735931
YJL219W,YPR122W,0,-0.04589307,0.14076977968215942,0.39303481578826904,0.2412206083536148
YHL008C,YML104C,0,-0.045954432,0.14071962237358093,0.39303481578826904,0.2413206547498703
YLR074C,YLR121C,0,-0.04613744,0.14066950976848602,0.39303481578826904,0.241420716047287
YDR536W,YLR038C,0,-0.046186794,0.1406194418668747,0.39303481578826904,0.24152076244354248
YDR443C,YLR014C,0,-0.04628441,0.14056938886642456,0.39303481578826904,0.24162080883979797
YDR270W,YCR040W,0,-0.04631805,0.1405193954706192,0.39303481578826904,0.24172085523605347
YJR075W,YOR092W,0,-0.046364684,0.14046941697597504,0.39303481578826904,0.24182091653347015
YER062C,YBR125C,1,-0.046430457,0.14077498018741608,0.3940298557281494,0.24182091653347015
YBR092C,YBR276C,1,-0.046568807,0.1410803198814392,0.3950248658657074,0.24182091653347015
YJL080C,YEL058W,0,-0.04680031,0.1410301923751831,0.3950248658657074,0.24192096292972565
YGR104C,YEL059C-A,0,-0.046866264,0.14098010957241058,0.3950248658657074,0.24202100932598114
YDR134C,YMR303C,0,-0.046941835,0.14093007147312164,0.3950248658657074,0.24212105572223663
YGL035C,YFR041C,0,-0.046944875,0.1408800631761551,0.3950248658657074,0.24222111701965332
YNL049C,YGL178W,0,-0.046980847,0.14083008468151093,0.3950248658657074,0.2423211634159088
YMR302C,YJR155W,0,-0.04704543,0.14078013598918915,0.3950248658657074,0.2424212098121643
YOR047C,YMR247C,0,-0.047157664,0.14073023200035095,0.3950248658657074,0.2425212562084198
YDL007W,YDR032C,0,-0.047205854,0.14068037271499634,0.3950248658657074,0.2426213175058365
YDR038C,YDL144C,0,-0.047281597,0.14063052833080292,0.3950248658657074,0.24272136390209198
YDL144C,YMR022W,0,-0.047365535,0.14058074355125427,0.3950248658657074,0.24282141029834747
YGR218W,YOL109W,0,-0.047536414,0.14053097367286682,0.3950248658657074,0.24292145669460297
YMR221C,YPL111W,0,-0.047583725,0.14048124849796295,0.3950248658657074,0.24302151799201965
YDR358W,YJR060W,0,-0.04761287,0.14043155312538147,0.3950248658657074,0.24312156438827515
YDR046C,YMR109W,0,-0.047649745,0.14038190245628357,0.3950248658657074,0.24322161078453064
YOR391C,YGL185C,0,-0.047747303,0.14033226668834686,0.3950248658657074,0.24332165718078613
YMR056C,YNR007C,0,-0.047830958,0.14028269052505493,0.3950248658657074,0.24342170357704163
YDL192W,YER173W,0,-0.04798313,0.1402331292629242,0.3950248658657074,0.2435217648744583
YGL178W,YHR186C,0,-0.047996443,0.14018361270427704,0.3950248658657074,0.2436218112707138
YMR312W,YDR313C,0,-0.0480705,0.14013414084911346,0.3950248658657074,0.2437218576669693
YDL051W,YDL085W,0,-0.048092466,0.14008468389511108,0.3950248658657074,0.2438219040632248
YPR098C,YDR320C,0,-0.04821507,0.14003527164459229,0.3950248658657074,0.24392196536064148
YGL191W,YOR057W,0,-0.048331056,0.13998588919639587,0.3950248658657074,0.24402201175689697
YBL064C,YPL220W,0,-0.048398543,0.13993655145168304,0.3950248658657074,0.24412205815315247
YJL048C,YDL143W,0,-0.04842942,0.1398872435092926,0.3950248658657074,0.24422210454940796
YKL218C,YDL141W,0,-0.048506,0.13983796536922455,0.3950248658657074,0.24432216584682465
YDL144C,YGR071C,0,-0.04854885,0.13978873193264008,0.3950248658657074,0.24442221224308014
YML106W,YGR189C,0,-0.04864149,0.139739528298378,0.3950248658657074,0.24452225863933563
YHR021C,YDL099W,0,-0.04876398,0.1396903544664383,0.3950248658657074,0.24462230503559113
YIR037W,YER126C,0,-0.048773754,0.13964122533798218,0.3950248658657074,0.2447223663330078
YHL047C,YKL212W,0,-0.048813295,0.13959212601184845,0.3950248658657074,0.2448224127292633
YNL010W,YDL006W,1,-0.048833642,0.1398945450782776,0.39601990580558777,0.2448224127292633
YDR052C,YFR006W,0,-0.048844326,0.13984540104866028,0.39601990580558777,0.2449224591255188
YMR188C,YPL031C,0,-0.048949026,0.13979627192020416,0.39601990580558777,0.2450225055217743
YLR304C,YML088W,0,-0.04906388,0.13974718749523163,0.39601990580558777,0.24512256681919098
YNL301C,YBR185C,0,-0.04908585,0.13969813287258148,0.39601990580558777,0.24522261321544647
YLR214W,YMR043W,0,-0.04917472,0.13964912295341492,0.39601990580558777,0.24532265961170197
YBR092C,YDR284C,1,-0.049243875,0.13995090126991272,0.39701491594314575,0.24532265961170197
YOR348C,YGL031C,0,-0.049271543,0.13990181684494019,0.39701491594314575,0.24542270600795746
YMR023C,YNL015W,0,-0.04931264,0.13985279202461243,0.39701491594314575,0.24552276730537415
YKR037C,YIL111W,0,-0.049455483,0.13980378210544586,0.39701491594314575,0.24562281370162964
YDL024C,YJR110W,1,-0.049465988,0.14010508358478546,0.3980099558830261,0.24562281370162964
YDR511W,YJL090C,0,-0.049563456,0.14005602896213531,0.3980099558830261,0.24572286009788513
YJR013W,YDL192W,0,-0.04983442,0.14000700414180756,0.3980099558830261,0.24582290649414062
YER131W,YGR286C,0,-0.049860414,0.13995800912380219,0.3980099558830261,0.2459229677915573
YDL185W,YPL204W,0,-0.050083447,0.1399090588092804,0.3980099558830261,0.2460230141878128
YBL074C,YDR483W,0,-0.050121825,0.139860138297081,0.3980099558830261,0.2461230605840683
YOL007C,YGR062C,0,-0.050320607,0.13981124758720398,0.3980099558830261,0.2462231069803238
YMR257C,YDR047W,0,-0.050496105,0.13976240158081055,0.3980099558830261,0.24632316827774048
YBL075C,YGL161C,0,-0.050632272,0.1397135853767395,0.3980099558830261,0.24642321467399597
YJR009C,YOR069W,0,-0.050712172,0.13966479897499084,0.3980099558830261,0.24652326107025146
YKL178C,YKR038C,0,-0.05075168,0.13961605727672577,0.3980099558830261,0.24662330746650696
YGL213C,YDL019C,0,-0.05081391,0.13956734538078308,0.3980099558830261,0.24672336876392365
YML116W,YGR286C,0,-0.050966907,0.13951866328716278,0.3980099558830261,0.24682341516017914
YGL251C,YLR158C,0,-0.050973255,0.13947001099586487,0.3980099558830261,0.24692346155643463
YML034W,YBR012W-A,0,-0.051139995,0.13942140340805054,0.3980099558830261,0.24702350795269012
YOR036W,YJR126C,0,-0.05124416,0.1393728256225586,0.3980099558830261,0.24712355434894562
YKR090W,YNR061C,0,-0.05129127,0.13932427763938904,0.3980099558830261,0.2472236156463623
YGR203W,YER062C,1,-0.051345874,0.1396239548921585,0.3990049660205841,0.2472236156463623
YHR046C,YKR037C,0,-0.051375072,0.13957536220550537,0.3990049660205841,0.2473236620426178
YDL195W,YOL157C,0,-0.051905695,0.13952679932117462,0.3990049660205841,0.2474237084388733
YMR088C,YJL121C,0,-0.051936124,0.13947826623916626,0.3990049660205841,0.24752375483512878
YBR082C,YKL059C,0,-0.051955808,0.13942976295948029,0.3990049660205841,0.24762381613254547
YJR139C,YBR048W,0,-0.051971246,0.1393813043832779,0.3990049660205841,0.24772386252880096
YER173W,YGR188C,0,-0.05236541,0.1393328756093979,0.3990049660205841,0.24782390892505646
YDL229W,YML048W,0,-0.05253582,0.13928447663784027,0.3990049660205841,0.24792395532131195
YML085C,YGR156W,0,-0.052608926,0.13923610746860504,0.3990049660205841,0.24802401661872864
YDR279W,YKL109W,0,-0.052713487,0.1391877830028534,0.3990049660205841,0.24812406301498413
YJR060W,YHR011W,0,-0.05287155,0.13913948833942413,0.3990049660205841,0.24822410941123962
YPL091W,YJR029W,0,-0.053095344,0.13909122347831726,0.3990049660205841,0.24832415580749512
YDL192W,YBR122C,0,-0.05313814,0.13904298841953278,0.3990049660205841,0.2484242171049118
YEL017C-A,YMR163C,0,-0.053155955,0.13899479806423187,0.3990049660205841,0.2485242635011673
YDR279W,YLR287C-A,0,-0.053214166,0.13894663751125336,0.3990049660205841,0.2486243098974228
YFR006W,YDL146W,0,-0.0535593,0.13889850676059723,0.3990049660205841,0.24872435629367828
YEL015W,YIL126W,0,-0.053711373,0.13885042071342468,0.3990049660205841,0.24882441759109497
YOL138C,YLR008C,0,-0.05373997,0.13880234956741333,0.3990049660205841,0.24892446398735046
YDR036C,YOL139C,0,-0.053752977,0.13875432312488556,0.3990049660205841,0.24902451038360596
YJR059W,YNL096C,0,-0.053851444,0.13870632648468018,0.3990049660205841,0.24912455677986145
YGR123C,YPR073C,1,-0.05391236,0.1390041559934616,0.4000000059604645,0.24912455677986145
YDR510W,YOR221C,0,-0.05409508,0.13895609974861145,0.4000000059604645,0.24922461807727814
YDR320C,YGR189C,0,-0.05417492,0.13890808820724487,0.4000000059604645,0.24932466447353363
YGR159C,YDL195W,0,-0.05432679,0.13886010646820068,0.4000000059604645,0.24942471086978912
YFR041C,YKL179C,0,-0.054671157,0.13881215453147888,0.4000000059604645,0.24952475726604462
YDL069C,YGL084C,0,-0.05478299,0.13876423239707947,0.4000000059604645,0.2496248185634613
YDR532C,YMR088C,0,-0.05496614,0.13871635496616364,0.4000000059604645,0.2497248649597168
YDL007W,YOR337W,0,-0.0550212,0.1386685073375702,0.4000000059604645,0.2498249113559723
YPL017C,YPL028W,0,-0.055111546,0.13862068951129913,0.4000000059604645,0.24992495775222778
YKL140W,YDL019C,0,-0.055154596,0.13857290148735046,0.4000000059604645,0.2500250041484833
YDR326C,YPR108W,0,-0.055375908,0.13852515816688538,0.4000000059604645,0.25012505054473877
YDR279W,YDR387C,0,-0.055436734,0.13847742974758148,0.4000000059604645,0.25022512674331665
YPL019C,YPL060W,0,-0.055456612,0.13842974603176117,0.4000000059604645,0.25032517313957214
YPL186C,YOR217W,0,-0.055479247,0.13838210701942444,0.4000000059604645,0.25042521953582764
YMR298W,YCR098C,0,-0.055518616,0.1383344829082489,0.4000000059604645,0.25052526593208313
YDL024C,YJL098W,1,-0.05569299,0.13863089680671692,0.40099501609802246,0.25052526593208313
YCR040W,YPL153C,0,-0.055801634,0.1385832130908966,0.40099501609802246,0.2506253123283386
YOR151C,YJL065C,0,-0.055806145,0.13853557407855988,0.40099501609802246,0.2507253587245941
YPR036W,YNL135C,0,-0.056094576,0.13848797976970673,0.40099501609802246,0.2508254051208496
YNL049C,YJL158C,0,-0.056162316,0.13844040036201477,0.40099501609802246,0.2509254515171051
YCR098C,YOL005C,0,-0.056235332,0.1383928507566452,0.40099501609802246,0.2510254979133606
YMR307W,YDR071C,0,-0.056313995,0.13834534585475922,0.40099501609802246,0.2511255741119385
YIL150C,YOL030W,0,-0.05642061,0.13829787075519562,0.40099501609802246,0.25122562050819397
YJR145C,YEL058W,0,-0.056421343,0.1382504254579544,0.40099501609802246,0.25132566690444946
YNL310C,YOL002C,0,-0.0564698,0.13820302486419678,0.40099501609802246,0.25142571330070496
YDR236C,YNR001C,0,-0.056520104,0.13815563917160034,0.40099501609802246,0.25152575969696045
YML094W,YBR087W,0,-0.0566233,0.1381082981824875,0.40099501609802246,0.25162580609321594
YOR066W,YLR438C-A,0,-0.056660596,0.13806098699569702,0.40099501609802246,0.25172585248947144
YML054C,YBL060W,0,-0.056673136,0.13801370561122894,0.40099501609802246,0.25182589888572693
YJL170C,YDR520C,0,-0.056696076,0.13796645402908325,0.40099501609802246,0.2519259750843048
YOR332W,YGR076C,0,-0.056713287,0.13791923224925995,0.40099501609802246,0.2520260214805603
YGL035C,YBR273C,0,-0.056794602,0.13787205517292023,0.40099501609802246,0.2521260678768158
YKL034W,YOR217W,0,-0.0568063,0.1378248929977417,0.40099501609802246,0.2522261142730713
YCR020C,YBL023C,0,-0.05687659,0.13777777552604675,0.40099501609802246,0.2523261606693268
YNL149C,YBR122C,0,-0.05689827,0.1377306878566742,0.40099501609802246,0.2524262070655823
YKL059C,YER012W,0,-0.056901455,0.13768362998962402,0.40099501609802246,0.25252625346183777
YNL210W,YGR061C,0,-0.05691432,0.13763661682605743,0.40099501609802246,0.25262629985809326
YJR098C,YCL050C,0,-0.057002354,0.13758961856365204,0.40099501609802246,0.25272637605667114
YDL069C,YMR208W,0,-0.057003677,0.13754266500473022,0.40099501609802246,0.25282642245292664
YKL100C,YDR510W,0,-0.05700517,0.1374957412481308,0.40099501609802246,0.25292646884918213
YMR261C,YML100W,1,-0.057087768,0.13778990507125854,0.40199005603790283,0.25292646884918213
YCR020C,YER110C,0,-0.05715317,0.13774292171001434,0.40199005603790283,0.2530265152454376
YLR356W,YPL214C,0,-0.057317276,0.13769598305225372,0.40199005603790283,0.2531265616416931
YDR425W,YML070W,0,-0.057458688,0.1376490592956543,0.40199005603790283,0.2532266080379486
YOR201C,YFL029C,0,-0.057500493,0.13760218024253845,0.40199005603790283,0.2533266544342041
YDL099W,YPL214C,0,-0.057550285,0.137555330991745,0.40199005603790283,0.2534267008304596
YJL170C,YML085C,0,-0.05760782,0.13750851154327393,0.40199005603790283,0.2535267770290375
YNL046W,YBL074C,0,-0.057620123,0.13746172189712524,0.40199005603790283,0.25362682342529297
YHR086W,YGR006W,0,-0.05774081,0.13741496205329895,0.40199005603790283,0.25372686982154846
YMR080C,YBR009C,0,-0.05775421,0.13736824691295624,0.40199005603790283,0.25382691621780396
YLR286C,YGL155W,0,-0.057808388,0.13732154667377472,0.40199005603790283,0.25392696261405945
YDL164C,YMR289W,0,-0.057836793,0.13727489113807678,0.40199005603790283,0.25402700901031494
YML129C,YFL037W,0,-0.057929996,0.13722826540470123,0.40199005603790283,0.25412705540657043
YKR009C,YDL112W,0,-0.05802508,0.13718166947364807,0.40199005603790283,0.2542271018028259
YCR020C,YDR313C,0,-0.058171,0.1371351033449173,0.40199005603790283,0.2543271780014038
YDL164C,YDR130C,0,-0.058186974,0.1370885670185089,0.40199005603790283,0.2544272243976593
YGL205W,YLR306W,0,-0.058190946,0.1370420604944229,0.40199005603790283,0.2545272707939148
YPL123C,YOR246C,0,-0.05819993,0.1369955986738205,0.40199005603790283,0.2546273171901703
YER114C,YDR251W,0,-0.058233876,0.13694915175437927,0.40199005603790283,0.2547273635864258
YBR251W,YCL050C,0,-0.05826539,0.13690274953842163,0.40199005603790283,0.2548274099826813
YDL069C,YOL056W,0,-0.058571626,0.13685636222362518,0.40199005603790283,0.25492745637893677
YGL161C,YPL068C,0,-0.058571924,0.13681001961231232,0.40199005603790283,0.25502750277519226
YBR205W,YCR094W,0,-0.058594827,0.13676370680332184,0.40199005603790283,0.25512754917144775
YDR224C,YAL062W,0,-0.058615122,0.13671742379665375,0.40199005603790283,0.25522762537002563
YOR356W,YML088W,0,-0.058644127,0.13667117059230804,0.40199005603790283,0.25532767176628113
YLR201C,YLR357W,0,-0.058691267,0.13662496209144592,0.40199005603790283,0.2554277181625366
YBR092C,YER089C,1,-0.059114534,0.13691683113574982,0.4029850661754608,0.2554277181625366
YDR511W,YBR160W,0,-0.05915381,0.13687056303024292,0.4029850661754608,0.2555277645587921
YDL101C,YER173W,0,-0.059190635,0.1368243247270584,0.4029850661754608,0.2556278109550476
YBL010C,YNL012W,0,-0.059341896,0.1367781162261963,0.4029850661754608,0.2557278573513031
YJL170C,YKL179C,0,-0.05938603,0.13673193752765656,0.4029850661754608,0.2558279037475586
YDR096W,YLR237W,0,-0.05939487,0.1366857886314392,0.4029850661754608,0.2559279501438141
YBR123C,YER061C,0,-0.05944436,0.13663966953754425,0.4029850661754608,0.25602802634239197
YPL106C,YMR026C,0,-0.059459705,0.13659359514713287,0.4029850661754608,0.25612807273864746
YNR045W,YDL082W,0,-0.059615273,0.1365475356578827,0.4029850661754608,0.25622811913490295
YMR316W,YGR295C,0,-0.0596972,0.1365015208721161,0.4029850661754608,0.25632816553115845
YJR013W,YOR014W,0,-0.059856106,0.13645552098751068,0.4029850661754608,0.25642821192741394
YAL041W,YNL115C,0,-0.060008112,0.13640956580638885,0.4029850661754608,0.25652825832366943
YBR159W,YPL019C,0,-0.0600666,0.13636364042758942,0.4029850661754608,0.2566283047199249
YHR027C,YOR070C,0,-0.060096193,0.13631774485111237,0.4029850661754608,0.2567283511161804
YPR063C,YIL126W,0,-0.060367424,0.1362718641757965,0.4029850661754608,0.2568284273147583
YKL135C,YLR357W,0,-0.060476992,0.13622602820396423,0.4029850661754608,0.2569284737110138
YOR269W,YBR297W,0,-0.060522895,0.13618022203445435,0.4029850661754608,0.2570285201072693
YOR373W,YOR221C,0,-0.06078968,0.13613446056842804,0.4029850661754608,0.2571285665035248
YDL200C,YJL062W,0,-0.061026502,0.13608871400356293,0.4029850661754608,0.2572286128997803
YDR038C,YDR247W,0,-0.06103665,0.1360429972410202,0.4029850661754608,0.25732865929603577
YHR021C,YOR069W,0,-0.061146233,0.13599731028079987,0.4029850661754608,0.25742870569229126
YDR265W,YDL007W,0,-0.061386365,0.1359516680240631,0.4029850661754608,0.25752875208854675
YPR019W,YGL084C,0,-0.06148399,0.13590604066848755,0.4029850661754608,0.25762882828712463
YOL138C,YHL036W,0,-0.061521698,0.13586044311523438,0.4029850661754608,0.2577288746833801
YEL054C,YOR150W,0,-0.061527345,0.13581489026546478,0.4029850661754608,0.2578289210796356
YNL210W,YOL005C,0,-0.06153139,0.13576935231685638,0.4029850661754608,0.2579289674758911
YMR282C,YAR018C,0,-0.0616804,0.13572385907173157,0.4029850661754608,0.2580290138721466
YDR388W,YHL036W,0,-0.06175189,0.13567839562892914,0.4029850661754608,0.2581290602684021
YCL027W,YHR136C,0,-0.062064398,0.1356329470872879,0.4029850661754608,0.2582291066646576
YBR093C,YNL032W,1,-0.062084068,0.13592232763767242,0.4039801061153412,0.2582291066646576
YLR276C,YDL095W,0,-0.06226499,0.1358768343925476,0.4039801061153412,0.2583291530609131
YPR005C,YOR322C,0,-0.062343467,0.13583138585090637,0.4039801061153412,0.25842922925949097
YJR015W,YMR208W,0,-0.062391993,0.13578595221042633,0.4039801061153412,0.25852927565574646
YOR257W,YER056C-A,0,-0.06253788,0.13574054837226868,0.4039801061153412,0.25862932205200195
YDR242W,YNR007C,0,-0.06253865,0.1356951892375946,0.4039801061153412,0.25872936844825745
YER068W,YJR058C,0,-0.06257961,0.13564984500408173,0.4039801061153412,0.25882941484451294
YNL128W,YNL053W,1,-0.062815785,0.13593854010105133,0.40497511625289917,0.25882941484451294
YJL164C,YDR421W,0,-0.06295638,0.13589315116405487,0.40497511625289917,0.25892946124076843
YOR067C,YHL004W,0,-0.0629852,0.1358477920293808,0.40497511625289917,0.2590295076370239
YPL028W,YNL115C,0,-0.06302698,0.1358024626970291,0.40497511625289917,0.2591295540332794
YIR006C,YDR390C,0,-0.06314255,0.135757178068161,0.40497511625289917,0.2592296004295349
YBR022W,YML125C,0,-0.06314738,0.1357119083404541,0.40497511625289917,0.2593296766281128
YKL154W,YER061C,0,-0.063205466,0.13566666841506958,0.40497511625289917,0.2594297230243683
YMR233W,YEL013W,0,-0.063262895,0.13562145829200745,0.40497511625289917,0.2595297694206238
YPL144W,YMR256C,0,-0.06329101,0.1355762779712677,0.40497511625289917,0.2596298158168793
YER088C,YMR224C,0,-0.06336905,0.13553114235401154,0.40497511625289917,0.25972986221313477
YDR347W,YLR074C,0,-0.06348714,0.13548602163791656,0.40497511625289917,0.25982990860939026
YNL292W,YKR058W,0,-0.06350361,0.13544093072414398,0.40497511625289917,0.25992995500564575
YNL293W,YER087C-A,0,-0.063528776,0.1353958696126938,0.40497511625289917,0.26003000140190125
YGL190C,YLR433C,1,-0.063677296,0.13568340241909027,0.40597015619277954,0.26003000140190125
YLR188W,YDR044W,0,-0.06381962,0.1356382966041565,0.40597015619277954,0.2601300776004791
YHR092C,YGL031C,0,-0.06382006,0.1355932205915451,0.40597015619277954,0.2602301239967346
YMR211W,YEL002C,0,-0.06402378,0.1355481743812561,0.40597015619277954,0.2603301703929901
YPL206C,YLR099C,0,-0.06421594,0.1355031579732895,0.40597015619277954,0.2604302167892456
YJL065C,YNL217W,0,-0.06425024,0.13545817136764526,0.40597015619277954,0.2605302631855011
YDL188C,YIR026C,1,-0.064296916,0.135745108127594,0.4069651663303375,0.2605302631855011
YCR009C,YDL138W,0,-0.064386725,0.135700061917305,0.4069651663303375,0.2606303095817566
YOL152W,YAL012W,0,-0.064410836,0.13565506041049957,0.4069651663303375,0.2607303559780121
YDL006W,YKR030W,0,-0.06447369,0.13561007380485535,0.4069651663303375,0.2608304023742676
YAL020C,YER120W,0,-0.064680174,0.1355651319026947,0.4069651663303375,0.26093047857284546
YKL181W,YGL040C,0,-0.064735904,0.13552020490169525,0.4069651663303375,0.26103052496910095
YNL331C,YCR075C,0,-0.064738974,0.13547532260417938,0.4069651663303375,0.26113057136535645
YLR364W,YEL015W,0,-0.06487088,0.1354304701089859,0.4069651663303375,0.26123061776161194
YAL013W,YDR224C,0,-0.065400094,0.1353856325149536,0.4069651663303375,0.26133066415786743
YMR290C,YOR066W,0,-0.06571777,0.1353408396244049,0.4069651663303375,0.2614307105541229
YGR274C,YDR486C,0,-0.06576574,0.1352960616350174,0.4069651663303375,0.2615307569503784
YER091C,YIR037W,0,-0.06598179,0.13525132834911346,0.4069651663303375,0.2616308033466339
YNL222W,YPL228W,1,-0.06651944,0.13553719222545624,0.4079602062702179,0.2616308033466339
YHR028C,YGR101W,0,-0.066697106,0.13549239933490753,0.4079602062702179,0.2617308795452118
YNL077W,YMR109W,0,-0.06674677,0.1354476362466812,0.4079602062702179,0.2618309259414673
YIR012W,YFR015C,0,-0.06677087,0.13540290296077728,0.4079602062702179,0.2619309723377228
YHL040C,YOR092W,0,-0.066773966,0.13535819947719574,0.4079602062702179,0.26203101873397827
YGR241C,YOR044W,0,-0.06679602,0.13531352579593658,0.4079602062702179,0.26213106513023376
YAR015W,YER120W,0,-0.067045555,0.13526888191699982,0.4079602062702179,0.26223111152648926
YIL027C,YMR223W,0,-0.067175016,0.13522426784038544,0.4079602062702179,0.26233115792274475
YDR018C,YOR063W,0,-0.06734663,0.13517968356609344,0.4079602062702179,0.26243120431900024
YMR139W,YPL202C,0,-0.06745078,0.13513512909412384,0.4079602062702179,0.2625312805175781
YJL106W,YER113C,0,-0.067507654,0.13509060442447662,0.4079602062702179,0.2626313269138336
YHR028C,YHR036W,0,-0.067558214,0.1350461095571518,0.4079602062702179,0.2627313733100891
YBR105C,YDR534C,0,-0.06762834,0.13500164449214935,0.4079602062702179,0.2628314197063446
YDR358W,YPL143W,0,-0.06770153,0.1349572092294693,0.4079602062702179,0.2629314661026001
YNL039W,YLR304C,0,-0.067933485,0.13491280376911163,0.4079602062702179,0.2630315124988556
YGR154C,YPR021C,0,-0.06794937,0.13486842811107635,0.4079602062702179,0.2631315588951111
YDL143W,YNL158W,0,-0.06798804,0.13482406735420227,0.4079602062702179,0.2632316052913666
YDL006W,YLR139C,0,-0.06810632,0.13477975130081177,0.4079602062702179,0.26333165168762207
YDL101C,YPL202C,0,-0.068136945,0.13473546504974365,0.4079602062702179,0.26343172788619995
YBL103C,YOL133W,0,-0.068153664,0.13469119369983673,0.4079602062702179,0.26353177428245544
YNL291C,YGR002C,0,-0.06818141,0.1346469670534134,0.4079602062702179,0.26363182067871094
YJR013W,YLR008C,0,-0.06825088,0.13460275530815125,0.4079602062702179,0.26373186707496643
YGL224C,YFR028C,1,-0.06835213,0.13488677144050598,0.4089552164077759,0.26373186707496643
YDL188C,YBR125C,1,-0.068360135,0.1351706087589264,0.40995025634765625,0.26373186707496643
YJL158C,YNL289W,0,-0.06843078,0.1351262778043747,0.40995025634765625,0.2638319134712219
YER099C,YJR065C,0,-0.068441644,0.1350819617509842,0.40995025634765625,0.2639319598674774
YBL078C,YPR021C,0,-0.06844263,0.13503769040107727,0.40995025634765625,0.2640320062637329
YJL136C,YIR015W,0,-0.06849226,0.13499344885349274,0.40995025634765625,0.2641320526599884
YGL003C,YLR078C,0,-0.068583876,0.1349492371082306,0.40995025634765625,0.2642321288585663
YIL112W,YER089C,0,-0.06860794,0.13490504026412964,0.40995025634765625,0.2643321752548218
YHL044W,YLR079W,0,-0.068720505,0.13486088812351227,0.40995025634765625,0.26443222165107727
YHR025W,YFL037W,0,-0.06874837,0.1348167508840561,0.40995025634765625,0.26453226804733276
YML074C,YJL073W,0,-0.06876302,0.1347726583480835,0.40995025634765625,0.26463231444358826
YBR205W,YMR217W,0,-0.06877965,0.1347285807132721,0.40995025634765625,0.26473236083984375
YHR092C,YGR241C,0,-0.06887086,0.13468453288078308,0.40995025634765625,0.26483240723609924
YMR042W,YGL141W,0,-0.068978295,0.13464052975177765,0.40995025634765625,0.26493245363235474
YPL019C,YNL096C,0,-0.06900935,0.1345965415239334,0.40995025634765625,0.2650325298309326
YMR235C,YNR008W,0,-0.06931065,0.13455258309841156,0.40995025634765625,0.2651325762271881
YER111C,YIL101C,0,-0.06963168,0.1345086544752121,0.40995025634765625,0.2652326226234436
YJR015W,YDR387C,0,-0.06988798,0.13446475565433502,0.40995025634765625,0.2653326690196991
YDR248C,YOR369C,0,-0.069890514,0.13442088663578033,0.40995025634765625,0.2654327154159546
YEL013W,YBR156C,0,-0.06990899,0.13437703251838684,0.40995025634765625,0.2655327618122101
YER111C,YOR228C,0,-0.069954425,0.13433322310447693,0.40995025634765625,0.2656328082084656
YOL067C,YDL099W,0,-0.07000883,0.1342894434928894,0.40995025634765625,0.26573285460472107
YBR237W,YBR198C,0,-0.070099995,0.13424567878246307,0.40995025634765625,0.26583293080329895
YBR050C,YLL050C,0,-0.07015489,0.13420195877552032,0.40995025634765625,0.26593297719955444
YPL144W,YPR081C,0,-0.070155665,0.13415825366973877,0.40995025634765625,0.26603302359580994
YDL006W,YDL134C,1,-0.07044527,0.1344401091337204,0.41094526648521423,0.26603302359580994
YNL248C,YCR075C,0,-0.070477486,0.13439635932445526,0.41094526648521423,0.26613306999206543
YDR341C,YLR287C-A,0,-0.07048114,0.1343526393175125,0.41094526648521423,0.2662331163883209
YIL051C,YNL213C,0,-0.07056287,0.13430894911289215,0.41094526648521423,0.2663331627845764
YDR077W,YPR096C,0,-0.070642486,0.13426527380943298,0.41094526648521423,0.2664332091808319
YDL006W,YPL090C,0,-0.07066153,0.1342216432094574,0.41094526648521423,0.2665332555770874
YOL030W,YNL185C,0,-0.07074112,0.1341780424118042,0.41094526648521423,0.2666333019733429
YLR373C,YGL084C,0,-0.07081905,0.1341344565153122,0.41094526648521423,0.2667333781719208
YDR503C,YIL002C,1,-0.071006864,0.13441558182239532,0.4119403064250946,0.2667333781719208
YDR158W,YMR037C,0,-0.07104188,0.13437195122241974,0.4119403064250946,0.26683342456817627
YJL019W,YLR441C,0,-0.07142031,0.13432836532592773,0.4119403064250946,0.26693347096443176
YJL198W,YEL013W,0,-0.07151705,0.13428479433059692,0.4119403064250946,0.26703351736068726
YKL109W,YOR070C,0,-0.07164396,0.1342412382364273,0.4119403064250946,0.26713356375694275
YDL120W,YML077W,0,-0.07194601,0.13419772684574127,0.4119403064250946,0.26723361015319824
YMR217W,YDR069C,0,-0.07194772,0.13415424525737762,0.4119403064250946,0.26733365654945374
YPL059W,YDR231C,0,-0.07196699,0.13411079347133636,0.4119403064250946,0.26743370294570923
YJR143C,YPL038W,0,-0.07213986,0.1340673565864563,0.4119403064250946,0.2675337791442871
YLR418C,YKL059C,0,-0.072206885,0.13402394950389862,0.4119403064250946,0.2676338255405426
YOR356W,YGR279C,0,-0.07230753,0.13398058712482452,0.4119403064250946,0.2677338719367981
YKR062W,YGR123C,0,-0.07231064,0.13393723964691162,0.4119403064250946,0.2678339183330536
YNL301C,YNL015W,0,-0.072592124,0.1338939219713211,0.4119403064250946,0.2679339647293091
YMR087W,YOR014W,1,-0.07262395,0.1341739445924759,0.4129353165626526,0.2679339647293091
YOR124C,YNL039W,0,-0.0727025,0.1341305822134018,0.4129353165626526,0.2680340111255646
YOL152W,YMR285C,0,-0.072732136,0.1340872347354889,0.4129353165626526,0.26813405752182007
YDR107C,YMR188C,0,-0.072868735,0.13404393196105957,0.4129353165626526,0.26823410391807556
YDL019C,YNR040W,0,-0.07306479,0.13400064408779144,0.4129353165626526,0.26833418011665344
YPL271W,YDR086C,0,-0.07315813,0.1339573860168457,0.4129353165626526,0.26843422651290894
YBL054W,YGL084C,0,-0.073489234,0.13391417264938354,0.4129353165626526,0.26853427290916443
YDL127W,YOL123W,0,-0.07352759,0.13387097418308258,0.4129353165626526,0.2686343193054199
YNL086W,YOR175C,0,-0.073659316,0.1338277906179428,0.4129353165626526,0.2687343657016754
YMR023C,YAL003W,0,-0.073737636,0.13378465175628662,0.4129353165626526,0.2688344120979309
YJR139C,YDR056C,0,-0.07379235,0.13374154269695282,0.4129353165626526,0.2689344584941864
YGL173C,YIL171W,0,-0.073942795,0.1336984485387802,0.4129353165626526,0.2690345048904419
YDR376W,YBR105C,0,-0.074026614,0.1336553990840912,0.4129353165626526,0.2691345810890198
YOL067C,YDR313C,0,-0.07410194,0.13361236453056335,0.4129353165626526,0.26923462748527527
YDR358W,YGL191W,0,-0.07428686,0.1335693597793579,0.4129353165626526,0.26933467388153076
YER075C,YBR022W,1,-0.07447417,0.1338481307029724,0.41393035650253296,0.26933467388153076
YPL195W,YCR098C,0,-0.07451844,0.1338050812482834,0.41393035650253296,0.26943472027778625
YMR289W,YFL037W,0,-0.074550584,0.13376206159591675,0.41393035650253296,0.26953476667404175
YGL136C,YBR166C,0,-0.07463354,0.1337190568447113,0.41393035650253296,0.26963481307029724
YLL009C,YBR142W,0,-0.07465778,0.13367609679698944,0.41393035650253296,0.26973485946655273
YDR253C,YEL021W,0,-0.07467427,0.13363315165042877,0.41393035650253296,0.2698349058628082
YJR033C,YHR010W,0,-0.0747204,0.1335902363061905,0.41393035650253296,0.2699349820613861
YFR015C,YHR117W,0,-0.074942425,0.1335473507642746,0.41393035650253296,0.2700350284576416
YEL017C-A,YDR342C,0,-0.07513513,0.1335044950246811,0.41393035650253296,0.2701350748538971
YGL206C,YJR089W,0,-0.07514213,0.13346166908740997,0.41393035650253296,0.2702351212501526
YDL069C,YKR038C,0,-0.07522228,0.13341885805130005,0.41393035650253296,0.2703351676464081
YMR314W,YOL007C,0,-0.075260475,0.1333760768175125,0.41393035650253296,0.2704352140426636
YKL173W,YNL015W,0,-0.07529636,0.13333334028720856,0.41393035650253296,0.27053526043891907
YKL135C,YDR117C,0,-0.07536812,0.1332906186580658,0.41393035650253296,0.27063530683517456
YJR158W,YPL074W,0,-0.075420275,0.13324791193008423,0.41393035650253296,0.27073535323143005
YAL021C,YGR218W,0,-0.07545969,0.13320524990558624,0.41393035650253296,0.27083542943000793
YCR009C,YJL101C,0,-0.07560009,0.13316261768341064,0.41393035650253296,0.2709354758262634
YDL099W,YLR045C,0,-0.075602755,0.13312000036239624,0.41393035650253296,0.2710355222225189
YDR334W,YOR221C,0,-0.075872555,0.13307741284370422,0.41393035650253296,0.2711355686187744
YOL003C,YOL077C,0,-0.07594529,0.1330348551273346,0.41393035650253296,0.2712356150150299
YMR016C,YHR207C,0,-0.07603626,0.13299232721328735,0.41393035650253296,0.2713356614112854
YPL022W,YDR055W,0,-0.07604304,0.1329498291015625,0.41393035650253296,0.2714357078075409
YNR027W,YGL136C,0,-0.07617301,0.13290734589099884,0.41393035650253296,0.2715357542037964
YKR053C,YNL325C,1,-0.07634561,0.1331842839717865,0.41492536664009094,0.2715357542037964
YDR117C,YOR067C,0,-0.07643272,0.13314175605773926,0.41492536664009094,0.27163583040237427
YDL127W,YGL123W,0,-0.07648291,0.1330992728471756,0.41492536664009094,0.27173587679862976
YKL034W,YFR007W,0,-0.07660492,0.13305678963661194,0.41492536664009094,0.27183592319488525
YLR090W,YBR273C,0,-0.076641545,0.13301435112953186,0.41492536664009094,0.27193596959114075
YCR096C,YJL190C,0,-0.07684739,0.13297194242477417,0.41492536664009094,0.27203601598739624
YOR047C,YPL195W,0,-0.07698567,0.13292954862117767,0.41492536664009094,0.27213606238365173
YKL152C,YCR079W,1,-0.076998204,0.1332058608531952,0.4159204065799713,0.27213606238365173
YDR511W,YHL036W,0,-0.077132866,0.1331634223461151,0.4159204065799713,0.2722361087799072
YFR037C,YMR223W,0,-0.07728173,0.13312101364135742,0.4159204065799713,0.2723361551761627
YPL091W,YDR247W,0,-0.07730761,0.13307863473892212,0.4159204065799713,0.2724362313747406
YMR247C,YBR035C,0,-0.07738589,0.1330362856388092,0.4159204065799713,0.2725362777709961
YAL035W,YOL149W,0,-0.07757434,0.13299395143985748,0.4159204065799713,0.2726363241672516
YMR208W,YCR075C,0,-0.07758455,0.13295164704322815,0.4159204065799713,0.2727363705635071
YDR466W,YNL101W,0,-0.07768597,0.1329093873500824,0.4159204065799713,0.2728364169597626
YPR168W,YLR099C,0,-0.07792868,0.13286712765693665,0.4159204065799713,0.27293646335601807
YCR081W,YGR220C,0,-0.078134865,0.13282491266727448,0.4159204065799713,0.27303650975227356
YGL119W,YGR154C,0,-0.07825233,0.1327827125787735,0.4159204065799713,0.27313655614852905
YGR029W,YEL017C-A,0,-0.07829036,0.1327405571937561,0.4159204065799713,0.27323663234710693
YKR062W,YHR092C,0,-0.07831274,0.1326984167098999,0.4159204065799713,0.2733366787433624
YBR286W,YBL030C,0,-0.07831459,0.1326563060283661,0.4159204065799713,0.2734367251396179
YML054C,YDR329C,0,-0.07840891,0.13261421024799347,0.4159204065799713,0.2735367715358734
YER083C,YOR391C,0,-0.078639284,0.13257215917110443,0.4159204065799713,0.2736368179321289
YCR079W,YDR284C,1,-0.07868342,0.13284717500209808,0.4169154167175293,0.2736368179321289
YDL200C,YPR028W,0,-0.07877833,0.13280506432056427,0.4169154167175293,0.2737368643283844
YPL091W,YER133W,0,-0.07893181,0.13276299834251404,0.4169154167175293,0.2738369107246399
YCR020C,YNR022C,0,-0.07929739,0.1327209323644638,0.4169154167175293,0.2739369571208954
YDL229W,YIR006C,0,-0.07932015,0.13267891108989716,0.4169154167175293,0.27403703331947327
YPR063C,YOL072W,0,-0.079397246,0.1326369047164917,0.4169154167175293,0.27413707971572876
YDR501W,YPL028W,0,-0.07943596,0.13259494304656982,0.4169154167175293,0.27423712611198425
YJL157C,YHR086W,0,-0.07948765,0.13255299627780914,0.4169154167175293,0.27433717250823975
YHR046C,YKR053C,1,-0.07958883,0.13282732665538788,0.41791045665740967,0.27433717250823975
YNL293W,YJL165C,0,-0.07958947,0.13278533518314362,0.41791045665740967,0.27443721890449524
YLR238W,YOR221C,0,-0.07962465,0.13274335861206055,0.41791045665740967,0.27453726530075073
YLR238W,YCR077C,0,-0.07965584,0.13270142674446106,0.41791045665740967,0.2746373116970062
YJL097W,YML115C,0,-0.07969567,0.13265950977802277,0.41791045665740967,0.2747373580932617
YGR006W,YJR059W,0,-0.07969953,0.13261762261390686,0.41791045665740967,0.2748374044895172
YGL009C,YAL021C,0,-0.07976079,0.13257575035095215,0.41791045665740967,0.2749374806880951
YDL144C,YER180C,0,-0.079847366,0.13253392279148102,0.41791045665740967,0.2750375270843506
YDL210W,YJL019W,0,-0.079978466,0.13249211013317108,0.41791045665740967,0.2751375734806061
YJR033C,YJR075W,0,-0.080117635,0.13245032727718353,0.41791045665740967,0.2752376198768616
YER174C,YHR013C,0,-0.08019231,0.13240857422351837,0.41791045665740967,0.27533766627311707
YOR356W,YDR393W,0,-0.08038786,0.1323668509721756,0.41791045665740967,0.27543771266937256
YDR487C,YJL101C,0,-0.08046754,0.13232514262199402,0.41791045665740967,0.27553775906562805
YIR036C,YER044C,0,-0.08048509,0.13228346407413483,0.41791045665740967,0.27563780546188354
YIR014W,YGL003C,0,-0.08058125,0.13224181532859802,0.41791045665740967,0.2757378816604614
YGL035C,YGR086C,0,-0.08059247,0.1322001814842224,0.41791045665740967,0.2758379280567169
YER091C,YLR433C,0,-0.08062157,0.13215859234333038,0.41791045665740967,0.2759379744529724
YDR503C,YJL134W,1,-0.08062811,0.13243158161640167,0.41890546679496765,0.2759379744529724
YMR166C,YCR094W,0,-0.080632076,0.13238993287086487,0.41890546679496765,0.2760380208492279
YDL033C,YPL202C,0,-0.08068952,0.13234831392765045,0.41890546679496765,0.2761380672454834
YNR001C,YKR050W,0,-0.08079676,0.13230672478675842,0.41890546679496765,0.2762381136417389
YMR287C,YNL039W,0,-0.0808202,0.13226516544818878,0.41890546679496765,0.2763381600379944
YNL331C,YBL082C,0,-0.08082187,0.13222362101078033,0.41890546679496765,0.2764382064342499
YGL137W,YLR343W,0,-0.0812739,0.13218210637569427,0.41890546679496765,0.27653828263282776
YDR065W,YPL155C,0,-0.08128922,0.1321406215429306,0.41890546679496765,0.27663832902908325
YBL064C,YDR166C,0,-0.081319556,0.13209915161132812,0.41890546679496765,0.27673837542533875
YLR207W,YNL268W,0,-0.081348345,0.13205771148204803,0.41890546679496765,0.27683842182159424
YGL213C,YDR069C,0,-0.08142148,0.13201630115509033,0.41890546679496765,0.27693846821784973
YOR167C,YIL145C,0,-0.081467465,0.13197492063045502,0.41890546679496765,0.2770385146141052
YPL179W,YOR109W,1,-0.08147597,0.1322469413280487,0.419900506734848,0.2770385146141052
YOL103W,YPL111W,0,-0.081504166,0.1322055160999298,0.419900506734848,0.2771385610103607
YDR363W-A,YPR021C,0,-0.0815845,0.1321641057729721,0.419900506734848,0.2772386074066162
YGR006W,YMR071C,0,-0.0817195,0.1321227252483368,0.419900506734848,0.2773386836051941
YBL106C,YGR279C,0,-0.08174139,0.13208137452602386,0.419900506734848,0.2774387300014496
YNL128W,YDR074W,1,-0.08175163,0.13235294818878174,0.420895516872406,0.2774387300014496
YGL178W,YDL109C,0,-0.08175801,0.13231153786182404,0.420895516872406,0.2775387763977051
YER083C,YML074C,0,-0.08182289,0.13227017223834991,0.420895516872406,0.27763882279396057
YPR081C,YPL202C,0,-0.08184694,0.132228821516037,0.420895516872406,0.27773886919021606
YML018C,YNL129W,0,-0.08219157,0.13218750059604645,0.420895516872406,0.27783891558647156
YCR004C,YLR139C,0,-0.082303196,0.1321462094783783,0.420895516872406,0.27793896198272705
YER114C,YBL021C,0,-0.082305625,0.13210493326187134,0.420895516872406,0.27803900837898254
YBR022W,YNL268W,0,-0.08266144,0.13206368684768677,0.420895516872406,0.27813905477523804
YDR224C,YNL115C,0,-0.08268145,0.13202247023582458,0.420895516872406,0.2782391309738159
YGR063C,YLR433C,0,-0.08269273,0.1319812834262848,0.420895516872406,0.2783391773700714
YMR285C,YHR010W,0,-0.082707,0.1319401115179062,0.420895516872406,0.2784392237663269
YER120W,YBL021C,0,-0.08275804,0.13189896941184998,0.420895516872406,0.2785392701625824
YDL080C,YMR086W,0,-0.08290644,0.13185785710811615,0.420895516872406,0.2786393165588379
YLL009C,YKL028W,0,-0.08292553,0.13181675970554352,0.420895516872406,0.2787393629550934
YIL125W,YJR135C,0,-0.0829999,0.13177570700645447,0.420895516872406,0.2788394093513489
YGR124W,YPL103C,0,-0.083015636,0.1317346692085266,0.420895516872406,0.27893945574760437
YLL050C,YGR286C,0,-0.083170846,0.13169364631175995,0.420895516872406,0.27903953194618225
YOR070C,YMR071C,0,-0.08334516,0.13165266811847687,0.420895516872406,0.27913957834243774
YNL330C,YPL194W,0,-0.0833949,0.13161170482635498,0.420895516872406,0.27923962473869324
YGR026W,YKL108W,0,-0.08340648,0.1315707564353943,0.420895516872406,0.27933967113494873
YOR332W,YOL019W,0,-0.08375786,0.13152985274791718,0.420895516872406,0.2794397175312042
YDR456W,YOL147C,0,-0.084013104,0.13148896396160126,0.420895516872406,0.2795397639274597
YDR071C,YMR223W,0,-0.084068365,0.13144810497760773,0.420895516872406,0.2796398103237152
YLR373C,YHR147C,0,-0.08413841,0.13140727579593658,0.420895516872406,0.2797398567199707
YDR531W,YBR273C,0,-0.08416873,0.13136646151542664,0.420895516872406,0.2798399329185486
YOR155C,YPL258C,0,-0.08425823,0.13132567703723907,0.420895516872406,0.2799399793148041
YBR036C,YOR374W,0,-0.0842614,0.1312849223613739,0.420895516872406,0.28004002571105957
YDL047W,YOR109W,1,-0.08440551,0.13155445456504822,0.4218905568122864,0.28004002571105957
YNL112W,YJR045C,0,-0.0845561,0.13151364028453827,0.4218905568122864,0.28014007210731506
YJL080C,YLR078C,0,-0.08459622,0.1314728707075119,0.4218905568122864,0.28024011850357056
YLR121C,YPL092W,0,-0.08466743,0.13143211603164673,0.4218905568122864,0.28034016489982605
YBL106C,YNL146W,0,-0.08477798,0.13139139115810394,0.4218905568122864,0.28044021129608154
YDR018C,YOR246C,0,-0.0848186,0.13135068118572235,0.4218905568122864,0.28054025769233704
YGL089C,YER096W,0,-0.08483553,0.13131000101566315,0.4218905568122864,0.2806403338909149
YGL210W,YBR035C,0,-0.08520275,0.13126935064792633,0.4218905568122864,0.2807403802871704
YPR098C,YGR063C,0,-0.08525057,0.1312287151813507,0.4218905568122864,0.2808404266834259
YGL128C,YNL007C,0,-0.08535129,0.13118812441825867,0.4218905568122864,0.2809404730796814
YNL039W,YGR037C,0,-0.08537777,0.13114753365516663,0.4218905568122864,0.2810405194759369
YDL190C,YKL056C,0,-0.085397154,0.13110698759555817,0.4218905568122864,0.2811405658721924
YCR081W,YPR047W,0,-0.085446075,0.1310664564371109,0.4218905568122864,0.2812406122684479
YHR076W,YDL236W,1,-0.08552879,0.13133497536182404,0.42288556694984436,0.2812406122684479
YOR116C,YDR529C,0,-0.08559792,0.13129441440105438,0.42288556694984436,0.28134065866470337
YDR014W,YNL149C,0,-0.08562933,0.13125385344028473,0.42288556694984436,0.28144073486328125
YNL128W,YML057W,1,-0.08569325,0.131522074341774,0.42388060688972473,0.28144073486328125
YIL172C,YOR155C,0,-0.08575776,0.13148148357868195,0.42388060688972473,0.28154078125953674
YDL138W,YIL126W,0,-0.08580455,0.1314409077167511,0.42388060688972473,0.28164082765579224
YGR156W,YEL021W,0,-0.08588712,0.13140037655830383,0.42388060688972473,0.28174087405204773
YIL090W,YDR436W,0,-0.085900724,0.13135984539985657,0.42388060688972473,0.2818409204483032
YNL135C,YDR031W,0,-0.08596124,0.13131935894489288,0.42388060688972473,0.2819409668445587
YMR156C,YNL217W,1,-0.08606286,0.13158705830574036,0.4248756170272827,0.2819409668445587
YOL003C,YKL010C,0,-0.08609076,0.1315465122461319,0.4248756170272827,0.2820410132408142
YKL179C,YJL189W,0,-0.08616279,0.13150601089000702,0.4248756170272827,0.2821410596370697
YIL084C,YIL124W,0,-0.086294085,0.13146552443504333,0.4248756170272827,0.2822411060333252
YLR045C,YGL031C,0,-0.086395964,0.13142505288124084,0.4248756170272827,0.2823411822319031
YGL229C,YNL325C,1,-0.08647506,0.1316923052072525,0.4258706569671631,0.2823411822319031
YHR021C,YBR231C,0,-0.08652972,0.13165180385112762,0.4258706569671631,0.28244122862815857
YGR009C,YER184C,0,-0.08654015,0.13161131739616394,0.4258706569671631,0.28254127502441406
YER099C,YOL092W,0,-0.08663376,0.13157086074352264,0.4258706569671631,0.28264132142066956
YHR207C,YOL019W,0,-0.08667202,0.13153041899204254,0.4258706569671631,0.28274136781692505
YNL077W,YDR118W,0,-0.086684704,0.13149002194404602,0.4258706569671631,0.28284141421318054
YLR418C,YGR001C,0,-0.086690724,0.1314496248960495,0.4258706569671631,0.28294146060943604
YOR288C,YLR120C,0,-0.08683999,0.13140927255153656,0.4258706569671631,0.28304150700569153
YDR022C,YNL280C,0,-0.08685996,0.13136893510818481,0.4258706569671631,0.2831415832042694
YLR078C,YDL095W,0,-0.08704722,0.13132862746715546,0.4258706569671631,0.2832416296005249
YGR054W,YDR326C,0,-0.087121695,0.1312883496284485,0.4258706569671631,0.2833416759967804
YDR046C,YNL101W,0,-0.08716385,0.1312480866909027,0.4258706569671631,0.2834417223930359
YIL084C,YOR242C,0,-0.08718045,0.13120785355567932,0.4258706569671631,0.2835417687892914
YDR065W,YPL028W,0,-0.087216154,0.13116763532161713,0.4258706569671631,0.2836418151855469
YJL108C,YKR009C,0,-0.08721863,0.13112744688987732,0.4258706569671631,0.28374186158180237
YFR015C,YOR270C,0,-0.087357804,0.1310872882604599,0.4258706569671631,0.28384190797805786
YJL125C,YDR069C,0,-0.08751534,0.13104715943336487,0.4258706569671631,0.28394198417663574
YCR009C,YNL188W,0,-0.08755848,0.13100704550743103,0.4258706569671631,0.28404203057289124
YMR233W,YIL090W,0,-0.08763765,0.1309669464826584,0.4258706569671631,0.28414207696914673
YOR288C,YGL031C,0,-0.087668985,0.13092689216136932,0.4258706569671631,0.2842421233654022
YHR089C,YMR198W,0,-0.08802293,0.13088685274124146,0.4258706569671631,0.2843421697616577
YCL059C,YER020W,0,-0.08818801,0.13084684312343597,0.4258706569671631,0.2844422161579132
YFR041C,YKL021C,0,-0.088335186,0.1308068484067917,0.4258706569671631,0.2845422625541687
YEL065W,YDR251W,0,-0.0883418,0.1307668834924698,0.4258706569671631,0.2846423089504242
YLR142W,YDR101C,0,-0.08838503,0.13072693347930908,0.4258706569671631,0.2847423851490021
YIL145C,YDR054C,0,-0.088401064,0.13068702816963196,0.4258706569671631,0.28484243154525757
YDR033W,YGR116W,0,-0.088447824,0.13064713776111603,0.4258706569671631,0.28494247794151306
YDR126W,YGR156W,0,-0.08849725,0.1306072622537613,0.4258706569671631,0.28504252433776855
YCR077C,YCR075C,0,-0.08857489,0.13056741654872894,0.4258706569671631,0.28514257073402405
YGR009C,YPL060W,0,-0.08861855,0.13052760064601898,0.4258706569671631,0.28524261713027954
YBR050C,YGR188C,0,-0.08866956,0.13048779964447021,0.4258706569671631,0.28534266352653503
YDR481C,YHR043C,1,-0.08870582,0.1307528167963028,0.42686566710472107,0.28534266352653503
YGR104C,YHR089C,0,-0.08872981,0.13071298599243164,0.42686566710472107,0.2854427099227905
YJR065C,YNL191W,0,-0.08889817,0.13067317008972168,0.42686566710472107,0.2855427861213684
YOR308C,YER096W,0,-0.088936076,0.1306333690881729,0.42686566710472107,0.2856428325176239
YOR046C,YIR002C,0,-0.08894935,0.13059361279010773,0.42686566710472107,0.2857428789138794
YGL021W,YBR035C,0,-0.08896439,0.13055387139320374,0.42686566710472107,0.2858429253101349
YER095W,YNR061C,0,-0.088993475,0.13051414489746094,0.42686566710472107,0.2859429717063904
YPL074W,YCL066W,0,-0.08903266,0.13047444820404053,0.42686566710472107,0.2860430181026459
YGL137W,YPL258C,0,-0.08905445,0.1304347813129425,0.42686566710472107,0.28614306449890137
YDL047W,YGR123C,1,-0.08913849,0.13069908320903778,0.42786070704460144,0.28614306449890137
YKL178C,YER007W,0,-0.08916144,0.13065937161445618,0.42786070704460144,0.28624311089515686
YJR145C,YKL059C,0,-0.0891771,0.13061968982219696,0.42786070704460144,0.28634315729141235
YJR033C,YPR073C,0,-0.08929053,0.13058002293109894,0.42786070704460144,0.28644323348999023
YDR075W,YFR025C,1,-0.08936218,0.13084395229816437,0.4288557171821594,0.28644323348999023
YML048W,YJR126C,0,-0.08943747,0.13080425560474396,0.4288557171821594,0.2865432798862457
YDR320C,YLR120C,0,-0.08952613,0.13076455891132355,0.4288557171821594,0.2866433262825012
YIL034C,YMR204C,0,-0.08955206,0.13072490692138672,0.4288557171821594,0.2867433726787567
YPR156C,YNL135C,0,-0.08961578,0.13068526983261108,0.4288557171821594,0.2868434190750122
YBR050C,YGR295C,0,-0.08964853,0.13064564764499664,0.4288557171821594,0.2869434654712677
YLR048W,YHR086W,0,-0.08967148,0.1306060552597046,0.4288557171821594,0.2870435118675232
YJL048C,YJR001W,0,-0.08981116,0.13056649267673492,0.4288557171821594,0.2871435582637787
YJL048C,YDR251W,0,-0.089946344,0.13052695989608765,0.4288557171821594,0.28724363446235657
YDR038C,YGR002C,0,-0.09003347,0.13048744201660156,0.4288557171821594,0.28734368085861206
YNL207W,YPL159C,0,-0.09012462,0.13044793903827667,0.4288557171821594,0.28744372725486755
YMR316W,YHR013C,0,-0.09014036,0.13040846586227417,0.4288557171821594,0.28754377365112305
YKR061W,YHL004W,0,-0.09023747,0.13036902248859406,0.4288557171821594,0.28764382004737854
YDR074W,YPL060W,0,-0.09039377,0.13032960891723633,0.4288557171821594,0.28774386644363403
YHR116W,YML063W,0,-0.09041232,0.1302902102470398,0.4288557171821594,0.2878439128398895
YDR011W,YDR117C,0,-0.090426296,0.13025082647800446,0.4288557171821594,0.287943959236145
YDR012W,YMR163C,0,-0.0905647,0.1302114874124527,0.4288557171821594,0.2880440354347229
YDL033C,YBL090W,0,-0.09057762,0.13017214834690094,0.4288557171821594,0.2881440818309784
YER089C,YJL155C,1,-0.0905865,0.1304347813129425,0.4298507571220398,0.2881440818309784
YDR532C,YBL069W,0,-0.090611234,0.13039541244506836,0.4298507571220398,0.2882441282272339
YDR022C,YMR285C,0,-0.09064765,0.1303560584783554,0.4298507571220398,0.2883441746234894
YBR022W,YPL228W,1,-0.0907536,0.1306184083223343,0.4308457672595978,0.2883441746234894
YLR038C,YBR299W,0,-0.09088944,0.13057900965213776,0.4308457672595978,0.2884442210197449
YJL158C,YPR108W,0,-0.09099595,0.1305396407842636,0.4308457672595978,0.28854426741600037
YNR027W,YBR035C,0,-0.0910089,0.13050030171871185,0.4308457672595978,0.28864431381225586
YKL010C,YBR164C,0,-0.09106229,0.1304609775543213,0.4308457672595978,0.28874436020851135
YIL125W,YPL103C,0,-0.091087505,0.1304216831922531,0.4308457672595978,0.28884443640708923
YKL135C,YBR058C,0,-0.09130877,0.13038241863250732,0.4308457672595978,0.2889444828033447
YDR013W,YIL039W,0,-0.091338396,0.13034316897392273,0.4308457672595978,0.2890445291996002
YIR012W,YPR081C,0,-0.091538414,0.13030394911766052,0.4308457672595978,0.2891445755958557
YNL330C,YDR270W,0,-0.091769025,0.1302647441625595,0.4308457672595978,0.2892446219921112
YLL011W,YOR131C,0,-0.09185436,0.13022556900978088,0.4308457672595978,0.2893446683883667
YBL103C,YDL127W,0,-0.091927245,0.13018640875816345,0.4308457672595978,0.2894447147846222
YFR037C,YDR495C,0,-0.09201062,0.1301472783088684,0.4308457672595978,0.2895447611808777
YOR175C,YJR016C,0,-0.09215745,0.13010817766189575,0.4308457672595978,0.2896448075771332
YHR031C,YML018C,0,-0.0922292,0.1300690919160843,0.4308457672595978,0.28974488377571106
YLR192C,YHR044C,0,-0.09226622,0.13003003597259521,0.4308457672595978,0.28984493017196655
YDR038C,YHR117W,0,-0.09231433,0.12999099493026733,0.4308457672595978,0.28994497656822205
YDR334W,YHR140W,0,-0.09244464,0.12995198369026184,0.4308457672595978,0.29004502296447754
YPL195W,YPL157W,0,-0.09253806,0.12991298735141754,0.4308457672595978,0.29014506936073303
YER027C,YOL139C,0,-0.09283443,0.12987402081489563,0.4308457672595978,0.2902451157569885
YLR154C,YOL019W,0,-0.09283547,0.1298350840806961,0.4308457672595978,0.290345162153244
YOL003C,YPL195W,0,-0.0929122,0.12979616224765778,0.4308457672595978,0.2904452085494995
YPR005C,YPL090C,0,-0.09292863,0.12975727021694183,0.4308457672595978,0.2905452847480774
YGR054W,YCR037C,0,-0.09300794,0.12971839308738708,0.4308457672595978,0.2906453311443329
YAR015W,YJR139C,0,-0.09321281,0.12967954576015472,0.4308457672595978,0.2907453775405884
YLR097C,YDR510W,0,-0.093370736,0.12964071333408356,0.4308457672595978,0.29084542393684387
YPR073C,YNL053W,1,-0.09347539,0.1299012303352356,0.43184080719947815,0.29084542393684387
YDR436W,YPL228W,1,-0.09349941,0.1301615834236145,0.43283581733703613,0.29084542393684387
YLR126C,YDR421W,0,-0.09369582,0.13012264668941498,0.43283581733703613,0.29094547033309937
YLR427W,YHL032C,0,-0.09370884,0.13008372485637665,0.43283581733703613,0.29104551672935486
YIL125W,YDL144C,0,-0.09375709,0.1300448477268219,0.43283581733703613,0.29114556312561035
YER114C,YDR038C,0,-0.093900144,0.13000597059726715,0.43283581733703613,0.29124560952186584
YBR156C,YJR068W,0,-0.09399304,0.12996713817119598,0.43283581733703613,0.2913456857204437
YJR016C,YKR058W,0,-0.09402855,0.129928320646286,0.43283581733703613,0.2914457321166992
YGL178W,YJL008C,0,-0.09413923,0.12988951802253723,0.43283581733703613,0.2915457785129547
YHR031C,YNL015W,0,-0.09418596,0.12985074520111084,0.43283581733703613,0.2916458249092102
YLL009C,YLR120C,0,-0.094325945,0.12981200218200684,0.43283581733703613,0.2917458713054657
YDL188C,YNL053W,1,-0.094366774,0.13007159531116486,0.4338308572769165,0.2917458713054657
YBL103C,YAL034W-A,0,-0.09464805,0.13003280758857727,0.4338308572769165,0.2918459177017212
YLR040C,YKL059C,0,-0.09477325,0.12999403476715088,0.4338308572769165,0.2919459640979767
YOR131C,YML100W,1,-0.09480356,0.1302533596754074,0.4348258674144745,0.2919459640979767
YML042W,YML060W,0,-0.09480962,0.13021454215049744,0.4348258674144745,0.2920460104942322
YBL021C,YDR166C,0,-0.094828025,0.13017575442790985,0.4348258674144745,0.29214608669281006
YMR256C,YDR483W,0,-0.094879314,0.13013698160648346,0.4348258674144745,0.29224613308906555
YDR247W,YLR381W,0,-0.0948924,0.13009823858737946,0.4348258674144745,0.29234617948532104
YCR040W,YER051W,0,-0.09490503,0.13005952537059784,0.4348258674144745,0.29244622588157654
YDR388W,YOL018C,0,-0.09511022,0.13002082705497742,0.4348258674144745,0.29254627227783203
YOL152W,YIR009W,0,-0.09542288,0.12998215854167938,0.4348258674144745,0.2926463186740875
YJL136C,YDR322W,0,-0.095613554,0.12994350492954254,0.4348258674144745,0.292746365070343
YLR142W,YBR055C,0,-0.09564556,0.1299048811197281,0.4348258674144745,0.2928464114665985
YOR174W,YML063W,0,-0.09578733,0.12986627221107483,0.4348258674144745,0.2929464876651764
YJR016C,YGR035C,0,-0.09583913,0.12982769310474396,0.4348258674144745,0.2930465340614319
YNL291C,YJR076C,0,-0.09584583,0.12978912889957428,0.4348258674144745,0.2931465804576874
YNL306W,YER126C,0,-0.09584881,0.129750594496727,0.4348258674144745,0.29324662685394287
YJR094W-A,YGR262C,0,-0.095946416,0.1297120749950409,0.4348258674144745,0.29334667325019836
YFL029C,YOR228C,0,-0.09598765,0.12967358529567719,0.4348258674144745,0.29344671964645386
YCR020C,YMR080C,0,-0.09599537,0.12963512539863586,0.4348258674144745,0.29354676604270935
YBR286W,YDR126W,0,-0.09604886,0.12959668040275574,0.4348258674144745,0.29364681243896484
YGL191W,YIL084C,0,-0.09612654,0.1295582503080368,0.4348258674144745,0.29374685883522034
YER096W,YAL003W,0,-0.09624939,0.12951986491680145,0.4348258674144745,0.2938469350337982
YJL164C,YGL059W,0,-0.096305594,0.1294814795255661,0.4348258674144745,0.2939469814300537
YNL217W,YDR287W,1,-0.096309915,0.12973932921886444,0.43582090735435486,0.2939469814300537
YGR101W,YBR214W,0,-0.09650038,0.1297009140253067,0.43582090735435486,0.2940470278263092
YDR265W,YOR326W,0,-0.09655444,0.12966252863407135,0.43582090735435486,0.2941470742225647
YML104C,YDR169C,0,-0.096569836,0.129624143242836,0.43582090735435486,0.2942471206188202
YJL046W,YDR096W,0,-0.09720904,0.12958580255508423,0.43582090735435486,0.2943471670150757
YKR062W,YER113C,0,-0.09729257,0.12954747676849365,0.43582090735435486,0.2944472134113312
YLR170C,YIL136W,0,-0.09732826,0.12950916588306427,0.43582090735435486,0.29454725980758667
YLR419W,YGR279C,0,-0.09733051,0.12947088479995728,0.43582090735435486,0.29464733600616455
YGR263C,YGL090W,0,-0.09744409,0.12943261861801147,0.43582090735435486,0.29474738240242004
YKL089W,YGL123W,0,-0.09755491,0.12939438223838806,0.43582090735435486,0.29484742879867554
YDL108W,YER091C,0,-0.09756528,0.12935617566108704,0.43582090735435486,0.29494747519493103
YHR215W,YMR303C,0,-0.09761025,0.1293179839849472,0.43582090735435486,0.2950475215911865
YDR242W,YMR037C,0,-0.0976305,0.12927980720996857,0.43582090735435486,0.295147567987442
YDR466W,YOR063W,0,-0.097651154,0.12924166023731232,0.43582090735435486,0.2952476143836975
YEL059C-A,YDR158W,0,-0.09794502,0.12920354306697845,0.43582090735435486,0.295347660779953
YKR053C,YKL212W,1,-0.098090306,0.12946033477783203,0.43681591749191284,0.295347660779953
YJR029W,YIL101C,0,-0.09811209,0.1294221729040146,0.43681591749191284,0.2954477369785309
YLR345W,YAL016W,1,-0.09817901,0.12967875599861145,0.4378109574317932,0.2954477369785309
YIL109C,YBL093C,0,-0.09824674,0.12964054942131042,0.4378109574317932,0.2955477833747864
YMR016C,YBR122C,0,-0.0983741,0.1296023577451706,0.4378109574317932,0.29564782977104187
YCR047C,YDR231C,0,-0.098594904,0.12956419587135315,0.4378109574317932,0.29574787616729736
YAL020C,YJL062W,0,-0.09863062,0.1295260488986969,0.4378109574317932,0.29584792256355286
YDR341C,YNL049C,0,-0.09864682,0.12948793172836304,0.4378109574317932,0.29594796895980835
YNL217W,YNL222W,1,-0.09873243,0.1297440379858017,0.4388059675693512,0.29594796895980835
YLR345W,YOR155C,1,-0.098848656,0.12999999523162842,0.43980100750923157,0.29594796895980835
YOL019W,YOR211C,0,-0.09910607,0.1299617737531662,0.43980100750923157,0.29604801535606384
YOR288C,YIL051C,0,-0.09913647,0.12992356717586517,0.43980100750923157,0.29614806175231934
YLL013C,YBL075C,0,-0.099267825,0.12988539040088654,0.43980100750923157,0.2962481379508972
YIL072W,YCR053W,0,-0.09935318,0.12984724342823029,0.43980100750923157,0.2963481843471527
YMR086W,YPR032W,0,-0.09937909,0.12980911135673523,0.43980100750923157,0.2964482307434082
YOR090C,YIL002C,1,-0.09946418,0.13006459176540375,0.44079601764678955,0.2964482307434082
YBR185C,YMR204C,0,-0.099754944,0.1300264149904251,0.44079601764678955,0.2965482771396637
YHR171W,YHR186C,0,-0.09992191,0.12998826801776886,0.44079601764678955,0.2966483235359192
YNL301C,YLR286C,0,-0.10007754,0.1299501359462738,0.44079601764678955,0.2967483699321747
YJL158C,YGR184C,0,-0.10009797,0.12991201877593994,0.44079601764678955,0.2968484163284302
YLR364W,YNL096C,0,-0.100154504,0.12987393140792847,0.44079601764678955,0.29694846272468567
YAR015W,YDR279W,0,-0.100335315,0.12983587384223938,0.44079601764678955,0.29704853892326355
YOR080W,YNL268W,0,-0.10080622,0.1297978311777115,0.44079601764678955,0.29714858531951904
YCR077C,YBR241C,0,-0.10096805,0.12975981831550598,0.44079601764678955,0.29724863171577454
YLR078C,YDR047W,0,-0.10121657,0.12972182035446167,0.44079601764678955,0.29734867811203003
YJL052W,YHR086W,0,-0.10126896,0.12968383729457855,0.44079601764678955,0.2974487245082855
YDR177W,YDR014W,0,-0.10130617,0.12964588403701782,0.44079601764678955,0.297548770904541
YLR048W,YOR080W,0,-0.10133149,0.12960796058177948,0.44079601764678955,0.2976488173007965
YHR025W,YML048W,0,-0.10133195,0.12957005202770233,0.44079601764678955,0.297748863697052
YLR410W,YBR126C,1,-0.10135727,0.12982456386089325,0.4417910575866699,0.297748863697052
YDR511W,YOL077C,0,-0.10138661,0.12978661060333252,0.4417910575866699,0.2978489100933075
YLR142W,YKL140W,0,-0.10151249,0.12974868714809418,0.4417910575866699,0.2979489862918854
YGL161C,YGR116W,0,-0.10152885,0.12971077859401703,0.4417910575866699,0.29804903268814087
YNL311C,YJL165C,0,-0.10163969,0.12967289984226227,0.4417910575866699,0.29814907908439636
YHR116W,YNL166C,0,-0.101675525,0.1296350359916687,0.4417910575866699,0.29824912548065186
YDR481C,YDL067C,0,-0.10182266,0.12959720194339752,0.4417910575866699,0.29834917187690735
YOL067C,YIL171W,0,-0.10183847,0.12955938279628754,0.4417910575866699,0.29844921827316284
YGR184C,YNR022C,0,-0.10196577,0.12952159345149994,0.4417910575866699,0.29854926466941833
YDL205C,YBL057C,0,-0.10207684,0.12948381900787354,0.4417910575866699,0.29864931106567383
YDL120W,YER110C,0,-0.10214253,0.12944605946540833,0.4417910575866699,0.2987493872642517
YCL075W,YPL031C,0,-0.102145016,0.1294083297252655,0.4417910575866699,0.2988494336605072
YBR156C,YHR207C,0,-0.102160275,0.12937062978744507,0.4417910575866699,0.2989494800567627
YGL009C,YDR071C,0,-0.1023234,0.12933294475078583,0.4417910575866699,0.2990495264530182
YPL089C,YLR357W,0,-0.102372125,0.12929528951644897,0.4417910575866699,0.2991495728492737
YOL031C,YBL021C,0,-0.1024299,0.12925764918327332,0.4417910575866699,0.2992496192455292
YGL137W,YPR168W,0,-0.10248336,0.12922002375125885,0.4417910575866699,0.29934966564178467
YMR036C,YNL106C,1,-0.102490306,0.12947337329387665,0.4427860677242279,0.29934966564178467
YOR201C,YDR158W,0,-0.10249147,0.1294357180595398,0.4427860677242279,0.29944971203804016
YNL210W,YMR026C,0,-0.102507696,0.12939807772636414,0.4427860677242279,0.29954978823661804
YKL010C,YPR054W,0,-0.10257873,0.12936046719551086,0.4427860677242279,0.29964983463287354
YLR170C,YGR162W,0,-0.10258071,0.1293228715658188,0.4427860677242279,0.29974988102912903
YJR058C,YKL021C,0,-0.10274549,0.1292853057384491,0.4427860677242279,0.2998499274253845
YNL039W,YMR022W,0,-0.102849945,0.1292477548122406,0.4427860677242279,0.29994997382164
YBR240C,YPL022W,0,-0.102977425,0.1292102187871933,0.4427860677242279,0.3000500202178955
YIL109C,YAL043C,0,-0.10322289,0.12917271256446838,0.4427860677242279,0.300150066614151
YMR017W,YAL058W,0,-0.10344151,0.12913523614406586,0.4427860677242279,0.3002501130104065
YOR257W,YGR002C,0,-0.10357204,0.12909775972366333,0.4427860677242279,0.3003501892089844
YFR006W,YOL140W,0,-0.10370536,0.12906032800674438,0.4427860677242279,0.30045023560523987
YGL136C,YPR132W,0,-0.10380159,0.12902291119098663,0.4427860677242279,0.30055028200149536
YJL164C,YAL058W,0,-0.103934854,0.12898550927639008,0.4427860677242279,0.30065032839775085
YLL013C,YOR036W,0,-0.10393505,0.1289481371641159,0.4427860677242279,0.30075037479400635
YOR332W,YBR251W,0,-0.10396758,0.12891077995300293,0.4427860677242279,0.30085042119026184
YGL119W,YHR044C,0,-0.10397999,0.12887343764305115,0.4427860677242279,0.30095046758651733
YPR036W,YKL042W,0,-0.10415165,0.12883612513542175,0.4427860677242279,0.3010505139827728
YDR424C,YPL111W,0,-0.10438232,0.12879884243011475,0.4427860677242279,0.3011505901813507
YFR003C,YJL109C,0,-0.10439436,0.12876157462596893,0.4427860677242279,0.3012506365776062
YGL119W,YLR040C,0,-0.10441975,0.12872432172298431,0.4427860677242279,0.3013506829738617
YGL168W,YMR152W,0,-0.10445182,0.12868709862232208,0.4427860677242279,0.3014507293701172
YDR379W,YDR487C,0,-0.1044984,0.12864990532398224,0.4427860677242279,0.3015507757663727
YGR135W,YDR330W,0,-0.105185404,0.1286127120256424,0.4427860677242279,0.3016508221626282
YGR009C,YCL050C,0,-0.10529372,0.12857556343078613,0.4427860677242279,0.30175086855888367
YBR097W,YMR152W,0,-0.10549107,0.12853841483592987,0.4427860677242279,0.30185091495513916
YER091C,YKL028W,0,-0.10555147,0.128501296043396,0.4427860677242279,0.30195096135139465
YEL061C,YNL101W,0,-0.105574325,0.1284642070531845,0.4427860677242279,0.30205103754997253
YKL089W,YGR279C,0,-0.1056032,0.12842713296413422,0.4427860677242279,0.302151083946228
YAL041W,YDR456W,0,-0.10571663,0.12839007377624512,0.4427860677242279,0.3022511303424835
YMR166C,YPR019W,0,-0.10571869,0.1283530443906784,0.4427860677242279,0.302351176738739
YFL036W,YHL047C,0,-0.10574962,0.1283160299062729,0.4427860677242279,0.3024512231349945
YOR167C,YER133W,0,-0.105807796,0.12827904522418976,0.4427860677242279,0.30255126953125
YML085C,YEL002C,0,-0.105869636,0.12824207544326782,0.4427860677242279,0.3026513159275055
YMR257C,YDR065W,0,-0.10595095,0.12820513546466827,0.4427860677242279,0.302751362323761
YPL019C,YOL005C,0,-0.10602553,0.12816819548606873,0.4427860677242279,0.30285143852233887
YLR370C,YBR164C,0,-0.10615298,0.12813130021095276,0.4427860677242279,0.30295148491859436
YDR421W,YPL092W,0,-0.10628964,0.12809441983699799,0.4427860677242279,0.30305153131484985
YCR081W,YOR080W,0,-0.10632311,0.1280575543642044,0.4427860677242279,0.30315157771110535
YMR287C,YDR330W,0,-0.10635008,0.12802071869373322,0.4427860677242279,0.30325162410736084
YJL165C,YJL190C,0,-0.10637137,0.12798389792442322,0.4427860677242279,0.30335167050361633
YGR124W,YJL008C,0,-0.10640219,0.12794709205627441,0.4427860677242279,0.3034517168998718
YMR043W,YDL019C,0,-0.10642801,0.127910315990448,0.4427860677242279,0.3035517632961273
YKL135C,YLR459W,0,-0.1065653,0.12787356972694397,0.4427860677242279,0.3036518394947052
YBR041W,YJL073W,0,-0.10692316,0.12783682346343994,0.4427860677242279,0.3037518858909607
YKL152C,YER062C,1,-0.10718341,0.12808731198310852,0.4437811076641083,0.3037518858909607
YOR109W,YAL009W,1,-0.1072661,0.12833763659000397,0.44477611780166626,0.3037518858909607
YPL177C,YJR001W,0,-0.10732864,0.12830080091953278,0.44477611780166626,0.3038519322872162
YGR159C,YNL189W,0,-0.10733558,0.12826399505138397,0.44477611780166626,0.3039519786834717
YOR037W,YOL030W,0,-0.107389644,0.12822718918323517,0.44477611780166626,0.3040520250797272
YLL062C,YBR159W,0,-0.107481,0.12819042801856995,0.44477611780166626,0.30415207147598267
YDR107C,YNL242W,0,-0.10753612,0.12815366685390472,0.44477611780166626,0.30425211787223816
YDR219C,YPL177C,0,-0.10768366,0.1281169354915619,0.44477611780166626,0.30435216426849365
YLR419W,YDR069C,0,-0.10773808,0.12808023393154144,0.44477611780166626,0.30445224046707153
YHR044C,YGL229C,1,-0.107994094,0.12832999229431152,0.44577115774154663,0.30445224046707153
YBR055C,YJR076C,0,-0.108109236,0.1282932460308075,0.44577115774154663,0.304552286863327
YGL021W,YJL052W,0,-0.10817009,0.12825651466846466,0.44577115774154663,0.3046523332595825
YLR207W,YLR403W,0,-0.10821082,0.12821979820728302,0.44577115774154663,0.304752379655838
YLR188W,YDR071C,0,-0.1082325,0.12818311154842377,0.44577115774154663,0.3048524260520935
YBL056W,YBR022W,1,-0.10824868,0.128432497382164,0.4467661678791046,0.3048524260520935
YDL229W,YGL155W,0,-0.108271584,0.12839576601982117,0.4467661678791046,0.304952472448349
YMR180C,YPL228W,1,-0.10831642,0.1286449432373047,0.447761207818985,0.304952472448349
YDR501W,YKL212W,0,-0.10831773,0.12860816717147827,0.447761207818985,0.3050525188446045
YDL192W,YOR246C,0,-0.10834192,0.12857143580913544,0.447761207818985,0.30515256524086
YHR076W,YML100W,1,-0.10838625,0.12882032990455627,0.44875621795654297,0.30515256524086
YFL036W,YNR041C,0,-0.10840553,0.12878355383872986,0.44875621795654297,0.3052526116371155
YER061C,YPL095C,0,-0.10846113,0.12874679267406464,0.44875621795654297,0.30535268783569336
YPL019C,YOR174W,0,-0.10849388,0.1287100464105606,0.44875621795654297,0.30545273423194885
YAL041W,YOR037W,0,-0.10859802,0.12867332994937897,0.44875621795654297,0.30555278062820435
YOL157C,YLR265C,0,-0.10865623,0.12863662838935852,0.44875621795654297,0.30565282702445984
YOL018C,YOL139C,0,-0.10898116,0.12859994173049927,0.44875621795654297,0.30575287342071533
YDL210W,YML115C,0,-0.109159365,0.1285632848739624,0.44875621795654297,0.3058529198169708
YKR058W,YLR441C,0,-0.10917531,0.12852664291858673,0.44875621795654297,0.3059529662132263
YDR013W,YEL015W,0,-0.109190404,0.12849003076553345,0.44875621795654297,0.3060530126094818
YPR118W,YOR080W,0,-0.10923335,0.12845343351364136,0.44875621795654297,0.3061530888080597
YOR174W,YBL010C,0,-0.10931601,0.12841685116291046,0.44875621795654297,0.3062531352043152
YKL100C,YMR163C,0,-0.10932343,0.12838029861450195,0.44875621795654297,0.3063531816005707
YGR123C,YEL002C,0,-0.109354645,0.12834376096725464,0.44875621795654297,0.30645322799682617
YDL138W,YPR028W,0,-0.10935828,0.1283072531223297,0.44875621795654297,0.30655327439308167
YDR503C,YML057W,1,-0.10936247,0.12855517864227295,0.44975125789642334,0.30655327439308167
YPL231W,YGL249W,0,-0.1093768,0.12851862609386444,0.44975125789642334,0.30665332078933716
YKL156W,YLR097C,0,-0.10939731,0.12848208844661713,0.44975125789642334,0.30675336718559265
YPL017C,YJL125C,0,-0.10957797,0.1284455806016922,0.44975125789642334,0.30685341358184814
YOL120C,YBR185C,0,-0.10958521,0.12840908765792847,0.44975125789642334,0.306953489780426
YOR155C,YNL007C,0,-0.10966037,0.12837262451648712,0.44975125789642334,0.3070535361766815
YPL121C,YNL185C,0,-0.10966933,0.12833617627620697,0.44975125789642334,0.307153582572937
YAR019C,YDR418W,0,-0.109723434,0.128299742937088,0.44975125789642334,0.3072536289691925
YKL100C,YMR171C,0,-0.10980953,0.12826333940029144,0.44975125789642334,0.307353675365448
YOR155C,YDR115W,0,-0.10981901,0.12822695076465607,0.44975125789642334,0.3074537217617035
YHL008C,YLR097C,0,-0.109821305,0.12819057703018188,0.44975125789642334,0.307553768157959
YMR298W,YBR156C,0,-0.10999292,0.1281542330980301,0.44975125789642334,0.3076538145542145
YLR106C,YMR004W,0,-0.11002183,0.12811791896820068,0.44975125789642334,0.30775389075279236
YLR410W,YIL113W,1,-0.1102217,0.12836498022079468,0.4507462680339813,0.30775389075279236
YDR169C,YBL082C,0,-0.11023794,0.1283286064863205,0.4507462680339813,0.30785393714904785
YMR056C,YFR006W,0,-0.11037649,0.1282922625541687,0.4507462680339813,0.30795398354530334
YHL019C,YNR047W,0,-0.11040242,0.1282559484243393,0.4507462680339813,0.30805402994155884
YML116W,YKL059C,0,-0.11050603,0.12821964919567108,0.4507462680339813,0.30815407633781433
YDL137W,YBL061C,0,-0.110653535,0.12818336486816406,0.4507462680339813,0.3082541227340698
YAL034W-A,YML087C,0,-0.11066207,0.12814709544181824,0.4507462680339813,0.3083541691303253
YBR273C,YBR164C,0,-0.110697344,0.1281108558177948,0.4507462680339813,0.3084542155265808
YMR163C,YDR047W,0,-0.11071466,0.12807464599609375,0.4507462680339813,0.3085542917251587
YPL089C,YOL007C,0,-0.110719725,0.1280384361743927,0.4507462680339813,0.3086543381214142
YCL061C,YDL130W-A,0,-0.11073293,0.12800225615501404,0.4507462680339813,0.3087543845176697
YEL017C-A,YLR139C,0,-0.110791326,0.12796610593795776,0.4507462680339813,0.30885443091392517
YBR092C,YLR188W,0,-0.110846594,0.12792997062206268,0.4507462680339813,0.30895447731018066
YOR269W,YOL056W,0,-0.11088352,0.1278938502073288,0.4507462680339813,0.30905452370643616
YER029C,YDR298C,0,-0.11091581,0.1278577446937561,0.4507462680339813,0.30915457010269165
YIL027C,YHR086W,0,-0.11095232,0.1278216689825058,0.4507462680339813,0.30925461649894714
YDL067C,YOL019W,0,-0.11117919,0.1277856081724167,0.4507462680339813,0.30935466289520264
YGR047C,YGL178W,0,-0.111246675,0.12774957716464996,0.4507462680339813,0.3094547390937805
YOR075W,YGR279C,0,-0.11132616,0.12771356105804443,0.4507462680339813,0.309554785490036
YMR307W,YLR045C,0,-0.11134006,0.1276775598526001,0.4507462680339813,0.3096548318862915
YIL070C,YOL152W,0,-0.11134878,0.12764158844947815,0.4507462680339813,0.309754878282547
YDR107C,YCL055W,0,-0.111362696,0.1276056319475174,0.4507462680339813,0.3098549246788025
YPR166C,YKL183W,0,-0.11141342,0.12756970524787903,0.4507462680339813,0.309954971075058
YGL135W,YOL147C,0,-0.1115202,0.12753377854824066,0.4507462680339813,0.3100550174713135
YDR047W,YML009C,0,-0.111573264,0.12749789655208588,0.4507462680339813,0.31015506386756897
YJR076C,YNL015W,0,-0.1116032,0.1274620145559311,0.4507462680339813,0.31025514006614685
YOR131C,YNL325C,1,-0.111647025,0.12770745158195496,0.4517413079738617,0.31025514006614685
YCR075C,YDR166C,0,-0.11184059,0.12767153978347778,0.4517413079738617,0.31035518646240234
YLR287C-A,YFR007W,0,-0.111853376,0.1276356428861618,0.4517413079738617,0.31045523285865784
YMR306W,YER053C,0,-0.111858994,0.1275997757911682,0.4517413079738617,0.31055527925491333
YDL138W,YPL026C,0,-0.11190805,0.12756392359733582,0.4517413079738617,0.3106553256511688
YPL022W,YJL121C,0,-0.11196911,0.1275280863046646,0.4517413079738617,0.3107553720474243
YBL069W,YJL190C,0,-0.11198847,0.1274922788143158,0.4517413079738617,0.3108554184436798
YKL152C,YMR261C,1,-0.11206019,0.12773722410202026,0.4527363181114197,0.3108554184436798
YLR038C,YDR252W,0,-0.11210607,0.12770137190818787,0.4527363181114197,0.3109554648399353
YKL135C,YPL017C,0,-0.112199605,0.12766554951667786,0.4527363181114197,0.3110555410385132
YOR208W,YML016C,1,-0.112209514,0.12791024148464203,0.45373135805130005,0.3110555410385132
YJL158C,YOR039W,0,-0.11236194,0.12787437438964844,0.45373135805130005,0.3111555874347687
YOR167C,YDR047W,0,-0.11239326,0.12783852219581604,0.45373135805130005,0.31125563383102417
YDR069C,YNR047W,0,-0.11243832,0.12780268490314484,0.45373135805130005,0.31135568022727966
YPL022W,YNR041C,0,-0.11246756,0.12776687741279602,0.45373135805130005,0.31145572662353516
YJR059W,YJR126C,0,-0.11255802,0.1277310997247696,0.45373135805130005,0.31155577301979065
YCL061C,YDR158W,0,-0.11264542,0.12769532203674316,0.45373135805130005,0.31165581941604614
YLR212C,YIR009W,0,-0.11268321,0.12765957415103912,0.45373135805130005,0.31175586581230164
YOR143C,YOR174W,0,-0.112706006,0.12762384116649628,0.45373135805130005,0.3118559420108795
YNR008W,YDR363W-A,0,-0.11272371,0.12758813798427582,0.45373135805130005,0.311955988407135
YJL046W,YLR121C,0,-0.11291464,0.12755244970321655,0.45373135805130005,0.3120560348033905
YER114C,YDL033C,0,-0.11320384,0.12751677632331848,0.45373135805130005,0.312156081199646
YDL110C,YBL055C,0,-0.1132147,0.1274811327457428,0.45373135805130005,0.3122561275959015
YDL047W,YER133W,1,-0.11330405,0.12772499024868011,0.45472636818885803,0.3122561275959015
YDR033W,YJL157C,0,-0.11332893,0.12768930196762085,0.45472636818885803,0.312356173992157
YJL134W,YHR004C,1,-0.11343439,0.12793296575546265,0.455721378326416,0.312356173992157
YLR188W,YNL268W,0,-0.11350642,0.1278972327709198,0.455721378326416,0.3124562203884125
YOR348C,YJR025C,0,-0.11361179,0.12786152958869934,0.455721378326416,0.31255626678466797
YKL042W,YGR189C,0,-0.1136301,0.12782584130764008,0.455721378326416,0.31265634298324585
YDR531W,YGR220C,0,-0.11367619,0.1277901828289032,0.455721378326416,0.31275638937950134
YPL157W,YJR058C,0,-0.113686204,0.12775453925132751,0.455721378326416,0.31285643577575684
YDR315C,YMR012W,0,-0.113695815,0.12771891057491302,0.455721378326416,0.31295648217201233
YMR004W,YLR207W,0,-0.113738805,0.12768329679965973,0.455721378326416,0.3130565285682678
YBL088C,YJL164C,0,-0.11379701,0.12764771282672882,0.455721378326416,0.3131565749645233
YBR001C,YOR061W,0,-0.11386083,0.1276121437549591,0.455721378326416,0.3132566213607788
YOR288C,YDR115W,0,-0.11395921,0.12757660448551178,0.455721378326416,0.3133566677570343
YER061C,YPL068C,0,-0.11398515,0.12754108011722565,0.455721378326416,0.3134567141532898
YHR021C,YDR483W,0,-0.114003226,0.1275055706501007,0.455721378326416,0.3135567903518677
YEL038W,YGR158C,0,-0.11400457,0.12747007608413696,0.455721378326416,0.31365683674812317
YNL010W,YML016C,1,-0.114080176,0.12771286070346832,0.4567164182662964,0.31365683674812317
YJL072C,YDR503C,0,-0.11408311,0.1276773363351822,0.4567164182662964,0.31375688314437866
YPL017C,YOR270C,0,-0.11413911,0.12764182686805725,0.4567164182662964,0.31385692954063416
YDR169C,YHR129C,0,-0.11420922,0.1276063323020935,0.4567164182662964,0.31395697593688965
YJL044C,YOL064C,0,-0.114213124,0.12757086753845215,0.4567164182662964,0.31405702233314514
YAL010C,YPL038W,0,-0.11423084,0.12753543257713318,0.4567164182662964,0.31415706872940063
YOR090C,YMR180C,1,-0.114232555,0.12777778506278992,0.45771142840385437,0.31415706872940063
YHL019C,YLR433C,0,-0.114234746,0.12774229049682617,0.45771142840385437,0.31425711512565613
YDR060W,YAL008W,0,-0.114274845,0.12770682573318481,0.45771142840385437,0.314357191324234
YKL100C,YER082C,0,-0.114440724,0.12767139077186584,0.45771142840385437,0.3144572377204895
YDR056C,YCL027W,0,-0.11453231,0.12763595581054688,0.45771142840385437,0.314557284116745
YGL251C,YDR103W,0,-0.11460601,0.1276005506515503,0.45771142840385437,0.3146573305130005
YDR056C,YER068W,0,-0.11464159,0.1275651752948761,0.45771142840385437,0.314757376909256
YGL224C,YNL099C,1,-0.11466491,0.12780703604221344,0.45870646834373474,0.314757376909256
YBR241C,YOR092W,0,-0.11474647,0.12777161598205566,0.45870646834373474,0.3148574233055115
YDR074W,YKR105C,0,-0.114776224,0.12773621082305908,0.45870646834373474,0.31495746970176697
YGL249W,YOL092W,0,-0.11479007,0.1277008354663849,0.45870646834373474,0.31505751609802246
YIL113W,YJL062W,0,-0.11492719,0.1276654601097107,0.45870646834373474,0.31515759229660034
YOR090C,YJL134W,1,-0.11499904,0.12790697813034058,0.4597014784812927,0.31515759229660034
YOL019W,YBR122C,0,-0.115057066,0.127871572971344,0.4597014784812927,0.31525763869285583
YGR009C,YJL156C,0,-0.11508432,0.1278361976146698,0.4597014784812927,0.31535768508911133
YPL172C,YNL115C,0,-0.11523162,0.1278008371591568,0.4597014784812927,0.3154577314853668
YDL204W,YHR086W,0,-0.11529286,0.127765491604805,0.4597014784812927,0.3155577778816223
YOL067C,YDR387C,0,-0.115403414,0.12773016095161438,0.4597014784812927,0.3156578242778778
YAL016W,YHR076W,1,-0.11545457,0.12797126173973083,0.4606965184211731,0.3156578242778778
YGL253W,YDR118W,0,-0.115486965,0.12793590128421783,0.4606965184211731,0.3157578706741333
YER053C,YOR092W,0,-0.11549555,0.12790055572986603,0.4606965184211731,0.3158579170703888
YGR263C,YIR002C,0,-0.11560595,0.12786522507667542,0.4606965184211731,0.3159579932689667
YOR131C,YER062C,1,-0.11567043,0.1281060129404068,0.4616915285587311,0.3159579932689667
YEL038W,YGR001C,0,-0.115670964,0.1280706524848938,0.4616915285587311,0.31605803966522217
YDR036C,YDR362C,0,-0.11578804,0.12803532183170319,0.4616915285587311,0.31615808606147766
YOL127W,YNR045W,0,-0.11582868,0.12800000607967377,0.4616915285587311,0.31625813245773315
YDR532C,YHR181W,0,-0.11593342,0.12796470522880554,0.4616915285587311,0.31635817885398865
YMR130W,YGR014W,0,-0.11598517,0.1279294192790985,0.4616915285587311,0.31645822525024414
YDL127W,YBR299W,0,-0.11600438,0.12789416313171387,0.4616915285587311,0.31655827164649963
YLR078C,YPL155C,0,-0.11605242,0.12785890698432922,0.4616915285587311,0.3166583180427551
YML027W,YDR510W,0,-0.11605953,0.12782369554042816,0.4616915285587311,0.3167583644390106
YNL301C,YPL174C,0,-0.11607322,0.1277884840965271,0.4616915285587311,0.3168584406375885
YPR073C,YFR028C,1,-0.11615442,0.12802863121032715,0.46268656849861145,0.3168584406375885
YER048W-A,YOR120W,0,-0.1162395,0.1279933899641037,0.46268656849861145,0.316958487033844
YDR093W,YLR441C,0,-0.11630912,0.12795817852020264,0.46268656849861145,0.3170585334300995
YOL120C,YDR507C,0,-0.11644642,0.12792296707630157,0.46268656849861145,0.317158579826355
YER030W,YOR246C,0,-0.11675942,0.1278877854347229,0.46268656849861145,0.3172586262226105
YDR228C,YHR064C,0,-0.11685054,0.12785261869430542,0.46268656849861145,0.31735867261886597
YLR276C,YEL002C,0,-0.11691429,0.12781748175621033,0.46268656849861145,0.31745871901512146
YGL137W,YER131W,0,-0.116961256,0.12778235971927643,0.46268656849861145,0.31755876541137695
YBL093C,YIL101C,0,-0.116962224,0.12774725258350372,0.46268656849861145,0.31765884160995483
YGL229C,YIL112W,0,-0.117032066,0.1277121603488922,0.46268656849861145,0.3177588880062103
YJL046W,YGR086C,0,-0.11705677,0.1276770979166031,0.46268656849861145,0.3178589344024658
YNL291C,YGL135W,0,-0.11707492,0.12764205038547516,0.46268656849861145,0.3179589807987213
YDR253C,YJL062W,0,-0.11709361,0.12760703265666962,0.46268656849861145,0.3180590271949768
YMR292W,YLR139C,0,-0.11719701,0.12757201492786407,0.46268656849861145,0.3181590735912323
YAL009W,YFR028C,1,-0.11739178,0.12781129777431488,0.46368157863616943,0.3181590735912323
YOR155C,YDL134C,1,-0.11779778,0.12805044651031494,0.4646766185760498,0.3181590735912323
YGR026W,YCR077C,0,-0.11780393,0.12801535427570343,0.4646766185760498,0.3182591199874878
YDR197W,YHL036W,0,-0.11781426,0.12798026204109192,0.4646766185760498,0.3183591663837433
YNL128W,YMR130W,1,-0.117825955,0.12821917235851288,0.4656716287136078,0.3183591663837433
YCL031C,YML081C-A,0,-0.11785835,0.12818406522274017,0.4656716287136078,0.31845924258232117
YOR356W,YER164W,0,-0.11793521,0.12814895808696747,0.4656716287136078,0.31855928897857666
YNL291C,YER112W,0,-0.118031934,0.12811388075351715,0.4656716287136078,0.31865933537483215
YJR110W,YPR108W,0,-0.11805011,0.12807881832122803,0.4656716287136078,0.31875938177108765
YBL010C,YLR246W,0,-0.11822213,0.1280437707901001,0.4656716287136078,0.31885942816734314
YBR156C,YHR186C,0,-0.11822255,0.12800875306129456,0.4656716287136078,0.31895947456359863
YDL230W,YOL064C,1,-0.118225455,0.1282472014427185,0.46666666865348816,0.31895947456359863
YDR418W,YPL111W,0,-0.118309006,0.12821213901042938,0.46666666865348816,0.3190595209598541
YDR326C,YGL031C,0,-0.11832295,0.12817709147930145,0.46666666865348816,0.3191595673561096
YJR013W,YPL121C,0,-0.11836763,0.1281420737504959,0.46666666865348816,0.3192596435546875
YDR503C,YKR053C,1,-0.1184957,0.12838022410869598,0.46766167879104614,0.3192596435546875
YOL117W,YLR078C,0,-0.11856882,0.12834516167640686,0.46766167879104614,0.319359689950943
YER112W,YKR097W,0,-0.118673295,0.12831012904644012,0.46766167879104614,0.3194597363471985
YHR076W,YOL064C,1,-0.118724585,0.1285480409860611,0.4686567187309265,0.3194597363471985
YMR088C,YNR020C,0,-0.118755266,0.12851296365261078,0.4686567187309265,0.319559782743454
YNR011C,YNL162W,0,-0.119046435,0.12847790122032166,0.4686567187309265,0.3196598291397095
YBR097W,YOL064C,0,-0.1192403,0.12844286859035492,0.4686567187309265,0.31975987553596497
YOR348C,YLR120C,0,-0.11925964,0.12840785086154938,0.4686567187309265,0.31985992193222046
YNL218W,YGR076C,0,-0.11926903,0.12837284803390503,0.4686567187309265,0.31995996832847595
YOL064C,YML063W,0,-0.119273424,0.12833787500858307,0.4686567187309265,0.32006004452705383
YAR010C,YPL101W,0,-0.11931355,0.1283029168844223,0.4686567187309265,0.3201600909233093
YML104C,YDR320C,0,-0.11931616,0.12826797366142273,0.4686567187309265,0.3202601373195648
YMR130W,YJL134W,1,-0.119448036,0.12850530445575714,0.4696517288684845,0.3202601373195648
YGL223C,YGL178W,0,-0.119582966,0.12847033143043518,0.4696517288684845,0.3203601837158203
YOR288C,YKL042W,0,-0.11958367,0.12843537330627441,0.4696517288684845,0.3204602301120758
YDR158W,YGR218W,0,-0.11967553,0.12840043008327484,0.4696517288684845,0.3205602765083313
YDR436W,YLR019W,1,-0.11968103,0.12863747775554657,0.47064676880836487,0.3205602765083313
YCL063W,YPL214C,0,-0.11970264,0.1286025047302246,0.47064676880836487,0.3206603229045868
YLR192C,YML015C,0,-0.119788826,0.12856754660606384,0.47064676880836487,0.3207603693008423
YNL311C,YEL002C,0,-0.11983363,0.12853260338306427,0.47064676880836487,0.3208604156970978
YDR086C,YJL121C,0,-0.11985175,0.12849768996238708,0.47064676880836487,0.32096049189567566
YGL206C,YER061C,0,-0.11997315,0.1284627914428711,0.47064676880836487,0.32106053829193115
YMR188C,YHR017W,0,-0.120164186,0.1284279078245163,0.47064676880836487,0.32116058468818665
YMR290C,YDR047W,0,-0.120230794,0.1283930540084839,0.47064676880836487,0.32126063108444214
YNR045W,YDR529C,0,-0.12025185,0.12835821509361267,0.47064676880836487,0.32136067748069763
YBR082C,YLR446W,0,-0.12041263,0.12832339107990265,0.47064676880836487,0.3214607238769531
YHR136C,YPR031W,0,-0.120443955,0.12828858196735382,0.47064676880836487,0.3215607702732086
YDL108W,YOL157C,0,-0.12082377,0.12825380265712738,0.47064676880836487,0.3216608166694641
YBL069W,YML081C-A,0,-0.12102455,0.12821902334690094,0.47064676880836487,0.321760892868042
YHR140W,YEL061C,0,-0.1211427,0.12818428874015808,0.47064676880836487,0.3218609392642975
YPL144W,YKR014C,0,-0.12122981,0.12814955413341522,0.47064676880836487,0.321960985660553
YER173W,YOL123W,0,-0.121578604,0.12811484932899475,0.47064676880836487,0.32206103205680847
YDL069C,YGR184C,0,-0.121611446,0.12808014452457428,0.47064676880836487,0.32216107845306396
YHL019C,YNL096C,0,-0.121741906,0.1280454844236374,0.47064676880836487,0.32226112484931946
YDL085W,YNL325C,0,-0.12175807,0.1280108243227005,0.47064676880836487,0.32236117124557495
YHR117W,YJR058C,0,-0.121986344,0.127976194024086,0.47064676880836487,0.32246121764183044
YDR242W,YOL065C,0,-0.12217094,0.1279415786266327,0.47064676880836487,0.3225612938404083
YCR047C,YGR189C,0,-0.12225166,0.12790697813034058,0.47064676880836487,0.3226613402366638
YGR009C,YOL019W,0,-0.122293904,0.12787239253520966,0.47064676880836487,0.3227613866329193
YNR040W,YAL003W,0,-0.12243208,0.12783783674240112,0.47064676880836487,0.3228614330291748
YMR277W,YOR014W,1,-0.12244193,0.12807349860668182,0.47164177894592285,0.3228614330291748
YGR234W,YOR217W,0,-0.1225398,0.1280388981103897,0.47164177894592285,0.3229614794254303
YOR175C,YML113W,0,-0.122734055,0.12800432741641998,0.47164177894592285,0.3230615258216858
YBR126C,YNL106C,1,-0.122847944,0.1282397359609604,0.4726368188858032,0.3230615258216858
YDR418W,YGR075C,0,-0.122857496,0.12820513546466827,0.4726368188858032,0.3231615722179413
YDR481C,YHR044C,1,-0.12288053,0.12844036519527435,0.4736318290233612,0.3231615722179413
YPR073C,YER089C,1,-0.12289815,0.12867547571659088,0.4746268689632416,0.3231615722179413
YPL258C,YLR403W,0,-0.1229053,0.1286407709121704,0.4746268689632416,0.3232616186141968
YCR072C,YGL227W,0,-0.12298407,0.12860609591007233,0.4746268689632416,0.32336169481277466
YOR278W,YMR094W,0,-0.12302825,0.12857143580913544,0.4746268689632416,0.32346174120903015
YDL109C,YLR176C,0,-0.123063505,0.12853677570819855,0.4746268689632416,0.32356178760528564
YOL067C,YMR184W,0,-0.12306669,0.12850216031074524,0.4746268689632416,0.32366183400154114
YDR520C,YKL024C,0,-0.12312041,0.12846754491329193,0.4746268689632416,0.32376188039779663
YOR131C,YIL113W,1,-0.1231865,0.12870220839977264,0.47562187910079956,0.32376188039779663
YDR077W,YDR483W,0,-0.123285666,0.12866756319999695,0.47562187910079956,0.3238619267940521
YNR061C,YJR045C,0,-0.12345478,0.12863293290138245,0.47562187910079956,0.3239619731903076
YMR022W,YPL111W,0,-0.12346487,0.12859833240509033,0.47562187910079956,0.3240620195865631
YLR099C,YER030W,0,-0.12353268,0.1285637468099594,0.47562187910079956,0.324162095785141
YNL322C,YBL057C,0,-0.12353708,0.12852917611598969,0.47562187910079956,0.3242621421813965
YKL056C,YER164W,0,-0.123585075,0.12849462032318115,0.47562187910079956,0.324362188577652
YPL090C,YBL074C,0,-0.12364073,0.128460094332695,0.47562187910079956,0.32446223497390747
YER089C,YLR019W,1,-0.12371512,0.12869425117969513,0.47661691904067993,0.32446223497390747
YDR501W,YHR044C,0,-0.123853534,0.1286596804857254,0.47661691904067993,0.32456228137016296
YJR025C,YER036C,0,-0.12389152,0.12862513959407806,0.47661691904067993,0.32466232776641846
YML129C,YCR020C,0,-0.123900324,0.12859059870243073,0.47661691904067993,0.32476237416267395
YFR041C,YJL158C,0,-0.12413962,0.12855608761310577,0.47661691904067993,0.32486242055892944
YKL089W,YDR318W,0,-0.1241865,0.1285216063261032,0.47661691904067993,0.32496246695518494
YNL159C,YLR096W,0,-0.12419377,0.12848712503910065,0.47661691904067993,0.3250625431537628
YMR088C,YOL071W,0,-0.12425904,0.12845267355442047,0.47661691904067993,0.3251625895500183
YDL033C,YOR075W,0,-0.12426752,0.1284182369709015,0.47661691904067993,0.3252626359462738
YER091C,YJR126C,0,-0.12435518,0.1283838152885437,0.47661691904067993,0.3253626823425293
YPR168W,YAL008W,0,-0.12436584,0.1283494085073471,0.47661691904067993,0.3254627287387848
YNL280C,YOR070C,0,-0.124563456,0.1283150315284729,0.47661691904067993,0.3255627751350403
YPL172C,YKL116C,0,-0.124671906,0.1282806694507599,0.47661691904067993,0.3256628215312958
YKR061W,YKR094C,0,-0.1247524,0.12824632227420807,0.47661691904067993,0.32576286792755127
YDR242W,YMR223W,0,-0.12476191,0.12821198999881744,0.47661691904067993,0.32586294412612915
YOL125W,YOL147C,0,-0.12476851,0.1281776875257492,0.47661691904067993,0.32596299052238464
YNL046W,YGR076C,0,-0.124822065,0.12814338505268097,0.47661691904067993,0.32606303691864014
YMR298W,YMR127C,0,-0.12482512,0.1281091272830963,0.47661691904067993,0.32616308331489563
YAL010C,YGR063C,0,-0.1248824,0.12807486951351166,0.47661691904067993,0.3262631297111511
YJR010C-A,YHR036W,0,-0.12489,0.1280406266450882,0.47661691904067993,0.3263631761074066
YNL101W,YKL028W,0,-0.12494132,0.12800641357898712,0.47661691904067993,0.3264632225036621
YER027C,YBR058C,0,-0.12505801,0.12797221541404724,0.47661691904067993,0.3265632688999176
YGR200C,YDR380W,0,-0.12515576,0.12793803215026855,0.47661691904067993,0.3266633450984955
YBR237W,YHR105W,0,-0.12517764,0.12790387868881226,0.47661691904067993,0.326763391494751
YHR116W,YBR214W,0,-0.12529631,0.12786972522735596,0.47661691904067993,0.32686343789100647
YDR284C,YBR276C,1,-0.12561308,0.12810248136520386,0.4776119291782379,0.32686343789100647
YDR495C,YCL061C,0,-0.12577249,0.12806829810142517,0.4776119291782379,0.32696348428726196
YLR283W,YER029C,0,-0.12577766,0.12803414463996887,0.4776119291782379,0.32706353068351746
YBL017C,YHR160C,0,-0.12578116,0.12800000607967377,0.4776119291782379,0.32716357707977295
YJR029W,YLR286C,0,-0.12586242,0.12796588242053986,0.4776119291782379,0.32726362347602844
YPL074W,YKR009C,0,-0.12591179,0.12793177366256714,0.4776119291782379,0.32736366987228394
YLR170C,YBR297W,0,-0.12595266,0.12789767980575562,0.4776119291782379,0.3274637460708618
YMR316W,YJL143W,0,-0.12595542,0.12786361575126648,0.4776119291782379,0.3275637924671173
YDR265W,YBR299W,0,-0.12603359,0.12782956659793854,0.4776119291782379,0.3276638388633728
YER075C,YOR014W,1,-0.1262328,0.12806177139282227,0.4786069691181183,0.3276638388633728
YDL033C,YDR177W,0,-0.12628411,0.12802767753601074,0.4786069691181183,0.3277638852596283
YLR139C,YAL012W,0,-0.12642972,0.1279936134815216,0.4786069691181183,0.3278639316558838
YNL227C,YJL073W,0,-0.12647219,0.12795956432819366,0.4786069691181183,0.3279639780521393
YDL129W,YPL022W,0,-0.12648177,0.12792553007602692,0.4786069691181183,0.3280640244483948
YNL292W,YDR510W,0,-0.12648396,0.12789152562618256,0.4786069691181183,0.32816407084465027
YER114C,YFR008W,0,-0.12657733,0.1278575211763382,0.4786069691181183,0.32826411724090576
YNR011C,YML063W,0,-0.12658404,0.12782354652881622,0.4786069691181183,0.32836419343948364
YBR092C,YPL228W,1,-0.12668224,0.12805525958538055,0.47960197925567627,0.32836419343948364
YDR253C,YCR077C,0,-0.12675898,0.1280212551355362,0.47960197925567627,0.32846423983573914
YER068W,YHR036W,0,-0.12679407,0.12798725068569183,0.47960197925567627,0.32856428623199463
YDR465C,YCR039C,0,-0.12697019,0.12795327603816986,0.47960197925567627,0.3286643326282501
YCR009C,YLR172C,0,-0.12698734,0.12791931629180908,0.47960197925567627,0.3287643790245056
YAL016W,YNL325C,1,-0.12709786,0.12815070152282715,0.48059701919555664,0.3287643790245056
YFR025C,YMR261C,1,-0.12712757,0.12838196754455566,0.4815920293331146,0.3287643790245056
YER174C,YPR166C,0,-0.12728281,0.12834791839122772,0.4815920293331146,0.3288644254207611
YDR018C,YML124C,0,-0.12730996,0.12831389904022217,0.4815920293331146,0.3289644718170166
YGL119W,YBL054W,0,-0.12759638,0.1282798796892166,0.4815920293331146,0.3290645182132721
YER088C,YIR023W,0,-0.12776875,0.12824589014053345,0.4815920293331146,0.32916459441185
YLR459W,YBR164C,0,-0.12778118,0.12821191549301147,0.4815920293331146,0.32926464080810547
YMR080C,YDR128W,0,-0.12788548,0.1281779706478119,0.4815920293331146,0.32936468720436096
YOR151C,YOR369C,0,-0.12797947,0.1281440258026123,0.4815920293331146,0.32946473360061646
YJR145C,YMR023C,0,-0.1280428,0.1281101107597351,0.4815920293331146,0.32956477999687195
YOR391C,YMR224C,0,-0.12816064,0.1280762106180191,0.4815920293331146,0.32966482639312744
YJL106W,YEL002C,0,-0.12832399,0.1280423253774643,0.4815920293331146,0.32976487278938293
YGL173C,YDR402C,0,-0.12833129,0.12800846993923187,0.4815920293331146,0.3298649191856384
YBR055C,YLR286C,0,-0.12833709,0.12797461450099945,0.4815920293331146,0.3299649953842163
YJL219W,YKL024C,0,-0.12842515,0.12794078886508942,0.4815920293331146,0.3300650417804718
YPL059W,YLL035W,0,-0.12848999,0.12790697813034058,0.4815920293331146,0.3301650881767273
YFL036W,YLR450W,0,-0.12851614,0.12787318229675293,0.4815920293331146,0.3302651345729828
YDL108W,YEL017C-A,0,-0.12866612,0.12783940136432648,0.4815920293331146,0.3303651809692383
YPR168W,YKR009C,0,-0.12873329,0.1278056502342224,0.4815920293331146,0.3304652273654938
YOR373W,YDR313C,0,-0.12876832,0.12777191400527954,0.4815920293331146,0.33056527376174927
YOR208W,YJL155C,1,-0.12883489,0.1280021071434021,0.482587069272995,0.33056527376174927
YHR067W,YDL138W,0,-0.12884909,0.12796834111213684,0.482587069272995,0.33066532015800476
YJR160C,YNL212W,0,-0.12891948,0.12793457508087158,0.482587069272995,0.33076539635658264
YOR290C,YPR041W,0,-0.12902363,0.1279008388519287,0.482587069272995,0.33086544275283813
YGL119W,YCR039C,0,-0.12904283,0.12786711752414703,0.482587069272995,0.33096548914909363
YCL063W,YDL099W,0,-0.12912206,0.12783342599868774,0.482587069272995,0.3310655355453491
YDR299W,YGR279C,0,-0.129274,0.12779973447322845,0.482587069272995,0.3311655819416046
YKL011C,YGR116W,0,-0.12948449,0.12776607275009155,0.482587069272995,0.3312656283378601
YMR316W,YOR061W,0,-0.1296334,0.12773242592811584,0.482587069272995,0.3313656747341156
YOL018C,YBR122C,0,-0.12963931,0.12769879400730133,0.482587069272995,0.3314657211303711
YML100W,YFR040W,1,-0.12970589,0.12792840600013733,0.483582079410553,0.3314657211303711
YDR341C,YCL061C,0,-0.129755,0.12789474427700043,0.483582079410553,0.331565797328949
YKR061W,YEL059C-A,0,-0.12996396,0.12786108255386353,0.483582079410553,0.33166584372520447
YPL159C,YJL101C,0,-0.1301342,0.1278274655342102,0.483582079410553,0.33176589012145996
YNL099C,YFR025C,1,-0.13014467,0.12805679440498352,0.48457711935043335,0.33176589012145996
YMR289W,YDR069C,0,-0.13015969,0.12802313268184662,0.48457711935043335,0.33186593651771545
YGL040C,YDR393W,0,-0.13018338,0.1279894858598709,0.48457711935043335,0.33196598291397095
YIL171W,YLR430W,0,-0.1302763,0.1279558539390564,0.48457711935043335,0.33206602931022644
YDR074W,YLR459W,0,-0.13034439,0.12792225182056427,0.48457711935043335,0.33216607570648193
YPL074W,YDR342C,0,-0.13038425,0.12788864970207214,0.48457711935043335,0.3322661221027374
YOL003C,YGR200C,0,-0.13040529,0.1278550773859024,0.48457711935043335,0.3323661684989929
YDL195W,YJR029W,0,-0.13048722,0.12782151997089386,0.48457711935043335,0.3324662446975708
YDL047W,YNL128W,1,-0.1304971,0.12805038690567017,0.48557212948799133,0.3324662446975708
YNL217W,YDR044W,0,-0.13051035,0.12801678478717804,0.48557212948799133,0.3325662910938263
YPL074W,YLR048W,0,-0.13056965,0.1279832124710083,0.48557212948799133,0.3326663374900818
YMR166C,YEL016C,0,-0.13077213,0.12794965505599976,0.48557212948799133,0.3327663838863373
YPL206C,YDR400W,0,-0.1307877,0.1279161274433136,0.48557212948799133,0.3328664302825928
YMR307W,YDR086C,0,-0.13079594,0.12788259983062744,0.48557212948799133,0.33296647667884827
YNL039W,YKL183W,0,-0.13090605,0.12784910202026367,0.48557212948799133,0.33306652307510376
YBL078C,YLR172C,0,-0.13096787,0.1278156042098999,0.48557212948799133,0.33316656947135925
YMR257C,YOR332W,0,-0.13099487,0.12778213620185852,0.48557212948799133,0.33326664566993713
YNL308C,YOR306C,0,-0.1310854,0.12774869799613953,0.48557212948799133,0.3333666920661926
YHR086W,YGR200C,0,-0.13111907,0.12771525979042053,0.48557212948799133,0.3334667384624481
YOR167C,YLR045C,0,-0.1312532,0.12768183648586273,0.48557212948799133,0.3335667848587036
YDR118W,YOR014W,0,-0.1313314,0.12764844298362732,0.48557212948799133,0.3336668312549591
YMR043W,YBL017C,0,-0.13135733,0.1276150643825531,0.48557212948799133,0.3337668776512146
YMR088C,YER148W,0,-0.1313643,0.12758170068264008,0.48557212948799133,0.3338669240474701
YJL108C,YER180C,0,-0.13145743,0.12754835188388824,0.48557212948799133,0.3339669704437256
YJR104C,YJR001W,0,-0.131508,0.1275150179862976,0.48557212948799133,0.33406704664230347
YER153C,YDR507C,0,-0.13160215,0.12748171389102936,0.48557212948799133,0.33416709303855896
YDR050C,YHR064C,0,-0.13162924,0.1274484246969223,0.48557212948799133,0.33426713943481445
YMR070W,YDL130W-A,0,-0.13167277,0.12741515040397644,0.48557212948799133,0.33436718583106995
YLL062C,YNR050C,0,-0.1318648,0.12738189101219177,0.48557212948799133,0.33446723222732544
YPR041W,YIL115C,0,-0.13186489,0.1273486465215683,0.48557212948799133,0.33456727862358093
YER131W,YBL074C,0,-0.13188784,0.12731541693210602,0.48557212948799133,0.3346673250198364
YML104C,YPR184W,0,-0.13200788,0.12728221714496613,0.48557212948799133,0.3347673714160919
YLR439W,YKR097W,0,-0.13223417,0.12724901735782623,0.48557212948799133,0.3348674476146698
YBL020W,YPR019W,0,-0.13223746,0.12721584737300873,0.48557212948799133,0.3349674940109253
YDR134C,YDR128W,0,-0.13231008,0.12718269228935242,0.48557212948799133,0.3350675404071808
YNL331C,YML095C,0,-0.13249722,0.1271495521068573,0.48557212948799133,0.3351675868034363
YMR289W,YPL089C,0,-0.13252695,0.12711644172668457,0.48557212948799133,0.3352676331996918
YDR481C,YER075C,1,-0.13253899,0.12734374403953552,0.4865671694278717,0.3352676331996918
YKL178C,YLR186W,0,-0.1326066,0.1273105889558792,0.4865671694278717,0.33536767959594727
YJL190C,YML048W,0,-0.13264632,0.1272774636745453,0.4865671694278717,0.33546772599220276
YBL088C,YGL191W,0,-0.13269083,0.12724433839321136,0.4865671694278717,0.33556777238845825
YIR012W,YOR369C,0,-0.13280769,0.12721124291419983,0.4865671694278717,0.33566784858703613
YAL013W,YML077W,0,-0.13284978,0.1271781474351883,0.4865671694278717,0.3357678949832916
YJL052W,YML095C,0,-0.13306507,0.12714508175849915,0.4865671694278717,0.3358679413795471
YMR100W,YBR299W,0,-0.13309006,0.1271120309829712,0.4865671694278717,0.3359679877758026
YDL060W,YIL160C,0,-0.13329776,0.12707899510860443,0.4865671694278717,0.3360680341720581
YPL074W,YKL198C,0,-0.13346832,0.12704598903656006,0.4865671694278717,0.3361680805683136
YDR531W,YOL002C,0,-0.13366476,0.12701298296451569,0.4865671694278717,0.3362681269645691
YDL229W,YGR223C,0,-0.13368279,0.1269800066947937,0.4865671694278717,0.3363681733608246
YLR238W,YJL044C,0,-0.13383643,0.1269470453262329,0.4865671694278717,0.3364682197570801
YMR198W,YGL185C,0,-0.13387543,0.1269140988588333,0.4865671694278717,0.33656829595565796
YOR181W,YML085C,0,-0.13410556,0.1268811672925949,0.4865671694278717,0.33666834235191345
YOR109W,YLR410W,1,-0.13418089,0.1271076500415802,0.4875621795654297,0.33666834235191345
YAL020C,YDR283C,0,-0.13424145,0.1270746886730194,0.4875621795654297,0.33676838874816895
YCL055W,YPL060W,0,-0.13434897,0.1270417422056198,0.4875621795654297,0.33686843514442444
YMR307W,YIL039W,0,-0.13437009,0.1270088106393814,0.4875621795654297,0.33696848154067993
YDL019C,YDR116C,0,-0.13437836,0.1269758939743042,0.4875621795654297,0.3370685279369354
YGL253W,YDR330W,0,-0.13453136,0.12694300711154938,0.4875621795654297,0.3371685743331909
YDR022C,YER091C,0,-0.13453235,0.12691012024879456,0.4875621795654297,0.3372686207294464
YOR315W,YPR019W,0,-0.13464822,0.12687726318836212,0.4875621795654297,0.3373686969280243
YPR132W,YDR036C,0,-0.13468973,0.12684442102909088,0.4875621795654297,0.3374687433242798
YDR065W,YLR207W,0,-0.13472877,0.12681159377098083,0.4875621795654297,0.3375687897205353
YBL020W,YBR297W,0,-0.13487187,0.12677878141403198,0.4875621795654297,0.33766883611679077
YPL091W,YNL213C,0,-0.13505498,0.12674598395824432,0.4875621795654297,0.33776888251304626
YDR341C,YNR020C,0,-0.1351382,0.12671321630477905,0.4875621795654297,0.33786892890930176
YDR242W,YIL101C,0,-0.13537829,0.12668044865131378,0.4875621795654297,0.33796897530555725
YPR036W,YJR058C,0,-0.13539344,0.1266477108001709,0.4875621795654297,0.33806902170181274
YMR088C,YFL004W,0,-0.1354441,0.1266149878501892,0.4875621795654297,0.3381690979003906
YLR418C,YGR035C,0,-0.13549125,0.1265822798013687,0.4875621795654297,0.3382691442966461
YLR090W,YOR244W,0,-0.13554412,0.1265495866537094,0.4875621795654297,0.3383691906929016
YOR288C,YDR330W,0,-0.13559364,0.1265169084072113,0.4875621795654297,0.3384692370891571
YDR479C,YJR097W,0,-0.13559377,0.12648425996303558,0.4875621795654297,0.3385692834854126
YKL218C,YPR028W,0,-0.13560306,0.12645161151885986,0.4875621795654297,0.3386693298816681
YMR307W,YER174C,0,-0.13605253,0.12641899287700653,0.4875621795654297,0.3387693762779236
YNL188W,YDR524C,0,-0.13617091,0.1263863742351532,0.4875621795654297,0.3388694226741791
YDL047W,YHR043C,1,-0.13619949,0.1266116499900818,0.48855721950531006,0.3388694226741791
YEL015W,YHR140W,0,-0.13623163,0.12657901644706726,0.48855721950531006,0.33896949887275696
YPL085W,YOR131C,0,-0.13626923,0.12654639780521393,0.48855721950531006,0.33906954526901245
YKL100C,YEL054C,0,-0.13632219,0.1265137791633606,0.48855721950531006,0.33916959166526794
YLR204W,YER096W,0,-0.13633043,0.12648119032382965,0.48855721950531006,0.33926963806152344
YPL111W,YLR176C,0,-0.13648513,0.1264486163854599,0.48855721950531006,0.33936968445777893
YIL070C,YGL003C,0,-0.13653065,0.12641607224941254,0.48855721950531006,0.3394697308540344
YBR176W,YDR466W,0,-0.13658299,0.12638352811336517,0.48855721950531006,0.3395697772502899
YEL038W,YGR279C,0,-0.1366125,0.126350998878479,0.48855721950531006,0.3396698236465454
YDR356W,YBR035C,0,-0.13667862,0.12631849944591522,0.48855721950531006,0.3397698700428009
YBL075C,YGR009C,0,-0.13668333,0.12628601491451263,0.48855721950531006,0.3398699462413788
YMR130W,YGR218W,0,-0.13696444,0.12625353038311005,0.48855721950531006,0.3399699926376343
YKL100C,YPL089C,0,-0.13710521,0.12622107565402985,0.48855721950531006,0.34007003903388977
YER148W,YPL026C,0,-0.13714229,0.12618863582611084,0.48855721950531006,0.34017008543014526
YBR273C,YOR044W,0,-0.1371486,0.12615621089935303,0.48855721950531006,0.34027013182640076
YKL173W,YGL031C,0,-0.13718723,0.1261238157749176,0.48855721950531006,0.34037017822265625
YGR292W,YLR304C,0,-0.13719033,0.12609142065048218,0.48855721950531006,0.34047022461891174
YOR047C,YDR047W,0,-0.13719282,0.12605905532836914,0.48855721950531006,0.34057027101516724
YOR061W,YJR155W,0,-0.13726571,0.1260266900062561,0.48855721950531006,0.3406703472137451
YLR304C,YMR184W,0,-0.13731681,0.12599435448646545,0.48855721950531006,0.3407703936100006
YIL051C,YDL184C,0,-0.13736306,0.125962033867836,0.48855721950531006,0.3408704400062561
YKR062W,YOR374W,0,-0.13737778,0.12592972815036774,0.48855721950531006,0.3409704864025116
YOR070C,YDR169C,0,-0.13750741,0.12589743733406067,0.48855721950531006,0.3410705327987671
YKL198C,YGL031C,0,-0.1376283,0.1258651614189148,0.48855721950531006,0.3411705791950226
YLL001W,YBR009C,0,-0.13775213,0.12583290040493011,0.48855721950531006,0.3412706255912781
YER096W,YMR302C,0,-0.13778687,0.12580066919326782,0.48855721950531006,0.34137067198753357
YNL166C,YDR247W,0,-0.13784364,0.12576843798160553,0.48855721950531006,0.34147074818611145
YHR021C,YOL117W,0,-0.13791196,0.12573623657226562,0.48855721950531006,0.34157079458236694
YER061C,YDR101C,0,-0.13794203,0.12570405006408691,0.48855721950531006,0.34167084097862244
YGL128C,YCR098C,0,-0.13796936,0.1256718635559082,0.48855721950531006,0.34177088737487793
YOR315W,YIL136W,0,-0.13817367,0.12563970685005188,0.48855721950531006,0.3418709337711334
YLR040C,YDR436W,0,-0.13827688,0.12560756504535675,0.48855721950531006,0.3419709801673889
YMR142C,YDR003W,0,-0.13852528,0.125575453042984,0.48855721950531006,0.3420710265636444
YHR076W,YGL229C,1,-0.13859136,0.1257990300655365,0.48955222964286804,0.3420710265636444
YDR402C,YHR129C,0,-0.13869636,0.12576687335968018,0.48955222964286804,0.3421710729598999
YDR388W,YER180C,0,-0.13872865,0.12573473155498505,0.48955222964286804,0.3422711491584778
YBR158W,YDR326C,0,-0.13888426,0.1257026046514511,0.48955222964286804,0.3423711955547333
YGL161C,YPR016C,0,-0.1388889,0.12567049264907837,0.48955222964286804,0.34247124195098877
YER029C,YBR048W,0,-0.13891168,0.12563841044902802,0.48955222964286804,0.34257128834724426
YBR058C,YGL251C,0,-0.1390436,0.12560632824897766,0.48955222964286804,0.34267133474349976
YEL064C,YOR347C,0,-0.13910234,0.1255742758512497,0.48955222964286804,0.34277138113975525
YLR385C,YFR008W,0,-0.1391033,0.12554222345352173,0.48955222964286804,0.34287142753601074
YLR418C,YNL189W,0,-0.13924026,0.12551020085811615,0.48955222964286804,0.34297147393226624
YBR159W,YLR126C,0,-0.13924684,0.12547819316387177,0.48955222964286804,0.3430715501308441
YJL048C,YDR534C,0,-0.13924725,0.12544620037078857,0.48955222964286804,0.3431715965270996
YPL091W,YOR326W,0,-0.13939668,0.12541422247886658,0.48955222964286804,0.3432716429233551
YOL100W,YDR251W,0,-0.13943787,0.12538225948810577,0.48955222964286804,0.3433716893196106
YOL156W,YOR374W,0,-0.13952063,0.12535031139850616,0.48955222964286804,0.3434717357158661
YEL064C,YER111C,0,-0.13953213,0.12531839311122894,0.48955222964286804,0.3435717821121216
YOL157C,YKL028W,0,-0.13958448,0.12528647482395172,0.48955222964286804,0.3436718285083771
YDR481C,YER133W,1,-0.14000444,0.12550915777683258,0.4905472695827484,0.3436718285083771
YER174C,YBL082C,0,-0.14000663,0.12547722458839417,0.4905472695827484,0.34377187490463257
YJL106W,YDR003W,0,-0.14002077,0.12544529139995575,0.4905472695827484,0.34387192130088806
YML054C,YLR276C,0,-0.14015336,0.12541338801383972,0.4905472695827484,0.34397199749946594
YGL040C,YOR067C,0,-0.14016458,0.1253814846277237,0.4905472695827484,0.34407204389572144
YDR501W,YJL062W,0,-0.14019401,0.12534961104393005,0.4905472695827484,0.34417209029197693
YKL152C,YPL228W,1,-0.14027244,0.12557193636894226,0.4915422797203064,0.34417209029197693
YOR332W,YDR088C,0,-0.14029345,0.12554001808166504,0.4915422797203064,0.3442721366882324
YML042W,YDR077W,0,-0.14041041,0.1255081295967102,0.4915422797203064,0.3443721830844879
YLR008C,YDL033C,0,-0.14044003,0.12547625601291656,0.4915422797203064,0.3444722294807434
YAL023C,YER036C,0,-0.14060108,0.12544438242912292,0.4915422797203064,0.3445722758769989
YCR009C,YPL019C,0,-0.1407861,0.12541253864765167,0.4915422797203064,0.3446723222732544
YDR363W-A,YER070W,0,-0.14080355,0.1253807097673416,0.4915422797203064,0.3447723984718323
YCL075W,YOR069W,0,-0.14081573,0.12534889578819275,0.4915422797203064,0.34487244486808777
YBR214W,YDR362C,0,-0.14087805,0.12531709671020508,0.4915422797203064,0.34497249126434326
YDR341C,YIL115C,0,-0.14102225,0.1252853125333786,0.4915422797203064,0.34507253766059875
YAR015W,YGR286C,0,-0.1410253,0.12525354325771332,0.4915422797203064,0.34517258405685425
YBR022W,YBR164C,0,-0.141034,0.12522180378437042,0.4915422797203064,0.34527263045310974
YNL039W,YMR017W,0,-0.14103492,0.12519006431102753,0.4915422797203064,0.34537267684936523
YML042W,YPL085W,0,-0.14104283,0.12515835464000702,0.4915422797203064,0.3454727232456207
YLR373C,YDL127W,0,-0.1412577,0.1251266449689865,0.4915422797203064,0.3455727994441986
YGL137W,YKL059C,0,-0.1413905,0.1250949651002884,0.4915422797203064,0.3456728458404541
YGL137W,YPR042C,0,-0.14149387,0.12506328523159027,0.4915422797203064,0.3457728922367096
YDR329C,YDR107C,0,-0.14171526,0.12503163516521454,0.4915422797203064,0.3458729386329651
YOL007C,YOR242C,0,-0.14178295,0.125,0.4915422797203064,0.3459729850292206
YGR006W,YPL204W,0,-0.14182816,0.12496837973594666,0.4915422797203064,0.3460730314254761
YJL134W,YNL325C,1,-0.14185824,0.1251896768808365,0.49253731966018677,0.3460730314254761
YGR071C,YGL157W,0,-0.14214797,0.12515802681446075,0.49253731966018677,0.34617307782173157
YOR373W,YML005W,0,-0.14238466,0.12512639164924622,0.49253731966018677,0.34627312421798706
YMR087W,YGL190C,1,-0.14242117,0.12534748017787933,0.49353232979774475,0.34627312421798706
YJL056C,YPR031W,0,-0.14245947,0.1253158152103424,0.49353232979774475,0.34637320041656494
YML012W,YMR152W,0,-0.14251068,0.12528416514396667,0.49353232979774475,0.34647324681282043
YNR008W,YDL060W,0,-0.14261103,0.12525252997875214,0.49353232979774475,0.3465732932090759
YAL041W,YNR043W,0,-0.1427281,0.1252209097146988,0.49353232979774475,0.3466733396053314
YDL230W,YOR090C,1,-0.14279823,0.12544170022010803,0.4945273697376251,0.3466733396053314
YLR019W,YFR028C,1,-0.14280002,0.12566237151622772,0.4955223798751831,0.3466733396053314
YML113W,YBR105C,0,-0.14280783,0.1256306767463684,0.4955223798751831,0.3467733860015869
YPL091W,YMR287C,0,-0.14286038,0.1255989968776703,0.4955223798751831,0.3468734323978424
YER111C,YKL017C,0,-0.14294739,0.12556731700897217,0.4955223798751831,0.3469734787940979
YLR214W,YMR130W,0,-0.14296767,0.12553566694259644,0.4955223798751831,0.3470735251903534
YNL128W,YOR014W,1,-0.1429789,0.12575605511665344,0.4965174198150635,0.3470735251903534
YDL204W,YDR086C,0,-0.14304118,0.12572436034679413,0.4965174198150635,0.3471736013889313
YDR440W,YBR214W,0,-0.1430616,0.1256926953792572,0.4965174198150635,0.34727364778518677
YOR208W,YDR287W,1,-0.1431186,0.1259128749370575,0.49751242995262146,0.34727364778518677
YFR025C,YOL064C,1,-0.14325695,0.12613293528556824,0.49850746989250183,0.34727364778518677
YDR071C,YGL178W,0,-0.14328766,0.12610118091106415,0.49850746989250183,0.34737369418144226
YJL048C,YGR220C,0,-0.14342873,0.12606945633888245,0.49850746989250183,0.34747374057769775
YDR318W,YLR430W,0,-0.14343853,0.12603773176670074,0.49850746989250183,0.34757378697395325
YBR276C,YNL325C,1,-0.1435441,0.1262575387954712,0.4995024800300598,0.34757378697395325
YDL075W,YKL116C,0,-0.14361425,0.1262257993221283,0.4995024800300598,0.34767383337020874
YIR014W,YGR191W,0,-0.14363392,0.1261940747499466,0.4995024800300598,0.34777387976646423
YDR358W,YPR019W,0,-0.14392437,0.1261623501777649,0.4995024800300598,0.3478739261627197
YMR150C,YKL116C,0,-0.1439384,0.12613065540790558,0.4995024800300598,0.3479739725589752
YEL017C-A,YIL026C,0,-0.14397193,0.12609897553920746,0.4995024800300598,0.3480740487575531
YPR122W,YOR092W,0,-0.14397427,0.12606729567050934,0.4995024800300598,0.3481740951538086
YLR019W,YDR287W,1,-0.143979,0.12628671526908875,0.5004975199699402,0.3481740951538086
YNL146W,YOR120W,0,-0.14398669,0.12625502049922943,0.5004975199699402,0.3482741415500641
YER083C,YPL160W,0,-0.14399739,0.1262233406305313,0.5004975199699402,0.3483741879463196
YMR264W,YDR116C,0,-0.14401717,0.12619167566299438,0.5004975199699402,0.3484742343425751
YJR110W,YDR326C,0,-0.14401767,0.12616002559661865,0.5004975199699402,0.34857428073883057
YNL007C,YER012W,0,-0.14419419,0.1261283904314041,0.5004975199699402,0.34867432713508606
YDR503C,YER075C,1,-0.14422894,0.12634745240211487,0.5014925599098206,0.34867432713508606
YLR238W,YPL214C,0,-0.14426719,0.12631578743457794,0.5014925599098206,0.34877437353134155
YGL089C,YOL071W,0,-0.14464232,0.1262841373682022,0.5014925599098206,0.34887444972991943
YDL230W,YJR110W,1,-0.14467038,0.12650300562381744,0.5024875402450562,0.34887444972991943
YBL030C,YIL115C,0,-0.14477155,0.12647132575511932,0.5024875402450562,0.3489744961261749
YNL331C,YDL127W,0,-0.14482154,0.1264396607875824,0.5024875402450562,0.3490745425224304
YFR003C,YIR015W,0,-0.14486384,0.12640801072120667,0.5024875402450562,0.3491745889186859
YER173W,YOL007C,0,-0.14486943,0.12637637555599213,0.5024875402450562,0.3492746353149414
YLR356W,YER184C,0,-0.14486976,0.12634475529193878,0.5024875402450562,0.3493746817111969
YGR162W,YHR186C,0,-0.14497276,0.12631314992904663,0.5024875402450562,0.3494747281074524
YLR370C,YDR479C,0,-0.14507656,0.12628157436847687,0.5024875402450562,0.3495747745037079
YHR206W,YDR130C,0,-0.1451032,0.1262499988079071,0.5024875402450562,0.34967485070228577
YDR071C,YOL019W,0,-0.14514661,0.12621843814849854,0.5024875402450562,0.34977489709854126
YGR295C,YJL189W,0,-0.14537917,0.12618690729141235,0.5024875402450562,0.34987494349479675
YCR039C,YOR290C,0,-0.14541084,0.12615537643432617,0.5024875402450562,0.34997498989105225
YMR211W,YKR058W,0,-0.14560638,0.12612387537956238,0.5024875402450562,0.35007503628730774
YDL137W,YLR008C,0,-0.1457194,0.12609238922595978,0.5024875402450562,0.35017508268356323
YBR041W,YOL140W,0,-0.14580579,0.12606090307235718,0.5024875402450562,0.3502751290798187
YNL032W,YOR109W,1,-0.14582072,0.12627901136875153,0.5034825801849365,0.3502751290798187
YGL141W,YMR311C,0,-0.14586104,0.12624751031398773,0.5034825801849365,0.3503751754760742
YPR070W,YDR402C,0,-0.14587119,0.12621600925922394,0.5034825801849365,0.3504752516746521
YPL091W,YNL129W,0,-0.1459481,0.12618453800678253,0.5034825801849365,0.3505752980709076
YGR234W,YGL040C,0,-0.14601392,0.12615308165550232,0.5034825801849365,0.3506753444671631
YIR002C,YLR109W,0,-0.14606251,0.1261216402053833,0.5034825801849365,0.3507753908634186
YML094W,YIL111W,0,-0.14609598,0.12609021365642548,0.5034825801849365,0.3508754372596741
YML100W,YLR433C,1,-0.14609851,0.1263079196214676,0.5044776201248169,0.3508754372596741
YDR358W,YML095C,0,-0.14625056,0.12627646327018738,0.5044776201248169,0.35097548365592957
YML018C,YJL190C,0,-0.14636509,0.12624502182006836,0.5044776201248169,0.35107553005218506
YMR165C,YAL016W,1,-0.14639191,0.12646253407001495,0.5054726600646973,0.35107553005218506
YDR126W,YDR031W,0,-0.14651664,0.12643106281757355,0.5054726600646973,0.35117557644844055
YFL029C,YKR097W,0,-0.1466706,0.12639960646629333,0.5054726600646973,0.35127565264701843
YGR063C,YNL212W,0,-0.14670189,0.12636816501617432,0.5054726600646973,0.3513756990432739
YNR040W,YBR207W,0,-0.14677453,0.1263367384672165,0.5054726600646973,0.3514757454395294
YDR242W,YOR356W,0,-0.14689465,0.12630532681941986,0.5054726600646973,0.3515757918357849
YHL044W,YHL004W,0,-0.14690991,0.12627393007278442,0.5054726600646973,0.3516758382320404
YMR188C,YFL044C,0,-0.14692415,0.12624254822731018,0.5054726600646973,0.3517758846282959
YBL093C,YOR244W,0,-0.14755143,0.12621118128299713,0.5054726600646973,0.3518759310245514
YDR481C,YAL016W,1,-0.14762214,0.12642821669578552,0.5064676403999329,0.3518759310245514
YNL046W,YDR297W,0,-0.1476893,0.12639681994915009,0.5064676403999329,0.3519759774208069
YDR320C,YKL017C,0,-0.14776891,0.12636543810367584,0.5064676403999329,0.3520760238170624
YLR127C,YKL195W,0,-0.14785273,0.1263340711593628,0.5064676403999329,0.35217610001564026
YDL204W,YNL310C,0,-0.14787482,0.12630273401737213,0.5064676403999329,0.35227614641189575
YNR027W,YGR135W,0,-0.14791402,0.12627139687538147,0.5064676403999329,0.35237619280815125
YGR008C,YJL080C,0,-0.14793228,0.126240074634552,0.5064676403999329,0.35247623920440674
YDR018C,YIL039W,0,-0.14798363,0.12620878219604492,0.5064676403999329,0.35257628560066223
YBL024W,YDR486C,0,-0.1480381,0.12617748975753784,0.5064676403999329,0.3526763319969177
YIL074C,YLR188W,0,-0.1481183,0.12614622712135315,0.5064676403999329,0.3527763783931732
YER056C-A,YHR184W,0,-0.14812905,0.12611496448516846,0.5064676403999329,0.3528764247894287
YNL136W,YPR118W,0,-0.14831658,0.12608373165130615,0.5064676403999329,0.3529765009880066
YDR297W,YKL198C,0,-0.14842422,0.12605249881744385,0.5064676403999329,0.3530765473842621
YDR018C,YOR092W,0,-0.14845867,0.12602129578590393,0.5064676403999329,0.3531765937805176
YER111C,YGR037C,0,-0.14853917,0.125990092754364,0.5064676403999329,0.35327664017677307
YOR356W,YBR283C,0,-0.14880933,0.12595891952514648,0.5064676403999329,0.35337668657302856
YGL185C,YHR064C,0,-0.14888437,0.12592776119709015,0.5064676403999329,0.35347673296928406
YBR012W-A,YPL026C,0,-0.14896819,0.125896617770195,0.5064676403999329,0.35357677936553955
YKL173W,YDR390C,0,-0.14903133,0.12586547434329987,0.5064676403999329,0.35367682576179504
YPR036W,YOR228C,0,-0.14910671,0.1258343607187271,0.5064676403999329,0.3537769019603729
YPL106C,YNL189W,0,-0.14916918,0.12580326199531555,0.5064676403999329,0.3538769483566284
YDR166C,YGL031C,0,-0.14919129,0.12577217817306519,0.5064676403999329,0.3539769947528839
YGL128C,YAR007C,0,-0.1492247,0.125741109251976,0.5064676403999329,0.3540770411491394
YOL003C,YIR036C,0,-0.1495143,0.12571005523204803,0.5064676403999329,0.3541770875453949
YER083C,YDR400W,0,-0.14955963,0.12567901611328125,0.5064676403999329,0.3542771339416504
YDR060W,YGR135W,0,-0.14959142,0.12564799189567566,0.5064676403999329,0.3543771803379059
YLR127C,YML009C,0,-0.14960603,0.12561698257923126,0.5064676403999329,0.3544772267341614
YIL172C,YPL204W,0,-0.1497568,0.12558598816394806,0.5064676403999329,0.35457730293273926
YFL047W,YMR307W,0,-0.14982095,0.12555500864982605,0.5064676403999329,0.35467734932899475
YLR287C-A,YDR486C,0,-0.14988506,0.12552404403686523,0.5064676403999329,0.35477739572525024
YKL109W,YML048W,0,-0.15004216,0.1254930943250656,0.5064676403999329,0.35487744212150574
YLR201C,YGR194C,0,-0.15009047,0.12546215951442719,0.5064676403999329,0.35497748851776123
YBR207W,YOR221C,0,-0.1501136,0.12543123960494995,0.5064676403999329,0.3550775349140167
YDR479C,YKR105C,0,-0.15023373,0.1254003494977951,0.5064676403999329,0.3551775813102722
YBL039C,YCR010C,0,-0.15023725,0.12536945939064026,0.5064676403999329,0.3552776277065277
YKR014C,YJL097W,0,-0.1503254,0.1253385841846466,0.5064676403999329,0.3553776741027832
YGR295C,YDL112W,0,-0.15047747,0.12530772387981415,0.5064676403999329,0.3554777503013611
YKL109W,YDR120C,0,-0.1505272,0.12527689337730408,0.5064676403999329,0.3555777966976166
YOR208W,YOR131C,1,-0.15056907,0.125492125749588,0.5074626803398132,0.3555777966976166
YAR071W,YNL325C,1,-0.15096049,0.1257072538137436,0.5084577202796936,0.3555777966976166
YIL112W,YCR053W,0,-0.1510088,0.12567633390426636,0.5084577202796936,0.35567784309387207
YOR175C,YDR483W,0,-0.15107396,0.1256454437971115,0.5084577202796936,0.35577788949012756
YOR208W,YJL134W,1,-0.15108788,0.12586037814617157,0.509452760219574,0.35577788949012756
YER083C,YBL090W,0,-0.1511811,0.12582944333553314,0.509452760219574,0.35587793588638306
YOR131C,YOR014W,1,-0.1513141,0.12604422867298126,0.5104477405548096,0.35587793588638306
YDL195W,YJR143C,0,-0.15136816,0.12601326406002045,0.5104477405548096,0.35597798228263855
YFL029C,YDR236C,0,-0.15138625,0.12598231434822083,0.5104477405548096,0.35607802867889404
YJR126C,YJR089W,0,-0.15146203,0.1259513944387436,0.5104477405548096,0.35617807507514954
YAL013W,YER012W,0,-0.15146588,0.12592047452926636,0.5104477405548096,0.3562781512737274
YDL007W,YOR069W,0,-0.1515294,0.12588956952095032,0.5104477405548096,0.3563781976699829
YJR135C,YLR099C,0,-0.15160039,0.12585867941379547,0.5104477405548096,0.3564782440662384
YLR090W,YLL050C,0,-0.15210737,0.125827819108963,0.5104477405548096,0.3565782904624939
YGL229C,YER153C,0,-0.15211006,0.12579695880413055,0.5104477405548096,0.3566783368587494
YML015C,YOR315W,0,-0.15213613,0.1257661134004593,0.5104477405548096,0.3567783832550049
YBL106C,YPR047W,0,-0.152373,0.1257352977991104,0.5104477405548096,0.3568784296512604
YMR087W,YFR040W,1,-0.15241389,0.12594951689243317,0.5114427804946899,0.3568784296512604
YNL227C,YKL056C,0,-0.15241854,0.1259186714887619,0.5114427804946899,0.35697847604751587
YPL194W,YOR076C,0,-0.15248023,0.12588782608509064,0.5114427804946899,0.35707855224609375
YDR177W,YGR234W,0,-0.15256931,0.12585699558258057,0.5114427804946899,0.35717859864234924
YDR501W,YGR154C,0,-0.15269521,0.12582619488239288,0.5114427804946899,0.35727864503860474
YMR109W,YJR135W-A,0,-0.15272866,0.1257953941822052,0.5114427804946899,0.35737869143486023
YML129C,YBR264C,0,-0.1527826,0.1257646232843399,0.5114427804946899,0.3574787378311157
YDL065C,YDR047W,0,-0.15286298,0.1257338523864746,0.5114427804946899,0.3575787842273712
YDR503C,YER089C,1,-0.15289505,0.12594766914844513,0.5124378204345703,0.3575787842273712
YDL019C,YDR326C,0,-0.15293577,0.12591686844825745,0.5124378204345703,0.3576788306236267
YMR080C,YOR233W,0,-0.15301351,0.12588609755039215,0.5124378204345703,0.3577788770198822
YGR241C,YDL146W,0,-0.15303104,0.12585532665252686,0.5124378204345703,0.3578789532184601
YOR181W,YOR046C,0,-0.15324104,0.12582458555698395,0.5124378204345703,0.3579789996147156
YGR123C,YKR053C,1,-0.15324843,0.1260381042957306,0.5134328603744507,0.3579789996147156
YBL060W,YLR441C,0,-0.15328749,0.1260073333978653,0.5134328603744507,0.35807904601097107
YGR009C,YDR356W,0,-0.15330072,0.1259765625,0.5134328603744507,0.35817909240722656
YER091C,YLR403W,0,-0.1533037,0.1259458214044571,0.5134328603744507,0.35827913880348206
YOR155C,YDR284C,1,-0.15336417,0.12615910172462463,0.5144278407096863,0.35827913880348206
YOL105C,YDR239C,0,-0.1535642,0.12612833082675934,0.5144278407096863,0.35837918519973755
YMR036C,YOL065C,1,-0.15367708,0.12634146213531494,0.5154228806495667,0.35837918519973755
YDL099W,YJL108C,0,-0.15371163,0.12631066143512726,0.5154228806495667,0.35847923159599304
YDR022C,YKR048C,0,-0.15378521,0.12627986073493958,0.5154228806495667,0.35857927799224854
YBR245C,YML048W,0,-0.1538054,0.12624908983707428,0.5154228806495667,0.3586793541908264
YEL050C,YIR009W,0,-0.15380931,0.12621831893920898,0.5154228806495667,0.3587794005870819
YDR242W,YKL017C,0,-0.15388145,0.12618757784366608,0.5154228806495667,0.3588794469833374
YDL033C,YML113W,0,-0.15398054,0.12615683674812317,0.5154228806495667,0.3589794933795929
YGR263C,YNL115C,0,-0.15401351,0.12612612545490265,0.5154228806495667,0.3590795397758484
YNL158W,YIL072W,0,-0.15403484,0.12609542906284332,0.5154228806495667,0.3591795861721039
YKL190W,YNL222W,1,-0.15404342,0.12630809843540192,0.516417920589447,0.3591795861721039
YDR038C,YDR224C,0,-0.15406856,0.1262773722410202,0.516417920589447,0.3592796325683594
YML129C,YGR223C,0,-0.1541897,0.12624666094779968,0.516417920589447,0.35937967896461487
YNL053W,YIL113W,1,-0.1542234,0.12645913660526276,0.5174129605293274,0.35937967896461487
YER095W,YOR347C,0,-0.15426917,0.12642839550971985,0.5174129605293274,0.35947972536087036
YLR265C,YPL202C,0,-0.15447897,0.12639766931533813,0.5174129605293274,0.35957980155944824
YPL091W,YOL157C,0,-0.15456198,0.12636694312095642,0.5174129605293274,0.35967984795570374
YPR028W,YLR120C,0,-0.15465471,0.1263362467288971,0.5174129605293274,0.35977989435195923
YDL164C,YCR040W,0,-0.15465973,0.12630556523799896,0.5174129605293274,0.3598799407482147
YPR178W,YOR270C,0,-0.15468934,0.12627488374710083,0.5174129605293274,0.3599799871444702
YLR446W,YBL074C,0,-0.154723,0.12624423205852509,0.5174129605293274,0.3600800335407257
YBR237W,YHR013C,0,-0.15473117,0.12621359527111053,0.5174129605293274,0.3601800799369812
YMR298W,YDR424C,0,-0.15475585,0.12618295848369598,0.5174129605293274,0.3602801263332367
YMR298W,YLR079W,0,-0.15491565,0.12615235149860382,0.5174129605293274,0.3603802025318146
YBR001C,YJL072C,0,-0.15493543,0.12612175941467285,0.5174129605293274,0.36048024892807007
YJL143W,YBL021C,0,-0.15497097,0.12609116733074188,0.5174129605293274,0.36058029532432556
YMR070W,YAR007C,0,-0.15497625,0.1260606050491333,0.5174129605293274,0.36068034172058105
YMR156C,YMR277W,1,-0.15498608,0.12627242505550385,0.518407940864563,0.36068034172058105
YBR030W,YLR120C,0,-0.15501545,0.12624181807041168,0.518407940864563,0.36078038811683655
YLR418C,YLR446W,0,-0.15510096,0.1262112408876419,0.518407940864563,0.36088043451309204
YDL019C,YLR419W,0,-0.1551774,0.12618067860603333,0.518407940864563,0.36098048090934753
YKR104W,YMR017W,0,-0.15519859,0.12615011632442474,0.518407940864563,0.361080527305603
YGR241C,YAL062W,0,-0.1552061,0.12611958384513855,0.518407940864563,0.3611806035041809
YMR180C,YFR040W,1,-0.15520997,0.12633107602596283,0.5194029808044434,0.3611806035041809
YKL059C,YCR053W,0,-0.15525167,0.12630051374435425,0.5194029808044434,0.3612806499004364
YMR088C,YDR330W,0,-0.15552212,0.12626995146274567,0.5194029808044434,0.3613806962966919
YMR088C,YDL130W,0,-0.15573598,0.12623941898345947,0.5194029808044434,0.3614807426929474
YMR080C,YLR207W,0,-0.15582097,0.12620890140533447,0.5194029808044434,0.3615807890892029
YKL004W,YGL059W,0,-0.15596385,0.12617838382720947,0.5194029808044434,0.3616808354854584
YDL108W,YJR001W,0,-0.15596782,0.12614789605140686,0.5194029808044434,0.36178088188171387
YER096W,YER153C,0,-0.15601356,0.12611742317676544,0.5194029808044434,0.36188092827796936
YLR090W,YDL184C,0,-0.15604733,0.12608695030212402,0.5194029808044434,0.36198100447654724
YOL018C,YHL004W,0,-0.15610273,0.126056507229805,0.5194029808044434,0.36208105087280273
YHR153C,YDR466W,0,-0.15616854,0.12602607905864716,0.5194029808044434,0.3621810972690582
YER133W,YGR008C,0,-0.15617959,0.12599565088748932,0.5194029808044434,0.3622811436653137
YGL213C,YBL093C,0,-0.15623535,0.12596525251865387,0.5194029808044434,0.3623811900615692
YGR295C,YLR010C,0,-0.15628512,0.12593485414981842,0.5194029808044434,0.3624812364578247
YER029C,YLR448W,0,-0.15628694,0.12590448558330536,0.5194029808044434,0.3625812828540802
YBR082C,YLR048W,0,-0.15628934,0.1258741319179535,0.5194029808044434,0.3626813292503357
YPR156C,YNR001C,0,-0.15631092,0.12584377825260162,0.5194029808044434,0.3627814054489136
YLR015W,YOR063W,0,-0.15656944,0.12581345438957214,0.5194029808044434,0.36288145184516907
YEL017C-A,YNR022C,0,-0.15670744,0.12578313052654266,0.5194029808044434,0.36298149824142456
YIL138C,YKL181W,0,-0.15681781,0.12575283646583557,0.5194029808044434,0.36308154463768005
YDR071C,YPR028W,0,-0.15700865,0.12572254240512848,0.5194029808044434,0.36318159103393555
YNR050C,YPR070W,0,-0.15701117,0.12569226324558258,0.5194029808044434,0.36328163743019104
YBR105C,YPL085W,0,-0.15701306,0.12566201388835907,0.5194029808044434,0.36338168382644653
YDR533C,YIL078W,0,-0.15707217,0.12563176453113556,0.5194029808044434,0.363481730222702
YMR307W,YDR121W,0,-0.1571878,0.12560154497623444,0.5194029808044434,0.3635817766189575
YHR067W,YMR004W,0,-0.15722229,0.1255713254213333,0.5194029808044434,0.3636818528175354
YDL210W,YDL095W,0,-0.15748404,0.12554112076759338,0.5194029808044434,0.3637818992137909
YIL109C,YJR135W-A,0,-0.1575462,0.12551094591617584,0.5194029808044434,0.3638819456100464
YFL004W,YJR094W-A,0,-0.15760688,0.1254807710647583,0.5194029808044434,0.3639819920063019
YPL202C,YDR031W,0,-0.15763383,0.12545061111450195,0.5194029808044434,0.3640820384025574
YPL177C,YBL010C,0,-0.15767998,0.1254204660654068,0.5194029808044434,0.36418208479881287
YPL231W,YJL080C,0,-0.15768604,0.12539035081863403,0.5194029808044434,0.36428213119506836
YNL159C,YDL164C,0,-0.1577271,0.12536023557186127,0.5194029808044434,0.36438217759132385
YPL019C,YMR128W,0,-0.15775682,0.1253301352262497,0.5194029808044434,0.36448225378990173
YCR072C,YGR194C,0,-0.15779795,0.12530004978179932,0.5194029808044434,0.3645823001861572
YIL101C,YKL059C,0,-0.15809989,0.12526997923851013,0.5194029808044434,0.3646823465824127
YNR050C,YKR104W,0,-0.15812063,0.12523992359638214,0.5194029808044434,0.3647823929786682
YAL003W,YPR019W,0,-0.15853144,0.12520988285541534,0.5194029808044434,0.3648824393749237
YOL117W,YAL058W,0,-0.15853526,0.12517985701560974,0.5194029808044434,0.3649824857711792
YGL185C,YDR393W,0,-0.15885599,0.12514984607696533,0.5194029808044434,0.3650825321674347
YIR017C,YJR143C,0,-0.15891449,0.12511985003948212,0.5194029808044434,0.3651825785636902
YKR038C,YER096W,0,-0.15909351,0.1250898689031601,0.5194029808044434,0.36528265476226807
YER099C,YER091C,0,-0.15909715,0.12505988776683807,0.5194029808044434,0.36538270115852356
YJL101C,YGR279C,0,-0.15909956,0.12502993643283844,0.5194029808044434,0.36548274755477905
YJL097W,YJR134C,0,-0.15920798,0.125,0.5194029808044434,0.36558279395103455
YML074C,YMR163C,0,-0.15927346,0.12497007101774216,0.5194029808044434,0.36568284034729004
YCR040W,YLR078C,0,-0.1592969,0.1249401643872261,0.5194029808044434,0.36578288674354553
YKL183W,YML009C,0,-0.15971552,0.12491026520729065,0.5194029808044434,0.365882933139801
YJL165C,YLR212C,0,-0.1597552,0.12488038092851639,0.5194029808044434,0.3659829795360565
YHL040C,YDR120C,0,-0.15978402,0.12485051155090332,0.5194029808044434,0.3660830557346344
YDR128W,YLR176C,0,-0.1598564,0.12482065707445145,0.5194029808044434,0.3661831021308899
YDR380W,YOL140W,0,-0.15989621,0.12479081749916077,0.5194029808044434,0.3662831485271454
YDL204W,YCL059C,0,-0.16029967,0.12476099282503128,0.5194029808044434,0.3663831949234009
YPL179W,YDR436W,1,-0.16038112,0.12497013062238693,0.5203980207443237,0.3663831949234009
YOR315W,YLR306W,0,-0.1604577,0.12494027614593506,0.5203980207443237,0.36648324131965637
YGL106W,YDR044W,0,-0.16047658,0.12491043657064438,0.5203980207443237,0.36658328771591187
YNL330C,YIL115C,0,-0.16057457,0.12488061189651489,0.5203980207443237,0.36668333411216736
YGL211W,YNR007C,0,-0.16067804,0.1248508021235466,0.5203980207443237,0.36678338050842285
YBR213W,YLR010C,0,-0.16072212,0.1248209998011589,0.5203980207443237,0.36688342690467834
YOL005C,YPL281C,0,-0.16072817,0.124791219830513,0.5203980207443237,0.3669835031032562
YGL119W,YNR050C,0,-0.16078186,0.12476144731044769,0.5203980207443237,0.3670835494995117
YCR039C,YER070W,0,-0.1608361,0.12473169714212418,0.5203980207443237,0.3671835958957672
YOR037W,YIL034C,0,-0.16087608,0.12470195442438126,0.5203980207443237,0.3672836422920227
YBR286W,YGR223C,0,-0.16096692,0.12467222660779953,0.5203980207443237,0.3673836886882782
YHR117W,YDR400W,0,-0.1609821,0.124642513692379,0.5203980207443237,0.3674837350845337
YLR154C,YGR014W,0,-0.16098246,0.12461281567811966,0.5203980207443237,0.3675837814807892
YMR166C,YER082C,0,-0.1609865,0.12458313256502151,0.5203980207443237,0.3676838278770447
YGL173C,YNL086W,0,-0.16100505,0.12455346435308456,0.5203980207443237,0.36778390407562256
YDR436W,YMR277W,1,-0.16102995,0.1247619017958641,0.5213930606842041,0.36778390407562256
YBR024W,YJR076C,0,-0.16118138,0.12473220378160477,0.5213930606842041,0.36788395047187805
YOL152W,YPR021C,0,-0.16119136,0.12470252066850662,0.5213930606842041,0.36798399686813354
YMR217W,YPL214C,0,-0.16127641,0.12467285245656967,0.5213930606842041,0.36808404326438904
YNL061W,YOR044W,0,-0.16136229,0.12464319914579391,0.5213930606842041,0.36818408966064453
YBR198C,YMR017W,0,-0.1614149,0.12461355328559875,0.5213930606842041,0.3682841360569
YMR070W,YJL102W,0,-0.16143969,0.12458392977714539,0.5213930606842041,0.3683841824531555
YBR084W,YOR131C,0,-0.16147439,0.12455431371927261,0.5213930606842041,0.368484228849411
YML100W,YGL229C,1,-0.16157143,0.12476235628128052,0.5223880410194397,0.368484228849411
YKR053C,YLL010C,1,-0.16171513,0.12497030198574066,0.5233830809593201,0.368484228849411
YPR102C,YJL101C,0,-0.16177256,0.12494061887264252,0.5233830809593201,0.3685843050479889
YHR044C,YER133W,1,-0.1617807,0.12514841556549072,0.5243781208992004,0.3685843050479889
YLR427W,YHL047C,0,-0.16181609,0.1251187026500702,0.5243781208992004,0.3686843514442444
YBR283C,YOR369C,0,-0.16182299,0.12508900463581085,0.5243781208992004,0.3687843978404999
YOR181W,YJR155W,0,-0.16183521,0.1250593215227127,0.5243781208992004,0.36888444423675537
YMR100W,YJL121C,0,-0.16186069,0.12502965331077576,0.5243781208992004,0.36898449063301086
YNR032W,YOR155C,1,-0.16193698,0.12523719668388367,0.5253731608390808,0.36898449063301086
YJL052W,YDR534C,0,-0.16195069,0.12520749866962433,0.5253731608390808,0.36908453702926636
YLR343W,YJL052W,0,-0.16213287,0.12517781555652618,0.5253731608390808,0.36918458342552185
YKR097W,YDL184C,0,-0.1622737,0.12514813244342804,0.5253731608390808,0.36928462982177734
YDR033W,YGR026W,0,-0.16228199,0.12511847913265228,0.5253731608390808,0.3693847060203552
YLR097C,YBL037W,0,-0.16252989,0.12508884072303772,0.5253731608390808,0.3694847524166107
YGL173C,YLR357W,0,-0.1626655,0.12505921721458435,0.5253731608390808,0.3695847988128662
YAR015W,YGL211W,0,-0.16270058,0.12502959370613098,0.5253731608390808,0.3696848452091217
YMR130W,YHR086W,0,-0.16274187,0.125,0.5253731608390808,0.3697848916053772
YPL226W,YHL047C,0,-0.16283692,0.12497041374444962,0.5253731608390808,0.3698849380016327
YIR015W,YHR011W,0,-0.16286106,0.12494084239006042,0.5253731608390808,0.3699849843978882
YKR094C,YLR286C,0,-0.16293408,0.12491128593683243,0.5253731608390808,0.3700850307941437
YKR061W,YOL064C,0,-0.16300549,0.12488174438476562,0.5253731608390808,0.37018510699272156
YJL164C,YOR092W,0,-0.16314994,0.12485221028327942,0.5253731608390808,0.37028515338897705
YMR037C,YDL184C,0,-0.16323955,0.124822698533535,0.5253731608390808,0.37038519978523254
YGL253W,YHL032C,0,-0.16326661,0.12479319423437119,0.5253731608390808,0.37048524618148804
YLR459W,YHR136C,0,-0.16355239,0.12476370483636856,0.5253731608390808,0.37058529257774353
YER088C,YBR035C,0,-0.16364118,0.12473423033952713,0.5253731608390808,0.370685338973999
YBL057C,YHR064C,0,-0.16365884,0.1247047707438469,0.5253731608390808,0.3707853853702545
YNL322C,YLR327C,0,-0.16366409,0.12467532604932785,0.5253731608390808,0.37088543176651
YML054C,YLR176C,0,-0.16366784,0.1246458888053894,0.5253731608390808,0.3709854781627655
YJR098C,YGR071C,0,-0.16369565,0.12461647391319275,0.5253731608390808,0.3710855543613434
YBR213W,YDR507C,0,-0.16375165,0.12458706647157669,0.5253731608390808,0.3711856007575989
YOL007C,YNL012W,0,-0.16405334,0.12455768138170242,0.5253731608390808,0.37128564715385437
YNL306W,YBL020W,0,-0.16416124,0.12452830374240875,0.5253731608390808,0.37138569355010986
YHR206W,YOL157C,0,-0.1642928,0.12449894100427628,0.5253731608390808,0.37148573994636536
YMR130W,YMR261C,1,-0.16433062,0.12470532953739166,0.5263681411743164,0.37148573994636536
YDR520C,YGL222C,0,-0.16438611,0.1246759369969368,0.5263681411743164,0.37158578634262085
YLR459W,YJL133W,0,-0.16439508,0.12464655935764313,0.5263681411743164,0.37168583273887634
YKL135C,YML091C,0,-0.16472737,0.12461719661951065,0.5263681411743164,0.37178587913513184
YHL019C,YHR167W,0,-0.16474396,0.12458784878253937,0.5263681411743164,0.3718859553337097
YGR058W,YPL091W,0,-0.16481487,0.12455850839614868,0.5263681411743164,0.3719860017299652
YOL065C,YPL228W,1,-0.16495895,0.1247645914554596,0.5273631811141968,0.3719860017299652
YIL051C,YLR038C,0,-0.16512387,0.12473522871732712,0.5273631811141968,0.3720860481262207
YNL311C,YOR046C,0,-0.16515313,0.12470588088035583,0.5273631811141968,0.3721860945224762
YDR318W,YBR030W,0,-0.16516252,0.12467654794454575,0.5273631811141968,0.3722861409187317
YOR061W,YLR172C,0,-0.16520967,0.12464722245931625,0.5273631811141968,0.3723861873149872
YOR290C,YDR118W,0,-0.16531768,0.12461791932582855,0.5273631811141968,0.3724862337112427
YJL090C,YMR204C,0,-0.1654039,0.12458862364292145,0.5273631811141968,0.37258628010749817
YPL090C,YOR080W,0,-0.16551255,0.12455934286117554,0.5273631811141968,0.37268635630607605
YDR334W,YGL106W,0,-0.1655507,0.12453007698059082,0.5273631811141968,0.37278640270233154
YLR099C,YPL123C,0,-0.16558333,0.1245008185505867,0.5273631811141968,0.37288644909858704
YMR256C,YOL080C,0,-0.16567957,0.12447158247232437,0.5273631811141968,0.37298649549484253
YNL129W,YKR104W,0,-0.16574036,0.12444235384464264,0.5273631811141968,0.373086541891098
YNR040W,YNL115C,0,-0.16592361,0.1244131475687027,0.5273631811141968,0.3731865882873535
YDR074W,YDL051W,0,-0.1659634,0.12438394874334335,0.5273631811141968,0.373286634683609
YLR364W,YKR094C,0,-0.16600047,0.1243547648191452,0.5273631811141968,0.3733866810798645
YGL232W,YIL155C,0,-0.16617219,0.12432559579610825,0.5273631811141968,0.3734867572784424
YKR062W,YIR015W,0,-0.16635083,0.12429643422365189,0.5273631811141968,0.3735868036746979
YJR029W,YER053C,0,-0.16635247,0.12426729500293732,0.5273631811141968,0.37368685007095337
YOR124C,YHR086W,0,-0.16636091,0.12423816323280334,0.5273631811141968,0.37378689646720886
YOR043W,YML088W,0,-0.16646078,0.12420904636383057,0.5273631811141968,0.37388694286346436
YML012W,YDR086C,0,-0.16649894,0.12417994439601898,0.5273631811141968,0.37398698925971985
YOL003C,YLR212C,0,-0.16651098,0.12415085732936859,0.5273631811141968,0.37408703565597534
YDL166C,YLR192C,0,-0.16675752,0.1241217777132988,0.5273631811141968,0.37418708205223083
YOR288C,YLR038C,0,-0.16687408,0.1240927204489708,0.5273631811141968,0.3742871582508087
YGR263C,YGL003C,0,-0.16721992,0.12406367063522339,0.5273631811141968,0.3743872046470642
YHR206W,YKR059W,0,-0.16728987,0.12403463572263718,0.5273631811141968,0.3744872510433197
YMR211W,YJL158C,0,-0.16741423,0.12400561571121216,0.5273631811141968,0.3745872974395752
YNL292W,YBL021C,0,-0.16742119,0.12397661060094833,0.5273631811141968,0.3746873438358307
YJR015W,YPR184W,0,-0.16744654,0.1239476129412651,0.5273631811141968,0.3747873902320862
YDR011W,YEL058W,0,-0.16747735,0.12391863763332367,0.5273631811141968,0.3748874366283417
YLR427W,YGL059W,0,-0.16755806,0.12388966977596283,0.5273631811141968,0.37498748302459717
YNL311C,YIL093C,0,-0.16782404,0.12386071681976318,0.5273631811141968,0.37508752942085266
YCR040W,YEL021W,0,-0.16786431,0.12383177876472473,0.5273631811141968,0.37518760561943054
YMR235C,YMR042W,0,-0.1679015,0.12380284816026688,0.5273631811141968,0.37528765201568604
YIL126W,YOR322C,0,-0.16794333,0.12377393990755081,0.5273631811141968,0.37538769841194153
YGR218W,YLR014C,0,-0.16795337,0.12374503910541534,0.5273631811141968,0.375487744808197
YER025W,YBR299W,0,-0.16799107,0.12371615320444107,0.5273631811141968,0.3755877912044525
YOL003C,YMR233W,0,-0.16803458,0.12368728220462799,0.5273631811141968,0.375687837600708
YOL123W,YDR047W,0,-0.1682765,0.1236584261059761,0.5273631811141968,0.3757878839969635
YML077W,YHL036W,0,-0.16852972,0.12362957745790482,0.5273631811141968,0.375887930393219
YIL109C,YGR047C,0,-0.16854943,0.12360074371099472,0.5273631811141968,0.3759880065917969
YMR223W,YBR166C,0,-0.16857184,0.12357192486524582,0.5273631811141968,0.37608805298805237
YHL019C,YDR483W,0,-0.16881548,0.12354312092065811,0.5273631811141968,0.37618809938430786
YGR029W,YDR093W,0,-0.16882019,0.1235143318772316,0.5273631811141968,0.37628814578056335
YJL170C,YMR312W,0,-0.16887522,0.12348555773496628,0.5273631811141968,0.37638819217681885
YKL004W,YDR362C,0,-0.1690164,0.12345679104328156,0.5273631811141968,0.37648823857307434
YER091C,YDR003W,0,-0.16903727,0.12342803925275803,0.5273631811141968,0.37658828496932983
YDL166C,YDR418W,0,-0.1690536,0.12339930236339569,0.5273631811141968,0.3766883313655853
YER029C,YJL158C,0,-0.16909668,0.12337058037519455,0.5273631811141968,0.3767884075641632
YNL128W,YJR075W,0,-0.16909808,0.123341865837574,0.5273631811141968,0.3768884539604187
YEL038W,YHR028C,0,-0.1690986,0.12331316620111465,0.5273631811141968,0.3769885003566742
YDL120W,YPL068C,0,-0.16913758,0.1232844814658165,0.5273631811141968,0.3770885467529297
YOR063W,YBR297W,0,-0.16918151,0.12325581163167953,0.5273631811141968,0.3771885931491852
YKL140W,YKL034W,0,-0.16919143,0.12322715669870377,0.5273631811141968,0.3772886395454407
YFR025C,YOR090C,1,-0.16923217,0.12343095988035202,0.5283582210540771,0.3772886395454407
YDL130W,YBL057C,0,-0.16924755,0.12340227514505386,0.5283582210540771,0.37738868594169617
YDR046C,YLR099C,0,-0.16926807,0.1233736053109169,0.5283582210540771,0.37748873233795166
YLR414C,YOR322C,0,-0.16927883,0.12334495037794113,0.5283582210540771,0.37758880853652954
YNL330C,YPR019W,0,-0.1693419,0.12331630289554596,0.5283582210540771,0.37768885493278503
YOR124C,YPL195W,0,-0.16942753,0.12328767031431198,0.5283582210540771,0.3777889013290405
YOL003C,YJL148W,0,-0.16949216,0.1232590526342392,0.5283582210540771,0.377888947725296
YOR151C,YGR295C,0,-0.16953593,0.1232304498553276,0.5283582210540771,0.3779889941215515
YDL236W,YMR277W,1,-0.1697407,0.12343387305736542,0.5293532609939575,0.3779889941215515
YOL117W,YGR279C,0,-0.16979767,0.12340524047613144,0.5293532609939575,0.378089040517807
YOR037W,YNL115C,0,-0.16989283,0.12337662279605865,0.5293532609939575,0.3781890869140625
YOR373W,YBR097W,0,-0.17022568,0.12334802001714706,0.5293532609939575,0.378289133310318
YDR253C,YPL172C,0,-0.17034358,0.12331942468881607,0.5293532609939575,0.3783891797065735
YIR017C,YNL091W,0,-0.17037481,0.12329084426164627,0.5293532609939575,0.37848925590515137
YKL156W,YOL125W,0,-0.17043446,0.12326227873563766,0.5293532609939575,0.37858930230140686
YBR022W,YBR276C,1,-0.17071813,0.12346536666154861,0.5303482413291931,0.37858930230140686
YJL019W,YDR342C,0,-0.17085841,0.12343677878379822,0.5303482413291931,0.37868934869766235
YOR131C,YFR025C,1,-0.17108153,0.12363973259925842,0.5313432812690735,0.37868934869766235
YGR001C,YHR011W,0,-0.17113777,0.12361110746860504,0.5313432812690735,0.37878939509391785
YLR098C,YDR169C,0,-0.1711974,0.12358250468969345,0.5313432812690735,0.37888944149017334
YBL075C,YDL108W,0,-0.17122842,0.12355390936136246,0.5313432812690735,0.37898948788642883
YIL070C,YIL027C,0,-0.17135508,0.12352532893419266,0.5313432812690735,0.3790895342826843
YBR142W,YOL002C,0,-0.17169036,0.12349676340818405,0.5313432812690735,0.3791895806789398
YPL271W,YDL127W,0,-0.17172375,0.12346820533275604,0.5313432812690735,0.3792896568775177
YNR008W,YOR270C,0,-0.17176126,0.12343966960906982,0.5313432812690735,0.3793897032737732
YDR420W,YKR097W,0,-0.171796,0.1234111413359642,0.5313432812690735,0.3794897496700287
YDR425W,YKL017C,0,-0.17184927,0.12338262796401978,0.5313432812690735,0.3795897960662842
YOR208W,YNL010W,1,-0.17186405,0.12358512729406357,0.5323383212089539,0.3795897960662842
YJL062W,YML087C,0,-0.17198685,0.12355658411979675,0.5323383212089539,0.3796898424625397
YAL020C,YPL026C,0,-0.17205937,0.12352805584669113,0.5323383212089539,0.37978988885879517
YDR247W,YDR003W,0,-0.17206334,0.12349953502416611,0.5323383212089539,0.37988993525505066
YOL125W,YDR047W,0,-0.17218134,0.12347103655338287,0.5323383212089539,0.37998998165130615
YBR158W,YOR369C,0,-0.17238088,0.12344254553318024,0.5323383212089539,0.38009005784988403
YOL030W,YER030W,0,-0.17253064,0.1234140694141388,0.5323383212089539,0.3801901042461395
YNL128W,YMR087W,1,-0.17256038,0.12361623346805573,0.5333333611488342,0.3801901042461395
YLR134W,YLR121C,0,-0.17257503,0.12358773499727249,0.5333333611488342,0.380290150642395
YDR425W,YDL007W,0,-0.17276274,0.12355924397706985,0.5333333611488342,0.3803901970386505
YMR180C,YNL222W,1,-0.1727923,0.12376123666763306,0.5343283414840698,0.3803901970386505
YPL060W,YJL133W,0,-0.17282538,0.12373271584510803,0.5343283414840698,0.380490243434906
YHL008C,YOL077C,0,-0.17301333,0.1237042173743248,0.5343283414840698,0.3805902898311615
YJR009C,YHL047C,0,-0.17316283,0.12367572635412216,0.5343283414840698,0.380690336227417
YMR098C,YOR063W,0,-0.17334937,0.12364725023508072,0.5343283414840698,0.3807903826236725
YLR410W,YPL228W,1,-0.17341185,0.12384898960590363,0.5353233814239502,0.3807903826236725
YDR011W,YPL172C,0,-0.17341682,0.1238204836845398,0.5353233814239502,0.38089045882225037
YPL048W,YPL154C,0,-0.1734632,0.12379199266433716,0.5353233814239502,0.38099050521850586
YDR297W,YGL039W,0,-0.1735514,0.12376351654529572,0.5353233814239502,0.38109055161476135
YIL125W,YOR043W,0,-0.17359029,0.12373504787683487,0.5353233814239502,0.38119059801101685
YJR033C,YOL072W,0,-0.17393558,0.12370660156011581,0.5353233814239502,0.38129064440727234
YBR092C,YBL037W,0,-0.17399633,0.12367816269397736,0.5353233814239502,0.38139069080352783
YER120W,YLR221C,0,-0.1740659,0.12364973872900009,0.5353233814239502,0.3814907371997833
YMR152W,YLR327C,0,-0.17425947,0.12362132221460342,0.5353233814239502,0.3815907835960388
YAL035W,YKL212W,0,-0.17426166,0.12359292805194855,0.5353233814239502,0.3816908597946167
YDR503C,YOL005C,0,-0.17429227,0.12356454133987427,0.5353233814239502,0.3817909061908722
YOR076C,YPL017C,0,-0.17429866,0.12353616207838058,0.5353233814239502,0.3818909525871277
YIL171W,YPR081C,0,-0.17439747,0.12350780516862869,0.5353233814239502,0.3819909989833832
YGR292W,YDR326C,0,-0.17444877,0.1234794557094574,0.5353233814239502,0.38209104537963867
YER120W,YHR161C,0,-0.17451186,0.1234511211514473,0.5353233814239502,0.38219109177589417
YEL061C,YNL012W,0,-0.17477144,0.12342280149459839,0.5353233814239502,0.38229113817214966
YGR088W,YER131W,0,-0.17488231,0.12339449673891068,0.5353233814239502,0.38239118456840515
YKR048C,YDL130W-A,0,-0.17488696,0.12336619943380356,0.5353233814239502,0.38249123096466064
YNL053W,YLR019W,1,-0.17495379,0.12356717139482498,0.5363184213638306,0.38249123096466064
YLR048W,YIR017C,0,-0.17498967,0.12353885173797607,0.5363184213638306,0.3825913071632385
YIR026C,YJL134W,1,-0.1750701,0.12373968958854675,0.5373134613037109,0.3825913071632385
YCL059C,YGR135W,0,-0.17509212,0.12371134012937546,0.5373134613037109,0.382691353559494
YJR104C,YDL129W,0,-0.1750976,0.12368300557136536,0.5373134613037109,0.3827913999557495
YPL220W,YDR507C,0,-0.17528011,0.12365468591451645,0.5373134613037109,0.382891446352005
YNR001C,YGR220C,0,-0.17533936,0.12362637370824814,0.5373134613037109,0.3829914927482605
YBR207W,YPL155C,0,-0.17536068,0.12359807640314102,0.5373134613037109,0.383091539144516
YML085C,YDL065C,0,-0.17538323,0.1235697939991951,0.5373134613037109,0.3831915855407715
YGR203W,YBL056W,1,-0.17545478,0.12377030402421951,0.5383084416389465,0.3831915855407715
YMR289W,YER088C,0,-0.17564994,0.1237419918179512,0.5383084416389465,0.383291631937027
YBR048W,YER106W,0,-0.17569228,0.12371369451284409,0.5383084416389465,0.38339170813560486
YBR105C,YCR094W,0,-0.17579746,0.12368541210889816,0.5383084416389465,0.38349175453186035
YMR042W,YMR256C,0,-0.1758414,0.12365714460611343,0.5383084416389465,0.38359180092811584
YNL158W,YLR448W,0,-0.17595725,0.1236288845539093,0.5383084416389465,0.38369184732437134
YLL038C,YPL154C,0,-0.17597602,0.12360063940286636,0.5383084416389465,0.38379189372062683
YPL271W,YDL195W,0,-0.17598264,0.12357240915298462,0.5383084416389465,0.3838919401168823
YLR134W,YBR012W-A,0,-0.17600746,0.12354418635368347,0.5383084416389465,0.3839919865131378
YLR212C,YIL145C,0,-0.176015,0.12351597845554352,0.5383084416389465,0.3840920329093933
YER053C,YBR012W-B,0,-0.17603715,0.12348778545856476,0.5383084416389465,0.3841921091079712
YNL112W,YER089C,0,-0.17605533,0.12345960736274719,0.5383084416389465,0.3842921555042267
YIL034C,YLR450W,0,-0.17609271,0.12343143671751022,0.5383084416389465,0.3843922019004822
YLL062C,YNR040W,0,-0.17612036,0.12340328097343445,0.5383084416389465,0.38449224829673767
YNL280C,YER095W,0,-0.17633472,0.12337514013051987,0.5383084416389465,0.38459229469299316
YLL001W,YDR288W,0,-0.17649567,0.12334701418876648,0.5383084416389465,0.38469234108924866
YGR234W,YCR075C,0,-0.17650466,0.12331889569759369,0.5383084416389465,0.38479238748550415
YAL016W,YBR125C,1,-0.17656337,0.1235186904668808,0.5393034815788269,0.38479238748550415
YER133W,YHR215W,1,-0.1767328,0.12371838837862015,0.5402985215187073,0.38479238748550415
YOL003C,YKL056C,0,-0.17684864,0.12369020283222198,0.5402985215187073,0.38489243388175964
YKL108W,YGR076C,0,-0.17685233,0.12366203963756561,0.5402985215187073,0.3849925100803375
YHR046C,YJL048C,0,-0.17686042,0.12363387644290924,0.5402985215187073,0.385092556476593
YDR074W,YKL140W,0,-0.17692618,0.12360573559999466,0.5402985215187073,0.3851926028728485
YNL292W,YPL060W,0,-0.17694551,0.12357760220766068,0.5402985215187073,0.385292649269104
YMR289W,YGR124W,0,-0.17698017,0.12354949116706848,0.5402985215187073,0.3853926956653595
YEL064C,YIL051C,0,-0.17700107,0.12352138012647629,0.5402985215187073,0.385492742061615
YJR134C,YGL157W,0,-0.17706071,0.12349329143762589,0.5402985215187073,0.3855927884578705
YOL127W,YLR045C,0,-0.17712201,0.12346521019935608,0.5402985215187073,0.385692834854126
YMR289W,YER020W,0,-0.17736454,0.12343714386224747,0.5402985215187073,0.38579291105270386
YDL164C,YPR102C,0,-0.17744146,0.12340909242630005,0.5402985215187073,0.38589295744895935
YER068W,YNL268W,0,-0.1776268,0.12338104844093323,0.5402985215187073,0.38599300384521484
YDR487C,YER106W,0,-0.17764086,0.1233530193567276,0.5402985215187073,0.38609305024147034
YIL093C,YOR061W,0,-0.17768502,0.12332500517368317,0.5402985215187073,0.38619309663772583
YML012W,YHR011W,0,-0.17771415,0.12329700589179993,0.5402985215187073,0.3862931430339813
YDL047W,YNL222W,1,-0.17777024,0.12349602580070496,0.5412935614585876,0.3862931430339813
YMR297W,YMR289W,0,-0.17785971,0.12346799671649933,0.5412935614585876,0.3863931894302368
YER133W,YGR203W,1,-0.17804171,0.12366688996553421,0.5422885417938232,0.3863931894302368
YIR015W,YGL227W,0,-0.17825381,0.12363883852958679,0.5422885417938232,0.3864932358264923
YNL098C,YLR441C,0,-0.1782932,0.12361079454421997,0.5422885417938232,0.3865932822227478
YOR224C,YMR056C,0,-0.17836007,0.12358276546001434,0.5422885417938232,0.3866933584213257
YJL133W,YOL056W,0,-0.1784033,0.12355475127696991,0.5422885417938232,0.3867934048175812
YMR043W,YGR071C,0,-0.1787439,0.12352674454450607,0.5422885417938232,0.38689345121383667
YEL038W,YOL064C,1,-0.1788306,0.12372535467147827,0.5432835817337036,0.38689345121383667
YBR048W,YOR217W,0,-0.17885706,0.12369732558727264,0.5432835817337036,0.38699349761009216
YIL112W,YDR288W,0,-0.17888488,0.12366931140422821,0.5432835817337036,0.38709354400634766
YOL100W,YBR097W,0,-0.17902757,0.12364130467176437,0.5432835817337036,0.38719359040260315
YLR356W,YPR042C,0,-0.17903624,0.12361331284046173,0.5432835817337036,0.38729363679885864
YGR191W,YDR054C,0,-0.17911299,0.12358533591032028,0.5432835817337036,0.38739368319511414
YOR037W,YMR285C,0,-0.17916094,0.12355736643075943,0.5432835817337036,0.387493759393692
YHR021C,YBR097W,0,-0.17923607,0.12352941185235977,0.5432835817337036,0.3875938057899475
YHR086W,YJL190C,0,-0.17923787,0.12350147217512131,0.5432835817337036,0.387693852186203
YCL063W,YNL129W,0,-0.17936173,0.12347353994846344,0.5432835817337036,0.3877938985824585
YAL021C,YPL111W,0,-0.17945854,0.12344562262296677,0.5432835817337036,0.387893944978714
YKL088W,YPR032W,0,-0.17960411,0.12341772019863129,0.5432835817337036,0.3879939913749695
YJR104C,YLR287C-A,0,-0.17972855,0.123389832675457,0.5432835817337036,0.388094037771225
YLR377C,YFR025C,1,-0.17979646,0.12358789145946503,0.544278621673584,0.388094037771225
YKR061W,YAL034W-A,0,-0.17980765,0.12355997413396835,0.544278621673584,0.38819408416748047
YGR292W,YDR047W,0,-0.17984906,0.12353207170963287,0.544278621673584,0.38829416036605835
YDL024C,YNL106C,1,-0.1799147,0.12372995913028717,0.5452736616134644,0.38829416036605835
YMR043W,YBR055C,0,-0.18022124,0.1237020343542099,0.5452736616134644,0.38839420676231384
YLR192C,YDL017W,0,-0.18024828,0.12367411702871323,0.5452736616134644,0.38849425315856934
YJR060W,YBR297W,0,-0.18040688,0.12364620715379715,0.5452736616134644,0.38859429955482483
YJR139C,YGR075C,0,-0.18051738,0.12361831963062286,0.5452736616134644,0.3886943459510803
YPL159C,YER173W,0,-0.1805609,0.12359043955802917,0.5452736616134644,0.3887943923473358
YBL103C,YPR063C,0,-0.18060984,0.12356256693601608,0.5452736616134644,0.3888944387435913
YHL008C,YDR421W,0,-0.18061349,0.12353471666574478,0.5452736616134644,0.3889944851398468
YGL191W,YDR088C,0,-0.18076141,0.12350687384605408,0.5452736616134644,0.3890945613384247
YIR015W,YLR438C-A,0,-0.18076606,0.12347904592752457,0.5452736616134644,0.3891946077346802
YER096W,YJR045C,0,-0.18088073,0.12345122545957565,0.5452736616134644,0.38929465413093567
YHL047C,YBR245C,0,-0.18092126,0.12342341989278793,0.5452736616134644,0.38939470052719116
YOL133W,YCR092C,0,-0.18110022,0.12339562922716141,0.5452736616134644,0.38949474692344666
YDL141W,YAL003W,0,-0.18127798,0.12336785346269608,0.5452736616134644,0.38959479331970215
YMR128W,YGR075C,0,-0.18128018,0.12334008514881134,0.5452736616134644,0.38969483971595764
YER068W,YML087C,0,-0.18129022,0.1233123317360878,0.5452736616134644,0.38979488611221313
YDR118W,YJL062W,0,-0.18131359,0.12328458577394485,0.5452736616134644,0.389894962310791
YDL190C,YIR023W,0,-0.18132864,0.1232568621635437,0.5452736616134644,0.3899950087070465
YLR038C,YPL155C,0,-0.1813656,0.12322914600372314,0.5452736616134644,0.390095055103302
YDL069C,YER061C,0,-0.18145162,0.12320143729448318,0.5452736616134644,0.3901951014995575
YDR312W,YJL165C,0,-0.18149641,0.12317374348640442,0.5452736616134644,0.390295147895813
YBR041W,YGR101W,0,-0.18153171,0.12314606457948685,0.5452736616134644,0.3903951942920685
YIL034C,YGR295C,0,-0.18173985,0.12311840057373047,0.5452736616134644,0.390495240688324
YAL041W,YFL036W,0,-0.1818615,0.12309074401855469,0.5452736616134644,0.39059528708457947
YJR001W,YHR160C,0,-0.18193595,0.1230631023645401,0.5452736616134644,0.39069533348083496
YPR166C,YLR381W,0,-0.18238701,0.1230354756116867,0.5452736616134644,0.39079540967941284
YHR140W,YBL061C,0,-0.18243842,0.12300785630941391,0.5452736616134644,0.39089545607566833
YKL164C,YNL096C,0,-0.18249476,0.12298025190830231,0.5452736616134644,0.39099550247192383
YLR214W,YDR447C,0,-0.18250991,0.1229526624083519,0.5452736616134644,0.3910955488681793
YNL049C,YAR010C,0,-0.18263781,0.12292508035898209,0.5452736616134644,0.3911955952644348
YBR156C,YGL040C,0,-0.18266444,0.12289751321077347,0.5452736616134644,0.3912956416606903
YDR376W,YLR433C,0,-0.18269487,0.12286995351314545,0.5452736616134644,0.3913956880569458
YDR520C,YOR369C,0,-0.182743,0.12284240871667862,0.5452736616134644,0.3914957344532013
YPL159C,YJR089W,0,-0.1827947,0.12281487882137299,0.5452736616134644,0.3915958106517792
YNL191W,YGR218W,0,-0.1828667,0.12278736382722855,0.5452736616134644,0.39169585704803467
YGR123C,YDL024C,1,-0.18291385,0.12298387289047241,0.5462686419487,0.39169585704803467
YBR036C,YER048W-A,0,-0.1830636,0.12295632809400558,0.5462686419487,0.39179590344429016
YAL016W,YNL106C,1,-0.18307967,0.1231527104973793,0.5472636818885803,0.39179590344429016
YGL119W,YLR286C,0,-0.18311302,0.12312514334917068,0.5472636818885803,0.39189594984054565
YEL013W,YDR252W,0,-0.18319938,0.12309758365154266,0.5472636818885803,0.39199599623680115
YDR022C,YBL082C,0,-0.18327002,0.12307003885507584,0.5472636818885803,0.39209604263305664
YJR075W,YLR186W,0,-0.1833195,0.1230425089597702,0.5472636818885803,0.39219608902931213
YDR107C,YNR020C,0,-0.18336911,0.12301498651504517,0.5472636818885803,0.3922961354255676
YGL178W,YJR134C,0,-0.18337737,0.12298747897148132,0.5472636818885803,0.3923962116241455
YPR102C,YMR004W,0,-0.18346524,0.12295997887849808,0.5472636818885803,0.392496258020401
YJR015W,YGR218W,0,-0.18352425,0.12293250113725662,0.5472636818885803,0.3925963044166565
YBL078C,YLR287C-A,0,-0.18364564,0.12290503084659576,0.5472636818885803,0.392696350812912
YGL223C,YPL172C,0,-0.18375312,0.1228775680065155,0.5472636818885803,0.3927963972091675
YLR419W,YPL038W,0,-0.1839785,0.12285012006759644,0.5472636818885803,0.392896443605423
YLR040C,YNR007C,0,-0.18399899,0.12282268702983856,0.5472636818885803,0.39299649000167847
YIL004C,YDR086C,0,-0.18417974,0.12279526889324188,0.5472636818885803,0.39309653639793396
YER088C,YOL117W,0,-0.18428914,0.1227678582072258,0.5472636818885803,0.39319661259651184
YFR028C,YLR433C,1,-0.18437637,0.12296362221240997,0.5482587218284607,0.39319661259651184
YER095W,YDR342C,0,-0.18440104,0.1229361891746521,0.5482587218284607,0.39329665899276733
YLR099C,YNL289W,0,-0.18440579,0.12290876358747482,0.5482587218284607,0.3933967053890228
YOL018C,YMR056C,0,-0.18445961,0.12288135290145874,0.5482587218284607,0.3934967517852783
YER088C,YEL059C-A,0,-0.18447016,0.12285395711660385,0.5482587218284607,0.3935967981815338
YLL013C,YJR126C,0,-0.18454711,0.12282656878232956,0.5482587218284607,0.3936968445777893
YHR067W,YIL112W,0,-0.1845626,0.12279919534921646,0.5482587218284607,0.3937968909740448
YMR130W,YML057W,1,-0.18459235,0.12299465388059616,0.5492537021636963,0.3937968909740448
YCR072C,YOR270C,0,-0.18460302,0.12296725064516068,0.5492537021636963,0.3938969373703003
YMR180C,YIL113W,1,-0.18462434,0.12316258251667023,0.5502487421035767,0.3938969373703003
YLL062C,YKL017C,0,-0.18467285,0.12313515692949295,0.5502487421035767,0.3939969837665558
YKL135C,YHR017W,0,-0.18467347,0.12310774624347687,0.5502487421035767,0.39409705996513367
YMR016C,YDR038C,0,-0.18470414,0.12308035045862198,0.5502487421035767,0.39419710636138916
YAL021C,YNR047W,0,-0.1847383,0.12305296212434769,0.5502487421035767,0.39429715275764465
YGR274C,YMR042W,0,-0.18473947,0.12302558124065399,0.5502487421035767,0.39439719915390015
YHL032C,YAR018C,0,-0.18477581,0.12299822270870209,0.5502487421035767,0.39449724555015564
YHR067W,YNL096C,0,-0.18493529,0.12297087162733078,0.5502487421035767,0.39459729194641113
YMR235C,YBR009C,0,-0.18496774,0.12294352799654007,0.5502487421035767,0.3946973383426666
YDR238C,YDL065C,0,-0.18498181,0.12291620671749115,0.5502487421035767,0.3947973847389221
YMR142C,YKL135C,0,-0.18500902,0.12288888543844223,0.5502487421035767,0.3948974609375
YML027W,YJR065C,0,-0.18516378,0.1228615865111351,0.5502487421035767,0.3949975073337555
YLR170C,YDR313C,0,-0.18516792,0.12283429503440857,0.5502487421035767,0.395097553730011
YPL091W,YNL135C,0,-0.18522783,0.12280701845884323,0.5502487421035767,0.3951976001262665
YDR093W,YMR017W,0,-0.18524463,0.12277974933385849,0.5502487421035767,0.395297646522522
YGR058W,YCR053W,0,-0.18525799,0.12275249511003494,0.5502487421035767,0.39539769291877747
YER061C,YNL212W,0,-0.18528344,0.12272525578737259,0.5502487421035767,0.39549773931503296
YHR167W,YDR507C,0,-0.1853162,0.12269802391529083,0.5502487421035767,0.39559778571128845
YKL100C,YDL184C,0,-0.18534069,0.12267080694437027,0.5502487421035767,0.39569786190986633
YNR008W,YML048W,0,-0.18535244,0.1226436048746109,0.5502487421035767,0.3957979083061218
YML054C,YDL164C,0,-0.18542139,0.12261641025543213,0.5502487421035767,0.3958979547023773
YNL032W,YER075C,1,-0.18568008,0.12281090766191483,0.551243782043457,0.3958979547023773
YOL156W,YCR010C,0,-0.1857626,0.12278369069099426,0.551243782043457,0.3959980010986328
YOR090C,YCR079W,1,-0.18576816,0.12297806143760681,0.5522388219833374,0.3959980010986328
YCR098C,YPL172C,0,-0.1858544,0.12295082211494446,0.5522388219833374,0.3960980474948883
YDR425W,YGR191W,0,-0.18597625,0.1229235902428627,0.5522388219833374,0.3961980938911438
YNL077W,YKL195W,0,-0.186013,0.12289636582136154,0.5522388219833374,0.3962981402873993
YER083C,YDR134C,0,-0.1863148,0.12286916375160217,0.5522388219833374,0.3963981866836548
YMR298W,YMR098C,0,-0.1863802,0.1228419691324234,0.5522388219833374,0.39649826288223267
YML054C,YNL136W,0,-0.18644978,0.12281478196382523,0.5522388219833374,0.39659830927848816
YJL106W,YHR099W,0,-0.18648462,0.12278760969638824,0.5522388219833374,0.39669835567474365
YBL056W,YOL064C,1,-0.18666154,0.12298163771629333,0.553233802318573,0.39669835567474365
YPR178W,YIL026C,0,-0.18671171,0.12295444309711456,0.553233802318573,0.39679840207099915
YJR145C,YBR297W,0,-0.1868962,0.12292726337909698,0.553233802318573,0.39689844846725464
YKR014C,YML074C,0,-0.1869045,0.12290009111166,0.553233802318573,0.39699849486351013
YPR028W,YGL141W,0,-0.18690737,0.12287292629480362,0.553233802318573,0.3970985412597656
YCR047C,YOL019W,0,-0.1869563,0.12284577637910843,0.553233802318573,0.3971985876560211
YKL089W,YDR534C,0,-0.18702431,0.12281864136457443,0.553233802318573,0.397298663854599
YDR022C,YGR002C,0,-0.1870546,0.12279152125120163,0.553233802318573,0.3973987102508545
YLR287C-A,YOR246C,0,-0.18707666,0.12276440858840942,0.553233802318573,0.39749875664711
YOL103W,YDR393W,0,-0.1871459,0.12273730337619781,0.553233802318573,0.3975988030433655
YJR158W,YCL055W,0,-0.18724127,0.122710220515728,0.553233802318573,0.39769884943962097
YDR067C,YPL228W,1,-0.18728752,0.12290379405021667,0.5542288422584534,0.39769884943962097
YMR281W,YPL026C,0,-0.18729821,0.12287668138742447,0.5542288422584534,0.39779889583587646
YLR032W,YLR438C-A,0,-0.18739645,0.12284958362579346,0.5542288422584534,0.39789894223213196
YNL099C,YLL010C,1,-0.18747447,0.1230430006980896,0.5552238821983337,0.39789894223213196
YEL065W,YDR228C,0,-0.18749651,0.1230158731341362,0.5552238821983337,0.39799898862838745
YBL039C,YIL136W,0,-0.18759541,0.122988760471344,0.5552238821983337,0.39809903502464294
YAL020C,YEL065W,0,-0.18770163,0.12296165525913239,0.5552238821983337,0.3981991112232208
YMR223W,YPL220W,0,-0.1877551,0.12293456494808197,0.5552238821983337,0.3982991576194763
YGL137W,YDR288W,0,-0.18778042,0.12290748953819275,0.5552238821983337,0.3983992040157318
YHR076W,YGR208W,1,-0.1878286,0.1231006383895874,0.5562189221382141,0.3983992040157318
YBR160W,YER053C,0,-0.18811315,0.1230735331773758,0.5562189221382141,0.3984992504119873
YOR066W,YMR201C,0,-0.18825848,0.12304644286632538,0.5562189221382141,0.3985992968082428
YGL120C,YBR264C,0,-0.18826947,0.12301936745643616,0.5562189221382141,0.3986993432044983
YDL056W,YBR030W,0,-0.18827903,0.12299229949712753,0.5562189221382141,0.3987993896007538
YBR022W,YML048W,0,-0.18837911,0.1229652464389801,0.5562189221382141,0.3988994359970093
YHR215W,YGR076C,0,-0.18841575,0.12293820083141327,0.5562189221382141,0.39899951219558716
YDR056C,YBR092C,0,-0.1884463,0.12291117012500763,0.5562189221382141,0.39909955859184265
YHR101C,YML081C-A,0,-0.18845381,0.12288414686918259,0.5562189221382141,0.39919960498809814
YMR070W,YEL015W,0,-0.1885082,0.12285714596509933,0.5562189221382141,0.39929965138435364
YMR088C,YML094W,0,-0.18856025,0.12283014506101608,0.5562189221382141,0.39939969778060913
YJR058C,YOR346W,0,-0.18860136,0.12280316650867462,0.5562189221382141,0.3994997441768646
YDR326C,YOR092W,0,-0.18868819,0.12277618795633316,0.5562189221382141,0.3995997905731201
YMR307W,YIL093C,0,-0.18870886,0.12274923175573349,0.5562189221382141,0.3996998369693756
YJL073W,YOR306C,0,-0.18882136,0.12272228300571442,0.5562189221382141,0.3997999131679535
YGR035C,YHR160C,0,-0.18903463,0.12269534915685654,0.5562189221382141,0.399899959564209
YDL024C,YKR053C,1,-0.18925671,0.12288786470890045,0.5572139024734497,0.399899959564209
YLR357W,YGR135W,0,-0.1893624,0.12286090105772018,0.5572139024734497,0.4000000059604645
YKR037C,YHR181W,0,-0.18936619,0.12283395230770111,0.5572139024734497,0.40010005235671997
YDL230W,YLR377C,1,-0.18945038,0.12302631884813309,0.5582089424133301,0.40010005235671997
YPL106C,YPL159C,0,-0.18948293,0.12299934029579163,0.5582089424133301,0.40020009875297546
YDR224C,YIL124W,0,-0.1895006,0.12297238409519196,0.5582089424133301,0.40030014514923096
YEL058W,YGR189C,0,-0.18951555,0.12294542789459229,0.5582089424133301,0.40040019154548645
YGR159C,YMR016C,0,-0.18960272,0.1229184940457344,0.5582089424133301,0.40050023794174194
YBR159W,YHR207C,0,-0.18965383,0.12289156764745712,0.5582089424133301,0.4006003141403198
YIR012W,YDR069C,0,-0.18972813,0.12286464869976044,0.5582089424133301,0.4007003605365753
YGR159C,YDR402C,0,-0.18974485,0.12283775210380554,0.5582089424133301,0.4008004069328308
YAL053W,YJR089W,0,-0.18982811,0.12281085550785065,0.5582089424133301,0.4009004533290863
YPL106C,YBR237W,0,-0.18986548,0.12278398126363754,0.5582089424133301,0.4010004997253418
YMR264W,YKR009C,0,-0.19003986,0.12275711447000504,0.5582089424133301,0.4011005461215973
YBL057C,YBR251W,0,-0.190141,0.12273025512695312,0.5582089424133301,0.4012005925178528
YDR390C,YGR037C,0,-0.19034411,0.12270341068506241,0.5582089424133301,0.4013006389141083
YGR203W,YJL098W,1,-0.1903766,0.1228952556848526,0.5592039823532104,0.4013006389141083
YCL061C,YPL103C,0,-0.19039758,0.12286838889122009,0.5592039823532104,0.40140071511268616
YGR029W,YPL074W,0,-0.19044189,0.12284152954816818,0.5592039823532104,0.40150076150894165
YDR238C,YDR117C,0,-0.19048838,0.12281468510627747,0.5592039823532104,0.40160080790519714
YOR155C,YDR012W,0,-0.19063108,0.12278785556554794,0.5592039823532104,0.40170085430145264
YMR016C,YIR015W,0,-0.1906425,0.12276103347539902,0.5592039823532104,0.40180090069770813
YNL128W,YNL217W,1,-0.19069718,0.12295261025428772,0.5601990222930908,0.40180090069770813
YPL060W,YBL061C,0,-0.19078027,0.122925765812397,0.5601990222930908,0.4019009470939636
YMR257C,YLR014C,0,-0.19086425,0.12289892882108688,0.5601990222930908,0.4020009934902191
YBL057C,YJL101C,0,-0.19093214,0.12287210673093796,0.5601990222930908,0.4021010398864746
YMR298W,YGR156W,0,-0.19117042,0.12284529954195023,0.5601990222930908,0.4022010862827301
YKL140W,YMR223W,0,-0.1911845,0.12281849980354309,0.5601990222930908,0.402301162481308
YPL091W,YJR089W,0,-0.19140692,0.12279171496629715,0.5601990222930908,0.4024012088775635
YBR264C,YDR447C,0,-0.19152321,0.1227649375796318,0.5601990222930908,0.40250125527381897
YDL007W,YGR002C,0,-0.19153108,0.12273817509412766,0.5601990222930908,0.40260130167007446
YDR050C,YGR086C,0,-0.19161959,0.1227114200592041,0.5601990222930908,0.40270134806632996
YOR150W,YCR054C,0,-0.1916447,0.12268467992544174,0.5601990222930908,0.40280139446258545
YIL112W,YDL180W,0,-0.19178012,0.12265795469284058,0.5601990222930908,0.40290144085884094
YNL280C,YHR116W,0,-0.19178475,0.12263123691082001,0.5601990222930908,0.40300148725509644
YPL258C,YKL109W,0,-0.19189017,0.12260452657938004,0.5601990222930908,0.4031015634536743
YKL108W,YHL032C,0,-0.19208148,0.12257783859968185,0.5601990222930908,0.4032016098499298
YGL147C,YMR037C,0,-0.1924402,0.12255115061998367,0.5601990222930908,0.4033016562461853
YLR396C,YCR040W,0,-0.19244657,0.12252448499202728,0.5601990222930908,0.4034017026424408
YDR046C,YDL141W,0,-0.19245411,0.12249782681465149,0.5601990222930908,0.4035017490386963
YPL195W,YJL065C,0,-0.19250232,0.12247117608785629,0.5601990222930908,0.4036017954349518
YDL143W,YML124C,0,-0.19273524,0.12244454026222229,0.5601990222930908,0.4037018418312073
YPR054W,YLR403W,0,-0.19294989,0.12241791933774948,0.5601990222930908,0.40380188822746277
YGL003C,YPL143W,0,-0.19300807,0.12239130586385727,0.5601990222930908,0.40390196442604065
YMR088C,YGR154C,0,-0.19309361,0.12236469984054565,0.5601990222930908,0.40400201082229614
YNL311C,YML060W,0,-0.19310315,0.12233811616897583,0.5601990222930908,0.40410205721855164
YBR251W,YLR014C,0,-0.1931628,0.122311532497406,0.5601990222930908,0.40420210361480713
YMR235C,YDR425W,0,-0.19317791,0.12228497117757797,0.5601990222930908,0.4043021500110626
YKL195W,YMR312W,0,-0.19323839,0.12225841730833054,0.5601990222930908,0.4044021964073181
YMR109W,YJR045C,0,-0.19330534,0.1222318708896637,0.5601990222930908,0.4045022428035736
YAL053W,YPL048W,0,-0.19343005,0.12220533937215805,0.5601990222930908,0.4046022891998291
YOL064C,YIL009C-A,0,-0.19352831,0.1221788227558136,0.5601990222930908,0.404702365398407
YGL210W,YOR063W,0,-0.19354846,0.12215231359004974,0.5601990222930908,0.4048024117946625
YMR036C,YMR180C,1,-0.19359,0.12234273552894592,0.5611940026283264,0.4048024117946625
YJR104C,YER027C,0,-0.19369449,0.12231620401144028,0.5611940026283264,0.40490245819091797
YBR024W,YDR523C,0,-0.19371498,0.12228967994451523,0.5611940026283264,0.40500250458717346
YJR025C,YLR109W,0,-0.19388564,0.12226317077875137,0.5611940026283264,0.40510255098342896
YPL106C,YOL117W,0,-0.19391508,0.12223666906356812,0.5611940026283264,0.40520259737968445
YPR028W,YGR062C,0,-0.19393025,0.12221018224954605,0.5611940026283264,0.40530264377593994
YNL049C,YCR092C,0,-0.19397008,0.12218371033668518,0.5611940026283264,0.40540269017219543
YPR063C,YMR070W,0,-0.19397832,0.12215724587440491,0.5611940026283264,0.4055027365684509
YPL214C,YPR096C,0,-0.19406469,0.12213078886270523,0.5611940026283264,0.4056028127670288
YKL100C,YBR092C,0,-0.19406964,0.12210435420274734,0.5611940026283264,0.4057028591632843
YOR373W,YER184C,0,-0.19423209,0.12207791954278946,0.5611940026283264,0.4058029055595398
YOL005C,YOR092W,0,-0.19427696,0.12205150723457336,0.5611940026283264,0.4059029519557953
YDR121W,YGR286C,0,-0.19430901,0.12202509492635727,0.5611940026283264,0.4060029983520508
YBR093C,YDL006W,1,-0.19464594,0.12221501022577286,0.5621890425682068,0.4060029983520508
YGR062C,YDR380W,0,-0.19471024,0.12218858301639557,0.5621890425682068,0.4061030447483063
YLR373C,YOL030W,0,-0.19483991,0.12216216325759888,0.5621890425682068,0.40620309114456177
YDR060W,YPL214C,0,-0.19494267,0.12213575094938278,0.5621890425682068,0.40630313754081726
YNR008W,YBR030W,0,-0.19508134,0.12210936099290848,0.5621890425682068,0.40640321373939514
YDL067C,YGR014W,0,-0.19513981,0.12208297103643417,0.5621890425682068,0.40650326013565063
YDL192W,YNR020C,0,-0.19514355,0.12205659598112106,0.5621890425682068,0.40660330653190613
YDR388W,YGR279C,0,-0.195177,0.12203023582696915,0.5621890425682068,0.4067033529281616
YDL190C,YMR287C,0,-0.19518022,0.12200389057397842,0.5621890425682068,0.4068033993244171
YKL109W,YDR507C,0,-0.19521865,0.1219775453209877,0.5621890425682068,0.4069034457206726
YDR014W,YHR136C,0,-0.19560193,0.12195122241973877,0.5621890425682068,0.4070034921169281
YOR124C,YBL060W,0,-0.19586624,0.12192489951848984,0.5621890425682068,0.4071035385131836
YFL037W,YDL112W,0,-0.19588958,0.1218985989689827,0.5621890425682068,0.4072036147117615
YJR121W,YDR487C,0,-0.19598155,0.12187230587005615,0.5621890425682068,0.40730366110801697
YDR487C,YER173W,0,-0.19614919,0.1218460202217102,0.5621890425682068,0.40740370750427246
YBR093C,YAL016W,1,-0.19615456,0.12203536182641983,0.5631840825080872,0.40740370750427246
YKL156W,YPL101W,0,-0.19623147,0.12200905382633209,0.5631840825080872,0.40750375390052795
YKR014C,YNL101W,0,-0.19643432,0.12198276072740555,0.5631840825080872,0.40760380029678345
YLR370C,YBL054W,0,-0.1965379,0.1219564750790596,0.5631840825080872,0.40770384669303894
YDR495C,YKL109W,0,-0.19659567,0.12193020433187485,0.5631840825080872,0.40780389308929443
YOL105C,YJL044C,0,-0.19676353,0.12190394103527069,0.5631840825080872,0.4079039394855499
YBR299W,YJL189W,0,-0.19679417,0.12187769263982773,0.5631840825080872,0.4080040156841278
YMR198W,YKL034W,0,-0.19680542,0.12185145169496536,0.5631840825080872,0.4081040620803833
YNR020C,YDR322W,0,-0.19694875,0.12182522565126419,0.5631840825080872,0.4082041084766388
YNL166C,YIL155C,0,-0.19716826,0.12179900705814362,0.5631840825080872,0.4083041548728943
YLR015W,YDR283C,0,-0.1972229,0.12177280336618423,0.5631840825080872,0.4084042012691498
YER056C-A,YDR402C,0,-0.19725887,0.12174661457538605,0.5631840825080872,0.4085042476654053
YHR206W,YMR287C,0,-0.19731294,0.12172043323516846,0.5631840825080872,0.40860429406166077
YMR217W,YKL109W,0,-0.19734703,0.12169425934553146,0.5631840825080872,0.40870434045791626
YPR073C,YHR004C,1,-0.19756487,0.12188306450843811,0.5641791224479675,0.40870434045791626
YEL021W,YPR042C,0,-0.19757444,0.12185686826705933,0.5641791224479675,0.40880441665649414
YOR257W,YER091C,0,-0.19760178,0.12183068692684174,0.5641791224479675,0.40890446305274963
YNL012W,YLR306W,0,-0.19786613,0.12180451303720474,0.5641791224479675,0.4090045094490051
YDL056W,YDR239C,0,-0.19796889,0.12177835404872894,0.5641791224479675,0.4091045558452606
YDL130W,YLR287C-A,0,-0.19802926,0.12175220251083374,0.5641791224479675,0.4092046022415161
YGR106C,YJL133W,0,-0.19806857,0.12172606587409973,0.5641791224479675,0.4093046486377716
YER096W,YPL149W,0,-0.19807662,0.12169993668794632,0.5641791224479675,0.4094046950340271
YKR104W,YDR103W,0,-0.1980995,0.1216738224029541,0.5641791224479675,0.4095047414302826
YLR283W,YLR433C,0,-0.19811572,0.12164771556854248,0.5641791224479675,0.4096047878265381
YMR292W,YBR297W,0,-0.19811818,0.12162162363529205,0.5641791224479675,0.40970486402511597
YDR033W,YMR036C,0,-0.19834866,0.12159553915262222,0.5641791224479675,0.40980491042137146
YMR165C,YLR176C,0,-0.19839512,0.12156946957111359,0.5641791224479675,0.40990495681762695
YJL165C,YHR117W,0,-0.19842385,0.12154340744018555,0.5641791224479675,0.41000500321388245
YDL099W,YML042W,0,-0.19852924,0.1215173602104187,0.5641791224479675,0.41010504961013794
YJL044C,YNL119W,0,-0.19876307,0.12149132043123245,0.5641791224479675,0.41020509600639343
YEL015W,YMR071C,0,-0.19883569,0.1214652955532074,0.5641791224479675,0.4103051424026489
YDL043C,YBR185C,0,-0.1988894,0.12143927812576294,0.5641791224479675,0.4104051887989044
YJR143C,YDR055W,0,-0.1990061,0.12141327559947968,0.5641791224479675,0.4105052649974823
YPL149W,YPR016C,0,-0.19900648,0.12138728052377701,0.5641791224479675,0.4106053113937378
YLR098C,YGR009C,0,-0.19922678,0.12136130034923553,0.5641791224479675,0.4107053577899933
YPR102C,YER164W,0,-0.19925712,0.12133532762527466,0.5641791224479675,0.4108054041862488
YDR228C,YDL144C,0,-0.19936536,0.12130936980247498,0.5641791224479675,0.4109054505825043
YMR166C,YOR228C,0,-0.19940943,0.12128341943025589,0.5641791224479675,0.41100549697875977
YPL206C,YMR165C,0,-0.19944017,0.121257483959198,0.5641791224479675,0.41110554337501526
YNL053W,YCR079W,1,-0.1995951,0.12144537270069122,0.5651741027832031,0.41110554337501526
YLR410W,YER062C,1,-0.19963385,0.12163317948579788,0.5661691427230835,0.41110554337501526
YNL128W,YMR277W,1,-0.19972454,0.12182090431451797,0.5671641826629639,0.41110554337501526
YBR001C,YMR043W,0,-0.199856,0.12179487198591232,0.5671641826629639,0.41120558977127075
YDR253C,YDR011W,0,-0.20008524,0.12176885455846786,0.5671641826629639,0.41130566596984863
YOR174W,YDR483W,0,-0.20011398,0.121742844581604,0.5671641826629639,0.4114057123661041
YER075C,YGR203W,1,-0.20014964,0.12193038314580917,0.5681592226028442,0.4114057123661041
YBR276C,YFR040W,1,-0.20018159,0.12211784720420837,0.5691542029380798,0.4114057123661041
YNL099C,YBR276C,1,-0.20036982,0.12230522930622101,0.5701492428779602,0.4114057123661041
YHR027C,YHR064C,0,-0.20045091,0.12227912992238998,0.5701492428779602,0.4115057587623596
YDL006W,YLR381W,0,-0.20060082,0.12225303798913956,0.5701492428779602,0.4116058051586151
YOL007C,YJR089W,0,-0.2006823,0.12222696095705032,0.5701492428779602,0.4117058515548706
YDR056C,YDR003W,0,-0.20074363,0.12220089882612228,0.5701492428779602,0.4118058979511261
YAR019C,YML124C,0,-0.20074603,0.12217483669519424,0.5701492428779602,0.4119059443473816
YHR101C,YHR086W,0,-0.20083337,0.122148796916008,0.5701492428779602,0.4120059907436371
YHR206W,YGR241C,0,-0.20084561,0.12212276458740234,0.5701492428779602,0.41210606694221497
YDR071C,YIL090W,0,-0.20090877,0.12209673970937729,0.5701492428779602,0.41220611333847046
YHR067W,YOR347C,0,-0.20091349,0.12207072973251343,0.5701492428779602,0.41230615973472595
YJL156C,YER164W,0,-0.2009578,0.12204472720623016,0.5701492428779602,0.41240620613098145
YDR236C,YMR012W,0,-0.20098493,0.1220187395811081,0.5701492428779602,0.41250625252723694
YDL138W,YPL195W,0,-0.20100176,0.12199275940656662,0.5701492428779602,0.41260629892349243
YNR045W,YPR016C,0,-0.20114993,0.12196679413318634,0.5701492428779602,0.4127063453197479
YOR061W,YGL141W,0,-0.20115049,0.12194083631038666,0.5701492428779602,0.4128063917160034
YHR046C,YGL031C,0,-0.20121148,0.12191489338874817,0.5701492428779602,0.4129064679145813
YGR008C,YPR122W,0,-0.2013109,0.12188895791769028,0.5701492428779602,0.4130065143108368
YER140W,YLR450W,0,-0.20147225,0.12186303734779358,0.5701492428779602,0.4131065607070923
YJL033W,YER133W,0,-0.20160444,0.12183712422847748,0.5701492428779602,0.4132066071033478
YER111C,YPR047W,0,-0.20168036,0.12181122601032257,0.5701492428779602,0.41330665349960327
YLR019W,YHR043C,1,-0.20168088,0.1219978779554367,0.5711442828178406,0.41330665349960327
YKR090W,YLR246W,0,-0.2016865,0.12197194993495941,0.5711442828178406,0.41340669989585876
YLR126C,YGL253W,0,-0.2017527,0.12194603681564331,0.5711442828178406,0.41350674629211426
YLR385C,YOR150W,0,-0.20183277,0.1219201385974884,0.5711442828178406,0.41360679268836975
YGL161C,YIL101C,0,-0.201833,0.12189424782991409,0.5711442828178406,0.41370683908462524
YHL044W,YBL060W,0,-0.2018669,0.12186836451292038,0.5711442828178406,0.4138069152832031
YGL035C,YHR064C,0,-0.202016,0.12184249609708786,0.5711442828178406,0.4139069616794586
YEL064C,YOL133W,0,-0.20207359,0.12181663513183594,0.5711442828178406,0.4140070080757141
YMR290C,YDL127W,0,-0.20219736,0.12179078906774521,0.5711442828178406,0.4141070544719696
YDR363W-A,YBR160W,0,-0.2022711,0.12176495790481567,0.5711442828178406,0.4142071008682251
YOR246C,YKL116C,0,-0.20274486,0.12173912674188614,0.5711442828178406,0.4143071472644806
YKL156W,YCR037C,0,-0.202826,0.1217133179306984,0.5711442828178406,0.4144071936607361
YHR089C,YMR109W,0,-0.20284614,0.12168751657009125,0.5711442828178406,0.4145072400569916
YDR329C,YML012W,0,-0.20291819,0.1216617226600647,0.5711442828178406,0.41460731625556946
YER083C,YNR016C,0,-0.2029696,0.12163593620061874,0.5711442828178406,0.41470736265182495
YDR465C,YDL127W,0,-0.20297383,0.12161017209291458,0.5711442828178406,0.41480740904808044
YAL010C,YLR276C,0,-0.20308791,0.12158440798521042,0.5711442828178406,0.41490745544433594
YMR264W,YMR208W,0,-0.2031683,0.12155865877866745,0.5711442828178406,0.41500750184059143
YDR242W,YJR098C,0,-0.20327373,0.12153292447328568,0.5711442828178406,0.4151075482368469
YNL293W,YOL133W,0,-0.20332132,0.1215071976184845,0.5711442828178406,0.4152075946331024
YCL063W,YDR252W,0,-0.20336501,0.12148147821426392,0.5711442828178406,0.4153076410293579
YIL053W,YBR276C,1,-0.20356122,0.12166737020015717,0.572139322757721,0.4153076410293579
YNR032W,YER133W,1,-0.20358182,0.12185318022966385,0.5731343030929565,0.4153076410293579
YOR179C,YDR018C,0,-0.2036062,0.12182740867137909,0.5731343030929565,0.4154077172279358
YMR302C,YKR097W,0,-0.20365168,0.12180165201425552,0.5731343030929565,0.4155077636241913
YGR263C,YGR154C,0,-0.20370291,0.12177589535713196,0.5731343030929565,0.4156078100204468
YBR092C,YER133W,1,-0.20372646,0.12196153402328491,0.5741293430328369,0.4156078100204468
YOR096W,YJR135W-A,0,-0.203733,0.12193575501441956,0.5741293430328369,0.41570785641670227
YBR296C,YHR028C,0,-0.20378001,0.1219099909067154,0.5741293430328369,0.41580790281295776
YMR156C,YDL134C,1,-0.20398144,0.12209548056125641,0.5751243829727173,0.41580790281295776
YER131W,YDR520C,0,-0.20416975,0.12206969410181046,0.5751243829727173,0.41590794920921326
YAL009W,YCR079W,1,-0.20424013,0.12225506454706192,0.5761194229125977,0.41590794920921326
YJL125C,YLL001W,0,-0.20437072,0.12222925573587418,0.5761194229125977,0.41600799560546875
YPR073C,YNL010W,1,-0.2044105,0.12241452187299728,0.5771144032478333,0.41600799560546875
YNL280C,YBR033W,0,-0.2044174,0.12238869071006775,0.5771144032478333,0.41610804200172424
YDL141W,YLR450W,0,-0.20451987,0.12236286699771881,0.5771144032478333,0.4162081182003021
YAL020C,YLR448W,0,-0.2045723,0.12233705818653107,0.5771144032478333,0.4163081645965576
YMR163C,YER110C,0,-0.20458053,0.12231126427650452,0.5771144032478333,0.4164082109928131
YJL219W,YDL144C,0,-0.20461111,0.12228547036647797,0.5771144032478333,0.4165082573890686
YDL019C,YPL269W,0,-0.20461859,0.1222596988081932,0.5771144032478333,0.4166083037853241
YDL229W,YDR388W,0,-0.20475213,0.12223392724990845,0.5771144032478333,0.4167083501815796
YKR053C,YLR433C,1,-0.20483759,0.12241888046264648,0.5781094431877136,0.4167083501815796
YAL020C,YIL090W,0,-0.20488124,0.12239309400320053,0.5781094431877136,0.4168083965778351
YOR356W,YLR126C,0,-0.20491187,0.12236731499433517,0.5781094431877136,0.4169084429740906
YHL004W,YHR129C,0,-0.20498735,0.12234154343605042,0.5781094431877136,0.41700848937034607
YDR052C,YBL074C,0,-0.20511942,0.12231578677892685,0.5781094431877136,0.41710856556892395
YER140W,YFR015C,0,-0.20512958,0.12229004502296448,0.5781094431877136,0.41720861196517944
YNL306W,YNL151C,0,-0.20526262,0.1222643107175827,0.5781094431877136,0.41730865836143494
YNL128W,YOL071W,0,-0.20559335,0.12223858386278152,0.5781094431877136,0.41740870475769043
YPL121C,YJR059W,0,-0.20559676,0.12221287190914154,0.5781094431877136,0.4175087511539459
YKR059W,YOR269W,0,-0.20561042,0.12218717485666275,0.5781094431877136,0.4176087975502014
YPR036W,YKL056C,0,-0.20567499,0.12216147780418396,0.5781094431877136,0.4177088439464569
YHR046C,YGL229C,1,-0.20585528,0.12234601378440857,0.579104483127594,0.4177088439464569
YHR076W,YBR125C,1,-0.2058812,0.12253047525882721,0.5800995230674744,0.4177088439464569
YDR479C,YMR314W,0,-0.20590374,0.12250472605228424,0.5800995230674744,0.4178088903427124
YOR201C,YDR093W,0,-0.20600127,0.12247899174690247,0.5800995230674744,0.4179089665412903
YKL181W,YDR055W,0,-0.20605807,0.12245326489210129,0.5800995230674744,0.4180090129375458
YKL108W,YOL117W,0,-0.20606391,0.1224275529384613,0.5800995230674744,0.41810905933380127
YHR027C,YHR092C,0,-0.20630534,0.12240184843540192,0.5800995230674744,0.41820910573005676
YHR067W,YPL143W,0,-0.20637241,0.12237615138292313,0.5800995230674744,0.41830915212631226
YDR466W,YIL072W,0,-0.20638187,0.12235046923160553,0.5800995230674744,0.41840919852256775
YMR156C,YCR079W,1,-0.20658292,0.1225346177816391,0.58109450340271,0.41840919852256775
YBR041W,YLR106C,0,-0.2066255,0.12250891327857971,0.58109450340271,0.41850924491882324
YDL030W,YPR032W,0,-0.20671691,0.12248322367668152,0.58109450340271,0.41860929131507874
YDL127W,YOR057W,0,-0.20674446,0.12245754152536392,0.58109450340271,0.4187093675136566
YDR012W,YDR047W,0,-0.20682119,0.12243186682462692,0.58109450340271,0.4188094139099121
YLR343W,YLR450W,0,-0.20704524,0.12240620702505112,0.58109450340271,0.4189094603061676
YDL136W,YER120W,0,-0.20705523,0.12238055467605591,0.58109450340271,0.4190095067024231
YEL013W,YOR217W,0,-0.2071125,0.1223549097776413,0.58109450340271,0.4191095530986786
YBL054W,YAR010C,0,-0.20720668,0.12232928723096848,0.58109450340271,0.4192095994949341
YNL053W,YHR076W,1,-0.20758337,0.12251308560371399,0.5820895433425903,0.4192095994949341
YOL065C,YLR201C,0,-0.20760529,0.12248744070529938,0.5820895433425903,0.4193096458911896
YOL005C,YGR071C,0,-0.20760997,0.12246179580688477,0.5820895433425903,0.41940969228744507
YDR067C,YMR180C,1,-0.20774974,0.12264546006917953,0.5830845832824707,0.41940969228744507
YDR420W,YBR299W,0,-0.20778023,0.12261979281902313,0.5830845832824707,0.41950976848602295
YDL210W,YCR047C,0,-0.20782883,0.12259414047002792,0.5830845832824707,0.41960981488227844
YNL053W,YML016C,1,-0.20783192,0.12277766317129135,0.5840796232223511,0.41960981488227844
YBL078C,YDR529C,0,-0.20797466,0.12275198847055435,0.5840796232223511,0.41970986127853394
YJR033C,YER184C,0,-0.20807657,0.12272632122039795,0.5840796232223511,0.41980990767478943
YNL217W,YBL056W,1,-0.20818639,0.12290970236063004,0.5850746035575867,0.41980990767478943
YDR448W,YJR135W-A,0,-0.20818886,0.12288401275873184,0.5850746035575867,0.4199099540710449
YPL089C,YGR162W,0,-0.20830335,0.12285833805799484,0.5850746035575867,0.4200100004673004
YHL040C,YGR054W,0,-0.20846383,0.12283267080783844,0.5850746035575867,0.4201100468635559
YOR257W,YPL202C,0,-0.20851651,0.12280701845884323,0.5850746035575867,0.4202100932598114
YGL185C,YDR330W,0,-0.20858099,0.12278137356042862,0.5850746035575867,0.4203101694583893
YBL024W,YPR032W,0,-0.20864819,0.1227557435631752,0.5850746035575867,0.4204102158546448
YDR265W,YDL080C,0,-0.20881127,0.12273012101650238,0.5850746035575867,0.42051026225090027
YDR096W,YDR510W,0,-0.20887868,0.12270450592041016,0.5850746035575867,0.42061030864715576
YNR011C,YLR032W,0,-0.20906742,0.12267890572547913,0.5850746035575867,0.42071035504341125
YJL134W,YFR040W,1,-0.20954402,0.12286191433668137,0.586069643497467,0.42071035504341125
YBR205W,YOR326W,0,-0.20964852,0.12283628433942795,0.586069643497467,0.42081040143966675
YDR077W,YOR150W,0,-0.20975327,0.12281067669391632,0.586069643497467,0.42091044783592224
YHR105W,YEL021W,0,-0.20978121,0.12278507649898529,0.586069643497467,0.42101049423217773
YEL038W,YLR188W,0,-0.2097847,0.12275948375463486,0.586069643497467,0.4211105406284332
YDL229W,YHR160C,0,-0.20989485,0.12273390591144562,0.586069643497467,0.4212106168270111
YHR153C,YGL123W,0,-0.20993535,0.12270833551883698,0.586069643497467,0.4213106632232666
YHL008C,YLR433C,0,-0.20995343,0.12268277257680893,0.586069643497467,0.4214107096195221
YNL330C,YBL078C,0,-0.21000129,0.12265722453594208,0.586069643497467,0.4215107560157776
YNR061C,YGR158C,0,-0.21001281,0.12263169139623642,0.586069643497467,0.4216108024120331
YHR046C,YIR026C,1,-0.21001936,0.12281432002782822,0.5870646834373474,0.4216108024120331
YBL075C,YDR326C,0,-0.21004891,0.12278876453638077,0.5870646834373474,0.4217108488082886
YNR032W,YNL217W,1,-0.21013491,0.12297128885984421,0.5880597233772278,0.4217108488082886
YDR334W,YKL056C,0,-0.21028624,0.12294570356607437,0.5880597233772278,0.42181089520454407
YMR087W,YLL010C,1,-0.21034206,0.12312811613082886,0.5890547037124634,0.42181089520454407
YJL065C,YOL149W,0,-0.21035813,0.12310251593589783,0.5890547037124634,0.42191094160079956
YDR347W,YNL135C,0,-0.21040185,0.1230769231915474,0.5890547037124634,0.42201101779937744
YGL223C,YDL205C,0,-0.21046162,0.12305133789777756,0.5890547037124634,0.42211106419563293
YKL010C,YKL198C,0,-0.21052268,0.12302576750516891,0.5890547037124634,0.4222111105918884
YDL190C,YLR371W,0,-0.2110078,0.12300020456314087,0.5890547037124634,0.4223111569881439
YGL222C,YOR337W,0,-0.21102266,0.12297465652227402,0.5890547037124634,0.4224112033843994
YHR027C,YGR124W,0,-0.2110398,0.12294911593198776,0.5890547037124634,0.4225112497806549
YMR163C,YIL113W,0,-0.21104029,0.1229235902428627,0.5890547037124634,0.4226112961769104
YNL099C,YKL212W,1,-0.21118666,0.12310566753149033,0.5900497436523438,0.4226112961769104
YJL046W,YER147C,0,-0.21124704,0.12308011949062347,0.5900497436523438,0.4227113425731659
YML104C,YHR171W,0,-0.21127412,0.12305457890033722,0.5900497436523438,0.4228114187717438
YDL101C,YIR002C,0,-0.21131417,0.12302904576063156,0.5900497436523438,0.42291146516799927
YHR017W,YDR368W,0,-0.21135725,0.1230035275220871,0.5900497436523438,0.42301151156425476
YGR026W,YKR062W,0,-0.21136549,0.12297801673412323,0.5900497436523438,0.42311155796051025
YBR024W,YKL143W,0,-0.21153925,0.12295252084732056,0.5900497436523438,0.42321160435676575
YHL044W,YPL206C,0,-0.21154092,0.12292703241109848,0.5900497436523438,0.42331165075302124
YNL099C,YLR019W,1,-0.21168604,0.12310881167650223,0.5910447835922241,0.42331165075302124
YHR076W,YKL212W,1,-0.21168883,0.12329050898551941,0.5920398235321045,0.42331165075302124
YLR214W,YDR376W,0,-0.21212445,0.12326496839523315,0.5920398235321045,0.42341169714927673
YDR038C,YDR252W,0,-0.21223205,0.1232394352555275,0.5920398235321045,0.4235117435455322
YDR315C,YER012W,0,-0.21239199,0.12321391701698303,0.5920398235321045,0.4236118197441101
YNR061C,YPR168W,0,-0.21244025,0.12318840622901917,0.5920398235321045,0.4237118661403656
YLR446W,YLL050C,0,-0.21248977,0.1231629028916359,0.5920398235321045,0.4238119125366211
YDR067C,YBL056W,1,-0.2127198,0.12334436923265457,0.5930348038673401,0.4238119125366211
YDL019C,YPR019W,0,-0.21275716,0.12331885099411011,0.5930348038673401,0.4239119589328766
YMR247C,YKL179C,0,-0.21276404,0.12329334020614624,0.5930348038673401,0.4240120053291321
YOR047C,YEL065W,0,-0.21294938,0.12326783686876297,0.5930348038673401,0.4241120517253876
YHL016C,YPR031W,0,-0.21309297,0.1232423484325409,0.5930348038673401,0.42421209812164307
YER007W,YLR139C,0,-0.21312208,0.12321686744689941,0.5930348038673401,0.42431214451789856
YNR045W,YNR007C,0,-0.21321927,0.12319140136241913,0.5930348038673401,0.42441222071647644
YAR015W,YHR092C,0,-0.21323402,0.12316594272851944,0.5930348038673401,0.42451226711273193
YDR481C,YHR215W,1,-0.21323603,0.12334711104631424,0.5940298438072205,0.42451226711273193
YLR015W,YOR246C,0,-0.2132607,0.12332163006067276,0.5940298438072205,0.4246123135089874
YML124C,YAL062W,0,-0.21333537,0.12329615652561188,0.5940298438072205,0.4247123599052429
YHR215W,YBL074C,0,-0.21335293,0.12327069789171219,0.5940298438072205,0.4248124063014984
YPR073C,YOL147C,0,-0.2133726,0.1232452541589737,0.5940298438072205,0.4249124526977539
YLR441C,YPL202C,0,-0.21342741,0.1232198178768158,0.5940298438072205,0.4250124990940094
YAL009W,YNL222W,1,-0.2134532,0.1234007403254509,0.5950248837471008,0.4250124990940094
YLR142W,YGR009C,0,-0.21349128,0.12337528169155121,0.5950248837471008,0.4251125454902649
YEL065W,YPL089C,0,-0.21349815,0.12334983795881271,0.5950248837471008,0.4252125918865204
YDR251W,YJL136C,0,-0.21353485,0.12332439422607422,0.5950248837471008,0.42531266808509827
YHL024W,YLR430W,0,-0.21367233,0.12329896539449692,0.5950248837471008,0.42541271448135376
YPR070W,YER020W,0,-0.21368203,0.12327355146408081,0.5950248837471008,0.42551276087760925
YDL190C,YNL166C,0,-0.21374185,0.1232481449842453,0.5950248837471008,0.42561280727386475
YEL013W,YGL253W,0,-0.2138287,0.12322274595499039,0.5950248837471008,0.42571285367012024
YGL119W,YDR069C,0,-0.21384011,0.12319736182689667,0.5950248837471008,0.42581290006637573
YDR238C,YOR151C,0,-0.2141432,0.12317198514938354,0.5950248837471008,0.4259129464626312
YNL136W,YGR006W,0,-0.21415229,0.12314662337303162,0.5950248837471008,0.4260129928588867
YLR188W,YNL189W,0,-0.21420854,0.12312126904726028,0.5950248837471008,0.4261130690574646
YDL069C,YGL185C,0,-0.21424998,0.12309592217206955,0.5950248837471008,0.4262131154537201
YMR165C,YGL229C,1,-0.21436143,0.12327639758586884,0.5960199236869812,0.4262131154537201
YJL062W,YOL002C,0,-0.21449442,0.12325102835893631,0.5960199236869812,0.4263131618499756
YLR327C,YOR044W,0,-0.21457595,0.12322567403316498,0.5960199236869812,0.4264132082462311
YEL058W,YJL189W,0,-0.21468239,0.12320032715797424,0.5960199236869812,0.4265132546424866
YBR048W,YGL157W,0,-0.21484308,0.1231749951839447,0.5960199236869812,0.42661330103874207
YBR267W,YGL003C,0,-0.21505529,0.12314967066049576,0.5960199236869812,0.42671334743499756
YMR223W,YLR078C,0,-0.21509564,0.12312436103820801,0.5960199236869812,0.42681339383125305
YNL001W,YKR061W,0,-0.21519224,0.12309905141592026,0.5960199236869812,0.42691347002983093
YIL125W,YHR117W,0,-0.21524802,0.1230737641453743,0.5960199236869812,0.4270135164260864
YOL065C,YLR467W,0,-0.2152661,0.12304847687482834,0.5960199236869812,0.4271135628223419
YNL210W,YLR048W,0,-0.21528943,0.12302320450544357,0.5960199236869812,0.4272136092185974
YMR297W,YMR292W,0,-0.21529563,0.12299794703722,0.5960199236869812,0.4273136556148529
YML129C,YBR012W-B,0,-0.21536188,0.12297269701957703,0.5960199236869812,0.4274137020111084
YMR180C,YGL229C,1,-0.21542506,0.1231527104973793,0.5970149040222168,0.4274137020111084
YHR043C,YGL190C,1,-0.21559146,0.12333264946937561,0.5980099439620972,0.4274137020111084
YJL219W,YOL019W,0,-0.21592723,0.12330734729766846,0.5980099439620972,0.4275137484073639
YBR175W,YJR016C,0,-0.21615256,0.1232820525765419,0.5980099439620972,0.4276137948036194
YLL062C,YIR002C,0,-0.21617533,0.12325676530599594,0.5980099439620972,0.42771387100219727
YER086W,YAL008W,0,-0.21618919,0.12323149293661118,0.5980099439620972,0.42781391739845276
YGL137W,YPL101W,0,-0.21637185,0.1232062354683876,0.5980099439620972,0.42791396379470825
YIL004C,YOR315W,0,-0.21637346,0.12318097800016403,0.5980099439620972,0.42801401019096375
YPL106C,YKL004W,0,-0.216564,0.12315573543310165,0.5980099439620972,0.42811405658721924
YIL160C,YDR247W,0,-0.21656664,0.12313050776720047,0.5980099439620972,0.42821410298347473
YNL049C,YKL178C,0,-0.21660815,0.12310528755187988,0.5980099439620972,0.4283141493797302
YML043C,YHR025W,0,-0.21664308,0.12308007478713989,0.5980099439620972,0.4284141957759857
YLR283W,YER174C,0,-0.21676664,0.1230548694729805,0.5980099439620972,0.4285142719745636
YGR035C,YJL109C,0,-0.21685615,0.1230296790599823,0.5980099439620972,0.4286143183708191
YKL011C,YER020W,0,-0.21689205,0.1230045035481453,0.5980099439620972,0.4287143647670746
YDR107C,YLR172C,0,-0.21696846,0.12297933548688889,0.5980099439620972,0.4288144111633301
YAL010C,YPL202C,0,-0.21704407,0.12295417487621307,0.5980099439620972,0.42891445755958557
YBR092C,YDL080C,0,-0.21709011,0.12292902171611786,0.5980099439620972,0.42901450395584106
YBR125C,YLR433C,1,-0.2171597,0.1231083869934082,0.5990049839019775,0.42901450395584106
YJL102W,YPR019W,0,-0.21735962,0.1230832114815712,0.5990049839019775,0.42911455035209656
YOL019W,YNL091W,0,-0.21750501,0.12305805087089539,0.5990049839019775,0.42921459674835205
YJL153C,YKR030W,0,-0.21773116,0.12303290516138077,0.5990049839019775,0.42931464314460754
YDR247W,YOL002C,0,-0.21776032,0.12300776690244675,0.5990049839019775,0.4294147193431854
YDR065W,YLR139C,0,-0.2178045,0.12298263609409332,0.5990049839019775,0.4295147657394409
YLR192C,YDR018C,0,-0.21780999,0.1229575127363205,0.5990049839019775,0.4296148121356964
YMR130W,YJL133W,0,-0.21783192,0.12293240427970886,0.5990049839019775,0.4297148585319519
YBR240C,YLR441C,0,-0.21784563,0.12290731072425842,0.5990049839019775,0.4298149049282074
YNL293W,YLR419W,0,-0.21784672,0.12288221716880798,0.5990049839019775,0.4299149513244629
YCR072C,YNL098C,0,-0.21786396,0.12285714596509933,0.5990049839019775,0.4300149977207184
YLR419W,YDR177W,0,-0.2179466,0.12283207476139069,0.5990049839019775,0.4301150441169739
YEL038W,YBR126C,1,-0.21797578,0.123011015355587,0.6000000238418579,0.4301150441169739
YDR312W,YMR109W,0,-0.21799597,0.12298592925071716,0.6000000238418579,0.43021512031555176
YDL229W,YJR076C,0,-0.21814866,0.12296085059642792,0.6000000238418579,0.43031516671180725
YDR501W,YGR262C,0,-0.21835278,0.12293577939271927,0.6000000238418579,0.43041521310806274
YAL020C,YAL035W,0,-0.21841662,0.12291072309017181,0.6000000238418579,0.43051525950431824
YOL003C,YER180C,0,-0.21846108,0.12288567423820496,0.6000000238418579,0.43061530590057373
YLR097C,YML088W,0,-0.21847486,0.1228606328368187,0.6000000238418579,0.4307153522968292
YGL173C,YDL085W,0,-0.21853551,0.12283560633659363,0.6000000238418579,0.4308153986930847
YOL005C,YDR065W,0,-0.21859595,0.12281058728694916,0.6000000238418579,0.4309154450893402
YNL207W,YGR076C,0,-0.2186022,0.12278558313846588,0.6000000238418579,0.4310155212879181
YDR481C,YBR093C,1,-0.21868922,0.12296416610479355,0.6009950041770935,0.4310155212879181
YJR065C,YMR012W,0,-0.21881539,0.12293913960456848,0.6009950041770935,0.4311155676841736
YKL152C,YIL113W,1,-0.21912919,0.12311762571334839,0.6019900441169739,0.4311155676841736
YNR011C,YMR292W,0,-0.21919872,0.12309257686138153,0.6019900441169739,0.4312156140804291
YMR261C,YNL010W,1,-0.21922596,0.12327095121145248,0.6029850840568542,0.4312156140804291
YGR088W,YER148W,0,-0.21943729,0.12324588000774384,0.6029850840568542,0.43131566047668457
YLR127C,YLR079W,0,-0.21951456,0.12322082370519638,0.6029850840568542,0.43141570687294006
YLL010C,YGR208W,1,-0.21963908,0.12339906394481659,0.6039801239967346,0.43141570687294006
YMR100W,YDR228C,0,-0.21964188,0.12337398529052734,0.6039801239967346,0.43151575326919556
YJL072C,YAL021C,0,-0.21965162,0.1233489140868187,0.6039801239967346,0.43161579966545105
YDL229W,YBL017C,0,-0.21985637,0.12332385033369064,0.6039801239967346,0.43171584606170654
YER164W,YGL157W,0,-0.22020221,0.12329880148172379,0.6039801239967346,0.4318159222602844
YIL093C,YBR198C,0,-0.2203166,0.12327376008033752,0.6039801239967346,0.4319159686565399
YDL033C,YLR318W,0,-0.22038566,0.12324873358011246,0.6039801239967346,0.4320160150527954
YDR536W,YAL035W,0,-0.22047612,0.12322371453046799,0.6039801239967346,0.4321160614490509
YLL013C,YDR402C,0,-0.22063725,0.12319870293140411,0.6039801239967346,0.4322161078453064
YNL218W,YLR099C,0,-0.22065225,0.12317369878292084,0.6039801239967346,0.4323161542415619
YNL210W,YGL161C,0,-0.22070538,0.12314870953559875,0.6039801239967346,0.4324162006378174
YAL044C,YOR244W,0,-0.22094662,0.12312373518943787,0.6039801239967346,0.4325162470340729
YGR295C,YNL146W,0,-0.22097288,0.12309876084327698,0.6039801239967346,0.43261629343032837
YGL147C,YBL057C,0,-0.22098248,0.12307380139827728,0.6039801239967346,0.43271636962890625
YKL088W,YML034W,0,-0.22100608,0.12304885685443878,0.6039801239967346,0.43281641602516174
YLR109W,YCR028C,0,-0.22103506,0.12302391231060028,0.6039801239967346,0.43291646242141724
YDR532C,YDR510W,0,-0.22132128,0.12299899011850357,0.6039801239967346,0.43301650881767273
YFL041W,YKL181W,0,-0.22139552,0.12297406792640686,0.6039801239967346,0.4331165552139282
YJR016C,YHR017W,0,-0.22153795,0.12294916063547134,0.6039801239967346,0.4332166016101837
YNL039W,YIL084C,0,-0.22157706,0.12292426079511642,0.6039801239967346,0.4333166480064392
YHR140W,YGR071C,0,-0.22171147,0.1228993758559227,0.6039801239967346,0.4334166944026947
YLR008C,YPL153C,0,-0.22176558,0.12287449091672897,0.6039801239967346,0.4335167706012726
YKR037C,YJL158C,0,-0.22178008,0.12284962832927704,0.6039801239967346,0.4336168169975281
YML106W,YFL037W,0,-0.2218588,0.1228247657418251,0.6039801239967346,0.43371686339378357
YER096W,YDR054C,0,-0.22186892,0.12279991805553436,0.6039801239967346,0.43381690979003906
YER068W,YHR092C,0,-0.22187531,0.12277507781982422,0.6039801239967346,0.43391695618629456
YNL206C,YNL015W,0,-0.22193676,0.12275025248527527,0.6039801239967346,0.43401700258255005
YMR302C,YLR438C-A,0,-0.2219602,0.12272543460130692,0.6039801239967346,0.43411704897880554
YDL138W,YER070W,0,-0.22215132,0.12270062416791916,0.6039801239967346,0.43421709537506104
YIL172C,YDL043C,0,-0.22218083,0.1226758286356926,0.6039801239967346,0.4343171715736389
YFL044C,YOL077C,0,-0.22242542,0.12265104055404663,0.6039801239967346,0.4344172179698944
YMR307W,YHR028C,0,-0.22261211,0.12262625992298126,0.6039801239967346,0.4345172643661499
YGR075C,YLR441C,0,-0.22264741,0.12260149419307709,0.6039801239967346,0.4346173107624054
YMR087W,YCR079W,1,-0.22274895,0.12277867645025253,0.6049751043319702,0.4346173107624054
YJL044C,YPL174C,0,-0.22284412,0.12275388836860657,0.6049751043319702,0.4347173571586609
YDR520C,YGR037C,0,-0.22285803,0.1227291077375412,0.6049751043319702,0.4348174035549164
YDR520C,YDR436W,0,-0.22291707,0.12270434200763702,0.6049751043319702,0.4349174499511719
YGR203W,YGL190C,1,-0.22297971,0.12288135290145874,0.6059701442718506,0.4349174499511719
YGR047C,YHR028C,0,-0.22299814,0.12285656481981277,0.6059701442718506,0.43501749634742737
YER027C,YOL080C,0,-0.22310983,0.1228317841887474,0.6059701442718506,0.43511757254600525
YGR075C,YOL147C,0,-0.22316174,0.12280701845884323,0.6059701442718506,0.43521761894226074
YOR047C,YGL128C,0,-0.22333048,0.12278226017951965,0.6059701442718506,0.43531766533851624
YDR312W,YBL075C,0,-0.22343087,0.12275750935077667,0.6059701442718506,0.43541771173477173
YMR198W,YIL101C,0,-0.22350976,0.12273276597261429,0.6059701442718506,0.4355177581310272
YER114C,YNL289W,0,-0.22385459,0.1227080374956131,0.6059701442718506,0.4356178045272827
YOR167C,YDR121W,0,-0.22386698,0.1226833164691925,0.6059701442718506,0.4357178509235382
YBR012W-A,YIL124W,0,-0.22399347,0.1226586103439331,0.6059701442718506,0.4358178973197937
YFL044C,YGR189C,0,-0.2240304,0.1226339116692543,0.6059701442718506,0.4359179735183716
YDR219C,YDR358W,0,-0.22411501,0.1226092204451561,0.6059701442718506,0.4360180199146271
YDR379W,YBR159W,0,-0.22415143,0.12258454412221909,0.6059701442718506,0.43611806631088257
YDR126W,YLR433C,0,-0.22424369,0.12255986779928207,0.6059701442718506,0.43621811270713806
YDR265W,YHL024W,0,-0.22483845,0.12253521382808685,0.6059701442718506,0.43631815910339355
YGR184C,YBL074C,0,-0.22490771,0.12251055985689163,0.6059701442718506,0.43641820549964905
YDL109C,YGL031C,0,-0.22494282,0.1224859207868576,0.6059701442718506,0.43651825189590454
YOR265W,YPR054W,0,-0.22504634,0.12246128916740417,0.6059701442718506,0.43661829829216003
YER088C,YLR446W,0,-0.22512686,0.12243667244911194,0.6059701442718506,0.4367183446884155
YGL232W,YIR036C,0,-0.2252027,0.1224120631814003,0.6059701442718506,0.4368184208869934
YBR245C,YAL058W,0,-0.22524755,0.12238746136426926,0.6059701442718506,0.4369184672832489
YIL026C,YNL091W,0,-0.22528635,0.12236286699771881,0.6059701442718506,0.4370185136795044
YGL147C,YER091C,0,-0.22536123,0.12233828753232956,0.6059701442718506,0.4371185600757599
YKR038C,YCL069W,0,-0.22539805,0.1223137155175209,0.6059701442718506,0.4372186064720154
YMR043W,YER045C,0,-0.22572334,0.12228915840387344,0.6059701442718506,0.4373186528682709
YHR160C,YLR246W,0,-0.2257636,0.12226460874080658,0.6059701442718506,0.43741869926452637
YDR425W,YOR373W,0,-0.22587179,0.12224006652832031,0.6059701442718506,0.43751874566078186
YLR361C,YFR028C,1,-0.22590767,0.12241621315479279,0.606965184211731,0.43751874566078186
YLR172C,YNL101W,0,-0.22615834,0.12239165604114532,0.606965184211731,0.43761882185935974
YDR107C,YCL059C,0,-0.22619475,0.12236709892749786,0.606965184211731,0.43771886825561523
YGL224C,YML016C,1,-0.22621652,0.12254311889410019,0.6079602241516113,0.43771886825561523
YLR192C,YOR244W,0,-0.22624625,0.12251854687929153,0.6079602241516113,0.4378189146518707
YDR033W,YGR220C,0,-0.22624785,0.12249398231506348,0.6079602241516113,0.4379189610481262
YHR172W,YPR192W,0,-0.22632696,0.12246943265199661,0.6079602241516113,0.4380190074443817
YOR175C,YMR282C,0,-0.22649358,0.12244489043951035,0.6079602241516113,0.4381190538406372
YJL170C,YDR166C,0,-0.22670873,0.12242035567760468,0.6079602241516113,0.4382191002368927
YIL002C,YJL098W,1,-0.22675209,0.12259615212678909,0.6089552044868469,0.4382191002368927
YMR171C,YHL019C,0,-0.22683908,0.12257160246372223,0.6089552044868469,0.4383191466331482
YML074C,YJL158C,0,-0.22688192,0.12254705280065536,0.6089552044868469,0.4384192228317261
YDR312W,YDR334W,0,-0.22695835,0.12252252548933029,0.6089552044868469,0.43851926922798157
YIL034C,YBL023C,0,-0.22696342,0.12249799817800522,0.6089552044868469,0.43861931562423706
YGL222C,YPR096C,0,-0.22706321,0.12247348576784134,0.6089552044868469,0.43871936202049255
YML005W,YDR055W,0,-0.22713952,0.12244898080825806,0.6089552044868469,0.43881940841674805
YOR181W,YHR129C,0,-0.2272769,0.12242448329925537,0.6089552044868469,0.43891945481300354
YDR067C,YDR287W,1,-0.2273945,0.1225999966263771,0.6099502444267273,0.43891945481300354
YDR177W,YDR447C,0,-0.22747497,0.12257548421621323,0.6099502444267273,0.43901950120925903
YNL046W,YOR265W,0,-0.22756101,0.12255097925662994,0.6099502444267273,0.4391195476055145
YLR370C,YBL082C,0,-0.2275769,0.12252648174762726,0.6099502444267273,0.4392196238040924
YNL128W,YGR203W,1,-0.22762607,0.12270183861255646,0.6109452843666077,0.4392196238040924
YBR024W,YDR376W,0,-0.22779803,0.12267732620239258,0.6109452843666077,0.4393196702003479
YPR016C,YMR311C,0,-0.22780326,0.1226528137922287,0.6109452843666077,0.4394197165966034
YDL210W,YEL016C,0,-0.22783323,0.12262832373380661,0.6109452843666077,0.4395197629928589
YOR179C,YLR139C,0,-0.22805984,0.12260383367538452,0.6109452843666077,0.4396198093891144
YHR161C,YJL106W,0,-0.22806527,0.12257935851812363,0.6109452843666077,0.4397198557853699
YMR184W,YMR045C,0,-0.22814791,0.12255489081144333,0.6109452843666077,0.43981990218162537
YJR110W,YER111C,0,-0.22817548,0.12253043055534363,0.6109452843666077,0.43991994857788086
YNL077W,YPR102C,0,-0.22841203,0.12250598520040512,0.6109452843666077,0.44002002477645874
YDR242W,YJR089W,0,-0.22843836,0.12248154729604721,0.6109452843666077,0.44012007117271423
YBR022W,YGR241C,0,-0.22845133,0.1224571168422699,0.6109452843666077,0.4402201175689697
YGR104C,YJR025C,0,-0.22849706,0.12243270128965378,0.6109452843666077,0.4403201639652252
YJR110W,YBR030W,0,-0.22850372,0.12240829318761826,0.6109452843666077,0.4404202103614807
YLR172C,YDL017W,0,-0.22864512,0.12238389253616333,0.6109452843666077,0.4405202567577362
YNR040W,YMR026C,0,-0.22865501,0.1223595067858696,0.6109452843666077,0.4406203031539917
YKL011C,YNL306W,0,-0.22869815,0.12233512848615646,0.6109452843666077,0.4407203495502472
YLL038C,YER112W,0,-0.22873223,0.12231075763702393,0.6109452843666077,0.4408203959465027
YGL137W,YLR414C,0,-0.22873795,0.12228639423847198,0.6109452843666077,0.44092047214508057
YLR237W,YJL008C,0,-0.22876754,0.12226204574108124,0.6109452843666077,0.44102051854133606
YPL231W,YBR040W,0,-0.2288678,0.12223770469427109,0.6109452843666077,0.44112056493759155
YDL080C,YDR117C,0,-0.22891724,0.12221337854862213,0.6109452843666077,0.44122061133384705
YNL292W,YKL181W,0,-0.22900812,0.12218905240297318,0.6109452843666077,0.44132065773010254
YJR145C,YBL064C,0,-0.22914301,0.12216474115848541,0.6109452843666077,0.44142070412635803
YBR159W,YDR247W,0,-0.22916189,0.12214044481515884,0.6109452843666077,0.4415207505226135
YPL059W,YMR184W,0,-0.22934566,0.12211614847183228,0.6109452843666077,0.441620796918869
YGL190C,YFR040W,1,-0.22953136,0.1222907155752182,0.611940324306488,0.441620796918869
YGL251C,YHR117W,0,-0.22957154,0.12226640433073044,0.611940324306488,0.4417208731174469
YGR029W,YPL103C,0,-0.22957255,0.12224210053682327,0.611940324306488,0.4418209195137024
YBR087W,YDL008W,0,-0.2297704,0.1222178041934967,0.611940324306488,0.4419209659099579
YIL113W,YOR014W,1,-0.22978522,0.1223922148346901,0.6129353046417236,0.4419209659099579
YOR116C,YGR189C,0,-0.22984822,0.12236789613962173,0.6129353046417236,0.4420210123062134
YKL218C,YDL006W,0,-0.22984979,0.12234359234571457,0.6129353046417236,0.44212105870246887
YCR098C,YBR012W-B,0,-0.2299761,0.1223193034529686,0.6129353046417236,0.44222110509872437
YHR172W,YJR029W,0,-0.23014764,0.12229501456022263,0.6129353046417236,0.44232115149497986
YDR456W,YLR158C,0,-0.23021731,0.12227074056863785,0.6129353046417236,0.44242119789123535
YDR248C,YIL111W,0,-0.23024128,0.12224647402763367,0.6129353046417236,0.44252127408981323
YLR410W,YML057W,1,-0.2303342,0.12242063134908676,0.613930344581604,0.44252127408981323
YLR170C,YPL149W,0,-0.23037784,0.12239634990692139,0.613930344581604,0.4426213204860687
YIL053W,YBR125C,1,-0.23061568,0.12257041037082672,0.6149253845214844,0.4426213204860687
YOR036W,YMR312W,0,-0.23065597,0.12254610657691956,0.6149253845214844,0.4427213668823242
YML085C,YML125C,0,-0.23067537,0.12252181023359299,0.6149253845214844,0.4428214132785797
YCR004C,YOR120W,0,-0.23078148,0.12249752134084702,0.6149253845214844,0.4429214596748352
YKL195W,YDR298C,0,-0.23089562,0.12247324734926224,0.6149253845214844,0.4430215060710907
YDR532C,YDL164C,0,-0.23109154,0.12244898080825806,0.6149253845214844,0.4431215524673462
YDR436W,YER089C,1,-0.2312075,0.12262281775474548,0.6159204244613647,0.4431215524673462
YBR205W,YGL227W,0,-0.2314576,0.12259853631258011,0.6159204244613647,0.4432215988636017
YDL127W,YDR128W,0,-0.2317631,0.12257425487041473,0.6159204244613647,0.44332167506217957
YOR155C,YML100W,1,-0.23180272,0.12274797260761261,0.6169154047966003,0.44332167506217957
YLR106C,YBR273C,0,-0.23181665,0.12272367626428604,0.6169154047966003,0.44342172145843506
YDR388W,YPL202C,0,-0.23203944,0.12269938737154007,0.6169154047966003,0.44352176785469055
YOR386W,YKR097W,0,-0.23218365,0.1226751059293747,0.6169154047966003,0.44362181425094604
YDR075W,YIL053W,1,-0.23232344,0.12284866720438004,0.6179104447364807,0.44362181425094604
YGL232W,YDR065W,0,-0.23248906,0.12282436341047287,0.6179104447364807,0.44372186064720154
YJR145C,YPR122W,0,-0.23261744,0.1228000819683075,0.6179104447364807,0.44382190704345703
YDR284C,YGL229C,1,-0.2326598,0.12297350913286209,0.6189054846763611,0.44382190704345703
YER099C,YPR063C,0,-0.2326842,0.12294919788837433,0.6189054846763611,0.4439219534397125
YPL074W,YIL136W,0,-0.23269331,0.12292490154504776,0.6189054846763611,0.444021999835968
YMR036C,YER089C,1,-0.23290731,0.12309820204973221,0.6199005246162415,0.444021999835968
YOR308C,YER164W,0,-0.23294641,0.12307388335466385,0.6199005246162415,0.4441220462322235
YLL013C,YNL289W,0,-0.23351245,0.12304957211017609,0.6199005246162415,0.4442221224308014
YHR028C,YOL120C,0,-0.23356967,0.12302527576684952,0.6199005246162415,0.4443221688270569
YJR145C,YJR076C,0,-0.23382945,0.12300098687410355,0.6199005246162415,0.4444222152233124
YPL195W,YJL090C,0,-0.23394127,0.12297670543193817,0.6199005246162415,0.44452226161956787
YOR386W,YNR047W,0,-0.234069,0.12295243889093399,0.6199005246162415,0.44462230801582336
YDR052C,YNR022C,0,-0.23409602,0.1229281798005104,0.6199005246162415,0.44472235441207886
YFL036W,YMR150C,0,-0.23411338,0.12290392816066742,0.6199005246162415,0.44482240080833435
YLR134W,YCR081W,0,-0.23415501,0.12287968397140503,0.6199005246162415,0.44492244720458984
YBR123C,YNL112W,0,-0.23421465,0.12285545468330383,0.6199005246162415,0.4450225234031677
YDL129W,YML088W,0,-0.23426509,0.12283123284578323,0.6199005246162415,0.4451225697994232
YOR201C,YHR067W,0,-0.23433359,0.12280701845884323,0.6199005246162415,0.4452226161956787
YGL136C,YNL212W,0,-0.23436548,0.12278281152248383,0.6199005246162415,0.4453226625919342
YDL204W,YMR012W,0,-0.23440877,0.12275861948728561,0.6199005246162415,0.4454227089881897
YPL172C,YHR036W,0,-0.23442306,0.122734434902668,0.6199005246162415,0.4455227553844452
YHR167W,YJL062W,0,-0.23445153,0.12271026521921158,0.6199005246162415,0.4456228017807007
YPR073C,YOR155C,1,-0.23452453,0.12288302183151245,0.620895504951477,0.4456228017807007
YER068W,YOR069W,0,-0.23478915,0.12285882979631424,0.620895504951477,0.4457228481769562
YDR052C,YNL331C,0,-0.23481072,0.12283464521169662,0.620895504951477,0.44582292437553406
YOR090C,YOL064C,1,-0.23482545,0.12300728261470795,0.6218905448913574,0.44582292437553406
YLR038C,YBR245C,0,-0.23482883,0.12298307567834854,0.6218905448913574,0.44592297077178955
YDR074W,YBR022W,1,-0.23504351,0.1231556162238121,0.6228855848312378,0.44592297077178955
YBR097W,YPR081C,0,-0.23508197,0.1231313943862915,0.6228855848312378,0.44602301716804504
YPR049C,YML091C,0,-0.23515405,0.1231071799993515,0.6228855848312378,0.44612306356430054
YNL128W,YOR155C,1,-0.2352105,0.12327959388494492,0.6238806247711182,0.44612306356430054
YLR134W,YGL031C,0,-0.2352418,0.12325535714626312,0.6238806247711182,0.44622310996055603
YNR050C,YHR186C,0,-0.23526958,0.12323113530874252,0.6238806247711182,0.4463231563568115
YMR166C,YGL040C,0,-0.23529334,0.12320691347122192,0.6238806247711182,0.446423202753067
YDR479C,YHR215W,0,-0.23543395,0.12318271398544312,0.6238806247711182,0.4465232491493225
YML040W,YDR380W,0,-0.23544243,0.1231585144996643,0.6238806247711182,0.4466233253479004
YMR004W,YNL268W,0,-0.23545785,0.12313432991504669,0.6238806247711182,0.4467233717441559
YOR143C,YHR086W,0,-0.2356837,0.12311015278100967,0.6238806247711182,0.4468234181404114
YBR175W,YMR071C,0,-0.23579665,0.12308598309755325,0.6238806247711182,0.44692346453666687
YER126C,YGR191W,0,-0.23582958,0.12306182831525803,0.6238806247711182,0.44702351093292236
YHR031C,YDR393W,0,-0.2358629,0.1230376735329628,0.6238806247711182,0.44712355732917786
YGL223C,YDR421W,0,-0.23606388,0.12301353365182877,0.6238806247711182,0.44722360372543335
YCR096C,YGR009C,0,-0.23623489,0.12298940867185593,0.6238806247711182,0.44732365012168884
YOR308C,YBR035C,0,-0.23630463,0.12296528369188309,0.6238806247711182,0.4474237263202667
YBL061C,YBR297W,0,-0.23646484,0.12294117361307144,0.6238806247711182,0.4475237727165222
YDR038C,YNL077W,0,-0.2365383,0.12291707843542099,0.6238806247711182,0.4476238191127777
YEL058W,YDL184C,0,-0.23659268,0.12289298325777054,0.6238806247711182,0.4477238655090332
YIL160C,YKL198C,0,-0.23661925,0.12286890298128128,0.6238806247711182,0.4478239119052887
YBR176W,YML042W,0,-0.23663792,0.12284483015537262,0.6238806247711182,0.4479239583015442
YBR297W,YKL116C,0,-0.23685631,0.12282076478004456,0.6238806247711182,0.4480240046977997
YER120W,YLR207W,0,-0.23689447,0.12279670685529709,0.6238806247711182,0.4481240510940552
YHR046C,YCR079W,1,-0.23708473,0.12296847254037857,0.6248756051063538,0.4481240510940552
YJR033C,YNR045W,0,-0.23710136,0.12294439971446991,0.6248756051063538,0.44822409749031067
YGL090W,YOR290C,0,-0.23728257,0.12292033433914185,0.6248756051063538,0.44832417368888855
YCR020C,YBL069W,0,-0.2372856,0.12289628386497498,0.6248756051063538,0.44842422008514404
YML054C,YGL119W,0,-0.2373031,0.1228722333908081,0.6248756051063538,0.44852426648139954
YIL070C,YHR184W,0,-0.23746465,0.12284819781780243,0.6248756051063538,0.44862431287765503
YGL206C,YIL155C,0,-0.23753567,0.12282417714595795,0.6248756051063538,0.4487243592739105
YLR015W,YAL013W,0,-0.23756714,0.12280015647411346,0.6248756051063538,0.448824405670166
YCL063W,YPL220W,0,-0.23762153,0.12277615070343018,0.6248756051063538,0.4489244520664215
YEL038W,YOR120W,0,-0.23765974,0.12275215238332748,0.6248756051063538,0.449024498462677
YKL004W,YIL026C,0,-0.23770685,0.12272816151380539,0.6248756051063538,0.4491245746612549
YJR025C,YNL306W,0,-0.23773168,0.12270417809486389,0.6248756051063538,0.4492246210575104
YBR033W,YOL077C,0,-0.23815721,0.12268020957708359,0.6248756051063538,0.44932466745376587
YOR096W,YPL174C,0,-0.23826422,0.12265624850988388,0.6248756051063538,0.44942471385002136
YAL009W,YDL006W,1,-0.23829351,0.12282757461071014,0.6258706450462341,0.44942471385002136
YCR037C,YER012W,0,-0.23833786,0.12280359119176865,0.6258706450462341,0.44952476024627686
YOR373W,YOR265W,0,-0.23862566,0.12277962267398834,0.6258706450462341,0.44962480664253235
YOR242C,YOL056W,0,-0.23882647,0.12275566160678864,0.6258706450462341,0.44972485303878784
YIL009C-A,YKL181W,0,-0.23901577,0.12273170799016953,0.6258706450462341,0.44982489943504333
YGL089C,YNL159C,0,-0.23903257,0.12270776182413101,0.6258706450462341,0.4499249756336212
YPR005C,YER089C,0,-0.23903975,0.12268383055925369,0.6258706450462341,0.4500250220298767
YNL306W,YIL138C,0,-0.23912054,0.12265990674495697,0.6258706450462341,0.4501250684261322
YBR205W,YER061C,0,-0.23912828,0.12263599038124084,0.6258706450462341,0.4502251148223877
YLR127C,YJL073W,0,-0.2392133,0.12261208891868591,0.6258706450462341,0.4503251612186432
YMR165C,YFR025C,1,-0.23921932,0.12278307974338531,0.6268656849861145,0.4503251612186432
YOL067C,YDR248C,0,-0.23957507,0.12275915592908859,0.6268656849861145,0.4504252076148987
YPL022W,YGL251C,0,-0.2396024,0.12273523956537247,0.6268656849861145,0.4505252540111542
YBL078C,YLR438C-A,0,-0.23960368,0.12271133810281754,0.6268656849861145,0.45062530040740967
YBR022W,YOR182C,0,-0.23962279,0.1226874366402626,0.6268656849861145,0.45072537660598755
YDR440W,YNL007C,0,-0.2396987,0.12266355007886887,0.6268656849861145,0.45082542300224304
YDL231C,YJL065C,0,-0.24002601,0.12263967096805573,0.6268656849861145,0.45092546939849854
YAL009W,YML100W,1,-0.24005401,0.12281043082475662,0.6278607249259949,0.45092546939849854
YGL141W,YIR009W,0,-0.2401322,0.12278653681278229,0.6278607249259949,0.45102551579475403
YAR071W,YFR028C,1,-0.24018024,0.12295719981193542,0.6288557052612305,0.45102551579475403
YGL211W,YDR238C,0,-0.24026437,0.1229332834482193,0.6288557052612305,0.4511255621910095
YER111C,YGR001C,0,-0.2403071,0.12290937453508377,0.6288557052612305,0.451225608587265
YDL024C,YDL230W,1,-0.24039079,0.12307991087436676,0.6298507452011108,0.451225608587265
YGR008C,YAL021C,0,-0.24048904,0.12305598706007004,0.6298507452011108,0.4513256549835205
YJL219W,YGR026W,0,-0.24053699,0.12303207069635391,0.6298507452011108,0.451425701379776
YDL030W,YEL058W,0,-0.24054854,0.12300816178321838,0.6298507452011108,0.4515257775783539
YDL067C,YJL073W,0,-0.2406648,0.12298426032066345,0.6298507452011108,0.4516258239746094
YJL221C,YMR071C,0,-0.2407714,0.12296037375926971,0.6298507452011108,0.45172587037086487
YGL227W,YKR097W,0,-0.24077222,0.12293649464845657,0.6298507452011108,0.45182591676712036
YGL119W,YDL095W,0,-0.24077903,0.12291262298822403,0.6298507452011108,0.45192596316337585
YDL127W,YHR171W,0,-0.2407917,0.12288875877857208,0.6298507452011108,0.45202600955963135
YDL114W,YDR529C,0,-0.24085791,0.12286490947008133,0.6298507452011108,0.45212605595588684
YAR071W,YER133W,1,-0.24087594,0.12303512543439865,0.6308457851409912,0.45212605595588684
YHR215W,YGR154C,0,-0.24093515,0.12301125377416611,0.6308457851409912,0.45222610235214233
YMR087W,YNL053W,1,-0.24096039,0.12318138033151627,0.6318408250808716,0.45222610235214233
YDR315C,YAL020C,0,-0.24097739,0.12315748631954193,0.6318408250808716,0.4523261487483978
YEL021W,YGL141W,0,-0.2410004,0.12313360720872879,0.6318408250808716,0.4524262249469757
YHR046C,YDR287W,1,-0.24106835,0.1233036071062088,0.6328358054161072,0.4524262249469757
YML125C,YNR047W,0,-0.24107462,0.12327970564365387,0.6328358054161072,0.4525262713432312
YBL078C,YDR342C,0,-0.24115111,0.12325581163167953,0.6328358054161072,0.4526263177394867
YIL078W,YGR184C,0,-0.24119647,0.1232319325208664,0.6328358054161072,0.4527263641357422
YPL103C,YDR393W,0,-0.24126554,0.12320806086063385,0.6328358054161072,0.4528264105319977
YDR531W,YOR124C,0,-0.24139889,0.1231841966509819,0.6328358054161072,0.4529264569282532
YGR026W,YLR286C,0,-0.24164432,0.12316033989191055,0.6328358054161072,0.45302650332450867
YJL221C,YPR070W,0,-0.24167052,0.1231364980340004,0.6328358054161072,0.45312654972076416
YHR021C,YBL037W,0,-0.24168688,0.12311265617609024,0.6328358054161072,0.45322662591934204
YPL177C,YCR004C,0,-0.24171855,0.12308883666992188,0.6328358054161072,0.45332667231559753
YBR125C,YBR276C,1,-0.24177273,0.12325851619243622,0.6338308453559875,0.45332667231559753
YIL039W,YGR123C,0,-0.24177356,0.12323466688394547,0.6338308453559875,0.453426718711853
YPL148C,YHL004W,0,-0.2418408,0.1232108324766159,0.6338308453559875,0.4535267651081085
YPL177C,YNL007C,0,-0.24184366,0.12318700551986694,0.6338308453559875,0.453626811504364
YJR025C,YPL177C,0,-0.24184586,0.12316318601369858,0.6338308453559875,0.4537268579006195
YDR448W,YGL009C,0,-0.24189565,0.12313937395811081,0.6338308453559875,0.453826904296875
YNL291C,YJL158C,0,-0.2419935,0.12311557680368423,0.6338308453559875,0.4539269506931305
YKL156W,YDR093W,0,-0.24204226,0.12309178709983826,0.6338308453559875,0.4540270268917084
YBR159W,YDR077W,0,-0.24218383,0.12306800484657288,0.6338308453559875,0.45412707328796387
YGR159C,YOR278W,0,-0.24225722,0.12304423749446869,0.6338308453559875,0.45422711968421936
YNL098C,YER044C,0,-0.24228738,0.1230204701423645,0.6338308453559875,0.45432716608047485
YGL251C,YOR346W,0,-0.24244474,0.12299671769142151,0.6338308453559875,0.45442721247673035
YMR298W,YOR374W,0,-0.24253364,0.12297297269105911,0.6338308453559875,0.45452725887298584
YJL155C,YFR025C,1,-0.24267305,0.12314224988222122,0.6348258852958679,0.45452725887298584
YKL108W,YOL157C,0,-0.24275297,0.12311848998069763,0.6348258852958679,0.45462730526924133
YLR439W,YAL013W,0,-0.24275783,0.12309473007917404,0.6348258852958679,0.4547273516654968
YGR223C,YDR134C,0,-0.2427851,0.12307098507881165,0.6348258852958679,0.4548274278640747
YLR207W,YML063W,0,-0.24283068,0.12304725497961044,0.6348258852958679,0.4549274742603302
YBL064C,YLR318W,0,-0.24286649,0.12302352488040924,0.6348258852958679,0.4550275206565857
YMR188C,YNL012W,0,-0.2429197,0.12299980968236923,0.6348258852958679,0.4551275670528412
YLR045C,YML115C,0,-0.24294844,0.12297610193490982,0.6348258852958679,0.4552276134490967
YPL051W,YBR299W,0,-0.24300684,0.122952401638031,0.6348258852958679,0.4553276598453522
YHR076W,YIL074C,0,-0.24301301,0.12292870879173279,0.6348258852958679,0.45542770624160767
YAR015W,YNL301C,0,-0.2430159,0.12290503084659576,0.6348258852958679,0.45552775263786316
YOR278W,YOR080W,0,-0.24318394,0.12288135290145874,0.6348258852958679,0.45562779903411865
YDR071C,YER126C,0,-0.24337997,0.12285768985748291,0.6348258852958679,0.45572787523269653
YDR253C,YCR054C,0,-0.24339204,0.12283404171466827,0.6348258852958679,0.455827921628952
YOL127W,YHR025W,0,-0.24341963,0.12281039357185364,0.6348258852958679,0.4559279680252075
YHR153C,YHR161C,0,-0.24345918,0.1227867603302002,0.6348258852958679,0.456028014421463
YER153C,YHR010W,0,-0.24348442,0.12276313453912735,0.6348258852958679,0.4561280608177185
YLR414C,YPR184W,0,-0.2436534,0.1227395161986351,0.6348258852958679,0.456228107213974
YJR076C,YDR014W,0,-0.24373473,0.12271590530872345,0.6348258852958679,0.4563281536102295
YHR153C,YLL011W,0,-0.24397545,0.12269230931997299,0.6348258852958679,0.456428200006485
YJL048C,YCL075W,0,-0.24403617,0.12266872078180313,0.6348258852958679,0.45652827620506287
YGR135W,YPR016C,0,-0.24406056,0.12264513969421387,0.6348258852958679,0.45662832260131836
YDL210W,YBR082C,0,-0.24427082,0.1226215660572052,0.6348258852958679,0.45672836899757385
YHR025W,YKL164C,0,-0.24432832,0.12259799987077713,0.6348258852958679,0.45682841539382935
YER140W,YGL229C,0,-0.24437986,0.12257444858551025,0.6348258852958679,0.45692846179008484
YNL032W,YCR079W,1,-0.24439198,0.12274298816919327,0.6358209252357483,0.45692846179008484
YBR160W,YAL008W,0,-0.24444132,0.1227194145321846,0.6358209252357483,0.45702850818634033
YOL100W,YOR270C,0,-0.24444297,0.12269585579633713,0.6358209252357483,0.4571285545825958
YNL010W,YML057W,1,-0.24447997,0.12286427617073059,0.6368159055709839,0.4571285545825958
YDR440W,YLR414C,0,-0.2445435,0.12284068763256073,0.6368159055709839,0.4572286009788513
YFL041W,YNL339C,0,-0.24463975,0.12281711399555206,0.6368159055709839,0.4573286771774292
YKL088W,YMR012W,0,-0.24491793,0.12279355525970459,0.6368159055709839,0.4574287235736847
YDR093W,YDR534C,0,-0.24509916,0.12276999652385712,0.6368159055709839,0.4575287699699402
YML129C,YHR081W,0,-0.24521051,0.12274645268917084,0.6368159055709839,0.4576288163661957
YER020W,YGL084C,0,-0.24525519,0.12272291630506516,0.6368159055709839,0.45772886276245117
YDL136W,YFL037W,0,-0.24541979,0.12269938737154007,0.6368159055709839,0.45782890915870667
YPL194W,YGL191W,0,-0.24555877,0.12267586588859558,0.6368159055709839,0.45792895555496216
YKL154W,YDL006W,0,-0.24556284,0.12265235930681229,0.6368159055709839,0.45802900195121765
YGL227W,YML087C,0,-0.24565719,0.12262885272502899,0.6368159055709839,0.45812907814979553
YDR523C,YBR297W,0,-0.2457457,0.12260536104440689,0.6368159055709839,0.458229124546051
YMR042W,YCR010C,0,-0.245765,0.12258188426494598,0.6368159055709839,0.4583291709423065
YDR376W,YMR221C,0,-0.2459084,0.12255840748548508,0.6368159055709839,0.458429217338562
YDL188C,YDL024C,1,-0.24593334,0.12272640317678452,0.6378109455108643,0.458429217338562
YAL044C,YKR050W,0,-0.24603884,0.12270291149616241,0.6378109455108643,0.4585292637348175
YLR459W,YHL024W,0,-0.24608608,0.12267942726612091,0.6378109455108643,0.458629310131073
YLR201C,YER184C,0,-0.24612476,0.12265595048666,0.6378109455108643,0.4587293565273285
YDL141W,YDR362C,0,-0.24623185,0.12263248860836029,0.6378109455108643,0.458829402923584
YBL021C,YPR042C,0,-0.24630366,0.12260902673006058,0.6378109455108643,0.45892947912216187
YPL281C,YEL061C,0,-0.24631812,0.12258557975292206,0.6378109455108643,0.45902952551841736
YHR021C,YOR211C,0,-0.24631858,0.12256214022636414,0.6378109455108643,0.45912957191467285
YER029C,YOL138C,0,-0.24650057,0.12253870815038681,0.6378109455108643,0.45922961831092834
YHR081W,YOL002C,0,-0.24663757,0.12251529097557068,0.6378109455108643,0.45932966470718384
YPL101W,YDR093W,0,-0.24668671,0.12249188125133514,0.6378109455108643,0.45942971110343933
YOR391C,YKL017C,0,-0.24693123,0.1224684789776802,0.6378109455108643,0.4595297574996948
YGL213C,YLR172C,0,-0.247104,0.12244508415460587,0.6378109455108643,0.4596298038959503
YAR019C,YDL095W,0,-0.24715571,0.12242169678211212,0.6378109455108643,0.4597298502922058
YBR012W-A,YML085C,0,-0.24720396,0.12239831686019897,0.6378109455108643,0.4598299264907837
YBR264C,YBL088C,0,-0.24729846,0.12237495183944702,0.6378109455108643,0.4599299728870392
YNL188W,YBR297W,0,-0.24737243,0.12235159426927567,0.6378109455108643,0.4600300192832947
YNR022C,YPL202C,0,-0.24738418,0.1223282441496849,0.6378109455108643,0.46013006567955017
YBR125C,YNL325C,1,-0.24743815,0.12249570339918137,0.6388059854507446,0.46013006567955017
YBR024W,YOR067C,0,-0.24744238,0.12247233837842941,0.6388059854507446,0.46023011207580566
YLR147C,YMR071C,0,-0.24750191,0.12244898080825806,0.6388059854507446,0.46033015847206116
YHR160C,YOR269W,0,-0.24754699,0.1224256306886673,0.6388059854507446,0.46043020486831665
YDR253C,YDL033C,0,-0.24759725,0.12240228801965714,0.6388059854507446,0.46053025126457214
YBR122C,YPR073C,0,-0.24765007,0.12237895280122757,0.6388059854507446,0.46063032746315
YGL119W,YJL106W,0,-0.24767959,0.1223556324839592,0.6388059854507446,0.4607303738594055
YDL115C,YGR062C,0,-0.24774815,0.12233231961727142,0.6388059854507446,0.460830420255661
YHL044W,YEL065W,0,-0.24779984,0.12230901420116425,0.6388059854507446,0.4609304666519165
YDR363W-A,YLR403W,0,-0.24800219,0.12228571623563766,0.6388059854507446,0.461030513048172
YBL106C,YLR287C-A,0,-0.24812393,0.12226242572069168,0.6388059854507446,0.4611305594444275
YOL019W,YGR001C,0,-0.24818625,0.12223915010690689,0.6388059854507446,0.461230605840683
YIR006C,YKL164C,0,-0.24822325,0.1222158744931221,0.6388059854507446,0.4613306522369385
YMR130W,YFL041W,0,-0.24824621,0.1221926137804985,0.6388059854507446,0.46143072843551636
YJR066W,YJL008C,0,-0.248277,0.1221693605184555,0.6388059854507446,0.46153077483177185
YOL018C,YER091C,0,-0.24834745,0.1221461221575737,0.6388059854507446,0.46163082122802734
YOR174W,YKL010C,0,-0.24838166,0.1221228837966919,0.6388059854507446,0.46173086762428284
YIR017C,YDL095W,0,-0.24849087,0.12209966033697128,0.6388059854507446,0.46183091402053833
YJR033C,YDR228C,0,-0.24857204,0.12207643687725067,0.6388059854507446,0.4619309604167938
YJR015W,YPL017C,0,-0.248708,0.12205322831869125,0.6388059854507446,0.4620310068130493
YJL157C,YHR143W,0,-0.24871795,0.12203003466129303,0.6388059854507446,0.4621310532093048
YOL117W,YHL016C,0,-0.2488314,0.1220068410038948,0.6388059854507446,0.4622311294078827
YOR288C,YJR126C,0,-0.24884467,0.12198366224765778,0.6388059854507446,0.4623311758041382
YOL030W,YLR147C,0,-0.2488924,0.12196048349142075,0.6388059854507446,0.4624312222003937
YPL160W,YOR044W,0,-0.248958,0.12193731963634491,0.6388059854507446,0.46253126859664917
YDR067C,YIL113W,1,-0.24898194,0.12210406363010406,0.6398009657859802,0.46253126859664917
YPL031C,YNL115C,0,-0.24901314,0.12208087742328644,0.6398009657859802,0.46263131499290466
YDR507C,YFL037W,0,-0.24904858,0.12205770611763,0.6398009657859802,0.46273136138916016
YGL249W,YDR362C,0,-0.2490813,0.12203454226255417,0.6398009657859802,0.46283140778541565
YMR166C,YKR009C,0,-0.24911852,0.12201138585805893,0.6398009657859802,0.46293145418167114
YJL106W,YDL056W,0,-0.24931167,0.12198823690414429,0.6398009657859802,0.463031530380249
YGL222C,YDR390C,0,-0.24932916,0.12196509540081024,0.6398009657859802,0.4631315767765045
YBR093C,YJL134W,1,-0.24935986,0.12213161587715149,0.6407960057258606,0.4631315767765045
YOR076C,YNR007C,0,-0.24943976,0.12210845947265625,0.6407960057258606,0.46323162317276
YDR046C,YDR014W,0,-0.2495295,0.12208531051874161,0.6407960057258606,0.4633316695690155
YOL152W,YEL016C,0,-0.24975403,0.12206216901540756,0.6407960057258606,0.463431715965271
YGR014W,YIR009W,0,-0.24976148,0.12203903496265411,0.6407960057258606,0.4635317623615265
YLR201C,YBL022C,0,-0.24987318,0.12201591581106186,0.6407960057258606,0.463631808757782
YDL134C,YIL113W,1,-0.2499882,0.12218223512172699,0.641791045665741,0.463631808757782
YJR104C,YDR534C,0,-0.25014305,0.12215909361839294,0.641791045665741,0.4637318551540375
YOR046C,YER096W,0,-0.2501609,0.1221359595656395,0.641791045665741,0.46383190155029297
YJR158W,YNL213C,0,-0.25017193,0.12211283296346664,0.641791045665741,0.46393197774887085
YBR092C,YNL010W,1,-0.25028765,0.12227901071310043,0.6427860856056213,0.46393197774887085
YHL019C,YDL144C,0,-0.25029814,0.12225586920976639,0.6427860856056213,0.46403202414512634
YOL156W,YNL189W,0,-0.25031108,0.12223273515701294,0.6427860856056213,0.46413207054138184
YGR086C,YLR433C,0,-0.25045738,0.12220960855484009,0.6427860856056213,0.46423211693763733
YLR377C,YNL222W,1,-0.25045893,0.12237563729286194,0.6437810659408569,0.46423211693763733
YDL146W,YLR078C,0,-0.25048292,0.1223524957895279,0.6437810659408569,0.4643321633338928
YOR131C,YGR208W,1,-0.25055003,0.12251843512058258,0.6447761058807373,0.4643321633338928
YOR057W,YER012W,0,-0.25057444,0.12249527126550674,0.6447761058807373,0.4644322097301483
YDR086C,YHR140W,0,-0.25062427,0.1224721223115921,0.6447761058807373,0.4645322561264038
YHR105W,YDR134C,0,-0.25068277,0.12244898080825806,0.6447761058807373,0.4646323025226593
YKR062W,YML085C,0,-0.25078124,0.12242584675550461,0.6447761058807373,0.4647323787212372
YLR154C,YNR043W,0,-0.25079605,0.12240272015333176,0.6447761058807373,0.4648324251174927
YMR130W,YHR046C,1,-0.25092232,0.12256845831871033,0.6457711458206177,0.4648324251174927
YJL033W,YJL102W,0,-0.25095877,0.12254531681537628,0.6457711458206177,0.46493247151374817
YMR026C,YOR127W,0,-0.25105318,0.12252218276262283,0.6457711458206177,0.46503251791000366
YDR503C,YDL006W,1,-0.2510631,0.12268780916929245,0.646766185760498,0.46503251791000366
YBL078C,YPL074W,0,-0.25109145,0.12266465276479721,0.646766185760498,0.46513256430625916
YCL047C,YNL115C,0,-0.25132605,0.12264151126146317,0.646766185760498,0.46523261070251465
YGR035C,YCR037C,0,-0.25135276,0.12261837720870972,0.646766185760498,0.46533265709877014
YHR143W,YOL065C,0,-0.25143224,0.12259525060653687,0.646766185760498,0.46543270349502563
YPR118W,YLR078C,0,-0.25144282,0.12257213145494461,0.646766185760498,0.4655327796936035
YOR057W,YOR211C,0,-0.2515154,0.12254901975393295,0.646766185760498,0.465632826089859
YJL062W,YDL184C,0,-0.25159115,0.12252591550350189,0.646766185760498,0.4657328724861145
YMR166C,YFR007W,0,-0.25169554,0.12250282615423203,0.646766185760498,0.46583291888237
YDR315C,YHR025W,0,-0.25192812,0.12247974425554276,0.646766185760498,0.4659329652786255
YLR214W,YOR080W,0,-0.251964,0.12245666980743408,0.646766185760498,0.466033011674881
YOL117W,YPL033C,0,-0.2524891,0.122433602809906,0.646766185760498,0.4661330580711365
YDL143W,YOR269W,0,-0.252498,0.12241054326295853,0.646766185760498,0.46623310446739197
YOL018C,YOR151C,0,-0.25252402,0.12238749861717224,0.646766185760498,0.46633318066596985
YJR065C,YGL059W,0,-0.25254127,0.12236446142196655,0.646766185760498,0.46643322706222534
YHR160C,YHL004W,0,-0.25272352,0.12234142422676086,0.646766185760498,0.46653327345848083
YDL006W,YCL047C,0,-0.2528835,0.12231840193271637,0.646766185760498,0.46663331985473633
YGR047C,YDR265W,0,-0.2528857,0.12229538708925247,0.646766185760498,0.4667333662509918
YGR159C,YDR486C,0,-0.25296852,0.12227238714694977,0.646766185760498,0.4668334126472473
YJL041W,YGR191W,0,-0.25308383,0.12224938720464706,0.646766185760498,0.4669334590435028
YLR170C,YJR155W,0,-0.25315386,0.12222640216350555,0.646766185760498,0.4670335054397583
YML116W,YER007W,0,-0.25321466,0.12220342457294464,0.646766185760498,0.4671335816383362
YBR158W,YJL101C,0,-0.2532441,0.12218045443296432,0.646766185760498,0.4672336280345917
YDR022C,YBR012W-A,0,-0.25326553,0.1221574917435646,0.646766185760498,0.46733367443084717
YBR036C,YOL103W,0,-0.25327206,0.12213453650474548,0.646766185760498,0.46743372082710266
YMR080C,YOR076C,0,-0.25331935,0.12211158871650696,0.646766185760498,0.46753376722335815
YDL229W,YOR067C,0,-0.25333777,0.12208865582942963,0.646766185760498,0.46763381361961365
YFL044C,YDR158W,0,-0.2533924,0.12206573039293289,0.646766185760498,0.46773386001586914
YMR004W,YGR076C,0,-0.2534052,0.12204281240701675,0.646766185760498,0.46783390641212463
YDR265W,YKL109W,0,-0.25341964,0.12201990187168121,0.646766185760498,0.4679339528083801
YDR486C,YOR233W,0,-0.2534589,0.12199699878692627,0.646766185760498,0.468034029006958
YNL217W,YGL190C,1,-0.25374442,0.12216175347566605,0.6477611660957336,0.468034029006958
YLR201C,YOR356W,0,-0.25377676,0.12213883548974991,0.6477611660957336,0.4681340754032135
YDR050C,YOR143C,0,-0.25381494,0.12211592495441437,0.6477611660957336,0.468234121799469
YFL036W,YDR101C,0,-0.2539527,0.12209302186965942,0.6477611660957336,0.4683341681957245
YHR101C,YBR164C,0,-0.25401768,0.12207012623548508,0.6477611660957336,0.46843421459198
YPL148C,YMR088C,0,-0.25405744,0.12204724550247192,0.6477611660957336,0.4685342609882355
YNL185C,YDR003W,0,-0.25406638,0.12202436476945877,0.6477611660957336,0.46863430738449097
YKR030W,YHR064C,0,-0.2540874,0.12200149893760681,0.6477611660957336,0.46873435378074646
YOR389W,YEL050C,0,-0.2541893,0.12197864055633545,0.6477611660957336,0.46883442997932434
YGR047C,YOL007C,0,-0.2542426,0.12195578962564468,0.6477611660957336,0.46893447637557983
YOR155C,YNL010W,1,-0.25435486,0.12212024629116058,0.648756206035614,0.46893447637557983
YGL161C,YPL031C,0,-0.25437742,0.12209738045930862,0.648756206035614,0.4690345227718353
YMR070W,YGR001C,0,-0.2544667,0.12207451462745667,0.648756206035614,0.4691345691680908
YMR282C,YBR009C,0,-0.2545024,0.1220516636967659,0.648756206035614,0.4692346155643463
YJL056C,YIR009W,0,-0.25450912,0.12202882021665573,0.648756206035614,0.4693346619606018
YDR238C,YIL072W,0,-0.25456226,0.12200599163770676,0.648756206035614,0.4694347083568573
YER087C-A,YOR381W,0,-0.25468105,0.12198316305875778,0.648756206035614,0.4695347547531128
YLR318W,YPR184W,0,-0.25475472,0.1219603419303894,0.648756206035614,0.4696348309516907
YMR036C,YPR005C,0,-0.2547554,0.12193753570318222,0.648756206035614,0.46973487734794617
YML077W,YIL160C,0,-0.25476006,0.12191473692655563,0.648756206035614,0.46983492374420166
YNR045W,YEL058W,0,-0.2548269,0.12189194560050964,0.648756206035614,0.46993497014045715
YMR023C,YEL050C,0,-0.2549468,0.12186916172504425,0.648756206035614,0.47003501653671265
YBR176W,YPL177C,0,-0.25496346,0.12184638530015945,0.648756206035614,0.47013506293296814
YBR160W,YDR047W,0,-0.25498027,0.12182361632585526,0.648756206035614,0.47023510932922363
YDL141W,YIR017C,0,-0.25528398,0.12180086225271225,0.648756206035614,0.4703351557254791
YMR235C,YPL281C,0,-0.2553444,0.12177810817956924,0.648756206035614,0.470435231924057
YLR345W,YDL188C,1,-0.25543043,0.12194211035966873,0.6497512459754944,0.470435231924057
YMR298W,YPR168W,0,-0.2554485,0.12191934138536453,0.6497512459754944,0.4705352783203125
YBL078C,YHL016C,0,-0.25558463,0.12189658731222153,0.6497512459754944,0.470635324716568
YDL069C,YNL310C,0,-0.25559095,0.12187383323907852,0.6497512459754944,0.4707353711128235
YDR036C,YPR032W,0,-0.2556621,0.12185109406709671,0.6497512459754944,0.470835417509079
YOR381W,YLL035W,0,-0.25579974,0.1218283548951149,0.6497512459754944,0.4709354639053345
YER027C,YGR008C,0,-0.2559133,0.12180563062429428,0.6497512459754944,0.47103551030158997
YHR206W,YPL101W,0,-0.25601277,0.12178291380405426,0.6497512459754944,0.47113555669784546
YMR257C,YOL103W,0,-0.25602084,0.12176021188497543,0.6497512459754944,0.47123560309410095
YKL109W,YCR075C,0,-0.25606334,0.1217375099658966,0.6497512459754944,0.47133567929267883
YLL038C,YER173W,0,-0.2560932,0.12171481549739838,0.6497512459754944,0.4714357256889343
YDL060W,YBR122C,0,-0.2561291,0.12169213593006134,0.6497512459754944,0.4715357720851898
YDR503C,YNL096C,0,-0.2562005,0.1216694638133049,0.6497512459754944,0.4716358184814453
YFR005C,YLR010C,0,-0.25628516,0.12164679914712906,0.6497512459754944,0.4717358648777008
YDL006W,YKL109W,0,-0.25652862,0.12162414193153381,0.6497512459754944,0.4718359112739563
YHR129C,YKL116C,0,-0.25653827,0.12160149216651917,0.6497512459754944,0.4719359576702118
YJL044C,YHR160C,0,-0.25657028,0.12157884985208511,0.6497512459754944,0.4720360040664673
YJL129C,YGR188C,0,-0.25673425,0.12155621498823166,0.6497512459754944,0.47213608026504517
YMR208W,YGL141W,0,-0.25684538,0.1215335950255394,0.6497512459754944,0.47223612666130066
YLR418C,YBR198C,0,-0.25690985,0.12151097506284714,0.6497512459754944,0.47233617305755615
YDR134C,YBL023C,0,-0.2569129,0.12148837000131607,0.6497512459754944,0.47243621945381165
YDR387C,YDR483W,0,-0.2569654,0.1214657723903656,0.6497512459754944,0.47253626585006714
YHR129C,YLR176C,0,-0.25697803,0.12144318222999573,0.6497512459754944,0.47263631224632263
YGL136C,YKR050W,0,-0.2572768,0.12142059952020645,0.6497512459754944,0.4727363586425781
YGL210W,YOR322C,0,-0.25730988,0.12139803171157837,0.6497512459754944,0.4728364050388336
YBR125C,YML016C,1,-0.25743106,0.12156134098768234,0.6507462859153748,0.4728364050388336
YDR388W,YGR123C,0,-0.25747496,0.12153875082731247,0.6507462859153748,0.4729364812374115
YJL046W,YBR205W,0,-0.25750527,0.1215161681175232,0.6507462859153748,0.473036527633667
YDL114W,YLR448W,0,-0.25751472,0.12149359285831451,0.6507462859153748,0.4731365740299225
YNL331C,YNL185C,0,-0.25765792,0.12147102504968643,0.6507462859153748,0.473236620426178
YDR481C,YDL006W,1,-0.25769368,0.12163417041301727,0.6517412662506104,0.473236620426178
YPR156C,YPL172C,0,-0.25770238,0.121611587703228,0.6517412662506104,0.47333666682243347
YCL055W,YJL008C,0,-0.2577656,0.12158901244401932,0.6517412662506104,0.47343671321868896
YDR330W,YNL135C,0,-0.25793687,0.12156644463539124,0.6517412662506104,0.47353675961494446
YAL010C,YIL126W,0,-0.25796637,0.12154388427734375,0.6517412662506104,0.47363680601119995
YER096W,YMR204C,0,-0.25800902,0.12152133882045746,0.6517412662506104,0.47373688220977783
YPL060W,YLR287C-A,0,-0.25818932,0.12149879336357117,0.6517412662506104,0.4738369286060333
YPL144W,YPR122W,0,-0.2582207,0.12147626280784607,0.6517412662506104,0.4739369750022888
YER056C-A,YMR256C,0,-0.25828552,0.12145373970270157,0.6517412662506104,0.4740370213985443
YOR131C,YPR047W,0,-0.25833502,0.12143121659755707,0.6517412662506104,0.4741370677947998
YMR070W,YBL060W,0,-0.25834993,0.12140870839357376,0.6517412662506104,0.4742371141910553
YOR036W,YIR009W,0,-0.258383,0.12138621509075165,0.6517412662506104,0.4743371605873108
YFL041W,YJR060W,0,-0.2585262,0.12136372178792953,0.6517412662506104,0.4744372069835663
YER091C,YBR105C,0,-0.2587589,0.12134123593568802,0.6517412662506104,0.47453728318214417
YML094W,YLL022C,0,-0.2587901,0.1213187649846077,0.6517412662506104,0.47463732957839966
YLR170C,YBR164C,0,-0.25900802,0.12129629403352737,0.6517412662506104,0.47473737597465515
YKL178C,YPL121C,0,-0.2590541,0.12127383798360825,0.6517412662506104,0.47483742237091064
YER025W,YDR466W,0,-0.25910854,0.12125138938426971,0.6517412662506104,0.47493746876716614
YGR029W,YDR056C,0,-0.25936666,0.12122894823551178,0.6517412662506104,0.47503751516342163
YKL059C,YNL146W,0,-0.25937575,0.12120651453733444,0.6517412662506104,0.4751375615596771
YJR110W,YMR026C,0,-0.25940347,0.1211840882897377,0.6517412662506104,0.4752376079559326
YEL065W,YGL178W,0,-0.25949737,0.12116166949272156,0.6517412662506104,0.4753376543521881
YER075C,YBR125C,1,-0.25953662,0.12132421135902405,0.6527363061904907,0.4753376543521881
YLR345W,YNL099C,1,-0.2596374,0.12148668617010117,0.6537313461303711,0.4753376543521881
YHR143W,YHR105W,0,-0.2596607,0.12146422266960144,0.6537313461303711,0.475437730550766
YOR127W,YOL056W,0,-0.25969133,0.12144177407026291,0.6537313461303711,0.4755377769470215
YCL069W,YOR374W,0,-0.25988302,0.12141933292150497,0.6537313461303711,0.475637823343277
YGR058W,YMR307W,0,-0.26003462,0.12139689922332764,0.6537313461303711,0.47573786973953247
YDL108W,YLR078C,0,-0.2600414,0.1213744655251503,0.6537313461303711,0.47583791613578796
YGR123C,YAR071W,1,-0.26014847,0.1215367540717125,0.6547263860702515,0.47583791613578796
YMR302C,YNR040W,0,-0.2602469,0.12151431292295456,0.6547263860702515,0.47593796253204346
YIL078W,YDR003W,0,-0.26026425,0.12149187922477722,0.6547263860702515,0.47603800892829895
YIR012W,YIL039W,0,-0.26035652,0.12146944552659988,0.6547263860702515,0.47613805532455444
YFR025C,YKR053C,1,-0.260374,0.12163159996271133,0.6557213664054871,0.47613805532455444
YIL034C,YNL128W,0,-0.2604392,0.1216091513633728,0.6557213664054871,0.4762381315231323
YLL013C,YHR140W,0,-0.26045492,0.12158671766519547,0.6557213664054871,0.4763381779193878
YGR058W,YER086W,0,-0.2605507,0.12156428396701813,0.6557213664054871,0.4764382243156433
YBR122C,YNL325C,0,-0.26057565,0.12154186517000198,0.6557213664054871,0.4765382707118988
YMR224C,YKL164C,0,-0.26060155,0.12151945382356644,0.6557213664054871,0.4766383171081543
YLL009C,YDL033C,0,-0.26071388,0.12149704992771149,0.6557213664054871,0.4767383635044098
YDL069C,YBL022C,0,-0.2607864,0.12147465348243713,0.6557213664054871,0.4768384099006653
YJL164C,YDR483W,0,-0.26078922,0.12145226448774338,0.6557213664054871,0.4769384562969208
YDL033C,YLR276C,0,-0.26092297,0.12142989039421082,0.6557213664054871,0.47703853249549866
YKL135C,YIL145C,0,-0.26102695,0.12140751630067825,0.6557213664054871,0.47713857889175415
YIR026C,YGL190C,1,-0.26108184,0.12156935036182404,0.6567164063453674,0.47713857889175415
YOR124C,YML087C,0,-0.2612645,0.12154696136713028,0.6567164063453674,0.47723862528800964
YDR448W,YOR391C,0,-0.26136503,0.12152457982301712,0.6567164063453674,0.47733867168426514
YER020W,YDR252W,0,-0.26141223,0.12150220572948456,0.6567164063453674,0.47743871808052063
YLR074C,YDR390C,0,-0.2614294,0.12147984653711319,0.6567164063453674,0.4775387644767761
YGR262C,YPL123C,0,-0.26158366,0.12145748734474182,0.6567164063453674,0.4776388108730316
YDR481C,YDR503C,1,-0.26166517,0.12161913514137268,0.6577114462852478,0.4776388108730316
YNL185C,YNL115C,0,-0.26170856,0.12159676104784012,0.6577114462852478,0.4777388572692871
YER029C,YER083C,0,-0.2617282,0.12157439440488815,0.6577114462852478,0.477838933467865
YLR008C,YPL144W,0,-0.26174802,0.12155204266309738,0.6577114462852478,0.4779389798641205
YPL226W,YBR299W,0,-0.2618006,0.12152969092130661,0.6577114462852478,0.478039026260376
YBR273C,YCR047C,0,-0.26189327,0.12150735408067703,0.6577114462852478,0.47813907265663147
YJL221C,YOR322C,0,-0.26197633,0.12148502469062805,0.6577114462852478,0.47823911905288696
YPL179W,YGL224C,1,-0.26202238,0.1216464564204216,0.6587064862251282,0.47823911905288696
YER095W,YGL249W,0,-0.2621076,0.12162410467863083,0.6587064862251282,0.47833916544914246
YEL059C-A,YJL109C,0,-0.26211497,0.12160176038742065,0.6587064862251282,0.47843921184539795
YKL195W,YPR031W,0,-0.26212618,0.12157943099737167,0.6587064862251282,0.47853925824165344
YMR127C,YOR337W,0,-0.26214507,0.12155710905790329,0.6587064862251282,0.4786393344402313
YOR174W,YIR017C,0,-0.26225907,0.1215347871184349,0.6587064862251282,0.4787393808364868
YNL218W,YGL040C,0,-0.26227978,0.12151248008012772,0.6587064862251282,0.4788394272327423
YHR089C,YPL048W,0,-0.26241544,0.12149018049240112,0.6587064862251282,0.4789394736289978
YJR158W,YDL205C,0,-0.26261994,0.12146788835525513,0.6587064862251282,0.4790395200252533
YFR037C,YML081C-A,0,-0.26264015,0.12144560366868973,0.6587064862251282,0.4791395664215088
YNL162W,YGR279C,0,-0.26273867,0.12142333388328552,0.6587064862251282,0.4792396128177643
YDR503C,YLL010C,1,-0.26294315,0.1215844452381134,0.6597014665603638,0.4792396128177643
YBL078C,YDR440W,0,-0.262977,0.12156215310096741,0.6597014665603638,0.4793396592140198
YPR005C,YJL062W,0,-0.2629971,0.12153986841440201,0.6597014665603638,0.47943970561027527
YOR381W,YPL121C,0,-0.26304066,0.1215175986289978,0.6597014665603638,0.47953978180885315
YDL006W,YHR215W,1,-0.26306438,0.12167857587337494,0.6606965065002441,0.47953978180885315
YDR134C,YJR022W,0,-0.26313487,0.12165628373622894,0.6606965065002441,0.47963982820510864
YNL280C,YKL017C,0,-0.26317763,0.12163399904966354,0.6606965065002441,0.47973987460136414
YDR077W,YBR030W,0,-0.26328564,0.12161172181367874,0.6606965065002441,0.47983992099761963
YAL009W,YML016C,1,-0.26353946,0.12177257239818573,0.6616915464401245,0.47983992099761963
YDR052C,YGL185C,0,-0.26370806,0.12175027281045914,0.6616915464401245,0.4799399673938751
YDR334W,YIL026C,0,-0.26374656,0.12172798812389374,0.6616915464401245,0.4800400137901306
YDR270W,YOR174W,0,-0.26375213,0.12170571088790894,0.6616915464401245,0.4801400601863861
YPL195W,YIR017C,0,-0.2638319,0.12168344110250473,0.6616915464401245,0.4802401065826416
YOL139C,YOR043W,0,-0.26384786,0.12166117876768112,0.6616915464401245,0.4803401827812195
YJR065C,YOL080C,0,-0.26394457,0.12163892388343811,0.6616915464401245,0.480440229177475
YMR302C,YOR070C,0,-0.26401365,0.1216166764497757,0.6616915464401245,0.48054027557373047
YML116W,YDR177W,0,-0.26410577,0.12159444391727448,0.6616915464401245,0.48064032196998596
YOR381W,YNL007C,0,-0.26430455,0.12157221138477325,0.6616915464401245,0.48074036836624146
YHL032C,YFR008W,0,-0.264404,0.12154999375343323,0.6616915464401245,0.48084041476249695
YMR139W,YDR047W,0,-0.26460302,0.1215277761220932,0.6616915464401245,0.48094046115875244
YHR172W,YBL022C,0,-0.26463303,0.12150557339191437,0.6616915464401245,0.48104050755500793
YDL205C,YDR534C,0,-0.26473778,0.12148337811231613,0.6616915464401245,0.4811405837535858
YNR001C,YPR070W,0,-0.26488805,0.12146119028329849,0.6616915464401245,0.4812406301498413
YFR005C,YJL052W,0,-0.26488844,0.12143900990486145,0.6616915464401245,0.4813406765460968
YDR012W,YLR286C,0,-0.2650622,0.121416836977005,0.6616915464401245,0.4814407229423523
YBL054W,YHR067W,0,-0.26513264,0.12139467149972916,0.6616915464401245,0.4815407693386078
YGL161C,YOL056W,0,-0.26525614,0.1213725134730339,0.6616915464401245,0.4816408157348633
YBR296C,YDL115C,0,-0.26530492,0.12135036289691925,0.6616915464401245,0.4817408621311188
YDL024C,YIR026C,1,-0.26532713,0.12151066958904266,0.6626865863800049,0.4817408621311188
YNL159C,YKR050W,0,-0.26535505,0.12148851156234741,0.6626865863800049,0.48184090852737427
YBR123C,YGR220C,0,-0.2654964,0.12146635353565216,0.6626865863800049,0.48194098472595215
YLR204W,YDR031W,0,-0.26551312,0.1214442029595375,0.6626865863800049,0.48204103112220764
YMR165C,YGL224C,1,-0.265676,0.12160437554121017,0.6636815667152405,0.48204103112220764
YER126C,YPR184W,0,-0.26568776,0.12158221006393433,0.6636815667152405,0.48214107751846313
YGR054W,YCL066W,0,-0.26582524,0.12156005203723907,0.6636815667152405,0.48224112391471863
YLR385C,YPL154C,0,-0.26585189,0.12153790146112442,0.6636815667152405,0.4823411703109741
YER174C,YMR056C,0,-0.26588517,0.12151575833559036,0.6636815667152405,0.4824412167072296
YAL009W,YHR004C,1,-0.26588693,0.1216757744550705,0.6646766066551208,0.4824412167072296
YHR172W,YHR160C,0,-0.26611128,0.12165361642837524,0.6646766066551208,0.4825412631034851
YOR391C,YMR026C,0,-0.26624003,0.12163146585226059,0.6646766066551208,0.4826413094997406
YJL048C,YDR322W,0,-0.26628384,0.12160932272672653,0.6646766066551208,0.4827413558959961
YKR061W,YPL159C,0,-0.266323,0.12158718705177307,0.6646766066551208,0.482841432094574
YLR204W,YDL146W,0,-0.26632664,0.12156505882740021,0.6646766066551208,0.48294147849082947
YKL190W,YKL212W,1,-0.2663924,0.12172488868236542,0.6656716465950012,0.48294147849082947
YDR315C,YDR130C,0,-0.26643386,0.12170274555683136,0.6656716465950012,0.48304152488708496
YIR006C,YMR109W,0,-0.2664642,0.1216806098818779,0.6656716465950012,0.48314157128334045
YGR263C,YGR008C,0,-0.26647392,0.12165848165750504,0.6656716465950012,0.48324161767959595
YIR037W,YAL044C,0,-0.26649863,0.12163636088371277,0.6656716465950012,0.48334166407585144
YPR102C,YPR047W,0,-0.26657957,0.1216142550110817,0.6656716465950012,0.48344171047210693
YMR043W,YDR013W,0,-0.2665869,0.12159214913845062,0.6656716465950012,0.4835417568683624
YML034W,YIL145C,0,-0.266595,0.12157005071640015,0.6656716465950012,0.4836418330669403
YDL033C,YPL269W,0,-0.2666906,0.12154796719551086,0.6656716465950012,0.4837418794631958
YGL222C,YJL125C,0,-0.2667976,0.12152588367462158,0.6656716465950012,0.4838419258594513
YFR005C,YHR140W,0,-0.26697642,0.1215038150548935,0.6656716465950012,0.4839419722557068
YOR131C,YER012W,0,-0.2673045,0.121481753885746,0.6656716465950012,0.4840420186519623
YPL157W,YDR529C,0,-0.26730663,0.12145969271659851,0.6656716465950012,0.4841420650482178
YMR188C,YMR051C,0,-0.26730996,0.12143764644861221,0.6656716465950012,0.48424211144447327
YFL004W,YER113C,0,-0.267317,0.12141560763120651,0.6656716465950012,0.48434215784072876
YDR038C,YDL205C,0,-0.26747057,0.12139357626438141,0.6656716465950012,0.48444223403930664
YJR104C,YDL101C,0,-0.2674922,0.1213715523481369,0.6656716465950012,0.48454228043556213
YLR377C,YLR019W,1,-0.2675222,0.1215309277176857,0.6666666865348816,0.48454228043556213
YMR042W,YEL021W,0,-0.26753306,0.12150888890028,0.6666666865348816,0.4846423268318176
YNR027W,YER007W,0,-0.26773748,0.1214868575334549,0.6666666865348816,0.4847423732280731
YKR030W,YLL022C,0,-0.26777425,0.12146482616662979,0.6666666865348816,0.4848424196243286
YPL214C,YLR438C-A,0,-0.26786417,0.12144280970096588,0.6666666865348816,0.4849424660205841
YFL047W,YHR186C,0,-0.26786748,0.12142080813646317,0.6666666865348816,0.4850425124168396
YGR292W,YCR094W,0,-0.26794115,0.12139880657196045,0.6666666865348816,0.4851425588130951
YOR179C,YKL140W,0,-0.26797584,0.12137681245803833,0.6666666865348816,0.485242635011673
YCR092C,YJR126C,0,-0.26805112,0.12135482579469681,0.6666666865348816,0.48534268140792847
YMR080C,YJL189W,0,-0.2681253,0.12133285403251648,0.6666666865348816,0.48544272780418396
YDR520C,YER161C,0,-0.26833996,0.12131088227033615,0.6666666865348816,0.48554277420043945
YDL229W,YHR207C,0,-0.26841867,0.12128891795873642,0.6666666865348816,0.48564282059669495
YPL090C,YIL126W,0,-0.26841915,0.12126696854829788,0.6666666865348816,0.48574286699295044
YBR299W,YER164W,0,-0.2684193,0.12124502658843994,0.6666666865348816,0.48584291338920593
YNL086W,YDL129W,0,-0.2684237,0.121223084628582,0.6666666865348816,0.4859429597854614
YDR036C,YCR098C,0,-0.26851982,0.12120115756988525,0.6666666865348816,0.4860430359840393
YMR282C,YJL090C,0,-0.26852518,0.1211792379617691,0.6666666865348816,0.4861430823802948
YMR088C,YPL194W,0,-0.26853967,0.12115732580423355,0.6666666865348816,0.4862431287765503
YBR024W,YMR204C,0,-0.26856175,0.1211354210972786,0.6666666865348816,0.4863431751728058
YOR389W,YPR096C,0,-0.2685884,0.12111352384090424,0.6666666865348816,0.4864432215690613
YDL030W,YMR223W,0,-0.26863056,0.12109163403511047,0.6666666865348816,0.4865432679653168
YOR308C,YFL029C,0,-0.2686461,0.12106975167989731,0.6666666865348816,0.48664331436157227
YJL097W,YFL044C,0,-0.2687239,0.12104787677526474,0.6666666865348816,0.48674336075782776
YBR166C,YDR534C,0,-0.2689081,0.12102600932121277,0.6666666865348816,0.48684340715408325
YJR158W,YLR381W,0,-0.2689271,0.12100415676832199,0.6666666865348816,0.48694348335266113
YJR029W,YPL111W,0,-0.26899135,0.12098230421543121,0.6666666865348816,0.4870435297489166
YJR158W,YOR374W,0,-0.26900464,0.12096045911312103,0.6666666865348816,0.4871435761451721
YBL103C,YLR467W,0,-0.26902878,0.12093862891197205,0.6666666865348816,0.4872436225414276
YGR123C,YLR019W,1,-0.2690542,0.12109727412462234,0.6676616668701172,0.4872436225414276
YMR016C,YDL138W,0,-0.26909962,0.12107542157173157,0.6676616668701172,0.4873436689376831
YML012W,YPR098C,0,-0.2691153,0.12105358392000198,0.6676616668701172,0.4874437153339386
YNL012W,YOR070C,0,-0.26923832,0.1210317462682724,0.6676616668701172,0.4875437617301941
YDL115C,YAL058W,0,-0.2695068,0.12100991606712341,0.6676616668701172,0.4876438081264496
YEL054C,YBR207W,0,-0.26954728,0.12098810076713562,0.6676616668701172,0.48774388432502747
YMR188C,YIR023W,0,-0.2695797,0.12096628546714783,0.6676616668701172,0.48784393072128296
YMR302C,YLR158C,0,-0.26964274,0.12094448506832123,0.6676616668701172,0.48794397711753845
YER086W,YKL116C,0,-0.26972198,0.12092269212007523,0.6676616668701172,0.48804402351379395
YGR008C,YNL146W,0,-0.26989666,0.12090089917182922,0.6676616668701172,0.48814406991004944
YIL172C,YJR058C,0,-0.26998308,0.12087912112474442,0.6676616668701172,0.48824411630630493
YIL126W,YKL116C,0,-0.2699958,0.1208573505282402,0.6676616668701172,0.4883441627025604
YDR103W,YLR306W,0,-0.27014357,0.12083558738231659,0.6676616668701172,0.4884442090988159
YNL129W,YOR070C,0,-0.2701696,0.12081382423639297,0.6676616668701172,0.4885442852973938
YDL114W,YDR252W,0,-0.27024847,0.12079207599163055,0.6676616668701172,0.4886443316936493
YML091C,YDR421W,0,-0.27041972,0.12077033519744873,0.6676616668701172,0.4887443780899048
YGL206C,YDR342C,0,-0.27042425,0.1207486018538475,0.6676616668701172,0.4888444244861603
YMR094W,YDR402C,0,-0.27043414,0.12072688341140747,0.6676616668701172,0.48894447088241577
YOR175C,YEL013W,0,-0.27048194,0.12070516496896744,0.6676616668701172,0.48904451727867126
YER148W,YNR011C,0,-0.2704874,0.120683453977108,0.6676616668701172,0.48914456367492676
YGL009C,YNL162W,0,-0.27049413,0.12066175043582916,0.6676616668701172,0.48924461007118225
YMR166C,YNL268W,0,-0.27085078,0.12064005434513092,0.6676616668701172,0.48934468626976013
YOR290C,YLR403W,0,-0.27087995,0.12061837315559387,0.6676616668701172,0.4894447326660156
YJR158W,YLR433C,0,-0.2708875,0.12059669196605682,0.6676616668701172,0.4895447790622711
YJL198W,YMR311C,0,-0.2709576,0.12057502567768097,0.6676616668701172,0.4896448254585266
YNL322C,YIL113W,0,-0.27095813,0.12055335938930511,0.6676616668701172,0.4897448718547821
YDR236C,YJL008C,0,-0.27103242,0.12053170800209045,0.6676616668701172,0.4898449182510376
YHR067W,YPL204W,0,-0.27107775,0.1205100566148758,0.6676616668701172,0.4899449646472931
YOL030W,YLR265C,0,-0.27114898,0.12048842012882233,0.6676616668701172,0.4900450110435486
YOR308C,YIL072W,0,-0.27115834,0.12046678364276886,0.6676616668701172,0.49014508724212646
YNR016C,YJL073W,0,-0.27117744,0.12044516205787659,0.6676616668701172,0.49024513363838196
YKR050W,YDR103W,0,-0.27120364,0.12042354792356491,0.6676616668701172,0.49034518003463745
YDL138W,YNL217W,0,-0.27136496,0.12040194123983383,0.6676616668701172,0.49044522643089294
YDR465C,YOR246C,0,-0.27164558,0.12038033455610275,0.6676616668701172,0.49054527282714844
YGR162W,YER089C,0,-0.27167052,0.12035874277353287,0.6676616668701172,0.49064531922340393
YHR031C,YOR322C,0,-0.27180135,0.12033715844154358,0.6676616668701172,0.4907453656196594
YGL210W,YIL138C,0,-0.2720538,0.12031558156013489,0.6676616668701172,0.4908454120159149
YLR373C,YHR027C,0,-0.27219763,0.1202940121293068,0.6676616668701172,0.4909454584121704
YAL009W,YGL229C,1,-0.27223444,0.12045169621706009,0.6686567068099976,0.4909454584121704
YBR022W,YGR200C,0,-0.27226698,0.1204301044344902,0.6686567068099976,0.4910455346107483
YER025W,YER114C,0,-0.27227533,0.12040852755308151,0.6686567068099976,0.4911455810070038
YNR047W,YNL189W,0,-0.27228364,0.12038695812225342,0.6686567068099976,0.4912456274032593
YIL150C,YHR064C,0,-0.2722838,0.12036539614200592,0.6686567068099976,0.49134567379951477
YJR025C,YLR127C,0,-0.27236778,0.12034384161233902,0.6686567068099976,0.49144572019577026
YDR466W,YBR175W,0,-0.2724156,0.12032229453325272,0.6686567068099976,0.49154576659202576
YGL009C,YMR109W,0,-0.27241737,0.12030075490474701,0.6686567068099976,0.49164581298828125
YNL158W,YER164W,0,-0.2724304,0.1202792227268219,0.6686567068099976,0.49174585938453674
YJR094W-A,YJR089W,0,-0.2724777,0.12025769799947739,0.6686567068099976,0.4918459355831146
YDL236W,YBR125C,1,-0.2725623,0.120415098965168,0.6696517467498779,0.4918459355831146
YKL212W,YLR207W,0,-0.2727849,0.12039355933666229,0.6696517467498779,0.4919459819793701
YBR087W,YHR167W,0,-0.2729825,0.12037202715873718,0.6696517467498779,0.4920460283756256
YBL082C,YPR032W,0,-0.27313507,0.12035050243139267,0.6696517467498779,0.4921460747718811
YDL210W,YDR510W,0,-0.27324387,0.12032898515462875,0.6696517467498779,0.4922461211681366
YGR286C,YCL047C,0,-0.27333507,0.12030747532844543,0.6696517467498779,0.4923461675643921
YCL063W,YDR400W,0,-0.27334288,0.12028597295284271,0.6696517467498779,0.4924462139606476
YKL212W,YBR040W,0,-0.2733907,0.12026447802782059,0.6696517467498779,0.4925462603569031
YNL242W,YGR220C,0,-0.27344766,0.12024299055337906,0.6696517467498779,0.49264633655548096
YML012W,YPR047W,0,-0.27346727,0.12022151052951813,0.6696517467498779,0.49274638295173645
YOL065C,YOR043W,0,-0.27352628,0.12020003795623779,0.6696517467498779,0.49284642934799194
YDR238C,YBR164C,0,-0.27355742,0.12017857283353806,0.6696517467498779,0.49294647574424744
YKR038C,YJL158C,0,-0.27363604,0.12015711516141891,0.6696517467498779,0.49304652214050293
YPL271W,YCL066W,0,-0.27378884,0.12013566493988037,0.6696517467498779,0.4931465685367584
YOR208W,YLR410W,1,-0.27384236,0.12029270082712173,0.6706467866897583,0.4931465685367584
YOR356W,YCL027W,0,-0.27394858,0.120271235704422,0.6706467866897583,0.4932466149330139
YGL090W,YIL084C,0,-0.27407402,0.12024977803230286,0.6706467866897583,0.4933466613292694
YML063W,YOL109W,0,-0.27416277,0.12022832781076431,0.6706467866897583,0.4934467375278473
YDL108W,YPL160W,0,-0.27417272,0.12020688503980637,0.6706467866897583,0.4935467839241028
YOR124C,YDR128W,0,-0.2742686,0.12018544971942902,0.6706467866897583,0.4936468303203583
YNR061C,YPL031C,0,-0.27429968,0.12016402184963226,0.6706467866897583,0.49374687671661377
YJL170C,YNL098C,0,-0.2743641,0.12014260143041611,0.6706467866897583,0.49384692311286926
YER095W,YHR064C,0,-0.27441475,0.12012118846178055,0.6706467866897583,0.49394696950912476
YLR414C,YNR041C,0,-0.27442455,0.12009978294372559,0.6706467866897583,0.49404701590538025
YNL292W,YCR039C,0,-0.27462325,0.12007839232683182,0.6706467866897583,0.49414706230163574
YBL039C,YHR099W,0,-0.2748078,0.12005700170993805,0.6706467866897583,0.49424710869789124
YDR060W,YOL056W,0,-0.2748388,0.12003561854362488,0.6706467866897583,0.4943471848964691
YHR207C,YKL017C,0,-0.27485132,0.1200142428278923,0.6706467866897583,0.4944472312927246
YDL109C,YJL025W,0,-0.27487835,0.11999288201332092,0.6706467866897583,0.4945472776889801
YLR427W,YNL061W,0,-0.27499416,0.11997152119874954,0.6706467866897583,0.4946473240852356
YDR481C,YIL155C,0,-0.2751929,0.11995016783475876,0.6706467866897583,0.4947473704814911
YDR036C,YDR379W,0,-0.2752616,0.11992882192134857,0.6706467866897583,0.4948474168777466
YIR036C,YBL022C,0,-0.2752715,0.11990749090909958,0.6706467866897583,0.4949474632740021
YMR188C,YMR056C,0,-0.27527177,0.11988615989685059,0.6706467866897583,0.49504750967025757
YDR288W,YNL325C,0,-0.27528197,0.11986484378576279,0.6706467866897583,0.49514758586883545
YPL231W,YAL058W,0,-0.27532244,0.11984352767467499,0.6706467866897583,0.49524763226509094
YML106W,YCR077C,0,-0.27543882,0.11982221901416779,0.6706467866897583,0.49534767866134644
YPL059W,YJR134C,0,-0.2754688,0.11980092525482178,0.6706467866897583,0.49544772505760193
YPR118W,YNR016C,0,-0.27553928,0.11977963149547577,0.6706467866897583,0.4955477714538574
YOR381W,YDR128W,0,-0.27554703,0.11975835263729095,0.6706467866897583,0.4956478178501129
YLR283W,YDL115C,0,-0.27563378,0.11973707377910614,0.6706467866897583,0.4957478642463684
YLR345W,YEL038W,1,-0.27572715,0.11989343166351318,0.6716417670249939,0.4957478642463684
YIL051C,YBR241C,0,-0.27579057,0.11987213790416718,0.6716417670249939,0.4958479106426239
YGL141W,YDR055W,0,-0.27588627,0.11985085159540176,0.6716417670249939,0.4959479868412018
YGR104C,YMR282C,0,-0.27591068,0.11982957273721695,0.6716417670249939,0.4960480332374573
YLR214W,YDR448W,0,-0.2759315,0.11980830878019333,0.6716417670249939,0.49614807963371277
YAL013W,YKL198C,0,-0.2759888,0.11978704482316971,0.6716417670249939,0.49624812602996826
YBR033W,YHR013C,0,-0.27605492,0.11976578831672668,0.6716417670249939,0.49634817242622375
YDL047W,YOR155C,1,-0.2761161,0.11992194503545761,0.6726368069648743,0.49634817242622375
YJL073W,YBR105C,0,-0.27635723,0.1199006736278534,0.6726368069648743,0.49644821882247925
YKL198C,YML081C-A,0,-0.27638236,0.11987940967082977,0.6726368069648743,0.49654826521873474
YCR009C,YDL008W,0,-0.27642778,0.11985815316438675,0.6726368069648743,0.49664831161499023
YDR523C,YDR483W,0,-0.27652654,0.11983691155910492,0.6726368069648743,0.4967483878135681
YDR379W,YER184C,0,-0.2766017,0.11981566995382309,0.6726368069648743,0.4968484342098236
YKL152C,YFR028C,1,-0.2766201,0.11997164785861969,0.6736318469047546,0.4968484342098236
YDR013W,YMR217W,0,-0.2766894,0.11995039135217667,0.6736318469047546,0.4969484806060791
YMR264W,YFR008W,0,-0.2768002,0.11992914229631424,0.6736318469047546,0.4970485270023346
YIR023W,YLR176C,0,-0.27680787,0.11990790069103241,0.6736318469047546,0.4971485733985901
YNR008W,YAL010C,0,-0.2768527,0.11988666653633118,0.6736318469047546,0.4972486197948456
YDR495C,YLR158C,0,-0.2768594,0.11986543983221054,0.6736318469047546,0.4973486661911011
YER070W,YKL181W,0,-0.276879,0.1198442205786705,0.6736318469047546,0.49744871258735657
YPL177C,YNR045W,0,-0.27695522,0.11982300877571106,0.6736318469047546,0.49754878878593445
YHR136C,YML063W,0,-0.27698803,0.11980180442333221,0.6736318469047546,0.49764883518218994
YDR050C,YDR368W,0,-0.27700457,0.11978060752153397,0.6736318469047546,0.49774888157844543
YFR040W,YPL228W,1,-0.27708358,0.11993631720542908,0.674626886844635,0.49774888157844543
YMR289W,YJL221C,0,-0.27710652,0.11991510540246964,0.674626886844635,0.4978489279747009
YNL322C,YJL056C,0,-0.27710742,0.11989390105009079,0.674626886844635,0.4979489743709564
YBL064C,YBR012W-B,0,-0.27713767,0.11987270414829254,0.674626886844635,0.4980490207672119
YLR361C,YGR208W,1,-0.27715188,0.1200282871723175,0.6756218671798706,0.4980490207672119
YLR127C,YOR337W,0,-0.27723098,0.12000706791877747,0.6756218671798706,0.4981490671634674
YOL100W,YLR100W,0,-0.2772612,0.11998586356639862,0.6756218671798706,0.4982491135597229
YDR532C,YER133W,0,-0.277317,0.11996466666460037,0.6756218671798706,0.4983491599559784
YOL133W,YDR486C,0,-0.27767035,0.11994346976280212,0.6756218671798706,0.4984492361545563
YLR126C,YBL037W,0,-0.27767354,0.11992228776216507,0.6756218671798706,0.49854928255081177
YFL029C,YMR311C,0,-0.27771607,0.11990111321210861,0.6756218671798706,0.49864932894706726
YML048W,YLR441C,0,-0.27774116,0.11987994611263275,0.6756218671798706,0.49874937534332275
YNR045W,YKL164C,0,-0.27793914,0.11985877901315689,0.6756218671798706,0.49884942173957825
YNL207W,YMR098C,0,-0.27813396,0.11983762681484222,0.6756218671798706,0.49894946813583374
YJL155C,YBL056W,1,-0.27820247,0.1199929416179657,0.676616907119751,0.49894946813583374
YMR087W,YHR043C,1,-0.27822462,0.1201481968164444,0.6776119470596313,0.49894946813583374
YGL135W,YMR221C,0,-0.2782453,0.12012700736522675,0.6776119470596313,0.49904951453208923
YDL129W,YER180C,0,-0.27844736,0.1201058179140091,0.6776119470596313,0.4991495609283447
YBR296C,YIL125W,0,-0.2784525,0.12008464336395264,0.6776119470596313,0.4992496371269226
YOR124C,YJL109C,0,-0.27868223,0.12006346881389618,0.6776119470596313,0.4993496835231781
YDL144C,YNL339C,0,-0.27870572,0.12004230916500092,0.6776119470596313,0.4994497299194336
YBR092C,YJL098W,1,-0.27873832,0.12019739300012589,0.6786069869995117,0.4994497299194336
YNL159C,YMR042W,0,-0.27879998,0.12017621099948883,0.6786069869995117,0.4995497763156891
YDR341C,YIR009W,0,-0.27882573,0.12015503644943237,0.6786069869995117,0.4996498227119446
YDL229W,YNL129W,0,-0.27894083,0.12013387680053711,0.6786069869995117,0.4997498691082001
YBR024W,YER120W,0,-0.27896494,0.12011271715164185,0.6786069869995117,0.49984991550445557
YOR288C,YGL227W,0,-0.2789732,0.12009156495332718,0.6786069869995117,0.49994996190071106
YNL099C,YNL010W,1,-0.27903718,0.12024647742509842,0.6796019673347473,0.49994996190071106
YJL090C,YDL075W,0,-0.27908516,0.12022531032562256,0.6796019673347473,0.5000500082969666
YGL251C,YPL204W,0,-0.2791118,0.1202041506767273,0.6796019673347473,0.5001500844955444
YDR279W,YER131W,0,-0.27923414,0.12018299847841263,0.6796019673347473,0.5002501010894775
YLR008C,YJR158W,0,-0.27934504,0.12016186118125916,0.6796019673347473,0.5003501772880554
YDR236C,YDR298C,0,-0.27946034,0.12014072388410568,0.6796019673347473,0.5004502534866333
YKR030W,YDR421W,0,-0.27949846,0.1201195940375328,0.6796019673347473,0.5005502700805664
YER061C,YDL075W,0,-0.27959666,0.12009847164154053,0.6796019673347473,0.5006503462791443
YJR104C,YBR024W,0,-0.27965826,0.12007735669612885,0.6796019673347473,0.5007503628730774
YGL090W,YDR231C,0,-0.27972186,0.12005624920129776,0.6796019673347473,0.5008504390716553
YOR131C,YJL155C,1,-0.27973267,0.12021089345216751,0.6805970072746277,0.5008504390716553
YFL004W,YOR174W,0,-0.2798278,0.12018977105617523,0.6805970072746277,0.5009504556655884
YHR076W,YPL228W,1,-0.28002316,0.12034434080123901,0.6815920472145081,0.5009504556655884
YHR215W,YLR433C,1,-0.28010482,0.12049885839223862,0.6825870871543884,0.5009504556655884
YHL040C,YDR436W,0,-0.28011602,0.12047769874334335,0.6825870871543884,0.5010505318641663
YNR050C,YKL059C,0,-0.28023422,0.12045653909444809,0.6825870871543884,0.5011505484580994
YDR529C,YNL096C,0,-0.28030527,0.12043539434671402,0.6825870871543884,0.5012506246566772
YKL152C,YAL009W,1,-0.2804768,0.12058978527784348,0.683582067489624,0.5012506246566772
YML018C,YLR356W,0,-0.28049117,0.12056861817836761,0.683582067489624,0.5013507008552551
YBR030W,YPR042C,0,-0.28060508,0.12054746598005295,0.683582067489624,0.5014507174491882
YDL075W,YER180C,0,-0.28066275,0.12052631378173828,0.683582067489624,0.5015507936477661
YGR062C,YDL082W,0,-0.28089437,0.12050517648458481,0.683582067489624,0.5016508102416992
YNL010W,YNL325C,1,-0.28095666,0.12065941840410233,0.6845771074295044,0.5016508102416992
YHR044C,YBL022C,0,-0.28097904,0.12063825875520706,0.6845771074295044,0.5017508864402771
YNR008W,YMR312W,0,-0.28099307,0.12061711400747299,0.6845771074295044,0.5018509030342102
YDR425W,YDR096W,0,-0.28102815,0.12059596925973892,0.6845771074295044,0.5019509792327881
YHR027C,YPR178W,0,-0.2810436,0.12057483196258545,0.6845771074295044,0.5020509958267212
YLR074C,YLR265C,0,-0.28108186,0.12055370956659317,0.6845771074295044,0.5021510720252991
YOR182C,YGR188C,0,-0.28118336,0.12053258717060089,0.6845771074295044,0.502251148223877
YDL006W,YGR037C,0,-0.2812184,0.12051147222518921,0.6845771074295044,0.5023511648178101
YHL044W,YLR040C,0,-0.28124645,0.12049036473035812,0.6845771074295044,0.5024512410163879
YFR037C,YKL212W,0,-0.28126425,0.12046927213668823,0.6845771074295044,0.502551257610321
YDL051W,YDL110C,0,-0.2813599,0.12044817954301834,0.6845771074295044,0.5026513338088989
YGL003C,YHR086W,0,-0.28139555,0.12042709439992905,0.6845771074295044,0.502751350402832
YKL140W,YOR369C,0,-0.28145272,0.12040601670742035,0.6845771074295044,0.5028514266014099
YMR282C,YIR015W,0,-0.2815624,0.12038495391607285,0.6845771074295044,0.5029515027999878
YGR029W,YER012W,0,-0.28158864,0.12036389112472534,0.6845771074295044,0.5030515193939209
YGL173C,YKL004W,0,-0.28161553,0.12034283578395844,0.6845771074295044,0.5031515955924988
YPL101W,YDR447C,0,-0.28163964,0.12032178789377213,0.6845771074295044,0.5032516121864319
YIR017C,YLR433C,0,-0.28167933,0.12030075490474701,0.6845771074295044,0.5033516883850098
YGL137W,YAR010C,0,-0.28206736,0.1202797219157219,0.6845771074295044,0.5034517049789429
YLL038C,YMR303C,0,-0.28218633,0.12025869637727737,0.6845771074295044,0.5035517811775208
YBR158W,YOL147C,0,-0.28220606,0.12023767828941345,0.6845771074295044,0.5036517977714539
YNL149C,YBL061C,0,-0.282384,0.12021666765213013,0.6845771074295044,0.5037518739700317
YKL178C,YPL089C,0,-0.28253576,0.1201956644654274,0.6845771074295044,0.5038519501686096
YPL157W,YPR102C,0,-0.2825528,0.12017467617988586,0.6845771074295044,0.5039519667625427
YHR161C,YDL184C,0,-0.2826478,0.12015368789434433,0.6845771074295044,0.5040520429611206
YDR356W,YLR287C-A,0,-0.283021,0.12013270705938339,0.6845771074295044,0.5041520595550537
YML085C,YJR068W,0,-0.28309375,0.12011173367500305,0.6845771074295044,0.5042521357536316
YML027W,YPL022W,0,-0.2831789,0.12009076774120331,0.6845771074295044,0.5043521523475647
YFL004W,YJR015W,0,-0.28331646,0.12006980925798416,0.6845771074295044,0.5044522285461426
YBR126C,YOL065C,1,-0.28353155,0.12022334337234497,0.6855721473693848,0.5044522285461426
YDR134C,YBR160W,0,-0.2837296,0.12020236998796463,0.6855721473693848,0.5045523047447205
YHR021C,YMR233W,0,-0.28375918,0.12018140405416489,0.6855721473693848,0.5046523213386536
YDR425W,YMR171C,0,-0.28392974,0.12016044557094574,0.6855721473693848,0.5047523975372314
YJR001W,YGL227W,0,-0.28426614,0.12013949453830719,0.6855721473693848,0.5048524141311646
YPR073C,YBR125C,1,-0.28429973,0.12029288709163666,0.6865671873092651,0.5048524141311646
YLR048W,YAL003W,0,-0.284321,0.12027192115783691,0.6865671873092651,0.5049524903297424
YOR131C,YCR079W,1,-0.28438473,0.12042523175477982,0.6875621676445007,0.5049524903297424
YNL325C,YGR001C,0,-0.28445393,0.12040425091981888,0.6875621676445007,0.5050525069236755
YDR358W,YOL002C,0,-0.28452772,0.12038327753543854,0.6875621676445007,0.5051525831222534
YMR292W,YDR055W,0,-0.28457355,0.1203623041510582,0.6875621676445007,0.5052525997161865
YDL108W,YJR143C,0,-0.2847173,0.12034134566783905,0.6875621676445007,0.5053526759147644
YOR124C,YOR063W,0,-0.28487605,0.1203203871846199,0.6875621676445007,0.5054527521133423
YFR032C-A,YDR288W,0,-0.28495097,0.12029944360256195,0.6875621676445007,0.5055527687072754
YER068W,YDL006W,0,-0.2850793,0.120278500020504,0.6875621676445007,0.5056528449058533
YJL106W,YCR040W,0,-0.2850908,0.12025757133960724,0.6875621676445007,0.5057528614997864
YCR077C,YGR189C,0,-0.2851795,0.12023664265871048,0.6875621676445007,0.5058529376983643
YDR481C,YHR076W,1,-0.28531116,0.12038969993591309,0.6885572075843811,0.5058529376983643
YOR151C,YBL082C,0,-0.28536832,0.12036875635385513,0.6885572075843811,0.5059529542922974
YGL222C,YMR017W,0,-0.28538784,0.12034782767295837,0.6885572075843811,0.5060530304908752
YOL100W,YOL077C,0,-0.28548032,0.12032689899206161,0.6885572075843811,0.5061530470848083
YOR181W,YGR006W,0,-0.2855335,0.12030597776174545,0.6885572075843811,0.5062531232833862
YEL058W,YJL008C,0,-0.28555182,0.12028507143259048,0.6885572075843811,0.5063531994819641
YER148W,YDR511W,0,-0.2856264,0.12026416510343552,0.6885572075843811,0.5064532160758972
YOR124C,YPR166C,0,-0.28587374,0.12024326622486115,0.6885572075843811,0.5065532922744751
YMR314W,YAL034W-A,0,-0.28589803,0.12022237479686737,0.6885572075843811,0.5066533088684082
YNL166C,YNL268W,0,-0.28591642,0.1202014908194542,0.6885572075843811,0.5067533850669861
YDR356W,YER091C,0,-0.2859374,0.12018062174320221,0.6885572075843811,0.5068534016609192
YDR239C,YCL066W,0,-0.28594905,0.12015975266695023,0.6885572075843811,0.5069534778594971
YGR154C,YML091C,0,-0.28600472,0.12013889104127884,0.6885572075843811,0.507053554058075
YPL051W,YHR092C,0,-0.28611407,0.12011803686618805,0.6885572075843811,0.5071535706520081
YDR052C,YBR105C,0,-0.28624845,0.12009719014167786,0.6885572075843811,0.5072536468505859
YOR381W,YOR265W,0,-0.28636384,0.12007635086774826,0.6885572075843811,0.507353663444519
YKR048C,YHR064C,0,-0.2863798,0.12005551904439926,0.6885572075843811,0.5074537396430969
YAL010C,YER007W,0,-0.28639752,0.12003469467163086,0.6885572075843811,0.50755375623703
YDR067C,YNL010W,1,-0.28656042,0.12018730491399765,0.6895522475242615,0.50755375623703
YIL113W,YKL198C,0,-0.28660935,0.12016646564006805,0.6895522475242615,0.5076538324356079
YOR315W,YLR127C,0,-0.28669682,0.12014563381671906,0.6895522475242615,0.507753849029541
YJR121W,YBL060W,0,-0.28673008,0.12012480199337006,0.6895522475242615,0.5078539252281189
YDR107C,YDR018C,0,-0.28674135,0.12010398507118225,0.6895522475242615,0.5079540014266968
YBL075C,YJR098C,0,-0.28684467,0.12008317559957504,0.6895522475242615,0.5080540180206299
YJL143W,YIR015W,0,-0.28705257,0.12006237357854843,0.6895522475242615,0.5081540942192078
YDR096W,YDR443C,0,-0.28716248,0.12004157155752182,0.6895522475242615,0.5082541108131409
YOL072W,YMR303C,0,-0.28734043,0.1200207844376564,0.6895522475242615,0.5083541870117188
YLR048W,YIL126W,0,-0.2873898,0.11999999731779099,0.6895522475242615,0.5084542036056519
YJL044C,YJL108C,0,-0.28739324,0.11997922509908676,0.6895522475242615,0.5085542798042297
YJL158C,YKL024C,0,-0.28741848,0.11995845288038254,0.6895522475242615,0.5086543560028076
YKL154W,YEL017C-A,0,-0.2874647,0.11993769556283951,0.6895522475242615,0.5087543725967407
YBR213W,YMR311C,0,-0.28748697,0.11991693824529648,0.6895522475242615,0.5088544487953186
YDR532C,YOL064C,0,-0.28754357,0.11989619582891464,0.6895522475242615,0.5089544653892517
YGL095C,YOL002C,0,-0.28763935,0.1198754534125328,0.6895522475242615,0.5090545415878296
YBR093C,YMR156C,1,-0.2877479,0.12002766877412796,0.6905472874641418,0.5090545415878296
YJR145C,YLR139C,0,-0.28775772,0.12000691890716553,0.6905472874641418,0.5091545581817627
YBR058C,YHR184W,0,-0.2878532,0.1199861690402031,0.6905472874641418,0.5092546343803406
YDL114W,YPL271W,0,-0.28790647,0.11996542662382126,0.6905472874641418,0.5093546509742737
YDR358W,YJL221C,0,-0.28794757,0.11994469165802002,0.6905472874641418,0.5094547271728516
YJL101C,YDL130W-A,0,-0.2879767,0.11992396414279938,0.6905472874641418,0.5095548033714294
YBL039C,YDR177W,0,-0.2880422,0.11990325152873993,0.6905472874641418,0.5096548199653625
YNR008W,YPL095C,0,-0.28807497,0.11988253891468048,0.6905472874641418,0.5097548961639404
YLR419W,YHR136C,0,-0.28825355,0.11986183375120163,0.6905472874641418,0.5098549127578735
YDR511W,YAL021C,0,-0.28840244,0.11984113603830338,0.6905472874641418,0.5099549889564514
YNL001W,YGL106W,0,-0.2884512,0.11982043832540512,0.6905472874641418,0.5100550055503845
YDR033W,YJL221C,0,-0.28862673,0.11979975551366806,0.6905472874641418,0.5101550817489624
YJR010C-A,YMR071C,0,-0.28884566,0.1197790801525116,0.6905472874641418,0.5102550983428955
YHL024W,YHL036W,0,-0.28887972,0.11975841224193573,0.6905472874641418,0.5103551745414734
YJR016C,YNR016C,0,-0.2889841,0.11973775178194046,0.6905472874641418,0.5104552507400513
YJL129C,YER091C,0,-0.2890024,0.11971709877252579,0.6905472874641418,0.5105552673339844
YDR242W,YHR161C,0,-0.2890963,0.11969644576311111,0.6905472874641418,0.5106553435325623
YLR014C,YMR012W,0,-0.28918332,0.11967580765485764,0.6905472874641418,0.5107553601264954
YDR018C,YHL032C,0,-0.28924564,0.11965516954660416,0.6905472874641418,0.5108554363250732
YIR036C,YJL052W,0,-0.2892772,0.11963454633951187,0.6905472874641418,0.5109554529190063
YOR278W,YBL082C,0,-0.2893854,0.11961392313241959,0.6905472874641418,0.5110555291175842
YDR242W,YLR121C,0,-0.28953356,0.1195933148264885,0.6905472874641418,0.5111556053161621
YJL019W,YCR077C,0,-0.289698,0.1195727065205574,0.6905472874641418,0.5112556219100952
YBR214W,YDR003W,0,-0.28991055,0.1195521131157875,0.6905472874641418,0.5113556981086731
YMR006C,YML048W,0,-0.2899123,0.11953151971101761,0.6905472874641418,0.5114557147026062
YML034W,YGR189C,0,-0.28992733,0.11951093375682831,0.6905472874641418,0.5115557909011841
YDR228C,YPR168W,0,-0.2899474,0.1194903552532196,0.6905472874641418,0.5116558074951172
YOR143C,YGR191W,0,-0.29006833,0.1194697916507721,0.6905472874641418,0.5117558836936951
YDL127W,YJR135W-A,0,-0.29006833,0.11944922804832458,0.6905472874641418,0.5118559002876282
YMR306W,YFR007W,0,-0.29010457,0.11942867189645767,0.6905472874641418,0.511955976486206
YPL060W,YJL080C,0,-0.2901368,0.11940812319517136,0.6905472874641418,0.5120560526847839
YDR238C,YNL227C,0,-0.29023856,0.11938758194446564,0.6905472874641418,0.512156069278717
YHR089C,YOR070C,0,-0.2903587,0.11936704814434052,0.6905472874641418,0.5122561454772949
YHR092C,YBR122C,0,-0.29042786,0.1193465143442154,0.6905472874641418,0.512356162071228
YMR100W,YLR158C,0,-0.29043862,0.11932599544525146,0.6905472874641418,0.5124562382698059
YFR015C,YDR116C,0,-0.2905447,0.11930548399686813,0.6905472874641418,0.512556254863739
YDR436W,YKL212W,1,-0.29064924,0.11945685744285583,0.6915422677993774,0.512556254863739
YGR058W,YDR247W,0,-0.29071125,0.11943633109331131,0.6915422677993774,0.5126563310623169
YOR131C,YGR203W,1,-0.2907369,0.11958763003349304,0.6925373077392578,0.5126563310623169
YBR291C,YJR075W,0,-0.29076433,0.11956708133220673,0.6925373077392578,0.5127564072608948
YDR481C,YER111C,0,-0.29084626,0.1195465475320816,0.6925373077392578,0.5128564238548279
YDL231C,YDR483W,0,-0.29090685,0.11952602118253708,0.6925373077392578,0.5129565000534058
YIL002C,YEL038W,1,-0.29099187,0.11967720091342926,0.6935323476791382,0.5129565000534058
YGL210W,YLR357W,0,-0.2909935,0.11965665221214294,0.6935323476791382,0.5130565166473389
YDR096W,YBR030W,0,-0.29108363,0.11963611096143723,0.6935323476791382,0.5131565928459167
YHR116W,YDL184C,0,-0.29111516,0.1196155846118927,0.6935323476791382,0.5132566094398499
YGR002C,YOR322C,0,-0.29111555,0.11959505826234818,0.6935323476791382,0.5133566856384277
YHR215W,YDR478W,0,-0.29141667,0.11957453936338425,0.6935323476791382,0.5134567022323608
YGL222C,YER126C,0,-0.29143983,0.11955402791500092,0.6935323476791382,0.5135567784309387
YGR026W,YCR094W,0,-0.2914544,0.11953353136777878,0.6935323476791382,0.5136568546295166
YBR048W,YAL035W,0,-0.29146206,0.11951303482055664,0.6935323476791382,0.5137568712234497
YEL038W,YJL065C,0,-0.29162577,0.1194925457239151,0.6935323476791382,0.5138569474220276
YNL210W,YPL269W,0,-0.29172984,0.11947205662727356,0.6935323476791382,0.5139569640159607
YJL019W,YBL064C,0,-0.29186922,0.11945158243179321,0.6935323476791382,0.5140570402145386
YFR028C,YOR014W,1,-0.29200292,0.11960246413946152,0.6945273876190186,0.5140570402145386
YJR104C,YER106W,0,-0.2922104,0.11958197504281998,0.6945273876190186,0.5141570568084717
YLR441C,YER020W,0,-0.29224163,0.11956149339675903,0.6945273876190186,0.5142571330070496
YCR092C,YPR042C,0,-0.29251188,0.11954101920127869,0.6945273876190186,0.5143571496009827
YDR052C,YOL030W,0,-0.29264498,0.11952054500579834,0.6945273876190186,0.5144572257995605
YDR436W,YNR032W,1,-0.29282662,0.1196712926030159,0.6955223679542542,0.5144572257995605
YDR387C,YLR079W,0,-0.29282787,0.11965080350637436,0.6955223679542542,0.5145573019981384
YDR440W,YLR121C,0,-0.29299274,0.11963032931089401,0.6955223679542542,0.5146573185920715
YPL028W,YOL077C,0,-0.2930308,0.11960985511541367,0.6955223679542542,0.5147573947906494
YJL198W,YHR028C,0,-0.29339135,0.11958939582109451,0.6955223679542542,0.5148574113845825
YDR531W,YOR290C,0,-0.29345986,0.11956893652677536,0.6955223679542542,0.5149574875831604
YDL229W,YNL242W,0,-0.2934711,0.1195484846830368,0.6955223679542542,0.5150575041770935
YNL291C,YNL149C,0,-0.29366952,0.11952804028987885,0.6955223679542542,0.5151575803756714
YPL106C,YJR009C,0,-0.29368687,0.11950761079788208,0.6955223679542542,0.5152576565742493
YMR098C,YDR228C,0,-0.29385668,0.11948718130588531,0.6955223679542542,0.5153576731681824
YJL019W,YNL101W,0,-0.29390162,0.11946675926446915,0.6955223679542542,0.5154577493667603
YBL056W,YNL222W,1,-0.29390687,0.11961722373962402,0.6965174078941345,0.5154577493667603
YMR281W,YOR080W,0,-0.2939876,0.11959678679704666,0.6965174078941345,0.5155577659606934
YJL129C,YOR076C,0,-0.2940317,0.1195763573050499,0.6965174078941345,0.5156578421592712
YOR014W,YGL084C,0,-0.29409078,0.11955593526363373,0.6965174078941345,0.5157578587532043
YMR166C,YGL128C,0,-0.2941188,0.11953552067279816,0.6965174078941345,0.5158579349517822
YHR076W,YNL222W,1,-0.29413405,0.11968584358692169,0.6975124478340149,0.5158579349517822
YOL067C,YBL075C,0,-0.2942599,0.11966541409492493,0.6975124478340149,0.5159579515457153
YGR292W,YKR059W,0,-0.2943246,0.11964499205350876,0.6975124478340149,0.5160580277442932
YLR099C,YMR285C,0,-0.29437363,0.11962457001209259,0.6975124478340149,0.5161581039428711
YCR096C,YDR018C,0,-0.2944557,0.11960416287183762,0.6975124478340149,0.5162581205368042
YER133W,YMR150C,0,-0.29455578,0.11958376318216324,0.6975124478340149,0.5163581967353821
YMR166C,YNL331C,0,-0.29456854,0.11956336349248886,0.6975124478340149,0.5164582133293152
YDR126W,YGR106C,0,-0.29462832,0.11954297125339508,0.6975124478340149,0.5165582895278931
YIR015W,YER051W,0,-0.2946533,0.1195225939154625,0.6975124478340149,0.5166583061218262
YAL010C,YOL140W,0,-0.2947903,0.11950221657752991,0.6975124478340149,0.516758382320404
YJL155C,YER062C,1,-0.29484153,0.11965229362249374,0.6985074877738953,0.516758382320404
YJL044C,YBR030W,0,-0.29496497,0.11963190138339996,0.6985074877738953,0.5168584585189819
YOL067C,YKL024C,0,-0.29500595,0.11961151659488678,0.6985074877738953,0.516958475112915
YNL291C,YHR186C,0,-0.29500645,0.1195911392569542,0.6985074877738953,0.5170585513114929
YBR012W-A,YMR026C,0,-0.29502934,0.1195707693696022,0.6985074877738953,0.517158567905426
YMR016C,YKR009C,0,-0.29504442,0.11955040693283081,0.6985074877738953,0.5172586441040039
YJR066W,YMR312W,0,-0.29508233,0.11953005194664001,0.6985074877738953,0.517358660697937
YFL029C,YDR376W,0,-0.29513732,0.11950970441102982,0.6985074877738953,0.5174587368965149
YDR379W,YKR038C,0,-0.29516727,0.11948936432600021,0.6985074877738953,0.517558753490448
YEL017C-A,YER045C,0,-0.29522073,0.11946902424097061,0.6985074877738953,0.5176588296890259
YNL292W,YBL039C,0,-0.29549223,0.1194486990571022,0.6985074877738953,0.5177589058876038
YDR013W,YKL212W,0,-0.2955866,0.1194283738732338,0.6985074877738953,0.5178589224815369
YDR315C,YMR285C,0,-0.29559863,0.11940806359052658,0.6985074877738953,0.5179589986801147
YKL059C,YAL012W,0,-0.2956264,0.11938775330781937,0.6985074877738953,0.5180590152740479
YFL002W-A,YDL067C,0,-0.29583204,0.11936745792627335,0.6985074877738953,0.5181590914726257
YMR235C,YER095W,0,-0.29587924,0.11934716254472733,0.6985074877738953,0.5182591080665588
YJL219W,YER027C,0,-0.2960288,0.1193268746137619,0.6985074877738953,0.5183591842651367
YFR008W,YDR166C,0,-0.29606885,0.11930659413337708,0.6985074877738953,0.5184592008590698
YBR030W,YOR270C,0,-0.29633135,0.11928632110357285,0.6985074877738953,0.5185592770576477
YPR073C,YDR287W,1,-0.29633874,0.11943595111370087,0.6995024681091309,0.5185592770576477
YMR080C,YCL063W,0,-0.29635215,0.11941566318273544,0.6995024681091309,0.5186593532562256
YNL330C,YJL041W,0,-0.29640943,0.11939538270235062,0.6995024681091309,0.5187593698501587
YJL198W,YBR097W,0,-0.29644173,0.11937510967254639,0.6995024681091309,0.5188594460487366
YOR069W,YHL016C,0,-0.29647252,0.11935483664274216,0.6995024681091309,0.5189594626426697
YLR345W,YGL229C,1,-0.2965255,0.11950432509183884,0.7004975080490112,0.5189594626426697
YDR283C,YDL143W,0,-0.29662246,0.11948404461145401,0.7004975080490112,0.5190595388412476
YKR014C,YER111C,0,-0.29663855,0.11946377158164978,0.7004975080490112,0.5191595554351807
YOL100W,YMR303C,0,-0.29665944,0.11944349855184555,0.7004975080490112,0.5192596316337585
YBR205W,YGL090W,0,-0.29696035,0.11942324042320251,0.7004975080490112,0.5193597078323364
YML005W,YEL059C-A,0,-0.29698753,0.11940298229455948,0.7004975080490112,0.5194597244262695
YIL111W,YLR045C,0,-0.29707298,0.11938273906707764,0.7004975080490112,0.5195598006248474
YBR289W,YGR135W,0,-0.297094,0.1193624958395958,0.7004975080490112,0.5196598172187805
YBR176W,YKL116C,0,-0.29711968,0.11934226006269455,0.7004975080490112,0.5197598934173584
YHL024W,YGR106C,0,-0.29719037,0.1193220317363739,0.7004975080490112,0.5198599100112915
YFL029C,YDR362C,0,-0.29743695,0.11930181086063385,0.7004975080490112,0.5199599862098694
YNL099C,YOL065C,1,-0.29746512,0.11945103108882904,0.7014925479888916,0.5199599862098694
YJR097W,YNL289W,0,-0.29753,0.1194307953119278,0.7014925479888916,0.5200600028038025
YOR308C,YLR127C,0,-0.29753906,0.11941056698560715,0.7014925479888916,0.5201600790023804
YOL003C,YCR010C,0,-0.29762313,0.1193903461098671,0.7014925479888916,0.5202601552009583
YNL128W,YMR261C,1,-0.29776058,0.11953945457935333,0.702487587928772,0.5202601552009583
YLR238W,YPR041W,0,-0.29785085,0.11951921135187149,0.702487587928772,0.5203601717948914
YGR123C,YHR215W,1,-0.29785404,0.11966824531555176,0.7034825682640076,0.5203601717948914
YNL217W,YJR126C,0,-0.29791516,0.11964799463748932,0.7034825682640076,0.5204602479934692
YGL090W,YPL123C,0,-0.2979882,0.11962775141000748,0.7034825682640076,0.5205602645874023
YGR106C,YML048W,0,-0.29806656,0.11960750818252563,0.7034825682640076,0.5206603407859802
YML034W,YJL073W,0,-0.29807746,0.11958727985620499,0.7034825682640076,0.5207603573799133
YBR041W,YER113C,0,-0.29815865,0.11956705898046494,0.7034825682640076,0.5208604335784912
YIL112W,YBR122C,0,-0.29817784,0.11954683810472488,0.7034825682640076,0.5209605097770691
YKR038C,YHR161C,0,-0.29821554,0.11952662467956543,0.7034825682640076,0.5210605263710022
YIL093C,YBL020W,0,-0.29822776,0.11950642615556717,0.7034825682640076,0.5211606025695801
YIL051C,YJL052W,0,-0.29832643,0.11948622763156891,0.7034825682640076,0.5212606191635132
YGL147C,YPR186C,0,-0.29855433,0.11946603655815125,0.7034825682640076,0.5213606953620911
YKL088W,YJL080C,0,-0.29859084,0.11944585293531418,0.7034825682640076,0.5214607119560242
YIL039W,YLR040C,0,-0.2987343,0.11942567676305771,0.7034825682640076,0.521560788154602
YDL136W,YMR282C,0,-0.2988399,0.11940550804138184,0.7034825682640076,0.5216608047485352
YGR286C,YMR311C,0,-0.29897583,0.11938533931970596,0.7034825682640076,0.521760880947113
YER091C,YJL156C,0,-0.29908848,0.11936518549919128,0.7034825682640076,0.5218609571456909
YMR235C,YDL184C,0,-0.29929525,0.1193450391292572,0.7034825682640076,0.521960973739624
YLR377C,YBR022W,1,-0.2994989,0.11949367076158524,0.7044776082038879,0.521960973739624
YHR028C,YOR224C,0,-0.29955384,0.11947350949048996,0.7044776082038879,0.5220610499382019
YMR036C,YAR071W,1,-0.2995969,0.11962206661701202,0.7054726481437683,0.5220610499382019
YMR289W,YBL069W,0,-0.2997266,0.11960189044475555,0.7054726481437683,0.522161066532135
YLR364W,YBL010C,0,-0.2997309,0.11958171427249908,0.7054726481437683,0.5222611427307129
YNL129W,YGL155W,0,-0.29981253,0.11956155300140381,0.7054726481437683,0.522361159324646
YKR090W,YGR279C,0,-0.29985502,0.11954139173030853,0.7054726481437683,0.5224612355232239
YOR208W,YNL217W,1,-0.29988146,0.11968981474637985,0.7064676880836487,0.5224612355232239
YGL128C,YGR218W,0,-0.29991743,0.11966964602470398,0.7064676880836487,0.522561252117157
YKL152C,YJL134W,1,-0.2999363,0.11981799453496933,0.7074626684188843,0.522561252117157
YJR066W,YBR241C,0,-0.30003315,0.11979781091213226,0.7074626684188843,0.5226613283157349
YDR388W,YML085C,0,-0.3001289,0.1197776272892952,0.7074626684188843,0.5227614045143127
YIR017C,YDR380W,0,-0.30036932,0.11975745111703873,0.7074626684188843,0.5228614211082458
YJR158W,YOR337W,0,-0.30037138,0.11973728239536285,0.7074626684188843,0.5229614973068237
YER007W,YER164W,0,-0.30038837,0.11971712112426758,0.7074626684188843,0.5230615139007568
YPL059W,YJR126C,0,-0.3005307,0.1196969673037529,0.7074626684188843,0.5231615900993347
YPR036W,YBR012W-B,0,-0.30066597,0.11967682093381882,0.7074626684188843,0.5232616066932678
YLR286C,YLR207W,0,-0.30078137,0.11965668201446533,0.7074626684188843,0.5233616828918457
YHR031C,YDR033W,0,-0.3008875,0.11963655054569244,0.7074626684188843,0.5234617590904236
YDL109C,YER113C,0,-0.30089253,0.11961641907691956,0.7074626684188843,0.5235617756843567
YDR466W,YPL068C,0,-0.30094334,0.11959630250930786,0.7074626684188843,0.5236618518829346
YAL016W,YOL065C,1,-0.3010755,0.11974436789751053,0.7084577083587646,0.5236618518829346
YCL069W,YJR143C,0,-0.3013289,0.11972422897815704,0.7084577083587646,0.5237618684768677
YKR053C,YOR014W,1,-0.30139595,0.11987222731113434,0.709452748298645,0.5237618684768677
YMR109W,YGR062C,0,-0.30142874,0.11985207349061966,0.709452748298645,0.5238619446754456
YER070W,YMR163C,0,-0.30148864,0.11983193457126617,0.709452748298645,0.5239619612693787
YOR179C,YGL227W,0,-0.30161017,0.11981179565191269,0.709452748298645,0.5240620374679565
YBL024W,YLR201C,0,-0.30177456,0.1197916641831398,0.709452748298645,0.5241620540618896
YBR058C,YHR136C,0,-0.3018371,0.11977154016494751,0.709452748298645,0.5242621302604675
YAR007C,YGL227W,0,-0.30184126,0.11975143104791641,0.709452748298645,0.5243622064590454
YOR369C,YPL085W,0,-0.30185905,0.11973132193088531,0.709452748298645,0.5244622230529785
YKL190W,YER075C,1,-0.3019392,0.1198791116476059,0.7104477882385254,0.5244622230529785
YDR510W,YCL047C,0,-0.30193985,0.1198589876294136,0.7104477882385254,0.5245622992515564
YMR086W,YDL008W,0,-0.30203566,0.11983887106180191,0.7104477882385254,0.5246623158454895
YKL140W,YER070W,0,-0.30203637,0.11981876194477081,0.7104477882385254,0.5247623920440674
YMR128W,YNL268W,0,-0.30214643,0.11979866027832031,0.7104477882385254,0.5248624086380005
YOR063W,YCR037C,0,-0.30222622,0.11977855861186981,0.7104477882385254,0.5249624848365784
YJR155W,YLR207W,0,-0.30241847,0.1197584718465805,0.7104477882385254,0.5250625610351562
YOR389W,YNL128W,0,-0.3025254,0.1197383850812912,0.7104477882385254,0.5251625776290894
YNL001W,YJR135W-A,0,-0.30264935,0.11971831321716309,0.7104477882385254,0.5252626538276672
YGL205W,YIL136W,0,-0.30273685,0.11969824135303497,0.7104477882385254,0.5253626704216003
YDL114W,YGR241C,0,-0.302887,0.11967817693948746,0.7104477882385254,0.5254627466201782
YOR208W,YER089C,1,-0.30320966,0.11982570588588715,0.711442768573761,0.5254627466201782
YCR039C,YKL198C,0,-0.3032561,0.11980562657117844,0.711442768573761,0.5255627632141113
YDR447C,YLR139C,0,-0.3033635,0.11978556215763092,0.711442768573761,0.5256628394126892
YDR011W,YDL030W,0,-0.30339837,0.1197654977440834,0.711442768573761,0.5257628560066223
YML060W,YJR059W,0,-0.3034778,0.11974543333053589,0.711442768573761,0.5258629322052002
YER027C,YKR009C,0,-0.30355084,0.11972538381814957,0.711442768573761,0.5259630084037781
YDR046C,YJL109C,0,-0.30355793,0.11970534175634384,0.711442768573761,0.5260630249977112
YIL084C,YJR135W-A,0,-0.30368602,0.11968529969453812,0.711442768573761,0.5261631011962891
YBL017C,YDR379W,0,-0.30368912,0.11966527253389359,0.711442768573761,0.5262631177902222
YOL072W,YOR070C,0,-0.30383775,0.11964524537324905,0.711442768573761,0.5263631939888
YIR006C,YGL251C,0,-0.30387726,0.11962523311376572,0.711442768573761,0.5264632105827332
YOR076C,YPL060W,0,-0.30392408,0.11960522085428238,0.711442768573761,0.526563286781311
YHR067W,YNL128W,0,-0.30410677,0.11958521604537964,0.711442768573761,0.5266633033752441
YDR238C,YNL119W,0,-0.30411613,0.1195652186870575,0.711442768573761,0.526763379573822
YMR056C,YLR158C,0,-0.30431062,0.11954522877931595,0.711442768573761,0.5268634557723999
YNL330C,YDR330W,0,-0.3043412,0.1195252388715744,0.711442768573761,0.526963472366333
YGL213C,YER025W,0,-0.30438888,0.11950526386499405,0.711442768573761,0.5270635485649109
YMR165C,YPL228W,1,-0.30453548,0.1196524053812027,0.7124378085136414,0.5270635485649109
YBR237W,YOL123W,0,-0.30460715,0.11963241547346115,0.7124378085136414,0.527163565158844
YBR048W,YLR287C-A,0,-0.30467582,0.1196124255657196,0.7124378085136414,0.5272636413574219
YLR238W,YNR043W,0,-0.30468476,0.11959245055913925,0.7124378085136414,0.527363657951355
YJR110W,YLR433C,1,-0.30478162,0.11973948031663895,0.7134328484535217,0.527363657951355
YNL280C,YPR081C,0,-0.30479556,0.1197194829583168,0.7134328484535217,0.5274637341499329
YLL009C,YLR370C,0,-0.30489138,0.11969950050115585,0.7134328484535217,0.5275638103485107
YMR070W,YGR062C,0,-0.3049749,0.1196795180439949,0.7134328484535217,0.5276638269424438
YOR096W,YDR126W,0,-0.30499104,0.11965954303741455,0.7134328484535217,0.5277639031410217
YLR126C,YNL212W,0,-0.30501655,0.11963958293199539,0.7134328484535217,0.5278639197349548
YHR116W,YDR031W,0,-0.30514067,0.11961962282657623,0.7134328484535217,0.5279639959335327
YLR134W,YDR044W,0,-0.30524987,0.11959966272115707,0.7134328484535217,0.5280640125274658
YMR142C,YNL206C,0,-0.30527863,0.11957971751689911,0.7134328484535217,0.5281640887260437
YPL144W,YNL331C,0,-0.305291,0.11955977976322174,0.7134328484535217,0.5282641053199768
YER089C,YLR361C,1,-0.3054687,0.11970657110214233,0.7144278883934021,0.5282641053199768
YDR531W,YPL111W,0,-0.30560225,0.11968661099672318,0.7144278883934021,0.5283641815185547
YDR126W,YMR150C,0,-0.30565077,0.11966666579246521,0.7144278883934021,0.5284642577171326
YML095C,YHR136C,0,-0.30565944,0.11964672803878784,0.7144278883934021,0.5285642743110657
YMR023C,YCR054C,0,-0.30568093,0.11962679028511047,0.7144278883934021,0.5286643505096436
YLR201C,YER173W,0,-0.30576026,0.1196068599820137,0.7144278883934021,0.5287643671035767
YJL072C,YDR400W,0,-0.30579016,0.11958694458007812,0.7144278883934021,0.5288644433021545
YLR364W,YDL109C,0,-0.30588418,0.11956702917814255,0.7144278883934021,0.5289644598960876
YFR015C,YCR075C,0,-0.30605415,0.11954712122678757,0.7144278883934021,0.5290645360946655
YEL065W,YGL059W,0,-0.30619526,0.11952722072601318,0.7144278883934021,0.5291645526885986
YDR358W,YMR306W,0,-0.30637354,0.1195073202252388,0.7144278883934021,0.5292646288871765
YGL191W,YBR273C,0,-0.30639276,0.11948743462562561,0.7144278883934021,0.5293647050857544
YCR020C,YPL026C,0,-0.30643898,0.11946755647659302,0.7144278883934021,0.5294647216796875
YPL174C,YLR078C,0,-0.3067112,0.11944767832756042,0.7144278883934021,0.5295647978782654
YNL099C,YNL325C,1,-0.3067581,0.11959414184093475,0.7154228687286377,0.5295647978782654
YHR215W,YJL134W,1,-0.30689564,0.1197405606508255,0.7164179086685181,0.5295647978782654
YLL013C,YNL191W,0,-0.3069186,0.11972065269947052,0.7164179086685181,0.5296648144721985
YER114C,YEL002C,0,-0.30693436,0.11970074474811554,0.7164179086685181,0.5297648906707764
YKL088W,YPR016C,0,-0.30704385,0.11968085169792175,0.7164179086685181,0.5298649072647095
YLR188W,YMR302C,0,-0.30715954,0.11966095864772797,0.7164179086685181,0.5299649834632874
YIL145C,YMR312W,0,-0.30722362,0.11964107304811478,0.7164179086685181,0.5300650596618652
YHR044C,YFR028C,1,-0.30787143,0.11978734284639359,0.7174129486083984,0.5300650596618652
YLR096W,YMR026C,0,-0.30795792,0.1197674423456192,0.7174129486083984,0.5301650762557983
YDR238C,YJL041W,0,-0.30796626,0.11974754929542542,0.7174129486083984,0.5302651524543762
YLR266C,YJR135W-A,0,-0.30799875,0.11972766369581223,0.7174129486083984,0.5303651690483093
YCR094W,YDR298C,0,-0.3081254,0.11970778554677963,0.7174129486083984,0.5304652452468872
YDR478W,YBR245C,0,-0.30822414,0.11968791484832764,0.7174129486083984,0.5305652618408203
YDR224C,YML088W,0,-0.3082652,0.11966805160045624,0.7174129486083984,0.5306653380393982
YIL034C,YOR036W,0,-0.30832577,0.11964818835258484,0.7174129486083984,0.5307653546333313
YMR100W,YPL019C,0,-0.30833656,0.11962834000587463,0.7174129486083984,0.5308654308319092
YKR061W,YGR162W,0,-0.30834344,0.11960849165916443,0.7174129486083984,0.5309655070304871
YPL157W,YMR311C,0,-0.30841878,0.11958865821361542,0.7174129486083984,0.5310655236244202
YLR214W,YHR167W,0,-0.30858043,0.1195688247680664,0.7174129486083984,0.531165599822998
YAR015W,YDL205C,0,-0.30860588,0.11954899877309799,0.7174129486083984,0.5312656164169312
YKL154W,YPL111W,0,-0.30861732,0.11952918022871017,0.7174129486083984,0.531365692615509
YDR465C,YKL198C,0,-0.30872095,0.11950936168432236,0.7174129486083984,0.5314657092094421
YLR201C,YJL121C,0,-0.30888695,0.11948955804109573,0.7174129486083984,0.53156578540802
YDR219C,YOR389W,0,-0.30890107,0.11946976184844971,0.7174129486083984,0.5316658616065979
YKR037C,YLR158C,0,-0.30892882,0.11944996565580368,0.7174129486083984,0.531765878200531
YLR427W,YER106W,0,-0.30893216,0.11943017691373825,0.7174129486083984,0.5318659543991089
YIR014W,YBR097W,0,-0.3090577,0.11941040307283401,0.7174129486083984,0.531965970993042
YAL013W,YNR040W,0,-0.3091665,0.11939062923192978,0.7174129486083984,0.5320660471916199
YAR071W,YFR040W,1,-0.30916813,0.11953642219305038,0.7184079885482788,0.5320660471916199
YGR037C,YNL151C,0,-0.30925515,0.11951663345098495,0.7184079885482788,0.532166063785553
YMR180C,YBR276C,1,-0.309309,0.11966236680746078,0.7194029688835144,0.532166063785553
YDL101C,YDR511W,0,-0.30939254,0.11964256316423416,0.7194029688835144,0.5322661399841309
YGR208W,YNL106C,1,-0.30939487,0.11978822201490402,0.7203980088233948,0.5322661399841309
YPL106C,YER110C,0,-0.30942687,0.1197684034705162,0.7203980088233948,0.532366156578064
YNL129W,YMR224C,0,-0.30951017,0.11974859237670898,0.7203980088233948,0.5324662327766418
YGR062C,YOL109W,0,-0.30954915,0.11972878873348236,0.7203980088233948,0.5325663089752197
YMR109W,YLR265C,0,-0.3095535,0.11970899254083633,0.7203980088233948,0.5326663255691528
YLR414C,YMR292W,0,-0.30956393,0.1196892037987709,0.7203980088233948,0.5327664017677307
YDR018C,YDR060W,0,-0.30960926,0.11966942250728607,0.7203980088233948,0.5328664183616638
YER048W-A,YJR155W,0,-0.30979878,0.11964964121580124,0.7203980088233948,0.5329664945602417
YNL032W,YEL038W,1,-0.30986112,0.11979510635137558,0.7213930487632751,0.5329664945602417
YPL186C,YER106W,0,-0.31001508,0.11977531760931015,0.7213930487632751,0.5330665111541748
YOR381W,YCR094W,0,-0.31004333,0.11975553631782532,0.7213930487632751,0.5331665873527527
YER174C,YDR231C,0,-0.3101526,0.11973575502634048,0.7213930487632751,0.5332666039466858
YNR008W,YLR172C,0,-0.3102852,0.11971598118543625,0.7213930487632751,0.5333666801452637
YOR373W,YPL033C,0,-0.31031087,0.1196962222456932,0.7213930487632751,0.5334667563438416
YBL088C,YKL156W,0,-0.31035554,0.11967646330595016,0.7213930487632751,0.5335667729377747
YER096W,YOL002C,0,-0.3104297,0.11965671181678772,0.7213930487632751,0.5336668491363525
YAL016W,YML057W,1,-0.31080216,0.11980198323726654,0.7223880887031555,0.5336668491363525
YOL105C,YGL249W,0,-0.3109687,0.1197822168469429,0.7223880887031555,0.5337668657302856
YJR075W,YNR041C,0,-0.31104556,0.11976245790719986,0.7223880887031555,0.5338669419288635
YHR044C,YFR040W,1,-0.31108332,0.11990763992071152,0.7233830690383911,0.5338669419288635
YDL137W,YHR215W,0,-0.31108382,0.11988786607980728,0.7233830690383911,0.5339669585227966
YMR316W,YML005W,0,-0.31116915,0.11986809223890305,0.7233830690383911,0.5340670347213745
YPR048W,YKL218C,0,-0.31121254,0.11984833329916,0.7233830690383911,0.5341671109199524
YPL085W,YDL095W,0,-0.31140736,0.11982858180999756,0.7233830690383911,0.5342671275138855
YKL108W,YAL003W,0,-0.31142613,0.11980883032083511,0.7233830690383911,0.5343672037124634
YMR211W,YER070W,0,-0.31184393,0.11978909373283386,0.7233830690383911,0.5344672203063965
YPL179W,YLR377C,1,-0.31193295,0.11993410438299179,0.7243781089782715,0.5344672203063965
YNL210W,YDR466W,0,-0.3121083,0.11991434544324875,0.7243781089782715,0.5345672965049744
YBR105C,YKL164C,0,-0.3123011,0.1198946014046669,0.7243781089782715,0.5346673130989075
YJL044C,YER180C,0,-0.31238317,0.11987485736608505,0.7243781089782715,0.5347673892974854
YDR448W,YOR356W,0,-0.31242988,0.1198551207780838,0.7243781089782715,0.5348674058914185
YNR020C,YEL058W,0,-0.31248635,0.11983539164066315,0.7243781089782715,0.5349674820899963
YJL033W,YER120W,0,-0.3125819,0.11981566995382309,0.7243781089782715,0.5350675582885742
YOR348C,YLR265C,0,-0.3125996,0.11979594826698303,0.7243781089782715,0.5351675748825073
YNL322C,YMR037C,0,-0.31268805,0.11977624148130417,0.7243781089782715,0.5352676510810852
YHR044C,YNL099C,1,-0.31284955,0.11992103606462479,0.7253731489181519,0.5352676510810852
YOR384W,YNL325C,0,-0.3128705,0.11990131437778473,0.7253731489181519,0.5353676676750183
YDL127W,YKR038C,0,-0.31292695,0.11988160014152527,0.7253731489181519,0.5354677438735962
YBR001C,YKL004W,0,-0.31293884,0.11986188590526581,0.7253731489181519,0.5355677604675293
YGR054W,YER051W,0,-0.31295198,0.11984218657016754,0.7253731489181519,0.5356678366661072
YNL311C,YNL306W,0,-0.31299302,0.11982248723506927,0.7253731489181519,0.5357679128646851
YER113C,YDR169C,0,-0.31306535,0.1198027953505516,0.7253731489181519,0.5358679294586182
YBR156C,YBR283C,0,-0.3130914,0.11978311091661453,0.7253731489181519,0.535968005657196
YAR010C,YHR081W,0,-0.31312728,0.11976343393325806,0.7253731489181519,0.5360680222511292
YGL003C,YOR322C,0,-0.31317735,0.11974375694990158,0.7253731489181519,0.536168098449707
YLR096W,YGR223C,0,-0.3132726,0.1197240948677063,0.7253731489181519,0.5362681150436401
YDR050C,YAL008W,0,-0.3134198,0.11970443278551102,0.7253731489181519,0.536368191242218
YHR184W,YPL103C,0,-0.31344688,0.11968477815389633,0.7253731489181519,0.5364682078361511
YOL031C,YBR142W,0,-0.31349456,0.11966513097286224,0.7253731489181519,0.536568284034729
YGL249W,YPL269W,0,-0.31358108,0.11964549124240875,0.7253731489181519,0.5366683602333069
YIL150C,YDR487C,0,-0.3135875,0.11962585896253586,0.7253731489181519,0.53676837682724
YDL120W,YMR302C,0,-0.31363702,0.11960623413324356,0.7253731489181519,0.5368684530258179
YGR263C,YDR388W,0,-0.31374282,0.11958661675453186,0.7253731489181519,0.536968469619751
YJL044C,YHL032C,0,-0.31378677,0.11956699937582016,0.7253731489181519,0.5370685458183289
YBR093C,YBR022W,1,-0.31381568,0.11971138417720795,0.7263681888580322,0.5370685458183289
YBR048W,YJL108C,0,-0.3138988,0.11969175189733505,0.7263681888580322,0.537168562412262
YOR175C,YGL206C,0,-0.31407088,0.11967213451862335,0.7263681888580322,0.5372686386108398
YCR081W,YER184C,0,-0.31408757,0.11965251713991165,0.7263681888580322,0.537368655204773
YIL026C,YDR400W,0,-0.31433386,0.11963290721178055,0.7263681888580322,0.5374687314033508
YFL039C,YKL212W,0,-0.31441385,0.11961330473423004,0.7263681888580322,0.5375688076019287
YPL149W,YDR402C,0,-0.31462133,0.11959370970726013,0.7263681888580322,0.5376688241958618
YJL073W,YAL058W,0,-0.3146434,0.11957412213087082,0.7263681888580322,0.5377689003944397
YHR023W,YHR010W,0,-0.31472886,0.1195545345544815,0.7263681888580322,0.5378689169883728
YDR126W,YOL005C,0,-0.3148208,0.11953496187925339,0.7263681888580322,0.5379689931869507
YCR077C,YPL095C,0,-0.3148831,0.11951538920402527,0.7263681888580322,0.5380690097808838
YDR363W-A,YDR169C,0,-0.31505597,0.11949582397937775,0.7263681888580322,0.5381690859794617
YER025W,YHR140W,0,-0.31511918,0.11947626620531082,0.7263681888580322,0.5382691621780396
YHR046C,YNL325C,1,-0.3151439,0.11962036043405533,0.7273631691932678,0.5382691621780396
YPL159C,YMR045C,0,-0.315283,0.11960078775882721,0.7273631691932678,0.5383691787719727
YNR040W,YOR039W,0,-0.3153083,0.11958122253417969,0.7273631691932678,0.5384692549705505
YBR022W,YMR150C,0,-0.3154077,0.11956166476011276,0.7273631691932678,0.5385692715644836
YNL217W,YBR022W,1,-0.31550217,0.11970563977956772,0.7283582091331482,0.5385692715644836
YAL043C,YNL096C,0,-0.31551877,0.1196860671043396,0.7283582091331482,0.5386693477630615
YGR086C,YOL117W,0,-0.31555855,0.11966650187969208,0.7283582091331482,0.5387693643569946
YDR074W,YAL044C,0,-0.3155687,0.11964694410562515,0.7283582091331482,0.5388694405555725
YIR014W,YML015C,0,-0.3155904,0.11962739378213882,0.7283582091331482,0.5389694571495056
YML094W,YML125C,0,-0.31560993,0.1196078434586525,0.7283582091331482,0.5390695333480835
YER075C,YIL053W,1,-0.3156285,0.11975167691707611,0.7293532490730286,0.5390695333480835
YDR118W,YDR047W,0,-0.31566754,0.11973211169242859,0.7293532490730286,0.5391696095466614
YFR041C,YHR207C,0,-0.31567016,0.11971256136894226,0.7293532490730286,0.5392696261405945
YDL195W,YGL253W,0,-0.3157151,0.11969301104545593,0.7293532490730286,0.5393697023391724
YBR093C,YBR276C,1,-0.3157279,0.1198367327451706,0.7303482294082642,0.5393697023391724
YJL129C,YOL002C,0,-0.31575057,0.11981717497110367,0.7303482294082642,0.5394697189331055
YJL198W,YAR010C,0,-0.31578618,0.11979761719703674,0.7303482294082642,0.5395697951316833
YDR436W,YPR042C,0,-0.31592852,0.11977806687355042,0.7303482294082642,0.5396698117256165
YFR015C,YJL189W,0,-0.31631866,0.11975852400064468,0.7303482294082642,0.5397698879241943
YOL005C,YPR073C,0,-0.31646585,0.11973898857831955,0.7303482294082642,0.5398699641227722
YOR389W,YKR050W,0,-0.31651288,0.11971946060657501,0.7303482294082642,0.5399699807167053
YBL017C,YLR201C,0,-0.3165376,0.11969993263483047,0.7303482294082642,0.5400700569152832
YER173W,YOR067C,0,-0.31656045,0.11968041956424713,0.7303482294082642,0.5401700735092163
YDL230W,YHR043C,1,-0.31671154,0.11982393264770508,0.7313432693481445,0.5401700735092163
YLR015W,YMR257C,0,-0.31676674,0.11980440467596054,0.7313432693481445,0.5402701497077942
YOR131C,YLR438C-A,0,-0.31679416,0.119784876704216,0.7313432693481445,0.5403701663017273
YOR155C,YML057W,1,-0.31680405,0.11992830038070679,0.7323383092880249,0.5403701663017273
YNL091W,YLR403W,0,-0.3168161,0.11990876495838165,0.7323383092880249,0.5404702425003052
YBL022C,YMR045C,0,-0.31682354,0.11988922953605652,0.7323383092880249,0.5405702590942383
YCR096C,YGL210W,0,-0.31685185,0.11986970901489258,0.7323383092880249,0.5406703352928162
YER056C-A,YDL108W,0,-0.31685963,0.11985018849372864,0.7323383092880249,0.540770411491394
YDR341C,YLR086W,0,-0.31689447,0.1198306754231453,0.7323383092880249,0.5408704280853271
YDR238C,YDL130W,0,-0.3169164,0.11981116980314255,0.7323383092880249,0.540970504283905
YAL016W,YJL134W,1,-0.31711912,0.1199544295668602,0.7333333492279053,0.540970504283905
YIL093C,YEL059C-A,0,-0.31724805,0.11993490904569626,0.7333333492279053,0.5410705208778381
YAL009W,YKR053C,1,-0.31730586,0.12007810175418854,0.7343283295631409,0.5410705208778381
YKL135C,YAL003W,0,-0.3173059,0.1200585663318634,0.7343283295631409,0.541170597076416
YOL030W,YPL143W,0,-0.3174748,0.12003903836011887,0.7343283295631409,0.5412706136703491
YBL093C,YGR001C,0,-0.31747872,0.12001951783895493,0.7343283295631409,0.541370689868927
YMR051C,YIL155C,0,-0.317582,0.11999999731779099,0.7343283295631409,0.5414707064628601
YOL152W,YBL074C,0,-0.3176424,0.11998049169778824,0.7343283295631409,0.541570782661438
YIL027C,YKR050W,0,-0.31771734,0.11996098607778549,0.7343283295631409,0.5416708588600159
YJR001W,YNL012W,0,-0.31775,0.11994149535894394,0.7343283295631409,0.541770875453949
YDR018C,YPR166C,0,-0.317756,0.11992200464010239,0.7343283295631409,0.5418709516525269
YDR312W,YGL253W,0,-0.3177923,0.11990252137184143,0.7343283295631409,0.54197096824646
YIR023W,YCL066W,0,-0.31786853,0.11988303810358047,0.7343283295631409,0.5420710444450378
YDR126W,YGR071C,0,-0.3179124,0.11986356973648071,0.7343283295631409,0.542171061038971
YLR364W,YBR158W,0,-0.31807745,0.11984410881996155,0.7343283295631409,0.5422711372375488
YMR166C,YIL009C-A,0,-0.318106,0.11982464790344238,0.7343283295631409,0.5423712134361267
YOR047C,YOR389W,0,-0.318122,0.11980519443750381,0.7343283295631409,0.5424712300300598
YOR109W,YOR090C,1,-0.3181307,0.11994805932044983,0.7353233695030212,0.5424712300300598
YDR071C,YJL106W,0,-0.3181907,0.11992859095335007,0.7353233695030212,0.5425713062286377
YJL153C,YGR279C,0,-0.3182005,0.1199091374874115,0.7353233695030212,0.5426713228225708
YKL179C,YHR052W,0,-0.3183785,0.11988968402147293,0.7353233695030212,0.5427713990211487
YFR003C,YMR128W,0,-0.31839767,0.11987023800611496,0.7353233695030212,0.5428714156150818
YER086W,YBR084W,0,-0.31841975,0.11985079199075699,0.7353233695030212,0.5429714918136597
YJR121W,YGR194C,0,-0.31847423,0.11983136087656021,0.7353233695030212,0.5430715084075928
YBL024W,YGR063C,0,-0.3184853,0.11981192976236343,0.7353233695030212,0.5431715846061707
YJL046W,YBR009C,0,-0.31851172,0.11979251354932785,0.7353233695030212,0.5432716608047485
YHL024W,YMR022W,0,-0.31851667,0.11977309733629227,0.7353233695030212,0.5433716773986816
YLR098C,YOL120C,0,-0.31852096,0.11975368857383728,0.7353233695030212,0.5434717535972595
YNR020C,YDR252W,0,-0.31864545,0.11973428726196289,0.7353233695030212,0.5435717701911926
YNL086W,YJR121W,0,-0.31888258,0.1197148859500885,0.7353233695030212,0.5436718463897705
YML115C,YMR017W,0,-0.31893924,0.1196954995393753,0.7353233695030212,0.5437718629837036
YPL022W,YEL002C,0,-0.3191099,0.11967611312866211,0.7353233695030212,0.5438719391822815
YDR248C,YER087C-A,0,-0.319168,0.11965673416852951,0.7353233695030212,0.5439720153808594
YOR057W,YBL060W,0,-0.31938803,0.11963736265897751,0.7353233695030212,0.5440720319747925
YDR033W,YBL010C,0,-0.31950346,0.1196179986000061,0.7353233695030212,0.5441721081733704
YNL293W,YIL155C,0,-0.31975567,0.1195986419916153,0.7353233695030212,0.5442721247673035
YBL030C,YGR220C,0,-0.31975633,0.11957928538322449,0.7353233695030212,0.5443722009658813
YLR139C,YJR155W,0,-0.3199389,0.11955994367599487,0.7353233695030212,0.5444722175598145
YML129C,YBR123C,0,-0.3199637,0.11954060196876526,0.7353233695030212,0.5445722937583923
YHL024W,YBR213W,0,-0.32002574,0.11952126771211624,0.7353233695030212,0.5446723103523254
YGL136C,YNL159C,0,-0.32010734,0.11950194090604782,0.7353233695030212,0.5447723865509033
YCR081W,YHL016C,0,-0.32018918,0.11948262155056,0.7353233695030212,0.5448724627494812
YDR481C,YNL106C,1,-0.32024395,0.11962495744228363,0.7363184094429016,0.5448724627494812
YDR239C,YLR186W,0,-0.3203311,0.11960562318563461,0.7363184094429016,0.5449724793434143
YJR104C,YDL127W,0,-0.32046765,0.11958629637956619,0.7363184094429016,0.5450725555419922
YIL034C,YCL047C,0,-0.32055366,0.11956697702407837,0.7363184094429016,0.5451725721359253
YDR425W,YMR070W,0,-0.32057858,0.11954765766859055,0.7363184094429016,0.5452726483345032
YNL032W,YFR025C,1,-0.32066792,0.11968987435102463,0.737313449382782,0.5452726483345032
YJL158C,YDR368W,0,-0.32069907,0.11967054009437561,0.737313449382782,0.5453726649284363
YDL006W,YNL101W,0,-0.3207323,0.11965122073888779,0.737313449382782,0.5454727411270142
YHL044W,YHR172W,0,-0.32081932,0.11963190138339996,0.737313449382782,0.5455727577209473
YJR160C,YMR306W,0,-0.3208413,0.11961258947849274,0.737313449382782,0.5456728339195251
YBR125C,YNL106C,1,-0.32101026,0.11975467950105667,0.7383084297180176,0.5456728339195251
YLR154C,YBL074C,0,-0.32113722,0.11973535269498825,0.7383084297180176,0.545772910118103
YGL211W,YNL331C,0,-0.3213729,0.11971604079008102,0.7383084297180176,0.5458729267120361
YLR109W,YLR014C,0,-0.3214049,0.1196967288851738,0.7383084297180176,0.545973002910614
YBR245C,YDR014W,0,-0.32148564,0.11967741698026657,0.7383084297180176,0.5460730195045471
YDR071C,YDR487C,0,-0.32154936,0.11965811997652054,0.7383084297180176,0.546173095703125
YER075C,YJR110W,1,-0.32171482,0.11980006098747253,0.739303469657898,0.546173095703125
YKL190W,YJR110W,1,-0.32173797,0.11994196474552155,0.7402985095977783,0.546173095703125
YDR495C,YDL144C,0,-0.32186085,0.11992263048887253,0.7402985095977783,0.5462731122970581
YLR106C,YPL085W,0,-0.32188964,0.11990330368280411,0.7402985095977783,0.546373188495636
YDR134C,YJL052W,0,-0.321926,0.11988398432731628,0.7402985095977783,0.5464732646942139
YOR175C,YER148W,0,-0.32215366,0.11986467242240906,0.7402985095977783,0.546573281288147
YOL031C,YHR036W,0,-0.3224928,0.11984536051750183,0.7402985095977783,0.5466733574867249
YGL191W,YOR369C,0,-0.3229067,0.1198260560631752,0.7402985095977783,0.546773374080658
YBR012W-A,YHR070W,0,-0.32299328,0.11980676651000977,0.7402985095977783,0.5468734502792358
YFR032C-A,YER089C,0,-0.32304767,0.11978747695684433,0.7402985095977783,0.546973466873169
YNL210W,YDR390C,0,-0.3230675,0.1197681874036789,0.7402985095977783,0.5470735430717468
YCL069W,YMR004W,0,-0.3231704,0.11974891275167465,0.7402985095977783,0.5471735596656799
YMR128W,YOR044W,0,-0.32332155,0.11972964555025101,0.7402985095977783,0.5472736358642578
YLR086W,YML063W,0,-0.3233644,0.11971037834882736,0.7402985095977783,0.5473737120628357
YMR247C,YER056C-A,0,-0.32349783,0.11969111859798431,0.7402985095977783,0.5474737286567688
YCR039C,YGR076C,0,-0.32350507,0.11967186629772186,0.7402985095977783,0.5475738048553467
YDR379W,YBR175W,0,-0.32351294,0.11965262144804001,0.7402985095977783,0.5476738214492798
YDR238C,YLR221C,0,-0.32355374,0.11963338404893875,0.7402985095977783,0.5477738976478577
YDR503C,YLR377C,1,-0.3235658,0.11977492272853851,0.7412935495376587,0.5477738976478577
YER029C,YKL059C,0,-0.32360554,0.11975566297769547,0.7412935495376587,0.5478739142417908
YPL177C,YKR009C,0,-0.3236307,0.11973641812801361,0.7412935495376587,0.5479739904403687
YKL011C,YBR084W,0,-0.32372478,0.11971718072891235,0.7412935495376587,0.5480740666389465
YDR329C,YLR201C,0,-0.3237683,0.1196979433298111,0.7412935495376587,0.5481740832328796
YGR295C,YGR075C,0,-0.32377255,0.11967871338129044,0.7412935495376587,0.5482741594314575
YBL069W,YAL035W,0,-0.32392696,0.11965949088335037,0.7412935495376587,0.5483741760253906
YLR201C,YOR306C,0,-0.3241377,0.1196402758359909,0.7412935495376587,0.5484742522239685
YBR024W,YLR188W,0,-0.32415056,0.11962106823921204,0.7412935495376587,0.5485742688179016
YGL173C,YBR297W,0,-0.32424948,0.11960186064243317,0.7412935495376587,0.5486743450164795
YDR283C,YGL147C,0,-0.3242812,0.11958266794681549,0.7412935495376587,0.5487743616104126
YCR037C,YKL024C,0,-0.32430628,0.11956347525119781,0.7412935495376587,0.5488744378089905
YML116W,YBL055C,0,-0.324354,0.11954429000616074,0.7412935495376587,0.5489745140075684
YIR012W,YBL057C,0,-0.32445765,0.11952510476112366,0.7412935495376587,0.5490745306015015
YNR027W,YGL168W,0,-0.32456803,0.11950593441724777,0.7412935495376587,0.5491746068000793
YHR171W,YJL008C,0,-0.32466507,0.11948677152395248,0.7412935495376587,0.5492746233940125
YKL212W,YER045C,0,-0.32466716,0.1194676086306572,0.7412935495376587,0.5493746995925903
YPR098C,YNL115C,0,-0.32467312,0.1194484531879425,0.7412935495376587,0.5494747161865234
YKL004W,YBR058C,0,-0.3247954,0.11942930519580841,0.7412935495376587,0.5495747923851013
YML074C,YGR218W,0,-0.32481635,0.11941016465425491,0.7412935495376587,0.5496748089790344
YMR080C,YPR186C,0,-0.3250142,0.11939102411270142,0.7412935495376587,0.5497748851776123
YFR025C,YNL010W,1,-0.3251025,0.11953212320804596,0.7422885298728943,0.5497748851776123
YFL044C,YOL147C,0,-0.32514685,0.11951297521591187,0.7422885298728943,0.5498749613761902
YDR056C,YAR010C,0,-0.32528737,0.11949383467435837,0.7422885298728943,0.5499749779701233
YOL100W,YML015C,0,-0.32536995,0.11947469413280487,0.7422885298728943,0.5500750541687012
YKL140W,YOR039W,0,-0.32539037,0.11945556104183197,0.7422885298728943,0.5501750707626343
YAL043C,YPL103C,0,-0.32539874,0.11943644285202026,0.7422885298728943,0.5502751469612122
YDR465C,YDR071C,0,-0.32547742,0.11941731721162796,0.7422885298728943,0.5503751635551453
YMR156C,YOL065C,1,-0.3256124,0.11955825984477997,0.7432835698127747,0.5503751635551453
YDL115C,YDR197W,0,-0.32562256,0.11953912675380707,0.7432835698127747,0.5504752397537231
YJL106W,YDR393W,0,-0.3256467,0.11952000111341476,0.7432835698127747,0.550575315952301
YBL103C,YOL072W,0,-0.325674,0.11950088292360306,0.7432835698127747,0.5506753325462341
YML042W,YMR312W,0,-0.32584053,0.11948176473379135,0.7432835698127747,0.550775408744812
YNL032W,YBR125C,1,-0.32584512,0.11962258070707321,0.744278609752655,0.550775408744812
YGR063C,YOR332W,0,-0.32596025,0.11960345506668091,0.744278609752655,0.5508754253387451
YDR139C,YER082C,0,-0.3261464,0.1195843294262886,0.744278609752655,0.550975501537323
YHR021C,YMR257C,0,-0.32628855,0.1195652186870575,0.744278609752655,0.5510755181312561
YHR046C,YDR219C,0,-0.32634938,0.11954610794782639,0.744278609752655,0.551175594329834
YEL059C-A,YPL143W,0,-0.3264896,0.11952700465917587,0.744278609752655,0.5512756109237671
YGR159C,YLR371W,0,-0.32663038,0.11950790882110596,0.744278609752655,0.551375687122345
YBR001C,YOR233W,0,-0.3266862,0.11948882043361664,0.744278609752655,0.5514757633209229
YJR104C,YBR041W,0,-0.3267355,0.11946973204612732,0.744278609752655,0.551575779914856
YCR039C,YJL080C,0,-0.3267376,0.1194506511092186,0.744278609752655,0.5516758561134338
YOL127W,YBR245C,0,-0.3267616,0.11943158507347107,0.744278609752655,0.5517758727073669
YDL114W,YDR003W,0,-0.32679832,0.11941251903772354,0.744278609752655,0.5518759489059448
YER088C,YAL043C,0,-0.3269704,0.11939345300197601,0.744278609752655,0.5519759654998779
YBR001C,YPR186C,0,-0.32708955,0.11937440186738968,0.744278609752655,0.5520760416984558
YGL173C,YDR478W,0,-0.32721567,0.11935535073280334,0.744278609752655,0.5521760582923889
YMR298W,YNL191W,0,-0.32724184,0.1193363144993782,0.744278609752655,0.5522761344909668
YBL055C,YJL189W,0,-0.3272785,0.11931727826595306,0.744278609752655,0.5523762106895447
YCR098C,YPR016C,0,-0.32734162,0.11929824203252792,0.744278609752655,0.5524762272834778
YKR104W,YOL109W,0,-0.3275583,0.11927922070026398,0.744278609752655,0.5525763034820557
YJR068W,YMR012W,0,-0.32759506,0.11926020681858063,0.744278609752655,0.5526763200759888
YDL141W,YJR059W,0,-0.32763404,0.11924119293689728,0.744278609752655,0.5527763962745667
YOL100W,YLR371W,0,-0.3278084,0.11922218650579453,0.744278609752655,0.5528764128684998
YGR203W,YJL134W,1,-0.32786062,0.11936254799365997,0.7452736496925354,0.5528764128684998
YJL044C,YLR201C,0,-0.32798126,0.11934353411197662,0.7452736496925354,0.5529764890670776
YNL046W,YGR189C,0,-0.32801583,0.11932452023029327,0.7452736496925354,0.5530765652656555
YBR036C,YMR211W,0,-0.32813853,0.11930551379919052,0.7452736496925354,0.5531765818595886
YDL137W,YMR071C,0,-0.32822603,0.11928650736808777,0.7452736496925354,0.5532766580581665
YNL310C,YGR189C,0,-0.32828045,0.11926751583814621,0.7452736496925354,0.5533766746520996
YGL137W,YJR098C,0,-0.32839453,0.11924852430820465,0.7452736496925354,0.5534767508506775
YLR414C,YHL032C,0,-0.32841474,0.11922954767942429,0.7452736496925354,0.5535767674446106
YHR129C,YDR483W,0,-0.3284708,0.11921057105064392,0.7452736496925354,0.5536768436431885
YLR097C,YLR079W,0,-0.32847464,0.11919159442186356,0.7452736496925354,0.5537768602371216
YML100W,YNL106C,1,-0.32856745,0.1193317398428917,0.746268630027771,0.5537768602371216
YDR046C,YLR221C,0,-0.32865727,0.11931275576353073,0.746268630027771,0.5538769364356995
YCR020C,YDL099W,0,-0.3286702,0.11929377913475037,0.746268630027771,0.5539770126342773
YDR329C,YGR194C,0,-0.32867938,0.1192748099565506,0.746268630027771,0.5540770292282104
YIL125W,YMR086W,0,-0.3288526,0.11925584077835083,0.746268630027771,0.5541771054267883
YMR086W,YOR369C,0,-0.32894346,0.11923688650131226,0.746268630027771,0.5542771220207214
YGL173C,YER048W-A,0,-0.32898358,0.11921793222427368,0.746268630027771,0.5543771982192993
YGR184C,YOR322C,0,-0.3291107,0.1191989853978157,0.746268630027771,0.5544772148132324
YDR238C,YPL204W,0,-0.32912457,0.11918003857135773,0.746268630027771,0.5545772910118103
YFR040W,YHR004C,1,-0.3292088,0.11931999027729034,0.7472636699676514,0.5545772910118103
YDR044W,YML115C,0,-0.32941303,0.11930103600025177,0.7472636699676514,0.5546773672103882
YDR440W,YJL065C,0,-0.3294208,0.1192820817232132,0.7472636699676514,0.5547773838043213
YMR045C,YDR380W,0,-0.3294672,0.11926314234733582,0.7472636699676514,0.5548774600028992
YBR055C,YNR045W,0,-0.3295539,0.11924420297145844,0.7472636699676514,0.5549774765968323
YLR237W,YLR430W,0,-0.32973427,0.11922527104616165,0.7472636699676514,0.5550775527954102
YDR022C,YGR029W,0,-0.32978156,0.11920634657144547,0.7472636699676514,0.5551775693893433
YLR221C,YML048W,0,-0.32982013,0.11918742954730988,0.7472636699676514,0.5552776455879211
YDR065W,YER113C,0,-0.32984012,0.11916851997375488,0.7472636699676514,0.5553776621818542
YIR002C,YCR094W,0,-0.32984775,0.11914961040019989,0.7472636699676514,0.5554777383804321
YOR306C,YOR070C,0,-0.3298514,0.1191307082772255,0.7472636699676514,0.55557781457901
YPL060W,YCR037C,0,-0.32987055,0.1191118136048317,0.7472636699676514,0.5556778311729431
YPL068C,YNR007C,0,-0.32992992,0.1190929263830185,0.7472636699676514,0.555777907371521
YER061C,YOR221C,0,-0.33011168,0.11907404661178589,0.7472636699676514,0.5558779239654541
YNL325C,YML115C,0,-0.33012372,0.11905516684055328,0.7472636699676514,0.555978000164032
YPL106C,YHR215W,0,-0.33021355,0.11903629451990128,0.7472636699676514,0.5560780167579651
YDR238C,YPR108W,0,-0.33022588,0.11901742964982986,0.7472636699676514,0.556178092956543
YLR126C,YFL037W,0,-0.33035052,0.11899857223033905,0.7472636699676514,0.5562781095504761
YAL013W,YGR037C,0,-0.33037636,0.11897972226142883,0.7472636699676514,0.556378185749054
YER114C,YGL168W,0,-0.33041137,0.11896087229251862,0.7472636699676514,0.5564782619476318
YNL188W,YLR430W,0,-0.33062208,0.11894203722476959,0.7472636699676514,0.5565782785415649
YEL016C,YBL022C,0,-0.3307848,0.11892320215702057,0.7472636699676514,0.5566783547401428
YHR172W,YOR044W,0,-0.33098888,0.11890436708927155,0.7472636699676514,0.5567783713340759
YBR175W,YDR103W,0,-0.33104724,0.11888554692268372,0.7472636699676514,0.5568784475326538
YNL185C,YDR297W,0,-0.3311349,0.11886672675609589,0.7472636699676514,0.5569784641265869
YIL004C,YOR116C,0,-0.33149892,0.11884792149066925,0.7472636699676514,0.5570785403251648
YAL008W,YJR059W,0,-0.33167803,0.11882911622524261,0.7472636699676514,0.5571786165237427
YER086W,YDR448W,0,-0.3317757,0.11881031841039658,0.7472636699676514,0.5572786331176758
YKL100C,YCR094W,0,-0.3318185,0.11879152059555054,0.7472636699676514,0.5573787093162537
YOR036W,YMR256C,0,-0.33210802,0.11877273768186569,0.7472636699676514,0.5574787259101868
YHR184W,YKL010C,0,-0.33210972,0.11875395476818085,0.7472636699676514,0.5575788021087646
YBL039C,YKL198C,0,-0.33215082,0.1187351793050766,0.7472636699676514,0.5576788187026978
YNR022C,YGR200C,0,-0.33219895,0.11871641129255295,0.7472636699676514,0.5577788949012756
YHR167W,YGR156W,0,-0.3323871,0.1186976432800293,0.7472636699676514,0.5578789114952087
YML034W,YOL139C,0,-0.33247942,0.11867889016866684,0.7472636699676514,0.5579789876937866
YAL035W,YAL058W,0,-0.3325945,0.11866013705730438,0.7472636699676514,0.5580790638923645
YDL095W,YGL031C,0,-0.3326292,0.11864139139652252,0.7472636699676514,0.5581790804862976
YFL029C,YBR299W,0,-0.33268023,0.11862265318632126,0.7472636699676514,0.5582791566848755
YBR097W,YJR045C,0,-0.3327454,0.11860391497612,0.7472636699676514,0.5583791732788086
YGL009C,YCR004C,0,-0.3327527,0.11858519166707993,0.7472636699676514,0.5584792494773865
YGR295C,YLL022C,0,-0.33277985,0.11856646835803986,0.7472636699676514,0.5585792660713196
YHL036W,YGR188C,0,-0.33284134,0.11854775249958038,0.7472636699676514,0.5586793422698975
YAL023C,YIR017C,0,-0.33292174,0.11852904409170151,0.7472636699676514,0.5587794184684753
YBL017C,YGL009C,0,-0.3329755,0.11851033568382263,0.7472636699676514,0.5588794350624084
YJR110W,YFR040W,1,-0.33299297,0.11864941567182541,0.7482587099075317,0.5588794350624084
YPR132W,YER089C,0,-0.33300126,0.11863069981336594,0.7482587099075317,0.5589795112609863
YDL137W,YPL186C,0,-0.33322015,0.11861198395490646,0.7482587099075317,0.5590795278549194
YBL039C,YLR032W,0,-0.33324245,0.11859328299760818,0.7482587099075317,0.5591796040534973
YDL047W,YLL010C,1,-0.3333572,0.1187322586774826,0.7492537498474121,0.5591796040534973
YML054C,YGL095C,0,-0.333364,0.11871354281902313,0.7492537498474121,0.5592796206474304
YPR049C,YMR188C,0,-0.33349556,0.11869482696056366,0.7492537498474121,0.5593796968460083
YIL111W,YDL095W,0,-0.33354372,0.11867612600326538,0.7492537498474121,0.5594797134399414
YDR242W,YPL022W,0,-0.33354437,0.1186574250459671,0.7492537498474121,0.5595797896385193
YOR386W,YGR218W,0,-0.33359003,0.11863872408866882,0.7492537498474121,0.5596798658370972
YDR067C,YJL134W,1,-0.33380568,0.1187775656580925,0.7502487301826477,0.5596798658370972
YAR019C,YOR036W,0,-0.3338237,0.11875885725021362,0.7502487301826477,0.5597798824310303
YIL004C,YNL325C,0,-0.33384588,0.11874015629291534,0.7502487301826477,0.5598799586296082
YCL069W,YIR006C,0,-0.33387712,0.11872146278619766,0.7502487301826477,0.5599799752235413
YMR290C,YDR055W,0,-0.3339326,0.11870276927947998,0.7502487301826477,0.5600800514221191
YMR208W,YLR265C,0,-0.3339696,0.1186840832233429,0.7502487301826477,0.5601800680160522
YGL168W,YNL166C,0,-0.3339709,0.11866540461778641,0.7502487301826477,0.5602801442146301
YNL218W,YMR012W,0,-0.3339851,0.11864673346281052,0.7502487301826477,0.5603801608085632
YLR318W,YAL062W,0,-0.33405983,0.11862806975841522,0.7502487301826477,0.5604802370071411
YNL331C,YMR163C,0,-0.33423722,0.11860940605401993,0.7502487301826477,0.560580313205719
YOR381W,YER045C,0,-0.3344878,0.11859074980020523,0.7502487301826477,0.5606803297996521
YOL092W,YER007W,0,-0.3346415,0.11857210099697113,0.7502487301826477,0.56078040599823
YPR042C,YPL038W,0,-0.3346435,0.11855345964431763,0.7502487301826477,0.5608804225921631
YNL099C,YAL009W,1,-0.33470374,0.11869203299283981,0.7512437701225281,0.5608804225921631
YDR065W,YMR224C,0,-0.33478814,0.11867337673902512,0.7512437701225281,0.560980498790741
YKL183W,YLR099C,0,-0.33479747,0.11865472048521042,0.7512437701225281,0.5610805153846741
YDR270W,YHR023W,0,-0.33480832,0.11863607913255692,0.7512437701225281,0.561180591583252
YJL143W,YER153C,0,-0.33483577,0.11861743777990341,0.7512437701225281,0.5612806677818298
YHR044C,YIR026C,1,-0.33486876,0.11875589191913605,0.7522388100624084,0.5612806677818298
YJR098C,YJR134C,0,-0.33487278,0.11873723566532135,0.7522388100624084,0.5613806843757629
YNL292W,YJR029W,0,-0.33489263,0.11871859431266785,0.7522388100624084,0.5614807605743408
YBL021C,YPL095C,0,-0.3349335,0.11869995296001434,0.7522388100624084,0.5615807771682739
YNL001W,YMR204C,0,-0.33496135,0.11868131905794144,0.7522388100624084,0.5616808533668518
YML124C,YPR041W,0,-0.33501792,0.11866269260644913,0.7522388100624084,0.5617808699607849
YDR219C,YDR228C,0,-0.33509642,0.11864406615495682,0.7522388100624084,0.5618809461593628
YOR257W,YAL012W,0,-0.33512837,0.1186254546046257,0.7522388100624084,0.5619809627532959
YDL056W,YBL055C,0,-0.33515465,0.11860684305429459,0.7522388100624084,0.5620810389518738
YDL188C,YLR433C,1,-0.33520305,0.1187450960278511,0.7532338500022888,0.5620810389518738
YGR123C,YDR503C,1,-0.33524895,0.11888331174850464,0.7542288303375244,0.5620810389518738
YOR257W,YBR231C,0,-0.33526158,0.11886467039585114,0.7542288303375244,0.5621811151504517
YLR142W,YBR245C,0,-0.3353726,0.11884603649377823,0.7542288303375244,0.5622811317443848
YDR219C,YJL101C,0,-0.33540213,0.11882740259170532,0.7542288303375244,0.5623812079429626
YGL223C,YNL293W,0,-0.33543822,0.11880877614021301,0.7542288303375244,0.5624812245368958
YGR058W,YDL095W,0,-0.3356177,0.1187901571393013,0.7542288303375244,0.5625813007354736
YPR184W,YOR014W,0,-0.33597073,0.11877154558897018,0.7542288303375244,0.5626813173294067
YER056C-A,YGR001C,0,-0.33606982,0.11875293403863907,0.7542288303375244,0.5627813935279846
YMR156C,YPR073C,1,-0.33608514,0.11889097839593887,0.7552238702774048,0.5627813935279846
YOL156W,YHR184W,0,-0.336282,0.11887235939502716,0.7552238702774048,0.5628814697265625
YML125C,YOL072W,0,-0.3363185,0.11885374039411545,0.7552238702774048,0.5629814863204956
YDL188C,YML100W,1,-0.33643815,0.11899170279502869,0.7562189102172852,0.5629814863204956
YHR167W,YOR067C,0,-0.33649608,0.11897307634353638,0.7562189102172852,0.5630815625190735
YBR176W,YIR009W,0,-0.3364976,0.11895444989204407,0.7562189102172852,0.5631815791130066
YGR106C,YDR252W,0,-0.3366434,0.11893583834171295,0.7562189102172852,0.5632816553115845
YOL065C,YMR026C,0,-0.33664623,0.11891722679138184,0.7562189102172852,0.5633816719055176
YJR110W,YNL268W,0,-0.33666903,0.11889862269163132,0.7562189102172852,0.5634817481040955
YBR289W,YDR507C,0,-0.33672592,0.1188800260424614,0.7562189102172852,0.5635817646980286
YLR370C,YDL080C,0,-0.33685946,0.11886142939329147,0.7562189102172852,0.5636818408966064
YMR166C,YDR356W,0,-0.3368941,0.11884284764528275,0.7562189102172852,0.5637819170951843
YCR096C,YFR003C,0,-0.33693165,0.11882426589727402,0.7562189102172852,0.5638819336891174
YMR094W,YLR371W,0,-0.33693507,0.11880569159984589,0.7562189102172852,0.5639820098876953
YGR154C,YDR252W,0,-0.33698076,0.11878711730241776,0.7562189102172852,0.5640820264816284
YDL138W,YMR122W-A,0,-0.3371969,0.11876855790615082,0.7562189102172852,0.5641821026802063
YPL017C,YDR507C,0,-0.33732384,0.11874999850988388,0.7562189102172852,0.5642821192741394
YDL204W,YOL120C,0,-0.33732855,0.11873144656419754,0.7562189102172852,0.5643821954727173
YDR056C,YAL035W,0,-0.3373447,0.1187129020690918,0.7562189102172852,0.5644822120666504
YOR208W,YLR377C,1,-0.3375761,0.11885053664445877,0.7572139501571655,0.5644822120666504
YOR047C,YDR128W,0,-0.3377227,0.11883197724819183,0.7572139501571655,0.5645822882652283
YIL093C,YER153C,0,-0.33772767,0.1188134253025055,0.7572139501571655,0.5646823644638062
YER140W,YJR060W,0,-0.33787122,0.11879488080739975,0.7572139501571655,0.5647823810577393
YDR126W,YGR220C,0,-0.33809635,0.118776336312294,0.7572139501571655,0.5648824572563171
YBR158W,YIR015W,0,-0.33811623,0.11875779926776886,0.7572139501571655,0.5649824738502502
YGL009C,YMR292W,0,-0.33814004,0.11873926967382431,0.7572139501571655,0.5650825500488281
YER089C,YBR276C,1,-0.33820158,0.11887675523757935,0.7582089304924011,0.5650825500488281
YNL046W,YBL060W,0,-0.33822358,0.1188582107424736,0.7582089304924011,0.5651825666427612
YJR015W,YHR067W,0,-0.3382787,0.11883967369794846,0.7582089304924011,0.5652826428413391
YJR110W,YLL062C,0,-0.33847976,0.1188211441040039,0.7582089304924011,0.565382719039917
YFL002W-A,YPL095C,0,-0.33860078,0.11880262196063995,0.7582089304924011,0.5654827356338501
YDR329C,YJL170C,0,-0.33860764,0.118784099817276,0.7582089304924011,0.565582811832428
YLR204W,YNL166C,0,-0.3386138,0.11876558512449265,0.7582089304924011,0.5656828284263611
YOR181W,YER174C,0,-0.33861917,0.11874707788228989,0.7582089304924011,0.565782904624939
YDR315C,YAL053W,0,-0.3387852,0.11872857809066772,0.7582089304924011,0.5658829212188721
YDR013W,YNL339C,0,-0.3388186,0.11871007829904556,0.7582089304924011,0.56598299741745
YIL171W,YDR032C,0,-0.33889943,0.118691585958004,0.7582089304924011,0.5660830140113831
YFR025C,YIR026C,1,-0.33894312,0.11882884055376053,0.7592039704322815,0.5660830140113831
YOL018C,YPL068C,0,-0.33898878,0.11881034076213837,0.7592039704322815,0.5661830902099609
YGL003C,YJR022W,0,-0.33909842,0.1187918409705162,0.7592039704322815,0.5662831664085388
YBR087W,YHR044C,0,-0.3391157,0.11877334862947464,0.7592039704322815,0.5663831830024719
YGR104C,YNR027W,0,-0.33911872,0.11875486373901367,0.7592039704322815,0.5664832592010498
YBR040W,YOR270C,0,-0.33914465,0.1187363862991333,0.7592039704322815,0.5665832757949829
YDL019C,YDL080C,0,-0.33918333,0.11871790885925293,0.7592039704322815,0.5666833519935608
YNR011C,YML081C-A,0,-0.33936366,0.11869943886995316,0.7592039704322815,0.5667833685874939
YFR028C,YML016C,1,-0.3394234,0.11883652210235596,0.7601990103721619,0.5667833685874939
YLR343W,YDR443C,0,-0.3394242,0.11881803721189499,0.7601990103721619,0.5668834447860718
YPR122W,YMR311C,0,-0.33946192,0.11879956722259521,0.7601990103721619,0.5669835209846497
YGL223C,YAL034W-A,0,-0.3395503,0.11878109723329544,0.7601990103721619,0.5670835375785828
YLR032W,YPR047W,0,-0.33956486,0.11876262724399567,0.7601990103721619,0.5671836137771606
YDL033C,YJR076C,0,-0.33959055,0.11874417215585709,0.7601990103721619,0.5672836303710938
YPL144W,YOL005C,0,-0.33960232,0.1187257170677185,0.7601990103721619,0.5673837065696716
YGL224C,YMR277W,1,-0.33992112,0.11886265128850937,0.7611940503120422,0.5673837065696716
YAR015W,YGR200C,0,-0.33997998,0.1188441812992096,0.7611940503120422,0.5674837231636047
YAL041W,YEL038W,0,-0.34031022,0.11882571876049042,0.7611940503120422,0.5675837993621826
YHR117W,YMR303C,0,-0.3404633,0.11880727112293243,0.7611940503120422,0.5676838159561157
YJR009C,YIR012W,0,-0.3404912,0.11878882348537445,0.7611940503120422,0.5677838921546936
YJL136C,YKL021C,0,-0.34051907,0.11877037584781647,0.7611940503120422,0.5678839683532715
YJR097W,YKL109W,0,-0.34052855,0.11875194311141968,0.7611940503120422,0.5679839849472046
YNL280C,YER020W,0,-0.34055474,0.11873351037502289,0.7611940503120422,0.5680840611457825
YGR159C,YOL156W,0,-0.34082657,0.1187150850892067,0.7611940503120422,0.5681840777397156
YOR348C,YMR042W,0,-0.34112346,0.1186966672539711,0.7611940503120422,0.5682841539382935
YMR026C,YMR285C,0,-0.34124017,0.1186782494187355,0.7611940503120422,0.5683841705322266
YKR090W,YER036C,0,-0.34125984,0.1186598390340805,0.7611940503120422,0.5684842467308044
YLL038C,YJR076C,0,-0.34138003,0.1186414361000061,0.7611940503120422,0.5685842633247375
YDR228C,YJL073W,0,-0.34144413,0.1186230406165123,0.7611940503120422,0.5686843395233154
YML104C,YDR487C,0,-0.34159306,0.11860465258359909,0.7611940503120422,0.5687844157218933
YGR035C,YCL031C,0,-0.34159547,0.11858626455068588,0.7611940503120422,0.5688844323158264
YOL149W,YDR483W,0,-0.3416196,0.11856788396835327,0.7611940503120422,0.5689845085144043
YMR257C,YML125C,0,-0.34164733,0.11854951083660126,0.7611940503120422,0.5690845251083374
YPL179W,YLL010C,1,-0.34186536,0.11868608742952347,0.7621890306472778,0.5690845251083374
YMR298W,YBR084W,0,-0.34200913,0.11866769939661026,0.7621890306472778,0.5691846013069153
YEL065W,YDR239C,0,-0.34222978,0.11864931881427765,0.7621890306472778,0.5692846179008484
YJL033W,YLR008C,0,-0.34224272,0.11863094568252563,0.7621890306472778,0.5693846940994263
YIR015W,YPR019W,0,-0.34228826,0.11861257255077362,0.7621890306472778,0.5694847702980042
YER068W,YER089C,0,-0.34230328,0.1185942068696022,0.7621890306472778,0.5695847868919373
YMR006C,YDL136W,0,-0.342553,0.11857584863901138,0.7621890306472778,0.5696848630905151
YOR356W,YFR008W,0,-0.34259766,0.11855749785900116,0.7621890306472778,0.5697848796844482
YJR016C,YPL090C,0,-0.34260264,0.11853915452957153,0.7621890306472778,0.5698849558830261
YDR065W,YKL010C,0,-0.3426536,0.1185208112001419,0.7621890306472778,0.5699849724769592
YDL136W,YOL100W,0,-0.34267786,0.11850247532129288,0.7621890306472778,0.5700850486755371
YKL156W,YNL166C,0,-0.34291416,0.11848414689302444,0.7621890306472778,0.5701850652694702
YOR384W,YDR166C,0,-0.34299693,0.11846581846475601,0.7621890306472778,0.5702851414680481
YPR063C,YJL221C,0,-0.3431258,0.11844750493764877,0.7621890306472778,0.570385217666626
YDR075W,YEL038W,1,-0.34312606,0.1185837984085083,0.7631840705871582,0.570385217666626
YDR219C,YOR039W,0,-0.34313828,0.11856546252965927,0.7631840705871582,0.5704852342605591
YDL067C,YMR017W,0,-0.3431693,0.11854714155197144,0.7631840705871582,0.570585310459137
YJL033W,YBR273C,0,-0.34329376,0.1185288205742836,0.7631840705871582,0.5706853270530701
YDR126W,YHR184W,0,-0.34335834,0.11851050704717636,0.7631840705871582,0.570785403251648
YDR312W,YAR019C,0,-0.34336737,0.11849220097064972,0.7631840705871582,0.570885419845581
YML106W,YDR448W,0,-0.34337214,0.11847389489412308,0.7631840705871582,0.5709854960441589
YKL088W,YGL251C,0,-0.3435675,0.11845559626817703,0.7631840705871582,0.5710855722427368
YGL253W,YDL184C,0,-0.3436156,0.11843730509281158,0.7631840705871582,0.5711855888366699
YNL136W,YKL195W,0,-0.34372866,0.11841902136802673,0.7631840705871582,0.5712856650352478
YMR297W,YHR089C,0,-0.34374654,0.11840073764324188,0.7631840705871582,0.5713856816291809
YIL078W,YDR393W,0,-0.3437641,0.11838246881961823,0.7631840705871582,0.5714857578277588
YHR036W,YPR122W,0,-0.34377584,0.11836419999599457,0.7631840705871582,0.5715857744216919
YNL206C,YOR306C,0,-0.34396905,0.11834593117237091,0.7631840705871582,0.5716858506202698
YMR122W-A,YNL268W,0,-0.34398243,0.11832767724990845,0.7631840705871582,0.5717858672142029
YML113W,YER089C,0,-0.3440101,0.11830942332744598,0.7631840705871582,0.5718859434127808
YJR015W,YLR371W,0,-0.34406638,0.11829117685556412,0.7631840705871582,0.5719860196113586
YDR358W,YHR207C,0,-0.34427458,0.11827293783426285,0.7631840705871582,0.5720860362052917
YDR265W,YEL065W,0,-0.3442942,0.11825469881296158,0.7631840705871582,0.5721861124038696
YNL212W,YKL143W,0,-0.3446027,0.1182364746928215,0.7631840705871582,0.5722861289978027
YDR265W,YDR501W,0,-0.34471515,0.11821825057268143,0.7631840705871582,0.5723862051963806
YIL072W,YKL042W,0,-0.3447745,0.11820003390312195,0.7631840705871582,0.5724862217903137
YLR015W,YER036C,0,-0.34483415,0.11818181723356247,0.7631840705871582,0.5725862979888916
YLR126C,YER045C,0,-0.34491828,0.11816360801458359,0.7631840705871582,0.5726863145828247
YML057W,YEL038W,1,-0.34492177,0.1182994470000267,0.7641791105270386,0.5726863145828247
YHR046C,YKL004W,0,-0.3450573,0.11828122287988663,0.7641791105270386,0.5727863907814026
YJL052W,YHR036W,0,-0.34519136,0.11826301366090775,0.7641791105270386,0.5728864669799805
YLR419W,YIL101C,0,-0.34524232,0.11824480444192886,0.7641791105270386,0.5729864835739136
YMR142C,YOL065C,0,-0.3452804,0.11822660267353058,0.7641791105270386,0.5730865597724915
YIL078W,YBR122C,0,-0.34558484,0.1182084009051323,0.7641791105270386,0.5731865763664246
YDR067C,YMR277W,1,-0.34560895,0.11834410578012466,0.765174150466919,0.5731865763664246
YPL068C,YML063W,0,-0.34564275,0.11832589656114578,0.765174150466919,0.5732866525650024
YIL009C-A,YFL044C,0,-0.345801,0.1183076947927475,0.765174150466919,0.5733866691589355
YIL084C,YGR014W,0,-0.34583434,0.11828949302434921,0.765174150466919,0.5734867453575134
YLR170C,YHR036W,0,-0.345838,0.11827129870653152,0.765174150466919,0.5735868215560913
YOL065C,YER161C,0,-0.34595507,0.11825311183929443,0.765174150466919,0.5736868381500244
YER061C,YDL115C,0,-0.34606814,0.11823493242263794,0.765174150466919,0.5737869143486023
YLR079W,YNL115C,0,-0.34607595,0.11821675300598145,0.765174150466919,0.5738869309425354
YKL011C,YGR188C,0,-0.3460806,0.11819858849048615,0.765174150466919,0.5739870071411133
YLL011W,YPR108W,0,-0.3460927,0.11818042397499084,0.765174150466919,0.5740870237350464
YHR031C,YHL032C,0,-0.3461866,0.11816225945949554,0.765174150466919,0.5741870999336243
YGL135W,YLR040C,0,-0.34625137,0.11814410984516144,0.765174150466919,0.5742871165275574
YOR391C,YJL065C,0,-0.3463114,0.11812596023082733,0.765174150466919,0.5743871927261353
YNL098C,YPL026C,0,-0.34654582,0.11810781806707382,0.765174150466919,0.5744872689247131
YNR070W,YCR040W,0,-0.34668648,0.11808968335390091,0.765174150466919,0.5745872855186462
YLR418C,YDR363W-A,0,-0.34676903,0.118071548640728,0.765174150466919,0.5746873617172241
YDL136W,YML081C-A,0,-0.346785,0.11805342137813568,0.765174150466919,0.5747873783111572
YFR003C,YOR347C,0,-0.3468305,0.11803530156612396,0.765174150466919,0.5748874545097351
YLR040C,YDR032C,0,-0.34730312,0.11801718920469284,0.765174150466919,0.5749874711036682
YNL248C,YOL147C,0,-0.34740496,0.11799907684326172,0.765174150466919,0.5750875473022461
YDR239C,YHR081W,0,-0.34742415,0.11798097938299179,0.765174150466919,0.575187623500824
YGR075C,YER030W,0,-0.34746403,0.11796287447214127,0.765174150466919,0.5752876400947571
YFL029C,YDR139C,0,-0.3475939,0.11794478446245193,0.765174150466919,0.575387716293335
YMR130W,YOR386W,0,-0.34774914,0.1179267019033432,0.765174150466919,0.5754877328872681
YGL120C,YJL046W,0,-0.34787995,0.11790861934423447,0.765174150466919,0.575587809085846
YLR448W,YLR038C,0,-0.34802443,0.11789054423570633,0.765174150466919,0.575687825679779
YER070W,YGR220C,0,-0.34804752,0.11787246912717819,0.765174150466919,0.5757879018783569
YKL088W,YDR117C,0,-0.3480879,0.11785440891981125,0.765174150466919,0.57588791847229
YCR020C,YPR098C,0,-0.3481238,0.1178363487124443,0.765174150466919,0.5759879946708679
YMR204C,YAL058W,0,-0.34812504,0.11781829595565796,0.765174150466919,0.5760880708694458
YGL095C,YOR306C,0,-0.34822097,0.11780024319887161,0.765174150466919,0.5761880874633789
YGL173C,YMR257C,0,-0.34824494,0.11778220534324646,0.765174150466919,0.5762881636619568
YDR448W,YHR013C,0,-0.34827846,0.11776416748762131,0.765174150466919,0.5763881802558899
YDR279W,YLR147C,0,-0.34829348,0.11774613708257675,0.765174150466919,0.5764882564544678
YHR089C,YIL112W,0,-0.34833527,0.1177281066775322,0.765174150466919,0.5765882730484009
YMR316W,YOR347C,0,-0.3484984,0.11771008372306824,0.765174150466919,0.5766883492469788
YOR124C,YBR241C,0,-0.34857467,0.11769207566976547,0.765174150466919,0.5767883658409119
YDL114W,YMR109W,0,-0.34860697,0.11767406016588211,0.765174150466919,0.5768884420394897
YOR069W,YKR050W,0,-0.34874707,0.11765605956315994,0.765174150466919,0.5769885182380676
YDR420W,YOR306C,0,-0.3488059,0.11763805896043777,0.765174150466919,0.5770885348320007
YBR273C,YNL325C,0,-0.34884128,0.1176200658082962,0.765174150466919,0.5771886110305786
YJR076C,YBR105C,0,-0.34885088,0.11760208010673523,0.765174150466919,0.5772886276245117
YOL127W,YKR061W,0,-0.34888682,0.11758409440517426,0.765174150466919,0.5773887038230896
YGL210W,YLR010C,0,-0.34892103,0.11756612360477448,0.765174150466919,0.5774887204170227
YER133W,YGR002C,0,-0.3489731,0.1175481528043747,0.765174150466919,0.5775887966156006
YLL062C,YDR177W,0,-0.3492181,0.11753018200397491,0.765174150466919,0.5776888728141785
YAL021C,YJR135W-A,0,-0.3492254,0.11751222610473633,0.765174150466919,0.5777888894081116
YER029C,YJL129C,0,-0.34939203,0.11749427020549774,0.765174150466919,0.5778889656066895
YDR358W,YDR054C,0,-0.34939706,0.11747632175683975,0.765174150466919,0.5779889822006226
YNL086W,YMR302C,0,-0.34942067,0.11745838075876236,0.765174150466919,0.5780890583992004
YMR016C,YKL198C,0,-0.34952503,0.11744043976068497,0.765174150466919,0.5781890749931335
YDL067C,YML088W,0,-0.34975594,0.11742250621318817,0.765174150466919,0.5782891511917114
YOR116C,YGR008C,0,-0.34989855,0.11740458011627197,0.765174150466919,0.5783891677856445
YGR008C,YNL227C,0,-0.3500138,0.11738666146993637,0.765174150466919,0.5784892439842224
YMR198W,YGL095C,0,-0.35005456,0.11736874282360077,0.765174150466919,0.5785893201828003
YBR082C,YKL181W,0,-0.3500644,0.11735083162784576,0.765174150466919,0.5786893367767334
YKL154W,YJR045C,0,-0.35008132,0.11733292788267136,0.765174150466919,0.5787894129753113
YMR201C,YJL156C,0,-0.35023588,0.11731502413749695,0.765174150466919,0.5788894295692444
YGL224C,YFR025C,1,-0.3504341,0.11744966357946396,0.7661691308021545,0.5788894295692444
YFR025C,YOR014W,1,-0.3506528,0.11758425831794739,0.7671641707420349,0.5788894295692444
YHR105W,YDR166C,0,-0.35084853,0.11756633222103119,0.7671641707420349,0.5789895057678223
YHR046C,YIL002C,1,-0.35086524,0.11770086735486984,0.7681592106819153,0.5789895057678223
YML106W,YDR228C,0,-0.35096195,0.11768292635679245,0.7681592106819153,0.5790895223617554
YKR105C,YLR467W,0,-0.35120073,0.11766499280929565,0.7681592106819153,0.5791895985603333
YBL103C,YLR126C,0,-0.351308,0.11764705926179886,0.7681592106819153,0.5792896151542664
YKL190W,YNL099C,1,-0.35143113,0.11778150498867035,0.7691542506217957,0.5792896151542664
YJL098W,YFR040W,1,-0.35144413,0.11791590601205826,0.7701492309570312,0.5792896151542664
YHL032C,YJR135W-A,0,-0.3514533,0.11789794266223907,0.7701492309570312,0.5793896913528442
YLR419W,YDR093W,0,-0.3514927,0.11787998676300049,0.7701492309570312,0.5794897675514221
YLR172C,YDR130C,0,-0.35160524,0.1178620383143425,0.7701492309570312,0.5795897841453552
YLR008C,YOR257W,0,-0.35163578,0.11784408986568451,0.7701492309570312,0.5796898603439331
YLR373C,YOL005C,0,-0.3517824,0.11782615631818771,0.7701492309570312,0.5797898769378662
YER148W,YDL180W,0,-0.35188937,0.11780822277069092,0.7701492309570312,0.5798899531364441
YJL046W,YLR010C,0,-0.35190088,0.11779028922319412,0.7701492309570312,0.5799899697303772
YHR089C,YKL116C,0,-0.35190842,0.11777237057685852,0.7701492309570312,0.5800900459289551
YLR364W,YOR356W,0,-0.3520279,0.11775445193052292,0.7701492309570312,0.580190122127533
YPL206C,YMR184W,0,-0.35225728,0.11773654073476791,0.7701492309570312,0.5802901387214661
YBR267W,YJR059W,0,-0.35270262,0.11771862953901291,0.7701492309570312,0.580390214920044
YPL144W,YKL212W,0,-0.35272685,0.1177007332444191,0.7701492309570312,0.580490231513977
YGR047C,YER147C,0,-0.35278672,0.11768283694982529,0.7701492309570312,0.5805903077125549
YMR171C,YOL018C,0,-0.35283113,0.11766494065523148,0.7701492309570312,0.580690324306488
YDL144C,YDR055W,0,-0.35310596,0.11764705926179886,0.7701492309570312,0.5807904005050659
YNL217W,YCR092C,0,-0.3532452,0.11762917786836624,0.7701492309570312,0.580890417098999
YIL004C,YCL031C,0,-0.35331374,0.11761130392551422,0.7701492309570312,0.5809904932975769
YDL205C,YDR322W,0,-0.35333234,0.1175934374332428,0.7701492309570312,0.5810905694961548
YKL183W,YOR290C,0,-0.3533666,0.11757557094097137,0.7701492309570312,0.5811905860900879
YER007W,YJR045C,0,-0.353459,0.11755771934986115,0.7701492309570312,0.5812906622886658
YMR256C,YGL222C,0,-0.3537491,0.11753986030817032,0.7701492309570312,0.5813906788825989
YMR086W,YDR501W,0,-0.3537869,0.11752201616764069,0.7701492309570312,0.5814907550811768
YLR343W,YMR224C,0,-0.35414675,0.11750417202711105,0.7701492309570312,0.5815907716751099
YDR420W,YOL056W,0,-0.35419267,0.11748633533716202,0.7701492309570312,0.5816908478736877
YDR312W,YLR139C,0,-0.35458624,0.11746850609779358,0.7701492309570312,0.5817909240722656
YOL056W,YAL058W,0,-0.3545869,0.11745068430900574,0.7701492309570312,0.5818909406661987
YBR012W-A,YNL077W,0,-0.3546251,0.1174328625202179,0.7701492309570312,0.5819910168647766
YFL041W,YBR214W,0,-0.3547588,0.11741504818201065,0.7701492309570312,0.5820910334587097
YIL034C,YPL174C,0,-0.3548218,0.117397241294384,0.7701492309570312,0.5821911096572876
YDR487C,YPL160W,0,-0.35487208,0.11737943440675735,0.7701492309570312,0.5822911262512207
YDR283C,YFR005C,0,-0.3549596,0.1173616349697113,0.7701492309570312,0.5823912024497986
YOR391C,YJL108C,0,-0.35496914,0.11734384298324585,0.7701492309570312,0.5824912190437317
YNL280C,YOL117W,0,-0.35503504,0.11732605844736099,0.7701492309570312,0.5825912952423096
YNL001W,YCR010C,0,-0.3551267,0.11730827391147614,0.7701492309570312,0.5826913714408875
YDL075W,YDL180W,0,-0.35522613,0.11729049682617188,0.7701492309570312,0.5827913880348206
YDL137W,YER140W,0,-0.35541245,0.11727272719144821,0.7701492309570312,0.5828914642333984
YOR224C,YDR322W,0,-0.35541642,0.11725496500730515,0.7701492309570312,0.5829914808273315
YMR256C,YOR347C,0,-0.35557625,0.11723720282316208,0.7701492309570312,0.5830915570259094
YIL084C,YLR438C-A,0,-0.35559434,0.11721944808959961,0.7701492309570312,0.5831915736198425
YJL155C,YGR203W,1,-0.35561562,0.11735311895608902,0.7711442708969116,0.5831915736198425
YNL210W,YJR016C,0,-0.355617,0.11733534932136536,0.7711442708969116,0.5832916498184204
YIL150C,YER110C,0,-0.35581622,0.11731758713722229,0.7711442708969116,0.5833916664123535
YOL127W,YHR117W,0,-0.35582048,0.11729983240365982,0.7711442708969116,0.5834917426109314
YNL166C,YMR163C,0,-0.3558214,0.11728208512067795,0.7711442708969116,0.5835918188095093
YBR092C,YHR070W,0,-0.3559357,0.11726433783769608,0.7711442708969116,0.5836918354034424
YER083C,YJR155W,0,-0.3560658,0.1172465980052948,0.7711442708969116,0.5837919116020203
YPL258C,YDR239C,0,-0.3561061,0.11722885817289352,0.7711442708969116,0.5838919281959534
YGL168W,YHR023W,0,-0.35616553,0.11721113324165344,0.7711442708969116,0.5839920043945312
YNR011C,YOL007C,0,-0.35624382,0.11719340831041336,0.7711442708969116,0.5840920209884644
YLR154C,YKL056C,0,-0.35624588,0.11717569082975388,0.7711442708969116,0.5841920971870422
YLR343W,YGR054W,0,-0.3563807,0.11715797334909439,0.7711442708969116,0.5842921733856201
YJR033C,YIR015W,0,-0.3564015,0.1171402633190155,0.7711442708969116,0.5843921899795532
YBR001C,YER091C,0,-0.35644275,0.11712256073951721,0.7711442708969116,0.5844922661781311
YDL007W,YPR005C,0,-0.3565026,0.11710486561059952,0.7711442708969116,0.5845922827720642
YCR039C,YMR109W,0,-0.35655427,0.11708717048168182,0.7711442708969116,0.5846923589706421
YIL155C,YMR292W,0,-0.35669842,0.11706948280334473,0.7711442708969116,0.5847923755645752
YEL054C,YER053C,0,-0.3568083,0.11705180257558823,0.7711442708969116,0.5848924517631531
YGL089C,YMR127C,0,-0.3568619,0.11703412979841232,0.7711442708969116,0.5849924683570862
YDR054C,YDR534C,0,-0.35695565,0.11701645702123642,0.7711442708969116,0.5850925445556641
YNL151C,YDR031W,0,-0.35705194,0.11699879169464111,0.7711442708969116,0.5851926207542419
YIR014W,YIL125W,0,-0.3570717,0.1169811338186264,0.7711442708969116,0.585292637348175
YMR306W,YPL090C,0,-0.35713077,0.1169634759426117,0.7711442708969116,0.5853927135467529
YDR003W,YGR075C,0,-0.35723525,0.11694582551717758,0.7711442708969116,0.585492730140686
YOL117W,YJR155W,0,-0.3573035,0.11692818254232407,0.7711442708969116,0.5855928063392639
YNR027W,YLR246W,0,-0.3575368,0.11691054701805115,0.7711442708969116,0.585692822933197
YDR481C,YOL064C,1,-0.3575801,0.11704374104738235,0.772139310836792,0.585692822933197
YJR010C-A,YJL080C,0,-0.35762396,0.11702609062194824,0.772139310836792,0.5857928991317749
YOR389W,YJL062W,0,-0.3576363,0.11700844019651413,0.772139310836792,0.5858929753303528
YDR465C,YIL115C,0,-0.35772282,0.11699080467224121,0.772139310836792,0.5859929919242859
YGR058W,YOR246C,0,-0.35774237,0.11697316914796829,0.772139310836792,0.5860930681228638
YPR098C,YPL060W,0,-0.3577939,0.11695554107427597,0.772139310836792,0.5861930847167969
YOR181W,YHR160C,0,-0.35794264,0.11693791300058365,0.772139310836792,0.5862931609153748
YML027W,YOL156W,0,-0.3579922,0.11692029237747192,0.772139310836792,0.5863931775093079
YMR166C,YNL310C,0,-0.35812908,0.1169026792049408,0.772139310836792,0.5864932537078857
YML027W,YIL138C,0,-0.3583163,0.11688507348299026,0.772139310836792,0.5865932703018188
YDR418W,YLR207W,0,-0.35832512,0.11686746776103973,0.772139310836792,0.5866933465003967
YJL101C,YDR031W,0,-0.35832888,0.1168498694896698,0.772139310836792,0.5867934226989746
YLR015W,YDR038C,0,-0.35871637,0.11683227866888046,0.772139310836792,0.5868934392929077
YBL103C,YMR282C,0,-0.35872936,0.11681469529867172,0.772139310836792,0.5869935154914856
YGL253W,YOL056W,0,-0.35874903,0.11679711192846298,0.772139310836792,0.5870935320854187
YJL080C,YHR070W,0,-0.35885885,0.11677953600883484,0.772139310836792,0.5871936082839966
YJR029W,YGR006W,0,-0.3589971,0.1167619600892067,0.772139310836792,0.5872936248779297
YDR356W,YLR078C,0,-0.35900056,0.11674439907073975,0.772139310836792,0.5873937010765076
YOL018C,YDR060W,0,-0.3590235,0.1167268380522728,0.772139310836792,0.5874937176704407
YOR116C,YDR495C,0,-0.35910702,0.11670927703380585,0.772139310836792,0.5875937938690186
YBR097W,YNL012W,0,-0.35913214,0.11669173091650009,0.772139310836792,0.5876938700675964
YER068W,YBR156C,0,-0.35921702,0.11667418479919434,0.772139310836792,0.5877938866615295
YGL213C,YDR326C,0,-0.35922894,0.11665664613246918,0.772139310836792,0.5878939628601074
YLR343W,YMR037C,0,-0.35929972,0.11663910746574402,0.772139310836792,0.5879939794540405
YJR015W,YLR246W,0,-0.35934407,0.11662158370018005,0.772139310836792,0.5880940556526184
YDL069C,YER091C,0,-0.35947195,0.11660405993461609,0.772139310836792,0.5881940722465515
YMR051C,YHR129C,0,-0.35951185,0.11658653616905212,0.772139310836792,0.5882941484451294
YLR221C,YNL268W,0,-0.35954893,0.11656902730464935,0.772139310836792,0.5883942246437073
YPL090C,YNR041C,0,-0.35961616,0.11655151844024658,0.772139310836792,0.5884942412376404
YHR076W,YGR203W,1,-0.35972458,0.11668418347835541,0.7731343507766724,0.5884942412376404
YDL069C,YDR443C,0,-0.35974842,0.11666666716337204,0.7731343507766724,0.5885943174362183
YBR087W,YJL052W,0,-0.35977402,0.11664915084838867,0.7731343507766724,0.5886943340301514
YBR092C,YJL025W,0,-0.3597884,0.1166316419839859,0.7731343507766724,0.5887944102287292
YLR204W,YIL138C,0,-0.3597895,0.11661414057016373,0.7731343507766724,0.5888944268226624
YOR167C,YML060W,0,-0.3599897,0.11659663915634155,0.7731343507766724,0.5889945030212402
YER089C,YNL222W,1,-0.3600857,0.11672918498516083,0.774129331111908,0.5889945030212402
YFR025C,YNL222W,1,-0.36009413,0.11686168611049652,0.7751243710517883,0.5889945030212402
YJR060W,YPR016C,0,-0.36010033,0.11684415489435196,0.7751243710517883,0.5890945196151733
YDR014W,YCL050C,0,-0.36011875,0.116826631128788,0.7751243710517883,0.5891945958137512
YOL152W,YBL020W,0,-0.36015403,0.11680911481380463,0.7751243710517883,0.5892946720123291
YLR433C,YBL010C,0,-0.36019915,0.11679160594940186,0.7751243710517883,0.5893946886062622
YPR049C,YDR069C,0,-0.36029068,0.11677409708499908,0.7751243710517883,0.5894947648048401
YIR002C,YCR040W,0,-0.36037683,0.11675659567117691,0.7751243710517883,0.5895947813987732
YJL158C,YKL034W,0,-0.36049244,0.11673909425735474,0.7751243710517883,0.5896948575973511
YOR076C,YAR010C,0,-0.36053675,0.11672160774469376,0.7751243710517883,0.5897948741912842
YDL006W,YDL236W,1,-0.3606271,0.11685393005609512,0.7761194109916687,0.5897948741912842
YDR379W,YNL306W,0,-0.36065504,0.11683642864227295,0.7761194109916687,0.5898949503898621
YLL013C,YPR031W,0,-0.36104935,0.11681892722845078,0.7761194109916687,0.5899950265884399
YBR092C,YMR261C,1,-0.36121672,0.11695118248462677,0.7771144509315491,0.5899950265884399
YDL047W,YJR110W,1,-0.3612575,0.11708339303731918,0.7781094312667847,0.5899950265884399
YLR154C,YNL129W,0,-0.36126208,0.11706586927175522,0.7781094312667847,0.590095043182373
YBR030W,YGR071C,0,-0.36126244,0.11704834550619125,0.7781094312667847,0.5901951193809509
YPL157W,YNL212W,0,-0.36131516,0.11703082919120789,0.7781094312667847,0.590295135974884
YBL017C,YGR076C,0,-0.3613649,0.11701332032680511,0.7781094312667847,0.5903952121734619
YIR017C,YER106W,0,-0.3614451,0.11699581146240234,0.7781094312667847,0.590495228767395
YDL185W,YLR265C,0,-0.36148942,0.11697831004858017,0.7781094312667847,0.5905953049659729
YLR212C,YDR088C,0,-0.36152422,0.11696081608533859,0.7781094312667847,0.590695321559906
YER083C,YAL043C,0,-0.3620212,0.11694332212209702,0.7781094312667847,0.5907953977584839
YPL281C,YLR438C-A,0,-0.36202228,0.11692583560943604,0.7781094312667847,0.5908954739570618
YDR231C,YNR047W,0,-0.36204806,0.11690835654735565,0.7781094312667847,0.5909954905509949
YLR433C,YNL325C,1,-0.36206263,0.11704035848379135,0.779104471206665,0.5909954905509949
YIL125W,YAR010C,0,-0.36221153,0.11702286452054977,0.779104471206665,0.5910955667495728
YDR067C,YHR215W,1,-0.36235034,0.1171548143029213,0.7800995111465454,0.5910955667495728
YBL103C,YBR283C,0,-0.3624216,0.11713730543851852,0.7800995111465454,0.5911955833435059
YJL062W-A,YLR100W,0,-0.36244637,0.11711981147527695,0.7800995111465454,0.5912956595420837
YAL053W,YHR044C,0,-0.3625391,0.11710231751203537,0.7800995111465454,0.5913956761360168
YBR093C,YLR019W,1,-0.36257252,0.11723417043685913,0.7810945510864258,0.5913956761360168
YBR291C,YNL325C,0,-0.36274782,0.11721666157245636,0.7810945510864258,0.5914957523345947
YDR440W,YBR273C,0,-0.36282986,0.11719916760921478,0.7810945510864258,0.5915957689285278
YFR003C,YEL058W,0,-0.3631185,0.11718166619539261,0.7810945510864258,0.5916958451271057
YNL292W,YPR016C,0,-0.36327648,0.11716417968273163,0.7810945510864258,0.5917959213256836
YGL232W,YER110C,0,-0.36338878,0.11714669317007065,0.7810945510864258,0.5918959379196167
YIL070C,YPR042C,0,-0.3635595,0.11712921410799026,0.7810945510864258,0.5919960141181946
YER086W,YGR189C,0,-0.36359358,0.11711174249649048,0.7810945510864258,0.5920960307121277
YPL179W,YDR075W,1,-0.36360803,0.1172434389591217,0.7820895314216614,0.5920960307121277
YKL179C,YDR420W,0,-0.36362642,0.11722595244646072,0.7820895314216614,0.5921961069107056
YIL171W,YHL016C,0,-0.36369804,0.11720847338438034,0.7820895314216614,0.5922961235046387
YBR214W,YHL036W,0,-0.36380365,0.11719099432229996,0.7820895314216614,0.5923961997032166
YER153C,YPL220W,0,-0.36380506,0.11717352271080017,0.7820895314216614,0.5924962759017944
YDR248C,YKR014C,0,-0.3640702,0.11715605854988098,0.7820895314216614,0.5925962924957275
YKL173W,YNL188W,0,-0.36415344,0.11713860183954239,0.7820895314216614,0.5926963686943054
YMR004W,YBL010C,0,-0.36434358,0.1171211451292038,0.7820895314216614,0.5927963852882385
YBR158W,YMR037C,0,-0.36446697,0.1171036958694458,0.7820895314216614,0.5928964614868164
YDR481C,YLR377C,1,-0.36484632,0.1172352135181427,0.7830845713615417,0.5928964614868164
YOR356W,YJL121C,0,-0.36488506,0.11721775680780411,0.7830845713615417,0.5929964780807495
YLR396C,YKR030W,0,-0.36490026,0.11720030009746552,0.7830845713615417,0.5930965542793274
YMR098C,YML077W,0,-0.36528385,0.11718284338712692,0.7830845713615417,0.5931965708732605
YDR056C,YJR160C,0,-0.36539614,0.11716540157794952,0.7830845713615417,0.5932966470718384
YGR135W,YBL023C,0,-0.3654403,0.11714795976877213,0.7830845713615417,0.5933967232704163
YER083C,YLR439W,0,-0.3654586,0.11713052541017532,0.7830845713615417,0.5934967398643494
YDR128W,YDR239C,0,-0.36554354,0.11711309850215912,0.7830845713615417,0.5935968160629272
YDL019C,YMR098C,0,-0.3655977,0.11709567159414291,0.7830845713615417,0.5936968326568604
YIL009C-A,YDR421W,0,-0.3657214,0.1170782521367073,0.7830845713615417,0.5937969088554382
YKL178C,YGR001C,0,-0.36580712,0.1170608326792717,0.7830845713615417,0.5938969254493713
YBR237W,YKL108W,0,-0.36584106,0.11704342812299728,0.7830845713615417,0.5939970016479492
YOR265W,YGR158C,0,-0.36584494,0.11702602356672287,0.7830845713615417,0.5940970778465271
YGR188C,YNL244C,0,-0.36586675,0.11700862646102905,0.7830845713615417,0.5941970944404602
YNL128W,YJR110W,1,-0.3661046,0.11713988333940506,0.7840796113014221,0.5941970944404602
YGR009C,YHR025W,0,-0.36617446,0.11712247133255005,0.7840796113014221,0.5942971706390381
YPL174C,YLR172C,0,-0.36633223,0.11710506677627563,0.7840796113014221,0.5943971872329712
YDR529C,YPL155C,0,-0.36636016,0.11708766967058182,0.7840796113014221,0.5944972634315491
YEL016C,YBL074C,0,-0.36665738,0.117070272564888,0.7840796113014221,0.5945972800254822
YMR166C,YOL152W,0,-0.36674255,0.11705288290977478,0.7840796113014221,0.5946973562240601
YBL017C,YMR287C,0,-0.36676216,0.11703549325466156,0.7840796113014221,0.5947973728179932
YPL195W,YLR265C,0,-0.3669541,0.11701811850070953,0.7840796113014221,0.594897449016571
YGR154C,YNL061W,0,-0.3669713,0.11700074374675751,0.7840796113014221,0.5949975252151489
YDR478W,YNR016C,0,-0.36703017,0.11698337644338608,0.7840796113014221,0.595097541809082
YGL178W,YML087C,0,-0.36704817,0.11696600914001465,0.7840796113014221,0.5951976180076599
YJR160C,YJL102W,0,-0.36705524,0.11694864928722382,0.7840796113014221,0.595297634601593
YIL027C,YJL129C,0,-0.36714357,0.11693129688501358,0.7840796113014221,0.5953977108001709
YML116W,YJL065C,0,-0.3673159,0.11691394448280334,0.7840796113014221,0.595497727394104
YJL072C,YMR086W,0,-0.36731836,0.1168965995311737,0.7840796113014221,0.5955978035926819
YDR532C,YMR221C,0,-0.36734998,0.11687926203012466,0.7840796113014221,0.595697820186615
YNL331C,YOL157C,0,-0.36740667,0.11686193197965622,0.7840796113014221,0.5957978963851929
YDR126W,YER007W,0,-0.36744362,0.11684460192918777,0.7840796113014221,0.5958979725837708
YDL019C,YBR185C,0,-0.36763656,0.11682727932929993,0.7840796113014221,0.5959979891777039
YAR015W,YDR055W,0,-0.3678482,0.11680996417999268,0.7840796113014221,0.5960980653762817
YNL166C,YKL056C,0,-0.3678579,0.11679264903068542,0.7840796113014221,0.5961980819702148
YNL188W,YOL007C,0,-0.3680382,0.11677534133195877,0.7840796113014221,0.5962981581687927
YDR341C,YEL017C-A,0,-0.36811742,0.11675804108381271,0.7840796113014221,0.5963981747627258
YDR478W,YIR023W,0,-0.36829782,0.11674074083566666,0.7840796113014221,0.5964982509613037
YDR121W,YAL062W,0,-0.36832026,0.1167234480381012,0.7840796113014221,0.5965983271598816
YBL057C,YDR069C,0,-0.36852926,0.11670616269111633,0.7840796113014221,0.5966983437538147
YGL223C,YGL089C,0,-0.36855793,0.11668887734413147,0.7840796113014221,0.5967984199523926
YNL280C,YDR440W,0,-0.3687144,0.1166715994477272,0.7840796113014221,0.5968984365463257
YML091C,YPR032W,0,-0.3687424,0.11665432900190353,0.7840796113014221,0.5969985127449036
YBR240C,YJR145C,0,-0.36879322,0.11663706600666046,0.7840796113014221,0.5970985293388367
YDR107C,YPL160W,0,-0.3688247,0.11661980301141739,0.7840796113014221,0.5971986055374146
YFR003C,YGL205W,0,-0.3688307,0.11660254746675491,0.7840796113014221,0.5972986221313477
YCL066W,YPL204W,0,-0.36885035,0.11658529192209244,0.7840796113014221,0.5973986983299255
YLR370C,YDL099W,0,-0.36888748,0.11656804382801056,0.7840796113014221,0.5974987745285034
YBR198C,YJR033C,0,-0.36908132,0.11655080318450928,0.7840796113014221,0.5975987911224365
YBL075C,YER184C,0,-0.36913306,0.11653356999158859,0.7840796113014221,0.5976988673210144
YDR036C,YDL184C,0,-0.3691426,0.11651633679866791,0.7840796113014221,0.5977988839149475
YAL003W,YJL109C,0,-0.369147,0.11649911105632782,0.7840796113014221,0.5978989601135254
YJR075W,YJR058C,0,-0.3691795,0.11648189276456833,0.7840796113014221,0.5979989767074585
YBL017C,YJR135W-A,0,-0.3693043,0.11646467447280884,0.7840796113014221,0.5980990529060364
YBR156C,YLR403W,0,-0.36933374,0.11644746363162994,0.7840796113014221,0.5981991291046143
YDR046C,YER051W,0,-0.36942938,0.11643026024103165,0.7840796113014221,0.5982991456985474
YDR531W,YGR189C,0,-0.36953607,0.11641305685043335,0.7840796113014221,0.5983992218971252
YGR220C,YDR298C,0,-0.36954308,0.11639586091041565,0.7840796113014221,0.5984992384910583
YPL177C,YNR070W,0,-0.369605,0.11637867242097855,0.7840796113014221,0.5985993146896362
YMR006C,YPL149W,0,-0.36963782,0.11636149138212204,0.7840796113014221,0.5986993312835693
YLR008C,YMR043W,0,-0.36968789,0.11634431034326553,0.7840796113014221,0.5987994074821472
YGL021W,YGL157W,0,-0.36997974,0.11632713675498962,0.7840796113014221,0.5988994240760803
YAL010C,YDR251W,0,-0.3700028,0.11630996316671371,0.7840796113014221,0.5989995002746582
YER148W,YJR143C,0,-0.37001544,0.1162927970290184,0.7840796113014221,0.5990995764732361
YJL101C,YGR189C,0,-0.37025267,0.11627563834190369,0.7840796113014221,0.5991995930671692
YDR224C,YLR010C,0,-0.3703226,0.11625847965478897,0.7840796113014221,0.5992996692657471
YOR257W,YMR017W,0,-0.37032318,0.11624133586883545,0.7840796113014221,0.5993996858596802
YBR264C,YEL013W,0,-0.37053862,0.11622419208288193,0.7840796113014221,0.5994997620582581
YDL229W,YLR126C,0,-0.37070078,0.1162070482969284,0.7840796113014221,0.5995997786521912
YBR299W,YOL157C,0,-0.3709376,0.11618991196155548,0.7840796113014221,0.599699854850769
YOL139C,YLL050C,0,-0.3710523,0.11617278307676315,0.7840796113014221,0.5997998714447021
YER133W,YOR014W,1,-0.37111175,0.11630306392908096,0.7850746512413025,0.5997998714447021
YLR008C,YGL191W,0,-0.37114847,0.11628592759370804,0.7850746512413025,0.59989994764328
YJR016C,YOR151C,0,-0.37117052,0.11626879125833511,0.7850746512413025,0.6000000238418579
YDR531W,YOL152W,0,-0.37118968,0.11625165492296219,0.7850746512413025,0.600100040435791
YKR050W,YPR054W,0,-0.37128675,0.11623453348875046,0.7850746512413025,0.6002001166343689
YAR071W,YGL224C,1,-0.37141886,0.11636471003293991,0.7860696315765381,0.6002001166343689
YOR201C,YER051W,0,-0.37144625,0.11634756624698639,0.7860696315765381,0.600300133228302
YGR035C,YDL205C,0,-0.37147027,0.11633043736219406,0.7860696315765381,0.6004002094268799
YCR028C,YIR023W,0,-0.3716479,0.11631330847740173,0.7860696315765381,0.600500226020813
YJR010C-A,YHR147C,0,-0.37167573,0.11629618704319,0.7860696315765381,0.6006003022193909
YLR098C,YDR071C,0,-0.37186772,0.11627907305955887,0.7860696315765381,0.6007003784179688
YDR436W,YDL230W,1,-0.37202674,0.11640912294387817,0.7870646715164185,0.6007003784179688
YOL067C,YER086W,0,-0.37224013,0.11639199405908585,0.7870646715164185,0.6008003950119019
YNL046W,YAL062W,0,-0.37224305,0.11637487262487411,0.7870646715164185,0.6009004712104797
YBR093C,YCR079W,1,-0.37260523,0.11650485545396805,0.7880597114562988,0.6009004712104797
YOR384W,YJL125C,0,-0.37286305,0.11648771911859512,0.7880597114562988,0.6010004878044128
YJR010C-A,YDR503C,0,-0.37294334,0.1164705902338028,0.7880597114562988,0.6011005640029907
YMR056C,YGL249W,0,-0.37297007,0.11645346134901047,0.7880597114562988,0.6012005805969238
YDL007W,YGL031C,0,-0.37302923,0.11643633991479874,0.7880597114562988,0.6013006567955017
YDL024C,YLR433C,1,-0.3730337,0.11656621843576431,0.7890547513961792,0.6013006567955017
YLR373C,YDR033W,0,-0.37317902,0.11654908955097198,0.7890547513961792,0.6014006733894348
YGR062C,YOR270C,0,-0.373185,0.11653196066617966,0.7890547513961792,0.6015007495880127
YBR122C,YOR211C,0,-0.3733186,0.11651483923196793,0.7890547513961792,0.6016008257865906
YDR052C,YER088C,0,-0.37337476,0.11649772524833679,0.7890547513961792,0.6017008423805237
YOR391C,YGR158C,0,-0.37346765,0.11648061126470566,0.7890547513961792,0.6018009185791016
YJL133W,YCL050C,0,-0.37352276,0.11646350473165512,0.7890547513961792,0.6019009351730347
YDL114W,YEL064C,0,-0.37356454,0.11644640564918518,0.7890547513961792,0.6020010113716125
YJR158W,YLL050C,0,-0.3735855,0.11642930656671524,0.7890547513961792,0.6021010279655457
YML037C,YDR297W,0,-0.37359375,0.1164122149348259,0.7890547513961792,0.6022011041641235
YDR238C,YCR098C,0,-0.37364155,0.11639512330293655,0.7890547513961792,0.6023011803627014
YNL007C,YMR165C,0,-0.3737523,0.1163780465722084,0.7890547513961792,0.6024011969566345
YMR208W,YAL058W,0,-0.3737576,0.11636096984148026,0.7890547513961792,0.6025012731552124
YGL227W,YOR092W,0,-0.37392125,0.1163438931107521,0.7890547513961792,0.6026012897491455
YER007W,YPR122W,0,-0.37408257,0.11632683128118515,0.7890547513961792,0.6027013659477234
YBL106C,YPL153C,0,-0.37411934,0.1163097694516182,0.7890547513961792,0.6028013825416565
YKL116C,YNL135C,0,-0.3741514,0.11629271507263184,0.7890547513961792,0.6029014587402344
YDR495C,YPR041W,0,-0.37425125,0.11627566069364548,0.7890547513961792,0.6030014753341675
YNL293W,YAL008W,0,-0.3742998,0.11625861376523972,0.7890547513961792,0.6031015515327454
YML060W,YDR380W,0,-0.37430656,0.11624157428741455,0.7890547513961792,0.6032016277313232
YCR077C,YGL251C,0,-0.3743113,0.11622453480958939,0.7890547513961792,0.6033016443252563
YNL293W,YDR128W,0,-0.3744129,0.11620750278234482,0.7890547513961792,0.6034017205238342
YBR092C,YLR109W,0,-0.3746508,0.11619047820568085,0.7890547513961792,0.6035017371177673
YHR215W,YFR040W,1,-0.3748811,0.11631995439529419,0.7900497317314148,0.6035017371177673
YJR094W-A,YGR062C,0,-0.37490356,0.11630291491746902,0.7900497317314148,0.6036018133163452
YJL165C,YKR097W,0,-0.3749895,0.11628588289022446,0.7900497317314148,0.6037018299102783
YJR025C,YHR215W,0,-0.37509498,0.11626885086297989,0.7900497317314148,0.6038019061088562
YFR037C,YDL195W,0,-0.37522462,0.11625183373689651,0.7900497317314148,0.6039019227027893
YGR154C,YLR079W,0,-0.37525615,0.11623480916023254,0.7900497317314148,0.6040019989013672
YBR012W-A,YLR318W,0,-0.37537104,0.11621779948472977,0.7900497317314148,0.6041020750999451
YKR094C,YKR009C,0,-0.37537494,0.11620078980922699,0.7900497317314148,0.6042020916938782
YNL293W,YAL021C,0,-0.37537703,0.11618378758430481,0.7900497317314148,0.604302167892456
YBR058C,YDL109C,0,-0.3754036,0.11616678535938263,0.7900497317314148,0.6044021844863892
YAR015W,YPL068C,0,-0.37545902,0.11614979803562164,0.7900497317314148,0.604502260684967
YDR239C,YKL198C,0,-0.37550166,0.11613280326128006,0.7900497317314148,0.6046022772789001
YGR156W,YKL116C,0,-0.37556422,0.11611582338809967,0.7900497317314148,0.604702353477478
YGL136C,YBR299W,0,-0.37560987,0.11609884351491928,0.7900497317314148,0.6048024296760559
YLR158C,YPL026C,0,-0.3756464,0.11608187109231949,0.7900497317314148,0.604902446269989
YDR065W,YJL056C,0,-0.37580815,0.11606490612030029,0.7900497317314148,0.6050025224685669
YDR253C,YJL056C,0,-0.37590706,0.1160479411482811,0.7900497317314148,0.6051025390625
YLR381W,YAL058W,0,-0.37596554,0.1160309836268425,0.7900497317314148,0.6052026152610779
YLR427W,YER030W,0,-0.37604362,0.1160140261054039,0.7900497317314148,0.605302631855011
YMR314W,YPL026C,0,-0.37612593,0.1159970760345459,0.7900497317314148,0.6054027080535889
YDR139C,YHR011W,0,-0.37613285,0.1159801334142685,0.7900497317314148,0.605502724647522
YDR022C,YCR020C,0,-0.37640998,0.11596319824457169,0.7900497317314148,0.6056028008460999
YJL108C,YOR233W,0,-0.37650263,0.11594626307487488,0.7900497317314148,0.6057028770446777
YFR032C-A,YMR314W,0,-0.3765034,0.11592933535575867,0.7900497317314148,0.6058028936386108
YKL059C,YLR176C,0,-0.37657663,0.11591240763664246,0.7900497317314148,0.6059029698371887
YLR078C,YLR176C,0,-0.37664855,0.11589548736810684,0.7900497317314148,0.6060029864311218
YNL128W,YML100W,1,-0.37696466,0.11602451652288437,0.7910447716712952,0.6060029864311218
YDR334W,YOR233W,0,-0.37701494,0.11600758880376816,0.7910447716712952,0.6061030626296997
YOR373W,YLR109W,0,-0.37719572,0.11599066108465195,0.7910447716712952,0.6062030792236328
YBR022W,YHR117W,0,-0.37774733,0.11597374081611633,0.7910447716712952,0.6063031554222107
YKL034W,YPL172C,0,-0.37789273,0.11595682799816132,0.7910447716712952,0.6064031720161438
YHR153C,YGL222C,0,-0.3779598,0.1159399151802063,0.7910447716712952,0.6065032482147217
YJR098C,YGR156W,0,-0.37807116,0.11592300981283188,0.7910447716712952,0.6066033244132996
YGR123C,YLR139C,0,-0.378339,0.11590611189603806,0.7910447716712952,0.6067033410072327
YGR292W,YLR306W,0,-0.3784346,0.11588921397924423,0.7910447716712952,0.6068034172058105
YLR283W,YPR028W,0,-0.37851965,0.115872323513031,0.7910447716712952,0.6069034337997437
YHR044C,YMR261C,1,-0.37855035,0.11600116640329361,0.7920398116111755,0.6069034337997437
YNR016C,YLR327C,0,-0.37859946,0.11598426103591919,0.7920398116111755,0.6070035099983215
YNL032W,YOL065C,1,-0.37861124,0.11611305177211761,0.7930348515510559,0.6070035099983215
YHR010W,YOR014W,0,-0.3787037,0.1160961389541626,0.7930348515510559,0.6071035265922546
YJL080C,YDR044W,0,-0.378707,0.11607923358678818,0.7930348515510559,0.6072036027908325
YDL143W,YNL166C,0,-0.378736,0.11606232821941376,0.7930348515510559,0.6073036789894104
YKR062W,YOR221C,0,-0.37881175,0.11604543030261993,0.7930348515510559,0.6074036955833435
YBR289W,YKR048C,0,-0.3789323,0.11602853238582611,0.7930348515510559,0.6075037717819214
YNL227C,YPR096C,0,-0.37897712,0.11601164191961288,0.7930348515510559,0.6076037883758545
YBR092C,YIL113W,1,-0.37916556,0.11614029854536057,0.7940298318862915,0.6076037883758545
YPR070W,YGL106W,0,-0.37918428,0.11612340062856674,0.7940298318862915,0.6077038645744324
YDR074W,YGL229C,1,-0.37924182,0.11625199764966965,0.7950248718261719,0.6077038645744324
YAL041W,YML042W,0,-0.37927368,0.11623509228229523,0.7950248718261719,0.6078038811683655
YML104C,YPL149W,0,-0.37939313,0.11621817946434021,0.7950248718261719,0.6079039573669434
YDL129W,YMR130W,0,-0.37941024,0.11620128154754639,0.7950248718261719,0.6080039739608765
YGR241C,YOR332W,0,-0.3794977,0.11618438363075256,0.7950248718261719,0.6081040501594543
YDL210W,YLR139C,0,-0.37957636,0.11616749316453934,0.7950248718261719,0.6082041263580322
YML091C,YLL022C,0,-0.3798955,0.11615060269832611,0.7950248718261719,0.6083041429519653
YPL051W,YDL101C,0,-0.3800956,0.11613371968269348,0.7950248718261719,0.6084042191505432
YMR037C,YGR061C,0,-0.3801832,0.11611684411764145,0.7950248718261719,0.6085042357444763
YML027W,YER173W,0,-0.38027304,0.11609996855258942,0.7950248718261719,0.6086043119430542
YJR145C,YIR015W,0,-0.380315,0.11608310043811798,0.7950248718261719,0.6087043285369873
YCL061C,YOL056W,0,-0.380355,0.11606623977422714,0.7950248718261719,0.6088044047355652
YML027W,YGR188C,0,-0.38038677,0.1160493791103363,0.7950248718261719,0.6089044809341431
YJL153C,YJR134C,0,-0.38043588,0.11603253334760666,0.7950248718261719,0.6090044975280762
YAL021C,YDL146W,0,-0.3804558,0.11601568013429642,0.7950248718261719,0.609104573726654
YOL072W,YKR050W,0,-0.38054806,0.11599884182214737,0.7950248718261719,0.6092045903205872
YNL330C,YDR362C,0,-0.38058695,0.11598200350999832,0.7950248718261719,0.609304666519165
YPL269W,YMR184W,0,-0.3806957,0.11596516519784927,0.7950248718261719,0.6094046831130981
YDR238C,YGL059W,0,-0.38074455,0.11594834178686142,0.7950248718261719,0.609504759311676
YPL022W,YDR014W,0,-0.38094613,0.11593151837587357,0.7950248718261719,0.6096047759056091
YBR092C,YLR410W,1,-0.38097787,0.11605977267026901,0.7960199117660522,0.6096047759056091
YML074C,YLR158C,0,-0.38108805,0.11604293435811996,0.7960199117660522,0.609704852104187
YAL043C,YMR051C,0,-0.38132942,0.11602610349655151,0.7960199117660522,0.6098049283027649
YPL060W,YDR228C,0,-0.38134167,0.11600928008556366,0.7960199117660522,0.609904944896698
YOL117W,YOR374W,0,-0.38139033,0.1159924641251564,0.7960199117660522,0.6100050210952759
YAL003W,YJL189W,0,-0.3815495,0.11597564816474915,0.7960199117660522,0.610105037689209
YHL024W,YDL109C,0,-0.38166043,0.11595883220434189,0.7960199117660522,0.6102051138877869
YOR076C,YOR067C,0,-0.38167208,0.11594203114509583,0.7960199117660522,0.61030513048172
YHR161C,YDR116C,0,-0.3816908,0.11592523008584976,0.7960199117660522,0.6104052066802979
YNL010W,YBR126C,1,-0.38178685,0.11605332046747208,0.7970149517059326,0.6104052066802979
YJR110W,YOL100W,0,-0.38179177,0.11603650450706482,0.7970149517059326,0.610505223274231
YGL135W,YOR124C,0,-0.38182813,0.11601969599723816,0.7970149517059326,0.6106052994728088
YGL135W,YDR322W,0,-0.3818583,0.1160028949379921,0.7970149517059326,0.6107053756713867
YMR122W-A,YGR200C,0,-0.38196182,0.11598610132932663,0.7970149517059326,0.6108053922653198
YDR315C,YMR150C,0,-0.38197097,0.11596930772066116,0.7970149517059326,0.6109054684638977
YIR014W,YHR143W,0,-0.3820294,0.1159525215625763,0.7970149517059326,0.6110054850578308
YGR220C,YBL020W,0,-0.38203865,0.11593573540449142,0.7970149517059326,0.6111055612564087
YOR315W,YBL069W,0,-0.38214603,0.11591895669698715,0.7970149517059326,0.6112055778503418
YGR292W,YDR134C,0,-0.38218987,0.11590218544006348,0.7970149517059326,0.6113056540489197
YDL188C,YOR109W,1,-0.3824306,0.11603008955717087,0.7980099320411682,0.6113056540489197
YHR046C,YLR287C-A,0,-0.38244724,0.1160133108496666,0.7980099320411682,0.6114057302474976
YBR092C,YLR079W,0,-0.38250983,0.11599653214216232,0.7980099320411682,0.6115057468414307
YER075C,YKR053C,1,-0.38254803,0.11612436920404434,0.7990049719810486,0.6115057468414307
YKR059W,YDR393W,0,-0.38260406,0.11610757559537888,0.7990049719810486,0.6116058230400085
YHR089C,YKR009C,0,-0.3827583,0.116090789437294,0.7990049719810486,0.6117058396339417
YMR306W,YGL084C,0,-0.3830582,0.11607401072978973,0.7990049719810486,0.6118059158325195
YDR495C,YOR061W,0,-0.38312972,0.11605723202228546,0.7990049719810486,0.6119059324264526
YGR101W,YAL012W,0,-0.3832501,0.11604046076536179,0.7990049719810486,0.6120060086250305
YMR142C,YDR252W,0,-0.38333216,0.11602369695901871,0.7990049719810486,0.6121060252189636
YCL063W,YMR045C,0,-0.38335967,0.11600693315267563,0.7990049719810486,0.6122061014175415
YBR022W,YIL160C,0,-0.3834405,0.11599017679691315,0.7990049719810486,0.6123061776161194
YLR126C,YHL047C,0,-0.3837449,0.11597342789173126,0.7990049719810486,0.6124061942100525
YBR286W,YPR102C,0,-0.383772,0.11595667898654938,0.7990049719810486,0.6125062704086304
YKL140W,YBL082C,0,-0.38379398,0.11593993753194809,0.7990049719810486,0.6126062870025635
YHR143W,YOR096W,0,-0.38386562,0.1159231960773468,0.7990049719810486,0.6127063632011414
YHR046C,YBL060W,0,-0.3840205,0.11590646952390671,0.7990049719810486,0.6128063797950745
YPR048W,YKL024C,0,-0.38412577,0.11588973551988602,0.7990049719810486,0.6129064559936523
YLL062C,YLR441C,0,-0.3842743,0.11587301641702652,0.7990049719810486,0.6130065321922302
YDR363W-A,YPR166C,0,-0.38440892,0.11585629731416702,0.7990049719810486,0.6131065487861633
YDR011W,YGL123W,0,-0.38450235,0.11583958566188812,0.7990049719810486,0.6132066249847412
YPL074W,YDL130W-A,0,-0.38456234,0.11582287400960922,0.7990049719810486,0.6133066415786743
YIR026C,YLR433C,1,-0.3846179,0.11595039069652557,0.800000011920929,0.6133066415786743
YBR048W,YMR312W,0,-0.38478598,0.11593367159366608,0.800000011920929,0.6134067177772522
YDR224C,YER020W,0,-0.38486862,0.11591695249080658,0.800000011920929,0.6135067343711853
YIL070C,YFR003C,0,-0.3848811,0.11590024828910828,0.800000011920929,0.6136068105697632
YNL039W,YNR022C,0,-0.38497975,0.11588353663682938,0.800000011920929,0.6137068271636963
YJR066W,YHR160C,0,-0.38498235,0.11586683988571167,0.800000011920929,0.6138069033622742
YAR018C,YDR047W,0,-0.38508192,0.11585014313459396,0.800000011920929,0.613906979560852
YPL226W,YDR523C,0,-0.38523394,0.11583345383405685,0.800000011920929,0.6140069961547852
YOL156W,YOR221C,0,-0.3852433,0.11581676453351974,0.800000011920929,0.614107072353363
YDR130C,YLR176C,0,-0.38530308,0.11580009013414383,0.800000011920929,0.6142070889472961
YAL013W,YHL036W,0,-0.38531473,0.11578340828418732,0.800000011920929,0.614307165145874
YGR263C,YIR015W,0,-0.38537675,0.115766741335392,0.800000011920929,0.6144071817398071
YIL051C,YIL138C,0,-0.38541457,0.11575007438659668,0.800000011920929,0.614507257938385
YJL108C,YML088W,0,-0.38541758,0.11573340743780136,0.800000011920929,0.6146072745323181
YKL178C,YDR069C,0,-0.38557595,0.11571675539016724,0.800000011920929,0.614707350730896
YIL034C,YLR385C,0,-0.38570166,0.11570010334253311,0.800000011920929,0.6148074269294739
YOR208W,YOL065C,1,-0.38571233,0.11582733690738678,0.8009950518608093,0.6148074269294739
YLR345W,YAL009W,1,-0.3857448,0.11595454066991806,0.8019900321960449,0.6148074269294739
YBL075C,YLR446W,0,-0.3859812,0.11593785881996155,0.8019900321960449,0.614907443523407
YOR124C,YOR288C,0,-0.38608927,0.11592118442058563,0.8019900321960449,0.6150075197219849
YPL051W,YLR192C,0,-0.3862309,0.11590451747179031,0.8019900321960449,0.615107536315918
YOR224C,YDL205C,0,-0.38636103,0.115887850522995,0.8019900321960449,0.6152076125144958
YPL281C,YHR064C,0,-0.38639355,0.11587119102478027,0.8019900321960449,0.615307629108429
YJR033C,YPR021C,0,-0.38640484,0.11585453152656555,0.8019900321960449,0.6154077053070068
YJL106W,YDR118W,0,-0.38659513,0.11583788692951202,0.8019900321960449,0.6155077815055847
YML129C,YOL125W,0,-0.38662702,0.1158212423324585,0.8019900321960449,0.6156077980995178
YCR020C,YJL148W,0,-0.38665685,0.11580459773540497,0.8019900321960449,0.6157078742980957
YDR424C,YMR012W,0,-0.3866845,0.11578796058893204,0.8019900321960449,0.6158078908920288
YGR274C,YPR096C,0,-0.38674787,0.1157713308930397,0.8019900321960449,0.6159079670906067
YPR132W,YJL121C,0,-0.38686767,0.11575470119714737,0.8019900321960449,0.6160079836845398
YPL174C,YMR208W,0,-0.38689947,0.11573807895183563,0.8019900321960449,0.6161080598831177
YBL054W,YPL143W,0,-0.38697714,0.11572146415710449,0.8019900321960449,0.6162080764770508
YKR104W,YDR393W,0,-0.38702253,0.11570484936237335,0.8019900321960449,0.6163081526756287
YER020W,YML087C,0,-0.3871187,0.11568824201822281,0.8019900321960449,0.6164082288742065
YDL137W,YLR448W,0,-0.38733938,0.11567164212465286,0.8019900321960449,0.6165082454681396
YBR093C,YOR014W,1,-0.38739958,0.11579853296279907,0.8029850721359253,0.6165082454681396
YJL198W,YDR447C,0,-0.38741168,0.11578192561864853,0.8029850721359253,0.6166083216667175
YMR130W,YLR099C,0,-0.38755283,0.11576531082391739,0.8029850721359253,0.6167083382606506
YJR065C,YCR075C,0,-0.3876626,0.11574871093034744,0.8029850721359253,0.6168084144592285
YKL156W,YDL082W,0,-0.38780832,0.1157321110367775,0.8029850721359253,0.6169084310531616
YNL112W,YKR058W,0,-0.38781562,0.11571551114320755,0.8029850721359253,0.6170085072517395
YPL031C,YMR071C,0,-0.387904,0.1156989261507988,0.8029850721359253,0.6171085834503174
YDR531W,YOR306C,0,-0.38799432,0.11568234115839005,0.8029850721359253,0.6172086000442505
YOR201C,YMR217W,0,-0.38836366,0.11566575616598129,0.8029850721359253,0.6173086762428284
YDR013W,YBL021C,0,-0.38842764,0.11564918607473373,0.8029850721359253,0.6174086928367615
YGL232W,YLR099C,0,-0.38846737,0.11563260853290558,0.8029850721359253,0.6175087690353394
YDR265W,YHL047C,0,-0.3885859,0.11561604589223862,0.8029850721359253,0.6176087856292725
YOR179C,YDL101C,0,-0.38861972,0.11559948325157166,0.8029850721359253,0.6177088618278503
YDL231C,YBR245C,0,-0.38863456,0.11558292806148529,0.8029850721359253,0.6178088784217834
YML034W,YKL173W,0,-0.38864505,0.11556637287139893,0.8029850721359253,0.6179089546203613
YLR266C,YLR188W,0,-0.38891083,0.11554982513189316,0.8029850721359253,0.6180090308189392
YNL128W,YHR004C,1,-0.3889547,0.11567644774913788,0.8039801120758057,0.6180090308189392
YMR051C,YOR014W,0,-0.38912427,0.11565989255905151,0.8039801120758057,0.6181090474128723
YML116W,YPL103C,0,-0.38941264,0.11564333736896515,0.8039801120758057,0.6182091236114502
YJL153C,YGR002C,0,-0.38942224,0.11562678962945938,0.8039801120758057,0.6183091402053833
YOR257W,YDL030W,0,-0.38942993,0.11561024188995361,0.8039801120758057,0.6184092164039612
YLR370C,YMR292W,0,-0.38947424,0.11559370160102844,0.8039801120758057,0.6185092329978943
YDR086C,YJR089W,0,-0.38958365,0.11557716876268387,0.8039801120758057,0.6186093091964722
YBL078C,YLR238W,0,-0.38958412,0.11556064337491989,0.8039801120758057,0.6187093257904053
YMR312W,YBL023C,0,-0.38966948,0.11554411798715591,0.8039801120758057,0.6188094019889832
YMR264W,YNL325C,0,-0.38973105,0.11552759259939194,0.8039801120758057,0.618909478187561
YBR092C,YPR122W,0,-0.3899629,0.11551108211278915,0.8039801120758057,0.6190094947814941
YOR096W,YLR414C,0,-0.38998792,0.11549457162618637,0.8039801120758057,0.619109570980072
YMR130W,YMR312W,0,-0.38999134,0.11547806113958359,0.8039801120758057,0.6192095875740051
YBR205W,YCL027W,0,-0.3899933,0.1154615581035614,0.8039801120758057,0.619309663772583
YKL190W,YLR019W,1,-0.39002922,0.11558794230222702,0.804975152015686,0.619309663772583
YGR123C,YJR068W,0,-0.39060783,0.11557143181562424,0.804975152015686,0.6194096803665161
YFL047W,YHR023W,0,-0.3906124,0.11555492132902145,0.804975152015686,0.619509756565094
YML085C,YOL056W,0,-0.39063823,0.11553841829299927,0.804975152015686,0.6196098327636719
YOR092W,YOR246C,0,-0.3906545,0.11552192270755768,0.804975152015686,0.619709849357605
YMR165C,YML016C,1,-0.39070553,0.11564820259809494,0.8059701323509216,0.619709849357605
YBR214W,YDR320C,0,-0.39082122,0.11563169211149216,0.8059701323509216,0.6198099255561829
YDR013W,YJL190C,0,-0.39094716,0.11561518907546997,0.8059701323509216,0.619909942150116
YOR315W,YPL143W,0,-0.39111426,0.11559868603944778,0.8059701323509216,0.6200100183486938
YJR158W,YHR215W,0,-0.39121193,0.1155821904540062,0.8059701323509216,0.620110034942627
YJL033W,YLR441C,0,-0.39139897,0.1155657023191452,0.8059701323509216,0.6202101111412048
YOR131C,YNL099C,1,-0.3914323,0.11569187045097351,0.806965172290802,0.6202101111412048
YJL153C,YGR037C,0,-0.3914574,0.11567536741495132,0.806965172290802,0.6203101277351379
YKR090W,YOL140W,0,-0.39149413,0.11565887182950974,0.806965172290802,0.6204102039337158
YJR068W,YDR486C,0,-0.39162344,0.11564237624406815,0.806965172290802,0.6205102801322937
YKL212W,YMR277W,1,-0.39164948,0.11576846241950989,0.8079602122306824,0.6205102801322937
YAR019C,YHR070W,0,-0.39175916,0.1157519593834877,0.8079602122306824,0.6206102967262268
YGL206C,YBR159W,0,-0.3917796,0.11573546379804611,0.8079602122306824,0.6207103729248047
YER174C,YBL037W,0,-0.39190364,0.11571896821260452,0.8079602122306824,0.6208103895187378
YDR075W,YMR087W,1,-0.39196667,0.1158449724316597,0.8089552521705627,0.6208103895187378
YBR123C,YML034W,0,-0.3920369,0.11582846194505692,0.8089552521705627,0.6209104657173157
YBR296C,YBR175W,0,-0.39204004,0.11581196635961533,0.8089552521705627,0.6210104823112488
YMR235C,YDR483W,0,-0.39206865,0.11579547077417374,0.8089552521705627,0.6211105585098267
YIR014W,YLR448W,0,-0.3923052,0.11577898263931274,0.8089552521705627,0.6212106347084045
YDR532C,YMR122W-A,0,-0.3923666,0.11576249450445175,0.8089552521705627,0.6213106513023376
YBL017C,YER106W,0,-0.39244616,0.11574601382017136,0.8089552521705627,0.6214107275009155
YOR181W,YBL054W,0,-0.39246637,0.11572954058647156,0.8089552521705627,0.6215107440948486
YMR290C,YBL010C,0,-0.39251262,0.11571306735277176,0.8089552521705627,0.6216108202934265
YMR023C,YPR021C,0,-0.39258257,0.11569660156965256,0.8089552521705627,0.6217108368873596
YHR013C,YGR061C,0,-0.3927425,0.11568013578653336,0.8089552521705627,0.6218109130859375
YDL051W,YGR223C,0,-0.39285687,0.11566367745399475,0.8089552521705627,0.6219109296798706
YML115C,YCL066W,0,-0.39292735,0.11564722657203674,0.8089552521705627,0.6220110058784485
YJR065C,YLR246W,0,-0.39302453,0.11563077569007874,0.8089552521705627,0.6221110820770264
YNL001W,YKL108W,0,-0.39303088,0.11561433225870132,0.8089552521705627,0.6222110986709595
YPR048W,YPL144W,0,-0.39308125,0.11559789627790451,0.8089552521705627,0.6223111748695374
YOR224C,YBL069W,0,-0.3932709,0.1155814602971077,0.8089552521705627,0.6224111914634705
YHL040C,YDR402C,0,-0.39336807,0.11556503176689148,0.8089552521705627,0.6225112676620483
YBR022W,YML016C,1,-0.39341608,0.11569073051214218,0.8099502325057983,0.6225112676620483
YML043C,YLR381W,0,-0.39342338,0.11567429453134537,0.8099502325057983,0.6226112842559814
YFL041W,YJR022W,0,-0.39345226,0.11565785855054855,0.8099502325057983,0.6227113604545593
YNL331C,YDL110C,0,-0.39347425,0.11564143002033234,0.8099502325057983,0.6228113770484924
YML040W,YPL174C,0,-0.39355975,0.11562500149011612,0.8099502325057983,0.6229114532470703
YJR025C,YJR094W-A,0,-0.39360753,0.1156085804104805,0.8099502325057983,0.6230115294456482
YMR235C,YDR169C,0,-0.393752,0.11559215933084488,0.8099502325057983,0.6231115460395813
YER087C-A,YPR054W,0,-0.39382756,0.11557574570178986,0.8099502325057983,0.6232116222381592
YDR363W-A,YJL097W,0,-0.39400622,0.11555933952331543,0.8099502325057983,0.6233116388320923
YBR240C,YNR022C,0,-0.39408898,0.1155429407954216,0.8099502325057983,0.6234117150306702
YHR140W,YKL034W,0,-0.39434096,0.11552654206752777,0.8099502325057983,0.6235117316246033
YJR097W,YMR109W,0,-0.39457718,0.11551014333963394,0.8099502325057983,0.6236118078231812
YLR364W,YKL056C,0,-0.394834,0.1154937595129013,0.8099502325057983,0.623711884021759
YLR370C,YBR251W,0,-0.3949223,0.11547737568616867,0.8099502325057983,0.6238119006156921
YLL050C,YOR391C,0,-0.3949802,0.11546099185943604,0.8099502325057983,0.62391197681427
YLR192C,YLR276C,0,-0.39504692,0.115444615483284,0.8099502325057983,0.6240119934082031
YKL034W,YAL062W,0,-0.39505488,0.11542824655771255,0.8099502325057983,0.624112069606781
YNL049C,YJR022W,0,-0.39509243,0.11541188508272171,0.8099502325057983,0.6242120862007141
YKL089W,YOR043W,0,-0.3952153,0.11539552360773087,0.8099502325057983,0.624312162399292
YMR165C,YOL064C,1,-0.39564815,0.1155209094285965,0.8109452724456787,0.624312162399292
YDR363W-A,YFR008W,0,-0.39588943,0.11550453305244446,0.8109452724456787,0.6244121789932251
YML095C,YDR534C,0,-0.39597046,0.11548816412687302,0.8109452724456787,0.624512255191803
YBR036C,YBR156C,0,-0.39605337,0.11547180265188217,0.8109452724456787,0.6246123313903809
YLR450W,YPR032W,0,-0.39606863,0.11545544862747192,0.8109452724456787,0.624712347984314
YJR045C,YJR135W-A,0,-0.39611155,0.11543909460306168,0.8109452724456787,0.6248124241828918
YMR036C,YLR186W,0,-0.39615315,0.11542274802923203,0.8109452724456787,0.624912440776825
YHR046C,YFR040W,1,-0.3962471,0.11554799973964691,0.8119403123855591,0.624912440776825
YBR205W,YHL024W,0,-0.3963701,0.11553164571523666,0.8119403123855591,0.6250125169754028
YER061C,YLR286C,0,-0.39640895,0.11551529169082642,0.8119403123855591,0.6251125335693359
YHR081W,YML081C-A,0,-0.3964287,0.11549893766641617,0.8119403123855591,0.6252126097679138
YBR299W,YKL195W,0,-0.39659697,0.11548259109258652,0.8119403123855591,0.6253126859664917
YOL156W,YLR438C-A,0,-0.39665246,0.11546625196933746,0.8119403123855591,0.6254127025604248
YGL229C,YHR023W,0,-0.39679784,0.11544991284608841,0.8119403123855591,0.6255127787590027
YGR058W,YGR241C,0,-0.39680576,0.11543358117341995,0.8119403123855591,0.6256127953529358
YKL108W,YOR242C,0,-0.3968596,0.11541725695133209,0.8119403123855591,0.6257128715515137
YHR117W,YDR393W,0,-0.39691502,0.11540093272924423,0.8119403123855591,0.6258128881454468
YMR023C,YMR312W,0,-0.39700097,0.11538461595773697,0.8119403123855591,0.6259129643440247
YJR110W,YIL026C,0,-0.397025,0.1153682991862297,0.8119403123855591,0.6260129809379578
YMR297W,YNR040W,0,-0.39707762,0.11535198986530304,0.8119403123855591,0.6261130571365356
YCL055W,YBL061C,0,-0.39720404,0.11533568799495697,0.8119403123855591,0.6262131333351135
YHL044W,YBR273C,0,-0.39725158,0.1153193861246109,0.8119403123855591,0.6263131499290466
YIL009C-A,YPL111W,0,-0.39730573,0.11530309170484543,0.8119403123855591,0.6264132261276245
YOR090C,YIL113W,1,-0.39753652,0.11542809009552002,0.8129353523254395,0.6264132261276245
YCR020C,YML095C,0,-0.39755994,0.11541178077459335,0.8129353523254395,0.6265132427215576
YOR391C,YOR242C,0,-0.3976975,0.11539547890424728,0.8129353523254395,0.6266133189201355
YDR536W,YKR009C,0,-0.39772642,0.11537918448448181,0.8129353523254395,0.6267133355140686
YLR096W,YHR184W,0,-0.39779854,0.11536289006471634,0.8129353523254395,0.6268134117126465
YDL188C,YJL155C,1,-0.39784765,0.11548778414726257,0.813930332660675,0.6268134117126465
YGR162W,YOR211C,0,-0.3981415,0.1154714822769165,0.813930332660675,0.6269134283065796
YOR278W,YPR178W,0,-0.39826587,0.11545518785715103,0.813930332660675,0.6270135045051575
YIL109C,YDR440W,0,-0.3982991,0.11543889343738556,0.813930332660675,0.6271135807037354
YMR098C,YIR002C,0,-0.3983594,0.11542260646820068,0.813930332660675,0.6272135972976685
YER029C,YNR022C,0,-0.3984167,0.11540631949901581,0.813930332660675,0.6273136734962463
YLR204W,YPL074W,0,-0.3986326,0.11539003998041153,0.813930332660675,0.6274136900901794
YJR145C,YPR049C,0,-0.39871526,0.11537376791238785,0.813930332660675,0.6275137662887573
YMR307W,YGL039W,0,-0.39873123,0.11535749584436417,0.813930332660675,0.6276137828826904
YNR020C,YHR184W,0,-0.39882344,0.11534123122692108,0.813930332660675,0.6277138590812683
YOR037W,YJL097W,0,-0.39893103,0.115324966609478,0.813930332660675,0.6278139352798462
YLR204W,YKL109W,0,-0.39893776,0.11530870944261551,0.813930332660675,0.6279139518737793
YLL038C,YCR053W,0,-0.39896262,0.11529245972633362,0.813930332660675,0.6280140280723572
YDR134C,YNL012W,0,-0.39907813,0.11527621001005173,0.813930332660675,0.6281140446662903
YGR234W,YDR443C,0,-0.3991992,0.11525996774435043,0.813930332660675,0.6282141208648682
YMR256C,YGR123C,0,-0.39933896,0.11524373292922974,0.813930332660675,0.6283141374588013
YJL143W,YDR534C,0,-0.3993612,0.11522749811410904,0.813930332660675,0.6284142136573792
YMR257C,YDR038C,0,-0.3994026,0.11521127074956894,0.813930332660675,0.6285142302513123
YHR013C,YCR053W,0,-0.39949965,0.11519504338502884,0.813930332660675,0.6286143064498901
YBR286W,YNL210W,0,-0.3996193,0.11517882347106934,0.813930332660675,0.628714382648468
YHR140W,YLR381W,0,-0.399636,0.11516261100769043,0.813930332660675,0.6288143992424011
YOR315W,YER007W,0,-0.39965674,0.11514639854431152,0.813930332660675,0.628914475440979
YMR130W,YFR028C,1,-0.39973432,0.1152709349989891,0.8149253726005554,0.628914475440979
YGL223C,YBR009C,0,-0.3999641,0.1152547150850296,0.8149253726005554,0.6290144920349121
YJR135C,YOL056W,0,-0.40004146,0.1152384951710701,0.8149253726005554,0.62911456823349
YDL229W,YJL044C,0,-0.40008914,0.11522228270769119,0.8149253726005554,0.6292145848274231
YDR347W,YER048W-A,0,-0.40013623,0.11520607769489288,0.8149253726005554,0.629314661026001
YER140W,YDR376W,0,-0.40032324,0.11518987268209457,0.8149253726005554,0.6294146776199341
YJR135C,YMR109W,0,-0.40035143,0.11517367511987686,0.8149253726005554,0.629514753818512
YJL164C,YOR228C,0,-0.40039617,0.11515747755765915,0.8149253726005554,0.6296148300170898
YGL141W,YOR150W,0,-0.40045947,0.11514128744602203,0.8149253726005554,0.629714846611023
YCR009C,YDL130W-A,0,-0.40046224,0.11512510478496552,0.8149253726005554,0.6298149228096008
YLR438C-A,YOR044W,0,-0.4005617,0.115108922123909,0.8149253726005554,0.6299149394035339
YNL331C,YIL171W,0,-0.40064508,0.11509274691343307,0.8149253726005554,0.6300150156021118
YOR386W,YDL184C,0,-0.40069842,0.11507657915353775,0.8149253726005554,0.6301150321960449
YPL144W,YDL099W,0,-0.40072706,0.11506041139364243,0.8149253726005554,0.6302151083946228
YBL057C,YML095C,0,-0.4007349,0.1150442510843277,0.8149253726005554,0.6303151845932007
YGR295C,YNL339C,0,-0.40074694,0.11502809077501297,0.8149253726005554,0.6304152011871338
YCR096C,YMR098C,0,-0.40077433,0.11501193791627884,0.8149253726005554,0.6305152773857117
YGL136C,YJR065C,0,-0.40084264,0.11499578505754471,0.8149253726005554,0.6306152939796448
YMR088C,YBR012W-B,0,-0.40089238,0.11497964709997177,0.8149253726005554,0.6307153701782227
YMR290C,YOL133W,0,-0.4009053,0.11496350169181824,0.8149253726005554,0.6308153867721558
YML113W,YNL158W,0,-0.40092546,0.1149473711848259,0.8149253726005554,0.6309154629707336
YMR130W,YMR087W,1,-0.4010849,0.11507157236337662,0.8159204125404358,0.6309154629707336
YOR179C,YLR265C,0,-0.40113476,0.11505541950464249,0.8159204125404358,0.6310154795646667
YLR266C,YHR070W,0,-0.40149933,0.11503928154706955,0.8159204125404358,0.6311155557632446
YOL067C,YNL291C,0,-0.40155733,0.11502314358949661,0.8159204125404358,0.6312156319618225
YMR094W,YKL179C,0,-0.40158564,0.11500701308250427,0.8159204125404358,0.6313156485557556
YML124C,YNL091W,0,-0.40160924,0.11499088257551193,0.8159204125404358,0.6314157247543335
YJL129C,YDL110C,0,-0.40170562,0.11497475951910019,0.8159204125404358,0.6315157413482666
YJR098C,YJR075W,0,-0.4017565,0.11495864391326904,0.8159204125404358,0.6316158175468445
YDL138W,YCR004C,0,-0.40186238,0.1149425283074379,0.8159204125404358,0.6317158341407776
YML106W,YCL027W,0,-0.40196985,0.11492642015218735,0.8159204125404358,0.6318159103393555
YFL029C,YPL186C,0,-0.40224552,0.1149103119969368,0.8159204125404358,0.6319159865379333
YMR235C,YLR127C,0,-0.40232635,0.11489421129226685,0.8159204125404358,0.6320160031318665
YDR088C,YLR014C,0,-0.40233865,0.11487811803817749,0.8159204125404358,0.6321160793304443
YAR015W,YPL160W,0,-0.40251452,0.11486202478408813,0.8159204125404358,0.6322160959243774
YLL062C,YLR096W,0,-0.4025353,0.11484593898057938,0.8159204125404358,0.6323161721229553
YBL037W,YNL012W,0,-0.40260783,0.11482985317707062,0.8159204125404358,0.6324161887168884
YML129C,YJL170C,0,-0.40286455,0.11481377482414246,0.8159204125404358,0.6325162649154663
YLR371W,YJL136C,0,-0.4028681,0.11479770392179489,0.8159204125404358,0.6326162815093994
YOR131C,YNL010W,1,-0.40288013,0.11492161452770233,0.8169154524803162,0.6326162815093994
YML034W,YOR373W,0,-0.40297702,0.11490552872419357,0.8169154524803162,0.6327163577079773
YBR158W,YJL109C,0,-0.40315074,0.11488945037126541,0.8169154524803162,0.6328164339065552
YMR257C,YMR285C,0,-0.40324178,0.11487337201833725,0.8169154524803162,0.6329164505004883
YAR071W,YOR155C,1,-0.40324506,0.11499720066785812,0.8179104328155518,0.6329164505004883
YOR039W,YKR104W,0,-0.40333533,0.11498111486434937,0.8179104328155518,0.6330165266990662
YER083C,YNL339C,0,-0.4035565,0.1149650365114212,0.8179104328155518,0.6331165432929993
YDL141W,YJR016C,0,-0.40360445,0.11494895815849304,0.8179104328155518,0.6332166194915771
YDR436W,YLR377C,1,-0.40392858,0.11507270485162735,0.8189054727554321,0.6332166194915771
YJR075W,YDR014W,0,-0.40401632,0.11505661904811859,0.8189054727554321,0.6333166360855103
YGR086C,YOR369C,0,-0.40403268,0.11504053324460983,0.8189054727554321,0.6334167122840881
YGL206C,YPL111W,0,-0.4042587,0.11502445489168167,0.8189054727554321,0.6335167288780212
YCL075W,YBL074C,0,-0.40456802,0.1150083839893341,0.8189054727554321,0.6336168050765991
YDL164C,YKL154W,0,-0.40460336,0.11499231308698654,0.8189054727554321,0.633716881275177
YML042W,YCR004C,0,-0.40469736,0.11497624963521957,0.8189054727554321,0.6338168978691101
YMR087W,YNL217W,1,-0.40470302,0.11509987711906433,0.8199005126953125,0.6338168978691101
YNL325C,YMR150C,0,-0.4048505,0.11508379876613617,0.8199005126953125,0.633916974067688
YDL114W,YFL039C,0,-0.40532693,0.1150677278637886,0.8199005126953125,0.6340169906616211
YOR109W,YHR215W,1,-0.40534127,0.11519128829240799,0.8208954930305481,0.6340169906616211
YMR036C,YDL192W,0,-0.40535644,0.11517520248889923,0.8208954930305481,0.634117066860199
YGL206C,YOR127W,0,-0.40536663,0.11515913158655167,0.8208954930305481,0.6342170834541321
YJL148W,YDR507C,0,-0.40536982,0.1151430532336235,0.8208954930305481,0.63431715965271
YDL024C,YLL010C,1,-0.40545845,0.11526653915643692,0.8218905329704285,0.63431715965271
YLR139C,YLR276C,0,-0.40559337,0.11525045335292816,0.8218905329704285,0.6344172358512878
YBL056W,YCR079W,1,-0.40564236,0.1153738871216774,0.8228855729103088,0.6344172358512878
YDR356W,YGL155W,0,-0.4057335,0.11535779386758804,0.8228855729103088,0.634517252445221
YOL018C,YBR030W,0,-0.40573406,0.11534170061349869,0.8228855729103088,0.6346173286437988
YHR161C,YOR332W,0,-0.40574032,0.11532561480998993,0.8228855729103088,0.6347173452377319
YGR123C,YOL065C,1,-0.4058316,0.1154489666223526,0.8238806128501892,0.6347173452377319
YMR130W,YOL065C,1,-0.40586686,0.11557228863239288,0.8248755931854248,0.6347173452377319
YER133W,YCL031C,0,-0.40595096,0.11555617302656174,0.8248755931854248,0.6348174214363098
YBR176W,YPR186C,0,-0.40608844,0.11554007232189178,0.8248755931854248,0.6349174380302429
YMR142C,YDR486C,0,-0.40609384,0.11552397161722183,0.8248755931854248,0.6350175142288208
YDR299W,YPL103C,0,-0.40610975,0.11550787091255188,0.8248755931854248,0.6351175308227539
YOR308C,YCL059C,0,-0.40613896,0.11549177765846252,0.8248755931854248,0.6352176070213318
YKL212W,YLR433C,1,-0.40616825,0.11561498790979385,0.8258706331253052,0.6352176070213318
YFR032C-A,YDR298C,0,-0.4062717,0.1155988872051239,0.8258706331253052,0.6353176832199097
YOL071W,YBR251W,0,-0.40632603,0.11558278650045395,0.8258706331253052,0.6354176998138428
YDR318W,YJL133W,0,-0.4064246,0.1155666932463646,0.8258706331253052,0.6355177760124207
YJR075W,YHR171W,0,-0.40647006,0.11555060744285583,0.8258706331253052,0.6356177926063538
YFL004W,YHR028C,0,-0.40653026,0.11553452163934708,0.8258706331253052,0.6357178688049316
YNL291C,YDL231C,0,-0.4066118,0.11551844328641891,0.8258706331253052,0.6358178853988647
YER029C,YAL044C,0,-0.40669936,0.11550236493349075,0.8258706331253052,0.6359179615974426
YOR179C,YLR010C,0,-0.40670502,0.11548629403114319,0.8258706331253052,0.6360180377960205
YPL074W,YFR008W,0,-0.4068692,0.11547023057937622,0.8258706331253052,0.6361180543899536
YJL219W,YNL096C,0,-0.40720326,0.11545416712760925,0.8258706331253052,0.6362181305885315
YIL084C,YDR322W,0,-0.40733525,0.11543811112642288,0.8258706331253052,0.6363181471824646
YOR109W,YJL155C,1,-0.40753305,0.1155611202120781,0.8268656730651855,0.6363181471824646
YOR182C,YLR207W,0,-0.407813,0.11554504930973053,0.8268656730651855,0.6364182233810425
YIL112W,YCL031C,0,-0.40799028,0.11552898585796356,0.8268656730651855,0.6365182399749756
YNL159C,YOR201C,0,-0.40808666,0.11551292985677719,0.8268656730651855,0.6366183161735535
YFR037C,YOR242C,0,-0.40809435,0.11549687385559082,0.8268656730651855,0.6367183327674866
YMR235C,YML104C,0,-0.40818918,0.11548082530498505,0.8268656730651855,0.6368184089660645
YCR094W,YML115C,0,-0.40825677,0.11546477675437927,0.8268656730651855,0.6369184851646423
YJL062W-A,YJR076C,0,-0.40826494,0.1154487356543541,0.8268656730651855,0.6370185017585754
YJR010C-A,YER173W,0,-0.40826756,0.11543270200490952,0.8268656730651855,0.6371185779571533
YBR022W,YOL127W,0,-0.40829393,0.11541666835546494,0.8268656730651855,0.6372185945510864
YGL137W,YGL059W,0,-0.4084225,0.11540064215660095,0.8268656730651855,0.6373186707496643
YIR015W,YDR447C,0,-0.40864325,0.11538461595773697,0.8268656730651855,0.6374186873435974
YBR092C,YLR019W,1,-0.40874738,0.11550742387771606,0.8278607130050659,0.6374186873435974
YDR012W,YBR231C,0,-0.40882608,0.11549139022827148,0.8278607130050659,0.6375187635421753
YGR274C,YJR060W,0,-0.4088502,0.1154753640294075,0.8278607130050659,0.6376187801361084
YDR356W,YJL156C,0,-0.40892065,0.11545933783054352,0.8278607130050659,0.6377188563346863
YPR073C,YER075C,1,-0.40892985,0.11558207124471664,0.8288556933403015,0.6377188563346863
YDR495C,YDL109C,0,-0.40898365,0.11556603759527206,0.8288556933403015,0.6378189325332642
YMR282C,YLR139C,0,-0.40905458,0.11555000394582748,0.8288556933403015,0.6379189491271973
YER086W,YOR057W,0,-0.40906134,0.1155339777469635,0.8288556933403015,0.6380190253257751
YKL179C,YNL146W,0,-0.40916562,0.11551795899868011,0.8288556933403015,0.6381190419197083
YGR234W,YBR009C,0,-0.40922475,0.11550194025039673,0.8288556933403015,0.6382191181182861
YLR188W,YDL030W,0,-0.40924466,0.11548592895269394,0.8288556933403015,0.6383191347122192
YDL231C,YDL136W,0,-0.40937176,0.11546991765499115,0.8288556933403015,0.6384192109107971
YNL159C,YJL153C,0,-0.40964043,0.11545391380786896,0.8288556933403015,0.638519287109375
YGL222C,YPR054W,0,-0.40968633,0.11543791741132736,0.8288556933403015,0.6386193037033081
YIL171W,YBR084W,0,-0.40995285,0.11542192101478577,0.8288556933403015,0.638719379901886
YBR093C,YDL236W,1,-0.41021973,0.11554447561502457,0.8298507332801819,0.638719379901886
YHR143W,YNL242W,0,-0.4103624,0.11552846431732178,0.8298507332801819,0.6388193964958191
YLR370C,YIL051C,0,-0.4106712,0.11551246792078018,0.8298507332801819,0.638919472694397
YBR123C,YJR015W,0,-0.4108088,0.11549647152423859,0.8298507332801819,0.6390194892883301
YOR391C,YKL181W,0,-0.41087037,0.11548047512769699,0.8298507332801819,0.639119565486908
YLR172C,YHR186C,0,-0.4112215,0.11546448618173599,0.8298507332801819,0.6392195820808411
YJL062W-A,YJR033C,0,-0.41122532,0.11544850468635559,0.8298507332801819,0.639319658279419
YIL093C,YNL096C,0,-0.41140288,0.11543252319097519,0.8298507332801819,0.6394197344779968
YJR145C,YBR024W,0,-0.41145805,0.11541654914617538,0.8298507332801819,0.6395197510719299
YDR420W,YNL101W,0,-0.41157475,0.11540058255195618,0.8298507332801819,0.6396198272705078
YOR348C,YLR109W,0,-0.41160345,0.11538461595773697,0.8298507332801819,0.6397198438644409
YJL097W,YLR207W,0,-0.4116578,0.11536865681409836,0.8298507332801819,0.6398199200630188
YGL128C,YMR233W,0,-0.41172603,0.11535269767045975,0.8298507332801819,0.6399199366569519
YBR205W,YDR511W,0,-0.41175273,0.11533674597740173,0.8298507332801819,0.6400200128555298
YIL172C,YOL072W,0,-0.41189036,0.11532079428434372,0.8298507332801819,0.6401200890541077
YDR107C,YAL034W-A,0,-0.4120117,0.1153048500418663,0.8298507332801819,0.6402201056480408
YGR047C,YHR105W,0,-0.41202044,0.11528891324996948,0.8298507332801819,0.6403201818466187
YOL123W,YGL155W,0,-0.41205433,0.11527297645807266,0.8298507332801819,0.6404201984405518
YLR032W,YER012W,0,-0.4120584,0.11525704711675644,0.8298507332801819,0.6405202746391296
YML106W,YJL080C,0,-0.4122527,0.11524112522602081,0.8298507332801819,0.6406202912330627
YBL057C,YOL077C,0,-0.4122743,0.11522520333528519,0.8298507332801819,0.6407203674316406
YCL069W,YDR297W,0,-0.41227725,0.11520928144454956,0.8298507332801819,0.6408203840255737
YPL144W,YER051W,0,-0.41274792,0.11519336700439453,0.8298507332801819,0.6409204602241516
YML015C,YKL109W,0,-0.41276503,0.1151774600148201,0.8298507332801819,0.6410205364227295
YAL020C,YFR008W,0,-0.41317296,0.11516156047582626,0.8298507332801819,0.6411205530166626
YER048W-A,YDR334W,0,-0.41320762,0.11514566093683243,0.8298507332801819,0.6412206292152405
YGR106C,YJL080C,0,-0.41326222,0.11512976139783859,0.8298507332801819,0.6413206458091736
YDR503C,YAR018C,0,-0.4133029,0.11511386930942535,0.8298507332801819,0.6414207220077515
YNL185C,YJL102W,0,-0.41333205,0.11509798467159271,0.8298507332801819,0.6415207386016846
YLR214W,YER068W,0,-0.41333818,0.11508210003376007,0.8298507332801819,0.6416208148002625
YKL135C,YLR096W,0,-0.4133467,0.11506622284650803,0.8298507332801819,0.6417208313941956
YER086W,YOR120W,0,-0.41337538,0.11505035310983658,0.8298507332801819,0.6418209075927734
YJR001W,YJL102W,0,-0.41344392,0.11503448337316513,0.8298507332801819,0.6419209837913513
YJR022W,YKR104W,0,-0.41363394,0.11501862108707428,0.8298507332801819,0.6420210003852844
YEL059C-A,YDL008W,0,-0.41372842,0.11500275880098343,0.8298507332801819,0.6421210765838623
YIL009C-A,YER030W,0,-0.41385233,0.11498690396547318,0.8298507332801819,0.6422210931777954
YMR257C,YNL212W,0,-0.41391462,0.11497104912996292,0.8298507332801819,0.6423211693763733
YDL129W,YMR282C,0,-0.41392788,0.11495520174503326,0.8298507332801819,0.6424211859703064
YGR086C,YER106W,0,-0.41397446,0.1149393618106842,0.8298507332801819,0.6425212621688843
YDR283C,YAR018C,0,-0.41406944,0.11492352187633514,0.8298507332801819,0.6426213383674622
YMR043W,YGL178W,0,-0.4142469,0.11490768939256668,0.8298507332801819,0.6427213549613953
YAR019C,YFR041C,0,-0.41427124,0.11489185690879822,0.8298507332801819,0.6428214311599731
YBR040W,YLL035W,0,-0.41443,0.11487603187561035,0.8298507332801819,0.6429214477539062
YGR292W,YDR018C,0,-0.41444194,0.11486021429300308,0.8298507332801819,0.6430215239524841
YDR248C,YMR051C,0,-0.41467452,0.11484439671039581,0.8298507332801819,0.6431215405464172
YLR126C,YMR285C,0,-0.41478556,0.11482858657836914,0.8298507332801819,0.6432216167449951
YGL178W,YBR009C,0,-0.41499287,0.11481277644634247,0.8298507332801819,0.6433216333389282
YOR039W,YLR438C-A,0,-0.4151144,0.11479697376489639,0.8298507332801819,0.6434217095375061
YMR080C,YHR081W,0,-0.4152083,0.11478117108345032,0.8298507332801819,0.643521785736084
YDR033W,YGL119W,0,-0.41529763,0.11476537585258484,0.8298507332801819,0.6436218023300171
YMR016C,YLR158C,0,-0.4153027,0.11474958807229996,0.8298507332801819,0.643721878528595
YBR092C,YNL322C,0,-0.41549802,0.11473380029201508,0.8298507332801819,0.6438218951225281
YLR106C,YLR385C,0,-0.41558197,0.11471801996231079,0.8298507332801819,0.643921971321106
YDR224C,YDR483W,0,-0.41559216,0.1147022396326065,0.8298507332801819,0.6440219879150391
YBR240C,YOL133W,0,-0.41574624,0.11468646675348282,0.8298507332801819,0.6441220641136169
YMR247C,YGR162W,0,-0.41575292,0.11467070132493973,0.8298507332801819,0.6442221403121948
YOR208W,YAL016W,1,-0.41589367,0.11479241400957108,0.8308457732200623,0.6442221403121948
YOR047C,YGR223C,0,-0.4160217,0.11477663367986679,0.8308457732200623,0.6443221569061279
YJL155C,YGL229C,1,-0.4161582,0.11489829421043396,0.8318408131599426,0.6443221569061279
YER140W,YGR037C,0,-0.41620985,0.11488250643014908,0.8318408131599426,0.6444222331047058
YDR139C,YGR188C,0,-0.41622478,0.1148667186498642,0.8318408131599426,0.6445222496986389
YJL143W,YOR211C,0,-0.41657305,0.11485093832015991,0.8318408131599426,0.6446223258972168
YGL168W,YPL101W,0,-0.4166308,0.11483516544103622,0.8318408131599426,0.6447223424911499
YDR158W,YAL044C,0,-0.41675025,0.11481939256191254,0.8318408131599426,0.6448224186897278
YBR273C,YOR369C,0,-0.4170503,0.11480362713336945,0.8318408131599426,0.6449224352836609
YGL128C,YOL147C,0,-0.417146,0.11478786170482635,0.8318408131599426,0.6450225114822388
YER091C,YLR048W,0,-0.4174605,0.11477210372686386,0.8318408131599426,0.6451225876808167
YJR110W,YLR192C,0,-0.41752556,0.11475634574890137,0.8318408131599426,0.6452226042747498
YJR068W,YGR189C,0,-0.41770795,0.11474059522151947,0.8318408131599426,0.6453226804733276
YNL159C,YGR035C,0,-0.41784206,0.11472485214471817,0.8318408131599426,0.6454226970672607
YLR142W,YOR308C,0,-0.41790372,0.11470910906791687,0.8318408131599426,0.6455227732658386
YOR369C,YNL289W,0,-0.4180101,0.11469337344169617,0.8318408131599426,0.6456227898597717
YOR109W,YFR028C,1,-0.41806793,0.11481481790542603,0.8328357934951782,0.6456227898597717
YOR131C,YDR287W,1,-0.41842324,0.1149362251162529,0.8338308334350586,0.6456227898597717
YMR100W,YOR182C,0,-0.41846353,0.11492045968770981,0.8338308334350586,0.6457228660583496
YNL185C,YER045C,0,-0.41847014,0.11490470170974731,0.8338308334350586,0.6458228826522827
YOL139C,YPR047W,0,-0.41854224,0.11488895118236542,0.8338308334350586,0.6459229588508606
YPL051W,YPL017C,0,-0.41891629,0.11487320065498352,0.8338308334350586,0.6460230350494385
YDL030W,YJL221C,0,-0.4191467,0.11485745757818222,0.8338308334350586,0.6461230516433716
YML074C,YOL117W,0,-0.41924024,0.11484171450138092,0.8338308334350586,0.6462231278419495
YER061C,YBR058C,0,-0.41936895,0.11482597887516022,0.8338308334350586,0.6463231444358826
YJL108C,YLR045C,0,-0.41941574,0.11481025069952011,0.8338308334350586,0.6464232206344604
YDL134C,YOL065C,1,-0.41946235,0.11493150889873505,0.834825873374939,0.6464232206344604
YLR142W,YJL129C,0,-0.41948795,0.11491576582193375,0.834825873374939,0.6465232372283936
YLR134W,YDR103W,0,-0.41955096,0.11490003019571304,0.834825873374939,0.6466233134269714
YML027W,YNL112W,0,-0.41976148,0.11488429456949234,0.834825873374939,0.6467233896255493
YBR082C,YHR086W,0,-0.41990632,0.11486856639385223,0.834825873374939,0.6468234062194824
YER099C,YLR448W,0,-0.41991577,0.11485283821821213,0.834825873374939,0.6469234824180603
YMR307W,YLR371W,0,-0.41999954,0.11483711749315262,0.834825873374939,0.6470234990119934
YLR032W,YLR403W,0,-0.4201722,0.1148214042186737,0.834825873374939,0.6471235752105713
YBR207W,YHR070W,0,-0.4202578,0.1148056909441948,0.834825873374939,0.6472235918045044
YPL157W,YPR019W,0,-0.42027736,0.11478998512029648,0.834825873374939,0.6473236680030823
YDR219C,YER111C,0,-0.42050427,0.11477427929639816,0.834825873374939,0.6474236845970154
YDR253C,YAL044C,0,-0.42057174,0.11475858092308044,0.834825873374939,0.6475237607955933
YJL062W-A,YGL040C,0,-0.4205726,0.11474289000034332,0.834825873374939,0.6476238369941711
YNL330C,YLL035W,0,-0.42071986,0.1147271990776062,0.834825873374939,0.6477238535881042
YBR093C,YOR208W,1,-0.42073947,0.11484823375940323,0.8358209133148193,0.6477238535881042
YDR253C,YDL164C,0,-0.42074293,0.11483253538608551,0.8358209133148193,0.6478239297866821
YMR043W,YBR213W,0,-0.4208219,0.11481683701276779,0.8358209133148193,0.6479239463806152
YKL218C,YOL156W,0,-0.42091274,0.11480114609003067,0.8358209133148193,0.6480240225791931
YML034W,YLR098C,0,-0.4212059,0.11478546261787415,0.8358209133148193,0.6481240391731262
YPL111W,YLR186W,0,-0.42134243,0.11476977914571762,0.8358209133148193,0.6482241153717041
YOL152W,YBR245C,0,-0.42138815,0.1147540956735611,0.8358209133148193,0.648324191570282
YBL106C,YDR139C,0,-0.42140335,0.11473842710256577,0.8358209133148193,0.6484242081642151
YOL003C,YDL069C,0,-0.42142904,0.11472275108098984,0.8358209133148193,0.648524284362793
YJR013W,YDR495C,0,-0.42150325,0.1147070899605751,0.8358209133148193,0.6486243009567261
YNL112W,YPL026C,0,-0.42153198,0.11469142884016037,0.8358209133148193,0.648724377155304
YPR108W,YHR044C,0,-0.42153484,0.11467576771974564,0.8358209133148193,0.6488243937492371
YNL166C,YPR108W,0,-0.4215681,0.1146601140499115,0.8358209133148193,0.6489244699478149
YGL185C,YDR421W,0,-0.42160055,0.11464446783065796,0.8358209133148193,0.649024486541748
YNL217W,YBR125C,1,-0.4216634,0.11476528644561768,0.8368158936500549,0.649024486541748
YLR090W,YIL093C,0,-0.42178136,0.11474962532520294,0.8368158936500549,0.6491245627403259
YDR077W,YHR136C,0,-0.42184162,0.1147339716553688,0.8368158936500549,0.6492246389389038
YNL331C,YKR059W,0,-0.42184746,0.11471831798553467,0.8368158936500549,0.6493246555328369
YEL038W,YER061C,0,-0.42188886,0.11470267176628113,0.8368158936500549,0.6494247317314148
YLR410W,YIR026C,1,-0.42210922,0.11482340097427368,0.8378109335899353,0.6494247317314148
YIL004C,YML042W,0,-0.42216876,0.11480774730443954,0.8378109335899353,0.6495247483253479
YBR240C,YDR128W,0,-0.422222,0.11479209363460541,0.8378109335899353,0.6496248245239258
YDR329C,YLL001W,0,-0.4223686,0.11477644741535187,0.8378109335899353,0.6497248411178589
YER075C,YGR208W,1,-0.4223916,0.11489709466695786,0.8388059735298157,0.6497248411178589
YLL038C,YLR438C-A,0,-0.42250526,0.11488144099712372,0.8388059735298157,0.6498249173164368
YDR478W,YLR127C,0,-0.42300078,0.11486578732728958,0.8388059735298157,0.6499249339103699
YOR096W,YNL185C,0,-0.4232327,0.11485013365745544,0.8388059735298157,0.6500250101089478
YDR050C,YMR217W,0,-0.42358303,0.1148344948887825,0.8388059735298157,0.6501250863075256
YPR049C,YHR101C,0,-0.423611,0.11481884866952896,0.8388059735298157,0.6502251029014587
YDR088C,YPR122W,0,-0.42369103,0.11480321735143661,0.8388059735298157,0.6503251791000366
YGR223C,YBR012W-B,0,-0.4238485,0.11478757858276367,0.8388059735298157,0.6504251956939697
YLR109W,YIL009C-A,0,-0.42407703,0.11477195471525192,0.8388059735298157,0.6505252718925476
YNL166C,YKR104W,0,-0.42413765,0.11475633084774017,0.8388059735298157,0.6506252884864807
YOL156W,YLR433C,0,-0.42414522,0.11474070698022842,0.8388059735298157,0.6507253646850586
YKL135C,YOR080W,0,-0.42414945,0.11472509801387787,0.8388059735298157,0.6508254408836365
YHR025W,YOL139C,0,-0.42424196,0.11470948159694672,0.8388059735298157,0.6509254574775696
YLL009C,YOL100W,0,-0.4243195,0.11469388008117676,0.8388059735298157,0.6510255336761475
YPR108W,YPR016C,0,-0.42438582,0.1146782785654068,0.8388059735298157,0.6511255502700806
YDR297W,YNL119W,0,-0.42447734,0.11466267704963684,0.8388059735298157,0.6512256264686584
YHR184W,YMR312W,0,-0.42455673,0.11464708298444748,0.8388059735298157,0.6513256430625916
YOR308C,YGL211W,0,-0.42464578,0.11463149636983871,0.8388059735298157,0.6514257192611694
YMR223W,YMR045C,0,-0.42466095,0.11461590975522995,0.8388059735298157,0.6515257358551025
YMR287C,YOR092W,0,-0.424726,0.11460032314062119,0.8388059735298157,0.6516258120536804
YHR172W,YDR418W,0,-0.42473063,0.11458475142717361,0.8388059735298157,0.6517258882522583
YJR098C,YOR043W,0,-0.4247752,0.11456917971372604,0.8388059735298157,0.6518259048461914
YDR466W,YMR056C,0,-0.4249106,0.11455360800027847,0.8388059735298157,0.6519259810447693
YGR159C,YER020W,0,-0.4252102,0.1145380437374115,0.8388059735298157,0.6520259976387024
YBL103C,YLR433C,0,-0.4252199,0.11452248692512512,0.8388059735298157,0.6521260738372803
YMR307W,YCR039C,0,-0.42553002,0.11450693011283875,0.8388059735298157,0.6522260904312134
YPL144W,YCR094W,0,-0.42557707,0.11449137330055237,0.8388059735298157,0.6523261666297913
YER089C,YPR016C,0,-0.42586076,0.11447583138942719,0.8388059735298157,0.6524262428283691
YBR158W,YJR016C,0,-0.4259386,0.1144602820277214,0.8388059735298157,0.6525262594223022
YNL188W,YJR089W,0,-0.42607892,0.11444474756717682,0.8388059735298157,0.6526263356208801
YDR046C,YOR315W,0,-0.42618194,0.11442921310663223,0.8388059735298157,0.6527263522148132
YDL082W,YOL109W,0,-0.42618608,0.11441367864608765,0.8388059735298157,0.6528264284133911
YGR029W,YOR201C,0,-0.4262097,0.11439815163612366,0.8388059735298157,0.6529264450073242
YOR278W,YDL130W-A,0,-0.42632994,0.11438263207674026,0.8388059735298157,0.6530265212059021
YLR097C,YER012W,0,-0.42661315,0.11436711251735687,0.8388059735298157,0.6531265377998352
YOL125W,YLR079W,0,-0.42663875,0.11435160040855408,0.8388059735298157,0.6532266139984131
YGL249W,YDR320C,0,-0.42689407,0.11433608829975128,0.8388059735298157,0.653326690196991
YLR414C,YKL056C,0,-0.4269085,0.11432058364152908,0.8388059735298157,0.6534267067909241
YDR067C,YER062C,1,-0.42694515,0.1144406795501709,0.839801013469696,0.6534267067909241
YNL213C,YBR185C,0,-0.426948,0.1144251599907875,0.839801013469696,0.653526782989502
YOL072W,YDR101C,0,-0.42695916,0.11440965533256531,0.839801013469696,0.6536267995834351
YAR007C,YNL310C,0,-0.42696667,0.11439414322376251,0.839801013469696,0.6537268757820129
YNL149C,YOR127W,0,-0.42700967,0.11437863856554031,0.839801013469696,0.653826892375946
YML085C,YMR224C,0,-0.42719206,0.11436314135789871,0.839801013469696,0.6539269685745239
YNL213C,YOL125W,0,-0.42733485,0.11434765160083771,0.839801013469696,0.654026985168457
YNL032W,YIL002C,1,-0.42737225,0.11446762084960938,0.8407959938049316,0.654026985168457
YKR058W,YBR040W,0,-0.42794076,0.11445211619138718,0.8407959938049316,0.6541270613670349
YIL084C,YNL149C,0,-0.4280002,0.11443661898374557,0.8407959938049316,0.6542271375656128
YDR487C,YLR099C,0,-0.4280559,0.11442112177610397,0.8407959938049316,0.6543271541595459
YNL112W,YBR035C,0,-0.42808592,0.11440563201904297,0.8407959938049316,0.6544272303581238
YLL062C,YOR332W,0,-0.42810515,0.11439014226198196,0.8407959938049316,0.6545272469520569
YOR066W,YEL050C,0,-0.42822888,0.11437465995550156,0.8407959938049316,0.6546273231506348
YNL292W,YML074C,0,-0.42826244,0.11435918509960175,0.8407959938049316,0.6547273397445679
YFR032C-A,YKR037C,0,-0.4283091,0.11434371024370193,0.8407959938049316,0.6548274159431458
YKR061W,YJR022W,0,-0.42842248,0.11432823538780212,0.8407959938049316,0.6549274921417236
YOL138C,YNL049C,0,-0.42843008,0.11431276798248291,0.8407959938049316,0.6550275087356567
YLR170C,YNL310C,0,-0.42853487,0.1142973080277443,0.8407959938049316,0.6551275849342346
YDL019C,YIR012W,0,-0.4285769,0.11428184807300568,0.8407959938049316,0.6552276015281677
YBL022C,YDR130C,0,-0.42863888,0.11426639556884766,0.8407959938049316,0.6553276777267456
YIL093C,YGL229C,0,-0.42873132,0.11425094306468964,0.8407959938049316,0.6554276943206787
YLR467W,YBR231C,0,-0.4289229,0.11423549801111221,0.8407959938049316,0.6555277705192566
YNL185C,YDR031W,0,-0.4290362,0.11422006040811539,0.8407959938049316,0.6556277871131897
YMR289W,YPL022W,0,-0.42914546,0.11420462280511856,0.8407959938049316,0.6557278633117676
YGR054W,YGR189C,0,-0.42943645,0.11418919265270233,0.8407959938049316,0.6558279395103455
YPL092W,YDR252W,0,-0.42946684,0.1141737625002861,0.8407959938049316,0.6559279561042786
YGR009C,YJL019W,0,-0.42947948,0.11415833234786987,0.8407959938049316,0.6560280323028564
YDR297W,YOR014W,0,-0.42951035,0.11414291709661484,0.8407959938049316,0.6561280488967896
YJR104C,YCR004C,0,-0.42952135,0.1141275018453598,0.8407959938049316,0.6562281250953674
YIL093C,YGR035C,0,-0.429565,0.11411208659410477,0.8407959938049316,0.6563281416893005
YOR127W,YNR047W,0,-0.4295873,0.11409667879343033,0.8407959938049316,0.6564282178878784
YOL103W,YGR188C,0,-0.42964488,0.11408127099275589,0.8407959938049316,0.6565282344818115
YBR087W,YPR073C,0,-0.4297037,0.11406587809324265,0.8407959938049316,0.6566283106803894
YOL064C,YBR125C,1,-0.4300629,0.11418545246124268,0.841791033744812,0.6566283106803894
YDR532C,YOR067C,0,-0.43028334,0.11417003720998764,0.841791033744812,0.6567283868789673
YLL013C,YFR005C,0,-0.4302965,0.1141546368598938,0.841791033744812,0.6568284034729004
YCR039C,YHR117W,0,-0.43033066,0.11413923650979996,0.841791033744812,0.6569284796714783
YML012W,YOL005C,0,-0.430988,0.11412383615970612,0.841791033744812,0.6570284962654114
YPR005C,YPR122W,0,-0.4315992,0.11410844326019287,0.841791033744812,0.6571285724639893
YDL024C,YJL155C,1,-0.43164378,0.11422791332006454,0.8427860736846924,0.6571285724639893
YJR158W,YOR080W,0,-0.4317023,0.1142125129699707,0.8427860736846924,0.6572285890579224
YMR277W,YBR022W,1,-0.43186858,0.1143319383263588,0.8437811136245728,0.6572285890579224
YBL075C,YJR059W,0,-0.43191594,0.11431653052568436,0.8437811136245728,0.6573286652565002
YMR312W,YAL003W,0,-0.43201783,0.11430111527442932,0.8437811136245728,0.6574287414550781
YIL009C-A,YLR207W,0,-0.43204793,0.11428571492433548,0.8437811136245728,0.6575287580490112
YOR090C,YOL065C,1,-0.43208808,0.1144050657749176,0.8447760939598083,0.6575287580490112
YER029C,YOR224C,0,-0.43209365,0.11438965052366257,0.8447760939598083,0.6576288342475891
YER096W,YJL056C,0,-0.43209642,0.11437424272298813,0.8447760939598083,0.6577288508415222
YDR038C,YJL189W,0,-0.43228906,0.11435883492231369,0.8447760939598083,0.6578289270401001
YPL059W,YDR096W,0,-0.43230578,0.11434343457221985,0.8447760939598083,0.6579289436340332
YDR479C,YGR076C,0,-0.43234608,0.11432803422212601,0.8447760939598083,0.6580290198326111
YOR143C,YDL184C,0,-0.43241942,0.11431264132261276,0.8447760939598083,0.6581290364265442
YDR466W,YFR006W,0,-0.43262434,0.11429725587368011,0.8447760939598083,0.6582291126251221
YLR214W,YMR247C,0,-0.43269286,0.11428187042474747,0.8447760939598083,0.6583291888237
YOR322C,YNL268W,0,-0.4327262,0.11426648497581482,0.8447760939598083,0.6584292054176331
YER029C,YPL038W,0,-0.43279374,0.11425110697746277,0.8447760939598083,0.6585292816162109
YLR192C,YDR060W,0,-0.43293118,0.11423573642969131,0.8447760939598083,0.658629298210144
YHR215W,YMR086W,0,-0.4330089,0.11422036588191986,0.8447760939598083,0.6587293744087219
YBR087W,YNR011C,0,-0.43302256,0.114205002784729,0.8447760939598083,0.658829391002655
YDL136W,YNL218W,0,-0.43318316,0.11418964713811874,0.8447760939598083,0.6589294672012329
YNL325C,YHR070W,0,-0.43336535,0.11417428404092789,0.8447760939598083,0.6590295433998108
YPR184W,YGL040C,0,-0.4336506,0.11415893584489822,0.8447760939598083,0.6591295599937439
YCR077C,YLR381W,0,-0.43367815,0.11414358764886856,0.8447760939598083,0.6592296361923218
YDL204W,YGR286C,0,-0.43371692,0.1141282394528389,0.8447760939598083,0.6593296527862549
YGL229C,YEL050C,0,-0.43391478,0.11411290615797043,0.8447760939598083,0.6594297289848328
YPR184W,YNR007C,0,-0.43408656,0.11409756541252136,0.8447760939598083,0.6595297455787659
YJR160C,YLR207W,0,-0.4341312,0.11408223956823349,0.8447760939598083,0.6596298217773438
YLR045C,YHR011W,0,-0.43414426,0.11406690627336502,0.8447760939598083,0.6597298383712769
YDL229W,YNL007C,0,-0.43439114,0.11405158787965775,0.8447760939598083,0.6598299145698547
YOL100W,YHR052W,0,-0.43447506,0.11403626948595047,0.8447760939598083,0.6599299907684326
YPR184W,YMR152W,0,-0.4345358,0.1140209510922432,0.8447760939598083,0.6600300073623657
YJL019W,YCR081W,0,-0.43467978,0.11400564014911652,0.8447760939598083,0.6601300835609436
YGL222C,YJL133W,0,-0.43482375,0.11399033665657043,0.8447760939598083,0.6602301001548767
YFR025C,YML016C,1,-0.434891,0.11410927772521973,0.8457711338996887,0.6602301001548767
YMR297W,YNL310C,0,-0.43494362,0.11409395933151245,0.8457711338996887,0.6603301763534546
YNL293W,YNL212W,0,-0.4350257,0.11407864838838577,0.8457711338996887,0.6604301929473877
YKL100C,YOL030W,0,-0.4350854,0.1140633374452591,0.8457711338996887,0.6605302691459656
YBR035C,YPL186C,0,-0.43516034,0.11404803395271301,0.8457711338996887,0.6606302857398987
YBL024W,YKL059C,0,-0.43516117,0.11403273046016693,0.8457711338996887,0.6607303619384766
YDR060W,YHR011W,0,-0.43521488,0.11401743441820145,0.8457711338996887,0.6608304381370544
YGR188C,YPL160W,0,-0.43536153,0.11400214582681656,0.8457711338996887,0.6609304547309875
YMR256C,YLR079W,0,-0.43537956,0.11398685723543167,0.8457711338996887,0.6610305309295654
YPR186C,YLL001W,0,-0.43551216,0.11397157609462738,0.8457711338996887,0.6611305475234985
YOL156W,YDL184C,0,-0.4355132,0.11395629495382309,0.8457711338996887,0.6612306237220764
YOL071W,YLL001W,0,-0.43560117,0.1139410212635994,0.8457711338996887,0.6613306403160095
YNL046W,YKL218C,0,-0.43572173,0.1139257475733757,0.8457711338996887,0.6614307165145874
YDR342C,YML009C,0,-0.43573982,0.1139104813337326,0.8457711338996887,0.6615307927131653
YER007W,YDR447C,0,-0.43578857,0.11389521509408951,0.8457711338996887,0.6616308093070984
YIL138C,YBR251W,0,-0.43583173,0.11387995630502701,0.8457711338996887,0.6617308855056763
YDL120W,YOR057W,0,-0.43598017,0.1138647049665451,0.8457711338996887,0.6618309020996094
YGR058W,YNR047W,0,-0.43647254,0.1138494536280632,0.8457711338996887,0.6619309782981873
YHL019C,YHR129C,0,-0.43647808,0.1138342022895813,0.8457711338996887,0.6620309948921204
YHR153C,YBR040W,0,-0.43654937,0.11381895840167999,0.8457711338996887,0.6621310710906982
YJR098C,YOR217W,0,-0.43669263,0.11380372196435928,0.8457711338996887,0.6622310876846313
YOR096W,YLR126C,0,-0.4367609,0.11378848552703857,0.8457711338996887,0.6623311638832092
YGL089C,YPR184W,0,-0.43713194,0.11377325654029846,0.8457711338996887,0.6624312400817871
YNL086W,YDL205C,0,-0.43722492,0.11375802755355835,0.8457711338996887,0.6625312566757202
YOL156W,YIL115C,0,-0.43723255,0.11374280601739883,0.8457711338996887,0.6626313328742981
YBR291C,YGL106W,0,-0.4373579,0.11372759193181992,0.8457711338996887,0.6627313494682312
YDL136W,YNR043W,0,-0.43736458,0.113712377846241,0.8457711338996887,0.6628314256668091
YGL249W,YLR371W,0,-0.43755895,0.11369716376066208,0.8457711338996887,0.6629314422607422
YNL308C,YGR063C,0,-0.4375736,0.11368195712566376,0.8457711338996887,0.6630315184593201
YAL021C,YER044C,0,-0.4376043,0.11366675794124603,0.8457711338996887,0.663131594657898
YDR447C,YOR326W,0,-0.4379688,0.11365155875682831,0.8457711338996887,0.663231611251831
YNR011C,YDR478W,0,-0.43810475,0.11363636702299118,0.8457711338996887,0.6633316874504089
YLR370C,YGR189C,0,-0.43823966,0.11362117528915405,0.8457711338996887,0.663431704044342
YPR168W,YOR067C,0,-0.43844813,0.11360599100589752,0.8457711338996887,0.6635317802429199
YFL004W,YKR105C,0,-0.4384644,0.11359080672264099,0.8457711338996887,0.663631796836853
YER114C,YHR089C,0,-0.43849042,0.11357562988996506,0.8457711338996887,0.6637318730354309
YPL121C,YMR051C,0,-0.43884754,0.11356045305728912,0.8457711338996887,0.663831889629364
YAR010C,YLR014C,0,-0.43884906,0.11354528367519379,0.8457711338996887,0.6639319658279419
YDR363W-A,YGR135W,0,-0.43892294,0.11353012174367905,0.8457711338996887,0.6640320420265198
YBR214W,YNL098C,0,-0.43900263,0.1135149598121643,0.8457711338996887,0.6641320586204529
YML116W,YMR221C,0,-0.43900838,0.11349979788064957,0.8457711338996887,0.6642321348190308
YNR001C,YER184C,0,-0.43907166,0.11348464339971542,0.8457711338996887,0.6643321514129639
YJL221C,YDR088C,0,-0.4391402,0.11346949636936188,0.8457711338996887,0.6644322276115417
YAR007C,YIR009W,0,-0.4392646,0.11345434933900833,0.8457711338996887,0.6645322442054749
YBR012W-A,YKL042W,0,-0.43927068,0.11343920975923538,0.8457711338996887,0.6646323204040527
YNL280C,YDL006W,0,-0.4393239,0.11342407017946243,0.8457711338996887,0.6647323369979858
YNL086W,YFR037C,0,-0.4394523,0.11340893805027008,0.8457711338996887,0.6648324131965637
YGL147C,YER173W,0,-0.43945384,0.11339381337165833,0.8457711338996887,0.6649324893951416
YGR101W,YCR075C,0,-0.43962902,0.11337868124246597,0.8457711338996887,0.6650325059890747
YDL114W,YKL143W,0,-0.43974355,0.11336356401443481,0.8457711338996887,0.6651325821876526
YGR054W,YAL035W,0,-0.4397969,0.11334844678640366,0.8457711338996887,0.6652325987815857
YMR223W,YOR070C,0,-0.43985307,0.1133333370089531,0.8457711338996887,0.6653326749801636
YNL330C,YPL231W,0,-0.43987644,0.11331822723150253,0.8457711338996887,0.6654326915740967
YGL205W,YMR109W,0,-0.43991417,0.11330311745405197,0.8457711338996887,0.6655327677726746
YBR175W,YBR009C,0,-0.439927,0.113288015127182,0.8457711338996887,0.6656328439712524
YGR009C,YER140W,0,-0.44006324,0.11327292025089264,0.8457711338996887,0.6657328605651855
YLR170C,YOL152W,0,-0.44022396,0.11325782537460327,0.8457711338996887,0.6658329367637634
YDR056C,YHR160C,0,-0.4402596,0.1132427379488945,0.8457711338996887,0.6659329533576965
YLR214W,YOL149W,0,-0.44027236,0.11322765052318573,0.8457711338996887,0.6660330295562744
YER036C,YDL033C,0,-0.44030264,0.11321257054805756,0.8457711338996887,0.6661330461502075
YLR106C,YCR077C,0,-0.4403164,0.11319749802350998,0.8457711338996887,0.6662331223487854
YOL067C,YML106W,0,-0.4405663,0.1131824254989624,0.8457711338996887,0.6663331389427185
YAR071W,YMR087W,1,-0.44059575,0.11330049484968185,0.8467661738395691,0.6663331389427185
YER075C,YNL217W,1,-0.44067442,0.11341852694749832,0.8477612137794495,0.6663331389427185
YPL121C,YNR011C,0,-0.44071513,0.11340343207120895,0.8477612137794495,0.6664332151412964
YML048W,YDR101C,0,-0.4408208,0.11338834464550018,0.8477612137794495,0.6665332913398743
YKL173W,YDL143W,0,-0.44084013,0.11337324976921082,0.8477612137794495,0.6666333079338074
YPL174C,YLR207W,0,-0.4408999,0.11335816979408264,0.8477612137794495,0.6667333841323853
YGR274C,YNL136W,0,-0.44124734,0.11334308981895447,0.8477612137794495,0.6668334007263184
YFR037C,YGL249W,0,-0.44125295,0.1133280098438263,0.8477612137794495,0.6669334769248962
YNL280C,YHR117W,0,-0.4413212,0.11331293731927872,0.8477612137794495,0.6670334935188293
YOL030W,YGR006W,0,-0.44134688,0.11329787224531174,0.8477612137794495,0.6671335697174072
YLR266C,YMR188C,0,-0.44180667,0.11328280717134476,0.8477612137794495,0.6672336459159851
YJR058C,YKL143W,0,-0.44185966,0.11326774954795837,0.8477612137794495,0.6673336625099182
YLR306W,YPL153C,0,-0.44187024,0.11325269192457199,0.8477612137794495,0.6674337387084961
YGL222C,YKL108W,0,-0.4420107,0.1132376417517662,0.8477612137794495,0.6675337553024292
YBL061C,YNR007C,0,-0.4420117,0.11322259157896042,0.8477612137794495,0.6676338315010071
YHR089C,YGL251C,0,-0.4420328,0.11320754885673523,0.8477612137794495,0.6677338480949402
YLR096W,YDL109C,0,-0.44205126,0.11319250613451004,0.8477612137794495,0.6678339242935181
YIL034C,YPR156C,0,-0.44214788,0.11317747086286545,0.8477612137794495,0.6679339408874512
YNL146W,YMR109W,0,-0.4422145,0.11316243559122086,0.8477612137794495,0.668034017086029
YEL002C,YHR099W,0,-0.44244096,0.11314740777015686,0.8477612137794495,0.6681340932846069
YDR288W,YCR092C,0,-0.4427116,0.11313238739967346,0.8477612137794495,0.66823410987854
YER096W,YLR147C,0,-0.4427969,0.11311736702919006,0.8477612137794495,0.6683341860771179
YGL210W,YPR122W,0,-0.44292736,0.11310234665870667,0.8477612137794495,0.668434202671051
YOR175C,YJR025C,0,-0.44295493,0.11308733373880386,0.8477612137794495,0.6685342788696289
YDL188C,YDL134C,1,-0.44302347,0.11320504546165466,0.8487561941146851,0.6685342788696289
YJR097W,YDR018C,0,-0.44309038,0.11319001764059067,0.8487561941146851,0.668634295463562
YOL152W,YIL115C,0,-0.44314265,0.11317500472068787,0.8487561941146851,0.6687343716621399
YDL110C,YGR037C,0,-0.44326776,0.11315999180078506,0.8487561941146851,0.668834388256073
YMR289W,YDR529C,0,-0.44327235,0.11314497888088226,0.8487561941146851,0.6689344644546509
YCR037C,YPL092W,0,-0.44340593,0.11312997341156006,0.8487561941146851,0.6690345406532288
YJL143W,YDR120C,0,-0.4435394,0.11311496794223785,0.8487561941146851,0.6691345572471619
YDL007W,YDR418W,0,-0.44355756,0.11309996992349625,0.8487561941146851,0.6692346334457397
YHL040C,YPL172C,0,-0.44358432,0.11308497935533524,0.8487561941146851,0.6693346500396729
YOR356W,YIL009C-A,0,-0.44358933,0.11306998878717422,0.8487561941146851,0.6694347262382507
YNL191W,YLR306W,0,-0.44360104,0.11305500566959381,0.8487561941146851,0.6695347428321838
YHR031C,YNL306W,0,-0.4436054,0.1130400225520134,0.8487561941146851,0.6696348190307617
YOL139C,YER112W,0,-0.4438122,0.11302503943443298,0.8487561941146851,0.6697348952293396
YIR026C,YDL006W,1,-0.4438569,0.11314255744218826,0.8497512340545654,0.6697348952293396
YDR448W,YBR214W,0,-0.4438917,0.11312756687402725,0.8497512340545654,0.6698349118232727
YDR465C,YBR030W,0,-0.44391888,0.11311258375644684,0.8497512340545654,0.6699349880218506
YAR071W,YML057W,1,-0.44399607,0.11323003470897675,0.8507462739944458,0.6699349880218506
YML034W,YER147C,0,-0.44399923,0.11321504414081573,0.8507462739944458,0.6700350046157837
YDL127W,YDL115C,0,-0.4441017,0.11320005357265472,0.8507462739944458,0.6701350808143616
YIL111W,YDR390C,0,-0.4441164,0.11318507045507431,0.8507462739944458,0.6702350974082947
YMR080C,YPL281C,0,-0.4441604,0.1131700873374939,0.8507462739944458,0.6703351736068726
YDL024C,YER062C,1,-0.44416466,0.11328745633363724,0.8517413139343262,0.6703351736068726
YKR062W,YKL017C,0,-0.44424623,0.11327246576547623,0.8517413139343262,0.6704351902008057
YHR027C,YDR297W,0,-0.44438273,0.11325747519731522,0.8517413139343262,0.6705352663993835
YNL291C,YMR224C,0,-0.44447175,0.1132424920797348,0.8517413139343262,0.6706353425979614
YOR224C,YLR038C,0,-0.44451997,0.11322751641273499,0.8517413139343262,0.6707353591918945
YDR341C,YOR373W,0,-0.4449388,0.11321254074573517,0.8517413139343262,0.6708354353904724
YOL067C,YER173W,0,-0.44494867,0.11319756507873535,0.8517413139343262,0.6709354519844055
YAL021C,YMR086W,0,-0.44515747,0.11318259686231613,0.8517413139343262,0.6710355281829834
YHR086W,YMR292W,0,-0.44524455,0.11316763609647751,0.8517413139343262,0.6711355447769165
YPL148C,YOR326W,0,-0.44527262,0.11315267533063889,0.8517413139343262,0.6712356209754944
YDR424C,YMR223W,0,-0.44529247,0.11313772201538086,0.8517413139343262,0.6713356971740723
YBR012W-A,YOR075W,0,-0.44532835,0.11312276870012283,0.8517413139343262,0.6714357137680054
YDR046C,YJR010C-A,0,-0.44538972,0.1131078228354454,0.8517413139343262,0.6715357899665833
YMR171C,YLR098C,0,-0.44545972,0.11309287697076797,0.8517413139343262,0.6716358065605164
YLR170C,YCR040W,0,-0.44553685,0.11307793855667114,0.8517413139343262,0.6717358827590942
YDL210W,YNL292W,0,-0.44576952,0.11306300014257431,0.8517413139343262,0.6718358993530273
YMR208W,YGR200C,0,-0.44583938,0.11304806917905807,0.8517413139343262,0.6719359755516052
YDR126W,YOL156W,0,-0.44584376,0.11303314566612244,0.8517413139343262,0.6720359921455383
YCR081W,YNL112W,0,-0.44594926,0.1130182221531868,0.8517413139343262,0.6721360683441162
YBR264C,YDR466W,0,-0.4463278,0.11300329864025116,0.8517413139343262,0.6722361445426941
YBR299W,YPL026C,0,-0.44632885,0.11298838257789612,0.8517413139343262,0.6723361611366272
YLR106C,YIL126W,0,-0.4464186,0.11297347396612167,0.8517413139343262,0.6724362373352051
YBL030C,YKL195W,0,-0.44658363,0.11295856535434723,0.8517413139343262,0.6725362539291382
YDR130C,YDL095W,0,-0.44658867,0.11294365674257278,0.8517413139343262,0.6726363301277161
YNL032W,YNL053W,1,-0.44671357,0.11306068301200867,0.8527362942695618,0.6726363301277161
YPL051W,YDR326C,0,-0.44696444,0.11304577440023422,0.8527362942695618,0.6727363467216492
YMR166C,YBR012W-B,0,-0.44697946,0.11303086578845978,0.8527362942695618,0.672836422920227
YDL114W,YGR154C,0,-0.447206,0.11301595717668533,0.8527362942695618,0.6729364395141602
YFR015C,YHR161C,0,-0.44722784,0.11300105601549149,0.8527362942695618,0.673036515712738
YLR032W,YNL129W,0,-0.4472541,0.11298615485429764,0.8527362942695618,0.6731365919113159
YGL232W,YGL035C,0,-0.44728202,0.11297126114368439,0.8527362942695618,0.673236608505249
YJR045C,YNL012W,0,-0.4473327,0.11295637488365173,0.8527362942695618,0.6733366847038269
YMR130W,YCR077C,0,-0.44738224,0.11294148862361908,0.8527362942695618,0.67343670129776
YGR200C,YPR032W,0,-0.44746092,0.11292660236358643,0.8527362942695618,0.6735367774963379
YBL082C,YER106W,0,-0.44746828,0.11291172355413437,0.8527362942695618,0.673636794090271
YPR049C,YJL044C,0,-0.44749913,0.11289685219526291,0.8527362942695618,0.6737368702888489
YCR039C,YOR151C,0,-0.44756076,0.11288198083639145,0.8527362942695618,0.6738369464874268
YML054C,YKL164C,0,-0.44760835,0.11286711692810059,0.8527362942695618,0.6739369630813599
YHR044C,YOR014W,1,-0.4477339,0.11298393458127975,0.8537313342094421,0.6739369630813599
YPR186C,YNL268W,0,-0.44777414,0.1129690557718277,0.8537313342094421,0.6740370392799377
YHR101C,YHR064C,0,-0.44782278,0.11295418441295624,0.8537313342094421,0.6741370558738708
YPL194W,YAL044C,0,-0.4478342,0.11293932050466537,0.8537313342094421,0.6742371320724487
YHR031C,YOR116C,0,-0.4479087,0.11292445659637451,0.8537313342094421,0.6743371486663818
YPL144W,YER082C,0,-0.44835523,0.11290959268808365,0.8537313342094421,0.6744372248649597
YMR264W,YDR065W,0,-0.4484017,0.11289473623037338,0.8537313342094421,0.6745372414588928
YDR279W,YJL062W-A,0,-0.4488713,0.11287988722324371,0.8537313342094421,0.6746373176574707
YER048W-A,YNL306W,0,-0.44895327,0.11286503821611404,0.8537313342094421,0.6747373938560486
YBR036C,YER131W,0,-0.44901726,0.11285018920898438,0.8537313342094421,0.6748374104499817
YOR315W,YMR198W,0,-0.44909546,0.1128353476524353,0.8537313342094421,0.6749374866485596
YDR326C,YGR075C,0,-0.44912666,0.11282051354646683,0.8537313342094421,0.6750375032424927
YPL031C,YIL113W,0,-0.44917208,0.11280567944049835,0.8537313342094421,0.6751375794410706
YNL128W,YNL325C,1,-0.44924104,0.1129223108291626,0.8547263741493225,0.6751375794410706
YAL034W-A,YGR054W,0,-0.44926304,0.11290746927261353,0.8547263741493225,0.6752375960350037
YBR240C,YER025W,0,-0.44928473,0.11289262771606445,0.8547263741493225,0.6753376722335815
YBL057C,YBL074C,0,-0.44933844,0.11287779361009598,0.8547263741493225,0.6754377484321594
YOR063W,YOL123W,0,-0.44934344,0.1128629595041275,0.8547263741493225,0.6755377650260925
YJR158W,YPL111W,0,-0.44935408,0.11284813284873962,0.8547263741493225,0.6756378412246704
YBR001C,YCL027W,0,-0.4493674,0.11283331364393234,0.8547263741493225,0.6757378578186035
YNL158W,YBL021C,0,-0.44965225,0.11281849443912506,0.8547263741493225,0.6758379340171814
YMR264W,YLL022C,0,-0.4496639,0.11280367523431778,0.8547263741493225,0.6759379506111145
YCR028C,YNL135C,0,-0.4497445,0.1127888634800911,0.8547263741493225,0.6760380268096924
YBR159W,YBR058C-A,0,-0.44983503,0.11277405917644501,0.8547263741493225,0.6761380434036255
YGR262C,YCR054C,0,-0.44988224,0.11275925487279892,0.8547263741493225,0.6762381196022034
YLR345W,YBR093C,1,-0.45009208,0.11287570744752884,0.8557214140892029,0.6762381196022034
YML060W,YJL102W,0,-0.45019528,0.11286089569330215,0.8557214140892029,0.6763381958007812
YHR076W,YNL119W,0,-0.4502099,0.11284608393907547,0.8557214140892029,0.6764382123947144
YLR371W,YHL036W,0,-0.45031637,0.11283127963542938,0.8557214140892029,0.6765382885932922
YER089C,YMR277W,1,-0.45031995,0.11294765770435333,0.8567163944244385,0.6765382885932922
YLR214W,YFL036W,0,-0.45047408,0.11293284595012665,0.8567163944244385,0.6766383051872253
YJL157C,YOL123W,0,-0.45054054,0.11291803419589996,0.8567163944244385,0.6767383813858032
YJL102W,YBR299W,0,-0.45056587,0.11290322244167328,0.8567163944244385,0.6768383979797363
YMR312W,YOL149W,0,-0.45057464,0.11288842558860779,0.8567163944244385,0.6769384741783142
YMR281W,YNR001C,0,-0.45066303,0.1128736212849617,0.8567163944244385,0.6770384907722473
YHR044C,YGL190C,1,-0.45071322,0.11298990994691849,0.8577114343643188,0.6770384907722473
YGR035C,YCL027W,0,-0.45079845,0.1129750981926918,0.8577114343643188,0.6771385669708252
YFL036W,YJL148W,0,-0.4509487,0.11296029388904572,0.8577114343643188,0.6772386431694031
YMR198W,YCL063W,0,-0.4509507,0.11294548958539963,0.8577114343643188,0.6773386597633362
YJR110W,YDL184C,0,-0.45102447,0.11293069273233414,0.8577114343643188,0.6774387359619141
YJL062W-A,YML125C,0,-0.45108718,0.11291590332984924,0.8577114343643188,0.6775387525558472
YDL195W,YKL181W,0,-0.45121223,0.11290111392736435,0.8577114343643188,0.677638828754425
YDR299W,YNL331C,0,-0.45122877,0.11288632452487946,0.8577114343643188,0.6777388453483582
YER088C,YOR347C,0,-0.4512343,0.11287155002355576,0.8577114343643188,0.677838921546936
YAL053W,YML012W,0,-0.45133162,0.11285676807165146,0.8577114343643188,0.6779389977455139
YIL112W,YMR224C,0,-0.45135352,0.11284199357032776,0.8577114343643188,0.678039014339447
YGR063C,YJR068W,0,-0.45150262,0.11282722651958466,0.8577114343643188,0.6781390905380249
YBL030C,YLR126C,0,-0.45152128,0.11281245946884155,0.8577114343643188,0.678239107131958
YIR026C,YBR276C,1,-0.4516067,0.11292855441570282,0.8587064743041992,0.678239107131958
YMR094W,YMR256C,0,-0.4518088,0.11291377991437912,0.8587064743041992,0.6783391833305359
YDR033W,YEL058W,0,-0.45184165,0.11289900541305542,0.8587064743041992,0.678439199924469
YDR315C,YPL157W,0,-0.45190275,0.11288423836231232,0.8587064743041992,0.6785392761230469
YGL249W,YPL090C,0,-0.4520706,0.11286947131156921,0.8587064743041992,0.67863929271698
YDR466W,YPL214C,0,-0.4522019,0.11285471171140671,0.8587064743041992,0.6787393689155579
YKL089W,YLR403W,0,-0.45245588,0.1128399595618248,0.8587064743041992,0.6788394451141357
YNL311C,YJL129C,0,-0.45249513,0.11282520741224289,0.8587064743041992,0.6789394617080688
YDR047W,YPL026C,0,-0.45254505,0.11281045526266098,0.8587064743041992,0.6790395379066467
YDR465C,YBR156C,0,-0.45258194,0.11279571056365967,0.8587064743041992,0.6791395545005798
YOR201C,YML009C,0,-0.45262584,0.11278097331523895,0.8587064743041992,0.6792396306991577
YEL021W,YBL037W,0,-0.45266244,0.11276623606681824,0.8587064743041992,0.6793396472930908
YBR176W,YCL031C,0,-0.45289183,0.11275149881839752,0.8587064743041992,0.6794397234916687
YMR004W,YKR050W,0,-0.45307112,0.112736776471138,0.8587064743041992,0.6795397400856018
YJR094W-A,YDR363W-A,0,-0.45315576,0.11272204667329788,0.8587064743041992,0.6796398162841797
YNR016C,YLR120C,0,-0.45342132,0.11270732432603836,0.8587064743041992,0.6797398924827576
YGL147C,YJL109C,0,-0.45344746,0.11269260942935944,0.8587064743041992,0.6798399090766907
YBR092C,YML016C,1,-0.45360696,0.112808458507061,0.8597015142440796,0.6798399090766907
YHR021C,YDL141W,0,-0.45361447,0.11279373615980148,0.8597015142440796,0.6799399852752686
YGR295C,YMR223W,0,-0.4537463,0.11277901381254196,0.8597015142440796,0.6800400018692017
YIL078W,YJR045C,0,-0.45377928,0.11276429146528244,0.8597015142440796,0.6801400780677795
YMR016C,YBL074C,0,-0.45384517,0.11274957656860352,0.8597015142440796,0.6802400946617126
YBR159W,YDR524C,0,-0.45386323,0.11273486167192459,0.8597015142440796,0.6803401708602905
YDR342C,YEL050C,0,-0.4539275,0.11272015422582626,0.8597015142440796,0.6804402470588684
YDR069C,YGR220C,0,-0.4539961,0.11270545423030853,0.8597015142440796,0.6805402636528015
YNR070W,YGL106W,0,-0.4540284,0.1126907542347908,0.8597015142440796,0.6806403398513794
YML074C,YPR019W,0,-0.454193,0.11267605423927307,0.8597015142440796,0.6807403564453125
YGR154C,YHR186C,0,-0.45445478,0.11266136169433594,0.8597015142440796,0.6808404326438904
YPL060W,YDR326C,0,-0.45445484,0.1126466765999794,0.8597015142440796,0.6809404492378235
YDR107C,YMR282C,0,-0.45451152,0.11263199150562286,0.8597015142440796,0.6810405254364014
YPL143W,YHR117W,0,-0.4545251,0.11261730641126633,0.8597015142440796,0.6811405420303345
YDL204W,YDR055W,0,-0.45454696,0.11260263621807098,0.8597015142440796,0.6812406182289124
YJL097W,YER180C,0,-0.45462352,0.11258795857429504,0.8597015142440796,0.6813406944274902
YGR009C,YCL069W,0,-0.4547274,0.1125732883810997,0.8597015142440796,0.6814407110214233
YFR037C,YNL339C,0,-0.45475888,0.11255862563848495,0.8597015142440796,0.6815407872200012
YLR170C,YNL129W,0,-0.45520496,0.11254396289587021,0.8597015142440796,0.6816408038139343
YKR037C,YOL103W,0,-0.45527905,0.11252930760383606,0.8597015142440796,0.6817408800125122
YGL003C,YGR106C,0,-0.45536828,0.11251465231180191,0.8597015142440796,0.6818408966064453
YBR036C,YEL054C,0,-0.45541632,0.11249999701976776,0.8597015142440796,0.6819409728050232
YCR028C,YPR054W,0,-0.4555121,0.1124853566288948,0.8597015142440796,0.6820410490036011
YCL069W,YML087C,0,-0.4557694,0.11247070878744125,0.8597015142440796,0.6821410655975342
YOR326W,YDL095W,0,-0.45583543,0.1124560683965683,0.8597015142440796,0.6822411417961121
YML042W,YER106W,0,-0.45613763,0.11244143545627594,0.8597015142440796,0.6823411583900452
YLR121C,YKR050W,0,-0.4562537,0.11242680251598358,0.8597015142440796,0.682441234588623
YKR062W,YBR156C,0,-0.45634842,0.11241217702627182,0.8597015142440796,0.6825412511825562
YHL044W,YML094W,0,-0.4564238,0.11239755153656006,0.8597015142440796,0.682641327381134
YHR172W,YML085C,0,-0.4566081,0.1123829334974289,0.8597015142440796,0.6827413439750671
YER126C,YGL157W,0,-0.456762,0.11236831545829773,0.8597015142440796,0.682841420173645
YER126C,YDR313C,0,-0.45679006,0.11235370486974716,0.8597015142440796,0.6829414963722229
YOR228C,YGL123W,0,-0.45684308,0.1123390942811966,0.8597015142440796,0.683041512966156
YML125C,YNL188W,0,-0.4568611,0.11232449114322662,0.8597015142440796,0.6831415891647339
YIL070C,YMR094W,0,-0.45703518,0.11230989545583725,0.8597015142440796,0.683241605758667
YDL166C,YOR374W,0,-0.4570633,0.11229529231786728,0.8597015142440796,0.6833416819572449
YOR381W,YPL085W,0,-0.45711076,0.1122807040810585,0.8597015142440796,0.683441698551178
YPL157W,YHR117W,0,-0.45719865,0.11226611584424973,0.8597015142440796,0.6835417747497559
YOR174W,YAL058W,0,-0.45722166,0.11225152760744095,0.8597015142440796,0.683641791343689
YKL179C,YEL058W,0,-0.4572262,0.11223694682121277,0.8597015142440796,0.6837418675422668
YGL119W,YER140W,0,-0.45726055,0.11222236603498459,0.8597015142440796,0.6838419437408447
YGR159C,YJR016C,0,-0.4573672,0.112207792699337,0.8597015142440796,0.6839419603347778
YPR070W,YGR123C,0,-0.45739454,0.11219321936368942,0.8597015142440796,0.6840420365333557
YER133W,YNL099C,1,-0.45740157,0.11230849474668503,0.8606964945793152,0.6840420365333557
YAL044C,YML088W,0,-0.4575154,0.11229391396045685,0.8606964945793152,0.6841420531272888
YDR495C,YBR012W-B,0,-0.4575479,0.11227933317422867,0.8606964945793152,0.6842421293258667
YLR201C,YOL139C,0,-0.45767522,0.11226475983858109,0.8606964945793152,0.6843421459197998
YNL188W,YNL289W,0,-0.45774633,0.1122501939535141,0.8606964945793152,0.6844422221183777
YOL005C,YGL249W,0,-0.45812982,0.11223562806844711,0.8606964945793152,0.6845422983169556
YBR041W,YPL155C,0,-0.45817932,0.11222106963396072,0.8606964945793152,0.6846423149108887
YDL231C,YGR063C,0,-0.45820457,0.11220651119947433,0.8606964945793152,0.6847423911094666
YBR012W-B,YGR158C,0,-0.4582388,0.11219196021556854,0.8606964945793152,0.6848424077033997
YBL088C,YDL190C,0,-0.4583841,0.11217740923166275,0.8606964945793152,0.6849424839019775
YKL218C,YBR082C,0,-0.4584316,0.11216286569833755,0.8606964945793152,0.6850425004959106
YDR533C,YPR096C,0,-0.4584778,0.11214832216501236,0.8606964945793152,0.6851425766944885
YJR009C,YER126C,0,-0.45853403,0.11213378608226776,0.8606964945793152,0.6852425932884216
YLR343W,YEL017C-A,0,-0.45868474,0.11211924999952316,0.8606964945793152,0.6853426694869995
YER131W,YPR192W,0,-0.45873678,0.11210471391677856,0.8606964945793152,0.6854427456855774
YPL121C,YOR044W,0,-0.45881686,0.11209019273519516,0.8606964945793152,0.6855427622795105
YOR257W,YLR441C,0,-0.4589763,0.11207566410303116,0.8606964945793152,0.6856428384780884
YOL133W,YPL155C,0,-0.45900023,0.11206115037202835,0.8606964945793152,0.6857428550720215
YMR100W,YOR151C,0,-0.45909873,0.11204662919044495,0.8606964945793152,0.6858429312705994
YNL217W,YMR303C,0,-0.45918936,0.11203212291002274,0.8606964945793152,0.6859429478645325
YPL060W,YIL136W,0,-0.45929396,0.11201760917901993,0.8606964945793152,0.6860430240631104
YIL093C,YLR154C,0,-0.45944887,0.11200311034917831,0.8606964945793152,0.6861431002616882
YDR253C,YEL061C,0,-0.45950523,0.1119886040687561,0.8606964945793152,0.6862431168556213
YDR022C,YDL200C,0,-0.45961756,0.11197411268949509,0.8606964945793152,0.6863431930541992
YLL010C,YMR277W,1,-0.4596658,0.11208905279636383,0.8616915345191956,0.6863431930541992
YFL029C,YER173W,0,-0.45972103,0.11207454651594162,0.8616915345191956,0.6864432096481323
YJR098C,YPL038W,0,-0.4597827,0.11206004023551941,0.8616915345191956,0.6865432858467102
YMR281W,YBR058C-A,0,-0.45985436,0.1120455414056778,0.8616915345191956,0.6866433024406433
YJL062W-A,YNR047W,0,-0.45986313,0.11203105002641678,0.8616915345191956,0.6867433786392212
YDL115C,YAR018C,0,-0.4602702,0.11201655864715576,0.8616915345191956,0.6868433952331543
YOR386W,YOL149W,0,-0.4603357,0.11200206726789474,0.8616915345191956,0.6869434714317322
YDR495C,YJL080C,0,-0.46036848,0.11198758333921432,0.8616915345191956,0.6870435476303101
YMR130W,YDL236W,1,-0.4604606,0.11210240423679352,0.8626865744590759,0.6870435476303101
YLL013C,YBR048W,0,-0.46046463,0.1120879128575325,0.8626865744590759,0.6871435642242432
YKL011C,YCR096C,0,-0.4605116,0.11207342147827148,0.8626865744590759,0.687243640422821
YDL130W-A,YCL066W,0,-0.4605175,0.11205893754959106,0.8626865744590759,0.6873436570167542
YHR105W,YIR023W,0,-0.46061957,0.11204445362091064,0.8626865744590759,0.687443733215332
YJL129C,YDR128W,0,-0.46075487,0.11202997714281082,0.8626865744590759,0.6875437498092651
YGR223C,YIL138C,0,-0.46082944,0.112015500664711,0.8626865744590759,0.687643826007843
YJR001W,YAL008W,0,-0.4609397,0.11200103163719177,0.8626865744590759,0.6877438426017761
YJL134W,YBR022W,1,-0.4610083,0.11211573332548141,0.8636816143989563,0.6877438426017761
YLR283W,YNL129W,0,-0.46104223,0.112101249396801,0.8636816143989563,0.687843918800354
YOR174W,YER051W,0,-0.4610833,0.11208678036928177,0.8636816143989563,0.6879439949989319
YJL062W-A,YJR058C,0,-0.4611977,0.11207230389118195,0.8636816143989563,0.688044011592865
YHR023W,YER180C,0,-0.46134022,0.11205783486366272,0.8636816143989563,0.6881440877914429
YGR088W,YNL210W,0,-0.46143854,0.11204337328672409,0.8636816143989563,0.688244104385376
YHL019C,YJL073W,0,-0.4614867,0.11202891170978546,0.8636816143989563,0.6883441805839539
YHR031C,YKL181W,0,-0.46150255,0.11201445013284683,0.8636816143989563,0.688444197177887
YBR050C,YNL128W,0,-0.46154124,0.1120000034570694,0.8636816143989563,0.6885442733764648
YGL135W,YER096W,0,-0.46173593,0.11198554933071136,0.8636816143989563,0.6886443495750427
YBR264C,YHR167W,0,-0.4617771,0.11197110265493393,0.8636816143989563,0.6887443661689758
YGL232W,YOR278W,0,-0.46178424,0.11195666342973709,0.8636816143989563,0.6888444423675537
YKR038C,YBR009C,0,-0.46190572,0.11194222420454025,0.8636816143989563,0.6889444589614868
YBL078C,YFR008W,0,-0.46191657,0.11192778497934341,0.8636816143989563,0.6890445351600647
YBR105C,YNL248C,0,-0.46219388,0.11191336065530777,0.8636816143989563,0.6891445517539978
YLR418C,YLR438C-A,0,-0.46223894,0.11189892888069153,0.8636816143989563,0.6892446279525757
YML094W,YPR005C,0,-0.46235135,0.11188450455665588,0.8636816143989563,0.6893446445465088
YOR233W,YBL023C,0,-0.462466,0.11187008768320084,0.8636816143989563,0.6894447207450867
YDR418W,YAR018C,0,-0.46258134,0.11185567080974579,0.8636816143989563,0.6895447969436646
YAL023C,YIR037W,0,-0.4626246,0.11184125393629074,0.8636816143989563,0.6896448135375977
YCL047C,YPL092W,0,-0.4626498,0.11182685196399689,0.8636816143989563,0.6897448897361755
YOR179C,YPL226W,0,-0.4627514,0.11181244254112244,0.8636816143989563,0.6898449063301086
YIR002C,YDR402C,0,-0.46277732,0.11179804056882858,0.8636816143989563,0.6899449825286865
YKL152C,YHR044C,1,-0.46282047,0.11191242933273315,0.8646765947341919,0.6899449825286865
YLR214W,YML077W,0,-0.46298668,0.1118980199098587,0.8646765947341919,0.6900449991226196
YGR274C,YGR262C,0,-0.46302545,0.11188361048698425,0.8646765947341919,0.6901450753211975
YNL086W,YPR102C,0,-0.46310788,0.1118692085146904,0.8646765947341919,0.6902451515197754
YGL120C,YJL065C,0,-0.46335515,0.11185480654239655,0.8646765947341919,0.6903451681137085
YKR094C,YGR001C,0,-0.4634316,0.11184041202068329,0.8646765947341919,0.6904452443122864
YGL155W,YOL149W,0,-0.46348396,0.11182601749897003,0.8646765947341919,0.6905452609062195
YML091C,YMR208W,0,-0.46371168,0.11181163042783737,0.8646765947341919,0.6906453371047974
YEL054C,YGL090W,0,-0.4638525,0.11179724335670471,0.8646765947341919,0.6907453536987305
YGR035C,YIR023W,0,-0.46394372,0.11178286373615265,0.8646765947341919,0.6908454298973083
YOL005C,YBR009C,0,-0.46395212,0.11176849156618118,0.8646765947341919,0.6909454464912415
YER140W,YEL017C-A,0,-0.46402335,0.11175411194562912,0.8646765947341919,0.6910455226898193
YJL073W,YHR044C,0,-0.4641967,0.11173974722623825,0.8646765947341919,0.6911455988883972
YIL109C,YML088W,0,-0.464319,0.11172538250684738,0.8646765947341919,0.6912456154823303
YAL035W,YGR071C,0,-0.46445867,0.11171101778745651,0.8646765947341919,0.6913456916809082
YEL016C,YOR269W,0,-0.46450073,0.11169666051864624,0.8646765947341919,0.6914457082748413
YDR121W,YLR448W,0,-0.46455526,0.11168230324983597,0.8646765947341919,0.6915457844734192
YDR052C,YBR245C,0,-0.46463978,0.11166795343160629,0.8646765947341919,0.6916458010673523
YHR160C,YJL065C,0,-0.4646796,0.11165360361337662,0.8646765947341919,0.6917458772659302
YNR001C,YKR105C,0,-0.46476418,0.11163926124572754,0.8646765947341919,0.6918458938598633
YIR002C,YAL043C,0,-0.4648953,0.11162491887807846,0.8646765947341919,0.6919459700584412
YDL210W,YNL191W,0,-0.46516696,0.11161058396100998,0.8646765947341919,0.692046046257019
YGL137W,YJR065C,0,-0.46529645,0.1115962490439415,0.8646765947341919,0.6921460628509521
YHR143W,YNL158W,0,-0.4653993,0.11158192157745361,0.8646765947341919,0.69224613904953
YIL004C,YFL036W,0,-0.4655096,0.11156759411096573,0.8646765947341919,0.6923461556434631
YGL090W,YOL140W,0,-0.46559325,0.11155327409505844,0.8646765947341919,0.692446231842041
YDL120W,YCL069W,0,-0.46562734,0.11153895407915115,0.8646765947341919,0.6925462484359741
YHL004W,YHR099W,0,-0.4656366,0.11152464151382446,0.8646765947341919,0.692646324634552
YOL072W,YGR262C,0,-0.46573454,0.11151032894849777,0.8646765947341919,0.6927464008331299
YHR167W,YBL055C,0,-0.46583542,0.11149602383375168,0.8646765947341919,0.692846417427063
YMR198W,YGR188C,0,-0.46599296,0.11148171871900558,0.8646765947341919,0.6929464936256409
YPR118W,YMR122W-A,0,-0.4661476,0.11146742105484009,0.8646765947341919,0.693046510219574
YHR044C,YIL053W,1,-0.46622947,0.11158137768507004,0.8656716346740723,0.693046510219574
YGR054W,YHR052W,0,-0.4662988,0.11156706511974335,0.8656716346740723,0.6931465864181519
YDR465C,YLR099C,0,-0.46641275,0.11155276000499725,0.8656716346740723,0.693246603012085
YGR223C,YPR016C,0,-0.46656868,0.11153846234083176,0.8656716346740723,0.6933466792106628
YDR420W,YMR109W,0,-0.46663082,0.11152416467666626,0.8656716346740723,0.693446695804596
YBR291C,YGL031C,0,-0.4668964,0.11150986701250076,0.8656716346740723,0.6935467720031738
YMR235C,YAR018C,0,-0.4672002,0.11149557679891586,0.8656716346740723,0.6936468482017517
YOR224C,YJL097W,0,-0.46722496,0.11148129403591156,0.8656716346740723,0.6937468647956848
YBR264C,YJL190C,0,-0.4672816,0.11146701127290726,0.8656716346740723,0.6938469409942627
YGL119W,YOR075W,0,-0.4679397,0.11145272850990295,0.8656716346740723,0.6939469575881958
YGR124W,YPL204W,0,-0.46795604,0.11143845319747925,0.8656716346740723,0.6940470337867737
YDR479C,YDL141W,0,-0.46799856,0.11142417788505554,0.8656716346740723,0.6941470503807068
YHL024W,YER164W,0,-0.46816716,0.11140991002321243,0.8656716346740723,0.6942471265792847
YBR033W,YKL021C,0,-0.46821284,0.11139564961194992,0.8656716346740723,0.6943472027778625
YBL057C,YMR292W,0,-0.46824378,0.11138138175010681,0.8656716346740723,0.6944472193717957
YLL050C,YJL158C,0,-0.46826804,0.1113671287894249,0.8656716346740723,0.6945472955703735
YNL310C,YMR150C,0,-0.46837288,0.11135287582874298,0.8656716346740723,0.6946473121643066
YIL002C,YOL065C,1,-0.46838522,0.11146660149097443,0.8666666746139526,0.6946473121643066
YBR286W,YOR036W,0,-0.46846002,0.11145233362913132,0.8666666746139526,0.6947473883628845
YOL152W,YFR008W,0,-0.46846187,0.1114380732178688,0.8666666746139526,0.6948474049568176
YOL127W,YER048W-A,0,-0.4685489,0.11142382025718689,0.8666666746139526,0.6949474811553955
YHR101C,YAL020C,0,-0.46867526,0.11140956729650497,0.8666666746139526,0.6950474977493286
YBL054W,YDR177W,0,-0.4687691,0.11139532178640366,0.8666666746139526,0.6951475739479065
YLR147C,YEL021W,0,-0.46880114,0.11138107627630234,0.8666666746139526,0.6952476501464844
YDR065W,YPR178W,0,-0.46882096,0.11136683076620102,0.8666666746139526,0.6953476667404175
YDR341C,YER173W,0,-0.4688487,0.1113525927066803,0.8666666746139526,0.6954477429389954
YHR105W,YDR018C,0,-0.46889555,0.11133836209774017,0.8666666746139526,0.6955477595329285
YDR022C,YDR047W,0,-0.4690975,0.11132413148880005,0.8666666746139526,0.6956478357315063
YER148W,YBL088C,0,-0.46941853,0.11130990087985992,0.8666666746139526,0.6957478523254395
YOL105C,YJR089W,0,-0.46946022,0.1112956777215004,0.8666666746139526,0.6958479285240173
YDR117C,YMR045C,0,-0.46974796,0.11128146201372147,0.8666666746139526,0.6959479451179504
YMR152W,YIL136W,0,-0.46980843,0.11126724630594254,0.8666666746139526,0.6960480213165283
YMR264W,YDL056W,0,-0.4698565,0.1112530305981636,0.8666666746139526,0.6961480975151062
YKL034W,YLR381W,0,-0.46992043,0.11123882234096527,0.8666666746139526,0.6962481141090393
YJR066W,YCR047C,0,-0.4699271,0.11122462153434753,0.8666666746139526,0.6963481903076172
YNR016C,YPL068C,0,-0.46995476,0.1112104207277298,0.8666666746139526,0.6964482069015503
YDR424C,YDL166C,0,-0.47006947,0.11119621992111206,0.8666666746139526,0.6965482831001282
YKR061W,YNL322C,0,-0.47007397,0.11118202656507492,0.8666666746139526,0.6966482996940613
YDL069C,YBR175W,0,-0.47013405,0.11116783320903778,0.8666666746139526,0.6967483758926392
YGR263C,YML124C,0,-0.47028434,0.11115364730358124,0.8666666746139526,0.696848452091217
YLR086W,YNL242W,0,-0.47030774,0.11113946884870529,0.8666666746139526,0.6969484686851501
YDL127W,YDR283C,0,-0.47041884,0.11112529039382935,0.8666666746139526,0.697048544883728
YHR086W,YHR011W,0,-0.47042072,0.1111111119389534,0.8666666746139526,0.6971485614776611
YMR130W,YGR208W,1,-0.47049403,0.11122448742389679,0.867661714553833,0.6971485614776611
YMR290C,YHR161C,0,-0.4704982,0.11121030151844025,0.867661714553833,0.697248637676239
YJL157C,YNR050C,0,-0.47062987,0.1111961230635643,0.867661714553833,0.6973486542701721
YJR009C,YNR016C,0,-0.47068867,0.11118194460868835,0.867661714553833,0.69744873046875
YDL231C,YAL044C,0,-0.47072428,0.111167773604393,0.867661714553833,0.6975487470626831
YMR201C,YLR078C,0,-0.4707701,0.11115360260009766,0.867661714553833,0.697648823261261
YER111C,YDL110C,0,-0.4708449,0.11113943159580231,0.867661714553833,0.6977488994598389
YLR356W,YPR054W,0,-0.4709844,0.11112526804208755,0.867661714553833,0.697848916053772
YLR142W,YDR031W,0,-0.4710455,0.1111111119389534,0.867661714553833,0.6979489922523499
YOL139C,YHR099W,0,-0.47108006,0.11109695583581924,0.867661714553833,0.698049008846283
YMR130W,YAL008W,0,-0.4713061,0.11108279973268509,0.867661714553833,0.6981490850448608
YLL009C,YGL253W,0,-0.47133034,0.11106865108013153,0.867661714553833,0.698249101638794
YNL136W,YER112W,0,-0.4713305,0.11105450987815857,0.867661714553833,0.6983491778373718
YLR385C,YDR318W,0,-0.47172138,0.11104036867618561,0.867661714553833,0.6984492540359497
YER029C,YOR174W,0,-0.47177386,0.11102622747421265,0.867661714553833,0.6985492706298828
YEL059C-A,YGR234W,0,-0.47192222,0.11101209372282028,0.867661714553833,0.6986493468284607
YKR062W,YMR256C,0,-0.47193983,0.11099795997142792,0.867661714553833,0.6987493634223938
YMR166C,YLR086W,0,-0.47201866,0.11098383367061615,0.867661714553833,0.6988494396209717
YMR290C,YDR088C,0,-0.4721226,0.11096971482038498,0.867661714553833,0.6989494562149048
YDR011W,YBL061C,0,-0.47222155,0.11095559597015381,0.867661714553833,0.6990495324134827
YLR385C,YKR105C,0,-0.47227782,0.11094147711992264,0.867661714553833,0.6991495490074158
YCR053W,YHL016C,0,-0.47230303,0.11092736572027206,0.867661714553833,0.6992496252059937
YJL065C,YNL007C,0,-0.47246915,0.11091325432062149,0.867661714553833,0.6993497014045715
YPR118W,YGR063C,0,-0.47255397,0.11089915037155151,0.867661714553833,0.6994497179985046
YGR054W,YER020W,0,-0.472713,0.11088504642248154,0.867661714553833,0.6995497941970825
YDR074W,YDR358W,0,-0.47304213,0.11087094992399216,0.867661714553833,0.6996498107910156
YOR348C,YDR166C,0,-0.47305527,0.11085685342550278,0.867661714553833,0.6997498869895935
YLR134W,YDL095W,0,-0.47307408,0.110842764377594,0.867661714553833,0.6998499035835266
YHL024W,YDR003W,0,-0.47319037,0.11082867532968521,0.867661714553833,0.6999499797821045
YMR264W,YDL205C,0,-0.47341734,0.11081458628177643,0.867661714553833,0.7000499963760376
YML104C,YMR217W,0,-0.47344568,0.11080050468444824,0.867661714553833,0.7001500725746155
YDL143W,YGR063C,0,-0.4734648,0.11078643053770065,0.867661714553833,0.7002501487731934
YDL120W,YOR257W,0,-0.473531,0.11077235639095306,0.867661714553833,0.7003501653671265
YGL137W,YJL062W-A,0,-0.47359523,0.11075828969478607,0.867661714553833,0.7004502415657043
YNL292W,YOR217W,0,-0.47366464,0.11074422299861908,0.867661714553833,0.7005502581596375
YJL129C,YIL126W,0,-0.47372657,0.11073015630245209,0.867661714553833,0.7006503343582153
YGL135W,YPR096C,0,-0.47375432,0.11071609705686569,0.867661714553833,0.7007503509521484
YNR043W,YEL058W,0,-0.47389653,0.1107020452618599,0.867661714553833,0.7008504271507263
YDL051W,YBR105C,0,-0.4739352,0.1106879934668541,0.867661714553833,0.7009505033493042
YJR104C,YDR055W,0,-0.47394568,0.1106739416718483,0.867661714553833,0.7010505199432373
YMR247C,YAR019C,0,-0.4739466,0.1106598973274231,0.867661714553833,0.7011505961418152
YCL075W,YGL040C,0,-0.4739729,0.11064586043357849,0.867661714553833,0.7012506127357483
YBR050C,YKR009C,0,-0.47400695,0.11063181608915329,0.867661714553833,0.7013506889343262
YDR067C,YBR022W,1,-0.47413495,0.11074464023113251,0.8686566948890686,0.7013506889343262
YMR316W,YBR299W,0,-0.47428238,0.1107305958867073,0.8686566948890686,0.7014507055282593
YOL067C,YPR108W,0,-0.47434908,0.1107165515422821,0.8686566948890686,0.7015507817268372
YMR128W,YJR060W,0,-0.47454792,0.1107025071978569,0.8686566948890686,0.7016507983207703
YGL021W,YOR181W,0,-0.4746311,0.1106884777545929,0.8686566948890686,0.7017508745193481
YDR012W,YEL058W,0,-0.47480294,0.11067444086074829,0.8686566948890686,0.701850950717926
YKL088W,YAL043C,0,-0.47483224,0.11066041141748428,0.8686566948890686,0.7019509673118591
YDR067C,YPR073C,1,-0.4748667,0.11077313125133514,0.869651734828949,0.7019509673118591
YOR389W,YDR362C,0,-0.4751576,0.11075909435749054,0.869651734828949,0.702051043510437
YDR318W,YAL012W,0,-0.4751848,0.11074505746364594,0.869651734828949,0.7021510601043701
YDL129W,YLR212C,0,-0.47525775,0.11073102802038193,0.869651734828949,0.702251136302948
YJL098W,YNL106C,1,-0.47539258,0.11084368079900742,0.8706467747688293,0.702251136302948
YOR143C,YPL153C,0,-0.47579855,0.11082963645458221,0.8706467747688293,0.7023511528968811
YBR036C,YBR097W,0,-0.47590744,0.11081559956073761,0.8706467747688293,0.702451229095459
YBR296C,YGR063C,0,-0.47591352,0.1108015701174736,0.8706467747688293,0.7025513052940369
YCR020C,YOR224C,0,-0.4759494,0.1107875406742096,0.8706467747688293,0.70265132188797
YKR062W,YPR108W,0,-0.4761353,0.11077351868152618,0.8706467747688293,0.7027513980865479
YIL004C,YAR010C,0,-0.476256,0.11075949668884277,0.8706467747688293,0.702851414680481
YBL075C,YDR297W,0,-0.47659683,0.11074547469615936,0.8706467747688293,0.7029514908790588
YPL157W,YPL060W,0,-0.47662288,0.11073146015405655,0.8706467747688293,0.7030515074729919
YLR287C-A,YNL151C,0,-0.47666433,0.11071744561195374,0.8706467747688293,0.7031515836715698
YIL126W,YNL091W,0,-0.47693613,0.11070343852043152,0.8706467747688293,0.7032516002655029
YGR104C,YBL103C,0,-0.47699955,0.1106894388794899,0.8706467747688293,0.7033516764640808
YNL206C,YJL080C,0,-0.47700593,0.11067543923854828,0.8706467747688293,0.7034517526626587
YDL229W,YML077W,0,-0.4772141,0.11066143959760666,0.8706467747688293,0.7035517692565918
YDL024C,YGL224C,1,-0.47734553,0.11077389866113663,0.8716418147087097,0.7035517692565918
YMR290C,YNL129W,0,-0.47740093,0.11075989156961441,0.8716418147087097,0.7036518454551697
YGR274C,YOR217W,0,-0.4774425,0.11074589192867279,0.8716418147087097,0.7037518620491028
YAL012W,YGR075C,0,-0.47774658,0.11073189228773117,0.8716418147087097,0.7038519382476807
YER062C,YGR208W,1,-0.47782084,0.11084428429603577,0.8726367950439453,0.7038519382476807
YLR142W,YPR047W,0,-0.47806156,0.11083027720451355,0.8726367950439453,0.7039519548416138
YIL074C,YDL060W,0,-0.47808826,0.11081627756357193,0.8726367950439453,0.7040520310401917
YDR022C,YER051W,0,-0.47810292,0.11080227047204971,0.8726367950439453,0.7041520476341248
YBR156C,YHR092C,0,-0.47818902,0.11078827828168869,0.8726367950439453,0.7042521238327026
YJR025C,YPR186C,0,-0.47832763,0.11077428609132767,0.8726367950439453,0.7043522000312805
YGL210W,YHR101C,0,-0.47838724,0.11076029390096664,0.8726367950439453,0.7044522166252136
YNR043W,YCL027W,0,-0.47839722,0.11074630916118622,0.8726367950439453,0.7045522928237915
YNL046W,YDL130W,0,-0.47855878,0.11073232442140579,0.8726367950439453,0.7046523094177246
YGL021W,YLR127C,0,-0.47858316,0.11071834713220596,0.8726367950439453,0.7047523856163025
YBR264C,YML074C,0,-0.4789176,0.11070436984300613,0.8726367950439453,0.7048524022102356
YJR075W,YNL191W,0,-0.4789759,0.1106903925538063,0.8726367950439453,0.7049524784088135
YML015C,YDL115C,0,-0.47911334,0.11067642271518707,0.8726367950439453,0.7050525546073914
YNL217W,YML100W,1,-0.47914672,0.11078864336013794,0.8736318349838257,0.7050525546073914
YMR290C,YDR158W,0,-0.47933403,0.11077466607093811,0.8736318349838257,0.7051525712013245
YPR166C,YMR086W,0,-0.47935918,0.11076068878173828,0.8736318349838257,0.7052526473999023
YHR027C,YDR088C,0,-0.47939402,0.11074671894311905,0.8736318349838257,0.7053526639938354
YFL004W,YNL061W,0,-0.47950906,0.11073275655508041,0.8736318349838257,0.7054527401924133
YGR223C,YJR135W-A,0,-0.47961712,0.11071878671646118,0.8736318349838257,0.7055527567863464
YPL111W,YKR009C,0,-0.47964823,0.11070483177900314,0.8736318349838257,0.7056528329849243
YMR297W,YMR184W,0,-0.47969967,0.11069086939096451,0.8736318349838257,0.7057528495788574
YLR238W,YNL206C,0,-0.47985262,0.11067692190408707,0.8736318349838257,0.7058529257774353
YOR167C,YKL004W,0,-0.47999525,0.11066296696662903,0.8736318349838257,0.7059530019760132
YBR024W,YIL160C,0,-0.48002362,0.11064902693033218,0.8736318349838257,0.7060530185699463
YNL210W,YMR312W,0,-0.48011276,0.11063507944345474,0.8736318349838257,0.7061530947685242
YBR241C,YJL121C,0,-0.48015404,0.1106211394071579,0.8736318349838257,0.7062531113624573
YIL074C,YMR208W,0,-0.48022854,0.11060720682144165,0.8736318349838257,0.7063531875610352
YMR211W,YOL156W,0,-0.48030403,0.1105932742357254,0.8736318349838257,0.7064532041549683
YER148W,YLR459W,0,-0.4803138,0.11057934165000916,0.8736318349838257,0.7065532803535461
YGR295C,YNR001C,0,-0.4804204,0.1105654165148735,0.8736318349838257,0.7066532969474792
YLR238W,YDR166C,0,-0.48050457,0.11055149883031845,0.8736318349838257,0.7067533731460571
YDR520C,YPL149W,0,-0.4805926,0.1105375811457634,0.8736318349838257,0.706853449344635
YGL185C,YBR251W,0,-0.48088282,0.11052366346120834,0.8736318349838257,0.7069534659385681
YAL020C,YPL103C,0,-0.48126486,0.11050975322723389,0.8736318349838257,0.707053542137146
YDL006W,YGR208W,1,-0.4813562,0.11062169820070267,0.874626874923706,0.707053542137146
YLR385C,YGL178W,0,-0.48236907,0.11060777306556702,0.874626874923706,0.7071535587310791
YDR033W,YGL185C,0,-0.4824705,0.11059386283159256,0.874626874923706,0.707253634929657
YER068W,YJR029W,0,-0.48265362,0.1105799451470375,0.874626874923706,0.7073536515235901
YGL229C,YOL065C,1,-0.48272848,0.11069182306528091,0.8756219148635864,0.7073536515235901
YHR067W,YDL085W,0,-0.48274112,0.11067790538072586,0.8756219148635864,0.707453727722168
YHL019C,YOR211C,0,-0.48280063,0.11066398024559021,0.8756219148635864,0.7075538039207458
YOR346W,YDR054C,0,-0.4828687,0.11065007001161575,0.8756219148635864,0.707653820514679
YMR098C,YPL214C,0,-0.48303685,0.1106361597776413,0.8756219148635864,0.7077538967132568
YGR047C,YLR343W,0,-0.4832541,0.11062224954366684,0.8756219148635864,0.7078539133071899
YLR100W,YER184C,0,-0.48330897,0.11060834676027298,0.8756219148635864,0.7079539895057678
YPL226W,YCR047C,0,-0.4834513,0.11059444397687912,0.8756219148635864,0.7080540060997009
YMR198W,YHR207C,0,-0.4834715,0.11058054864406586,0.8756219148635864,0.7081540822982788
YCR047C,YBR105C,0,-0.48355883,0.1105666533112526,0.8756219148635864,0.7082540988922119
YDR329C,YOR348C,0,-0.4836138,0.11055276542901993,0.8756219148635864,0.7083541750907898
YOR167C,YHR025W,0,-0.4836607,0.11053887754678726,0.8756219148635864,0.7084542512893677
YAL034W-A,YFL037W,0,-0.4838944,0.11052499711513519,0.8756219148635864,0.7085542678833008
YER036C,YMR122W-A,0,-0.48392066,0.11051111668348312,0.8756219148635864,0.7086543440818787
YOR067C,YDL110C,0,-0.48407826,0.11049723625183105,0.8756219148635864,0.7087543606758118
YDL136W,YLR126C,0,-0.4840815,0.11048336327075958,0.8756219148635864,0.7088544368743896
YJL153C,YER007W,0,-0.48418397,0.11046949774026871,0.8756219148635864,0.7089544534683228
YDR532C,YML085C,0,-0.4842085,0.11045563220977783,0.8756219148635864,0.7090545296669006
YMR088C,YER091C,0,-0.48424003,0.11044176667928696,0.8756219148635864,0.7091546058654785
YBR093C,YBR092C,1,-0.48428047,0.11055339127779007,0.876616895198822,0.7091546058654785
YML116W,YJL129C,0,-0.4845058,0.1105395257472992,0.876616895198822,0.7092546224594116
YOR167C,YBR087W,0,-0.4847886,0.11052565276622772,0.876616895198822,0.7093546986579895
YFR037C,YMR163C,0,-0.48509794,0.11051179468631744,0.876616895198822,0.7094547152519226
YBR055C,YER007W,0,-0.48511362,0.11049792915582657,0.876616895198822,0.7095547914505005
YNL039W,YMR292W,0,-0.48527795,0.11048407107591629,0.876616895198822,0.7096548080444336
YGL135W,YPL019C,0,-0.48530334,0.11047022044658661,0.876616895198822,0.7097548842430115
YDL030W,YGL157W,0,-0.48550075,0.11045636981725693,0.876616895198822,0.7098549008369446
YNL099C,YBR022W,1,-0.4855294,0.11056788265705109,0.8776119351387024,0.7098549008369446
YER099C,YKR059W,0,-0.4855634,0.11055402457714081,0.8776119351387024,0.7099549770355225
YJL033W,YGL147C,0,-0.48562288,0.11054016649723053,0.8776119351387024,0.7100550532341003
YHR076W,YBR296C,0,-0.4856763,0.11052631586790085,0.8776119351387024,0.7101550698280334
YDR103W,YKR097W,0,-0.48571986,0.11051246523857117,0.8776119351387024,0.7102551460266113
YJL157C,YBR009C,0,-0.48572084,0.11049862205982208,0.8776119351387024,0.7103551626205444
YLR214W,YLR106C,0,-0.48575687,0.110484778881073,0.8776119351387024,0.7104552388191223
YCR020C,YDR501W,0,-0.48578477,0.11047094315290451,0.8776119351387024,0.7105552554130554
YER036C,YAL035W,0,-0.48579794,0.11045710742473602,0.8776119351387024,0.7106553316116333
YBR156C,YNL325C,0,-0.4859797,0.11044327914714813,0.8776119351387024,0.7107553482055664
YMR122W-A,YGL084C,0,-0.4859849,0.11042945086956024,0.8776119351387024,0.7108554244041443
YDR299W,YDR252W,0,-0.4860241,0.11041562259197235,0.8776119351387024,0.7109555006027222
YDR239C,YML081C-A,0,-0.48610476,0.11040180176496506,0.8776119351387024,0.7110555171966553
YIL078W,YPL092W,0,-0.48621538,0.11038798838853836,0.8776119351387024,0.7111555933952332
YJR022W,YDR393W,0,-0.48631293,0.11037416756153107,0.8776119351387024,0.7112556099891663
YMR306W,YDR418W,0,-0.48638517,0.11036036163568497,0.8776119351387024,0.7113556861877441
YNR016C,YMR224C,0,-0.48638928,0.11034655570983887,0.8776119351387024,0.7114557027816772
YIL113W,YGR135W,0,-0.48655236,0.11033274978399277,0.8776119351387024,0.7115557789802551
YNL001W,YBR105C,0,-0.486557,0.11031895130872726,0.8776119351387024,0.711655855178833
YKL198C,YMR165C,0,-0.4867128,0.11030515283346176,0.8776119351387024,0.7117558717727661
YMR016C,YKR030W,0,-0.48685354,0.11029136180877686,0.8776119351387024,0.711855947971344
YAL023C,YDR118W,0,-0.4868812,0.11027757078409195,0.8776119351387024,0.7119559645652771
YGL147C,YIL090W,0,-0.48702064,0.11026377975940704,0.8776119351387024,0.712056040763855
YMR316W,YMR023C,0,-0.4872471,0.11025000363588333,0.8776119351387024,0.7121560573577881
YNR045W,YBR035C,0,-0.48736766,0.11023622006177902,0.8776119351387024,0.712256133556366
YLR212C,YDR239C,0,-0.48753774,0.11022244393825531,0.8776119351387024,0.7123561501502991
YPL177C,YER012W,0,-0.48766902,0.1102086752653122,0.8776119351387024,0.712456226348877
YOL133W,YBR009C,0,-0.48777518,0.11019489914178848,0.8776119351387024,0.7125563025474548
YLR008C,YML081C-A,0,-0.48780203,0.11018113791942596,0.8776119351387024,0.7126563191413879
YHR031C,YCR037C,0,-0.48807496,0.11016737669706345,0.8776119351387024,0.7127563953399658
YBR123C,YNL339C,0,-0.4883292,0.11015361547470093,0.8776119351387024,0.7128564119338989
YLL011W,YPL143W,0,-0.48842055,0.110139861702919,0.8776119351387024,0.7129564881324768
YBR033W,YNL039W,0,-0.48844218,0.11012610793113708,0.8776119351387024,0.7130565047264099
YDR481C,YDL024C,1,-0.48858112,0.11023720353841782,0.8786069750785828,0.7130565047264099
YGL191W,YLR154C,0,-0.48861128,0.1102234423160553,0.8786069750785828,0.7131565809249878
YNR020C,YNL189W,0,-0.48878926,0.11020968854427338,0.8786069750785828,0.7132566571235657
YHR143W,YOL030W,0,-0.48884737,0.11019593477249146,0.8786069750785828,0.7133566737174988
YGL090W,YBR009C,0,-0.48889756,0.11018218100070953,0.8786069750785828,0.7134567499160767
YDR436W,YGR208W,1,-0.4890726,0.1102932021021843,0.8796020150184631,0.7134567499160767
YLR459W,YDR134C,0,-0.48912957,0.11027944087982178,0.8796020150184631,0.7135567665100098
YBR291C,YNR070W,0,-0.48918465,0.11026568710803986,0.8796020150184631,0.7136568427085876
YOL003C,YLR438C-A,0,-0.48921022,0.11025193333625793,0.8796020150184631,0.7137568593025208
YDR315C,YER007W,0,-0.48925987,0.11023818701505661,0.8796020150184631,0.7138569355010986
YKR059W,YBR030W,0,-0.4892916,0.11022444069385529,0.8796020150184631,0.7139569520950317
YNL293W,YDR031W,0,-0.48939556,0.11021069437265396,0.8796020150184631,0.7140570282936096
YML018C,YBR264C,0,-0.48942018,0.11019695550203323,0.8796020150184631,0.7141571044921875
YOL133W,YGL155W,0,-0.489444,0.1101832240819931,0.8796020150184631,0.7142571210861206
YIR015W,YMR208W,0,-0.4895281,0.11016949266195297,0.8796020150184631,0.7143571972846985
YPL172C,YLR265C,0,-0.48958826,0.11015576124191284,0.8796020150184631,0.7144572138786316
YNL207W,YNL101W,0,-0.48974878,0.11014203727245331,0.8796020150184631,0.7145572900772095
YBR205W,YGR191W,0,-0.4897694,0.11012831330299377,0.8796020150184631,0.7146573066711426
YBL054W,YPR166C,0,-0.48998874,0.11011459678411484,0.8796020150184631,0.7147573828697205
YGR006W,YNL189W,0,-0.4900189,0.1101008877158165,0.8796020150184631,0.7148573994636536
YDL127W,YJR029W,0,-0.49008417,0.11008717119693756,0.8796020150184631,0.7149574756622314
YLL050C,YPL220W,0,-0.4904721,0.11007346212863922,0.8796020150184631,0.7150575518608093
YLR414C,YCL057C-A,0,-0.49053174,0.11005976051092148,0.8796020150184631,0.7151575684547424
YHL047C,YGR075C,0,-0.49055737,0.11004605889320374,0.8796020150184631,0.7152576446533203
YJL062W-A,YNR016C,0,-0.4905926,0.11003236472606659,0.8796020150184631,0.7153576612472534
YBR267W,YML104C,0,-0.49065772,0.11001867055892944,0.8796020150184631,0.7154577374458313
YGR104C,YAL043C,0,-0.49072158,0.1100049763917923,0.8796020150184631,0.7155577540397644
YBR291C,YHR129C,0,-0.49081713,0.10999128967523575,0.8796020150184631,0.7156578302383423
YDR420W,YHR086W,0,-0.49082485,0.1099776029586792,0.8796020150184631,0.7157579064369202
YHR153C,YDR117C,0,-0.4908486,0.10996392369270325,0.8796020150184631,0.7158579230308533
YOR306C,YPL092W,0,-0.49121994,0.10995025187730789,0.8796020150184631,0.7159579992294312
YKL089W,YIL026C,0,-0.491273,0.10993657261133194,0.8796020150184631,0.7160580158233643
YLR446W,YGR158C,0,-0.49128085,0.10992290824651718,0.8796020150184631,0.7161580920219421
YML015C,YMR221C,0,-0.49130628,0.10990923643112183,0.8796020150184631,0.7162581086158752
YDR224C,YNL129W,0,-0.49133998,0.10989557206630707,0.8796020150184631,0.7163581848144531
YMR165C,YFR028C,1,-0.4914267,0.11000621318817139,0.8805969953536987,0.7163581848144531
YML005W,YJL121C,0,-0.49147815,0.10999254137277603,0.8805969953536987,0.7164582014083862
YGR241C,YOR244W,0,-0.49148807,0.10997887700796127,0.8805969953536987,0.7165582776069641
YER133W,YNL010W,1,-0.49160454,0.11008946597576141,0.8815920352935791,0.7165582776069641
YIL172C,YLR098C,0,-0.49163228,0.11007578670978546,0.8815920352935791,0.716658353805542
YJL121C,YPR031W,0,-0.49197608,0.1100621148943901,0.8815920352935791,0.7167583703994751
YGR286C,YLR045C,0,-0.4920751,0.11004844307899475,0.8815920352935791,0.716858446598053
YMR070W,YFR037C,0,-0.49222645,0.1100347712635994,0.8815920352935791,0.7169584631919861
YLR448W,YDR534C,0,-0.49226457,0.11002110689878464,0.8815920352935791,0.717058539390564
YHR116W,YGL222C,0,-0.4924249,0.11000744998455048,0.8815920352935791,0.7171585559844971
YPR049C,YDR128W,0,-0.49257484,0.10999379307031631,0.8815920352935791,0.717258632183075
YJL129C,YOR075W,0,-0.49268538,0.10998013615608215,0.8815920352935791,0.7173587083816528
YBR058C-A,YKL028W,0,-0.4927076,0.10996648669242859,0.8815920352935791,0.7174587249755859
YMR235C,YHR172W,0,-0.4927709,0.10995284467935562,0.8815920352935791,0.7175588011741638
YOR337W,YER112W,0,-0.49309647,0.10993919521570206,0.8815920352935791,0.7176588177680969
YMR098C,YML085C,0,-0.49339402,0.10992556065320969,0.8815920352935791,0.7177588939666748
YPL194W,YOR322C,0,-0.49347654,0.10991191864013672,0.8815920352935791,0.7178589105606079
YBL030C,YOR182C,0,-0.49366945,0.10989829152822495,0.8815920352935791,0.7179589867591858
YER048W-A,YOL002C,0,-0.49394011,0.10988465696573257,0.8815920352935791,0.7180590033531189
YDR358W,YMR188C,0,-0.4939659,0.1098710298538208,0.8815920352935791,0.7181590795516968
YDR532C,YNL212W,0,-0.494043,0.10985741019248962,0.8815920352935791,0.7182591557502747
YKR050W,YKL164C,0,-0.49412572,0.10984379053115845,0.8815920352935791,0.7183591723442078
YIL150C,YJR126C,0,-0.4941921,0.10983017086982727,0.8815920352935791,0.7184592485427856
YAL041W,YLR381W,0,-0.49426675,0.10981655865907669,0.8815920352935791,0.7185592651367188
YOR047C,YOL031C,0,-0.49426892,0.10980294644832611,0.8815920352935791,0.7186593413352966
YJL090C,YOR080W,0,-0.49456376,0.10978934168815613,0.8815920352935791,0.7187593579292297
YPL231W,YLR079W,0,-0.4946326,0.10977573692798615,0.8815920352935791,0.7188594341278076
YLR237W,YGR061C,0,-0.4947838,0.10976213961839676,0.8815920352935791,0.7189594507217407
YGL128C,YLR097C,0,-0.49480128,0.10974854230880737,0.8815920352935791,0.7190595269203186
YOR257W,YDL200C,0,-0.4948406,0.10973495244979858,0.8815920352935791,0.7191596031188965
YHR031C,YHR167W,0,-0.4950255,0.1097213625907898,0.8815920352935791,0.7192596197128296
YNL032W,YOR014W,1,-0.49524242,0.10983160138130188,0.8825870752334595,0.7192596197128296
YLL062C,YMR012W,0,-0.49528456,0.1098180040717125,0.8825870752334595,0.7193596959114075
YOR326W,YOR322C,0,-0.49564335,0.10980440676212311,0.8825870752334595,0.7194597125053406
YDR436W,YDL134C,1,-0.4956896,0.10991459339857101,0.8835821151733398,0.7194597125053406
YGL224C,YLR410W,1,-0.49577796,0.11002475023269653,0.8845770955085754,0.7194597125053406
YOR039W,YPR047W,0,-0.4958685,0.11001113802194595,0.8845770955085754,0.7195597887039185
YBL075C,YBL054W,0,-0.4959835,0.10999752581119537,0.8845770955085754,0.7196598052978516
YHR031C,YNR008W,0,-0.49601865,0.1099839136004448,0.8845770955085754,0.7197598814964294
YNL001W,YEL021W,0,-0.49610958,0.10997030884027481,0.8845770955085754,0.7198599576950073
YKR090W,YNL210W,0,-0.4963584,0.10995671153068542,0.8845770955085754,0.7199599742889404
YLL013C,YJL158C,0,-0.49673498,0.10994311422109604,0.8845770955085754,0.7200600504875183
YMR142C,YPR041W,0,-0.49699152,0.10992951691150665,0.8845770955085754,0.7201600670814514
YKL179C,YML074C,0,-0.49707845,0.10991592705249786,0.8845770955085754,0.7202601432800293
YOR373W,YIL009C-A,0,-0.49709767,0.10990233719348907,0.8845770955085754,0.7203601598739624
YOL067C,YNL119W,0,-0.49711263,0.10988875478506088,0.8845770955085754,0.7204602360725403
YER048W-A,YER091C,0,-0.49740988,0.10987517237663269,0.8845770955085754,0.7205602526664734
YIL039W,YCR075C,0,-0.4974836,0.1098615899682045,0.8845770955085754,0.7206603288650513
YDL166C,YDR069C,0,-0.4975727,0.1098480150103569,0.8845770955085754,0.7207604050636292
YJR135C,YEL050C,0,-0.49763525,0.1098344475030899,0.8845770955085754,0.7208604216575623
YNR020C,YBR160W,0,-0.49763846,0.1098208799958229,0.8845770955085754,0.7209604978561401
YGR063C,YOR069W,0,-0.49786627,0.10980731248855591,0.8845770955085754,0.7210605144500732
YOR389W,YHR086W,0,-0.49787515,0.1097937524318695,0.8845770955085754,0.7211605906486511
YGR274C,YHL016C,0,-0.49793518,0.1097801923751831,0.8845770955085754,0.7212606072425842
YOR306C,YHR070W,0,-0.4980682,0.1097666397690773,0.8845770955085754,0.7213606834411621
YPR081C,YHR011W,0,-0.49810773,0.1097530871629715,0.8845770955085754,0.72146075963974
YFR003C,YLR304C,0,-0.49836606,0.10973954200744629,0.8845770955085754,0.7215607762336731
YGL222C,YBR213W,0,-0.4984554,0.10972599685192108,0.8845770955085754,0.721660852432251
YMR307W,YMR290C,0,-0.49856034,0.10971245169639587,0.8845770955085754,0.7217608690261841
YBL056W,YBR125C,1,-0.49869367,0.10982231050729752,0.8855721354484558,0.7217608690261841
YLR204W,YGR035C,0,-0.49885568,0.10980875790119171,0.8855721354484558,0.721860945224762
YJL198W,YMR017W,0,-0.49908724,0.1097952127456665,0.8855721354484558,0.7219609618186951
YNR061C,YPL074W,0,-0.4991007,0.1097816675901413,0.8855721354484558,0.722061038017273
YAL043C,YEL016C,0,-0.49912345,0.10976812988519669,0.8855721354484558,0.722161054611206
YGL249W,YNR001C,0,-0.49916708,0.10975459218025208,0.8855721354484558,0.7222611308097839
YML018C,YJR010C-A,0,-0.49919307,0.10974106192588806,0.8855721354484558,0.7223612070083618
YMR043W,YDR101C,0,-0.49919713,0.10972753167152405,0.8855721354484558,0.7224612236022949
YDR358W,YML042W,0,-0.49924362,0.10971400141716003,0.8855721354484558,0.7225612998008728
YML054C,YGR279C,0,-0.499381,0.10970047861337662,0.8855721354484558,0.7226613163948059
YPL121C,YDR014W,0,-0.49949348,0.1096869632601738,0.8855721354484558,0.7227613925933838
YKR037C,YNR022C,0,-0.4995352,0.10967344790697098,0.8855721354484558,0.7228614091873169
YDR421W,YDL008W,0,-0.49962437,0.10965993255376816,0.8855721354484558,0.7229614853858948
YML074C,YDR436W,0,-0.4996686,0.10964642465114594,0.8855721354484558,0.7230615019798279
YJL048C,YDR363W-A,0,-0.49979168,0.10963291674852371,0.8855721354484558,0.7231615781784058
YJR015W,YMR217W,0,-0.4998272,0.10961940884590149,0.8855721354484558,0.7232616543769836
YNL162W,YDL082W,0,-0.5000429,0.10960590839385986,0.8855721354484558,0.7233616709709167
YGL090W,YHR017W,0,-0.50006896,0.10959241539239883,0.8855721354484558,0.7234617471694946
YLR158C,YMR312W,0,-0.5002322,0.1095789223909378,0.8855721354484558,0.7235617637634277
YKL154W,YNL146W,0,-0.50025964,0.10956542938947678,0.8855721354484558,0.7236618399620056
YMR130W,YNL325C,1,-0.5003888,0.10967503488063812,0.8865671753883362,0.7236618399620056
YEL017C-A,YKR105C,0,-0.5004713,0.1096615418791771,0.8865671753883362,0.7237618565559387
YPR156C,YEL021W,0,-0.5006832,0.10964804142713547,0.8865671753883362,0.7238619327545166
YNL210W,YIL115C,0,-0.5007447,0.10963454842567444,0.8865671753883362,0.7239620089530945
YML027W,YOL005C,0,-0.50134987,0.109621062874794,0.8865671753883362,0.7240620255470276
YBR205W,YJL019W,0,-0.5013817,0.10960757732391357,0.8865671753883362,0.7241621017456055
YLR371W,YOR127W,0,-0.5014216,0.10959409922361374,0.8865671753883362,0.7242621183395386
YER029C,YHR081W,0,-0.5016983,0.1095806136727333,0.8865671753883362,0.7243621945381165
YPR192W,YOR080W,0,-0.50180686,0.10956714302301407,0.8865671753883362,0.7244622111320496
YBR156C,YBR092C,0,-0.501828,0.10955367237329483,0.8865671753883362,0.7245622873306274
YNL210W,YDR013W,0,-0.5021339,0.10954020172357559,0.8865671753883362,0.7246623039245605
YDR341C,YKL218C,0,-0.50215775,0.10952673852443695,0.8865671753883362,0.7247623801231384
YKL135C,YGR009C,0,-0.5022249,0.10951327532529831,0.8865671753883362,0.7248624563217163
YDR170W-A,YKR094C,0,-0.5022834,0.10949981212615967,0.8865671753883362,0.7249624729156494
YJR094W-A,YBR035C,0,-0.50246847,0.10948636382818222,0.8865671753883362,0.7250625491142273
YCR010C,YPR016C,0,-0.50252634,0.10947290807962418,0.8865671753883362,0.7251625657081604
YCR098C,YOR332W,0,-0.5027529,0.10945945978164673,0.8865671753883362,0.7252626419067383
YNL166C,YKR059W,0,-0.5029448,0.10944601148366928,0.8865671753883362,0.7253626585006714
YPL157W,YML125C,0,-0.5029586,0.10943257063627243,0.8865671753883362,0.7254627346992493
YGL021W,YGL119W,0,-0.503024,0.10941912978887558,0.8865671753883362,0.7255628108978271
YDR075W,YKL152C,1,-0.5030376,0.10952848941087723,0.8875622153282166,0.7255628108978271
YER099C,YMR163C,0,-0.5030411,0.10951504111289978,0.8875622153282166,0.7256628274917603
YLR286C,YOL140W,0,-0.50309086,0.10950159281492233,0.8875622153282166,0.7257629036903381
YMR223W,YCL031C,0,-0.5033352,0.10948815196752548,0.8875622153282166,0.7258629202842712
YDR478W,YML060W,0,-0.50335705,0.10947471857070923,0.8875622153282166,0.7259629964828491
YDR524C,YOL019W,0,-0.50338125,0.10946128517389297,0.8875622153282166,0.7260630130767822
YDR448W,YER126C,0,-0.5035377,0.10944785177707672,0.8875622153282166,0.7261630892753601
YDR248C,YJL033W,0,-0.50390124,0.10943442583084106,0.8875622153282166,0.7262631058692932
YLR096W,YHR081W,0,-0.50403845,0.10942099988460541,0.8875622153282166,0.7263631820678711
YGL035C,YLR158C,0,-0.5041528,0.10940758138895035,0.8875622153282166,0.726463258266449
YER173W,YKR105C,0,-0.5041606,0.10939416289329529,0.8875622153282166,0.7265632748603821
YBR237W,YDR501W,0,-0.50417197,0.10938074439764023,0.8875622153282166,0.72666335105896
YFR025C,YKL212W,1,-0.50431854,0.10948994755744934,0.8885571956634521,0.72666335105896
YDR251W,YNL339C,0,-0.50449216,0.10947652161121368,0.8885571956634521,0.7267633676528931
YJR110W,YHR086W,0,-0.50456995,0.10946310311555862,0.8885571956634521,0.726863443851471
YNR027W,YNL244C,0,-0.5045946,0.10944968461990356,0.8885571956634521,0.726963460445404
YJL155C,YDR287W,1,-0.50471413,0.1095588207244873,0.8895522356033325,0.726963460445404
YKR050W,YLR403W,0,-0.50472087,0.10954540222883224,0.8895522356033325,0.7270635366439819
YJR022W,YHR052W,0,-0.50477946,0.10953197628259659,0.8895522356033325,0.727163553237915
YMR080C,YDL056W,0,-0.50480133,0.10951855778694153,0.8895522356033325,0.7272636294364929
YHL044W,YOR386W,0,-0.50490373,0.10950514674186707,0.8895522356033325,0.7273637056350708
YLL013C,YKL183W,0,-0.50493324,0.1094917356967926,0.8895522356033325,0.7274637222290039
YCL061C,YER113C,0,-0.5051326,0.10947832465171814,0.8895522356033325,0.7275637984275818
YGL205W,YGL229C,0,-0.5052069,0.10946492105722427,0.8895522356033325,0.7276638150215149
YDR121W,YNL339C,0,-0.50521004,0.10945151746273041,0.8895522356033325,0.7277638912200928
YDR425W,YDR018C,0,-0.5054328,0.10943812131881714,0.8895522356033325,0.7278639078140259
YHR046C,YNL146W,0,-0.5056572,0.10942472517490387,0.8895522356033325,0.7279639840126038
YLR090W,YLR204W,0,-0.50592494,0.1094113364815712,0.8895522356033325,0.7280640602111816
YHR092C,YKL198C,0,-0.50610816,0.10939794778823853,0.8895522356033325,0.7281640768051147
YNL311C,YML034W,0,-0.50615466,0.10938455909490585,0.8895522356033325,0.7282641530036926
YML094W,YML034W,0,-0.5062492,0.10937117785215378,0.8895522356033325,0.7283641695976257
YNL112W,YMR004W,0,-0.50630844,0.1093577966094017,0.8895522356033325,0.7284642457962036
YKR037C,YJL080C,0,-0.50655997,0.10934442281723022,0.8895522356033325,0.7285642623901367
YER036C,YNR020C,0,-0.50661534,0.10933104902505875,0.8895522356033325,0.7286643385887146
YDL210W,YJL048C,0,-0.50692844,0.10931768268346786,0.8895522356033325,0.7287643551826477
YIL150C,YOR096W,0,-0.50740427,0.10930431634187698,0.8895522356033325,0.7288644313812256
YPL231W,YJR126C,0,-0.5074446,0.1092909500002861,0.8895522356033325,0.7289645075798035
YLR154C,YBR241C,0,-0.50769085,0.10927759110927582,0.8895522356033325,0.7290645241737366
YFR037C,YDR120C,0,-0.50782454,0.10926423966884613,0.8895522356033325,0.7291646003723145
YGL222C,YDL112W,0,-0.5081308,0.10925088822841644,0.8895522356033325,0.7292646169662476
YJL046W,YDR421W,0,-0.50830007,0.10923753678798676,0.8895522356033325,0.7293646931648254
YNL061W,YCR053W,0,-0.5083901,0.10922419279813766,0.8895522356033325,0.7294647097587585
YAR071W,YLR377C,1,-0.50855464,0.10933300852775574,0.8905472755432129,0.7294647097587585
YDR511W,YPL074W,0,-0.50861394,0.10931964963674545,0.8905472755432129,0.7295647859573364
YPR102C,YPR168W,0,-0.5086957,0.10930629819631577,0.8905472755432129,0.7296648621559143
YMR036C,YBR093C,1,-0.50890595,0.10941506922245026,0.8915423154830933,0.7296648621559143
YDR503C,YPR186C,0,-0.5090142,0.10940171033143997,0.8915423154830933,0.7297648787498474
YDR320C-A,YLR040C,0,-0.50911057,0.10938835144042969,0.8915423154830933,0.7298649549484253
YLR032W,YDR362C,0,-0.5091484,0.109375,0.8915423154830933,0.7299649715423584
YBR240C,YDR448W,0,-0.5093064,0.10936164855957031,0.8915423154830933,0.7300650477409363
YHR027C,YLR403W,0,-0.509335,0.10934830456972122,0.8915423154830933,0.7301650643348694
YDR075W,YAR071W,1,-0.50948095,0.10945698618888855,0.8925372958183289,0.7301650643348694
YBR097W,YBR142W,0,-0.5095639,0.10944363474845886,0.8925372958183289,0.7302651405334473
YJL065C,YKL010C,0,-0.5096332,0.10943027585744858,0.8925372958183289,0.7303651571273804
YNL217W,YOL065C,1,-0.5098993,0.10953891277313232,0.8935323357582092,0.7303651571273804
YML009C,YMR303C,0,-0.5099013,0.10952555388212204,0.8935323357582092,0.7304652333259583
YJR094W-A,YOR044W,0,-0.50997436,0.10951219499111176,0.8935323357582092,0.7305653095245361
YGL106W,YBR142W,0,-0.51012915,0.10949884355068207,0.8935323357582092,0.7306653261184692
YDR224C,YER153C,0,-0.5102262,0.10948549211025238,0.8935323357582092,0.7307654023170471
YDL019C,YEL017C-A,0,-0.51028275,0.10947214066982269,0.8935323357582092,0.7308654189109802
YFL002W-A,YDL008W,0,-0.5103065,0.1094588041305542,0.8935323357582092,0.7309654951095581
YBL017C,YOR067C,0,-0.5103087,0.10944546014070511,0.8935323357582092,0.7310655117034912
YOR389W,YNR020C,0,-0.510313,0.10943212360143661,0.8935323357582092,0.7311655879020691
YPL177C,YBR142W,0,-0.51044536,0.10941878706216812,0.8935323357582092,0.7312656044960022
YJR058C,YDR402C,0,-0.51051134,0.10940545797348022,0.8935323357582092,0.7313656806945801
YPL031C,YLR304C,0,-0.5107557,0.10939212888479233,0.8935323357582092,0.731465756893158
YDR329C,YDL184C,0,-0.51083994,0.10937880724668503,0.8935323357582092,0.7315657734870911
YGL206C,YOL147C,0,-0.5111939,0.10936548560857773,0.8935323357582092,0.731665849685669
YGL123W,YPL033C,0,-0.5112215,0.10935216397047043,0.8935323357582092,0.731765866279602
YKL154W,YPR042C,0,-0.51124567,0.10933884978294373,0.8935323357582092,0.7318659424781799
YOR047C,YDL166C,0,-0.5112573,0.10932554304599762,0.8935323357582092,0.731965959072113
YGL253W,YNR070W,0,-0.5113209,0.10931223630905151,0.8935323357582092,0.7320660352706909
YCL069W,YOR269W,0,-0.5113365,0.10929892957210541,0.8935323357582092,0.7321661114692688
YDR096W,YDL200C,0,-0.5114333,0.1092856302857399,0.8935323357582092,0.7322661280632019
YCR079W,YHR004C,1,-0.5116499,0.10939401388168335,0.8945273756980896,0.7322661280632019
YOR381W,YMR282C,0,-0.5117587,0.10938069969415665,0.8945273756980896,0.7323662042617798
YDR440W,YBR175W,0,-0.5117992,0.10936739295721054,0.8945273756980896,0.7324662208557129
YOR373W,YMR012W,0,-0.5120363,0.10935409367084503,0.8945273756980896,0.7325662970542908
YNL053W,YNL106C,1,-0.5120789,0.10946241766214371,0.89552241563797,0.7325662970542908
YNL227C,YGR123C,0,-0.51212806,0.109449103474617,0.89552241563797,0.7326663136482239
YJR097W,YNL101W,0,-0.5121701,0.1094357967376709,0.89552241563797,0.7327663898468018
YBR156C,YHR013C,0,-0.5122951,0.10942249000072479,0.89552241563797,0.7328664064407349
YGR008C,YGR295C,0,-0.51230675,0.10940919071435928,0.89552241563797,0.7329664826393127
YDR299W,YIR017C,0,-0.51239127,0.10939589142799377,0.89552241563797,0.7330665588378906
YDR036C,YML091C,0,-0.51246506,0.10938259959220886,0.89552241563797,0.7331665754318237
YER088C,YBR214W,0,-0.5127666,0.10936930030584335,0.89552241563797,0.7332666516304016
YGR035C,YIL155C,0,-0.51283467,0.10935601592063904,0.89552241563797,0.7333666682243347
YKL010C,YOR306C,0,-0.5129663,0.10934273153543472,0.89552241563797,0.7334667444229126
YBR009C,YJL109C,0,-0.51299906,0.10932944715023041,0.89552241563797,0.7335667610168457
YNL339C,YER012W,0,-0.5133429,0.10931617021560669,0.89552241563797,0.7336668372154236
YOR057W,YJL041W,0,-0.5135524,0.10930289328098297,0.89552241563797,0.7337668538093567
YGL251C,YER180C,0,-0.5136218,0.10928961634635925,0.89552241563797,0.7338669300079346
YNR008W,YOR246C,0,-0.5140598,0.10927634686231613,0.89552241563797,0.7339670062065125
YFL036W,YDR031W,0,-0.51411706,0.10926308482885361,0.89552241563797,0.7340670228004456
YHR028C,YNL146W,0,-0.514169,0.10924981534481049,0.89552241563797,0.7341670989990234
YOL117W,YMR224C,0,-0.5142159,0.10923656076192856,0.89552241563797,0.7342671155929565
YMR098C,YLR286C,0,-0.51433754,0.10922329872846603,0.89552241563797,0.7343671917915344
YJL046W,YDL008W,0,-0.51450104,0.1092100441455841,0.89552241563797,0.7344672083854675
YDL051W,YLR010C,0,-0.51458704,0.10919679701328278,0.89552241563797,0.7345672845840454
YHR025W,YJL148W,0,-0.5146811,0.10918354988098145,0.89552241563797,0.7346673607826233
YNL007C,YOL125W,0,-0.5147481,0.10917030274868011,0.89552241563797,0.7347673773765564
YCL059C,YLR327C,0,-0.5150269,0.10915706306695938,0.89552241563797,0.7348674535751343
YGL136C,YDR279W,0,-0.5151524,0.10914383083581924,0.89552241563797,0.7349674701690674
YKL212W,YNL222W,1,-0.5151533,0.10925184935331345,0.8965173959732056,0.7349674701690674
YGL135W,YNL339C,0,-0.5156311,0.10923860222101212,0.8965173959732056,0.7350675463676453
YBR041W,YBR159W,0,-0.51567984,0.10922536253929138,0.8965173959732056,0.7351675629615784
YNL206C,YCL057C-A,0,-0.5159028,0.10921212285757065,0.8965173959732056,0.7352676391601562
YDL056W,YOR322C,0,-0.51603985,0.10919888317584991,0.8965173959732056,0.7353676557540894
YOR047C,YMR257C,0,-0.5161665,0.10918565094470978,0.8965173959732056,0.7354677319526672
YDL190C,YHR017W,0,-0.51621276,0.10917241871356964,0.8965173959732056,0.7355678081512451
YOR373W,YML012W,0,-0.5165911,0.1091591939330101,0.8965173959732056,0.7356678247451782
YBR033W,YPL269W,0,-0.51659703,0.10914596915245056,0.8965173959732056,0.7357679009437561
YJR010C-A,YGR001C,0,-0.51659745,0.10913275182247162,0.8965173959732056,0.7358679175376892
YDR334W,YDR402C,0,-0.51662636,0.10911953449249268,0.8965173959732056,0.7359679937362671
YCR098C,YLR207W,0,-0.5167012,0.10910632461309433,0.8965173959732056,0.7360680103302002
YCR040W,YDL017W,0,-0.5167338,0.10909310728311539,0.8965173959732056,0.7361680865287781
YJL062W-A,YML085C,0,-0.5168336,0.10907990485429764,0.8965173959732056,0.736268162727356
YPL177C,YOR211C,0,-0.5169812,0.10906670242547989,0.8965173959732056,0.7363681793212891
YGL210W,YLR045C,0,-0.5171,0.10905349999666214,0.8965173959732056,0.7364682555198669
YOR315W,YPL258C,0,-0.51717913,0.10904029756784439,0.8965173959732056,0.7365682721138
YLR100W,YOL072W,0,-0.51723504,0.10902710258960724,0.8965173959732056,0.7366683483123779
YLL038C,YJL080C,0,-0.51738083,0.10901391506195068,0.8965173959732056,0.736768364906311
YER095W,YMR282C,0,-0.5175642,0.10900072753429413,0.8965173959732056,0.7368684411048889
YKR062W,YFR003C,0,-0.5177059,0.10898754000663757,0.8965173959732056,0.736968457698822
YDL024C,YLR361C,1,-0.51774615,0.10909530520439148,0.8975124359130859,0.736968457698822
YDR060W,YPL143W,0,-0.51775223,0.10908211022615433,0.8975124359130859,0.7370685338973999
YKL108W,YMR165C,0,-0.5179066,0.10906892269849777,0.8975124359130859,0.7371686100959778
YIL093C,YMR217W,0,-0.5179862,0.10905573517084122,0.8975124359130859,0.7372686266899109
YAL023C,YKR105C,0,-0.5180023,0.10904255509376526,0.8975124359130859,0.7373687028884888
YHR105W,YCR092C,0,-0.5180043,0.1090293750166893,0.8975124359130859,0.7374687194824219
YBL088C,YKL028W,0,-0.518175,0.10901619493961334,0.8975124359130859,0.7375687956809998
YLR090W,YOR069W,0,-0.51822925,0.10900302231311798,0.8975124359130859,0.7376688122749329
YAL041W,YGL213C,0,-0.5182722,0.10898984968662262,0.8975124359130859,0.7377688884735107
YDL192W,YGL249W,0,-0.51829517,0.10897668451070786,0.8975124359130859,0.7378689050674438
YJL102W,YGL040C,0,-0.5185103,0.10896351933479309,0.8975124359130859,0.7379689812660217
YDL043C,YML081C-A,0,-0.5185136,0.10895035415887833,0.8975124359130859,0.7380690574645996
YPR178W,YOR242C,0,-0.5188106,0.10893719643354416,0.8975124359130859,0.7381690740585327
YDL141W,YBL082C,0,-0.51916665,0.10892404615879059,0.8975124359130859,0.7382691502571106
YCR092C,YDR044W,0,-0.5192201,0.10891088843345642,0.8975124359130859,0.7383691668510437
YML091C,YER012W,0,-0.51925224,0.10889774560928345,0.8975124359130859,0.7384692430496216
YDL006W,YGL222C,0,-0.5193,0.10888459533452988,0.8975124359130859,0.7385692596435547
YGL253W,YCR010C,0,-0.51940155,0.1088714525103569,0.8975124359130859,0.7386693358421326
YLR433C,YGR061C,0,-0.51951027,0.10885831713676453,0.8975124359130859,0.7387694120407104
YDL229W,YER044C,0,-0.5195218,0.10884518176317215,0.8975124359130859,0.7388694286346436
YOR386W,YBR058C-A,0,-0.5196114,0.10883204638957977,0.8975124359130859,0.7389695048332214
YOR175C,YPL121C,0,-0.52032954,0.108818918466568,0.8975124359130859,0.7390695214271545
YGR088W,YAR018C,0,-0.520332,0.10880579054355621,0.8975124359130859,0.7391695976257324
YGL173C,YBR012W-B,0,-0.52056557,0.10879267007112503,0.8975124359130859,0.7392696142196655
YEL050C,YLR306W,0,-0.52056843,0.10877954959869385,0.8975124359130859,0.7393696904182434
YER131W,YDR210W-B,0,-0.5205968,0.10876642912626266,0.8975124359130859,0.7394697070121765
YJR104C,YIL009C-A,0,-0.5206159,0.10875331610441208,0.8975124359130859,0.7395697832107544
YMR264W,YER153C,0,-0.5206625,0.10874020308256149,0.8975124359130859,0.7396698594093323
YDR347W,YDR036C,0,-0.52072924,0.1087270975112915,0.8975124359130859,0.7397698760032654
YMR171C,YFR006W,0,-0.5207521,0.10871399194002151,0.8975124359130859,0.7398699522018433
YGL021W,YBL088C,0,-0.52088195,0.10870089381933212,0.8975124359130859,0.7399699687957764
YDL056W,YAL025C,0,-0.52089655,0.10868779569864273,0.8975124359130859,0.7400700449943542
YGR035C,YDR251W,0,-0.52092063,0.10867469757795334,0.8975124359130859,0.7401700615882874
YDL060W,YGL106W,0,-0.5212635,0.10866160690784454,0.8975124359130859,0.7402701377868652
YNR040W,YGR194C,0,-0.5214987,0.10864851623773575,0.8975124359130859,0.7403702139854431
YGL251C,YCR054C,0,-0.52152365,0.10863543301820755,0.8975124359130859,0.7404702305793762
YER140W,YBR012W-A,0,-0.5215291,0.10862234979867935,0.8975124359130859,0.7405703067779541
YDR270W,YCL061C,0,-0.5215382,0.10860927402973175,0.8975124359130859,0.7406703233718872
YCL063W,YLR048W,0,-0.5217922,0.10859619826078415,0.8975124359130859,0.7407703995704651
YDL030W,YDR128W,0,-0.5221075,0.10858312249183655,0.8975124359130859,0.7408704161643982
YDR320C-A,YAR007C,0,-0.5222213,0.10857005417346954,0.8975124359130859,0.7409704923629761
YJL129C,YLR450W,0,-0.522296,0.10855698585510254,0.8975124359130859,0.7410705089569092
YJR001W,YMR204C,0,-0.5224322,0.10854392498731613,0.8975124359130859,0.7411705851554871
YOR381W,YOL125W,0,-0.5225328,0.10853086411952972,0.8975124359130859,0.7412706613540649
YNL096C,YPL202C,0,-0.52273554,0.10851780325174332,0.8975124359130859,0.741370677947998
YKR038C,YER048W-A,0,-0.523002,0.1085047498345375,0.8975124359130859,0.7414707541465759
YGL120C,YOR036W,0,-0.5232825,0.10849170386791229,0.8975124359130859,0.741570770740509
YDL127W,YDR069C,0,-0.5233034,0.10847865045070648,0.8975124359130859,0.7416708469390869
YDL210W,YLR134W,0,-0.52333176,0.10846561193466187,0.8975124359130859,0.74177086353302
YJR010C-A,YOR063W,0,-0.5233924,0.10845256596803665,0.8975124359130859,0.7418709397315979
YML129C,YDR121W,0,-0.5234394,0.10843952745199203,0.8975124359130859,0.741970956325531
YOL065C,YJR010C-A,0,-0.5234746,0.10842649638652802,0.8975124359130859,0.7420710325241089
YDR532C,YPR049C,0,-0.5234785,0.1084134578704834,0.8975124359130859,0.7421711087226868
YLR373C,YCR098C,0,-0.52379435,0.10840043425559998,0.8975124359130859,0.7422711253166199
YBL093C,YGR158C,0,-0.5238209,0.10838740319013596,0.8975124359130859,0.7423712015151978
YLR419W,YGL003C,0,-0.5238496,0.10837438702583313,0.8975124359130859,0.7424712181091309
YOR315W,YMR188C,0,-0.5238878,0.10836136341094971,0.8975124359130859,0.7425712943077087
YKL173W,YMR201C,0,-0.52400684,0.10834834724664688,0.8975124359130859,0.7426713109016418
YJL219W,YER120W,0,-0.5240236,0.10833533853292465,0.8975124359130859,0.7427713871002197
YBR267W,YBL069W,0,-0.524103,0.10832232236862183,0.8975124359130859,0.7428714632987976
YHR105W,YGR054W,0,-0.52410674,0.1083093211054802,0.8975124359130859,0.7429714798927307
YHL036W,YAL003W,0,-0.5242752,0.10829631239175797,0.8975124359130859,0.7430715560913086
YHR171W,YNR043W,0,-0.524288,0.10828331112861633,0.8975124359130859,0.7431715726852417
YOR167C,YGR234W,0,-0.5245252,0.1082703173160553,0.8975124359130859,0.7432716488838196
YMR316W,YNL151C,0,-0.5246505,0.10825732350349426,0.8975124359130859,0.7433716654777527
YPL085W,YPL033C,0,-0.52475893,0.10824432969093323,0.8975124359130859,0.7434717416763306
YLL013C,YPL204W,0,-0.52485013,0.10823134332895279,0.8975124359130859,0.7435717582702637
YLL013C,YNR016C,0,-0.5251404,0.10821835696697235,0.8975124359130859,0.7436718344688416
YDL229W,YDR363W-A,0,-0.5251528,0.10820537060499191,0.8975124359130859,0.7437719106674194
YOR381W,YPL095C,0,-0.52519876,0.10819239169359207,0.8975124359130859,0.7438719272613525
YAR010C,YNL101W,0,-0.5252066,0.10817942023277283,0.8975124359130859,0.7439720034599304
YDL190C,YGR154C,0,-0.52527004,0.10816644877195358,0.8975124359130859,0.7440720200538635
YDR067C,YLR377C,1,-0.52527547,0.10827337950468063,0.8985074758529663,0.7440720200538635
YBL017C,YGL031C,0,-0.52566457,0.10826040059328079,0.8985074758529663,0.7441720962524414
YOR288C,YDR069C,0,-0.52568686,0.10824742168188095,0.8985074758529663,0.7442721128463745
YDR075W,YLR361C,1,-0.52569276,0.10835430771112442,0.8995025157928467,0.7442721128463745
YIL171W,YKR104W,0,-0.5257194,0.10834132134914398,0.8995025157928467,0.7443721890449524
YMR094W,YLR147C,0,-0.5259986,0.10832834243774414,0.8995025157928467,0.7444722652435303
YDL138W,YOR066W,0,-0.525999,0.1083153635263443,0.8995025157928467,0.7445722818374634
YDR318W,YGR286C,0,-0.5260809,0.10830238461494446,0.8995025157928467,0.7446723580360413
YNL306W,YCL061C,0,-0.5261132,0.10828941315412521,0.8995025157928467,0.7447723746299744
YAL020C,YBR299W,0,-0.526572,0.10827644169330597,0.8995025157928467,0.7448724508285522
YCR009C,YOL077C,0,-0.52659225,0.10826347023248672,0.8995025157928467,0.7449724674224854
YNR050C,YCR081W,0,-0.5266188,0.10825050622224808,0.8995025157928467,0.7450725436210632
YBR087W,YPL090C,0,-0.5267324,0.10823754966259003,0.8995025157928467,0.7451725602149963
YML042W,YHR147C,0,-0.5267405,0.10822459310293198,0.8995025157928467,0.7452726364135742
YMR165C,YOR090C,1,-0.5268142,0.1083313375711441,0.9004974961280823,0.7452726364135742
YJR160C,YMR165C,0,-0.52692544,0.10831837356090546,0.9004974961280823,0.7453727126121521
YNL146W,YNL188W,0,-0.5269752,0.10830540955066681,0.9004974961280823,0.7454727292060852
YBR040W,YPR032W,0,-0.52710694,0.10829245299100876,0.9004974961280823,0.7455728054046631
YOR308C,YBL023C,0,-0.52753186,0.10827948898077011,0.9004974961280823,0.7456728219985962
YMR043W,YPR096C,0,-0.5278429,0.10826653987169266,0.9004974961280823,0.7457728981971741
YCR020C,YER007W,0,-0.5279354,0.1082535907626152,0.9004974961280823,0.7458729147911072
YMR198W,YBR105C,0,-0.52796894,0.10824064165353775,0.9004974961280823,0.7459729909896851
YLR419W,YDR393W,0,-0.5282847,0.1082276999950409,0.9004974961280823,0.7460730075836182
YLR396C,YPR118W,0,-0.5285577,0.10821475833654404,0.9004974961280823,0.746173083782196
YBL020W,YER110C,0,-0.5287417,0.10820181667804718,0.9004974961280823,0.7462731599807739
YNL218W,YCL057C-A,0,-0.528753,0.10818888247013092,0.9004974961280823,0.746373176574707
YMR188C,YLR048W,0,-0.5287592,0.10817594826221466,0.9004974961280823,0.7464732527732849
YGR062C,YNL339C,0,-0.52883285,0.108163021504879,0.9004974961280823,0.746573269367218
YLR090W,YLR238W,0,-0.5288802,0.10815009474754333,0.9004974961280823,0.7466733455657959
YDL114W,YLR419W,0,-0.52901137,0.10813717544078827,0.9004974961280823,0.746773362159729
YJL046W,YCR092C,0,-0.52904314,0.1081242561340332,0.9004974961280823,0.7468734383583069
YBL057C,YNL248C,0,-0.52907336,0.10811133682727814,0.9004974961280823,0.7469735145568848
YDL115C,YOR346W,0,-0.5292226,0.10809842497110367,0.9004974961280823,0.7470735311508179
YDR299W,YKL056C,0,-0.52932733,0.1080855131149292,0.9004974961280823,0.7471736073493958
YDR356W,YGR154C,0,-0.5294386,0.10807260870933533,0.9004974961280823,0.7472736239433289
YBR041W,YCL069W,0,-0.5296065,0.10805970430374146,0.9004974961280823,0.7473737001419067
YLR040C,YHR044C,0,-0.5298184,0.10804679989814758,0.9004974961280823,0.7474737167358398
YOL139C,YNL185C,0,-0.5301082,0.10803390294313431,0.9004974961280823,0.7475737929344177
YIL009C-A,YNL146W,0,-0.53015685,0.10802100598812103,0.9004974961280823,0.7476738095283508
YMR098C,YOL072W,0,-0.5303626,0.10800811648368835,0.9004974961280823,0.7477738857269287
YER099C,YOL125W,0,-0.53082424,0.10799522697925568,0.9004974961280823,0.7478739619255066
YER148W,YNL292W,0,-0.53085244,0.107982337474823,0.9004974961280823,0.7479739785194397
YHR172W,YOL149W,0,-0.5308575,0.10796945542097092,0.9004974961280823,0.7480740547180176
YJR075W,YER113C,0,-0.53093964,0.10795658081769943,0.9004974961280823,0.7481740713119507
YEL054C,YMR208W,0,-0.5310003,0.10794369876384735,0.9004974961280823,0.7482741475105286
YBL017C,YLR127C,0,-0.5310579,0.10793083161115646,0.9004974961280823,0.7483741641044617
YPL068C,YDR421W,0,-0.5312393,0.10791795700788498,0.9004974961280823,0.7484742403030396
YCR096C,YOR386W,0,-0.5313598,0.10790508985519409,0.9004974961280823,0.7485743165016174
YGR063C,YER051W,0,-0.5316632,0.1078922301530838,0.9004974961280823,0.7486743330955505
YML077W,YMR045C,0,-0.53171086,0.10787936300039291,0.9004974961280823,0.7487744092941284
YIL150C,YJL136C,0,-0.5317285,0.10786651074886322,0.9004974961280823,0.7488744258880615
YBR214W,YNL217W,0,-0.5320347,0.10785365104675293,0.9004974961280823,0.7489745020866394
YBL075C,YOR369C,0,-0.5320364,0.10784079879522324,0.9004974961280823,0.7490745186805725
YDR478W,YMR026C,0,-0.5321029,0.10782795399427414,0.9004974961280823,0.7491745948791504
YOR096W,YMR122W-A,0,-0.53218496,0.10781510919332504,0.9004974961280823,0.7492746114730835
YJR110W,YBL057C,0,-0.53229284,0.10780226439237595,0.9004974961280823,0.7493746876716614
YDR379W,YJR010C-A,0,-0.5323942,0.10778942704200745,0.9004974961280823,0.7494747638702393
YGL089C,YLR276C,0,-0.5324388,0.10777658969163895,0.9004974961280823,0.7495747804641724
YBR176W,YGR191W,0,-0.53282505,0.10776375234127045,0.9004974961280823,0.7496748566627502
YCR020C,YGR234W,0,-0.5328704,0.10775092244148254,0.9004974961280823,0.7497748732566833
YKR094C,YKL021C,0,-0.53323925,0.10773809254169464,0.9004974961280823,0.7498749494552612
YOR269W,YLR186W,0,-0.5334401,0.10772527009248734,0.9004974961280823,0.7499749660491943
YBR048W,YOR063W,0,-0.5334652,0.10771244764328003,0.9004974961280823,0.7500750422477722
YLR364W,YDR231C,0,-0.53357714,0.10769963264465332,0.9004974961280823,0.7501750588417053
YOR348C,YLR286C,0,-0.5336168,0.10768681764602661,0.9004974961280823,0.7502751350402832
YMR233W,YHR081W,0,-0.5339302,0.1076740026473999,0.9004974961280823,0.7503752112388611
YNL322C,YGR286C,0,-0.53394824,0.10766119509935379,0.9004974961280823,0.7504752278327942
YHR036W,YGR279C,0,-0.53397655,0.10764838755130768,0.9004974961280823,0.7505753040313721
YCR028C,YDR393W,0,-0.53410554,0.10763558745384216,0.9004974961280823,0.7506753206253052
YML012W,YNL227C,0,-0.53412026,0.10762278735637665,0.9004974961280823,0.7507753968238831
YNL291C,YML104C,0,-0.5342479,0.10760998725891113,0.9004974961280823,0.7508754134178162
YNL188W,YER112W,0,-0.534379,0.10759719461202621,0.9004974961280823,0.750975489616394
YJL033W,YJR160C,0,-0.53438395,0.1075844019651413,0.9004974961280823,0.7510755658149719
YDR130C,YJL109C,0,-0.5345922,0.10757161676883698,0.9004974961280823,0.751175582408905
YGL178W,YHR184W,0,-0.5346557,0.10755883157253265,0.9004974961280823,0.7512756586074829
YNL049C,YIL072W,0,-0.5346592,0.10754604637622833,0.9004974961280823,0.751375675201416
YDL138W,YER180C,0,-0.5346995,0.10753326863050461,0.9004974961280823,0.7514757513999939
YOL139C,YBR097W,0,-0.5347826,0.10752049088478088,0.9004974961280823,0.751575767993927
YER086W,YPL149W,0,-0.53528136,0.10750772058963776,0.9004974961280823,0.7516758441925049
YGL021W,YPR122W,0,-0.53538215,0.10749495029449463,0.9004974961280823,0.751775860786438
YML043C,YNL339C,0,-0.5353953,0.1074821874499321,0.9004974961280823,0.7518759369850159
YAL013W,YDR077W,0,-0.53549194,0.10746942460536957,0.9004974961280823,0.7519760131835938
YGL120C,YOR120W,0,-0.53554094,0.10745666176080704,0.9004974961280823,0.7520760297775269
YER140W,YHL036W,0,-0.5356268,0.1074439063668251,0.9004974961280823,0.7521761059761047
YDL144C,YDR421W,0,-0.53569746,0.10743115097284317,0.9004974961280823,0.7522761225700378
YOL156W,YGR286C,0,-0.5359824,0.10741839557886124,0.9004974961280823,0.7523761987686157
YPR186C,YCL050C,0,-0.5361389,0.1074056476354599,0.9004974961280823,0.7524762153625488
YCR053W,YDR120C,0,-0.53628075,0.10739290714263916,0.9004974961280823,0.7525762915611267
YDR261W-B,YHR186C,0,-0.5362927,0.10738015919923782,0.9004974961280823,0.7526763677597046
YGL119W,YGL157W,0,-0.5362997,0.10736741870641708,0.9004974961280823,0.7527763843536377
YCR081W,YER110C,0,-0.5366315,0.10735468566417694,0.9004974961280823,0.7528764605522156
YPL195W,YOL109W,0,-0.5366637,0.1073419526219368,0.9004974961280823,0.7529764771461487
YNL308C,YDR239C,0,-0.5367223,0.10732921957969666,0.9004974961280823,0.7530765533447266
YNL280C,YNL129W,0,-0.536765,0.10731649398803711,0.9004974961280823,0.7531765699386597
YAR018C,YMR292W,0,-0.53706425,0.10730376839637756,0.9004974961280823,0.7532766461372375
YPR137C-B,YOL120C,0,-0.53706825,0.10729105025529861,0.9004974961280823,0.7533766627311707
YOR116C,YAL021C,0,-0.53713214,0.10727833211421967,0.9004974961280823,0.7534767389297485
YLR035C-A,YMR184W,0,-0.5372613,0.10726561397314072,0.9004974961280823,0.7535768151283264
YDR038C,YNR050C,0,-0.5375595,0.10725290328264236,0.9004974961280823,0.7536768317222595
YLR015W,YKR105C,0,-0.5375768,0.10724019259214401,0.9004974961280823,0.7537769079208374
YJR160C,YIL111W,0,-0.53769124,0.10722748935222626,0.9004974961280823,0.7538769245147705
YDR326C,YMR292W,0,-0.537827,0.1072147861123085,0.9004974961280823,0.7539770007133484
YLR098C,YHR044C,0,-0.538008,0.10720208287239075,0.9004974961280823,0.7540770173072815
YDR363W-A,YIL072W,0,-0.53829473,0.10718938708305359,0.9004974961280823,0.7541770935058594
YAL041W,YML094W,0,-0.5383686,0.10717669129371643,0.9004974961280823,0.7542771100997925
YMR130W,YML091C,0,-0.5383773,0.10716400295495987,0.9004974961280823,0.7543771862983704
YMR130W,YIL002C,1,-0.53846437,0.10726971179246902,0.9014925360679626,0.7543771862983704
YDR495C,YML060W,0,-0.53874886,0.10725701600313187,0.9014925360679626,0.7544772624969482
YJL052W,YLR286C,0,-0.5387808,0.10724432021379471,0.9014925360679626,0.7545772790908813
YMR043W,YLR032W,0,-0.5387952,0.10723162442445755,0.9014925360679626,0.7546773552894592
YBL021C,YDR031W,0,-0.5389414,0.10721893608570099,0.9014925360679626,0.7547773718833923
YLR134W,YPR016C,0,-0.53901947,0.10720624774694443,0.9014925360679626,0.7548774480819702
YMR307W,YJL109C,0,-0.53913856,0.10719356685876846,0.9014925360679626,0.7549774646759033
YJL048C,YPR098C,0,-0.5391723,0.1071808859705925,0.9014925360679626,0.7550775408744812
YBR058C-A,YMR012W,0,-0.5392107,0.10716820508241653,0.9014925360679626,0.7551776170730591
YER068W,YML043C,0,-0.53922284,0.10715553164482117,0.9014925360679626,0.7552776336669922
YOR315W,YBR231C,0,-0.53938186,0.1071428582072258,0.9014925360679626,0.7553777098655701
YKL154W,YPL160W,0,-0.5394796,0.10713018476963043,0.9014925360679626,0.7554777264595032
YMR006C,YOR306C,0,-0.5394975,0.10711751878261566,0.9014925360679626,0.755577802658081
YDR219C,YGR076C,0,-0.5396627,0.10710486024618149,0.9014925360679626,0.7556778192520142
YKR094C,YGL185C,0,-0.539821,0.10709220170974731,0.9014925360679626,0.755777895450592
YOL125W,YHR064C,0,-0.53987247,0.10707954317331314,0.9014925360679626,0.7558779120445251
YER096W,YEL061C,0,-0.53990316,0.10706688463687897,0.9014925360679626,0.755977988243103
YLR427W,YKL042W,0,-0.5399455,0.10705423355102539,0.9014925360679626,0.7560780644416809
YOR057W,YNR040W,0,-0.5399828,0.10704158991575241,0.9014925360679626,0.756178081035614
YMR165C,YDL024C,1,-0.540117,0.10714707523584366,0.902487576007843,0.756178081035614
YPR168W,YLR430W,0,-0.5401325,0.10713441669940948,0.902487576007843,0.7562781572341919
YLR201C,YBR087W,0,-0.54015636,0.10712176561355591,0.902487576007843,0.756378173828125
YPL095C,YDR252W,0,-0.5402513,0.10710911452770233,0.902487576007843,0.7564782500267029
YHR025W,YPL160W,0,-0.5404919,0.10709647089242935,0.902487576007843,0.756578266620636
YMR287C,YJL062W-A,0,-0.54058003,0.10708382725715637,0.902487576007843,0.7566783428192139
YHR161C,YAL012W,0,-0.54060507,0.10707118362188339,0.902487576007843,0.756778359413147
YML057W,YBR126C,1,-0.5406439,0.10717657953500748,0.9034826159477234,0.756778359413147
YBR142W,YLR306W,0,-0.5407891,0.1071639358997345,0.9034826159477234,0.7568784356117249
YKR062W,YNL218W,0,-0.54106987,0.10715128481388092,0.9034826159477234,0.7569785118103027
YDR075W,YDR436W,1,-0.5411027,0.10725663602352142,0.904477596282959,0.7569785118103027
YCR004C,YNL244C,0,-0.5411179,0.10724398493766785,0.904477596282959,0.7570785284042358
YDL008W,YJR089W,0,-0.5411768,0.10723133385181427,0.904477596282959,0.7571786046028137
YDR532C,YPR184W,0,-0.5412406,0.1072186827659607,0.904477596282959,0.7572786211967468
YLR446W,YLR381W,0,-0.54128826,0.10720603913068771,0.904477596282959,0.7573786973953247
YDR050C,YOR346W,0,-0.5414693,0.10719339549541473,0.904477596282959,0.7574787139892578
YCL061C,YDR362C,0,-0.54164153,0.10718075931072235,0.904477596282959,0.7575787901878357
YDR018C,YAL034W-A,0,-0.5417073,0.10716812312602997,0.904477596282959,0.7576788663864136
YCL055W,YLR074C,0,-0.541769,0.10715548694133759,0.904477596282959,0.7577788829803467
YLR098C,YIL078W,0,-0.54188794,0.1071428582072258,0.904477596282959,0.7578789591789246
YDR312W,YNL049C,0,-0.5421553,0.10713022947311401,0.904477596282959,0.7579789757728577
YLR035C-A,YER045C,0,-0.54248834,0.10711760818958282,0.904477596282959,0.7580790519714355
YDL069C,YMR130W,0,-0.54256207,0.10710498690605164,0.904477596282959,0.7581790685653687
YHR021C,YMR312W,0,-0.5426811,0.10709236562252045,0.904477596282959,0.7582791447639465
YGL210W,YDL051W,0,-0.54269326,0.10707975178956985,0.904477596282959,0.7583791613578796
YIL115C,YDR166C,0,-0.5432876,0.10706713795661926,0.904477596282959,0.7584792375564575
YGR047C,YDL017W,0,-0.54330003,0.10705453157424927,0.904477596282959,0.7585793137550354
YJL219W,YAR018C,0,-0.54333663,0.10704192519187927,0.904477596282959,0.7586793303489685
YFR032C-A,YMR051C,0,-0.54334,0.10702931880950928,0.904477596282959,0.7587794065475464
YCR098C,YBR142W,0,-0.5435327,0.10701671987771988,0.904477596282959,0.7588794231414795
YNL242W,YER110C,0,-0.54354185,0.10700412094593048,0.904477596282959,0.7589794993400574
YIL160C,YML087C,0,-0.54386973,0.10699152201414108,0.904477596282959,0.7590795159339905
YOR269W,YER164W,0,-0.5439576,0.10697893053293228,0.904477596282959,0.7591795921325684
YOR039W,YGR188C,0,-0.54405427,0.10696634650230408,0.904477596282959,0.7592796683311462
YOR192C-B,YJR094W-A,0,-0.5442573,0.10695376247167587,0.904477596282959,0.7593796849250793
YKL010C,YMR285C,0,-0.5442711,0.10694117844104767,0.904477596282959,0.7594797611236572
YAL008W,YOL109W,0,-0.5445104,0.10692859441041946,0.904477596282959,0.7595797777175903
YGL095C,YJL148W,0,-0.54460734,0.10691601783037186,0.904477596282959,0.7596798539161682
YMR257C,YEL015W,0,-0.5447355,0.10690344870090485,0.904477596282959,0.7597798705101013
YLR448W,YDL146W,0,-0.54491776,0.10689087212085724,0.904477596282959,0.7598799467086792
YJL080C,YBR105C,0,-0.54501754,0.10687831044197083,0.904477596282959,0.7599799633026123
YPR156C,YGL157W,0,-0.54513407,0.10686574131250381,0.904477596282959,0.7600800395011902
YJL062W-A,YNL166C,0,-0.54518986,0.1068531796336174,0.904477596282959,0.7601801156997681
YOR175C,YBL082C,0,-0.54537344,0.10684061795473099,0.904477596282959,0.7602801322937012
YGR009C,YAL035W,0,-0.5456098,0.10682806372642517,0.904477596282959,0.760380208492279
YMR233W,YDL192W,0,-0.54565895,0.10681550949811935,0.904477596282959,0.7604802250862122
YOR373W,YML088W,0,-0.54578185,0.10680296272039413,0.904477596282959,0.76058030128479
YLR109W,YIL160C,0,-0.54581,0.10679041594266891,0.904477596282959,0.7606803178787231
YLR438C-A,YDR362C,0,-0.5458299,0.1067778691649437,0.904477596282959,0.760780394077301
YBR092C,YBR022W,1,-0.5459038,0.10688278079032898,0.9054726362228394,0.760780394077301
YMR088C,YJR022W,0,-0.5462667,0.10687022656202316,0.9054726362228394,0.7608804106712341
YLR008C,YHL004W,0,-0.54652244,0.10685767978429794,0.9054726362228394,0.760980486869812
YFL002W-A,YOR080W,0,-0.5465462,0.10684513300657272,0.9054726362228394,0.7610805630683899
YOL018C,YDR507C,0,-0.54655236,0.1068325862288475,0.9054726362228394,0.761180579662323
YDL024C,YLR410W,1,-0.5468227,0.10693743079900742,0.9064676761627197,0.761180579662323
YMR036C,YPL202C,0,-0.5471433,0.1069248840212822,0.9064676761627197,0.7612806558609009
YNL227C,YBR160W,0,-0.5473181,0.10691233724355698,0.9064676761627197,0.761380672454834
YMR006C,YOR288C,0,-0.54736024,0.10689979046583176,0.9064676761627197,0.7614807486534119
YDL114W,YHR129C,0,-0.5474832,0.10688724368810654,0.9064676761627197,0.761580765247345
YBR159W,YER051W,0,-0.547533,0.10687470436096191,0.9064676761627197,0.7616808414459229
YCR020C,YLR139C,0,-0.54772097,0.10686217248439789,0.9064676761627197,0.7617809176445007
YGL232W,YOR080W,0,-0.5482739,0.10684963315725327,0.9064676761627197,0.7618809342384338
YDL108W,YOR337W,0,-0.54832566,0.10683710873126984,0.9064676761627197,0.7619810104370117
YBL017C,YIL051C,0,-0.54865026,0.10682457685470581,0.9064676761627197,0.7620810270309448
YJR158W,YGL084C,0,-0.54892164,0.10681205242872238,0.9064676761627197,0.7621811032295227
YGL089C,YPL160W,0,-0.5489397,0.10679952800273895,0.9064676761627197,0.7622811198234558
YDR495C,YIL126W,0,-0.5489922,0.10678701102733612,0.9064676761627197,0.7623811960220337
YHR027C,YOL077C,0,-0.5490215,0.10677449405193329,0.9064676761627197,0.7624812126159668
YDR320C-A,YER164W,0,-0.54925215,0.10676198452711105,0.9064676761627197,0.7625812888145447
YMR080C,YIR017C,0,-0.5492557,0.10674947500228882,0.9064676761627197,0.7626813650131226
YBL060W,YDL017W,0,-0.5492939,0.10673696547746658,0.9064676761627197,0.7627813816070557
YPL019C,YOR127W,0,-0.549635,0.10672446340322495,0.9064676761627197,0.7628814578056335
YNR070W,YLL011W,0,-0.55001223,0.1067119613289833,0.9064676761627197,0.7629814743995667
YDR012W,YKL042W,0,-0.5500352,0.10669945925474167,0.9064676761627197,0.7630815505981445
YMR282C,YIL078W,0,-0.5500791,0.10668696463108063,0.9064676761627197,0.7631815671920776
YER126C,YIL160C,0,-0.55018616,0.10667447000741959,0.9064676761627197,0.7632816433906555
YGR295C,YPL068C,0,-0.5502316,0.10666198283433914,0.9064676761627197,0.7633817195892334
YDR086C,YPL090C,0,-0.5502681,0.1066494956612587,0.9064676761627197,0.7634817361831665
YNL293W,YKL173W,0,-0.5504174,0.10663701593875885,0.9064676761627197,0.7635818123817444
YDL137W,YPR047W,0,-0.55044377,0.1066245287656784,0.9064676761627197,0.7636818289756775
YDR334W,YDL008W,0,-0.5504624,0.10661205649375916,0.9064676761627197,0.7637819051742554
YOR167C,YPL101W,0,-0.55049086,0.10659957677125931,0.9064676761627197,0.7638819217681885
YDR402C,YDR054C,0,-0.5506412,0.10658710449934006,0.9064676761627197,0.7639819979667664
YEL059C-A,YKL108W,0,-0.55072355,0.1065746396780014,0.9064676761627197,0.7640820145606995
YOR288C,YJL052W,0,-0.55072916,0.10656216740608215,0.9064676761627197,0.7641820907592773
YGL089C,YGR162W,0,-0.55073106,0.1065497100353241,0.9064676761627197,0.7642821669578552
YBR159W,YNR007C,0,-0.550804,0.10653724521398544,0.9064676761627197,0.7643821835517883
YPR137C-B,YGL031C,0,-0.5515208,0.10652478784322739,0.9064676761627197,0.7644822597503662
YNL331C,YHR136C,0,-0.55154514,0.10651233792304993,0.9064676761627197,0.7645822763442993
YGR194C,YFR007W,0,-0.5519471,0.10649988055229187,0.9064676761627197,0.7646823525428772
YAL041W,YOL100W,0,-0.55197126,0.10648743063211441,0.9064676761627197,0.7647823691368103
YDL130W,YDR261W-B,0,-0.55198836,0.10647498816251755,0.9064676761627197,0.7648824453353882
YPL143W,YAL035W,0,-0.551999,0.10646254569292068,0.9064676761627197,0.7649824619293213
YER061C,YBR058C-A,0,-0.5520201,0.10645010322332382,0.9064676761627197,0.7650825381278992
YDR219C,YBR092C,0,-0.55232143,0.10643766820430756,0.9064676761627197,0.765182614326477
YLL013C,YDR299W,0,-0.55247205,0.10642523318529129,0.9064676761627197,0.7652826309204102
YIL145C,YBL037W,0,-0.55255455,0.10641280561685562,0.9064676761627197,0.765382707118988
YIL125W,YDR447C,0,-0.5526383,0.10640037059783936,0.9064676761627197,0.7654827237129211
YDL006W,YJL134W,1,-0.5527731,0.10650473088026047,0.9074627161026001,0.7654827237129211
YOR179C,YML094W,0,-0.55289525,0.1064922958612442,0.9074627161026001,0.765582799911499
YOR306C,YCL066W,0,-0.55296755,0.10647986084222794,0.9074627161026001,0.7656828165054321
YNL292W,YPR047W,0,-0.5531605,0.10646742582321167,0.9074627161026001,0.76578289270401
YOR061W,YCR047C,0,-0.5532755,0.106454998254776,0.9074627161026001,0.7658829689025879
YLR147C,YIL009C-A,0,-0.5534898,0.10644257813692093,0.9074627161026001,0.765982985496521
YMR071C,YLR010C,0,-0.55376536,0.10643015801906586,0.9074627161026001,0.7660830616950989
YIR015W,YDR362C,0,-0.5538434,0.10641773790121078,0.9074627161026001,0.766183078289032
YBL088C,YDR139C,0,-0.55385435,0.10640531778335571,0.9074627161026001,0.7662831544876099
YDL130W-A,YPL092W,0,-0.5538691,0.10639290511608124,0.9074627161026001,0.766383171081543
YLR396C,YJR068W,0,-0.55426615,0.10638049989938736,0.9074627161026001,0.7664832472801208
YMR036C,YDL138W,0,-0.5545105,0.10636808723211288,0.9074627161026001,0.766583263874054
YMR056C,YKR050W,0,-0.5545211,0.106355682015419,0.9074627161026001,0.7666833400726318
YML094W,YBL060W,0,-0.5546089,0.10634328424930573,0.9074627161026001,0.7667834162712097
YBR012W-A,YDR320C,0,-0.55471766,0.10633088648319244,0.9074627161026001,0.7668834328651428
YMR051C,YLR265C,0,-0.5547732,0.10631848871707916,0.9074627161026001,0.7669835090637207
YIL171W,YMR109W,0,-0.5548556,0.10630609840154648,0.9074627161026001,0.7670835256576538
YOR047C,YIL009C-A,0,-0.55495393,0.1062937080860138,0.9074627161026001,0.7671836018562317
YML040W,YGR054W,0,-0.554963,0.10628131777048111,0.9074627161026001,0.7672836184501648
YOR265W,YJR058C,0,-0.5549807,0.10626893490552902,0.9074627161026001,0.7673836946487427
YPL281C,YJR135W-A,0,-0.5550394,0.10625655204057693,0.9074627161026001,0.7674837708473206
YLR427W,YER126C,0,-0.5551042,0.10624417662620544,0.9074627161026001,0.7675837874412537
YDR299W,YPR016C,0,-0.5551113,0.10623180121183395,0.9074627161026001,0.7676838636398315
YOL092W,YOL056W,0,-0.5551959,0.10621942579746246,0.9074627161026001,0.7677838802337646
YNR016C,YCR010C,0,-0.55549276,0.10620705783367157,0.9074627161026001,0.7678839564323425
YOR080W,YBL055C,0,-0.55566436,0.10619468986988068,0.9074627161026001,0.7679839730262756
YGL021W,YNL061W,0,-0.5557823,0.10618232935667038,0.9074627161026001,0.7680840492248535
YOL065C,YBR050C,0,-0.5558627,0.10616996139287949,0.9074627161026001,0.7681840658187866
YDR228C,YJR143C,0,-0.5559324,0.10615760833024979,0.9074627161026001,0.7682841420173645
YDR320C-A,YKL059C,0,-0.5559373,0.10614524781703949,0.9074627161026001,0.7683842182159424
YCR096C,YML074C,0,-0.5562209,0.10613290220499039,0.9074627161026001,0.7684842348098755
YDL069C,YBR156C,0,-0.55631787,0.10612054914236069,0.9074627161026001,0.7685843110084534
YOR192C-B,YDR069C,0,-0.5563767,0.10610820353031158,0.9074627161026001,0.7686843276023865
YPL177C,YOL125W,0,-0.5566578,0.10609585791826248,0.9074627161026001,0.7687844038009644
YDR316W-A,YHR010W,0,-0.55674064,0.10608351975679398,0.9074627161026001,0.7688844203948975
YKL004W,YLR086W,0,-0.5567811,0.10607118159532547,0.9074627161026001,0.7689844965934753
YBR159W,YNR045W,0,-0.55682033,0.10605884343385696,0.9074627161026001,0.7690845131874084
YDR533C,YOL157C,0,-0.5568649,0.10604651272296906,0.9074627161026001,0.7691845893859863
YJR097W,YDL008W,0,-0.55708796,0.10603418201208115,0.9074627161026001,0.7692846655845642
YBR012W-A,YPR178W,0,-0.55723614,0.10602185875177383,0.9074627161026001,0.7693846821784973
YOR014W,YLR433C,1,-0.55731094,0.10612577199935913,0.9084576964378357,0.7693846821784973
YGR123C,YJR110W,1,-0.5574233,0.10622966289520264,0.9094527363777161,0.7693846821784973
YBL090W,YDL082W,0,-0.5574933,0.10621731728315353,0.9094527363777161,0.7694847583770752
YBR024W,YPL017C,0,-0.55760646,0.10620497167110443,0.9094527363777161,0.7695847749710083
YHR160C,YMR012W,0,-0.5577393,0.10619263350963593,0.9094527363777161,0.7696848511695862
YAL003W,YHR064C,0,-0.5578733,0.10618029534816742,0.9094527363777161,0.7697848677635193
YBR050C,YPL089C,0,-0.5582384,0.10616796463727951,0.9094527363777161,0.7698849439620972
YNR016C,YMR017W,0,-0.558779,0.1061556339263916,0.9094527363777161,0.769985020160675
YOR116C,YGL003C,0,-0.5587793,0.10614330321550369,0.9094527363777161,0.7700850367546082
YNR043W,YDR088C,0,-0.5591217,0.10613097995519638,0.9094527363777161,0.770185112953186
YFL004W,YEL059C-A,0,-0.5593085,0.10611865669488907,0.9094527363777161,0.7702851295471191
YDR510W,YLR441C,0,-0.55931807,0.10610634088516235,0.9094527363777161,0.770385205745697
YMR122W-A,YJL025W,0,-0.5594094,0.10609402507543564,0.9094527363777161,0.7704852223396301
YAR007C,YHR011W,0,-0.5595975,0.10608170926570892,0.9094527363777161,0.770585298538208
YBR296C,YLR467W,0,-0.5596828,0.1060694009065628,0.9094527363777161,0.7706853151321411
YLR158C,YPR081C,0,-0.55997026,0.10605709254741669,0.9094527363777161,0.770785391330719
YDR120C,YDL180W,0,-0.5600724,0.10604478418827057,0.9094527363777161,0.7708854675292969
YDR056C,YJL062W-A,0,-0.5601485,0.10603248327970505,0.9094527363777161,0.77098548412323
YER148W,YGL155W,0,-0.5601806,0.10602018237113953,0.9094527363777161,0.7710855603218079
YML113W,YNL166C,0,-0.5604349,0.1060078889131546,0.9094527363777161,0.771185576915741
YGR054W,YHR081W,0,-0.5604851,0.10599559545516968,0.9094527363777161,0.7712856531143188
YOR179C,YBR289W,0,-0.5605271,0.10598330199718475,0.9094527363777161,0.771385669708252
YLR356W,YAR018C,0,-0.560556,0.10597101598978043,0.9094527363777161,0.7714857459068298
YNL010W,YGL190C,1,-0.56075937,0.10607466101646423,0.9104477763175964,0.7714857459068298
YDL108W,YDR478W,0,-0.56076175,0.10606236010789871,0.9104477763175964,0.7715858221054077
YBR205W,YFR003C,0,-0.5608516,0.10605006664991379,0.9104477763175964,0.7716858386993408
YLR370C,YMR045C,0,-0.5608668,0.10603778064250946,0.9104477763175964,0.7717859148979187
YGL205W,YKL010C,0,-0.5609853,0.10602549463510513,0.9104477763175964,0.7718859314918518
YJR094W-A,YGR241C,0,-0.56103283,0.1060132086277008,0.9104477763175964,0.7719860076904297
YMR006C,YER159C-A,0,-0.5610619,0.10600093007087708,0.9104477763175964,0.7720860242843628
YDR231C,YLL001W,0,-0.5612448,0.10598865151405334,0.9104477763175964,0.7721861004829407
YIL101C,YPR047W,0,-0.56127006,0.10597637295722961,0.9104477763175964,0.7722861170768738
YKL109W,YAL058W,0,-0.5614134,0.10596410185098648,0.9104477763175964,0.7723861932754517
YOL031C,YCL066W,0,-0.5614488,0.10595183074474335,0.9104477763175964,0.7724862694740295
YMR290C,YHR184W,0,-0.5615634,0.10593955963850021,0.9104477763175964,0.7725862860679626
YCR072C,YDR447C,0,-0.5615635,0.10592729598283768,0.9104477763175964,0.7726863622665405
YPR005C,YPR108W,0,-0.5616245,0.10591503977775574,0.9104477763175964,0.7727863788604736
YIL125W,YNL146W,0,-0.5616284,0.1059027761220932,0.9104477763175964,0.7728864550590515
YGL232W,YDL030W,0,-0.56163895,0.10589051991701126,0.9104477763175964,0.7729864716529846
YLR008C,YPL220W,0,-0.5616595,0.10587827116250992,0.9104477763175964,0.7730865478515625
YER174C,YMR094W,0,-0.5617428,0.10586602240800858,0.9104477763175964,0.7731865644454956
YDL056W,YGR286C,0,-0.56185395,0.10585377365350723,0.9104477763175964,0.7732866406440735
YKR062W,YDR288W,0,-0.5622166,0.10584152489900589,0.9104477763175964,0.7733867168426514
YDL109C,YDR158W,0,-0.5622173,0.10582928359508514,0.9104477763175964,0.7734867334365845
YDR418W,YNL248C,0,-0.56230307,0.105817049741745,0.9104477763175964,0.7735868096351624
YJL157C,YHR013C,0,-0.5627684,0.10580480843782425,0.9104477763175964,0.7736868262290955
YDR279W,YLR045C,0,-0.5628674,0.1057925745844841,0.9104477763175964,0.7737869024276733
YHR206W,YOL080C,0,-0.5630373,0.10578034818172455,0.9104477763175964,0.7738869190216064
YHR089C,YAR010C,0,-0.5631088,0.105768121778965,0.9104477763175964,0.7739869952201843
YGR054W,YBR012W-B,0,-0.56311154,0.10575589537620544,0.9104477763175964,0.7740870714187622
YML125C,YOR343W-A,0,-0.5631577,0.10574367642402649,0.9104477763175964,0.7741870880126953
YGL253W,YDR210W-B,0,-0.5632839,0.10573145002126694,0.9104477763175964,0.7742871642112732
YER114C,YLR192C,0,-0.5637947,0.10571923851966858,0.9104477763175964,0.7743871808052063
YHR031C,YKR059W,0,-0.5642228,0.10570702701807022,0.9104477763175964,0.7744872570037842
YMR307W,YAL003W,0,-0.5644152,0.10569481551647186,0.9104477763175964,0.7745872735977173
YOR346W,YBL010C,0,-0.56449556,0.1056826040148735,0.9104477763175964,0.7746873497962952
YDL210W,YBL074C,0,-0.5649302,0.10567039996385574,0.9104477763175964,0.7747873663902283
YKR058W,YAL062W,0,-0.5649822,0.10565819591283798,0.9104477763175964,0.7748874425888062
YML070W,YMR122W-A,0,-0.565042,0.10564599931240082,0.9104477763175964,0.774987518787384
YDR448W,YIR012W,0,-0.5650777,0.10563380271196365,0.9104477763175964,0.7750875353813171
YDR532C,YKR037C,0,-0.5652752,0.10562160611152649,0.9104477763175964,0.775187611579895
YAL021C,YHL016C,0,-0.5653415,0.10560941696166992,0.9104477763175964,0.7752876281738281
YLR126C,YOL156W,0,-0.5656911,0.10559722781181335,0.9104477763175964,0.775387704372406
YDR101C,YHR010W,0,-0.5658615,0.10558504611253738,0.9104477763175964,0.7754877209663391
YOR131C,YNR041C,0,-0.5660846,0.10557286441326141,0.9104477763175964,0.775587797164917
YOR179C,YLR403W,0,-0.5661291,0.10556068271398544,0.9104477763175964,0.7756878733634949
YDL130W,YMR303C,0,-0.56619316,0.10554850846529007,0.9104477763175964,0.775787889957428
YOR167C,YBR084W,0,-0.5662694,0.1055363342165947,0.9104477763175964,0.7758879661560059
YBR176W,YMR188C,0,-0.5663512,0.10552415996789932,0.9104477763175964,0.775987982749939
YAR071W,YBR126C,1,-0.5665315,0.10562730580568314,0.911442756652832,0.775987982749939
YLR127C,YBL057C,0,-0.5667629,0.10561512410640717,0.911442756652832,0.7760880589485168
YFR032C-A,YER091C,0,-0.56678927,0.10560294985771179,0.911442756652832,0.77618807554245
YKL088W,YOR337W,0,-0.566911,0.10559077560901642,0.911442756652832,0.7762881517410278
YML094W,YBL064C,0,-0.56703115,0.10557860881090164,0.911442756652832,0.7763881683349609
YFR032C-A,YDR044W,0,-0.5670358,0.10556644201278687,0.911442756652832,0.7764882445335388
YGL128C,YML113W,0,-0.56704104,0.10555427521467209,0.911442756652832,0.7765883207321167
YHR021C,YOL156W,0,-0.5673107,0.10554211586713791,0.911442756652832,0.7766883373260498
YML077W,YLR441C,0,-0.56779695,0.10552995651960373,0.911442756652832,0.7767884135246277
YNL086W,YFR032C-A,0,-0.5678583,0.10551779717206955,0.911442756652832,0.7768884301185608
YNL210W,YNL292W,0,-0.5678621,0.10550564527511597,0.911442756652832,0.7769885063171387
YMR006C,YER112W,0,-0.56796956,0.10549349337816238,0.911442756652832,0.7770885229110718
YDR425W,YMR026C,0,-0.5680071,0.1054813414812088,0.911442756652832,0.7771885991096497
YLR448W,YCL057C-A,0,-0.56807965,0.10546919703483582,0.911442756652832,0.7772886157035828
YHR076W,YIL002C,1,-0.56815517,0.1055721864104271,0.9124377965927124,0.7772886157035828
YMR233W,YER161C,0,-0.56824684,0.10556003451347351,0.9124377965927124,0.7773886919021606
YCR098C,YDR400W,0,-0.56825924,0.10554788261651993,0.9124377965927124,0.7774887681007385
YFR025C,YDL006W,1,-0.5684712,0.10565081983804703,0.9134328365325928,0.7774887681007385
YDR329C,YDR236C,0,-0.56865793,0.10563866794109344,0.9134328365325928,0.7775887846946716
YDR424C,YHR167W,0,-0.56869763,0.10562650859355927,0.9134328365325928,0.7776888608932495
YAR071W,YML016C,1,-0.56871706,0.10572940856218338,0.9144278764724731,0.7776888608932495
YER174C,YDL180W,0,-0.5688378,0.1057172417640686,0.9144278764724731,0.7777888774871826
YMR051C,YOR386W,0,-0.56903625,0.10570508241653442,0.9144278764724731,0.7778889536857605
YCL066W,YML081C-A,0,-0.569099,0.10569293051958084,0.9144278764724731,0.7779889702796936
YFR008W,YCR047C,0,-0.56915134,0.10568077117204666,0.9144278764724731,0.7780890464782715
YDR533C,YJR143C,0,-0.5694438,0.10566861927509308,0.9144278764724731,0.7781891226768494
YDR224C,YPR054W,0,-0.5696053,0.10565647482872009,0.9144278764724731,0.7782891392707825
YEL064C,YDR014W,0,-0.5696161,0.1056443303823471,0.9144278764724731,0.7783892154693604
YEL061C,YJL102W,0,-0.5696186,0.10563218593597412,0.9144278764724731,0.7784892320632935
YGR104C,YGR218W,0,-0.5697233,0.10562004148960114,0.9144278764724731,0.7785893082618713
YOR201C,YOL065C,0,-0.5698516,0.10560790449380875,0.9144278764724731,0.7786893248558044
YDR387C,YPR081C,0,-0.56988335,0.10559577494859695,0.9144278764724731,0.7787894010543823
YIR015W,YER110C,0,-0.5699117,0.10558363795280457,0.9144278764724731,0.7788894176483154
YEL054C,YPL033C,0,-0.57010466,0.10557150840759277,0.9144278764724731,0.7789894938468933
YKR061W,YHR064C,0,-0.5701249,0.10555938631296158,0.9144278764724731,0.7790895700454712
YOR182C,YCL057C-A,0,-0.5705975,0.10554726421833038,0.9144278764724731,0.7791895866394043
YBR093C,YNL106C,1,-0.5708014,0.10564997792243958,0.9154228568077087,0.7791895866394043
YNL129W,YJL148W,0,-0.5709645,0.10563784837722778,0.9154228568077087,0.7792896628379822
YNL128W,YEL038W,1,-0.57099456,0.10574052482843399,0.9164178967475891,0.7792896628379822
YHR160C,YGL095C,0,-0.5713401,0.1057283878326416,0.9164178967475891,0.7793896794319153
YJL046W,YDL099W,0,-0.5715178,0.10571625083684921,0.9164178967475891,0.7794897556304932
YNL311C,YJR094W-A,0,-0.5715344,0.10570412129163742,0.9164178967475891,0.7795897722244263
YOR182C,YAL034W-A,0,-0.5716872,0.10569199174642563,0.9164178967475891,0.7796898484230042
YMR070W,YGR054W,0,-0.5717944,0.10567986220121384,0.9164178967475891,0.779789924621582
YDR481C,YNL217W,1,-0.57208073,0.10578247159719467,0.9174129366874695,0.779789924621582
YIL070C,YOR201C,0,-0.5722151,0.10577033460140228,0.9174129366874695,0.7798899412155151
YJL153C,YKL109W,0,-0.5723076,0.10575820505619049,0.9174129366874695,0.779990017414093
YDL007W,YML125C,0,-0.5723542,0.1057460755109787,0.9174129366874695,0.7800900340080261
YDR533C,YDL136W,0,-0.5724079,0.1057339459657669,0.9174129366874695,0.780190110206604
YDL204W,YML081C-A,0,-0.57243264,0.10572182387113571,0.9174129366874695,0.7802901268005371
YML054C,YJR033C,0,-0.57260865,0.10570970177650452,0.9174129366874695,0.780390202999115
YDL056W,YDR014W,0,-0.5726151,0.10569757968187332,0.9174129366874695,0.7804902195930481
YGR274C,YBR164C,0,-0.5726441,0.10568546503782272,0.9174129366874695,0.780590295791626
YJL219W,YBR058C-A,0,-0.57291096,0.10567335039377213,0.9174129366874695,0.7806903719902039
YMR292W,YLR045C,0,-0.57294965,0.10566124320030212,0.9174129366874695,0.780790388584137
YGR241C,YGR035C,0,-0.5730114,0.10564913600683212,0.9174129366874695,0.7808904647827148
YIR015W,YGR154C,0,-0.573169,0.10563702881336212,0.9174129366874695,0.780990481376648
YHL024W,YGL090W,0,-0.5732552,0.10562492907047272,0.9174129366874695,0.7810905575752258
YCR009C,YJL170C,0,-0.57339567,0.10561282932758331,0.9174129366874695,0.7811905741691589
YDR312W,YPR166C,0,-0.573575,0.10560072958469391,0.9174129366874695,0.7812906503677368
YMR298W,YGL205W,0,-0.5738752,0.1055886372923851,0.9174129366874695,0.7813906669616699
YGL119W,YDR376W,0,-0.57416964,0.1055765450000763,0.9174129366874695,0.7814907431602478
YDR316W-A,YGL211W,0,-0.5742439,0.10556446015834808,0.9174129366874695,0.7815908193588257
YLR448W,YDR044W,0,-0.57427573,0.10555237531661987,0.9174129366874695,0.7816908359527588
YGL089C,YER110C,0,-0.57434666,0.10554029047489166,0.9174129366874695,0.7817909121513367
YLR170C,YOL125W,0,-0.5744268,0.10552821308374405,0.9174129366874695,0.7818909287452698
YER036C,YJL108C,0,-0.5751908,0.10551613569259644,0.9174129366874695,0.7819910049438477
YHR143W,YHR117W,0,-0.57522535,0.10550406575202942,0.9174129366874695,0.7820910215377808
YDL141W,YDR393W,0,-0.5752643,0.1054919883608818,0.9174129366874695,0.7821910977363586
YDL141W,YOR326W,0,-0.57533956,0.10547992587089539,0.9174129366874695,0.7822911739349365
YER096W,YML095C,0,-0.5757726,0.10546785593032837,0.9174129366874695,0.7823911905288696
YOR356W,YJL125C,0,-0.57627094,0.10545579344034195,0.9174129366874695,0.7824912667274475
YNL242W,YGL253W,0,-0.57644,0.10544373095035553,0.9174129366874695,0.7825912833213806
YHR101C,YHR105W,0,-0.57645947,0.10543167591094971,0.9174129366874695,0.7826913595199585
YNR027W,YNL210W,0,-0.57646483,0.10541962087154388,0.9174129366874695,0.7827913761138916
YDR341C,YDR011W,0,-0.57658803,0.10540756583213806,0.9174129366874695,0.7828914523124695
YER126C,YPL149W,0,-0.57684886,0.10539551824331284,0.9174129366874695,0.7829914689064026
YMR165C,YML063W,0,-0.5769098,0.10538347065448761,0.9174129366874695,0.7830915451049805
YFR005C,YJL221C,0,-0.57691514,0.10537143051624298,0.9174129366874695,0.7831916213035583
YCR039C,YIL115C,0,-0.57702607,0.10535939037799835,0.9174129366874695,0.7832916378974915
YGL155W,YGR158C,0,-0.5771218,0.10534735023975372,0.9174129366874695,0.7833917140960693
YNL149C,YER030W,0,-0.5772299,0.1053353101015091,0.9174129366874695,0.7834917306900024
YLR221C,YMR292W,0,-0.57763135,0.10532327741384506,0.9174129366874695,0.7835918068885803
YJR158W,YDR283C,0,-0.5776501,0.10531125217676163,0.9174129366874695,0.7836918234825134
YJL056C,YPR042C,0,-0.57765937,0.10529922693967819,0.9174129366874695,0.7837918996810913
YAL010C,YEL021W,0,-0.57773715,0.10528720170259476,0.9174129366874695,0.7838919162750244
YNR011C,YIL171W,0,-0.5778183,0.10527517646551132,0.9174129366874695,0.7839919924736023
YGR159C,YNR047W,0,-0.5778272,0.10526315867900848,0.9174129366874695,0.7840920686721802
YBR024W,YPR168W,0,-0.5780746,0.10525114089250565,0.9174129366874695,0.7841920852661133
YLR147C,YMR023C,0,-0.5784124,0.1052391305565834,0.9174129366874695,0.7842921614646912
YJR068W,YDL017W,0,-0.5784256,0.10522712022066116,0.9174129366874695,0.7843921780586243
YBL103C,YBL024W,0,-0.57849765,0.10521510988473892,0.9174129366874695,0.7844922542572021
YDR529C,YER106W,0,-0.5785664,0.10520310699939728,0.9174129366874695,0.7845922708511353
YMR016C,YMR223W,0,-0.5788035,0.10519110411405563,0.9174129366874695,0.7846923470497131
YER029C,YDL008W,0,-0.57909536,0.10517910122871399,0.9174129366874695,0.784792423248291
YOR043W,YER106W,0,-0.5792435,0.10516710579395294,0.9174129366874695,0.7848924398422241
YJR022W,YMR122W-A,0,-0.57931715,0.1051551103591919,0.9174129366874695,0.784992516040802
YCR009C,YDR248C,0,-0.5793464,0.10514311492443085,0.9174129366874695,0.7850925326347351
YDR478W,YBL010C,0,-0.57947123,0.1051311269402504,0.9174129366874695,0.785192608833313
YJL164C,YLR446W,0,-0.5795406,0.10511913895606995,0.9174129366874695,0.7852926254272461
YPL206C,YOR337W,0,-0.57959586,0.10510715842247009,0.9174129366874695,0.785392701625824
YJL062W-A,YER184C,0,-0.5796255,0.10509517788887024,0.9174129366874695,0.7854927182197571
YDR320C-A,YGR191W,0,-0.58019674,0.10508319735527039,0.9174129366874695,0.785592794418335
YDR388W,YGL137W,0,-0.58044946,0.10507122427225113,0.9174129366874695,0.7856928706169128
YCR096C,YLR126C,0,-0.5804808,0.10505925118923187,0.9174129366874695,0.785792887210846
YBR125C,YEL038W,1,-0.580636,0.10516121983528137,0.9184079766273499,0.785792887210846
YGR035C,YBR105C,0,-0.580867,0.10514923930168152,0.9184079766273499,0.7858929634094238
YML034W,YJL025W,0,-0.580881,0.10513725876808167,0.9184079766273499,0.7859929800033569
YKR014C,YNL129W,0,-0.58094317,0.10512528568506241,0.9184079766273499,0.7860930562019348
YER159C-A,YNL325C,0,-0.58110243,0.10511331260204315,0.9184079766273499,0.7861930727958679
YJR145C,YML077W,0,-0.58116263,0.10510134696960449,0.9184079766273499,0.7862931489944458
YJL062W-A,YIL145C,0,-0.58119136,0.10508937388658524,0.9184079766273499,0.7863932251930237
YNL129W,YHR117W,0,-0.5812422,0.10507741570472717,0.9184079766273499,0.7864932417869568
YMR297W,YJL164C,0,-0.5814097,0.10506545007228851,0.9184079766273499,0.7865933179855347
YER025W,YBR058C-A,0,-0.581514,0.10505349189043045,0.9184079766273499,0.7866933345794678
YDR448W,YMR094W,0,-0.58156157,0.10504154115915298,0.9184079766273499,0.7867934107780457
YDL075W,YDL060W,0,-0.58160466,0.10502958297729492,0.9184079766273499,0.7868934273719788
YDR363W-A,YDR534C,0,-0.5817219,0.10501763224601746,0.9184079766273499,0.7869935035705566
YMR023C,YGR262C,0,-0.58182156,0.10500568896532059,0.9184079766273499,0.7870935201644897
YKL154W,YGR002C,0,-0.581884,0.10499374568462372,0.9184079766273499,0.7871935963630676
YGL147C,YCL057C-A,0,-0.5820437,0.10498180240392685,0.9184079766273499,0.7872936725616455
YGR292W,YIL145C,0,-0.5822334,0.10496985912322998,0.9184079766273499,0.7873936891555786
YBR251W,YDR055W,0,-0.5824449,0.10495792329311371,0.9184079766273499,0.7874937653541565
YAR019C,YIL113W,0,-0.5831829,0.10494599491357803,0.9184079766273499,0.7875937819480896
YHL032C,YER020W,0,-0.5833834,0.10493405908346176,0.9184079766273499,0.7876938581466675
YLR139C,YKL021C,0,-0.5833914,0.10492213070392609,0.9184079766273499,0.7877938747406006
YBR289W,YDR478W,0,-0.5836077,0.10491020977497101,0.9184079766273499,0.7878939509391785
YPL090C,YPL257W-A,0,-0.58365935,0.10489828139543533,0.9184079766273499,0.7879939675331116
YAL013W,YMR086W,0,-0.583756,0.10488636046648026,0.9184079766273499,0.7880940437316895
YBR092C,YER062C,1,-0.58376783,0.10498806834220886,0.9194029569625854,0.7880940437316895
YEL016C,YLR318W,0,-0.583894,0.10497613996267319,0.9194029569625854,0.7881941199302673
YFL002W-A,YDL146W,0,-0.58391553,0.10496421903371811,0.9194029569625854,0.7882941365242004
YER061C,YNL115C,0,-0.58397394,0.10495229810476303,0.9194029569625854,0.7883942127227783
YOR337W,YNL115C,0,-0.5841166,0.10494037717580795,0.9194029569625854,0.7884942293167114
YBR105C,YGR191W,0,-0.58419657,0.10492845624685287,0.9194029569625854,0.7885943055152893
YPR158C-D,YKL154W,0,-0.58420086,0.1049165427684784,0.9194029569625854,0.7886943221092224
YHR044C,YER062C,1,-0.5842085,0.10501816868782043,0.9203979969024658,0.7886943221092224
YBR158W,YGR279C,0,-0.58459413,0.10500624030828476,0.9203979969024658,0.7887943983078003
YPL226W,YDR239C,0,-0.5847271,0.10499432682991028,0.9203979969024658,0.7888944745063782
YDL144C,YMR292W,0,-0.58506954,0.1049824059009552,0.9203979969024658,0.7889944911003113
YNL218W,YGR054W,0,-0.58511835,0.10497049242258072,0.9203979969024658,0.7890945672988892
YMR094W,YOR269W,0,-0.5851312,0.10495858639478683,0.9203979969024658,0.7891945838928223
YOR179C,YDL043C,0,-0.58526564,0.10494667291641235,0.9203979969024658,0.7892946600914001
YGR123C,YKL212W,1,-0.5855912,0.10504821687936783,0.9213930368423462,0.7892946600914001
YOR192C-B,YGR234W,0,-0.585619,0.10503629595041275,0.9213930368423462,0.7893946766853333
YHL024W,YPL089C,0,-0.5862824,0.10502438247203827,0.9213930368423462,0.7894947528839111
YGR006W,YLL022C,0,-0.5863322,0.10501247644424438,0.9213930368423462,0.7895947694778442
YHR089C,YDL205C,0,-0.5863423,0.1050005704164505,0.9213930368423462,0.7896948456764221
YDR265W,YDL033C,0,-0.5864264,0.10498866438865662,0.9213930368423462,0.789794921875
YMR142C,YDR316W-A,0,-0.5868727,0.10497675836086273,0.9213930368423462,0.7898949384689331
YJL153C,YDR443C,0,-0.58695596,0.10496485978364944,0.9213930368423462,0.789995014667511
YJR098C,YNL146W,0,-0.5872049,0.10495296120643616,0.9213930368423462,0.7900950312614441
YJR104C,YPR186C,0,-0.58794403,0.10494107007980347,0.9213930368423462,0.790195107460022
YKL011C,YLR266C,0,-0.5880734,0.10492917895317078,0.9213930368423462,0.7902951240539551
YFL002W-A,YDL115C,0,-0.5881638,0.10491728782653809,0.9213930368423462,0.790395200252533
YJR015W,YLR139C,0,-0.5881645,0.10490540415048599,0.9213930368423462,0.7904952764511108
YEL064C,YBR267W,0,-0.5881965,0.1048935204744339,0.9213930368423462,0.790595293045044
YPR158C-D,YER174C,0,-0.58821666,0.1048816367983818,0.9213930368423462,0.7906953692436218
YDR425W,YGR220C,0,-0.58830905,0.10486976057291031,0.9213930368423462,0.7907953858375549
YGL089C,YML087C,0,-0.5886713,0.10485788434743881,0.9213930368423462,0.7908954620361328
YBR240C,YBL061C,0,-0.58910537,0.10484601557254791,0.9213930368423462,0.7909954786300659
YJL097W,YOR080W,0,-0.5891371,0.10483414679765701,0.9213930368423462,0.7910955548286438
YMR128W,YPR019W,0,-0.58938193,0.10482227802276611,0.9213930368423462,0.7911955714225769
YLR441C,YMR204C,0,-0.5894228,0.10481041669845581,0.9213930368423462,0.7912956476211548
YNL086W,YJL097W,0,-0.5894238,0.10479854792356491,0.9213930368423462,0.7913957238197327
YDL024C,YNL217W,1,-0.5896581,0.10489985346794128,0.9223880767822266,0.7913957238197327
YBL010C,YDR130C,0,-0.5898062,0.10488798469305038,0.9223880767822266,0.7914957404136658
YDR107C,YGL251C,0,-0.58981264,0.10487611591815948,0.9223880767822266,0.7915958166122437
YGR286C,YOR044W,0,-0.59011835,0.10486425459384918,0.9223880767822266,0.7916958332061768
YDL114W,YJL019W,0,-0.5902449,0.10485239326953888,0.9223880767822266,0.7917959094047546
YBR001C,YBR156C,0,-0.59042776,0.10484053194522858,0.9223880767822266,0.7918959259986877
YJR145C,YDR069C,0,-0.5905666,0.10482867807149887,0.9223880767822266,0.7919960021972656
YOL127W,YPR158C-D,0,-0.59062076,0.10481682419776917,0.9223880767822266,0.7920960187911987
YJL073W,YJL056C,0,-0.5906319,0.10480497777462006,0.9223880767822266,0.7921960949897766
YCR072C,YER070W,0,-0.59076315,0.10479312390089035,0.9223880767822266,0.7922961711883545
YBR092C,YIL053W,1,-0.59083277,0.10489431768655777,0.9233830571174622,0.7922961711883545
YDR170W-A,YNL077W,0,-0.59101677,0.10488245636224747,0.9233830571174622,0.7923961877822876
YMR235C,YMR086W,0,-0.5913725,0.10487060993909836,0.9233830571174622,0.7924962639808655
YJL157C,YJL025W,0,-0.59145224,0.10485875606536865,0.9233830571174622,0.7925962805747986
YOL139C,YFR005C,0,-0.5914792,0.10484690964221954,0.9233830571174622,0.7926963567733765
YDR400W,YJR089W,0,-0.5914895,0.10483506321907043,0.9233830571174622,0.7927963733673096
YJL143W,YFR041C,0,-0.5920092,0.10482322424650192,0.9233830571174622,0.7928964495658875
YPL157W,YNL096C,0,-0.5921873,0.10481138527393341,0.9233830571174622,0.7929965257644653
YPR049C,YBR176W,0,-0.59227484,0.1047995463013649,0.9233830571174622,0.7930965423583984
YPL017C,YER184C,0,-0.59235454,0.10478771477937698,0.9233830571174622,0.7931966185569763
YPL144W,YNL188W,0,-0.59250736,0.10477588325738907,0.9233830571174622,0.7932966351509094
YJR134C,YDR239C,0,-0.5925818,0.10476405173540115,0.9233830571174622,0.7933967113494873
YLR139C,YML087C,0,-0.59279877,0.10475222766399384,0.9233830571174622,0.7934967279434204
YKR090W,YJL062W-A,0,-0.5928559,0.10474040359258652,0.9233830571174622,0.7935968041419983
YDR170W-A,YLR441C,0,-0.5930567,0.1047285869717598,0.9233830571174622,0.7936968207359314
YLL013C,YFR041C,0,-0.59327143,0.10471677035093307,0.9233830571174622,0.7937968969345093
YIL101C,YNL015W,0,-0.59333724,0.10470495373010635,0.9233830571174622,0.7938969731330872
YBL106C,YLR433C,0,-0.5933538,0.10469313710927963,0.9233830571174622,0.7939969897270203
YER099C,YCR004C,0,-0.59344345,0.10468132793903351,0.9233830571174622,0.7940970659255981
YML060W,YIR023W,0,-0.5938649,0.10466952621936798,0.9233830571174622,0.7941970825195312
YHR206W,YDL006W,0,-0.5944371,0.10465771704912186,0.9233830571174622,0.7942971587181091
YBL054W,YJR075W,0,-0.59447354,0.10464591532945633,0.9233830571174622,0.7943971753120422
YER082C,YCL050C,0,-0.5949439,0.1046341210603714,0.9233830571174622,0.7944972515106201
YDR242W,YOL140W,0,-0.59504116,0.10462231934070587,0.9233830571174622,0.794597327709198
YBL106C,YJL065C,0,-0.59517336,0.10461052507162094,0.9233830571174622,0.7946973443031311
YGR029W,YBR058C-A,0,-0.59525496,0.10459873825311661,0.9233830571174622,0.794797420501709
YBR030W,YJL008C,0,-0.5952847,0.10458695143461227,0.9233830571174622,0.7948974370956421
YIL112W,YER030W,0,-0.5953183,0.10457516461610794,0.9233830571174622,0.79499751329422
YOR116C,YGR292W,0,-0.59543127,0.10456337779760361,0.9233830571174622,0.7950975298881531
YDL129W,YOL007C,0,-0.5956626,0.10455159842967987,0.9233830571174622,0.795197606086731
YPL159C,YAL025C,0,-0.59572065,0.10453981906175613,0.9233830571174622,0.7952976226806641
YIL145C,YMR285C,0,-0.5959156,0.104528047144413,0.9233830571174622,0.7953976988792419
YDR342C,YOL140W,0,-0.5959352,0.10451627522706985,0.9233830571174622,0.7954977750778198
YPL231W,YLR126C,0,-0.59604543,0.10450450330972672,0.9233830571174622,0.7955977916717529
YBR176W,YLL011W,0,-0.5961286,0.10449273884296417,0.9233830571174622,0.7956978678703308
YHR105W,YER051W,0,-0.5962781,0.10448097437620163,0.9233830571174622,0.7957978844642639
YJR160C,YGR241C,0,-0.59637535,0.10446920990943909,0.9233830571174622,0.7958979606628418
YER159C-A,YOR043W,0,-0.5965014,0.10445745289325714,0.9233830571174622,0.7959979772567749
YHR172W,YPR156C,0,-0.5966382,0.1044456958770752,0.9233830571174622,0.7960980534553528
YKL089W,YJR143C,0,-0.5967495,0.10443393886089325,0.9233830571174622,0.7961980700492859
YDR315C,YER051W,0,-0.5968343,0.1044221892952919,0.9233830571174622,0.7962981462478638
YIL109C,YEL002C,0,-0.59690595,0.10441043972969055,0.9233830571174622,0.7963982224464417
YPR137C-B,YDL144C,0,-0.5971339,0.1043986976146698,0.9233830571174622,0.7964982390403748
YDL231C,YFL002W-A,0,-0.5975119,0.10438694804906845,0.9233830571174622,0.7965983152389526
YAL041W,YOL018C,0,-0.5976386,0.1043752133846283,0.9233830571174622,0.7966983318328857
YDL136W,YIL145C,0,-0.5980053,0.10436347126960754,0.9233830571174622,0.7967984080314636
YKL089W,YPL144W,0,-0.5980482,0.10435173660516739,0.9233830571174622,0.7968984246253967
YHR031C,YNR011C,0,-0.5981753,0.10434000194072723,0.9233830571174622,0.7969985008239746
YBR050C,YMR303C,0,-0.59842145,0.10432827472686768,0.9233830571174622,0.7970985770225525
YKR094C,YOL007C,0,-0.5984455,0.10431654751300812,0.9233830571174622,0.7971985936164856
YDL108W,YJR068W,0,-0.59846544,0.10430482029914856,0.9233830571174622,0.7972986698150635
YFL002W-A,YBL010C,0,-0.59853804,0.1042931005358696,0.9233830571174622,0.7973986864089966
YBR240C,YDR107C,0,-0.5986453,0.10428138077259064,0.9233830571174622,0.7974987626075745
YGR106C,YDR210W-B,0,-0.59866226,0.10426966100931168,0.9233830571174622,0.7975987792015076
YJL221C,YBR084W,0,-0.5988,0.10425794869661331,0.9233830571174622,0.7976988554000854
YMR247C,YMR290C,0,-0.59897083,0.10424623638391495,0.9233830571174622,0.7977988719940186
YML104C,YBR198C,0,-0.5990417,0.10423452407121658,0.9233830571174622,0.7978989481925964
YOR386W,YKR009C,0,-0.599096,0.10422281920909882,0.9233830571174622,0.7979990243911743
YKL108W,YDR101C,0,-0.599161,0.10421111434698105,0.9233830571174622,0.7980990409851074
YER159C-A,YDL007W,0,-0.599182,0.10419941693544388,0.9233830571174622,0.7981991171836853
YEL064C,YER070W,0,-0.5992875,0.10418771952390671,0.9233830571174622,0.7982991337776184
YDR022C,YMR311C,0,-0.5993711,0.10417602211236954,0.9233830571174622,0.7983992099761963
YBL093C,YJR160C,0,-0.59942776,0.10416432470083237,0.9233830571174622,0.7984992265701294
YLR096W,YOR356W,0,-0.59943527,0.1041526347398758,0.9233830571174622,0.7985993027687073
YER180C,YHR136C,0,-0.59947497,0.10414095222949982,0.9233830571174622,0.7986993789672852
YHL024W,YPR054W,0,-0.5995267,0.10412926226854324,0.9233830571174622,0.7987993955612183
YPL281C,YHR099W,0,-0.5996662,0.10411757975816727,0.9233830571174622,0.7988994717597961
YBR036C,YDR466W,0,-0.60003597,0.10410589724779129,0.9233830571174622,0.7989994883537292
YOR308C,YKL108W,0,-0.6001396,0.10409422218799591,0.9233830571174622,0.7990995645523071
YLR433C,YMR012W,0,-0.6001436,0.10408254712820053,0.9233830571174622,0.7991995811462402
YMR314W,YLR357W,0,-0.60024,0.10407087951898575,0.9233830571174622,0.7992996573448181
YNR070W,YBL022C,0,-0.6002834,0.10405920445919037,0.9233830571174622,0.7993996739387512
YDR126W,YDL127W,0,-0.600336,0.10404753684997559,0.9233830571174622,0.7994997501373291
YLL062C,YCL031C,0,-0.60037607,0.1040358766913414,0.9233830571174622,0.799599826335907
YIL150C,YMR290C,0,-0.6004438,0.10402420908212662,0.9233830571174622,0.7996998429298401
YLR318W,YCL027W,0,-0.60064507,0.10401255637407303,0.9233830571174622,0.799799919128418
YDR013W,YPR031W,0,-0.60068756,0.10400089621543884,0.9233830571174622,0.7998999357223511
YCL069W,YDR421W,0,-0.600791,0.10398924350738525,0.9233830571174622,0.800000011920929
YLR433C,YKL042W,0,-0.6008186,0.10397759079933167,0.9233830571174622,0.8001000285148621
YPR048W,YMR257C,0,-0.6008484,0.10396594554185867,0.9233830571174622,0.8002001047134399
YPL257W-A,YOR067C,0,-0.60090446,0.10395429283380508,0.9233830571174622,0.800300121307373
YJL062W-A,YKR050W,0,-0.6009701,0.10394265502691269,0.9233830571174622,0.8004001975059509
YOL018C,YDR128W,0,-0.6010363,0.1039310097694397,0.9233830571174622,0.8005002737045288
YNL191W,YJL133W,0,-0.60113204,0.1039193719625473,0.9233830571174622,0.8006002902984619
YGR194C,YLR246W,0,-0.60114104,0.10390773415565491,0.9233830571174622,0.8007003664970398
YML054C,YMR292W,0,-0.60121506,0.10389610379934311,0.9233830571174622,0.8008003830909729
YKL179C,YNL128W,0,-0.6012734,0.10388447344303131,0.9233830571174622,0.8009004592895508
YJR160C,YPL155C,0,-0.60127604,0.10387284308671951,0.9233830571174622,0.8010004758834839
YDR520C,YNL101W,0,-0.6013983,0.10386122018098831,0.9233830571174622,0.8011005520820618
YBR087W,YBR030W,0,-0.6017153,0.10384959727525711,0.9233830571174622,0.8012006282806396
YOR337W,YGR158C,0,-0.6019504,0.10383797436952591,0.9233830571174622,0.8013006448745728
YJR013W,YKL021C,0,-0.6020049,0.1038263589143753,0.9233830571174622,0.8014007210731506
YDR388W,YAR044W,0,-0.60203636,0.1038147434592247,0.9233830571174622,0.8015007376670837
YNR070W,YNL212W,0,-0.6021708,0.1038031354546547,0.9233830571174622,0.8016008138656616
YJL033W,YBR176W,0,-0.60231775,0.10379151999950409,0.9233830571174622,0.8017008304595947
YGR058W,YML005W,0,-0.6023859,0.10377991199493408,0.9233830571174622,0.8018009066581726
YNR027W,YIL078W,0,-0.6024772,0.10376831144094467,0.9233830571174622,0.8019009232521057
YGL210W,YLR337W,0,-0.6027876,0.10375671088695526,0.9233830571174622,0.8020009994506836
YGR047C,YPL231W,0,-0.6032282,0.10374511033296585,0.9233830571174622,0.8021010756492615
YHR025W,YPL033C,0,-0.60344577,0.10373350977897644,0.9233830571174622,0.8022010922431946
YML040W,YDR107C,0,-0.60349405,0.10372191667556763,0.9233830571174622,0.8023011684417725
YIR002C,YCL069W,0,-0.60359114,0.10371032357215881,0.9233830571174622,0.8024011850357056
YLL011W,YNL162W,0,-0.6036046,0.1036987379193306,0.9233830571174622,0.8025012612342834
YGR123C,YNL106C,1,-0.6036215,0.10379888117313385,0.9243780970573425,0.8025012612342834
YBR055C,YPL038W,0,-0.60363257,0.10378728806972504,0.9243780970573425,0.8026012778282166
YDR479C,YPR192W,0,-0.6037066,0.10377569496631622,0.9243780970573425,0.8027013540267944
YGL089C,YLR045C,0,-0.6044867,0.10376410186290741,0.9243780970573425,0.8028014302253723
YER148W,YDR379W,0,-0.6047499,0.1037525162100792,0.9243780970573425,0.8029014468193054
YOR192C-A,YNR047W,0,-0.604942,0.10374093055725098,0.9243780970573425,0.8030015230178833
YMR070W,YLR237W,0,-0.60508704,0.10372934490442276,0.9243780970573425,0.8031015396118164
YMR130W,YFR005C,0,-0.6053815,0.10371775925159454,0.9243780970573425,0.8032016158103943
YDL166C,YIL084C,0,-0.60542524,0.10370618104934692,0.9243780970573425,0.8033016324043274
YAL003W,YMR204C,0,-0.6055381,0.1036946102976799,0.9243780970573425,0.8034017086029053
YNL151C,YPL202C,0,-0.605577,0.10368303209543228,0.9243780970573425,0.8035017251968384
YLL009C,YDR388W,0,-0.6056091,0.10367146879434586,0.9243780970573425,0.8036018013954163
YJL062W-A,YBR214W,0,-0.6056355,0.10365989804267883,0.9243780970573425,0.8037018775939941
YJR158W,YIL125W,0,-0.6057486,0.10364833474159241,0.9243780970573425,0.8038018941879272
YFR041C,YBL060W,0,-0.60588336,0.10363677144050598,0.9243780970573425,0.8039019703865051
YLR266C,YER120W,0,-0.60589004,0.10362520813941956,0.9243780970573425,0.8040019869804382
YOL019W,YOL123W,0,-0.60596573,0.10361365228891373,0.9243780970573425,0.8041020631790161
YBR092C,YPR102C,0,-0.60602534,0.1036020964384079,0.9243780970573425,0.8042020797729492
YNR032W,YNL099C,1,-0.6060897,0.10370205342769623,0.9253731369972229,0.8042020797729492
YOR096W,YLR276C,0,-0.60624564,0.1036904901266098,0.9253731369972229,0.8043021559715271
YDR320C-A,YBL074C,0,-0.6063919,0.10367892682552338,0.9253731369972229,0.8044021725654602
YLR074C,YER153C,0,-0.6067405,0.10366737097501755,0.9253731369972229,0.8045022487640381
YML085C,YDR436W,0,-0.60681,0.10365581512451172,0.9253731369972229,0.804602324962616
YBR291C,YOL125W,0,-0.60683,0.10364426672458649,0.9253731369972229,0.8047023415565491
YML104C,YIL111W,0,-0.60693926,0.10363271832466125,0.9253731369972229,0.804802417755127
YJR065C,YGR272C,0,-0.6071079,0.10362116992473602,0.9253731369972229,0.8049024343490601
YEL038W,YBR241C,0,-0.60722667,0.10360962897539139,0.9253731369972229,0.8050025105476379
YNL128W,YHR046C,1,-0.60756785,0.10370948165655136,0.9263681769371033,0.8050025105476379
YMR122W-A,YIL113W,0,-0.6075989,0.10369792580604553,0.9263681769371033,0.805102527141571
YML116W,YDR524C,0,-0.6076995,0.1036863774061203,0.9263681769371033,0.8052026033401489
YLR283W,YBR058C-A,0,-0.60788965,0.10367483645677567,0.9263681769371033,0.8053026795387268
YGL009C,YMR012W,0,-0.6080849,0.10366328805685043,0.9263681769371033,0.8054026961326599
YDR038C,YDR261W-B,0,-0.6081882,0.1036517471075058,0.9263681769371033,0.8055027723312378
YOL138C,YNL091W,0,-0.6082348,0.10364020615816116,0.9263681769371033,0.8056027889251709
YOL139C,YIR015W,0,-0.6083389,0.10362867265939713,0.9263681769371033,0.8057028651237488
YMR080C,YDR013W,0,-0.6084432,0.10361713916063309,0.9263681769371033,0.8058028817176819
YLR019W,YDL006W,1,-0.60849446,0.1037168949842453,0.9273631572723389,0.8058028817176819
YBL054W,YGR014W,0,-0.60850084,0.10370535403490067,0.9273631572723389,0.8059029579162598
YDL127W,YAL034W-A,0,-0.6085497,0.10369381308555603,0.9273631572723389,0.8060029745101929
YMR051C,YBR009C,0,-0.60866135,0.10368227958679199,0.9273631572723389,0.8061030507087708
YNL301C,YLL038C,0,-0.6089904,0.10367074608802795,0.9273631572723389,0.8062031269073486
YPL144W,YHR172W,0,-0.60907227,0.10365921258926392,0.9273631572723389,0.8063031435012817
YGR124W,YPL160W,0,-0.60970354,0.10364768654108047,0.9273631572723389,0.8064032196998596
YNL128W,YNL222W,1,-0.60970867,0.10374736040830612,0.9283581972122192,0.8064032196998596
YMR223W,YKL116C,0,-0.60982794,0.10373582690954208,0.9283581972122192,0.8065032362937927
YCL031C,YAL025C,0,-0.6098819,0.10372429341077805,0.9283581972122192,0.8066033124923706
YDL019C,YDR393W,0,-0.60999274,0.10371275991201401,0.9283581972122192,0.8067033290863037
YDR501W,YMR045C,0,-0.6103275,0.10370123386383057,0.9283581972122192,0.8068034052848816
YAR071W,YKL212W,1,-0.61042714,0.10380084812641144,0.9293532371520996,0.8068034052848816
YLR396C,YBR291C,0,-0.6104927,0.1037893071770668,0.9293532371520996,0.8069034814834595
YDR134C,YDR362C,0,-0.61051774,0.10377778112888336,0.9293532371520996,0.8070034980773926
YJL153C,YDR231C,0,-0.610561,0.10376624763011932,0.9293532371520996,0.8071035742759705
YDR320C-A,YIL124W,0,-0.6105975,0.10375472158193588,0.9293532371520996,0.8072035908699036
YHR186C,YGL157W,0,-0.61078966,0.10374319553375244,0.9293532371520996,0.8073036670684814
YFR005C,YPL258C,0,-0.61081076,0.1037316769361496,0.9293532371520996,0.8074036836624146
YEL038W,YER159C-A,0,-0.61123776,0.10372015833854675,0.9293532371520996,0.8075037598609924
YKL010C,YPR122W,0,-0.61182094,0.10370863974094391,0.9293532371520996,0.8076037764549255
YER061C,YKL059C,0,-0.61184776,0.10369712114334106,0.9293532371520996,0.8077038526535034
YPL106C,YDR524C,0,-0.6118926,0.10368560999631882,0.9293532371520996,0.8078039288520813
YNL207W,YOR069W,0,-0.61221725,0.10367410629987717,0.9293532371520996,0.8079039454460144
YLR106C,YNL061W,0,-0.61232495,0.10366259515285492,0.9293532371520996,0.8080040216445923
YLR126C,YLR045C,0,-0.6124878,0.10365109145641327,0.9293532371520996,0.8081040382385254
YNL128W,YDR436W,1,-0.61251634,0.1037505567073822,0.93034827709198,0.8081040382385254
YMR043W,YLR221C,0,-0.6126668,0.10373904556035995,0.93034827709198,0.8082041144371033
YHR105W,YGR116W,0,-0.61276317,0.10372753441333771,0.93034827709198,0.8083041310310364
YJR135C,YNL189W,0,-0.612919,0.10371603071689606,0.93034827709198,0.8084042072296143
YHR167W,YNL061W,0,-0.6129779,0.1037045270204544,0.93034827709198,0.8085042238235474
YDR312W,YPR158C-D,0,-0.61345166,0.10369302332401276,0.93034827709198,0.8086043000221252
YPL101W,YDR088C,0,-0.6135466,0.1036815270781517,0.93034827709198,0.8087043762207031
YBL039C,YBR166C,0,-0.6136066,0.10367003083229065,0.93034827709198,0.8088043928146362
YCL031C,YML115C,0,-0.6137028,0.1036585345864296,0.93034827709198,0.8089044690132141
YDR270W,YPR186C,0,-0.61376905,0.10364704579114914,0.93034827709198,0.8090044856071472
YMR036C,YJL046W,0,-0.6138116,0.10363555699586868,0.93034827709198,0.8091045618057251
YDR376W,YPR047W,0,-0.61395645,0.10362406820058823,0.93034827709198,0.8092045783996582
YBL106C,YDR210W-B,0,-0.6140961,0.10361258685588837,0.93034827709198,0.8093046545982361
YPR156C,YNL129W,0,-0.61411655,0.10360110551118851,0.93034827709198,0.809404730796814
YBR105C,YLR014C,0,-0.61414415,0.10358963161706924,0.93034827709198,0.8095047473907471
YMR139W,YGL249W,0,-0.61415255,0.10357815772294998,0.93034827709198,0.809604823589325
YER114C,YBL061C,0,-0.6142182,0.10356668382883072,0.93034827709198,0.8097048401832581
YEL061C,YBR058C-A,0,-0.6142451,0.10355520993471146,0.93034827709198,0.8098049163818359
YJR060W,YPL155C,0,-0.61429775,0.10354374349117279,0.93034827709198,0.809904932975769
YGL206C,YOR337W,0,-0.6143239,0.10353227704763412,0.93034827709198,0.8100050091743469
YBR156C,YGR006W,0,-0.61440706,0.10352081805467606,0.93034827709198,0.81010502576828
YKL100C,YJR022W,0,-0.6145536,0.10350935161113739,0.93034827709198,0.8102051019668579
YOR046C,YLR126C,0,-0.61479306,0.10349790006875992,0.93034827709198,0.8103051781654358
YPR118W,YNL091W,0,-0.6148261,0.10348644107580185,0.93034827709198,0.8104051947593689
YNL166C,YOR337W,0,-0.61484224,0.10347498953342438,0.93034827709198,0.8105052709579468
YJR075W,YLR438C-A,0,-0.61489713,0.1034635379910469,0.93034827709198,0.8106052875518799
YDL101C,YDR501W,0,-0.61500543,0.10345209389925003,0.93034827709198,0.8107053637504578
YMR264W,YGL141W,0,-0.6151415,0.10344064980745316,0.93034827709198,0.8108053803443909
YOL156W,YDL099W,0,-0.6152045,0.10342920571565628,0.93034827709198,0.8109054565429688
YGL009C,YPL281C,0,-0.6152351,0.1034177616238594,0.93034827709198,0.8110054731369019
YPL226W,YCR077C,0,-0.61524767,0.10340632498264313,0.93034827709198,0.8111055493354797
YPL089C,YIL160C,0,-0.6152774,0.10339488834142685,0.93034827709198,0.8112056255340576
YGL136C,YEL002C,0,-0.6153622,0.10338345915079117,0.93034827709198,0.8113056421279907
YOL120C,YNL061W,0,-0.6153852,0.10337202996015549,0.93034827709198,0.8114057183265686
YDR056C,YPL017C,0,-0.6154039,0.1033606007695198,0.93034827709198,0.8115057349205017
YGR075C,YDR169C,0,-0.6155474,0.10334917902946472,0.93034827709198,0.8116058111190796
YPL194W,YPL022W,0,-0.6156593,0.10333775728940964,0.93034827709198,0.8117058277130127
YER159C-A,YKR105C,0,-0.61568785,0.10332633554935455,0.93034827709198,0.8118059039115906
YHR036W,YKL017C,0,-0.61595654,0.10331491380929947,0.93034827709198,0.8119059801101685
YIL051C,YHR140W,0,-0.6160512,0.10330349951982498,0.93034827709198,0.8120059967041016
YBR289W,YBL057C,0,-0.6163391,0.10329209268093109,0.93034827709198,0.8121060729026794
YDR320C-A,YDR503C,0,-0.6163559,0.1032806783914566,0.93034827709198,0.8122060894966125
YFL036W,YOR192C-A,0,-0.61635697,0.10326927155256271,0.93034827709198,0.8123061656951904
YHR215W,YPL174C,0,-0.61639065,0.10325787216424942,0.93034827709198,0.8124061822891235
YMR165C,YMR277W,1,-0.61644995,0.10335689038038254,0.9313432574272156,0.8124061822891235
YPL019C,YPR098C,0,-0.6165161,0.10334547609090805,0.9313432574272156,0.8125062584877014
YHL024W,YIR023W,0,-0.6165595,0.10333406925201416,0.9313432574272156,0.8126062750816345
YDR248C,YLR035C-A,0,-0.6165633,0.10332266241312027,0.9313432574272156,0.8127063512802124
YJR098C,YKL021C,0,-0.6165765,0.10331125557422638,0.9313432574272156,0.8128064274787903
YHL009W-B,YDR376W,0,-0.6166489,0.10329985618591309,0.9313432574272156,0.8129064440727234
YLR035C-A,YBL037W,0,-0.6167542,0.10328845679759979,0.9313432574272156,0.8130065202713013
YPL281C,YER020W,0,-0.61712176,0.1032770574092865,0.9313432574272156,0.8131065368652344
YOR192C-B,YOL019W,0,-0.61716247,0.1032656654715538,0.9313432574272156,0.8132066130638123
YDR299W,YPR005C,0,-0.61716294,0.1032542735338211,0.9313432574272156,0.8133066296577454
YDR065W,YLR337W,0,-0.6171962,0.103242889046669,0.9313432574272156,0.8134067058563232
YDR069C,YBR299W,0,-0.6172348,0.10323149710893631,0.9313432574272156,0.8135067820549011
YDR210W-B,YMR150C,0,-0.61751235,0.10322011262178421,0.9313432574272156,0.8136067986488342
YER159C-A,YML087C,0,-0.6175798,0.10320873558521271,0.9313432574272156,0.8137068748474121
YGL035C,YNL189W,0,-0.61772794,0.10319735109806061,0.9313432574272156,0.8138068914413452
YPL144W,YHR023W,0,-0.61784303,0.1031859740614891,0.9313432574272156,0.8139069676399231
YLR040C,YOL120C,0,-0.61784315,0.1031746044754982,0.9313432574272156,0.8140069842338562
YML077W,YGR279C,0,-0.6178618,0.1031632348895073,0.9313432574272156,0.8141070604324341
YOR389W,YLR097C,0,-0.61802757,0.10315186530351639,0.9313432574272156,0.8142070770263672
YKL173W,YGL106W,0,-0.61818767,0.10314049571752548,0.9313432574272156,0.8143071532249451
YPL179W,YER075C,1,-0.6182093,0.10323931276798248,0.932338297367096,0.8143071532249451
YJR029W,YER113C,0,-0.6182508,0.10322793573141098,0.932338297367096,0.814407229423523
YOR343W-A,YHR136C,0,-0.61829334,0.10321656614542007,0.932338297367096,0.814507246017456
YHL009W-B,YHR140W,0,-0.6185534,0.10320519655942917,0.932338297367096,0.8146073222160339
YBR093C,YOR131C,1,-0.6186535,0.10330396145582199,0.9333333373069763,0.8146073222160339
YOL105C,YIL155C,0,-0.6187042,0.10329259186983109,0.9333333373069763,0.814707338809967
YDR320C-A,YOR063W,0,-0.6189158,0.10328121483325958,0.9333333373069763,0.8148074150085449
YOR192C-A,YDR139C,0,-0.61916167,0.10326984524726868,0.9333333373069763,0.814907431602478
YMR223W,YOL002C,0,-0.61919296,0.10325847566127777,0.9333333373069763,0.8150075078010559
YPR048W,YNL339C,0,-0.61922896,0.10324711352586746,0.9333333373069763,0.815107524394989
YGL205W,YNR020C,0,-0.619362,0.10323574393987656,0.9333333373069763,0.8152076005935669
YDR265W,YBR009C,0,-0.61951095,0.10322438925504684,0.9333333373069763,0.8153076767921448
YJL033W,YMR051C,0,-0.6196511,0.10321302711963654,0.9333333373069763,0.8154076933860779
YER159C-A,YBL021C,0,-0.61966443,0.10320167243480682,0.9333333373069763,0.8155077695846558
YLR433C,YBL061C,0,-0.6198919,0.10319031774997711,0.9333333373069763,0.8156077861785889
YMR307W,YPR184W,0,-0.61994535,0.103178970515728,0.9333333373069763,0.8157078623771667
YEL059C-A,YPL186C,0,-0.6200268,0.10316762328147888,0.9333333373069763,0.8158078789710999
YGL206C,YDR534C,0,-0.6200918,0.10315627604722977,0.9333333373069763,0.8159079551696777
YDL051W,YDR069C,0,-0.62028784,0.10314492881298065,0.9333333373069763,0.8160080313682556
YGL136C,YPL257W-A,0,-0.6203306,0.10313358902931213,0.9333333373069763,0.8161080479621887
YPL106C,YBR291C,0,-0.6203584,0.10312224924564362,0.9333333373069763,0.8162081241607666
YHL009W-B,YBR156C,0,-0.62057173,0.1031109169125557,0.9333333373069763,0.8163081407546997
YJL046W,YPL231W,0,-0.6207148,0.10309958457946777,0.9333333373069763,0.8164082169532776
YDR034C-C,YJL109C,0,-0.62081945,0.10308825224637985,0.9333333373069763,0.8165082335472107
YGR027W-B,YNL096C,0,-0.6208315,0.10307691991329193,0.9333333373069763,0.8166083097457886
YIL093C,YDR456W,0,-0.62083423,0.1030655950307846,0.9333333373069763,0.8167083263397217
YFR003C,YMR045C,0,-0.6209715,0.10305427014827728,0.9333333373069763,0.8168084025382996
YAL044C,YDR055W,0,-0.62107843,0.10304295271635056,0.9333333373069763,0.8169084787368774
YBL024W,YPL257W-A,0,-0.62109447,0.10303163528442383,0.9333333373069763,0.8170084953308105
YER048W-A,YDR139C,0,-0.62141085,0.1030203178524971,0.9333333373069763,0.8171085715293884
YDR118W,YMR122W-A,0,-0.62141716,0.10300900787115097,0.9333333373069763,0.8172085881233215
YKR094C,YAL034W-A,0,-0.6214826,0.10299769043922424,0.9333333373069763,0.8173086643218994
YOL103W,YNL054W-B,0,-0.6215924,0.10298638790845871,0.9333333373069763,0.8174086809158325
YDR210W-B,YIL026C,0,-0.6216897,0.10297507792711258,0.9333333373069763,0.8175087571144104
YJL157C,YHR089C,0,-0.6218912,0.10296377539634705,0.9333333373069763,0.8176088333129883
YBR001C,YGL249W,0,-0.62215066,0.10295247286558151,0.9333333373069763,0.8177088499069214
YHR117W,YHR129C,0,-0.62228566,0.10294117778539658,0.9333333373069763,0.8178089261054993
YDR197W,YML091C,0,-0.6223291,0.10292988270521164,0.9333333373069763,0.8179089426994324
YIR002C,YDR069C,0,-0.62239975,0.1029185876250267,0.9333333373069763,0.8180090188980103
YML005W,YLR010C,0,-0.62247455,0.10290729254484177,0.9333333373069763,0.8181090354919434
YDR440W,YLR337W,0,-0.6227288,0.10289600491523743,0.9333333373069763,0.8182091116905212
YER159C-A,YCR094W,0,-0.62291515,0.10288471728563309,0.9333333373069763,0.8183091282844543
YFR041C,YNL119W,0,-0.6229483,0.10287343710660934,0.9333333373069763,0.8184092044830322
YKR094C,YLL011W,0,-0.6231103,0.1028621569275856,0.9333333373069763,0.8185092806816101
YLR098C,YGR063C,0,-0.6231311,0.10285087674856186,0.9333333373069763,0.8186092972755432
YMR142C,YDR101C,0,-0.62314546,0.10283960402011871,0.9333333373069763,0.8187093734741211
YPR137C-B,YOR356W,0,-0.6233141,0.10282832384109497,0.9333333373069763,0.8188093900680542
YOR046C,YGL147C,0,-0.6233182,0.10281705856323242,0.9333333373069763,0.8189094662666321
YNL306W,YHR117W,0,-0.6233924,0.10280578583478928,0.9333333373069763,0.8190094828605652
YNR045W,YMR312W,0,-0.62353915,0.10279452055692673,0.9333333373069763,0.8191095590591431
YMR316W,YAL034W-A,0,-0.62367415,0.10278325527906418,0.9333333373069763,0.8192095756530762
YKL154W,YPR054W,0,-0.6236932,0.10277199745178223,0.9333333373069763,0.819309651851654
YLL035W,YGR014W,0,-0.62380046,0.10276073962450027,0.9333333373069763,0.8194097280502319
YMR165C,YCL057C-A,0,-0.6238997,0.10274948179721832,0.9333333373069763,0.819509744644165
YLR134W,YBR142W,0,-0.6239127,0.10273822396993637,0.9333333373069763,0.8196098208427429
YHL008C,YLR192C,0,-0.62395394,0.10272697359323502,0.9333333373069763,0.819709837436676
YCR098C,YOR347C,0,-0.6243892,0.10271572321653366,0.9333333373069763,0.8198099136352539
YDR312W,YPR073C,0,-0.62439704,0.1027044802904129,0.9333333373069763,0.819909930229187
YFL047W,YNL149C,0,-0.6245929,0.10269323736429214,0.9333333373069763,0.8200100064277649
YOR322C,YPL033C,0,-0.6247195,0.10268199443817139,0.9333333373069763,0.8201100826263428
YER075C,YDL006W,1,-0.6249539,0.10278020799160004,0.9343283772468567,0.8201100826263428
YER113C,YOR337W,0,-0.6250789,0.10276896506547928,0.9343283772468567,0.8202100992202759
YPR049C,YNR040W,0,-0.6254351,0.10275771468877792,0.9343283772468567,0.8203101754188538
YGL009C,YDR034C-C,0,-0.6259795,0.10274647176265717,0.9343283772468567,0.8204101920127869
YOR278W,YDR197W,0,-0.6260265,0.10273522883653641,0.9343283772468567,0.8205102682113647
YLR035C-A,YDR478W,0,-0.62604237,0.10272399336099625,0.9343283772468567,0.8206102848052979
YOR373W,YDR356W,0,-0.6262422,0.10271275788545609,0.9343283772468567,0.8207103610038757
YGR295C,YLR276C,0,-0.62634915,0.10270152240991592,0.9343283772468567,0.8208103775978088
YKL218C,YPR158C-D,0,-0.62642515,0.10269028693437576,0.9343283772468567,0.8209104537963867
YLR109W,YPL186C,0,-0.62690216,0.1026790589094162,0.9343283772468567,0.8210105299949646
YBL101W-A,YPL159C,0,-0.62698424,0.10266783088445663,0.9343283772468567,0.8211105465888977
YFR032C-A,YCR075C,0,-0.6272675,0.10265661031007767,0.9343283772468567,0.8212106227874756
YIR014W,YGR027W-B,0,-0.62727374,0.1026453897356987,0.9343283772468567,0.8213106393814087
YNL054W-B,YAL044C,0,-0.62729067,0.10263416916131973,0.9343283772468567,0.8214107155799866
YJL056C,YML095C,0,-0.6273165,0.10262294858694077,0.9343283772468567,0.8215107321739197
YOR120W,YNL012W,0,-0.6273279,0.1026117354631424,0.9343283772468567,0.8216108083724976
YNL012W,YPL038W,0,-0.6274552,0.10260052233934402,0.9343283772468567,0.8217108845710754
YHL009W-B,YGR076C,0,-0.6275579,0.10258931666612625,0.9343283772468567,0.8218109011650085
YHL044W,YOR217W,0,-0.6276549,0.10257811099290848,0.9343283772468567,0.8219109773635864
YOL064C,YGR027W-B,0,-0.62778044,0.1025669053196907,0.9343283772468567,0.8220109939575195
YNR008W,YHL009W-B,0,-0.62781495,0.10255569964647293,0.9343283772468567,0.8221110701560974
YOR348C,YIL124W,0,-0.6279002,0.10254450142383575,0.9343283772468567,0.8222110867500305
YKL088W,YGL090W,0,-0.62792665,0.10253330320119858,0.9343283772468567,0.8223111629486084
YPR137C-B,YER111C,0,-0.6281378,0.102522112429142,0.9343283772468567,0.8224111795425415
YHR153C,YCR039C,0,-0.6284368,0.10251091420650482,0.9343283772468567,0.8225112557411194
YGL211W,YGR200C,0,-0.6285285,0.10249972343444824,0.9343283772468567,0.8226113319396973
YKL088W,YBR245C,0,-0.62859666,0.10248854011297226,0.9343283772468567,0.8227113485336304
YDR320C-A,YIR037W,0,-0.6286546,0.10247735679149628,0.9343283772468567,0.8228114247322083
YBR087W,YDL060W,0,-0.6287105,0.1024661734700203,0.9343283772468567,0.8229114413261414
YIR012W,YHR129C,0,-0.62930393,0.10245499014854431,0.9343283772468567,0.8230115175247192
YPR158C-D,YJL008C,0,-0.62958187,0.10244381427764893,0.9343283772468567,0.8231115341186523
YMR307W,YHR161C,0,-0.62967193,0.10243263840675354,0.9343283772468567,0.8232116103172302
YMR235C,YGL251C,0,-0.6298667,0.10242146253585815,0.9343283772468567,0.8233116269111633
YMR045C,YDL017W,0,-0.6300178,0.10241029411554337,0.9343283772468567,0.8234117031097412
YML040W,YOL109W,0,-0.63016784,0.10239912569522858,0.9343283772468567,0.8235117793083191
YML005W,YHR070W,0,-0.6302309,0.10238796472549438,0.9343283772468567,0.8236117959022522
YNL101W,YDR054C,0,-0.6302492,0.1023767963051796,0.9343283772468567,0.8237118721008301
YEL015W,YOR217W,0,-0.6303032,0.1023656353354454,0.9343283772468567,0.8238118886947632
YDR075W,YOL065C,1,-0.63033587,0.1024634838104248,0.9353233575820923,0.8238118886947632
YPR096C,YGL031C,0,-0.63054186,0.10245231539011002,0.9353233575820923,0.8239119648933411
YDL006W,YER007W,0,-0.63082045,0.10244115442037582,0.9353233575820923,0.8240119814872742
YDR316W-A,YLR306W,0,-0.6308761,0.10242998600006104,0.9353233575820923,0.824112057685852
YDR479C,YBR159W,0,-0.6309478,0.10241882503032684,0.9353233575820923,0.8242121338844299
YMR080C,YLR337W,0,-0.6309614,0.10240767151117325,0.9353233575820923,0.824312150478363
YKL179C,YMR045C,0,-0.63113046,0.10239651054143906,0.9353233575820923,0.8244122266769409
YDR315C,YGR158C,0,-0.6314436,0.10238536447286606,0.9353233575820923,0.824512243270874
YGR027W-B,YPL085W,0,-0.6316663,0.10237421095371246,0.9353233575820923,0.8246123194694519
YNL293W,YBR198C,0,-0.63168824,0.10236306488513947,0.9353233575820923,0.824712336063385
YHR031C,YHR064C,0,-0.6317491,0.10235191881656647,0.9353233575820923,0.8248124122619629
YIR036C,YHR136C,0,-0.63188374,0.10234077274799347,0.9353233575820923,0.824912428855896
YCR098C,YDR297W,0,-0.6319458,0.10232963413000107,0.9353233575820923,0.8250125050544739
YOR066W,YLR446W,0,-0.63202685,0.10231849551200867,0.9353233575820923,0.8251125812530518
YKL199C,YKL059C,0,-0.6322437,0.10230735689401627,0.9353233575820923,0.8252125978469849
YNL053W,YJL098W,1,-0.6322695,0.10240504890680313,0.9363183975219727,0.8252125978469849
YJL019W,YER161C,0,-0.6322769,0.10239390283823013,0.9363183975219727,0.8253126740455627
YIL125W,YBL101W-A,0,-0.6323271,0.10238276422023773,0.9363183975219727,0.8254126906394958
YJR076C,YHR184W,0,-0.63241875,0.10237162560224533,0.9363183975219727,0.8255127668380737
YDR456W,YDR261W-B,0,-0.6324523,0.10236049443483353,0.9363183975219727,0.8256127834320068
YER048W-A,YER113C,0,-0.6324575,0.10234935581684113,0.9363183975219727,0.8257128596305847
YLR343W,YBR087W,0,-0.632816,0.10233822464942932,0.9363183975219727,0.8258129358291626
YOR047C,YNL054W-B,0,-0.6328272,0.10232710093259811,0.9363183975219727,0.8259129524230957
YNL311C,YMR026C,0,-0.6328398,0.10231596976518631,0.9363183975219727,0.8260130286216736
YOL103W,YDR261W-B,0,-0.6329548,0.1023048460483551,0.9363183975219727,0.8261130452156067
YDR074W,YNL248C,0,-0.63312066,0.10229372978210449,0.9363183975219727,0.8262131214141846
YBR055C,YGR200C,0,-0.63340575,0.10228260606527328,0.9363183975219727,0.8263131380081177
YJL125C,YGR061C,0,-0.6334349,0.10227148979902267,0.9363183975219727,0.8264132142066956
YJR158W,YNL339C,0,-0.6334875,0.10226038098335266,0.9363183975219727,0.8265132308006287
YOR192C-B,YBR105C,0,-0.63362825,0.10224926471710205,0.9363183975219727,0.8266133069992065
YLL062C,YGL222C,0,-0.6339239,0.10223815590143204,0.9363183975219727,0.8267133831977844
YNL054W-B,YNL015W,0,-0.6342343,0.10222704708576202,0.9363183975219727,0.8268133997917175
YDR481C,YGL224C,1,-0.6342619,0.10232456773519516,0.937313437461853,0.8268133997917175
YBL020W,YMR208W,0,-0.63445115,0.10231345891952515,0.937313437461853,0.8269134759902954
YDL210W,YGR063C,0,-0.6344992,0.10230234265327454,0.937313437461853,0.8270134925842285
YPR049C,YKL056C,0,-0.63460195,0.10229123383760452,0.937313437461853,0.8271135687828064
YCL069W,YER111C,0,-0.6350521,0.1022801324725151,0.937313437461853,0.8272135853767395
YOL064C,YNL129W,0,-0.63514715,0.10226902365684509,0.937313437461853,0.8273136615753174
YNR008W,YOR332W,0,-0.63527906,0.10225792229175568,0.937313437461853,0.8274136781692505
YIL172C,YGL249W,0,-0.6356688,0.10224682837724686,0.937313437461853,0.8275137543678284
YOL065C,YKL017C,0,-0.6358017,0.10223572701215744,0.937313437461853,0.8276138305664062
YDL210W,YKR104W,0,-0.63598233,0.10222463309764862,0.937313437461853,0.8277138471603394
YLR035C-A,YBR097W,0,-0.6360985,0.1022135391831398,0.937313437461853,0.8278139233589172
YPR158C-D,YLR381W,0,-0.6362151,0.10220245271921158,0.937313437461853,0.8279139399528503
YDR356W,YGR027W-B,0,-0.6364702,0.10219136625528336,0.937313437461853,0.8280140161514282
YNL166C,YER070W,0,-0.6365042,0.10218027979135513,0.937313437461853,0.8281140327453613
YLR035C-A,YER030W,0,-0.63655186,0.10216920077800751,0.937313437461853,0.8282141089439392
YGL206C,YDL060W,0,-0.63663286,0.10215811431407928,0.937313437461853,0.8283141851425171
YFL002W-A,YER111C,0,-0.63691175,0.10214704275131226,0.937313437461853,0.8284142017364502
YCL055W,YMR285C,0,-0.6369329,0.10213596373796463,0.937313437461853,0.8285142779350281
YML040W,YGR234W,0,-0.63735104,0.1021248921751976,0.937313437461853,0.8286142945289612
YAL010C,YJR029W,0,-0.6375228,0.10211382061243057,0.937313437461853,0.8287143707275391
YJL129C,YOR039W,0,-0.63786274,0.10210275650024414,0.937313437461853,0.8288143873214722
YMR221C,YOL072W,0,-0.63822144,0.10209168493747711,0.937313437461853,0.82891446352005
YDR466W,YDR261W-B,0,-0.63840824,0.10208062082529068,0.937313437461853,0.8290144801139832
YDL136W,YNL244C,0,-0.6385243,0.10206956416368484,0.937313437461853,0.829114556312561
YHL009W-B,YNR041C,0,-0.6385594,0.10205850750207901,0.937313437461853,0.8292146325111389
YNL086W,YPL051W,0,-0.6387109,0.10204745084047318,0.937313437461853,0.829314649105072
YOR343W-A,YGR162W,0,-0.6388787,0.10203639417886734,0.937313437461853,0.8294147253036499
YDL069C,YKL010C,0,-0.639048,0.1020253449678421,0.937313437461853,0.829514741897583
YOL117W,YER030W,0,-0.63915366,0.10201429575681686,0.937313437461853,0.8296148180961609
YPL106C,YDR242W,0,-0.63916725,0.10200324654579163,0.937313437461853,0.829714834690094
YGR086C,YHR160C,0,-0.63921076,0.10199220478534698,0.937313437461853,0.8298149108886719
YGR203W,YCR079W,1,-0.6393718,0.10208941996097565,0.9383084774017334,0.8298149108886719
YNL077W,YBR009C,0,-0.6394774,0.10207837074995041,0.9383084774017334,0.8299149870872498
YER159C-A,YBR214W,0,-0.63963145,0.10206732153892517,0.9383084774017334,0.8300150036811829
YOL072W,YGR272C,0,-0.639709,0.10205627977848053,0.9383084774017334,0.8301150798797607
YML074C,YDR088C,0,-0.63979423,0.10204523056745529,0.9383084774017334,0.8302150964736938
YDR312W,YOL127W,0,-0.63981134,0.10203418880701065,0.9383084774017334,0.8303151726722717
YOL065C,YGR274C,0,-0.64014876,0.1020231544971466,0.9383084774017334,0.8304151892662048
YDR531W,YOR192C-A,0,-0.640327,0.10201211273670197,0.9383084774017334,0.8305152654647827
YFL004W,YFL029C,0,-0.6406237,0.10200107842683792,0.9383084774017334,0.8306152820587158
YJR058C,YDR088C,0,-0.6407454,0.10199005156755447,0.9383084774017334,0.8307153582572937
YCR004C,YDR116C,0,-0.64097375,0.10197901725769043,0.9383084774017334,0.8308154344558716
YGL185C,YMR045C,0,-0.64113265,0.10196799039840698,0.9383084774017334,0.8309154510498047
YGL173C,YCR010C,0,-0.6412979,0.10195697098970413,0.9383084774017334,0.8310155272483826
YMR070W,YBR030W,0,-0.64137137,0.10194594413042068,0.9383084774017334,0.8311155438423157
YPL206C,YGR027W-B,0,-0.641585,0.10193492472171783,0.9383084774017334,0.8312156200408936
YAL010C,YAR007C,0,-0.6415984,0.10192390531301498,0.9383084774017334,0.8313156366348267
YMR316W,YGR047C,0,-0.6416307,0.10191289335489273,0.9383084774017334,0.8314157128334045
YMR307W,YER091C,0,-0.64176846,0.10190188139677048,0.9383084774017334,0.8315157294273376
YOR288C,YMR302C,0,-0.6420294,0.10189086943864822,0.9383084774017334,0.8316158056259155
YBR299W,YLR158C,0,-0.6421527,0.10187986493110657,0.9383084774017334,0.8317158818244934
YER111C,YOL056W,0,-0.6421913,0.10186885297298431,0.9383084774017334,0.8318158984184265
YKL218C,YOL120C,0,-0.64220244,0.10185785591602325,0.9383084774017334,0.8319159746170044
YDR316W-A,YPR016C,0,-0.642232,0.1018468514084816,0.9383084774017334,0.8320159912109375
YHR153C,YJL062W-A,0,-0.64263564,0.10183585435152054,0.9383084774017334,0.8321160674095154
YPL172C,YNL339C,0,-0.64271307,0.10182485729455948,0.9383084774017334,0.8322160840034485
YDR210W-B,YNR047W,0,-0.64294857,0.10181386023759842,0.9383084774017334,0.8323161602020264
YFL002W-A,YMR256C,0,-0.64302635,0.10180287063121796,0.9383084774017334,0.8324162364006042
YLR127C,YDR261W-B,0,-0.6431304,0.1017918810248375,0.9383084774017334,0.8325162529945374
YPL022W,YLR276C,0,-0.6431726,0.10178089886903763,0.9383084774017334,0.8326163291931152
YDR532C,YNL311C,0,-0.64318097,0.10176990926265717,0.9383084774017334,0.8327163457870483
YMR127C,YNL325C,0,-0.64325947,0.1017589271068573,0.9383084774017334,0.8328164219856262
YPR158C-D,YNL242W,0,-0.64339674,0.10174795240163803,0.9383084774017334,0.8329164385795593
YDR034C-C,YHL004W,0,-0.64363396,0.10173697024583817,0.9383084774017334,0.8330165147781372
YOR192C-B,YDR524C,0,-0.6438333,0.1017259955406189,0.9383084774017334,0.8331165313720703
YDR134C,YIL072W,0,-0.6439997,0.10171502828598022,0.9383084774017334,0.8332166075706482
YLR098C,YDR134C,0,-0.6440094,0.10170405358076096,0.9383084774017334,0.8333166837692261
YPL019C,YGR027W-B,0,-0.64402366,0.10169308632612228,0.9383084774017334,0.8334167003631592
YOR373W,YDR224C,0,-0.6440335,0.10168211907148361,0.9383084774017334,0.8335167765617371
YGL136C,YNL248C,0,-0.64404863,0.10167115926742554,0.9383084774017334,0.8336167931556702
YKL173W,YKL042W,0,-0.644052,0.10166019946336746,0.9383084774017334,0.833716869354248
YPR137C-B,YPL101W,0,-0.6442254,0.10164923965930939,0.9383084774017334,0.8338168859481812
YPR081C,YLR079W,0,-0.6443009,0.10163828730583191,0.9383084774017334,0.833916962146759
YIL078W,YLR327C,0,-0.64452153,0.10162732750177383,0.9383084774017334,0.8340169787406921
YDL205C,YDR261W-B,0,-0.64456326,0.10161638259887695,0.9383084774017334,0.83411705493927
YGL229C,YDR261W-B,0,-0.6446262,0.10160543024539948,0.9383084774017334,0.8342171311378479
YML040W,YLR172C,0,-0.64466906,0.1015944853425026,0.9383084774017334,0.834317147731781
YPR137C-B,YJL157C,0,-0.6447009,0.10158354043960571,0.9383084774017334,0.8344172239303589
YKL028W,YOL056W,0,-0.64489555,0.10157259553670883,0.9383084774017334,0.834517240524292
YGL090W,YBR160W,0,-0.6450639,0.10156165808439255,0.9383084774017334,0.8346173167228699
YHR153C,YHR028C,0,-0.64520097,0.10155072063207626,0.9383084774017334,0.834717333316803
YER027C,YGR194C,0,-0.64560556,0.10153978317975998,0.9383084774017334,0.8348174095153809
YMR094W,YJR022W,0,-0.645681,0.10152885317802429,0.9383084774017334,0.8349174857139587
YPL144W,YLL011W,0,-0.6456979,0.1015179231762886,0.9383084774017334,0.8350175023078918
YNL054W-B,YNR047W,0,-0.64584893,0.10150699317455292,0.9383084774017334,0.8351175785064697
YDR387C,YAR044W,0,-0.6459576,0.10149607062339783,0.9383084774017334,0.8352175951004028
YPL157W,YLR403W,0,-0.64641666,0.10148514807224274,0.9383084774017334,0.8353176712989807
YGR292W,YCR054C,0,-0.64644307,0.10147422552108765,0.9383084774017334,0.8354176878929138
YLR439W,YIL051C,0,-0.64660174,0.10146331042051315,0.9383084774017334,0.8355177640914917
YNL207W,YDR210W-B,0,-0.64676476,0.10145239531993866,0.9383084774017334,0.8356177806854248
YHR025W,YNR047W,0,-0.6471186,0.10144148021936417,0.9383084774017334,0.8357178568840027
YMR290C,YDR283C,0,-0.6471519,0.10143057256937027,0.9383084774017334,0.8358179330825806
YNR070W,YBR084W,0,-0.6473284,0.10141965746879578,0.9383084774017334,0.8359179496765137
YDL115C,YDL008W,0,-0.6474476,0.10140875726938248,0.9383084774017334,0.8360180258750916
YPR016C,YHR070W,0,-0.6474632,0.10139784961938858,0.9383084774017334,0.8361180424690247
YDR436W,YNL222W,1,-0.64748037,0.10149446129798889,0.939303457736969,0.8361180424690247
YDR261W-B,YER045C,0,-0.647525,0.101483553647995,0.939303457736969,0.8362181186676025
YBR264C,YHR028C,0,-0.64765954,0.1014726459980011,0.939303457736969,0.8363181352615356
YLR204W,YCR098C,0,-0.64777744,0.1014617383480072,0.939303457736969,0.8364182114601135
YPL090C,YHR064C,0,-0.64779586,0.1014508306980133,0.939303457736969,0.8365182876586914
YLR106C,YJL121C,0,-0.6481745,0.1014399304986,0.939303457736969,0.8366183042526245
YBR058C-A,YLR246W,0,-0.6487683,0.1014290302991867,0.939303457736969,0.8367183804512024
YDR170W-A,YJL109C,0,-0.648825,0.101418137550354,0.939303457736969,0.8368183970451355
YPL174C,YIL138C,0,-0.6488277,0.1014072373509407,0.939303457736969,0.8369184732437134
YOL105C,YML048W,0,-0.6488769,0.101396344602108,0.939303457736969,0.8370184898376465
YOR069W,YHR081W,0,-0.64893794,0.1013854593038559,0.939303457736969,0.8371185660362244
YAR018C,YMR026C,0,-0.64901686,0.10137457400560379,0.939303457736969,0.8372185826301575
YML104C,YNR070W,0,-0.64930654,0.10136368870735168,0.939303457736969,0.8373186588287354
YMR139W,YBL101W-A,0,-0.6495073,0.10135280340909958,0.939303457736969,0.8374187350273132
YOR092W,YOL080C,0,-0.6495216,0.10134191811084747,0.939303457736969,0.8375187516212463
YDL130W,YGR106C,0,-0.6495591,0.10133104026317596,0.939303457736969,0.8376188278198242
YDR329C,YIL084C,0,-0.6498076,0.10132016986608505,0.939303457736969,0.8377188444137573
YER159C-A,YDR065W,0,-0.6498844,0.10130929201841354,0.939303457736969,0.8378189206123352
YDR074W,YFR015C,0,-0.6498847,0.10129842162132263,0.939303457736969,0.8379189372062683
YOR096W,YBR058C-A,0,-0.6499963,0.10128755122423172,0.939303457736969,0.8380190134048462
YLL062C,YER086W,0,-0.6500054,0.1012766882777214,0.939303457736969,0.8381190299987793
YOR075W,YNL325C,0,-0.65032643,0.10126582533121109,0.939303457736969,0.8382191061973572
YOR343W-A,YOR246C,0,-0.6503409,0.10125496238470078,0.939303457736969,0.8383191823959351
YJL198W,YLR403W,0,-0.65040904,0.10124409943819046,0.939303457736969,0.8384191989898682
YEL061C,YJL008C,0,-0.65048194,0.10123324394226074,0.939303457736969,0.838519275188446
YDR316W-A,YGL227W,0,-0.6507063,0.10122238844633102,0.939303457736969,0.8386192917823792
YCR028C,YOR322C,0,-0.650735,0.1012115329504013,0.939303457736969,0.838719367980957
YJL033W,YNL049C,0,-0.6507411,0.10120068490505219,0.939303457736969,0.8388193845748901
YBL106C,YPL257W-A,0,-0.65096307,0.10118983685970306,0.939303457736969,0.838919460773468
YDR265W,YDR034C-C,0,-0.65122235,0.10117898881435394,0.939303457736969,0.8390195369720459
YDR436W,YOR090C,1,-0.6513325,0.10127531737089157,0.9402984976768494,0.8390195369720459
YNL206C,YHR039C-B,0,-0.6516227,0.10126446932554245,0.9402984976768494,0.839119553565979
YMR289W,YCL059C,0,-0.65184665,0.10125361382961273,0.9402984976768494,0.8392196297645569
YCL027W,YJL189W,0,-0.6519148,0.10124276578426361,0.9402984976768494,0.83931964635849
YBL060W,YBR058C-A,0,-0.6522437,0.10123192518949509,0.9402984976768494,0.8394197225570679
YLR318W,YDR486C,0,-0.65241677,0.10122107714414597,0.9402984976768494,0.839519739151001
YBL021C,YBR058C-A,0,-0.6527132,0.10121023654937744,0.9402984976768494,0.8396198153495789
YIL145C,YKL116C,0,-0.653079,0.10119940340518951,0.9402984976768494,0.839719831943512
YOL147C,YAR044W,0,-0.6531081,0.10118856281042099,0.9402984976768494,0.8398199081420898
YDL080C,YDR261W-B,0,-0.65338945,0.10117772966623306,0.9402984976768494,0.8399199843406677
YGL173C,YDR320C-A,0,-0.6534556,0.10116689652204514,0.9402984976768494,0.8400200009346008
YDR379W,YLL035W,0,-0.65347713,0.1011560708284378,0.9402984976768494,0.8401200771331787
YDR052C,YNL289W,0,-0.65352225,0.10114524513483047,0.9402984976768494,0.8402200937271118
YML040W,YPR041W,0,-0.6535287,0.10113441944122314,0.9402984976768494,0.8403201699256897
YDR387C,YDR088C,0,-0.6537715,0.10112359374761581,0.9402984976768494,0.8404201865196228
YPR070W,YPL103C,0,-0.65378326,0.10111277550458908,0.9402984976768494,0.8405202627182007
YMR314W,YDR261W-B,0,-0.65378606,0.10110195726156235,0.9402984976768494,0.8406203389167786
YMR233W,YGL106W,0,-0.65381366,0.10109113901853561,0.9402984976768494,0.8407203555107117
YLR096W,YDL205C,0,-0.65382797,0.10108032822608948,0.9402984976768494,0.8408204317092896
YOR240W,YDR288W,0,-0.65389264,0.10106951743364334,0.9402984976768494,0.8409204483032227
YIR015W,YKL143W,0,-0.6540035,0.1010587066411972,0.9402984976768494,0.8410205245018005
YPL101W,YHR039C-B,0,-0.6542337,0.10104790329933167,0.9402984976768494,0.8411205410957336
YPR137C-B,YNL306W,0,-0.6542678,0.10103709995746613,0.9402984976768494,0.8412206172943115
YBR245C,YCR092C,0,-0.6543294,0.10102629661560059,0.9402984976768494,0.8413206338882446
YDR210W-B,YOL056W,0,-0.65435135,0.10101550072431564,0.9402984976768494,0.8414207100868225
YCL069W,YCR077C,0,-0.6543717,0.1010047048330307,0.9402984976768494,0.8415207862854004
YOL031C,YJL062W-A,0,-0.65448576,0.10099390894174576,0.9402984976768494,0.8416208028793335
YKL109W,YPL257W-A,0,-0.6547856,0.10098311305046082,0.9402984976768494,0.8417208790779114
YMR306W,YOL125W,0,-0.65485746,0.10097232460975647,0.9402984976768494,0.8418208956718445
YBR050C,YDR060W,0,-0.65498626,0.10096153616905212,0.9402984976768494,0.8419209718704224
YCR010C,YKL017C,0,-0.65514797,0.10095075517892838,0.9402984976768494,0.8420209884643555
YHR046C,YKR104W,0,-0.65546346,0.10093996673822403,0.9402984976768494,0.8421210646629333
YKL178C,YAL058W,0,-0.6554754,0.10092918574810028,0.9402984976768494,0.8422210812568665
YKL156W,YDR118W,0,-0.65552497,0.10091841220855713,0.9402984976768494,0.8423211574554443
YNR016C,YGR156W,0,-0.6555468,0.10090763121843338,0.9402984976768494,0.8424212336540222
YMR171C,YGR272C,0,-0.655614,0.10089685767889023,0.9402984976768494,0.8425212502479553
YDR121W,YDR523C,0,-0.6558231,0.10088609158992767,0.9402984976768494,0.8426213264465332
YLR433C,YBR058C-A,0,-0.6559888,0.10087531805038452,0.9402984976768494,0.8427213430404663
YDR107C,YGL141W,0,-0.65615577,0.10086455196142197,0.9402984976768494,0.8428214192390442
YLR015W,YBR058C-A,0,-0.6562754,0.10085378587245941,0.9402984976768494,0.8429214358329773
YNL049C,YNL061W,0,-0.6562938,0.10084302723407745,0.9402984976768494,0.8430215120315552
YGR058W,YHR039C-B,0,-0.6563699,0.1008322685956955,0.9402984976768494,0.8431215882301331
YDR261W-B,YDR116C,0,-0.65649235,0.10082150995731354,0.9402984976768494,0.8432216048240662
YGR123C,YER075C,1,-0.6566626,0.10091742873191833,0.9412935376167297,0.8432216048240662
YHR153C,YBR058C-A,0,-0.6571801,0.10090667009353638,0.9412935376167297,0.843321681022644
YMR166C,YDR261W-B,0,-0.6572328,0.10089590400457382,0.9412935376167297,0.8434216976165771
YAL043C,YDR387C,0,-0.6579675,0.10088514536619186,0.9412935376167297,0.843521773815155
YGL128C,YER030W,0,-0.65798414,0.1008743867278099,0.9412935376167297,0.8436217904090881
YMR235C,YIL101C,0,-0.6579903,0.10086362808942795,0.9412935376167297,0.843721866607666
YLR287C-A,YKL042W,0,-0.6586286,0.10085287690162659,0.9412935376167297,0.8438218832015991
YMR087W,YHR076W,1,-0.6587123,0.10094872862100601,0.9422885775566101,0.8438218832015991
YMR094W,YAR044W,0,-0.65898037,0.10093796998262405,0.9422885775566101,0.843921959400177
YLR142W,YEL065W,0,-0.65915406,0.1009272113442421,0.9422885775566101,0.8440220355987549
YFL041W,YHR023W,0,-0.65929425,0.10091645270586014,0.9422885775566101,0.844122052192688
YHL009W-B,YPL257W-A,0,-0.6593083,0.10090570151805878,0.9422885775566101,0.8442221283912659
YLR283W,YJL073W,0,-0.6593436,0.10089495033025742,0.9422885775566101,0.844322144985199
YDR022C,YKL199C,0,-0.65977705,0.10088419914245605,0.9422885775566101,0.8444222211837769
YMR211W,YLR237W,0,-0.65983105,0.10087345540523529,0.9422885775566101,0.84452223777771
YMR217W,YGR001C,0,-0.65991396,0.10086271166801453,0.9422885775566101,0.8446223139762878
YIL101C,YMR017W,0,-0.6599829,0.10085196793079376,0.9422885775566101,0.8447223901748657
YDL204W,YLR441C,0,-0.6605009,0.1008412316441536,0.9422885775566101,0.8448224067687988
YJR058C,YBR009C,0,-0.66052854,0.10083049535751343,0.9422885775566101,0.8449224829673767
YOR116C,YGR027W-B,0,-0.6605652,0.10081975907087326,0.9422885775566101,0.8450224995613098
YKL181W,YMR285C,0,-0.6606017,0.10080903023481369,0.9422885775566101,0.8451225757598877
YPR137C-B,YPL111W,0,-0.66072905,0.10079829394817352,0.9422885775566101,0.8452225923538208
YPL148C,YLL011W,0,-0.6607541,0.10078757256269455,0.9422885775566101,0.8453226685523987
YPL257W-A,YML095C,0,-0.6610143,0.10077684372663498,0.9422885775566101,0.8454226851463318
YDR210W-B,YBR164C,0,-0.6612357,0.100766122341156,0.9422885775566101,0.8455227613449097
YJR089W,YNL289W,0,-0.66125286,0.10075540095567703,0.9422885775566101,0.8456228375434875
YNL086W,YGR027W-B,0,-0.66141665,0.10074467957019806,0.9422885775566101,0.8457228541374207
YMR094W,YOR014W,0,-0.66151226,0.10073396563529968,0.9422885775566101,0.8458229303359985
YMR080C,YKL156W,0,-0.661527,0.1007232517004013,0.9422885775566101,0.8459229469299316
YGR223C,YKL158W,0,-0.6615315,0.10071253776550293,0.9422885775566101,0.8460230231285095
YPR137C-B,YDL146W,0,-0.6615681,0.10070183128118515,0.9422885775566101,0.8461230397224426
YHR036W,YOR306C,0,-0.6615966,0.10069112479686737,0.9422885775566101,0.8462231159210205
YOR391C,YGR123C,0,-0.66161346,0.10068041831254959,0.9422885775566101,0.8463231325149536
YML015C,YGL222C,0,-0.6617812,0.10066971182823181,0.9422885775566101,0.8464232087135315
YCR020C,YKR009C,0,-0.66198105,0.10065901279449463,0.9422885775566101,0.8465232849121094
YFR025C,YBR125C,1,-0.66236067,0.10075459629297256,0.9432835578918457,0.8465232849121094
YDR481C,YAR018C,0,-0.6623968,0.10074388980865479,0.9432835578918457,0.8466233015060425
YLR096W,YKR038C,0,-0.6624422,0.100733183324337,0.9432835578918457,0.8467233777046204
YNR027W,YNL054W-B,0,-0.66252875,0.10072248429059982,0.9432835578918457,0.8468233942985535
YHR160C,YPR047W,0,-0.6625601,0.10071178525686264,0.9432835578918457,0.8469234704971313
YML015C,YLR035C-A,0,-0.6626806,0.10070108622312546,0.9432835578918457,0.8470234870910645
YPL092W,YCL057C-A,0,-0.6627017,0.10069038718938828,0.9432835578918457,0.8471235632896423
YAR015W,YNL227C,0,-0.66289926,0.10067969560623169,0.9432835578918457,0.8472236394882202
YOR384W,YPL092W,0,-0.6629359,0.1006690040230751,0.9432835578918457,0.8473236560821533
YHR089C,YDL144C,0,-0.6630183,0.10065831243991852,0.9432835578918457,0.8474237322807312
YHL009W-B,YDL180W,0,-0.6632233,0.10064762830734253,0.9432835578918457,0.8475237488746643
YCR077C,YER126C,0,-0.6637351,0.10063694417476654,0.9432835578918457,0.8476238250732422
YLR015W,YBR055C,0,-0.6637356,0.10062626004219055,0.9432835578918457,0.8477238416671753
YDR440W,YEL054C,0,-0.66382444,0.10061558336019516,0.9432835578918457,0.8478239178657532
YPR158C-D,YMR026C,0,-0.6638956,0.10060489922761917,0.9432835578918457,0.8479239344596863
YJR029W,YPL257W-A,0,-0.6639449,0.10059422999620438,0.9432835578918457,0.8480240106582642
YDL030W,YJR089W,0,-0.66401005,0.10058355331420898,0.9432835578918457,0.848124086856842
YIL171W,YHR039C-B,0,-0.6643715,0.10057288408279419,0.9432835578918457,0.8482241034507751
YLR035C-A,YLR357W,0,-0.6644231,0.1005622148513794,0.9432835578918457,0.848324179649353
YDR060W,YDR117C,0,-0.6645493,0.1005515456199646,0.9432835578918457,0.8484241962432861
YMR247C,YJL129C,0,-0.6645609,0.1005408838391304,0.9432835578918457,0.848524272441864
YDR270W,YJR160C,0,-0.6648334,0.1005302220582962,0.9432835578918457,0.8486242890357971
YDR239C,YKR050W,0,-0.66494954,0.100519560277462,0.9432835578918457,0.848724365234375
YOR240W,YAL044C,0,-0.66504985,0.1005089059472084,0.9432835578918457,0.8488244414329529
YLR204W,YDR177W,0,-0.6650759,0.1004982516169548,0.9432835578918457,0.848924458026886
YOR192C-B,YLR343W,0,-0.66510165,0.1004875972867012,0.9432835578918457,0.8490245342254639
YOR179C,YLR074C,0,-0.66517967,0.1004769504070282,0.9432835578918457,0.849124550819397
YPR137C-B,YHL009W-B,0,-0.6653498,0.1004662960767746,0.9432835578918457,0.8492246270179749
YML106W,YLR337W,0,-0.66537976,0.10045565664768219,0.9432835578918457,0.849324643611908
YER159C-A,YDR380W,0,-0.66549915,0.10044500976800919,0.9432835578918457,0.8494247198104858
YLR238W,YLR287C-A,0,-0.6656635,0.10043437033891678,0.9432835578918457,0.849524736404419
YMR297W,YAL012W,0,-0.66586435,0.10042373090982437,0.9432835578918457,0.8496248126029968
YOR343W-A,YGR189C,0,-0.66626763,0.10041309148073196,0.9432835578918457,0.8497248888015747
YAR015W,YER082C,0,-0.6666314,0.10040245950222015,0.9432835578918457,0.8498249053955078
YBL017C,YOR315W,0,-0.66668946,0.10039182752370834,0.9432835578918457,0.8499249815940857
YGL021W,YDR086C,0,-0.6668122,0.10038119554519653,0.9432835578918457,0.8500249981880188
YOL100W,YDR228C,0,-0.6672184,0.10037056356668472,0.9432835578918457,0.8501250743865967
YOR315W,YOR343W-A,0,-0.667235,0.10035993903875351,0.9432835578918457,0.8502250909805298
YHR172W,YJR060W,0,-0.6672404,0.1003493145108223,0.9432835578918457,0.8503251671791077
YDR316W-A,YOR278W,0,-0.66726816,0.10033869743347168,0.9432835578918457,0.8504251837730408
YNL188W,YDR288W,0,-0.66774225,0.10032808035612106,0.9432835578918457,0.8505252599716187
YNL325C,YDR034C-C,0,-0.6677638,0.10031746327877045,0.9432835578918457,0.8506253361701965
YJL170C,YOL152W,0,-0.667844,0.10030684620141983,0.9432835578918457,0.8507253527641296
YLR450W,YOR343W-A,0,-0.667856,0.10029623657464981,0.9432835578918457,0.8508254289627075
YOR116C,YCR028C,0,-0.6678621,0.10028562694787979,0.9432835578918457,0.8509254455566406
YER089C,YGR203W,1,-0.6678901,0.1003807932138443,0.9442785978317261,0.8509254455566406
YJL221C,YBL101W-A,0,-0.6679226,0.10037017613649368,0.9442785978317261,0.8510255217552185
YMR314W,YDL056W,0,-0.6679886,0.10035955905914307,0.9442785978317261,0.8511255383491516
YIR017C,YDR487C,0,-0.6680542,0.10034894943237305,0.9442785978317261,0.8512256145477295
YLR446W,YHR086W,0,-0.6680914,0.10033833980560303,0.9442785978317261,0.8513256907463074
YBR084W,YER164W,0,-0.6684944,0.10032773017883301,0.9442785978317261,0.8514257073402405
YFR037C,YDR486C,0,-0.66857123,0.10031712800264359,0.9442785978317261,0.8515257835388184
YNL077W,YHR117W,0,-0.66861564,0.10030651837587357,0.9442785978317261,0.8516258001327515
YOL156W,YHR161C,0,-0.6690549,0.10029592365026474,0.9442785978317261,0.8517258763313293
YOR116C,YER153C,0,-0.66915125,0.10028532147407532,0.9442785978317261,0.8518258929252625
YMR100W,YIL115C,0,-0.6692423,0.10027472674846649,0.9442785978317261,0.8519259691238403
YPR158C-D,YDR086C,0,-0.6695242,0.10026413202285767,0.9442785978317261,0.8520259857177734
YOR343W-A,YAR007C,0,-0.6695282,0.10025353729724884,0.9442785978317261,0.8521260619163513
YOR208W,YHR044C,1,-0.66960585,0.1003485769033432,0.9452736377716064,0.8521260619163513
YPR158C-D,YHR184W,0,-0.66968036,0.10033798217773438,0.9452736377716064,0.8522261381149292
YNL054W-B,YJR126C,0,-0.66969913,0.10032738745212555,0.9452736377716064,0.8523261547088623
YDR060W,YOR343W-A,0,-0.6698657,0.10031679272651672,0.9452736377716064,0.8524262309074402
YDR424C,YAL044C,0,-0.66991234,0.1003061980009079,0.9452736377716064,0.8525262475013733
YDL138W,YPR031W,0,-0.67007077,0.10029561072587967,0.9452736377716064,0.8526263236999512
YOR143C,YOL133W,0,-0.6702161,0.10028502345085144,0.9452736377716064,0.8527263402938843
YDR390C,YLR246W,0,-0.6705351,0.10027443617582321,0.9452736377716064,0.8528264164924622
YLL009C,YMR012W,0,-0.6706368,0.10026384890079498,0.9452736377716064,0.85292649269104
YGR104C,YOR373W,0,-0.6706555,0.10025326907634735,0.9452736377716064,0.8530265092849731
YPR031W,YHR064C,0,-0.670789,0.10024268925189972,0.9452736377716064,0.853126585483551
YBR205W,YLR357W,0,-0.67093897,0.10023211687803268,0.9452736377716064,0.8532266020774841
YJL143W,YGR027W-B,0,-0.6709567,0.10022154450416565,0.9452736377716064,0.853326678276062
YHR206W,YDR210W-B,0,-0.6710391,0.10021097213029861,0.9452736377716064,0.8534266948699951
YOR192C-A,YCL059C,0,-0.6710559,0.10020039975643158,0.9452736377716064,0.853526771068573
YGL136C,YMR128W,0,-0.67111135,0.10018983483314514,0.9452736377716064,0.8536267876625061
YDL166C,YIL138C,0,-0.67123586,0.1001792699098587,0.9452736377716064,0.853726863861084
YIL034C,YHL009W-B,0,-0.67130214,0.10016870498657227,0.9452736377716064,0.8538269400596619
YEL064C,YHR052W,0,-0.6713066,0.10015814751386642,0.9452736377716064,0.853926956653595
YML040W,YML104C,0,-0.67131734,0.10014758259057999,0.9452736377716064,0.8540270328521729
YIL172C,YOR211C,0,-0.67141116,0.10013703256845474,0.9452736377716064,0.854127049446106
YOR373W,YOR343W-A,0,-0.6716669,0.1001264750957489,0.9452736377716064,0.8542271256446838
YNL212W,YLR045C,0,-0.67171365,0.10011592507362366,0.9452736377716064,0.8543271422386169
YDL192W,YGR027W-B,0,-0.6717161,0.10010537505149841,0.9452736377716064,0.8544272184371948
YOR192C-B,YGL205W,0,-0.67176735,0.10009482502937317,0.9452736377716064,0.8545272350311279
YDL085W,YBR009C,0,-0.67187417,0.10008428245782852,0.9452736377716064,0.8546273112297058
YOR343W-A,YBR009C,0,-0.6720673,0.10007373988628387,0.9452736377716064,0.8547273874282837
YDR316W-A,YPR028W,0,-0.6721544,0.10006319731473923,0.9452736377716064,0.8548274040222168
YPL149W,YKL021C,0,-0.67240417,0.10005266219377518,0.9452736377716064,0.8549274802207947
YPL195W,YKL158W,0,-0.6724417,0.10004211962223053,0.9452736377716064,0.8550274968147278
YIL125W,YHR039C-B,0,-0.67245376,0.10003159195184708,0.9452736377716064,0.8551275730133057
YOR047C,YOR343W-A,0,-0.6726711,0.10002105683088303,0.9452736377716064,0.8552275896072388
YGR008C,YMR217W,0,-0.6726925,0.10001052916049957,0.9452736377716064,0.8553276658058167
YLR100W,YAR044W,0,-0.67270654,0.10000000149011612,0.9452736377716064,0.8554277420043945
YML015C,YOR127W,0,-0.6727153,0.09998947381973267,0.9452736377716064,0.8555277585983276
YBR296C,YDL195W,0,-0.67284775,0.09997895359992981,0.9452736377716064,0.8556278347969055
YOR155C,YMR256C,0,-0.67311007,0.09996843338012695,0.9452736377716064,0.8557278513908386
YJR060W,YOR337W,0,-0.6734866,0.0999579131603241,0.9452736377716064,0.8558279275894165
YBR156C,YPL060W,0,-0.673573,0.09994739294052124,0.9452736377716064,0.8559279441833496
YOR192C-A,YOR182C,0,-0.6737211,0.09993688017129898,0.9452736377716064,0.8560280203819275
YBL021C,YMR023C,0,-0.67386484,0.09992636740207672,0.9452736377716064,0.8561280369758606
YCL031C,YPL202C,0,-0.67398876,0.09991586208343506,0.9452736377716064,0.8562281131744385
YOR192C-B,YNL129W,0,-0.6740485,0.0999053493142128,0.9452736377716064,0.8563281893730164
YDR067C,YKL190W,1,-0.67409194,0.10000000149011612,0.9462686777114868,0.8563281893730164
YOR192C-B,YIL093C,0,-0.6740922,0.09998948872089386,0.9462686777114868,0.8564282059669495
YCR081W,YDR390C,0,-0.6743125,0.0999789759516716,0.9462686777114868,0.8565282821655273
YOR391C,YMR184W,0,-0.674451,0.09996846318244934,0.9462686777114868,0.8566282987594604
YAL020C,YJR089W,0,-0.6745401,0.09995795786380768,0.9462686777114868,0.8567283749580383
YBR296C,YBR012W-B,0,-0.67465353,0.09994745254516602,0.9462686777114868,0.8568283915519714
YJL097W,YOR343W-A,0,-0.6747296,0.09993694722652435,0.9462686777114868,0.8569284677505493
YOL031C,YIL160C,0,-0.67477506,0.09992644935846329,0.9462686777114868,0.8570285439491272
YNL308C,YGR188C,0,-0.6749437,0.09991595149040222,0.9462686777114868,0.8571285605430603
YLR304C,YPL257W-A,0,-0.6749488,0.09990545362234116,0.9462686777114868,0.8572286367416382
YAR044W,YLR306W,0,-0.6750576,0.09989495575428009,0.9462686777114868,0.8573286533355713
YJL157C,YMR224C,0,-0.6750769,0.09988446533679962,0.9462686777114868,0.8574287295341492
YDR511W,YDR231C,0,-0.67530286,0.09987397491931915,0.9462686777114868,0.8575287461280823
YKR038C,YLR014C,0,-0.6753149,0.09986349195241928,0.9462686777114868,0.8576288223266602
YJL156C,YMR312W,0,-0.67533845,0.09985300153493881,0.9462686777114868,0.8577288389205933
YJL025W,YBL023C,0,-0.67538667,0.09984251856803894,0.9462686777114868,0.8578289151191711
YCL059C,YLR287C-A,0,-0.6755613,0.09983203560113907,0.9462686777114868,0.857928991317749
YNR070W,YOR343W-A,0,-0.67562705,0.0998215600848198,0.9462686777114868,0.8580290079116821
YJR121W,YNL146W,0,-0.675804,0.09981108456850052,0.9462686777114868,0.85812908411026
YDR283C,YDR320C,0,-0.6758993,0.09980060905218124,0.9462686777114868,0.8582291007041931
YIL111W,YGR279C,0,-0.67598224,0.09979013353586197,0.9462686777114868,0.858329176902771
YBR093C,YLR377C,1,-0.6762035,0.09988458454608917,0.9472636580467224,0.858329176902771
YOR315W,YCR039C,0,-0.67620945,0.0998741090297699,0.9472636580467224,0.8584291934967041
YMR314W,YNL054W-B,0,-0.67628217,0.09986363351345062,0.9472636580467224,0.858529269695282
YER088C,YDR034C-C,0,-0.6764651,0.09985315799713135,0.9472636580467224,0.8586292862892151
YKL135C,YNL151C,0,-0.6765115,0.09984268248081207,0.9472636580467224,0.858729362487793
YDR501W,YLR337W,0,-0.67651665,0.0998322144150734,0.9472636580467224,0.8588294386863708
YGR106C,YKL158W,0,-0.6765973,0.09982174634933472,0.9472636580467224,0.858929455280304
YOR175C,YOL139C,0,-0.6766098,0.09981127828359604,0.9472636580467224,0.8590295314788818
YDR316W-A,YLR327C,0,-0.6768689,0.09980081766843796,0.9472636580467224,0.8591295480728149
YAL013W,YIL138C,0,-0.67692953,0.09979035705327988,0.9472636580467224,0.8592296242713928
YPR137C-B,YJR143C,0,-0.67709607,0.0997798964381218,0.9472636580467224,0.8593296408653259
YOR192C-B,YCR075C,0,-0.67731124,0.09976944327354431,0.9472636580467224,0.8594297170639038
YER147C,YHR129C,0,-0.6774987,0.09975898265838623,0.9472636580467224,0.8595297932624817
YDR511W,YNL054W-B,0,-0.6775353,0.09974852949380875,0.9472636580467224,0.8596298098564148
YNL136W,YDR478W,0,-0.67757213,0.09973808377981186,0.9472636580467224,0.8597298860549927
YAR010C,YAR044W,0,-0.67776084,0.09972763806581497,0.9472636580467224,0.8598299026489258
YPR028W,YPL257W-A,0,-0.6779158,0.09971719235181808,0.9472636580467224,0.8599299788475037
YGR027W-B,YDR014W,0,-0.6779793,0.0997067466378212,0.9472636580467224,0.8600299954414368
YER095W,YNL054W-B,0,-0.67811936,0.09969630092382431,0.9472636580467224,0.8601300716400146
YLR343W,YDL109C,0,-0.6781298,0.09968586266040802,0.9472636580467224,0.8602300882339478
YJL048C,YFL002W-A,0,-0.6781843,0.09967542439699173,0.9472636580467224,0.8603301644325256
YER184C,YAL012W,0,-0.67825234,0.09966499358415604,0.9472636580467224,0.8604302406311035
YDR170W-A,YJL052W,0,-0.6782756,0.09965455532073975,0.9472636580467224,0.8605302572250366
YOL018C,YMR127C,0,-0.67832386,0.09964412450790405,0.9472636580467224,0.8606303334236145
YLR283W,YAR007C,0,-0.67860055,0.09963370114564896,0.9472636580467224,0.8607303500175476
YFR037C,YOL133W,0,-0.678722,0.09962327033281326,0.9472636580467224,0.8608304262161255
YJL041W,YNL188W,0,-0.6787323,0.09961284697055817,0.9472636580467224,0.8609304428100586
YOL018C,YDL200C,0,-0.67881656,0.09960242360830307,0.9472636580467224,0.8610305190086365
YPR137C-B,YDR380W,0,-0.679203,0.09959200769662857,0.9472636580467224,0.8611305356025696
YGL089C,YHR039C-B,0,-0.6792038,0.09958159178495407,0.9472636580467224,0.8612306118011475
YGL039W,YBR040W,0,-0.679466,0.09957117587327957,0.9472636580467224,0.8613306879997253
YIL138C,YGL095C,0,-0.6796522,0.09956075996160507,0.9472636580467224,0.8614307045936584
YML113W,YPR178W,0,-0.6796807,0.09955035150051117,0.9472636580467224,0.8615307807922363
YOL138C,YDR495C,0,-0.6797048,0.09953994303941727,0.9472636580467224,0.8616307973861694
YLL013C,YGR158C,0,-0.6798231,0.09952953457832336,0.9472636580467224,0.8617308735847473
YDR056C,YHL009W-B,0,-0.67987955,0.09951913356781006,0.9472636580467224,0.8618308901786804
YGL137W,YGR027W-B,0,-0.68009996,0.09950872510671616,0.9472636580467224,0.8619309663772583
YCL059C,YCR053W,0,-0.68025756,0.09949832409620285,0.9472636580467224,0.8620310425758362
YLR147C,YHR023W,0,-0.6805426,0.09948793053627014,0.9472636580467224,0.8621310591697693
YDR052C,YKR037C,0,-0.68063664,0.09947753697633743,0.9472636580467224,0.8622311353683472
YBR040W,YML081C-A,0,-0.6808636,0.09946714341640472,0.9472636580467224,0.8623311519622803
YMR289W,YPL155C,0,-0.68088984,0.09945674985647202,0.9472636580467224,0.8624312281608582
YMR307W,YKR094C,0,-0.6812036,0.0994463562965393,0.9472636580467224,0.8625312447547913
YMR036C,YGR208W,1,-0.681277,0.09954041987657547,0.9482586979866028,0.8625312447547913
YPR048W,YIL078W,0,-0.68135345,0.09953002631664276,0.9482586979866028,0.8626313209533691
YOR192C-B,YFR037C,0,-0.68136215,0.09951963275671005,0.9482586979866028,0.8627313375473022
YIL109C,YAL008W,0,-0.6814205,0.09950923919677734,0.9482586979866028,0.8628314137458801
YHR076W,YOR043W,0,-0.6814212,0.09949885308742523,0.9482586979866028,0.862931489944458
YPR158C-D,YDL109C,0,-0.6815252,0.09948846697807312,0.9482586979866028,0.8630315065383911
YBR087W,YOR240W,0,-0.68160367,0.09947808086872101,0.9482586979866028,0.863131582736969
YER126C,YOR322C,0,-0.68173665,0.0994676947593689,0.9482586979866028,0.8632315993309021
YDR312W,YNL227C,0,-0.6817373,0.09945731610059738,0.9482586979866028,0.86333167552948
YDR248C,YNL188W,0,-0.68177176,0.09944693744182587,0.9482586979866028,0.8634316921234131
YNL308C,YDL130W,0,-0.68198216,0.09943655878305435,0.9482586979866028,0.863531768321991
YPL257W-A,YOR092W,0,-0.68205154,0.09942618757486343,0.9482586979866028,0.8636318445205688
YDR329C,YPR118W,0,-0.6820541,0.09941581636667252,0.9482586979866028,0.863731861114502
YDR388W,YDR387C,0,-0.6821321,0.0994054451584816,0.9482586979866028,0.8638319373130798
YNR043W,YDR034C-C,0,-0.6823288,0.09939507395029068,0.9482586979866028,0.8639319539070129
YDR219C,YER030W,0,-0.68233514,0.09938471019268036,0.9482586979866028,0.8640320301055908
YNR045W,YHR136C,0,-0.6823714,0.09937434643507004,0.9482586979866028,0.8641320466995239
YPR137C-B,YIL125W,0,-0.6824708,0.09936399012804031,0.9482586979866028,0.8642321228981018
YHL009W-B,YHR136C,0,-0.6825358,0.09935362637042999,0.9482586979866028,0.8643321394920349
YDL129W,YPL101W,0,-0.6825656,0.09934327006340027,0.9482586979866028,0.8644322156906128
YML018C,YLR396C,0,-0.6828243,0.09933291375637054,0.9482586979866028,0.8645322918891907
YBR175W,YOR240W,0,-0.6828321,0.09932256489992142,0.9482586979866028,0.8646323084831238
YER025W,YDL108W,0,-0.6829536,0.09931221604347229,0.9482586979866028,0.8647323846817017
YDR420W,YGR234W,0,-0.6830419,0.09930186718702316,0.9482586979866028,0.8648324012756348
YOR343W-A,YMR285C,0,-0.6831151,0.09929151833057404,0.9482586979866028,0.8649324774742126
YLR035C-A,YGL249W,0,-0.6831726,0.0992811769247055,0.9482586979866028,0.8650324940681458
YJR098C,YKR050W,0,-0.6833875,0.09927083551883698,0.9482586979866028,0.8651325702667236
YJL062W-A,YPL258C,0,-0.6834156,0.09926049411296844,0.9482586979866028,0.8652325868606567
YIR036C,YGR184C,0,-0.6834445,0.09925015270709991,0.9482586979866028,0.8653326630592346
YAR018C,YKL010C,0,-0.6834638,0.09923981875181198,0.9482586979866028,0.8654327392578125
YDL164C,YMR128W,0,-0.68371725,0.09922948479652405,0.9482586979866028,0.8655327558517456
YDR170W-A,YLR433C,0,-0.6837445,0.09921915829181671,0.9482586979866028,0.8656328320503235
YIL109C,YLR035C-A,0,-0.6839014,0.09920882433652878,0.9482586979866028,0.8657328486442566
YML037C,YOR067C,0,-0.68406785,0.09919849783182144,0.9482586979866028,0.8658329248428345
YBR198C,YLR438C-A,0,-0.6840713,0.0991881787776947,0.9482586979866028,0.8659329414367676
YMR316W,YGR071C,0,-0.68416786,0.09917785227298737,0.9482586979866028,0.8660330176353455
YBR012W-A,YBL074C,0,-0.6841711,0.09916753321886063,0.9482586979866028,0.8661330938339233
YIL112W,YBR142W,0,-0.6842151,0.09915721416473389,0.9482586979866028,0.8662331104278564
YGL249W,YPL085W,0,-0.6842164,0.09914690256118774,0.9482586979866028,0.8663331866264343
YNL311C,YBR084W,0,-0.6842854,0.099136583507061,0.9482586979866028,0.8664332032203674
YDR533C,YLR304C,0,-0.6843984,0.09912627190351486,0.9482586979866028,0.8665332794189453
YBL075C,YOL157C,0,-0.68453753,0.09911596775054932,0.9482586979866028,0.8666332960128784
YLR459W,YBL039C,0,-0.6849791,0.09910565614700317,0.9482586979866028,0.8667333722114563
YKL199C,YML077W,0,-0.6849804,0.09909535199403763,0.9482586979866028,0.8668333888053894
YPR118W,YDR117C,0,-0.68498665,0.09908504784107208,0.9482586979866028,0.8669334650039673
YMR016C,YBR198C,0,-0.68544775,0.09907475113868713,0.9482586979866028,0.8670335412025452
YBR237W,YOR182C,0,-0.6855235,0.09906444698572159,0.9482586979866028,0.8671335577964783
YGR047C,YBL101W-A,0,-0.68563914,0.09905415028333664,0.9482586979866028,0.8672336339950562
YKL154W,YNL077W,0,-0.68573725,0.09904386103153229,0.9482586979866028,0.8673336505889893
YHL009W-B,YHL024W,0,-0.68581045,0.09903356432914734,0.9482586979866028,0.8674337267875671
YEL016C,YPR032W,0,-0.6858238,0.09902327507734299,0.9482586979866028,0.8675337433815002
YDR261W-B,YPL068C,0,-0.6858759,0.09901298582553864,0.9482586979866028,0.8676338195800781
YOR192C-A,YNL189W,0,-0.6858944,0.09900270402431488,0.9482586979866028,0.867733895778656
YMR086W,YLR286C,0,-0.6859296,0.09899241477251053,0.9482586979866028,0.8678339123725891
YDR210W-B,YKR009C,0,-0.6861576,0.09898213297128677,0.9482586979866028,0.867933988571167
YMR036C,YMR204C,0,-0.6862502,0.09897185862064362,0.9482586979866028,0.8680340051651001
YPR158C-D,YLR079W,0,-0.6863225,0.09896157681941986,0.9482586979866028,0.868134081363678
YFL047W,YKL199C,0,-0.6863873,0.0989513024687767,0.9482586979866028,0.8682340979576111
YLR192C,YHR070W,0,-0.6864879,0.09894102811813354,0.9482586979866028,0.868334174156189
YMR016C,YLR337W,0,-0.6872161,0.09893076121807098,0.9482586979866028,0.8684341907501221
YML129C,YIL004C,0,-0.68724537,0.09892048686742783,0.9482586979866028,0.8685342669487
YPL231W,YMR004W,0,-0.6872711,0.09891021996736526,0.9482586979866028,0.8686343431472778
YJL219W,YML095C,0,-0.6874224,0.0988999605178833,0.9482586979866028,0.8687343597412109
YLR098C,YHR039C-B,0,-0.68756044,0.09888969361782074,0.9482586979866028,0.8688344359397888
YLR035C-A,YLL011W,0,-0.6876668,0.09887943416833878,0.9482586979866028,0.8689344525337219
YMR128W,YDR507C,0,-0.6878718,0.09886917471885681,0.9482586979866028,0.8690345287322998
YOL138C,YPL202C,0,-0.6879292,0.09885892271995544,0.9482586979866028,0.8691345453262329
YPL089C,YER106W,0,-0.68799067,0.09884867072105408,0.9482586979866028,0.8692346215248108
YPR118W,YKL042W,0,-0.6879972,0.09883841872215271,0.9482586979866028,0.8693346381187439
YBR050C,YOR240W,0,-0.6880627,0.09882816672325134,0.9482586979866028,0.8694347143173218
YLR035C-A,YJR135W-A,0,-0.68817925,0.09881791472434998,0.9482586979866028,0.8695347905158997
YBR264C,YDR330W,0,-0.68823755,0.0988076701760292,0.9482586979866028,0.8696348071098328
YER070W,YMR122W-A,0,-0.6882924,0.09879742562770844,0.9482586979866028,0.8697348833084106
YKR105C,YDR034C-C,0,-0.6882997,0.09878718852996826,0.9482586979866028,0.8698348999023438
YHL040C,YNL308C,0,-0.6887114,0.09877695143222809,0.9482586979866028,0.8699349761009216
YDR210W-B,YIR037W,0,-0.6887295,0.09876671433448792,0.9482586979866028,0.8700349926948547
YDR316W-A,YGL205W,0,-0.68925345,0.09875647723674774,0.9482586979866028,0.8701350688934326
YLR035C-A,YGR135W,0,-0.6893883,0.09874624758958817,0.9482586979866028,0.8702351450920105
YOL103W,YKL021C,0,-0.68956864,0.09873601049184799,0.9482586979866028,0.8703351616859436
YGL211W,YMR017W,0,-0.6896708,0.09872578829526901,0.9482586979866028,0.8704352378845215
YGR292W,YLR035C-A,0,-0.68973184,0.09871555864810944,0.9482586979866028,0.8705352544784546
YGL211W,YDL080C,0,-0.68974876,0.09870533645153046,0.9482586979866028,0.8706353306770325
YDL069C,YHR099W,0,-0.6898377,0.09869511425495148,0.9482586979866028,0.8707353472709656
YBL056W,YJL134W,1,-0.6900792,0.09878844022750854,0.9492537379264832,0.8707353472709656
YGL210W,YJL109C,0,-0.6902287,0.09877821803092957,0.9492537379264832,0.8708354234695435
YBR012W-A,YJL056C,0,-0.6902959,0.09876798838376999,0.9492537379264832,0.8709354400634766
YHR044C,YDR034C-C,0,-0.690302,0.09875776618719101,0.9492537379264832,0.8710355162620544
YPR178W,YIL160C,0,-0.69041854,0.09874754399061203,0.9492537379264832,0.8711355924606323
YFR032C-A,YOR269W,0,-0.69042253,0.09873732179403305,0.9492537379264832,0.8712356090545654
YEL054C,YDR069C,0,-0.6906,0.09872710704803467,0.9492537379264832,0.8713356852531433
YHR027C,YHL009W-B,0,-0.6906297,0.09871688485145569,0.9492537379264832,0.8714357018470764
YJR059W,YMR045C,0,-0.6907153,0.0987066701054573,0.9492537379264832,0.8715357780456543
YGR104C,YNL054W-B,0,-0.690886,0.09869646281003952,0.9492537379264832,0.8716357946395874
YBL101W-A,YOR346W,0,-0.69114983,0.09868625551462173,0.9492537379264832,0.8717358708381653
YDR096W,YER053C,0,-0.69117403,0.09867604821920395,0.9492537379264832,0.8718359470367432
YBR012W-A,YMR198W,0,-0.69122684,0.09866584092378616,0.9492537379264832,0.8719359636306763
YGR026W,YKL158W,0,-0.6915391,0.09865563362836838,0.9492537379264832,0.8720360398292542
YCR077C,YMR127C,0,-0.6917004,0.09864543378353119,0.9492537379264832,0.8721360564231873
YHR153C,YDR503C,0,-0.69176406,0.098635233938694,0.9492537379264832,0.8722361326217651
YPR137C-B,YKL116C,0,-0.6920477,0.09862504154443741,0.9492537379264832,0.8723361492156982
YNL054W-B,YBL074C,0,-0.69209635,0.09861484169960022,0.9492537379264832,0.8724362254142761
YDR261W-B,YGR184C,0,-0.6921084,0.09860464930534363,0.9492537379264832,0.8725362420082092
YBR084W,YOR092W,0,-0.6921397,0.09859445691108704,0.9492537379264832,0.8726363182067871
YGL249W,YDR529C,0,-0.6921625,0.09858427196741104,0.9492537379264832,0.872736394405365
YOL120C,YIR009W,0,-0.69219863,0.09857408702373505,0.9492537379264832,0.8728364109992981
YCL059C,YAR044W,0,-0.6922556,0.09856390208005905,0.9492537379264832,0.872936487197876
YGL021W,YPR019W,0,-0.69233257,0.09855371713638306,0.9492537379264832,0.8730365037918091
YLR074C,YGR075C,0,-0.69234145,0.09854353964328766,0.9492537379264832,0.873136579990387
YOR240W,YHR140W,0,-0.69237995,0.09853336215019226,0.9492537379264832,0.8732365965843201
YLR410W,YMR277W,1,-0.6924929,0.09862645715475082,0.9502487778663635,0.8732365965843201
YLR266C,YOR192C-A,0,-0.69287324,0.09861627221107483,0.9502487778663635,0.873336672782898
YNR027W,YBL101W-A,0,-0.6929009,0.09860609471797943,0.9502487778663635,0.873436689376831
YGL227W,YOL149W,0,-0.6929711,0.09859590977430344,0.9502487778663635,0.8735367655754089
YMR306W,YBR213W,0,-0.6930183,0.09858573228120804,0.9502487778663635,0.8736368417739868
YPL195W,YDR210W-B,0,-0.6932176,0.09857555478811264,0.9502487778663635,0.8737368583679199
YPR048W,YBR097W,0,-0.69322944,0.09856538474559784,0.9502487778663635,0.8738369345664978
YOR143C,YBL057C,0,-0.6933445,0.09855521470308304,0.9502487778663635,0.8739369511604309
YDR170W-A,YNL151C,0,-0.6934412,0.09854504466056824,0.9502487778663635,0.8740370273590088
YKR050W,YDR034C-C,0,-0.693568,0.09853487461805344,0.9502487778663635,0.8741370439529419
YPR049C,YLR032W,0,-0.69410145,0.09852471202611923,0.9502487778663635,0.8742371201515198
YBR299W,YKL198C,0,-0.6941333,0.09851454198360443,0.9502487778663635,0.8743371963500977
YDR126W,YER111C,0,-0.69427735,0.09850438684225082,0.9502487778663635,0.8744372129440308
YHR039C-B,YER110C,0,-0.69438124,0.09849422425031662,0.9502487778663635,0.8745372891426086
YER051W,YNR041C,0,-0.69460034,0.09848406910896301,0.9502487778663635,0.8746373057365417
YJL165C,YBR264C,0,-0.6947515,0.0984739139676094,0.9502487778663635,0.8747373819351196
YCR098C,YBR164C,0,-0.6947806,0.0984637588262558,0.9502487778663635,0.8748373985290527
YMR043W,YBL088C,0,-0.69483185,0.09845361113548279,0.9502487778663635,0.8749374747276306
YDL166C,YBR251W,0,-0.69483364,0.09844345599412918,0.9502487778663635,0.8750374913215637
YBR158W,YBL101W-A,0,-0.6948549,0.09843331575393677,0.9502487778663635,0.8751375675201416
YDL085W,YOR389W,0,-0.6950927,0.09842316806316376,0.9502487778663635,0.8752376437187195
YMR006C,YLR439W,0,-0.69512063,0.09841302782297134,0.9502487778663635,0.8753376603126526
YNR050C,YAR044W,0,-0.6954496,0.09840288758277893,0.9502487778663635,0.8754377365112305
YDR312W,YMR100W,0,-0.69554806,0.09839274734258652,0.9502487778663635,0.8755377531051636
YNL099C,YFR028C,1,-0.6956431,0.09848562628030777,0.9512437582015991,0.8755377531051636
YPR028W,YBL101W-A,0,-0.69571257,0.09847548604011536,0.9512437582015991,0.8756378293037415
YKL004W,YHR027C,0,-0.695716,0.09846533834934235,0.9512437582015991,0.8757378458976746
YPR137C-B,YOL064C,0,-0.69578487,0.09845519810914993,0.9512437582015991,0.8758379220962524
YPR096C,YMR017W,0,-0.6957997,0.09844506531953812,0.9512437582015991,0.8759379982948303
YNL129W,YPL033C,0,-0.6961569,0.0984349250793457,0.9512437582015991,0.8760380148887634
YDR060W,YJL133W,0,-0.69618934,0.09842479228973389,0.9512437582015991,0.8761380910873413
YIL004C,YNR045W,0,-0.69636154,0.09841465950012207,0.9512437582015991,0.8762381076812744
YOR069W,YPL257W-A,0,-0.6964452,0.09840452671051025,0.9512437582015991,0.8763381838798523
YOR192C-B,YDR120C,0,-0.6967205,0.09839440137147903,0.9512437582015991,0.8764382004737854
YHR013C,YLR265C,0,-0.6967628,0.09838427603244781,0.9512437582015991,0.8765382766723633
YIL093C,YJR158W,0,-0.69676554,0.0983741506934166,0.9512437582015991,0.8766382932662964
YDR261W-B,YBR231C,0,-0.6968179,0.09836403280496597,0.9512437582015991,0.8767383694648743
YHR023W,YAR070W-A,0,-0.6969827,0.09835390746593475,0.9512437582015991,0.8768384456634521
YCR029C-A,YIR002C,0,-0.6969827,0.09834378957748413,0.9512437582015991,0.8769384622573853
YAL010C,YHR214W-G,0,-0.6969827,0.0983336791396141,0.9512437582015991,0.8770385384559631
YNR022C,YAR070W-A,0,-0.6969827,0.09832356125116348,0.9512437582015991,0.8771385550498962
YOR037W,YOR396W,0,-0.6969827,0.09831345081329346,0.9512437582015991,0.8772386312484741
YAR070W-A,YFL037W,0,-0.6969827,0.09830334037542343,0.9512437582015991,0.8773386478424072
YER159C-A,YJL062W-A,0,-0.6969827,0.098293237388134,0.9512437582015991,0.8774387240409851
YDR318W,YAR070W-A,0,-0.6969827,0.09828312695026398,0.9512437582015991,0.8775387406349182
YHL047C,YOR396W,0,-0.6969827,0.09827302396297455,0.9512437582015991,0.8776388168334961
YCL048W-A,YPL038W,0,-0.6969827,0.09826292842626572,0.9512437582015991,0.877738893032074
YLR312C-B,YKR037C,0,-0.6969827,0.09825282543897629,0.9512437582015991,0.8778389096260071
YDL129W,YGL258W-A,0,-0.6969827,0.09824272990226746,0.9512437582015991,0.877938985824585
YLR312C-B,YOL019W,0,-0.6969827,0.09823263436555862,0.9512437582015991,0.8780390024185181
YOR384W,YHR214W-G,0,-0.6969827,0.09822253882884979,0.9512437582015991,0.878139078617096
YGR076C,YOR396W,0,-0.6969827,0.09821245074272156,0.9512437582015991,0.878239095211029
YKL179C,YOR396W,0,-0.6969827,0.09820236265659332,0.9512437582015991,0.8783391714096069
YCR029C-A,YLR201C,0,-0.6969827,0.09819227457046509,0.9512437582015991,0.8784392476081848
YMR208W,YOR396W,0,-0.6969827,0.09818219393491745,0.9512437582015991,0.8785392642021179
YDR074W,YOR396W,0,-0.6969827,0.09817210584878922,0.9512437582015991,0.8786393404006958
YLR312C-B,YOR075W,0,-0.6969827,0.09816203266382217,0.9512437582015991,0.8787393569946289
YCL048W-A,YJL101C,0,-0.6969827,0.09815195202827454,0.9512437582015991,0.8788394331932068
YPL096C-A,YML087C,0,-0.6969827,0.0981418713927269,0.9512437582015991,0.8789394497871399
YHR214W-G,YER126C,0,-0.6969827,0.09813179820775986,0.9512437582015991,0.8790395259857178
YHR214W-G,YIL171W,0,-0.6969827,0.09812172502279282,0.9512437582015991,0.8791395425796509
YCL048W-A,YDR524C,0,-0.6969827,0.09811165928840637,0.9512437582015991,0.8792396187782288
YCR081W,YAR070W-A,0,-0.6969827,0.09810159355401993,0.9512437582015991,0.8793396949768066
YGL258W-A,YPL154C,0,-0.6969827,0.09809152781963348,0.9512437582015991,0.8794397115707397
YKR058W,YGL258W-A,0,-0.6969827,0.09808146208524704,0.9512437582015991,0.8795397877693176
YER089C,YAR044W,0,-0.6969827,0.0980713963508606,0.9512437582015991,0.8796398043632507
YJR104C,YPL096C-A,0,-0.6969827,0.09806133806705475,0.9512437582015991,0.8797398805618286
YPL096C-A,YDR130C,0,-0.6969827,0.0980512797832489,0.9512437582015991,0.8798398971557617
YMR287C,YHR214W-G,0,-0.6969827,0.09804122895002365,0.9512437582015991,0.8799399733543396
YOR356W,YPL189C-A,0,-0.6969827,0.0980311706662178,0.9512437582015991,0.8800400495529175
YMR094W,YGL258W-A,0,-0.6969827,0.09802111983299255,0.9512437582015991,0.8801400661468506
YHL040C,YCR029C-A,0,-0.6969827,0.0980110689997673,0.9512437582015991,0.8802401423454285
YCR029C-A,YDR279W,0,-0.6969827,0.09800102561712265,0.9512437582015991,0.8803401589393616
YLR312C-B,YJR060W,0,-0.6969827,0.097990982234478,0.9512437582015991,0.8804402351379395
YLR312C-B,YDR126W,0,-0.6969827,0.09798093885183334,0.9512437582015991,0.8805402517318726
YCL048W-A,YOL077C,0,-0.6969827,0.09797089546918869,0.9512437582015991,0.8806403279304504
YBR092C,YDL038C,0,-0.6969827,0.09796085953712463,0.9512437582015991,0.8807403445243835
YCL048W-A,YOL056W,0,-0.6969827,0.09795081615447998,0.9512437582015991,0.8808404207229614
YCR029C-A,YJR143C,0,-0.6969827,0.09794078767299652,0.9512437582015991,0.8809404969215393
YCL048W-A,YBR122C,0,-0.6969827,0.09793075174093246,0.9512437582015991,0.8810405135154724
YMR128W,YAR070W-A,0,-0.6969827,0.097920723259449,0.9512437582015991,0.8811405897140503
YBL022C,YAR070W-A,0,-0.6969827,0.09791069477796555,0.9512437582015991,0.8812406063079834
YLR096W,YOR396W,0,-0.6969827,0.09790066629648209,0.9512437582015991,0.8813406825065613
YPL189C-A,YMR017W,0,-0.6969827,0.09789063781499863,0.9512437582015991,0.8814406991004944
YMR307W,YCR029C-A,0,-0.6969827,0.09788061678409576,0.9512437582015991,0.8815407752990723
YOR240W,YDL184C,0,-0.6969827,0.0978705957531929,0.9512437582015991,0.8816407918930054
YIL109C,YDL038C,0,-0.6969827,0.09786058217287064,0.9512437582015991,0.8817408680915833
YCL048W-A,YGR241C,0,-0.6969827,0.09785056114196777,0.9512437582015991,0.8818409442901611
YAL020C,YGL258W-A,0,-0.6969827,0.09784054756164551,0.9512437582015991,0.8819409608840942
YJR015W,YHR214W-G,0,-0.6969827,0.09783053398132324,0.9512437582015991,0.8820410370826721
YBR033W,YHR039C-B,0,-0.6969827,0.09782052785158157,0.9512437582015991,0.8821410536766052
YDR158W,YAR070W-A,0,-0.6969827,0.09781051427125931,0.9512437582015991,0.8822411298751831
YJL062W-A,YDR393W,0,-0.6969827,0.09780050814151764,0.9512437582015991,0.8823411464691162
YDL038C,YBL090W,0,-0.6969827,0.09779050946235657,0.9512437582015991,0.8824412226676941
YPR049C,YGR272C,0,-0.6969827,0.0977805033326149,0.9512437582015991,0.882541298866272
YLR312C-B,YER083C,0,-0.6969827,0.09777050465345383,0.9512437582015991,0.8826413154602051
YLR312C-B,YJR160C,0,-0.6969827,0.09776050597429276,0.9512437582015991,0.882741391658783
YGL128C,YGL258W-A,0,-0.6969827,0.09775051474571228,0.9512437582015991,0.8828414082527161
YOR369C,YOR396W,0,-0.6969827,0.09774051606655121,0.9512437582015991,0.882941484451294
YCR029C-A,YDR261W-B,0,-0.6969827,0.09773052483797073,0.9512437582015991,0.883041501045227
YCR029C-A,YDR115W,0,-0.6969827,0.09772053360939026,0.9512437582015991,0.8831415772438049
YOR037W,YPL189C-A,0,-0.6969827,0.09771054983139038,0.9512437582015991,0.883241593837738
YDL038C,YPL074W,0,-0.6969827,0.0977005586028099,0.9512437582015991,0.8833416700363159
YPL096C-A,YNL007C,0,-0.6969827,0.09769057482481003,0.9512437582015991,0.8834417462348938
YDL038C,YCR010C,0,-0.6969827,0.09768059849739075,0.9512437582015991,0.8835417628288269
YLR312C-B,YDR341C,0,-0.6969827,0.09767061471939087,0.9512437582015991,0.8836418390274048
YCL048W-A,YBR297W,0,-0.6969827,0.09766063839197159,0.9512437582015991,0.8837418556213379
YGL258W-A,YJR058C,0,-0.6969827,0.09765066206455231,0.9512437582015991,0.8838419318199158
YLR312C-B,YKL183W,0,-0.6969827,0.09764069318771362,0.9512437582015991,0.8839419484138489
YML012W,YHR214W-G,0,-0.6969827,0.09763071686029434,0.9512437582015991,0.8840420246124268
YGR006W,YAR070W-A,0,-0.6969827,0.09762074798345566,0.9512437582015991,0.8841421008110046
YIL150C,YCR029C-A,0,-0.6969827,0.09761077910661697,0.9512437582015991,0.8842421174049377
YDR388W,YHR214W-G,0,-0.6969827,0.09760081768035889,0.9512437582015991,0.8843421936035156
YOR343W-A,YKL158W,0,-0.6969827,0.0975908562541008,0.9512437582015991,0.8844422101974487
YPL096C-A,YDR197W,0,-0.6969827,0.09758089482784271,0.9512437582015991,0.8845422863960266
YOR175C,YPL189C-A,0,-0.6969827,0.09757093340158463,0.9512437582015991,0.8846423029899597
YCR029C-A,YKL143W,0,-0.6969827,0.09756097197532654,0.9512437582015991,0.8847423791885376
YLR312C-B,YJL033W,0,-0.6969827,0.09755101799964905,0.9512437582015991,0.8848423957824707
YCR029C-A,YNL129W,0,-0.6969827,0.09754106402397156,0.9512437582015991,0.8849424719810486
YPR158C-D,YAR070W-A,0,-0.6969827,0.09753111749887466,0.9512437582015991,0.8850425481796265
YLR312C-B,YHL024W,0,-0.6969827,0.09752116352319717,0.9512437582015991,0.8851425647735596
YOR075W,YAR070W-A,0,-0.6969827,0.09751121699810028,0.9512437582015991,0.8852426409721375
YLR312C-B,YDL019C,0,-0.6969827,0.09750127792358398,0.9512437582015991,0.8853426575660706
YKL195W,YAR044W,0,-0.6969827,0.09749133139848709,0.9512437582015991,0.8854427337646484
YDR239C,YGL258W-A,0,-0.6969827,0.0974813923239708,0.9512437582015991,0.8855427503585815
YCR029C-A,YOR233W,0,-0.6969827,0.0974714532494545,0.9512437582015991,0.8856428265571594
YFL029C,YGL258W-A,0,-0.6969827,0.0974615141749382,0.9512437582015991,0.8857428431510925
YLR370C,YHR214W-G,0,-0.6969827,0.0974515825510025,0.9512437582015991,0.8858429193496704
YCR029C-A,YOR369C,0,-0.6969827,0.0974416434764862,0.9512437582015991,0.8859429955482483
YAR044W,YDL112W,0,-0.6969827,0.0974317193031311,0.9512437582015991,0.8860430121421814
YJL129C,YCL048W-A,0,-0.6969827,0.0974217876791954,0.9512437582015991,0.8861430883407593
YOR201C,YCL048W-A,0,-0.6969827,0.0974118635058403,0.9512437582015991,0.8862431049346924
YGR184C,YLR337W,0,-0.6969827,0.0974019393324852,0.9512437582015991,0.8863431811332703
YGR062C,YAR070W-A,0,-0.6969827,0.0973920151591301,0.9512437582015991,0.8864431977272034
YBR033W,YCL048W-A,0,-0.6969827,0.097382090985775,0.9512437582015991,0.8865432739257812
YCR029C-A,YHR207C,0,-0.6969827,0.09737217426300049,0.9512437582015991,0.8866433501243591
YDR279W,YPL096C-A,0,-0.6969827,0.09736225754022598,0.9512437582015991,0.8867433667182922
YGL258W-A,YDR252W,0,-0.6969827,0.09735234081745148,0.9512437582015991,0.8868434429168701
YNR040W,YKL158W,0,-0.6969827,0.09734243154525757,0.9512437582015991,0.8869434595108032
YLR312C-B,YJL164C,0,-0.6969827,0.09733252227306366,0.9512437582015991,0.8870435357093811
YPL189C-A,YGR037C,0,-0.6969827,0.09732261300086975,0.9512437582015991,0.8871435523033142
YDL038C,YPR054W,0,-0.6969827,0.09731270372867584,0.9512437582015991,0.8872436285018921
YLR312C-B,YEL059C-A,0,-0.6969827,0.09730280190706253,0.9512437582015991,0.8873436450958252
YGR086C,YGL258W-A,0,-0.6969827,0.09729290008544922,0.9512437582015991,0.8874437212944031
YDL038C,YNL185C,0,-0.6969827,0.09728299826383591,0.9512437582015991,0.887543797492981
YAR070W-A,YOR246C,0,-0.6969827,0.0972730964422226,0.9512437582015991,0.8876438140869141
YJR121W,YPL189C-A,0,-0.6969827,0.09726320207118988,0.9512437582015991,0.8877438902854919
YPL189C-A,YKL056C,0,-0.6969827,0.09725330770015717,0.9512437582015991,0.887843906879425
YCL048W-A,YGR037C,0,-0.6969827,0.09724341332912445,0.9512437582015991,0.8879439830780029
YDL038C,YJL153C,0,-0.6969827,0.09723352640867233,0.9512437582015991,0.888043999671936
YPL096C-A,YKR030W,0,-0.6969827,0.09722363203763962,0.9512437582015991,0.8881440758705139
YDL120W,YGL258W-A,0,-0.6969827,0.0972137451171875,0.9512437582015991,0.888244092464447
YOR240W,YPL153C,0,-0.6969827,0.09720386564731598,0.9512437582015991,0.8883441686630249
YOR143C,YGL258W-A,0,-0.6969827,0.09719397872686386,0.9512437582015991,0.8884442448616028
YAR070W-A,YLR403W,0,-0.6969827,0.09718409925699234,0.9512437582015991,0.8885442614555359
YPL096C-A,YMR312W,0,-0.6969827,0.09717421978712082,0.9512437582015991,0.8886443376541138
YDR465C,YDL038C,0,-0.6969827,0.0971643477678299,0.9512437582015991,0.8887443542480469
YLR312C-B,YPR019W,0,-0.6969827,0.09715446829795837,0.9512437582015991,0.8888444304466248
YDL038C,YPL028W,0,-0.6969827,0.09714459627866745,0.9512437582015991,0.8889444470405579
YLR312C-B,YER048W-A,0,-0.6969827,0.09713473170995712,0.9512437582015991,0.8890445232391357
YPL189C-A,YML087C,0,-0.6969827,0.0971248596906662,0.9512437582015991,0.8891445994377136
YDR056C,YDL038C,0,-0.6969827,0.09711499512195587,0.9512437582015991,0.8892446160316467
YGR295C,YGL258W-A,0,-0.6969827,0.09710513055324554,0.9512437582015991,0.8893446922302246
YCL048W-A,YLR040C,0,-0.6969827,0.09709526598453522,0.9512437582015991,0.8894447088241577
YER087C-A,YOR396W,0,-0.6969827,0.09708540886640549,0.9512437582015991,0.8895447850227356
YCL048W-A,YDL180W,0,-0.6969827,0.09707555174827576,0.9512437582015991,0.8896448016166687
YBR264C,YGL258W-A,0,-0.6969827,0.09706569463014603,0.9512437582015991,0.8897448778152466
YDL038C,YDL065C,0,-0.6969827,0.0970558375120163,0.9512437582015991,0.8898448944091797
YHR039C-B,YDR034C-C,0,-0.6969827,0.09704598784446716,0.9512437582015991,0.8899449706077576
YDL038C,YMR292W,0,-0.6969827,0.09703613817691803,0.9512437582015991,0.8900450468063354
YGL106W,YAR070W-A,0,-0.6969827,0.0970262885093689,0.9512437582015991,0.8901450634002686
YLR312C-B,YLR419W,0,-0.6969827,0.09701643884181976,0.9512437582015991,0.8902451395988464
YCR029C-A,YFR007W,0,-0.6969827,0.09700659662485123,0.9512437582015991,0.8903451561927795
YNL280C,YHR214W-G,0,-0.6969827,0.09699675440788269,0.9512437582015991,0.8904452323913574
YDL038C,YCL048W-A,0,-0.6969827,0.09698691219091415,0.9512437582015991,0.8905452489852905
YHR136C,YAR070W-A,0,-0.6969827,0.09697707742452621,0.9512437582015991,0.8906453251838684
YLR212C,YAR070W-A,0,-0.6969827,0.09696723520755768,0.9512437582015991,0.8907454013824463
YGL258W-A,YOL056W,0,-0.6969827,0.09695740044116974,0.9512437582015991,0.8908454179763794
YDR312W,YCR029C-A,0,-0.6969827,0.0969475731253624,0.9512437582015991,0.8909454941749573
YDR531W,YPL189C-A,0,-0.6969827,0.09693773835897446,0.9512437582015991,0.8910455107688904
YMR256C,YOR396W,0,-0.6969827,0.09692791104316711,0.9512437582015991,0.8911455869674683
YBR123C,YCL048W-A,0,-0.6969827,0.09691808372735977,0.9512437582015991,0.8912456035614014
YOR240W,YOR343W-A,0,-0.6969827,0.09690826386213303,0.9512437582015991,0.8913456797599792
YBL101W-A,YML081C-A,0,-0.6969827,0.09689843654632568,0.9512437582015991,0.8914456963539124
YCR072C,YOR396W,0,-0.6969827,0.09688861668109894,0.9512437582015991,0.8915457725524902
YDR532C,YCL048W-A,0,-0.6969827,0.09687879681587219,0.9512437582015991,0.8916458487510681
YGL206C,YJL062W-A,0,-0.6969827,0.09686898440122604,0.9512437582015991,0.8917458653450012
YDR465C,YOR396W,0,-0.6969827,0.0968591719865799,0.9512437582015991,0.8918459415435791
YCR029C-A,YMR026C,0,-0.6969827,0.09684935957193375,0.9512437582015991,0.8919459581375122
YLR312C-B,YDR320C,0,-0.6969827,0.0968395471572876,0.9512437582015991,0.8920460343360901
YHR214W-G,YGR272C,0,-0.6969827,0.09682973474264145,0.9512437582015991,0.8921460509300232
YCL048W-A,YCR094W,0,-0.6969827,0.0968199297785759,0.9512437582015991,0.8922461271286011
YDR242W,YGL258W-A,0,-0.6969827,0.09681012481451035,0.9512437582015991,0.8923461437225342
YPL189C-A,YHR160C,0,-0.6969827,0.09680032730102539,0.9512437582015991,0.8924462199211121
YDR448W,YPL096C-A,0,-0.6969827,0.09679052233695984,0.9512437582015991,0.8925462961196899
YDL038C,YPR016C,0,-0.6969827,0.09678072482347488,0.9512437582015991,0.892646312713623
YER095W,YPL096C-A,0,-0.6969827,0.09677092730998993,0.9512437582015991,0.8927463889122009
YNL185C,YOR396W,0,-0.6969827,0.09676113724708557,0.9512437582015991,0.892846405506134
YMR289W,YGL258W-A,0,-0.6969827,0.09675133973360062,0.9512437582015991,0.8929464817047119
YLR312C-B,YIL125W,0,-0.6969827,0.09674154967069626,0.9512437582015991,0.893046498298645
YKL199C,YLR287C-A,0,-0.6969827,0.0967317596077919,0.9512437582015991,0.8931465744972229
YDR236C,YOR396W,0,-0.6969827,0.09672197699546814,0.9512437582015991,0.8932466506958008
YMR235C,YDL038C,0,-0.6969827,0.09671218693256378,0.9512437582015991,0.8933466672897339
YCR029C-A,YGR061C,0,-0.6969827,0.09670240432024002,0.9512437582015991,0.8934467434883118
YHR214W-G,YLR327C,0,-0.6969827,0.09669262915849686,0.9512437582015991,0.8935467600822449
YLR312C-B,YJL062W-A,0,-0.6969827,0.0966828465461731,0.9512437582015991,0.8936468362808228
YCL048W-A,YDL095W,0,-0.6969827,0.09667307138442993,0.9512437582015991,0.8937468528747559
YDR270W,YPL096C-A,0,-0.6969827,0.09666329622268677,0.9512437582015991,0.8938469290733337
YLR439W,YHR214W-G,0,-0.6969827,0.0966535210609436,0.9512437582015991,0.8939469456672668
YCL048W-A,YOR306C,0,-0.6969827,0.09664375334978104,0.9512437582015991,0.8940470218658447
YHR214W-G,YOR322C,0,-0.6969827,0.09663398563861847,0.9512437582015991,0.8941470980644226
YAR070W-A,YNL135C,0,-0.6969827,0.0966242179274559,0.9512437582015991,0.8942471146583557
YDL099W,YER045C,0,-0.6969919,0.09661445021629333,0.9512437582015991,0.8943471908569336
YCR098C,YHR039C-B,0,-0.6970514,0.09660468995571136,0.9512437582015991,0.8944472074508667
YER131W,YKL028W,0,-0.6972104,0.0965949296951294,0.9512437582015991,0.8945472836494446
YHR067W,YDR210W-B,0,-0.6972507,0.09658516943454742,0.9512437582015991,0.8946473002433777
YLR158C,YBL101W-A,0,-0.6975276,0.09657540917396545,0.9512437582015991,0.8947473764419556
YOR127W,YBL023C,0,-0.6978346,0.09656565636396408,0.9512437582015991,0.8948474526405334
YBR267W,YDR534C,0,-0.6979241,0.09655590355396271,0.9512437582015991,0.8949474692344666
YOR192C-B,YHL008C,0,-0.697963,0.09654615074396133,0.9512437582015991,0.8950475454330444
YGL128C,YJL008C,0,-0.6981432,0.09653640538454056,0.9512437582015991,0.8951475620269775
YPR049C,YGR075C,0,-0.6982733,0.09652665257453918,0.9512437582015991,0.8952476382255554
YMR211W,YPR168W,0,-0.6984165,0.09651690721511841,0.9512437582015991,0.8953476548194885
YGL223C,YPR158C-D,0,-0.69842505,0.09650716930627823,0.9512437582015991,0.8954477310180664
YJR098C,YML037C,0,-0.6984986,0.09649742394685745,0.9512437582015991,0.8955477476119995
YDL210W,YPR158C-D,0,-0.6988781,0.09648768603801727,0.9512437582015991,0.8956478238105774
YBR125C,YIL113W,1,-0.69904476,0.09657886624336243,0.9522387981414795,0.8956478238105774
YOR240W,YJR060W,0,-0.6990828,0.09656912088394165,0.9522387981414795,0.8957479000091553
YLR097C,YDL115C,0,-0.6991298,0.09655937552452087,0.9522387981414795,0.8958479166030884
YOR192C-A,YNL227C,0,-0.6991329,0.0965496376156807,0.9522387981414795,0.8959479928016663
YOR096W,YDL144C,0,-0.6991396,0.09653989970684052,0.9522387981414795,0.8960480093955994
YDR261W-B,YLR433C,0,-0.6992426,0.09653016179800034,0.9522387981414795,0.8961480855941772
YJR097W,YBR297W,0,-0.6993654,0.09652042388916016,0.9522387981414795,0.8962481021881104
YMR171C,YBL101W-A,0,-0.6994108,0.09651069343090057,0.9522387981414795,0.8963481783866882
YOR343W-A,YBL061C,0,-0.699413,0.0965009555220604,0.9522387981414795,0.8964481949806213
YDR465C,YML091C,0,-0.6995629,0.09649122506380081,0.9522387981414795,0.8965482711791992
YIL093C,YGL253W,0,-0.69973004,0.09648150205612183,0.9522387981414795,0.8966483473777771
YDR170W-A,YLR238W,0,-0.6998251,0.09647177159786224,0.9522387981414795,0.8967483639717102
YJR098C,YOL056W,0,-0.6999202,0.09646204859018326,0.9522387981414795,0.8968484401702881
YJL008C,YMR165C,0,-0.700029,0.09645232558250427,0.9522387981414795,0.8969484567642212
YBR175W,YER048W-A,0,-0.7001441,0.09644261002540588,0.9522387981414795,0.8970485329627991
YOR192C-A,YMR204C,0,-0.70016795,0.0964328870177269,0.9522387981414795,0.8971485495567322
YNL218W,YBL020W,0,-0.700374,0.09642317146062851,0.9522387981414795,0.8972486257553101
YKL199C,YLL001W,0,-0.7007711,0.09641345590353012,0.9522387981414795,0.8973487019538879
YDR236C,YPL257W-A,0,-0.701415,0.09640374779701233,0.9522387981414795,0.897448718547821
YHR117W,YPL257W-A,0,-0.7015523,0.09639403969049454,0.9522387981414795,0.8975487947463989
YOL123W,YMR204C,0,-0.7015637,0.09638433158397675,0.9522387981414795,0.897648811340332
YOR151C,YNL054W-B,0,-0.7016989,0.09637462347745895,0.9522387981414795,0.8977488875389099
YAL053W,YPL257W-A,0,-0.7017127,0.09636491537094116,0.9522387981414795,0.897848904132843
YBL101W-A,YLR010C,0,-0.7017344,0.09635521471500397,0.9522387981414795,0.8979489803314209
YER096W,YGR158C,0,-0.70173925,0.09634551405906677,0.9522387981414795,0.898048996925354
YER148W,YEL015W,0,-0.70199895,0.09633581340312958,0.9522387981414795,0.8981490731239319
YDR170W-A,YJL097W,0,-0.7021228,0.09632612019777298,0.9522387981414795,0.8982491493225098
YOL138C,YDR523C,0,-0.7021903,0.09631642699241638,0.9522387981414795,0.8983491659164429
YPR158C-D,YFR015C,0,-0.7022188,0.09630673378705978,0.9522387981414795,0.8984492421150208
YDR299W,YBL101W-A,0,-0.70247203,0.09629704058170319,0.9522387981414795,0.8985492587089539
YNR027W,YNL158W,0,-0.7026347,0.09628735482692719,0.9522387981414795,0.8986493349075317
YOL092W,YLL011W,0,-0.7027991,0.09627766907215118,0.9522387981414795,0.8987493515014648
YDL230W,YFR025C,1,-0.7028747,0.09636857360601425,0.9532338380813599,0.8987493515014648
YBR058C,YGR158C,0,-0.7032459,0.09635888040065765,0.9532338380813599,0.8988494277000427
YMR290C,YLR448W,0,-0.7032761,0.09634918719530106,0.9532338380813599,0.8989495038986206
YMR127C,YPL111W,0,-0.70348203,0.09633950144052505,0.9532338380813599,0.8990495204925537
YDR126W,YLR139C,0,-0.703505,0.09632981568574905,0.9532338380813599,0.8991495966911316
YAL020C,YOR192C-A,0,-0.7036462,0.09632012993097305,0.9532338380813599,0.8992496132850647
YMR152W,YKL158W,0,-0.70369816,0.09631044417619705,0.9532338380813599,0.8993496894836426
YJR097W,YDL115C,0,-0.7037803,0.09630076587200165,0.9532338380813599,0.8994497060775757
YPR158C-D,YPL149W,0,-0.70397973,0.09629108756780624,0.9532338380813599,0.8995497822761536
YOR343W-A,YDR054C,0,-0.70413256,0.09628140926361084,0.9532338380813599,0.8996497988700867
YJL044C,YDR261W-B,0,-0.70421666,0.09627173095941544,0.9532338380813599,0.8997498750686646
YFL002W-A,YDR060W,0,-0.7044264,0.09626206010580063,0.9532338380813599,0.8998499512672424
YPR137C-B,YJL129C,0,-0.7045127,0.09625238925218582,0.9532338380813599,0.8999499678611755
YOR322C,YKL158W,0,-0.70460624,0.09624271839857101,0.9532338380813599,0.9000500440597534
YHR031C,YDR329C,0,-0.7046274,0.09623304754495621,0.9532338380813599,0.9001500606536865
YKL178C,YGL039W,0,-0.70466703,0.096223384141922,0.9532338380813599,0.9002501368522644
YOR192C-B,YNL331C,0,-0.7049524,0.09621372073888779,0.9532338380813599,0.9003501534461975
YMR282C,YDR118W,0,-0.7050598,0.09620405733585358,0.9532338380813599,0.9004502296447754
YBL101W-A,YOR246C,0,-0.70516056,0.09619439393281937,0.9532338380813599,0.9005502462387085
YCR098C,YMR012W,0,-0.70536745,0.09618473798036575,0.9532338380813599,0.9006503224372864
YGL205W,YHR161C,0,-0.7053823,0.09617508202791214,0.9532338380813599,0.9007503986358643
YDR390C,YLL035W,0,-0.7054121,0.09616542607545853,0.9532338380813599,0.9008504152297974
YOR192C-A,YGL040C,0,-0.7056028,0.09615577757358551,0.9532338380813599,0.9009504914283752
YER147C,YBL057C,0,-0.7056526,0.0961461290717125,0.9532338380813599,0.9010505080223083
YKL218C,YJL109C,0,-0.705675,0.09613648056983948,0.9532338380813599,0.9011505842208862
YLR035C-A,YOR290C,0,-0.7060195,0.09612683206796646,0.9532338380813599,0.9012506008148193
YPL257W-A,YDR368W,0,-0.7061646,0.09611718356609344,0.9532338380813599,0.9013506770133972
YPR137C-B,YOL147C,0,-0.70627373,0.09610754251480103,0.9532338380813599,0.9014507532119751
YNL325C,YLR337W,0,-0.7063714,0.0960979014635086,0.9532338380813599,0.9015507698059082
YDR424C,YPR073C,0,-0.7064146,0.09608826786279678,0.9532338380813599,0.9016508460044861
YDR065W,YNL149C,0,-0.7065645,0.09607862681150436,0.9532338380813599,0.9017508625984192
YOR179C,YPL155C,0,-0.70656836,0.09606899321079254,0.9532338380813599,0.9018509387969971
YOR356W,YBL090W,0,-0.7070586,0.09605935961008072,0.9532338380813599,0.9019509553909302
YGR272C,YPR032W,0,-0.70712537,0.0960497260093689,0.9532338380813599,0.9020510315895081
YDL120W,YBR273C,0,-0.7071295,0.09604009985923767,0.9532338380813599,0.9021510481834412
YBL057C,YLR139C,0,-0.70717514,0.09603047370910645,0.9532338380813599,0.902251124382019
YPL257W-A,YNL325C,0,-0.70722294,0.09602084755897522,0.9532338380813599,0.9023512005805969
YPL177C,YHR039C-B,0,-0.7072378,0.096011221408844,0.9532338380813599,0.90245121717453
YOR109W,YLL010C,1,-0.70758176,0.09610181301832199,0.9542288780212402,0.90245121717453
YEL054C,YHR039C-B,0,-0.7076328,0.09609218686819077,0.9542288780212402,0.9025512933731079
YKL156W,YKL116C,0,-0.70766264,0.09608255326747894,0.9542288780212402,0.902651309967041
YOR315W,YPL257W-A,0,-0.70772547,0.09607293456792831,0.9542288780212402,0.9027513861656189
YPL258C,YGR027W-B,0,-0.7078777,0.09606330841779709,0.9542288780212402,0.902851402759552
YHR206W,YDR034C-C,0,-0.7079231,0.09605368226766586,0.9542288780212402,0.9029514789581299
YKL021C,YKL158W,0,-0.70813465,0.09604406356811523,0.9542288780212402,0.9030515551567078
YDR466W,YDL130W-A,0,-0.70852053,0.0960344448685646,0.9542288780212402,0.9031515717506409
YBL054W,YBR097W,0,-0.7085932,0.09602483361959457,0.9542288780212402,0.9032516479492188
YEL054C,YOR228C,0,-0.70863056,0.09601521492004395,0.9542288780212402,0.9033516645431519
YBR159W,YKL158W,0,-0.70865595,0.09600560367107391,0.9542288780212402,0.9034517407417297
YLR364W,YGR027W-B,0,-0.70868504,0.09599599242210388,0.9542288780212402,0.9035517573356628
YPL031C,YOR343W-A,0,-0.70883656,0.09598638862371445,0.9542288780212402,0.9036518335342407
YOL005C,YHR117W,0,-0.70926,0.09597678482532501,0.9542288780212402,0.9037518501281738
YLR361C,YDL006W,1,-0.70995784,0.09606724977493286,0.9552238583564758,0.9037518501281738
YHL024W,YPL177C,0,-0.7100089,0.09605763107538223,0.9552238583564758,0.9038519263267517
YMR036C,YOR192C-A,0,-0.7100166,0.0960480272769928,0.9552238583564758,0.9039520025253296
YGL205W,YHL004W,0,-0.7100203,0.09603841602802277,0.9552238583564758,0.9040520191192627
YPL074W,YML095C,0,-0.7101756,0.09602881222963333,0.9552238583564758,0.9041520953178406
YML106W,YDL112W,0,-0.7102275,0.0960192009806633,0.9552238583564758,0.9042521119117737
YPL226W,YIL084C,0,-0.71033967,0.09600960463285446,0.9552238583564758,0.9043521881103516
YMR130W,YBR276C,1,-0.7107867,0.09610000252723694,0.9562188982963562,0.9043521881103516
YLR439W,YCR004C,0,-0.71084714,0.0960903912782669,0.9562188982963562,0.9044522047042847
YML088W,YCR054C,0,-0.71088123,0.09608078747987747,0.9562188982963562,0.9045522809028625
YOR037W,YDR170W-A,0,-0.71110964,0.09607117623090744,0.9562188982963562,0.9046522974967957
YBR240C,YPR032W,0,-0.7114873,0.096061572432518,0.9562188982963562,0.9047523736953735
YDR316W-A,YIR023W,0,-0.7115967,0.09605197608470917,0.9562188982963562,0.9048524498939514
YKL199C,YBR283C,0,-0.7118429,0.09604237228631973,0.9562188982963562,0.9049524664878845
YMR264W,YHR070W,0,-0.7119898,0.0960327759385109,0.9562188982963562,0.9050525426864624
YKL158W,YER045C,0,-0.71201026,0.09602317959070206,0.9562188982963562,0.9051525592803955
YMR165C,YLR433C,1,-0.7120286,0.09611349552869797,0.9572139382362366,0.9051525592803955
YBR158W,YHR039C-B,0,-0.7125845,0.09610389918088913,0.9572139382362366,0.9052526354789734
YKL108W,YBR245C,0,-0.7127063,0.0960942953824997,0.9572139382362366,0.9053526520729065
YLR364W,YLR126C,0,-0.71298563,0.09608469903469086,0.9572139382362366,0.9054527282714844
YER083C,YMR022W,0,-0.71309876,0.09607510268688202,0.9572139382362366,0.9055528044700623
YML040W,YGR274C,0,-0.7132918,0.09606550633907318,0.9572139382362366,0.9056528210639954
YMR094W,YOR343W-A,0,-0.71344936,0.09605591744184494,0.9572139382362366,0.9057528972625732
YHL009W-B,YJL106W,0,-0.7135619,0.0960463285446167,0.9572139382362366,0.9058529138565063
YOR391C,YPL257W-A,0,-0.71357894,0.09603673964738846,0.9572139382362366,0.9059529900550842
YBL030C,YGL009C,0,-0.713614,0.09602715075016022,0.9572139382362366,0.9060530066490173
YKL004W,YOR265W,0,-0.71391,0.09601756930351257,0.9572139382362366,0.9061530828475952
YGR274C,YMR051C,0,-0.7139665,0.09600798040628433,0.9572139382362366,0.9062530994415283
YAL041W,YLL011W,0,-0.7140514,0.09599840641021729,0.9572139382362366,0.9063531756401062
YPR158C-D,YLR430W,0,-0.71428096,0.09598882496356964,0.9572139382362366,0.9064532518386841
YCR075C,YDR031W,0,-0.71436447,0.0959792509675026,0.9572139382362366,0.9065532684326172
YJR022W,YKL164C,0,-0.71470535,0.09596966952085495,0.9572139382362366,0.9066533446311951
YHL008C,YAR044W,0,-0.7147812,0.0959601029753685,0.9572139382362366,0.9067533612251282
YMR080C,YJL109C,0,-0.71483916,0.09595052897930145,0.9572139382362366,0.906853437423706
YDR436W,YIL113W,1,-0.7150119,0.09604068845510483,0.9582089781761169,0.906853437423706
YER159C-A,YDR228C,0,-0.71505123,0.09603111445903778,0.9582089781761169,0.9069534540176392
YER089C,YHR215W,1,-0.7151388,0.09612125158309937,0.9592039585113525,0.9069534540176392
YDR440W,YJR068W,0,-0.7153985,0.09611166268587112,0.9592039585113525,0.907053530216217
YDR219C,YER148W,0,-0.7154622,0.09610208123922348,0.9592039585113525,0.9071536064147949
YDR443C,YLR337W,0,-0.7154838,0.09609250724315643,0.9592039585113525,0.907253623008728
YBL101W-A,YHL004W,0,-0.71564573,0.09608292579650879,0.9592039585113525,0.9073536992073059
YOL018C,YHR129C,0,-0.7157444,0.09607335180044174,0.9592039585113525,0.907453715801239
YBR055C,YER126C,0,-0.71621776,0.0960637778043747,0.9592039585113525,0.9075537919998169
YFL002W-A,YDR529C,0,-0.7162831,0.09605420380830765,0.9592039585113525,0.90765380859375
YDR479C,YNL012W,0,-0.7165808,0.0960446372628212,0.9592039585113525,0.9077538847923279
YFR032C-A,YGL021W,0,-0.71676385,0.09603506326675415,0.9592039585113525,0.907853901386261
YPR049C,YNL242W,0,-0.71695626,0.0960255041718483,0.9592039585113525,0.9079539775848389
YOR192C-A,YFL037W,0,-0.71700406,0.09601593762636185,0.9592039585113525,0.9080540537834167
YLR304C,YHR039C-B,0,-0.71702075,0.0960063710808754,0.9592039585113525,0.9081540703773499
YNL166C,YDL006W,0,-0.7171644,0.09599681198596954,0.9592039585113525,0.9082541465759277
YPL068C,YBR105C,0,-0.71721035,0.09598725289106369,0.9592039585113525,0.9083541631698608
YJL044C,YAR044W,0,-0.7173486,0.09597770124673843,0.9592039585113525,0.9084542393684387
YMR306W,YDR487C,0,-0.7174401,0.09596814215183258,0.9592039585113525,0.9085542559623718
YDR121W,YER070W,0,-0.7174864,0.09595859050750732,0.9592039585113525,0.9086543321609497
YPL157W,YHR039C-B,0,-0.7176948,0.09594903886318207,0.9592039585113525,0.9087543487548828
YGR286C,YLR337W,0,-0.7181747,0.09593948721885681,0.9592039585113525,0.9088544249534607
YAR019C,YHL024W,0,-0.71820915,0.09592994302511215,0.9592039585113525,0.9089545011520386
YOR240W,YBL023C,0,-0.71841747,0.09592039883136749,0.9592039585113525,0.9090545177459717
YBR240C,YHL044W,0,-0.7185693,0.09591085463762283,0.9592039585113525,0.9091545939445496
YLR035C-A,YBR289W,0,-0.7188614,0.09590131044387817,0.9592039585113525,0.9092546105384827
YJR160C,YNR001C,0,-0.7190578,0.09589177370071411,0.9592039585113525,0.9093546867370605
YCL059C,YGL155W,0,-0.7195646,0.09588223695755005,0.9592039585113525,0.9094547033309937
YGL213C,YKR050W,0,-0.7195646,0.09587270021438599,0.9592039585113525,0.9095547795295715
YJL072C,YKR037C,0,-0.71961653,0.09586316347122192,0.9592039585113525,0.9096548557281494
YJL219W,YKL199C,0,-0.71974725,0.09585363417863846,0.9592039585113525,0.9097548723220825
YDR101C,YOR127W,0,-0.7197617,0.09584410488605499,0.9592039585113525,0.9098549485206604
YNL054W-B,YDR054C,0,-0.72062933,0.09583457559347153,0.9592039585113525,0.9099549651145935
YOR175C,YNL054W-B,0,-0.72077835,0.09582504630088806,0.9592039585113525,0.9100550413131714
YLR371W,YJR076C,0,-0.72082794,0.09581552445888519,0.9592039585113525,0.9101550579071045
YPL060W,YDR210W-B,0,-0.7208742,0.09580600261688232,0.9592039585113525,0.9102551341056824
YGR029W,YOL140W,0,-0.7209101,0.09579648077487946,0.9592039585113525,0.9103551506996155
YGR123C,YLR410W,1,-0.7209808,0.09588632732629776,0.9601989984512329,0.9103551506996155
YMR087W,YOL065C,1,-0.72139883,0.09597615152597427,0.9611940383911133,0.9103551506996155
YOR192C-A,YML085C,0,-0.72141707,0.09596662223339081,0.9611940383911133,0.9104552268981934
YMR042W,YDR478W,0,-0.72156,0.09595708549022675,0.9611940383911133,0.9105553030967712
YOL133W,YLR147C,0,-0.7216798,0.09594755619764328,0.9611940383911133,0.9106553196907043
YML129C,YDR316W-A,0,-0.7219881,0.09593802690505981,0.9611940383911133,0.9107553958892822
YNL053W,YNL222W,1,-0.7220283,0.09602780640125275,0.9621890783309937,0.9107553958892822
YER087C-A,YNL339C,0,-0.7221663,0.09601826965808868,0.9621890783309937,0.9108554124832153
YLR371W,YMR224C,0,-0.7224163,0.09600874036550522,0.9621890783309937,0.9109554886817932
YDR074W,YNL010W,1,-0.7224474,0.09609848260879517,0.9631840586662292,0.9109554886817932
YIR012W,YKL158W,0,-0.7226836,0.0960889384150505,0.9631840586662292,0.9110555052757263
YMR171C,YDR316W-A,0,-0.7226924,0.09607940167188644,0.9631840586662292,0.9111555814743042
YHR215W,YHR039C-B,0,-0.72269297,0.09606987237930298,0.9631840586662292,0.9112555980682373
YDR299W,YHR013C,0,-0.7229619,0.09606033563613892,0.9631840586662292,0.9113556742668152
YBR087W,YDL051W,0,-0.72297543,0.09605080634355545,0.9631840586662292,0.9114557504653931
YAR015W,YLR337W,0,-0.72311383,0.09604127705097198,0.9631840586662292,0.9115557670593262
YLR377C,YIL113W,1,-0.72317314,0.09613095223903656,0.9641790986061096,0.9115557670593262
YPL269W,YPL174C,0,-0.7232507,0.0961214154958725,0.9641790986061096,0.911655843257904
YOR192C-B,YDR056C,0,-0.7233712,0.09611188620328903,0.9641790986061096,0.9117558598518372
YMR171C,YDL205C,0,-0.7238897,0.09610234946012497,0.9641790986061096,0.911855936050415
YLR345W,YMR130W,1,-0.7239659,0.09619198739528656,0.96517413854599,0.911855936050415
YDR520C,YBR084W,0,-0.72427225,0.0961824506521225,0.96517413854599,0.9119559526443481
YDR261W-B,YDR334W,0,-0.72455823,0.09617291390895844,0.96517413854599,0.912056028842926
YJL153C,YKL179C,0,-0.7245778,0.09616337716579437,0.96517413854599,0.9121561050415039
YJL148W,YER164W,0,-0.7245994,0.09615384787321091,0.96517413854599,0.912256121635437
YPL194W,YJR068W,0,-0.7248772,0.09614431858062744,0.96517413854599,0.9123561978340149
YHR021C,YER126C,0,-0.7249093,0.09613478928804398,0.96517413854599,0.912456214427948
YAL035W,YBL101W-A,0,-0.72493684,0.09612525999546051,0.96517413854599,0.9125562906265259
YOR381W,YMR037C,0,-0.7250197,0.09611573815345764,0.96517413854599,0.912656307220459
YIL078W,YBL039C,0,-0.7251276,0.09610620886087418,0.96517413854599,0.9127563834190369
YNL227C,YGR027W-B,0,-0.7251631,0.0960966944694519,0.96517413854599,0.91285640001297
YBL057C,YAL058W,0,-0.72544944,0.09608717262744904,0.96517413854599,0.9129564762115479
YOL018C,YDL030W,0,-0.72560906,0.09607765823602676,0.96517413854599,0.9130565524101257
YGR035C,YDR210W-B,0,-0.7256728,0.0960681363940239,0.96517413854599,0.9131565690040588
YOR167C,YAL035W,0,-0.7258849,0.09605862200260162,0.96517413854599,0.9132566452026367
YDR316W-A,YER012W,0,-0.7262052,0.09604911506175995,0.96517413854599,0.9133566617965698
YDR316W-A,YMR004W,0,-0.7262866,0.09603960067033768,0.96517413854599,0.9134567379951477
YMR130W,YPL174C,0,-0.7265272,0.096030093729496,0.96517413854599,0.9135567545890808
YIR012W,YBL074C,0,-0.72653115,0.09602058678865433,0.96517413854599,0.9136568307876587
YBR058C-A,YDR044W,0,-0.7270186,0.09601108729839325,0.96517413854599,0.9137569069862366
YJR029W,YJR060W,0,-0.727082,0.09600158035755157,0.96517413854599,0.9138569235801697
YAL013W,YLR327C,0,-0.7271898,0.0959920808672905,0.96517413854599,0.9139569997787476
YDR524C,YMR292W,0,-0.72735935,0.09598258137702942,0.96517413854599,0.9140570163726807
YKR090W,YHL009W-B,0,-0.7275082,0.09597308933734894,0.96517413854599,0.9141570925712585
YMR292W,YKL021C,0,-0.7275923,0.09596358984708786,0.96517413854599,0.9142571091651917
YGR027W-B,YOR217W,0,-0.72770035,0.09595409780740738,0.96517413854599,0.9143571853637695
YOL065C,YOL157C,0,-0.72781914,0.0959446057677269,0.96517413854599,0.9144572019577026
YFL004W,YER180C,0,-0.72788703,0.09593512117862701,0.96517413854599,0.9145572781562805
YLR147C,YOR240W,0,-0.7281904,0.09592563658952713,0.96517413854599,0.9146573543548584
YGR054W,YNL096C,0,-0.7282114,0.09591614454984665,0.96517413854599,0.9147573709487915
YPR102C,YKL158W,0,-0.72839844,0.09590666741132736,0.96517413854599,0.9148574471473694
YCR072C,YML063W,0,-0.7284403,0.09589718282222748,0.96517413854599,0.9149574637413025
YKL199C,YOR233W,0,-0.7285012,0.09588770568370819,0.96517413854599,0.9150575399398804
YNR027W,YMR171C,0,-0.7288109,0.0958782210946083,0.96517413854599,0.9151575565338135
YLR212C,YAR044W,0,-0.7288308,0.09586875140666962,0.96517413854599,0.9152576327323914
YGL210W,YDL065C,0,-0.7288674,0.09585927426815033,0.96517413854599,0.9153576493263245
YFL002W-A,YDR103W,0,-0.72891533,0.09584980458021164,0.96517413854599,0.9154577255249023
YMR006C,YEL016C,0,-0.729039,0.09584033489227295,0.96517413854599,0.9155578017234802
YLR109W,YPL257W-A,0,-0.72931266,0.09583086520433426,0.96517413854599,0.9156578183174133
YDL099W,YDR128W,0,-0.72972876,0.09582139551639557,0.96517413854599,0.9157578945159912
YFL002W-A,YGL178W,0,-0.7297998,0.09581193327903748,0.96517413854599,0.9158579111099243
YMR316W,YGR272C,0,-0.7301183,0.09580247104167938,0.96517413854599,0.9159579873085022
YOR240W,YER110C,0,-0.7305733,0.09579300880432129,0.96517413854599,0.9160580039024353
YFR028C,YGR208W,1,-0.73066527,0.09588229656219482,0.9661691784858704,0.9160580039024353
YLR238W,YNL248C,0,-0.7307584,0.09587282687425613,0.9661691784858704,0.9161580801010132
YOR343W-A,YIR023W,0,-0.73093385,0.09586336463689804,0.9661691784858704,0.9162581562995911
YDL229W,YBL101W-A,0,-0.7310556,0.09585390239953995,0.9661691784858704,0.9163581728935242
YHR039C-B,YJL080C,0,-0.7312426,0.09584444016218185,0.9661691784858704,0.916458249092102
YBL054W,YKR030W,0,-0.7313862,0.09583497792482376,0.9661691784858704,0.9165582656860352
YOL018C,YMR204C,0,-0.73152715,0.09582552313804626,0.9661691784858704,0.916658341884613
YOR192C-A,YLL035W,0,-0.73158264,0.09581606835126877,0.9661691784858704,0.9167583584785461
YHR039C-B,YMR037C,0,-0.73160887,0.09580661356449127,0.9661691784858704,0.916858434677124
YMR221C,YKR104W,0,-0.7316168,0.09579715877771378,0.9661691784858704,0.9169584512710571
YOR343W-A,YDR362C,0,-0.7316382,0.09578771144151688,0.9661691784858704,0.917058527469635
YCR094W,YBR142W,0,-0.7317053,0.09577825665473938,0.9661691784858704,0.9171586036682129
YNL086W,YLR158C,0,-0.73195326,0.09576881676912308,0.9661691784858704,0.917258620262146
YKL004W,YDR326C,0,-0.73201406,0.09575936943292618,0.9661691784858704,0.9173586964607239
YIR026C,YBR125C,1,-0.7322103,0.09584853798151016,0.967164158821106,0.9173586964607239
YBR198C,YLR212C,0,-0.732579,0.09583908319473267,0.967164158821106,0.917458713054657
YDR420W,YJL190C,0,-0.7325932,0.09582963585853577,0.967164158821106,0.9175587892532349
YJL052W,YLR337W,0,-0.7327258,0.09582018852233887,0.967164158821106,0.917658805847168
YDL210W,YBR214W,0,-0.7328191,0.09581074118614197,0.967164158821106,0.9177588820457458
YLR385C,YLR441C,0,-0.7328881,0.09580130130052567,0.967164158821106,0.9178589582443237
YOR348C,YBL101W-A,0,-0.73355687,0.09579186141490936,0.967164158821106,0.9179589748382568
YPR158C-D,YPL038W,0,-0.7335912,0.09578242152929306,0.967164158821106,0.9180590510368347
YEL065W,YLR337W,0,-0.7335969,0.09577298164367676,0.967164158821106,0.9181590676307678
YJR097W,YOR076C,0,-0.7336283,0.09576354920864105,0.967164158821106,0.9182591438293457
YHR039C-B,YER053C,0,-0.7344923,0.09575410932302475,0.967164158821106,0.9183591604232788
YGL003C,YHR129C,0,-0.7348505,0.09574468433856964,0.967164158821106,0.9184592366218567
YNL136W,YOR240W,0,-0.73500836,0.09573525190353394,0.967164158821106,0.9185592532157898
YPR070W,YLR438C-A,0,-0.7350944,0.09572581946849823,0.967164158821106,0.9186593294143677
YER068W,YDL060W,0,-0.7351241,0.09571639448404312,0.967164158821106,0.9187594056129456
YDR329C,YPL202C,0,-0.73524374,0.09570696949958801,0.967164158821106,0.9188594222068787
YBR267W,YLR403W,0,-0.73544747,0.0956975519657135,0.967164158821106,0.9189594984054565
YHR046C,YKL021C,0,-0.7356228,0.09568812698125839,0.967164158821106,0.9190595149993896
YJR135C,YOR233W,0,-0.7356752,0.09567870944738388,0.967164158821106,0.9191595911979675
YGR035C,YDR534C,0,-0.7356963,0.09566929191350937,0.967164158821106,0.9192596077919006
YJR135C,YKR104W,0,-0.73611104,0.09565987437963486,0.967164158821106,0.9193596839904785
YBL106C,YFL002W-A,0,-0.73632276,0.09565046429634094,0.967164158821106,0.9194597005844116
YDL129W,YOR151C,0,-0.73643214,0.09564105421304703,0.967164158821106,0.9195597767829895
YHR092C,YOR269W,0,-0.7366959,0.09563164412975311,0.967164158821106,0.9196598529815674
YNL119W,YLR438C-A,0,-0.7368717,0.0956222340464592,0.967164158821106,0.9197598695755005
YDR170W-A,YPR041W,0,-0.7373458,0.09561282396316528,0.967164158821106,0.9198599457740784
YPR156C,YJL008C,0,-0.73746073,0.09560342133045197,0.967164158821106,0.9199599623680115
YDR420W,YGL123W,0,-0.7378836,0.09559401869773865,0.967164158821106,0.9200600385665894
YHR039C-B,YGR014W,0,-0.7379875,0.09558462351560593,0.967164158821106,0.9201600551605225
YNL331C,YCL057C-A,0,-0.73801804,0.09557522088289261,0.967164158821106,0.9202601313591003
YDR316W-A,YOL100W,0,-0.738109,0.09556582570075989,0.967164158821106,0.9203602075576782
YHR140W,YEL050C,0,-0.7381172,0.09555643051862717,0.967164158821106,0.9204602241516113
YKL088W,YML125C,0,-0.7383994,0.09554703533649445,0.967164158821106,0.9205603003501892
YLR188W,YAR044W,0,-0.7387344,0.09553764760494232,0.967164158821106,0.9206603169441223
YIL084C,YBL101W-A,0,-0.738883,0.0955282524228096,0.967164158821106,0.9207603931427002
YIR006C,YNL012W,0,-0.738997,0.09551886469125748,0.967164158821106,0.9208604097366333
YGL227W,YCL057C-A,0,-0.7395976,0.09550948441028595,0.967164158821106,0.9209604859352112
YKL089W,YHR092C,0,-0.73997617,0.09550009667873383,0.967164158821106,0.9210605025291443
YBR012W-A,YBR009C,0,-0.7402695,0.0954907163977623,0.967164158821106,0.9211605787277222
YLL013C,YAR044W,0,-0.7410126,0.09548133611679077,0.967164158821106,0.9212606549263
YDR075W,YLR410W,1,-0.7411473,0.09557017683982849,0.9681591987609863,0.9212606549263
YBR022W,YPR168W,0,-0.74188787,0.09556079655885696,0.9681591987609863,0.9213606715202332
YJL143W,YNL218W,0,-0.74189365,0.09555140882730484,0.9681591987609863,0.921460747718811
YGR047C,YLR238W,0,-0.7420305,0.09554202854633331,0.9681591987609863,0.9215607643127441
YLR361C,YIR026C,1,-0.74225837,0.09563083201646805,0.9691542387008667,0.9215607643127441
YPL106C,YLR035C-A,0,-0.74241567,0.09562144428491592,0.9691542387008667,0.921660840511322
YHR021C,YLR040C,0,-0.74242646,0.0956120565533638,0.9691542387008667,0.9217608571052551
YHR021C,YGR158C,0,-0.7425474,0.09560266882181168,0.9691542387008667,0.921860933303833
YDR036C,YDR210W-B,0,-0.742713,0.09559328854084015,0.9691542387008667,0.9219610095024109
YFL041W,YIL009C-A,0,-0.74334735,0.09558390825986862,0.9691542387008667,0.922061026096344
YBR093C,YOL064C,1,-0.7436841,0.09567265212535858,0.9701492786407471,0.922061026096344
YKL154W,YJR098C,0,-0.74399734,0.09566326439380646,0.9701492786407471,0.9221611022949219
YOR069W,YOR240W,0,-0.74402034,0.09565387666225433,0.9701492786407471,0.922261118888855
YNL207W,YBL010C,0,-0.74444115,0.0956444963812828,0.9701492786407471,0.9223611950874329
YBR289W,YLR337W,0,-0.7445725,0.09563511610031128,0.9701492786407471,0.922461211681366
YLR414C,YLR158C,0,-0.7446261,0.09562573581933975,0.9701492786407471,0.9225612878799438
YPR137C-B,YDR424C,0,-0.744752,0.09561635553836823,0.9701492786407471,0.922661304473877
YMR006C,YKR037C,0,-0.7448345,0.0956069827079773,0.9701492786407471,0.9227613806724548
YLL038C,YNL244C,0,-0.74493337,0.09559760987758636,0.9701492786407471,0.9228614568710327
YAR010C,YOR346W,0,-0.74520224,0.09558823704719543,0.9701492786407471,0.9229614734649658
YEL059C-A,YMR122W-A,0,-0.7457953,0.0955788642168045,0.9701492786407471,0.9230615496635437
YEL054C,YLR287C-A,0,-0.7457968,0.09556949883699417,0.9701492786407471,0.9231615662574768
YER053C,YOL080C,0,-0.74584824,0.09556012600660324,0.9701492786407471,0.9232616424560547
YKR062W,YOR343W-A,0,-0.7463407,0.0955507680773735,0.9701492786407471,0.9233616590499878
YCL063W,YLL038C,0,-0.7464466,0.09554140269756317,0.9701492786407471,0.9234617352485657
YMR211W,YPR073C,0,-0.7465744,0.09553203731775284,0.9701492786407471,0.9235617518424988
YML034W,YLR403W,0,-0.7466051,0.0955226793885231,0.9701492786407471,0.9236618280410767
YJL046W,YIL113W,0,-0.7466519,0.09551332145929337,0.9701492786407471,0.9237619042396545
YKL199C,YGR262C,0,-0.7468438,0.09550396353006363,0.9701492786407471,0.9238619208335876
YHR025W,YMR094W,0,-0.74689496,0.09549461305141449,0.9701492786407471,0.9239619970321655
YLR221C,YDR510W,0,-0.7469045,0.09548526257276535,0.9701492786407471,0.9240620136260986
YIL145C,YGR200C,0,-0.7471793,0.09547591209411621,0.9701492786407471,0.9241620898246765
YDR075W,YMR277W,1,-0.7473147,0.09556447714567184,0.9711442589759827,0.9241620898246765
YDR236C,YOR343W-A,0,-0.7475195,0.09555511921644211,0.9711442589759827,0.9242621064186096
YDR011W,YDR283C,0,-0.7482093,0.09554576873779297,0.9711442589759827,0.9243621826171875
YNL112W,YML063W,0,-0.74870616,0.09553641080856323,0.9711442589759827,0.9244622588157654
YMR165C,YBR092C,1,-0.7490721,0.09562493860721588,0.972139298915863,0.9244622588157654
YMR184W,YMR071C,0,-0.74909353,0.09561558067798615,0.972139298915863,0.9245622754096985
YPR019W,YAR044W,0,-0.7491909,0.09560622274875641,0.972139298915863,0.9246623516082764
YDL195W,YLR337W,0,-0.7492603,0.09559687227010727,0.972139298915863,0.9247623682022095
YDR402C,YGR272C,0,-0.7494513,0.09558751434087753,0.972139298915863,0.9248624444007874
YLR396C,YGR200C,0,-0.74972546,0.0955781638622284,0.972139298915863,0.9249624609947205
YKR038C,YPL074W,0,-0.75023997,0.09556881338357925,0.972139298915863,0.9250625371932983
YOR240W,YIL138C,0,-0.75053704,0.09555947035551071,0.972139298915863,0.9251625537872314
YJL164C,YIL160C,0,-0.75059307,0.09555011987686157,0.972139298915863,0.9252626299858093
YDR520C,YMR285C,0,-0.75119334,0.09554077684879303,0.972139298915863,0.9253627061843872
YDR424C,YDR393W,0,-0.7512257,0.09553143382072449,0.972139298915863,0.9254627227783203
YJL129C,YNR041C,0,-0.7512823,0.09552209824323654,0.972139298915863,0.9255627989768982
YOR240W,YDL146W,0,-0.7517986,0.095512755215168,0.972139298915863,0.9256628155708313
YOR167C,YKL199C,0,-0.7522671,0.09550341963768005,0.972139298915863,0.9257628917694092
YDL069C,YER096W,0,-0.75266993,0.09549408406019211,0.972139298915863,0.9258629083633423
YBR084W,YMR311C,0,-0.7527443,0.09548475593328476,0.972139298915863,0.9259629845619202
YNL293W,YLR337W,0,-0.7530612,0.09547542035579681,0.972139298915863,0.926063060760498
YJR158W,YGR101W,0,-0.7537566,0.09546609222888947,0.972139298915863,0.9261630773544312
YIL115C,YPR031W,0,-0.75376725,0.09545676410198212,0.972139298915863,0.926263153553009
YER140W,YDL075W,0,-0.7537689,0.09544744342565536,0.972139298915863,0.9263631701469421
YHR161C,YOR343W-A,0,-0.75382483,0.09543811529874802,0.972139298915863,0.92646324634552
YLR142W,YIL150C,0,-0.7538889,0.09542879462242126,0.972139298915863,0.9265632629394531
YGR035C,YNR022C,0,-0.7541345,0.09541947394609451,0.972139298915863,0.926663339138031
YKL042W,YOL149W,0,-0.7541772,0.09541015326976776,0.972139298915863,0.9267633557319641
YOR326W,YNL339C,0,-0.75424653,0.0954008400440216,0.972139298915863,0.926863431930542
YLR238W,YOR192C-A,0,-0.7545465,0.09539152681827545,0.972139298915863,0.9269635081291199
YER140W,YHR039C-B,0,-0.75458395,0.0953822135925293,0.972139298915863,0.927063524723053
YKL173W,YER051W,0,-0.75473285,0.09537290036678314,0.972139298915863,0.9271636009216309
YBR264C,YLL035W,0,-0.75475043,0.09536359459161758,0.972139298915863,0.927263617515564
YMR130W,YMR204C,0,-0.7551674,0.09535428136587143,0.972139298915863,0.9273636937141418
YDL114W,YAR044W,0,-0.7558671,0.09534497559070587,0.972139298915863,0.927463710308075
YGR035C,YFR007W,0,-0.75593376,0.09533567726612091,0.972139298915863,0.9275637865066528
YJL019W,YCR047C,0,-0.7563585,0.09532637149095535,0.972139298915863,0.9276638031005859
YGL205W,YJL121C,0,-0.756513,0.09531707316637039,0.972139298915863,0.9277638792991638
YGL136C,YJL129C,0,-0.75658256,0.09530777484178543,0.972139298915863,0.9278639554977417
YPL172C,YMR150C,0,-0.75674605,0.09529847651720047,0.972139298915863,0.9279639720916748
YER036C,YPR102C,0,-0.7572576,0.0952891856431961,0.972139298915863,0.9280640482902527
YER159C-A,YFL036W,0,-0.757298,0.09527988731861115,0.972139298915863,0.9281640648841858
YNL054W-B,YJL133W,0,-0.75732857,0.09527059644460678,0.972139298915863,0.9282641410827637
YJR075W,YNL112W,0,-0.75739753,0.09526131302118301,0.972139298915863,0.9283641576766968
YJL143W,YCR096C,0,-0.7575005,0.09525202214717865,0.972139298915863,0.9284642338752747
YLR096W,YNL054W-B,0,-0.757696,0.09524273872375488,0.972139298915863,0.9285643100738525
YNL311C,YKR062W,0,-0.757957,0.09523345530033112,0.972139298915863,0.9286643266677856
YBR048W,YJL056C,0,-0.7579781,0.09522417187690735,0.972139298915863,0.9287644028663635
YDR420W,YGL095C,0,-0.7586585,0.09521488845348358,0.972139298915863,0.9288644194602966
YDR440W,YPL231W,0,-0.75896096,0.09520561248064041,0.972139298915863,0.9289644956588745
YER180C,YGR272C,0,-0.7590641,0.09519633650779724,0.972139298915863,0.9290645122528076
YDR096W,YGR272C,0,-0.75923884,0.09518706053495407,0.972139298915863,0.9291645884513855
YDR424C,YDR069C,0,-0.7598184,0.0951777920126915,0.972139298915863,0.9292646050453186
YDR495C,YNL054W-B,0,-0.7599542,0.09516851603984833,0.972139298915863,0.9293646812438965
YJL165C,YBL101W-A,0,-0.7599584,0.09515924751758575,0.972139298915863,0.9294647574424744
YOL005C,YLR276C,0,-0.7599703,0.09514997899532318,0.972139298915863,0.9295647740364075
YGL021W,YFL044C,0,-0.76063716,0.0951407179236412,0.972139298915863,0.9296648502349854
YLR418C,YPR042C,0,-0.7607337,0.09513144940137863,0.972139298915863,0.9297648668289185
YLR201C,YLL011W,0,-0.76085836,0.09512218832969666,0.972139298915863,0.9298649430274963
YAL043C,YDL030W,0,-0.76128864,0.09511292725801468,0.972139298915863,0.9299649596214294
YOL065C,YBR142W,0,-0.7613661,0.0951036661863327,0.972139298915863,0.9300650358200073
YDR126W,YOL007C,0,-0.7615219,0.09509441256523132,0.972139298915863,0.9301651120185852
YER086W,YBR297W,0,-0.76172274,0.09508515894412994,0.972139298915863,0.9302651286125183
YDL192W,YGL141W,0,-0.7617551,0.09507590532302856,0.972139298915863,0.9303652048110962
YPR192W,YPL026C,0,-0.7620102,0.09506665170192719,0.972139298915863,0.9304652214050293
YMR171C,YML094W,0,-0.76232016,0.0950574055314064,0.972139298915863,0.9305652976036072
YMR235C,YPL202C,0,-0.76260775,0.09504815936088562,0.972139298915863,0.9306653141975403
YLR032W,YOR337W,0,-0.76325494,0.09503891319036484,0.972139298915863,0.9307653903961182
YOL120C,YDL146W,0,-0.7632649,0.09502966701984406,0.972139298915863,0.9308654069900513
YPR158C-D,YAR010C,0,-0.7634573,0.09502042084932327,0.972139298915863,0.9309654831886292
YPL257W-A,YPR021C,0,-0.7634758,0.09501118212938309,0.972139298915863,0.931065559387207
YOR181W,YPL048W,0,-0.763782,0.0950019434094429,0.972139298915863,0.9311655759811401
YLL038C,YEL061C,0,-0.7639247,0.09499270468950272,0.972139298915863,0.931265652179718
YBR267W,YMR285C,0,-0.76401496,0.09498347342014313,0.972139298915863,0.9313656687736511
YOR308C,YMR128W,0,-0.7640823,0.09497424215078354,0.972139298915863,0.931465744972229
YLR170C,YKR038C,0,-0.7640906,0.09496501088142395,0.972139298915863,0.9315657615661621
YBR296C,YLR035C-A,0,-0.76453674,0.09495577961206436,0.972139298915863,0.93166583776474
YLR238W,YNL218W,0,-0.7646678,0.09494654834270477,0.972139298915863,0.9317658543586731
YLR188W,YHR160C,0,-0.7652591,0.09493732452392578,0.972139298915863,0.931865930557251
YOR192C-B,YPR031W,0,-0.7654795,0.09492810070514679,0.972139298915863,0.9319660067558289
YOR076C,YDR034C-C,0,-0.76571965,0.0949188768863678,0.972139298915863,0.932066023349762
YFR008W,YBR142W,0,-0.76606816,0.0949096530675888,0.972139298915863,0.9321660995483398
YDL056W,YDR252W,0,-0.7661737,0.09490043669939041,0.972139298915863,0.932266116142273
YER111C,YJR076C,0,-0.76641726,0.09489122033119202,0.972139298915863,0.9323661923408508
YMR163C,YGL155W,0,-0.76646316,0.09488200396299362,0.972139298915863,0.9324662089347839
YHR052W,YGL123W,0,-0.7665037,0.09487278759479523,0.972139298915863,0.9325662851333618
YDL075W,YNL248C,0,-0.7668886,0.09486357867717743,0.972139298915863,0.9326663613319397
YNL098C,YER030W,0,-0.76691246,0.09485436975955963,0.972139298915863,0.9327663779258728
YJL155C,YIL113W,1,-0.76706964,0.09494224190711975,0.9731343388557434,0.9327663779258728
YBR087W,YCR092C,0,-0.7670847,0.09493302553892136,0.9731343388557434,0.9328664541244507
YOR373W,YER091C,0,-0.767202,0.09492380917072296,0.9731343388557434,0.9329664707183838
YDR481C,YBL101W-A,0,-0.7672881,0.09491459280252457,0.9731343388557434,0.9330665469169617
YGL136C,YDR238C,0,-0.7678683,0.09490538388490677,0.9731343388557434,0.9331665635108948
YKL154W,YAL003W,0,-0.76789945,0.09489617496728897,0.9731343388557434,0.9332666397094727
YMR127C,YDR118W,0,-0.7679624,0.09488697350025177,0.9731343388557434,0.9333666563034058
YEL017C-A,YKL056C,0,-0.76826185,0.09487776458263397,0.9731343388557434,0.9334667325019836
YDR424C,YML015C,0,-0.76867497,0.09486856311559677,0.9731343388557434,0.9335668087005615
YGR272C,YDR380W,0,-0.7688231,0.09485936164855957,0.9731343388557434,0.9336668252944946
YJL157C,YDR253C,0,-0.76893413,0.09485016018152237,0.9731343388557434,0.9337669014930725
YJL019W,YLR045C,0,-0.76902413,0.09484095871448517,0.9731343388557434,0.9338669180870056
YDL080C,YCL059C,0,-0.7690454,0.09483176469802856,0.9731343388557434,0.9339669942855835
YPR073C,YKR050W,0,-0.76955765,0.09482257068157196,0.9731343388557434,0.9340670108795166
YDL030W,YMR292W,0,-0.7698948,0.09481337666511536,0.9731343388557434,0.9341670870780945
YNL293W,YDR170W-A,0,-0.77093256,0.09480419009923935,0.9731343388557434,0.9342671632766724
YBL017C,YNL306W,0,-0.77094847,0.09479499608278275,0.9731343388557434,0.9343671798706055
YPL226W,YPL258C,0,-0.7713709,0.09478580951690674,0.9731343388557434,0.9344672560691833
YAL010C,YKL011C,0,-0.7714757,0.09477662295103073,0.9731343388557434,0.9345672726631165
YFR008W,YNL189W,0,-0.77148086,0.09476744383573532,0.9731343388557434,0.9346673488616943
YER075C,YMR277W,1,-0.7715432,0.09485515207052231,0.9741293787956238,0.9346673488616943
YLR192C,YNL149C,0,-0.7717814,0.0948459580540657,0.9741293787956238,0.9347673654556274
YBR084W,YER110C,0,-0.772014,0.0948367714881897,0.9741293787956238,0.9348674416542053
YAR015W,YMR290C,0,-0.7720957,0.09482758492231369,0.9741293787956238,0.9349674582481384
YER147C,YKL116C,0,-0.7722492,0.09481839835643768,0.9741293787956238,0.9350675344467163
YML054C,YPR192W,0,-0.77234674,0.09480921924114227,0.9741293787956238,0.9351676106452942
YLR221C,YGL095C,0,-0.7723857,0.09480004012584686,0.9741293787956238,0.9352676272392273
YJR145C,YDL060W,0,-0.77256674,0.09479086101055145,0.9741293787956238,0.9353677034378052
YJR065C,YDR297W,0,-0.7725901,0.09478168189525604,0.9741293787956238,0.9354677200317383
YLR126C,YDR034C-C,0,-0.77273726,0.09477251023054123,0.9741293787956238,0.9355677962303162
YBR291C,YNL096C,0,-0.7731116,0.09476333111524582,0.9741293787956238,0.9356678128242493
YER089C,YFR028C,1,-0.773641,0.09485094994306564,0.9751243591308594,0.9356678128242493
YGL135W,YKL004W,0,-0.7736785,0.09484177082777023,0.9751243591308594,0.9357678890228271
YIL078W,YNR043W,0,-0.7738373,0.09483259171247482,0.9751243591308594,0.9358679056167603
YMR036C,YMR130W,1,-0.7742555,0.09492017328739166,0.9761193990707397,0.9358679056167603
YOR167C,YGR001C,0,-0.7744175,0.09491099417209625,0.9761193990707397,0.9359679818153381
YER056C-A,YHR099W,0,-0.77452534,0.09490180760622025,0.9761193990707397,0.936068058013916
YJL148W,YBL055C,0,-0.7745868,0.09489262849092484,0.9761193990707397,0.9361680746078491
YCR081W,YPL202C,0,-0.7746779,0.09488344937562943,0.9761193990707397,0.936268150806427
YMR298W,YGL021W,0,-0.77476686,0.09487427771091461,0.9761193990707397,0.9363681674003601
YOL139C,YER110C,0,-0.77523077,0.0948650985956192,0.9761193990707397,0.936468243598938
YBR058C,YLR014C,0,-0.77530783,0.09485592693090439,0.9761193990707397,0.9365682601928711
YOL031C,YBL055C,0,-0.77537787,0.09484675526618958,0.9761193990707397,0.936668336391449
YGL040C,YHR011W,0,-0.77544844,0.09483758360147476,0.9761193990707397,0.9367684125900269
YHR105W,YOL149W,0,-0.7754538,0.09482841938734055,0.9761193990707397,0.93686842918396
YCL031C,YLR306W,0,-0.775765,0.09481925517320633,0.9761193990707397,0.9369685053825378
YPR137C-B,YNL291C,0,-0.77591693,0.09481009095907211,0.9761193990707397,0.937068521976471
YDR270W,YMR290C,0,-0.7761658,0.0948009267449379,0.9761193990707397,0.9371685981750488
YMR217W,YLR246W,0,-0.77658683,0.09479176998138428,0.9761193990707397,0.9372686147689819
YGL135W,YLR356W,0,-0.7766554,0.09478260576725006,0.9761193990707397,0.9373686909675598
YBR125C,YGR208W,1,-0.7766659,0.09487006068229675,0.9771144390106201,0.9373686909675598
YNL077W,YOL019W,0,-0.77691233,0.09486089646816254,0.9771144390106201,0.9374687075614929
YBR087W,YEL061C,0,-0.7772663,0.09485173225402832,0.9771144390106201,0.9375687837600708
YKL021C,YAL003W,0,-0.77734774,0.0948425754904747,0.9771144390106201,0.9376688599586487
YDR312W,YGL251C,0,-0.7773707,0.09483341127634048,0.9771144390106201,0.9377688765525818
YNL086W,YLR370C,0,-0.7775742,0.09482425451278687,0.9771144390106201,0.9378689527511597
YER126C,YAL003W,0,-0.7783027,0.09481509774923325,0.9771144390106201,0.9379689693450928
YLR377C,YIL002C,1,-0.7787588,0.09490249305963516,0.9781094789505005,0.9379689693450928
YDR134C,YOL080C,0,-0.778764,0.09489332884550095,0.9781094789505005,0.9380690455436707
YJL102W,YOR150W,0,-0.77892154,0.09488417208194733,0.9781094789505005,0.9381690621376038
YCL059C,YJR143C,0,-0.7791293,0.09487501531839371,0.9781094789505005,0.9382691383361816
YJL041W,YDR486C,0,-0.7792138,0.09486585855484009,0.9781094789505005,0.9383691549301147
YKL021C,YPR016C,0,-0.77934164,0.09485670179128647,0.9781094789505005,0.9384692311286926
YLL009C,YFL036W,0,-0.779585,0.09484755247831345,0.9781094789505005,0.9385693073272705
YJL153C,YGL168W,0,-0.7798947,0.09483839571475983,0.9781094789505005,0.9386693239212036
YLR035C-A,YNR070W,0,-0.7801752,0.0948292464017868,0.9781094789505005,0.9387694001197815
YLR170C,YJR022W,0,-0.78026533,0.09482010453939438,0.9781094789505005,0.9388694167137146
YLR287C-A,YPL220W,0,-0.7806999,0.09481095522642136,0.9781094789505005,0.9389694929122925
YLR147C,YDL060W,0,-0.7808045,0.09480181336402893,0.9781094789505005,0.9390695095062256
YMR045C,YDR507C,0,-0.7814119,0.0947926715016365,0.9781094789505005,0.9391695857048035
YDR242W,YPL231W,0,-0.7815703,0.09478352963924408,0.9781094789505005,0.9392696619033813
YEL054C,YLR212C,0,-0.781823,0.09477439522743225,0.9781094789505005,0.9393696784973145
YIR002C,YPL174C,0,-0.7823673,0.09476525336503983,0.9781094789505005,0.9394697546958923
YCL069W,YER173W,0,-0.7830511,0.094756118953228,0.9781094789505005,0.9395697712898254
YDR060W,YER020W,0,-0.7832414,0.09474698454141617,0.9781094789505005,0.9396698474884033
YDR170W-A,YGR124W,0,-0.7835087,0.09473785758018494,0.9781094789505005,0.9397698640823364
YDR299W,YLR126C,0,-0.7837374,0.0947287306189537,0.9781094789505005,0.9398699402809143
YGL249W,YKR050W,0,-0.7839781,0.09471959620714188,0.9781094789505005,0.9399699568748474
YHL019C,YCL059C,0,-0.78479445,0.09471047669649124,0.9781094789505005,0.9400700330734253
YDR532C,YOR211C,0,-0.7856784,0.09470134973526001,0.9781094789505005,0.9401701092720032
YIL004C,YKR050W,0,-0.7861761,0.09469222277402878,0.9781094789505005,0.9402701258659363
YAL053W,YER045C,0,-0.7867178,0.09468310326337814,0.9781094789505005,0.9403702020645142
YLL013C,YGR035C,0,-0.78694844,0.09467398375272751,0.9781094789505005,0.9404702186584473
YLR142W,YDL164C,0,-0.7870008,0.09466487169265747,0.9781094789505005,0.9405702948570251
YDL166C,YBL090W,0,-0.787231,0.09465575218200684,0.9781094789505005,0.9406703114509583
YOR046C,YER131W,0,-0.78772116,0.0946466401219368,0.9781094789505005,0.9407703876495361
YNL293W,YBL088C,0,-0.7877282,0.09463752806186676,0.9781094789505005,0.940870463848114
YDR425W,YGR262C,0,-0.7877747,0.09462841600179672,0.9781094789505005,0.9409704804420471
YGL222C,YNL007C,0,-0.7882428,0.09461931139230728,0.9781094789505005,0.941070556640625
YNL210W,YLR192C,0,-0.78829765,0.09461019933223724,0.9781094789505005,0.9411705732345581
YPR158C-D,YMR184W,0,-0.7886473,0.0946010947227478,0.9781094789505005,0.941270649433136
YMR098C,YDR121W,0,-0.78910905,0.09459199756383896,0.9781094789505005,0.9413706660270691
YDR424C,YOR373W,0,-0.7894001,0.09458289295434952,0.9781094789505005,0.941470742225647
YKL088W,YML104C,0,-0.78982365,0.09457379579544067,0.9781094789505005,0.9415707588195801
YBR087W,YPL258C,0,-0.78983533,0.09456469118595123,0.9781094789505005,0.941670835018158
YJR098C,YJL125C,0,-0.789883,0.09455560147762299,0.9781094789505005,0.9417709112167358
YGL173C,YOL065C,0,-0.79023063,0.09454650431871414,0.9781094789505005,0.941870927810669
YGL120C,YMR017W,0,-0.7902703,0.0945374146103859,0.9781094789505005,0.9419710040092468
YLR427W,YJL041W,0,-0.7904085,0.09452831745147705,0.9781094789505005,0.9420710206031799
YDR013W,YER164W,0,-0.79079497,0.0945192277431488,0.9781094789505005,0.9421710968017578
YBR296C,YLR045C,0,-0.79084843,0.09451014548540115,0.9781094789505005,0.9422711133956909
YOR269W,YJL148W,0,-0.7908951,0.0945010557770729,0.9781094789505005,0.9423711895942688
YDR495C,YIL145C,0,-0.7912686,0.09449197351932526,0.9781094789505005,0.9424712061882019
YMR056C,YER106W,0,-0.79167306,0.0944828912615776,0.9781094789505005,0.9425712823867798
YER140W,YBR097W,0,-0.79220736,0.09447380900382996,0.9781094789505005,0.9426713585853577
YNL001W,YDR478W,0,-0.7923118,0.0944647341966629,0.9781094789505005,0.9427713751792908
YGR123C,YMR277W,1,-0.79296017,0.09455174207687378,0.9791044592857361,0.9427713751792908
YDL138W,YCL059C,0,-0.79307234,0.09454265981912613,0.9791044592857361,0.9428714513778687
YMR211W,YIL138C,0,-0.79326,0.09453357756137848,0.9791044592857361,0.9429714679718018
YFL002W-A,YGR156W,0,-0.79354537,0.09452449530363083,0.9791044592857361,0.9430715441703796
YJR058C,YDR393W,0,-0.79411834,0.09451541304588318,0.9791044592857361,0.9431715607643127
YBR286W,YER020W,0,-0.79412055,0.09450633823871613,0.9791044592857361,0.9432716369628906
YNL308C,YBL021C,0,-0.79437965,0.09449726343154907,0.9791044592857361,0.9433717131614685
YPR049C,YPL051W,0,-0.7945496,0.09448818862438202,0.9791044592857361,0.9434717297554016
YOR233W,YLR438C-A,0,-0.79456335,0.09447911381721497,0.9791044592857361,0.9435718059539795
YKL088W,YOL092W,0,-0.79494774,0.09447004646062851,0.9791044592857361,0.9436718225479126
YCR010C,YOR374W,0,-0.7952032,0.09446097910404205,0.9791044592857361,0.9437718987464905
YOR224C,YCL031C,0,-0.79540867,0.0944519117474556,0.9791044592857361,0.9438719153404236
YJL198W,YEL058W,0,-0.7955627,0.09444284439086914,0.9791044592857361,0.9439719915390015
YPR158C-D,YOL100W,0,-0.79558474,0.09443378448486328,0.9791044592857361,0.9440720081329346
YJR022W,YJR001W,0,-0.79573035,0.09442471712827682,0.9791044592857361,0.9441720843315125
YNL049C,YJL025W,0,-0.79574525,0.09441565722227097,0.9791044592857361,0.9442721605300903
YJL056C,YKL056C,0,-0.79574573,0.0944065973162651,0.9791044592857361,0.9443721771240234
YLR343W,YPL155C,0,-0.7958423,0.09439754486083984,0.9791044592857361,0.9444722533226013
YDR436W,YPR047W,0,-0.7960856,0.09438849240541458,0.9791044592857361,0.9445722699165344
YDL060W,YNL096C,0,-0.7962884,0.09437943249940872,0.9791044592857361,0.9446723461151123
YML106W,YBR213W,0,-0.79645497,0.09437038749456406,0.9791044592857361,0.9447723627090454
YJR068W,YLR306W,0,-0.7967106,0.0943613350391388,0.9791044592857361,0.9448724389076233
YMR171C,YLR078C,0,-0.7968053,0.09435229003429413,0.9791044592857361,0.9449725151062012
YHR140W,YGR286C,0,-0.7973554,0.09434323757886887,0.9791044592857361,0.9450725317001343
YFR005C,YPL155C,0,-0.79744077,0.0943341925740242,0.9791044592857361,0.9451726078987122
YJR001W,YPL153C,0,-0.79755557,0.09432515501976013,0.9791044592857361,0.9452726244926453
YPR031W,YGR014W,0,-0.7976223,0.09431611001491547,0.9791044592857361,0.9453727006912231
YGL222C,YOR217W,0,-0.79764724,0.0943070724606514,0.9791044592857361,0.9454727172851562
YOR192C-B,YBR213W,0,-0.79868126,0.09429803490638733,0.9791044592857361,0.9455727934837341
YER083C,YKR059W,0,-0.79903936,0.09428899735212326,0.9791044592857361,0.9456728100776672
YDR128W,YBR245C,0,-0.79936683,0.09427996724843979,0.9791044592857361,0.9457728862762451
YER148W,YNL162W,0,-0.79946595,0.09427092969417572,0.9791044592857361,0.945872962474823
YMR094W,YOR070C,0,-0.79967,0.09426189959049225,0.9791044592857361,0.9459729790687561
YNL218W,YNL061W,0,-0.7997503,0.09425287693738937,0.9791044592857361,0.946073055267334
YKL183W,YOL056W,0,-0.79987186,0.0942438468337059,0.9791044592857361,0.9461730718612671
YNL248C,YDR393W,0,-0.80006135,0.09423482418060303,0.9791044592857361,0.946273148059845
YMR127C,YDR044W,0,-0.8000856,0.09422579407691956,0.9791044592857361,0.9463731646537781
YDR465C,YMR043W,0,-0.8003943,0.09421677887439728,0.9791044592857361,0.946473240852356
YMR006C,YDR107C,0,-0.8008294,0.0942077562212944,0.9791044592857361,0.9465732574462891
YDR052C,YDR047W,0,-0.800972,0.09419873356819153,0.9791044592857361,0.9466733336448669
YDR440W,YOR151C,0,-0.8010258,0.09418971836566925,0.9791044592857361,0.9467734098434448
YGL249W,YHL047C,0,-0.80107844,0.09418070316314697,0.9791044592857361,0.9468734264373779
YKL109W,YKL195W,0,-0.80165505,0.0941716879606247,0.9791044592857361,0.9469735026359558
YDL024C,YIL113W,1,-0.8026527,0.0942583754658699,0.9800994992256165,0.9469735026359558
YLR032W,YGR061C,0,-0.80293244,0.09424935281276703,0.9800994992256165,0.9470735192298889
YBR093C,YKL212W,1,-0.8034051,0.09433601051568985,0.9810945391654968,0.9470735192298889
YMR165C,YNL217W,1,-0.8034226,0.09442265331745148,0.9820895791053772,0.9470735192298889
YKL154W,YJR075W,0,-0.8035357,0.094413623213768,0.9820895791053772,0.9471735954284668
YMR287C,YMR198W,0,-0.8040902,0.09440459311008453,0.9820895791053772,0.9472736120223999
YNL039W,YLR221C,0,-0.8043402,0.09439556300640106,0.9820895791053772,0.9473736882209778
YJR025C,YER061C,0,-0.80436116,0.09438653290271759,0.9820895791053772,0.9474737644195557
YDR356W,YJR089W,0,-0.8044503,0.09437751024961472,0.9820895791053772,0.9475737810134888
YJL198W,YMR221C,0,-0.80455476,0.09436848759651184,0.9820895791053772,0.9476738572120667
YER075C,YJL134W,1,-0.8051279,0.0944550633430481,0.9830845594406128,0.9476738572120667
YLR385C,YNR016C,0,-0.80521894,0.09444604068994522,0.9830845594406128,0.9477738738059998
YCR072C,YMR163C,0,-0.8052226,0.09443701058626175,0.9830845594406128,0.9478739500045776
YMR051C,YBL069W,0,-0.8064265,0.09442798793315887,0.9830845594406128,0.9479739665985107
YKL135C,YPR186C,0,-0.80648065,0.0944189578294754,0.9830845594406128,0.9480740427970886
YBR012W-A,YOR265W,0,-0.80659115,0.09440993517637253,0.9830845594406128,0.9481740593910217
YJL219W,YBR040W,0,-0.8066813,0.09440091997385025,0.9830845594406128,0.9482741355895996
YDL192W,YDR077W,0,-0.8074167,0.09439189732074738,0.9830845594406128,0.9483742117881775
YDR312W,YKR038C,0,-0.8075892,0.0943828821182251,0.9830845594406128,0.9484742283821106
YLR364W,YDL065C,0,-0.8075913,0.09437386691570282,0.9830845594406128,0.9485743045806885
YCR028C,YPL202C,0,-0.8083639,0.09436485171318054,0.9830845594406128,0.9486743211746216
YDL030W,YOR346W,0,-0.80843997,0.09435583651065826,0.9830845594406128,0.9487743973731995
YOR233W,YLR357W,0,-0.80864465,0.09434682875871658,0.9830845594406128,0.9488744139671326
YMR201C,YBR245C,0,-0.80871356,0.0943378210067749,0.9830845594406128,0.9489744901657104
YLR096W,YJR022W,0,-0.8090211,0.09432881325483322,0.9830845594406128,0.9490745663642883
YER036C,YML063W,0,-0.809136,0.09431980550289154,0.9830845594406128,0.9491745829582214
YOL065C,YDR031W,0,-0.80967754,0.09431080520153046,0.9830845594406128,0.9492746591567993
YBL054W,YBL021C,0,-0.8099076,0.09430180490016937,0.9830845594406128,0.9493746757507324
YDR052C,YBR205W,0,-0.8102912,0.09429280459880829,0.9830845594406128,0.9494747519493103
YEL059C-A,YMR071C,0,-0.81062967,0.0942838042974472,0.9830845594406128,0.9495747685432434
YMR070W,YPL231W,0,-0.8107217,0.09427481144666672,0.9830845594406128,0.9496748447418213
YDR219C,YLR186W,0,-0.8109395,0.09426581114530563,0.9830845594406128,0.9497748613357544
YLR015W,YER110C,0,-0.8118472,0.09425681829452515,0.9830845594406128,0.9498749375343323
YIL004C,YPR158C-D,0,-0.81191635,0.09424783289432526,0.9830845594406128,0.9499750137329102
YOR096W,YDR055W,0,-0.8123255,0.09423884004354477,0.9830845594406128,0.9500750303268433
YDR465C,YDL130W,0,-0.8144868,0.09422985464334488,0.9830845594406128,0.9501751065254211
YER111C,YJL109C,0,-0.8145138,0.09422086924314499,0.9830845594406128,0.9502751231193542
YML018C,YLR014C,0,-0.81482327,0.0942118838429451,0.9830845594406128,0.9503751993179321
YOR373W,YBL082C,0,-0.8150135,0.09420289844274521,0.9830845594406128,0.9504752159118652
YHR023W,YNL091W,0,-0.8151368,0.09419392049312592,0.9830845594406128,0.9505752921104431
YNL292W,YHR023W,0,-0.8152189,0.09418493509292603,0.9830845594406128,0.9506753087043762
YDL017W,YHR099W,0,-0.8160603,0.09417595714330673,0.9830845594406128,0.9507753849029541
YPR032W,YPL033C,0,-0.81611747,0.09416698664426804,0.9830845594406128,0.950875461101532
YLR276C,YCR037C,0,-0.8165843,0.09415800869464874,0.9830845594406128,0.9509754776954651
YMR201C,YPR192W,0,-0.81678015,0.09414903819561005,0.9830845594406128,0.951075553894043
YMR188C,YER045C,0,-0.8169655,0.09414006769657135,0.9830845594406128,0.9511755704879761
YJR134C,YHR129C,0,-0.817634,0.09413109719753265,0.9830845594406128,0.951275646686554
YLR154C,YDR228C,0,-0.8178327,0.09412212669849396,0.9830845594406128,0.9513756632804871
YDL231C,YDL060W,0,-0.8178443,0.09411316365003586,0.9830845594406128,0.9514757394790649
YDR239C,YJR068W,0,-0.81822586,0.09410420060157776,0.9830845594406128,0.9515758156776428
YNL061W,YLR014C,0,-0.81843656,0.09409523755311966,0.9830845594406128,0.9516758322715759
YOR076C,YDR524C,0,-0.8188082,0.09408627450466156,0.9830845594406128,0.9517759084701538
YLR212C,YNL151C,0,-0.8190526,0.09407731890678406,0.9830845594406128,0.9518759250640869
YML125C,YIL078W,0,-0.81944394,0.09406836330890656,0.9830845594406128,0.9519760012626648
YDL130W,YKR104W,0,-0.81996703,0.09405940771102905,0.9830845594406128,0.9520760178565979
YKR037C,YOL080C,0,-0.82056487,0.09405045211315155,0.9830845594406128,0.9521760940551758
YDR312W,YKL183W,0,-0.82089424,0.09404149651527405,0.9830845594406128,0.9522761106491089
YNL301C,YMR045C,0,-0.82093,0.09403254836797714,0.9830845594406128,0.9523761868476868
YBR296C,YAL003W,0,-0.82114816,0.09402360022068024,0.9830845594406128,0.9524762630462646
YHR143W,YCR098C,0,-0.8215136,0.09401465207338333,0.9830845594406128,0.9525762796401978
YBR289W,YDR120C,0,-0.8217117,0.09400571137666702,0.9830845594406128,0.9526763558387756
YKL154W,YDR088C,0,-0.8218778,0.09399676322937012,0.9830845594406128,0.9527763724327087
YGR088W,YMR290C,0,-0.8231342,0.09398782253265381,0.9830845594406128,0.9528764486312866
YMR211W,YGL249W,0,-0.8243793,0.0939788818359375,0.9830845594406128,0.9529764652252197
YDR128W,YLL035W,0,-0.82441974,0.09396994113922119,0.9830845594406128,0.9530765414237976
YDL138W,YKL108W,0,-0.8246391,0.09396100789308548,0.9830845594406128,0.9531766176223755
YPL174C,YPR019W,0,-0.8246667,0.09395207464694977,0.9830845594406128,0.9532766342163086
YER099C,YJL109C,0,-0.8256945,0.09394314140081406,0.9830845594406128,0.9533767104148865
YDR440W,YMR247C,0,-0.82594717,0.09393420815467834,0.9830845594406128,0.9534767270088196
YHR101C,YKR094C,0,-0.82705903,0.09392527490854263,0.9830845594406128,0.9535768032073975
YPR186C,YNL112W,0,-0.82738197,0.09391634911298752,0.9830845594406128,0.9536768198013306
YOL117W,YPR184W,0,-0.82751215,0.0939074233174324,0.9830845594406128,0.9537768959999084
YER174C,YCL059C,0,-0.8276717,0.09389849752187729,0.9830845594406128,0.9538769125938416
YPR063C,YAL025C,0,-0.827703,0.09388957172632217,0.9830845594406128,0.9539769887924194
YMR100W,YPL101W,0,-0.82773185,0.09388065338134766,0.9830845594406128,0.9540770649909973
YER140W,YOR244W,0,-0.8279444,0.09387173503637314,0.9830845594406128,0.9541770815849304
YCR094W,YDR101C,0,-0.8286432,0.09386281669139862,0.9830845594406128,0.9542771577835083
YMR224C,YLL035W,0,-0.8287912,0.0938538983464241,0.9830845594406128,0.9543771743774414
YHR172W,YDR390C,0,-0.82953906,0.09384498745203018,0.9830845594406128,0.9544772505760193
YML125C,YML077W,0,-0.82958484,0.09383606910705566,0.9830845594406128,0.9545772671699524
YLR373C,YDR297W,0,-0.82965755,0.09382715821266174,0.9830845594406128,0.9546773433685303
YGL095C,YNL149C,0,-0.83007264,0.09381824731826782,0.9830845594406128,0.9547773599624634
YGR123C,YMR130W,1,-0.8300818,0.0939042940735817,0.9840795993804932,0.9547773599624634
YJL065C,YJL025W,0,-0.8313183,0.09389537572860718,0.9840795993804932,0.9548774361610413
YJR134C,YHR070W,0,-0.8314061,0.09388646483421326,0.9840795993804932,0.9549775123596191
YDR531W,YDL112W,0,-0.83208346,0.09387755393981934,0.9840795993804932,0.9550775289535522
YBR012W-A,YGR075C,0,-0.83346313,0.09386864304542542,0.9840795993804932,0.9551776051521301
YML104C,YHR099W,0,-0.834629,0.0938597321510315,0.9840795993804932,0.9552776217460632
YLR008C,YCL057C-A,0,-0.8356115,0.09385082870721817,0.9840795993804932,0.9553776979446411
YEL054C,YPL269W,0,-0.8356761,0.09384191781282425,0.9840795993804932,0.9554777145385742
YBL022C,YCR010C,0,-0.8357163,0.09383301436901093,0.9840795993804932,0.9555777907371521
YOR039W,YDL112W,0,-0.83577245,0.0938241183757782,0.9840795993804932,0.95567786693573
YHR105W,YOR326W,0,-0.8359786,0.09381521493196487,0.9840795993804932,0.9557778835296631
YIL109C,YER027C,0,-0.8360838,0.09380631893873215,0.9840795993804932,0.955877959728241
YKL010C,YGR061C,0,-0.83683825,0.09379742294549942,0.9840795993804932,0.9559779763221741
YNL308C,YDL082W,0,-0.8370261,0.0937885269522667,0.9840795993804932,0.956078052520752
YHL040C,YMR306W,0,-0.83718246,0.09377963095903397,0.9840795993804932,0.9561780691146851
YDR533C,YCR075C,0,-0.8372936,0.09377074241638184,0.9840795993804932,0.9562781453132629
YDL195W,YLL038C,0,-0.8377179,0.0937618538737297,0.9840795993804932,0.956378161907196
YMR142C,YJL108C,0,-0.83811903,0.09375296533107758,0.9840795993804932,0.9564782381057739
YGR159C,YOR143C,0,-0.83951485,0.09374407678842545,0.9840795993804932,0.9565783143043518
YKL088W,YPL226W,0,-0.83969104,0.09373518824577332,0.9840795993804932,0.9566783308982849
YER029C,YER173W,0,-0.84004843,0.09372630715370178,0.9840795993804932,0.9567784070968628
YHR017W,YDR436W,0,-0.8406096,0.09371742606163025,0.9840795993804932,0.9568784236907959
YDR253C,YDR402C,0,-0.84093904,0.09370854496955872,0.9840795993804932,0.9569784998893738
YKR090W,YCR081W,0,-0.8411834,0.09369967132806778,0.9840795993804932,0.9570785164833069
YDL190C,YLR446W,0,-0.8413466,0.09369079023599625,0.9840795993804932,0.9571785926818848
YPL226W,YGR123C,0,-0.8420551,0.09368191659450531,0.9840795993804932,0.9572786688804626
YLR158C,YDR368W,0,-0.8426075,0.09367304295301437,0.9840795993804932,0.9573786854743958
YNR061C,YGL222C,0,-0.8428562,0.09366416931152344,0.9840795993804932,0.9574787616729736
YNL129W,YCR053W,0,-0.8430778,0.0936553031206131,0.9840795993804932,0.9575787782669067
YDR288W,YJL008C,0,-0.84311163,0.09364643692970276,0.9840795993804932,0.9576788544654846
YIL160C,YPR081C,0,-0.8436992,0.09363757073879242,0.9840795993804932,0.9577788710594177
YMR128W,YML125C,0,-0.8443314,0.09362870454788208,0.9840795993804932,0.9578789472579956
YKL089W,YOL005C,0,-0.8444129,0.09361983835697174,0.9840795993804932,0.9579789638519287
YLR276C,YOL149W,0,-0.8447319,0.093610979616642,0.9840795993804932,0.9580790400505066
YJL198W,YHL044W,0,-0.84480864,0.09360212087631226,0.9840795993804932,0.9581791162490845
YBR213W,YJR045C,0,-0.84483147,0.09359326213598251,0.9840795993804932,0.9582791328430176
YNR016C,YPL202C,0,-0.8450615,0.09358440339565277,0.9840795993804932,0.9583792090415955
YLR096W,YJR160C,0,-0.84566855,0.09357555210590363,0.9840795993804932,0.9584792256355286
YGR058W,YPR192W,0,-0.8456882,0.09356670081615448,0.9840795993804932,0.9585793018341064
YLR142W,YHR215W,0,-0.8465619,0.09355784952640533,0.9840795993804932,0.9586793184280396
YKR104W,YMR292W,0,-0.847431,0.09354899823665619,0.9840795993804932,0.9587793946266174
YCR072C,YOR080W,0,-0.8477726,0.09354014694690704,0.9840795993804932,0.9588794112205505
YAL041W,YOL067C,0,-0.8481835,0.0935313031077385,0.9840795993804932,0.9589794874191284
YML043C,YOR322C,0,-0.8484745,0.09352245926856995,0.9840795993804932,0.9590795636177063
YLR430W,YLR014C,0,-0.8485624,0.0935136154294014,0.9840795993804932,0.9591795802116394
YLR345W,YDR436W,1,-0.8487742,0.09359931945800781,0.9850746393203735,0.9591795802116394
YDR242W,YPL226W,0,-0.8491654,0.09359046816825867,0.9850746393203735,0.9592796564102173
YJL156C,YBL010C,0,-0.8493905,0.09358162432909012,0.9850746393203735,0.9593796730041504
YIL078W,YOR244W,0,-0.8495475,0.09357278048992157,0.9850746393203735,0.9594797492027283
YDR495C,YER164W,0,-0.8496925,0.09356393665075302,0.9850746393203735,0.9595797657966614
YCR092C,YLR430W,0,-0.8502361,0.09355509281158447,0.9850746393203735,0.9596798419952393
YML104C,YJL080C,0,-0.85051477,0.09354625642299652,0.9850746393203735,0.9597799181938171
YDR013W,YOL109W,0,-0.8507477,0.09353741258382797,0.9850746393203735,0.9598799347877502
YDR012W,YBR213W,0,-0.85098195,0.09352857619524002,0.9850746393203735,0.9599800109863281
YDR038C,YDL108W,0,-0.8510567,0.09351973980665207,0.9850746393203735,0.9600800275802612
YER062C,YIL113W,1,-0.8517542,0.09360536187887192,0.9860696792602539,0.9600800275802612
YLR086W,YPL068C,0,-0.8521007,0.09359652549028397,0.9860696792602539,0.9601801037788391
YOR308C,YJR160C,0,-0.85249436,0.09358768165111542,0.9860696792602539,0.9602801203727722
YLR096W,YLR237W,0,-0.85258055,0.09357884526252747,0.9860696792602539,0.9603801965713501
YDL166C,YDR299W,0,-0.85299355,0.09357000887393951,0.9860696792602539,0.9604802131652832
YGR086C,YIL160C,0,-0.85388416,0.09356117993593216,0.9860696792602539,0.9605802893638611
YIR002C,YER111C,0,-0.85411847,0.09355234354734421,0.9860696792602539,0.960680365562439
YJL157C,YBR198C,0,-0.8546355,0.09354351460933685,0.9860696792602539,0.9607803821563721
YDR424C,YMR287C,0,-0.85474026,0.0935346856713295,0.9860696792602539,0.96088045835495
YLR074C,YBR231C,0,-0.8554596,0.09352585673332214,0.9860696792602539,0.9609804749488831
YBL057C,YML088W,0,-0.85575694,0.09351703524589539,0.9860696792602539,0.9610805511474609
YDL204W,YPR192W,0,-0.8561375,0.09350820630788803,0.9860696792602539,0.961180567741394
YBR058C,YLL011W,0,-0.8565943,0.09349938482046127,0.9860696792602539,0.9612806439399719
YDL129W,YKL011C,0,-0.8569747,0.09349056333303452,0.9860696792602539,0.9613807201385498
YLL038C,YGR054W,0,-0.8577147,0.09348174929618835,0.9860696792602539,0.9614807367324829
YBL037W,YNL151C,0,-0.8577227,0.0934729278087616,0.9860696792602539,0.9615808129310608
YML116W,YNL151C,0,-0.85781175,0.09346411377191544,0.9860696792602539,0.9616808295249939
YKL116C,YPL202C,0,-0.8579247,0.09345529973506927,0.9860696792602539,0.9617809057235718
YER068W,YLR074C,0,-0.8585069,0.09344648569822311,0.9860696792602539,0.9618809223175049
YOR315W,YIL126W,0,-0.8585329,0.09343767911195755,0.9860696792602539,0.9619809985160828
YOR308C,YPL202C,0,-0.8585789,0.09342886507511139,0.9860696792602539,0.9620810151100159
YDR022C,YDR121W,0,-0.85901004,0.09342005848884583,0.9860696792602539,0.9621810913085938
YOR120W,YJL109C,0,-0.8596543,0.09341125190258026,0.9860696792602539,0.9622811675071716
YDR121W,YKL017C,0,-0.8599552,0.0934024527668953,0.9860696792602539,0.9623811841011047
YBR296C,YJR158W,0,-0.8605273,0.09339364618062973,0.9860696792602539,0.9624812602996826
YDR075W,YKL212W,1,-0.8605516,0.09347908198833466,0.9870646595954895,0.9624812602996826
YGL232W,YJR135C,0,-0.8619615,0.09347027540206909,0.9870646595954895,0.9625812768936157
YNR070W,YLL035W,0,-0.86213094,0.09346146881580353,0.9870646595954895,0.9626813530921936
YDR481C,YPR192W,0,-0.8626001,0.09345266222953796,0.9870646595954895,0.9627813696861267
YBL039C,YHR081W,0,-0.86289155,0.0934438556432724,0.9870646595954895,0.9628814458847046
YLR287C-A,YML037C,0,-0.86320025,0.09343505650758743,0.9870646595954895,0.9629814624786377
YBR048W,YCR028C,0,-0.86347663,0.09342625737190247,0.9870646595954895,0.9630815386772156
YKL042W,YOL109W,0,-0.86389244,0.0934174582362175,0.9870646595954895,0.9631816148757935
YDR341C,YNL129W,0,-0.8639379,0.09340866655111313,0.9870646595954895,0.9632816314697266
YPR186C,YOL056W,0,-0.8641418,0.09339986741542816,0.9870646595954895,0.9633817076683044
YER148W,YDL200C,0,-0.8646945,0.09339107573032379,0.9870646595954895,0.9634817242622375
YNL061W,YDL082W,0,-0.8648083,0.09338228404521942,0.9870646595954895,0.9635818004608154
YJL033W,YLR403W,0,-0.86561036,0.09337349236011505,0.9870646595954895,0.9636818170547485
YFL029C,YNL244C,0,-0.8660867,0.09336470812559128,0.9870646595954895,0.9637818932533264
YER126C,YDR447C,0,-0.86617184,0.09335591644048691,0.9870646595954895,0.9638819694519043
YDR329C,YPR186C,0,-0.86653686,0.09334713220596313,0.9870646595954895,0.9639819860458374
YEL015W,YDR101C,0,-0.86662245,0.09333834797143936,0.9870646595954895,0.9640820622444153
YMR128W,YML115C,0,-0.8675029,0.09332957118749619,0.9870646595954895,0.9641820788383484
YDR052C,YER036C,0,-0.8682931,0.09332078695297241,0.9870646595954895,0.9642821550369263
YJL125C,YCR047C,0,-0.86918485,0.09331201016902924,0.9870646595954895,0.9643821716308594
YIL150C,YCR094W,0,-0.87029,0.09330323338508606,0.9870646595954895,0.9644822478294373
YJL133W,YGL031C,0,-0.8706267,0.09329446405172348,0.9870646595954895,0.9645822644233704
YGR086C,YPR192W,0,-0.8713977,0.0932856872677803,0.9870646595954895,0.9646823406219482
YMR233W,YAL034W-A,0,-0.87166566,0.09327691793441772,0.9870646595954895,0.9647824168205261
YML040W,YDR486C,0,-0.87169147,0.09326814860105515,0.9870646595954895,0.9648824334144592
YKR090W,YCL069W,0,-0.8719257,0.09325937926769257,0.9870646595954895,0.9649825096130371
YGL090W,YML088W,0,-0.8719702,0.09325060993432999,0.9870646595954895,0.9650825262069702
YLR074C,YOR269W,0,-0.8724228,0.093241848051548,0.9870646595954895,0.9651826024055481
YER147C,YJL189W,0,-0.87267417,0.09323308616876602,0.9870646595954895,0.9652826189994812
YOR384W,YDR443C,0,-0.8727448,0.09322432428598404,0.9870646595954895,0.9653826951980591
YPL269W,YDR120C,0,-0.87295437,0.09321556240320206,0.9870646595954895,0.9654827117919922
YBL054W,YCR037C,0,-0.8737565,0.09320680052042007,0.9870646595954895,0.9655827879905701
YCR072C,YGR002C,0,-0.8738607,0.09319804608821869,0.9870646595954895,0.965682864189148
YHR031C,YML043C,0,-0.87405014,0.0931892916560173,0.9870646595954895,0.965782880783081
YJL158C,YDR077W,0,-0.87463313,0.09318053722381592,0.9870646595954895,0.9658829569816589
YGR286C,YOR075W,0,-0.87536764,0.09317178279161453,0.9870646595954895,0.965982973575592
YOL071W,YIL155C,0,-0.87558216,0.09316303580999374,0.9870646595954895,0.9660830497741699
YNL188W,YBR058C-A,0,-0.875589,0.09315428882837296,0.9870646595954895,0.966183066368103
YER110C,YOR242C,0,-0.8760829,0.09314554184675217,0.9870646595954895,0.9662831425666809
YCR004C,YNR040W,0,-0.8764933,0.09313679486513138,0.9870646595954895,0.9663832187652588
YDR532C,YER082C,0,-0.8766104,0.09312804788351059,0.9870646595954895,0.9664832353591919
YOL139C,YPL269W,0,-0.8766471,0.0931193083524704,0.9870646595954895,0.9665833115577698
YGL003C,YDR096W,0,-0.87860274,0.0931105688214302,0.9870646595954895,0.9666833281517029
YCR072C,YLR096W,0,-0.87953764,0.09310182929039001,0.9870646595954895,0.9667834043502808
YHR160C,YHL032C,0,-0.87954456,0.09309308975934982,0.9870646595954895,0.9668834209442139
YDL166C,YLR086W,0,-0.8795683,0.09308435767889023,0.9870646595954895,0.9669834971427917
YDR033W,YJR009C,0,-0.87976056,0.09307562559843063,0.9870646595954895,0.9670835137367249
YDR424C,YBL088C,0,-0.88089615,0.09306689351797104,0.9870646595954895,0.9671835899353027
YAL023C,YIR015W,0,-0.8841461,0.09305816143751144,0.9870646595954895,0.9672836661338806
YOR373W,YJL148W,0,-0.88450015,0.09304942935705185,0.9870646595954895,0.9673836827278137
YHL024W,YOR315W,0,-0.8849607,0.09304070472717285,0.9870646595954895,0.9674837589263916
YNL311C,YBR082C,0,-0.8862082,0.09303198009729385,0.9870646595954895,0.9675837755203247
YMR130W,YIL113W,1,-0.8877964,0.09311702847480774,0.9880596995353699,0.9675837755203247
YJR001W,YEL061C,0,-0.88842213,0.09310829639434814,0.9880596995353699,0.9676838517189026
YPL019C,YER180C,0,-0.8884769,0.09309957176446915,0.9880596995353699,0.9677838683128357
YGL120C,YDL130W,0,-0.8886762,0.09309083968400955,0.9880596995353699,0.9678839445114136
YMR290C,YML060W,0,-0.88889515,0.09308211505413055,0.9880596995353699,0.9679840207099915
YNL001W,YGR071C,0,-0.88890696,0.09307339042425156,0.9880596995353699,0.9680840373039246
YDR036C,YDR534C,0,-0.8900498,0.09306466579437256,0.9880596995353699,0.9681841135025024
YER147C,YKL017C,0,-0.8903933,0.09305594861507416,0.9880596995353699,0.9682841300964355
YNL061W,YOR346W,0,-0.8906683,0.09304722398519516,0.9880596995353699,0.9683842062950134
YIL090W,YOR346W,0,-0.8930114,0.09303850680589676,0.9880596995353699,0.9684842228889465
YGL021W,YMR023C,0,-0.89317715,0.09302978962659836,0.9880596995353699,0.9685842990875244
YDR118W,YGR286C,0,-0.89377105,0.09302107989788055,0.9880596995353699,0.9686843156814575
YMR211W,YLR045C,0,-0.89580715,0.09301236271858215,0.9880596995353699,0.9687843918800354
YKL212W,YFR028C,1,-0.8970241,0.09309731423854828,0.9890547394752502,0.9687843918800354
YJL148W,YML063W,0,-0.89713144,0.09308859705924988,0.9890547394752502,0.9688844680786133
YIR036C,YDR231C,0,-0.8984848,0.09307987987995148,0.9890547394752502,0.9689844846725464
YML005W,YJR022W,0,-0.89873236,0.09307116270065308,0.9890547394752502,0.9690845608711243
YOR384W,YML091C,0,-0.8999101,0.09306244552135468,0.9890547394752502,0.9691845774650574
YHR046C,YDL024C,1,-0.9001869,0.09314735233783722,0.9900497794151306,0.9691845774650574
YPL206C,YIL160C,0,-0.9006909,0.09313863515853882,0.9900497794151306,0.9692846536636353
YOL071W,YCR004C,0,-0.9007587,0.09312991052865982,0.9900497794151306,0.9693846702575684
YAL012W,YMR165C,0,-0.90085477,0.09312120079994202,0.9900497794151306,0.9694847464561462
YOR047C,YGR006W,0,-0.90148264,0.09311248362064362,0.9900497794151306,0.9695847630500793
YGL232W,YDR013W,0,-0.9016323,0.09310377389192581,0.9900497794151306,0.9696848392486572
YGR274C,YDL060W,0,-0.9016395,0.09309505671262741,0.9900497794151306,0.9697849154472351
YJL033W,YDR011W,0,-0.9020726,0.0930863469839096,0.9900497794151306,0.9698849320411682
YLR106C,YOR014W,0,-0.90244055,0.0930776447057724,0.9900497794151306,0.9699850082397461
YLL035W,YDR483W,0,-0.9031559,0.0930689349770546,0.9900497794151306,0.9700850248336792
YDL051W,YJL125C,0,-0.9043428,0.09306023269891739,0.9900497794151306,0.9701851010322571
YJR098C,YMR211W,0,-0.90445054,0.09305153042078018,0.9900497794151306,0.9702851176261902
YGR058W,YEL015W,0,-0.9045248,0.09304282814264297,0.9900497794151306,0.9703851938247681
YCR072C,YDL143W,0,-0.9046013,0.09303412586450577,0.9900497794151306,0.970485270023346
YJR066W,YJL108C,0,-0.9055282,0.09302543103694916,0.9900497794151306,0.970585286617279
YMR165C,YHR215W,1,-0.9057635,0.09311021864414215,0.9910447597503662,0.970585286617279
YNR016C,YDR523C,0,-0.9073144,0.09310151636600494,0.9910447597503662,0.9706853628158569
YBR012W-A,YJL148W,0,-0.9078069,0.09309281408786774,0.9910447597503662,0.97078537940979
YBR198C,YOL080C,0,-0.908385,0.09308411180973053,0.9910447597503662,0.9708854556083679
YJR158W,YHR117W,0,-0.909015,0.09307541698217392,0.9910447597503662,0.970985472202301
YDR074W,YML100W,1,-0.9095309,0.09316015988588333,0.9920397996902466,0.970985472202301
YJR160C,YER113C,0,-0.91051763,0.09315145015716553,0.9920397996902466,0.9710855484008789
YLR357W,YGR061C,0,-0.91197765,0.09314274787902832,0.9920397996902466,0.971185564994812
YGR220C,YDR116C,0,-0.9125768,0.09313405305147171,0.9920397996902466,0.9712856411933899
YGL120C,YBR142W,0,-0.9126203,0.0931253507733345,0.9920397996902466,0.9713857173919678
YKL154W,YKL108W,0,-0.9132335,0.0931166559457779,0.9920397996902466,0.9714857339859009
YJL046W,YMR287C,0,-0.9132641,0.09310795366764069,0.9920397996902466,0.9715858101844788
YJL153C,YBR241C,0,-0.9144079,0.09309925884008408,0.9920397996902466,0.9716858267784119
YMR098C,YNL146W,0,-0.9149114,0.09309057146310806,0.9920397996902466,0.9717859029769897
YBR286W,YKL109W,0,-0.9151811,0.09308187663555145,0.9920397996902466,0.9718859195709229
YLR154C,YDR322W,0,-0.9152971,0.09307318925857544,0.9920397996902466,0.9719859957695007
YHR031C,YIL126W,0,-0.9153196,0.09306450188159943,0.9920397996902466,0.9720860719680786
YIL039W,YPL033C,0,-0.9158332,0.09305581450462341,0.9920397996902466,0.9721860885620117
YDR052C,YER126C,0,-0.9172301,0.0930471271276474,0.9920397996902466,0.9722861647605896
YGL128C,YHR101C,0,-0.91740084,0.09303844720125198,0.9920397996902466,0.9723861813545227
YNR011C,YPR186C,0,-0.91941035,0.09302976727485657,0.9920397996902466,0.9724862575531006
YOL064C,YBL061C,0,-0.9195976,0.09302108734846115,0.9920397996902466,0.9725862741470337
YBL106C,YML037C,0,-0.9203033,0.09301240742206573,0.9920397996902466,0.9726863503456116
YOR257W,YPR192W,0,-0.9208905,0.09300373494625092,0.9920397996902466,0.9727863669395447
YPL231W,YBR050C,0,-0.9214467,0.0929950550198555,0.9920397996902466,0.9728864431381226
YJR010C-A,YGR063C,0,-0.9232031,0.09298638254404068,0.9920397996902466,0.9729865193367004
YLR106C,YLR419W,0,-0.92392904,0.09297771006822586,0.9920397996902466,0.9730865359306335
YHR089C,YER180C,0,-0.92426133,0.09296904504299164,0.9920397996902466,0.9731866121292114
YOL092W,YCR028C,0,-0.9247998,0.09296037256717682,0.9920397996902466,0.9732866287231445
YER029C,YEL021W,0,-0.92510194,0.0929517075419426,0.9920397996902466,0.9733867049217224
YDR120C,YGR158C,0,-0.92570806,0.09294304251670837,0.9920397996902466,0.9734867215156555
YNR040W,YEL050C,0,-0.9260838,0.09293437749147415,0.9920397996902466,0.9735867977142334
YEL061C,YMR045C,0,-0.92661464,0.09292571246623993,0.9920397996902466,0.9736868143081665
YOR179C,YNL244C,0,-0.92679733,0.0929170548915863,0.9920397996902466,0.9737868905067444
YML040W,YBR264C,0,-0.9268842,0.09290839731693268,0.9920397996902466,0.9738869667053223
YPR132W,YOR346W,0,-0.9276364,0.09289973974227905,0.9920397996902466,0.9739869832992554
YER029C,YOL018C,0,-0.9288415,0.09289108216762543,0.9920397996902466,0.9740870594978333
YLR237W,YDR402C,0,-0.93014354,0.0928824320435524,0.9920397996902466,0.9741870760917664
YMR233W,YDR495C,0,-0.9306217,0.09287377446889877,0.9920397996902466,0.9742871522903442
YMR198W,YLR318W,0,-0.93122333,0.09286512434482574,0.9920397996902466,0.9743871688842773
YLR212C,YNL166C,0,-0.9313407,0.09285647422075272,0.9920397996902466,0.9744872450828552
YKR038C,YDR120C,0,-0.93158954,0.09284783154726028,0.9920397996902466,0.9745873212814331
YKR062W,YNL206C,0,-0.9328545,0.09283918142318726,0.9920397996902466,0.9746873378753662
YMR201C,YNR043W,0,-0.93287987,0.09283053874969482,0.9920397996902466,0.9747874140739441
YLR418C,YLL011W,0,-0.93324065,0.09282189607620239,0.9920397996902466,0.9748874306678772
YDL006W,YBR142W,0,-0.9340024,0.09281325340270996,0.9920397996902466,0.9749875068664551
YDR011W,YNL061W,0,-0.9341463,0.09280461817979813,0.9920397996902466,0.9750875234603882
YPR192W,YGR006W,0,-0.93419445,0.0927959755063057,0.9920397996902466,0.9751875996589661
YMR004W,YGR200C,0,-0.93448645,0.09278734028339386,0.9920397996902466,0.9752876162528992
YGL120C,YPR156C,0,-0.9354006,0.09277870506048203,0.9920397996902466,0.975387692451477
YGR220C,YKL195W,0,-0.9359752,0.09277007728815079,0.9920397996902466,0.9754877686500549
YKL179C,YPR168W,0,-0.93643177,0.09276144206523895,0.9920397996902466,0.975587785243988
YMR188C,YFR007W,0,-0.9364365,0.09275281429290771,0.9920397996902466,0.9756878614425659
YDR495C,YLR014C,0,-0.9369007,0.09274418652057648,0.9920397996902466,0.975787878036499
YEL015W,YNL188W,0,-0.93691874,0.09273555874824524,0.9920397996902466,0.9758879542350769
YPL144W,YMR211W,0,-0.937173,0.092726930975914,0.9920397996902466,0.97598797082901
YBR012W-A,YPL090C,0,-0.9391713,0.09271831065416336,0.9920397996902466,0.9760880470275879
YMR316W,YCR047C,0,-0.93924093,0.09270969033241272,0.9920397996902466,0.9761881232261658
YNL311C,YNL129W,0,-0.93941367,0.09270107001066208,0.9920397996902466,0.9762881398200989
YFL004W,YGR194C,0,-0.9407498,0.09269244968891144,0.9920397996902466,0.9763882160186768
YOR384W,YNL096C,0,-0.9420071,0.0926838368177414,0.9920397996902466,0.9764882326126099
YOR381W,YGL031C,0,-0.94240844,0.09267521649599075,0.9920397996902466,0.9765883088111877
YBL024W,YEL054C,0,-0.9427413,0.09266660362482071,0.9920397996902466,0.9766883254051208
YDR253C,YNL210W,0,-0.94445217,0.09265799075365067,0.9920397996902466,0.9767884016036987
YHR081W,YIL115C,0,-0.9453274,0.09264938533306122,0.9920397996902466,0.9768884181976318
YOR308C,YJL109C,0,-0.9458165,0.09264077246189117,0.9920397996902466,0.9769884943962097
YOR151C,YLR385C,0,-0.9477509,0.09263216704130173,0.9920397996902466,0.9770885705947876
YNL061W,YBL061C,0,-0.9491379,0.09262356162071228,0.9920397996902466,0.9771885871887207
YIR026C,YFR028C,1,-0.95133305,0.09270785003900528,0.993034839630127,0.9771885871887207
YJL008C,YPR031W,0,-0.95166814,0.09269923716783524,0.993034839630127,0.9772886633872986
YOR061W,YPL155C,0,-0.95244706,0.09269063174724579,0.993034839630127,0.9773886799812317
YDR523C,YOR242C,0,-0.95294714,0.09268201887607574,0.993034839630127,0.9774887561798096
YDR075W,YFR028C,1,-0.95338845,0.09276627004146576,0.9940298795700073,0.9774887561798096
YLR096W,YOR346W,0,-0.9543927,0.09275765717029572,0.9940298795700073,0.9775887727737427
YPR186C,YKL024C,0,-0.954393,0.09274905174970627,0.9940298795700073,0.9776888489723206
YPL051W,YPL202C,0,-0.9558697,0.09274043887853622,0.9940298795700073,0.9777888655662537
YJR097W,YLR371W,0,-0.95641327,0.09273182600736618,0.9940298795700073,0.9778889417648315
YML077W,YER180C,0,-0.9573599,0.09272322058677673,0.9940298795700073,0.9779890179634094
YPR192W,YMR311C,0,-0.95858824,0.09271461516618729,0.9940298795700073,0.9780890345573425
YLR318W,YBL055C,0,-0.95865935,0.09270600974559784,0.9940298795700073,0.9781891107559204
YKR061W,YPR192W,0,-0.96001714,0.09269741177558899,0.9940298795700073,0.9782891273498535
YNL291C,YDL112W,0,-0.9601429,0.09268881380558014,0.9940298795700073,0.9783892035484314
YER113C,YLL022C,0,-0.9605049,0.09268020838499069,0.9940298795700073,0.9784892201423645
YGR162W,YNL151C,0,-0.9631373,0.09267161041498184,0.9940298795700073,0.9785892963409424
YOL138C,YPL174C,0,-0.9641854,0.09266301989555359,0.9940298795700073,0.9786893725395203
YDR520C,YNL191W,0,-0.9657741,0.09265442192554474,0.9940298795700073,0.9787893891334534
YLR238W,YER051W,0,-0.9665416,0.09264583140611649,0.9940298795700073,0.9788894653320312
YPL157W,YGR200C,0,-0.96669376,0.09263724088668823,0.9940298795700073,0.9789894819259644
YGR159C,YPR102C,0,-0.9672826,0.09262865036725998,0.9940298795700073,0.9790895581245422
YGR159C,YMR165C,0,-0.96787184,0.09262005984783173,0.9940298795700073,0.9791895747184753
YPR049C,YPR016C,0,-0.9683595,0.09261147677898407,0.9940298795700073,0.9792896509170532
YER140W,YER111C,0,-0.96871996,0.09260289371013641,0.9940298795700073,0.9793896675109863
YGR184C,YKL010C,0,-0.9698007,0.09259431064128876,0.9940298795700073,0.9794897437095642
YLR106C,YNL191W,0,-0.96998996,0.0925857275724411,0.9940298795700073,0.9795898199081421
YDR219C,YNL185C,0,-0.97031397,0.09257714450359344,0.9940298795700073,0.9796898365020752
YDL192W,YNL339C,0,-0.97254074,0.09256856888532639,0.9940298795700073,0.9797899127006531
YDR347W,YGR220C,0,-0.97364557,0.09255999326705933,0.9940298795700073,0.9798899292945862
YBR296C,YER027C,0,-0.9753525,0.09255141764879227,0.9940298795700073,0.9799900054931641
YNL292W,YPL269W,0,-0.9759667,0.09254284203052521,0.9940298795700073,0.9800900220870972
YLR154C,YJR068W,0,-0.9772899,0.09253427386283875,0.9940298795700073,0.980190098285675
YNL292W,YHL016C,0,-0.9773382,0.09252569824457169,0.9940298795700073,0.9802901744842529
YMR086W,YPR192W,0,-0.9797653,0.09251713007688522,0.9940298795700073,0.980390191078186
YMR094W,YLR154C,0,-0.98083764,0.09250856190919876,0.9940298795700073,0.9804902672767639
YPR048W,YIL084C,0,-0.98088384,0.0925000011920929,0.9940298795700073,0.980590283870697
YOL127W,YGR123C,0,-0.98308444,0.09249143302440643,0.9940298795700073,0.9806903600692749
YMR211W,YMR285C,0,-0.9832339,0.09248287230730057,0.9940298795700073,0.980790376663208
YKL181W,YGL123W,0,-0.983413,0.0924743115901947,0.9940298795700073,0.9808904528617859
YDR440W,YHR167W,0,-0.98346657,0.09246575087308884,0.9940298795700073,0.980990469455719
YMR198W,YMR306W,0,-0.9837233,0.09245719760656357,0.9940298795700073,0.9810905456542969
YML005W,YNL149C,0,-0.98426086,0.0924486368894577,0.9940298795700073,0.9811906218528748
YBR267W,YJR076C,0,-0.9848487,0.09244008362293243,0.9940298795700073,0.9812906384468079
YER025W,YOR217W,0,-0.98552626,0.09243153035640717,0.9940298795700073,0.9813907146453857
YER173W,YLL022C,0,-0.9861777,0.0924229845404625,0.9940298795700073,0.9814907312393188
YGL147C,YNL339C,0,-0.9875275,0.09241443127393723,0.9940298795700073,0.9815908074378967
YKR094C,YER147C,0,-0.9875419,0.09240588545799255,0.9940298795700073,0.9816908240318298
YMR171C,YML015C,0,-0.98785925,0.09239733964204788,0.9940298795700073,0.9817909002304077
YNR070W,YOR269W,0,-0.988353,0.09238879382610321,0.9940298795700073,0.9818909168243408
YKL088W,YOR306C,0,-0.9885814,0.09238024801015854,0.9940298795700073,0.9819909930229187
YBR240C,YDL146W,0,-0.9895847,0.09237170964479446,0.9940298795700073,0.9820910692214966
YLL011W,YJR134C,0,-0.99001217,0.09236316382884979,0.9940298795700073,0.9821910858154297
YNL119W,YLR403W,0,-0.990986,0.09235462546348572,0.9940298795700073,0.9822911620140076
YKL004W,YIL111W,0,-0.99114954,0.09234608709812164,0.9940298795700073,0.9823911786079407
YOR057W,YJR135C,0,-0.99146414,0.09233755618333817,0.9940298795700073,0.9824912548065186
YER131W,YJR075W,0,-0.9950128,0.09232901781797409,0.9940298795700073,0.9825912714004517
YHL044W,YCR047C,0,-0.99597263,0.09232048690319061,0.9940298795700073,0.9826913475990295
YPL157W,YDR088C,0,-0.9967456,0.09231195598840714,0.9940298795700073,0.9827914237976074
YBR237W,YCR054C,0,-0.9968916,0.09230342507362366,0.9940298795700073,0.9828914403915405
YMR165C,YMR261C,1,-0.9970671,0.09238728880882263,0.9950248599052429,0.9828914403915405
YLR276C,YLR467W,0,-0.997838,0.09237875044345856,0.9950248599052429,0.9829915165901184
YOR346W,YDR390C,0,-0.99798644,0.09237021952867508,0.9950248599052429,0.9830915331840515
YNL291C,YNL218W,0,-0.9989486,0.0923616886138916,0.9950248599052429,0.9831916093826294
YLR008C,YGL147C,0,-1.0006455,0.09235315769910812,0.9950248599052429,0.9832916259765625
YGR063C,YJL025W,0,-1.0016972,0.09234462678432465,0.9950248599052429,0.9833917021751404
YKL143W,YHR013C,0,-1.0042832,0.09233610332012177,0.9950248599052429,0.9834917187690735
YIL070C,YGR076C,0,-1.0047001,0.09232757985591888,0.9950248599052429,0.9835917949676514
YCR009C,YDR283C,0,-1.0058326,0.092319056391716,0.9950248599052429,0.9836918711662292
YOR224C,YHR052W,0,-1.0059109,0.09231053292751312,0.9950248599052429,0.9837918877601624
YPR192W,YLR172C,0,-1.0089436,0.09230200946331024,0.9950248599052429,0.9838919639587402
YML116W,YOL092W,0,-1.0092038,0.09229349344968796,0.9950248599052429,0.9839919805526733
YGL135W,YBR082C,0,-1.0093333,0.09228497743606567,0.9950248599052429,0.9840920567512512
YML043C,YLR221C,0,-1.0112845,0.09227646142244339,0.9950248599052429,0.9841920733451843
YLL038C,YCR028C,0,-1.011678,0.0922679454088211,0.9950248599052429,0.9842921495437622
YGR106C,YGL222C,0,-1.0118418,0.09225943684577942,0.9950248599052429,0.9843922257423401
YLR438C-A,YBR231C,0,-1.0132059,0.09225092083215714,0.9950248599052429,0.9844922423362732
YBR267W,YBR289W,0,-1.015522,0.09224241226911545,0.9950248599052429,0.9845923185348511
YAL041W,YJL041W,0,-1.0159906,0.09223390370607376,0.9950248599052429,0.9846923351287842
YCR072C,YKL181W,0,-1.01658,0.09222540259361267,0.9950248599052429,0.9847924113273621
YBR291C,YLR237W,0,-1.0172389,0.09221689403057098,0.9950248599052429,0.9848924279212952
YFR037C,YLR357W,0,-1.0180246,0.0922083929181099,0.9950248599052429,0.984992504119873
YKL173W,YOL080C,0,-1.0207843,0.0921998918056488,0.9950248599052429,0.9850925207138062
YPR048W,YPL155C,0,-1.0212575,0.09219139069318771,0.9950248599052429,0.985192596912384
YER131W,YHR052W,0,-1.0227299,0.09218288958072662,0.9950248599052429,0.9852926731109619
YLR212C,YDR507C,0,-1.023823,0.09217439591884613,0.9950248599052429,0.985392689704895
YJL156C,YOL080C,0,-1.0243933,0.09216590225696564,0.9950248599052429,0.9854927659034729
YKL173W,YMR285C,0,-1.0252213,0.09215740114450455,0.9950248599052429,0.985592782497406
YDR231C,YPR184W,0,-1.0261809,0.09214891493320465,0.9950248599052429,0.9856928586959839
YLR364W,YOR057W,0,-1.026478,0.09214042127132416,0.9950248599052429,0.985792875289917
YDR503C,YBR093C,1,-1.0271773,0.09222406148910522,0.9960198998451233,0.985792875289917
YML040W,YGR241C,0,-1.0347105,0.09221556782722473,0.9960198998451233,0.9858929514884949
YDR440W,YER111C,0,-1.0350754,0.09220707416534424,0.9960198998451233,0.985992968082428
YCR072C,YBR030W,0,-1.035258,0.09219858050346375,0.9960198998451233,0.9860930442810059
YLR106C,YDL112W,0,-1.035689,0.09219008684158325,0.9960198998451233,0.9861931204795837
YGL157W,YOL080C,0,-1.0425334,0.09218160063028336,0.9960198998451233,0.9862931370735168
YML125C,YER126C,0,-1.0433284,0.09217311441898346,0.9960198998451233,0.9863932132720947
YDR501W,YDR402C,0,-1.0445905,0.09216462820768356,0.9960198998451233,0.9864932298660278
YBL039C,YER173W,0,-1.045226,0.09215614199638367,0.9960198998451233,0.9865933060646057
YDL137W,YDR055W,0,-1.0460851,0.09214765578508377,0.9960198998451233,0.9866933226585388
YDL030W,YKR030W,0,-1.0472085,0.09213917702436447,0.9960198998451233,0.9867933988571167
YBL054W,YHL016C,0,-1.0474576,0.09213069826364517,0.9960198998451233,0.9868934750556946
YIL027C,YOR244W,0,-1.0477424,0.09212221950292587,0.9960198998451233,0.9869934916496277
YGR159C,YML060W,0,-1.0487146,0.09211374074220657,0.9960198998451233,0.9870935678482056
YNR022C,YEL050C,0,-1.049033,0.09210526198148727,0.9960198998451233,0.9871935844421387
YNL207W,YER147C,0,-1.0520225,0.09209679067134857,0.9960198998451233,0.9872936606407166
YDR228C,YPL038W,0,-1.052768,0.09208831936120987,0.9960198998451233,0.9873936772346497
YLR134W,YLL038C,0,-1.0544955,0.09207984805107117,0.9960198998451233,0.9874937534332275
YMR277W,YFR028C,1,-1.0553918,0.09216335415840149,0.9970149397850037,0.9874937534332275
YOL080C,YPL202C,0,-1.0558696,0.09215487539768219,0.9970149397850037,0.9875937700271606
YNL306W,YPR166C,0,-1.056942,0.09214640408754349,0.9970149397850037,0.9876938462257385
YLR096W,YPL074W,0,-1.0572267,0.09213793277740479,0.9970149397850037,0.9877939224243164
YBR291C,YJL109C,0,-1.0575106,0.09212946146726608,0.9970149397850037,0.9878939390182495
YPL269W,YMR163C,0,-1.0582016,0.09212099015712738,0.9970149397850037,0.9879940152168274
YCR094W,YJL109C,0,-1.0583172,0.09211251884698868,0.9970149397850037,0.9880940318107605
YLR286C,YPR184W,0,-1.0598445,0.09210405498743057,0.9970149397850037,0.9881941080093384
YOL067C,YKL173W,0,-1.0633677,0.09209559112787247,0.9970149397850037,0.9882941246032715
YNL248C,YDL082W,0,-1.0635886,0.09208712726831436,0.9970149397850037,0.9883942008018494
YJL158C,YMR122W-A,0,-1.0647991,0.09207866340875626,0.9970149397850037,0.9884942173957825
YDR018C,YCR010C,0,-1.0649755,0.09207019954919815,0.9970149397850037,0.9885942935943604
YDR440W,YDL231C,0,-1.0651369,0.09206174314022064,0.9970149397850037,0.9886943697929382
YBL088C,YKR048C,0,-1.0654325,0.09205328673124313,0.9970149397850037,0.9887943863868713
YJL056C,YNL189W,0,-1.0658054,0.09204483032226562,0.9970149397850037,0.9888944625854492
YDR465C,YDL138W,0,-1.0697519,0.09203637391328812,0.9970149397850037,0.9889944791793823
YDL143W,YDR420W,0,-1.070606,0.09202791750431061,0.9970149397850037,0.9890945553779602
YMR247C,YDR420W,0,-1.0766976,0.0920194685459137,0.9970149397850037,0.9891945719718933
YGL211W,YPL033C,0,-1.07671,0.09201101958751678,0.9970149397850037,0.9892946481704712
YGL205W,YLL001W,0,-1.0772591,0.09200257062911987,0.9970149397850037,0.9893947243690491
YPR156C,YOR337W,0,-1.0779953,0.09199412167072296,0.9970149397850037,0.9894947409629822
YDR117C,YOR346W,0,-1.0804332,0.09198568016290665,0.9970149397850037,0.9895948171615601
YHR206W,YHR070W,0,-1.0808486,0.09197723865509033,0.9970149397850037,0.9896948337554932
YKL178C,YDL130W,0,-1.0833424,0.09196878969669342,0.9970149397850037,0.989794909954071
YBR084W,YER051W,0,-1.086793,0.0919603556394577,0.9970149397850037,0.9898949265480042
YDL006W,YNL325C,1,-1.0883336,0.0920436829328537,0.998009979724884,0.9898949265480042
YHL044W,YGR286C,0,-1.0892868,0.09203523397445679,0.998009979724884,0.989995002746582
YDL136W,YGR123C,0,-1.0904408,0.09202679246664047,0.998009979724884,0.9900950193405151
YDL127W,YCL055W,0,-1.0906649,0.09201835095882416,0.998009979724884,0.990195095539093
YML077W,YNL227C,0,-1.0908587,0.09200990945100784,0.998009979724884,0.9902951717376709
YHL044W,YBR142W,0,-1.0924541,0.09200146794319153,0.998009979724884,0.990395188331604
YMR165C,YAR071W,1,-1.0932252,0.09208475053310394,0.9990049600601196,0.990395188331604
YNR027W,YNL112W,0,-1.0937713,0.09207630157470703,0.9990049600601196,0.9904952645301819
YBR291C,YDR120C,0,-1.0955462,0.09206786006689072,0.9990049600601196,0.990595281124115
YOR043W,YBL061C,0,-1.096447,0.0920594185590744,0.9990049600601196,0.9906953573226929
YMR290C,YOR337W,0,-1.0972347,0.09205097705125809,0.9990049600601196,0.990795373916626
YER099C,YDL043C,0,-1.1008766,0.09204253554344177,0.9990049600601196,0.9908954501152039
YMR285C,YOL080C,0,-1.1020924,0.09203410148620605,0.9990049600601196,0.9909955263137817
YPR192W,YGR184C,0,-1.102823,0.09202566742897034,0.9990049600601196,0.9910955429077148
YBR030W,YLR467W,0,-1.1030681,0.09201723337173462,0.9990049600601196,0.9911956191062927
YPR063C,YDL130W,0,-1.105211,0.0920087993144989,0.9990049600601196,0.9912956357002258
YDR052C,YJL148W,0,-1.107382,0.09200036525726318,0.9990049600601196,0.9913957118988037
YPL144W,YKL143W,0,-1.110301,0.09199193865060806,0.9990049600601196,0.9914957284927368
YPL068C,YJL008C,0,-1.1109917,0.09198351204395294,0.9990049600601196,0.9915958046913147
YCL061C,YHR070W,0,-1.111007,0.09197508543729782,0.9990049600601196,0.9916958212852478
YOR063W,YGR123C,0,-1.1131499,0.0919666588306427,0.9990049600601196,0.9917958974838257
YNL308C,YPL101W,0,-1.1132298,0.09195823222398758,0.9990049600601196,0.9918959736824036
YER114C,YKL042W,0,-1.1133157,0.09194981306791306,0.9990049600601196,0.9919959902763367
YPL051W,YHR070W,0,-1.1184183,0.09194139391183853,0.9990049600601196,0.9920960664749146
YMR016C,YML043C,0,-1.1217024,0.09193297475576401,0.9990049600601196,0.9921960830688477
YDR055W,YKL164C,0,-1.1228504,0.09192455559968948,0.9990049600601196,0.9922961592674255
YIR012W,YJL025W,0,-1.1247556,0.09191614389419556,0.9990049600601196,0.9923961758613586
YGL136C,YBR084W,0,-1.1265386,0.09190772473812103,0.9990049600601196,0.9924962520599365
YAL008W,YPL186C,0,-1.1282692,0.0918993130326271,0.9990049600601196,0.9925962686538696
YHR025W,YJR160C,0,-1.1341345,0.09189090132713318,0.9990049600601196,0.9926963448524475
YDR228C,YLR221C,0,-1.1346867,0.09188248962163925,0.9990049600601196,0.9927964210510254
YML113W,YPL068C,0,-1.1375947,0.09187408536672592,0.9990049600601196,0.9928964376449585
YNL218W,YHR036W,0,-1.1427779,0.09186568111181259,0.9990049600601196,0.9929965138435364
YOR116C,YPL258C,0,-1.1445707,0.09185727685689926,0.9990049600601196,0.9930965304374695
YDR052C,YNL166C,0,-1.152106,0.09184887260198593,0.9990049600601196,0.9931966066360474
YHR081W,YER113C,0,-1.1522495,0.0918404683470726,0.9990049600601196,0.9932966232299805
YGL120C,YOR373W,0,-1.1526732,0.09183207154273987,0.9990049600601196,0.9933966994285583
YBR087W,YLR306W,0,-1.1606789,0.09182366728782654,0.9990049600601196,0.9934967756271362
YBR058C,YER126C,0,-1.1633198,0.0918152704834938,0.9990049600601196,0.9935967922210693
YMR094W,YDL075W,0,-1.1645159,0.09180687367916107,0.9990049600601196,0.9936968684196472
YDR121W,YBR142W,0,-1.1649468,0.09179848432540894,0.9990049600601196,0.9937968850135803
YLR212C,YNL119W,0,-1.1694808,0.0917900875210762,0.9990049600601196,0.9938969612121582
YBR213W,YBR084W,0,-1.1702383,0.09178169816732407,0.9990049600601196,0.9939969778060913
YDR299W,YDR393W,0,-1.1725783,0.09177330881357193,0.9990049600601196,0.9940970540046692
YGL135W,YHR010W,0,-1.1738571,0.0917649194598198,0.9990049600601196,0.9941970705986023
YDR465C,YJL148W,0,-1.174072,0.09175653755664825,0.9990049600601196,0.9942971467971802
YNL001W,YDR440W,0,-1.180304,0.09174814820289612,0.9990049600601196,0.9943972229957581
YPR192W,YCR010C,0,-1.181819,0.09173976629972458,0.9990049600601196,0.9944972395896912
YKL212W,YOR337W,0,-1.183216,0.09173138439655304,0.9990049600601196,0.994597315788269
YCR047C,YKL042W,0,-1.1837065,0.0917230024933815,0.9990049600601196,0.9946973323822021
YML094W,YGL141W,0,-1.1909083,0.09171462804079056,0.9990049600601196,0.99479740858078
YMR051C,YKL181W,0,-1.19099,0.09170624613761902,0.9990049600601196,0.9948974251747131
YMR211W,YKL042W,0,-1.1942036,0.09169787168502808,0.9990049600601196,0.994997501373291
YOR224C,YLR048W,0,-1.1956446,0.09168949723243713,0.9990049600601196,0.9950975775718689
YMR016C,YKL143W,0,-1.1957529,0.09168112277984619,0.9990049600601196,0.995197594165802
YMR150C,YAL062W,0,-1.2012696,0.09167275577783585,0.9990049600601196,0.9952976703643799
YJR097W,YKR104W,0,-1.2031536,0.0916643813252449,0.9990049600601196,0.995397686958313
YOR143C,YLR074C,0,-1.2095885,0.09165601432323456,0.9990049600601196,0.9954977631568909
YGR274C,YLR419W,0,-1.2118384,0.09164764732122421,0.9990049600601196,0.995597779750824
YMR006C,YMR171C,0,-1.2148354,0.09163928776979446,0.9990049600601196,0.9956978559494019
YGL249W,YKL109W,0,-1.2152038,0.09163092076778412,0.9990049600601196,0.995797872543335
YCR028C,YHR129C,0,-1.2214758,0.09162256121635437,0.9990049600601196,0.9958979487419128
YLR396C,YLR221C,0,-1.2246244,0.09161420166492462,0.9990049600601196,0.9959980249404907
YDR219C,YNL227C,0,-1.2259368,0.09160584211349487,0.9990049600601196,0.9960980415344238
YBR267W,YBR291C,0,-1.2260095,0.09159748256206512,0.9990049600601196,0.9961981177330017
YCR028C,YJL148W,0,-1.2294679,0.09158912301063538,0.9990049600601196,0.9962981343269348
YNL039W,YKL108W,0,-1.2331519,0.09158077090978622,0.9990049600601196,0.9963982105255127
YGR058W,YCR072C,0,-1.2331882,0.09157241880893707,0.9990049600601196,0.9964982271194458
YDR440W,YER070W,0,-1.23815,0.09156406670808792,0.9990049600601196,0.9965983033180237
YIL090W,YNL119W,0,-1.2463639,0.09155571460723877,0.9990049600601196,0.9966983199119568
YCR047C,YKL028W,0,-1.2550371,0.09154736995697021,0.9990049600601196,0.9967983961105347
YJR097W,YDR103W,0,-1.257258,0.09153902530670166,0.9990049600601196,0.9968984723091125
YNL119W,YDR101C,0,-1.2584286,0.0915306806564331,0.9990049600601196,0.9969984889030457
YBL054W,YOR075W,0,-1.2591543,0.09152233600616455,0.9990049600601196,0.9970985651016235
YGL251C,YKL021C,0,-1.2649224,0.091513991355896,0.9990049600601196,0.9971985816955566
YPL106C,YNL339C,0,-1.2669635,0.09150565415620804,0.9990049600601196,0.9972986578941345
YLR318W,YOL123W,0,-1.2681415,0.09149730950593948,0.9990049600601196,0.9973986744880676
YDL085W,YNL007C,0,-1.2705958,0.09148897230625153,0.9990049600601196,0.9974987506866455
YJR110W,YJL148W,0,-1.2810668,0.09148063510656357,0.9990049600601196,0.9975988268852234
YDL108W,YLR448W,0,-1.2846861,0.09147230535745621,0.9990049600601196,0.9976988434791565
YCL027W,YBR040W,0,-1.2851954,0.09146396815776825,0.9990049600601196,0.9977989196777344
YPR048W,YCR028C,0,-1.2895069,0.09145563840866089,0.9990049600601196,0.9978989362716675
YIL093C,YPR042C,0,-1.3026408,0.09144730865955353,0.9990049600601196,0.9979990124702454
YDR219C,YDL056W,0,-1.305881,0.09143897891044617,0.9990049600601196,0.9980990290641785
YGL120C,YNL119W,0,-1.3063884,0.0914306566119194,0.9990049600601196,0.9981991052627563
YEL054C,YNL096C,0,-1.3125186,0.09142232686281204,0.9990049600601196,0.9982991218566895
YGR058W,YCR047C,0,-1.3198631,0.09141400456428528,0.9990049600601196,0.9983991980552673
YBL103C,YDR120C,0,-1.3339267,0.09140568226575851,0.9990049600601196,0.9984992742538452
YBR126C,YML100W,1,-1.3404491,0.09148839116096497,1.0,0.9984992742538452
YML074C,YDR420W,0,-1.3418999,0.0914800688624382,1.0,0.9985992908477783
YDR253C,YLR364W,0,-1.3611681,0.09147173911333084,1.0,0.9986993670463562
YML043C,YDL112W,0,-1.3698875,0.09146341681480408,1.0,0.9987993836402893
YMR070W,YBL039C,0,-1.3707925,0.09145509451627731,1.0,0.9988994598388672
YJL125C,YHR036W,0,-1.380888,0.09144677221775055,1.0,0.9989994764328003
YOR043W,YJL109C,0,-1.4013495,0.09143844991922379,1.0,0.9990995526313782
YKL021C,YPL202C,0,-1.4036481,0.09143012762069702,1.0,0.999199628829956
YDR101C,YAL025C,0,-1.4207654,0.09142181277275085,1.0,0.9992996454238892
YMR290C,YLR276C,0,-1.4308623,0.09141349792480469,1.0,0.999399721622467
YDR088C,YLR306W,0,-1.4481595,0.09140518307685852,1.0,0.9994997382164001
YML077W,YOR346W,0,-1.4762341,0.09139686822891235,1.0,0.999599814414978
YJL190C,YLR441C,0,-1.5292629,0.09138856083154678,1.0,0.9996998310089111
YDL114W,YDR402C,0,-1.5342643,0.09138025343418121,1.0,0.999799907207489
YPL074W,YPR031W,0,-1.5977681,0.09137194603681564,1.0,0.9998999238014221
YBR267W,YKL143W,0,-1.8462598,0.09136363863945007,1.0,1.0
